iam-	0.25339225527	0.0502189330268	0.00465269332506	0.691736118379
kud-	0.491510378733	0.342338856519	0.0587217771304	0.107428987618
agu-	0.191489361702	0.808510638298	0.0	0.0
omo-	0.230882453618	0.0574108304238	0.0362497432738	0.675456972684
siu-	0.464646464647	0.191919191919	0.0909090909091	0.252525252525
hem-	0.0416666666667	0.916666666667	0.0416666666667	0.0
muw-	0.455098934551	0.257229832572	0.0913242009132	0.196347031963
fig-	0.0	1.0	0.0	0.0
del-	0.0	0.960091220068	0.0399087799317	0.0
son-	0.0238853503185	0.928343949045	0.0	0.0477707006369
dok-	0.0565723793677	0.81697171381	0.0266222961731	0.0998336106489
maa-	0.0	1.0	0.0	0.0
dib-	0.619574960783	0.209283815506	0.0369279125583	0.134213311153
mab-	0.152924773298	0.226525182	0.583460343139	0.0370897015625
tut-	0.329411764706	0.605882352941	0.00882352941176	0.0558823529412
mah-	0.0154823342596	0.972608177848	0.00952759031361	0.0023818975784
alm-	0.0139405667379	0.930700627108	0.0032501008652	0.0521087052893
tum-	0.772727272727	0.090909090909	0.0	0.136363636364
eno-	0.0	1.0	0.0	0.0
aku-	0.237074667905	0.0684869589525	0.003358738172	0.69107963497
bis-	0.713432835821	0.146268656716	0.10447761194	0.0358208955224
lis-	0.0923568972707	0.79203700961	0.0915037157716	0.0241023773478
ana-	0.0324276428423	0.682454915226	0.0172777041032	0.267839737829
lur-	0.114718614719	0.729437229437	0.025974025974	0.12987012987
and-	0.0194620599169	0.954734310081	0.00743494423793	0.0183686857643
cia-	0.286078029291	0.0733305323734	0.0384608849978	0.602130553337
roa-	0.348837209302	0.558139534884	0.093023255814	0.0
jaj-	0.378395368815	0.102244389544	0.019386113289	0.499974128351
wah-	0.43655049151	0.107238605898	0.0455764075068	0.410634495085
nun-	0.0118427285646	0.824727617243	0.135007105637	0.0284225485552
der-	0.0809248554913	0.919075144509	0.0	0.0
cuk-	0.698020377329	0.215046681904	0.0830976639678	0.00383527679851
kat-	0.166266277342	0.701983509037	0.0407284338002	0.0910217798206
abi-	0.0	0.98052369617	0.0129842025535	0.00649210127677
ayu-	0.165898617512	0.778801843318	0.0	0.0552995391705
lia-	0.14138935746	0.621888258447	0.144916423861	0.0918059602311
ner-	0.0	1.0	0.0	0.0
dis-	0.503582046601	0.200957015027	0.031017594801	0.264443343571
tib-	0.310098417564	0.590585564545	0.0517711157092	0.0475449021819
gan-	0.156649424077	0.582809539563	0.0530284803465	0.207512556013
rro-	0.819241982507	0.166763848396	0.0069970845481	0.00699708454811
yer-	0.0209117524049	0.959374809092	0.0007048905305	0.0190085479725
sod-	0.0204778156997	0.967576791809	0.0119453924915	0.0
ari-	0.0828787242971	0.86020772136	0.0396034410407	0.0173101133025
mig-	0.457536822313	0.382116368954	0.122218740207	0.0381280685261
ked-	0.0866429608855	0.230229879301	0.032052887264	0.65107427255
tai-	0.635714802402	0.0696477226147	0.0280182287271	0.266619246257
paf-	0.0	1.0	0.0	0.0
mar-	0.157879939102	0.566126784933	0.119615498078	0.156377777887
kum-	0.19544867659	0.0350533318542	0.00678199049706	0.762716001059
mud-	0.691591076244	0.179700907085	0.0171610688894	0.111546947781
nen-	0.266903061958	0.374430974172	0.051272221956	0.307393741914
adm-	0.0	1.0	0.0	0.0
ong-	0.345782999003	0.554471905131	0.00997450958659	0.0897705862795
her-	0.0187329062231	0.934809486344	0.0322205987037	0.0142370087295
mul-	0.54510926493	0.379888536178	0.0246275876958	0.0503746111959
ate-	0.0	1.0	0.0	0.0
euo-	0.0	1.0	0.0	0.0
naw-	0.393827420497	0.101730772913	0.0428385441596	0.46160326243
har-	0.0442062960482	0.612190221032	0.34360348292	0.0
kam-	0.0680380472685	0.220904487746	0.059035314635	0.652022150351
kle-	0.0422535211268	0.93661971831	0.0211267605634	0.0
jur-	0.284615384615	0.706153846154	0.0	0.00923076923076
sin-	0.0341372132915	0.184827754537	0.0250113564711	0.7560236757
kim-	0.246940398378	0.199809926492	0.0695319924747	0.483717682655
bec-	0.243743199129	0.522306855278	0.0674646354733	0.16648531012
dor-	0.0244897959184	0.828571428571	0.0	0.14693877551
tag-	0.251155624037	0.277349768875	0.360554699538	0.11093990755
mew-	0.697841726619	0.201438848921	0.0	0.10071942446
pat-	0.291501799762	0.332913362562	0.0492858837957	0.32629895388
iar-	0.138185350207	0.107346355623	0.0376663786628	0.716801915508
lla-	0.513621752093	0.24441529941	0.164662262598	0.0773006858996
maw-	0.190009447331	0.316249409542	0.421469059991	0.0722720831365
buc-	0.0	1.0	0.0	0.0
kem-	0.487710462237	0.219047222627	0.183770734042	0.109471581094
lom-	0.0299081035923	0.645948203843	0.299081035923	0.0250626566416
gen-	0.170212765957	0.808510638298	0.0106382978723	0.0106382978723
saw-	0.0	0.952776728372	0.043445409898	0.00377786173026
jam-	0.147995388122	0.625997470294	0.0467256046453	0.179281536939
uzi-	0.0	1.0	0.0	0.0
kid-	0.197384714448	0.703600970826	0.0630046064688	0.036009708257
rek-	0.396341463415	0.0365853658537	0.0365853658537	0.530487804878
ane-	0.159453302961	0.840546697039	0.0	0.0
por-	0.144620811287	0.548500881834	0.148148148148	0.15873015873
alf-	0.0	1.0	0.0	0.0
pas-	0.149830646295	0.760495376739	0.0474818301776	0.0421921467886
sig-	0.265635074146	0.494519664732	0.183107672469	0.0567375886524
jum-	0.282352941176	0.670588235294	0.0235294117647	0.0235294117647
nge-	0.121023019084	0.513532286623	0.0367551391292	0.328689555164
zer-	0.0	1.0	0.0	0.0
nai-	0.733775586797	0.0940326992911	0.0330270018055	0.139164712106
bak-	0.0342793082352	0.928325082781	0.0342793082351	0.00311630074866
miu-	0.50722804833	0.332840438158	0.0922232815145	0.067708231998
umm-	0.110119156405	0.742386002952	0.0768493049808	0.0706455356625
rat-	0.675219156622	0.0542285603702	0.0166996394758	0.253852643532
dih-	0.471543605841	0.210454483417	0.28524634912	0.0327555616214
zam-	0.0194805194805	0.688311688312	0.292207792208	0.0
sap-	0.108996677674	0.798760378844	0.0490923373973	0.0431506060852
asi-	0.00295712173484	0.99408575653	0.0	0.00295712173485
dia-	0.54854658524	0.239155653757	0.0966882919637	0.115609469039
nan-	0.195238775556	0.1368313144	0.0280720750527	0.639857834991
lin-	0.0566786596892	0.862436275881	0.0242165969109	0.0566684675188
mpe-	0.531162901436	0.269762122018	0.076794477927	0.122280498619
pok-	0.197674418605	0.732558139535	0.0697674418605	0.0
ssi-	0.58128466464	0.201262572535	0.0421513280036	0.175301434821
mue-	0.344488188976	0.490649606299	0.0590551181102	0.105807086614
bu'-	0.0	1.0	0.0	0.0
bir-	0.104865260334	0.425070113401	0.470064626265	0.0
tol-	0.157365839453	0.617311099734	0.0933603102314	0.131962750581
mel-	0.232886003584	0.186279911654	0.289219587827	0.291614496935
kri-	0.125437976675	0.784052914138	0.072152332112	0.0183567770744
mir-	0.298272127948	0.59623485732	0.0635457076897	0.0419473070424
isa-	0.0235693196857	0.680567633457	0.00278336698547	0.293079679872
tee-	0.202985933488	0.0230429450478	0.00238517099245	0.771585950471
pek-	0.0763745451796	0.771652815475	0.0367402502458	0.115232389099
mus-	0.222929369645	0.701889912879	0.0214641510282	0.0537165664476
eut-	0.0	1.0	0.0	0.0
pud-	0.0	1.0	0.0	0.0
dio-	0.369505202803	0.479011821335	0.102640334112	0.0488426417499
yah-	0.0413047289577	0.894411460104	0.0138919439514	0.050391866987
bab-	0.042114582016	0.864044517516	0.006702921462	0.0871379790059
ita-	0.00503355704698	0.989932885906	0.00503355704697	0.0
war-	0.034965034965	0.88011988012	0.024975024975	0.0599400599401
hur-	0.166337602432	0.527894746038	0.269075533346	0.0366921181835
cac-	0.101943744536	0.225716048748	0.572067671106	0.10027253561
sor-	0.564808110065	0.341057204924	0.0	0.0941346850109
moi-	0.11301500975	0.0545592786733	0.0316474944988	0.800778217078
ura-	0.186435786436	0.728715728716	0.0432900432901	0.0415584415584
bo'-	0.419145976027	0.276888912671	0.183165667808	0.120799443493
rio-	0.455205811138	0.0	0.154963680387	0.389830508475
biu-	0.157894736842	0.368421052632	0.473684210526	0.0
tow-	0.840386384545	0.159613615455	0.0	0.0
ede-	0.0450225112556	0.954977488744	0.0	0.0
mek-	0.649157077181	0.10740185017	0.0408821078454	0.202558964804
tua-	0.0756062767475	0.380884450785	0.509272467903	0.0342368045649
oni-	0.344951491197	0.609876289718	0.033879164314	0.0112930547713
mip-	0.503919394739	0.254687745808	0.079061969228	0.162330890224
mi'-	0.614394316667	0.198286490642	0.0462544380892	0.141064754602
tau-	0.0832497238069	0.506047188624	0.0137338254843	0.396969262085
hiz-	0.0	1.0	0.0	0.0
mal-	0.412976293526	0.290171461697	0.0919831410846	0.204869103693
apf-	0.0	0.809523809524	0.0952380952381	0.0952380952381
umb-	0.173500817574	0.126882375942	0.0162172970283	0.683399509455
sab-	0.406169988178	0.341864681024	0.147991813607	0.10397351719
ku--	0.134228187919	0.476510067114	0.0	0.389261744966
nin-	0.104788732394	0.849577464789	0.0253521126761	0.0202816901408
nau-	0.691036128153	0.16342876619	0.0310156782549	0.114519427403
roh-	0.0112562852354	0.952298872467	0.0319689928386	0.00447584945909
paj-	0.401256565345	0.223892720011	0.122028739839	0.252821974804
ncu-	0.533872737246	0.250822819528	0.0458036204059	0.16950082282
ian-	0.178120241561	0.0606517494223	0.0241918352556	0.737036173761
sir-	0.428933536497	0.270033489124	0.0474959035808	0.253537070799
ca'-	0.413930916357	0.47616328861	0.101912646303	0.00799314872966
lim-	0.0526289981065	0.554381275941	0.0169325773031	0.376057148649
ta'-	0.309772662323	0.105628194803	0.0284369211963	0.556162221678
gos-	0.019341348667	0.967590172504	0.00209095661265	0.0109775222164
sak-	0.218302658487	0.669734151329	0.0964979550103	0.0154652351738
apa-	0.059202069318	0.0977619886779	0.00346793699884	0.839568005005
ALL	0.230252369248	0.297070098075	0.0547987169353	0.417878815741
san-	0.136523059654	0.195669960323	0.0367557881709	0.631051191852
puk-	0.0196270853778	0.865881583252	0.0850507033039	0.0294406280667
rah-	0.0154756933356	0.963890048884	0.0103171288904	0.0103171288904
cil-	0.156576200418	0.669450243563	0.0960334029227	0.0779401530967
per-	0.0121654501216	0.965531224655	0.0202757502027	0.00202757502027
ger-	0.169620253165	0.764556962025	0.0101265822785	0.0556962025316
ato-	0.0769809700817	0.76766601546	0.0342552727833	0.121097741675
muh-	0.315789473684	0.0225563909774	0.631578947368	0.0300751879699
bar-	0.143934415808	0.566691332824	0.206088712471	0.0832855388971
kui-	0.622920886573	0.0418896131719	0.00821900297244	0.326970497283
raj-	0.0561231890364	0.564745029097	0.00815187435089	0.370979907515
kot-	0.141838114575	0.437259408197	0.0119054041784	0.408997073049
mii-	0.744392677935	0.0581811424982	0.0199792264264	0.17744695314
tun-	0.144707207207	0.316441441441	0.312781531532	0.22606981982
far-	0.163636363636	0.781818181818	0.0545454545455	0.0
si'-	0.0338983050847	0.116384180791	0.849717514124	0.0
baw-	0.581119738455	0.290491758616	0.0364391772238	0.0919493257049
lum-	0.601054915589	0.264875544658	0.0308712756011	0.103198264152
tac-	0.738068812431	0.0510543840178	0.0399556048835	0.170921198668
mes-	0.124370044249	0.148374876684	0.0459744036493	0.681280675417
sag-	0.195777351248	0.487523992323	0.280230326296	0.0364683301344
kla-	0.0333951762523	0.966604823748	0.0	0.0
adi-	0.0919019487709	0.617721618599	0.210109776456	0.0802666561743
ami-	0.00141309467734	0.150259067358	0.00141309467734	0.846914743288
kur-	0.613465035687	0.194979008491	0.0185481242635	0.173007831559
dij-	0.844766401012	0.0921834112015	0.0127338387675	0.0503163490188
kei-	0.132231404959	0.768595041322	0.0991735537191	0.0
iss-	0.384862948358	0.322839072814	0.0427983943689	0.249499584459
tek-	0.0541738488057	0.938438808175	0.00590987441517	0.00147746860379
gaj-	0.228081579103	0.183724669044	0.224527250114	0.363666501738
e't-	0.417794970986	0.535783365571	0.0406189555126	0.00580270793037
cau-	0.370078740157	0.629921259843	0.0	0.0
haw-	0.0291262135922	0.970873786408	0.0	0.0
pu'-	0.0667236954662	0.717707442258	0.19503849444	0.0205303678357
jai-	0.0452674897119	0.312757201646	0.641975308642	0.0
tal-	0.138199287838	0.303581921038	0.0728061819787	0.485412609146
gid-	0.0	1.0	0.0	0.0
lle-	0.477790800584	0.20049274045	0.129164972373	0.192551486593
pa'-	0.192454191448	0.746243282491	0.0339533636103	0.0273491624504
bin-	0.0272693772264	0.945461245547	0.0132661835155	0.0140031937109
kos-	0.0	1.0	0.0	0.0
rod-	0.020202020202	0.979797979798	0.0	0.0
kab-	0.247558897243	0.487639097744	0.126857142857	0.137944862155
sud-	0.198649951784	0.617164898746	0.0983606557377	0.0858244937319
mua-	0.051439260106	0.803532298072	0.0260020150997	0.119026426722
pon-	0.207820796008	0.401124264028	0.307227173701	0.0838277662632
suj-	0.684785504929	0.179589661604	0.0111910471623	0.124433786304
rap-	0.0821967851924	0.770863776587	0.066467770742	0.0804716674785
akh-	0.0	0.996803409696	0.0	0.00319659030368
sik-	0.381002290548	0.333228000499	0.105683377913	0.18008633104
nga-	0.150722543986	0.154216388425	0.0372651192415	0.657795948348
ben-	0.552065363987	0.340353793558	0.0340306746542	0.073550167801
kij-	0.437208527648	0.402065289807	0.0233177881412	0.137408394404
seg-	0.456646982572	0.443972346248	0.0907388736857	0.00864179749387
kia-	0.15142461964	0.544508990318	0.175048409405	0.129017980636
mpa-	0.490873632584	0.240367197254	0.0587393998527	0.210019770309
nni-	0.566349152191	0.195324093669	0.0592937228446	0.179033031295
ade-	0.24633431085	0.434017595308	0.114369501466	0.205278592375
bun-	0.100645115031	0.585228451033	0.191025922982	0.123100510954
ili-	0.0	0.958620689655	0.0	0.0413793103448
lam-	0.204755453979	0.597592354041	0.154980261791	0.0426719301891
nar-	0.441780680415	0.342036097945	0.0562089936937	0.159974227946
yud-	0.0191802800467	0.925904317386	0.00364644107351	0.0512689614936
kaj-	0.120082418899	0.720036896833	0.050733144856	0.109147539412
sse-	0.516462111613	0.296091075852	0.0460674369788	0.141379375556
ses-	0.228064237048	0.440002531598	0.15589673113	0.176036500224
sat-	0.568794326241	0.22695035461	0.068085106383	0.136170212766
pur-	0.500440793272	0.0974133626676	0.0771388225749	0.325007021486
gur-	0.044246232982	0.734468667404	0.0203783288307	0.200906770783
peg-	0.0818181818182	0.481818181818	0.0545454545455	0.381818181818
saf-	0.0	1.0	0.0	0.0
ntu-	0.430563029829	0.174865387796	0.0371723905578	0.357399191817
dik-	0.167926782382	0.168529959758	0.0732031744874	0.590340083372
nad-	0.382452117162	0.243274585563	0.0598326173001	0.314440679975
nya-	0.00956175298807	0.966533864542	0.0179282868526	0.00597609561753
kis-	0.493383613301	0.195954748029	0.0448405896469	0.265821049023
sun-	0.348599080912	0.435806877757	0.0433273005395	0.172266740791
ele-	0.0	1.0	0.0	0.0
fle-	0.0	1.0	0.0	0.0
ban-	0.187479911992	0.281833320312	0.0460892663916	0.484597501304
hal-	0.422814982974	0.200340522134	0.213393870602	0.163450624291
ise-	0.0481749119881	0.418195293682	0.0222345747637	0.511395219567
kac-	0.0114068441065	0.889733840304	0.0988593155894	0.0
ter-	0.049807024731	0.936609241251	0.0135837340176	0.0
mil-	0.490518883336	0.296874826112	0.0900216707556	0.122584619796
zai-	0.00441663599558	0.932646301067	0.0596245859405	0.00331247699669
did-	0.542042492104	0.351865111095	0.0235345809804	0.0825578158201
nam-	0.413700418735	0.176819384039	0.0706777628819	0.338802434344
ebe-	0.0	1.0	0.0	0.0
ale-	0.0	0.862540192926	0.118167202572	0.0192926045016
ker-	0.243186582809	0.575821104123	0.0377358490566	0.143256464011
sid-	0.0776640577965	0.757977122216	0.00541842263695	0.158940397351
bon-	0.0457363775622	0.780436209789	0.034065212634	0.139762200015
oli-	0.0	1.0	0.0	0.0
mea-	0.67032967033	0.155416012559	0.0094191522763	0.164835164835
mod-	0.825287356322	0.174712643678	0.0	0.0
tok-	0.175898840331	0.339873892322	0.417233228663	0.0669940386844
ula-	0.107705583432	0.817827351465	0.0284445012624	0.0460225638404
kue-	0.562266945231	0.179091846719	0.0991722423505	0.1594689657
bic-	0.172552521752	0.285253236189	0.419112965976	0.123081276084
eli-	0.0115806931259	0.88333523962	0.00772046208396	0.0973636051699
yul-	0.0191082802548	0.954140127389	0.0267515923567	0.0
mut-	0.360580962601	0.486862156162	0.0714316848753	0.0811251963622
col-	0.0402684563758	0.959731543624	0.0	0.0
peu-	0.0102599179207	0.83755129959	0.131668946648	0.0205198358413
tuk-	0.172106824926	0.379821958457	0.163204747774	0.284866468843
ene-	0.0324324324324	0.967567567568	0.0	0.0
pan-	0.200982997713	0.612593654477	0.0717955719209	0.11462777589
nci-	0.763157894737	0.212550607288	0.0	0.0242914979757
nim-	0.0	1.0	0.0	0.0
tor-	0.469218079377	0.262227415374	0.030918285019	0.23763622023
all-	0.100345747107	0.735474131139	0.0161025981108	0.148077523644
tul-	0.161309531515	0.170293466582	0.0330101360535	0.635386865849
yoe-	0.04	0.96	0.0	0.0
joo-	0.0669429454513	0.00565559387344	0.000759762777057	0.926641697898
yam-	0.110701107011	0.771217712177	0.040590405904	0.0774907749078
pug-	0.514744220172	0.230178429261	0.0418364320392	0.213240918528
baa-	0.0	1.0	0.0	0.0
koj-	0.0339302544769	0.666352497644	0.288407163054	0.0113100848256
mai-	0.0376936513847	0.0132599467733	0.00206743564731	0.946978966195
pen-	0.133986052907	0.360998466491	0.0550729100568	0.449942570545
rab-	0.376272849957	0.477732793522	0.0382775119617	0.107716844559
ape-	0.0625	0.9375	0.0	0.0
umu-	0.126488095238	0.126488095238	0.638268849206	0.108754960317
ipo-	0.0	0.717171717172	0.262626262626	0.020202020202
kni-	0.0494233937397	0.818780889621	0.0	0.131795716639
aja-	0.662090007628	0.196033562166	0.0823798627003	0.0594965675057
pae-	0.115427302997	0.73640399556	0.0133185349611	0.134850166482
und-	0.531954968142	0.153553900465	0.067698467367	0.246792664026
lab-	0.363636363636	0.0909090909091	0.0	0.545454545455
dic-	0.548356477038	0.332192146072	0.0668181139481	0.0526332629424
nte-	0.126602924001	0.118210264794	0.022615583622	0.732571227582
yor-	0.0010060362173	0.998993963783	0.0	0.0
ndu-	0.294416243655	0.548223350254	0.0964467005076	0.0609137055838
nal-	0.486673557881	0.278328348273	0.114455877332	0.120542216513
kau-	0.0509426015969	0.840883658106	0.0498474347727	0.0583263055248
car-	0.222735457606	0.31593987317	0.116848038832	0.344476630392
bas-	0.0765166912931	0.866035125407	0.031602144055	0.025846039245
mim-	0.427968242394	0.295115462406	0.193392154139	0.08352414106
de'-	0.171762349138	0.0427422473893	0.017205985898	0.768289417575
dir-	0.572897722396	0.272097282527	0.0693174152903	0.0856875797869
sit-	0.291761139673	0.158818460997	0.0415982481606	0.507822151169
yes-	0.0115751317433	0.981967163179	0.0	0.00645770507782
mid-	0.525424770822	0.325546817008	0.0779410626215	0.0710873495485
le'-	0.50447761194	0.29552238806	0.155223880597	0.044776119403
men-	0.446444567097	0.275657324216	0.0356483217345	0.242249786953
ang-	0.305834313686	0.48992115147	0.0496068370699	0.154637697774
pun-	0.352419677376	0.227636315158	0.12531662445	0.294627383016
yar-	0.0	1.0	0.0	0.0
tur-	0.450416640948	0.403592370841	0.0567372384421	0.0892537497686
reg-	0.0888888888889	0.911111111111	0.0	0.0
kes-	0.381443298969	0.405498281787	0.0893470790378	0.123711340206
mbi-	0.560699102504	0.337269721304	0.049598488427	0.0524326877657
amm-	0.432989160439	0.316040198716	0.0974000987509	0.153570542094
kec-	0.0	0.697916666667	0.302083333333	0.0
kun-	0.191926279353	0.0454906913649	0.00175413976985	0.760828889513
pul-	0.150189163067	0.295562628616	0.0321682422073	0.522079966109
cum-	0.727355384923	0.117970234381	0.0339203409699	0.120754039726
kan-	0.208798824812	0.604366398851	0.134204092406	0.0526306839317
zab-	0.0737704918033	0.926229508197	0.0	0.0
agi-	0.0812522404111	0.0556816823993	0.00716931533038	0.855896761859
mij-	0.547201950274	0.343095122752	0.0670406775952	0.0426622493788
bus-	0.166633702532	0.782832278481	0.0297666139241	0.0207674050633
pir-	0.145808655987	0.150956655148	0.101641634082	0.601593054783
bia-	0.26093076733	0.319478919298	0.16786119797	0.251729115402
sio-	0.122615509322	0.485868684139	0.0994325857877	0.292083220751
mum-	0.471523090378	0.188500534985	0.185902956552	0.154073418085
daw-	0.0634920634921	0.920634920635	0.015873015873	0.0
hha-	0.46223674655	0.30174291939	0.0944081336238	0.141612200436
bot-	0.159090909091	0.689593301435	0.0251196172249	0.126196172249
tod-	0.181508554497	0.240544701282	0.0690847212716	0.508862022949
met-	0.537008418203	0.20521410265	0.112522677315	0.145254801831
tao-	0.214285714286	0.15306122449	0.0	0.632653061225
udu-	0.775862068966	0.0804597701149	0.0	0.14367816092
kuw-	0.186514886165	0.228546409807	0.102451838879	0.482486865149
dap-	0.078191905276	0.80104504102	0.0999118789638	0.0208511747403
lol-	0.31257881229	0.50361238447	0.111116056196	0.0726927470441
ken-	0.250851478637	0.187936015785	0.0194959246471	0.541716580932
nne-	0.219418444458	0.178825319428	0.0471873253907	0.554568910724
azu-	0.0	1.0	0.0	0.0
ssa-	0.649699978598	0.158132971805	0.0397776957154	0.152389353882
tit-	0.391181988743	0.412757973734	0.131187761582	0.0648722759417
bub-	0.106861198738	0.616324921136	0.0725552050473	0.204258675079
ref-	0.0	0.957142857143	0.0428571428572	0.0
jal-	0.189060470486	0.685091643816	0.102756530524	0.0230913551739
mat-	0.281317628887	0.317517160645	0.0966324817396	0.304532728728
kie-	0.31983805668	0.443319838057	0.0425101214575	0.194331983806
sih-	0.378986866792	0.354596622889	0.243902439024	0.0225140712945
aka-	0.0	1.0	0.0	0.0
kiw-	0.406837606838	0.220512820513	0.205128205128	0.167521367521
bem-	0.0336282718242	0.913068788963	0.00579768433223	0.0475052548808
cul-	0.151187904968	0.576673866091	0.0907127429806	0.181425485961
mem-	0.314378820862	0.287121996556	0.128025030534	0.270474152049
sug-	0.0831300667193	0.240530167157	0.569804146639	0.106535619485
too-	0.175337059748	0.0507253714782	0.0359997264557	0.737937842318
ala-	0.782938926655	0.177895206303	0.0255429567662	0.0136229102753
but-	0.179972648193	0.202593937763	0.211584162855	0.405849251188
nti-	0.787050452365	0.154512379664	0.0178692166522	0.0405679513184
dig-	0.547882021491	0.278665636142	0.138796778778	0.0346555635892
nah-	0.239975323874	0.532695866749	0.15700185071	0.0703269586675
mba-	0.615189913431	0.167980220838	0.0413550876941	0.175474778038
baj-	0.14447635737	0.653815731728	0.0227251604483	0.178982750454
zeu-	0.020202020202	0.979797979798	0.0	0.0
sso-	0.416162144195	0.284299951986	0.0372390143842	0.262298889435
saj-	0.364131529291	0.33286851203	0.0797368312315	0.223263127448
feb-	0.047619047619	0.952380952381	0.0	0.0
pec-	0.181701030928	0.713917525773	0.0502577319588	0.0541237113402
anu-	0.378325483365	0.142643611416	0.0698969826011	0.409133922619
wai-	0.101292152156	0.849694345852	0.01222616593	0.0367873360624
gay-	0.024	0.976	0.0	0.0
sob-	0.0365012330359	0.948357514742	0.00865214412703	0.00648910809527
kin-	0.446582920364	0.143137028927	0.0119857093465	0.398294341362
poj-	0.22271714922	0.683741648107	0.0534521158129	0.0400890868597
reu-	0.011104941699	0.927262631871	0.0549694614103	0.00666296501944
dan-	0.342629200485	0.0982480577923	0.0339925165423	0.52513022518
mub-	0.528923891832	0.319835517145	0.109422916086	0.0418176749373
ser-	0.0802873044524	0.888124247894	0.0131618531889	0.0184265944645
kag-	0.100676087841	0.4301799512	0.418284871899	0.0508590890606
mis-	0.539978051682	0.265353044518	0.0535798250605	0.141089078739
ted-	0.0349344978165	0.965065502183	0.0	0.0
elm-	0.0	1.0	0.0	0.0
ran-	0.166389794953	0.519819568565	0.0384871891256	0.275303447356
din-	0.246713431114	0.273210716544	0.0564178944893	0.423657957853
uji-	0.770833333333	0.145833333333	0.0416666666667	0.0416666666667
yai-	0.0955492037566	0.79011841568	0.0244997958351	0.0898325847285
nac-	0.592571887187	0.231547441057	0.0897121278087	0.086168543947
rin-	0.270770984751	0.402878723101	0.253669659399	0.072680632749
agr-	0.0297951582868	0.966480446927	0.00372439478585	0.0
was-	0.285714285714	0.714285714286	0.0	0.0
tuo-	0.4357246532	0.276630574496	0.128726114979	0.158918657325
sos-	0.0924080449357	0.834209095851	0.0625113245153	0.0108715346983
mup-	0.454173644877	0.279894497903	0.0703779366962	0.195553920525
sus-	0.0773746985998	0.0735381269825	0.0674629813606	0.781624193057
cad-	0.0733201198158	0.898514224401	0.00536488681578	0.0228007689671
kua-	0.20538124784	0.580316264177	0.0347203510671	0.179582136915
get-	0.0	1.0	0.0	0.0
tat-	0.345728241796	0.401174668029	0.0840143003064	0.169082789869
bit-	0.00877706260972	0.93173395748	0.0594889799103	0.0
uri-	0.0	1.0	0.0	0.0
meb-	0.619799852406	0.187410648395	0.00494039109371	0.187849108105
ron-	0.319676277188	0.602933737987	0.0187152250885	0.0586747597369
nom-	0.152517985612	0.75587529976	0.0172661870503	0.0743405275779
kip-	0.361674826616	0.210196765781	0.0710793820393	0.357049025563
pot-	0.390243902439	0.0731707317073	0.536585365854	0.0
mam-	0.297705949694	0.305302292497	0.108508284013	0.288483473797
esa-	0.0464601769911	0.922566371682	0.0	0.0309734513274
ikk-	0.0379746835443	0.914556962025	0.0	0.0474683544304
sia-	0.373716159843	0.351822549556	0.0645875888259	0.209873701775
sis-	0.434686796699	0.372090418438	0.092900829374	0.100321955489
wat-	0.187332589819	0.456206150188	0.0130152691339	0.343445990859
mag-	0.102343857084	0.549412893498	0.25585964271	0.0923836067072
pai-	0.0718025430067	0.367240089753	0.530291697831	0.0306656694091
mos-	0.124700239808	0.68824940048	0.187050359712	0.0
doi-	0.179017799561	0.733403198762	0.0179446665807	0.0696343350961
kuj-	0.54775195372	0.186305355391	0.0769647146385	0.188977976251
kea-	0.26295758258	0.256330515173	0.203530325339	0.277181576908
fri-	0.0	0.972027972028	0.027972027972	0.0
aje-	0.07696907985	0.84984186285	0.0256780842175	0.0475109730827
mac-	0.128246598698	0.441527712068	0.299267686859	0.130958002375
map-	0.445509053605	0.374883934326	0.0777262501518	0.101880761918
bet-	0.0227569483305	0.960455138967	0.0	0.0167879127029
til-	0.195349723652	0.722063401309	0.0254113461661	0.0571755288735
sal-	0.21737621874	0.38245690934	0.107691645365	0.292475226555
puj-	0.418803418803	0.25641025641	0.273504273504	0.0512820512821
isk-	0.0342465753425	0.965753424658	0.0	0.0
gab-	0.0	1.0	0.0	0.0
sek-	0.0788643533123	0.840694006309	0.0567823343848	0.0236593059937
den-	0.175255164054	0.134703697125	0.0319412187032	0.658099920118
mbe-	0.564714880598	0.0856941987222	0.0407920455511	0.308798875128
ind-	0.157530632139	0.323425302537	0.0141274796854	0.504916585639
yan-	0.0	0.937947494033	0.0262529832935	0.035799522673
liu-	0.612641172974	0.194174757282	0.0178323756687	0.175351694076
rug-	0.349206349206	0.619047619048	0.031746031746	0.0
min-	0.0823633428162	0.461455147335	0.0477468654007	0.408434644449
diu-	0.561270973401	0.307724485651	0.0427196557504	0.0882848851972
pik-	0.310542924975	0.550379568747	0.0723965101169	0.0666809961602
ren-	0.105078809107	0.879159369527	0.015761821366	0.0
ro'-	0.526730551002	0.331421006178	0.0794351279788	0.0624133148405
nna-	0.598493045961	0.202860549216	0.0732374631986	0.125408941625
kut-	0.4663209468	0.194929619847	0.0907683476764	0.247981085677
mui-	0.574943806932	0.174528062733	0.029000692907	0.221527437427
ma'-	0.49157668456	0.311446054059	0.0606528224193	0.136324438961
naz-	0.0256557334307	0.915419512958	0.040152265735	0.0187724878761
dru-	0.0	0.984848484848	0.0151515151515	0.0
buk-	0.354334215551	0.448126609365	0.109385638448	0.0881535366359
yon-	0.0	0.977409638554	0.0225903614458	0.0
kre-	0.0207612456747	0.979238754325	0.0	0.0
kar-	0.190385449877	0.45779241373	0.200523985745	0.151298150648
ark-	0.0767590618336	0.923240938166	0.0	0.0
kay-	0.0	1.0	0.0	0.0
kus-	0.437584138354	0.171812577263	0.071936149551	0.318667134832
laj-	0.494704992436	0.298033282905	0.136157337368	0.071104387292
mia-	0.5872804198	0.221369731944	0.0655713196489	0.125778528607
bea-	0.138888888889	0.734126984127	0.126984126984	0.0
ati-	0.187544738726	0.515509424958	0.174779288952	0.122166547363
ung-	0.0128410914928	0.0	0.987158908507	0.0
lae-	0.0583385162909	0.225861124931	0.257375472286	0.458424886492
lop-	0.0236658932715	0.952977571539	0.0137664346481	0.00959010054138
tak-	0.441839094161	0.226836302133	0.0694289263906	0.261895677315
mer-	0.31382015691	0.402534701267	0.0929390464695	0.190706095353
lob-	0.661951909477	0.293493635078	0.0445544554455	0.0
luk-	0.00810810810811	0.983783783784	0.0	0.00810810810811
lel-	0.0771704180064	0.56270096463	0.0	0.360128617363
jok-	0.668296658517	0.290138549307	0.0122249388753	0.0293398533007
toc-	0.615092477963	0.151804413996	0.0790041980434	0.154098909998
kak-	0.289877391459	0.464905526269	0.154711840313	0.0905052419594
are-	0.0	0.996705107084	0.00329489291599	0.0
one-	0.167342799189	0.479716024341	0.133874239351	0.21906693712
kik-	0.294136803574	0.156773092605	0.0687795537145	0.480310550106
sto-	0.0816326530612	0.380952380952	0.537414965986	0.0
rep-	0.0889497092028	0.730413958262	0.0143687991789	0.166267533356
kap-	0.12377059071	0.756728593825	0.0688621465695	0.0506386688962
sil-	0.0955885286672	0.682086793072	0.0544396221145	0.167885056146
ake-	0.667086481948	0.165407220823	0.0645116148895	0.10299468234
lal-	0.205402856882	0.387665034395	0.0221980051997	0.384734103524
bua-	0.188218090687	0.451031159484	0.254454131262	0.106296618567
lib-	0.0	0.951612903226	0.0483870967742	0.0
kib-	0.556915090842	0.231738969225	0.0800889877642	0.131256952169
mep-	0.203393295176	0.465453802126	0.22690106296	0.104251839738
llo-	0.62768820934	0.217193440076	0.0474512306796	0.107667119905
ule-	0.0454545454545	0.798701298701	0.116883116883	0.0389610389611
gau-	0.565121412803	0.293598233996	0.0772626931568	0.0640176600442
him-	0.0	1.0	0.0	0.0
tik-	0.0665983606557	0.862704918033	0.0122950819672	0.0584016393442
run-	0.26213592233	0.300970873786	0.320388349515	0.116504854369
sau-	0.0675739266286	0.851864400399	0.00677621548365	0.0737854574887
pri-	0.00213903743316	0.997860962567	0.0	0.0
roj-	0.129032258065	0.112903225806	0.693548387097	0.0645161290323
tro-	0.00467289719626	0.995327102804	0.0	0.0
ngg-	0.477097205812	0.318189998513	0.0258800791856	0.178832716489
bom-	0.0858488919909	0.859710347234	0.040830570581	0.0136101901937
kit-	0.447595218073	0.0806906939151	0.0129840771526	0.458730010859
pop-	0.209109870147	0.779586893628	0.0113032362242	0.0
gol-	0.0	1.0	0.0	0.0
ela-	0.0	1.0	0.0	0.0
re'-	0.309754087696	0.232684217374	0.0	0.45756169493
sow-	0.448061137843	0.551938862157	0.0	0.0
dup-	0.00474683544304	0.699367088608	0.295886075949	0.0
nag-	0.404072936296	0.44188844734	0.0599367861087	0.0941018302551
pak-	0.230071024448	0.496006613536	0.0781710820229	0.195751279993
bai-	0.0213004760521	0.621319240293	0.0126945380607	0.344685745594
miw-	0.381542699724	0.1108815427	0.0268595041322	0.480716253444
leg-	0.0387096774193	0.883870967742	0.0	0.0774193548387
arp-	0.0	1.0	0.0	0.0
itu-	0.064	0.928	0.008	0.0
kad-	0.205755143989	0.50440946358	0.0517055264268	0.238129866005
cap-	0.0818121089417	0.172652101812	0.37389262534	0.371643163907
fen-	0.0	0.979459089353	0.0102704553235	0.0102704553235
rui-	0.408163265306	0.551020408163	0.0	0.0408163265306
yek-	0.0	1.0	0.0	0.0
ras-	0.0783108972447	0.800931909619	0.0261610758718	0.0945961172642
upa-	0.501531704937	0.22738363109	0.0113861251932	0.259698538781
tir-	0.200142959257	0.759351918037	0.0309745055993	0.00953061710747
man-	0.363850659288	0.234636134598	0.0808190085357	0.320694197579
toj-	0.065607768683	0.587644922613	0.0175735094687	0.329173799235
lek-	0.390134724823	0.272725950437	0.194341921056	0.142797403684
ric-	0.271293375394	0.608832807571	0.018927444795	0.10094637224
iko-	0.103065141616	0.112495340488	0.010633497479	0.773806020417
sie-	0.298507462686	0.488272921109	0.119402985075	0.0938166311301
juk-	0.106306858837	0.855054686701	0.0272581689325	0.0113802855293
ain-	0.0	1.0	0.0	0.0
mug-	0.55223880597	0.358208955224	0.0895522388059	0.0
tap-	0.382564650615	0.259382013741	0.0903369907753	0.267716344868
uru-	0.198766278273	0.573452136166	0.124971441627	0.102810143934
muu-	0.676917494444	0.260579670704	0.0165101827913	0.0459926520615
hez-	0.0	1.0	0.0	0.0
ibr-	0.0372150721042	0.930140127804	0.0287274240804	0.00391737601097
sol-	0.0178999670963	0.0225257011688	0.00805455446849	0.951519777266
aby-	0.0	1.0	0.0	0.0
iso-	0.262100082034	0.705906480722	0.00984413453647	0.0221493027071
ulu-	0.0762332548806	0.84230049194	0.0167633335339	0.0647029196456
bos-	0.416099071207	0.466873065015	0.104024767802	0.0130030959752
pam-	0.288552566381	0.42612371836	0.190447949796	0.0948757654632
laz-	0.000496770988576	0.905116741182	0.0109289617486	0.0834575260805
tuj-	0.204347826087	0.286956521739	0.482608695652	0.0260869565217
end-	0.598619768477	0.127560106857	0.0280498664292	0.245770258237
ket-	0.142356776083	0.822374653265	0.00512997391292	0.0301385967384
akw-	0.0	0.994152046784	0.0	0.00584795321637
nil-	0.0	1.0	0.0	0.0
nca-	0.430903889694	0.315676792167	0.16589101712	0.0875283010196
taw-	0.268079424992	0.514903897634	0.0229548131492	0.194061864225
opa-	0.296280990787	0.104510150996	0.110592713506	0.488616144711
tou-	0.160305343511	0.618320610687	0.0	0.221374045802
ram-	0.160551634038	0.737807710826	0.0702043850288	0.031436270107
asy-	0.0	1.0	0.0	0.0
pit-	0.00709058290856	0.0191929834553	0.00380157758351	0.969914856053
lap-	0.278350515464	0.659793814433	0.0618556701031	0.0
ara-	0.161166805904	0.587696092082	0.0475726352919	0.203564466722
las-	0.0	1.0	0.0	0.0
pem-	0.317809456365	0.351135479671	0.117984653807	0.213070410157
eti-	0.0	0.949494949495	0.050505050505	0.0
pej-	0.0325203252032	0.918699186992	0.0487804878049	0.0
sip-	0.318953836857	0.317446869297	0.133736322485	0.229862971361
mpo-	0.0714285714285	0.892857142857	0.0	0.0357142857143
pad-	0.115089561436	0.282239963675	0.0728697463709	0.529800728518
rru-	0.472994760177	0.430270052398	0.0241837968561	0.0725513905683
mib-	0.605242544399	0.187161064017	0.0343379421849	0.1732584494
yus-	0.054973661644	0.932010290334	0.00413450937156	0.00888153865
yos-	0.00756200846945	0.978826376286	0.0	0.013611615245
gah-	0.0	0.918918918919	0.0162162162162	0.0648648648649
sea-	0.0	1.0	0.0	0.0
jio-	0.0977234383417	0.0223495530215	0.00325218694511	0.876674821692
mpu-	0.509788474444	0.241503851425	0.0620170440618	0.186690630069
ema-	0.043795620438	0.912408759124	0.043795620438	0.0
adr-	0.0668953687822	0.902229845626	0.0308747855918	0.0
ce'-	0.0929340610709	0.865761911786	0.0413040271426	0.0
pis-	0.262428868629	0.182482561341	0.0374472251117	0.517641344918
rup-	0.247812971962	0.527454065223	0.0848727080535	0.139860254762
mie-	0.525966068462	0.329702350154	0.0773399417227	0.0669916396613
ten-	0.143500991527	0.688840814855	0.0717504957635	0.0959076978547
yod-	0.0	1.0	0.0	0.0
pet-	0.0743647904459	0.818316418319	0.00850448715897	0.0988143040763
his-	0.0217391304348	0.902173913043	0.0760869565217	0.0
rad-	0.673387096774	0.193548387097	0.0766129032258	0.0564516129032
apo-	0.0277822300582	0.962600844152	0.0	0.00961692578943
fan-	0.0	1.0	0.0	0.0
yas-	0.0262008733624	0.973799126638	0.0	0.0
pum-	0.547619454947	0.276964887541	0.110894955899	0.0645207016137
kuo-	0.294117647059	0.617647058823	0.0	0.0882352941177
amb-	0.0353225108478	0.784719585267	0.00526673897257	0.174691164913
lot-	0.0515431786129	0.730557352013	0.158992979531	0.0589064898433
kef-	0.167701863354	0.757763975155	0.0	0.0745341614907
ish-	0.00212811236434	0.993828474143	0.0031921685465	0.000851244945733
awa-	0.0946372239747	0.654968454259	0.165615141956	0.0847791798107
ima-	0.0168876928965	0.759535825189	0.205173631525	0.01840285039
yot-	0.0	1.0	0.0	0.0
tuu-	0.0853925651148	0.0204960920303	0.00341000122688	0.890701341628
sa'-	0.335181691125	0.353658280922	0.10034940601	0.210810621943
nuh-	0.0	1.0	0.0	0.0
sua-	0.65952972663	0.221468170522	0.0262856050468	0.0927164978016
cun-	0.307505211953	0.295517720639	0.396977067408	0.0
rub-	0.0460829493088	0.953917050691	0.0	0.0
bau-	0.14708334723	0.725677884134	0.127238768636	0.0
mik-	0.548028227499	0.192575857191	0.0679505268096	0.191445388501
fes-	0.012539184953	0.971159874608	0.0037617554859	0.012539184953
yef-	0.0	1.0	0.0	0.0
tis-	0.80078125	0.15234375	0.0	0.046875
lep-	0.539635647464	0.384047267356	0.0305268340719	0.0457902511078
ewa-	0.159248658969	0.690371202421	0.0482301723668	0.102149966243
iap-	0.266666666667	0.300552486188	0.138489871087	0.294290976059
bul-	0.0520779337821	0.781712409013	0.146680432037	0.0195292251683
ci'-	0.205111408793	0.10283737037	0.343247663695	0.348803557142
muj-	0.415745245467	0.471915081822	0.045997346307	0.0663423264042
dot-	0.142506142506	0.724815724816	0.0	0.132678132678
tae-	0.603535066803	0.336058438363	0.0349721812195	0.0254343136142
tan-	0.178229627022	0.305182958729	0.124331845594	0.392255568655
mbo-	0.67649750839	0.232482457032	0.0289840333571	0.0620360012204
bil-	0.147225368063	0.77463193658	0.048697621744	0.0294450736127
kup-	0.454882706392	0.174620011025	0.0661315425506	0.304365740033
aga-	0.0939287719458	0.780519263744	0.0507326646536	0.0748192996566
epa-	0.0	1.0	0.0	0.0
rem-	0.656488549618	0.290076335878	0.0114503816794	0.0419847328244
pia-	0.374796306355	0.611080934275	0.00651819663227	0.00760456273763
rop-	0.262044698786	0.564728172608	0.0815868842317	0.091640244374
pac-	0.147826086957	0.747826086957	0.0521739130434	0.0521739130435
ely-	0.0	1.0	0.0	0.0
mau-	0.363861386139	0.387933168317	0.170235148515	0.0779702970297
ba'-	0.0381742884333	0.0490210778078	0.0176257583258	0.895178875433
zeb-	0.0	1.0	0.0	0.0
sii-	0.134615384615	0.596153846154	0.153846153846	0.115384615385
sur-	0.183664416221	0.710195168632	0.0334101018022	0.072730313345
njo-	0.576177878472	0.211835079746	0.0285964924399	0.183390549343
bel-	0.0747173001727	0.857778208335	0.0486402226371	0.0188642688554
boa-	0.0262008733625	0.965065502183	0.00873362445415	0.0
wal-	0.104302477184	0.351368970013	0.410691003911	0.133637548892
ton-	0.378589100164	0.143761756961	0.0685692331056	0.40907990977
te'-	0.175906218869	0.0483594960395	0.0142431355889	0.761491149502
llu-	0.666666666667	0.208154506438	0.0615164520744	0.0636623748211
ant-	0.299777004006	0.388396109907	0.0785817739073	0.23324511218
lid-	0.0	1.0	0.0	0.0
asd-	0.0	1.0	0.0	0.0
nak-	0.694288552494	0.0750543177279	0.0238051438422	0.206851985936
tip-	0.518380642159	0.296416938111	0.102373196836	0.0828292228944
pol-	0.2795198866	0.127932387826	0.0386458818811	0.553901843692
peb-	0.267866039302	0.504456130639	0.0773872128425	0.150290617216
nno-	0.373944974241	0.232201578428	0.0482297489861	0.345623698345
aya-	0.169691470054	0.784029038113	0.00816696914703	0.038112522686
rum-	0.669491525424	0.254237288135	0.0	0.0762711864407
sar-	0.155431538493	0.583674720962	0.0497546915246	0.211139049021
lao-	0.26008583691	0.676394849785	0.0326180257511	0.0309012875537
bee-	0.0182506421522	0.981749357848	0.0	0.0
ske-	0.0	1.0	0.0	0.0
zad-	0.0	1.0	0.0	0.0
teu-	0.344827586207	0.620689655172	0.0	0.0344827586207
muc-	0.485207100592	0.360946745562	0.0118343195266	0.142011834319
dam-	0.32499327238	0.649376136311	0.0119128100448	0.0137177812637
nta-	0.529631089234	0.18511645934	0.0635738907698	0.221678560656
nap-	0.535813071588	0.242225852555	0.0647299540671	0.15723112179
gaz-	0.0	1.0	0.0	0.0
art-	0.00652883569097	0.973884657236	0.0130576713819	0.00652883569096
sai-	0.424060150376	0.323308270677	0.198496240602	0.0541353383459
nab-	0.352453730213	0.383582637969	0.0475464437526	0.216417188065
bal-	0.116518932	0.762468524378	0.0856985993582	0.0353139442641
nto-	0.573364050795	0.232896498251	0.121379604263	0.0723598466903
han-	0.0164609053498	0.975308641975	0.00823045267489	0.0
efa-	0.0470588235294	0.882352941177	0.0	0.0705882352941
ssu-	0.62360424098	0.130379333759	0.027413758139	0.218602667122
gal-	0.0304317798626	0.919156511952	0.0395903467423	0.0108213614429
sad-	0.288964732651	0.110786066417	0.491900969717	0.108348231215
pub-	0.230347349177	0.382084095064	0.212065813528	0.17550274223
gub-	0.0645284459718	0.735867446394	0.02592391632	0.173680191315
mok-	0.516666666667	0.416666666667	0.0333333333333	0.0333333333333
doa-	0.309053448067	0.323112350018	0.172706338626	0.195127863289
top-	0.289605251696	0.337699672512	0.193101525928	0.179593549863
kub-	0.685641905638	0.109653651697	0.0272769399131	0.177427502752
ike-	0.461538461538	0.261538461538	0.0	0.276923076923
sop-	0.107142857143	0.607142857143	0.186813186813	0.0989010989011
dad-	0.170777988615	0.430740037951	0.254269449715	0.144212523719
lo'-	0.0725634110297	0.720909957578	0.157406783926	0.0491198474662
tas-	0.200567624742	0.682911257481	0.0269852944972	0.0895358232805
mec-	0.189322150087	0.526392193234	0.247993870721	0.0362917859591
amp-	0.162545505558	0.7039319353	0.0254659349161	0.108056624226
nda-	0.307589285714	0.55625	0.0404017857143	0.0957589285715
set-	0.0301443908003	0.738488762172	0.100177580846	0.131189266182
kaa-	0.235897435898	0.374358974359	0.353846153846	0.0358974358974
