jer-	0.00300210147103	0.984389072351	0.0	0.0126088261783
koi-	0.294076403464	0.201936001129	0.0656689384626	0.438318656944
tut-	0.352529727209	0.599207274423	0.0146887386337	0.0335742597342
siu-	0.287552785039	0.455861652926	0.115021114016	0.141564448019
neu-	0.615384615385	0.218934911243	0.0118343195266	0.153846153846
son-	0.434083601286	0.488745980707	0.0192926045016	0.0578778135048
maa-	0.0	1.0	0.0	0.0
jac-	0.00536672629697	0.983899821109	0.0	0.0107334525939
eee-	0.4440433213	0.125451263538	0.0108303249097	0.419675090253
ver-	0.561490222763	0.095082420983	0.0171229546967	0.326304401557
pao-	0.528301886792	0.320754716981	0.0188679245283	0.132075471698
poy-	0.0742574257425	0.836633663366	0.0	0.0891089108911
mah-	0.0	1.0	0.0	0.0
tum-	0.307290341251	0.427881255563	0.231305820505	0.0335225826819
eno-	0.532697604541	0.349720390618	0.0474709957433	0.0701110090977
kak-	0.56449612085	0.1205782443	0.0355503282215	0.279375306629
ruw-	0.0622539513108	0.0607408894831	0.0767169905041	0.800288168702
ana-	0.0186327433224	0.0151433519493	0.000978382088109	0.96524552264
and-	0.0	0.803278688525	0.0	0.196721311475
ALL	0.252474510159	0.280581591598	0.0473374030162	0.419606495227
fou-	0.0655430711611	0.147940074906	0.0327715355805	0.753745318352
nun-	0.390001165923	0.368652821085	0.0536324473317	0.187713565661
kat-	0.0588299854213	0.0185622466692	0.0222566080929	0.900351159817
sun-	0.653306613226	0.166332665331	0.0	0.180360721443
ruy-	0.741379310345	0.172413793103	0.0862068965517	0.0
mil-	0.031746031746	0.777777777778	0.0	0.190476190476
tib-	0.0	0.958762886598	0.0	0.0412371134021
gae-	0.333621818702	0.243915496268	0.00112456792821	0.421338117102
sog-	0.477777777778	0.388888888889	0.0	0.133333333333
ari-	0.0	0.735849056604	0.264150943396	0.0
yau-	0.362373109925	0.0769337802944	0.018396315503	0.542296794278
qur-	0.0	0.785714285714	0.0	0.214285714286
ini-	0.31968020928	0.0344129943039	0.0102346926629	0.635672103753
gig-	0.585365853659	0.264050901379	0.067868504772	0.0827147401909
tai-	0.591361513885	0.238019169329	0.0101376259523	0.160481690833
mey-	0.13874808213	0.589710705409	0.0442548151974	0.227286397264
abr-	0.0282484178784	0.964317787943	0.00446027650711	0.00297351767141
bik-	0.220472440945	0.51968503937	0.165354330709	0.0944881889764
oko-	0.152358855375	0.712296983759	0.0935808197989	0.0417633410673
nen-	0.3890588447	0.133525283426	0.00431887709196	0.473096994781
zac-	0.0248667850799	0.964476021314	0.0	0.0106571936057
wai-	0.224632382755	0.0216511152267	0.00313854593132	0.750577956087
ira-	0.379182156134	0.358307120389	0.0291678581641	0.233342865313
gaw-	0.163352700759	0.678743724896	0.0406868105672	0.117216763777
naw-	0.0775096163665	0.687714878987	0.205568982537	0.0292065221091
kam-	0.220102660892	0.177432875816	0.0223255180507	0.580138945242
ibi-	0.706531085274	0.0488990242626	0.0134584470447	0.231111443418
ies-	0.0213241553114	0.639835251379	0.00518442059827	0.333656172711
sin-	0.363770046481	0.14979426761	0.0262926538721	0.460143032037
bod-	0.0176733443792	0.898820103429	0.0225335140835	0.0609730381082
kim-	0.11223972744	0.86257261719	0.0	0.0251876553704
pat-	0.279554552795	0.428843349448	0.0397769299197	0.251825167837
kov-	0.187949143173	0.786253915607	0.0	0.0257969412198
ror-	0.344292902123	0.513686275751	0.0602512578716	0.0817695642543
gwi-	0.71724137931	0.0827586206897	0.0137931034483	0.186206896552
kem-	0.3081027009	0.574128313041	0.0927876859854	0.024981300073
gen-	0.469250210615	0.379106992418	0.0	0.151642796967
saw-	0.195994179728	0.598695722545	0.0447108694484	0.160599228279
jam-	0.0046511627907	0.990697674419	0.0	0.0046511627907
nig-	0.321428571429	0.553571428572	0.0446428571429	0.0803571428571
por-	0.63679867064	0.221497447533	0.032355220375	0.109348661453
pas-	0.496248145886	0.396562254603	0.0357298665038	0.0714597330076
cos-	0.0	1.0	0.0	0.0
big-	0.505629477994	0.270214943705	0.144319344933	0.0798362333675
zer-	0.0216281165515	0.956743766897	0.0216281165515	0.0
nai-	0.207698476343	0.235765838011	0.0641539695269	0.492381716119
rat-	0.559658070541	0.300265785504	0.0129301055959	0.127146038359
gug-	0.183514298822	0.779782841413	0.0367028597645	0.0
duv-	0.172094412907	0.66605488924	0.0491698322592	0.112680865594
sap-	0.035321065386	0.820141417048	0.0457779597437	0.0987595578227
asi-	0.101230250668	0.0415198746463	0.0400610981083	0.817188776577
eve-	0.19014693172	0.251296456353	0.487251512532	0.071305099395
nan-	0.215865557331	0.0929035539868	0.0520024226322	0.63922846605
rer-	0.744285714286	0.0671428571429	0.0128571428571	0.175714285714
nis-	0.344827586207	0.505747126437	0.0574712643678	0.0919540229885
geg-	0.576555631519	0.234949273589	0.0466749758781	0.141820119014
ruk-	0.507456334441	0.399565605742	0.034287590165	0.0586904696518
bir-	0.514024259485	0.27279094237	0.062765067474	0.15041973067
mel-	0.0	1.0	0.0	0.0
add-	0.0	1.0	0.0	0.0
dub-	0.0850821937802	0.716392687399	0.190790373931	0.00773474488912
isa-	0.0266027932933	0.950594812455	0.0190019952095	0.0038003990419
mus-	0.0	0.956756756757	0.0432432432432	0.0
did-	0.259052924791	0.42061281337	0.0473537604457	0.272980501393
bab-	0.61096963124	0.269836852843	0.0140525547177	0.105140961199
ita-	0.143210996372	0.0346543864546	0.00418643594753	0.817948181226
mum-	0.162162162162	0.27027027027	0.567567567568	0.0
siy-	0.206566347469	0.321477428181	0.0328317373461	0.439124487004
war-	0.386251067207	0.320198121716	0.082966729236	0.210584081841
sor-	0.564933426439	0.346698831226	0.0279056028427	0.0604621394926
ura-	0.6377301432	0.164368940674	0.0747131548519	0.123187761274
kom-	0.109857197707	0.0577358758795	0.00878158549972	0.823625340914
neb-	0.463762015829	0.469349231888	0.0267555009132	0.0401332513698
rid-	0.0975758499771	0.774355846928	0.0365909437415	0.0914773593535
kod-	0.423468574566	0.460003187703	0.039669187313	0.0768590504188
jud-	0.0771881461061	0.89800137836	0.0093039283253	0.0155065472088
tua-	0.600781501158	0.366646007815	0.0325724910267	0.0
non-	0.375302134792	0.448808918719	0.00262385774083	0.173265088748
sou-	0.564102564103	0.435897435897	0.0	0.0
wor-	0.214830867804	0.785169132196	0.0	0.0
tau-	0.329583973266	0.548925079684	0.00701989293431	0.114471054116
gey-	0.501833793134	0.277455999292	0.0386645619108	0.182045645663
pek-	0.680500565611	0.145308964932	0.00318156108597	0.171008908371
thi-	0.101449275362	0.217391304348	0.0	0.68115942029
sab-	0.0602137050263	0.108598036834	0.00542384821825	0.825764409922
aki-	0.129624874992	0.777697467569	0.0284844470524	0.0641932103862
nin-	0.162354536405	0.177771569654	0.0270106831587	0.632863210782
whe-	0.0368794326241	0.903546099291	0.0255319148936	0.0340425531915
tuw-	0.286196472426	0.583156461977	0.0552182349069	0.0754288306898
sir-	0.257161148638	0.367093600355	0.178868169854	0.196877081153
gos-	0.391891891892	0.608108108108	0.0	0.0
sak-	0.185094816596	0.0790912213618	0.175991792829	0.559822169212
uwa-	0.183150200689	0.702380923881	0.0301527769426	0.0843160984877
san-	0.223304014309	0.536611900942	0.112297394479	0.127786690269
dud-	0.422267481331	0.38900203666	0.0162932790224	0.172437202987
ine-	0.340206185567	0.536082474227	0.0	0.123711340206
oil-	0.0287907869482	0.414587332054	0.470249520154	0.0863723608445
mae-	0.295918367347	0.683673469388	0.0204081632653	0.0
per-	0.0300698429567	0.916426574403	0.0130648283191	0.040438754321
ger-	0.404764414462	0.470553690012	0.0252977759039	0.0993841196224
kub-	0.53908061656	0.386441140363	0.0319192470331	0.0425589960442
rhe-	0.0	1.0	0.0	0.0
kui-	0.706212359747	0.0986243245042	0.0276146518345	0.167548663914
mor-	0.25	0.107843137255	0.53431372549	0.107843137255
rur-	0.18834488198	0.73483023195	0.0446079983636	0.032216887707
bae-	0.571151240622	0.238154941255	0.0223251299266	0.168368688196
guy-	0.327330016208	0.207516802865	0.0258418433848	0.439311337542
gas-	0.679572377925	0.296157180006	0.0242704420688	0.0
ata-	0.22342901474	0.117145073701	0.102922161883	0.556503749677
yov-	0.0626918169593	0.74171523156	0.00579330321735	0.189799648264
rud-	0.641509433962	0.264150943396	0.0188679245283	0.0754716981132
wae-	0.512987012987	0.136363636364	0.0779220779221	0.272727272727
lev-	0.0467289719626	0.934579439252	0.00934579439252	0.00934579439252
num-	0.588495575221	0.318584070796	0.0619469026549	0.0309734513274
sag-	0.545915180121	0.431179287846	0.0	0.022905532033
bin-	0.722035645864	0.181046817778	0.025844676362	0.0710728599956
kur-	0.0614374716937	0.0341649332129	0.00472721326377	0.89967038183
jai-	0.234624145786	0.699316628702	0.0	0.0660592255125
win-	0.0342209521501	0.896167196468	0.0152093120667	0.0544025393156
alp-	0.0	1.0	0.0	0.0
ami-	0.134820105036	0.0543961078297	0.00776315384082	0.803020633294
kos-	0.11016665943	0.0263923975057	0.0155996557013	0.847841287363
cow-	0.548768183867	0.266105199888	0.185126616244	0.0
wan-	0.168043019013	0.677917546892	0.120430830293	0.0336086038025
pon-	0.0284808888541	0.765032666954	0.206486444192	0.0
ged-	0.414814814815	0.518814814815	0.0	0.0663703703704
sik-	0.576094198333	0.216511890267	0.150222031464	0.0571718799358
bui-	0.281664749209	0.578668742848	0.0745722860467	0.0650942218967
bog-	0.465266558966	0.46042003231	0.0	0.0743134087237
syr-	0.0	1.0	0.0	0.0
nip-	0.0114048729912	0.692068429238	0.197684465181	0.0988422325903
beg-	0.0465905383361	0.937879282219	0.0	0.0155301794453
pin-	0.254781540621	0.675732584664	0.0231619582383	0.0463239164766
to’-	0.354599469049	0.225443512705	0.0695293076566	0.350427710589
bun-	0.465268852318	0.324854437126	0.12980326677	0.0800734437866
map-	0.720187718102	0.234086077574	0.0457262043239	0.0
lar-	0.424228803329	0.460072432127	0.0631084170241	0.0525903475201
sat-	0.0742971105381	0.896566767682	0.0	0.0291361217796
pur-	0.734938514002	0.134855843753	0.00868037614963	0.121525266095
peg-	0.721496437055	0.0647268408551	0.0	0.21377672209
the-	0.639423076923	0.230769230769	0.0576923076923	0.0721153846154
rak-	0.144046509639	0.365363176926	0.178720703844	0.31186960959
gud-	0.522433318798	0.395714792943	0.0130963021215	0.0687555861379
nad-	0.242857142857	0.439285714286	0.171428571429	0.146428571429
nib-	0.480828220859	0.417944785276	0.0506134969325	0.0506134969325
neg-	0.297886107565	0.319117468423	0.291462687456	0.0915337365563
mom-	0.341900412478	0.301775625758	0.0682842449588	0.288039716805
doc-	0.08	0.79	0.09	0.04
ban-	0.325628894771	0.515058043809	0.101540192993	0.057772868427
ter-	0.450612206639	0.214869159837	0.0636592573105	0.270859376214
cuz-	0.0229007633588	0.839694656489	0.0	0.137404580153
tra-	0.0919540229885	0.885057471264	0.0	0.0229885057471
puy-	0.446639814538	0.36871274994	0.0593704143715	0.125277021151
nam-	0.200281702605	0.129760184065	0.0333397244919	0.636618388838
sev-	0.0363761153054	0.0247083047358	0.0	0.938915579959
keg-	0.130859760396	0.0350802591346	0.0248054020317	0.809254578437
ker-	0.0210129310345	0.934267241379	0.0	0.0447198275862
sid-	0.0	1.0	0.0	0.0
bon-	0.401904733807	0.313607642024	0.108421927592	0.176065696577
oli-	0.104581673307	0.770916334661	0.0385956175299	0.085906374502
soy-	0.106666666667	0.259393939394	0.564848484849	0.0690909090909
won-	0.754135528818	0.0565986900471	0.00233241967995	0.186933361454
tok-	0.362293860844	0.406864033132	0.0961842108436	0.134657895181
arp-	0.0	1.0	0.0	0.0
net-	0.583126550868	0.230769230769	0.111662531017	0.0744416873449
rir-	0.523684141313	0.352350003361	0.0895990835528	0.0343667717737
kon-	0.131340634968	0.0445161249316	0.00774615658707	0.816397083513
itu-	0.338842975207	0.625344352617	0.0358126721763	0.0
eli-	0.0123398495294	0.844870463059	0.0	0.142789687411
fif-	0.0142687277051	0.365041617122	0.0	0.620689655173
mut-	0.0433887223035	0.278205559189	0.145105873491	0.533299845016
peu-	0.626865671642	0.373134328358	0.0	0.0
hel-	0.0	1.0	0.0	0.0
tuk-	0.277962592177	0.657059139522	0.021659422767	0.043318845534
siv-	0.074622445958	0.850755108084	0.0746224459579	0.0
pan-	0.898018318202	0.0427856222136	0.00798676994398	0.0512092896409
nim-	0.47473927434	0.269531006058	0.102291887841	0.153437831762
tor-	0.199768232647	0.730447801594	0.0167481517822	0.0530358139771
ano-	0.32012195122	0.292682926829	0.315548780488	0.0716463414634
rik-	0.187360352903	0.773693955763	0.0389456913339	0.0
jod-	0.0	1.0	0.0	0.0
yam-	0.169811320755	0.792452830189	0.0377358490566	0.0
ina-	0.288370256022	0.0233668897657	0.00353439345847	0.684728460754
mai-	0.283520325642	0.612979833376	0.0525258708559	0.050973970126
pen-	0.290322580645	0.4	0.309677419355	0.0
rab-	0.324386459168	0.255015831906	0.192749008283	0.227848700644
uwe-	0.287477313975	0.131760435572	0.487840290381	0.0929219600726
got-	0.15440788316	0.450994193208	0.102938588774	0.291659334858
wau-	0.108755462049	0.175271079463	0.650590710471	0.0653827480175
yor-	0.659805199331	0.16363844161	0.0322461187643	0.144310240294
kau-	0.24607256974	0.423874803188	0.0759121042267	0.254140522846
bas-	0.0680391942958	0.414696609039	0.00963940747152	0.507624789194
nub-	0.359761370045	0.543005827241	0.0713040553242	0.0259287473906
yar-	0.293060385402	0.471282139646	0.0641963466248	0.171461128327
zec-	0.0127814972611	0.976262933658	0.00365185636032	0.00730371272063
riu-	0.627340722153	0.0851871184851	0.0292664595738	0.258205699788
tur-	0.208840522628	0.568611275652	0.0580560526226	0.164492149097
waw-	0.569584640706	0.309415513341	0.0177072945297	0.103292551423
o’c-	0.0	0.564516129032	0.403225806451	0.0322580645161
cai-	0.0	0.945121951219	0.0365853658537	0.0182926829268
sod-	0.0	0.976710677214	0.0232893227865	0.0
amm-	0.0	1.0	0.0	0.0
kun-	0.192814690339	0.0738568561478	0.035665675008	0.697662778505
kan-	0.184389896115	0.243606044454	0.0844928927984	0.487511166632
agi-	0.30064888248	0.439798125451	0.129776496035	0.129776496035
yea-	0.0115532734275	0.916559691913	0.0564826700898	0.01540436457
sus-	0.378151260504	0.480042016807	0.131302521008	0.0105042016807
woe-	0.147642679901	0.313140576114	0.0770309634265	0.462185780559
met-	0.315217391304	0.532608695652	0.0652173913044	0.0869565217391
kuw-	0.291238746389	0.37671198225	0.0593607635953	0.272688507766
bim-	0.26192893401	0.573604060914	0.048730964467	0.115736040609
hez-	0.0	1.0	0.0	0.0
ken-	0.414812942366	0.293225480283	0.079625884732	0.212335692619
abo-	0.48023715415	0.229249011858	0.0474308300395	0.243083003953
msi-	0.623396090658	0.0798057321021	0.014390214654	0.282407962585
bub-	0.173087493059	0.580809880314	0.100409871664	0.145692754963
mat-	0.172655475205	0.506515042455	0.128010493259	0.192818989081
sug-	0.64406779661	0.28813559322	0.0338983050847	0.0338983050848
bob-	0.458721657373	0.255469578625	0.217432562821	0.068376201181
kiw-	0.30200601461	0.619696129751	0.0447416317941	0.0335562238456
veo-	0.225806451613	0.189400921659	0.475576036866	0.109216589862
mem-	0.198022795801	0.11334575706	0.0284119663541	0.660219480784
par-	0.447598907092	0.285848826799	0.0462856797084	0.2202665864
seb-	0.0746454290676	0.680098061209	0.0175464938337	0.22771001589
dig-	0.178179603051	0.0581935267316	0.746657384213	0.0169694860048
nah-	0.0	1.0	0.0	0.0
pom-	0.176617606221	0.663426825882	0.0277700638712	0.132185504027
ane-	0.0341386554622	0.937762605042	0.0031512605042	0.0249474789916
raw-	0.0	0.985981308411	0.0140186915888	0.0
her-	0.0439703961689	0.884196778407	0.0574662603396	0.0143665650849
gay-	0.173695474612	0.67576844739	0.123034294517	0.0275017834804
ipa-	0.335616438356	0.397260273973	0.0	0.267123287671
kin-	0.703610802737	0.126816466411	0.018227862311	0.151344868541
reu-	0.0	1.0	0.0	0.0
pii-	0.934782608696	0.0434782608696	0.0	0.0217391304348
ser-	0.00204498977505	0.985685071575	0.0	0.0122699386503
mis-	0.35843186061	0.367766023647	0.0871188550094	0.186683260734
elm-	0.0	1.0	0.0	0.0
yai-	0.0706028555236	0.0260834533946	0.00901313049238	0.894300560589
yon-	0.304843197573	0.507288320201	0.0460809484704	0.141787533755
rin-	0.163946061036	0.648687012065	0.187366926898	0.0
kob-	0.302634295045	0.339739385339	0.128750225993	0.228876093623
was-	0.0458797689742	0.511185227365	0.00585699178395	0.437078011877
jon-	0.0121654501217	0.98296836983	0.0	0.00486618004866
sos-	0.138552892017	0.071695623488	0.512645700462	0.277105784033
don-	0.0395894428153	0.881231671554	0.0439882697947	0.0351906158358
tat-	0.414235699761	0.349988634652	0.0260525597334	0.209723105854
bit-	0.237063733449	0.568225228875	0.0506353100659	0.14407572761
dog-	0.60050498029	0.222258598343	0.00932823270354	0.167908188663
rig-	0.47417786012	0.322603056971	0.0677396943029	0.135479388606
wek-	0.349235009028	0.625819633185	0.0249453577877	0.0
air-	0.263980927486	0.517552098042	0.209364183868	0.00910279060297
wos-	0.536059771624	0.190328417878	0.0299327664403	0.243679044058
nom-	0.841121495327	0.0467289719626	0.0	0.11214953271
pot-	0.337738343151	0.384199784346	0.150162376069	0.127899496433
mam-	0.196520805984	0.129358022892	0.0392345655152	0.634886605609
utu-	0.383657840417	0.502170523427	0.0493715183378	0.0648001178184
joh-	0.0133441164578	0.942579862515	0.00485240598464	0.0392236150425
sia-	0.196428571429	0.767857142857	0.0	0.0357142857143
sis-	0.475286344404	0.219746315196	0.0323148905174	0.272652449882
wat-	0.130675554981	0.0683529433062	0.0162397127152	0.784731788997
mag-	0.302946121793	0.443234154543	0.212881058557	0.0409386651071
aug-	0.126582278481	0.873417721519	0.0	0.0
pai-	0.678813221824	0.172043010753	0.0822381521306	0.0669056152927
mos-	0.0179193628671	0.974614235938	0.0	0.0074664011946
kok-	0.0406487203949	0.737235057447	0.161143141565	0.0609730805923
tuv-	0.230874942739	0.487402656894	0.0439761795694	0.237746220797
yaw-	0.48214317828	0.333475870861	0.0700765106813	0.114304440177
coi-	0.031715521384	0.968284478616	0.0	0.0
lam-	0.0	1.0	0.0	0.0
bet-	0.0483687405159	0.900417298938	0.0056904400607	0.0455235204856
ges-	0.698736637512	0.153547133139	0.110787172012	0.0369290573372
bre-	0.136032388664	0.856680161943	0.00485829959514	0.00242914979757
sal-	0.0793550825041	0.907419070412	0.0	0.013225847084
bop-	0.148760330578	0.752066115703	0.0	0.0991735537189
phi-	0.0	0.992957746479	0.00704225352112	0.0
gab-	0.165207489526	0.572704085732	0.0275345815877	0.234553843154
sek-	0.315436241611	0.362416107383	0.201342281879	0.120805369128
flo-	0.231343283582	0.654228855722	0.0348258706467	0.0796019900497
pip-	0.0590408630676	0.435400286272	0.0164743540577	0.489084496603
yan-	0.0	0.534194977843	0.0	0.465805022157
bad-	0.0526425641674	0.846450380347	0.00849102508434	0.0924160304011
yew-	0.558711465189	0.0848631797714	0.00935226879114	0.347073086249
rug-	0.400357995227	0.507756563246	0.0918854415274	0.0
min-	0.142376903302	0.800672335377	0.0284753806605	0.0284753806604
goy-	0.253227256795	0.419602821197	0.153483485497	0.173686436511
pha-	0.0106517879787	0.973624144053	0.00507227998985	0.0106517879787
kut-	0.374121854382	0.289849824422	0.0464555282759	0.28957279292
tab-	0.367523137841	0.522554467226	0.0645196665911	0.0454027283419
naz-	0.00537634408602	0.994623655914	0.0	0.0
gal-	0.0170133592585	0.951228370126	0.0141582437967	0.0176000268191
ida-	0.771929824561	0.105263157895	0.0350877192982	0.0877192982456
kar-	0.234186185327	0.363147012172	0.0396702395851	0.362996562917
sel-	0.0	1.0	0.0	0.0
kay-	0.512117055327	0.405578417924	0.0	0.082304526749
kus-	0.494117647059	0.388235294118	0.0141176470588	0.103529411765
gak-	0.163954189271	0.100060277275	0.0271247739602	0.708860759494
ati-	0.432213209733	0.104287369641	0.0278099652375	0.435689455388
not-	0.469583333333	0.2446875	0.0316666666667	0.2540625
jor-	0.0270880361174	0.959367945824	0.0	0.0135440180587
esl-	0.0	1.0	0.0	0.0
iwo-	0.484363081617	0.278413424867	0.0	0.237223493516
nob-	0.0	0.917155238338	0.0	0.082844761662
kik-	0.421195014043	0.324779179465	0.13920852159	0.114817284902
ani-	0.133888242736	0.0446499148946	0.00291413345736	0.818547708913
kap-	0.550752894757	0.331504025427	0.0332171912831	0.0845258885329
sil-	0.0	0.977288368892	0.022711631108	0.0
sub-	0.406873082822	0.320216641104	0.0261694785276	0.246740797546
kib-	0.578085647694	0.314293585153	0.0205411143851	0.0870796527681
se’-	0.877192982456	0.0877192982456	0.0	0.0350877192982
yeb-	0.0648827610582	0.0841531481595	0.0685596003165	0.782404490466
gra-	0.23482428115	0.76517571885	0.0	0.0
nuw-	0.318071617556	0.386928535492	0.135449969696	0.159549877256
run-	0.520679540455	0.339696895625	0.0698117819604	0.0698117819604
sau-	0.552916881776	0.301497160558	0.0309757356737	0.114610221993
pri-	0.0109906884445	0.843382689666	0.108990993741	0.0366356281483
twe-	0.00203265803916	0.0148384036859	0.00406531607832	0.979063622197
bom-	0.423289926658	0.097141146535	0.0538841490795	0.425684777728
kit-	0.720380070538	0.096999743324	0.035231150954	0.147389035184
pop-	0.198047491262	0.57767356168	0.0078694367389	0.216409510319
gol-	0.0860705161191	0.879676931548	0.00790443515379	0.0263481171793
uri-	0.0321859633438	0.839070183281	0.128743853375	0.0
sow-	0.277635204858	0.59928939505	0.0386399511916	0.0844354489003
wot-	0.0431654676259	0.913669064748	0.0	0.0431654676259
nag-	0.29521592273	0.326434881792	0.338785182008	0.0395640134698
bai-	0.312131884837	0.364849255492	0.0411736122671	0.281845247403
sew-	0.239792684794	0.722837026667	0.0311419071161	0.00622838142324
uya-	0.413930377172	0.536845469867	0.0223746149823	0.0268495379787
kad-	0.11886751675	0.590447374109	0.232331964556	0.0583531445861
rui-	0.116896463133	0.501241757301	0.0779309754217	0.303930804145
ras-	0.629213483146	0.131086142322	0.211610486891	0.0280898876404
koy-	0.0422365245374	0.873290426388	0.048270313757	0.0362027353178
men-	0.180377096399	0.179988969011	0.103977284334	0.535656650256
rob-	0.550723171842	0.280536731735	0.0111257206433	0.15761437578
kes-	0.060150367578	0.122165087076	0.0986541330437	0.719030412302
mug-	0.193548387097	0.395161290323	0.411290322581	0.0
noi-	0.447161452073	0.24271044407	0.0	0.310128103857
tap-	0.0881265881266	0.753811503811	0.0578078078078	0.100254100254
bip-	0.135849056604	0.279245283019	0.584905660377	0.0
deb-	0.464739976392	0.380877223232	0.0588882846798	0.0954945156968
sol-	0.0	1.0	0.0	0.0
bib-	0.261056371788	0.524514655225	0.0415733800506	0.172855592936
ike-	0.358502123765	0.330668907226	0.0800908999901	0.230738069019
new-	0.33422508887	0.66577491113	0.0	0.0
mo’-	0.263565891473	0.245478036176	0.335917312662	0.15503875969
teg-	0.0839160839161	0.79020979021	0.125874125874	0.0
bos-	0.470107682803	0.301174860737	0.108933741122	0.119783715338
laz-	0.0318344608038	0.928372463191	0.0	0.0397930760047
ika-	0.61728781894	0.200939219054	0.0666226693327	0.115150292674
siw-	0.839728167093	0.140285407615	0.0134237184793	0.0065627068121
wap-	0.254509018036	0.444889779559	0.0480961923847	0.25250501002
ket-	0.193353634921	0.566292783317	0.0211875669231	0.219166014839
bot-	0.704235165187	0.0756695664934	0.0213329905577	0.198762277762
dob-	0.106500109654	0.762361695623	0.0524552778892	0.0786829168338
taw-	0.414471172203	0.136311569301	0.300305460099	0.148911798396
mon-	0.225528807845	0.600791743519	0.122148183656	0.05153126498
tou-	0.497425742574	0.462178217822	0.00237623762376	0.0380198019802
tho-	0.0206540447504	0.25817555938	0.0	0.721170395869
ram-	0.0	1.0	0.0	0.0
man-	0.379636354792	0.290770714893	0.0975103558119	0.232082574503
vin-	0.202581926514	0.654419066534	0.0	0.142999006951
sip-	0.578313253012	0.409638554217	0.0	0.0120481927711
pad-	0.529193234983	0.096891140298	0.256118816931	0.117796807787
cle-	0.0208333333333	0.916666666667	0.0416666666667	0.0208333333333
reb-	0.301786576533	0.229840656688	0.0434572670208	0.424915499759
ema-	0.652007819672	0.0843084741568	0.00664748839086	0.25703621778
zeb-	0.025641025641	0.923076923077	0.0	0.051282051282
pis-	0.27132453852	0.643946044188	0.0	0.0847294172921
rup-	0.753751103266	0.164165931156	0.0344218887908	0.0476610767873
ten-	0.0276007308247	0.0530826193997	0.00424626628071	0.915070383495
yep-	0.121242673074	0.0494902113927	0.00557060930338	0.82369650623
pet-	0.0233044517478	0.931281744846	0.0	0.045413803406
gep-	0.0402684563758	0.838926174497	0.0	0.120805369128
sai-	0.147053045991	0.694716754247	0.0516772390338	0.106552960728
apo-	0.133603238866	0.817813765182	0.0	0.0485829959514
yas-	0.173587677564	0.626721234713	0.133127391816	0.0665636959079
suw-	0.310145704621	0.322301813702	0.100399731303	0.267152750374
psa-	0.429985855729	0.536067892503	0.0	0.0339462517681
lot-	0.0288370762409	0.971162923759	0.0	0.0
gag-	0.401734104046	0.303468208092	0.0	0.294797687861
ims-	0.583575413721	0.185849571072	0.11507120834	0.115503806867
soe-	0.262060458222	0.45051839405	0.210570573469	0.0768505742586
nua-	0.476667149612	0.189919392015	0.238333574806	0.0950798835663
awa-	0.120875081358	0.148613244754	0.00809006450037	0.722421609387
ere-	0.126893296267	0.138951760488	0.0438599185638	0.690295024681
ima-	0.309734513274	0.345132743363	0.29203539823	0.0530973451327
ebi-	0.454348400923	0.0584625768934	0.0685508113674	0.418638210816
kao-	0.391542351238	0.252178468282	0.0572930538687	0.298986126611
ibo-	0.171797418073	0.0287984111222	0.046673286991	0.752730883813
rub-	0.316173434182	0.141418832593	0.130206790817	0.412200942409
bau-	0.548203739719	0.296070948536	0.0227890700114	0.132936241733
lep-	0.108262108262	0.749287749288	0.0997150997151	0.042735042735
kot-	0.121447330461	0.212249653158	0.0286913183557	0.637611698026
edu-	0.3125	0.520833333333	0.0416666666667	0.125
bul-	0.554900716293	0.445099283707	0.0	0.0
dav-	0.0	1.0	0.0	0.0
ebe-	0.0	1.0	0.0	0.0
wak-	0.191743617599	0.784899511135	0.00543183052688	0.0179250407387
tan-	0.23596926369	0.29656648186	0.0256784359498	0.4417858185
wab-	0.473886495844	0.449931867211	0.012666344456	0.0635152924896
sob-	0.0970695384351	0.767815926614	0.106463364735	0.0286511702155
moy-	0.0541146645865	0.179017160686	0.747854914197	0.0190132605305
kup-	0.18040187126	0.636854592485	0.0455219675141	0.137221568741
aga-	0.594102207812	0.357727342906	0.0160568164274	0.0321136328547
ipi-	0.0480909355872	0.503060332265	0.0961818711746	0.352666860973
niw-	0.0425531914894	0.0	0.957446808511	0.0
rem-	0.754089846793	0.211633341989	0.0342768112179	0.0
tei-	0.148862168339	0.580194772931	0.149905594753	0.121037463977
mau-	0.481605351171	0.518394648829	0.0	0.0
gwe-	0.415841584158	0.168316831683	0.39603960396	0.019801980198
boa-	0.0	1.0	0.0	0.0
ton-	0.0940107742685	0.0745044188585	0.257209253195	0.574275553678
rav-	0.551586575925	0.243925665693	0.0282864910731	0.176201267309
gun-	0.201298701299	0.155844155844	0.603896103896	0.038961038961
nak-	0.225155354102	0.342996676732	0.062142877732	0.369705091435
poe-	0.28021978022	0.0989010989011	0.620879120879	0.0
rum-	0.519477926332	0.329760545047	0.103330935347	0.0474305932738
sar-	0.424109566148	0.347293883604	0.0866575157805	0.141939034468
mar-	0.0810231070048	0.347838220681	0.0675176594488	0.503621012866
bee-	0.0878378378379	0.898648648649	0.0	0.0135135135135
teu-	0.240310077519	0.372093023256	0.271317829457	0.116279069767
dam-	0.147997684072	0.153368366807	0.0381467855244	0.660487163596
tin-	0.198910726971	0.711105848923	0.0520956665877	0.0378877575183
ses-	0.293169261567	0.579606341903	0.0165944865038	0.110629910025
pok-	0.498418569184	0.420443524204	0.0397410154831	0.0413968911282
sad-	0.0677966101695	0.796610169492	0.0677966101695	0.0677966101695
gub-	0.198061445834	0.472096067599	0.216256066843	0.113586419724
ama-	0.105775795367	0.0610805152247	0.00191161075964	0.831232078649
nes-	0.500126633573	0.20947725661	0.0760561239996	0.214339985817
tun-	0.477187005718	0.365859593625	0.108285679523	0.048667721134
isc-	0.021052631579	0.978947368421	0.0	0.0
cae-	0.0978670012547	0.890840652447	0.0	0.0112923462986
iru-	0.350282485876	0.310734463277	0.101694915254	0.237288135593
biw-	0.792553191489	0.159574468085	0.0159574468085	0.031914893617
set-	0.0177252584934	0.982274741507	0.0	0.0
ele-	0.0204081632653	0.030612244898	0.0	0.948979591837
syi-	0.0	0.621337340346	0.336589030804	0.0420736288505
toi-	0.645354285302	0.103077921142	0.00908239025446	0.242485403301
abi-	0.212041305799	0.304856246529	0.0188290003346	0.464273447338
rom-	0.0532454361054	0.703346855984	0.0988843813387	0.144523326572
kep-	0.178309363076	0.649985324332	0.145289110654	0.0264162019372
sib-	0.517080255099	0.197007008903	0.0244153985393	0.261497337459
gim-	0.691344587762	0.256053106648	0.0281798065664	0.0244224990242
keb-	0.231489082253	0.072073551141	0.0994910523723	0.596946314234
sit-	0.166794949223	0.0264377593524	0.00147244192546	0.805294849499
era-	0.602523659306	0.283911671924	0.01261829653	0.10094637224
kuk-	0.220283037018	0.613538531547	0.0772922936906	0.0888861377442
mot-	0.0238426385853	0.801311345122	0.0	0.174846016292
jes-	0.0	1.0	0.0	0.0
wiw-	0.823529411765	0.126050420168	0.0	0.0504201680672
pew-	0.107142857143	0.892857142857	0.0	0.0
yat-	0.314606741573	0.0758426966292	0.52106741573	0.0884831460674
kwa-	0.276119539805	0.497944784311	0.136597878676	0.0893377972086
mak-	0.604500699709	0.16275528723	0.0281091803213	0.204634832739
pep-	0.268103016334	0.674142365635	0.020062130474	0.0376924875572
get-	0.179341890707	0.197599644164	0.482367843971	0.140690621158
sam-	0.0205128205128	0.94358974359	0.0	0.0358974358974
bow-	0.625041522045	0.295176755222	0.033030649539	0.0467510731937
nik-	0.0935770098239	0.0498213271138	0.00827531860237	0.84832634446
teb-	0.271823138856	0.183574091189	0.0125539606686	0.532048809286
tyr-	0.0	1.0	0.0	0.0
yao-	0.613138686131	0.222556175755	0.0	0.164305138114
kiy-	0.641909814324	0.206896551724	0.135278514589	0.0159151193634
rut-	0.164493575006	0.195894198458	0.0955640725728	0.544048153963
bag-	0.151288897781	0.156605124339	0.0211371881879	0.670968789692
may-	0.283192350129	0.176167708716	0.334681868334	0.205958072821
god-	0.0664310001537	0.846155800226	0.00387972190287	0.0835334777172
awo-	0.624365482233	0.192893401015	0.0761421319797	0.106598984771
cap-	0.0503246753247	0.827922077922	0.0438311688312	0.0779220779221
sum-	0.601631552426	0.266686641154	0.00913832786304	0.122543478557
gam-	0.238253825755	0.570551512719	0.107025984933	0.0841686765929
fiv-	0.0109289617486	0.016393442623	0.0	0.972677595628
dag-	0.667530487805	0.148170731707	0.0173780487805	0.166920731707
sem-	0.0	1.0	0.0	0.0
amo-	0.0	1.0	0.0	0.0
emm-	0.383040935672	0.546783625731	0.0	0.0701754385964
zea-	0.0416666666667	0.958333333333	0.0	0.0
isu-	0.759615384615	0.173076923077	0.0	0.0673076923077
bo’-	0.652610864225	0.20159309164	0.145796044135	0.0
hun-	0.0242154465799	0.0184672319592	0.00807181552664	0.949245505934
sut-	0.484498918529	0.475126171593	0.0	0.0403749098774
nos-	0.549427477834	0.233797380449	0.022610184273	0.194164957444
noa-	0.0	0.992680376438	0.0	0.00731962356222
tax-	0.0372943327239	0.918829981719	0.0307129798903	0.0131627056673
cam-	0.0	0.735470941884	0.235136940548	0.0293921175684
key-	0.0735205058715	0.750539383336	0.0592955607436	0.116644550049
nuv-	0.737840276371	0.119242160488	0.0153125960507	0.127604967089
aba-	0.120483105445	0.318388155867	0.0646476183694	0.496481120318
res-	0.562021673682	0.317953358719	0.0857321197141	0.0342928478857
gwa-	0.384914490018	0.298677116351	0.0426783414664	0.273730052164
sim-	0.159869827107	0.740566738763	0.0420987036491	0.057464730481
buk-	0.175315945147	0.782737294972	0.0129066953482	0.0290400645335
jar-	0.0	1.0	0.0	0.0
wag-	0.194690265487	0.646017699115	0.0167675826735	0.142524452725
jos-	0.0611169652266	0.895152792413	0.00948366701792	0.0342465753425
cyr-	0.0344827586207	0.931034482759	0.0344827586207	0.0
rua-	0.127267676358	0.360701904808	0.0488352711605	0.463195147674
pup-	0.0	0.920896506262	0.0	0.0791034937377
nat-	0.0556792059319	0.826853034379	0.0221692501936	0.0952985094958
bey-	0.395170705421	0.45849338995	0.031403238793	0.114932665836
pil-	0.023166023166	0.888513513513	0.0694980694981	0.0188223938224
gom-	0.108939233088	0.669881111854	0.18156538848	0.0396142665775
bur-	0.508565310493	0.340471092077	0.0995717344753	0.051391862955
yag-	0.254047490664	0.197681959285	0.181121540839	0.367149009211
kiu-	0.39583146972	0.408265497808	0.163699794257	0.0322032382145
obe-	0.0	1.0	0.0	0.0
rau-	0.544553110114	0.344467772883	0.0464165289362	0.0645625880673
yab-	0.0636777848634	0.0252493045351	0.0108132087504	0.900259701851
puw-	0.481751824818	0.189781021898	0.21897810219	0.109489051095
nao-	0.297390923345	0.162322251313	0.109145488967	0.431141336375
sep-	0.0844591537323	0.421914289739	0.252939849001	0.240686707527
kae-	0.212018432814	0.65361078872	0.0325212578276	0.101849520638
gis-	0.586265801162	0.188247352238	0.0	0.225486846601
bao-	0.349677037819	0.576904443499	0.0102444444673	0.0631740742153
rar-	0.0283018867925	0.61320754717	0.358490566038	0.0
cho-	0.081531942284	0.877702086574	0.0	0.040765971142
gum-	0.346733668342	0.131909547739	0.408291457286	0.113065326633
meo-	0.198105687652	0.265762065552	0.0313248092598	0.504807437536
bis-	0.449919140249	0.0873678103	0.0716458915279	0.391067157923
rib-	0.365853658537	0.560975609756	0.0731707317073	0.0
tom-	0.474655572349	0.330096283905	0.106705380884	0.0885427628614
tep-	0.255819739821	0.183644486775	0.044880656109	0.515655117294
iri-	0.380597014925	0.208955223881	0.276119402985	0.134328358209
mur-	0.160237418717	0.145884534473	0.0799573423709	0.61392070444
naa-	0.0	0.63248564397	0.36751435603	0.0
she-	0.0100005942382	0.906661120443	0.0340020204099	0.0493362649086
six-	0.006	0.424	0.12	0.45
bor-	0.654177835362	0.182726757029	0.0104179885917	0.152677419016
nev-	0.6068566925	0.315118875608	0.0260081439642	0.0520162879285
jew-	0.0579927041437	0.695164156767	0.129080535029	0.11776260406
joa-	0.0702127659574	0.929787234043	0.0	0.0
tub-	0.738095238095	0.190476190476	0.0238095238095	0.047619047619
noo-	0.908765652952	0.0268336314848	0.0322003577817	0.0322003577817
tav-	0.227568297309	0.154418869874	0.0144538791516	0.603558953665
tot-	0.441409876321	0.260803162339	0.0852074786133	0.212579482726
med-	0.442307692308	0.423076923077	0.0	0.134615384615
pel-	0.0	1.0	0.0	0.0
ann-	0.0984719864176	0.718166383701	0.025466893039	0.157894736842
yak-	0.161032381232	0.107305969601	0.0280637344886	0.703597914678
bok-	0.640170701772	0.213225320723	0.0645057501022	0.0820982274029
ved-	0.0674220963173	0.878375826251	0.01850802644	0.0356940509915
kwe-	0.307078159844	0.224430801421	0.279519863447	0.188971175288
mao-	0.018691588785	0.0654205607477	0.915887850467	0.0
for-	0.655172413793	0.0	0.0	0.344827586207
tup-	0.489194141579	0.273989982472	0.0645292984168	0.172286577532
gib-	0.71875	0.25	0.03125	0.0
yoy-	0.337592981118	0.479941509314	0.112530993706	0.0699345158625
boy-	0.08078994614	0.746858168761	0.102333931777	0.0700179533213
lin-	0.10447761194	0.850746268657	0.044776119403	0.0
dip-	0.500707298549	0.410932589943	0.0	0.0883601115086
gai-	0.256713881756	0.16924077789	0.414400136467	0.159645203887
isr-	0.0163220892274	0.970620239391	0.00979325353645	0.00326441784549
ber-	0.63481112991	0.0933494245847	0.0249527665221	0.246886678983
yay-	0.28	0.408	0.096	0.216
gor-	0.215542521994	0.763929618768	0.0	0.0205278592375
ege-	0.0681818181818	0.920454545455	0.0	0.0113636363637
pir-	0.172216900234	0.522635541423	0.099503097913	0.20564446043
yap-	0.403539770005	0.387877335889	0.150934355534	0.0576485385721
kas-	0.364212699323	0.162225811602	0.0407808841219	0.432780604954
iti-	0.266744096012	0.0940766550523	0.0135501355014	0.625629113434
rus-	0.336025848142	0.586429725364	0.0	0.0775444264943
mad-	0.429245283019	0.290094339623	0.0	0.280660377358
pes-	0.0791447665132	0.204731553037	0.621361248109	0.0947624323412
rag-	0.294409481997	0.37244294627	0.317652335839	0.0154952358946
riw-	0.253479687677	0.385311757384	0.0190109765758	0.342197578364
isi-	0.227166276347	0.608899297424	0.0468384074941	0.117096018735
tem-	0.127674606379	0.572567622124	0.233144933387	0.0666128381106
sei-	0.352106620808	0.513757523646	0.0	0.134135855546
yuy-	0.185246352876	0.638590696394	0.0688136526287	0.107349298101
gar-	0.363669581218	0.482668331622	0.0421599950333	0.111502092127
bat-	0.193701857725	0.228590847304	0.224286361577	0.353420933394
rao-	0.363476006999	0.212770041227	0.320678666208	0.103075285567
rue-	0.0586199877874	0.882760024425	0.0586199877875	0.0
yeg-	0.676533310586	0.13238932014	0.13494839205	0.0561289772243
wad-	0.0938857726101	0.666971221685	0.132857225392	0.106285780313
pay-	0.578454924769	0.358958148944	0.022758882286	0.0398280440005
suk-	0.232715008432	0.37436762226	0.0539629005059	0.338954468803
abe-	0.357874038517	0.366838239547	0.0	0.275287721936
dau-	0.331168831169	0.45974025974	0.109090909091	0.1
tam-	0.0986161739022	0.777924048006	0.0123612701021	0.11109850799
nuk-	0.746429704856	0.218026023485	0.0	0.0355442716598
kaw-	0.35866575742	0.382187115585	0.13315153172	0.125995595275
jan-	0.0	1.0	0.0	0.0
yog-	0.426576304255	0.297366995188	0.0699510191457	0.206105681411
aar-	0.0571428571429	0.857142857143	0.0857142857143	0.0
row-	0.126090254077	0.819871065605	0.0	0.0540386803186
bud-	0.135220125786	0.713836477987	0.0188679245283	0.132075471698
una-	0.540572792363	0.173031026253	0.0	0.286396181384
pap-	0.241356411539	0.657802895968	0.0363687743415	0.0644719181509
kor-	0.111842758347	0.747162569074	0.0294497203931	0.111544952186
etu-	0.848101265823	0.0379746835443	0.0	0.113924050633
giu-	0.149497487437	0.689070351759	0.124685929648	0.0367462311558
mek-	0.148414454277	0.0783554572272	0.0199115044248	0.753318584071
kab-	0.451618087886	0.204884223903	0.110523924375	0.232973763836
lys-	0.0390879478827	0.921824104235	0.0390879478827	0.0
mas-	0.326693227092	0.505976095618	0.159362549801	0.00796812749004
duw-	0.132323232323	0.722222222222	0.0333333333333	0.112121212121
ebo-	0.513846462133	0.395728043134	0.0172239037586	0.0732015909742
kai-	0.171512903977	0.152890813314	0.120807510638	0.554788772071
tet-	0.55787037037	0.111111111111	0.171296296296	0.159722222222
ada-	0.0	1.0	0.0	0.0
eig-	0.105307663566	0.130626733004	0.00702051090441	0.757045092525
sas-	0.470588235294	0.352941176471	0.0352941176471	0.141176470588
pus-	0.0545454545454	0.727272727273	0.218181818182	0.0
nas-	0.0	1.0	0.0	0.0
dur-	0.262512429566	0.689758037786	0.0477295326483	0.0
nae-	0.663634890046	0.0462420978693	0.00270158312771	0.287421428957
ash-	0.0	1.0	0.0	0.0
cha-	0.323008849558	0.530973451328	0.0530973451327	0.0929203539822
ner-	0.378199052133	0.356398104265	0.0	0.265402843602
biy-	0.117095713486	0.298835652546	0.0313438020949	0.552724831873
ena-	0.302631578947	0.409539473684	0.261513157895	0.0263157894737
iya-	0.117455892756	0.190345783985	0.0471364435448	0.645061879714
nok-	0.852272727273	0.0340909090909	0.0	0.113636363636
tar-	0.437729241902	0.443294481051	0.02405389949	0.0949223775573
tit-	0.421052631579	0.578947368421	0.0	0.0
tak-	0.425093632959	0.271535580524	0.0337078651686	0.269662921348
boo-	0.478123428407	0.292693440621	0.181765931461	0.0474171995115
kir-	0.591406681142	0.224003027529	0.0495062695588	0.13508402177
bar-	0.258782201405	0.639344262295	0.0667447306791	0.0351288056206
