-eme	0.345191170091	0.287421659318	0.0730424033239	0.294344767268
-nku	0.209593028447	0.260147502634	0.0560724298649	0.474187039054
-unh	0.0849864640972	0.0311554773877	0.0526729293965	0.831185129119
--re	0.304636871923	0.299231414895	0.080133194536	0.315998518646
-hme	0.0135287485908	0.439684329199	0.0	0.54678692221
-dap	0.230769230769	0.769230769231	0.0	0.0
-hep	0.190799837165	0.472043752987	0.107541726402	0.229614683446
-una	0.62231995602	0.0989554700385	0.151181968114	0.127542605827
-muk	0.319086935406	0.286546867411	0.0364254492472	0.357940747936
-mut	0.358291898216	0.366578921712	0.161060739008	0.114068441065
-nka	0.145534669397	0.267810122879	0.0735993270918	0.513055880632
-kay	0.0762631077216	0.575786463298	0.162059103909	0.185891325071
-mme	1.0	0.0	0.0	0.0
-unu	0.113870358265	0.16349295925	0.0464167702514	0.676219912234
-oil	0.707531143828	0.13986409966	0.152604756512	0.0
-let	0.628099173554	0.247933884298	0.0743801652893	0.0495867768595
-nki	0.0916989791525	0.0838505488667	0.0328593918592	0.791591080122
-jah	0.0168728908886	0.724409448819	0.0787401574803	0.179977502812
-lem	0.307692307692	0.692307692308	0.0	0.0
-rra	0.0537972980333	0.0626284494751	0.0226257925163	0.860948459975
-ist	0.0	0.990042174321	0.0035145267104	0.00644329896906
-rrk	0.121095627102	0.487361845267	0.180297933686	0.211244593945
-ses	0.0140515222482	0.892271662763	0.00936768149882	0.0843091334895
-gam	0.25	0.53488372093	0.0348837209302	0.18023255814
-mam	0.38177694483	0.233825383928	0.113167268078	0.271230403164
-nti	0.0283486888731	0.739192062367	0.195605953225	0.0368532955351
-ica	0.0147637795276	0.916338582677	0.0	0.0688976377953
-gat	0.155176799797	0.126176545408	0.0381582294581	0.680488425337
-rru	0.33873780119	0.221963843327	0.0423546964073	0.396943659075
-ale	0.269565217391	0.660869565217	0.0695652173913	0.0
-aul	0.0153698366955	0.922190201729	0.0	0.0624399615755
-gay	0.0724033950778	0.280638304923	0.0183907937154	0.628567506284
-ala	0.123457513163	0.0789179312082	0.0618019643097	0.735822591319
-inh	0.119145272122	0.142997540433	0.0122319324671	0.725625254977
-ini	0.15088572014	0.0620074607453	0.0284723585347	0.75863446058
-pup	0.353718011946	0.353115239191	0.0789084333387	0.214258315524
-rlk	0.326932627049	0.0926998841252	0.0289687137891	0.551398775037
-ens	0.367647058824	0.305555555556	0.0816993464052	0.245098039216
-nta	0.782071097372	0.143740340031	0.0370942812983	0.0370942812983
-ina	0.129230769231	0.643076923077	0.104615384615	0.123076923077
-000	0.0	0.625	0.0	0.375
-nte	0.577777777778	0.248888888889	0.0266666666667	0.146666666667
-puy	0.348656451255	0.0259826782145	0.199866755496	0.425494115034
-knu	0.414027871352	0.285429594695	0.161043934612	0.13949859934
-rut	0.5	0.5	0.0	0.0
-iki	0.6	0.4	0.0	0.0
-ete	0.596066565809	0.149773071104	0.154311649017	0.0998487140696
--yu	0.26231314842	0.235605409743	0.0597303037832	0.442351138054
-pun	0.208818126148	0.347826086957	0.20514390692	0.238211879976
-awe	0.0	0.333333333333	0.0	0.666666666667
-ntu	0.144260168628	0.624571481516	0.100064856852	0.131103493005
-inu	0.300939078283	0.318970959596	0.187263257576	0.192826704545
-mit	0.299434401686	0.182433181768	0.116668515027	0.401463901519
-lil	0.505804311774	0.378109452736	0.0464344941956	0.0696517412935
-dhe	0.497820401046	0.284219703575	0.0915431560593	0.12641673932
-kut	0.367841209142	0.373577346809	0.134753710279	0.12382773377
-pan	0.174390322778	0.284892101422	0.0560915280606	0.484626047739
-dha	0.340185351747	0.301919551877	0.0776511485812	0.280243947795
-nke	0.20253164557	0.474683544304	0.208860759494	0.113924050633
-iyu	0.166666666667	0.5	0.333333333334	0.0
-ook	0.0	1.0	0.0	0.0
-nma	0.25	0.5	0.0	0.25
-uye	0.280303030303	0.144412878788	0.044981060606	0.530303030303
-iku	0.222222222222	0.444444444445	0.111111111111	0.222222222222
-kuy	0.0967741935483	0.308025177026	0.153422501967	0.441778127459
-elu	0.0845771144278	0.507462686567	0.258706467662	0.149253731343
-pet	0.145098039216	0.647058823529	0.141176470588	0.0666666666666
-elk	0.243839835729	0.540554414784	0.0308008213552	0.184804928131
-tka	0.0758343526123	0.538179276603	0.0733880831731	0.312598287611
-awu	0.140753028704	0.372442567737	0.037701704117	0.449102699442
-iye	0.230577950528	0.280513531344	0.141533116421	0.347375401707
-kun	0.373684908046	0.146648044693	0.0294366513069	0.450230395955
-kum	0.53883029722	0.187919463087	0.0172579098754	0.255992329818
-kul	1.0	0.0	0.0	0.0
-uyu	0.128342245989	0.0641711229947	0.743315508021	0.0641711229947
-ath	0.293552108609	0.372976690095	0.0899484407263	0.24352276057
-mup	0.154362416107	0.563758389262	0.0	0.281879194631
-gka	0.282922881258	0.214822522835	0.165337033183	0.336917562724
-kal	0.104509831527	0.38124736027	0.0825942090196	0.431648599183
-ner	0.250871080139	0.487804878049	0.0	0.261324041812
-eki	0.0219701638176	0.181656240558	0.00351567264544	0.792857922979
-gki	0.26762407603	0.248658922915	0.300401267159	0.183315733896
-mku	0.612903225806	0.0322580645161	0.0322580645161	0.322580645161
-ule	0.0241300316352	0.88246133707	0.0121472505895	0.0812613807051
-gku	0.19452247191	0.575842696629	0.0479868913858	0.181647940075
-der	0.411966650319	0.465424227563	0.0	0.122609122119
-nia	0.0	0.892134831461	0.0	0.107865168539
-ime	0.226708472704	0.434901596725	0.0360211231916	0.30236880738
-dle	0.249582201797	0.45184875705	0.155734280343	0.142834760811
-ith	0.271069303129	0.43444039163	0.10827414091	0.186216164331
-mka	0.492145748988	0.396761133603	0.0	0.111093117409
-pek	0.0325865580448	0.884725050917	0.00162932790224	0.0810590631364
-kat	0.186359269933	0.46181556196	0.226945244957	0.124879923151
-bit	0.169148191365	0.636126021004	0.109778296383	0.0849474912485
-ipe	0.388888888889	0.388888888889	0.0	0.222222222222
-uma	0.25	0.5	0.0	0.25
-yer	0.451014136447	0.0860479409957	0.0	0.462937922557
-ece	0.10332103321	0.575645756458	0.0	0.321033210332
-ida	0.0699242352956	0.0944314979877	0.00492319130521	0.830721075411
-lti	0.0958466453674	0.798722044728	0.0	0.105431309904
-yel	0.625170998632	0.224350205198	0.0	0.15047879617
-llu	0.5	0.0	0.0	0.5
-bim	0.272727272727	0.181818181818	0.545454545455	0.0
-rpu	0.278947668778	0.390172915597	0.0205444273241	0.310334988301
-err	0.314310544612	0.314165701043	0.15932792584	0.212195828505
-tle	0.260869565217	0.286231884058	0.148550724638	0.304347826087
-tet	0.538461538461	0.461538461539	0.0	0.0
-yul	0.0	1.0	0.0	0.0
-iwu	0.0	0.782608695652	0.0	0.217391304348
-huk	0.405240357012	0.48504619239	0.0276632392088	0.0820502113888
-rin	0.6	0.4	0.0	0.0
-uth	0.210987776962	0.304064268129	0.271239148274	0.213708806634
-rim	0.344393592677	0.359267734554	0.120137299771	0.176201372998
-ert	0.284850624893	0.182684899846	0.24090481082	0.291559664441
-ran	0.263078341595	0.139358939606	0.142836538678	0.45472618012
-rit	0.530712530712	0.319410319411	0.04914004914	0.100737100737
-ile	0.0310344439522	0.76695170245	0.00135633465532	0.200657518943
-erl	0.74358974359	0.128205128205	0.0769230769231	0.0512820512821
-veh	0.12	0.88	0.0	0.0
-ern	0.0618458610847	0.870599429115	0.0285442435775	0.0390104662226
-hut	0.818181818182	0.181818181818	0.0	0.0
--ka	0.201312232614	0.210251423994	0.0549774531484	0.533458890244
-tek	0.2	0.4	0.4	0.0
-ere	0.106791603912	0.0671215241918	0.0204643065823	0.805622565314
-ili	0.463296324243	0.415974991915	0.0	0.120728683842
-luy	0.0914202793397	0.493379285326	0.275530564121	0.139669871214
-arl	0.273200096316	0.297953286781	0.156513363833	0.27233325307
-arn	0.268292682927	0.168699186992	0.0189701897019	0.544037940379
-tul	0.0	1.0	0.0	0.0
-ral	0.75	0.25	0.0	0.0
-ema	0.549534131964	0.0798630918426	0.0979273626164	0.272675413577
-art	0.386613291088	0.271783865086	0.0811539669228	0.260448876903
-lul	0.607714510627	0.205326685909	0.082655471005	0.104303332459
-arr	0.257276211437	0.494099343528	0.0966872841802	0.151937160855
-ama	0.149315068493	0.222123287671	0.0164383561644	0.612123287671
-tuy	0.140794223827	0.47402291634	0.0492858264009	0.335897033433
-rri	0.30303030303	0.242424242424	0.0	0.454545454545
-irl	0.353331694123	0.309810671257	0.181952298992	0.154905335628
--nu	0.318230595122	0.334780441114	0.0830699983639	0.2639189654
-irn	0.360789063852	0.504239487801	0.0934417719329	0.0415296764146
-ruy	0.384712571068	0.488945041061	0.0189513581806	0.10739102969
-hil	0.196078431373	0.639215686275	0.141176470588	0.0235294117647
-iwe	0.325301204819	0.0481927710843	0.590361445783	0.0361445783133
-hin	0.265776332721	0.21686798028	0.0893705353124	0.427985151687
-ire	0.231137088204	0.587141339001	0.0318809776834	0.149840595112
-enh	0.0	0.538461538462	0.461538461538	0.0
-hap	0.513410709061	0.195747586072	0.138496049937	0.15234565493
-lak	0.342256214149	0.525812619503	0.0898661567877	0.0420650095602
-guk	0.19881305638	0.362017804154	0.314540059347	0.124629080119
-ruk	0.2	0.8	0.0	0.0
-ppi	0.226519337017	0.591160220995	0.165745856354	0.0165745856354
-law	0.0995260663507	0.725118483412	0.0355450236967	0.13981042654
-tnu	0.356469240398	0.335538289125	0.0986392540402	0.209353216436
-gun	0.189233278956	0.199021207178	0.0799347471452	0.531810766721
-las	0.0510638297872	0.948936170213	0.0	0.0
-irt	0.186544342508	0.452599388379	0.10244648318	0.258409785933
-ppa	0.5	0.5	0.0	0.0
-irr	0.110590674257	0.205540692522	0.053021723489	0.630846909731
-rnu	0.39022264825	0.285390614788	0.088013594179	0.236373142782
-gnu	0.428571428571	0.380952380952	0.0952380952381	0.0952380952381
-gem	0.355555555556	0.0888888888888	0.355555555555	0.2
-gel	0.0881834215168	0.664902998236	0.176366843034	0.0705467372134
-rne	0.127869382476	0.152764306499	0.206918849014	0.512447462011
-ret	0.118577075099	0.614624505929	0.0889328063241	0.177865612648
-rna	0.306326762308	0.263701104345	0.0	0.429972133347
-wik	0.4	0.6	0.0	0.0
-lnu	0.392331822935	0.320982920878	0.0775531544092	0.209132101778
-rni	0.315081154193	0.15277276826	0.069657348963	0.462488728584
-npe	0.253164556962	0.253164556962	0.493670886076	0.0
-url	0.511182108626	0.381611643593	0.0468583599574	0.0603478878239
-urn	0.367088607595	0.455696202532	0.113924050633	0.0632911392405
-mpi	0.513513513513	0.162162162162	0.0	0.324324324324
-ura	0.0771002302994	0.541604085311	0.0660859116851	0.315209772705
-npi	0.258102648973	0.416948490487	0.136282803779	0.188666056762
-mpa	0.112359550562	0.842696629214	0.0449438202247	0.0
-gti	0.339768339768	0.042471042471	0.0	0.617760617761
-nhi	0.176162220847	0.127196836763	0.0180559723797	0.67858497001
-hnu	0.38748921596	0.305176987993	0.132473420989	0.174860375058
-epe	0.281359589965	0.265443755058	0.113299163744	0.339897491233
-urr	0.365191740413	0.291445427729	0.233628318584	0.109734513274
-wit	0.8	0.0	0.2	0.0
-urt	0.291218763088	0.383033179766	0.11075433943	0.214993717716
-uru	0.123774998639	0.268236787087	0.0289077239216	0.579080490353
-nhe	0.777777777778	0.222222222222	0.0	0.0
-pnu	0.533680555556	0.211631944444	0.0329861111111	0.221701388889
ALL	0.217580157058	0.257240952794	0.0606847725037	0.464494117644
-pak	0.320061255743	0.474045519354	0.117494851349	0.0883983735544
-nan	0.0538478797397	0.509759928203	0.0269239398698	0.409468252187
-aki	0.74358974359	0.230769230769	0.0	0.025641025641
-nam	0.165223483256	0.440577273364	0.0362337116436	0.357965531736
-duy	0.573363431151	0.257336343115	0.142964635064	0.0263355906697
-ima	0.356725146199	0.385964912281	0.169590643275	0.0877192982456
-nah	0.0419580419582	0.167832167832	0.0839160839161	0.706293706293
-kin	0.145695364238	0.57174392936	0.0397350993378	0.242825607064
-aka	0.300265869059	0.0864074443337	0.0099700897308	0.603356596876
--ya	0.26072657415	0.380598655057	0.0959514285247	0.262723342268
-pay	0.75	0.25	0.0	0.0
-aku	0.576923076923	0.288461538462	0.0384615384615	0.0961538461538
-duk	0.212546816479	0.252808988764	0.109550561798	0.425093632959
-wak	0.374277181165	0.227489356294	0.0873737052805	0.31085975726
-nat	0.513513513514	0.324324324324	0.135135135135	0.027027027027
-rdu	0.0660901668472	0.133994953728	0.00926581351668	0.790649065908
-put	0.269035532995	0.695431472081	0.0	0.0355329949239
-ews	0.18332605849	0.399388913138	0.0838061981667	0.333478830205
-kem	0.398104265403	0.383886255924	0.142180094787	0.0758293838862
-sus	0.00564184051613	0.824429057494	0.0	0.16992910199
-ynu	0.281527531083	0.34665482534	0.134399052694	0.237418590882
-agu	0.258687258687	0.440154440154	0.0	0.301158301158
-mat	0.590256797583	0.296450151057	0.0793051359516	0.0339879154079
-rde	0.387693966809	0.170750703972	0.0431370199508	0.398418309268
-wuy	0.0398230088495	0.477876106195	0.442477876106	0.0398230088496
-rda	0.143427370966	0.122387715599	0.0173055672051	0.716879346231
-hka	0.609756097561	0.225609756098	0.0	0.164634146341
-umi	0.222445861001	0.0997387734197	0.0702619325981	0.607553432981
-120	0.0	0.625	0.0	0.375
-hpi	0.14778539842	0.233608893426	0.116100334174	0.502505373981
-wup	0.372573419612	0.395345943255	0.094574415132	0.137506222001
-rdi	0.401735702925	0.323525344029	0.0816333586889	0.193105594357
-bat	0.529411764706	0.352941176471	0.0	0.117647058824
-ami	0.0794438927507	0.446871896723	0.414101290963	0.059582919563
-thu	0.346573189756	0.213980279886	0.0839315311238	0.355514999234
-rta	0.329545454545	0.613636363637	0.0568181818182	0.0
-anu	0.367840673032	0.286401341542	0.107009337723	0.238748647702
-dat	0.714285714286	0.285714285714	0.0	0.0
-dim	0.401662596768	0.147222943835	0.0352054865694	0.415908972827
-awa	0.170424190619	0.273533497169	0.091569612138	0.464472700075
-rti	0.136363636364	0.545454545455	0.0	0.318181818182
-thy	0.112648221344	0.494071146245	0.0592885375494	0.333992094862
-ana	0.17826245851	0.182414745177	0.0436925855586	0.595630210754
-the	0.451684059576	0.103289358809	0.00965464333081	0.435371938285
-tha	0.251075197393	0.17358788267	0.0852663690431	0.490070550895
-ang	0.265306122449	0.404761904762	0.205782312925	0.124149659864
-ani	0.0801781465471	0.11197454436	0.0211276934665	0.786719615627
-ank	0.350579587221	0.353124116483	0.0582414475544	0.238054848742
-thi	0.112307878976	0.19170828833	0.137738367317	0.558245465377
--te	0.266484670307	0.32423351533	0.0851882962341	0.32409351813
-mnu	0.353733528551	0.289019033675	0.0409956076134	0.316251830161
-ren	0.343906510851	0.442404006678	0.0567612687813	0.15692821369
-igu	0.0901047058949	0.474207768089	0.312303209487	0.12338431653
-rel	0.697356426618	0.193254329991	0.0	0.109389243391
-tak	0.420995079278	0.109349371241	0.179879715692	0.289775833789
-ven	0.332541567696	0.29250084832	0.0	0.374957583984
-yit	0.318588761927	0.329632465544	0.230592531511	0.121186241018
-nnu	0.461646180177	0.289404076552	0.133810487008	0.115139256263
-ine	0.646153846154	0.169230769231	0.0	0.184615384615
-yim	0.514563106796	0.285868392665	0.129449838188	0.0701186623517
-nni	0.166297117516	0.354767184036	0.217294900222	0.261640798226
-upe	0.272058823529	0.639705882353	0.0	0.0882352941176
-mna	0.333597248007	0.365403516436	0.0382221251501	0.262777110407
-hay	0.259563299268	0.50294670613	0.0327060181307	0.204783976471
-nna	0.182054616385	0.156046814044	0.568270481144	0.0936280884265
-ing	0.174757281553	0.650485436893	0.135922330097	0.0388349514563
-mni	0.753086419753	0.111111111111	0.0	0.135802469136
-nne	0.262944162436	0.591370558376	0.103045685279	0.0426395939086
-may	0.0358208955224	0.889552238806	0.0537313432836	0.020895522388
-hab	0.120288692863	0.433039294306	0.0160384923817	0.430633520449
-him	0.0	0.192307692308	0.0	0.807692307692
-ngu	0.103231240073	0.13183078311	0.00747553525062	0.757462441567
-rmu	0.636363636364	0.363636363636	0.0	0.0
-enu	0.333748218197	0.345250098092	0.178979939506	0.142021744205
-hak	0.332661967103	0.351460221551	0.206445115811	0.109432695535
-eyu	0.333333333333	0.333333333333	0.0	0.333333333333
-ham	0.390946502058	0.434156378601	0.082304526749	0.0925925925926
-han	0.334664536741	0.301118210863	0.249201277955	0.115015974441
-min	0.268576544315	0.529991047449	0.107430617726	0.0940017905103
-eyi	0.109090909091	0.545454545455	0.236363636364	0.109090909091
-nga	0.17793699549	0.492511465244	0.0105858868285	0.318965652438
-hat	0.681359044995	0.300275482094	0.0183654729109	0.0
-nge	0.414507178307	0.0694153046175	0.0233496630417	0.492727854034
-ngi	0.221105527638	0.331658291457	0.0301507537689	0.417085427136
-ain	0.25	0.75	0.0	0.0
--wa	0.281355894041	0.296888583676	0.111868513453	0.30988700883
