-tə̄	0.113551141784	0.186961677423	0.0762906226498	0.623196558143
-yer	0.0157004830918	0.971329552615	0.0048309178744	0.00813904641882
-tə́	0.02154556055	0.0326512652431	0.0131226825202	0.932680491687
-to̰	0.182092491988	0.0941370509362	0.0696132022535	0.654157254822
-dáń	0.335842501448	0.412275622467	0.121598147076	0.13028372901
-adə	0.154749285278	0.244049339886	0.0368121807844	0.564389194051
-aus	0.0196078431373	0.980392156863	0.0	0.0
-idí	0.428571428571	0.485714285714	0.0857142857143	0.0
-ro̰	0.0166666666667	0.953921568627	0.0294117647059	0.0
-lāá	0.631956912029	0.292639138241	0.0430879712747	0.032315978456
-oyn	0.33426183844	0.506963788301	0.033426183844	0.125348189415
-ɔ̄n	0.0812363613454	0.144586076527	0.0158319029722	0.758345659155
-eēī	0.631589697164	0.200321273613	0.0668492001281	0.101239829096
-ḭḭń	0.630071599045	0.183770883055	0.0572792362769	0.128878281623
-aum	0.0054347826087	0.994565217391	0.0	0.0
-aul	0.530864197531	0.395061728395	0.0246913580247	0.0493827160494
-́ɓā	0.0592659889063	0.871447498871	0.0231938273592	0.0460926848638
-āmī	0.197669746886	0.503415026115	0.255524306951	0.0433909200482
-eīń	0.346572709801	0.190582959641	0.0288276745675	0.43401665599
-eēń	0.647040512154	0.215889985196	0.0613491694678	0.0757203331817
-yá̰	0.0666372917119	0.632289694976	0.0187916964036	0.282281316908
-hɔý	0.804347826087	0.0489130434782	0.0326086956522	0.114130434783
-gɔ́	0.183733826248	0.45471349353	0.298336414048	0.0632162661738
-idi	0.129032258064	0.862170087977	0.00879765395894	0.0
-áwá	0.26301369863	0.58904109589	0.0493150684932	0.0986301369863
-ɔyī	0.387782020132	0.36098576883	0.0850399166956	0.166192294342
-ɔyń	0.64	0.276	0.072	0.012
-ūúḿ	0.267857142857	0.625	0.0535714285714	0.0535714285714
-uta	0.0	1.0	0.0	0.0
-ugə	0.36678200692	0.543252595156	0.0276816608997	0.0622837370242
-tií	0.350427350427	0.418803418803	0.008547008547	0.222222222222
-hɔn	0.618396624472	0.211983122363	0.0901265822785	0.079493670886
-āīń	0.497409326425	0.378238341969	0.0155440414508	0.108808290155
-hɔy	0.890620380928	0.0599687486803	0.00760167236794	0.0418091980236
-rəḿ	0.0	0.983606557377	0.0	0.016393442623
-oyń	0.516129032258	0.187096774194	0.234408602151	0.0623655913979
-ən̄	0.541287793238	0.204319801684	0.0672840772912	0.187108327787
-á̰k	0.117647058824	0.779411764706	0.102941176471	0.0
-á̰n	0.00384245917387	0.97502401537	0.0153698366955	0.00576368876081
-dán	0.145767027371	0.258434118396	0.0954805856143	0.500318268619
-tíī	0.57790368272	0.287818696884	0.0781869688385	0.0560906515581
-yaá	0.317331163548	0.552481692433	0.100895036615	0.0292921074044
-ɔdə	0.751075599262	0.148740012293	0.0298094652735	0.0703749231715
-iji	0.00684931506849	0.924657534247	0.0684931506849	0.0
-úbī	0.608232789212	0.0425833924769	0.0851667849539	0.264017033357
-eēn	0.345193035579	0.479182437547	0.0726722180166	0.102952308857
-ŕmī	0.809881175735	0.146341463415	0.0	0.0437773608505
-āńg	0.124383879385	0.325891562772	0.497535517541	0.0521890403015
-hɔī	0.474341383096	0.212266739846	0.163007683864	0.150384193194
-ɓɔ́	0.694246575342	0.164853228963	0.0314677103718	0.109432485323
-yas	0.25	0.75	0.0	0.0
-yay	0.185806451613	0.135483870968	0.624516129032	0.0541935483871
-á̰í	0.130952380952	0.47619047619	0.0	0.392857142857
-būú	0.485487378274	0.383851753805	0.0361161009738	0.0945447669472
-ōmī	0.222222222222	0.471264367816	0.306513409962	0.0
-er̄	0.633237872227	0.16983630783	0.0514075191672	0.145518300775
-lpi	0.111111111111	0.888888888889	0.0	0.0
-á̰ý	0.118650013785	0.0391752177172	0.511819828315	0.330354940183
-ráý	0.18045112782	0.135338345865	0.18045112782	0.503759398496
-hɔń	0.443438914027	0.230769230769	0.223981900452	0.101809954751
-ȳm̄	0.14693877551	0.228571428571	0.477551020408	0.14693877551
-ráá	0.107142857143	0.839285714286	0.0	0.0535714285714
-́jə	0.497805374157	0.123380794347	0.0631624023124	0.315651429183
-ūtī	0.785007072136	0.045261669024	0.04243281471	0.12729844413
-yáŕ	0.010989010989	0.913919413919	0.0531135531136	0.021978021978
-̄ɓā	0.562645338099	0.35380174564	0.0170447949172	0.0665081213435
-toī	0.253173277302	0.20037430607	0.129399675066	0.417052741562
-ī-n	0.218181818182	0.290909090909	0.436363636364	0.0545454545455
-̄ɓē	0.00171912260068	0.985089590117	0.00214464799688	0.0110466392855
-666	0.125	0.0	0.0	0.875
-úbə	0.689323917333	0.310676082667	0.0	0.0
-ade	0.00813008130081	0.991869918699	0.0	0.0
-sḛt	0.0	0.659090909091	0.340909090909	0.0
-rbə	0.0366972477064	0.963302752294	0.0	0.0
-adi	0.0	1.0	0.0	0.0
-noō	0.100379330071	0.0811869610717	0.0424223545007	0.776011354356
-təń	0.615832896805	0.261720796228	0.046817705605	0.075628601362
-sem	0.0	1.0	0.0	0.0
-̄ɓō	0.273469387755	0.663945578231	0.0571428571429	0.00544217687074
-yāḿ	0.020201347928	0.0261083644387	0.00759106092571	0.946099226708
-tɔȳ	0.0253157656602	0.00970328657949	0.220041102686	0.744939845075
-eré	0.358974358974	0.512820512821	0.0512820512821	0.0769230769231
-yáā	0.118137682061	0.748661770198	0.132453628781	0.00074691895929
-sew	0.278422273782	0.512761020882	0.0835266821345	0.125290023202
-set	0.0	1.0	0.0	0.0
-ses	0.0	1.0	0.0	0.0
-ser	0.0	1.0	0.0	0.0
-raá	0.285294117647	0.624117647059	0.0570588235294	0.0335294117647
-éēn	0.300561797753	0.547752808989	0.134831460674	0.0168539325843
-toń	0.473614775726	0.352242744063	0.0554089709762	0.118733509235
-láẃ	0.249701585858	0.13400215995	0.126897061331	0.489399192861
-toō	0.0723145564218	0.0386918234238	0.0176968880003	0.871296732154
-́ḭī	0.753058103976	0.189602446483	0.0573394495413	0.0
-ḭn̄	0.200205926095	0.09364734339	0.0263127788583	0.679833951656
-ḭḭ̄	0.0165233586314	0.0321077293944	0.00943736918145	0.941931542793
-ŕjí	0.57360238174	0.189216010586	0.0357260999008	0.201455507774
-úpə	0.610778443114	0.215568862275	0.137724550898	0.0359281437126
-idə	0.140114561267	0.253651466161	0.0310444308173	0.575189541755
-ĺsí	0.388252187713	0.366980128729	0.15220611127	0.0925615722882
-adí	0.186276742519	0.476229463524	0.105887349835	0.231606444121
-́jā	0.698412698413	0.301587301587	0.0	0.0
-̄bī	0.830212234707	0.169787765293	0.0	0.0
-kār	0.15	0.64375	0.20625	0.0
-seí	0.120950167078	0.111397646375	0.0368661920674	0.730785994479
-̄bō	0.6	0.266666666667	0.0666666666667	0.0666666666667
-ádə	0.0625543006082	0.913987836664	0.020851433536	0.00260642919201
-ras	0.00999999999999	0.985	0.00499999999999	0.0
-ran	0.32776801406	0.503514938489	0.0395430579965	0.129173989455
-eri	0.0	1.0	0.0	0.0
-ram	0.0230769230769	0.853846153846	0.0461538461539	0.0769230769232
-raj	0.0	0.934782608696	0.0652173913043	0.0
-rak	0.11421319797	0.88578680203	0.0	0.0
-era	0.0	1.0	0.0	0.0
-ere	0.00897308075772	0.733798604188	0.167497507478	0.0897308075772
-ya̰	0.599346977876	0.229614102812	0.0575128962385	0.113526023074
-utə	0.0909513120152	0.281235204493	0.0264022000916	0.6014112834
-iko	0.0	1.0	0.0	0.0
-nor	0.0	1.0	0.0	0.0
-nos	0.0344827586207	0.965517241379	0.0	0.0
-̰ō̰	0.410432200522	0.329570637875	0.14627205671	0.113725104893
-nok	0.0243902439024	0.975609756098	0.0	0.0
-seĺ	0.761459307764	0.185219831618	0.0420954162769	0.0112254443405
-non	0.45197359245	0.247570784323	0.0158073364638	0.284648286764
-ənā	0.107309486781	0.664074650078	0.0513219284603	0.177293934681
-noe	0.0	1.0	0.0	0.0
-́ḛ́	0.110266159696	0.769961977186	0.096958174905	0.0228136882129
-bḭḭ	0.123711340206	0.131443298969	0.744845360825	0.0
-pya	0.0	0.959183673469	0.0408163265306	0.0
-ənī	0.383326696878	0.378136357029	0.0698332037645	0.168703742329
-̰yī	0.86142022256	0.0696501481067	0.020414698583	0.0485149307502
-́jí	0.267225785233	0.263114619306	0.0698898207532	0.399769774708
-āwń	0.378648874062	0.463719766472	0.0750625521267	0.0825688073395
-ton	0.553191489362	0.43085106383	0.0	0.0159574468085
-too	0.0502200362413	0.937354387782	0.0124255759772	0.0
-́já	0.438641186533	0.543102382285	0.0	0.018256431182
-ýyē	0.847328244275	0.106870229008	0.0	0.0458015267176
-̰yń	0.335166571844	0.541058221127	0.10708641507	0.016688791959
-ébə	0.308101939901	0.452263217954	0.0	0.239634842145
-iel	0.0203759854457	0.959248029109	0.0203759854457	0.0
-tən	0.487162525959	0.395951360385	0.0977966729832	0.0190894406724
-adī	0.326363261438	0.491655380802	0.0802121687097	0.10176918905
-dáȳ	0.445500513249	0.257499144584	0.249097061172	0.0479032809946
-rod	0.0204731574158	0.938428874735	0.0304822565969	0.0106157112527
-tər	0.0447379633575	0.854921175969	0.071580741372	0.0287601193012
-rom	0.0167832167832	0.756083916084	0.147692307692	0.0794405594405
-ron	0.0	1.0	0.0	0.0
-ijə	0.0218417321001	0.733750978857	0.238777540265	0.00562974877775
-noó	0.143007429811	0.117824972056	0.0378613540228	0.70130624411
-hɔ́	0.853513971211	0.0651989839119	0.0	0.0812870448772
-kāń	0.697183098592	0.218309859155	0.0	0.0845070422535
-erī	0.759001722477	0.0487380377081	0.0122810533542	0.179979186461
-raī	0.559018669958	0.263693874402	0.106927943219	0.0703595124209
-ōm̄	0.348837209302	0.383968332509	0.0667986145472	0.200395843642
-kɔȳ	0.135491606715	0.767386091127	0.0395683453238	0.0575539568345
-ugī	0.467680608365	0.463878326996	0.0342205323194	0.0342205323194
-276	0.0	0.243243243243	0.0	0.756756756757
-́ja	0.829969556883	0.129777878002	0.0172510993348	0.0230014657797
-ḭ́ḭ	0.74343640488	0.135763304908	0.0	0.120800290213
-toó	0.140503467435	0.405717222315	0.0322244682621	0.421554841988
-o̰ḿ	0.749096167751	0.250903832249	0.0	0.0
-roó	0.145957297865	0.824641232062	0.0105005250263	0.0189009450472
-gɔr	0.245221985225	0.0954190386055	0.0283643863094	0.630994589861
-sáa	0.0894941634241	0.155642023346	0.731517509728	0.0233463035019
-gɔn	0.152564933048	0.746887561783	0.0892779498283	0.0112695553406
-rań	0.700863930886	0.209503239741	0.0323974082073	0.0572354211663
-lek	0.0	1.0	0.0	0.0
-ois	0.0	1.0	0.0	0.0
-lem	0.0167749692268	0.959293504709	0.0	0.0239315260642
-len	0.258461538461	0.670769230769	0.00307692307692	0.0676923076923
-ɔ̄ĺ	0.306621431914	0.599204492279	0.0485493682733	0.0456247075339
-esí	0.104643164081	0.0556419026628	0.0157677326347	0.823947200621
-ɔ̄ī	0.508651911469	0.306639839034	0.115895372233	0.0688128772636
-ida	0.010333863275	0.982511923688	0.0	0.00715421303657
-let	0.0254777070064	0.974522292994	0.0	0.0
-̄sō	0.831824062096	0.114489003881	0.0323415265201	0.0213454075032
-̄gē	0.124293885988	0.0789600299374	0.0391919263919	0.757554157683
-gúu	0.374117647059	0.555294117647	0.0564705882353	0.0141176470588
-̰jí	0.0434621398978	0.841692057197	0.0252131998517	0.0896326030533
-ḛ́ḛ	0.0446927374301	0.256983240223	0.664804469274	0.0335195530726
-ɔ̄ŕ	0.941570680628	0.050890052356	0.00753926701571	0.0
-pel	0.0	1.0	0.0	0.0
-pen	0.0	1.0	0.0	0.0
-ə̄n	0.363333080354	0.346876008052	0.139847192114	0.14994371948
-ɔ̄ń	0.309775143715	0.23782876329	0.0680419189093	0.384354174086
-lsi	0.0	1.0	0.0	0.0
-leé	0.136433842458	0.47400034323	0.209370173331	0.180195640982
-esi	0.0828402366864	0.852071005917	0.0	0.0650887573964
-ajə	0.127797765362	0.321591541176	0.329496395644	0.221114297819
-iti	0.0963302752294	0.821100917431	0.0825688073394	0.0
-en̄	0.652779685129	0.137081462879	0.0415573716533	0.168581480339
-ágá	0.304048251351	0.105500284065	0.142494748107	0.447956716477
-ese	0.0	1.0	0.0	0.0
-muú	0.0208440092517	0.946775064748	0.0265639931859	0.00581693281443
-eyé	0.587301587302	0.253968253968	0.0	0.15873015873
-ərɔ	0.156912817672	0.634921434261	0.189241589152	0.0189241589152
-ɓōĺ	0.209434015288	0.360267254946	0.308123032824	0.122175696942
-gúú	0.440816326531	0.387755102041	0.14693877551	0.0244897959184
-̄r̄	0.448103006259	0.236175362713	0.110568453617	0.205153177411
-uda	0.0123076923077	0.987692307692	0.0	0.0
-ude	0.0	0.988220416789	0.00519687494587	0.00658270826476
-újə	0.0448709550636	0.898191125002	0.00921749546143	0.0477204244727
-ɓoo	0.386158882989	0.203170229563	0.0716513676259	0.339019519822
-ogó	0.0734265734266	0.758741258741	0.020979020979	0.146853146853
-ojə	0.286528880217	0.636709795972	0.0178074147044	0.0589539091064
-ael	0.0246953175112	0.924823604875	0.0179602309173	0.0325208466966
-wéŕ	0.144966442953	0.645637583893	0.209395973154	0.0
-eju	0.00571065348519	0.736536727307	0.00248472386155	0.255267895346
-guŕ	0.408045977011	0.287356321839	0.103448275862	0.201149425287
-aāń	0.683006535948	0.225490196078	0.0326797385621	0.0588235294117
-laá	0.6684733514	0.257452574526	0.0469738030714	0.0271002710027
-leń	0.219642857143	0.519642857143	0.117857142857	0.142857142857
-usə	0.221313764341	0.618313942657	0.157164847141	0.00320744586002
-rni	0.0	1.0	0.0	0.0
-uri	0.0	1.0	0.0	0.0
-aaḿ	0.09375	0.684659090909	0.127840909091	0.0937499999999
-leī	0.7891066091	0.0939887080704	0.0	0.11690468283
-éjí	0.701834862385	0.270642201835	0.0275229357798	0.0
-ure	0.0	0.884955752212	0.115044247788	0.0
-̰ā̰	0.469194900842	0.284335662544	0.0633271933746	0.183142243239
-ə̄ń	0.412325505678	0.391886290599	0.0888836803115	0.106904523412
-laḿ	0.0763447079236	0.503759398496	0.254482359746	0.165413533835
-uru	0.346153846154	0.387573964497	0.0177514792899	0.248520710059
-ɓōó	0.0703653585927	0.182679296346	0.677943166441	0.0690121786197
-ḛtə	0.203947368421	0.384868421053	0.139802631579	0.271381578947
-̄sí	0.317872347594	0.254323294927	0.0752694626799	0.352534894799
-sōī	0.582831325301	0.234939759036	0.0361445783133	0.146084337349
-ḛyī	0.834146341463	0.0585365853659	0.0780487804878	0.0292682926829
-tūŕ	0.835051546392	0.123711340206	0.0412371134021	0.0
-āw̄	0.386054883467	0.0743704327626	0.0123020875034	0.527272596267
--to	0.312709116179	0.343593967159	0.169197508622	0.17449940804
-ām̄	0.0914312306031	0.102965683224	0.0171487543519	0.788454331821
-ipḭ	0.085409252669	0.341637010676	0.53024911032	0.0427046263345
-kə́	0.0385369891097	0.012137428095	0.00285265474603	0.946472928049
-kə̄	0.207578680975	0.0387226616079	0.0173801713729	0.736318486044
-ɔ̄í	0.15235399227	0.105955927965	0.046487456939	0.695202622827
-jāḿ	0.0869565217391	0.768115942029	0.115942028986	0.0289855072464
-rdḛ	0.0034188034188	0.996581196581	0.0	0.0
-sōń	0.647457627119	0.250847457627	0.0203389830509	0.0813559322034
-ksə	0.0123456790123	0.946502057613	0.0329218106996	0.0082304526749
-ɓōn	0.242236024845	0.55900621118	0.173913043478	0.0248447204969
-gān	0.538738738739	0.41051051051	0.0351351351351	0.0156156156156
-260	0.0153846153846	0.123076923077	0.0307692307692	0.830769230769
-bō̰	0.236008676789	0.7431670282	0.0208242950108	0.0
-kíl	0.0835579514824	0.847708894879	0.044474393531	0.0242587601078
-gār	0.0637271032138	0.862564440057	0.0428046506526	0.0309038060766
-ȳn̄	0.664447335135	0.247998111644	0.0431935795893	0.0443609736322
-ají	0.159564454168	0.407221784076	0.0302745058132	0.402939255943
-ágə	0.0378149810432	0.698441549477	0.228492215964	0.0352512535148
-́ya	0.353836834715	0.550345549162	0.00495608359261	0.0908615325312
-ádá	0.100581135449	0.651318730443	0.222236413564	0.0258637205441
-ur̄	0.238838251197	0.394871002626	0.301405839642	0.0648849065349
-ajá	0.278669084821	0.508579799107	0.0624302455357	0.150320870536
-āan	0.808284023669	0.0568047337278	0.10650887574	0.0284023668639
-m-ā	0.0784923997386	0.0269000824703	0.0064990497858	0.888108468005
-ogə	0.208041056837	0.695690377868	0.0724718412898	0.0237967240056
-000	0.155845985839	0.0807059569521	0.0	0.763448057209
-áýḿ	0.0340909090909	0.778409090909	0.170454545455	0.0170454545454
-ojí	0.256221950224	0.470012239902	0.100775193798	0.172990616075
-jḭḭ	0.0147129188082	0.0207711794939	0.00276949059918	0.961746411099
-gāá	0.289303295584	0.338846181827	0.0948177607488	0.27703276184
-udə	0.642878991212	0.11556913784	0.0207500323789	0.220801838569
-gír	0.19923464015	0.327157359076	0.0534875162455	0.420120484528
-əro	0.0181112548512	0.955368693402	0.0265200517464	0.0
-əri	0.0120160213618	0.771695594126	0.216288384513	0.0
-spə	0.0361990950226	0.927601809955	0.0361990950227	0.0
-əra	0.189199324958	0.755672229514	0.0371273204575	0.0180011250703
-̄rī	0.44341475151	0.250633116935	0.186161349888	0.119790781667
-kəs	0.0714285714285	0.714285714286	0.119047619048	0.0952380952381
-esə	0.0177514792899	0.94674556213	0.0355029585799	0.0
-aji	0.00367346938775	0.980408163265	0.00857142857143	0.00734693877551
-itə	0.0780753994281	0.883201721017	0.0273893538316	0.0113335257234
-aje	0.0482456140351	0.907894736842	0.0	0.0438596491228
-aja	0.0301724137931	0.969827586207	0.0	0.0
-̄rā	0.572310617779	0.280326034455	0.0451517328171	0.102211614949
-rmī	0.576	0.00669387755103	0.0999183673469	0.317387755102
-əɓa	0.251756440281	0.632318501171	0.0725995316159	0.0433255269321
-əle	0.378698224852	0.287968441815	0.293885601578	0.0394477317554
-əla	0.321314823334	0.500343018681	0.0332021800356	0.145139977949
-əlo	0.0608153509854	0.839481495973	0.0593013464434	0.0404018065987
-ō̰ń	0.271540469974	0.681462140992	0.0	0.0469973890339
-əli	0.0	1.0	0.0	0.0
-yus	0.0747863247863	0.903846153846	0.0042735042735	0.017094017094
-̄rū	0.684997198667	0.282099005764	0.0	0.0329037955691
-pḭḭ	0.432432432432	0.437837837838	0.0324324324324	0.0972972972973
-āān	0.376850264131	0.148751624388	0.0441372098209	0.43026090166
-̄rō	0.0165745856353	0.950276243094	0.0331491712707	0.0
-tīī	0.0708729472774	0.818496110631	0.0743301642178	0.0363007778738
-ɔ̄ȳ	0.557395583238	0.373484827941	0.0412973690084	0.0278222198118
-ɔgə	0.430228548139	0.301533059535	0.125090133868	0.143148258457
-n-ā	0.664516129032	0.296774193548	0.0387096774194	0.0
-rnə	0.0	1.0	0.0	0.0
-yō̰	0.0729686139756	0.874394583992	0.0431486231249	0.00948817890704
-nus	0.0	1.0	0.0	0.0
-āań	0.390546746833	0.309342983278	0.0834974056793	0.216612864209
-gāń	0.693838862559	0.203791469194	0.0113744075829	0.0909952606635
-bée	0.414706334702	0.128751638733	0.0794367063654	0.3771053202
-ríī	0.576771653543	0.175196850394	0.129921259843	0.11811023622
-taí	0.325596727423	0.403603268466	0.0985955127189	0.172204491392
-wil	0.0769230769231	0.865384615385	0.0576923076923	0.0
-̄ró	0.132743362832	0.787610619469	0.0265486725664	0.0530973451328
-ius	0.0664495114006	0.904234527687	0.00390879478827	0.0254071661238
-gāī	0.450690715381	0.296298199487	0.179937137621	0.0730739475119
-taá	0.124191590883	0.234185106984	0.456832200037	0.184791102096
-kíī	0.477498815727	0.442918048318	0.0397915679773	0.0397915679773
-iud	0.0	1.0	0.0	0.0
-ɔ̄ɔ	0.539772727273	0.357954545454	0.0681818181818	0.0340909090909
-uel	0.0	0.985576923077	0.0	0.0144230769231
-mɔ́	0.0948905109489	0.802919708029	0.102189781022	0.0
-mɔ̄	0.13698630137	0.438356164384	0.246575342466	0.178082191781
-āwī	0.48189073051	0.236955187231	0.0883977900553	0.192756292204
-ōhó	0.0738714090287	0.12585499316	0.0800273597811	0.72024623803
-əre	0.155624838566	0.710836406267	0.0868916557594	0.0466470994077
-əlā	0.205410659323	0.644473243696	0.0210594524542	0.129056644527
-ərō	0.00231213872832	0.997687861272	0.0	0.0
-gíŕ	0.305600796236	0.355275063337	0.0561776149113	0.282946525516
-béé	0.325350949628	0.182493806771	0.351775392238	0.140379851363
-tal	0.0130861504907	0.703380588877	0.270447110142	0.0130861504907
-tam	0.257675438596	0.498903508772	0.0603070175438	0.183114035088
-tan	0.198599069312	0.405811235054	0.0355353683789	0.360054327255
-ajā	0.0621901757548	0.887787291573	0.0121676430825	0.0378548895899
-ámá	0.458699472759	0.386643233743	0.1230228471	0.0316344463972
-ɔ́ḿ	0.262139917695	0.235390946502	0.314814814815	0.187654320988
-ō̰ī	0.537155680647	0.231975115636	0.115434601858	0.115434601858
-ō̰n	0.413793103448	0.508620689655	0.051724137931	0.0258620689655
--ḭḭ	0.467409948542	0.376500857633	0.032590051458	0.123499142367
-ajī	0.387966804979	0.271784232365	0.0809128630705	0.259336099585
-ərē	0.0382132713658	0.324038213271	0.636199328686	0.00154918667699
-ene	0.0437158469945	0.781420765027	0.0437158469945	0.131147540984
-ərā	0.285714285714	0.625615763547	0.0591133004926	0.0295566502463
-deé	0.331314570716	0.439258995369	0.180976131101	0.0484503028144
-msí	0.0870542016774	0.179869726072	0.0155513107026	0.717524761548
-taā	0.244287666262	0.627262471223	0.0363404986436	0.092109363872
-hem	0.0143369175627	0.985663082437	0.0	0.0
-hen	0.00364317809708	0.978140931418	0.0182158904854	0.0
-táĺ	0.0148277881345	0.700962194513	0.275238131054	0.0089718862988
-yjí	0.347457627119	0.516949152542	0.0338983050847	0.101694915254
-óōī	0.675767918089	0.173440893577	0.0341296928328	0.116661495501
-kɔŕ	0.594511495572	0.0896012115093	0.163645541737	0.152241751182
-ír̄	0.435285366513	0.418041655396	0.0350622126048	0.111610765486
-ptə	0.00445885691123	0.959059586542	0.0340494527767	0.00243210376976
-a̰í	0.559701492537	0.350746268657	0.044776119403	0.044776119403
-əsā	0.841827768014	0.105448154657	0.0421792618629	0.0105448154657
-a̰ý	0.0745840082461	0.0309232808128	0.0142836106612	0.88020910028
--ɔy	0.328537170264	0.448441247003	0.0359712230216	0.187050359712
-pus	0.0102214650767	0.979557069847	0.0	0.0102214650767
--ɔr	0.457860615883	0.375202593193	0.0753646677472	0.0915721231767
-jaḿ	0.149808744492	0.636662954534	0.0203360286641	0.193192272309
--un	0.551544240401	0.270659432387	0.0375626043406	0.140233722871
-gḛy	0.527996669541	0.132534419697	0.037765024235	0.301703886527
-kɔĺ	0.777777777778	0.222222222222	0.0	0.0
-ādī	0.584964924233	0.158520778087	0.0570972689877	0.199417028692
-lēī	0.229885057471	0.32183908046	0.333333333333	0.114942528736
-luú	0.220703125	0.5390625	0.146484375	0.09375
-jií	0.476376156303	0.326502675571	0.197121168125	0.0
-ayā	0.0874657341674	0.53341885148	0.221471497856	0.157643916497
-nəń	0.345322893809	0.454812980562	0.112714803049	0.0871493225806
-rān	0.649371258815	0.240026152586	0.0427328183221	0.0678697702762
-un̄	0.0677328410192	0.916064472853	0.0123513873845	0.00385129874352
-əsō	0.644985135677	0.143498703325	0.0542916780872	0.157224482911
-óōń	0.345433255269	0.566744730679	0.0491803278688	0.0386416861827
-táŕ	0.270311262408	0.670874129999	0.0230876826371	0.0357269249566
-meé	0.302583610715	0.166508162942	0.041908384847	0.488999841496
-amḛ	0.0	1.0	0.0	0.0
-mbə	0.117647058823	0.734345351044	0.0910815939279	0.0569259962049
-dek	0.0633829705994	0.927453226422	0.00458190148912	0.00458190148911
-dem	0.0	0.991304347826	0.0	0.00869565217391
-des	0.0	1.0	0.0	0.0
-̄ɔń	0.296986518636	0.581681205393	0.00951625693894	0.111816019032
-a̰n	0.7041355834	0.163612660245	0.0572173535163	0.0750344028391
-goń	0.62	0.36	0.0	0.02
-nsí	0.0426342199495	0.0835558855582	0.0455084370247	0.828301457468
-bid	0.0196861626248	0.975463623395	0.00171184022825	0.00313837375178
-a̰t	0.9	0.0666666666667	0.0	0.0333333333333
-bia	0.0	0.968503937008	0.0314960629921	0.0
-a̰y	0.223342789204	0.249666263402	0.112323223896	0.414667723499
-goī	0.464277863267	0.494614200923	0.0411079358101	0.0
-úm̄	0.326674786845	0.562728380024	0.0555420219245	0.0550548112059
-nar	0.0927114393476	0.849430303509	0.0167848186252	0.0410734385182
-rúu	0.417048579285	0.126183929117	0.337610754659	0.119156736939
-jim	0.0348634514817	0.906449738524	0.0	0.0586868099942
-ōiń	0.284090909091	0.306818181818	0.363636363636	0.0454545454545
-mes	0.0	1.0	0.0	0.0
-mer	0.260133022568	0.495992268774	0.0	0.243874708658
-lur	0.779411764706	0.132352941176	0.0588235294118	0.0294117647059
-lus	0.19724137931	0.744827586207	0.0496551724138	0.00827586206898
-luk	0.0131578947368	0.973684210526	0.0	0.0131578947368
-̰a̰	0.257563246245	0.365193734979	0.0217230114879	0.355520007287
-men	0.0344827586207	0.758620689655	0.0689655172413	0.137931034483
-mek	0.0	1.0	0.0	0.0
-rāá	0.267441860465	0.279069767442	0.353820598007	0.0996677740864
-aya	0.0301255230126	0.507112970711	0.416736401674	0.0460251046025
-kɔr	0.223677851896	0.627863396846	0.0996372415162	0.0488215097421
-tór	0.152173913043	0.800395256917	0.0237154150197	0.0237154150197
-ayi	0.00356506238859	0.992869875223	0.0	0.00356506238859
-kɔy	0.374872318693	0.337078651685	0.1164453524	0.171603677222
-̄dē	0.409090909091	0.539772727273	0.0316558441559	0.0194805194805
-tóo	0.0854878787535	0.137208933288	0.0867926334257	0.690510554533
-kɔl	0.144086737363	0.776023586476	0.0513576489609	0.0285320272006
-lēn	0.289655172414	0.536551724138	0.173793103448	0.0
-rāā	0.455826338703	0.0772014545722	0.0222051034826	0.444767103242
-̄dī	0.563995837669	0.339229968783	0.0	0.0967741935484
-téḿ	0.386363636364	0.272727272727	0.0681818181818	0.272727272727
-in̄	0.210203929091	0.0749447419662	0.0181024515197	0.696748877423
-rāī	0.42689601251	0.426114151681	0.0820953870211	0.0648944487881
-ūsī	0.72	0.28	0.0	0.0
-lɔń	0.794520547945	0.013698630137	0.164383561644	0.027397260274
-búy	0.0	0.980392156863	0.0196078431373	0.0
-̄já	0.210455987974	0.380658092534	0.402872891264	0.00601302822782
-nən	0.109572486416	0.725884989773	0.0418676925409	0.122674831269
-sáá	0.145098039216	0.186274509804	0.609803921569	0.0588235294118
-gōō	0.055900621118	0.925465838509	0.0	0.0186335403727
-óōn	0.633196424257	0.29519207538	0.0376902633486	0.0339212370138
-jə̄	0.23144600939	0.306769234583	0.041778403186	0.420006352841
-āl̄	0.0401570638943	0.638180425224	0.0634097755243	0.258252735357
-əsa	0.562299839603	0.403153213563	0.0115335303868	0.0230134164463
-jə́	0.169087730192	0.756755284672	0.0310462589258	0.0431107262101
-aka	0.69696969697	0.060606060606	0.212121212121	0.030303030303
-rūn	0.756756756757	0.108108108108	0.0	0.135135135135
-ga̰	0.274924471299	0.688821752266	0.036253776435	0.0
-gol	0.064512417022	0.455132584884	0.455686370403	0.0246686276907
-a̰ń	0.381885630293	0.412052915238	0.085672289494	0.120389164975
-gon	0.0521739130435	0.947826086957	0.0	0.0
-tóó	0.228798267773	0.344640923854	0.204258390473	0.2223024179
-gog	0.0588235294117	0.897058823529	0.0441176470588	0.0
-été	0.185650535629	0.103515348706	0.187868928356	0.52296518731
-lēé	0.192293396436	0.575053032306	0.115208258844	0.117445312414
-séḿ	0.745762711864	0.101694915254	0.118644067797	0.0338983050848
-jiī	0.51230801599	0.273043925474	0.118287864974	0.0963601935619
-ópó	0.181818181818	0.681818181818	0.0227272727273	0.113636363636
-sáp	0.591275289914	0.105791659084	0.0528048437526	0.250128207249
-əmī	0.0542372881356	0.905084745763	0.0	0.0406779661017
-deī	0.618497109827	0.138728323699	0.0346820809249	0.208092485549
-əsó	0.3507565337	0.206327372765	0.352132049519	0.0907840440165
-əsí	0.45529221747	0.281958144726	0.102066422199	0.160683215605
-sák	0.385171400208	0.468712583543	0.106992055613	0.0391239606348
-rūú	0.389908256881	0.293577981651	0.206422018349	0.110091743119
-aké	0.0735722274873	0.0437659554486	0.00591685663789	0.876744960426
-a̰ī	0.574620598988	0.2268199011	0.053919286281	0.144640213631
-ena	0.0	1.0	0.0	0.0
-deē	0.070634744907	0.487152803349	0.0277654813215	0.414446970423
--ra	0.497159668749	0.220318175214	0.0802411739067	0.20228098213
-yoḿ	0.122448979592	0.636734693878	0.110204081633	0.130612244898
-írī	0.599883517764	0.276062900408	0.0425160163075	0.0815375655212
-pte	0.0	1.0	0.0	0.0
-jīn	0.164648361611	0.704485602038	0.0152182359798	0.115647800371
-saī	0.728039041704	0.194764862467	0.0159716060337	0.0612244897959
-ógī	0.820549411345	0.166321798073	0.0	0.0131287905815
-gad	0.0	1.0	0.0	0.0
-gaa	0.0741923678344	0.864923312373	0.0349336261104	0.025950693682
-gan	0.312724014337	0.56541218638	0.0591397849462	0.0627240143369
-gam	0.0741293290175	0.752232957726	0.0566611501862	0.11697656307
-ein	0.0	1.0	0.0	0.0
-lpe	0.0	1.0	0.0	0.0
-gai	0.0	1.0	0.0	0.0
-jən	0.356216780958	0.519042228985	0.0567364829947	0.0680045070625
-mbá	0.117228204237	0.864536297326	0.00260507120528	0.0156304272317
-gar	0.079365079365	0.904761904762	0.015873015873	0.0
-āgá	0.264705882353	0.470588235294	0.0588235294118	0.205882352941
-umḿ	0.113038718736	0.163132719355	0.0164203612479	0.707408200662
-ini	0.0	1.0	0.0	0.0
-lpa	0.0291711683902	0.925451458558	0.0453773730514	0.0
-tó̰	0.444444444444	0.5	0.0138888888889	0.0416666666667
-ing	0.257806912992	0.280929678188	0.43516090584	0.0261025029798
-rɔ̄	0.168615972042	0.214564411662	0.0231886668178	0.593630949478
-rɔ́	0.0965329009933	0.565261561535	0.330853243179	0.00735229429286
-ájī	0.312862108922	0.582850521437	0.0208574739281	0.0834298957126
-dəḿ	0.265306122449	0.408163265306	0.0408163265306	0.285714285714
-lōō	0.501446480231	0.270102366293	0.12219049032	0.106260663156
-jə-	0.0352941176471	0.647058823529	0.258823529412	0.0588235294118
-kɔ́	0.122425203261	0.127764078283	0.222779771405	0.52703094705
-sań	0.51508545518	0.333362399721	0.111266131845	0.0402860132543
-́hɔ	0.526724975705	0.28247489472	0.121801101393	0.0689990281827
-nāī	0.642023346304	0.357976653696	0.0	0.0
-één	0.100746268657	0.734141791045	0.0223880597015	0.142723880597
-gáŕ	0.128885086969	0.098374679213	0.14627887083	0.626461362988
-āāī	0.386483389742	0.138619013567	0.0393892142866	0.435508382404
-gaá	0.320089007362	0.408083882002	0.168004255879	0.103822854757
-nāā	0.126341866226	0.810851508233	0.0120464370719	0.0507601884684
-ārā	0.196531791908	0.791907514451	0.0115606936416	0.0
-mba	0.0834247325833	0.856152415834	0.048063631941	0.012359219642
-yek	0.711111111111	0.111111111111	0.177777777778	0.0
-yel	0.0782442748091	0.875954198473	0.0152671755725	0.030534351145
-yen	0.0484485574306	0.863364180729	0.0	0.08818726184
-gáā	0.752397433124	0.116374648497	0.0666234047155	0.0646045136636
-ūbú	0.018058968059	0.215573059691	0.00151756034109	0.764850411909
-̄ɔ́	0.259388123008	0.128014539959	0.0350314667709	0.577565870262
-̄ɔ̄	0.24870637991	0.413753788285	0.266760216594	0.070779615211
-go̰	0.565356004251	0.396386822529	0.0159404888416	0.0223166843783
-úmī	0.634900990099	0.191831683168	0.0841584158416	0.089108910891
-ela	0.0	1.0	0.0	0.0
-eo̰	0.0621468926554	0.920903954802	0.00564971751412	0.0112994350282
-a̰ȳ	0.541078655779	0.330563863686	0.0623590299001	0.0659984506347
-āāń	0.388811444052	0.401600672773	0.114051356922	0.0955365262528
-w̄ń	0.472614450769	0.292863547419	0.0684022505288	0.166119751284
-gań	0.762365591398	0.135483870968	0.0150537634409	0.0870967741935
-ópə	0.165112855741	0.819430814524	0.002208047105	0.01324828263
-jəń	0.501252247352	0.319378993763	0.062671675656	0.11669708323
-áji	0.108571428571	0.8	0.0742857142857	0.0171428571429
-rā̰	0.00713279246637	0.946197740261	0.0447659306325	0.0019035366398
-gáý	0.217320261438	0.363562091503	0.15931372549	0.259803921569
-áāī	0.631805157593	0.308022922636	0.0601719197707	0.0
-sau	0.0	1.0	0.0	0.0
-dóō	0.138495524972	0.816068532101	0.0223483557995	0.0230875871275
-nāá	0.197195442594	0.373356704645	0.236634531113	0.192813321648
-əba	0.70383759733	0.184371523915	0.0450500556174	0.0667408231368
-̄gā	0.474621623882	0.392925829919	0.0220754243666	0.110377121833
-āāí	0.331000032332	0.495861489217	0.0729897507194	0.100148727731
-akə	0.0983960518199	0.896206045651	0.00323874151758	0.00215916101172
-sad	0.0	1.0	0.0	0.0
-sak	0.420168067227	0.529411764706	0.0	0.0504201680672
-ola	0.0357142857143	0.964285714286	0.0	0.0
--óy	0.516728624535	0.329925650558	0.0557620817844	0.0975836431227
-āāá	0.34375	0.5625	0.0625	0.03125
-san	0.897810218978	0.07299270073	0.029197080292	0.0
-sam	0.0	1.0	0.0	0.0
-̄gī	0.840707964602	0.141592920354	0.0	0.0176991150442
-gaī	0.367359050445	0.518694362018	0.0605341246291	0.053412462908
-lɔ́	0.206831119545	0.721062618596	0.0493358633776	0.022770398482
-lɔ̄	0.182364729459	0.298597194389	0.371743486974	0.147294589178
-mar	0.0	1.0	0.0	0.0
-yāí	0.0476307128956	0.129848240119	0.0105196666518	0.812001380333
-ájí	0.925	0.05	0.0	0.025
-gán	0.0461904576132	0.869878672024	0.0271681036164	0.056762766746
-gál	0.12728081887	0.83800623053	0.0240320427236	0.0106809078772
-gáy	0.0448669201521	0.955133079848	0.0	0.0
-mbē	0.180904522613	0.718592964824	0.0804020100502	0.0201005025125
-nān	0.608695652174	0.169960474308	0.0	0.221343873518
-dā̰	0.0515834455307	0.831867938887	0.0786747058479	0.0378739097348
-oló	0.273174329973	0.669289402508	0.0162281780182	0.0413080895009
-írí	0.481235218596	0.273937428205	0.150983174539	0.0938441786607
-mbā	0.282280678328	0.583656028842	0.0449993323541	0.0890639604753
-saá	0.426885245902	0.461639344262	0.0354098360656	0.0760655737705
-lōó	0.230464886251	0.635014836795	0.11078140455	0.0237388724036
--óý	0.476409666283	0.258918296893	0.0690448791715	0.195627157652
-ídī	0.671052631579	0.25	0.0676691729323	0.0112781954887
-əm̄	0.633597287108	0.186336333628	0.073919683496	0.106146695768
-mḛḛ	0.482142857143	0.0357142857143	0.375	0.107142857143
-̄rá	0.0758122743682	0.813477737666	0.0312876052948	0.0794223826715
-mbī	0.229449766095	0.732679884161	0.00891067052794	0.0289596792159
-rjə	0.0176211453744	0.964757709251	0.00881057268724	0.00881057268722
-tāā	0.845043310876	0.124157844081	0.0153994225217	0.0153994225217
-rya	0.372107231655	0.55108697962	0.0363495335445	0.0404562551799
-̄ən	0.599062133646	0.175849941383	0.154747948417	0.0703399765533
-iot	0.00434782608696	0.995652173913	0.0	0.0
-īr̄	0.392590185245	0.362690932727	0.0428989275269	0.201819954501
-jeń	0.364285714286	0.560714285714	0.0214285714286	0.0535714285715
-́rō	0.387755102041	0.397959183673	0.173469387755	0.0408163265306
-duĺ	0.398459735476	0.441375076734	0.16016518779	0.0
-áńg	0.126896651741	0.0800597018532	0.35887581652	0.434167829886
-jeī	0.618616489996	0.209008602636	0.0399523149789	0.13242259239
-īīń	0.547619047619	0.261904761905	0.190476190476	0.0
-́rī	0.438656795346	0.455843469064	0.10549973559	0.0
-liī	0.428550549129	0.206685597361	0.126633816344	0.238130037165
-nīí	0.279894627905	0.700348104243	0.0	0.0197572678521
-ɔtə	0.385471662108	0.435432133543	0.0174016556562	0.161694548693
-bə̄	0.214130160508	0.691093251831	0.0398865753806	0.0548900122798
-́rā	0.4	0.32	0.18	0.1
-bə́	0.115074556088	0.727172137626	0.0794562411087	0.0782970651773
-iyo	0.0961538461539	0.865384615385	0.0384615384615	0.0
-eli	0.00325379609544	0.996746203905	0.0	0.0
-rɔȳ	0.17328990228	0.517263843648	0.287296416938	0.0221498371336
-koó	0.868131868132	0.032967032967	0.032967032967	0.0659340659341
-́rē	0.636959370904	0.339449541284	0.00393184796854	0.0196592398427
-iye	0.0132450331126	0.973509933775	0.0066225165563	0.0066225165563
-úūī	0.633996937213	0.366003062787	0.0	0.0
-ele	0.610169491525	0.0677966101695	0.0169491525424	0.305084745763
-diń	0.379679144385	0.209129106188	0.0996944232238	0.311497326203
-jḛḛ	0.0	0.912588718715	0.087411281285	0.0
-ɔjí	0.13625122856	0.204495735709	0.0286928125297	0.630560223202
-ákī	0.213114754098	0.491803278689	0.196721311475	0.0983606557377
-hum	0.0	1.0	0.0	0.0
-on̄	0.404620762594	0.293830899721	0.0959232440313	0.205625093654
-hud	0.0	1.0	0.0	0.0
-an̄	0.43125898181	0.242715635047	0.0286468296019	0.297378553541
-nīn	0.653757903122	0.187875307325	0.0133621978685	0.145004591684
-órī	0.276679841897	0.667984189723	0.0553359683794	0.0
-kob	0.0	0.996523754345	0.0	0.00347624565471
-koo	0.0208333333333	0.979166666667	0.0	0.0
-tul	0.48275862069	0.503448275862	0.0	0.0137931034483
-kok	0.0338983050847	0.898305084746	0.0338983050847	0.0338983050847
-diī	0.521785718586	0.166390107347	0.0806273225853	0.231196851481
-kow	0.0793969400955	0.682925197377	0.236339711852	0.00133815067577
-tus	0.0866757307954	0.879673691366	0.0132562882393	0.0203942895989
-kos	0.0	1.0	0.0	0.0
-kor	0.0	1.0	0.0	0.0
-́ɔn	0.229167814342	0.770832185658	0.0	0.0
-koy	0.142476709517	0.184244751347	0.649612046466	0.02366649267
-ɓee	0.316239316239	0.495726495727	0.0	0.188034188034
-́re	0.0257289879931	0.663807890223	0.123499142367	0.186963979417
-áyá	0.116835247728	0.845362592148	0.0235727755872	0.0142293845363
-́ra	0.262187088274	0.694334650856	0.0158102766798	0.0276679841897
-jee	0.0731707317073	0.780487804878	0.121951219512	0.0243902439024
-íbə	0.0852680455888	0.662726888983	0.0666948079358	0.185310257493
-ísi	0.0350877192982	0.842105263158	0.0701754385965	0.0526315789474
-jen	0.629897189439	0.104939773695	0.0191629151965	0.246000121669
-́ri	0.569230769231	0.276923076923	0.107692307692	0.0461538461539
-jel	0.109090909091	0.890909090909	0.0	0.0
-lis	0.0386740331491	0.961325966851	0.0	0.0
-jer	0.0	1.0	0.0	0.0
-́ru	0.106557377049	0.811475409836	0.0491803278688	0.0327868852459
-jep	0.0297349709114	0.965740142211	0.00129282482224	0.00323206205559
-̄tī	0.721428571429	0.192857142857	0.0428571428572	0.0428571428572
-oma	0.0	1.0	0.0	0.0
-ome	0.0	1.0	0.0	0.0
-dií	0.32665160926	0.431112365895	0.0880858272162	0.154150197628
-óró	0.395939086294	0.309644670051	0.274111675127	0.020304568528
-ōjí	0.608583690987	0.197424892704	0.0995708154506	0.0944206008583
-māá	0.260303687636	0.0455531453362	0.0520607375271	0.642082429501
-́l̄	0.349910279416	0.596257369905	0.0538323506793	0.0
-em̄	0.326059050064	0.383825417201	0.00770218228498	0.282413350449
-ūr̄	0.553577543527	0.283709358127	0.0535214490048	0.109191649342
-pak	0.566433566434	0.0839160839161	0.0	0.34965034965
-áké	0.277353689567	0.328244274809	0.00763358778626	0.386768447837
-tāa	0.810344827586	0.0	0.0689655172414	0.120689655172
-par	0.0136925183464	0.943706826259	0.0189233680518	0.0236772873429
-pas	0.120107962213	0.830634278003	0.0161943319838	0.0330634278003
-pat	0.0	1.0	0.0	0.0
-dum	0.219135802469	0.425308641975	0.335185185185	0.0203703703704
-yḛr	0.0510621711168	0.23102409187	0.700823051437	0.0170906855764
-́rá	0.0503355704698	0.748322147651	0.140939597315	0.0604026845638
-hḛ́	0.00134589502019	0.104979811575	0.395693135935	0.49798115747
-́rí	0.237519243457	0.709698702441	0.0527820541016	0.0
-́ré	0.100587084149	0.890019569472	0.0	0.00939334637964
-lií	0.105660377359	0.82641509434	0.0377358490566	0.0301886792453
-wle	0.401315789474	0.296052631579	0.144736842105	0.157894736842
-́ró	0.558823529412	0.0	0.405882352941	0.0352941176471
-́nī	0.717544075946	0.238071754408	0.00739736160769	0.0369868080384
-ā̰ḿ	0.278510473235	0.485647788984	0.167571761055	0.0682699767261
-́rú	0.010989010989	0.989010989011	0.0	0.0
-nīī	0.309489350257	0.556924574459	0.106689550059	0.0268965252251
-dia	0.0	1.0	0.0	0.0
-din	0.15384216933	0.328688715651	0.368288829608	0.149180285411
-il̄	0.0392490351279	0.944070124943	0.0127559364166	0.00392490351279
-ó̰ȳ	0.0943396226416	0.718696397942	0.150943396226	0.0360205831904
-ūl̄	0.0925235530718	0.15171537234	0.0124025056014	0.743358568987
-ɔm̄	0.329500947568	0.39052432091	0.0838913455464	0.196083385976
-koō	0.161845800619	0.799281482544	0.00809741497714	0.0307753018593
-rən	0.282979067906	0.451551241803	0.189621207351	0.0758484829404
-ega	0.0268237297758	0.940391711609	0.0327845586148	0.0
-duú	0.110636969777	0.830817008224	0.0117092043997	0.046836817599
-gə̄	0.215168914644	0.108548403167	0.00741393212041	0.668868750069
-tāá	0.0976050610032	0.772254857659	0.0976050610032	0.0325350203344
-gə́	0.210126964694	0.296210083345	0.0923481401625	0.401314811798
-nīń	0.195868760752	0.706976571492	0.0533422443347	0.0438124234211
-́nń	0.564912280702	0.277192982456	0.0982456140351	0.059649122807
-aim	0.0333333333333	0.9	0.0333333333333	0.0333333333333
-ain	0.0377358490566	0.949685534591	0.0125786163522	0.0
-́sə	0.474943052392	0.32118451025	0.0341685649203	0.169703872437
-lūú	0.396694214876	0.231404958678	0.334710743802	0.0371900826446
-ema	0.0	1.0	0.0	0.0
-ləń	0.418620977826	0.36266464297	0.088479370278	0.130235008925
-emi	0.0064935064935	0.987012987013	0.0064935064935	0.0
-̄wn	0.143246930423	0.793997271487	0.0463847203274	0.0163710777626
-sāā	0.473014774625	0.133113248222	0.0770193316954	0.316852645458
-bəń	0.51269035533	0.48730964467	0.0	0.0
-̄kā	0.882352941176	0.0392156862745	0.0392156862745	0.0392156862745
-ɔjə	0.54669974162	0.203802186558	0.0679913844619	0.18150668736
-ɔɔ́	0.236667060164	0.0962631390018	0.11370310855	0.553366692284
-ūlú	0.788888888889	0.144444444444	0.0666666666667	0.0
-ɔɔ̄	0.0927370735513	0.71334846443	0.0538158734662	0.140098588552
-ɗer	0.41134751773	0.343971631206	0.0744680851064	0.170212765957
-ɓɔl	0.00417885499373	0.90639364814	0.0869201838696	0.00250731299624
-īlī	0.512195121951	0.219512195122	0.195121951219	0.0731707317073
-́r̄	0.530643671081	0.403757314444	0.0314136125655	0.0341854019094
-ŕsí	0.695502861815	0.204251839738	0.0381030253475	0.0621422730989
-lim	0.234210526316	0.655263157895	0.110526315789	0.0
-lin	0.0	0.895833333333	0.104166666667	0.0
-ɓuk	0.533321227529	0.219720355911	0.14345378609	0.10350463047
-̰á̰	0.240048298423	0.223267730129	0.037812400984	0.498871570464
-sēē	0.111111111111	0.761316872428	0.106995884774	0.0205761316872
-gən	0.147746997663	0.446545154072	0.333504256296	0.0722035919688
-náā	0.0691066529944	0.121806501372	0.0130588348715	0.796028010763
-ējī	0.443991853361	0.364562118126	0.10183299389	0.0896130346232
-lūn	0.132743362832	0.380530973451	0.451327433628	0.0353982300885
-yiī	0.428485293347	0.249156748632	0.112550027089	0.209807930932
