-imó	0.201834862385	0.633027522936	0.110091743119	0.0550458715596
-gká	0.442137484173	0.278859355699	0.187633348673	0.091369811455
-épa	0.952755905512	0.0236220472441	0.0236220472441	0.0
-eus	0.0132697491188	0.96998755961	0.00507982583454	0.0116628654365
-áta	0.111601667893	0.724715885864	0.137519417873	0.0261630283705
-hel	0.546037052514	0.453962947486	0.0	0.0
-hem	0.0126404494382	0.981039325843	0.0063202247191	0.0
-euk	0.162162162162	0.0472972972973	0.668918918919	0.121621621622
-cat	0.046052631579	0.375	0.473684210526	0.105263157895
-lem	0.00925400497621	0.979484045572	0.00109127417172	0.0101706752805
-aup	0.196078431373	0.0	0.803921568627	0.0
-aus	0.0815087102445	0.889723509669	0.00958926002879	0.0191785200575
-ehu	0.0	1.0	0.0	0.0
-úku	0.297679683079	0.358800226372	0.0577249575552	0.285795132994
-umi	0.54505880556	0.298991904689	0.0633878112113	0.0925614785398
-plu	0.294065277949	0.285891389794	0.0496224236111	0.370420908646
-obá	0.41630706519	0.160607138524	0.0738185889674	0.349267207319
-aua	0.736842105263	0.18045112782	0.0	0.0827067669173
-ang	0.223107312964	0.663323851736	0.0547295797161	0.0588392555843
-óna	0.57318321392	0.288638689867	0.0184237461617	0.119754350051
-bta	0.141203703704	0.858796296296	0.0	0.0
-nsi	0.025195968645	0.956326987682	0.0	0.018477043673
-pli	0.175182481752	0.824817518248	0.0	0.0
-álé	0.734982332155	0.0848056537102	0.0424028268551	0.137809187279
-aui	0.044867501331	0.928684287358	0.00377831590156	0.0226698954094
-iku	0.18654151342	0.382008123194	0.115128586837	0.316321776549
-aum	0.00934579439253	0.976635514019	0.0	0.0140186915888
-aul	0.0	0.901639344262	0.0983606557378	0.0
-put	0.314525985293	0.356087932458	0.275140998248	0.0542450840003
-kké	0.322795769424	0.334325568061	0.0999246387899	0.242954023724
-bbá	0.521659548505	0.176327028676	0.302013422819	0.0
-pur	0.223021582734	0.172661870504	0.604316546763	0.0
-pus	0.0280665280665	0.96586971587	0.0045045045045	0.00155925155925
-nta	0.107620003751	0.525459279404	0.0493226013893	0.317598115456
-bbé	0.107387302337	0.700554637715	0.161080953505	0.0309771064432
-uté	0.140195800776	0.68022242489	0.0903897426045	0.0891920317293
-uam	0.43610578873	0.138697360876	0.0243353239815	0.400861526412
-kia	0.0136780489606	0.971839310964	0.00120688667299	0.0132757534029
-uan	0.390113179207	0.344508645776	0.0838440943967	0.181534080621
-bbó	0.411206507004	0.43959933725	0.0516644072903	0.0975297484561
-ngó	0.530074711916	0.180828162593	0.173990122831	0.115107002659
-uat	0.204813835524	0.500041509093	0.0835097000174	0.211634955366
-utú	0.196721311475	0.196721311475	0.606557377049	0.0
-bbú	0.483916970369	0.474251307241	0.019014419268	0.0228173031215
-ílé	0.414084507042	0.47323943662	0.0845070422535	0.0281690140845
-ntu	0.586032783971	0.286383823643	0.0486637807043	0.0789196116814
-óta	0.224292368327	0.29129344321	0.0440702257255	0.440343962737
-puk	0.842105263158	0.112781954887	0.0	0.0451127819549
-pra	0.232573877236	0.640332551268	0.0607610292182	0.0663325422781
-oán	0.27731092437	0.448739495798	0.196638655462	0.0773109243697
-ígí	0.421155729677	0.288932419197	0.230166503428	0.0597453476983
-ará	0.455888560574	0.480793583791	0.0	0.0633178556353
-pri	0.0	1.0	0.0	0.0
-peí	0.289348829647	0.2808008947	0.0825627053845	0.347287570268
-aré	0.0	0.603305785124	0.132231404959	0.264462809917
-sis	0.0827586206897	0.91724137931	0.0	0.0
-opo	0.396854204477	0.480338777979	0.0665456745312	0.0562613430127
-pru	0.393405270383	0.382879132255	0.139860926705	0.0838546706573
-aró	0.285945435262	0.0933363256943	0.183197651479	0.437520587565
-bui	0.555410893067	0.333285336408	0.0534821311294	0.0578216393955
-taá	0.164495114006	0.28013029316	0.042345276873	0.513029315961
-dea	0.00778210116732	0.984868136619	0.00605274535236	0.00129701686122
-rbe	0.00936037441498	0.990639625585	0.0	0.0
-dei	0.0817220150872	0.901803520333	0.011272002081	0.00520246249891
-dek	0.0364491475602	0.956496178718	0.0	0.00705467372134
-dem	0.605352283345	0.186064367445	0.0556336537749	0.152949695435
-400	0.0	0.401812688822	0.0725075528701	0.525679758308
-gku	0.0883179653854	0.53705812188	0.028163583334	0.346460329401
-lep	0.0502030511847	0.662852959426	0.01390334304	0.273040646349
-oko	0.184876632695	0.507870331292	0.227338620591	0.0799144154229
-des	0.0501707690496	0.885643622659	0.0434577788246	0.0207278294665
-det	0.596152161434	0.234330365867	0.0835572398175	0.0859602328811
-kim	0.086736363295	0.753788048107	0.0399262624691	0.119549326129
-imi	0.379474081027	0.530827345325	0.0162853318152	0.0734132418335
-kis	0.0	1.0	0.0	0.0
-bit	0.637335852401	0.217449210459	0.0553740116157	0.0898409255242
-oba	0.315169366716	0.455081001473	0.135493372607	0.0942562592047
-ida	0.0557103064067	0.912057302029	0.0274572224433	0.00477516912057
-mbu	0.0774869109948	0.803141361257	0.119371727749	0.0
-ísí	0.246153846154	0.4	0.353846153846	0.0
-kkú	0.100563584487	0.752481348171	0.0789751070327	0.0679799603089
-bia	0.0297274979356	0.905862923204	0.0495458298926	0.0148637489678
-iot	0.074825007158	0.23695439129	0.246407612858	0.441812988694
-rat	0.224502682288	0.268352824421	0.0632976119408	0.443846881351
-ege	0.116601168047	0.691464380068	0.123963819069	0.0679706328159
-nté	0.186288416076	0.349408983452	0.330023640662	0.134278959811
-eja	0.201071080818	0.660905550146	0.083982473223	0.0540408958131
-ter	0.0290142637864	0.897383100595	0.035191494141	0.0384111414773
-uta	0.28382113245	0.452838211325	0.124087591241	0.139253064985
-tet	0.205925950058	0.685675967704	0.0455332757787	0.0628648064591
-teu	0.0511188948632	0.859725751428	0.0360885709873	0.053066782721
-ria	0.00806982944332	0.766848173957	0.0161095475827	0.208972449017
-rin	0.169297352342	0.723778004073	0.0534623217922	0.0534623217923
-eji	0.563077984697	0.316009226653	0.0713237741072	0.049589014542
-bbi	0.471204188482	0.340314136126	0.0	0.188481675393
-rim	0.0	1.0	0.0	0.0
-lki	0.0	1.0	0.0	0.0
-rik	0.472818607965	0.377157187031	0.0774357245057	0.0725884804988
-eru	0.225001681124	0.278394190034	0.404478515231	0.0921256136104
-tea	0.0	1.0	0.0	0.0
-rit	0.188068696038	0.677262811519	0.0680934354677	0.0665750569753
-riu	0.392999036729	0.120403906008	0.0393624111695	0.447234646094
-ris	0.248394004282	0.72591006424	0.0128479657387	0.0128479657387
-bbu	0.334738013835	0.403116800509	0.196946807665	0.0651983779916
-gre	0.288914934423	0.257134001046	0.0400046494508	0.41394641508
-tei	0.225372287546	0.381209192937	0.268447654972	0.124970864546
-gri	0.529243937233	0.338088445078	0.077032810271	0.055634807418
-tel	0.0797959257779	0.813446385127	0.0413958386288	0.0653618504666
-sia	0.0531024447889	0.13473321701	0.00157104216082	0.81059329604
-ten	0.0978011601241	0.761291588487	0.063892670125	0.0770145812639
-aut	0.158530651962	0.679695102173	0.139879987026	0.0218942588388
-meu	0.061331655181	0.818862707878	0.0309495316304	0.0888561053109
-met	0.290762554247	0.585244885307	0.0595164290142	0.0644761314321
-jim	0.315315315315	0.189189189189	0.45045045045	0.045045045045
-ara	0.146798850899	0.134080314802	0.0329173532344	0.686203481065
-mes	0.0	1.0	0.0	0.0
-eri	0.113162288577	0.155439653646	0.0204041728465	0.71099388493
-lup	0.278350515464	0.575149213239	0.146500271297	0.0
-lus	0.0490430039449	0.88668106084	0.00183985670763	0.0624360785077
-lut	0.0900508070398	0.0768194087357	0.00678605832581	0.826343725899
-ari	0.424243837597	0.23880040111	0.0599333037942	0.277022457499
-lui	0.156096207221	0.711995847568	0.0112447306518	0.120663214559
-luk	0.138951989416	0.754380781104	0.0732316640359	0.0334355654443
-mea	0.0	1.0	0.0	0.0
-opé	0.252486397066	0.0896743421607	0.213424627711	0.444414633062
-ósó	0.182572614108	0.759336099585	0.00829875518672	0.0497925311203
-men	0.158443780937	0.460279557534	0.0443323900416	0.336944271487
-mei	0.616317815395	0.0785739010038	0.0480634896804	0.257044793921
-mek	0.0	1.0	0.0	0.0
-úpú	0.251158413447	0.515525027613	0.126265431897	0.107051127043
-goí	0.242261103634	0.301890104746	0.315407572122	0.140441219498
-bái	0.315278900566	0.0404203718674	0.401778496362	0.242522231205
-goá	0.428365799827	0.305632856732	0.0794549467422	0.186546396699
-ayo	0.097307298263	0.116176546438	0.757160713619	0.0293554416801
-ila	0.213852514966	0.438772619157	0.280542533966	0.0668323319103
-óbó	0.210677644288	0.504517392137	0.0776386133581	0.207166350217
-ayu	0.0734394124845	0.926560587515	0.0	0.0
-goú	0.0032292787944	0.996770721206	0.0	0.0
-goó	0.397830018083	0.461121157324	0.135623869801	0.00542495479204
-éta	0.381960864363	0.459273875744	0.0754134984492	0.0833517614438
-beú	0.0	1.0	0.0	0.0
-sro	0.468737711365	0.220605583956	0.129767990562	0.180888714117
-oji	0.452773503554	0.333987504413	0.10101488429	0.112224107743
-ána	0.39220020374	0.131700847637	0.0384415784112	0.437657370212
-ora	0.244576084117	0.489253475092	0.170355480435	0.095814960357
-ubu	0.198732403446	0.295083514534	0.0603106132995	0.445873468721
-énu	0.787428050327	0.0912464433713	0.0441370285193	0.0771884777825
-uba	0.158803222094	0.42002301496	0.421173762946	0.0
-kem	0.0	1.0	0.0	0.0
-nké	0.645161290323	0.204301075269	0.0537634408602	0.0967741935484
-ota	0.122610415293	0.754779169413	0.0336189848385	0.0889914304548
-isé	0.390633204554	0.0645992680213	0.0142319765544	0.530535550871
-oti	0.0212767973918	0.968629755293	0.00753454517884	0.00255890213621
-ijo	0.129177602136	0.576710105132	0.243442511037	0.0506697816952
-iji	0.577656675749	0.258855585831	0.130790190736	0.0326975476839
-jiu	0.850460122699	0.111196319018	0.0	0.0383435582822
-oto	0.0628492571855	0.0282386600089	0.00302210228178	0.905889980524
-uma	0.135102300651	0.767814535423	0.0339031371336	0.063180026792
-isú	0.318562341284	0.652808690137	0.00208210680577	0.0265468617737
-n'é	0.682074408117	0.13190529876	0.0	0.186020293123
-nua	0.0662350543114	0.719248756394	0.0299323592619	0.184583830033
-isó	0.108126088652	0.196135423829	0.364448109744	0.331290377775
-ako	0.0876246984676	0.86285715798	0.0244534042235	0.0250647393291
ALL	0.222537391495	0.287317504365	0.0539892634093	0.436155840731
-nai	0.41957985972	0.158006156856	0.0175088775613	0.404905105862
-nan	0.202102819628	0.595169025875	0.121654390829	0.0810737636679
-aki	0.565517977015	0.198393285363	0.171668338691	0.0644203989307
-nam	0.22759765573	0.510990348681	0.144543438428	0.116868557161
-kik	0.132770066385	0.849124924563	0.0	0.0181050090525
-sir	0.00605218326907	0.947547745001	0.0450551421142	0.00134492961535
-ake	0.397131976364	0.379268222279	0.0818989720623	0.141700829295
-sip	0.0491803278689	0.926229508197	0.0245901639344	0.0
-kin	0.533333333333	0.340350877193	0.105263157895	0.0210526315789
-siu	0.434352517986	0.401978417266	0.163669064748	0.0
-sit	0.365032764689	0.328939247034	0.152349953246	0.15367803503
-sik	0.17623844066	0.795627856084	0.0105346465936	0.0175990566622
-kip	0.693985459352	0.180436219432	0.0674157303371	0.058162590879
-sin	0.112020138452	0.857772183763	0.0151038388924	0.0151038388924
-sim	0.0	1.0	0.0	0.0
-kit	0.205949433983	0.442591716964	0.308875476316	0.0425833727366
-nas	0.0310237849018	0.962771458118	0.00620475698035	0.0
-aku	0.129035944477	0.015110997184	0.00112714183439	0.854725916505
-nat	0.327975227316	0.539232999581	0.100166739221	0.0326250338817
-nau	0.256673511294	0.685831622177	0.0427104722792	0.0147843942505
-goi	0.0708764313716	0.682211827907	0.021544824309	0.225366916412
-mou	0.502360786701	0.248487006335	0.119068528381	0.130083678583
-mot	0.0727762803234	0.927223719677	0.0	0.0
-mos	0.0168539325843	0.983146067416	0.0	0.0
-mor	0.0952380952381	0.619047619048	0.031746031746	0.253968253968
-gon	0.419203747073	0.510538641686	0.0562060889929	0.0140515222482
-elu	0.0430536898343	0.0727171239473	0.188064700145	0.696164486073
-gog	0.027027027027	0.954954954955	0.018018018018	0.0
-lku	0.04995004995	0.926073926074	0.023976023976	0.0
-aán	0.163212435233	0.18091537133	0.157167530225	0.498704663212
-yna	0.64847894338	0.218685720472	0.0776226047418	0.0552127314063
-mon	0.0124534528613	0.962995454355	0.00160115822503	0.0229499345587
-mom	0.650793650794	0.238095238095	0.031746031746	0.079365079365
-gou	0.162820784161	0.41479042648	0.332402292923	0.0899864964363
-got	0.354477881215	0.528613697048	0.0779389478242	0.0389694739121
-moi	0.417396148386	0.106740258766	0.127619829811	0.348243763037
-yat	0.0304119435996	0.930651552852	0.0228089576998	0.0161275458483
-yas	0.00390180458462	0.987644285482	0.000650300764102	0.00780360916923
-ber	0.0	1.0	0.0	0.0
-jlo	0.425702811245	0.417670682731	0.144578313253	0.0120481927711
-eor	0.0860832137734	0.913916786227	0.0	0.0
-bet	0.153195107854	0.20408963176	0.0830415805802	0.559673679805
-beu	0.0991666361213	0.282149629959	0.49769885107	0.12098488285
-jlu	0.626506024096	0.204819277108	0.168674698795	0.0
-eon	0.10752688172	0.886328725038	0.00614439324117	0.0
-bei	0.218648253633	0.52186922933	0.145787476017	0.11369504102
-ben	0.0	0.747899159664	0.0	0.252100840336
-bel	0.0440781222003	0.827629457087	0.00860060920982	0.119691811503
-ubá	0.291926572803	0.621968052949	0.0699606165759	0.0161447576714
-yan	0.51246270167	0.433563247773	0.021794549917	0.0321795006398
-teú	0.255978410589	0.181418449959	0.287546772153	0.275056367298
-bed	0.0	1.0	0.0	0.0
-iso	0.0	0.928961748634	0.0	0.071038251366
-rek	0.271416043991	0.492907770099	0.192802623622	0.0428735622884
-rei	0.490648342574	0.228408493148	0.0873315203319	0.193611643946
-isi	0.126418409268	0.728999616914	0.030514788444	0.114067185374
-rem	0.0873533246415	0.654498044329	0.181225554107	0.0769230769231
-nte	0.706806282723	0.204188481675	0.0575916230366	0.0314136125654
-ise	0.00957290132547	0.967157584683	0.019145802651	0.0041237113402
-rea	0.0369844969095	0.899128584456	0.00334380383017	0.060543114804
-otí	0.418604651163	0.573643410853	0.0077519379845	0.0
-red	0.0	1.0	0.0	0.0
-otó	0.242858459714	0.324432233273	0.393078797368	0.0396305096452
-umá	0.0108805158171	0.962522667741	0.0217610316341	0.00483578480757
-ábá	0.560747663551	0.327102803738	0.11214953271	0.0
-upa	0.186863574834	0.773697881733	0.014085194083	0.0253533493494
-res	0.0512851822455	0.891018987728	0.0256425911228	0.0320532389035
-rep	0.706867981431	0.157436509451	0.0269885175606	0.108706991557
-ret	0.184972353168	0.255165808764	0.0195455826266	0.540316255442
-upi	0.208955223881	0.791044776119	0.0	0.0
-hab	0.0285714285714	0.971428571429	0.0	0.0
-naé	0.454183266932	0.414342629482	0.0597609561753	0.0717131474103
-jut	0.236686390533	0.763313609467	0.0	0.0
-oas	0.0056338028169	0.988732394366	0.0	0.0056338028169
-mas	0.0333030551235	0.824426555255	0.124460553146	0.0178098364753
-mar	0.0	1.0	0.0	0.0
-mau	0.161037359308	0.709171336175	0.0961417070494	0.0336495974673
-ham	0.0295646652645	0.94023572364	0.0241676256994	0.00603198539625
-úna	0.614906330749	0.21713501292	0.0702519379845	0.0977067183462
-mai	0.241089300492	0.309960128087	0.0552314505319	0.393719120889
-mah	0.350515463918	0.381443298969	0.144329896907	0.123711340206
-mam	0.021643233532	0.938515090511	0.0350694973573	0.00477217859979
-ugi	0.395994014044	0.448025785657	0.0587084148728	0.0972717854265
-óan	0.498846737797	0.208789188083	0.153776466341	0.138587607779
-man	0.211067368057	0.582316608688	0.130371781504	0.0762442417513
-juk	0.206621565441	0.782984995654	0.0	0.0103934389055
-únu	0.271390203351	0.457219593298	0.202967131347	0.0684230720041
-akó	0.330457290768	0.291630716135	0.129421915444	0.248490077653
-rió	0.701631308023	0.222225897254	0.0230830694564	0.0530597252662
-nku	0.349768759581	0.336382710475	0.0520489446303	0.261799585313
-eká	0.583263786109	0.263639870604	0.0540829473568	0.0990133959301
-baí	0.255118582601	0.0278254040867	0.0133847722592	0.703671241053
-uni	0.133333333333	0.406060606061	0.369696969697	0.0909090909091
-une	0.367346938776	0.204081632653	0.0816326530612	0.34693877551
-ung	0.460239409156	0.290794392814	0.0739083724892	0.175057825541
-una	0.393507152281	0.249871727546	0.0860112651299	0.270609855043
-baú	0.432211101001	0.513193812557	0.0545950864422	0.0
-pta	0.292993630573	0.555414012739	0.107006369427	0.0445859872612
-pum	0.0284810126582	0.553797468354	0.0189873417721	0.398734177215
-unu	0.190118577075	0.309881422925	0.0182608695652	0.481739130435
-666	0.0	0.0	0.0	1.0
-éré	0.476969201417	0.179612973562	0.11447260834	0.22894521668
-tre	0.13585399418	0.558463239109	0.0406073048029	0.265075461908
-puo	0.0368744512731	0.798068481124	0.154521510096	0.0105355575066
-tra	0.216422494348	0.591071265209	0.104584602115	0.0879216383288
-asá	0.432875071603	0.49877623288	0.0246055303859	0.0437431651304
-ubé	0.0104581673307	0.925485557769	0.0366035856574	0.027452689243
-gan	0.600813176335	0.183030870397	0.0458331144093	0.170322838858
-gam	0.111468029794	0.151724944334	0.00850114394083	0.728305881932
-dan	0.0254319549602	0.905843525529	0.0629004076879	0.00582411182294
-gak	0.160488238159	0.700140397123	0.053643162087	0.0857282026303
-gai	0.47559958672	0.282407558315	0.0420468086757	0.199946046289
-adi	0.0	1.0	0.0	0.0
-tru	0.581711215551	0.217457453029	0.0934743002568	0.107357031163
-gus	0.0	1.0	0.0	0.0
-gau	0.0148432288192	0.975817211474	0.00433622414943	0.00500333555704
-gat	0.0915391945974	0.408400549487	0.0136197118805	0.486440544035
-gar	0.0384615384615	0.946153846154	0.0153846153846	0.0
-sjo	0.925243770314	0.0747562296858	0.0	0.0
-nyú	0.756756756757	0.185328185328	0.0	0.0579150579151
-mbé	0.485463029433	0.368808327351	0.0272792534099	0.118449389806
-lan	0.319916046715	0.45295291135	0.0380283446241	0.189102697311
-sen	0.13567839196	0.814070351759	0.0502512562814	0.0
-erú	0.149431120093	0.332427636131	0.361487931684	0.156653312092
-nos	0.0344827586207	0.965517241379	0.0	0.0
-raú	0.589542978605	0.33302467863	0.0202437497423	0.0571885930219
-sei	0.199627655314	0.239416697002	0.0495099820211	0.511445665663
-óki	0.697435897436	0.282051282051	0.0205128205128	0.0
-ina	0.224608062121	0.553892588807	0.0307781657762	0.190721183296
-apa	0.155101988054	0.273516867474	0.0152816695245	0.556099474947
-tsó	0.728030529988	0.123126134693	0.0314111788111	0.117432156508
-sea	0.0	0.978354978355	0.0	0.021645021645
-nou	0.595751523984	0.227108780923	0.0442587041619	0.132880990932
-eré	0.172841878433	0.247371084159	0.19345154662	0.386335490787
-raí	0.546204662229	0.339289782075	0.046065453441	0.0684401022551
-óku	0.526152474953	0.190090283394	0.208889695809	0.0748675458433
-ppu	0.293142882038	0.323859097508	0.264839056697	0.118158963757
-erá	0.701754385965	0.224561403509	0.0631578947369	0.0105263157895
-kna	0.521844660194	0.0849514563106	0.0291262135922	0.364077669903
-ses	0.0	0.986270022883	0.00686498855835	0.00686498855835
-inu	0.211347550682	0.574179043607	0.037853562339	0.176619843372
-sep	0.0303467387119	0.803764068704	0.112865249749	0.0530239428352
-guk	0.529849032177	0.416800651479	0.0248480925435	0.0285022237999
-aop	0.071011919858	0.907684504185	0.0213035759574	0.0
-bli	0.517623036849	0.335438810755	0.114878919146	0.03205923325
-kup	0.28246858804	0.412750929131	0.0963873854922	0.208393097337
-ooi	0.465729183618	0.0950037175156	0.0711248919581	0.368142206908
-net	0.246448164299	0.453931635954	0.128850752567	0.17076944718
-ian	0.376003877709	0.391875149046	0.0626434351469	0.169477538098
-oom	0.274407392527	0.627561269586	0.0570510245078	0.0409803133789
-nes	0.0432333344494	0.916057019453	0.0115930625774	0.0291165835203
-nep	0.138655462185	0.701680672269	0.159663865546	0.0
-yah	0.0	0.914015477214	0.0257953568358	0.0601891659501
-nen	0.290484522012	0.313342320468	0.0683099728341	0.327863184686
-iat	0.191331947171	0.402654497626	0.0516130189585	0.354400536244
-pké	0.848845867461	0.151154132539	0.0	0.0
-nem	0.419231946051	0.427212638848	0.0488298266813	0.104725588419
-doi	0.308447007186	0.190670855028	0.440638581695	0.060243556091
-fus	0.0	1.0	0.0	0.0
-kua	0.571041470631	0.0862638585916	0.0178827822194	0.324811888558
-poí	0.173009234465	0.0204943658405	0.00444811076524	0.802048288929
-ppo	0.368679430535	0.478645066274	0.00981836033382	0.142857142857
-kum	0.286281930505	0.516408585399	0.0989164257138	0.098393058382
-kuk	0.406553893928	0.226934706219	0.031870556509	0.334640843344
-kui	0.0662134359154	0.843096822943	0.0034391731177	0.0872505680238
-ban	0.115585076907	0.790933417204	0.0566130988932	0.0368684069953
-ska	0.00470896010464	0.963897972531	0.000784826684106	0.0306082406802
-bak	0.0677435865363	0.848128005065	0.069386280759	0.01474212764
-eke	0.6328125	0.2265625	0.046875	0.0937499999999
-bai	0.495286195286	0.293265993266	0.129292929293	0.0821548821548
-jot	0.421568627451	0.372549019608	0.0882352941176	0.117647058824
--ré	0.34484856597	0.50329151507	0.057474760995	0.0943851579643
-eki	0.536629281279	0.276433084222	0.0767874136042	0.110150220894
-hoi	0.444128113879	0.335231316726	0.0427046263345	0.177935943061
-mku	0.314878545557	0.596385965264	0.0556252320226	0.0331102571563
-pei	0.174788510316	0.154947006353	0.0350535177972	0.635210965533
-hor	0.0	1.0	0.0	0.0
-jom	0.413007226237	0.573652028905	0.0133407448583	0.0
-tda	0.238899942057	0.506846400935	0.0643947985189	0.189858858489
-uji	0.446608421323	0.383710530231	0.0920665247541	0.0776145236918
-bat	0.0395439135974	0.110560259327	0.0107230950171	0.839172732058
-bau	0.219621425142	0.198411958479	0.478516973801	0.103449642579
-gsa	0.0532304047333	0.85553228223	0.0263514105852	0.0648859024515
-bas	0.016883024757	0.969922678584	0.00595871462013	0.00723558203873
-job	0.0	0.894273127753	0.105726872247	0.0
-pet	0.156077893468	0.241726268411	0.204632161487	0.397563676634
-ase	0.0	0.280312907432	0.0	0.719687092568
-ené	0.284838561919	0.0617976980577	0.00423939420519	0.649124345818
-asa	0.0550659213299	0.886134874538	0.0167997726092	0.0419994315228
-úan	0.364595705981	0.283462498873	0.204940042885	0.147001752261
-gaí	0.0382932166302	0.880743982495	0.0328227571116	0.0481400437637
-yet	0.658057475446	0.158239359767	0.0596580574754	0.124045107312
-asi	0.0362907976906	0.910922587487	0.0371155885472	0.0156710262755
-mba	0.0213217880158	0.0203533681103	0.00294487525647	0.955379968617
-urá	0.315817897068	0.614354377059	0.0464438083923	0.0233839174812
-lta	0.0	1.0	0.0	0.0
-gaú	0.502994011976	0.223267750214	0.246364414029	0.027373823781
-iné	0.38662580681	0.258258639716	0.192284791083	0.162830762391
-otu	0.0211178375334	0.0416725327326	0.0494157398283	0.887793889906
--mú	0.337726523888	0.461285008237	0.0197693574959	0.181219110379
-iná	0.243943105141	0.428872547996	0.241798972195	0.0853853746684
-430	0.106164383562	0.0	0.0	0.893835616438
-rau	0.301791214234	0.612480725205	0.0333392388499	0.0523888217117
-ras	0.0	1.0	0.0	0.0
-rap	0.406555456371	0.51523487043	0.0256204101859	0.0525892630132
-ran	0.222426470588	0.663209033613	0.0655199579832	0.0488445378152
-rao	0.0208667736757	0.979133226324	0.0	0.0
-ram	0.190392673287	0.271762318423	0.246710025595	0.291134982695
--mé	0.279728747881	0.460523129087	0.219786873335	0.0399612496973
-rak	0.214508018783	0.473016266389	0.113206561188	0.19926915364
-rai	0.391283370228	0.449018097755	0.0302043303334	0.129494201684
-ité	0.272224788144	0.0707608739307	0.0160649022049	0.64094943572
-era	0.382995844476	0.482661886718	0.0682786154724	0.0660636533343
-rab	0.0	1.0	0.0	0.0
-ere	0.230024867553	0.426911017407	0.0813060871445	0.261758027895
-dos	0.0776196636481	0.922380336352	0.0	0.0
-ela	0.32875982879	0.158334322121	0.0528446696629	0.460061179426
-aoi	0.668801024492	0.120057627661	0.0681927325116	0.142948615335
-elé	0.177161729345	0.0255760125906	0.0189361435526	0.778326114511
-pos	0.0	1.0	0.0	0.0
-ata	0.148310807879	0.629187928591	0.0925949417374	0.129906321793
-pot	0.28663203203	0.0858706904564	0.0620061977115	0.565491079802
-pou	0.391145139813	0.539364181092	0.0395306258322	0.0299600532622
-uno	0.0144628099173	0.935950413223	0.0495867768594	0.0
-poi	0.0655537126478	0.0262768166938	0.0087197668176	0.899449703841
-uga	0.553846153846	0.292307692308	0.138461538462	0.0153846153846
-pom	0.410480349345	0.056768558952	0.0698689956332	0.46288209607
-nra	0.484375	0.203125	0.25	0.0625
-ike	0.0555555555555	0.944444444444	0.0	0.0
-ipé	0.328767123288	0.311643835616	0.154109589041	0.205479452055
-uju	0.126488349116	0.151478365077	0.191412037024	0.530621248783
-ika	0.021138139706	0.939065128062	0.0132655774108	0.0265311548215
-ggo	0.174890693317	0.26217988757	0.468301061836	0.0946283572766
-iko	0.306820678772	0.583762809373	0.0276163081041	0.0818002037514
-lam	0.204473114629	0.682425837118	0.0517760896321	0.0613249586216
-nor	0.0	1.0	0.0	0.0
-ipá	0.866666666667	0.0333333333333	0.0	0.1
-lai	0.405401858882	0.207782036573	0.0898879870497	0.296928117495
-iki	0.436969506445	0.356177302735	0.11002829299	0.0968248978309
-lak	0.0765397690128	0.862384292353	0.0129144471317	0.0481614915029
-lat	0.207355951713	0.0808105990634	0.049098792573	0.662734656651
-aal	0.0	1.0	0.0	0.0
-ppi	0.158402389236	0.111469514781	0.0132252469191	0.716902849064
-aan	0.118326785302	0.628611046915	0.171019181881	0.0820429859025
-lap	0.422960725075	0.468277945619	0.0362537764351	0.0725075528701
--gá	0.874015748032	0.0551181102362	0.0551181102362	0.0157480314961
-non	0.0	1.0	0.0	0.0
-las	0.0512109716954	0.933031806245	0.00350160490225	0.0122556171579
-ipó	0.311380145278	0.4	0.0697336561743	0.218886198547
-ppa	0.326230469685	0.631353875879	0.0243866290603	0.0180290253753
-aaf	0.883211678832	0.0	0.0875912408759	0.0291970802919
-uki	0.407324581361	0.432563554896	0.0996944312649	0.0604174324778
-ppe	0.0997920997921	0.697713097713	0.12972972973	0.0727650727651
-ujo	0.317164179104	0.542910447761	0.139925373134	0.0
-gek	0.396821988405	0.366974447069	0.0295254455658	0.206678118961
-úmú	0.485267060322	0.338534780871	0.01733096644	0.158867192367
-gei	0.0774964153626	0.309748653774	0.192941626246	0.419813304618
-dou	0.570390254934	0.288596730342	0.0243476321473	0.116665382577
-gen	0.230857184948	0.458903570669	0.225115051922	0.0851241924602
-dop	0.161732851985	0.105976734858	0.732290413157	0.0
-gel	0.185586295166	0.751895244659	0.0580880181155	0.00443044205967
-bom	0.630434782609	0.304347826087	0.0	0.0652173913044
-dep	0.245995423341	0.548054919908	0.171624713959	0.0343249427918
-boi	0.351528106167	0.184257192458	0.202554738709	0.261659962666
-bok	0.192810457516	0.699346405229	0.0882352941177	0.0196078431373
-bot	0.163185845775	0.61455216937	0.164359638701	0.0579023461544
-bou	0.493120926865	0.430847212165	0.0	0.0760318609703
-dod	0.0	0.925	0.0	0.075
-mir	0.0344827586207	0.965517241379	0.0	0.0
-aka	0.605385329619	0.0937790157846	0.133704735376	0.16713091922
-don	0.0	1.0	0.0	0.0
-reu	0.249271916563	0.321910940714	0.22067876503	0.208138377693
-dok	0.0	1.0	0.0	0.0
-geu	0.16589512142	0.701365183276	0.0828617491898	0.0498779461143
-get	0.188544926824	0.192428483628	0.0395408612504	0.579485728298
-gla	0.918918918919	0.0540540540541	0.027027027027	0.0
-yku	0.678371907422	0.192338387869	0.100558659218	0.0287310454908
-itu	0.0326145865593	0.447836017343	0.0780040260142	0.441545370084
-dde	0.57301458557	0.318027314539	0.0689192800514	0.0400388198394
-toa	0.204714640199	0.404466501241	0.390818858561	0.0
-ton	0.324074074074	0.675925925926	0.0	0.0
-ibu	0.0135423666356	0.178941863742	0.0130871610344	0.794428608588
-tom	0.184282272023	0.105965134563	0.553864950168	0.155887643246
-mpa	0.0	1.0	0.0	0.0
-iud	0.0	1.0	0.0	0.0
-oli	0.0	1.0	0.0	0.0
-tot	0.24595319515	0.60617124184	0.112348990377	0.0355265726328
-ibo	0.633516824934	0.198681757707	0.0487193074082	0.11908210995
-tor	0.0467502850627	0.919042189282	0.0171037628278	0.0171037628278
-ibi	0.374540494841	0.463610928165	0.117054122351	0.0447944546427
-ddu	0.364378809784	0.172607787353	0.0375780008505	0.425435402012
-sad	0.0	1.0	0.0	0.0
-sak	0.277341958205	0.63399566894	0.0456086058871	0.043053766968
-ola	0.34597502143	0.488912641533	0.121741815326	0.04337052171
-sai	0.179980853101	0.658546963089	0.123178385278	0.038293798532
-sah	0.939919893191	0.0200267022697	0.0400534045394	0.0
-sao	0.204626914304	0.73835125448	0.0179211469534	0.039100684262
-ole	0.39349136863	0.196167506401	0.0178409184769	0.392500206492
-gos	0.140495867769	0.685950413223	0.099173553719	0.0743801652893
-ngu	0.238374269078	0.554175691347	0.0760220641923	0.131427975383
-lon	0.062812276945	0.744468236974	0.0085653104925	0.184154175589
-ima	0.0186609350346	0.0969573482091	0.0906707748885	0.793710941868
-toi	0.138629658619	0.763832861702	0.0487687398398	0.0487687398399
-gep	0.0935071662925	0.769728889656	0.107235365222	0.0295285788292
-rop	0.30655002573	0.621774608542	0.0363890318312	0.0352863338969
-aké	0.544154620533	0.260050743272	0.0636526772878	0.132141958907
-loi	0.356273926345	0.394808314664	0.122211094471	0.12670666452
-loe	0.093023255814	0.860465116279	0.0	0.046511627907
-der	0.00359712230216	0.996402877698	0.0	0.0
-egú	0.766773162939	0.233226837061	0.0	0.0
-gro	0.0279627163782	0.928428761651	0.0139813581891	0.0296271637816
-oki	0.626434796741	0.245576255003	0.0538620157244	0.0741269325315
-lot	0.310188940312	0.579846366716	0.09994513097	0.010019562002
-lou	0.46258175812	0.282100057909	0.0480275084489	0.207290675523
-áan	0.234730251396	0.0967073189116	0.058866484878	0.609695944815
-iet	0.183093940936	0.612228067387	0.125539460123	0.0791385315532
-lop	0.199724180202	0.720257431811	0.0218817039534	0.0581366840331
-deu	0.0	1.0	0.0	0.0
-ppú	0.543041163431	0.372000604706	0.0138304098382	0.0711278220248
-hak	0.128643972165	0.710174910664	0.0289637013353	0.132217415836
-ipo	0.140195932908	0.222428380585	0.426154074514	0.211221611993
-gna	0.59649122807	0.0526315789474	0.0	0.350877192982
-sar	0.0335427488736	0.930194819912	0.0264715747867	0.00979085642797
-ppó	0.265898945462	0.636410687714	0.0582260464515	0.0394643203726
-ikí	0.120311903215	0.0929446447852	0.341693080226	0.445050371774
-ipa	0.238289490471	0.0538924509772	0.00908653946005	0.698731519091
-dda	0.157604008038	0.148481564167	0.035343446873	0.658570980922
-iké	0.618483412322	0.187203791469	0.0971563981042	0.0971563981043
-mat	0.305668016194	0.549828713796	0.0949859856742	0.0495172843351
-epé	0.281722539211	0.276681969603	0.350601645912	0.0909938452741
-ppé	0.572142286171	0.16346922462	0.159472422062	0.104916067146
-rda	0.010158013544	0.948081264108	0.010158013544	0.0316027088036
-han	0.0142926146749	0.943626756479	0.0039200083392	0.0381606205065
-ewa	0.101020104982	0.779142319501	0.0930969594929	0.0267406160246
-ppá	0.150537634409	0.806451612903	0.0430107526882	0.0
-ágá	0.042799047015	0.885087490206	0.0615602731038	0.0105531896749
-ewi	0.12292358804	0.863787375415	0.0132890365449	0.0
-ipu	0.412109375	0.134765625	0.171875	0.28125
-naú	0.293699112448	0.660089488741	0.0	0.0462113988117
-sau	0.14598219604	0.357212098844	0.418516866111	0.0782888390052
-gán	0.10502283105	0.625570776256	0.132420091324	0.13698630137
-awa	0.35057208238	0.500228832952	0.110755148741	0.0384439359268
-sat	0.0463995634075	0.896098341684	0.0393300937242	0.0181720011844
-ájá	0.549643558219	0.307779729311	0.119847091642	0.0227296208286
-dot	0.406211180124	0.325465838509	0.178881987578	0.0894409937888
-gli	0.760869565217	0.152173913043	0.0434782608696	0.0434782608696
-eán	0.206327372765	0.636863823934	0.107290233838	0.0495185694635
-olú	0.20824072491	0.525388955377	0.22670541973	0.0396648999829
-kda	0.0	0.955555555556	0.0444444444444	0.0
-saú	0.479663712793	0.384003635537	0.0465803226539	0.0897523290162
-ddé	0.47300908605	0.229556386959	0.0946018172101	0.202832709781
-oló	0.494829591424	0.348718143204	0.0736245954693	0.0828276699029
-lla	0.0338983050847	0.949152542373	0.0169491525424	0.0
-ibó	0.0587874238459	0.816794747909	0.0162987355001	0.108119092745
-ibé	0.0757575757576	0.924242424242	0.0	0.0
-tim	0.673418056659	0.262377548319	0.0562615832672	0.00794281175536
-ddú	0.175746924429	0.7539543058	0.0	0.0702987697715
-glo	0.478735005453	0.126499454744	0.309705561614	0.0850599781897
-áku	0.4611961787	0.310411791331	0.0741532564836	0.154238773486
-saí	0.241726618705	0.448057553957	0.294100719424	0.0161151079137
-élé	0.324873096447	0.507614213198	0.167512690355	0.0
-paó	0.0323314573105	0.917614656927	0.0186803975572	0.031373488205
-ssa	0.0	1.0	0.0	0.0
-égé	0.477178423237	0.217842323651	0.248962655602	0.0560165975103
-tou	0.392927308448	0.447173106309	0.049115913556	0.110783671687
-tit	0.414302365278	0.444374864909	0.0846603385202	0.056662431293
-isa	0.0	1.0	0.0	0.0
-pit	0.167842496957	0.430362432687	0.314631525282	0.0871635450745
-tik	0.548536639857	0.282562555853	0.0703753351207	0.0985254691688
-nah	0.164179104478	0.636815920398	0.199004975124	0.0
-glu	0.545537897311	0.381112469438	0.0	0.0733496332518
-iok	0.574110268691	0.352986840046	0.0486019275082	0.0243009637541
-lei	0.189988929488	0.375696734776	0.0898143396832	0.344499996053
-ioi	0.371630071472	0.125728556378	0.0277211438619	0.474920228287
-lek	0.284878709304	0.173708533574	0.328875082104	0.212537675018
-ois	0.0	1.0	0.0	0.0
-ion	0.0246367656349	0.922299431459	0.0	0.0530638029059
-iom	0.50367011328	0.330380774253	0.0786074743268	0.0873416381409
-mum	0.549738219895	0.403141361257	0.0	0.0471204188482
-lea	0.00728296756652	0.976257525733	0.014128957079	0.00233054962128
-éna	0.476298607549	0.344153017908	0.0713340061692	0.108214368374
-mun	0.294800737779	0.565893408472	0.0863080809369	0.0529977728123
-mui	0.18661882944	0.217195585871	0.0376173816809	0.558568203008
-itó	0.173076923077	0.826923076923	0.0	0.0
-aga	0.211579725589	0.256280034941	0.0253526349963	0.506787604474
-leg	0.0	1.0	0.0	0.0
-mut	0.0362428269405	0.710057384476	0.253699788583	0.0
-ití	0.029702970297	0.514851485148	0.455445544555	0.0
-mus	0.0725759628411	0.891136055738	0.0116121540546	0.024675827366
-mur	0.038595235661	0.818781310704	0.00613434209181	0.136489111543
-ios	0.0	1.0	0.0	0.0
-les	0.0	1.0	0.0	0.0
-let	0.165327094404	0.72275834351	0.0499352955312	0.0619792665546
-leu	0.128212360795	0.689260743581	0.0838194241319	0.0987074714919
-itá	0.24364636422	0.130673002946	0.177183444629	0.448497188205
-epá	0.0946447309536	0.0171572977588	0.00688023998742	0.8813177313
-eei	0.428744732841	0.170330802335	0.0224382989939	0.378486165831
-ánu	0.447529150472	0.450305385897	0.0421987784564	0.0599666851749
-úra	0.411853107111	0.36906095681	0.134012306355	0.0850736297244
-git	0.188448170108	0.377121243099	0.153956246166	0.280474340626
-ndu	0.234972677596	0.513661202186	0.0327868852459	0.218579234973
-epi	0.541434097295	0.339397986569	0.0544306827775	0.064737233359
-iba	0.0405904263723	0.742138788048	0.0589591623686	0.158311623211
-alo	0.395106661063	0.535263886372	0.0242893439179	0.0453401086466
-gim	0.0430725053841	0.712849964106	0.0976310122038	0.146446518306
-uda	0.13777739326	0.797119003331	0.0348228576372	0.0302807457715
-sam	0.378962536023	0.445244956772	0.0389048991355	0.136887608069
-ali	0.206388206388	0.598525798526	0.134643734644	0.0604422604422
-nda	0.204012519353	0.201967681777	0.0386514030998	0.55536839577
-eet	0.534246575342	0.22602739726	0.239726027397	0.0
-ale	0.195762437391	0.271049396961	0.0352106747276	0.49797749092
-gia	0.0251572327044	0.924528301887	0.0377358490566	0.0125786163522
-ala	0.420866818414	0.340363264737	0.105913503972	0.132856412877
-jek	0.657530931421	0.315848383096	0.00266206854826	0.0239586169344
-ínu	0.368665475887	0.468305922197	0.0305272680878	0.132501333828
-iga	0.101186063751	0.0446121706315	0.286676999798	0.56752476582
-abó	0.442346910654	0.429559609767	0.103786584358	0.0243068952213
-suk	0.323205483984	0.38492575314	0.26393292623	0.0279358366465
-'ké	0.511834319527	0.221893491124	0.230769230769	0.0355029585799
--sí	0.494791666667	0.182291666667	0.229166666667	0.09375
-dat	0.880905511811	0.0748031496063	0.0442913385827	0.0
--só	0.909090909091	0.0181818181818	0.0363636363636	0.0363636363636
-lom	0.491379310345	0.146551724138	0.310344827586	0.0517241379309
-ína	0.378486055777	0.308764940239	0.183266932271	0.129482071713
-yol	0.0	1.0	0.0	0.0
-abí	0.0357142857143	0.928571428571	0.0357142857143	0.0
-mli	0.630136986301	0.315068493151	0.0547945205479	0.0
-abé	0.371446175513	0.549335445824	0.0396091893319	0.0396091893319
-iel	0.045248263029	0.944309830118	0.00348063561761	0.00696127123521
-orú	0.307692307692	0.153846153846	0.5	0.0384615384615
-tuá	0.122660808907	0.115551009457	0.706452478369	0.0553357032664
-bim	0.216110019646	0.7721021611	0.0	0.0117878192534
-ómó	0.514657116328	0.373922270858	0.111420612813	0.0
-koí	0.218673194598	0.120071593862	0.00725900353234	0.653996208008
-oró	0.230284904769	0.462379977963	0.232016370219	0.0753187470486
-ros	0.0375	0.19375	0.76875	0.0
-rku	0.0343509649412	0.295805218704	0.0772896711178	0.592554145237
-pek	0.671814671815	0.189189189189	0.0694980694981	0.0694980694981
-ogi	0.456359376821	0.388246506483	0.0538145235475	0.101579593148
-eli	0.403898373779	0.390758226623	0.0592585547862	0.146084844812
-ogo	0.193317422434	0.699284009547	0.107398568019	0.0
-pes	0.234782608696	0.686956521739	0.0782608695652	0.0
-oga	0.108865601319	0.73114824173	0.0680438116228	0.0919423453282
-orá	0.364485981309	0.570093457944	0.018691588785	0.0467289719626
-ele	0.333867312251	0.214721011729	0.211416299829	0.239995376191
-tep	0.363636363636	0.383116883117	0.0	0.253246753247
-pna	0.508088978767	0.388270980789	0.0619312436805	0.0417087967644
-leí	0.0366132723112	0.935926773455	0.0274599542334	0.0
-age	0.0518518518518	0.918518518519	0.0	0.0296296296297
-abu	0.193409451058	0.735484133111	0.0216163504124	0.0494900654179
-ágó	0.0673818411286	0.832828860819	0.0217119265859	0.0780773714665
-leá	0.0545454545455	0.836363636364	0.0	0.109090909091
--jó	0.0424354243542	0.946494464945	0.0110701107011	0.0
-uom	0.108367626886	0.720164609054	0.135802469136	0.0356652949245
-pnu	0.332499867	0.486088205565	0.0356439857424	0.145767941693
-ito	0.0276469843144	0.896323808821	0.0276469843144	0.0483822225502
-esi	0.502645502646	0.433862433862	0.0634920634921	0.0
-uló	0.497905845682	0.401045041997	0.0457452062539	0.0553039060681
--já	0.424079065589	0.51572327044	0.0548068283917	0.00539083557952
-esa	0.0	1.0	0.0	0.0
-ite	0.212626590342	0.113287732582	0.0650015107695	0.609084166306
-one	0.120764520744	0.783526803965	0.000930867323304	0.094777807968
-ese	0.486136277832	0.242635019769	0.129042065075	0.142186637324
-ita	0.0546834110221	0.0960798376146	0.00853132845257	0.840705422911
-íku	0.648367561875	0.171274354924	0.146129541864	0.0342285413375
-alú	0.425640829736	0.30522978187	0.118424571188	0.150704817206
-gin	0.117556959602	0.713000191461	0.132682366456	0.0367604824813
-bru	0.00873151464738	0.921416368173	0.0698521171791	0.0
-gru	0.416097190585	0.269552012149	0.115413819286	0.19893697798
-aló	0.434072221501	0.533810327132	0.0262779147546	0.00583953661212
-ndé	0.258760107817	0.436657681941	0.0269541778976	0.277628032345
-áná	0.522076092062	0.276186002818	0.11695631752	0.0847815875998
-bra	0.537572254335	0.297758353306	0.0516001691809	0.113069223178
-alí	0.381188118812	0.529702970297	0.0594059405941	0.029702970297
-alé	0.194050057278	0.379942375117	0.0716839657028	0.354323601902
-udi	0.0232646748031	0.780012694454	0.133415228263	0.0633074024791
-alá	0.636002520706	0.173623672748	0.0635087628564	0.126865043689
-hum	0.0	1.0	0.0	0.0
-nju	0.160142348754	0.270462633452	0.106761565836	0.462633451957
-uti	0.5	0.327868852459	0.0245901639344	0.147540983607
-ksa	0.664194915254	0.248411016949	0.0365466101695	0.050847457627
-uoi	0.798056208603	0.0609195529527	0.0157198131477	0.125304425297
-hud	0.0	1.0	0.0	0.0
-bum	0.0256946072585	0.0331359177446	0.00601420984495	0.935155265152
-uto	0.114754098361	0.55737704918	0.327868852459	0.0
--pí	0.516363636364	0.483636363636	0.0	0.0
-aba	0.614669027009	0.180695341238	0.0740635725937	0.130572059159
-agi	0.285469844152	0.55623112141	0.128397537782	0.0299014966569
-iep	0.467532467532	0.337662337662	0.194805194805	0.0
-abo	0.5	0.384615384615	0.0384615384615	0.0769230769231
-ron	0.227912325837	0.357384202249	0.262444089463	0.15225938245
-nji	0.105263157895	0.80701754386	0.0	0.0877192982456
-tam	0.127375726416	0.224417047686	0.016836551322	0.631370674576
-kob	0.00697674418604	0.987790697674	0.0	0.00523255813953
-sou	0.550374991923	0.361557624264	0.0498494625358	0.0382179212774
-sot	0.254111994086	0.372771514816	0.0445019404916	0.328614550607
-ogó	0.155794902913	0.747117718447	0.0455097087378	0.0515776699029
-ada	0.447899159664	0.431932773109	0.0302521008403	0.0899159663865
-aem	0.495575221239	0.212389380531	0.106194690265	0.185840707965
-sop	0.388260869565	0.205217391304	0.305217391304	0.101304347826
