jer-	0.0079509026489	0.980618356673	0.00227771216467	0.00915302851358
kud-	0.265321776482	0.490987190304	0.152335660044	0.0913553731687
ni'-	0.564542128897	0.182190809494	0.0460335183979	0.207233543211
tut-	0.403377265065	0.558809940231	0.00375532972006	0.0340574649836
do̱-	0.143958921276	0.764271086976	0.0759528491233	0.0158171426243
kúú-	0.405011804729	0.0133124317283	0.00275446858158	0.578921294961
fig-	0.0	0.981818181818	0.0181818181818	0.0
ióo-	0.118198874296	0.422138836773	0.06191369606	0.39774859287
son-	0.735380664491	0.193595848269	0.0445401530148	0.026483334225
ye'-	0.650602409639	0.0	0.349397590361	0.0
dok-	0.473347392158	0.495938948511	0.0181651146281	0.0125485447029
maa-	0.0	1.0	0.0	0.0
tón-	0.0187050359712	0.981294964029	0.0	0.0
jac-	0.0	0.991719242902	0.00739353312302	0.000887223974764
ta'-	0.120284293715	0.107006253182	0.0652946904613	0.707414762642
yóó-	0.183080483415	0.217804062741	0.0549241450244	0.54419130882
kec-	0.386978808839	0.434137453611	0.110216487232	0.0686672503185
kañ-	0.398179968182	0.240816259135	0.228143223043	0.13286054964
tít-	0.0273722627737	0.961678832117	0.0	0.0109489051095
júp-	0.0194805194805	0.961038961039	0.0194805194805	0.0
yo̱-	0.0740089168134	0.175395436185	0.00927203097983	0.741323616022
só'-	0.635593220339	0.25	0.0847457627118	0.0296610169491
abí-	0.0	0.955773955774	0.044226044226	0.0
mah-	0.0	1.0	0.0	0.0
vas-	0.0629326620516	0.875393329138	0.0	0.0616740088105
eno-	0.0368380660015	0.796623177283	0.122793553338	0.0437452033768
dín-	0.349834983498	0.432343234323	0.026402640264	0.191419141914
no'-	0.616101706656	0.112123288423	0.0315115953069	0.240263409614
lis-	0.0500802568218	0.912359550562	0.0317817014446	0.00577849117175
iño-	0.0176100628931	0.00503144654087	0.413417190776	0.56394129979
san-	0.288888888889	0.542222222222	0.0133333333333	0.155555555556
ke̱-	0.547009059542	0.319715574663	0.0358414672399	0.0974338985553
yir-	0.36205361559	0.501434365417	0.0445147888021	0.0919972301909
sak-	0.258953063091	0.64237275221	0.0872447424565	0.0114294422432
kóo-	0.44593738539	0.213599839963	0.115193545161	0.225269229487
uu̱-	0.0154736928468	0.0979477021532	0.154416952848	0.732161652152
váí-	0.234531526223	0.0942840306423	0.0356511490866	0.635533294048
nóó-	0.148932703275	0.552217946629	0.191022925258	0.107826424838
óoi-	0.0625	0.160714285714	0.0	0.776785714286
inó-	0.417831507367	0.293539856441	0.0634680770684	0.225160559123
seg-	0.0	0.914285714286	0.0857142857143	0.0
euf-	0.0672268907563	0.932773109244	0.0	0.0
der-	0.0606060606061	0.939393939394	0.0	0.0
kat-	0.323633591063	0.575166486568	0.0710130269381	0.0301868954315
pró-	0.0	1.0	0.0	0.0
abi-	0.0	1.0	0.0	0.0
yúc-	0.164075993091	0.727115716753	0.0984455958549	0.0103626943005
mil-	0.0128299365185	0.237754761109	0.00708319411962	0.742332108253
ña'-	0.077922077922	0.831168831169	0.0454545454545	0.0454545454545
tib-	0.0	1.0	0.0	0.0
yít-	0.0560592264144	0.917752088365	0.00766063581298	0.0185280494081
sod-	0.516902107741	0.476866402111	0.0	0.00623149014757
ari-	0.0224525043178	0.974093264249	0.0	0.00345423143351
mai-	0.0	1.0	0.0	0.0
ini-	0.0824433583807	0.0726098668767	0.0181075521347	0.826839222608
mig-	0.329545454545	0.670454545455	0.0	0.0
ked-	0.505682880413	0.353601714212	0.0831675526943	0.0575478526813
tai-	0.603833865815	0.249201277955	0.0830670926517	0.0638977635783
ñóó-	0.153800367531	0.222173971615	0.0592188215224	0.564806839332
paf-	0.0172413793103	0.98275862069	0.0	0.0
nii-	0.0201430311358	0.957684019862	0.0111645482652	0.011008400737
abr-	0.0102535014617	0.956462614716	0.0308841281615	0.00239975566124
pro-	0.0099249117654	0.981926711988	0.00203709406164	0.0061112821849
ták-	0.544613350958	0.246072499873	0.140830748894	0.0684834002746
oko-	0.012865497076	0.0143692564745	0.0140350877193	0.95873015873
náy-	0.130464986247	0.688663101	0.123546388492	0.0573255242602
ya'-	0.152526215443	0.492731172545	0.219494756911	0.1352478551
táy-	0.174889270413	0.164916785217	0.635918269522	0.0242756748484
sá'-	0.104908308962	0.77683892174	0.0572852661371	0.0609675031611
her-	0.0245590984891	0.909747839709	0.057506695639	0.00818636616302
ate-	0.014440433213	0.938628158845	0.043321299639	0.00361010830325
tii-	0.797894335613	0.114234891887	0.00450471262243	0.083366059878
har-	0.0542635658914	0.937984496124	0.00775193798451	0.0
kam-	0.345645543883	0.359539139275	0.132158590308	0.162656726533
bee-	0.070460704607	0.918699186992	0.0108401084011	0.0
sin-	0.0	0.990476190476	0.0	0.00952380952381
yú'-	0.0563455862624	0.403005097934	0.0322763932512	0.508372922552
ioi-	0.211893800845	0.119820899287	0.0586491770196	0.609636122848
urí-	0.0	1.0	0.0	0.0
dor-	0.0	1.0	0.0	0.0
zab-	0.0	0.976397311916	0.0236026880839	0.0
ná'-	0.690157018874	0.207176713141	0.0598057769218	0.0428604910629
pat-	0.0351906158358	0.947214076246	0.0	0.0175953079179
dí'-	0.276923076923	0.260805860806	0.29010989011	0.172161172161
yáí-	0.0521739130435	0.878260869565	0.0695652173913	0.0
xíi-	0.6476141635	0.0970185785217	0.102449940558	0.15291731742
xía-	0.25501481168	0.112547608972	0.0524756665256	0.579961912823
kúk-	0.23569023569	0.558922558923	0.181818181818	0.023569023569
yo'-	0.0337124067964	0.107931302371	0.0183870218701	0.839969268962
vóó-	0.39175257732	0.328865979381	0.117525773196	0.161855670103
jor-	0.00433526011561	0.995664739884	0.0	0.0
káv-	0.501016284464	0.3556995624	0.0533250436404	0.0899591094957
naí-	0.0357142857143	0.892857142857	0.0	0.0714285714286
véi-	0.706521739131	0.143374741201	0.0543478260869	0.0957556935817
gen-	0.0643274853801	0.923976608187	0.0116959064327	0.0
jam-	0.11320754717	0.88679245283	0.0	0.0
kid-	0.626485201987	0.265896161878	0.031468279686	0.0761503564486
mar-	0.00522388059702	0.967330016584	0.00199004975124	0.025456053068
séi-	0.29718875502	0.489959839357	0.0763052208835	0.136546184739
por-	0.232876712329	0.767123287671	0.0	0.0
kór-	0.666666666667	0.280701754386	0.0	0.0526315789473
alf-	0.0	1.0	0.0	0.0
xío-	0.121194998104	0.7990040452	0.00733845157074	0.0724625051254
yé'-	0.118934088635	0.776313225148	0.0635986851507	0.0411540010654
cen-	0.0645161290322	0.91935483871	0.0161290322581	0.0
ñaá-	0.037999592524	0.0602841562332	0.00365129601246	0.89806495523
óni-	0.00995024875621	0.0646766169154	0.628109452736	0.297263681592
vaá-	0.126575630252	0.221113445378	0.0388655462185	0.613445378151
yóa-	0.416707496325	0.212150906418	0.106320431161	0.264821166095
víx-	0.0	0.0234278668311	0.840937114673	0.135635018496
nák-	0.499779127766	0.239249037743	0.0479170041278	0.213054830364
ped-	0.0114795868136	0.973319313666	0.00460758716019	0.0105935123598
sau-	0.0623930649025	0.886049960078	0.0177940002281	0.0337629747918
che-	0.0189723320158	0.966798418972	0.0094861660079	0.00474308300395
íón-	0.0294550810015	0.705449189985	0.235640648012	0.0294550810015
epa-	0.147769516729	0.78531598513	0.0278810408922	0.0390334572491
yac-	0.130498571465	0.139172736867	0.0567295565108	0.673599135157
oro-	0.00100494095972	0.716271669039	0.281383468721	0.00133992127962
asi-	0.00155585520174	0.985219375583	0.00388963800436	0.00933513121044
dia-	0.0	1.0	0.0	0.0
nan-	0.353224599442	0.315539287389	0.0262266701229	0.305009443046
top-	0.0	0.776397515528	0.223602484472	0.0
uva-	0.0449962593799	0.930164176618	0.00468286862325	0.0201566953783
tér-	0.0609756097561	0.878048780488	0.0487804878049	0.0121951219512
dao-	0.0542249674123	0.258012180508	0.0519263598	0.635836492279
mrk-	0.50422626788	0.173927178153	0.0643693107932	0.257477243173
tol-	0.129032258065	0.870967741935	0.0	0.0
ví'-	0.194794290512	0.0811642877134	0.310663308145	0.41337811363
sio-	0.00809716599189	0.967611336032	0.0242914979757	0.0
cue-	0.0982599795292	0.760491299898	0.0491299897646	0.0921187308086
dáa-	0.027027027027	0.972972972973	0.0	0.0
ñii-	0.199446823021	0.682794680408	0.117758496571	0.0
kaá-	0.344605271521	0.0719207531575	0.00370802381549	0.579765951506
mir-	0.0257731958763	0.948453608247	0.0	0.0257731958763
isa-	0.00436690303396	0.98762710807	0.00174676121358	0.00625922768201
víc-	0.106194690265	0.336283185841	0.557522123894	0.0
ko̱-	0.19338817988	0.108823237861	0.0252466784537	0.672541903805
eut-	0.08	0.906666666667	0.0133333333333	0.0
pud-	0.0357142857143	0.964285714286	0.0	0.0
dio-	0.0422535211268	0.957746478873	0.0	0.0
bab-	0.017642117054	0.956034724167	0.0218426211145	0.00448053766452
ita-	0.0872087942816	0.820042293644	0.0880826298957	0.004666282179
míí-	0.178953782149	0.317370670774	0.187978127329	0.315697419747
láz-	0.0391576176374	0.889930898322	0.0157946692991	0.0551168147416
ne'-	0.403671535728	0.413343861034	0.104224240032	0.0787603632057
fla-	0.261143410853	0.677810077519	0.0610465116279	0.0
moi-	0.0467746261223	0.925530963845	0.0163599443175	0.0113344657156
xid-	0.23502197548	0.2257691418	0.498959056211	0.0402498265094
kod-	0.515271493213	0.446266968326	0.00565610859729	0.0328054298643
jud-	0.024175060785	0.958457797846	0.00930878777353	0.00805835359499
kev-	0.363922185105	0.355472587935	0.207899390843	0.0727058361171
oni-	0.0132027625264	0.0115160659922	0.272103202563	0.703177968918
káa-	0.127953684248	0.147914537971	0.0244133666322	0.699718411148
ku̱-	0.508022197187	0.104070943183	0.113327417904	0.274579441726
uzí-	0.0	1.0	0.0	0.0
cis-	0.0416666666667	0.958333333333	0.0	0.0
mal-	0.0765306122449	0.882653061225	0.0306122448979	0.0102040816327
adá-	0.042155785578	0.92719597525	0.0260220898629	0.00462614930896
yí'-	0.577613516368	0.374868004224	0.0285110876452	0.0190073917635
sab-	0.013698630137	0.986301369863	0.0	0.0
chó-	0.103462110701	0.356408498972	0.476186495929	0.0639428943981
nin-	0.0171277997365	0.411067193676	0.208168642951	0.363636363636
lás-	0.0686591276252	0.825525040388	0.00242326332795	0.103392568659
yík-	0.101364522417	0.524366471735	0.16081871345	0.213450292398
cie-	0.0230386595689	0.219041801204	0.0394449777468	0.71847456148
úsa-	0.420689655172	0.0	0.0827586206897	0.496551724138
ñáá-	0.226440988106	0.553979871912	0.0	0.219579139982
chá-	0.101266165474	0.0874298386544	0.320252166239	0.491051829633
váá-	0.323289230448	0.0875247451784	0.0616914954379	0.527494528936
sós-	0.00961538461538	0.980769230769	0.00961538461538	0.0
i̱n-	0.177777777778	0.286666666667	0.38	0.155555555556
ova-	0.0508114667072	0.720536933111	0.228651600182	0.0
esr-	0.0	1.0	0.0	0.0
vaa-	0.269635425995	0.271790074154	0.0971977907708	0.361376709079
yu'-	0.0804957067319	0.0271802416527	0.0142116174118	0.878112434204
kúu-	0.379833040929	0.133340840878	0.137246931272	0.349579186921
and-	0.00268576544315	0.983885407341	0.00268576544315	0.0107430617726
dat-	0.0416666666667	0.520833333333	0.145833333333	0.291666666667
ALL	0.227625158036	0.27422572118	0.0516612189379	0.446487901846
vá'-	0.167642555508	0.179835836298	0.585761428524	0.0667601796699
fél-	0.0475543478261	0.915760869565	0.0285326086956	0.00815217391305
kix-	0.52456559806	0.252054148707	0.0755994073276	0.147780845905
mae-	0.0140120503633	0.967972456312	0.00150129111036	0.0165142022139
cil-	0.0	0.994949494949	0.0050505050505	0.0
per-	0.0	0.958333333333	0.037037037037	0.00462962962963
i̱í-	0.215001957301	0.142732391822	0.0340269204132	0.608238730465
arm-	0.0	1.0	0.0	0.0
dáx-	0.543109742352	0.328531710561	0.0855723647245	0.0427861823623
cal-	0.0588235294117	0.941176470588	0.0	0.0
kui-	0.198948258717	0.441784154443	0.139307095121	0.219960491719
noo-	0.0167945245943	0.0215042197215	0.00388320177557	0.957818053909
lo̱-	0.107142857143	0.892857142857	0.0	0.0
zor-	0.0	1.0	0.0	0.0
ñad-	0.0650158498099	0.794556943341	0.0806829124289	0.0597442944199
lid-	0.0117309697602	0.98826903024	0.0	0.0
ñan-	0.0169197646948	0.893712447813	0.0238133901865	0.0655543973054
i'í-	0.203526136715	0.283328178163	0.350757810083	0.162387875039
ata-	0.0	1.0	0.0	0.0
tie-	0.0455384200005	0.810499894434	0.0294798871978	0.114481798367
far-	0.00722089078403	0.985309222198	0.00186747175449	0.00560241526347
kás-	0.486832667835	0.301708567171	0.101631844634	0.10982692036
káñ-	0.494360385144	0.316368638239	0.0940852819807	0.0951856946355
tac-	0.0307939606177	0.939698030886	0.019174464665	0.0103335438315
mes-	0.223596188932	0.718832353537	0.00364889519562	0.0539225623353
sed-	0.0	0.526315789474	0.473684210526	0.0
arc-	0.160427807487	0.679144385027	0.106951871658	0.0534759358289
adi-	0.0482573726542	0.549597855228	0.386058981233	0.0160857908847
saú-	0.518518518519	0.456790123457	0.0246913580247	0.0
ami-	0.0348531102075	0.939377834905	0.0189096661764	0.00685938871105
kax-	0.25187032419	0.527431421446	0.0972568578554	0.123441396509
tán-	0.442165408979	0.458021603235	0.0497602834617	0.0500527043244
kur-	0.474829931973	0.112925170068	0.39387755102	0.0183673469388
nóo-	0.313534917207	0.214902807775	0.365010799136	0.106551475882
ño̱-	0.103477157588	0.243901878379	0.010838397621	0.641782566412
cás-	0.28313253012	0.596385542169	0.120481927711	0.0
xe̱-	0.236192293928	0.669330788501	0.0472384587856	0.0472384587856
sec-	0.357142857143	0.642857142857	0.0	0.0
eub-	0.0666666666667	0.933333333333	0.0	0.0
ñé'-	0.745387453875	0.243542435424	0.0	0.0110701107011
jai-	0.0956598759965	0.888396811337	0.0106288751107	0.00531443755536
vik-	0.0167496604798	0.949071978271	0.0156179266636	0.0185604345858
tal-	0.166217026379	0.754196642686	0.0521582733813	0.027428057554
pa'-	0.0285714285714	0.971428571429	0.0	0.0
ndé-	0.273163941202	0.259507592574	0.0400908136347	0.427237652589
kác-	0.783783783784	0.117117117117	0.0990990990991	0.0
kos-	0.460677854557	0.539322145443	0.0	0.0
rod-	0.144385026738	0.855614973262	0.0	0.0
xík-	0.416242122757	0.301519017523	0.130186192592	0.152052667128
zaf-	0.019801980198	0.894389438944	0.0858085808581	0.0
daí-	0.600068071374	0.135361187972	0.133533345519	0.131037395135
dak-	0.570057581574	0.332053742802	0.0748560460653	0.0230326295585
nó'-	0.369477540189	0.317903842989	0.0577026169843	0.254915999837
pon-	0.00756143667298	0.930056710775	0.00189035916824	0.0604914933838
gól-	0.0	0.979381443299	0.020618556701	0.0
yáa-	0.211022968839	0.750090734692	0.0124436148701	0.026442681599
ged-	0.140077821012	0.859922178988	0.0	0.0
chi-	0.285075009564	0.108885134737	0.023225374222	0.582814481477
pil-	0.0171216812084	0.927901304062	0.0335866403978	0.0213903743315
ben-	0.0	1.0	0.0	0.0
dió-	0.0945193767759	0.0951394322299	0.0326286583011	0.777712532693
kuá-	0.148516300941	0.549153342295	0.237806796956	0.0645235598074
ni̱-	0.374881436358	0.0068000259154	0.00466421416641	0.613654323561
kia-	0.421828908555	0.312684365782	0.234513274336	0.0309734513274
ú'u-	0.0980036297641	0.0961887477314	0.762250453721	0.043557168784
rev-	0.122950819672	0.704918032787	0.0	0.172131147541
kei-	0.795493094257	0.173007026896	0.0145384056215	0.0169614732251
hac-	0.0935064935065	0.906493506493	0.0	0.0
xíd-	0.0236008763194	0.874726150169	0.0996813383788	0.00199163513244
kas-	0.523312151021	0.20903277789	0.0302451050902	0.237409965999
lam-	0.00921658986175	0.976958525346	0.0138248847926	0.0
nar-	0.0	0.872611464968	0.127388535032	0.0
act-	0.6	0.315789473684	0.0	0.0842105263158
nát-	0.374723289331	0.46913783694	0.0904288464951	0.0657100272341
dám-	0.0	1.0	0.0	0.0
kéc-	0.184448493437	0.735634510915	0.041215372676	0.0387016229713
yúu-	0.295238095238	0.657142857143	0.0190476190476	0.0285714285714
sat-	0.0611836399302	0.758093225556	0.0209476536877	0.159775480826
ñí'-	0.366492146597	0.0862627773622	0.539765644478	0.00747943156319
ve'-	0.0427843766435	0.626724134832	0.00528949955216	0.325201988972
sió-	0.0282574568289	0.952904238619	0.0	0.0188383045526
esl-	0.0	1.0	0.0	0.0
lók-	0.257724189902	0.33986435569	0.307460437076	0.0949510173323
dik-	0.10993829339	0.144748521501	0.198915589207	0.546397595902
nad-	0.525463016088	0.313152640397	0.109333761733	0.0520505817823
xaa-	0.242221181375	0.101309112812	0.0283772342465	0.628092471566
kis-	0.762090304836	0.159981663993	0.0366720146688	0.0412560165024
kuv-	0.298701298701	0.324675324675	0.376623376623	0.0
ño'-	0.156417877008	0.749838328872	0.04491147551	0.0488323186101
fle-	0.0	1.0	0.0	0.0
gál-	0.270676691729	0.639097744361	0.0601503759399	0.0300751879699
ban-	0.0	1.0	0.0	0.0
sáx-	0.0977443609022	0.451127819549	0.270676691729	0.18045112782
yái-	0.0532435740514	0.863558172616	0.0633497634722	0.0198484898607
adr-	0.145454545454	0.684848484849	0.145454545455	0.0242424242424
ve̱-	0.663099181183	0.0976497632708	0.023484580655	0.215766474891
dád-	0.578313253012	0.172218284904	0.240963855422	0.00850460666193
iin-	0.0095847122837	0.0599860093773	0.00382817134792	0.926601106991
vít-	0.0321021746634	0.412323092855	0.0393510528132	0.516223679669
náo-	0.0260826771654	0.953248031496	0.00885826771652	0.011811023622
ñe'-	0.288	0.392	0.024	0.296
did-	0.0217391304348	0.978260869565	0.0	0.0
ídi-	0.0571428571429	0.904761904762	0.0380952380952	0.0
arq-	0.185929648241	0.804020100503	0.0100502512563	0.0
ale-	0.0523846755278	0.853401094605	0.0918686473808	0.00234558248632
kúx-	0.390625	0.4765625	0.015625	0.1171875
ké'-	0.611650485437	0.349514563107	0.0388349514563	0.0
sid-	0.0104529616725	0.961672473868	0.00174216027875	0.0261324041812
oli-	0.0116361071932	0.96509167842	0.0126939351199	0.0105782792666
luc-	0.0266159695818	0.950570342205	0.0	0.0228136882129
xín-	0.418862411944	0.372647526673	0.115122251408	0.0933678099758
jec-	0.0	1.0	0.0	0.0
dec-	0.00440528634361	0.770925110132	0.0	0.224669603524
kue-	0.29169493441	0.39653475655	0.0401615740393	0.271608735
kon-	0.548513761234	0.125767175514	0.0671237790762	0.258595284175
eli-	0.0232612781955	0.918585526316	0.0496945488722	0.00845864661655
víá-	0.205970149254	0.305671641791	0.345074626866	0.143283582089
ñíi-	0.144650708729	0.695853552643	0.100325569436	0.0591701691929
di'-	0.137155730754	0.0976863622124	0.0249761343868	0.740181772647
col-	0.030303030303	0.855218855219	0.0	0.114478114478
vit-	0.216671596207	0.0866912120042	0.0489581430881	0.647679048701
yát-	0.230961802471	0.177905192603	0.546717273682	0.0444157312445
var-	0.0645712333447	0.923129484113	0.0102494021182	0.00204988042364
tuk-	0.107861144347	0.0630541357628	0.0690339357907	0.760050784099
ene-	0.0504201680672	0.941176470588	0.00840336134454	0.0
díd-	0.0357142857143	0.952380952381	0.0119047619048	0.0
idá-	0.372424722662	0.175911251981	0.190174326466	0.261489698891
xír-	0.42287694974	0.344887348354	0.187175043328	0.0450606585788
tor-	0.195524571236	0.724993895741	0.0286133518883	0.0508681811346
lec-	0.0243506493507	0.87012987013	0.105519480519	0.0
efr-	0.0	1.0	0.0	0.0
kús-	0.258620689655	0.172413793103	0.51724137931	0.051724137931
sáa-	0.319458336539	0.315457413249	0.146956990075	0.218127260137
cre-	0.0146818923328	0.965742251223	0.00489396411093	0.0146818923328
lat-	0.0504807692308	0.682692307692	0.245192307692	0.0216346153846
pen-	0.0	1.0	0.0	0.0
ka'-	0.612060443482	0.164887052109	0.0326677657924	0.190384738617
ape-	0.0	1.0	0.0	0.0
éfe-	0.00888596346882	0.985683725522	0.00345565246009	0.00197465854863
kía-	0.605004955963	0.0301903928221	0.00426224570671	0.360542405508
óon-	0.260769306251	0.254145814935	0.153975730219	0.331109148595
tia-	0.0	1.0	0.0	0.0
ndu-	0.219733339258	0.204290836221	0.0564322048628	0.519543619658
dár-	0.555603719691	0.26789348324	0.162129605125	0.0143731919437
car-	0.139393939394	0.848484848485	0.00606060606059	0.0060606060606
ino-	0.126189840173	0.163522852601	0.0646593334515	0.645627973774
sit-	0.00594916170903	0.85451595457	0.136289886425	0.00324499729584
mañ-	0.249918327344	0.407056517478	0.305782424044	0.0372427311336
yúk-	0.0473126419379	0.937382746931	0.00226277852747	0.0130418326038
xií-	1.0	0.0	0.0	0.0
yuu-	0.0911091273477	0.815017351361	0.0756649384278	0.0182085828638
víi-	0.0444444444444	0.644444444444	0.222222222222	0.0888888888889
pól-	0.0606060606061	0.924242424242	0.0151515151515	0.0
nío-	0.235009164822	0.581580977097	0.0402675946427	0.143142263439
dá'-	0.264434754106	0.365725693614	0.0447115261932	0.325128026087
lék-	0.0143308764771	0.978461286242	0.0039007119405	0.00330712534086
voo-	0.34110787172	0.486880466472	0.0612244897959	0.110787172012
kéñ-	0.156626506024	0.379518072289	0.44578313253	0.0180722891566
hec-	0.324324324324	0.648648648649	0.0	0.027027027027
di̱-	0.311355732748	0.559595682416	0.0371693547489	0.0918792300868
cai-	0.0112852664577	0.988714733542	0.0	0.0
tút-	0.288372093023	0.223255813953	0.0511627906976	0.437209302326
vai-	0.186832740214	0.112989323844	0.0133451957295	0.686832740213
kun-	0.284693362333	0.469452751777	0.161960616771	0.0838932691187
cum-	0.105882352941	0.752941176471	0.0	0.141176470588
kan-	0.613902311345	0.225258086348	0.0527711930111	0.108068409295
táx-	0.828054298643	0.135746606335	0.0180995475113	0.0180995475113
nei-	0.698795180723	0.0481927710843	0.253012048193	0.0
sus-	0.0263157894737	0.973684210526	0.0	0.0
véí-	0.429193899782	0.259259259259	0.0697167755991	0.241830065359
níy-	0.3536	0.4064	0.1152	0.1248
ñií-	0.280080482897	0.604024144869	0.0579476861167	0.0579476861167
sim-	0.00482052164931	0.990531118189	0.0020659378497	0.00258242231213
hoz-	0.0193370165746	0.969613259669	0.0110497237569	0.0
náx-	0.65504587156	0.126605504587	0.154128440367	0.0642201834862
vi̱-	0.0255490811295	0.556252801434	0.407440609592	0.010757507844
jes-	0.00750838732614	0.773977340075	0.003800328471	0.214713944128
ndí-	0.391725236509	0.245571697053	0.119256558257	0.243446508181
met-	0.137466307278	0.700808625337	0.0161725067385	0.145552560647
sa̱-	0.242083786521	0.0890955098052	0.0405142009554	0.628306502718
mna-	0.146341463415	0.768292682927	0.0609756097561	0.0243902439024
nef-	0.0246153846154	0.975384615385	0.0	0.0
xe'-	0.114427860696	0.798507462687	0.0820895522387	0.0049751243781
táa-	0.637229819144	0.26442434936	0.0569033965593	0.041442434936
ces-	0.00868463904469	0.969603763344	0.0195404378506	0.00217115976117
ken-	0.54977124126	0.219814232953	0.144578634949	0.0858358908381
kák-	0.342244356346	0.391368610565	0.211803350302	0.054583682787
azu-	0.0544554455445	0.938118811881	0.00742574257425	0.0
nor-	0.0	0.654761904762	0.119047619048	0.22619047619
yúy-	0.0714285714286	0.892857142857	0.0357142857143	0.0
na̱-	0.165214255828	0.0724214139251	0.0230972678359	0.739267062411
mat-	0.0	1.0	0.0	0.0
so'-	0.662836471965	0.298861581019	0.0297904032344	0.00851154378126
keí-	0.618304729276	0.297130034092	0.0313884665843	0.0531767700476
ioa-	0.811902231668	0.111583421892	0.0510095642933	0.0255047821466
tró-	0.0113636363636	0.943181818182	0.0227272727273	0.0227272727273
xi'-	0.415147656797	0.185914988964	0.360237371394	0.0386999828443
tíi-	0.470641992232	0.386109207219	0.0625999543066	0.0806488462417
par-	0.0	1.0	0.0	0.0
too-	0.412965481983	0.255210568119	0.171585856834	0.160238093064
ala-	0.389380530973	0.297935103245	0.241887905605	0.070796460177
jul-	0.0798122065727	0.826291079812	0.00938967136152	0.0845070422535
cop-	0.178667383127	0.811660397636	0.0	0.00967221923697
to̱-	0.127975058919	0.610288494343	0.0923530027283	0.16938344401
nah-	0.0	1.0	0.0	0.0
zac-	0.0256668344237	0.933568193256	0.0332159033719	0.00754906894817
apo-	0.0261376896149	0.953792298716	0.00186697782964	0.018203033839
káo-	0.0579354793513	0.916144173176	0.0126098987705	0.0133104487022
kéi-	0.160996479162	0.776938508147	0.0292720871203	0.0327929255711
rag-	0.0	1.0	0.0	0.0
feb-	0.05	0.95	0.0	0.0
ráa-	0.665624575234	0.182139459019	0.0203887454125	0.131847220334
le̱-	0.269230769231	0.644230769231	0.0865384615385	0.0
tuú-	0.226894437144	0.74682435392	0.0157687253614	0.0105124835742
gay-	0.0238095238095	0.968253968254	0.0	0.00793650793651
sód-	0.522580645161	0.21935483871	0.0516129032258	0.206451612903
kin-	0.0857165251103	0.285033963556	0.527728185075	0.101521326259
lá'-	0.0333333333333	0.933333333333	0.0333333333333	0.0
dan-	0.339308578745	0.587067861716	0.0672215108835	0.00640204865559
ref-	0.074074074074	0.901234567901	0.0246913580247	0.0
apó-	0.0182263958921	0.939908405422	0.033492158949	0.00837303973724
sás-	0.643294092542	0.320784578725	0.0110253583241	0.0248959704094
gre-	0.0937499999999	0.875	0.03125	0.0
ser-	0.0	0.963302752294	0.0366972477064	0.0
róó-	0.137404580153	0.687022900763	0.0152671755725	0.160305343511
nás-	0.248226950355	0.404255319149	0.223404255319	0.124113475177
ndi-	0.113083494594	0.489674860093	0.0454354685134	0.351806176799
cri-	0.00695622899578	0.982562452413	0.00661565954015	0.00386565905083
tót-	0.0488608822104	0.926708676684	0.0244304411052	0.0
elm-	0.0	1.0	0.0	0.0
jef-	0.0	1.0	0.0	0.0
aqu-	0.0266272189349	0.96449704142	0.0	0.00887573964497
din-	0.0618586439386	0.349558920897	0.0587053191172	0.529877116047
zel-	0.0	1.0	0.0	0.0
nac-	0.280808640266	0.650512323456	0.0414289670452	0.0272500692329
xik-	0.735317397499	0.199936678803	0.0292860535064	0.0354598701915
xóo-	0.430430503758	0.215293910669	0.0833542990031	0.27092128657
pál-	0.0306399572898	0.272301014368	0.681739049697	0.0153199786449
kex-	0.551165282615	0.297984195017	0.0718256094294	0.0790249129387
ché-	0.34887359199	0.65112640801	0.0	0.0
sos-	0.0	1.0	0.0	0.0
luu-	0.216829120001	0.356261124821	0.39195684051	0.0349529146687
cad-	0.0523217789405	0.913015042511	0.026814911707	0.00784826684107
kua-	0.364441677782	0.290341090987	0.174041174586	0.171176056646
tat-	0.0307619626863	0.908688673898	0.00474355209409	0.0558058113214
níí-	0.0768129257613	0.142981301681	0.291566304951	0.488639467607
bit-	0.0	1.0	0.0	0.0
ích-	0.121740771236	0.654315905036	0.121014592196	0.102928731531
táv-	0.436587591241	0.483120437956	0.0652372262774	0.0150547445255
nom-	0.39010989011	0.554945054945	0.0054945054945	0.0494505494505
nia-	0.53125	0.447916666667	0.0208333333333	0.0
ko'-	0.479522694951	0.109627832232	0.0118199886446	0.399029484172
sei-	0.760565172022	0.215560796907	0.0158845038413	0.00798952722971
yák-	0.141907389233	0.667035323202	0.172785949895	0.0182713376695
pas-	0.0434958800486	0.910846953938	0.023503984871	0.0221531811428
sis-	0.331117021277	0.271276595745	0.303191489362	0.094414893617
yók-	0.484304932735	0.0134529147982	0.502242152466	0.0
ndó-	0.0771659041803	0.0734390383176	0.0131710017282	0.836224055774
né'-	0.279053214921	0.468244562858	0.0433337291135	0.209368493108
aug-	0.102459016393	0.881147540984	0.0	0.0163934426229
va̱-	0.120856506149	0.228308747175	0.338281033216	0.31255371346
mos-	0.0	0.966806316468	0.030937802127	0.0022558814051
kok-	0.847389558233	0.152610441767	0.0	0.0
sur-	0.0244856316953	0.485801734399	0.214249277334	0.275463356572
mis-	0.0555555555555	0.944444444444	0.0	0.0
xí'-	0.0605386756368	0.0234968231639	0.00632493602189	0.909639565177
fri-	0.0574712643678	0.873563218391	0.0574712643678	0.0114942528736
reg-	0.109090909091	0.854545454545	0.0363636363636	0.0
pla-	0.0160586489789	0.903648106127	0.0740094257287	0.00628381916565
mac-	0.00467775467775	0.970374220374	0.024948024948	0.0
ico-	0.0	0.983818770227	0.00970873786408	0.00647249190939
jaa-	0.0696121608183	0.121039920443	0.041767296491	0.767580622247
bet-	0.0189573459716	0.960505529226	0.00552922590837	0.0150078988942
pér-	0.0131578947368	0.986842105263	0.0	0.0
keñ-	0.431876606684	0.483290488432	0.0694087403599	0.0154241645244
sal-	0.0297766749379	0.955955334988	0.00682382133995	0.00744416873448
neá-	0.0	1.0	0.0	0.0
ma̱-	0.201456096299	0.466039140474	0.210881607005	0.121623156221
gab-	0.0	1.0	0.0	0.0
cam-	0.0241796200345	0.975820379965	0.0	0.0
túx-	0.0	0.932203389831	0.0169491525424	0.0508474576271
ind-	0.017315989032	0.899710478561	0.0672589468716	0.015714585535
kít-	0.0672103073515	0.892543204254	0.0264325121797	0.0138139762145
ooa-	0.859060402685	0.10067114094	0.0	0.0402684563758
ñóc-	0.151545869235	0.467308667005	0.283831728332	0.0973137354283
cua-	0.0838795547692	0.760344129231	0.137802125692	0.0179741903077
náá-	0.986013986014	0.013986013986	0.0	0.0
tád-	0.150813397129	0.241531100478	0.536459330144	0.0711961722488
joe-	0.0	1.0	0.0	0.0
das-	0.502545728833	0.398642277956	0.0460116914954	0.052800301716
tab-	0.0336718332442	0.676643506146	0.00641368252272	0.283270978087
naz-	0.00514248982215	0.9884293979	0.00642811227769	0.0
gal-	0.00593186372745	0.973867735471	0.015871743487	0.00432865731463
kar-	0.564184490141	0.283672257956	0.0964967771051	0.0556464747973
sel-	0.387583444593	0.585981308411	0.026435246996	0.0
kay-	0.385710307269	0.461428969273	0.0591020206084	0.0937587028499
noé-	0.00999333777483	0.990006662225	0.0	0.0
kus-	0.38461341329	0.483355116476	0.103328976705	0.0287024935291
nón-	0.250643086817	0.422186495177	0.200643086817	0.12652733119
tám-	0.014716324013	0.701008722695	0.280942955403	0.00333199788973
yií-	0.340125090869	0.448790925425	0.165861988561	0.0452219951445
ká'-	0.501753512222	0.138338388766	0.0671175715563	0.292790527455
i̱ó-	0.319520174482	0.382769901854	0.130861504907	0.166848418757
ray-	0.263473053892	0.538922155689	0.0	0.197604790419
ío̱-	0.161262798635	0.756825938567	0.0819112627986	0.0
agr-	0.0182119205298	0.973509933775	0.00331125827815	0.00496688741722
kún-	0.0774004924087	0.226969634797	0.688038572015	0.00759130077965
váa-	0.772727272727	0.227272727273	0.0	0.0
jot-	0.0	1.0	0.0	0.0
xi̱-	0.485070338389	0.224712048487	0.0687531963012	0.221464416823
kem-	0.463590950574	0.411042797445	0.0467121379509	0.0786541140305
ra̱-	0.0448757369325	0.0525360450387	0.00286864192083	0.899719576108
lob-	0.097478587984	0.87664214087	0.0258792711462	0.0
luk-	0.775	0.025	0.0	0.2
tay-	0.0469610764923	0.686625124176	0.222162015714	0.0442517836179
kíá-	0.447730761263	0.0981334836198	0.0421045092529	0.412031245864
kak-	0.599680310672	0.226767215217	0.078180022665	0.0953724514455
sue-	0.195517285045	0.804482714955	0.0	0.0
así-	0.0	1.0	0.0	0.0
kám-	0.333749574299	0.247502554206	0.138352820979	0.280395050517
ioo-	0.16456759026	0.576826196474	0.141057934509	0.117548278757
gog-	0.0240963855421	0.951807228916	0.0240963855421	0.0
saf-	0.0	1.0	0.0	0.0
voó-	0.603174603175	0.220458553792	0.10229276896	0.0740740740741
kém-	0.532976827095	0.212715389186	0.0368389780155	0.217468805704
dée-	0.318651441001	0.551386623165	0.120174007613	0.00978792822187
sil-	0.0165191740413	0.965191740413	0.00353982300885	0.0147492625369
evo-	0.171428571429	0.828571428571	0.0	0.0
maq-	0.0	0.641985353946	0.0	0.358014646054
jas-	0.0314487025262	0.947241794123	0.0178724866816	0.00343701666953
taó-	0.475189711895	0.0679590553555	0.0143335948498	0.442517637899
túú-	0.436505014506	0.277204247235	0.275687377583	0.0106033606762
ndá-	0.270953381836	0.313099642344	0.0828552653323	0.333091710488
lán-	0.335025380711	0.532994923858	0.131979695431	0.0
téi-	0.119364077587	0.851223653295	0.029412269118	0.0
him-	0.0846560846561	0.835978835979	0.010582010582	0.0687830687831
tik-	0.027027027027	0.662162162162	0.310810810811	0.0
rei-	0.00689655172413	0.98275862069	0.0103448275862	0.0
egi-	0.00997119432749	0.921781520053	0.0662530467538	0.0019942388655
néi-	0.119402985075	0.402985074627	0.44776119403	0.0298507462687
yút-	0.155287157999	0.792950456002	0.0517623859995	0.0
kéd-	0.417215846925	0.366517391415	0.106218671281	0.110048090379
lú'-	0.234084322707	0.219220342152	0.310367392727	0.236327942414
sín-	0.0	1.0	0.0	0.0
esm-	0.0190476190476	0.828571428571	0.152380952381	0.0
kév-	0.264182895851	0.548687552921	0.166807790008	0.0203217612193
pri-	0.0195488721804	0.944360902256	0.0	0.0360902255639
tro-	0.257780446312	0.738016611628	0.00420294205944	0.0
yíí-	0.132190942472	0.675642594859	0.13341493268	0.0587515299878
yi'-	0.109316770186	0.760248447205	0.0546583850932	0.0757763975155
tíd-	0.0340730666413	0.0201312719619	0.00437495731777	0.941420704079
kit-	0.291262135922	0.291262135922	0.417475728155	0.0
ela-	0.04	0.96	0.0	0.0
són-	0.806351524001	0.10987406461	0.0520167913853	0.0317576200037
o'o-	0.0353371700847	0.0742181102069	0.0927600714723	0.797684648236
nag-	0.0	1.0	0.0	0.0
leg-	0.0189873417721	0.867088607595	0.0	0.113924050633
arp-	0.0119284294235	0.976143141153	0.0	0.0119284294234
itu-	0.0	0.989690721649	0.0103092783505	0.0
nán-	0.440046059365	0.400670419652	0.0484493346981	0.110834186285
kad-	0.41806295551	0.379123961255	0.188974965853	0.0138381173821
tár-	0.514697726012	0.315585135885	0.044925124792	0.124792013311
fen-	0.0345622119816	0.873271889401	0.0414746543779	0.0506912442397
yús-	0.0126382306477	0.895734597156	0.0916271721959	0.0
tam-	0.00477202231487	0.899787531387	0.0668083124084	0.0286321338893
que-	0.0848056537102	0.773851590106	0.127208480565	0.0141342756184
jhn-	0.427184466019	0.223300970874	0.0	0.349514563107
tir-	0.0317901471493	0.962544282072	0.00377704718606	0.00188852359303
las-	0.1	0.9	0.0	0.0
rob-	0.0	1.0	0.0	0.0
kes-	0.489130434783	0.152173913043	0.239130434783	0.119565217391
ceb-	0.0366972477064	0.963302752294	0.0	0.0
ióa-	0.456345634563	0.23402340234	0.047704770477	0.261926192619
sol-	0.0311507889146	0.941979169153	0.0204648350162	0.00640520691603
yíi-	0.0850308059852	0.750086445366	0.0789874889979	0.0858952596504
koo-	0.537877882009	0.189003522403	0.0488206665386	0.224297929049
xoo-	0.134677161215	0.322688152948	0.105119987181	0.437514698656
tó'-	0.182422890716	0.250415024099	0.0845773562222	0.482584728963
vía-	0.260899590258	0.242622347037	0.119930021638	0.376548041066
kaó-	0.791946308725	0.181208053691	0.0	0.0268456375839
dík-	0.366460727223	0.518555435162	0.0281428973183	0.0868409402965
com-	0.219512195122	0.609756097561	0.170731707317	0.0
mag-	0.0139091270367	0.977745396741	0.00834547622202	0.0
job-	0.0714285714286	0.857142857143	0.0714285714286	0.0
cef-	0.0360360360361	0.93993993994	0.018018018018	0.006006006006
esp-	0.0159038301398	0.960920793246	0.0195850184092	0.00359035820505
kúr-	0.357092941999	0.38644304682	0.214535290007	0.041928721174
ket-	0.418661806248	0.154532675293	0.0288107698749	0.397994748584
seí-	0.844276936339	0.101272014675	0.019025089462	0.0354259595241
chí-	0.277156723987	0.260873278254	0.138059831682	0.323910166077
dru-	0.025641025641	0.897435897436	0.0769230769231	0.0
phm-	0.375	0.590909090909	0.0	0.0340909090909
ro̱-	0.265351749749	0.365429432161	0.0661247844787	0.303094033612
leb-	0.0392156862745	0.921568627451	0.0392156862745	0.0
xio-	0.505154639175	0.358762886598	0.0123711340206	0.123711340206
ram-	0.118421052632	0.881578947368	0.0	0.0
sáb-	0.0173745173745	0.976833976834	0.0	0.00579150579151
cos-	0.0	1.0	0.0	0.0
aar-	0.0	0.991769547325	0.00823045267491	0.0
kac-	0.178912685338	0.588467874794	0.184843492587	0.0477759472817
laa-	0.0	0.966368042079	0.0314621541846	0.00216980373687
vin-	0.00805105547374	0.984879725086	0.00058910162003	0.00648011782032
elí-	0.0062893081761	0.99249340637	0.0	0.00121728545344
gad-	0.0146923783287	0.96694214876	0.0	0.0183654729109
hor-	0.0535431705361	0.82216947389	0.0133315991416	0.110955756433
leé-	0.108530594015	0.500223313979	0.338543992854	0.0527020991514
xíx-	0.295666331797	0.413274673503	0.229743305505	0.0613156891952
ter-	0.0	1.0	0.0	0.0
tíq-	0.0113636363636	0.988636363636	0.0	0.0
peñ-	0.0921052631578	0.881578947368	0.0263157894737	0.0
nía-	0.28557829605	0.343645882913	0.236078058068	0.13469776297
arf-	0.0	1.0	0.0	0.0
de̱-	0.0673311333251	0.856378364746	0.0305713255364	0.045719176393
kóm-	0.331707187811	0.363787671281	0.158606210816	0.145898930092
yír-	0.0357142857143	0.714285714286	0.25	0.0
ema-	0.0591216216216	0.881756756757	0.0253378378378	0.0337837837838
zeb-	0.00653950953678	0.993460490463	0.0	0.0
pis-	0.0420560747664	0.92523364486	0.018691588785	0.0140186915888
amó-	0.0	1.0	0.0	0.0
iói-	0.365124744153	0.165668597677	0.112396635914	0.356810022256
his-	0.0100334448161	0.889632107023	0.0802675585284	0.0200668896321
anf-	0.0350877192982	0.964912280702	0.0	0.0
da̱-	0.63339718119	0.254429557998	0.0622081931432	0.0499650676682
fan-	0.0	1.0	0.0	0.0
kíi-	0.410412883239	0.181270697575	0.0662322401453	0.342084179041
tra-	0.0	0.990291262136	0.00970873786408	0.0
tái-	0.434203353798	0.485197594017	0.0598810745624	0.0207179776223
quí-	0.0	1.0	0.0	0.0
lot-	0.0107602409098	0.96771927727	0.0215204818197	0.0
da'-	0.319663249146	0.613236642494	0.0333416687505	0.0337584396099
nín-	0.126414253897	0.787153674833	0.0582093541203	0.0282227171492
íti-	0.20362885084	0.708173012896	0.0743766849393	0.0138214513244
vé'-	0.155500266572	0.220477163675	0.16549671228	0.458525857473
ñó'-	0.167731032258	0.3512378252	0.0313216619495	0.449709480592
tu'-	0.0879364808333	0.791513702723	0.0823870912661	0.0381627251772
u'u-	0.185171750517	0.684546114066	0.0761605888969	0.0541215465201
dei-	0.104	0.856	0.016	0.024
ñán-	0.166552066621	0.72037588815	0.0748720299488	0.0382000152801
yá'-	0.460482698179	0.32863685493	0.0560606958009	0.154819751089
sa'-	0.307165622204	0.18838732771	0.0133421976214	0.491104852465
kuy-	0.411065006916	0.152604887045	0.0697095435685	0.366620562471
rub-	0.0	1.0	0.0	0.0
jon-	0.0	0.998529553232	0.0	0.00147044676845
yuk-	0.0824552337729	0.670179064908	0.186928486374	0.0604372149453
chu-	0.0344827586207	0.931034482759	0.0344827586207	0.0
yi̱-	0.478038923748	0.401201744124	0.043124534723	0.0776347974051
reb-	0.181132075472	0.509433962264	0.241509433962	0.0679245283019
tóó-	0.255931135839	0.361326894814	0.211001469662	0.171740499685
tú'-	0.558823529412	0.0588235294118	0.0	0.382352941176
ñáa-	0.771784232365	0.153526970954	0.0746887966805	0.0
ría-	0.502567759888	0.497432240112	0.0	0.0
dav-	0.00299893811919	0.984981971364	0.00490098836599	0.00711810215059
na'-	0.460117254509	0.32049266506	0.0995894727656	0.119800607665
pát-	0.145161290323	0.673387096774	0.0	0.181451612903
jop-	0.0706650831354	0.898456057007	0.0142517814727	0.0166270783848
káx-	0.242833729137	0.422283172225	0.273003980332	0.0618791183062
tan-	0.753080342484	0.162559447845	0.0306071516782	0.0537530579931
ya̱-	0.319419455036	0.314601534497	0.0886072288314	0.277371781635
ley-	0.00921269296591	0.960608851006	0.0117683735727	0.0184100824551
áng-	0.00652330145392	0.986068881641	0.00331693294267	0.00409088396263
kav-	0.593555093555	0.313780813781	0.0454410454411	0.047223047223
aga-	0.0202429149798	0.931174089069	0.0242914979757	0.0242914979757
daá-	0.112333552272	0.169466163974	0.0398179304015	0.678382353353
vii-	0.111994463858	0.316373301253	0.457912836419	0.11371939847
caí-	0.0	0.988165680473	0.0118343195266	0.0
tu̱-	0.139830431546	0.590130898132	0.218550861459	0.0514878088633
yáx-	0.253142082886	0.61734336308	0.0294351259169	0.100079428118
dee-	0.0704898446835	0.212278876171	0.684472193317	0.0327590858288
mel-	0.023539862314	0.956029313791	0.00532978014657	0.0151010437486
sák-	0.33503955328	0.467194043741	0.127966496045	0.0697999069335
ñón-	0.0655737704918	0.851197982345	0.0794451450189	0.00378310214376
bel-	0.0	1.0	0.0	0.0
boa-	0.04	0.96	0.0	0.0
naá-	0.524552195993	0.290790101469	0.112004605046	0.0726530974921
ton-	0.104704097117	0.864946889226	0.0151745068285	0.0151745068285
leo-	0.0	1.0	0.0	0.0
ant-	0.0352825067851	0.962003454231	0.00180935932231	0.000904679661157
rey-	0.0226013055795	0.945903641664	0.0160631440653	0.0154319086915
yaa-	0.474889329873	0.488038903548	0.0135202913405	0.0235514752382
dó'-	0.201793415018	0.189814497912	0.545143404751	0.0632486823191
nak-	0.642835706472	0.215405834805	0.0440575531553	0.0977009055676
ven-	0.189473684211	0.789473684211	0.0105263157895	0.0105263157895
jus-	0.0263157894737	0.973684210526	0.0	0.0
cle-	0.0597014925373	0.880597014925	0.0398009950249	0.0199004975124
rab-	0.303303303303	0.504504504504	0.0	0.192192192192
sís-	0.451807228916	0.512048192771	0.0361445783133	0.0
íi̱-	0.599791013584	0.28631138976	0.0616509926854	0.0522466039707
sar-	0.0553738495474	0.931847569788	0.00851905377652	0.00425952688826
lao-	0.0	1.0	0.0	0.0
sár-	0.247891054617	0.679555465983	0.0725534794	0.0
lén-	0.137254901961	0.607843137255	0.254901960784	0.0
nár-	0.473684210526	0.413533834587	0.112781954887	0.0
dáo-	0.0564225690276	0.811524609844	0.0264105642257	0.105642256903
saá-	0.25296912114	0.488123515439	0.219714964371	0.0391923990499
teu-	0.243902439024	0.715447154472	0.0	0.040650406504
dam-	0.00163733115022	0.994678673762	0.0	0.00368399508801
put-	0.0357142857143	0.964285714286	0.0	0.0
tin-	0.0727272727273	0.927272727273	0.0	0.0
gaz-	0.0357142857143	0.892857142857	0.0	0.0714285714286
art-	0.0671641791045	0.888059701493	0.0	0.044776119403
sát-	0.141208649503	0.244696985829	0.126041969823	0.488052394845
yoo-	0.0799888130355	0.247941857366	0.00549667197891	0.66657265762
sir-	0.0366972477064	0.921601334445	0.0350291909925	0.00667222685571
bal-	0.0414746543779	0.958525345622	0.0	0.0
taá-	0.609879125016	0.278045924129	0.0257643565185	0.0863105943369
kén-	0.451317712141	0.328943300571	0.149588396184	0.0701505911038
nád-	0.495978204463	0.362221069019	0.0936689154126	0.0481318111053
