-sa̱	0.192094397482	0.0729149917306	0.0140644381403	0.720926172647
-øtt	0.473953885568	0.423569598634	0.0	0.102476515798
-unɨ	0.18540263588	0.19892148708	0.0334455068306	0.58223037021
-mɨk	0.533309457623	0.216075174378	0.0516511190318	0.198964248967
-øts	0.0248831444978	0.013568183817	0.00113908822673	0.960409583458
-yøj	0.282983148464	0.297141638225	0.2421875	0.177687713311
-hep	0.17125382263	0.37003058104	0.440366972477	0.0183486238532
-gø'	0.104927213913	0.828608627127	0.00923113318886	0.057233025771
-cas	0.00703399765535	0.978898007034	0.0	0.0140679953106
-car	0.0	0.979651162791	0.0	0.0203488372093
-pu'	0.0	0.370967741935	0.604838709677	0.0241935483871
-ɨmp	0.338231243466	0.394765388456	0.134953881691	0.132049486387
-ive	0.132892400025	0.867107599975	0.0	0.0
-wnɨ	0.388768898488	0.36249100072	0.0755939524838	0.173146148308
-aan	0.260945431472	0.168147208122	0.125317258883	0.445590101523
-caz	0.0	1.0	0.0	0.0
-̱kp	0.408419515863	0.278178845868	0.101040746925	0.212360891344
-nkɨ	0.0176056338028	0.569248826291	0.246478873239	0.166666666667
-ɨmy	0.423852475933	0.0938899882243	0.0576645259976	0.424593009845
-ptɨ	0.366334537197	0.388760376036	0.110356032362	0.134549054405
-øøk	0.0547686426009	0.103902505684	0.188872381537	0.652456470178
-ɨbɨ	0.227236154577	0.616077484785	0.0492817079959	0.107404652642
-øøn	0.100465313029	0.849157821874	0.0182664205507	0.032110444547
-øøm	0.270629333964	0.614605314625	0.0416222881772	0.0731430632335
-lao	0.183050847458	0.816949152542	0.0	0.0
-ø'y	0.442561205273	0.467043314501	0.0677966101695	0.0225988700565
-odɨ	0.550308266577	0.235582770625	0.0746550350208	0.139453927778
-trɨ	0.159884616174	0.535831605313	0.0147309421644	0.289552836348
-adɨ	0.306205293104	0.102879272299	0.0462429130948	0.544672521502
-øøy	0.696808702638	0.187270264731	0.0402312703466	0.0756897622845
-øøx	0.118778038881	0.692587054048	0.121768852809	0.066866054262
-økp	0.470241314721	0.290487141275	0.142915191206	0.096356352798
-jkx	0.194341886915	0.27566329673	0.0181030581237	0.511891758231
-̱kk	0.339805825243	0.572815533981	0.0	0.0873786407767
-snɨ	0.446727865057	0.310314325435	0.11405484585	0.128902963657
-øøp	0.363413842196	0.28568574069	0.258760646402	0.0921397707121
-øøw	0.0819598723923	0.767239994411	0.0196040173155	0.131196115881
-øøt	0.0233730462057	0.0270802817556	0.0082478891554	0.941298782883
-inɨ	0.326073030109	0.48334401025	0.133888532992	0.0566944266496
-lbɨ	0.0	0.0868408321239	0.0435413642961	0.86961780358
-nto	0.00524445405994	0.96134969571	0.0267070517674	0.00669879846312
-ɨjy	0.367629578438	0.538451969592	0.0597097442986	0.0342087076711
-a̱'	0.127253433839	0.81461280322	0.0350591949017	0.0230745680392
-nte	0.113746369797	0.886253630203	0.0	0.0
-siy	0.33734939759	0.626506024096	0.0361445783133	0.0
-uan	0.0335391457037	0.92855097912	0.0107598198267	0.0271500553499
-jeñ	0.544933078394	0.181644359465	0.126195028681	0.147227533461
-knɨ	0.391120676804	0.273249789663	0.206390787758	0.129238745775
-nts	0.197762259486	0.116920370829	0.0428741976443	0.642443172041
-wøj	0.25146627566	0.507331378299	0.241202346041	0.0
-dro	0.00886476580343	0.971320288377	0.00642476095851	0.0133901848611
-puj	0.884422110553	0.0954773869347	0.0201005025126	0.0
-brɨ	0.2072255151	0.52650296359	0.140953993791	0.125317527519
-pre	0.0	0.998206278027	0.00179372197309	0.0
-ɨch	0.467841683991	0.303542124873	0.0763459974089	0.152270193727
-gɨt	0.190807419833	0.571094361113	0.137273226865	0.100824992189
-das	0.0520806387639	0.917826409368	0.00103471467743	0.0290582371911
-más	0.010593220339	0.989406779661	0.0	0.0
-xe'	0.129770992366	0.393129770992	0.477099236641	0.0
-gɨp	0.292614186922	0.561843820085	0.0444795695842	0.101062423409
-aré	0.0	1.0	0.0	0.0
-gɨn	0.0943768508285	0.14660872378	0.0313735891344	0.727640836257
-opo	0.167910447761	0.692164179104	0.139925373134	0.0
-itu	0.000565545002412	0.96517739816	0.0298075483624	0.00444950847486
-tín	0.0	0.906976744186	0.093023255814	0.0
-mán	0.0	0.905084745763	0.0949152542373	0.0
-ope	0.0	1.0	0.0	0.0
-dea	0.00497718788885	0.992534218167	0.00248859394442	0.0
-dec	0.00492307692308	0.995076923077	0.0	0.0
-oky	0.288732394366	0.549295774648	0.0633802816901	0.0985915492957
-okx	0.0803212851405	0.398164084911	0.389558232932	0.131956397017
-ɨti	0.211873833647	0.192581405879	0.0301256062418	0.565419154232
-imy	0.379563141192	0.238689026629	0.0691529373004	0.312594894879
-okt	0.515437302424	0.226448893572	0.109799789252	0.148314014752
-dej	0.357446808511	0.463829787234	0.178723404255	0.0
-ekɨ	0.0498338870431	0.850498338871	0.0996677740864	0.0
-del	0.212598425197	0.768503937008	0.0188976377953	0.0
-okp	0.328999043781	0.496491018373	0.0651424083054	0.10936752954
-abé	0.0439618180226	0.934495139679	0.0089324809528	0.0126105613451
-deo	0.00160342063068	0.983965793693	0.0	0.0144307856761
-'ti	0.389123300516	0.119549929677	0.0675105485232	0.423816221285
-des	0.0365546520832	0.907246168238	0.0436784917608	0.0125206879183
-ɨty	0.00835654596101	0.440111420613	0.484679665738	0.0668523676881
-wyɨ	0.561507936508	0.166170634921	0.0198412698413	0.25248015873
-kxɨ	0.454140452847	0.363529980702	0.0870245584901	0.0953050079611
-utk	0.292307692308	0.32955465587	0.0	0.378137651822
-mɨt	0.461428238372	0.372202396104	0.049895735417	0.116473630107
-ɨts	0.419231522913	0.256512338145	0.0953921987219	0.22886394022
-xtø	0.369047619048	0.255952380952	0.0238095238095	0.35119047619
-imo	0.0	0.894029850746	0.0970149253731	0.00895522388059
-kpy	0.438539137471	0.253366772652	0.0962597995003	0.211834290377
-jɨk	0.449185106665	0.488538492116	0.0404134093017	0.0218629919173
-ech	0.53928152253	0.325558246297	0.0518689922596	0.083291238913
-jɨm	0.727161375931	0.187098091252	0.0428702664081	0.0428702664081
-obo	0.0	0.997859436318	0.00107028184089	0.00107028184088
-rpo	0.0	1.0	0.0	0.0
-jɨn	0.200278809091	0.480952772633	0.114449288229	0.204319130048
-eca	0.125473013344	0.762995419239	0.0139414459271	0.0975901214896
-kɨk	0.540279027903	0.312331233123	0.112886288629	0.034503450345
-kɨm	0.561251594332	0.220538503844	0.0717537064557	0.146456195369
-kɨn	0.244905979668	0.546299177858	0.0828560257973	0.125938816677
-ida	0.00663514970557	0.993364850294	0.0	0.0
-kɨp	0.387963931105	0.339137180205	0.120410251154	0.152488637536
-ltɨ	0.179211469534	0.820788530466	0.0	0.0
-kɨt	0.476097715889	0.299291442809	0.0858631037394	0.138747737562
-bia	0.078074170462	0.921925829538	0.0	0.0
-mbɨ	0.13983861756	0.584032417594	0.0918053436499	0.184323621196
-jɨp	0.369666788983	0.329150801421	0.0958882333977	0.205294176198
-øøñ	0.31195905824	0.14290153283	0.0567703364893	0.48836907244
-ivo	0.129246011323	0.719891919712	0.0698018528049	0.0810602161605
-jɨt	0.376565823818	0.396065174146	0.0892476456588	0.138121356377
-sxɨ	0.246612514551	0.414659362428	0.0414564911063	0.297271631915
-dam	0.298352793192	0.135926060521	0.0673575237439	0.498363622543
-ter	0.0120675784393	0.975864843121	0.0120675784393	0.0
-tes	0.0	1.0	0.0	0.0
-ria	0.00844475721323	0.957307060755	0.0262725779967	0.00797560403471
-rio	0.0666218034993	0.852624495289	0.0545087483177	0.0262449528937
-rim	0.0	1.0	0.0	0.0
-rra	0.00323799244468	0.983810037777	0.0129519697787	0.0
-ejn	0.20178261946	0.753651894033	0.0148551621688	0.0297103243377
-ømy	0.595576619273	0.404423380727	0.0	0.0
-ejp	0.499088018903	0.249452723567	0.0117846565983	0.239674600931
-uts	0.104891970121	0.0465171641174	0.014361072258	0.834229793503
-utp	0.513751221555	0.334077900321	0.0209409465308	0.131229931593
-møñ	0.28681015184	0.190602491727	0.0823985302706	0.440188826163
-ejt	0.459389036887	0.359225212437	0.105149046221	0.0762367044549
-a'n	0.201816347124	0.60141271443	0.121089808275	0.0756811301716
-utt	0.453747002398	0.316936450839	0.0403177458034	0.188998800959
-ejx	0.429391320601	0.287305686445	0.0422547361745	0.241048256779
-ejy	0.0838606928504	0.796917447615	0.0574918395283	0.0617300200063
-uty	0.51427263956	0.341266683473	0.0321748171817	0.112285859785
-ømɨ	0.25563389611	0.621340359451	0.0704770596288	0.0525486848109
-gro	0.039603960396	0.960396039604	0.0	0.0
-teo	0.0243858865565	0.87521214828	0.0335864225101	0.066815542653
-lux	0.0308641975309	0.907407407407	0.0	0.0617283950617
-duk	0.320033360502	0.564929772352	0.0935420892014	0.0214947779442
-ara	0.0670203853672	0.88969561575	0.00837754817088	0.0349064507121
-mes	0.0	1.0	0.0	0.0
-øjɨ	0.219748116738	0.420482857673	0.169566874127	0.190202151462
-aro	0.00442396313364	0.965714285714	0.00331797235023	0.0265437788019
-̱bɨ	0.426638917794	0.413631633715	0.0972944849115	0.0624349635796
-rón	0.00433150447589	0.969679468669	0.0259890268553	0.0
-dum	0.158725735104	0.711810816152	0.0168479830557	0.112615465688
-mee	0.0191667273558	0.0199777546791	0.00721648801997	0.953639029945
-ram	0.0	1.0	0.0	0.0
-mec	0.0	1.0	0.0	0.0
-wxɨ	0.651162790698	0.255813953488	0.0232558139535	0.0697674418605
-meo	0.0	1.0	0.0	0.0
-men	0.918367346939	0.0127069695803	0.0573738929534	0.0115517905275
-mei	0.0	1.0	0.0	0.0
-ugɨ	0.200354837331	0.62457782908	0.0317216023257	0.143345731264
-bán	0.165198237886	0.482378854626	0.286343612335	0.066079295154
-ɨps	0.603603603604	0.243243243243	0.0990990990991	0.0540540540541
-aya	0.0109090909091	0.978181818182	0.0	0.0109090909091
-jyɨ	0.379386857975	0.264300696765	0.181768354932	0.174544090328
-'nɨ	0.479276563678	0.310474755087	0.113036925396	0.0972117558402
-owɨ	0.357004794538	0.441699927203	0.0985264954691	0.10276878279
-køx	0.192458758837	0.520816967793	0.0540062843676	0.232717989002
-ønt	0.390975306449	0.305596020607	0.238763545923	0.0646651270208
-ayo	0.015503875969	0.976744186046	0.00775193798451	0.0
-ɨdɨ	0.396091289631	0.363015599535	0.107466700321	0.133426410513
-dyø	0.412474849095	0.334004024145	0.0	0.253521126761
-tyi	0.53351087439	0.173546382601	0.199733688415	0.0932090545939
-ikɨ	0.037037037037	0.740740740741	0.148148148148	0.0740740740741
-ppɨ	0.142280397854	0.439923725972	0.361079291462	0.0567165847118
-øni	0.697406340058	0.028818443804	0.139289145053	0.134486071086
-ojk	0.139232017622	0.175581718588	0.0792797252969	0.605906538493
-ujɨ	0.547155915609	0.38851102543	0.0643330589611	0.0
-mos	0.277753918832	0.658900579772	0.00644191539617	0.0569035859996
-rco	0.0159362549801	0.98406374502	0.0	0.0
-bás	0.00753059303422	0.977408220897	0.0112958895513	0.0037652965171
-xap	0.238670694864	0.136383254208	0.108761329305	0.516184721623
-ndi	0.089974293059	0.201596536328	0.225409281559	0.483019889054
-yañ	0.425689706319	0.22043409473	0.0624196578661	0.291456541086
-u'ñ	0.278812660912	0.551832500379	0.105747387551	0.0636074511585
-exy	0.702428606643	0.167474747544	0.0479628758974	0.0821337699163
-xax	0.800796812749	0.159362549801	0.0398406374502	0.0
-aón	0.0108991825613	0.983651226158	0.00544959128066	0.0
-ext	0.50103294352	0.197089312724	0.0839167288608	0.217961014895
-lxɨ	0.0226602402705	0.959211567513	0.0181281922164	0.0
-økt	0.454902950232	0.341071852821	0.0934659735328	0.110559223415
-exp	0.681978798587	0.216921868865	0.0549666274047	0.0461327051433
-dás	0.216281895504	0.783718104496	0.0	0.0
-dán	0.0213559322034	0.937966101695	0.0203389830509	0.0203389830508
-dab	0.0	1.0	0.0	0.0
-xad	0.0	1.0	0.0	0.0
-enk	0.16731366994	0.339232075944	0.161226332758	0.332227921358
-pyɨ	0.239343086989	0.485020860507	0.0825864150934	0.193049637411
-myɨ	0.277597012091	0.260584667975	0.0706655694119	0.391152750522
-xam	0.330850086744	0.0855189305031	0.00428615164813	0.579344831105
-xan	0.0	0.783950617284	0.216049382716	0.0
-ats	0.0949899445079	0.0468386054099	0.00719116615514	0.850980283927
-umt	0.321662662406	0.568939376268	0.0615023364668	0.047895624859
-tán	0.0424187725632	0.946750902527	0.0	0.0108303249097
-ump	0.391431315588	0.311346150699	0.104583064672	0.192639469042
-mpɨ	0.180908741124	0.607646297527	0.02588408129	0.185560880059
-̱ty	0.451907025423	0.255770823929	0.0739670392044	0.218355111444
-xtɨ	0.511964695626	0.295450064432	0.0584454500817	0.13413978986
-umy	0.397265617204	0.516834995455	0.0610845731972	0.0248148141429
-ugu	0.0557939914163	0.442060085837	0.437768240343	0.0643776824034
-oto	0.0	0.906976744186	0.0930232558138	0.0
-otp	0.103655610065	0.728837392628	0.0395969936958	0.127910003611
-søy	0.537775003374	0.237751383453	0.0421784316372	0.182295181536
-ots	0.140271973952	0.525415897533	0.0948269431345	0.239485185381
-ott	0.643513551509	0.100106547491	0.0615311762398	0.19484872476
-kø'	0.0118811881188	0.934653465347	0.0356435643564	0.0178217821782
-eví	0.027212006267	0.957945081224	0.0	0.0148429125093
-̱pɨ	0.0904761904762	0.428571428572	0.357142857143	0.123809523809
-umi	0.0	0.879194630872	0.0402684563758	0.0805369127517
-ijy	0.389927629086	0.254880647876	0.117834483732	0.237357239306
-umk	0.430327868852	0.438524590164	0.0368852459016	0.0942622950819
-xyɨ	0.472168883501	0.278993878966	0.0678146303522	0.181022607181
ALL	0.235227767108	0.299252492316	0.0548452234546	0.410674517121
-ufo	0.0	1.0	0.0	0.0
-ybɨ	0.13782337685	0.268002310224	0.462725846174	0.131448466752
-nam	0.0	0.276595744681	0.127659574468	0.595744680851
-aum	0.0553505535056	0.937269372694	0.0	0.00738007380074
-sum	0.262820512821	0.551282051282	0.121794871795	0.0641025641025
-aka	0.286096256684	0.498427178358	0.127398553004	0.0880780119534
-aús	0.0779220779221	0.922077922078	0.0	0.0
-aúl	0.0731707317073	0.890243902439	0.0365853658537	0.0
-nay	0.145628873026	0.0813159642854	0.0786161547902	0.694439007898
-sio	0.03	0.97	0.0	0.0
-aky	0.239650093957	0.632185419137	0.0266360919999	0.101528394906
-nas	0.0124448869293	0.979021476319	0.0	0.00853363675152
-sia	0.0114495076712	0.985497290283	0.0	0.00305320204565
-akt	0.529223197959	0.286362507619	0.0990812018873	0.0853330925345
-jch	0.535593841499	0.367021324985	0.034978485275	0.062406348241
-køñ	0.651786767307	0.245606793254	0.0866847505602	0.0159216888784
-goj	0.0656660412758	0.576155551765	0.0955142418557	0.262664165103
-gom	0.193269876136	0.742662761608	0.0256269449021	0.0384404173531
-mor	0.0	0.96	0.04	0.0
-gon	0.28539146617	0.127475741061	0.0202047055696	0.566928087199
-køø	0.533379107726	0.298939482049	0.0442540291975	0.123427381028
-ɨpy	0.617455138662	0.37030995106	0.0122349102773	0.0
-øpɨ	0.345140483219	0.467366349623	0.113698480376	0.0737946867826
-gog	0.0367346938775	0.938775510204	0.0244897959184	0.0
-xep	0.362068965517	0.0344827586207	0.603448275862	0.0
-̱wi	0.731034482759	0.0413793103449	0.0206896551724	0.206896551724
-aán	0.0	1.0	0.0	0.0
-̱ñɨ	0.524079259135	0.341321945945	0.0632013286022	0.0713974663172
-mon	0.114035087719	0.381578947368	0.355263157895	0.149122807017
-opp	0.657243816254	0.342756183746	0.0	0.0
-dyi	0.328828828829	0.225225225225	0.0135135135135	0.432432432432
-yat	0.857740585774	0.0167364016736	0.0251046025105	0.100418410042
-tɨt	0.402494141513	0.331498049985	0.0937991452503	0.172208663251
-uxɨ	0.194342456609	0.229889853138	0.12141188251	0.454355807744
-tɨp	0.357693313326	0.409594730871	0.118269333066	0.114442622736
-ber	0.0	1.0	0.0	0.0
-bep	0.409203980099	0.32960199005	0.15671641791	0.10447761194
-ixy	0.526720680422	0.242271343438	0.0716647933741	0.159343182767
-yay	0.661014019589	0.16892644517	0.0362972921068	0.133762243134
-eor	0.0	1.0	0.0	0.0
-bet	0.120428531547	0.754501675042	0.0659547738693	0.0591150195421
-cob	0.0328125	0.9646875	0.0	0.0025
-wdɨ	0.543356198602	0.254904481187	0.0509802026733	0.150759117537
-øxy	0.0884252236288	0.706748778895	0.0415857229305	0.163240274545
-beo	0.0	0.822222222222	0.0444444444444	0.133333333333
-bel	0.0215198386012	0.967720242098	0.0107599193006	0.0
-̱tp	0.418842414572	0.373702355704	0.0842360065012	0.123219223222
-yam	0.494655915995	0.309019313707	0.0988186761673	0.0975060941309
-tɨn	0.157891655807	0.609286556868	0.0956416005447	0.13718018678
-tɨm	0.0259018443695	0.899784509186	0.00275571013361	0.0715579363107
-øxp	0.325006058648	0.385895468132	0.146316342192	0.142782131028
-tɨk	0.438827907853	0.430206812079	0.0395722428982	0.0913930371697
-bed	0.294797687861	0.705202312139	0.0	0.0
-øxt	0.368790347314	0.389608252358	0.136522594496	0.105078805832
-iso	0.0	0.953488372093	0.046511627907	0.0
-upt	0.417448405253	0.460600375235	0.0	0.121951219512
-reo	0.0818181818181	0.688636363636	0.206818181818	0.0227272727273
-pkɨ	0.142478462558	0.567925778661	0.196819085487	0.0927766732936
-rea	0.0343563902886	0.9550724127	0.00105711970118	0.0095140773107
-red	0.0	1.0	0.0	0.0
-txɨ	0.276632859414	0.414316367959	0.0518686611402	0.257182111487
-søø	0.438628158845	0.409747292419	0.0812274368231	0.0703971119134
-ugo	0.292317309236	0.0926344407561	0.0455384400744	0.569509809933
-ɨɨy	0.646731914019	0.154143478269	0.0314121612846	0.167712446427
-rey	0.0205128205128	0.96547008547	0.00820512820512	0.00581196581197
-stɨ	0.478021641214	0.30996385095	0.0529673117988	0.159047196037
-eva	0.0280373831776	0.957943925234	0.0140186915888	0.0
-res	0.020702070207	0.936093609361	0.0	0.0432043204321
-ret	0.00804505229284	0.987127916331	0.00482703137572	0.0
-'ñɨ	0.331683168317	0.257425742574	0.140264026403	0.270627062706
-may	0.170438878277	0.187582217644	0.478513027331	0.163465876747
-hab	0.00839014158363	0.991609858416	0.0	0.0
-yɨn	0.270768787513	0.374256925656	0.134578289188	0.220395997642
-jut	0.0309201407399	0.907772683655	0.0197249173686	0.0415822582365
-naí	0.0847457627118	0.915254237288	0.0	0.0
-mas	0.0500490677134	0.944062806673	0.0	0.00588812561335
-mar	0.0	1.0	0.0	0.0
-ham	0.0128622622712	0.968810872701	0.0134198747974	0.00490699023063
-eyɨ	0.23341729639	0.68094038623	0.0738874895045	0.0117548278757
-amt	0.432454695222	0.461285008237	0.0543657331137	0.0518945634267
-dim	0.298297442276	0.143356915183	0.0957785897535	0.462567052787
-aty	0.465274973239	0.137607928092	0.0333116732001	0.363805425469
-jum	0.372023809524	0.232142857143	0.217261904762	0.178571428571
-pts	0.357215737605	0.253442011995	0.109460414655	0.279881835746
-øø'	0.426865671642	0.470013568521	0.0664857530529	0.0366350067843
-unk	0.242366889672	0.504324859063	0.0580556336526	0.195252617612
-ɨmɨ	0.239060216873	0.543115050373	0.0586787664385	0.159145966316
-ael	0.101878830503	0.841417160655	0.0158243745604	0.0408796342811
-pty	0.0644171779141	0.613496932515	0.266871165644	0.0552147239264
-dii	0.435960109503	0.140301134141	0.0767500977708	0.346988658584
-iro	0.0118921775898	0.976656095842	0.00264270613108	0.00880902043693
-'ts	0.141679546625	0.260690365791	0.577022153529	0.0206079340546
-tɨy	0.183487273569	0.366616218628	0.158323509748	0.291572998056
-pta	0.0740740740741	0.925925925926	0.0	0.0
-unt	0.448059496568	0.266099982397	0.0780756908995	0.207764830136
-ujt	0.373799592589	0.215960164258	0.108642933359	0.301597309794
-dik	0.0748129675811	0.0	0.0	0.925187032419
-uuñ	0.447853967208	0.275314153984	0.0702651078544	0.206566770954
-pti	0.244897959184	0.204081632653	0.30612244898	0.244897959184
-'jx	0.371707352593	0.498316130559	0.0662625380008	0.063713978847
-'jy	0.268667719853	0.662875197472	0.0284360189574	0.0400210637178
-tra	0.0	1.0	0.0	0.0
-ada	0.0	0.967741935484	0.0322580645161	0.0
-gam	0.0880222724609	0.266201959307	0.0299338524659	0.615841915767
-'xk	0.135864532346	0.77920359836	0.0492128588437	0.0357190104511
-økɨ	0.45526187815	0.338901725278	0.0803205640574	0.125515832515
-adi	0.0	1.0	0.0	0.0
-ku'	0.0646346095753	0.655979972543	0.183360700602	0.0960247172797
-'jk	0.114513352528	0.694034398184	0.117377328885	0.0740749204028
-gau	0.0	1.0	0.0	0.0
-yøñ	0.248235388841	0.370608600746	0.157781733926	0.223374276487
-nsɨ	0.0737636211232	0.875943000838	0.0100586756077	0.0402347024309
-gar	0.0483870967742	0.951612903226	0.0	0.0
-øch	0.28723465498	0.526169695665	0.0567671271278	0.129828522227
-ujy	0.350577507077	0.33484458736	0.14508962295	0.169488282613
-yøø	0.480260400546	0.204765454433	0.0404399332453	0.274534211776
-aaw	0.0290556900726	0.96186440678	0.00363196125908	0.00544794188861
-gay	0.34913552705	0.517010596765	0.00334634690463	0.13050752928
-jtɨ	0.376583374323	0.450212173939	0.078843424804	0.0943610269345
-seo	0.0588109647562	0.915272338911	0.0199359202563	0.00598077607691
-ntɨ	0.107310093652	0.808662851197	0.0352497398543	0.0487773152965
-sem	0.0	1.0	0.0	0.0
-yɨy	0.242781822747	0.386894300778	0.188300276174	0.182023600301
-oes	0.0359281437126	0.820359281437	0.0359281437126	0.107784431138
-ino	0.0287682640624	0.964418199712	0.00605647664471	0.000757059580588
-øñɨ	0.340706894306	0.262431254967	0.277276726501	0.119585124226
-ina	0.0	0.874125874126	0.117482517482	0.00839160839163
-uis	0.0	1.0	0.0	0.0
-món	0.0109751914942	0.984299378835	0.00060973286079	0.00411569681034
-uim	0.0	1.0	0.0	0.0
-feo	0.0	1.0	0.0	0.0
-set	0.0	1.0	0.0	0.0
-ses	0.44231820667	0.524876981957	0.0	0.0328048113724
-u'm	0.116128184491	0.849706805079	0.0275948161167	0.00657019431349
-sep	0.156409583106	0.518871835979	0.12367409977	0.201044481145
-ñam	0.447674418605	0.353682170543	0.198643410853	0.0
-xa̱	0.486943164363	0.233486943164	0.138248847926	0.141321044547
-blo	0.0671758160552	0.839998828045	0.0023601873826	0.0904651685174
-ø'n	0.660674157303	0.258426966292	0.0134831460674	0.067415730337
-ø'm	0.164383561644	0.506849315068	0.0	0.328767123288
-tep	0.0782778864971	0.484344422701	0.437377690802	0.0
-dɨn	0.409254795721	0.352722057329	0.118523535388	0.119499611562
-ook	0.506986332748	0.36321294953	0.0450484843857	0.0847522333358
-møk	0.228915957992	0.126249925949	0.254230086471	0.390604029588
-oom	0.0214592274678	0.924892703863	0.0278969957082	0.0257510729614
-nes	0.00678541136556	0.88973706531	0.0101781170483	0.0932994062765
-nmɨ	0.203082153162	0.317998663282	0.160472197086	0.318446986471
-rso	0.0	1.0	0.0	0.0
-oop	0.301895454362	0.22388470819	0.376758739987	0.0974610974612
-dɨt	0.414883955776	0.347717184681	0.0906814658047	0.146717393739
-opɨ	0.373934723481	0.547416137806	0.0571169537625	0.0215321849502
-cos	0.00469593801361	0.99295609298	0.00234796900681	0.0
-oow	0.36062204422	0.365920092415	0.133814565381	0.139643297984
-dɨp	0.370024957362	0.383779856195	0.1163267528	0.129868433642
-oox	0.197802197802	0.736263736264	0.0	0.0659340659341
-ooz	0.0183486238532	0.981651376147	0.0	0.0
-̱a̱	0.30233937017	0.56481493094	0.047465398243	0.0853803006473
-edɨ	0.136581469649	0.420127795527	0.287539936102	0.155750798722
-dɨy	0.291919510337	0.502863372475	0.147109044579	0.0581080726088
-smɨ	0.531462715989	0.334431884683	0.0409646718206	0.0931407275079
-kxp	0.451765281508	0.281603188965	0.0686883113846	0.197943218142
-wɨm	0.322061844338	0.343853695065	0.137875363255	0.196209097342
-wɨn	0.169936588384	0.572524805482	0.0770775334904	0.180461072644
-uun	0.362513897829	0.446603078003	0.0349347533501	0.155948270817
-kxt	0.683260223197	0.200851188651	0.0272977693631	0.088590818789
-xɨm	0.12731495084	0.0840112288273	0.0199516662556	0.768722154077
-uuk	0.202846812211	0.530476223168	0.0303961279693	0.236280836652
-uuj	0.180555555556	0.236111111111	0.472222222222	0.111111111111
-kxy	0.537472392283	0.221251704176	0.0659794085003	0.175296495041
-ønɨ	0.187674347589	0.0733950639306	0.0123390279924	0.726591560488
-ekp	0.631578947368	0.368421052632	0.0	0.0
-uuy	0.465571205008	0.401408450704	0.0929186228481	0.0401017214398
-uux	0.697722567288	0.302277432712	0.0	0.0
-ekt	0.724697482498	0.200658352265	0.0535490750614	0.0210950901757
-wɨt	0.448809501098	0.279681669626	0.101683648943	0.169825180332
-eky	0.174850447896	0.570557837551	0.116152842797	0.138438871755
-kxk	0.728813559322	0.165725047081	0.0112994350283	0.0941619585687
-wɨp	0.57205247296	0.225593047818	0.0710230451404	0.131331434082
-bas	0.0	1.0	0.0	0.0
-job	0.108108108108	0.822393822394	0.0	0.0694980694981
-uur	0.180628272251	0.803664921466	0.0	0.0157068062827
-rpɨ	0.117391304348	0.882608695652	0.0	0.0
-obɨ	0.0587585190643	0.117664394916	0.79226376865	0.0313133173697
-ujk	0.147672766433	0.586569724544	0.0485290071958	0.217228501828
-que	0.0565693430657	0.888686131387	0.0547445255475	0.0
-asa	0.0	0.821205821206	0.0718740718741	0.10692010692
-ma̱	0.1077583618	0.114240015501	0.00856843566745	0.769433187032
-yøk	0.025641025641	0.294871794872	0.679487179487	0.0
-'jñ	0.698600645856	0.167922497309	0.0193756727664	0.114101184069
-yøn	0.339142504627	0.235194324491	0.12029611351	0.305367057372
-yet	0.106582355757	0.831402088647	0.0198156213148	0.0421999342815
-kpɨ	0.0973358807906	0.357358516525	0.276950589415	0.26835501327
-iky	0.456194427721	0.287831237483	0.097500318787	0.158474016009
-lta	0.036083714217	0.935049314409	0.0288669713736	0.0
-yøy	0.422485255348	0.45427119289	0.0468703285951	0.0763732231674
-po'	0.00374298190892	0.929819089208	0.0467872738615	0.0196506550218
-zor	0.0	1.0	0.0	0.0
-ømt	0.345071201432	0.4677741267	0.077985804678	0.10916886719
-lɨt	0.0595161120104	0.794908726602	0.0987946649543	0.0467804964334
-ømp	0.265034020113	0.411745010583	0.109653580781	0.213567388523
-ejɨ	0.470779220779	0.361471861472	0.104978354978	0.0627705627705
-dia	0.0675572933638	0.922667535571	0.00325839035516	0.00651678071032
-xox	0.194552529183	0.687418936446	0.118028534371	0.0
-gɨk	0.577507598784	0.23556231003	0.164133738602	0.0227963525836
-ras	0.00713436385257	0.964328180737	0.0	0.0285374554102
-eri	0.0	1.0	0.0	0.0
-a'ɨ	0.509615384615	0.230769230769	0.201923076923	0.0576923076923
-uía	0.00893004795766	0.981147676534	0.0	0.00992227550852
-ero	0.120967741935	0.859677419355	0.0193548387097	0.0
-era	0.0	1.0	0.0	0.0
-grɨ	0.0757139694488	0.766216515386	0.142129732123	0.0159397830419
-upy	0.270541082164	0.62124248497	0.0240480961924	0.0841683366733
-xon	0.287149632826	0.124300004433	0.0974452932225	0.491105069519
-rac	0.0	1.0	0.0	0.0
-ømk	0.803921568627	0.196078431373	0.0	0.0
-mo'	0.514231499051	0.394686907021	0.011385199241	0.0796963946869
-dsɨ	0.264059408988	0.343310057817	0.312758870749	0.0798716624464
-'jɨ	0.150434126085	0.520196300491	0.0641751604379	0.265194412986
-ya̱	0.228466612193	0.126135783012	0.00834940776963	0.637048197025
-yø'	0.398682123246	0.187326767193	0.0305238385775	0.383467270984
-ivɨ	0.0	1.0	0.0	0.0
-gyɨ	0.208103460389	0.213720198555	0.0778937589859	0.500282582071
-ojx	0.951641742523	0.0483582574772	0.0	0.0
-pos	0.0	1.0	0.0	0.0
-øjk	0.060767419962	0.769676285009	0.0322698181761	0.137286476853
-ata	0.0432	0.9472	0.0	0.0096
-̱ch	0.452626360846	0.316883067361	0.166161413945	0.0643291578486
-kuk	0.334740126867	0.0809289952937	0.0120216901985	0.572309187641
-poj	0.0994547348214	0.86133518492	0.0189923826251	0.0202176976331
-øjp	0.21725981381	0.389766700968	0.268724379313	0.124249105909
-øjt	0.0462055032777	0.7914340385	0.0740483904051	0.0883120678174
-ydɨ	0.503807694514	0.30752320278	0.0770584739068	0.111610628799
-øjy	0.387185377547	0.455003995206	0.106996604075	0.0508140231722
-øjx	0.35966395773	0.381713303654	0.0873197977895	0.171302940827
-ø'ñ	0.709575169357	0.162793307059	0.0258068135598	0.101824710024
-aza	0.0	1.0	0.0	0.0
-ye'	0.0	0.96449704142	0.0177514792899	0.0177514792899
-ujp	0.0526969863538	0.838395908515	0.10740147695	0.00150562818153
-yɨp	0.354525242579	0.288990533894	0.073090607516	0.283393616011
-aay	0.403225806452	0.451612903226	0.0483870967742	0.0967741935483
-'nk	0.0849371206623	0.729025028704	0.0553151105569	0.130722740077
-yɨt	0.394737848125	0.379151107578	0.130727853115	0.0953831911822
-lac	0.443216080402	0.556783919598	0.0	0.0
-ujx	0.153047452905	0.788414996101	0.0314470346954	0.0270905162988
-aat	0.0	1.0	0.0	0.0
-nor	0.0	0.986301369863	0.013698630137	0.0
-xɨp	0.452142344539	0.343270035903	0.103483466324	0.101104153234
-tyɨ	0.286036101798	0.186499724581	0.068982105174	0.458482068447
-ayɨ	0.259360651744	0.159914972715	0.0446999205286	0.536024455013
-xɨt	0.435655114138	0.382556869847	0.0986455671294	0.0831424488856
-xɨk	0.482248274085	0.311210300169	0.10097833418	0.105563091566
-aal	0.0	0.913043478261	0.0869565217391	0.0
-iku	0.157926719792	0.047371110528	0.0238927175549	0.770809452125
-fos	0.0	1.0	0.0	0.0
-sa'	0.218487394958	0.529411764706	0.126050420168	0.126050420168
-eón	0.152858809802	0.847141190198	0.0	0.0
-aak	0.380952380952	0.553113553113	0.0439560439561	0.021978021978
-las	0.02882952143	0.934653084759	0.00691908514317	0.029598308668
-yɨk	0.325419158166	0.322009223434	0.174233986009	0.178337632391
-'nt	0.898648648649	0.101351351351	0.0	0.0
-noc	0.0	1.0	0.0	0.0
-aaa	0.0989151244416	0.154435226547	0.146777281429	0.599872367581
-øwɨ	0.520263025058	0.203972227124	0.0282553777262	0.247509370092
-aac	0.0	0.992243314962	0.00244947948561	0.00530720555217
-yɨm	0.389708674041	0.316908295062	0.106281563922	0.187101466974
-dow	0.512426900585	0.31798245614	0.0555555555556	0.114035087719
-øgɨ	0.308603997207	0.410101345613	0.202875422273	0.0784192349067
-dor	0.493101686254	0.476239141543	0.0306591722023	0.0
-dos	0.063025210084	0.936974789916	0.0	0.0
-fás	0.00416666666668	0.90625	0.08125	0.00833333333333
-icó	0.0	0.996923076923	0.0	0.00307692307692
-bom	0.0424576026209	0.510093466949	0.254022933128	0.193425997302
-yxɨ	0.287253988075	0.376475485282	0.115088731379	0.221181795264
-ity	0.413736590081	0.259620539689	0.0753076852068	0.251335185024
-fán	0.0	1.0	0.0	0.0
-'ɨñ	0.0	0.859437751004	0.120481927711	0.0200803212851
-iñɨ	0.294457554053	0.123856615164	0.0601605950186	0.521525235764
-'tp	0.359728691673	0.284628585438	0.167688158862	0.187954564027
-doc	0.0	1.0	0.0	0.0
-ges	0.020202020202	0.949494949495	0.030303030303	0.0
-tøø	0.57988398808	0.242120624526	0.0638291243724	0.114166263022
-jxp	0.157790785746	0.356146156553	0.0743172045244	0.411745853177
-sas	0.0	1.0	0.0	0.0
-mpo	0.114155251142	0.867579908676	0.0182648401827	0.0
-'uy	0.170406306853	0.69144936325	0.0823529411765	0.0557913887204
-vos	0.00671626369087	0.990183922298	0.0	0.00309981401116
-epp	0.300704225352	0.405985915493	0.0049295774648	0.28838028169
-̱pt	0.58269650655	0.207150655022	0.0730076419214	0.137145196507
-oro	0.00443458980046	0.988913525499	0.0	0.00665188470068
-otɨ	0.259963768116	0.67481884058	0.0652173913044	0.0
-'tt	0.31550802139	0.566844919786	0.0	0.117647058824
-say	0.115384615385	0.8	0.0	0.0846153846154
-̱py	0.64598054992	0.333030154621	0.0195900090953	0.00139928636395
-ijɨ	0.471649484536	0.270618556701	0.14175257732	0.115979381443
-jup	0.0	0.99186204224	0.0	0.00813795776014
-jñɨ	0.317907444668	0.289738430583	0.319919517103	0.0724346076459
-dem	0.19781557153	0.119303004363	0.0341123567694	0.648769067338
-'uk	0.0769837943225	0.187231036012	0.0607795359095	0.675005633756
-oli	0.0258064516129	0.974193548387	0.0	0.0
-pxp	0.499430502203	0.345636254213	0.0708166780787	0.0841165655056
-tor	0.0190597204574	0.980940279543	0.0	0.0
-yɨ'	0.592814371258	0.299401197605	0.0	0.107784431138
-mpy	0.341169604612	0.264128077882	0.107984175651	0.286718141855
-ɨñɨ	0.418309571063	0.33617632913	0.110443421104	0.135070678704
-eɨt	0.00753483082173	0.975689508103	0.0133636622121	0.00341199886266
-rla	0.0	0.46511627907	0.511627906977	0.0232558139535
-umɨ	0.122876246708	0.0629674953868	0.0377977042726	0.776358553633
-sam	0.143694004135	0.709855272226	0.0206753962784	0.12577532736
-a̱m	0.174682151251	0.159286984164	0.0480581229443	0.617972741641
-a̱n	0.278794044606	0.508910263727	0.086463798118	0.125831893549
-iel	0.0932482297795	0.864864864865	0.0359030617333	0.00598384362222
-a̱k	0.116227208231	0.594021146521	0.115357911652	0.174393733595
-a̱j	0.0470929206584	0.871127807405	0.0646948157409	0.0170844561957
-uío	0.0	1.0	0.0	0.0
-jkɨ	0.439198163552	0.336121605367	0.0980856218341	0.126594609247
-erɨ	0.0614169774073	0.857424873876	0.0153542443519	0.0658039043649
-loc	0.0	1.0	0.0	0.0
-gøñ	0.256197802624	0.227717170151	0.013130001744	0.502955025481
-a̱y	0.618232229039	0.164834334174	0.014922869395	0.202010567392
-nøø	0.152256157484	0.749415351724	0.026685917298	0.0716425734941
-ogɨ	0.305619004111	0.251164915487	0.050890817725	0.392325262677
-iyɨ	0.549107142857	0.350446428572	0.0334821428571	0.0669642857143
-a̱t	0.197691079885	0.141920165595	0.0620383449288	0.598350409591
-lot	0.0	1.0	0.0	0.0
-epy	0.281566333107	0.304403863699	0.106512389035	0.30751741416
-'øñ	0.49443207127	0.265033407572	0.0	0.240534521158
-a̱s	0.0142134384677	0.967427536845	0.0142134384677	0.00414558621973
-juy	0.571684915317	0.355842705606	0.0441622533494	0.0283101257279
-ipo	0.051649928264	0.888091822095	0.0430416068866	0.0172166427546
-ión	0.0319844923674	0.946934819481	0.00508844196752	0.0159922461837
-ipa	0.00662251655629	0.987858719647	0.00551876379691	0.0
-ipe	0.00415430267062	0.995252225519	0.0	0.000593471810088
-ynɨ	0.239732965009	0.113014119091	0.0596224677716	0.587630448128
-noé	0.0	1.0	0.0	0.0
-'ux	0.282732069961	0.687066476386	0.0185855099399	0.0116159437125
-lén	0.00794499618029	0.984008148714	0.000916730328495	0.00713012477718
-̱'y	0.0686794155479	0.576075994675	0.0661063187605	0.289138271016
-øpy	0.467435226764	0.344498228237	0.085877495871	0.102189049127
-e'n	0.263838964773	0.391085549964	0.0215672178289	0.323508267433
-dyɨ	0.247069649327	0.426973704536	0.0785138310614	0.247442815075
-̱dɨ	0.224942592848	0.618736504335	0.0806480728481	0.0756728299686
-øxɨ	0.409694130496	0.104018623767	0.0504034430976	0.43588380264
-jty	0.54101142905	0.213010252477	0.0591314094779	0.186846908995
-'ɨy	0.581864283989	0.322144409563	0.0416566046848	0.0543347017628
-nea	0.0961538461538	0.346153846154	0.557692307692	0.0
-'ɨt	0.115001146589	0.700278261703	0.0826570741107	0.102063517598
-ñɨp	0.308208341244	0.450034807924	0.101259413961	0.140497436871
-'ɨp	0.490774907749	0.287822878229	0.0442804428044	0.177121771218
-jtp	0.303894536134	0.337995422351	0.0789852842105	0.279124757305
-jts	0.41980108007	0.0559112651881	0.0102599443659	0.514027710376
-ñɨk	0.22462562396	0.600665557404	0.174708818636	0.0
-'ɨn	0.0593935604876	0.777430447015	0.0693966864645	0.0937793060331
-ñɨn	0.480331569082	0.313142295498	0.043959867268	0.162566268152
-jtk	0.38370972378	0.417768033771	0.137766230253	0.0607560121963
-uxy	0.457484128964	0.468169419792	0.0692773750231	0.00506907622122
-uxt	0.623630932625	0.333886491868	0.0	0.0424825755062
-ant	0.366082456757	0.395810457792	0.125940937759	0.112166147692
-uxp	0.597169485675	0.251984811874	0.104245771488	0.0465999309631
-ety	0.0950974615486	0.719572644026	0.0216672589879	0.163662635438
-'mɨ	0.360955770209	0.532282663955	0.0305033045246	0.0762582613116
-hɨn	0.260544217687	0.62380952381	0.0544217687075	0.0612244897959
-hɨm	0.451386734504	0.286777936341	0.112614010051	0.149221319104
-ido	0.0	0.804347826087	0.0652173913044	0.130434782609
-saú	0.444444444444	0.349206349206	0.00793650793653	0.198412698413
-̱pø	0.18487394958	0.478991596639	0.336134453782	0.0
-iɨn	0.158536585366	0.621951219512	0.182926829268	0.0365853658537
-sts	0.282794665001	0.42525407712	0.0401035586763	0.251847699202
-sto	0.0185421910478	0.836346874835	0.00529148258321	0.139819451534
-iɨt	0.048678119535	0.865167049572	0.0538467693081	0.0323080615849
-ste	0.037037037037	0.944444444444	0.0	0.0185185185185
-'ut	0.418182086774	0.394649372904	0.0236361219033	0.163532418419
-sta	0.0155763239876	0.95296560992	0.0222955225704	0.00916254352207
-saí	0.0	1.0	0.0	0.0
-'øm	0.166253398651	0.141950942739	0.118606150454	0.573189508156
-'øn	0.478210813597	0.0336034628626	0.00187475373399	0.486310969806
-tio	0.0913705583756	0.817258883249	0.0609137055837	0.0304568527919
-yuu	0.105274129664	0.470502397332	0.368285734139	0.0559377388646
-'øk	0.510121302568	0.284774040485	0.00516588221789	0.199938774729
-øky	0.327491272582	0.440377007153	0.0815075038419	0.150624216423
-idi	0.117842353316	0.0405457926096	0.0109690084349	0.830642845639
-sɨp	0.278928647346	0.299394884149	0.0859066109261	0.335769857578
-uch	0.140859511557	0.726317536887	0.0497231634556	0.0830997881004
-nøy	0.174704276615	0.252047315742	0.573248407643	0.0
-'øy	0.417874114323	0.288682690576	0.115001597661	0.178441597441
-'øt	0.723009605123	0.206392742796	0.0377267876201	0.0328708644611
-wet	0.195053590117	0.717253491477	0.0282686362488	0.0594242821571
-a̱ñ	0.621313171367	0.174401412795	0.0443757569215	0.159909658917
-tos	0.0338983050848	0.943502824859	0.0225988700565	0.0
-axt	0.461224960807	0.454647291109	0.026203724813	0.057924023271
-ion	0.246026894865	0.689792176039	0.0513447432763	0.0128361858191
-len	0.43228936921	0.505955006617	0.0	0.0617556241729
-mum	0.360432519023	0.591509811774	0.0480576692029	0.0
-lea	0.00511121628017	0.98750591576	0.00227165168007	0.00511121628019
-ipy	0.182763390878	0.69101072477	0.0602217487232	0.0660041356288
-hmɨ	0.0	0.68	0.12	0.2
-emɨ	0.0723311734441	0.909586033195	0.0	0.018082793361
-leg	0.0	1.0	0.0	0.0
-̱my	0.232952102502	0.606672972741	0.107919855534	0.0524550692234
-ɨrɨ	0.255	0.54	0.03	0.175
-kay	0.403028997384	0.440393014945	0.0770569499945	0.0795210376767
-ɨnt	0.339116460006	0.321212212677	0.114811432139	0.224859895178
-ios	0.136004913744	0.764154238179	0.0175831500702	0.0822576980073
-̱mp	0.524637638415	0.209631624999	0.0796595783727	0.186071158213
-'on	0.286565842428	0.41310189097	0.0667960090324	0.23353625757
-les	0.157894736842	0.842105263158	0.0	0.0
-yts	0.29239095356	0.254811063719	0.114962965946	0.337835016774
-eel	0.0	1.0	0.0	0.0
-mdɨ	0.369785572282	0.338387089699	0.0614539698349	0.230373368183
-een	0.138981365237	0.250056704904	0.184468244617	0.426493685242
-jap	0.104454663448	0.0156670035628	0.00370745885837	0.876170874131
-eek	0.0373650986952	0.955394605364	0.000775745993671	0.00646454994727
-tjp	0.646181251392	0.135604542418	0.0311734580272	0.187040748163
-iud	0.0	1.0	0.0	0.0
-gio	0.0105540897098	0.973614775726	0.0158311345646	0.0
-̱tt	0.410999914082	0.305393867939	0.0796251237279	0.203981094251
-udá	0.0	1.0	0.0	0.0
-eey	0.130043086565	0.42303172738	0.420485703094	0.0264394829612
-̱ts	0.321593777794	0.160501773378	0.149709073412	0.368195375416
-ndo	0.0	1.0	0.0	0.0
-ali	0.0	1.0	0.0	0.0
-ánk	0.0591715976331	0.940828402367	0.0	0.0
-gia	0.0	0.965986394558	0.0340136054421	0.0
-ala	0.0	1.0	0.0	0.0
-rot	0.222868217054	0.573643410853	0.145348837209	0.0581395348837
-mu'	0.00339847068819	0.976210705183	0.0	0.0203908241291
-yox	0.542952009575	0.392185629899	0.0	0.0648623605266
-su'	0.0	1.0	0.0	0.0
-fat	0.0	1.0	0.0	0.0
-ɨ'ñ	0.58449263104	0.243264094099	0.0536833847253	0.118559890136
-yow	0.27560872662	0.6629910043	0.0475505843248	0.0138496847548
-ibɨ	0.131094208211	0.326154692082	0.088663856305	0.454087243402
-yoj	0.508655408747	0.448950752491	0.0197837914223	0.0226100473398
-bo'	0.280334728034	0.577405857741	0.100418410042	0.0418410041841
-etɨ	0.243724065565	0.637196139843	0.0901445174009	0.0289352771904
-xmɨ	0.27989821883	0.35408103347	0.101128727083	0.264892020617
-huñ	0.51	0.32	0.0	0.17
-'en	0.21342328534	0.0696766041935	0.0269352011922	0.689964909275
-uyɨ	0.277327637006	0.268562168533	0.123747790218	0.330362404243
-ñxɨ	0.494119099261	0.313671551253	0.0888747817807	0.103334567705
-xux	0.169811320755	0.634433962264	0.158018867925	0.0377358490566
-rɨp	0.198385236447	0.282583621684	0.519031141869	0.0
-pɨp	0.182847042828	0.483727169726	0.0867219578518	0.246703829594
-loi	0.0	0.981132075472	0.0188679245283	0.0
-oxɨ	0.263100707962	0.576596812466	0.0501371585045	0.110165321068
-̱jñ	0.136071251855	0.610588817417	0.0826323602178	0.17070757051
-jkp	0.295614950303	0.319856556436	0.0660621263807	0.318466366881
-tuñ	0.427650191937	0.274395231364	0.0890434880696	0.208911088629
-ñøø	0.224991958829	0.324702476681	0.205853972338	0.244451592152
-oré	0.0780669144982	0.882899628253	0.0390334572491	0.0
-pmɨ	0.704656011119	0.0833912439194	0.180681028492	0.0312717164698
-elo	0.0	1.0	0.0	0.0
-ogo	0.0	1.0	0.0	0.0
-xuk	0.939759036145	0.0120481927711	0.0	0.0481927710843
-chp	0.557276995305	0.244600938967	0.101877934272	0.0962441314554
-jky	0.523376970788	0.22369802811	0.0937003087096	0.159224692393
-aén	0.0	1.0	0.0	0.0
-axp	0.546638345031	0.273734761729	0.0240118212043	0.155615072035
-atɨ	0.481137355871	0.464009851114	0.0235083398634	0.0313444531512
-emp	0.261100812786	0.553744181132	0.072492825134	0.112662180947
-ɨjñ	0.527777777778	0.0833333333333	0.0555555555556	0.333333333333
-̱jk	0.18868923755	0.558978200271	0.047854580922	0.204477981257
-htɨ	0.353863381859	0.295632698768	0.047032474804	0.303471444569
-jpk	0.0698472951795	0.85697015995	0.0285287886782	0.0446537561921
-hu'	0.224066390041	0.680497925311	0.0954356846473	0.0
-osɨ	0.380664652568	0.521148036254	0.0981873111782	0.0
-omé	0.0	1.0	0.0	0.0
-rɨn	0.248945147679	0.542194092827	0.0886075949367	0.120253164557
-ito	0.0968322534197	0.845932325414	0.0302375809935	0.0269978401728
-mín	0.0	1.0	0.0	0.0
-xɨn	0.172012497836	0.688027374617	0.0425110710277	0.0974490565195
