-kʉk	0.0102156640182	0.502837684449	0.439273552781	0.0476730987514
-mos	0.0	1.0	0.0	0.0
-kʉn	0.136378035647	0.731045041854	0.0518743743265	0.0807025481721
-kʉm	0.442225930103	0.300249963198	0.06962457417	0.187899532529
-yʉp	0.368435506926	0.216457127707	0.0699366432329	0.345170722134
-kʉs	0.0484632590506	0.870764642532	0.00621323833982	0.0745588600779
-kʉp	0.396181286811	0.27189504223	0.148559738761	0.183363932198
-azʉ	0.0487052520497	0.765808913061	0.0389642016398	0.146521633249
-rbe	0.0102040816326	0.989795918367	0.0	0.0
-kʉt	0.515349603536	0.282728906713	0.0569248216371	0.144996668114
-góy	0.508528944515	0.267882096497	0.119077061497	0.104511897492
-ugʉ	0.0292055698388	0.0275866179531	0.0189401261655	0.924267686043
-átʉ	0.239130434783	0.583003952569	0.0830039525692	0.094861660079
-ijx	0.410738877154	0.369502505188	0.105646727274	0.114111890384
-erʉ	0.0829711754518	0.270746013044	0.0194760460729	0.626806765431
-sʉr	0.0157687253614	0.850197109067	0.0394218134034	0.0946123521681
-dít	0.453333333333	0.46	0.0866666666667	0.0
-yúñ	0.428897320621	0.248214102725	0.206914433048	0.115974143605
-dóy	0.20728929385	0.733485193622	0.0387243735763	0.0205011389521
-óty	0.116982688478	0.701047736132	0.0452436618518	0.136725913539
-akn	0.0	0.98951048951	0.0	0.0104895104895
-asʉ	0.0169888693614	0.912126537786	0.0348564733451	0.0360281195079
-̱bʉ	0.681076883251	0.121408231944	0.0823194408491	0.115195443955
-ótm	0.0307119236763	0.802234976624	0.0722946520202	0.0947584476795
-ltʉ	0.0	0.977528089888	0.0	0.0224719101123
-pak	0.193548387097	0.806451612903	0.0	0.0
-mbʉ	0.156277810813	0.530155408662	0.18740183081	0.126164949715
-nts	0.0895915553681	0.278055991169	0.532290388451	0.100062065012
-drʉ	0.0229579803104	0.909653685223	0.00634062965209	0.0610477048145
-puj	0.33	0.59	0.08	0.0
-duu	0.21015195603	0.770449401875	0.0129324280633	0.00646621403167
-máy	0.77083817042	0.0801021592756	0.104481077316	0.0445785929881
-amʉ	0.312911635992	0.170905754162	0.0409011934175	0.475281416429
-wip	0.891574831141	0.00604337006754	0.0255954496978	0.0767863490935
-pre	0.0	1.0	0.0	0.0
-'iy	0.220858895706	0.742331288344	0.0	0.0368098159509
-'ix	0.143488967117	0.0738051447641	0.0147342439018	0.767971644217
-más	0.011673151751	0.963868816009	0.0	0.0244580322401
-'it	0.32807124064	0.307630034406	0.125480671929	0.238818053026
-axʉ	0.329341736695	0.571778711485	0.0343837535014	0.0644957983194
-'ip	0.786148806738	0.213851193262	0.0	0.0
-'in	0.266887390479	0.153712601445	0.0934711511286	0.485928856947
-épy	0.166859660519	0.61626232101	0.0854068404553	0.131471178016
-'ik	0.349094017906	0.510437198699	0.0889358569427	0.0515329264527
-tín	0.0461538461538	0.780769230769	0.103846153846	0.0692307692308
-opk	0.0597750302129	0.907409128939	0.0131077437947	0.0197080970531
-kxʉ	0.580585516179	0.352850539291	0.0	0.0665639445301
-kón	0.124383020731	0.654491609082	0.221125370188	0.0
-ive	0.130450537505	0.869549462495	0.0	0.0
-'ty	0.630242926453	0.169096137675	0.0335067231797	0.167154212692
-naa	0.0177339901478	0.981280788177	0.000985221674877	0.0
-blʉ	0.0498069377399	0.798260592853	0.00255711602772	0.149375353379
-'xʉ	0.383199049851	0.50445221969	0.0543767855423	0.057971944917
-imy	0.406224647835	0.518732944908	0.0307913562947	0.0442510509624
-dʉm	0.492462311558	0.211055276382	0.0552763819095	0.241206030151
-dʉn	0.682483278859	0.0234065647531	0.00454790765928	0.289562248728
-'ts	0.176910172335	0.578555472822	0.229462899999	0.0150714548439
-okp	0.551724137931	0.224137931034	0.206896551724	0.0172413793103
-dʉk	0.450980392157	0.0980392156863	0.0	0.450980392157
-dʉt	0.47953976118	0.286279751529	0.0906609192052	0.143519568086
-dʉp	0.463175809135	0.325117148053	0.0856689481674	0.126038094644
-zul	0.0	0.38679245283	0.61320754717	0.0
-dʉs	0.0395401843227	0.899172529977	0.0191457734615	0.0421415122386
-bʉn	0.3986685831	0.490127846282	0.0612754368711	0.0499281337469
-tkʉ	0.143019296254	0.149829738933	0.61180476731	0.0953461975028
-ʉñʉ	0.605616219956	0.173134193665	0.0588845772042	0.162365009175
-dʉy	0.347729666796	0.613461218606	0.0201807395908	0.018628375007
-inʉ	0.0969455066984	0.31495495535	0.248744492313	0.339355045638
-bit	0.128543177324	0.434080421885	0.318721160185	0.118655240606
-lbʉ	0.0067084078712	0.154740608229	0.0536672629696	0.78488372093
-its	0.0240153771025	0.0339283383788	0.00867210490799	0.933384179611
-knʉ	0.443918387019	0.284544980398	0.192218441079	0.0793181915037
-ope	0.00192307692308	0.975	0.0	0.0230769230769
-rrʉ	0.0446258113784	0.923396334479	0.0255345551737	0.00644329896907
-nik	0.163117516312	0.120336512034	0.0307115030712	0.685834468583
-ter	0.0	0.974630021142	0.0126849894292	0.0126849894292
-tes	0.0	1.0	0.0	0.0
-sim	0.803212851406	0.124497991968	0.0642570281124	0.00803212851407
-rim	0.0	1.0	0.0	0.0
-trʉ	0.038487417575	0.887632889248	0.0508679854663	0.023011707711
-adʉ	0.0406050351456	0.0249319685571	0.0142434510148	0.920219545282
-a'k	0.698113207547	0.301886792453	0.0	0.0
-uts	0.545399515739	0.245157384988	0.142857142857	0.0665859564165
-tee	0.0186813186813	0.962197802198	0.0	0.0191208791209
-ejy	0.27027027027	0.352773826458	0.234708392603	0.142247510669
-a'a	0.230336510768	0.0423192704878	0.00980681608757	0.717537402657
-uty	0.517898393819	0.299981302436	0.0387220516656	0.143398252079
-tel	0.0	0.982537834692	0.00698486612339	0.0104772991851
-wam	0.0	1.0	0.0	0.0
-ndʉ	0.552379562682	0.21129766855	0.0503061006612	0.186016668107
-ñán	0.0	1.0	0.0	0.0
-unʉ	0.468210437206	0.227429851325	0.057406394949	0.24695331652
-mes	0.0	1.0	0.0	0.0
-máñ	0.509803921569	0.372549019608	0.0	0.117647058824
-mey	0.0	1.0	0.0	0.0
-rón	0.0218181818182	0.927272727273	0.0290909090909	0.0218181818182
-dum	0.123232452492	0.269371041013	0.0487555185872	0.558640987907
-mee	0.0	0.94495412844	0.0	0.0550458715597
-ñáx	0.0	0.9875	0.0125	0.0
-jtk	0.12030075188	0.0	0.609022556391	0.270676691729
-nkʉ	0.0	1.0	0.0	0.0
-ptʉ	0.339444683924	0.602872056241	0.0407582315003	0.0169250283349
-nsʉ	0.0693615066606	0.871841984382	0.0293982544786	0.0293982544786
-tʉt	0.49930117095	0.265535436043	0.070817105232	0.164346287775
-tʉp	0.420535516239	0.357042855508	0.0846700504184	0.137751577834
-tʉs	0.0	1.0	0.0	0.0
-tʉy	0.202510006671	0.126945741605	0.0421114076051	0.628432844118
-eyʉ	0.143900025523	0.130712498767	0.024873205382	0.700514270327
-áxʉ	0.443958447239	0.206123564789	0.251503553855	0.098414434117
-ojk	0.352473943198	0.163160137936	0.0618388934093	0.422527025456
-tʉm	0.120889494567	0.317012256403	0.0272779957994	0.534820253231
-tʉn	0.1583793872	0.591674086277	0.0961297487497	0.153816777774
-jkʉ	0.504206164058	0.2237945848	0.0447107650681	0.227288486074
-bás	0.0032	0.9808	0.00959999999999	0.0064
-tʉk	0.21399754429	0.607963515173	0.0885809507104	0.0894579898264
-ʉ'ʉ	0.309866776809	0.101940200867	0.0284770366392	0.559715985684
-yañ	0.189243027889	0.541832669323	0.249003984064	0.0199203187251
-́jʉ	0.501098901099	0.30989010989	0.142857142857	0.0461538461538
-pkʉ	0.047441545239	0.470687902406	0.411724839038	0.0701457133175
-aón	0.09375	0.90625	0.0	0.0
-ópk	0.0176643946653	0.646657614989	0.323689815046	0.0119881752998
-txʉ	0.448363376066	0.401314505108	0.0728834515521	0.0774386672741
-yut	0.0775347912525	0.773359840954	0.131212723658	0.0178926441352
-dán	0.0399217858889	0.902992776058	0.0359024496226	0.0211829884308
-stʉ	0.10454410611	0.809834277766	0.00911919626082	0.0765024198629
-wáñ	0.776119402985	0.107462686567	0.0805970149254	0.0358208955224
-dák	0.434170773838	0.500470184939	0.0205414129558	0.0448176282672
-xaj	0.382905982906	0.470085470085	0.0991452991453	0.0478632478632
-suu	0.349855907781	0.416714697406	0.0853025936599	0.148126801153
-̱ts	0.134834695752	0.260983546235	0.269136954885	0.335044803128
-̱mʉ	0.2903930131	0.442139737991	0.120087336245	0.147379912664
-tán	0.106337061016	0.863252893859	0.0029429075927	0.0274671375319
-ump	0.319142837905	0.383824891585	0.163850223198	0.133182047311
-ták	0.547544549766	0.173431301253	0.034914693721	0.24410945526
-nan	0.168606231453	0.0676302375955	0.0724639711713	0.69129955978
-ijn	0.0357142857143	0.952380952381	0.0119047619048	0.0
-mʉj	0.0878974955473	0.142247648263	0.261480695626	0.508374160564
-mʉm	0.413229805689	0.31254291102	0.0993890850283	0.174838198262
-otm	0.14258810869	0.800914716169	0.0	0.0564971751412
-otn	0.1	0.5	0.371428571429	0.0285714285714
-mʉn	0.0693568941778	0.870321740824	0.0190898872182	0.0412314777802
-ijt	0.361567315491	0.330956564837	0.117762683608	0.189713436064
-mʉp	0.554924424762	0.211706941369	0.0889573505343	0.144411283335
-mʉs	0.0210925964986	0.972579624552	0.0	0.00632777894958
-ots	0.0316300265441	0.161289523741	0.00930489606713	0.797775553647
-jtʉ	0.327188058878	0.52187967446	0.0319426789363	0.118989587725
-mʉt	0.0411507986104	0.0170458241813	0.00748113112926	0.934322246079
-oñʉ	0.110855887347	0.753265199685	0.103032724125	0.0328461888434
-oty	0.16644838525	0.634453238986	0.0648616171552	0.134236758608
-túñ	0.351331648523	0.327501296008	0.166537065837	0.154629989632
-ijy	0.43877590308	0.176606553793	0.227249501597	0.15736804153
-tás	0.0	0.978102189781	0.021897810219	0.0
-nak	0.179846938775	0.219387755102	0.0	0.600765306122
ALL	0.239098426642	0.312951714753	0.0575376936473	0.390412164957
-ipʉ	0.0115218139787	0.959741281786	0.00930844523142	0.0194284590035
-oʉs	0.0	1.0	0.0	0.0
-átp	0.491396068832	0.22132622939	0.0583195334437	0.228958168335
-nam	0.0	1.0	0.0	0.0
-ʉgʉ	0.311084743139	0.329645911716	0.208008902875	0.15126044227
-sip	0.145308007568	0.576687796876	0.103871458213	0.174132737343
-kim	0.0	1.0	0.0	0.0
-aús	0.141732283464	0.811023622047	0.0157480314961	0.0314960629921
-aúl	0.322344322344	0.677655677656	0.0	0.0
-aúm	0.011673151751	0.982879377432	0.0	0.00544747081712
-nax	0.0879930826248	0.708073816162	0.0511867275174	0.152746373696
-jeñ	0.434482758621	0.31724137931	0.144827586207	0.103448275862
-̱ñʉ	0.393721049923	0.395779722079	0.0602161605764	0.150283067421
-aky	0.414106271355	0.383717351774	0.0704386610227	0.131737715849
-amp	0.172190505383	0.565155753094	0.126633204337	0.136020537185
-suk	0.00597609561752	0.994023904382	0.0	0.0
-nap	0.939776312016	0.0602236879839	0.0	0.0
-̱ty	0.149460783704	0.134281762989	0.0339164053604	0.682341047947
-rdʉ	0.0	0.835164835165	0.164835164835	0.0
-̱'k	0.177077372306	0.396663291808	0.258152240368	0.168107095518
-ewʉ	0.0	0.992673992674	0.0	0.00732600732602
-akp	0.309607958168	0.216965638509	0.158253959926	0.315172443397
-xyʉ	0.434088079166	0.415099285667	0.0792974637919	0.0715151713743
-gok	0.0697346498662	0.0736943460731	0.0311402338312	0.825430770229
-fyʉ	0.0	1.0	0.0	0.0
-gom	0.269724770642	0.704587155963	0.0256880733945	0.0
-goo	0.309504936225	0.110014172131	0.169969493887	0.410511397756
-tóñ	0.33734939759	0.180722891566	0.409638554217	0.0722891566265
-goy	0.506181945794	0.282556352376	0.0897998706747	0.121461831156
-lki	0.0	1.0	0.0	0.0
-mol	0.0	1.0	0.0	0.0
-mok	0.15921518173	0.777098745577	0.0	0.0636860726922
-got	0.0227272727273	0.948863636364	0.00568181818182	0.0227272727273
-gow	0.721854304636	0.17880794702	0.0	0.0993377483444
-yat	0.505406084989	0.295951722404	0.0704048277596	0.128237364848
-u'u	0.112353458534	0.659540241778	0.132112370014	0.0959939296739
-nʉʉ	0.0876125057631	0.874955732699	0.00755049813242	0.0298812634055
-yap	0.482947624848	0.180876979294	0.0328867235079	0.303288672351
-mpʉ	0.0965018594623	0.558044678592	0.0256549251533	0.319798536793
-ber	0.0	1.0	0.0	0.0
-ixy	0.558627457721	0.210730294491	0.0789902930488	0.15165195474
-yay	0.756613514872	0.140128843606	0.0721889706218	0.0310686709006
-yax	0.747940691928	0.240527182866	0.00823723228995	0.00329489291599
-bet	0.0216550657386	0.790409899459	0.0	0.187935034803
-u'x	0.62356416147	0.172957006892	0.0853298326222	0.118148999016
-ámʉ	0.140776699029	0.800970873786	0.0	0.0582524271845
-ibʉ	0.0675869625008	0.0436192453672	0.00102088023166	0.8877729119
-bel	0.132644050335	0.851902273898	0.00772683788358	0.00772683788359
-yam	0.160523930694	0.0871182674185	0.0863484503165	0.666009351571
-yal	0.151515151515	0.651515151515	0.166666666667	0.030303030303
-ooñ	0.498281104427	0.212142769444	0.0197167433429	0.269859382787
-yak	0.612952968389	0.196222050887	0.0343099460293	0.156515034695
-yaj	0.156191776753	0.0298700003353	0.00901617867262	0.804922044239
-túm	0.191489361702	0.369211514393	0.315394242804	0.123904881101
-tún	0.242494226328	0.526558891455	0.189376443418	0.0415704387991
-'añ	0.557780667612	0.18767691272	0.023457156086	0.231085263582
-túk	0.606557377049	0.0655737704918	0.327868852459	0.0
-ise	0.0137457044674	0.910652920962	0.0687285223368	0.00687285223369
-ree	0.109422492401	0.872340425532	0.0	0.0182370820669
-rey	0.0506664853101	0.858088501995	0.0266367428364	0.0646082698585
-ijñ	0.209350585937	0.765014648438	0.025634765625	0.0
-myʉ	0.199855730471	0.371154580558	0.0199431408325	0.409046548139
-res	0.0	1.0	0.0	0.0
-jyñ	0.034169192615	0.929529035427	0.00682904620988	0.0294727257479
-táñ	0.599264705883	0.242647058823	0.0551470588235	0.102941176471
-ret	0.00813008130081	0.986449864499	0.0	0.00542005420054
-may	0.0975734094616	0.171568596214	0.603328171731	0.127529822594
-jup	0.100732600733	0.253663003663	0.0686813186813	0.576923076923
-jut	0.0408986950088	0.909726893583	0.00847571639985	0.0408986950088
-péñ	0.629213483146	0.269662921348	0.0337078651685	0.0674157303371
-ijp	0.592463291919	0.304138001848	0.0277235855837	0.0756751206489
-ʉjx	0.482425487305	0.191218709782	0.0273589649618	0.298996837951
-mar	0.0	1.0	0.0	0.0
-ikʉ	0.0517323531414	0.894152882717	0.0452658089987	0.00884895514261
-nís	0.0705882352941	0.929411764706	0.0	0.0
-ppʉ	0.138873994638	0.0932975871314	0.729222520107	0.0386058981234
-a̱k	0.0967058367815	0.472441330973	0.229928798292	0.200924033953
-rʉs	0.0194063926941	0.966894977169	0.013698630137	0.0
-maa	0.0808003078107	0.838399384379	0.0808003078107	0.0
-ujʉ	0.481083378879	0.349486852493	0.130260521042	0.0391692475861
-aty	0.661830627583	0.0957602014181	0.0275627658047	0.214846405194
-yon	0.0121580547112	0.975683890578	0.0	0.0121580547112
-dsʉ	0.197073995532	0.15549242947	0.0696594424803	0.577774132518
-pts	0.491919327379	0.201938553411	0.0874827384021	0.218659380807
-'tʉ	0.660940325497	0.0216998191682	0.00542495479205	0.311934900542
-gyʉ	0.264454497857	0.0859456311656	0.0518791217497	0.597720749227
-unk	0.0856329441426	0.747907438704	0.0716143018309	0.0948453153223
-yñʉ	0.476034758093	0.284114395654	0.0768389437959	0.163011902456
-arʉ	0.0363591290336	0.853323968103	0.0733380159484	0.0369788869149
-nzʉ	0.230400451213	0.744218838128	0.0135363790186	0.0118443316413
-dii	0.272969807051	0.17668606401	0.0347956672158	0.515548461723
-ʉbʉ	0.355189176814	0.348617390861	0.136180990712	0.160012441612
-ydʉ	0.0	1.0	0.0	0.0
-aay	0.346169095649	0.52040705987	0.067582991914	0.065840852567
-uuñ	0.506942964864	0.220303656288	0.0641031579142	0.208650220934
-rom	0.0	1.0	0.0	0.0
-xáñ	0.711591261788	0.118896979826	0.0638653455891	0.105646412797
-ʉty	0.120746341442	0.431975241523	0.0741010636943	0.373177353341
-yeñ	0.130434782609	0.265217391304	0.317391304348	0.286956521739
-ejʉ	0.121951219512	0.817073170732	0.0	0.0609756097561
-gam	0.0922924894511	0.459228638473	0.0419511315687	0.406527740507
-utʉ	0.270562770563	0.476190476191	0.034632034632	0.218614718615
-ʉts	0.310347942646	0.206084562757	0.0412715633229	0.442295931274
-gau	0.0	1.0	0.0	0.0
-gar	0.0	0.962664208343	0.037335791657	0.0
-ujy	0.576559900521	0.221926333063	0.129572954343	0.0719408120738
-gay	0.688905270918	0.280132694434	0.015481017324	0.015481017324
-rpʉ	0.0700934579439	0.859813084112	0.0623052959501	0.00778816199377
-sem	0.0	1.0	0.0	0.0
-xoñ	0.321428571429	0.607142857143	0.0	0.0714285714286
-inm	0.11673151751	0.727626459144	0.0700389105059	0.0856031128405
-idʉ	0.353752422877	0.59280795943	0.0201266092612	0.0333130084323
-see	0.0337324766355	0.956921728972	0.00613317757009	0.00321261682243
-ʉkʉ	0.37277094615	0.337261078567	0.118725417764	0.171242557519
-dúm	0.22905027933	0.743016759777	0.0279329608939	0.0
-kpʉ	0.12181840898	0.339709515228	0.21479937025	0.323672705542
-dún	0.220713073005	0.637238256933	0.11544991511	0.0265987549519
-dúk	0.591194968554	0.141509433962	0.196540880503	0.070754716981
-ókx	0.0248298694133	0.246183557109	0.0643737355159	0.664612837962
-set	0.0	1.0	0.0	0.0
-'xn	0.225321888412	0.710300429185	0.0643776824034	0.0
-oob	0.00492476060192	0.990150478796	0.0	0.00492476060192
-dón	0.00333322751659	0.978334021142	0.0	0.0183327513412
-són	0.0	0.99517490953	0.00482509047046	0.0
-mts	0.188625774983	0.112160816945	0.0430822075774	0.656131200494
-ook	0.284676074566	0.590465997992	0.0908849564863	0.033972970955
-oom	0.0145102781137	0.985489721886	0.0	0.0
-dʉʉ	0.369230769231	0.261538461538	0.215384615385	0.153846153846
-yóñ	0.448042168675	0.331701807229	0.129894578313	0.0903614457831
-oon	0.184651125531	0.758070976528	0.0268364976368	0.0304414003044
-sóy	0.39316918189	0.224252051893	0.184008472333	0.198570293884
-oop	0.103119334103	0.130356848525	0.666144717323	0.100379100049
-mti	0.306919642857	0.467633928571	0.225446428571	0.0
-okʉ	0.162045986945	0.374673065114	0.29543542041	0.167845527531
-oot	0.661092616173	0.0296242885415	0.0309283095285	0.278354785757
-ooy	0.760584716283	0.139249777737	0.0226178465041	0.0775476594754
-oox	0.0383561643835	0.86301369863	0.0986301369863	0.0
-ooz	0.0310880829015	0.968911917098	0.0	0.0
-̱a̱	0.148784057609	0.525510553717	0.0493276968044	0.276377691869
-ekʉ	0.0191082802548	0.834394904459	0.0955414012739	0.0509554140127
-sów	0.28947368421	0.289473684211	0.421052631579	0.0
-uum	0.372122822837	0.0797304351953	0.538180437568	0.00996630439942
-uun	0.604999528939	0.218436286363	0.0768876466832	0.0996765380146
-ímy	0.631772268136	0.198347107438	0.0899908172635	0.0798898071625
-bak	0.245001256417	0.0991492264063	0.5880030154	0.067846501777
-uuk	0.423122196418	0.415497513229	0.139853020711	0.0215272696423
-úxn	0.0461538461538	0.907692307692	0.0461538461538	0.0
-jot	0.141191521531	0.321344459628	0.0574535515948	0.480010467246
-kxy	0.132034501352	0.138190698459	0.00918120704767	0.720593593141
-jkm	0.442367051768	0.510009701032	0.0	0.0476232471999
-ykʉ	0.0666666666667	0.933333333333	0.0	0.0
-zmʉ	0.13671875	0.384765625	0.44921875	0.029296875
-uuy	0.158878504673	0.379338556909	0.136935292699	0.32484764572
-uux	0.153892576946	0.143029571515	0.684972842486	0.0181050090525
-jok	0.00534745741132	0.970588984238	0.0	0.024063558351
-rnʉ	0.036450678201	0.932193899691	0.0146978541133	0.016657567995
-uut	0.845730027548	0.0964187327823	0.00826446280992	0.0495867768595
-eky	0.353127936903	0.373692615041	0.104930518037	0.168248930019
-ekx	0.0131926121372	0.960422163588	0.0	0.0263852242744
-uup	0.762288711871	0.101709733826	0.0136001554303	0.122401398873
-̱dʉ	0.106611142911	0.161893098242	0.0247219652943	0.706773793553
-yey	0.00662306482324	0.984270221045	0.0	0.00910671413197
-pet	0.0117878192534	0.988212180747	0.0	0.0
-ʉ́w	0.26448046237	0.607990953637	0.119989948486	0.00753863550697
-ma̱	0.00896107825911	0.00519841556468	0.00146857325744	0.984371932919
-tsʉ	0.369847928669	0.124802812713	0.0206352094434	0.484714049174
-ujm	0.0540953545233	0.450794621027	0.0403422982885	0.454767726161
-yíñ	0.582417582418	0.252747252747	0.164835164835	0.0
-yel	0.00506756756755	0.974662162162	0.0202702702703	0.0
-xán	0.731092436975	0.100840336134	0.0504201680672	0.117647058823
-áwʉ	0.322158773261	0.450622953438	0.139665362191	0.0875529111093
-'ii	0.0806001395673	0.896371249128	0.00837404047454	0.0146545708304
-mán	0.0409836065574	0.69262295082	0.266393442623	0.0
-dúñ	0.319305982861	0.405133825413	0.107416846025	0.168143345701
-oyʉ	0.400535523295	0.204366459488	0.130627295233	0.264470721984
-eri	0.0	1.0	0.0	0.0
-ral	0.0870573355818	0.888842046093	0.00590219224285	0.0181984260821
-ram	0.0	1.0	0.0	0.0
-jaw	0.128723302366	0.415381668423	0.0536347093191	0.402260319893
-rak	0.0	1.0	0.0	0.0
-'ít	0.198448905109	0.192518248175	0.307937956204	0.301094890511
-úkʉ	0.407283382168	0.455002092926	0.0473001255755	0.0904143993303
-'íx	0.562130177515	0.390532544379	0.0	0.0473372781065
-xon	0.483253588517	0.205741626794	0.0526315789474	0.258373205742
-ufʉ	0.0	0.977695167286	0.0223048327138	0.0
-pox	0.0	0.862068965517	0.103448275862	0.0344827586207
-ya̱	0.139191451672	0.2344664547	0.0462436331392	0.580098460489
-wʉj	0.80412371134	0.19587628866	0.0	0.0
-yóy	0.309178743961	0.413043478261	0.0869565217391	0.190821256039
-por	0.5648	0.3392	0.0384	0.0576
-yót	0.111271676301	0.651734104046	0.0433526011561	0.193641618497
-áty	0.154986824588	0.219829092723	0.0335649011746	0.591619181514
-poj	0.0755566028414	0.876555409442	0.0154305738197	0.0324574138967
-yón	0.189704851647	0.77758741531	0.0327077330426	0.0
-nás	0.061597014526	0.917006127797	0.00842906514566	0.0129677925318
-yók	0.085409252669	0.658362989324	0.256227758007	0.0
-ivʉ	0.00431654676259	0.658992805755	0.336690647482	0.0
-wʉt	0.486569096991	0.328198109858	0.0684627804864	0.116770012664
-wʉp	0.566075610572	0.256808297089	0.090331214453	0.0867848778856
-ujp	0.165217391304	0.74347826087	0.0	0.0913043478261
-ujt	0.782101167315	0.194552529183	0.023346303502	0.0
-imp	0.687166745764	0.137796264761	0.0277770023171	0.147259987158
-ujx	0.0762016412661	0.888628370457	0.0351699882766	0.0
-aat	0.212635234406	0.757980499533	0.0160277814879	0.0133564845732
-nay	0.0	1.0	0.0	0.0
-aap	0.0333333333334	0.966666666667	0.0	0.0
-lak	0.106253794778	0.893746205222	0.0	0.0
-aam	0.862244897959	0.130102040816	0.00765306122449	0.0
-aan	0.456805469236	0.25108763207	0.0	0.292106898695
-eón	0.0	1.0	0.0	0.0
-aak	0.0676812553172	0.890726911806	0.0345023159089	0.00708951696759
-pyʉ	0.205259004408	0.522699902093	0.184474134983	0.0875669585166
-ujk	0.182495877181	0.376773603872	0.080170648344	0.360559870603
-́bʉ	0.438095238095	0.257142857143	0.0	0.304761904762
-iky	0.47351913993	0.28651755466	0.159834713404	0.080128592006
-bʉs	0.0	1.0	0.0	0.0
-dow	0.338449552006	0.429294896767	0.128087261395	0.104168289833
-ypy	0.488813250081	0.268961272163	0.0689809885272	0.173244489229
-lyʉ	0.022917164001	0.930532346622	0.0300787777513	0.0164717116257
-isʉ	0.227816236627	0.701069855255	0.0201384518565	0.0509754562618
-gel	0.0	1.0	0.0	0.0
-bom	0.030251325041	0.45267357419	0.341502015381	0.175573085388
-yáy	0.188034188034	0.752136752137	0.0	0.0598290598291
-boj	0.0140350877193	0.656140350877	0.17343358396	0.156390977444
-bok	0.0	1.0	0.0	0.0
-'tp	0.384615384615	0.435897435897	0.141025641026	0.0384615384615
-gáñ	0.483018867925	0.42641509434	0.0452830188679	0.0452830188679
-rsʉ	0.0174672489083	0.982532751092	0.0	0.0
-doo	0.602614701529	0.271583621115	0.062160828811	0.0636408485446
-íky	0.268669790963	0.642918949738	0.0465183307521	0.0418929285467
-yán	0.823909531502	0.0953150242326	0.0484652665589	0.032310177706
-box	0.0	1.0	0.0	0.0
-dok	0.0	1.0	0.0	0.0
-eví	0.036210018105	0.922148461074	0.007242003621	0.0343995171998
-xón	0.275020924509	0.0924009677325	0.118559727503	0.514018380256
-'uy	0.516721724084	0.366116092496	0.0766399244926	0.0405222589272
-dek	0.0132137258603	0.9798921563	0.0	0.00689411784017
-sat	0.0	1.0	0.0	0.0
-tok	0.345724907063	0.438661710037	0.171003717472	0.0446096654275
-yky	0.0106044538706	0.795334040297	0.0805938494167	0.113467656416
-'ut	0.553641346907	0.25841816758	0.0328895849648	0.155050900548
-'uk	0.072372713155	0.19352949899	0.0746036808361	0.659494107019
-oli	0.0	1.0	0.0	0.0
-vʉs	0.0619291194738	0.923456339057	0.0018268176836	0.0127877237852
-rlʉ	0.0	0.968938740293	0.0310612597066	0.0
-'un	0.140515484069	0.436290525258	0.326631481947	0.0965625087263
-'um	0.217970765262	0.575666380052	0.10834049871	0.0980223559759
-mpy	0.485286401267	0.306182762903	0.0776171080431	0.130913727787
-ixʉ	0.317727362047	0.117208537722	0.0256000640456	0.539464036186
-sam	0.0	1.0	0.0	0.0
-toy	0.0931677018634	0.739130434783	0.167701863354	0.0
-a̱m	0.391225718964	0.173261515944	0.128337076295	0.307175688797
-nʉs	0.0242483660131	0.960653594771	0.0123529411765	0.00274509803922
-nʉp	0.540131439397	0.241004740883	0.0680982985397	0.15076552118
-a̱n	0.105811152313	0.756723978609	0.0470796957565	0.0903851733211
-lok	0.0	1.0	0.0	0.0
-nʉt	0.54477158508	0.207878335581	0.081698443426	0.165651635912
-a̱j	0.116778479348	0.764173901605	0.107208629308	0.0118389897395
-evʉ	0.0466321243524	0.953367875648	0.0	0.0
-ynʉ	0.0	0.984455958549	0.0	0.0155440414508
-̱wʉ	0.528138528139	0.277056277056	0.0909090909091	0.103896103896
-lkʉ	0.0408163265306	0.959183673469	0.0	0.0
-a̱y	0.326592000736	0.357259652253	0.0429420854856	0.273206261525
-a̱x	0.43845330479	0.41436981536	0.0709124966551	0.0762643831951
-loy	0.0	0.981132075472	0.0188679245283	0.0
-a̱t	0.261891068986	0.100641388269	0.153306369849	0.484161172896
-lot	0.0	0.985849056604	0.0141509433963	0.0
-nʉn	0.21941100294	0.535412309403	0.0585114917172	0.186665195941
-ñel	0.0	0.862416107383	0.137583892617	0.0
-a̱r	0.0651060253135	0.81765159401	0.0322953370949	0.0849470435819
-awʉ	0.642821175358	0.144650560759	0.063785593126	0.148742670757
-ʉga	0.328912466843	0.381962864721	0.0	0.289124668435
-juy	0.64593754674	0.248201020391	0.0849218087846	0.0209396240839
-akʉ	0.339771500875	0.468497636858	0.110044285661	0.0816865766068
-́xʉ	0.275618374558	0.360424028269	0.0424028268551	0.321554770318
-úwʉ	0.672	0.208	0.12	0.0
-'ux	0.428624007571	0.469004679531	0.0771333929229	0.0252379199747
-wóy	0.659388646288	0.222707423581	0.0131004366812	0.10480349345
-uuz	0.153099114539	0.803199085975	0.0148528991717	0.0288489003142
-uxn	0.0444444444444	0.511111111111	0.444444444444	0.0
-pyñ	0.0314307603543	0.922449464062	0.039188479831	0.00693129575243
-bʉm	0.562168011017	0.244540625615	0.0560692504426	0.137222112925
-jty	0.588385085562	0.180279255687	0.053528286673	0.177807372078
-uxk	0.172496406325	0.28845232391	0.524676569238	0.0143747005271
-doñ	0.771956856703	0.0893682588598	0.0	0.138674884438
-xʉp	0.50400511244	0.284989756993	0.0821806558358	0.128824474732
-otʉ	0.0366863905326	0.920710059172	0.0260355029586	0.0165680473373
-xʉt	0.594512883363	0.241168098846	0.0465229722774	0.117796045514
-jtp	0.344075604156	0.341789557595	0.0530316714109	0.261103166838
-jts	0.133951143987	0.0469094268968	0.0177558085995	0.801383620517
-bʉk	0.561291963377	0.326805696846	0.0915564598169	0.0203458799593
-obʉ	0.0715365009694	0.372613843128	0.49948756423	0.0563620916728
-xʉk	0.0938259380411	0.479114012848	0.296004025418	0.131056023693
-xʉm	0.422992159629	0.302655086777	0.0949304288975	0.179422324696
-xʉn	0.241213540893	0.632209004536	0.0685138406943	0.0580636138765
-uxy	0.481943229672	0.474719690533	0.0221048192245	0.0212322605709
-atʉ	0.325483322289	0.282739340343	0.0507293731086	0.34104796426
-umʉ	0.549932453497	0.21438220929	0.175828743635	0.0598565935779
-mal	0.101910828025	0.888535031847	0.00955414012739	0.0
-ʉpʉ	0.702960840497	0.25405921681	0.0	0.0429799426934
-rʉn	0.142583993444	0.631248292816	0.0245834471456	0.201584266594
-'uñ	0.211759205143	0.736528345996	0.0314202220924	0.020292226768
-'xy	0.57555563938	0.272021315916	0.075558315945	0.0768647287588
-ubʉ	0.204425711275	0.658587987355	0.120126448894	0.0168598524763
-duñ	0.556887794499	0.207985139935	0.0484968340855	0.186630231481
-'uu	0.0358565737052	0.940239043825	0.0	0.0239043824701
-toñ	0.549520766773	0.172523961661	0.0191693290735	0.258785942492
-omʉ	0.11356745354	0.811555965572	0.0272784569778	0.0475981239102
-óyʉ	0.810582010582	0.068783068783	0.095238095238	0.0253968253968
-áxy	0.371115406288	0.44508400841	0.123997988403	0.059802596899
-tow	0.197765127556	0.654648956357	0.147585916087	0.0
-ayʉ	0.164242325808	0.287507714796	0.418271885659	0.129978073737
-tyʉ	0.323234068779	0.183955335482	0.0317183331773	0.461092262561
-tii	0.42918478048	0.218834449536	0.0277581952767	0.324222574707
-áxk	0.0160167130919	0.0264623955432	0.00557103064067	0.951949860724
-ʉyʉ	0.104300666347	0.109476016469	0.0531754823989	0.733047834786
-tor	0.0	0.960106382979	0.0	0.0398936170213
-wán	1.0	0.0	0.0	0.0
-a̱ñ	0.436870365692	0.29131202431	0.0551569917137	0.216660618285
-tʉʉ	0.297978123964	0.171693735499	0.0457408021214	0.484587338416
-rés	0.00730994152047	0.986842105263	0.0	0.00584795321638
-ebʉ	0.0836236933798	0.697251258227	0.0174216027875	0.201703445606
-lek	0.0	1.0	0.0	0.0
-lel	0.0	1.0	0.0	0.0
-lem	0.0	1.0	0.0	0.0
-gón	0.127992905705	0.186520839492	0.0555719775347	0.629914277269
-jáñ	0.596858638743	0.167539267016	0.125654450262	0.109947643979
-lmʉ	0.0726970609616	0.908609409077	0.0124623533077	0.00623117665386
-igʉ	0.11105622804	0.188418027689	0.225908053746	0.474617690525
-sʉp	0.460370176154	0.228223504049	0.281497018781	0.0299093010158
-míñ	0.592238611088	0.114591320059	0.13327361477	0.159896454084
-ʉjʉ	0.547109964779	0.140821452863	0.0494972827002	0.262571299657
-muk	0.232876712329	0.239726027397	0.431506849315	0.095890410959
-sʉt	0.534708684211	0.289123722339	0.12469004991	0.0514775435407
-sʉk	0.34900990099	0.502475247525	0.059405940594	0.0891089108911
-tmʉ	0.0911602209945	0.803867403315	0.060773480663	0.0441988950276
-ítʉ	0.182088152548	0.463894967177	0.105501719287	0.248515160988
-sʉn	0.25355481552	0.606829474574	0.0407019769532	0.0989137329528
-sʉm	0.422237505731	0.403897294819	0.0919455907076	0.0819196087422
-ios	0.124218005814	0.759893963796	0.0105115774147	0.105376452975
-̱mp	0.488209565973	0.262486356738	0.0625919705059	0.186712106783
-yts	0.621621621622	0.378378378378	0.0	0.0
-ldʉ	0.0208333333333	0.697916666667	0.28125	0.0
-een	0.21572220041	0.194259041138	0.213431924268	0.376586834184
-'ʉn	0.341110137913	0.0534368940093	0.0288535383675	0.57659942971
-ñʉm	0.229336758909	0.178504924118	0.0714589245808	0.520699392392
-eed	0.213483146067	0.786516853933	0.0	0.0
-ñʉn	0.236486254169	0.639734956211	0.0646400345795	0.0591387550408
-ntʉ	0.0871218876165	0.825466802705	0.0369232388375	0.0504880708412
-ñʉt	0.459124534703	0.431635489799	0.0783678085096	0.0308721669887
-ñʉp	0.19307090454	0.465666482598	0.195781728473	0.145480884388
-ñʉs	0.0374531835206	0.955056179775	0.00749063670412	0.0
-gúp	0.113177041229	0.805982215036	0.0323362974939	0.0485044462409
-ojʉ	0.73851882499	0.145142541915	0.0317197627913	0.0846188703036
-frʉ	0.0255536626917	0.974446337308	0.0	0.0
-ilʉ	0.0281848928974	0.72389645304	0.0132252189749	0.234693435088
-yoy	0.393970631548	0.457504102327	0.0803635292633	0.068161736862
-ajʉ	0.27352815032	0.190369657699	0.0507946075647	0.485307584416
-nbʉ	0.104555638536	0.382374906647	0.451082897685	0.0619865571322
-yos	0.716535433071	0.236220472441	0.0	0.0472440944882
-ttʉ	0.510731848195	0.228871284658	0.0782879009507	0.182108966197
-yow	0.166803470919	0.265888836773	0.485811444653	0.0814962476548
-yot	0.075942679786	0.670540843954	0.0659050386317	0.187611437628
-yok	0.0479488545552	0.872136387853	0.0639318060735	0.0159829515184
-yoj	0.845744680851	0.135638297872	0.0	0.0186170212766
-múk	0.559353643711	0.372921524488	0.0490113914355	0.0187134403663
-yoo	0.110409846171	0.524314069285	0.287710779009	0.0775653055354
-yrʉ	0.09229390681	0.905017921147	0.00268817204301	0.0
-ínm	0.0390070921986	0.880762411347	0.00886524822694	0.071365248227
-ónʉ	0.261253110156	0.544673150871	0.105010178693	0.0890635602805
-i'x	0.0616903681466	0.832086800344	0.0448144516846	0.0614083798253
-ulʉ	0.0566003616637	0.836075949367	0.00578661844485	0.101537070524
-xux	0.175909208151	0.538302811452	0.243745163786	0.0420428166108
-xuy	0.108806346144	0.744867878008	0.056279144557	0.0900466312912
-nat	0.265917602996	0.172284644195	0.47191011236	0.0898876404494
-tés	0.0	0.986813186813	0.0131868131868	0.0
-osʉ	0.121310448316	0.609869548939	0.0224494048033	0.246370597942
-̱jñ	0.200683796104	0.422192291753	0.0196850393701	0.357438872773
-jkn	0.142857142857	0.440886699507	0.416256157635	0.0
-jkp	0.428465371618	0.365791062137	0.087389356162	0.118354210083
-tuñ	0.582185583593	0.173167789283	0.0407157937067	0.203930833417
-xun	0.016544117647	0.503676470588	0.479779411765	0.0
-per	0.0558718127638	0.0145985757283	0.00390957420879	0.925620037299
-pes	0.161355752075	0.048731385518	0.00861871578974	0.781294146618
-jkx	0.0955535363602	0.88055807955	0.00981915174253	0.0140692323475
-jky	0.498566577652	0.273762894191	0.0984170031464	0.12925352501
-aén	0.0	1.0	0.0	0.0
-uyʉ	0.701726678444	0.224761268999	0.0262136001368	0.0472984524207
-ity	0.506328381521	0.18628634087	0.0285264676736	0.278858809936
-lán	0.0	0.985037406484	0.0	0.0149625935162
-gʉt	0.555122608345	0.274148184272	0.0732314840838	0.0974977232987
-góñ	0.295925245977	0.148367803563	0.00752990447777	0.548177045983
-oxʉ	0.0774193548387	0.677419354839	0.206451612903	0.0387096774194
-jpn	0.123581376935	0.660207852368	0.0251381158174	0.19107265488
-gʉn	0.130600565494	0.761027812517	0.0317716546137	0.0765999673753
-gʉm	0.364734299517	0.367149758454	0.253623188406	0.0144927536232
-a'x	0.464067886502	0.480243967117	0.035799522673	0.0198886237073
-gʉk	0.0473212188693	0.0357866717699	0.225732652511	0.69115945685
-'ee	0.0	0.992822966507	0.0	0.00717703349283
-lás	0.0	1.0	0.0	0.0
-jpy	0.494416633795	0.207596303452	0.0601687114267	0.237818351326
-itʉ	0.0382891878352	0.877227571909	0.0570516979068	0.027431542349
-ita	0.0	1.0	0.0	0.0
-o'x	0.194252443052	0.630086145255	0.172086213354	0.00357519833838
-spe	0.0376647834275	0.924670433145	0.0376647834275	0.0
-ʉdʉ	0.400884075497	0.310389753137	0.0653825308501	0.223343640516
-ʉʉñ	0.37338269389	0.51686485678	0.0592700620746	0.050482387256
-ruk	0.0	1.0	0.0	0.0
-u't	0.764705882353	0.156862745098	0.0392156862745	0.0392156862745
-o'k	0.437156346539	0.45442887952	0.00699450154461	0.101420272397
-fat	0.0	1.0	0.0	0.0
-etʉ	0.124998077544	0.342789252703	0.0162255271374	0.515987142615
-eeñ	0.162176037823	0.741150847594	0.0318649919197	0.0648081226637
-xmʉ	0.140783759319	0.216789902462	0.0448734248024	0.597552913416
-woy	0.759745959622	0.13760520473	0.0339753188414	0.068673516807
-mdʉ	0.49108571663	0.221918468672	0.0516238562226	0.235371958475
-ʉ'k	0.435266665204	0.420746560161	0.0706620729004	0.0733247017344
-wop	0.62962962963	0.185185185185	0.185185185185	0.0
-yoñ	0.563912351909	0.251796292233	0.0921456779289	0.0921456779289
-'kn	0.153487152596	0.696276874672	0.0920293654955	0.0582066072365
-wow	0.882352941176	0.078431372549	0.0	0.0392156862745
-yák	0.52	0.208	0.048	0.224
-rjʉ	0.0	0.986666666667	0.0	0.0133333333333
-ʉ'p	0.17818538123	0.261129457875	0.0406451378772	0.520040023018
-'kp	0.402811485485	0.390266965046	0.140259085322	0.0666624641473
-xtʉ	0.479279695923	0.13966468259	0.0421500294069	0.33890559208
-ʉ't	0.0	1.0	0.0	0.0
-ʉmʉ	0.199645124853	0.106433983086	0.0268814844884	0.667039407572
-ʉ'x	0.540976523117	0.285899467089	0.126314273369	0.0468097364251
-'ky	0.626757525573	0.132958072778	0.0853235114011	0.154960890248
-a̱w	0.688524590164	0.147540983607	0.0491803278689	0.114754098361
-soy	0.430239704978	0.39028887523	0.0184388444991	0.161032575292
-̱jy	0.397653270411	0.543474070916	0.0404749528376	0.0183977058353
-kom	0.285680842762	0.084510339446	0.0206008583691	0.609207959423
-lor	0.160714285714	0.366071428571	0.473214285714	0.0
-koo	0.0	1.0	0.0	0.0
-tuk	0.0576259052111	0.0885654970441	0.0679761131068	0.785832484638
-̱jp	0.150670753153	0.804029543285	0.01055117319	0.0347485303723
-wok	0.0950495049505	0.821782178218	0.0831683168317	0.0
-tun	0.310547667343	0.360040567951	0.120486815416	0.20892494929
-dyʉ	0.42139121039	0.284514631013	0.0664718708146	0.227622287783
-o'o	0.121139382942	0.811217531162	0.0267699766185	0.0408731092776
-kow	0.0	0.8125	0.1875	0.0
-tut	0.482142857143	0.15625	0.0267857142857	0.334821428571
-tuu	0.130890052356	0.759162303665	0.0619546247819	0.0479930191972
-kos	0.0	1.0	0.0	0.0
-̱jk	0.149960453324	0.569123616769	0.0683976914853	0.212518238421
-yuk	0.128651065744	0.724688175665	0.0259049761645	0.120755782426
-nʉm	0.246427372823	0.135222783856	0.056844050199	0.561505793122
-koy	0.0497237569061	0.629834254144	0.32044198895	0.0
-yík	0.117318435754	0.54748603352	0.335195530726	0.0
-kák	0.34375	0.28125	0.28125	0.09375
-ʉnʉ	0.27251633124	0.33079751541	0.0940213092443	0.302664844106
-jʉm	0.391103053064	0.225078511995	0.0571437821737	0.326674652767
-liz	0.0753904146473	0.924609585353	0.0	0.0
-jee	0.0926829268293	0.907317073171	0.0	0.0
-émy	0.646534653465	0.218069306931	0.0861386138614	0.0492574257426
-'kʉ	0.441505998786	0.182577844172	0.337635964707	0.0382801923347
-omp	0.207216751839	0.163810295401	0.103296771781	0.52567618098
-mij	0.0117707880755	0.0256043648609	0.00331335436518	0.959311492698
-rut	0.0	1.0	0.0	0.0
-lis	0.0740740740741	0.925925925926	0.0	0.0
-jes	0.0238095238095	0.928571428571	0.047619047619	0.0
-káy	0.0697767145136	0.797149122807	0.111642743222	0.0214314194577
-tsy	0.395201116881	0.265886112517	0.0724880333052	0.266424737297
-lii	0.00196850393701	0.986220472441	0.00590551181102	0.00590551181102
-jʉy	0.5	0.153846153846	0.346153846154	0.0
-sow	0.313812154696	0.47182320442	0.110497237569	0.103867403315
-jʉt	0.545887430232	0.297426253421	0.0793895338324	0.0772967825154
-apy	0.490031804638	0.373393197486	0.0635688060522	0.0730061918246
-̱yʉ	0.507169693061	0.158268924528	0.0300270753847	0.304534307027
-jʉp	0.618626971994	0.182325731667	0.0439906384454	0.155056657893
-̱xk	0.178571428571	0.821428571429	0.0	0.0
-snʉ	0.44631710362	0.460049937578	0.0461922596754	0.0474406991261
-nii	0.0	1.0	0.0	0.0
-u'p	0.474452554745	0.408759124088	0.0	0.116788321168
-lʉz	0.0593886462883	0.90480349345	0.00698689956334	0.0288209606987
-ípʉ	0.720250521921	0.175365344468	0.0208768267223	0.0835073068894
-wdʉ	0.57056059418	0.270235578638	0.0555617068228	0.10364212036
-lʉs	0.0280963240188	0.911237438488	0.00840161922116	0.0522646182719
-lʉn	0.175784099198	0.205689277899	0.0466812545587	0.571845368344
-̱xy	0.0183570445158	0.49288664525	0.479577787976	0.00917852225792
-gʉp	0.51798569918	0.297698938791	0.101992113726	0.0823232483034
-ode	0.0	1.0	0.0	0.0
-'a̱	0.184810336634	0.384089895474	0.0284836753367	0.402616092556
-iñʉ	0.314303380049	0.55152514427	0.118713932399	0.0154575432811
-mnʉ	0.49368393916	0.171178138696	0.25779840165	0.077339520495
-útʉ	0.348591549296	0.540492957747	0.0387323943662	0.0721830985915
-ʉʉt	0.172032585885	0.100882220445	0.127082307977	0.600002885693
-kyu	0.0	0.522727272727	0.0340909090909	0.443181818182
-dáx	0.226190476191	0.773809523809	0.0	0.0
-rtʉ	0.0174480351995	0.835002275831	0.0773782430587	0.0701714459112
-egʉ	0.0574988611039	0.752865708763	0.171659340795	0.0179760893387
-onʉ	0.316479309618	0.512952779535	0.0467987087774	0.12376920207
-'oñ	0.600173739584	0.0826764475617	0.0051478395161	0.312001973339
-̱jx	0.492595930981	0.260748208632	0.0971353259305	0.149520534456
-'ax	0.0464178417734	0.919695780442	0.00492597504533	0.0289604027391
-ktʉ	0.553999728584	0.269581296838	0.0737741393726	0.102644835206
-owʉ	0.345911949686	0.499475890985	0.0759958071279	0.0786163522013
-doy	0.664335533701	0.180053698707	0.0456489952296	0.109961772363
-wat	0.0181818181818	0.730909090909	0.250909090909	0.0
-iiʉ	0.0206391692734	0.795681438108	0.0144658463211	0.169213546298
-sdʉ	0.0681818181818	0.931818181818	0.0	0.0
-way	0.165745856354	0.792817679558	0.0	0.0414364640884
-ójʉ	0.303977272727	0.336174242424	0.232007575758	0.127840909091
-̱jt	0.269101640598	0.499491454424	0.136657417524	0.0947494874541
-agʉ	0.182954545454	0.694318181818	0.075	0.0477272727272
-ipy	0.611655778134	0.269373741795	0.0549423420993	0.0640281379718
-júy	0.610953729934	0.349386213409	0.028328611898	0.0113314447592
-aín	0.00903614457831	0.963855421687	0.00903614457831	0.0180722891566
-eʉs	0.0222345747638	0.855475264036	0.111172873819	0.0111172873819
-duk	0.33908045977	0.577586206897	0.066091954023	0.0172413793103
-pat	0.0838709677419	0.561290322581	0.258064516129	0.0967741935484
-'pʉ	0.216713439351	0.593077642657	0.0	0.190208917992
-dun	0.309392265193	0.408839779006	0.265193370166	0.0165745856354
-bat	0.463183730715	0.312412342216	0.0973001402525	0.127103786816
-ʉsʉ	0.108926068506	0.848503569732	0.0205418888499	0.0220284729113
-emʉ	0.0198412698413	0.972222222222	0.0	0.0079365079365
-kem	0.0	1.0	0.0	0.0
-vit	0.0242689812084	0.895255751243	0.00101120755035	0.0794640599983
-ówʉ	0.503731343283	0.298507462687	0.138059701493	0.0597014925373
-jít	0.818181818182	0.0606060606061	0.0606060606061	0.0606060606061
-ael	0.00285850404955	0.975702715579	0.0	0.0214387803716
-zʉn	0.265930331351	0.690739167375	0.0229396771453	0.0203908241291
-ink	0.186048588782	0.185155412647	0.180868167203	0.447927831368
