jer-	0.012821309472	0.959754758798	0.0110607096253	0.0163632221048
lob-	0.0245398773006	0.901840490798	0.0736196319019	0.0
tut-	0.382678322826	0.522583497317	0.00708829686847	0.0876498829888
vas-	0.168935208831	0.175662384722	0.0818041493202	0.573598257126
maa-	0.197446471215	0.133231481188	0.0903431873418	0.578978860255
ica-	0.367059445287	0.0840740078063	0.0365307146509	0.512335832256
jac-	0.00241327300151	0.990346907994	0.00663650075414	0.000603318250376
niy-	0.166279069767	0.641860465116	0.143023255814	0.0488372093023
yóó-	0.0582693663428	0.207556309987	0.0114608892232	0.722713434447
pro-	0.0958947495425	0.893824528947	0.00832009491443	0.00196062659615
júp-	0.0	1.0	0.0	0.0
coo-	0.491148380451	0.299253148949	0.0699252108245	0.139673259775
abí-	0.0	1.0	0.0	0.0
mah-	0.102265295202	0.375686227877	0.0255167766613	0.49653170026
tum-	0.208288653243	0.636204773819	0.0522260614004	0.103280511537
nyu-	0.153904485468	0.0921826293096	0.0444416963769	0.709471188845
lis-	0.0388768898488	0.95464362851	0.00647948164147	0.0
san-	0.550777242403	0.263959279472	0.10341275671	0.0818507214151
xai-	0.0563258232236	0.0655468159801	0.103208461094	0.774918899702
pre-	0.581717451524	0.379501385042	0.0	0.0387811634349
nun-	0.201111672562	0.695805962607	0.0970186963113	0.00606366851945
euf-	0.116991643454	0.883008356546	0.0	0.0
caq-	0.402222796535	0.359477924666	0.0602756999317	0.178023578868
pró-	0.0	1.0	0.0	0.0
abi-	0.0	0.994795304508	0.00520469549151	0.0
ayu-	0.154356846473	0.160165975104	0.0746887966805	0.610788381743
mil-	0.0595480209214	0.55517618475	0.0716021158994	0.313673678429
tib-	0.00998336106488	0.98003327787	0.0	0.00998336106488
gan-	0.530243438629	0.340595707431	0.0556990806324	0.0734617733077
yut-	0.0553664688288	0.891733003291	0.0209089289565	0.0319915989236
ari-	0.0162932790224	0.983706720978	0.0	0.0
ini-	0.208695652174	0.64347826087	0.0608695652174	0.0869565217391
mig-	0.302904564315	0.697095435685	0.0	0.0
mas-	0.0642115203022	0.426817752597	0.469310670444	0.0396600566572
tus-	0.161965811966	0.711538461539	0.0782051282051	0.0482905982906
ɨɨn-	0.221708348376	0.164111405585	0.125017070543	0.489163175496
paf-	0.0178571428571	0.982142857143	0.0	0.0
mar-	0.0159588855829	0.968893697593	0.00757370841222	0.00757370841223
cah-	0.427938098731	0.266715588848	0.115773221671	0.189573090749
abr-	0.00945528683499	0.959297944953	0.0293261630741	0.00192060513836
zaq-	0.0609375	0.85	0.0	0.0890625
nor-	0.0314465408805	0.716981132076	0.0880503144654	0.163522012579
cul-	0.15	0.571875	0.090625	0.1875
zac-	0.0787944951326	0.845380651511	0.0409810565137	0.0348437968425
val-	0.208058124174	0.465653896962	0.26287978864	0.0634081902245
ate-	0.0191082802548	0.974522292994	0.0	0.00636942675159
ñán-	0.169014084507	0.647887323944	0.056338028169	0.12676056338
nuq-	0.055223880597	0.894029850746	0.0238805970149	0.0268656716418
sin-	0.130373831776	0.840654205607	0.0205607476636	0.00841121495327
urí-	0.0	1.0	0.0	0.0
dor-	0.0358208955224	0.865671641791	0.0	0.0985074626865
cúv-	0.585043998925	0.31282472369	0.0611116359171	0.0410196414687
pat-	0.0251046025105	0.97489539749	0.0	0.0
sɨn-	0.0873726851212	0.875697019602	0.023832682137	0.0130976131396
ñih-	0.443287579834	0.183014096724	0.223703994751	0.149994328691
jor-	0.0	1.0	0.0	0.0
naí-	0.0357142857143	0.892857142857	0.0	0.0714285714286
nye-	0.683262525548	0.145359790681	0.0380957028644	0.133281980906
gen-	0.0790960451977	0.898305084746	0.0	0.0225988700565
jam-	0.108910891089	0.825082508251	0.0594059405941	0.00660066006599
tañ-	0.325275997299	0.255520777549	0.208623689034	0.210579536118
por-	0.0575539568345	0.942446043165	0.0	0.0
ɨng-	0.236486486486	0.618243243243	0.043918918919	0.101351351351
alf-	0.0	1.0	0.0	0.0
pas-	0.00884231210086	0.962665793352	0.0094972981824	0.0189945963648
cos-	0.303525557012	0.589003931848	0.0665792922673	0.0408912188729
cen-	0.129092032119	0.854436895203	0.0123533045089	0.00411776816965
hor-	0.0350815274935	0.84174490012	0.0741159031552	0.0490576692313
qui-	0.523294881806	0.19494227347	0.0891359268483	0.192626917875
dru-	0.0144927536232	0.927536231884	0.0579710144928	0.0
ped-	0.0166849715952	0.970595149954	0.00347384266651	0.00924603578409
sau-	0.0576566806742	0.915232027473	0.00248520175319	0.0246260900999
say-	0.460533570287	0.391544078722	0.0819475935066	0.0659747574841
epa-	0.144863915716	0.789288849868	0.0526777875329	0.0131694468832
yac-	0.158325750682	0.711555959964	0.130118289354	0.0
ta̱-	0.713726359338	0.136118498818	0.0797872340426	0.0703679078014
asi-	0.00349192492362	0.99039720646	0.00261894369271	0.00349192492361
dia-	0.00358422939068	0.996415770609	0.0	0.0
ñáy-	0.0579551515334	0.666908622439	0.0386634582046	0.236472767823
uva-	0.0440230274298	0.369285472401	0.558753809685	0.0279376904842
tér-	0.313485113835	0.665499124343	0.0210157618214	0.0
urb-	0.0	1.0	0.0	0.0
ñum-	0.165415170312	0.721406028948	0.0471578336417	0.0660209670983
tɨh-	0.381355932203	0.179595827901	0.383311603651	0.0557366362451
tol-	0.121212121212	0.878787878788	0.0	0.0
mel-	0.0285253162182	0.958713358105	0.00938332770332	0.0033779979732
pal-	0.450980392157	0.549019607843	0.0	0.0
cue-	0.0832833402321	0.124658059287	0.044105633049	0.747952967431
tyi-	0.220760378067	0.18612250119	0.0441671549942	0.548949965749
mir-	0.028093645485	0.959866220736	0.00401337792642	0.00802675585283
yuc-	0.10602194347	0.192896254258	0.01155451599	0.689527286282
joe-	0.253696723688	0.648883734416	0.0243548854741	0.0730646564222
mus-	0.0589169095724	0.858567882552	0.0604410758325	0.0220741320432
eut-	0.0882352941176	0.867647058824	0.0220588235294	0.0220588235294
pud-	0.0	1.0	0.0	0.0
dio-	0.0327868852459	0.967213114754	0.0	0.0
yah-	0.281681087285	0.122108868413	0.0509127354146	0.545297308887
bab-	0.0348756103232	0.927458730528	0.0237154150198	0.0139502441293
ita-	0.139395518499	0.773877763716	0.0576937392987	0.0290329784858
eno-	0.135593220339	0.78813559322	0.0593220338983	0.0169491525424
tuh-	0.172020895253	0.331869275812	0.0394984219656	0.456611406969
láz-	0.0395421436004	0.919875130073	0.0156087408949	0.0249739854318
fla-	0.10703043022	0.85519412382	0.0377754459602	0.0
moi-	0.0496702368492	0.931794355492	0.0046265774218	0.0139088302366
yɨt-	0.169267707083	0.80912364946	0.00720288115246	0.0144057623049
jud-	0.036219541868	0.951475546595	0.00625673467969	0.00604817685703
ihy-	0.0636385507278	0.0270029189743	0.00876616229235	0.900592368006
non-	0.088335732227	0.195735613693	0.167569779584	0.548358874496
tɨq-	0.196428571429	0.303571428571	0.5	0.0
uzí-	0.0	1.0	0.0	0.0
cis-	0.0	0.947826086956	0.0521739130435	0.0
nɨn-	0.161650229104	0.0764815098711	0.0942817721907	0.667586488834
mal-	0.263636363636	0.583636363636	0.0436363636363	0.109090909091
adá-	0.0597227793377	0.83790168026	0.0240673886884	0.0783081517137
iyó-	0.516092745347	0.129157002273	0.0497697930335	0.304980459347
sab-	0.270329670329	0.716483516484	0.0	0.0131868131868
nyi-	0.345518347498	0.40957780243	0.0723116426443	0.172592207427
nin-	0.231566803015	0.6571822418	0.0469726255225	0.0642783296624
cie-	0.0392940392941	0.0861360861361	0.047286047286	0.827283827284
coh-	0.560989202234	0.326787719154	0.032573006864	0.079650071748
xic-	0.285858092404	0.146876680829	0.0260543885361	0.541210838231
ñáá-	0.102502277602	0.10843076554	0.0147428006909	0.774324156167
chá-	0.843181818182	0.102272727273	0.0409090909091	0.0136363636364
eun-	0.0189753320683	0.834914611006	0.146110056926	0.0
yav-	0.102126879355	0.774294096076	0.063072973964	0.0605060506051
sós-	0.0	1.0	0.0	0.0
lim-	0.377586206896	0.575862068966	0.0103448275862	0.0362068965517
esr-	0.0	1.0	0.0	0.0
mús-	0.093023255814	0.732558139535	0.174418604651	0.0
and-	0.00578730880472	0.905892005227	0.0700554421421	0.0182652438266
ALL	0.235250296295	0.291125521151	0.0537375872624	0.419886595292
ana-	0.0291700903862	0.914133114215	0.0147904683648	0.0419063270337
yaq-	0.0	1.0	0.0	0.0
uví-	0.428571428571	0.285714285714	0.193548387097	0.0921658986175
mae-	0.000780437044747	0.982049947971	0.00156087408949	0.0156087408949
cil-	0.0	1.0	0.0	0.0
per-	0.0708511650024	0.880646695197	0.0399429386591	0.00855920114122
arm-	0.0	1.0	0.0	0.0
cal-	0.0998668442078	0.739014647137	0.106524633822	0.0545938748336
noo-	0.0141877182133	0.0727088287426	0.00801179358887	0.905091659455
zor-	0.0	1.0	0.0	0.0
yuh-	0.0969720625595	0.124825723808	0.0499834051882	0.728218808445
lid-	0.0462046204621	0.953795379538	0.0	0.0
ñan-	0.117595818815	0.37727861817	0.09680143622	0.408324126795
div-	0.0836849507735	0.837552742616	0.0393811533052	0.0393811533052
ata-	0.0	1.0	0.0	0.0
far-	0.00724306688418	0.984339314845	0.0	0.00841761827081
ɨnu-	0.400636942675	0.241401273885	0.134394904459	0.223566878981
rud-	0.0454545454545	0.954545454545	0.0	0.0
uhv-	0.177943308999	0.592469913117	0.18555643692	0.044030340964
loh-	0.146052631579	0.853947368421	0.0	0.0
tɨc-	0.429249613652	0.411230545913	0.127281921283	0.032237919152
tac-	0.405406565026	0.150181959076	0.0185507317931	0.425860744105
mes-	0.212159780693	0.736146465635	0.00469943215194	0.0469943215195
arc-	0.179487179487	0.794871794872	0.0	0.025641025641
num-	0.185129522352	0.203669799978	0.0456334025576	0.565567275112
suc-	0.103874634842	0.383885504654	0.379084671301	0.133155189203
cuh-	0.284525785365	0.163847476024	0.0582607564428	0.493365982168
saú-	0.63679245283	0.349056603774	0.0	0.0141509433962
ami-	0.0988033469099	0.84312801938	0.0229674446764	0.0351011890338
sañ-	0.588338909386	0.275101973936	0.060201221404	0.0763578952741
nou-	0.240932642487	0.603626943005	0.0	0.155440414508
cás-	0.0392156862745	0.862745098039	0.078431372549	0.0196078431373
sec-	0.209677419355	0.774193548387	0.0161290322581	0.0
eub-	0.103896103896	0.896103896104	0.0	0.0
cau-	0.398734177215	0.449367088608	0.0	0.151898734177
adi-	0.0	1.0	0.0	0.0
jai-	0.100189035917	0.87145557656	0.00567107750474	0.0226843100189
tal-	0.0491803278688	0.803278688525	0.0819672131147	0.0655737704918
loq-	0.25	0.227272727273	0.318181818182	0.204545454545
paa-	0.0	0.898305084746	0.101694915254	0.0
rod-	0.0535714285714	0.946428571429	0.0	0.0
sɨi-	0.241379310345	0.431034482759	0.241379310345	0.0862068965517
zaf-	0.139751552795	0.829192546584	0.0	0.0310559006211
yɨh-	0.157795866047	0.406626181167	0.0552699802277	0.380307972558
pue-	0.324786324786	0.504273504274	0.0	0.17094017094
noc-	0.364310081167	0.591518644865	0.0138219033055	0.0303493706623
loc-	0.143474503025	0.466724286949	0.354364736387	0.0354364736387
pon-	0.0504451038576	0.93471810089	0.0	0.0148367952522
cañ-	0.394916295092	0.312628171282	0.103802984721	0.188652548906
azu-	0.0572519083969	0.81106870229	0.131679389313	0.0
ged-	0.121621621622	0.878378378378	0.0	0.0
chi-	0.169466359411	0.0969415805794	0.0284769451318	0.705115114878
ben-	0.0101781170483	0.969465648855	0.0203562340967	0.0
dió-	0.184210526316	0.763157894737	0.0526315789473	0.0
veh-	0.0768979200754	0.803138505446	0.00909370055145	0.110869873928
seg-	0.0	1.0	0.0	0.0
ñɨɨ-	0.0942103252375	0.732666973662	0.0783951854042	0.0947275156968
iun-	0.230543318649	0.59765051395	0.127753303965	0.0440528634361
pin-	0.0258992805755	0.926618705036	0.0	0.0474820143885
már-	0.0	1.0	0.0	0.0
ñuh-	0.0337231129117	0.459634610214	0.022679749228	0.483962527646
der-	0.0605612998522	0.939438700148	0.0	0.0
lam-	0.0175029171529	0.88525865422	0.0680669000389	0.0291715285881
nar-	0.0227272727273	0.869318181818	0.107954545455	0.0
maí-	0.326530612245	0.204081632653	0.0	0.469387755102
cua-	0.245642423444	0.173268828227	0.118616803847	0.462471944482
tye-	0.247523237769	0.0874254203866	0.0207990594335	0.644252282411
sat-	0.522180410594	0.348805281855	0.0858946138103	0.0431196937405
xi̱-	0.789413665305	0.20317399981	0.0	0.0074123348855
sió-	0.0330578512396	0.936639118457	0.0110192837466	0.0192837465565
esl-	0.0	1.0	0.0	0.0
ani-	0.21568627451	0.718954248366	0.0	0.0653594771242
evo-	0.0634920634921	0.936507936508	0.0	0.0
xaa-	0.315885144821	0.0644899634746	0.16271196181	0.456912929894
cux-	0.290118962935	0.425409523365	0.247438240395	0.0370332733049
fle-	0.0	1.0	0.0	0.0
tɨv-	0.474326771424	0.308739750539	0.18852552258	0.0284079554573
ban-	0.144775493076	0.836340746958	0.0	0.0188837599664
cus-	0.472609947	0.279301381448	0.116389945343	0.131698726208
ter-	0.0	1.0	0.0	0.0
tiy-	0.0938447381082	0.893893318759	0.000980955450608	0.011280987682
cuñ-	0.544827714904	0.176713744328	0.040450963206	0.238007577562
tra-	0.160516605166	0.811808118081	0.0276752767528	0.0
nam-	0.496688741722	0.503311258278	0.0	0.0
arq-	0.243902439024	0.719512195122	0.0121951219512	0.0243902439024
ale-	0.0116354234001	0.839043309632	0.149321266968	0.0
sid-	0.00176056338028	0.987676056338	0.00352112676056	0.00704225352112
oli-	0.0308360477741	0.953528773073	0.0156351791531	0.0
luc-	0.246913580247	0.699918896999	0.0180228890691	0.0351446336848
jec-	0.0	1.0	0.0	0.0
dec-	0.0152284263959	0.771573604061	0.010152284264	0.203045685279
xiu-	0.0790113452188	0.333468395462	0.0050648298217	0.582455429498
sɨv-	0.0812727382526	0.868826699968	0.00811031589203	0.0417902458873
cut-	0.511744816863	0.293123856192	0.0927085249034	0.102422802041
nu̱-	0.34755693124	0.283661286757	0.255582577935	0.113199204068
soo-	0.216429699842	0.764612954186	0.00947867298578	0.00947867298576
col-	0.19074367325	0.727509038214	0.0	0.0817472885357
vit-	0.148037428236	0.182667451003	0.0716297586476	0.597665362113
nañ-	0.676631394741	0.159894836924	0.0789606813415	0.0845130869942
ndɨ-	0.302222983801	0.275462927323	0.205214903355	0.21709918552
pan-	0.0352151679006	0.957189403729	0.00152635402665	0.00606907434406
rom-	0.0335908060088	0.744402953263	0.191996180538	0.0300100601907
nɨc-	0.492762869229	0.279596590339	0.0524963772031	0.175144163228
tor-	0.12662667282	0.822981079834	0.0	0.0503922473466
lin-	0.110095865788	0.650838825644	0.226482923907	0.0125823846615
tup-	0.312138728324	0.653179190751	0.0346820809249	0.0
xah-	0.344698835198	0.399800712396	0.175373091592	0.0801273608136
ina-	0.050266565118	0.945163747144	0.004569687738	0.0
cre-	0.00653594771242	0.968954248366	0.0	0.0245098039216
mai-	0.114827615462	0.0538093764917	0.0158882917687	0.815474716277
pen-	0.080229226361	0.756446991404	0.163323782235	0.0
rab-	0.078125	0.703125	0.0	0.21875
ape-	0.0384615384615	0.961538461538	0.0	0.0
éfe-	0.0398538691465	0.94818997011	0.00797077382929	0.00398538691465
fre-	0.276635514019	0.471028037383	0.0504672897196	0.201869158878
itá-	0.35124508519	0.478374836173	0.0976408912189	0.0727391874181
ber-	0.0408551346171	0.91257879797	0.0228437311837	0.0237223362293
ca̱-	0.564480392429	0.281376901543	0.0616053907437	0.092537315284
yor-	0.0744388254894	0.177579593499	0.0528639850707	0.695117595941
ndu-	0.390654120885	0.436048998957	0.0863131681551	0.0869837120031
nui-	0.0666501606837	0.0728456796974	0.0458602023053	0.814643957314
car-	0.224913784538	0.675649002312	0.0318849284543	0.0675522846958
ino-	0.0825242718447	0.839805825243	0.0679611650486	0.00970873786406
mañ-	0.0148335893459	0.928805546848	0.02192984089	0.0344310229161
yuu-	0.0737894991867	0.90087564462	0.0137057418752	0.0116291143183
ñɨt-	0.0506493506493	0.837662337662	0.0428571428571	0.0688311688312
iñu-	0.11954497112	0.188704190097	0.0924277412493	0.599323097534
sah-	0.252333101791	0.438027780506	0.0823036475885	0.227335470115
ɨɨ̱-	0.448404940155	0.106218110724	0.0147823184398	0.43059463068
tah-	0.262214942222	0.212131688761	0.0976320849996	0.428021284017
cai-	0.116357504216	0.72807757167	0.0252951096122	0.130269814502
sod-	0.00902259366518	0.975187867421	0.0157895389141	0.0
ñuu-	0.0670571831069	0.528162410175	0.00908620814273	0.395694198576
zap-	0.0	0.935668334525	0.0	0.0643316654754
suv-	0.318007662835	0.277777777778	0.231800766284	0.172413793103
cum-	0.206834254141	0.245586764247	0.071693163408	0.475885818204
tya-	0.318144555496	0.467987019709	0.145340012336	0.0685284124599
zab-	0.0	0.960694398952	0.0	0.0393056010481
óni-	0.0	0.833333333333	0.166666666667	0.0
xau-	0.260509062862	0.416505977632	0.0713459313537	0.251639028153
luh-	0.116512064396	0.452056464723	0.324009576638	0.107421894243
met-	0.032967032967	0.802197802198	0.010989010989	0.153846153846
sa̱-	0.495132664922	0.319621192074	0.0888981839845	0.09634795902
noi-	0.200379867047	0.385565052232	0.174738841406	0.239316239316
yañ-	0.0137377028955	0.865648594847	0.0413208169772	0.0792928852799
mna-	0.140845070423	0.774647887324	0.056338028169	0.0281690140845
nef-	0.0	1.0	0.0	0.0
ces-	0.0209497206704	0.948673184358	0.00907821229051	0.0212988826816
gól-	0.0	1.0	0.0	0.0
tɨɨ-	0.736324975418	0.153030973451	0.0336406096362	0.0770034414946
ñye-	0.383177570093	0.327102803738	0.140186915888	0.14953271028
na̱-	0.419772303169	0.399462516272	0.0904372549647	0.0903279255945
mat-	0.0	1.0	0.0	0.0
hig-	0.0201831249385	0.922221128286	0.0575957467756	0.0
nya-	0.312165485968	0.188292788056	0.0363832761801	0.463158449796
tró-	0.0106951871658	0.946524064171	0.0213903743316	0.0213903743316
par-	0.0	0.986842105263	0.0131578947368	0.0
too-	0.0	0.325153374233	0.674846625767	0.0
ala-	0.0830449826989	0.878892733564	0.038062283737	0.0
jul-	0.0261437908497	0.960784313725	0.0	0.0130718954248
cop-	0.27533460803	0.713193116635	0.0	0.0114722753346
nah-	0.171740945707	0.358921929526	0.218920273875	0.250416850893
coí-	0.15763546798	0.458128078818	0.28078817734	0.103448275862
ity-	0.0701825098692	0.250417836079	0.0124795259076	0.666920128144
rag-	0.0	1.0	0.0	0.0
feb-	0.0535714285714	0.946428571429	0.0	0.0
pec-	0.255025125628	0.678391959799	0.036432160804	0.0301507537688
amé-	0.0327868852459	0.196721311475	0.0655737704918	0.704918032787
saq-	0.528452406371	0.329422189967	0.0743423316182	0.0677830720435
tre-	0.0	0.96	0.0	0.04
her-	0.0508980690071	0.890022668456	0.0413554837757	0.017723778761
gay-	0.0373366521469	0.930304915992	0.0	0.0323584318606
via-	0.0	0.878378378378	0.0	0.121621621622
nɨq-	0.301611114735	0.698388885265	0.0	0.0
gob-	0.0582631506282	0.89879884026	0.0120115974044	0.0309264117079
iñí-	0.538277511962	0.44019138756	0.00717703349282	0.0143540669856
dan-	0.126204200577	0.784710481369	0.0890853180543	0.0
lug-	0.851851851852	0.0925925925926	0.0	0.0555555555555
tɨi-	0.83752417795	0.150870406189	0.0116054158607	0.0
apó-	0.029070567197	0.92305928745	0.0379659773488	0.00990416800404
ndo-	0.0905075749316	0.0496222843269	0.0105689104605	0.849301230281
naq-	0.617849383382	0.261871867373	0.0484075112726	0.0718712379724
ser-	0.0338028169014	0.915492957747	0.0507042253521	0.0
ndi-	0.0661063817795	0.225322238233	0.084037738715	0.624533641273
cri-	0.0240673509699	0.904422373731	0.00805198599246	0.0634582893061
mis-	0.0	1.0	0.0	0.0
elm-	0.0	1.0	0.0	0.0
cu̱-	0.510200737415	0.349214559606	0.0885680825983	0.0520166203811
sac-	0.537489862657	0.331708523321	0.0579619995391	0.0728396144833
ñav-	0.382165605096	0.31847133758	0.0191082802548	0.28025477707
yai-	0.98833218943	0.0116678105697	0.0	0.0
yon-	0.0539568345324	0.908273381295	0.0377697841726	0.0
agr-	0.0294725956566	0.953981385729	0.0108583247156	0.00568769389865
vav-	0.460628046595	0.103774464805	0.161755297128	0.273842191471
gre-	0.0272491349481	0.597102076125	0.34320934256	0.0324394463668
sos-	0.0	1.0	0.0	0.0
luu-	0.560902255639	0.108270676692	0.330827067669	0.0
cad-	0.121334010232	0.832975358301	0.0398328582028	0.00585777326513
fél-	0.0779005524862	0.895580110497	0.00994475138122	0.0165745856354
tat-	0.0664821783261	0.38288217517	0.0630416975268	0.487593948977
bit-	0.0192307692308	0.980769230769	0.0	0.0
leg-	0.0	0.916279069767	0.0	0.0837209302325
tyo-	0.0631578947368	0.2	0.578947368421	0.157894736842
cef-	0.362962962963	0.503703703704	0.0	0.133333333333
esa-	0.125925925926	0.77037037037	0.0518518518518	0.0518518518518
tuñ-	0.237184312193	0.606353959783	0.0925273102167	0.0639344178081
sɨc-	0.364993274613	0.375319998264	0.0557556298	0.203931097323
glo-	0.0327388319591	0.896813599045	0.0244795276515	0.0459680413444
aug-	0.28397089885	0.681999530627	0.0105609011969	0.0234686693265
mos-	0.0109223300971	0.952669902913	0.0364077669903	0.0
xih-	0.0950723575746	0.187992306283	0.372710203334	0.344225132808
sur-	0.141570673824	0.114163205307	0.171558569891	0.572707550977
tuv-	0.6268150518	0.18428225214	0.060621871932	0.128280824128
sɨq-	0.103217428195	0.136457824054	0.0135488511676	0.746775896583
fri-	0.0131578947368	0.947368421053	0.0394736842105	0.0
reg-	0.250652741514	0.738903394256	0.0104438642298	0.0
coi-	0.457352373601	0.2713238132	0.175221922038	0.0961018911617
mac-	0.0269984118581	0.938062466914	0.0349391212281	0.0
ico-	0.134134298881	0.823897300856	0.00493745885451	0.0370309414089
cuɨ-	0.676608608767	0.210576007549	0.0553202007168	0.0574951829672
bet-	0.0305483028721	0.932114882507	0.00626631853786	0.0310704960836
vis-	0.0630026809651	0.889186773905	0.0196604110813	0.0281501340483
vix-	0.0496754537025	0.598953503775	0.339448933633	0.0119221088886
iyé-	0.592176541028	0.264127273764	0.045047613617	0.0986485715914
sal-	0.0277269957343	0.942413162706	0.00853138330286	0.0213284582572
neá-	0.0	1.0	0.0	0.0
cim-	0.06852248394	0.93147751606	0.0	0.0
gab-	0.0	1.0	0.0	0.0
cam-	0.143914546471	0.624813184201	0.164714004294	0.0665582650344
mbe-	0.0363743002963	0.955702584788	0.00246954231149	0.00545357260454
ñoo-	0.0	1.0	0.0	0.0
yan-	0.27495042961	0.522802379379	0.174487772637	0.0277594183741
bat-	0.0295566502463	0.940886699507	0.0295566502463	0.0
xiñ-	0.154733008144	0.585861679952	0.0569622505194	0.202443061385
coñ-	0.035564140915	0.884672024015	0.0604761240945	0.0192877109757
xeh-	0.259999731331	0.399660720781	0.210189045066	0.130150502822
lic-	0.0619047619047	0.738095238095	0.180952380952	0.0190476190476
est-	0.0972369017062	0.781216971161	0.0567718556545	0.0647742714781
yɨɨ-	0.0569920695934	0.716726471066	0.161633158421	0.0646483009196
dám-	0.0	1.0	0.0	0.0
ren-	0.0	1.0	0.0	0.0
pañ-	0.0899357601713	0.88608137045	0.023982869379	0.0
tab-	0.019247219846	0.948674080411	0.00641573994867	0.0256629597947
vac-	0.637553468822	0.213405625857	0.0256709798431	0.123369925478
naz-	0.00066800267201	0.995323981296	0.00400801603206	0.0
gal-	0.00647256489479	0.977109221714	0.0160235448005	0.000394668591146
nac-	0.668744425261	0.18209035474	0.0573154167676	0.0918498032318
cui-	0.195475822268	0.581457876868	0.146204190432	0.0768621104313
sel-	0.266350991417	0.718555785736	0.0133175495709	0.00177567327612
cav-	0.588755568562	0.235407927682	0.130881540012	0.0449549637434
vaa-	0.186400937866	0.753810082063	0.0351699882767	0.0246189917937
yuv-	0.085651787013	0.843465923042	0.0257689599899	0.0451133299549
ray-	0.0194160144679	0.898349751208	0.0615581230918	0.0206761112321
not-	0.421436004162	0.115504682622	0.0718002081165	0.391259105099
yoó-	0.208114103022	0.223251931394	0.0571082645	0.511525701084
uñi-	0.0198186199898	0.0289827498731	0.196093353628	0.755105276509
tay-	0.685347235152	0.107987339415	0.0145224353007	0.192142990132
xiy-	0.0468140442133	0.602080624187	0.351105331599	0.0
cax-	0.523837209302	0.318895348837	0.102034883721	0.0552325581395
one-	0.112745098039	0.867647058823	0.0196078431373	0.0
aan-	0.0	0.268292682927	0.0365853658537	0.69512195122
gog-	0.117647058824	0.843137254902	0.0392156862745	0.0
saf-	0.0	1.0	0.0	0.0
nɨr-	0.229622666846	0.197361353565	0.0439774405801	0.529038539009
sɨh-	0.0336200959987	0.894016013485	0.0147955145797	0.0575683759366
cot-	0.470445304864	0.116991616143	0.0742780273312	0.338285051662
sil-	0.0347003154574	0.943217665615	0.00745626613134	0.0146257527961
jas-	0.052667116813	0.931127616475	0.0162052667117	0.0
ihñ-	0.1002478551	0.69086749285	0.173651096282	0.0352335557674
leu-	0.376811594203	0.492753623188	0.0434782608695	0.0869565217391
co̱-	0.486712976969	0.260863281132	0.13704590536	0.115377836539
him-	0.0	0.891891891892	0.0	0.108108108108
rei-	0.00990099009901	0.990099009901	0.0	0.0
egi-	0.00585556278464	0.930166991976	0.0639774452397	0.0
run-	0.202380952381	0.384353741497	0.209183673469	0.204081632653
anz-	0.303370786517	0.595505617978	0.0337078651685	0.0674157303371
sín-	0.0879120879121	0.912087912088	0.0	0.0
esm-	0.0192307692308	0.836538461538	0.144230769231	0.0
pri-	0.0252918287938	0.963035019455	0.0	0.011673151751
tro-	0.1863743148	0.810493343774	0.00156617071261	0.00156617071261
ela-	0.04	0.96	0.0	0.0
iyo-	0.692685538942	0.129043866511	0.136073023938	0.0421975706094
fin-	0.0877931449188	0.325917017438	0.580877931449	0.00541190619362
nag-	0.0	1.0	0.0	0.0
arp-	0.0844370860927	0.912251655629	0.0	0.00331125827814
itu-	0.166891261532	0.783352337514	0.0497564009536	0.0
fen-	0.0556730091613	0.822762508809	0.0739957716702	0.0475687103594
tam-	0.0481712756468	0.854296758846	0.083258994945	0.014272970562
que-	0.546924088742	0.135764584973	0.0486323147573	0.268679011528
tir-	0.00615384615385	0.990769230769	0.0	0.00307692307692
man-	0.039477188642	0.904726312451	0.0488025087937	0.00699399011374
men-	0.0595533498759	0.895781637717	0.0446650124069	0.0
rob-	0.0	1.0	0.0	0.0
fue-	0.0878061500206	0.439208365298	0.365838173662	0.107147311019
ceb-	0.0	1.0	0.0	0.0
tɨn-	0.37406849995	0.554422052351	0.0324299281909	0.0390795195076
caa-	0.114035512492	0.141641803067	0.0215880306819	0.722734653759
nɨɨ-	0.194721848292	0.428701123877	0.214413173465	0.162163854366
cuu-	0.030303030303	0.949494949495	0.020202020202	0.0
doc-	0.0364238410596	0.764900662252	0.192052980132	0.00662251655629
com-	0.0325485655474	0.847034606973	0.112697800077	0.00771902740255
mag-	0.0	0.993061979648	0.0	0.00693802035155
aza-	0.0	0.857142857143	0.0	0.142857142857
job-	0.147783251232	0.674876847291	0.147783251232	0.0295566502463
ñañ-	0.0328212721328	0.925411808255	0.0341168486643	0.00765007094824
elí-	0.00367271985309	0.99449092022	0.000612119975515	0.00122423995103
aqu-	0.00613496932515	0.993865030675	0.0	0.0
tuc-	0.117783177509	0.0788097331315	0.0764830121464	0.726924077213
bot-	0.35593220339	0.576271186441	0.0677966101695	0.0
adr-	0.186528497409	0.662472242783	0.142116950407	0.00888230940046
leb-	0.0363636363636	0.818181818182	0.0363636363636	0.109090909091
nɨñ-	0.091363723419	0.749780476598	0.10082516773	0.0580306322526
tic-	0.0843662118529	0.811894594313	0.0943651702948	0.00937402353921
ofr-	0.313572542902	0.575975039002	0.0861154446177	0.0243369734789
ram-	0.0365853658537	0.926829268293	0.0	0.0365853658537
ñeh-	0.36973908483	0.0236003671168	0.00528198692614	0.601378561127
vee-	0.34670781893	0.554526748971	0.0648148148148	0.0339506172839
bec-	0.166839378238	0.814507772021	0.0124352331606	0.00621761658031
las-	0.0384615384615	0.961538461538	0.0	0.0
xɨt-	0.489655172414	0.462068965517	0.0	0.048275862069
eti-	0.0	0.706030150754	0.293969849246	0.0
vin-	0.0855203842435	0.89661164205	0.0093438027638	0.00852417094242
esp-	0.197647058823	0.788235294118	0.0141176470588	0.0
ñaá-	0.159292035398	0.654867256637	0.0796460176991	0.106194690265
tíq-	0.0381062355658	0.916859122402	0.0207852193995	0.0242494226328
cla-	0.0792873051225	0.877505567929	0.00534521158129	0.0378619153675
yos-	0.212324189553	0.165145497807	0.0332884274131	0.589241885227
nuh-	0.725305146596	0.169190330383	0.0833578009871	0.0221467220335
cle-	0.0621761658031	0.865284974093	0.0310880829015	0.0414507772021
reb-	0.101915431876	0.84387423202	0.0542103361041	0.0
yax-	0.328767123288	0.671232876712	0.0	0.0
bar-	0.184794638193	0.78890984267	0.0123951942061	0.0139003249312
zeb-	0.00343249427917	0.996567505721	0.0	0.0
pis-	0.00529567519859	0.753751103266	0.18799646955	0.0529567519858
amó-	0.0	1.0	0.0	0.0
his-	0.0	0.922077922078	0.0779220779221	0.0
anf-	0.0	1.0	0.0	0.0
apo-	0.00638229975535	0.984044250612	0.00319114987767	0.00638229975535
fan-	0.0	1.0	0.0	0.0
quí-	0.0	0.948275862069	0.051724137931	0.0
heb-	0.00562482422424	0.960157495078	0.0314052685853	0.00281241211212
nín-	0.127937123711	0.872062876289	0.0	0.0
atu-	0.608870231794	0.161446471508	0.012736376838	0.21694691986
seh-	0.0378891026101	0.856444520361	0.019510726908	0.086155650121
caj-	0.0765110941086	0.909716908952	0.00459066564652	0.00918133129306
fir-	0.453680203046	0.42576142132	0.0539340101523	0.0666243654822
sed-	0.0	0.563636363636	0.436363636364	0.0
arf-	0.0	1.0	0.0	0.0
cun-	0.449381145428	0.331620447058	0.0751393607739	0.14385904674
rub-	0.0	1.0	0.0	0.0
chu-	0.0223261017337	0.019232717348	0.00538809715019	0.953053083768
cox-	0.242261004317	0.115669852046	0.609526620669	0.0325425229679
dav-	0.00341829700443	0.965930973189	0.00376012670488	0.0268906031015
pát-	0.2	0.66	0.0	0.14
jop-	0.00849256900212	0.987261146497	0.0	0.00424628450106
tan-	0.0570892832497	0.180625093531	0.0605464329224	0.701739190297
tiñ-	0.0239822405565	0.97381530878	0.000734150221118	0.00146830044224
ley-	0.0171546310368	0.946757848132	0.0192211789354	0.0168663418962
cas-	0.464630359066	0.410321174914	0.0705106116803	0.0545378543403
ema-	0.264460253634	0.5777915249	0.0278379214352	0.129910300031
ñus-	0.065737070031	0.792564622051	0.0741379693707	0.0675603385472
ñiy-	0.0325801366264	0.927482921703	0.0	0.0399369416711
suh-	0.134538071612	0.220100783289	0.13626510218	0.509096042919
aga-	0.156108597285	0.803167420815	0.0135746606335	0.027149321267
vii-	0.301343677967	0.325518637207	0.20239500759	0.170742677236
caí-	0.0725126475548	0.863406408095	0.0202360876897	0.043844856661
tu̱-	0.403481012658	0.208860759494	0.368670886076	0.0189873417721
xiq-	0.383561643836	0.561643835616	0.027397260274	0.027397260274
coc-	0.304803975704	0.421314191055	0.10933186085	0.164549972391
mau-	0.0739157637868	0.102518077356	0.0195017979751	0.804064360882
bue-	0.0	1.0	0.0	0.0
bel-	0.0164252309798	0.979468461275	0.0	0.00410630774495
ing-	0.0792272356939	0.207335070938	0.277594521438	0.43584317193
ixi-	0.0224940805051	0.977505919495	0.0	0.0
xit-	0.128848363653	0.757137100986	0.0604396424361	0.0535748929248
pru-	0.34375	0.549107142857	0.0535714285714	0.0535714285714
gui-	0.0	0.951871657754	0.0320855614973	0.0160427807486
ton-	0.125669296961	0.326210599777	0.495103368607	0.0530167346554
yaa-	0.261398901886	0.685127715445	0.0250656481261	0.0284077345428
ven-	0.0545320560059	0.733235077377	0.139277818718	0.0729550478998
nan-	0.651502375452	0.189770138255	0.0828779539023	0.0758495323903
pol-	0.0626514364832	0.925925925926	0.0	0.0114226375909
icu-	0.067415730337	0.859550561798	0.0393258426966	0.0337078651685
ñay-	0.0582583291463	0.886967532161	0.0286627186898	0.0261114200025
sar-	0.0570719602978	0.915012406948	0.0223325062035	0.00558312655087
lao-	0.0	1.0	0.0	0.0
bee-	0.0609625668449	0.926203208556	0.0128342245989	0.0
teu-	0.329896907217	0.515463917526	0.0	0.154639175258
dam-	0.057304634166	0.926230824833	0.00361416753675	0.012850373464
put-	0.0	1.0	0.0	0.0
tin-	0.662135712592	0.225917251342	0.0427552819961	0.06919175407
gaz-	0.0384615384615	0.961538461538	0.0	0.0
art-	0.0227848101266	0.966365280289	0.00650994575045	0.00433996383363
yoo-	0.0655244269507	0.906922898819	0.0125028941885	0.0150497800417
bal-	0.0760059612518	0.90611028316	0.00894187779433	0.00894187779433
taá-	0.0526315789474	0.912280701754	0.0350877192982	0.0
cuq-	0.60008340767	0.17442591675	0.0544459874659	0.171044688114
efa-	0.0350877192982	0.964912280702	0.0	0.0
die-	0.552764788121	0.341946680808	0.105288531071	0.0
iñi-	0.222703620328	0.170164913897	0.0152428040021	0.591888661773
sad-	0.00363636363636	0.962424242424	0.00727272727273	0.0266666666667
pub-	0.0975609756098	0.756097560976	0.0243902439024	0.121951219512
tɨt-	0.170731707317	0.593495934959	0.211382113821	0.0243902439024
top-	0.0	0.627118644068	0.372881355932	0.0
tun-	0.157378079569	0.697634585974	0.0996475462792	0.0453397881773
isc-	0.00360576923077	0.996394230769	0.0	0.0
asó-	0.104166666667	0.777777777778	0.0	0.118055555555
tɨs-	0.221395659908	0.553656350475	0.142751027188	0.0821969624291
tas-	0.475463415798	0.393324903977	0.11045637808	0.0207553021447
mec-	0.338695777076	0.552714737145	0.0465383510485	0.0620511347313
amp-	0.0	1.0	0.0	0.0
nda-	0.343834780657	0.403491052972	0.123847277163	0.128826889208
set-	0.0	1.0	0.0	0.0
así-	0.0	1.0	0.0	0.0
ele-	0.0	1.0	0.0	0.0
jaa-	0.161971830986	0.457746478873	0.0	0.380281690141
cés-	0.4375	0.140625	0.0	0.421875
peh-	0.21568627451	0.439775910364	0.266106442577	0.078431372549
eli-	0.0691123485097	0.892892237144	0.0127743203407	0.0252210940059
yoc-	0.106308411215	0.893691588785	0.0	0.0
yɨq-	0.0970235158691	0.784927291094	0.106303004675	0.0117461883619
lot-	0.0498575498576	0.804724596391	0.145417853751	0.0
can-	0.591601881076	0.267967385522	0.0482294194942	0.0922013139076
sus-	0.240490445632	0.647653533145	0.083892015918	0.027964005306
pér-	0.0125786163522	0.974842767296	0.0	0.0125786163522
jes-	0.0423857488679	0.860427733924	0.00402995742414	0.0931565597839
bro-	0.0652173913043	0.834782608696	0.1	0.0
bla-	0.12213740458	0.786259541985	0.0916030534351	0.0
yat-	0.162472242783	0.194827905255	0.0965025906736	0.546197261288
ves-	0.200348432056	0.646341463415	0.0696864111497	0.0836236933798
aje-	0.0	0.9625	0.0375	0.0
con-	0.425580345174	0.355620075274	0.0798930438636	0.138906535688
get-	0.0	1.0	0.0	0.0
sam-	0.133115823817	0.813539967374	0.0415986949429	0.0117455138662
yu̱-	0.260601736649	0.42178989681	0.0	0.317608366541
jua-	0.0406781132649	0.93550977881	0.0107664590071	0.0130456489179
lit-	0.0183598531212	0.871481028152	0.110159118727	0.0
yun-	0.540583136328	0.365642237983	0.0330969267139	0.0606776989755
noé-	0.0	1.0	0.0	0.0
ñoh-	0.53564583721	0.205468579166	0.053076568855	0.205809014769
rut-	0.0	1.0	0.0	0.0
ham-	0.0	1.0	0.0	0.0
caá-	0.270268708957	0.265178275607	0.0355616722312	0.428991343205
ruf-	0.0	0.981308411215	0.018691588785	0.0
cru-	0.505447919027	0.481900067981	0.0039655563109	0.00868645668101
lib-	0.207279351423	0.678417155895	0.0991532072614	0.0151502854206
nay-	0.36380517069	0.299385802028	0.280245679189	0.0565633480931
isa-	0.0499276376783	0.9307156383	0.0128426965123	0.00651402750935
cap-	0.0148633879781	0.955774134791	0.0166848816029	0.0126775956284
tɨñ-	0.604904632153	0.378746594005	0.016348773842	0.0
yɨc-	0.423952023356	0.325252828531	0.198565764547	0.0522293835655
sɨɨ-	0.307080161883	0.325142355493	0.189813787455	0.177963695169
gam-	0.249011857707	0.715415019763	0.0118577075099	0.0237154150198
gri-	0.0734037204625	0.18954248366	0.71392659628	0.0231271995978
ara-	0.118661257606	0.856997971602	0.0243407707911	0.0
gad-	0.0192864030858	0.971070395371	0.00964320154291	0.0
sem-	0.0	1.0	0.0	0.0
ene-	0.0	0.981651376147	0.0	0.0183486238532
ado-	0.192786885246	0.724590163934	0.0826229508197	0.0
ose-	0.0	0.951219512195	0.0487804878049	0.0
sim-	0.0134916165011	0.979479816819	0.00290837241939	0.00412019426081
sut-	0.0185820012077	0.931851484669	0.00476704707176	0.0447994670517
jot-	0.0	1.0	0.0	0.0
gni-	0.0410958904109	0.712328767123	0.0273972602739	0.219178082192
fes-	0.0871475649945	0.883192969608	0.0208714756499	0.00878798974735
tax-	0.095950455291	0.595978734234	0.163317968441	0.144752842034
den-	0.267549489899	0.707367745423	0.0167218431187	0.00836092155935
clo-	0.153846153846	0.769230769231	0.025641025641	0.0512820512821
cay-	0.360000527541	0.473672410269	0.111851866506	0.0544751956847
soh-	0.147133843469	0.708282991006	0.110216136394	0.0343670291314
cuc-	0.436285193754	0.240141568183	0.0731568877284	0.250416350335
ñic-	0.147694818441	0.772337821297	0.0293757649939	0.0505915952673
aba-	0.0	1.0	0.0	0.0
kil-	0.0682302771855	0.889125799574	0.0170575692964	0.0255863539446
res-	0.0	1.0	0.0	0.0
xix-	0.14606741573	0.831460674157	0.0224719101124	0.0
pau-	0.0	1.0	0.0	0.0
cou-	0.504351809437	0.320659642694	0.0604672469079	0.114521300962
afr-	0.0612244897959	0.877551020408	0.0408163265306	0.0204081632653
jus-	0.0159857904085	0.984014209591	0.0	0.0
teó-	0.241071428571	0.642857142857	0.0357142857142	0.0803571428571
ti̱-	0.56344458586	0.429237951986	0.0	0.007317462154
jar-	0.0338983050847	0.920903954802	0.0451977401129	0.0
eze-	0.0	1.0	0.0	0.0
uña-	0.0397893504974	0.0825043885312	0.303686366296	0.574019894675
jos-	0.029461608656	0.95241819841	0.00716986051363	0.0109503324208
taa-	0.199900793651	0.762896825397	0.03125	0.00595238095238
let-	0.236011253517	0.579946858393	0.00859643638636	0.175445451704
lám-	0.0282662975943	0.971733702406	0.0	0.0
chɨ-	0.207147985748	0.674894758437	0.00628320330088	0.111674052514
sav-	0.451910517907	0.390075196568	0.0750753576179	0.0829389279074
nat-	0.442545751984	0.408472902118	0.0694614690791	0.0795198768186
nas-	0.43641428001	0.437290133116	0.0743408976661	0.0519546892083
pil-	0.0457952980774	0.885817736754	0.0434494364832	0.0249375286858
uch-	0.0150456436336	0.0570977886053	0.0251998467171	0.902656721044
gom-	0.00735294117646	0.979411764706	0.00882352941176	0.00441176470588
nɨh-	0.766254487435	0.126047068209	0.0789788591943	0.0287195851616
ñas-	0.05294915757	0.859531297491	0.0669954011295	0.020524143809
bur-	0.0481720430108	0.909677419355	0.0387096774194	0.00344086021505
cor-	0.0438476672001	0.872488557711	0.050602610235	0.0330611648539
nyo-	0.0833715263732	0.65935461535	0.018035468094	0.239238390183
har-	0.096463022508	0.903536977492	0.0	0.0
cac-	0.447632114637	0.357272444221	0.0534029384745	0.141692502667
mit-	0.0519510067878	0.883489439157	0.0634219407683	0.00113761328732
xuh-	0.165612880819	0.745862132024	0.0495101627343	0.0390148244224
tix-	0.59753545687	0.200783870861	0.108778689341	0.0929019829276
ñuc-	0.274809160305	0.534351145038	0.0610687022901	0.129770992366
min-	0.226311012624	0.255130305638	0.1044331027	0.414125579038
tiq-	0.0490909249305	0.0407058290573	0.0294240637006	0.880779182312
nde-	0.58406699592	0.299119604896	0.0	0.116813399184
nuy-	0.0408263429506	0.816833164059	0.0926868326446	0.0496536603453
oho-	0.00563420976597	0.0267263796591	0.100982375036	0.866657035539
hie-	0.0300751879699	0.954887218045	0.0150375939849	0.0
cho-	0.377357813877	0.458466231771	0.092703865954	0.0714720883987
any-	0.319263898495	0.588416719059	0.060962324651	0.0313570577946
tom-	0.049154334038	0.919661733615	0.0	0.0311839323467
rey-	0.0437634123406	0.908542907434	0.0219902104984	0.0257034697273
aná-	0.0414937759336	0.917012448133	0.0248962655602	0.0165975103734
noh-	0.0172084130019	0.975143403442	0.00764818355639	0.0
baa-	0.0	0.953125	0.015625	0.03125
tɨy-	0.142857142857	0.825396825397	0.031746031746	0.0
cab-	0.0615242127547	0.881847049484	0.0361206668431	0.0205080709183
naa-	0.181825607132	0.239629849323	0.543114841243	0.0354297023021
aca-	0.0223152022315	0.972105997211	0.0	0.00557880055788
cuv-	0.524069265815	0.052313263876	0.0328637599741	0.390753710335
lat-	0.0952380952381	0.780952380952	0.0761904761905	0.047619047619
yaá-	0.329113924051	0.215189873418	0.430379746835	0.0253164556962
xay-	0.544117647059	0.352941176471	0.102941176471	0.0
ña̱-	0.879210402632	0.0737897540341	0.0159799467335	0.0310198966003
yɨu-	0.0367567567568	0.937297297297	0.0	0.0259459459459
vat-	0.0866892101678	0.0134413521856	0.00248053166686	0.89738890598
joa-	0.0	1.0	0.0	0.0
jue-	0.123739869539	0.823285234236	0.0375568294129	0.0154180668116
lev-	0.0337287741335	0.93370551291	0.0283786927192	0.00418702023727
ced-	0.04	0.96	0.0	0.0
tav-	0.594700995694	0.160787600817	0.0269480610325	0.217563342457
quɨ-	0.19116545284	0.486053290936	0.0162863680573	0.306494888166
nɨ̱-	0.729103111653	0.15985356925	0.0640634533252	0.0469798657718
tot-	0.407352941176	0.294117647059	0.127941176471	0.170588235294
med-	0.0	1.0	0.0	0.0
pel-	0.0	1.0	0.0	0.0
saa-	0.0380058485188	0.926207622584	0.0357865288973	0.0
no̱-	0.154981549815	0.338253382534	0.0	0.506765067651
epi-	0.120805369128	0.463087248322	0.41610738255	0.0
áng-	0.0274722347518	0.948511313873	0.0121112243702	0.0119052270055
cir-	0.401021258215	0.541128012095	0.0459720465274	0.0118786831631
azo-	0.0142857142857	0.971428571429	0.0142857142857	0.0
for-	0.0	1.0	0.0	0.0
miñ-	0.0326778057075	0.906402484105	0.0283897678545	0.0325299423333
sɨs-	0.0	0.57945254177	0.0362602204053	0.384287237824
siq-	0.0	0.957446808511	0.0425531914894	0.0
nuñ-	0.767002348514	0.124266470368	0.0883440846586	0.0203870964597
ilí-	0.05	0.95	0.0	0.0
efr-	0.0	1.0	0.0	0.0
ñah-	0.117600421646	0.325927411163	0.0443933537771	0.512078813414
isr-	0.0145207996604	0.863383709042	0.1064646058	0.0156308854977
obe-	0.268156424581	0.731843575419	0.0	0.0
api-	0.0181818181818	0.981818181818	0.0	0.0
núm-	0.0881057268722	0.779735682819	0.0	0.132158590308
cur-	0.303135888502	0.655052264808	0.0209059233449	0.0209059233449
iqu-	0.44327176781	0.283103684159	0.0164174728819	0.257207075149
cuy-	0.353341411129	0.264516730357	0.101966632491	0.280175226023
mad-	0.095238095238	0.833333333333	0.0714285714286	0.0
