-ကို	0.212420773218	0.432296519687	0.0572950869205	0.297987620174
-တညီ	0.0811455847255	0.368735083532	0.0369928400955	0.513126491647
-ီရာ	0.0414364640884	0.723756906077	0.21408839779	0.0207182320442
-ာဇိ	0.037037037037	0.925925925926	0.0	0.037037037037
-တည်	0.305567493664	0.258785186305	0.0460560283448	0.389591291687
-ဂေါ	0.148760330579	0.801652892562	0.0495867768595	0.0
-ီရှ	0.0	1.0	0.0	0.0
-ဂေရ	0.0	1.0	0.0	0.0
-ဂေဗ	0.0	1.0	0.0	0.0
-ကိက	0.227272727273	0.727272727273	0.0	0.0454545454545
-ကိလ	0.0	1.0	0.0	0.0
-သဂါ	0.0	1.0	0.0	0.0
-ကိယ	0.0	1.0	0.0	0.0
-လဒ်	0.0	0.92	0.0	0.08
-ထရံ	0.280748663102	0.688057040998	0.0133689839572	0.017825311943
-ါ့အ	0.327102803739	0.0	0.0	0.672897196261
-`ရေ	0.14224137931	0.359913793103	0.497844827586	0.0
-ံလာ	0.4704595186	0.5295404814	0.0	0.0
-္ဌိ	0.115333510497	0.334839224023	0.494020728142	0.0558065373372
-အတာ	0.377861134502	0.536400520554	0.0214345862359	0.0643037587078
-အတိ	0.165745856354	0.276243093923	0.458563535912	0.0994475138122
-အတူ	0.128961366375	0.197921916372	0.0444560952448	0.628660622008
-အရေ	0.101832333387	0.565915355927	0.0694016539647	0.262850656721
-ံလေ	0.50616778427	0.361909664103	0.0297863546277	0.102136196999
-ံလူ	0.406879661583	0.569742847601	0.023377490816	0.0
-ဲလာ	0.0	0.454545454545	0.0	0.545454545455
-​ဿဲ	0.0	0.893746946751	0.00366389838788	0.102589154861
-ဲလှ	0.2457002457	0.240786240786	0.46683046683	0.046683046683
-​ဿာ	0.185528756957	0.611979856878	0.0318049297641	0.170686456401
-​ဿု	0.209215442092	0.790784557908	0.0	0.0
-ဲလေ	0.311029997687	0.557617664447	0.0863686605146	0.0449836773514
-ဲလူ	0.0334128878281	0.921479713604	0.045107398568	0.0
-္ဌမ	0.0	0.58024691358	0.41975308642	0.0
-အဦး	0.347068240945	0.425855513308	0.0784470682409	0.148629177507
-ညိရ	0.142857142857	0.857142857143	0.0	0.0
-ှပ်	0.220167888641	0.628094782701	0.0178514504303	0.133885878228
-့ရာ	0.22787029187	0.528855849325	0.141641100494	0.101632758311
-ဌေး	0.161769207224	0.171441689623	0.596082032446	0.070707070707
-​ဘဲ	0.303386008329	0.399698240512	0.134488314551	0.162427436608
-္ဒဲ	0.011383849164	0.967271433653	0.0	0.0213447171825
-ှပေ	0.441067457376	0.449962935508	0.0285396590067	0.0804299481097
-္ဒိ	0.0	1.0	0.0	0.0
-်စက	0.0909090909091	0.707070707071	0.0	0.20202020202
-္ဒု	0.0	0.970596471577	0.0294035284234	0.0
-့ရေ	0.0	1.0	0.0	0.0
-ှပါ	0.250043500957	0.608317382982	0.107708369584	0.0339307464764
-ုံး	0.16458394569	0.468591241102	0.0976404542318	0.269184358976
-္ဒါ	0.0	1.0	0.0	0.0
-ုံ့	0.388803755991	0.178703009357	0.0969971634443	0.335496071207
-ဩရာ	0.23076923077	0.538461538461	0.23076923077	0.0
-်စေ	0.282804372044	0.36084824182	0.108407490554	0.247939895582
-ရဇ်	0.00740283775446	0.983343615052	0.00925354719308	0.0
-းထိ	1.0	0.0	0.0	0.0
-ုံက	0.206363636364	0.562727272727	0.14	0.090909090909
-ဩရဘ	0.0	1.0	0.0	0.0
-းထဲ	0.169244719774	0.651328273221	0.060143751973	0.119283255032
-ုံဝ	0.0	0.941176470588	0.0588235294118	0.0
-ညို	0.227902023429	0.298189563365	0.165069222577	0.308839190628
-းထံ	0.221269314565	0.616034595628	0.0355862518055	0.127109838002
-ုံမ	0.338102670829	0.236125563649	0.425771765522	0.0
-ုရဲ	0.0	1.0	0.0	0.0
-်စီ	0.275510637394	0.516819033869	0.0853721419775	0.122298186759
-တင်	0.422126039674	0.325698306439	0.0765974466871	0.1755782072
-်စာ	0.158800920766	0.73129042674	0.05741248034	0.0524961721541
-်စိ	0.111712252125	0.80834496522	0.0363376284794	0.0436051541754
-းဣရ	0.0	1.0	0.0	0.0
-ဘိဒ	0.0	1.0	0.0	0.0
-ာဒ်	0.0	1.0	0.0	0.0
-ဘိလ	0.555555555556	0.444444444444	0.0	0.0
-ာဒံ	0.0119438638399	0.98805613616	0.0	0.0
-းခု	0.063990692263	0.42175683537	0.0605002908668	0.453752181501
-ဘိမ	0.0	1.0	0.0	0.0
-ဘိယ	0.0	1.0	0.0	0.0
-ာဒဲ	0.0	1.0	0.0	0.0
-ာဒိ	0.291204437401	0.673137876387	0.0118858954041	0.0237717908082
-ြရာ	0.201643483318	0.656288761825	0.0562930962864	0.0857746585709
-ဇ်တ	0.0	1.0	0.0	0.0
-လို	0.377308985306	0.319165256347	0.0843059221126	0.219219836234
-လိတ	0.0964360587002	0.810272536688	0.0125786163522	0.0807127882599
-ွယ်	0.227024856621	0.541668656973	0.139811223454	0.0914952629516
-ယအစ	0.0	1.0	0.0	0.0
-လိဗ	0.143884892086	0.856115107914	0.0	0.0
-ာဒန	0.0	1.0	0.0	0.0
-လိယ	0.0934734405822	0.816755323199	0.0228196715114	0.0669515647077
-လိလ	0.0	1.0	0.0	0.0
-ံတူ	0.0	0.728213977566	0.271786022434	0.0
-လိက	0.131482834186	0.780861943024	0.0	0.0876552227904
-ျယ်	0.169914426841	0.431728475852	0.115501131028	0.282855966279
-လုက	0.158626457702	0.732765617723	0.0139711263389	0.094636798236
-ံတဲ	0.0	1.0	0.0	0.0
-ကရာ	0.0	1.0	0.0	0.0
-ုးက	0.207300275482	0.629529561348	0.118669209578	0.0445009535919
-ဂုံ	0.0	1.0	0.0	0.0
-ကရှ	0.0	1.0	0.0	0.0
-ုးတ	0.392857142857	0.607142857143	0.0	0.0
-ုးသ	0.0	1.0	0.0	0.0
-ဝံ့	0.4237929211	0.300221383693	0.0840003226646	0.191985372543
-ုးဘ	0.321141837645	0.339875111507	0.0223015165031	0.316681534344
-ုးမ	0.08236420851	0.739088794637	0.028731700643	0.14981529621
-ျန်	0.280878837503	0.603883147929	0.0815263425376	0.0337116720311
-ုးရ	0.337636334897	0.306865482902	0.0678117919806	0.287686390221
-ဆို	0.355320212421	0.200070299166	0.0489532968541	0.39565619156
-ခာက	0.0	1.0	0.0	0.0
-ုးအ	0.0886917960088	0.745011086475	0.0	0.166297117516
-ှရဲ	0.0	1.0	0.0	0.0
-​ဘာ	0.558247903075	0.209692451072	0.123019571295	0.109040074557
-ုစီ	0.0980361644518	0.736391646697	0.0261429771871	0.139429211665
-ဇဒိ	0.0	1.0	0.0	0.0
-ဟံက	0.154008438818	0.719409282701	0.0	0.126582278481
-်အစ	0.109816971714	0.790349417637	0.099833610649	0.0
-်း-	0.0	0.876208897485	0.123791102515	0.0
-ကိရ	0.333333333333	0.666666666667	0.0	0.0
-ရူး	0.108173076923	0.350961538462	0.302884615385	0.237980769231
-ှဉ်	0.0278819648425	0.798409327127	0.135749469023	0.0379592390075
-်အရ	0.5	0.5	0.0	0.0
-်အဘ	0.123058248373	0.733724588375	0.029560172167	0.113656991085
-်အမ	0.255319148936	0.31914893617	0.425531914893	0.0
-ာငါ	0.400723535074	0.384544918175	0.117380368289	0.0973511784617
-ေတေ	0.567961165048	0.278317152104	0.0970873786408	0.0566343042071
-မင်	0.0521900236038	0.100035364565	0.00213084590096	0.84564376593
-ရုက	0.188805545876	0.632567351954	0.0	0.17862710217
-ေတ်	0.167236954662	0.400342172797	0.14627887083	0.286142001711
-ဒနာ	0.434947748353	0.399798547866	0.0697737860411	0.0954799177404
-်အာ	0.0	1.0	0.0	0.0
-ဲအာ	0.3125	0.6875	0.0	0.0
-ာင်	0.281020611795	0.39298610197	0.0635951885025	0.262398097732
-်အဲ	0.0	1.0	0.0	0.0
-လဒဲ	0.0142405063291	0.842299578059	0.111814345991	0.0316455696202
-ေတီ	0.4	0.2	0.4	0.0
-ရူပ	0.0	0.590702629956	0.267986317501	0.141311052543
-ြို	0.506355917225	0.229544763615	0.117450138925	0.146649180235
-ပုရ	0.0	1.0	0.0	0.0
-ံကျ	0.0	1.0	0.0	0.0
-ဖယ်	0.552604088942	0.27189971646	0.112818982242	0.0626772123563
-လော	0.328278840149	0.257249894388	0.0664789918673	0.347992273596
-ှဿေ	0.0	1.0	0.0	0.0
-ှမစ	0.727272727273	0.272727272727	0.0	0.0
-မည်	0.36553034369	0.251184187829	0.0658647234817	0.317420745
-လေ့	0.221180759991	0.5053761071	0.131872837357	0.141570295552
-နယ်	0.123054960379	0.69958156802	0.0780754789627	0.0992879926377
-သို	0.202702702703	0.675675675676	0.0810810810811	0.0405405405406
-မညီ	0.467574770506	0.389102753924	0.116671602014	0.0266508735564
-လေး	0.235018666406	0.424990887755	0.155264339094	0.184726106745
-လေစ	0.0	1.0	0.0	0.0
-လေက	0.0	1.0	0.0	0.0
-သိလ	0.439936819353	0.542605370355	0.0174578102918	0.0
-ပရု	0.0654205607477	0.934579439252	0.0	0.0
-သိရ	0.345181345272	0.378350945243	0.0963005927026	0.180167116782
-ပရိ	0.335494327391	0.62074554295	0.0437601296596	0.0
-လေဗ	0.117647058823	0.882352941177	0.0	0.0
-သိက	0.0359281437125	0.964071856287	0.0	0.0
-လေလ	0.0	1.0	0.0	0.0
-ွံ့	0.334646392315	0.400634368358	0.132209426976	0.132509812352
-ဇလိ	0.0	1.0	0.0	0.0
-ကပ်	0.555571489536	0.230119831379	0.0389338547806	0.175374824304
-​လာ	0.333873602623	0.380748977486	0.12740802979	0.157969390101
-​လိ	0.130664754377	0.80394625459	0.0161349458394	0.049254045194
-​လု	0.170722016075	0.736186755139	0.0189810096585	0.0741102191269
-ုခါ	0.692307692308	0.307692307692	0.0	0.0
-ဒူး	0.0	1.0	0.0	0.0
-​လှ	0.257448537378	0.369853737811	0.218309859155	0.154387865655
-ုချ	0.41744672376	0.380402310297	0.0587532364071	0.143397729536
-ုခံ	0.462517816136	0.368459115124	0.0912184995374	0.0778045692022
-​လံ	0.14314652262	0.613774476705	0.216070222822	0.0270087778528
-​လူ	0.333630310351	0.450225237107	0.0875076745965	0.128636777945
-​လေ	0.337871835551	0.434835099251	0.111809035301	0.115484029897
-​လဲ	0.166004013115	0.522662470758	0.259856768986	0.0514767471412
-နာရ	0.0581677169171	0.237518177412	0.0	0.704314105671
-နာယ	0.00683994528047	0.911080711354	0.0	0.0820793433652
-နာမ	0.0217309145881	0.90268329554	0.0143613000756	0.0612244897959
-နာသ	0.0	1.0	0.0	0.0
-ဘရေ	0.0	0.647058823529	0.352941176471	0.0
-ရဂါ	0.0	1.0	0.0	0.0
-နာပ	0.348101265823	0.335443037975	0.145569620253	0.170886075949
-နာန	0.0	1.0	0.0	0.0
-ျူး	0.26395519244	0.344195772023	0.0748670841744	0.316981951362
-ေမဝ	0.0	0.2	0.8	0.0
-ိဝိ	0.111111111111	0.888888888889	0.0	0.0
-္နာ	0.0	1.0	0.0	0.0
-နာက	0.353535353535	0.580808080808	0.0	0.0656565656567
-ဝဒိ	0.0	1.0	0.0	0.0
-ြေက	0.212962962963	0.675925925926	0.0	0.111111111111
-ိရိ	0.0	1.0	0.0	0.0
-ိရာ	0.284910159672	0.538677822188	0.0321594239145	0.144252594225
-ှိသ	0.372721749696	0.180741190765	0.148845686513	0.297691373025
-ညက်	0.042981430983	0.764705882353	0.137774315024	0.05453837164
-ှိယ	0.0	1.0	0.0	0.0
-ှိရ	0.30613165606	0.255964556496	0.0602938149071	0.377609972537
-အတ်	0.0	1.0	0.0	0.0
-ဝကြ	0.333206397563	0.039603960396	0.124523990861	0.50266565118
-ဖာယ	0.0	1.0	0.0	0.0
-ဝက်	0.103941949402	0.766228672289	0.0474602863307	0.0823690919788
-ိရှ	0.0654205607478	0.906542056075	0.0280373831775	0.0
-ှိက	0.402010050251	0.527638190955	0.0703517587941	0.0
-ြေလ	0.0	1.0	0.0	0.0
-ိရေ	0.0	0.907692307692	0.0923076923077	0.0
-ြေမ	0.0	0.709677419355	0.290322580645	0.0
-ြော	0.424270804922	0.237898116468	0.0522921848103	0.2855388938
-ရလေ	0.563888495826	0.25604924296	0.0346681760294	0.145394085185
-မဘာ	0.0	1.0	0.0	0.0
-မဘဲ	1.0	0.0	0.0	0.0
-တရု	0.0220459958031	0.859128563896	0.00891748144845	0.109907958852
-တရာ	0.051580199762	0.557158139953	0.129181455523	0.262080204761
-တရိ	0.317273795535	0.471210340776	0.0	0.21151586369
-ီနေ	0.276854127512	0.460026022842	0.14167991904	0.121439930606
-ှို	0.430615164521	0.509298998569	0.0	0.0600858369099
-ြေး	0.507098183462	0.39333791185	0.0329759268924	0.0665879777954
-းဆဲ	0.428931924883	0.295246478873	0.0152582159625	0.260563380282
-နှမ	0.0230513114613	0.867087119021	0.103424368179	0.00643720133894
-ီယာ	0.285714285714	0.714285714286	0.0	0.0
-ဣရိ	0.0	1.0	0.0	0.0
-တပ်	0.224770837255	0.606748936029	0.105817915676	0.0626623110396
-ကား	0.272692185597	0.211308201019	0.0459944802495	0.470005133135
-းဆီ	0.0	1.0	0.0	0.0
-ဥရိ	0.0	1.0	0.0	0.0
-ဣရှ	0.0	1.0	0.0	0.0
-ေဇိ	0.0	0.810810810811	0.189189189189	0.0
-နှံ	0.463334423036	0.358011007563	0.0336362360239	0.145018333377
-ဇကိ	0.0247099269445	0.975290073055	0.0	0.0
-သခါ	0.0532289183974	0.733060946544	0.111224605607	0.102485529452
-လပ်	0.22860724106	0.387835842675	0.267284381497	0.116272534768
-ကာလ	0.178806570939	0.461455700795	0.0763957269267	0.28334200134
-ကာယ	0.119357125975	0.709918852911	0.0681477979989	0.102576223115
-ကာန	0.0	1.0	0.0	0.0
-နှာ	0.121573693582	0.585963288815	0.0988168847015	0.193646132901
-ဇက်	0.05085266554	0.865801198341	0.0833461361192	0.0
-အထိ	0.123006833713	0.637813211845	0.0341685649203	0.205011389522
-အထု	0.5	0.25	0.25	0.0
-ဗ္ဗ	0.130492676431	0.780026631159	0.0671105193075	0.0223701731025
-ျဉ်	0.0	1.0	0.0	0.0
-္ဍာ	0.126260232382	0.783169572514	0.0905701951038	0.0
-လသေ	0.0	0.939393939394	0.0	0.0606060606062
-အထံ	0.0714872637633	0.606409202958	0.0164338537387	0.30566967954
-အထဲ	0.279107562877	0.322827431174	0.0253523296824	0.372712676267
-ညှိ	0.226442658875	0.685902118335	0.0657414170928	0.0219138056976
-့ညီ	0.0953698311008	0.799068142108	0.00946418171229	0.0960978450787
-ဒမှ	0.0	1.0	0.0	0.0
-ါအဘ	0.0972222222221	0.902777777778	0.0	0.0
-ဲရှ	0.0	1.0	0.0	0.0
-ှန်	0.25616824946	0.34000159552	0.110153597715	0.293676557305
-ှနေ	0.0527182866557	0.897858319605	0.0494233937397	0.0
-ငှါ	0.41955020262	0.265144813531	0.0642755607847	0.251029423065
-့လာ	0.492541593985	0.205042383209	0.0364310940439	0.265984928763
-ငှာ	0.424899309427	0.366905717997	0.0698109847857	0.13838398779
-္ဓေ	0.614421416235	0.250863557858	0.128238341969	0.00647668393783
-ကငိ	0.0	1.0	0.0	0.0
-့လေ	0.634020232297	0.216860247284	0.0704383664294	0.0786811539903
-္ဓာ	0.133563903016	0.655041434229	0.0634915505	0.147903112256
-်ဝရ	0.51724137931	0.48275862069	0.0	0.0
-းတရ	0.373493975904	0.469879518072	0.132530120482	0.0240963855422
-မအီ	1.0	0.0	0.0	0.0
-းတဝ	0.275269293198	0.352884757267	0.0	0.371845949535
-၍​ဤ	0.262589601669	0.438889392977	0.0254060430088	0.273114962345
-၍​မ	0.101237513046	0.478157149247	0.0793201133144	0.341285224392
-ညာက	0.585365853658	0.414634146342	0.0	0.0
-ဏ္ဏ	0.450586898902	0.526694433927	0.0	0.0227186671715
-ု့က	0.242883022581	0.370530175887	0.0404356118755	0.346151189657
-်ငံ	0.128154672416	0.711144655591	0.0601228930508	0.100577778942
-းတု	0.246575342466	0.643835616438	0.0	0.109589041096
-းတဲ	0.159292035398	0.807522123894	0.033185840708	0.0
-ု့ရ	0.391852714523	0.426022746983	0.0520355824268	0.130088956067
-းတူ	0.111177584327	0.232053282676	0.144995021394	0.511774111603
-းတံ	0.227848101266	0.772151898734	0.0	0.0
-်ငါ	0.270579273656	0.255763181783	0.0216910962712	0.45196644829
-ု့ထ	0.0	1.0	0.0	0.0
-ာဣရ	0.0	1.0	0.0	0.0
-ငှရ	0.285714285714	0.714285714286	0.0	0.0
-်ဒါ	0.217928902628	0.472952086553	0.0	0.309119010819
-လာ့	0.156626506024	0.283993115318	0.0774526678141	0.481927710843
-ာပေ	0.0	1.0	0.0	0.0
-လား	0.141977624058	0.773761853728	0.0345284489478	0.0497320732658
-ါလက	0.0	1.0	0.0	0.0
-ာပါ	0.430807152672	0.330514906955	0.129106249271	0.109571691101
-ာပိ	0.0560747663552	0.766355140187	0.121495327103	0.0560747663552
-ဧဇာ	0.0	1.0	0.0	0.0
-ါလာ	0.433337772078	0.23938795329	0.00474280786951	0.322531466762
-လာဒ	0.0	1.0	0.0	0.0
-ါလု	0.0576666081914	0.767321161918	0.0214247715542	0.153587458336
-ျရာ	0.210766886745	0.554596241747	0.0213306246826	0.213306246826
-လာရ	0.363239380707	0.278682016673	0.17943628424	0.17864231838
-ဇာလ	0.0	1.0	0.0	0.0
-ဧဇရ	0.0	1.0	0.0	0.0
-လာသ	0.19957537155	0.651804670913	0.127388535032	0.0212314225053
-လာလ	0.0	1.0	0.0	0.0
-ံထဲ	0.0	0.744680851064	0.255319148936	0.0
-ွရာ	0.0	0.684210526316	0.315789473684	0.0
-ဟဗိ	0.0	1.0	0.0	0.0
-ဥဇလ	0.0	1.0	0.0	0.0
-ါလူ	0.545454545455	0.454545454545	0.0	0.0
-ါလေ	0.64170459247	0.136119155979	0.0277203144394	0.194455937112
-ါလဲ	0.333333333333	0.666666666667	0.0	0.0
-ပည်	0.321885328352	0.627820089093	0.0	0.0502945825549
-ျပါ	0.30487804878	0.670731707317	0.0	0.0243902439024
-ဆာမ	0.122615803815	0.877384196185	0.0	0.0
-ထီး	0.0590045491037	0.931629649451	0.009365801445	0.0
-ကယ်	0.287750881293	0.223099902703	0.0344401038483	0.454709112155
-ဆာလ	0.0	0.0	1.0	0.0
-ကယူ	0.291205064436	0.708794935564	0.0	0.0
-ပညာ	0.117402227862	0.648518269532	0.213221752856	0.0208577497498
-ျပ်	0.249698804119	0.49389002641	0.0540906258346	0.202320543636
-ှယူ	0.605203619909	0.292986425339	0.0	0.101809954751
-ှယ်	0.194139194139	0.532967032967	0.0750915750916	0.197802197802
-ဆား	0.0	1.0	0.0	0.0
-မ့်	0.421719001739	0.315694832045	0.100091284977	0.162494881238
-ှယာ	0.0	1.0	0.0	0.0
-ြယ်	0.18191484697	0.174292127072	0.603285593703	0.0405074322547
-ြဉ်	0.402132520944	0.386519421173	0.034272658035	0.177075399848
-ရော	0.155121931348	0.667504650497	0.0585261739752	0.11884724418
-ခမိ	0.0	1.0	0.0	0.0
-ရေအ	0.0	0.0	0.0	1.0
-ာဇရ	0.0	1.0	0.0	0.0
-ရေး	0.549499665814	0.241483354981	0.0414798920406	0.167537087165
-ဗေသ	0.16	0.84	0.0	0.0
-ခမှ	0.466666666667	0.533333333333	0.0	0.0
-လှပ	0.0	0.0	1.0	0.0
-ခမက	0.0	1.0	0.0	0.0
-ြား	0.377036392724	0.321262232759	0.0598463114901	0.241855063026
-ာဇ်	0.142209472607	0.790386968645	0.0168508896869	0.0505526690605
-ေထဲ	0.0347071583514	0.639913232104	0.130151843818	0.195227765727
-ေထိ	0.35	0.575	0.075	0.0
-ဟေလ	0.0	1.0	0.0	0.0
-ရေသ	0.0	1.0	0.0	0.0
-ရေလ	0.0364141974358	0.899833702211	0.00870943571232	0.0550426646409
-လှေ	0.295594153781	0.611628892184	0.0495922474052	0.0431847066299
-လှူ	0.215038048515	0.612041333541	0.106396335651	0.066524282293
-ာဇာ	0.0431547619048	0.946428571429	0.0104166666667	0.0
-ရေတ	0.234636871508	0.765363128492	0.0	0.0
-ရေဖ	0.0	1.0	0.0	0.0
-လှံ	0.0329670329671	0.912087912088	0.0	0.0549450549451
-ဖမှ	0.0	1.0	0.0	0.0
-လူအ	0.247560534875	0.240332490061	0.414528370076	0.0975786049873
-ေဇာ	0.0214523222139	0.978547677786	0.0	0.0
-သား	0.0738514818678	0.793739950432	0.0318074710183	0.100601096682
-ိလု	0.267825388631	0.532610566168	0.160614925716	0.038949119486
-လူ့	0.220399293887	0.39754019917	0.225515337178	0.156545169765
-ီစု	0.0	1.0	0.0	0.0
-ဖမိ	0.0	1.0	0.0	0.0
-ငင်	0.568857668813	0.264587092106	0.00769308263652	0.158862156444
-လူး	0.263977353149	0.662892191555	0.073130455296	0.0
-ဗင်	0.0	0.959016393443	0.0409836065574	0.0
-ုလဒ	0.0	0.828571428571	0.171428571429	0.0
-လူက	0.230724127822	0.531808853709	0.0175901495163	0.219876868953
-သာမ	0.0	1.0	0.0	0.0
-သာဘ	0.0	1.0	0.0	0.0
-သာရ	0.18594336404	0.378369157284	0.108154213579	0.327533265097
-သာယ	0.0	1.0	0.0	0.0
-ေဇရ	0.0	1.0	0.0	0.0
-ိလေ	0.290534770047	0.539458143296	0.0631621027384	0.106844983919
-ကနေ	0.722436391673	0.138781804163	0.138781804163	0.0
-လူတ	0.153550863724	0.685220729367	0.16122840691	0.0
-ာ်အ	0.461538461539	0.538461538461	0.0	0.0
-ာဆီ	0.24	0.46	0.3	0.0
-ကန်	0.231972181443	0.558138532389	0.0934134489886	0.116475837179
-ာဂရ	0.401337792642	0.598662207358	0.0	0.0
-ုအဗ	0.0	0.0	0.5	0.5
-ဒုံ	0.0136874057245	0.833795787631	0.132963369895	0.0195534367493
-ဗော	0.0	1.0	0.0	0.0
-​ဝါ	0.237112318206	0.499821272122	0.191308918872	0.0717574908008
-လ​က	0.0276043363803	0.946531705715	0.0154216870495	0.0104422708549
-လဂဲ	0.0	1.0	0.0	0.0
-ု​၍	0.290926267513	0.397157365532	0.0845025286114	0.227413838344
-ု​၌	0.330412767047	0.215742610872	0.122891360624	0.330953261457
-ု​၏	0.338502583398	0.203379497678	0.0359358947991	0.422182024124
-လ​မ	0.020618556701	0.670103092784	0.0	0.309278350515
-လဂါ	0.0	1.0	0.0	0.0
-ျေလ	0.0	1.0	0.0	0.0
-​ဝံ	0.0235267757114	0.976473224289	0.0	0.0
-​ဝဲ	0.221094269612	0.638113907656	0.0814226205061	0.0593692022263
-​ဝေ	0.470161173225	0.529838826775	0.0	0.0
-ျော	0.159789013975	0.40345505536	0.388838329835	0.04791760083
-ဘယ်	0.179181068205	0.152871224853	0.0349960364085	0.632951670533
-ဒုစ	0.0	0.8	0.2	0.0
-ျေး	0.249873086275	0.661474336709	0.0830416544206	0.00561092259598
-ိညီ	0.138535031847	0.746815286624	0.0	0.114649681529
-ုံရ	0.385567010309	0.380412371134	0.0979381443299	0.136082474227
-ု​ဝ	0.779527559055	0.194225721785	0.0262467191601	0.0
-ု​လ	0.145916052184	0.76272688599	0.00425411230857	0.0871029495179
-ိဘဲ	0.238747167244	0.333309441241	0.110661657786	0.317281733729
-ု​ရ	0.322987270955	0.294674170275	0.140507103955	0.241831454815
-ှာဖ	0.0769230769231	0.923076923077	0.0	0.0
-မမစ	1.0	0.0	0.0	0.0
-ု​ဗ	0.0	1.0	0.0	0.0
-ှာယ	0.0109849871842	0.9165140974	0.00659099231051	0.065909923105
-ံချ	0.392649903288	0.601547388781	0.0	0.00580270793036
-ှာလ	0.0	0.941605839416	0.0583941605839	0.0
-ု​ဒ	0.250945806615	0.487605150194	0.0987860691422	0.162662974049
-ှာခ	0.0	1.0	0.0	0.0
-ှာက	0.542372881356	0.157384987893	0.300242130751	0.0
-်မံ	0.553191489362	0.0	0.446808510638	0.0
-ိဘိ	0.0	1.0	0.0	0.0
-ု​က	0.25017784006	0.577456935543	0.0058770066251	0.166488217772
-သဒိ	0.0	1.0	0.0	0.0
-တယ်	0.251268801329	0.408231060257	0.262987911784	0.0775122266309
-ှား	0.425978241989	0.284472897137	0.0658434174258	0.223705443448
-အ​စ	0.523216970755	0.354808072937	0.081494485412	0.0404804708953
-အ​ခ	0.304786928319	0.332375400279	0.0	0.362837671402
-်စု	0.150544421651	0.595944453211	0.100520751144	0.152990373994
-နုံ	0.0	1.0	0.0	0.0
-အ​သ	0.303307817913	0.495085311573	0.123207047892	0.0783998226215
-အ​ရ	0.246144016404	0.522508277448	0.0676270950765	0.163720611072
-ုံတ	0.720660923043	0.170338679805	0.0	0.109000397151
-ိဘက	0.0	1.0	0.0	0.0
-အ​ဘ	0.325077399381	0.628482972136	0.0	0.0464396284829
-အ​ဖ	0.108532136401	0.646384381483	0.0685727887673	0.176510693348
-အ​ပ	0.196534921494	0.471034109366	0.308067135896	0.0243638332431
-မမူ	0.37664220965	0.30955813665	0.0764078135615	0.237391840139
-အ​ထ	0.537634408602	0.32688172043	0.0225806451613	0.112903225806
-ြူး	0.542452830189	0.169811320755	0.287735849057	0.0
-ံ​၌	0.12167656342	0.608249077195	0.11664794308	0.153426416306
-ေါသ	0.140252454418	0.79523141655	0.0224403927069	0.0420757363254
-းခဲ	0.486731641416	0.326160378269	0.112805172248	0.0743028080672
-ံ​၏	0.43224093942	0.41962394058	0.0793491115116	0.0687860084879
-ေါရ	0.0	1.0	0.0	0.0
-တနဲ	0.0	0.889705882353	0.110294117647	0.0
-းခံ	0.259576314648	0.485877154917	0.175845200994	0.078701329441
-နေရ	0.337577175947	0.301574131824	0.085796192558	0.275052499671
-သကာ	0.206575205252	0.30117874327	0.472212781941	0.0200332695369
-းချ	0.346348884381	0.62322515213	0.0304259634888	0.0
-တန်	0.180694417077	0.661149425287	0.0982865353038	0.0598696223317
-ီမံ	0.189520958084	0.711676646707	0.0988023952096	0.0
-သကြ	0.616959064328	0.193713450292	0.0292397660818	0.160087719298
-တနိ	0.0	0.885350318471	0.114649681529	0.0
-တနာ	0.198594308394	0.445053520816	0.102443812705	0.253908358086
-ီမှ	0.48495750326	0.242253901156	0.0678598731843	0.204928722399
-ေါဂ	0.0236300213795	0.952739957241	0.0236300213795	0.0
-ေါခ	0.0	1.0	0.0	0.0
-သက်	0.29224597212	0.438495184251	0.0690927966943	0.200166046935
-အကဲ	0.0424608416682	0.848084544254	0.0830345348179	0.0264200792602
-အကူ	0.0909090909091	0.909090909091	0.0	0.0
-ေါ်	0.337985271676	0.414778128364	0.0499028146673	0.197333785293
-လနာ	0.489795918367	0.43537414966	0.0340136054422	0.0408163265307
-ေါ့	0.0170454545455	0.534090909091	0.431818181818	0.0170454545455
-​ဏာ	0.315082864108	0.418353839326	0.11647836539	0.150084931177
-နေ့	0.0831812913011	0.568442022222	0.242193981352	0.106182705125
-ုနိ	0.0126826911463	0.854571808189	0.0	0.132745500664
-နော	0.0	0.947368421053	0.0526315789473	0.0
-လန်	0.0	1.0	0.0	0.0
-ုန်	0.108550308422	0.791437565671	0.0519149052878	0.048097220619
-သေည	0.315789473684	0.0	0.684210526316	0.0
-အကာ	0.206608431447	0.495632358526	0.274971515382	0.0227876946449
-္ဂိ	0.0	1.0	0.0	0.0
-ျည်	0.376716549991	0.539324599801	0.0374994074051	0.0464594428028
-္ဂါ	0.267410669429	0.406059757313	0.254166499416	0.0723630738424
-ံ​က	0.248614811138	0.694377196803	0.0399906809963	0.0170173110623
-ံ​မ	0.341346153846	0.322115384615	0.184294871795	0.152243589743
-ံ​ရ	0.357672885611	0.416158815381	0.129082061695	0.0970862373126
-ံ​န	0.122549019608	0.651960784314	0.137254901961	0.0882352941177
-္ဂဲ	0.0	1.0	0.0	0.0
-ုဦး	0.75	0.25	0.0	0.0
-ရထံ	0.0	1.0	0.0	0.0
-ဲယူ	0.453855264357	0.244283154666	0.272100580036	0.0297610009415
-ပဲ့	0.325829383886	0.298923775671	0.277498025276	0.097748815166
-က္က	0.0	0.772151898734	0.0	0.227848101266
-က္ခ	0.26116838488	0.409659212043	0.115745408162	0.213426994916
-ဝါက	0.0344827586207	0.965517241379	0.0	0.0
-ာဒါ	0.0	1.0	0.0	0.0
-္တဲ	0.0	1.0	0.0	0.0
-ဧဖာ	0.0	0.949367088607	0.0506329113926	0.0
-္တေ	0.169014084507	0.830985915493	0.0	0.0
-ဆွဲ	0.412620890893	0.463143408955	0.0569572902237	0.0672784099286
-ဧဖါ	0.0	0.96261682243	0.0373831775701	0.0
-ဆွေ	0.134485495507	0.592819522935	0.118623700829	0.154071280729
-္တီ	0.0	0.384615384615	0.615384615385	0.0
-္တု	0.033477086235	0.914838991157	0.0323024516302	0.0193814709781
-္တာ	0.225129791007	0.67969824677	0.068238547147	0.0269334150761
-္တိ	0.165289941864	0.634411683959	0.102147147645	0.098151226532
-ဏ်း	0.155712734512	0.662182542076	0.00316703866803	0.178937684744
-္တမ	0.0	0.636363636364	0.363636363636	0.0
-္တသ	0.0	1.0	0.0	0.0
-ဆွရ	1.0	0.0	0.0	0.0
-ဩမရ	0.0	1.0	0.0	0.0
-`အဖ	0.285046728972	0.590342679128	0.0	0.1246105919
-ဏ်မ	0.352941176471	0.647058823529	0.0	0.0
-ည်မ	0.347517730496	0.652482269504	0.0	0.0
-ဆွက	0.177943012828	0.164490861619	0.108601051954	0.548965073599
-်ထံ	0.280005932958	0.473336299812	0.0764857114605	0.17017205577
-ာန်	0.167556146617	0.605604368936	0.100992529302	0.125846955144
-ုမာ	0.0	1.0	0.0	0.0
-်ထဲ	0.217254211289	0.53410017815	0.0315618392913	0.217083771269
-လုံ	0.182887731565	0.688436597856	0.0888543948471	0.0398212757315
-ာနဲ	0.0	1.0	0.0	0.0
-ဿန်	0.0	1.0	0.0	0.0
-းဝါ	0.0749183581993	0.887622462701	0.0	0.0374591790997
-ဂါး	0.0387016112794	0.912131187458	0.00295003207575	0.0462171691867
-ာနု	0.102739726027	0.897260273973	0.0	0.0
-းဝေ	0.941176470588	0.0	0.0588235294118	0.0
-ာနိ	0.0558383626344	0.911624245605	0.0325373917607	0.0
-ာနာ	0.0292747837658	0.795076513639	0.0159680638723	0.159680638723
-်ထု	0.0	0.527906976744	0.241860465116	0.230232558139
-ယုံ	0.546442590629	0.242864798018	0.0754675539002	0.135225057453
-်ထိ	0.166666666667	0.833333333333	0.0	0.0
-ဿနာ	0.0792383292383	0.781326781327	0.0214987714988	0.117936117936
-ဿနိ	0.0	1.0	0.0	0.0
-လုယ	0.191399514375	0.761304852729	0.0251258049759	0.0221698279199
-ာရာ	0.109672490051	0.423257251276	0.0399434473776	0.427126811295
-လုမ	0.136825645035	0.863174354965	0.0	0.0
-ယုဇ	0.0	1.0	0.0	0.0
-ာနဗ	0.0972222222222	0.902777777778	0.0	0.0
-​ငံ	0.261675038392	0.537636053277	0.0911365763826	0.109552331949
-ျင်	0.276570283796	0.344188353768	0.0617609276612	0.317480434774
-ဂါလ	0.0	1.0	0.0	0.0
-ဂါသ	0.0	1.0	0.0	0.0
-လုဇ	0.0	0.545454545455	0.454545454545	0.0
-ဂါဒ	0.0	1.0	0.0	0.0
-ံတံ	0.520786841888	0.409785932722	0.0	0.0694272253905
-့လှ	0.0	0.666666666667	0.0	0.333333333333
-ယုဒ	0.0498113457337	0.924703779705	0.0115840338916	0.0139008406699
-းဝရ	1.0	0.0	0.0	0.0
-ဒ​မ	0.0	1.0	0.0	0.0
-ြကြ	0.37272610538	0.358044771647	0.0445148311433	0.224714291829
-ှမရ	0.0	1.0	0.0	0.0
-ခါး	0.118299638625	0.778163564428	0.0657007040853	0.0378360928622
-ှမက	0.0784423340447	0.0538651904473	0.0742291094279	0.79346336608
-ုမှ	0.293107490329	0.263978431602	0.200445434298	0.24246864377
-ပဋိ	0.4	0.6	0.0	0.0
-ဲအဘ	0.0	1.0	0.0	0.0
-ှမှ	0.5	0.0	0.0	0.5
-းစေ	0.493145583277	0.249670596811	0.0894768500281	0.167706969884
-ာရှ	0.0557408707865	0.861130617978	0.0243153089888	0.0588132022472
-ဲအစ	0.0	1.0	0.0	0.0
-ှမာ	0.0888888888889	0.911111111111	0.0	0.0
-်လူ	0.165342907025	0.814862173261	0.00946713551529	0.0103277841985
-ြုသ	0.743801652893	0.123966942149	0.132231404959	0.0
-ရဲ့	0.31940382023	0.381616094819	0.0944205644717	0.204559520479
-ေဖရ	0.0	1.0	0.0	0.0
-ြုရ	0.280573019055	0.230803667011	0.0283103334177	0.460312980517
-ေဖသ	0.0099933377748	0.990006662225	0.0	0.0
-လအဘ	0.0	1.0	0.0	0.0
-သွ့	0.0	1.0	0.0	0.0
-ဇာဗ	0.0	1.0	0.0	0.0
-ဇာယ	0.0	1.0	0.0	0.0
-ဇာရ	0.0	0.961995249406	0.038004750594	0.0
-မ်း	0.298075242206	0.462673149272	0.0693439021723	0.169907706349
-တ္တ	0.136731281353	0.722445427373	0.0649258620633	0.0758974292112
-တ္ထ	0.249063106929	0.132806302487	0.584402440025	0.0337281505594
-ဧမှ	1.0	0.0	0.0	0.0
-ာရေ	0.494791666667	0.505208333333	0.0	0.0
-မ်က	0.33608490566	0.593160377359	0.0353773584906	0.0353773584906
-နည်	0.659209678574	0.334347483714	0.00644283771208	0.0
-ြုံ	0.380365200822	0.440938089479	0.106120621644	0.0725760880543
-ေဖါ	0.0	0.818181818182	0.181818181818	0.0
-ေဖာ	0.0	1.0	0.0	0.0
-မ်ထ	1.0	0.0	0.0	0.0
-ရဲက	0.666666666667	0.333333333333	0.0	0.0
-ဒဒ်	0.0359847064997	0.908913711673	0.0551015818276	0.0
-ဏသာ	0.169946332737	0.440966010733	0.228085867621	0.161001788909
-ထပါ	0.25	0.333333333333	0.0	0.416666666667
-ာဆု	0.172910662824	0.446685878962	0.345821325649	0.0345821325649
-မ်ရ	0.375	0.53125	0.09375	0.0
-ရ​မ	0.0	1.0	0.0	0.0
-​သြ	0.513490162275	0.309206266476	0.165215648147	0.0120879231024
-ေငှ	0.607218683652	0.265392781316	0.0	0.127388535032
-ဟ်ရ	0.725409836066	0.233606557377	0.0	0.0409836065574
-ေရိ	0.00792811839324	0.968287526427	0.0237843551797	0.0
-ညတ်	0.169549538668	0.625618811039	0.0295805999631	0.175251050329
-ဇသ်	0.0	0.692307692308	0.0	0.307692307692
-ပမာ	0.532236549578	0.18408181414	0.0933748332592	0.190306803023
-ပမှ	0.0	1.0	0.0	0.0
-လစ်	0.186660475606	0.595270471958	0.0441113064243	0.173957746012
-​သီ	0.236559139785	0.47670250896	0.168458781362	0.118279569893
-​သာ	0.246050328519	0.462084672535	0.101482826469	0.190382172477
-​သိ	0.499836531097	0.252356653694	0.0676988464456	0.180107968764
-ံဦး	0.0	0.0	0.538461538462	0.461538461538
-ရ​၍	0.427311927312	0.41503041503	0.0626588126588	0.0949988449989
-ရ​၏	0.346766494714	0.407427635664	0.0807015650908	0.165104304532
-`ညီ	0.154034229829	0.777506112469	0.0	0.0684596577017
-​သဲ	0.3875	0.5	0.025	0.0875
-​သူ	0.260814965794	0.379111649169	0.175434590565	0.184638794472
-​သေ	0.312467574535	0.478311585946	0.0973326959698	0.111888143549
-​သံ	0.157036508154	0.619228895733	0.15114558926	0.0725890068525
-ဝတ်	0.231669284707	0.536882451076	0.137333346604	0.0941149176133
-ဟာဇ	0.0	0.946428571429	0.0535714285714	0.0
-ဟာမ	0.0	1.0	0.0	0.0
-ဟာယ	0.108989777511	0.663259170174	0.01127480457	0.216476247745
-ဟာရ	0.144771301541	0.746939521286	0.0136427309824	0.0946464461903
-ဟာလ	0.0	1.0	0.0	0.0
-ာဗြ	0.0	1.0	0.0	0.0
-ေဖိ	0.0	1.0	0.0	0.0
-ဟာဒ	0.0	1.0	0.0	0.0
-ဟာန	0.0	1.0	0.0	0.0
-ိမဲ	0.0	1.0	0.0	0.0
-ိမ်	0.160328022712	0.620354671049	0.0530377770425	0.166279529197
-ိမှ	0.0191152375751	0.948115783725	0.0	0.0327689787002
-့်အ	0.165354330709	0.46062992126	0.13779527559	0.236220472441
-ိမိ	0.254723045742	0.107531313574	0.0536472954072	0.584098345277
-ိမာ	0.0	1.0	0.0	0.0
-့်ရ	0.406599824783	0.421882604887	0.0603523800252	0.111165190305
-့်မ	0.49198440208	0.286232668978	0.125108318891	0.0966746100519
-မသာ	0.222506380859	0.282608474594	0.0944926327777	0.40039251177
-မသိ	0.525332656687	0.234170982775	0.0345085556462	0.205987804892
-့်လ	0.0	1.0	0.0	0.0
-့်ဝ	0.0	0.427385892116	0.572614107884	0.0
-ိမရ	0.459595959596	0.313131313131	0.0	0.227272727273
-့်ထ	0.496786950074	0.384577360356	0.0	0.11863568957
-စိရ	0.0	1.0	0.0	0.0
-ရသာ	0.0	0.583333333333	0.416666666667	0.0
-ရသိ	0.0208333333333	0.979166666667	0.0	0.0
-မသူ	0.0	0.4	0.6	0.0
-မသေ	0.438350924001	0.237209165457	0.0579511123318	0.266488798211
-့်က	0.137067651071	0.79552202873	0.0	0.067410320199
-့်စ	1.0	0.0	0.0	0.0
-ဥမှ	0.285714285714	0.428571428571	0.0	0.285714285714
-းကျ	0.357329842932	0.191884816754	0.0329842931937	0.41780104712
-းကြ	0.492373702391	0.267439195007	0.0560990383664	0.184088064236
-ဖြေ	0.324269204623	0.502247370736	0.0539488943095	0.119534530332
-ဖြူ	0.108207677284	0.527125970768	0.363111271556	0.0015550803921
-ီဘဲ	0.202548992737	0.696724681376	0.100726325887	0.0
-ဒြိ	0.0	0.536842105263	0.463157894737	0.0
-နူး	0.0885714285714	0.311428571429	0.18	0.42
-ုပါ	0.335661923243	0.356808969383	0.0307891332471	0.276739974127
-အခဲ	0.0	1.0	0.0	0.0
-ုပေ	0.0	0.414634146341	0.390243902439	0.195121951219
-အခါ	0.307800004031	0.228762379827	0.0389364134591	0.424501202682
-ုပ်	0.178308527125	0.297706373405	0.0242436444475	0.499741455022
-ဒြေ	0.0346352247605	0.895357406043	0.0110537951363	0.0589535740604
-ုပြ	0.40406967705	0.464847418205	0.0464555127831	0.0846273919614
-း​ဤ	0.327561849025	0.225403181309	0.187871151754	0.259163817911
-အဗိ	0.0	1.0	0.0	0.0
-ဗျာ	0.228902689438	0.63735163019	0.0508338758952	0.0829118044774
-်​အ	0.0801777099025	0.798919394213	0.120902895885	0.0
-်​ဤ	0.227785417322	0.369408498409	0.125474435765	0.277331648504
-်​တ	0.169119630706	0.459758400528	0.2389316867	0.132190282066
-်​ထ	0.620043784967	0.222208708343	0.132206275845	0.0255412308441
-း​စ	0.4	0.495652173913	0.0	0.104347826087
-်​ပ	0.203646778238	0.611880057892	0.149964327211	0.0345088366594
-း​က	0.179438528386	0.584249142948	0.0454623465327	0.190849982134
-း​ခ	0.397999130057	0.515006524576	0.069595476294	0.0173988690735
-ဲမှ	0.245676937704	0.356542859916	0.139087593247	0.258692609133
-်​မ	0.197556429903	0.640824778866	0.0829985504246	0.078620240807
-်​ရ	0.354928564483	0.42552188453	0.0995829960756	0.119966554912
-း​ည	0.385964912281	0.614035087719	0.0	0.0
-်​ဝ	0.436466224907	0.291476427133	0.0338080903991	0.238249257561
-်​သ	0.429780383091	0.387618339938	0.134247027741	0.0483542492294
-်​က	0.285854924862	0.252238967243	0.0107837613229	0.451122346572
-း​ပ	0.375643072556	0.320737981196	0.0651942522619	0.238424693986
-်​စ	0.272727272727	0.49494949495	0.232323232323	0.0
-း​တ	0.153664302601	0.167454688731	0.365642237983	0.313238770686
-သာဖ	0.0	1.0	0.0	0.0
-း​သ	0.315352697095	0.219917012448	0.273858921162	0.190871369295
-း​လ	0.275	0.725	0.0	0.0
-း​ဝ	0.336399252119	0.395240771302	0.0958843845185	0.172475592061
-း​ရ	0.436306029036	0.358746464114	0.0710924953374	0.133855011512
-း​မ	0.324417031397	0.408502278721	0.124064495391	0.143016194492
-့သာ	0.345773504376	0.489836939238	0.0724405431048	0.0919490132818
-့သိ	0.447573898494	0.326547685443	0.0460122699387	0.179866146124
-ာလဝ	0.0	1.0	0.0	0.0
-တခဏ	0.530666196686	0.469333803314	0.0	0.0
-ဧဗာ	0.0	1.0	0.0	0.0
-ချေ	0.338616702899	0.415570736043	0.0813474919917	0.164465069067
-ြည်	0.168473851728	0.672316985303	0.0349941739811	0.124214988988
-ချီ	0.330772331442	0.335615608543	0.00734219295434	0.32626986706
-ချာ	0.515859413519	0.133777850821	0.127837907637	0.222524828023
-့သံ	0.315789473684	0.315789473684	0.263157894737	0.105263157895
-သဘဲ	0.0	1.0	0.0	0.0
-့သူ	0.148016614449	0.666260972367	0.117388279555	0.0683341336288
-့သေ	0.571428571429	0.142857142857	0.0	0.285714285714
-တခါ	0.08776018645	0.546572370007	0.00281282648879	0.362854617054
-ချရ	0.737621667372	0.16504443504	0.071942446043	0.0253914515447
-ီစေ	0.21052631579	0.578947368421	0.210526315789	0.0
-တခု	0.149374751792	0.569338603409	0.0496774475989	0.2316091972
-း​၎	0.244928429063	0.328146403334	0.226019206378	0.200905961225
-း​၏	0.289882949879	0.377799955156	0.063450891386	0.268866203579
-း​၌	0.254992617065	0.456461196643	0.137714464943	0.150831721349
-း​၍	0.393604993139	0.410062325631	0.0901941822226	0.106138499008
-ဖဲ့	0.568993982347	0.402542601226	0.00377226000833	0.0246911564182
-ဧဗဒ	0.0	0.0	1.0	0.0
-်​၌	0.252438921468	0.489228151979	0.0846950052521	0.173637921301
-်​၍	0.327056321027	0.38367346782	0.0585304793984	0.230739731754
-်​၎	0.206570493393	0.717420293369	0.076009213238	0.0
-်​၏	0.304984413473	0.379061937493	0.0701456956847	0.245807953349
-်တေ	0.219943240454	0.675406346749	0.0478908668731	0.0567595459236
-်တူ	0.260331604548	0.625515922478	0.0850075805662	0.0291448924086
-်တဲ	0.240083507307	0.622129436326	0.0125260960334	0.125260960334
-်တံ	0.0	1.0	0.0	0.0
-းလီ	0.45	0.55	0.0	0.0
-းလာ	0.558384461822	0.215247391284	0.0347934356266	0.191574711267
-းလံ	0.125	0.25	0.5	0.125
-းလဲ	0.386926613398	0.340384511531	0.057944029227	0.214744845844
-းလေ	0.515000444826	0.309735648932	0.0485762460479	0.126687660194
-းလူ	0.108870967742	0.737903225806	0.0	0.153225806452
-်တဩ	0.214285714286	0.785714285714	0.0	0.0
-းလှ	0.162571766424	0.374920938532	0.310562612099	0.151944682944
-်တာ	1.0	0.0	0.0	0.0
-်တု	0.0832535038413	0.814599371367	0.0601356524282	0.0420114723636
-ဘီး	0.0	1.0	0.0	0.0
-ော့	0.353923475041	0.329176253569	0.0827769360908	0.2341233353
-ါသိ	0.419217777027	0.0710400588599	0.015695851385	0.494046312728
-်တရ	0.370858433735	0.392884036145	0.00564759036143	0.230609939759
-ျစ်	0.377525378955	0.431787779607	0.0653156437696	0.125371197668
-်တသ	1.0	0.0	0.0	0.0
-နို	0.0	1.0	0.0	0.0
-ကညာ	0.0519337016574	0.437569060773	0.420994475138	0.0895027624309
-ါသူ	0.171865973426	0.111207394569	0.0101097631427	0.706816868862
-ါသံ	1.0	0.0	0.0	0.0
-ရအဘ	0.0	1.0	0.0	0.0
-ဆဲရ	0.721423062737	0.189618750629	0.0607920061697	0.0281661804647
-ကင်	0.127442667643	0.691356588141	0.050368815074	0.130831929141
-ူလှ	0.38327747602	0.500635617705	0.116086906275	0.0
-ာဗတ	0.0	1.0	0.0	0.0
-့်သ	0.666666666667	0.0	0.0	0.333333333333
-ာဗလ	0.0	0.782608695652	0.217391304348	0.0
-ကငါ	0.285714285714	0.446428571429	0.203571428571	0.0642857142857
-ူလေ	0.392421398405	0.423392773346	0.0715626466448	0.112623181605
-ိမန	0.0	1.0	0.0	0.0
-့တာ	0.615384615385	0.0	0.384615384615	0.0
-ာဗု	0.111111111111	0.888888888889	0.0	0.0
-ီးစ	0.574468085107	0.0	0.425531914893	0.0
-ှဘဲ	0.0	1.0	0.0	0.0
-ှဘိ	0.0	1.0	0.0	0.0
-ြလေ	0.585478100366	0.281431703129	0.0686605865965	0.0644296099089
-့တူ	0.419628099174	0.0925619834711	0.192768595041	0.295041322314
-့တဲ	0.0	1.0	0.0	0.0
-​ဦး	0.317439973133	0.382609534711	0.0999304726836	0.200020019472
-ရသူ	0.501558008856	0.202204517794	0.0	0.29623747335
-ရသေ	0.0909090909091	0.909090909091	0.0	0.0
-ဇိဇ	0.0	1.0	0.0	0.0
-ေဗန	0.0	1.0	0.0	0.0
-ဇိဖ	0.0	1.0	0.0	0.0
-ဇိရ	0.0	1.0	0.0	0.0
-မျှ	0.182812411521	0.370958482545	0.0590053832878	0.387223722647
-``အ	0.651578320429	0.306730196546	0.0	0.0416914830257
-ဇိဘ	0.0	1.0	0.0	0.0
-``ဥ	0.0449438202247	0.932584269663	0.0224719101124	0.0
-``ဤ	0.263109811803	0.118399415312	0.0257628357391	0.592727937146
-ြီး	0.199718278866	0.613720619749	0.0876837023012	0.0988773990834
-``မ	0.436507936508	0.5	0.0	0.0634920634921
-ာဉ်	0.102875901026	0.748007857594	0.0525408569031	0.0965753844767
-ေဗဲ	0.0	1.0	0.0	0.0
-``ထ	0.486402966625	0.394932014833	0.0	0.118665018541
-ေဗု	0.0	1.0	0.0	0.0
-ေဗာ	0.0	1.0	0.0	0.0
-ေစေ	0.476232421849	0.273174392207	0.108275389919	0.142317796024
-ဘလူ	0.0	1.0	0.0	0.0
-စော	0.0709667703789	0.465087074931	0.0767377338312	0.387208420859
-နီး	0.278074136151	0.493896996506	0.0344580995917	0.193570767751
-ေစာ	0.0	0.823529411765	0.0352941176471	0.141176470588
-ဇဟူ	0.0	0.9	0.0	0.1
-လဲက	0.0	1.0	0.0	0.0
-ဘညီ	0.0	1.0	0.0	0.0
-ဇဟာ	0.0	1.0	0.0	0.0
-လဲရ	0.642248722317	0.357751277683	0.0	0.0
-လင်	0.117936038856	0.736049190831	0.0806066540829	0.0654081162306
-ဟိဩ	0.0	1.0	0.0	0.0
-​ဟံ	0.139110606168	0.754131024606	0.0404531181624	0.0663052510633
-​ဟေ	0.392405063291	0.341772151899	0.0	0.26582278481
-​ဟူ	0.376002125605	0.454243573651	0.132683388773	0.0370709119719
-ူးရ	0.382487014599	0.376134725989	0.040229709902	0.20114854951
-ုင်	0.332741870492	0.388752157296	0.0845306636224	0.193975308589
-ု့အ	0.826086956522	0.173913043478	0.0	0.0
-ုဇဲ	0.0	1.0	0.0	0.0
-ပနာ	0.160657811512	0.775585072739	0.0	0.0637571157495
-ူးက	0.190627038107	0.772477406131	0.0307462964688	0.00614925929377
-္လု	0.333333333333	0.666666666667	0.0	0.0
-ပန်	0.454638360341	0.191761052453	0.0686759640901	0.284924623116
-​ဟာ	0.358845095682	0.470137186545	0.0785548092291	0.0924629085438
-​ဟု	0.333013277599	0.475780618999	0.0642182638697	0.126987839532
-ုငါ	0.260251065195	0.204334081642	0.0303065011224	0.505108352041
-ဒိဒ	0.0	1.0	0.0	0.0
-ဘန်	0.245895379916	0.516227567774	0.23787705231	0.0
-ဒိန	0.0	1.0	0.0	0.0
-ဒိယ	0.0	1.0	0.0	0.0
-ပ်ဧ	0.0	1.0	0.0	0.0
-းသူ	0.100259133454	0.669003286693	0.105670670395	0.125066909458
-ဟိရ	0.0	1.0	0.0	0.0
-ဟိယ	0.0	1.0	0.0	0.0
-ဟိမ	0.0	1.0	0.0	0.0
-ူးဧ	0.0361663652803	0.909584086799	0.0542495479204	0.0
-ဟိလ	0.375	0.625	0.0	0.0
-ဒနေ	0.0	1.0	0.0	0.0
-့မက	0.0	0.625	0.375	0.0
-်းလ	0.0337078651685	0.606741573034	0.359550561798	0.0
-ဖိရ	0.0	1.0	0.0	0.0
-ရဟိ	0.0	1.0	0.0	0.0
-ားဣ	0.0	0.833333333333	0.166666666667	0.0
-ရဟု	0.492758930023	0.29880023712	0.0470976440161	0.161343188841
-ိဖာ	0.0	1.0	0.0	0.0
-ွေအ	0.0	1.0	0.0	0.0
-နအဘ	0.0	1.0	0.0	0.0
-ရဟူ	0.663580246914	0.211728395062	0.0493827160494	0.0753086419754
-ြဲရ	0.428571428572	0.428571428571	0.142857142857	0.0
-ိဖလ	0.0	1.0	0.0	0.0
-မဟု	0.265354162209	0.708966402739	0.0256794350524	0.0
-မဟိ	0.0	1.0	0.0	0.0
-မဟာ	0.137001078749	0.382955771305	0.447680690399	0.0323624595468
-ဆင်	0.426139339969	0.255977462341	0.132715379013	0.185167818677
-သတ်	0.424441360893	0.424491589395	0.0822554862725	0.0688115634396
-ဖို	0.0366280635605	0.934105395457	0.0256755543586	0.00359098662358
-ာသူ	0.265298659465	0.347738516231	0.227870134725	0.159092689579
-သတိ	0.264886164623	0.430823117338	0.140105078809	0.164185639229
-သတာ	0.0976933514246	0.820895522388	0.0	0.0814111261875
-ဒန်	0.0261402931006	0.884488720567	0.0314232394753	0.0579477468576
-မဟံ	0.0	0.553191489362	0.0	0.446808510638
-ဟကြ	1.0	0.0	0.0	0.0
-ီဟု	0.435924619935	0.298085202409	0.0902937598755	0.17569641778
-ဿိရ	0.0	1.0	0.0	0.0
-ညစ်	0.184614357855	0.331056475609	0.345834948598	0.138494217938
-ယာရ	0.0	1.0	0.0	0.0
-ီဟူ	0.481927710843	0.412359113875	0.0544111931597	0.051301982122
-့မူ	0.0	0.190476190476	0.666666666667	0.142857142857
-ုဖု	0.0363636363636	0.963636363636	0.0	0.0
-ုဖာ	0.666666666667	0.0	0.333333333333	0.0
-လဖဲ	0.0	0.942934782609	0.0	0.0570652173913
-ဒျာ	0.0	1.0	0.0	0.0
-့မာ	0.0	0.047619047619	0.380952380953	0.571428571428
-ုဖံ	0.0	1.0	0.0	0.0
-းကာ	0.0723721998852	0.746122917863	0.134118322803	0.0473865594486
-အနံ	0.0418818930615	0.592489180511	0.284657266508	0.0809716599192
-ံကြ	0.601042502696	0.179745826054	0.0605451279114	0.158666543339
-္ကာ	0.0710825994534	0.889933191618	0.0113498329791	0.0276343759491
-အနေ	0.435975609756	0.400914634146	0.114329268293	0.0487804878049
-အန်	0.0	1.0	0.0	0.0
-ဗြဲ	0.0688480764654	0.654294764983	0.276857158552	0.0
-ုဘဲ	0.322162389384	0.271639476145	0.0721931916189	0.334004942853
-အနီ	0.0	1.0	0.0	0.0
