-øri	0.508519168128	0.336131295415	0.0826860435981	0.0726634928589
-ørj	0.0	0.24	0.0	0.76
-øro	0.450450450451	0.423423423423	0.126126126126	0.0
-øra	0.339390006489	0.408176508761	0.188189487346	0.0642439974043
-ørd	0.355117875261	0.366457773799	0.0752014324083	0.203222918532
-ørg	0.129890453834	0.529733959311	0.321596244132	0.018779342723
-ãgt	0.0217436680893	0.971914428718	0.0	0.00634190319271
-rba	0.629805332897	0.0912808768199	0.0719777523311	0.206936037952
-rbe	0.152149845229	0.0727479156781	0.02641270702	0.748689532073
-ørr	0.451903720324	0.214090049785	0.0851279777179	0.248878252173
-rbo	0.107692307692	0.174358974359	0.717948717949	0.0
-ørt	0.0839416058393	0.631386861314	0.262773722628	0.021897810219
-idø	0.316455696202	0.64082278481	0.0142405063291	0.0284810126582
-idõ	0.0412213740458	0.954198473282	0.0	0.00458015267176
-mbe	0.241379310345	0.26157635468	0.164039408867	0.333004926108
-apa	0.111455108359	0.566563467492	0.303405572755	0.0185758513932
-dro	0.646226415094	0.325471698113	0.0283018867925	0.0
-nþe	0.51282051282	0.408148928697	0.00702493853179	0.0720056199509
-'il	0.373056994819	0.626943005181	0.0	0.0
-ørã	0.0257426104102	0.949427637705	0.0120497325325	0.0127800193526
-ïse	0.288157894737	0.617105263158	0.0473684210526	0.0473684210526
-rbã	0.206611570248	0.52479338843	0.227272727273	0.0413223140496
-ørø	0.189655172414	0.737068965517	0.0646551724138	0.00862068965517
-rbë	0.0384615384615	0.961538461538	0.0	0.0
-wag	0.193548387097	0.0483870967742	0.693548387097	0.0645161290323
-idi	0.350877192982	0.567251461988	0.0584795321637	0.0233918128655
-idg	0.269230769231	0.730769230769	0.0	0.0
-ide	0.143617021277	0.654255319149	0.031914893617	0.170212765957
-ida	0.231616270848	0.671162084598	0.0709146113214	0.0263070332321
-øwi	0.0773105011332	0.727272727273	0.00402921178544	0.191387559809
-tlo	0.254237288136	0.542372881356	0.135593220339	0.0677966101695
-idt	0.248691460055	0.353787878788	0.0165289256198	0.380991735537
-uta	0.394181818182	0.550545454545	0.0290909090909	0.0261818181818
-utj	0.520833333333	0.3125	0.125	0.0416666666667
-uti	0.821428571429	0.107142857143	0.0357142857143	0.0357142857143
-'ba	0.635714285714	0.235714285714	0.0	0.128571428571
-ngé	0.261954261954	0.507276507277	0.081081081081	0.149688149688
-øwa	0.0333956342349	0.924639418838	0.0	0.0419649469267
-hsï	0.423240616162	0.417611686208	0.115324418573	0.0438232790577
-wai	0.29746835443	0.457805907173	0.0864978902954	0.158227848101
-þïr	0.353135313531	0.397139713972	0.0	0.249724972497
-nun	0.0380090497737	0.220814479638	0.741176470588	0.0
-iam	0.123745819398	0.173913043478	0.561872909699	0.140468227425
-r'n	0.283145826794	0.589292379166	0.0544044990792	0.073157294961
-num	0.271186440678	0.491525423729	0.203389830508	0.0338983050847
-ïdõ	0.336607995634	0.132623823168	0.0376586164551	0.493109564743
-ïdø	0.275600934368	0.477545022982	0.05960364705	0.187250395599
-ïdë	0.019251453832	0.672373646636	0.0240975603991	0.284277339133
-ije	0.0	1.0	0.0	0.0
-ijg	0.137254901961	0.176470588235	0.686274509804	0.0
-ijt	0.350082827167	0.436775262286	0.093870789619	0.119271120928
-yàj	0.592027141646	0.265479219678	0.0916030534351	0.0508905852418
-yài	0.840909090909	0.0909090909091	0.0681818181818	0.0
-yàn	0.749412176697	0.178548201511	0.0	0.072039621792
-yàa	0.412905500705	0.0765162200282	0.0105782792666	0.5
-yàd	0.425925925926	0.12962962963	0.37037037037	0.0740740740741
-nïm	0.118755874849	0.484104337317	0.0443131462334	0.352826641601
-nïn	0.498893875068	0.316891574748	0.0301491503011	0.154065399883
-kãi	0.423500822846	0.484679452388	0.0731732575831	0.0186464671834
-yat	0.276937329798	0.421006308224	0.120667966132	0.181388395847
-ïdt	0.517774343122	0.225656877898	0.15455950541	0.10200927357
-ïdu	0.0375059413214	0.346670699564	0.562992409512	0.0528309496032
-jlo	0.0680272108844	0.795918367347	0.136054421769	0.0
-nus	0.0294599018003	0.837970540098	0.0196399345335	0.112929623568
-ïda	0.503882195449	0.24390896921	0.0412315930388	0.210977242303
-yag	0.100709155149	0.658254551642	0.0294806639483	0.211555629261
-yaa	0.644939965695	0.195540308748	0.0874785591766	0.0720411663808
-lpa	0.00708549834672	0.950401511573	0.0425129900803	0.0
-ïdg	0.228571428571	0.142857142857	0.542857142857	0.0857142857143
-yam	0.388671875	0.130208333333	0.0305989583333	0.450520833333
-yan	0.521730198282	0.133601951013	0.0838988442371	0.260769006468
-yai	0.592407175636	0.185648727576	0.0600750938674	0.16186900292
-lpi	0.0	1.0	0.0	0.0
-yaj	0.329411764706	0.458823529412	0.0705882352941	0.141176470588
-þit	0.327728940855	0.492190833831	0.0665699411113	0.113510284202
-rït	0.130813953488	0.744186046512	0.0436046511628	0.0813953488372
-rïr	0.135439269314	0.204849371751	0.614749962154	0.0449613967805
-rïm	0.59594173657	0.166115883447	0.0508768583016	0.187065521682
-rïn	0.64728487165	0.125575250885	0.0336941245528	0.193445752912
-lad	0.5603515625	0.126171875	0.00996093750001	0.303515625
-gëg	0.0629921259842	0.551181102362	0.267716535433	0.11811023622
-þøt	0.420100824198	0.449667920301	0.00840201648395	0.121829239017
-gëi	0.470588235294	0.137254901961	0.313725490196	0.078431372549
-þøl	0.0938856015778	0.882445759369	0.0	0.0236686390533
-þøn	0.633333333333	0.366666666667	0.0	0.0
-gïm	0.402966208814	0.354765315581	0.115024858852	0.127243616752
-laa	0.547532596138	0.135707212411	0.0192275953128	0.297532596138
-adg	0.0687890898074	0.260838525755	0.126689794192	0.543682590246
-ade	0.0	1.0	0.0	0.0
-ada	0.380236327067	0.0684244306291	0.0157411753428	0.535598066962
-adn	0.703703703704	0.259259259259	0.037037037037	0.0
-adm	0.795505617978	0.191011235955	0.0	0.0134831460674
-adj	0.125483785194	0.0395595954423	0.0100450055641	0.824911613799
-'jt	0.353260869565	0.434782608696	0.0652173913043	0.146739130435
-adi	0.48027709501	0.13109230271	0.0214625948841	0.367168007395
-adt	0.217470185364	0.443365189562	0.0789903056941	0.26017431938
-aat	0.234300439741	0.675239772473	0.041394143174	0.0490656446116
-'ja	0.489795918367	0.428571428571	0.0816326530612	0.0
-oht	0.240889437925	0.53057442866	0.0679431747992	0.160592958616
-sen	0.313522355507	0.24086695747	0.0275354416576	0.418075245365
-sem	0.055579989005	0.0835898845519	0.0101704233095	0.850659703134
-sel	0.169696969697	0.793939393939	0.0121212121212	0.0242424242424
-sek	0.0	1.0	0.0	0.0
-sej	0.0719260648273	0.0723278864184	0.00636217519421	0.84938387356
-sei	0.0465766323381	0.0497453735735	0.0227012157614	0.880976778327
-uip	0.0120998235442	0.801361230149	0.159062263675	0.0274766826317
-see	0.108484005563	0.632823365786	0.200278164117	0.058414464534
-sed	0.0566769872981	0.0242352258335	0.000461257272009	0.918626529596
-sea	0.125874125874	0.41958041958	0.454545454545	0.0
-ohg	0.00347447984395	0.101918075423	0.0	0.894607444733
-uin	0.62096069869	0.272489082969	0.0	0.106550218341
-sew	0.0819229609836	0.397970238082	0.36768849298	0.152418307954
-oho	0.746192893401	0.152284263959	0.0710659898477	0.0304568527919
-sep	0.0943396226415	0.792452830189	0.0754716981132	0.0377358490566
-lat	0.127847834154	0.73941453405	0.0410393730581	0.0916982587372
-ble	0.264204545455	0.662878787879	0.0388257575758	0.0340909090909
-pal	0.398876404494	0.567415730337	0.0337078651685	0.0
-eþo	0.480769230769	0.442307692308	0.0	0.0769230769231
-aan	0.644313335663	0.140995280762	0.0276080488277	0.187083334747
-aai	0.448007870143	0.402656173143	0.0649286768322	0.0844072798819
-mta	0.249411013057	0.588627560596	0.0301880765084	0.131773349838
-uun	0.48502994012	0.479041916168	0.0	0.0359281437126
-mõm	0.573770491803	0.0655737704918	0.0327868852459	0.327868852459
-uug	0.0	0.923930269414	0.0760697305864	0.0
-aaj	0.190348525469	0.620643431636	0.0160857908847	0.172922252011
-mõi	0.087703962704	0.126456876457	0.679195804196	0.106643356643
-mõt	0.257352941176	0.698529411765	0.0147058823529	0.0294117647059
-þem	0.0943396226415	0.905660377358	0.0	0.0
-uut	0.0929822222599	0.702286279186	0.0494767788171	0.155254719737
-lþe	0.101017170586	0.744074281448	0.104983202688	0.0499253452781
-adï	0.349206349206	0.587301587302	0.0	0.0634920634921
-adõ	0.113868613139	0.609343065693	0.24700729927	0.0297810218978
-hþe	0.276923076923	0.353846153846	0.0	0.369230769231
-adø	0.194661110372	0.584036108978	0.114319823439	0.106982957211
-ømt	0.0613861164469	0.189496084758	0.00966831334039	0.739449485455
-õkõ	0.240196078431	0.21568627451	0.5	0.0441176470589
-raw	0.171899529042	0.157770800628	0.663265306123	0.00706436420722
-err	0.0428862343239	0.745524086156	0.140518549757	0.0710711297638
-ert	0.242123871457	0.602773744134	0.0976492623693	0.0574531220405
-ras	0.142599277978	0.757220216607	0.0351985559567	0.0649819494585
-rap	0.0960451977401	0.830508474576	0.0734463276836	0.0
-ran	0.582062275954	0.24376186125	0.0974203978351	0.076755464961
-eri	0.475084041922	0.329147716037	0.0771208226221	0.118647419419
-erj	0.772036474164	0.0455927051672	0.127659574468	0.0547112462006
-ram	0.165862484922	0.825090470446	0.0	0.0090470446321
-tþe	0.356397741411	0.338118480237	0.261269020959	0.044214757393
-rak	0.0	1.0	0.0	0.0
-ero	0.128517429651	0.809743805124	0.010079798404	0.0516589668207
-era	0.597038973129	0.180293238332	0.0231535353897	0.199514253149
-erb	0.00890207715132	0.991097922849	0.0	0.0
-erd	0.641433677716	0.211673113646	0.0205650492092	0.126328159428
-ere	0.063670411985	0.932584269663	0.00374531835206	0.0
-raa	0.297297297297	0.648648648649	0.027027027027	0.027027027027
-mtø	0.297872340426	0.0212765957447	0.63829787234	0.0425531914894
-ugt	0.20757930594	0.355971896955	0.295933574622	0.140515222482
-õyo	0.166666666667	0.791666666667	0.0208333333333	0.0208333333333
-ugg	0.122448979592	0.0	0.0204081632653	0.857142857143
-mtî	0.407704654896	0.46227929374	0.120385232745	0.00963081861958
-ugo	0.830098617027	0.106179611367	0.0529380871798	0.0107836844255
-mtã	0.1252560154	0.0917776522561	0.111772628442	0.671193703902
-ugj	0.52065471551	0.357755261107	0.0982073265783	0.0233826968043
-ikg	0.241245136187	0.0077821011673	0.704280155642	0.0466926070039
-hkõ	0.862595419847	0.129770992366	0.0	0.00763358778626
-ehø	0.355371900826	0.619834710744	0.0	0.0247933884297
-ika	0.00612666283045	0.889889313881	0.0064990014555	0.0974850218326
-iko	0.344660194175	0.655339805825	0.0	0.0
-nos	0.0357142857143	0.964285714286	0.0	0.0
-not	0.382352941176	0.267973856209	0.0490196078431	0.300653594771
-nok	0.0478153338829	0.940643033801	0.0115416323166	0.0
-iks	0.387755102041	0.530612244898	0.0816326530612	0.0
-nom	0.154471544715	0.430894308943	0.284552845528	0.130081300813
-non	0.160094009875	0.0112272470787	0.0103228777122	0.818355865334
-noo	0.84375	0.0	0.09375	0.0625
-noe	0.0	1.0	0.0	0.0
-dþe	0.433333333333	0.533333333333	0.0333333333333	0.0
-lðe	0.372262773723	0.540145985401	0.043795620438	0.043795620438
-gla	0.142069551782	0.030652672336	0.027736324968	0.799541450914
-tod	0.104750304507	0.841656516443	0.0365408038977	0.0170523751522
-toa	0.248484848485	0.533333333333	0.145454545455	0.0727272727273
-ton	0.405227213355	0.191573264334	0.0742657394852	0.328933782826
-too	0.216122827016	0.752172983756	0.0194143630664	0.0122898261613
-tom	0.523676880223	0.143454038997	0.140668523677	0.192200557103
-toj	0.134228187919	0.536912751678	0.288590604027	0.0402684563758
-glo	0.0848107690356	0.672614859331	0.0585975799661	0.183976791667
-tow	0.0199335548173	0.800664451827	0.159468438538	0.0199335548173
-tot	0.233139761858	0.344134296311	0.211911965645	0.210813976186
-tor	0.0	0.969543147208	0.0101522842639	0.0203045685279
-rot	0.198085655418	0.526914844672	0.181582684883	0.0934168150267
-iel	0.00277649236465	0.983341045812	0.0111059694586	0.00277649236465
-ror	0.102040816327	0.714285714286	0.0612244897959	0.122448979592
-ien	0.141736145169	0.761647866601	0.00735654732712	0.0892594409024
-égo	0.1	0.875	0.025	0.0
-ieg	0.037037037037	0.962962962963	0.0	0.0
-rod	0.140393897433	0.367510645257	0.0574308937125	0.434664563598
-rog	0.223390275953	0.662286465177	0.0453350854139	0.0689881734559
-roa	0.313323572474	0.390568990761	0.0741152117938	0.221992224971
-rom	0.213139367999	0.207566686199	0.0169244095692	0.562369536233
-ron	0.167639045224	0.207637362059	0.063623644263	0.561099948453
-roi	0.115965189556	0.303339847924	0.0706798657408	0.51001509678
-roj	0.0778846153846	0.104487179487	0.0283653846154	0.789262820513
-ikï	0.0779220779221	0.43093270366	0.453364817001	0.0377804014168
-rag	0.17789236223	0.783435385111	0.029004189494	0.00966806316469
-kòt	0.0770861437657	0.912796299865	0.00433609558681	0.00578146078242
-nga	0.402601074357	0.490717180285	0.0744510413722	0.0322307039864
-rad	0.0567816946632	0.772873221347	0.132490620881	0.0378544631088
-nge	0.387601228707	0.229824071488	0.132923764312	0.249650935493
-ðia	0.535593220339	0.122033898305	0.0271186440678	0.315254237288
-ðig	0.298634812287	0.343003412969	0.102389078498	0.255972696246
-glé	0.537190082645	0.314049586777	0.099173553719	0.0495867768595
-ngg	0.0750938863633	0.624196074258	0.221769472868	0.0789405665111
-ðit	0.131691648822	0.211991434689	0.041755888651	0.614561027837
-tin	0.260869565217	0.623188405797	0.101449275362	0.0144927536232
-'øi	0.593102381689	0.326476956387	0.0463965357253	0.0340241261986
-'øj	0.532493762623	0.194843768564	0.133064037068	0.139598431745
-'ød	0.765384615385	0.165384615385	0.0	0.0692307692308
-'øg	0.216606498195	0.224811289793	0.0393829996718	0.51919921234
-olj	0.519230769231	0.346153846154	0.115384615385	0.0192307692308
-'ør	0.0300091349051	0.793279042196	0.158247653107	0.0184641697926
-lek	0.0	1.0	0.0	0.0
-lem	0.0155660064913	0.9431012784	0.00198714976485	0.0393455653441
-ïwo	0.28641370869	0.419828641371	0.139534883721	0.154222766218
-mum	0.0	1.0	0.0	0.0
-lea	0.0	1.0	0.0	0.0
-sad	0.291399229782	0.677792041078	0.0	0.0308087291399
-leg	0.196506550218	0.76943231441	0.0131004366812	0.02096069869
-oig	0.103080541922	0.435347069866	0.4431388958	0.0184334924117
-mut	0.301737278669	0.312727128753	0.249534076737	0.136001515841
-wgt	0.242226255293	0.671385359952	0.0101633393829	0.076225045372
-oid	0.119760479042	0.377245508982	0.0	0.502994011976
-esï	0.0935406662552	0.173739167959	0.0363033322796	0.696416833506
-oia	0.227852948685	0.569159191147	0.104636729376	0.0983511307915
-mur	0.406871609403	0.45931283906	0.0198915009041	0.113924050633
-oin	0.622337171144	0.131931698092	0.0862116914177	0.159519439346
-oim	0.408312958435	0.271393643032	0.124694376528	0.195599022005
-les	0.326530612245	0.612244897959	0.0	0.0612244897959
-let	0.0268095692489	0.93583415408	0.0263265139471	0.011029762724
-oij	0.058602310161	0.907607696767	0.00812939163875	0.0256606014336
-oii	0.563636363636	0.336363636364	0.00909090909091	0.0909090909091
-lew	0.242825607064	0.690949227373	0.0264900662252	0.0397350993378
-'ug	0.640668523677	0.165556497517	0.052077025554	0.141697953252
-n'ü	0.424125918022	0.230290000628	0.329875714017	0.0157083673341
-'ya	0.868421052632	0.0526315789474	0.0	0.0789473684211
-n'î	0.394736842105	0.303827751196	0.0215311004785	0.27990430622
-nît	0.133333333333	0.866666666667	0.0	0.0
-nîn	0.273610361576	0.507285483	0.11620795107	0.102896204353
-tla	0.214611872146	0.470319634703	0.13698630137	0.178082191781
-nãi	0.479016735471	0.132988481998	0.0779465102098	0.310048272322
-mgo	0.829155255951	0.143037708026	0.00252791236571	0.0252791236571
-pel	0.386138613861	0.594059405941	0.0	0.019801980198
-pen	0.0377358490566	0.962264150943	0.0	0.0
-ogt	0.11368897357	0.726405501721	0.0788488042503	0.0810567204586
-pet	0.274551535421	0.712678625722	0.0063849194284	0.00638491942839
-pep	0.0	0.021712907117	0.978287092883	0.0
-ogo	0.173975044563	0.70623885918	0.0652406417112	0.0545454545455
-oga	0.813622871426	0.177628495548	0.00874863302607	0.0
-mgt	0.289449112978	0.615312791783	0.0392156862745	0.0560224089636
-ogg	0.185948107003	0.739508819265	0.0647132178555	0.00982985587679
-iëg	0.12	0.8	0.08	0.0
-kïn	0.400703549728	0.469459545891	0.0614007035497	0.0684362008315
-rig	0.129547325103	0.805761316872	0.0342386831276	0.0304526748971
-muî	0.139072847682	0.466887417218	0.374172185431	0.0198675496689
-est	0.0217391304348	0.978260869565	0.0	0.0
-ølg	0.214491086831	0.682001150086	0.0741805635423	0.02932719954
-øle	0.0922844175492	0.806354009077	0.0317700453858	0.0695915279879
-øld	0.554844165257	0.128171055811	0.0879439478135	0.229040831119
-itj	0.379061371841	0.303249097473	0.182310469314	0.135379061372
-øla	0.476239309227	0.157454314252	0.220891359189	0.145415017331
-iti	0.0	0.775510204082	0.224489795918	0.0
-itg	0.0404563378586	0.865988380843	0.0733271123687	0.0202281689293
-esa	0.0	1.0	0.0	0.0
-jal	0.107146544262	0.467564981218	0.352214880759	0.0730735937611
-øli	0.408255704641	0.338090761473	0.187334415862	0.0663191180241
-ita	0.133168003431	0.637305930944	0.179381455141	0.0501446104834
-udt	0.0544125708021	0.0284304768865	0.0113283391193	0.905828613192
-udu	0.215909090909	0.329545454545	0.363636363636	0.0909090909091
-n'a	0.435630689207	0.106829875049	0.0178096907333	0.43972974501
-uda	0.00803750837241	0.927662424648	0.060281312793	0.0040187541862
-eed	0.690265486726	0.274336283186	0.0	0.0353982300885
-n'g	0.117856301026	0.846358240298	0.0261426704095	0.0096427882658
-n'j	0.72131147541	0.160655737705	0.0786885245902	0.0393442622951
-n'm	0.394736842105	0.473684210526	0.0394736842105	0.0921052631579
-n'n	0.28197738569	0.344462458979	0.0710757967746	0.302484358556
-tïn	0.612592983261	0.188425181456	0.0560818555408	0.142899979742
-'ko	0.497645211931	0.345368916798	0.0313971742543	0.125588697017
-kïr	0.32268722467	0.502202643172	0.132158590308	0.0429515418503
-tït	0.28712174525	0.469387755102	0.036593947924	0.206896551724
-tïr	0.0332409972299	0.891571032845	0.0498614958449	0.0253264740799
-ael	0.042049934297	0.909430910745	0.00909734155463	0.0394218134034
-jkø	0.292452830189	0.649595687332	0.0498652291105	0.00808625336926
-bog	0.0720934244944	0.78916772558	0.112292252532	0.0264465973934
-lsï	0.653594010631	0.0655121026051	0.0331640741119	0.247729812652
-øbg	0.0	0.976718403548	0.0	0.0232815964523
-eju	0.00515029324764	0.657126692714	0.00250355795675	0.335219456081
-kre	0.00533333333334	0.994666666667	0.0	0.0
-tne	0.0330578512396	0.96694214876	0.0	0.0
-eea	0.350294590252	0.444027852169	0.0514193893948	0.154258168184
-gmt	0.251308900524	0.48167539267	0.157068062827	0.109947643979
-tej	0.0280373831776	0.971962616822	0.0	0.0
-l'n	0.262869091147	0.519838425477	0.150906956689	0.0663855266868
-eat	0.49779458097	0.258979206049	0.0970384373031	0.146187775677
-édg	0.0905349794239	0.864197530864	0.0246913580247	0.0205761316872
-eda	0.349288486417	0.518758085382	0.0931435963777	0.0388098318241
-éda	0.355371900826	0.210743801653	0.433884297521	0.0
-eag	0.0609137055838	0.881979695431	0.0304568527919	0.0266497461929
-eal	0.402877697842	0.294964028777	0.0863309352518	0.215827338129
-rni	0.0	1.0	0.0	0.0
-ean	0.425316455696	0.179746835443	0.379746835443	0.0151898734177
-uri	0.406196213425	0.573149741824	0.0	0.0206540447504
-urj	0.912621359223	0.0582524271844	0.0	0.0291262135922
-ïsî	0.0171428571429	0.547857142857	0.085	0.35
-uro	0.659326978237	0.227892443457	0.0736003124657	0.0391802658399
-ura	0.591510431287	0.0772387101398	0.00426449420351	0.326986364369
-urd	0.549251690891	0.0913800546841	0.00661965750468	0.35274859692
-nnõ	0.294478527607	0.662576687117	0.0184049079754	0.0245398773006
-urg	0.0925925925926	0.740740740741	0.166666666667	0.0
-urr	0.261604106804	0.641350456528	0.0578966251378	0.0391488115299
-urs	0.128571428572	0.828571428571	0.0428571428572	0.0
-urt	0.0281690140845	0.943661971831	0.0281690140845	0.0
-uru	0.447727272727	0.484090909091	0.0272727272727	0.0409090909091
-ewg	0.197255807635	0.273739980981	0.412443961418	0.116560249966
-kaj	0.414125956445	0.542907592702	0.016127133608	0.0268393172454
-a'n	0.216631432842	0.267211124179	0.0701018575833	0.446055585396
-r'j	0.34	0.62	0.0	0.04
-t't	0.132352927612	0.737883286614	0.0344465628612	0.0953172229125
-t'n	0.161537749672	0.389123033917	0.0476487280979	0.401690488313
-t'm	0.631067961165	0.0776699029126	0.0582524271845	0.233009708738
-tnõ	0.139534883721	0.837209302326	0.0	0.0232558139535
-rnõ	0.396825396825	0.507936507937	0.031746031746	0.0634920634921
-eðe	0.763198757764	0.0815217391304	0.0139751552795	0.141304347826
-eða	0.172851544865	0.556909908446	0.103743431388	0.166495115301
-dãt	0.0814332247557	0.882736156352	0.0228013029316	0.0130293159609
-ipt	0.103505843072	0.856427378965	0.0200333889816	0.0200333889816
-jei	0.678278688525	0.164959016393	0.0122950819672	0.144467213115
-dãa	0.617021276596	0.127659574468	0.191489361702	0.063829787234
-dãg	0.184201358648	0.770074899843	0.0378853858213	0.00783835568716
-éja	0.172661870504	0.762589928058	0.021582733813	0.0431654676259
-ëbe	0.0413023858242	0.0570034929624	0.442510799248	0.459183321966
-õtõ	0.82340862423	0.00616016427105	0.0657084188911	0.104722792608
-kle	0.0189603412861	0.949439089904	0.0126402275241	0.0189603412861
-øïn	0.483271375465	0.392812887237	0.0743494423792	0.0495662949194
-awg	0.0958254607679	0.754220397263	0.0381123991691	0.1118417428
-mdg	0.358029801325	0.567466887417	0.0496688741722	0.0248344370861
-jem	0.237617924528	0.104952830189	0.0212264150943	0.636202830189
-lro	0.427898818316	0.429006646972	0.0913958641064	0.0516986706056
-ãpã	0.124940391035	0.204577968526	0.382451120649	0.28803051979
-mdt	0.204490299309	0.280676860239	0.0328881934038	0.481944647049
-dbá	0.2	0.644444444445	0.0	0.155555555555
-hjt	0.373563218391	0.408045977012	0.0804597701149	0.137931034483
-kóo	0.16170212766	0.710638297873	0.0893617021275	0.0382978723404
-w'ï	0.221374045802	0.641221374046	0.0	0.137404580153
-køa	0.749596122779	0.133441033926	0.0387722132472	0.0781906300485
-tem	0.784768575712	0.178855159011	0.0293266014639	0.00704966381343
-awt	0.47238744786	0.243402679105	0.0500739840665	0.234135888968
-'la	0.336406407223	0.0330423431509	0.00503113866906	0.625520110957
-tîd	0.605475040258	0.132045088567	0.0933977455717	0.169082125604
-tîg	0.0	0.973397854094	0.0266021459065	0.0
-tîi	0.264150943396	0.490566037736	0.0754716981132	0.169811320755
-tîj	0.657615112161	0.214876033058	0.0779220779221	0.0495867768595
-tîm	0.274258219727	0.135525260625	0.307939053729	0.282277465918
-tîn	0.527543031571	0.174980921964	0.0611910347362	0.236285011729
-ajo	0.258706467662	0.696517412935	0.0199004975124	0.0248756218905
-aji	0.412856070269	0.461007535256	0.0640813409682	0.0620550535066
-áda	0.76	0.168	0.0	0.072
-ajd	0.276408450704	0.452112676056	0.160211267606	0.111267605634
-aje	0.0	1.0	0.0	0.0
-ajg	0.141168754374	0.593376146173	0.205589425383	0.0598656740698
-aja	0.333252740168	0.42859445519	0.0771679561573	0.160984848485
-ádt	0.421052631579	0.40350877193	0.175438596491	0.0
-ajt	0.366083199644	0.513000937148	0.0673376272694	0.0535782359388
-yuk	0.195121951219	0.723199092456	0.0816789563245	0.0
-yum	0.0217391304348	0.978260869565	0.0	0.0
-ojt	0.192928256954	0.347708625175	0.0445267160296	0.414836401841
-ðëg	0.0961538461538	0.903846153846	0.0	0.0
-ldg	0.3388834476	0.643486777669	0.0117531831538	0.00587659157689
-õit	0.187516302879	0.407057328388	0.0364725155706	0.368953853163
-lde	0.125	0.875	0.0	0.0
-oja	0.446115288221	0.418233082707	0.0686090225564	0.0670426065163
-ojg	0.0594900849858	0.573654390935	0.34985835694	0.0169971671388
-ojd	0.551778656126	0.429249011858	0.0189723320158	0.0
-yus	0.0235478806908	0.934850863422	0.0094191522763	0.0321821036107
-yur	0.500608929115	0.276578371945	0.104625093415	0.118187605525
-yut	0.0458015267175	0.358778625954	0.595419847328	0.0
-õig	0.217973045298	0.267519745698	0.427317990885	0.087189218119
-ldt	0.252747252747	0.46978021978	0.211538461538	0.065934065934
-bji	0.189090909091	0.767272727273	0.0145454545455	0.0290909090909
-uso	0.404422253923	0.409415121255	0.147646219686	0.0385164051355
-ékï	0.0805500982318	0.589390962672	0.0	0.330058939096
-ndu	0.545329038196	0.369995398067	0.0441785549931	0.0404970087437
-tsï	0.522939424032	0.184309831182	0.0929493545184	0.199801390268
-ékü	0.43956043956	0.0494505494505	0.296703296703	0.214285714286
-ust	0.202402402402	0.757957957958	0.0252252252252	0.0144144144144
-epe	0.359673024523	0.297002724796	0.261580381471	0.0817438692098
-hør	0.55	0.11	0.34	0.0
-kur	0.321045576407	0.268766756032	0.325737265416	0.0844504021448
-høw	0.174825174825	0.461538461538	0.321678321678	0.041958041958
-høj	0.337880377754	0.318992654774	0.0451206715635	0.298006295908
-høi	0.72934016656	0.106502242152	0.0168161434977	0.14734144779
-høn	0.506005939453	0.151557365112	0.0469837329905	0.295452962445
-høm	0.537417241689	0.170394743412	0.0587671383349	0.233420876564
-høa	0.433749845354	0.119757515774	0.030681677595	0.415810961277
-hød	0.206808292808	0.429997440492	0.13667775787	0.22651650883
-õng	0.306818181818	0.386363636364	0.0	0.306818181818
-wig	0.0642857142857	0.871428571429	0.0428571428572	0.0214285714286
-ius	0.052757793765	0.923261390887	0.0239808153477	0.0
-ãbe	0.12589390108	0.288957772521	0.519074421513	0.0660739048862
-ksï	0.0591133004926	0.852595680182	0.00454717696097	0.0837438423645
-õna	0.458381839348	0.319218083042	0.202876406674	0.0195236709352
-ium	0.0306748466257	0.901840490798	0.0552147239263	0.0122699386503
-iud	0.0	1.0	0.0	0.0
-'gt	0.128340111429	0.719634692199	0.143762957438	0.00826223893322
-õgt	0.2149471974	0.648090982941	0.105442729488	0.0315190901706
-uel	0.0	0.986870897155	0.0	0.0131291028446
-enî	0.493128092358	0.435404068169	0.0428807036833	0.0285871357889
-enï	0.142857142857	0.755102040816	0.0	0.102040816327
-usï	0.348860224986	0.411143733712	0.100451951308	0.139544089994
-éko	0.341085271318	0.116279069767	0.333333333333	0.209302325581
-iig	0.101373283396	0.796754057428	0.0928838951311	0.00898876404493
-õnt	0.495295806092	0.295806091532	0.109232977197	0.0996651251794
-iit	0.262860631965	0.684323004122	0.0137383605556	0.0390780033583
-tal	0.258591635602	0.416228361334	0.299851912373	0.0253280906909
-tam	0.335396736072	0.452447945976	0.0709060213844	0.141249296567
-tan	0.195551538238	0.679278174129	0.0468412047648	0.0783290828679
-tai	0.321338261039	0.228360241198	0.12448939895	0.325812098813
-taj	0.284090909091	0.233085025622	0.034873790093	0.447950275195
-tad	0.287865081416	0.139247867666	0.0802856035151	0.492601447402
-tag	0.199904815282	0.569722912289	0.0648574681087	0.16551480432
-taa	0.358676246541	0.109237112802	0.0300249799106	0.502061660746
-gna	0.478712357217	0.329179646937	0.0934579439252	0.098650051921
-tat	0.179748572543	0.515688262516	0.121321387376	0.183241777566
-tap	0.247755262998	0.150109203422	0.528423223928	0.0737123096524
-tar	0.297871369021	0.438608208315	0.117861857215	0.145658565449
-tas	0.0	1.0	0.0	0.0
-ent	0.15663439925	0.700773740272	0.0272311393749	0.115360721103
-ens	0.0	1.0	0.0	0.0
-eni	0.150499363662	0.130287538558	0.0821846890572	0.637028408723
-end	0.726049477889	0.132665218305	0.0706426519027	0.0706426519027
-ene	0.165288251034	0.579299440525	0.12478715641	0.130625152031
-eng	0.165776571916	0.561236138809	0.122892284972	0.150095004302
-ena	0.710364220675	0.0649437600428	0.00482056775576	0.219871451527
-kün	0.345971563981	0.502369668246	0.0995260663507	0.0521327014218
-okõ	0.846625766871	0.079754601227	0.0368098159509	0.0368098159509
-msï	0.359411058952	0.214598615174	0.0442428551131	0.38174747076
-küa	0.385852090032	0.430868167203	0.11575562701	0.0675241157556
-hem	0.0151515151515	0.94696969697	0.0378787878788	0.0
-okï	0.355113636364	0.460227272727	0.0767045454545	0.107954545455
-deõ	0.0	1.0	0.0	0.0
-msõ	0.0	1.0	0.0	0.0
-øøi	0.503381922897	0.403308257249	0.0196441726008	0.0736656472531
-øøn	0.369564196199	0.551147818893	0.0303062820611	0.0489817028469
-øøm	0.708171206226	0.24513618677	0.0	0.0466926070039
-øøa	0.0	0.333333333333	0.126984126984	0.539682539683
-øøg	0.0788578250318	0.874010768751	0.0233911423448	0.0237402638723
-mdø	0.153901216893	0.802433786686	0.0128847530422	0.0307802433786
-øød	0.166435506241	0.625520110957	0.108183079057	0.0998613037448
-øøt	0.124133630224	0.794607842096	0.0306250732461	0.0506334544337
-pur	0.469686875416	0.490339773484	0.0199866755496	0.0199866755496
-pus	0.0	1.0	0.0	0.0
-nan	0.609227557224	0.0156745588869	0.0013199942363	0.373777889653
-meõ	0.0383141762452	0.946360153257	0.00383141762452	0.0114942528736
-dsï	0.309701014643	0.0976315502365	0.0220100278446	0.570657407276
-ðøø	0.34301997942	0.513594538913	0.0447820105362	0.0986034711306
-dea	0.109341672016	0.100209157365	0.013667709002	0.776781461617
-lgt	0.119434067352	0.792272460198	0.0662355510611	0.0220579213888
-ïit	0.826923076923	0.0961538461538	0.0	0.0769230769231
-deg	0.0924588462972	0.500894532275	0.0442754039079	0.362371217519
-deh	0.623017537971	0.31530586557	0.0226567089032	0.0390198875556
-dei	0.249537892791	0.454713493531	0.240295748614	0.0554528650647
-dek	0.0484868206964	0.933289944679	0.0143182557761	0.00390497884803
-dem	0.0	1.0	0.0	0.0
-den	0.319592403891	0.50903195924	0.0829087540529	0.0884668828161
-nag	0.0683438985737	0.881245308199	0.0273688381016	0.0230419551255
-jgt	0.205303303895	0.662716000744	0.0822964203246	0.0496842750364
-der	0.573816155989	0.264623955432	0.0445682451253	0.116991643454
-des	0.0138888888889	0.986111111111	0.0	0.0
-det	0.1217870554	0.547563554514	0.0762881127506	0.254361277336
-oka	0.0620689655172	0.679310344828	0.21724137931	0.0413793103448
-biw	0.638145803553	0.142332040025	0.127629160711	0.0918929957117
-bit	0.0942698039323	0.656043945421	0.127194919276	0.12249133137
-bir	0.392273402674	0.563150074294	0.0267459138187	0.0178306092125
-bid	0.0687338501292	0.903588860178	0.00803904679873	0.0196382428941
-nsï	0.739082819986	0.19794661191	0.0227241615332	0.0402464065708
-bia	0.132433134251	0.800051934562	0.034406647624	0.0331082835627
-bin	0.396287086615	0.516547440078	0.0214755513945	0.0656899219125
-güi	0.551515151515	0.412121212121	0.0	0.0363636363636
-bil	0.222791293214	0.443021766965	0.283994878361	0.0501920614597
-bim	0.603305785124	0.247933884298	0.0	0.148760330579
-bij	0.545454545455	0.0803382663848	0.0317124735729	0.342494714588
-bii	0.482051282051	0.202564102564	0.261538461538	0.0538461538462
-iõt	0.0853889943074	0.914611005693	0.0	0.0
-kîj	0.156069364162	0.618497109827	0.121387283237	0.104046242775
-kîi	0.185185185185	0.62962962963	0.111111111111	0.0740740740741
-kîn	0.271304347826	0.0626086956522	0.288695652174	0.377391304348
-yug	0.113636363636	0.613636363636	0.272727272727	0.0
-kîm	0.163758116883	0.413758116883	0.170454545455	0.252029220779
-rrg	0.117284494145	0.600070441138	0.267324117284	0.0153209474333
-kîa	0.491047919958	0.267904160084	0.0435755660875	0.19747235387
-kîd	0.589552238806	0.179104477612	0.201492537313	0.0298507462686
-jin	0.142619744855	0.593926374773	0.0316144656446	0.231839414727
-ðee	0.09228515625	0.72314453125	0.0	0.1845703125
-jim	0.0646351242983	0.696712109062	0.00962309542905	0.229029671211
-jij	0.260273972603	0.488584474886	0.0593607305936	0.191780821918
-ðea	0.633333333333	0.16862745098	0.0333333333333	0.164705882353
-mes	0.0	0.95652173913	0.0434782608695	0.0
-jii	0.182143731636	0.686214495593	0.0306378550441	0.101003917728
-ðel	0.448533196089	0.46500257334	0.054040144107	0.0324240864642
-jig	0.296089385475	0.569832402235	0.100558659218	0.0335195530726
-jid	0.166211495843	0.490680487738	0.0170777745729	0.326030241846
-lus	0.157354618016	0.828962371722	0.0136830102622	0.0
-ðei	0.153846153846	0.43956043956	0.0659340659341	0.340659340659
-ðej	0.0980392156863	0.901960784314	0.0	0.0
-jia	0.121992761337	0.810730253353	0.0583351075155	0.00894187779434
-ðet	0.627840909091	0.275568181818	0.0170454545455	0.0795454545455
-ðøb	0.43661971831	0.429163214582	0.029826014913	0.104391052195
-luk	0.0131578947368	0.967105263158	0.0	0.0197368421052
-lum	0.799685781618	0.0746268656716	0.12568735271	0.0
-pgt	0.137282141955	0.701187168477	0.0788077797424	0.0827229098257
-ydi	0.0534223706177	0.946577629382	0.0	0.0
-ïga	0.222600136564	0.11757430526	0.134176769434	0.525648788742
-jit	0.263725725246	0.641333013666	0.0	0.0949412610884
-g'm	0.760180995475	0.131221719457	0.0	0.108597285068
-ðøn	0.717647058824	0.247058823529	0.0352941176471	0.0
-mek	0.0	1.0	0.0	0.0
-yda	0.0	1.0	0.0	0.0
-rrh	0.0	0.913357400722	0.043321299639	0.043321299639
-aya	0.0863123811675	0.664586510043	0.189473089739	0.0596280190509
-ønt	0.249119141628	0.330104994777	0.0632093344429	0.357566529152
-ayo	0.0830945558739	0.722063037249	0.177650429799	0.0171919770774
-wjg	0.0369078429166	0.671655226736	0.0148531562957	0.276583774052
-ndt	0.270036761618	0.331863656073	0.0664244808684	0.331675101441
-éto	0.32315978456	0.42908438061	0.0754039497307	0.172351885099
-ønd	0.567588726514	0.322025052192	0.0281837160752	0.0822025052192
-øng	0.507936507937	0.285714285714	0.174603174603	0.031746031746
-øna	0.587869342837	0.0844832735381	0.0324571177111	0.295190265914
-wjt	0.0585365853659	0.882926829268	0.0585365853659	0.0
-éta	0.09220636663	0.647639956092	0.17124039517	0.0889132821075
-oji	0.452186805041	0.34247590808	0.169755374351	0.0355819125278
-õdt	0.125759598877	0.406027740687	0.0354797394882	0.432732920947
-ubt	0.255909852835	0.643311939528	0.0117910247994	0.0889871828373
-ubu	0.333333333333	0.333333333333	0.307692307692	0.025641025641
-õdg	0.202371218316	0.687244480785	0.104251839738	0.00613246116109
-ubn	0.964285714286	0.0	0.0	0.0357142857143
-ubo	0.0429042904291	0.831683168317	0.118811881188	0.00660066006602
-uba	0.366679728169	0.466454867123	0.0288430287751	0.138022375933
-ube	0.0184223559063	0.109186225407	0.0423025070286	0.830088911658
-î'n	0.249271960708	0.412135437041	0.118876863563	0.219715738688
-ubg	0.0638203356367	0.848173741362	0.0464461994077	0.0415597235933
-gîn	0.805439330544	0.133891213389	0.0188284518828	0.0418410041841
-nda	0.218027686567	0.492631501173	0.0605019474362	0.228838864824
-ujt	0.0544019429265	0.748350536329	0.0354584092289	0.161789111516
-w'n	0.260586187267	0.481100179424	0.121581636792	0.136731996517
-ako	0.208385105255	0.751015727686	0.0301799117956	0.0104192552628
-aki	0.0111111111111	0.988888888889	0.0	0.0
-aka	0.204922768769	0.726127653018	0.0250375563345	0.043912021879
-akt	0.111570247934	0.768595041322	0.0785123966942	0.0413223140495
-goi	0.380392755991	0.344184461341	0.0246794608125	0.250743321855
-goj	0.369704549007	0.456463967485	0.0187587931843	0.155072690324
-gom	0.270436246997	0.261360663544	0.154508394072	0.313694695386
-goo	0.649169897604	0.156808165159	0.0516949995029	0.142326937734
-ëra	0.136363636364	0.204545454545	0.409090909091	0.25
-goa	0.195737882718	0.117398760058	0.0464611821953	0.640402175028
-god	0.364374101493	0.251582044633	0.0609439868868	0.323099866987
-gog	0.102138078548	0.0489594175626	0.0685979368552	0.780304567035
-tïm	0.642143312779	0.158693032816	0.0616627684457	0.137500885959
-gor	0.0917431192661	0.798165137615	0.110091743119	0.0
-got	0.143407004764	0.265413084843	0.0386914128351	0.552488497558
-rlo	0.167785234899	0.704697986577	0.0268456375839	0.10067114094
-ubë	0.0	1.0	0.0	0.0
-rle	0.0	0.690322580645	0.270967741935	0.0387096774194
-põt	0.0	1.0	0.0	0.0
-õri	0.115107913669	0.237410071942	0.647482014388	0.0
-k'n	0.407695831425	0.523591387998	0.0274851122308	0.0412276683463
-øþe	0.333333333333	0.166666666667	0.5	0.0
-akï	0.221491658489	0.681844946025	0.0721295387635	0.0245338567223
-ünj	0.161290322581	0.129032258065	0.0322580645161	0.677419354839
-þãi	0.455847607797	0.127584170112	0.144713526285	0.271854695806
-akø	0.306616768023	0.553043297469	0.0857632933105	0.0545766411976
-üna	0.477551020408	0.522448979592	0.0	0.0
-akõ	0.274900398406	0.394422310757	0.306772908367	0.0239043824701
-akò	0.0748192980346	0.905139818563	0.00721471802477	0.0128261653774
-ò'n	0.275524475524	0.344055944056	0.226573426573	0.153846153846
-pte	0.0	1.0	0.0	0.0
-pta	0.0	1.0	0.0	0.0
-gag	0.157614557601	0.789151386521	0.009394245155	0.0438398107233
-gad	0.4069664903	0.340828924162	0.0855379188712	0.166666666667
-mbõ	0.634499683344	0.257441418619	0.0249366687777	0.083122229259
-gaa	0.374218889484	0.470987323692	0.0294590251741	0.12533476165
-yad	0.669303797468	0.0585443037975	0.0816455696203	0.190506329114
-gan	0.211111493936	0.430746968026	0.0607256063947	0.297415931643
-gam	0.158291457286	0.675879396985	0.109296482412	0.0565326633166
-gal	0.157310081223	0.343167701863	0.401696129957	0.0978260869565
-lpe	0.0	1.0	0.0	0.0
-gai	0.745290253638	0.193673044555	0.0449744118574	0.0160622899491
-gah	0.630749560451	0.127342817241	0.0343816244901	0.207525997817
-gaw	0.15157817636	0.702391340715	0.110682587838	0.0353478950867
-mbá	0.787878787879	0.0606060606061	0.0606060606061	0.0909090909091
-àng	0.0642615558061	0.886133032695	0.0293122886133	0.0202931228861
-mbã	0.0955029415448	0.0561837060568	0.0272027716166	0.821110580782
-àna	0.901960784314	0.0588235294118	0.0	0.0392156862745
-gar	0.039576415687	0.886984354901	0.0193843668671	0.0540548625445
-mbë	0.257118451025	0.479783599089	0.263097949886	0.0
-mbî	0.146694383305	0.648284014021	0.189125295508	0.0158963071656
-ini	0.0348837209302	0.941860465116	0.0232558139535	0.0
-aþe	0.0136193077082	0.944537901874	0.00418709294832	0.0376556974694
-hdø	0.5	0.369565217391	0.0	0.130434782609
-ina	0.321248279027	0.391555759523	0.142634235888	0.144561725562
-ind	0.498883928571	0.354352678571	0.078125	0.0686383928571
-ing	0.171728902885	0.494919922088	0.0294893146354	0.303861860391
-îna	0.507042253521	0.492957746479	0.0	0.0
-kna	0.263157894737	0.578947368421	0.0	0.157894736842
-îng	0.28605914303	0.19312009656	0.0778515389258	0.442969221485
-înd	0.395023328149	0.386409857638	0.0829046536667	0.135662160546
-mþe	0.171052631579	0.690789473684	0.0394736842105	0.0986842105263
-ø'n	0.343921638618	0.493575710491	0.0418746259882	0.120628024903
-lõt	0.0	1.0	0.0	0.0
-lõm	0.568736409761	0.202947571877	0.228316018362	0.0
-dre	0.0117302052786	0.985337243402	0.0	0.00293255131965
-mba	0.275361897247	0.16812177056	0.091033384362	0.465482947831
-yel	0.226446280992	0.733884297521	0.0396694214876	0.0
-mbi	0.158769742311	0.706151288446	0.0170407315046	0.118038237739
-lta	0.490783652728	0.355043332224	0.0189778113638	0.135195203684
-yee	0.297473512632	0.640586797066	0.0509372453138	0.0110024449877
-mbo	0.07965152458	0.531839867247	0.360091267372	0.0284173408007
-hdt	0.114623133032	0.587819844854	0.273243024198	0.0243139979159
-éhø	0.38900203666	0.372708757638	0.152749490835	0.0855397148676
-rke	0.395705521472	0.549079754601	0.0552147239263	0.0
-nro	0.044776119403	0.865671641791	0.0149253731343	0.0746268656716
-õsï	0.197471355196	0.702410114579	0.0818648755433	0.0182536546819
-gïn	0.402930007299	0.138575983921	0.0421211342568	0.416372874523
-gïd	0.478723404255	0.265957446808	0.255319148936	0.0
-'na	0.491869918699	0.264227642276	0.223577235772	0.020325203252
-'nt	0.434991974318	0.404494382022	0.102728731942	0.0577849117175
-gïr	0.0973944294699	0.876729559748	0.0129380053908	0.0129380053908
-ahj	0.462139716659	0.359062042013	0.0332193453835	0.145578895945
-ahi	0.102098695406	0.805728871242	0.0553034600113	0.0368689733409
-ahn	0.63801186781	0.102732286721	0.026007543184	0.233248302285
-ahm	0.624209575429	0.240289069557	0.0135501355013	0.121951219512
-ájd	0.4875	0.2625	0.175	0.075
-aha	0.631288329141	0.237197756872	0.0463153014043	0.0851986125832
-ahg	0.155631864234	0.707296307858	0.086670261373	0.0504015665352
-ahd	0.490356942	0.375959154259	0.0313390134999	0.102344890241
-ãro	0.0177283852616	0.924588211947	0.0396904147648	0.0179929880267
-ãri	0.424377224199	0.196619217082	0.322953736655	0.0560498220641
-ãrg	0.0	0.960784313725	0.0392156862745	0.0
-aht	0.0508746603052	0.772926724297	0.0170775795286	0.159121035869
-þet	0.125102593267	0.579271324636	0.0266592722489	0.268966809848
-saw	0.300403225806	0.675403225806	0.0241935483871	0.0
-ïjt	0.46501457726	0.326530612245	0.0787172011661	0.129737609329
-sat	0.263153747971	0.591638959361	0.0548368289185	0.0903704637494
-olt	0.252421959096	0.655005382131	0.04036598493	0.0522066738428
-hab	0.048951048951	0.937062937063	0.0	0.013986013986
-mpa	0.0	1.0	0.0	0.0
-oli	0.479438314945	0.297893681043	0.186559679037	0.0361083249749
-saa	0.160337552743	0.822784810127	0.0168776371308	0.0
-ïja	0.186355189806	0.60047783382	0.131669763738	0.0814972126361
-sag	0.123045640906	0.253412259907	0.551710049361	0.0718320498263
-ïje	0.748024867245	0.127703665328	0.00971376764668	0.11455769978
-sak	0.0388349514563	0.922330097087	0.0388349514563	0.0
-saj	0.455555555555	0.344444444445	0.2	0.0
