-ɛgɛ	0.271764935448	0.564812577946	0.0367244439653	0.126698042641
-can	0.060346304642	0.44558776907	0.204529945156	0.289535981132
-joo	0.69243697479	0.100840336134	0.186554621849	0.0201680672269
-ive	0.0683518870316	0.931648112968	0.0	0.0
-hee	0.275590551181	0.488188976378	0.212598425197	0.0236220472441
-ufu	0.0409629198214	0.953212968356	0.00339739856338	0.00242671325956
-oyo	0.241733144462	0.562595748548	0.124140469346	0.0715306376438
-nha	0.21645994961	0.194097614909	0.0756344177839	0.513808017697
-oyi	0.0555555555556	0.555555555556	0.0	0.388888888889
-nsi	0.015873015873	0.980158730159	0.0	0.00396825396825
-zii	0.114592274678	0.824248927039	0.037339055794	0.0238197424893
-urᴐ	0.409090909091	0.295454545455	0.211363636364	0.0840909090909
-nti	0.0	0.658227848101	0.341772151899	0.0
-puu	0.587048832272	0.284501061571	0.12101910828	0.00743099787686
-ɛŋɛ	0.169843995194	0.640903561527	0.0544726034421	0.134779839837
-nte	0.0514446793517	0.935870331219	0.0126849894292	0.0
-ŋɛɛ	0.269135196893	0.443474505088	0.206372024612	0.0810182734067
-nma	0.190806407011	0.745219204016	0.0395652081428	0.02440918083
-opu	0.020905923345	0.87456445993	0.0836236933798	0.020905923345
-omᴐ	0.234609826968	0.583440401216	0.0494024871475	0.132547284669
-nmi	0.577033101757	0.313445034736	0.0899060073559	0.0196158561504
-ɛnɛ	0.201974819752	0.455113080333	0.242874585053	0.100037514862
-inɛ	0.165870611598	0.440085366676	0.217437498983	0.176606522743
-opi	0.326530612245	0.397959183673	0.255102040816	0.0204081632653
-`ii	0.229056400724	0.650168761923	0.0920771576252	0.0286976797274
-iɲᴐ	0.0802603036876	0.887201735358	0.0130151843818	0.0195227765726
-ake	0.0	1.0	0.0	0.0
-ngᴐ	0.163856693645	0.630252411682	0.136999909834	0.0688909848393
-imu	0.0987723556347	0.189767209749	0.0271673275144	0.684293107102
-dee	0.263982102908	0.552572706935	0.134228187919	0.0492170022371
-400	0.308823529412	0.235294117647	0.0661764705882	0.389705882353
-ima	0.00790703803905	0.944736005705	0.0361165590431	0.0112403972124
-nyɛ	0.149349555297	0.747762796597	0.0547848928901	0.0481027552154
-obo	0.282296650718	0.124401913876	0.564593301435	0.0287081339713
-idi	0.0275819797732	0.912044131168	0.0514863622433	0.00888752681581
-ide	0.110344827586	0.731034482759	0.0206896551724	0.137931034483
-ɛɲɛ	0.163429484246	0.707547238717	0.060210862617	0.0688124144195
-ida	0.0252707581227	0.971119133574	0.0	0.00361010830325
-ekɛ	0.175467198004	0.0913315055553	0.0351348254074	0.698066471033
-dɛn	0.097422400468	0.819860467059	0.00229769812424	0.0804194343486
-bii	0.622107969152	0.254498714653	0.0462724935733	0.0771208226221
-zhɛ	0.624276333683	0.0691999844582	0.0108792788592	0.295644402999
-uta	0.0	1.0	0.0	0.0
-nrɛ	0.308302187632	0.61797726605	0.0515328090761	0.0221877372411
-ute	0.0	1.0	0.0	0.0
-uti	0.0	1.0	0.0	0.0
-tee	0.282109026665	0.184744087959	0.0803471982179	0.452799687159
-kᴐn	0.616371889537	0.10838376314	0.053539238478	0.221705108845
-utu	0.0246289864225	0.824755288917	0.134827912851	0.0157878118093
-umᴐ	0.159707941764	0.626076159561	0.148591839997	0.065624058678
-jin	0.600136400408	0.208624242847	0.0469659203058	0.144273436439
-are	0.0524943507735	0.925082565618	0.0166869459413	0.0057361376673
-ara	0.249671029885	0.397177434348	0.154717823511	0.198433712256
-jii	0.597045866805	0.265094584089	0.087069188909	0.0507903601969
-luu	0.339309994282	0.340745917784	0.250511468327	0.0694326196073
-kɛɛ	0.0174404323262	0.974289691313	0.00368459837877	0.00458527798247
-aya	0.187183656577	0.656446104501	0.0993695657605	0.0570006731613
-myɛ	0.0283018867924	0.943396226415	0.0283018867924	0.0
-ayi	0.0435271396307	0.697227239287	0.0148531623619	0.24439245872
-xhu	0.665309611674	0.161382334022	0.0876950942885	0.0856129600163
-xha	0.534954407295	0.155015197568	0.29179331307	0.0182370820669
-p'a	0.310231467711	0.0389461644653	0.00797020699683	0.642852160827
-p'i	0.0748129881105	0.0464949027797	0.00648058664829	0.872211522461
-gɛɛ	0.170846889842	0.539584065005	0.137231048878	0.152337996275
-xaa	0.457831325301	0.498146431881	0.0259499536608	0.0180722891566
-ɲᴐᴐ	0.129811360934	0.668095952157	0.172512466505	0.0295802204043
-ikɛ	0.509960159363	0.191235059761	0.0557768924303	0.243027888446
-ᴐti	0.0395288365611	0.924420864495	0.0237173019367	0.012332997007
-umu	0.0994029190624	0.834116541353	0.0559210526315	0.0105594869527
-ota	0.0253878702398	0.966149506347	0.00846262341326	0.0
-gᴐᴐ	0.0963844659752	0.815013664681	0.0490902249066	0.039511644437
-ote	0.0578723977633	0.92153428103	0.00673718251028	0.0138561386961
-ᴐdᴐ	0.169971671388	0.263456090652	0.464589235127	0.101983002833
-oŋᴐ	0.0671818985036	0.853552543555	0.0590424200892	0.0202231378525
-alᴐ	0.200956937799	0.77033492823	0.0287081339713	0.0
-uma	0.710843373494	0.0361445783133	0.0	0.253012048193
-umi	0.0	0.928143712575	0.0179640718563	0.0538922155688
ALL	0.223585624325	0.382317242101	0.0678383311069	0.326258802467
-olɛ	0.0201944652206	0.95736724009	0.0134629768138	0.00897531787586
-aki	0.0350039965756	0.960620503852	0.0	0.00437549957195
-ibɛ	0.0409090909091	0.959090909091	0.0	0.0
-kii	0.141354638477	0.171613168896	0.07924514759	0.607787045037
-naa	0.0425552789806	0.872611130576	0.0785093687459	0.00632422169718
-sii	0.220409839536	0.440133461489	0.125638724714	0.21381797426
-sin	0.298207364341	0.2893249354	0.00920542635658	0.403262273902
-w'a	0.362001280855	0.015857542996	0.0033155081741	0.618825667975
-goo	0.180343864022	0.691222901798	0.072411817813	0.0560214163669
-w'i	0.297062855754	0.188917362004	0.0689680461703	0.445051736072
-aɲi	0.0290697674419	0.75	0.209302325581	0.0116279069767
-lɛɛ	0.059628026684	0.648100284345	0.0981860946162	0.194085594354
-gbᴐ	0.110328433088	0.41105180259	0.430297903784	0.0483218605375
-yᴐn	0.0267273463563	0.95842412789	0.0148485257535	0.0
-bᴐn	0.947654756653	0.0446993089252	0.00352889280987	0.00411704161152
-wuu	0.104529731365	0.203485641676	0.0190683351858	0.672916291773
-coo	0.0675241157556	0.926045016077	0.0064308681672	0.0
-hɛn	0.113589398858	0.597888090799	0.0475045867471	0.241017923596
-sᴐᴐ	0.684921944106	0.0923761027038	0.0844724951589	0.138229458032
-yaa	0.177421944978	0.239491713128	0.156110815171	0.426975526723
-yan	0.0869565217391	0.847826086957	0.0652173913043	0.0
-azi	0.00959692898272	0.978246960972	0.0083173384517	0.00383877159309
-j'e	0.502682428514	0.0269420529063	0.00622527546058	0.464150243119
-eyɛ	0.379929231107	0.314606852512	0.0594636423887	0.246000273992
-k'i	0.495216969361	0.132652645142	0.0714559496334	0.300674435863
-nri	0.211885560647	0.171022588702	0.204352093475	0.412739757176
-isi	0.032743081792	0.927702399334	0.0214855941391	0.0180689247347
-ise	0.0	1.0	0.0	0.0
-k'a	0.477902924598	0.0714974271156	0.0410761375615	0.409523510725
-isa	0.00361047935043	0.986827021144	0.00276979109292	0.00679270841294
-ree	0.15964512294	0.51911602062	0.0386552923019	0.282583564139
-ugo	0.157960134949	0.217422181442	0.154521130354	0.470096553255
-eva	0.0	0.944444444444	0.0	0.0555555555555
-l'a	0.493572829715	0.0630860787203	0.0348047041104	0.408536387455
-evi	0.061995311279	0.909872362594	0.0156290700703	0.0125032560563
-l'i	0.413211802428	0.107432359405	0.120515905898	0.358839932269
-haa	0.408675385438	0.324798016037	0.0375884632371	0.228938135288
-juu	0.178969401496	0.590701338187	0.166874963294	0.0634542970227
-ava	0.167093588504	0.628082012684	0.204824398811	0.0
-ᴐmᴐ	0.181553058868	0.691546199369	0.0991645044331	0.0277362373302
-han	0.19026753054	0.589352648145	0.0399025826991	0.180477238616
-ugi	0.611438162141	0.173885431133	0.0835160939529	0.131160312774
-maa	0.127047056989	0.667224953921	0.100689570269	0.105038418821
-nɛɛ	0.170394606712	0.485676138986	0.179501549417	0.164427704886
-uni	0.22084315248	0.108489979915	0.18353594564	0.487130921965
-una	0.388349514563	0.558252427185	0.0291262135922	0.0242718446602
-ŋmᴐ	0.533509509163	0.340423688429	0.0922757007322	0.0337911016765
-vya	0.132427843803	0.264855687606	0.602716468591	0.0
-f`ᴐ	0.40061633282	0.571991097415	0.0273925697654	0.0
-ade	0.0086517664023	0.969718817592	0.00360490266763	0.0180245133381
-ika	0.0344827586207	0.961460446247	0.00405679513185	0.0
-gaa	0.292940532955	0.550779855704	0.122624785874	0.0336548254674
-ada	0.155627673698	0.161205561292	0.039183507892	0.643983257118
-gan	0.753598298986	0.114982008505	0.0201177625123	0.111301929997
-ᴐlᴐ	0.621301775148	0.319526627219	0.0414201183432	0.0177514792899
-ɛgo	0.134328358209	0.686567164179	0.119402985075	0.0597014925373
-ilɛ	0.0422040090161	0.853512275497	0.0114998667867	0.0927838487006
-ɛgi	0.637452994646	0.241880030123	0.0507385581792	0.0699284170519
-ᴐŋᴐ	0.249911091543	0.575383947381	0.122769349484	0.0519356115915
-ini	0.395406273154	0.461101506545	0.0627315386515	0.0807606816498
-ɛni	0.409909040836	0.223160495847	0.0399952701925	0.326935193124
-rᴐn	0.0568475452196	0.932816537468	0.00516795865633	0.00516795865634
-ina	0.0573947895792	0.493547094188	0.108456913828	0.340601202405
-see	0.253414368049	0.24116491212	0.375272035597	0.130148684233
-ɛna	0.0	1.0	0.0	0.0
-ɛti	0.0170787154036	0.972304785832	0.00611602646212	0.00450047230231
-nmɛ	0.219697131279	0.578372613842	0.159379332409	0.0425509224699
-kuu	0.498736435261	0.17645309945	0.252415638472	0.0723948268173
-ede	0.0128597672994	0.987140232701	0.0	0.0
-fun	0.0	0.930434782609	0.0347826086957	0.0347826086957
-edi	0.0	1.0	0.0	0.0
-ɛŋi	0.38080495356	0.33746130031	0.123839009288	0.157894736842
-ᴐgᴐ	0.186349938812	0.530340156454	0.0588332408471	0.224476663887
-fuu	0.0959017130179	0.523184844723	0.331825756933	0.0490876853258
-kun	0.714285714286	0.178571428571	0.0714285714286	0.0357142857143
-bee	0.0577402795034	0.183304920685	0.0544656014331	0.704489198378
-d`a	0.76811859348	0.201611006278	0.0212797097889	0.00899069045366
-ban	0.118700780748	0.805303004698	0.0376854699699	0.0383107445838
-eka	0.0669144981412	0.654275092937	0.256505576208	0.0223048327138
-uun	0.119776080925	0.246336454371	0.076907587304	0.5569798774
-eki	0.549342105263	0.302631578947	0.148026315789	0.0
-eko	0.336283185841	0.566371681416	0.0442477876106	0.0530973451327
-hoo	0.169213765768	0.222531346469	0.379587636724	0.228667251039
-baa	0.220308021682	0.246135697468	0.270072118223	0.263484162627
-xᴐᴐ	0.0825055187638	0.529249448124	0.367549668874	0.0206953642384
-wye	0.198919891989	0.283888388839	0.397839783978	0.119351935194
-j'a	0.188864988427	0.0819100125234	0.240195185666	0.489029813384
-w`u	0.0361398515006	0.0705675477041	0.00675547235187	0.886537128443
-ase	0.0	1.0	0.0	0.0
-nya	0.249543599656	0.640819641323	0.0679231099657	0.041713649055
-asa	0.0735930735931	0.744588744589	0.060606060606	0.121212121212
-aso	0.100779539751	0.807722426896	0.0483207859469	0.043177247406
-imɛ	0.0965206545824	0.436023597068	0.13269652306	0.334759225289
-enɛ	0.0697171620069	0.856296077638	0.0578770110754	0.0161097492799
-153	0.0444444444444	0.0	0.0222222222222	0.933333333333
-asi	0.0517367073023	0.924495973536	0.012278961039	0.011488358123
-w`a	0.123536030806	0.0639079658571	0.0171938509649	0.795362152372
-bɛn	0.458867300537	0.378668871435	0.0570483670938	0.105415460934
-fɛɛ	0.126339426948	0.575900760506	0.171233032879	0.126526779667
-yee	0.0130049949741	0.0436554346351	0.00646778189472	0.936871788496
-ᴐyᴐ	0.131229072838	0.779820596692	0.0670244672556	0.021925863215
-ᴐbu	0.255319148936	0.595744680851	0.127659574468	0.0212765957447
-430	0.560606060606	0.030303030303	0.0	0.409090909091
-ɲii	0.210392248145	0.508886666389	0.082511245606	0.19820983986
-ran	0.0943396226415	0.905660377359	0.0	0.0
-eri	0.0	1.0	0.0	0.0
-iwa	0.105176199775	0.0657981168276	0.0238041682387	0.805221515159
-onᴐ	0.272064988984	0.257763090177	0.276958244182	0.193213676658
-ope	0.0603948896632	0.914053426249	0.00464576074332	0.020905923345
-iwo	0.554614733277	0.319220999153	0.0321761219305	0.0939881456393
-ere	0.611744224119	0.223089147813	0.0523762368331	0.112790391235
-raa	0.335111777667	0.503506693555	0.0687164548876	0.09266507389
-ugu	0.240793201133	0.725212464589	0.0	0.0339943342776
-ᴐki	0.0065184689955	0.986963062009	0.00651846899549	0.0
-ozi	0.0	1.0	0.0	0.0
-zhu	0.065549180953	0.911315814005	0.0231350050422	0.0
-nni	0.22067838731	0.416831738291	0.0915651746649	0.270924699734
-zhi	0.242718446602	0.665828710125	0.0303398058252	0.0611130374481
-poo	0.0827706258946	0.869655339044	0.0373866637277	0.0101873713332
-uga	0.0689583336444	0.835265309741	0.0138109602706	0.0819653963439
-zha	0.445347786811	0.361336946703	0.106594399277	0.0867208672086
-nre	0.363970588235	0.514705882353	0.0992647058823	0.0220588235294
-zhe	0.577844679282	0.3170312116	0.0648193659376	0.0403047431801
-aza	0.0	0.860465116279	0.046511627907	0.093023255814
-nra	0.0719255876216	0.879609936215	0.0262127575404	0.0222517186232
-aha	0.318394665539	0.0900294371753	0.0475539806851	0.544021916601
-laa	0.454158686554	0.40030604966	0.0415072133497	0.104028050436
-500	0.381641307059	0.122599151908	0.112247443253	0.38351209778
-iko	0.00882352941176	0.991176470588	0.0	0.0
-lan	0.0699784908122	0.725917577652	0.0641469499112	0.139956981624
-iki	0.0219761499148	0.919080068143	0.055195911414	0.00374787052811
-foo	0.643315814443	0.27442164476	0.0428371756229	0.039425365175
-aan	0.333112354547	0.343706100076	0.0974955357602	0.225686009617
-tɛɛ	0.333333333333	0.380952380952	0.253968253968	0.031746031746
-uyᴐ	0.158546322426	0.715790497506	0.0519860200963	0.0736771599715
-n`u	0.60599078341	0.39400921659	0.0	0.0
-boo	0.190913484775	0.0434992750121	0.72692121798	0.038666022233
-gee	0.360394508015	0.47686032914	0.066219324872	0.0965258379729
-pya	0.0866572345542	0.601391362943	0.0308436080074	0.281107794495
-n`a	0.0	1.0	0.0	0.0
-pye	0.339967348192	0.0268205825323	0.00321887392438	0.629993195351
-pyi	0.618024331367	0.13927460975	0.0570271558833	0.185673903
-ɛwᴐ	0.151515151515	0.646464646465	0.20202020202	0.0
-ayɛ	0.245241954606	0.158529630599	0.0716312977287	0.524597117067
-'uu	0.517687661777	0.482312338223	0.0	0.0
-oli	0.19653699123	0.71036653924	0.0377782774904	0.0553181920395
-saa	0.236577181208	0.159395973154	0.563758389262	0.0402684563758
-ibi	0.133060388946	0.836233367451	0.0204708290686	0.0102354145343
-olo	0.413321427538	0.178578181211	0.122885366271	0.28521502498
-lᴐn	0.0188425302827	0.868102288022	0.0942126514132	0.0188425302826
-cee	0.0443419939012	0.726564792644	0.0182029286301	0.210890284825
-loo	0.0466805903152	0.902698115112	0.0366794621731	0.0139418323997
-nhɛ	0.114621551623	0.24872208812	0.135186076721	0.501470283536
-amɛ	0.237031700288	0.567002881844	0.0324207492796	0.163544668588
-fya	0.232974334244	0.315812034507	0.450570647806	0.000642983443176
-umɛ	0.366891740971	0.295277250016	0.0217955489686	0.316035460044
-mɛɛ	0.171797511	0.332128097436	0.447336117066	0.0487382744989
-emᴐ	0.317848410758	0.682151589242	0.0	0.0
-roo	0.623194168323	0.156394963552	0.114777998675	0.10563286945
-ipi	0.0518134715026	0.896373056995	0.0310880829015	0.020725388601
-ŋᴐᴐ	0.143830577923	0.417795693713	0.270858518239	0.167515210124
-amᴐ	0.0	1.0	0.0	0.0
-oɲᴐ	0.375684556407	0.608981380066	0.00876232201533	0.00657174151149
-ajɛ	0.387403227179	0.569189613287	0.0305702861356	0.0128368733989
-ipe	0.0263227786467	0.96379142444	0.00782010800602	0.00206568890725
-aɲᴐ	0.453947368421	0.493421052632	0.0526315789474	0.0
-ewo	0.467661691542	0.182658137882	0.0767590618337	0.272921108742
-hɛɛ	0.33738500652	0.4496987398	0.0894555760082	0.123460677672
-ipu	0.0605296343002	0.825977301387	0.0832282471627	0.0302648171501
-ᴐna	0.0693240901213	0.86828422877	0.0155979202773	0.0467937608319
-'`a	0.168152902286	0.101065593999	0.0462139896349	0.68456751408
-awa	0.188180404355	0.569206842924	0.111975116641	0.130637636081
-ᴐni	0.302672147996	0.563588995913	0.0812041396783	0.0525347164129
-pii	0.0719302449953	0.208054220235	0.0259699973607	0.694045537409
-ɛri	0.175667605739	0.244413612769	0.0606330855385	0.519285695953
-awu	0.0123456790123	0.987654320988	0.0	0.0
-shᴐ	0.529360890315	0.319256053364	0.0162264021246	0.135156654197
-276	0.0	0.183333333333	0.0	0.816666666667
-ɲee	0.178104575163	0.434640522876	0.0915032679738	0.295751633987
-rɛɛ	0.178992363878	0.711528884462	0.0732071713148	0.0362715803453
-oba	0.361111111111	0.333333333333	0.238888888889	0.0666666666667
-y'i	0.231120110478	0.113298917451	0.0840860287227	0.571494943348
-ɛjo	0.0426929392447	0.661740558292	0.285714285714	0.00985221674877
-eyi	0.136527563112	0.680577022154	0.0	0.182895414735
-ᴐrᴐ	0.164400924715	0.495028016663	0.133916085816	0.206654972805
-pᴐn	0.824457216775	0.138499757456	0.0163165708742	0.0207264548942
-ᴐfɛ	0.0873786407767	0.854368932039	0.0388349514563	0.0194174757281
-200	0.0909090909091	0.295454545455	0.181818181818	0.431818181818
-eye	0.181814032089	0.761817582086	0.0277650347787	0.0286033510461
-ɛdi	0.158385093168	0.799689440994	0.0372670807453	0.00465838509317
-dᴐᴐ	0.14389590509	0.451205510907	0.251052430157	0.153846153846
-nnᴐ	0.200798564396	0.348541651407	0.196801887411	0.253857896786
-acɛ	0.425339366516	0.176470588235	0.162895927602	0.235294117647
-lee	0.0603253677831	0.0732223297545	0.0262161527185	0.840236149744
-aga	0.246064339146	0.425672884041	0.124271569145	0.203991207668
-muu	0.279104477612	0.284328358209	0.405223880597	0.0313432835821
-eŋɛ	0.410661288347	0.464533417575	0.035226963217	0.0895783308609
-ifa	0.0344206073047	0.931158785391	0.0344206073047	0.0
-ife	0.0	1.0	0.0	0.0
-n'a	0.034555137373	0.342913801738	0.0161295221815	0.606401538707
-ifi	0.0	1.0	0.0	0.0
-rri	0.103896103896	0.688311688312	0.207792207792	0.0
-nhᴐ	0.140188691212	0.0903620684817	0.0101808475058	0.759268392801
-gin	0.0498683123915	0.0732001773928	0.0767325248858	0.80019898533
-oŋi	0.88606356787	0.00881024611193	0.0600721062962	0.0450540797222
-ali	0.0778197935581	0.191853565703	0.057597858991	0.672728781748
-gᴐn	0.476885644769	0.365369018654	0.0839416058394	0.073803730738
-emɛ	0.377491819822	0.318988648462	0.205341984865	0.098177546851
-ala	0.416637858842	0.381118693694	0.0675313186794	0.134712128784
-120	0.0408163265306	0.142857142857	0.0	0.816326530612
-zᴐᴐ	0.549526359143	0.151771004942	0.0908154859967	0.207887149918
-uyɛ	0.171836307956	0.0838121130795	0.0653813224447	0.67897025652
-yoo	0.0920055797397	0.309635473035	0.0763205784971	0.522038368728
-iŋɛ	0.0939805971088	0.716311563915	0.0354753062953	0.154232532681
-pee	0.0990687800043	0.0755782560799	0.0151414685852	0.810211495331
-xuu	0.0601708152097	0.346043328622	0.20094787017	0.392837985998
-xhᴐ	0.420656569553	0.203095852982	0.144399006931	0.231848570534
-ogi	0.631650750341	0.202137335152	0.141655297863	0.0245566166439
-iyo	0.132646426249	0.789326264193	0.0624218476466	0.0156054619117
-eli	0.152732240437	0.808743169399	0.0184426229508	0.0200819672131
-ogo	0.635422521143	0.220415260502	0.0676098969585	0.0765523213963
-iye	0.187768320105	0.701479518114	0.0631628511276	0.0475893106532
-ela	0.0	1.0	0.0	0.0
-iya	0.0238033585098	0.94748553136	0.018998285323	0.00971282480727
-ele	0.456655077407	0.149608042508	0.292574127526	0.101162752558
-shɛ	0.483614409345	0.0470925530971	0.00423974227283	0.465053295286
-ᴐmu	0.00378429517502	0.995269631031	0.0	0.000946073793755
-100	0.0530281009831	0.16384686315	0.207433453845	0.575691582021
-esu	0.0049856151551	0.735653732829	0.00340938194046	0.255951270076
-`ee	0.0103672885788	0.0519299707595	0.00486339215993	0.932839348502
-esi	0.0	1.0	0.0	0.0
-iti	0.0522279792747	0.868808290155	0.0565803108808	0.0223834196891
-nŋᴐ	0.374428692872	0.0916508666835	0.0324609313321	0.501459509113
-ite	0.070652687258	0.871162746765	0.0103901010673	0.0477944649098
-ese	0.0156885531668	0.967170249855	0.00348634514817	0.0136548518303
-ita	0.15137033321	0.737418809738	0.0247135237894	0.0864973332629
-ɛya	0.0	1.0	0.0	0.0
-faa	0.424693730483	0.382416526543	0.103531107374	0.0893586355993
-m'i	0.478616352201	0.332704402516	0.0754716981132	0.11320754717
-ɛyi	0.0581818181818	0.930909090909	0.0	0.0109090909091
-fan	0.0	1.0	0.0	0.0
-m'a	0.2241591529	0.0683297826644	0.0317621820144	0.675748882421
-666	0.0	0.0384615384615	0.0	0.961538461538
-ulɛ	0.134078212291	0.865921787709	0.0	0.0
-uda	0.00626468285043	0.990167928304	0.00156617071261	0.00200121813277
-ude	0.0104942572446	0.977499009411	0.00572414031523	0.00628259302891
-ᴐrɛ	0.0	1.0	0.0	0.0
-udi	0.0	1.0	0.0	0.0
-abu	0.154874103249	0.834716556478	0.00168800112533	0.00872133914756
-hun	0.0	0.995194408038	0.0	0.00480559196155
-fᴐᴐ	0.0830248930504	0.763463945562	0.0262439500223	0.127267211365
-sᴐn	0.34100135318	0.642422192152	0.00507442489851	0.01150202977
-ᴐsi	0.0495272018743	0.926648310586	0.0113449940664	0.012479493473
-aba	0.295454545455	0.568181818182	0.0	0.136363636364
-huu	0.409535275238	0.292714121672	0.0319629292261	0.265787673864
-d'a	0.611193968771	0.066841880303	0.0522776257037	0.269686525223
-abi	0.0300802139038	0.914438502674	0.00935828877003	0.0461229946524
-ɲaa	0.428338746138	0.35752478538	0.0768651142283	0.137271354254
-gba	0.107534786919	0.780057575003	0.0728800910591	0.0395275470188
-gbe	0.139053254438	0.801775147929	0.0266272189349	0.0325443786983
-bᴐᴐ	0.178512563067	0.373847179758	0.410548698398	0.0370915587765
-koo	0.202984875903	0.644134041021	0.0220040790883	0.130877003988
-ɛhɛ	0.202686691188	0.111574878629	0.272591550283	0.4131468799
-gbo	0.689661111005	0.258692282669	0.0190589180811	0.0325876882451
-tun	0.876181182281	0.0424424819633	0.00348255556259	0.077893780193
-soo	0.109756097561	0.426829268293	0.0731707317073	0.390243902439
-ori	0.666564267726	0.171065008377	0.0532433533359	0.109127370561
-tuu	0.0402610533255	0.760740938712	0.14820169417	0.0507963137924
-nᴐᴐ	0.59381663113	0.0671641791045	0.117270788913	0.221748400853
-yɛn	0.054003954523	0.380746416214	0.516683143846	0.0485664854177
-cɛn	0.223515248796	0.642857142857	0.0957062600321	0.0379213483146
-ɛki	0.0627706986379	0.768846902266	0.144058753374	0.0243236457222
-lii	0.135854972619	0.196704221135	0.200610931693	0.466829874553
-nmᴐ	0.0730788195556	0.773660848288	0.117431191683	0.0358291404733
-adi	0.0	1.0	0.0	0.0
-ɛke	0.119047619048	0.833333333333	0.0	0.047619047619
-oze	0.030303030303	0.969696969697	0.0	0.0
-ize	0.865896863929	0.118357170975	0.0141713685868	0.00157459650965
-ode	0.333333333333	0.608695652174	0.0144927536232	0.0434782608696
-odi	0.0285714285714	0.971428571429	0.0	0.0
-izi	0.0699014894595	0.825376712754	0.0616156722444	0.0431061255419
-uri	0.509569900486	0.27742766308	0.0270607767312	0.185941659703
-ipa	0.0108695652174	0.978260869565	0.00854037267081	0.00232919254659
-uro	0.205546975141	0.572684747665	0.109182208976	0.112586068217
-ura	0.308127555803	0.613807956199	0.0359344468563	0.0421300411419
-ure	0.159445407279	0.772963604853	0.0606585788562	0.00693240901211
-ᴐdi	0.0289595554183	0.912750849027	0.0526088298858	0.00568076566841
-ᴐhᴐ	0.202892179222	0.593655485958	0.095656421686	0.107795913133
-oyᴐ	0.359504132231	0.566115702479	0.0619834710744	0.0123966942149
-nŋɛ	0.356012341306	0.235796451736	0.23835030415	0.169840902808
-uru	0.319119669876	0.577716643741	0.0949105914718	0.00825309491059
-afa	0.74052803619	0.236734919714	0.00209880407045	0.0206382400261
-bye	0.63221619259	0.15432585537	0.0143443450959	0.199113606944
-ᴐlɛ	0.0934203917629	0.641888498242	0.18282270216	0.0818684078352
-pan	0.235294117647	0.352941176471	0.372549019608	0.0392156862745
-bya	0.260709914321	0.609547123623	0.115055079559	0.0146878824969
-paa	0.835164835165	0.0726346823908	0.0241222192442	0.0680782632002
-byi	0.659260979319	0.11408154246	0.074351502985	0.152305975236
-waa	0.332619802972	0.34244916756	0.132967160224	0.191963869244
-wᴐn	0.0459770114942	0.954022988506	0.0	0.0
-dun	0.608900607223	0.287232342601	0.0167785234899	0.0870885266859
-kee	0.0838093173142	0.0739348793352	0.0288626399225	0.813393163428
-suu	0.468363935537	0.387667044761	0.112960307766	0.0310087119358
-anɛ	0.0851370851371	0.844636844637	0.041366041366	0.02886002886
-ari	0.52853028928	0.30933200663	0.0327295374209	0.12940816667
-hᴐᴐ	0.238796269543	0.595433388066	0.136186888122	0.0295834542686
-t'i	0.251272572435	0.445535835253	0.014080554319	0.289111037993
-`aa	0.682580245187	0.249118257458	0.0297581020137	0.038543395342
-ɛfu	0.024	0.952	0.024	0.0
-onɛ	0.0	0.986710963455	0.0132890365448	0.0
-t'a	0.552789656262	0.131202885361	0.0731202694968	0.24288718888
-j`ᴐ	0.138114997036	0.732068761114	0.126259632484	0.00355660936574
-din	0.790488859328	0.0598603259062	0.0838044562687	0.0658463584969
-dii	0.113015610277	0.221052067502	0.0307568759201	0.6351754463
-owɛ	0.0	0.928909952607	0.0	0.0710900473933
-ɛmɛ	0.260782397824	0.536054479604	0.120475784096	0.0826873384753
-nŋa	0.00970873786407	0.0582524271844	0.932038834951	0.0
-oro	0.21149235187	0.232413945317	0.0427004670613	0.513393235752
-ɛli	0.0276384933602	0.946147677886	0.0155858307918	0.0106279979622
-vɛɛ	0.191644007451	0.57124558196	0.198990485401	0.0381199251878
-afu	0.0	0.857142857143	0.0	0.142857142857
-uka	0.0125	0.925	0.0	0.0625
-ɲɛɛ	0.0893000916572	0.741029734194	0.133950137486	0.0357200366629
-awo	0.644210526316	0.301052631579	0.0252631578947	0.0294736842105
-nna	0.415119506498	0.258677401531	0.0744103192885	0.251792772682
-imᴐ	0.018749503456	0.974656391515	0.00373401128148	0.00286009374751
-nfu	0.16	0.74	0.06	0.04
-ɔni	0.0280842527583	0.822133065864	0.149782681377	0.0
-nga	0.245907390005	0.493192306629	0.233558896009	0.0273414073573
-y'a	0.348904385931	0.128342174527	0.0583550395849	0.464398399957
-ngi	0.692494320508	0.0875919425738	0.150605817171	0.0693079197468
-tin	0.400070419436	0.168170415035	0.320848554201	0.110910611329
-ore	0.0909090909091	0.848484848485	0.030303030303	0.030303030303
-tii	0.133582564972	0.27069554674	0.264322473341	0.331399414947
-uwe	0.0384615384615	0.930769230769	0.0153846153846	0.0153846153846
-ema	0.171428571429	0.828571428571	0.0	0.0
-alɛ	0.204347826087	0.508695652174	0.234782608696	0.0521739130435
-aŋi	0.596199032314	0.255810495025	0.0292042035404	0.118786269121
-uwo	0.593939393939	0.193939393939	0.0242424242424	0.187878787879
-emi	0.00561797752808	0.983146067416	0.00561797752809	0.00561797752808
-aŋa	0.16164556614	0.688303437903	0.0615262207563	0.0885247752007
-260	0.121212121212	0.121212121212	0.0606060606061	0.69696969697
-emu	0.188972380316	0.136723530644	0.0392143339332	0.635089755107
-jaa	0.0411052751769	0.854304635762	0.0508106873715	0.0537794016899
-ifɛ	0.0308285163777	0.961464354528	0.00385356454721	0.0038535645472
-cii	0.8125	0.0625	0.0416666666667	0.0833333333333
-lᴐᴐ	0.0773266370123	0.859578785822	0.0373976967091	0.0256968804563
-eŋi	0.168362109193	0.237797480168	0.560522631825	0.0333177788148
-dan	0.680307402064	0.179142159583	0.0913328154478	0.0492176229053
-uɲᴐ	0.174056312586	0.524804778205	0.0416875612862	0.259451347922
-ɛwo	0.691421254802	0.216389244558	0.0460947503201	0.0460947503201
-iyɛ	0.204211851826	0.302159289094	0.0700671195085	0.423561739572
-000	0.149682306487	0.263102491142	0.0267027355271	0.560512466844
-ɛwa	0.135970333745	0.304437975996	0.550021930699	0.00956975955979
-pɛn	0.1424704231	0.549629035492	0.165129336274	0.142771205133
-ruu	0.0298383754662	0.952755905512	0.0124326564443	0.00497306257772
-mᴐᴐ	0.0983965258297	0.840921254756	0.0196516777027	0.0410305417111
-fɔɔ	0.0245872848612	0.926238145416	0.0245872848612	0.0245872848612
-bun	0.0889442015002	0.868376283069	0.00839203955105	0.03428747588
-uyo	0.195369258887	0.4245397149	0.234543716884	0.145547309329
-uya	0.12874251497	0.87125748503	0.0	0.0
-ŋaa	0.163798928358	0.448602930177	0.341934266378	0.045663875087
-zɛn	0.0595550820447	0.924891013366	0.00122793983597	0.014325964753
-300	0.0952380952381	0.365079365079	0.126984126984	0.412698412698
-ate	0.226799400472	0.709942599829	0.0409720722313	0.0222859274677
-ata	0.0349107835531	0.827773467805	0.104732350659	0.0325833979829
-ato	0.0532608023167	0.882826234903	0.0426086418534	0.0213043209267
-wee	0.064652178415	0.0800845463884	0.00578771688014	0.849475558316
-ati	0.0516214427532	0.868960953011	0.0794176042356	0.0
-ose	0.0148514851485	0.970297029703	0.0148514851485	0.0
-dᴐn	0.0	1.0	0.0	0.0
-uli	0.460736794609	0.425192495233	0.103183267106	0.010887443052
-ulo	0.374775896856	0.451247581461	0.0408193151763	0.133157206506
-ɛɛn	0.0728922573765	0.73064009554	0.0577392856461	0.138728361437
-ᴐri	0.601240133498	0.224602605165	0.0238856540466	0.15027160729
-kaa	0.233388694531	0.110208747204	0.0326103407358	0.62379221753
-ule	0.282352941176	0.682352941177	0.0235294117647	0.0117647058824
-ɛyɛ	0.190385213444	0.549872394343	0.118545393705	0.141196998508
-nii	0.0603290676417	0.912248628885	0.0274223034735	0.0
-ajo	0.538461538462	0.225	0.0519230769231	0.184615384615
-aji	0.493678808362	0.378645637752	0.110652146702	0.0170234071849
-ɛrɛ	0.169674941454	0.57789184294	0.167350506308	0.0850827092974
-shi	0.0555784191249	0.750121280339	0.0569025854597	0.137397715076
-fin	0.36306048148	0.582566948115	0.0306463578649	0.0237262125406
-sha	0.63376389048	0.172556993928	0.0180433039294	0.175635811662
-she	0.604405908974	0.222320372912	0.104915537556	0.068358180558
-ile	0.124438012612	0.477747065111	0.0408497892185	0.356965133059
-ᴐnᴐ	0.220728294923	0.661443315758	0.0853056212263	0.0325227680925
-ila	0.297572604249	0.633718399732	0.0188473563788	0.0498616396401
-ilo	0.110894941634	0.68093385214	0.167315175097	0.0408560311284
-yuu	0.474110032362	0.411003236246	0.0582524271845	0.0566343042071
-ili	0.280732799001	0.605079629437	0.0593317372749	0.0548558342875
-iga	0.122202560633	0.672582491933	0.154366607682	0.0508483397523
-usᴐ	0.30602006689	0.503344481605	0.010033444816	0.180602006689
-aɲa	0.331620903454	0.520992028344	0.0368467670505	0.110540301151
-ige	0.198559015893	0.495080375724	0.129054325711	0.177306282672
-eba	0.019152360515	0.827628755365	0.0766094420601	0.0766094420601
-igi	0.336932133147	0.147181233447	0.0142544149091	0.501632218497
-amu	0.373751328374	0.512539851222	0.0544102019129	0.059298618491
-ebe	0.170347003155	0.526813880126	0.0	0.302839116719
-ami	0.028328611898	0.966005665722	0.0	0.0056657223796
-ama	0.151500923575	0.568963083622	0.221281927274	0.0582540655292
-buu	0.323877257472	0.634089819402	0.0257311810772	0.0163017420489
-ᴐᴐn	0.354786006467	0.529145117246	0.0426002866651	0.0734685896217
-hii	0.218889339279	0.744629104175	0.0243210376976	0.0121605188488
-usi	0.0528283325135	0.910575504181	0.0215445154943	0.0150516478111
-iri	0.4178613311	0.167017171385	0.0303813423995	0.384740155115
-hin	0.684875230258	0.213745212632	0.0878622828291	0.0135172742814
-ire	0.0961050208198	0.789631354019	0.0518977429659	0.0623658821956
-usa	0.0545631423859	0.915899445909	0.00444118600815	0.0250962256968
-ᴐgi	0.290196408294	0.383437776002	0.22290448753	0.103461328174
-ira	0.169676806084	0.788418884664	0.0342997465146	0.00760456273764
-guu	0.605866177818	0.158570119157	0.175068744271	0.0604949587535
-gun	0.758314855876	0.241685144124	0.0	0.0
-vᴐᴐ	0.225322935738	0.67026825672	0.072713232373	0.0316955751692
-usu	0.0557275541796	0.0743034055728	0.0975232198142	0.772445820433
-kan	0.807362863792	0.0770338345656	0.0121513428067	0.103451958836
-omɛ	0.0572914988887	0.733804722482	0.196179492961	0.0127242856683
-uza	0.0994475138122	0.900552486188	0.0	0.0
-ɛkɛ	0.0177108035902	0.957013778405	0.0113469216222	0.0139284963828
-oda	0.0	0.948394495413	0.0344036697248	0.0172018348624
-bɔɔ	0.0457765667575	0.679564032698	0.274659400545	0.0
-rᴐᴐ	0.124816904042	0.79284445414	0.0676909651884	0.0146476766292
-cɛɛ	0.197368421053	0.776315789474	0.0263157894737	0.0
-hᴐn	0.376315789474	0.541447368421	0.0348684210526	0.0473684210527
-npe	0.0392156862745	0.960784313725	0.0	0.0
-uŋᴐ	0.316576090361	0.287997361179	0.0861611781951	0.309265370265
-wii	0.52580055094	0.113578202385	0.0180346219123	0.342586624763
-enᴐ	0.0	1.0	0.0	0.0
-ɛsa	0.0	1.0	0.0	0.0
-ᴐli	0.0455654429589	0.876990301163	0.00410546602269	0.073338789855
-uba	0.360732976258	0.564357955156	0.0705351524731	0.0043739161129
-ɛsi	0.0461126005362	0.865951742627	0.056836461126	0.0310991957104
-f`o	0.507154213037	0.431854314207	0.0208122561064	0.0401792166498
-ɛzi	0.00943396226415	0.97641509434	0.0141509433962	0.0
-tᴐn	0.214916584887	0.676153091266	0.0736015701668	0.0353287536801
-urɛ	0.193548387097	0.397849462366	0.408602150538	0.0
-unᴐ	0.292433284085	0.327814984936	0.275346120712	0.104405610267
-iin	0.404069783384	0.208646093439	0.0244283153972	0.362855807779
-ɲ'i	0.480728569609	0.26340593555	0.229881543752	0.025983951089
-owo	0.311688311688	0.509090909091	0.116883116883	0.0623376623377
-ugᴐ	0.346368715084	0.486033519553	0.134078212291	0.0335195530726
-zhᴐ	0.313237419383	0.574655310717	0.0655833447989	0.0465239251011
-owe	0.132352941176	0.808823529412	0.0	0.0588235294118
-nrᴐ	0.376067611722	0.529299385067	0.0798465964599	0.0147864067518
-ɲ`a	0.145248734783	0.8246521928	0.0267854130683	0.00331365934865
-agi	0.379064395021	0.293705028044	0.224273864235	0.1029567127
-ago	0.422232902865	0.257572093008	0.0573404735982	0.262854530528
-ɛmu	0.0128594564543	0.972355391545	0.000241719106283	0.0145434328947
-ege	0.492810833009	0.205389457105	0.0330312389765	0.26876847091
-iwᴐ	0.0	1.0	0.0	0.0
-ega	0.0162002945508	0.967599410898	0.0162002945508	0.0
-ona	0.0261994251603	0.93787309308	0.0266416095512	0.00928587220871
-egi	0.589966060871	0.213378585505	0.134251149551	0.0624042040727
-oni	0.408970502402	0.400260404975	0.126939942232	0.0638291503914
-450	0.0	0.152173913043	0.0434782608696	0.804347826087
-ana	0.329997512226	0.468297245877	0.106293463018	0.0954117788792
-egu	0.0	1.0	0.0	0.0
-ani	0.0846824081293	0.0738397383912	0.016672869012	0.824804984468
-daa	0.205732340523	0.664262810113	0.0282849837752	0.10171986559
-tan	0.169717138103	0.740432612313	0.0698835274542	0.0199667221298
-ngɛ	0.198032720573	0.603570996934	0.0945369518515	0.103859330641
-taa	0.467384945916	0.351857563736	0.0619542442646	0.118803246083
-nyᴐ	0.256464576695	0.478757415591	0.162201632782	0.102576374932
-yii	0.0708728686209	0.700316405987	0.0595308454829	0.169279879909
-nnɛ	0.361945051885	0.150718084254	0.0527470812036	0.434589782657
-afɛ	0.202729044834	0.508771929825	0.272904483431	0.0155945419103
-mii	0.0654027651296	0.20523222121	0.0129149764053	0.716450037255
-vɛn	0.043056141832	0.933094132545	0.00865344027015	0.0151962853525
-eni	0.553404795675	0.248187967496	0.0845023593004	0.113904877529
-ɛlɛ	0.404672121352	0.321347766599	0.150720401064	0.123259710985
-ene	0.0344827586207	0.965517241379	0.0	0.0
-ena	0.0208333333333	0.979166666667	0.0	0.0
