-oju	0.53205732105	0.0444795824647	0.00594378543671	0.417519311049
-̃un	0.5429089444	0.364020950846	0.0620467365028	0.0310233682514
-rom	0.302319281949	0.345131970348	0.0613274378956	0.291221309807
-eba	0.307420704388	0.576892264784	0.109040738213	0.00664629261488
-cak	0.620220831259	0.245811469189	0.0899320205326	0.0440356790194
-ayũ	0.187166457346	0.50544419686	0.102125488732	0.205263857062
-can	0.411991125707	0.297122164472	0.163968405339	0.126918304481
-eus	0.0508097516961	0.571497137153	0.00369995099272	0.373993160158
-eum	0.125	0.28125	0.25	0.34375
-car	0.0	0.950861975264	0.0491380247361	0.0
-cap	0.354738404044	0.380396693432	0.103467719813	0.161397182711
-caw	0.318042813456	0.461773700306	0.165137614679	0.0550458715596
-ive	0.029810298103	0.970189701897	0.0	0.0
-̃uy	0.166882154089	0.206279645244	0.0554623800338	0.571375820633
-cat	0.183675888615	0.372668439316	0.149507217889	0.294148454179
-g̃õ	0.216198979592	0.740433673469	0.00765306122451	0.0357142857143
-caz	0.0	1.0	0.0	0.0
-cay	0.721953471283	0.160335187636	0.0353275333374	0.0823838077429
-xem	0.215865670375	0.228411310181	0.0479748662647	0.50774815318
-xen	0.387280652733	0.369593159718	0.0731530121829	0.169973175366
-̃ãm	0.263614687649	0.282403433476	0.0780744979601	0.375907380915
-̃ãn	0.434083601286	0.398713826367	0.156484458735	0.010718113612
-auy	0.335025380711	0.634517766497	0.0304568527919	0.0
-xee	0.386202219845	0.481046693471	0.0452560522786	0.0874950344053
-ẽka	0.140120967742	0.859879032258	0.0	0.0
-̃pu	0.427196149218	0.344163658243	0.141997593261	0.0866425992779
-õxa	0.377042312526	0.296187683284	0.0	0.326770004189
-okõ	0.604316546763	0.395683453237	0.0	0.0
-zim	0.209943449576	0.677309142319	0.0544297832234	0.0583176248822
-xey	0.294558868736	0.614601905933	0.0249000922226	0.0659391331079
-xet	0.262245550161	0.512018471375	0.0734702807255	0.152265697739
-oão	0.100318077481	0.810773566301	0.0103363514359	0.0785720047815
-iku	0.330661157794	0.373669718337	0.12929873001	0.166370393859
-ufo	0.0	0.961904761905	0.0380952380952	0.0
-xep	0.0427426063256	0.0419938108652	0.115791007103	0.799472575707
-put	0.259053347404	0.271475001939	0.136538066034	0.332933584623
-puw	0.414814814815	0.525925925926	0.0414814814815	0.0177777777778
-yõm	0.686434684658	0.187580002098	0.046318129869	0.0796671833746
-nto	0.176983317318	0.524604103196	0.0159081820851	0.282504397401
-yõn	0.232387969318	0.658811061768	0.0770084779976	0.0317924909165
-nta	0.290431114133	0.148231438384	0.029287171173	0.532050276311
-éia	0.0193374482381	0.952276545043	0.00898996015314	0.0193960465661
-uak	0.346283783784	0.476351351351	0.177364864865	0.0
-uam	0.440652341377	0.237652934613	0.175890640466	0.145804083544
-puy	0.41484261679	0.477852361454	0.048392460792	0.0589125609643
-a'õ	0.241403178506	0.271582736387	0.0642134270651	0.422800658041
-uan	0.217718004224	0.338877886051	0.376619445852	0.0667846638725
-uap	0.35702533528	0.365432532661	0.116096529302	0.161445602758
-pug	0.123076923077	0.138461538462	0.584615384615	0.153846153846
-uat	0.181416260992	0.379256560448	0.280774617659	0.158552560901
-aju	0.704591451074	0.126713971049	0.0187754504889	0.149919127388
-pum	0.48522663185	0.247144840693	0.0576174744541	0.210011053003
-pun	0.499136645475	0.453476964132	0.00947727807862	0.0379091123146
-dro	0.0479322196768	0.841552106326	0.00733741000916	0.103178263988
-puk	0.465420027083	0.251959305467	0.0763923931708	0.206228274279
-cas	0.0455927051672	0.908814589666	0.0182370820669	0.0273556231003
-pre	0.0	0.997032053819	0.00296794618123	0.0
-alo	0.246161990471	0.68325392624	0.00705840832893	0.0635256749603
-akũ	0.296619643333	0.577801437317	0.103540058557	0.0220388607932
-hem	0.309101056243	0.365344467641	0.200396866409	0.125157609707
-ẽyũ	0.527831357771	0.369841594292	0.0589282488629	0.0433987990738
-opu	0.118421052632	0.855263157895	0.0263157894737	0.0
-'it	0.171479664171	0.522732416495	0.0828953405517	0.222892578782
-aré	0.0507754757268	0.910509397217	0.0112625824163	0.0274525446397
-'ip	0.167167856255	0.685304984063	0.0908911105247	0.0566360491572
-wãm	0.631303629606	0.219382370486	0.0252374615702	0.124076538338
-'in	0.245764816016	0.335954259934	0.0804413248447	0.337839599205
-'im	0.691429414368	0.219601711167	0.0371736244283	0.0517952500369
-opo	0.136657875809	0.770798369695	0.00863102373533	0.08391273076
-opi	0.270720110015	0.472305851549	0.194973952972	0.0620000854638
-ysũ	0.640625	0.03125	0.171875	0.15625
-'ih	0.0859247135843	0.562397708674	0.0	0.351677577741
-ope	0.00451127819549	0.986466165414	0.0	0.00902255639098
-õca	0.238690182658	0.399223561885	0.166209386759	0.195876868697
-éma	0.0150375939849	0.96992481203	0.0150375939849	0.0
-opa	0.349258890087	0.498406196951	0.0313147429333	0.121020170028
-'ẽm	0.508140108535	0.258263443513	0.122594967933	0.11100148002
-caã	0.269035532995	0.548223350254	0.0	0.182741116751
-yju	0.145570481747	0.0360721178349	0.0105218524011	0.807835548017
-g̃o	0.0970065136552	0.701204627195	0.0223954561025	0.179393403047
-g̃i	0.1	0.7375	0.1	0.0625
-rbe	0.0232558139535	0.976744186047	0.0	0.0
-oku	0.302388503615	0.348923533615	0.103786663875	0.244901298895
-dei	0.419972602524	0.489745628607	0.0591053306985	0.0311764381706
-dek	0.327412801144	0.434318026559	0.115541199559	0.122727972738
-g̃a	0.174336878132	0.738815548221	0.0222466691114	0.0646009045349
-dem	0.390204698182	0.451037047079	0.0615062842535	0.0972519704862
-400	0.313868613139	0.0437956204379	0.014598540146	0.627737226277
-ima	0.0863584430475	0.0964113816255	0.00806998817301	0.809160187154
-yje	0.281465415937	0.280997647467	0.0736735341162	0.363863402479
-'g̃	0.348528508668	0.532429495961	0.0793613302472	0.0396806651235
-des	0.030915921523	0.876983750728	0.0362678490058	0.055832478743
-ime	0.469374331991	0.380991531694	0.0115103181781	0.138123818137
-deu	0.0835861798963	0.724674562004	0.138592541842	0.0531467162572
-g̃u	0.127714144786	0.0534550618537	0.0184037882901	0.80042700507
-dez	0.151462621885	0.0715059588299	0.019068255688	0.757963163597
-yjo	0.522244130283	0.239120105985	0.0652152599653	0.173420503766
-oka	0.491799512732	0.34163321463	0.0212870306631	0.145280241974
-̃uu	0.354098360656	0.331147540984	0.23606557377	0.0786885245901
-imo	0.0795308483291	0.709993573265	0.0763174807198	0.134158097686
-psa	0.0	1.0	0.0	0.0
-ido	0.118821172234	0.815516498009	0.02427147531	0.0413908544472
-bit	0.313235032081	0.183430159061	0.0316087379068	0.471726070951
-obi	0.367717321007	0.507277038849	0.125005640144	0.0
-rpo	0.0	1.0	0.0	0.0
-idi	0.374128226478	0.588569525396	0.0129780738274	0.0243241742992
-rpa	0.0821417706115	0.917858229389	0.0	0.0
-eca	0.503064891144	0.459945043331	0.0	0.0369900655253
-oba	0.424302179308	0.481861761806	0.0244789718832	0.0693570870023
-kpu	0.218947009712	0.433463963196	0.206168001363	0.141421025728
-ece	0.314144524498	0.147812028537	0.0306250079558	0.50741843901
-obe	0.0911246143283	0.807333582835	0.00856065986332	0.0929811429733
-ãan	0.382327709465	0.414641120961	0.100085787818	0.102945381756
-kpi	0.35723715976	0.344618409467	0.108398665654	0.189745765119
-bie	0.198280494358	0.779150994089	0.00644814615797	0.0161203653949
-bia	0.0430146603767	0.795777058872	0.0247992424026	0.136409038349
-bin	0.434762416932	0.338813340626	0.0762639063524	0.15016033609
-bim	0.358353437229	0.476770156989	0.103992025256	0.0608843805255
-bik	0.650153807334	0.211270319671	0.0342180713619	0.104357801634
-u'ũ	0.0869565217391	0.463768115942	0.413043478261	0.036231884058
-obu	0.417990131175	0.471525693499	0.0552420876628	0.0552420876628
-tep	0.26027745959	0.554537355225	0.126002290951	0.0591828942345
-100	0.0303309840965	0.410464558503	0.00498136600125	0.554223091399
-tes	0.0324220225979	0.951537608327	0.0	0.0160403690748
-tet	0.432935671053	0.392819311021	0.0284918996453	0.14575311828
-eje	0.0492387711393	0.0692793619018	0.0149968201875	0.866485046771
-ute	0.222987733154	0.271550999832	0.0213409511007	0.484120315913
-rio	0.0272886751998	0.908777857189	0.0350854395426	0.0288480280683
-rim	0.112387612388	0.775224775225	0.0674325674326	0.044955044955
-rẽn	0.44894865172	0.311344523205	0.0888947314356	0.150812093639
-rik	0.396052167487	0.489716186097	0.0665390695192	0.0476925768966
-a'u	0.116504854369	0.31067961165	0.514563106796	0.0582524271845
-rẽm	0.421609165983	0.274389253363	0.124351203264	0.17965037739
-ihi	0.0202511138113	0.949777237748	0.0275415147833	0.00243013365735
-rit	0.220508419879	0.658767529191	0.0698967317961	0.0508273191339
-iõm	0.658815480844	0.27091477717	0.00820953870211	0.0620602032838
-eju	0.114560786355	0.072415064805	0.0156242212728	0.797399927568
-utu	0.340881165526	0.525715288748	0.0210637177462	0.11233982798
-tei	0.367805206409	0.430062737952	0.100956835808	0.101175219831
-a'a	0.237758899593	0.585721788099	0.0354930233983	0.14102628891
-tek	0.236968881559	0.340740419253	0.0820276897704	0.340263009418
-lau	0.0348837209302	0.947674418605	0.0	0.0174418604651
-sia	0.00963339577201	0.989831415574	0.0	0.000535188653998
-ten	0.377719789708	0.432096396638	0.0209524540466	0.169231359607
-teo	0.0673433158382	0.84414556962	0.0174629515282	0.0710481630133
-meu	0.184790334044	0.650319829424	0.0668088130774	0.0980810234541
-yũm	0.387126134618	0.395683564043	0.119107136525	0.0980831648134
-e'e	0.222799156802	0.0886108504592	0.0406501791862	0.647939813553
-ara	0.266724732639	0.423967002811	0.228443758276	0.0808645062741
-e'a	0.173580089343	0.668278098802	0.025963581051	0.132178230805
-e'o	0.0707053702411	0.528630865059	0.360260695991	0.0404030687093
-pat	0.187280537212	0.308922188427	0.277082380312	0.226714894048
-õ'ẽ	0.0	0.572521329803	0.372560557027	0.0549181131706
-aro	0.058772805664	0.901969683217	0.0102114913316	0.0290460197876
-e'i	0.462444070701	0.348538698315	0.152841684384	0.0361755465998
-aru	0.161844477775	0.696041281994	0.0815070310427	0.0606072091877
-opé	0.11214953271	0.280373831776	0.588785046729	0.018691588785
-ydi	0.0	0.527027027027	0.472972972973	0.0
-mem	0.0	0.772357723577	0.216802168022	0.0108401084011
-kõn	0.558508464657	0.317301788099	0.0265519701706	0.0976377770726
-kõm	0.483684706056	0.376964023648	0.0601924802419	0.079158790054
-yde	0.650481418109	0.320650089609	0.0265176378615	0.00235085442034
-mei	0.0	1.0	0.0	0.0
-yda	0.503062474479	0.247856267864	0.0930992241731	0.155982033483
-aya	0.72857688005	0.160511435772	0.0257981389936	0.0851135451837
-ũrũ	0.112975201554	0.255816924211	0.054794611131	0.576413263104
-ayo	0.386401758596	0.430364915703	0.04241512169	0.140818204011
-ero	0.438711750246	0.303822338312	0.0611286234962	0.196337287946
-lão	0.0	1.0	0.0	0.0
-ayu	0.4544931813	0.404901652328	0.0663968841201	0.0742082822518
-taẽ	0.557645847663	0.209065654911	0.0324689165639	0.200819580863
-ũmã	0.605263157895	0.368421052632	0.0263157894737	0.0
-g̃ũ	0.345454545455	0.175757575758	0.369696969697	0.109090909091
-ayy	0.407407407407	0.037037037037	0.0	0.555555555556
-bás	0.088132635253	0.896858638743	0.004537521815	0.0104712041885
-mor	0.0555555555556	0.888888888889	0.0555555555556	0.0
-ẽkũ	0.336842105263	0.452631578947	0.126315789474	0.0842105263157
-p'a	0.131921252387	0.790561407564	0.0319583221545	0.0455590178949
-xat	0.335982271788	0.464586990657	0.0617317516483	0.137698985907
-yxe	0.266470651937	0.103071465946	0.0288107016575	0.601647180459
-ank	0.150309708345	0.204407507704	0.0379431630716	0.60733962088
-yxi	0.193323649054	0.52870413024	0.111141446652	0.166830774053
-ubu	0.11853380872	0.823919434541	0.0300243948208	0.0275223619191
-oyũ	0.1282612348	0.715579806925	0.0490706592208	0.107088299054
-dás	0.0	1.0	0.0	0.0
-xae	0.0478321246721	0.919765468292	0.0185156611634	0.0138867458726
-exi	0.125808119548	0.594276504441	0.0442943012589	0.235621074752
-dai	0.144721257994	0.647489439049	0.0214766598297	0.186312643127
-exe	0.214030376365	0.181247974189	0.128387094235	0.476334555211
-ube	0.592760180995	0.407239819005	0.0	0.0
-xan	0.385473063304	0.416337410946	0.0956044419774	0.102585083773
-ota	0.0	1.0	0.0	0.0
-'ma	0.433281429829	0.489540315483	0.0	0.0771782546882
-ija	0.110559886605	0.649893692417	0.0340184266478	0.20552799433
-oan	0.289353244465	0.405025863802	0.0856461503398	0.219974741393
-eno	0.574193548387	0.425806451613	0.0	0.0
-oti	0.250653722452	0.62755528388	0.0720269317392	0.0497640619289
-ijo	0.533282639091	0.282282675233	0.0743188222012	0.110115863475
-pẽn	0.192654565727	0.152497548278	0.0187252182529	0.636122667742
-oto	0.258113494022	0.357563104953	0.0607325868286	0.323590814196
-iju	0.356355769425	0.18813562749	0.0811783497443	0.374330253341
-atõ	0.0902281832432	0.82801539168	0.066238064322	0.0155183607544
-upã	0.689839528604	0.234288537045	0.0133891648856	0.0624827694659
-oxe	0.237984117151	0.112269762025	0.0526983348738	0.59704778595
-mat	0.250451089043	0.475792689453	0.179302062017	0.0944541594866
-umi	0.101694915254	0.864406779661	0.0	0.0338983050848
-ako	0.392432559316	0.428272153732	0.03765201026	0.141643276692
ALL	0.238541484839	0.286051765698	0.0545853512864	0.420821398177
-nai	0.0	1.0	0.0	0.0
-nan	0.539286108962	0.367885954249	0.0646480274064	0.0281799093823
-aki	0.434064276598	0.526952082608	0.0	0.0389836407936
-nam	0.237661979597	0.425971877585	0.238489109457	0.0978770333609
-aum	0.23091683347	0.694075378396	0.036164469279	0.0388433188552
-ake	0.21791449023	0.158870187657	0.0780421745019	0.545173147611
-kin	0.266345136589	0.509054215037	0.0869196474028	0.137681000971
-aka	0.278723788486	0.216494722154	0.0349273348872	0.469854154473
-aús	0.07	0.87	0.06	0.0
-nay	0.0	0.446147110333	0.553852889667	0.0
-sio	0.0	1.0	0.0	0.0
-dak	0.00821998700952	0.00406989472652	0.0104198610016	0.977290257262
-kit	0.221467310671	0.441140414823	0.0603527561167	0.277039518389
-nas	0.0644093430564	0.880435529843	0.0218399496571	0.033315177443
-aku	0.251357588267	0.368596159329	0.0979545471042	0.2820917053
-ẽro	0.763039278815	0.236960721185	0.0	0.0
-pop	0.594369274865	0.0717530576587	0.0390610746468	0.294816592829
-nat	0.340620327152	0.443738529355	0.114090519334	0.101550624159
-mxi	0.625899280576	0.330935251799	0.0431654676259	0.0
-wui	0.0798722044728	0.879721856794	0.0366472467581	0.0037586919752
-wuh	0.526174708294	0.368968779565	0.0236518448439	0.0812046672974
-mos	0.152677554121	0.810862134447	0.0227876946449	0.0136726167869
-wun	0.442973299638	0.36037248654	0.0918580375783	0.104796176244
-ayã	0.276578737011	0.375699440448	0.299760191846	0.0479616306955
-ãmã	0.453676342778	0.356033525042	0.147439143282	0.042850988898
-das	0.109927326778	0.804920088506	0.0010167472802	0.0841358374366
-msũ	0.705426356589	0.186046511628	0.062015503876	0.046511627907
-nũy	0.402224030377	0.299520838984	0.211463701293	0.0867914293463
-aás	0.425	0.15	0.05	0.375
-ẽrẽ	0.331760024011	0.392929801072	0.138673337833	0.136636837084
-ũma	0.169358785336	0.236854083101	0.0959954829143	0.497791648649
-wuy	0.459620042712	0.413761765132	0.0555000176825	0.0711181744737
-ug̃	0.263645970488	0.197227309528	0.0772723914	0.461854328585
-mon	0.224719101124	0.775280898876	0.0	0.0
-mom	0.172715757008	0.655009087404	0.0254447320593	0.146830423528
-nũn	0.32036295032	0.367561652735	0.142581563425	0.169493833521
-wut	0.284247474085	0.671401390894	0.0314919301929	0.0128592048288
-com	0.488636396446	0.232535467051	0.0457161885276	0.233111947976
-yat	0.280325126183	0.455096524669	0.100247863073	0.164330486075
-u'u	0.38989920561	0.200297584884	0.0784522232631	0.331350986243
-yap	0.265007114591	0.479918358243	0.0767779414823	0.178296585684
-cok	0.36297912625	0.315783100447	0.159881531862	0.16135624144
-ũdi	0.110764804603	0.889235195397	0.0	0.0
-ber	0.0	1.0	0.0	0.0
-ũmm	0.23642732049	0.337127845884	0.426444833625	0.0
-coa	0.023209801385	0.972985313142	0.0	0.00380488547295
-eor	0.0363636363636	0.963636363636	0.0	0.0
-bet	0.146761133603	0.493927125506	0.237854251012	0.121457489879
-eop	0.522727272727	0.386363636364	0.0227272727273	0.0681818181818
-nte	0.0205655526992	0.979434447301	0.0	0.0
-bek	0.242852653355	0.658218054258	0.0433256526958	0.0556036396915
-mẽn	0.117977817584	0.0823204627539	0.0247933905396	0.774908329122
-ixa	0.212942613912	0.425987063143	0.322051316663	0.0390190062818
-nũm	0.23717445047	0.563838689689	0.113131855145	0.0858550046952
-bel	0.124713196655	0.710162090149	0.0133224779809	0.151802235216
-ixe	0.0763513277221	0.0306396102004	0.00651995474778	0.88648910733
-yam	0.34121889441	0.473446251216	0.079764367705	0.105570486668
-yao	0.0234873904102	0.937872064076	0.0318216257171	0.00681891979652
-ixi	0.150301263131	0.780715386722	0.0241499412672	0.0448334088801
-̃cu	0.232456140351	0.44298245614	0.100877192982	0.223684210526
-cos	0.121357432682	0.849870896348	0.0	0.0287716709701
-cor	0.0	1.0	0.0	0.0
-rek	0.268191599482	0.51268654106	0.149421996396	0.0696998630618
-reh	0.493719469644	0.434752267969	0.0401256106071	0.0314026517795
-upu	0.558972179238	0.358276162076	0.0320778901648	0.0506737685211
-ren	0.347946407729	0.324610286463	0.176089592584	0.151353713223
-amo	0.167381974249	0.645922746781	0.103004291845	0.0836909871244
-ã'ã	0.732729897823	0.166203909374	0.0	0.101066192803
-rem	0.240647139461	0.450066882817	0.170269727861	0.13901624986
-ejũ	0.255033557047	0.565995525727	0.134228187919	0.0447427293065
-k'a	0.159342996405	0.587322444553	0.0287498611614	0.22458469788
-ecũ	0.617360496014	0.120460584588	0.0708591674048	0.191319751993
-ũba	0.0890302066773	0.211976682565	0.0	0.698993110758
-ã'õ	0.247933884297	0.387678437265	0.154019534185	0.210368144252
-a'ũ	0.179211469534	0.548387096774	0.0430107526882	0.229390681004
-rey	0.187058665593	0.517599677809	0.268223922674	0.027117733924
-eva	0.176938369781	0.823061630219	0.0	0.0
-l'a	0.0	0.984496124031	0.015503875969	0.0
-nha	0.0718562874251	0.910179640719	0.0	0.0179640718563
-res	0.0197530864197	0.932510288066	0.0378600823045	0.00987654320987
-rep	0.278634927632	0.547608551907	0.102490632577	0.0712658878848
-a'ô	0.537988581467	0.385155906895	0.0307422046552	0.0461133069829
-ãat	0.143417160445	0.42093564623	0.138515869122	0.297131324203
-evi	0.0212960842684	0.922887565835	0.010304556904	0.0455117929929
-edi	0.0760419121408	0.876482185041	0.0317847145986	0.0156911882195
-reu	0.0250783699059	0.952560083595	0.00982236154649	0.012539184953
-may	0.339925834363	0.537700865266	0.0815822002472	0.0407911001236
-avi	0.0072112659022	0.962855177523	0.00226769367994	0.0276658628952
-sos	0.392023145278	0.206240958876	0.0661293655714	0.335606530275
-̃'a	0.275853593473	0.349118862532	0.164954643872	0.210072900123
-oẽn	0.111810352655	0.807977872614	0.0583358361679	0.021875938563
-jut	0.840909090909	0.0	0.0227272727273	0.136363636364
-avo	0.326939792548	0.578142203164	0.0474590021441	0.047459002144
-map	0.352861486926	0.356442777512	0.138099642575	0.152596092988
-mas	0.0213468869124	0.968894536213	0.0097585768742	0.0
-mar	0.0	1.0	0.0	0.0
-̃'i	0.3952139802	0.224575928232	0.0307714245498	0.349438667018
-ham	0.500994510303	0.398758851142	0.0358023709126	0.0644442676426
-e'ũ	0.386234773016	0.247765659765	0.0911365264707	0.274863040748
-ebu	0.420098385029	0.413613855688	0.0597276741406	0.106560085142
-mam	0.720615547891	0.101087821703	0.133722472804	0.0445741576015
-man	0.29415997122	0.397889435184	0.170044369829	0.137906223768
-juk	0.561378033163	0.0389413905539	0.00878972774478	0.390890848539
-jun	0.0	0.754098360656	0.0	0.245901639344
-din	0.328828468366	0.402288074105	0.186431212141	0.0824522453886
-jum	0.427078534461	0.373068012816	0.0492325672605	0.150620885463
-nku	0.319298245614	0.435087719298	0.0654970760234	0.180116959064
-eũm	0.371406371406	0.367521367521	0.0687645687645	0.192307692308
-ãku	0.219713461246	0.62132334329	0.158963195464	0.0
-ĩjã	0.145144241296	0.0597628165012	0.12191373749	0.673179204713
-une	0.19671968657	0.719371646734	0.0784757314419	0.00543293525367
-nka	0.136363636364	0.818181818182	0.0	0.0454545454546
-pta	0.152812934643	0.782342411538	0.0279078256944	0.0369368281249
-666	0.0353982300885	0.0	0.0	0.964601769912
-pti	0.22921267336	0.59915229204	0.133983737532	0.0376512970671
-iri	0.184857754794	0.734730889154	0.020323749332	0.0600876067207
-ade	0.0944175438714	0.147926781739	0.48953170051	0.268123973879
-tra	0.0333988212181	0.887033398821	0.0176817288801	0.0618860510806
-ika	0.146356426923	0.689424021499	0.016598478661	0.147621072917
-ada	0.494177271816	0.286570808738	0.0754827499752	0.143769169471
-ãwẽ	0.487297921478	0.512702078522	0.0	0.0
-ado	0.0396009551348	0.835792591208	0.0221901903773	0.10241626328
-tro	0.0689935477316	0.565716608241	0.0697556266829	0.295534217345
-gai	0.0	1.0	0.0	0.0
-'ju	0.83478867956	0.0328804368898	0.00720181921105	0.125129064339
-144	0.247093023256	0.047238372093	0.0	0.705668604651
-gar	0.0199335548173	0.960132890365	0.0199335548173	0.0
-gap	0.307692307692	0.461538461538	0.153846153846	0.0769230769231
-̃u'	0.0911854103344	0.83282674772	0.0759878419453	0.0
-pyũ	0.210300193258	0.52614703791	0.129477059624	0.134075709208
-dré	0.00342270393611	0.993154592128	0.0	0.00342270393611
-'je	0.0381194409148	0.263024142313	0.660736975858	0.0381194409149
-mes	0.0	1.0	0.0	0.0
-wũn	0.242773841015	0.554488231546	0.0567666196829	0.145971307756
-sem	0.23952670291	0.494083786377	0.212663895107	0.053725615606
-ate	0.350408328498	0.466821824452	0.0840962938969	0.0986735531532
-u'a	0.432764165044	0.307260292586	0.0459712849314	0.214004257439
-pũg	0.396694214876	0.479338842975	0.0	0.123966942149
-ina	0.0636757038411	0.881824084364	0.0460985564266	0.00840165536793
-ywi	0.173235573263	0.332870954621	0.226582951784	0.267310520332
-bem	0.0	1.0	0.0	0.0
-pũm	0.355993274081	0.551326518688	0.0505864079309	0.0420937993002
-pũn	0.622618793824	0.219637868371	0.0842134726916	0.0735298651125
-sôs	0.0	0.920265780731	0.0	0.0797342192691
-ohe	0.154414158167	0.703032481322	0.0861586244846	0.0563947360263
-800	0.0	0.488054607509	0.0	0.511945392491
-uim	0.0	1.0	0.0	0.0
-wũy	0.209071178074	0.299236906069	0.0505739467786	0.441117969078
-uia	0.0139773256717	0.949681627582	0.00745457369157	0.0288864730548
-seu	0.0145879876741	0.965961362094	0.00486266255802	0.0145879876741
-oho	0.131625081165	0.723980240243	0.135554188066	0.00884049052602
-ẽg̃	0.471617175176	0.210144974923	0.0595439052666	0.258693944634
-ser	0.0	1.0	0.0	0.0
-sep	0.372226863455	0.2952752251	0.255453448436	0.0770444630093
-xim	0.20727691884	0.0972778014156	0.0445649278274	0.650880351917
-eda	0.523044447051	0.45350064501	0.0234549079395	0.0
-loe	0.451612903226	0.451612903226	0.0322580645161	0.0645161290323
-ede	0.592901410008	0.237517514958	0.0600435505505	0.109537524484
-iam	0.2614801004	0.104195607721	0.00417556286751	0.630148729012
-ooh	0.254559095106	0.681382733149	0.0438596491228	0.0201985226224
-neu	0.0	0.825842696629	0.0	0.174157303371
-nes	0.0651629072681	0.891395154553	0.0350877192982	0.00835421888053
-kuy	0.436240240806	0.0976231933049	0.0493699715514	0.416766594337
-rso	0.0	1.0	0.0	0.0
-iat	0.263830926162	0.352184957235	0.10192569408	0.282058422523
-uwã	0.717905249206	0.137173915277	0.0178261360951	0.127094699422
-mti	0.0648563767536	0.876841687695	0.0177440673419	0.04055786821
-u'i	0.474033462464	0.275007645644	0.0167305927928	0.2342282991
-ias	0.0476538144427	0.917267914597	0.0159900950245	0.0190881759355
-edu	0.18958811677	0.468497258798	0.0186964059791	0.323218218453
-kun	0.203043478261	0.446956521739	0.117391304348	0.232608695652
-kum	0.497634800299	0.164546847615	0.0344306231	0.303387728987
-kuk	0.293500259319	0.309030737546	0.0690686061561	0.328400396978
-ẽ'a	0.153077691539	0.527088296319	0.179973872282	0.13986013986
-uje	0.0797883155736	0.0452116012213	0.00885045685432	0.866149626351
-iũm	0.427594786945	0.282905104014	0.120173144615	0.169326964426
-pxi	0.153910739118	0.64846640254	0.0573032823446	0.140319575998
-eka	0.407089226201	0.329328889679	0.0258732012094	0.23770868291
-ipũ	0.334203655352	0.117493472585	0.509138381201	0.0391644908616
-uui	0.35175879397	0.13567839196	0.170854271357	0.341708542714
-joy	0.237378210806	0.56067316209	0.0212577502214	0.180690876882
-jot	0.754843859869	0.124243590334	0.0401606226955	0.0807519271011
-ĩjo	0.497545752833	0.309965898543	0.0361547177124	0.156333630912
-jop	0.145220810707	0.154387385875	0.0503856980305	0.650006105388
-tãh	0.144578313253	0.0722891566265	0.746987951807	0.0361445783133
-pĩn	0.253227031131	0.46317388003	0.239179954442	0.0444191343964
-hom	0.373493975904	0.530120481928	0.0963855421687	0.0
-jom	0.392835329525	0.258392570942	0.0536323909687	0.295139708564
-jon	0.588398240183	0.233990549128	0.15479876161	0.0228124490793
-'at	0.218949946713	0.204453052252	0.153914808779	0.422682192257
-pĩt	0.194986328439	0.257875508375	0.265618896625	0.281519266561
-ape	0.503272371797	0.343172986844	0.0568416765101	0.0967129648487
-xĩn	0.272952904545	0.227203967183	0.0163972952565	0.483445833015
-bay	0.115318484227	0.745334295987	0.015004711006	0.12434250878
-k'i	0.67226181585	0.141064428607	0.0205914992552	0.166082256288
-ião	0.0163671373556	0.964377406932	0.0144415917843	0.00481386392811
-joa	0.546032522313	0.274238904512	0.0513510209072	0.128377552268
-bap	0.492063492064	0.293650793651	0.126984126984	0.0873015873016
-xĩg	0.582089552239	0.417910447761	0.0	0.0
-yey	0.0	0.957894736842	0.0421052631579	0.0
-wat	0.333492199855	0.280581002751	0.0457977594631	0.340129037931
-ase	0.192681065908	0.420668217741	0.0625076533255	0.324143063026
-que	0.0235103085695	0.957792516899	0.0148096431934	0.00388753133826
-adã	0.166666666667	0.833333333333	0.0	0.0
-asa	0.157258064516	0.786290322581	0.00806451612902	0.0483870967741
-aso	0.506440057922	0.486700708787	0.0	0.00685923329016
-'on	0.280680542361	0.462532746063	0.234908023145	0.0218786884302
-yeu	0.717407316474	0.189295359686	0.0270071200589	0.066290203781
-153	0.0	0.0392156862745	0.0522875816993	0.908496732026
-quo	0.242774566474	0.618497109826	0.0693641618497	0.0693641618497
-ũ'ũ	0.398449238457	0.257501012242	0.0500573898128	0.293992359488
-dre	0.0	1.0	0.0	0.0
-asu	0.472035794183	0.266219239374	0.127516778523	0.134228187919
-oré	0.0	0.911764705882	0.0294117647059	0.0588235294117
-kãn	0.666666666667	0.222222222222	0.0444444444444	0.0666666666667
-usu	0.278220618489	0.253396968292	0.19803257939	0.270349833829
-uca	0.114787749405	0.789145250021	0.0862139748747	0.00985302569998
-hẽm	0.671389823532	0.192565396436	0.0247354145512	0.11130936548
-lta	0.181818181818	0.767379679144	0.0427807486631	0.00802139037433
-ũxi	0.0320284697509	0.711743772242	0.106761565836	0.149466192171
-gaú	0.0	1.0	0.0	0.0
-ẽbu	0.250554025922	0.577194278423	0.172251695655	0.0
-oxi	0.252232800078	0.61870644813	0.053489056826	0.0755716949652
-vem	0.734275888259	0.21645911098	0.0492650007607	0.0
-ãwã	0.547668936736	0.188683280504	0.113316304622	0.150331478138
-tẽn	0.491747362615	0.352259284973	0.0896626131215	0.0663307392902
-raw	0.532484400986	0.27287001688	0.129763721422	0.0648818607112
-430	0.442857142857	0.0571428571429	0.0	0.5
-inã	0.196816689523	0.733366579396	0.0698167310809	0.0
-ras	0.118195956454	0.754276827372	0.0124416796267	0.115085536547
-rap	0.251908396947	0.610687022901	0.137404580153	0.0
-õre	0.0	0.487418452936	0.512581547064	0.0
-ran	0.463547537682	0.393298075681	0.100738272078	0.0424161145591
-eri	0.0	1.0	0.0	0.0
-iwa	0.103818931642	0.774516325792	0.0232882160573	0.0983765265093
-ram	0.127215442068	0.11500098146	0.126657062747	0.631126513725
-erm	0.75625	0.0375	0.0	0.20625
-iwe	0.0250378318888	0.974962168111	0.0	0.0
-̃rũ	0.171875	0.6875	0.0	0.140625
-era	0.0	1.0	0.0	0.0
-iwi	0.209012239807	0.303344507679	0.0532008092041	0.43444244331
-ere	0.452239302621	0.223163396429	0.0718598619533	0.252737438997
-poy	0.664618553986	0.335381446014	0.0	0.0
-buy	0.586956521739	0.304347826087	0.0217391304348	0.0869565217391
-oze	0.220133762097	0.222141703278	0.0143122424023	0.543412292223
-pos	0.136326307145	0.669312893512	0.0237247924081	0.170636006935
-cós	0.0659340659341	0.868131868132	0.0659340659341	0.0
-cex	0.383720930233	0.581395348837	0.0	0.0348837209302
-mũm	0.33521285165	0.334110198306	0.094145240041	0.236531710003
-tũy	0.0936566222747	0.234235796036	0.0570189280687	0.61508865362
-pot	0.0839649435332	0.685430238456	0.0179987899973	0.212606028013
-mũn	0.460329877517	0.355198514476	0.0830477140796	0.101423893928
-eyũ	0.126670236274	0.172250394502	0.0375693708331	0.663509998391
-pok	0.583251788479	0.333284231425	0.0374385754339	0.0460254046618
-nás	0.0741197013964	0.803082104692	0.024943912928	0.0978542809835
-pon	0.487857376819	0.303448598568	0.0996677740864	0.109026250526
-pom	0.0932069510268	0.627698788836	0.279094260137	0.0
-aũm	0.695266430336	0.184756103423	0.02040963395	0.0995678322907
-tũn	0.560664891057	0.439335108943	0.0	0.0
-poa	0.276805568984	0.665667601276	0.0	0.0575268297399
-aza	0.422110552764	0.412060301507	0.0	0.165829145729
-'go	0.0991735537191	0.900826446281	0.0	0.0
-uju	0.525351031341	0.238498392494	0.0249155838643	0.2112349923
-500	0.098944591029	0.0765171503957	0.163588390501	0.660949868074
-aat	0.313857577684	0.478154446345	0.14974571773	0.0582422582402
-nor	0.0	1.0	0.0	0.0
-nos	0.0357142857143	0.964285714286	0.0	0.0
-lai	0.0	0.97974341661	0.0202565833896	0.0
-aam	0.304321103819	0.439271514428	0.121202717907	0.135204663845
-aal	0.0697674418605	0.93023255814	0.0	0.0
-rak	0.644794434016	0.228225907955	0.031848282695	0.0951313753339
-fos	0.0	1.0	0.0	0.0
-nom	0.037037037037	0.962962962963	0.0	0.0
-las	0.1020475344	0.874251102772	0.0	0.0237013628283
-ehe	0.568025020697	0.292061447889	0.014350105786	0.125563425628
-bok	0.666098807496	0.207836456559	0.0238500851789	0.102214650767
-isu	0.23214677353	0.374623235724	0.286707232304	0.106522758443
-raó	0.0313390313391	0.945868945869	0.022792022792	0.0
-dot	0.627962031209	0.169855148795	0.0604240054307	0.141758814566
-cũh	0.0731707317073	0.536585365854	0.0	0.390243902439
-dop	0.548332257902	0.0967630881453	0.0232774933465	0.331627160606
-fás	0.023645320197	0.902791461412	0.0617405582923	0.0118226600985
-bom	0.130909090909	0.567272727273	0.28	0.0218181818182
-bon	0.270708247715	0.552202336568	0.127341477582	0.049747938135
-aha	0.603695591819	0.238054107413	0.0644723447573	0.0937779560107
-cũg	0.467362924282	0.0626631853786	0.23498694517	0.23498694517
-doy	0.172413242823	0.722703493116	0.0554522998237	0.0494309642368
-bot	0.180531334266	0.591965220799	0.118004230947	0.109499213988
--ip	0.370967741935	0.142961876833	0.486070381232	0.0
-ẽwẽ	0.454388984509	0.358986968281	0.0981067125646	0.0885173346447
-epu	0.341032118369	0.477084085168	0.112161674486	0.0697221219776
-sũy	0.357104757841	0.174791977811	0.0309366332409	0.437166631107
-don	0.358900377451	0.481506289787	0.0586256427033	0.100967690058
-ypa	0.196236776225	0.223936041347	0.524105628685	0.0557215537431
-uis	0.0	1.0	0.0	0.0
-eku	0.32895140586	0.210238843325	0.0602904975334	0.400519253282
-ĩg̃	0.525802650414	0.288711248554	0.119906287069	0.0655798139632
-sar	0.105367836692	0.690322157626	0.178847751016	0.0254622546663
-yku	0.716473624144	0.0798107763863	0.0290501954707	0.174665403999
-sat	0.114485609795	0.571062452648	0.21918756372	0.0952643738367
-ibu	0.364046605381	0.414817311758	0.0993583782443	0.121777704618
-say	0.24958308585	0.496929303544	0.0759583314296	0.177529279176
-tom	0.412713654696	0.423276358748	0.111356507266	0.0526534792907
-ẽat	0.169873847019	0.458817869118	0.215244392045	0.156063891818
-tok	0.350477064628	0.589530485503	0.0304847628001	0.0295076870693
-'ut	0.34085778781	0.630925507901	0.028216704289	0.0
-'uk	0.40850758767	0.37251212626	0.0833312628358	0.135649023235
-ges	0.0	1.0	0.0	0.0
-tot	0.520545421043	0.184632393588	0.0405380504883	0.254284134881
-ibo	0.247755441357	0.130284540795	0.0662761211133	0.555683896735
-fpi	0.0242914979757	0.975708502024	0.0	0.0
-ibi	0.148825238825	0.755892983764	0.0237199361487	0.0715618412621
-yka	0.335160790175	0.252964272568	0.0335746394351	0.378300297822
-olo	0.0667798965491	0.896163051031	0.00926426310506	0.0277927893152
-sak	0.0	0.367460908414	0.610201042442	0.0223380491437
-ibe	0.553015623108	0.387943563037	0.011808162771	0.0472326510839
-sus	0.0247776674587	0.50532730167	0.00216956232691	0.467725468544
-mpu	0.597973856413	0.246216837989	0.155809305598	0.0
-san	0.526847264749	0.254227575286	0.114687920681	0.104237239284
-toy	0.154947699094	0.75903151422	0.0562443605254	0.0297764261605
-ssé	0.0	1.0	0.0	0.0
-nãm	0.129032258065	0.306451612903	0.274193548387	0.290322580645
-dom	0.2384	0.561889156627	0.0535710843373	0.146139759036
-iel	0.148076320618	0.810153208121	0.0125311413781	0.0292393298823
-ãg̃	0.478804221006	0.147268531722	0.0683191163888	0.305608130882
-ros	0.048596112311	0.842332613391	0.0323974082073	0.0766738660906
-ũam	0.416666666667	0.383333333333	0.0666666666667	0.133333333333
-ybe	0.409799291021	0.150533224964	0.0374704543354	0.40219702968
-juu	0.584905660377	0.133937106918	0.0911194968554	0.190037735849
-yba	0.0657488725374	0.906361262758	0.00771421789699	0.0201756468075
-dok	0.798507462687	0.0	0.0	0.201492537313
-oce	0.120599110878	0.0839087838785	0.0229742203761	0.772517884868
-ũat	0.147061217182	0.204095252047	0.38816999528	0.260673535492
-roa	0.339177343223	0.583951449764	0.0225893459204	0.0542818610924
-naã	0.256487537942	0.547496900517	0.0987559317686	0.0972596297721
-ybu	0.141263947646	0.795853037189	0.0367752063993	0.0261078087651
-oco	0.414891178446	0.330795528521	0.024105525406	0.230207767627
-pãm	0.682768376382	0.0363248982728	0.0270690347706	0.253837690575
-roh	0.297900931058	0.569501099284	0.102679655204	0.0299183144535
-rok	0.0632183908046	0.67816091954	0.224137931034	0.0344827586207
-ewu	0.139304973038	0.252022168964	0.0	0.608672857999
-juy	0.429246192238	0.0604799512452	0.0070371879421	0.503236668575
-tũũ	0.0	0.585365853659	0.341463414634	0.0731707317073
-ipo	0.417055711173	0.383753501401	0.199190787426	0.0
-ipa	0.0103896103896	0.974025974026	0.00389610389611	0.0116883116883
-ẽãn	0.298497029011	0.339042292905	0.128626354422	0.233834323663
-ẽãm	0.528336696653	0.430333183661	0.0	0.041330119686
-ave	0.109326141793	0.738279842375	0.152394015832	0.0
-noé	0.00988467874793	0.961285008237	0.0	0.0288303130148
-ewe	0.485219164118	0.256880733945	0.135575942915	0.122324159021
-rõn	0.325786858089	0.630038652678	0.0110436223081	0.0331308669244
-pan	0.25062330842	0.359535859423	0.136689419741	0.253151412416
-úde	0.0	1.0	0.0	0.0
-rdo	0.137313665201	0.645506558207	0.217179776593	0.0
-ewi	0.177654191841	0.101802965549	0.025054913554	0.695487929056
-ipu	0.771842197682	0.228157802318	0.0	0.0
-awi	0.126360454967	0.315047267283	0.093952829591	0.464639448159
-ipe	0.0235608244179	0.924130293468	0.0457606420847	0.00654824002896
-uxi	0.407038529329	0.521125859936	0.042203421307	0.0296321894283
-cam	0.299525920977	0.47767559118	0.0939563267659	0.128842161078
-uxe	0.450164644051	0.221817953623	0.143156739157	0.18486066317
-wẽn	0.322544580726	0.201259537271	0.0308097661413	0.445386115862
-asũ	0.226512939702	0.156548793674	0.0349438211874	0.581994445436
-ĩat	0.165692007797	0.662768031189	0.0399610136452	0.131578947368
-eẽm	0.829457364341	0.077519379845	0.031007751938	0.0620155038759
-éyũ	0.451282051282	0.394871794872	0.0615384615385	0.0923076923077
-eẽn	0.808	0.128	0.0	0.064
-ykõ	0.0900900900901	0.712140712141	0.146289146289	0.05148005148
-pik	0.368313603364	0.379186192224	0.104002715058	0.148497489353
-aẽm	0.567615136404	0.282780874157	0.14960398944	0.0
-aẽn	0.0	0.878305140417	0.0556741665297	0.0660206930531
-saú	0.0167364016736	0.970711297071	0.0	0.0125523012552
-276	0.0	0.339285714286	0.0	0.660714285714
-dwi	0.292648444863	0.368049010368	0.254476908577	0.0848256361923
-txi	0.1875	0.4765625	0.30078125	0.03515625
-pka	0.286662821928	0.416829129744	0.0469633178702	0.249544730458
-sto	0.0196869277981	0.92321167168	0.00383517852033	0.0532662220018
-uém	0.0	0.918367346939	0.0816326530612	0.0
-sti	0.0456389452333	0.832657200811	0.121703853955	0.0
-pco	0.373799126638	0.447161572052	0.056768558952	0.122270742358
-ste	0.707112970711	0.242677824268	0.0	0.0502092050209
-pku	0.592132505176	0.302277432712	0.0	0.105590062112
-nap	0.271065702862	0.537342887414	0.0982542076245	0.0933372020999
-ãyũ	0.438532110092	0.375229357798	0.0201834862385	0.166055045872
-õyũ	0.33620721605	0.54362224352	0.0418290430253	0.0783414974044
-npu	0.26301946344	0.673855865334	0.0473435034192	0.0157811678064
-cum	0.538153467747	0.164857879285	0.0364612030981	0.260527449871
-loí	0.0	0.957142857143	0.0142857142857	0.0285714285714
-'gu	0.80487804878	0.0487804878049	0.0	0.146341463415
-loé	0.0143061516452	0.856938483548	0.0	0.128755364807
-íco	0.0	1.0	0.0	0.0
-ẽm'	0.828571428571	0.171428571429	0.0	0.0
-eyu	0.773109243698	0.142857142857	0.0336134453781	0.0504201680672
-ões	0.123456790124	0.802469135802	0.0740740740741	0.0
-rês	0.0	0.625850340136	0.0	0.374149659864
-emá	0.0333333333333	0.866666666667	0.0333333333333	0.0666666666667
-ẽdi	0.265125764786	0.391570360299	0.292318150918	0.0509857239973
-cuy	0.273778180017	0.029987367535	0.003529620671	0.692704831777
-eya	0.436554132712	0.318975552969	0.0	0.244470314319
-̃ẽn	0.40422037846	0.255101055095	0.178818680434	0.161859886011
-̃ẽm	0.258702391872	0.359062344501	0.160406259843	0.221829003785
-yei	0.45785640946	0.506228067427	0.0279342957544	0.00798122735839
-mão	0.0124813564644	0.975743778947	0.000941989167122	0.0108328754219
-mãn	0.237583270076	0.295330807204	0.172340150742	0.294745771979
-mãm	0.357640813868	0.415961305925	0.133137476591	0.0932604036163
-'un	0.4887634856	0.228810940345	0.0881022953823	0.194323278672
-uõm	0.578619782475	0.256354710048	0.0503921384648	0.114633369013
-nõm	0.331331498396	0.520874017015	0.0601829454019	0.0876115391864
-ois	0.0625	0.0416666666667	0.0416666666667	0.854166666667
-top	0.1191990105	0.616607509418	0.106231512734	0.157961967348
-muo	0.0	0.928571428571	0.0714285714286	0.0
-tyũ	0.222798959429	0.618568700499	0.0504444353397	0.108187904732
-sum	0.252405755001	0.404344453501	0.150099930649	0.193149860849
-yta	0.506534945082	0.302018776462	0.143584708842	0.0478615696141
-axi	0.223845270869	0.410712569364	0.0486557566261	0.316786403141
-ũku	0.34758937012	0.321592381219	0.0740870417703	0.256731206891
-õg̃	0.564693605003	0.286682129089	0.0464760252607	0.102148240648
-yũk	0.224489795918	0.0816326530612	0.0	0.69387755102
-tos	0.0632368646232	0.862332097349	0.039281758061	0.0351492799671
-ola	0.244227353464	0.716696269982	0.0	0.0390763765542
-ios	0.0	0.947826086957	0.0521739130435	0.0
-acó	0.00101231651763	0.986502446432	0.0	0.0124852370508
-les	0.0377358490566	0.962264150943	0.0	0.0
-muy	0.440058893798	0.252232146282	0.0672382375153	0.240470722405
-tup	0.375847654563	0.413587932205	0.0415251978276	0.169039215404
-itá	0.0	0.851239669421	0.0495867768595	0.099173553719
-eem	0.912280701754	0.0526315789474	0.0350877192982	0.0
-eel	0.0	1.0	0.0	0.0
-rra	0.0	1.0	0.0	0.0
-jap	0.288873038516	0.679029957204	0.0106990014265	0.0213980028531
-ycũ	0.276995305164	0.483568075117	0.169014084507	0.0704225352113
-big	0.25	0.545454545455	0.136363636364	0.0681818181818
-'ĩt	0.120028385736	0.531165692841	0.291713970589	0.0570919508347
-rro	0.240776699029	0.709708737864	0.0174757281554	0.0320388349515
-iba	0.69696969697	0.08658008658	0.0692640692641	0.147186147186
-gio	0.132890365448	0.83388704319	0.0332225913621	0.0
-'ĩn	0.142161635832	0.308666017527	0.0292112950341	0.519961051607
-osa	0.299021236694	0.476329731191	0.00385459374309	0.220794438372
-udá	0.00252080665813	0.997479193342	0.0	0.0
-nia	0.0350147571773	0.882613361953	0.00402468473303	0.0783471961363
-ndo	0.0	0.958904109589	0.041095890411	0.0
-ali	0.0	1.0	0.0	0.0
-gia	0.0	0.959064327485	0.0409356725146	0.0
-ala	0.0	1.0	0.0	0.0
-urũ	0.131736526946	0.796407185629	0.0	0.0718562874252
-yoy	0.603325201133	0.279000747598	0.0958825602934	0.0217914909758
-120	0.0307692307692	0.153846153846	0.0	0.815384615385
-uva	0.033539333185	0.949691000222	0.0167696665926	0.0
-̃eu	0.0	1.0	0.0	0.0
-yop	0.034650455927	0.891185410334	0.00243161094225	0.0717325227964
-io'	0.193548387097	0.101382488479	0.0	0.705069124424
-esũ	0.342319923431	0.0420080891661	0.0566859118837	0.558986075519
-lom	0.107663077897	0.794173527549	0.0601646611779	0.0379987333755
-490	0.0113636363636	0.0	0.0340909090909	0.954545454545
-ũbi	0.382897255903	0.59157626037	0.0	0.0255264837269
-yom	0.409858203916	0.46049966239	0.0162052667117	0.113436866982
-kyũ	0.303319379977	0.423327733007	0.163719376181	0.109633510835
-jay	0.343913432673	0.219614411192	0.0263154097271	0.410156746408
