-чоп	0.364779874214	0.264150943396	0.0927672955975	0.278301886792
-жос	0.2997980308	0.52663468821	0.106033829841	0.0675334511487
-ссо	0.261269620601	0.522477813162	0.0241185884483	0.192133977789
-осо	0.110127477316	0.260487758806	0.0390560477523	0.590328716126
-мат	0.260488897463	0.54363483264	0.0428698307775	0.15300643912
-мас	0.250313549741	0.60274112626	0.0802088802883	0.0667364437105
-мар	0.0509433962264	0.949056603774	0.0	0.0
-ссе	0.0	1.0	0.0	0.0
-ита	0.0	0.890688259109	0.0	0.109311740891
-ема	0.180619893156	0.655055029802	0.0703538455294	0.0939712315123
-док	0.0	1.0	0.0	0.0
-дон	0.162800990382	0.670786514012	0.069397551359	0.0970149442468
-сса	0.771760154739	0.174081237911	0.00193423597679	0.0522243713733
-еме	0.639409953366	0.162955605892	0.061068790698	0.136565650044
-акс	0.158585190706	0.715948475587	0.0491700375149	0.0762962961921
-гик	0.709876414996	0.28532557898	0.0	0.00479800602347
-дов	0.170777749811	0.548577900831	0.0183740246665	0.262270324692
-ёжо	0.552173913044	0.254347826087	0.167391304348	0.0260869565217
-туе	0.413793103448	0.246684350133	0.164456233422	0.175066312997
-туи	0.641361256545	0.0898778359511	0.0130890052356	0.255671902269
-рут	0.0	1.0	0.0	0.0
-тук	0.68156424581	0.100558659218	0.0335195530726	0.184357541899
-вол	0.0306227506311	0.794396497699	0.00711740586224	0.167863345807
-гиз	0.0708139310315	0.88669771035	0.0424883586189	0.0
-зят	0.662050898204	0.1875	0.0988023952096	0.0516467065868
-иар	0.0491803278689	0.901639344262	0.0	0.0491803278689
-ача	0.120574162679	0.822009569378	0.0344497607656	0.022966507177
-рта	0.177600878397	0.744990392534	0.00631347790282	0.0710952511666
-лем	0.4510150697	0.203249298966	0.00687248249937	0.338863148834
-зый	0.0295566502463	0.443797581729	0.502463054187	0.0241827138379
-луя	0.0668953687822	0.933104631218	0.0	0.0
-ошт	0.0	0.962254259502	0.018872870249	0.018872870249
-кев	0.181230119892	0.189549180328	0.00206447271838	0.627156227061
-аба	0.0	1.0	0.0	0.0
-сов	0.0610987154214	0.463818426012	0.436902930919	0.0381799276477
-ьгс	0.258379888268	0.687150837989	0.0167597765363	0.0377094972067
-кеж	0.44814782834	0.358777307659	0.150332441067	0.0427424229341
-пай	0.124497991968	0.827309236948	0.0401606425703	0.00803212851406
-пак	0.160850934567	0.0400713528606	0.015430702412	0.78364701016
-кее	0.0	0.0	0.0	1.0
-паз	0.0278637770898	0.883900928793	0.0111455108359	0.0770897832818
-сом	0.217819673004	0.428556212388	0.187463386057	0.166160728551
-сон	0.0572430092519	0.0502376498849	0.00132918985591	0.891190151007
-кем	0.166691036701	0.708290685773	0.0811522152362	0.0438660622898
-ора	0.140845070423	0.610328638497	0.225352112676	0.0234741784037
-фев	0.0206896551724	0.979310344828	0.0	0.0
-сос	0.120486016834	0.79059190877	0.054303556883	0.0346185175129
-сот	0.206053085143	0.611058255774	0.0593450534299	0.123543605653
-кес	0.137743413517	0.618843069874	0.0160366552119	0.227376861397
-яко	0.171473558892	0.294634970621	0.308383578478	0.225507892008
-яль	0.544191217343	0.289049471929	0.155642023346	0.0111172873819
-паф	0.0	0.890243902439	0.0365853658537	0.0731707317073
-оты	0.67716970702	0.022940851299	0.067716970702	0.232172470978
-пат	0.30256459514	0.616751512823	0.0504274325233	0.030256459514
-дом	0.0209961157186	0.947509710704	0.0220459215045	0.00944825207336
-фте	0.318181818182	0.666666666667	0.0	0.0151515151515
-еем	0.136466242561	0.804791709419	0.0153909296121	0.0433511184075
-бра	0.122567795312	0.330166998621	0.477401562739	0.0698636433277
-лув	0.029296875	0.939682904412	0.0155101102941	0.0155101102941
-йсь	0.842542598696	0.0203351798612	0.0124815931562	0.124640628287
-йть	0.179728197882	0.635263553782	0.113870138392	0.0711381099444
-тус	0.0105263157895	0.989473684211	0.0	0.0
-оро	0.0143863139825	0.954744069913	0.0016093164794	0.0292602996255
-вот	0.047619047619	0.166666666667	0.785714285714	0.0
-гия	0.0647773279352	0.902834008097	0.0	0.0323886639676
-яро	0.133791024782	0.129102478232	0.254855994642	0.482250502344
-еця	0.0383386581469	0.894568690096	0.0	0.0670926517572
-иди	0.631583810756	0.349935316947	0.00739234891886	0.0110885233783
-хор	0.0	1.0	0.0	0.0
-дсе	0.653361344538	0.182773109244	0.100840336134	0.063025210084
-кст	0.214865879756	0.600073747414	0.138967411015	0.0460929618148
-дос	0.149162903215	0.580827982264	0.00733273483597	0.262676379685
-ссь	0.599403724279	0.0301559114384	0.00834134341246	0.36209902087
-дот	0.267248545303	0.494181213633	0.0498753117207	0.188694929343
-ить	0.435179458857	0.183622471257	0.0791113625403	0.302086707346
-ось	0.15494996228	0.700191743575	0.0299133926767	0.114944901468
-ост	0.224428925939	0.319819633568	0.0355837396461	0.420167700846
-дьс	0.208199137507	0.432720126644	0.00742398602545	0.351656749823
-емс	0.611052269188	0.142643151657	0.0310207114619	0.215283867693
-мак	0.518616399926	0.389016501601	0.0287829485327	0.0635841499405
-доя	0.548424661965	0.342563239956	0.0436695348386	0.0653425632399
-жом	0.129287598945	0.697889182058	0.110817941952	0.0620052770448
-шик	0.234857849197	0.676143386897	0.0148331273177	0.0741656365884
-нсэ	0.152631578947	0.847368421053	0.0	0.0
-нсь	0.191991792959	0.109885559978	0.0422784455437	0.655844201519
-нст	0.0482859114328	0.0301613501023	0.00250928531281	0.919043453152
-ьга	0.309382947714	0.104927222476	0.0852054380818	0.500484391728
-икс	0.14705161081	0.333902605531	0.314965680978	0.204080102681
-нгс	0.0856442163266	0.0432026695618	0.00261887389428	0.868534240217
-тяй	0.0108573561571	0.973393511835	0.00143173927346	0.0143173927346
-ачк	0.216614686703	0.219166430394	0.0697476609016	0.494471222002
-дят	0.431032751326	0.16851333619	0.0311646403514	0.369289272133
-ачи	0.299074558312	0.505309352191	0.06398508379	0.131631005707
-учо	0.320576540755	0.0471172962227	0.0557654075547	0.576540755467
-ачо	0.10843373494	0.265863453815	0.591967871486	0.0337349397591
-учи	0.382447220073	0.171327511882	0.0429976787885	0.403227589256
-ига	0.109589041096	0.835616438356	0.027397260274	0.0273972602739
-ыкс	0.144766146993	0.39420935412	0.43429844098	0.0267260579064
-яци	0.889705882353	0.110294117647	0.0	0.0
-зть	0.331053614132	0.0307589292602	0.00803517704235	0.630152279565
-тея	0.0	1.0	0.0	0.0
-экс	0.329675810184	0.291431374794	0.299153210829	0.0797396041923
-тес	0.54932735426	0.336322869955	0.0538116591928	0.0605381165919
-рит	0.0	1.0	0.0	0.0
-мди	0.751428571429	0.231428571429	0.0171428571428	0.0
-вай	0.142763873776	0.309357997824	0.0169749727965	0.530903155604
-ень	0.118403419829	0.48259390924	0.0638170239635	0.335185646968
-явт	0.288159371493	0.531705948373	0.0875420875421	0.0925925925926
-еик	0.772772706071	0.125274871727	0.0213233824216	0.0806290397814
-дсы	0.614070682654	0.225428646201	0.0657524840797	0.0947481870651
-дга	0.327586206896	0.672413793104	0.0	0.0
-мдо	0.0961038961039	0.646753246753	0.0155844155844	0.241558441558
-лав	0.0892708622124	0.328312232388	0.0530450050827	0.529371900317
-яви	0.328090038145	0.10630342108	0.0371136405841	0.528492900191
-уба	0.108827085852	0.891172914148	0.0	0.0
-юты	0.511528773494	0.0912613834528	0.138539042821	0.258670800232
-дса	0.618948870015	0.175703461059	0.0726465809877	0.132701087938
-нце	0.030472707881	0.212788379741	0.621643240773	0.135095671606
-ява	0.171601040911	0.673542084382	0.055991638582	0.0988652361247
-ьге	0.135550819232	0.724564587564	0.0245580525074	0.115326540697
-рть	0.168562659378	0.472050129168	0.0329409935603	0.326446217894
-тек	0.755102040816	0.183673469388	0.0	0.0612244897959
-теи	0.750708240614	0.0909765230524	0.0232356542177	0.135079582116
-тей	0.225625034364	0.240179714562	0.036995436444	0.49719981463
-час	0.194630872483	0.590604026846	0.0536912751678	0.161073825503
-кке	0.346153846154	0.307692307692	0.0384615384615	0.307692307692
-тен	0.0	1.0	0.0	0.0
-тев	0.1151905628	0.502656267661	0.184551517207	0.197601652332
-ечи	0.101219757895	0.770284526228	0.0594488563545	0.0690468595222
-елт	0.0323799244468	0.948192120885	0.00647598488936	0.0129519697787
-тее	0.595237350189	0.11781456332	0.0478768344963	0.239071251995
-ика	0.117606500862	0.835188377247	0.0407781334647	0.00642698842649
-нга	0.157413600892	0.111955406912	0.0157859531773	0.714845039019
-ике	0.0	1.0	0.0	0.0
-ьма	0.355777826953	0.488824961275	0.130860809914	0.0245364018588
-нге	0.0647249190939	0.809061488673	0.0291262135922	0.0970873786408
-учт	0.909677419355	0.0451612903226	0.0	0.0451612903226
-ики	0.25	0.123781676413	0.228070175439	0.398148148148
-нги	0.726368159204	0.0796019900497	0.0149253731343	0.179104477612
-юта	0.684210526316	0.166666666667	0.0	0.149122807018
-йме	0.279459711225	0.543549138333	0.142058686539	0.0349324639031
-нси	0.656424581006	0.0865921787709	0.0	0.256983240223
-шия	0.611920529801	0.202649006623	0.111258278146	0.0741721854303
-ушо	0.102178217822	0.38495049505	0.315247524752	0.197623762376
-нсо	0.251845775226	0.659557013946	0.0615258408531	0.0270713699754
-вто	0.198198569636	0.135364917761	0.0414330399429	0.62500347266
-нса	0.348837209302	0.406976744186	0.0348837209302	0.209302325581
-ёнт	0.842105263158	0.0947368421053	0.0631578947369	0.0
-нсе	0.850574712644	0.0689655172414	0.0229885057471	0.0574712643678
-мок	0.234077411427	0.115297972558	0.190456686463	0.460167929552
-дря	0.0866467700009	0.153942428035	0.62270145374	0.136709348224
-ыде	0.638604327056	0.227943682783	0.061519087238	0.0719329029225
-еми	0.871551724138	0.0698275862069	0.00574712643676	0.0528735632184
-аня	0.358821016659	0.33618111918	0.253737718924	0.0512601452371
-и-а	0.653021442495	0.156920077973	0.131578947368	0.0584795321637
-ьви	0.237154150198	0.490118577075	0.249011857707	0.0237154150198
-рга	0.055857253685	0.931109387122	0.00930954228083	0.00372381691235
-аны	0.630856021585	0.149374540103	0.126563649742	0.09320578857
-рго	0.0	0.566473988439	0.0173410404624	0.416184971098
-чты	0.444381811349	0.358323938369	0.0732807215332	0.124013528749
-мор	0.505882352941	0.341176470588	0.0705882352941	0.0823529411765
-рам	0.0258302583026	0.885116851168	0.0218942189422	0.0671586715867
-ця-	0.418524871355	0.533447684391	0.0102915951973	0.0377358490566
-ант	0.348436953709	0.564971038679	0.0148861551548	0.0717058524577
-одс	0.202656042497	0.060026560425	0.0143426294821	0.722974767596
-фан	0.0563204005006	0.889236545682	0.0112640801001	0.0431789737172
-мне	0.207171314741	0.749003984064	0.00796812749004	0.0358565737052
-ука	0.0188679245283	0.981132075472	0.0	0.0
-тра	0.00844941767527	0.886229732816	0.00109614067139	0.104224708838
-ьце	0.0453689945518	0.184943041109	0.61436354631	0.155324418029
-нян	0.601635141825	0.182326155897	0.0801395948417	0.135899107436
-ьфа	0.0	0.94165398275	0.0380517503805	0.0202942668696
-няк	0.036	0.964	0.0	0.0
-нза	0.0571428571428	0.866666666667	0.0761904761904	0.0
-сат	0.544271750797	0.228327038254	0.0854546795244	0.141946531425
-аки	0.025641025641	0.897435897436	0.0769230769231	0.0
-тмо	0.424101969873	0.331402085747	0.196987253766	0.0475086906141
-зян	0.473380592663	0.38608623299	0.0547719038479	0.0857612704985
-а-й	0.183673469388	0.489795918367	0.0	0.326530612245
-лес	0.116141553204	0.439457803924	0.0770233799314	0.367377262941
-ысь	0.0455641272902	0.95443587271	0.0	0.0
-ака	0.114831371444	0.192914142255	0.320093248453	0.372161237848
-вга	0.479768786127	0.462427745665	0.0578034682081	0.0
-ине	0.116316788685	0.136840626971	0.49666143122	0.250181153125
-ист	0.282722436572	0.558853618613	0.110560622004	0.0478633228107
-ляс	0.309627059844	0.352124891587	0.327840416305	0.0104076322637
-стс	0.424603174603	0.416666666667	0.15873015873	0.0
-стт	0.207343412527	0.624190064795	0.0647948164147	0.103671706263
-ови	0.554231913542	0.168924088408	0.0522759552907	0.224568042759
-сть	0.647845351537	0.114612297633	0.0386101829728	0.198932167858
-стэ	0.13140536668	0.198673785793	0.0514901083104	0.618430739217
-рий	0.0446096654275	0.933085501859	0.0	0.0223048327137
-зсь	0.49316823228	0.130696374505	0.0524027637606	0.323732629454
-ись	0.0934453893973	0.758655433139	0.0574208699926	0.0904783074708
-дыя	0.789458721856	0.129861269047	0.0346258812827	0.0460541278144
-инк	0.593395161003	0.23335126042	0.0597450219722	0.113508556605
-рим	0.0	1.0	0.0	0.0
-иса	0.911764705882	0.0176470588235	0.0	0.0705882352941
-сте	0.283488309266	0.120628502209	0.161918622384	0.43396456614
-аде	0.4375	0.2890625	0.21875	0.0546875
-ста	0.425	0.397569444444	0.0711805555556	0.10625
-исе	0.399016508606	0.0670881629785	0.154548647699	0.379346680717
-ада	0.151185770751	0.76581027668	0.0415019762846	0.0415019762846
-инь	0.205364895679	0.17073295745	0.0296247880072	0.594277358863
-лям	0.295154185022	0.519823788546	0.0528634361232	0.132158590308
-сто	0.163972440883	0.35017441721	0.0399242785783	0.445928863329
-рия	0.140696480254	0.773877322379	0.00168051535804	0.0837456820092
-еят	0.715965508231	0.0859681212438	0.0156780768226	0.182388293703
-овс	0.442389758179	0.258890469417	0.0853485064012	0.213371266003
-ади	0.203094777563	0.31914893617	0.326885880077	0.15087040619
-дни	0.656591974987	0.265242313705	0.0	0.078165711308
-акш	0.0479102956167	0.675840978593	0.110091743119	0.166156982671
-пша	0.4	0.211320754717	0.128301886792	0.260377358491
-дно	0.712	0.216	0.024	0.048
-сае	0.608724388632	0.0773298083278	0.0284203569068	0.285525446133
-сак	0.660984752693	0.24392626902	0.0204621852009	0.0746267930856
-сал	0.188741721854	0.682119205298	0.119205298013	0.00993377483444
-саи	0.75175027929	0.0581011206542	0.00884412093284	0.181304479123
-акт	0.127953633526	0.801604993313	0.0361123495319	0.034329023629
-пши	0.155425219941	0.0879765395894	0.457478005865	0.299120234604
-дне	0.589479249273	0.249273063706	0.161247687021	0.0
-сам	0.0	1.0	0.0	0.0
-сан	0.655377293784	0.121391344979	0.052235670048	0.170995691188
-жан	0.554670528603	0.144098479363	0.0934105720492	0.207820419985
ALL	0.235134018451	0.288300522269	0.0538753791838	0.422690080096
-ыця	0.219268291964	0.570694490955	0.15058841919	0.0594487978918
-нят	0.504145294047	0.330937611834	0.0539782893952	0.110938804724
-няс	0.0167364016736	0.970711297071	0.0	0.0125523012552
-укс	0.125242309297	0.158474869268	0.0954486644977	0.620834156937
-йяв	0.163265306122	0.775510204082	0.0	0.0612244897959
-вкс	0.195477790467	0.67921859862	0.0764796353328	0.04882397558
-фат	0.0	0.76	0.0	0.24
-ялт	0.0336331638639	0.931951505671	0.00625733281189	0.0281579976535
-анн	0.0304455445545	0.847277227723	0.0029702970297	0.119306930693
-ано	0.574793030001	0.144629193227	0.0500829968961	0.230494779876
-ойс	0.0111055527764	0.873036518259	0.088544272136	0.0273136568284
-ани	0.387978142076	0.428051001822	0.0145719489982	0.169398907104
-пав	0.0550134258956	0.254739996071	0.621336531534	0.0689100464994
-анк	0.128086769661	0.321896315012	0.0431919485818	0.506824966745
-евс	0.35407520051	0.419722351672	0.0517524711192	0.174449976699
-ане	0.208828712552	0.279319417211	0.0494800069498	0.462371863288
-чти	0.677165354331	0.173228346457	0.0275590551181	0.122047244094
-ана	0.282499804024	0.0658727533062	0.00379772791793	0.647829714752
-ойя	0.029702970297	0.910891089109	0.0594059405941	0.0
-мде	0.319974953037	0.545606345231	0.0993529534543	0.035065748278
-унт	0.0736196319018	0.840490797546	0.0858895705521	0.0
-вти	0.509277761918	0.134551336949	0.034351508231	0.321819392901
-ужи	0.319555829735	0.67797655768	0.0	0.00246761258482
-рма	0.270721205597	0.581090778615	0.0301399354144	0.118048080373
-аум	0.0	0.993957703927	0.0	0.00604229607251
-аул	0.245614035088	0.754385964912	0.0	0.0
-чис	0.171645485731	0.575730621313	0.121559981643	0.131063911312
-куш	0.133468903264	0.0658833055753	0.0930279635986	0.707619827562
-ава	0.0974809880024	0.641913042861	0.0807452809586	0.179860688178
-гть	0.483333333333	0.15	0.233333333333	0.133333333333
-жай	0.0503355704698	0.929530201342	0.0201342281879	0.0
-иям	0.231617647059	0.529411764706	0.0882352941177	0.150735294118
-жак	0.163953488372	0.456976744186	0.236046511628	0.143023255814
-ынк	0.145883270974	0.0391683100086	0.0122805970837	0.802667821934
-жав	0.0	1.0	0.0	0.0
-окш	0.088788591317	0.0335865220968	0.32226669939	0.555358187196
-пёр	0.0	0.870689655172	0.129310344828	0.0
-тэв	0.00884955752213	0.982300884956	0.0	0.00884955752212
-аша	0.237885462555	0.621145374449	0.127753303965	0.0132158590308
-зне	0.173734610123	0.733698130415	0.0136798905609	0.078887368901
-стя	0.0854975755471	0.069722669391	0.0230087244291	0.821771030633
-зни	0.670754996133	0.158894528659	0.142668522987	0.0276819522213
-ашо	0.0216135643749	0.182411030371	0.795975405254	0.0
-ус-	0.683615819209	0.25988700565	0.0564971751412	0.0
-вда	0.242587601078	0.656334231806	0.0202156334232	0.0808625336926
-втт	0.0745216515609	0.889224572004	0.00302114803625	0.0332326283988
-лда	0.361622611984	0.0410026875058	0.0163291489889	0.581045551522
-энь	0.0984794957698	0.678057812207	0.0494133571116	0.174049334912
-псь	0.22	0.553333333333	0.0866666666666	0.14
-зны	0.794797687861	0.151011560694	0.032514450867	0.021676300578
-рра	0.100917431193	0.779816513762	0.0642201834862	0.0550458715596
-знэ	0.040404040404	0.943722943723	0.011544011544	0.004329004329
-той	0.114642540358	0.0453673940039	0.0366577967004	0.803332268937
-иже	0.0492239467849	0.329490022173	0.49889135255	0.122394678492
-фсэ	0.0382653061224	0.923469387755	0.0127551020408	0.0255102040816
-исп	0.0	1.0	0.0	0.0
-ира	0.0	0.985367281241	0.0146327187591	0.0
-йде	0.140719049943	0.569952822515	0.222222222222	0.0671059053196
-чив	0.079365079365	0.793650793651	0.031746031746	0.095238095238
-рдт	0.42962962963	0.41037037037	0.16	0.0
-кшт	0.0506947789015	0.881753803892	0.0428283476927	0.0247230695136
-кум	0.0	0.842105263158	0.0	0.157894736842
-ежс	0.0468948035488	0.183776932826	0.769328263625	0.0
-еса	0.661129568106	0.295681063123	0.0	0.0431893687707
-жас	0.0428571428571	0.0	0.0	0.957142857143
-мов	0.0445544554455	0.905940594059	0.019801980198	0.029702970297
-жат	0.00628554325052	0.221490571685	0.0215504340018	0.750673451063
-ова	0.269290136839	0.403961220278	0.0265353197246	0.300213323159
-аус	0.3	0.7	0.0	0.0
-жть	0.248942424894	0.622571162257	0.112425611242	0.0160608016061
-бед	0.0394088669951	0.527093596059	0.364532019704	0.0689655172414
-гас	0.11717791411	0.831288343558	0.00736196319018	0.0441717791411
-гат	0.0248565965583	0.897530179778	0.0124452691007	0.0651679545635
-вул	0.119601328904	0.860465116279	0.0199335548173	0.0
-онт	0.0803059273422	0.720841300191	0.0458891013385	0.152963671128
-йкс	0.150847830874	0.32393745871	0.431622990531	0.0935917198855
-онс	0.213636363636	0.636363636364	0.0954545454545	0.0545454545454
-оня	0.525896414343	0.402390438247	0.0	0.0717131474104
-ерь	0.0128809068158	0.865302517297	0.0839099072575	0.0379066686295
-кть	0.407209951765	0.400609291698	0.00710840314801	0.185072353389
-нна	0.0125581395349	0.905813953488	0.00558139534883	0.0760465116279
-ерш	0.303318692045	0.625305026842	0.064055636896	0.00732064421669
-уст	0.0	1.0	0.0	0.0
-мия	0.0	0.990228013029	0.00977198697068	0.0
-нык	0.951612903226	0.0	0.0	0.0483870967742
-эпе	0.13315926893	0.668407310705	0.198433420365	0.0
-ужо	0.0749574105621	0.373083475298	0.511073253833	0.0408858603067
-ник	0.548739776331	0.341094975797	0.0650976464697	0.0450676014021
-тий	0.0182648401826	0.936073059361	0.0	0.0456621004566
-тил	0.0	1.0	0.0	0.0
-тик	0.46264653718	0.494960418739	0.0155729549682	0.0268200891119
-мит	0.426877470356	0.549407114624	0.0237154150198	0.0
-мис	0.0434782608696	0.95652173913	0.0	0.0
-айя	0.00873023571637	0.984156238885	0.00258673650855	0.00452678888996
-всо	0.308682858125	0.516435978907	0.126759500675	0.0481216622933
-мто	0.552631578947	0.162679425837	0.27990430622	0.00478468899521
-яир	0.02	0.92	0.06	0.0
-имс	0.0	1.0	0.0	0.0
-вси	0.517021276596	0.374468085106	0.0287234042553	0.0797872340426
-еля	0.233935219573	0.0268641728611	0.00400459719668	0.73519601037
-йни	0.710964334951	0.141826792015	0.0948679403998	0.0523409326344
-все	0.548654244306	0.147688060732	0.113557939645	0.190099755317
-ожо	0.557260920897	0.442739079103	0.0	0.0
-вса	0.79781962339	0.123554674595	0.023125206475	0.0555004955401
-тть	0.14412301277	0.787073234298	0.0370080792286	0.0317956737034
-нди	0.597235023042	0.317050691244	0.0470046082949	0.0387096774194
-ндо	0.144052851074	0.463158156041	0.0559076466119	0.336881346273
-нжи	0.756516211062	0.203432930706	0.0400508582327	0.0
-нда	0.928571428571	0.0714285714286	0.0	0.0
-уэл	0.0	0.964705882353	0.0352941176471	0.0
-дсь	0.655574091724	0.153119302555	0.0774638059272	0.113842799793
-нде	0.329515097547	0.193353841172	0.116732777463	0.360398283818
-нды	0.422256017494	0.399074537018	0.0602862030958	0.118383242392
-нтт	0.0343931519413	0.848670131458	0.0137572607765	0.103179455824
-есе	0.0416197007746	0.0853963298846	0.0599986721215	0.812985297219
-хон	0.0	1.0	0.0	0.0
-ндя	0.0138408304498	0.955017301038	0.0311418685121	0.0
-аам	0.00962213090107	0.947278741105	0.00240553272527	0.0406935952691
-ндт	0.547288776797	0.363177805801	0.0113493064313	0.078184110971
-ийс	0.0699461952344	0.0691775557263	0.782475019216	0.0784012298232
-ндр	0.0	1.0	0.0	0.0
-ндс	0.0874704491726	0.817966903073	0.0945626477541	0.0
-нть	0.113814550442	0.728489129084	0.0372308237811	0.120465496693
-яст	0.193457191223	0.236005706087	0.0351641183559	0.535372984334
-кий	0.0539325842696	0.94606741573	0.0	0.0
-мть	0.562097516099	0.342226310948	0.00551977920882	0.0901563937442
-всь	0.59730883208	0.152705477901	0.0692863437802	0.180699346239
-всэ	0.224708075753	0.566704515188	0.0863507015995	0.122236707459
-всы	0.627012053605	0.232237777944	0.0554016620499	0.0853485064011
-мты	0.382479171926	0.497601615754	0.0782630648826	0.0416561474375
-рка	0.135308100201	0.393307734504	0.00731395136223	0.464070213933
-итя	0.0	1.0	0.0	0.0
-зар	0.0	1.0	0.0	0.0
-ёст	0.494582917913	0.409571286142	0.00957128614157	0.0862745098039
-вно	0.770669885335	0.117682558841	0.0826795413397	0.028968014484
-ыне	0.0615576104824	0.159028336795	0.711227161112	0.0681868916112
-зсо	0.254237288136	0.561743341404	0.154963680387	0.0290556900726
-ьми	0.68494115989	0.0610245930519	0.00105700796279	0.252977239095
-тир	0.0	0.991266375546	0.0	0.00873362445414
-тит	0.0	1.0	0.0	0.0
-ныя	0.688237397211	0.125849124061	0.0411154808724	0.144797997855
-мик	0.209503556612	0.0927512075943	0.0458787520374	0.651866483757
-якш	0.157534246575	0.835616438356	0.00684931506851	0.0
-вор	0.505494505495	0.0	0.494505494505	0.0
-чки	0.846153846154	0.104826546003	0.00904977375565	0.0399698340874
-тия	0.601494396015	0.23100871731	0.076899128269	0.090597758406
-упи	0.243691978101	0.587598190907	0.168709830993	0.0
-ннэ	0.551724137931	0.448275862069	0.0	0.0
-пуд	0.0839160839161	0.916083916084	0.0	0.0
-гав	0.0231213872832	0.957610789981	0.0	0.019267822736
-оне	0.16384449402	0.275500128003	0.476173060747	0.0844823172293
-ядо	0.544163670333	0.146535015579	0.0526607685248	0.256640545563
-она	0.121311584908	0.0357257360587	0.00297535465165	0.839987324382
-вак	0.629467373761	0.24832833756	0.0484205672124	0.0737837214665
-оно	0.148870181657	0.528577758086	0.136464333186	0.186087727071
-гай	0.0412482065997	0.891319942611	0.0100430416069	0.0573888091822
-гак	0.195143386318	0.267152124546	0.0388327089224	0.498871780213
-онк	0.232957745691	0.396526963831	0.0679708068589	0.302544483619
-ган	0.0793664073176	0.583089322067	0.0224211495022	0.315123121113
-они	0.223088923557	0.464898595944	0.265210608424	0.0468018720749
-вшо	0.0195227765727	0.246746203904	0.715835140998	0.0178958785249
-аяк	0.251770750447	0.382835610759	0.0954969127213	0.269896726073
-кши	0.0855805660798	0.862937374638	0.00802317806998	0.0434588812124
-шты	0.438899997324	0.334691833325	0.112401218827	0.114006950524
-лси	0.338056680162	0.390688259109	0.133603238866	0.137651821862
-жде	0.223529411765	0.752941176471	0.0235294117647	0.0
-шть	0.724258289703	0.160558464223	0.0523560209424	0.0628272251309
-аян	0.743006993007	0.0734265734266	0.131118881119	0.0524475524476
-штс	0.0487804878049	0.951219512195	0.0	0.0
-кша	0.0840879689521	0.82276843467	0.0892626131953	0.0038809831824
-кше	0.283212790255	0.541301865246	0.0955462504758	0.0799390940235
-вте	0.273849011543	0.297598513998	0.378001857503	0.0505506169564
-зке	0.0	0.991666666667	0.00833333333333	0.0
-еви	0.52759715679	0.16344578579	0.131829571636	0.177127485785
-сэс	0.240168539326	0.183988764045	0.105337078652	0.470505617978
-ояк	0.19406845986	0.247804850836	0.0815221218526	0.476604567451
-ажо	0.0423013467367	0.800579365384	0.0966887925412	0.0604304953382
-оям	0.0873392010833	0.812457684496	0.0690589031821	0.031144211239
-оян	0.387763538652	0.551467548574	0.0115750310045	0.0491938817693
-чик	0.959438377535	0.0405616224649	0.0	0.0
-ева	0.180120578778	0.710237138264	0.0269252411575	0.0827170418006
-дим	0.0	1.0	0.0	0.0
-дод	0.142011834319	0.786982248521	0.0710059171598	0.0
-еве	0.522944574473	0.277613166675	0.0794283153229	0.120013943529
-дий	0.0	1.0	0.0	0.0
-ссэ	0.145588254652	0.647270988096	0.0893494161989	0.117791341053
-аця	0.431654676259	0.553956834532	0.0143884892086	0.0
-ять	0.16410912191	0.708013640239	0.0575447570333	0.0703324808184
-жов	0.0755896561523	0.24154589372	0.613810741688	0.0690537084399
-ока	0.829787234043	0.170212765957	0.0	0.0
-йши	0.414269275029	0.585730724971	0.0	0.0
-эзэ	0.192652240559	0.580032050644	0.0318764557164	0.195439253081
-уря	0.467647058823	0.505882352941	0.0205882352941	0.00588235294119
-ене	0.219304599783	0.382651213328	0.14451285766	0.253531329229
-мга	0.494480279603	0.312658820235	0.0496001893752	0.143260710787
-бев	0.0524017467249	0.947598253275	0.0	0.0
-ена	0.0	1.0	0.0	0.0
-жни	0.937062937063	0.020979020979	0.0	0.041958041958
-ьме	0.138350340136	0.329336734694	0.194302721088	0.338010204082
-ият	0.207625794354	0.457026773622	0.0526096468382	0.282737785186
-дян	0.507280873705	0.263931671801	0.122374684962	0.106412769532
-дяк	0.682382133995	0.317617866005	0.0	0.0
-ори	0.433275563258	0.358752166378	0.135181975737	0.0727902946273
-орк	0.920581573756	0.0794184262439	0.0	0.0
-енч	0.243008823089	0.614924480335	0.0493494840736	0.0927172125018
-уды	0.574803149606	0.0897637795276	0.0141732283465	0.32125984252
-енс	0.392694063927	0.360730593607	0.13698630137	0.109589041096
-ссы	0.50853614239	0.100617508173	0.0098074827461	0.381038866691
-орт	0.0368512238031	0.28676259089	0.67357668921	0.00280949609681
-ань	0.135515534942	0.478329947174	0.0436335888569	0.342520929027
-орь	0.580952380952	0.114285714286	0.304761904762	0.0
-оря	0.177170169925	0.644737584916	0.114864229126	0.0632280160329
-язо	0.2662754475	0.253004724184	0.0206315116707	0.460088316646
-ура	0.13125	0.24375	0.3125	0.3125
-бей	0.0	0.857142857143	0.047619047619	0.0952380952381
-ёно	0.0885062679353	0.340129889745	0.0119317323667	0.559432109953
-уре	0.0445344129555	0.837478311163	0.0815500289184	0.0364372469636
-чко	0.0390591467079	0.929693535926	0.0	0.0312473173663
-орс	0.0570652173913	0.84714673913	0.0122282608696	0.0835597826087
-ури	0.615589371228	0.368490213999	0.0159204147731	0.0
-ива	0.192	0.808	0.0	0.0
-зга	0.0	0.361233480176	0.162995594714	0.47577092511
-уро	0.0	0.547619047619	0.0714285714286	0.380952380952
-ияв	0.0282446311858	0.933006535948	0.00420168067227	0.0345471521942
-аик	0.808189129905	0.0682427492079	0.0087740677553	0.114794053132
-чия	0.967346938776	0.0326530612245	0.0	0.0
-дит	0.122448979592	0.775510204082	0.0	0.102040816327
-ияк	0.137999689747	0.398230634673	0.0178728879947	0.445896787585
-шак	0.218390804598	0.758620689655	0.0229885057471	0.0
-оят	0.0274599542334	0.843739784243	0.025498528931	0.103301732592
-ячи	0.0670157068063	0.807329842932	0.0251308900524	0.100523560209
-ксэ	0.386349001932	0.0135222150676	0.0540888602704	0.54603992273
-льс	0.266824817518	0.31401459854	0.0307299270073	0.388430656934
-шан	0.459914117491	0.149630351056	0.220461286467	0.169994244986
-иян	0.176605504587	0.823394495413	0.0	0.0
-шти	0.542054933291	0.114378497992	0.0944772141077	0.249089354609
-кик	0.337192474674	0.623733719248	0.00434153400868	0.0347322720695
-май	0.221549558833	0.21124492819	0.151349262575	0.415856250403
-што	0.116701866545	0.0373594383241	0.73719961185	0.108739083281
-аят	0.76813655761	0.0165955429114	0.215267899478	0.0
-еть	0.131711783222	0.232397799379	0.049891503903	0.585998913497
-жды	0.166636012507	0.553798050395	0.257494942064	0.022070995034
-зкс	0.257634624222	0.413585662364	0.241049421398	0.0877302920165
-ште	0.18904082354	0.755290713086	0.0452306264911	0.0104378368826
-зес	0.35197368421	0.143092105263	0.0241228070175	0.480811403509
-уво	0.161787365177	0.603899899049	0.234312735774	0.0
-ясь	0.408635287303	0.420632851784	0.0429804684708	0.127751392442
-ясы	0.72434578555	0.176917674191	0.0297668194933	0.0689697207659
-уви	0.35974130962	0.62813257882	0.0	0.0121261115602
-оле	0.85630832799	0.0781506019805	0.014248058702	0.0512930113272
-утт	0.541401273885	0.286624203822	0.0573248407643	0.114649681529
-нче	0.939457202505	0.0605427974948	0.0	0.0
-ёпо	0.782334384858	0.1261829653	0.0157728706625	0.0757097791798
-ува	0.310810559756	0.180058335036	0.0442157281661	0.464915377041
-кас	0.150735194647	0.286645784988	0.0309062717879	0.531712748577
-пет	0.0524017467249	0.436681222707	0.0393013100437	0.471615720524
-пес	0.155035787321	0.195168711657	0.110940695296	0.538854805726
-эли	0.030751303374	0.015186482744	0.00659821273182	0.94746400115
-ькс	0.0496792657715	0.521477409195	0.36353057087	0.0653127541634
-уля	0.389763779528	0.425853018373	0.00590551181103	0.178477690289
-рдо	0.079910555404	0.0333327297491	0.00234146778292	0.884415247064
-лот	0.127505279515	0.624656333426	0.0358608598638	0.211977527194
-мсэ	0.0689766447501	0.814529466339	0.00363034972369	0.112863539188
-лос	0.113299763033	0.863595971564	0.0	0.0231042654028
-кая	0.414225941423	0.234309623431	0.351464435146	0.0
-лох	0.0125173852573	0.956189151599	0.0312934631433	0.0
-ием	0.232951116476	0.272782136391	0.109233554617	0.385033192517
-нам	0.0	1.0	0.0	0.0
-нан	0.513549409325	0.286063797563	0.105086562434	0.0953002306778
-най	0.009139375476	0.990860624524	0.0	0.0
-наз	0.219858156028	0.780141843972	0.0	0.0
-улы	0.812922614576	0.172426746807	0.0	0.0146506386176
-нав	0.0328227571116	0.967177242888	0.0	0.0
-лее	0.0189534404615	0.0263700041203	0.00494437577256	0.949732179646
-иев	0.0105560557608	0.117461993025	0.636623304045	0.235358647169
-эва	0.0886219038854	0.848355407947	0.00840302508904	0.0546196630787
-пря	0.275250488826	0.66246147388	0.0174375573059	0.0448504799885
-сия	0.0729129975343	0.789714688271	0.0887636491723	0.0486086650229
-нот	0.0862365344946	0.796943043777	0.0060165024066	0.110803919322
-пры	0.501486851031	0.158114972629	0.0389263121362	0.301471864204
-эви	0.382391124749	0.568039655376	0.0	0.0495692198749
-мем	0.0748033732194	0.71978418921	0.0581804013929	0.147232036178
-рди	0.70058870948	0.16676844908	0.0190536678311	0.113589173608
-цтт	0.393442622951	0.573770491803	0.0	0.0327868852459
-эть	0.222213112052	0.516215304692	0.0727104287312	0.188861154525
-сиф	0.0502283105023	0.810636583401	0.00161160354553	0.137523502552
-нос	0.0	1.0	0.0	0.0
-рва	0.848484848485	0.151515151515	0.0	0.0
-сий	0.0548523206751	0.919831223629	0.0168776371308	0.00843881856539
-гел	0.0290858725762	0.917590027701	0.00761772853185	0.0457063711911
-еле	0.145684555615	0.131798471592	0.0618907449593	0.660626227833
-сим	0.0759493670886	0.493670886076	0.0253164556962	0.405063291139
-нон	0.159090909091	0.765151515152	0.0757575757576	0.0
-йчи	0.0104076322637	0.855160450997	0.129228100607	0.00520381613183
-пра	0.19387755102	0.62925170068	0.0595238095238	0.117346938775
-гев	0.0223880597015	0.977611940299	0.0	0.0
-ьчи	0.192393736018	0.504847129008	0.0715883668904	0.231170768083
-дав	0.155927835052	0.79574742268	0.0	0.048324742268
-удя	0.497826945871	0.47451600158	0.0158040300277	0.0118530225207
-уле	0.562353521648	0.0283705439743	0.0205994819292	0.388676452448
-ыль	0.515049595257	0.328183787482	0.026080264508	0.130686352753
-ямо	0.243321789658	0.262891484726	0.0358479030567	0.457938822559
-ави	0.48023497985	0.165829674212	0.0712786460568	0.282656699881
-ёдо	0.495043266403	0.459590019323	0.00252037301521	0.0428463412585
-ули	0.752234399132	0.00948480462961	0.00502380744813	0.23325698879
-лды	0.670518809934	0.229161544136	0.0442586673224	0.0560609786083
-нат	0.183727389202	0.0579217907514	0.00424239661482	0.754108423431
-иес	0.00344036697249	0.966743119266	0.019495412844	0.0103211009174
-нар	0.0761391203458	0.855335671343	0.0685252083114	0.0
-уло	0.300644681379	0.298785023556	0.129060252913	0.271510042152
-ьке	0.0867822218103	0.704430643741	0.106131528943	0.102655605506
-мсе	0.58064516129	0.161290322581	0.0	0.258064516129
-кав	0.438785364039	0.311367335588	0.135911198769	0.113936101604
-ыре	0.0473126419379	0.61279333838	0.297880393641	0.0420136260409
-ька	0.266244246518	0.156215753083	0.0336740590193	0.543865941379
-лом	0.24745030456	0.602685426481	0.0862590850404	0.0636051839186
-лон	0.182739934343	0.67687443601	0.0286338961321	0.111751733515
-лов	0.165971925324	0.110606384495	0.0323143793644	0.691107310817
-каи	0.418121668811	0.504686638486	0.0	0.0771916927036
-пей	0.0171673819742	0.587982832618	0.377682403434	0.0171673819742
-сэв	0.00962580800578	0.956508210543	0.0236780824668	0.0101878989842
-кан	0.40682636757	0.262853827745	0.255626193527	0.0746936111581
-кам	0.107516650809	0.789724072312	0.0171265461465	0.0856327307326
-лек	0.200782268579	0.64667535854	0.105606258149	0.0469361147327
-ясо	0.114202419311	0.795768623919	0.0290398926363	0.0609890641341
-име	0.468061674009	0.0715859030837	0.270374449339	0.189977973568
-вва	0.0409836065574	0.831967213115	0.127049180328	0.0
-яга	0.159203980099	0.840796019901	0.0	0.0
-има	0.0	1.0	0.0	0.0
-ыяк	0.329539598827	0.332682312376	0.160761885374	0.177016203424
-ыма	0.116883116883	0.779220779221	0.064935064935	0.038961038961
-хте	0.0893307398602	0.0669980548952	0.218356026223	0.625315179022
-нчс	0.225988700565	0.683615819209	0.0	0.090395480226
-увс	0.511867905057	0.333849329205	0.062951496388	0.0913312693498
-еон	0.00859598853868	0.991404011461	0.0	0.0
-аза	0.0413895048041	0.776053215078	0.182557280118	0.0
-суд	0.415207548929	0.50877664461	0.00691052786013	0.0691052786012
-адт	0.444274034395	0.427843247815	0.0966224978855	0.0312602199041
-ире	0.343611612268	0.419878628834	0.00688863375431	0.229621125143
-еол	0.0666666666667	0.933333333333	0.0	0.0
-зти	0.367313915858	0.503236245955	0.0582524271845	0.0711974110032
-ири	0.331395348837	0.523255813954	0.0	0.145348837209
-зот	0.234613208129	0.498691737496	0.0360822720626	0.230612782313
-ази	0.440077964776	0.165166451585	0.00947786089499	0.385277722743
-ред	0.0	1.0	0.0	0.0
-гог	0.831688498116	0.0678270231473	0.0628027992104	0.0376816795263
-эве	0.532710280374	0.448598130841	0.018691588785	0.0
-рез	0.228501228501	0.732186732187	0.02457002457	0.014742014742
-хав	0.0287769784173	0.971223021583	0.0	0.0
-ско	0.253779202932	0.148419606047	0.0109940448924	0.586807146129
-рев	0.21102946785	0.301314484758	0.0986499199105	0.389006127482
-лсь	0.147239263804	0.852760736196	0.0	0.0
-рем	0.0138121546961	0.82044198895	0.117403314917	0.0483425414364
-чес	0.0797698647177	0.920230135282	0.0	0.0
-рей	0.0241920590951	0.518836565097	0.272391505078	0.184579870729
-гом	0.0359214911739	0.931366497963	0.014195778299	0.0185162325639
-лет	0.0	1.0	0.0	0.0
-ета	0.020844603481	0.881185760158	0.0	0.0979696363609
-нов	0.0756766762064	0.105523756639	0.0867736676491	0.732025899506
-лай	0.32860040568	0.0872210953346	0.32860040568	0.255578093306
-езэ	0.435580468163	0.275278362277	0.085122103584	0.204019065977
-езь	0.481045088934	0.179397326725	0.0556331067931	0.283924477548
-кшс	0.429447852761	0.276073619632	0.0	0.294478527607
-мсь	0.490545050056	0.189321468298	0.140378197998	0.179755283649
-рбе	0.020618556701	0.979381443299	0.0	0.0
-амо	0.239783702793	0.271733437081	0.212775200444	0.275707659682
-дев	0.485870104115	0.365394149727	0.0	0.148735746158
-атт	0.027397260274	0.917808219178	0.0	0.0547945205479
-пов	0.0	0.958904109589	0.041095890411	0.0
-рён	0.344129554656	0.631578947368	0.0	0.0242914979757
-мом	0.275864544958	0.511099205187	0.0951123728935	0.117923876961
-шля	0.595824011932	0.123788217748	0.199850857569	0.0805369127517
-сти	0.477090492554	0.316938717068	0.013530927835	0.192439862543
-дей	0.174039973052	0.472209746238	0.101953739052	0.251796541657
-аты	0.286897201714	0.0992303031663	0.174651616812	0.439220878307
-дем	0.0293047487131	0.738880217486	0.178722788448	0.0530922453536
-ать	0.307754403913	0.304865085201	0.148062597909	0.239317912977
-жсь	0.666876178504	0.289126335638	0.00628535512254	0.0377121307354
-ама	0.272773822597	0.203610250842	0.0411798092465	0.482436117315
-ата	0.0821135308818	0.882184933952	0.0	0.035701535166
-жса	0.553798362045	0.347359502965	0.0988421349901	0.0
-чсь	0.780554642113	0.0523950454894	0.0743176586649	0.0927326537324
-нок	0.170368304071	0.478987594251	0.0839562668265	0.266687834852
-лга	0.0913094606747	0.786944591759	0.024902580184	0.0968433673822
-ейс	0.151690058124	0.255321303441	0.0269356177978	0.566053020637
-юза	0.0	0.655948553055	0.344051446945	0.0
-жей	0.166054371785	0.432770022043	0.326230712711	0.0749448934607
-рны	0.757721857601	0.203085632524	0.00261283399173	0.0365796758841
-амс	0.641966008671	0.119010444183	0.0317308224639	0.207292724682
-ной	0.0	1.0	0.0	0.0
-езе	0.090531225783	0.133362625465	0.00291438169501	0.773191767057
-рьс	0.43908121509	0.504465485827	0.0	0.056453299083
-шат	0.0766412599487	0.808186297216	0.0768518128605	0.0383206299743
-ель	0.395904491421	0.329025405841	0.0519950741992	0.223075028538
-апа	0.347826086957	0.272727272727	0.332015810277	0.0474308300395
-адя	0.687475306203	0.0636112208613	0.183721849071	0.0651916238641
-гот	0.0464529518069	0.748379844379	0.121551890561	0.0836153132524
-гос	0.370967741935	0.427419354839	0.201612903226	0.0
-хат	0.0	1.0	0.0	0.0
-лсо	0.168240484929	0.597800090718	0.0470599150551	0.186899509299
-рет	0.0217501264542	0.966110268083	0.0	0.0121396054628
-иля	0.356105082133	0.129039909862	0.0364703789361	0.47838462907
-рея	0.17843866171	0.397769516729	0.156133828996	0.267657992565
-нас	0.0955806783145	0.820143884892	0.0390544707092	0.0452209660842
-лсе	0.397003745318	0.494382022472	0.067415730337	0.0411985018726
-азт	0.0305876537107	0.910090836063	0.0407835382809	0.0185379719458
-ирт	0.0125984251969	0.987401574803	0.0	0.0
-ирс	0.593862815884	0.379061371841	0.0270758122744	0.0
-азс	0.293876304792	0.670858538633	0.0	0.035265156575
-вия	0.39663039663	0.446589446589	0.11466011466	0.04212004212
-сус	0.00287111839281	0.705378473987	0.00170686671425	0.290043540905
-жив	0.61038961039	0.155844155844	0.233766233766	0.0
-азы	0.169655841008	0.391177896268	0.308288899661	0.130877363063
-ыть	0.646186900905	0.175681965954	0.0570207753193	0.121110357822
-азя	0.13353115727	0.480712166172	0.13353115727	0.252225519288
-азь	0.422950517224	0.203618168729	0.10981948204	0.263611832007
-жик	0.501066483497	0.448320740393	0.0303676656664	0.0202451104443
-шон	0.0532786885246	0.922131147541	0.0245901639345	0.0
-шом	0.371727748691	0.460732984293	0.0418848167539	0.125654450262
-тал	0.397622192867	0.329370321444	0.0475561426684	0.225451343021
-так	0.696363973657	0.148919395232	0.0481402467304	0.10657638438
-тан	0.790757900128	0.0646066830284	0.0114507228792	0.133184693965
-язь	0.497083476286	0.216983972528	0.115825507458	0.170107043728
-нух	0.0	0.747596153846	0.252403846154	0.0
-иль	0.340132247115	0.419029399774	0.115589575589	0.125248777522
-язт	0.136585365854	0.829268292683	0.0341463414634	0.0
-таз	0.0483516483517	0.925274725275	0.0131868131868	0.0131868131868
-шов	0.086856450636	0.401938219261	0.0369473046638	0.474258025439
-яма	0.457084188912	0.358932238193	0.126488706365	0.0574948665298
-нес	0.138004770568	0.72787739079	0.0874559683493	0.0466618702923
-лян	0.638590945419	0.0687023173734	0.0612018301546	0.231504907053
-зав	0.0	0.947368421053	0.0526315789474	0.0
-нет	0.0	0.957446808511	0.0425531914894	0.0
-зан	0.288336717372	0.571863662084	0.0454348766768	0.0943647438671
-нея	0.0891089108911	0.792079207921	0.118811881188	0.0
-лго	0.308389359836	0.634609763227	0.0219234142064	0.0350774627302
-зай	0.0	1.0	0.0	0.0
-зак	0.29506317162	0.649858369678	0.0291128995998	0.0259655591026
-гуй	0.0	0.960923623446	0.0390763765542	0.0
-рша	0.88037433599	0.0716923970783	0.0479332669322	0.0
-кто	0.290960451977	0.69209039548	0.0	0.0169491525424
-эри	0.578522401249	0.220804532304	0.0697277470432	0.130945319404
-род	0.0236948564824	0.823155461375	0.0549027162397	0.0982469659025
