kud-	0.418649946589	0.339703831827	0.0770451343146	0.164601087269
agu-	0.190372453927	0.169709936409	0.0571128580311	0.582804751632
ivi-	0.574991599149	0.312250308031	0.0556323040734	0.0571257887466
tut-	0.140230691304	0.344180266637	0.034973444191	0.480615597867
wav-	0.106542639921	0.631444403491	0.0402360173171	0.221776939271
muw-	0.256885347615	0.340162622865	0.0301733990791	0.372778630441
imt-	0.370271379783	0.301155569531	0.144066242172	0.184506808514
del-	0.0903683696339	0.797224297454	0.0118384000919	0.10056893282
son-	0.0290210909817	0.0315246534531	0.0245155334777	0.914938722087
mou-	0.224484263319	0.314057521995	0.164848874248	0.296609340438
dok-	0.20402040204	0.66596659666	0.05200520052	0.0780078007801
ipu-	0.357142857143	0.503571428571	0.117857142857	0.0214285714286
kak-	0.265283237537	0.272843714272	0.197339681446	0.264533366744
ova-	0.113669064748	0.589928057554	0.0701438848921	0.226258992806
kou-	0.0748565831818	0.888997714659	0.0167902616482	0.0193554405112
mei-	0.103939960257	0.0840035957608	0.08325250757	0.728803936412
ogo-	0.0772058823529	0.922794117647	0.0	0.0
ga--	0.523047977422	0.31326434619	0.0423330197554	0.121354656632
kul-	0.264147102696	0.582319777329	0.0396529990093	0.113880120965
ta--	0.24397808441	0.1548510183	0.0887699600064	0.512400937284
vas-	0.0448807854137	0.424964936886	0.5301542777	0.0
aku-	0.408441116406	0.524457843042	0.0204220558203	0.046678984732
a̱t-	0.430007539583	0.454134204574	0.030158331239	0.0856999246042
ite-	0.448275862069	0.4	0.0275862068965	0.124137931034
bis-	0.439534061774	0.242128083727	0.0849676036303	0.233370250868
lis-	0.0188916876574	0.979848866499	0.00125944584383	0.0
epl-	0.0357142857143	0.964285714286	0.0	0.0
ana-	0.176802895837	0.633262116767	0.0599029970663	0.130031990329
yal-	0.16875	0.1125	0.59375	0.125
sak-	0.0739436619718	0.87676056338	0.0492957746479	0.0
bap-	0.485316206557	0.157818407831	0.0776920287978	0.279173356813
wa--	0.828767123288	0.130136986301	0.0	0.041095890411
ipl-	0.49696969697	0.50303030303	0.0	0.0
nun-	0.0528571428571	0.912857142857	0.0128571428571	0.0214285714286
ibb-	0.356984478936	0.430155210643	0.133037694013	0.079822616408
kat-	0.162800707783	0.149794180173	0.0700342497436	0.617370862301
kuv-	0.437661423689	0.339287828723	0.0742063358528	0.148844411735
mil-	0.341132493424	0.513548890539	0.02655658062	0.118762035417
igi-	0.607087960921	0.232957494905	0.0594333472194	0.100521196955
yut-	0.0	1.0	0.0	0.0
imm-	0.526465336261	0.249722497044	0.135131874231	0.088680292464
sen-	0.0651748774806	0.175090444914	0.00163618939282	0.758098488213
asp-	0.320506430067	0.27275446117	0.268567440933	0.13817166783
ini-	0.555862825152	0.226572215994	0.0392589974715	0.178305961383
bay-	0.547138950316	0.294564463578	0.0770383261583	0.0812582599479
mig-	0.205834550012	0.639073303766	0.136910828903	0.0181813173191
mkw-	0.138248847926	0.732718894009	0.101382488479	0.0276497695853
ked-	0.183507092431	0.39642209254	0.0212991497825	0.398771665246
spe-	0.0	1.0	0.0	0.0
eme-	0.116763508439	0.858334321515	0.0	0.0249021700463
awg-	0.282608695652	0.304347826087	0.0	0.413043478261
uli-	0.0	1.0	0.0	0.0
kum-	0.499991024746	0.305123482145	0.0812841219916	0.113601371117
aml-	0.3564453125	0.222493489583	0.0467936197917	0.374267578125
oko-	0.182324840764	0.161889596603	0.037685774947	0.618099787686
nen-	0.0389390519188	0.509875846501	0.27737020316	0.17381489842
adm-	0.310231023102	0.492220650637	0.121169259783	0.0763790664781
val-	0.153993610224	0.660063897764	0.0306709265176	0.155271565495
mul-	0.151705999768	0.703777613137	0.0763443762893	0.0681720108058
ate-	0.136851096137	0.691373256145	0.133339660245	0.0384359874727
naw-	0.340222085909	0.315832813007	0.0757553051021	0.268189795982
kam-	0.154295146094	0.438758107938	0.243787519367	0.163159226601
ibi-	0.668169209431	0.221567267684	0.0457697642164	0.0644937586685
sin-	0.184551931531	0.176693770006	0.101652232743	0.53710206572
bod-	0.068842810516	0.452541261991	0.0585082788801	0.420107648613
a̱b-	0.360950330998	0.361197054817	0.0649138877151	0.21293872647
kim-	0.404050959721	0.466014046196	0.0847535768622	0.0451814172212
tag-	0.133778079208	0.0398909645221	0.0191563710564	0.807174585214
pat-	0.189377448846	0.732259468872	0.0544188071398	0.0239442751415
kov-	0.0725491230229	0.871105172788	0.0260192331358	0.0303264710536
niy-	0.453845608956	0.383378670942	0.0735796409848	0.0891960791179
nei-	0.495207780411	0.178986952827	0.0925377853467	0.233267481415
yeg-	0.477830391735	0.36784330607	0.0456306500215	0.108695652174
maw-	0.139411682699	0.189181653423	0.0117105813467	0.659696082532
iwl-	0.331027118063	0.258675535567	0.0270556373881	0.383241708981
agg-	0.430830039526	0.332015810277	0.0	0.237154150198
ivg-	0.244211059091	0.477666708845	0.21991648741	0.0582057446538
lom-	0.102577590742	0.831141504471	0.0157811678064	0.0504997369805
gen-	0.0049751243781	0.995024875622	0.0	0.0
saw-	0.722389861195	0.19312009656	0.036210018105	0.04828002414
a̱m-	0.627056672761	0.148385131018	0.133150517977	0.0914076782449
kid-	0.0918082805409	0.0275036690523	0.00473933709931	0.875948713308
da̱-	0.0612244897959	0.926530612245	0.0122448979592	0.0
nig-	0.421267143668	0.475850090649	0.0490921294822	0.0537906362013
pas-	0.0714285714286	0.928571428571	0.0	0.0
ild-	0.0381346698628	0.961865330137	0.0	0.0
sig-	0.0507883732341	0.512739203351	0.0395590285152	0.396913394899
yod-	0.0	1.0	0.0	0.0
bak-	0.495287788273	0.247041923478	0.0545109246226	0.203159363626
wut-	0.0602122084728	0.904376475472	0.022958985135	0.0124523309207
eso-	0.0	1.0	0.0	0.0
say-	0.00582278368634	0.986850306388	0.00183902520036	0.00548788472489
epa-	0.213711129787	0.660223316125	0.0516268459599	0.0744387081282
bwa-	0.136641927673	0.40572488814	0.327052497476	0.130580686711
yei-	0.0173247140949	0.653250713581	0.0113419855152	0.318082586809
sap-	0.0	1.0	0.0	0.0
asi-	0.195127967764	0.277362063662	0.0600831120211	0.467426856553
gun-	0.189030627123	0.350918949229	0.0359805332472	0.424069890401
nan-	0.205804557178	0.215034984454	0.053915023991	0.525245434377
pen-	0.0260869565218	0.895652173913	0.0	0.0782608695652
geg-	0.302359313737	0.166829091404	0.0571130702808	0.473698524579
wom-	0.438829787234	0.288563829787	0.0265957446809	0.246010638298
amu-	0.21288886081	0.420105420787	0.299337662404	0.067668055999
yis-	0.0453047775947	0.898476112026	0.0358319604613	0.0203871499176
lei-	0.517894736842	0.482105263158	0.0	0.0
adv-	0.366088631984	0.464354527938	0.0539499036609	0.115606936416
nab-	0.0833547993124	0.840648545127	0.0334491157041	0.042547539857
isa-	0.591846895218	0.188566121651	0.0134217128897	0.206165270241
tum-	0.0117315814172	0.69967151572	0.190051618958	0.0985452839043
mus-	0.102503110066	0.729475357882	0.0269527090735	0.141068822979
pud-	0.0	1.0	0.0	0.0
igu-	0.520383517017	0.288748606203	0.0680697265536	0.122798150226
bab-	0.0358154940308	0.162777378026	0.170926962666	0.630480165277
ita-	0.511242030642	0.231527352465	0.0468087059528	0.21042191094
pa̱-	0.299261132404	0.400647990833	0.211584811727	0.0885060650361
siy-	0.224516904039	0.249888715667	0.0348233577176	0.490771022576
ivv-	0.546874312981	0.252362297872	0.0638725981822	0.136890790964
tow-	0.0935718154125	0.0277313180965	0.00183509790768	0.876861768583
ali-	0.576197683808	0.204476263131	0.0235165153574	0.195809537704
iym-	0.977272727273	0.0227272727273	0.0	0.0
non-	0.321070234114	0.541806020067	0.0	0.137123745819
sou-	0.0872184610716	0.332415670152	0.0224972107455	0.557868658031
pou-	0.361332367849	0.580014482259	0.0260680666184	0.032585083273
mal-	0.0744179192455	0.807323902152	0.0198938992042	0.0983642793987
anm-	0.124646363182	0.232705687149	0.144156231157	0.498491718512
aki-	0.568041217049	0.103490269896	0.0171607948684	0.311307718187
a̱p-	0.0714916151809	0.855251544572	0.0229479258606	0.0503089143866
nin-	0.204978690131	0.190172156508	0.0253405648379	0.579508588523
ivl-	0.507772020725	0.264248704663	0.227979274611	0.0
toy-	0.0378310214376	0.858483956845	0.095278128065	0.00840689365279
lov-	0.018	0.9652	0.00720000000002	0.0096
tuw-	0.105849498166	0.731175207489	0.0363105578074	0.126664736537
pig-	0.0	1.0	0.0	0.0
yav-	0.0251050799749	0.936096160064	0.0342341999658	0.00456455999544
emo-	0.0	0.990726429675	0.00927357032458	0.0
lim-	0.111111111111	0.555555555556	0.308641975309	0.0246913580247
mab-	0.427960057061	0.42123497045	0.108008966782	0.0427960057061
and-	0.0657791699295	0.921299921691	0.0105716523101	0.00234925606891
viy-	0.0876168224299	0.614485981308	0.0525700934579	0.245327102804
ALL	0.221918040081	0.269754722041	0.0501655798943	0.458161657984
san-	0.00811485642946	0.991885143571	0.0	0.0
dud-	0.0208333333333	0.916666666667	0.0625	0.0
ast-	0.0927733351124	0.130012295434	0.0708893696922	0.706324999762
ine-	0.614559105465	0.0456782223065	0.0054012345679	0.334361437661
amg-	0.235147443334	0.492130006407	0.0254541046908	0.247268445568
siw-	0.18866548419	0.500800545493	0.0306062999262	0.279927670391
abv-	0.0970464135021	0.869198312236	0.0253164556962	0.00843881856539
big-	0.487260401116	0.255809857794	0.0691491476878	0.187780593402
liv-	0.162730914445	0.33637369401	0.0379946957993	0.462900695746
tel-	0.12214551248	0.856611789697	0.0106213489113	0.0106213489113
yev-	0.0464158087081	0.881130986728	0.00789625535275	0.0645569492109
ivs-	0.480844409695	0.519155590305	0.0	0.0
lid-	0.179560649475	0.618274434893	0.00477554918817	0.197389366444
guy-	0.0808127980745	0.628595215617	0.150647018647	0.139944967662
yed-	0.0	1.0	0.0	0.0
ata-	0.549943613072	0.302221264841	0.0733283493202	0.074506772767
img-	0.414386061678	0.25762860341	0.0363382703633	0.291647064549
ins-	0.132288094072	0.358157765801	0.109015188633	0.400538951494
baw-	0.655433719847	0.0759077309468	0.0190296426845	0.249628906522
dat-	0.221050292318	0.523231563472	0.0929946322951	0.162723511915
mes-	0.182644816104	0.49823394501	0.00952042479228	0.309600814093
num-	0.206203667577	0.712836519703	0.0263363246196	0.0546234880999
iwu-	0.38299032302	0.519967289083	0.0654218345372	0.0316205533597
adi-	0.533784562386	0.0637050282921	0.0405977339689	0.361912675353
bin-	0.393630349858	0.233314288496	0.0564646023618	0.316590759284
awd-	0.0451467268623	0.841986455982	0.112866817156	0.0
abm-	0.363636363636	0.394721407625	0.182404692082	0.0592375366569
iku-	0.530168836026	0.218063904116	0.0687293059572	0.183037953901
iss-	0.3909391394	0.410589198532	0.127664736028	0.0708069260393
tek-	0.143389199255	0.443202979516	0.361266294227	0.0521415270018
seg-	0.00877192982455	0.991228070175	0.0	0.0
imn-	0.198113207547	0.745283018868	0.0566037735849	0.0
vie-	0.641509433962	0.287735849057	0.0707547169811	0.0
bug-	0.232456140351	0.416666666667	0.197368421053	0.15350877193
vik-	0.113341698034	0.608113759933	0.213299874529	0.0652446675032
tal-	0.271642441029	0.477324546997	0.0790182145377	0.172014797436
gid-	0.123128347154	0.626846160435	0.116404468718	0.133621023694
alp-	0.0	1.0	0.0	0.0
ami-	0.134853666284	0.20742272396	0.0903973440413	0.567326265714
kos-	0.0224299065421	0.977570093458	0.0	0.0
lem-	0.0	1.0	0.0	0.0
paw-	0.0251102538637	0.847262348685	0.00297003002689	0.124657367424
avv-	0.233676975945	0.473081328751	0.0664375715922	0.226804123711
agm-	0.0450611544238	0.604463200057	0.0951291037837	0.255346541735
dak-	0.215640329792	0.604633261048	0.0529612279336	0.126765181227
vak-	0.331729116535	0.575455482984	0.0206256445514	0.0721897559299
pon-	0.00808314087759	0.979792147806	0.0	0.0121247113164
vil-	0.0635335073977	0.889469103568	0.0	0.0469973890339
na̱-	0.0867110968595	0.221661307888	0.0932225178458	0.598405077406
sik-	0.239230870728	0.55860655453	0.0479715456874	0.154191029054
pwe-	0.066591797418	0.644343527029	0.0201182261214	0.268946449431
wod-	0.299036538811	0.600527176877	0.0786220687147	0.0218142155972
bog-	0.537300922045	0.226320201174	0.0100586756077	0.226320201173
a̱n-	0.40969298696	0.327959749461	0.111407742068	0.150939521511
nip-	0.527722397296	0.305707405264	0.0870366797436	0.0795335176968
kei-	0.184877409695	0.251132322665	0.375444506831	0.188545760808
pin-	0.137807808603	0.237560895045	0.0316923344372	0.592938961915
biw-	0.447534971235	0.311504515014	0.0734137812285	0.167546732523
bun-	0.11497529352	0.562225838209	0.0681913002075	0.254607568064
ili-	0.518857971376	0.136165421531	0.0209255571326	0.324051049961
map-	0.132178868502	0.113584801846	0.018479070049	0.735757259603
igg-	0.566920565832	0.161044613711	0.0587595212188	0.213275299238
wun-	0.189721980045	0.693742129226	0.0310471762085	0.085488714521
idi-	0.467615500817	0.053190921475	0.00333883788866	0.47585473982
iwn-	0.448113207547	0.264150943396	0.13679245283	0.150943396226
ans-	0.340211056772	0.179916332524	0.057274751003	0.422597859701
yem-	0.00981728933733	0.989091900736	0.00109080992637	0.0
asm-	0.461801596351	0.469783352338	0.0	0.0684150513113
aym-	0.287769784173	0.359712230216	0.304556354916	0.0479616306955
esl-	0.0	1.0	0.0	0.0
ani-	0.372148957605	0.246376311861	0.0103151109944	0.37115961954
gud-	0.266256332232	0.689266757724	0.0117999965421	0.0326769135013
nad-	0.354354785333	0.501679316525	0.0655333954465	0.0784325026951
nib-	0.497134666042	0.324927319493	0.0702932972594	0.107644717205
bei-	0.462921049357	0.180642858728	0.0728014252223	0.283634666692
abi-	0.255373627114	0.509130112526	0.145205848662	0.0902904116973
aka-	0.522802294668	0.22651672058	0.0733582712385	0.177322713513
awo-	0.299453768648	0.0689694805715	0.0288547324192	0.602722018362
mom-	0.563280470316	0.366566308003	0.0419745217588	0.028178699922
ban-	0.639682565302	0.105689376413	0.0294102822376	0.225217776047
miv-	0.373120491043	0.362293666947	0.0495678861052	0.215017955904
ise-	0.479595923841	0.12573301887	0.0337399086935	0.360931148596
tey-	0.289340101523	0.0862944162437	0.609137055838	0.0152284263959
iwg-	0.66713610932	0.302337336378	0.0217419343594	0.00878461994318
nag-	0.16783401915	0.0726781589422	0.0112732601206	0.748214561788
iyi-	0.484296482412	0.44472361809	0.0483668341709	0.0226130653266
dab-	0.256950836506	0.541594009168	0.178531616997	0.0229235373294
did-	0.0565278883698	0.531298991025	0.248691129001	0.163481991604
bwe-	0.268683596795	0.186096171667	0.135240386729	0.409979844809
wug-	0.01875	0.66875	0.2375	0.075
nam-	0.254154119163	0.423996696487	0.0322135632613	0.289635621088
ebe-	0.0304565470282	0.918857835565	0.030920861919	0.019764755488
edi-	0.078431372549	0.647058823529	0.235294117647	0.0392156862745
tib-	0.090803682103	0.827078855127	0.0241626337791	0.0579548289909
oli-	0.0454854039376	0.924643584521	0.0244399185336	0.00543109300745
won-	0.190807712187	0.481267718139	0.0183250583426	0.309599511332
ibs-	0.222772277228	0.717821782178	0.0594059405941	0.0
amd-	0.0496665247623	0.159642401022	0.714062721726	0.0766283524904
kon-	0.0426657263752	0.864950634697	0.040197461213	0.0521861777151
eli-	0.0146948003014	0.892614920874	0.00113036925396	0.0915599095705
yul-	0.0	1.0	0.0	0.0
imu-	0.343404987572	0.213613394881	0.226079593565	0.216902023982
mut-	0.215035604717	0.460525204762	0.128824340679	0.195614849841
ipt-	0.558848433531	0.30567315834	0.0406435224386	0.0948348856901
vay-	0.104570720198	0.165829931256	0.115407685848	0.614191662698
waw-	0.153262468104	0.197843037847	0.0317804155546	0.617114078494
tuk-	0.0924523374249	0.81091668843	0.0	0.0966309741447
siv-	0.320686846565	0.141521495708	0.0520030036618	0.485788654065
pan-	0.023498694517	0.8772845953	0.0992167101827	0.0
bou-	0.0479310437421	0.862449987917	0.0163126661475	0.0733063021938
nim-	0.439407902615	0.225842562076	0.0563096483966	0.278439886912
all-	0.295019627085	0.342860647694	0.23675171737	0.125368007851
nug-	0.167064439141	0.456443914081	0.281026252983	0.0954653937947
tul-	0.0705596107056	0.858880778589	0.0510948905109	0.0194647201946
yam-	0.032968660932	0.807846521979	0.019033387331	0.140151429758
ina-	0.233220250967	0.523488124846	0.0548224328676	0.18846919132
ese-	0.0	1.0	0.0	0.0
ape-	0.0357142857143	0.964285714286	0.0	0.0
lut-	0.0	1.0	0.0	0.0
ipo-	0.625742574257	0.30297029703	0.0356435643564	0.0356435643564
dun-	0.0	1.0	0.0	0.0
ne--	0.353535353535	0.49494949495	0.030303030303	0.121212121212
luk-	0.0084388185654	0.987341772152	0.0	0.0042194092827
yup-	0.0193548387097	0.98064516129	0.0	0.0
lab-	0.286334056399	0.522776572668	0.0	0.190889370933
isp-	0.354838709677	0.435483870968	0.0806451612903	0.129032258065
awi-	0.934532042416	0.0212079299216	0.0	0.0442600276625
iba-	0.733535181593	0.144687357718	0.0377101093648	0.0840673513242
ino-	0.554591565244	0.122882487105	0.0135950822639	0.308930865388
bas-	0.47662329572	0.276962502113	0.0458320284114	0.200582173756
mim-	0.182825190288	0.642598970957	0.0888506187014	0.0857252200535
sit-	0.132758862461	0.620690813551	0.161809706524	0.0847406174637
yes-	0.0966962127316	0.86865431104	0.0	0.0346494762289
mid-	0.178870877585	0.737283398547	0.0838457238682	0.0
lek-	0.0	1.0	0.0	0.0
ang-	0.268536212332	0.32798665469	0.113670965974	0.289806167004
ito-	0.646729110119	0.165821448956	0.0453830581414	0.142066382783
day-	0.074456919939	0.658230856057	0.0419810293273	0.225331194677
lou-	0.137860633932	0.491864469695	0.361613495288	0.00866140108473
iko-	0.318131331688	0.0933750229878	0.0183801641483	0.570113481176
sod-	0.120435603457	0.199778731591	0.0398507829189	0.639934882034
amm-	0.219276136707	0.566791007158	0.111099909265	0.10283294687
kun-	0.42834960932	0.347855122094	0.0482117499327	0.175583518653
ide-	0.233009708738	0.766990291262	0.0	0.0
adl-	0.360902255639	0.270676691729	0.12030075188	0.248120300752
kan-	0.161544344656	0.515790918878	0.111746082762	0.210918653704
abg-	0.0327868852459	0.934426229508	0.0	0.0327868852459
agi-	0.567028124595	0.285609366225	0.0851514235107	0.0622110856699
gib-	0.124442949634	0.538552089464	0.0696207853359	0.267384175565
kuk-	0.295061796255	0.122382400464	0.0298511739876	0.552704629293
diy-	0.013201320132	0.811881188119	0.0	0.174917491749
nav-	0.0955774064329	0.709112241291	0.0144817971174	0.180828555159
sey-	0.0	1.0	0.0	0.0
ill-	0.416105793105	0.115281480859	0.0174946713828	0.451118054654
pwa-	0.11358907647	0.422880377081	0.415685656839	0.0478448896097
dek-	0.00843881856539	0.763713080169	0.0	0.227848101266
mum-	0.242288581689	0.632410094948	0.0634623899247	0.0618389334383
daw-	0.275995922612	0.469671852637	0.0438628103088	0.210469414442
wan-	0.132308269589	0.316399039878	0.0647682397142	0.486524450819
dou-	0.0158361269358	0.901328747554	0.0828351255104	0.0
met-	0.0	1.0	0.0	0.0
sa̱-	0.0104872187022	0.933799431942	0.0087393489185	0.046974000437
bik-	0.474467682011	0.275538526432	0.0783846143925	0.171609177165
kuw-	0.452784095997	0.371799050775	0.0860535506403	0.089363302588
bim-	0.434249964481	0.245545536307	0.106103618422	0.214100880789
na--	0.381404424944	0.287244603945	0.0935608996141	0.237790071497
ken-	0.0193093204604	0.97623468251	0.0	0.00445599702933
pib-	0.1317233809	0.8682766191	0.0	0.0
bip-	0.454175543314	0.267569835802	0.0783924139719	0.199862206912
ilu-	0.415257422022	0.438055868721	0.0593761743705	0.0873105348866
mat-	0.186571401476	0.457243737203	0.0767298985016	0.27945496282
nit-	0.253373247056	0.543040759852	0.0406090050352	0.162976988057
sih-	0.0313315926893	0.671018276762	0.0626631853786	0.23498694517
bob-	0.253921568627	0.725490196078	0.0205882352941	0.0
lay-	0.0409696882113	0.808808121681	0.0627190288667	0.0875031612414
seb-	0.0368792128302	0.959866738979	0.00325404819091	0.0
ala-	0.0891791646509	0.455004861879	0.0220964041252	0.433719569344
but-	0.303399977409	0.461086637298	0.0747769117813	0.160736473512
ilg-	0.537796976242	0.410367170626	0.0518358531318	0.0
dig-	0.0243131361819	0.478508038221	0.474106155547	0.0230726700502
wud-	0.146283469451	0.474129018919	0.0815414039078	0.298046107722
bib-	0.467098669847	0.222380810403	0.10072518827	0.20979533148
anu-	0.631408827463	0.107222469906	0.0211769950958	0.240191707535
aim-	0.172642762284	0.401062416999	0.235059760956	0.191235059761
lod-	0.0109409190372	0.989059080963	0.0	0.0
gay-	0.186658422643	0.723275625172	0.0900659521847	0.0
ipa-	0.533530571992	0.15976331361	0.221893491124	0.0848126232741
uwy-	0.222216954295	0.678029584677	0.0997534610279	0.0
kin-	0.0485296738549	0.865327036179	0.045722687578	0.0404206023882
iyu-	0.473585686772	0.0762280180715	0.0323091599618	0.417877135194
dan-	0.163744439044	0.663912669633	0.0721522299899	0.100190661333
mub-	0.417047358782	0.45032838536	0.0191745912084	0.11344966465
eba-	0.28679245283	0.562264150943	0.135849056604	0.0150943396226
kag-	0.479857704031	0.279510521426	0.0631530048411	0.177478769702
skw-	0.0618620476338	0.894834519023	0.0247448190535	0.0185586142901
adg-	0.587837837838	0.175675675676	0.054054054054	0.182432432432
va̱-	0.0747688730313	0.0206826375756	0.00253654989135	0.902011939502
mis-	0.152389969837	0.227322805434	0.0381745742666	0.582112650462
igb-	0.7	0.185714285714	0.0285714285714	0.0857142857143
elm-	0.0	1.0	0.0	0.0
anl-	0.151589242054	0.767726161369	0.0586797066014	0.0220048899756
ayn-	0.0	1.0	0.0	0.0
yon-	0.0419450903977	0.899243545318	0.00937525850897	0.049436105775
ivt-	0.549374983342	0.235347423972	0.0670327034303	0.148244889256
was-	0.0271761119228	0.0299976694071	0.00543062333871	0.937395595331
iwi-	0.66997064542	0.191567229614	0.0583279325987	0.0801341923678
sos-	0.01953125	0.951171875	0.00976562499997	0.01953125
mup-	0.770360480641	0.181575433912	0.0	0.0480640854472
don-	0.120533333333	0.731733333333	0.00240000000001	0.145333333333
ibw-	0.668052279794	0.140202913523	0.0638648312075	0.127879975476
tat-	0.131586696011	0.14970565944	0.213369570089	0.50533807446
bit-	0.409789054685	0.317342887847	0.0915523824532	0.181315675016
leg-	0.0924776158421	0.675838180511	0.207176001568	0.0245082020783
ave-	0.256197663633	0.130810192764	0.0131090938694	0.599883049733
iwd-	0.791284252228	0.119709475074	0.0379002971278	0.0511059755695
api-	0.424813895782	0.339950372208	0.0714640198511	0.163771712159
adk-	0.133333333333	0.771428571429	0.0571428571429	0.0380952380952
la̱-	0.0422578727246	0.911726294907	0.014418294142	0.031597538226
mam-	0.259843655536	0.0341138170185	0.0109866806022	0.695055846844
utu-	0.05245737838	0.689627177918	0.205458065322	0.05245737838
esa-	0.0	0.857142857143	0.0	0.142857142857
kew-	0.00744416873447	0.866004962779	0.111662531017	0.014888337469
sis-	0.0504777078576	0.151242302388	0.0375679207729	0.760712068982
wat-	0.0758852304686	0.631920255667	0.0533563385143	0.23883817535
bam-	0.45341861388	0.258939617771	0.0815495226312	0.206092245717
mos-	0.0289511462821	0.934504532543	0.00456515081095	0.0319791703643
yig-	0.131445416324	0.708017203885	0.0420432030155	0.118494176775
abu-	0.180470670882	0.750684931507	0.039339655778	0.0295047418335
ivk-	0.293100856756	0.496467758906	0.0909364196603	0.119494964678
yaw-	0.089463663615	0.585681155311	0.195657457668	0.129197723406
pla-	0.304054054054	0.675675675676	0.0	0.0202702702703
eml-	0.0	0.940298507463	0.0597014925373	0.0
lam-	0.00988368183956	0.977173401466	0.0044711894036	0.00847172729107
bet-	0.0317686690108	0.926922225774	0.000737662593132	0.0405714426221
ips-	0.264279275588	0.364500532656	0.0639187085143	0.307301483242
ges-	0.102272727273	0.897727272727	0.0	0.0
til-	0.0318640467339	0.963887413702	0.00424853956453	0.0
sal-	0.0373069245528	0.940648074575	0.0101746157871	0.011870385085
asu-	0.18555667001	0.533600802407	0.25075225677	0.0300902708125
a̱v-	0.763636363636	0.0618181818182	0.0218181818182	0.152727272727
kiy-	0.0379746835443	0.715189873418	0.208860759494	0.0379746835443
vey-	0.215136381099	0.731079523627	0.0537840952747	0.0
isk-	0.132544378698	0.659171597633	0.186982248521	0.0213017751479
gab-	0.113806334135	0.732630985671	0.057560714776	0.0960019654173
nub-	0.0838556647687	0.765934641717	0.0541789776001	0.0960307159146
den-	0.0512820512821	0.846153846154	0.0	0.102564102564
yan-	0.124352331606	0.233160621762	0.238341968912	0.40414507772
bad-	0.459870620083	0.269829569284	0.112069951578	0.158229859055
yun-	0.008547008547	0.92735042735	0.0555555555555	0.00854700854701
bav-	0.406121458521	0.105351303614	0.0175433013231	0.470983936542
min-	0.0614309096617	0.776890823754	0.08208088862	0.079597377964
oo--	0.0294117647059	0.911764705882	0.0	0.0588235294118
kut-	0.397599609701	0.322146753967	0.143151320066	0.137102316266
age-	0.209173739525	0.384795774572	0.105743268683	0.30028721722
das-	0.562130177515	0.266272189349	0.0769230769231	0.094674556213
tab-	0.379987109286	0.334910842962	0.0909215310141	0.194180516737
yow-	0.0239385736717	0.632491778215	0.00634023419593	0.337229413917
gal-	0.00716638733168	0.98133271687	0.00173380338669	0.00976709241172
imd-	0.309278350515	0.498281786942	0.137457044674	0.0549828178694
ibl-	0.6	0.105263157895	0.0421052631579	0.252631578947
ida-	0.684091663144	0.179583648149	0.0695442579269	0.0667804307808
awn-	0.91935483871	0.0322580645161	0.0483870967742	0.0
sel-	0.0174482006543	0.786041439477	0.181788440567	0.0147219193021
kay-	0.174006277412	0.634024518099	0.0897987810785	0.102170423411
ibe-	0.281081081081	0.475675675676	0.045045045045	0.198198198198
abl-	0.293333333333	0.693333333333	0.0133333333333	0.0
amn-	0.515247243891	0.247888595191	0.133711559538	0.10315260138
wad-	0.147562381594	0.482790069676	0.061890793568	0.307756755162
am--	0.262887187107	0.402217396274	0.0274317064807	0.307463710138
ati-	0.35325483226	0.487891579649	0.0466562986003	0.112197289491
vto-	0.0174672489083	0.572052401747	0.35807860262	0.0524017467249
vav-	0.1875	0.0972222222222	0.715277777778	0.0
tak-	0.186994368741	0.478569543344	0.190800231121	0.143635856794
lew-	0.0	1.0	0.0	0.0
giw-	0.310119695321	0.338955386289	0.269314472252	0.0816104461371
mun-	0.0718710987178	0.796065757388	0.0826517635254	0.0494113803684
tay-	0.0935330470489	0.6542828106	0.116106728075	0.136077414276
lel-	0.471597633136	0.355719921105	0.089842209073	0.0828402366865
kop-	0.0474934036939	0.905013192612	0.0474934036939	0.0
iwo-	0.392589800205	0.363589854058	0.067316495234	0.176503850504
nel-	0.0	1.0	0.0	0.0
pay-	0.0488637576016	0.860983676518	0.0330737223941	0.0570788434866
one-	0.0734710916302	0.914005426842	0.0	0.0125234815279
kik-	0.272098455584	0.497448651754	0.0844023797465	0.146050512916
sto-	0.123287671233	0.767123287671	0.109589041096	0.0
gog-	0.207564189179	0.0170605357646	0.00754732806991	0.767827946987
iwt-	0.579816688944	0.244987588314	0.0596715676914	0.115524155051
sil-	0.0846884671004	0.114747209355	0.0139837442943	0.78658057925
ake-	0.162943495401	0.688567674113	0.0946123521682	0.0538764783179
dik-	0.151515151515	0.787878787879	0.0606060606061	0.0
lal-	0.411347517731	0.326241134752	0.177304964539	0.0851063829788
nek-	0.0	1.0	0.0	0.0
ipe-	0.743396226415	0.147169811321	0.0603773584905	0.0490566037736
nis-	0.480931443834	0.092739129657	0.0264972658706	0.399832160639
kis-	0.0821237585943	0.669213139802	0.216577540107	0.0320855614973
tik-	0.0338983050847	0.966101694915	0.0	0.0
nuw-	0.211955245254	0.17053608886	0.0345095569864	0.5829991089
gel-	0.0	0.984654731458	0.0	0.0153452685422
mta-	0.421412300683	0.142748671222	0.0455580865604	0.390280941534
sag-	0.073168547376	0.774822377455	0.00507492984656	0.146934145322
bom-	0.366666666667	0.533333333333	0.1	0.0
sul-	0.31914893617	0.664893617021	0.0159574468085	0.0
kit-	0.235501029513	0.707704186685	0.0104667124228	0.0463280713795
iyy-	0.396852483883	0.413348502086	0.0868411073189	0.102957906712
gol-	0.0	1.0	0.0	0.0
ela-	0.0495312966737	0.946230793508	0.00121912474232	0.00301878507623
iyo-	0.579823619632	0.241955521472	0.0363496932515	0.141871165644
yud-	0.0449836752791	0.87597242936	0.028941110081	0.0501027852795
wot-	0.337328827776	0.31179733492	0.0873128883033	0.263560949001
tiy-	0.125419932811	0.793952967525	0.040313549832	0.040313549832
miw-	0.258201531325	0.387749399206	0.0270448244273	0.327004245041
sew-	0.209471766849	0.56102003643	0.0874316939891	0.142076502732
itu-	0.580813193799	0.327514155552	0.0494414295636	0.0422312210856
kad-	0.263482057904	0.109406132856	0.0859499575467	0.541161851693
des-	0.0	1.0	0.0	0.0
aye-	0.230769230769	0.593406593407	0.043956043956	0.131868131868
yek-	0.00748847926267	0.953629032258	0.00172811059908	0.0371543778802
tam-	0.0795141931235	0.729997413917	0.0406739253735	0.149814467586
nal-	0.557051861369	0.212780784181	0.0493221981468	0.180845156303
man-	0.0709323422212	0.420021169163	0.0373263628742	0.471720125742
koy-	0.0484940641946	0.859629195369	0.00476330060091	0.0871134398359
men-	0.0	1.0	0.0	0.0
ava-	0.104507588911	0.0618779336513	0.297825485191	0.535788992247
tud-	0.290322580645	0.709677419355	0.0	0.0
bus-	0.031095245125	0.943540053414	0.0225464012991	0.00281830016239
ank-	0.295481530825	0.476208331173	0.0785077869566	0.149802351045
eib-	0.0704500978473	0.929549902153	0.0	0.0
mug-	0.283742331288	0.374846625767	0.0441717791411	0.297239263804
tap-	0.236742504784	0.35529094904	0.101400997	0.306565549177
amw-	0.27541764723	0.499757401435	0.1236962143	0.101128737035
lup-	0.0	0.959322033898	0.0406779661017	0.0
sol-	0.042883008799	0.917092849655	0.0243003716528	0.0157237698929
ame-	0.781238413052	0.18539117538	0.0111234705228	0.0222469410456
new-	0.326388888889	0.600694444444	0.0416666666667	0.03125
awk-	0.074458275703	0.889234670355	0.00518672199169	0.0311203319502
adt-	0.310281065089	0.521449704142	0.0961538461538	0.0721153846153
iso-	0.640584000826	0.170808878289	0.0997240426258	0.0888830782596
teg-	0.11583011583	0.671814671815	0.0694980694981	0.142857142857
pam-	0.0	0.990675990676	0.0	0.00932400932402
mag-	0.12899451022	0.164766504632	0.0251170226494	0.681121962499
vin-	0.0691668751089	0.640639096374	0.0463765250607	0.243817503456
ika-	0.542872628217	0.208086533997	0.0827777158243	0.166263121962
ben-	0.631746593523	0.13754202796	0.230711378517	0.0
wap-	0.183678241553	0.570092365252	0.0133286566117	0.232900736584
akw-	0.144989970075	0.212108257424	0.147078167648	0.495823604854
nil-	0.50699629146	0.295238767515	0.0485485450156	0.14921639601
dob-	0.31051964512	0.281368821293	0.33206590621	0.0760456273765
taw-	0.105186108312	0.505613009802	0.0953605925136	0.293840289372
meg-	0.302912621359	0.563106796117	0.11067961165	0.0233009708738
mon-	0.27227472583	0.64585333805	0.0212260575125	0.0606458786073
tou-	0.108119165303	0.259952105907	0.563967110723	0.0679616180671
alo-	0.204874333587	0.537699923839	0.147753236862	0.109672505712
ano-	0.187037037037	0.585185185185	0.0277777777778	0.2
pit-	0.0198795118531	0.914016395981	0.00192382372772	0.064180268438
yvg-	0.0285035629453	0.819477434679	0.152019002375	0.0
gew-	0.0434782608696	0.866666666667	0.00869565217391	0.0811594202899
las-	0.0	0.968602825746	0.00313971742543	0.0282574568289
rin-	0.0416666666667	0.433333333333	0.525	0.0
wik-	0.0683814303639	0.448557089084	0.069008782936	0.414052697616
sip-	0.0649088035325	0.896256462303	0.0119839701134	0.0268507640512
yey-	0.182883314317	0.0866596670736	0.00174534367483	0.728711674934
ikk-	0.468446601942	0.317519858782	0.161518093557	0.0525154457194
yus-	0.0113475177305	0.98865248227	0.0	0.0
yos-	0.0395983702867	0.943005813865	0.00686676941388	0.0105290464346
aww-	0.618453865337	0.112219451372	0.0	0.269326683292
ble-	0.0546142424181	0.927384415109	0.0	0.018001342473
inn-	0.454322801861	0.424932647563	0.0435953955425	0.0771491550331
ema-	0.0	1.0	0.0	0.0
ays-	0.0145306596919	0.97044048657	0.0100469132727	0.00498194046582
ing-	0.394762196724	0.490934571253	0.0696330034159	0.0446702286065
ten-	0.0	0.816272965879	0.10498687664	0.0787401574803
mib-	0.301510574018	0.531722054381	0.0435045317221	0.123262839879
ipw-	0.356018406394	0.514339036656	0.123659054322	0.00598350262848
yas-	0.105597459309	0.811036125447	0.0500198491464	0.0333465660977
amb-	0.366988296584	0.338188355285	0.106834941483	0.187988406648
ivn-	0.454092243011	0.307409205016	0.14771160318	0.0907869487935
lot-	0.0475310271983	0.857406918405	0.0158436757328	0.0792183786638
gag-	0.230365964311	0.327553180764	0.355378566388	0.0867022885372
ims-	0.13202247191	0.564606741573	0.303370786517	0.0
iwy-	0.306451612903	0.379032258065	0.314516129032	0.0
dei-	0.116859505243	0.707925190093	0.0288081336997	0.146407170963
ima-	0.406181512812	0.222815066669	0.126241730332	0.244761690187
nay-	0.153510733453	0.495415921288	0.155690966011	0.195382379249
nus-	0.0361445783133	0.524096385542	0.132530120482	0.307228915663
iwk-	0.732090376317	0.125898781454	0.048746668414	0.0932641738148
ibo-	0.236923343417	0.306205650724	0.16412711964	0.292743886218
kuy-	0.462835784859	0.327458555047	0.104875876796	0.104829783298
gil-	0.152418820411	0.640324718357	0.199801192843	0.00745526838965
mik-	0.308427069658	0.533722517063	0.0789624913306	0.0788879219486
guw-	0.303110173959	0.559831312599	0.0421718502899	0.0948866631524
iga-	0.197144760992	0.0547295571984	0.0135012170586	0.734624464751
lep-	0.227809417975	0.772190582025	0.0	0.0
gou-	0.0117928693366	0.722484940055	0.264544865883	0.00117732472578
tog-	0.369148461881	0.113241194828	0.0579580918413	0.459652251449
isu-	0.528569099727	0.177181399519	0.148958715409	0.145290785345
bul-	0.194374709437	0.527522082752	0.0970478847048	0.181055323106
ilo-	0.265939090674	0.47696488655	0.0552152532137	0.201880769563
dav-	0.168128739906	0.322721199094	0.148724801023	0.360425259978
wak-	0.19643410582	0.433710942803	0.0272619132736	0.342593038104
aw--	0.279706622815	0.363982711702	0.0809232067756	0.275387458707
iks-	0.566916043225	0.320864505403	0.0224438902743	0.0897755610973
now-	0.0	0.982142857143	0.0	0.0178571428571
tan-	0.209668630129	0.412339814386	0.140768947088	0.237222608396
wab-	0.167242623324	0.621919264801	0.0299244294232	0.180913682452
ya̱-	0.240644647323	0.0889066090495	0.0124880981481	0.657960645479
ale-	0.213684153992	0.633595647478	0.0457945765677	0.106925621962
bil-	0.483943369719	0.223994123878	0.0622495852844	0.229812921118
kav-	0.233194855547	0.222535352765	0.0324272433494	0.511842548338
kup-	0.376432381591	0.225339152041	0.0930166247914	0.305211841577
aga-	0.267838761254	0.58944058441	0.0822118975919	0.0605087567434
ive-	0.36018957346	0.502685624013	0.0671406003159	0.0699842022117
ipi-	0.475878047669	0.108311526606	0.0458738466055	0.369936579119
niw-	0.279470850736	0.522497548764	0.0529808024289	0.14505079807
inu-	0.614322953864	0.212219682902	0.0435652049707	0.129892158263
alv-	0.060422960725	0.788519637462	0.151057401813	0.0
asb-	0.601694915254	0.228813559322	0.0	0.169491525424
kok-	0.15652173913	0.739130434783	0.104347826087	0.0
a̱k-	0.452586206897	0.262931034483	0.0517241379311	0.23275862069
sid-	0.145804503711	0.301559944647	0.0617687759466	0.490866775695
a̱y-	0.121212121212	0.555555555556	0.080808080808	0.242424242424
bel-	0.0226537216829	0.915857605178	0.0453074433657	0.0161812297735
pis-	0.0384615384615	0.961538461538	0.0	0.0
wal-	0.0417844013892	0.698973494067	0.0629631660759	0.196278938468
ton-	0.266964318893	0.0686640208691	0.0770581109303	0.587313549308
ant-	0.217610323179	0.707259475177	0.0439496831748	0.0311805184686
nak-	0.228741534978	0.584467942909	0.0706974294713	0.116093092641
ven-	0.0339660492867	0.236095275511	0.00539693097946	0.724541744223
tip-	0.00520389819282	0.923833853723	0.0652852682373	0.00567697984672
pol-	0.0	1.0	0.0	0.0
esi-	0.00832088756135	0.986558566247	0.0	0.00512054619159
geb-	0.0817120622568	0.910505836576	0.00778210116732	0.0
ney-	0.035561793777	0.900987237857	0.0634509683659	0.0
gei-	0.221789193977	0.52621789194	0.195305580159	0.0566873339238
iva-	0.469255116441	0.11304743038	0.0513880007831	0.366309452396
aya-	0.382228713536	0.327438518928	0.142896617061	0.147436150476
kek-	0.145184135977	0.445231350331	0.391879131256	0.0177053824363
yep-	0.0	1.0	0.0	0.0
awt-	0.156862745098	0.803921568627	0.0	0.0392156862745
dam-	0.118388958296	0.788357427569	0.0428341959664	0.0504194181688
ask-	0.265829969505	0.493730059403	0.151892263489	0.0885477076025
nap-	0.22750149037	0.653552759112	0.0899899830889	0.0289557674292
wul-	0.157188306939	0.737073561942	0.060971131616	0.0447669995035
ido-	0.460013083493	0.117003253246	0.024193690544	0.398789972717
igw-	0.105688709212	0.264799306959	0.504187120993	0.125324862836
bal-	0.395157066297	0.35092348285	0.0421280400967	0.211791410757
apo-	0.082446129197	0.896597664051	0.00992662425114	0.0110295825013
ase-	0.392325468639	0.242800561674	0.108783396616	0.256090573071
adp-	0.344414893617	0.587765957447	0.0199468085107	0.0478723404255
mip-	0.222924901186	0.701185770751	0.0284584980237	0.0474308300395
ayo-	0.674747474748	0.30101010101	0.0	0.0242424242424
pei-	0.12851901353	0.0234003490219	0.00330398467136	0.844776652777
sad-	0.00510361141265	0.982955558076	0.0119408305115	0.0
pub-	0.0647482014388	0.935251798561	0.0	0.0
dim-	0.00996015936255	0.972111553785	0.0179282868526	0.0
top-	0.0	0.720950704225	0.279049295775	0.0
kub-	0.574870112212	0.217752668734	0.0438569694966	0.163520249557
avk-	0.58810325477	0.313131313131	0.0448933782267	0.0538720538721
ike-	0.288172043011	0.23440860215	0.0774193548387	0.4
woy-	0.898648648649	0.101351351351	0.0	0.0
sop-	0.858670637607	0.118586706376	0.0227426560173	0.0
dad-	0.0896916848334	0.76393646839	0.0901588290252	0.0562130177515
tas-	0.0824807592392	0.0790241257373	0.0277288248759	0.810766290148
amp-	0.15590117577	0.340675695788	0.221015031999	0.282408096443
set-	0.0	1.0	0.0	0.0
iwe-	0.439084475162	0.164332709603	0.090994144987	0.305588670248
ele-	0.0483870967742	0.747311827957	0.204301075269	0.0
iyk-	0.0	0.895348837209	0.104651162791	0.0
akk-	0.220484753714	0.422204847537	0.281469898358	0.0758405003909
apw-	0.165330043183	0.276989512647	0.339296730413	0.218383713757
adu-	0.424797613975	0.23860247124	0.302513847465	0.0340860673199
mog-	0.209892413877	0.126940401675	0.101961954609	0.561205229838
alk-	0.450980392157	0.392156862745	0.0	0.156862745098
sib-	0.213030032442	0.633287709487	0.0649191699448	0.0887630881253
agt-	0.952409368939	0.0107414590482	0.0368491720125	0.0
gim-	0.101117667889	0.6365206588	0.075923375826	0.186438297485
keb-	0.119992476961	0.834869287192	0.0	0.0451382358473
way-	0.0762764748534	0.876650717194	0.010610328805	0.0364624791472
eki-	0.0	1.0	0.0	0.0
muv-	0.250171720402	0.511543281406	0.0655683552069	0.172716642984
mel-	0.0217342725285	0.823619140151	0.00116589749818	0.153480689823
sus-	0.0177133655394	0.953301127214	0.0289855072464	0.0
yid-	0.011673151751	0.975592500884	0.0042447824549	0.0084895649098
bla-	0.104904507568	0.0620844749864	0.0127549033222	0.820256114124
yat-	0.158823529412	0.382352941176	0.0	0.458823529412
gum-	0.068084130642	0.734780603243	0.13643297339	0.0607022927255
kwa-	0.367026980883	0.373647213235	0.124491376028	0.134834429853
mak-	0.232547824543	0.385950682469	0.0819059378127	0.299595555176
pep-	0.0275229357798	0.97247706422	0.0	0.0
get-	0.0	1.0	0.0	0.0
anb-	0.294982698962	0.425605536332	0.201038062284	0.0783737024222
buy-	0.0567788985178	0.890337169105	0.0165388075958	0.036345124781
a̱w-	0.318320610687	0.525954198473	0.0618320610688	0.093893129771
bow-	0.0333333333334	0.95	0.0166666666667	0.0
kap-	0.145641005162	0.693319276073	0.106092654636	0.0549470641287
nik-	0.51729449257	0.30597931323	0.0709546835836	0.105771510617
miy-	0.169260700389	0.708171206226	0.0291828793775	0.0933852140077
awa-	0.289505735563	0.372768130867	0.203882443284	0.133843690286
imw-	0.324903742588	0.347511532912	0.133514462451	0.194070262048
asv-	0.113705583756	0.603045685279	0.170558375635	0.11269035533
wuw-	0.199543679183	0.710352295139	0.0576201709269	0.0324838547507
pli-	0.0626381724392	0.797347089167	0.0221075902726	0.117907148121
bag-	0.38151770555	0.483137933508	0.0654352093601	0.0699091515814
gov-	0.0556107249255	0.73862959285	0.16405163853	0.0417080436941
ega-	0.126536514823	0.697035430224	0.122198120029	0.0542299349241
lun-	0.0431330084822	0.901737051074	0.0255865367263	0.0295434037178
vit-	0.314268421849	0.495082463308	0.136177939174	0.0544711756695
lib-	0.0562786620754	0.790067103653	0.0803361957423	0.0733180385292
yot-	0.0878477306003	0.909224011713	0.00292825768667	0.0
may-	0.260209123479	0.511151064975	0.0684162521818	0.160223559364
kas-	0.433668645056	0.33653971213	0.0818095208411	0.147982121973
klo-	0.0666062528318	0.824648844585	0.0271862256457	0.081558676937
ebi-	0.0	1.0	0.0	0.0
eim-	0.0177147918512	0.0596397992324	0.0	0.922645408916
gam-	0.0959336265495	0.519945139752	0.0312683813267	0.352852852372
ime-	0.649309257083	0.123875291524	0.0126251141536	0.21419033724
yop-	0.101238164603	0.850206360767	0.0327749453751	0.0157805292547
gad-	0.013206162876	0.973587674248	0.013206162876	0.0
