-ãcũ	0.791505791506	0.208494208494	0.0	0.0
-jãi	0.0517921600794	0.468871398385	0.0441528164678	0.435183625068
-ũro	0.107131435881	0.698326404434	0.052766229613	0.141775930071
-ũri	0.630880268076	0.224255703054	0.0714009537311	0.0734630751386
-ũre	0.308294501398	0.39962721342	0.0911463187325	0.200931966449
-ũra	0.281690140845	0.661971830986	0.0	0.056338028169
-eus	0.0591133004926	0.852216748768	0.0886699507389	0.0
-cas	0.00813669650121	0.983726606998	0.0	0.00813669650121
-car	0.0	1.0	0.0	0.0
-ive	0.108252437246	0.891747562754	0.0	0.0
-rbe	0.00735294117647	0.992647058824	0.0	0.0
-anʉ	0.284657364775	0.430771776012	0.15657506712	0.127995792093
-caz	0.0	1.0	0.0	0.0
-nós	0.0277777777778	0.972222222222	0.0	0.0
-ugʉ	0.237598378367	0.555622282853	0.045554533649	0.161224805131
-ivo	0.0810810810811	0.918918918919	0.0	0.0
-dre	0.320827943079	0.470569210867	0.14553686934	0.0630659767141
-oya	0.372567314688	0.407182917298	0.047981580778	0.172268187236
-idé	0.524578677157	0.413539375674	0.0227931454046	0.0390888017648
-ecã	0.326961502598	0.572532303184	0.0502863993606	0.0502197948581
-̃gõ	0.564870259481	0.294411177645	0.0379241516966	0.102794411178
-erʉ	0.380441680416	0.187925709692	0.25479121716	0.176841392732
-ufo	0.0	1.0	0.0	0.0
-aum	0.00184785956267	0.998152140437	0.0	0.0
-igʉ	0.373238646861	0.197945762399	0.0743633763727	0.354452214367
-ecõ	0.157240522063	0.712865133623	0.0870105655687	0.0428837787446
-nti	0.227086743044	0.587152209493	0.118248772504	0.0675122749591
-nto	0.0290280195921	0.867123281242	0.0418105783516	0.0620381208145
-nta	0.0344041014963	0.153854661983	0.0259730568609	0.78576817966
-ãti	0.364884410451	0.270183965864	0.106121457583	0.258810166103
-nte	0.147101745374	0.701710349659	0.0	0.151187904968
-asʉ	0.154779153418	0.150938470746	0.0061161617601	0.688166214076
-uan	0.0364576920507	0.866998990364	0.0098501025466	0.0866932150383
-ʉcʉ	0.224490156795	0.407559808105	0.21954954493	0.148400490171
-aju	0.171316783766	0.801049120042	0.00961185954506	0.018022236647
-lta	0.0377358490566	0.943396226415	0.0	0.0188679245283
-eña	0.54279959718	0.13326619671	0.0704934541793	0.25344075193
-cre	0.239331026528	0.643886966551	0.0346020761245	0.0821799307959
-pre	0.0	0.997963340122	0.0020366598778	0.0
-arã	0.39065000569	0.261566268653	0.0970511652421	0.250732560415
-eñi	0.772148598073	0.117875329775	0.0269801828333	0.0829958893184
-más	0.00763358778626	0.988549618321	0.00381679389313	0.0
-ĩjʉ	0.184679727053	0.311380145278	0.0818842174775	0.422055910191
-eño	0.656507413509	0.238056013179	0.0296540362438	0.0757825370675
-opo	0.0	0.904572564612	0.0954274353877	0.0
-õco	0.772151898734	0.113924050633	0.0379746835443	0.0759493670886
-zor	0.0	1.0	0.0	0.0
-tín	0.0583203732504	0.832814930016	0.0816485225506	0.0272161741835
-mán	0.0578778135048	0.855305466238	0.0868167202572	0.0
-ope	0.0293091416608	0.947662247034	0.00418702023726	0.0188415910677
-dea	0.0312271285679	0.955273643978	0.00276490200862	0.0107343254452
-dec	0.0529625951672	0.893523115966	0.0171025046894	0.0364117841774
-isĩ	0.405140266124	0.356470887363	0.0949656750572	0.143423171455
-deo	0.000969227041438	0.990307729586	0.0	0.00872304337292
-ima	0.27993600075	0.439938628637	0.0939590139503	0.186166356663
-des	0.0213586097946	0.91140600316	0.0433491311216	0.0238862559242
-ime	0.381206085189	0.428775629542	0.0908879957674	0.0991302895012
-bʉa	0.312102156243	0.267508336156	0.189337105006	0.231052402595
-õĩa	0.449521002211	0.410464259396	0.0884303610906	0.0515843773029
-bʉo	0.413589669541	0.457279590742	0.0379553611948	0.0911753785222
-gõa	0.201192801035	0.739276178385	0.0463019048957	0.0132291156845
-imo	0.0788644702219	0.417855686914	0.0124522847719	0.490827558092
-ĩgã	0.268965517241	0.648275862069	0.0	0.0827586206897
-aúl	0.0	0.972727272727	0.0272727272727	0.0
-lla	0.711159737418	0.224288840263	0.0426695842451	0.0218818380744
-eco	0.291433047315	0.353027003004	0.130864554946	0.224675394736
-obo	0.191842969143	0.036985989755	0.0233759390204	0.747795102082
-rpo	0.0	1.0	0.0	0.0
-idi	0.390516705702	0.239639596578	0.290019597534	0.0798241001864
-rpa	0.0646830530401	0.857409803076	0.0692827368118	0.00862440707201
-eca	0.224067194115	0.493446574822	0.0403916194325	0.24209461163
-ide	0.169538845122	0.552673483071	0.0224187060007	0.255368965806
-llo	0.00940438871473	0.990595611285	0.0	0.0
-ida	0.28795259282	0.306286660554	0.0559335462797	0.349827200347
-ĩgõ	0.103852596315	0.481510114676	0.0883906713052	0.326246617704
-bia	0.269624415985	0.505343705742	0.0925137719179	0.132518106355
-güi	0.287998119196	0.48042788292	0.15399083108	0.0775831668038
-obu	0.486220655099	0.293217036281	0.079521202561	0.141041106059
-eja	0.367579956932	0.329975836092	0.0737512078884	0.228692999087
-ter	0.0	0.980198019802	0.019801980198	0.0
-uta	0.0128730251609	0.881997269358	0.105129705481	0.0
-eje	0.0600359970791	0.0218048808447	0.0154960131027	0.902663108974
-ria	0.0721972018507	0.718152749318	0.0509966351149	0.158653413716
-rio	0.336265488054	0.483220630539	0.0502029261451	0.130310955262
-uti	0.356014858383	0.438142217727	0.0576465239227	0.148196399967
-uto	0.218633895399	0.596456130323	0.156330380109	0.0285795941697
-adʉ	0.0883534136546	0.815261044177	0.0803212851406	0.0160642570281
-tea	0.160674294556	0.815573381109	0.0142513946008	0.00950092973383
-ũña	0.334352701325	0.545361875637	0.0897043832823	0.0305810397553
-ris	0.0408163265306	0.959183673469	0.0	0.0
-utu	0.0581105761249	0.847621155939	0.0142048074972	0.0800634604387
-ũñi	0.615085979063	0.181376169197	0.0381949624687	0.165342889272
-teo	0.0400316529349	0.911790718242	0.0214122794768	0.026765349346
-lux	0.0529287226535	0.947071277347	0.0	0.0
-are	0.155656824475	0.239027394927	0.0373222541131	0.567993526484
-ara	0.109056276246	0.799240764008	0.040148786603	0.051554173143
-mes	0.0	0.957142857143	0.0428571428572	0.0
-aro	0.206026775386	0.3252138043	0.137176504808	0.331582915506
-ari	0.160037066389	0.295303970307	0.0987583225214	0.445900640783
-rón	0.00619514713474	0.969024264326	0.024780588539	0.0
-jia	0.448816580585	0.0462526096708	0.0356855378099	0.469245271935
-aru	0.171694793771	0.669837753307	0.0886166677526	0.0698507851697
-ʉbo	0.0558725242482	0.923343385769	0.00489037411362	0.0158937158693
-mea	0.0	1.0	0.0	0.0
-mec	0.0	1.0	0.0	0.0
-õcã	0.247890295359	0.693037974683	0.0590717299578	0.0
-meo	0.0265957446808	0.973404255319	0.0	0.0
-mei	0.0	1.0	0.0	0.0
-aye	0.0670807352844	0.0452684693891	0.00410455147781	0.883546243849
-aya	0.567134843967	0.317736794858	0.0499378278086	0.0651905333663
-ãca	0.0191589434702	0.0739421936683	0.00990871253387	0.896990150328
-ayo	0.030303030303	0.969696969697	0.0	0.0
-ila	0.0669986419194	0.918062471707	0.0054323223178	0.00950656405615
-ote	0.167751090055	0.715250735574	0.0104728238712	0.1065253505
-ejʉ	0.220028463455	0.376895845521	0.0845175615035	0.318558129521
-ayu	0.172413793103	0.724137931034	0.0689655172414	0.0344827586207
-ucʉ	0.122122127408	0.662995838966	0.0728867438324	0.141995289794
-tre	0.124388254486	0.510603588907	0.0203915171288	0.344616639478
-ʉye	0.578947368421	0.368421052632	0.0	0.0526315789474
-tʉo	0.406666288868	0.130607704207	0.0229074684304	0.439818538494
-ʉya	0.603172742705	0.159979321678	0.0139322315069	0.22291570411
-bás	0.00574437529919	0.988511249402	0.0	0.00574437529918
-aón	0.0343137254902	0.948529411765	0.0171568627451	0.0
-̃cã	0.798206278027	0.134529147982	0.0269058295964	0.0403587443946
-sre	0.168441648337	0.727584759693	0.0354769412099	0.0684966507605
-ocã	0.524757116762	0.352532290134	0.0604742891321	0.0622363039718
-ubu	0.80449657869	0.0513196480938	0.0	0.144183773216
-ere	0.282046831868	0.408106802632	0.0754670945255	0.234379270974
-dán	0.0380564863571	0.916945907133	0.000718046912397	0.0442795595979
-xad	0.0	1.0	0.0	0.0
-uba	0.590767998398	0.261039351156	0.0	0.148192650446
-̃cõ	0.216814159292	0.393805309734	0.203539823009	0.185840707965
-égʉ	0.19957472661	0.657654921021	0.0151883353584	0.127582017011
-mʉa	0.050158527782	0.0566070539456	0.00883339200553	0.884401026267
-ota	0.164411102431	0.61835393594	0.116894903727	0.100340057902
-tán	0.0	1.0	0.0	0.0
-ija	0.295514164738	0.181481403991	0.0408463403928	0.482158090879
-ĩre	0.0409973808655	0.0188613497946	0.00401898255929	0.936122286781
-ijo	0.409374837866	0.282125188136	0.0562980526187	0.252201921379
-oam	0.0	1.0	0.0	0.0
-mʉo	0.412658227848	0.286075949367	0.0329113924051	0.26835443038
-oto	0.425874480774	0.345669020033	0.0773516688412	0.151104830352
-iju	0.621621621622	0.216216216216	0.0	0.162162162162
-uma	0.149087415946	0.747870637208	0.0235670829331	0.0794748639129
-otu	0.68	0.15	0.06	0.11
-eví	0.11566327691	0.864842912375	0.0155950485721	0.00389876214302
-umo	0.831641168119	0.113323754579	0.0183450257673	0.0366900515347
-umi	0.393574297189	0.534136546185	0.0240963855422	0.0481927710843
-oti	0.234026787843	0.188461055851	0.073006610325	0.504505545981
ALL	0.224795387721	0.278686580847	0.052979662669	0.443538368763
-nam	0.0	1.0	0.0	0.0
-ʉgʉ	0.0617690324702	0.537779189227	0.342122667738	0.0583291105651
-aús	0.150943396226	0.849056603774	0.0	0.0
-ícã	0.538461538462	0.461538461538	0.0	0.0
-sio	0.749681634461	0.132329328387	0.0465090526548	0.071479984497
-nas	0.0117416829746	0.981213307241	0.0	0.00704500978473
-sia	0.59077768782	0.176976046277	0.0393957642562	0.192850501647
-ẽro	0.0940746625912	0.831586618019	0.0617886837137	0.0125500356765
-ʉjo	0.116102815493	0.803270229303	0.0364433837521	0.0441835714516
-mos	0.1719038817	0.794824399261	0.0110905730129	0.0221811460259
-mor	0.0454545454545	0.909090909091	0.0454545454545	0.0
-goa	0.371573604061	0.427411167513	0.0609137055838	0.140101522843
-ãcã	0.503647957718	0.37054058712	0.0350433733555	0.0907680818061
-gog	0.0482573726541	0.935656836461	0.0160857908847	0.0
-ũma	0.498661559053	0.389878617252	0.0251996123137	0.0862602113814
-aán	0.0804872743094	0.787470089189	0.0667826843594	0.0652599521427
-ũme	0.799634092486	0.134754905053	0.0	0.0656110024604
-moa	0.347881596913	0.349711093396	0.0351456475465	0.267261662145
-cos	0.0660980810235	0.820895522388	0.0959488272921	0.0170575692964
-gos	0.125922407471	0.874077592529	0.0	0.0
-ocʉ	0.333105450065	0.261888533064	0.0505621555776	0.354443861293
-ãme	0.60098143802	0.313192518313	0.0288741910248	0.056951852642
-ãma	0.246875420134	0.356863363734	0.0843008998462	0.311960316286
-coe	0.641296448816	0.219708347464	0.108957899327	0.0300373043941
-ãcõ	0.513080739738	0.277852954443	0.0947225981056	0.114343707713
-ʉoa	0.495261993839	0.287141445253	0.0720140361077	0.1455825248
-eos	0.0897435897436	0.410256410256	0.5	0.0
-eor	0.0344827586207	0.965517241379	0.0	0.0
-bet	0.00660308143801	0.954512105649	0.0	0.0388848129127
-cob	0.0	0.995051138238	0.0	0.00494886176179
-ibʉ	0.568271587588	0.25741670934	0.0360530846962	0.138258618376
-bel	0.0364315740308	0.952358710883	0.0	0.0112097150864
-bea	0.515566554869	0.183747153192	0.0699673086896	0.23071898325
-yai	0.0645756457564	0.829105166052	0.098016605166	0.00830258302583
-bed	0.296703296703	0.703296703297	0.0	0.0
-cor	0.0	1.0	0.0	0.0
-iso	0.0676337018978	0.103578232402	0.00405943074914	0.824728634951
-õri	0.281839642258	0.130415819395	0.0291251519543	0.558619386393
-reo	0.00341588385993	0.959578707657	0.0267577569029	0.0102476515799
-guẽ	0.2528	0.6768	0.0	0.0704
-õro	0.293623727564	0.485848747093	0.183359964892	0.0371675604511
-ise	0.197591013003	0.433027525963	0.183816207948	0.185565253087
-rea	0.211603984535	0.677886152121	0.065163402769	0.0453464605753
-õre	0.2713348457	0.514163958714	0.104500582465	0.110000613121
-isa	0.215885511196	0.682533576773	0.0649295416004	0.0366513704307
-eve	0.0692986140277	0.0377992440151	0.405291894162	0.487610247795
-mia	0.0797600714239	0.736726928111	0.0783119475994	0.105201052866
-eva	0.051948051948	0.796536796537	0.151515151515	0.0
-ãrʉ	0.42562432139	0.292616720955	0.221498371335	0.0602605863192
-res	0.0140308679094	0.632524888087	0.210797086925	0.142647157079
-isu	0.269922879177	0.647814910026	0.0462724935732	0.0359897172237
-iti	0.120681311944	0.100626039097	0.0435937339681	0.735098914991
-ret	0.010465985547	0.981310740095	0.00373785198106	0.00448542237727
-dia	0.148126195824	0.248533815822	0.121474918892	0.481865069462
-hab	0.0163132137031	0.983686786297	0.0	0.0
-naí	0.0	1.0	0.0	0.0
-rʉo	0.359999126825	0.192407743607	0.308922029113	0.138671100455
-mas	0.0859375	0.9140625	0.0	0.0
-mar	0.0	1.0	0.0	0.0
-ham	0.0588668016801	0.906919482341	0.026663041462	0.00755067451676
-sjʉ	0.138461538461	0.76	0.0507692307692	0.0507692307692
-mai	0.301172883747	0.274495750998	0.113761760122	0.310569605133
-ãmo	0.0550484507197	0.902698235429	0.0023715611142	0.0398817527371
-ãdo	0.493271135299	0.349364136169	0.049888006516	0.107476722016
-jue	0.299248523886	0.639023081052	0.024154589372	0.0375738056898
-ujʉ	0.108309082054	0.771063691432	0.045773512932	0.0748537135819
-oĩa	0.196348451882	0.171617162923	0.0305012266222	0.601533158572
-coa	0.376220339054	0.357502699199	0.187115780302	0.0791611814444
-arʉ	0.458042314441	0.340247663254	0.0816624012032	0.120047621102
-üia	0.458333333333	0.17803030303	0.318181818182	0.0454545454545
-ãmi	0.707735223321	0.0277362873741	0.00860396414683	0.255924525158
-pta	0.078125	0.921875	0.0	0.0
-pto	0.0694653048963	0.856188044458	0.0698407930309	0.0045058576149
-unu	0.614112458655	0.330760749724	0.0551267916208	0.0
-mʉ́	0.0753807259375	0.612045988082	0.165171853368	0.147401432613
-ʉñi	0.357142857143	0.340882694541	0.153890824623	0.148083623693
-gad	0.0	1.0	0.0	0.0
-asã	0.631930653212	0.148811121249	0.0786323868821	0.140625838656
-ada	0.388506376478	0.240062585861	0.118524754709	0.252906282953
-ado	0.591184583246	0.0885895852506	0.0199432800094	0.300282551494
-tro	0.0384263494968	0.215462031107	0.0558096980786	0.690301921317
-gai	0.0	1.0	0.0	0.0
-adi	0.0769861505565	0.364252591287	0.0179542398582	0.540807018298
-ʉto	0.137308224352	0.20186713746	0.0997750491581	0.56104958903
-gau	0.0	1.0	0.0	0.0
-sna	0.213991769547	0.548353909465	0.0432098765432	0.194444444444
-gar	0.0	0.810344827586	0.189655172414	0.0
-ʉti	0.339204255261	0.336634390873	0.0925814600322	0.231579893833
-ana	0.287086495405	0.254049739208	0.0876407188355	0.371223046552
-ʉcã	0.764062102316	0.105624840926	0.0977347925682	0.0325782641894
-seo	0.0511084731625	0.873951682762	0.0391157881228	0.035824055953
-ini	0.348810536831	0.137204484073	0.0813940582337	0.432590920863
-ecʉ	0.276170152474	0.650064784188	0.0610155462175	0.0127495171201
-obʉ	0.534034472685	0.26341415912	0.0535592560133	0.148992112182
-ũja	0.509171915174	0.272291781575	0.12723407413	0.0913022291208
-ino	0.0611870415027	0.903862613977	0.0164834305859	0.0184669139344
-ina	0.226274917851	0.572684400271	0.056300913279	0.144739768599
-uis	0.0	1.0	0.0	0.0
-iĩa	0.627176448611	0.161015284836	0.00804717175443	0.203761094798
-sea	0.0102185637241	0.989781436276	0.0	0.0
-món	0.0236023363929	0.959232328049	0.00603965510391	0.0111256804546
-ũju	0.881856540084	0.029535864979	0.0443037974683	0.0443037974683
-uim	0.0	1.0	0.0	0.0
-erã	0.155811643311	0.232397292346	0.12419263626	0.487598428084
-ser	0.0	0.981398332264	0.0	0.0186016677357
-ugõ	0.745762711864	0.203389830509	0.0508474576271	0.0
-dón	0.0	1.0	0.0	0.0
-són	0.0152542372882	0.964406779661	0.0203389830508	0.0
-rla	0.0	0.99375	0.00625	0.0
-edi	0.384139625256	0.226322245063	0.033478886389	0.356059243292
-edo	0.0714251053361	0.845751507123	0.0281859695819	0.0546374179587
-rso	0.0	1.0	0.0	0.0
-neo	0.0	0.908256880734	0.0	0.091743119266
-ugã	0.515151515152	0.17316017316	0.103896103896	0.207792207792
-eoa	0.241467576792	0.395051194539	0.0716723549488	0.29180887372
-ias	0.00886699507389	0.991133004926	0.0	0.0
-tʉ̃	0.0504201680672	0.949579831933	0.0	0.0
-imʉ	0.0997361280224	0.205201867163	0.0620392986144	0.633022706201
-ʉño	0.5424104317	0.00778579567034	0.370426636283	0.0793771363464
-ooz	0.0325203252032	0.967479674797	0.0	0.0
-ocũ	0.476681127983	0.353036876356	0.0748373101952	0.0954446854664
-eón	0.096080016165	0.888765407153	0.0151545766822	0.0
-ban	0.115069004103	0.648389904265	0.0615441999254	0.174996891707
-ãni	0.121750612317	0.251547030384	0.0151051525598	0.611597204739
-ĩja	0.342592627229	0.0342895939789	0.0268735551349	0.596244223657
-bai	0.271095152603	0.362657091562	0.032315978456	0.333931777379
-eñʉ	0.0	0.916666666667	0.0833333333333	0.0
-ĩji	0.428923971791	0.0901573312186	0.0332008545751	0.447717842415
-aré	0.0	1.0	0.0	0.0
-ʉ̃o	0.789029535865	0.147679324895	0.0	0.0632911392405
-õcʉ	0.361724202981	0.372099603848	0.217883418223	0.0482927749481
-uji	0.24646827999	0.260678785083	0.0300639958961	0.46278893903
-joe	0.104103525851	0.0281636854031	0.00915329945934	0.858579489287
-bas	0.0	1.0	0.0	0.0
-ʉ̃a	0.358046634934	0.438753991685	0.00873651864795	0.194462854733
-que	0.0293314710177	0.912005586947	0.0586629420355	0.0
-isi	0.414315505397	0.439708047105	0.032200686948	0.113775760549
-asa	0.0934213388198	0.28896353195	0.0167734410482	0.600841688182
-aso	0.339768040053	0.331014167382	0.0615876133046	0.26763017926
-asi	0.360448568109	0.29804197503	0.0912442588152	0.250265198046
-ʉco	0.119798065669	0.660478982642	0.169617850343	0.0501051013456
-lti	0.24917959842	0.688525501975	0.0	0.0622948996051
-dro	0.0552381940917	0.865216730489	0.0059682902146	0.0735767852046
-ʉca	0.127958328615	0.349224323406	0.210281961273	0.312535386706
-tẽo	0.582508038585	0.240205787781	0.0325144694533	0.14477170418
-ras	0.104300091491	0.859103385178	0.0	0.0365965233303
-eri	0.109405675794	0.393677034594	0.0893641517077	0.407553137905
-ram	0.0	1.0	0.0	0.0
-uía	0.0344431687715	0.963260619977	0.0	0.00229621125144
-red	0.0	1.0	0.0	0.0
-ero	0.275521699044	0.093317955955	0.103165116409	0.527995228592
-era	0.278640021181	0.587265777343	0.0175821144645	0.116512087012
-uío	0.0	1.0	0.0	0.0
-rac	0.0	1.0	0.0	0.0
-ĩmo	0.914499036609	0.018063583815	0.0	0.0674373795761
-dos	0.15766969535	0.0427578834848	0.0	0.799572421165
-wʉo	0.304054054054	0.635135135135	0.0202702702703	0.0405405405406
-aén	0.0	0.979591836735	0.0204081632653	0.0
-ũrʉ	0.140312028183	0.600201308505	0.0230498238551	0.236436839456
-pos	0.037037037037	0.958024691358	0.00493827160493	0.0
-añi	0.422098355082	0.331514705821	0.0704594228604	0.175927516237
-ĩda	0.755357681859	0.115152429822	0.129489888319	0.0
-ugo	0.202959830867	0.797040169133	0.0	0.0
-nre	0.148165795103	0.733068236853	0.0178018560675	0.100964111976
-aza	0.034158084069	0.791006459315	0.106069840004	0.0687656166124
-uju	0.111472021261	0.761774693636	0.109257345342	0.0174959397608
-ĩsi	0.317019112836	0.25310915505	0.0618814429731	0.36799028914
-aat	0.0	1.0	0.0	0.0
-nor	0.0	1.0	0.0	0.0
-lao	0.324607329843	0.659685863874	0.0	0.0157068062827
-aam	0.0522935779816	0.933027522936	0.0110091743119	0.00366972477063
-uja	0.411048248722	0.332381645755	0.0673320122621	0.189238093262
-fos	0.0	1.0	0.0	0.0
-uje	0.354731980281	0.224386019452	0.169205489186	0.251676511081
-ʉgõ	0.218511934992	0.455815134586	0.166645505333	0.159027425089
-las	0.0103896103896	0.98961038961	0.0	0.0
-noa	0.252658287351	0.300185601353	0.0565339642033	0.390622147093
-noc	0.051062655258	0.777808446039	0.133038918024	0.038089980679
-aac	0.0	0.997447894513	0.00255210548703	0.0
-õrʉ	0.216216216216	0.220720720721	0.346846846847	0.216216216216
-eti	0.246204433181	0.30306231963	0.1303611343	0.320372112889
-boa	0.29967609047	0.234719782391	0.139781800588	0.325822326551
-gel	0.0421642735377	0.90912954412	0.0121765455856	0.0365296367569
-cũa	0.303117505995	0.437410071942	0.0495603517186	0.209912070344
-fán	0.0311526479751	0.968847352025	0.0	0.0
-ãro	0.362546669287	0.367950481431	0.135586559245	0.133916290037
-aĩa	0.852540272615	0.0408921933086	0.0470879801735	0.0594795539033
-tĩa	0.0579010856453	0.503015681544	0.32328106152	0.115802171291
-ãri	0.277909879019	0.532189959229	0.0741289900465	0.115771171706
-ges	0.0267857142857	0.946428571429	0.0267857142857	0.0
-ãre	0.189991884534	0.457037734751	0.10716064273	0.245809737984
-doc	0.0	1.0	0.0	0.0
-sas	0.0768194070081	0.753369272237	0.0970350404312	0.0727762803235
-sar	0.158798283262	0.815450643777	0.00858369098714	0.0171673819743
-vos	0.0769743620825	0.917570761864	0.0	0.00545487605311
-íre	0.131606415403	0.850857991518	0.0	0.0175355930788
-ũna	0.48	0.485714285714	0.0171428571428	0.0171428571429
-tol	0.121254330512	0.809100325012	0.0478588521019	0.0217864923747
-ũjũ	0.492462311558	0.462311557789	0.0301507537688	0.0150753768844
-ãmʉ	0.386586928663	0.39128577531	0.132422041862	0.0897052541648
-ibo	0.523636363636	0.156363636364	0.174545454545	0.145454545455
-tor	0.216572504708	0.613935969868	0.112994350282	0.0564971751412
-tos	0.0733336681902	0.203877643277	0.0502285398564	0.672560148676
-ibe	0.419111908703	0.356434237534	0.078946468276	0.145507385487
-ũrã	0.61116751269	0.270812182741	0.0847715736042	0.0332487309644
-iba	0.50060525265	0.270088885058	0.0460831000562	0.183222762236
-sam	0.0	1.0	0.0	0.0
-ãgõ	0.15099464728	0.570983462491	0.0671087321243	0.210913158105
-tĩo	0.618243243243	0.341216216216	0.0101351351351	0.0304054054054
-iel	0.0456439050896	0.93914145988	0.0152146350299	0.0
-loi	0.0	0.977777777778	0.0222222222222	0.0
-loc	0.0	0.925	0.075	0.0
-ucõ	0.118226600985	0.714285714286	0.167487684729	0.0
-oce	0.090710427576	0.265245536635	0.0272131282728	0.616830907516
-iez	0.177788844622	0.355079681275	0.0522908366534	0.41484063745
-oca	0.281566236045	0.235682998201	0.0468333058254	0.435917459929
-roa	0.16344284106	0.590420632484	0.16272643537	0.0834100910859
-ucã	0.412387376299	0.307715031264	0.0393875240018	0.240510068436
-rom	0.0	1.0	0.0	0.0
-oco	0.268345858172	0.609824476283	0.0319802872055	0.0898493783394
-ãra	0.0295760856222	0.928948878478	0.016672233594	0.0248028023056
-ĩbo	0.652737005699	0.129683992402	0.0	0.217579001899
-los	0.0381709741551	0.942743538767	0.00954274353877	0.00954274353877
-̃cʉ	0.470769230769	0.455384615385	0.0369230769231	0.0369230769231
-ʉga	0.452012383901	0.270123839009	0.110681114551	0.167182662539
-ipo	0.0192307692308	0.980769230769	0.0	0.0
-ión	0.0259019426457	0.956570426993	0.00876381518088	0.00876381518087
-ére	0.108906695675	0.861431724609	0.0115104637705	0.0181511159458
-ipa	0.0	0.934517933531	0.00691016781838	0.0585718986509
-húm	0.0	1.0	0.0	0.0
-ipe	0.0179444949731	0.97320616504	0.0	0.00884933998672
-imi	0.468511696113	0.380735138511	0.0358669241044	0.114886241272
-rdo	0.0312283136711	0.757113115892	0.211658570437	0.0
-wẽa	0.229743589744	0.69641025641	0.0430769230769	0.0307692307692
-otʉ	0.123412627437	0.797174029691	0.0794133428725	0.0
-awa	0.125353186294	0.335038516881	0.524227537771	0.0153807590544
-ẽma	0.506757153345	0.132874540941	0.0206910031988	0.339677302515
-ijʉ	0.427579099228	0.205800921356	0.03402236525	0.332597614166
-jua	0.352202612971	0.221416958847	0.0446594715296	0.381720956653
-gʉa	0.0868967474169	0.109269103066	0.00526477820216	0.798569371315
-oñi	0.465234027709	0.30418024504	0.101567466708	0.129018260542
-ãrã	0.450188260179	0.240392211055	0.0758789264836	0.233540602283
-oña	0.476574187333	0.334244054513	0.105545512605	0.0836362455483
-tia	0.463584763325	0.319682734588	0.0335662806801	0.183166221406
-sẽa	0.42459493145	0.538014125467	0.0124636476942	0.0249272953885
-ido	0.0380952380952	0.72380952381	0.0380952380952	0.2
-sẽo	0.433824591822	0.261667389106	0.103308770409	0.201199248663
-saú	0.176506390749	0.642118076689	0.0383444917833	0.143031040779
-̃ro	0.0571546831435	0.844828854434	0.0199925155447	0.0780239468783
-sto	0.0401441518213	0.873261353712	0.00770917138635	0.0788853230802
-sti	0.0172910662824	0.170989433237	0.0	0.81171950048
-̃re	0.320082934665	0.26140791561	0.0811017558324	0.337407393893
-ãcʉ	0.483104805063	0.312317937678	0.0474202444505	0.157157012808
-sta	0.0	0.735294117647	0.264705882353	0.0
-saí	0.0	1.0	0.0	0.0
-ʉri	0.108435895157	0.697682111814	0.045824412298	0.148057580731
-ocõ	0.144821987408	0.276180378133	0.0878729180977	0.491124716362
-loé	0.0891573841178	0.833026410349	0.0	0.0778162055336
-quĩ	0.446738782546	0.174639776519	0.034311988498	0.344309452436
-ián	0.025641025641	0.897435897436	0.0769230769231	0.0
-ucu	0.391356542617	0.33893557423	0.0432172869148	0.226490596239
-iás	0.335463258786	0.597444089457	0.0	0.0670926517572
-eya	0.553154177923	0.248732167401	0.0516138205602	0.146499834115
-uca	0.601796407186	0.257146421443	0.034751924722	0.10630524665
-ebʉ	0.365510777882	0.634489222118	0.0	0.0
-̃na	0.0816326530612	0.204081632653	0.0	0.714285714286
-mua	0.356294536817	0.451306413302	0.166270783848	0.0261282660333
-lem	0.0547945205479	0.945205479452	0.0	0.0
-lea	0.00361438978935	0.979669057435	0.0140057604337	0.00271079234201
-ioa	0.507418397626	0.327151335312	0.0771513353116	0.0882789317508
-ʉjʉ	0.0917322017499	0.662041930861	0.0367042409288	0.20952162646
-leg	0.0	1.0	0.0	0.0
-amʉ	0.297498558649	0.311264855214	0.321270620618	0.0699659655192
-sʉo	0.25	0.375	0.0416666666667	0.333333333333
-icũ	0.183908045977	0.540229885057	0.275862068966	0.0
-ios	0.115444612564	0.588582090337	0.00818259676179	0.287790700337
-sʉa	0.553571428571	0.107142857143	0.214285714286	0.125
-les	0.0574184657786	0.864492420763	0.0	0.0780891134589
-sõa	0.0618190584265	0.752147556695	0.0567978033479	0.129235581531
-uni	0.246663489037	0.544804575786	0.105457578646	0.10307435653
-eel	0.0	1.0	0.0	0.0
-rra	0.0162675101672	0.97017623136	0.00542250338907	0.00813375508359
-osã	0.319749216301	0.515218930124	0.103144908484	0.0618869450905
-rro	0.0354106367583	0.948308610709	0.0135672937771	0.00271345875543
-úre	0.0794251134644	0.920574886536	0.0	0.0
-ʉrã	0.164138615715	0.55397917043	0.0678626856857	0.21401952817
-gio	0.00725426187884	0.960101559666	0.0326441784548	0.0
-udá	0.0235384151574	0.966721550984	0.00974003385821	0.0
-ndo	0.0	0.96875	0.03125	0.0
-ojʉ	0.174556554186	0.500900312963	0.03301163446	0.291531498391
-emo	0.198519174788	0.554043791925	0.091760536641	0.155676496646
-gia	0.0	0.933774834437	0.0662251655629	0.0
-ala	0.0	1.0	0.0	0.0
-ñia	0.609642021946	0.28332433891	0.0104934940337	0.09654014511
-ajʉ	0.203199860647	0.553730357084	0.0406686675888	0.202401114679
-osé	0.0432082095598	0.936267890899	0.00648123143397	0.0140426681069
-ñio	0.0937409864436	0.704355350447	0.175944620709	0.0259590423998
-obe	0.529938171168	0.350471851611	0.0585746827205	0.0610152945005
-una	0.218228009836	0.557222791765	0.0330759866709	0.191473211729
-ína	0.179078809631	0.761477493644	0.0317780768656	0.0276656198594
-yoa	0.217026907808	0.274591971769	0.168945743273	0.33943537715
-abé	0.0393597909521	0.925036746693	0.0160052261963	0.0195982361588
-ãna	0.0915935307453	0.144130016238	0.031691095358	0.732585357659
-cho	0.022477923468	0.048434573187	0.05619480867	0.872892694675
-ien	0.00691913833665	0.0855205498408	0.0257545704753	0.881805741347
-osʉ	0.502793296089	0.262569832402	0.100558659218	0.134078212291
-oje	0.241476657617	0.57225895638	0.0310621075598	0.155202278443
-oré	0.0	0.958960328317	0.0410396716826	0.0
-elo	0.0740740740741	0.925925925926	0.0	0.0
-ogo	0.266469443575	0.618325927859	0.0907193167842	0.024485311782
-oga	0.110208496546	0.773153918287	0.0125673622487	0.104070222919
-orã	0.321805846282	0.329037221211	0.114835057192	0.234321875316
-ela	0.0	0.972972972973	0.027027027027	0.0
-iya	0.466524778159	0.285393619125	0.0874868958938	0.160594706822
-acʉ	0.354787461734	0.479200185053	0.0257734850959	0.140238868117
-jẽa	0.205270911769	0.636601735145	0.0258634801113	0.132263872974
-ñoa	0.335593220339	0.528813559322	0.0813559322034	0.0542372881355
-jaʉ	0.42472024415	0.28992878942	0.153102746694	0.132248219736
-ito	0.0159642350398	0.0095885394014	0.00149371432551	0.972953511233
-tes	0.0	0.751037344398	0.248962655602	0.0
-eso	0.031799425906	0.912136706136	0.00538213132401	0.0506817366344
-lás	0.105726872247	0.894273127753	0.0	0.0
-esa	0.336865013084	0.384641466778	0.112116476333	0.166377043805
-ite	0.385333675622	0.278390037899	0.0417883822744	0.294487904205
-ese	0.255390396742	0.558807488962	0.0417249661344	0.144077148162
-ita	0.0630214362413	0.343052833722	0.0116294066425	0.582296323394
-ʉro	0.398123554108	0.343115414275	0.180361579985	0.0783994516323
-spe	0.0359878669478	0.944818604013	0.0191935290388	0.0
-udu	0.726269315673	0.264900662252	0.00883002207507	0.0
-fté	0.0	1.0	0.0	0.0
-ʉre	0.171603596673	0.212005779918	0.0323337663067	0.584056857102
-ʉra	0.0337394564199	0.921274601687	0.0449859418931	0.0
-spo	0.0	1.0	0.0	0.0
-fas	0.018927444795	0.96214511041	0.018927444795	0.0
-bra	0.0213310580205	0.948805460751	0.0298634812287	0.0
-nʉa	0.449534593998	0.323859780616	0.132936970151	0.0936686552349
-bre	0.145519203414	0.795803698435	0.0469416785206	0.0117354196302
-udi	0.359577725344	0.152434795049	0.0560562561157	0.431931223491
-abu	0.0183486238532	0.954128440367	0.0275229357798	0.0
-rim	0.0	1.0	0.0	0.0
-gua	0.875197472354	0.104265402844	0.00947867298579	0.0110584518167
-rẽo	0.859154929577	0.0422535211268	0.0211267605634	0.0774647887324
-áma	0.345627688887	0.22163677672	0.0565572581814	0.376178276212
-aba	0.145249806686	0.3931039548	0.0505186974828	0.411127541031
-ʉmʉ	0.0922217998469	0.591022554282	0.00898008033636	0.307775565535
-tra	0.0	0.973333333333	0.0133333333333	0.0133333333333
-abo	0.135490606581	0.703498295872	0.0580011158309	0.103009981716
-lot	0.0841778994487	0.847494752415	0.0436055333569	0.0247218147792
-tua	0.449919943071	0.295499021526	0.178260096068	0.0763209393346
-nco	0.104718066743	0.0345224395857	0.0644418872267	0.796317606444
-ojo	0.112196821336	0.410603128259	0.0866013578798	0.390598692525
-tue	0.129921259843	0.858267716535	0.0	0.011811023622
-abe	0.441040749117	0.388572812686	0.110244807144	0.0601416310526
-oba	0.470374670273	0.355427960718	0.124068629726	0.0501287392831
-nce	0.107621009269	0.596807415036	0.043254376931	0.252317198764
-ogõ	0.256556442417	0.384264538198	0.333523375143	0.0256556442417
-ael	0.0189055137637	0.928048276432	0.00347193519054	0.0495742746135
-ũmʉ	0.501484938481	0.473058973271	0.0	0.0254560882478
-ori	0.157931153891	0.626796539195	0.103550159337	0.111722147577
-oro	0.225545613811	0.317196985631	0.21738927334	0.239868127218
-ũcʉ	0.594150503343	0.258947677109	0.0474704569719	0.0994313625761
-elí	0.0148331273177	0.970333745365	0.0	0.0148331273177
-ẽña	0.586541942198	0.266963432469	0.0379868197203	0.108507805613
-ora	0.225496995233	0.620665844663	0.0921412627251	0.061695897379
-soa	0.285649450849	0.210747027321	0.0258691113733	0.477734410457
-ʉcõ	0.259031610637	0.101856497742	0.143000501756	0.496111389865
-ore	0.168337688362	0.519680503915	0.0417306655984	0.270251142125
-́re	0.25509795013	0.235988988962	0.111045781329	0.397867279579
-jea	0.144592786776	0.420365283995	0.257503894799	0.17753803443
-lix	0.0405626431141	0.947661105659	0.00785083415115	0.00392541707555
-jeo	0.226285386929	0.532763641572	0.0730414856543	0.167909485845
-rut	0.0705882352941	0.929411764706	0.0	0.0
-jʉa	0.174604956649	0.186555801667	0.0697348052159	0.569104436469
-ico	0.0490837696335	0.923429319372	0.0274869109948	0.0
-lim	0.0454545454545	0.954545454545	0.0	0.0
-omi	0.474912798498	0.444593506842	0.0563455862624	0.0241481083982
-lio	0.11661125927	0.780002191941	0.0401855843349	0.063200964454
-omo	0.596774193548	0.382187938289	0.00841514726508	0.0126227208976
-sué	0.0503637381085	0.932848349189	0.0	0.0167879127029
-̃ja	0.434537932713	0.339478006935	0.118482691489	0.107501368863
-uñi	0.390674378391	0.198755788762	0.258640907916	0.15192892493
-oma	0.111915734036	0.838819398727	0.0307219662058	0.0185429010314
-rua	0.127867619406	0.841293719443	0.0172997367431	0.0135389244077
-lia	0.00369003690037	0.90036900369	0.0885608856088	0.00738007380074
-ica	0.145339652061	0.789909990806	0.0360579403773	0.0286924167552
-eas	0.0200729927007	0.81204379562	0.0328467153284	0.13503649635
-ũcõ	0.528350515464	0.10824742268	0.00773195876288	0.355670103093
-mjʉ	0.0355731225296	0.961462450593	0.0	0.00296442687747
-lna	0.101063829787	0.835106382979	0.0638297872341	0.0
-abi	0.327102803738	0.514018691589	0.11214953271	0.0467289719626
-oda	0.382943214823	0.268471387927	0.0283928440783	0.320192553171
-ode	0.352528500438	0.518269511839	0.0292312189418	0.0999707687811
-rna	0.0	1.0	0.0	0.0
-ĩna	0.0598293542178	0.0298322489451	0.000692712514919	0.909645684322
-rno	0.096311748258	0.754560383472	0.138771766307	0.0103561019632
-zar	0.0	1.0	0.0	0.0
-sĩa	0.550470753108	0.22985959206	0.0288535748127	0.190816080019
-rni	0.0	1.0	0.0	0.0
-odo	0.177323656219	0.614010190704	0.032707564638	0.175958588439
-zer	0.0	1.0	0.0	0.0
-uri	0.102610483112	0.754574583426	0.0646813137916	0.07813361967
-ber	0.0	1.0	0.0	0.0
-wea	0.489673550966	0.44037308461	0.0199866755496	0.049966688874
-jio	0.451806128785	0.493772599437	0.0208188757807	0.0336023959969
-xre	0.387543252595	0.550173010381	0.0311418685121	0.0311418685121
-õti	0.193273536259	0.192180815988	0.120047933544	0.494497714209
-õto	0.634770748085	0.365229251915	0.0	0.0
-egʉ	0.430301356129	0.425357366859	0.090693489259	0.0536477877533
-lre	0.345714979364	0.540179655256	0.0716193250789	0.0424860403011
-íja	0.278350515464	0.721649484536	0.0	0.0
-nio	0.015625	0.984375	0.0	0.0
-pai	0.166741408129	0.715846548983	0.073382526805	0.044029516083
-pan	0.112236944661	0.887763055339	0.0	0.0
-noé	0.0	1.0	0.0	0.0
-cõa	0.439657803845	0.316224299077	0.0594551447788	0.184662752299
-ójʉ	0.04	0.96	0.0	0.0
-agʉ	0.362179762891	0.221547088669	0.0964965029211	0.319776645519
-ãja	0.274521564194	0.214808125501	0.032274277009	0.478396033297
-õjʉ	0.175682361744	0.245178689951	0.0669022947337	0.512236653572
-pas	0.0924295774648	0.907570422535	0.0	0.0
-wai	0.0717857142857	0.815178571429	0.00482142857142	0.108214285714
-ãji	0.271864359717	0.110238736493	0.0380262308616	0.579870672928
-icõ	0.159894166009	0.561100496157	0.0602937396534	0.218711598181
-icó	0.0	1.0	0.0	0.0
-sem	0.0	1.0	0.0	0.0
-omé	0.0	0.960996749729	0.0065005417118	0.032502708559
-õcõ	0.0657894736842	0.815789473684	0.0315789473684	0.0868421052632
-icã	0.357944085426	0.179751966907	0.0580803879868	0.404223559681
-sua	0.384555865057	0.387960383782	0.00928505106778	0.218198700093
-año	0.201125468945	0.667569820759	0.112546894539	0.0187578157565
-ãto	0.201278422953	0.206157899873	0.198057968186	0.394505708988
-zín	0.0	0.890724146282	0.0546379268588	0.0546379268588
-fes	0.422174840085	0.432835820895	0.144989339019	0.0
-dio	0.0520298118528	0.723489634971	0.117591476874	0.106889076302
-aña	0.351464799695	0.443764529619	0.0966097274233	0.108160943262
-ãta	0.196127156378	0.146830998883	0.0266209772599	0.630420867479
-dis	0.0	1.0	0.0	0.0
-feo	0.0	1.0	0.0	0.0
-ãjʉ	0.444145460137	0.328361651419	0.117244560621	0.110248327823
-sli	0.0	1.0	0.0	0.0
-sús	0.0139791002311	0.500695191119	0.00234359087257	0.482982117777
-sec	0.0	1.0	0.0	0.0
-urã	0.267936483518	0.445700338309	0.0871080110945	0.199255167078
-̃ta	0.0959587416949	0.754047884025	0.0549169845755	0.0950763897044
-soe	0.384909139768	0.559953454316	0.0336519378832	0.0214854680331
-õma	0.40243902439	0.463414634146	0.0	0.134146341463
-õmo	0.491228070176	0.473684210526	0.0350877192983	0.0
-õmi	0.0357142857143	0.910714285714	0.0	0.0535714285714
-ẽto	0.032926320702	0.0604489091463	0.0477416439375	0.858883126214
-irʉ	0.419664981365	0.22315905656	0.0395152466998	0.317660715376
-cʉ̃	0.321708570333	0.277799801605	0.030316402159	0.370175225903
-́na	0.33287482806	0.276249426869	0.0653370013755	0.325538743695
-jũa	0.892307692308	0.107692307692	0.0	0.0
-aia	0.0906197287963	0.690910418704	0.190612069687	0.0278577828126
-ãjã	0.669781931464	0.0872274143301	0.0747663551401	0.168224299065
-tio	0.346504559271	0.562310030395	0.0911854103344	0.0
-lón	0.0	1.0	0.0	0.0
-eme	0.116788321168	0.0875912408759	0.795620437956	0.0
-acõ	0.177842261905	0.303958333333	0.110833333333	0.407366071429
-ẽta	0.391535210497	0.157634147585	0.0165165703672	0.434314071552
-oni	0.377708501139	0.301734685846	0.0814585157544	0.239098297261
-itu	0.0215916099456	0.940556163976	0.0298231851945	0.00802904088429
-rĩa	0.0563060025905	0.88870278039	0.0169103426249	0.0380808743945
-wẽo	0.109689213894	0.890310786106	0.0	0.0
-ʉgo	0.696421391234	0.197024527543	0.0985122637716	0.00804181745075
-emi	0.286764705882	0.713235294118	0.0	0.0
-acã	0.46249740085	0.319791605686	0.0872009955011	0.130509997963
-orʉ	0.210249039397	0.435336375533	0.0328993316022	0.321515253468
-ĩña	0.448554913295	0.132947976879	0.305202312139	0.113294797688
-uĩa	0.301075268817	0.295698924731	0.0591397849463	0.344086021505
-das	0.0526768268855	0.902930832356	0.000937866354045	0.0434544744041
-jai	0.283404626037	0.269264728511	0.139398055543	0.307932589909
-́ye	0.0266127839929	0.918387462422	0.0369621999901	0.0180375535952
-set	0.0	1.0	0.0	0.0
-cio	0.0417471790835	0.936794770868	0.0189532193039	0.00250483074501
-dam	0.0	1.0	0.0	0.0
-cia	0.02442002442	0.959151959152	0.010434010434	0.005994005994
-ʉma	0.346924798597	0.553989588001	0.0616264180916	0.0374591953106
-ʉme	0.425482625483	0.34749034749	0.140540540541	0.0864864864865
-zas	0.0	0.953125	0.046875	0.0
-cis	0.0	0.948275862069	0.0517241379311	0.0
-abʉ	0.428017291834	0.307269109212	0.111089135287	0.153624463667
-njʉ	0.025530352718	0.934183778882	0.000655184415347	0.0396306839848
-ane	0.184700490785	0.247743089565	0.0437828999241	0.523773519726
-ʉdo	0.0567901234568	0.891358024691	0.0296296296297	0.0222222222222
-̃ti	0.22124883963	0.183386432617	0.090727941431	0.504636786322
-ʉdi	0.249947868599	0.16585924038	0.0882765407046	0.495916350316
-ĩoa	0.809902960936	0.0855934312018	0.0	0.104503607863
-blo	0.0920554522021	0.65431976006	0.0108084224941	0.242816365244
-ʉda	0.642015234882	0.276565989415	0.0138975687995	0.0675212069034
-eta	0.143531150523	0.838847203274	0.0142110050023	0.00341064120055
-rce	0.0	0.03359462486	0.0	0.96640537514
-ete	0.291642200039	0.264239577217	0.0391466040321	0.404971618712
-lis	0.0166898470098	0.849791376912	0.0166898470097	0.116828929068
-eto	0.20375972053	0.215882441499	0.0584482463465	0.521909591624
-rco	0.0105263157895	0.989473684211	0.0	0.0
-igã	0.386340117282	0.425664022077	0.0344946533287	0.153501207313
-atu	0.287718697659	0.56669794001	0.122596515647	0.0229868466838
-ẽjo	0.0	1.0	0.0	0.0
-uya	0.356227896745	0.539973824177	0.0735846954972	0.0302135835816
-ías	0.0469278466742	0.907891770011	0.0114853438557	0.0336950394588
-bua	0.51147697581	0.233557160116	0.134436546512	0.120529317562
-mén	0.379537953795	0.452145214521	0.158415841584	0.00990099009901
-ebú	0.0560344827586	0.939655172414	0.00431034482759	0.0
-ate	0.538087964827	0.255860901276	0.0484086765019	0.157642457395
-weo	0.448328267477	0.42502532928	0.119047619048	0.00759878419452
-igõ	0.363791857739	0.397042126838	0.0404016573527	0.198764358071
-ata	0.357746536978	0.585022417993	0.0273028838671	0.029928161162
-amá	0.0293378038558	0.970662196144	0.0	0.0
-ato	0.16616512413	0.447502309385	0.0657582241782	0.320574342307
-sũa	0.0	0.0	1.0	0.0
-ati	0.325355095894	0.182595481193	0.0732207788603	0.418828644052
-õno	0.109507640068	0.113752122241	0.0713073005094	0.705432937182
-osa	0.342370504879	0.567468480997	0.0248244474837	0.065336566641
-ulo	0.0659336359368	0.806953357333	0.00469557051182	0.122417436219
-oso	0.0	1.0	0.0	0.0
-õna	0.255638500707	0.335223929265	0.104851159161	0.304286410867
-nes	0.0370624571036	0.792038435141	0.0411805078929	0.129718599863
-ogʉ	0.340513416875	0.468861813461	0.0806361959871	0.109988573677
-lén	0.0194417599909	0.949235404468	0.00341083508612	0.0279120004548
-nia	0.150332076479	0.68984613736	0.0417106828912	0.118111103269
-ena	0.300605080145	0.291670171954	0.0870370442961	0.320687703605
-aca	0.177184228715	0.649423640651	0.0679469377537	0.10544519288
-õñi	0.283674257044	0.416055576997	0.179467387109	0.12080277885
-bue	0.0199203187251	0.956175298805	0.0159362549801	0.00796812749003
-ũcã	0.490076861305	0.185270161753	0.0504760812206	0.274176895721
-ice	0.081523321493	0.850540577263	0.0516314369456	0.0163046642986
-ãña	0.253192897806	0.444698796942	0.160354579968	0.141753725284
-ajo	0.151754040205	0.124950729208	0.723295230587	0.0
-aji	0.248380055814	0.230463943659	0.0790027326706	0.442153267857
-aje	0.130349686626	0.135131090048	0.271944999581	0.462574223745
-cʉa	0.315742877072	0.461125717659	0.0830874067714	0.140043998498
-aja	0.340021128356	0.209361331717	0.0687440143528	0.381873525575
-rug	0.0	1.0	0.0	0.0
-nón	0.0	0.966666666667	0.0333333333333	0.0
-ría	0.00472830435731	0.914017603841	0.0168764093984	0.0643776824034
-ome	0.122425027318	0.795823384192	0.0526124084342	0.0291391800558
