jer-	0.0176940755354	0.975289308304	0.00231853403567	0.00469808212492
gél-	0.394226753448	0.387175101123	0.186451359337	0.0321467860925
ris-	0.0	1.0	0.0	0.0
tut-	0.0280112044818	0.84593837535	0.126050420168	0.0
siu-	0.465026650552	0.294797976711	0.110205233288	0.129970139449
hem-	0.0	0.922480620155	0.0775193798449	0.0
lur-	0.528155809053	0.161260530889	0.178590793904	0.131992866154
del-	0.0594881872678	0.845090797408	0.0765315490253	0.0188894662988
ju--	0.29756097561	0.607317073171	0.0520325203252	0.0430894308943
maa-	0.0	1.0	0.0	0.0
jac-	0.008547008547	0.96114996115	0.013209013209	0.017094017094
gèh-	0.0726825594804	0.602663968183	0.303285246982	0.0213682253548
dàp-	0.151742687437	0.247002129329	0.366132466659	0.235122716575
pro-	0.0213008095167	0.955208176762	0.0117669794507	0.0117240342702
bèh-	0.136428770056	0.783366282371	0.0146168617017	0.0655880858711
yín-	0.703099510604	0.231647634584	0.0489396411093	0.0163132137031
hép-	0.454751131222	0.486425339367	0.0452488687783	0.0135746606335
eji-	0.0523029682702	0.854042988741	0.0822927328557	0.0113613101331
jìr-	0.210526315789	0.614035087719	0.175438596491	0.0
ta--	0.321126104391	0.353388462754	0.212725245836	0.112760187019
joe-	0.04	0.96	0.0	0.0
nyu-	0.164631209523	0.481886852357	0.299236259484	0.0542456786354
húr-	0.377391304348	0.601739130435	0.0104347826087	0.0104347826087
yuo-	0.193548387097	0.806451612903	0.0	0.0
lùl-	0.0342167808266	0.899726631763	0.0110203514843	0.0550362359264
dìl-	0.132873201514	0.354596176007	0.0418315567647	0.470699065714
rac-	0.164451827243	0.805647840532	0.0	0.0299003322259
mbò-	0.119872463764	0.790877398915	0.0556738297179	0.0335763076033
yal-	0.399309688431	0.372375803168	0.0945344884784	0.133780019922
gnò-	0.305949008499	0.390934844193	0.195467422096	0.107648725212
sak-	0.0730756739201	0.887301071777	0.0250081195193	0.014615134784
kóo-	0.281518559013	0.284358457742	0.253460961558	0.180662021688
hóo-	0.184466019417	0.349514563107	0.116504854369	0.349514563107
mbà-	0.148047813641	0.664495961894	0.123077319094	0.0643789053721
bàr-	0.0173285198556	0.980505415162	0.0	0.00216606498195
yèh-	0.0680446938937	0.380214776306	0.012182501216	0.539558028584
son-	0.0675422138836	0.819887429644	0.0	0.112570356473
jim-	0.150503135482	0.645325944291	0.204170920227	0.0
der-	0.249839390261	0.670176299857	0.0190818371171	0.0609024727644
wòo-	0.0547756900665	0.0244015974128	0.00354005715744	0.917282655363
gál-	0.42177869093	0.088641033167	0.401526269445	0.0880540064573
lia-	0.0903506050264	0.13633260937	0.753955941669	0.0193608439342
bár-	0.736842105263	0.263157894737	0.0	0.0
sòp-	0.160997100156	0.571325005577	0.235054650903	0.0326232433638
gíu-	0.408344964603	0.373668574939	0.13640125209	0.0815852083678
gan-	0.147239263804	0.752300613497	0.0644171779142	0.0360429447853
teh-	0.0836912740142	0.213920093788	0.134370427177	0.568018205021
yer-	0.0731707317073	0.878048780488	0.0243902439024	0.0243902439024
yut-	0.211538461538	0.75	0.0	0.0384615384615
sen-	0.55944062951	0.335641818043	0.0184673904311	0.0864501620156
mbù-	0.0381502890173	0.918843930636	0.00693641618497	0.0360693641618
tad-	0.00319829424307	0.996801705757	0.0	0.0
lor-	0.0	1.0	0.0	0.0
gùl-	0.439895687271	0.416916746386	0.0768716665138	0.0663158998283
sén-	0.101455736745	0.550560096021	0.27598653576	0.0719976314745
paf-	0.0192307692308	0.980769230769	0.0	0.0
hum-	0.129599629715	0.369358944689	0.498727146494	0.00231427910206
lúa-	0.166666666667	0.368956743002	0.0267175572519	0.437659033079
dek-	0.00851063829787	0.736170212766	0.0	0.255319148936
abr-	0.0404038839763	0.923280628126	0.0313598562867	0.00495563161074
ti--	0.489353509225	0.187534820754	0.0732796142508	0.24983205577
nen-	0.726827276439	0.144752960392	0.114332380564	0.0140873826051
adm-	0.0	1.0	0.0	0.0
her-	0.0194138237292	0.909273287707	0.0487435348205	0.0225693537433
mul-	0.171568627451	0.725490196079	0.0245098039216	0.078431372549
ate-	0.0447970135325	0.904806346244	0.0475968268782	0.00279981334578
har-	0.360058009123	0.350563782436	0.219566537367	0.0698116710743
bíl-	0.380487804878	0.419512195122	0.0	0.2
kle-	0.110344827586	0.806896551724	0.0551724137931	0.0275862068966
jur-	0.0	0.20260261646	0.730947601578	0.0664497819617
sin-	0.470886075949	0.417721518987	0.0	0.111392405063
hes-	0.0	1.0	0.0	0.0
dor-	0.0	1.0	0.0	0.0
tag-	0.0276497695852	0.952995391705	0.0138248847926	0.00552995391704
ler-	0.426445136726	0.387677397023	0.0830737279335	0.102803738318
ndì-	0.135462787265	0.563830908708	0.204775458571	0.0959308454565
pat-	0.0322580645161	0.967741935484	0.0	0.0
jem-	0.0972222222222	0.305555555556	0.430555555556	0.166666666667
lál-	0.111111111111	0.37037037037	0.518518518519	0.0
gwi-	0.207808564232	0.251889168766	0.540302267002	0.0
dol-	0.674469898027	0.279594659776	0.0136841635555	0.0322512786406
maw-	0.388888888889	0.611111111111	0.0	0.0
bál-	0.307961719567	0.546044900408	0.108895974037	0.0370974059882
jor-	0.0161520190024	0.942201108472	0.00570071258908	0.0359461599367
lom-	0.727729758335	0.115628858705	0.0349267948492	0.121714588111
nye-	0.353834942902	0.474592110347	0.0983027107054	0.0732702360462
jòl-	0.030817341454	0.78042644214	0.188756216406	0.0
yíp-	0.192061730839	0.756458805318	0.0378011892164	0.0136782746266
gen-	0.0887573964496	0.887573964497	0.0	0.0236686390533
naa-	0.0662426497748	0.0116414413671	0.000709060270493	0.921406848588
jek-	0.0	1.0	0.0	0.0
ngw-	0.323405747692	0.116807145631	0.0181688495494	0.541618257127
dàb-	0.174636174636	0.752598752599	0.0727650727651	0.0
kid-	0.0384615384615	0.961538461538	0.0	0.0
vel-	0.190476190476	0.714285714286	0.0884353741496	0.00680272108843
yùn-	0.26241599567	0.46682974301	0.0694133732161	0.201340888104
alf-	0.0	1.0	0.0	0.0
pas-	0.00306337354011	0.983151445529	0.00114876507754	0.012636415853
dòl-	0.319335839058	0.612008755634	0.0267133249809	0.0419420803272
jum-	0.217821825802	0.139844251639	0.0936029321485	0.548730990411
nge-	0.577762459842	0.30957736857	0.0596466070088	0.0530135645795
nai-	0.0363168232205	0.811023964127	0.0960949570169	0.0565642556355
jas-	0.0323799244468	0.935240151106	0.0323799244469	0.0
tór-	0.509146810146	0.446579554189	0.0442736356649	0.0
eso-	0.0	1.0	0.0	0.0
kéh-	0.282738095238	0.241071428571	0.139880952381	0.33630952381
che-	0.281068992746	0.286150159916	0.245928611687	0.186852235652
epa-	0.193960923623	0.685257548846	0.0362344582593	0.0845470692717
pà--	0.0725806451613	0.629032258065	0.298387096774	0.0
sap-	0.0845665961945	0.871035940803	0.0126849894292	0.0317124735729
asi-	0.017792155277	0.979781641731	0.00242620299232	0.0
dia-	0.133252574197	0.694124772865	0.122652937614	0.049969715324
nan-	0.0953017023321	0.0396126126406	0.00893993156937	0.856145753458
mah-	0.0	1.0	0.0	0.0
vul-	0.0194987888951	0.924122725297	0.0470157133097	0.0093627724986
feh-	0.728311403685	0.133584188093	0.0360973015656	0.102007106656
jóo-	0.242420937841	0.540676117775	0.191384950927	0.0255179934569
túl-	0.479321652512	0.214823758627	0.0565563986115	0.24929819025
bir-	0.21875	0.75	0.03125	0.0
tol-	0.459183822336	0.112723199611	0.0446338886078	0.383459089444
mel-	0.385551029479	0.561883687888	0.0226164968498	0.0299487857829
kri-	0.114468864469	0.742063492063	0.0741758241758	0.0692918192918
náp-	0.405601158861	0.391598261709	0.20280057943	0.0
kaf-	0.0291606714628	0.963932853717	0.00345323741007	0.00345323741007
táp-	0.795847015646	0.152095808383	0.00936836005408	0.0426888159165
làp-	0.366666666667	0.633333333333	0.0	0.0
mir-	0.039603960396	0.940594059406	0.0	0.019801980198
isa-	0.0195298476385	0.974582477706	0.00287203641742	0.00301563823829
le--	0.45278474715	0.327107558432	0.142868507842	0.0772391865767
nyá-	0.0666666666667	0.511111111111	0.288888888889	0.133333333333
pud-	0.093023255814	0.906976744186	0.0	0.0
dio-	0.202986160954	0.332167443365	0.0892108003194	0.375635595362
bab-	0.0577274470949	0.871811110127	0.0318349892068	0.0386264535709
ita-	0.0	0.827242524917	0.159468438538	0.0132890365448
yàl-	0.141121969208	0.702066239513	0.120367382686	0.0364444085923
fèl-	0.152702032722	0.691621219633	0.0991571641051	0.0565195835399
hol-	0.556097994892	0.142545362006	0.102243171157	0.199113471946
hur-	0.4140625	0.468955592105	0.0413240131579	0.0756578947369
sor-	0.315305206463	0.257181328546	0.261220825853	0.166292639138
doo-	0.240033571129	0.332144355854	0.281997482165	0.145824590852
yia-	0.597131706578	0.261253410124	0.093494240679	0.048120642619
géh-	0.651425497579	0.24421732114	0.094674556213	0.00968262506724
akw-	0.101048617731	0.858913250715	0.0190657769304	0.0209723546235
jud-	0.021464942125	0.958400100399	0.0066667584953	0.0134681989804
tua-	0.743034875715	0.107092227762	0.00673128949264	0.14314160703
kòr-	0.554286554838	0.155523217635	0.128047659324	0.162142568203
oni-	0.0	0.849056603774	0.150943396226	0.0
non-	0.115000909075	0.817692357319	0.0637408139446	0.00356591966124
la--	0.0985401459853	0.857664233577	0.0328467153285	0.0109489051095
mal-	0.129249124136	0.845185115046	0.0198844806363	0.0056812801818
sab-	0.039603960396	0.960396039604	0.0	0.0
fàm-	0.0	0.63431542461	0.0467937608319	0.318890814558
nyi-	0.602113024905	0.284574830437	0.0647745209051	0.0485376237533
aki-	0.149659863946	0.829931972789	0.00680272108843	0.0136054421769
nin-	0.0265639653726	0.973436034627	0.0	0.0
lis-	0.044275172578	0.921447274458	0.0257081647227	0.00856938824092
ndò-	0.307955517536	0.260906757913	0.323353293413	0.107784431138
fúa-	0.407549138981	0.0758392763959	0.0344407723082	0.482170812315
kwé-	0.391836734694	0.608163265306	0.0	0.0
tub-	0.130321741956	0.788430289243	0.0558986025349	0.0253493662658
kàn-	0.380376037147	0.418664839766	0.0997183527442	0.101240770343
jòh-	0.494320987654	0.401975308642	0.103703703704	0.0
lyd-	0.075	0.9125	0.0	0.0125
mùa-	0.204439252336	0.670666949873	0.0898045879355	0.0350892098556
éh--	0.569466795408	0.143332260487	0.118549511855	0.16865143225
húl-	0.754111198121	0.191855912294	0.0399373531715	0.0140955364134
lòr-	0.807209612956	0.0909095621083	0.101880824936	0.0
fel-	0.380467807571	0.538844646441	0.0602553770842	0.0204321689033
and-	0.0026075619296	0.973924380704	0.0	0.0234680573664
ALL	0.247411972848	0.316962840425	0.059695654066	0.375929532661
san-	0.378090546563	0.304292751583	0.12315270936	0.194463992494
léh-	0.195044224116	0.701913544276	0.0956820722077	0.00736015940061
sám-	0.553947368421	0.278947368421	0.0394736842105	0.127631578947
lo--	0.474303293522	0.28555917481	0.100977198697	0.139160332971
per-	0.0467660330918	0.949131683304	0.0	0.00410228360454
ger-	0.339443312967	0.560081466395	0.0617786829599	0.0386965376782
fib-	0.179104477612	0.820895522388	0.0	0.0
noo-	0.398417965638	0.55662563268	0.0224782008414	0.0224782008413
bìl-	0.0324386947287	0.162579648581	0.79803050782	0.00695114887044
tel-	0.110490965557	0.839361382531	0.0138339630728	0.036313688839
mbo-	0.127555501108	0.748313306539	0.114143625152	0.00998756720084
tùr-	0.16	0.613333333333	0.0933333333333	0.133333333333
lid-	0.0566037735849	0.920754716981	0.0	0.022641509434
gòm-	0.468818568011	0.323794329334	0.0696716483016	0.137715454353
yìl-	0.478729957834	0.246172109459	0.212336206178	0.0627617265294
ata-	0.0	1.0	0.0	0.0
far-	0.00389397458669	0.992621942888	0.00184451427791	0.00163956824703
gìa-	0.31446543233	0.550114830746	0.0884807680319	0.0469389688922
wéh-	0.15297261189	0.770207080828	0.0688042752171	0.00801603206415
kíl-	0.437233134073	0.33048676345	0.0358667805295	0.196413321947
ból-	0.849828116519	0.12927447078	0.0	0.0208974127013
loh-	0.551199467915	0.215138897747	0.107373561595	0.126288072743
ngù-	0.199962501936	0.691562120434	0.0243737415731	0.0841016360568
nèr-	0.0874427888089	0.71779827248	0.194758938711	0.0
lev-	0.06264831514	0.90602752729	0.0242050308496	0.00711912672047
ndà-	0.736946036645	0.0730306486562	0.0641329357017	0.125890378997
sed-	0.0513426970381	0.85004730369	0.0919147078088	0.00669529146351
bíp-	0.262011339898	0.320600815677	0.410292118439	0.00709572598561
kla-	0.018691588785	0.971962616822	0.00934579439254	0.0
adi-	0.0	1.0	0.0	0.0
pàm-	0.0376411543287	0.293601003764	0.638644918444	0.030112923463
ami-	0.0	1.0	0.0	0.0
ján-	0.666927899687	0.204545454545	0.00156739811912	0.126959247649
tán-	0.452264934128	0.326655838296	0.158816098177	0.062263129399
kur-	0.111803392177	0.738663897542	0.103842159917	0.0456905503634
nóo-	0.48031496063	0.173228346457	0.283464566929	0.0629921259843
sàn-	0.426086956522	0.313043478261	0.245217391304	0.015652173913
làl-	0.0327868852459	0.262295081967	0.672131147541	0.0327868852459
gaj-	0.0	0.866666666667	0.0333333333333	0.1
jòm-	0.513374485597	0.384773662551	0.0740740740741	0.0277777777778
gwu-	0.187963198102	0.403267848975	0.136774526164	0.271994426758
bug-	0.427145708583	0.568862275449	0.0	0.00399201596806
win-	0.053738317757	0.932242990654	0.0140186915888	0.0
tal-	0.090357707211	0.607556406205	0.248338539792	0.0537473467919
gid-	0.0576923076923	0.903846153846	0.0	0.0384615384615
wa--	0.483287438268	0.480627834223	0.0336056240916	0.00247910341659
hòl-	0.510821944554	0.415048687499	0.0381236749442	0.0360056930029
kos-	0.167053364269	0.712296983759	0.120649651972	0.0
meh-	0.150463826702	0.189516510899	0.0555708507531	0.604448811646
rod-	0.12030075188	0.87969924812	0.0	0.0
nem-	0.259273917441	0.618552232336	0.0710377364418	0.051136113781
kòo-	0.224001148724	0.32261191083	0.17652654629	0.276860394156
mua-	0.28629449871	0.387466238856	0.209843700289	0.116395562144
kál-	0.570671378092	0.344522968198	0.00530035335689	0.0795053003533
pon-	0.0248447204969	0.928571428571	0.0	0.0465838509317
gól-	0.140845070423	0.478873239437	0.154929577465	0.225352112676
yáa-	0.654447871434	0.204831378597	0.0774116310215	0.0633091189481
kél-	0.739162007514	0.102062809347	0.0484984786686	0.11027670447
chi-	0.0998186587284	0.470827113828	0.0983734765011	0.330980750942
sik-	0.0	0.965517241379	0.0	0.0344827586207
kúa-	0.745256120342	0.174122505162	0.0452266247173	0.0353947497788
nga-	0.698180744677	0.182110040961	0.067038144089	0.0526710702732
ben-	0.0	1.0	0.0	0.0
fé--	0.501297738228	0.17055988135	0.211345939933	0.116796440489
veh-	0.134250277902	0.749988128803	0.0751515085296	0.0406100847659
kia-	0.668300117233	0.235498241501	0.0216647127784	0.0745369284877
mat-	0.0185967878275	0.973795435334	0.00760777683854	0.0
béh-	0.373136459702	0.346918375507	0.13637402182	0.143571142971
ela-	0.0	1.0	0.0	0.0
jìl-	0.403975543333	0.361656965878	0.175775618092	0.0585918726972
kwe-	0.151122996917	0.717843055624	0.102738517771	0.0282954296883
amp-	0.0	1.0	0.0	0.0
ili-	0.0263157894737	0.921052631579	0.0	0.0526315789474
lam-	0.247557912364	0.741557354173	0.00502372313704	0.00586101032654
til-	0.271344904217	0.497696409869	0.128731070838	0.102227615077
wun-	0.473262610955	0.175579129682	0.32431262178	0.0268456375839
hén-	0.719952839596	0.137369341045	0.0409427388229	0.101735080536
dìu-	0.0977888187578	0.796971785817	0.0884755979238	0.0167637975013
set-	0.0	1.0	0.0	0.0
tén-	0.520162381597	0.308254397835	0.139106901218	0.0324763193505
sat-	0.5	0.4375	0.025	0.0375
pur-	0.115333333333	0.801333333333	0.0513333333333	0.032
gur-	0.666510112512	0.0957934194086	0.190464375068	0.0472320930109
nyú-	0.129951045839	0.429906542056	0.429906542056	0.010235870049
peg-	0.23270156438	0.519253910951	0.174037304452	0.0740072202166
saf-	0.0	1.0	0.0	0.0
mòh-	0.0059548099624	0.0728754363787	0.00524023276691	0.915929520892
dik-	0.149647058824	0.728941176471	0.104470588235	0.0169411764706
nad-	0.0979591836734	0.657142857143	0.0489795918367	0.195918367347
lot-	0.0452459440243	0.877835951134	0.0723935104389	0.00452459440243
kis-	0.107142857143	0.857142857143	0.0357142857143	0.0
goo-	0.416386860985	0.467859103962	0.0778834988163	0.0378705362367
abi-	0.0508474576271	0.88813559322	0.0305084745763	0.0305084745763
sùm-	0.378115648306	0.211707315389	0.0658621932661	0.344314843038
hag-	0.199240986717	0.759013282732	0.0379506641366	0.00379506641366
fle-	0.0	1.0	0.0	0.0
bu--	0.0523560209424	0.913321698662	0.0087260034904	0.0255962769052
mom-	0.355555555556	0.244444444444	0.4	0.0
sìu-	0.368347314163	0.488148290571	0.140018458538	0.0034859367271
ban-	0.205402942108	0.768921690128	0.0	0.0256753677635
yàp-	0.0723523559736	0.874890717796	0.0500437128818	0.00271321334901
fèh-	0.629426700521	0.270680208473	0.0487772283843	0.051115862622
adr-	0.163265306122	0.755102040816	0.0408163265306	0.0408163265306
sèn-	0.562634601579	0.401830581479	0.0118449389806	0.0236898779612
gàm-	0.462016140414	0.362376669532	0.0906711486894	0.0849360413647
ter-	0.222300006364	0.613663845224	0.104053968052	0.0599821803602
dìn-	0.171541257811	0.661194136235	0.125210862696	0.0420537432583
dab-	0.409773030328	0.553389171764	0.0269637489836	0.00987404892357
tra-	0.0	0.986301369863	0.013698630137	0.0
njà-	0.095661979702	0.818840001198	0.0732733242188	0.0122246948816
sóh-	0.616729088639	0.265366820886	0.0906954542116	0.0272086362635
nam-	0.24106400665	0.500969797728	0.218065946245	0.0399002493766
ebe-	0.0	1.0	0.0	0.0
hen-	0.901608216734	0.0416177379904	0.0117724310393	0.0450016142359
ale-	0.094832179009	0.751731486415	0.147043153969	0.00639318060735
ker-	0.305497878487	0.647919111673	0.0444163582197	0.00216665162047
tib-	0.102601156069	0.377167630058	0.281791907514	0.238439306358
bon-	0.104129369005	0.0750406748434	0.0219580041414	0.79887195201
oli-	0.0592991913747	0.905660377358	0.010781671159	0.0242587601078
par-	0.0566037735849	0.876310272537	0.0587002096436	0.0083857442348
féh-	0.566666666667	0.316666666667	0.116666666667	0.0
kwí-	0.439143204522	0.408834463547	0.0720720076525	0.0799503242784
be--	0.669694596483	0.184048197221	0.061544001287	0.0847132050086
eli-	0.0142453509234	0.98324076362	0.00251388545706	0.0
yul-	0.290049003898	0.199382018525	0.0347824815425	0.475786496034
soo-	0.053729496454	0.86633551649	0.0370325292926	0.0429024577631
yur-	0.208675001405	0.179234691878	0.0825371205502	0.529553186167
lùb-	0.582524271845	0.409153952843	0.00832177531206	0.0
hel-	0.59205460273	0.272838641932	0.0899544977249	0.0451522576129
nu--	0.38202036609	0.466171050166	0.0687199350285	0.0830886487162
kàr-	0.120512820513	0.817948717949	0.0615384615384	0.0
siv-	0.0	0.961538461538	0.0384615384615	0.0
tìl-	0.344074977532	0.282235631446	0.244019343519	0.129670047503
mák-	0.147102526003	0.494799405646	0.337295690936	0.0208023774145
nim-	0.103448275862	0.896551724138	0.0	0.0
yim-	0.663793103448	0.280172413793	0.00646551724138	0.0495689655172
ari-	0.0282352941176	0.957647058824	0.0105882352941	0.0035294117647
tul-	0.439195127775	0.17862765277	0.0304205850486	0.351756634406
mic-	0.157608695652	0.711956521739	0.0923913043478	0.0380434782608
hoh-	0.181856275773	0.198722727655	0.2664492851	0.352971711471
yam-	0.572610294118	0.234375	0.113051470588	0.0799632352941
nyò-	0.617335599425	0.269795615985	0.0228788076873	0.0899899769033
yúl-	0.0150489089541	0.966892400301	0.0135440180587	0.00451467268624
baa-	0.10101010101	0.808080808081	0.0808080808081	0.010101010101
lir-	0.741214057508	0.210862619808	0.038338658147	0.00958466453674
lat-	0.0	0.965517241379	0.0344827586207	0.0
tèl-	0.316998468606	0.535987748851	0.137825421133	0.00918836140887
pen-	0.0984042553191	0.811170212766	0.0904255319149	0.0
hiu-	0.454545454545	0.020979020979	0.524475524476	0.0
pra-	0.0	1.0	0.0	0.0
ape-	0.0357142857143	0.964285714286	0.0	0.0
thn-	0.104895104895	0.503496503496	0.041958041958	0.34965034965
dun-	0.268055717831	0.204544081916	0.103518684799	0.423881515453
kól-	0.154094154854	0.816353541476	0.0126652730017	0.0168870306689
hul-	0.142618255906	0.54221205656	0.277496940691	0.037672746843
tír-	0.684563758389	0.275167785235	0.0402684563758	0.0
wóh-	0.373189029045	0.166323657927	0.0621888923531	0.398298420675
vur-	0.411878881988	0.457686335404	0.0512422360249	0.0791925465839
jeh-	0.37247197568	0.568672783758	0.0378474209845	0.0210078195773
lòo-	0.144800483676	0.815296251511	0.0163240628779	0.0235792019347
ber-	0.102863548663	0.773802544731	0.0864872623088	0.0368466442973
jil-	0.300532692887	0.542353639056	0.124546307549	0.0325673605078
tia-	0.539184952978	0.36632333184	0.0380653828929	0.0564263322884
nal-	0.173725099897	0.562166698852	0.0409468352174	0.223161366033
kau-	0.126315789474	0.642105263158	0.105263157895	0.126315789474
ino-	0.0289313127337	0.954536508561	0.0082660893525	0.00826608935249
reg-	0.125	0.84375	0.03125	0.0
mim-	0.596951386982	0.270392749245	0.132655863774	0.0
njò-	0.0133817238093	0.00306157620486	0.983556699986	0.0
njù-	0.15	0.8453125	0.0046875	0.0
mid-	0.101265822785	0.822784810127	0.0759493670886	0.0
teo-	0.223140495868	0.603305785124	0.123966942149	0.0495867768595
yar-	0.207082194399	0.0831881490514	0.0369504048696	0.67277925168
wur-	0.513446260615	0.40345630536	0.077823943019	0.00527349100539
nat-	0.00552486187845	0.994475138122	0.0	0.0
tur-	0.281741485262	0.58233517342	0.0635350484324	0.0723882928861
day-	0.0909090909091	0.909090909091	0.0	0.0
ma--	0.370380930657	0.440009124088	0.0554573448905	0.134152600365
tud-	0.260869565217	0.717391304348	0.0	0.0217391304348
sod-	0.0117176335167	0.839208028966	0.13930964292	0.00976469459722
ye--	0.236799464023	0.2211604468	0.0895325805457	0.452507508632
kun-	0.368421052632	0.543859649123	0.0701754385965	0.0175438596491
kra-	0.00792865832707	0.980323461399	0.00390048198813	0.00784739828565
sko-	0.0848056537102	0.897526501767	0.017667844523	0.0
kan-	0.108918705604	0.797553275454	0.078137332281	0.0153906866614
yòo-	0.574009560075	0.198331037835	0.108563558292	0.119095843798
mèh-	0.0556129337528	0.0186896084136	0.00139802937659	0.924299428457
yea-	0.520743384481	0.197922466751	0.0227743649193	0.258559783849
tóm-	0.0364393094633	0.784167167025	0.162575380682	0.0168181428292
sèr-	0.565618788938	0.250937279515	0.0611479771825	0.122295954365
nav-	0.00782220922582	0.592700489802	0.00427662840851	0.395200672564
gwo-	0.518925518926	0.369352869353	0.0943223443223	0.0173992673993
gìu-	0.529580190058	0.31947023385	0.0515288812582	0.0994206948335
nju-	0.491071428572	0.359243697479	0.107142857143	0.0425420168067
bóo-	0.113707018545	0.105245305121	0.08477000779	0.696277668544
gir-	0.20014554853	0.571260541953	0.191963497804	0.0366304117122
ndí-	0.383519130411	0.11659564338	0.025194184724	0.474691041485
kum-	0.328786723621	0.310447106497	0.308253872103	0.0525122977786
met-	0.0	1.0	0.0	0.0
lák-	0.2999445172	0.255053433436	0.0757515170297	0.369250532335
súl-	0.718232044199	0.0828729281768	0.0331491712707	0.165745856354
bim-	0.358015124532	0.357155163134	0.0949432374448	0.18988647489
dap-	0.411544917712	0.444053356774	0.101081207859	0.0433205176539
na--	0.593103448276	0.324137931034	0.0413793103448	0.0413793103448
lol-	0.430720245584	0.441395377274	0.0401504011018	0.0877339760401
ken-	0.0353982300885	0.946902654867	0.0176991150442	0.0
wún-	0.369016536118	0.190600522193	0.266318537859	0.174064403829
véh-	0.165348101266	0.305379746835	0.493670886076	0.0356012658228
nyì-	0.234882466528	0.716077745139	0.0295758437385	0.0194639445947
ref-	0.109589041096	0.890410958904	0.0	0.0
jal-	0.103057524449	0.702343194751	0.182289822006	0.0123094587929
kìu-	0.3	0.684615384615	0.0	0.0153846153846
dùb-	0.853556485356	0.0711297071129	0.0502092050209	0.0251046025105
nya-	0.0653643257501	0.834281239697	0.0652818991098	0.0350725354435
aka-	0.121212121212	0.871212121212	0.0	0.00757575757576
cha-	0.113223647571	0.736807244149	0.0230339169125	0.126935191367
leh-	0.754477172491	0.0477584829888	0.0162159221415	0.181548422378
kwu-	0.488921438045	0.250552919283	0.0606143114538	0.199911331219
wám-	0.451612903226	0.0806451612903	0.225806451613	0.241935483871
too-	0.0898486502412	0.798785985438	0.0964188116233	0.0149465526975
ala-	0.0463917525774	0.822164948454	0.131443298969	0.0
jul-	0.102496714849	0.846254927727	0.0	0.0512483574245
nah-	0.0	1.0	0.0	0.0
sol-	0.24925014997	0.678914217157	0.0247450509898	0.0470905818836
gwù-	0.271250594238	0.529932607292	0.136055171278	0.0627616271929
jèh-	0.417732850868	0.312865540894	0.110647089098	0.15875451914
yèr-	0.0	0.328358208955	0.671641791045	0.0
hib-	0.0452436194896	0.916473317865	0.0348027842227	0.00348027842227
ane-	0.0579710144927	0.811594202899	0.130434782609	0.0
gòr-	0.144499830657	0.820171553432	0.017374729137	0.0179538867749
geh-	0.611244341453	0.173865596034	0.150355680103	0.06453438241
nàg-	0.121656600518	0.838222605695	0.0401207937878	0.0
gay-	0.0237154150198	0.97628458498	0.0	0.0
yi--	0.273775216138	0.682997118156	0.0086455331412	0.0345821325649
via-	0.165878025211	0.320760356415	0.372365568662	0.140996049712
pìu-	0.215749296906	0.736038569707	0.0241060666935	0.0241060666934
kin-	0.0779256406164	0.0714639528155	0.0288532030832	0.821757203485
jìa-	0.251473477407	0.71905697446	0.0294695481336	0.0
reu-	0.0	1.0	0.0	0.0
ya--	0.647137239219	0.154902352863	0.0937590259726	0.104201381946
dan-	0.151386556762	0.802911841196	0.0228508010208	0.0228508010207
tín-	0.020238879508	0.036019396583	0.0891342433128	0.854607480596
ser-	0.339001822839	0.429336163732	0.0620688063868	0.169593207042
wer-	0.869565217391	0.0355731225297	0.0711462450593	0.0237154150198
ndi-	0.30514130498	0.0561930091247	0.00924266009676	0.629423025798
kwa-	0.187678948874	0.160540888073	0.04220154125	0.609578621803
mis-	0.0576923076923	0.942307692308	0.0	0.0
elm-	0.0	1.0	0.0	0.0
nyù-	0.59685984761	0.40314015239	0.0	0.0
wàn-	0.177360974005	0.672096084238	0.0623560381705	0.0881869035867
sór-	0.465277777778	0.381944444444	0.111111111111	0.0416666666667
kob-	0.114265659793	0.821291993417	0.0382418433537	0.0262005034369
mvú-	0.541790342431	0.246000144791	0.11655686672	0.0956526460581
agr-	0.0283167278448	0.949659150498	0.0141583639224	0.00786575773466
heh-	0.237947471079	0.0695646788169	0.0133019514652	0.679185898639
ché-	0.152184841177	0.0858071279077	0.0664609734172	0.695547057498
fij-	0.0	1.0	0.0	0.0
sos-	0.0379266750948	0.931731984829	0.0227560050569	0.00758533501898
ngá-	0.489322757779	0.437461866992	0.0292861500915	0.0439292251373
don-	0.422784810127	0.235443037975	0.288607594937	0.053164556962
kua-	0.750455582317	0.0970422194186	0.0375297880746	0.11497241019
ném-	0.759021404546	0.168871562022	0.0721070334319	0.0
tat-	0.093501048218	0.89392033543	0.00251572327043	0.0100628930818
kúb-	0.40818074035	0.406072981162	0.0902384402582	0.0955078382296
bit-	0.0	0.981651376147	0.0	0.0183486238532
kùm-	0.488348096375	0.293064295899	0.179987374273	0.0386002334532
lóh-	0.431065842879	0.386052019753	0.105690399305	0.0771917380636
gúl-	0.338114754098	0.588114754098	0.0491803278688	0.0245901639344
sòm-	0.191616766467	0.808383233533	0.0	0.0
hon-	0.0988774325443	0.111512037269	0.0310801992907	0.758530330896
yíl-	0.547761273398	0.296298922291	0.0840630317641	0.0718767725468
lap-	0.377192982456	0.599415204679	0.0233918128655	0.0
joh-	0.0298025761056	0.930467578535	0.0158254794373	0.0239043659217
sia-	0.560137457045	0.371324933181	0.024436807942	0.0441008018328
sis-	0.052101491381	0.938601588224	0.00929692039512	0.0
gil-	0.398568938033	0.162240542511	0.0591326821854	0.380057837271
mag-	0.0443919096402	0.871552403467	0.0809035986341	0.00315208825847
vep-	0.119815668203	0.668202764977	0.184331797235	0.0276497695853
kel-	0.498347641409	0.0789413792008	0.0791614345752	0.343549544815
mos-	0.0869239661863	0.885254476474	0.00978906647144	0.0180324908684
jep-	0.0	1.0	0.0	0.0
bùk-	0.0515564202335	0.937691992627	0.00767970509932	0.00307188203973
fri-	0.0355029585799	0.881656804734	0.0710059171598	0.0118343195266
kóh-	0.23702556158	0.359024012394	0.370642912471	0.0333075135554
bòh-	0.239000415143	0.614651511992	0.0726580466259	0.0736900262388
pla-	0.0414914282481	0.917017143504	0.0331931425985	0.00829828564963
gwì-	0.1647819063	0.679590737749	0.114701130856	0.0409262250942
vù--	0.0160714285714	0.914285714286	0.0107142857143	0.0589285714286
bet-	0.040304048082	0.945554180661	0.0015909492664	0.0125508219905
nar-	0.18320610687	0.587786259542	0.229007633588	0.0
sal-	0.12217203921	0.776916400391	0.0631151536227	0.037796406776
phi-	0.0169745381927	0.969545681478	0.00649026460309	0.00698951572641
isk-	0.124060150376	0.875939849624	0.0	0.0
jòo-	0.103243577177	0.227043491248	0.40810965325	0.261603278325
gab-	0.0115163147793	0.988483685221	0.0	0.0
sek-	0.0	1.0	0.0	0.0
den-	0.169960474308	0.687747035573	0.094861660079	0.0474308300395
mbe-	0.200021233047	0.379913511249	0.131736624021	0.288328631683
bèl-	0.474973233405	0.415417558886	0.109609207709	0.0
din-	0.0716699277891	0.872083956201	0.0169015422492	0.0393445737605
liu-	0.096463022508	0.891961414791	0.011575562701	0.0
vùr-	0.0483870967742	0.322580645161	0.5	0.129032258065
gòl-	0.0743119266055	0.777981651376	0.128440366972	0.0192660550459
min-	0.0	0.690322580645	0.0387096774194	0.270967741935
diu-	0.439741011429	0.379486927944	0.0532888605484	0.127483200079
fer-	0.0299625468165	0.962546816479	0.00749063670413	0.0
yu--	0.379780884866	0.194317576844	0.256381518115	0.169520020174
méh-	0.28224145035	0.423980222497	0.234033786568	0.0597445405851
sul-	0.557918479136	0.346060898985	0.0434992750121	0.0525213468664
kìn-	0.0550355279373	0.806927292273	0.106416004615	0.031621175175
gno-	0.568441064639	0.355830164765	0.0475285171103	0.0282002534855
lul-	0.207240948814	0.591344153142	0.152309612984	0.0491052850603
tab-	0.107611548556	0.88188976378	0.0	0.010498687664
gal-	0.0669615667713	0.311292261895	0.523142505416	0.0986036659177
see-	0.173554651467	0.163215209681	0.285879091683	0.377351047169
gì--	0.490250696379	0.41782729805	0.0	0.091922005571
nyè-	0.458349489731	0.163104739807	0.0962762304609	0.282269540001
tì--	0.30549898167	0.59266802444	0.0733197556008	0.0285132382892
kar-	0.515280739161	0.296612177209	0.113717128642	0.074389954987
sel-	0.188119148743	0.276624459175	0.138133608542	0.39712278354
kay-	0.00449775112446	0.995502248876	0.0	0.0
kus-	0.0	0.973913043478	0.0	0.0260869565217
yin-	0.242499437646	0.387259095522	0.178858678229	0.191382788603
mia-	0.051763392934	0.883005363029	0.0436826822724	0.0215485617644
làm-	0.585714285714	0.414285714286	0.0	0.0
kèm-	0.427609427609	0.387205387205	0.0774410774411	0.107744107744
buf-	0.0637254901961	0.446078431373	0.0343137254902	0.455882352941
lòh-	0.250434593655	0.657866145154	0.0662755323772	0.0254237288136
jen-	0.0674157303371	0.85393258427	0.0112359550562	0.0674157303371
lop-	0.0635132221198	0.85768333562	0.0740987591399	0.00470468311999
sàm-	0.438356164384	0.479452054795	0.0821917808219	0.0
kem-	0.791149522585	0.140911199964	0.0226015814094	0.0453376960415
mun-	0.157446827821	0.757163650352	0.0360848916849	0.0493046301418
dop-	0.0619596541787	0.881844380403	0.0172910662824	0.0389048991354
nèh-	0.232789217978	0.713944395883	0.0345442102196	0.0187221759193
lel-	0.273324511876	0.475783083551	0.0871103133369	0.163782091236
esl-	0.0	1.0	0.0	0.0
nel-	0.165730337079	0.716292134832	0.0	0.11797752809
hoo-	0.326915520629	0.416895874263	0.197249508841	0.0589390962672
kòn-	0.14502529511	0.313659359191	0.409780775717	0.131534569983
one-	0.203996669442	0.686094920899	0.00999167360532	0.0999167360533
kám-	0.38	0.62	0.0	0.0
sto-	0.20202020202	0.545454545455	0.252525252525	0.0
gog-	0.0363636363636	0.927272727273	0.0363636363636	0.0
bàl-	0.296786775167	0.513049454516	0.121552343165	0.0686114271524
sil-	0.168704350587	0.803112099079	0.0115115909813	0.0166719593522
ake-	0.0	1.0	0.0	0.0
lal-	0.117709300167	0.665435307221	0.046454427325	0.170400965287
ngi-	0.146341463415	0.473170731707	0.351219512195	0.0292682926829
tóh-	0.587982832618	0.287553648069	0.00429184549356	0.12017167382
jew-	0.0288094853872	0.791909789166	0.145788566236	0.0334921592109
ram-	0.0	1.0	0.0	0.0
ndá-	0.477312311229	0.193941350999	0.0228189755863	0.305927362186
obe-	0.267015706806	0.732984293194	0.0	0.0
nòm-	0.142429615099	0.787279791769	0.0104367070303	0.0598538861015
njè-	0.177308025008	0.36086206876	0.0345530023049	0.427276903927
him-	0.0183486238532	0.917431192661	0.0	0.0642201834862
fél-	0.211803278689	0.304262295082	0.153442622951	0.330491803279
màn-	0.365205843293	0.374501992032	0.192563081009	0.0677290836653
mbé-	0.429383750378	0.291480177755	0.23589188156	0.0432441903063
gel-	0.386234598292	0.360845560721	0.22376708673	0.029152754257
sau-	0.063590895172	0.87720730836	0.00244972950903	0.0567520669593
tém-	0.686701477614	0.208865681591	0.0627708032441	0.0416620375514
dél-	0.550182747356	0.229744153702	0.103923407834	0.116149691108
fon-	0.3135444989	0.209376028263	0.0533397987635	0.423739674073
pri-	0.0859049207673	0.857381150959	0.0241868223519	0.0325271059216
tro-	0.0443262411347	0.936170212766	0.0141843971631	0.00531914893617
hàr-	0.620387890256	0.259224219489	0.0473036896878	0.0730842005675
beh-	0.0927104175492	0.050121284608	0.0109303370497	0.846237960793
da--	0.51724137931	0.0689655172414	0.183908045977	0.229885057471
kwo-	0.248963783008	0.548086095131	0.0999870095246	0.102963112337
gol-	0.110188963956	0.861723653075	0.00648170376213	0.0216056792071
weh-	0.492089686099	0.461704035874	0.0289865470852	0.0172197309417
sòh-	0.0437846497228	0.882883936929	0.0612355101159	0.0120959032328
jam-	0.0139829261113	0.97733294083	0.00426847218133	0.00441566087724
nag-	0.0	1.0	0.0	0.0
keh-	0.0682219712806	0.0614525538218	0.0258320788928	0.844493396005
itu-	0.0	0.984126984127	0.015873015873	0.0
tàm-	0.119562166713	0.860230143138	0.0202076901488	0.0
yùl-	0.635781292693	0.169388870336	0.0481192507362	0.146710586235
fen-	0.151862464183	0.724928366762	0.0200573065903	0.103151862464
gúa-	0.561904761905	0.114285714286	0.285714285714	0.0380952380952
gul-	0.17994790517	0.694009094521	0.10201378684	0.024029213469
tir-	0.651716888577	0.313244569026	0.00840925017517	0.0266292922215
man-	0.328162634245	0.509522562179	0.127329529845	0.0349852737298
jeb-	0.00759005662424	0.988614915064	0.00379502831212	0.0
men-	0.185369862425	0.0592507005034	0.00956380378089	0.745815633291
iko-	0.0	0.98064516129	0.0129032258064	0.00645161290322
bél-	0.582650484067	0.215895954701	0.0436206203007	0.157832940932
lub-	0.774669801344	0.168425214042	0.0351508112303	0.0217541733838
tap-	0.5719767339	0.380694886766	0.01813517339	0.0291932059448
èh--	0.424623115578	0.361809045226	0.0879396984925	0.125628140703
deb-	0.112825458052	0.861137897782	0.0260366441659	0.0
mba-	0.172249797823	0.287443679194	0.331864213443	0.208442309539
ame-	0.0	0.723404255319	0.276595744681	0.0
dom-	0.619533527697	0.310495626822	0.0	0.069970845481
chá-	0.386421493341	0.434810965475	0.0877742946708	0.0909932465128
yóh-	0.230051150151	0.1284904369	0.167405642444	0.474052770505
li--	0.0549206450326	0.813269806889	0.120825419072	0.0109841290065
vía-	0.450768355151	0.231189527604	0.103927148549	0.214114968697
pam-	0.0228136882129	0.961977186312	0.0152091254753	0.0
lì--	0.444866920152	0.330798479087	0.216730038023	0.00760456273762
fìa-	0.41116751269	0.314720812183	0.152284263959	0.121827411168
job-	0.0967741935484	0.903225806452	0.0	0.0
yis-	0.0742647058823	0.921323529412	0.00441176470588	0.0
dàr-	0.0415282392027	0.958471760797	0.0	0.0
afa-	0.0	1.0	0.0	0.0
dru-	0.0	0.896551724138	0.103448275862	0.0
tá--	0.442105263158	0.463157894737	0.0	0.0947368421052
hal-	0.535768613147	0.292313858619	0.0409446299844	0.13097289825
leb-	0.59477124183	0.346405228758	0.0588235294117	0.0
alo-	0.0869565217391	0.753623188406	0.0434782608695	0.115942028986
tho-	0.0	0.993031358885	0.0	0.00696864111498
ano-	0.0315789473684	0.936842105263	0.0315789473684	0.0
pit-	0.0272323257728	0.944476313563	0.0279887792665	0.000302581397476
wál-	0.336340952191	0.355604351732	0.0678710450145	0.240183651063
sef-	0.184782608696	0.75	0.0	0.0652173913043
las-	0.106274007682	0.798691136719	0.0436761986058	0.0513586569925
yál-	0.0218680626884	0.00500314767568	0.863788476194	0.109340313442
eti-	0.0	0.661290322581	0.338709677419	0.0
lòl-	0.50675257422	0.279285227776	0.135134019792	0.078828178212
kòp-	0.123076923077	0.846153846154	0.0307692307692	0.0
kcl-	0.541176470588	0.141176470588	0.176470588235	0.141176470588
sér-	0.408695652174	0.469565217391	0.104347826087	0.0173913043478
kèh-	0.0643081349143	0.49755065502	0.0150894274124	0.423051782653
yus-	0.0	1.0	0.0	0.0
jik-	0.231275673851	0.230994316583	0.0267289404085	0.511001069158
ifa-	0.0338983050848	0.949152542373	0.0169491525424	0.0
reb-	0.0964285714285	0.825	0.0571428571428	0.0214285714286
yír-	0.194611880285	0.741717874636	0.0127040394738	0.0509662056054
mél-	0.75	0.166555851064	0.0428856382978	0.0405585106383
ema-	0.0204081632653	0.979591836735	0.0	0.0
chò-	0.0161705185914	0.0784695691644	0.0460528804327	0.859307031812
sía-	0.405405405405	0.532224532225	0.0498960498961	0.012474012474
pis-	0.0377358490566	0.962264150943	0.0	0.0
gwè-	0.402333621435	0.356525496975	0.114088159032	0.127052722558
tàp-	0.131446320318	0.828139438123	0.00400141005534	0.0364128315036
ten-	0.139788901441	0.124267971639	0.0314741706426	0.704468956277
pet-	0.0126359377168	0.975866497334	0.00416217543036	0.00733538951914
tum-	0.182926829268	0.69512195122	0.121951219512	0.0
lùa-	0.403652569576	0.522953220931	0.0378658023499	0.0355284071431
fan-	0.399191611974	0.490505442612	0.0553265567472	0.0549763886666
dóm-	0.0821917808219	0.72602739726	0.109589041096	0.0821917808219
did-	0.0500955315321	0.0982741899885	0.518927282334	0.332702996145
bom-	0.159468438538	0.601328903654	0.199335548173	0.0398671096346
nop-	0.151712887439	0.696574225122	0.113784665579	0.0379282218597
way-	0.0362879238548	0.597858417609	0.205234979179	0.160618679358
bi--	0.628660006889	0.321008917978	0.0122478661921	0.0380832089409
nín-	0.653276526679	0.314059646987	0.0	0.0326638263339
mùn-	0.545854222908	0.255765522561	0.0871577323564	0.111222522175
seh-	0.114070213152	0.210780486449	0.0995008893307	0.575648411068
awa-	0.00627286983795	0.916361735494	0.0690015682175	0.0083638264506
ere-	0.0	1.0	0.0	0.0
chà-	0.266809865368	0.621188293506	0.0820835410993	0.0299183000268
mbi-	0.627586206897	0.268965517241	0.0827586206896	0.0206896551724
neh-	0.18178079058	0.0121761896212	0.00184656456694	0.804196455232
rub-	0.0	1.0	0.0	0.0
tól-	0.531954310638	0.208713791236	0.0544773669417	0.204854531185
chu-	0.0556529552847	0.906257920283	0.0316112317818	0.00647789265077
tis-	0.15	0.807142857143	0.0428571428571	0.0
lep-	0.24481865285	0.545336787565	0.186528497409	0.0233160621762
fa--	0.310567010309	0.332474226804	0.26675257732	0.090206185567
so--	0.392251815981	0.370460048426	0.135593220339	0.101694915254
dav-	0.021178160616	0.946478932747	0.00633760417437	0.0260053024622
kìa-	0.629804335673	0.169146655072	0.133897012237	0.0671519970184
hep-	0.322432757186	0.598539606248	0.0459377021905	0.0330899343747
jop-	0.0850456621005	0.893264840183	0.00799086757991	0.013698630137
tan-	0.378839556548	0.454262989583	0.113287667735	0.053609786134
loo-	0.109596224436	0.857891976927	0.0214997378081	0.0110120608285
lèl-	0.325966850829	0.436464088398	0.150552486188	0.0870165745856
aug-	0.163265306122	0.836734693878	0.0	0.0
hub-	0.768463073852	0.187624750499	0.0319361277445	0.0119760479042
bar-	0.0579777924762	0.400525991764	0.102788754118	0.438707461641
bil-	0.0778679934011	0.888535194411	0.016801392767	0.0167954194212
nea-	0.0701754385965	0.929824561404	0.0	0.0
aga-	0.0185185185185	0.944444444444	0.037037037037	0.0
mùr-	0.659810337919	0.260050754641	0.0641111259516	0.0160277814879
hóh-	0.071450678693	0.887429809435	0.0291815890702	0.0119379228014
jom-	0.440808823529	0.493382352941	0.0415441176471	0.0242647058824
pia-	0.0944881889764	0.811023622047	0.0	0.0944881889764
kùs-	0.632888568338	0.172376487559	0.0811395600433	0.113595384061
lah-	0.256518082422	0.253994953743	0.176619007569	0.312867956266
giu-	0.501299891842	0.207800768432	0.086527741289	0.204371598437
ngu-	0.505711775044	0.263916114641	0.20295390023	0.0274182100852
gwe-	0.412831534208	0.30604797917	0.124034636838	0.157085849784
chú-	0.766336003351	0.19469775919	0.025977491639	0.0129887458195
sur-	0.830917874396	0.12077294686	0.0386473429951	0.00966183574878
njo-	0.253118182104	0.571162875203	0.141391246554	0.0343276961399
jay-	0.0564247242882	0.926904334445	0.0102590407797	0.0064119004873
bel-	0.288169842762	0.481063900743	0.168803020818	0.0619632356771
boa-	0.0392156862745	0.941176470588	0.0196078431373	0.0
wal-	0.40449067195	0.328600517308	0.105662869407	0.161245941335
ton-	0.370294748966	0.508769174389	0.0138212659023	0.107114810743
leo-	0.0	0.988165680473	0.0118343195266	0.0
wán-	0.375690607735	0.21546961326	0.14364640884	0.265193370166
ant-	0.0364650795083	0.922728760089	0.0217054044692	0.019100755933
