-'u̶	0.13667825748	0.263614939161	0.0669454670581	0.532761336301
-eus	0.0	1.0	0.0	0.0
-aja	0.429718875502	0.144578313253	0.0441767068273	0.381526104418
-cas	0.102857142857	0.859428571429	0.00342857142857	0.0342857142857
-car	0.0	1.0	0.0	0.0
-épy	0.0608	0.5824	0.3568	0.0
-ive	0.0520689845171	0.947931015483	0.0	0.0
-rbe	0.0506134969325	0.949386503068	0.0	0.0
-eví	0.03497195645	0.949191685912	0.00791817881887	0.00791817881886
-aan	0.317682565646	0.333821458826	0.217738870922	0.130757104606
-—ma	0.251312828207	0.279444861215	0.0112528132033	0.457989497374
-̱kp	0.651389932382	0.168294515402	0.0586025544703	0.121712997746
-ivo	0.14605734767	0.837813620072	0.0161290322581	0.0
-yut	0.0	0.9375	0.0	0.0625
-kop	0.107438016529	0.570247933884	0.148760330579	0.173553719008
-dío	0.0500002671382	0.704635917273	0.150612548018	0.0947512675711
-úkx	0.586206896552	0.206896551724	0.172413793103	0.0344827586207
-úky	0.294274548054	0.410764309053	0.0340551040212	0.260906038872
-zip	0.26014731889	0.37903122775	0.0995773491416	0.261244104218
-ufo	0.0	1.0	0.0	0.0
-aum	0.00502092050209	0.989958158996	0.0	0.00502092050209
-zoy	0.483552876782	0.279031382112	0.0465886462138	0.190827094892
-̱mb	0.183721069314	0.628610729023	0.0366006817775	0.151067519885
-'óy	0.302586627623	0.263055148853	0.024402147389	0.409956076135
-óty	0.257674991107	0.56463316958	0.097029957945	0.0806618813685
-nto	0.0144607256181	0.917490121535	0.0568647847693	0.0111843680776
-nta	0.236511456024	0.142645971914	0.620842572062	0.0
-pux	0.909426987061	0.0166358595194	0.0295748613678	0.0443622920518
-uan	0.0342526787073	0.898828541001	0.013388102845	0.0535306774466
-ntz	0.0377285479346	0.948727870756	0.0135435813098	0.0
-'ój	0.794392523364	0.0280373831776	0.177570093458	0.0
-tzp	0.595598629026	0.26570628347	0.0301365472606	0.108558540243
-máy	0.266207484201	0.554782361713	0.0431726194703	0.135837534616
-pre	0.0	0.997117878759	0.00288212124124	0.0
-opy	0.0556563823352	0.557773744707	0.0617059891107	0.324863883847
-'ix	0.580332880435	0.232634171196	0.0534986413043	0.133534307065
-opt	0.0959492893113	0.745554577661	0.0434472226221	0.115048910406
-ajp	0.119407573721	0.790596548761	0.0269009416494	0.0630949358687
-más	0.0219347581552	0.974690663667	0.0	0.00337457817773
-'it	0.0857807241277	0.0362056492624	0.00385980427399	0.874153822336
-̱dz	0.519927536232	0.226449275362	0.0	0.253623188406
-aré	0.0	1.0	0.0	0.0
-opo	0.0	0.904929577465	0.0950704225353	0.0
-rés	0.00297914597815	0.992552135055	0.0	0.00446871896723
-mán	0.0281690140845	0.549295774648	0.422535211268	0.0
-'ig	0.179384140928	0.240269146302	0.086397831877	0.493948880893
-ope	0.00766087844739	0.967313585291	0.0219611848825	0.00306435137896
-dea	0.00376522702104	0.989147286822	0.00221483942414	0.00487264673311
-'tz	0.470270765049	0.363557791492	0.124954672994	0.041216770464
-júp	0.402040816326	0.426530612245	0.0122448979592	0.159183673469
-oky	0.29875914293	0.523901093263	0.0671495012161	0.110190262591
-okx	0.255597014925	0.507462686567	0.199626865672	0.0373134328358
-jút	0.22631913541	0.525746980292	0.162110616656	0.0858232676415
-imy	0.37320814821	0.236398692263	0.131779696538	0.258613462989
-júy	0.342431761787	0.219602977668	0.282878411911	0.155086848635
-okp	0.526964560863	0.389830508474	0.0277349768875	0.055469953775
-abé	0.0581516795256	0.893500892827	0.012634345204	0.0357130824433
-deo	0.000967117988395	0.999032882012	0.0	0.0
-des	0.0356499098738	0.889912544229	0.0440616863609	0.0303758595367
-̶kx	0.537046400268	0.307095907227	0.0346886685575	0.121169023948
-̶ky	0.427587498602	0.32496555769	0.117708951897	0.129737991812
-caz	0.0	1.0	0.0	0.0
-aús	0.0666666666667	0.933333333333	0.0	0.0
-̶kp	0.134556574923	0.489296636086	0.0642201834862	0.311926605505
-imo	0.0169798505773	0.844917364727	0.0305637310391	0.107539053656
-ido	0.188782832737	0.553958949352	0.209705867095	0.0475523508153
-bit	0.178881987578	0.76149068323	0.0	0.0596273291925
-ech	0.53697358355	0.374979888455	0.0305861568213	0.0574603711735
-úpt	0.0118890356671	0.532364597094	0.0356671070013	0.420079260238
-rpo	0.0	1.0	0.0	0.0
-rpa	0.734693877551	0.265306122449	0.0	0.0
-eca	0.141104294479	0.527607361963	0.294478527607	0.0368098159509
-oba	0.314685314685	0.622377622378	0.041958041958	0.020979020979
-llo	0.21219265746	0.702930279555	0.0848770629842	0.0
-ida	0.00958286358512	0.990417136415	0.0	0.0
-oby	0.523879774471	0.279687566238	0.124026029081	0.072406630209
-bia	0.0246392115452	0.975360788455	0.0	0.0
-cu̶	0.161655039692	0.499158046668	0.274236228049	0.0649506855906
-ojx	0.612305411416	0.159747961453	0.155670867309	0.072275759822
-eno	0.139149853689	0.366317572771	0.0378869551825	0.456645618358
-ter	0.0	0.986666666667	0.0133333333333	0.0
-uta	0.0	1.0	0.0	0.0
-̶ba	0.287596100474	0.27740841037	0.162601503738	0.272393985418
-ria	0.025894966382	0.950708704343	0.00545157186989	0.0179447574051
-rio	0.0521019513748	0.805988786328	0.125456014494	0.0164532478026
-ril	0.032967032967	0.769230769231	0.0659340659341	0.131868131868
-a'p	0.174595451805	0.0402186325299	0.0153954955739	0.769790420091
-a't	0.192005435168	0.528681667461	0.0319417544643	0.247371142906
-a'k	0.0717342752849	0.61010267244	0.127137884062	0.191025168213
-tea	0.00631578947369	0.993684210526	0.0	0.0
-ris	0.0	1.0	0.0	0.0
-utz	0.156049991351	0.7383778758	0.0454073689673	0.0601647638817
-ejy	0.0615928681942	0.725617033817	0.153481175864	0.0593089221248
-a'a	0.160840937087	0.363693095901	0.0295507992399	0.445915167772
-uty	0.259212900972	0.649094719683	0.0532689060954	0.0384234732491
-tel	0.0192636986301	0.922945205479	0.0321061643836	0.0256849315069
-apx	0.412544433665	0.301218856882	0.0836378450796	0.202598864374
-teo	0.0230370512574	0.942407371856	0.00287963140718	0.031675945479
-lux	0.0	0.92277992278	0.03861003861	0.03861003861
-kóñ	0.205357142857	0.5	0.294642857143	0.0
-jim	0.148628702098	0.0218221108614	0.0042898912053	0.825259295835
-ara	0.10603585576	0.856801568179	0.0300159268183	0.00714664924246
-mes	0.0	1.0	0.0	0.0
-jii	0.27992526987	0.165259884496	0.0335399775326	0.521274868102
-'ty	0.720653352612	0.121080336165	0.0987371227182	0.0595291885053
-aro	0.00416088765603	0.93758668516	0.00208044382802	0.0561719833564
-rón	0.0037617554859	0.981191222571	0.0150470219436	0.0
-mea	0.0	1.0	0.0	0.0
-mec	0.0	1.0	0.0	0.0
-meo	0.0	1.0	0.0	0.0
-—oy	0.0606544293695	0.0750199521149	0.0	0.864325618516
-mei	0.0	1.0	0.0	0.0
-bán	0.260416666667	0.401041666667	0.234375	0.104166666667
-aya	0.0	1.0	0.0	0.0
-moñ	0.127472527473	0.272527472528	0.586813186813	0.0131868131868
-ayb	0.235294117647	0.509803921569	0.0735294117647	0.18137254902
-ayo	0.0161290322581	0.983870967742	0.0	0.0
-'ít	0.329109023859	0.441983659665	0.0834335078747	0.145473808602
-ayk	0.255523535062	0.327569644573	0.0	0.416906820365
-̶py	0.35453449205	0.166641088281	0.108409905721	0.370414513948
-ojk	0.445142782631	0.383361585604	0.0497066110314	0.121789020733
-bás	0.00311688311688	0.981298701299	0.00935064935062	0.00623376623376
-ku̶	0.521370356084	0.205961441223	0.0514362453541	0.221231957339
-uby	0.242671739466	0.670953573606	0.0624674075108	0.0239072794177
-exy	0.683556005194	0.182070536603	0.0288009917373	0.105572466466
-dát	0.0	0.973154362416	0.0268456375839	0.0
-̶y—	0.27972027972	0.566433566434	0.0979020979021	0.0559440559441
-wu̶	0.860212661506	0.0830970979118	0.0209137252716	0.0357765153106
-dán	0.0153980244044	0.963683904707	0.00522951772225	0.0156885531668
-dab	0.0	1.0	0.0	0.0
-ópt	0.111243309831	0.610782314617	0.132292236534	0.145682139018
-ópy	0.44610151753	0.173207744636	0.0732600732601	0.307430664573
-xaj	0.621277747699	0.230102869518	0.0663237682729	0.0822956145099
-ótz	0.544289044289	0.368298368298	0.0524475524475	0.0349650349651
-ota	0.0	1.0	0.0	0.0
-tán	0.0323362974939	0.957962813258	0.0	0.00970088924818
-ote	0.00102827763496	0.99794344473	0.00102827763496	0.0
-táj	0.145011600928	0.646171693735	0.0	0.208816705336
-ták	0.514447119837	0.485552880163	0.0	0.0
-u̶x	0.522642296783	0.31314934025	0.0794030975277	0.0848052654398
-umy	0.407073203058	0.453107666722	0.0399249795291	0.0998941506909
-oto	0.0357142857143	0.928571428571	0.0357142857143	0.0
-ijt	0.587702980251	0.323451859219	0.0234796082572	0.0653655522731
-ijp	0.327832783278	0.531903190319	0.0522552255225	0.0880088008801
-umb	0.400744099254	0.4435277385	0.0908800280567	0.0648481341893
-oty	0.0986543701001	0.738780677084	0.0346886722968	0.127876280519
-otz	0.3527696793	0.55296404276	0.0291545189504	0.0651117589893
-túñ	0.420998373462	0.286224828755	0.174222812765	0.118553985018
-ijy	0.477268900021	0.153600316812	0.177842382162	0.191288401005
-̱e̱	0.195364316567	0.494134585881	0.0919347605448	0.218566337008
-nak	0.134920634921	0.119047619048	0.0	0.746031746032
ALL	0.224549400334	0.268064030114	0.04918430335	0.458202266202
-nan	0.148246672264	0.0265784432797	0.0398924853889	0.785282399067
-nam	0.0	1.0	0.0	0.0
-zuj	0.691109074244	0.297891842346	0.0109990834097	0.0
-zuk	0.176622260421	0.797593467984	0.00859475719809	0.0171895143962
-naa	0.13941114261	0.300098412185	0.0145047810696	0.545985664135
-̶by	0.499671645593	0.238548231103	0.0813766844058	0.180403438898
-zum	0.00340497978292	0.965950202171	0.006384337093	0.0242604809534
-aúl	0.447154471545	0.542005420054	0.0	0.0108401084011
-aúm	0.300613496932	0.653374233129	0.0	0.0460122699387
-nax	0.314183172138	0.51671723078	0.0442586015303	0.124840995552
-sio	0.075607560756	0.872187218722	0.016201620162	0.03600360036
-aky	0.390992776762	0.474414373259	0.0353183027815	0.0992745471982
-akx	0.118325695237	0.727552600883	0.023902249361	0.130219454519
-nas	0.00980764363452	0.984497595545	0.00379650721337	0.00189825360668
-sia	0.0105170902717	0.989482909728	0.0	0.0
-akt	0.141853031096	0.77073585798	0.0503247301657	0.0370863807577
-nat	0.112	0.192	0.696	0.0
-akp	0.367755854523	0.370502998397	0.106613911359	0.15512723572
-jch	0.654693388478	0.246887501691	0.0363237539377	0.0620953558936
-goj	0.730434782609	0.113043478261	0.0130434782609	0.14347826087
-mos	0.0379789759241	0.951848084096	0.0101729399797	0.0
-mor	0.0	0.9375	0.0625	0.0
-goo	0.291966079431	0.222917632514	0.0828214340905	0.402294853964
-gon	0.234636871508	0.418994413408	0.0335195530726	0.312849162011
-das	0.0475713216922	0.869002413856	0.00084696715179	0.0825792972996
-god	0.0	1.0	0.0	0.0
-mox	0.0	1.0	0.0	0.0
-goy	0.356401738338	0.283945082063	0.244493555368	0.115159624231
-gox	0.617612293144	0.174349881797	0.208037825059	0.0
-aán	0.0	1.0	0.0	0.0
-ugy	0.202392387154	0.578333831139	0.123051948215	0.0962218334918
-éch	0.338814065556	0.478038014325	0.0982654526398	0.0848824674799
-mol	0.0	1.0	0.0	0.0
-got	0.0	1.0	0.0	0.0
-yat	0.840476957783	0.058008378988	0.014502094747	0.0870125684821
-u'u	0.0653217558394	0.886094980756	0.0187104968157	0.029872766589
-u't	0.139784946237	0.365591397849	0.494623655914	0.0
-dec	0.0193623768987	0.980637623101	0.0	0.0
-tzk	0.0583864338637	0.176795632323	0.0671971543933	0.69762077942
-eby	0.066717255618	0.0345616194075	0.00990417635162	0.888816948623
-ber	0.0	1.0	0.0	0.0
-ixy	0.479864004116	0.260838134708	0.0762425129871	0.183055348189
-yay	0.364599207559	0.122218835721	0.256400487656	0.256781469064
-eor	0.0	1.0	0.0	0.0
-cob	0.00352837400764	0.996471625992	0.0	0.0
-yaa	0.173200308495	0.0853120231043	0.00754828440623	0.733939383994
-cor	0.0	1.0	0.0	0.0
-bel	0.0269738718766	0.820991577546	0.0112099207799	0.140824629797
-yam	0.363596238005	0.0776989378819	0.0112395248653	0.547465299248
-rla	0.0	0.977611940299	0.0223880597015	0.0
-bed	0.284122562674	0.715877437326	0.0	0.0
-yaj	0.0192157408498	0.948668814833	0.000535257405286	0.0315801869119
-iso	0.0	0.947826086957	0.0521739130435	0.0
-upt	0.0406504065041	0.585365853659	0.0569105691056	0.317073170732
-tún	0.315464218044	0.38866054511	0.110188019239	0.185687217607
-reo	0.0	0.992071881607	0.00792811839323	0.0
-túk	0.0682563009326	0.800706201555	0.118262254022	0.0127752434901
-nte	0.00829552819183	0.904342190538	0.0842514581984	0.00311082307194
-rea	0.0203774683421	0.910130139619	0.0086212366063	0.0608711554323
-yaw	0.480025773196	0.41043814433	0.0	0.109536082474
-isa	0.0851063829787	0.88884064264	0.0260529743813	0.0
-dít	0.50279329609	0.100558659218	0.206703910615	0.189944134078
-eve	0.041095890411	0.917808219178	0.041095890411	0.0
-eva	0.0432172869147	0.827130852341	0.0	0.129651860744
-res	0.00234668335419	0.870932415519	0.0140801001251	0.112640801001
-ret	0.0116261281934	0.986538167355	0.00183570445158	0.0
-yap	0.292452830189	0.707547169811	0.0	0.0
-may	0.093723756412	0.0876179010299	0.701725221202	0.116933121356
-haa	0.227537437604	0.148086522463	0.0707154742096	0.553660565724
-hab	0.0043369313801	0.99566306862	0.0	0.0
-jut	0.185316821236	0.631976453601	0.144388293441	0.038318431721
-avo	0.0483693660682	0.951630633932	0.0	0.0
-úng	0.0888648044368	0.805529191553	0.0702170893923	0.0353889146183
-mas	0.018018018018	0.972972972973	0.0	0.009009009009
-mar	0.0	1.0	0.0	0.0
-ujy	0.440923980572	0.419010504914	0.124816446402	0.0152490681125
-ham	0.101835738758	0.254065930621	0.022895347117	0.621202983504
-dil	0.0896363325935	0.809771783052	0.0587615958113	0.0418302885436
-ya'	0.0	0.818181818182	0.0909090909091	0.090909090909
-maj	0.211920529801	0.549668874172	0.238410596027	0.0
-mal	0.0	0.266862170088	0.601173020528	0.131964809384
-maa	0.239271024824	0.141391030643	0.0664568262071	0.552881118326
-ápx	0.290223720984	0.367260504624	0.216634471893	0.1258813025
-̶u̶	0.103406691106	0.668079848872	0.0577197816653	0.170793678357
-uni	0.0	0.814814814815	0.0	0.185185185185
-ung	0.0991552511298	0.732724120154	0.0428450906902	0.125275538026
-ptz	0.0825497889983	0.237284371067	0.656474420671	0.0236914192641
-pty	0.0254421037266	0.925318560346	0.0398400700673	0.00939926586037
-hoñ	0.48649395336	0.0929286333212	0.00301390162123	0.417563511698
-pta	0.0566037735849	0.943396226415	0.0	0.0
-pto	0.00530973451327	0.917319848293	0.0728192161821	0.00455120101138
-aay	0.638480557609	0.20346665011	0.0327965875356	0.125256204745
-uuñ	0.554819642316	0.25783570779	0.0849651409518	0.102379508942
-gad	0.0	1.0	0.0	0.0
-tra	0.0247507734617	0.913372292884	0.0330010312822	0.0288759023719
-gaa	0.0214285714286	0.741071428571	0.216071428571	0.0214285714286
-ada	0.285407725322	0.304721030043	0.0238435860753	0.38602765856
-ado	0.0525657071339	0.892991239049	0.0431789737171	0.0112640801001
-tro	0.0128832775058	0.876320535944	0.0360731770163	0.0747230095336
-gai	0.0	1.0	0.0	0.0
-adi	0.0	1.0	0.0	0.0
-gau	0.0	1.0	0.0	0.0
-zu̶	0.46850655985	0.288731389031	0.0861653916456	0.156596659473
-gar	0.0	0.98150431566	0.0184956843403	0.0
-adp	0.314814814815	0.555555555556	0.12962962963	0.0
-aat	0.301486199575	0.443093353921	0.147976581098	0.107443865406
-adz	0.207186011592	0.144668937792	0.515832539516	0.1323125111
-zoñ	0.748227485292	0.0888520138784	0.0362045557399	0.12671594509
-gay	0.361338516655	0.333508651574	0.234080341489	0.0710724902813
-ady	0.20550318625	0.150381883952	0.0487597681282	0.59535516167
-seo	0.0385561019222	0.932945909701	0.0201162270898	0.00838176128743
-sem	0.0	1.0	0.0	0.0
-lao	0.246376811594	0.753623188406	0.0	0.0
-óch	0.464022077362	0.429452381493	0.044518136598	0.0620074045472
-ino	0.0471916789189	0.69791387808	0.236461806924	0.0184326360766
-ina	0.00477691793255	0.924524696666	0.0687876182287	0.00191076717302
-uis	0.0	1.0	0.0	0.0
-tes	0.0	1.0	0.0	0.0
-sec	0.0	1.0	0.0	0.0
-ume	0.0358066441218	0.892977919236	0.0525164113786	0.0186990252636
-sea	0.0392156862745	0.960784313725	0.0	0.0
-ing	0.133931696585	0.242987149357	0.244312215611	0.378768938447
-dún	0.323741007194	0.571043165468	0.0917266187051	0.0134892086331
-uim	0.0	1.0	0.0	0.0
-dúk	0.448538411407	0.379663333916	0.0939104449143	0.077887809763
-óky	0.48852061884	0.336948741948	0.0671695204537	0.107361118758
-ókx	0.178581571026	0.393447433689	0.0739317291126	0.354039266173
-set	0.0160642570281	0.983935742972	0.0	0.0
-ser	0.0	1.0	0.0	0.0
-blo	0.0462926563871	0.872459328819	0.00226431471459	0.0789837000789
-oob	0.106514455052	0.148355811487	0.727686013032	0.017443720429
-dón	0.00777999891943	0.980874169323	0.00162083310822	0.00972499864931
-oog	0.211585365854	0.726219512195	0.00914634146341	0.0530487804878
-kup	0.0647948164147	0.935205183585	0.0	0.0
-u'k	0.204644023631	0.42754644916	0.0599689446536	0.307840582555
-ook	0.104659108318	0.133034455741	0.0664453975873	0.695861038353
-oom	0.0608920061043	0.4849158621	0.241198574578	0.212993557217
-nes	0.0416666666667	0.85146493756	0.0276176753122	0.0792507204611
-yóñ	0.444444444444	0.380952380952	0.142857142857	0.031746031746
-rso	0.0121951219512	0.987804878049	0.0	0.0
-neo	0.0	0.872029250457	0.0	0.127970749543
-dóy	0.312447434819	0.445227081581	0.119322960471	0.123002523129
-nej	0.502921890653	0.101029112656	0.00618530099268	0.389863695698
-oot	0.160776741508	0.371775637323	0.100235354741	0.367212266428
-oow	0.42948543425	0.382180778655	0.10563572012	0.0826980669752
-ooy	0.769219718826	0.1480430077	0.0150222902089	0.0677149832652
-kum	0.0	0.835051546392	0.0	0.164948453608
-edy	0.0218804383527	0.908759607837	0.0275086027449	0.0418513510653
-nea	0.0756756756756	0.275675675676	0.616216216216	0.0324324324324
-kxp	0.444865504668	0.370716481167	0.12055898131	0.0638590328554
-cia	0.00526244771286	0.955876399946	0.0348131156389	0.0040480367022
-uun	0.339057926997	0.277044563477	0.170743829035	0.21315368049
-uuk	0.275825113516	0.455546890756	0.0489723599321	0.219655635796
-kxy	0.633007468213	0.107759468623	0.0250078052338	0.23422525793
-uug	0.162162162162	0.525987525987	0.224532224532	0.0873180873181
-las	0.0418958265933	0.91103202847	0.0247492720802	0.0223228728567
-jop	0.133819951338	0.172749391727	0.0	0.693430656934
-hoo	0.323129251701	0.631519274376	0.0340136054422	0.0113378684807
-uub	0.457142857143	0.404761904762	0.138095238095	0.0
-úxy	0.564944209728	0.220452822013	0.128155129455	0.086447838804
-'oj	0.459360049385	0.276325942693	0.0669273110757	0.197386696847
-uuy	0.194744664297	0.414650645968	0.0584423147704	0.332162374964
-uux	0.0593186713524	0.442325133205	0.463637909534	0.0347182859086
-jok	0.00571973307913	0.965681601525	0.0257387988561	0.00285986653956
-uut	0.884615384615	0.0689102564103	0.00961538461539	0.036858974359
-eky	0.288540972063	0.409587416455	0.0873205900063	0.214551021476
-hoy	0.0367478180983	0.963252181902	0.0	0.0
-bas	0.0	1.0	0.0	0.0
-job	0.0645161290323	0.870967741935	0.0	0.0645161290323
-zon	0.000506257401756	0.994684297282	0.00151877220526	0.0032906731114
-ujk	0.214940470404	0.475551821173	0.0827994227106	0.226708285712
-ju̶	0.432713702948	0.425319859077	0.0385916929353	0.10337474504
-tpy	0.434973879571	0.159472092384	0.314819906516	0.0907341215287
-asa	0.0393013100436	0.882096069869	0.00873362445417	0.0698689956332
-zok	0.239858621015	0.469707394067	0.0011331903355	0.289300794582
-aso	0.0893655049151	0.88382484361	0.017873100983	0.00893655049151
-mby	0.322074419839	0.26192745901	0.0888342602045	0.327163860947
-mba	0.432098765432	0.0493827160494	0.0493827160494	0.469135802469
-aac	0.0	0.991443850267	0.00427807486629	0.00427807486631
-dro	0.0242963142189	0.938503105089	0.00292362287281	0.0342769578192
-zow	0.651927437642	0.229024943311	0.119047619048	0.0
-zor	0.0	1.0	0.0	0.0
-húm	0.0	1.0	0.0	0.0
-dúñ	0.242760641185	0.509957069047	0.100143397325	0.147138892443
-ras	0.183673469388	0.779591836735	0.0122448979592	0.0244897959184
-eri	0.0	1.0	0.0	0.0
-ral	0.150904126329	0.849095873671	0.0	0.0
-ram	0.0	1.0	0.0	0.0
-uía	0.026111726539	0.950150340244	0.0	0.0237379332173
-red	0.0	1.0	0.0	0.0
-ero	0.0857609583447	0.729648788456	0.00816771031853	0.17642254288
-ijx	0.571873858614	0.238188551257	0.0536370593815	0.136300530748
-uío	0.161434977578	0.730941704036	0.0538116591929	0.0538116591929
-'íx	0.573621368467	0.299927948329	0.0927665268521	0.0336841563521
-xon	0.147232037691	0.383070992612	0.138772887889	0.330924081808
-rac	0.0	1.0	0.0	0.0
-aén	0.0	0.96	0.04	0.0
-'ch	0.891485809683	0.0884808013355	0.0	0.0200333889816
-yóy	0.156050955414	0.681926751592	0.116242038217	0.0457802547771
-pos	0.0	1.0	0.0	0.0
-pot	0.416666666667	0.552845528455	0.0304878048781	0.0
-áty	0.248769591471	0.296826087545	0.132767937976	0.321636383008
-ooñ	0.388918752192	0.0801266545336	0.0298513575431	0.501103235732
-'aa	0.194077817049	0.432258305162	0.0888615185994	0.28480235919
-dóñ	0.533278987245	0.159441833701	0.213771938237	0.0935072408171
-aza	0.0	0.914101646385	0.0858983536149	0.0
-ujp	0.0854700854701	0.91452991453	0.0	0.0
-pu̶	0.13180781781	0.310554404363	0.180887248668	0.376750529159
-ujt	0.630132850242	0.288345410628	0.036231884058	0.0452898550724
-aax	0.121945833747	0.680694025813	0.0475252006669	0.149834939772
-ojy	0.557236416786	0.257214867283	0.0683006811517	0.117248034779
-lac	0.235860409146	0.764139590854	0.0	0.0
-lam	0.0454545454546	0.954545454545	0.0	0.0
-nor	0.0	1.0	0.0	0.0
-nos	0.0659340659341	0.884615384615	0.0164835164835	0.032967032967
-aar	0.139712315823	0.706996115214	0.117593532356	0.0356980366079
-aam	0.268493231164	0.423239808979	0.0408664781072	0.26740048175
-aal	0.0	0.988416988417	0.0	0.011583011583
-fos	0.0	1.0	0.0	0.0
-eón	0.0829015544042	0.917098445596	0.0	0.0
-aak	0.5275815689	0.339239847275	0.0470756681707	0.0861029156543
-ikp	0.0641711229947	0.379679144385	0.55614973262	0.0
-aad	0.206638463849	0.0557298910201	0.0603828799421	0.677248765189
-aag	0.0647507449871	0.235340168695	0.272993585535	0.426915500783
-noc	0.0	1.0	0.0	0.0
-iky	0.364091981132	0.414799528302	0.114976415094	0.106132075472
-ách	0.565339295855	0.272643384441	0.0853563316297	0.0766609880749
-dow	0.592145015106	0.347432024169	0.0347432024169	0.0256797583082
-e̱b	0.016039279869	0.951882160393	0.0	0.0320785597382
-dor	0.10984056846	0.793873529587	0.0134352421329	0.0828506598196
-yáp	0.132275132275	0.84126984127	0.0264550264551	0.0
-e̱g	0.427614177394	0.476988185505	0.0222183036502	0.0731793334509
-gel	0.0165788137909	0.920599221689	0.00904819543686	0.0537737690836
-e̱k	0.609644087256	0.252583237658	0.0597014925373	0.0780711825488
-e̱m	0.193450371371	0.354779589081	0.0876338381402	0.364136201408
-boj	0.18302828619	0.344425956739	0.379367720466	0.0931780366057
-doy	0.537890855135	0.21965713122	0.105900921542	0.136551092103
-'tp	0.321545301964	0.439975265746	0.0838903448073	0.154589087483
-doc	0.0	1.0	0.0	0.0
-gáñ	0.195	0.73	0.045	0.03
-ges	0.0126582278481	0.949367088608	0.0379746835443	0.0
-e̱x	0.54965147901	0.307673030694	0.125133421817	0.017542068479
-e̱t	0.479949874687	0.375626566416	0.0825501253132	0.061873433584
-xón	0.375346516209	0.189527422046	0.115780211417	0.319345850327
-mpo	0.180233266741	0.553528941079	0.0458637811256	0.220374011054
-'uy	0.337591715669	0.569521777593	0.0819586824166	0.0109278243222
-vos	0.00162601626016	0.991869918699	0.0	0.00650406504064
-̶jk	0.0712002963011	0.744871141638	0.0598678257775	0.124060736283
-iby	0.0756945394747	0.0846115571542	0.0111133287536	0.828580574618
-tol	0.0367381018647	0.883940996382	0.0367381018647	0.0425827998887
-̶ja	0.409090909091	0.590909090909	0.0	0.0
-hóñ	0.797269624573	0.105802047782	0.0	0.0969283276451
-'uk	0.156920799408	0.843079200592	0.0	0.0
-oli	0.0	1.0	0.0	0.0
-tor	0.285935085008	0.621329211746	0.0927357032458	0.0
-'un	0.258224181862	0.0612510016174	0.0220686034304	0.658456213091
-̶jy	0.332785720219	0.552861586171	0.026165446843	0.0881872467673
-mpy	0.0	0.908212560386	0.072463768116	0.0193236714976
-̱pk	0.343949044586	0.579617834395	0.0764331210191	0.0
-̶jt	0.036473297279	0.831417948285	0.0963326009803	0.0357761534561
-'ug	0.0380030870933	0.124363873387	0.0361370691764	0.801495970344
-sam	0.0	1.0	0.0	0.0
-̶jp	0.141584770026	0.140935526707	0.195981134824	0.521498568443
-uud	0.416666666667	0.488738738739	0.0	0.0945945945946
-múk	0.265702544995	0.378063635769	0.356233819237	0.0
-iel	0.0163413527009	0.978211529732	0.00544711756695	0.0
-e̱'	0.279500714362	0.0299440509371	0.0069134226351	0.683641812066
-loi	0.0	0.980769230769	0.0192307692308	0.0
-ú̶n	0.0284391456126	0.829726161957	0.0616682229725	0.0801664694575
-ú̶m	0.625477880939	0.193268705625	0.162820862916	0.0184325505188
-naí	0.0546218487395	0.94537815126	0.0	0.0
-ú̶k	0.376654529139	0.298091359346	0.0679500232972	0.257304088219
-hám	0.133883203744	0.0665280173942	0.0410039467776	0.758584832085
-aní	0.0	1.0	0.0	0.0
-ú̶w	0.15859030837	0.735682819383	0.0132158590308	0.0925110132158
-imb	0.344990285419	0.41751764652	0.0437319691489	0.193760098912
-yby	0.582089552239	0.10447761194	0.0	0.313432835821
-ú̶p	0.299003322259	0.282392026578	0.0996677740864	0.318936877076
-rom	0.0	1.0	0.0	0.0
-lot	0.0310963988364	0.946835189086	0.0180559735179	0.00401243855953
-lor	0.0670262552551	0.560958197827	0.332751645911	0.0392639010074
-los	0.0289739802295	0.946596977616	0.0	0.0244290421543
-ú̶y	0.45163451027	0.297259431846	0.112074514133	0.139031543751
-ú̶x	0.603324099723	0.282409972299	0.014542936288	0.0997229916898
-sas	0.0	1.0	0.0	0.0
-juy	0.421226529492	0.486158265137	0.0717419954793	0.0208732098916
-ipo	0.00970873786407	0.990291262136	0.0	0.0
-wók	0.142857142857	0.579831932773	0.151260504202	0.126050420168
-ión	0.00273847558193	0.969876768599	0.00547695116385	0.0219078046554
-ipa	0.0	0.996719518863	0.0	0.00328048113723
-aañ	0.844274008148	0.0284080308328	0.00957056489681	0.117747396123
-ipe	0.0178912817997	0.972216519172	0.00111987158806	0.00877232743978
-noé	0.0	1.0	0.0	0.0
-ipx	0.113636363636	0.206755050505	0.132575757576	0.547032828283
-ipy	0.413919413919	0.523809523809	0.00732600732599	0.0549450549451
-wóy	0.620620620621	0.332332332332	0.027027027027	0.02002002002
-rdo	0.0370370370371	0.833333333333	0.12962962963	0.0
-—ko	0.116956360947	0.0665680473373	0.0	0.816475591716
-e̱n	0.323854208388	0.128454540253	0.0559020426847	0.491789208674
-é̱n	0.21682814182	0.689828801611	0.0552603859198	0.0380826706486
-jty	0.773146634005	0.0318086607083	0.0109268391551	0.184117866131
-uxk	0.179993433207	0.701487813851	0.111872841562	0.00664591137994
-jtz	0.257525122287	0.363067636481	0.130208032193	0.249199209038
-jtp	0.325845383394	0.456021734425	0.0864883963084	0.131644485872
-lu̶	0.555913631969	0.362874637448	0.0773445053174	0.00386722526587
-úmy	0.583616298812	0.37818336163	0.0127334465195	0.025466893039
-jtk	0.398222807306	0.546239921014	0.0283857166365	0.0271515550436
-uxy	0.346653138192	0.558468857386	0.0806731054551	0.0142048989672
-—ay	0.161787365177	0.573189522342	0.169491525424	0.095531587057
-kpy	0.306748466258	0.453987730061	0.0184049079755	0.220858895706
-hów	1.0	0.0	0.0	0.0
-'uñ	0.145380512703	0.782932843953	0.0223662327235	0.0493204106211
-sto	0.0240800152014	0.925094076997	0.00190676952982	0.0489191382722
-yky	0.668789808917	0.140127388535	0.191082802548	0.0
-ste	0.0294117647059	0.794117647059	0.132352941176	0.0441176470588
-sta	0.0354897303339	0.937124493503	0.0150901215593	0.0122956546039
-saí	0.0	1.0	0.0	0.0
-áxy	0.446880694365	0.325424578471	0.0995043580777	0.128190369086
-̶xa	0.648146678308	0.266132232717	0.0571473926502	0.0285736963251
-loé	0.0130123617436	0.902407286923	0.0	0.0845803513337
-ián	0.0983606557377	0.877049180328	0.0245901639344	0.0
-̶xk	0.690976933514	0.16960651289	0.0437584803256	0.09565807327
-udz	0.200136147039	0.764125255276	0.0280803267529	0.0076582709326
-uch	0.339381133273	0.528292862321	0.0947382369051	0.0375877675009
-̶xp	0.367531944423	0.371696083858	0.130246550127	0.130525421592
-ú̶ñ	0.780769230769	0.184615384615	0.0	0.0346153846154
-̶xy	0.397623404293	0.151353954228	0.0454736969002	0.405548944579
-tos	0.0	1.0	0.0	0.0
-ooz	0.0521739130435	0.947826086957	0.0	0.0
-góy	0.363294226483	0.383205079685	0.188511837181	0.0649888566503
-'um	0.325325006373	0.0890262554168	0.113752230436	0.471896507775
-leo	0.150143708979	0.813821800867	0.0240229934366	0.0120114967183
-lea	0.00724847781965	0.978254566541	0.00898811249637	0.00550884314294
-̶jx	0.432142284019	0.467860032993	0.0392061400259	0.0607915429616
-míñ	0.0490047785051	0.0539728604588	0.0148428496784	0.882179511358
-leg	0.0	1.0	0.0	0.0
-góm	0.46420824295	0.501084598698	0.00867678958782	0.0260303687636
-gón	0.152678526177	0.1980893011	0.0661395773149	0.583092595408
-ios	0.139591842863	0.717705928312	0.01165033686	0.131051891965
-les	0.172032233492	0.774646193321	0.00841919576635	0.0449023774206
-eel	0.0	1.0	0.0	0.0
-rra	0.0	0.992727272727	0.00727272727273	0.0
-ndz	0.262201937407	0.211764157973	0.489008941878	0.0370249627422
-rro	0.0265486725664	0.840707964602	0.132743362832	0.0
-bra	0.032967032967	0.67032967033	0.296703296703	0.0
-ch'	0.193548387097	0.729032258064	0.0774193548387	0.0
-gio	0.00696702275893	0.993032977241	0.0	0.0
-udá	0.0	1.0	0.0	0.0
-eey	0.141222248574	0.57223510779	0.07391938771	0.212623255926
-zoo	0.308370044053	0.441997063142	0.0440528634361	0.205580029369
-ndo	0.0	0.966666666667	0.0333333333333	0.0
-eez	0.0547588005215	0.83963494133	0.0039113428944	0.101694915254
-'e̱	0.00523073210642	0.00588605816583	0.000600528959033	0.988282680769
-'ud	0.121856866538	0.878143133462	0.0	0.0
-̱tz	0.688150930511	0.238219224859	0.0	0.0736298446303
-u̶n	0.0898391594107	0.369329931017	0.00964361576921	0.531187293803
-gia	0.0	0.952595936795	0.0474040632054	0.0
-ala	0.00229709035222	0.996937212864	0.0	0.000765696784074
-yoy	0.386088030541	0.500224567707	0.0502470244779	0.0634403772738
-yox	0.204545454545	0.522727272727	0.0681818181818	0.204545454545
-uva	0.0452349705414	0.947225867702	0.0	0.0075391617569
-idy	0.935622317597	0.0386266094421	0.0257510729614	0.0
-gu̶	0.0939723400605	0.225431947502	0.0847644687108	0.595831243727
-una	0.0338983050847	0.966101694915	0.0	0.0
-yok	0.716894977169	0.283105022831	0.0	0.0
-yoj	0.115662650602	0.801445783133	0.0231325301205	0.0597590361445
-̶na	0.523456790123	0.446913580247	0.0	0.0296296296296
-̶ng	0.0388663967611	0.931983805668	0.0	0.0291497975708
-huñ	0.562678062678	0.242165242165	0.0925925925926	0.102564102564
-xym	0.352209944751	0.647790055249	0.0	0.0
-ogy	0.401205680646	0.250016743239	0.218055574159	0.130722001956
-chi	0.1132135086	0.0152175659066	0.000237750654124	0.871331174839
-chk	0.230769230769	0.269230769231	0.5	0.0
-zón	0.421875	0.578125	0.0	0.0
-cha	0.427027954039	0.465957811696	0.0411593208712	0.0658549133939
-ros	0.0	0.76724137931	0.0258620689655	0.206896551724
-che	0.00612870275793	0.932584269663	0.0612870275792	0.0
-jkp	0.568938645412	0.230341189554	0.0545498141709	0.146170350863
-tuñ	0.435450819672	0.428132318501	0.0276639344262	0.1087529274
-oré	0.0	1.0	0.0	0.0
-jkt	0.178369835177	0.637239406939	0.179875065854	0.00451569202981
-ogo	0.0	1.0	0.0	0.0
-ñu̶	0.389249965678	0.299721410377	0.112024455415	0.199004168531
-jky	0.56008292891	0.19387215752	0.0757313504635	0.170313563106
-ela	0.0	0.952	0.048	0.0
-zów	0.546153846154	0.423076923077	0.0	0.0307692307692
-é̱t	0.522959183673	0.46556122449	0.00382653061224	0.00765306122449
-ját	0.39762611276	0.3353115727	0.195845697329	0.0712166172106
-itz	0.190058479532	0.725146198831	0.0497076023392	0.0350877192982
-ity	0.437793777018	0.247127280156	0.0314142217976	0.283664721029
-itu	0.00525119239567	0.973123708247	0.0180089101913	0.00361618916642
-góñ	0.326595744681	0.16914893617	0.0127659574468	0.491489361702
-ñdy	0.0404545534961	0.872214326573	0.0796942909545	0.0076368289763
-ito	0.00675422138837	0.94052532833	0.0136960600375	0.0390243902439
-mín	0.238005196305	0.675101039261	0.0535508083141	0.0333429561201
-eso	0.0793707543798	0.910976045763	0.00214515552378	0.00750804433321
-jpt	0.0803237607282	0.631699400205	0.0185689989621	0.269407840105
-lás	0.0	1.0	0.0	0.0
-jpy	0.535452094567	0.187131895479	0.0755080879303	0.201907922024
-esa	0.0	1.0	0.0	0.0
-ite	0.0	1.0	0.0	0.0
-ita	0.0	1.0	0.0	0.0
-miñ	0.789549003927	0.0785354564336	0.0187406606624	0.113174878977
-spe	0.040404040404	0.919191919192	0.040404040404	0.0
-axk	0.0961729417444	0.213555423857	0.00824204936594	0.682029585032
-fté	0.0	1.0	0.0	0.0
-̶mb	0.47609582416	0.223249188428	0.0772548871288	0.223400100283
-udy	0.352941176471	0.556561085973	0.0633484162896	0.027149321267
-zák	0.275884665793	0.694626474443	0.0196592398427	0.00982961992136
-u̶y	0.576664000872	0.219076617489	0.076018224303	0.128241157336
-fas	0.228070175439	0.736842105263	0.0116959064327	0.0233918128655
-o'k	0.599016633539	0.130348362799	0.0776231823413	0.19301182132
-alí	0.0	1.0	0.0	0.0
-bre	0.220031399294	0.604250721677	0.0836639262623	0.092053952766
-utk	0.169008320829	0.762242531715	0.034374573728	0.034374573728
-bro	0.0263355906697	0.922068150059	0.0343975061808	0.0171987530904
-udo	0.184421534937	0.767468499427	0.0481099656358	0.0
-woy	0.411390655239	0.396184683439	0.106165330384	0.0862593309373
-hum	0.0543981481481	0.945601851852	0.0	0.0
-rim	0.0	1.0	0.0	0.0
-yoñ	0.32358792492	0.175590346856	0.329556266759	0.171265461465
-aby	0.57417930837	0.228497968777	0.101738917755	0.095583805098
-wow	0.714285714286	0.261904761905	0.0	0.0238095238095
-'kt	0.0861909175162	0.813716404078	0.0556070435588	0.044485634847
-wok	0.385714285714	0.421428571429	0.0857142857143	0.107142857143
-hux	0.413043478261	0.173913043478	0.369565217391	0.0434782608696
-'kp	0.422947788563	0.348343809943	0.184067249592	0.0446411519012
-woo	0.0	1.0	0.0	0.0
-abo	0.0200668896321	0.939799331104	0.0	0.0401337792642
-'ky	0.662920385445	0.137962303495	0.031014585778	0.168102725282
-'kx	0.0881101896164	0.772258354954	0.038025927428	0.101605528001
-nco	0.0941828254846	0.905817174515	0.0	0.0
-nch	0.205351642185	0.0720268923569	0.12208366896	0.600537796498
-̱jt	0.140942730863	0.742909149082	0.0388379699223	0.0773101501317
-nce	0.0102739726027	0.989726027397	0.0	0.0
-kon	0.0900562851782	0.596622889306	0.313320825516	0.0
-̱jp	0.630917970697	0.341174125386	0.0279079039171	0.0
-ael	0.0273148148148	0.911435185185	0.01	0.05125
-tun	0.417589052123	0.303481585832	0.0583618434293	0.220567518615
-och	0.253761087701	0.6210136661	0.0166228202919	0.108602425907
-o'o	0.107620941021	0.855457729812	0.0167566032377	0.0201647259301
-jók	0.00796839204489	0.944221255686	0.0	0.0478103522693
-oro	0.0139623750735	0.94341563786	0.0352733686067	0.00734861845973
-̱jk	0.528507100797	0.19729823346	0.0462764114998	0.227918254243
-zóñ	0.588302752294	0.226681957187	0.0290519877676	0.155963302752
-gam	0.38315341341	0.394523001031	0.0283817343267	0.193941851232
-aba	0.0596043578381	0.0679158280576	0.0232648637792	0.849214950325
-omy	0.389301218317	0.610698781683	0.0	0.0
-éxy	0.457249889819	0.244233876891	0.110474511532	0.188041721757
-lix	0.0548489666137	0.87440381558	0.0190779014308	0.0516693163752
-émy	0.0288461538462	0.956730769231	0.0144230769231	0.0
-rut	0.0	1.0	0.0	0.0
-lis	0.0252572497661	0.854069223573	0.0	0.120673526661
-ico	0.0121663471465	0.8927149388	0.095118714054	0.0
-lim	0.0	0.961538461538	0.0384615384615	0.0
-káy	0.240790219416	0.463363290422	0.142012792486	0.153833697676
-lio	0.00882807327302	0.966011917899	0.0251600088281	0.0
-sué	0.243531202435	0.756468797565	0.0	0.0
-ich	0.0117140156725	0.0151229991412	0.00439794446335	0.968765040723
-omb	0.35412221498	0.126300148588	0.312970917969	0.206606718463
-oma	0.0395960588109	0.902084164646	0.00736670861597	0.0509530679272
-yín	0.383133936388	0.259410563175	0.357455500438	0.0
-rug	0.0	1.0	0.0	0.0
-ica	0.0	0.995229386976	0.0	0.00477061302377
-aab	0.588043478261	0.0739130434782	0.103260869565	0.234782608696
-̱xk	0.108689991957	0.777904426868	0.0178208770418	0.095584704133
-eas	0.0105448154657	0.968365553603	0.0210896309314	0.0
-ody	0.368421052632	0.516177378119	0.0536895001323	0.0617120691175
-odz	0.0380094043887	0.832157784744	0.0242946708464	0.105538140021
-ode	0.216216216216	0.641891891892	0.0	0.141891891892
-rna	0.0	1.0	0.0	0.0
-rno	0.0431389466254	0.781560061179	0.00431389466253	0.170987097533
-bu̶	0.0923655780642	0.13998577644	0.0305843310877	0.737064314408
-rni	0.0	1.0	0.0	0.0
-zer	0.0	1.0	0.0	0.0
-ana	0.0392413342054	0.886200130804	0.0196206671027	0.0549378678875
-toy	0.224489795918	0.591836734694	0.183673469388	0.0
-rge	0.0	0.993288590604	0.0	0.00671140939597
-'py	0.197965356063	0.182018146824	0.353313170195	0.266703326918
-'oñ	0.897071129707	0.102928870293	0.0	0.0
-̱jx	0.353519268393	0.309578115078	0.0461112089208	0.290791407608
-duu	0.203957023341	0.742054352833	0.0539886238257	0.0
-̶x—	0.135869565217	0.384057971014	0.26268115942	0.217391304348
-yiñ	0.674854081954	0.130013353939	0.0117034525185	0.183429111588
-way	0.0418118466899	0.95818815331	0.0	0.0
-kom	0.299643281807	0.672938378681	0.0	0.0274183395118
-apt	0.00218818380744	0.99124726477	0.00656455142232	0.0
-aín	0.0	0.983985765125	0.0106761565836	0.00533807829181
-wan	0.289729278494	0.0422449315461	0.000959074121587	0.667066715838
-par	0.0	0.89918826918	0.0458235140089	0.0549882168107
-apy	0.399165921954	0.261245159369	0.017873100983	0.321715817694
-wak	0.165201005025	0.684045226131	0.0455402010051	0.105213567839
-waj	0.156999297076	0.801996823827	0.0191351435786	0.0218687355185
-dun	0.0833333333333	0.87962962963	0.037037037037	0.0
-fat	0.0	1.0	0.0	0.0
-vu̶	0.0318725099601	0.96812749004	0.0	0.0
-tuk	0.309088339223	0.531618374558	0.076183745583	0.083109540636
-uum	0.191476326842	0.603414024056	0.0913480586137	0.113761590488
-zul	0.0	0.307692307692	0.692307692308	0.0
-icó	0.0	1.0	0.0	0.0
-omé	0.0	0.949044585987	0.0	0.0509554140128
-koj	0.639780692878	0.244310341655	0.0231817930933	0.0927271723731
-yu̶	0.207384103596	0.242743645047	0.142305622215	0.407566629142
-zín	0.0	1.0	0.0	0.0
-dia	0.0	0.886022795441	0.0	0.113977204559
-i'k	0.157119476268	0.446808510638	0.224222585925	0.171849427169
-dio	0.0	1.0	0.0	0.0
-aña	0.0	1.0	0.0	0.0
-dij	0.778330225813	0.126372488088	0.00828672053036	0.0870105655687
-dit	0.430127548646	0.49818452658	0.0460850944978	0.0256028302765
-fes	0.0674157303371	0.932584269663	0.0	0.0
-nás	0.00770218228498	0.983311938383	0.00385109114249	0.00513478818998
-̶ñ—	0.575163398693	0.0718954248366	0.0392156862745	0.313725490196
-dis	0.0	1.0	0.0	0.0
-feo	0.0	1.0	0.0	0.0
-zíp	0.469267072269	0.473190424746	0.0296810143856	0.0278614885995
-lem	0.0	1.0	0.0	0.0
-sli	0.0	1.0	0.0	0.0
-xii	0.204369274137	0.275546159267	0.0398167723749	0.480267794221
-tuu	0.325980392157	0.662990196079	0.0110294117647	0.0
-'ok	0.413159908187	0.468247895945	0.0153022188217	0.103289977047
-ukp	0.56843025798	0.337560122431	0.00655881066899	0.0874508089199
-sús	0.00935411601016	0.614106277731	0.00320962856713	0.373329977692
-lta	0.0299401197604	0.934131736527	0.0	0.0359281437126
-'on	0.317194974602	0.45321965698	0.0569975416218	0.172587826795
-uky	0.564049833095	0.254738912732	0.13292799237	0.0482832618025
-elí	0.00431034482758	0.963362068966	0.0193965517241	0.0129310344828
-'og	0.481751824818	0.518248175182	0.0	0.0
-'oy	0.511022862748	0.253699530073	0.0911897688715	0.144087838307
-ver	0.463123644252	0.536876355748	0.0	0.0
-̱kx	0.616352201258	0.174528301887	0.209119496855	0.0
-añ—	0.390625	0.4921875	0.0390625	0.078125
-duñ	0.715209568923	0.110195722948	0.0168307364069	0.157763971722
-pxp	0.3169609491	0.351400761269	0.0544969773906	0.27714131224
-̶tz	0.218551461475	0.193852553716	0.0405455913809	0.547050393428
-pxt	0.326403326403	0.523908523908	0.0498960498961	0.099792099792
-pxy	0.303772566285	0.221641819056	0.0932355660173	0.381350048641
-íxy	0.514841915994	0.278693430603	0.101034432853	0.10543022055
-ego	0.0581187866428	0.510833545756	0.418812133571	0.0122355340301
-eeñ	0.173694976916	0.684516977857	0.0417045410731	0.100083504153
-tia	0.0	1.0	0.0	0.0
-áky	0.0	1.0	0.0	0.0
-ákx	0.0835073068894	0.125260960334	0.104384133612	0.686847599165
-ypy	0.499170203044	0.280521593397	0.0849422480245	0.135365955534
-tio	0.0727272727272	0.918181818182	0.00909090909093	0.0
-lón	0.041144549221	0.715546602954	0.0351396690644	0.208169178761
-tii	0.280122154359	0.252486363785	0.00683852108306	0.460552960773
-tij	0.140096618357	0.367149758454	0.478260869565	0.0144927536232
-ngo	0.0121836925961	0.661668228679	0.123711340206	0.202436738519
-u̶d	0.0355529224387	0.0189427714519	0.00881805162194	0.936686254488
-jat	0.629184861718	0.370815138282	0.0	0.0
-u̶g	0.256674271347	0.175793835553	0.0923765015365	0.475155391563
-ema	0.0	0.974789915966	0.00504201680672	0.0201680672269
-u̶b	0.583437343984	0.252433849226	0.0673989016476	0.0967299051423
-̶my	0.441537568937	0.161392457522	0.0398778411808	0.35719213236
-u̶m	0.236110442148	0.20425343777	0.0615893755573	0.498046744525
-emo	0.0	0.968851395198	0.00778715120054	0.0233614536015
-osé	0.0435580351149	0.947491683697	0.004475140594	0.004475140594
