-jãa	0.0456340500219	0.901711276876	0.0421237384818	0.0105309346204
-ɛrɛ	0.552940566118	0.3032516922	0.0586992710029	0.0851084706791
-vìi	0.541903409091	0.353693181818	0.0852272727273	0.0191761363637
-ɔlì	0.560553633218	0.418685121107	0.0	0.0207612456747
-ivi	0.0132523391516	0.986747660848	0.0	0.0
-gkù	0.488372093023	0.279069767442	0.232558139535	0.0
-ɓèe	0.550925925926	0.296296296296	0.0648148148148	0.0879629629629
-nkɔ	0.410429634225	0.0781783549872	0.0313817051036	0.480010305684
-ufu	0.0373894850509	0.946547884187	0.0120132280489	0.0040494027131
-tuu	0.647837249233	0.100224247336	0.0862632453033	0.165675258128
-gkɔ	0.0959001089871	0.123681684799	0.0418358674867	0.738582338727
-gãa	0.0572282906245	0.891424201059	0.0187589653197	0.0325885429963
-oyi	0.423138402613	0.498374504823	0.0246488389872	0.0538382535773
-nkɛ	0.761194029851	0.208955223881	0.0298507462687	0.0
-ɔrɔ	0.317488472538	0.489309455015	0.133318118408	0.0598839540388
-nsi	0.103220357836	0.860774872962	0.0203592427523	0.0156455264501
-'ìi	0.564681724846	0.168377823409	0.082135523614	0.184804928131
-ɔrɛ	0.666477061249	0.211366757159	0.0786590866556	0.0434970949366
-nti	0.0603325773463	0.730241240416	0.0633852519562	0.146040930282
-puu	0.69223468989	0.131845587004	0.141028861721	0.0348908613856
-nta	0.0	0.939655172414	0.0258620689655	0.0344827586207
-zãa	0.49021194671	0.386176356676	0.0549359321724	0.0686757644417
-ntu	0.015625	0.96875	0.0	0.015625
-ùsù	0.527174931093	0.27760978351	0.108111001097	0.0871042842998
-ɔkɔ	0.329857673494	0.345837583767	0.0793175428814	0.244987199857
-itì	0.333333333333	0.273333333333	0.36	0.0333333333333
-yìi	0.0714285714285	0.622448979592	0.146258503401	0.159863945578
-g'ã	0.398230088496	0.238938053097	0.070796460177	0.29203539823
-opi	0.0267551095421	0.124543752725	0.00495781582569	0.843743321908
-gɛ̃	0.0625445897741	0.836623067776	0.0611177170036	0.0397146254459
-zìi	0.0604432023034	0.907935676983	0.0098367438267	0.0217843768866
-opa	0.0967581047382	0.876309226933	0.00748129675811	0.0194513715711
-gke	0.527207850134	0.189116859946	0.200713648528	0.0829616413916
-bɛɛ	0.608116170695	0.0645987080382	0.0273857911973	0.29989933007
-imu	0.0247074122237	0.963589076723	0.00650195058518	0.00520156046814
-ìrɛ	0.481481481481	0.222222222222	0.0	0.296296296296
-gko	0.583065909652	0.232041471242	0.1379906196	0.0469019995063
-gkn	0.0	1.0	0.0	0.0
-gki	0.645875251509	0.293762575453	0.0	0.0603621730382
-gku	0.279999265455	0.602381761255	0.110181708	0.00743726529
-oko	0.0712207844317	0.471110442371	0.420052161701	0.0376166114956
-mã̀	0.703688556823	0.180039323633	0.0872040896578	0.029068029886
-oki	0.222222222222	0.544444444444	0.233333333333	0.0
-kim	0.0	1.0	0.0	0.0
-nyɔ	0.730786377689	0.177854584893	0.0418584367771	0.049500600641
-imi	0.088803088803	0.880308880309	0.030888030888	0.0
-nyɛ	0.0341778277343	0.923315294075	0.00804184181984	0.0344650363707
-yɔɔ	0.0845867891053	0.554098248544	0.0560642647094	0.305250697641
-gɔ̃	0.71574326443	0.193805928749	0.0586121228202	0.0318386840011
-asɛ	0.56398750321	0.225161467474	0.073867229206	0.136983800109
-imo	0.119047619048	0.880952380952	0.0	0.0
-ã̀a	0.337073783632	0.461786751007	0.121095273168	0.0800441921927
-gsɛ	0.559441805982	0.104858732604	0.0491316416048	0.286567819809
-idi	0.184210526316	0.544736842105	0.15	0.121052631579
-gsɔ	0.66425666516	0.33574333484	0.0	0.0
-pàa	0.703703703704	0.118518518518	0.162962962963	0.0148148148148
-oba	0.0	1.0	0.0	0.0
-ida	0.124060150376	0.836466165414	0.00845864661654	0.031015037594
-kpi	0.783505154639	0.0	0.0309278350515	0.185567010309
-ĩ̀i	0.674473067916	0.149882903981	0.147540983607	0.0281030444965
-ekɔ	0.27989821883	0.00763358778626	0.0	0.712468193384
-idu	0.0222781623663	0.93127753304	0.0426683448709	0.0037759597231
-pɔk	0.628099173554	0.322314049587	0.0247933884298	0.0247933884297
-bii	0.0788838985405	0.201086553687	0.0153212971835	0.704708250589
-uta	0.0	1.0	0.0	0.0
-azɔ	0.0	1.0	0.0	0.0
-lɛ̀	0.49624699525	0.294986763847	0.0853271769117	0.123439063991
-uti	0.720930232558	0.220930232558	0.0348837209302	0.0232558139535
-rik	0.167249825052	0.153254023793	0.118264520644	0.561231630511
-tee	0.32439914036	0.311539018721	0.239646211797	0.124415629121
-utu	0.209749370259	0.530143996003	0.16471323933	0.0953933944077
-gro	0.373014277096	0.322139553589	0.0804343454656	0.224411823849
-bɔɔ	0.2125	0.6	0.1375	0.05
-bìi	0.265625	0.375	0.078125	0.28125
-ara	0.112094845571	0.807306772503	0.0454892382842	0.0351091436422
-ari	0.138037914213	0.721587837313	0.0663661855862	0.0740080628874
-aru	0.0555216595485	0.878889566809	0.0366076876144	0.0289810860281
-mek	0.0	1.0	0.0	0.0
-g'n	0.730769230769	0.0384615384615	0.192307692308	0.0384615384615
-vuu	0.112694834354	0.305517198178	0.0221536773378	0.55963429013
-aya	0.0179759227181	0.967082862034	0.00182953656096	0.0131116786869
-ãrɛ	0.62803368004	0.232293214463	0.0594353640416	0.0802377414562
-ṇaa	0.604229607251	0.359516616314	0.0	0.0362537764351
-ndu	0.0	1.0	0.0	0.0
-ayi	0.515243940965	0.400176911373	0.0415632857123	0.0430158619497
-ayu	0.514133578697	0.178509948694	0.056519918375	0.250836554235
-z'i	0.530279422458	0.263841279734	0.0955645580139	0.110314739794
-hɔɔ	0.123832902293	0.0875816420462	0.77105159339	0.0175338622715
-ujɛ	0.0321577964056	0.87583287866	0.0661342856671	0.0258750392672
-jèe	0.213231580719	0.717973177712	0.0258683575557	0.0429268840132
-ubu	0.00644106426201	0.987316058069	0.000594559778033	0.0056483178913
-ikɔ	0.512311901505	0.276184059184	0.0956401304013	0.11586390891
-wàa	0.52378011118	0.359275272802	0.0650607370805	0.0518838789376
-p'u	0.900943396226	0.0990566037735	0.0	0.0
-uba	0.10447761194	0.805970149254	0.0597014925373	0.0298507462687
-arɛ	0.367786603341	0.190363964305	0.0518247474698	0.390024684885
-ǎng	0.456537735975	0.32137056313	0.133644622239	0.0884470786562
-ufa	0.0371656115989	0.872166632632	0.0665713702267	0.0240963855421
-ota	0.0	1.0	0.0	0.0
-kel	0.212389380531	0.676991150443	0.0486725663717	0.0619469026548
-ija	0.131428571429	0.737142857143	0.12	0.0114285714286
-aɓa	0.236060823232	0.0620555822448	0.0556870961533	0.64619649837
-oti	0.0309319024698	0.948867671427	0.0112049238539	0.00899550224888
-aɓi	0.435633367662	0.474768280124	0.00926879505664	0.0803295571575
-oto	0.100834311042	0.353474123322	0.545691565637	0.0
-ɓii	0.638554216867	0.240963855422	0.120481927711	0.0
-uma	0.0243902439024	0.439024390244	0.0975609756098	0.439024390244
-otu	0.0511534603811	0.769307923771	0.179538615848	0.0
-ilu	0.208494208494	0.752895752896	0.030888030888	0.00772200772201
-lèe	0.533333333333	0.0833333333333	0.233333333333	0.15
-umi	0.100293547259	0.840191600521	0.0330638067887	0.0264510454309
-ako	0.109090909091	0.709090909091	0.0727272727273	0.109090909091
-akn	0.0685178087197	0.431480400199	0.379493374791	0.12050841629
ALL	0.210058414162	0.292852625371	0.0536722992305	0.443416661236
-aki	0.0192307692308	0.980769230769	0.0	0.0
-nam	0.0	1.0	0.0	0.0
-naa	0.0982381617211	0.0956862901183	0.0053880320561	0.800687516104
-aka	0.17295406903	0.690805682545	0.101903508086	0.0343367403387
-zuu	0.497807277468	0.143890008297	0.179447670973	0.178855043262
-aku	0.0320153953814	0.953289013296	0.00839748075577	0.00629811056683
-ŏng	0.558648111332	0.375745526839	0.0178926441352	0.0477137176938
-goo	0.851396648045	0.113966480447	0.00782122905028	0.0268156424581
-gon	0.0	1.0	0.0	0.0
-gog	0.0322580645161	0.935483870968	0.0322580645161	0.0
-kãa	0.824130497173	0.0816942206678	0.0268309450233	0.0673443371355
-lɛɛ	0.212725546059	0.456030389364	0.142830009497	0.188414055081
-mon	0.08203125	0.89453125	0.0	0.0234375
-ɔng	0.179020967406	0.31278906579	0.11898696045	0.389203006353
-ɓɛɛ	0.168922476155	0.0701747950624	0.00335764466757	0.757545084115
-mfa	0.0706713780919	0.929328621908	0.0	0.0
-ìng	0.265046876087	0.380292307724	0.0662826719734	0.288378144216
-òng	0.665575304022	0.209073900842	0.0584658559401	0.0668849391955
-nàa	0.215827338129	0.63309352518	0.151079136691	0.0
-bel	0.191808199718	0.654745240508	0.153446559774	0.0
-bee	0.491123504449	0.20882419868	0.134534697576	0.165517599294
-rek	0.670428893905	0.329571106095	0.0	0.0
-k'n	0.20652173913	0.641304347826	0.108695652174	0.0434782608696
-k'i	0.379506641366	0.506641366224	0.056925996205	0.0569259962049
-isi	0.192297772587	0.764580448825	0.0216287452243	0.0214930333633
-èng	0.329892280072	0.306552962298	0.036355475763	0.327199281867
-k'a	0.763636363636	0.127272727273	0.0	0.109090909091
-eyɔ	0.0923076923077	0.907692307692	0.0	0.0
-red	0.0	1.0	0.0	0.0
-ree	0.195088204773	0.605672777586	0.130750605327	0.0684884123141
-l'e	0.198529411765	0.308823529412	0.492647058824	0.0
-k'u	0.566929133858	0.173228346457	0.0944881889764	0.165354330709
-isu	0.0	1.0	0.0	0.0
-iti	0.099759378248	0.169555023748	0.0613841366217	0.669301461382
-evi	0.0563880126183	0.903391167192	0.0236593059937	0.0165615141956
-dɔm	0.149913511436	0.756390543917	0.0691908514318	0.0245050932154
-l'i	0.568219633943	0.193011647254	0.173044925125	0.0657237936772
-haa	0.615079931628	0.265547209106	0.057917520777	0.0614553384897
-hab	0.062893081761	0.924528301887	0.0	0.0125786163522
-̃rɛ	0.474609956665	0.387854108294	0.0712683777723	0.0662675572682
-̃rɔ	0.248045082921	0.119260212816	0.62191013544	0.0107845688227
-ɔyi	0.717672220717	0.13928725293	0.0179419714425	0.125098554911
-akà	0.254071661238	0.589576547231	0.0390879478827	0.117263843648
-bèe	0.691612239047	0.173773447288	0.0380219413228	0.0965923723424
-nvɔ	0.125171216342	0.530357596284	0.323567594245	0.0209035931292
-maa	0.5	0.283653846154	0.0288461538462	0.1875
-ò'o	0.296477495108	0.546477495108	0.0875733855186	0.0694716242662
-nsɔ	0.166826462129	0.423777564717	0.372003835091	0.0373921380632
-ung	0.14822147514	0.619176503857	0.0973405576907	0.135261463313
-ɔri	0.1	0.614285714286	0.228571428571	0.0571428571429
-una	0.0513552068474	0.93152639087	0.0146729162421	0.00244548604035
-gsò	0.6	0.342857142857	0.0571428571429	0.0
-kɛ̀	0.39352521764	0.356542243101	0.156461833519	0.093470705739
-nla	0.0903614457831	0.873493975904	0.0	0.0361445783132
-gaa	0.567146172055	0.241748387597	0.120437496927	0.0706679434216
-ada	0.0790241688559	0.850258180037	0.0363690777121	0.0343485733948
-ɓee	0.331530316292	0.104740076677	0.0583078180587	0.505421788972
-lɔɔ	0.508147512864	0.353773584906	0.0930531732419	0.045025728988
-iko	0.044776119403	0.938239835306	0.0138960370561	0.00308800823469
-àng	0.520089125964	0.252053867877	0.0829414324936	0.144915573665
-tɔɔ	0.822229053706	0.0223871575869	0.0014097791243	0.153974009582
-yaa	0.227111855795	0.0997803843009	0.0215603066073	0.651547453296
-̃̀ɛ	0.609361473385	0.256555058994	0.076619124355	0.0574643432662
-ɛga	0.0	1.0	0.0	0.0
-ini	0.0344827586207	0.931034482759	0.0344827586207	0.0
-ino	0.0913705583756	0.893401015228	0.0152284263959	0.0
-ina	0.0251256281407	0.791457286432	0.183417085427	0.0
-see	0.653233463445	0.179554805359	0.0818475929248	0.0853641382705
-ɛng	0.136757624398	0.811235955056	0.0308186195827	0.0211878009631
-ɔsɔ	0.549870739686	0.2855597763	0.0601456157012	0.104423868313
-ing	0.361474556106	0.281522707126	0.0989061134053	0.258096623362
-erè	0.323809523809	0.485714285714	0.190476190476	0.0
-lak	0.0797342192691	0.920265780731	0.0	0.0
-sɔ̀	0.390676296783	0.433136353688	0.0766031954475	0.0995841540818
-inu	0.00492004920049	0.985239852399	0.00984009840098	0.0
-è'e	0.388488786254	0.354377862147	0.193093010816	0.0640403407831
-rɔ̀	0.456355304509	0.354280018275	0.102144508591	0.0872201686257
-ù'u	0.490740740741	0.333333333333	0.0555555555555	0.12037037037
-uja	0.0	1.0	0.0	0.0
-edi	0.00636942675159	0.987261146497	0.0	0.00636942675159
-orò	0.350649350649	0.181818181818	0.0194805194805	0.448051948052
-ntɛ	0.112353241543	0.69569460067	0.0549291398105	0.137023017977
-kɔ̀	0.407362838169	0.433524981058	0.0708650889157	0.0882470918572
-kum	0.0615384615385	0.938461538462	0.0	0.0
-màa	0.213333333333	0.706666666667	0.0266666666667	0.0533333333333
-ban	0.0	0.894117647059	0.105882352941	0.0
-ɓòo	0.454545454545	0.331168831169	0.136363636364	0.0779220779221
-eka	0.091743119266	0.853211009174	0.0275229357798	0.0275229357798
-rùu	0.117724626383	0.129584169583	0.0435568677537	0.70913433628
-eke	0.148036253776	0.809667673716	0.0181268882175	0.02416918429
-rɛ̀	0.488852785937	0.296095106467	0.131951543804	0.0831005637917
-'ãa	0.418244406196	0.426850258176	0.0826161790017	0.0722891566265
-eki	0.0	0.974747474748	0.0252525252525	0.0
-hoo	0.583753810749	0.281416771924	0.0927045239623	0.0421248933652
-baa	0.521001894273	0.323744372781	0.0302776989562	0.12497603399
-gso	0.4	0.475	0.105	0.02
-upu	0.300715990453	0.00763723150357	0.691646778043	0.0
-gsi	0.612864992997	0.320493481306	0.0274754875552	0.0391660381424
-uji	0.170454545455	0.818181818182	0.0113636363636	0.0
-gse	0.598885793872	0.058495821727	0.300835654596	0.041782729805
-t'ɛ	0.457486832205	0.350263355907	0.107223476298	0.0850263355907
-ase	0.0	1.0	0.0	0.0
-nya	0.11122113758	0.869476020361	0.00689387216403	0.0124089698952
-uku	0.59750498499	0.365352168708	0.0130566345752	0.0240862117278
-asa	0.302012248469	0.64593175853	0.0225721784777	0.0294838145232
-aso	0.12030075188	0.827067669173	0.0	0.0526315789474
-asi	0.458146007279	0.240633697281	0.213230571612	0.0879897238279
-ɔlɔ	0.409547859253	0.205534844137	0.296791215641	0.0881260809691
-dɔ̃	0.729049493813	0.142857142857	0.0286839145107	0.0994094488189
-mba	0.14472361809	0.669346733668	0.0301507537688	0.155778894472
-asu	0.0	1.0	0.0	0.0
-yel	0.102869139258	0.851644506648	0.0265920223933	0.0188943317005
-yee	0.433798729502	0.437905736473	0.020372406331	0.107923127694
-gkɛ	0.523730578448	0.25492887726	0.0878078806786	0.133532663614
-mbo	0.673913043478	0.260869565217	0.0434782608696	0.0217391304348
-'ii	0.298046628859	0.562696912413	0.105860113422	0.0333963453056
-ḅɛɛ	0.836734693878	0.0408163265306	0.0408163265306	0.0816326530612
-gɔɔ	0.294708029197	0.227189781022	0.420620437956	0.0574817518248
-eru	0.0	1.0	0.0	0.0
-ran	0.188034188034	0.811965811966	0.0	0.0
-eri	0.0	1.0	0.0	0.0
-̀ng	0.338187364797	0.412200098962	0.165454181133	0.084158355109
-ram	0.0	1.0	0.0	0.0
-rak	0.0	1.0	0.0	0.0
-era	0.0	1.0	0.0	0.0
-zùu	0.617960703637	0.358341688259	0.0127602505176	0.0109373575865
-ere	0.201973512631	0.600186693784	0.176509803303	0.021329990282
-raa	0.621091760725	0.123374773785	0.0611536768451	0.194379788645
-dìi	0.560699542811	0.401482533623	0.0338230724844	0.00399485108083
-`'ɛ	0.396825396825	0.15873015873	0.380952380952	0.0634920634921
-ɓàa	0.769263040134	0.1722835967	0.026010348203	0.0324430149629
-poo	0.0619047619048	0.897222222222	0.0154761904762	0.0253968253968
-aza	0.0130718954248	0.969498910675	0.0	0.0174291938998
-ike	0.0245398773006	0.975460122699	0.0	0.0
-awà	0.0655737704918	0.934426229508	0.0	0.0
-laa	0.0531348291343	0.731582777832	0.027368242943	0.18791415009
-ika	0.0932848939412	0.808976913161	0.04828313606	0.0494550568382
-sɔɔ	0.556715149226	0.17052323385	0.0631847374386	0.209576879486
-gɓɔ	0.322765932736	0.650569690444	0.00914207205232	0.017522304767
-iki	0.0621570974285	0.642169837749	0.0199328952892	0.275740169533
-foo	0.0727672960884	0.753510737118	0.150108893347	0.0236130734464
-aal	0.181818181818	0.79797979798	0.020202020202	0.0
-iku	0.0622497998399	0.927742193755	0.00760608486789	0.00240192153723
-p'ɔ	0.463690912438	0.445544057894	0.0635793686085	0.0271856610602
-tɛɛ	0.289886217115	0.425091048929	0.0917275544597	0.193295179496
-ràa	0.492594977463	0.317450096587	0.136142029252	0.0538128966976
-gka	0.12893982808	0.859598853868	0.0114613180516	0.0
-sùu	0.268245529241	0.427259545674	0.285161913968	0.0193330111165
-kɔɔ	0.73217091598	0.0454033045657	0.00176616921786	0.220659610237
-aho	0.0	1.0	0.0	0.0
-jɔɔ	0.0860409145608	0.913959085439	0.0	0.0
-boo	0.478940013583	0.512451118588	0.00516532069772	0.00344354713181
-gee	0.374449339207	0.382279333206	0.225708724223	0.0175626033632
-ɓaa	0.717872293303	0.128385607442	0.0168850971166	0.136857002139
-kɛm	0.0	1.0	0.0	0.0
-ãri	0.139813581891	0.81225033289	0.0399467376831	0.00798934753662
-don	0.0232227099828	0.0858359800631	0.097023765712	0.793917544242
-doo	0.117996805508	0.187783055218	0.097593378956	0.596626760318
-dom	0.0	0.672925499697	0.327074500303	0.0
-eɓe	0.0977903194717	0.034777818029	0.0394863528435	0.827945509656
-ahu	0.0118623962041	0.986951364176	0.0011862396204	0.0
-mpo	0.505617977528	0.292134831461	0.0	0.202247191011
-kàa	0.202855283806	0.113675508095	0.630573735982	0.0528954721169
-tok	0.5	0.179487179487	0.320512820513	0.0
-'uu	0.421989615861	0.280528815063	0.0752942480738	0.222187321003
-mpa	0.0789473684209	0.921052631579	0.0	0.0
-oli	0.0286298568507	0.852760736196	0.0040899795501	0.114519427403
-saa	0.0633684478902	0.740492221875	0.15619990188	0.0399394283551
-akɛ	0.302797875484	0.403892139695	0.227122740159	0.0661872446622
-ibi	0.147058823529	0.852941176471	0.0	0.0
-olo	0.0499709471238	0.936083672284	0.00348634514817	0.0104590354445
-sak	0.294334813436	0.17528599027	0.081877674047	0.448501522247
-ola	0.0539572756481	0.823739566216	0.122303158136	0.0
-iba	0.114722222222	0.819722222222	0.0163888888889	0.0491666666667
-sam	0.0	1.0	0.0	0.0
-gàa	0.730936523039	0.154274840288	0.0571564496398	0.0576321870327
-ima	0.269052192985	0.715349061196	0.0120916452489	0.00350710057003
-lok	0.0	0.863636363636	0.0545454545454	0.0818181818183
-ɔli	0.0765888316883	0.167167776852	0.573083951682	0.183159439778
-mɛɛ	0.0526043053888	0.0321461527423	0.00797636719593	0.907273174673
-pãa	0.264780824075	0.29130801375	0.349384306059	0.0945268561157
-ron	0.0	1.0	0.0	0.0
-roo	0.333116484963	0.55688904841	0.0373951276414	0.0725993389863
-aɓɛ	0.0343207816878	0.124928163276	0.0136389817733	0.827112073263
-ipi	0.0854331515029	0.662277212469	0.0083577175208	0.243931918507
-sar	0.0237628079355	0.906256812732	0.0669282755614	0.00305210377153
-ipa	0.0136054421769	0.974489795918	0.00170068027211	0.0102040816327
-hɔ̀	0.190476190476	0.349206349206	0.031746031746	0.428571428571
-ɓɔɔ	0.0817734896569	0.0123364730637	0.000566571054523	0.905323466225
-ɛ̃ɛ	0.588809325064	0.255143989759	0.0810393319719	0.0750073532047
-ipu	0.037037037037	0.950617283951	0.0123456790123	0.0
-awo	0.234581174861	0.542566709022	0.199393998632	0.023458117486
-ùrù	0.117647058824	0.441176470588	0.441176470588	0.0
-ṿuu	0.65625	0.296875	0.0	0.046875
-awa	0.021495697912	0.856763603042	0.100708165412	0.021032533634
-too	0.0813275905752	0.782746389663	0.118064352673	0.0178616670889
-ita	0.412844366826	0.504464414229	0.0312341070692	0.0514571118767
-awu	0.284307692308	0.675076923077	0.0221538461538	0.0184615384615
-ido	0.0125	0.75	0.225	0.0125
-stu	0.144578313253	0.783132530121	0.0602409638554	0.0120481927711
-man	0.0193526465852	0.875596460386	0.013443441521	0.0916074515076
-gã̀	0.793220338983	0.176271186441	0.0237288135593	0.00677966101696
-rɛɛ	0.0681252281123	0.243161268979	0.0530214315062	0.635692071403
-pɔ̀	0.219512195122	0.590243902439	0.10243902439	0.0878048780488
-ũng	0.272545673879	0.510207859928	0.132363155245	0.0848833109479
-avɔ	0.380810515783	0.510029109433	0.0955153279359	0.013645046848
-sta	0.0892857142857	0.910714285714	0.0	0.0
-l'ɔ	0.578813559322	0.331355932203	0.042372881356	0.0474576271186
-dɔɔ	0.187294641813	0.630521853478	0.165243558798	0.0169399459113
-l'ɛ	0.500850926436	0.303957710115	0.0868023831198	0.108388980329
-evɛ	0.100500986792	0.788219219675	0.0200394716866	0.091240321846
-eyi	0.494243460388	0.32134628261	0.0965713880681	0.0878388689343
-mãa	0.710080968036	0.246712781129	0.0126179174428	0.0305883333926
-ɛda	0.0221238938053	0.96017699115	0.00442477876106	0.0132743362832
-k'ɛ	0.466731580656	0.355079519636	0.123661148978	0.0545277507303
-eya	0.0	1.0	0.0	0.0
-zɔɔ	0.0895290505861	0.244278092994	0.0836170681678	0.582575788252
-gõ̀	0.325095057034	0.585551330799	0.0665399239543	0.0228136882129
-dàa	0.469328755985	0.2942753034	0.099376637456	0.137019303159
-ùlù	0.639834881321	0.228070175439	0.0763673890609	0.0557275541795
-lek	0.0	1.0	0.0	0.0
-̃ng	0.250973942106	0.489593711945	0.0867296104759	0.172702735473
-lee	0.604280779637	0.20132382108	0.0652723975605	0.129123001723
-sɛ̀	0.464781047563	0.352672511685	0.109750482062	0.0727959586901
-õ̀ɔ	0.379746835443	0.544303797468	0.0506329113924	0.0253164556962
-wìi	0.614754098361	0.262295081967	0.056206088993	0.0667447306792
-ɔja	0.0400330453341	0.914667309215	0.0401363120031	0.00516333344808
-eem	0.0	1.0	0.0	0.0
-ifa	0.0578466131741	0.850158611681	0.0841574920694	0.0078372830752
-ifi	0.166666666667	0.75	0.0555555555555	0.0277777777778
-alu	0.0133333333333	0.977777777778	0.00888888888888	0.0
-m'ã	0.294326241135	0.602836879433	0.0886524822695	0.0141843971631
-ndi	0.0334005182839	0.719262885114	0.157212784336	0.0901238122661
-ifu	0.0	0.927272727273	0.0727272727273	0.0
-ali	0.167450058754	0.768507638073	0.0470035252644	0.0170387779083
-nda	0.119341563786	0.880658436214	0.0	0.0
-dòo	0.215549597855	0.202680965147	0.222520107239	0.359249329759
-ale	0.0	1.0	0.0	0.0
-ɔ̃ɔ	0.0922206733342	0.377176181501	0.401122774154	0.129480371011
-ala	0.0981190489628	0.592302048648	0.279038642942	0.0305402594471
-atɔ	0.276802523613	0.06227505801	0.0894275183644	0.571494900012
-loo	0.674679434023	0.29810007008	0.0120682001514	0.0151522957457
-ɔ'ɔ	0.453703703704	0.222222222222	0.324074074074	0.0
-atɛ	0.833044917029	0.11014174919	0.018370970704	0.0384423630764
-yon	0.0807248764415	0.850082372323	0.0593080724876	0.00988467874793
-ong	0.383737754408	0.173419768358	0.0529907502412	0.389851726993
-ãng	0.246956195782	0.435561423119	0.151018701124	0.166463679975
-iyu	0.0613709409287	0.88002881525	0.0394824337803	0.019117810041
-ogu	0.0	1.0	0.0	0.0
-elu	0.0	1.0	0.0	0.0
-iyo	0.037037037037	0.962962962963	0.0	0.0
-eli	0.114285714286	0.857142857143	0.0	0.0285714285714
-iyi	0.660927677408	0.202865718978	0.0838194483773	0.0523871552359
-ogn	0.26651415499	0.341149556763	0.100657706606	0.291678581641
-ela	0.019392674678	0.932335516059	0.0455733851431	0.00269842412032
-iya	0.0546929624544	0.533783722805	0.0301830153988	0.381340299342
-ele	0.328201188965	0.456716318215	0.0584463295705	0.156636163249
-bãa	0.552939511182	0.252665848825	0.0815325092008	0.112862130792
-tɛ̀	0.529411764706	0.33837535014	0.0666666666667	0.0655462184874
-isa	0.0639848812095	0.916981641469	0.0101241900648	0.00890928725702
-itu	0.0681924732558	0.913693901036	0.0095895665516	0.00852405915697
-shɔ	0.482954545455	0.232954545455	0.0965909090909	0.1875
-bm̀	0.215763806511	0.389262334695	0.165634198849	0.229339659945
-esi	0.010752688172	0.982078853047	0.0	0.00716845878136
-eso	0.08082780164	0.861772745021	0.00585708707537	0.0515423662632
-ɛra	0.0538461538461	0.746153846154	0.2	0.0
-esa	0.0655737704918	0.934426229508	0.0	0.0
-yàa	0.616115663431	0.207824290941	0.0901764380307	0.0858836075975
-ɛri	0.0504032258065	0.142137096774	0.802419354839	0.00504032258064
-ɛya	0.149700060981	0.13108446037	0.120117422935	0.599098055714
-pùu	0.738709677419	0.183870967742	0.0387096774194	0.0387096774193
-ɛyi	0.475457875458	0.42021978022	0.0411721611722	0.0631501831502
-n'a	0.0461538461539	0.907692307692	0.0461538461539	0.0
-uda	0.034954274931	0.94658150675	0.00243867034403	0.016025547975
-ɔtɔ	0.10650887574	0.751479289941	0.130177514793	0.0118343195266
-udi	0.0969626168224	0.825934579439	0.0771028037383	0.0
-anɛ	0.0200953168547	0.0737401341354	0.00362560642508	0.902538942585
-udo	0.493902439024	0.30487804878	0.0	0.201219512195
-hum	0.0	1.0	0.0	0.0
-sɛ̃	0.263604208906	0.313943851652	0.179307691169	0.243144248272
-abe	0.0539714867617	0.946028513238	0.0	0.0
-ɓoo	0.562681204656	0.342918972908	0.0857991038607	0.00860071857616
-aba	0.0537305831424	0.909090909091	0.0248281130634	0.0123503947033
-nja	0.0568475452197	0.94315245478	0.0	0.0
-abm	0.208512926626	0.139420771679	0.187757920076	0.46430838162
-nɔɔ	0.0764855282606	0.0403800467411	0.00839704336845	0.87473738163
-lɔ̀	0.833333333333	0.1	0.0333333333333	0.0333333333333
-rãa	0.417960088692	0.40243902439	0.152993348115	0.0266075388026
-koo	0.0229082965881	0.924927094845	0.0340353419058	0.018129266661
-sop	0.108108108108	0.756756756757	0.135135135135	0.0
-oru	0.020618556701	0.958762886598	0.0206185567011	0.0
-soo	0.418804182679	0.430690857092	0.0571096612745	0.0933952989543
-vaa	0.274223499042	0.581315402337	0.0694617925445	0.074999306076
-oro	0.120575795518	0.704626087814	0.0354181453947	0.139379971273
-ora	0.0514469453376	0.903536977492	0.0064308681672	0.0385852090032
-jee	0.438568247069	0.503277970073	0.0133444238733	0.0448093589847
-ãkɛ	0.123456790123	0.654320987654	0.0493827160494	0.172839506173
-'ɔɔ	0.453891496874	0.251917054612	0.0662123769543	0.227979071559
-rut	0.0	1.0	0.0	0.0
-ruu	0.0631032974096	0.102693736192	0.0230908998835	0.811112066515
-omi	0.01246105919	0.93769470405	0.00623052959501	0.0436137071651
-iɓɛ	0.0430948963826	0.0572247217058	0.0257861400622	0.873894241849
-huu	0.48891966759	0.335180055402	0.0332409972299	0.142659279778
-oma	0.0521703963332	0.754650849286	0.180237260717	0.0129414936641
-adi	0.111254434053	0.76056110932	0.118510158014	0.00967429861335
-hàa	0.274566785061	0.438058336024	0.227639651275	0.0597352276397
-ìli	0.552995749471	0.266075344992	0.131009452089	0.049919453448
-tìi	0.290526315789	0.463157894737	0.246315789474	0.0
-ibu	0.00543478260869	0.989130434783	0.00163043478261	0.00380434782609
-abi	0.066354118299	0.770381798301	0.143118194209	0.0201458891901
-ɔgn	0.159662040449	0.193534755612	0.239271344547	0.407531859392
-oda	0.255813953488	0.720930232558	0.0232558139535	0.0
-iza	0.0	1.0	0.0	0.0
-irɛ	0.536257913832	0.33227900592	0.0584316566397	0.0730314236081
-odi	0.042341480261	0.938160573858	0.00741065839743	0.0120872874832
-vàa	0.349622166247	0.626196473552	0.0241813602015	0.0
-sèe	0.535773710483	0.305324459235	0.0923460898502	0.0665557404326
-ɛtɛ	0.383533329506	0.26680829075	0.328988918872	0.0206694608716
-uri	0.192307692308	0.801775147929	0.0	0.00591715976331
-ɔpɔ	0.0921171695235	0.870006980532	0.0266035833398	0.0112722666046
-ura	0.0131004366812	0.943231441048	0.0	0.0436681222707
-̃kɔ	0.21182166633	0.725539640912	0.0426669356466	0.0199717571112
-gti	0.0428201140487	0.890254017626	0.0285640228098	0.0383618455158
-à'a	0.360349950165	0.515743743824	0.0721103813504	0.0517959246602
-agu	0.0233918128655	0.941520467836	0.0350877192982	0.0
-zee	0.173497514812	0.774296219419	0.0471033976865	0.0051028680827
-h'ã	0.208092485549	0.768786127168	0.0231213872832	0.0
-uru	0.0458988487553	0.590959056241	0.0498321664193	0.313309928584
-apa	0.0511962850413	0.786341736606	0.0905139525388	0.0719480258138
-̃pɔ	0.104024767802	0.546749226006	0.349226006192	0.0
-ɔ̃̌	0.405172413793	0.103448275862	0.491379310345	0.0
-paa	0.516403031933	0.160862518168	0.0421662147976	0.280568235101
-apo	0.0274261964218	0.943026716382	0.0109465330277	0.0186005541682
-'ɛɛ	0.542573193661	0.257050765512	0.125167875369	0.075208165458
-waa	0.159945774085	0.511287785469	0.237597439401	0.0911690010437
-apu	0.0266666666667	0.973333333333	0.0	0.0
-wam	0.0	1.0	0.0	0.0
-s'u	0.456896551724	0.300211736237	0.159407138536	0.0834845735027
-r'o	0.297872340426	0.617021276596	0.0765957446808	0.00851063829786
-r'i	0.186576304401	0.521923736425	0.112680656487	0.178819302686
-r'e	0.463022508039	0.392282958199	0.106109324759	0.0385852090032
-suu	0.39351885667	0.228860808804	0.311883719232	0.0657366152947
-t'u	0.60378775027	0.39621224973	0.0	0.0
-t'o	0.335083770943	0.529882470618	0.120030007502	0.0150037509377
-suk	0.324675324675	0.558441558442	0.0779220779221	0.038961038961
-t'i	0.622707764339	0.25321888412	0.063207179087	0.0608661724541
-r'u	0.239631336406	0.658986175115	0.0645161290322	0.036866359447
-s'i	0.583076759741	0.200764412358	0.104469688927	0.111689138974
-t'a	0.504305555556	0.30375	0.0875	0.104444444444
-ɛ̀ɛ	0.625899280576	0.287769784173	0.0647482014389	0.0215827338129
-din	0.0714285714286	0.928571428571	0.0	0.0
-dii	0.186039776019	0.377486001158	0.148709532085	0.287764690738
-̃lɔ	0.535858366952	0.322008468643	0.117627446404	0.0245057180009
-ori	0.350655640757	0.239770349671	0.0784055812396	0.331168428333
-r'ɛ	0.241913435329	0.661261991506	0.0520837651066	0.0447408080587
-ɔpi	0.038626609442	0.93991416309	0.0214592274678	0.0
-dãa	0.413819875776	0.447049689441	0.0925465838509	0.0465838509317
-̀tɛ	0.48167539267	0.51832460733	0.0	0.0
-ang	0.173998722264	0.301779017814	0.0561328441919	0.46808941573
-̃lɛ	0.899685424677	0.0541768612373	0.046137714086	0.0
-ɛli	0.0492610837438	0.807881773399	0.012315270936	0.130541871921
-'oo	0.293913043478	0.462608695652	0.0782608695652	0.165217391304
-s'ɔ	0.475631052548	0.342117796476	0.0200031751072	0.162247975869
-tãa	0.780367729577	0.106596885873	0.0232194316872	0.0898159528632
-ihn	0.0932440404658	0.132846811021	0.0214128083554	0.752496340158
-èlè	0.311475409836	0.0327868852459	0.0983606557377	0.55737704918
-urù	0.220858895706	0.779141104294	0.0	0.0
-uka	0.025	0.925	0.025	0.025
-azi	0.0	0.652202716131	0.347797283869	0.0
-hìi	0.363334715886	0.390294483617	0.156781418499	0.0895893819991
-afo	0.0350877192982	0.964912280702	0.0	0.0
-afa	0.0173237548551	0.982676245145	0.0	0.0
-ãlɛ	0.503441622182	0.32665313807	0.0985268727675	0.0713783669806
-ɔna	0.05	0.5625	0.325	0.0625
-efa	0.0862068965517	0.810344827586	0.0	0.103448275862
-y'u	0.532407407407	0.398148148148	0.0416666666667	0.0277777777778
-̃ɛn	0.344827586207	0.425287356322	0.183908045977	0.0459770114942
-̀'a	0.556974661617	0.232247309407	0.129252832503	0.0815251964728
-gnɛ	0.306409699096	0.384917891606	0.0491772199168	0.259495189381
-y'i	0.358365702777	0.507121277514	0.0424399366997	0.0920730830096
-ngn	0.257411770481	0.122404653218	0.08467088794	0.535512688362
-agǹ	0.0	0.811643835616	0.171232876712	0.0171232876712
-ema	0.0692307692308	0.907692307692	0.00769230769232	0.0153846153846
-alɛ	0.589790906823	0.214531252304	0.0685135106865	0.127164330187
-uwa	0.0466516679563	0.891576360639	0.0435169709	0.0182550005046
-emo	0.0	1.0	0.0	0.0
-uwi	0.108108108108	0.837837837838	0.027027027027	0.027027027027
-emu	0.0350877192982	0.964912280702	0.0	0.0
-uwu	0.0	0.677419354839	0.290322580645	0.0322580645161
-ulù	0.408653846154	0.5625	0.0144230769231	0.0144230769231
-jaa	0.0314624943821	0.719108686061	0.0231797778699	0.226249041687
-gta	0.0415430267063	0.913946587537	0.0445103857566	0.0
-shù	0.515251442704	0.291838417148	0.0692497938994	0.123660346249
-zaa	0.202235231506	0.697179350718	0.0594731240021	0.0411122937733
-ɔkn	0.0966701192542	0.0441604613403	0.0908578746991	0.768311544706
-mɔɔ	0.0942139706009	0.0359574953903	0.00623076392838	0.86359777008
-shì	0.0	0.942857142857	0.0571428571429	0.0
-̃nɔ	0.168795057648	0.801591774344	0.0296131680084	0.0
-sɔ̃	0.629496402878	0.28417266187	0.0323741007194	0.0539568345324
-ãsɛ	0.577966822629	0.318672905147	0.0797958315611	0.0235644406635
-uyi	0.564150837135	0.263353527552	0.143531815951	0.0289638193623
-ɔɔ̀	0.573863636364	0.0170454545455	0.340909090909	0.0681818181818
-̃ti	0.22641509434	0.77358490566	0.0	0.0
-etu	0.00873362445415	0.965065502183	0.0262008733624	0.0
-wɔ̀	0.557251908397	0.251908396946	0.137404580153	0.0534351145038
-ìtì	0.546666666667	0.373333333333	0.0533333333333	0.0266666666667
-ìya	0.0645161290323	0.161290322581	0.0	0.774193548387
-vɔ̃	0.298292648511	0.182164526598	0.487653449979	0.0318893749118
-eta	0.0681818181818	0.931818181818	0.0	0.0
-ete	0.0449818946481	0.122236552115	0.125827810564	0.706953742673
-sãa	0.156773420106	0.817948278815	0.0078095564309	0.0174687446481
-eti	0.122100267738	0.250536422368	0.0360945415363	0.591268768358
-ì'i	0.407259551071	0.0767034981093	0.0386572147845	0.477379736035
-ɓ'u	0.0	0.83243414789	0.16756585211	0.0
-elè	0.333333333333	0.558558558559	0.0720720720721	0.036036036036
-atu	0.060998552822	0.86512301013	0.0388567293777	0.03502170767
-'aa	0.410257108	0.372201132926	0.0988158246822	0.118725934392
-ɔwɔ	0.0296368601972	0.965423663103	0.00493947669951	0.0
-wek	0.247588424437	0.257234726688	0.495176848875	0.0
-ɓ'a	0.344355758267	0.0923603192702	0.333713416952	0.229570505511
-ata	0.12895800507	0.723203397958	0.0922655340139	0.0555730629581
-ɔ̀ɔ	0.241551618191	0.20632254387	0.0295560150564	0.522569822883
-wee	0.177891983207	0.136061670932	0.0535379527132	0.632508393149
-ati	0.140224685327	0.107692705496	0.130213175198	0.621869433979
-kak	0.306572215663	0.114915387643	0.00629673356947	0.572215663125
-nis	0.037037037037	0.925925925926	0.037037037037	0.0
-ɛɛm	0.189194985731	0.375656547088	0.235142339409	0.200006127773
-kaa	0.49974693045	0.0343908774995	0.00927768036949	0.456584511681
-n'ɛ	0.333333333333	0.548523206751	0.0337552742616	0.084388185654
-osi	0.0	0.9875	0.0125	0.0
-osh	0.0263157894737	0.973684210526	0.0	0.0
-yèe	0.448913043478	0.358695652174	0.107608695652	0.0847826086956
-ggň	0.434782608696	0.173913043478	0.0869565217391	0.304347826087
-ana	0.286545596329	0.534249011383	0.0192784652888	0.159926927
-ulu	0.085840205244	0.862552737761	0.0102424275053	0.0413646294897
-uvɔ	0.0713534655645	0.809953735166	0.0238172947125	0.0948755045574
-aji	0.0736196319018	0.895705521472	0.0306748466258	0.0
-itɔ	0.101421572091	0.0484947602981	0.00980780037799	0.840275867233
-shu	0.447832554186	0.371288932062	0.0700473559589	0.110831157793
-yãa	0.306818181818	0.693181818182	0.0	0.0
-esɔ	0.0072370122459	0.712863346367	0.00279928255818	0.277100358829
-shi	0.0731160266503	0.505589139806	0.381382300418	0.0399125331253
-sha	0.331435324452	0.414482165879	0.0805758487323	0.173506660937
-̀lì	0.166666666667	0.680555555556	0.0555555555556	0.0972222222222
-wel	0.0316205533597	0.96837944664	0.0	0.0
-ila	0.062905508237	0.918297599658	0.006621632446	0.0121752596588
-yuu	0.132241751008	0.164186014094	0.03846426173	0.665107973168
-ili	0.326518597557	0.604965373457	0.038974697648	0.0295413313383
-nɔk	0.0882352941176	0.823529411765	0.0	0.0882352941176
-ebm	0.153846153846	0.415384615385	0.338461538462	0.0923076923077
-'aà	0.398753183295	0.365823588978	0.127079666178	0.108343561549
-eba	0.0	0.992219858611	0.0	0.00778014138889
-amu	0.0168254456054	0.8762292563	0.00576213890596	0.101183159189
-ami	0.0461653015637	0.942665673864	0.0104244229337	0.000744601638123
-avɛ	0.240663900415	0.721991701245	0.0	0.0373443983402
-ama	0.0800764694213	0.885295868126	0.0346276624524	0.0
-nɛɛ	0.0101763821657	0.00445353516571	0.00133806810129	0.984032014567
-hii	0.73269187139	0.171176097592	0.0347587827736	0.0613732482446
-usi	0.0870691031309	0.819136205396	0.0883415117362	0.00545317973681
-iri	0.333039036046	0.434995307946	0.105198419173	0.126767236835
-usa	0.0387775014951	0.936294104687	0.0118346920147	0.0130937018035
-ɛti	0.0261321540361	0.186055193407	0.105246532464	0.682566120093
-guu	0.444055944056	0.402097902098	0.153846153846	0.0
-ɛtu	0.0	0.964285714286	0.0357142857142	0.0
-iru	0.138714733542	0.815047021944	0.0188087774295	0.0274294670846
-wɔɔ	0.844526705447	0.106292966684	0.0222104706504	0.0269698572184
-usu	0.468592943801	0.464606888858	0.0332586498086	0.033541517532
-uza	0.068376068376	0.871794871795	0.059829059829	0.0
-ɛkɛ	0.175578611333	0.329209896249	0.406092045757	0.0891194466614
-iɓi	0.335793357934	0.371955719557	0.0841328413284	0.208118081181
-ɛkɔ	0.0780669144981	0.704949119447	0.0680785550674	0.148905410987
-h'u	0.202247191011	0.348314606742	0.213483146067	0.23595505618
-sàa	0.107499365689	0.573489434195	0.301395483707	0.0176157164087
-ula	0.0284360189573	0.943127962085	0.0284360189573	0.0
-ira	0.00671140939597	0.979865771812	0.00335570469799	0.010067114094
-làa	0.186110970162	0.694354341685	0.0353056040958	0.0842290840571
-pii	0.22641509434	0.735849056604	0.0	0.0377358490566
-àrɛ	0.0872274143302	0.282796815507	0.0290758047767	0.600899965386
-ǐng	0.369565217391	0.228260869565	0.315217391304	0.0869565217392
-jàa	0.0689396106086	0.894562948481	0.0364974409104	0.0
-zàa	0.336996336996	0.489926739927	0.0934065934066	0.0796703296703
-gtɛ	0.291156011924	0.355526112399	0.29700783924	0.0563100364359
-'ee	0.517924528302	0.31213836478	0.0749685534591	0.0949685534591
-urɛ	0.764152453448	0.148398456258	0.0457787184093	0.0416703718854
-irì	0.650639916984	0.0411622276029	0.034244206157	0.273953649256
-uhu	0.040150232755	0.951121455777	0.00872831146847	0.0
-̀ti	0.1	0.35	0.35	0.2
-usù	0.393927530886	0.348869599259	0.113830564109	0.143372305746
-isì	0.945736434109	0.0387596899225	0.0	0.015503875969
-agn	0.364796226805	0.0870203189099	0.0340091713905	0.514174282895
-ãtɛ	0.39453125	0.55078125	0.03125	0.0234375
-aga	0.0	0.986754966887	0.0	0.0132450331126
-abu	0.0692464358452	0.918533604888	0.0122199592668	0.0
-sòo	0.0474576271187	0.850847457627	0.0881355932203	0.0135593220339
-one	0.0533333333333	0.92	0.0133333333333	0.0133333333333
-anu	0.0763678633218	0.894247404844	0.00337910899654	0.0260056228374
-ona	0.0462685389712	0.938308614705	0.00544335752605	0.00997948879775
-t'ɔ	0.8	0.123076923077	0.0615384615385	0.0153846153846
-̃sɔ	0.566391325251	0.37149758997	0.0432375507299	0.0188735340487
-s'ɛ	0.495045784972	0.310993653375	0.08755727818	0.106403283473
-dam	0.0	1.0	0.0	0.0
-gge	0.159688412853	0.761927945472	0.0462512171373	0.0321324245375
-dak	0.0691747572816	0.907160194175	0.0145631067961	0.00910194174758
-r'ɔ	0.446397809085	0.364118767893	0.118668827429	0.0708145955939
-ani	0.175731202382	0.199496821117	0.089175309579	0.535596666922
-daa	0.530413867533	0.247135741928	0.0283808886617	0.194069501878
-ggn	0.43700342842	0.402205917475	0.0458325577275	0.114958096378
-tan	0.0	1.0	0.0	0.0
-ũlu	0.253990455817	0.538670396577	0.072568701662	0.134770445944
-̀'ɔ	0.474561459306	0.168010730413	0.0660725332705	0.29135527701
-y'ɔ	0.46017699115	0.364601769912	0.164601769912	0.0106194690265
-̀'ɛ	0.288870560413	0.233449629943	0.0508371896121	0.426842620031
-taa	0.307390707704	0.62673985493	0.0658694373652	0.0
-yii	0.275985663082	0.501792114695	0.0645161290322	0.15770609319
-mna	0.104956815622	0.875891851295	0.00788584303418	0.0112654900488
-k'ɔ	0.134127232842	0.356628016296	0.130680037606	0.378564713256
-tap	0.571497178533	0.363188858206	0.0326569816304	0.0326569816304
-ukɔ	0.505407732703	0.169436868338	0.0367652612876	0.288390137671
-mii	0.0901110474895	0.813409821374	0.0239076535336	0.0725714776029
-hãa	0.533559666391	0.24741613731	0.0810175686248	0.138006627674
-uwe	0.108991825613	0.768392370572	0.0681198910082	0.0544959128066
-eni	0.0686333534016	0.448826008429	0.46447922938	0.0180614087899
-ɛlɛ	0.559923892121	0.301577468528	0.080886745282	0.0576118940685
-eng	0.147438065938	0.211643232967	0.0507801787187	0.590138522377
-̌ng	0.392070484582	0.290748898678	0.185022026432	0.132158590308
-ena	0.0906976744186	0.867441860465	0.0139534883721	0.0279069767442
