-tɔa	0.405687203792	0.457819905213	0.102369668246	0.0341232227488
-yer	0.827640881195	0.126004961853	0.0107258109646	0.0356283459867
-tɔg	0.440860215054	0.456989247312	0.0698924731183	0.0322580645161
-tɔe	0.5146025878	0.287615526802	0.0831792975971	0.1146025878
-lɔs	0.17409587889	0.752733389403	0.0328006728343	0.040370058873
-lɔr	0.0971442591131	0.311930651436	0.552561703938	0.0383633855126
-tɔh	0.632507828067	0.206660973527	0.0187873612297	0.142043837176
-tɔn	0.226649222509	0.689525899015	0.0207595915274	0.0630652869485
-eus	0.03	0.97	0.0	0.0
-lɔt	0.0302938714539	0.860364186267	0.0979817404837	0.0113602017952
-hel	0.331772053083	0.165495706479	0.44418423107	0.0585480093677
-hem	0.598145285935	0.193199381762	0.0834621329211	0.125193199382
-hen	0.427255159086	0.271430050383	0.0265718821174	0.274742908413
-heo	0.606756756757	0.332432432432	0.0081081081081	0.0527027027027
-lɔn	0.0532072125333	0.894176766184	0.022465267514	0.0301507537688
-hee	0.137931034483	0.425287356322	0.379310344828	0.0574712643678
-lɔa	0.763549780056	0.159503342884	0.0769468770599	0.0
-heg	0.450350499531	0.286692057184	0.0968703427719	0.166087100513
-hea	0.390488110138	0.459324155194	0.0	0.150187734668
-lɔe	0.567761806982	0.313141683778	0.0821355236139	0.0369609856263
-lem	0.366834170854	0.633165829146	0.0	0.0
-ɛgɛ	0.344478562493	0.569316501763	0.0609575798931	0.0252473558512
-mer	0.836363636364	0.0545454545454	0.0363636363636	0.0727272727273
-ɔrɔ	0.513426853707	0.204809619238	0.164729458918	0.117034068136
-nso	0.402277736958	0.58670095518	0.00220426157237	0.00881704628949
-ɛgɔ	0.431137724551	0.250499001996	0.244510978044	0.0738522954092
-ɔrɛ	0.494127966473	0.423517372448	0.044344817504	0.0380098435749
-uaa	0.0882535736483	0.669359850839	0.0298321939092	0.212554381603
-puu	0.372594778684	0.251589162125	0.191324539225	0.184491519967
-ile	0.154505195845	0.64021887857	0.076627197081	0.128648728504
-pur	0.249862107005	0.642581356867	0.0803719171066	0.0271846190214
-pus	0.0212765957447	0.964539007092	0.00709219858155	0.00709219858157
-nta	0.112336065357	0.142086732403	0.0687794847304	0.67679771751
-uah	0.487840185292	0.304863925883	0.196873190504	0.0104226983208
-ŋii	0.390993904507	0.274548977252	0.138931030823	0.195526087418
-nyu	0.155864309789	0.580005334497	0.0436458863752	0.220484469339
-nte	0.0524195505509	0.859729165655	0.0664951706062	0.0213561131874
-ɛŋɔ	0.0643090419749	0.0127495522909	0.00614290869262	0.916798497042
-pue	0.442307692308	0.442307692308	0.0384615384615	0.0769230769231
-nai	0.0291120815138	0.970887918486	0.0	0.0
-pua	0.0720164609053	0.905761316872	0.00987654320987	0.0123456790124
-pul	0.316455696203	0.398734177215	0.246835443038	0.0379746835443
-pui	0.283210332103	0.562730627306	0.129151291513	0.0249077490775
-bwé	0.24043715847	0.732240437158	0.016393442623	0.0109289617486
-ɛ́ɛ	0.409856165506	0.3383818759	0.0657739090408	0.185988049553
-lɔk	0.0	0.940298507463	0.0597014925373	0.0
-ɔkɔ	0.854545454545	0.0727272727273	0.0363636363636	0.0363636363636
-iva	0.0	0.9625	0.0	0.0375
-das	0.0818293323988	0.910811284388	0.00105134045909	0.00630804275451
-pao	0.60964532872	0.230752595156	0.0532006920415	0.106401384083
-let	0.0588936339259	0.880325752309	0.0354553580296	0.0253252557354
-ran	0.0993377483443	0.900662251656	0.0	0.0
-ɛnɛ	0.215479413509	0.417371798076	0.103276353586	0.263872434829
-aak	0.0811577752554	0.843927355278	0.0102156640182	0.0646992054483
-gaɔ	0.62962962963	0.314814814815	0.0185185185185	0.037037037037
-seɛ	0.257010031808	0.683386346954	0.0128211402006	0.0467824810374
-opa	0.0885009030704	0.899458157736	0.0	0.0120409391933
-ɛnɔ	0.354735152488	0.0722311396468	0.500802568218	0.0722311396469
-hei	0.550515463918	0.315463917526	0.0659793814433	0.0680412371134
-dea	0.0784577223296	0.852389211698	0.009897822221	0.059255243751
-dee	0.166868198307	0.785973397824	0.0217654171705	0.0253929866989
-ɔfo	0.0740570377184	0.866605335787	0.059337626495	0.0
-mbɛ	0.034749034749	0.965250965251	0.0	0.0
-del	0.116583982991	0.552799433026	0.107016300496	0.223600283487
-dem	0.0559498399902	0.87031812036	0.00910737518814	0.0646246644614
-den	0.405194123193	0.0851564085121	0.0544237172832	0.455225751011
-pae	0.321214940139	0.578077567198	0.0302122477988	0.0704952448641
-ima	0.0854362830613	0.783185792764	0.126339513062	0.00503841111267
-hra	0.18753823518	0.586425476252	0.182106974536	0.0439293140328
-des	0.046783625731	0.824561403509	0.0116959064327	0.116959064327
-ime	0.0962837544883	0.820898750392	0.0747377394979	0.0080797556214
-oni	0.166585637887	0.758715360197	0.0352332198931	0.039465782023
-nyɔ	0.538836511678	0.366991643454	0.0848510820656	0.00932076280266
-lga	0.169142857143	0.203428571429	0.532571428571	0.0948571428572
-imi	0.613359392964	0.34870085077	0.0	0.0379397562658
-yɔɔ	0.254076827757	0.453680297398	0.122131350681	0.170111524164
-asɛ	0.0542565118802	0.0165009067055	0.0024349006257	0.926807680789
-rwa	0.231254379818	0.68465311843	0.021023125438	0.063069376314
-ɔle	0.516132674665	0.41707833451	0.0343824982357	0.03240649259
-goŋ	0.124378109453	0.859701492537	0.0129353233831	0.00298507462687
-obi	0.42814593035	0.282225940296	0.197776753293	0.0918513760612
-bir	0.232692517735	0.236354759796	0.196435926555	0.334516795913
-obo	0.108910891089	0.821782178218	0.0594059405941	0.00990099009901
-joɛ	0.375661375661	0.400940623163	0.0564373897707	0.166960611405
-joɔ	0.315192743764	0.141723356009	0.0600907029479	0.482993197279
-hre	0.100418410042	0.548117154812	0.200836820084	0.150627615063
-oba	0.0	1.0	0.0	0.0
-sii	0.0541375291375	0.911421911422	0.0132867132867	0.0211538461538
-lll	0.223048327138	0.662949194548	0.0693928128872	0.0446096654275
-pɔg	0.147696063473	0.494964906927	0.338114128776	0.0192249008239
-pɔe	0.411654410708	0.111831400212	0.109136371995	0.367377817085
-bie	0.0464858394184	0.892124429848	0.033567931806	0.0278217989281
-dɛg	0.114522821577	0.626556016597	0.258921161826	0.0
-pɔa	0.407569900464	0.219544262553	0.0358344825615	0.337051354422
-kpo	0.589058681077	0.253576473754	0.0589165190483	0.0984483261206
-ɔeh	0.281443666009	0.427819716746	0.153731964735	0.13700465251
-kpa	0.165778251415	0.421591028919	0.0705437675007	0.342086952165
-bil	0.524913428242	0.183916891112	0.0371296652559	0.254040015391
-bim	0.29702970297	0.554455445545	0.049504950495	0.0990099009901
-bii	0.0643708272702	0.86296325089	0.0445465668035	0.0281193550364
-eja	0.0163576881134	0.977099236641	0.00218102508179	0.00436205016357
-hle	0.112903225806	0.709677419355	0.0645161290323	0.112903225806
-uta	0.0	1.0	0.0	0.0
-hla	0.125042134932	0.680491705694	0.179082426685	0.0153837326888
-ria	0.0528374143086	0.906906798414	0.0235465195047	0.0167092677728
-rim	0.0397476340694	0.110304942166	0.813354363828	0.0365930599369
-rik	0.0486977053051	0.442780196266	0.458717627094	0.0498044713348
-rii	0.162318161523	0.655794418098	0.0601210050318	0.121766415348
-tea	0.141037053522	0.585150773339	0.170593635251	0.103218537888
-riu	0.00309119010819	0.995363214838	0.0	0.0015455950541
-ris	0.0	1.0	0.0	0.0
-gre	0.375594114547	0.387246499158	0.130217743818	0.106941642477
-gri	0.161355626272	0.578459163685	0.133733933203	0.126451276841
-tel	0.329734222721	0.0756976913326	0.0177046318808	0.576863454066
-gro	0.600899381675	0.231028667791	0.121603897321	0.0464680532134
-ten	0.126906133514	0.148227719417	0.524188410708	0.200677736361
-reŋ	0.0214477211796	0.731903485255	0.123324396783	0.123324396783
-hɔl	0.316901408451	0.612676056338	0.056338028169	0.0140845070423
-ara	0.125656419459	0.564435615574	0.143641277105	0.166266687862
-tɔs	0.0	0.98753894081	0.01246105919	0.0
-eri	0.29186351706	0.64094488189	0.0671916010499	0.0
-hɔg	0.515026826415	0.269676065997	0.107161586648	0.10813552094
-hɔe	0.442286377791	0.307964321528	0.0902517548953	0.159497545786
-aro	0.555948563164	0.2282902597	0.0374143243413	0.178346852795
-erɔ	0.546492000562	0.0981420422398	0.0260660366506	0.329299920547
-ari	0.521072796935	0.245210727969	0.111111111111	0.122605363985
-hɔa	0.247591772976	0.631346003645	0.0234313980734	0.0976308253059
-mee	0.215115221351	0.26663502369	0.0860551665248	0.432194588434
-oŋu	0.422396856582	0.238113948919	0.261689587426	0.0777996070728
-luk	0.0125	0.9125	0.0125	0.0625
-mea	0.194862720027	0.76433227378	0.0359947929522	0.00481021323998
-ɔna	0.133666778788	0.762785436986	0.0837615834182	0.0197862008074
-dɔŋ	0.0656285854214	0.58293842504	0.196735931106	0.154697058433
-meo	0.324786324786	0.430367018602	0.0105580693816	0.23428858723
-men	0.234851583671	0.127256141634	0.0197956681345	0.61809660656
-arɔ	0.170606510874	0.228758611374	0.537552343644	0.0630825341078
-rɔd	0.0127629402033	0.943512172063	0.0337981564642	0.0099267312692
-kɛɛ	0.176827158593	0.0524629963763	0.00858690911849	0.762122935912
-aya	0.0103843560351	0.982333108564	0.000809170600133	0.00647336480108
-wɛɛ	0.156455324418	0.323460777076	0.0387934396629	0.481290458844
-kɔr	0.728977116074	0.131237937689	0.0463192721257	0.0934656741108
-kɔs	0.073047858942	0.885810243493	0.0268681780017	0.0142737195634
-rɔn	0.0143027413588	0.985697258641	0.0	0.0
-báa	0.409859234553	0.342614053932	0.0941262931766	0.153400418339
-jɔn	0.0266947938641	0.93835455895	0.0127614136521	0.0221892335339
-rɔs	0.0546574287914	0.885296381832	0.0469591993841	0.0130869899923
-gbɛ	0.594202898551	0.188405797101	0.130434782609	0.0869565217391
-kɔl	0.08	0.266666666667	0.653333333333	0.0
-ema	0.144939430755	0.655283872981	0.157375677323	0.0424010189399
-ɔbe	0.42234548336	0.3470681458	0.0713153724248	0.159270998415
-geɔ	0.430622009569	0.258373205742	0.253588516746	0.0574162679426
-noɛ	0.726030739205	0.120517199317	0.0431812637229	0.110270797756
-rrr	0.184787680821	0.792113859076	0.0230984601027	0.0
-tɔŋ	0.750577367206	0.214780600462	0.0207852193995	0.013856812933
-noɔ	0.797749196141	0.128295819936	0.0109324758842	0.0630225080386
-ubu	0.47619047619	0.476190476191	0.047619047619	0.0
-gɛɛ	0.114035965463	0.12145470563	0.141981045323	0.622528283584
-laɔ	0.348956103636	0.361840437112	0.0594389388734	0.229764520378
-ŋɔe	0.653814045706	0.138265678806	0.0164353542732	0.191484921215
-sɔn	0.143176196702	0.78120046767	0.0363918621054	0.0392314735223
-ŋni	0.299886722709	0.671495856436	0.00357717760687	0.025040243248
-sɔh	0.404519479013	0.272604647115	0.121109273925	0.201766599948
-ŋɔa	0.497331644206	0.154964139293	0.0171572783769	0.330546938124
-oŋi	0.559519464709	0.215741357089	0.0520948246085	0.172644353594
-ŋna	0.242428716996	0.604519294246	0.103694440845	0.0493575479139
-kem	0.49457492374	0.360668962403	0.0529925890493	0.0917635248074
-ŋne	0.359376611323	0.484428173662	0.0885583170052	0.0676368980097
-umu	0.62464898596	0.116068642746	0.182527301092	0.0767550702028
-ɔwo	0.638430673206	0.312527864467	0.0276415514936	0.0213999108337
-ŋuu	0.673081290105	0.123223056311	0.0151822847392	0.188513368845
-kel	0.182857142857	0.697142857143	0.0457142857143	0.0742857142857
-ote	0.820435762585	0.179564237415	0.0	0.0
-mɛl	0.138017398141	0.418839263975	0.0630201312669	0.380123206617
-oti	0.0314685314685	0.915792540793	0.0081585081585	0.0445804195804
-hwa	0.751888086924	0.102096139044	0.0169007485414	0.129115025491
-nɔk	0.036036036036	0.963963963964	0.0	0.0
-ɔwa	0.545702689231	0.362084925589	0.0380954641476	0.054116921032
-ume	0.178276519162	0.307643446962	0.111793351683	0.402286682194
-oŋe	0.637758410522	0.215898296999	0.0719203804192	0.0744229120595
-uma	0.666666666667	0.21568627451	0.0588235294118	0.0588235294117
-umm	0.238586156112	0.413843888071	0.259204712813	0.0883652430044
-mɛr	0.859813084112	0.0280373831776	0.0560747663551	0.0560747663552
-umi	0.0183486238532	0.853211009174	0.0550458715596	0.0733944954128
-ako	0.715166461159	0.0369913686806	0.0184956843403	0.22934648582
-kia	0.140687807057	0.471013845467	0.264493077267	0.12380527021
-olɛ	0.468888686588	0.367384328273	0.0444707435308	0.119256241608
-nan	0.0317880794702	0.817218543046	0.150993377483	0.0
-nao	0.826393218135	0.0553717290877	0.0128412112299	0.105393841547
-kie	0.174117647059	0.691764705882	0.0494117647059	0.0847058823529
-nam	0.51	0.34	0.07	0.08
-sis	0.0443853449427	0.876698604685	0.00631474127776	0.0726013090945
-oŋa	0.18040429376	0.36584387612	0.313082258962	0.140669571159
-kii	0.299071563553	0.537219620409	0.115643743324	0.0480650727138
-naa	0.253632654923	0.251317103953	0.0288565935934	0.466193647531
-olɔ	0.626563496785	0.200678082732	0.0302556787637	0.142502741719
-sum	0.105436049991	0.766354556287	0.103549687877	0.0246597058449
-aka	0.115942028985	0.80783682233	0.0193236714976	0.0568974771873
-nae	0.659628805705	0.178770770256	0.0281889219946	0.133411502044
-toɔ	0.200351493849	0.725834797891	0.0738137082601	0.0
-glɔ	0.475438450669	0.196326157427	0.0309201230155	0.297315268889
-nar	0.0564152255801	0.894074769806	0.0201438087939	0.0293661958197
-nas	0.0336291452592	0.957963568426	0.0084072863148	0.0
-sia	0.0245092106219	0.952797075839	0.0125269298734	0.0101667836654
-glɛ	0.380434782609	0.409090909091	0.121541501976	0.0889328063242
-sie	0.183456356734	0.228482173481	0.0717476818916	0.516313787893
-ɔ́n	0.494252873563	0.48275862069	0.0	0.0229885057471
-mos	0.0153846153846	0.953846153846	0.023076923077	0.00769230769232
-mor	0.514632405425	0.314061384725	0.107066381156	0.0642398286938
-goo	0.652876535229	0.198879551821	0.0887739711269	0.0594699418229
-igo	0.731001206273	0.108564535585	0.0470446320868	0.113389626055
-jos	0.0322580645161	0.903225806452	0.0645161290323	0.0
-awɛ	0.474123412912	0.171644388524	0.0558110173577	0.298421181206
-lɛɛ	0.388065974166	0.444889184335	0.0728399077832	0.0942049337167
-moe	0.571570013566	0.345338310453	0.0226613661766	0.0604303098043
-moa	0.038780141219	0.666191163349	0.227010607947	0.0680180874853
-mon	0.0677966101695	0.542372881356	0.0338983050847	0.35593220339
-moo	0.102688743824	0.78431455567	0.0305818999209	0.0824148005855
-wur	0.506197520992	0.211515393842	0.148740503798	0.133546581367
-gos	0.0388349514563	0.961165048544	0.0	0.0
-mol	0.0606796116505	0.919902912621	0.0	0.0194174757282
-ɔ́r	0.462555066079	0.264317180617	0.185022026432	0.0881057268722
-awɔ	0.392985268965	0.190436653065	0.0193442859668	0.397233792003
-igs	0.0	0.846153846154	0.153846153846	0.0
-ewɔ	0.432143976745	0.0897717233321	0.446450454558	0.0316338453646
-yas	0.461165048544	0.538834951456	0.0	0.0
-hɛa	0.220820189274	0.548895899054	0.0977917981072	0.132492113565
-hɛo	0.261458672229	0.674123973743	0.0530495856698	0.0113677683578
-hɛl	0.274226804124	0.725773195876	0.0	0.0
-ewɛ	0.530108098322	0.226545116888	0.120940472923	0.122406311867
-mfa	0.0714285714285	0.928571428571	0.0	0.0
-hɛh	0.640301318267	0.24670433145	0.112994350283	0.0
-onɛ	0.416846051221	0.170502631428	0.110921040785	0.301730276566
-yae	0.435322884515	0.282679280074	0.184591333627	0.0974065017838
-kiŋ	0.296829664737	0.392289112701	0.181530936214	0.129350286348
-yag	0.221674876847	0.295566502463	0.34236453202	0.14039408867
-ben	0.321428571429	0.410714285714	0.267857142857	0.0
-lɛɔ	0.409090909091	0.136363636364	0.0	0.454545454545
-bel	0.138339920949	0.837944664032	0.0158102766798	0.00790513833992
-yal	0.194124891326	0.74150738155	0.0560082820428	0.00835944508102
-yao	0.311516452074	0.455293276109	0.15808297568	0.0751072961373
-bea	0.252525252525	0.665223665224	0.069264069264	0.012987012987
-ɔah	0.386967869685	0.333327364336	0.226168643934	0.0535361220451
-bee	0.377518579091	0.190326830188	0.0348193179879	0.397335272732
-iso	0.182078051206	0.778647775292	0.0149142431022	0.0243599304002
-dɔr	0.370967741936	0.516129032258	0.0887096774193	0.0241935483871
-amo	0.351267459907	0.439730988101	0.153129849974	0.0558717020176
-isi	0.0797728012735	0.849824536015	0.0673636988532	0.00303896385803
-hɛg	0.255696202532	0.622784810127	0.0607594936709	0.0607594936709
-rea	0.0498687664042	0.679790026247	0.259842519685	0.010498687664
-gɔɔ	0.685472672971	0.129354212465	0.0863587619491	0.0988143526148
-isa	0.167456429202	0.779134206088	0.0413621395872	0.0120472251225
-ɛdɛ	0.177112222758	0.112849672225	0.334926847139	0.375111257878
-eve	0.0146198830409	0.941520467836	0.0350877192983	0.00877192982458
-dɔa	0.542341393079	0.208703046436	0.0405297988761	0.208425761609
-luŋ	0.105825761625	0.679850347408	0.203634420096	0.0106894708712
-dɔe	0.369476415015	0.118741298387	0.106781536207	0.405000750392
-res	0.0521739130434	0.930434782609	0.0	0.0173913043478
-dɔn	0.0178571428571	0.982142857143	0.0	0.0
-dɔm	0.0390397389582	0.811327351125	0.0195781377462	0.130054772171
-dia	0.141424142932	0.780270309039	0.046578901232	0.0317266467972
-haa	0.0798021729713	0.0453044284893	0.0109021680064	0.863991230533
-ŋgo	0.0	0.692307692308	0.0512820512821	0.25641025641
-hae	0.294615056347	0.516382430574	0.0932526197664	0.0957498933127
-hag	0.552092609083	0.333555951321	0.023374888691	0.0909765509053
-hah	0.824943037961	0.108665467571	0.0185504752463	0.0478410192214
-oas	0.0248447204969	0.962732919255	0.0124223602484	0.0
-mas	0.00128921357972	0.997421572841	0.00128921357972	0.0
-yar	0.0845993599287	0.874940076627	0.0404605634441	0.0
-hal	0.0844026484419	0.876385194717	0.0250035585326	0.0142085983084
-ham	0.0466434176111	0.906055711979	0.0381537010305	0.00914716937985
-hao	0.371119726082	0.412688531085	0.126206174481	0.0899855683522
-har	0.581818181818	0.381818181818	0.0363636363636	0.0
-mao	0.409173976608	0.462719298246	0.0643274853801	0.0637792397661
-man	0.231473343836	0.390946024376	0.344747533372	0.0328330984164
-maa	0.125893502146	0.0706676541301	0.0397846988187	0.763654144906
-teŋ	0.188578470149	0.40988759931	0.192101786152	0.209432144389
-rɛt	0.0115364014668	0.982901404969	0.00370812904289	0.00185406452144
-jum	0.636363636364	0.142857142857	0.0779220779221	0.142857142857
-ɔre	0.108383720473	0.79804266184	0.0503792697909	0.0431943478964
-ɔra	0.221707995709	0.685999409037	0.0391260084145	0.0531665868401
-uni	0.463320463321	0.415057915058	0.023166023166	0.0984555984556
-ɛte	0.0647014747921	0.19106218951	0.671066081483	0.0731702542152
-une	0.0709242459651	0.852273612498	0.0510597916534	0.0257423498835
-ɔro	0.588611886263	0.0646201562128	0.0088312809799	0.337936676544
-una	0.169915936326	0.658558397424	0.141119656591	0.0304060096584
-boŋ	0.139245752176	0.0795690012433	0.119353501865	0.661831744716
-pta	0.0448239060832	0.955176093917	0.0	0.0
-doŋ	0.445862676056	0.169014084507	0.334066901408	0.0510563380282
-iri	0.29272594172	0.565815001393	0.100718848504	0.0407402083837
-nla	0.472254034357	0.209994794378	0.0583029672045	0.25944820406
-oru	0.603406326034	0.265206812652	0.116788321168	0.014598540146
-gad	0.0	1.0	0.0	0.0
-tra	0.0158415841584	0.984158415842	0.0	0.0
-eɔm	0.0130861504907	0.969465648855	0.00872410032716	0.00872410032716
-uŋu	0.518939393939	0.234848484848	0.200757575758	0.0454545454545
-ada	0.448181060866	0.517613635341	0.014098824918	0.0201064788742
-gal	0.249454638778	0.662774284614	0.0585140510715	0.0292570255358
-lɔɔ	0.661028173903	0.180542737508	0.10750178597	0.0509273026182
-sɔɔ	0.880681818182	0.0814393939393	0.0151515151515	0.0227272727273
-ɛgo	0.180327868852	0.360655737705	0.180327868852	0.27868852459
-gat	0.037037037037	0.925925925926	0.037037037037	0.0
-uŋe	0.0263157894737	0.973684210526	0.0	0.0
-tɔɔ	0.293948807996	0.338623623962	0.109407712568	0.258019855474
-ɛge	0.0809484726385	0.756155728547	0.12394112782	0.0389546709936
-yaa	0.0430034105308	0.0297688583369	0.0108913011781	0.916336429954
-uŋi	0.714861493187	0.212910242467	0.00505405924125	0.0671742051052
-ɛga	0.178671975062	0.423955537413	0.336027596273	0.0613448912512
-ɔgɔ	0.293523565245	0.373356845143	0.250400769477	0.0827188201347
-seo	0.203489631912	0.521293600771	0.225519660584	0.0496971067333
-ini	0.0598847835935	0.202220927088	0.0471187909129	0.690775498406
-lao	0.263302587292	0.611520772847	0.0761542611957	0.0490223786645
-sek	0.0068935803533	0.982766049117	0.00258509263249	0.00775527789747
-loŋ	0.0770020533881	0.82546201232	0.0913757700205	0.00616016427104
-gra	0.317452361801	0.466846126767	0.129374660914	0.0863268505183
-sef	0.0258272800646	0.968253968254	0.00376647834275	0.00215227333872
-see	0.219035997559	0.461561928005	0.0802318486883	0.239170225747
-ɛna	0.141050720229	0.485559538629	0.345248234916	0.0281415062258
-ine	0.33744611268	0.436078489668	0.0951389921213	0.13133640553
-sea	0.119047619048	0.880952380952	0.0	0.0
-ɛne	0.290209231319	0.423103494052	0.204449585899	0.0822376887294
-uih	0.176691729323	0.741541353383	0.0535714285715	0.0281954887218
-use	0.155524388343	0.100046750818	0.177185600748	0.56724326009
-ɛns	0.0	1.0	0.0	0.0
-prɛ	0.0461751941529	0.930737208771	0.0230875970765	0.0
-foo	0.395745955662	0.28130617136	0.146794487717	0.176153385261
-ses	0.211940298507	0.788059701493	0.0	0.0
-inu	0.431252609603	0.155929018789	0.130647181628	0.282171189979
-pɛɛ	0.435342657983	0.25281417306	0.155637497903	0.156205671054
-fug	0.779122541604	0.157337367625	0.018154311649	0.0453857791225
-kuu	0.339497738868	0.3897287609	0.18005750523	0.0907159950014
-eda	0.0561732007022	0.940315974254	0.0	0.00351082504389
-kus	0.0341151385927	0.953091684435	0.0127931769723	0.0
-kur	0.526315789474	0.368421052632	0.105263157895	0.0
-iam	0.036866359447	0.907834101382	0.0460829493087	0.00921658986175
-ooh	0.0366972477064	0.880733944954	0.0825688073394	0.0
-iao	0.394366197183	0.408450704225	0.0281690140845	0.169014084507
-ian	0.0714285714285	0.857142857143	0.0714285714286	0.0
-oom	0.0812068850044	0.652066171054	0.228049025517	0.0386779184248
-nes	0.015518913676	0.957322987391	0.0232783705141	0.00387972841901
-fuh	0.311896649631	0.616269165247	0.00965360590573	0.0621805792164
-fus	0.0	0.962962962963	0.037037037037	0.0
-kua	0.306469920545	0.457434733258	0.044267877412	0.191827468786
-saŋ	0.0971970275868	0.383040411088	0.0289156893363	0.490846871989
-neg	0.667774086379	0.255813953488	0.0764119601328	0.0
-hro	0.416666666667	0.583333333333	0.0	0.0
-nee	0.292511488844	0.210475556342	0.0343662936044	0.462646661209
-ɛŋe	0.0641440356017	0.901111278447	0.0133633407503	0.0213813452005
-kui	0.493665124845	0.380589984864	0.125744890291	0.0
-ban	0.316402885444	0.192910206718	0.126238156761	0.364448751077
-bao	0.713856109979	0.159182106524	0.0441486979333	0.0828130855644
-bal	0.104043493571	0.586372544789	0.184076950164	0.125507011476
-pɔɔ	0.476497647121	0.0512081636969	0.0163908422778	0.455903346904
-uuh	0.459487150297	0.40575461764	0.0838147821385	0.0509434499246
-ɛah	0.500191793907	0.263395566329	0.0677615846458	0.168651055118
-dɛɛ	0.0793147793429	0.0335945954176	0.00826001967888	0.878830605561
-hoh	0.411468330134	0.454174664107	0.134357005758	0.0
-bae	0.291457286432	0.407035175879	0.0	0.301507537688
-kpɔ	0.446009060564	0.0184498227438	0.00877842341357	0.526762693279
-dig	0.0155004672127	0.390534821085	0.585389985159	0.00857472654318
-hol	0.33488372093	0.246511627907	0.362790697675	0.0558139534884
-baa	0.0914416024294	0.164275416099	0.00787498758835	0.736407993883
-jol	0.0	1.0	0.0	0.0
-joo	0.636365712372	0.273203370607	0.0	0.0904309170213
-iru	0.821342590001	0.118190470858	0.0201556463804	0.0403112927608
-uuu	0.481481481482	0.314176245211	0.0	0.204342273308
-joe	0.406901509705	0.391085549964	0.0740474478792	0.127965492452
-ila	0.304969768471	0.379147618345	0.285798554785	0.0300840583985
-bar	0.356286399452	0.185508735868	0.0308324768756	0.427372387804
-bas	0.0385332504661	0.929977211519	0.023202817485	0.00828672053035
-job	0.0857142857143	0.828571428571	0.0571428571429	0.0285714285714
-yɔn	0.0146137787056	0.977035490605	0.0	0.00835073068894
-ase	0.0	0.789473684211	0.210526315789	0.0
-nya	0.0327786554845	0.919566790202	0.0367283358188	0.0109262184948
-rel	0.0	0.620689655172	0.379310344828	0.0
-asa	0.0424628450106	0.940552016985	0.00849256900214	0.00849256900212
-wɔɔ	0.591902834008	0.214574898785	0.0651821862348	0.128340080972
-yɔe	0.743807040417	0.191655801825	0.0488917861799	0.0156453715776
-bɛt	0.054786939679	0.883785279469	0.00332042058661	0.0581073602657
-asi	0.372093023256	0.418604651163	0.046511627907	0.162790697674
-yɔa	0.302325581395	0.511627906977	0.162790697674	0.0232558139535
-mba	0.508237559604	0.425281207972	0.04584912581	0.0206321066145
-bɛl	0.0716365068122	0.0674998005356	0.0475329758756	0.813330716777
-yel	0.086144265698	0.913855734302	0.0	0.0
-yen	0.15355450237	0.564928909953	0.145023696682	0.136492890995
-mbi	0.148148148148	0.814814814815	0.0370370370371	0.0
-lta	0.0212765957447	0.968085106383	0.0	0.0106382978723
-yɔr	0.569972196478	0.20203892493	0.158480074143	0.0695088044485
-arɛ	0.118294479705	0.570126459647	0.0436723566248	0.267906704023
-omɛ	0.643946774157	0.246882322267	0.0664462906161	0.0427246129599
-ogo	0.483146067416	0.404062229905	0.0829732065687	0.0298184961106
-bɔr	0.239981413253	0.461082049253	0.0681755939094	0.230760943585
-ɛrɛ	0.206735268455	0.288695345934	0.136404915428	0.368164470183
-ras	0.166666666667	0.805555555556	0.0185185185185	0.00925925925926
-bɔe	0.492192895417	0.329680151956	0.0671172130114	0.111009739616
-rao	0.328462515883	0.482846251588	0.150571791614	0.0381194409149
-iwa	0.188524590164	0.622950819672	0.139344262295	0.0491803278689
-ram	0.0928217821782	0.814356435644	0.0371287128713	0.0556930693069
-bɔa	0.228346456693	0.48031496063	0.228346456693	0.0629921259842
-rak	0.0	1.0	0.0	0.0
-iwe	0.326429059549	0.673570940451	0.0	0.0
-ero	0.599066549303	0.225911445006	0.0644817915703	0.11054021412
-era	0.171495956882	0.633243402936	0.112032153872	0.0832284863098
-iwi	0.189676945156	0.41586396495	0.0986969448205	0.295762145074
-hɔɔ	0.228192233524	0.687677241275	0.0100200400802	0.0741104851212
-ere	0.112025173789	0.72776782491	0.0655667449777	0.0946402563232
-raa	0.271254193536	0.21882398311	0.128180552734	0.38174127062
-swe	0.614578969418	0.385421030582	0.0	0.0
-ugu	0.755102040816	0.158163265306	0.0612244897959	0.0255102040816
-ela	0.245058106267	0.239343088679	0.0720722119282	0.443526593125
-swa	0.566929133858	0.409448818898	0.0	0.0236220472441
-grɔ	0.28033935817	0.304463297676	0.23223902619	0.182958317964
-grɛ	0.384102482462	0.371744959921	0.182065155591	0.0620874020257
-ege	0.597968353194	0.126977925376	0.253955850752	0.0210978706779
-sɛh	0.537076279944	0.14064157713	0.0288726242604	0.293409518666
-uge	0.526629153974	0.370039135952	0.0665417823387	0.0367899277354
-pon	0.159984100959	0.766979679038	0.0521687285735	0.0208674914294
-poo	0.471540176377	0.435596305747	0.0163953118058	0.0764682060698
-uga	0.14374173093	0.651079457337	0.172313811544	0.0328650001889
-ugo	0.470230554852	0.476564479351	0.0440841145173	0.00912085127945
-ama	0.10779451244	0.396587500708	0.325719245071	0.169898741781
-poa	0.572520199702	0.302766032191	0.085296463161	0.0394173049456
-ugi	0.341713221601	0.564804469274	0.0605214152701	0.0329608938547
-poe	0.628194770858	0.268250587544	0.0552658636898	0.0482887779083
-ŋɔɔ	0.730394328755	0.124723083739	0.0536109880372	0.0912715994684
-foa	0.0	0.870466321243	0.129533678757	0.0
-lag	0.548857804166	0.275032706048	0.0652108282178	0.110898661568
-laa	0.127105579355	0.183738230693	0.0316400317353	0.657516158216
-ika	0.0	0.995614035088	0.00438596491228	0.0
-fog	0.594802694899	0.266602502406	0.0115495668912	0.127045235804
-iko	0.0165369649805	0.977626459144	0.00583657587548	0.0
-lam	0.00391846117676	0.981487447863	0.00195923058838	0.0126348603722
-nos	0.0774526678141	0.896729776248	0.0	0.025817555938
-lai	0.104016662443	0.843975006335	0.0173361104072	0.0346722208144
-iki	0.159375	0.83125	0.009375	0.0
-lak	0.130414531905	0.869585468095	0.0	0.0
-aal	0.265625	0.609375	0.0625	0.0625
-iks	0.0554272517321	0.792147806005	0.152424942263	0.0
-aah	0.154170101161	0.509772061975	0.0743661307791	0.261691706085
-lar	0.4	0.0571428571428	0.4	0.142857142857
-las	0.0212256076686	0.970558028073	0.00718931872646	0.00102704553235
-noa	0.793320235756	0.166863130321	0.00864440078585	0.0311722331369
-gɛn	0.0952380952381	0.126984126984	0.507936507936	0.269841269841
-aaa	0.362371888726	0.467789165447	0.0226939970717	0.147144948756
-noe	0.497826705122	0.301011496121	0.106024292156	0.0951375066011
-dor	0.127868852459	0.761475409836	0.0639344262295	0.0467213114754
-boa	0.731315779965	0.137524324715	0.0357708805418	0.0953890147781
-gel	0.67775991109	0.0735401639506	0.0271478858603	0.2215520391
-bol	0.680223611999	0.200106236551	0.0161392490409	0.103530902409
-bom	0.435294117647	0.188235294118	0.352941176471	0.0235294117647
-boo	0.0931375647299	0.0806670909724	0.120321551254	0.705873793044
-gee	0.386204922398	0.14702959826	0.0584136077174	0.408351871624
-rɔɔ	0.282146661158	0.184962511696	0.176424927416	0.35646589973
-doe	0.233446652741	0.306547587269	0.0884830627681	0.371522697221
-yáa	0.36974789916	0.331428571429	0.0436974789916	0.25512605042
-ret	0.0167464114833	0.973684210526	0.0	0.00956937799043
-kɛo	0.751546865648	0.159160437443	0.0412521816128	0.0480405152959
-doa	0.151329628466	0.477853242349	0.140029565398	0.230787563787
-don	0.00845665961945	0.991543340381	0.0	0.0
-doo	0.370544324416	0.345651500465	0.0573604213093	0.22644375381
-dom	0.285210083611	0.5947971719	0.037861064721	0.0821316797686
-ayɛ	0.0588235294118	0.137254901961	0.803921568627	0.0
-gla	0.279383092609	0.521022767516	0.119606192009	0.0799879478655
-toe	0.0612846199175	0.36593989393	0.0141426045963	0.558632881556
-gle	0.527285882967	0.232992667806	0.0441759156169	0.195545533609
-sau	0.102730819246	0.77633289987	0.120936280884	0.0
-toa	0.567679293047	0.0944163658545	0.252945535337	0.084958805762
-too	0.325197747068	0.414884121757	0.148502662276	0.111415468899
-tom	0.921531692395	0.0530057059345	0.00832353809683	0.0171390635734
-hab	0.0648148148148	0.916666666667	0.0185185185185	0.0
-toh	0.295275590551	0.586614173228	0.0708661417323	0.0472440944882
-glo	0.482217735673	0.335300512502	0.0382046901693	0.144277061655
-oli	0.178943485955	0.620496984583	0.148455800704	0.0521037287577
-saa	0.0824841376658	0.727167852336	0.171313208998	0.0190348009998
-sag	0.897321428571	0.0625	0.0	0.0401785714286
-ibi	0.0754160221693	0.627488889037	0.0561491551917	0.240945933602
-sae	0.153846153846	0.824175824176	0.021978021978	0.0
-olo	0.1385094473	0.622203542021	0.118067363353	0.121219647326
-ola	0.233746847706	0.208296477311	0.0534048932368	0.504551781747
-sah	0.142857142857	0.544217687075	0.0578231292517	0.255102040816
-sao	0.136842105263	0.452631578947	0.136842105263	0.273684210526
-ole	0.33463873404	0.198348668569	0.0474481674222	0.419564429968
-sam	0.0856017969039	0.803565731205	0.0947586048471	0.0160738670444
-sal	0.0448791714614	0.948216340621	0.00690448791714	0.0
-loo	0.390609957789	0.163446965022	0.0570709190096	0.388872158179
-lol	0.503296073373	0.411292633993	0.0275150472915	0.0578962453425
-ros	0.0219890054972	0.951024487756	0.0119940029985	0.0149925037481
-log	0.15618742491	0.698838606328	0.10292350821	0.0420504605526
-iŋe	0.335914811229	0.382381413359	0.0900290416263	0.191674733785
-iee	0.227520139343	0.567094854489	0.0426736337906	0.162711372378
-mɛɛ	0.0457124878001	0.475655588809	0.00275325510987	0.475878668281
-ŋge	0.366666666667	0.633333333333	0.0	0.0
-ɛre	0.116410947448	0.699254465357	0.0767359847009	0.107598602494
-ɔwɛ	0.316640770665	0.382085146053	0.0315413300187	0.269732753263
-bwe	0.0556163523322	0.909229065156	0.0135209932736	0.0216335892378
-iga	0.560570661218	0.32857230379	0.0290596111145	0.0817974238779
-ɔwɔ	0.525616698292	0.403225806452	0.0370018975332	0.034155597723
-roo	0.308693635085	0.29803587672	0.0875465459874	0.305723942208
-lor	0.115384615385	0.730769230769	0.153846153846	0.0
-los	0.017473789316	0.916625062406	0.00299550673989	0.0629056415377
-yaɔ	0.405940594059	0.524752475248	0.0693069306931	0.0
-uro	0.374055415617	0.414987405542	0.127833753149	0.0831234256927
-mar	0.161632012554	0.440368772067	0.365437426442	0.0325617889368
-mpo	0.028867532095	0.953381625188	0.00968227784551	0.00806856487126
-beɔ	0.122866894198	0.339590443686	0.506825938567	0.0307167235495
-bwa	0.0686005693234	0.23678715823	0.0403024355427	0.654309836904
-yeŋ	0.358490566038	0.22641509434	0.0754716981132	0.339622641509
-ewa	0.384358315051	0.240278990037	0.253096176075	0.122266518837
-eŋɔ	0.467815049864	0.246600181324	0.116953762466	0.168631006346
-hɛɛ	0.166925060672	0.038513835436	0.0409655446734	0.753595559219
-ipt	0.0268481754585	0.837587445642	0.0654187937228	0.0701455851768
-lkɛ	0.0611305113076	0.036850703909	0.00838196136133	0.893636823422
-nfɛ	0.226804123711	0.752577319588	0.0	0.020618556701
-awo	0.241224042052	0.675174845901	0.0313504170176	0.0522506950294
-baŋ	0.130603682698	0.589076217854	0.178696293994	0.101623805454
-awa	0.222361382508	0.613122030956	0.101534877857	0.0629817086797
-lɛa	0.445341159208	0.457813646368	0.070432868672	0.026412325752
-awe	0.500407798153	0.421584361598	0.0456470835855	0.0323607566629
-ɔŋa	0.0549856381811	0.134855452051	0.1420133648	0.668145544968
-yaŋ	0.571428571429	0.201680672269	0.0504201680672	0.176470588235
-eŋɛ	0.668537468056	0.166546501376	0.0175230248918	0.147393005676
-gli	0.605582385823	0.308970605012	0.0439213598509	0.0415256493136
-dii	0.302316355189	0.462822542442	0.0452741677551	0.189586934614
-ita	0.0215301146899	0.925726255065	0.00552846645147	0.0472151637937
-wie	0.143737166324	0.770020533881	0.0	0.0862422997946
-hrɛ	0.373942721472	0.227630212198	0.200326457931	0.198100608399
-jud	0.133333333333	0.8	0.0666666666667	0.0
-rae	0.570925110132	0.311894273128	0.0863436123348	0.0308370044053
-ŋoo	0.483551874856	0.337014032666	0.0414078674948	0.138026224983
-poŋ	0.114574470451	0.32536536608	0.130537731153	0.429522432316
-rɛɛ	0.162683959533	0.0623625814723	0.0130274844397	0.761925974555
-bwɛ	0.171844770684	0.811084556732	0.0119494708091	0.00512120177534
-mpa	0.120229007634	0.845419847328	0.0	0.0343511450382
-age	0.555614103416	0.257165112603	0.0214437902357	0.165776993746
-dɔɔ	0.0613085094337	0.870483441903	0.00621355140293	0.06199449726
-oɔh	0.556086489069	0.256839087325	0.140485007765	0.0465894158404
-mae	0.233555813503	0.720497194815	0.0145095763204	0.0314374153608
-gɔs	0.0	1.0	0.0	0.0
-aih	0.227291841884	0.226310625175	0.453462293244	0.0929352396972
-ige	0.252542372881	0.589830508475	0.0661016949152	0.0915254237288
-wáa	0.428571428571	0.451428571429	0.12	0.0
-eya	0.0613160081454	0.0667288195127	0.0185789279384	0.853376244403
-tor	0.169712793734	0.409921671018	0.399477806789	0.0208877284595
-tos	0.0494694132335	0.940230961298	0.00468164794008	0.00561797752809
-wam	0.139534883721	0.53488372093	0.255813953488	0.0697674418605
-eme	0.406690600766	0.232099100646	0.0602111303042	0.300999168284
-ois	0.0	0.757575757576	0.242424242424	0.0
-ion	0.0	0.829268292683	0.170731707317	0.0
-leo	0.390017574692	0.465448154657	0.0255887521968	0.118945518453
-lea	0.444268524383	0.390911969601	0.0531982267258	0.111621279291
-mun	0.483642150442	0.194055181771	0.147447192488	0.1748554753
-lee	0.389753993515	0.233393103103	0.0565549879835	0.320297915398
-leg	0.652752276389	0.263049424814	0.0233821710945	0.0608161277026
-muu	0.21832884097	0.377358490566	0.371967654987	0.0323450134771
-mɔn	0.0308794937288	0.96477450345	0.00114368495292	0.00320231786817
-ree	0.306419482698	0.486664252578	0.1016137508	0.105302513925
-mur	0.267990074442	0.496277915633	0.0967741935484	0.138957816377
-lep	0.0	1.0	0.0	0.0
-jar	0.581196581197	0.162393162393	0.0854700854701	0.17094017094
-les	0.0212201591512	0.846153846154	0.00530503978779	0.127320954907
-oik	0.126582278481	0.430379746835	0.443037974684	0.0
-ɛoh	0.480147138375	0.25731183959	0.130404991165	0.13213603087
-aɔh	0.615384615385	0.217948717949	0.141025641026	0.025641025641
-fta	0.0	1.0	0.0	0.0
-jaɔ	0.190945343655	0.230588787239	0.122683556181	0.455782312925
-een	0.0297619047619	0.943452380952	0.00297619047619	0.0238095238095
-eei	0.156133828996	0.148698884758	0.695167286245	0.0
-eeh	0.419189282954	0.29484891907	0.10680334206	0.179158455916
-rre	0.15033657442	0.813762154076	0.0269259536275	0.00897531787583
-eee	0.438759689923	0.114728682171	0.279069767442	0.167441860465
-jeŋ	0.341085271318	0.511627906977	0.116279069767	0.031007751938
-san	0.287425149701	0.425149700599	0.251497005988	0.0359281437126
-alo	0.300647076141	0.140596367482	0.464308673945	0.0944478824328
-oŋo	0.667345334328	0.214626967968	0.0429374886609	0.0750902090431
-uda	0.022632771425	0.772090857931	0.165381145475	0.0398952251691
-aŋɛ	0.47612531246	0.182640903534	0.0784936230773	0.262740160928
-dos	0.0	0.909090909091	0.0909090909091	0.0
-gii	0.0754716981132	0.584905660377	0.339622641509	0.0
-ali	0.110091743119	0.698558322412	0.125819134993	0.0655307994757
-nda	0.0	1.0	0.0	0.0
-ald	0.0	0.679245283019	0.320754716981	0.0
-ale	0.161003047196	0.58667617157	0.175403831013	0.0769169502212
-nde	0.477165354331	0.437795275591	0.0	0.0850393700787
-aŋe	0.773365041617	0.170511296076	0.00142687277051	0.0546967895363
-emɛ	0.797383821236	0.0811807533194	0.0338264992804	0.0876089261641
-ala	0.201803895611	0.588065164187	0.108213244645	0.101917695557
-paŋ	0.285714285714	0.142857142857	0.571428571429	0.0
-háa	0.510638297872	0.191489361702	0.031914893617	0.265957446808
-yos	0.0161290322581	0.983870967742	0.0	0.0
-bia	0.0555555555555	0.871111111111	0.0666666666666	0.00666666666668
-duu	0.329619143301	0.577038998995	0.0591834870765	0.0341583706275
-bin	0.0	1.0	0.0	0.0
-yoi	0.331940804039	0.548896964572	0.00467302868194	0.114489202707
-fan	0.111111111111	0.888888888889	0.0	0.0
-yoo	0.15502816783	0.573888001345	0.0536239804927	0.217459850332
-yon	0.204363461651	0.212298351872	0.07458068837	0.508757498107
-yom	0.0810242020344	0.612065941775	0.293230445458	0.0136794107331
-dɛk	0.0478431372549	0.929673202614	0.00679738562091	0.0156862745098
-yoa	0.292337978119	0.317610081615	0.0601055025079	0.329946437758
-yog	0.719397044502	0.151479866198	0.121501460812	0.00762162848795
-baɔ	0.614764751755	0.15206654536	0.030413309072	0.202755393813
-hne	0.123481977403	0.774857184652	0.0931891014497	0.00847173649542
-pee	0.419621026895	0.440097799511	0.0513447432763	0.0889364303179
-peg	0.388550865314	0.324609957622	0.229692937806	0.0571462392576
-pea	0.443786982248	0.517159763314	0.0213017751479	0.0177514792899
-pel	0.131506849315	0.627397260274	0.241095890411	0.0
-cha	0.291924586055	0.434673472241	0.0409053242493	0.232496617454
-pen	0.56607153175	0.418327844225	0.00866701334719	0.00693361067777
-loi	0.0	1.0	0.0	0.0
-ogu	0.597122302158	0.280575539568	0.122302158273	0.0
-che	0.339422219801	0.0861187729002	0.0159126491953	0.558546358104
-elu	0.323607427056	0.119363395225	0.557029177719	0.0
-ruu	0.544573109089	0.291057807187	0.0662622920688	0.0981067916551
-peu	0.132332127693	0.836412958012	0.0206400377418	0.0106148765529
-eli	0.454400078727	0.362560582577	0.156469112112	0.026570226585
-elo	0.449865639811	0.251918237648	0.0453552147413	0.2528609078
-per	0.416158536585	0.428353658537	0.0838414634146	0.0716463414634
-oga	0.299525121224	0.541161376396	0.0608885710249	0.0984249313555
-pɔh	0.283010365029	0.568724650744	0.137449301487	0.01081568274
-oge	0.716049815573	0.112907416573	0.0611642855358	0.109878482318
-ele	0.328408956623	0.399343785279	0.0786410543381	0.193606203759
-ónɔ	0.045438898451	0.257831325301	0.674010327022	0.0227194492255
-ɔbɔ	0.00476190476191	0.995238095238	0.0	0.0
-esu	0.00727884101406	0.708000291321	0.00341818828765	0.281302679377
-ore	0.0536972885552	0.817104763997	0.110379562335	0.018818385113
-tes	0.0	0.818414322251	0.181585677749	0.0
-kwi	0.305155540725	0.60284903891	0.0314130703687	0.0605823499968
-ɛra	0.0707190723018	0.488705194871	0.0390338822419	0.401541850586
-ɛro	0.504529245641	0.100888778905	0.0198401089059	0.374741866548
-esa	0.0	1.0	0.0	0.0
-ese	0.366870696251	0.48584544759	0.0615914307575	0.0856924254017
-hge	0.2495588606	0.434333249307	0.291152004033	0.02495588606
-spa	0.058064516129	0.851612903226	0.0645161290322	0.0258064516129
-faa	0.63480000654	0.0517603035605	0.0783593484457	0.235080341453
-bru	0.0	0.965884861407	0.0255863539446	0.00852878464818
-fah	0.040404040404	0.631313131313	0.040404040404	0.287878787879
-gru	0.515658705996	0.265869069657	0.14136438046	0.0771078438872
-keŋ	0.204778156997	0.419795221843	0.109215017065	0.266211604096
-bul	0.107174424273	0.876947883242	0.0158776924849	0.0
-666	0.215189873418	0.101265822785	0.0253164556962	0.658227848101
-fas	0.03625	0.945	0.00375	0.015
-ɛɛɛ	0.291564291564	0.596232596233	0.0319410319411	0.0802620802621
-ŋlo	0.782608695652	0.134782608696	0.0347826086956	0.0478260869566
-bor	0.182403161533	0.787196311544	0.0152002634611	0.0152002634611
