iam-	0.148148148148	0.597883597884	0.126984126984	0.126984126984
kud-	0.447762328091	0.466149988603	0.037687105843	0.0484005774637
ivi-	0.376318379975	0.0835727343955	0.0670992627117	0.473009622918
tut-	0.146248174179	0.0811374229708	0.0262392802339	0.746375122616
gin-	0.0784180599168	0.616566239498	0.0840193499109	0.220996350675
muw-	0.516853932584	0.0674157303371	0.0224719101123	0.393258426966
dok-	0.381944444445	0.402777777778	0.131944444444	0.0833333333333
dib-	0.131126373789	0.466923414391	0.0875780903984	0.314372121422
iol-	0.041782729805	0.958217270195	0.0	0.0
eee-	0.565656565657	0.242424242424	0.0707070707071	0.121212121212
nas-	0.103421033732	0.740729214048	0.0402192908956	0.115630461325
lau-	0.12746250965	0.323601179104	0.107055126216	0.44188118503
eda-	0.190625	0.525	0.253125	0.03125
tum-	0.350194552529	0.150453955901	0.175097276265	0.324254215305
ana-	0.145706851691	0.253252385082	0.406764960971	0.194275802255
yal-	0.637931034483	0.284482758621	0.0258620689655	0.051724137931
beq-	0.0974564954915	0.0215509995219	0.00920373102362	0.871788773963
iud-	0.0510520869265	0.843394273888	0.00413935839945	0.101414280787
iem-	0.380086265485	0.272664876759	0.127682338454	0.219566519302
vil-	0.273348519362	0.141230068337	0.159453302961	0.425968109339
nun-	0.0629496402877	0.528776978417	0.264388489209	0.143884892086
kat-	0.189952904239	0.400139542997	0.281993139136	0.127914413629
abi-	0.0	0.741637831603	0.0	0.258362168397
dis-	0.379290114403	0.393663831036	0.153124083309	0.0739219712526
igi-	0.666747991217	0.190047474873	0.040035676147	0.103168857763
sen-	0.198507462687	0.622388059701	0.0	0.179104477612
yau-	0.126729116947	0.267441966024	0.00063546371704	0.605193453312
ini-	0.64242704956	0.27420101899	0.0277906438166	0.0555812876332
mig-	0.627069133398	0.115871470302	0.0817916260954	0.175267770204
ked-	0.23334783825	0.363596804774	0.0261088490349	0.376946507941
tai-	0.144848916097	0.231600862594	0.0247685291094	0.5987816922
mey-	0.0334507042253	0.887323943662	0.00880281690139	0.0704225352113
dek-	0.0165975103734	0.933609958506	0.0	0.0497925311203
kum-	0.493632053547	0.250534535651	0.02528586037	0.230547550432
aig-	0.609222484012	0.148434870414	0.127903062942	0.114439582632
val-	0.18277408083	0.492166825107	0.0714909688857	0.253568125177
mul-	0.295637471491	0.0445190965574	0.00503768490391	0.654805747048
kam-	0.269093056677	0.421875858243	0.0899500504299	0.21908103465
ibi-	0.792307692308	0.0692307692308	0.0	0.138461538462
ies-	0.40932305805	0.123916753205	0.0282691735442	0.4384910152
sin-	0.338173481085	0.272067252579	0.0	0.389759266336
bod-	0.096463022508	0.691318327974	0.00964630225081	0.202572347267
kim-	0.145263420655	0.0958853957204	0.00981846926181	0.749032714363
tag-	0.368022328549	0.152511961722	0.44836523126	0.0311004784689
pat-	0.142857142857	0.698412698413	0.111111111111	0.047619047619
toe-	0.0	0.488188976378	0.511811023622	0.0
lom-	0.407990996061	0.411930219471	0.0168823860439	0.163196398424
gen-	0.402777777778	0.541666666667	0.0	0.0555555555556
ake-	0.1	0.877777777778	0.0	0.0222222222222
ium-	0.366666666667	0.633333333333	0.0	0.0
kid-	0.287197231834	0.111880046136	0.038062283737	0.562860438293
vel-	0.323058431669	0.372293363077	0.126995383484	0.177652821771
kiv-	0.462670308136	0.264713234273	0.0416917403447	0.230924717246
qav-	0.0710900473934	0.89336492891	0.0355450236967	0.0
bak-	0.42	0.36	0.0	0.22
miu-	0.0355029585799	0.89349112426	0.0355029585799	0.0355029585799
oqe-	0.5	0.441176470588	0.0	0.0588235294118
bwa-	0.171304490665	0.299194442091	0.179601969089	0.349899098156
gun-	0.482474726846	0.0474828959461	0.0222735627489	0.447768814459
nan-	0.253205128205	0.512820512821	0.0560897435897	0.177884615385
uva-	0.302778385474	0.0605994311967	0.00131262305841	0.635309560271
tol-	0.127526867399	0.668840084377	0.073521778899	0.130111269324
mel-	0.130683563127	0.811498860459	0.0113145942102	0.0465029822038
ail-	0.278823979667	0.535293367222	0.0680058486993	0.117876804412
nab-	0.668003207699	0.129911788292	0.00962309542903	0.192461908581
isa-	0.355690551049	0.175625638082	0.0315726918564	0.437111119012
mus-	0.561571633924	0.251557259224	0.0814566363199	0.105414470532
dio-	0.0296470588235	0.892705882353	0.008	0.0696470588235
igu-	0.340356564019	0.152890329552	0.010264721772	0.496488384657
bab-	0.387931034483	0.387931034483	0.0172413793103	0.206896551724
ita-	0.458570296782	0.153100242967	0.0319705376599	0.356358922592
iai-	0.0470262793914	0.952973720609	0.0	0.0
ivu-	0.396280917133	0.28777757718	0.02166456039	0.294276945297
kod-	0.35141466931	0.594701748063	0.0304559380068	0.0234276446206
ali-	0.0531208499336	0.853917662683	0.0	0.0929614873837
tau-	0.190315684787	0.248879877786	0.174131584883	0.386672852544
mal-	0.169571163697	0.24087745183	0.128838196333	0.46071318814
sab-	0.0	1.0	0.0	0.0
aki-	0.538277511962	0.232057416268	0.0	0.22966507177
ian-	0.19696969697	0.136363636364	0.0	0.666666666667
lov-	0.206626291414	0.520840755255	0.00534378339865	0.267189169932
tub-	0.164226432325	0.444104329003	0.267781719171	0.123887519501
ena-	0.149122807018	0.388157894737	0.0833333333333	0.379385964912
lim-	0.0434782608696	0.95652173913	0.0	0.0
sak-	0.238251311013	0.450596549477	0.0228069631055	0.288345176405
ALL	0.256043057551	0.265035480735	0.046228602891	0.432692858823
yaq-	0.0546773495019	0.556951061066	0.343980077956	0.0443915114769
div-	0.279043379376	0.456753750563	0.0449395704613	0.2192632996
baw-	0.0617160060211	0.86904164576	0.0511791269443	0.0180632212744
mes-	0.131251870945	0.0459708113193	0.0286424619882	0.794134855748
kaq-	0.232058813425	0.581572709471	0.0709402590264	0.115428218077
iku-	0.471042471042	0.368725868726	0.137065637066	0.023166023166
ien-	0.25468164794	0.217228464419	0.0	0.528089887641
vik-	0.106082839163	0.389915890113	0.0926267699383	0.411374500787
tal-	0.516556291391	0.360927152318	0.046357615894	0.0761589403974
dak-	0.416666666667	0.0	0.416666666667	0.166666666667
vak-	0.15460420166	0.0492317366805	0.00604019626501	0.790123865395
pon-	0.150943396226	0.176100628931	0.0	0.672955974843
ged-	0.0	1.0	0.0	0.0
sik-	0.0810810810811	0.0	0.0	0.918918918919
mwa-	0.253083144365	0.424305374905	0.030465087842	0.292146392888
kia-	0.145348837209	0.651162790698	0.0174418604651	0.186046511628
bun-	0.216008112335	0.6702129488	0.0972792740147	0.0164996648506
iyo-	0.359266140269	0.357408267534	0.0278680910358	0.255457501161
lam-	0.18792866941	0.599451303155	0.0329218106996	0.179698216735
idi-	0.504950495049	0.0990099009901	0.316831683168	0.0792079207921
ani-	0.0	1.0	0.0	0.0
dik-	0.184291653754	0.688725703765	0.05098067481	0.0760019676713
nad-	0.148541114058	0.612732095491	0.238726790451	0.0
kuv-	0.425319987671	0.261586879289	0.133348474279	0.179744658761
aiv-	0.482967830748	0.159592882795	0.0762747988522	0.281164487604
ded-	0.289596273292	0.0249322019071	0.00196833172951	0.683503193071
ban-	0.284504743446	0.0547791492401	0.00367234520045	0.657043762114
miv-	0.170950712911	0.517900899568	0.0795960991333	0.231552288388
ise-	0.42230527144	0.418371361133	0.0	0.159323367427
aiq-	0.549194991055	0.214669051878	0.0322003577818	0.203935599284
did-	0.652173913043	0.130434782609	0.108695652174	0.108695652174
bwe-	0.0211267605634	0.795774647887	0.140845070423	0.0422535211268
nam-	0.342222222222	0.266666666667	0.16	0.231111111111
sev-	0.702290076336	0.0687022900763	0.0	0.229007633588
edi-	0.268181818182	0.0954545454545	0.05	0.586363636364
sid-	0.437940909408	0.223650206049	0.0	0.338408884543
bon-	0.150858442358	0.268002827873	0.01048356097	0.570655168799
oli-	0.129432624113	0.867021276596	0.00354609929079	0.0
mea-	0.490807239299	0.267882792301	0.203964378052	0.0373455903476
mod-	0.066852367688	0.855153203343	0.0445682451253	0.033426183844
tok-	0.254323771667	0.519789019053	0.0515986011046	0.174288608176
kue-	0.447004608295	0.350230414747	0.0783410138248	0.124423963134
me--	0.183484438165	0.388162800738	0.050629930531	0.377722830566
mut-	0.899488926746	0.100511073254	0.0	0.0
di'-	0.1875	0.8125	0.0	0.0
bou-	0.144578313253	0.5140562249	0.220883534137	0.120481927711
ukw-	0.632653061225	0.285714285714	0.0816326530612	0.0
aek-	0.123499142367	0.341337907376	0.082332761578	0.452830188679
ina-	0.434029453646	0.235828199096	0.0534162626209	0.276726084637
mai-	0.141379310345	0.68275862069	0.0827586206896	0.0931034482759
wal-	0.0776621297037	0.834267413931	0.0280224179344	0.0600480384307
ieb-	0.254180602007	0.0936454849498	0.571906354515	0.0802675585284
ipo-	0.30612244898	0.312925170068	0.0544217687075	0.326530612245
vet-	0.142503711034	0.714992577932	0.142503711034	0.0
gim-	0.309196234613	0.584359160029	0.0202751629254	0.086169442433
kau-	0.119665271967	0.662761506276	0.0217573221757	0.195815899581
iba-	0.568117133844	0.149083526608	0.031724820271	0.251074519277
wav-	0.201203783319	0.714961306965	0.0838349097162	0.0
ino-	0.600782218831	0.0618859105218	0.029571687494	0.307760183154
bas-	0.417730372443	0.15249918817	0.0119901081608	0.417780331227
ito-	0.439810561986	0.0930859207545	0.031477738992	0.435625778268
ivo-	0.506324281081	0.0347227524925	0.00280619047675	0.45614677595
day-	0.195676905575	0.69055745165	0.0	0.113765642776
kun-	0.279662229855	0.545441534278	0.0125948189495	0.162301416917
ide-	0.802259887006	0.0	0.0	0.197740112994
wey-	0.869565217391	0.130434782609	0.0	0.0
kan-	0.200427389841	0.434029124405	0.0557979402108	0.309745545543
agi-	0.521104742053	0.148514851485	0.0990099009903	0.231370505472
lig-	0.251250581046	0.587753901003	0.0695207918427	0.0914747261089
guv-	0.311714197453	0.260262096214	0.079330862591	0.348692843741
nav-	0.226653846743	0.461788748517	0.0418519893426	0.269705415398
pwa-	0.0439745584014	0.581722310639	0.213293921065	0.161009209895
iep-	0.308641975309	0.432098765432	0.0987654320987	0.160493827161
met-	0.242846166383	0.757153833617	0.0	0.0
100-	0.0481927710843	0.325301204819	0.066265060241	0.560240963855
diy-	0.111607142857	0.754464285714	0.0446428571429	0.0892857142857
na--	0.0	1.0	0.0	0.0
ken-	0.494413407821	0.298882681564	0.117318435754	0.0893854748603
ilu-	0.429030158049	0.17259115357	0.0399644530786	0.358414235302
iek-	0.571466221558	0.228235087411	0.0401915136607	0.16010717737
mat-	0.110828721796	0.126022977744	0.0586698925335	0.704478407927
iey-	0.423529411765	0.141176470588	0.141176470588	0.294117647059
aka-	0.152539434911	0.147165886636	0.516553995493	0.183740682961
ios-	0.0405405405405	0.959459459459	0.0	0.0
mem-	0.326935605112	0.436398563434	0.0601018959325	0.176563935522
ala-	0.0222222222222	0.511111111111	0.466666666667	0.0
but-	0.263157894737	0.736842105263	0.0	0.0
dig-	0.575342465753	0.301369863014	0.0	0.123287671233
iqe-	0.84	0.12	0.0	0.04
anu-	0.582794740361	0.290171606864	0.0267439268999	0.100289725875
wit-	0.352601156069	0.647398843931	0.0	0.0
wai-	0.0365576898251	0.0328325918755	0.00463451321548	0.925975205084
ipa-	0.417218543046	0.556291390729	0.0264900662251	0.0
kin-	0.302624292896	0.373740319246	0.0199625566343	0.303672831224
aim-	0.13893252615	0.639794628147	0.209471627265	0.0118012184375
dan-	0.0828402366864	0.662721893491	0.136094674556	0.118343195266
lug-	0.404191616767	0.337574850299	0.063622754491	0.194610778443
naq-	0.229827288349	0.112078530229	0.0297618071243	0.628332374298
kag-	0.202471121321	0.121778908111	0.0157676976491	0.659982272919
mub-	0.0436363636364	0.603636363636	0.0436363636364	0.309090909091
kom-	0.174358190709	0.0206875474243	0.0048688980693	0.800085363797
din-	0.271875	0.39375	0.0906250000001	0.24375
yai-	0.0300214438885	0.444603288063	0.465332380272	0.060042887777
mak-	0.268333333333	0.231666666667	0.025	0.475
vav-	0.115557253366	0.441266354694	0.0724620380098	0.37071435393
don-	0.0327868852459	0.885245901639	0.0	0.0819672131147
ibw-	0.468194284703	0.316818543749	0.102627620986	0.112359550562
tat-	0.3539445629	0.27078891258	0.268656716418	0.106609808102
tov-	0.188241691782	0.539019549732	0.158404646272	0.114334112214
ave-	0.438141408824	0.265140630084	0.102625411763	0.194092549329
mam-	0.0979228486647	0.804154302671	0.0	0.0979228486647
kew-	0.903846153846	0.0961538461538	0.0	0.0
sia-	0.173519163763	0.366898954704	0.187456445993	0.27212543554
sis-	0.105993690852	0.88643533123	0.0	0.00757097791798
vaq-	0.129014747435	0.753927969527	0.0881076323944	0.0289496506439
pai-	0.19944463684	0.131215044406	0.0267953461936	0.642544972561
mos-	0.0950666056257	0.745138433932	0.049128720009	0.110666240433
guy-	0.164688107058	0.400172674293	0.412475717678	0.0226635009713
ili-	0.342431761787	0.277915632754	0.111662531017	0.267990074442
yaw-	0.295092087663	0.490070994958	0.138285831876	0.0765510855026
bet-	0.0	1.0	0.0	0.0
law-	0.0283018867925	0.88679245283	0.0	0.0849056603774
sal-	0.0	1.0	0.0	0.0
kiy-	0.628	0.104	0.012	0.256
gab-	0.157757234727	0.707596463023	0.0763665594855	0.0582797427653
obu-	0.384	0.44	0.032	0.144
aes-	0.42382133995	0.409429280397	0.0	0.166749379653
min-	0.634146341463	0.365853658537	0.0	0.0
diu-	0.571072319202	0.239401496259	0.104738154613	0.0847880299251
kut-	0.322905966944	0.188159492016	0.00522924642824	0.483705294612
tab-	0.153113361315	0.187418186118	0.098784720756	0.560683731811
igo-	0.428314875786	0.0731175439347	0.401505109676	0.0970624706033
gal-	0.0337117172025	0.798682005181	0.0994209964955	0.0681852811214
ida-	0.399645123508	0.271425598053	0.102533461298	0.226395817141
sel-	0.064952048823	0.79337401918	0.00653879686137	0.135135135135
kay-	0.329301075269	0.174731182796	0.415322580645	0.0806451612903
ibe-	0.740554564041	0.199844837373	0.0328830888751	0.026717509711
kus-	0.539795918367	0.251020408163	0.093537414966	0.115646258503
me'-	0.0100502512563	0.844221105528	0.0	0.145728643216
tak-	0.134952170714	0.784694628403	0.0432671081678	0.0370860927152
mun-	0.319938176198	0.200927357032	0.0741885625965	0.404945904173
kak-	0.317647058824	0.272058823529	0.0573529411765	0.352941176471
kik-	0.584852009823	0.244539227091	0.0155098875533	0.155098875533
bea-	0.227434257285	0.495380241649	0.0213219616205	0.255863539446
vek-	0.259494378124	0.359173597334	0.0526416100583	0.328690414484
iqa-	0.0165061898212	0.983493810179	0.0	0.0
sil-	0.0	0.270967741935	0.154838709678	0.574193548387
i'i-	0.344023323615	0.612244897959	0.0437317784257	0.0
gud-	0.0805369127517	0.812080536913	0.0268456375839	0.0805369127517
maq-	0.184081917617	0.711892017687	0.0586455666745	0.0453804980219
iet-	0.39205435936	0.266437247792	0.0466843619261	0.294824030921
ipe-	0.416204217536	0.284128745838	0.0799112097669	0.219755826859
kib-	0.379147284502	0.378125452736	0.127751190927	0.114976071835
mi--	0.0200702458605	0.693928750627	0.0903161063723	0.19568489714
mep-	0.44587628866	0.399484536082	0.0515463917526	0.103092783505
nau-	0.495970987351	0.282140497136	0.0217031151643	0.200185400349
sag-	0.146881287726	0.404426559356	0.0865191146881	0.362173038229
kit-	0.475668149557	0.354195673583	0.0631643291336	0.106971847727
gol-	0.162046908316	0.837953091684	0.0	0.0
aiw-	0.589081172212	0.312738632419	0.0	0.0981801953687
bai-	0.24939383443	0.646692067891	0.103914097679	0.0
itu-	0.435699178033	0.322846612713	0.119020479501	0.122433729752
kad-	0.22935087371	0.300797375037	0.0888302966491	0.381021454605
nal-	0.117500820864	0.66790187157	0.0351798864862	0.17941742108
las-	0.208475153165	0.360676196959	0.347458588609	0.0833900612662
koy-	0.11495601173	0.643401759531	0.00527859237537	0.236363636364
men-	0.275766675082	0.425614118962	0.0973633038069	0.201255902149
ava-	0.248974943052	0.49589977221	0.0205011389522	0.234624145786
ain-	0.372713468716	0.196162742844	0.0	0.43112378844
lub-	0.838461538462	0.161538461538	0.0	0.0
tap-	0.158415841584	0.613861386139	0.049504950495	0.178217821782
amw-	0.327272727273	0.236363636364	0.145454545454	0.290909090909
lup-	0.0	1.0	0.0	0.0
deb-	0.0859375	0.6328125	0.2109375	0.0703125
iak-	0.0	1.0	0.0	0.0
iso-	0.532075471698	0.135849056604	0.0	0.332075471698
nig-	0.415226842047	0.25888975588	0.0861108014714	0.239772600602
mag-	0.0	1.0	0.0	0.0
avo-	0.321449686451	0.165761528021	0.0594623046364	0.453326480892
ika-	0.519168837134	0.170231937212	0.0555251902174	0.255074035437
siw-	0.241238051889	0.303595812472	0.400546199363	0.0546199362767
wap-	0.325790089739	0.278579789309	0.112368318377	0.283261802575
ket-	0.591575663027	0.326053042122	0.0599063962558	0.0224648985959
bot-	0.241540256709	0.472578763127	0.285880980163	0.0
taw-	0.070321240211	0.331948217996	0.0175803100527	0.58015023174
meg-	0.66134228797	0.186186867541	0.0	0.152470844489
alo-	0.461975028377	0.265607264472	0.0227014755959	0.249716231555
pit-	0.0683737401253	0.896485971125	0.0	0.0351402887497
da--	0.095652173913	0.269565217391	0.0434782608696	0.591304347826
iqo-	0.685309442591	0.0998987892192	0.00412340218165	0.210668366008
man-	0.32039534375	0.485451597257	0.0528535696963	0.141299489296
wik-	0.0	0.607655502392	0.0	0.392344497608
sip-	0.114429650954	0.833393306945	0.00359841669665	0.0485786254048
di--	0.148499210111	0.851500789889	0.0	0.0
mib-	0.1391947846	0.289930402608	0.0317152673773	0.539159545415
diq-	0.294214876033	0.44132231405	0.0495867768595	0.214876033058
dum-	0.850187265918	0.0486891385768	0.0224719101124	0.0786516853933
ten-	0.0313315926894	0.32637075718	0.0	0.64229765013
sai-	0.121333190326	0.522711428112	0.0530916501314	0.302863731431
apo-	0.572045543777	0.0903023164508	0.0	0.337652139772
kuo-	0.539677313138	0.384260783668	0.0108659861706	0.0651959170234
von-	0.244168848991	0.548394898986	0.055229358505	0.152206893518
way-	0.263786158485	0.203420922454	0.0212887496467	0.511504169415
nua-	0.448152668038	0.177452175177	0.0781421084115	0.296253048374
dei-	0.0	0.908844765343	0.0	0.091155234657
ima-	0.637526517028	0.0246433697903	0.0185460411824	0.319284071999
nay-	0.63413670486	0.235480047412	0.0	0.130383247728
kuy-	0.376210578595	0.199155699032	0.0744971442761	0.350136578098
gil-	0.176985140311	0.344625247888	0.0372171361821	0.441172475619
300-	0.157060518732	0.0864553314121	0.165706051873	0.590778097983
mik-	0.378553279339	0.475583611243	0.0621592292626	0.0837038801546
guw-	0.469728601253	0.492693110647	0.0375782881002	0.0
lep-	0.1414427157	0.667609618105	0.157001414427	0.033946251768
tog-	0.395811000247	0.392512575245	0.0882328688052	0.123443555702
bul-	0.248120300752	0.691729323308	0.0150375939849	0.0451127819549
ilo-	0.412225705329	0.452978056426	0.0423197492163	0.0924764890282
dav-	0.21832884097	0.270889487871	0.146900269542	0.363881401617
na'-	0.171126829427	0.726197072916	0.0256690244141	0.0770070732422
van-	0.150738816584	0.327572765846	0.0114259189831	0.510262498587
vua-	0.155786350148	0.661721068249	0.0	0.182492581602
tan-	0.174732505483	0.466995805152	0.0910690607043	0.26720262866
ale-	0.0952380952381	0.904761904762	0.0	0.0
bil-	0.0603015075377	0.376884422111	0.321608040201	0.241206030151
kav-	0.407482853352	0.35816404717	0.13679941692	0.0975536825581
ive-	0.606135620501	0.127533296766	0.0213113224333	0.2450197603
ama-	0.659455725229	0.148377086061	0.0501305709677	0.142036617742
iob-	0.26212969836	0.108036979553	0.0357648964168	0.59406842567
inu-	0.460568951261	0.312230440904	0.134349370936	0.0928512368991
osa-	0.0202702702703	0.858108108108	0.0405405405405	0.0810810810811
vut-	0.0517241379311	0.948275862069	0.0	0.0
bue-	0.131474103586	0.844621513944	0.0239043824701	0.0
gwe-	0.290909090909	0.581818181818	0.127272727273	0.0
bel-	0.0816354394081	0.78886337286	0.0271104026523	0.10239078508
boa-	0.0886699507389	0.866995073892	0.0443349753695	0.0
vai-	0.178878077224	0.185339390347	0.19283461065	0.44294792178
ton-	0.0850357076348	0.5042362666	0.0133389345309	0.397389091235
nak-	0.213059127588	0.699690130855	0.0358945696315	0.0513561719254
000-	0.141495601173	0.0905425219941	0.00549853372433	0.762463343109
pol-	0.426900584795	0.0	0.0	0.573099415205
geb-	0.103000344867	0.312794574089	0.0160938038855	0.568111277158
aya-	0.753846153846	0.153846153846	0.0	0.0923076923077
ieq-	0.553303964758	0.256387665198	0.063436123348	0.126872246696
kio-	0.643185298622	0.356814701378	0.0	0.0
nap-	0.0867749020282	0.73855561776	0.0335902846561	0.141079195556
ido-	0.388083104665	0.477851822815	0.047040376323	0.0870246961976
igw-	0.600574712644	0.287356321839	0.112068965517	0.0
bal-	0.145578231292	0.800680272109	0.0251700680272	0.0285714285714
sad-	0.0560747663551	0.943925233645	0.0	0.0
dim-	0.21600330533	0.548657209751	0.0484230822201	0.186916402699
mok-	0.31843575419	0.648044692737	0.0	0.0335195530726
top-	0.223646723647	0.668091168091	0.0	0.108262108262
kub-	0.657894736842	0.184210526316	0.0526315789474	0.105263157895
ike-	0.474699792961	0.109565217391	0.0216977225673	0.394037267081
iwe-	0.2	0.171428571429	0.314285714286	0.314285714286
wel-	0.581717451524	0.246141669964	0.00593589236248	0.16620498615
ais-	0.209013669335	0.595483050603	0.123977689796	0.0715255902667
wau-	0.25291047772	0.74708952228	0.0	0.0
gia-	0.193830160449	0.141031256044	0.300043797146	0.365094786361
muv-	0.268700072622	0.466230936819	0.0217864923747	0.243282498184
kuk-	0.522032844701	0.27962397955	0.0275291625172	0.170814013232
bia-	0.510204081633	0.448979591837	0.0408163265306	0.0
ial-	0.892857142857	0.0714285714285	0.0	0.0357142857143
bla-	0.297052154195	0.405442176871	0.0829931972789	0.214512471655
ves-	0.108487575465	0.661213781487	0.0390336683132	0.191264974734
vuy-	0.827185017026	0.149404086266	0.0234108967083	0.0
kwa-	0.493236003205	0.27560955226	0.0498944772024	0.181259967332
lav-	0.0769961977186	0.622623574145	0.0750950570342	0.225285171103
uto-	0.503267973856	0.300653594771	0.0	0.196078431373
gu--	0.267605633803	0.112676056338	0.0	0.619718309859
oin-	0.209161263334	0.725580422506	0.00501987032003	0.0602384438402
imw-	0.622580645161	0.0677419354839	0.290322580645	0.0193548387097
lan-	0.111111111111	0.833333333333	0.0	0.0555555555556
bag-	0.172661870504	0.741007194245	0.0	0.0863309352518
gov-	0.594155844156	0.267857142857	0.0	0.137987012987
lib-	0.134229487875	0.795459828	0.01278376075	0.0575269233749
iel-	0.220968500235	0.645954134671	0.0241602674607	0.108917097634
kas-	0.33607907743	0.110378912685	0.158154859967	0.395387149918
tob-	0.0557887466128	0.78192798824	0.143687016276	0.0185962488709
mev-	0.30565461029	0.579724910851	0.0779419256241	0.0366785532348
dit-	0.351140570041	0.404134126051	0.0953862329484	0.14933907096
gam-	0.150261915945	0.255242698764	0.0455355824429	0.548959802848
ime-	0.4	0.472727272727	0.0727272727273	0.0545454545455
luv-	0.47270471464	0.508684863524	0.0	0.0186104218362
isu-	0.833333333333	0.133333333333	0.0	0.0333333333333
kul-	0.51989819528	0.227903748265	0.150393336418	0.101804720037
iva-	0.501506275913	0.157001278138	0.0630850457834	0.278407400165
ikw-	0.585737615678	0.130103429505	0.12084921067	0.163309744148
yom-	0.146341463415	0.0	0.798780487805	0.0548780487805
ada-	0.511639676113	0.142206477733	0.0850202429149	0.261133603239
kal-	0.284574990394	0.43802245656	0.0871621910088	0.190240362037
aba-	0.109347119916	0.752482042366	0.0105229445944	0.127647893123
kil-	0.365847733001	0.293905068481	0.117039691457	0.223207507061
eqa-	0.420399022801	0.193811074919	0.00610749185668	0.379682410423
ebe-	0.184692878131	0.722960682804	0.0923464390654	0.0
gwa-	0.058355122415	0.551342999762	0.139291656763	0.25101022106
buk-	0.406547764476	0.423405814806	0.0351820180796	0.134864402639
ieu-	0.500693481276	0.374479889043	0.0	0.124826629681
ovu-	0.165001997603	0.765481422293	0.0479424690372	0.0215741110667
wag-	0.185311871227	0.712877263582	0.0177062374245	0.0841046277665
kel-	0.0915422885571	0.74328358209	0.0159203980099	0.149253731343
meq-	0.355555555556	0.333333333333	0.0555555555555	0.255555555556
gut-	0.465030448422	0.2969182506	0.0424432552132	0.195608045765
nat-	0.149330689183	0.605701524575	0.0281140829515	0.216853703291
iul-	0.147138964578	0.820163487738	0.0	0.0326975476839
pil-	0.114874921196	0.62953406602	0.0630560953575	0.192534917426
gem-	0.255924170616	0.260663507109	0.454976303318	0.0284360189573
vem-	0.115135691483	0.746701478738	0.0690814148897	0.0690814148897
ile-	0.337297811608	0.0799238820171	0.00237868696479	0.58039961941
bol-	0.127118644068	0.677966101695	0.093220338983	0.101694915254
ioq-	0.146645109135	0.0748585286985	0.618431689572	0.160064672595
idu-	0.241724738676	0.494773519164	0.202526132404	0.0609756097561
mit-	0.1875	0.671875	0.0	0.140625
ait-	0.260086629622	0.172265827291	0.00546379225816	0.562183750829
yok-	0.0806027685299	0.60907657263	0.0243560539688	0.285964604871
iwa-	0.632760504619	0.0645673984305	0.165590543359	0.137081553591
wak-	0.461285008237	0.469522240527	0.0	0.0691927512356
gum-	0.23543293743	0.0676117570019	0.0115695459424	0.685385759625
tom-	0.0751142545476	0.317105032391	0.0132567520486	0.594523961013
aio-	0.0788436268069	0.802890932983	0.0394218134034	0.0788436268067
iye-	0.814814814815	0.185185185185	0.0	0.0
som-	0.0302303262956	0.11084452975	0.0	0.858925143954
iga-	0.56641736064	0.313821932885	0.00855433617677	0.111206370298
dol-	0.114594594595	0.735135135135	0.0983783783784	0.0518918918919
tow-	0.172170170214	0.193908828069	0.605225973349	0.0286950283689
pal-	0.0175279148273	0.974681900805	0.0	0.0077901843677
kug-	0.597824584855	0.0713404507114	0.0464329774644	0.28440198697
vov-	0.271284970328	0.515713939688	0.0794780186509	0.133523071333
kol-	0.0306748466258	0.80981595092	0.0	0.159509202454
iki-	0.650238168408	0.081553472649	0.0150583896742	0.253149969269
sul-	0.306570625439	0.236296556571	0.079936753338	0.377196064652
tav-	0.114740165129	0.85338756678	0.0191233608548	0.0127489072365
tot-	0.571546052632	0.428453947368	0.0	0.0
med-	0.201415766959	0.407338561825	0.0632766347525	0.327969036464
pue-	0.176856773099	0.135207290696	0.202229149078	0.485706787127
oge-	0.147552447552	0.0335664335664	0.0	0.818881118881
ved-	0.0912748453732	0.146099801837	0.0218579234973	0.740767429292
vev-	0.283185677712	0.344390621259	0.100565450426	0.271858250603
pak-	0.461635088454	0.310687742071	0.119334240553	0.108342928923
tup-	0.0834609983404	0.111164304864	0.0672049874463	0.738169709349
tos-	0.412280701754	0.535087719298	0.0526315789474	0.0
yoy-	0.0176470588235	0.611764705882	0.370588235294	0.0
viq-	0.351648351648	0.320879120879	0.0131868131868	0.314285714286
pul-	0.771956856703	0.0338983050847	0.166409861325	0.0277349768875
yap-	0.0520833333333	0.739583333333	0.0	0.208333333333
emi-	0.195889874274	0.525946504256	0.0470135698258	0.231150051644
iya-	0.514986801889	0.243366212837	0.0352528480133	0.20639413726
mad-	0.00636942675161	0.955414012739	0.0	0.0382165605096
viv-	0.272457820337	0.320166438669	0.0758093935248	0.331566347469
ane-	0.331478905888	0.439035697728	0.0139082058415	0.215577190542
sus-	0.0879478827361	0.57003257329	0.0488599348534	0.29315960912
isi-	0.490164428115	0.299439860266	0.0596277781124	0.150767933506
sei-	0.157697121402	0.816020025031	0.0187734668335	0.00750938673341
yuy-	0.302049622438	0.345199568501	0.339805825243	0.0129449838188
diw-	0.072625698324	0.860335195531	0.0	0.0670391061453
bat-	0.0189701897019	0.972899728997	0.0	0.00813008130083
tad-	0.311180609851	0.530883502737	0.0281469898358	0.129788897576
loi-	0.111563135659	0.651228289783	0.0582068533876	0.17900172117
kou-	0.0	1.0	0.0	0.0
nid-	0.282051282051	0.504273504274	0.111111111111	0.102564102564
kap-	0.0840086916562	0.571713011008	0.0705344942497	0.273743803086
aib-	0.372549019608	0.397058823529	0.176470588235	0.0539215686275
muk-	0.302837800241	0.36765046833	0.0568603357136	0.272651395715
nov-	0.0925490196078	0.847843137255	0.00470588235294	0.0549019607843
tam-	0.0709233317655	0.197197111157	0.00610489124365	0.725774665834
imi-	0.570842537078	0.0399705480172	0.0156275826834	0.373559332221
seb-	0.0	1.0	0.0	0.0
kaw-	0.18978306508	0.36766969909	0.0613016095171	0.381245626312
kuq-	0.960784313725	0.0	0.0	0.0392156862745
iei-	0.00639313665845	0.461244186886	0.00111364315986	0.531249033296
lag-	0.106060606061	0.829004329004	0.0324675324675	0.0324675324675
kig-	0.398753894081	0.257320872274	0.171962616822	0.171962616822
qau-	0.178694158076	0.656357388316	0.164948453608	0.0
ila-	0.435997230098	0.327974194209	0.0660880011939	0.169940574499
dal-	0.34154460719	0.470705725699	0.103861517976	0.0838881491345
deq-	0.388597744958	0.107987930761	0.0190566936637	0.484357630618
mek-	0.304100826204	0.324992160698	0.0470218780414	0.323885135057
die-	0.0	1.0	0.0	0.0
200-	0.214285714286	0.446428571429	0.125	0.214285714286
mas-	0.0836940836941	0.808080808081	0.0	0.108225108225
iev-	0.424201905399	0.168393782383	0.0651846899549	0.342219622263
bed-	0.0	0.992366412214	0.0	0.00763358778626
kai-	0.176382276718	0.277035279584	0.0794309900654	0.467151453632
wet-	0.0340272972843	0.0148696328576	0.014339597775	0.936763472083
aik-	0.280172413793	0.625	0.0172413793104	0.0775862068965
toy-	0.0851063829787	0.914893617021	0.0	0.0
tim-	0.137931034483	0.862068965517	0.0	0.0
dil-	0.495712124506	0.355487726428	0.0233581629348	0.125441986132
ibu-	0.222985633979	0.628357276702	0.0874453466583	0.0612117426609
iad-	0.229838709677	0.314516129032	0.0604838709677	0.395161290323
elo-	0.0101954120646	0.938827527613	0.018691588785	0.0322854715378
aiy-	0.658950114118	0.195630909684	0.00717313335507	0.138245842843
nok-	0.337313432836	0.13552238806	0.0394029850746	0.48776119403
kab-	0.167753204355	0.618779387785	0.0726987742086	0.140768633651
mwe-	0.444444444444	0.511111111111	0.0	0.0444444444445
