-xo²	0.114158163265	0.811224489796	0.00956632653063	0.0650510204082
-te²	0.21435110678	0.385069907412	0.124150643602	0.276428342207
-te³	0.198640629415	0.478278328896	0.030028109523	0.293052932165
-lũx	0.065383980342	0.904701780286	0.0299142393722	0.0
-te¹	0.145214917255	0.0724040661223	0.00325678459721	0.779124232026
-er²	0.0	1.0	0.0	0.0
-nu¹	0.223553688743	0.229742798449	0.348736654958	0.19796685785
-ra²	0.187268255631	0.747577997097	0.0292606649423	0.0358930823293
-ra³	0.0	1.0	0.0	0.0
-yũ²	0.266875418081	0.114075404467	0.169889790249	0.449159387203
-ri²	0.0133689839572	0.772727272727	0.0	0.213903743315
-xu²	0.225038053311	0.562964734155	0.0862658363097	0.125731376225
-vi²	0.0	1.0	0.0	0.0
-ũh¹	0.360921282443	0.291704788193	0.0708700057379	0.276503923626
-666	0.0207039337475	0.0	0.0	0.979296066253
-hu²	0.323501955674	0.181213001012	0.0520844064928	0.443200636821
-hu³	0.0818307905687	0.562413314841	0.0	0.355755894591
-lu¹	0.639562505905	0.0948479652182	0.0216755998574	0.24391392902
-tũ³	0.488180405374	0.38460731405	0.0427538180078	0.0844584625674
-lu²	0.167198515708	0.0954273675321	0.0175724607428	0.719801656017
-lu³	0.33426183844	0.442896935933	0.222841225627	0.0
-so³	0.0125701024947	0.987429897505	0.0	0.0
-so²	0.379127761916	0.348871377853	0.044316052914	0.227684807317
-ãh¹	0.0732982386185	0.0913280525117	0.019323819675	0.816049889195
-tu²	0.0842975206611	0.451239669421	0.0	0.464462809917
-tu³	0.528403464752	0.237408550361	0.205923917746	0.0282640671416
-ko³	0.0916846042758	0.617485930057	0.104504427312	0.186325038355
-ji¹	0.47206555856	0.257260193048	0.0522737281668	0.218400520225
-³a¹	0.219301501122	0.306209243903	0.0670493928746	0.407439862101
-ko¹	0.887798036466	0.0561009817672	0.0	0.0561009817672
-ni²	0.372605435857	0.419946861539	0.0907053983857	0.116742304219
-xĩ¹	0.412463282312	0.343373282171	0.085493725354	0.158669710163
-lẽ²	0.0340557275542	0.952012383901	0.0	0.0139318885449
-¹i¹	0.411311450048	0.271793421782	0.0610111354798	0.25588399269
-¹ã¹	0.363846305031	0.0712460691824	0.00589622641511	0.559011399371
-²a¹	0.49563335483	0.110636251353	0.0284624381073	0.365267955711
-es³	0.118644067797	0.0	0.0317796610169	0.849576271186
-lẽ¹	0.377760381657	0.378620570765	0.0869064575584	0.15671259002
-ni¹	0.308637985359	0.376190737237	0.110722983287	0.204448294117
-²a²	0.107736917614	0.268346692166	0.0465828150965	0.577333575123
-²a³	0.137495072235	0.747577858683	0.0233749971013	0.0915520719802
-¹i²	0.259697229617	0.463254651454	0.116171481381	0.160876637549
-ho²	0.252192058038	0.727769980483	0.0200379614786	0.0
-ho³	0.921052631579	0.0	0.0789473684211	0.0
-ka¹	0.480321086989	0.324096705632	0.0677679520267	0.127814255351
-²i²	0.557228494659	0.160877708073	0.0587860698745	0.223107727393
-²i³	0.503066226206	0.385721040647	0.0400735393583	0.0711391937887
-os³	0.444444444444	0.416666666667	0.0	0.138888888889
-os²	0.0157480314961	0.708661417323	0.0	0.275590551181
-ka³	0.315881629146	0.466511015592	0.141692417882	0.0759149373803
-ka²	0.190026380667	0.312342378165	0.0422089812672	0.455422259901
-¹ĩ²	0.64135454079	0.207798871216	0.0	0.150846587994
-²i¹	0.337301587302	0.0595238095238	0.0238095238095	0.579365079365
-ã̱³	0.437616387337	0.424581005587	0.0186219739292	0.119180633147
-ã̱²	0.390353626609	0.366274567646	0.0547586562926	0.188613149452
-hẽ³	0.2494249139	0.567080382091	0.149834297225	0.0336604067841
-ye³	0.180430898149	0.282651112161	0.134506767442	0.402411222247
-ye²	0.13938015354	0.329599090134	0.429513790162	0.101506966164
-hẽ¹	0.143488980202	0.714994396713	0.141516623086	0.0
-300	0.237563251626	0.391207202471	0.0952224485773	0.276007097325
-ãi¹	0.50883122824	0.105669775598	0.0	0.385498996162
-as²	0.180147058823	0.819852941177	0.0	0.0
-yã¹	0.0	0.212543554007	0.130662020906	0.656794425087
-an¹	0.164490861619	0.0621636962198	0.0476785106142	0.725666931547
-ãi³	0.0857582354384	0.714205924894	0.0244671048168	0.175568734851
-ãi²	0.165722914307	0.13715867623	0.0666918333963	0.630426576066
-kũx	0.19188021658	0.678680193123	0.129439590297	0.0
-ki³	0.235078381204	0.381943866893	0.254899946349	0.128077805555
-sã¹	0.459324020422	0.372229907325	0.0879125679926	0.08053350426
-xũ¹	0.256635531305	0.497364283732	0.207158050495	0.0388421344678
-u̱³	0.307671774525	0.219040269939	0.0521582242783	0.421129731258
-u̱²	0.277898790034	0.5317528352	0.129358197839	0.0609901769277
-yo²	0.307692307692	0.589743589744	0.0	0.102564102564
-xũ²	0.49506170878	0.50493829122	0.0	0.0
-sã²	0.742168674699	0.0361445783133	0.101204819277	0.120481927711
-xi³	0.249688617134	0.124966734704	0.0630303976972	0.562314250464
-sa¹	0.334201640713	0.2820971278	0.0678509921261	0.31585023936
-400	0.180186399724	0.597169485675	0.124266482568	0.0983776320331
-in¹	0.252414057426	0.273930309063	0.166561977664	0.307093655846
-in²	0.174394313913	0.027462227622	0.0852844299283	0.712859028536
-in³	0.0	0.284734133791	0.274442538593	0.440823327616
-se³	0.156110615522	0.0945584299732	0.0	0.749330954505
-se²	0.475490196078	0.502450980392	0.0220588235294	0.0
-re²	0.0	0.647173236514	0.352826763486	0.0
-li¹	0.363607627591	0.332293172273	0.0721595399159	0.23193966022
-we¹	0.324596904611	0.448040292835	0.111055887957	0.116306914598
-tẽ³	0.56000289993	0.0651166162709	0.193484195616	0.181396288183
-ku³	0.382720727548	0.14153088291	0.0250094732853	0.450738916256
-ku²	0.306595173503	0.212026996793	0.103947298823	0.377430530881
-ne²	0.085910652921	0.914089347079	0.0	0.0
-153	0.0	0.0472508591065	0.270618556701	0.682130584192
-ku¹	0.380332939164	0.320438850498	0.0841133503242	0.215114860013
-xu³	0.34872417983	0.140947752126	0.0	0.510328068044
-kũ²	0.389455032485	0.417880524753	0.109975126654	0.0826893161078
-ro³	0.0308826459454	0.858537557282	0.0508069336522	0.0597728631202
-ãu¹	0.402524544179	0.0981767180926	0.0771388499299	0.422159887798
-kũ¹	0.852343248449	0.10271774021	0.0449390113418	0.0
-ãu³	0.456794048049	0.270303971621	0.0379602969398	0.23494168339
-ãu²	0.0707653458565	0.857376560535	0.00751873998437	0.0643393536242
-on³	0.29727518639	0.633557840981	0.0387870039877	0.0303799686407
-³a³	0.0963445167751	0.864342667848	0.017634143523	0.0216786718539
-³a²	0.251568771008	0.407800509052	0.0914714952129	0.249159224726
-100	0.015628391578	0.0518775775993	0.0	0.932494030823
-no³	0.679611650486	0.273706609921	0.0131666445006	0.0335150950924
-he¹	0.310756972112	0.498007968127	0.0	0.191235059761
-430	0.228119044128	0.0307872745932	0.0	0.741093681278
-he²	0.242617030567	0.655442845444	0.00794338628481	0.0939967377038
-le¹	0.374104866025	0.407752201111	0.0797840582869	0.138358874577
-hũ²	0.371050128064	0.348232711306	0.0594218807172	0.221295279912
-ah¹	0.204072506852	0.424135275461	0.0384892473564	0.33330297033
-³i¹	0.329306377093	0.292077176324	0.0796198179491	0.298996628634
-au²	0.128212387666	0.243592784215	0.0114691734128	0.616725654707
-ai³	0.242060084197	0.207045018058	0.055423189509	0.495471708236
-³i²	0.331402873892	0.379179015287	0.136089443729	0.153328667091
-ai²	0.331382513151	0.375131388837	0.0978607382549	0.195625359757
-ns³	0.0	1.0	0.0	0.0
-xe¹	0.281710197854	0.588227034298	0.0532463537857	0.0768164140624
-jĩ²	0.239010419402	0.55554111872	0.122430511976	0.0830179499017
-xe²	0.184329918437	0.120004278434	0.0708144359165	0.624851367212
-xe³	0.338609793042	0.221248711036	0.0939806187264	0.346160877195
-la²	0.252293365855	0.334868949997	0.0517006082801	0.361137075868
-500	0.0207972270364	0.0	0.0207972270364	0.958405545927
-xi¹	0.441520256758	0.194752106005	0.0422331725351	0.321494464702
-yo¹	0.18781779661	0.207574152542	0.00953389830508	0.595074152542
-ih²	0.119108606557	0.585736241218	0.274407201405	0.0207479508197
-ih³	0.28384341548	0.226752424087	0.23147700916	0.257927151273
-tã¹	0.340652504841	0.483254973756	0.0960436464604	0.0800488749426
-ta¹	0.163719627034	0.0402554040123	0.0136090938074	0.782415875146
-tã²	0.315274106783	0.382331135935	0.0729554445393	0.229439312743
-tã³	0.314735534514	0.332220216653	0.0863034925874	0.266740756245
-ta²	0.226691218442	0.413948391895	0.0726637814399	0.286696608224
-ta³	0.284821007883	0.309793920435	0.0678661687788	0.337518902903
-lã¹	0.403131750303	0.369689498537	0.105726980796	0.121451770365
-en¹	0.0693390279672	0.435382200839	0.495278771194	0.0
-ti²	0.41077022087	0.357239067912	0.0894337864969	0.142556924721
-ti³	0.249749602226	0.241428616188	0.0862493115214	0.422572470064
-ma³	0.0	0.991319444444	0.00868055555556	0.0
-ma²	0.221136271812	0.623718183043	0.0242414914289	0.130904053716
-ai¹	0.344907072766	0.278532203354	0.0768631433539	0.299697580526
-ti¹	0.413448987618	0.330963887719	0.051854129755	0.203732994908
-la¹	0.27887311754	0.202102452579	0.0432466991502	0.475777730731
-ha²	0.153158935133	0.432288016722	0.0340669881106	0.380486060034
-ha³	0.158883629109	0.273444840004	0.326055386214	0.241616144672
-hã¹	0.414838511945	0.325652488908	0.0700649817208	0.189444017427
-rno	0.0755449141348	0.889778731836	0.0297225891678	0.00495376486128
-330	0.0905640848715	0.221148870105	0.0241504226324	0.664136622391
-hã³	0.413640389725	0.0248007085917	0.161204605846	0.400354295837
-mẽ³	0.120428848051	0.574871656879	0.0365639394083	0.268135555661
-nũ²	0.179029706873	0.158737941778	0.0828545494907	0.579377801858
-nũ³	0.228021413167	0.343066909393	0.159788329614	0.269123347826
-xũ³	0.466243022154	0.501808096057	0.0319488817891	0.0
-mo³	0.0	1.0	0.0	0.0
-ar²	0.0	1.0	0.0	0.0
-su¹	0.339163374923	0.462668874281	0.0765994716327	0.121568279163
-nũ¹	0.257351458241	0.284103854341	0.0547275970064	0.403817090412
-su³	0.505631819782	0.321893699402	0.080077437522	0.0923970432947
-su²	0.236257530118	0.333346108941	0.0698603483694	0.360536012571
-¹ũ³	0.455966649297	0.473684210526	0.0	0.0703491401772
-xa²	0.170591536375	0.341260182188	0.0546574232357	0.433490858201
-ke³	0.0	0.95086287623	0.0491371237703	0.0
-ke²	0.0	0.927830906248	0.0721690937515	0.0
-ha¹	0.363595659881	0.218705216372	0.0944429393654	0.323256184381
-²e²	0.0	0.395590389408	0.604409610592	0.0
-ĩn³	0.0559105431309	0.770766773163	0.0199680511182	0.153354632588
-nu²	0.328862198758	0.252021218771	0.0828040883034	0.336312494168
-nu³	0.230679309001	0.432263930381	0.245486426808	0.0915703338097
ALL	0.229632690869	0.279857458192	0.0516775119071	0.438832339032
-hĩ¹	0.501437814522	0.213874910137	0.0762041696621	0.208483105679
-ji²	0.340162307777	0.291073072278	0.343227746016	0.0255368739286
-³o³	0.0469817272963	0.948025664081	0.00307237453708	0.00192023408568
-³la	0.153150525088	0.061260210035	0.574095682614	0.211493582264
-to²	0.0817778539742	0.784775946681	0.0337383651573	0.099707834187
-sa³	0.332301303253	0.373081996851	0.0813823518444	0.213234348051
-sa²	0.206417197919	0.41063752732	0.029672334131	0.35327294063
-lĩ¹	0.439882128169	0.18700819274	0.0342281661863	0.338881512904
-ni³	0.387008234218	0.0182982616652	0.0914913083257	0.503202195791
-au³	0.0776849873762	0.831035152457	0.0504952417945	0.0407846183725
-xi²	0.31187409749	0.363893906779	0.087430616913	0.236801378818
-nĩ¹	0.428899540643	0.286598761733	0.0209706411025	0.263531056521
-a̱³	0.180851523612	0.086389396435	0.0188977963999	0.713861283553
-ũn¹	0.115856262852	0.884143737148	0.0	0.0
-²ã³	0.264305177112	0.735694822888	0.0	0.0
-²ĩ²	0.254426779559	0.29385165865	0.0408928267167	0.410828735075
-to³	0.0228430313004	0.932258127207	0.0149144940598	0.0299843474328
-wi¹	0.398649320723	0.314073026659	0.0755814407232	0.211696211894
-120	0.0301507537689	0.241206030151	0.0	0.72864321608
-hĩ²	0.593202883625	0.345005149331	0.0617919670443	0.0
-hĩ³	0.0	1.0	0.0	0.0
-ũn³	0.276708291321	0.473652369503	0.156798262623	0.0928410765532
-wa³	0.162821734986	0.293660629171	0.17683508103	0.366682554814
-wa²	0.302911106872	0.309041832451	0.095526482906	0.292520577771
-ro²	0.0	1.0	0.0	0.0
-¹la	0.279634476315	0.458443086748	0.146567995799	0.115354441138
-̱h³	0.654505822291	0.345494177709	0.0	0.0
-¹a¹	0.0	1.0	0.0	0.0
-³ta	0.455139901073	0.162333758714	0.143961525887	0.238564814327
-450	0.0950011309657	0.229586066501	0.0	0.675412802533
-ki²	0.1145403608	0.0842842460589	0.0412880331291	0.759887360012
-na¹	0.212626415334	0.197318188487	0.0611561722883	0.528899223891
-nã¹	0.533303919169	0.226992869963	0.161217790803	0.0784854200645
-es²	0.656704666711	0.275715449275	0.0	0.0675798840139
-na²	0.155081215605	0.373776137851	0.0271678341713	0.443974812372
-na³	0.157835517934	0.640541241295	0.125489584682	0.0761336560889
-ki¹	0.0112625383728	0.00789941927536	0.0413741861056	0.939463856246
-ank	0.137255305149	0.129585458135	0.0222487251193	0.710910511597
-lo²	0.225403943023	0.590376963115	0.0176135230884	0.166605570774
-lo³	0.365902630348	0.387154114641	0.0513835414343	0.195559713576
-nã²	0.420792079208	0.430693069307	0.118811881188	0.029702970297
-nã³	0.125	0.531862745098	0.343137254902	0.0
-³ã¹	0.328165130164	0.450297746786	0.0518206350896	0.16971648796
-000	0.0300213805784	0.0716599540531	0.00510414964483	0.893214515724
-a̱²	0.691056910569	0.186991869919	0.0	0.121951219512
-ũ̱³	0.558991494532	0.250911300121	0.139064398542	0.0510328068045
-no²	0.0871816427644	0.408539130612	0.336006083514	0.16827314311
-³ã²	1.0	0.0	0.0	0.0
-li²	0.2448184293	0.247651638653	0.0393997153709	0.468130216676
-li³	0.234098330547	0.436478046551	0.117175431903	0.212248190998
-276	0.511904761905	0.0642857142857	0.352380952381	0.0714285714286
-hi¹	0.505581579367	0.261782302011	0.0220334129713	0.210602705651
-̱h¹	0.134257277892	0.134369659929	0.0517996520775	0.679573410102
-̱i³	0.337732919255	0.288819875776	0.179347826087	0.194099378882
-la³	0.308831327645	0.325323648944	0.0983245124947	0.267520510916
-ko²	0.0	0.369477911646	0.630522088354	0.0
-hi²	0.229052824058	0.417189492296	0.123036844164	0.230720839482
-hi³	0.362625358	0.304566057414	0.162353455196	0.170455129389
-³e²	0.060688078407	0.830207869277	0.000504333061553	0.108599719255
-xu¹	0.277623961742	0.595519758369	0.126856279889	0.0
-³ũ¹	0.140096618358	0.5346215781	0.104669887279	0.220611916264
-xa³	0.157182763385	0.0619602611908	0.0210895962264	0.759767379198
-²o²	0.163265306122	0.414965986394	0.421768707483	0.0
-xã¹	0.413664965965	0.329319943166	0.0836545871708	0.173360503698
-xa¹	0.0895126172767	0.129213638561	0.0328568753404	0.748416868822
-¹a²	0.110341877006	0.775250080343	0.0241101260522	0.0902979165981
-xã²	0.205013023421	0.436874782636	0.0960735993679	0.262038594575
-xã³	0.257718156107	0.177624570713	0.0488134840575	0.515843789123
-mĩ²	0.0	1.0	0.0	0.0
-²na	0.278449656469	0.221312577547	0.262624827141	0.237612938842
-si²	0.376122997129	0.497916087802	0.0481615263499	0.0777993887192
-260	0.0	0.0825918096455	0.0619438572341	0.85546433312
-200	0.0387346675274	0.472455347536	0.0198335843914	0.468976400545
