-ulu	0.1365349443	0.76910713296	0.0631823976057	0.0311755251344
-eus	0.0	1.0	0.0	0.0
-yet	0.156279151092	0.201446791437	0.0299571769227	0.612316880549
-eum	0.37323943662	0.12676056338	0.316901408451	0.183098591549
-eun	0.733509234829	0.108179419525	0.0949868073878	0.0633245382585
-ois	0.0	1.0	0.0	0.0
-lem	0.157996544579	0.411191642688	0.0516392308465	0.379172581886
-aus	0.0	0.808917197452	0.114649681529	0.0764331210191
-len	0.161013871114	0.301416457859	0.0447903089108	0.492779362116
-oya	0.46036036036	0.177477477477	0.0108108108108	0.351351351351
-oyo	0.221476510067	0.362416107383	0.140939597315	0.275167785235
-zit	0.12316929373	0.352395725631	0.39222952259	0.132205458049
-oip	0.384255841252	0.325293589628	0.154743377967	0.135707191153
-zip	0.00758473571936	0.922493481868	0.0613889547286	0.00853282768428
-zin	0.578526014124	0.154585578202	0.0486740087086	0.218214398965
-zim	0.0982780148308	0.77342604937	0.0771786785571	0.0511172572419
-zik	0.0	1.0	0.0	0.0
-zii	0.0203810239658	0.876878378769	0.0229684021856	0.0797721950796
-aum	0.0	1.0	0.0	0.0
-sâŋ	0.57290017345	0.373137486821	0.0	0.0539623397285
-put	0.31945624469	0.509770603229	0.069668649108	0.101104502974
-naŋ	0.141199817734	0.24101426615	0.0614827651759	0.55630315094
-akŋ	0.621063240111	0.273116654069	0.0604686318973	0.0453514739229
-pus	0.0	1.0	0.0	0.0
-uai	0.0	1.0	0.0	0.0
-zuŋ	0.521879328255	0.323791334834	0.0251850328948	0.129144304017
-uam	0.122807017544	0.684210526316	0.19298245614	0.0
-ŋin	0.241153230039	0.421903806884	0.0780176486708	0.258925314406
-siŋ	0.205030671928	0.15007484476	0.190016372934	0.454878110378
-ŋip	0.441095114657	0.443979542113	0.0834480362644	0.0314773069655
-ŋit	0.299781282024	0.470671907741	0.053023814258	0.176522995977
-pum	0.233948204135	0.670131604786	0.0268348153614	0.0690853757177
-pun	0.557107641742	0.299917830731	0.0345110928513	0.108463434675
-ntu	0.852459016393	0.0983606557377	0.0	0.0491803278689
-puk	0.279259259259	0.400740740741	0.0533333333333	0.266666666667
-aki	0.264448336252	0.144483362522	0.275831873906	0.31523642732
-ape	0.480769230769	0.417925824176	0.0789835164835	0.0223214285714
-opm	0.57225433526	0.167630057803	0.121387283237	0.138728323699
-âlo	0.69000390642	0.136507660923	0.00911497894873	0.164373453709
-opa	0.158191226192	0.551345820125	0.216407243113	0.0740557105709
-msa	0.0784976381582	0.839317946158	0.00691270786129	0.0752717078229
-mse	0.350785340314	0.439790575916	0.0	0.20942408377
-dek	0.314180062137	0.335117519924	0.00641631770903	0.34428610023
-dem	0.407725802681	0.324053148379	0.0470259897132	0.221195059227
-den	0.390403900891	0.379159676267	0.0839977928422	0.146438629999
-400	0.117391304348	0.132608695652	0.0913043478261	0.658695652174
-ima	0.462117352618	0.301405856213	0.0786370190729	0.157839772096
-beŋ	0.193903926448	0.425634844515	0.183058524001	0.197402705036
-des	0.0	0.882352941177	0.117647058823	0.0
-eoŋ	0.135006490697	0.211163998269	0.599307659022	0.0545218520121
-.00	0.343624928531	0.536306460835	0.0720411663808	0.0480274442539
-msu	0.656952099782	0.249197600249	0.0670359285492	0.0268143714197
-lga	0.0	1.0	0.0	0.0
-imi	0.200321217715	0.273741072116	0.0683831830986	0.45755452707
-oka	0.548387096774	0.322580645161	0.0322580645161	0.0967741935484
-yaŋ	0.130875898486	0.426211070368	0.0333667802481	0.409546250898
-sik	0.244584552447	0.315012034328	0.263006618711	0.177396794514
-obi	0.289198606272	0.648083623693	0.0	0.0627177700348
-bis	0.0	1.0	0.0	0.0
-bip	0.200360571807	0.483092321795	0.280391815245	0.0361552911531
-idi	0.356839173142	0.358745052045	0.160533646093	0.12388212872
-let	0.167346751448	0.713060705741	0.0382989252751	0.0812936175359
-obe	0.556771732926	0.158575325613	0.0448475080257	0.239805433435
-oge	0.373010083188	0.149296778243	0.0369000559863	0.440793082583
-bia	0.0289216361383	0.956617545793	0.0144608180691	0.0
-bin	0.504647472229	0.412038086602	0.0	0.0833144411698
-bim	0.179330065359	0.567401960784	0.153594771242	0.0996732026144
-moŋ	0.402985074627	0.0716417910448	0.274626865672	0.250746268657
-kpe	0.524345847554	0.330489192264	0.130147895336	0.0150170648464
-tep	0.0918368689901	0.713095592647	0.0155413584826	0.179526179881
-100	0.0	0.00887868716575	0.0705752018427	0.920546110992
-uta	0.464285714286	0.5	0.0178571428571	0.0178571428571
-sim	0.356931155972	0.422992953631	0.0966475479638	0.123428342433
-uti	0.589418596179	0.247282737822	0.100453959394	0.0628447066054
-oye	0.402908247996	0.0366394998959	0.00379078806174	0.556661464046
-maŋ	0.137956279165	0.289471905054	0.133523025086	0.439048790695
-een	0.283475993896	0.438523144867	0.0756265635498	0.202374297687
-utu	0.438495765753	0.411511410937	0.0983206545141	0.0516721687958
-tek	0.490579344128	0.310953120682	0.134424229717	0.0640433054732
-tem	0.567610326768	0.14988864993	0.173102077105	0.109398946196
-ten	0.0502358511811	0.927866470099	0.00686985999057	0.0150278187294
-meu	0.408796282999	0.38934428864	0.0125031622032	0.189356266158
-met	0.31418584911	0.0441956479224	0.00759450145125	0.634024001516
-nze	0.125697678364	0.592761788079	0.0255846292097	0.255955904348
-duk	0.218862690707	0.213314840499	0.180998613037	0.386823855756
-nza	0.00575594781274	0.991941673062	0.0	0.00230237912509
-lup	0.233342380229	0.289846957716	0.0217769644148	0.45503369764
-pat	0.209289003319	0.200225791555	0.0878952323092	0.502589972816
-lus	0.0752569750367	0.883259911894	0.00660792951542	0.0348751835536
-lut	0.382504621903	0.347614475664	0.04296936632	0.226911536113
-nzi	0.0527649619858	0.947235038014	0.0	0.0
-mee	0.117377381528	0.0567112831264	0.0222698335906	0.803641501755
-nzu	0.0418118466899	0.95818815331	0.0	0.0
-luk	0.454152359194	0.34046509331	0.045370105867	0.160012441628
-mea	0.205091937765	0.710042432815	0.0424328147101	0.0424328147101
-lum	0.346308724832	0.515436241611	0.0677852348993	0.0704697986577
-lun	0.171026996938	0.828973003062	0.0	0.0
-mem	0.505675240704	0.257150520936	0.211480362538	0.0256938758223
-mel	0.166666666667	0.777777777778	0.0555555555556	0.0
-men	0.260084148697	0.530875859505	0.0628636365723	0.146176355226
-lue	0.557291666667	0.395833333333	0.015625	0.03125
-mek	0.365160520101	0.529923957333	0.0531390309102	0.0517764916561
-aye	0.375134802452	0.202808708853	0.064997810759	0.357058677936
-alu	0.423556311583	0.262126061448	0.0622927373163	0.252024889653
-aya	0.107996934055	0.73346037241	0.0380502464484	0.120492447086
-ndu	0.388528908073	0.52236832881	0.0133398764159	0.0757628867012
-ayo	0.69837587007	0.218097447796	0.0278422273782	0.0556844547563
-ayu	0.0966183574879	0.51690821256	0.0	0.386473429952
-ziŋ	0.105042722044	0.549659882464	0.164721506329	0.180575889164
-ilo	0.0605516932047	0.912536443149	0.0134559318233	0.0134559318233
-mos	0.0221852468109	0.933444259567	0.0443704936217	0.0
-auŋ	0.0769230769231	0.807692307692	0.115384615385	0.0
-gol	0.0	0.92303172738	0.0699177438308	0.00705052878966
-aua	0.127955493741	0.816411682893	0.0	0.0556328233658
-mât	0.47076725933	0.287522024668	0.121309199637	0.120401516365
-ŋam	0.268782572184	0.457070170672	0.0396361795144	0.23451107763
-ŋbe	0.514842769652	0.355364935478	0.0	0.12979229487
-euŋ	0.343038339579	0.639665609686	0.0172960507351	0.0
-ube	0.814645308925	0.144164759725	0.0411899313501	0.0
-âgâ	0.10968696586	0.744104735477	0.0281595461681	0.118048752495
-ŋne	0.140463388828	0.674548163503	0.0313100559262	0.153678391743
-sut	0.397783122451	0.227439088152	0.155181428422	0.219596360975
-oti	0.348319465521	0.100700997327	0.0239473572135	0.527032179938
-liŋ	0.22538058193	0.665477620067	0.0420691275518	0.0670726704508
-iga	0.448747502689	0.437221453819	0.0356539111726	0.078377132319
-otn	0.134182038143	0.553011604219	0.0676507192668	0.245155638371
-oto	0.704727921499	0.177520071365	0.028545941124	0.0892060660125
-ume	0.375467463823	0.202873442291	0.0446660824864	0.3769930114
-kbe	0.455519926247	0.34419173624	0.0786408196373	0.121647517876
-uma	0.515638575152	0.122990877498	0.161001303215	0.200369244135
-umm	0.0772296960637	0.902840059791	0.00498256103637	0.0149476831091
-umi	0.0	0.843137254902	0.0	0.156862745098
-kbi	0.206490049436	0.575167955381	0.1945747243	0.0237672708835
-nak	0.307145929071	0.18948106178	0.0603922964526	0.442980712697
ALL	0.229427077615	0.267636450175	0.0518582574087	0.451078214801
-nai	0.0142405063291	0.985759493671	0.0	0.0
-nan	0.258355550708	0.337424804762	0.0766964755623	0.327523168968
-ige	0.507209123583	0.362245220648	0.0255857855404	0.104959870228
-kie	0.100934579439	0.833177570093	0.00700934579439	0.0588785046729
-nam	0.03450662615	0.803359500295	0.155752511184	0.00638136237022
-sis	0.0	1.0	0.0	0.0
-zuk	0.228571428571	0.657142857143	0.0285714285714	0.0857142857143
-ake	0.0	0.84140969163	0.15859030837	0.0
-sip	0.08419275067	0.855133562979	0.012808929995	0.0478647563556
-zun	0.673913043478	0.282608695652	0.0434782608695	0.0
-kin	0.183500385505	0.702390131072	0.00308404009252	0.111025443331
-kim	0.380772142317	0.367650769619	0.0570275044159	0.194549583649
-kis	0.035422175758	0.938052190312	0.0079945882787	0.0185310456511
-zup	0.0134176729922	0.914462334675	0.0519934828445	0.0201265094882
-kip	0.10788317793	0.414541111197	0.463705016568	0.0138706943053
-sin	0.457822638789	0.4989185292	0.0216294160058	0.0216294160057
-zut	0.110582023263	0.0908658342481	0.0752943163584	0.72325782613
-kit	0.708579210168	0.215161143895	0.0	0.0762596459373
-nas	0.0405576679341	0.915082382763	0.0291508238277	0.0152091254753
-sia	0.00462724935732	0.98971722365	0.00411311053984	0.00154241645244
-puŋ	0.270740975301	0.474350854972	0.123495883471	0.131412286257
-wuk	0.0357142857143	0.910714285714	0.0535714285714	0.0
-nti	0.0819882141943	0.81680758391	0.0358698437099	0.0653343581861
-gok	0.20130764634	0.0276872526331	0.00398498961094	0.767020111416
-mot	0.393208175072	0.198862513349	0.0217936558766	0.386135655702
-gom	0.0760186717531	0.767096449419	0.0539773612653	0.102907517562
-wun	0.409099207953	0.211965429738	0.0303936029015	0.348541759407
-gon	0.0	1.0	0.0	0.0
-nek	0.322512915435	0.3557200873	0.127634886869	0.194132110396
-moe	0.104347826087	0.869565217391	0.0260869565217	0.0
-lki	0.0	1.0	0.0	0.0
-gop	0.827868852459	0.0737704918033	0.0	0.0983606557377
-mon	0.0149144764289	0.97695035461	0.0	0.00813516896121
-wup	0.464454976303	0.29541864139	0.192733017378	0.0473933649289
-biŋ	0.33925394987	0.497375494417	0.0623092444075	0.101061311306
-yat	0.251346499102	0.748653500898	0.0	0.0
-yap	0.466827153536	0.204108137473	0.0498243369776	0.279240372013
-bep	0.454435662299	0.176466037666	0.0497968879841	0.319301412051
-bet	0.0743149271188	0.543188095262	0.101511845438	0.280985132182
-got	0.48810565251	0.455151974141	0.0185307056313	0.0382116677179
-bek	0.356790884748	0.362972889321	0.107557646542	0.172678579389
-ben	0.341143595688	0.482411438337	0.110715467319	0.0657294986563
-nup	0.334140124438	0.325285548628	0.0625723790607	0.278001947873
-okŋ	0.0998824911868	0.781727379554	0.0381903642774	0.0801997649823
-bem	0.306347538365	0.234271005071	0.0599723238295	0.399409132734
-âge	0.368060478748	0.300346024466	0.0752629976257	0.25633049916
-yan	0.290389581228	0.52924665993	0.0864488604469	0.0939148983945
-yak	0.235141208242	0.510784261354	0.132307281985	0.121767248419
-bee	0.190814261035	0.160743585706	0.0713257158245	0.577116437434
-kik	0.619394618834	0.246076233184	0.0	0.134529147982
-upu	0.429553264605	0.397766323024	0.0721649484536	0.100515463918
-isi	0.0751348730072	0.881220828029	0.0228829484149	0.0207613505486
-bdi	0.784702549575	0.215297450425	0.0	0.0
-ise	0.140932003919	0.722590942611	0.04101382954	0.0954632239295
-isa	0.198998532332	0.653975653976	0.0819304152638	0.0650953984288
-luŋ	0.155715137701	0.623464973242	0.0567437638108	0.164076125246
-upm	0.538722365387	0.243591482436	0.0325512003255	0.185134951851
-meŋ	0.145913018841	0.774188978609	0.0	0.0798980025499
-ŋgo	0.0656462437129	0.887782464379	0.00974040092186	0.0368308909858
-âye	0.416235217784	0.163485425545	0.056617944422	0.363661412249
-bat	0.0641306108241	0.843226884093	0.0111678636264	0.081474641456
-âya	0.418219461698	0.532091097309	0.0	0.0496894409937
-ŋge	0.271278461162	0.353022082064	0.0385756425437	0.337123814229
-map	0.149615928459	0.79898345244	0.00745213436772	0.0439484847326
-mas	0.0785004806153	0.893552636263	0.0	0.0279468831215
-ŋga	0.123886255384	0.789350498632	0.0302928329196	0.0564704130653
-mat	0.526129108536	0.343816505084	0.0467013478364	0.0833530385434
-mai	0.544642857143	0.383928571428	0.0535714285714	0.0178571428571
-mak	0.158867671254	0.413501294818	0.0797435792578	0.347887454671
-mam	0.216508942202	0.316645044578	0.0435485138088	0.423297499411
-man	0.183050947977	0.215059183811	0.0409110385368	0.560978829675
-ŋgu	0.274290819745	0.256466383739	0.342640160822	0.126602635693
-teŋ	0.112311936916	0.355465693548	0.325203662666	0.207018706871
-mae	0.453529411765	0.366862745098	0.083137254902	0.0964705882352
-geŋ	0.0845444081534	0.0337654308856	0.00217467699319	0.879515483968
-eii	0.0816326530612	0.489795918367	0.0	0.428571428571
-unn	0.340028024288	0.498248482018	0.0893274170948	0.0723960765998
-kge	0.548542788194	0.291813625394	0.120660850195	0.0389827362168
-une	0.621472814866	0.330350997935	0.0481761871989	0.0
-usi	0.028720581545	0.95474332605	0.00870320652879	0.00783288587593
-boŋ	0.14856070101	0.0967459907876	0.0764466982296	0.678246609973
-zân	0.0239030955585	0.952624495289	0.00441453566622	0.0190578734859
-dik	0.41779687524	0.308840495736	0.0476661727078	0.225696456315
-666	0.308108108108	0.243243243243	0.0324324324324	0.416216216216
-500	0.0622406639004	0.290456431535	0.0912863070539	0.55601659751
-gan	0.152565704196	0.126952237135	0.136684002984	0.583798055686
-gak	0.149629940322	0.0956306022668	0.0903137479165	0.664425709495
-gai	0.0	1.0	0.0	0.0
-laŋ	0.204086016722	0.4021314369	0.0345597549245	0.359222791454
-nop	0.788235294118	0.0470588235294	0.0	0.164705882353
-144	0.0	0.0552603613177	0.0	0.944739638682
-gat	0.149901487362	0.307610629557	0.0553024863268	0.487185396754
-gas	0.0	0.99306037474	0.00693962526023	0.0
-gap	0.491251041543	0.358766813475	0.0642780621355	0.0857040828472
-âpm	0.43539586071	0.257611911253	0.0985664770548	0.208425750983
-uŋi	0.0	1.0	0.0	0.0
-ini	0.119664833726	0.84420005237	0.00837915684734	0.0277559570569
-sem	0.590715324969	0.234566623289	0.0657757878377	0.108942263904
-sel	0.00652309685179	0.977469871157	0.00476509911869	0.0112419328722
-sek	0.191174472757	0.359603420551	0.0556252017675	0.393596904925
-bel	0.129490251905	0.828350131196	0.0301140120709	0.0120456048283
-inn	0.457116884764	0.304631841532	0.066591970911	0.171659302793
-ino	0.792682926829	0.158536585366	0.0	0.0487804878049
-uip	0.48623162619	0.377416339938	0.06288263565	0.073469398222
-ine	0.209190173055	0.554532066803	0.0788013291433	0.157476430999
-oun	0.339805825243	0.436893203884	0.0	0.223300970874
-uin	0.467813195316	0.28334466832	0.159209418752	0.0896327176121
-ins	0.0364166059723	0.890750182083	0.0436999271668	0.0291332847778
-ses	0.0442129074271	0.89813894506	0.0123384857936	0.0453096617198
-sep	0.0692277942504	0.902281809978	0.00696145417043	0.0215289416012
-lat	0.301417423379	0.447491489168	0.1252791312	0.125811956252
-âne	0.325075816949	0.0710464442702	0.00408900398679	0.599788734794
-kus	0.0377536573856	0.962246342614	0.0	0.0
-aot	0.089641434263	0.910358565737	0.0	0.0
-iam	0.0148957298907	0.96722939424	0.0119165839126	0.0059582919563
-net	0.0943430067797	0.634645047889	0.0500412526456	0.220970692686
-ian	0.075117370892	0.411580594679	0.400625978091	0.112676056338
-toŋ	0.133974563176	0.683733093416	0.109632066273	0.0726602771347
-nep	0.208391506313	0.363559746592	0.184929056942	0.243119690153
-nen	0.279436283599	0.405294688838	0.0497251958657	0.265543831697
-mti	0.215498131347	0.113516577025	0.0336197271535	0.637365564475
-iap	0.376058792773	0.134160227735	0.0517632022309	0.438017777261
-ias	0.092341961315	0.879603000056	0.0163536908589	0.0117013477697
-saŋ	0.504337109542	0.423993932787	0.0371616817557	0.034507275916
-kun	0.450978224826	0.471426992373	0.0654360561512	0.0121587266497
-kum	0.419820755655	0.358361605021	0.040031605353	0.18178603397
-kuk	0.781818181818	0.145454545455	0.0	0.0727272727273
-mge	0.435812470102	0.0423451768618	0.0143606689996	0.507481684036
-aom	0.651488850314	0.348511149686	0.0	0.0
-aol	0.0	1.0	0.0	0.0
-ban	0.440003125966	0.191928952394	0.0320601994243	0.336007722216
-win	0.189228004336	0.617151920584	0.0787592653691	0.114860809711
-bal	0.139332365747	0.856313497823	0.0	0.0043541364296
-bam	0.214409916206	0.0564044268202	0.0951602903796	0.634025366594
-bak	0.441867949618	0.258670720166	0.0652082633097	0.234253066907
-eke	0.270850740449	0.139256925048	0.0183819141063	0.571510420397
-bai	0.298150163221	0.44069640914	0.0	0.261153427639
-eki	0.362448377421	0.170795459166	0.0434671803818	0.423288983032
-nit	0.163591481786	0.0959345337779	0.0290368398733	0.711437144563
-mka	0.22862874316	0.353516144161	0.003054977382	0.414800135297
-bas	0.0199415049189	0.956926349375	0.0103695825578	0.0127625631481
-bap	0.40465517767	0.202726243686	0.0398547263979	0.352763852246
-zom	0.403100775194	0.558139534884	0.015503875969	0.0232558139535
-ase	0.352526439483	0.594594594595	0.0	0.0528789659224
-mbu	0.0980892354876	0.738654809883	0.106462723606	0.056793231023
-asa	0.217474276685	0.422107743061	0.0248639218465	0.335554058408
-zok	0.559971611072	0.290986515259	0.0425833924769	0.106458481192
-ŋdi	0.320409536824	0.295221390549	0.0450531296527	0.339315942975
-asi	0.145577504894	0.715963694608	0.0596191493149	0.0788396511835
-mba	0.115447458685	0.293157001089	0.143078174031	0.448317366195
-yek	0.117193690912	0.0428437895421	0.0107248160094	0.829237703537
-mbe	0.15328208391	0.152648562883	0.149111646893	0.544957706314
-yen	0.342067759895	0.47259011534	0.0439698253748	0.14137229939
-mbi	0.0744125906242	0.432484107797	0.0131574072554	0.479945894323
-lta	0.0	0.947368421053	0.0526315789474	0.0
-zop	0.154838709677	0.748387096774	0.0967741935484	0.0
-mbo	0.143884892086	0.834532374101	0.021582733813	0.0
-kme	0.473494068424	0.17939297444	0.0526637113293	0.294449245807
-430	0.456896551724	0.0	0.0	0.543103448276
-iwa	0.0	0.756097560976	0.0487804878049	0.19512195122
-iwe	0.517926123941	0.228902237848	0.0242061735468	0.228965464664
-iwi	0.311111111111	0.6	0.0	0.0888888888889
-ânâ	0.21693001402	0.494335190027	0.0378159220946	0.250918873859
-lâŋ	0.297577295101	0.645822173258	0.0509404784766	0.00566005316409
-azu	0.010029251985	0.914751358128	0.0639364814041	0.0112829084831
-pop	0.192307692308	0.778846153846	0.0	0.0288461538462
-uge	0.363081734687	0.507851904059	0.082813910975	0.0462524502786
-aza	0.0821917808219	0.835616438356	0.041095890411	0.041095890411
-epm	0.29335627001	0.123613837985	0.0406118997277	0.542417992278
-enâ	0.407127517873	0.0876940223448	0.0765759643352	0.428602495447
-ika	0.0613060992463	0.921267482775	0.01029119172	0.0071352262592
-iko	0.0225933202357	0.953831041257	0.0147347740668	0.00884086444008
-lam	0.148635082477	0.721371963902	0.0559614062195	0.0740315474017
-lan	0.094552003602	0.905447996398	0.0	0.0
-nos	0.0394736842105	0.960526315789	0.0	0.0
-gaŋ	0.0839600763542	0.0362957563683	0.00918289222678	0.870561275051
-lai	0.0	1.0	0.0	0.0
-iki	0.18705919879	0.697407704631	0.0486721062847	0.0668609902942
-lak	0.313288759388	0.16926915207	0.0384043916607	0.479037696881
-aam	0.0141832794894	0.968560397132	0.00614608777874	0.0111102356
-nok	0.30859205645	0.466204744068	0.123112148578	0.102091050904
-lap	0.493230678886	0.254452573407	0.075303998524	0.177012749183
-nom	0.410266774454	0.44826192401	0.092966855295	0.0485044462409
-non	0.0	0.944444444444	0.0555555555556	0.0
-las	0.0566754253054	0.882870787702	0.0192178599513	0.0412359270412
-uŋŋ	0.442294402212	0.526606772633	0.0207325501037	0.0103662750518
-noa	0.0	1.0	0.0	0.0
-epi	0.237316269335	0.146022276215	0.0339195073252	0.582741947124
-gek	0.286398197691	0.394255139397	0.0794142495072	0.239932413405
-gen	0.164364354124	0.240476025788	0.0358772653285	0.559282354759
-dop	0.13872920978	0.277228481643	0.083544109757	0.50049819882
-bot	0.483032139784	0.241516069892	0.1900699667	0.085381823624
-epu	0.362831858407	0.132743362832	0.238938053097	0.265486725664
-ges	0.0188679245283	0.924528301887	0.0566037735849	0.0
-180	0.103896103896	0.335064935065	0.124675324675	0.436363636364
-dom	0.450862589783	0.324537826408	0.0412472309861	0.183352352823
-dok	0.0	1.0	0.0	0.0
-get	0.137295868833	0.0949646946773	0.0563526943889	0.711386742101
-sas	0.00897267937469	0.751079424186	0.0030674424919	0.236880453947
-sap	0.505401992815	0.250993129338	0.0349113215669	0.20869355628
-sat	0.0552983421131	0.428250909752	0.0664045670159	0.450046181119
-mpe	0.650040883074	0.233442354865	0.0	0.116516762061
-tok	0.831939799331	0.107859531773	0.0250836120402	0.0351170568562
-iaŋ	0.424597014925	0.421740528129	0.0861538461539	0.0675086107921
-don	0.083552055993	0.887770973073	0.0257606688053	0.0029163021289
-tot	0.28814466293	0.233730968942	0.0457937927361	0.432330575392
-neŋ	0.0650729011156	0.0144887844469	0.000833519062667	0.919604795375
-olo	0.545561985492	0.144755073763	0.0374521150868	0.272230825658
-sak	0.105979005091	0.732233838935	0.0407862215966	0.121000934377
-ola	0.117812061711	0.593267882188	0.218232819074	0.0706872370266
-san	0.47981721249	0.394516374714	0.011424219345	0.11424219345
-sam	0.268802228412	0.601671309192	0.0452646239555	0.0842618384401
-lon	0.0489439569646	0.821420697562	0.03439305084	0.0952422946338
-dep	0.441497816858	0.260307048432	0.144872130224	0.153323004487
-iek	0.448181144776	0.219325900612	0.0747514162348	0.257741538378
-lom	0.224977699482	0.46096645477	0.0911926614189	0.222863184329
-seŋ	0.323360531883	0.649440918706	0.0	0.0271985494107
-lok	0.0295231099559	0.800118657475	0.0234489772856	0.146909255283
-ien	0.485466331709	0.211446126463	0.0388341816806	0.264253360147
-loe	0.428571428571	0.36974789916	0.201680672269	0.0
-âyo	0.272554426607	0.116498897646	0.238573614979	0.372373060768
-ime	0.455649120389	0.200374302452	0.0543647311263	0.289611846033
-lot	0.07262953682	0.857044701318	0.0448629860157	0.0254627758467
-los	0.00493827160493	0.99012345679	0.0	0.00493827160494
-lop	0.6111898017	0.275495750708	0.014164305949	0.099150141643
-wep	0.249951679633	0.160422609259	0.0735244261513	0.516101284956
-ipm	0.0791995402059	0.854548304509	0.00670881446262	0.0595433408224
-sât	0.498148223147	0.213648816805	0.053604629706	0.234598330342
-ipa	0.0140845070422	0.964788732394	0.00704225352113	0.0140845070423
-ida	0.0732265446224	0.894736842105	0.0	0.0320366132723
-ipe	0.511982570806	0.185185185185	0.248366013072	0.0544662309368
-sân	0.0	1.0	0.0	0.0
-oke	0.387096774194	0.316129032258	0.116129032258	0.18064516129
-sâl	0.0451322842815	0.947950890541	0.0	0.00691682517724
-sâk	0.166520595968	0.558446538124	0.0463409290097	0.228691936897
-ewa	0.155172413793	0.844827586207	0.0	0.0
-ewi	0.385364981919	0.247666302245	0.094188882348	0.272779833488
-baŋ	0.561979648474	0.276133209991	0.111008325624	0.0508788159112
-ekŋ	0.133449689173	0.55176200655	0.030298276234	0.284490028043
-awa	0.264123888729	0.724404932607	0.0028677946659	0.0086033839977
-awe	0.407243842876	0.288610781583	0.0809982533368	0.223147122205
-lao	0.287323943662	0.712676056338	0.0	0.0
-pbe	0.33547907898	0.311133118759	0.153668399769	0.199719402492
-imo	0.894736842105	0.0601503759398	0.0	0.0451127819549
-tia	0.117454068241	0.856955380578	0.0196850393701	0.00590551181103
-lâk	0.14161849711	0.380700064226	0.342244701349	0.135436737315
-ŋoo	0.472335353134	0.361577431211	0.0538392768452	0.11224793881
-kdi	0.233394628033	0.384726990572	0.0639874150997	0.317890966295
-ŋok	0.364197530864	0.586419753086	0.0345679012346	0.0148148148148
-poŋ	0.201118976396	0.798881023604	0.0	0.0
-tim	0.413466688835	0.220082628964	0.0796109662004	0.286839716
-nap	0.475450101666	0.2664105442	0.143410752296	0.114728601837
-oli	0.0928822879996	0.799945841232	0.0386401983044	0.0685316724644
-eyo	0.294091154975	0.148692447473	0.0561297011952	0.501086696357
-eya	0.463283070235	0.178267671017	0.029392292384	0.329056966364
-200	0.0160714285714	0.141071428571	0.0410714285714	0.801785714286
-eye	0.6351636921	0.107082099489	0.0230731742902	0.23468103412
-iok	0.0197505197505	0.931739431739	0.0031185031185	0.0453915453916
-ŋiŋ	0.253968253968	0.587301587302	0.0634920634921	0.0952380952381
-lek	0.276372375411	0.630660258032	0.0303566911207	0.0626106754364
-nâŋ	0.566226232678	0.279084756687	0.0386722526587	0.116016757976
-ion	0.017131873642	0.954663212435	0.0225639311382	0.00564098278457
-iom	0.0670225385528	0.83659549229	0.0231316725978	0.0732502965598
-leo	0.700934579439	0.0560747663551	0.0560747663551	0.18691588785
-lea	0.0	0.988569251286	0.0	0.011430748714
-mun	0.118669017443	0.714586346091	0.0450142250437	0.121730411421
-aâm	0.105691056911	0.721544715447	0.172764227642	0.0
-lep	0.599555849474	0.17741676711	0.075954872617	0.147072510799
-oin	0.364478078529	0.434718176926	0.0750958770723	0.125707867472
-eaŋ	0.402597402597	0.461038961039	0.0584415584415	0.0779220779221
-les	0.0509770603228	0.949022939677	0.0	0.0
-oik	0.0296296296296	0.422222222222	0.548148148148	0.0
-leu	0.0	1.0	0.0	0.0
-iot	0.0	1.0	0.0	0.0
-eem	0.140602986757	0.773739081431	0.0417018878557	0.043956043956
-âma	0.259364752862	0.0968333055049	0.0404658909301	0.603336050703
-eek	0.503444799193	0.23651487145	0.0205847756679	0.239455553688
-âme	0.225940066535	0.0903405647448	0.0285351777381	0.655184190982
-git	0.472675743268	0.380323701772	0.0407699479661	0.106230606994
-gis	0.214255600214	0.742460440147	0.00983726355436	0.0334466960848
-âmo	0.826923076923	0.173076923077	0.0	0.0
-gip	0.366653674947	0.30792110923	0.061656491573	0.26376872425
-ndi	0.245301124812	0.577546073342	0.0430956751356	0.134057126711
-alo	0.394088669951	0.497536945813	0.0295566502463	0.0788177339901
-gim	0.25320729237	0.378122889939	0.0810263335584	0.287643484132
-ndo	0.214266104105	0.714813823285	0.0241658892515	0.0467541833589
-âtâ	0.0331164851742	0.87055107717	0.0402347617027	0.0560976759534
-nda	0.0961175535044	0.774473486119	0.0544969705584	0.0749119898184
-ale	0.527645051194	0.430034129693	0.00819112627987	0.0341296928328
-nde	0.157201376381	0.534349223681	0.0332704181051	0.275178981833
-emo	0.0174799708667	0.750910415149	0.205389657684	0.0262199563001
-gia	0.0	0.93137254902	0.0686274509804	0.0
-ala	0.0647865058375	0.723720355271	0.162441238977	0.0490518999143
-pup	0.509183457052	0.259978791092	0.0344432661718	0.196394485684
-paŋ	0.385265700483	0.423913043478	0.125603864734	0.0652173913044
-120	0.0850340136055	0.204081632653	0.0	0.710884353741
-wat	0.13422588147	0.633600007919	0.107770138906	0.124403971705
-ŋeŋ	0.166666666667	0.543478260869	0.177536231884	0.11231884058
-yom	0.162640379739	0.516154952959	0.115937397493	0.20526726981
-duŋ	0.316170376561	0.523377708731	0.104864186314	0.0555877283935
-waŋ	0.248765707565	0.52642210694	0.0308866608065	0.193925524688
-iel	0.0132494203379	0.953627028817	0.0264988406757	0.00662471016894
-gwa	0.357391102873	0.329587581094	0.128822984245	0.184198331789
-âit	0.454119447752	0.100878178158	0.0282026356327	0.416799738457
-iyu	0.0	0.947636363636	0.0	0.0523636363636
-pem	0.197376429783	0.0761936256596	0.0834387686169	0.642991175941
-pen	0.426690079017	0.340649692713	0.149253731343	0.0834064969272
-loi	0.0	0.95	0.0	0.05
-bik	0.154827123868	0.786111667243	0.0130134867044	0.0460477221848
-pet	0.0831946755407	0.731697171381	0.0748752079867	0.110232945091
-153	0.0379746835443	0.0379746835443	0.101265822785	0.822784810127
-eli	0.0508474576271	0.949152542373	0.0	0.0
-pep	0.561410605281	0.281017871589	0.0400823711113	0.117489152019
-elo	0.307113543092	0.422024623803	0.0957592339261	0.175102599179
-eme	0.287026564823	0.0870272446372	0.0206513363106	0.605294854229
-iye	0.55146667188	0.161461582688	0.0368205249327	0.2502512205
-ela	0.0880810905278	0.811876189367	0.0195735756729	0.0804691444327
-iya	0.370308590492	0.243536280234	0.166805671393	0.219349457881
-ele	0.235134666373	0.601096101083	0.0660027133678	0.0977665191761
-piŋ	0.31842766729	0.295537772065	0.181461404722	0.204573155923
-zaŋ	0.0915193946684	0.758607572813	0.0527300578807	0.0971429746374
-esu	0.912408759124	0.0875912408759	0.0	0.0
-diŋ	0.21920416643	0.136272785165	0.0618028890108	0.582720159394
-itn	0.372340425532	0.380077369439	0.0154738878143	0.232108317215
-ito	0.27358490566	0.358490566038	0.169811320755	0.198113207547
-esi	0.560574354101	0.363176723768	0.0193035245903	0.0569453975413
-eso	0.0	1.0	0.0	0.0
-kwi	0.203222847114	0.0416816241873	0.00777791073352	0.747317617965
-iti	0.21840343463	0.471635495426	0.0409630089075	0.268998061036
-esa	0.0224381739523	0.970781946148	0.00193710854265	0.00484277135662
-ese	0.330769230769	0.169230769231	0.223076923077	0.276923076923
-ita	0.037932598358	0.914914263991	0.0021008823706	0.0450522552806
-spa	0.0257510729614	0.922746781116	0.0515021459228	0.0
-nuŋ	0.564530685921	0.257220216607	0.0947653429602	0.0834837545126
-keŋ	0.189384100215	0.311290130909	0.0252938902963	0.474031878579
-bul	0.059405940594	0.940594059406	0.0	0.0
-uda	0.0305675892581	0.692127879426	0.126434014867	0.150870516449
-suŋ	0.635910224439	0.304239401496	0.0349127182044	0.0249376558603
-ndâ	0.406333657104	0.452263627964	0.109775887802	0.0316268271304
-âti	0.423524360021	0.230528796694	0.0478884678423	0.298058375443
-ŋki	0.0540084388185	0.904078762307	0.00337552742615	0.0385372714486
-lpa	0.0959595959596	0.880471380471	0.023569023569	0.0
-ŋko	0.33908045977	0.522988505747	0.0	0.137931034483
-wem	0.161542698486	0.670777082092	0.0281696473735	0.139510572048
-abe	0.510256652584	0.144806881938	0.0340243452342	0.310912120243
-mdi	0.261963343626	0.592578439825	0.0284901331339	0.116968083415
-abi	0.607476635514	0.344095157179	0.0484282073066	0.0
-aiŋ	0.651847462764	0.226663033105	0.0523425167468	0.069146987385
-tiŋ	0.301587301587	0.52380952381	0.0	0.174603174603
-aee	0.681081081081	0.124324324324	0.0324324324324	0.162162162162
-tuk	0.05307454483	0.0534867743044	0.21225523875	0.681183442116
-aem	0.588292819223	0.272701872031	0.0419111483654	0.0970941603799
-sop	0.512971120901	0.248164464023	0.15907978463	0.0797846304455
-kok	0.248313593888	0.229302813215	0.0721212163057	0.450262376591
-aen	0.209008577508	0.267055499839	0.0201842891552	0.503751633498
-kot	0.422054110699	0.0790362220819	0.00980119292029	0.489108474299
-son	0.0	1.0	0.0	0.0
-tut	0.4404486968	0.52985813263	0.0296931705708	0.0
-kop	0.0276521514407	0.942628246543	0.0113709781626	0.0183486238532
-sok	0.320473555295	0.274796657151	0.0757238050539	0.3290059825
-mzu	0.4	0.243243243243	0.291891891892	0.0648648648649
-tna	0.254437869823	0.603550295858	0.0	0.14201183432
-tne	0.446932903317	0.37464938448	0.0324029532841	0.146014758918
-min	0.330776111515	0.30126222456	0.0638033551257	0.304158308799
-lit	0.415077499159	0.361057104862	0.135553301515	0.0883120944631
-ikŋ	0.421109521886	0.49651158982	0.0347749183854	0.047603969909
-dus	0.029702970297	0.386138613861	0.0594059405941	0.524752475248
-lip	0.435136602455	0.315643461132	0.0748463592287	0.174373577184
-lis	0.0448826429255	0.927893458907	0.0191303068207	0.00809359134722
-lim	0.342039800995	0.38808362036	0.184462303865	0.08541427478
-lin	0.244637423558	0.365317596754	0.11688433994	0.273160639749
-gem	0.187615269465	0.35985024963	0.0225783418841	0.429956139021
-giŋ	0.542535267105	0.130496547623	0.0498860220027	0.277082163269
-omm	0.188870151771	0.740785352927	0.0303541315346	0.0399903637678
-lik	0.246848002066	0.150400194608	0.0675695113151	0.535182292011
-oma	0.298408566454	0.323949841186	0.0918895048807	0.28575208748
-adi	0.267722793869	0.450434138867	0.0430236495211	0.238819417743
-ali	0.0793973941368	0.823154180239	0.0893051031487	0.00814332247557
-lia	0.0282704244254	0.914712296595	0.00365710451267	0.0533601744674
-ome	0.466238227845	0.207399666411	0.0315368921182	0.294825213626
-eap	0.337158558267	0.424438338452	0.053337643446	0.185065459835
-eas	0.40887174542	0.521697203471	0.0115718418515	0.0578592092575
-leŋ	0.190333887276	0.303063266548	0.15896393128	0.347638914896
-nâk	0.754385964912	0.140350877193	0.0	0.105263157895
-âip	0.490990588179	0.174773541526	0.0323301615415	0.301905708754
-lne	0.619866006408	0.208855228663	0.0978735799592	0.0734051849694
-muŋ	0.24077069151	0.296791250332	0.0574812812605	0.404956776897
-oda	0.0440744368266	0.955925563173	0.0	0.0
-iza	0.00297176820208	0.997028231798	0.0	0.0
-âin	0.502140991632	0.1475228413	0.0538328425426	0.296503324525
-odi	0.0890656248546	0.38900516255	0.110227431282	0.411701781313
-eam	0.0412517780939	0.954480796586	0.0	0.00426742532007
-pâl	0.0589758019133	0.871074845245	0.0060776589758	0.0638716938661
-nâp	0.306658878505	0.570677570094	0.0525700934579	0.0700934579439
-zep	0.434201736807	0.3110665776	0.0480961923848	0.206635493209
-âbe	0.396115152858	0.281161160738	0.145856864097	0.176866822308
-lwa	0.00242424242425	0.886060606061	0.111515151515	0.0
-peŋ	0.430548244012	0.326758353196	0.0890922770328	0.153601125759
-zek	0.263313609467	0.142011834319	0.408284023669	0.186390532544
-zen	0.642032332563	0.193995381062	0.013856812933	0.150115473441
-zel	0.0	1.0	0.0	0.0
-zem	0.20252272065	0.0748045032086	0.00928830450802	0.713384471634
-dup	0.267857142857	0.580357142857	0.133928571429	0.0178571428571
-pai	0.00600000000001	0.964	0.0	0.03
-apa	0.0	1.0	0.0	0.0
-pak	0.322266489597	0.0951748561311	0.471004869411	0.11155378486
-mes	0.10625	0.85625	0.0375	0.0
-pan	0.0233009708737	0.871844660194	0.104854368932	0.0
-wap	0.482562375097	0.247688845822	0.061246701188	0.208502077893
-ŋen	0.106917105138	0.151095534478	0.0358517446508	0.706135615733
-ŋem	0.283828382838	0.49504950495	0.201320132013	0.019801980198
-api	0.164375642679	0.0134498744414	0.00356194316658	0.818612539713
-ewe	0.32361814728	0.0925121770349	0.0569656332953	0.52690404239
-apm	0.357449356462	0.214408714827	0.0956783291894	0.332463599521
-yoŋ	0.0338345864662	0.327067669173	0.631578947369	0.00751879699247
-dua	0.0565383132736	0.821604488799	0.0753844176982	0.0464727802287
-wae	0.298125155644	0.178554911238	0.00213454765378	0.521185385464
-ŋet	0.407407407407	0.444444444444	0.0246913580247	0.123456790123
-ŋep	0.226666917352	0.0278605288054	0.0914223149652	0.654050238878
-wao	0.693374422188	0.306625577812	0.0	0.0
-wan	0.402860719577	0.245940193261	0.0722114018163	0.278987685346
-wam	0.247783587179	0.728802000455	0.00977494885201	0.0136394635145
-pas	0.0244182706119	0.941587666379	0.0177152159342	0.0162788470746
-wak	0.291506596006	0.4255858672	0.105032445551	0.177875091243
-dum	0.28745867127	0.413937295312	0.0136882474272	0.284915785991
-dun	0.706806282722	0.263275991025	0.0	0.0299177262528
-oit	0.629340277778	0.0520833333333	0.0	0.318576388889
-nuk	0.542561349693	0.378834355828	0.0325920245399	0.0460122699386
-sen	0.0299690429666	0.238171559049	0.00614749599315	0.725711901991
-ken	0.124118476728	0.734837799718	0.0902679830748	0.0507757404795
-kem	0.280235988201	0.631268436578	0.0884955752213	0.0
-kel	0.0453257790368	0.954674220963	0.0	0.0
-kek	0.195434846565	0.716051303521	0.0532667239975	0.0352471259166
-sup	0.0421242399963	0.864088938116	0.0150527878588	0.0787340340293
-sun	0.541076487252	0.321529745042	0.0339943342776	0.103399433428
-sum	0.239187089176	0.348851369209	0.0362898554487	0.375671686166
-suk	0.0126752966559	0.476267529666	0.397788565264	0.113268608414
-sos	0.401162790698	0.441860465116	0.0	0.156976744186
-kat	0.340869895805	0.413151584562	0.00997207302307	0.23600644661
-nus	0.0328767123288	0.967123287671	0.0	0.0
-sua	0.00882352941177	0.908823529412	0.0	0.0823529411765
-loŋ	0.231507402247	0.470085024935	0.0188669418367	0.279540630981
-dia	0.00643390237626	0.932511427836	0.0198531844753	0.0412014853123
-sol	0.0375234521576	0.861632270169	0.0633208255159	0.0375234521576
-dim	0.264982445177	0.253667485642	0.0670428895941	0.414307179587
-oen	0.285328706381	0.384037015616	0.0289184499711	0.301715828031
-iip	0.0481927710843	0.936316695353	0.0154905335628	0.0
-tus	0.0271862256456	0.922972360671	0.022655188038	0.0271862256456
-dip	0.124278893973	0.680425701213	0.0609210264571	0.134374378357
-age	0.527904185854	0.209117411409	0.0425628914907	0.220415511246
-dis	0.0	1.0	0.0	0.0
-âpe	0.089525928197	0.760975286372	0.0974992570204	0.0519995284105
-wâm	0.0527009222661	0.513833992095	0.433465085639	0.0
-kos	0.0314795383001	0.9685204617	0.0	0.0
-uku	0.164344621045	0.6895242454	0.0344918752472	0.111639258308
-tuŋ	0.109442606261	0.74802748791	0.0839908373632	0.0585390684653
-koŋ	0.705396475771	0.294603524229	0.0	0.0
-uit	0.226700251889	0.727959697733	0.0272040302267	0.0181360201511
-kli	0.0	1.0	0.0	0.0
-uke	0.192307692308	0.706477732794	0.0	0.101214574899
-uki	0.208430788385	0.29271199253	0.323215794388	0.175641424696
-nne	0.061379069099	0.674817628885	0.0542930429965	0.209510259019
-tit	0.839449541284	0.160550458716	0.0	0.0
-ait	0.371902540787	0.52052234411	0.00604637649295	0.101528738611
-tip	0.34284917127	0.439026992554	0.0693340268124	0.148789809364
-aip	0.455724934151	0.209687701536	0.0542635045803	0.280323859733
-ais	0.0198881773816	0.922742167303	0.00426353227385	0.0531061230412
-tis	0.0	0.938995215311	0.061004784689	0.0
-ede	0.0490533562823	0.904475043029	0.0361445783133	0.0103270223752
-ego	0.173704964341	0.357624123686	0.182036959019	0.286633952954
-aia	0.0222436854275	0.961161354523	0.0025463166213	0.0140486434279
-nge	0.128571428571	0.7	0.171428571429	0.0
-aim	0.350769109125	0.524895151433	0.0530749539589	0.071260785483
-ail	0.0	0.637362637363	0.197802197802	0.164835164835
-tin	0.492760340088	0.408133829828	0.0463665856933	0.0527392443904
-ain	0.39106285594	0.325899583281	0.064454656509	0.21858290427
-aik	0.328114338107	0.373779617956	0.114355931835	0.183750112102
-tik	0.336006523475	0.430677320166	0.0875130950831	0.145803061276
-aŋo	0.317869415808	0.591924398625	0.0902061855669	0.0
-uwe	0.483901196712	0.414391943977	0.0605630208449	0.0411438384656
-ema	0.47390154529	0.126137849754	0.0330268216992	0.366933783257
-uwa	0.327272727273	0.236363636364	0.127272727273	0.309090909091
-aŋe	0.0298953662182	0.68759342302	0.282511210762	0.0
-emi	0.394736842105	0.517543859649	0.0	0.0877192982456
-uwi	0.312883435583	0.0858895705521	0.0	0.601226993865
-260	0.471853331766	0.182630156305	0.0616993771301	0.283817134799
-tbe	0.178571428571	0.348214285714	0.446428571429	0.0267857142857
-mmo	0.405405405405	0.567567567568	0.0	0.027027027027
-ems	0.0	0.987995198079	0.0	0.0120048019208
-mme	0.134397318766	0.0470264020178	0.0132566100096	0.805319669206
-das	0.0584144645341	0.929068150209	0.00208623087622	0.0104311543811
-mma	0.178301130335	0.197005057523	0.0247356978307	0.599958114311
-eiŋ	0.726235214178	0.218850970005	0.0549138158169	0.0
-set	0.206800954402	0.304100719746	0.111831924202	0.37726640165
-eŋe	0.477341389728	0.178247734139	0.0996978851964	0.244712990937
-dam	0.246317999943	0.467209625699	0.108686398593	0.177785975766
-zan	0.616161616162	0.20404040404	0.0	0.179797979798
-zam	0.259126765731	0.596220876903	0.0467804072647	0.0978719501009
-zak	0.2903605984	0.111392020073	0.191989659171	0.406257722356
-pdi	0.249260333348	0.565673907836	0.0484510718216	0.136614686995
-guŋ	0.109544468547	0.817245119306	0.00813449023861	0.0650759219089
-âek	0.383070301291	0.180774748924	0.163558106169	0.272596843615
-zat	0.602739726027	0.342465753425	0.0547945205479	0.0
-âen	0.223204994797	0.476066597295	0.239854318418	0.0608740894901
-kne	0.385276182408	0.20372577801	0.06620102651	0.344797013073
-ane	0.259806673898	0.446549015986	0.0390770091212	0.254567300995
-lel	0.0	1.0	0.0	0.0
-ame	0.330680214875	0.220634879974	0.0783367898687	0.370348115283
-000	0.107663807126	0.196572593212	0.00186719516849	0.693896404493
-ueŋ	0.443661971831	0.478873239437	0.0422535211268	0.0352112676056
-ete	0.19660483111	0.641944844006	0.105029512425	0.0564208124597
-bun	0.415167460162	0.297311497589	0.0641375517665	0.223383490483
-eti	0.403972176343	0.112142575606	0.0231046390525	0.460780608999
-etn	0.235394779335	0.3577432495	0.00963475574478	0.397227215421
-buŋ	0.0672131147541	0.459016393443	0.434426229508	0.0393442622951
-ŋan	0.197937354231	0.21931331521	0.0398911515501	0.542858179009
-ŋak	0.306281512205	0.28376751118	0.179770490333	0.230180486282
-buk	0.170531330443	0.394186281672	0.347347011937	0.0879353759489
-wiŋ	0.426356589147	0.480620155039	0.046511627907	0.046511627907
