-iok	0.0673781703315	0.900113472567	0.0144140828656	0.0180942742356
-ivu	0.340176652402	0.169674972211	0.031077258641	0.459071116745
-eus	0.0262793914246	0.973720608575	0.0	0.0
-hem	0.116240887897	0.864057266697	0.0	0.0197018454062
-euo	0.523420387578	0.313010741304	0.0471869149292	0.116381956189
-ive	0.076508755147	0.832653994926	0.0697500311941	0.0210872187331
-rbe	0.0309278350515	0.969072164948	0.0	0.0
-eue	0.342785129174	0.328922495274	0.122243226213	0.206049149338
-ivi	0.560461009387	0.21832884097	0.0474021749233	0.173807974719
-eua	0.581114281186	0.151172927564	0.0325923284197	0.235120462831
-hea	0.61233824258	0.222208107197	0.00819701773208	0.157256632491
-ivo	0.355864049774	0.388942418443	0.0332337335872	0.221959798196
-aua	0.263434210535	0.409490054275	0.270305627965	0.0567701072253
-aue	0.34010427092	0.0906759886271	0.0227205336175	0.546499206835
-lea	0.321088808544	0.29521482441	0.109765863705	0.27393050334
-aum	0.00785175879398	0.98704459799	0.000785175879396	0.00431846733668
-auo	0.413790088888	0.353666720663	0.166102278892	0.066440911557
-uae	0.460042638935	0.324501654931	0.203341730689	0.0121139754453
-nta	0.0	0.886178861789	0.113821138211	0.0
ALL	0.235880851411	0.285511143009	0.05443146848	0.424176537099
-uao	0.445814106371	0.350107501612	0.0558786073381	0.148199784679
-uau	0.262874732118	0.16259069605	0.0753850314359	0.499149540396
-pua	0.659285842318	0.159447925526	0.00784864097998	0.173417591177
-puo	0.792392300642	0.207607699358	0.0	0.0
-pui	0.525597269625	0.412969283276	0.0409556313993	0.0204778156997
-iva	0.0460142579391	0.593130265716	0.0248865845755	0.335968891769
-opo	0.13448732099	0.0738676207346	0.0307168563779	0.760928201897
-ope	0.660063090368	0.193212041954	0.135856358961	0.0108685087169
-opa	0.0435875943001	0.952221290863	0.0	0.00419111483655
-dea	0.0163592172504	0.963698117911	0.00607628069301	0.0138663841456
-imu	0.283640887414	0.593054115696	0.0556776556777	0.0676273412122
-oku	0.355921274832	0.570143387884	0.0584604992478	0.0154748380362
-dek	0.0426835349261	0.890997421322	0.0299183656024	0.0364006781497
-del	0.137931034483	0.862068965517	0.0	0.0
-ima	0.233700539694	0.471671948386	0.0668735541848	0.227753957735
-oio	0.287871263005	0.0218230090272	0.00665670636546	0.683649021602
-oko	0.421959551128	0.375496391318	0.119075885518	0.0834681720354
-ime	0.522146507912	0.295525648727	0.0751135818805	0.107214261481
-aka	0.558743563343	0.357176137103	0.0223607184906	0.0617195810636
-oke	0.370718730702	0.377131727709	0.12407961617	0.128069925419
-oka	0.174780114759	0.251800884738	0.502878699878	0.0705403006249
-imo	0.329007867579	0.579033411669	0.0301420251354	0.0618166956166
-obi	0.283716552373	0.643001210165	0.0732822374613	0.0
-obo	0.284875502168	0.144768603415	0.0735533556587	0.496802538759
-idi	0.29844079909	0.531021601429	0.110849439662	0.0596881598181
-oba	0.0244897959184	0.787755102041	0.187755102041	0.0
-ida	0.0208768267223	0.979123173278	0.0	0.0
-siu	0.00797735949401	0.157723793424	0.147581150639	0.686717696443
-bia	0.745764088919	0.125141227711	0.0371713177265	0.0919233656434
-obu	0.0534246307573	0.875200630143	0.0220651529422	0.0493095861571
-ter	0.0652173913044	0.869565217391	0.0652173913044	0.0
-uta	0.497231978094	0.345020536937	0.0276206917078	0.130126793261
-teu	0.0953414149376	0.0910641823404	0.0254955528775	0.788098849844
-ria	0.212811966897	0.666152943155	0.0477179349001	0.0733171550472
-rin	0.21949614752	0.566849623409	0.0902952125357	0.123359016535
-rio	0.0691664536171	0.431196927491	0.417728976451	0.0819076424413
-ril	0.0	0.81679389313	0.18320610687	0.0
-uti	0.507771122632	0.2435537927	0.107256202164	0.141418882504
-uto	0.10849327997	0.0644144153698	0.0109892455956	0.816103059064
-eru	0.400214414836	0.317558256017	0.185297757198	0.0969295719496
-tea	0.597100831379	0.307244095349	0.0715499948073	0.0241050784645
-rit	0.0542691751085	0.815484804631	0.082489146165	0.0477568740955
-ris	0.0101856274328	0.962273110813	0.0220583153101	0.00548294644418
-utu	0.281837401376	0.519739633588	0.0446007885465	0.153822176489
-sia	0.330211772627	0.54016945135	0.0301290335873	0.0994897424351
-ten	0.192926045016	0.75884244373	0.0192926045016	0.0289389067524
-teo	0.0170454545454	0.84375	0.0113636363636	0.127840909091
-are	0.236665864329	0.568224616648	0.0815552125957	0.113554306427
-ara	0.376186504542	0.319675155608	0.0574069488613	0.246731390989
-mes	0.0605612998523	0.895125553914	0.0354505169867	0.00886262924667
-eri	0.506790963784	0.37802927172	0.0895842612749	0.0255955032214
-aro	0.114023072073	0.335683896498	0.0127107120724	0.537582319356
-ari	0.219453204788	0.416356026407	0.118822818102	0.245367950703
-ark	0.0905141202027	0.909485879797	0.0	0.0
-mee	0.0523654137782	0.947634586222	0.0	0.0
-aru	0.410151941307	0.425930525792	0.0840523270758	0.0798652058253
-luk	0.0342052313883	0.941649899396	0.0	0.0241448692153
-mea	0.352500515963	0.528363104258	0.066641379819	0.0524949999597
-luo	0.228494877262	0.565463499311	0.13471952301	0.071322100417
-lua	0.0956701057693	0.557209086767	0.0485757816833	0.298545025781
-men	0.200290523856	0.224416131649	0.0169076416242	0.558385702871
-mei	0.384966684675	0.340677831803	0.0586205654601	0.215734918062
-lue	0.389314906885	0.469726247519	0.0287671113461	0.11219173425
-mek	0.0	1.0	0.0	0.0
-rai	0.0	1.0	0.0	0.0
-vua	0.247989347479	0.346658060131	0.0365052087932	0.368847383597
-vuo	0.158837806967	0.785122786979	0.0367647058823	0.0192747001713
-kua	0.512838801712	0.192582025678	0.0998573466476	0.194721825963
-ubu	0.231581809815	0.617077354307	0.0724804417855	0.0788603940928
-ubi	0.307749589481	0.452825265087	0.0283863083797	0.211038837052
-uba	0.479093148819	0.233001109168	0.25641605148	0.0314896905327
-ili	0.409247994674	0.317472526844	0.0460197369791	0.227259741504
-ube	0.610179565789	0.168256897954	0.119971219421	0.101592316837
-umu	0.283167332054	0.444746363491	0.106338297023	0.165748007432
-ota	0.268380952381	0.695428571428	0.0281904761905	0.008
-oti	0.449520520141	0.25613877637	0.151537131507	0.142803571981
-oto	0.546618970337	0.260806858917	0.0841226917473	0.108451478998
-ume	0.0930995053556	0.106208489594	0.0306359975044	0.770056007546
-uma	0.0815302852613	0.817051361419	0.0084889902079	0.0929293631121
-otu	0.102252530878	0.818699107713	0.0411755269986	0.0378728344104
-umi	0.0234375	0.859375	0.0234375	0.09375
-ako	0.234468937876	0.61122244489	0.130260521042	0.0240480961924
-kia	0.0764678533073	0.386907740836	0.506262169985	0.030362235872
-nai	0.0563186813186	0.90418956044	0.00858516483516	0.0309065934066
-nan	0.0549862534366	0.798800299925	0.13871532117	0.00749812546863
-aki	0.569306930693	0.34900990099	0.0742574257425	0.00742574257426
-nam	0.0	1.0	0.0	0.0
-sis	0.0	1.0	0.0	0.0
-sip	0.0212993883188	0.970451463336	0.00165855892646	0.0065905894183
-kio	0.782608695652	0.115089514067	0.0	0.102301790281
-kim	0.0	1.0	0.0	0.0
-nae	0.0425531914894	0.914893617021	0.0425531914894	0.0
-kis	0.0504201680672	0.844537815126	0.0819327731093	0.0231092436975
-sio	0.408333333333	0.354166666667	0.1125	0.125
-sin	0.230881276363	0.692158298183	0.0686919499922	0.00826847546202
-kiu	0.010752688172	0.989247311828	0.0	0.0
-nas	0.0234159779614	0.940312213039	0.0156106519743	0.0206611570248
-aku	0.0300832253595	0.0325789439301	0.00896037883064	0.92837745188
-igi	0.34852269242	0.205852964838	0.209107676469	0.236516666273
-sie	0.52688172043	0.27688172043	0.0645161290323	0.131720430107
-nau	0.669059500792	0.28186711971	0.0224114646526	0.0266619148453
-mou	0.583748609028	0.293120131598	0.0619284919445	0.0612027674295
-mos	0.0220588235294	0.889705882353	0.0165441176471	0.0716911764706
-gon	0.0	1.0	0.0	0.0
-goa	0.619454242835	0.202634904564	0.0469963860617	0.130914466539
-igo	0.553351893255	0.161072144839	0.068082306449	0.217493655457
-gog	0.047619047619	0.920634920635	0.031746031746	0.0
-moe	0.0	0.606557377049	0.393442622951	0.0
-moa	0.121341469028	0.332621920348	0.515701243368	0.0303353672569
-mon	0.0168467422557	0.972753154703	0.0036329127063	0.00676719033526
-eor	0.0	1.0	0.0	0.0
-bet	0.0278343516632	0.947725729803	0.0081466395112	0.0162932790224
-beu	0.646693791665	0.108988802403	0.0171300261939	0.227187379738
-bek	0.0	0.644444444445	0.0	0.355555555555
-bel	0.0643298969072	0.91587628866	0.0	0.019793814433
-bea	0.487776399329	0.338247099175	0.110681359313	0.063295142183
-bed	0.224137931034	0.775862068966	0.0	0.0
-iso	0.0680429258458	0.869164374068	0.047042022807	0.0157506772791
-upu	0.431910270376	0.354878126099	0.0634931613439	0.149718442181
-uga	0.295936569489	0.369835323272	0.13354800935	0.200680097889
-isi	0.210589470051	0.382440398672	0.205731085913	0.201239045364
-rea	0.353523899741	0.438340534932	0.106318073169	0.101817492158
-red	0.0	1.0	0.0	0.0
-eve	0.2848669717	0.471953906118	0.166920860871	0.0762582613117
-eva	0.0845657626934	0.915434237307	0.0	0.0
-res	0.0504908835904	0.925666199158	0.015427769986	0.00841514726508
-isu	0.388310766866	0.398983030805	0.172056997576	0.0406492047537
-ist	0.0259097588153	0.875376817432	0.0130556752604	0.0856577484925
-evi	0.125566319201	0.829128144683	0.0287303399757	0.0165751961398
-ret	0.0313465977473	0.947165490575	0.0148886279416	0.00659928373628
-reu	0.0	1.0	0.0	0.0
-avi	0.124954158331	0.552063697651	0.0553711189059	0.267611025112
-hab	0.0	0.966216216216	0.0337837837838	0.0
-hae	0.419058553387	0.532721010333	0.0482204362801	0.0
-avo	0.2096069869	0.633187772926	0.157205240175	0.0
-ava	0.219897921201	0.333637330433	0.124368170709	0.322096577657
-mas	0.0361717389077	0.927144174608	0.00676298801107	0.0299210984732
-mar	0.0	1.0	0.0	0.0
-ham	0.0437180107645	0.929466027249	0.0208397495124	0.00597621247451
-mai	0.155118543554	0.0475193510648	0.013582403651	0.78377970173
-has	0.0	1.0	0.0	0.0
-mao	0.366069016508	0.544354552047	0.0	0.0895764314456
-man	0.0797259221311	0.822617827869	0.0592341188525	0.0384221311475
-mae	0.378366390683	0.474695205168	0.106530343008	0.0404080611409
-avu	0.219444563267	0.156060739264	0.0381701361751	0.586324561294
-ung	0.703862660944	0.115879828326	0.0515021459227	0.128755364807
-pta	0.0	1.0	0.0	0.0
-pto	0.0277897690481	0.887761709476	0.0790524498165	0.00539607165984
-nki	0.0366972477064	0.960800667223	0.0	0.00250208507089
-gae	0.126126126126	0.873873873874	0.0	0.0
-ade	0.173410404624	0.705202312139	0.0346820809249	0.0867052023121
-tra	0.0	1.0	0.0	0.0
-oue	0.377449191534	0.261218145172	0.0783296316645	0.283003031629
-eon	0.0357142857143	0.964285714286	0.0	0.0
-gao	0.377677564825	0.385569334836	0.0574971815107	0.179255918827
-gai	0.03	0.824285714286	0.0728571428571	0.0728571428571
-gau	0.491638795987	0.377926421405	0.0200668896321	0.110367892977
-gas	0.0123966942149	0.962809917355	0.0247933884298	0.0
-gar	0.286202048604	0.572203253665	0.123518778871	0.0180759188592
-hia	0.727505025819	0.0790124690816	0.0155127633475	0.177969741752
-ana	0.0382608695652	0.948695652174	0.0	0.0130434782609
-seo	0.0179715798272	0.979242128727	0.000975202006129	0.00181108943995
-ini	0.00651465798045	0.984799131379	0.0086862106406	0.0
-sem	0.0	1.0	0.0	0.0
-sel	0.129704510109	0.787247278383	0.0335925349922	0.0494556765164
-sek	0.0	1.0	0.0	0.0
-ina	0.0317753317786	0.850618703924	0.061130276957	0.0564756873408
-sea	0.387107223842	0.5563506788	0.0332773802162	0.0232647171423
-ing	0.12676056338	0.784037558685	0.0892018779343	0.0
-uia	0.115321252059	0.790444810544	0.0774299835255	0.0168039538715
-oho	0.479768316778	0.337997672341	0.129915825371	0.052318185509
-ses	0.0394182547643	0.941153460381	0.0077331995988	0.0116950852558
-ser	0.0	1.0	0.0	0.0
-sep	0.03482562075	0.954291372766	0.00234403216586	0.0085389743185
-iae	0.451733113271	0.300171594745	0.091175490752	0.156919801232
-ede	0.180515759312	0.561604584527	0.111747851003	0.146131805158
-iam	0.0104275286757	0.977059436913	0.00625651720544	0.00625651720544
-iao	0.565456079763	0.278073400385	0.0545378431318	0.101932676721
-ian	0.0208333333333	0.854166666667	0.125	0.0
-nes	0.0242178407613	0.94903128637	0.00996953515437	0.0167813377148
-iau	0.405019352185	0.263359947642	0.0708735191011	0.260747181072
-kue	0.323834378024	0.0778506475075	0.0170439146329	0.581271059835
-ias	0.0359982256799	0.929140933338	0.0175157243435	0.0173451166388
-kuo	0.328	0.568	0.064	0.04
-bao	0.441149212234	0.182576459685	0.350324374421	0.0259499536608
-eka	0.223382071884	0.517806194285	0.215400664523	0.0434110693074
-hoa	0.429383593932	0.267397065565	0.146295516861	0.156923823641
-eke	0.379083806818	0.243963068182	0.163707386364	0.213245738636
-bai	0.493506493506	0.285714285714	0.0	0.220779220779
-eki	0.444987775061	0.447432762836	0.0880195599022	0.0195599022005
-hoi	0.0645646775528	0.76973436677	0.113326811649	0.0523741440289
-eko	0.115489130435	0.876358695652	0.00271739130435	0.0054347826087
-baa	0.127088369888	0.414792257231	0.145565944846	0.312553428035
-hor	0.0	1.0	0.0	0.0
-hos	0.0262063227954	0.918053244592	0.0282861896839	0.0274542429285
-rei	0.572307692308	0.126153846154	0.0369230769231	0.264615384615
-hou	0.128883774453	0.796317606444	0.0747986191024	0.0
-bau	0.516285245646	0.440170272592	0.0189408732328	0.0246036085293
-bas	0.0265308688545	0.94895008173	0.00528102602791	0.0192380233874
-ase	0.0983280254777	0.80851910828	0.077627388535	0.015525477707
-asa	0.058914415229	0.38509075714	0.0657327569443	0.490262070687
-ovi	0.716730970788	0.172931473164	0.020301671215	0.0900358848332
-asi	0.234763507968	0.399427139382	0.198106203319	0.167703149331
-usu	0.130825334732	0.152343282623	0.616162736951	0.100668645693
-lta	0.251485148515	0.70099009901	0.0237623762376	0.0237623762376
-ove	0.116098687426	0.543609613736	0.0129982362066	0.327293462631
-ogo	0.206049180274	0.690709742906	0.0671902760982	0.0360508007225
-rau	0.37037037037	0.37037037037	0.111111111111	0.148148148148
-ras	0.0769849981705	0.869081595317	0.0305159165752	0.0234174899378
-ran	0.0961538461538	0.903846153846	0.0	0.0
-rao	0.265400152729	0.599107363078	0.0888714143632	0.0466210698299
-ral	0.0621761658031	0.699481865285	0.238341968912	0.0
-ram	0.0	0.965573106521	0.0	0.0344268934791
-rak	0.0387931034482	0.915948275862	0.0387931034483	0.00646551724138
-ero	0.0	1.0	0.0	0.0
-era	0.167358063604	0.633333252547	0.0157063175861	0.183602366263
-rae	0.685185185185	0.277777777778	0.0	0.037037037037
-rab	0.0381355932203	0.864406779661	0.0338983050847	0.0635593220339
-ere	0.152761144935	0.211139145108	0.0403728167218	0.595726893235
-boa	0.342957668461	0.158496460047	0.0281466233057	0.470399248186
-ugu	0.502214437479	0.287952166792	0.0640126544589	0.14582074127
-pos	0.0169491525424	0.983050847458	0.0	0.0
-pou	0.430855031178	0.0714779518216	0.0193001736913	0.478366843309
-pol	0.0262065020339	0.94165867909	0.00493602147875	0.0271987973973
-poa	0.301237964236	0.595598349381	0.0866574965611	0.0165061898212
-lae	0.292772450106	0.485777860205	0.0446390703314	0.176810619357
-oua	0.169747615815	0.0783272288567	0.0202052568121	0.731719898517
-ika	0.0282384580905	0.94621246078	0.00941281936352	0.016136261766
-iko	0.00796248783508	0.982747943024	0.00928956914093	0.0
-lam	0.0466315951464	0.929067432735	0.0157627927256	0.00853817939301
-lao	0.492207479192	0.25150980025	0.0338063214917	0.222476399066
-ouo	0.448443274669	0.329192800984	0.0650199545643	0.157343969783
-lai	0.436226887177	0.400892066188	0.0911228688203	0.0717581778148
-iki	0.124839191601	0.745632236378	0.0675395277421	0.0619890442794
-lak	0.106795400943	0.893204599057	0.0	0.0
-lat	0.0248377494754	0.916371443908	0.0368906455863	0.0219001610306
-lau	0.263184504492	0.486091744487	0.0784079651432	0.172315785878
-aao	0.186335403727	0.385093167702	0.428571428571	0.0
-nok	0.0912547528517	0.908745247148	0.0	0.0
-iks	0.0157068062827	0.764397905759	0.125654450262	0.0942408376963
-non	0.0	1.0	0.0	0.0
-las	0.063576078972	0.892470088652	0.0257051430412	0.0182486893346
-noa	0.0	1.0	0.0	0.0
-boe	0.200090950432	0.283310595725	0.481127785357	0.0354706684856
-dot	0.0357142857143	0.928571428571	0.0357142857143	0.0
-ahi	0.728516505302	0.113289359958	0.024022982744	0.134171151995
-geo	0.24	0.73	0.03	0.0
-aho	0.189659095866	0.316836938965	0.164344708331	0.329159256838
-gea	0.609090063423	0.154267063807	0.0707378878607	0.165904984909
-aha	0.414665757566	0.514281165304	0.0313663376459	0.0396867394833
-boi	0.211764705882	0.317647058823	0.435294117647	0.0352941176471
-ahe	0.0195728955459	0.873863562038	0.106563542416	0.0
-bou	0.129456939111	0.165112452002	0.593527153044	0.111903455842
-don	0.0	0.998397435897	0.0	0.00160256410256
-dom	0.0161562555834	0.983843744417	0.0	0.0
-dok	0.0	1.0	0.0	0.0
-get	0.0	1.0	0.0	0.0
-sas	0.057261208577	0.914961013645	0.0204678362573	0.00730994152047
-vou	0.323313609467	0.235976331361	0.379644970414	0.0610650887574
-sau	0.537705361115	0.288124610044	0.0684507525584	0.105719276282
-toa	0.470485915205	0.398339872069	0.0510766846016	0.0800975281251
-ibu	0.161290322581	0.564516129032	0.0322580645161	0.241935483871
-tol	0.0269662921348	0.725842696629	0.247191011236	0.0
-olu	0.24305045715	0.461725557212	0.100347900069	0.194876085569
-toi	0.548052420133	0.237523886766	0.0405346285397	0.173889064562
-oli	0.242364291738	0.0526866793569	0.021286032405	0.6836629965
-ibo	0.469512195122	0.493902439024	0.0365853658537	0.0
-ibi	0.251267865376	0.287750315714	0.134203299457	0.326778519454
-sae	0.536940236067	0.222906054767	0.0613289250302	0.178824784136
-olo	0.429144352267	0.338382707678	0.103312504734	0.129160435322
-sak	0.0438912545038	0.936783491648	0.0104814936128	0.00884376023583
-ola	0.281943811674	0.336132929363	0.0801828762687	0.301740382695
-sao	0.251583710407	0.447058823529	0.249773755656	0.0515837104072
-ole	0.275848691814	0.501465313078	0.0661557929599	0.156530202147
-sam	0.0	1.0	0.0	0.0
-lon	0.0297311195299	0.81700858504	0.0258153135431	0.127444981887
-rou	0.486461424332	0.396142433234	0.0428412462908	0.0745548961424
-iel	0.0685606949989	0.922517022775	0.00281756280818	0.00610471941772
-loi	0.200821896565	0.688144529736	0.0581530588509	0.0528805148484
-loe	0.373103243082	0.517405534067	0.0178518298126	0.0916393930377
-loa	0.712050897108	0.139469800882	0.0349258288991	0.113553473111
-rod	0.0410229705491	0.902216050454	0.0451310536366	0.0116299253602
-roa	0.252110003165	0.160910293191	0.0431243227058	0.543855380938
-hai	0.34	0.16	0.26	0.24
-oki	0.0686342753724	0.619935959905	0.0662675762216	0.245162188501
-lot	0.118683901293	0.768507638073	0.112808460634	0.0
-ahu	0.185626024444	0.267628214885	0.275910355619	0.270835405052
-los	0.0581039755352	0.914651098137	0.0	0.0272449263275
-ipi	0.208376217243	0.734951046367	0.0296888607394	0.0269838756499
-ipa	0.186112090236	0.783221713077	0.0211491011632	0.00951709552344
-ave	0.382630469173	0.0724264337469	0.00782171438731	0.537121382693
-imi	0.324825986079	0.480278422274	0.0556844547564	0.139211136891
-ipu	0.351160804074	0.446090463781	0.167064955287	0.0356837768575
-sat	0.0	1.0	0.0	0.0
-mpa	0.0	1.0	0.0	0.0
-tio	0.102221637092	0.0745361362994	0.0153081532864	0.807934073323
-voa	0.328318288198	0.278335005015	0.188621419815	0.204725286972
-tou	0.0632627207651	0.0767635002371	0.0230253553967	0.836948423601
-isa	0.0472757961385	0.265207545908	0.0294417289647	0.658074928989
-mue	0.367346938776	0.632653061224	0.0	0.0
-lei	0.563794983642	0.263904034896	0.0458015267175	0.126499454744
-lek	0.0	1.0	0.0	0.0
-ois	0.178571428571	0.803571428571	0.0178571428571	0.0
-lem	0.0196931601277	0.965457490655	0.0089369856723	0.00591236354506
-leo	0.481879194631	0.153020134228	0.120805369127	0.244295302013
-mum	0.0	1.0	0.0	0.0
-iob	0.195439739414	0.739413680782	0.0	0.0651465798046
-ioa	0.392	0.336	0.272	0.0
-ioe	0.100371747212	0.475836431227	0.0446096654275	0.379182156134
-oie	0.30238113069	0.149834233328	0.0685892383105	0.479195397672
-oia	0.551546200431	0.262690941316	0.0881171978551	0.0976456603983
-ios	0.0	0.983606557377	0.0163934426229	0.0
-obe	0.366497473734	0.361936241591	0.203191408953	0.0683748757217
-let	0.0562422744128	0.857231149567	0.0383189122374	0.0482076637824
-iot	0.0088691796009	0.986696230599	0.0	0.00443458980044
-old	0.0240963855422	0.873995983936	0.101907630522	0.0
-giu	0.904761904762	0.047619047619	0.047619047619	0.0
-alu	0.193934473381	0.709178067813	0.0451394407095	0.0517480180958
-iba	0.052354797242	0.90966460208	0.0186981418722	0.0192824588057
-gio	0.572519083969	0.198473282443	0.0763358778626	0.152671755725
-alo	0.0535451049069	0.677028437041	0.0254385957381	0.243987862314
-ali	0.433084782538	0.444047616344	0.0456290519662	0.0772385491522
-nda	0.0	1.0	0.0	0.0
-gie	0.507462686567	0.149253731343	0.208955223881	0.134328358209
-ale	0.218942585336	0.161451060101	0.0233629811024	0.59624337346
-gia	0.598835304051	0.234442769517	0.072562176875	0.0941597495575
-ala	0.23554402519	0.276332603098	0.0433845099146	0.444738861798
-ait	0.0	0.944055944056	0.0559440559441	0.0
-uva	0.190447919375	0.262059084731	0.0216379060787	0.525855089815
-loo	0.494736842105	0.41052631579	0.0315789473684	0.0631578947369
-uvo	0.0336134453781	0.949579831933	0.0168067226891	0.0
-uvi	0.762233808975	0.123740069666	0.0258247518767	0.0882013694824
-uvu	0.327169899118	0.283152486462	0.0520419348558	0.337635679564
-lok	0.0	1.0	0.0	0.0
-pea	0.60172235546	0.348685142716	0.0231431675177	0.0264493343059
-pen	0.173724765968	0.765331465325	0.0399286760492	0.0210150926575
-ien	0.0	1.0	0.0	0.0
-ogu	0.251438116046	0.451484407019	0.0777069162251	0.219370560711
-pei	0.0281690140845	0.802816901408	0.169014084507	0.0
-elu	0.344355133358	0.619412982584	0.0264888564121	0.00974302764585
-ogi	0.433179723502	0.520737327189	0.0	0.0460829493088
-eli	0.272930692653	0.384846174804	0.298071620255	0.0441515122882
-elo	0.0181375983223	0.958747900216	0.00911927485221	0.013995226609
-per	0.0593220338983	0.889830508475	0.0508474576271	0.0
-oga	0.65296789732	0.185380527016	0.0652419133562	0.096409662307
-ela	0.189421424047	0.426151718601	0.185072371769	0.199354485582
-oge	0.427711332946	0.144062869846	0.0433811940026	0.384844603206
-ele	0.167479108022	0.0996858286137	0.077310478433	0.655524584931
-abu	0.308650895224	0.534603732651	0.0413435343028	0.115401837822
-itu	0.0468664478839	0.499814451018	0.0764520854388	0.376867015659
-esu	0.0535331905781	0.854389721627	0.00642398286936	0.0856531049251
-ito	0.231225404888	0.276251117069	0.161724127118	0.330799350924
-esi	0.634600477876	0.319673637693	0.0060893260986	0.0396365583321
-rie	0.423197492163	0.382445141066	0.0940438871473	0.100313479624
-eso	0.16478827886	0.761149573338	0.0595717275801	0.0144904202222
-iti	0.430255557669	0.210332091528	0.126039691116	0.233372659687
-esa	0.12419054634	0.652073316749	0.198697720311	0.0250384166008
-ite	0.178671431585	0.0485712526933	0.0101575448864	0.762599770835
-ese	0.132009765884	0.404962431629	0.430380225978	0.0326475765089
-ita	0.0227766377882	0.961771696787	0.00201313126675	0.0134385341579
-bru	0.02795145274	0.93012136815	0.04192717911	0.0
-ute	0.589171974522	0.248407643312	0.105095541401	0.0573248407643
-666	0.0322580645161	0.0322580645161	0.0	0.935483870968
-uda	0.0358309003031	0.81542968196	0.11432035255	0.0344190651869
-ude	0.0	1.0	0.0	0.0
-hum	0.0	1.0	0.0	0.0
-rim	0.0	1.0	0.0	0.0
-hua	0.45605920444	0.328399629972	0.132284921369	0.0832562442183
-rik	0.0550221297797	0.515394103563	0.412121798438	0.0174619682202
-abe	0.116009280742	0.675174013921	0.208816705336	0.0
-gad	0.0	1.0	0.0	0.0
-aba	0.222287336053	0.265750113097	0.425151239802	0.0868113110482
-rom	0.143343157814	0.627511094339	0.18139590429	0.0477498435567
-ron	0.00833912439196	0.983321751216	0.00833912439193	0.0
-kem	0.0	1.0	0.0	0.0
-aea	0.338653017429	0.452126793793	0.130319354874	0.0789008339035
-tua	0.474542437864	0.351411114578	0.129951222394	0.0440952251637
-lou	0.0752233667313	0.220208395458	0.132315263002	0.572252974809
-koa	0.374469039988	0.227051420955	0.0886368890843	0.309842649972
-tue	0.357142857143	0.278571428571	0.214285714286	0.15
-kob	0.00374046899727	0.985901309164	0.0039322879202	0.00642593391837
-tui	0.0629921259842	0.842519685039	0.0944881889764	0.0
-kon	0.0505415162455	0.920577617329	0.0216606498195	0.0072202166065
-ael	0.0445806568352	0.915667692029	0.0161720799783	0.0235795711571
-sos	0.514851485149	0.475247524752	0.0	0.00990099009901
-aen	0.0367897801794	0.94838938146	0.00616441949531	0.00865641886574
-kou	0.300723616201	0.661685931773	0.0375904520252	0.0
-sol	0.0802825947335	0.894849871548	0.0030105973025	0.0218569364162
-aes	0.462686567164	0.44776119403	0.0298507462686	0.0597014925373
-ori	0.0441505160734	0.893869057022	0.0365411896826	0.0254392372217
-oro	0.434083753222	0.445277830509	0.063814599741	0.0568238165285
-kos	0.00966183574879	0.980676328502	0.00966183574879	0.0
-kta	0.0300250208507	0.799833194329	0.170141784821	0.0
-vai	0.207783823665	0.752005902426	0.023609702112	0.0166005717975
-soa	0.357641402973	0.318106951593	0.0690054989139	0.25524614652
-vao	0.0627177700348	0.637630662021	0.0278745644599	0.271777003484
-ore	0.322027704436	0.530912977205	0.126664230411	0.0203950879476
-liu	0.541855776377	0.286445405594	0.102682179845	0.0690166381836
-liv	0.0	0.602649006622	0.377483443709	0.0198675496689
-lip	0.00931061806656	0.987717908082	0.00118858954041	0.00178288431062
-omu	0.326172365003	0.52574251732	0.066239641663	0.0818454760142
-lis	0.068826747888	0.879325790047	0.0	0.0518474620654
-lil	0.0	1.0	0.0	0.0
-lim	0.0	0.964285714286	0.0357142857143	0.0
-omi	0.0250236264951	0.144262106442	0.0563149622894	0.774399304774
-lio	0.282292783215	0.640109648737	0.049289216117	0.0283083519303
-omo	0.393036232112	0.382138333176	0.146708122651	0.0781173120609
-ruo	0.375016543214	0.446912144144	0.0574423589168	0.120628953725
-lie	0.505295827095	0.23289158014	0.0374017989664	0.224410793798
-oma	0.200170336414	0.513781384902	0.043597215612	0.242451063072
-rua	0.169537028807	0.203383238644	0.0442614541799	0.582818278369
-lia	0.375557737908	0.205301977485	0.112216727987	0.30692355662
-ome	0.423694116952	0.339165312174	0.0857063705176	0.151434200356
-rue	0.462674323216	0.414273995078	0.0442986054142	0.078753076292
-eas	0.0925050641459	0.907494935854	0.0	0.0
-ear	0.0	0.827898550725	0.172101449275	0.0
-eau	0.101626090981	0.026029582357	0.00340548146607	0.868938845196
-eat	0.0	1.0	0.0	0.0
-144	0.00704225352111	0.0739436619718	0.0	0.919014084507
-abi	0.666217445972	0.153635055991	0.0421432513126	0.138004246724
-oda	0.091726618705	0.875899280576	0.0107913669065	0.0215827338129
-rna	0.0	1.0	0.0	0.0
-eao	0.455483567838	0.227658298014	0.190907025824	0.125951108324
-odo	0.35676625659	0.363796133568	0.126537785589	0.152899824253
-eho	0.283310259579	0.254349269524	0.170259000555	0.292081470343
-uro	0.105263157895	0.842105263158	0.0	0.0526315789474
-ura	0.263862008677	0.437843465555	0.130392412837	0.16790211293
-ure	0.256178707224	0.344581749049	0.290815114069	0.108424429658
-ion	0.0685230685231	0.821184821185	0.0652470652471	0.045045045045
-ehu	0.141011235955	0.243820224719	0.586235955056	0.0289325842697
-uru	0.105651493292	0.665578757253	0.106231957478	0.122537791977
-pai	0.293653118373	0.469777033123	0.116545009315	0.12002483919
-apa	0.382901697593	0.408144284755	0.10124121069	0.107712806962
-pan	0.127659574468	0.829787234043	0.0425531914894	0.0
-paa	0.820125479686	0.0655418164098	0.0232685630749	0.0910641408296
-api	0.668004459309	0.268227424749	0.0169453734671	0.0468227424749
-dua	0.535714285714	0.171428571429	0.142857142857	0.15
-apu	0.576072204306	0.252844704656	0.0673839828775	0.103699108161
-pas	0.0398580398581	0.908954408954	0.0397215397215	0.011466011466
-pat	0.0318155524337	0.948299727295	0.0198847202711	0.0
-nil	0.0225988700565	0.969868173258	0.0075329566855	0.0
-vau	0.195652173913	0.782608695652	0.0217391304348	0.0
-lus	0.0132743362832	0.986725663717	0.0	0.0
-kea	0.172434600094	0.10468604292	0.689836561586	0.0330427954003
-sen	0.132739420935	0.776391982183	0.0908685968819	0.0
-suu	0.649056603774	0.260377358491	0.011320754717	0.0792452830189
-kel	0.304800893189	0.648306661705	0.0351693338296	0.0117231112765
-sus	0.00986685296471	0.739505402946	0.00364315903908	0.24698458505
-kei	0.392045454545	0.603084415584	0.00487012987013	0.0
-luu	0.467966573816	0.0974930362117	0.25069637883	0.183844011142
-ket	0.248275862069	0.713793103448	0.0310344827586	0.00689655172413
-kes	0.0329052969502	0.961878009631	0.00341091492777	0.00180577849118
-oru	0.759176197074	0.175539534556	0.0258319047507	0.0394523636193
-nus	0.353846153846	0.415384615385	0.0769230769231	0.153846153846
-sua	0.216050472073	0.559825288979	0.17779934704	0.0463248919086
-dia	0.0596068484464	0.893864933418	0.0284559289791	0.0180722891566
-sor	0.0	1.0	0.0	0.0
-vaa	0.0207852496853	0.0981168694922	0.0798625681914	0.801235312631
-dis	0.0782937365011	0.852411807055	0.0692944564435	0.0
-rew	0.00736377025037	0.99263622975	0.0	0.0
-tuu	0.323950617284	0.241975308642	0.434074074074	0.0
-ska	0.0	1.0	0.0	0.0
-ovo	0.206936573978	0.554300285692	0.147454460241	0.0913086800883
-uku	0.487824489176	0.261373103598	0.146118865517	0.10468354171
-vea	0.346772340914	0.58339076499	0.0372157133012	0.0326211807949
-ven	0.125837676843	0.785802928766	0.0635393397866	0.0248200546041
-ihi	0.382642998028	0.351084812623	0.254437869822	0.0118343195266
-vei	0.746616068213	0.0828329931375	0.0115925413983	0.158958397251
-igu	0.235875050591	0.524890871632	0.157606744579	0.0816273331977
-uka	0.0874374722536	0.105325375721	0.0231085091948	0.784128642831
-uke	0.166816143498	0.696860986547	0.136322869955	0.0
-mel	0.0660598525042	0.760533034672	0.140377186572	0.0330299262521
-ant	0.0	1.0	0.0	0.0
-ovu	0.405624219849	0.190868386499	0.240404255151	0.163103138502
-uko	0.306403065147	0.272073924134	0.351383971168	0.0701390395507
-tiu	0.0618556701031	0.922680412371	0.0154639175258	0.0
-ora	0.182014616208	0.292738993546	0.405899701489	0.119346688757
-ais	0.0107719928187	0.956912028725	0.032315978456	0.0
-tis	0.0248275862069	0.868965517241	0.106206896552	0.0
-aie	0.457020310798	0.0473610692022	0.00438887777448	0.491229742226
-tie	0.255510403863	0.450848134153	0.0853101639305	0.208331298053
-aia	0.211052862484	0.538668217312	0.0443695549483	0.205909365255
-tia	0.558632829408	0.258319381998	0.0573578760199	0.125689912575
-aim	0.0384615384615	0.923076923077	0.0384615384615	0.0
-aio	0.0918008757259	0.831563715633	0.0214985060042	0.0551369026366
-ain	0.0090909090909	0.959090909091	0.00454545454545	0.0272727272727
-eme	0.115922302652	0.0674989297659	0.0124810372274	0.804097730355
-ema	0.133333333333	0.833333333333	0.0333333333333	0.0
-ova	0.311400733899	0.192312046724	0.0256731287919	0.470614090585
-emo	0.0	0.940789473684	0.0	0.0592105263158
-emi	0.544303797468	0.278481012658	0.0759493670886	0.101265822785
-emu	0.21789165379	0.402089435207	0.0925947279814	0.287424183022
-set	0.0454545454545	0.954545454545	0.0	0.0
-son	0.012543554007	0.979094076655	0.00836236933799	0.0
-egu	0.224833376612	0.5042413226	0.13113477019	0.139790530598
-ane	0.0	1.0	0.0	0.0
-ame	0.556764541061	0.242804874518	0.0906820509559	0.109748533465
-000	0.0423185432162	0.117356098633	0.0	0.840325358151
-eta	0.185786978143	0.785069966462	0.0145715276975	0.0145715276975
-rut	0.0	1.0	0.0	0.0
-ete	0.0323667851081	0.760356997478	0.0120494904469	0.195226726967
-eti	0.499936618169	0.189763306757	0.101990913958	0.208309161115
-eto	0.457836567084	0.475162959684	0.0382859847039	0.028714488528
-buk	0.288171627788	0.616892468849	0.053024534572	0.0419113687909
-atu	0.122212538785	0.742870713291	0.0235508752824	0.111365872641
-bul	0.0627674750357	0.937232524964	0.0	0.0
-nos	0.0	1.0	0.0	0.0
-bua	0.521130888936	0.256901513537	0.0679492645491	0.154018332978
-lin	0.0	1.0	0.0	0.0
-kau	0.243860604411	0.679063435883	0.0231418459026	0.0539341138034
-bue	0.36	0.26	0.3	0.08
-ate	0.405444578649	0.285589519651	0.123720152374	0.185245749326
-ata	0.208586296836	0.295782734339	0.122390998529	0.373239970296
-ato	0.19259096605	0.0700953482651	0.0138728764902	0.723440809194
-buu	0.324007405884	0.299526846328	0.160460810533	0.216004937256
-ose	0.0458515283843	0.954148471616	0.0	0.0
-san	0.0925266903914	0.864768683274	0.0	0.0427046263345
-kai	0.524114427347	0.231126716926	0.0713879995869	0.17337085614
-edi	0.0414896769733	0.922453818038	0.0271658599229	0.0088906450657
-osa	0.260671164663	0.454873138838	0.120368296117	0.164087400383
-ulo	0.367803823601	0.431203583843	0.068548656215	0.132443936341
-kam	0.0281690140845	0.915492957746	0.0	0.056338028169
-oso	0.0684738571751	0.900923301629	0.00973726765314	0.0208655735424
-ula	0.102435227665	0.402434646455	0.0568330151256	0.438297110754
-osi	0.125038497074	0.772405297197	0.075659583205	0.0268966225233
-kae	0.779901693064	0.164391043146	0.0	0.0557072637903
-ule	0.162237905768	0.670802590091	0.0674028322966	0.099556671844
-osu	0.29901794785	0.673044361666	0.0101591601761	0.0177785303081
-nia	0.0294537861303	0.935597318387	0.0323112429937	0.00263765248928
-kas	0.0527652921634	0.923978893883	0.00390854016025	0.0193472737932
-kar	0.0	1.0	0.0	0.0
-kap	0.00737553779965	0.99078057775	0.0	0.00184388444991
-mua	0.459829584528	0.36365138909	0.0766485940871	0.0998704322957
-ulu	0.162580125496	0.632875511958	0.0736436131637	0.130900749383
-aoa	0.492652745553	0.210363495746	0.0402165506574	0.256767208043
-vik	0.3	0.7	0.0	0.0
-ilu	0.226385636222	0.72443403591	0.0210772833723	0.0281030444965
-vio	0.734513274336	0.212389380531	0.0265486725664	0.0265486725664
-via	0.820020711097	0.0715345358833	0.025467536404	0.0829772166161
-vie	0.135135135135	0.594594594595	0.0	0.27027027027
-ile	0.134974094641	0.606869226782	0.0573110906619	0.200845587916
-ila	0.214417424166	0.602513093973	0.0862285763012	0.096840905559
-ilo	0.499667341289	0.242720565106	0.0314207032951	0.22619139031
-vit	0.047969992047	0.930143804021	0.00570871448931	0.0161774894425
-viu	0.320611929368	0.263650419074	0.35592806575	0.0598095858085
-oao	0.490830636462	0.192017259978	0.0	0.31715210356
-oam	0.0206540447504	0.932874354561	0.0	0.0464716006885
-ebo	0.40022296544	0.372352285396	0.0334448160535	0.19397993311
-oae	0.45918411478	0.138384863279	0.301823266456	0.100607755485
-amu	0.256154978287	0.545547650266	0.0588445807483	0.139452790699
-ebe	0.336880820095	0.518741685578	0.0739494483136	0.070428046013
-ami	0.0557491289199	0.853658536585	0.0557491289199	0.0348432055749
-amo	0.372003791602	0.451761039914	0.171026247248	0.00520892123596
-ama	0.154810799895	0.0946219853511	0.0228598342384	0.727707380515
-oau	0.3387141212	0.243952593155	0.0882209540423	0.329112331603
-ati	0.336510771955	0.257745634003	0.0806643056016	0.325079288441
-oas	0.00938967136149	0.990610328639	0.0	0.0
-lva	0.0150753768844	0.924623115578	0.0603015075377	0.0
-usi	0.401650136501	0.507347418286	0.0687395519327	0.0222628932804
-iro	0.108987393249	0.869459129728	0.00528670191135	0.0162667751118
-uso	0.654814591445	0.262614078811	0.0	0.0825713297443
-iri	0.567558946269	0.194524607908	0.0477460777684	0.190170368054
-eio	0.325517241379	0.252413793103	0.15724137931	0.264827586207
-nis	0.0223048327138	0.977695167286	0.0	0.0
-eia	0.266974550257	0.00742222398969	0.00110710468156	0.724496121072
-ire	0.313432835821	0.481876332623	0.19829424307	0.00639658848614
-usa	0.118604990764	0.351134598843	0.0626750077012	0.467585402692
-eie	0.126733532981	0.137918794384	0.0281656283629	0.707182044272
-ira	0.192908368821	0.116074833643	0.0264317554966	0.664585042039
-uli	0.449504007985	0.260596208514	0.0802353245689	0.209664458932
-guo	0.693039840526	0.169497711767	0.0171828059634	0.120279641744
-iru	0.415652173913	0.313043478261	0.198260869565	0.0730434782608
-gua	0.345155915258	0.429897643418	0.0571292549393	0.167817186384
-gue	0.380878129019	0.463986131747	0.105014961944	0.0501207772913
-epe	0.200731834745	0.542495198961	0.0591983783962	0.197574587897
-epa	0.323644251627	0.439479392625	0.111930585683	0.124945770065
-ges	0.0645161290323	0.870967741935	0.0645161290323	0.0
-kao	0.38056680162	0.595141700405	0.0	0.0242914979757
-ros	0.0	1.0	0.0	0.0
-pia	0.0504973221117	0.865340474369	0.0290742157613	0.0550879877582
-bae	0.142857142857	0.761904761905	0.031746031746	0.063492063492
-ius	0.0230946882217	0.942263279446	0.0346420323325	0.0
-pio	0.37037037037	0.574074074074	0.0185185185185	0.0370370370371
-pis	0.279069767442	0.581395348837	0.0930232558139	0.046511627907
-piu	0.774725274725	0.0989010989011	0.0604395604395	0.065934065934
-iua	0.507454878368	0.405179178656	0.0486528904002	0.0387130525765
-tuo	0.243641911094	0.599441096165	0.0174029936496	0.139513999091
-uel	0.00844119302195	0.924029262802	0.0112549240293	0.0562746201463
-uea	0.496472758845	0.444106794009	0.0312025179075	0.0282179292381
-uri	0.391101581345	0.498070222461	0.021978021978	0.088850174216
-uhu	0.276025936834	0.363290751405	0.0831004145641	0.277582897197
-sda	0.0508474576271	0.949152542373	0.0	0.0
-agu	0.161119717786	0.55907026531	0.0565601885111	0.223249828393
-agi	0.382734321003	0.222571145235	0.285046728972	0.10964780479
-ago	0.639814206322	0.0472326449719	0.00413057056363	0.308822578143
-uhi	0.52472580122	0.353526519023	0.0449882274014	0.0767594523562
-aga	0.310460160743	0.432885945165	0.114110705571	0.142543188522
-min	0.0	1.0	0.0	0.0
-age	0.0588612794282	0.843290479768	0.0765331442253	0.0213150965785
-uha	0.363707659281	0.394728361847	0.191181412816	0.0503825660554
-ege	0.429540435833	0.280879579217	0.230929622118	0.0586503628314
-rta	0.0041914076144	0.914774711841	0.0	0.0810338805449
-ega	0.270676691729	0.18045112782	0.0676691729323	0.481203007519
-ona	0.00740771225153	0.987694966871	0.00246923741718	0.00242808346023
-ego	0.261538461538	0.676923076923	0.0461538461538	0.0153846153846
-oea	0.194605009634	0.579961464355	0.109826589595	0.115606936416
-das	0.0521963898092	0.904475608363	0.00257054724095	0.040757454587
-dam	0.0855812679721	0.854101054361	0.0388538956593	0.0214637820074
-dan	0.0154738878143	0.984526112186	0.0	0.0
-dao	0.161676646707	0.712574850299	0.0359281437125	0.0898203592814
-dai	0.0	1.0	0.0	0.0
-ani	0.0682857408678	0.905974011654	0.00940707839577	0.0163331690828
-ank	0.228349010704	0.471618553357	0.122607849497	0.177424586442
-dab	0.0	1.0	0.0	0.0
-tam	0.0	1.0	0.0	0.0
-tan	0.0872735875972	0.796665483721	0.0952202019357	0.0208407267464
-tao	0.472219393159	0.335262116702	0.0251013630915	0.167417127048
-tai	0.0102723371603	0.0167696721677	0.0489665094832	0.923991481189
-tae	0.249027237354	0.147859922179	0.299610894942	0.303501945525
-taa	0.715020576132	0.264403292181	0.0205761316872	0.0
-rga	0.0	1.0	0.0	0.0
-tat	0.0	1.0	0.0	0.0
-tau	0.307688822877	0.255398614388	0.0617247996169	0.375187763119
-aal	0.0	1.0	0.0	0.0
-tas	0.0963686719449	0.85210085764	0.0376311427306	0.0138993276844
-mia	0.290058714307	0.481106037035	0.0767802479048	0.152055000753
-mie	0.251135894259	0.47872779843	0.0619578686493	0.208178438662
-ent	0.0645161290323	0.935483870968	0.0	0.0
-mio	0.0	0.805182026894	0.129878648737	0.0649393243687
-ens	0.0120578778135	0.983118971061	0.0	0.00482315112542
-mis	0.0086114101184	0.987082884822	0.0	0.00430570505919
-eno	0.130434782609	0.315217391304	0.554347826087	0.0
-ene	0.320512820513	0.679487179487	0.0	0.0
-ena	0.0152027027027	0.97972972973	0.00506756756759	0.0
-oel	0.627551020408	0.25	0.030612244898	0.0918367346939
