-u-u	0.503597122302	0.474820143885	0.0	0.0215827338129
-iok	0.253100468337	0.360243826297	0.12615463854	0.260501066826
--hā	0.201937786843	0.271120176781	0.134285228625	0.392656807751
-phū	0.779769526248	0.189500640205	0.0153649167734	0.0153649167734
-hôe	0.494312651981	0.378734026763	0.0791089725738	0.0478443486824
-sǹg	0.635659391331	0.144563992212	0.0677118557229	0.152064760734
-hôa	0.0616546083675	0.837287462128	0.0699988410788	0.0310590884257
-ioh	0.402287547906	0.480730612639	0.0471826752471	0.0697991642085
-heh	0.145395860954	0.716026696114	0.099939740802	0.0386377021294
--hē	0.295109374236	0.186732866616	0.0277734941816	0.490384264967
-hek	0.307540306848	0.529092671139	0.130643273382	0.0327237486313
-siā	0.320177491909	0.625462218513	0.039012938726	0.0153473508518
-kńg	0.0860765979249	0.871653644166	0.015370821058	0.0268989368515
-tôe	0.175862068965	0.653448275862	0.0103448275862	0.160344827586
--hī	0.105421686747	0.180722891566	0.262048192771	0.451807228916
-phō	0.314766839378	0.630829015544	0.0233160621762	0.0310880829015
-sòe	0.0820726172466	0.353166689589	0.496406959153	0.0683537340119
-āiⁿ	0.512195121951	0.292682926829	0.0	0.19512195122
-khu	0.0298370070482	0.896016999995	0.0218911578957	0.0522548350607
-put	0.642236024845	0.223602484472	0.0298136645963	0.104347826087
--hō	0.080989239192	0.782707192751	0.0841986029828	0.0521049650746
--ui	0.0650779101741	0.7919340055	0.019248395967	0.123739688359
--ûi	0.252405266766	0.515223506607	0.0494645769804	0.182906649647
-i-a	0.00717131474103	0.981474103586	0.0011952191235	0.0101593625498
--ut	0.0	1.0	0.0	0.0
-chū	0.263864466743	0.631474208459	0.0132669284955	0.0913943963021
-ē-á	0.564564564565	0.249249249249	0.168168168168	0.018018018018
-kûn	0.100872909291	0.637559516543	0.237608350629	0.023959223538
-pun	0.830244625649	0.108722510502	0.0160612799605	0.0449715838893
-oeh	0.0676546906415	0.730659248119	0.0706899660186	0.130996095221
-ē-ê	0.0625	0.915441176471	0.0220588235294	0.0
-tāi	0.0772211017594	0.770440215428	0.0842502874675	0.0680883953453
-tō͘	0.192601168237	0.513603115298	0.143793085302	0.150002631163
-oán	0.0638866936837	0.0854100168425	0.103674938277	0.747028351196
-t-ê	0.045342287576	0.0371303804147	0.0180873423144	0.899439989695
-tiò	0.302222222222	0.591111111111	0.0711111111111	0.0355555555556
--hū	0.10734906507	0.707866056361	0.0392823077227	0.145502570846
-lín	0.0153218364786	0.0182288004704	0.00515765537256	0.961291707679
-jiá	0.503105590062	0.431677018634	0.0	0.0652173913043
-siū	0.714917710746	0.0608677728614	0.017038230709	0.207176285684
-jiû	0.0244964616222	0.626020685901	0.336418072945	0.0130647795319
-lō͘	0.197708753703	0.680978234823	0.0626869963508	0.058626015123
-u-a	0.129496402878	0.870503597122	0.0	0.0
-to͘	0.0167381974249	0.975751072961	0.00429184549356	0.00321888412017
-hǹg	0.660901024136	0.125812199644	0.035637790457	0.177648985763
-hhī	0.179214171299	0.781023273344	0.0114953359088	0.0282672194478
--òe	0.0867799113737	0.331610044313	0.545051698671	0.0365583456426
-͘-ē	0.101351351351	0.797297297297	0.0472972972973	0.054054054054
-u-ú	0.0888888888889	0.755555555556	0.155555555556	0.0
-hîn	0.122270742358	0.484716157205	0.262008733624	0.131004366812
-u-á	0.0384082920259	0.911969316087	0.0134569198339	0.0361654720535
-siu	0.673368027386	0.21997744227	0.0178087341947	0.0888457961493
-tò͘	0.112115942029	0.622376811594	0.252985507246	0.0125217391304
-u-ê	0.0797592614234	0.490767792451	0.376300105177	0.0531728409489
-i̍p	0.378097942495	0.153784551426	0.022630249331	0.445487256748
-gōa	0.087021327202	0.198134200164	0.164592087529	0.550252385105
-i̍t	0.0638510534481	0.335416674506	0.102647523655	0.498084748391
-hùi	0.260058679304	0.544735619749	0.138349100702	0.0568566002458
-lām	0.184210526316	0.789473684211	0.0263157894737	0.0
-lān	0.270954223082	0.660165484634	0.0369653986675	0.031914893617
-lāi	0.140196389341	0.609215511507	0.0522664011865	0.198321697966
-lāu	0.19489894129	0.201154956689	0.550529355149	0.053416746872
-kip	0.448484816743	0.286523091749	0.160615710141	0.104376381367
-hhē	0.80126047411	0.0275728711595	0.00751987395258	0.163646780778
-i̍h	0.11478390345	0.392750962054	0.0313625178118	0.461102616684
-sîn	0.0252281887531	0.892343308962	0.0742689607614	0.00815954152371
-kò͘	0.33804543226	0.433690145449	0.0774227815003	0.150841640791
-bóe	0.931765314035	0.0599638149393	0.00155078831739	0.00672008270871
--íⁿ	0.452592380407	0.354053279863	0.068748209682	0.124606130049
-i-ò	0.1	0.8	0.0999999999999	0.0
-kîⁿ	0.298350824588	0.494752623688	0.0269865067466	0.179910044978
-kàu	0.37417176729	0.102884419984	0.038422972999	0.484520839727
-sió	0.0	0.283018867925	0.603773584906	0.11320754717
-i-á	0.199704142012	0.687235841082	0.0380388841927	0.0750211327135
--ín	0.768551236749	0.125441696113	0.0	0.106007067138
-ū-ê	0.162075901767	0.193450800561	0.0954411804352	0.549032117237
-teh	0.594313949234	0.0574423716855	0.018747046071	0.329496633009
-tek	0.0186775018022	0.966249426568	0.00580453690094	0.00926853472892
-ū-á	0.05	0.95	0.0	0.0
-hó͘	0.403463359737	0.425253340536	0.120498794725	0.0507845050017
-e̍h	0.587577882768	0.219359518294	0.109954681813	0.0831079171255
-e̍k	0.220378928514	0.630632592143	0.0830064399712	0.065982039372
--mî	0.215062598828	0.450980117081	0.218429527969	0.115527756122
-ⁿ-ḿ	0.0145278450363	0.985472154964	0.0	0.0
-men	0.00301469664615	0.0540133149102	0.0	0.942971988444
-meh	0.037558685446	0.953051643193	0.0	0.00938967136149
-jip	0.714285714286	0.178571428571	0.0714285714286	0.0357142857143
-͘-ū	0.0272610563458	0.157828390319	0.0150910966925	0.799819456642
-bán	0.357003718789	0.598370816363	0.0446254648486	0.0
-pha	0.559726962457	0.206825938567	0.180204778157	0.0532423208191
-bái	0.386982248521	0.156213017751	0.357396449704	0.0994082840236
-pho	0.706855791962	0.179669030733	0.106382978723	0.00709219858155
-pōe	0.364528646428	0.252910294453	0.128737731112	0.253823328007
-tóe	0.327083226894	0.345527001482	0.191488274664	0.13590149696
-i-ē	0.793838862559	0.170616113744	0.0355450236967	0.0
-būn	0.580498866213	0.283446712018	0.0861678004535	0.0498866213152
-pûn	0.591206735267	0.369504209542	0.0303086997193	0.0089803554724
-pûi	0.528573084502	0.30566825084	0.165758664657	0.0
-gîn	0.352941176471	0.382352941176	0.0	0.264705882353
-pāi	0.338873499538	0.307940904894	0.283933518006	0.0692520775624
-tán	0.577568134172	0.129979035639	0.0896226415094	0.202830188679
-gîm	1.0	0.0	0.0	0.0
-iàⁿ	0.49187249614	0.284984118514	0.0798379832445	0.143305402101
-hhí	0.0135574496931	0.914136151944	0.0519702238235	0.0203361745396
--lē	0.292672872797	0.626258115489	0.0421146645598	0.038954347154
-hhâ	0.336156351792	0.560260586319	0.103583061889	0.0
-hhá	0.69669365722	0.256072874494	0.0236167341431	0.023616734143
-iàu	0.396105870604	0.136780967151	0.0864016164457	0.380711545799
----	0.195697662832	0.2483752754	0.0244456007883	0.531481460979
-só͘	0.28036536798	0.103819875913	0.018910570248	0.596904185859
-hhù	0.0672199147901	0.902263068679	0.0127466653813	0.0177703511492
-táⁿ	0.118054509863	0.354163529589	0.189128143352	0.338653817196
-iàn	0.371181508871	0.382107109584	0.0510344979951	0.19567688355
-iàm	0.543529820096	0.364647808565	0.0238329380459	0.0679894332929
-hhó	0.212578448391	0.189477900921	0.203765522767	0.394178127921
-hhò	0.820077220077	0.101158301158	0.0	0.0787644787645
-hōe	0.126884426523	0.538839839016	0.254980816745	0.0792949177164
ALL	0.241125310924	0.311511497732	0.0575806872623	0.389782504082
-siⁿ	0.364238410596	0.538316937568	0.0228500069746	0.0745946448618
-hōa	0.709564553927	0.168216251567	0.0190019437935	0.103217250713
-u-ē	0.202898550725	0.551487414188	0.234935163997	0.0106788710908
-iûⁿ	0.0935687914344	0.8599259304	0.0197099932393	0.0267952849266
--bō	0.207663059374	0.774787949693	0.017548990933	0.0
-kim	0.0863299086758	0.567351598174	0.295947488584	0.0503710045662
-sit	0.25367133969	0.616689700894	0.0262821580593	0.103356801357
-sih	0.298401420959	0.682948490231	0.0186500888099	0.0
-sio	0.490155319397	0.397360738059	0.0830550040874	0.0294289384562
-sin	0.177458531699	0.140126172185	0.365209175793	0.317206120323
-sim	0.177026337472	0.635179364157	0.0904526387174	0.0973416596531
-͘-ì	0.430098684211	0.254111842105	0.118421052632	0.197368421053
-͘-í	0.0527345726914	0.0659941293566	0.00789500320523	0.873376294747
-͘-ê	0.47404970061	0.495820021809	0.0301302775812	0.0
-ông	0.269049660056	0.507718272644	0.0910476108144	0.132184456485
-phê	0.124833997344	0.831341301461	0.0318725099601	0.0119521912351
-phè	0.138085901189	0.753445507904	0.0934676155685	0.0150009753382
--āu	0.227952147169	0.0558329983433	0.0354312920069	0.680783562481
-hhú	0.273062730627	0.185843676619	0.182153639718	0.358939953036
-sīn	0.421584699454	0.206284153005	0.309836065574	0.0622950819672
-moa	0.549261083744	0.394088669951	0.0270935960591	0.0295566502463
-phú	0.21568627451	0.294117647059	0.078431372549	0.411764705882
--îm	0.311826221245	0.5984947683	0.0645403614012	0.0251386490541
--pī	0.543939985934	0.187833954138	0.198185338578	0.0700407213495
-biō	0.14125200642	0.800963081862	0.0192616372392	0.0385232744783
-lúi	0.455054024679	0.36541781216	0.134646122371	0.0448820407902
-sīⁿ	0.875	0.0625	0.0625	0.0
-hâi	0.451396151347	0.440929687894	0.0851846727911	0.0224894879675
-lún	0.239270386266	0.50643776824	0.143240343348	0.111051502146
-hâm	0.528977871444	0.204425711275	0.0484720758693	0.218124341412
-hân	0.0740740740741	0.666666666667	0.185185185185	0.0740740740741
-jīm	0.315474642393	0.425487646294	0.190377113134	0.0686605981794
-jīn	0.823899342362	0.110693920906	0.0250349923356	0.0403717443971
-eng	0.471000512297	0.23005337336	0.0395991263939	0.259346987949
-òng	0.276819617736	0.550425014491	0.0846178877911	0.0881374799826
-beh	0.207572838764	0.0361288444406	0.00635916329896	0.749939153496
-ōng	0.187684197501	0.405204563381	0.118088078012	0.289023161106
-ho͘	0.372430961111	0.496100721805	0.0553419010964	0.0761264159878
-hâu	0.205027058156	0.71486151008	0.044651017895	0.0354604138686
-pìⁿ	0.646551724138	0.272167487685	0.051724137931	0.0295566502463
-po͘	0.0805818223061	0.645916327601	0.196095666104	0.0774061839886
-tún	0.609496810773	0.305457122608	0.0850460666194	0.0
-hûn	0.222672685834	0.709874649369	0.0240620617111	0.0433906030856
-èng	0.230937187429	0.579168640623	0.101866321488	0.0880278504595
-hhe	0.951077075402	0.0242139342934	0.00674678104066	0.0179622092641
-hûi	0.0	0.728813559322	0.271186440678	0.0
-êng	0.232896606557	0.403572837522	0.141708459833	0.221822096088
-sái	0.220298220298	0.750841750842	0.001443001443	0.0274170274171
-sán	0.117840121506	0.722944780992	0.0667760688535	0.0924390286483
-sám	0.4	0.231818181818	0.306818181818	0.0613636363636
-pòa	0.399568034557	0.495140388769	0.0	0.105291576674
-siú	0.666177717934	0.194768650082	0.0401945033628	0.098859128621
-siù	0.0321118562994	0.800471642889	0.102858289709	0.064558211102
-kià	0.60989010989	0.269230769231	0.0989010989011	0.021978021978
-pòe	0.18156424581	0.687150837989	0.117318435754	0.0139664804469
--hî	0.148960180558	0.760760922135	0.0722231178462	0.0180557794616
-hai	0.776922914333	0.0172787032038	0.00833940213788	0.197458980326
--hí	0.366081484699	0.353000418994	0.235751325212	0.0451667710948
--hê	0.48275862069	0.327586206897	0.155172413793	0.0344827586207
-ham	0.563279857398	0.172905525847	0.258467023173	0.00534759358289
--hè	0.339488636364	0.430397727273	0.166193181818	0.0639204545455
--hé	0.0914105417782	0.0521055826607	0.0288913370956	0.827592538466
--àn	0.288732394366	0.338028169014	0.0	0.37323943662
-kiò	0.780478519343	0.0605616891674	0.0148182856473	0.144141505842
--hô	0.0972373802726	0.715609717697	0.167163066086	0.0199898359445
--àm	0.0504901960784	0.828921568627	0.102941176471	0.0176470588235
-hat	0.319233529218	0.307874814944	0.127745130363	0.245146525475
--hó	0.549793185386	0.27392124091	0.0962968454348	0.079988728269
--ài	0.189438267993	0.347890845258	0.232259694665	0.230411192085
-kiû	0.7144993133	0.152249275426	0.0249083327805	0.108343078494
-kiú	0.261904761905	0.0	0.440476190476	0.297619047619
-kiù	0.68562572265	0.269080595903	0.00961541840777	0.0356782630393
-sià	0.400679117148	0.341256366723	0.213921901528	0.044142614601
--hú	0.0399164249852	0.896466772695	0.041163813266	0.0224529890542
--hù	0.471894479074	0.346004007124	0.073463935886	0.108637577916
--ló	0.141008554817	0.787572897843	0.0533792983075	0.0180392490327
-móa	0.425967282528	0.0800480785396	0.33157507019	0.162409568742
-ī-a	0.00936199186048	0.90915773022	0.00271575135787	0.0787645265617
-hak	0.435757185757	0.440797940798	0.0323895323895	0.0910553410553
-tó͘	0.168831168831	0.597402597403	0.212662337662	0.0211038961039
-é-ê	0.165235760383	0.1998682145	0.588499777127	0.0463962479893
-oân	0.325158965893	0.281211413024	0.239088414214	0.154541206869
-hin	0.414061796398	0.0396398015019	0.298338420112	0.247959981988
--iū	0.0951302378256	0.508493771234	0.255945639864	0.140430351076
-lìn	0.147435897436	0.0833333333333	0.0	0.769230769231
--lú	0.125548610188	0.594493948663	0.24005851842	0.0398989227291
-àng	0.309264316191	0.0821791806831	0.149261165835	0.45929533729
-sng	0.531914893617	0.063829787234	0.404255319149	0.0
-tìm	0.51501305483	0.463446475196	0.00391644908617	0.0176240208877
-jôe	0.837837837838	0.135135135135	0.027027027027	0.0
-ù-á	0.0543600186378	0.727682192348	0.141853762921	0.0761040260928
-sek	0.0851836061986	0.698427165975	0.197351549394	0.0190376784323
-seh	0.545632759747	0.413853191026	0.00914833369637	0.0313657155304
-bó͘	0.0544471668028	0.768482868588	0.0460856376152	0.130984326994
-hìn	0.446984126984	0.347301587302	0.095238095238	0.110476190476
-hìm	0.192660550459	0.440366972477	0.366972477064	0.0
-uih	0.0285993167399	0.946900927282	0.0151293313812	0.00937042459737
-ēng	0.270741752443	0.169710381723	0.0527123439916	0.506835521842
-hìⁿ	0.0781250000001	0.859375	0.0625	0.0
-hō͘	0.29671186381	0.0118831128725	0.00408578683238	0.687319236486
-kng	0.15730620641	0.683884706795	0.132735529915	0.0260735568804
-âng	0.0754947058915	0.466029145305	0.0750875123072	0.383388636496
-lat	0.003663003663	0.996336996337	0.0	0.0
-kut	0.152346944704	0.843228652255	0.0	0.00442440304077
-sóa	0.589698046181	0.373001776199	0.0195381882771	0.0177619893428
-áiⁿ	0.0737537150078	0.26072484697	0.626215832804	0.0393056052187
-ian	0.0715764056571	0.861159020352	0.0338047602622	0.0334598137289
-sóe	0.803235571436	0.164259838221	0.0133988387673	0.0191057515756
-iah	0.142829768272	0.265014654293	0.0843565062962	0.507799071139
-iak	0.589531680441	0.245179063361	0.159779614325	0.00550964187328
-iau	0.281538436045	0.257958142078	0.422059091587	0.0384443302898
-iat	0.303396857361	0.279145646782	0.321432402838	0.0960250930186
--nā	0.0512423961233	0.0612434271574	0.13314087363	0.75437330309
-bîn	0.106297094457	0.696243566338	0.0615988383162	0.135860500889
-kun	0.277015618404	0.623535774588	0.0507861967075	0.0486624102997
-iaⁿ	0.495213865773	0.309329110172	0.153215712319	0.0422413117359
-kui	0.335948078208	0.10200213031	0.217183296925	0.344866494557
-òaⁿ	0.587467494329	0.235668742046	0.0189740554472	0.157889708178
-hoa	0.592820430345	0.229305295887	0.0594790556796	0.118395218088
--īⁿ	0.179671457905	0.218685831622	0.595482546201	0.00616016427104
-mō͘	0.616788321168	0.339416058394	0.0	0.043795620438
-bah	0.157811050749	0.826288591493	0.00477010732742	0.0111302504306
-hoe	0.398978412377	0.367152545938	0.0512279215929	0.182641120092
-hok	0.464500955461	0.428046450096	0.0416874908129	0.0657651036308
-hoh	0.192465502919	0.145470402623	0.0272748675866	0.634789226872
-tùi	0.0553073518928	0.0152534094724	0.00338777226694	0.926051466368
-che	0.0918687825186	0.0688085185591	0.0130591116849	0.826263587237
-hiū	0.191647672221	0.0414683399176	0.00681303357302	0.760070954289
--lê	0.0111731843575	0.843575418994	0.145251396648	0.0
-ī-ì	0.747572815534	0.233009708738	0.0	0.0194174757281
--īn	0.31501202336	0.267012273196	0.377314887105	0.0406608163393
-bat	0.58925807103	0.0619718826929	0.0143176770283	0.334452369249
--só	0.213494881972	0.722373093796	0.0248589931063	0.0392730311259
-ī-á	0.0260115606937	0.890173410405	0.0317919075144	0.0520231213873
-mái	0.00250208507089	0.987489574646	0.0050041701418	0.00500417014178
--lî	0.123145157843	0.867207525644	0.00340493523989	0.00624238127315
-oān	0.289923732748	0.461662867604	0.115102585228	0.13331081442
-oāi	0.581863979849	0.197966228193	0.155611530926	0.0645582610318
-sūi	0.199317455707	0.542550101656	0.239616613419	0.0185158292187
-a̍p	0.291591914917	0.30073335017	0.0673421300807	0.340332604832
-a̍t	0.313646324301	0.452829095642	0.110120912021	0.123403668037
-sūn	0.296551724138	0.594827586207	0.0603448275862	0.048275862069
-a̍h	0.543135900981	0.278907724846	0.0902187315285	0.0877376426449
-a̍k	0.160994536593	0.139450568911	0.0403563219799	0.659198572516
-ā-ê	0.758468335788	0.212076583211	0.0147275405007	0.0147275405007
-í-ū	0.0610644681441	0.0367597004765	0.0405415626655	0.861634268714
-āng	0.255345755063	0.55467791026	0.0805246218165	0.109451712861
-pò͘	0.234572684238	0.682010242503	0.0449168856012	0.0385001876582
--má	0.0270547022366	0.803071948262	0.12524925896	0.0446240905416
-thò	0.188284518828	0.698744769874	0.112970711297	0.0
-kūi	0.534874491517	0.41591427721	0.00535767437246	0.0438535569005
-kūn	0.270239223457	0.18124120502	0.101519198185	0.447000373338
-pok	0.318139806392	0.589920708275	0.051077491852	0.0408619934815
--ǹg	0.761231281198	0.108153078203	0.036605657238	0.094009983361
-poe	0.0364562118126	0.950101832994	0.00183299389002	0.0116089613035
-tàn	0.136892251646	0.835364999299	0.0138713745271	0.0138713745271
-sùn	0.174746335964	0.357384441939	0.417136414882	0.0507328072153
-tài	0.62689780895	0.229493134939	0.040912785549	0.102696270562
-nōa	0.406065121386	0.528058661203	0.0370553722938	0.0288208451174
-lam	0.758064516129	0.20564516129	0.0362903225806	0.0
-lah	0.515742694296	0.215616613488	0.0158851287051	0.252755563511
-lak	0.810659261435	0.154895730421	0.00560732690716	0.0288376812368
-tàⁿ	0.221112696148	0.65490857217	0.106471274802	0.0175074568798
--un	0.273832497105	0.273115730275	0.300215030049	0.15283674257
--ng	0.0314795383001	0.786988457503	0.0335781741867	0.14795383001
-ⁿ-ē	0.165584415584	0.451298701299	0.149350649351	0.233766233766
-tàu	0.204568527919	0.486802030457	0.244670050761	0.0639593908629
-tô͘	0.0520382829965	0.809105543685	0.0286919205627	0.110164252756
--ni	0.106816181957	0.0966833074011	0.0218397398054	0.774660770836
-ì-á	0.186761229314	0.718676122931	0.0945626477541	0.0
-î-á	0.30707923113	0.268635724332	0.182841068917	0.241443975621
-ì-ê	0.592471358429	0.117839607201	0.0441898527005	0.245499181669
--im	0.0345410576326	0.703447685492	0.240246538404	0.0217647184711
--mē	0.632785251619	0.210264075735	0.067264573991	0.0896860986547
--in	0.213373860182	0.596960486322	0.0510638297872	0.138601823708
-ô-ê	0.533183524425	0.195628303669	0.0551569163198	0.216031255586
-á-ê	0.0555555555556	0.833333333333	0.111111111111	0.0
-ô-ì	0.493333333333	0.373333333333	0.08	0.0533333333333
-ahⁿ	0.541296060991	0.30749682338	0.0495552731893	0.10165184244
-ó-á	0.943396226415	0.0566037735849	0.0	0.0
-hô͘	0.108724476266	0.692787059136	0.142800318218	0.0556881463803
--iu	0.0561224489796	0.030612244898	0.826530612245	0.0867346938775
-ó-ì	0.245614035088	0.280701754386	0.175438596491	0.298245614035
-ó-ê	0.431852221668	0.383424862706	0.149775336994	0.0349475786321
--it	0.0593474436564	0.15705387075	0.36471460341	0.418884082184
-kài	0.139623222627	0.742518351214	0.0671423438222	0.0507160823366
--óa	0.365914786967	0.384711779449	0.0845864661654	0.164786967419
-sap	0.138075313808	0.811715481172	0.0502092050209	0.0
-kàm	0.0444444444444	0.878362573099	0.0701754385964	0.00701754385964
-sat	0.0782537602035	0.88476063174	0.0124583100821	0.0245272979742
-saⁿ	0.0486169260636	0.294733418558	0.244648362117	0.412001293261
-tok	0.0102464591763	0.963040918361	0.0031778715661	0.0235347508962
-è-ê	0.00172655475259	0.979569102094	0.0129491606444	0.00575518250863
-í-ì	0.228983630815	0.434708221585	0.0127624156108	0.323545731989
-í-ê	0.265857535038	0.413379569426	0.182054616385	0.13870827915
-sak	0.67697350388	0.101089868915	0.0270026076953	0.19493401951
-tōa	0.100291737354	0.0923785020653	0.650188561948	0.157141198632
-sai	0.0913604766634	0.784508440914	0.101787487587	0.0223435948361
-tōe	0.109552512712	0.794582701754	0.0460313195476	0.049833465986
-u̍t	0.0951107647823	0.808795520756	0.072821342468	0.023272371994
-thì	0.893272962484	0.0	0.0582147477361	0.0485122897801
-û-ê	0.0759036144578	0.392771084337	0.527710843374	0.00361445783133
-hái	0.137782288759	0.647424511545	0.0489723420452	0.16582085765
-hám	0.0689455966852	0.523126289594	0.369698664277	0.038229449444
-û-á	0.121556819449	0.861715177874	0.0133824021412	0.0033456005353
-hah	0.196664911973	0.0595576895819	0.312707939232	0.431069459214
-háu	0.48607840525	0.408461520051	0.050389595929	0.05507047877
-u̍h	0.076	0.892	0.016	0.016
-háⁿ	0.502838605028	0.298459042985	0.186536901865	0.0121654501216
-bīn	0.131591781485	0.257557109634	0.0727750405295	0.538076068352
-kòe	0.448076923077	0.223076923077	0.0461538461538	0.282692307692
--jî	0.0709724491943	0.917629925138	0.00436504812812	0.00703257753975
-kòa	0.342214328005	0.549437537004	0.0941385435169	0.0142095914742
-húi	0.208054416754	0.685142868788	0.0351667474436	0.0716359670147
-iān	0.355034491814	0.523453919796	0.0722984298603	0.0492131585299
-hún	0.473870153705	0.324478091305	0.0353292039459	0.166322551044
-iāu	0.190127511399	0.582270923643	0.188259701217	0.039341863741
-pôe	0.524561403509	0.359649122807	0.0736842105263	0.0421052631579
-sâm	0.44367816092	0.190804597701	0.344827586207	0.0206896551724
--nà	0.0370120373495	0.953538080774	0.00472494093824	0.00472494093824
-han	0.538370017846	0.386525877454	0.0269185008923	0.0481856038073
--nâ	0.352459016393	0.450819672131	0.147540983607	0.0491803278689
--ki	0.0739590729304	0.861439940918	0.0396460880743	0.0249548980772
--ní	0.00697944939899	0.977898410236	0.0	0.0151221403645
-iāⁿ	0.260187292141	0.442254507264	0.0502975669526	0.247260633643
-gō͘	0.111780753009	0.171468095809	0.258890221723	0.457860929459
--iá	0.0322093081082	0.94908851299	0.0	0.0187021789015
-hap	0.468903673706	0.36505640729	0.0555394851027	0.110500433902
-tòa	0.606780776827	0.16955453149	0.018147904323	0.20551678736
-î-a	0.0	1.0	0.0	0.0
-gán	0.314465408805	0.534591194969	0.0880503144654	0.062893081761
-o͘h	0.285714285714	0.375	0.160714285714	0.178571428571
-ô-i	0.111111111111	0.859903381643	0.0144927536232	0.0144927536232
-hhî	0.521768914247	0.226494216608	0.0776950978864	0.174041771259
--ò͘	0.8	0.2	0.0	0.0
-ô-a	0.00444115470022	0.971132494449	0.00222057735011	0.0222057735011
--iû	0.0696452415489	0.603454403981	0.29270213931	0.0341982151606
--iú	0.125407580957	0.664556599671	0.0279525282	0.182083291172
-hau	0.582269357496	0.359040362438	0.0154448105437	0.0432454695222
-lâm	0.0871306960441	0.733099649474	0.14221331998	0.0375563345017
-mô͘	0.0646861523718	0.869030506309	0.0543044242134	0.0119789171059
-lân	0.132726583239	0.605612438377	0.208570345089	0.0530906332954
-lâi	0.380864266321	0.0420046455734	0.0128813655852	0.56424972252
-ōaⁿ	0.218538860018	0.514567889072	0.123143610078	0.143749640831
-pài	0.308353854897	0.629210077666	0.0231862095094	0.0392498579276
-jîn	0.0845337256743	0.723796992373	0.151648206106	0.0400210758471
--ūi	0.0629010946293	0.0661514507809	0.00828065179925	0.862666802791
-toh	0.310500897621	0.585577385016	0.0252850893828	0.0786366279805
-lâu	0.613379704319	0.0966649916691	0.034646002486	0.255309301526
-kùi	0.0497909811963	0.465164194999	0.448675154578	0.0363696692258
-hóe	0.431352347901	0.464537468821	0.0813360806854	0.0227741025919
-í-a	0.0153846153846	0.97094017094	0.0102564102564	0.0034188034188
-siá	0.873083354826	0.0849854821668	0.00174713179198	0.0401840312154
-hóa	0.142735042735	0.210256410256	0.452136752137	0.194871794872
-iám	0.400131634906	0.248491943679	0.0517518574579	0.299624563957
-ián	0.334828812823	0.355692499729	0.0524443752243	0.257034312224
-o̍k	0.253979473426	0.486615156214	0.119099820665	0.140305549696
-o̍h	0.503107124324	0.0928030490589	0.021550893535	0.382538933082
-pún	0.129158266129	0.807837701613	0.027091733871	0.0359122983871
-iáⁿ	0.185507976958	0.723049684284	0.02312348	0.0683188587579
--la	0.0254657700364	0.950060632786	0.00859883144085	0.015874765737
-leh	0.368925233645	0.182476635514	0.0179906542056	0.430607476636
-lek	0.827397260274	0.139726027397	0.00821917808219	0.0246575342466
-̍ih	0.480812857462	0.388439786561	0.126529699332	0.00421765664441
-kàⁿ	0.006734006734	0.993265993266	0.0	0.0
--pí	0.0473962666436	0.910249622739	0.00378161701944	0.0385724935983
-oan	0.187744186302	0.728591395838	0.0673321373936	0.0163322804662
-góa	0.052503445606	0.0138587257232	0.00136625700709	0.932271571664
-pó͘	0.42223085892	0.429770695686	0.121881072678	0.0261173727167
-sìⁿ	0.373088685015	0.489296636086	0.0733944954128	0.0642201834862
-san	0.96	0.02	0.02	0.0
-áng	0.47372639829	0.426879230495	0.0523690773067	0.0470252939081
-sìn	0.567105910562	0.348020782857	0.0504160637809	0.0344572428002
--ek	0.233280717787	0.321508681565	0.345517986209	0.0996926144388
--ôe	0.121100917431	0.781651376147	0.0935779816514	0.00366972477065
-kìⁿ	0.846200111137	0.0621841597751	0.0232079233812	0.0684078057072
-múi	0.269230769231	0.25	0.0	0.480769230769
-tîⁿ	0.514331853048	0.231328219621	0.152603956399	0.101735970933
--sè	0.284749863942	0.476363950614	0.132035542808	0.106850642637
--sî	0.0955305335329	0.264230311547	0.057512471197	0.582726683723
--sí	0.65646006268	0.23957183886	0.0625988046244	0.0413692938362
--sì	0.491794961673	0.193378778515	0.12960178583	0.185224473983
-ê-ê	0.630455046183	0.0644860605034	0.05338530633	0.251673586984
--sò	0.0239680426098	0.916111850866	0.0479360852197	0.0119840213049
-ôaⁿ	0.0798633381026	0.883960728206	0.0226207509004	0.0135551827915
--sû	0.111386138614	0.727722772277	0.131188118812	0.029702970297
--sú	0.0185185185185	0.981481481482	0.0	0.0
--sù	0.271863403453	0.508976805515	0.0284297962068	0.190729994826
-ê-á	0.238095238095	0.365079365079	0.365079365079	0.031746031746
-é-ì	0.0	0.732142857143	0.160714285714	0.107142857143
-ú-ê	0.0878477306002	0.802342606149	0.01317715959	0.0966325036603
-chi	0.54693877551	0.404081632653	0.0	0.0489795918367
-sûn	0.0901960784314	0.216666666667	0.63137254902	0.0617647058823
-ú-ì	0.274938315122	0.636235459993	0.0	0.0888262248855
-cha	0.451733833177	0.379568884724	0.0309278350515	0.137769447048
-ú-á	0.251791197544	0.3582395087	0.0522006141249	0.337768679632
-peh	0.46218049035	0.0996348461137	0.0219092331768	0.41627543036
-ù-ì	0.4605701592	0.31877082562	0.0855238800444	0.135135135135
-pek	0.403788946297	0.531078753719	0.0112728980742	0.0538594019101
-bih	0.945590994372	0.0318949343339	0.0	0.0225140712946
-jōa	0.0566382460414	0.0569427527406	0.354750304507	0.531668696711
-chu	0.0289228432031	0.916737269567	0.0411931403196	0.0131467469105
-lò͘	0.511923688394	0.232114467409	0.14626391097	0.109697933227
-lám	0.576923076923	0.326923076923	0.0	0.0961538461538
-lán	0.00833699679708	0.0074734660554	0.00082035420461	0.983369182943
--hu	0.0382126071692	0.906431458473	0.0223779309107	0.0329780034474
-hām	0.722857142857	0.0342857142857	0.06	0.182857142857
-hān	0.139074470344	0.77038174423	0.0409186690406	0.0496251163855
-hán	0.0201368990767	0.947389366444	0.0305635148042	0.00191021967526
-sò͘	0.335394862036	0.553282588011	0.053044719315	0.0582778306375
--tō	0.390257296045	0.439559890971	0.0875126052098	0.0826702077738
-n̄g	0.480677337045	0.109873965824	0.0150699760303	0.394378721101
-hāⁿ	0.431931103014	0.270950645909	0.255382577012	0.0417356740643
--ìn	0.27945026178	0.696007853403	0.0186518324607	0.00589005235602
-iâu	0.303747611068	0.409606044899	0.118471756305	0.168174587728
-ngī	0.342281879195	0.21744966443	0.41610738255	0.0241610738255
-lûn	0.114471350775	0.817636811626	0.0494358040773	0.0184560335222
-giâ	0.803226937916	0.0105226236408	0.00210452472817	0.184145913715
-hun	0.406564597554	0.35748551628	0.105940716113	0.130009170053
-iâⁿ	0.36446466328	0.410992064201	0.0901037162429	0.134439556276
-hui	0.531804457253	0.0883781014745	0.0475473876051	0.332270053668
--se	0.0349064507121	0.947779949735	0.00167550963418	0.015638089919
--tē	0.079145117429	0.85907208435	0.0459988716681	0.0157839265528
--si	0.0503006796855	0.630733422536	0.306061514589	0.0129043831891
--so	0.714285714286	0.142857142857	0.142857142857	0.0
-iâm	0.204012576493	0.423618696266	0.256148053056	0.116220674186
-iân	0.150796047636	0.180462482674	0.0795391175966	0.589202352094
-oâi	0.458059210526	0.254111842105	0.21875	0.0690789473684
-ê-o	0.0173469387755	0.975510204082	0.0	0.00714285714286
--su	0.0299026116522	0.901056105244	0.0576802351098	0.0113610479942
-hut	0.375394595384	0.289774848789	0.0582705972815	0.276559958546
-pō͘	0.230470016207	0.399027552674	0.224635332253	0.145867098865
-ê-a	0.00851063829787	0.991489361702	0.0	0.0
-chè	0.32211896388	0.468770056222	0.142813133777	0.0662978461223
-tūi	0.0957901159244	0.879194630872	0.0164734594265	0.00854179377671
-chì	0.161073812541	0.445023022961	0.0147022466702	0.379200917828
-chí	0.202866633617	0.684283768483	0.0229192837979	0.0899303141024
-chà	0.151817533856	0.698503207413	0.12188168211	0.0277975766215
-chá	0.146043116848	0.253429749274	0.13854159627	0.461985537609
-sńg	0.742647058824	0.227941176471	0.0	0.0294117647059
-koh	0.0290517733569	0.0133636233793	0.032946587579	0.924638015685
-kok	0.0273814743516	0.929058557749	0.0189812580313	0.0245787098678
--tī	0.0654465220748	0.8166751021	0.0235103685857	0.0943680072397
-chú	0.0101553874626	0.965027777031	0.00407053056231	0.0207463049442
-chû	0.0220994475138	0.550118389897	0.380426203631	0.0473559589582
-soh	0.285945072698	0.647819063005	0.0177705977383	0.048465266559
-sok	0.273618677043	0.517976653697	0.134474708171	0.0739299610895
-hāi	0.272386436064	0.247429450855	0.0460122417356	0.434171871346
-soa	0.0	0.938217821782	0.0617821782178	0.0
-tiū	0.0514380530974	0.845132743363	0.0636061946902	0.0398230088496
-kái	0.591249212346	0.319587563675	0.0339360276603	0.0552271963185
-tng	0.551861728872	0.235277318563	0.0371661980669	0.175694754498
-khì	0.410334405073	0.0881837334363	0.0676818620451	0.433799999446
-͘-a	0.372010628875	0.627989371125	0.0	0.0
-kô͘	0.363498318811	0.612639647131	0.0238620340576	0.0
-lim	0.687228225108	0.27561261023	0.0124985547376	0.0246606099245
-lin	0.169390762635	0.723934085809	0.106675151556	0.0
--jū	0.0273951927667	0.886523179738	0.0364859742229	0.0495956532727
-káⁿ	0.45525177026	0.10601888277	0.154405979544	0.284323367427
-chē	0.85472314353	0.0772716915209	0.00936780008609	0.0586373648632
-káu	0.0412592774093	0.345542496265	0.207719120751	0.405479105575
--tú	0.201011378003	0.184576485461	0.14412136536	0.470290771176
--tû	0.572965425684	0.232521144008	0.0791512640627	0.115362166245
-i-ê	0.317528027938	0.35663110984	0.253277325498	0.0725635367235
--tò	0.15315404717	0.0984089179981	0.0489563692898	0.699480665542
--tó	0.555888833996	0.423095019644	0.00760659028709	0.0134095560731
-hài	0.289903143134	0.584256697379	0.0710035424447	0.0548366170424
-hàn	0.50396947432	0.327450809271	0.0895988829231	0.0789808334857
-hàm	0.619292805735	0.259750234688	0.0605353739368	0.0604215856399
--ai	0.115942028986	0.884057971014	0.0	0.0
-iām	0.465405651778	0.353965360073	0.127028258888	0.0536007292616
--tè	0.0195739465607	0.912211256434	0.00662751759454	0.0615872794106
--té	0.377358490566	0.132075471698	0.339622641509	0.150943396226
--tî	0.238489871086	0.695211786372	0.060773480663	0.00552486187844
-hàu	0.478052751078	0.386919161526	0.0667120604376	0.0683160269581
--an	0.260666926781	0.695398643484	0.0125068814572	0.031427548277
-pâi	0.672603457307	0.224201152436	0.0591932949188	0.0440020953379
-é-á	0.242990654206	0.0841121495327	0.35046728972	0.322429906542
-hàⁿ	0.0261395603575	0.972117802285	0.0	0.00174263735717
-hiâ	0.492757547042	0.279139028022	0.0304589143089	0.197644510627
-tìn	0.154981549815	0.723247232472	0.0885608856089	0.0332103321033
-koe	0.0617042115573	0.791380999021	0.0	0.146914789422
-chō	0.40889859068	0.505676852097	0.028525583883	0.0568989733399
-bōe	0.251146989275	0.060785386457	0.0182696428238	0.669797981444
-hng	0.0923238764275	0.703143228102	0.124586505773	0.0799463896977
--jī	0.048	0.100835164835	0.301538461538	0.549626373626
-koa	0.301369863014	0.616438356164	0.0570776255707	0.0251141552511
-h-á	0.0654029072936	0.919814243798	0.0080633721321	0.00671947677674
-pah	0.114291072525	0.260701839091	0.0490495895218	0.575957498862
-tām	0.211538461538	0.0192307692308	0.769230769231	0.0
-pak	0.417257683215	0.274231678487	0.0780141843972	0.230496453901
--âu	0.0	0.844660194175	0.0679611650485	0.0873786407767
-pan	0.161290322581	0.645161290323	0.118279569892	0.0752688172043
-tiû	0.0	0.622950819672	0.377049180328	0.0
-ngá	0.0	1.0	0.0	0.0
-hiû	0.100090443172	0.535725052759	0.358154959301	0.00602954476936
-hùn	0.510932105869	0.300920598389	0.0287686996548	0.159378596087
-tui	0.317689746979	0.569074303603	0.0896451266228	0.0235908227955
-kó͘	0.0710674992566	0.881653285757	0.0223015165031	0.0249776984835
--sa	0.0	1.0	0.0	0.0
-pau	0.331062625465	0.523151347616	0.0885246980617	0.0572613288577
--ná	0.0615750673449	0.897130832795	0.0184505552567	0.0228435446036
-liú	0.208333333333	0.791666666667	0.0	0.0
-liû	0.261342894629	0.639702028763	0.0435571491049	0.0553979275023
--sī	0.250870519761	0.0860979901082	0.0148233304237	0.648208159708
-sut	0.830860534125	0.106824925816	0.00890207715134	0.053412462908
-kek	0.155923496633	0.431564894358	0.0203157650337	0.392195843975
-bô͘	0.312770923641	0.617205735245	0.0240080026676	0.0460153384462
-keh	0.141447980644	0.134561697376	0.559836218128	0.164154103853
-kún	0.205108359133	0.717492260062	0.077399380805	0.0
-sun	0.02754684204	0.933552549944	0.0122844025313	0.0266162054846
--gê	0.588074921263	0.340319832818	0.0560614154015	0.015543830518
-suh	0.827272727273	0.136363636364	0.0	0.0363636363636
-hòa	0.46840461421	0.282876406757	0.181361621287	0.0673573577459
-ú-ē	0.315789473684	0.131578947368	0.150717703349	0.401913875598
-hòe	0.646462167812	0.0919520557705	0.0184582076177	0.2431275688
--nî	0.0462211825076	0.904086329849	0.0276195147719	0.022072972871
-oàn	0.387539698142	0.454595293538	0.0478731210007	0.10999188732
-tân	0.413107270949	0.451581349853	0.0929246820998	0.0423866970982
-jím	0.319629057187	0.311901081917	0.216383307573	0.152086553323
-oài	0.671765295888	0.117101303912	0.168254764293	0.0428786359077
-ò͘ⁿ	0.347326745632	0.305182906878	0.235586676265	0.111903671226
--ti	0.0405130241557	0.934646873442	0.0142365893019	0.0106035131002
--to	0.0409984324129	0.747739057036	0.028698902689	0.182563607862
-mài	0.630128597673	0.274341702388	0.0183710961421	0.0771586037967
--ta	0.100844177115	0.153154019609	0.225498784938	0.520503018339
-táu	0.0846805234796	0.772902232487	0.0461893764434	0.0962278675904
--ià	0.2	0.0	0.766666666667	0.0333333333333
--sū	0.104846981117	0.439964931843	0.386651969818	0.068536117223
-māu	0.213065326633	0.624120603015	0.117587939698	0.0452261306532
-soe	0.0970042796005	0.701854493581	0.175463623395	0.0256776034237
--oe	0.411359724613	0.521514629948	0.0361445783132	0.0309810671256
-sàu	0.50612745098	0.412990196078	0.047794117647	0.0330882352941
--oa	0.128205128205	0.871794871795	0.0	0.0
--ok	0.0564406862665	0.462772817055	0.44320018283	0.0375863138478
-súi	0.115331207571	0.387240279778	0.426224027978	0.0712044846739
-tit	0.538444467364	0.139203504558	0.20383323013	0.118518797949
-tiu	0.0364741641338	0.939209726444	0.0121580547112	0.0121580547113
-iùⁿ	0.583855799373	0.406739811912	0.00940438871474	0.0
-aiⁿ	0.863453815261	0.0847835787595	0.0053547523427	0.0464078536368
-tiⁿ	0.0190779014308	0.365659777425	0.591414944356	0.0238473767885
-híⁿ	0.566239316239	0.251748251748	0.0683760683761	0.113636363636
-iùi	0.621621621622	0.027027027027	0.027027027027	0.324324324324
-ang	0.203742025342	0.123943262059	0.0363408978063	0.635973814792
--ùi	0.310553489147	0.549769610837	0.122022983401	0.0176539166158
--kî	0.200496111308	0.584180390548	0.156759982841	0.058563515303
--pì	0.0662478583666	0.765692331655	0.155132132288	0.0129276776907
-khū	0.0752767527676	0.814760147601	0.0966789667897	0.0132841328413
--pè	0.0166572386974	0.924604077475	0.0236708128857	0.0350678709419
--pé	0.255207243821	0.702955503093	0.0251023518513	0.0167349012342
-niû	0.403694335863	0.529623668276	0.0122633555607	0.0544186403005
-gāi	0.471759259259	0.465740740741	0.0152777777778	0.0472222222222
--pá	0.555555555556	0.177777777778	0.111111111111	0.155555555556
-kín	0.220942028986	0.19	0.140507246377	0.448550724638
-niá	0.334318796853	0.528300200549	0.0502979627001	0.0870830398987
-siû	0.404293381038	0.268336314848	0.155635062612	0.171735241503
-iūⁿ	0.110160447921	0.212960021478	0.0347314020112	0.64214812859
-pîⁿ	0.150561326199	0.402439950941	0.280608829989	0.166389892872
-kúi	0.143781561652	0.733930519958	0.0731595909356	0.0491283274545
--pò	0.596157017755	0.260765297984	0.122638015081	0.0204396691802
--pó	0.112879884226	0.814278822962	0.0602990834539	0.0125422093584
--ìm	0.533333333333	0.342857142857	0.0571428571429	0.0666666666666
-ⁿ-ê	0.231548831345	0.615944137329	0.108864319659	0.0436427116672
-kám	0.248154093098	0.458426966292	0.130016051364	0.163402889246
-khè	0.193960511034	0.786295005807	0.00232288037166	0.0174216027874
-ⁿ-á	0.0366899094055	0.913230972543	0.0339077361804	0.0161713818707
-bín	0.0510220250357	0.882638778852	0.0458458775683	0.0204933185443
-khí	0.548132721037	0.177235893423	0.0370286224836	0.237602763056
-p-ì	0.401774397972	0.297845373891	0.125475285171	0.174904942966
-khò	0.145827995765	0.135183475373	0.0444730188962	0.674515509965
-khó	0.143533160341	0.345850726605	0.099710304217	0.410905808837
-e-ē	0.0728862973761	0.284256559767	0.0218658892128	0.620991253644
-liu	0.108858057631	0.764140875134	0.0928495197438	0.034151547492
-khû	0.668965517241	0.262068965517	0.0689655172413	0.0
-p-á	0.20695318916	0.724062414454	0.019709827539	0.0492745688475
-kóa	0.0831070820487	0.124430537021	0.0670930928167	0.725369288114
--kú	0.045434768808	0.0255853821637	0.00830661343056	0.920673235598
--kù	0.417047880451	0.298185422385	0.0645013723696	0.220265324794
--kó	0.199339626115	0.60853821699	0.120978531711	0.0711436251826
--kò	0.228816351529	0.121557454859	0.0227176521008	0.626908541511
-a-ē	0.0425564840606	0.913339523367	0.0	0.0441039925719
-t-ē	0.17113828315	0.056347493294	0.00956779752718	0.762946426029
-á-a	0.0	1.0	0.0	0.0
--ké	0.103216155572	0.732984293194	0.112191473448	0.051608077786
--kè	0.194781441524	0.184150476624	0.0277550462169	0.593313035635
-n-ē	0.131195335277	0.785714285714	0.0612244897959	0.0218658892128
--kí	0.0588928150766	0.108755398508	0.752257557911	0.0800942285042
--kì	0.574007220217	0.353790613718	0.0361010830325	0.0361010830325
-o-a	0.0	0.278846153846	0.721153846154	0.0
-hāu	0.599719700767	0.114829871359	0.0654340925544	0.22001633532
--bô	0.394086038736	0.125479387666	0.0192930166971	0.461141556902
-hiā	0.819480227119	0.132094349534	0.00617824357789	0.0422471797694
--bú	0.0301573321965	0.952263031322	0.00903263089944	0.00854700558226
-thî	0.520391517129	0.479608482871	0.0	0.0
-iam	0.245358755645	0.704967385851	0.00301053687908	0.0466633216257
-gâu	0.220483005367	0.216457960644	0.264311270125	0.298747763864
--bé	0.167920456153	0.456891203311	0.32294279268	0.0522455478552
-bō͘	0.15394878637	0.720069790117	0.0705598604197	0.0554215630933
--bí	0.0181656277827	0.942297417631	0.0224398931434	0.0170970614426
--bî	0.14764691127	0.512486613733	0.245149588523	0.0947168864747
-kak	0.28724270019	0.297914377027	0.128169020019	0.286673902764
-kai	0.361301418948	0.157230901534	0.119363623334	0.362104056185
-kah	0.439832153852	0.372525506321	0.0932310996627	0.0944112401647
-kan	0.0472854446986	0.4652378549	0.0165012250233	0.470975475378
-kam	0.418727915194	0.263250883392	0.137809187279	0.180212014134
--pi	0.085670252629	0.537199323099	0.340867883476	0.0362625407954
-tîm	0.518272425249	0.259136212625	0.209302325581	0.0132890365448
--pa	0.0363707650084	0.947369634909	0.00691897875873	0.00934062132429
-nāi	0.21498617048	0.653759114911	0.110133266281	0.0211214483279
-lūn	0.292971055769	0.214222370973	0.0328676837977	0.459938889461
