-ꞌoi	0.369926578499	0.356704531174	0.187889392755	0.0854794975728
-miꞌ	0.0249424597957	0.895597398799	0.046368984131	0.0330911572746
-iva	0.0	0.855421686747	0.144578313253	0.0
-815	0.0	0.0	0.0	1.0
-eue	0.337016179067	0.489261680905	0.0684866128955	0.105235527132
-ivi	0.0535714285714	0.946428571429	0.0	0.0
-taꞌ	0.108041294295	0.709676808928	0.0228983823047	0.159383514472
-aua	0.193700961432	0.337540059675	0.0939330312742	0.374825947618
-aue	0.207230962536	0.295750968906	0.0388447448989	0.458173323659
-nsi	0.494159072051	0.28069169785	0.0583512581885	0.166797971911
-iru	0.243284514822	0.378584531957	0.223982219714	0.154148733507
-aum	0.547738693467	0.34338358459	0.108877721943	0.0
-uaa	0.373737373737	0.454545454545	0.010101010101	0.161616161616
-puu	0.0873108265425	0.88358556461	0.00873108265424	0.0203725261932
-nto	0.270456569769	0.201218802173	0.0163555585419	0.511969069516
-uuꞌ	0.420406119236	0.366077541949	0.0157215376123	0.197794801202
-uai	0.462066813339	0.334226437954	0.105339216367	0.0983675323403
-nte	0.100498542991	0.0369518660253	0.0441491415932	0.818400449391
-kia	0.0	0.980527383367	0.0	0.0194726166329
-daꞌ	0.121718723391	0.0475914517067	0.00225654810242	0.8284332768
-uau	0.6025	0.1125	0.145	0.14
-ntu	0.314855875832	0.516984478936	0.0721951219512	0.0959645232815
-pui	0.393248578562	0.159008557824	0.0387626992596	0.408980164355
-iiꞌ	0.0959517323755	0.0886984283304	0.0281604148744	0.78718942442
-opo	0.0334158415841	0.957301980198	0.00742574257426	0.00185643564356
-opa	0.136513866935	0.386348613307	0.246500934042	0.230636585716
-oku	0.406542056075	0.495327102804	0.0700934579439	0.0280373831776
-dei	0.126478280977	0.0125141366995	0.00649025102114	0.854517331302
-dek	0.0688336520076	0.863288718929	0.0286806883365	0.0391969407266
-400	0.260869565217	0.565217391304	0.095652173913	0.0782608695652
-ima	0.480931370782	0.264344555187	0.0736698320005	0.18105424203
-ueꞌ	0.142811450504	0.0849192387654	0.0163121701583	0.755957140573
-oko	0.0465091914624	0.0146402660124	0.00349708602432	0.935353456501
-aka	0.0763283322985	0.185447169183	0.130509433781	0.607715064737
-oke	0.0	1.0	0.0	0.0
-oka	0.61918029181	0.113388078305	0.0117310653274	0.255700564557
-piꞌ	0.0684790606777	0.819644114599	0.0216791018206	0.0901977229031
-ꞌai	0.39703880379	0.246131799778	0.0643825437281	0.292446852704
-ida	0.00568181818181	0.909090909091	0.0	0.0852272727273
-ꞌau	0.279583875162	0.591677503251	0.0	0.128738621586
-iuꞌ	0.0296953335904	0.938400588998	0.00147249588052	0.0304315815307
-uta	0.190720155665	0.68607298847	0.0623486306899	0.0608582251754
-teu	0.403980664746	0.122594527166	0.0361000475904	0.437324760497
-ria	0.0509554140128	0.949044585987	0.0	0.0
-rin	0.351351351351	0.594594594595	0.0540540540541	0.0
-te~	0.154892726321	0.757195185767	0.00627943485086	0.0816326530612
-eru	0.291386682957	0.555894929749	0.0855222968846	0.0671960904093
-tee	0.140344046494	0.00630159709823	0.000169617459531	0.853184738948
-ri~	0.48871063577	0.24688057041	0.20202020202	0.0623885918003
-tei	0.0951509069362	0.651654264576	0.0139857153533	0.239209113135
-aku	0.271393643032	0.325316737053	0.0547677261614	0.348521893754
-are	0.258900567279	0.440796633242	0.0807936559292	0.219509143549
-ara	0.187640390841	0.208657273201	0.0928979516583	0.5108043843
-mes	0.0266666666666	0.973333333333	0.0	0.0
-lus	0.0	0.954198473282	0.0458015267176	0.0
-ari	0.34691678044	0.372352238431	0.110012635279	0.17071834585
-aru	0.62599361231	0.35900654075	0.00428567055439	0.0107141763859
-niꞌ	0.0956713409796	0.809875745695	0.0165660767306	0.0778868365948
-men	0.0	1.0	0.0	0.0
-mei	0.536453814225	0.272854473966	0.0180568909317	0.172634820877
-oaꞌ	0.321255287709	0.133840885662	0.0382673516197	0.506636475008
-ero	0.467151055747	0.0427717353883	0.0132922590553	0.47678494981
-vue	0.265486725664	0.283185840708	0.214917825537	0.236409608091
-vui	0.35097208377	0.311155857619	0.0568284486343	0.281043609977
-viꞌ	0.047583759117	0.797964039159	0.0479737899294	0.106478411795
-eaꞌ	0.128038913118	0.0484501105447	0.0196317419761	0.803879234362
-iaꞌ	0.428302081774	0.34314666433	0.083572886995	0.144978366901
-ota	0.171113404088	0.433634696017	0.371175642033	0.0240762578616
-oti	0.0272518646012	0.960126219162	0.0	0.0126219162364
-oto	0.053827764672	0.789258330461	0.0171014120494	0.139812492818
-962	0.0	0.375	0.0	0.625
-uma	0.400784366819	0.338295848654	0.040804325114	0.220115459414
-otu	0.156022332184	0.717601742718	0.0558304600603	0.0705454650374
-969	0.0	0.0	0.0	1.0
-umo	0.216755906921	0.19403609464	0.0392045309076	0.550003467531
-umi	0.0	0.881720430108	0.0	0.118279569892
-ako	0.422758725197	0.236891716252	0.0565171542516	0.2838324043
ALL	0.213785330339	0.263172783556	0.0485392587398	0.474502627365
-nai	0.644720298431	0.244650678277	0.0376915203691	0.0729375029225
-nan	0.0335195530726	0.932960893855	0.0335195530726	0.0
-si~	0.153354632588	0.709265175719	0.137380191693	0.0
-kie	0.876149008224	0.118045476536	0.0	0.00580551523947
-kaꞌ	0.241938050687	0.294496192371	0.125603764201	0.337961992741
-sis	0.0254237288135	0.974576271186	0.0	0.0
-ake	0.172063327184	0.0127519610652	0.00176294392607	0.813421767824
-naa	0.192385853676	0.32376940046	0.153486827168	0.330357918695
-kim	0.0	1.0	0.0	0.0
-840	0.0	1.0	0.0	0.0
-kis	0.0	0.932387250167	0.0676127498328	0.0
-sii	0.28125	0.34375	0.0	0.375
-upi	0.0721062618596	0.851992409867	0.045540796964	0.0303605313093
-nas	0.0	1.0	0.0	0.0
-sia	0.116786629785	0.757100030413	0.0561630146707	0.0699503251315
-sie	0.112114018044	0.733427808046	0.055100698153	0.0993574757568
-nau	0.306423623069	0.47138839985	0.0453053298377	0.176882647244
-mou	0.408227848101	0.506329113924	0.0854430379747	0.0
-mos	0.0	1.0	0.0	0.0
-365	0.0	0.0	0.0	1.0
-moo	0.0954076183695	0.195087219651	0.23531505874	0.47419010324
-mon	0.0	1.0	0.0	0.0
-moi	0.23331938698	0.387657117135	0.0721572420704	0.306866253815
-ꞌei	0.64495117485	0.0868097596398	0.0377898476843	0.230449217826
-nuu	0.302521008403	0.176470588235	0.420168067227	0.100840336134
-eoo	0.0	1.0	0.0	0.0
-nta	0.163635325768	0.675679708379	0.0476706098197	0.113014356034
-bei	0.556106491723	0.414829506446	0.0290640018308	0.0
-ben	0.0	1.0	0.0	0.0
-bel	0.303114712586	0.696885287414	0.0	0.0
-iso	0.0	1.0	0.0	0.0
-evu	0.515873015873	0.484126984127	0.0	0.0
-rei	0.224673920389	0.572571016647	0.120317181411	0.0824378815526
-isi	0.162839260901	0.762877000513	0.0361452330152	0.0381385055711
-rea	0.0	1.0	0.0	0.0
-eve	0.462731684035	0.186460902076	0.0	0.350807413889
-eva	0.161696615588	0.62333259839	0.0478172197112	0.16715356631
-evo	0.408695652174	0.315217391304	0.0326086956522	0.24347826087
-edi	0.0	0.993492407809	0.0	0.0065075921909
-reu	0.0545950864422	0.945404913558	0.0	0.0
-avo	0.110315969801	0.26712600305	0.518359468821	0.104198558328
-ava	0.0905588239163	0.607731377492	0.0328874228071	0.268822375785
-mas	0.154536082474	0.843402061856	0.0020618556701	0.0
-ave	0.248125608104	0.614323597306	0.056088673522	0.0814621210675
-mai	0.132772617972	0.706828839709	0.0473093116887	0.11308923063
-maa	0.252119889178	0.640416421795	0.0402988833851	0.0671648056419
-i-e	0.0	0.827696573301	0.172303426699	0.0
-kii	0.362087326943	0.297124600639	0.212992545261	0.127795527157
-nku	0.235629320625	0.513487288958	0.100402102011	0.150481288406
-uni	0.15414655364	0.663831537541	0.0925711421992	0.0894507666196
-ung	0.278566250253	0.261566633457	0.0920625968805	0.367804519409
-oua	0.177155390585	0.725169745416	0.0229823209408	0.0746925430576
-782	0.0	0.545454545455	0.0	0.454545454545
-nke	0.16439630255	0.294670367933	0.0148384511919	0.526094878326
-nka	0.105970186529	0.299702594306	0.0399743106094	0.554352908555
-tiꞌ	0.0148008698757	0.800447921062	0.171767989873	0.0129832191892
-aiꞌ	0.113681703109	0.05118918215	0.00912249320535	0.826006621536
-nko	0.262889178065	0.274707374882	0.0341699806778	0.428233466375
-ngꞌ	0.172043010753	0.5770609319	0.207885304659	0.0430107526882
-666	0.016393442623	0.0327868852459	0.0	0.950819672131
-no~	0.358974358974	0.641025641026	0.0	0.0
-gai	0.0785984016861	0.73311671204	0.128918942654	0.0593659436199
-144	0.1546875	0.149479166667	0.0234375	0.672395833333
-sen	0.0	1.0	0.0	0.0
-ina	0.0	1.0	0.0	0.0
-ine	0.45	0.05	0.05	0.45
-ing	0.224901367509	0.272726218986	0.0416294546704	0.460742958834
-800	0.0	0.0	0.0	1.0
-807	0.0	0.666666666667	0.0	0.333333333333
-set	0.0	1.0	0.0	0.0
-ses	0.0	1.0	0.0	0.0
-inu	0.104491578291	0.614160948222	0.187772925764	0.093574547723
-ooa	0.0107827476038	0.973775292865	0.00425985090522	0.0111821086262
-nuꞌ	0.206741326615	0.551368312728	0.204888417773	0.0370019428832
-eda	0.0	1.0	0.0	0.0
-iaa	0.134252979712	0.814752820986	0.0169692072379	0.0340249920637
-iam	0.0	1.0	0.0	0.0
-ian	0.0	0.917398945518	0.0615114235501	0.0210896309315
-iai	0.433949574799	0.31909764869	0.0753574788179	0.171595297693
-nes	0.0603448275862	0.939655172414	0.0	0.0
-182	0.0	0.0	0.0	1.0
-iau	0.238976801751	0.401047327339	0.21775464251	0.1422212284
-kue	0.337408312958	0.505786471068	0.0924205378973	0.0643846780766
-ias	0.0156458459673	0.975864160097	0.0	0.00848999393572
-kui	0.373552123552	0.360199485199	0.0844594594594	0.181788931789
-oo~	0.267255353639	0.390410374542	0.030500810511	0.311833461309
-aꞌ~	0.303448275862	0.593103448276	0.0413793103448	0.0620689655172
-eka	0.038698002862	0.0124395188382	0.00175922287292	0.947103255427
-paꞌ	0.167874650045	0.142620559233	0.0844324541797	0.605072336541
-eke	0.173221058424	0.0163499518541	0.00536482795213	0.80506416177
-los	0.00525854513584	0.98685363716	0.0	0.00788781770377
-uue	0.211900425015	0.696296296296	0.0204007285975	0.071402550091
-eko	0.562461133851	0.227902475134	0.0419691185818	0.167667272433
-baa	0.0885702513366	0.110584040102	0.00310761797644	0.797738090585
-aꞌo	0.108333333333	0.841666666667	0.0	0.05
-500	0.0	0.333333333333	0.666666666667	0.0
-aꞌi	0.317829457364	0.240310077519	0.441860465116	0.0
-aꞌe	0.352432969215	0.204419066534	0.0250248262165	0.418123138034
-bas	0.0295899347623	0.944780987884	0.00194159676918	0.023687480584
-905	0.0	1.0	0.0	0.0
-ase	0.0	1.0	0.0	0.0
-asa	0.0	1.0	0.0	0.0
-asi	0.0715181506736	0.639274248257	0.0762535452693	0.2129540558
-930	0.0	0.0	0.0	1.0
-ra~	0.299872028542	0.606266723543	0.0560747663551	0.0377864815605
-ꞌna	0.704096045198	0.07697740113	0.00706214689266	0.21186440678
-rat	0.0	1.0	0.0	0.0
-ras	0.0	1.0	0.0	0.0
-eri	0.465712117729	0.27865921848	0.0664395899857	0.189189073805
-ram	0.0	1.0	0.0	0.0
-rak	0.0508474576271	0.949152542373	0.0	0.0
-rai	0.183407905629	0.252071457758	0.0874938639907	0.477026772622
-era	0.24067540128	0.113064309593	0.0220236670597	0.624236622067
-ꞌnu	0.241616112081	0.618455050404	0.0667803342434	0.0731485032714
-ere	0.0828474458272	0.658376120442	0.246592985815	0.0121834479158
-raa	0.0363396101751	0.892632969937	0.0	0.0710274198877
-liꞌ	0.0612104539203	0.918156808803	0.0	0.0206327372765
-poi	0.454889037528	0.221169062108	0.0232202772295	0.300721623135
-ruꞌ	0.519536204234	0.178694537747	0.0469112686342	0.254857989384
--nu	0.390134529148	0.591928251121	0.0	0.0179372197309
-ike	0.594295173819	0.141347255826	0.073093085445	0.19126448491
-ika	0.303139013453	0.487892376682	0.106726457399	0.102242152466
-iko	0.410703267884	0.327970200279	0.0667082609585	0.194618270878
-koꞌ	0.304534125626	0.169553310929	0.0335614813104	0.492351082134
-oui	0.0353982300885	0.929203539823	0.0	0.0353982300885
-tuꞌ	0.6337597263	0.180438051552	0.0631745330202	0.122627689128
-lai	0.0	1.0	0.0	0.0
-iki	0.256717850288	0.559980806142	0.00959692898272	0.173704414587
-aam	0.0	1.0	0.0	0.0
-noi	0.228396841969	0.293175776001	0.0181603170625	0.460267064968
-iku	0.0655917136069	0.800459168691	0.0352812408233	0.0986678768788
-iks	0.175783650891	0.754148740012	0.0295021511985	0.040565457898
-las	0.0121224165342	0.980723370429	0.00238473767885	0.00476947535771
-aae	0.0678231250209	0.663936582962	0.0284649498395	0.239775342177
-vaꞌ	0.459536156581	0.248983927672	0.0897536331049	0.201726282642
-boi	0.410714285714	0.428571428571	0.0892857142857	0.0714285714286
-ge~	0.234573716439	0.59585492228	0.0635892604805	0.105982100801
-don	0.0	1.0	0.0	0.0
-dom	0.00773993808049	0.99226006192	0.0	0.0
-187	0.0	0.0	0.0	1.0
-doi	0.399536768964	0.412275622467	0.153445280834	0.034742327736
-mpo	0.0	1.0	0.0	0.0
-mpi	0.18251133254	0.540849366004	0.136805163878	0.139834137578
-toi	0.19284990987	0.293738284869	0.0724776110828	0.440934194179
-oli	0.0	1.0	0.0	0.0
-olo	0.0605162795096	0.909225580736	0.00283670060201	0.0274214391528
-to~	0.145296742682	0.538107452827	0.0091359499631	0.307459854528
-voi	0.374688696277	0.338400222135	0.113310074059	0.173601007529
-lon	0.0	1.0	0.0	0.0
-ni~	0.125662198391	0.869833780161	0.00450402144773	0.0
-iel	0.0698951572641	0.930104842736	0.0	0.0
-ien	0.0	1.0	0.0	0.0
-ro~	0.0	0.291139240506	0.708860759494	0.0
-ma~	0.304989871407	0.412253369428	0.0552158975662	0.227540861599
-iee	0.603329474671	0.304062620583	0.0694559285596	0.0231519761866
-ie~	0.37610619469	0.62389380531	0.0	0.0
-rom	0.376470588235	0.277647058824	0.164705882353	0.181176470588
-roi	0.236395138972	0.342371422078	0.0655014104467	0.355732028503
-deu	0.182194616977	0.0351966873706	0.194616977226	0.587991718426
-ꞌma	0.253781892075	0.109731316324	0.00541883043577	0.631067961165
-peꞌ	0.296906326392	0.519925737002	0.0376347076226	0.145533228984
-ipa	0.192466643051	0.594993505727	0.0708466170741	0.141693234148
-eeꞌ	0.182024462569	0.057700542874	0.00977188332143	0.750503111236
-276	0.0	0.252403846154	0.0	0.747596153846
-mpa	0.269078947368	0.671710526316	0.0197368421053	0.0394736842105
-ioꞌ	0.442288336643	0.283265892577	0.0740004275465	0.200445343234
-muꞌ	0.289527302196	0.200490343939	0.0823984936266	0.427583860238
-avu	0.331102907245	0.584551094703	0.0358919140645	0.0484540839871
-200	0.136263736264	0.437362637363	0.043956043956	0.382417582418
-oiꞌ	0.0630513027957	0.6024548617	0.284437539698	0.0500562958061
-mue	0.500317998728	0.356158575366	0.0756836972652	0.0678397286411
-ioi	0.408602150538	0.226372382569	0.254668930391	0.110356536503
-ois	0.0	1.0	0.0	0.0
-ion	0.0	0.952859836581	0.0471401634193	0.0
-oi~	0.111463471929	0.823349776838	0.0334742776603	0.0317124735729
-mui	0.3909831783	0.302858538418	0.135912615882	0.170245667399
-oia	0.0386752778613	0.93962150796	0.0105136677681	0.0111895464103
-eeo	0.305131004367	0.194323144105	0.0065502183406	0.493995633188
-eei	0.220264317181	0.303964757709	0.0396475770925	0.436123348018
-eea	0.0	1.0	0.0	0.0
-ee~	0.202702702703	0.75051975052	0.0467775467775	0.0
-ꞌpi	0.184956843403	0.141800246609	0.0937114673243	0.579531442663
-ale	0.0	1.0	0.0	0.0
-ala	0.0	1.0	0.0	0.0
-uvi	0.0482727409866	0.857444561774	0.0241363704933	0.0701463267461
-pee	0.327027027027	0.510810810811	0.00810810810811	0.154054054054
-pea	0.388140161725	0.382749326146	0.21832884097	0.010781671159
-iꞌ~	0.913043478261	0.0289855072464	0.0	0.0579710144928
-ꞌda	0.173419773096	0.63209076175	0.0	0.194489465154
-loi	0.0231010395468	0.916258731643	0.0404268192068	0.0202134096034
-pei	0.312720375748	0.441970937539	0.0467254641358	0.198583222577
-ꞌde	0.0358470525757	0.790228359002	0.0910780669144	0.0828465215083
-peu	0.103165985482	0.750796071494	0.00768620752759	0.138351735497
-153	0.0	0.0	0.096256684492	0.903743315508
-eli	0.00680272108843	0.931972789116	0.0204081632653	0.0408163265306
-iꞌa	0.854368932039	0.145631067961	0.0	0.0
-ꞌdu	0.0545769109783	0.160899653979	0.0778546712803	0.706668763762
-ele	0.00511596180082	0.994884038199	0.0	0.0
-loꞌ	0.0363372093023	0.963662790698	0.0	0.0
-ieꞌ	0.430167597765	0.402234636871	0.0335195530726	0.134078212291
-itu	0.140737101605	0.673346943163	0.0663658378381	0.119550117394
-ito	0.0758425174347	0.864370449947	0.0101048505835	0.0496821820353
-esi	0.226574817461	0.616408178089	0.0431633929448	0.113853611506
-rie	0.321511822697	0.49680499524	0.11517366668	0.0665095153832
-unu	0.436507936508	0.333333333333	0.214285714286	0.015873015873
-roꞌ	0.206123960486	0.203614725614	0.0777087921592	0.51255252174
-esa	0.0	0.857142857143	0.0	0.142857142857
-ite	0.0	1.0	0.0	0.0
-830	0.0	1.0	0.0	0.0
-ita	0.190248266533	0.480795450691	0.0437673756981	0.285188907078
-toꞌ	0.146172450468	0.353080827958	0.153487825261	0.347258896314
-105	0.0	1.0	0.0	0.0
-nki	0.790968963885	0.109594937799	0.0632775171106	0.0361585812061
-uda	0.0	1.0	0.0	0.0
-voꞌ	0.246527777778	0.364583333333	0.388888888889	0.0
-saꞌ	0.0714337548303	0.886023475626	0.0149217176757	0.0276210518677
-tua	0.149191877331	0.622461665976	0.110236220472	0.11811023622
-8:3	0.0714285714285	0.541071428571	0.0714285714286	0.316071428571
-koa	0.289407238187	0.617410123843	0.0120235661897	0.0811590717807
-tue	0.119911648328	0.752412054854	0.0513848989105	0.0762913979077
-laꞌ	0.053049785183	0.881350190178	0.00292582269515	0.0626742019434
-tui	0.457196344935	0.218106909966	0.0616322525419	0.263064492557
-koo	0.194321617211	0.378916152372	0.0479188785519	0.378843351865
-kon	0.0	1.0	0.0	0.0
-va~	0.0731707317073	0.890243902439	0.0	0.0365853658537
-oru	0.145005370569	0.305048335124	0.453276047261	0.0966702470462
-aaꞌ	0.224958637442	0.413993374628	0.0843139830171	0.276734004913
-soo	0.0	1.0	0.0	0.0
-ori	0.308883873028	0.213336078184	0.118004129385	0.359775919404
-noꞌ	0.0852713178295	0.111111111111	0.348837209302	0.454780361757
-tuu	0.0994017487344	0.0570639668661	0.839392544869	0.0041417395306
-kos	0.0384615384615	0.923076923077	0.0384615384615	0.0
-ko~	0.396748652452	0.449276680485	0.0405461038401	0.113428563222
-tu~	0.39314516129	0.440524193548	0.0504032258065	0.115927419355
-ris	0.0993103448275	0.826206896552	0.00827586206895	0.0662068965517
-ru~	0.269928086701	0.268206218981	0.0212701306593	0.440595563659
-rus	0.0	0.980707395498	0.0	0.0192926045016
-rut	0.0	1.0	0.0	0.0
-lis	0.0392156862745	0.960784313726	0.0	0.0
-rui	0.389866705718	0.264041053052	0.152036025152	0.194056216078
-omo	0.421621621622	0.268648648649	0.0308108108108	0.278918918919
-poꞌ	0.0526363727793	0.0773843298551	0.028921838094	0.841057459272
-lie	0.148148148148	0.851851851852	0.0	0.0
-oma	0.308930326263	0.414626210124	0.0606879904974	0.215755473115
-rua	0.4	0.535483870968	0.0	0.0645161290322
-lia	0.0	1.0	0.0	0.0
-rue	0.248257742172	0.450118447689	0.149967696085	0.151656114054
-eap	0.0	1.0	0.0	0.0
-eas	0.0	0.823529411765	0.0	0.176470588235
-raꞌ	0.194108971179	0.632206369217	0.0367952903683	0.136889369236
-eai	0.522454615157	0.320240938694	0.0619041794331	0.0954002667152
-uri	0.310693122723	0.44062142447	0.0841234942544	0.164561958552
-uro	0.0475218832446	0.602890830126	0.181398830445	0.168188456185
-ura	0.576806322468	0.164040274341	0.031811932103	0.227341471088
-162	0.0	0.333333333333	0.0	0.666666666667
-uru	0.647119875454	0.130773222626	0.0695381421899	0.15256875973
-eiꞌ	0.144135060923	0.114467135747	0.0527072249871	0.688690578342
-pai	0.42888667792	0.222463192962	0.104249158776	0.244400970342
-ape	0.164153846859	0.669172300128	0.0469789435253	0.119694909488
-api	0.174013921114	0.686774941995	0.0	0.139211136891
-apo	0.055250640322	0.92060007318	0.00878155872667	0.0153677277717
-dua	0.0619977037887	0.121699196326	0.0551090700344	0.761194029851
-due	0.143456124588	0.212938005391	0.109613656784	0.533992213238
-apu	0.220467222621	0.505053294306	0.0	0.274479483073
-dui	0.402157164869	0.42218798151	0.101694915254	0.0739599383667
-pas	0.0554528650646	0.909632368043	0.0225919079893	0.0123228589033
-pat	0.0	1.0	0.0	0.0
-pau	0.0232108317215	0.0754352030947	0.901353965184	0.0
-kee	0.507772020725	0.367875647668	0.0	0.124352331606
-aro	0.184400725298	0.61880304105	0.109367217358	0.0874290162945
-nui	0.663480188418	0.169767887972	0.0279749344587	0.138776989151
-koi	0.263352349509	0.51198364894	0.0553584574966	0.169305544054
-nue	0.304232804233	0.505291005291	0.0317460317461	0.15873015873
-sus	0.0	0.9375	0.0625	0.0
-ooꞌ	0.180289408221	0.389408309436	0.0448621995066	0.385440082836
-kei	0.24220751267	0.0385798983024	0.0365808956725	0.682631693356
-nu~	0.495412844037	0.43119266055	0.0183486238532	0.0550458715597
-ꞌui	0.447149605086	0.109454671547	0.124134232325	0.319261491042
-neꞌ	0.251297990098	0.550148550223	0.0792437073973	0.119309752281
-ket	0.0	1.0	0.0	0.0
-ke~	0.0	1.0	0.0	0.0
-kuꞌ	0.0517542328504	0.655114330599	0.0435503578286	0.249581078722
-nus	0.0530973451327	0.893805309735	0.0176991150442	0.0353982300885
-seꞌ	0.0	1.0	0.0	0.0
-dia	0.0290627270526	0.970937272947	0.0	0.0
-tus	0.033698399326	0.839932603201	0.126368997473	0.0
-uiꞌ	0.0152777777778	0.968055555556	0.0111111111111	0.00555555555554
-dis	0.0	1.0	0.0	0.0
-oro	0.0739111503121	0.723558900041	0.0397467817388	0.162783167908
-ovo	0.175308641975	0.485280151947	0.0237416904083	0.31566951567
-uku	0.128914176581	0.840946166395	0.00865396092787	0.0214856960968
-ovi	0.203710371103	0.757405358698	0.0388842701999	0.0
-gaꞌ	0.0	0.821656050955	0.0	0.178343949045
-vei	0.50308461296	0.380663754672	0.0465889134057	0.0696627189624
-uka	0.157378137189	0.490690007058	0.236665778824	0.11526607693
-veu	0.279948271168	0.470868499864	0.0414511298666	0.207732099102
--oo	0.0	0.990415335463	0.00958466453674	0.0
-uko	0.384785022969	0.285760547603	0.0631088706156	0.266345558812
-ora	0.501036508242	0.0669558125706	0.0541788379252	0.377828841262
-ai~	0.189234940157	0.624876016663	0.0322158301924	0.153673212987
-ng~	0.146011794905	0.694591995657	0.0236195550581	0.13577665438
-ouꞌ	0.619175119783	0.10092828771	0.0877712057207	0.192125386787
-aie	0.0811862014884	0.0576115244	0.0096375877896	0.851564686322
-nga	0.20004417386	0.575478746748	0.129741123889	0.0947359555042
-aia	0.0	1.0	0.0	0.0
-nge	0.16263634159	0.315238474173	0.0330652787892	0.489059905448
-ini	0.125811788148	0.828340631227	0.0190493468795	0.0267982337458
-dau	0.0460264598618	0.0174668821457	0.0704299770581	0.866076680934
-aim	0.0	1.0	0.0	0.0
-ore	0.61301369863	0.29478398314	0.0474183350896	0.0447839831401
-oue	0.389576547231	0.278827361563	0.0371335504886	0.294462540717
-ema	0.510802346268	0.27121601392	0.0630992718913	0.154882367921
-260	0.0	0.0453001132503	0.0453001132503	0.909399773499
-maꞌ	0.0680391205164	0.762654039906	0.0158392107833	0.153467628794
-oni	0.0681769673232	0.858384236871	0.0107164394745	0.0627223563314
-juꞌ	0.238450074516	0.365499254843	0.0279433681073	0.368107302534
-reꞌ	0.0815144431895	0.649957066097	0.0754609390885	0.193067551625
-son	0.157894736842	0.78947368421	0.0	0.0526315789474
-uꞌ~	0.250241545894	0.569178743961	0.167053140097	0.0135265700483
-895	0.0	0.0	0.8	0.2
-dai	0.0	1.0	0.0	0.0
-g-a	0.0	1.0	0.0	0.0
-000	0.0959657701711	0.240831295844	0.0458435207823	0.617359413203
-eta	0.179252643238	0.245044511602	0.0475386435217	0.528164201639
-ete	0.220559598237	0.453110587271	0.277134365071	0.0491954494209
-ooe	0.0697786333012	0.400866217517	0.226179018287	0.303176130895
-eto	0.0977178338487	0.0604834602431	0.0555233652348	0.786275340673
-atu	0.0216280794266	0.950893960616	0.0261596770207	0.00131828293648
-300	0.75	0.25	0.0	0.0
-ata	0.193770300563	0.458343817192	0.0255186650807	0.322367217165
-ato	0.28151296955	0.0906567190075	0.0220352216535	0.605795089789
-moꞌ	0.0636994691712	0.740302164149	0.137198856676	0.0587995100041
-nis	0.0514705882353	0.927696078431	0.0061274509804	0.014705882353
-kai	0.161830146803	0.551591501636	0.0962932255269	0.190285126034
-keꞌ	0.0453451340877	0.898674223586	0.026231601258	0.0297490410682
-naꞌ	0.275710759609	0.234804458653	0.10889281639	0.380591965348
-130	0.0	0.333333333333	0.0	0.666666666667
-kaa	0.0	1.0	0.0	0.0
-osi	0.276219805606	0.21056405053	0.0627004124395	0.450515731424
-kiꞌ	0.184671229385	0.534906688603	0.0596114257598	0.220810656252
-nia	0.0	1.0	0.0	0.0
-ka~	0.165830980556	0.732130459602	0.0471584100879	0.0548801497549
-nie	0.110158324218	0.388729862834	0.0237974189506	0.477314393998
-kas	0.0614039168257	0.816160394474	0.0400986184119	0.0823370702889
-nii	0.838683788122	0.125200642055	0.0	0.0361155698234
-kau	0.120182494897	0.607515908272	0.111778124625	0.160523472206
-nou	0.188607428796	0.410158813493	0.039243995275	0.361989762436
-oꞌ~	0.136307311029	0.359355638166	0.392812887237	0.111524163569
-oꞌa	0.0686586141132	0.912269548633	0.0190718372536	0.0
-kol	0.0	1.0	0.0	0.0
-ila	0.00432432432432	0.995675675676	0.0	0.0
--ka	0.0787401574803	0.677165354331	0.0236220472441	0.220472440945
--ke	0.215223097113	0.784776902887	0.0	0.0
-ebi	0.482626619552	0.447290930507	0.0	0.0700824499412
-oam	0.0497320673122	0.887750305537	0.0427752185767	0.0197424085738
-oai	0.435903266764	0.229658779596	0.0714578941469	0.262980059492
-am~	0.169491525424	0.322033898305	0.406779661017	0.101694915254
-amu	0.0630698567217	0.721875642696	0.0385274559539	0.176527044629
-ama	0.48030362997	0.219360558129	0.0578924063798	0.242443405521
-vuꞌ	0.301398152012	0.441425329623	0.0497631442132	0.207413374152
-usi	0.0483224760682	0.865369911613	0.0110713521118	0.0752362602074
-iro	0.0568888888889	0.635259259259	0.295407407407	0.0124444444444
-iri	0.382191349067	0.305641820102	0.162390649196	0.149776181636
-ein	0.0	1.0	0.0	0.0
-usa	0.0	1.0	0.0	0.0
-eie	0.0450128334973	0.0111318412888	0.000548109418674	0.943307215795
-ira	0.490018058772	0.265280210766	0.0631517695818	0.181549960879
-910	0.0	1.0	0.0	0.0
-bal	0.272727272727	0.727272727273	0.0	0.0
-912	0.0	0.666666666667	0.0	0.333333333333
-meꞌ	0.168763579839	0.0924073135751	0.00656985082574	0.73225925576
-epa	0.213341914966	0.19552871692	0.0594972172794	0.531632150835
-riꞌ	0.0823489225016	0.223486175788	0.0664481597778	0.627716741933
-ꞌka	0.16771509527	0.200115651735	0.0968888857771	0.535280367219
-teꞌ	0.10744064594	0.179988592846	0.00367046517132	0.708900296043
-ꞌke	0.0985862300236	0.365266579202	0.0352978100583	0.500849380716
-pia	0.259636003916	0.444890804386	0.0346980718178	0.26077511988
-pie	0.161498321036	0.451067115278	0.0766432710004	0.310791292686
-jop	0.0229709035222	0.977029096478	0.0	0.0
-ius	0.195402298851	0.781609195402	0.0229885057471	0.0
-ium	0.097205346294	0.902794653706	0.0	0.0
-pi~	0.151709401709	0.604700854701	0.121794871795	0.121794871795
-ue~	0.219588029537	0.737660318694	0.0	0.0427516517684
-ueu	0.0606626224918	0.859076061596	0.0662622491834	0.0139990667289
-deꞌ	0.0208333333333	0.916666666667	0.0625	0.0
-uei	0.413246268657	0.33302238806	0.19776119403	0.0559701492537
-iie	0.0862831858407	0.900442477876	0.0132743362832	0.0
-siꞌ	0.0758272676981	0.724701996509	0.0711070073467	0.128363728447
-vaa	0.269853508096	0.730146491904	0.0	0.0
-ong	0.1857933339	0.473600714499	0.0569158377742	0.283690113827
-one	0.247099269446	0.576708207993	0.0902449505801	0.0859475719811
-anu	0.167530203568	0.756620112523	0.0574181257812	0.018431558128
-ona	0.169049846318	0.494520914072	0.0160363490579	0.320392890552
-ono	0.0791049976878	0.651009537961	0.0714044626372	0.198481001714
-uaꞌ	0.40114139196	0.204763246349	0.0686191738293	0.325476187862
-das	0.187817258883	0.796954314721	0.0152284263959	0.0
-ana	0.0560042267341	0.731149520719	0.194731677862	0.0181145746849
-onu	0.0830019521365	0.837820033901	0.0643321363443	0.0148458776179
-ane	0.11684356378	0.0315399703911	0.0165999844163	0.835016481413
-ang	0.214630287893	0.21845568122	0.0289654381518	0.537948592735
-puꞌ	0.179399013305	0.684556734938	0.127074301091	0.00896995066529
-ani	0.170932184659	0.481819700841	0.0772253866002	0.2700227279
-ank	0.297003447362	0.429594272076	0.0920180323521	0.18138424821
-595	0.0	0.0	0.8	0.2
-tam	0.0	1.0	0.0	0.0
-tai	0.127063427786	0.777644568927	0.0269231996948	0.0683688035923
-777	0.0	0.0	0.0	1.0
-taa	0.0467587884589	0.0749192992717	0.0426489778646	0.835672934405
-tab	1.0	0.0	0.0	0.0
-ta~	0.250375563345	0.64897346019	0.0751126690035	0.0255383074612
-vai	0.443481064374	0.346756216306	0.0941076745961	0.115655044725
-tau	0.136892015907	0.717191801774	0.0931095136127	0.052806668706
-auꞌ	0.505557048562	0.155724029861	0.144674681883	0.194044239693
-tas	0.0775985236338	0.881027503274	0.00803667103224	0.0333373020598
-mii	0.104404525322	0.788826975282	0.101313174609	0.00545532478667
-euꞌ	0.426487479856	0.27537027331	0.100407398697	0.197734848138
-mis	0.0	0.957746478873	0.0422535211268	0.0
-eni	0.0767341564671	0.130308607973	0.0106407276538	0.782316507907
-eng	0.219400298933	0.467999818855	0.147232629292	0.16536725292
-ena	0.135407766068	0.832194056774	0.0249216747365	0.00747650242095
