-u-u	0.301038062284	0.59169550173	0.100346020761	0.00692041522491
-imó	0.06409514455	0.650228998307	0.0435771963019	0.242098660841
-eus	0.00604960677556	0.946763460375	0.00725952813066	0.0399274047187
-hem	0.0353982300885	0.933628318584	0.0	0.0309734513274
-itú	0.465029774504	0.422171422121	0.049936499873	0.0628623035024
-imí	0.0123270477841	0.545901443385	0.0859904969668	0.355781011864
-lem	0.00487205172571	0.987296238958	0.00068299790547	0.00714871141062
-oye	0.180643942847	0.469344028611	0.168618442745	0.181393585798
-oya	0.145312460828	0.259545950305	0.0387895358684	0.556352052999
-oyo	0.620064724919	0.152103559871	0.100970873786	0.126860841424
-isó	0.326403326403	0.623700623701	0.049896049896	0.0
-oyi	0.507175557073	0.259146719553	0.0644569946671	0.169220728707
-aua	0.0440528634361	0.933920704846	0.0220264317181	0.0
-esó	0.107980572542	0.38329143529	0.202373667176	0.306354324993
-úko	0.135294117647	0.33	0.0635294117647	0.471176470588
-ŋgí	0.162004922801	0.755202506154	0.0147684045648	0.0680241664802
-pus	0.00544959128065	0.983651226158	0.00544959128065	0.00544959128065
-kia	0.0	0.957446808511	0.0425531914894	0.0
-utí	0.0494965537446	0.896843630981	0.0171156307341	0.0365441845404
-utó	0.377676241232	0.535378905172	0.0227276897996	0.064217163796
-apa	0.110091743119	0.889908256881	0.0	0.0
-okó	0.444794966817	0.364314233349	0.0520704968206	0.138820303013
-nan	0.0175585284281	0.932274247492	0.0501672240803	0.0
-úyó	0.153846153846	0.788461538462	0.0576923076923	0.0
-ará	0.154512723464	0.690632608762	0.0759961624754	0.0788585052987
-iva	0.0	0.980392156863	0.0196078431372	0.0
-arí	0.0806793056405	0.905325304606	0.00740932398739	0.00658606576657
-éyó	0.258823529412	0.370588235294	0.0	0.370588235294
-opo	0.13819074346	0.594933313956	0.0639214490797	0.202954493504
-aró	0.535471162351	0.116482016963	0.0293861201334	0.318660700552
-ope	0.373656018543	0.372655207007	0.111753575883	0.141935198567
-opa	0.0703106473797	0.847403367323	0.0104339577899	0.0718520275077
-imu	0.173076923077	0.780769230769	0.0	0.0461538461538
-400	0.306666666667	0.266666666667	0.0133333333333	0.413333333333
-ima	0.0219824140687	0.953037569944	0.0118904876099	0.0130895283773
-oko	0.139898011279	0.367309011967	0.0414813657793	0.451311610975
-ime	0.0363825363825	0.846626346626	0.0735683235683	0.0434227934228
-kim	0.0	1.0	0.0	0.0
-imi	0.164873311471	0.174241218416	0.28042233199	0.380463138123
-oka	0.277700334183	0.347820968057	0.0450034095197	0.32947528824
-imo	0.282888573538	0.388189661783	0.0947339868228	0.234187777856
-oyó	0.246300557255	0.520738034369	0.0905099664739	0.142451441901
-aqo	0.179886795379	0.237419554935	0.0550515623789	0.527642087307
-100	0.0263860547606	0.0817652943295	0.0879535158688	0.803895135041
-uta	0.112	0.84	0.0	0.048
-tet	0.161318300087	0.747614917606	0.0676496097138	0.0234171725932
-ute	0.450953678474	0.300862851953	0.127384196185	0.120799273388
-rin	0.0508130081301	0.932164634146	0.00457317073171	0.0124491869919
-ril	0.0	0.985294117647	0.0147058823529	0.0
-uti	0.0	1.0	0.0	0.0
-aus	0.432835820896	0.507462686567	0.0	0.0597014925373
-tea	0.0203045685279	0.979695431472	0.0	0.0
-ris	0.026582278481	0.973417721519	0.0	0.0
-utu	0.10503580216	0.812282193779	0.0154318589348	0.0672501451257
-tek	0.0407782826517	0.941162763602	0.00582546895027	0.0122334847955
-ten	0.0995260663508	0.758293838863	0.113744075829	0.0284360189573
-are	0.0515036724872	0.428264890517	0.0153817070372	0.504849729959
-ara	0.306898334434	0.343628935922	0.268415377175	0.0810573524688
-mes	0.0502512562814	0.939698492462	0.0100502512563	0.0
-aro	0.35434409203	0.137526519933	0.0800862326296	0.428043155407
-ari	0.354334029853	0.434521898325	0.0716912636624	0.13945280816
-nzi	0.110497237569	0.616942909761	0.106813996317	0.165745856354
-art	0.112676056338	0.718309859155	0.140845070423	0.0281690140845
-aru	0.0644620501467	0.539145894401	0.0195568496942	0.376835205758
-luk	0.0210526315789	0.978947368421	0.0	0.0
-mea	0.0	0.948717948718	0.0512820512821	0.0
-opé	0.532030464767	0.228630908863	0.0206185253846	0.218720100985
-lun	0.0	1.0	0.0	0.0
-éye	0.17859239432	0.462143880755	0.18929597429	0.169967750635
-mel	0.162350763096	0.551399207235	0.252070921649	0.0341791080202
-men	0.125	0.84375	0.0	0.03125
-mek	0.0	1.0	0.0	0.0
-aye	0.139423885738	0.711383236282	0.0524694989656	0.0967233790142
-mas	0.0332005312085	0.942895086321	0.0	0.0239043824701
-aya	0.310562424442	0.349037938749	0.0813847699192	0.25901486689
-ayo	0.0373831775701	0.682242990654	0.0	0.280373831776
-ayi	0.603216278307	0.237282573023	0.112241549065	0.0472595996061
-óye	0.193140976118	0.486664875214	0.183567901649	0.136626247019
-tyu	0.0	1.0	0.0	0.0
-mos	0.0376175548589	0.962382445141	0.0	0.0
-mor	0.0	0.916666666667	0.0833333333333	0.0
-umu	0.452500963903	0.293704382568	0.116044602033	0.137750051495
-ota	0.339822836563	0.383193634296	0.164525191931	0.11245833721
-ija	0.00156985871272	0.998430141287	0.0	0.0
--qa	0.0525780520263	0.935037488775	0.00887180245452	0.00351265674419
-oti	0.264661495816	0.613737276377	0.0274888531504	0.0941123746569
-isá	0.10568777733	0.758773699072	0.118596208148	0.0169423154498
-oto	0.213500183987	0.446465781102	0.0474777138884	0.292556321022
-ume	0.709677419355	0.193548387097	0.0483870967742	0.0483870967742
-oŋe	0.492212289895	0.24898913891	0.0627005856649	0.196097985531
-uma	0.169920636831	0.57341293724	0.0624513509392	0.19421507499
-umo	0.215317494518	0.291941372783	0.442347989814	0.0503931428855
-mat	0.0	1.0	0.0	0.0
-umi	0.178798047127	0.152301359339	0.152905354976	0.515995238558
-lyó	0.208	0.576	0.216	0.0
-ako	0.159182161155	0.456999476905	0.0570946335784	0.326723728361
ALL	0.232553796602	0.280601983582	0.0536742581321	0.433169961684
-nai	0.0095238095238	0.990476190476	0.0	0.0
-ŋgé	0.236634391572	0.676881100804	0.0470074104763	0.0394770971475
-aki	0.770299145299	0.229700854701	0.0	0.0
-nde	0.239991446904	0.0868363250863	0.0107609768057	0.662411251204
-ake	0.267436750581	0.649695523887	0.0640341515475	0.0188335739846
-sip	0.0340080666132	0.932653316904	0.0186107136191	0.014727902864
-kin	0.0408163265306	0.959183673469	0.0	0.0
-aka	0.187578966746	0.233415918566	0.0569150221419	0.522090092546
-kis	0.0483046031445	0.928963818905	0.0068194733851	0.0159121045653
-sin	0.125816911948	0.761336991769	0.105063606884	0.00778248939887
-nas	0.0191846522781	0.956834532374	0.0191846522782	0.00479616306955
-sia	0.00805295427508	0.977061281762	0.00841899765122	0.0064667663118
-ŋgó	0.254095899096	0.61819435639	0.0334234264295	0.0942863180842
-ker	0.0	0.964285714286	0.0357142857143	0.0
-gok	0.0769230769231	0.846153846154	0.0769230769231	0.0
-ayá	0.428079383303	0.322289650648	0.178120387076	0.0715105789732
-gol	0.0151551030073	0.7099218565	0.270660667772	0.00426237272081
-íqo	0.193092258173	0.093617122079	0.0345123986129	0.678778221135
-huí	0.0972338642078	0.892707460184	0.00502933780386	0.00502933780386
-atú	0.0527364127858	0.889310442948	0.0299724935977	0.0279806506687
-lko	0.0702338440272	0.851791268287	0.013466190531	0.0645086971547
-ayó	0.101475432596	0.441430753114	0.360603804067	0.0964900102232
-mon	0.00682446699238	0.992200609152	0.000974923856057	0.0
-eor	0.0204081632653	0.979591836735	0.0	0.0
-eon	0.0104529616725	0.984320557491	0.00522648083623	0.0
-lpe	0.241935483871	0.551612903226	0.0903225806452	0.116129032258
-lpo	0.00541027953111	0.596483318305	0.38007213706	0.0180342651037
-bea	0.0	0.853658536585	0.146341463415	0.0
-iso	0.365417257979	0.418788435317	0.116732058881	0.0990622478226
-upu	0.532258064516	0.380184331797	0.0691244239631	0.0184331797235
-isi	0.117372307591	0.858879124614	0.00582201731256	0.0179265504822
-isa	0.187369807973	0.144642123878	0.0342605175582	0.63372755059
-upe	0.357798165138	0.160550458716	0.0	0.481651376147
-umí	0.177844659714	0.502917546368	0.149883300593	0.169354493325
-upo	0.252619076623	0.306096966744	0.329897064198	0.111386892435
-ret	0.0260475389346	0.952646031191	0.00348442955047	0.0178220003237
-upi	0.957446808511	0.0	0.0	0.0425531914894
-eqa	0.864201016375	0.036984754376	0.0372670807454	0.0615471485037
-ŋgo	0.390755812142	0.218233474434	0.0524658711852	0.338544842239
-jut	0.02	0.92	0.06	0.0
-ŋge	0.295290118252	0.134394694804	0.102848497097	0.467466689847
-oas	0.0362831858407	0.963716814159	0.0	0.0
-úne	0.227390901148	0.682553296418	0.0540334814608	0.0360223209739
-mar	0.0	1.0	0.0	0.0
-ŋga	0.242146918539	0.291763803056	0.195463507547	0.270625770858
-ham	0.0111614543043	0.943971709581	0.0381257597525	0.00674107636203
-eqo	0.511483301682	0.220361501682	0.0666405997389	0.201514596898
-hap	0.0377358490566	0.962264150943	0.0	0.0
-mak	0.00485436893203	0.995145631068	0.0	0.0
-man	0.0248190279214	0.578076525336	0.397104446742	0.0
-ŋgu	0.285140826533	0.425408002106	0.201812977099	0.0876381942616
-eká	0.814685314685	0.0384615384615	0.0	0.146853146853
-uno	0.0853386728855	0.0229289884601	0.00360448361461	0.88812785504
--re	0.202196362275	0.766293326678	0.0146632140517	0.0168470969956
-umó	0.0471417347206	0.845717959096	0.107140306183	0.0
-une	0.190322481478	0.383334870423	0.0949460481417	0.331396599957
-una	0.327050151942	0.566807245826	0.0441564368864	0.0619861653453
-unu	0.239150573648	0.703128340341	0.0192403620038	0.0384807240077
-nko	0.0760176838721	0.884136188781	0.0156169259918	0.024229201355
-666	0.04	0.0	0.0	0.96
-mbó	0.0896216074012	0.786293681764	0.0990923839172	0.0249923269172
-500	0.0486881255072	0.152015147417	0.0446307817149	0.754665945361
-asá	0.801587301587	0.138591269841	0.00654761904762	0.0532738095238
-oqo	0.422618978858	0.219209986255	0.07603225795	0.282138776937
-uŋa	0.0764331210191	0.849256900212	0.031847133758	0.0424628450106
-oqi	0.494054054054	0.217297297297	0.0886486486486	0.2
-mbé	0.0889385670399	0.736730137286	0.0508355738662	0.123495721808
-oqe	0.270963604297	0.286996953664	0.286355619689	0.155683822351
-uŋo	0.0585605816729	0.858299581348	0.0443529582086	0.0387868787703
-mbí	0.0700258798756	0.657624954185	0.1470826848	0.125266481139
-oqa	0.670240415855	0.194931773879	0.0471085120208	0.0877192982456
-ini	0.112283745825	0.137465011691	0.015292822204	0.734958420279
-ino	0.284844244896	0.289880350563	0.143320571366	0.281954833176
-óki	0.0201121143395	0.97988788566	0.0	0.0
-ina	0.205412529678	0.307244718538	0.259739655553	0.227603096232
-eró	0.408006308126	0.059901516692	0.0112209726037	0.520871202578
-ine	0.139511410815	0.645108278656	0.107013934152	0.108366376376
-óko	0.481979730037	0.422578739263	0.0127255374267	0.0827159932736
-ohe	0.120401337793	0.879598662207	0.0	0.0
-erá	0.373983739837	0.0975609756098	0.528455284553	0.0
-oho	0.324745576235	0.440359402219	0.120656459155	0.114238562391
-ses	0.0109689213894	0.978739251134	0.0054167513034	0.00487507617306
-iwí	0.242007279315	0.596904283989	0.113248486637	0.0478399500586
-sep	0.0533229020835	0.934324302067	0.00247055916989	0.00988223667957
-kus	0.0281400842149	0.970011297114	0.000616206223683	0.00123241244737
-iam	0.0	0.941690962099	0.0233236151603	0.0349854227405
-ian	0.113924050633	0.7805907173	0.101265822785	0.00421940928271
-nes	0.0	1.0	0.0	0.0
-ias	0.0305685755044	0.952924393723	0.0116160586917	0.0048909720807
-iar	0.0701754385965	0.80701754386	0.122807017544	0.0
-kum	0.0217391304348	0.826086956522	0.0217391304348	0.130434782609
-tko	0.0435949066462	0.841114458706	0.053354960373	0.0619356742745
-áŋo	0.732230983479	0.168954815114	0.0307684938513	0.0680457075556
-uní	0.0537176234021	0.845760394073	0.0113191861473	0.089202796378
-eka	0.325679025902	0.12729216518	0.0379835465229	0.509045262395
-non	0.0	1.0	0.0	0.0
-eke	0.226841458491	0.525102947849	0.06785736504	0.18019822862
-ímu	0.0	0.961538461538	0.0	0.0384615384615
-eko	0.368525215517	0.207760326857	0.0360871037582	0.387627353868
-hor	0.0	1.0	0.0	0.0
-jon	0.0132051195233	0.963567413828	0.0127988081533	0.0104286584953
-mko	0.0288883753178	0.955165241507	0.00901317309915	0.00693321007626
-nzé	0.030303030303	0.575757575758	0.393939393939	0.0
-iru	0.145822823732	0.242905118116	0.264270237289	0.347001820863
-bas	0.0136778115502	0.976151508066	0.0	0.0101706803835
-dru	0.0	1.0	0.0	0.0
-ase	0.0712432798225	0.847550659799	0.0387232602729	0.0424828001053
-mbu	0.0857305464398	0.428819596189	0.375937616705	0.109512240666
-asa	0.0848278347066	0.0263270094779	0.00432413005055	0.884521025765
-iyo	0.458922205326	0.19262854124	0.0573859237978	0.291063329636
-asi	0.0812379110251	0.849129593811	0.0696324951644	0.0
-mba	0.234046546547	0.630818318318	0.0777027027027	0.0574324324324
-oré	0.280252929847	0.199556664624	0.184566167977	0.335624237552
-íŋo	0.3730735441	0.436060708951	0.0549560698632	0.135909677086
-mbe	0.158208607971	0.0874254136779	0.0210050018225	0.733360976528
-mbi	0.270642201835	0.674311926606	0.045871559633	0.0091743119266
-lta	0.204081632653	0.265306122449	0.163265306123	0.367346938776
-uŋí	0.367874152114	0.454611054986	0.0736036946168	0.103911098283
-mbo	0.174694616042	0.539271263174	0.0561261244906	0.229907996293
-iní	0.321535055156	0.128984887711	0.0246065112757	0.524873545857
-430	0.55223880597	0.0298507462686	0.0	0.417910447761
-ras	0.0177558569667	0.936621454994	0.0219482120838	0.0236744759556
-ran	0.142857142857	0.857142857143	0.0	0.0
-eri	0.0606469002695	0.859164420485	0.0741239892183	0.00606469002696
-ral	0.0195439739414	0.687296416938	0.293159609121	0.0
-ram	0.0109689213894	0.923217550274	0.0292504570384	0.036563071298
-rak	0.0	1.0	0.0	0.0
-iwe	0.288185357758	0.585434352461	0.0344673517585	0.0919129380226
-ero	0.346792773815	0.161628880251	0.0345750518087	0.457003294125
-era	0.105263157895	0.831578947368	0.0315789473684	0.0315789473684
-iwi	0.198073217726	0.518689788054	0.266281310212	0.0169556840077
-iwo	0.189743589744	0.8	0.0	0.0102564102564
-ere	0.287304835546	0.361812275107	0.22995714782	0.120925741526
-pos	0.00952380952381	0.990476190476	0.0	0.0
-otó	0.147459402829	0.333420639078	0.44264012572	0.076479832373
-pol	0.0252507964928	0.908449406251	0.00221174859791	0.0640880486584
-ike	0.212913802418	0.556400081969	0.0682017176177	0.162484397996
-ika	0.418289895283	0.36427375365	0.0770514257732	0.140384925294
-ipí	0.161073825503	0.0805369127517	0.758389261745	0.0
-iko	0.305282659967	0.613902373321	0.0389506149084	0.0418643518035
-lam	0.0543478260869	0.865942028986	0.0652173913044	0.0144927536232
-nor	0.0	1.0	0.0	0.0
-nos	0.040404040404	0.959595959596	0.0	0.0
-iki	0.103565616215	0.891995857375	0.00443852640922	0.0
-lak	0.0582484725051	0.941751527495	0.0	0.0
-lat	0.0882250781522	0.863146926016	0.00937825633901	0.0392497394929
--ne	0.113267038942	0.838158311255	0.00851420828	0.0400604415225
-iku	0.030584655129	0.880200978621	0.0565936531915	0.0326207130581
-nok	0.0416666666667	0.958333333333	0.0	0.0
-iks	0.0519598906107	0.820419325433	0.119416590702	0.00820419325433
--na	0.160237388724	0.483679525223	0.284866468843	0.0712166172107
-ewá	0.0528486543167	0.878084585809	0.0159384830479	0.0531282768263
-las	0.00805060379528	0.950941633122	0.0349698102358	0.00603795284646
-noa	0.0	1.0	0.0	0.0
-ewí	0.0927541729894	0.810508345979	0.0819423368741	0.0147951441578
-ahi	0.532840047502	0.134648762218	0.0270393715173	0.305471818763
-awí	0.279901805858	0.218121593268	0.484420424418	0.0175561764554
-uni	0.0215157447505	0.286978687748	0.0121501701776	0.679355397324
-ahe	0.666750576883	0.0515208726663	0.0169498636459	0.264778686805
-awó	0.0	0.323420074349	0.676579925651	0.0
-ahu	0.235825388861	0.210235825389	0.433517310587	0.120421475163
-sar	0.0	1.0	0.0	0.0
-ton	0.0146024878313	0.959437533802	0.0	0.0259599783667
-tom	0.0048	0.9952	0.0	0.0
-tok	0.0	1.0	0.0	0.0
-lfa	0.0414937759336	0.95601659751	0.00248962655602	0.0
-oli	0.03125	0.9375	0.03125	0.0
-sak	0.00421446967923	0.99203933505	0.00280964645282	0.000936548817603
-rot	0.0166631061739	0.947660756249	0.0292672505875	0.00640888698996
-iel	0.0197368421053	0.980263157895	0.0	0.0
-loi	0.0	0.98	0.02	0.0
-eyó	0.199423075575	0.654847351068	0.0426856265613	0.103043946795
-tis	0.0529870734832	0.825899615698	0.118784208688	0.00232910213113
-ámi	0.109172871587	0.215605650446	0.238200804278	0.437020673689
-owí	0.22544937412	0.404796065576	0.1991006481	0.170653912204
-eyá	0.27619840609	0.253479243488	0.0925419293446	0.377780421078
-rom	0.0975619106034	0.653607298934	0.232116844284	0.016713946178
-lot	0.0178604718292	0.970232546951	0.0119069812194	0.0
-áme	0.081365073461	0.832713408964	0.00976380881532	0.0761577087595
-los	0.0104518905625	0.929603442976	0.0599446664617	0.0
-ipi	0.300492610837	0.64039408867	0.0147783251231	0.0443349753694
-ipo	0.556579783853	0.383343928798	0.0362364907819	0.0238397965671
-ikí	0.239842500557	0.55184525376	0.0818369536612	0.126475292022
-ipa	0.0	1.0	0.0	0.0
-ipe	0.141255605381	0.746188340807	0.0278026905829	0.0847533632288
-uqa	0.023557951129	0.908811085085	0.0529375748575	0.0146933889289
-oke	0.288489288709	0.458888081975	0.0823921939408	0.170230435376
-ewe	0.428611187285	0.153768050198	0.030369913337	0.38725084918
-uqe	0.30120319413	0.532615733247	0.0207726340779	0.145408438545
-ewa	0.0582524271845	0.941747572816	0.0	0.0
-ewo	0.04437596302	0.892758089368	0.0517719568566	0.011093990755
-ipu	0.285027472527	0.698489010989	0.00824175824176	0.00824175824176
-awi	0.240266762797	0.428983417448	0.256849315068	0.0739005046864
-úmi	0.296103896104	0.656670602125	0.047225501771	0.0
-áqi	0.12147505423	0.872017353579	0.00650759219088	0.0
-ahí	0.126588465298	0.843108504399	0.0175953079179	0.0127077223851
-áqe	0.771028037383	0.205607476636	0.0233644859813	0.0
-awa	0.171855947859	0.784461603856	0.010285341009	0.0333971072762
-awe	0.559778852799	0.388389771942	0.0207325501037	0.0310988251555
-ura	0.569892473118	0.204301075269	0.0645161290323	0.161290322581
-pko	0.0417531609738	0.944093225137	0.00141536138894	0.0127382525005
-276	0.0	0.118644067797	0.0	0.881355932203
-sto	0.00996395719395	0.981150586565	0.00225441489584	0.00663104134485
-óqe	0.21768707483	0.258503401361	0.523809523809	0.0
-eyu	0.0	0.918462434479	0.0	0.0815375655213
-eyi	0.611111111111	0.282828282828	0.0151515151515	0.0909090909091
-eyo	0.471758768556	0.220889381371	0.0404943148975	0.266857535175
-eya	0.420044019256	0.151811057127	0.0380191756481	0.390125747969
-200	0.0886850152906	0.211009174312	0.0733944954128	0.626911314985
-eye	0.214596858805	0.451963787847	0.0825022157795	0.250937137569
-iok	0.0248645202422	0.936882371693	0.007650621613	0.030602486452
-aŋo	0.470811242233	0.203238127815	0.169887691694	0.156062938259
-ois	0.0	1.0	0.0	0.0
-ion	0.0156453715776	0.961538461538	0.0117340286832	0.0110821382008
-mum	0.0	1.0	0.0	0.0
-lea	0.0	1.0	0.0	0.0
-ití	0.0	0.20099743086	0.79900256914	0.0
-mus	0.0351922035734	0.933946940985	0.0129940443963	0.017866811045
-ios	0.0740740740741	0.925925925926	0.0	0.0
-les	0.0566037735849	0.943396226415	0.0	0.0
-oik	0.227692307692	0.347692307692	0.424615384615	0.0
-iot	0.0	1.0	0.0	0.0
-oŋí	0.178304750964	0.378682202347	0.332157216706	0.110855829983
-aŋi	0.458839158857	0.290210709068	0.0964144958575	0.154535636217
-ndu	0.181217470016	0.462513273104	0.266196668233	0.090072588647
-ndi	0.10032472519	0.843671149922	0.01239660355	0.0436075213375
-oŋo	0.128164252256	0.233958535135	0.571734252409	0.0661429601997
-oŋi	0.439643024894	0.152653828088	0.00908094567089	0.398622201346
-ndo	0.0683212002382	0.0757254448131	0.00724677933019	0.848706575619
-ali	0.0084210526316	0.976842105263	0.0147368421053	0.0
-nda	0.269825913226	0.629677759141	0.0496327633485	0.050863564285
-oŋa	0.155231788079	0.689801324503	0.125562913907	0.02940397351
-emo	0.219699044692	0.308277247147	0.0609594045723	0.411064303589
-ala	0.0	1.0	0.0	0.0
-lon	0.0292343387471	0.929002320186	0.0334106728538	0.00835266821346
-120	0.0	0.0810810810811	0.0	0.918918918919
--sí	0.258166491043	0.646996838778	0.0316122233931	0.0632244467861
-íne	0.298046166322	0.516061231827	0.065218081949	0.120674519902
-yon	0.0503926701571	0.727094240838	0.108638743455	0.11387434555
-lok	0.00927835051548	0.838402061856	0.0242268041237	0.128092783505
-pel	0.0793710786907	0.907929548719	0.0	0.0126993725905
-oró	0.535821213628	0.0330352883864	0.0105550537394	0.420588444246
-pen	0.0189873417721	0.962025316456	0.0	0.0189873417722
-pet	0.0337268128162	0.846543001686	0.0	0.119730185497
-153	0.0	0.0526315789474	0.0263157894737	0.921052631579
-eli	0.0229885057471	0.95785440613	0.0114942528736	0.00766283524905
-iyi	0.619254658385	0.270186335404	0.048447204969	0.0621118012422
-pes	0.161290322581	0.838709677419	0.0	0.0
-iye	0.23532211058	0.59966498154	0.0886583932769	0.0763545146032
-ela	0.0	1.0	0.0	0.0
-iya	0.321100917431	0.501529051988	0.071865443425	0.105504587156
-pne	0.0494983277592	0.950501672241	0.0	0.0
-loe	0.0	1.0	0.0	0.0
-itu	0.18028052067	0.137593993035	0.058774055238	0.623351431056
-ter	0.0392156862745	0.960784313726	0.0	0.0
-esu	0.00822222993487	0.758122654185	0.00283852862576	0.230816587254
-ito	0.400130335614	0.108275104691	0.181564751457	0.310029808238
-esi	0.0	1.0	0.0	0.0
-tes	0.0	1.0	0.0	0.0
-eso	0.642162162162	0.2	0.131891891892	0.0259459459459
-iti	0.114120666257	0.645611463985	0.223509580156	0.0167582896029
-uwi	0.226834765065	0.598410217202	0.075296020239	0.0994589974941
-ite	0.236643651745	0.651809274064	0.0727891924807	0.0387578817105
-ese	0.616081349787	0.109377741388	0.013597286391	0.260943622434
-ita	0.0200178273403	0.906728872705	0.0221182294037	0.0511350705508
-spa	0.0756756756757	0.867567567568	0.0567567567568	0.0
-bru	0.0375335120643	0.930294906166	0.0321715817695	0.0
-ndó	0.225158750984	0.317218577801	0.226922067699	0.230700603516
-ria	0.0193263551839	0.879305303783	0.0173966434711	0.0839716975615
-fan	0.032	0.664	0.304	0.0
-oŋó	0.0270758122744	0.345667870036	0.586642599278	0.0406137184115
-spo	0.0791407574901	0.92085924251	0.0	0.0
-ndé	0.164756663103	0.355700953247	0.0747649871795	0.404777396471
-uda	0.0211971503481	0.789764034266	0.154446009611	0.0345928057748
-ndí	0.182050013368	0.519777378846	0.0287510860895	0.269421521696
-úye	0.188942565754	0.760064412238	0.0316693505099	0.0193236714976
-uto	0.521937253004	0.334099524155	0.0543390596016	0.089624163239
-ron	0.0311614730878	0.917847025496	0.0453257790368	0.00566572237963
-éŋe	0.5	0.388888888889	0.0	0.111111111111
-éŋo	0.456387840254	0.321875620902	0.0313928074707	0.190343731373
-kon	0.0	1.0	0.0	0.0
-ael	0.0119234988315	0.95469070444	0.010969618925	0.0224161778032
-iyó	0.24478220265	0.385782073737	0.0702727843244	0.299162939288
-oru	0.0199406024608	0.967331353415	0.0127280441239	0.0
-sol	0.0782414307005	0.861152508693	0.0019870839543	0.0586189766518
-ori	0.39820443054	0.396048067998	0.0509485505994	0.154798950863
-kop	0.00442151805454	0.992262343405	0.00110537951363	0.00221075902727
-kos	0.0210896309315	0.968365553603	0.0105448154657	0.0
-ómo	0.138691227229	0.349052142558	0.141478450443	0.37077817977
-ora	0.824524561432	0.0706358239421	0.00464885141309	0.100190763213
-ómi	0.33038007323	0.647496261152	0.0221236656181	0.0
-ore	0.139527969847	0.187632742437	0.041580504498	0.631258783217
-rus	0.0875745653002	0.862292169057	0.00989973346871	0.0402335321741
-liv	0.0125918153201	0.9370409234	0.0503672612802	0.0
-lip	0.00370141887724	0.981492905614	0.0	0.0148056755089
-omu	0.12960497115	0.0648024855747	0.743897026187	0.0616955170883
-lis	0.0237341772152	0.848101265823	0.0	0.128164556962
-ruk	0.0	1.0	0.0	0.0
-omi	0.0622073578595	0.420735785953	0.505016722408	0.0120401337793
-lio	0.0641025641026	0.910256410256	0.0	0.025641025641
-omo	0.504428204919	0.0826210876616	0.0756182133369	0.337332494083
-áyó	0.776193460775	0.195654444793	0.0241303666563	0.00402172777604
-lia	0.0367231638418	0.943502824859	0.0	0.0197740112994
-ome	0.243742043353	0.633380604008	0.0246834996078	0.0981938530308
-usí	0.0962075442961	0.783469563893	0.108138295172	0.0121845966391
-144	0.015447991761	0.233522142121	0.0463439752832	0.704685890834
-eam	0.00653120464442	0.919811320755	0.0	0.0736574746008
-uri	0.464224916409	0.268119797703	0.100771047212	0.166884238677
-res	0.0496083550914	0.911227154047	0.0313315926893	0.00783289817232
-uro	0.0589160050923	0.019523057494	0.00229853564217	0.919262401772
-ukú	0.178138574891	0.126406988744	0.230998152015	0.46445628435
-ehe	0.0731969860065	0.837997847147	0.0839612486545	0.0048439181916
-uru	0.249946474912	0.62014787633	0.0631826080925	0.0667230406659
-pai	0.0114942528735	0.979885057471	0.0	0.00862068965517
-dus	0.0	0.933333333333	0.0666666666667	0.0
-ote	0.530484984528	0.214870001212	0.0625044526783	0.192140561582
-pan	0.0705823040081	0.760020166373	0.148222838417	0.0211746912024
-ape	0.279847158766	0.344834992727	0.202067862277	0.17324998623
-api	0.00510204081632	0.948979591837	0.0	0.0459183673469
-apo	0.201540317342	0.718660109493	0.0454671986638	0.0343323745012
-uhú	0.0166666666666	0.916666666667	0.0666666666667	0.0
-apu	0.0266561818532	0.587491763233	0.30876319248	0.0770888624341
-pas	0.0539485126421	0.905688549067	0.0275649334668	0.0127980048239
-pat	0.00428796452949	0.980704159617	0.00520681407152	0.00980106178169
-wai	0.0736434108527	0.878737541528	0.0359911406423	0.0116279069767
-áye	0.275073474805	0.506709834301	0.190585356658	0.0276313342367
-lus	0.077593722755	0.883173496077	0.0287707061901	0.0104620749782
-air	0.00349040139616	0.996509598604	0.0	0.0
-omó	0.0883849831632	0.259639122557	0.377662500833	0.274313393446
-kem	0.0	1.0	0.0	0.0
-kel	0.018927444795	0.981072555205	0.0	0.0
-sus	0.00150470219436	0.99473354232	0.00150470219436	0.00225705329154
-sop	0.0	0.919786096257	0.0802139037433	0.0
-rik	0.0381814325108	0.535954182281	0.394046524782	0.0318178604257
-ket	0.0	1.0	0.0	0.0
-kes	0.0129310344828	0.987068965517	0.0	0.0
-sos	0.0260115606936	0.869942196532	0.0	0.104046242775
-nus	0.0204081632653	0.979591836735	0.0	0.0
-sua	0.0252808988764	0.974719101124	0.0	0.0
-dia	0.0116303219107	0.964278296989	0.00456905503634	0.0195223260644
-tus	0.0321309036817	0.950018594273	0.0111565637784	0.00669393826701
-dis	0.0	1.0	0.0	0.0
--ta	0.0720717446601	0.477391092908	0.411838540915	0.038698621517
-oro	0.215383750284	0.172710463765	0.0387253591954	0.573180426756
-uks	0.0719696969697	0.92803030303	0.0	0.0
-urí	0.460763534165	0.19373905113	0.0458251985013	0.299672216204
-uku	0.389830393625	0.519505071929	0.0211415057902	0.0695230286562
-ven	0.0806787734444	0.859184281036	0.0190532896695	0.04108365585
-sko	0.155204657195	0.808674931379	0.00942599463095	0.0266944167949
-uka	0.0909090909091	0.863636363636	0.0454545454545	0.0
-pyó	0.577399380805	0.376160990712	0.0185758513932	0.0278637770898
-uke	0.165138098946	0.69867641431	0.0261286108289	0.110056875916
-uki	0.0939204924598	0.144527323627	0.319396948679	0.442155235235
-uró	0.423549580545	0.0583466867754	0.0114878876426	0.506615845037
-uko	0.214717308456	0.279194877439	0.00444156932791	0.501646244778
-úŋo	0.0901452826886	0.874146683004	0.0173288990023	0.0183791353054
-áko	0.228202095303	0.723217303143	0.00971612031092	0.0388644812437
-ait	0.0	0.765567765568	0.234432234432	0.0
-apá	0.0609254152936	0.584518124958	0.335725334589	0.0188311251597
-ais	0.0810104529617	0.90331010453	0.0104529616725	0.00522648083624
-eré	0.240227215311	0.610989807019	0.108542099538	0.0402408781328
-apé	0.718662952646	0.116991643454	0.0	0.1643454039
-áka	0.0379746835443	0.962025316456	0.0	0.0
-apí	0.0855725506408	0.852418354692	0.0272840016536	0.0347250930137
-aia	0.0155615696888	0.975642760487	0.00338294993234	0.00541271989175
-tia	0.0411347517731	0.958865248227	0.0	0.0
-aim	0.093023255814	0.906976744186	0.0	0.0
-owó	0.494687593269	0.188240616874	0.053140042056	0.263931747801
-ain	0.105932745151	0.858518755845	0.0181751724229	0.0173733265807
-eme	0.141038324805	0.825404280673	0.0160491886847	0.0175082058378
-uwe	0.501351351351	0.240540540541	0.168918918919	0.0891891891892
-uwa	0.324675324675	0.402597402597	0.103896103896	0.168831168831
-uwo	0.0715135914532	0.721542138827	0.0897548796656	0.117189390054
-aŋe	0.562289649627	0.291997120753	0.0746269624596	0.0710862671604
-aŋa	0.393897364771	0.30374479889	0.0499306518724	0.252427184466
-260	0.0	0.0714285714286	0.038961038961	0.88961038961
-ems	0.00103145951521	0.998968540485	0.0	0.0
-oni	0.0274390243902	0.826219512195	0.0365853658537	0.109756097561
-akí	0.621676891616	0.329243353783	0.0490797546012	0.0
-eŋa	0.0406976744186	0.377642706131	0.477096546864	0.104563072586
-eŋe	0.508320726172	0.196671709531	0.249621785174	0.0453857791225
-son	0.00593471810089	0.982195845697	0.0118694362018	0.0
-eŋo	0.0427257864944	0.0339654203358	0.0359282746028	0.887380518567
-khí	0.200809084173	0.572487132758	0.0971301544069	0.129573628662
-000	0.0369057403675	0.212431744321	0.00526833100193	0.745394184309
-eta	0.117338823449	0.0792294407461	0.710631001584	0.0928007342204
-ete	0.441182060896	0.269986615369	0.100696648713	0.188134675022
-iqo	0.364966519282	0.215717041016	0.055590644769	0.363725794933
-eti	0.187356832712	0.764778283018	0.0314540668057	0.0164108174638
-eto	0.28939123344	0.210157675503	0.0447621407885	0.455688950269
-uyi	0.344701881241	0.297959508675	0.108816276155	0.248522333929
-atu	0.164690382082	0.814082857561	0.0	0.0212267603572
-iŋa	0.388647866956	0.408362707881	0.0279058206797	0.175083604483
-lim	0.0	0.959183673469	0.0408163265306	0.0
-iŋo	0.268441720836	0.451822483686	0.0566999547524	0.223035840725
-amó	0.185029007849	0.195693406912	0.134527202632	0.484750382606
-uye	0.223998246644	0.558412986484	0.0997120334081	0.117876733464
-iŋi	0.431874624061	0.172101840264	0.0430775706442	0.352945965031
-300	0.036093418259	0.131634819533	0.138004246284	0.694267515924
-uya	0.0424300504622	0.0366314399998	0.043214439934	0.877724069604
-ate	0.224577947179	0.11556973331	0.066824602246	0.593027717265
-amí	0.0638872225555	0.847630473905	0.0374925014997	0.0509898020396
-ata	0.191921862908	0.145989061029	0.105708422511	0.556380653552
-amá	0.439903846154	0.449519230769	0.0961538461538	0.0144230769231
-ato	0.255820466122	0.270879602179	0.0468750561613	0.426424875537
-nis	0.0738007380074	0.79950799508	0.0787207872078	0.0479704797048
-kai	0.0	1.0	0.0	0.0
-kao	0.0383442265795	0.840958605665	0.0130718954248	0.107625272331
-oso	0.0698638525904	0.140642899879	0.0560283864281	0.733464861103
-osi	0.0716845878136	0.863044708546	0.0132050556499	0.0520656479909
-nia	0.0230769230769	0.942307692308	0.0307692307692	0.00384615384615
-uwó	0.230250667414	0.671783997243	0.0401032812838	0.0578620540591
-kas	0.180138568129	0.732101616628	0.0739030023095	0.013856812933
-ulu	0.0219244823386	0.978075517661	0.0	0.0
-khe	0.197498819448	0.412037498912	0.0277115328616	0.362752148779
-óŋi	0.621951219512	0.30487804878	0.0487804878049	0.0243902439024
-óŋo	0.189189730561	0.325654698856	0.0581488619131	0.42700670867
-kho	0.224297518446	0.487439736919	0.0300397078719	0.258223036764
-fik	0.0138996138996	0.944787644788	0.0413127413128	0.0
-émo	0.201980376937	0.193228356701	0.103304163294	0.501487103068
-óne	0.0718664528907	0.509195510704	0.0911062906725	0.327831745732
-fia	0.0	1.0	0.0	0.0
-éne	0.171261228359	0.56122433088	0.0473734224699	0.220141018291
--ki	0.901639344262	0.0245901639344	0.0409836065574	0.0327868852459
-ila	0.00306905370844	0.996930946292	0.0	0.0
-ilo	0.1375	0.78125	0.025	0.05625
-eté	0.224244596272	0.0499867422771	0.23125815725	0.494510504201
-ili	0.020623501199	0.958465227818	0.0138129496403	0.00709832134293
-oam	0.0105757931845	0.961222091657	0.0	0.0282021151586
-amu	0.126213592233	0.457843638222	0.160449667859	0.255493101686
-ami	0.393939393939	0.290404040404	0.239898989899	0.0757575757576
-amo	0.159655027345	0.282008133502	0.120389847146	0.437946992007
-atá	0.527481575773	0.417580338341	0.0405073444318	0.0144307414538
-ama	0.113345052045	0.0483508503227	0.00767697803815	0.830627119594
-uyó	0.176068071303	0.589414777142	0.0603435062939	0.174173645261
-atí	0.244039062113	0.0823377782184	0.0613691567937	0.612254002875
-ame	0.390552995392	0.295218894009	0.194988479263	0.119239631336
-até	0.133204633205	0.820463320463	0.011583011583	0.034749034749
-owé	0.244762874054	0.559761572127	0.0738280154629	0.121647538357
-usi	0.206166248276	0.694506038458	0.0394482298807	0.0598794833848
-iro	0.140692912754	0.136061407159	0.0290761305639	0.694169549524
-uso	0.273726273726	0.511488511489	0.0799200799201	0.134865134865
-iri	0.328123807744	0.488895274996	0.0384383274433	0.144542589817
-ein	0.0196078431372	0.980392156863	0.0	0.0
-owá	0.068102511156	0.931897488844	0.0	0.0
-ire	0.0690205774035	0.864405470138	0.0642560972469	0.00231785521131
-usa	0.0103496260219	0.0383544964342	0.111106279353	0.840189598191
-ira	0.190792180713	0.469406375955	0.0053568517239	0.334444591608
-íko	0.0677966101695	0.661016949153	0.169491525424	0.101694915254
-bal	0.230769230769	0.715384615385	0.0461538461538	0.00769230769229
-osa	0.0788577865942	0.726756953118	0.0331023110393	0.161282949249
-íka	0.454241475771	0.356678327285	0.0758316357136	0.11324856123
-usu	0.436568520538	0.51254089422	0.0425299890949	0.00836059614686
-íyó	0.410396716826	0.447332421341	0.0519835841314	0.0902872777018
-epe	0.244630252456	0.144167499042	0.0376326617489	0.573569586753
-aqi	0.196078431373	0.644607843137	0.15931372549	0.0
-áŋi	0.31981981982	0.59009009009	0.036036036036	0.0540540540541
-epa	0.370334210711	0.281708621996	0.0688884896863	0.279068677606
-aqe	0.344077388853	0.541177131492	0.0380496805786	0.0766957990764
-epo	0.220874307159	0.599204573457	0.0943588222097	0.0855622971742
-oní	0.495739348168	0.230039631098	0.0693767862512	0.204844234483
-aná	0.563224083985	0.276707297921	0.0443963903016	0.115672227793
-aní	0.15839593068	0.607913881824	0.184006624475	0.0496835630212
-pia	0.0553935860058	0.883381924198	0.0553935860058	0.00583090379008
-jop	0.0805369127517	0.879194630872	0.0402684563758	0.0
-ius	0.0419615352593	0.92264233976	0.0216943991817	0.013701725799
-iut	0.0	1.0	0.0	0.0
-kok	0.0338983050847	0.966101694915	0.0	0.0
-ium	0.16	0.752	0.0719999999999	0.016
-wit	0.0344108094007	0.954589013824	0.00169233488856	0.00930784188708
-0pe	0.422744128554	0.143386897404	0.044499381953	0.389369592089
-uŋi	0.870967741935	0.129032258065	0.0	0.0
-ímo	0.142452144727	0.558755211047	0.0408502690526	0.257942375174
-uel	0.0141843971631	0.964539007092	0.0141843971631	0.00709219858155
--ye	0.0588988139425	0.927626250002	0.0074234306022	0.00605150545294
-owi	0.259526222567	0.295054794131	0.339761501085	0.105657482217
-irí	0.113414345523	0.449354867668	0.172214831923	0.265015954886
-éke	0.816248870285	0.183751129715	0.0	0.0
-iré	0.00496414782129	0.0165471594043	0.978488692774	0.0
-owo	0.224957584574	0.307099622585	0.132722737359	0.335220055481
-éko	0.0855578370979	0.861054072553	0.0	0.053388090349
-owe	0.364537107213	0.323722964482	0.0388936444706	0.272846283835
-usú	0.149136151974	0.318913377077	0.507266641973	0.0246838289766
-min	0.0	0.976047904192	0.0239520958084	0.0
-iró	0.695319148936	0.251063829787	0.0178723404255	0.0357446808511
-one	0.13366581628	0.62247186991	0.0564781734519	0.187384140358
-ona	0.169757311761	0.814596853054	0.00469375055561	0.0109520846298
-ono	0.203020228953	0.53840959255	0.0231715850813	0.235398593416
-lwa	0.0147540983607	0.938524590164	0.0467213114754	0.0
-oea	0.135814889336	0.728370221328	0.135814889336	0.0
-epé	0.461328834674	0.314819621074	0.0739683363612	0.14988320789
-450	0.0	0.241379310345	0.0344827586207	0.724137931035
-ana	0.0712526056471	0.416714042069	0.0830017055146	0.429031646769
-íye	0.201097444156	0.612484392296	0.0737643302768	0.112653833272
-ane	0.0854914892013	0.707313747406	0.0183556605907	0.188839102802
-uwí	0.0643633942443	0.798032107716	0.0399496929793	0.0976548050603
-aqú	0.139534883721	0.852713178295	0.0077519379845	0.0
-ani	0.169515502322	0.380209444277	0.0518987003367	0.398376353064
-ank	0.401581027668	0.324901185771	0.107509881423	0.166007905138
-ano	0.313149947332	0.178385710752	0.0373188833343	0.471145458582
-tam	0.0038240917782	0.982791586998	0.0133843212237	0.0
-tan	0.00672335376705	0.972513347835	0.0183903500099	0.00237294838838
-yis	0.05859375	0.830078125	0.0673828125	0.0439453125
-tat	0.0	1.0	0.0	0.0
-tap	0.0	1.0	0.0	0.0
-tar	0.0548780487805	0.94512195122	0.0	0.0
-tas	0.0189039526446	0.97632232194	0.00420087836548	0.00057284704984
-mia	0.0485436893204	0.932038834951	0.0	0.0194174757282
-ens	0.0264317180617	0.970925110132	0.00264317180617	0.0
-mis	0.0186915887851	0.981308411215	0.0	0.0
-eno	0.467260293318	0.118347730404	0.0368130228797	0.377578953398
-eni	0.242516948448	0.107549331182	0.0283246766041	0.621609043766
-ene	0.215170298072	0.130509072592	0.0203989964873	0.633921632848
-ena	0.397778444912	0.281747223056	0.0390273191234	0.281447012909
-oel	0.0	1.0	0.0	0.0
