-cac	0.330608457243	0.478001423713	0.0485937049175	0.142796414127
-caj	0.37530616353	0.39135599455	0.0535518663169	0.179785975603
-cal	0.114175471338	0.65625618446	0.174785275559	0.0547830686435
-cas	0.431236013394	0.233016790717	0.0471692200585	0.288577975831
-car	0.0194895591647	0.912296983759	0.0389791183294	0.0292343387471
-ive	0.0441441341013	0.955855865899	0.0	0.0
-rbe	0.109311740891	0.890688259109	0.0	0.0
-cat	0.0646063563017	0.626103542579	0.0782166309111	0.231073470208
-caz	0.0	1.0	0.0	0.0
-cax	0.562737642586	0.391634980989	0.0456273764259	0.0
-ivo	0.0306382978723	0.836595744681	0.0306382978723	0.102127659574
-oya	0.596269319964	0.152720345945	0.0830265585153	0.167983775576
-oyo	0.181492363824	0.726499521057	0.0269337982844	0.065074316834
-zis	0.556744387408	0.328962830107	0.0432927206383	0.0710000618468
-plo	0.0520481927711	0.877590361446	0.0115662650602	0.058795180723
-nso	0.0688073394495	0.917431192661	0.0	0.0137614678899
-zij	0.271767810026	0.687335092348	0.0408970976253	0.0
-ufo	0.0	1.0	0.0	0.0
-aum	0.018446943078	0.963106113844	0.0149881412509	0.00345880182713
-zic	0.549709864604	0.110251450677	0.302901353965	0.0371373307543
-nti	0.0887743022467	0.17473450349	0.0169664089743	0.719524785289
-uez	0.342035291274	0.483925549915	0.0459270002417	0.128112158569
-uac	0.180241576989	0.32294511963	0.227607404644	0.269205898738
-tzi	0.108001521787	0.441110542142	0.187675790456	0.263212145615
-nto	0.0464210787683	0.630963219392	0.0335095415109	0.289106160329
-nta	0.0584808214486	0.0535784839525	0.00667183213214	0.881268862467
-uaj	0.459328627855	0.229951915311	0.0771193002397	0.233600156594
-tza	0.181510891695	0.09662370831	0.0181406997738	0.703724700221
-ual	0.112903559769	0.75983693114	0.0762659807712	0.0509935283197
-uan	0.0210944869631	0.0186452705338	0.000195788979837	0.960064453523
-cxi	0.0631581224483	0.870246578372	0.0524169451611	0.014178354019
-uas	0.449701499109	0.226934810464	0.0554849916891	0.267878698738
-uat	0.0114218323981	0.541604754829	0.00658188952524	0.440391523248
-lta	0.0720641867251	0.439095550693	0.0359591539022	0.45288110868
-pra	0.200208550573	0.720542231491	0.0417101147028	0.0375391032325
-lía	0.380893385481	0.178567103236	0.0855081097933	0.35503140149
-pre	0.00753768844223	0.954773869347	0.00753768844221	0.0301507537688
-más	0.110945966629	0.0617751335833	0.281151513032	0.546127386756
-aré	0.0	1.0	0.0	0.0
-opo	0.0211267605634	0.904929577465	0.0739436619718	0.0
-zor	0.0	1.0	0.0	0.0
-tín	0.0	0.949367088608	0.0506329113923	0.0
-tío	0.302325581395	0.31976744186	0.145348837209	0.232558139535
-ope	0.00978473581213	0.974559686888	0.0156555772994	0.0
-opa	0.00779441895082	0.0154921169294	0.00106362925954	0.97564983486
-dea	0.0219681011135	0.958571571873	0.00581803591132	0.0136422911024
-dec	0.0241596638656	0.97268907563	0.0	0.0031512605042
-deo	0.00614862095215	0.993851379048	0.0	0.0
-ima	0.445410628019	0.151690821256	0.0357487922705	0.367149758454
-des	0.0444184344137	0.831204468854	0.0417604528355	0.082616643897
-ime	0.0560950025968	0.854341231512	0.0784953559827	0.0110684099084
-imo	0.0920421860019	0.733461169703	0.00862895493768	0.165867689358
-ido	0.0191082802548	0.926114649682	0.0203821656051	0.0343949044586
-ech	0.215923227297	0.745690421184	0.0287897636396	0.00959658787987
-eco	0.0976336580931	0.645779575888	0.00507329268369	0.251513473335
-obo	0.00145091084959	0.992906658069	0.000967273899727	0.00467515718201
-rpo	0.0	1.0	0.0	0.0
-rpa	0.0	1.0	0.0	0.0
-eca	0.172295005636	0.196458561126	0.0253050164848	0.605941416754
-llo	0.175416364953	0.804670528602	0.0199131064446	0.0
-ida	0.0136908157444	0.976041072447	0.00684540787223	0.00342270393611
-bia	0.0265017667845	0.973498233216	0.0	0.0
-ter	0.00860832137733	0.974175035868	0.0172166427547	0.0
-uta	0.0	1.0	0.0	0.0
-tet	0.0687434125776	0.901979154468	0.000702658390911	0.0285747745638
-ria	0.0164798253349	0.951526220767	0.0105806776672	0.0214132762313
-rio	0.0213523131673	0.957295373665	0.0213523131672	0.0
-rim	0.0	1.0	0.0	0.0
-tea	0.0	1.0	0.0	0.0
-ris	0.0	1.0	0.0	0.0
-gre	0.513513513514	0.486486486486	0.0	0.0
-tel	0.0271739130435	0.961956521739	0.0108695652174	0.0
-ten	0.0458767316885	0.00363283551673	0.0035110026183	0.946979430176
-teo	0.0584540219857	0.852397645976	0.00904173474406	0.0801065972939
-lux	0.0192926045016	0.932475884244	0.048231511254	0.0
-met	0.0943396226415	0.905660377358	0.0	0.0
-ara	0.0351383978866	0.0104969917853	0.00150960422979	0.952855006098
-mes	0.0	1.0	0.0	0.0
-aro	0.069537309441	0.805562984755	0.0267451190158	0.0981545867879
-rón	0.00614754098361	0.975409836066	0.0184426229508	0.0
-mea	0.0	1.0	0.0	0.0
-mec	0.0	1.0	0.0	0.0
-meo	0.2375	0.675	0.05	0.0375
-eni	0.6701816845	0.178472611884	0.0543118627015	0.0970338409148
-mei	0.0	1.0	0.0	0.0
-bán	0.224299065421	0.345794392523	0.205607476636	0.224299065421
-mas	0.362876756083	0.4916407037	0.097123253552	0.0483592866644
-aya	0.26359291245	0.117892552333	0.0310533861347	0.587461149082
-ayo	0.110192679097	0.729837703909	0.0502525186538	0.10971709834
-bás	0.0206286836935	0.966110019646	0.00736738703339	0.00589390962672
-xas	0.173964497041	0.826035502959	0.0	0.0
-cti	0.0741027904021	0.764612812392	0.0319749911957	0.129309406011
-aón	0.0128	0.9872	0.0	0.0
-cta	0.119439371995	0.653288183413	0.0628850403792	0.164387404213
-exo	0.174193548387	0.774193548387	0.0387096774193	0.0129032258064
-dán	0.0411901531305	0.878440589261	0.016354913743	0.0640143438651
-xad	0.0	1.0	0.0	0.0
-ota	0.0	1.0	0.0	0.0
-tán	0.196218702095	0.762391415432	0.0240163515585	0.0173735309146
-ote	0.00370599135269	0.992588017295	0.0	0.00370599135269
-oti	0.584247017455	0.244772929371	0.0295038345393	0.141476218634
-oto	0.456094247734	0.428568749505	0.034072652121	0.0812643506403
-rán	0.0	1.0	0.0	0.0
-eví	0.0829671061393	0.861765880943	0.0359568517779	0.01931016114
-otz	0.294659300184	0.63167587477	0.073664825046	0.0
-mat	0.0889434021572	0.484637898135	0.369633445078	0.0567852546289
-umi	0.0197368421052	0.802631578947	0.0197368421052	0.157894736842
-naj	0.366601269215	0.367246659982	0.163179249641	0.102972821162
ALL	0.208087987978	0.25888212824	0.0487840685052	0.484245815276
-nal	0.0842743250838	0.73790177198	0.0451076726526	0.132716230284
-sis	0.473902343461	0.189532331794	0.0511985778599	0.285366746885
-nac	0.662633451957	0.119572953737	0.0982206405694	0.119572953737
-aús	0.0384615384615	0.923076923077	0.0	0.0384615384615
-aúl	0.534782608696	0.421739130435	0.0173913043479	0.0260869565217
-sij	0.346350534635	0.348928616711	0.122564557711	0.182156290943
-sio	0.0	0.927272727273	0.0	0.0727272727273
-sic	0.545052703162	0.249319959198	0.056103366202	0.149523971438
-nas	0.316130896821	0.51386258099	0.0639721303344	0.106034391855
-sia	0.015132408575	0.975409836066	0.00189155107188	0.00756620428751
-mos	0.279692145156	0.563370678853	0.0464362054986	0.110500970492
-mor	0.0	1.0	0.0	0.0
-jco	0.113905450548	0.315510169563	0.0580891369614	0.512495242928
-jca	0.0830812887639	0.177818258865	0.021781077786	0.717319374585
-tzo	0.0714285714286	0.928571428571	0.0	0.0
-gog	0.0401785714286	0.959821428571	0.0	0.0
-aán	0.0718232044198	0.883977900553	0.0303867403315	0.0138121546961
-moc	0.269459793185	0.0325192011556	0.0248864140203	0.673134591639
-moa	0.295774647887	0.43661971831	0.0	0.267605633803
-cos	0.413024264526	0.434466470094	0.0583774630314	0.0941318023485
-gos	0.130914826498	0.722923238696	0.0814931650895	0.0646687697161
-mol	0.0	0.783132530121	0.216867469879	0.0
-yat	0.00680015111447	0.977332829618	0.00226671703815	0.0136003022289
-yas	0.463793432765	0.159782675979	0.0383112997549	0.338112591501
-coj	0.71572640046	0.135631906457	0.0380673811104	0.110574311972
-ber	0.0	1.0	0.0	0.0
-eos	0.0344808323208	0.909235180285	0.0302549399049	0.026029047489
-eor	0.0	1.0	0.0	0.0
-coc	0.443318114989	0.114756635456	0.0510717325699	0.390853516985
-cob	0.00883002207506	0.96821192053	0.00353200883002	0.0194260485651
-cor	0.0	1.0	0.0	0.0
-bel	0.0888873420805	0.744753419413	0.0222740403021	0.144085198204
-cot	0.189090909091	0.614545454545	0.152727272727	0.0436363636364
-rla	0.0611932687404	0.831718510964	0.0917899031107	0.0152983171851
-lpi	0.674166267752	0.2516355513	0.0502632838679	0.0239348970799
-yaj	0.530724205933	0.228744562826	0.0706041025822	0.169927128659
-iso	0.371178815914	0.504309704586	0.102301323697	0.0222101558027
-reo	0.0575645756458	0.908241082411	0.0282902829028	0.00590405904061
-col	0.302232776771	0.433751162905	0.185991284336	0.0780247759879
-nte	0.0466160220994	0.789364640884	0.0	0.164019337016
-ise	0.481507742832	0.290904969878	0.0744363369347	0.153150950356
-rea	0.038174333445	0.881958738213	0.0101000430808	0.0697668852616
-isa	0.23615852351	0.101511144413	0.276447491983	0.385882840094
-eve	0.00192628740208	0.0233722871452	0.31462694234	0.660074483113
-eva	0.0852878464819	0.865671641791	0.0	0.0490405117271
-zco	0.0886363636364	0.286363636364	0.390909090909	0.234090909091
-res	0.0237869672444	0.634737902981	0.145484936025	0.19599019375
-ret	0.020270565132	0.969910538948	0.0039275583679	0.00589133755182
-dia	0.0717399920729	0.773682124455	0.0	0.154577883472
-max	0.0886469963282	0.753257162029	0.0182662019347	0.139829639709
-hab	0.0411311053985	0.943444730077	0.0154241645244	0.0
-hac	0.461538461538	0.493796526055	0.044665012407	0.0
-naí	0.106995884774	0.884773662552	0.0	0.00823045267491
-ame	0.0689064322131	0.666160545409	0.0479287088512	0.217004313527
-haj	0.080855582252	0.744618406246	0.0261681329464	0.148357878556
-mar	0.0	1.0	0.0	0.0
-hal	0.300121506683	0.357229647631	0.196840826246	0.145808019441
-ham	0.0330758864132	0.922426508701	0.0118611165342	0.0326364883518
-maj	0.32503271343	0.590031325588	0.023315753995	0.0616202069868
-mal	0.263399693721	0.656967840735	0.0428790199081	0.0367534456355
-mac	0.180496150556	0.698674080411	0.0263045337896	0.0945252352438
-xpa	0.100511302083	0.21845444946	0.0903135625219	0.590720685935
-cyo	0.0719204284621	0.918898240245	0.0	0.00918133129303
-bet	0.0032	0.772266666667	0.0	0.224533333333
-pta	0.0755667506297	0.92443324937	0.0	0.0
-pto	0.00537909836066	0.982325819672	0.0015368852459	0.0107581967213
-666	0.0	0.0	0.0	1.0
-gad	0.0	1.0	0.0	0.0
-tra	0.0141669462775	0.957946538419	0.0234127427953	0.00447377250867
-ada	0.0	1.0	0.0	0.0
-ado	0.0587043893794	0.826538221146	0.0867758868952	0.0279815025792
-tro	0.0131578947368	0.273071377073	0.0824621485219	0.631308579668
-gai	0.0	1.0	0.0	0.0
-adi	0.0	1.0	0.0	0.0
-cpa	0.0	0.4	0.6	0.0
-gau	0.0	1.0	0.0	0.0
-gar	0.149984537677	0.725286052984	0.0819503144006	0.0427790949387
-lam	0.0	1.0	0.0	0.0
-seo	0.00633767111713	0.974649315532	0.0177454791279	0.00126753422342
-ini	0.235623186317	0.48073811567	0.247610687873	0.0360280101402
-sem	0.0	1.0	0.0	0.0
-nos	0.442987936239	0.268530513969	0.0680594929184	0.220422056873
-yac	0.0822279715797	0.141430101199	0.441126715269	0.335215211951
-ino	0.205776173285	0.72202166065	0.072202166065	0.0
-ina	0.19324994449	0.769373103397	0.029050403375	0.00832654873806
-uis	0.480790097856	0.245131457808	0.0771556987995	0.196922745536
-sec	0.0	0.00865934412821	0.991340655872	0.0
-uit	0.0975479489943	0.764177261066	0.0539932857102	0.0842815042298
-sea	0.0	1.0	0.0	0.0
-món	0.025927646257	0.961470223183	0.00335041537536	0.00925171518423
-uii	0.222222222222	0.703703703704	0.0	0.0740740740741
-uij	0.306306267317	0.169643109508	0.0715227654493	0.452527857726
-uim	0.0	1.0	0.0	0.0
-uil	0.156243883363	0.634829317146	0.0412931239831	0.167633675508
-yal	0.295652173913	0.495652173913	0.208695652174	0.0
-uic	0.346828184832	0.117143817514	0.455837128527	0.0801908691268
-set	0.0	1.0	0.0	0.0
-ses	0.0534539473684	0.819078947368	0.108552631579	0.0189144736842
-ser	0.0	1.0	0.0	0.0
-blo	0.0767588353393	0.764056342217	0.00241663922497	0.156768183218
-eda	0.0521739130435	0.565217391304	0.382608695652	0.0
-dón	0.016717325228	0.971124620061	0.0	0.0121580547112
-nex	0.0805650756859	0.800198612299	0.105729814033	0.0135064979826
-són	0.0270758122744	0.962093862816	0.0	0.0108303249097
-ena	0.108454653063	0.152636157239	0.0337481678963	0.705161021801
-net	0.0500260552371	0.711568525274	0.211047420532	0.0273579989578
-nes	0.0737202272985	0.831810652338	0.0310965322423	0.0633725881214
-rso	0.0082304526749	0.991769547325	0.0	0.0
-neo	0.0	0.816666666667	0.0	0.183333333333
-nel	0.54229480737	0.348827470687	0.037688442211	0.071189279732
-bed	0.210526315789	0.789473684211	0.0	0.0
-ias	0.00851208716377	0.985699693565	0.00408580183861	0.00170241743275
-ooz	0.032967032967	0.967032967033	0.0	0.0
-ban	0.0454250486697	0.632381570409	0.0	0.322193380921
-hol	0.390804597701	0.449425287356	0.12183908046	0.0379310344827
-hos	0.324626865672	0.626243781095	0.0317164179105	0.0174129353233
-bas	0.0	1.0	0.0	0.0
-job	0.189189189189	0.72972972973	0.0	0.0810810810811
-ase	0.464383278268	0.24858303351	0.0535215685704	0.233512119651
-que	0.515377406534	0.173946843659	0.0727531664026	0.237922583404
-asa	0.0	0.857142857143	0.0	0.142857142857
-qui	0.503700953408	0.178864525281	0.0525675430932	0.264866978218
-xit	0.649714582252	0.211728074728	0.116761805916	0.0217955371043
-nyo	0.137288135593	0.852542372881	0.0	0.0101694915254
-asi	0.248540450375	0.192660550459	0.378648874062	0.180150125104
-lti	0.39192331991	0.231272229462	0.076950452766	0.299853997862
-oré	0.0	0.942028985507	0.0579710144928	0.0
-lto	0.288888888889	0.422222222222	0.2	0.0888888888889
-dro	0.0204857381794	0.891412981987	0.00304380621305	0.0850574736204
-lte	0.28813559322	0.655367231638	0.0	0.0564971751412
-zos	0.0	1.0	0.0	0.0
-mán	0.0287907869482	0.596928982726	0.374280230326	0.0
-ras	0.0233837689134	0.960110041265	0.0	0.0165061898212
-eri	0.0	1.0	0.0	0.0
-ral	0.0	1.0	0.0	0.0
-ram	0.0	1.0	0.0	0.0
-uía	0.490387607166	0.204699428557	0.0526001387912	0.252312825486
-red	0.0	1.0	0.0	0.0
-ero	0.0442631035092	0.0472825870973	0.0328578803815	0.875596429012
-era	0.0	0.961428571429	0.0385714285714	0.0
-uío	0.0	0.966666666667	0.0333333333333	0.0
-rac	0.0	1.0	0.0	0.0
-aén	0.0	0.951612903226	0.0483870967742	0.0
-por	0.0555028234045	0.101731044579	0.00695796264419	0.835808169372
-pos	0.35514485476	0.575230534338	0.052416255367	0.0172083555356
-ozo	0.29702970297	0.306930693069	0.0	0.39603960396
-azo	0.385288966725	0.562171628722	0.0	0.0525394045534
-pol	0.116772823779	0.819532908705	0.00636942675161	0.0573248407644
-poc	0.0120481927711	0.89156626506	0.0	0.0963855421687
-aza	0.0320834168839	0.920393021857	0.0444489004745	0.00307466078471
-lac	0.100503717918	0.31326457184	0.0777164787719	0.50851523147
-aat	0.0	1.0	0.0	0.0
-nor	0.0	1.0	0.0	0.0
-lao	0.5	0.362068965517	0.0	0.137931034483
-aam	0.0294117647059	0.928308823529	0.03125	0.0110294117647
-aal	0.0	1.0	0.0	0.0
-noj	0.31855431153	0.518648595561	0.0742486741308	0.0885484187782
-fos	0.0	1.0	0.0	0.0
-nol	0.402366863905	0.38067061144	0.116370808678	0.100591715976
-eón	0.0830013280213	0.863213811421	0.0458167330677	0.00796812749003
-non	0.382739212007	0.196998123827	0.112570356473	0.307692307692
-las	0.614715910345	0.229361482891	0.0123726720492	0.143549934714
-noc	0.135511603831	0.314028426922	0.130067678277	0.420392290969
-lax	0.0157068062827	0.960732984293	0.00785340314136	0.0157068062827
-aac	0.00304547915539	0.981050351922	0.0108283703303	0.00507579859231
-zto	0.522217132387	0.268896014659	0.0556191785005	0.153267674454
-dor	0.102962323842	0.838366407823	0.00862812769628	0.0500431406385
-dos	0.116662701245	0.706558807201	0.025775239908	0.151003251646
-fán	0.265306122449	0.589981447124	0.0	0.144712430427
-fás	0.00355977454761	0.874814595076	0.121625630377	0.0
-doc	0.0	1.0	0.0	0.0
-tía	0.389428695211	0.431442736918	0.0718011975055	0.107327370366
-ges	0.0175438596491	0.912280701754	0.0701754385965	0.0
-ger	0.0357142857143	0.964285714286	0.0	0.0
-sas	0.310560236186	0.356314391206	0.0555888790946	0.277536493513
-ión	0.279961774033	0.670648538291	0.0413535467616	0.00803614091484
-vor	0.407232027551	0.314679294016	0.0439087386999	0.234179939733
-vos	0.0200690630615	0.961199811414	0.0133793753743	0.00535175014973
-toc	0.548684976545	0.220166951596	0.0696384149678	0.161509656891
-tol	0.308291991495	0.479092841956	0.212615166549	0.0
-toj	0.607631508575	0.104498350026	0.0167065031304	0.271163638268
-mpa	0.0824468967407	0.0342657086432	0.0181947315603	0.865092663056
-sac	0.764150943396	0.216981132075	0.0	0.0188679245283
-oli	0.158490476134	0.666993995551	0.0969752414426	0.0775402868728
-tot	0.0197491853461	0.876567591587	0.055692702676	0.047990520391
-tor	0.135313531353	0.745874587459	0.0792079207921	0.039603960396
-tos	0.436031490363	0.171048691222	0.0470327459886	0.345887072427
-olo	0.0747194994003	0.484364730661	0.0370148636066	0.403900906333
-saj	0.376623376623	0.462662337662	0.0243506493506	0.136363636364
-san	0.181371026746	0.0451981883904	0.100237793612	0.673192991252
-sam	0.0	1.0	0.0	0.0
-lol	0.186654643823	0.638412984671	0.131650135257	0.0432822362489
-iel	0.0301772915881	0.943417578272	0.0264051301395	0.0
-ien	0.0110704024882	0.0528919229992	0.0670110791885	0.869026595324
-avo	0.0320855614973	0.919786096257	0.048128342246	0.0
-loc	0.0271162375397	0.75405096828	0.0128445335714	0.205988260609
-iez	0.0	0.510204081633	0.0612244897959	0.428571428571
-oca	0.388350973303	0.390488287529	0.0754961461007	0.145664593068
-rom	0.0	1.0	0.0	0.0
-lot	0.026413195817	0.88397060409	0.0751518309556	0.0144643691379
-los	0.480166251956	0.416136749225	0.055711243079	0.0479857557404
-ipo	0.020942408377	0.979057591623	0.0	0.0
-sar	0.0831732088938	0.889925885259	0.00741147405985	0.019489431787
-ipa	0.134685571345	0.105442858683	0.0688781584621	0.69099341151
-húm	0.0	1.0	0.0	0.0
-ipe	0.00338345864662	0.981578947368	0.0	0.015037593985
-noé	0.0	1.0	0.0	0.0
-rda	0.0	1.0	0.0	0.0
-rdo	0.0224159402242	0.820672478207	0.156911581569	0.0
-jto	0.647972080675	0.0438890969628	0.00586424949633	0.302274572866
-jti	0.254619160824	0.565435317432	0.0392740753578	0.140671446386
-jte	0.357976653697	0.420233463035	0.105058365759	0.11673151751
-jta	0.117427206951	0.715743742912	0.0937564886837	0.0730725614528
-saú	0.0520381613183	0.915871639202	0.00346921075455	0.0286209887251
-sto	0.0308525769495	0.804183552373	0.00244575710058	0.162518113577
-sti	0.130890579817	0.710176157246	0.0808219289182	0.0781113340187
-sta	0.0599545538439	0.103651789744	0.0322658271656	0.804127829246
-saí	0.0	1.0	0.0	0.0
-eli	0.270270597777	0.195050085649	0.0791818120438	0.45549750453
-lle	0.0122448979592	0.902040816327	0.0775510204082	0.00816326530614
-cui	0.505414508258	0.290096417614	0.16118550549	0.043303568639
-loé	0.0109389243391	0.923427529626	0.0	0.0656335460346
-ián	0.3	0.49	0.03	0.18
-cua	0.266919056665	0.675833854833	0.0148857609976	0.0423613275044
-eyi	0.0618888399975	0.089527952857	0.22247087755	0.626112329595
-uco	0.0	0.948979591837	0.0510204081632	0.0
-tij	0.540047032307	0.179977196886	0.0605336378412	0.219442132965
-eyo	0.27892153929	0.651056316955	0.0350110718774	0.0350110718775
-eya	0.0619956701437	0.91340287345	0.0127927573312	0.011808699075
-ion	0.0	1.0	0.0	0.0
-lea	0.00664461638414	0.968917961136	0.0157255921091	0.00871183037033
-leg	0.0	1.0	0.0	0.0
-ley	0.290155440414	0.461139896373	0.186528497409	0.0621761658031
-gón	0.00673117374842	0.974337400084	0.0	0.0189314261674
-ios	0.0344460629956	0.830155351831	0.0073270936734	0.1280714915
-les	0.0	0.975409836066	0.0245901639344	0.0
-eel	0.0	1.0	0.0	0.0
-rra	0.0408401400233	0.929022653201	0.0191526173902	0.0109845893856
-rro	0.100590382622	0.855243589166	0.0238857091352	0.0202803190771
-gio	0.0178571428571	0.982142857143	0.0	0.0
-alo	0.639714785416	0.263588053276	0.0576819588322	0.0390152024754
-udá	0.0	1.0	0.0	0.0
-ndo	0.0	0.961538461538	0.0384615384615	0.0
-ali	0.131062147753	0.482204242556	0.153219500488	0.233514109203
-nda	0.255044390638	0.446327683616	0.219531880549	0.0790960451977
-nde	0.0597014925373	0.731343283582	0.0298507462686	0.179104477612
-gia	0.0	0.962871287129	0.0371287128713	0.0
-ala	0.530411914274	0.241583279208	0.0556367371059	0.172368069412
-120	0.03125	0.1875	0.0	0.78125
-bre	0.0270880361174	0.972911963883	0.0	0.0
-yos	0.0	1.0	0.0	0.0
-osé	0.0484016208915	0.938391115113	0.0040522287258	0.00915503526939
-tca	0.473812423873	0.343483556638	0.175395858709	0.00730816077954
-yot	0.134171356578	0.711771782795	0.0559674284885	0.0980894321381
-yon	0.076867784059	0.0953329964311	0.012615252751	0.815183966759
-yol	0.0463212488301	0.910708467514	0.0240334339489	0.0189368497068
-yoc	0.0286689464627	0.0880012960684	0.237346912861	0.645982844608
-abí	0.0	0.863876985127	0.136123014873	0.0
-abé	0.0656783441385	0.819603877952	0.00267650032713	0.112041277583
-chi	0.0784485288871	0.146182494554	0.0434777050339	0.731891271525
-cho	0.399201715834	0.293152765271	0.174763804492	0.132881714403
-pel	0.185298102981	0.752371273713	0.00711382113821	0.055216802168
-cha	0.321792260692	0.507128309572	0.146639511202	0.0244399185336
-loi	0.0	0.962264150943	0.0188679245283	0.0188679245283
-pet	0.111969673893	0.49732615796	0.00455230068877	0.386151867459
-iyo	0.135177528147	0.606002363582	0.221124199696	0.0376959085742
-lsa	0.0895995638786	0.787390865373	0.0182236401109	0.104785930638
-elo	0.585344466809	0.248928834772	0.115506486777	0.0502202116423
-ogo	0.0	1.0	0.0	0.0
-ela	0.0	1.0	0.0	0.0
-iya	0.265154307065	0.0838806024811	0.0655098110122	0.585455279442
-ele	0.00495867768595	0.993388429752	0.0	0.00165289256198
-jpa	0.00278551532034	0.0696378830083	0.927576601671	0.0
-uda	0.0	1.0	0.0	0.0
-mij	0.508893795864	0.314819027089	0.0849836051805	0.091303571866
-ito	0.611774703398	0.264114003568	0.0293387763773	0.094772516657
-esi	0.374422908347	0.194604071296	0.174442388234	0.256530632122
-tes	0.047002045848	0.888632429313	0.025809159104	0.0385563657347
-eso	0.0610753244579	0.886753576719	0.0223724712069	0.0297986276159
-iti	0.525001546123	0.281918606192	0.0548873686164	0.138192479068
-esa	0.228494966229	0.683063591181	0.0	0.0884414425895
-ite	0.0	0.880629241209	0.119370758791	0.0
-xna	0.00811388950359	0.991886110496	0.0	0.0
-ese	0.070481401269	0.0547133249744	0.067251795281	0.807553478476
-ita	0.268936181597	0.415149012159	0.10750846052	0.208406345724
-spa	0.354535974974	0.457768508863	0.0625651720542	0.125130344108
-spe	0.0486223662885	0.912479740681	0.0388978930308	0.0
-fté	0.0	1.0	0.0	0.0
-~na	0.0	1.0	0.0	0.0
-spo	0.0	1.0	0.0	0.0
-fas	0.0802334062727	0.905178701678	0.0109409190372	0.0036469730124
-alí	0.0	1.0	0.0	0.0
-fat	0.0	1.0	0.0	0.0
-lpa	0.0	0.0673076923077	0.932692307692	0.0
-hui	0.469577076681	0.108528956055	0.0644725744942	0.35742139277
-hue	0.0337747760975	0.831061518132	0.0491851416825	0.0859785640876
-hua	0.239874411285	0.538331493108	0.0446508272982	0.177143268309
-jyo	0.0944553483807	0.781035328754	0.104759568204	0.0197497546614
-abo	0.0	1.0	0.0	0.0
-oco	0.400627849615	0.309365423425	0.147494830207	0.142511896754
-jya	0.238257633449	0.413951116791	0.0956043519432	0.252186897817
-nco	0.00933955970646	0.409272848566	0.245941738937	0.335445852791
-nce	0.0	0.952830188679	0.0471698113208	0.0
-nca	0.269957469683	0.456505980875	0.0745560476083	0.198980501834
-sos	0.409873631111	0.417696772353	0.0922047413172	0.0802248552189
-och	0.0334075723831	0.471665429349	0.118782479584	0.376144518683
-sol	0.14934114202	0.762811127379	0.0702781844802	0.01756954612
-oro	0.0233624131303	0.736063876978	0.228892503327	0.0116812065651
-elí	0.00677200902935	0.979683972912	0.0	0.0135440180587
-ora	0.0939756184164	0.771333885667	0.0120724346076	0.122618061309
-cia	0.0104250200481	0.968190323443	0.0181769580326	0.00320769847635
-soc	0.25136651954	0.313729502207	0.319195580369	0.115708397884
-lix	0.0747603833865	0.902236421725	0.0	0.0230031948882
-lit	0.0	0.92385786802	0.0507614213198	0.0253807106599
-rut	0.0	1.0	0.0	0.0
-lis	0.335579090162	0.278574179338	0.0605471897082	0.325299540792
-ico	0.650624492885	0.204172885003	0.0180372302442	0.127165391867
-lim	0.0408163265306	0.918367346939	0.0408163265306	0.0
-omi	0.202597772248	0.557313119189	0.110702030363	0.1293870782
-lio	0.076008492569	0.88152866242	0.0152866242038	0.0271762208068
-lij	0.38621399177	0.260048010974	0.118312757202	0.235425240055
-oma	0.19218199916	0.657387670501	0.0760439824168	0.0743863479227
-rug	0.0	1.0	0.0	0.0
-ica	0.243951550733	0.140952964991	0.0512101661404	0.563885318135
-lic	0.182491454614	0.23072540828	0.413976452716	0.17280668439
-cme	0.168570123344	0.472361809045	0.308359981727	0.050708085884
-yec	0.039603960396	0.508250825083	0.425742574257	0.026402640264
-cmo	0.145823623026	0.0425738705421	0.0498149490738	0.761787557359
-ode	0.211920529801	0.390728476821	0.0397350993377	0.35761589404
-rna	0.0	1.0	0.0	0.0
-rno	0.0972762645914	0.817120622568	0.0700389105058	0.0155642023346
-zer	0.0	1.0	0.0	0.0
-rge	0.0	0.986842105263	0.0	0.0131578947368
-lco	0.207920792079	0.792079207921	0.0	0.0
-nio	0.016157989228	0.983842010772	0.0	0.0
-paj	0.709410548087	0.225439503619	0.0108583247156	0.0542916235781
-apa	0.225407769768	0.320506356712	0.122964557755	0.331121315764
-pal	0.0129709697344	0.945954292773	0.0410747374923	0.0
-nza	0.0444444444444	0.955555555556	0.0	0.0
-pan	0.0104523472226	0.0256537466083	0.00338750486759	0.960506401301
-pac	0.290878754171	0.401835372636	0.235678531702	0.0716073414905
-apo	0.704253552767	0.173804756556	0.0983054158324	0.023636274845
-aín	0.00735294117649	0.963235294118	0.0	0.0294117647059
-pas	0.260754081368	0.642571085302	0.0469975735588	0.0496772597706
-sué	0.0196078431373	0.980392156863	0.0	0.0
-sen	0.0758553499968	0.090458631021	0.0844350394939	0.749250979488
-icó	0.0180360721443	0.973947895792	0.00801603206411	0.0
-sur	0.0372205438067	0.388680765358	0.355287009063	0.218811681772
-ael	0.00217904485201	0.992373343018	0.00544761213002	0.0
-omé	0.0	1.0	0.0	0.0
-zín	0.0741503604531	0.88877445932	0.0370751802265	0.0
-fes	0.0	0.970873786408	0.0291262135922	0.0
-dio	0.0137931034483	0.965517241379	0.0206896551724	0.0
-xco	0.185857860732	0.711964584829	0.0346972960038	0.0674802584351
-nás	0.00476113921077	0.974408876742	0.0130931328296	0.00773685121749
-dis	0.0	1.0	0.0	0.0
-feo	0.0	1.0	0.0	0.0
-lem	0.0	1.0	0.0	0.0
-sli	0.0	1.0	0.0	0.0
-xca	0.267979008389	0.264404633507	0.0635417574941	0.40407460061
-sús	0.0178341836932	0.56698965315	0.00337079730286	0.411805365854
-soj	0.15350877193	0.451754385965	0.296052631579	0.0986842105263
-nno	0.0	1.0	0.0	0.0
-ves	0.279286526672	0.612194513024	0.0645787677883	0.0439401925157
-vez	0.836734693878	0.163265306122	0.0	0.0
-tit	0.0474592542117	0.920501249266	0.0241196209774	0.00791987554482
-apá	0.18947368421	0.663157894737	0.0421052631579	0.105263157895
-ais	0.428459530026	0.43681462141	0.125326370757	0.00939947780681
-tis	0.485629352335	0.31105116309	0.0698582630081	0.133461221567
-íaj	0.449987765485	0.305394822868	0.0918634752495	0.152753936397
-tia	0.0	1.0	0.0	0.0
-tic	0.167747057565	0.386924129193	0.314927273924	0.130401539318
-til	0.114182159859	0.767539170766	0.0678658651016	0.0504128042732
-tio	0.123711340206	0.835051546392	0.0412371134021	0.0
-lón	0.0	1.0	0.0	0.0
-mpo	0.165993126109	0.673962306908	0.0776145333686	0.0824300336141
-ngo	0.0152866242038	0.886624203822	0.0	0.0980891719745
-eme	0.0722334712562	0.767214166237	0.0859607862865	0.0745915762202
-hme	0.323141654979	0.368443197756	0.254558204769	0.0538569424965
-ema	0.130120844386	0.0228608146537	0.00083529419907	0.846183046761
-emo	0.193560163955	0.124388071755	0.03610445788	0.645947306409
-emi	0.502620398594	0.298488500944	0.103179626409	0.0957114740536
-oni	0.436656394628	0.432346686983	0.0443479150794	0.0866490033091
-cio	0.0529453851658	0.777724779394	0.150727402814	0.0186024326258
-ana	0.200633473286	0.628342914247	0.0616837647886	0.109339847679
-zal	0.0372670807454	0.797101449275	0.107660455487	0.0579710144927
-zaj	0.434206924732	0.437000443977	0.0394733567938	0.089319274497
-zar	0.0	1.0	0.0	0.0
-zas	0.46074630863	0.468548386083	0.0373443513839	0.033360953903
-xti	0.426185752807	0.400283011434	0.0220481667643	0.151483068995
-cis	0.0	0.982300884956	0.0176991150442	0.0
-xta	0.503105590062	0.422360248447	0.0745341614907	0.0
-etz	0.302187337681	0.392451087898	0.198707219946	0.106654354476
-000	0.0185799601858	0.368281353683	0.0	0.613138686131
-xme	0.0495867768595	0.938016528926	0.0123966942149	0.0
-eta	0.120664978531	0.850930309369	0.0145326433998	0.0138720686998
-eto	0.00932090545939	0.962716378162	0.0159786950732	0.0119840213049
-rco	0.0743851229755	0.887222555489	0.0383923215358	0.0
-lil	0.370786516854	0.112359550562	0.0	0.516853932584
-ías	0.0352922948026	0.915872350926	0.00826356170987	0.0405717925616
-hca	0.139263012252	0.169722409748	0.0453181292569	0.645696448743
-jsi	0.527625797307	0.231296952516	0.0616300496102	0.179447200567
-ate	0.0450662739322	0.911929307806	0.00176730486009	0.0412371134021
-ata	0.0531729757349	0.750112513637	0.0243999342369	0.172314576391
-amá	0.0	1.0	0.0	0.0
-ato	0.135921490551	0.750402254892	0.0485330950516	0.065143159505
-ati	0.105383542129	0.0500309543143	0.00968038826573	0.834905115291
-ose	0.41360451061	0.261358033903	0.0603319764953	0.264705478992
-nis	0.584422893297	0.227874851672	0.0765750872049	0.111127167826
-osa	0.248966812774	0.551158422041	0.0683782091422	0.131496556043
-ulo	0.0524146054182	0.776207302709	0.0017667844523	0.169611307421
-hti	0.239566600652	0.430380254501	0.175850192961	0.154202951886
-oso	0.0858895705521	0.858895705522	0.0552147239264	0.0
-hta	0.479768786127	0.190751445087	0.329479768786	0.0
-nic	0.145181476846	0.284105131414	0.515644555695	0.0550688360451
-lén	0.022504133205	0.962661012199	0.00085304476048	0.013981809836
-nia	0.017152485597	0.773213871316	0.0217634773133	0.187870165774
-aca	0.453473086686	0.321358339952	0.0598504207548	0.165318152607
-nij	0.427953412605	0.359350156559	0.130758800979	0.0819376298564
-ice	0.0255319148936	0.922188449848	0.0522796352583	0.0
-nil	0.366926248282	0.565735226752	0.0247366010078	0.0426019239578
-ajo	0.079654829074	0.884500497843	0.0	0.0358446730833
-cía	0.157894736842	0.771929824561	0.0350877192982	0.0350877192982
-aja	0.0971379011275	0.540329575022	0.169991326973	0.192541196878
-nós	0.0357142857143	0.964285714286	0.0	0.0
-nón	0.0	1.0	0.0	0.0
-ría	0.0120333704971	0.726769443697	0.0145323132521	0.246664872554
-ome	0.0259729115735	0.228646621833	0.0458804745281	0.699499992065
-fil	0.0	0.913580246914	0.0864197530864	0.0
-fia	0.0	1.0	0.0	0.0
-lda	0.020618556701	0.690721649485	0.288659793814	0.0
-eas	0.0	0.97153024911	0.0142348754448	0.0142348754448
-vid	0.0167456638367	0.951091202667	0.000911505807594	0.0312516276889
-fre	0.0338345864662	0.966165413534	0.0	0.0
-oja	0.211014690708	0.0384489759559	0.0200800231607	0.730456310175
-lia	0.0359542400581	0.859814781188	0.0639186489922	0.0403123297621
-upo	0.249457700651	0.425162689805	0.29284164859	0.0325379609545
-ila	0.0686724385852	0.907220839325	0.0104673924864	0.0136393296035
-ilo	0.530165264165	0.332816651323	0.0424972994936	0.0945207850183
-ili	0.392964742861	0.37109875223	0.0831966392041	0.152739865704
-lma	0.19112743185	0.731029276371	0.0227834024721	0.0550598893076
-oam	0.0	1.0	0.0	0.0
-mín	0.0	1.0	0.0	0.0
-lme	0.0580108257575	0.511737951982	0.0352772198359	0.394974002425
-nía	0.520383641638	0.233673946606	0.069960831734	0.175981580022
-igo	0.0674143518755	0.882661813869	0.0235878666435	0.0263359676117
-ebe	0.186528497409	0.59585492228	0.0	0.217616580311
-lmo	0.0	0.926829268293	0.0	0.0731707317073
-ami	0.419744795165	0.231699126931	0.10678307589	0.241773002015
-nís	0.0	1.0	0.0	0.0
-amo	0.188997076669	0.0368688959991	0.0122107385797	0.761923288752
-ama	0.228593747917	0.0914975731078	0.0244629527043	0.655445726271
-oas	0.0	1.0	0.0	0.0
-tme	0.181141439206	0.327543424318	0.0	0.491315136477
-hih	0.111940298507	0.171641791045	0.716417910448	0.0
-hij	0.451202263084	0.373762376238	0.140028288543	0.0350070721358
-iro	0.00947439657118	0.979697721633	0.00812091134671	0.00270697044891
-rza	0.403057119871	0.270313757039	0.236524537409	0.0901045856798
-usa	0.04	0.96	0.0	0.0
-hic	0.220308655782	0.35562513979	0.417356296131	0.00670990829791
-ira	0.0424671385237	0.91809908999	0.00606673407482	0.0333670374115
-mós	0.0	1.0	0.0	0.0
-tat	0.0616062065198	0.838041545124	0.0910531983154	0.00929905004071
-agé	0.0249687890137	0.975031210986	0.0	0.0
-eis	0.0754070265638	0.432733504713	0.0291345329906	0.462724935733
-his	0.534808607785	0.361680048772	0.065375585332	0.0381357581103
-hit	0.235564807713	0.695957050509	0.0350608085899	0.0334173331872
-jme	0.076499302074	0.847053312582	0.0216103389808	0.0548370463628
-uza	0.0	0.947368421053	0.0526315789474	0.0
-epe	0.124267462748	0.656410577681	0.0653921006506	0.15392985892
-zmo	0.127272727273	0.863241106719	0.00948616600791	0.0
-epa	0.0754839583753	0.0684838364359	0.0169396250449	0.839092580144
-ces	0.0	0.753424657534	0.0	0.246575342466
-aná	0.0374193548387	0.92	0.0270967741936	0.0154838709678
-ros	0.0780475336362	0.824778659663	0.0558363778188	0.0413374288825
-bén	0.0	1.0	0.0	0.0
-aní	0.0	1.0	0.0	0.0
-cea	0.0	1.0	0.0	0.0
-pia	0.0	0.94495412844	0.0550458715596	0.0
-pic	0.192622682304	0.250169254624	0.332831029287	0.224377033785
-npa	0.0967741935483	0.637096774193	0.0	0.266129032258
-pij	0.118421052632	0.763157894737	0.0789473684211	0.0394736842105
-pil	0.0788984855458	0.714085616641	0.0579550912116	0.149060806602
-pio	0.0	1.0	0.0	0.0
-pis	0.573502454223	0.20914273436	0.134864732386	0.082490079032
-rés	0.00278551532033	0.92061281337	0.0	0.0766016713092
-piz	0.0	1.0	0.0	0.0
-iud	0.0	1.0	0.0	0.0
-tés	0.0	1.0	0.0	0.0
-uet	0.0746434311443	0.78176971788	0.0604956878265	0.0830911631492
-ace	0.0	0.556603773585	0.443396226415	0.0
-uem	0.0	1.0	0.0	0.0
-uel	0.253007006271	0.103541848052	0.107013534084	0.536437611594
-ueo	0.0365448504984	0.887043189369	0.0664451827242	0.00996677740863
-axi	0.0	0.959770114943	0.0	0.0402298850575
-axo	0.321872159951	0.44865192366	0.0477128142986	0.18176310209
-uej	0.115844255619	0.0383308563303	0.0238262915001	0.821998596551
-axa	0.0301977231875	0.949670461354	0.0201318154583	0.0
-lca	0.195598282847	0.627909788984	0.16379466715	0.0126972610194
-hía	0.438461538462	0.301282051282	0.141025641026	0.119230769231
-iij	0.466275659824	0.173020527859	0.0	0.360703812317
-sda	0.0	0.937062937063	0.0	0.062937062937
-iic	0.745495495496	0.190315315315	0.00337837837838	0.0608108108108
-aco	0.267208184915	0.502480109191	0.0300997592019	0.200211946692
-ago	0.0184237461617	0.966223132037	0.00614124872057	0.00921187308086
-lás	0.133333333333	0.866666666667	0.0	0.0
-iis	0.312849162011	0.58938547486	0.0530726256983	0.0446927374301
-rte	0.190344534241	0.640224018148	0.0932227420956	0.0762087055153
-one	0.0347788936923	0.848579604567	0.0111408853348	0.105500616406
-rta	0.0415835176096	0.852300307427	0.0161803570465	0.089935817917
-ega	0.266666666667	0.1	0.566666666667	0.0666666666667
-ona	0.186408626769	0.205187077126	0.0344634458478	0.573940850257
-ego	0.0632950097848	0.539505870841	0.386497064579	0.0107020547945
-rto	0.0401537172981	0.77410454747	0.115287973592	0.0704537616397
-das	0.0735451766169	0.825447663415	0.00767612064744	0.0933310393202
-dam	0.0	1.0	0.0	0.0
-ane	0.016895855822	0.561552541418	0.0380156755995	0.38353592716
-ani	0.134994981305	0.609120207124	0.0537768820013	0.20210792957
-dab	0.0	1.0	0.0	0.0
-ano	0.223357576981	0.438556784376	0.134127631816	0.203958006827
-tal	0.177775881198	0.512161816165	0.055987027396	0.254075275241
-tam	0.0	1.0	0.0	0.0
-tan	0.258620689655	0.155172413793	0.586206896552	0.0
-taj	0.428440651452	0.339920263181	0.125559302469	0.106079782898
-yit	0.166666666667	0.782571912014	0.0	0.0507614213197
-tac	0.638961179881	0.114992381944	0.0272256074488	0.218820830726
-sco	0.00212841433132	0.985810571125	0.0120610145442	0.0
-zti	0.0269454012701	0.884869649118	0.0775220635473	0.0106628860641
-sca	0.36	0.425	0.135	0.08
-tar	0.0	1.0	0.0	0.0
-tas	0.423713108632	0.386733821492	0.0932553313262	0.0962977385497
-mia	0.0421052631579	0.957894736842	0.0	0.0
-mic	0.352011174958	0.605320803835	0.0373345185562	0.00533350265087
-nán	0.0	1.0	0.0	0.0
-sés	0.0753324905124	0.824939102478	0.00903005683769	0.0906983501722
-cni	0.0409810127637	0.764212466539	0.0301978226511	0.164608698046
-mil	0.0410072420922	0.374368514893	0.0160712675073	0.568552975508
-min	0.205882352941	0.794117647059	0.0	0.0
-aso	0.0303336703741	0.94944388271	0.0202224469161	0.0
-mis	0.343054728172	0.305770675231	0.121862778109	0.229311818488
-eno	0.171757926262	0.376153412715	0.0477072097454	0.404381451278
-mit	0.0522814803751	0.902897058667	0.0180566075982	0.0267648533601
-ene	0.0703468490473	0.926722032242	0.00293111871031	0.0
-pía	0.282488710487	0.615487539723	0.0317778892791	0.0702458605118
-oel	0.0357142857143	0.892857142857	0.0357142857143	0.0357142857143
