-cac	0.343858569435	0.538162072252	0.0498561185387	0.0681232397736
-can	0.373946564217	0.249828835095	0.0879117602892	0.288312840399
-cal	0.127442650807	0.842820730671	0.00849617672048	0.0212404418012
-cas	0.533163838338	0.326022542127	0.0511454069103	0.0896682126244
-car	0.007722007722	0.96138996139	0.015444015444	0.015444015444
-ive	0.0170541061821	0.982945893818	0.0	0.0
-rbe	0.00949367088607	0.990506329114	0.0	0.0
-cat	0.717118307997	0.216650143203	0.0253359770875	0.0408955717119
-caz	0.0	1.0	0.0	0.0
-oya	0.570496069913	0.22862572235	0.0900814918024	0.110796715935
-lao	0.195530726257	0.737430167598	0.0	0.0670391061453
-zis	0.666178087212	0.21069989007	0.0296812019055	0.0934408208134
-zin	0.0961562661015	0.659715995796	0.0272465853206	0.216881152782
-nso	0.101694915254	0.809322033898	0.0508474576271	0.0381355932203
-ufo	0.0	0.95818815331	0.0418118466899	0.0
-aum	0.0048309178744	0.995169082126	0.0	0.0
-zic	0.649241989061	0.166063088489	0.0292215090287	0.155473413422
-nti	0.302558047435	0.364521759538	0.248214207137	0.0847059858896
-uac	0.25558134129	0.136966225009	0.0794988210281	0.527953612673
-tzi	0.549394133326	0.176401088661	0.0984577299867	0.175747048026
-nto	0.0501508255434	0.368440687722	0.185222294467	0.396186192268
-nta	0.315532869336	0.203638046465	0.0425992883308	0.438229795869
-tza	0.543987906027	0.25041612237	0.0624724584544	0.143123513149
-ual	0.10775119312	0.711691293796	0.0416962010471	0.138861312036
-uan	0.0269782859187	0.0971953333332	0.00545474457062	0.870371636177
-cxi	0.0803177405119	0.837893498088	0.0641365107385	0.017652250662
-uas	0.574050961494	0.155304510034	0.0434861531151	0.227158375356
-uau	0.03295	0.86075	0.0439	0.0624
-uat	0.150369210114	0.323338554486	0.488699932871	0.0375923025285
-dro	0.0194815297884	0.932584306858	0.00208553335033	0.0458486300032
-pre	0.0	0.994642857143	0.00535714285715	0.0
-más	0.0641025641025	0.929487179487	0.0	0.00641025641025
-aré	0.0	1.0	0.0	0.0
-opo	0.175438596491	0.684210526316	0.140350877193	0.0
-tín	0.0	0.977528089888	0.0224719101124	0.0
-mán	0.027397260274	0.630136986301	0.342465753425	0.0
-ope	0.0	0.970342205323	0.0	0.0296577946769
-opa	0.206961429915	0.494825964252	0.0225776105362	0.275634995296
-dea	0.00698791672733	0.953559470083	0.0164507206289	0.0230018925608
-dec	0.00748596381784	0.985651902682	0.0012476606363	0.00561447286338
-cau	0.208047160902	0.54808364899	0.129249360444	0.114619829665
-oes	0.0666666666667	0.866666666667	0.0333333333333	0.0333333333333
-den	0.0171378881633	0.00498272566855	0.00193973483163	0.975939651336
-deo	0.00163398692811	0.986928104575	0.0	0.0114379084967
-ima	0.108665599487	0.579756372499	0.258543470054	0.0530345579599
-des	0.0242026975923	0.873818227657	0.0369343249716	0.0650447497794
-imo	0.0542005420054	0.811201445348	0.0614272809394	0.0731707317073
-ido	0.0983606557377	0.803278688525	0.0	0.0983606557377
-lla	0.0414078674948	0.943064182195	0.0155279503106	0.0
-ech	0.0973210406528	0.127075187041	0.016043462837	0.759560309469
-eco	0.117286592526	0.707505950907	0.0879733015794	0.0872341549881
-obo	0.000995324988689	0.99651636254	0.000995324988689	0.00149298748303
-rpo	0.0392156862745	0.960784313725	0.0	0.0
-rpa	0.0357568533969	0.964243146603	0.0	0.0
-eca	0.138888148845	0.0364093945523	0.00648502998117	0.818217426621
-llo	0.0912775156749	0.749079218044	0.144122393171	0.0155208731107
-ida	0.0106107050224	0.989389294978	0.0	0.0
-tli	0.100443522831	0.741658150488	0.0667593639087	0.0911389627726
-bia	0.0164835164835	0.983516483516	0.0	0.0
-tla	0.125565688223	0.133597706767	0.0515298955588	0.689306709451
-tle	0.0523255813953	0.869186046512	0.0	0.078488372093
-ter	0.0168776371308	0.957805907173	0.0253164556962	0.0
-uta	0.278246205734	0.701517706577	0.0202360876897	0.0
-teu	0.315544568853	0.186418496437	0.0283553875236	0.469681547186
-ria	0.0197981149964	0.96932686409	0.0	0.0108750209135
-rio	0.00707547169811	0.9375	0.0271226415094	0.0283018867924
-ril	0.0	0.904	0.0	0.096
-uti	0.435457071288	0.249910203882	0.172706190187	0.141926534642
-uto	0.45	0.35	0.0833333333333	0.116666666667
-ejo	0.0786430223592	0.548188126446	0.282189668466	0.0909791827293
-tea	0.00863930885528	0.966882649388	0.0215982721382	0.00287976961843
-tec	0.286005244991	0.315934140209	0.0554238800321	0.342636734767
-ris	0.0	1.0	0.0	0.0
-teh	0.326353005167	0.194995920587	0.0163176502584	0.462333423987
-tel	0.268762472915	0.0339255919597	0.0119231933313	0.685388741794
-gro	0.0428571428571	0.957142857143	0.0	0.0
-ten	0.150959872896	0.38600087895	0.12218826155	0.340850986603
-teo	0.0134014039566	0.980216975112	0.0	0.0063816209317
-meu	0.590143218197	0.0286436394271	0.00126368997473	0.379949452401
-ara	0.0842790817642	0.202605107042	0.053069383544	0.66004642765
-nza	0.107491856677	0.78013029316	0.0830618892508	0.029315960912
-aro	0.00517598343685	0.94099378882	0.0175983436853	0.036231884058
-rón	0.0860253473334	0.889792412172	0.0158572068817	0.0083250336129
-lui	0.374621445964	0.11937711273	0.109435091606	0.3965663497
-mea	0.0	1.0	0.0	0.0
-mec	0.0	1.0	0.0	0.0
-lua	0.173501577287	0.315457413249	0.228706624606	0.282334384858
-meo	0.0	0.986725663717	0.0132743362832	0.0
-men	0.0703637431127	0.752792031544	0.0987850035607	0.0780592217826
-mei	0.0	1.0	0.0	0.0
-aye	0.566693259651	0.110328455791	0.049326743462	0.273651541096
-aya	0.549831574437	0.235628026417	0.0689124334159	0.14562796573
-ayo	0.0792589579096	0.758062604396	0.0431381954145	0.11954024228
-ayi	0.134738561258	0.469466915048	0.395794523694	0.0
-tón	0.0614035087719	0.877192982456	0.0614035087719	0.0
-bás	0.00580551523948	0.979680696662	0.00870827285922	0.00580551523948
-cto	0.593816179585	0.159678102499	0.190597204574	0.0559085133418
-cti	0.482167252225	0.343192976114	0.102234210851	0.0724055608104
-aón	0.0328467153285	0.945255474453	0.021897810219	0.0
-nui	0.793639038887	0.135316712637	0.00454042189503	0.0665038265802
-dán	0.0355759922556	0.906582768635	0.0425943852855	0.0152468538238
-xad	0.0	1.0	0.0	0.0
-xal	0.493526275704	0.506473724296	0.0	0.0
-xan	0.158469384263	0.0927294991881	0.0205169745163	0.728284142033
-ota	0.463492063492	0.362962962963	0.0878306878307	0.0857142857143
-tán	0.0464123766338	0.86636436383	0.0872232595359	0.0
-ote	0.0	1.0	0.0	0.0
-oan	0.902965378047	0.0176991150443	0.003726129483	0.0756093774259
-otl	0.156630148613	0.703289934228	0.0970325979741	0.0430473191849
-oto	0.572085008616	0.268811028145	0.0379092475589	0.121194715681
-rán	0.021164021164	0.978835978836	0.0	0.0
-eví	0.0333722832437	0.965318999766	0.00130871698995	0.0
-otz	0.552517811117	0.210084719308	0.0385706040396	0.198826865535
-mat	0.688883822849	0.115547259916	0.0359055555655	0.15966336167
-umi	0.0	0.879518072289	0.0	0.120481927711
ALL	0.221836667861	0.281907513718	0.0509102582155	0.445345560206
-nal	0.106777057592	0.654879819053	0.0635912497468	0.174751873607
-sis	0.48279316057	0.263568377783	0.0639448012875	0.18969366036
-nac	0.792253521127	0.0845070422535	0.0880281690141	0.0352112676056
-siu	0.153950860954	0.106853603757	0.0352548832778	0.703940652011
-aús	0.0416666666667	0.958333333333	0.0	0.0
-csi	0.175438596491	0.701754385965	0.0350877192982	0.0877192982456
-sio	0.0425531914894	0.957446808511	0.0	0.0
-sin	0.0269360269361	0.0736779560309	0.438502673797	0.460883343236
-sic	0.570953118724	0.220697246175	0.0608773220238	0.147472313077
-nas	0.25532832616	0.609532174161	0.060167343354	0.0749721563247
-sia	0.00474533375514	0.995254666245	0.0	0.0
-nau	0.0344827586207	0.206896551724	0.758620689655	0.0
-mos	0.26171225912	0.579437513951	0.0494779395353	0.109372287394
-mor	0.0681818181819	0.931818181818	0.0	0.0
-jco	0.16182684332	0.511901011238	0.0705157044458	0.255756440996
-jca	0.21927421293	0.628743090603	0.0870944484499	0.0648882480174
-tzo	0.705399061033	0.176778620441	0.0952509931384	0.0225713253882
-gog	0.0	0.976190476191	0.0238095238095	0.0
-aán	0.0	1.0	0.0	0.0
-moc	0.351305091998	0.0380830124091	0.00984167736414	0.600770218229
-mon	0.754704301075	0.233198924731	0.0	0.0120967741935
-gos	0.012315270936	0.987684729064	0.0	0.0
-mol	0.0	0.924731182796	0.0752688172043	0.0
-yau	0.507972056691	0.164831303183	0.0177219395007	0.309474700625
-col	0.124951449907	0.508881918846	0.0750785961878	0.291088035059
-con	0.170770809632	0.0670582354993	0.0373135060893	0.724857448779
-yas	0.559689446169	0.124627689488	0.0391576930287	0.276525171315
-ber	0.0	1.0	0.0	0.0
-eos	0.0102682244528	0.983017936482	0.00394931709725	0.00276452196808
-eor	0.0	1.0	0.0	0.0
-bet	0.00621118012423	0.981366459627	0.0	0.0124223602484
-cob	0.00186219739293	0.992551210428	0.0	0.00558659217877
-ixa	0.0215384615384	0.913846153846	0.0646153846154	0.0
-beo	0.0	0.961038961039	0.038961038961	0.0
-lpa	0.0874970306438	0.675614326814	0.0486974423945	0.188191200148
-cou	0.294533413373	0.675838965163	0.0191708138882	0.0104568075754
-yan	0.0980332887805	0.168354896519	0.021888745707	0.711723068993
-rla	0.0	0.871794871795	0.102564102564	0.025641025641
-bed	0.268656716418	0.731343283582	0.0	0.0
-cor	0.0	1.0	0.0	0.0
-iso	0.0844761382337	0.639056500274	0.266867800329	0.00959956116291
-lyo	0.100032439066	0.729053240199	0.0974753726274	0.0734389481076
-reo	0.0	0.969072164948	0.0309278350516	0.0
-nte	0.013270666298	0.78269283937	0.197401161183	0.00663533314903
-rea	0.0153096729297	0.876130828114	0.0264439805149	0.0821155184412
-isa	0.561105827867	0.149846702017	0.0985319557246	0.190515514392
-eva	0.189189189189	0.794594594595	0.0054054054054	0.0108108108108
-upa	0.0353634577603	0.273388530265	0.494316587146	0.196931424829
-res	0.0581395348837	0.926910299003	0.00996677740864	0.00498338870432
-ret	0.0155107187894	0.970870113493	0.00378310214376	0.00983606557377
-dia	0.0	1.0	0.0	0.0
-hab	0.0171919770774	0.982808022923	0.0	0.0
-hac	0.465240641711	0.51871657754	0.0160427807486	0.0
-naí	0.0321285140562	0.967871485944	0.0	0.0
-mas	0.240850059032	0.721369539551	0.0330578512397	0.00472255017711
-mar	0.0323909380266	0.950945515821	0.00823815764838	0.00842538850402
-mau	0.268317664704	0.610418114643	0.0543219811977	0.0669422394557
-ham	0.0306879717179	0.922946887012	0.0184478549985	0.0279172862714
-han	0.0714250049488	0.700324337187	0.0261268672229	0.202123790641
-mal	0.245148110317	0.754851889683	0.0	0.0
-man	0.180869532788	0.147319233597	0.0262809789037	0.645530254712
-mac	0.0626508794114	0.858949304518	0.0142545120129	0.064145304058
-yol	0.69727161423	0.174407763937	0.091522796455	0.0367978253788
-cyo	0.240924092409	0.671926567657	0.0747731023102	0.0123762376238
-coc	0.467499729915	0.240267924664	0.0939897007455	0.198242644676
-pta	0.0845070422535	0.915492957746	0.0	0.0
-pto	0.00751220733692	0.958682859647	0.0	0.0338049330162
-hil	0.0126448893572	0.132771338251	0.854583772392	0.0
-ptl	0.573033707865	0.393258426966	0.0337078651685	0.0
-gad	0.0	1.0	0.0	0.0
-tra	0.0	1.0	0.0	0.0
-ada	0.0949396602187	0.421055590649	0.019608361913	0.46439638722
-ado	0.183665788483	0.636682975787	0.0419018943671	0.137749341362
-tro	0.121679520137	0.718937446444	0.0411311053985	0.118251928021
-lot	0.0109649122807	0.989035087719	0.0	0.0
-gai	0.0	1.0	0.0	0.0
-adi	0.0	1.0	0.0	0.0
-cpa	0.0815885676304	0.126287803257	0.1036889332	0.688434695912
-gau	0.0	1.0	0.0	0.0
-sna	0.547249647391	0.431593794076	0.0	0.0211565585331
-gar	0.192354615697	0.701504676698	0.0695404636031	0.0366002440017
-lam	0.0	1.0	0.0	0.0
-nor	0.0	1.0	0.0	0.0
-cox	0.400073916659	0.211124457175	0.132495611198	0.256306014968
-seo	0.0311761927256	0.920642418517	0.0396787907416	0.00850259801607
-ini	0.406874907601	0.386801833196	0.0987560455343	0.107567213669
-sem	0.0	1.0	0.0	0.0
-uiz	0.363636363636	0.0413223140496	0.0495867768595	0.545454545455
-yac	0.0646846946921	0.232779881689	0.535256097432	0.167279326188
-ino	0.103329319491	0.829791388681	0.0476779379699	0.0192013538582
-ina	0.131730908041	0.796809585679	0.0454742312689	0.0259852750108
-uis	0.47528790077	0.23837286527	0.089112753733	0.197226480227
-uiu	0.223155284852	0.454825264595	0.0558776852163	0.266141765337
-uit	0.400377121307	0.211187932118	0.212445003143	0.175989943432
-sea	0.0384615384615	0.961538461538	0.0	0.0
-món	0.0176376844886	0.9781269741	0.000574283581233	0.00366105783036
-hso	0.275091426249	0.456724908574	0.0975213327915	0.170662332385
-uim	0.0	1.0	0.0	0.0
-uil	0.264698128131	0.555496968099	0.0891115212233	0.0906933825468
-uin	0.144004812867	0.145468416908	0.0224373577975	0.688089412427
-uia	0.52	0.12	0.12	0.24
-uic	0.473757641464	0.0831087801903	0.105551582314	0.337581996031
-hse	0.18859546623	0.269689179715	0.118251928021	0.423463426034
-ses	0.0685649910652	0.794033097661	0.0422267112113	0.0951752000621
-ser	0.0	1.0	0.0	0.0
-hsa	0.625338386573	0.358419057932	0.0	0.0162425554954
-hix	0.564688536675	0.183192038334	0.0840398083302	0.168079616661
-blo	0.0346677933398	0.850325688374	0.00284680784725	0.112159710439
-eda	0.0	0.69014084507	0.30985915493	0.0
-dón	0.00499306518724	0.985020804438	0.0	0.0099861303745
-nex	0.0	0.994441503441	0.00555849655902	0.0
-són	0.0490688737807	0.937629323086	0.0	0.0133018031333
-ena	0.180388301794	0.81567952814	0.00393217006635	0.0
-neu	0.109428823887	0.732840111398	0.0136478952216	0.144083169494
-nes	0.183280590717	0.556962025316	0.12074291742	0.139014466546
-rso	0.00411522633744	0.995884773663	0.0	0.0
-nen	0.619976458719	0.258954094501	0.0403564822599	0.0807129645199
-neo	0.0	0.960784313725	0.0	0.0392156862745
-nel	0.0	0.816	0.072	0.112
-cos	0.0837333776884	0.712729844033	0.143586644302	0.0599501339761
-neh	0.191910548234	0.0276113868446	0.00479205887387	0.775686006047
-ooz	0.0306122448979	0.969387755102	0.0	0.0
-nec	0.494419628323	0.141560420384	0.0320366728743	0.33198327842
-ban	0.0505464480874	0.795992714025	0.00819672131147	0.145264116576
-hoc	0.696174043511	0.201800450113	0.0180045011253	0.0840210052513
-jos	0.198529411765	0.415441176471	0.0882352941177	0.297794117647
-hos	0.278206541713	0.538037486218	0.0940830576994	0.0896729143697
-jon	0.113541410666	0.870975669698	0.0	0.0154829196363
-bas	0.0	1.0	0.0	0.0
-job	0.0	1.0	0.0	0.0
-zon	0.0169601033759	0.977951865611	0.00169601033759	0.00339202067518
-que	0.508615187544	0.226027285826	0.0665672855356	0.198790241094
-asa	0.510833584111	0.266171284829	0.116858414932	0.106136716128
-qui	0.246961339812	0.220195639503	0.0885510138077	0.444292006878
-yes	0.447158942602	0.190928890356	0.045529562382	0.31638260466
-yeu	0.712990936556	0.0664652567976	0.0725075528701	0.148036253776
-asi	0.108108108108	0.527027027027	0.121621621622	0.243243243243
-zoc	0.666666666667	0.217391304348	0.0289855072464	0.0869565217391
-yeh	0.518732897015	0.0536592535169	0.00874972252566	0.418858126943
-lti	0.488892640176	0.342912118324	0.0779374765031	0.0902577649966
-oré	0.0	1.0	0.0	0.0
-yel	0.05	0.2	0.65	0.1
-yec	0.267269250483	0.125970902496	0.121338169775	0.485421677246
-zor	0.0	1.0	0.0	0.0
-zos	0.481843640246	0.378444447883	0.118917580802	0.0207943310693
-xos	0.139700511322	0.338020452885	0.453798392988	0.068480642805
-ras	0.08153580673	0.883951682485	0.0142364106989	0.0202761000863
-eri	0.0	1.0	0.0	0.0
-ram	0.0	1.0	0.0	0.0
-uía	0.0501936483346	0.918822618125	0.0	0.0309837335399
-red	0.0	1.0	0.0	0.0
-ero	0.146805496096	0.760794446823	0.0260432593317	0.0663567977493
-era	0.0697674418604	0.885835095137	0.031712473573	0.0126849894292
-uío	0.0	1.0	0.0	0.0
-rac	0.0	1.0	0.0	0.0
-pox	0.10843373494	0.89156626506	0.0	0.0
-aén	0.0291262135922	0.941747572816	0.0291262135922	0.0
-por	0.927152317881	0.0728476821192	0.0	0.0
-pos	0.44727618578	0.418250347852	0.0581221269176	0.0763513394508
-ozo	0.552356020942	0.342931937173	0.104712041885	0.0
-pou	0.719912472648	0.183807439825	0.0437636761488	0.0525164113785
-azo	0.0846303501946	0.871595330739	0.0437743190662	0.0
-pon	0.0737704918033	0.385245901639	0.0737704918033	0.467213114754
-pol	0.502109704641	0.430379746836	0.042194092827	0.0253164556962
-aza	0.0369913686807	0.933415536375	0.0295930949445	0.0
-lac	0.427178520961	0.320772491757	0.097315120113	0.154733867169
-lal	0.171416876518	0.683327252827	0.0568067555904	0.088449115064
-aat	0.0	1.0	0.0	0.0
-lan	0.46443142348	0.335940885627	0.068715934467	0.130911756426
-nos	0.444575759522	0.305889909435	0.0439235759423	0.2056107551
-aam	0.00719424460432	0.992805755396	0.0	0.0
-lau	0.393480791618	0.463495759188	0.0462331614835	0.09679028771
-fos	0.0	1.0	0.0	0.0
-eón	0.0416792509816	0.908184838417	0.046511627907	0.00362428269405
-non	0.0959497371287	0.0205101561731	0.00786297985852	0.87567712684
-las	0.616554877997	0.258401289182	0.0369569240715	0.0880869087492
-itz	0.600869837558	0.192837359396	0.0331695671186	0.173123235928
-noc	0.658095635589	0.172685055552	0.0337593313645	0.135459977494
-aac	0.0	0.995628415301	0.00437158469945	0.0
-zto	0.479567307692	0.192307692308	0.176682692308	0.151442307692
-dos	0.134977345762	0.729047324405	0.0506476916628	0.0853276381709
-nix	0.759878419453	0.209726443769	0.0303951367781	0.0
-gel	0.0323697194487	0.933526468989	0.0108541321167	0.0232496794453
-fán	0.0826446280991	0.846517119244	0.0	0.0708382526564
-fás	0.0	1.0	0.0	0.0
-doc	0.0	1.0	0.0	0.0
-bos	0.0	0.982743744607	0.0172562553926	0.0
-ges	0.020979020979	0.958041958042	0.020979020979	0.0
-sas	0.489077325665	0.213845942793	0.0520579228198	0.245018808722
-ión	0.0110619469027	0.982300884956	0.00663716814159	0.0
-vos	0.0239640539191	0.971542685971	0.00149775336995	0.00299550673989
-toc	0.391975559057	0.346231366976	0.145504971433	0.116288102533
-ton	0.141520077513	0.216995637362	0.327686874074	0.313797411051
-tol	0.232196596975	0.538467004482	0.0330291207391	0.196307277803
-mpa	0.166694271439	0.149431542376	0.0198377011237	0.664036485062
-sac	0.609397247271	0.206454674893	0.047460844803	0.136687233033
-oli	0.188870370021	0.611622937187	0.0352204089824	0.16428628381
-tor	0.016129032258	0.911290322581	0.0483870967742	0.0241935483871
-tos	0.40454332938	0.326760428694	0.0821832206207	0.186513021305
-olo	0.208257553523	0.56126589391	0.0420532364115	0.188423316156
-hte	0.0445978232014	0.628351473321	0.237855057074	0.0891956464029
-san	0.252935980241	0.0468090072373	0.0634252697086	0.636829742813
-sam	0.0	1.0	0.0	0.0
-sal	0.0888888888888	0.8	0.111111111111	0.0
-lol	0.205008019135	0.608873890995	0.141730093541	0.0443879963288
-iel	0.0513616690948	0.912908474144	0.0357298567615	0.0
-tes	0.0397581957684	0.909090909091	0.0511508951407	0.0
-ros	0.0391634787933	0.927229106879	0.0201915513502	0.0134158629776
-avo	0.0971659919029	0.842105263158	0.0121457489879	0.0485829959514
-loc	0.533314834396	0.186930927226	0.0409390072598	0.238815231119
-oca	0.46856166143	0.332759221964	0.0409990285502	0.157680088055
-rom	0.0	1.0	0.0	0.0
-oco	0.368176123143	0.398424914981	0.176123143011	0.0572758188652
-ieu	0.5	0.256097560976	0.219512195122	0.0243902439024
-och	0.0901519704644	0.838853352795	0.0574718811711	0.0135227955697
-ipo	0.00835654596099	0.991643454039	0.0	0.0
-sar	0.0568521843208	0.943147815679	0.0	0.0
-ipa	0.133255973416	0.154122052851	0.19741283823	0.515209135503
-ipe	0.0260107693712	0.965227708314	0.0	0.0087615223145
-noé	0.0	1.0	0.0	0.0
-rdo	0.0379746835443	0.525316455696	0.43670886076	0.0
-hau	0.0	0.979838709677	0.0	0.0201612903226
-saú	0.112262521589	0.86701208981	0.0	0.020725388601
-sto	0.0230296200902	0.896826303928	0.00295717965229	0.0771868963297
-ste	0.107142857143	0.875	0.0	0.0178571428571
-sta	0.0862148558257	0.10016587127	0.0209169720375	0.792702300867
-saí	0.0	1.0	0.0	0.0
-eli	0.446037606251	0.35013308148	0.0671417532412	0.136687559028
-lle	0.0	0.877551020408	0.122448979592	0.0
-cui	0.495378927911	0.360443622921	0.0499075785582	0.09426987061
-loé	0.00493421052632	0.945723684211	0.0	0.0493421052631
-cue	0.0494030465212	0.945656648827	0.0	0.00494030465212
-ián	0.0	0.946428571429	0.0535714285714	0.0
-cua	0.398720622622	0.3229238801	0.0848334724306	0.193522024847
-eyi	0.0842777183613	0.0816461482924	0.496961886093	0.337114247253
-eyo	0.139534883721	0.623477297896	0.130675526024	0.106312292359
-hyo	0.301476842187	0.461403644424	0.131188948169	0.105930565221
-eya	0.08086200704	0.206839333416	0.0142062507528	0.698092408791
-uca	0.279422649889	0.629903774982	0.0906735751295	0.0
-lel	0.0032	0.9968	0.0	0.0
-lem	0.0	1.0	0.0	0.0
-len	0.194279405784	0.135335901524	0.00401273618096	0.66637195651
-lea	0.00817102137767	0.98270783848	0.00598574821852	0.00313539192399
-leg	0.0	1.0	0.0	0.0
-gón	0.0	0.992346938776	0.0	0.00765306122448
-ios	0.0601920874069	0.821016376124	0.0132541917719	0.105537344697
-les	0.0273280057252	0.936915018596	0.0130781327537	0.0226788429254
-leu	0.5875	0.2625	0.0	0.15
-eel	0.0	1.0	0.0	0.0
-rra	0.00846944948577	0.984271022384	0.00725952813066	0.0
-rre	0.0174142480211	0.973878627968	0.0	0.00870712401057
-fas	0.0134659208618	0.961673917547	0.0124300807955	0.0124300807955
-rro	0.0117647058824	0.97385620915	0.00653594771242	0.00784313725491
-gio	0.0	1.0	0.0	0.0
-alo	0.393168627491	0.414340000028	0.0827207563791	0.109770616101
-udá	0.0	1.0	0.0	0.0
-ndo	0.0	0.924882629108	0.0610328638497	0.0140845070422
-ali	0.184950093633	0.341201211532	0.185341769517	0.288506925318
-gia	0.0	0.971830985916	0.0281690140845	0.0
-ala	0.741226947351	0.157427092208	0.00929373436355	0.0920522260771
-zyo	0.115384615385	0.884615384615	0.0	0.0
-zca	0.545212765957	0.454787234043	0.0	0.0
-hmo	0.23458006121	0.0314415453346	0.0155375463872	0.718440847069
-uva	0.159070824391	0.734881959349	0.0530236081303	0.0530236081303
-yos	0.0	0.981132075472	0.0188679245283	0.0
-osé	0.0460635255156	0.94896883938	0.00225801595665	0.00270961914798
-tca	0.603661107533	0.126935752622	0.0401617022541	0.229241437592
-you	0.249579884235	0.558909566192	0.0476131200597	0.143897429514
-lpi	0.242416859544	0.548057010598	0.180289925691	0.0292362041661
-yoc	0.0257510729614	0.914163090129	0.0429184549356	0.0171673819742
-abé	0.0309110629067	0.886659436009	0.00379609544469	0.07863340564
-chi	0.147946697695	0.0465767291707	0.21392670051	0.591549872625
-cho	0.551718576395	0.168452743629	0.0567183971901	0.223110282786
-cha	0.0	1.0	0.0	0.0
-loi	0.0	0.980392156863	0.0	0.0196078431373
-che	0.00194502074689	0.983791493776	0.0142634854772	0.0
-peu	0.38929888659	0.336046485416	0.0436060877723	0.231048540221
-iyo	0.151611034883	0.320308485876	0.264321870026	0.263758609215
-lsa	0.0665926748058	0.933407325194	0.0	0.0
-iyi	0.0169121536547	0.0135967755154	0.242283364252	0.727207706578
-elo	0.279140611738	0.632030242833	0.0568429455565	0.0319861998725
-ogo	0.0	1.0	0.0	0.0
-iye	0.453603262749	0.302367523372	0.151291343418	0.0927378704619
-aél	0.0829493087558	0.861751152074	0.0	0.0552995391705
-ela	0.0	0.991596638655	0.00840336134453	0.0
-iya	0.508209279349	0.198122924629	0.068511155364	0.225156640659
-xua	0.713554272947	0.188698566375	0.0390988642711	0.0586482964066
-ele	0.314889581209	0.0971775621189	0.0467521328253	0.541180723846
-syo	0.167530224525	0.52158894646	0.19170984456	0.119170984456
-uep	0.660248760442	0.0611814872699	0.0361406679882	0.2424290843
-ito	0.413103886792	0.418186614717	0.0323403276648	0.136369170827
-itl	0.0772568422301	0.831024401775	0.0326740772543	0.0590446787408
-mín	0.0	1.0	0.0	0.0
-eso	0.0710334788937	0.906259097525	0.00786026200873	0.014847161572
-iti	0.533360284857	0.313171520532	0.0340522133939	0.119415981217
-esa	0.281215671915	0.686561699011	0.0065909923105	0.0256316367631
-ite	0.0719466771222	0.776318368947	0.109390315624	0.0423446383062
-ita	0.510104433543	0.274953757425	0.0644954676532	0.150446341379
-spe	0.038961038961	0.913961038961	0.0340909090909	0.012987012987
-fté	0.0	1.0	0.0	0.0
-ute	0.326133909287	0.226781857451	0.246220302376	0.200863930885
-spo	0.0	1.0	0.0	0.0
-eza	0.354330708661	0.433070866142	0.212598425197	0.0
-alí	0.0	1.0	0.0	0.0
-bre	0.152542372881	0.745762711864	0.0508474576271	0.0508474576271
-udo	0.243133265514	0.140386571719	0.552390640895	0.0640895218718
-hum	0.0	1.0	0.0	0.0
-hun	0.233766233766	0.463203463203	0.121212121212	0.181818181818
-rim	0.0	1.0	0.0	0.0
-hui	0.401213255656	0.358623668957	0.1303061566	0.109856918787
-hue	0.328096186472	0.164367731307	0.159523985149	0.348012097072
-hua	0.38780781033	0.193169389821	0.0433368321476	0.375685967701
-nja	0.0886990801577	0.891590013141	0.0197109067017	0.0
-njo	0.0	0.860169491525	0.139830508475	0.0
-abo	0.0	1.0	0.0	0.0
-ron	0.0	0.976261215691	0.0237387843093	0.0
-vas	0.0721835524619	0.925238463522	0.0	0.0025779840165
-nco	0.121642248343	0.447852487327	0.0572670046237	0.373238259707
-sou	0.485148514851	0.425742574257	0.039603960396	0.0495049504951
-nce	0.011214953271	0.932710280374	0.0560747663551	0.0
-ael	0.0156124019644	0.955801509932	0.00175914388331	0.0268269442205
-sos	0.164273854869	0.690497118859	0.0908291825374	0.0543998437347
-los	0.458421485435	0.330104718404	0.0742343940662	0.137239402095
-oro	0.00157977883096	0.719677022995	0.278743198174	0.0
-elí	0.0129449838188	0.961165048544	0.0129449838188	0.0129449838188
-ora	0.0568429138394	0.758545640763	0.0371271284087	0.147484316989
-cia	0.00487606663957	0.96261682243	0.0276310442909	0.00487606663958
-ruz	0.35949471466	0.559249630656	0.00274860565526	0.0785070490283
-lix	0.094028373474	0.880237545365	0.00593863411415	0.0197954470472
-liu	0.578300921187	0.278403275333	0.106448311157	0.0368474923234
-rut	0.0	1.0	0.0	0.0
-lis	0.255834660478	0.474360260346	0.0664727428004	0.203332336376
-ico	0.353592679331	0.315342961402	0.233530771813	0.0975335874547
-lim	0.0	0.96	0.04	0.0
-lin	0.940438871473	0.0282131661442	0.0313479623824	0.0
-lio	0.0949245307222	0.881985718562	0.00769658357207	0.0153931671442
-omo	0.433734939759	0.530120481928	0.0	0.0361445783133
-sué	0.0987584650112	0.867381489842	0.0169300225734	0.0169300225734
-oma	0.107802252946	0.848996095124	0.0169576577668	0.0262439941629
-rug	0.0	1.0	0.0	0.0
-ica	0.0740826249369	0.0351788777354	0.0158088475813	0.874929649746
-lic	0.594211756412	0.15354721299	0.0265233698791	0.225717660719
-eas	0.117115266078	0.870556811177	0.0	0.012327922745
-cmo	0.147221525715	0.074801236406	0.036501938264	0.741475299615
-ode	0.0	1.0	0.0	0.0
-rna	0.0	1.0	0.0	0.0
-rno	0.363636363636	0.6	0.0363636363636	0.0
-zer	0.0	1.0	0.0	0.0
-lux	0.0	0.98064516129	0.0	0.0193548387097
-rge	0.0	0.986666666667	0.0	0.0133333333333
-rga	0.0739136926983	0.337016574586	0.165745856354	0.423323876363
-sda	0.0	0.926470588235	0.0	0.0735294117647
-zen	0.464234959735	0.296541923259	0.0907153008053	0.148507816201
-nio	0.0112676056338	0.988732394366	0.0	0.0
-apa	0.197330571856	0.334848310513	0.262628005983	0.205193111648
-pal	0.0563758389262	0.630488974113	0.123298178332	0.189837008629
-mes	0.0	1.0	0.0	0.0
-pan	0.0329632038866	0.0299329296069	0.0023472363112	0.934756630195
-pac	0.0375147290071	0.849719021203	0.0607341672716	0.0520320825185
-apo	0.822207534699	0.103767349637	0.0218109715797	0.0522141440846
-tui	0.22546230441	0.458036984353	0.235419630156	0.0810810810811
-pas	0.52041076761	0.252162745076	0.0385722020292	0.188854285284
-pau	0.492537313433	0.223880597015	0.0895522388059	0.194029850746
-fat	0.0	1.0	0.0	0.0
-sen	0.0534775454509	0.112774411045	0.0259662078099	0.807781835695
-icó	0.0	0.990936555891	0.0	0.00906344410876
-sur	0.0	0.928571428571	0.0476190476191	0.0238095238095
-nca	0.276666566554	0.231917616456	0.0409192697822	0.450496547208
-omé	0.0162162162162	0.983783783784	0.0	0.0
-sel	0.117666923613	0.14413243769	0.140322284623	0.597878354073
-sui	0.668571428571	0.0342857142857	0.0	0.297142857143
-año	0.0	1.0	0.0	0.0
-zín	0.0	0.909159727479	0.0	0.0908402725208
-fes	0.326086956522	0.576086956522	0.0326086956522	0.0652173913044
-dil	0.180965147453	0.810991957105	0.0	0.00804289544236
-din	0.0430828147439	0.956917185256	0.0	0.0
-dio	0.0	0.987012987013	0.012987012987	0.0
-aña	0.0547945205479	0.917808219178	0.0	0.027397260274
-xco	0.215324927255	0.212900096993	0.0764629809247	0.495311994827
-dis	0.0	1.0	0.0	0.0
-feo	0.0	1.0	0.0	0.0
-sli	0.0	1.0	0.0	0.0
-xca	0.347276319225	0.318684303116	0.119906061585	0.214133316074
-sús	0.0123758593624	0.662340777553	0.00290022241347	0.322383140671
-lta	0.0	1.0	0.0	0.0
-one	0.0233525701248	0.67896926587	0.270299288686	0.0273788753188
-nno	0.1	0.84	0.06	0.0
-ves	0.569230769231	0.276923076923	0.107692307692	0.0461538461539
-vez	0.122116689281	0.796472184532	0.0	0.0814111261873
-tiu	0.520917460322	0.255551954825	0.118116062772	0.105414522082
-tis	0.52319500271	0.270395269602	0.0904231754185	0.115986552269
-tix	0.318540515274	0.435948197641	0.228188842146	0.0173224449394
-tia	0.0	1.0	0.0	0.0
-tic	0.320450058852	0.338179425327	0.251416039034	0.0899544767864
-til	0.0615251316475	0.805029211229	0.0431684530248	0.0902772040983
-tin	0.298013245033	0.344370860927	0.158940397351	0.198675496689
-tio	0.143258426966	0.480337078652	0.359550561798	0.0168539325843
-lón	0.0	0.864093959732	0.010067114094	0.125838926174
-mpo	0.702959830867	0.170190274841	0.0951374207188	0.0317124735729
-eme	0.131167372332	0.0826060658429	0.0202194763674	0.766007085458
-ema	0.285564744059	0.697163194808	0.0172720611326	0.0
-emo	0.353223040232	0.328902407625	0.0586523061616	0.259222245982
-hsi	0.450866711282	0.311017410512	0.0583760129547	0.179739865251
-emi	0.465711048115	0.283573553026	0.141073260667	0.109642138191
-oni	0.394992211472	0.391518997864	0.0817524368515	0.131736353812
-set	0.0	1.0	0.0	0.0
-cio	0.00319710129482	0.972185218735	0.0134278254383	0.0111898545319
-zac	0.151545184251	0.225696008649	0.57302459681	0.0497342102892
-ana	0.165185985969	0.370088197969	0.0263108019389	0.438415014123
-zal	0.311459353575	0.659157688541	0.0117531831538	0.0176297747306
-xto	0.15671641791	0.514925373134	0.283582089552	0.044776119403
-zar	0.0	1.0	0.0	0.0
-zas	0.528979763377	0.245950819535	0.096492446439	0.128576970649
-xti	0.517037263054	0.304814574672	0.0517411037797	0.126407058494
-cis	0.0	0.982378854626	0.0176211453744	0.0
-aná	0.00712589073634	0.985748218527	0.00475059382423	0.00237529691211
-esi	0.365577095009	0.185230816197	0.0815543295754	0.367637759218
-hco	0.155317655318	0.337486837487	0.043173043173	0.464022464022
-etz	0.717885373921	0.118401742026	0.0293107345352	0.134402149518
-rca	0.0869565217392	0.913043478261	0.0	0.0
-eta	0.0585723001831	0.934106162294	0.00183038438072	0.00549115314215
-eto	0.236126570202	0.205279058674	0.00620130386389	0.55239306726
-etl	0.118794424168	0.733987531128	0.0260419574707	0.121176087234
-rco	0.092617419672	0.87628666339	0.00171306847805	0.0293828484605
-lil	0.197513647803	0.631828485363	0.0595198813974	0.111137985437
-oxa	0.0	0.817034700315	0.170347003155	0.01261829653
-uyo	0.248804654581	0.711807913442	0.0115064408024	0.027880991175
-uya	0.0	0.757575757576	0.242424242424	0.0
-ías	0.0247002713396	0.957527582209	0.00712894010208	0.0106432063496
-oxo	0.296137339056	0.343347639485	0.328326180257	0.0321888412017
-atz	0.779510022272	0.153674832962	0.0668151447661	0.0
-hca	0.0723727822188	0.38896471047	0.0375121856112	0.5011503217
-ebú	0.00665926748059	0.993340732519	0.0	0.0
-ría	0.00867602142446	0.792926386614	0.0132796246293	0.185117967332
-ata	0.0320165671643	0.847993415355	0.0267285455606	0.0932614719199
-amá	0.195147134744	0.761486835312	0.0433660299433	0.0
-ato	0.213182325247	0.680431343632	0.0381616845343	0.0682246465869
-atl	0.0904276704174	0.482967772046	0.0142898110433	0.412314746493
-ati	0.600445734214	0.189699636428	0.05566091897	0.154193710388
-hto	0.398669797812	0.106236504676	0.133711013976	0.361382683536
-nis	0.564991187659	0.258122804563	0.0605280584385	0.11635794934
-acu	0.734575087311	0.223515715949	0.0139697322468	0.0279394644936
-ian	0.697857656152	0.12901849062	0.0229810424639	0.150142810764
-osa	0.108818011257	0.701688555347	0.0675422138836	0.121951219512
-ulo	0.0183867141162	0.89185448794	0.00296559905101	0.0867931988928
-hti	0.531929021562	0.266872830994	0.126141664544	0.0750564829007
-niu	0.0494426449006	0.789046124918	0.0519464982608	0.10956473192
-oso	0.0321775378853	0.022912766777	0.0117545408048	0.933155154533
-hta	0.823529411765	0.0756302521008	0.100840336134	0.0
-ule	0.0125786163522	0.974842767296	0.0125786163522	0.0
-nic	0.37542467565	0.190551109287	0.0511890918211	0.382835123241
-ace	0.0	0.925373134328	0.0746268656716	0.0
-nia	0.0112736747169	0.969473394128	0.00985820222467	0.00939472893076
-aca	0.417630001711	0.326171966917	0.105022354772	0.1511756766
-aco	0.37549609525	0.414620407118	0.0889002688516	0.12098322878
-acn	0.328125	0.625	0.0234375	0.0234375
-ave	0.0	0.979487179487	0.0205128205128	0.0
-nin	0.0695212008248	0.0925159178686	0.0141520764926	0.823810804814
-ice	0.0172413793104	0.925287356322	0.0373563218391	0.0201149425287
-nil	0.20747318156	0.614326748916	0.050984003464	0.12721606606
-ach	0.188499232849	0.281756800656	0.143384759934	0.386359206561
-iau	0.0909090909091	0.6	0.0363636363636	0.272727272727
-aje	0.0669957686883	0.795486600846	0.00846262341327	0.129055007052
-aja	0.3515625	0.6015625	0.0	0.046875
-nós	0.0	1.0	0.0	0.0
-nón	0.0	1.0	0.0	0.0
-ate	0.0196078431372	0.980392156863	0.0	0.0
-ome	0.0268474684636	0.0244541192771	0.0807683307917	0.867930081468
-fil	0.0478087649402	0.840637450199	0.111553784861	0.0
-fia	0.0	1.0	0.0	0.0
-ias	0.021377672209	0.961995249406	0.0142517814727	0.00237529691212
-lda	0.0213903743316	0.68449197861	0.294117647059	0.0
-vid	0.00573720269593	0.978889322119	0.00133682392915	0.0140366512561
-fre	0.0593132154006	0.940686784599	0.0	0.0
-lia	0.0	0.998154073345	0.00184592665518	0.0
-ila	0.0579097448291	0.914731320606	0.00683973364123	0.0205192009237
-ilo	0.454639792267	0.3644852347	0.0707648241936	0.110110148839
-ojo	0.10152284264	0.573604060914	0.263959390863	0.0609137055838
-ili	0.350556741126	0.437460177709	0.0637993692394	0.148183711926
-lma	0.070351758794	0.91959798995	0.0100502512563	0.0
-oam	0.0	1.0	0.0	0.0
-bel	0.0582649259943	0.90211492433	0.0256365674375	0.0139835822386
-eba	0.0	0.941666666667	0.0583333333333	0.0
-igo	0.00827292782856	0.976363063347	0.00827292782855	0.00709108099592
-ebe	0.0521739130435	0.947826086957	0.0	0.0
-lmo	0.0627365066719	0.916351324437	0.0209121688907	0.0
-ami	0.405940594059	0.37850660066	0.0565181518151	0.159034653465
-nís	0.134502923977	0.865497076023	0.0	0.0
-amo	0.265015976907	0.0631357959896	0.0250073323968	0.646840894707
-ama	0.472178683386	0.376959247649	0.0117554858934	0.139106583072
-oau	0.297872340426	0.510638297872	0.0	0.191489361702
-oas	0.0	1.0	0.0	0.0
-xpa	0.120924679864	0.263598223383	0.0582687083247	0.557208388428
-iro	0.0	0.972487759384	0.0275122406155	0.0
-rza	0.179347826087	0.496376811594	0.141304347826	0.182971014493
-hin	0.0696112403105	0.169032983307	0.0470546291418	0.71430114724
-usa	0.031746031746	0.968253968254	0.0	0.0
-hic	0.40067624683	0.188503803888	0.395604395604	0.0152155536771
-ira	0.0	1.0	0.0	0.0
-mós	0.0	1.0	0.0	0.0
-sca	0.253237825122	0.277645227958	0.31785281047	0.15126413645
-agé	0.115384615385	0.853846153846	0.0	0.0307692307692
-his	0.61421319797	0.134517766497	0.0913705583756	0.159898477157
-hiu	0.610975298154	0.160622492635	0.0327603564963	0.195641852715
-uza	0.0	1.0	0.0	0.0
-uda	0.0204081632653	0.576376004947	0.00618429189858	0.397031539889
-epa	0.138138069844	0.0680946673204	0.0158352341397	0.777932028696
-zma	0.0327868852459	0.901639344262	0.0655737704918	0.0
-aúl	0.410256410256	0.521367521367	0.0	0.0683760683761
-ien	0.0	0.605263157895	0.0	0.394736842105
-yic	0.165925798229	0.0935956951645	0.0374333526246	0.703045153982
-bén	0.0	1.0	0.0	0.0
-aní	0.0	1.0	0.0	0.0
-cea	0.0	1.0	0.0	0.0
-pia	0.0722891566265	0.855421686747	0.0722891566265	0.0
-pic	0.365767878077	0.361469323955	0.0679953106682	0.2047674873
-pil	0.125732799202	0.814004734908	0.0431509015013	0.0171115643885
-xiu	0.142857142857	0.678571428571	0.107142857143	0.0714285714286
-pin	0.0	0.433962264151	0.0	0.566037735849
-pio	0.0212765957447	0.851063829787	0.0	0.127659574468
-pis	0.795180722892	0.168674698795	0.0361445783133	0.0
-rés	0.00300902708125	0.990972918756	0.0	0.00601805416249
-xin	0.464285714286	0.514285714286	0.0214285714286	0.0
-pix	0.482924631219	0.228881089029	0.078024949011	0.21016933074
-iuc	0.267123287671	0.568493150685	0.0616438356164	0.102739726027
-iud	0.0	1.0	0.0	0.0
-sso	0.238095238095	0.380952380952	0.0	0.380952380952
-tés	0.0	1.0	0.0	0.0
-ueu	0.402384500745	0.485842026826	0.111773472429	0.0
-lén	0.0335713262822	0.934391685931	0.000368241238927	0.0316687465477
-ues	0.0479914109332	0.175771673973	0.74653305896	0.0297038561332
-uem	0.0	1.0	0.0	0.0
-uel	0.215713153571	0.159193161616	0.112567903431	0.512525781382
-ueo	0.0386473429951	0.937198067633	0.00966183574878	0.0144927536232
-uen	0.147349739231	0.037436466009	0.00545068085807	0.809763113902
-lco	0.0281690140845	0.971830985915	0.0	0.0
-hpa	0.0	0.00936678816648	0.990633211834	0.0
-ago	0.0303244005642	0.937235543018	0.0303244005642	0.00211565585331
-lás	0.0213588283157	0.978641171684	0.0	0.0
-rte	0.412698412698	0.492063492063	0.031746031746	0.0634920634921
-aín	0.0	0.969151670951	0.0	0.0308483290488
-rta	0.0217864421472	0.969983124153	0.00145242947648	0.00677800422357
-ega	0.0526315789474	0.842105263158	0.0	0.105263157895
-ona	0.109910324212	0.758105311566	0.108990572545	0.0229937916763
-ego	0.0178571428571	0.0297619047619	0.952380952381	0.0
-ono	0.0	0.998961470558	0.00103852944231	0.0
-rto	0.00619834710744	0.848140495868	0.13791322314	0.00774793388429
-das	0.0357903274866	0.927101287641	0.00334583798033	0.0337625468924
-dam	0.0	1.0	0.0	0.0
-ani	0.310395365784	0.507264840584	0.0521875221691	0.130152271463
-ank	0.284965034965	0.382867132867	0.167832167832	0.164335664336
-dab	0.0	1.0	0.0	0.0
-ano	0.349941138446	0.453277327265	0.0824153733767	0.114366160913
-tal	0.190566588785	0.809433411215	0.0	0.0
-tam	0.0	1.0	0.0	0.0
-yix	0.222761024398	0.713592968632	0.0127292013942	0.0509168055766
-ase	0.347368421053	0.589473684211	0.0631578947368	0.0
-tac	0.670641613963	0.102427208179	0.0979273762761	0.129003801582
-yin	0.384615384615	0.589743589744	0.025641025641	0.0
-sco	0.0251937984496	0.947674418605	0.0248062015504	0.00232558139535
-nás	0.0558898681223	0.930850973975	0.00805619720682	0.00520296069607
-tat	0.0	1.0	0.0	0.0
-aal	0.0	1.0	0.0	0.0
-tar	0.0055110998362	0.988977800328	0.0	0.0055110998362
-tas	0.463424726397	0.299900786064	0.0889413679287	0.14773311961
-mia	0.0	1.0	0.0	0.0
-mic	0.447310191586	0.344314120155	0.113864802234	0.0945108860243
-nán	0.0123203285421	0.987679671458	0.0	0.0
-sés	0.0376229746376	0.90805074733	0.00676472204075	0.047561555992
-mil	0.0274135631204	0.183938580896	0.0100191702775	0.778628685706
-min	0.176548840413	0.726048278406	0.0269203942964	0.070482486885
-aso	0.0050977060323	0.994902293968	0.0	0.0
-mis	0.405017842116	0.287775434286	0.173093182712	0.134113540885
-eni	0.338810975395	0.10673969929	0.24289503735	0.311554287965
-ene	0.0379629629629	0.962037037037	0.0	0.0
-pía	0.0	0.849315068493	0.150684931507	0.0
-oel	0.116883116883	0.707792207792	0.077922077922	0.0974025974026
