-cac	0.615836960575	0.199708615865	0.0360176229224	0.148436800638
-can	0.385430250406	0.239951495817	0.0710394258434	0.303578827933
-cal	0.0418132940404	0.731974132643	0.0655430854684	0.160669487848
-cas	0.443718098324	0.269999687635	0.0665070366322	0.219775177409
-car	0.184049079754	0.79754601227	0.0	0.0184049079755
-ive	0.0442084110808	0.955791588919	0.0	0.0
-rbe	0.0176991150442	0.964601769912	0.0	0.0176991150442
-caz	0.0	1.0	0.0	0.0
-xli	0.153861838775	0.724323662867	0.0907365656947	0.0310779326633
-ivo	0.159434914228	0.809283551968	0.0312815338042	0.0
-len	0.117318114971	0.175998986214	0.00318752600787	0.703495372807
-dío	0.143717671708	0.640149283049	0.126268578537	0.0898644667059
-día	0.0210896309314	0.409490333919	0.506151142355	0.0632688927944
-zis	0.845138689991	0.0839190112141	0.0123377910947	0.0586045077001
-zin	0.0523094964618	0.847629145289	0.0104508947024	0.0896104635466
-nse	0.0585365853659	0.468292682927	0.0	0.473170731707
-ufo	0.0	0.97972972973	0.0202702702703	0.0
-aum	0.00940070505288	0.9821386604	0.0	0.0084606345476
-zic	0.803997132103	0.0836171356874	0.0152357053235	0.0971500268865
-pla	0.195283714075	0.141488577745	0.165806927045	0.497420781135
-nti	0.289275386532	0.523159966291	0.146460712943	0.0411039342337
-uac	0.278728427333	0.199320020466	0.174865673718	0.347085878483
-tzi	0.515688757563	0.261995215984	0.0661319825524	0.1561840439
-nto	0.0261743209161	0.881922138733	0.0504850245684	0.0414185157825
-pus	0.640037361611	0.303151012335	0.0386802560369	0.0181313700173
-nta	0.0728902088931	0.167772456102	0.0136738062069	0.745663528798
-tza	0.464369903268	0.177134985876	0.187671771988	0.170823338869
-ual	0.0554425249793	0.0468937547267	0.00183017746627	0.895833542828
-uan	0.00680105550162	0.0413740132084	0.000741409233964	0.951083522056
-uas	0.429748554904	0.320300455131	0.0620188444112	0.187932145554
-puc	0.831067961165	0.106796116505	0.0233009708738	0.0388349514563
-hes	0.140643496861	0.705903483635	0.0197980193816	0.133655000122
-dro	0.0117851268332	0.927161181813	0.00326616372235	0.0577875276319
-pra	0.120183810534	0.695416519383	0.173795216213	0.0106044538706
-lía	0.430071501091	0.266428531475	0.0784104972997	0.225089470134
-pre	0.0	0.994708994709	0.005291005291	0.0
-hám	0.0301467671559	0.93891312971	0.0214200714002	0.00952003173343
-más	0.0539215686274	0.941176470588	0.0	0.00490196078431
-tís	0.325508839697	0.432699450305	0.152094785322	0.0896969246769
-aré	0.0	1.0	0.0	0.0
-opo	0.0119760479042	0.892215568862	0.0958083832335	0.0
-tín	0.0375	0.854166666667	0.075	0.0333333333333
-mán	0.0152588555858	0.496457765668	0.488283378747	0.0
-ope	0.0109356014581	0.94532199271	0.0127582017011	0.0309842041313
-opa	0.0406228842248	0.959377115775	0.0	0.0
-dea	0.0147679324895	0.970464135021	0.0070323488045	0.00773558368495
-dec	0.0623005122243	0.900333804975	0.00614230402211	0.031223378779
-íul	0.0462662337663	0.896915584416	0.0568181818181	0.0
-deo	0.0016348773842	0.988555858311	0.0	0.00980926430518
-ima	0.0551337074942	0.684846483988	0.239418950149	0.0206008583691
-der	0.492424242424	0.507575757576	0.0	0.0
-des	0.0154162384378	0.913926002056	0.0450154162384	0.0256423432682
-imo	0.0247586036147	0.820004951721	0.0309482545185	0.124288190146
-aúl	0.32967032967	0.620879120879	0.0	0.0494505494505
-eco	0.111471523129	0.756840740327	0.0502997935647	0.0813879429789
-obo	0.000499833388869	0.998500499833	0.000999666777741	0.0
-rpo	0.0404039125722	0.7649520935	0.0525307140802	0.142113279847
-rpa	0.0	0.985981308411	0.0140186915888	0.0
-eca	0.10040408891	0.0551982385606	0.0115453974222	0.832852275107
-llo	0.00590484759869	0.989666516702	0.00147621189967	0.00295242379935
-ece	0.185567010309	0.494845360825	0.288659793814	0.0309278350515
-ida	0.0143502524582	0.981397820888	0.0	0.00425192665427
-bia	0.0	1.0	0.0	0.0
-péa	0.259672131148	0.588852459016	0.151475409836	0.0
-bba	0.0333333333333	0.92	0.0	0.0466666666667
-uta	0.0110294117647	0.900735294118	0.0661764705882	0.0220588235294
-eje	0.682584039521	0.107122849051	0.0197164323532	0.190576679074
-ria	0.0224719101124	0.905257317242	0.0389790539603	0.033291718685
-rio	0.0501269837087	0.895514533958	0.0351539885749	0.0192044937585
-rim	0.0	1.0	0.0	0.0
-ejo	0.0502392344497	0.899521531101	0.0502392344497	0.0
-ños	0.118203309693	0.570527974783	0.193065405831	0.118203309693
-tea	0.0371287128713	0.962871287129	0.0	0.0
-ris	0.0	1.0	0.0	0.0
-tel	0.121638312474	0.538376903024	0.0212560874709	0.318728697031
-ten	0.0251696779338	0.0944826880024	0.00952140693413	0.87082622713
-teo	0.0159329140461	0.971488469602	0.00377358490566	0.00880503144655
-lux	0.03125	0.885416666667	0.0208333333333	0.0625
-ara	0.0540284360189	0.911848341232	0.0170616113744	0.0170616113744
-mes	0.0894177013954	0.722251488928	0.058395043009	0.129935766668
-lus	0.531101397551	0.3220421443	0.10259305719	0.0442634009593
-rón	0.0495606926555	0.816855753647	0.12641815235	0.00716540134778
-mea	0.0	1.0	0.0	0.0
-mec	0.0	1.0	0.0	0.0
-meo	0.133663366337	0.787128712871	0.0	0.079207920792
-luc	0.604905174812	0.245478666152	0.0520542270839	0.0975619319519
-mei	0.0	1.0	0.0	0.0
-bán	0.106451612903	0.570967741936	0.322580645161	0.0
-aya	0.539247008093	0.199678831416	0.0635515078938	0.197522652598
-ayo	0.148903594296	0.722822750324	0.0607381453992	0.0675355099812
-ero	0.0839662229492	0.851957425353	0.0323954789251	0.0316808727723
-tón	0.0582527320689	0.80391910564	0.0989197337018	0.0389084285894
-bás	0.0	0.983543609435	0.00987383433899	0.006582556226
-ndi	0.183988762158	0.747045223618	0.05167834181	0.0172876724141
-xas	0.619006102877	0.276373147341	0.0	0.104620749782
-cti	0.537641288121	0.335892514395	0.0744295158882	0.0520366815952
-aón	0.0307455803228	0.961568024596	0.0076863950807	0.0
-dás	0.0612244897959	0.902040816327	0.00408163265306	0.0326530612245
-dán	0.0398180023592	0.902404968824	0.0414068706517	0.0163701581646
-xan	0.296107168908	0.0562682408474	0.0296938170802	0.617930773164
-ije	0.512874610616	0.172372627305	0.0664717233917	0.248281038687
-tán	0.0	1.0	0.0	0.0
-ote	0.0284548537516	0.935512929207	0.00635862653667	0.0296735905044
-sus	0.585002862049	0.314825414997	0.0	0.100171722954
-zac	0.685808676775	0.0721502732807	0.0179775147613	0.224063535183
-sur	0.0324803149606	0.430118110236	0.253937007874	0.283464566929
-rán	0.0	1.0	0.0	0.0
-yén	0.418658477181	0.259334350337	0.112468452504	0.209538719979
-eví	0.0884213941918	0.87556108377	0.0230382348169	0.0129792872208
-umi	0.0240963855422	0.831325301205	0.0	0.144578313253
ALL	0.233532406196	0.279220776002	0.0509746470998	0.436272170702
-sis	0.447543176368	0.153456373101	0.0630653291429	0.335935121389
-nac	0.726072375313	0.109155958104	0.0341297677902	0.130641898792
-zul	0.0	0.329341317365	0.670658682635	0.0
-aús	0.189189189189	0.810810810811	0.0	0.0
-csi	0.309590820524	0.51201558779	0.165403767049	0.0129898246374
-aúm	0.0	1.0	0.0	0.0
-sio	0.159292035398	0.840707964602	0.0	0.0
-csa	0.595982652362	0.298561972153	0.0958685231682	0.00958685231682
-nas	0.398167634538	0.37897053903	0.0740300019699	0.148831824462
-sia	0.00488201790073	0.991049633849	0.0	0.00406834825061
-jué	0.236192761341	0.490717738164	0.184676827302	0.0884126731938
-các	0.653846153846	0.214285714286	0.131868131868	0.0
-mos	0.115027829314	0.743351886209	0.0	0.141620284477
-mor	0.0	1.0	0.0	0.0
-jco	0.181816825019	0.482603873368	0.0558187294224	0.279760572191
-jca	0.0489500748703	0.22277681691	0.0302963470267	0.697976761193
-tzo	0.308333333333	0.291666666667	0.4	0.0
-gog	0.0	0.978494623656	0.0215053763441	0.0
-lúa	0.367680242288	0.384489459629	0.153478029903	0.0943522681802
-oes	0.194244604317	0.776978417266	0.0287769784173	0.0
-mon	0.0	1.0	0.0	0.0
-gos	0.0475442010232	0.867112481612	0.0401094483604	0.0452338690042
-mol	0.0	0.914285714286	0.0857142857143	0.0
-jcu	0.769230769231	0.146853146853	0.0	0.0839160839161
-hué	0.0866975763237	0.332810208227	0.230851058814	0.349641156635
-col	0.44497074394	0.36277514628	0.117024240736	0.0752298690443
-con	0.07444424619	0.72573628196	0.010312145766	0.189507326084
-jla	0.413316965874	0.384757105699	0.0673669609943	0.134558967433
-yas	0.428471294945	0.0475769350135	0.0230011939832	0.500950576059
-ber	0.0	1.0	0.0	0.0
-bes	0.491362763916	0.412667946257	0.0959692898272	0.0
-jli	0.18521027767	0.545841820492	0.0919196043065	0.177028297532
-bet	0.0195950359242	0.966688438929	0.0	0.013716525147
-cob	0.00177567327612	0.991121633619	0.0	0.00710269310447
-eon	0.0	1.0	0.0	0.0
-ixa	0.132285527177	0.857236411264	0.00261951538965	0.00785854616895
-ubí	0.0	0.936170212766	0.031914893617	0.031914893617
-bel	0.0542246471335	0.930759296737	0.0100107040862	0.00500535204307
-yal	0.0	1.0	0.0	0.0
-yao	0.841549295775	0.140845070422	0.0	0.0176056338028
-yan	0.131137530482	0.673485013855	0.0981063632789	0.0972710923842
-rla	0.0	0.538461538461	0.423076923077	0.0384615384615
-bed	0.235294117647	0.764705882353	0.0	0.0
-cor	0.0	1.0	0.0	0.0
-iso	0.0691338238508	0.885408319371	0.0340933925839	0.0113644641946
-otá	0.0	0.987804878049	0.0	0.0121951219512
-uác	0.880980163361	0.0700116686115	0.0140023337223	0.0350058343057
-lyo	0.078408990872	0.835753798068	0.0104545321163	0.0753826789436
-reo	0.0111348241626	0.947109585228	0.0320126194673	0.00974297114224
-isi	0.439149432579	0.320140853025	0.0800182131457	0.160691501251
-nte	0.16046981372	0.58592055061	0.0463828832198	0.20722675245
-rea	0.0454043440913	0.898147011903	0.00441771996564	0.0520309240398
-túa	0.509657995489	0.125361077902	0.0233606407982	0.341620285811
-uál	0.0104255873702	0.933276240831	0.0531704955877	0.00312767621104
-red	0.0	1.0	0.0	0.0
-uán	0.288612308898	0.325754606037	0.0548804390435	0.330752646021
-eve	0.047700969659	0.0139192993431	0.0985298717547	0.839849859243
-uás	0.0851063829787	0.68085106383	0.0212765957447	0.212765957447
-eva	0.0811455847255	0.902545743835	0.00914876690534	0.00715990453458
-res	0.0785705895405	0.7892298255	0.0184549524269	0.113744632532
-ret	0.0059880239521	0.984431137725	0.0	0.00958083832338
-dia	0.00176346108629	0.998236538914	0.0	0.0
-sic	0.623040126752	0.120151086147	0.0295590841759	0.227249702925
-hab	0.0742574257426	0.912828239346	0.0129143349118	0.0
-hac	0.641089108911	0.20297029703	0.0742574257426	0.0816831683168
-naí	0.0770877944325	0.922912205567	0.0	0.0
-mas	0.13372632057	0.18838408089	0.0277342761053	0.650155322434
-mar	0.0	1.0	0.0	0.0
-hal	0.315270935961	0.596059113301	0.0295566502463	0.0591133004926
-ham	0.0837314612488	0.880986563764	0.0136338277	0.0216481472872
-han	0.0604676713512	0.711159494542	0.0159397221447	0.212433111962
-jua	0.535642216904	0.289314374208	0.0614763714862	0.113567037402
-mal	0.252837691394	0.667444713696	0.0061858062107	0.0735317886995
-jue	0.196319018405	0.0981595092024	0.435582822086	0.269938650307
-mac	0.0743813296646	0.832383020338	0.0637731845983	0.0294624653992
-zli	0.0329218106996	0.866941015089	0.100137174211	0.0
-uni	0.118942723912	0.774314749104	0.047525591246	0.0592169357386
-tat	0.0	1.0	0.0	0.0
-eos	0.00963702688018	0.983151372468	0.00391302098156	0.0032985796704
-una	0.770408163265	0.229591836735	0.0	0.0
-coc	0.0451807228916	0.941235530357	0.00354358610914	0.0100401606426
-pta	0.0468540829987	0.953145917001	0.0	0.0
-pto	0.00293489861259	0.99386339381	0.00320170757738	0.0
-uso	0.30289532294	0.097995545657	0.0	0.599109131403
-gad	0.0	1.0	0.0	0.0
-tra	0.0	1.0	0.0	0.0
-ada	0.0	0.889840881273	0.0856793145654	0.0244798041616
-ado	0.00421451901802	0.300916657886	0.694868823096	0.0
-tro	0.00283795288998	0.277409894996	0.0553400813546	0.66441207076
-gai	0.0	1.0	0.0	0.0
-adi	0.0	1.0	0.0	0.0
-gau	0.0	1.0	0.0	0.0
-gas	0.0667490729295	0.313967861557	0.489493201483	0.12978986403
-gar	0.0796930342384	0.899645808737	0.0206611570248	0.0
-lam	0.0	1.0	0.0	0.0
-nor	0.0	1.0	0.0	0.0
-beo	0.0550458715597	0.807339449541	0.0275229357798	0.110091743119
-seo	0.0400662023309	0.931694365906	0.0253430797876	0.00289635197572
-ini	0.172289638563	0.683154319022	0.0451561653148	0.0993998770997
-sem	0.0	1.0	0.0	0.0
-nos	0.0898531871399	0.806968964876	0.0839435049248	0.0192343430589
-yac	0.794089238054	0.0316946584877	0.00610149784475	0.168114605613
-ino	0.0290556900726	0.854721549637	0.116222760291	0.0
-ina	0.252557055052	0.227195343135	0.103644288618	0.416603313196
-see	0.267314702309	0.47752126367	0.0364520048602	0.218712029162
-sea	0.0392156862745	0.960784313725	0.0	0.0
-món	0.00487427466151	0.987698259188	0.00371373307544	0.00371373307543
-uim	0.0	1.0	0.0	0.0
-uil	0.198598970393	0.371994559057	0.0889205916214	0.340485878928
-uin	0.0763802691095	0.241764034763	0.0934827305313	0.588372965596
-uic	0.51640118189	0.150346116881	0.201943371049	0.131309330179
-set	0.0	1.0	0.0	0.0
-ses	0.135154241494	0.713065199607	0.0835333181865	0.0682472407124
-ser	0.0	1.0	0.0	0.0
-blo	0.0525856130328	0.81443712007	0.00239235139318	0.130584915504
-eda	0.0	0.566666666667	0.433333333333	0.0
-dón	0.0	0.99243570348	0.0	0.00756429652044
-iac	0.503105590062	0.385093167702	0.0372670807454	0.0745341614907
-són	0.00634920634919	0.97671957672	0.0	0.0169312169312
-ial	0.25520110957	0.644937586685	0.0998613037448	0.0
-nes	0.0555745820231	0.855926398705	0.026931099972	0.0615679193001
-rso	0.0165975103734	0.983402489627	0.0	0.0
-neo	0.0	0.960655737705	0.0	0.0393442622951
-nel	0.0900264159191	0.0621293516136	0.0024552658887	0.845388966579
-fos	0.0	1.0	0.0	0.0
-cos	0.107484139729	0.827182675338	0.0208131270571	0.044520057876
-áic	0.934782608696	0.0	0.0652173913043	0.0
-ooz	0.0148148148148	0.985185185185	0.0	0.0
-eón	0.0626155878467	0.866050198151	0.0396301188904	0.0317040951123
-ban	0.0954658503922	0.607996938971	0.0172182896499	0.279318920987
-hol	0.168399168399	0.424116424116	0.182952182952	0.224532224532
-bas	0.0246913580247	0.975308641975	0.0	0.0
-job	0.237068965517	0.659482758621	0.0	0.103448275862
-zol	0.0	0.906976744186	0.046511627907	0.046511627907
-ase	0.0184842883549	0.0411275415896	0.274029574861	0.666358595194
-his	0.505231567722	0.345839338329	0.0071201160454	0.141808977904
-que	0.41217332204	0.143469935714	0.0386428275043	0.405713914742
-úac	0.744186046512	0.093023255814	0.162790697674	0.0
-asa	0.664429366487	0.229702968833	0.0151239520971	0.0907437125828
-nye	0.0763358778626	0.373763076053	0.089058524173	0.460842521911
-qui	0.289993476678	0.21044829473	0.0572034181737	0.442354810418
-yes	0.512799746909	0.07316441013	0.0132978723998	0.400737970562
-ias	0.12098523185	0.833574305484	0.0437364453166	0.00170401734999
-asi	0.418565150452	0.244358626705	0.0773722538763	0.259703968966
-lti	0.530277844209	0.287499127365	0.082603847781	0.0996191806454
-eli	0.177643969828	0.244385964435	0.0676586381111	0.510311427625
-úas	0.308282208589	0.42791411043	0.079754601227	0.184049079755
-yec	0.63317125643	0.0331202071144	0.00857039476267	0.325138141693
-zor	0.0	1.0	0.0	0.0
-zos	0.41958041958	0.574125874126	0.0	0.00629370629371
-uís	0.487239343987	0.46028872666	0.02998395963	0.0224879697225
-ras	0.0197139998823	0.850379568057	0.0354557759078	0.0944506561526
-eri	0.0	1.0	0.0	0.0
-ram	0.0	1.0	0.0	0.0
-uía	0.397900831385	0.407863465922	0.110044879719	0.0841908229739
-isa	0.451451271827	0.181090488734	0.149165185339	0.2182930541
-uíc	0.714992850072	0.090309096909	0.0747992520074	0.119898801012
-tía	0.383516496614	0.40197369315	0.0999397701629	0.114570040074
-uiá	0.892291446674	0.0	0.012671594509	0.0950369588173
-era	0.0440587253944	0.8987684661	0.0200592711309	0.0371135373743
-uín	0.0800736748448	0.0175888633816	0.00512291042295	0.897214551351
-rac	0.0	1.0	0.0	0.0
-pos	0.155375428218	0.648664332915	0.110129354724	0.0858308841423
-yón	0.0357142857143	0.964285714286	0.0	0.0
-azo	0.42471042471	0.401544401544	0.166023166023	0.00772200772203
-aza	0.0211453744494	0.935682819383	0.0264317180617	0.0167400881057
-lac	0.721944644955	0.151399877475	0.0486995412336	0.0779559363361
-lal	0.125434619955	0.826152017957	0.0378504467233	0.0105629153646
-aat	0.0	1.0	0.0	0.0
-lan	0.110403019611	0.722331596591	0.0468689427737	0.120396441024
-lao	0.0416666666667	0.958333333333	0.0	0.0
-lak	0.0917284069406	0.908271593059	0.0	0.0
-aam	0.0981028883951	0.860023927534	0.0316185267476	0.0102546573235
-aal	0.0	1.0	0.0	0.0
-aan	0.0679315999063	0.785664089951	0.0	0.146404310143
-uje	0.489457843139	0.238217824085	0.0539259853949	0.218398347381
-non	0.0554010253525	0.0474515092361	0.00341325002643	0.893734215385
-las	0.626153691673	0.234472399	0.0321847898634	0.107189119464
-noa	0.110687022901	0.767175572519	0.0248091603054	0.0973282442748
-noc	0.0224215246637	0.973307708734	0.00427076660261	0.0
-aac	0.00206932229695	0.986894292119	0.0082772891878	0.00275909639593
-dor	0.0361080485116	0.916758544653	0.0413450937156	0.00578831312017
-dos	0.108846918489	0.252485089463	0.227634194831	0.411033797217
-ato	0.041490926925	0.856105934282	0.0367827366356	0.0656204021579
-fán	0.0	0.960053262317	0.0399467376831	0.0
-xúa	0.867208672087	0.121951219512	0.0108401084011	0.0
-fás	0.0	0.982820329277	0.017179670723	0.0
-doc	0.0	1.0	0.0	0.0
-ges	0.0235294117647	0.929411764706	0.0470588235294	0.0
-ger	0.0377358490566	0.962264150943	0.0	0.0
-sas	0.397523236099	0.249389972788	0.105763801737	0.247322989376
-ión	0.0172566808007	0.959077014101	0.0128192485948	0.0108470565033
-xól	0.0348359715516	0.773657814682	0.0232406409921	0.168265572774
-vos	0.0180067475834	0.951315089867	0.0186736641606	0.012004498389
-gli	0.0460273972603	0.95397260274	0.0	0.0
-tol	0.105115308754	0.659961225214	0.0271585673708	0.207764898661
-olu	0.855417858278	0.0683190340006	0.0285986653956	0.047664442326
-mpa	0.0728833097544	0.0291275992951	0.0050093697433	0.892979721207
-sac	0.502755917905	0.0771291079073	0.017338595442	0.402776378746
-oli	0.131209265487	0.827373592653	0.0414171418601	0.0
-tor	0.0679611650485	0.912621359223	0.0194174757281	0.0
-tos	0.0783903268671	0.664942046688	0.0701055338662	0.186562092579
-olo	0.0748148007728	0.257856082593	0.0190348800217	0.648294236613
-iós	0.333333333333	0.515503875969	0.139534883721	0.0116279069767
-san	0.158706445894	0.0776683144156	0.0555957852506	0.70802945444
-sam	0.0	1.0	0.0	0.0
-lon	0.0112701286108	0.932461692691	0.0320786343628	0.0241895443353
-lol	0.0501193251232	0.806170516364	0.0191675945969	0.124542563916
-iel	0.0507064513532	0.917903840666	0.0313897079806	0.0
-cué	0.0	0.0579710144928	0.478260869565	0.463768115942
-ien	0.00969200947661	0.0605212147318	0.0865819513245	0.843204824467
-múa	0.497405309963	0.229421980726	0.134051683919	0.139121025392
-cli	0.0940366336594	0.725613477338	0.00810477971489	0.172245109287
-oce	0.00848204450319	0.0421899096717	0.0	0.949328045825
-iez	0.0238584514646	0.244017972206	0.00383128417679	0.728292292153
-oca	0.382124176267	0.328247458674	0.0364393763601	0.253188988699
-rom	0.0	1.0	0.0	0.0
-lot	0.00552980829998	0.9778807668	0.0110596166	0.00552980829997
-los	0.0491593819228	0.874720789786	0.0280221345908	0.0480976937007
-húa	0.375729288215	0.425904317386	0.0583430571761	0.140023337223
-ipo	0.0301507537689	0.959798994975	0.0	0.0100502512563
-sar	0.0810178581617	0.912135562275	0.00513493467223	0.00171164489074
-iti	0.414886684527	0.324451524147	0.0	0.260661791326
-ipe	0.00301375023545	0.988698436617	0.0	0.00828781314749
-noé	0.0	1.0	0.0	0.0
-rdo	0.0211267605634	0.767605633803	0.211267605634	0.0
-jtu	0.475804741916	0.166074987183	0.0550705197143	0.303049751186
-jti	0.317483958075	0.300850465598	0.336845621703	0.0448199546233
-ido	0.0545454545455	0.772727272727	0.0545454545455	0.118181818182
-saú	0.0870132695237	0.865129432238	0.0	0.047857298238
-man	0.118394408068	0.046267794481	0.0556430009686	0.779694796483
-sto	0.0330600028709	0.89793339436	0.00306155831292	0.0659450444565
-uél	0.0931780366056	0.871880199667	0.0	0.0349417637271
-ste	0.063829787234	0.5	0.063829787234	0.372340425532
-sta	0.0719822049213	0.503817707299	0.181803002821	0.242397084959
-saí	0.0	1.0	0.0	0.0
-zác	0.226552598226	0.0763624841572	0.697084917617	0.0
-lfa	0.0	0.94331775185	0.0566822481505	0.0
-loí	0.0	0.980769230769	0.0192307692308	0.0
-iác	0.0700798131205	0.859840373759	0.0700798131205	0.0
-loé	0.0108499095841	0.934900542496	0.0	0.0542495479204
-cue	0.0276073619632	0.216257668712	0.151840490798	0.604294478528
-ián	0.128325412012	0.790877106352	0.0736682920807	0.00712918955618
-cuc	0.406861402067	0.202131060015	0.1760486698	0.214958868118
-cua	0.493254290172	0.394450018001	0.0480835233409	0.0642121684868
-uco	0.0246189917936	0.890973036342	0.063305978898	0.021101992966
-iás	0.3543758967	0.509325681492	0.0860832137733	0.0502152080344
-púa	0.73637374861	0.121245828699	0.0322580645161	0.110122358176
-200	0.0	0.240740740741	0.0555555555556	0.703703703704
-cus	0.545218393036	0.250271839687	0.116363160733	0.0881466065446
-lem	0.0198675496689	0.980132450331	0.0	0.0
-muc	0.370773506253	0.0796665122742	0.0319592403891	0.517600741084
-lea	0.00347331859804	0.990843069151	0.0	0.00568361225135
-sad	0.0	1.0	0.0	0.0
-leg	0.0	1.0	0.0	0.0
-mus	0.555629513762	0.210053372523	0.029243658619	0.205073455096
-ios	0.0517154242496	0.610396143796	0.00494400777417	0.33294442418
-íos	0.051610114475	0.767868356324	0.103712939489	0.0768085897117
-les	0.0890072032571	0.865956780457	0.0345129971814	0.0105230191043
-eel	0.0	1.0	0.0	0.0
-rra	0.0398975472567	0.929578054147	0.0305243985967	0.0
-alu	0.872727272727	0.127272727273	0.0	0.0
-rro	0.0509803921569	0.914081996435	0.0306595365419	0.00427807486631
-gio	0.0809595202399	0.91904047976	0.0	0.0
-alo	0.376752606889	0.267040846197	0.102900828019	0.253305718894
-udá	0.0	1.0	0.0	0.0
-ndo	0.33836858006	0.598187311178	0.0271903323263	0.036253776435
-ali	0.145948515807	0.381449762237	0.222377673118	0.250224048837
-nda	0.0589249041265	0.0253326885829	0.00336069026286	0.912381717028
-gia	0.0	0.964539007092	0.0354609929077	0.0
-ala	0.63146543775	0.248047809363	0.0325764498464	0.087910303041
-ocu	0.476155377018	0.298297339132	0.168054838948	0.0574924449031
-uva	0.0333216106911	0.924476877088	0.0	0.0422015122208
-osé	0.0181538212173	0.970662128211	0.00291757840992	0.00826647216144
-huá	0.761083743842	0.110837438424	0.0591133004926	0.0689655172414
-yol	0.0206670189641	0.805730021737	0.160376067162	0.013226892137
-abí	0.0	0.916890080429	0.0	0.083109919571
-abé	0.0300453982666	0.869830788279	0.0121337185308	0.0879900949236
-chi	0.0601472738378	0.207943674725	0.0508536976847	0.681055353753
-cho	0.0441338727473	0.0431531200196	0.0717175432144	0.840995464019
-pel	0.0499488475658	0.921165071914	0.00722152012999	0.02166456039
-cha	0.440161104718	0.533947065593	0.0172612197929	0.00863060989644
-ros	0.0339972906442	0.874973418431	0.0719320474144	0.01909724351
-che	0.158041823263	0.790883685073	0.0125277055026	0.0385467861618
-oje	0.103731955939	0.0462422245536	0.0139993652011	0.836026454306
-iyo	0.179002308015	0.645142677298	0.157954783886	0.0179002308015
-oré	0.0	0.966923925028	0.0	0.0330760749724
-elo	0.0255869691502	0.900487425799	0.0467036243397	0.0272219807107
-ogo	0.0	1.0	0.0	0.0
-iye	0.321428571429	0.455357142857	0.205357142857	0.0178571428571
-aél	0.0	1.0	0.0	0.0
-ela	0.173516618579	0.587599480479	0.193425789524	0.0454581114182
-xua	0.390521327014	0.478672985782	0.0454976303317	0.085308056872
-xuc	0.477272727273	0.435606060606	0.0643939393939	0.0227272727273
-jpa	0.161137575654	0.175012158095	0.0600353480356	0.603814918216
-muá	0.641592920354	0.240412979351	0.117994100295	0.0
-lác	0.162420382166	0.168789808917	0.547770700637	0.12101910828
-lán	0.232189973615	0.606860158311	0.108179419525	0.0527704485488
-itu	0.0148134313807	0.930775291388	0.0459625851252	0.00844869210633
-ter	0.0269662921348	0.959550561798	0.0134831460674	0.0
-loc	0.0249169435216	0.975083056478	0.0	0.0
-ito	0.080397476646	0.799612796107	0.0516205077809	0.0683692194661
-esi	0.312411383529	0.129143375267	0.0444522731613	0.513992968043
-tes	0.117153348488	0.854869732471	0.0279769190418	0.0
-eso	0.0143860250043	0.972255523206	0.00205514642919	0.0113033053605
-qee	0.230769230769	0.080971659919	0.526315789474	0.161943319838
-lás	0.0	1.0	0.0	0.0
-esa	0.0	1.0	0.0	0.0
-ite	0.0	1.0	0.0	0.0
-mía	0.619826756497	0.243743984601	0.121270452358	0.0151588065448
-ita	0.302479173953	0.270218232519	0.147594105066	0.279708488461
-apu	0.468619246862	0.313807531381	0.0669456066946	0.150627615063
-spe	0.0621761658031	0.829015544041	0.0932642487047	0.0155440414508
-fté	0.0	1.0	0.0	0.0
-spo	0.0	1.0	0.0	0.0
-fas	0.0126512651265	0.970847084708	0.006600660066	0.00990099009902
-alí	0.0	1.0	0.0	0.0
-bre	0.0280373831776	0.803738317757	0.168224299065	0.0
-udo	0.0765550239234	0.607655502393	0.296650717703	0.0191387559809
-alá	0.345807948941	0.31621700029	0.0638236147374	0.274151436031
-hum	0.0	1.0	0.0	0.0
-hui	0.270663243946	0.101347321608	0.045482486484	0.582506947963
-hua	0.352280940666	0.37019827463	0.0877584708688	0.189762313835
-huc	0.556782334385	0.228706624606	0.126971608833	0.0875394321766
-abo	0.0	1.0	0.0	0.0
-ron	0.0	1.0	0.0	0.0
-hus	0.690346404079	0.0879198171268	0.173729558642	0.0480042201512
-vas	0.0395685266395	0.940269166793	0.00554463430617	0.0146176722617
-tuc	0.528524505077	0.0885277160448	0.0175657561226	0.365382022756
-nce	0.00931677018635	0.190217391304	0.00698757763976	0.79347826087
-tul	0.012676056338	0.971361502347	0.00469483568075	0.0112676056338
-nca	0.753458683331	0.0255198802889	0.00934279480524	0.211678641575
-aen	0.0	0.984848484848	0.0151515151515	0.0
-tus	0.492838615525	0.237753155952	0.0439135851827	0.22549464334
-oro	0.0147818311221	0.824771429093	0.156066937971	0.00437980181397
-elí	0.0	0.981308411215	0.018691588785	0.0
-ora	0.0343137254902	0.916053921569	0.0238970588235	0.0257352941176
-lix	0.0679988070385	0.911422606621	0.00178944229049	0.0187891440501
-rus	0.604265402844	0.265402843602	0.00710900473934	0.123222748815
-icu	0.736549165121	0.185528756957	0.0333951762523	0.0445269016697
-jen	0.0821502696136	0.195392650752	0.0184981873351	0.703958892299
-rut	0.0	1.0	0.0	0.0
-lis	0.457892397642	0.278446762963	0.0757994324583	0.187861406937
-ico	0.0845627923713	0.904641957539	0.0071968333933	0.00359841669665
-lim	0.0	1.0	0.0	0.0
-lin	0.0366449511401	0.842019543974	0.118892508143	0.00244299674267
-lio	0.1000118826	0.852853804412	0.0245573731532	0.0225769398344
-sué	0.0166759310728	0.974986103391	0.0	0.0083379655364
-ruc	0.642553468598	0.297210050887	0.0407003246723	0.0195361558427
-oma	0.0587947443196	0.719492739302	0.0156668630073	0.206045653371
-rug	0.0	1.0	0.0	0.0
-ica	0.444027629361	0.275835816833	0.0998379730313	0.180298580775
-lic	0.5213486331	0.107031519395	0.0284800103666	0.343139837139
-eas	0.0	1.0	0.0	0.0
-lpi	0.824817518248	0.131386861314	0.0	0.043795620438
-ode	0.0	1.0	0.0	0.0
-rna	0.0	1.0	0.0	0.0
-zer	0.0	1.0	0.0	0.0
-ana	0.410762689982	0.381172700319	0.0671684321473	0.140896177552
-ipa	0.00439775225996	0.97654532128	0.00732958709994	0.0117273393599
-uro	0.0338983050848	0.672316384181	0.293785310734	0.0
-rge	0.0	1.0	0.0	0.0
-nco	0.142370559865	0.46973117325	0.0369179315667	0.350980335318
-nio	0.0359447004608	0.964055299539	0.0	0.0
-mis	0.181490020405	0.233695062556	0.432465531393	0.152349385645
-apa	0.0630530349812	0.0731747520479	0.00325182561362	0.860520387357
-pal	0.586046511628	0.255813953488	0.046511627907	0.111627906977
-nza	0.0769230769231	0.923076923077	0.0	0.0
-pan	0.0505955452758	0.379273099318	0.0116877680007	0.558443587405
-pac	0.512576478586	0.0714933152051	0.0101971447995	0.40573306141
-ngá	0.172839506173	0.33950617284	0.0679012345679	0.41975308642
-aín	0.0	0.968932038835	0.0	0.0310679611651
-pas	0.327499822714	0.370632490005	0.0399516264764	0.261916060805
-fat	0.0	1.0	0.0	0.0
-aro	0.0571334214002	0.899603698811	0.0108982826949	0.0323645970938
-icó	0.0185185185185	0.981481481481	0.0	0.0
-nuc	0.510989679866	0.151465544265	0.0465550351359	0.290989740734
-ael	0.0422107901332	0.930674639816	0.0048366530361	0.0222779170148
-amo	0.221892821872	0.0343900317726	0.0125467212179	0.731170425137
-omé	0.02	0.97	0.0	0.01
-sor	0.0	1.0	0.0	0.0
-nus	0.450657720169	0.24112126697	0.0736990879528	0.234521924908
-zín	0.0	0.938198940553	0.0441436138905	0.0176574455562
-fes	0.0	0.970873786408	0.0291262135922	0.0
-dio	0.0	1.0	0.0	0.0
-aña	0.0	1.0	0.0	0.0
-xco	0.138003275816	0.752542566564	0.028415800099	0.0810383575211
-son	0.0391061452514	0.938547486034	0.0223463687151	0.0
-dis	0.109777993526	0.838508215719	0.0180370141593	0.0336767765965
-zís	0.632853898562	0.22558667676	0.0166540499622	0.124905374716
-uis	0.444181995315	0.324528363288	0.0829930601317	0.148296581265
-xca	0.233057933715	0.22443549099	0.111006934948	0.431499640348
-sús	0.0120380010186	0.654113481452	0.0032383905822	0.330610126948
-lta	0.0126050420168	0.987394957983	0.0	0.0
-tua	0.485915492958	0.471830985916	0.0	0.0422535211268
-tis	0.482682405239	0.282185772822	0.0850130657326	0.150118756206
-tia	0.0	1.0	0.0	0.0
-tic	0.39949196067	0.251556039947	0.0877417048872	0.261210294496
-til	0.039376538146	0.191960623462	0.768662838392	0.0
-tin	0.0372956899381	0.164984677885	0.0472548940988	0.750464738078
-tio	0.055944055944	0.776223776224	0.13986013986	0.027972027972
-lón	0.00556844547563	0.972157772622	0.0111368909513	0.0111368909513
-ngo	0.286155538136	0.558645622492	0.11998221619	0.0352166231822
-ema	0.115144606079	0.0905454354476	0.0197547057181	0.774555252756
-emo	0.0	1.0	0.0	0.0
-emi	0.528839006761	0.326806037981	0.0793117886402	0.0650431666177
-emu	0.291727579775	0.307506175329	0.0105862781671	0.390179966729
-jan	0.0669812179542	0.0241720482033	0.0784359144947	0.830410819348
-oni	0.129555665377	0.82671842998	0.0284758206158	0.0152500840265
-cio	0.00903886712865	0.804157878879	0.179572160289	0.00723109370292
-yúa	0.0223421249595	0.89242266832	0.0113944837293	0.0738407229911
-cúa	0.384046019161	0.340588633991	0.13875831931	0.136607027538
-cia	0.0169469085132	0.932477161393	0.0240963855422	0.0264795445518
-inu	0.303797468354	0.208860759494	0.487341772152	0.0
-zar	0.0	1.0	0.0	0.0
-zas	0.516065463704	0.286798805863	0.0866192531929	0.110516477241
-xti	0.565068493151	0.27680864726	0.0588613013698	0.0992615582192
-cis	0.0	0.9375	0.0625	0.0
-pía	0.575450633966	0.0720277336121	0.0245900659316	0.32793156649
-rca	0.0302419354839	0.928427419355	0.0292338709677	0.0120967741935
-eta	0.0523186682521	0.802615933413	0.112960760999	0.0321046373365
-rce	0.0	0.0124223602484	0.227743271221	0.75983436853
-ete	0.0881516587678	0.248578199052	0.0549763033175	0.608293838863
-eto	0.0	1.0	0.0	0.0
-rco	0.180514415151	0.762521947754	0.00516023536035	0.0518034017344
-bul	0.117529059383	0.789948064082	0.0925228765354	0.0
-uya	0.064039408867	0.935960591133	0.0	0.0
-ebá	0.0	0.979310344828	0.0206896551724	0.0
-ías	0.364290983565	0.26293599438	0.0419925797927	0.330780442263
-jsi	0.298655484558	0.369382321619	0.175878594249	0.156083599574
-ebú	0.138236478325	0.861763521675	0.0	0.0
-ate	0.525658306661	0.211719178981	0.0659969965855	0.196625517773
-íal	0.669442916634	0.113695293471	0.0377150938948	0.179146696001
-ían	0.048044483857	0.619961966606	0.0509704938192	0.281023055718
-jsa	0.528523489933	0.219798657718	0.201342281879	0.0503355704698
-íac	0.263383340704	0.125389222402	0.318562770711	0.292664666183
-jse	0.0316692093219	0.128666026619	0.0461812496712	0.793483514388
-ati	0.595814774023	0.0996477389027	0.0459310404945	0.25860644658
-nis	0.583913498396	0.277438895033	0.0655829180749	0.0730646884961
-acu	0.669338677355	0.2625250501	0.0681362725451	0.0
-uli	0.396812835166	0.375500331114	0.0660471842339	0.161639649486
-osa	0.039603960396	0.953465346535	0.0029702970297	0.00396039603961
-ulo	0.350226919621	0.34839101908	0.0687203865875	0.232661674712
-oso	0.0119760479042	0.790419161676	0.161676646707	0.0359281437126
-nic	0.691245291715	0.134370160551	0.0381692724065	0.136215275327
-lén	0.0439991312644	0.941922698045	0.0	0.014078170691
-nia	0.0469728505306	0.913026112663	0.0240537796079	0.0159472571986
-aca	0.491468291729	0.25998762218	0.0640840158138	0.184460070277
-ice	0.00342857142857	0.941714285714	0.0548571428571	0.0
-nil	0.0666666666667	0.933333333333	0.0	0.0
-cía	0.0603015075377	0.939698492462	0.0	0.0
-aje	0.621981729517	0.125681950012	0.0395055636586	0.212830756813
-lia	0.0521327014218	0.908372827804	0.0268562401264	0.0126382306477
-ría	0.0278732612606	0.747858300533	0.00525406522165	0.219014372985
-ome	0.0187403096347	0.04979666021	0.0276982493296	0.903764780826
-fil	0.019801980198	0.821782178218	0.158415841584	0.0
-fia	0.0	1.0	0.0	0.0
-nóa	0.760633861551	0.0	0.0642201834863	0.175145954962
-ilu	0.614376379691	0.315535320088	0.0427704194261	0.0273178807947
-ldo	0.0458015267176	0.954198473282	0.0	0.0
-yul	0.27463877507	0.689777873625	0.0355833513047	0.0
-lda	0.0192307692308	0.692307692308	0.288461538462	0.0
-ata	0.0129972223534	0.853504354517	0.00560986299334	0.127888560137
-lde	0.146817073862	0.286194093305	0.538220622414	0.0287682104189
-fre	0.0112676056338	0.960563380282	0.0281690140845	0.0
-ila	0.0586098328893	0.919593121821	0.00726568176314	0.0145313635263
-ilo	0.378442537159	0.326814402288	0.107793777909	0.186949282644
-ili	0.453541567927	0.319925668677	0.0723506052118	0.154182158184
-lma	0.112676056338	0.887323943662	0.0	0.0
-oam	0.0	1.0	0.0	0.0
-mín	0.0	1.0	0.0	0.0
-níc	0.324884792627	0.198156682028	0.0622119815668	0.414746543779
-nía	0.417216832453	0.213024468837	0.0438704667648	0.325888231945
-pác	0.136363636364	0.772727272727	0.0454545454545	0.0454545454545
-igo	0.0153593744546	0.966139560862	0.0111704541488	0.00733061053513
-ebe	0.153846153846	0.846153846154	0.0	0.0
-lmo	0.0952380952381	0.857142857143	0.0	0.047619047619
-ami	0.0977805316085	0.0248766825576	0.0129502798712	0.864392505963
-feo	0.0	1.0	0.0	0.0
-nís	0.315352697095	0.634854771784	0.0497925311203	0.0
-sía	0.312315270936	0.279802955665	0.301477832512	0.106403940887
-atá	0.325757575758	0.560606060606	0.113636363636	0.0
-ama	0.158358671093	0.656336299478	0.161873413484	0.0234316159446
-oas	0.0116189000775	0.988381099923	0.0	0.0
-sti	0.522727272727	0.386363636364	0.0909090909091	0.0
-usi	0.391511243995	0.254178673469	0.068918287258	0.285391795277
-iro	0.0461627236007	0.917291786882	0.0150028851702	0.021542604347
-hil	0.148918235459	0.776903624614	0.0168586681652	0.0573194717617
-hin	0.0894891096983	0.490120832005	0.321583177087	0.0988068812097
-usa	0.0392156862745	0.960784313726	0.0	0.0
-hic	0.615447023689	0.156792256205	0.129564481497	0.0981962386085
-ira	0.0207407407407	0.897283950617	0.0	0.0819753086419
-mós	0.0	1.0	0.0	0.0
-xíl	0.0301862556198	0.883108542068	0.0276172125883	0.0590879897238
-agé	0.0712589073634	0.900237529691	0.0	0.0285035629454
-jmo	0.214916821284	0.0511011574171	0.0586932247935	0.675288796505
-eis	0.148730782982	0.11387200572	0.0357525920629	0.701644619235
-jma	0.0491868987632	0.777313330279	0.0312643151626	0.142235455795
-jme	0.413838879128	0.350954046326	0.111885635074	0.123321439472
-vid	0.0103877334417	0.971524061152	0.000677460876633	0.0174107445295
-uza	0.0	0.961290322581	0.0387096774194	0.0
-uda	0.0163043478261	0.983695652174	0.0	0.0
-epa	0.209446565666	0.0343922981696	0.00570242411837	0.750458712046
-aná	0.00669642857142	0.993303571429	0.0	0.0
-bén	0.0	1.0	0.0	0.0
-aní	0.0	1.0	0.0	0.0
-cea	0.0	1.0	0.0	0.0
-obe	0.871559633028	0.0733944954129	0.0550458715596	0.0
-pia	0.0609756097561	0.855875831486	0.0332594235033	0.049889135255
-pic	0.272759337161	0.147639460994	0.0699396704572	0.509661531389
-pil	0.17746936365	0.746936364979	0.0159456666174	0.0596486047541
-pin	0.00737539597164	0.00259819396323	0.000382825280325	0.989643584785
-pio	0.0	1.0	0.0	0.0
-rét	0.342059336824	0.636998254799	0.020942408377	0.0
-rés	0.00138312586445	0.928077455048	0.0	0.0705394190872
-iud	0.0	1.0	0.0	0.0
-uey	0.0838650865998	0.9161349134	0.0	0.0
-núa	0.374237267816	0.341054099207	0.129288226932	0.155420406045
-tés	0.0	1.0	0.0	0.0
-ace	0.0	0.77245508982	0.22754491018	0.0
-uem	0.0	1.0	0.0	0.0
-uel	0.0337777777778	0.900444444444	0.0346666666667	0.0311111111111
-ueo	0.0	0.856432125089	0.0113717128642	0.132196162047
-uen	0.0932351249616	0.797914972373	0.0466499582852	0.0621999443801
-téa	0.0	0.968421052632	0.0	0.0315789473684
-lca	0.289655172414	0.613793103448	0.0229885057471	0.0735632183908
-hía	0.57129791821	0.153944918565	0.0487207488226	0.226036414403
-ota	0.141620771046	0.858379228954	0.0	0.0
-lco	0.0482878333597	0.587186365788	0.0763768344643	0.288148966388
-ago	0.0226130653266	0.943467336683	0.0113065326633	0.0226130653266
-sli	0.183803209833	0.615267601682	0.0925327421347	0.10839644635
-rte	0.0755124056095	0.665587918015	0.0862998921251	0.17259978425
-rta	0.0	0.892525431225	0.0132684652808	0.094206103494
-anu	0.585593359183	0.180689203211	0.0344055485774	0.199311889028
-ega	0.0	0.885364921666	0.114635078334	0.0
-ona	0.332602119541	0.358453652266	0.0876733620548	0.221270866138
-ego	0.15330799013	0.385398904692	0.437069951253	0.0242231539249
-ono	0.0704094867519	0.8423198073	0.0607745043543	0.0264962015935
-rto	0.0	1.0	0.0	0.0
-pín	0.167620908708	0.0577986016341	0.00723892455851	0.767341565099
-das	0.0483856778394	0.887041435735	0.0010556875165	0.0635171989091
-dam	0.0	1.0	0.0	0.0
-dan	0.11214264915	0.143539850294	0.0352854524589	0.709032048098
-oti	0.153846153846	0.153846153846	0.576923076923	0.115384615385
-ani	0.214742481034	0.358178532232	0.0608314742684	0.366247512465
-ank	0.349	0.405	0.121	0.125
-dab	0.0	1.0	0.0	0.0
-ano	0.0951849094068	0.595557210226	0.254653760238	0.0546041201291
-tal	0.052570093458	0.747663551402	0.14339953271	0.0563668224299
-tam	0.0	1.0	0.0	0.0
-tac	0.791727158394	0.0497249174803	0.0388131248642	0.119734799261
-xía	0.601598401598	0.377422577423	0.000599400599402	0.0203796203796
-sco	0.0159010600707	0.98277385159	0.00132508833922	0.0
-nás	0.0870133595316	0.775879613075	0.0669183078728	0.0701887195206
-sca	0.0	0.894214876033	0.100826446281	0.00495867768595
-tar	0.0	1.0	0.0	0.0
-tas	0.338341757284	0.47452331378	0.0566656407977	0.130469288137
-mia	0.0	0.980198019802	0.0	0.019801980198
-mic	0.540965436868	0.117748034855	0.0518582151643	0.289428313114
-nán	0.0145278450363	0.985472154964	0.0	0.0
-sés	0.0610891101478	0.922358114608	0.00149911926743	0.0150536559771
-nác	0.201342281879	0.214765100671	0.0201342281879	0.563758389262
-cni	0.0357714808641	0.700816256496	0.0385086773213	0.224903585319
-mil	0.0207614822357	0.43378886505	0.0103247390814	0.535124913633
-min	0.169776783422	0.598727021065	0.10240435351	0.129091842002
-aso	0.0	0.733333333333	0.266666666667	0.0
-enn	0.30243902439	0.312195121951	0.219512195122	0.165853658537
-eno	0.121778401213	0.465699777619	0.0470992763862	0.365422544782
-ene	0.0341102899375	0.965889710063	0.0	0.0
-ena	0.119640512519	0.84906279712	0.0265427627111	0.00475392764975
-oel	0.433962264151	0.509433962264	0.0	0.056603773585
