kud-	0.0526448432882	0.115621333005	0.00928246607096	0.822451357636
agu-	0.054054054054	0.945945945946	0.0	0.0
ris-	0.0	1.0	0.0	0.0
tut-	0.152412410051	0.455939601274	0.0283119027958	0.363336085879
gin-	0.177496038035	0.75118858954	0.0095087163233	0.0618066561014
ɔpo-	0.0918488280221	0.877534895971	0.0167895707137	0.0138267052936
fuu-	0.232142857143	0.125	0.642857142857	0.0
fig-	0.119006354708	0.820335066436	0.0433275563258	0.0173310225303
e̱m-	0.131040420503	0.329497194212	0.0346318790468	0.504830506238
maa-	0.151442223588	0.0944698284639	0.026133029472	0.727954918476
ngy-	0.181249391698	0.447610040429	0.263371686692	0.10776888118
pɔw-	0.29508679351	0.666085996818	0.0388272096724	0.0
fwi-	0.169838800137	0.310766558718	0.463761691965	0.0556329491796
yo̱-	0.190625587717	0.746413855597	0.033510574638	0.0294499820479
ɔma-	0.0607487237663	0.748326715825	0.138854225752	0.0520703346568
nas-	0.0210770659239	0.841875580316	0.124791086351	0.0122562674095
mah-	0.0	1.0	0.0	0.0
ʻsa-	0.324003392706	0.436810856658	0.101781170483	0.137404580153
nle-	0.6	0.0615384615385	0.307692307692	0.0307692307692
iky-	0.166865315852	0.607866507747	0.2252681764	0.0
aku-	0.159368421053	0.750526315789	0.0703157894736	0.0197894736842
ite-	0.180142687277	0.709126040428	0.0784780023782	0.0322532699167
ooo-	0.145951820461	0.165368028541	0.0600304914344	0.628649659564
bis-	0.903026357998	0.044465984431	0.00328891474322	0.049218742828
lis-	0.121338912134	0.874476987448	0.0	0.00418410041841
ana-	0.127050287493	0.679289290075	0.0369075669383	0.156752855494
ke̱-	0.190532038864	0.449901604195	0.0721285854145	0.287437771526
tom-	0.0	1.0	0.0	0.0
pre-	0.48838070549	0.248773261735	0.184149615776	0.0786964169985
ŋay-	0.39587628866	0.346391752577	0.152577319588	0.105154639175
alɛ-	0.128382630585	0.78099433606	0.0792951541851	0.0113278791693
mfɔ-	0.0719864895357	0.78210717996	0.139736059973	0.00617027053163
bɛn-	0.0	1.0	0.0	0.0
e̱s-	0.159171864834	0.65813752975	0.0548497340875	0.127840871328
kat-	0.233846182335	0.437273961009	0.231562869874	0.0973169867823
abi-	0.147400302877	0.71327612317	0.130237253912	0.0090863200404
ayu-	0.0837156282851	0.851172216382	0.0170531835396	0.0480589717934
mil-	0.132295719844	0.821011673152	0.0233463035019	0.0233463035019
tib-	0.0	0.97385620915	0.0261437908497	0.0
sɛl-	0.0	1.0	0.0	0.0
yut-	0.0714285714286	0.928571428571	0.0	0.0
ari-	0.0139211136891	0.977378190255	0.0087006960557	0.0
swa-	0.34965034965	0.524475524476	0.013986013986	0.111888111888
ɔbɛ-	0.196319018405	0.656441717791	0.147239263804	0.0
ini-	0.0178571428571	0.982142857143	0.0	0.0
gbi-	0.677685950413	0.0743801652893	0.247933884298	0.0
paf-	0.041958041958	0.947552447553	0.0104895104895	0.0
lɔ--	0.135613927917	0.109346365302	0.685400122175	0.069639584606
gyɔ-	0.438829223608	0.451877460324	0.0596145360374	0.0496787800311
abr-	0.074513921674	0.835224466982	0.0730867533821	0.0171748579615
iri-	0.0	1.0	0.0	0.0
wu--	0.262531265633	0.213783903446	0.467576316894	0.0561085140272
lod-	0.0	0.988035892323	0.011964107677	0.0
ira-	0.012987012987	0.987012987013	0.0	0.0
ate-	0.270047673315	0.578984992828	0.0967972165349	0.0541701173219
tii-	0.256841987643	0.344340817588	0.0783934700888	0.32042372468
ɔto-	0.134328358209	0.865671641791	0.0	0.0
kam-	0.213377825458	0.281365563057	0.0785697431258	0.426686868359
ibi-	0.259493670886	0.341772151899	0.398734177215	0.0
sin-	0.176854599406	0.79821958457	0.0106824925816	0.0142433234421
bod-	0.125575301139	0.821463962476	0.0313800620995	0.0215806742859
tiŋ-	0.144160047073	0.736981465137	0.115328037658	0.00353045013239
kim-	0.1238493489	0.789094072744	0.0415918275707	0.0454647507858
aky-	0.101548517269	0.822135759171	0.0404214506967	0.0358942728631
atɔ-	0.102179413229	0.491633756089	0.122769730034	0.283417100648
pat-	0.0625814863103	0.890482398957	0.0312907431551	0.0156453715776
dɔɔ-	0.459396444882	0.450660539396	0.0562143848259	0.0337286308955
mur-	0.308899937823	0.219037824789	0.0286143962685	0.443447841119
han-	0.0894886363636	0.782670454545	0.09375	0.0340909090909
ɛɛɛ-	0.374586679263	0.331601322626	0.0878601794993	0.205951818611
kuŋ-	0.288611202565	0.480233049934	0.073914512956	0.157241234545
nye-	0.539729036983	0.222812156719	0.145631179055	0.0918276272428
fuŋ-	0.561403508772	0.350877192982	0.0877192982456	0.0
ake-	0.166230035278	0.697794019142	0.0746862952323	0.0612896503476
hɛr-	0.0616780688384	0.866718655843	0.0515756265287	0.0200276487895
kpɔ-	0.745035204911	0.101417223326	0.0316844195704	0.121863152193
kid-	0.405107656978	0.470536239204	0.0272605956841	0.0970955081337
mwi-	0.539399624765	0.367729831145	0.0900562851782	0.00281425891182
fɛɛ-	0.536091361708	0.248145062864	0.0980259206881	0.11773765474
kpe-	0.374063995479	0.315117824411	0.135320801241	0.175497378869
yod-	0.124395300622	0.875604699378	0.0	0.0
tɔ--	0.200134318334	0.154801880457	0.0513767629281	0.593687038281
amɔ-	0.114439073808	0.0900852688931	0.0260590384654	0.769416618834
gbu-	0.158044192031	0.78693761647	0.0550181914988	0.0
ku--	0.32	0.42	0.22	0.04
bwa-	0.182712086127	0.236357884631	0.341689721901	0.239240307341
ʻba-	0.362268518519	0.508636039886	0.0658831908832	0.0632122507123
asi-	0.0511393993877	0.769915106901	0.0581784875289	0.120767006182
nan-	0.103603266162	0.822683347067	0.0319125028092	0.0418008839613
ʻat-	0.145833333333	0.588541666667	0.03125	0.234375
mpe-	0.308624376336	0.44262295082	0.11617961511	0.132573057734
ta--	0.1	0.217021276596	0.382978723404	0.3
sɔŋ-	0.543974832444	0.183832581042	0.0820681165367	0.190124469977
kya-	0.454771467001	0.333241358911	0.0319249452856	0.180062228803
nsu-	0.0414441358684	0.512326425977	0.0885185976406	0.357710840514
bir-	0.179305695563	0.366387438925	0.442468250124	0.0118386153879
tol-	0.147058823529	0.852941176471	0.0	0.0
ŋo̱-	0.779639582889	0.198156818028	0.00460829414926	0.0175953049335
kri-	0.0317336630139	0.91912827239	0.0134329140851	0.0357051505107
kaf-	0.138803221505	0.252931383971	0.416910484543	0.191354909981
ɔdɔ-	0.182465328103	0.76148730149	0.0336284222443	0.0224189481628
mir-	0.538922155689	0.438123752495	0.0149700598802	0.00798403193612
isa-	0.0386887662062	0.929515042509	0.0180693296029	0.0137268616822
tee-	0.281320035358	0.524456012215	0.0671892997134	0.127034652714
mmu-	0.183448275862	0.0595862068965	0.623724137931	0.13324137931
ʻte-	0.745341614907	0.254658385093	0.0	0.0
bab-	0.0467445742905	0.939899833055	0.0100166944908	0.00333889816361
ita-	0.0	0.941666666667	0.0583333333333	0.0
siy-	0.0239172924596	0.662843328876	0.310153276412	0.00308610225285
ɔko-	0.0683188577273	0.368418431594	0.0176230025364	0.545639708143
yɔ--	0.602025706607	0.177920850141	0.0149467811039	0.205106662149
doo-	0.270306594171	0.191198884457	0.154233910922	0.38426061045
taŋ-	0.486256942887	0.461345558445	0.0324171295258	0.0199803691417
ɔlɔ-	0.0702344405267	0.831632777701	0.0801771943682	0.0179555874042
sɔd-	0.0643966113986	0.917328674556	0.0	0.0182747140455
aŋa-	0.0905923344948	0.501742160279	0.407665505227	0.0
kol-	0.397212543554	0.534843205575	0.0	0.0679442508711
ŋya-	0.105818375998	0.70186680616	0.171772321575	0.0205424962675
ali-	0.041095890411	0.958904109589	0.0	0.0
oni-	0.00953895071542	0.753577106518	0.0842607313195	0.152623211447
ʻnn-	0.0265730283762	0.804023915726	0.0	0.169403055898
mal-	0.0820895522388	0.917910447761	0.0	0.0
lew-	0.0887431693989	0.868633879781	0.0281967213115	0.0144262295082
sab-	0.176649097588	0.677146683376	0.11266325114	0.0335409678965
nyi-	0.672711449335	0.207608972965	0.0700851597554	0.0495944179443
aki-	0.251436781609	0.58908045977	0.131465517241	0.0280172413793
nin-	0.0	1.0	0.0	0.0
ʻmf-	0.344301231576	0.417817917517	0.1627605822	0.0751202687075
aŋs-	0.409901354084	0.524451407914	0.0496293119294	0.0160179260725
yif-	0.0	1.0	0.0	0.0
tuw-	0.666264289997	0.178301838094	0.0637078745379	0.0917259973714
sir-	0.243694715728	0.268817204301	0.38872995517	0.0987581248014
ŋka-	0.373696872494	0.572574178027	0.0441058540497	0.00962309542903
bo̱-	0.0827055636331	0.0823252905347	0.013874561416	0.821094584416
boŋ-	0.282352941176	0.141176470588	0.0	0.576470588235
keŋ-	0.247195857956	0.29876052329	0.290079221565	0.163964397189
and-	0.0959322830943	0.874911826946	0.0112861509523	0.0178697390078
apa-	0.152007766694	0.828478177378	0.0127850711252	0.00672898480274
ALL	0.188265965892	0.284470392034	0.0524603731061	0.474803268968
pe̱-	0.40231830538	0.460384218655	0.050663064973	0.0866344109921
swe-	0.101797954415	0.671603837504	0.0259003560279	0.200697852053
wuu-	0.531453439255	0.341753100618	0.0377682647186	0.0890251954082
ŋgy-	0.551724137931	0.379310344828	0.0689655172414	0.0
lɔr-	0.529227147901	0.393618412449	0.0418464757421	0.0353079639074
e̱n-	0.26372026139	0.39552578408	0.074812967581	0.265940986949
ʻɔt-	0.0	0.803278688525	0.196721311475	0.0
lo̱-	0.430752622054	0.155497404149	0.0874896061155	0.326260367681
ʻam-	0.390347154323	0.424632807212	0.0304606160888	0.154559422376
ʻle-	0.745882352941	0.0635294117647	0.105882352941	0.0847058823529
lid-	0.125748502994	0.785429141717	0.0	0.0888223552894
fɔŋ-	0.10645042424	0.129580493729	0.351451405208	0.412517676823
ɔny-	0.0515219428734	0.799331035568	0.0264915685053	0.122655453053
ata-	0.141366703631	0.734577446476	0.0925019336192	0.0315539162746
pɛɛ-	0.0755046164982	0.103033289717	0.0917515252289	0.729710568556
far-	0.0188144391551	0.957102361075	0.00473650216492	0.0193466976054
ʻɔb-	0.0803068870326	0.919693112967	0.0	0.0
mes-	0.0	1.0	0.0	0.0
iwu-	0.218124165554	0.695927903872	0.052570093458	0.0333778371162
ɔmɔ-	0.113924050633	0.860759493671	0.0253164556962	0.0
adi-	0.0	0.81976744186	0.168604651163	0.0116279069768
ami-	0.0	1.0	0.0	0.0
kur-	0.178308432108	0.759207996434	0.0370663042676	0.0254172671897
wo̱-	0.266878832375	0.288473795741	0.0708645900805	0.373782781803
iku-	0.433333333333	0.5	0.0666666666667	0.0
kaŋ-	0.398700191172	0.195553328133	0.0245290415931	0.381217439102
ɔpe-	0.100727476217	0.845551203134	0.0302182428651	0.023503077784
ʻaf-	0.277380297193	0.722619702807	0.0	0.0
saa-	0.441235413872	0.370192016858	0.103307205978	0.0852653632929
ŋye-	0.337628865979	0.296391752577	0.280927835052	0.0850515463918
nsi-	0.122246973311	0.33336933847	0.149192422061	0.395191266158
kiŋ-	0.411045344478	0.103744985621	0.0146146304412	0.470595039459
ŋyu-	0.297572937517	0.558804925178	0.0794579184971	0.0641642188082
tal-	0.321448532202	0.64996580931	0.0201781118732	0.00840754661385
gid-	0.046511627907	0.953488372093	0.0	0.0
ywe-	0.40658264047	0.192607106922	0.0230365937616	0.377773658847
ogy-	0.0844818922509	0.678403503105	0.216072646352	0.021041958293
paa-	0.588199879591	0.350993377483	0.0469596628537	0.0138470800722
bin-	0.0322580645161	0.935483870968	0.0322580645161	0.0
kos-	0.0129496402878	0.870503597122	0.0	0.11654676259
rod-	0.0	1.0	0.0	0.0
afa-	0.143343655372	0.819796547533	0.0368597970957	0.0
tɔɔ-	0.501914535151	0.290761926081	0.14738975223	0.0599337865381
kye-	0.388703928278	0.261514298839	0.0751117287934	0.27467004409
ʻlɔ-	0.193989071038	0.642076502732	0.0819672131147	0.0819672131148
pon-	0.0	0.985765124555	0.0	0.0142348754448
sik-	0.249282171757	0.719394413991	0.0313234142521	0.0
pwe-	0.146341463415	0.707317073171	0.0	0.146341463415
aaa-	0.135098529239	0.0710833434447	0.0270865863078	0.766731541009
ɔky-	0.0392913647758	0.641406517416	0.0120947240358	0.307207393772
dɔk-	0.0975609756097	0.886178861789	0.0162601626016	0.0
sti-	0.15421881308	0.79127977392	0.0157448526443	0.0387565603553
mpa-	0.0911827013051	0.785373141069	0.0579431760284	0.0655009815973
pin-	0.806226608063	0.0834901395426	0.0225405723716	0.0877426800227
ɔfɔ-	0.329509241555	0.544295729764	0.0822179732313	0.0439770554493
inɔ-	0.0594900849858	0.92776203966	0.0042492917847	0.0084985835694
atw-	0.423121371251	0.408916090381	0.126497725676	0.0414648126919
kas-	0.153879053722	0.432729854914	0.18297727901	0.230413812353
ili-	0.164126427526	0.802720398434	0.00728641187685	0.0258667621628
ʼmf-	0.298218065133	0.233153546801	0.468628388066	0.0
lam-	0.220795175764	0.606917162983	0.0543938707148	0.117893790538
nar-	0.527213810618	0.272472204543	0.0285969777135	0.171717007125
nda-	0.358662613982	0.572948328268	0.031914893617	0.0364741641337
idi-	0.368089573128	0.266270118964	0.124212736179	0.241427571728
fet-	0.067101584343	0.819944082013	0.0872320596458	0.0257222739981
pur-	0.387545159086	0.287588400218	0.058863734639	0.266002706058
tiy-	0.133333333333	0.85	0.0	0.0166666666667
foo-	0.0	1.0	0.0	0.0
rak-	0.260115606936	0.710982658959	0.0	0.028901734104
ntu-	0.136341411368	0.674530750916	0.0546918187424	0.134436018973
dik-	0.125367286974	0.746816846229	0.101371204701	0.026444662096
ʼke-	0.116050595604	0.55513938352	0.162470833845	0.166339187032
kis-	0.468366750914	0.344217553878	0.118610250676	0.0688054445322
aaf-	0.0	1.0	0.0	0.0
ŋaa-	0.788637637825	0.0712016445524	0.030835357877	0.109325359746
ʻmb-	0.454545454545	0.5	0.0	0.0454545454546
aka-	0.196606685174	0.502400852696	0.120079456512	0.180913005618
ɔpw-	0.338432122371	0.572657743786	0.065965583174	0.0229445506692
ŋke-	0.155249889934	0.441461202208	0.0818732082061	0.321415699652
e̱e-	0.518654087665	0.168269672558	0.056666768769	0.256409471008
e̱w-	0.110255632945	0.735142510007	0.1221486567	0.0324532003486
ban-	0.170525131617	0.769422828678	0.0243607330881	0.0356913066174
adr-	0.220665499124	0.632224168126	0.14711033275	0.0
kyɔ-	0.236499861278	0.203499661353	0.145317998446	0.414682478923
tey-	0.63640107062	0.219477043442	0.0490014412189	0.095120444719
mò̱-	0.0252769009898	0.0344169376091	0.00446317090619	0.935842990495
iyi-	0.277840264887	0.157884854761	0.507722741431	0.0565521389214
dab-	0.202487866159	0.176247819119	0.445840543033	0.175423771689
tɔs-	0.261614860648	0.536813033607	0.175839496501	0.0257326092441
bwe-	0.102104372626	0.108003545836	0.574860930157	0.215031151381
aŋɔ-	0.0604331039113	0.619271445358	0.284035588383	0.0362598623468
mɔɔ-	0.660140554611	0.278591406103	0.0118978853661	0.0493701539196
ale-	0.246256239601	0.660565723794	0.0382695507488	0.0549084858568
ndɔ-	0.0925945467401	0.610185635089	0.0563583051109	0.24086151306
sid-	0.0293542074364	0.937377690802	0.0	0.0332681017613
ɔkp-	0.0	1.0	0.0	0.0
naŋ-	0.0232558139535	0.906976744186	0.0697674418605	0.0
owu-	0.0798164070538	0.810698852097	0.0355510025141	0.0739337383353
neŋ-	0.529509425878	0.377035132819	0.0548950299914	0.0385604113111
sɛɛ-	0.708884688091	0.196597353497	0.0945179584121	0.0
e̱b-	0.15211335799	0.654781691086	0.141938072125	0.0511668788002
iŋu-	0.894366197183	0.105633802817	0.0	0.0
adu-	0.0420265987516	0.107108616596	0.0431855325343	0.807679252118
yul-	0.061099796334	0.914460285132	0.0	0.0244399185336
soo-	0.148194850013	0.745785771171	0.0867732943987	0.0192460844173
ɔbr-	0.141539643909	0.488115061575	0.250306501491	0.120038793025
ʻnt-	0.423728813559	0.289830508475	0.00677966101696	0.279661016949
ʻis-	0.200934579439	0.764018691589	0.0140186915888	0.0210280373832
nu--	0.739067524116	0.171221864952	0.0479099678457	0.0418006430868
ʼam-	0.311845668874	0.171903103862	0.0785599693662	0.437691257897
ntɔ-	0.247705451372	0.196524453144	0.0629513053138	0.492818790171
nim-	0.037037037037	0.962962962963	0.0	0.0
sen-	0.0952380952381	0.137566137566	0.767195767196	0.0
bɛɛ-	0.0830021506112	0.181188926583	0.0415182507424	0.694290672063
yam-	0.125348189415	0.682451253482	0.125348189415	0.066852367688
aye-	0.175939945906	0.625483881574	0.140814945689	0.0577612268312
wuy-	0.176773658652	0.571479331991	0.14933757466	0.102409434697
baa-	0.361552681353	0.0352709410327	0.00272194517998	0.600454432435
pen-	0.191176470588	0.779411764706	0.00980392156863	0.0196078431373
lɛɛ-	0.182887647583	0.0712241598711	0.0820084371059	0.66387975544
pra-	0.366631783769	0.593079009224	0.0236699091169	0.0166192978906
ape-	0.263033883118	0.412902797597	0.285235456144	0.0388278631401
fot-	0.0260869565217	0.791304347826	0.0978260869565	0.0847826086956
mfɛ-	0.230105154281	0.632412293678	0.0615199662786	0.0759625857629
ʻya-	0.0	0.72972972973	0.0	0.27027027027
apw-	0.298150163221	0.514689880305	0.174102285093	0.0130576713819
ofe-	0.172794117647	0.779411764706	0.0404411764706	0.0073529411765
mmo-	0.223241529804	0.350610804218	0.103310121521	0.322837544457
gyo-	0.230745998188	0.630625188765	0.10480217457	0.0338266384778
ɔke-	0.0621973311413	0.370852271356	0.00988331705229	0.557067080451
do̱-	0.168269656553	0.653187381547	0.0951166374409	0.0834263244593
yur-	0.344533678582	0.462781272969	0.133210608298	0.0594744401513
yor-	0.0	1.0	0.0	0.0
ndu-	0.118421052632	0.743421052632	0.138157894737	0.0
mɔ--	0.135712099406	0.342090086303	0.0715175950339	0.450680219257
e̱p-	0.31253277399	0.576472644643	0.0767348365671	0.0342597447999
osu-	0.105626022627	0.859328457354	0.015271232187	0.019774287832
bas-	0.0	0.882202713488	0.117797286512	0.0
ʻki-	0.253081347576	0.574363188168	0.0345110928513	0.138044371405
lwe-	0.460174459437	0.0866130115566	0.0322672308381	0.420945298169
mid-	0.116279069767	0.813953488372	0.0697674418605	0.0
se̱-	0.105349705344	0.214139222057	0.0227667037462	0.657744368853
pun-	0.759811361264	0.0642837576718	0.146587400887	0.0293174801774
wur-	0.0283454949514	0.703788225561	0.0199295578643	0.247936721623
kee-	0.119997446863	0.725537754516	0.0963809280654	0.058083870556
day-	0.746026538349	0.18846602508	0.022127442403	0.0433799941674
kyw-	0.423096707819	0.527320530407	0.0194330132602	0.0301497485139
e̱k-	0.224519754956	0.578535134079	0.093106644715	0.10383846625
le̱-	0.109810087479	0.0379056490192	0.0337080753834	0.818576188119
kun-	0.391654751072	0.407838294553	0.126413622774	0.0740933316002
e̱y-	0.231193211557	0.237667326805	0.125188996194	0.405950465444
ide-	0.177304964539	0.751773049645	0.0283687943262	0.0425531914894
har-	0.162785519782	0.169997114913	0.0635205621392	0.603696803166
kan-	0.293434566621	0.468997640049	0.0743647812009	0.163203012129
kuk-	0.123480274191	0.648925540374	0.177121229151	0.0504729562837
diy-	0.0596026490066	0.91059602649	0.0198675496689	0.00993377483444
nnu-	0.0606347702511	0.0753197536713	0.00757934628139	0.856466129796
po̱-	0.326847817817	0.244139415955	0.317084263791	0.111928502437
osi-	0.112412177986	0.798594847775	0.0608899297424	0.0281030444965
ifi-	0.0378525482435	0.937654626423	0.0103908955962	0.0141019297378
aŋu-	0.184542501475	0.48931887708	0.0546389616006	0.271499659844
dek-	0.0375782881002	0.724425887265	0.0	0.237995824635
mum-	0.336883256943	0.217376651389	0.271569156107	0.174170935562
gir-	0.517741935484	0.301612903226	0.18064516129	0.0
ne̱-	0.0657623617373	0.0160252004135	0.00109817474413	0.917114263105
kuw-	0.0837170096568	0.875865206686	0.0153594631611	0.0250583204959
waa-	0.526750769156	0.103000265504	0.0307972864285	0.339451678911
krɛ-	0.183168316832	0.527227722772	0.289603960396	0.0
kpɛ-	0.668000676399	0.189109971253	0.117524378558	0.0253649737895
ilu-	0.0885601804074	0.589764170776	0.0181936322287	0.303482016588
kra-	0.553176657153	0.242929766609	0.0401116058848	0.163781970354
mat-	0.0355618776671	0.960170697013	0.0	0.00426742532006
aat-	0.0108459869848	0.989154013015	0.0	0.0
dwi-	0.389408259534	0.443821113975	0.115639936488	0.0511306900032
maŋ-	0.128914794237	0.681574840488	0.0272146017452	0.16229576353
lay-	0.471433578689	0.319663512093	0.114966701717	0.0939362075009
par-	0.302858993023	0.29756356218	0.372889130289	0.0266883145068
ala-	0.17659998249	0.423360619856	0.147434774996	0.252604622658
ɔɔɔ-	0.328702196172	0.289228988024	0.0861102065922	0.295958609212
nti-	0.40916271722	0.427330173776	0.118483412322	0.0450236966824
to̱-	0.344666861461	0.302235172314	0.114063167153	0.239034799072
nah-	0.0	1.0	0.0	0.0
sol-	0.0	0.986153846154	0.00923076923076	0.00461538461538
bɔ--	0.335609756098	0.276975609756	0.311317073171	0.0760975609756
ame-	0.3	0.52	0.04	0.14
ayi-	0.146431636628	0.788538984617	0.0227767874827	0.0422525912722
anu-	0.0202555313182	0.0438350472629	0.0186974135245	0.917212007894
pɔɔ-	0.0493835652846	0.89655528214	0.00637852812337	0.0476826244517
ŋkp-	0.203363897355	0.43896187543	0.106381842388	0.251292384827
tɔw-	0.832011351815	0.0745831996242	0.0075258240478	0.0858796245135
gay-	0.024	0.976	0.0	0.0
bwi-	0.306666666667	0.473333333333	0.22	0.0
aam-	0.0	1.0	0.0	0.0
ipa-	0.0277777777778	0.965277777778	0.00694444444446	0.0
kin-	0.523809982285	0.121724948009	0.0536578602788	0.300807209428
pii-	0.093220338983	0.847457627119	0.0338983050847	0.0254237288136
fuf-	0.0426490984743	0.205963938974	0.733703190014	0.0176837725382
dan-	0.0644007155635	0.849731663685	0.0858676207513	0.0
ser-	0.0854690623541	0.804833670501	0.0443385724033	0.0653586947413
kag-	0.146670614496	0.412598814218	0.368189207535	0.0725413637508
bam-	0.0580894453739	0.076695005474	0.00658777240571	0.858627776746
mis-	0.0384615384615	0.961538461538	0.0	0.0
fee-	0.212014134276	0.715253239105	0.0391637220259	0.0335689045937
tɔy-	0.482897384306	0.372233400402	0.0965794768611	0.0482897384306
akɔ-	0.236237863066	0.65666541651	0.0561181258768	0.0509785945466
yon-	0.0233778210994	0.928636125065	0.0479860538357	0.0
pɛr-	0.0	1.0	0.0	0.0
brɔ-	0.192307692308	0.807692307692	0.0	0.0
agr-	0.0106913756237	0.95794725588	0.0171062009979	0.0142551674982
ŋny-	0.0503272493026	0.329242048485	0.0901129801701	0.530317722043
afe-	0.20238293889	0.726894010182	0.0419697420629	0.0287533088652
swɛ-	0.442554325592	0.507105355842	0.0418453898078	0.00849492875799
e̱f-	0.195219541669	0.583119865897	0.0715794843791	0.150081108055
suy-	0.548817238479	0.28160882773	0.0966492632447	0.072924670546
lɔt-	0.0193374954525	0.916204186372	0.064458318175	0.0
mbw-	0.392857142857	0.303571428571	0.196428571429	0.107142857143
bit-	0.0184049079754	0.981595092025	0.0	0.0
yii-	0.543339708005	0.227453196054	0.0259136933668	0.203293402575
akp-	0.144641728327	0.706599743156	0.109492440152	0.0392660883657
ʻow-	0.0288092189501	0.8271446863	0.14404609475	0.0
kip-	0.167911006113	0.633499839063	0.169766979523	0.0288221753016
mo̱-	0.080304795437	0.0467131640413	0.0102265656964	0.862755474825
sad-	0.045025728988	0.947255574614	0.00771869639795	0.0
sis-	0.500715307582	0.409155937053	0.0343347639485	0.0557939914163
ɔka-	0.0475104084368	0.892551198857	0.0282292785555	0.031709114151
mos-	0.0449016021655	0.924043017046	0.0126686663253	0.0183867144634
abu-	0.269375370722	0.641610257135	0.0143822348004	0.0746321373429
kɔr-	0.130653266332	0.417085427136	0.371859296482	0.0804020100502
ifu-	0.340331491713	0.492154696133	0.0455248618784	0.121988950276
sak-	0.0345925297114	0.905560271647	0.0343803056027	0.025466893039
yaw-	0.161175069472	0.437431079352	0.371752459089	0.0296413920868
ote-	0.179148789927	0.768599479678	0.0522517303952	0.0
ʻɔɔ-	0.0448626531074	0.637140305748	0.0831278572285	0.234869183916
kɔn-	0.286388358719	0.369277149006	0.260332146526	0.084002345749
bre-	0.07331457729	0.264189354489	0.638293782546	0.0242022856743
sal-	0.0261767414804	0.960734887779	0.00145426341558	0.0116341073246
asu-	0.343447878371	0.344291254612	0.0356562541721	0.276604612845
tɛr-	0.137777777778	0.804444444445	0.0266666666666	0.0311111111111
kiy-	0.192677278707	0.722516395035	0.0485944568963	0.0362118693612
abɔ-	0.267845424034	0.478652991581	0.214876342977	0.0386252414078
bɔɔ-	0.455132400895	0.371203027888	0.0880365592971	0.0856280119202
sɔɔ-	0.458056607835	0.513581639243	0.00760211933977	0.0207596335817
gab-	0.0248447204969	0.975155279503	0.0	0.0
gɛt-	0.0	1.0	0.0	0.0
mbe-	0.145721548895	0.196806111947	0.0553872038166	0.602085135341
pip-	0.0233653323673	0.50072450643	0.469027350118	0.00688281108494
nsɛ-	0.0954713845514	0.172679430807	0.0238029290586	0.708046255583
amɛ-	0.0203238029624	0.109197382019	0.00826730967965	0.862211505339
wɔɔ-	0.108874958759	0.688221709007	0.178159023425	0.024744308809
bɔŋ-	0.20839979471	0.554826729609	0.225032642176	0.0117408335048
ho̱-	0.212560386473	0.507246376812	0.0579710144927	0.222222222222
leŋ-	0.0328014184397	0.938238770686	0.0106382978723	0.0183215130024
yee-	0.0133319261105	0.701840772326	0.00502366958122	0.279803631982
min-	0.0	1.0	0.0	0.0
apr-	0.131596091205	0.755157437568	0.085884907709	0.0273615635179
mpi-	0.296157243816	0.664090106007	0.0397526501767	0.0
nna-	0.0300393037619	0.29365524986	0.0231143552311	0.653191091147
yɛr-	0.0403807389347	0.934040415757	0.00485882061979	0.0207200246881
kut-	0.183951439781	0.717595676956	0.0569990376786	0.0414538455844
dɛɛ-	0.218532952252	0.0585852959833	0.176007511285	0.54687424048
tab-	0.0	1.0	0.0	0.0
gal-	0.0293847566575	0.936707988981	0.0224977043159	0.0114095500459
see-	0.657048639736	0.206100577082	0.0346248969497	0.102225886232
ŋyo-	0.191297498561	0.685979253131	0.0949971214132	0.0277261268953
ŋko-	0.238359048226	0.259923547824	0.0941109664552	0.407606437495
kar-	0.546230249638	0.400824715422	0.00528805464692	0.0476569802936
paŋ-	0.49277810929	0.2521315686	0.0793026908112	0.175787631298
kay-	0.0796013844364	0.787843417155	0.0698987281245	0.0626564702843
e̱t-	0.153785417807	0.775319744498	0.0478630122505	0.0230318254439
suk-	0.131778081282	0.744195489277	0.0620132147207	0.0620132147207
bii-	0.258779251537	0.717771495897	0.0167494661189	0.00669978644756
twɛ-	0.260586835216	0.509061794987	0.0783608639232	0.151990505874
ʻke-	0.168659709679	0.183304477978	0.108324741371	0.539711070972
ɔna-	0.407220314887	0.406751463271	0.165156762806	0.020871459036
ati-	0.188771144795	0.276637293638	0.500575435654	0.0340161259134
ɔɔŋ-	0.0702920662598	0.116608544028	0.0484960767219	0.76460331299
nwi-	0.297872340426	0.629672225417	0.0	0.0724554341576
oki-	0.201923076923	0.682692307692	0.0	0.115384615384
nya-	0.258722042102	0.493246273908	0.01720013108	0.23083155291
buŋ-	0.493235515379	0.295047337588	0.0982242324729	0.11349291456
yɛs-	0.115389492371	0.851642081238	0.0	0.0329684263917
ɔda-	0.255827174531	0.222664392647	0.062535531552	0.45897290127
tay-	0.637642130461	0.171154997008	0.155894673848	0.0353081986834
lɔɔ-	0.256556442417	0.656784492588	0.054732041049	0.0319270239453
kak-	0.175503257668	0.630847534541	0.0697201931946	0.123929014596
mɛt-	0.0	1.0	0.0	0.0
kik-	0.374734070905	0.469699146709	0.10938434228	0.0461824401051
sto-	0.0	0.64367816092	0.35632183908	0.0
gog-	0.0	1.0	0.0	0.0
saf-	0.066684176735	0.923977120177	0.0	0.0093387030876
ʻha-	0.0416666666666	0.1	0.0166666666667	0.841666666667
alo-	0.463541046754	0.367597571928	0.121403607483	0.0474577738344
sil-	0.0525672371639	0.923237571312	0.00891401792991	0.0152811735941
ŋe̱-	0.452066115702	0.419008264463	0.099173553719	0.0297520661157
lal-	0.269168403984	0.268357655779	0.360203845263	0.102270094973
ʻta-	0.718816067653	0.118393234672	0.0866807610993	0.0761099365751
ipe-	0.137016496018	0.428540955631	0.414675767918	0.0197667804323
kib-	0.158664308935	0.711416503963	0.0926456249365	0.0372735621655
duŋ-	0.302481654753	0.453352015009	0.175610914531	0.0685554157068
gye-	0.422122141192	0.0355366883273	0.0183518735132	0.523989296967
tɔk-	0.252915899325	0.647636586863	0.0883977900552	0.0110497237569
ɔse-	0.165287831782	0.643743536712	0.107204412272	0.0837642192347
him-	0.0	1.0	0.0	0.0
sɛr-	0.0168067226891	0.924369747899	0.0588235294117	0.0
tur-	0.469879518072	0.286144578313	0.207831325301	0.0361445783132
ʻne-	0.253731343284	0.477611940299	0.0298507462686	0.238805970149
fon-	0.0867924528302	0.815094339623	0.0301886792453	0.0679245283019
pri-	0.0720973782771	0.837078651685	0.00280898876405	0.0880149812735
twe-	0.590351126406	0.192706336049	0.0494466126043	0.16749592494
tro-	0.00647948164147	0.993520518359	0.0	0.0
ʻto-	0.468519568917	0.293250141804	0.0476460578559	0.190584231424
wɔr-	0.514683011618	0.311368715449	0.112131944535	0.0618163283976
kit-	0.193894427988	0.563060074568	0.184269788912	0.0587757085323
ʻe̱-	0.0	0.326530612245	0.489795918367	0.183673469388
gol-	0.0	1.0	0.0	0.0
yud-	0.0449769782135	0.813976135555	0.106329153515	0.0347177327171
mbɔ-	0.0398829374532	0.92812904104	0.0145647587286	0.0174232627782
bɔy-	0.12201604518	0.433696934175	0.344019554745	0.1002674659
nag-	0.0	1.0	0.0	0.0
ʻwu-	0.230510165898	0.142416115754	0.00748409629538	0.619589622053
sar-	0.154213253341	0.798518316517	0.0159530951732	0.0313153349696
itu-	0.0	1.0	0.0	0.0
kad-	0.182957393484	0.624227234753	0.0970760233918	0.095739348371
ŋku-	0.169476486247	0.750665483585	0.0266193433895	0.053238686779
ʻbo-	0.361709901352	0.385093167702	0.0361709901352	0.217025940811
tir-	0.185529871487	0.502986355709	0.0868323531801	0.224651419624
oti-	0.144385935111	0.207009795595	0.511579185777	0.137025083517
men-	0.107142857143	0.821428571429	0.0357142857142	0.0357142857143
iko-	0.0129032258065	0.954838709677	0.0258064516129	0.00645161290323
fe̱-	0.0507456955163	0.00809138148946	0.00277945921365	0.938383463781
yɔw-	0.605998432217	0.0771994079897	0.0384347100862	0.278367449707
gyɛ-	0.351614556638	0.639671963096	0.00871348026653	0.0
daa-	0.197733626081	0.275479718156	0.085572486708	0.441214169055
kyo-	0.531891520665	0.182094573081	0.0542657528093	0.231748153445
bu--	0.65306122449	0.183673469388	0.0408163265306	0.122448979592
fii-	0.181347150259	0.777202072539	0.041450777202	0.0
ibr-	0.128318995043	0.697212450513	0.154354312517	0.0201142419282
nse-	0.16005484321	0.667872994494	0.103930001325	0.0681421609707
mow-	0.0	1.0	0.0	0.0
kɛɛ-	0.153113854312	0.456954361559	0.171975648873	0.217956135255
koo-	0.036410923277	0.940182054616	0.0039011703511	0.0195058517555
kuf-	0.0868278689475	0.739180066699	0.153128842365	0.0208632219877
atr-	0.263178254229	0.477957889152	0.232977470957	0.0258863856619
odw-	0.698515883724	0.273682489063	0.0104256102048	0.017376017008
fuw-	0.741537488137	0.182537171781	0.0379626700411	0.0379626700412
gyw-	0.216447824236	0.00770629742541	0.00487100006667	0.770974878272
ʻaŋ-	0.545357333809	0.454642666191	0.0	0.0
pam-	0.0356200527705	0.956464379947	0.00791556728232	0.0
mag-	0.00889328063242	0.987154150198	0.00395256916996	0.0
bob-	0.046346298736	0.921479411232	0.0229816357369	0.00919265429476
kpu-	0.7034997749	0.236653406823	0.0257480497237	0.034098768553
ywi-	0.698058400856	0.194618559853	0.022626509708	0.0846965295826
nyw-	0.636065573771	0.216393442623	0.0590163934426	0.0885245901639
akw-	0.0649493615148	0.892668428005	0.0412813738441	0.00110083663584
pot-	0.373083475298	0.0383304940375	0.537478705281	0.0511073253833
yop-	0.096636412173	0.868126001068	0.00480512546716	0.0304324612921
ʻsu-	0.556982343499	0.423756019262	0.0	0.0192616372391
ram-	0.171339563863	0.828660436137	0.0	0.0
ɔte-	0.624306089333	0.375693910667	0.0	0.0
da--	0.31122187411	0.528481913985	0.0785531187696	0.0817430931358
nnɔ-	0.249387321394	0.602118021452	0.0892828001261	0.0592118570281
ŋgb-	0.156140526474	0.435491942748	0.408367530778	0.0
sun-	0.0704225352112	0.162441314554	0.73896713615	0.0281690140845
odi-	0.432334241599	0.457765667575	0.0435967302452	0.0663033605812
man-	0.00409416581371	0.922210849539	0.0245649948823	0.0491299897646
bra-	0.673413153523	0.163198311349	0.0436145547701	0.119773980358
mmɔ-	0.378516624041	0.260869565217	0.27621483376	0.0843989769821
ɔsɔ-	0.291588785047	0.633644859813	0.0635514018691	0.011214953271
laa-	0.311617801436	0.283937631378	0.342952291367	0.0614922758179
teŋ-	0.24427790156	0.601579906826	0.152926878671	0.00121531294308
ntɛ-	0.150943396226	0.592452830189	0.045283018868	0.211320754717
ʻmò-	0.52387030891	0.0765892264488	0.00765892264487	0.391881541996
ʼas-	0.197183098592	0.802816901408	0.0	0.0
di--	0.421052631579	0.383900928793	0.0975232198142	0.0975232198142
yus-	0.0802469135802	0.91975308642	0.0	0.0
sɛy-	0.218605106481	0.476082835708	0.171180150756	0.134131907055
ifa-	0.00847457627117	0.966101694915	0.0254237288136	0.0
de̱-	0.363393128927	0.288477493744	0.0786410422786	0.26948833505
ara-	0.00874635568512	0.98250728863	0.0	0.00874635568513
mpu-	0.154803184127	0.611991157026	0.203179179167	0.0300264796798
bar-	0.0995895522388	0.74473880597	0.0890298507463	0.0666417910447
wus-	0.358671909131	0.149410222805	0.416775884666	0.0751419833989
pis-	0.128378378378	0.844594594595	0.0135135135135	0.0135135135135
ŋwɛ-	0.841757649279	0.123466774498	0.0105135463	0.0242620299232
ʻka-	0.330860519844	0.242152045545	0.200355642394	0.226631792216
diŋ-	0.226731980406	0.247725682295	0.340272918125	0.185269419174
his-	0.00414225693828	0.95236404521	0.043493697852	0.0
ipw-	0.110735989196	0.885887913572	0.000900292595097	0.0024758046365
fan-	0.0	1.0	0.0	0.0
yas-	0.532957686583	0.190516691473	0.0678290452903	0.208696576653
tra-	0.645042839657	0.268053855569	0.0697674418604	0.0171358629131
bak-	0.6	0.16	0.24	0.0
mɔs-	0.562326012991	0.36313021961	0.0504175688216	0.0241261985771
ye̱-	0.499516995483	0.190415947263	0.0315378698492	0.278529187405
yos-	0.116182572614	0.867219917012	0.0165975103734	0.0
awa-	0.216616086981	0.582861273899	0.145067919413	0.0554547197067
e̱h-	0.25458996328	0.481028151775	0.110159118727	0.154222766218
ima-	0.0274390243902	0.954268292683	0.0182926829268	0.0
yot-	0.0	1.0	0.0	0.0
ɔta-	0.158803360757	0.584668133404	0.23942660545	0.0171019003893
ibo-	0.0492884055308	0.845541016781	0.0428594830702	0.0623110946175
kuy-	0.427631578947	0.529605263158	0.0	0.0427631578948
ado-	0.140987890803	0.741650564383	0.039389468478	0.0779720763353
rub-	0.0	0.853223833654	0.0	0.146776166346
ʻko-	0.560888888889	0.258222222222	0.0368888888889	0.144
de--	0.479878316856	0.269171652689	0.0930050468068	0.157944983648
mfo-	0.0	0.977272727273	0.0227272727273	0.0
tis-	0.041958041958	0.870629370629	0.0664335664336	0.020979020979
tɛɛ-	0.399636603121	0.0644764850466	0.0353694534934	0.500517458339
fa--	0.324601366743	0.4430523918	0.146924829157	0.0854214123007
ilo-	0.28510993267	0.210212715248	0.176964785795	0.327712566287
lɔŋ-	0.199388472052	0.673322028727	0.0410496363639	0.0862398628568
ony-	0.0866834170854	0.201005025126	0.712311557789	0.0
asɔ-	0.102737221874	0.794012138617	0.0409817076114	0.0622689318983
now-	0.0	1.0	0.0	0.0
loo-	0.083934037721	0.741285671966	0.145156512294	0.0296237780192
gya-	0.56093533687	0.136219938414	0.0318986430336	0.270946081682
mbo-	0.0912547933145	0.795786041247	0.0361237293769	0.0768354360616
abo-	0.25001928923	0.479931484654	0.226841349938	0.0432078761786
aga-	0.0192307692308	0.980769230769	0.0	0.0
ama-	0.0271680590984	0.0166878489645	0.00455468613728	0.9515894058
ker-	0.185587666529	0.365031370474	0.0555597550836	0.393821207914
inu-	0.154131417967	0.0417503511495	0.00387153698066	0.800246693903
ɛhɛ-	0.145808019441	0.511543134873	0.0729040097205	0.269744835966
dee-	0.106222912748	0.844958704718	0.0226510753128	0.0261673072205
dwe-	0.756613756614	0.201058201058	0.031746031746	0.010582010582
ŋwa-	0.646437994723	0.306068601583	0.0158311345646	0.0316622691293
mme-	0.361168486279	0.391509615508	0.0745891439054	0.172732754307
sii-	0.531601528519	0.127429476649	0.0694878727232	0.271481122109
buw-	0.849559965487	0.0617198734542	0.00880069025022	0.0799194708081
ʼmo-	0.337541575766	0.39856228318	0.116605271628	0.147290869425
oli-	0.0	1.0	0.0	0.0
ant-	0.121041692138	0.848392223988	0.0110037901944	0.0195622936789
twi-	0.862944162437	0.0139123895469	0.0146644106035	0.108479037413
nsɔ-	0.263498920086	0.520518358531	0.157667386609	0.0583153347732
ori-	0.0	1.0	0.0	0.0
ɔye-	0.159548986388	0.684611789449	0.119033709178	0.0368055149851
ʻmo-	0.16097131519	0.108995139163	0.00759258640815	0.722440959239
niy-	0.0	1.0	0.0	0.0
awɛ-	0.233766233766	0.746753246753	0.0064935064935	0.012987012987
ʻna-	0.292048998779	0.581611897121	0.00293811869999	0.1234009854
nno-	0.146506578582	0.371025504408	0.137469504115	0.344998412896
aya-	0.11418111683	0.710900487752	0.0534057484147	0.121512647003
ʻɔk-	0.261391224198	0.443578596591	0.0176466649248	0.277383514286
ɔgy-	0.113490398056	0.738069374797	0.105356356341	0.0430838708061
mar-	0.039592474908	0.852272154133	0.0110119197727	0.0971234511862
olu-	0.103448275862	0.896551724138	0.0	0.0
daŋ-	0.286204124027	0.347082177081	0.216531774908	0.150181923983
ɔde-	0.157347530589	0.749847628375	0.0248844773047	0.0679203637312
aŋe-	0.136363636364	0.742424242424	0.106060606061	0.0151515151515
ʻoo-	0.395408163265	0.489795918367	0.102040816326	0.0127551020408
dam-	0.176458810068	0.439035087719	0.163996948894	0.220509153318
nta-	0.169256756757	0.778378378378	0.0304054054054	0.0219594594595
afw-	0.115749736302	0.776827846555	0.0721145839116	0.0353078332315
yoo-	0.356263577118	0.497465604634	0.00868935553948	0.137581462708
fu--	0.407316943655	0.333953671217	0.0903994237195	0.168329961409
bal-	0.223684210526	0.756578947368	0.0197368421053	0.0
ɔbɔ-	0.104062370826	0.757153355073	0.116738621228	0.0220456528728
obi-	0.290322580645	0.709677419355	0.0	0.0
wee-	0.144191443992	0.0457980988579	0.0137878079308	0.796222649219
mɛl-	0.0718562874251	0.928143712575	0.0	0.0
mpr-	0.20256916996	0.486166007905	0.271739130435	0.0395256916996
ayo-	0.381752156151	0.470721743078	0.11484339537	0.0326827054017
ʻbu-	0.201834862385	0.761467889908	0.0	0.0366972477064
pub-	0.150326797386	0.686274509804	0.0588235294117	0.104575163399
dim-	0.123024537906	0.503756706564	0.193361382218	0.179857373312
laŋ-	0.25006825324	0.536726051826	0.17219566316	0.0410100317741
rah-	0.0382653061224	0.961734693878	0.0	0.0
mɔl-	0.0	1.0	0.0	0.0
ŋu--	0.731369933883	0.173363679113	0.0249817922866	0.0702845947168
du--	0.298952720767	0.297394912187	0.07161806441	0.332034302636
e̱g-	0.194388301034	0.513732017596	0.234217096659	0.0576625847105
sop-	0.0	0.925925925926	0.0740740740741	0.0
fwe-	0.78628480146	0.11821086262	0.0883158375171	0.00718849840255
amp-	0.0	1.0	0.0	0.0
ʼne-	0.135718781927	0.212169021984	0.0140684103217	0.638043785767
aso-	0.118614513594	0.823800400405	0.0348739586248	0.022711127376
kaa-	0.450402665964	0.222391422071	0.0409548080215	0.286251103943
sur-	0.567731876779	0.18782437636	0.1057362297	0.138707517161
hag-	0.0515021459227	0.871244635193	0.0	0.0772532188841
dal-	0.0	1.0	0.0	0.0
pow-	0.268099547511	0.66742081448	0.0271493212669	0.0373303167421
rif-	0.0	1.0	0.0	0.0
rom-	0.173784559429	0.569005199898	0.201872531469	0.0553377092036
pɔŋ-	0.0671081942787	0.819646727876	0.113245077845	0.0
nlo-	0.209905660377	0.695754716981	0.0471698113208	0.0471698113208
sib-	0.0	1.0	0.0	0.0
kwɛ-	0.364225141593	0.581154742198	0.0145653643226	0.0400547518872
mmɛ-	0.101455668284	0.85002205558	0.0264666960741	0.0220555800617
e̱l-	0.198725719602	0.657410278819	0.097027618806	0.0468363827728
sus-	0.0	1.0	0.0	0.0
amf-	0.0384615384615	0.961538461538	0.0	0.0
pɛl-	0.0	1.0	0.0	0.0
ʻak-	0.242424242424	0.681818181818	0.0757575757576	0.0
kum-	0.181289640592	0.696617336152	0.0332980972516	0.0887949260042
atu-	0.0840336134454	0.915966386555	0.0	0.0
aba-	0.349266983275	0.486991534173	0.105926078877	0.0578154036754
o-d-	0.602941176471	0.367647058823	0.0	0.0294117647059
kwa-	0.230561840144	0.425344604353	0.277040708207	0.0670528472961
abɛ-	0.105312396594	0.149813239221	0.119152684405	0.62572167978
mak-	0.0197977798204	0.960651912607	0.01212614014	0.00742416743265
ʻns-	0.412322274882	0.24644549763	0.0	0.341232227488
kɔɔ-	0.559876990233	0.355562661674	0.03490800927	0.0496523388224
sam-	0.0143762183236	0.969785575049	0.0107212475633	0.00511695906433
bow-	0.0333333333333	0.966666666667	0.0	0.0
kap-	0.129400570885	0.789234996488	0.0555767982429	0.0257876343847
nik-	0.0158520101623	0.964332977135	0.00792600508115	0.0118890076217
kyɛ-	0.31797061409	0.336682154967	0.204696722341	0.140650508602
nde-	0.254034212153	0.472576588101	0.20599236795	0.0673968317957
yun-	0.112676056338	0.887323943662	0.0	0.0
rɛg-	0.192	0.76	0.048	0.0
tuŋ-	0.0340651021953	0.750189250568	0.215745647237	0.0
rut-	0.0	1.0	0.0	0.0
swi-	0.545325795147	0.354472268635	0.0630135887554	0.0371883474622
fir-	0.025	0.925	0.0375	0.0125
ŋur-	0.69720412595	0.212133550489	0.0412595005429	0.0494028230185
ruf-	0.00613496932514	0.957055214724	0.0368098159509	0.0
gba-	0.0853547177018	0.0578518460243	0.0446029174809	0.812190518793
lib-	0.125899280576	0.809352517986	0.0431654676259	0.021582733813
nay-	0.0384615384615	0.961538461538	0.0	0.0
may-	0.475655430712	0.343649385636	0.0315395229648	0.149155660687
ʻyo-	0.276326986934	0.439670276494	0.0	0.284002736572
apu-	0.0895335726836	0.815816650479	0.0434877353035	0.0511620415335
awo-	0.420012508899	0.498498067462	0.0408758535018	0.0406135701378
fe--	0.332878983238	0.486093203168	0.050285503776	0.130742309818
iso-	0.0904488257358	0.714425617621	0.170734862063	0.0243906945804
aak-	0.24203821656	0.745222929936	0.0127388535032	0.0
dar-	0.466321243523	0.395509499136	0.13816925734	0.0
tuk-	0.389473684211	0.421052631579	0.105263157895	0.0842105263158
