jer-	0.167149923248	0.832850076752	0.0	0.0
kud-	0.234266225298	0.389667970709	0.0701173638279	0.305948440164
agu-	0.405140258546	0.18190179347	0.310152777068	0.102805170916
wav-	0.515793107416	0.146122202405	0.0320752545883	0.306009435591
mla-	0.50419408956	0.329332817138	0.073557878436	0.0929152148664
imt-	0.190839694657	0.767175572519	0.0419847328244	0.0
son-	0.312286890815	0.097661022031	0.0366619566015	0.553390130553
amg-	0.171428571429	0.303571428571	0.525	0.0
ure-	0.0	0.96682464455	0.0331753554502	0.0
uti-	0.0380671224363	0.952610316967	0.0	0.00932256059663
ica-	0.450506201992	0.365198273756	0.0835979697635	0.100697554488
ipu-	0.0971958389869	0.802442333786	0.0813658977838	0.0189959294437
uju-	0.0277430642339	0.887528117971	0.00149962509373	0.0832291927018
ogo-	0.879437904239	0.108347680424	0.00488576613467	0.007328649202
yeh-	0.401164926274	0.338983050847	0.0300152175054	0.229836805373
kus-	0.186436934233	0.352348529366	0.065757487444	0.395457048957
etl-	0.341255332115	0.534651819844	0.0155116060052	0.108581242037
nij-	0.407515702837	0.16190166775	0.202512453974	0.228070175439
udi-	0.349586016559	0.459981600736	0.157313707452	0.033118675253
hle-	0.422456371419	0.14619690484	0.133355284821	0.29799143892
ize-	0.281075401891	0.444383520288	0.219749323475	0.0547917543458
nas-	0.339667767496	0.127966714896	0.0459071642492	0.486458353359
mah-	0.126881176251	0.424087046853	0.122366353248	0.326665423647
eda-	0.0203962703963	0.937645687646	0.0034965034965	0.0384615384615
eje-	0.0105121005164	0.970004521334	0.000178473692977	0.0193049044571
kez-	0.0	0.854050833995	0.0	0.145949166005
eno-	0.410830999066	0.518674136321	0.0588235294117	0.0116713352008
aku-	0.392031807435	0.222636799329	0.0618078024041	0.323523590832
ola-	0.57421630579	0.210151753728	0.129956749844	0.0856751906376
emu-	0.15060032405	0.389885197546	0.00411294678097	0.455401531622
ite-	0.1533932445	0.828013634955	0.0	0.0185931205454
ufu-	0.674962263986	0.181176662939	0.0471517703081	0.096709302767
lis-	0.389691061129	0.429524151649	0.062283380233	0.118501406989
niw-	0.50647843744	0.422935602398	0.0609166505511	0.0096693096113
umf-	0.0238628759673	0.772383027641	0.012267728154	0.191486368238
epl-	0.842105263158	0.157894736842	0.0	0.0
san-	0.470853109013	0.258190618623	0.167410113253	0.103546159112
asw-	0.291666666667	0.708333333333	0.0	0.0
yal-	0.462412270492	0.221473956935	0.0837631129159	0.232350659657
beq-	0.861538461538	0.0461538461539	0.0923076923077	0.0
yaz-	0.502754244113	0.305604323036	0.0621516928131	0.129489740038
bap-	0.469179709526	0.258473335023	0.0545860120553	0.217760943396
une-	0.180647530486	0.541123163115	0.19654444033	0.081684866069
uwa-	0.713842333954	0.090626939789	0.176908752328	0.0186219739292
wah-	0.705459312309	0.0905761692646	0.0332244136837	0.170740104743
umt-	0.121955048805	0.764899743046	0.0153822085346	0.0977629996141
seg-	0.057823274939	0.842378035722	0.0753844176982	0.0244142716409
kat-	0.0348692403487	0.887297633873	0.00373599003736	0.074097135741
ihl-	0.21675846572	0.566240118611	0.0558470800972	0.161154335571
kuv-	0.396324666994	0.155767706879	0.0807516697483	0.367155956379
zin-	0.374392106662	0.357108717232	0.142508581532	0.125990594574
ziz-	0.500829393269	0.287709429314	0.107314367883	0.104146809534
ner-	0.0500595947557	0.935637663886	0.0143027413588	0.0
igi-	0.636120996441	0.270462633452	0.0756227758007	0.017793594306
niz-	0.562040556711	0.176769480514	0.0795061500413	0.181683812734
zak-	0.0589619793032	0.236884762948	0.0859208576846	0.618232400065
zed-	0.0	1.0	0.0	0.0
sen-	0.29530291068	0.218703087472	0.0515037616489	0.434490240199
swa-	0.574293527803	0.227894257065	0.0	0.197812215132
tje-	0.752169720347	0.219864995178	0.0221793635487	0.00578592092574
itl-	0.497669258566	0.248967463096	0.186621667163	0.0667416111757
ine-	0.132586156347	0.410671926224	0.378381619979	0.0783602974493
bay-	0.51745370385	0.162230170878	0.0512572628035	0.269058862469
zon-	0.237285804659	0.0673872981819	0.0063261545232	0.689000742635
lor-	0.839598997494	0.100250626566	0.0	0.0601503759399
omh-	0.227067050596	0.571369806664	0.0534759358288	0.148087206911
uga-	0.124493341054	0.823393167342	0.020266357846	0.031847133758
uyi-	0.130299137327	0.728083731882	0.0224480191303	0.119169111661
uli-	0.399142833802	0.436414481333	0.103392844799	0.0610498400669
kum-	0.249715510381	0.361744484324	0.0968008778779	0.291739127417
bik-	0.533672172808	0.428208386277	0.0	0.0381194409149
zaq-	0.461174615688	0.29050059125	0.0472999605834	0.201024832479
nor-	0.0159404888417	0.984059511158	0.0	0.0
zaw-	0.04893638608	0.189725726267	0.00919882309175	0.752139064561
nen-	0.263287574067	0.510039433332	0.0543975616857	0.172275430915
ong-	0.483082500285	0.207794259591	0.128977708569	0.180145531556
efi-	0.167016565712	0.636592556902	0.15860178047	0.0377890969163
zan-	0.585797702015	0.275381427764	0.0404972687889	0.0983236014315
mka-	0.175835886506	0.379645664047	0.0226455308379	0.421872918609
wod-	0.429358862779	0.164490861619	0.121845082681	0.284305192921
naw-	0.262837522335	0.0958355093427	0.0411722493423	0.60015471898
acw-	0.329075882795	0.0578512396694	0.590533433509	0.022539444027
kam-	0.0354401587196	0.826393545538	0.0878015149819	0.0503647807604
ibi-	0.241615467346	0.676531175301	0.0112887619223	0.0705645954308
aqe-	0.722800262166	0.0783221366541	0.0100360478453	0.188841553334
vum-	0.643464539318	0.212764092224	0.107828526343	0.0359428421145
sin-	0.369892722542	0.31175562081	0.117736227125	0.200615429523
bod-	0.0410484668645	0.0311572700296	0.0830860534125	0.844708209693
olw-	0.282253674469	0.43739793141	0.0217746325531	0.258573761568
kim-	0.0137188586672	0.00409660362978	0.00428714333349	0.97789739437
owa-	0.581501907152	0.172466899032	0.049236934023	0.196794259793
ler-	0.158163265306	0.714285714286	0.127551020408	0.0
qaq-	0.328358208955	0.201492537313	0.179104477612	0.291044776119
yiz-	0.845459525349	0.120513440555	0.00587268608766	0.0281543480085
mni-	0.125409423247	0.730459700248	0.0901547385422	0.0539761379621
udr-	0.0	1.0	0.0	0.0
laj-	0.602179836512	0.0790190735695	0.0	0.318801089918
oma-	0.122955076603	0.470656972215	0.377174759803	0.0292131913789
noy-	0.0545714887133	0.643322161482	0.00767618353768	0.294430166267
lom-	0.11224317987	0.727853646682	0.0745819432691	0.0853212301787
we--	0.0285614941387	0.845271210014	0.12219352275	0.00397377309755
sil-	0.486899744352	0.218052004883	0.118319169027	0.176729081738
mgo-	0.0	1.0	0.0	0.0
saw-	0.169276187464	0.715272286362	0.0463914808372	0.0690600453372
ake-	0.726921421103	0.110440077118	0.028660943724	0.133977558055
upr-	0.0	1.0	0.0	0.0
jam-	0.604134489723	0.220981347273	0.101223713912	0.0736604490911
nza-	0.0968858131488	0.847218525419	0.055895661432	0.0
uzi-	0.0708994429042	0.80946277628	0.0039155860967	0.11572219472
i-a-	0.0634356488961	0.85309639203	0.0218093699515	0.0616585891222
lal-	0.399359768691	0.248843453119	0.032156133829	0.319640644362
vel-	0.388132545595	0.298484459286	0.010274852299	0.30310814282
nig-	0.73507283971	0.216268453645	0.0106811795074	0.0379775271374
por-	0.184128952263	0.0396776193428	0.0446373217607	0.731556106634
nav-	0.70044400592	0.133793783917	0.106561420819	0.0592007893438
ifa-	0.385020640849	0.19473166896	0.183565952428	0.236681737763
sig-	0.629271916791	0.274368499257	0.0564635958396	0.0398959881129
nce-	0.264847512038	0.547752808989	0.103130016051	0.0842696629213
omf-	0.323012488286	0.501616018666	0.0348065558721	0.140564937176
nge-	0.120503288306	0.470504769664	0.0483175686225	0.360674373407
zer-	0.0	1.0	0.0	0.0
yod-	0.00876680303916	0.169491525424	0.471069549971	0.350672121566
bak-	0.220177487782	0.19066918326	0.0200990539268	0.569054275031
wej-	0.0633930368283	0.924532099014	0.00603743207889	0.00603743207889
umm-	0.0602050643553	0.777573813058	0.00983287308251	0.152388249504
oqe-	0.535253227408	0.300231711354	0.0834160873883	0.0810989738497
zis-	0.329378925331	0.381384375104	0.104309972419	0.184926727146
epa-	0.0	0.855651024455	0.0111037673496	0.133245208196
sap-	0.54122720097	0.223307611684	0.0801839266998	0.155281260647
asi-	0.463661128607	0.198992766729	0.112282436678	0.225063667985
eve-	0.10650887574	0.142011834319	0.0347633136095	0.716715976331
nan-	0.173641374302	0.141303938124	0.0314176077076	0.653637079866
seq-	0.541388779914	0.435072577481	0.023538642605	0.0
uva-	0.847290640394	0.088669950739	0.0591133004926	0.00492610837437
ka--	0.00844802185301	0.984505091626	0.00292590025153	0.00412098626976
kib-	0.0290041142074	0.0338031909318	0.00248589578606	0.934706799075
mgw-	0.15313225058	0.819025522042	0.0278422273782	0.0
usi-	0.226097753658	0.610524238669	0.0543604998752	0.109017507798
ufi-	0.367871632402	0.168983908465	0.357387062953	0.10575739618
wom-	0.134787467036	0.652318381484	0.0918146968563	0.121079454624
nog-	0.202248958088	0.294880868129	0.00471809389008	0.498152079893
amu-	0.582130991349	0.188127731716	0.0443735855135	0.185367691421
eqo-	0.104638619202	0.204962243797	0.345199568501	0.345199568501
ozo-	0.64551688146	0.144344094751	0.068801554051	0.141337469738
iim-	0.121685245641	0.664362170621	0.154487541262	0.0594650424757
weq-	0.290155981011	0.40935886066	0.255099379206	0.0453857791225
kaf-	0.150693669271	0.727316217509	0.0789347791421	0.0430553340775
zaj-	0.533898305085	0.0847457627118	0.101694915254	0.279661016949
nap-	0.249532910322	0.169933573499	0.0167608101784	0.563772706
isa-	0.144671024803	0.754768443256	0.0264261443377	0.0741343876028
odu-	0.111962286388	0.418974661167	0.331172657631	0.137890394814
umk-	0.0704100070476	0.816381414922	0.0612312199823	0.0519773580486
mle-	0.0966183574879	0.440052700922	0.0592885375494	0.40404040404
mus-	0.738181818182	0.130909090909	0.0327272727273	0.0981818181818
lwa-	0.336648814078	0.487375669472	0.107115531752	0.0688599846978
eco-	0.0574162679426	0.343540669856	0.214354066986	0.384688995215
yom-	0.0495456456619	0.843044741058	0.0167263459365	0.090683267344
yah-	0.644067204583	0.272101715044	0.064969087289	0.0188619930839
bab-	0.387564972182	0.264241061868	0.0379687028195	0.310225263131
ita-	0.129287273752	0.716775829284	0.0873829142897	0.0665539826748
obo-	0.653784515146	0.17637863542	0.125239734125	0.0445971153088
oms-	0.11417697431	0.457659372027	0.256898192198	0.171265461465
kug-	0.418866623668	0.401552387519	0.0813446611658	0.0982363276471
enj-	0.217466193152	0.387762515894	0.0694488810387	0.325322409916
war-	0.552921275005	0.167341928293	0.077059151332	0.20267764537
u-i-	0.0300933808901	0.931550552937	0.0100371014285	0.0283189647447
eka-	0.0631866316681	0.721536132818	0.0718992329547	0.143378002559
ura-	0.4727775195	0.37535513198	0.104860788264	0.0470065602562
kom-	0.0877237006134	0.586805893301	0.100743376182	0.224727029903
neq-	0.100234172451	0.841013632182	0.0390984360626	0.0196537593042
qed-	0.766129032258	0.16935483871	0.0	0.0645161290322
ivu-	0.638572094059	0.133847617499	0.123061419323	0.10451886912
sic-	0.0394736842105	0.348684210526	0.592105263158	0.0197368421053
baf-	0.492527460146	0.282712608826	0.0318557039282	0.192904227099
ukr-	0.0593389790638	0.893378028699	0.00105857445307	0.0462244177841
ali-	0.354861691888	0.20310392283	0.0847926712457	0.357241714037
jud-	0.202247191011	0.76404494382	0.0	0.0337078651685
omz-	0.465	0.4225	0.045	0.0675
may-	0.154083728236	0.232358774884	0.0757903124348	0.537767184445
zam-	0.0938972212567	0.197197572473	0.0320604656964	0.676844740574
non-	0.0545460405945	0.779900591591	0.0439321255661	0.121621242248
uba-	0.158378335431	0.686713638006	0.0345698124137	0.120338214149
muz-	0.122887864823	0.569892473118	0.122887864823	0.184331797235
mtj-	0.687949540777	0.0697134004647	0.0431559145734	0.199181144185
mgi-	0.568421052632	0.0631578947368	0.115789473684	0.252631578947
mal-	0.189710458184	0.233581150091	0.102254103228	0.474454288497
esi-	0.204195925922	0.361621238524	0.194205314605	0.239977520949
umb-	0.104413257848	0.799563899184	0.0152892581954	0.0807335847719
eph-	0.0454575296076	0.806495696569	0.0223880962639	0.125658677559
sab-	0.320295613683	0.303899910048	0.064509775054	0.311294701215
haw-	0.207547169811	0.27358490566	0.0283018867925	0.490566037736
ku--	0.0331281679942	0.947501810282	0.00253439536568	0.0168356263577
iju-	0.0	0.995862068966	0.0	0.00413793103448
nin-	0.33474405474	0.15631655258	0.0786032944346	0.430336098245
zit-	0.459550786773	0.284734965848	0.20543010897	0.0502841384093
hla-	0.120095664917	0.118587594077	0.0246613937413	0.736655347264
efo-	0.0	0.835164835165	0.0	0.164835164835
eko-	0.045086741815	0.847114299222	0.0200572774223	0.0877416815403
mih-	0.274441661982	0.551540859611	0.121888894567	0.0521285838402
pit-	0.0	1.0	0.0	0.0
uni-	0.234128340053	0.674981206861	0.0482471126905	0.042643340395
koj-	0.24173553719	0.24173553719	0.00619834710744	0.510330578512
oml-	0.395655188352	0.407903859487	0.173330251907	0.0231107002542
uge-	0.651722706517	0.234122042341	0.114155251142	0.0
ena-	0.238787876179	0.523884089985	0.106867128077	0.13046090576
yav-	0.896487159759	0.0683360145485	0.0170987996406	0.0180780260518
zij-	0.60186578393	0.199217574481	0.0845621426422	0.114354498947
lim-	0.410845396238	0.272334104431	0.209588945711	0.10723155362
mab-	0.20777139067	0.507074950254	0.274707052841	0.0104466062348
aph-	0.470268032702	0.196274448929	0.0802235330642	0.253233985305
ump-	0.0608273941568	0.882304007174	0.0171213479964	0.0397472506726
fak-	0.728285077951	0.244988864143	0.0267260579065	0.0
sak-	0.118530338301	0.319074308636	0.0246765011815	0.537718851881
uzw-	0.541176470588	0.354901960784	0.0226890756303	0.0812324929973
ALL	0.233836421024	0.297865604185	0.0546530548554	0.413644919936
ana-	0.591729167823	0.192491070663	0.0354132786105	0.180366482904
yaq-	0.536422120208	0.275541941936	0.019842988417	0.16819294944
ith-	0.195663592658	0.616690896376	0.0443841404208	0.143261370545
kha-	0.498689084524	0.439493433396	0.0060133737432	0.0558041083369
mna-	0.0	0.279569892473	0.720430107527	0.0
one-	0.275286599793	0.546213632267	0.0657739332315	0.112725834708
lo--	0.354497354497	0.37037037037	0.0	0.275132275132
imq-	0.223880597015	0.776119402985	0.0	0.0
kuw-	0.033397471138	0.00948323254535	0.00783397471138	0.949285321605
sok-	0.157706835313	0.267185956275	0.125680526109	0.449426682303
sej-	0.0497203231821	0.781437746012	0.0290035218562	0.13983840895
emv-	0.195052878446	0.0146024160361	0.00345148015399	0.786893225364
liv-	0.306645445529	0.105736627223	0.0931423430905	0.494475584158
yev-	0.278907611854	0.558396281232	0.148169668797	0.0145264381174
web-	0.185309220808	0.691448984148	0.0669792364367	0.0562625586068
lid-	0.12685317288	0.628621053285	0.141244339681	0.103281434154
zim-	0.127998549696	0.522204707957	0.163380437488	0.186416304859
yed-	0.0287808493142	0.102037501396	0.150726373816	0.718455275474
mes-	0.251889168766	0.657430730478	0.0151133501259	0.0755667506298
tsh-	0.34506302521	0.457983193277	0.196953781513	0.0
ofa-	0.362377484039	0.120582681414	0.114198363457	0.402841471091
izu-	0.061950156997	0.884020254024	0.0141438714605	0.0398857175186
ego-	0.661637931035	0.198275862069	0.0754310344827	0.0646551724138
nok-	0.230384236207	0.365358802158	0.0549081255087	0.349348836125
baw-	0.370068923916	0.263716082619	0.0719020543125	0.294312939153
muh-	0.0	0.100558659218	0.832402234637	0.0670391061452
lev-	0.0170662332385	0.790735473385	0.168224299065	0.0239739943113
sed-	0.0418097655667	0.725698073764	0.1219949231	0.110497237569
iwu-	0.478452663726	0.501187648456	0.0	0.0203596878181
omb-	0.501226309922	0.120401337793	0.226309921962	0.152062430323
nej-	0.0727846140074	0.898294347314	0.00578420773569	0.0231368309428
elu-	0.100900830022	0.16521773337	0.662601785925	0.0712796506825
ath-	0.494508953403	0.128459217321	0.0413463799217	0.335685449354
ami-	0.50802317065	0.450029962048	0.0139822891005	0.027964578201
zat-	0.31544436557	0.151169231906	0.0262815594136	0.507104843111
kur-	0.258914525433	0.58468799161	0.087965390666	0.0684320922916
agc-	0.685370741483	0.162324649299	0.0561122244489	0.0961923847695
emc-	0.238938053097	0.641592920354	0.0	0.119469026549
iku-	0.199445125001	0.574014743511	0.0650927087033	0.161447422785
okh-	0.482161145893	0.215871690638	0.118247470595	0.183719692875
e-a-	0.00523021984958	0.977726477537	0.00973903006475	0.00730427254856
kub-	0.22016503461	0.235587690797	0.0296087158239	0.514638558768
imn-	0.413646055437	0.0746268656716	0.245202558635	0.266524520256
usa-	0.126256164119	0.797333945924	0.0221319120206	0.0542779779362
adi-	0.723860589812	0.0938337801609	0.166219839142	0.0160857908847
mda-	0.252631578947	0.684210526316	0.0631578947368	0.0
laf-	0.537540368334	0.365488347735	0.0144889587152	0.082482325216
bug-	0.335082554717	0.638039165493	0.0268782797901	0.0
uze-	0.403210649961	0.254476637953	0.0724353954581	0.269877316628
bok-	0.0421345706331	0.124018062367	0.0110454144816	0.822801952518
ofu-	0.655230066406	0.199830452597	0.00812414637593	0.136815334621
u-u-	0.0512820512821	0.948717948718	0.0	0.0
bin-	0.345238095238	0.559523809524	0.0952380952381	0.0
kos-	0.0265515317062	0.932740035833	0.00158604282316	0.0391223896378
lem-	0.282198815503	0.647612264787	0.0452620136442	0.0249269060649
mnt-	0.0294031167304	0.66627462511	0.211702440459	0.0926198177006
kod-	0.0609847893085	0.00953990549367	0.00352623474011	0.925949070458
kis-	0.177299703264	0.0432739861523	0.00296735905044	0.776458951533
zaf-	0.439647577092	0.308516886931	0.0947136563876	0.157121879589
nem-	0.122361125902	0.760149957646	0.0523278653174	0.0651610511352
lud-	0.419580419581	0.496503496503	0.055944055944	0.027972027972
ze--	0.0816176470588	0.888970588235	0.00441176470588	0.025
wan-	0.615611527665	0.101718978317	0.0290871473971	0.253582346621
azu-	0.624521448905	0.189947972907	0.0412290173751	0.144301560813
umi-	0.0363117972995	0.89913389639	0.0355048684706	0.0290494378396
zee-	0.152702439068	0.72362363167	0.0612864872009	0.0623874420608
oqa-	0.626605796794	0.196623845419	0.0828113387833	0.0939590190041
eta-	0.165957446809	0.73281075028	0.00806270996642	0.0931690929451
sik-	0.500906427509	0.230021712585	0.0516092734827	0.217462586423
urh-	0.5916880205	0.247998078155	0.0898462524023	0.0704676489429
nga-	0.184028583119	0.131117937319	0.0372151877273	0.647638291834
ben-	0.394403575509	0.176759293471	0.085269756296	0.343567374724
oni-	0.741580152633	0.156434672567	0.0263510428023	0.0756341319979
mze-	0.222139581009	0.777860418991	0.0	0.0
nip-	0.525485807133	0.225481256247	0.125324672041	0.123708264578
beg-	0.26576488237	0.0184321586026	0.00331101370505	0.712491945322
ome-	0.456095481671	0.228473998295	0.225916453538	0.0895140664962
inz-	0.137524557957	0.821218074656	0.00589390962672	0.0353634577603
weh-	0.435562925809	0.143570179881	0.0310694310564	0.389797463253
uqa-	0.459422515167	0.246966519362	0.158602351884	0.135008613587
edw-	0.112068965517	0.887931034483	0.0	0.0
bun-	0.286039515964	0.290667942845	0.20401312641	0.219279414781
ili-	0.105259209284	0.709193369459	0.0179482921926	0.167599129064
lam-	0.0553699890303	0.168304246511	0.0504637265241	0.725862037934
nar-	0.0687372708757	0.900712830957	0.0	0.030549898167
nda-	0.217103957449	0.0641051085619	0.0166712975827	0.702119636407
its-	0.268052490652	0.595799894204	0.0512928224495	0.0848547926941
nit-	0.533306067596	0.188988484049	0.0858870717325	0.191818376622
kaj-	0.055111927629	0.789123132518	0.0162343568102	0.139530583042
zid-	0.469517769812	0.311570331887	0.130026556763	0.0888853415374
yem-	0.224847030161	0.583789805216	0.106868516062	0.08449464856
sat-	0.430811940542	0.194541496506	0.0261625724817	0.34848399047
ziv-	0.444690970392	0.239090261324	0.254661947272	0.0615568210125
umn-	0.0944250952358	0.767630059878	0.0304517666396	0.107493078247
the-	0.468034512653	0.428510093713	0.0907402055898	0.0127151880444
ani-	0.585945151918	0.203709492731	0.0805798803073	0.129765475044
upi-	0.0191730893352	0.866509738411	0.0161737347659	0.0981434374881
nad-	0.634674922601	0.287925696594	0.077399380805	0.0
yad-	0.578073089701	0.23122923588	0.142857142857	0.0478405315615
nib-	0.440031480853	0.164809189536	0.0528273141454	0.342332015466
neg-	0.0403060727166	0.901354907886	0.0244663222536	0.033872697144
iqi-	0.113936138466	0.723962996121	0.0562220232766	0.105878842137
aka-	0.377914980183	0.223493319326	0.0830873878861	0.315504312605
ele-	0.409086851736	0.239757207891	0.265732393109	0.0854235472641
mli-	0.579896398387	0.308254754675	0.0279428216868	0.0839060252517
erh-	0.0281434109376	0.893887294947	0.00262817845332	0.0753411156618
li--	0.281407035176	0.698492462312	0.0201005025125	0.0
ban-	0.411725441337	0.252509585116	0.109374728123	0.226390245424
kiw-	0.106333768236	0.0450124540387	0.00249080773337	0.846162969992
ndl-	0.13080947984	0.590643274854	0.269313634965	0.00923361034163
weg-	0.127884782232	0.738504251258	0.0676730869339	0.0659378795766
ise-	0.245877158091	0.451958331026	0.16069340879	0.141471102093
azo-	0.611654719006	0.265913708503	0.0472954841677	0.0751360883233
iin-	0.109226823736	0.73746579532	0.0565599890961	0.0967473918483
ter-	0.0483782297966	0.172072567345	0.233095107202	0.546454095657
wen-	0.184194899087	0.122810450454	0.0197579311594	0.6732367193
iyi-	0.191714345375	0.591225725621	0.132866986845	0.0841929421592
ums-	0.135866745009	0.763428777958	0.0316459402214	0.0690585368119
okw-	0.51392762901	0.219200231422	0.0604929938523	0.206379145716
buk-	0.27323037323	0.333462033462	0.254311454311	0.138996138996
yej-	0.0773485521329	0.8887960675	0.0338553803673	0.0
otj-	0.450642354701	0.331439878061	0.171196758405	0.046721008833
nam-	0.0653064464447	0.199395691295	0.0224910863641	0.712806775896
ebe-	0.537663514933	0.16856855947	0.0544995638717	0.239268361725
ale-	0.63059639848	0.223360317198	0.044936395176	0.101106889146
bup-	0.430834856795	0.358927483242	0.127970749543	0.0822669104205
aqh-	0.61872909699	0.120401337793	0.0501672240803	0.210702341137
ugw-	0.635938543754	0.295270027234	0.0391166949283	0.0296747340835
sid-	0.361336894154	0.385864248129	0.178391813639	0.0744070440783
bon-	0.0592183187569	0.00293202227272	0.00041308736461	0.937436571606
ezu-	0.0183416296695	0.795551370017	0.00295977398089	0.183147226333
owu-	0.809523809524	0.166666666667	0.0238095238095	0.0
won-	0.276874707843	0.0910475443702	0.0883257686566	0.543751979131
led-	0.0941324129275	0.839974898023	0.0188264825855	0.0470662064638
amv-	0.709137055837	0.165989847716	0.0274111675127	0.0974619289341
uca-	0.691249666696	0.105768376144	0.09099191183	0.111990045329
yit-	0.386738045362	0.271562314118	0.141205679261	0.200493961259
ula-	0.326916497771	0.3886790316	0.0849745064684	0.19942996416
net-	0.14110527866	0.722465338411	0.0447799856935	0.0916493972355
amd-	0.374865843005	0.24862099089	0.293523025084	0.0829901410208
yib-	0.55724789916	0.208245798319	0.030724789916	0.203781512605
yer-	0.298850574713	0.616858237548	0.0459770114942	0.0383141762452
eli-	0.173389443663	0.278955828591	0.278394473738	0.269260254009
ats-	0.677419354839	0.129032258065	0.0322580645161	0.161290322581
imu-	0.305118110236	0.576771653543	0.11811023622	0.0
ahl-	0.553627009245	0.184864580632	0.0926780391771	0.168830370945
mut-	0.0700116686113	0.75495915986	0.105017502917	0.0700116686113
hlo-	0.395180037004	0.564495469424	0.0123345509749	0.0279899425969
uth-	0.4914537907	0.178428874224	0.0340458316544	0.296071503422
col-	0.493150684931	0.479452054795	0.0	0.027397260274
ove-	0.0846113167636	0.071919619249	0.0251189846642	0.818350079323
ukl-	0.0	1.0	0.0	0.0
waw-	0.370833644302	0.172356145981	0.050078364057	0.40673184566
omp-	0.0625931445603	0.807749627422	0.00447093889718	0.125186289121
ene-	0.192216820153	0.371822200754	0.284723461898	0.151237517195
vez-	0.605744125326	0.148825065274	0.0992167101828	0.146214099217
nim-	0.53349649074	0.237724106181	0.0802656266287	0.14851377645
ukw-	0.483065866498	0.1969495692	0.0427197217362	0.277264842566
oze-	0.694050991501	0.0566572237961	0.0453257790368	0.203966005666
ari-	0.791666666667	0.09375	0.0729166666666	0.0416666666667
ikg-	0.37021572721	0.219206680585	0.146137787056	0.26443980515
yam-	0.250955820209	0.555717026595	0.0308549703639	0.162472182832
uso-	0.0264118060003	0.815810379147	0.000693021148695	0.157084793704
zeh-	0.649081803005	0.133555926544	0.0681135225375	0.149248747913
khe-	0.632171852626	0.176709311609	0.0616642871973	0.129454548568
ema-	0.115963529786	0.664396617532	0.0493122538257	0.170327598855
emr-	0.148597766814	0.719618280966	0.122695403791	0.00908854842894
lir-	0.501201464214	0.275573221945	0.0534483145815	0.169776999259
lat-	0.456820263899	0.236098786986	0.0732876394757	0.233793309639
baj-	0.720332325097	0.143290646973	0.0437502455121	0.0926267824174
ese-	0.336105056869	0.345030128757	0.0721295261818	0.246735288192
enq-	0.176687116564	0.257668711656	0.261349693251	0.304294478528
rab-	0.0141712877387	0.915588416513	0.0	0.0702402957486
ape-	0.202898550725	0.289855072464	0.420289855072	0.0869565217392
uwe-	0.491006319883	0.297520661157	0.182304326689	0.0291686922702
epo-	0.0	0.924242424242	0.0	0.0757575757576
umu-	0.124956673712	0.549272615666	0.0127408843085	0.313029826314
nzi-	0.161369193154	0.21271393643	0.317848410758	0.308068459658
ipo-	0.083538083538	0.916461916462	0.0	0.0
ofe-	0.36	0.472	0.096	0.072
bac-	0.574097799557	0.241955243003	0.155798490644	0.028148466797
eju-	0.0278310940499	0.918426103647	0.000959692898272	0.0527831094049
udz-	0.502857142857	0.2	0.12	0.177142857143
ne--	0.0557222429584	0.936740934279	0.0	0.00753682276263
nek-	0.153060577077	0.682624336136	0.0544337316666	0.10988135512
lab-	0.121984784796	0.106351686867	0.0118997896004	0.759763738736
azi-	0.450653766994	0.260783950661	0.142993369749	0.145568912596
imk-	0.676988093787	0.107684180584	0.189727335528	0.0256003901012
meh-	0.260495156082	0.597416576964	0.0775026910657	0.0645855758881
lij-	0.526685393258	0.424157303371	0.0351123595505	0.0140449438202
rho-	0.0	1.0	0.0	0.0
iba-	0.123590437528	0.754170141559	0.0491720290885	0.073067391824
osu-	0.56322418136	0.194962216625	0.120906801008	0.120906801008
bas-	0.583297429936	0.206740743522	0.0495136034533	0.160448223089
mim-	0.152761457109	0.153160987074	0.297602820212	0.396474735605
zii-	0.179123364231	0.601474699381	0.0757350859478	0.143666850441
sit-	0.465399800432	0.202526297647	0.0383231286703	0.293750773251
uko-	0.239248293336	0.657975680729	0.0117723857891	0.0910036401456
yes-	0.05412986309	0.4694774819	0.377906731459	0.0984859235509
mid-	0.0	0.955195220824	0.0448047791765	0.0
atj-	0.650928598199	0.110550930354	0.0264301847274	0.21209028672
aqo-	0.706382027495	0.0944450653851	0.0164300882977	0.182742818822
nid-	0.582671109972	0.267239169444	0.0860035888234	0.0640861317611
thw-	0.43877389793	0.182809290567	0.0829514931269	0.295465318376
ang-	0.346246248654	0.143109752768	0.0656341751068	0.445009823471
yar-	0.581924036596	0.12420293873	0.170779040754	0.12309398392
emk-	0.110725070624	0.683735428776	0.0564990096438	0.149040490957
no--	0.0591383697464	0.92778801439	0.00605422479599	0.00701939106783
yek-	0.0621005892778	0.050490260143	0.00666444130156	0.880744709278
noq-	0.105433779706	0.144485174933	0.732625121568	0.0174559237924
ma--	0.0686274509804	0.912990196078	0.00735294117646	0.0110294117647
muv-	0.218911917098	0.0252590673575	0.427461139896	0.328367875648
arh-	0.58899909146	0.176029678982	0.0863113264688	0.148659903089
iko-	0.0415834036334	0.786717939969	0.00775514597522	0.163943510423
sod-	0.46679316888	0.0872865275143	0.00569259962048	0.440227703985
ye--	0.00881402409166	0.990206639898	0.000979336010187	0.0
zap-	0.278778926637	0.4011816839	0.138847858198	0.181191531265
kun-	0.19689464886	0.222551657194	0.105482099795	0.475071594151
ibh-	0.213662586183	0.708245391867	0.0436189672154	0.0344730547348
obu-	0.309061746955	0.307620963574	0.168495010699	0.214822278772
adl-	0.701576930492	0.118453335164	0.0549060206472	0.125063713696
kan-	0.108022053797	0.0366463203596	0.0333393461209	0.821992279722
zab-	0.114883608757	0.191396357357	0.04057964413	0.653140389756
agi-	0.376188007603	0.52099533437	0.0751684810783	0.0276481769483
abo-	0.332515598982	0.513804103338	0.046675795311	0.107004502369
lig-	0.425741686833	0.282065071256	0.100385408264	0.191807833647
igc-	0.18115942029	0.81884057971	0.0	0.0
sey-	0.280525337478	0.444952311302	0.140140780693	0.134381570527
uhi-	0.0	1.0	0.0	0.0
osi-	0.239294721274	0.46289420964	0.219429061458	0.0783820076281
rha-	0.167746413697	0.617075428043	0.124942156409	0.090236001851
vul-	0.275862068966	0.298850574713	0.402298850575	0.0229885057471
ifi-	0.184588315272	0.56148278482	0.146159075459	0.107769824449
bum-	0.193866785129	0.587486464725	0.149651553433	0.0689951967127
u-e-	0.046374918354	0.927933812323	0.0055519268452	0.0201393424777
mum-	0.116001826419	0.499111023815	0.0444615635778	0.340425586189
baz-	0.340318710077	0.470466644328	0.0530399878381	0.136174657758
waj-	0.829513313177	0.0671023115186	0.0117038915439	0.0916804837609
nez-	0.201446187691	0.609111045366	0.120125109877	0.0693176570663
abr-	0.573804573805	0.426195426195	0.0	0.0
uka-	0.48445807771	0.377505112474	0.0429447852761	0.0950920245399
leq-	0.0214477211796	0.806970509383	0.128686327078	0.0428954423592
afu-	0.591879860665	0.216042431832	0.052671458489	0.139406249013
lez-	0.197603956258	0.437022590606	0.117178612059	0.248194841076
aml-	0.369550760668	0.531935790798	0.0218839200761	0.0766295284573
uqe-	0.574074074074	0.166666666667	0.0555555555556	0.203703703704
udu-	0.205329006056	0.744778802318	0.0163169431731	0.0335752484523
alw-	0.669902912621	0.300970873786	0.0291262135922	0.0
abh-	0.715097080967	0.19229146872	0.030575072113	0.0620363782004
amj-	0.0188679245283	0.392452830189	0.588679245283	0.0
lol-	0.0749063670411	0.925093632959	0.0	0.0
ken-	0.0664556962025	0.0316455696202	0.0237341772152	0.878164556962
lav-	0.801794453507	0.10766721044	0.036704730832	0.0538336052202
oko-	0.285714285714	0.051948051948	0.584415584416	0.0779220779221
msi-	0.154561278804	0.0527163195591	0.0155410157817	0.777181385856
ufa-	0.286065058537	0.201009664493	0.0742515911055	0.438673685865
bub-	0.255447380621	0.490959666203	0.211868335651	0.0417246175243
ilu-	0.20429929795	0.49418437742	0.139601040461	0.161915284169
mat-	0.140644361834	0.51239157373	0.0	0.346964064436
ijo-	0.023629489603	0.933837429112	0.0106332703214	0.0318998109641
phu-	0.358180669615	0.155401137082	0.0581174984207	0.428300694883
ikw-	0.104550083386	0.869105775049	0.0263441415647	0.0
sih-	0.343447181892	0.221525559005	0.0352904676956	0.399736791407
eku-	0.225516906133	0.461284274669	0.134468407678	0.17873041152
mza-	0.54242135367	0.45757864633	0.0	0.0
nif-	0.646194926569	0.0830305386084	0.0552128576499	0.215561677173
bem-	0.165727828536	0.682455176204	0.0309129628357	0.120904032424
mem-	0.688976377953	0.185039370079	0.0	0.125984251968
mad-	0.0995121410356	0.777137154895	0.00914735558266	0.114203348487
yip-	0.395905795446	0.471897207666	0.0380968539751	0.0941001429122
ala-	0.479627677078	0.255676514241	0.122576442382	0.142119366299
but-	0.301228391216	0.161861470176	0.396891060582	0.140019078025
unq-	0.368852459016	0.155737704918	0.0409836065574	0.434426229508
ecw-	0.032315978456	0.425493716338	0.455244934599	0.0869453706078
upe-	0.0446428571429	0.866071428571	0.0	0.0892857142857
nah-	0.513295446573	0.216936785238	0.0620921911176	0.207675577072
nse-	0.0	0.804878048781	0.176829268293	0.0182926829268
emy-	0.543010752688	0.0940860215054	0.0	0.362903225806
idw-	0.264084507042	0.683098591549	0.0528169014085	0.0
iqe-	0.207920792079	0.237623762376	0.089108910891	0.465346534654
mya-	0.0	0.851851851852	0.00925925925925	0.138888888889
rag-	0.51081805069	0.132701421801	0.0927261487739	0.263754378735
ayi-	0.438056819263	0.289597006069	0.105285851854	0.167060322814
umj-	0.06547654002	0.797110810969	0.0722297257619	0.0651829232486
tha-	0.39620981067	0.328522260464	0.0561164845643	0.219151444301
saz-	0.536972444232	0.150996063462	0.0622259334367	0.249805558869
saq-	0.639036144578	0.26578313253	0.0626506024097	0.0325301204819
loy-	0.0580426307529	0.141159746537	0.0014271916125	0.799370431098
yen-	0.185754014075	0.0732191409579	0.0186146381447	0.722412206823
beb-	0.511147637801	0.238108065295	0.0962412406514	0.154503056253
uzo-	0.612070732814	0.178282763218	0.0638286908156	0.145817813153
ira-	0.888468809074	0.0812854442344	0.0	0.0302457466919
izo-	0.242590365053	0.627130470753	0.0523875097291	0.0778916544656
egu-	0.154882154882	0.612794612795	0.0707070707071	0.161616161616
iyu-	0.0	1.0	0.0	0.0
ona-	0.341508188606	0.271399694732	0.184439585826	0.202652530836
uhl-	0.548097557621	0.241994895055	0.0578828539798	0.152024693344
ubi-	0.591986468881	0.236977440516	0.0827181093004	0.0883179813032
waz-	0.620642961564	0.187499841868	0.0671238068636	0.124733389704
lib-	0.352265314818	0.209507214847	0.0976789760837	0.340548494252
zez-	0.411927168576	0.363093289689	0.141775777414	0.0832037643208
naq-	0.715395734011	0.0997819889318	0.0530573456952	0.131764931362
idl-	0.250918730044	0.364268931863	0.232995963612	0.15181637448
eba-	0.0824372039703	0.542065511523	0.0268010475293	0.348696236977
kag-	0.804232804233	0.195767195767	0.0	0.0
wer-	0.0341120529254	0.111846185652	0.813727517056	0.0403142443664
ndi-	0.0955777696865	0.314045699096	0.0187479471308	0.571628584087
bam-	0.487736575108	0.132629796532	0.0709491237817	0.308684504578
zoz-	0.106870229008	0.847328244275	0.0	0.0458015267176
hos-	0.0169014084507	0.916901408451	0.0338028169014	0.0323943661972
wed-	0.135124298316	0.571371291099	0.0312750601444	0.262229350441
jwa-	0.0	1.0	0.0	0.0
bha-	0.0237304224015	0.914570479355	0.0616990982439	0.0
twa-	0.029197080292	0.941605839416	0.029197080292	0.0
nef-	0.106365545143	0.750755364367	0.127515747427	0.0153633430635
zel-	0.209245614495	0.7143063167	0.0379028240291	0.0385452447754
yon-	0.210796217805	0.051446042603	0.0357394161812	0.70201832341
adu-	0.63659082133	0.235295403379	0.061557853016	0.0665559222749
kob-	0.0980994042807	0.0242562849399	0.00225143835291	0.875392872426
eni-	0.543550776714	0.242161439618	0.0944019307794	0.119885852888
agr-	0.0	1.0	0.0	0.0
was-	0.561370411684	0.120880780857	0.0430323653033	0.274716442156
omt-	0.691316526611	0.164145658263	0.0201680672269	0.124369747899
siz-	0.446547648023	0.282931172153	0.0582333089944	0.21228787083
imy-	1.0	0.0	0.0	0.0
lif-	0.518841465745	0.277933590616	0.0699170837951	0.133307859845
mup-	0.527696793003	0.0932944606414	0.0524781341108	0.326530612245
sus-	0.877314814815	0.0532407407407	0.0416666666667	0.0277777777778
ule-	0.38200408998	0.337218813906	0.0466257668712	0.234151329243
nep-	0.125122485604	0.735894429336	0.0518806815888	0.0871024034703
buj-	0.172804532578	0.512747875354	0.101983002833	0.212464589235
ams-	0.469086783891	0.337606352808	0.00476460578559	0.188542257516
uri-	1.0	0.0	0.0	0.0
equ-	0.0431034482758	0.909482758621	0.0	0.0474137931034
leg-	0.0171673819742	0.771459227468	0.18991416309	0.0214592274678
ave-	0.105666590961	0.0446286622757	0.0130592777652	0.836645468998
wek-	0.0512433199636	0.659519186607	0.0587296034011	0.230507890029
uyu-	0.02828854314	0.97171145686	0.0	0.0
zal-	0.349643383509	0.126373289894	0.0245773471979	0.499405979399
nec-	0.7	0.025	0.225	0.05
nom-	0.0934384697129	0.571523173233	0.0705511882134	0.264487168841
nol-	0.211053412463	0.708147873393	0.0498887240356	0.0309099901088
lap-	0.150146194173	0.0589389184241	0.00344542063196	0.787469466771
esa-	0.223176600965	0.551370915356	0.101870201995	0.123582281685
akg-	0.204713163532	0.117114972626	0.200904546537	0.477267317305
imp-	0.0451612903226	0.761290322581	0.116129032258	0.0774193548387
udl-	0.655637927878	0.161770089694	0.0247116968698	0.157880285557
yep-	0.0922458038563	0.79279373006	0.095366902483	0.019593563601
sis-	0.309625821658	0.459956720072	0.0752887868413	0.155128671428
wat-	0.746178524118	0.0324026130555	0.00834120430767	0.213077658519
u-o-	0.0	1.0	0.0	0.0
ekh-	0.134830581106	0.667880931011	0.0499315036138	0.147356984269
qal-	0.509209887567	0.205687164061	0.0172090765352	0.267893871837
ama-	0.107441586494	0.556053016366	0.0820702137387	0.254435183401
aqa-	0.369129464004	0.416144210513	0.0866625458858	0.128063779597
kok-	0.14045036234	0.354732489932	0.0325779713935	0.472239176335
kuj-	0.0689224548049	0.564878686965	0.00448977164605	0.361709086584
mis-	0.103163686382	0.821182943604	0.0	0.0756533700137
ifu-	0.41964113343	0.477662286881	0.0470509586745	0.0556456210143
ujw-	0.0307231172724	0.911577369801	0.00674409891345	0.0509554140128
yaw-	0.711522419692	0.134117863708	0.0205232499911	0.133836466609
kho-	0.164807652337	0.0260846287125	0.0071235721759	0.801984146775
ebi-	0.134528821615	0.723985551616	0.00160590339581	0.139879723373
eml-	0.142979752175	0.674155821853	0.0132289726899	0.169635453282
etj-	0.236055984506	0.227175414065	0.499834982065	0.0369336193645
ebh-	0.0613180038324	0.873364992085	0.0558193784887	0.00949762559361
zob-	0.148120666973	0.561173348386	0.250875140546	0.0398308440952
nik-	0.55339663385	0.203122931748	0.11820931337	0.125271121032
umq-	0.140702071687	0.744923544887	0.0107900361723	0.103584347254
omr-	0.625	0.325	0.0	0.05
bet-	0.107626238792	0.307465785748	0.0403020292591	0.544605946201
ube-	0.490232688185	0.157636148995	0.045124110721	0.307007052099
law-	0.0953936364889	0.0929012284948	0.0554560778681	0.756249057148
sal-	0.331506801352	0.193186393796	0.0272229127641	0.448083892089
asu-	0.66439837527	0.215593184576	0.0116052117951	0.108403228359
end-	0.0936827372866	0.578501254145	0.0271235198639	0.300692488705
phi-	0.502494127903	0.238249751798	0.179250308739	0.0800058115602
utj-	0.459526664933	0.188545693943	0.056407718951	0.295519922173
utl-	0.639341328083	0.265795596921	0.0196885627349	0.0751745122606
isk-	0.0	1.0	0.0	0.0
nic-	0.617756512493	0.214779372674	0.0824029771398	0.0850611376927
uve-	0.252527137757	0.158088345967	0.00842880967146	0.580955706605
sek-	0.241287873982	0.484437162313	0.0704316656728	0.203843298032
imv-	0.191742962843	0.772729255304	0.023453887239	0.0120738946141
mbe-	0.526570048309	0.458937198068	0.0	0.0144927536232
ind-	0.0610618746664	0.726048441548	0.012988747814	0.199900935971
yan-	0.61067767103	0.235321426269	0.066739742515	0.0872611601866
bad-	0.675020705512	0.149749022709	0.0667963938165	0.108433877962
zeg-	0.0082474226804	0.560824742268	0.426804123711	0.00412371134022
bat-	0.492674562931	0.0743776869962	0.0385216480223	0.39442610205
yew-	0.626274918567	0.265008469055	0.048338762215	0.0603778501629
idi-	0.0667940082437	0.856072182568	0.021287825475	0.0558459837136
bav-	0.43997119712	0.171146714672	0.0447164716472	0.344165616562
aqu-	0.520195838433	0.288861689106	0.117503059975	0.0734394124847
zil-	0.398235634434	0.298671060822	0.224457381111	0.078635923633
ufe-	0.0566489816875	0.924525072737	0.00239602943693	0.016429916139
yee-	0.086159236657	0.825637412081	0.0696317749276	0.0185715763343
lic-	0.0726495726496	0.164102564103	0.742735042735	0.0205128205128
ikh-	0.215649523059	0.587347009905	0.0563695320529	0.140633934983
umv-	0.2532898085	0.647165311968	0.0262603056432	0.073284573888
kas-	0.0135032724767	0.893076128143	0.0	0.0934205993799
onz-	0.969565217391	0.0173913043478	0.0	0.0130434782609
kut-	0.318941665361	0.0631339012882	0.0149839752469	0.602940458104
age-	0.421397379913	0.301310043668	0.224890829694	0.0524017467249
lul-	0.839622641509	0.0283018867924	0.132075471698	0.0
waf-	0.62658588034	0.09336545703	0.0169782483498	0.26307041428
igo-	0.161593238908	0.647859769935	0.110728539009	0.0798184521481
gal-	0.0822669104205	0.808043875686	0.0	0.109689213894
see-	0.125766222786	0.719268049642	0.0558549989431	0.0991107286289
nac-	0.427947598253	0.445414847162	0.10480349345	0.0218340611354
ida-	0.034672159286	0.888602814967	0.0741503604532	0.00257466529351
kar-	0.114766641163	0.816373374139	0.0229533282326	0.0459066564652
bhe-	0.00888625592417	0.968898104265	0.0222156398104	0.0
sel-	0.371330622862	0.050029136263	0.0216640835856	0.556976157289
awe-	0.555389221557	0.217065868263	0.0838323353293	0.14371257485
ulw-	0.2096069869	0.711790393013	0.0786026200873	0.0
suk-	0.496928950032	0.240052904221	0.00841658066389	0.254601565083
amn-	0.371974745703	0.27569273939	0.305682216766	0.046650298141
yin-	0.125102814208	0.357777414327	0.0295629991739	0.487556772291
lil-	0.220426263935	0.519998808487	0.121346956304	0.138227971275
wep-	0.0484991513129	0.700645929342	0.0460232856456	0.2048316337
oqo-	0.203059805285	0.381084840056	0.390820584145	0.0250347705146
