-eus	0.0190828823697	0.954428937625	0.00712047849615	0.0193677015095
-shu	0.179638571311	0.393310560197	0.187823803904	0.239227064589
-hem	0.0546357615894	0.855960264901	0.0149006622516	0.0745033112583
-hen	0.0	1.0	0.0	0.0
-ive	0.0466131478673	0.953386852133	0.0	0.0
-rbe	0.0676183320811	0.912847483095	0.0195341848235	0.0
-hee	0.757142857143	0.214285714286	0.0	0.0285714285714
-lem	0.0386756532209	0.90876455613	0.0111961684224	0.0413636222271
-ufu	0.102105415767	0.841936756983	0.0339693611263	0.0219884661233
-aus	0.108033240997	0.875346260388	0.0	0.0166204986149
-oya	0.191167926199	0.0285343509659	0.019179120309	0.761118602526
-oyo	0.153690551261	0.0218583504946	0.00256822962372	0.821882868621
-oyi	0.236477019858	0.0652973087059	0.0295753724633	0.668650298973
-oyu	0.480211483649	0.101412066752	0.0307652139858	0.387611235613
-ufa	0.16	0.68	0.12	0.04
-zii	0.630129286116	0.31928049466	0.00674536256323	0.043844856661
-ufo	0.263906856404	0.608020698577	0.0388098318241	0.0892626131953
-aum	0.0415767258328	0.914536730233	0.0	0.0438865439347
-aul	0.43661971831	0.535211267606	0.0281690140845	0.0
-nti	0.0985761226725	0.861993428258	0.039430449069	0.0
-nto	0.155317143242	0.718094896081	0.0538672173093	0.0727207433676
-pus	0.0160503540519	0.966011014949	0.00424862313139	0.0136900078678
-nta	0.48	0.466666666667	0.0266666666667	0.0266666666667
-nte	0.824175824176	0.021978021978	0.0	0.153846153846
-kia	0.0654743655255	0.869000170329	0.0283597342872	0.0371657298586
-apa	0.374734269906	0.251225997167	0.138528557401	0.235511175526
-ntu	0.0535429074358	0.634715581482	0.0530063719619	0.25873513912
-dhe	0.239311229965	0.133185767911	0.0444783818837	0.583024620241
-dha	0.529909119421	0.0928048998058	0.085621950048	0.291664030725
-dho	0.329769238701	0.325721056615	0.0808864677724	0.263623236912
-opu	0.146186440678	0.221398305085	0.256355932203	0.376059322034
-nam	0.0	1.0	0.0	0.0
-dhi	0.156194971806	0.431503607633	0.0681218384255	0.344179582135
-dhu	0.112848316732	0.473899886521	0.327827512293	0.0854242844534
-opo	0.0852992513099	0.0662849586857	0.0048905073622	0.843525282642
-opi	0.649480859335	0.0726997543611	0.00684311653805	0.270976269766
-ope	0.32646654895	0.192662350402	0.0408083186188	0.440062782029
-opa	0.09375	0.6875	0.03125	0.1875
-dea	0.0469432314411	0.902292576419	0.0125545851528	0.0382096069869
-naa	0.194312421339	0.0400489474211	0.0411423546408	0.724496276599
-oku	0.221234686787	0.0323706543818	0.009157651715	0.737237007116
-the	0.578627357853	0.229193777352	0.0670513229512	0.125127541844
-dek	0.0616158440742	0.919522162842	0.0	0.0188619930839
-ima	0.166776635232	0.435079866971	0.0520074153833	0.346136082414
-oko	0.22897210229	0.4746601521	0.0578114646601	0.23855628095
-des	0.0400952215909	0.88586178276	0.0426308156769	0.0314121799724
-ime	0.158894663565	0.714681609143	0.112583656094	0.0138400711983
-kim	0.0	1.0	0.0	0.0
-ivi	0.0164880461665	0.9802143446	0.0	0.00329760923331
-imi	0.37822671156	0.495751162418	0.0307840307841	0.0952380952381
-oka	0.0792021371483	0.105119491684	0.0135409360963	0.802137435071
-imo	0.0888367421616	0.795802073878	0.0888942789118	0.0264669050481
-aer	0.0	1.0	0.0	0.0
-ide	0.0	1.0	0.0	0.0
-ida	0.00561797752809	0.994382022472	0.0	0.0
-bia	0.0801909307876	0.894988066826	0.00190930787589	0.0229116945108
-bii	0.573770491803	0.131147540984	0.131147540984	0.163934426229
-ter	0.0864864864865	0.891891891892	0.0216216216216	0.0
-uta	0.2034021504	0.683278544564	0.0363791771032	0.0769401279337
-ria	0.0349024110218	0.832778415614	0.0230769230769	0.109242250287
-bbi	0.32131147541	0.580327868852	0.0	0.0983606557377
-uti	0.160722572067	0.754400740704	0.0633441690751	0.0215325181534
-oye	0.167813617682	0.0823461374394	0.00803931256357	0.741800932315
-tee	0.715889999116	0.130427093465	0.112830488991	0.0408524184278
-utu	0.17170843448	0.693505857708	0.0651322788038	0.069653429008
-sia	0.0259985946705	0.963461434517	0.00486460191341	0.00567536889898
-thi	0.115223406277	0.796638301228	0.0573753156641	0.0307629768307
-ara	0.156395457084	0.717929622044	0.0809905045615	0.0446844163098
-nza	0.0990656481115	0.765154051394	0.134928122876	0.000852177618162
-eri	0.0	1.0	0.0	0.0
-lus	0.048215248124	0.90265743543	0.00507165264016	0.0440556638061
-nzi	0.043725742773	0.926255938838	0.0122645376071	0.0177537807816
-mea	0.0	1.0	0.0	0.0
-men	0.00211789622308	0.069537592658	0.00423579244617	0.924108718673
-mei	0.0	1.0	0.0	0.0
-mek	0.0	1.0	0.0	0.0
-aye	0.179394380819	0.089042950783	0.0205143302547	0.711048338144
-tye	0.599421510669	0.121292466952	0.00532819120595	0.273957831172
-eko	0.238058669852	0.593485770447	0.0930404376863	0.0754151220147
-aya	0.304987277108	0.306010902577	0.103859357723	0.285142462592
-tya	0.119295304625	0.035923990013	0.0211146263865	0.823666078976
-ndu	0.138658403763	0.648704037855	0.0499906133918	0.162646944991
-ayo	0.130189213684	0.239025903526	0.0605734359632	0.570211446827
-ayi	0.159573496185	0.333338987995	0.146239166694	0.360848349126
-ndi	0.133961285832	0.117222307151	0.0240580003451	0.724758406672
-ubi	0.197718631179	0.619771863118	0.182509505703	0.0
-inu	0.104399467888	0.861625098385	0.0185487503049	0.0154266834219
-umu	0.95473320408	0.0208772373486	0.00168591418697	0.0227036443845
-ota	0.310102055481	0.0506395807525	0.0242092997248	0.615049064042
-ote	0.205876864241	0.0279907878753	0.0134736987011	0.752658649183
-oti	0.383516784347	0.177058206743	0.0398857455721	0.399539263338
-hwa	0.653844140414	0.196271686521	0.0695189576893	0.0803652153766
-oam	0.0	1.0	0.0	0.0
-oto	0.183303136591	0.111200946127	0.0254188774496	0.680077039832
-ume	0.202193955939	0.572779537494	0.115144439287	0.10988206728
-uma	0.53205199122	0.378429856381	0.0390804190823	0.0504377333173
-otu	0.108080025374	0.0255887053359	0.0116654391973	0.854665830093
-ilu	0.226478494624	0.200268817204	0.496639784946	0.0766129032258
-umo	0.349264866757	0.43883735177	0.0834135562071	0.128484225266
-umi	0.172335600907	0.469387755102	0.172335600907	0.185941043084
-ako	0.152705470373	0.73666055837	0.0295703701977	0.0810636010593
-gdi	0.093567251462	0.664717348928	0.24171539961	0.0
ALL	0.22178707516	0.30041832727	0.0561161146091	0.421678482961
-nai	0.048128342246	0.951871657754	0.0	0.0
-nan	0.00855920114122	0.982881597718	0.00855920114122	0.0
-twi	0.268131868132	0.0690476190476	0.0401098901099	0.622710622711
-sis	0.0	1.0	0.0	0.0
-ake	0.228717526857	0.130362297324	0.111164384562	0.529755791257
-twe	0.224547515139	0.0765722791704	0.0530802801177	0.645799925573
-kin	0.0612244897958	0.908163265306	0.030612244898	0.0
-aka	0.181534854682	0.268909231537	0.117833792661	0.43172212112
-twa	0.201131174197	0.133803819087	0.0184260712568	0.646638935459
-sin	0.0	1.0	0.0	0.0
-nas	0.0194174757282	0.97226074896	0.00277392510402	0.00554785020804
-aku	0.187871281866	0.210317125739	0.0602349084143	0.541576683981
-nau	0.612903225807	0.291434927697	0.0300333704116	0.0656284760845
-mos	0.0100840336135	0.949579831933	0.0403361344538	0.0
-mor	0.0	0.967741935484	0.0322580645161	0.0
-gon	0.0	1.0	0.0	0.0
-igo	0.052179431766	0.0915480629654	0.0380998414142	0.818172663854
-gog	0.0344827586207	0.965517241379	0.0	0.0
-lki	0.0	1.0	0.0	0.0
-mon	0.020950116075	0.972012586247	0.00169865806013	0.00533863961756
-ber	0.0	1.0	0.0	0.0
-ofu	0.113055181696	0.805293853746	0.0	0.0816509645581
-eor	0.0	1.0	0.0	0.0
-bet	0.017004048583	0.923076923077	0.055060728745	0.00485829959515
-eon	0.0739202657807	0.906146179402	0.00498338870432	0.0149501661129
-ben	0.0	1.0	0.0	0.0
-bel	0.0901808741396	0.885224342004	0.0	0.0245947838562
-bed	0.221864951768	0.778135048232	0.0	0.0
-lyo	0.279827552135	0.274222844364	0.181745927016	0.264203676485
-lyi	0.392156862745	0.4127702363	0.0150829562595	0.179989944696
-isi	0.0	0.742990654206	0.257009345794	0.0
-ish	0.0	1.0	0.0	0.0
-lye	0.174810640699	0.0607274623794	0.010202128662	0.75425976826
-rea	0.0686502050432	0.842457028183	0.019265334613	0.0696274321613
-lya	0.266535993736	0.150923512544	0.019165764568	0.563374729152
-red	0.0	1.0	0.0	0.0
-rez	0.0	1.0	0.0	0.0
-kwe	0.194174311409	0.0631321860029	0.00828507446045	0.734408428127
-upe	0.204500357919	0.440673389679	0.298454041971	0.0563722104311
-eva	0.0359712230216	0.920863309353	0.0431654676259	0.0
-upa	0.266425601157	0.429976496113	0.25514373531	0.04845416742
-lyu	0.160674435904	0.328291594347	0.328291594347	0.182742375403
-evi	0.0426133452497	0.799271656479	0.0202096549426	0.137905343329
-ret	0.0393299344501	0.88201019665	0.00728332119447	0.0713765477058
-upi	0.137334821776	0.220800124614	0.510137854046	0.131727199564
-haa	0.252192920841	0.156330952635	0.0576958737687	0.533780252755
-hab	0.0213447171825	0.978655282817	0.0	0.0
-bwe	0.482081182456	0.378913358339	0.0892412819846	0.0497641772199
-mas	0.0118848653668	0.97808727948	0.00891364902508	0.00111420612813
-mar	0.0	1.0	0.0	0.0
-ham	0.0399736858936	0.909144253484	0.0314814984016	0.0194005622204
-has	0.0	1.0	0.0	0.0
-hau	0.306464485235	0.525139664805	0.12370311253	0.0446927374302
-man	0.0555555555556	0.916666666667	0.0277777777778	0.0
-dwe	0.587666263603	0.266021765417	0.0798065296251	0.0665054413543
-avu	0.0734962156421	0.309055902271	0.57064134909	0.0468065329969
-dwa	0.644607152915	0.244642994291	0.0451601341492	0.0655897186451
-uno	0.253051724565	0.160868596331	0.0467972367346	0.53928244237
-uni	0.0768998852023	0.802189761774	0.0392351127413	0.0816752402821
-hii	0.688639007367	0.146956184568	0.0806514152772	0.0837533927879
-une	0.124707477864	0.0561143658108	0.0259075394154	0.79327061691
-una	0.208461306775	0.443909622487	0.0183068819329	0.329322188805
-nka	0.151223535881	0.718049341365	0.0787362211613	0.0519909015922
-unu	0.699286846276	0.281695721078	0.0	0.0190174326465
-666	0.0	0.0	0.0	1.0
-gad	0.0	1.0	0.0	0.0
-tra	0.215941209723	0.718485019785	0.0452232899943	0.0203504804975
-gaa	0.237913680037	0.376048497789	0.198833307915	0.187204514259
-gai	0.0	1.0	0.0	0.0
-aau	0.164176588347	0.492866926562	0.142050363502	0.200906121589
-144	0.0	0.0303797468354	0.0	0.969620253165
-gar	0.0433436532508	0.938080495356	0.0185758513932	0.0
-aat	0.0	1.0	0.0	0.0
-yaa	0.15894816709	0.121081620323	0.06624889351	0.653721319077
-ini	0.232900236672	0.0985915389484	0.0743009764052	0.594207247974
-ywa	0.63934183771	0.255675326439	0.0345099287401	0.0704729071112
-sek	0.0	1.0	0.0	0.0
-ywe	0.0	1.0	0.0	0.0
-ino	0.280019405889	0.236724589678	0.0467719786302	0.436484025802
-sef	0.0366353338154	0.9362095284	0.00353498835061	0.0236201494336
-ine	0.52840842632	0.134305921514	0.0595588977175	0.277726754449
-sea	0.0183486238532	0.963302752294	0.0183486238532	0.0
-ohe	0.387914982679	0.483032621247	0.0172019341801	0.111850461894
-oha	0.340668904638	0.326504652875	0.0455245363861	0.287301906101
-oho	0.271818044536	0.429762914261	0.0679545111341	0.230464530068
-ses	0.0659971305595	0.900787601626	0.0112461142994	0.0219691535151
-ohi	0.0746038983244	0.568183061666	0.03278582013	0.324427219879
-kus	0.0425566343042	0.946601941748	0.00598705501618	0.00485436893203
-lau	0.0	0.641214351426	0.358785648574	0.0
-nes	0.0490320625634	0.896224985723	0.0141548466801	0.0405881050337
-iyu	0.204696819406	0.564198023883	0.0885430756481	0.142562081063
-fus	0.0744680851064	0.904255319149	0.0212765957447	0.0
-ias	0.0673306036704	0.891400265186	0.0165335874967	0.024735543647
-nee	0.366220735786	0.16889632107	0.046822742475	0.418060200669
-uum	0.0	0.846715328467	0.0	0.153284671533
-eka	0.429711481077	0.362912056632	0.138221555207	0.0691549070835
-eke	0.593305843715	0.164770346571	0.0572954646844	0.18462834503
-eki	0.0848850565944	0.817028341881	0.0514368198156	0.0466497817089
-las	0.0675916044112	0.916399857702	0.00640341515475	0.00960512273213
-hon	0.0	0.986394557823	0.0	0.0136054421769
-hoo	0.39121756487	0.473053892215	0.0638722554891	0.0718562874252
-hor	0.0	1.0	0.0	0.0
-upu	0.26157101296	0.473948690823	0.156572335361	0.107907960857
-pro	0.024	0.951111111111	0.0142222222222	0.0106666666667
-bas	0.0143581081081	0.975929054054	0.00380067567567	0.00591216216216
-job	0.0422535211268	0.957746478873	0.0	0.0
-nya	0.119369483971	0.78917903897	0.0607129729575	0.0307385041017
-mbu	0.439924451547	0.369460990847	0.11855295656	0.0720616010461
-asa	0.0391134289439	0.932575898678	0.00707766809461	0.0212330042839
-nye	0.460335917313	0.192377260982	0.25503875969	0.0922480620155
-ihe	0.0231044624492	0.0745891186766	0.02232636356	0.879980055314
-nyo	0.213301226635	0.640183244414	0.0823107216658	0.0642048072851
-asi	0.0750087396201	0.299681996045	0.596937164242	0.0283721000927
-mba	0.491201707254	0.268036973665	0.114565115364	0.126196203717
-mbe	0.422941594997	0.500375217931	0.0321827461409	0.0445004409318
-nyu	0.093379851258	0.710339363353	0.114985385471	0.0812953999188
-yea	0.0416666666667	0.666666666667	0.25	0.0416666666667
-mbi	0.114555997524	0.823878111684	0.0328051826843	0.0287607081068
-lta	0.0	1.0	0.0	0.0
-yee	0.0562981990224	0.563018740921	0.213128896299	0.167554163757
-mbo	0.0994605079292	0.653473107442	0.0417563476662	0.205310036963
-rat	0.0	1.0	0.0	0.0
-ras	0.129807692308	0.850961538462	0.0	0.0192307692308
-ran	0.0	1.0	0.0	0.0
-rao	0.0394011032309	0.951142631994	0.0094562647754	0.0
-iwa	0.320712262816	0.490633676651	0.0549042809286	0.133749779605
-ram	0.0	1.0	0.0	0.0
-rak	0.0	1.0	0.0	0.0
-iwe	0.325866896403	0.394141718716	0.175317682533	0.104673702348
-era	0.0	1.0	0.0	0.0
-iwo	0.199356913183	0.71382636656	0.048231511254	0.0385852090032
-dos	0.0	0.793296089385	0.100558659218	0.106145251397
-ugu	0.628388732133	0.281841448991	0.026672821583	0.0630969972931
-oge	0.566175024582	0.187610619469	0.0456243854474	0.200589970502
-uge	0.734527549028	0.203073265982	0.0410051787079	0.0213940062824
-uga	0.176798577709	0.730173898418	0.0507563107036	0.0422712131696
-ugo	0.156246705324	0.635002635741	0.141113499047	0.0676371598881
-aza	0.0	1.0	0.0	0.0
-ugi	0.110458715596	0.838165137615	0.0477064220184	0.00366972477064
-ike	0.226176213942	0.134291221514	0.091137945621	0.548394618923
-ika	0.234072904708	0.158143085943	0.0457945546924	0.561989454656
-iko	0.123921009509	0.707058547634	0.114698453419	0.0543219894372
-lam	0.0	1.0	0.0	0.0
-nor	0.0	1.0	0.0	0.0
-nos	0.0434782608696	0.95652173913	0.0	0.0
-nou	0.231446540881	0.295597484277	0.143396226415	0.329559748428
-iki	0.458481192758	0.335938900514	0.0643298489365	0.141250057792
-lak	0.0443786982249	0.955621301775	0.0	0.0
-aal	0.0	1.0	0.0	0.0
-iku	0.0364384838834	0.787946798925	0.0222658264088	0.153348890782
-nok	0.147751605996	0.852248394004	0.0	0.0
-iks	0.0547341931425	0.914123938345	0.013211701793	0.0179301667191
-non	0.0	1.0	0.0	0.0
-noo	0.475034741058	0.272154391493	0.0405745836646	0.212236283784
-noa	0.0	0.989621172807	0.00518941359628	0.00518941359626
-ppa	0.0662222866251	0.908563976235	0.014780466599	0.0104332705405
-epi	0.108722711605	0.189774032938	0.0381080045959	0.663395250862
-uki	0.0730494402875	0.552545782875	0.288032680385	0.0863720964522
-ahi	0.290991050821	0.588152503055	0.0850993427637	0.03575710336
-aho	0.262350679368	0.486639448729	0.108871751669	0.142138120234
-aha	0.118175598168	0.764194843776	0.0132911127279	0.104338445328
-gee	0.340206185567	0.340206185567	0.0	0.319587628866
-ahe	0.208430298226	0.693953600335	0.0358589760389	0.0617571254003
-pya	0.446899836764	0.415906848087	0.0340239421569	0.103169372992
-pye	0.77693901717	0.0639431616341	0.0088809946714	0.150236826525
-don	0.06133018081	0.900443473617	0.0016802789263	0.0365460666471
-dom	0.0235577866898	0.930504529265	0.0117788933449	0.0341587907003
-dok	0.0	1.0	0.0	0.0
-pyo	0.467532467532	0.207792207792	0.285714285714	0.038961038961
-mpo	0.620269912675	0.15083355385	0.0423392431861	0.186557290288
-dda	0.0527240773286	0.857644991213	0.0	0.0896309314587
-sau	0.0340909090909	0.952272727273	0.0136363636364	0.0
-toa	0.163179916318	0.535564853557	0.301255230125	0.0
-too	0.0547945205479	0.109589041096	0.821917808219	0.013698630137
-ddi	0.0	1.0	0.0	0.0
-mpe	0.208817145297	0.168671364949	0.614631597478	0.00787989227537
-olu	0.0878592817056	0.202363235373	0.68341969841	0.0263577845117
-mpa	0.500486458357	0.285381360726	0.0931284928841	0.121003688033
-lfa	0.00745495961896	0.940360323048	0.0521847173328	0.0
-oli	0.18413316689	0.650309562038	0.0839891583245	0.0815681127469
-olo	0.255369971319	0.511433830796	0.0539652731903	0.179230924695
-sak	0.0491803278688	0.928069588491	0.00501840080295	0.0177316828371
-ibe	0.0	1.0	0.0	0.0
-sai	0.0	1.0	0.0	0.0
-mpu	0.78431372549	0.0392156862745	0.176470588235	0.0
-ole	0.497111180781	0.404504743497	0.0358647681193	0.0625193076021
-sam	0.0	1.0	0.0	0.0
-lon	0.0504656703487	0.83907299112	0.0162443144899	0.0942170240416
-loo	0.0	0.405762304922	0.108043217287	0.486194477791
-iel	0.0919917864476	0.895463879037	0.00313608362891	0.00940825088668
-loe	0.0769230769231	0.923076923077	0.0	0.0
-der	0.0036855036855	0.996314496314	0.0	0.0
-loa	0.0	0.993868792152	0.0	0.00613120784796
-pyu	0.14578208182	0.423249638799	0.366277480573	0.0646907988077
-oki	0.12782275245	0.512143161483	0.311461440136	0.048572645931
-ron	0.0168646991184	0.954388654657	0.0172479877347	0.0114986584898
-ahu	0.0121765601218	0.955859969559	0.0	0.0319634703196
-los	0.10188377247	0.835939423787	0.0258557005664	0.0363211031766
-ipi	0.277832609554	0.533655744177	0.0878405053297	0.10067114094
-ipo	0.063038910224	0.372871531048	0.463372219404	0.100717339323
-sar	0.0	1.0	0.0	0.0
-ipa	0.215995070856	0.707406038201	0.024842883549	0.0517560073938
-bwa	0.576728335559	0.243797562402	0.0486433755329	0.130830726507
-rde	0.0156573281887	0.921713359056	0.0548006486607	0.00782866409439
-oke	0.515439086661	0.24297894889	0.113203911556	0.128378052893
-ewe	0.134716923099	0.0564762399947	0.0307060262316	0.778100810674
-ewa	0.76904776371	0.0727305955186	0.0141790747347	0.144042566037
-ewo	0.0373831775701	0.96261682243	0.0	0.0
-ewi	0.06091176095	0.838462520751	0.0714255310093	0.0292001872898
-ipu	0.228571428571	0.184615384615	0.494505494506	0.0923076923077
-awi	0.20456397718	0.235533822331	0.525672371638	0.0342298288508
-awo	0.0768361751724	0.178084681251	0.107136412293	0.637942731283
-awa	0.0905853246173	0.161489691298	0.493644460744	0.25428052334
-mpi	0.121902952585	0.865036016781	0.0	0.013061030634
-awe	0.0741037594628	0.130112912194	0.0178375604123	0.777945767931
-awu	0.0776103781864	0.899655268607	0.0164628074941	0.00627154571205
-nge	0.227513865273	0.139067607832	0.065942408722	0.567476118173
-sti	0.0	1.0	0.0	0.0
-ste	0.171881712731	0.615279965631	0.0988113991122	0.114026922526
-sso	0.0542168674699	0.89156626506	0.0	0.0542168674698
-ssa	0.0	1.0	0.0	0.0
-sse	0.0	1.0	0.0	0.0
-eyi	0.117628361002	0.0884084502866	0.0365590621755	0.757404126536
-eyo	0.250334970969	0.656319785619	0.0442161679321	0.0491290754801
-eya	0.577800714087	0.342463402975	0.0213482183012	0.0583876646363
-eye	0.496636810372	0.209389049594	0.23193810337	0.062036036664
-lek	0.0	1.0	0.0	0.0
-lel	0.0	1.0	0.0	0.0
-ion	0.0747004933051	0.866102889359	0.0591966173361	0.0
-lea	0.0181336863005	0.94992278844	0.0210897860137	0.0108537392455
-sad	0.0	1.0	0.0	0.0
-mus	0.040070713023	0.889216263995	0.0	0.0707130229817
-ola	0.523306079499	0.227325264913	0.0683840202787	0.180984635309
-ios	0.0	1.0	0.0	0.0
-les	0.0	1.0	0.0	0.0
-iot	0.00556930693069	0.994430693069	0.0	0.0
-fta	0.0	1.0	0.0	0.0
-ifa	0.0344827586207	0.724137931034	0.0344827586207	0.206896551724
-rra	0.109523809524	0.87380952381	0.00952380952381	0.00714285714285
-alu	0.187285983452	0.59684418146	0.128027424366	0.0878424107228
-rro	0.0	1.0	0.0	0.0
-gio	0.1	0.866666666667	0.0333333333333	0.0
-alo	0.140494732346	0.671657408879	0.0468238752485	0.141023983527
-ndo	0.0899472749846	0.340964428052	0.0491151451668	0.519973151796
-ali	0.171260176012	0.164895780232	0.0704921610388	0.593351882718
-nda	0.167861409715	0.302957207619	0.0531893323824	0.475992050284
-ale	0.532426316147	0.116265505034	0.0332951167075	0.318013062111
-nde	0.277234990022	0.276426470723	0.0426008984422	0.403737640813
-gia	0.142857142857	0.765807962529	0.0843091334895	0.00702576112412
-ala	0.398766108784	0.15141162141	0.0575672130436	0.392255056763
-uve	0.876684636119	0.0340296495957	0.00505390835579	0.0842318059299
-uva	0.783204677223	0.104358663865	0.0355971938431	0.0768394650681
-uvo	0.139222136223	0.768188854489	0.0579527863778	0.0346362229102
-uvi	0.0410465341994	0.362799628268	0.0245149484072	0.571638889126
-uvu	0.907133766495	0.0554491258625	0.0103556835689	0.0270614240739
-gwa	0.281347053464	0.490996377013	0.0417665172646	0.185890052258
-gwe	0.0982257884497	0.137369092981	0.0174681890577	0.746936929512
-gwi	0.407925407925	0.27972027972	0.032634032634	0.27972027972
-ogu	0.356200527705	0.360158311346	0.142480211082	0.141160949868
-gwo	0.16379338459	0.44787527976	0.0257234643727	0.362607871278
-elu	0.113527383945	0.872476089267	0.0139965267878	0.0
-ogi	0.104660898688	0.566424783701	0.295422830031	0.0334914875802
-eli	0.0681971720398	0.83982326563	0.0430546925668	0.0489248697639
-iyi	0.387685290764	0.304446978335	0.307867730901	0.0
-elo	0.173770217615	0.678274335096	0.0814028787538	0.0665525685351
-ogo	0.393273083015	0.463290785428	0.0675020963384	0.0759340352185
-pes	0.0791139240506	0.862115732369	0.0542495479205	0.00452079566005
-oga	0.249655807139	0.615052450672	0.023159061241	0.112132680948
-ela	0.454607280018	0.257511847825	0.121893845109	0.165987027048
-iya	0.285707888476	0.475148895723	0.0313464680331	0.207796747768
-ele	0.387494022961	0.150527198449	0.0642343716075	0.397744406983
-isa	0.00823045267488	0.821673525377	0.0	0.170096021948
-itu	0.632047477745	0.252225519288	0.0178041543027	0.0979228486647
-ito	0.268489286209	0.376808559859	0.034438608429	0.320263545503
-eso	0.114652702149	0.811844351245	0.0256003274865	0.0479026191193
-iti	0.291544033217	0.363404792943	0.0524338494898	0.29261732435
-esa	0.0	1.0	0.0	0.0
-ite	0.537448575091	0.103753466911	0.0296434465878	0.32915451141
-ita	0.163743455217	0.492455537079	0.0276231964332	0.31617781127
-ute	0.436766623207	0.563233376793	0.0	0.0
-fan	0.340611353712	0.659388646288	0.0	0.0
-fas	0.0556597873671	0.923702313946	0.00187617260788	0.0187617260788
-uda	0.0485525588149	0.758218976182	0.111848724551	0.0813797404521
-fat	0.00828157349894	0.991718426501	0.0	0.0
-ezi	0.0759493670886	0.854430379747	0.0443037974683	0.0253164556962
-hum	0.0	1.0	0.0	0.0
-rim	0.0	1.0	0.0	0.0
-uto	0.302095459837	0.652003991352	0.00898054215866	0.0369200066522
-hwe	0.644846697514	0.212731987593	0.0682869781868	0.0741343367061
-pwa	0.242497344733	0.153078023521	0.139678470566	0.46474616118
-pwe	0.354501046755	0.268667131891	0.145847871598	0.230983949756
-lot	0.0102915951972	0.979416809605	0.0	0.0102915951973
-djo	0.113061245162	0.705565170342	0.117709078376	0.0636645061191
-dji	0.0725246740728	0.124694987893	0.657104634318	0.145675703717
-kob	0.00918490262999	0.980877333869	0.00210801043967	0.00782975306164
-dje	0.0412913065404	0.0683165138437	0.0168996234304	0.873492556185
-dja	0.4292007257	0.230195550735	0.119010798471	0.221592925094
-ael	0.105046563193	0.862945553092	0.0132446415373	0.0187632421779
-sor	0.0	1.0	0.0	0.0
-ori	0.0	1.0	0.0	0.0
-tuu	0.0526029821434	0.028226768213	0.118353827783	0.80081642186
-kos	0.0	1.0	0.0	0.0
-dju	0.753251445087	0.148302023121	0.0334176300578	0.0650289017341
-ora	0.175824175824	0.67032967033	0.0	0.153846153846
-ris	0.0	1.0	0.0	0.0
-min	0.0	1.0	0.0	0.0
-rus	0.0280509877234	0.931234445887	0.00477786642216	0.0359366999678
-omu	0.232327500979	0.0834675894251	0.0220086499484	0.662196259647
-lis	0.0485933503836	0.885763000853	0.00511508951405	0.0605285592498
-lim	0.0	1.0	0.0	0.0
-omi	0.113404801985	0.721360857624	0.138655089926	0.0265792504652
-lio	0.0	1.0	0.0	0.0
-omo	0.181825278372	0.548088662916	0.0586099238043	0.211476134907
-lii	0.565379634023	0.328699844838	0.0207737583833	0.085146762756
-oma	0.0700635224622	0.772519454597	0.132871188315	0.0245458346258
-lia	0.0327599056018	0.943764749721	0.0141597317103	0.00931561296733
-ome	0.0513698630137	0.948630136986	0.0	0.0
-eas	0.00719729043184	0.983911939035	0.0	0.00889077053345
-oda	0.0	0.969696969697	0.0	0.030303030303
-avi	0.287459814995	0.389212558661	0.212102922882	0.111224703462
-ode	0.10843373494	0.819277108434	0.0722891566265	0.0
-rna	0.0	1.0	0.0	0.0
-eam	0.016393442623	0.983606557377	0.0	0.0
-rni	0.0	1.0	0.0	0.0
-eho	0.10328886752	0.493465000562	0.0399824358991	0.363263696019
-res	0.0557275541796	0.842105263158	0.0278637770898	0.0743034055728
-lwe	0.189969566607	0.319181658523	0.141103265608	0.349745509262
-lwa	0.475684443137	0.324287550241	0.0964426077594	0.103585398863
-lwo	0.22810111699	0.517342739565	0.102880658436	0.151675485009
-ehe	0.0475974713804	0.150884646482	0.0241982047575	0.77731967738
-lwi	0.153998494871	0.562542084208	0.245197449202	0.0382619717194
-ipe	0.0526315789474	0.0662627792503	0.853843241197	0.0272624006058
-dus	0.0	1.0	0.0	0.0
-mes	0.0	0.975	0.025	0.0
-ape	0.160315155254	0.123875567918	0.229417554005	0.486391722822
-api	0.195854583562	0.626825506581	0.0482936380007	0.129026271856
-apo	0.150915007778	0.769839324586	0.0315114069594	0.0477342606771
-jwe	0.510113780025	0.414032869785	0.0379266750948	0.0379266750948
-jwa	0.719226030849	0.0857597900327	0.0755604340447	0.119453745074
-waa	0.161102554549	0.119361452433	0.0791370203372	0.640398972681
-apu	0.123303853462	0.63144713694	0.023418888198	0.2218301214
-pas	0.0201475085447	0.949631228638	0.0302212628171	0.0
-kee	0.0897927860538	0.0600508219732	0.00816806154482	0.841988330428
-kwa	0.195896512648	0.0628021198793	0.0284317182428	0.71286964923
-kea	0.00512557662739	0.969246540236	0.0179395181958	0.00768836494105
-kem	0.0	1.0	0.0	0.0
-sus	0.019257691961	0.744389557216	0.00447204542431	0.231880705399
-sem	0.0	1.0	0.0	0.0
-kes	0.0	1.0	0.0	0.0
-nus	0.136038877446	0.776744335736	0.0231719876416	0.0640447991761
-sua	0.0433789954338	0.922374429224	0.0	0.0342465753425
-uhe	0.0643990543218	0.13874497614	0.180022467214	0.616833502325
-dia	0.0576491140503	0.934489643125	0.00262041427502	0.00524082855005
-dii	0.390557939914	0.467811158798	0.0901287553648	0.0515021459228
-fes	0.211764705882	0.788235294118	0.0	0.0
-son	0.0347330222913	0.959046137895	0.00622083981338	0.0
-ina	0.245338687037	0.4611163842	0.0598685409859	0.233676387778
-tse	0.118314286106	0.214101103416	0.0112467552139	0.656337855264
-sli	0.0	1.0	0.0	0.0
-ska	0.0425531914894	0.957446808511	0.0	0.0
-iha	0.380036968577	0.305976586568	0.153049907579	0.160936537277
-uku	0.613265256681	0.218985956667	0.0624641648699	0.105284621783
-ovi	0.0462850182704	0.0763296792529	0.00121802679659	0.87616727568
-ihi	0.150943396226	0.292452830189	0.556603773585	0.0
-iho	0.321946342276	0.421929678387	0.213964339277	0.04215964006
-igu	0.163723035474	0.464401023747	0.246270146116	0.125605794663
-uka	0.316666573813	0.180063569139	0.115047792639	0.388222064409
-uke	0.233792958464	0.326710713231	0.0663408338872	0.373155494418
-afo	0.130080476779	0.72226389086	0.0198252620056	0.127830370355
-nna	0.0288777072851	0.931306059943	0.0157514767009	0.0240647560709
-uko	0.246044436846	0.599226587405	0.093510544297	0.0612184314516
-ngu	0.417578822518	0.405239168772	0.0705096192786	0.106672389431
-ais	0.146341463415	0.853658536585	0.0	0.0
-tis	0.0	0.990997749437	0.00900225056263	0.0
-kka	0.0714285714286	0.833333333333	0.047619047619	0.047619047619
-nga	0.144599343957	0.602794320603	0.0298633159427	0.222743019497
-mvo	0.0348078084982	0.862319344266	0.0388713929005	0.0640014543355
-tia	0.0384684738835	0.883993508445	0.0613091302518	0.0162288874196
-reu	0.0	1.0	0.0	0.0
-aim	0.0	1.0	0.0	0.0
-ngi	0.45498187037	0.260364640332	0.0177850476407	0.266868441658
-ain	0.0225903614458	0.963855421687	0.0090361445783	0.00451807228915
-tii	0.492254733219	0.265060240964	0.0877796901893	0.154905335628
-ngo	0.203807487877	0.504193365262	0.0776000264636	0.214399120398
-eme	0.0170562002489	0.867064813561	0.00596483373544	0.109914152455
-uwe	0.311490539917	0.653899400092	0.0276880479926	0.00692201199817
-ema	0.157242168245	0.65308107357	0.174024919804	0.0156518383811
-uwa	0.0296352849782	0.907592169741	0.00612690360643	0.0566456416748
-nwa	0.638707139676	0.182936146069	0.0804282769529	0.0979284373014
-uwo	0.0921101517179	0.80730438548	0.0458490787146	0.054736384088
-emo	0.448979591837	0.551020408163	0.0	0.0
-das	0.0721370604148	0.87933437167	0.00295106156242	0.045577506353
-nwe	0.554793128544	0.402563354379	0.0237987737671	0.0188447433094
-set	0.0588235294118	0.941176470588	0.0	0.0
-ana	0.367278991788	0.433322704913	0.0776881987256	0.121710104573
-dan	0.0145700071073	0.927860696517	0.00852878464818	0.0490405117271
-ser	0.0	1.0	0.0	0.0
-mwi	0.389719538505	0.170696932746	0.0791670574993	0.36041647125
-etu	0.058853955899	0.144935278136	0.0313779378136	0.764832828151
-000	0.0523237377118	0.122123956168	0.0	0.82555230612
-eta	0.645586569356	0.195383271147	0.0174243487813	0.141605810716
-rut	0.0566037735849	0.943396226415	0.0	0.0
-ete	0.841824070065	0.0609426110362	0.0211551793189	0.0760781395803
-eti	0.0599364189167	0.894043153524	0.0360106793899	0.0100097481694
-eto	0.125636672326	0.825127334465	0.00339558573854	0.0458404074703
-atu	0.111482658703	0.0737890645531	0.0873514037003	0.727376873044
-uyo	0.078566822434	0.0307412347729	0.0085097862542	0.882182156539
-bul	0.192035206454	0.783960392739	0.0120022004034	0.0120022004034
-uya	0.632924195614	0.0718634429809	0.0170001462675	0.278212215138
-uye	0.0816365366318	0.0499132478872	0.00333575866122	0.86511445682
-ate	0.0839243097804	0.841510799749	0.0124988527817	0.0620660376888
-mwa	0.324966346862	0.0706836962222	0.0318996582679	0.572450298648
-ata	0.434426761652	0.24037132902	0.204597560313	0.120604349015
-ato	0.105999439691	0.866076964411	0.015339606957	0.0125839889408
-wee	0.549295774648	0.338028169014	0.112676056338	0.0
-ati	0.0768866996732	0.52605104497	0.0413056390393	0.355756616318
-uli	0.133126654445	0.587907756463	0.0556777742103	0.223287814882
-osa	0.321796071094	0.579045837231	0.0991580916745	0.0
-ulo	0.210557151876	0.644353364019	0.0630361061527	0.0820533779526
-kaa	0.216226959851	0.0265707052744	0.0043935811871	0.752808753687
-ula	0.648569260594	0.177966580211	0.0601160864874	0.113348072708
-osi	0.0758388865955	0.139293507106	0.727428200743	0.0574394055552
-ule	0.178629296049	0.138030682338	0.162594629542	0.520745392071
-nia	0.0546235962845	0.901150700125	0.0286981838347	0.015527519756
-kas	0.0149006622516	0.965231788079	0.0	0.0198675496689
-kar	0.0	1.0	0.0	0.0
-nii	0.484711416682	0.437126831916	0.033291116338	0.0448706350642
-kau	0.261175496689	0.506622516556	0.064155629139	0.168046357616
-ulu	0.13218529844	0.501869008762	0.125644870389	0.240300822409
-aja	0.0155467265504	0.974434271895	0.0	0.0100190015547
-rug	0.0	1.0	0.0	0.0
-shi	0.344650896994	0.0713152575739	0.0236705625277	0.560363282904
-sho	0.162107201263	0.0547866731611	0.0178934571061	0.765212668469
-sha	0.329943544337	0.19507550404	0.0319871809712	0.442993770652
-fia	0.0	1.0	0.0	0.0
-she	0.135552497143	0.0751358790734	0.0200611164245	0.76925050736
-vii	0.790540540541	0.189189189189	0.0	0.0202702702703
-vid	0.0257907968631	0.952045627947	0.0049030030894	0.0172605721004
-ile	0.619416032183	0.150151952886	0.0405742088636	0.189857806068
-ila	0.32149370774	0.448096858044	0.113613835587	0.116795598629
-ilo	0.170327080055	0.658574575829	0.0901263170348	0.0809720270809
-ili	0.147717896722	0.566520973149	0.163369141975	0.122391988154
-iga	0.3991254412	0.526525226406	0.0215385252619	0.0528108071326
-ige	0.757763975155	0.130434782609	0.055900621118	0.055900621118
-bus	0.0	1.0	0.0	0.0
-igi	0.913327942366	0.0251415129016	0.00529295008454	0.0562375946482
-amu	0.2070091111	0.0734619478689	0.0273642470267	0.692164694005
-kwo	0.391733497841	0.280074028378	0.155459592844	0.172732880938
-kwi	0.238088390375	0.0287364586329	0.0123669830313	0.720808167961
-amo	0.105650867006	0.618461179649	0.143045318514	0.132842634831
-ama	0.532727929356	0.297092685867	0.0371827167473	0.13299666803
-ame	0.210289675158	0.0536568053709	0.0143657673447	0.721687752126
-ban	0.257894736842	0.484210526316	0.221052631579	0.0368421052632
-usi	0.0594657479082	0.230703834623	0.547496532283	0.162333885185
-iro	0.0549597508261	0.881625152067	0.0289897586775	0.0344253384295
-gus	0.0	1.0	0.0	0.0
-ire	0.0162866449512	0.777415852334	0.206297502714	0.0
-usa	0.432675159353	0.365630603155	0.0831234117675	0.118570825724
-ira	0.0470291429864	0.898263486601	0.0201553469942	0.0345520234186
-ppi	0.0273571079628	0.939423546654	0.0107474352711	0.0224719101124
-uza	0.0423514182801	0.0656024876182	0.0193747185952	0.872671375507
-epe	0.17322981411	0.238255514693	0.560161587486	0.0283530837115
-epa	0.277093764292	0.637973736258	0.0384868948559	0.0464456045947
-epo	0.0610050764213	0.790653274398	0.081185935014	0.0671557141666
-ges	0.0588235294118	0.901960784314	0.0392156862745	0.0
-iza	0.218181818182	0.618181818182	0.0272727272727	0.136363636364
-pia	0.00773195876289	0.814432989691	0.177835051546	0.0
-oas	0.0120192307692	0.987980769231	0.0	0.0
-pii	0.841884816754	0.14554973822	0.0	0.0125654450262
-ius	0.0347100636181	0.945966808182	0.00805130341657	0.0112718247832
-ium	0.0540872771973	0.80700676091	0.103257529195	0.0356484326983
-iud	0.0	1.0	0.0	0.0
-uel	0.00869565217391	0.965217391304	0.00869565217393	0.0173913043478
-owi	0.399207746479	0.150528169014	0.0396126760564	0.410651408451
-owo	0.414309835374	0.341124947235	0.13534191642	0.109223300971
-uri	0.0	0.269398793426	0.730601206574	0.0
-owa	0.359868563068	0.0402945338546	0.0185882522246	0.581248650853
-owe	0.650136752903	0.161248860392	0.0334783063564	0.155136080348
-sda	0.0	1.0	0.0	0.0
-agu	0.361275631012	0.26519434187	0.0988082265511	0.274721800567
-tsu	0.615793913439	0.115177470638	0.017130620985	0.251897994939
-uho	0.428455614106	0.435346574787	0.0340494527766	0.10214835833
-agi	0.197238658777	0.721468074409	0.0325637158216	0.048729550992
-tsi	0.182118205413	0.75907810737	0.0258290788144	0.0329746084026
-ago	0.538061484709	0.268809863256	0.158551033112	0.0345776189233
-tso	0.124060150376	0.853383458647	0.0225563909774	0.0
-uhi	0.0983050847458	0.0203389830508	0.813559322034	0.0677966101695
-aga	0.54556771164	0.262118110644	0.027741396468	0.164572781248
-tsa	0.205072347806	0.273698229892	0.316466804669	0.204762617633
-age	0.494472599464	0.286505833732	0.0616209767134	0.157400590091
-uha	0.359534719774	0.280930560451	0.296087416285	0.0634473034896
-ege	0.933333333333	0.0222222222222	0.0	0.0444444444445
-one	0.357611751079	0.0410558416922	0.00974173003374	0.591590677195
-rta	0.0117474302496	0.969162995595	0.0	0.0190895741557
-anu	0.0681010289991	0.565201122544	0.314312441534	0.0523854069224
-ega	0.22629524519	0.630318181634	0.11158598665	0.0318005865261
-ona	0.338464411141	0.435507173511	0.111716738611	0.114311676737
-ego	0.00544666875557	0.951282573909	0.0432707573359	0.0
-ono	0.804057872231	0.0983867570307	0.0178931751473	0.0796621955906
-ehi	0.822995517268	0.128877978779	0.0103358934665	0.0377906104868
-oni	0.114540096955	0.338186369253	0.485567630937	0.0617059028548
-dam	0.0214368836896	0.917192380719	0.0215593801678	0.0398113554235
-egu	0.0502092050209	0.510460251046	0.426778242678	0.0125523012552
-and	0.325379609544	0.41431670282	0.130151843818	0.130151843818
-ane	0.164593619431	0.145259130904	0.0896718950424	0.600475354622
-tha	0.589652035843	0.190933408414	0.0573887379007	0.162025817842
-rge	0.0140515222482	0.957845433255	0.0140515222482	0.0140515222482
-tho	0.216699534582	0.682357846126	0.0508553680039	0.0500872512874
-ani	0.159511987008	0.569383146362	0.0705604462214	0.200544420409
-mwe	0.0613057106208	0.115512075232	0.0433318703473	0.7798503438
-daa	0.304520425151	0.0604430784991	0.0760660776027	0.558970418748
-dab	0.0	1.0	0.0	0.0
-ano	0.148996675584	0.26808253512	0.0385624805007	0.544358308795
-tam	0.0	1.0	0.0	0.0
-tan	0.0	1.0	0.0	0.0
-taa	0.157392719609	0.0675922975178	0.0117593155216	0.763255667351
-tau	0.305574370337	0.269295355422	0.0722157109743	0.352914563267
-eha	0.0929180282526	0.50779280336	0.0228063425049	0.376482825882
-tar	0.0	0.958960328317	0.0410396716826	0.0
-tas	0.0	1.0	0.0	0.0
-mia	0.00918836140887	0.963246554364	0.00918836140889	0.0183767228178
-tus	0.0321831114091	0.909325382952	0.0103979798638	0.048093525775
-mii	0.324990661188	0.675009338812	0.0	0.0
-ens	0.0882352941177	0.911764705882	0.0	0.0
-mis	0.00687285223367	0.993127147766	0.0	0.0
-eno	0.160774915119	0.445727515221	0.0631906741605	0.3303068955
-eni	0.299323203173	0.223580725094	0.0568210705048	0.420275001228
-ene	0.194182022713	0.131766590992	0.286200275086	0.387851111209
-ena	0.16934473106	0.137341448372	0.0364904482293	0.656823372339
-oel	0.0	1.0	0.0	0.0
