-üad	0.737253508616	0.108189731746	0.0213181737431	0.133238585894
-vea	0.0112329499866	0.0205937416422	0.00481412142284	0.963359186948
-het	0.209214143521	0.289506114324	0.425632761399	0.0756469807566
-eus	0.0	1.0	0.0	0.0
-hel	0.0968229954614	0.858295511851	0.0403429147756	0.00453857791226
-hem	0.0962728995578	0.654074542009	0.179911560328	0.0697409981049
-hen	0.114351760771	0.358007082432	0.383434979343	0.144206177454
-hei	0.0	1.0	0.0	0.0
-rbe	0.0204081632653	0.979591836735	0.0	0.0
-hnt	0.548557692308	0.300240384615	0.0661057692307	0.0850961538461
-hed	0.575342465753	0.424657534247	0.0	0.0
-hee	0.0208450857147	0.113758724299	0.000805456094677	0.864590733891
-hea	0.677168569026	0.200585066447	0.0207074079584	0.101538956568
-lem	0.0173503986315	0.665454989767	0.020343953325	0.296850658277
-uft	0.229103436338	0.440176702416	0.0860348094586	0.244685051787
-aup	0.236470588235	0.654117647059	0.0811764705882	0.0282352941176
-aus	0.0737343378864	0.0170838409201	0.00381928887265	0.905362532321
-aut	0.0432677618897	0.0739000716897	0.00291184930119	0.879920317119
-ltj	0.00672473985696	0.984333796563	0.00154560553164	0.00739585804833
-nst	0.266598486612	0.458784633134	0.10612579819	0.168491082064
-nss	0.11583659765	0.752098489088	0.11695579183	0.0151091214326
-aua	0.24	0.1	0.04	0.62
-ufe	0.579058327477	0.372374482705	0.0318575778871	0.016709611931
-aub	0.937823834197	0.0362694300518	0.00518134715026	0.020725388601
-aud	0.821079875674	0.0210752539083	0.00693264931194	0.150912221105
-auf	0.114293728961	0.209683954619	0.00925695050493	0.666765365914
-nse	0.0129156147345	0.0254315764848	0.222246049771	0.739406759009
-ple	0.795918367347	0.0816326530612	0.0408163265306	0.0816326530612
-aum	0.0503644758343	0.325159133711	0.0257446872594	0.598731703196
-aul	0.206387591045	0.196206638334	0.0227548197073	0.574650950914
-jre	0.419313193906	0.177898270075	0.35579654015	0.0469919958688
-aun	0.077772717526	0.302872758993	0.0330994184769	0.586255105004
-läj	0.507246376812	0.444444444444	0.0289855072464	0.0193236714976
-ntj	0.852454857865	0.0904884827329	0.0101180922721	0.0469385671301
-uad	0.87343707613	0.112555180152	0.000295938247551	0.0137118054699
-uag	0.271739815087	0.654321992591	0.0261836167308	0.0477545755919
-pus	0.0	1.0	0.0	0.0
-nta	0.120492925605	0.84390689183	0.0301232314012	0.00547695116385
-uah	0.369692532943	0.544655929722	0.0263543191801	0.0592972181552
-läa	0.00836120401338	0.968227424749	0.0207357859532	0.00267558528428
-üda	0.141025641026	0.025641025641	0.0897435897436	0.74358974359
-nte	0.368732280275	0.475010125557	0.105872823005	0.0503847711624
-kia	0.0	1.0	0.0	0.0
-läd	0.849182313749	0.0935363848749	0.00622999048196	0.0510513108938
-les	0.0234038290378	0.501080936002	0.00614497521218	0.469370259748
-dus	0.0836236933797	0.790940766551	0.0418118466899	0.0836236933798
-uat	0.0763751491339	0.842051188511	0.0139669327655	0.0676067295898
-säd	0.989730126789	0.00466051311492	0.0	0.0056093600964
-trü	0.149237472767	0.407679738562	0.402777777778	0.0403050108933
-tzt	0.273262661955	0.47703180212	0.219081272085	0.0306242638398
-läw	0.791370835609	0.152921900601	0.0393227744402	0.0163844893501
-pre	0.824561403509	0.105263157895	0.0350877192982	0.0350877192982
-opt	0.887784304865	0.050308781443	0.00451875282422	0.0573881608676
-das	0.0183661756266	0.971302850584	0.00229577195332	0.00803520183662
-duw	0.969230769231	0.0307692307692	0.0	0.0
-opp	0.0681385607062	0.0943567373437	0.00578070821875	0.831723993731
-sis	0.0	1.0	0.0	0.0
-äse	0.777775134981	0.0896225293153	0.0338938705611	0.0987084651429
-fde	0.438596491228	0.350877192982	0.105263157895	0.105263157895
-üst	0.574074074074	0.203703703704	0.0833333333333	0.138888888889
-tje	0.428566040202	0.39851500653	0.106834294281	0.0660846589862
-ope	0.772237556762	0.116730478141	0.024485798237	0.0865461668596
-dla	0.119776417354	0.837902581847	0.028746340165	0.0135746606335
-dan	0.0968289015804	0.0571817140938	0.00529969944372	0.840689684882
-dea	0.0384615384615	0.961538461538	0.0	0.0
-laj	0.644366563725	0.225510947639	0.0510080155453	0.0791144730906
-dee	0.0442063232145	0.0419647906935	0.00212688933861	0.911701996753
-dek	0.0	1.0	0.0	0.0
-del	0.1406033659	0.685056260847	0.143918563154	0.0304218100977
-dem	0.272447955857	0.338945322297	0.322297466767	0.066309255079
-den	0.162139643699	0.258549783152	0.502116984061	0.0771935890881
-hra	0.0374647509064	0.929770377333	0.01329394387	0.0194709278904
-des	0.0189833609698	0.670364228944	0.292012121905	0.0186402881811
-det	0.264141074497	0.194425764029	0.47975042965	0.0616827318239
-aka	0.0351160443996	0.685166498486	0.275479313824	0.00423814328961
-mst	0.63691026827	0.151248843663	0.0582793709529	0.153561517114
-oke	0.163106796117	0.836893203883	0.0	0.0
-rwe	0.727505853495	0.0479429144832	0.208161444977	0.0163897870443
-sit	0.58024691358	0.0246913580247	0.296296296296	0.0987654320988
-ut'	0.111111111111	0.722222222222	0.166666666667	0.0
-enn	0.0590381673512	0.0230337645753	0.00430748474601	0.913620583327
-lla	0.089567259309	0.494800402549	0.314659510231	0.10097282791
-ech	0.0	1.0	0.0	0.0
-idj	0.465571205008	0.102112676056	0.00234741784038	0.429968701095
-lle	0.43523669278	0.188846085881	0.0626290471422	0.313288174196
-lld	0.843598055105	0.127228525121	0.0218800648298	0.00729335494327
-rpa	0.0422619047619	0.940079365079	0.0125	0.00515873015872
-hre	0.551372406687	0.35165324456	0.0335742734527	0.0634000753
-fze	0.621739130435	0.282608695652	0.0608695652173	0.0347826086956
-ide	0.363383156387	0.51624088723	0.0718308985627	0.0485450578199
-obd	0.652908067542	0.347091932458	0.0	0.0
-ida	0.109024929	0.678920795204	0.165667402966	0.0463868728306
-its	0.175591401596	0.619551963209	0.13657109013	0.068285545065
-äch	0.035294117647	0.929411764706	0.0	0.0352941176471
-bie	0.0976261783683	0.0477578340134	0.0219794576993	0.832636529919
-llt	0.717660646787	0.129888235569	0.0974730505389	0.0549780671053
-obs	0.0	1.0	0.0	0.0
-tla	0.0632911392405	0.936708860759	0.0	0.0
-fzt	0.548872180451	0.22305764411	0.0676691729323	0.160401002506
-jus	0.020202020202	0.979797979798	0.0	0.0
-rat	0.874449339207	0.0794645882752	0.00965774313792	0.0364283293799
-tle	0.13145893173	0.788868988433	0.0796720798365	0.0
-eem	0.855120732723	0.0775837487026	0.00787015386721	0.0594253647075
-hle	0.425401006023	0.497528118996	0.0385354374906	0.0385354374906
-rie	0.0683781618521	0.68142920564	0.199980609178	0.0502120233302
-tet	0.232696703269	0.112221755189	0.170855956126	0.484225585415
-eje	0.455598229206	0.483450115805	0.0480225160515	0.0129291389369
-hla	0.0743190085122	0.879860249397	0.0402328467134	0.00558789537686
-ute	0.535032565029	0.216893561866	0.122402647066	0.125671226039
-rin	0.121037463977	0.656484149856	0.175216138328	0.0472622478386
-ril	0.0	1.0	0.0	0.0
-ües	0.0256651754179	0.934306569343	0.0277843183424	0.0122439368966
-uts	0.0861367526163	0.850733705564	0.0505036334558	0.012625908364
-rit	0.65243902439	0.182926829268	0.0182926829268	0.146341463415
-hlt	0.76653470381	0.164820397341	0.0533904768823	0.0152544219664
-ejt	0.79915209327	0.153153153153	0.0254372019078	0.0222575516693
-ris	0.0	1.0	0.0	0.0
-utt	0.183606557377	0.616393442623	0.186885245902	0.0131147540984
-äjt	0.308823529412	0.273529411765	0.326470588235	0.0911764705882
-utz	0.0623741466529	0.850694956043	0.0500957713275	0.0368351259761
-eei	0.666666666667	0.254901960784	0.0392156862745	0.0392156862745
-tel	0.0215046231437	0.936887083217	0.0294200056038	0.0121882880359
-tem	0.120115128958	0.0808023264211	0.0757974338606	0.72328511076
-ten	0.0983539215398	0.327249787272	0.484874270121	0.0895220210675
-eeh	0.60422074258	0.162848436971	0.0762893578603	0.156641462589
-jin	0.0282685512367	0.971731448763	0.0	0.0
-are	0.497992229556	0.067845646386	0.0152515304892	0.418910593569
-nze	0.0781671159029	0.838274932615	0.0161725067385	0.0673854447439
-pas	0.0141342756184	0.985865724382	0.0	0.0
-ara	0.106427312069	0.453277768873	0.168777047604	0.271517871454
-mes	0.0529739776952	0.894981412639	0.0162639405204	0.035780669145
-arl	0.0	0.783505154639	0.216494845361	0.0
-arm	0.191076294278	0.777247956403	0.016348773842	0.0153269754768
-arn	0.0253718285214	0.930883639545	0.00699912510936	0.0367454068242
-jie	0.0289971303324	0.0225445814412	0.0111767354275	0.937281552799
-lut	0.0407055630936	0.959294436906	0.0	0.0
-ild	0.180506523407	0.727398311589	0.0442056792019	0.0478894858019
-jia	0.0867768595041	0.822314049587	0.0826446280991	0.00826446280991
-üje	0.608695652174	0.208695652174	0.0695652173913	0.113043478261
-üjd	0.467532467532	0.363636363636	0.116883116883	0.0519480519481
-arw	0.0258620689655	0.948275862069	0.0258620689655	0.0
-mea	0.0449776765208	0.046392415529	0.26604442648	0.642585481471
-nat	0.00379362670713	0.967374810319	0.0257966616085	0.00303490136571
-arr	0.00692693826664	0.973837487008	0.000426273124101	0.0188093016009
-eed	0.50006424258	0.200378447198	0.253279291696	0.0462780185252
-mel	0.00871638346014	0.975657904727	0.00914157289721	0.00648413891546
-jit	0.345744680851	0.579454787234	0.029920212766	0.0448803191489
-men	0.108109120887	0.218129356217	0.150640785431	0.523120737465
-mei	0.0	1.0	0.0	0.0
-dst	0.522388059701	0.248236092266	0.0455902306649	0.183785617368
-erm	0.502538071066	0.253807106599	0.0609137055838	0.182741116751
-ins	0.109422492401	0.799392097265	0.0	0.0911854103343
-iwe	0.24375	0.675	0.05	0.03125
-wja	0.235655737705	0.252049180328	0.473360655738	0.0389344262295
-wat	0.725260416667	0.0859375	0.0520833333333	0.13671875
-wje	0.221887910904	0.349021016706	0.320370037722	0.108721034669
-wle	0.763157894737	0.210526315789	0.0263157894737	0.0
-tjs	0.400100443626	0.549677743367	0.040177450406	0.0100443626015
-rad	0.847506764592	0.0823347506764	0.0133359103208	0.0568225744105
-bte	0.194444444444	0.166666666667	0.472222222222	0.166666666667
-ljt	0.847320525784	0.0849342770475	0.0111223458038	0.056622851365
-ubt	0.302659349937	0.153018151119	0.437948501477	0.106373997467
-all	0.0943396226415	0.830188679245	0.00820344544709	0.0672682526661
-dab	0.0	1.0	0.0	0.0
-ken	0.0943277310925	0.220588235294	0.115336134454	0.56974789916
-ubd	0.78527607362	0.196319018405	0.0	0.0184049079755
-ube	0.613953488372	0.386046511628	0.0	0.0
-üat	0.602209944751	0.232044198895	0.0939226519337	0.0718232044199
-ufa	0.0814441645676	0.913518052057	0.00503778337534	0.0
-ijd	0.749595625048	0.161408875343	0.0390840769798	0.0499114226296
-ota	0.0323350119269	0.847071296051	0.111847336337	0.00874635568513
-ija	0.0748898678414	0.63436123348	0.237885462555	0.0528634361233
-ums	0.015503875969	0.93669250646	0.0452196382429	0.00258397932817
-ume	0.450182305231	0.267430612397	0.158493935561	0.123893146812
-nda	0.0830396774659	0.178182779619	0.082536067562	0.656241475353
-ots	0.195382823255	0.612411309965	0.130255215503	0.0619506512761
-ott	0.021375786717	0.810261868573	0.00876677834976	0.15959556636
-ijs	0.0366972477063	0.756880733945	0.206422018349	0.0
-otz	0.358208955224	0.238805970149	0.15223880597	0.250746268657
-jra	0.089552238806	0.298507462687	0.582089552239	0.0298507462686
-lme	0.0823529411764	0.858823529412	0.0	0.0588235294118
-etj	0.0323689181487	0.0220214338249	0.00214795286328	0.943461695163
ALL	0.218709426133	0.258805242586	0.0484355496127	0.474049781669
-nai	0.0	1.0	0.0	0.0
-nan	0.287721123829	0.712278876171	0.0	0.0
-äje	0.528435998516	0.276699992236	0.0757373174498	0.119126691797
-äjd	0.68071654373	0.0832455216017	0.0737618545838	0.162276080084
-ake	0.574239025672	0.218718235352	0.079650198248	0.127392540728
-äja	0.11170212766	0.457446808511	0.43085106383	0.0
-gde	0.714100905563	0.173350582147	0.0271668822768	0.0853816300129
-kim	0.0	1.0	0.0	0.0
-nsa	0.0444881217892	0.25235239771	0.131981427975	0.571178052527
-kis	0.0	0.957446808511	0.0425531914894	0.0
-üwe	0.0758196721311	0.829918032787	0.0245901639344	0.0696721311476
-sin	0.0	1.0	0.0	0.0
-eba	0.0191605839416	0.969890510949	0.0109489051095	0.0
-nas	0.0748321074512	0.83498560921	0.0518068436201	0.0383754397186
-sia	0.0	1.0	0.0	0.0
-akt	0.704991730976	0.111817584002	0.0827851768964	0.100405508126
-aks	0.0	1.0	0.0	0.0
-ebb	0.100463678516	0.899536321484	0.0	0.0
-sie	0.882978598788	0.0410783829288	0.00306840477911	0.0728746135039
-nau	0.267096774193	0.131612903226	0.0296774193548	0.571612903226
-jch	0.143469555863	0.1316439158	0.0664917521318	0.658394776206
-goh	0.72272398438	0.233547080984	0.00208854613187	0.041640388504
-mos	0.00977198697068	0.980456026059	0.0	0.00977198697067
-mor	0.0	0.957446808511	0.0425531914894	0.0
-gon	0.0	1.0	0.0	0.0
-goa	0.239393939394	0.189696969697	0.0436363636364	0.527272727273
-wua	0.0630994317451	0.129670103623	0.00786814430073	0.799362320331
-gog	0.0153747597694	0.973094170404	0.00256245996156	0.00896860986547
-ale	0.521448754174	0.367582840997	0.0786026200874	0.0323657847418
-moa	0.202133632791	0.676586187535	0.0808534531162	0.0404267265581
-mon	0.00407539480387	0.983698420785	0.00815078960775	0.00407539480388
-lip	0.0	0.99740764744	0.0	0.00259235255995
-mol	0.0900490689462	0.41646232552	0.0416135848918	0.451875020642
-gow	0.126498824868	0.796677304083	0.0544659392122	0.0223579318371
-äss	0.166926864417	0.8071334214	0.0144109523237	0.011528761859
-jle	0.600096015362	0.319251080173	0.0633701392223	0.0172827652424
-atz	0.00318296133291	0.991865765483	0.00106098711097	0.00389028607356
-lpt	0.761173184358	0.238826815642	0.0	0.0
-pur	0.0349829351536	0.220136518771	0.73976109215	0.00511945392491
-ber	0.0	1.0	0.0	0.0
-oft	0.108485017441	0.856276900273	0.0252939056646	0.00994417662217
-fua	0.626998223801	0.229129662522	0.0106571936057	0.133214920071
-bet	0.00451467268622	0.995485327314	0.0	0.0
-tze	0.176803199559	0.679630395807	0.12329333885	0.020273065784
-lpe	0.649755229195	0.255451713396	0.045393858478	0.0493991989319
-ben	0.0467445742905	0.943238731219	0.0100166944908	0.0
-lpa	0.152542372881	0.830508474576	0.0169491525424	0.0
-rle	0.0111111111111	0.936111111111	0.0472222222222	0.00555555555556
-ofe	0.631395348837	0.277906976744	0.0313953488372	0.0593023255813
-uak	0.438373040571	0.493227418848	0.0438886357949	0.024510904786
-bed	0.239316239316	0.760683760684	0.0	0.0
-ofa	0.044776119403	0.149253731343	0.761194029851	0.044776119403
-ähn	0.372881355932	0.508474576271	0.0	0.118644067797
-ept	0.813782271522	0.137626386571	0.0382840875626	0.0103072543438
-upt	0.0933277377357	0.774037077341	0.0109797338512	0.121655451072
-rei	0.522101217169	0.126201153107	0.257527226137	0.0941704035875
-ren	0.0735669134352	0.290553245857	0.232807340206	0.403072500502
-upp	0.158653846154	0.763461538462	0.0663461538461	0.0115384615385
-rem	0.06193013477	0.142008931927	0.0388843398562	0.757176593447
-tza	0.0542635658914	0.891472868217	0.0542635658915	0.0
-ise	0.0872729534711	0.180704155262	0.0559218711122	0.676101020154
-isd	0.546783275428	0.29094285372	0.00377381095006	0.158500059902
-üpe	0.0765259641664	0.770422107501	0.153051928333	0.0
-isa	0.0389225063439	0.278781963693	0.0139371462034	0.66835838376
-ree	0.00861045130641	0.0109857482185	0.0160332541568	0.964370546318
-ama	0.0649145028499	0.761716276124	0.15911969601	0.0142495250158
-upe	0.0729166666667	0.885416666667	0.0	0.0416666666667
-upa	0.138390568939	0.677088672476	0.153767298821	0.0307534597642
-res	0.0239361702128	0.904255319149	0.0518617021276	0.0199468085106
-ist	0.0897137735639	0.87501943269	0.00843000113661	0.0268367926092
-iss	0.172695258293	0.696763804886	0.0578247322808	0.0727162045401
-evi	0.0178571428571	0.982142857143	0.0	0.0
-ret	0.0657848542623	0.36714824658	0.152454944336	0.414611954822
-dia	0.0608365019012	0.874524714829	0.0152091254753	0.0494296577946
-haa	0.0943396226415	0.566037735849	0.0	0.339622641509
-hab	0.169243287225	0.694060211554	0.0618388934092	0.0748576078113
-äus	0.00375512061902	0.986117432863	0.000682749203461	0.00944469731452
-had	0.804248861912	0.113808801214	0.0637329286798	0.0182094081942
-ebt	0.292753623188	0.134782608696	0.511594202899	0.0608695652174
-mas	0.00598086124402	0.994019138756	0.0	0.0
-mar	0.0	1.0	0.0	0.0
-hal	0.0502733112557	0.892271475881	0.0502733112556	0.00718190160795
-ünt	0.0489434786993	0.0231041887513	0.000515043914987	0.927437288634
-han	0.337196823353	0.148824855119	0.026400515132	0.487577806396
-fäl	0.347954049179	0.440805088769	0.051979493022	0.159261369031
-har	0.0	1.0	0.0	0.0
-has	0.0	0.981399468556	0.0132860938884	0.00531443755536
-hat	0.558874013045	0.215242018538	0.183316168898	0.0425677995194
-hau	0.262886597938	0.463917525773	0.0773195876289	0.19587628866
-jud	0.00446428571429	0.936383928571	0.0535714285714	0.00558035714286
-man	0.209731543624	0.609060402685	0.010067114094	0.171140939597
-dre	0.06845374463	0.335099511143	0.287646975736	0.308799768491
-üne	0.026559830798	0.00805336370292	0.0070771984056	0.958309607093
-pua	0.207547169811	0.792452830189	0.0	0.0
-nkt	0.289845840234	0.653968658428	0.0419161676647	0.0142693336731
-rät	0.893129770992	0.0541290770299	0.0145732130465	0.0381679389313
-räw	0.826979472141	0.123167155425	0.0234604105571	0.0263929618768
-unj	0.0	1.0	0.0	0.0
-unk	0.538864522417	0.382066276803	0.0478801169591	0.0311890838207
-und	0.293056231838	0.61067606098	0.0459873775541	0.0502803296281
-une	0.115730437105	0.1184011395	0.0120181607763	0.753850262619
-ung	0.266361966918	0.641212632182	0.0587952185578	0.033630182342
-una	0.06132879046	0.674048835889	0.0289608177172	0.235661555934
-räd	0.534699653423	0.385503735594	0.0247280751196	0.0550685358629
-pte	0.53891029169	0.409906439185	0.00627407815079	0.0449091909741
-sje	0.215338744409	0.580917674342	0.161504058307	0.0422395229418
-räa	0.0145423438837	0.973481608212	0.00855431993157	0.00342172797262
-nka	0.42700729927	0.551094890511	0.0109489051095	0.0109489051095
-pta	0.022792022792	0.669515669516	0.307692307692	0.0
-unt	0.278123412167	0.58671349331	0.0539237763099	0.0812393182133
-hs'	0.0597014925373	0.721393034826	0.218905472637	0.0
-wne	0.476763258611	0.250410060142	0.171131765992	0.101694915254
-uns	0.117443554261	0.174071376548	0.142024763292	0.566460305899
-tre	0.25469249833	0.437262452913	0.253881052696	0.0541639960606
-ia'	0.369565217391	0.630434782609	0.0	0.0
-ade	0.546364293311	0.370820209781	0.0560398365987	0.0267756603095
-tra	0.0342808170262	0.675760605628	0.219968575918	0.0699900014284
-ada	0.046423545375	0.194190094843	0.0401101999092	0.719276159872
-ein	0.23447039072	0.056394993895	0.643887362637	0.0652472527472
-iko	0.0059880239521	0.994011976048	0.0	0.0
-gat	0.0890410958904	0.36301369863	0.54794520548	0.0
-wäl	0.941176470588	0.0196078431373	0.0	0.0392156862745
-ads	0.205128205128	0.794871794872	0.0	0.0
-sne	0.312925170068	0.47619047619	0.210884353741	0.0
-wäa	0.0518534145554	0.222253410495	0.00294462692827	0.722948548022
-wäd	0.0393013100437	0.947598253275	0.0131004366813	0.0
-usa	0.294964028777	0.705035971223	0.0	0.0
-oht	0.643869801734	0.207304252768	0.0196540174787	0.129171928019
-sen	0.109016919581	0.285769163092	0.301375227077	0.303838690251
-inj	0.259180293541	0.683603491272	0.0310649901963	0.0261512249909
-sel	0.155197765943	0.766461960484	0.0378109206836	0.0405293528896
-ate	0.157919834435	0.760613930247	0.0209920486513	0.060474186667
-bel	0.129443585781	0.627125193199	0.177357032457	0.0660741885626
-sei	0.392156862745	0.372549019608	0.0392156862745	0.196078431373
-ohs	0.05	0.9	0.0	0.05
-fla	0.209677419355	0.225806451613	0.241935483871	0.322580645161
-sef	0.0584192439863	0.933562428408	0.00114547537228	0.00687285223369
-see	0.025355469225	0.0557813411513	0.000725700846671	0.918137488777
-ng'	0.133858267717	0.866141732283	0.0	0.0
-ind	0.0584966721622	0.77303535446	0.063747939183	0.104720034194
-ine	0.0897119341564	0.124828532236	0.606035665295	0.179423868313
-sea	0.126078222852	0.106345267636	0.142266335815	0.625310173697
-ing	0.0567567567568	0.943243243243	0.0	0.0
-ohd	0.2156133829	0.732342007435	0.0446096654275	0.00743494423793
-off	0.160668678895	0.80798699791	0.0208962154632	0.0104481077316
-oha	0.0	0.977324263039	0.0	0.0226757369614
-ohl	0.138798397316	0.532969428954	0.039592557061	0.288639616669
-ohm	0.942920869874	0.0134840573833	0.00942870177929	0.0341663709636
-ohn	0.575602629657	0.371439006574	0.0343316289262	0.018626734843
-kna	0.221402214022	0.343173431734	0.435424354244	0.0
-int	0.0239721773693	0.786548254875	0.180536579307	0.00894298844864
-ser	0.0	1.0	0.0	0.0
-kne	0.324197042479	0.390411604031	0.228878214185	0.0565131393049
-ooa	0.0824468085106	0.893617021277	0.0	0.0239361702128
-lat	0.738811188811	0.168881118881	0.00944055944056	0.0828671328672
-äns	0.019437317911	0.961125364178	0.00704439709527	0.0123929208158
-eda	0.0301693386639	0.794039157883	0.0477022170173	0.128089286435
-kus	0.0105332455563	0.984858459513	0.00460829493087	0.0
-ood	0.136979166667	0.7890625	0.0291666666667	0.0447916666667
-edd	0.585291717881	0.264901056495	0.0121862820284	0.137620943596
-oof	0.576923076923	0.356456043956	0.0343406593406	0.0322802197802
-ble	0.0796460176991	0.766118836915	0.1201011378	0.0341340075853
-ial	0.0725806451613	0.903225806452	0.0241935483871	0.0
-net	0.244145545741	0.226670219649	0.333975648066	0.195208586545
-ian	0.0	0.913043478261	0.0869565217391	0.0
-ner	0.0555555555556	0.944444444444	0.0	0.0
-nes	0.211902304782	0.573443412453	0.0815273477812	0.133126934985
-oon	0.0572380660998	0.906212765046	0.0234133610799	0.0131358077747
-nen	0.062316513031	0.0954525454034	0.0962435257575	0.745987415808
-iat	0.908866995074	0.070197044335	0.0209359605911	0.0
-oos	0.187920230186	0.138096397637	0.162824443793	0.511158928385
-aan	0.0	0.989361702128	0.0106382978723	0.0
-äne	0.127615062761	0.809623430962	0.0	0.0627615062761
-oot	0.181894603956	0.579108816514	0.16541167955	0.0735848999802
-oow	0.580128205128	0.300641025641	0.0576923076923	0.0615384615384
-els	0.127445725007	0.764205306888	0.038394532297	0.0699544358081
-nee	0.276209677419	0.65120967742	0.00907258064515	0.0635080645161
-aoo	0.063829787234	0.936170212766	0.0	0.0
-elp	0.310810810811	0.405405405405	0.189189189189	0.0945945945946
-mte	0.4	0.352	0.14	0.108
-ban	0.266129032258	0.346774193548	0.217741935484	0.16935483871
-eka	0.15	0.75	0.05	0.05
-hoa	0.0780802292263	0.889684813754	0.0229226361031	0.00931232091691
-uuk	0.944444444444	0.0185185185185	0.0185185185185	0.0185185185185
-los	0.00871459694989	0.99128540305	0.0	0.0
-jot	0.0	1.0	0.0	0.0
-gst	0.210599965017	0.389015217772	0.372660486269	0.0277243309428
-bad	0.0350701402806	0.955911823647	0.00701402805611	0.00200400801603
-efa	0.0727272727273	0.927272727273	0.0	0.0
-hon	0.384615384615	0.505494505495	0.0	0.10989010989
-hol	0.48275862069	0.16091954023	0.149425287356	0.206896551724
-hor	0.0	1.0	0.0	0.0
-lwe	0.158912502393	0.497989661114	0.0327398047099	0.310358031782
-hop	0.273091376582	0.713063686709	0.00934533227849	0.00449960443038
-him	0.0	1.0	0.0	0.0
-bat	0.0120675784393	0.985518905873	0.00160901045857	0.000804505229286
-bas	0.00449550449551	0.98951048951	0.003996003996	0.001998001998
-üde	0.108381757352	0.0473674942772	0.811938721606	0.0323120267653
-ata	0.0458082329317	0.397590361446	0.505145582329	0.0514558232932
-elj	0.0325453922576	0.824597464885	0.132579650565	0.0102774922919
-ase	0.0	1.0	0.0	0.0
-his	0.0	1.0	0.0	0.0
-ümt	0.762845849802	0.225296442688	0.0	0.0118577075099
-ckt	0.635969223913	0.32405332075	0.0129762887814	0.0270011665552
-asa	0.020618556701	0.835051546392	0.020618556701	0.123711340206
-üss	0.206896551724	0.689655172414	0.0689655172414	0.0344827586207
-pfe	0.582352941176	0.394117647059	0.0	0.0235294117647
-äpe	0.784817039869	0.0972146368104	0.0638995084653	0.0540688148553
-ihe	0.19298245614	0.105263157895	0.0	0.701754385965
-pfa	0.226072986	0.720908882258	0.0506082166628	0.00240991507918
-oat	0.322800336582	0.0806906685312	0.0152317788813	0.581277216005
-gus	0.0	1.0	0.0	0.0
-cka	0.0389700765484	0.813500347947	0.147529575505	0.0
-üma	0.0413793103448	0.924137931034	0.0344827586207	0.0
-onn	0.0631826456311	0.230392900485	0.00489229368932	0.701532160194
-ast	0.554661219367	0.362345651044	0.0130697841872	0.0699233454015
-näm	0.674692049272	0.0666293393057	0.211646136618	0.047032474804
-üme	0.666666666667	0.333333333333	0.0	0.0
-näa	0.02	0.96	0.02	0.0
-pft	0.708688245315	0.21465076661	0.0238500851789	0.0528109028961
-lta	0.0690124315847	0.877553563825	0.0283527371296	0.0250812674608
-lte	0.504057350206	0.362615981512	0.0945668293195	0.0387598389621
-wes	0.0732127476313	0.846683893196	0.00258397932816	0.0775193798449
-bäd	0.498847879694	0.479282047136	0.00242551643287	0.0194445567369
-rea	0.434782608696	0.288537549407	0.134387351779	0.142292490119
-err	0.0	0.989071038251	0.0109289617486	0.0
-rau	0.181818181818	0.418181818182	0.0727272727273	0.327272727273
-ras	0.0220264317181	0.977973568282	0.0	0.0
-ran	0.652490886999	0.319562575942	0.00607533414338	0.0218712029161
-bät	0.392388451444	0.132545931759	0.326771653543	0.148293963255
-iwa	0.440677966102	0.203389830508	0.169491525424	0.186440677966
-ram	0.0	1.0	0.0	0.0
-rak	0.0166666666667	0.983333333333	0.0	0.0
-ern	0.0	0.991279069767	0.00872093023255	0.0
-iwd	0.723090277778	0.188368055555	0.00520833333333	0.0833333333333
-era	0.0	1.0	0.0	0.0
-hde	0.652907138658	0.257047374447	0.0714794071232	0.0185660797723
-ere	0.173778721761	0.486001158525	0.299671751303	0.0405483684109
-gen	0.0813269127876	0.374531835206	0.503210272873	0.0409309791332
-die	0.0469575162775	0.0151036192089	0.000229733445585	0.937709131068
-üht	0.530612244898	0.326530612245	0.0306122448979	0.112244897959
-ump	0.0085744908896	0.971061093248	0.0171489817792	0.0032154340836
-ond	0.0959488272921	0.603411513859	0.300639658849	0.0
-oge	0.0154102457309	0.9745939192	0.00249895876718	0.00749687630154
-gel	0.30296472625	0.644232850032	0.0307292793768	0.0220731443411
-nre	0.0579710144927	0.927536231884	0.0144927536232	0.0
-poa	0.0806818181818	0.278409090909	0.613636363637	0.0272727272727
-zhe	0.220338983051	0.704600484262	0.0556900726392	0.0193704600484
-dat	0.470283698816	0.137967280184	0.0498792674622	0.341869753538
-ike	0.0392156862745	0.960784313725	0.0	0.0
-lag	0.288485607009	0.538798498123	0.0957446808511	0.0769712140176
-sja	0.138579982891	0.263473053892	0.343883661249	0.254063301967
-pps	0.0	1.0	0.0	0.0
-nor	0.0	1.0	0.0	0.0
-nos	0.0357142857143	0.964285714286	0.0	0.0
-hia	0.0801433458218	0.0410490307868	0.00944779280013	0.869359830591
-oum	0.466666666667	0.333333333333	0.180952380952	0.0190476190476
-ppt	0.632194962725	0.319717185141	0.0423173098781	0.00577054225611
-noh	0.308442650521	0.272452068618	0.0652539522368	0.353851328624
-uja	0.103773584906	0.896226415094	0.0	0.0
-ppi	0.0	1.0	0.0	0.0
-fos	0.0	1.0	0.0	0.0
-iks	0.0324763193505	0.939783491204	0.0175913396482	0.010148849797
-nom	0.143978318559	0.0281181186833	0.00865751980878	0.819246042949
-aak	0.0892857142857	0.910714285714	0.0	0.0
-las	0.0	1.0	0.0	0.0
-noa	0.0558549596375	0.779865747311	0.146208570816	0.0180707222357
-aag	0.0	0.993865030675	0.00613496932515	0.0
-nod	0.0450719232818	0.896164091636	0.0536494405967	0.00511454448588
-ppe	0.0563545942983	0.190145844396	0.00911265780142	0.744386903505
-ol'	0.0	0.449704142012	0.538461538461	0.0118343195266
-bod	0.602649006623	0.158940397351	0.0993377483443	0.139072847682
-gei	0.0	1.0	0.0	0.0
-ahn	0.0100247189194	0.0350425168585	0.000142700625187	0.954790063597
-boa	0.331497886866	0.183222935631	0.361132558518	0.124146618986
-gem	0.326007326007	0.630036630037	0.0439560439561	0.0
-ahm	0.27868852459	0.295081967213	0.0655737704918	0.360655737705
-zte	0.735474006116	0.19877675841	0.0565749235474	0.0091743119266
-äma	0.0576923076923	0.865384615385	0.0384615384615	0.0384615384615
-ett	0.321060371472	0.291314643826	0.0373958501291	0.350229134573
-pbü	0.746987951807	0.124497991968	0.0803212851406	0.0481927710843
-ahd	0.721639279351	0.277766778856	0.0	0.000593941793705
-bot	0.300724637681	0.128623188406	0.0543478260869	0.516304347826
-dod	0.182952182952	0.723492723493	0.024948024948	0.0686070686071
-bor	0.0	0.9	0.1	0.0
-doa	0.132246267379	0.0684859101755	0.00773958742335	0.791528235022
-ges	0.0710441334769	0.819160387514	0.10979547901	0.0
-doo	0.950675424464	0.028256289503	0.00371793282935	0.0173503532036
-dom	0.0296671490593	0.8498552822	0.096960926194	0.023516642547
-ämt	0.635101952918	0.161671040034	0.176963392454	0.0262636145943
-dok	0.0	1.0	0.0	0.0
-aht	0.697713444005	0.196628899234	0.0431331845839	0.0625244721778
-get	0.150602409639	0.246987951807	0.277108433735	0.325301204819
-sas	0.0	1.0	0.0	0.0
-äbd	0.794117647059	0.147058823529	0.0	0.0588235294118
-dda	0.151487826871	0.0396753832281	0.77908025248	0.0297565374211
-lft	0.0576923076923	0.557692307692	0.0	0.384615384615
-dde	0.593610124596	0.0938165726334	0.240899482439	0.0716738203312
-toa	0.0415879017013	0.948960302457	0.00567107750473	0.00378071833648
-ton	0.0808080808081	0.911976911977	0.00721500721501	0.0
-too	0.0389120311305	0.008413037446	0.00445659570121	0.948218335722
-tol	0.0731707317073	0.680487804878	0.190243902439	0.0560975609756
-tom	0.0851552163966	0.0294327614899	0.0161539080031	0.86925811411
-olt	0.232302169254	0.217481914867	0.1840302775	0.366185638379
-tok	0.0892512809211	0.880998292105	0.0247920224781	0.00495840449562
-toh	0.846812398484	0.135422306443	0.00507579859231	0.0126894964808
-fus	0.0	1.0	0.0	0.0
-ahr	0.0647149460709	0.0431432973806	0.00308166409861	0.88906009245
-olj	0.945502298096	0.0295469468155	0.0	0.0249507550886
-oll	0.533383905169	0.09256021066	0.294004181725	0.0800517024452
-saf	0.0140679953106	0.981242672919	0.00234466588511	0.00234466588511
-sae	0.0	1.0	0.0	0.0
-sad	0.907846410684	0.0671118530885	0.0140233722871	0.0110183639399
-sak	0.0	0.993993993994	0.006006006006	0.0
-saj	0.925690721629	0.0227727423381	0.0100633472727	0.0414731887604
-sai	0.0	1.0	0.0	0.0
-old	0.0626561110876	0.606070869142	0.0876338851023	0.243639134668
-ole	0.588805561564	0.206944857514	0.126128805494	0.0781207754285
-von	0.0222171826129	0.0115161171102	0.00111952490923	0.965147175368
-apt	0.723387723388	0.0971250971251	0.006993006993	0.172494172494
-lon	0.079969535415	0.897182025895	0.011424219345	0.011424219345
-äla	0.0703216564657	0.561140773538	0.352910535226	0.0156270347701
-äms	0.0474214582099	0.31416716064	0.145820983995	0.492590397155
-iem	0.30415219001	0.26439596742	0.0852651364128	0.346186706157
-iel	0.0752636319251	0.0749418363799	0.00835003957715	0.841444492118
-tes	0.00587327104589	0.90548649466	0.0116032915785	0.0770369427157
-ien	0.0201362464096	0.109286690422	0.0111586451628	0.859418418005
-iea	0.0803571428571	0.663392857143	0.208035714286	0.0482142857143
-lod	0.7	0.25	0.0	0.05
-loe	0.0408163265306	0.918367346939	0.0	0.0408163265306
-iee	0.511154575564	0.144860898742	0.305406821878	0.0385777038162
-ied	0.310843036714	0.524410590589	0.0465587575014	0.118187615196
-loa	0.355867346939	0.295918367347	0.114795918367	0.233418367347
-rod	0.300277567499	0.217133484734	0.151400454201	0.331188493565
-rof	0.202360876897	0.763912310287	0.0236087689713	0.0101180438449
-iez	0.011744966443	0.969798657718	0.00671140939597	0.011744966443
-iep	0.46627782798	0.193625236178	0.301651195268	0.0384457405734
-lot	0.0372208436725	0.0347394540942	0.208436724566	0.719602977668
-roo	0.0	1.0	0.0	0.0
-och	0.08289690198	0.0815852775368	0.047265257104	0.788252563379
-ock	0.297295850067	0.507362784471	0.176064257028	0.0192771084337
-ewt	0.803426340707	0.105973669556	0.0363198196743	0.0542801700627
-win	0.233994150146	0.639259018525	0.0682482937927	0.0584985375366
-owd	0.768858800774	0.135396518375	0.0406189555125	0.0551257253385
-te'	0.0655737704918	0.55737704918	0.344262295082	0.0327868852459
-lwa	0.0113528855251	0.937559129612	0.0482497634816	0.00283822138127
-mat	0.594594594595	0.317567567568	0.0405405405406	0.0472972972973
-rde	0.813070934943	0.0450988958615	0.0119548812455	0.12987528795
-ewe	0.838291989481	0.102791088107	0.0203237507177	0.0385931716947
-ewd	0.862526539278	0.0822717622081	0.0233545647558	0.031847133758
-rda	0.0822942643391	0.900249376559	0.0149625935162	0.00249376558604
-ewa	0.0970859327167	0.691367013619	0.0601346990783	0.151412354586
-st'	0.0796460176991	0.761061946903	0.106194690265	0.0530973451327
-ipt	0.639612046963	0.246043899949	0.0643185298622	0.0500255232261
-eft	0.589715752073	0.312171923206	0.0338129286017	0.0642993961194
-ite	0.131517821386	0.631237484982	0.110372446936	0.126872246696
-sau	0.0	1.0	0.0	0.0
-nga	0.13927943761	0.273725834798	0.525483304042	0.0615114235501
-awa	0.137579617834	0.850955414013	0.0114649681529	0.0
-sat	0.635092624956	0.269486193639	0.0545263893743	0.0408947920308
-ff'	0.494505494506	0.505494505494	0.0	0.0
-awe	0.70688976378	0.252657480315	0.0224409448819	0.0180118110236
-olp	0.73786407767	0.203883495146	0.0	0.0582524271844
-äta	0.0507132134382	0.0850041490294	0.475841002686	0.388441634846
-äte	0.768160544552	0.186897875854	0.0171254655575	0.0278161140368
-cha	0.119692741869	0.596645191018	0.200071770149	0.083590296964
-jte	0.740483667139	0.13165856087	0.070223643396	0.057634128595
-wda	0.475409836066	0.295081967213	0.0327868852459	0.196721311475
-ant	0.847863901877	0.0841137294854	0.0159712428652	0.0520511257724
-jta	0.265760197775	0.500618046972	0.1891223733	0.044499381953
-wde	0.906905453372	0.0511455308164	0.0116166505324	0.0303323652792
-nge	0.626752430617	0.228169197104	0.0922497443323	0.052828627947
-ols	0.0554964604042	0.0561200161391	0.0126545134431	0.875729010014
-kst	0.616580310881	0.278497409326	0.038860103627	0.0660621761658
-ppa	0.0197490228348	0.923883974491	0.0481382431598	0.0082287595145
-oas	0.0327868852459	0.967213114754	0.0	0.0
-ter	0.021164021164	0.936507936508	0.042328042328	0.0
-orü	0.230046948357	0.464788732394	0.140845070423	0.164319248826
-sti	0.00761992726433	0.975927957051	0.0100444495757	0.00640766610864
-ste	0.191520035494	0.493677744002	0.238832476695	0.0759697438091
-dot	0.0632911392405	0.898734177215	0.0379746835443	0.0
-sta	0.0370164595216	0.732831779915	0.219499911011	0.0106518495529
-tse	0.457107463611	0.452585939919	0.0652214307836	0.025085165686
-mäl	0.0769230769231	0.923076923077	0.0	0.0
-tow	0.0649374332984	0.708281068875	0.182823850671	0.0439576471558
-ssa	0.0956228008445	0.646136523575	0.181674876847	0.0765657987333
-jun	0.0416852622814	0.02440632806	0.0190241465445	0.914884263114
-sse	0.34257591737	0.558270880619	0.050635518697	0.0485176833142
-tot	0.107142857143	0.0535714285714	0.0178571428571	0.821428571429
-ang	0.188638571521	0.453821624845	0.136397613602	0.221142190033
-uck	0.0742911245846	0.042607954435	0.0375898097048	0.845511111276
-uch	0.12133209129	0.769445738239	0.0836050302749	0.0256171401956
-red	0.0	1.0	0.0	0.0
-aäl	0.0	1.0	0.0	0.0
-fft	0.733666794921	0.178838014621	0.0144671027318	0.073028087726
-fst	0.139709493969	0.143078204803	0.0765602926794	0.640652008548
-väa	0.33698156682	0.260080645161	0.0570276497696	0.345910138249
-oba	0.027152149543	0.0293910359389	0.00172157390465	0.941735240613
-ois	0.0	1.0	0.0	0.0
-ion	0.016077170418	0.956792604502	0.00904340836013	0.0180868167202
-len	0.115243090895	0.2053550458	0.307523682768	0.371878180537
-tät	0.192307692308	0.730769230769	0.0769230769231	0.0
-lea	0.463917525773	0.536082474227	0.0	0.0
-unn	0.168777074309	0.0781406197934	0.225091636121	0.527990669777
-mne	0.220858895705	0.110429447853	0.604635310157	0.0640763462849
-leg	0.0	1.0	0.0	0.0
-mut	0.00613496932515	0.711656441718	0.263803680982	0.0184049079755
-mus	0.00929944203348	0.968381897086	0.0111593304402	0.0111593304402
-täd	0.0287671232877	0.939726027397	0.0027397260274	0.0287671232877
-ios	0.0	1.0	0.0	0.0
-epp	0.0222021864082	0.94669221233	0.0263721402006	0.00473346106165
-jün	0.0673829448833	0.167841300307	0.0744106139815	0.690365140829
-let	0.12489399178	0.245156239807	0.248418031183	0.38153173723
-tän	0.0	1.0	0.0	0.0
-lje	0.160030184284	0.395664388996	0.274658809902	0.169646616818
-eel	0.184238073875	0.626997950369	0.0801731190457	0.108590856711
-een	0.0440603268911	0.080669292946	0.0264554034824	0.848814976681
-lja	0.171918077983	0.581725088618	0.177235131942	0.0691217014572
-ch-	0.0941532023712	0.205974660002	0.0261536673253	0.673718470301
-rre	0.187874387366	0.194953712107	0.0856779814849	0.531493919042
-äat	0.722433460076	0.12927756654	0.0570342205323	0.0912547528517
-tjt	0.695591536646	0.150661114068	0.0679175475433	0.0858298017436
-alt	0.654604078879	0.218913099101	0.0635584105642	0.0629244114564
-eef	0.742794844176	0.190868285528	0.0090033754473	0.0573334948484
-eea	0.0442275747509	0.109011627907	0.0062292358804	0.840531561462
-rrn	0.00234919036832	0.975249601477	0.00234919036832	0.0200520177867
-alp	0.783898305085	0.118644067797	0.0550847457627	0.0423728813559
-äas	0.0	1.0	0.0	0.0
-se'	0.504273504274	0.495726495726	0.0	0.0
-fts	0.178247734139	0.794561933535	0.0271903323263	0.0
-alm	0.0283687943262	0.952288845906	0.0141843971631	0.00515796260477
-ift	0.762367813298	0.156314573964	0.0153154248207	0.0660021879178
-sam	0.0	1.0	0.0	0.0
-äaj	0.298058106277	0.604094535602	0.0511816950173	0.046665663104
-rrt	0.693436608235	0.165103954342	0.0387280880554	0.102731349368
-alf	0.00506500084417	0.0192470032078	0.0165456694243	0.959142326524
-eet	0.48681149074	0.434922450918	0.0240533985448	0.0542126597971
-eew	0.218393290558	0.731574267657	0.0348929421094	0.0151394996756
--en	0.458944050433	0.333648542159	0.0	0.207407407407
-tja	0.0489488894317	0.750692520776	0.172888214933	0.02747037486
-eep	0.596924177396	0.149141630901	0.132689556509	0.121244635193
-ees	0.445976295858	0.190635611221	0.324453654394	0.0389344385273
-ala	0.0389972144847	0.955431754875	0.0	0.00557103064067
-rüm	0.142857142857	0.82967032967	0.0164835164835	0.010989010989
-rot	0.0977122915858	0.816595579682	0.0356727413726	0.0500193873594
-eid	0.330803111236	0.451644644363	0.0814356667604	0.13611657764
-rüh	0.210747194599	0.660888605054	0.0938782957759	0.0344859045707
-mlt	0.697017268446	0.021978021978	0.00627943485086	0.274725274725
-rüj	0.12	0.62	0.18	0.08
-häw	0.384375	0.2546875	0.31875	0.0421875
-bia	0.0	1.0	0.0	0.0
-rüa	0.124887421195	0.579705794056	0.27559291504	0.0198138697088
-obe	0.2	0.64	0.08	0.08
-häp	0.0345622119816	0.923963133641	0.0345622119816	0.00691244239633
-häm	0.0283018867925	0.0377358490566	0.924528301887	0.00943396226415
-mla	0.107692307692	0.769230769231	0.123076923077	0.0
-mld	0.67684021544	0.0359066427289	0.0	0.287253141831
-mle	0.706218930662	0.0773446838623	0.0	0.216436385476
-rüt	0.12171188882	0.11403871115	0.0260669921132	0.738182407917
-äfs	0.115022655978	0.261763680725	0.554200069711	0.0690135935866
-äft	0.89630813671	0.0536884563787	0.0143872195023	0.0356161874092
-häa	0.154928893064	0.12699633937	0.0464057792608	0.671668988305
-lok	0.0116129032258	0.702580645161	0.0812903225806	0.204516129032
-jst	0.610585219775	0.220269515785	0.119404121409	0.0497411430312
-pea	0.0	0.62	0.38	0.0
-lst	0.617976131278	0.233714569866	0.0871456986574	0.0611636001989
-nke	0.211604172795	0.346676925166	0.397252834288	0.0444660677514
-pel	0.00652472527472	0.984375	0.00738324175824	0.00171703296703
-pem	0.0457332771614	0.0356223376866	0.0025277348687	0.916116650283
-ühe	0.580957504034	0.335126412049	0.0580957504035	0.0258203335126
-loi	0.0	0.981132075472	0.0188679245283	0.0
-chd	0.658016682113	0.230769230769	0.111214087118	0.0
-che	0.277882568413	0.519289384167	0.172837689584	0.0299903578352
-elt	0.315333729652	0.60962518163	0.03208149429	0.0429595944274
-pet	0.0173913043478	0.0695652173913	0.860869565217	0.0521739130435
-eli	0.0	0.945859872611	0.0254777070064	0.0286624203822
-ell	0.3734393404	0.11136631331	0.085777385159	0.429416961131
-elm	0.0555555555556	0.925925925926	0.0	0.0185185185185
-chs	0.235467255335	0.499632082414	0.264900662252	0.0
-cht	0.441905556531	0.353270267425	0.0771465823141	0.12767759373
-lso	0.328125	0.109375	0.046875	0.515625
-eld	0.621862799777	0.328199407954	0.0157020893217	0.0342357029474
-ele	0.534408968769	0.372021593649	0.046054101212	0.0475153363708
-pne	0.562799442052	0.102431924313	0.186791194129	0.147977439505
-kte	0.484848484848	0.354312354312	0.125874125874	0.034965034965
-pna	0.452662721893	0.174556213018	0.0177514792899	0.355029585799
-unz	0.243243243243	0.614864864865	0.141891891892	0.0
-eja	0.0325203252033	0.0731707317073	0.894308943089	0.0
-ess	0.0574384236453	0.788768472906	0.12315270936	0.0306403940887
-itt	0.686545604622	0.0594304581098	0.230499380933	0.0235245563351
-lüd	0.577464788733	0.161971830986	0.0704225352112	0.19014084507
