yòs-	0.0	1.0	0.0	0.0
sàd-	0.0151994933502	0.981000633312	0.0	0.00379987333756
láŋ-	0.0370370370371	0.703703703704	0.148148148148	0.111111111111
kud-	0.642052565707	0.269086357947	0.0187734668336	0.0700876095119
kúú-	0.0618811881188	0.918316831683	0.019801980198	0.0
fuu-	0.169965075669	0.742724097788	0.0873108265425	0.0
yég-	0.0	0.79670891251	0.15811529027	0.04517579722
del-	0.0786792580817	0.0229267768164	0.0110919049757	0.887302060126
ziy-	0.75595189397	0.14451443999	0.026458316289	0.0730753497504
maa-	0.22121458104	0.625273077111	0.0686711648707	0.0848411769781
àca-	0.0	0.818346957312	0.181653042688	0.0
màŋ-	0.142857142857	0.494047619048	0.309523809524	0.0535714285714
tìk-	0.0704304080492	0.916154276132	0.0100614868642	0.00335382895472
kàs-	0.0	1.0	0.0	0.0
àyì-	0.0	1.0	0.0	0.0
jìg-	0.605263157895	0.368421052632	0.0263157894737	0.0
zàr-	0.0792515134838	0.920748486516	0.0	0.0
ṛép-	0.278395360077	0.373610439826	0.347994200097	0.0
nìk-	0.284892635692	0.332219257972	0.186058615389	0.196829490947
tàṛ-	0.0844039836499	0.868856442561	0.0316143005739	0.0151252732157
ta--	0.0530973451327	0.243362831858	0.442477876106	0.261061946903
víí-	0.148921945512	0.23533344476	0.531171653017	0.0845729567107
gùr-	0.0559454191034	0.88440545809	0.0345864661654	0.0250626566416
àdà-	0.124137931034	0.724137931035	0.124137931034	0.0275862068965
yeè-	0.239028930367	0.647453746072	0.0638267215495	0.0496906020118
rám-	0.0279329608939	0.972067039106	0.0	0.0
wi--	0.603260869565	0.236413043478	0.135869565217	0.0244565217391
cû--	0.103757774995	0.882160812684	0.0044467617855	0.00963465053524
ézó-	0.517543859649	0.0745614035087	0.0	0.407894736842
dé'-	0.0747198007472	0.576587795766	0.348692403487	0.0
ùzá-	0.0	1.0	0.0	0.0
mbò-	0.104347826087	0.403726708075	0.380124223603	0.111801242236
i-z-	0.230245308172	0.710632415487	0.0496438944099	0.00947838193128
cèz-	0.0438063986875	0.916160787531	0.0098441345365	0.0301886792453
pìz-	0.717391304348	0.0434782608696	0.239130434783	0.0
èló-	0.0	0.980769230769	0.0192307692308	0.0
mén-	0.0	1.0	0.0	0.0
tís-	0.394082680357	0.425560659281	0.068900297217	0.111456363145
gbó-	0.330935251798	0.615107913669	0.0107913669065	0.0431654676259
àkí-	0.0	1.0	0.0	0.0
gû'-	0.510763850945	0.43940552945	0.0249153098022	0.0249153098022
zík-	0.619618235588	0.380381764412	0.0	0.0
gàd-	0.367924528302	0.547169811321	0.0188679245283	0.0660377358491
cuk-	0.111997205126	0.125557858349	0.0801595494579	0.682285387066
zin-	0.424360375272	0.482584491242	0.0409152921551	0.0521398413304
yúc-	0.0809925840718	0.518620627838	0.216518146649	0.183868641441
kèj-	0.559577831601	0.0934121200028	0.0272407317865	0.31976931661
kpô-	0.792517006803	0.078231292517	0.0	0.12925170068
cak-	0.71400275369	0.239571004131	0.041836759342	0.00458948283774
'dá-	0.0204086789297	0.146560798033	0.0572280571642	0.775802465873
kèc-	0.196689953426	0.663339986693	0.123502994012	0.0164670658683
'dê-	0.106234064616	0.72830321459	0.109525824365	0.0559368964285
cè--	0.538032858073	0.356734457552	0.0813490627488	0.0238836216256
pír-	0.0	0.894736842105	0.105263157895	0.0
sog-	0.710371638908	0.216254928707	0.022778617815	0.0505948145697
sen-	0.194190871369	0.793005334914	0.00640189685833	0.00640189685832
jòr-	0.00980723706458	0.982076428813	0.00405816706121	0.00405816706121
gbi-	0.363636363636	0.345454545455	0.181818181818	0.109090909091
'bè-	0.22481962482	0.511832611833	0.175036075036	0.0883116883117
òlò-	0.5154005684	0.425839158153	0.0345648667333	0.0241954067132
tiì-	0.0491803278688	0.327868852459	0.327868852459	0.295081967213
gùl-	0.263641667967	0.489146507143	0.201361100027	0.0458507248638
ìkó-	0.0	0.993520518359	0.0	0.00647948164146
líd-	0.0291970802919	0.970802919708	0.0	0.0
àká-	0.0126315789474	0.983157894737	0.0	0.0042105263158
suu-	0.554821280488	0.400620666661	0.0153200365903	0.0292380162604
kun-	0.364102564103	0.610256410256	0.0153846153846	0.0102564102564
vór-	0.305263157895	0.547368421053	0.0	0.147368421053
oko-	0.505813953488	0.261627906977	0.174418604651	0.0581395348837
zé'-	0.162895927602	0.518099547511	0.27149321267	0.0475113122172
ya'-	0.603174603175	0.296536796537	0.0468975468975	0.0533910533911
nè'-	0.0390234140484	0.942965779468	0.0180108064839	0.0
lín-	0.0	1.0	0.0	0.0
mìy-	0.753914090727	0.194299478121	0.0228823765556	0.0289040545965
àmì-	0.0	1.0	0.0	0.0
kpó-	0.394675762673	0.0727776996238	0.0818787934434	0.450667744259
naw-	0.0448318156235	0.88974830445	0.0109008614855	0.0545190184416
èsì-	0.0	0.820512820513	0.179487179487	0.0
i-n-	0.1277734687	0.686264205527	0.143752298455	0.0422100273185
gbí-	0.0503883120556	0.114437552549	0.0284267196417	0.806747415753
sùb-	0.272727272727	0.681818181818	0.0454545454545	0.0
bod-	0.198198198198	0.585585585586	0.108108108108	0.108108108108
ŋon-	0.349283018868	0.421433962264	0.122716981132	0.106566037736
sìd-	0.0294202480531	0.936544563023	0.0207672339198	0.0132679550043
ná'-	0.0088788436959	0.963482338414	0.0157733620048	0.0118654558855
ó-ò-	0.752459965271	0.0669496430639	0.0451475979163	0.135442793749
pìì-	0.635756730981	0.250898686817	0.0583229403565	0.0550216418458
léé-	0.531241100416	0.289628068577	0.0358831235405	0.143247707467
jùz-	0.0172902582635	0.971494439079	0.00747686843827	0.00373843421914
làt-	0.0	0.955390334572	0.0446096654275	0.0
pèr-	0.0	0.995633187773	0.00436681222707	0.0
kìl-	0.294087974173	0.518664245359	0.0610371267151	0.126210653753
tít-	0.0801335559265	0.878547579299	0.0338063439065	0.00751252086811
kòc-	0.245522363632	0.659673965605	0.0334499133014	0.0613537574611
naṛ-	0.0183019868976	0.954245032756	0.0274529803464	0.0
mìì-	0.778451541897	0.138580227316	0.0188371748471	0.0641310559401
wél-	0.449915631232	0.371836171192	0.034361098328	0.143887099248
tàd-	0.00414937759336	0.995850622407	0.0	0.0
kéf-	0.0986547085201	0.82869955157	0.0188340807175	0.0538116591929
guu-	0.424878836834	0.387722132472	0.119547657512	0.0678513731825
gá'-	0.34131736527	0.291417165669	0.197105788423	0.170159680639
táá-	0.824884858821	0.037970388195	0.0195466820773	0.117598070907
i-s-	0.0817120622568	0.650583657588	0.236964980545	0.0307392996109
yà'-	0.171171171171	0.792792792793	0.0360360360361	0.0
pìs-	0.104693140794	0.880866425993	0.014440433213	0.0
'do-	0.0549353750838	0.0187359084662	0.00399454004485	0.922334176405
cèl-	0.145320818244	0.842484427777	0.0	0.0121947539785
có--	0.152173913043	0.847826086957	0.0	0.0
dúú-	0.147636971151	0.256073962872	0.214740489767	0.381548576209
bàk-	0.715395632012	0.125367219553	0.023978317084	0.135258831351
wày-	0.443786982249	0.414201183432	0.10650887574	0.0355029585799
méé-	0.761904761905	0.152380952381	0.0	0.0857142857143
jáy-	0.200059014459	0.775745057539	0.0118028917085	0.0123930362939
àró-	0.0371103414152	0.910935180604	0.0445324096981	0.00742206828304
wál-	0.113422452539	0.0923249131629	0.0630792819665	0.731173352332
kpe-	0.0811787600779	0.790936891854	0.122324159021	0.00556018904643
bìn-	0.0495752006724	0.370633286136	0.0106569347989	0.569134578392
ṛè'-	0.184405940594	0.804455445545	0.0111386138614	0.0
súú-	0.477611940298	0.335820895522	0.119402985075	0.0671641791045
jèk-	0.0	1.0	0.0	0.0
'bú-	0.151691948658	0.428238039673	0.385064177363	0.0350058343057
te~-	0.162039523439	0.675920953122	0.0708922915045	0.0911472319344
èzì-	0.0	1.0	0.0	0.0
pèt-	0.566202090592	0.172473867596	0.135888501742	0.12543554007
lík-	0.286275293323	0.506520975287	0.178439788628	0.0287639427615
lót-	0.0318426411352	0.820885143614	0.135331224825	0.0119409904257
ànd-	0.0792644333441	0.878836863027	0.011857221567	0.0300414820616
còm-	0.104651162791	0.614617940199	0.0265780730897	0.25415282392
500-	0.114068441065	0.243346007605	0.12927756654	0.513307984791
sól-	0.0676873489122	0.913779210314	0.0088638195004	0.00966962127317
ṛìt-	0.246865959499	0.643201542912	0.0983606557377	0.0115718418515
nàf-	0.0128905530661	0.987109446934	0.0	0.0
wàa-	0.211599747039	0.0828662279155	0.0116247427596	0.693909282286
nan-	0.572217837411	0.240422560865	0.087426385769	0.0999332159553
tùk-	0.417721518987	0.491139240506	0.0303797468354	0.0607594936709
sár-	0.154746423927	0.806241872562	0.0390117035111	0.0
pìt-	0.235714285714	0.485714285714	0.185714285714	0.0928571428571
mbî-	0.0849056603774	0.839622641509	0.0377358490566	0.0377358490566
sùw-	0.274285714286	0.365714285714	0.188571428571	0.171428571429
élì-	0.040404040404	0.959595959596	0.0	0.0
tér-	0.0	1.0	0.0	0.0
gàà-	0.275840507524	0.295392976902	0.327725980439	0.101040535135
dii-	0.0816326530612	0.224489795918	0.551020408163	0.142857142857
ŋò'-	0.294788273616	0.324104234528	0.381107491857	0.0
bák-	0.151079136691	0.194244604317	0.503597122302	0.151079136691
sìk-	0.0	0.967213114754	0.0	0.0327868852459
cûm-	0.253456221198	0.380184331797	0.117511520737	0.248847926267
jèr-	0.0170602644547	0.966821296828	0.00508090200468	0.0110375367126
koṛ-	0.526090894114	0.330068429058	0.0427286997137	0.101111977114
jíd-	0.0645161290323	0.935483870968	0.0	0.0
sòs-	0.0121951219512	0.987804878049	0.0	0.0
kpê-	0.143481044399	0.061906891163	0.0297829922391	0.764829072199
tee-	0.290263300894	0.6749066922	0.0161127408371	0.0187172660683
pàt-	0.0	1.0	0.0	0.0
ádí-	0.0	1.0	0.0	0.0
kòn-	0.438694173899	0.309032380085	0.0675811758634	0.184692270152
áko-	0.142174911596	0.556277569174	0.122871933214	0.178675586016
yàl-	0.46835443038	0.303797468354	0.227848101266	0.0
fèl-	0.0954446854664	0.874909616775	0.00795372378887	0.0216919739696
míí-	0.767045454545	0.232954545455	0.0	0.0
kàw-	0.2	0.714285714286	0.0	0.0857142857143
láz-	0.0555127711462	0.84661789244	0.0394686176357	0.0584007187781
ne'-	0.490153172867	0.326039387308	0.153172866521	0.0306345733042
doo-	0.375918123372	0.18387503612	0.06511386764	0.375092972868
miṛ-	0.333239951777	0.310403439799	0.179410101366	0.176946507058
fìg-	0.0363636363636	0.927272727273	0.0363636363636	0.0
zí--	0.288025889968	0.0550161812298	0.330097087379	0.326860841424
mee-	0.462115661984	0.369317876016	0.137801480342	0.0307649816578
kùl-	0.219118528883	0.777133719768	0.00174895062962	0.00199880071957
kút-	0.264611326354	0.558280438546	0.131357678674	0.0457505564257
bèb-	0.0507911613718	0.879880757048	0.0244687346754	0.044859346905
kòr-	0.0626086556777	0.846763615959	0.0604184855757	0.0302092427878
cee-	0.340577229801	0.0990459743819	0.275291891028	0.28508490479
sùz-	0.030303030303	0.939393939394	0.030303030303	0.0
sìr-	0.0964501004688	0.821165438714	0.0241125251172	0.0582719356999
la--	0.0952380952381	0.833333333333	0.047619047619	0.0238095238095
zò'-	0.231255068376	0.302053295994	0.313976024438	0.152715611192
sàà-	0.40180893509	0.147222929641	0.0605036309896	0.390464504279
cùù-	0.385093167702	0.608695652174	0.00621118012422	0.0
een-	0.659280026752	0.227921256561	0.0564841694089	0.0563145472785
pét-	0.358917159646	0.323353382269	0.225728587539	0.0920008705459
nàt-	0.022524636321	0.900985452839	0.0	0.0764899108399
ku--	0.0687022900764	0.921582234559	0.0	0.00971547536434
mán-	0.21472392638	0.776073619632	0.0	0.00920245398773
séb-	0.0	0.96	0.04	0.0
ndò-	0.167304196945	0.36032709426	0.349789023485	0.12257968531
vò~-	0.323529411765	0.573529411765	0.102941176471	0.0
bùù-	0.36036036036	0.371286179797	0.0805060379529	0.18784742189
mèè-	0.621013007414	0.309017068639	0.041953219287	0.0280167046608
vol-	0.500230089659	0.272011489312	0.137234575143	0.0905238458854
'be-	0.435345490329	0.511885359328	0.0422153202743	0.0105538300686
gìj-	0.203703703704	0.759259259259	0.037037037037	0.0
fìl-	0.0319773602783	0.956303841023	0.00635807163428	0.0053607270642
bét-	0.0802359882006	0.836578171092	0.0448377581121	0.0383480825958
kàn-	0.385474860335	0.517158818835	0.0638467677574	0.0335195530727
énó-	0.219705755739	0.0439304246586	0.00930805894682	0.727055760656
jòw-	0.0	1.0	0.0	0.0
màn-	0.046692607004	0.922178988327	0.0233463035019	0.00778210116731
kèn-	0.0420168067227	0.924369747899	0.0168067226891	0.0168067226891
ta'-	0.0385755730545	0.0243568081104	0.260592342271	0.676475276565
mùk-	0.129498647805	0.778968171417	0.0728104847098	0.0187226960683
èbé-	0.0	1.0	0.0	0.0
cè~-	0.235294117647	0.764705882353	0.0	0.0
fak-	0.890625	0.109375	0.0	0.0
cúú-	0.299987448224	0.28454876365	0.134304004017	0.281159784109
ALL	0.216072781605	0.33046244315	0.0539702581503	0.399494517094
wuu-	0.576810444625	0.379565236033	0.0	0.0436243193414
jò~-	0.132352941176	0.788235294118	0.0	0.0794117647059
màt-	0.0188962851621	0.978526948679	0.00257676615847	0.0
àrì-	0.0403535741737	0.944822663885	0.00823542330076	0.0065883386406
póṛ-	0.0748299319727	0.812925170068	0.112244897959	0.0
gó~-	0.435789473684	0.437894736842	0.101052631579	0.0252631578947
kpì-	0.564337829614	0.284088249259	0.0558412636845	0.0957326574423
nék-	0.106870229008	0.730279898219	0.132315521628	0.030534351145
èlá-	0.0	1.0	0.0	0.0
ndô-	0.233759634115	0.522994833573	0.166850173626	0.0763953586855
ònè-	0.0	1.0	0.0	0.0
dê--	0.334190231362	0.411311053985	0.0591259640103	0.195372750643
cì~-	0.780952380952	0.104761904762	0.0	0.114285714286
tàr-	0.0909090909091	0.909090909091	0.0	0.0
kpá-	0.271266759131	0.625173370319	0.0788257050393	0.0247341655109
gòm-	0.366527661376	0.539748370418	0.0133891383151	0.0803348298907
yìl-	0.715909090909	0.164772727273	0.0	0.119318181818
pùt-	0.314381270903	0.615384615385	0.0	0.0702341137124
kóó-	0.201617921593	0.579132959967	0.160755030077	0.0584940883635
gír-	0.174937965261	0.549627791563	0.186104218362	0.0893300248139
tìṛ-	0.105089226702	0.894910773298	0.0	0.0
zèr-	0.0	1.0	0.0	0.0
ják-	0.0087546509083	0.92886846137	0.055373166995	0.00700372072664
wìì-	0.620955315871	0.0739599383667	0.0832049306626	0.2218798151
yú~-	0.371951219512	0.201219512195	0.256097560976	0.170731707317
na--	0.657980456026	0.029315960912	0.312703583062	0.0
ò-b-	0.68912936547	0.200196753566	0.070831283817	0.0398425971471
fìr-	0.0689655172414	0.885057471264	0.0344827586207	0.0114942528736
ngù-	0.521646012732	0.355021195516	0.0880315495621	0.0353012421902
gèè-	0.550323538593	0.317924122396	0.0646655361798	0.0670868028313
tac-	0.0569621969633	0.0429759795156	0.00658119447143	0.89348062905
ndà-	0.26676824838	0.287141332824	0.168710064478	0.277380354318
mbà-	0.101159114858	0.810326659642	0.0885142255005	0.0
guù-	0.152173913043	0.725543478261	0.122282608696	0.0
déé-	0.0889261744966	0.360738255033	0.530201342282	0.0201342281879
lúk-	0.174336283186	0.540707964602	0.242477876106	0.0424778761062
cúk-	0.0899100899101	0.568431568432	0.341658341658	0.0
lày-	0.287356321839	0.434691745037	0.224660397074	0.0532915360501
bíy-	0.231111111111	0.426666666667	0.24	0.102222222222
káz-	0.0936675461741	0.251978891821	0.642480211082	0.0118733509235
tek-	0.408611053612	0.347340095218	0.176981991306	0.0670668598634
zàk-	0.0525582321322	0.87318335656	0.0298626318933	0.0443957794147
nàw-	0.0	1.0	0.0	0.0
jáá-	0.103063296503	0.431671646113	0.285473180227	0.179791877157
ŋìn-	0.243560396017	0.165860796235	0.0809088448225	0.509669962925
i-w-	0.440748440748	0.397089397089	0.0623700623701	0.0997920997921
kèṛ-	0.110687022901	0.671755725191	0.217557251908	0.0
tal-	0.0954908359827	0.819447589414	0.00534051423964	0.0797210603636
péṛ-	0.576354679803	0.128078817734	0.147783251231	0.147783251232
ìṛì-	0.718309859155	0.153649167734	0.121638924456	0.00640204865557
ṛem-	0.419540229885	0.350574712644	0.137931034483	0.0919540229885
duù-	0.292767348509	0.542118356849	0.11543939139	0.0496749032522
rèy-	0.0	1.0	0.0	0.0
lem-	0.523489932886	0.0604026845638	0.322147651007	0.0939597315436
gbà-	0.326127011293	0.465973821814	0.135032349022	0.0728668178702
kpi-	0.661050545094	0.21407333994	0.10703666997	0.017839444995
450-	0.105263157895	0.315789473684	0.0526315789474	0.526315789474
wòò-	0.222433202224	0.451783534518	0.238708802387	0.0870744608707
yèè-	0.533176323568	0.184134003028	0.0680589267261	0.214630746678
pàf-	0.012	0.98	0.008	0.0
kál-	0.118953026408	0.103367069948	0.0706491451993	0.707030758445
dèn-	0.261121856867	0.564796905222	0.174081237911	0.0
cèk-	0.173174872666	0.490662139219	0.239388794567	0.0967741935484
mbù-	0.147606382979	0.480053191489	0.332446808511	0.0398936170213
kél-	0.40306122449	0.557823129252	0.0391156462585	0.0
bìt-	0.0582362728785	0.883527454243	0.0291181364393	0.0291181364393
àbà-	0.0	1.0	0.0	0.0
sém-	0.0	0.985454545455	0.0	0.0145454545454
'da-	0.0622049549029	0.748229808905	0.0388465931889	0.150718643003
gàl-	0.0432456627604	0.908184534242	0.0322562813799	0.0163135216174
i-l-	0.476470588235	0.0999999999999	0.388235294118	0.0352941176471
seṛ-	0.068320209137	0.788440080339	0.133675518857	0.00956419166641
jù'-	0.358228161346	0.397871813907	0.0457312546399	0.198168770106
jìl-	0.0785582255083	0.599353049908	0.305914972274	0.0161737523105
kaà-	0.320828961175	0.530430220357	0.12093389297	0.0278069254984
kù~-	0.775539568345	0.0503597122302	0.063309352518	0.110791366906
ŋòn-	0.547384202636	0.24358873195	0.115363370946	0.0936636944685
gbé-	0.424657534247	0.41095890411	0.164383561644	0.0
róm-	0.0877458396369	0.845083207262	0.0447806354009	0.0223903177004
tùg-	0.663308144416	0.235936188077	0.100755667506	0.0
bèt-	0.143042280901	0.692208002592	0.117770937956	0.0469787785517
èmà-	0.0321100917431	0.871559633027	0.0321100917431	0.0642201834863
ésì-	0.0	1.0	0.0	0.0
àsó-	0.232704402516	0.698113207547	0.0	0.0691823899371
nér-	0.0	1.0	0.0	0.0
rút-	0.0	1.0	0.0	0.0
gáz-	0.0392156862745	0.960784313725	0.0	0.0
ìbì-	0.0208333333333	0.958333333333	0.0	0.0208333333333
zèk-	0.183673469388	0.721428571429	0.0642857142857	0.0306122448979
lók-	0.248082808665	0.356917298047	0.324006402732	0.070993490556
wèè-	0.0935241669141	0.0458514816028	0.0113557407708	0.849268610712
wàk-	0.22613430127	0.743375680581	0.0304900181488	0.0
kis-	0.907407407407	0.0185185185185	0.0	0.0740740740741
i-b-	0.117271820851	0.677372190638	0.192846994288	0.0125089942241
goo-	0.217313699241	0.235609103079	0.0776439089692	0.46943328871
èrè-	0.00417536534446	0.945720250522	0.0501043841336	0.0
tèk-	0.0377358490566	0.509433962264	0.301886792453	0.150943396226
ṛèg-	0.229377938169	0.294818114646	0.0531467183534	0.422657228832
mís-	0.0555555555555	0.944444444445	0.0	0.0
dém-	0.0	1.0	0.0	0.0
dìk-	0.541237113402	0.278350515464	0.0463917525773	0.134020618557
sèr-	0.0	1.0	0.0	0.0
bu--	0.0101654707067	0.959761226413	0.0242582630738	0.00581503980661
nàs-	0.0	1.0	0.0	0.0
gál-	0.181245074862	0.481548547189	0.0811495062287	0.25605687172
ban-	0.100531771435	0.646363077239	0.218749063531	0.0343560877947
kìy-	0.0630788485607	0.537421777222	0.346933667084	0.0525657071339
'bù-	0.347660500544	0.363438520131	0.239934711643	0.0489662676823
gàm-	0.151840116988	0.647696807214	0.17121618328	0.0292468925177
vòó-	0.269561847823	0.480500429018	0.154169780509	0.09576794265
tàl-	0.0	1.0	0.0	0.0
sèm-	0.0	1.0	0.0	0.0
dìn-	0.0609911054638	0.598475222363	0.218551461245	0.121982210928
jób-	0.0747663551402	0.869158878505	0.018691588785	0.0373831775701
dèṛ-	0.153846153846	0.769230769231	0.025641025641	0.0512820512821
njà-	0.226402591665	0.368465616257	0.330400530113	0.0747312619643
'dò-	0.130253400722	0.827361632824	0.0236816069513	0.0187033595021
lòk-	0.145961252431	0.767870536339	0.047385683231	0.0387825279992
mìl-	0.271519868614	0.613606340819	0.102020779035	0.012853011532
àpò-	0.0530973451327	0.946902654867	0.0	0.0
ker-	0.108786610879	0.803347280335	0.0	0.0878661087866
ké'-	0.690476190476	0.238095238095	0.0714285714286	0.0
pór-	0.270833333333	0.729166666667	0.0	0.0
zik-	0.736402342444	0.227850676432	0.0126422250316	0.0231047560922
càk-	0.876712328767	0.123287671233	0.0	0.0
ò'b-	0.175732217573	0.510460251046	0.26359832636	0.0502092050209
gan-	0.580198019802	0.39603960396	0.0118811881188	0.0118811881188
kè'-	0.339269799687	0.464236441328	0.101780939906	0.0947128190792
àtá-	0.0	1.0	0.0	0.0
tok-	0.256862196805	0.281365353411	0.060391942262	0.401380507522
kiṛ-	0.201923076923	0.576923076923	0.201923076923	0.0192307692308
tòò-	0.65002290426	0.242785158039	0.0989464040312	0.00824553366926
gém-	0.0294117647059	0.735294117647	0.235294117647	0.0
gél-	0.134529147982	0.704035874439	0.161434977578	0.0
bòò-	0.0632417150579	0.897562657444	0.0188088874621	0.0203867400364
kon-	0.520870604112	0.356889496914	0.0609249549655	0.0613149440087
gìn-	0.0791925465839	0.887422360248	0.00776397515528	0.0256211180124
náa-	0.185057115736	0.0197104811109	0.00444305646076	0.790789346692
mír-	0.334298118669	0.581765557163	0.0578871201158	0.0260492040521
dàn-	0.0907502016671	0.818499596666	0.0907502016671	0.0
i-ṛ-	0.36	0.488	0.04	0.112
soo-	0.391946308725	0.531543624161	0.0724832214765	0.00402684563758
só--	0.224489795918	0.489795918367	0.0	0.285714285714
jèl-	0.192416614223	0.193911264946	0.0338263058527	0.579845814978
wír-	0.834862385321	0.0825688073394	0.0825688073394	0.0
tè'-	0.922744868639	0.046503804082	0.00816472904515	0.0225865982337
kàr-	0.278787878788	0.636363636364	0.0727272727273	0.0121212121212
'vu-	0.26932163348	0.692878839015	0.0283496456294	0.00944988187648
ìyo-	0.131104749074	0.215644998316	0.0197036039071	0.633546648703
wàá-	0.172486683013	0.326118204109	0.344973366027	0.15642174685
òkò-	0.0454419550723	0.152088654036	0.0954657412414	0.70700364965
liì-	0.124075399666	0.859222142687	0.011930326891	0.00477213075638
òsí-	0.071225071225	0.632478632479	0.051282051282	0.245014245014
méy-	0.0	0.787709497207	0.145251396648	0.0670391061452
pí~-	0.364583333333	0.37956871345	0.0347222222222	0.221125730994
àfì-	0.0	1.0	0.0	0.0
tà~-	0.198211130742	0.532906360424	0.253975265018	0.0149072438162
bà--	0.333791832626	0.0841210918862	0.0138213253997	0.568265750088
paa-	0.781370284835	0.155504234026	0.0369515011547	0.0261739799846
ka'-	0.902912621359	0.0194174757282	0.0582524271844	0.0194174757282
yek-	0.407107021753	0.322532669694	0.206111562791	0.0642487457613
eṛe-	0.604806812112	0.214656071116	0.0457083384142	0.134828778357
lùy-	0.0604395604395	0.873626373626	0.065934065934	0.0
kù'-	0.0130518234165	0.383931998903	0.592486975596	0.0105292020839
pàṛ-	0.224903409476	0.476174337423	0.145190808649	0.153731444452
tír-	0.0402788536018	0.94319648851	0.00464756003099	0.011877097857
gbò-	0.276589195013	0.541788517777	0.110820378636	0.0708019085732
nì~-	0.519781718963	0.463847203274	0.0	0.0163710777626
níf-	0.0714285714286	0.928571428571	0.0	0.0
zék-	0.634146341463	0.146341463415	0.219512195122	0.0
ndu-	0.59643916914	0.213649851632	0.160237388724	0.0296735905044
jo'-	0.308510638298	0.127659574468	0.542553191489	0.0212765957447
àsì-	0.0806904460614	0.860783770959	0.0462670041126	0.0122587788675
núú-	0.4	0.497368421053	0.0868421052631	0.0157894736842
èlì-	0.0268180080572	0.884229717411	0.0141147410827	0.0748375334491
bas-	0.0160348727748	0.973286920602	0.0089219226392	0.0017562839841
'bâ-	0.4	0.2375	0.1625	0.2
zii-	0.389324960754	0.401883830455	0.174254317111	0.0345368916798
njò-	0.0804597701149	0.695402298851	0.155172413793	0.0689655172414
tàw-	0.284560143627	0.313105924596	0.043447037702	0.358886894075
gád-	0.0	1.0	0.0	0.0
njù-	0.576399952165	0.38857632985	0.0215530572214	0.0134706607634
fòn-	0.0125786163522	0.974842767296	0.0	0.0125786163522
yuu-	0.644093907757	0.211789407424	0.115603944159	0.0285127406604
peṛ-	0.36	0.13	0.21	0.3
'dé-	0.319647037637	0.428957320367	0.204934269764	0.0464613722312
ùnd-	0.708333333333	0.0615740740741	0.0361111111111	0.193981481481
dá'-	0.114754098361	0.836065573771	0.0491803278688	0.0
jòs-	0.0	1.0	0.0	0.0
no--	0.710344827586	0.227586206897	0.0103448275862	0.051724137931
kìt-	0.107142857143	0.852678571429	0.0	0.0401785714286
sàb-	0.0285714285714	0.971428571429	0.0	0.0
kpa-	0.281628162816	0.617601760176	0.0607260726072	0.0400440044004
réw-	0.0	1.0	0.0	0.0
ṛóó-	0.541666666667	0.3125	0.0833333333333	0.0625
cô'-	0.02043318349	0.715978749489	0.263588067021	0.0
sí--	0.464375142272	0.0575916230366	0.0	0.478033234692
mbi-	0.284991711651	0.539465295193	0.0760827984868	0.0994601946699
mèl-	0.294498333057	0.614234639231	0.0327354463033	0.0585315814087
vò--	0.0704761970438	0.555903415889	0.356242694646	0.0173776924217
tès-	0.00434467776973	0.991310644461	0.00434467776973	0.0
jèz-	0.291096774194	0.578838709677	0.0805161290322	0.0495483870968
dìy-	0.0654205607477	0.88785046729	0.0280373831775	0.0186915887851
ṛé'-	0.325842696629	0.573033707865	0.0337078651685	0.067415730337
zèè-	0.570316437359	0.249680425601	0.0527900054627	0.127213131577
bìl-	0.116279069767	0.813953488372	0.0697674418604	0.0
kpò-	0.329252192508	0.176316922465	0.162204388122	0.332226496905
ólé-	0.17880794702	0.298013245033	0.350993377483	0.172185430464
gèṛ-	0.215827338129	0.611510791367	0.158273381295	0.0143884892086
kóṛ-	0.224428139836	0.594302977989	0.0679758308157	0.11329305136
júd-	0.0672865923887	0.910842234157	0.0053829273911	0.0164882460628
gbì-	0.738168579776	0.167591027255	0.0221515146881	0.0720888782808
sír-	0.0770958083832	0.916167664671	0.0067365269461	0.0
nju-	0.296875	0.421875	0.1875	0.09375
àbì-	0.0416977547557	0.928608817044	0.0265900770346	0.00310335116585
jów-	0.0740740740741	0.888888888889	0.0	0.037037037037
vak-	0.702479338843	0.261707988981	0.0192837465565	0.0165289256198
ndí-	0.409314288172	0.324986850767	0.0849539694144	0.180744891647
ṛe--	0.463886063072	0.358087487284	0.103763987792	0.0742624618514
ṛàn-	0.353813559322	0.51906779661	0.0794491525424	0.0476694915254
pér-	0.00980392156863	0.980392156863	0.0	0.00980392156863
100-	0.623493975904	0.16265060241	0.0090361445783	0.204819277108
yòr-	0.0	1.0	0.0	0.0
niì-	0.020817979937	0.674714324698	0.00998413323507	0.29448356213
kùr-	0.376623376623	0.597402597403	0.025974025974	0.0
wu'-	0.36980888638	0.419562938473	0.110636239013	0.0999919361342
ciì-	0.241339491917	0.568129330254	0.176674364896	0.013856812933
waa-	0.470080644431	0.425516368917	0.0526679689741	0.0517350176777
tún-	0.0115384615385	0.988461538462	0.0	0.0
wún-	0.227791889555	0.499414301449	0.0383619096823	0.234431899314
kìì-	0.48356454099	0.325196257662	0.156109975983	0.0351292253648
kák-	0.0750000927901	0.0705493087995	0.123290913508	0.731159684902
pá--	0.333333333333	0.420289855072	0.0144927536232	0.231884057971
ṛík-	0.31995412844	0.435779816514	0.209862385321	0.0344036697248
ádà-	0.0359795936633	0.826546138011	0.109281303142	0.0281929651839
ṛèk-	0.276923076923	0.446153846154	0.230769230769	0.0461538461538
yé--	0.625	0.333333333333	0.0	0.0416666666667
vuu-	0.196662693683	0.651966626937	0.112038140644	0.0393325387366
bèṛ-	0.0344837117982	0.935843363265	0.0248631911097	0.00480973382717
teè-	0.361927710843	0.587469879518	0.0115662650603	0.0390361445783
kô'-	0.236970684039	0.549674267101	0.108306188925	0.105048859935
àgì-	0.0123231401187	0.929712460064	0.0406207211319	0.0173436786855
'de-	0.654010406503	0.22704376912	0.0323333839078	0.0866124404697
dùp-	0.197265678512	0.778076111674	0.024658209814	0.0
kós-	0.0392156862745	0.960784313725	0.0	0.0
có~-	0.396394906565	0.377873325616	0.181908384323	0.0438233834959
mem-	0.444444444444	0.5	0.0555555555555	0.0
'vi-	0.134442593165	0.730400009503	0.0894593581185	0.0456980392133
too-	0.258806881656	0.545132941089	0.134709912862	0.0613502643926
dòm-	0.441813937979	0.34144714905	0.0886962320773	0.128042680894
kùd-	0.41875	0.35625	0.0875	0.1375
jùw-	0.0724637681159	0.896739130435	0.0126811594203	0.018115942029
áán-	0.157082748948	0.20476858345	0.520336605891	0.117812061711
kán-	0.177156297445	0.745212377339	0.0488417633335	0.0287895618826
duu-	0.710659345826	0.227835196948	0.04297241323	0.0185330439968
kúm-	0.0623145400593	0.584569732938	0.053412462908	0.299703264095
mìk-	0.385214007782	0.591439688716	0.0155642023346	0.00778210116732
tèg-	0.335891925084	0.568314399754	0.0632483880872	0.032545287074
pom-	0.747422680412	0.0824742268042	0.0412371134021	0.128865979381
wot-	0.109107695865	0.583255778011	0.204724907476	0.102911618648
rúb-	0.0	1.0	0.0	0.0
fok-	0.62447257384	0.341772151899	0.0	0.0337552742616
gòl-	0.0	1.0	0.0	0.0
fùù-	0.705128205128	0.294871794872	0.0	0.0
nàg-	0.0	1.0	0.0	0.0
nga-	0.323268612146	0.571541896465	0.0743730342082	0.030816457181
yen-	0.240761478163	0.513997760358	0.060470324748	0.18477043673
dùú-	0.327814569536	0.622516556291	0.0	0.0496688741722
tùù-	0.153846153846	0.846153846154	0.0	0.0
kóz-	0.147873441062	0.358686919891	0.11975549093	0.373684148116
260-	0.15306122449	0.0918367346939	0.0	0.755102040816
mbí-	0.0479593759693	0.874044167379	0.0280529492531	0.0499435073986
mòl-	0.0	1.0	0.0	0.0
i-ŋ-	0.120574162679	0.616267942584	0.241148325359	0.022009569378
jíg-	0.125	0.625	0.178571428571	0.0714285714286
túm-	0.234482758621	0.0689655172414	0.668965517241	0.0275862068965
lug-	0.339085679685	0.228580078716	0.39055404178	0.0417801998183
tuṛ-	0.554307116105	0.378009630819	0.0345104333868	0.0331728196897
bèm-	0.107119845361	0.774484536083	0.0789304123711	0.0394652061856
êṛé-	0.228915662651	0.734939759036	0.0	0.0361445783133
ṛòn-	0.0201342281879	0.697986577181	0.281879194631	0.0
yùk-	0.161921708185	0.491103202847	0.279359430605	0.067615658363
ndi-	0.227489405683	0.114211566346	0.108515473014	0.549783554958
fòy-	0.368421052632	0.631578947368	0.0	0.0
tàz-	0.0123119015048	0.983584131327	0.00410396716826	0.0
jèf-	0.0	1.0	0.0	0.0
wú'-	0.186750042251	0.794850938808	0.0128793132587	0.00551970568229
énô-	0.316774491682	0.199861367837	0.177218114603	0.306146025878
mèṛ-	0.793397231097	0.149094781683	0.0149094781683	0.0425985090522
kís-	0.0	0.961538461538	0.0384615384615	0.0
mès-	0.0093567251462	0.966783625731	0.019649122807	0.00421052631579
wiṛ-	0.610898689817	0.282235998416	0.0748701340914	0.0319951776755
èwù-	0.0333333333333	0.966666666667	0.0	0.0
ápì-	0.09375	0.78125	0.0	0.125
kèè-	0.257062146893	0.663559322034	0.0584745762711	0.0209039548023
mós-	0.709923664122	0.0458015267176	0.0381679389313	0.206106870229
ngá-	0.226634878024	0.647605996039	0.10944554474	0.0163135811971
don-	0.726804123711	0.231958762887	0.0309278350515	0.0103092783505
kpâ-	0.197905038956	0.743542040163	0.0351791090214	0.0233738118594
ném-	0.12676056338	0.295774647887	0.492957746479	0.0845070422535
jòv-	0.0231417130921	0.913963959463	0.0126178904984	0.0502764369461
yii-	0.117859915838	0.830406525886	0.0312011732792	0.0205323849966
leg-	0.455160744501	0.494077834179	0.0355329949239	0.015228426396
rà'-	0.0177777777778	0.968888888889	0.0133333333333	0.0
zìn-	0.0	1.0	0.0	0.0
náj-	0.0168131448223	0.934275888422	0.006368615463	0.0425423512928
álì-	0.0288056725017	0.029248836694	0.002658985154	0.93928650565
mòs-	0.490683229814	0.385093167702	0.111801242236	0.0124223602484
ngê-	0.336673346693	0.380761523046	0.22244488978	0.060120240481
káb-	0.220105768289	0.443981980217	0.179218489864	0.15669376163
yaà-	0.338244724134	0.116504652791	0.107599945379	0.437650677695
lì'-	0.735403726708	0.124223602484	0.0670807453416	0.0732919254658
gàb-	0.129162462159	0.80423814329	0.0605449041372	0.00605449041372
mít-	0.213313099425	0.106967254838	0.0388708913157	0.640848754422
ŋó--	0.680304471932	0.231208372978	0.0399619410085	0.0485252140818
búd-	0.411330049261	0.300492610837	0.243842364532	0.0443349753694
síí-	0.356775652889	0.484885872918	0.1043594489	0.053979025293
kpé-	0.141085670747	0.166148845317	0.336902171232	0.355863312705
kuṛ-	0.196078431372	0.764705882353	0.0392156862745	0.0
seè-	0.266899268964	0.261796259375	0.0318048039495	0.439499667711
ṛen-	0.533438237608	0.346184107002	0.108575924469	0.0118017309205
go--	0.0135211267606	0.102647887324	0.0112676056338	0.872563380282
naà-	0.232323232323	0.727272727273	0.020202020202	0.020202020202
rés-	0.0	1.0	0.0	0.0
díg-	0.46695284306	0.347520440781	0.0492914843983	0.13623523176
dú'-	0.03875	0.690416666667	0.09625	0.174583333333
tó--	0.0605427974948	0.839248434238	0.100208768267	0.0
jés-	0.009009009009	0.990990990991	0.0	0.0
sàf-	0.0825688073394	0.524082568807	0.0137614678899	0.379587155963
ili-	0.404761904762	0.52380952381	0.0238095238095	0.047619047619
zek-	0.640486167533	0.101346070201	0.0370189821996	0.221148780067
lén-	0.309964118134	0.235302235716	0.303615788021	0.151117858129
mób-	0.363636363636	0.636363636364	0.0	0.0
tí~-	0.308412263647	0.127117734224	0.0570842965462	0.507385705583
gbo-	0.146853996861	0.292178391732	0.351233788777	0.209733822631
nìb-	0.395186103215	0.581087532846	0.0127303474941	0.0109960164451
kàp-	0.0195374082248	0.939360839602	0.0118800954912	0.0292216566821
jaa-	0.454741110189	0.307707563593	0.156105157229	0.0814461689891
gèj-	0.0454545454546	0.863636363636	0.0909090909091	0.0
dàv-	0.00307552112997	0.98359722064	0.00580931768994	0.00751794053992
bàl-	0.132190942472	0.834761321909	0.0293757649939	0.00367197062423
àkù-	0.0452201507338	0.885759619199	0.0285600952003	0.0404601348671
èvó-	0.131147540984	0.868852459016	0.0	0.0
ndì-	0.231311113448	0.406476711177	0.135632425612	0.226579749763
mòz-	0.0231969200966	0.966111247572	0.00448001586598	0.00621181646556
'du-	0.0386705949271	0.630576286035	0.0157221612039	0.315030957834
cék-	0.276923076923	0.261538461538	0.0615384615385	0.4
wê--	0.39649122807	0.382456140351	0.20701754386	0.0140350877193
mád-	0.0999999999999	0.825	0.075	0.0
èrò-	0.0	0.909090909091	0.0909090909091	0.0
toṛ-	0.5216516433	0.216761823744	0.0904673875701	0.171119145386
kpà-	0.243069599007	0.521632453767	0.156686265335	0.0786116818912
ṛèn-	0.280827597434	0.518131037956	0.0831514633538	0.117889901256
wun-	0.736842105263	0.228070175439	0.0350877192982	0.0
ìyè-	0.0689655172414	0.931034482759	0.0	0.0
400-	0.586956521739	0.228260869565	0.0108695652174	0.173913043478
òbé-	0.283582089552	0.716417910448	0.0	0.0
mbe-	0.0199232976998	0.230813906813	0.00334961658054	0.745913178907
mbô-	0.28125	0.25	0.03125	0.4375
tàk-	0.252707699147	0.453591659084	0.110351184732	0.183349457037
gìṛ-	0.308647353518	0.581863065418	0.0821171857983	0.0273723952661
bèl-	0.118890356671	0.865257595773	0.0158520475561	0.0
tàs-	0.22	0.46	0.28	0.04
ásì-	0.0100697134005	0.977794990963	0.00774593338497	0.00438936225148
fòr-	0.0	1.0	0.0	0.0
ma~-	0.459459459459	0.472972972973	0.0472972972973	0.0202702702703
ádì-	0.0	1.0	0.0	0.0
yee-	0.395088914857	0.113249325666	0.0277599393776	0.4639018201
'bá-	0.0985056175475	0.832663562704	0.0183617668444	0.0504690529042
kùù-	0.233713901948	0.466756212223	0.145735392881	0.153794492948
'ví-	0.414851583018	0.0266406057593	0.00618348440891	0.552324326814
jú--	0.328543577154	0.418008520471	0.112643512167	0.140804390209
i-t-	0.148753300756	0.589526349618	0.0240355423126	0.237684807313
ràn-	0.0983606557377	0.885245901639	0.0163934426229	0.0
mbâ-	0.0223194748359	0.959299781182	0.0105032822757	0.00787746170678
fúú-	0.381818181818	0.545454545455	0.0	0.0727272727273
vúṛ-	0.421020656136	0.138821385176	0.363608748481	0.0765492102066
fùú-	0.133333333333	0.366666666667	0.483333333333	0.0166666666667
ìtù-	0.0	0.985915492958	0.0140845070422	0.0
ṛo~-	0.707661290323	0.237903225806	0.054435483871	0.0
bàr-	0.0926218813016	0.838391127279	0.0381459807837	0.0308410106362
lok-	0.356884343037	0.493941778128	0.0500393391031	0.0991345397325
zén-	0.0897435897436	0.814102564103	0.0897435897436	0.00641025641026
gal-	0.550115369464	0.310597107322	0.0433338961112	0.0959536271033
see-	0.378709553896	0.54681217691	0.0146467547386	0.0598315144553
zàà-	0.106352697194	0.865792621559	0.0192814034422	0.0085732778047
lév-	0.0612055303569	0.922400131155	0.00983660309308	0.00655773539536
sàw-	0.0698401596346	0.868321984736	0.00720001645718	0.0546378391722
àné-	0.0728476821192	0.834437086093	0.092715231788	0.0
cèṛ-	0.252239834597	0.321847002068	0.235699517574	0.190213645761
lúc-	0.0	1.0	0.0	0.0
bii-	0.28624535316	0.468401486989	0.230483271375	0.0148698884759
taà-	0.124931031765	0.75348782218	0.0819736738393	0.0396074722157
lil-	0.150297759713	0.779563285755	0.0320446166935	0.0380943378391
ká'-	0.172726953961	0.665012798485	0.104579403205	0.0576808443494
làm-	0.0953817036013	0.19150175227	0.544035523757	0.169081020372
póó-	0.159297133804	0.135388160737	0.0420567478036	0.663257957655
gak-	0.704918032787	0.196721311475	0.0491803278689	0.0491803278689
ùlù-	0.386912039352	0.552990702848	0.0430771428863	0.0170201149132
kam-	0.145454545455	0.7	0.145454545454	0.00909090909091
mbó-	0.225976922331	0.696572287404	0.0546640162901	0.0227867739746
àbé-	0.167192429022	0.801261829653	0.00946372239747	0.0220820189274
mba-	0.181557846506	0.480240549828	0.302405498282	0.0357961053837
àrè-	0.0690713737529	0.898695318496	0.0	0.0322333077513
lu'-	0.530864197531	0.283950617284	0.123456790123	0.0617283950617
gó--	0.0576794097921	0.883970489604	0.0503018108652	0.00804828973843
sùp-	0.0392156862745	0.921568627451	0.0392156862745	0.0
sàm-	0.0442201393896	0.906512857486	0.00720980533526	0.042057197789
ṛuk-	0.734721261594	0.159556270874	0.0710735583911	0.0346489091402
bàà-	0.116813027896	0.759698614633	0.0949426780961	0.0285456793746
tìb-	0.0162381596752	0.951285520974	0.0324763193505	0.0
páp-	0.347826086956	0.513043478261	0.104347826087	0.0347826086956
èpà-	0.132385938669	0.803290949888	0.0359012715033	0.0284218399401
gbú-	0.163141770937	0.585132691101	0.226626803972	0.0250987339903
tìt-	0.123064248291	0.577204793842	0.0473720118945	0.252358945973
ṛòb-	0.0771704180064	0.922829581994	0.0	0.0
tiṛ-	0.242556098964	0.52145066168	0.156429804373	0.0795634349827
díí-	0.0365474129813	0.924349097301	0.0380272468811	0.00107624283626
tak-	0.454545454545	0.347107438016	0.132231404959	0.0661157024793
éfà-	0.0538780848402	0.919680427613	0.0196178778574	0.00682360968953
zaa-	0.370699051336	0.302637421786	0.244997645159	0.0816658817197
bè'-	0.0769230769231	0.863039399625	0.0600375234522	0.0
'bi-	0.156791907514	0.606936416185	0.227601156069	0.00867052023121
dùl-	0.353121199043	0.30905952054	0.133008984973	0.204810295445
aan-	0.391534391534	0.33664021164	0.184523809524	0.0873015873016
tím-	0.0	0.963636363636	0.0363636363636	0.0
màa-	0.398223398223	0.372897372897	0.129654129654	0.0992250992251
gee-	0.40555916775	0.461150845254	0.0308842652796	0.102405721716
kap-	0.317504332756	0.252570768342	0.105141536684	0.324783362218
'dó-	0.157788190548	0.201888277985	0.444417657865	0.195905873602
yìì-	0.494588744589	0.436958874459	0.0416666666666	0.0267857142857
dôn-	0.1826893708	0.710789554062	0.092776420281	0.0137446548565
àbá-	0.150943396226	0.754716981132	0.0	0.0943396226415
sil-	0.0171778593647	0.941486920606	0.00809494671357	0.033240273316
430-	0.521276595745	0.0	0.0	0.478723404255
ngi-	0.36301369863	0.431506849315	0.0821917808219	0.123287671233
i-m-	0.097287232667	0.845043833562	0.0389200651685	0.0187488686028
kù--	0.0526315789474	0.923976608187	0.0233918128655	0.0
'di-	0.747786406631	0.0896236003895	0.0232026104579	0.139387382521
ndá-	0.176043557169	0.606170598911	0.174228675136	0.043557168784
kày-	0.0636500754148	0.760180995475	0.156561085973	0.0196078431373
más-	0.0336552217454	0.893919885551	0.0675965665236	0.00482832618026
àrá-	0.0691244239631	0.912442396313	0.0	0.0184331797235
yí~-	0.322602280349	0.275821596244	0.186396154706	0.215179968701
wùù-	0.631161747547	0.221250156143	0.137212834706	0.0103752616035
bèè-	0.19066493542	0.653864552723	0.100116175767	0.0553543360897
tìí-	0.671806167401	0.251101321586	0.0198237885462	0.057268722467
tíṛ-	0.207920792079	0.712871287129	0.079207920792	0.0
'dú-	0.142547690588	0.225574732723	0.125833275103	0.506044301586
léz-	0.575221238938	0.238938053097	0.070796460177	0.115044247788
ngú-	0.202093546784	0.211266545749	0.528267987964	0.0583719195034
mìt-	0.0825	0.9175	0.0	0.0
ga'-	0.152139461173	0.657686212362	0.171156893819	0.0190174326466
go~-	0.611868234561	0.195623393817	0.121018612258	0.0714897593645
kôn-	0.34455683667	0.206373346537	0.324149395204	0.124920421589
mbé-	0.200707338638	0.618921308577	0.116710875332	0.0636604774536
lú'-	0.617210682493	0.329376854599	0.0356083086053	0.0178041543027
sín-	0.190996970777	0.378189593728	0.293277797577	0.137535637919
dél-	0.137651821862	0.295546558705	0.534412955466	0.0323886639676
wuù-	0.376741693462	0.275991425509	0.297963558414	0.0493033226153
nò'-	0.124272595017	0.403766593926	0.420985633752	0.050975177305
wàz-	0.468253968254	0.337301587302	0.111111111111	0.0833333333334
wàt-	0.309160305343	0.530534351145	0.160305343511	0.0
còk-	0.333333333333	0.487179487179	0.153846153846	0.025641025641
i-c-	0.181225554107	0.717830192406	0.0770416024653	0.0239026510213
jàl-	0.039166246428	0.938645150445	0.016697484171	0.00549111895556
èré-	0.0	1.0	0.0	0.0
kit-	0.354	0.502	0.0839999999999	0.06
bèj-	0.389447236181	0.429648241206	0.150753768844	0.0301507537688
árà-	0.513513513514	0.351351351351	0.135135135135	0.0
kí--	0.383928571429	0.424107142857	0.0982142857142	0.09375
