-épa	0.335971855761	0.379947229552	0.266490765172	0.0175901495163
-tɔn	0.304	0.576	0.096	0.024
-ufu	0.0	0.925925925926	0.0740740740741	0.0
-̀yè	0.203535441395	0.37008390317	0.270336817032	0.156043838403
-áwa	0.0650826446281	0.91632231405	0.0185950413223	0.0
-kpó	0.166014749456	0.253547504765	0.430874908431	0.149562837348
-̀yí	0.02868266486	0.952907539609	0.00630611780609	0.0121036777246
-kpé	0.185468623391	0.814531376609	0.0	0.0
-kpà	0.17982017982	0.172327672328	0.400599400599	0.247252747253
-kpá	0.429508196721	0.314754098361	0.245901639344	0.00983606557377
-aum	0.0	1.0	0.0	0.0
-péá	0.571303587052	0.201224846894	0.161854768154	0.0656167979003
-péé	0.642606706062	0.111734786259	0.0509292028115	0.194729304867
-i-a	0.103334499685	0.861745226743	0.0067873207789	0.0281329527937
-i-e	0.496402877698	0.341726618705	0.0971223021583	0.0647482014389
-i-i	0.472025723473	0.361414790997	0.12154340836	0.0450160771704
-i-n	0.0561760181903	0.180498896542	0.0992442988029	0.664080786464
-ɛ́ɛ	0.183332824034	0.273272395665	0.111578128517	0.431816651784
-gyè	0.15	0.616666666667	0.0	0.233333333333
-áfɔ	0.731092436975	0.168067226891	0.100840336134	0.0
-hɔá	0.428310263776	0.363454339688	0.0713850439628	0.136850352572
-hɔà	0.356204221461	0.28075286681	0.0510658105345	0.311977101195
-tíi	0.0706543204459	0.734497739939	0.178610611314	0.0162373283012
-héi	0.395550061805	0.339925834363	0.179233621755	0.0852904820766
-épé	0.682866484051	0.215516479632	0.0975523548644	0.00406468145268
-úbò	0.199052132701	0.473933649289	0.281516587678	0.0454976303317
-épà	0.605633802817	0.352112676056	0.0281690140845	0.0140845070422
-gzɛ	0.651366084257	0.271143869347	0.0225944084323	0.054895637963
-ìɔn	0.367491166078	0.56890459364	0.0212014134276	0.0424028268551
-̀ya	0.287692386884	0.1232434241	0.0842899058012	0.504774283214
-idi	0.00910470409711	0.990895295903	0.0	0.0
-ide	0.0789473684211	0.644736842105	0.0394736842105	0.236842105263
-kpu	0.301886792453	0.163522012579	0.358490566038	0.176100628931
-oyè	0.306288988829	0.514725083418	0.12077469897	0.0582112287828
-̀ɛɛ	0.163805787151	0.603727317312	0.0353114271702	0.197155468367
-kpo	0.207089552239	0.606343283582	0.0410447761193	0.14552238806
-kpa	0.753465346535	0.19900990099	0.0356435643564	0.0118811881188
-kpe	0.0448615601973	0.144899465308	0.469687397699	0.340551576795
-bɩɩ	0.803501945525	0.0856031128405	0.0350194552529	0.0758754863813
-hòa	0.0141187401226	0.117578742339	0.868302517538	0.0
-uta	0.0	1.0	0.0	0.0
-pée	0.349763673194	0.415259959487	0.0729237002025	0.162052667117
-ute	0.0	1.0	0.0	0.0
-péi	0.493796526055	0.382133995037	0.0942928039702	0.029776674938
-uti	0.0	1.0	0.0	0.0
-i-à	0.0620241198433	0.918913956107	0.00862741516617	0.0104345088834
-ɩle	0.207281903389	0.327009733237	0.333453496755	0.132254866619
-utu	0.590319242098	0.333253721837	0.074038691187	0.002388344877
-bìn	0.222222222222	0.703703703704	0.0740740740741	0.0
-hɔi	0.719071217633	0.152093182423	0.0180610654127	0.110774534532
-wùn	0.282017743889	0.344140123115	0.0695010124973	0.304341120498
-ááo	0.124903708595	0.084186200066	0.00935402222954	0.78155606911
-áán	0.241573039657	0.59814665047	0.0562494761011	0.104030833772
-áái	0.289330682355	0.517782196074	0.0321478535951	0.160739267975
-ìnì	0.273741386071	0.665855585078	0.037269953972	0.0231330748792
-bɔi	0.596401047026	0.403598952974	0.0	0.0
-ɩbò	0.21787095805	0.268456360086	0.428479550832	0.0851931310324
-yàn	0.327252879837	0.218752693114	0.103128321508	0.350866105541
-yàa	0.198895168609	0.103813987134	0.0329297004152	0.664361143841
-ɔyè	0.316466353743	0.479677534783	0.133027426382	0.0708286850912
-ɛíá	0.3515625	0.1640625	0.1171875	0.3671875
-ɛíà	0.404388714734	0.191222570533	0.0564263322884	0.347962382445
-ááá	0.330158730159	0.355555555556	0.0507936507937	0.263492063492
-ááà	0.502087223992	0.179803361529	0.193342854004	0.124766560475
-àbá	0.111801242236	0.826086956522	0.0	0.0621118012423
-nam	0.0	1.0	0.0	0.0
-ìng	0.198786669991	0.567688855647	0.212748275575	0.0207761987867
-àbò	0.114625895153	0.752175854203	0.115273499081	0.0179247515625
--vè	0.222081218274	0.690899202321	0.0108774474257	0.0761421319797
-yan	0.198156682028	0.672811059908	0.110599078341	0.0184331797235
-zɔn	0.6875	0.265625	0.046875	0.0
-èni	0.821454858153	0.0888692572455	0.00534492027427	0.0843309643274
-èng	0.195779124271	0.293348576655	0.142208757288	0.368663541786
-gɔɔ	0.709090909091	0.145454545455	0.109090909091	0.0363636363636
-àmɔ	0.00561197220737	0.978353821486	0.00160342063068	0.0144307856761
-uan	0.134322634948	0.793478948768	0.0466771156444	0.0255213006401
-ìn-	0.622950819672	0.254098360656	0.0	0.122950819672
-yàà	0.243408975051	0.263753607545	0.0874030101733	0.40543440723
-̀ɛ̀	0.177403211941	0.516776166636	0.0901815490249	0.215639072398
-aúá	0.00408163265307	0.995918367347	0.0	0.0
-ɛn-	0.0392156862745	0.882352941176	0.0	0.078431372549
-pèé	0.123076923077	0.676923076923	0.0615384615385	0.138461538461
-pèè	0.165121696835	0.33951321266	0.390287647065	0.10507744344
-uuá	0.287878787879	0.454545454546	0.0959595959596	0.161616161616
-uuà	0.547169811321	0.415094339623	0.0377358490566	0.0
-ɛ́-	0.322754182223	0.398114647579	0.143072258091	0.136058912106
-̂ɛà	0.34896684413	0.40040061146	0.169087027568	0.0815455168415
-̂ɛá	0.307908611599	0.348330404218	0.112478031635	0.231282952548
-ado	0.0330274394672	0.0682376489136	0.00233134866828	0.896403562951
-adi	0.0	1.0	0.0	0.0
-iwò	0.402246370194	0.447904300977	0.0931421787964	0.056707150032
-ɛni	0.0607457403902	0.913079265783	0.019754712322	0.00642028150465
-̀nó	0.131731332364	0.309292889628	0.0337475922568	0.525228185751
-ʋ̀a	0.498144893575	0.309509861355	0.163054090998	0.0292911540715
-see	0.0375521557719	0.941585535466	0.00834492350486	0.0125173852573
-ɛng	0.141592920354	0.244837758112	0.0530973451327	0.560471976401
-uii	0.815072903957	0.0517063560112	0.0340617355077	0.0991590045239
-ɛ́i	0.0531360267036	0.265235714173	0.157684687858	0.523943571266
-ɛ́n	0.0707395628292	0.224057638061	0.0511170905858	0.654085708524
-̀ɛn	0.556390977444	0.0902255639098	0.105263157895	0.248120300752
-uun	0.539880952381	0.306547619048	0.0309523809524	0.122619047619
-pèe	0.520408163265	0.448979591837	0.0	0.030612244898
-pèi	0.296202531646	0.392405063291	0.139240506329	0.172151898734
-kpɔ	0.554789050399	0.202735434072	0.0167972463356	0.225678269194
-̂ɛn	0.149887951204	0.850112048796	0.0	0.0
-̀n-	0.236890524379	0.277828886844	0.11269549218	0.372585096596
-idɔ	0.307692307692	0.303939962477	0.225140712946	0.163227016886
-zon	0.0637619553666	0.90037194474	0.0278958554729	0.00797024442084
-ɛnɛ	0.0655896607431	0.872374798061	0.0187399030695	0.043295638126
-zɔ́	0.0	1.0	0.0	0.0
-zɔ̀	0.117073170732	0.764966740577	0.0620842572062	0.0558758314856
-eii	0.69499482702	0.109848135384	0.036774805029	0.158382232567
-pè-	0.829239870921	0.0320135225119	0.00729908313271	0.131447523434
-̀ng	0.148537890805	0.578128861475	0.121887698625	0.151445549094
-ɛnù	0.195454545454	0.743181818182	0.0204545454545	0.0409090909091
-̂ɛ-	0.373020603835	0.160208116389	0.138375903443	0.328395376333
-ɛ́í	0.376470588235	0.129411764706	0.341176470588	0.152941176471
-ɛnó	0.0806453498021	0.284748211193	0.055925796928	0.578680642077
-ɛ́á	0.240515476993	0.47475221489	0.19860799687	0.0861243112471
-lʋ́	0.0421633439175	0.823538597679	0.00468481599084	0.129613242413
-iwo	0.214272190378	0.0545081222858	0.00752722376257	0.723692463574
-ɔ̂ɔ	0.15695273061	0.612666360716	0.147774208352	0.0826067003212
-ùàn	0.0114053740576	0.819253817901	0.167021070945	0.00231973709646
-oze	0.0112359550562	0.988764044944	0.0	0.0
-ùàa	0.11928150435	0.88071849565	0.0	0.0
-gùá	0.116295765766	0.786599188891	0.018806906015	0.0782981393276
-iɔn	0.0545498588665	0.918319523496	0.00779283698093	0.0193377806564
-azi	0.0132085855806	0.984314804623	0.0	0.00247660979637
-aze	0.0533333333333	0.916666666667	0.0	0.03
-gùò	0.527819801647	0.267944192301	0.105900151286	0.0983358547655
-áti	0.14	0.74	0.1	0.02
-iko	0.0394265232975	0.94982078853	0.00358422939068	0.00716845878135
-èiá	0.240148061211	0.348169548143	0.0846236025219	0.327058788125
-iki	0.00793650793651	0.992063492063	0.0	0.0
-iku	0.0462427745665	0.953757225434	0.0	0.0
-kòò	0.612903225806	0.31797235023	0.0414746543779	0.0276497695853
-non	0.0	0.947368421053	0.0526315789474	0.0
-tɛɛ	0.383795309168	0.475479744136	0.0127931769723	0.127931769723
-noe	0.0	1.0	0.0	0.0
-fáa	0.7	0.226315789474	0.0631578947368	0.0105263157895
--ii	0.573641759806	0.274727933562	0.0702561249379	0.0813741816938
-yáa	0.157065764502	0.0894133179305	0.0602326924664	0.693288225101
-ó-à	0.186233339419	0.606840727892	0.0620777798064	0.144848152882
-yán	0.160818059902	0.675569959768	0.105386678587	0.0582253017434
-gla	0.276421985781	0.582759266745	0.0443318279084	0.0964869195652
-gle	0.264713237148	0.150625828363	0.0815302059361	0.503130728553
-too	0.0	1.0	0.0	0.0
-iei	0.699050121541	0.257424116174	0.00791377496083	0.0356119873238
-tɔ́	0.268645217906	0.642518953888	0.0465811573351	0.0422546708707
-tɔ̀	0.536049604017	0.299441024659	0.0432185636529	0.121290807671
-égo	0.567757009346	0.296728971963	0.114485981308	0.0210280373832
--wí	0.0647482014388	0.532374100719	0.31654676259	0.0863309352518
-ɔde	0.0	1.0	0.0	0.0
-ɔdi	0.0276420392386	0.920866457589	0.0389468310116	0.012544672161
-àmò	0.551724137931	0.206896551724	0.241379310345	0.0
-dàà	0.396200392828	0.189098862909	0.0451341614241	0.369566582839
-wèè	0.266266160079	0.615665523399	0.0506854066319	0.0673829098896
-eóó	0.579831932773	0.36974789916	0.0504201680672	0.0
-tà-	0.473282442748	0.343511450382	0.0458015267176	0.137404580153
-hɔ̀	0.242911848844	0.276425683932	0.0893161420115	0.391346325212
-ìnɛ	0.25681215041	0.461866655779	0.230171885845	0.0511493079655
-îiá	0.18	0.762	0.0579999999999	0.0
-yáò	0.0188877229801	0.94018887723	0.0314795383001	0.00944386149003
-ó-e	0.27	0.58	0.15	0.0
-yáá	0.25124812337	0.105637080203	0.0216575882345	0.621457208193
-bàà	0.172193966936	0.73178369277	0.0367018722899	0.0593204680035
-ó-i	0.26511627907	0.316279069767	0.139534883721	0.279069767442
-glà	0.10930242988	0.500185915958	0.146232533005	0.244279121156
-glá	0.036659344496	0.90835163876	0.054989016744	0.0
-glé	0.173145592025	0.477401712854	0.0506027188839	0.298849976238
-wún	0.191391877369	0.305169122723	0.0288915856749	0.474547414233
-glú	0.260852583417	0.677770338132	0.0306885392255	0.0306885392255
-ieá	0.226501965188	0.284446939921	0.0911847276811	0.397866367209
-ieà	0.379462616626	0.191686240839	0.115966173707	0.312884968828
--wo	0.399451907332	0.349016768755	0.0981715082782	0.153359815635
-dàn	0.68115942029	0.31884057971	0.0	0.0
-gɔn	0.332002540604	0.443698393975	0.0936394156611	0.13065964976
-zɔɔ	0.016	0.984	0.0	0.0
-lei	0.198102359398	0.108530675439	0.0326849138388	0.660682051324
-lea	0.0	1.0	0.0	0.0
-̂ɩá	0.15	0.68125	0.16875	0.0
-itó	0.04	0.313333333333	0.533333333333	0.113333333333
-ulé	0.176438125772	0.217722649988	0.194202822379	0.411636401861
-ágo	0.556638246041	0.149411287048	0.281770198945	0.0121802679659
-ida	0.0	1.0	0.0	0.0
-oii	0.555361105028	0.172595853487	0.0431757324668	0.228867309018
-ɛyè	0.278069392302	0.441969909587	0.136517107927	0.143443590184
-ole	0.219298560068	0.128745696717	0.050172477137	0.601783266078
-íwo	0.389429078247	0.546514683661	0.0335063399251	0.030549898167
-ùáá	0.096759330364	0.817232375979	0.0161265550607	0.0698817385962
-miá	0.363645633873	0.237550844673	0.0535922682106	0.345211253243
-nɛà	0.107511270816	0.771166186803	0.0704104040606	0.0509121383207
-le-	0.476635514019	0.41277258567	0.0467289719626	0.0638629283489
-gìì	0.502392344498	0.181818181818	0.0861244019139	0.22966507177
-lom	0.0	1.0	0.0	0.0
-vòò	0.511548005345	0.243367054781	0.222179805306	0.0229051345677
-pee	0.661536582387	0.226700867228	0.0415292536949	0.0702332966898
-pei	0.66847668503	0.240134960593	0.0324221736036	0.0589661807734
-ùlo	0.315789473684	0.657894736842	0.0263157894737	0.0
-tɛ́	0.383838383838	0.252525252525	0.0	0.363636363636
-uaà	0.873134328358	0.126865671642	0.0	0.0
-leà	0.412325918292	0.333062707537	0.0685216101884	0.186089763982
-leá	0.297131547185	0.247186868099	0.130280010153	0.325401574563
-itu	0.0206718346253	0.975352812562	0.00159014112502	0.00238521168753
-esu	0.0182431145291	0.801085664678	0.00310950570455	0.177561715089
-̀ia	0.197014925373	0.486567164179	0.280597014925	0.0358208955224
-esi	0.0357142857143	0.928571428571	0.0357142857143	0.0
-oiá	0.334020618557	0.430927835052	0.179381443299	0.0556701030928
-ite	0.0377687575121	0.937052070813	0.0118027367225	0.0133764349522
-̀in	0.371290643614	0.45283484099	0.0488540320544	0.127020483341
-ita	0.0112271947606	0.988772805239	0.0	0.0
-faa	0.0702647657841	0.894093686354	0.0061099796334	0.0295315682281
-úáà	0.674378748929	0.234790059983	0.0599828620394	0.0308483290488
-fai	0.138688240393	0.823172493499	0.019069633054	0.019069633054
-fan	0.0	1.0	0.0	0.0
-íwò	0.278481012658	0.6	0.121518987342	0.0
-uda	0.0709096192968	0.91368788143	0.00116245277536	0.0142400464981
-ude	0.00343642611684	0.982817869416	0.0	0.0137457044673
-gúò	0.74424733509	0.00298941903001	0.224678440782	0.0280848050977
-gèè	0.199047851976	0.734109677831	0.0215113130134	0.0453311571795
-udi	0.0	1.0	0.0	0.0
-lɛ̀	0.730065585088	0.206420434933	0.020711080428	0.0428028995512
-èèi	0.140601444467	0.593750637273	0.158710816964	0.106937101295
-èèa	0.425514832212	0.438021137084	0.0804688854562	0.0559951452485
-nɛi	0.0640495867769	0.913223140496	0.0	0.0227272727273
-bhi	0.139712830926	0.06858625108	0.0229896509211	0.768711267073
-wɛ́	0.303577723233	0.540217626497	0.021178934305	0.135025715965
-̀i-	0.0251836306401	0.741867785939	0.228751311647	0.00419727177335
-íiá	0.2977276603	0.48249914734	0.137598055934	0.0821751364257
-peà	0.630507110498	0.0655555268447	0.012242297692	0.291695064965
-peá	0.387291718719	0.127947825522	0.231209087743	0.253551368016
-laà	0.775343795902	0.0824158131068	0.0307255909268	0.111514800064
-àlé	0.118218228325	0.314889606893	0.25839728056	0.308494884222
--tò	0.370446569528	0.330197943843	0.180155174095	0.119200312534
--tó	0.375839964758	0.348200115103	0.129409119844	0.146550800294
-zíà	0.562029714286	0.245238857143	0.0969874285714	0.095744
-àlá	0.208309247553	0.65139358401	0.0868845408595	0.0534126275776
-àlà	0.495607457003	0.327197580592	0.0910449254346	0.0861500369705
-ɔgi	0.0	1.0	0.0	0.0
-izi	0.068806369147	0.884809845814	0.0180559799775	0.0283278050616
-mòa	0.374655647383	0.324150596878	0.0936639118458	0.207529843893
-nnù	0.389289480784	0.281988080347	0.0545091114218	0.274213327447
-wéé	0.258926606789	0.13024344382	0.0244043927907	0.5864255566
-wéè	0.288401253918	0.476489028213	0.0188087774295	0.216300940439
-nnó	0.197171048453	0.57321014268	0.0558355531811	0.173783255685
-wɛi	0.101935296666	0.0630287100738	0.00506608472614	0.829969908534
-ɔià	0.551470588235	0.411764705882	0.00735294117646	0.0294117647059
-iɛn	0.0445332572081	0.926919783043	0.00685127033971	0.0216956894091
-nná	0.266916770877	0.173961372794	0.0603029039878	0.498818952341
-nnà	0.388851121686	0.397008837525	0.157036029912	0.057104010877
-hʋʋ	0.0	0.988095238095	0.0119047619048	0.0
-iɛi	0.456456456456	0.378378378378	0.054054054054	0.111111111111
-íéá	0.0851063829787	0.595744680851	0.234042553191	0.0851063829787
-lóó	0.0638064610437	0.852623885397	0.0102324221605	0.0733372313989
-lóà	0.591697709011	0.104003054707	0.0403416897969	0.263957546485
-lóá	0.598265006408	0.159226650867	0.0953279405815	0.147180402144
-nɔ́	0.395243488109	0.480181200453	0.039637599094	0.0849377123443
-nɔ̀	0.530487804878	0.34756097561	0.0487804878049	0.0731707317073
-́ke	0.574380165289	0.231404958678	0.0165289256198	0.177685950413
-zíi	0.580980478023	0.205084472307	0.0251688293729	0.188766220296
-àle	0.510998050458	0.0515325340517	0.00531042156307	0.432158993928
-zía	0.34430196094	0.198694506909	0.0474096500777	0.409593882073
-hɛɛ	0.303500236211	0.374994665587	0.0732110810554	0.248294017147
--to	0.436212179052	0.328717431141	0.165001331307	0.0700690585002
-mòà	0.466950959488	0.356787491116	0.113717128642	0.0625444207534
-wéi	0.0222222222222	0.711111111111	0.266666666667	0.0
-wɛí	0.268806419258	0.503009027081	0.159311267135	0.0688732865262
-wɛì	0.39583030957	0.0656524414172	0.00726924958375	0.531247999429
-nnu	0.900385226768	0.0255624454024	0.017149035501	0.0569032923284
-nni	0.25515025515	0.363015363015	0.01647001647	0.365364365364
-awo	0.813436390467	0.0998676972775	0.020417762708	0.0662781495475
-nna	0.506566948229	0.113794015617	0.0413281325335	0.33831090362
-nng	0.11170267588	0.69214173342	0.0966904054271	0.0994651852737
-ɔii	0.463217179677	0.18409928447	0.103562194703	0.24912134115
-hùù	0.385714285714	0.271428571429	0.0285714285714	0.314285714286
-ɛɛ́	0.181052631579	0.692631578947	0.113684210526	0.0126315789474
-̀ɔn	0.429905435603	0.321733532624	0.184652153967	0.0637088778062
-tie	0.0479452054794	0.941780821918	0.00684931506849	0.00342465753425
-lói	0.105485232068	0.455696202532	0.0353375527426	0.403481012658
-lóo	0.126537761663	0.809219990108	0.0292010219223	0.0350412263068
-ɛɛá	0.306083031575	0.203477247238	0.0454646361032	0.444975085084
-ɛɛà	0.42632834539	0.179167286284	0.031034181837	0.363470186489
-kía	0.0652173913044	0.630434782609	0.304347826087	0.0
-́ya	0.0581241743725	0.840158520476	0.0858652575957	0.0158520475562
-wɛ̀	0.0814560137228	0.867985081208	0.0505589050693	0.0
-mɔɔ	0.216560172785	0.172981258698	0.218474436469	0.391984132048
-iɛ̀	0.561546286877	0.330620549339	0.00610376398779	0.101729399797
-ódɔ	0.921510183805	0.0509190263289	0.0119225037258	0.0156482861401
-nóà	0.176470588235	0.235294117647	0.235294117647	0.352941176471
-nóá	0.156723101198	0.345430508764	0.285726470212	0.212119919826
-yué	0.0317161249804	0.715653948815	0.0668864813943	0.185743444811
-ʋbò	0.158532265374	0.73698742259	0.0412687167004	0.0632115953363
-ìbò	0.0659502532232	0.767174983516	0.160561720515	0.00631304274632
-nɔá	0.675347298276	0.237554339843	0.0388592691468	0.048239092734
-ɛɛi	0.393670564731	0.309700732908	0.00503553029349	0.291593172067
-̀ɔ́	0.216420966421	0.0812858312859	0.168509418509	0.533783783784
-̀ɔ̀	0.330919634592	0.372871995586	0.074928621461	0.221279748362
-yúá	0.217354793562	0.464940517845	0.0736179146256	0.244086773968
-lʋ̀	0.22131147541	0.459016393443	0.22131147541	0.0983606557378
-́yè	0.319669845585	0.426949334096	0.204893350822	0.0484874694971
-bàa	0.612244897959	0.375510204082	0.0122448979592	0.0
-nói	0.402147841256	0.20769733973	0.106846925425	0.283307893589
-yua	0.318181818182	0.232771260997	0.303335777126	0.145711143695
-kóó	0.258053073802	0.231006273971	0.0394617243443	0.471478927883
-kóò	0.657281553398	0.258252427184	0.0116504854369	0.0728155339806
-nuu	0.889839271457	0.0240414393614	0.00651988161458	0.0795994075672
-ɛ̂ɛ	0.151695246277	0.215182285695	0.0143367794882	0.61878568854
-nɔi	0.477876106195	0.283185840708	0.172566371681	0.0663716814159
-níi	0.0857560797221	0.752971292741	0.103126714207	0.0581459133296
-nó-	0.417236288073	0.336577896867	0.121780499809	0.124405315251
-nɛɛ	0.0880681818182	0.0625	0.826704545455	0.0227272727272
-usi	0.036036036036	0.963963963964	0.0	0.0
-̀tà	0.230721301862	0.386380296144	0.0612080340126	0.321690367981
-iiá	0.178345749298	0.590898996629	0.172208426705	0.0585468273676
-iià	0.353744627334	0.408827630639	0.146846913772	0.0905808282547
-éké	0.399364131845	0.367895146639	0.0817544770309	0.150986244485
-iè-	0.605744125326	0.340731070496	0.00783289817235	0.0456919060052
-̀tó	0.0574615856164	0.245198623078	0.140117348279	0.557222443027
-édɔ	0.771056713197	0.0731674421742	0.00606918875177	0.149706655877
-sàn	0.778000105911	0.126734574998	0.0540913252467	0.0411739938445
-ɛɛn	0.180375033025	0.699915500272	0.0248716181128	0.0948378485898
-lòò	0.193661971831	0.510563380282	0.295774647887	0.0
-a-i	0.589090909091	0.345454545455	0.0218181818182	0.0436363636363
-a-n	0.43897996357	0.500910746812	0.0382513661202	0.0218579234973
-a-a	0.107562969751	0.798072764757	0.0319292183891	0.0624350471033
--gó	0.488786786508	0.34196433636	0.0537691936147	0.115479683517
--gò	0.391468556625	0.360442868218	0.0644523129667	0.18363626219
-nàà	0.207303730474	0.280298722641	0.390401155614	0.121996391271
-wii	0.130707068162	0.622480389673	0.0399240528596	0.206888489306
-pɩɩ	0.243902439024	0.658536585366	0.0975609756098	0.0
-taà	0.733884038271	0.173053798296	0.0402572280023	0.0528049354316
-taá	0.585457891486	0.370944180424	0.0435979280894	0.0
-wia	0.15048094517	0.483887667394	0.113171619921	0.252459767516
-m-a	0.0367068694284	0.93008215347	0.00961370389792	0.023597273204
-ɛzi	0.00104004160166	0.991159646386	0.00520020800832	0.00260010400416
-éeá	0.19570270113	0.735161332399	0.0194402123543	0.0496957541169
-tò-	0.340286831812	0.466753585398	0.0378096479791	0.155149934811
-́ɩ́	0.38735951855	0.306900697067	0.091055256883	0.214684527501
-ené	0.56640625	0.1640625	0.0234375	0.24609375
-mɔ̀	0.582010582011	0.201058201058	0.10582010582	0.111111111111
-mɔ́	0.18059272475	0.347606303895	0.220537218753	0.251263752602
-wɛɛ	0.0991503227498	0.815051528421	0.0636966500043	0.0221014988244
-ámò	0.115488209151	0.491491021799	0.238630980631	0.15438978842
-ɛtà	0.364902506964	0.384401114206	0.242339832869	0.00835654596102
-iia	0.406392694064	0.276255707763	0.212328767123	0.10502283105
-̀ti	0.594936708861	0.329113924051	0.0379746835443	0.0379746835443
-wêe	0.00925925925926	0.941358024691	0.0493827160494	0.0
-sàà	0.311873104735	0.600653137392	0.0454863540938	0.0419874037789
-loá	0.282067119621	0.205682520074	0.417129915586	0.095120444719
--go	0.347274468824	0.354577694528	0.0423505449785	0.25579729167
-bhá	0.0665666107531	0.689502957535	0.116535711133	0.127394720579
-nɛ̀	0.111433296025	0.134284491149	0.0236814582546	0.730600754572
-nɛ́	0.107583699631	0.526557676741	0.09286070119	0.272997922438
--gi	0.372031662269	0.0844327176781	0.511873350923	0.0316622691293
--ga	0.483315420791	0.303114278135	0.129308073106	0.0842622279669
-epé	0.225	0.375	0.15	0.25
-́kɛ	0.0635876133144	0.851055366931	0.0688990492501	0.0164579705049
-a-á	0.134797803295	0.751063060582	0.0216916005302	0.0924475355931
-a-à	0.116614009677	0.455833711274	0.0301817290583	0.397370549991
-lòa	0.137541160494	0.610480545476	0.221654258645	0.0303240353846
-tam	0.0	1.0	0.0	0.0
-tan	0.0	1.0	0.0	0.0
-tai	0.112923462986	0.736511919699	0.0	0.150564617315
-taa	0.534853420195	0.265798045603	0.140716612378	0.0586319218241
-wià	0.122736418511	0.66800804829	0.102615694165	0.106639839034
-hêe	0.24358974359	0.115384615385	0.025641025641	0.615384615385
-m-à	0.31877958969	0.510257759074	0.0631246712257	0.10783798001
-éei	0.24180470017	0.125037886955	0.0260912224128	0.607066190463
-lò-	0.57941076871	0.234676600068	0.074500507958	0.111412123265
-vɛn	0.0298507462686	0.970149253731	0.0	0.0
-eni	0.19178595652	0.400282904366	0.0213516938564	0.386579445258
-eng	0.253223047733	0.182526753808	0.0787571746153	0.485493023844
-ena	0.0	1.0	0.0	0.0
-àyi	0.455720440402	0.529812244029	0.0144673155683	0.0
-yúé	0.222937928727	0.48678266689	0.240087000167	0.0501924042162
-u-e	0.0741656365882	0.814585908529	0.111248454883	0.0
-èke	0.104176622384	0.264264551276	0.151953896303	0.479604930037
-u-a	0.0234436343242	0.862815479529	0.0952327537857	0.0185081323612
-hei	0.425465838509	0.472049689441	0.0745341614907	0.027950310559
-lɔm	0.0480976310122	0.838119167265	0.0233309404164	0.0904522613065
-ùtù	0.12102120457	0.818468193145	0.060510602285	0.0
-hee	0.567896678967	0.272693726937	0.0287822878229	0.130627306273
-nsi	0.0061099796334	0.9816700611	0.0	0.0122199592668
-bià	0.495368155526	0.504631844474	0.0	0.0
-zua	0.813461538462	0.125961538461	0.0	0.0605769230769
-kɛ́	0.0258926753757	0.0166512154331	0.00320486190563	0.954251247286
-kɛ̀	0.449408672799	0.321944809461	0.134034165572	0.0946123521681
--dɔ	0.224558411009	0.429149532664	0.150338551447	0.19595350488
-́bò	0.0560608594808	0.854721345121	0.067517020735	0.0217007746632
-nma	0.2419866193	0.455118564705	0.0775324559193	0.225362360076
-áè-	0.918032786885	0.0819672131147	0.0	0.0
-inɛ	0.0157775211732	0.946169340422	0.00483597890339	0.0332171595012
-luà	0.704706640877	0.192134107028	0.00773694390715	0.0954223081882
-luá	0.133650266852	0.7248508768	0.050679463605	0.0908193927434
-zìn	0.341139806228	0.281422084245	0.120780195049	0.256657914479
-ígó	0.190602655771	0.769969356486	0.0255362614913	0.0138917262513
-àyà	0.692015209125	0.182509505703	0.102661596958	0.0228136882129
-bɛɛ	0.0	1.0	0.0	0.0
-dee	0.0185481883165	0.972085284693	0.00221838797141	0.00714813901898
-àyè	0.183518616552	0.404976177872	0.23539791777	0.176107287807
-àyí	0.443548387097	0.483870967742	0.0483870967742	0.0241935483871
-u-á	0.262175218697	0.628989237685	0.0365582974279	0.0722772461903
-u-à	0.105149855076	0.708264734521	0.0400759825008	0.146509427902
-ɛii	0.443483735005	0.229877652701	0.0394580634429	0.28718054885
-lɔà	0.537549407115	0.308865047996	0.00903444381705	0.144551101073
-ɛin	0.548244171776	0.248763530587	0.0571685943079	0.145823703329
-nsí	0.608870967742	0.233870967742	0.0423387096774	0.114919354839
-bie	0.775800711744	0.201512455516	0.0226868327402	0.0
-bia	0.032967032967	0.958791208791	0.00824175824176	0.0
-bin	0.202592013442	0.217490717025	0.044346614729	0.535570654805
-bii	0.649084965867	0.276200217918	0.0373574081074	0.0373574081075
-àki	0.296395342359	0.37600980556	0.0116998161457	0.315895035935
-puá	0.4	0.6	0.0	0.0
-ígo	0.655134541461	0.205381658429	0.064799560681	0.0746842394289
-nmá	0.312032630863	0.610469068661	0.0530251529572	0.0244731475187
-luu	0.0657428463348	0.780857178884	0.153399974781	0.0
-èyè	0.517598343685	0.432712215321	0.0496894409938	0.0
-lui	0.404761904762	0.547619047619	0.047619047619	0.0
-zìì	0.0910228266599	0.162584202631	0.713586525262	0.0328064454471
-kɛɛ	0.532381500368	0.0811195280563	0.00968271753302	0.376816254043
-ayu	0.0607476635514	0.911214953271	0.0	0.0280373831776
-tói	0.538989295682	0.173603203075	0.0447214896292	0.242686011614
-goò	0.0743937712836	0.315004725248	0.0484202627373	0.562181240731
-kɔi	0.103607137104	0.165119894509	0.0921994583113	0.639073510075
-éta	0.701053095881	0.172575398357	0.0347356233115	0.0916358824503
-ega	0.113636363636	0.886363636364	0.0	0.0
-zɛà	0.580380365109	0.236924795583	0.0369095396396	0.145785299669
-tán	0.817668711656	0.182331288344	0.0	0.0
-bhɔ	0.327133325913	0.352841833725	0.0341134676294	0.285911372733
-bhɛ	0.215024224564	0.524499275761	0.145971729684	0.114504769992
-sáá	0.0617150281507	0.873321784322	0.0649631875271	0.0
-sáà	0.2496502744	0.445819433983	0.0195846335952	0.284945658022
-tó-	0.336793540946	0.396770472895	0.128027681661	0.138408304498
-égò	0.494318181818	0.255681818182	0.102272727273	0.147727272727
-gàà	0.404068002429	0.320279295689	0.115664845173	0.159987856709
-aki	0.00571702725049	0.989543037429	0.00203734062018	0.00270259470023
-kɩɩ	0.5625	0.205357142857	0.0	0.232142857143
-aka	0.013582397027	0.0680960873996	0.0460185749086	0.872302940665
-únú	0.313381022512	0.616557963392	0.0353460972018	0.0347149168946
-ìdɔ	0.586695747001	0.276990185387	0.071973827699	0.0643402399128
-goo	0.352508994246	0.561405528136	0.0264878392671	0.0595976383509
-gon	0.0	1.0	0.0	0.0
-ayí	0.35095600951	0.612422493846	0.0366214966445	0.0
-iéá	0.6	0.3	0.0	0.1
-ayè	0.314599801025	0.506214320233	0.0772860537647	0.101899824977
-tóà	0.418309818085	0.105947431291	0.0168875759285	0.458855174695
-tóá	0.194689557561	0.239121183575	0.0483447794854	0.517844479378
-étà	0.239898532343	0.642326508425	0.0549616476414	0.0628133115902
-gà-	0.536585365854	0.195121951219	0.0731707317074	0.195121951219
-ubò	0.20077086903	0.540724835985	0.159695008601	0.0988092863839
-òng	0.121522503854	0.739484932497	0.111731591221	0.0272609724285
-eon	0.197278911565	0.790162218734	0.00627943485086	0.00627943485089
-búú	0.158779576588	0.63840953567	0.176125244618	0.026685643124
-táá	0.404114547721	0.425572135301	0.0305675099546	0.139745807023
-íaá	0.244131455399	0.203442879499	0.37558685446	0.176838810642
-sáa	0.285231242024	0.676339399021	0.0333054444279	0.00512391452737
-àwa	0.143884892086	0.812949640288	0.0	0.0431654676259
-bɛ̀	0.649092480553	0.28349178911	0.0311149524633	0.0363007778738
-bɛ́	0.039011703511	0.652145643693	0.304941482445	0.00390117035111
-búá	0.176666666667	0.527777777778	0.0511111111111	0.244444444444
-gàa	0.15668202765	0.331797235023	0.442396313364	0.0691244239632
-úng	0.220319446731	0.45062846479	0.0257972446348	0.303254843844
-gàn	0.784581638146	0.0450625402128	0.0287355328893	0.141620288751
-̀ɩ̀	0.475749095165	0.298611184493	0.100574858438	0.125064861904
-únu	0.0826067003212	0.173932996788	0.743460302891	0.0
-sʋ̀	0.244360902256	0.484962406015	0.225563909774	0.0451127819549
-in-	0.436670687575	0.522316043426	0.0	0.0410132689988
-ééá	0.366666666667	0.488888888889	0.111111111111	0.0333333333333
-ééà	0.695431472081	0.0761421319797	0.0812182741116	0.147208121827
-́ia	0.415695415695	0.27195027195	0.13986013986	0.172494172494
-́in	0.789759166847	0.151008895639	0.0197439791712	0.0394879583424
-́ii	0.587209842586	0.201154124928	0.0499934952701	0.161642537216
-nle	0.430086672485	0.223892225392	0.0595188646097	0.286502237513
-gaa	0.707217487826	0.100991794456	0.00826675955485	0.183523958163
-gai	0.384725196288	0.481798715203	0.00785153461814	0.12562455389
-yeé	0.800469483568	0.165727699531	0.0169014084507	0.0169014084507
-àng	0.0208898933019	0.0944251198352	0.00128205667344	0.883402930189
-yeá	0.831034482759	0.0289655172414	0.00827586206896	0.131724137931
-yaa	0.377484026319	0.134132647978	0.109162805062	0.379220520641
-àni	0.18487394958	0.732026143791	0.077497665733	0.00560224089635
-ini	0.141648533259	0.120044521101	0.189830021218	0.548476924422
-ʋʋi	0.501818181818	0.247272727273	0.185454545454	0.0654545454546
-ina	0.00682249644044	0.0955742762221	0.00177978168011	0.895823445657
-̀wo	0.798198650382	0.110479058614	0.0284423623892	0.0628799286152
-zùà	0.655360335591	0.292900690546	0.0402414241153	0.0114975497472
-ing	0.10659618345	0.571030236138	0.235760550699	0.0866130297133
-zùù	0.836363636364	0.109090909091	0.0	0.0545454545455
-ɔki	0.0599001663893	0.940099833611	0.0	0.0
-inu	0.0363636363636	0.927272727273	0.0	0.0363636363636
-dóo	0.0541586073501	0.941972920696	0.00386847195357	0.0
-ga-	0.532467532468	0.311688311688	0.124675324675	0.0311688311688
-àn-	0.942962714142	0.0481692979509	0.00886798790729	0.0
-́iá	0.075197889182	0.854881266491	0.0699208443272	0.0
-́ià	0.324675324675	0.428571428571	0.155844155844	0.0909090909091
-òàa	0.560975609756	0.351219512195	0.0878048780488	0.0
-nlà	0.481012658228	0.0253164556962	0.46835443038	0.0253164556962
-gaá	0.554545454546	0.122727272727	0.25	0.0727272727272
-gaà	0.447483270294	0.301716613326	0.190864125691	0.0599359906896
-nlé	0.377077044579	0.358201926648	0.0539196763373	0.210801352436
-yei	0.372307692308	0.433846153846	0.0830769230769	0.110769230769
-bɛi	0.00767289023319	0.921881081322	0.00856250069501	0.0618835277502
-ànà	0.574288724974	0.210748155954	0.161222339305	0.0537407797682
-fún	0.501101321586	0.181718061674	0.00991189427316	0.307268722467
-inà	0.0699175705628	0.148596310901	0.0365907678867	0.744895350649
-́ʋ́	0.331485338148	0.492964734252	0.0872846008734	0.0882653267259
-̀wò	0.482504604052	0.28729281768	0.186003683241	0.0441988950276
-gbú	0.0512820512821	0.128205128205	0.0769230769231	0.74358974359
-sóá	0.275862068966	0.475862068966	0.215172413793	0.0331034482758
--dò	0.197175436306	0.262784523654	0.0574269922096	0.48261304783
-sóó	0.272108843537	0.52380952381	0.170068027211	0.0340136054422
-lèè	0.350351606176	0.333335924127	0.0923927856072	0.223919684089
-tàa	0.537313432836	0.313432835821	0.0149253731343	0.134328358209
--gà	0.608390247824	0.217004479258	0.110037698037	0.0645675748812
-kɔɔ	0.145477065013	0.397105609515	0.0205826180206	0.436834707451
-̀kɛ	0.239193083573	0.743515850144	0.0172910662824	0.0
-gáá	0.377345770225	0.211691909863	0.200858884374	0.210103435538
-́là	0.210984594776	0.572672471534	0.172806430007	0.0435365036839
-á-á	0.107784431138	0.51497005988	0.0	0.377245508982
-̀-n	0.531999755227	0.109356173026	0.141866601394	0.216777470354
-̀-i	0.579525479678	0.342488136992	0.0589230451826	0.0190633381473
-̀-e	0.503789596424	0.251344173091	0.0385437585023	0.206322471983
-olu	0.00707226403119	0.0340919394324	0.00326412186055	0.955571674676
-oli	0.0402333658826	0.837768685957	0.00519140204936	0.116806546111
-saa	0.271030005936	0.540317484633	0.141259598261	0.0473929111694
-kià	0.112855955558	0.0349940947465	0.00787367131797	0.844276278378
-olo	0.335475597737	0.246981274018	0.0689952333828	0.348547894862
-ola	0.618929924074	0.306594277202	0.0411418726823	0.0333339260419
-ógi	0.707060927956	0.203651514589	0.0482635445703	0.0410240128848
-san	0.706940874036	0.254498714653	0.0308483290488	0.00771208226221
-sam	0.0	1.0	0.0	0.0
-púú	0.0770913114513	0.248470650611	0.6494267281	0.0250113098377
-a-e	0.519493782257	0.333605662349	0.0908112524255	0.0560893029687
-bùé	0.683432279951	0.204469191342	0.109886057745	0.00221247096132
-bha	0.0954807177839	0.7576109539	0.0372365694294	0.109671758887
-bhe	0.345549212775	0.0917894119721	0.01908317232	0.543578202933
-ɩ̂ɩ	0.0826625084541	0.769161388916	0.127741912477	0.0204341901532
-púá	0.504424778761	0.159292035398	0.283185840708	0.0530973451327
-lɔ́	0.579955822674	0.238454820979	0.119946576257	0.0616427800894
-lɔ̀	0.361801929374	0.396583768475	0.187509219105	0.0541050830457
-zué	0.13237902293	0.277268765495	0.0362189305835	0.554133280991
-sʋʋ	0.0629860031104	0.882192846034	0.0431570762053	0.0116640746501
-tàà	0.278747742324	0.559301625527	0.0915111378688	0.0704394942806
-húu	0.495327831771	0.266180989969	0.23849117826	0.0
-ɛvu	0.0688524590164	0.931147540984	0.0	0.0
-ì-e	0.0267857142857	0.785714285714	0.0803571428571	0.107142857143
-tòo	0.0333333333333	0.866666666667	0.1	0.0
-saó	0.14691943128	0.763033175355	0.0284360189573	0.0616113744076
-è-e	0.357142857143	0.243506493506	0.243506493507	0.155844155844
-ùuá	0.170833980432	0.755137961381	0.0139773256717	0.0600507325154
-è-i	0.973731884058	0.026268115942	0.0	0.0
-fèè	0.660314830157	0.166528583264	0.0447390223695	0.128417564209
-maa	0.586969489101	0.239256356734	0.0643587411893	0.109415412976
-saá	0.5	0.428571428571	0.0	0.0714285714286
-í-n	0.263414634146	0.487804878049	0.248780487805	0.0
-olá	0.486626402071	0.452113891286	0.0	0.0612597066437
-bhó	0.32548618219	0.0511770726714	0.571136131013	0.0522006141249
-bùn	0.0955414012739	0.535031847134	0.254777070064	0.114649681529
-íɛɛ	0.190243902439	0.266341463415	0.158048780488	0.385365853659
-bhà	0.141145123603	0.0850219119797	0.0165781628952	0.757254801522
-bhè	0.346652897512	0.152417288295	0.00565417252024	0.495275641672
-zʋʋ	0.408167606502	0.347622425478	0.0493098013937	0.194900166627
-bhí	0.237106017192	0.411891117479	0.132521489971	0.218481375358
-ɛdi	0.0	1.0	0.0	0.0
-éii	0.723163841808	0.242937853107	0.0338983050848	0.0
-ion	0.00409836065574	0.979508196721	0.0163934426229	0.0
-èeè	0.137931034483	0.551724137931	0.0	0.310344827586
-dòa	0.302040816327	0.391836734694	0.171428571429	0.134693877551
-́nó	0.020618556701	0.0103092783505	0.164948453608	0.80412371134
-giè	0.169269020614	0.513144047126	0.0372960810009	0.280290851259
--sì	0.62787136294	0.229709035222	0.0459418070444	0.0964777947933
-wì-	0.354037267081	0.534161490683	0.0372670807453	0.0745341614907
-tuá	0.421499292786	0.391796322489	0.16973125884	0.016973125884
-gbà	0.310604809489	0.473418882226	0.135932332252	0.0800439760329
-gbá	0.233018245768	0.609529566938	0.0796878434821	0.0777643438118
-koá	0.501400809357	0.130831146885	0.0524747631965	0.315293280562
-koà	0.0461459986736	0.11611792775	0.0218871546898	0.815848918886
-iyu	0.0	1.0	0.0	0.0
-gbò	0.078216657379	0.851685310576	0.0263584073523	0.0437396246928
-eli	0.0091359660142	0.974784733801	0.0153941027339	0.000685197451067
-koó	0.29606472968	0.343140860611	0.195292386907	0.165502022802
-iye	0.793367346939	0.122448979592	0.0382653061224	0.0459183673469
-sì-	0.646198830409	0.181286549708	0.033918128655	0.138596491228
-ela	0.934440483436	0.0384314407443	0.0026084688288	0.0245196069907
-ele	0.284948645607	0.498165348328	0.0949519008258	0.121934105239
-éià	0.296671949287	0.592076069731	0.111251980983	0.0
-wìì	0.104085846632	0.7523851532	0.0851065042239	0.058422495944
-gò-	0.472756410256	0.315705128205	0.0	0.211538461538
-huo	0.441820605599	0.522471910112	0.00714149685775	0.028565987431
--bɔ	0.520385371871	0.357102376904	0.024502450245	0.0980098009801
--si	0.461538461538	0.479289940828	0.0	0.0591715976331
-́na	0.442731277533	0.31718061674	0.0132158590308	0.226872246696
-́ng	0.0312100047308	0.895473623286	0.0256464821483	0.0476698898344
-huu	0.0323494178085	0.828012807479	0.0460804656552	0.0935573090577
-gpé	0.290718038529	0.59252772913	0.071220081728	0.0455341506129
-gba	0.692968066027	0.234290134213	0.040221336348	0.0325204634124
-gbe	0.00832893144365	0.984255639063	0.00162378842366	0.00579164107008
-koo	0.108648718856	0.0650577745049	0.0973581137521	0.728935392887
-gbo	0.651612903226	0.116129032258	0.0	0.232258064516
-ù-n	0.3625	0.575	0.0	0.0625
-iyí	0.226630624944	0.65563918028	0.0470920779104	0.0706381168656
-àia	0.160190125737	0.298708363944	0.506655616893	0.0344458934258
-elé	0.182578539372	0.796001631987	0.0122399020808	0.00917992656059
-iyè	0.185960084616	0.206145787549	0.101199976649	0.506694151186
-́ɔn	0.3612716763	0.614954316614	0.0125862390453	0.0111877680403
-elà	0.732240437159	0.0437158469945	0.0273224043716	0.196721311475
-elá	0.547985450476	0.182848349189	0.193900391718	0.0752658086177
-iyá	0.0192307692308	0.788461538462	0.192307692308	0.0
-àin	0.0813233724653	0.348345784418	0.189114194237	0.381216648879
-liu	0.0230326295586	0.953934740883	0.0153550863723	0.0076775431862
-ɛku	0.0	1.0	0.0	0.0
-áyè	0.329138305197	0.37930142904	0.140492770549	0.151067495214
-ɛki	0.0780719619823	0.877491822502	0.0259211257175	0.0185150897982
-lim	0.0	1.0	0.0	0.0
-iin	0.31043929324	0.363024801426	0.0715269897876	0.255008915545
-lii	0.298586672941	0.293117579146	0.0446610804669	0.363634667447
-fwo	0.420027816412	0.493741307371	0.0695410292072	0.0166898470097
-lie	0.260672116258	0.679382379655	0.0599455040872	0.0
-oma	0.00355450236967	0.980450236967	0.0	0.0159952606635
-lia	0.138686131387	0.759124087591	0.0875912408759	0.014598540146
-ome	0.0	1.0	0.0	0.0
-ɔɔi	0.549791293977	0.278274696879	0.112303716955	0.0596302921884
-ɔɔn	0.262640572705	0.425935634762	0.0381801204576	0.273243672076
-nâa	0.0946915950254	0.680890576747	0.210228695434	0.0141891327936
-màà	0.372211209845	0.363730229012	0.063041858057	0.201016703086
-pai	0.186867891095	0.760607682851	0.0210766805187	0.0314477455358
-pan	0.679369910991	0.267843255382	0.0131126529391	0.0396741806874
-paa	0.453279645909	0.282074137825	0.164750722321	0.0998954939449
-áká	0.177525967894	0.401322001889	0.177525967894	0.243626062323
-aiá	0.278379755607	0.12798061958	0.118427709061	0.475211915752
-dun	0.508108108108	0.227027027027	0.196396396396	0.0684684684685
-duo	0.471098265896	0.372832369942	0.0520231213873	0.104046242775
-ìgò	0.170212765957	0.659574468085	0.127659574468	0.0425531914894
-ìgó	0.323227683356	0.22661154494	0.069667738478	0.380493033226
-ɩ́ɩ	0.305412977394	0.659197956284	0.0156494363635	0.0197396299585
-ilɛ	0.0347924431845	0.301408924018	0.0299660829133	0.633832549884
-liè	0.519323302175	0.402865377374	0.0304802306224	0.0473310898283
-ìgì	0.425196850394	0.417322834646	0.0787401574803	0.0787401574803
-lià	0.387012826317	0.0908882142627	0.0286233733539	0.493475586067
-liá	0.255393872293	0.244982091984	0.428937635759	0.0706863999645
-ɔɔá	0.358918394568	0.53473990542	0.0628511377875	0.0434905622247
-ɔɔà	0.287966167867	0.17520313349	0.175359716752	0.361470981892
-dia	0.0175438596491	0.941520467836	0.0409356725146	0.0
-kèè	0.219309742246	0.0642201834862	0.00524246395807	0.71122761031
-fee	0.0	1.0	0.0	0.0
-mài	0.637808182518	0.150001672632	0.160438898739	0.0517512461111
-ai-	0.582887700535	0.385026737968	0.0213903743316	0.0106951871658
-màa	0.204633653581	0.267626924027	0.0969317306435	0.430807691749
-áko	0.133162612036	0.208706786172	0.619718309859	0.0384122919334
-yùè	0.537161301283	0.399643251508	0.0631954472097	0.0
-paà	0.437853107345	0.258474576271	0.252824858757	0.0508474576271
-paá	0.468146027201	0.386542591267	0.110236220472	0.0350751610594
-póá	0.193586254827	0.242784571035	0.362801981991	0.200827192147
