-ↄli	0.662571225071	0.221331908832	0.0749643874644	0.0411324786325
-ŋgↄ	0.145044213637	0.212910196521	0.454381891595	0.187663698248
-eus	0.0	1.0	0.0	0.0
-ɛrɛ	0.166083212602	0.486336765734	0.226279190842	0.121300830822
-hem	0.0	1.0	0.0	0.0
-ive	0.0676190476191	0.907619047619	0.0190476190476	0.00571428571428
-hee	0.189705882353	0.161764705882	0.622058823529	0.0264705882353
-nlɛ	0.0954935298992	0.77782441902	0.099910838739	0.026771212342
-mɛs	0.0	1.0	0.0	0.0
-ufu	0.0	0.892857142857	0.107142857143	0.0
-aus	0.013698630137	0.986301369863	0.0	0.0
-ↄkↄ	0.245273569551	0.180042569175	0.0575935895831	0.517090271691
-oyi	0.25	0.638888888889	0.0277777777778	0.0833333333334
-nkɛ	0.34756097561	0.34756097561	0.219512195122	0.0853658536585
-zin	0.0501518880951	0.89969622381	0.0334345920634	0.0167172960317
-unɛ	0.174889418169	0.79652943178	0.0	0.028581150051
-bɛl	0.114872842146	0.824818915728	0.0	0.0603082421264
-ple	0.523096558834	0.301948848854	0.0918953414167	0.0830592508959
-ufo	0.0289855072464	0.971014492754	0.0	0.0
-aul	0.295918367347	0.69387755102	0.0	0.0102040816326
-pla	0.130439239403	0.824970529445	0.0176823330429	0.0269078981088
-zia	0.0	1.0	0.0	0.0
-nti	0.0828119477537	0.734625349244	0.0865761271971	0.0959865758055
-ɛŋɛ	0.258996212121	0.61884469697	0.0965909090909	0.0255681818182
-nto	0.105580693816	0.805052790347	0.0429864253394	0.0463800904978
-nta	0.0	1.0	0.0	0.0
-nyu	0.20537040158	0.314851942182	0.195109115596	0.284668540642
-ɛɛi	0.696335078534	0.188481675393	0.0890052356021	0.0261780104712
-kia	0.175435515526	0.578307664524	0.0911479774572	0.155108842493
-uan	0.161016949152	0.838983050848	0.0	0.0
-ari	0.531233128772	0.347112050227	0.0356077686001	0.0860470524007
-blɛ	0.0347038160676	0.135020294411	0.0323133700797	0.797962519442
-tↄↄ	0.212475633528	0.720857699805	0.0573099415205	0.00935672514621
-fuɛ	0.205479452055	0.58904109589	0.205479452055	0.0
-pra	0.251984582539	0.214343868721	0.0599291601369	0.473742388603
-muu	0.357941834452	0.397970597635	0.0866890380313	0.157398529882
-pre	0.0518231028741	0.0375102966268	0.01053713845	0.900129462049
-kie	0.149747714432	0.189235466389	0.0745801062505	0.586436712929
-pri	0.152129817444	0.567951318458	0.255578093306	0.0243407707911
-dri	0.0819672131147	0.786885245902	0.0983606557378	0.0327868852459
-pro	0.186236349876	0.780030273543	0.0337333765812	0.0
-flɛ	0.101490042515	0.873066375398	0.00881286083461	0.0166307212524
-inɛ	0.412721716918	0.305062188164	0.2320836019	0.0501324930173
-pru	0.080259222333	0.113659022931	0.784646061815	0.0214356929212
-iks	0.0	0.890410958904	0.109589041096	0.0
-ɛfi	0.254733218589	0.672977624785	0.0722891566265	0.0
-opa	0.153460381143	0.799899699097	0.02407221665	0.0225677031093
-dea	0.0153089119738	0.971569163477	0.0100601421542	0.00306178239475
-bɛɛ	0.183807966857	0.349985119111	0.0482915023189	0.417915411713
-mↄn	0.0132606981578	0.982653573221	0.00043007669701	0.00365565192459
-dee	0.0367896846186	0.0368606553664	0.00707313778282	0.919276522232
-akↄ	0.302876480541	0.324027072758	0.163282571912	0.209813874789
-dem	0.823033707865	0.0589887640449	0.0	0.11797752809
-drɛ	0.586094513851	0.383085752072	0.0269229860898	0.00389674798668
-ima	0.116009280742	0.883990719258	0.0	0.0
-yje	0.128959957337	0.555427515498	0.111991541898	0.203620985268
-aka	0.167540839428	0.433861241185	0.240602152907	0.15799576648
-ↄwi	0.894736842105	0.0350877192982	0.0	0.0701754385965
-imi	0.138214121774	0.289270099007	0.0598702246901	0.512645554529
-mↄs	0.0	1.0	0.0	0.0
-asɛ	0.0	1.0	0.0	0.0
-yji	0.413659793814	0.344072164949	0.0876288659794	0.154639175258
-imo	0.0105263157895	0.947368421053	0.0315789473684	0.0105263157895
-ijↄ	0.0789728013254	0.870771779649	0.0143586911501	0.0358967278752
-ido	0.0842105263158	0.705263157895	0.0210526315789	0.18947368421
-obo	0.2630905808	0.518808305748	0.208320794463	0.00978031898889
-rpo	0.0	0.976470588235	0.0	0.0235294117647
-idi	0.175115207373	0.442396313364	0.138248847926	0.244239631336
-oba	0.0	1.0	0.0	0.0
-tlu	0.977705527171	0.00139340455179	0.0209010682768	0.0
-ida	0.0172413793103	0.967084639498	0.00783699059561	0.0078369905956
-bie	0.134821026324	0.815483292498	0.040403325636	0.00929235554141
-tlo	0.219664849586	0.50656167979	0.0884312537856	0.185342216838
-fↄↄ	0.157894736842	0.736842105263	0.0	0.105263157895
-kpo	0.250939849624	0.124060150376	0.616541353384	0.00845864661653
-bin	0.0	0.811320754717	0.0	0.188679245283
-kpa	0.176839703366	0.520821448945	0.227039361095	0.0752994865944
-bim	0.354200988468	0.487644151565	0.108731466227	0.0494233937397
-hɛl	0.302013422819	0.697986577181	0.0	0.0
-ilɛ	0.11723496186	0.650428814433	0.121235649386	0.111100574321
-bba	0.16	0.74	0.0	0.1
-uta	0.0294117647059	0.970588235294	0.0	0.0
-nrɛ	0.722365038561	0.221079691517	0.0488431876607	0.0077120822622
-hla	0.517602283539	0.345385347288	0.102759276879	0.0342530922931
-ria	0.0218778571828	0.911476312205	0.0211314910529	0.0455143395593
-hlo	0.0215053763441	0.795698924731	0.182795698925	0.0
-rio	0.0	1.0	0.0	0.0
-uth	0.0	1.0	0.0	0.0
-rim	0.0	1.0	0.0	0.0
-rii	0.374523518745	0.46143397385	0.0931785565959	0.0708639508092
-hlu	0.677653902084	0.195104217159	0.0618031992244	0.0654386815317
-gra	0.029575565057	0.901100947851	0.0331778484135	0.0361456386787
-eju	0.191351351351	0.77945945946	0.0291891891892	0.0
-gro	0.575342465753	0.397260273973	0.0	0.0273972602739
-swɛ	0.28285141712	0.657947123483	0.0394676395982	0.0197338197991
-jin	0.597564719124	0.376547631229	0.00818581807021	0.0177018315768
-jio	0.267592592593	0.566666666667	0.127777777778	0.0379629629629
-raɛ	0.141666666667	0.666666666667	0.175	0.0166666666667
-jii	0.274232919179	0.231832938707	0.436998071619	0.0569360704958
-arl	0.0	0.739726027397	0.205479452055	0.0547945205479
-aro	0.104324160871	0.798004233444	0.0671303296038	0.0305412760811
-luu	0.566448432772	0.359747211167	0.0578134122481	0.0159909438133
-lui	0.346153846154	0.141025641026	0.320512820513	0.192307692308
-ile	0.130712827642	0.787707697981	0.0527383942432	0.0288410801341
-gee	0.186033824332	0.57010365521	0.183306055646	0.0605564648118
-eni	0.470664808737	0.243874911376	0.0687117883364	0.216748491551
-jis	0.0571428571429	0.914285714286	0.0285714285714	0.0
-mek	0.0	1.0	0.0	0.0
-arↄ	0.0793650793651	0.84126984127	0.0793650793651	0.0
-kɛɛ	0.423397356514	0.385194077565	0.0415069733116	0.14990159261
-rai	0.448882983141	0.486338343991	0.0174404119259	0.0473382609418
-nwo	0.0760542168675	0.1875	0.639307228916	0.0971385542169
-tre	0.36853242537	0.542990543936	0.0321734657068	0.056303564987
-mos	0.0483870967742	0.951612903226	0.0	0.0
-sro	0.335926558866	0.597801207978	0.0362763666874	0.0299958664684
-hlↄ	0.0282020209704	0.629971916116	0.00853298727266	0.333293075641
-pwa	0.126213592233	0.842012356576	0.0317740511915	0.0
-sri	0.638021902067	0.153595265352	0.0932565824999	0.115126250081
-sre	0.0	0.835616438356	0.164383561644	0.0
-dↄn	0.0	1.0	0.0	0.0
-gɛɛ	0.28025477707	0.713375796178	0.00636942675161	0.0
-sra	0.384123641451	0.136045983312	0.0129237914596	0.466906583778
-ↄya	0.390243902439	0.585365853659	0.0	0.0243902439024
-raa	0.453391314148	0.138267000669	0.0431159065665	0.365225778616
-suu	0.21875	0.660714285714	0.0848214285714	0.0357142857143
-umu	0.140033872263	0.7968212698	0.0398484954994	0.0232963624378
-ota	0.045871559633	0.94495412844	0.00917431192661	0.0
-ŋuu	0.368374890365	0.376018042852	0.0939731863175	0.161633880466
-ija	0.00685500623182	0.987536352306	0.00436227669298	0.00124636476942
-ali	0.655310857892	0.198264773961	0.0271560583121	0.119268309836
-iji	0.664335664336	0.125874125874	0.0839160839161	0.125874125874
-hↄↄ	0.0695478597002	0.128567354828	0.232226029412	0.56965875606
-oto	0.181325011636	0.775413350831	0.00480684861479	0.0384547889183
-klↄ	0.460925980537	0.487761722206	0.0230020642878	0.0283102329696
-uma	0.122884376722	0.877115623278	0.0	0.0
-umm	0.502985074627	0.125373134328	0.00447761194029	0.367164179105
-ŋum	0.136147752072	0.818469663904	0.00907651680481	0.0363060672193
-umi	0.381791587252	0.555866317982	0.0259075395594	0.0364345552059
-ako	0.354466665092	0.484985167733	0.154371840309	0.00617632686575
ALL	0.219811845189	0.339278040607	0.0607681343926	0.380141979812
-nai	0.334201106411	0.46176374878	0.166937845753	0.0370972990563
-nan	0.0266031248115	0.95439464318	0.00633407733606	0.0126681546721
-aki	0.0191062176166	0.960816062176	0.00777202072539	0.0123056994819
-nam	0.108651911469	0.517773306506	0.325285043595	0.0482897384306
-ake	0.0	0.940766550523	0.0592334494773	0.0
-naa	0.728422647587	0.0802631191981	0.0247742411433	0.166539992072
-kio	0.195121951219	0.780487804878	0.0243902439025	0.0
-kim	0.0	1.0	0.0	0.0
-nae	0.110247026532	0.8032936871	0.0658737419945	0.0205855443733
-yjↄ	0.21760232972	0.639055169066	0.0194143342502	0.123928166963
-sii	0.273306772908	0.470916334661	0.140239043825	0.115537848606
-sio	0.0229885057471	0.977011494253	0.0	0.0
-sin	0.718027538789	0.193753751569	0.0471106098914	0.0411080997508
-wrɛ	0.187747035573	0.741920483608	0.0523134154848	0.0180190653336
-sia	0.0155684683697	0.969959434273	0.00920951650038	0.00526258085736
-glɛ	0.1964679311	0.742033796838	0.0274837410542	0.0340145310076
-sie	0.667837336077	0.300471815247	0.00555772346187	0.0261331252143
-uaa	0.28	0.290526315789	0.252631578947	0.176842105263
-wuo	0.549759229535	0.414125200642	0.0	0.0361155698234
-prↄ	0.0753732771822	0.163077462991	0.254035860133	0.507513399694
-gog	0.0	1.0	0.0	0.0
-lɛɛ	0.192886862204	0.52496823332	0.14340884427	0.138736060206
-opↄ	0.221671622068	0.712917079617	0.0	0.0654112983152
-iin	0.190274730685	0.0991267936212	0.0832201037877	0.627378371906
-wuu	0.330326888579	0.579155870042	0.0612168626669	0.0293003787124
-jle	0.111460155513	0.339848150421	0.408061399251	0.140630294815
-rↄs	0.0535714285714	0.892857142857	0.0535714285714	0.0
-ber	0.0	1.0	0.0	0.0
-jlo	0.105702364395	0.688456189152	0.19916550765	0.00667593880389
-ofu	0.181818181818	0.706293706294	0.111888111888	0.0
-mfa	0.0	1.0	0.0	0.0
-eon	0.107142857143	0.892857142857	0.0	0.0
-yaa	0.438025576369	0.18114878597	0.0952772546761	0.285548382986
-tↄe	0.0655543041818	0.781485652727	0.087405738909	0.0655543041817
-pↄɛ	0.179771667471	0.450152757678	0.302540601383	0.0675349734684
-bee	0.066247209785	0.586108319083	0.0160559739972	0.331588497135
-iso	0.0301568154403	0.905609167672	0.00542822677925	0.0588057901086
-eyɛ	0.181076290712	0.218202212315	0.113894545011	0.486826951962
-rei	0.565476190476	0.279761904762	0.0595238095238	0.0952380952381
-isi	0.0225564379016	0.943706976715	0.0226545093707	0.0110820760125
-rem	0.238780694327	0.214225232854	0.280270956816	0.266723116003
-rea	0.0450450450451	0.945945945946	0.00900900900901	0.0
-red	0.0	1.0	0.0	0.0
-ree	0.401333342415	0.237614205246	0.0384756741294	0.32257677821
-rez	0.0	1.0	0.0	0.0
-eve	0.0324147882256	0.967585211774	0.0	0.0
-ↄku	0.0455407969639	0.931688804554	0.011385199241	0.011385199241
-ist	0.0	0.623655913979	0.376344086021	0.0
-iti	0.113267573889	0.1294904302	0.307545917726	0.449696078185
-evi	0.0726907630523	0.881526104418	0.0409638554217	0.00481927710844
-reu	0.0	1.0	0.0	0.0
-haa	0.527441565003	0.191712697672	0.0561513923057	0.22469434502
-ŋgo	0.0961379912628	0.817230230676	0.0519212413043	0.0347105367571
-ŋgi	0.0982817172008	0.0825282782274	0.0111158907844	0.808074113787
-rɛm	0.235279908678	0.501155166301	0.123425525864	0.140139399158
-juu	0.603554032113	0.244903481869	0.110950748692	0.0405917373264
-ŋge	0.157221724137	0.679597964554	0.127160341751	0.0360199695582
-mar	0.0	1.0	0.0	0.0
-ŋga	0.141304634743	0.106470210072	0.0280682074772	0.724156947708
-ham	0.0194823048824	0.947876978672	0.0313445147099	0.00129620173612
-han	0.547458994353	0.351976337725	0.0392578650174	0.061306802904
-ↄlↄ	0.301113100843	0.564860121549	0.0821994896181	0.0518272879898
-hau	0.51740237691	0.21986417657	0.176146010187	0.0865874363328
-man	0.0918944392083	0.724316682375	0.183788878416	0.0
-maa	0.321314028846	0.562727711655	0.0426995387171	0.0732587207815
-haz	0.0	1.0	0.0	0.0
-rɛt	0.0267450682853	0.966426403642	0.00341426403642	0.00341426403642
-kii	0.495577435929	0.220111522129	0.0831097937701	0.201201248172
-nku	0.394557823129	0.367346938776	0.197278911565	0.0408163265306
-hɛm	0.0330188679245	0.945754716981	0.0	0.0212264150943
-plɛ	0.0806561499387	0.259302885995	0.105831748748	0.554209215319
-uni	0.468285753027	0.348456456579	0.0564397062892	0.126818084105
-unu	0.0801080504911	0.372298488599	0.0867037732112	0.460889687699
-oyɛ	0.216972888068	0.201785338982	0.0720108845945	0.509230888355
-nki	0.0136363636364	0.968181818182	0.0136363636364	0.00454545454544
-iri	0.284439589495	0.0808551772243	0.069661492656	0.565043740624
-nla	0.470358605381	0.193424930154	0.132419916568	0.203796547897
-sↄn	0.0581039755351	0.929663608563	0.0122324159021	0.0
-ade	0.179583562107	0.750517379736	0.0610296912616	0.00886936689615
-tra	0.150857883055	0.664630483713	0.0270590039879	0.157452629243
-uŋu	0.0650537082784	0.801149144061	0.0466247839436	0.0871723637168
-ada	0.215472162412	0.285296831744	0.0747462319287	0.424484773916
-nli	0.665335228387	0.249852970006	0.0583218976671	0.0264899039404
-tro	0.354907221435	0.285349180478	0.0490559451936	0.310687652893
-hio	0.516198883984	0.273840259848	0.132672607646	0.0772882485216
-tri	0.612594458438	0.269017632242	0.0226700251889	0.095717884131
-nlo	0.0327851352704	0.157113787237	0.797491410081	0.0126096674117
-adi	0.0223463687151	0.921787709497	0.00558659217877	0.0502793296089
-ↄlɛ	0.4298946238	0.337673669374	0.164709040875	0.0677226659508
-sna	0.126181581251	0.292696442512	0.506443081211	0.074678895026
-ire	0.165237265163	0.0439838633829	0.0109917170531	0.779787154401
-ɛge	0.0	1.0	0.0	0.0
-sni	0.491086587436	0.335738539898	0.0427843803056	0.13039049236
-ini	0.363508170438	0.314124605953	0.188399864156	0.133967359453
-sem	0.154944758825	0.658852061439	0.113446510375	0.0727566693614
-ɛni	0.583933125835	0.373494139214	0.0251774238954	0.017395311055
-bel	0.0	1.0	0.0	0.0
-flo	0.533333333333	0.249667994688	0.0536520584329	0.163346613546
-pee	0.430299635549	0.243163813861	0.0600871481883	0.266449402402
-ina	0.616154033619	0.191507029837	0.0342540971029	0.158084839441
-see	0.0423065468192	0.820757309426	0.0966065383753	0.0403296053791
-ɛna	0.0	1.0	0.0	0.0
-sea	0.032	0.904	0.048	0.016
-ira	0.22208761021	0.473736185156	0.0589465569276	0.245229647706
-ↄra	0.656814449918	0.158456486043	0.15763546798	0.0270935960591
-uↄe	0.493333333333	0.4	0.106666666667	0.0
-prɛ	0.892051306058	0.0920325812189	0.0102986611741	0.00561745154948
-kna	0.868245053923	0.0709761431911	0.0170391412554	0.0437396616305
-ↄri	0.475504818724	0.254990821478	0.229463056448	0.0400413033502
-ɛpↄ	0.0127723516153	0.968444778362	0.00901577761082	0.00976709241172
-iae	0.0245649948823	0.972364380757	0.00307062436028	0.0
-kuu	0.514757308715	0.334732130368	0.0657434606238	0.0847671002938
-fue	0.0243556172508	0.956904438906	0.0123040035335	0.00643594030981
-iaa	0.491428571429	0.371428571429	0.0857142857143	0.0514285714286
-ede	0.259259259259	0.481481481482	0.240740740741	0.0185185185185
-fun	0.121733197668	0.762908156643	0.0665092019526	0.0488494437363
-ian	0.34884514628	0.404588741814	0.162756337796	0.0838097741097
-bla	0.190312019524	0.380328320857	0.404007875996	0.0253517836227
-rso	0.0122699386503	0.981595092025	0.00613496932515	0.0
-kue	0.183333333333	0.8	0.0166666666667	0.0
-fuu	0.648244184324	0.138983553119	0.170395614165	0.0423766483923
-ias	0.0682933478735	0.886723009815	0.0449836423119	0.0
-kuo	0.141025641026	0.653846153846	0.179487179487	0.025641025641
-kun	0.355038483525	0.297425042046	0.0876380477378	0.259898426691
-kum	0.322181368088	0.535658378536	0.0731733954639	0.0689868579126
-nea	0.046511627907	0.848837209302	0.104651162791	0.0
-eka	0.1	0.83	0.05	0.02
-uun	0.379845959701	0.300629868257	0.246715910625	0.0728082614164
-uui	0.586005830904	0.32361516035	0.0728862973761	0.0174927113702
-eke	0.1	0.9	0.0	0.0
-dɛɛ	0.0915032679739	0.483660130719	0.333333333333	0.0915032679738
-bae	0.10067114094	0.798657718121	0.10067114094	0.0
-eko	0.247216035635	0.559020044544	0.113585746102	0.0801781737194
-hoo	0.165186500888	0.706927175844	0.117229129662	0.0106571936057
-baa	0.427371868012	0.388559359751	0.0660317049289	0.118037067308
-upu	0.0607822410148	0.288231148696	0.0784002818887	0.5725863284
-bas	0.0747281754761	0.907296838665	0.0120671233738	0.00590786248507
-dru	0.384325642536	0.0890986041803	0.0140681949618	0.512507558322
-nya	0.914265063799	0.0256890801577	0.0177992404335	0.0422466156102
-ↄŋↄ	0.525040636267	0.254620494057	0.173381405647	0.0469574640294
-asa	0.0397350993377	0.834437086093	0.0132450331126	0.112582781457
-aso	0.203821656051	0.75796178344	0.0	0.0382165605095
-nyi	0.343005396808	0.417838441264	0.11445682491	0.124699337017
-bɛt	0.0552220888355	0.926770708283	0.00900360144057	0.00900360144058
-asi	0.183421379739	0.404987569919	0.24875699192	0.162834058421
-yjɛ	0.0830030787044	0.191306319994	0.0331881225892	0.692502478712
-mba	0.079568276817	0.152688441661	0.014849009406	0.752894272116
-eli	0.258411887498	0.272424525712	0.393816410638	0.0753471761521
-dra	0.128902641957	0.352504956819	0.0589807320975	0.459611669126
-mbe	0.137912380693	0.015119102307	0.00197450207761	0.844994014922
-fɛɛ	0.474471906269	0.101128880527	0.0701274266655	0.354271786539
-mbi	0.0988717887358	0.134328432619	0.0618945773072	0.704905201338
-dro	0.0706961948813	0.472536630484	0.0148665733637	0.441900601271
-bɛd	0.318584070796	0.681415929204	0.0	0.0
-zor	0.0	1.0	0.0	0.0
-mbo	0.439968372797	0.155149634397	0.0199073375665	0.384974655239
-ɛwɛ	0.0	1.0	0.0	0.0
-nↄɛ	0.397860962567	0.477005347594	0.0513368983957	0.0737967914439
-ran	0.140350877193	0.859649122807	0.0	0.0
-rao	0.101265822785	0.873417721519	0.0253164556962	0.0
-ral	0.0179104477612	0.982089552239	0.0	0.0
-ram	0.198443579766	0.63326848249	0.119649805447	0.0486381322958
-rak	0.0	1.0	0.0	0.0
-ero	0.0	1.0	0.0	0.0
-era	0.0	1.0	0.0	0.0
-rae	0.0346529455004	0.861388217999	0.0519794182506	0.0519794182505
-iwo	0.191037735849	0.122641509434	0.530660377359	0.155660377359
-ere	0.215068923479	0.543156256702	0.207575902203	0.0341989176159
-arɛ	0.0124959763583	0.053458987065	0.28360027092	0.650444765656
-oza	0.15873015873	0.84126984127	0.0	0.0
-swa	0.0870762764555	0.813443507672	0.0729625208287	0.0265176950434
-heu	0.260360639597	0.427206592886	0.0643243933123	0.248108374205
-grɛ	0.109517601043	0.833116036506	0.0469361147327	0.0104302477184
-nro	0.257731958763	0.139175257732	0.0773195876289	0.525773195876
-poo	0.014115092291	0.982627578719	0.0	0.00325732899023
-nri	0.627000796942	0.254099523186	0.0606148609404	0.0582848189321
-pom	0.0472924402358	0.50526702663	0.420821645345	0.0266188877899
-hlɛ	0.28058348656	0.640668242711	0.0210104194029	0.0577378513265
-kli	0.257396449704	0.600591715976	0.10650887574	0.0355029585799
-ike	0.0496212121212	0.882196969697	0.0306818181818	0.0375
-boo	0.362961715337	0.565476714251	0.0660961257049	0.00546544470666
-laa	0.268129902105	0.315891163101	0.0466059275337	0.36937300726
-ika	0.0393734123624	0.906011854361	0.0469940728196	0.00762066045724
-iko	0.0486555697823	0.93085787452	0.0102432778489	0.0102432778489
-lam	0.249711524302	0.289039746314	0.104435874836	0.356812854549
-lao	0.229166666667	0.743055555556	0.0138888888889	0.0138888888889
-lai	0.544396551724	0.250718390805	0.141954022988	0.0629310344828
-iki	0.153131970821	0.315126303732	0.437692168566	0.0940495568819
-foo	0.385046728972	0.342056074766	0.242990654206	0.0299065420561
-aam	0.0118343195266	0.96449704142	0.0	0.0236686390532
-aal	0.030303030303	0.909090909091	0.0	0.0606060606061
-iku	0.340836012862	0.617363344051	0.0225080385852	0.0192926045016
-aan	0.438870632308	0.306509057865	0.104300836413	0.150319473413
-aai	0.413439635535	0.410022779043	0.156036446469	0.0205011389522
-srɛ	0.0	0.931087289433	0.0551301684533	0.0137825421133
-non	0.0	0.958333333333	0.0416666666667	0.0
-las	0.0377652933833	0.936017478152	0.0121722846442	0.0140449438202
-ↄↄɛ	0.144514418296	0.789857474312	0.0536957242294	0.0119323831621
-noa	0.0350097406768	0.961305023462	0.00368523586072	0.0
-nrↄ	0.207006849658	0.657814732191	0.106235935675	0.0289424824755
-ↄɛn	0.211568938193	0.774167987322	0.00950871632329	0.00475435816165
-uki	0.194154488518	0.762004175365	0.0187891440501	0.0250521920668
-boe	0.0485829959514	0.919028340081	0.0161943319838	0.0161943319838
-gei	0.433901054339	0.466342254663	0.0973236009733	0.00243309002433
-plↄ	0.133374773655	0.840409718656	0.00202697224399	0.024188535445
-ish	0.037037037037	0.925925925926	0.037037037037	0.0
-aha	0.366666666667	0.266666666667	0.3	0.0666666666666
-ypt	0.047191011236	0.891460674157	0.06	0.00134831460674
-kla	0.598306525038	0.206397572079	0.0526251896813	0.142670713202
-doe	0.20401965305	0.755911020655	0.0350606605079	0.00500866578684
-kɛl	0.340782122905	0.659217877095	0.0	0.0
-don	0.00343741048411	0.987109710685	0.0	0.00945287883126
-doo	0.0932855618581	0.853164773748	0.0215562980235	0.0319933663704
-dom	0.0156871681209	0.903024778889	0.0342265486274	0.0470615043626
-dok	0.0	1.0	0.0	0.0
-ayɛ	0.0	0.323076923077	0.676923076923	0.0
-alↄ	0.436781609195	0.149425287356	0.183908045977	0.229885057471
-sar	0.0	1.0	0.0	0.0
-wra	0.141300046208	0.072376528306	0.00222305255456	0.784100372931
-sau	0.03515625	0.8857421875	0.0771484375	0.001953125
-wre	0.0294307565395	0.00804711786543	0.00146890810801	0.961053217487
-too	0.0730820065112	0.887539895263	0.0105294246308	0.0288486735948
-wri	0.0507614213198	0.441624365482	0.0253807106599	0.482233502538
-hab	0.0588235294118	0.941176470588	0.0	0.0
-mpa	0.0372285418821	0.959669079628	0.0	0.00310237849018
-oli	0.47797260752	0.435139143331	0.0366396231353	0.0502486260141
-saa	0.18288090706	0.374377224199	0.373313746586	0.0694281221551
-akɛ	0.335820895522	0.55223880597	0.0597014925373	0.0522388059702
-sad	0.0	1.0	0.0	0.0
-ibe	0.241379310345	0.758620689655	0.0	0.0
-san	0.483267716536	0.334645669291	0.154527559055	0.0275590551181
-sam	0.0699537467678	0.681019107193	0.224588457173	0.0244386888659
-lↄn	0.0822336825618	0.753988542944	0.0565464316148	0.107231342879
-loo	0.869112716473	0.0710330322937	0.0122084614068	0.0476457898267
-lom	0.116071428571	0.723214285714	0.0	0.160714285714
-iel	0.0461997725549	0.932240333586	0.015399924185	0.006159969674
-beŋ	0.0273132547772	0.220075765504	0.0105485673622	0.742062412357
-loe	0.140498442368	0.524210057855	0.0647530040053	0.270538495772
-iee	0.0828640386162	0.82059533387	0.0096540627514	0.0868865647626
-mɛɛ	0.264885551573	0.68882535632	0.0185820191575	0.0277070729494
-roe	0.13240622181	0.832992363007	0.0200911442999	0.0145102708833
-rom	0.188957257703	0.647900605889	0.111747648349	0.051394488059
-roo	0.161658434512	0.736003309083	0.0533832939974	0.0489549624078
-roi	0.517436000806	0.288651481556	0.160048377343	0.0338641402943
-siɛ	0.469387755102	0.489795918367	0.0408163265306	0.0
-fuↄ	0.03125	0.875	0.03125	0.0625
-ipi	0.0149253731343	0.962686567164	0.0	0.0223880597015
-ipo	0.0172986196051	0.976410973266	0.00104840118819	0.00524200594094
-blↄ	0.0677222941134	0.804503752107	0.0333921719188	0.0943817818608
-ipa	0.0425196229243	0.937739123575	0.00911134776949	0.0106299057311
-rɛe	0.1	0.866666666667	0.0333333333333	0.0
-toe	0.145321118635	0.776104090476	0.0202773653908	0.0582974254988
-pↄs	0.0	1.0	0.0	0.0
-ewa	0.0	1.0	0.0	0.0
-ewo	0.123144719307	0.650271766744	0.0886147356109	0.137968778338
-fwɛ	0.684210526316	0.280701754386	0.0	0.0350877192982
-hɛɛ	0.276972909786	0.626086571789	0.0969405184251	0.0
-lɛm	0.0246450265021	0.950671257786	0.0155143730413	0.00916934267033
-imm	0.174061433447	0.242320819113	0.546075085324	0.037542662116
-awa	0.351766264422	0.134089234479	0.0394076604755	0.474736840624
-toa	0.148648648649	0.513513513514	0.337837837838	0.0
-lɛg	0.0	1.0	0.0	0.0
-awe	0.0622568093385	0.875486381323	0.0389105058366	0.0233463035019
-ↄrↄ	0.194363166711	0.643963332681	0.121103203874	0.0405702967339
-ita	0.0182462566346	0.956843194112	0.00640993030473	0.0185006189483
-knↄ	0.022754491018	0.244311377245	0.0586826347306	0.674251497006
-tia	0.293910695287	0.0884471660457	0.0198969679809	0.597745170686
-tom	0.248790972595	0.590005373455	0.135411069318	0.0257925846319
-nlↄ	0.175953079179	0.800586510264	0.0146627565983	0.00879765395895
-sↄↄ	0.695652173913	0.275362318841	0.0289855072464	0.0
-uɛn	0.108798468859	0.7435159905	0.12324397985	0.0244415607912
-rɛɛ	0.163107385351	0.545992489474	0.224013453198	0.0668866719772
-ŋgɛ	0.358480089044	0.329706492333	0.105094506754	0.206718911869
-pↄↄ	0.0530801056727	0.765560439413	0.0767614701743	0.10459798474
-uↄn	0.210068167816	0.711926386708	0.0576345966572	0.0203708488185
-sta	0.0216216216216	0.827027027027	0.151351351351	0.0
-jↄn	0.0199588753297	0.939117607617	0.0129185105717	0.0280050064816
-drↄ	0.0486656200941	0.50863422292	0.436420722135	0.00627943485086
-unↄ	0.529628622864	0.321915928391	0.0138143726015	0.134641076143
-mae	0.0989917506875	0.425297891842	0.437213565536	0.038496791934
-juo	0.117056416801	0.644185653692	0.21274539244	0.0260125370669
-raŋ	0.125	0.625	0.0625	0.1875
-efↄ	0.296907216495	0.474226804124	0.0432989690722	0.185567010309
-bnↄ	0.0818100089902	0.885008309042	0.0286048982483	0.00457678371972
-ion	0.0135746606335	0.918552036199	0.0407239819004	0.027149321267
-iom	0.150591184741	0.643696852661	0.180573906562	0.0251380560355
-ↄwo	0.351550960118	0.156573116691	0.42540620384	0.0664697193501
-iob	0.0322580645161	0.967741935484	0.0	0.0
-olo	0.165150357067	0.648395575247	0.0961490071917	0.0903050604944
-nↄm	0.0145873320537	0.973896353167	0.00921305182342	0.00230326295586
-lee	0.252176184281	0.600143655789	0.0683369582142	0.0793432017158
-lↄↄ	0.125097292204	0.719952070788	0.0527426160337	0.102208020974
-hri	0.20253164557	0.455696202532	0.20253164557	0.139240506329
-fta	0.0	1.0	0.0	0.0
-ifa	0.061872909699	0.933110367893	0.00501672240802	0.0
-ↄŋa	0.141831996623	0.787252005065	0.0709159983115	0.0
-eee	0.509803921569	0.0392156862745	0.0392156862745	0.411764705882
-ↄpↄ	0.0378181256874	0.946552955023	0.00347309317537	0.0121558261138
-gio	0.0285714285714	0.971428571429	0.0	0.0
-mii	0.509800822515	0.386434408301	0.027069070222	0.0766956989624
-ndo	0.0	0.96875	0.03125	0.0
-ↄŋu	0.0652173913043	0.515886287625	0.383779264214	0.0351170568562
-nda	0.6	0.290909090909	0.109090909091	0.0
-ald	0.189189189189	0.405405405405	0.378378378378	0.027027027027
-ale	0.209912536443	0.615160349854	0.0962099125364	0.0787172011662
-nde	0.226337865494	0.165498166197	0.0593301047598	0.548833863549
-gia	0.0597826086957	0.864130434783	0.0652173913044	0.0108695652174
-ala	0.288517667043	0.571146624151	0.0687142830312	0.0716214257748
-iↄn	0.0866217516843	0.887872954764	0.0115495668912	0.0139557266602
-iↄm	0.0031847133758	0.977707006369	0.0127388535032	0.00636942675159
-bre	0.517550410754	0.260642270351	0.211725168036	0.0100821508588
-bia	0.0371900826446	0.938016528926	0.00826446280992	0.0165289256198
-atɛ	0.0774157482745	0.588442097445	0.226183599393	0.107958554888
-buɛ	0.0967741935484	0.838709677419	0.0645161290323	0.0
-uyɛ	0.226079298015	0.112181243329	0.0416499247119	0.620089533945
-yoo	0.310105896196	0.516538109557	0.150215714472	0.0231402797751
-aŋa	0.205869340805	0.311605957823	0.373691195989	0.108833505383
-dɛk	0.0818452380952	0.891369047619	0.0089285714286	0.0178571428571
-iↄt	0.00815660685155	0.879282218597	0.0	0.112561174551
-iↄs	0.0	1.0	0.0	0.0
-dↄↄ	0.485260770975	0.343310657596	0.145578231293	0.0258503401361
-lok	0.135922330097	0.84142394822	0.0226537216828	0.0
-chi	0.0	1.0	0.0	0.0
-cha	0.630185278145	0.171929904623	0.0473463240998	0.150538493132
-ros	0.105263157895	0.856459330144	0.0287081339713	0.00956937799042
-che	0.104384653712	0.22398876659	0.640779997282	0.0308465824161
-yem	0.0	0.196078431373	0.803921568627	0.0
-iyi	0.702127659574	0.255319148936	0.0	0.0425531914894
-ogo	0.264900662252	0.682119205298	0.0529801324503	0.0
-rko	0.0670926517572	0.932907348243	0.0	0.0
-ela	0.0133155792277	0.866844207723	0.119840213049	0.0
-fum	0.281771720613	0.467461669506	0.189437819421	0.0613287904599
-ele	0.107145324461	0.625305642085	0.0578955314955	0.209653501959
-fiɛ	0.287975354245	0.244164042631	0.454235799927	0.0136248031973
-shɛ	0.0	0.88614800759	0.0	0.11385199241
-pna	0.54042988741	0.39406345957	0.0481064483112	0.0174002047083
-pni	0.564385890353	0.241393965151	0.0917977050573	0.102422439439
-hle	0.542327536786	0.303267724059	0.0626791515383	0.091725587617
-esu	0.00406084689872	0.740660809754	0.0033811529082	0.251897190439
-ↄna	0.0902573431063	0.0737253223477	0.0474024931785	0.788614841367
-ito	0.0417042787507	0.904134320274	0.0119155082145	0.0422458927605
-rie	0.0	0.969669117647	0.0303308823529	0.0
-ɛra	0.5	0.117647058824	0.117647058824	0.264705882353
-ↄni	0.177319970955	0.737774375199	0.0121293791207	0.0727762747244
-esa	0.0	1.0	0.0	0.0
-one	0.0530973451327	0.716814159292	0.0530973451327	0.176991150442
-ese	0.507936507937	0.349206349206	0.126984126984	0.015873015873
-ɛri	0.187881634215	0.300576903066	0.378362695836	0.133178766883
-spa	0.0488322717622	0.842887473461	0.0828025477707	0.0254777070064
-faa	0.0279744431013	0.0549127957175	0.118459678812	0.798653082369
-bru	0.210666993146	0.748393672153	0.0217490215597	0.0191903131408
-niɛ	0.13837739933	0.797330027715	0.0514340583643	0.0128585145911
-fai	0.0	1.0	0.0	0.0
-urↄ	0.0766750268721	0.84593335722	0.0444285202436	0.0329630956646
-fas	0.0882352941176	0.911764705882	0.0	0.0
-bra	0.129103639606	0.65604232892	0.0278964804491	0.186957551025
-uda	0.0833933458159	0.803399107014	0.0972202218062	0.0159873253637
-fat	0.0316330565441	0.968366943456	0.0	0.0
-ude	0.0	1.0	0.0	0.0
-bri	0.280865715691	0.202656173143	0.439252336449	0.0772257747172
-bro	0.240679902871	0.743893729467	0.00685616340523	0.00857020425653
-ril	0.0	0.955719557196	0.0442804428044	0.0
-hum	0.0	1.0	0.0	0.0
-hun	0.129970629772	0.823377201132	0.0369361801607	0.00971598893579
-huo	0.475700164745	0.472405271829	0.0518945634267	0.0
-hud	0.0	1.0	0.0	0.0
-hua	0.147151898734	0.824367088608	0.00949367088608	0.0189873417722
-nɛi	0.632183908046	0.275862068966	0.0689655172414	0.0229885057471
-yↄm	0.11214953271	0.68691588785	0.200934579439	0.0
-woo	0.377323420074	0.441449814126	0.0975836431227	0.0836431226766
-nle	0.338706211047	0.591661293789	0.0464216634429	0.0232108317215
-abi	0.168591224018	0.637413394919	0.0	0.193995381062
-koe	0.0460025380711	0.894035532995	0.0206218274112	0.0393401015229
-krↄ	0.148388851061	0.682224298179	0.0915701327231	0.0778167180371
-gaa	0.454350579752	0.315502289779	0.144791971159	0.0853551593102
-kom	0.632450331126	0.0794701986755	0.149006622517	0.139072847682
-koo	0.177809902421	0.705818576075	0.0737260571016	0.0426454644019
-gbi	0.310880829016	0.603626943005	0.0621761658031	0.0233160621762
-frɛ	0.484581497797	0.47577092511	0.0308370044053	0.00881057268724
-gbo	0.749897124212	0.210991868261	0.0126546323238	0.0264563752035
-tun	0.706773529925	0.0688462429112	0.0260795429755	0.198300684188
-los	0.254545454545	0.636363636364	0.0545454545455	0.0545454545455
-yuɛ	0.0464617583989	0.932094353109	0.00428877769834	0.0171551107934
-son	0.079365079365	0.873015873016	0.031746031746	0.015873015873
-oro	0.142655458215	0.642837971313	0.170273984368	0.0442325861033
-kos	0.031746031746	0.968253968254	0.0	0.0
-uai	0.764645426516	0.186022610483	0.0462487153134	0.00308324768756
-ora	0.140438247012	0.827689243028	0.00796812749004	0.0239043824701
-van	0.304964539007	0.624113475177	0.0283687943262	0.0425531914893
-nↄↄ	0.616081534408	0.234414835045	0.0265989885817	0.122904641965
-tna	0.154221263396	0.60722665182	0.192820074364	0.045732010419
-kre	0.0307059969661	0.00794415819308	0.0013125688429	0.960037275998
-gbↄ	0.527889197045	0.36221269367	0.10511993062	0.00477817866456
-kra	0.566286896833	0.122239800056	0.0432990787147	0.268174224397
-tni	0.629352167948	0.101139545597	0.0130931560041	0.256415130451
-kro	0.0555012982533	0.0983391433027	0.0593183740169	0.786841184427
-nↄs	0.0	1.0	0.0	0.0
-ruu	0.322486441385	0.188986232791	0.0418231122236	0.4467042136
-nↄi	0.817624487276	0.12128963966	0.0169805495523	0.0441053235125
-lim	0.0	1.0	0.0	0.0
-lio	0.0565531619002	0.880672828391	0.0229040305695	0.0398699791396
-tnu	0.166853595872	0.572365840653	0.190213870514	0.0705666929616
-gai	0.0	1.0	0.0	0.0
-omm	0.591755005889	0.113074204947	0.182096584217	0.113074204947
-lie	0.0888806338264	0.744076146862	0.147718253364	0.0193249659479
-lia	0.0253671562083	0.90520694259	0.0640854472631	0.00534045393859
-ome	0.0357142857143	0.928571428571	0.0357142857143	0.0
-tru	0.625615763547	0.206896551724	0.137931034483	0.0295566502463
-ɛmi	0.0	1.0	0.0	0.0
-imu	0.395903261138	0.422561212592	0.116984065293	0.0645514609759
-oda	0.116511318242	0.883488681758	0.0	0.0
-hiɛ	0.13493316493	0.746447742343	0.0410483107041	0.077570782023
-ten	0.1	0.866666666667	0.0	0.0333333333333
-irɛ	0.136623025129	0.537580544169	0.0795334840476	0.246262946655
-odi	0.0314843009394	0.927580362529	0.0374881502973	0.00344718623424
-yↄↄ	0.478806426932	0.212088752869	0.139250191278	0.169854628921
-ean	0.0	0.942028985507	0.0579710144928	0.0
-uri	0.559523809524	0.291666666667	0.0824829931973	0.0663265306123
-uro	0.19995640029	0.627632609627	0.132140376288	0.0402706137952
-ura	0.123931623932	0.715811965812	0.0918803418803	0.0683760683761
-ↄin	0.165730337079	0.783707865169	0.0	0.0505617977528
-ehe	0.59793814433	0.185567010309	0.201030927835	0.0154639175258
-ure	0.030612244898	0.969387755102	0.0	0.0
-brↄ	0.0560307511169	0.755376250996	0.114970391661	0.0736226062264
-iɛn	0.15167798042	0.436227920602	0.335806219723	0.0762878792555
-uru	0.444181534239	0.259807865222	0.276134588992	0.019876011547
-ara	0.322107207845	0.263875468149	0.257766125592	0.156251198414
-duu	0.417966547641	0.388836684834	0.0360834429619	0.157113324563
-pan	0.274972513569	0.0227519782756	0.00953463320763	0.692740874947
-paa	0.261802575107	0.308297567954	0.205293276109	0.22460658083
-ɛsɛ	0.756637168142	0.181415929203	0.0530973451328	0.00884955752212
-paz	0.0	0.558441558442	0.441558441558	0.0
-ↄnↄ	0.130434782609	0.869565217391	0.0	0.0
-waa	0.22494181878	0.0932899270848	0.0442890127155	0.63747924142
-wan	0.618040573457	0.308276498017	0.0339272043984	0.0397557241283
-wai	0.622699386503	0.211656441718	0.0368098159509	0.128834355828
-kee	0.136060471855	0.385048518452	0.0215007175379	0.457390292155
-nui	0.0572908141248	0.897397360158	0.0359369652238	0.00937486049314
-kem	0.0	1.0	0.0	0.0
-chↄ	0.0363602461309	0.891126442497	0.0222719456357	0.0502413657365
-ↄↄn	0.139873622912	0.711859566785	0.123010246409	0.0252565638949
-rↄɛ	0.060382916053	0.879970544919	0.0279823269514	0.0316642120766
-ↄↄl	0.028903244538	0.924163460841	0.00625680481963	0.0406764898018
-sun	0.402159244264	0.526315789474	0.0580296896087	0.0134952766532
-ↄta	0.392508304009	0.229223534055	0.273950077285	0.104318084651
-nuu	0.261163280951	0.583748562668	0.0944327328478	0.0606554235339
-ɛmu	0.105376344086	0.731182795699	0.120430107527	0.0430107526881
-die	0.424279240881	0.480537501196	0.0415297792418	0.0536534786806
-dia	0.0226700251889	0.977329974811	0.0	0.0
-dio	0.0801630434783	0.879076086956	0.036231884058	0.00452898550724
-iyɛ	0.405634125113	0.164349080389	0.0842503565255	0.345766437973
-dii	0.0985140341222	0.898183819483	0.0	0.00330214639516
-ori	0.623525045393	0.237528156141	0.0779482028718	0.0609985955949
-iiɛ	0.257003833677	0.697581834267	0.0061928634621	0.0392214685933
-fen	0.0	1.0	0.0	0.0
-diɛ	0.456206917102	0.354277995193	0.1394544985	0.0500605892052
-wↄↄ	0.139928208627	0.743613839446	0.0912822440489	0.0251757078782
-sli	0.0	1.0	0.0	0.0
-tuu	0.429620563035	0.426764585883	0.0367197062424	0.106895144839
-gŋↄ	0.205882352941	0.294117647059	0.470588235294	0.0294117647059
-fna	0.218753346714	0.0764805785538	0.231223409306	0.473542665426
-hↄɛ	0.207455429497	0.700162074554	0.0875202593193	0.00486223662885
-ɛli	0.330578512397	0.345454545455	0.323966942149	0.0
-lta	0.0	0.961538461538	0.0	0.0384615384615
-klu	0.160242639849	0.123832979864	0.205286082415	0.510638297872
-fni	0.535438844789	0.131325251779	0.0304853034685	0.302750599963
-sko	0.0370445756157	0.95318542642	0.0097699979646	0.0
-afi	0.0326086956522	0.902173913043	0.0652173913043	0.0
-uka	0.0119760479042	0.880239520958	0.0	0.107784431138
-klo	0.121435748858	0.381475615928	0.459311395066	0.0377772401479
-inf	0.0	0.96	0.04	0.0
-fnu	0.230833102685	0.70495433158	0.0343205092721	0.0298920564628
-afo	0.0452408409474	0.831544398119	0.0918122948638	0.0314024660694
-afa	0.306472760149	0.5458776028	0.057463642528	0.090185994523
-nna	0.0392156862745	0.960784313726	0.0	0.0
-ndↄ	0.590800876107	0.336920293305	0.0188553471098	0.0534234834777
-aiu	0.0161290322581	0.983870967742	0.0	0.0
-tiu	0.0	1.0	0.0	0.0
-efa	0.1875	0.682692307692	0.0144230769231	0.115384615385
-yiɛ	0.191711022743	0.374086635354	0.109085989705	0.325116352197
-aie	0.330977091657	0.655783824677	0.0132390836663	0.0
-tie	0.51357104843	0.343267695583	0.0745077168707	0.0686535391166
-eta	0.0724233983287	0.894150417827	0.033426183844	0.0
-aia	0.0489814356702	0.936821046744	0.00258136683374	0.0116161507518
-nge	0.224415584416	0.345454545455	0.224415584416	0.205714285714
-aim	0.0357142857143	0.964285714286	0.0	0.0
-tin	0.569601482854	0.330676552363	0.0719184430028	0.0278035217794
-tio	0.266688553294	0.691070256074	0.0240752899978	0.0181659006347
-tii	0.332425585814	0.141925269158	0.0705509816339	0.455098163395
-lↄt	0.0	0.951627149435	0.0483728505654	0.0
-uwe	0.161791406092	0.772039540044	0.0589065967319	0.00726245713133
-tnↄ	0.411679884643	0.560201874549	0.0151405912041	0.0129776496035
-ema	0.04	0.96	0.0	0.0
-oni	0.449543253751	0.335505760011	0.06344360436	0.151507381878
-uwa	0.487654320988	0.41975308642	0.0740740740741	0.0185185185185
-lak	0.024861878453	0.975138121547	0.0	0.0
-uwo	0.338983050847	0.186440677966	0.440677966102	0.0338983050847
-soo	0.369113573407	0.535318559557	0.0602493074792	0.0353185595568
-uwi	0.243232323232	0.60202020202	0.0662626262627	0.0884848484849
-emu	0.370159506454	0.346723537702	0.146103805195	0.137013150649
-jae	0.052259350674	0.882713119423	0.0452819441808	0.0197455857224
-jaa	0.234177367409	0.119584491229	0.220608395446	0.425629745915
-aŋu	0.293741434445	0.422110552764	0.254225673824	0.0299223389676
-jam	0.146264860994	0.691364709048	0.125229015818	0.0371414141402
-rↄe	0.201778067399	0.774483336436	0.0	0.0237385961646
-hrɛ	0.631578947368	0.308270676692	0.0601503759398	0.0
-set	0.0	1.0	0.0	0.0
-ana	0.258782029867	0.654997386273	0.0463808227257	0.0398397611348
-ses	0.0454545454545	0.727272727273	0.166666666667	0.060606060606
-jee	0.478783147943	0.418656085344	0.0609293349812	0.041631431731
-dan	0.028484231943	0.933875890132	0.00203458799593	0.0356052899288
-ↄmu	0.173354224856	0.72786520426	0.0709857619729	0.0277948089107
-ndɛ	0.0581124302054	0.834065159647	0.0796335447499	0.0281888653982
-zar	0.0	1.0	0.0	0.0
-ɛwo	0.079012345679	0.0839506172839	0.711111111111	0.125925925926
-dae	0.0228293921689	0.802071863975	0.130669865202	0.044428878654
-riu	0.0147783251232	0.970443349754	0.00341038272073	0.0113679424024
-ↄma	0.47859922179	0.396887159533	0.124513618677	0.0
-blo	0.0797297297297	0.887837837838	0.0243243243243	0.00810810810812
-rↄↄ	0.220902612827	0.666508313539	0.0726840855107	0.0399049881235
-vru	0.432304038005	0.53919239905	0.0	0.0285035629454
-chɛ	0.297297297297	0.702702702703	0.0	0.0
-anↄ	0.0	1.0	0.0	0.0
-ete	0.0619872379216	0.774449798151	0.0836046360203	0.0799583279073
-ooe	0.452961672474	0.437282229965	0.109756097561	0.0
-eti	0.00636942675158	0.993630573248	0.0	0.0
-eto	0.00565504241284	0.966069745523	0.0226201696513	0.00565504241281
-wↄɛ	0.270986745214	0.257731958763	0.471281296024	0.0
-bun	0.444355180759	0.277473116938	0.053466729872	0.224704972431
-ats	0.0	0.875862068966	0.124137931034	0.0
-bul	0.166666666667	0.826666666667	0.00666666666667	0.0
-uya	0.120930232558	0.879069767442	0.0	0.0
-daa	0.0358320202079	0.0244314521925	0.0126931758293	0.92704335177
-ble	0.103713911707	0.772838929884	0.0376405168753	0.0858066415337
-iŋu	0.0615199034982	0.112183353438	0.795536791315	0.0307599517491
-ate	0.0	0.916666666667	0.0833333333333	0.0
-ata	0.0515055467512	0.941362916006	0.00158478605388	0.00554675118859
-ato	0.0406504065041	0.899858818947	0.0384596660338	0.0210311085147
-wee	0.171410460295	0.587884057771	0.0486911081307	0.192014373804
