-cac	0.468253946832	0.350021998073	0.0448458380456	0.136878217049
-caj	0.355083879469	0.280701171239	0.0956304847316	0.26858446456
-can	0.305681803202	0.209840328955	0.0608984839455	0.423579383897
-cal	0.376511750595	0.567363108806	0.0159909618466	0.0401341787524
-cas	0.507772209141	0.213542879201	0.0567474294052	0.221937482252
-car	0.0	1.0	0.0	0.0
-ive	0.0382272968692	0.961772703131	0.0	0.0
-cau	0.288958137954	0.569761596738	0.0677450565661	0.0735352087414
-cat	0.666454139721	0.244466709172	0.0326077056198	0.0564714454868
-caz	0.0	1.0	0.0	0.0
-cax	0.0697288323187	0.918096292197	0.00885445489762	0.00332042058661
-ion	0.0569896663909	0.0319519795222	0.00616405216333	0.904894301923
-oya	0.441385586713	0.380439110403	0.0922871281497	0.0858881747341
-oyo	0.0	1.0	0.0	0.0
-zis	0.640090259496	0.222640090259	0.11244828883	0.0248213614141
-zin	0.0776828456988	0.567206394614	0.0707481573782	0.284362602309
-nso	0.304812834224	0.673796791444	0.0106951871658	0.0106951871658
-zij	0.724424311061	0.200830502076	0.0226500566252	0.0520951302379
-ufo	0.0	1.0	0.0	0.0
-aum	0.00470588235294	0.983529411765	0.00235294117647	0.00941176470588
-zic	0.647844799897	0.0969037065587	0.12815571401	0.127095779534
-aun	0.122448979592	0.0	0.142857142857	0.734693877551
-nti	0.487474610697	0.343878869945	0.0827845140641	0.0858620052932
-uez	0.144164125312	0.567507624064	0.232880510119	0.0554477405046
-uac	0.157068723021	0.0884613523091	0.0733402592297	0.68112966544
-tzi	0.512724460449	0.336950479735	0.065011963168	0.0853130966479
-nto	0.0265489341628	0.830633688756	0.0653321788355	0.0774851982456
-nta	0.270389597788	0.440808306244	0.0573621690683	0.2314399269
-uaj	0.453686910086	0.271428723175	0.0627318452672	0.212152521472
-tza	0.539087986951	0.280093791979	0.0894729898292	0.0913452312416
-ual	0.315944687202	0.419215622809	0.212979446512	0.051860243477
-uan	0.0731225314129	0.231332135564	0.0125448142201	0.683000518803
-cxi	0.245155265001	0.571795470465	0.148727527434	0.0343217371002
-uas	0.537813851139	0.160872026637	0.0407321926829	0.26058192954
-uau	0.0306591722024	0.82814832627	0.00991914394782	0.13127335758
-uat	0.253246753247	0.253246753247	0.488636363636	0.00487012987012
-hix	0.625302530253	0.204070407041	0.0348734873487	0.135753575358
-dro	0.0121039439321	0.915573319258	0.00320988568365	0.069112851126
-pra	0.0	0.660633484163	0.339366515837	0.0
-pre	0.0	0.998284734134	0.00171526586621	0.0
-nma	0.304033092037	0.425025853154	0.227507755946	0.0434332988624
-más	0.139108975911	0.0590432648924	0.246888703075	0.554959056122
-aré	0.0	1.0	0.0	0.0
-opo	0.0794701986755	0.920529801324	0.0	0.0
-opi	0.152941176471	0.776470588235	0.0	0.0705882352941
-tín	0.0309278350515	0.80412371134	0.103092783505	0.0618556701031
-mán	0.0394736842105	0.763157894737	0.197368421053	0.0
-smo	0.466843501326	0.190981432361	0.119363395225	0.222811671087
-ope	0.0	1.0	0.0	0.0
-opa	0.0791483347232	0.1938180046	0.100149686347	0.626883974329
-dea	0.00699504517633	0.989507432236	0.00262314194112	0.000874380647042
-dec	0.0124161073826	0.981543624161	0.00402684563758	0.00201342281879
-rbe	0.0102040816326	0.989795918367	0.0	0.0
-oes	0.0233463035019	0.836575875486	0.0933852140078	0.0466926070039
-deo	0.00717017208413	0.978489483748	0.0	0.0143403441683
-ima	0.0223639275892	0.795349914876	0.139371593782	0.0429145637523
-der	0.0590681948879	0.760232207658	0.0717840924864	0.108915504967
-des	0.0459514302546	0.890030765203	0.038096484912	0.0259213196308
-zul	0.0	0.553407443209	0.446592556791	0.0
-imo	0.00643431635388	0.868632707775	0.0675603217158	0.0573726541555
-ido	0.0150753768844	0.924623115578	0.0150753768844	0.0452261306533
-lla	0.0527888446215	0.863545816733	0.0687250996016	0.0149402390438
-ech	0.0548206438549	0.0324235618517	0.0110777434899	0.901678050804
-eco	0.0205762005661	0.911757347537	0.00413576500156	0.063530686895
-obo	0.00100452034154	0.996986438975	0.00100452034154	0.00100452034154
-lle	0.0177725118483	0.591232227488	0.195497630332	0.195497630332
-rpa	0.0	0.8359375	0.1640625	0.0
-eca	0.285773366419	0.184449958643	0.0363937138131	0.493382961125
-llo	0.0692998438313	0.923867777199	0.0	0.00683237896929
-ida	0.00619834710743	0.993801652893	0.0	0.0
-tli	0.122740056024	0.728973126192	0.0681879702001	0.0800988475833
-bia	0.0343249427917	0.965675057208	0.0	0.0
-tla	0.110222169447	0.106763874909	0.0422724377046	0.740741517939
-upo	0.143911439114	0.590405904059	0.210332103321	0.0553505535055
-tes	0.149597987297	0.641971181759	0.157726209117	0.0507046218266
-teu	0.633836385222	0.20791812066	0.0254523869482	0.13279310717
-ria	0.0179337231969	0.964132553606	0.00805717998701	0.00987654320988
-rio	0.0186035747347	0.92083244321	0.0493484298227	0.0112155522324
-rim	0.0	1.0	0.0	0.0
-ejo	0.160467587673	0.801275239107	0.0	0.0382571732199
-ñor	0.0307360221487	0.910842073156	0.00563102695855	0.0527908777363
-tec	0.567036290323	0.244455645161	0.0947580645161	0.09375
-ris	0.0	1.0	0.0	0.0
-gre	0.0435835351089	0.663438256659	0.26392251816	0.0290556900726
-tej	0.223862545439	0.0426009908778	0.0109506528823	0.722585810801
-tel	0.0731707317073	0.926829268293	0.0	0.0
-gro	0.0436540016168	0.828213419563	0.103071948262	0.0250606305578
-ten	0.567785983001	0.390135153964	0.016720078027	0.0253587850077
-teo	0.00401069518716	0.989973262032	0.00401069518717	0.00200534759358
-lux	0.0	0.983673469388	0.0	0.0163265306122
-jij	0.387755102041	0.581632653061	0.0	0.030612244898
-ara	0.0266995113236	0.0191017097971	0.00305337378398	0.951145405095
-nza	0.155668358714	0.61421319797	0.0693739424704	0.160744500846
-eri	0.0	1.0	0.0	0.0
-nzo	0.0729166666666	0.911458333333	0.015625	0.0
-aro	0.127083855764	0.79608872339	0.0115421477326	0.0652852731127
-rón	0.0	0.986049755871	0.0139502441293	0.0
-mea	0.0	1.0	0.0	0.0
-mec	0.0	1.0	0.0	0.0
-meo	0.0	1.0	0.0	0.0
-mei	0.0	1.0	0.0	0.0
-oni	0.299984219662	0.605649360896	0.0482878333596	0.0460785860817
-mej	0.0510097578093	0.248630695993	0.033847870009	0.666511676188
-bán	0.116788321168	0.613138686131	0.270072992701	0.0
-aya	0.565403157485	0.228553788778	0.0795664119839	0.126476641753
-ayo	0.0970060335127	0.752601731633	0.067214406639	0.0831778282157
-ila	0.052319109462	0.934322820037	0.00333951762523	0.0100185528757
-bás	0.00153374233129	0.973926380368	0.00920245398773	0.0153374233129
-plo	0.142108199847	0.634854578848	0.071141282868	0.151895938437
-cto	0.0432072226999	0.885855546002	0.0389079965606	0.0320292347377
-cti	0.522168172342	0.324484595784	0.0889506601807	0.0643965716933
-aón	0.181818181818	0.763636363636	0.0545454545455	0.0
-cta	0.0	1.0	0.0	0.0
-dán	0.00876680303914	0.944330800701	0.0355055523086	0.0113968439509
-xac	0.182080924855	0.531791907514	0.0	0.28612716763
-xad	0.0	1.0	0.0	0.0
-xan	0.238805970149	0.567164179104	0.179104477612	0.0149253731343
-ota	0.328840832223	0.531259608486	0.0753305319258	0.064569027365
-tán	0.0585284280937	0.89994425864	0.0108695652174	0.030657748049
-ote	0.00183823529412	0.994485294118	0.0	0.00367647058824
-itl	0.109084286109	0.785697206085	0.024752910251	0.0804655975554
-oti	0.769607843137	0.115196078431	0.00735294117647	0.107843137255
-otl	0.138212106937	0.740583990006	0.08837852766	0.0328253753975
-oto	0.575549777334	0.299582215136	0.028631410243	0.0962365972863
-rán	0.0	1.0	0.0	0.0
-eví	0.0221534566425	0.97362683733	0.00421970602716	0.0
-otz	0.771768936098	0.0717281135444	0.0211287642312	0.135374186126
-umi	0.0223880597015	0.888059701493	0.0	0.089552238806
-naj	0.177117579778	0.241460821281	0.0518483667341	0.529573232207
ALL	0.222056493622	0.280230118724	0.0510637304064	0.446649657248
-nan	0.0137585394668	0.884318200163	0.00418259599792	0.0977406643724
-nal	0.0444091990483	0.955590800952	0.0	0.0
-sis	0.411368076303	0.25913429759	0.044906999742	0.284590626365
-siu	0.126835415297	0.170611439842	0.0234494849879	0.679103659873
-aús	0.0196078431373	0.941176470588	0.0392156862745	0.0
-aúl	0.312668463612	0.654986522911	0.0323450134771	0.0
-sij	0.397077329003	0.347188958798	0.12015425208	0.135579460118
-sio	0.0	0.913043478261	0.0	0.0869565217392
-sic	0.786595375451	0.085783968857	0.00872379344308	0.118896862249
-nas	0.198991700487	0.661980929377	0.107711103933	0.0313162662023
-sia	0.0405117270789	0.934612651031	0.0174129353234	0.00746268656716
-cse	0.0449250558975	0.0623015982555	0.250219449582	0.642553896265
-nau	0.70802919708	0.0	0.21897810219	0.0729927007299
-mos	0.355326912724	0.514589018088	0.028345166827	0.101738902361
-mor	0.0	0.942307692308	0.0576923076923	0.0
-jco	0.230783758262	0.503871576959	0.0549575070821	0.210387157696
-jca	0.35243433783	0.291517114112	0.0508165062042	0.305232041853
-tzo	0.606594656055	0.291074474133	0.102330869812	0.0
-gog	0.0	1.0	0.0	0.0
-aán	0.0	1.0	0.0	0.0
-moc	0.381582999692	0.0833076686172	0.0242531567601	0.510856174931
-mon	0.0263697626722	0.920890711984	0.0527395253443	0.0
-gos	0.0488376804691	0.55288996898	0.312219931034	0.0860524195166
-moj	0.673913043478	0.0652173913043	0.0434782608696	0.217391304348
-yau	0.667587825067	0.194733754807	0.0500553998566	0.0876230202698
-col	0.127776838986	0.638936189572	0.0808776696001	0.152409301842
-con	0.142085682894	0.0926684020692	0.0455688538151	0.719677061221
-jla	0.857311832197	0.0962869140085	0.00776229152702	0.0386389622679
-yas	0.555158917318	0.12544760915	0.0348147912206	0.284578682311
-coj	0.382562384058	0.335587337682	0.21183651487	0.0700137633894
-ber	0.0	1.0	0.0	0.0
-jlo	0.119229276251	0.365409693117	0.0304914067115	0.484869623921
-eos	0.0476902256771	0.80746409447	0.079897184778	0.0649484950753
-eor	0.0606060606061	0.878787878788	0.0606060606061	0.0
-bet	0.00387847446671	0.906916612799	0.0	0.0892049127343
-cob	0.00379506641366	0.99430740038	0.0	0.00189753320683
-beo	0.0	0.829787234043	0.0425531914894	0.127659574468
-bel	0.0503089143865	0.936451897617	0.0132391879964	0.0
-cou	0.624811706477	0.346137292877	0.0193673337637	0.00968366688186
-yan	0.250008178093	0.275793705451	0.0829775145484	0.391220601908
-rla	0.0	1.0	0.0	0.0
-cos	0.366081645647	0.312564452076	0.12891029746	0.192443604818
-yaj	0.59415161164	0.20753993163	0.0679740919302	0.1303343648
-iso	0.450399087799	0.381984036488	0.0855188141391	0.0820980615735
-lyo	0.128947231164	0.797040787434	0.0391575017883	0.0348544796137
-reo	0.117046421481	0.699631275409	0.104188333176	0.0791339699348
-yat	0.158013544018	0.672686230248	0.10158013544	0.0677200902935
-nte	0.0137457044673	0.882302405498	0.0970790378007	0.00687285223368
-ise	0.0434782608696	0.231884057971	0.434782608696	0.289855072464
-rea	0.0160839160839	0.918414918415	0.0328671328671	0.032634032634
-isa	0.4179961834	0.177599361735	0.107244801858	0.297159653006
-xsa	0.414583333333	0.35	0.0625	0.172916666667
-eve	0.0134228187919	0.825503355705	0.0	0.161073825503
-rey	0.0531996325781	0.848023831394	0.0339673913044	0.0648091447234
-eva	0.169469598965	0.830530401035	0.0	0.0
-upa	0.599786552828	0.197438633938	0.0	0.202774813234
-res	0.0958993912636	0.770116172765	0.107387339175	0.0265970967958
-evi	0.272727272727	0.340909090909	0.113636363636	0.272727272727
-ret	0.00832144555397	0.988825487399	0.00285306704707	0.0
-dia	0.0362903225806	0.951612903226	0.0	0.0120967741935
-hab	0.00347222222222	0.96875	0.0277777777777	0.0
-hac	0.553846153846	0.4	0.0461538461538	0.0
-naí	0.0351826792963	0.948579161028	0.0	0.0162381596753
-haj	0.49849370902	0.298600035442	0.0964026227185	0.106503632819
-mar	0.0212182080516	0.935036919682	0.00594109825445	0.0378037740119
-mau	0.349283854167	0.554361979167	0.0520833333333	0.0442708333333
-ham	0.02605667346	0.935369767387	0.0114783667924	0.0270951923602
-han	0.0771798726565	0.675915281217	0.0182171913689	0.228687654758
-maj	0.0530786250175	0.0268372383372	0.0025527958944	0.917531340751
-mal	0.112535612536	0.753561253561	0.05698005698	0.076923076923
-man	0.0339691847959	0.00890782663448	0.00294050895988	0.95418247961
-mac	0.0567005805264	0.869150855613	0.0265046241295	0.0476439397308
-jli	0.168965955016	0.486454081755	0.152786005625	0.191793957604
-una	0.25	0.607142857143	0.0714285714286	0.0714285714286
-cyo	0.0269114612924	0.888765959992	0.0412642406483	0.0430583380678
-coc	0.642324832416	0.100363255065	0.0270381605063	0.230273752013
-pta	0.0422535211268	0.957746478873	0.0	0.0
-pto	0.0155171076111	0.976724338583	0.0	0.00775855380557
-gad	0.0	1.0	0.0	0.0
-tra	0.0139570305063	0.983582548586	0.00246042090772	0.0
-ada	0.0444917462599	0.206494368585	0.0352752069607	0.713738678195
-ado	0.201737527676	0.518471065556	0.150488328444	0.129303078324
-tro	0.06517461879	0.776192818495	0.121741269061	0.0368912936547
-lot	0.0	1.0	0.0	0.0
-gai	0.0	1.0	0.0	0.0
-adi	0.0	1.0	0.0	0.0
-cpa	0.0763929979992	0.15286657933	0.349812240838	0.420928181833
-gau	0.0	1.0	0.0	0.0
-gas	0.0696517412935	0.925373134328	0.0049751243781	0.0
-gar	0.145873116911	0.75493316359	0.0673668576279	0.0318268618714
-lam	0.0	1.0	0.0	0.0
-nor	0.0	1.0	0.0	0.0
-seo	0.0198105081826	0.924633936262	0.0116279069767	0.0439276485788
-uix	0.894259818731	0.0906344410876	0.0151057401812	0.0
-sem	0.0	1.0	0.0	0.0
-nos	0.304904196613	0.471283995025	0.0941435675194	0.129668240842
-yac	0.181001557768	0.598617777532	0.110427555886	0.109953108814
-ino	0.0437270415371	0.863732692851	0.0819440519921	0.0105962136197
-ina	0.174698398049	0.740918979498	0.0613092491265	0.0230733733272
-uis	0.529432264203	0.219524314558	0.0617786336829	0.189264787556
-uiu	0.189720291204	0.532608365111	0.0528521295941	0.224819214091
-uit	0.436507936508	0.456916099773	0.0430839002268	0.0634920634921
-sea	0.0	1.0	0.0	0.0
-món	0.00917561704247	0.987623586315	0.0	0.00320079664272
-uij	0.57204403038	0.19900917489	0.0742533949281	0.154693399802
-uim	0.0	1.0	0.0	0.0
-uil	0.189709029707	0.652390583118	0.0794263708711	0.0784740163043
-uin	0.226048033361	0.0527689044321	0.0123540659057	0.708828996301
-uia	0.42164152068	0.222303537778	0.0800541423107	0.276000799231
-seu	0.519796954315	0.346192893401	0.097461928934	0.0365482233502
-set	0.0	1.0	0.0	0.0
-ses	0.0205096651797	0.918747543113	0.0123057991078	0.0484369925994
-ser	0.0	1.0	0.0	0.0
-ñal	0.138888888889	0.797619047619	0.00793650793651	0.0555555555555
-blo	0.0462677455908	0.816984668434	0.036441968822	0.100305617154
-dón	0.0117878192534	0.975442043222	0.0	0.0127701375246
-iac	0.27125990136	0.490360185324	0.184576296518	0.0538036167987
-són	0.0240453426461	0.955344363657	0.00858762237363	0.0120226713231
-ena	0.293942698523	0.637652423912	0.00991375037177	0.0584911271934
-neu	0.0743315265485	0.78149738475	0.0355281602121	0.108642928489
-nes	0.241521178318	0.603824640848	0.0610498828468	0.0936042979874
-rso	0.0193236714976	0.980676328502	0.0	0.0
-nen	0.46781274331	0.296197330857	0.0640418757836	0.171948050049
-neo	0.0	0.920792079208	0.0	0.0792079207921
-mti	0.447204968944	0.310559006211	0.0931677018634	0.149068322981
-nej	0.138911025415	0.557313836846	0.129308915864	0.174466221875
-bed	0.296875	0.703125	0.0	0.0
-ias	0.432278611916	0.193169412756	0.0985592970204	0.275992678307
-ooz	0.0151515151515	0.984848484848	0.0	0.0
-nec	0.504552980132	0.158526490066	0.0604822019868	0.276438327815
-nea	0.139534883721	0.186046511628	0.627906976744	0.046511627907
-ban	0.0782306589677	0.846454110349	0.00583085656905	0.0694843741142
-los	0.316595171183	0.575978540486	0.0418310913608	0.0655951969697
-hoj	0.607304764349	0.21135916517	0.0885296381832	0.0928064322984
-hon	0.172413793103	0.586206896552	0.0	0.241379310345
-jos	0.0916030534351	0.908396946565	0.0	0.0
-hos	0.599090665954	0.191673352946	0.178924846216	0.0303111348845
-jon	0.584269662921	0.0842696629213	0.168539325843	0.162921348315
-hoz	0.0384870603849	0.925680159257	0.0358327803583	0.0
-bas	0.0695652173913	0.895652173913	0.0347826086957	0.0
-job	0.0833333333334	0.916666666667	0.0	0.0
-zon	0.00913040642732	0.967391405617	0.00652171887664	0.0169564690793
-nya	0.236632536974	0.268486916951	0.286689419795	0.20819112628
-que	0.0683229813664	0.223602484472	0.614906832298	0.0931677018633
-asa	0.0	0.914893617021	0.0	0.0851063829787
-qui	0.290117193585	0.186446540643	0.0900367575227	0.43339950825
-yes	0.38606599286	0.231676581627	0.00534042653812	0.376916998975
-nyo	0.255319148936	0.559574468085	0.153191489362	0.031914893617
-asi	0.110091743119	0.00917431192661	0.0	0.880733944954
-lti	0.321717030634	0.252825229717	0.0706481439375	0.354809595712
-yej	0.202041018271	0.0381349739614	0.0628630513119	0.696960956456
-yec	0.0825846896353	0.0964865112985	0.533974216055	0.286954583011
-zor	0.0	1.0	0.0	0.0
-zos	0.503144654088	0.421383647799	0.0	0.0754716981132
-xos	0.694736842105	0.105263157895	0.0210526315789	0.178947368421
-uió	0.0	0.951612903226	0.0483870967742	0.0
-ras	0.0956047481552	0.804299005454	0.0769971126082	0.0230991337825
-xoc	0.108440527936	0.0333517670222	0.0452045689129	0.813003136129
-ral	0.320485705044	0.66906367414	0.0	0.0104506208166
-ram	0.0	1.0	0.0	0.0
-uía	0.00553914327917	0.978212703102	0.0	0.0162481536189
-red	0.0	1.0	0.0	0.0
-ero	0.0492515294516	0.025428224398	0.00324680940983	0.922073436741
-xoj	0.709923664122	0.167938931298	0.0992366412213	0.0229007633588
-era	0.0573575949367	0.647038878843	0.0800180831827	0.215585443038
-rac	0.0	1.0	0.0	0.0
-ela	0.102520290474	0.78534814182	0.112131567706	0.0
-por	0.349288486417	0.187580853816	0.0465717981888	0.416558861578
-pos	0.223807824949	0.759543346415	0.00713521227256	0.00951361636343
-ozo	0.0401662049861	0.69944598338	0.100646352724	0.15974145891
-pou	0.713603818616	0.0883054892601	0.0596658711217	0.138424821002
-poj	0.807740638351	0.0540336768032	0.0934908268409	0.0447348580045
-nás	0.0629738846408	0.892074362178	0.0203007917592	0.0246509614219
-pon	0.336708860759	0.245569620253	0.0759493670886	0.341772151899
-aza	0.0440793428171	0.841114005209	0.0462833099579	0.0685233420156
-lac	0.603147928088	0.25317458279	0.0510292069479	0.0926482821739
-lal	0.292159459336	0.680670350244	0.000958947897164	0.0262112425225
-aat	0.0	1.0	0.0	0.0
-lan	0.41083958256	0.192620437013	0.0420352332686	0.354504747159
-lao	0.0	1.0	0.0	0.0
-laj	0.29388744032	0.254568097229	0.0317104274005	0.419834035051
-aam	0.0330578512397	0.95041322314	0.0	0.0165289256198
-uja	0.0	0.813463098135	0.186536901865	0.0
-noj	0.814814814815	0.0555555555555	0.037037037037	0.0925925925926
-fos	0.0	1.0	0.0	0.0
-nol	0.0606569615528	0.918812989922	0.0192858031604	0.00124424536518
-eón	0.0749265426053	0.860430950049	0.0337904015671	0.0308521057786
-non	0.118025411726	0.0973039002232	0.00924750305958	0.775423184991
-las	0.648250284138	0.263515820595	0.0196242228211	0.068609672446
-noa	0.0129032258064	0.987096774194	0.0	0.0
-noc	0.328313563693	0.225373904074	0.0554925219185	0.390820010315
-aac	0.0	0.998672566372	0.00132743362832	0.0
-dor	0.0330055009168	0.925487581264	0.0195032505418	0.0220036672779
-dos	0.0821629299472	0.840143509618	0.00722446030833	0.0704691001262
-gel	0.6	0.114285714286	0.285714285714	0.0
-fán	0.0	1.0	0.0	0.0
-fás	0.0	0.995689655172	0.00431034482758	0.0
-doc	0.0	1.0	0.0	0.0
-bos	0.0	1.0	0.0	0.0
-ges	0.0402684563758	0.939597315436	0.0201342281879	0.0
-ger	0.037037037037	0.925925925926	0.037037037037	0.0
-sas	0.432544960912	0.471365597106	0.0428998991389	0.0531895428438
-ión	0.523687235007	0.414580211608	0.0204408355115	0.0412917178737
-vor	0.207910750507	0.496957403651	0.0	0.295131845842
-vos	0.00815708209521	0.97512089961	0.0110120608285	0.00570995746664
-toc	0.11846494254	0.674104812166	0.0725991617814	0.134831083512
-ton	0.410996791681	0.389866135635	0.0365084633256	0.162628609359
-tol	0.109167269305	0.722692727691	0.0211660769803	0.146973926024
-toj	0.556671899122	0.113088328645	0.104561644913	0.22567812732
-mpa	0.108352179776	0.0657307191101	0.00732431322889	0.818592787885
-oli	0.157894736842	0.744360902256	0.0676691729323	0.0300751879699
-tor	0.325197741291	0.486472253651	0.00656965133922	0.181760353718
-tos	0.301729711255	0.514615241907	0.0688157295244	0.114839317314
-olo	0.448697074935	0.304272503429	0.127445240253	0.119585181383
-saj	0.471422780705	0.330766112687	0.112687474666	0.0851236319416
-san	0.202171359659	0.0553885161112	0.0435008112856	0.698939312945
-sam	0.0	1.0	0.0	0.0
-ocu	0.665919282511	0.192825112108	0.0	0.141255605381
-csa	0.767829371251	0.202177293935	0.00666518551432	0.0233281493001
-lol	0.177625122669	0.697742885182	0.0490677134446	0.0755642787047
-loj	0.516536387822	0.312887818528	0.0879909638806	0.0825848297692
-iel	0.11334079752	0.866161398674	0.0150719145638	0.00542588924297
-xyo	0.272935779817	0.571100917431	0.100917431193	0.0550458715596
-esi	0.377486475945	0.218445284811	0.139904017365	0.264164221879
-oca	0.422720132428	0.204061935165	0.0332275334617	0.339990398945
-rom	0.0	1.0	0.0	0.0
-ies	0.0384615384615	0.884615384615	0.0	0.0769230769231
-lor	0.196145905024	0.45285615967	0.289057123193	0.0619408121129
-mas	0.136437804656	0.720126963625	0.0479720515137	0.0954631802053
-roj	0.398540038343	0.398687509217	0.0943813596814	0.108391092759
-ipo	0.0	1.0	0.0	0.0
-mpo	0.184683575474	0.687022900763	0.0147746860379	0.113518837725
-ipa	0.076310558469	0.160035485926	0.210758979621	0.552894975985
-húm	0.0	1.0	0.0	0.0
-mat	0.644237489094	0.0935142128794	0.0348721189581	0.227376179069
-noé	0.0	1.0	0.0	0.0
-rdo	0.131147540984	0.655737704918	0.213114754098	0.0
-jto	0.457453352471	0.302234980521	0.112364158294	0.127947508714
-has	0.59825750242	0.249273959342	0.047192642788	0.10527589545
-jti	0.267975038437	0.380505562087	0.322194085195	0.0293253142805
-jta	0.342105263158	0.605263157895	0.0263157894737	0.0263157894737
-uep	0.783847324022	0.0502005255151	0.00470197759646	0.161250172867
-saú	0.0	1.0	0.0	0.0
-276	0.0	0.553191489362	0.0	0.446808510638
-pca	0.641509433962	0.264150943396	0.0188679245283	0.0754716981132
-sto	0.0448860717885	0.797554480405	0.0110762718177	0.146483175989
-sti	0.277085927771	0.459319219593	0.0902864259029	0.173308426733
-ste	0.0816326530612	0.897959183673	0.0204081632653	0.0
-sta	0.0785762493379	0.0501830070699	0.0339967536016	0.837243989991
-saí	0.0	1.0	0.0	0.0
-eli	0.337510143767	0.213903250612	0.0939250796441	0.354661525977
-rpo	0.0549233052944	0.848837209302	0.00791687283523	0.0883226125681
-cui	0.718075587846	0.239647829355	0.0357002254751	0.00657635732436
-loé	0.0	0.932279909707	0.0	0.0677200902934
-ián	0.0959999999998	0.864	0.04	0.0
-cua	0.450724662958	0.481936620332	0.0318642412404	0.0354744754696
-eyi	0.0630295797356	0.190969813224	0.378997196624	0.367003410416
-eyo	0.144305356568	0.66419651146	0.0704482843091	0.121049847662
-hyo	0.40006975933	0.458667596791	0.141262643879	0.0
-eya	0.0318584070796	0.87610619469	0.0601769911505	0.0318584070796
-200	0.14406779661	0.372881355932	0.127118644068	0.35593220339
-ioj	0.188649500788	0.325275880189	0.46873357856	0.0173410404624
-lej	0.131771086851	0.675544120715	0.184340449204	0.00834434323065
-lem	0.0194174757282	0.980582524272	0.0	0.0
-len	0.195410554787	0.179094441786	0.0169178007042	0.608577202723
-lea	0.00562644428815	0.987440972571	0.00632974982417	0.000602833316587
-leg	0.0	1.0	0.0	0.0
-ley	0.603773584906	0.198113207547	0.0566037735849	0.141509433962
-gón	0.00928217821782	0.987004950495	0.0	0.00371287128713
-ios	0.122164144086	0.745494662692	0.00661063473939	0.125730558482
-les	0.071503479836	0.782798096174	0.0215757166849	0.124122707305
-leu	0.278686193658	0.0763949543987	0.026812374317	0.618106477626
-hma	0.20495951417	0.676113360324	0.0847672064777	0.0341599190283
-eel	0.0	1.0	0.0	0.0
-rra	0.116338338241	0.850563119852	0.0212559443441	0.0118425975632
-rre	0.0456030819665	0.908793836067	0.0456030819665	0.0
-fas	0.038961038961	0.922077922078	0.00974025974026	0.0292207792208
-rro	0.0588235294118	0.941176470588	0.0	0.0
-gio	0.0385852090032	0.961414790997	0.0	0.0
-alo	0.239790317269	0.384207926227	0.302173674388	0.0738280821165
-udá	0.0	1.0	0.0	0.0
-ndo	0.0	1.0	0.0	0.0
-ali	0.464370067785	0.364665026769	0.0851485368921	0.0858163685541
-nda	0.279243870485	0.526108927569	0.114916713457	0.0797304884895
-gia	0.0	0.985257985258	0.014742014742	0.0
-ala	0.0	0.996664813785	0.0	0.00333518621456
-zca	0.633245382586	0.311345646438	0.0395778364116	0.0158311345646
-uva	0.0349514563107	0.452427184466	0.0699029126214	0.442718446602
-osé	0.0355903418741	0.952004725689	0.00221516650668	0.0101897659307
-tca	0.661030353174	0.157563920937	0.0358261245789	0.14557960131
-you	0.311896400351	0.589332748025	0.0263388937665	0.0724319578578
-yot	0.513487660226	0.264013774632	0.222498565143	0.0
-yoj	0.149893847274	0.603645868309	0.229537835311	0.0169224491061
-yol	0.330210772834	0.416861826698	0.206088992974	0.0468384074941
-yoc	0.125313283208	0.874686716792	0.0	0.0
-abé	0.0207527975585	0.963377416073	0.00366225839268	0.0122075279756
-chi	0.117500105046	0.163314420939	0.0463147625679	0.672870711447
-cho	0.582278481013	0.303797468354	0.0	0.113924050633
-cha	0.523250236458	0.302268728802	0.0662179313861	0.108263103354
-ros	0.152357879362	0.725086856743	0.0720969451995	0.0504583186952
-che	0.172185430464	0.827814569536	0.0	0.0
-peu	0.623042647919	0.114644544922	0.00773592017725	0.254576886982
-iyo	0.216066721404	0.630741973121	0.0298172075537	0.123374097921
-oré	0.056206088993	0.901639344262	0.0281030444965	0.0140515222482
-elo	0.0548566342029	0.91348297355	0.0114280605532	0.0202323316936
-ogo	0.0	1.0	0.0	0.0
-aén	0.0	0.967213114754	0.0327868852459	0.0
-iya	0.580534928823	0.182771629295	0.0788551640555	0.157838277827
-jpa	0.0755377736536	0.0435684845095	0.0250733291597	0.855820412677
-syo	0.0224794977904	0.948995688863	0.00761742174584	0.0209073916003
-itu	0.0181564317241	0.920727996195	0.0278662868307	0.0332492852503
-ter	0.0332502078138	0.96259351621	0.00415627597672	0.0
-loc	0.364879560097	0.431531864254	0.134648528869	0.0689400467807
-ito	0.36885856749	0.55592895317	0.0215889756621	0.0536235036778
-xno	0.131428571429	0.285714285714	0.0	0.582857142857
-mín	0.0	1.0	0.0	0.0
-eso	0.0327689787002	0.953213180411	0.00655379574004	0.00746404514836
-iti	0.456466246053	0.343343192028	0.0737589535374	0.126431608381
-xne	0.389830508475	0.559322033898	0.0508474576271	0.0
-esa	0.277522716404	0.657340985174	0.0235294117647	0.0416068866571
-ite	0.0547520990965	0.832615011334	0.111292021837	0.00134086773298
-ita	0.510881271024	0.341452439438	0.0591519747828	0.0885143147553
-spe	0.025641025641	0.916666666667	0.0384615384615	0.0192307692308
-fté	0.0	1.0	0.0	0.0
-spo	0.0	1.0	0.0	0.0
-eza	0.120401337793	0.799331103679	0.0602006688963	0.0200668896321
-alí	0.0	1.0	0.0	0.0
-bre	0.226315789474	0.683333333333	0.0587719298246	0.0315789473684
-udo	0.513368983957	0.486631016043	0.0	0.0
-lpa	0.117647058823	0.129411764706	0.0235294117647	0.729411764706
-hui	0.285782107023	0.260098611769	0.125286978388	0.32883230282
-hua	0.254680218563	0.110350258393	0.0254563752007	0.609513147843
-abe	0.419047619048	0.538095238095	0.0285714285714	0.0142857142857
-nja	0.105263157895	0.868421052632	0.0263157894736	0.0
-abo	0.0	1.0	0.0	0.0
-oco	0.236332098175	0.557244693909	0.153866545264	0.0525566626519
-vas	0.00793976683478	0.975651381707	0.0	0.0164088514586
-nco	0.097468172189	0.588963616544	0.0287941424487	0.284774068818
-jyo	0.214257735997	0.742655699178	0.0195848021935	0.0235017626322
-nce	0.0241935483871	0.915322580645	0.0604838709677	0.0
-ael	0.0269090909091	0.944727272727	0.0070909090909	0.0212727272727
-sos	0.0928813636209	0.786981487992	0.077268826716	0.0428683216711
-och	0.144506871275	0.6295114625	0.0518263738659	0.17415529236
-sol	0.197297297297	0.733783783784	0.0283783783784	0.0405405405405
-tus	0.0193639847006	0.931614829628	0.0251885891171	0.0238325965545
-oro	0.0392524912358	0.762828829326	0.168382697988	0.0295359814503
-elí	0.0129449838188	0.961165048544	0.0129449838188	0.0129449838188
-ora	0.0170424047236	0.886607622115	0.0303274288781	0.0660225442834
-lix	0.0116678105697	0.924502402196	0.0102951269732	0.0535346602608
-liu	0.610645151003	0.212600057403	0.106276110597	0.0704786809963
-tea	0.0	1.0	0.0	0.0
-rut	0.0	1.0	0.0	0.0
-lis	0.29025131476	0.367085059782	0.0779932513977	0.26467037406
-ico	0.317133337487	0.507035800293	0.147020552088	0.0288103101324
-lim	0.0	0.962962962963	0.037037037037	0.0
-lin	0.226072262891	0.641035823478	0.029500019248	0.103391894383
-lio	0.0175320296696	0.965385479883	0.0116880197797	0.00539447066756
-lii	0.190839694657	0.778625954198	0.030534351145	0.0
-lij	0.595890282584	0.106716170558	0.0242326174872	0.273160929371
-jeu	0.600153639332	0.146917610908	0.214518916843	0.0384098329172
-oma	0.134848375313	0.790285473713	0.0357214239241	0.0391447270501
-lia	0.576947676926	0.21518478393	0.0613321619043	0.146535377239
-ica	0.11716646256	0.0325337716026	0.0110024270519	0.839297338786
-lic	0.2003330721	0.193671630094	0.42868338558	0.177311912226
-eas	0.0	0.97520661157	0.0247933884297	0.0
-xau	0.601694915254	0.322033898305	0.0	0.0762711864407
-cma	0.0182724252492	0.538205980066	0.406976744186	0.0365448504983
-144	0.0108695652174	0.0724637681159	0.0	0.916666666667
-ode	0.0	1.0	0.0	0.0
-rna	0.0	1.0	0.0	0.0
-rno	0.0793520942409	0.805955497382	0.0656086387434	0.0490837696336
-zer	0.0	1.0	0.0	0.0
-hno	0.637096774194	0.0241935483871	0.338709677419	0.0
-rge	0.0	0.986842105263	0.0	0.0131578947368
-lil	0.267343192504	0.602768163339	0.06516298983	0.0647256543277
-sda	0.0	1.0	0.0	0.0
-ipe	0.00460387492807	0.990216765778	0.0	0.00517935929407
-nio	0.023493360572	0.896833503575	0.0674157303371	0.0122574055158
-paj	0.512416239653	0.241886742872	0.214163710419	0.0315333070556
-pal	0.0576631259484	0.839150227618	0.081942336874	0.0212443095599
-mes	0.0235756385069	0.952848722986	0.0235756385069	0.0
-pan	0.0450312635817	0.15939616011	0.0119827789361	0.783589797372
-aís	0.130261462284	0.730855172014	0.0185077507924	0.12037561491
-pac	0.339754949599	0.284666247451	0.205987156767	0.169591646182
-ave	0.113475177305	0.659574468085	0.0744680851064	0.152482269503
-aín	0.0	0.992537313433	0.0	0.00746268656716
-pas	0.449367958111	0.362741091505	0.0498486194898	0.138042330895
-pau	0.585627624825	0.0849276714886	0.301446570229	0.0279981334578
-fat	0.0	1.0	0.0	0.0
-sen	0.0662704045422	0.0841022001419	0.213804116395	0.635823278921
-icó	0.0059494298463	0.994050570154	0.0	0.0
-sur	0.0135389244077	0.377209477247	0.311395261376	0.297856336969
-nca	0.349053347415	0.385883928801	0.20519821746	0.0598645063238
-omé	0.01393728223	0.97212543554	0.0	0.01393728223
-año	0.51321506155	0.379073135409	0.107711803041	0.0
-zín	0.148936170213	0.758865248227	0.0212765957447	0.0709219858157
-fes	0.0	0.958477508651	0.0	0.0415224913495
-dio	0.0	0.960784313725	0.0392156862745	0.0
-aña	0.0337078651685	0.76404494382	0.202247191011	0.0
-xco	0.373639661427	0.141475211608	0.0145102781137	0.470374848851
-son	0.22619047619	0.404761904762	0.22619047619	0.142857142857
-dis	0.0	1.0	0.0	0.0
-feo	0.0	1.0	0.0	0.0
-rza	0.323741007194	0.388489208633	0.273381294964	0.0143884892086
-xca	0.315496938469	0.366426139878	0.150805851172	0.16727107048
-sús	0.00536728874303	0.628121874289	0.00298182707946	0.363529009889
-lta	0.0	1.0	0.0	0.0
-sec	0.0520809114158	0.166705417345	0.761683329458	0.019530341781
-nno	0.0392156862745	0.960784313725	0.0	0.0
-ves	0.225822287678	0.700540009818	0.0294550810015	0.0441826215022
-tiu	0.46373944225	0.341009769431	0.113259240881	0.081991547438
-tis	0.569942312644	0.263612099765	0.069287633827	0.097157953764
-tia	0.461036339568	0.312271734059	0.0939516820562	0.132740244318
-ini	0.318020158977	0.625821519299	0.041645497009	0.0145128247152
-tic	0.230372852191	0.30681323344	0.175657803503	0.287156110865
-til	0.133478091789	0.690633542526	0.0414146793741	0.134473686311
-tin	0.0963502860986	0.655204456099	0.148994871532	0.0994503862697
-tio	0.117373619988	0.818710052295	0.0522951772225	0.0116211504939
-lón	0.0	1.0	0.0	0.0
-tij	0.577373509798	0.206148062601	0.0809029485883	0.135575479013
-ngo	0.0320855614973	0.919786096257	0.0160427807487	0.0320855614973
-jas	0.0236220472441	0.917322834646	0.023622047244	0.0354330708662
-emo	0.223599405057	0.531482399603	0.00297471492315	0.241943480416
-emi	0.588017047808	0.153867410474	0.0346551737928	0.223460367926
-260	0.0642857142857	0.142857142857	0.0	0.792857142857
-rug	0.0	1.0	0.0	0.0
-jam	0.823113207547	0.0825471698113	0.0	0.0943396226415
-uic	0.196519047472	0.0853805726078	0.574502595959	0.143597783961
-cio	0.0165260802203	0.823721810983	0.142193148563	0.0175589602341
-ana	0.215887361817	0.553072901105	0.0979832685987	0.133056468479
-zco	0.0356633380884	0.928673323823	0.0356633380884	0.0
-cia	0.130726939524	0.815058032987	0.0349725106903	0.019242516799
-zaj	0.44649122807	0.336842105263	0.0912280701754	0.125438596491
-zar	0.0	1.0	0.0	0.0
-zas	0.360188876581	0.410103632866	0.118195800979	0.111511689574
-xti	0.593010072463	0.189602195238	0.0404213016974	0.176966430602
-cis	0.0	1.0	0.0	0.0
-etz	0.674952401964	0.0941623971433	0.0168738100491	0.214011390843
-000	0.143727255315	0.118866117602	0.00321777437273	0.73418885271
-eta	0.0939319446241	0.865959373787	0.0307931168327	0.00931556475613
-ete	0.119897959184	0.849489795918	0.030612244898	0.0
-eto	0.0	1.0	0.0	0.0
-etl	0.0596692775278	0.838882379034	0.0438993522073	0.0575489912313
-rco	0.0726128269611	0.89945337088	0.000903519207311	0.0270302829521
-hco	0.317307692308	0.538461538462	0.144230769231	0.0
-uyo	0.494736842105	0.473684210526	0.0	0.0315789473684
-ías	0.0198651048045	0.954058282694	0.00849687373646	0.0175797387651
-oxo	0.745098039216	0.078431372549	0.176470588235	0.0
-atz	0.956204379562	0.014598540146	0.029197080292	0.0
-mén	0.147368421053	0.410526315789	0.0	0.442105263158
-jsi	0.53302154085	0.275439549777	0.0885697651853	0.102969144188
-ebú	0.117903930131	0.882096069869	0.0	0.0
-ría	0.00579637096774	0.744287634409	0.00991263440861	0.240003360215
-ata	0.313821165808	0.570217496457	0.0563895418403	0.0595717958945
-amá	0.268504048871	0.671828384714	0.0596675664157	0.0
-jsa	0.811688311688	0.0779220779221	0.11038961039	0.0
-atl	0.0671504127367	0.718226501824	0.0193654427363	0.195257642703
-ati	0.587369164458	0.188666669537	0.0846226649023	0.139341501103
-xpa	0.0228384991844	0.396411092985	0.327895595432	0.252854812398
-nis	0.645485230706	0.226154827113	0.0448341583938	0.0835257837874
-acu	0.546784363178	0.263556116015	0.0938209331652	0.0958385876419
-ian	0.188360737835	0.565478674568	0.0301519071864	0.216008680411
-osa	0.196700507614	0.757614213198	0.0456852791878	0.0
-sué	0.0495633703092	0.822987963182	0.0	0.127448666509
-hti	0.542160737813	0.370882740448	0.0540184453228	0.0329380764163
-niu	0.050238302805	0.781425730965	0.0586292827167	0.109706683513
-ien	0.0	0.174218251436	0.0	0.825781748564
-oso	0.0370987558515	0.0268613913435	0.00349062507823	0.932549227727
-ich	0.247232472325	0.383763837638	0.132841328413	0.236162361624
-nic	0.756075607561	0.0783078307831	0.165616561656	0.0
-ace	0.0	0.835125448029	0.164874551971	0.0
-nia	0.165563206865	0.780575264716	0.0363143057453	0.0175472226728
-aca	0.3976826958	0.300004649571	0.126534402105	0.175778252523
-nij	0.571848380405	0.265576986226	0.0715377908228	0.0910368425469
-iaj	0.442339197934	0.287640831914	0.087333730306	0.182686239846
-nin	0.366819708079	0.0657164393887	0.00863427670802	0.558829575824
-ice	0.0280046674446	0.891481913652	0.0595099183197	0.0210035005834
-nil	0.054794520548	0.945205479452	0.0	0.0
-ach	0.0931289744987	0.514212076635	0.050172896338	0.342486052528
-iau	0.774461510219	0.0458634194101	0.00550728185044	0.17416778852
-aji	0.694736842105	0.0210526315789	0.0	0.284210526316
-cía	0.0521739130434	0.895652173913	0.0417391304348	0.0104347826087
-aja	0.180168446644	0.804202483286	0.0156290700703	0.0
-nós	0.0	1.0	0.0	0.0
-nón	0.0	1.0	0.0	0.0
-ome	0.0273063876906	0.0142794871409	0.184480953168	0.773933172
-fia	0.0	1.0	0.0	0.0
-vio	0.0500954198473	0.939885496183	0.0	0.0100190839695
-lda	0.0415224913495	0.885813148789	0.0726643598616	0.0
-vid	0.00118397684667	0.98355587713	0.00105242386371	0.0142077221601
-fre	0.0166666666667	0.983333333333	0.0	0.0
-ato	0.208997055025	0.656554665768	0.0433369506917	0.0911113285154
-ilo	0.480355503083	0.447986357077	0.0542765315492	0.0173816082907
-ojo	0.00484261501209	0.922518159806	0.0726392251816	0.0
-ili	0.567136566244	0.262903412415	0.0779559176476	0.0920041036933
-lma	0.112025448561	0.626507154498	0.038760805202	0.222706591739
-oam	0.0	1.0	0.0	0.0
-igo	0.158393997915	0.709456900996	0.0388339123761	0.0933151887132
-ebe	0.0833333333333	0.916666666667	0.0	0.0
-lmo	0.01875	0.90625	0.0	0.075
-ami	0.399525297474	0.434974797578	0.115888692224	0.0496112127247
-nís	0.0	1.0	0.0	0.0
-amo	0.18695346266	0.800985023621	0.01206151372	0.0
-ama	0.177149134853	0.811864872288	0.0109859928591	0.0
-xej	0.0289389067524	0.122186495177	0.0289389067524	0.819935691318
-oas	0.0	1.0	0.0	0.0
-hij	0.61631753032	0.211135611907	0.03197353914	0.140573318633
-iro	0.0308827114866	0.89223559097	0.0626593962004	0.0142223013425
-hin	0.0348416289592	0.954298642534	0.0	0.0108597285068
-usa	0.0416666666667	0.958333333333	0.0	0.0
-hic	0.30523255814	0.372763864043	0.315295169946	0.0067084078712
-ira	0.006993006993	0.993006993007	0.0	0.0
-mós	0.0	1.0	0.0	0.0
-tat	0.0	1.0	0.0	0.0
-agé	0.0759493670886	0.911392405063	0.0	0.0126582278481
-his	0.4375	0.351851851852	0.0578703703704	0.152777777778
-hiu	0.52352450338	0.201761837305	0.0174300778526	0.257283581462
-ulo	0.047622640086	0.852416966862	0.00905301672922	0.0909073763226
-uza	0.0	1.0	0.0	0.0
-zmo	0.210708973723	0.779375309866	0.0099157164105	0.0
-epa	0.310569864474	0.372346889719	0.0251653369688	0.291917908838
-epo	0.0252100840336	0.924369747899	0.0504201680672	0.0
-ces	0.0603448275862	0.922413793104	0.0	0.0172413793103
-cer	0.0685714285715	0.657142857143	0.0342857142857	0.24
-aná	0.00269541778976	0.983827493261	0.0	0.0134770889488
-cel	0.0859162588363	0.909189777053	0.00163132137031	0.00326264274062
-tar	0.0	0.961218836565	0.0	0.0387811634349
-bén	0.0	1.0	0.0	0.0
-aní	0.0	1.0	0.0	0.0
-cea	0.0	1.0	0.0	0.0
-pia	0.508474128658	0.12105327751	0.0364374344907	0.334035159341
-pil	0.135425897824	0.809251460812	0.0340447023777	0.0212779389861
-xiu	0.0902027328749	0.644547646691	0.246494596767	0.0187550236671
-pin	0.622641509434	0.0943396226415	0.0566037735849	0.22641509434
-pio	0.209302325581	0.697674418605	0.0	0.093023255814
-rés	0.0	0.991240875912	0.0	0.00875912408759
-xin	0.715670458675	0.263472114478	0.015643070135	0.00521435671166
-pix	0.469474179508	0.278555464063	0.0823432537349	0.169627102694
-iud	0.0	1.0	0.0	0.0
-tés	0.0128205128205	0.974358974359	0.0128205128205	0.0
-lén	0.00914378624828	0.973800663784	0.00138288242985	0.0156726675383
-uem	0.0	1.0	0.0	0.0
-uel	0.203844409569	0.421614646296	0.0996439142819	0.274897029853
-ueo	0.072	0.8656	0.00960000000002	0.0528
-uen	0.09949018438	0.0635629107964	0.0159402518812	0.821006652942
-uej	0.472818033144	0.272859777948	0.0973589788254	0.156963210082
-uda	0.0243407707911	0.975659229209	0.0	0.0
-lca	0.406779661017	0.559322033898	0.0338983050847	0.0
-hía	0.0	0.818414322251	0.156010230179	0.0255754475703
-sde	0.124410829771	0.126931930286	0.00624794475501	0.742409295188
-lco	0.118686868687	0.790404040404	0.0454545454545	0.0454545454545
-aco	0.20154757284	0.70260558178	0.03487047216	0.0609763732205
-ago	0.0205655526992	0.958868894602	0.0154241645244	0.00514138817482
-sli	0.0	1.0	0.0	0.0
-lás	0.0648148148148	0.916666666667	0.0	0.0185185185185
-rte	0.0391819108156	0.731743413072	0.200931631811	0.028143044301
-itz	0.884219554031	0.100343053173	0.0154373927959	0.0
-lsa	0.0474209650582	0.88768718802	0.00998336106488	0.0549084858569
-rta	0.00736980340657	0.968070718752	0.0176992885004	0.00686018934122
-ona	0.116087361316	0.726413996431	0.105564822717	0.0519338195361
-ego	0.0448311332076	0.167409566261	0.7051260072	0.082633293331
-ono	0.00428418421992	0.98500535523	0.00642627632989	0.00428418421992
-rto	0.0	1.0	0.0	0.0
-das	0.0612808929046	0.881530693596	0.00478341748605	0.0524049960138
-450	0.0647482014388	0.0935251798561	0.0	0.841726618705
-dam	0.0487804878049	0.939024390244	0.0121951219512	0.0
-eno	0.0971412711628	0.634101211953	0.249329262652	0.0194282542326
-cor	0.0	1.0	0.0	0.0
-dad	0.0506630397823	0.442366541993	0.0391023461408	0.467868072084
-ani	0.502949583648	0.332866106384	0.0880296378916	0.0761546720763
-dab	0.0	1.0	0.0	0.0
-ano	0.169810565101	0.623533181145	0.175017021106	0.0316392326485
-tal	0.0434782608696	0.782608695652	0.173913043478	0.0
-tam	0.0	1.0	0.0	0.0
-iás	0.394736842105	0.5	0.0	0.105263157895
-taj	0.310571606296	0.511483770862	0.0857962618238	0.0921483610189
