-cac	0.315365774947	0.495010163781	0.0444494690035	0.145174592268
-caj	0.384481895247	0.374268301711	0.0584932399346	0.182756563107
-cal	0.083052436724	0.536608175888	0.161052590744	0.219286796644
-cas	0.415645316743	0.229237348442	0.0534842139836	0.301633120832
-car	0.0200429491768	0.919828203293	0.0400858983536	0.0200429491768
-ive	0.0150468259177	0.984953174082	0.0	0.0
-rbe	0.0567685589519	0.943231441048	0.0	0.0
-caz	0.0	1.0	0.0	0.0
-cax	0.425629290618	0.560640732266	0.0137299771167	0.0
-ivo	0.0967635765221	0.756445419638	0.0276467361492	0.119144267691
-oya	0.58701569967	0.148127933413	0.0863710857645	0.178485281153
-oyo	0.151946690606	0.750364787743	0.0274268036218	0.0702617180292
-zis	0.46192893401	0.404767159567	0.0432575590378	0.0900463473847
-nso	0.0643776824034	0.922746781116	0.0	0.0128755364807
-zij	0.298591549296	0.653521126761	0.0478873239436	0.0
-nse	0.1875	0.53125	0.09375	0.1875
-ufo	0.0	1.0	0.0	0.0
-aum	0.0217756129508	0.949572264746	0.0126069338136	0.01604518849
-zic	0.519007603041	0.117647058823	0.327330932373	0.0360144057623
-nti	0.0759698572355	0.0426324395064	0.0132897691844	0.868107934074
-uez	0.111431422552	0.773256458588	0.0166315556048	0.0986805632553
-uac	0.169778157132	0.33175713337	0.225596507386	0.272868202112
-tzi	0.112486448394	0.451539349935	0.18517244158	0.250801760091
-nto	0.0408582176919	0.564678519582	0.0367606886971	0.357702574029
-nta	0.210474344703	0.162547232574	0.0323106561599	0.594667766563
-uaj	0.445182465496	0.237680081587	0.0729137461981	0.244223706719
-tza	0.183641391863	0.101704107925	0.020420446449	0.694234053763
-ual	0.0853893983703	0.648292212033	0.106044689248	0.160273700349
-uan	0.021388239955	0.0185174759759	0.000201626296723	0.959892657772
-cxi	0.0349297328991	0.888859940776	0.0639622381658	0.0122480881594
-uas	0.440754270609	0.231937172902	0.0673271334444	0.259981423045
-lta	0.0628151372008	0.433562443607	0.0309166180139	0.472705801178
-pra	0.117554858934	0.775862068966	0.0783699059561	0.0282131661442
-lía	0.379544551353	0.178840678559	0.0796064585205	0.362008311568
-nme	0.681318681319	0.230769230769	0.043956043956	0.043956043956
-pre	0.00752508361206	0.957357859532	0.00501672240803	0.0301003344481
-nma	0.0293797606094	0.881392818281	0.0130576713819	0.0761697497279
-más	0.113072419711	0.0740783875943	0.286005267262	0.526843925433
-aré	0.0	1.0	0.0	0.0
-opo	0.0	0.909943714822	0.0900562851783	0.0
-tín	0.0	0.949367088608	0.0506329113923	0.0
-mán	0.0290697674419	0.593023255814	0.377906976744	0.0
-ope	0.0213178294574	0.963178294574	0.015503875969	0.0
-opa	0.0104418814891	0.016068877178	0.000737857774235	0.972751383559
-dea	0.0145264381174	0.963006004261	0.00677900445478	0.0156885531668
-dec	0.028695874968	0.968229567	0.0	0.00307455803227
-deo	0.000669381380042	0.99263680482	0.0	0.00669381380042
-ima	0.131753554502	0.728909952607	0.00789889415482	0.131437598736
-des	0.0451929486776	0.816420359366	0.0403527571328	0.0980339348236
-ime	0.0821910141472	0.838304399648	0.0558428771312	0.0236617090739
-imo	0.0923965351299	0.728585178056	0.0115495668912	0.167468719923
-ido	0.00312744331509	0.929111284858	0.00521240552515	0.0625488663017
-lla	0.05	0.95	0.0	0.0
-ech	0.135867347771	0.836175803372	0.0137091377932	0.0142477110636
-eco	0.106580891389	0.629881258038	0.0043741249368	0.259163725636
-obo	0.0014552510308	0.992481203008	0.000970167353868	0.00509337860781
-rpo	0.0	1.0	0.0	0.0
-rpa	0.0874635568512	0.912536443149	0.0	0.0
-eca	0.180585889892	0.184039446147	0.0223900449596	0.612984619001
-llo	0.193890193924	0.780208444292	0.0238830738525	0.0020182879312
-ida	0.0104166666667	0.972222222222	0.00694444444446	0.0104166666667
-tli	0.115885403704	0.681333378579	0.0666378950293	0.136143322688
-bia	0.0438756855576	0.956124314442	0.0	0.0
-tla	0.0869452094954	0.15716015655	0.0294117225861	0.726482911369
-tle	0.188331353308	0.0792811476366	0.0336901957822	0.698697303274
-eja	0.0927725289541	0.0373592795091	0.0219114483375	0.847956743199
-ter	0.00818553888131	0.967257844475	0.0245566166439	0.0
-tes	0.0313252125925	0.937115615307	0.0107405801181	0.0208185919822
-ria	0.0234689592134	0.944415622916	0.0135872921762	0.0185281256948
-rio	0.0067415730337	0.96404494382	0.0224719101123	0.0067415730337
-rim	0.0	1.0	0.0	0.0
-ejo	0.0522193211488	0.670365535248	0.238250652742	0.0391644908616
-tea	0.0	1.0	0.0	0.0
-ris	0.0	1.0	0.0	0.0
-gre	0.471204188482	0.528795811518	0.0	0.0
-tel	0.031914893617	0.968085106383	0.0	0.0
-teo	0.0615615151703	0.850043255268	0.00926898597294	0.0791262435889
-lux	0.0121457489879	0.987854251012	0.0	0.0
-ara	0.0320133488813	0.0101860561563	0.00194327260653	0.955857322356
-mes	0.0	1.0	0.0	0.0
-aro	0.074607329843	0.810209424084	0.0298429319372	0.0853403141362
-rón	0.0	0.981385729059	0.018614270941	0.0
-mea	0.0	1.0	0.0	0.0
-mec	0.0	1.0	0.0	0.0
-meo	0.261477045908	0.654690618763	0.0479041916168	0.0359281437126
-mei	0.0	1.0	0.0	0.0
-bán	0.205714285714	0.405714285714	0.182857142857	0.205714285714
-mas	0.298100761631	0.594776476268	0.0552891675359	0.0518335945649
-aya	0.276935003387	0.128921798202	0.0325400522566	0.561603146154
-ayo	0.109046032074	0.728444283449	0.0441692504603	0.118340434017
-bás	0.0122699386503	0.975971370143	0.00562372188138	0.00613496932516
-xas	0.105164319249	0.868544600939	0.0262910798122	0.0
-cti	0.53560538371	0.287083918365	0.0977463869861	0.079564310939
-aón	0.00810372771476	0.991896272285	0.0	0.0
-exo	0.122448979592	0.863945578231	0.0	0.0136054421769
-dán	0.0339308886432	0.88672081511	0.0194646032585	0.0598836929879
-xad	0.0	1.0	0.0	0.0
-ota	0.0112359550562	0.988764044944	0.0	0.0
-tán	0.17486631016	0.776470588235	0.0390374331551	0.00962566844921
-ote	0.0	0.996266334785	0.0	0.00373366521469
-oti	0.55062608789	0.249485864139	0.0483080674472	0.151579980523
-otl	0.107176558503	0.750726617483	0.0634441557571	0.0786526682574
-oto	0.492359351481	0.395054514513	0.035483575635	0.0771025583719
-rán	0.0	1.0	0.0	0.0
-eví	0.0956989247312	0.860573476703	0.0243727598566	0.0193548387097
-otz	0.695142378559	0.254606365159	0.0502512562814	0.0
-umi	0.0197368421053	0.802631578947	0.0197368421052	0.157894736842
-naj	0.340101574819	0.376970230659	0.145549616705	0.137378577816
ALL	0.208665860836	0.264500897163	0.0497233178407	0.47710992416
-nal	0.0269036053765	0.875780989679	0.0223431089345	0.07497229601
-sis	0.468363253077	0.221586150314	0.0470541903181	0.262996406291
-aús	0.0555555555556	0.888888888889	0.0	0.0555555555556
-aúl	0.566666666667	0.376190476191	0.0285714285714	0.0285714285714
-sij	0.3802896438	0.338373022388	0.114233753769	0.167103580044
-sio	0.0	0.964285714286	0.0	0.0357142857143
-sic	0.537559644126	0.27453874348	0.0589850030242	0.12891660937
-nas	0.294604758033	0.505171418565	0.0706127214281	0.129611101974
-sia	0.0148026315789	0.98125	0.00197368421052	0.00197368421052
-mos	0.214647016827	0.566367576208	0.0723065022998	0.146678904665
-mor	0.0	1.0	0.0	0.0
-jco	0.119161872351	0.328496651328	0.0486037258187	0.503737750502
-jca	0.0843120220084	0.189064366629	0.0290030124675	0.697620598895
-tzo	0.137404580153	0.839694656489	0.0229007633588	0.0
-gog	0.0137614678899	0.98623853211	0.0	0.0
-aán	0.0251396648045	0.882681564246	0.036312849162	0.0558659217877
-moc	0.31577336541	0.0225017367886	0.0246912275299	0.637033670271
-moa	0.309734513274	0.491150442478	0.0	0.199115044248
-cos	0.382042375134	0.438237370527	0.0878317545393	0.0918884998004
-gos	0.091738594328	0.769173859433	0.0680641183724	0.0710234278668
-mol	0.0	0.697885196375	0.302114803625	0.0
-col	0.302689489934	0.376455985922	0.193782261606	0.127072262539
-yas	0.469602811499	0.172381063784	0.041435062302	0.316581062415
-coj	0.7260886198	0.112442179424	0.0374058247178	0.124063376058
-ber	0.0	1.0	0.0	0.0
-eos	0.0342145618227	0.909777422422	0.033053710618	0.0229543051371
-eor	0.0	1.0	0.0	0.0
-coc	0.42723026696	0.113907243388	0.0657637814955	0.393098708156
-cob	0.0113985094257	0.96668128014	0.00350723366944	0.0184129767646
-beo	0.00907715582451	0.990922844175	0.0	0.0
-bel	0.0874466184849	0.711372510768	0.0241417044897	0.177039166258
-yal	0.265306122449	0.510204081633	0.224489795918	0.0
-rla	0.022899202617	0.874054385606	0.0858720098139	0.0171744019628
-lpi	0.676909492274	0.217130242826	0.0635761589404	0.0423841059603
-yaj	0.524674484312	0.231905569105	0.070440070396	0.172979876187
-iso	0.0384615384615	0.961538461538	0.0	0.0
-reo	0.0662052362323	0.906710803491	0.0240746313572	0.00300932891965
-nte	0.0319897632757	0.857645553423	0.0	0.110364683301
-ise	0.486801818692	0.289287428996	0.0767362323908	0.147174519921
-rea	0.0336855189559	0.886761963953	0.00633934120572	0.0732131758857
-isa	0.328191508791	0.123915178159	0.188988373417	0.358904939632
-eve	0.00269379273189	0.0329284092512	0.323255127827	0.64112267019
-eva	0.0783444198078	0.876570583888	0.0	0.0450849963045
-zco	0.191138140747	0.308427454387	0.323197219809	0.177237185056
-res	0.0291053036588	0.642347927966	0.139425843291	0.189120925084
-ret	0.0343875842722	0.95543188091	0.00407221392698	0.00610832089045
-dia	0.0658001624695	0.768480909829	0.0	0.165718927701
-hab	0.0395061728395	0.960493827161	0.0	0.0
-hac	0.637931034483	0.362068965517	0.0	0.0
-naí	0.139410187667	0.85254691689	0.0	0.00804289544236
-ame	0.0483977912332	0.538286841448	0.0350439461209	0.378271421198
-haj	0.0773998637973	0.736981255752	0.0163788797597	0.169240000691
-mar	0.0	1.0	0.0	0.0
-hal	0.162368672397	0.6370582617	0.0573065902578	0.143266475645
-ham	0.0318988234109	0.92393188036	0.0131810285503	0.0309882676783
-maj	0.276306689062	0.61268649343	0.0300859598854	0.0809208576228
-mal	0.286240032713	0.619300756492	0.0257616029442	0.0686976078511
-mac	0.146346302372	0.723009119187	0.0428538024956	0.0877907759459
-yon	0.0694877243362	0.0926958544885	0.0119582855482	0.825858135627
-xpa	0.146864377444	0.334022824132	0.131122422922	0.387990375503
-cyo	0.0890269151138	0.910973084886	0.0	0.0
-bet	0.0	0.776357827476	0.0	0.223642172524
-pta	0.0	1.0	0.0	0.0
-pto	0.00456505199087	0.982247020036	0.00152168399696	0.0116662439767
-666	0.0	0.0	0.0	1.0
-gad	0.0	1.0	0.0	0.0
-tra	0.00774160091863	0.971046412564	0.0142445456902	0.00696744082675
-ada	0.0	0.912408759124	0.0875912408759	0.0
-ado	0.116215198701	0.795805637332	0.0378640596937	0.0501151042728
-tro	0.0174982053123	0.434224694903	0.109475951184	0.4388011486
-lot	0.0195058517555	0.806566970091	0.173927178153	0.0
-gai	0.0	1.0	0.0	0.0
-adi	0.0	1.0	0.0	0.0
-cpa	0.0	0.414634146341	0.585365853659	0.0
-gau	0.0	1.0	0.0	0.0
-gar	0.160828811051	0.7488899852	0.0577207696103	0.0325604341391
-lam	0.0	1.0	0.0	0.0
-nor	0.0	1.0	0.0	0.0
-seo	0.0198517734251	0.956326098465	0.0211752249868	0.00264690312335
-ini	0.116502490434	0.743669742068	0.0733182398738	0.0665095276242
-sem	0.0	1.0	0.0	0.0
-nos	0.479638406723	0.233692085419	0.0631947507284	0.22347475713
-yac	0.0718284955475	0.171290982548	0.42562004905	0.331260472855
-ino	0.00730460189919	0.891648405162	0.101046992939	0.0
-ina	0.0732956076529	0.894637563999	0.0245216922662	0.00754513608191
-uis	0.473442356375	0.251806548578	0.0763523862403	0.198398708807
-sec	0.0	0.0085817685411	0.991418231459	0.0
-sea	0.0	1.0	0.0	0.0
-món	0.0234801030983	0.96298250847	0.00290633197959	0.0106310564517
-uii	0.581709145427	0.409295352324	0.0	0.00899550224887
-uij	0.415334776793	0.22786588454	0.0824783205606	0.274321018106
-uim	0.0	1.0	0.0	0.0
-uil	0.118437789443	0.704328518497	0.0384922815691	0.138741410491
-uin	0.077720670151	0.0564340301136	0.0282956139846	0.837549685751
-uic	0.248913628699	0.135125092246	0.504902100323	0.111059178732
-set	0.0	1.0	0.0	0.0
-ses	0.00925925925926	0.922222222222	0.0351851851852	0.0333333333333
-ser	0.0	1.0	0.0	0.0
-blo	0.0772093998611	0.761320593979	0.00309309427384	0.158376911886
-eda	0.0533333333333	0.591111111111	0.355555555556	0.0
-dón	0.0197568389058	0.9726443769	0.0	0.00759878419455
-nex	0.0682310975108	0.828558275864	0.0877990850926	0.0154115415322
-són	0.0133697964145	0.97386812519	0.0	0.0127620783956
-ena	0.106771845964	0.159885000288	0.0332650972844	0.700078056464
-nes	0.0592352920529	0.859392741021	0.0332487606796	0.0481232062467
-rso	0.00411522633744	0.995884773663	0.0	0.0
-neo	0.0	0.82905982906	0.0	0.17094017094
-nel	0.53171196948	0.177396280401	0.0429184549357	0.247973295184
-bed	0.210526315789	0.789473684211	0.0	0.0
-ias	0.0149361066549	0.975936272612	0.00414891851524	0.00497870221829
-ooz	0.0327868852459	0.967213114754	0.0	0.0
-ban	0.0581619537275	0.61793059126	0.00192802056555	0.321979434447
-hos	0.294504412176	0.659397335392	0.0217547549013	0.0243434975311
-jon	0.28962611901	0.54607688257	0.0	0.16429699842
-bas	0.0	1.0	0.0	0.0
-job	0.289473684211	0.684210526316	0.0263157894737	0.0
-ase	0.467612242255	0.248075254756	0.0547270476873	0.229585455302
-que	0.498452576343	0.167147246299	0.0686905854567	0.265709591902
-asa	0.0271903323263	0.818731117825	0.0181268882175	0.135951661631
-qui	0.533869767471	0.155333875898	0.0463277178542	0.264468638776
-nyo	0.220963172804	0.762039660057	0.0	0.0169971671388
-asi	0.269348607966	0.188757159984	0.35486878913	0.18702544292
-lti	0.370270146817	0.242405075629	0.0942661190394	0.293058658515
-oré	0.0	0.943396226415	0.0566037735849	0.0
-lto	0.224899598394	0.285140562249	0.393574297189	0.0963855421687
-dro	0.0214535183954	0.88408194362	0.00220004746398	0.092264490521
-zor	0.0	1.0	0.0	0.0
-430	0.309090909091	0.0	0.0	0.690909090909
-ras	0.0329512893983	0.967048710602	0.0	0.0
-eri	0.0	1.0	0.0	0.0
-ral	0.036743263735	0.919398110346	0.0195964073253	0.0242622185932
-ram	0.0	1.0	0.0	0.0
-uía	0.478395217686	0.214450613002	0.0519771827395	0.255176986572
-red	0.0	1.0	0.0	0.0
-ero	0.0488301549349	0.0455403654959	0.0364165900713	0.869212889498
-era	0.0	0.965884861407	0.0341151385927	0.0
-uío	0.0	0.964285714286	0.0357142857143	0.0
-rac	0.0	1.0	0.0	0.0
-aén	0.0	0.985294117647	0.0147058823529	0.0
-por	0.371254625761	0.409693207592	0.04536230154	0.173689865107
-pos	0.367591920789	0.557411663502	0.0510924486577	0.0239039670506
-azo	0.373684210526	0.594736842105	0.0	0.0315789473684
-pol	0.0789980732177	0.863198458574	0.0115606936416	0.0462427745665
-poc	0.0153846153846	0.892307692308	0.0	0.0923076923077
-aza	0.0253833950291	0.953287502203	0.0179799048123	0.00334919795523
-lac	0.280953699218	0.413846402288	0.115913442683	0.18928645581
-lal	0.189122486289	0.539396709324	0.027239488117	0.244241316271
-aat	0.0	1.0	0.0	0.0
-lan	0.297872340426	0.156028368794	0.489361702128	0.0567375886524
-lao	0.572368421053	0.309210526316	0.0	0.118421052632
-laj	0.205242541281	0.472343227984	0.294561943898	0.0278522868374
-aam	0.0342342342342	0.917117117117	0.0378378378378	0.0108108108108
-aal	0.0	1.0	0.0	0.0
-noj	0.329767323153	0.510832730727	0.0894267443674	0.0699732017525
-fos	0.0	1.0	0.0	0.0
-nol	0.468045112782	0.375939849624	0.0714285714286	0.0845864661654
-eón	0.0970622492559	0.839523747897	0.0427073896726	0.0207066131746
-non	0.548387096774	0.209677419355	0.120967741935	0.120967741935
-las	0.530502200343	0.291833272784	0.0336477714385	0.144016755434
-noc	0.134927350302	0.324831815356	0.128060070263	0.41218076408
-lax	0.0165289256198	0.950413223141	0.0165289256198	0.0165289256198
-aac	0.00649772579597	0.978796894771	0.00991758147805	0.00478779795492
-zto	0.337621359223	0.384223300971	0.0332524271845	0.244902912621
-eús	0.0576923076923	0.490384615385	0.192307692308	0.259615384615
-dor	0.113229018492	0.815362731152	0.00938833570413	0.0620199146515
-dos	0.105257425588	0.711323925254	0.0275162981749	0.155902350983
-fán	0.2201887332	0.619674006291	0.0	0.160137260509
-fás	0.0036253776435	0.882779456193	0.113595166163	0.0
-doc	0.0	1.0	0.0	0.0
-tía	0.365949860383	0.450318898772	0.0768713120413	0.106859928804
-ges	0.0229007633588	0.931297709924	0.0458015267176	0.0
-ger	0.0338983050847	0.93220338983	0.0338983050848	0.0
-sas	0.267793173866	0.364777447484	0.0587575294809	0.30867184917
-mpo	0.138666594935	0.666177993571	0.0702075291523	0.124947882342
-vor	0.362082362082	0.342657342657	0.041958041958	0.253302253302
-vos	0.016466399644	0.964842011571	0.0133511348465	0.00534045393859
-toc	0.537259834889	0.206774765444	0.0827382097501	0.173227189917
-tol	0.146520512394	0.55073221154	0.0601914359185	0.242555840148
-toj	0.599860437488	0.103047817332	0.0204894626921	0.276602282487
-mpa	0.0844602574	0.0404169384769	0.0187914449872	0.856331359136
-sac	0.767801857585	0.213622291022	0.0	0.0185758513932
-oli	0.15473496856	0.635304236056	0.0665594888139	0.14340130657
-tor	0.131386861314	0.802919708029	0.021897810219	0.043795620438
-tos	0.462107248902	0.206652946199	0.0422418211038	0.288997983795
-olo	0.0595317567308	0.49771910773	0.0386526780784	0.404096457461
-saj	0.402181818182	0.427636363636	0.0218181818182	0.148363636364
-400	0.444827586207	0.379310344828	0.0	0.175862068966
-san	0.15500259406	0.0420334413827	0.0965127472909	0.706451217266
-sam	0.0	1.0	0.0	0.0
-lol	0.206604426003	0.565467957584	0.170297372061	0.0576302443522
-iel	0.0370932389141	0.925813522172	0.0370932389142	0.0
-ien	0.0109417741305	0.0650427684425	0.093960314359	0.830055143068
-avo	0.0240963855422	0.903614457831	0.0722891566265	0.0
-loc	0.026825422971	0.738569781396	0.00988305056828	0.224721745064
-iez	0.369496855346	0.0644654088051	0.0471698113208	0.518867924528
-oca	0.400072617076	0.355775494719	0.0673524881915	0.176799400014
-rom	0.0	1.0	0.0	0.0
-oco	0.396684514102	0.30159279945	0.21080178763	0.090920898818
-los	0.428905473217	0.469798642095	0.0408239620795	0.0604719226087
-ipo	0.015100671141	0.984899328859	0.0	0.0
-ión	0.355265923902	0.621960619438	0.0217223740453	0.00105108261509
-ipa	0.131361991977	0.139843305887	0.0676223082665	0.661172393869
-ipe	0.00456881781839	0.988768322863	0.0	0.00666285931848
-noé	0.0	1.0	0.0	0.0
-rda	0.0	1.0	0.0	0.0
-rdo	0.0240320427236	0.84779706275	0.128170894526	0.0
-jto	0.626037725765	0.0529132065762	0.00594502569045	0.315104041968
-jti	0.412799040422	0.418192990073	0.114792520586	0.0542154489194
-jte	0.577639751553	0.204968944099	0.167701863354	0.0496894409938
-saú	0.0424028268551	0.922261484099	0.0	0.0353356890459
-276	0.0	0.253731343284	0.0	0.746268656716
-sto	0.0287980847125	0.803715164049	0.0023089200946	0.165177831144
-sti	0.201550387597	0.782945736434	0.015503875969	0.0
-sta	0.0478946079456	0.0438614812649	0.017208771641	0.891035139149
-saí	0.0	1.0	0.0	0.0
-eli	0.29889757438	0.187031398236	0.084128019878	0.429943007506
-lle	0.0165975103734	0.854771784232	0.112033195021	0.0165975103734
-cui	0.546449779591	0.255910962148	0.15683631462	0.0408029436409
-loé	0.0109689213894	0.923217550274	0.0	0.0658135283363
-ián	0.329479768786	0.479768786127	0.0346820809248	0.156069364162
-cua	0.276530297157	0.663067229927	0.0280259380194	0.0323765348961
-eyi	0.0590488222292	0.0869407611247	0.233101208283	0.620909208363
-uco	0.0	0.938775510204	0.0612244897959	0.0
-eyo	0.137147335423	0.807993730408	0.0	0.0548589341692
-eya	0.101199595175	0.0952132728187	0.00862808515673	0.79495904685
-ion	0.00604838709677	0.987903225806	0.0	0.00604838709677
-len	0.0479508747633	0.0111776800321	0.00106480835066	0.939806636854
-lea	0.00970659607324	0.965806309287	0.0143392896536	0.0101478049857
-mun	0.289256198347	0.537190082645	0.0	0.173553719008
-leg	0.0	1.0	0.0	0.0
-ley	0.22203672788	0.300500834725	0.337228714524	0.140233722871
-gón	0.0139475908707	0.976331360947	0.0	0.00972104818259
-ios	0.0387678140759	0.835454944091	0.00708178031134	0.118695461522
-les	0.0	0.966346153846	0.0336538461538	0.0
-eel	0.0	1.0	0.0	0.0
-rra	0.032090368395	0.951130354013	0.0104870484951	0.00629222909707
-rro	0.132077253624	0.831090333853	0.0184162062615	0.0184162062615
-gio	0.0156657963446	0.984334203655	0.0	0.0
-alo	0.412932068477	0.508668629375	0.0463417293643	0.0320575727838
-udá	0.0	1.0	0.0	0.0
-ndo	0.0	0.966101694915	0.0338983050847	0.0
-ali	0.140484277457	0.427646075111	0.193474803779	0.238394843652
-nda	0.256664127951	0.465346534654	0.219345011424	0.058644325971
-nde	0.175150519978	0.44170771757	0.153256704981	0.229885057471
-gia	0.0	0.965753424658	0.0342465753425	0.0
-ala	0.549501409316	0.237103134341	0.0229036386799	0.190491817663
-120	0.03125	0.21875	0.0	0.75
-bre	0.0128755364807	0.987124463519	0.0	0.0
-yos	0.0396301188904	0.96036988111	0.0	0.0
-osé	0.0413123454557	0.943308606236	0.0040709245522	0.0113081237561
-tca	0.445833333333	0.125	0.404166666667	0.0250000000001
-yoj	0.0939597315436	0.765100671141	0.0939597315436	0.0469798657718
-abá	0.0352112676056	0.964788732394	0.0	0.0
-yol	0.0422973983803	0.903449945737	0.0322337955456	0.0220188603375
-yoc	0.0892771749693	0.06762013755	0.141234363156	0.701868324325
-abí	0.0	0.88424437299	0.11575562701	0.0
-abé	0.0641025641026	0.80673992674	0.0043956043956	0.124761904762
-chi	0.081311451527	0.151237278317	0.0448667313799	0.722584538776
-cho	0.3044697547	0.469033578992	0.0520297926821	0.174466873627
-pel	0.160362870102	0.796064145148	0.0114289796064	0.032144005143
-cha	0.307284957779	0.33204522685	0.210390725633	0.150279089738
-loi	0.0	0.981132075472	0.0188679245283	0.0
-153	0.0786026200873	0.0174672489083	0.10480349345	0.799126637555
-lsa	0.0348837209302	0.810631229236	0.0398671096346	0.114617940199
-elo	0.632501187523	0.286588905895	0.0343590014251	0.0465509051565
-ogo	0.0	1.0	0.0	0.0
-ela	0.0	1.0	0.0	0.0
-iya	0.289578452853	0.0888575934034	0.0722648317191	0.549299122025
-jpa	0.00278551532034	0.0807799442896	0.91643454039	0.0
-uda	0.0722891566265	0.927710843373	0.0	0.0
-mij	0.514355148737	0.304301219817	0.0862618302313	0.0950818012155
-ito	0.597132365798	0.275760958748	0.0277415363095	0.0993651391448
-itl	0.0860097722457	0.819285489216	0.0408700939714	0.0538346445672
-uta	0.0	1.0	0.0	0.0
-eso	0.0963510916462	0.799158020372	0.0538787769942	0.0506121109875
-iti	0.587248232259	0.228217120474	0.0550202011157	0.129514446151
-esa	0.230588884292	0.699075989519	0.0	0.0703351261895
-ite	0.0260390834243	0.839301656582	0.134659259994	0.0
-ese	0.898876404494	0.0861423220974	0.0149812734082	0.0
-ita	0.274335635325	0.412606999249	0.124350954825	0.188706410601
-spe	0.0396694214876	0.920661157025	0.0396694214876	0.0
-fté	0.0	1.0	0.0	0.0
-spo	0.0	1.0	0.0	0.0
-fas	0.0940930475692	0.879769994773	0.0209095661265	0.00522739153162
-alí	0.0	1.0	0.0	0.0
-fat	0.0	1.0	0.0	0.0
-bro	0.166666666667	0.809523809524	0.0	0.0238095238095
-hum	0.0	1.0	0.0	0.0
-lpa	0.0454545454545	0.152892561983	0.801652892562	0.0
-hui	0.470562716778	0.107023310493	0.0669888242359	0.355425148493
-hue	0.0400243626555	0.833479202174	0.0386424473209	0.0878539878493
-hua	0.240086366302	0.543106062008	0.0488799783344	0.167927593356
-jyo	0.124436983902	0.758059471182	0.0642255400784	0.0532780048378
-abo	0.0	1.0	0.0	0.0
-ron	0.406754772393	0.196769456681	0.352422907489	0.0440528634361
-jya	0.255734161228	0.411875301301	0.135114110159	0.197276427312
-nco	0.0	0.435994620369	0.227656192689	0.336349186942
-nce	0.163043478261	0.472826086957	0.282608695652	0.0815217391304
-nca	0.260131149395	0.458579603025	0.0681809427946	0.213108304785
-sos	0.226186520817	0.526618447619	0.199350831906	0.0478441996575
-och	0.00969743987589	0.714895267649	0.0698215671063	0.205585725368
-sol	0.196061619366	0.681499899969	0.0744233902084	0.048015090457
-oro	0.0231566837269	0.739229192171	0.224782076432	0.0128320476703
-elí	0.00472589792059	0.966918714556	0.0141776937618	0.0141776937618
-ora	0.11829007052	0.770166213925	0.00597022563189	0.105573489924
-cia	0.00727174791274	0.971720980339	0.0177753837867	0.00323188796122
-soc	0.506527907219	0.269820539901	0.148062003649	0.0755895492312
-lix	0.0890026822726	0.889051450866	0.0	0.0219458668617
-rut	0.0	1.0	0.0	0.0
-lis	0.332674488576	0.266640153484	0.0618264470795	0.338858910861
-ico	0.640230365159	0.233733711448	0.0244671467125	0.101568776681
-lim	0.0425531914894	0.914893617021	0.0425531914894	0.0
-omi	0.209947682125	0.552236105203	0.114888173522	0.12292803915
-lio	0.0926002480364	0.86895411327	0.0161223646135	0.0223232740802
-lii	0.60606060606	0.348484848485	0.0454545454546	0.0
-lij	0.411546303905	0.218539821662	0.106211388052	0.263702486381
-oma	0.131243165476	0.676821110692	0.0460560268399	0.145879696992
-rug	0.0	1.0	0.0	0.0
-ica	0.244982668956	0.139538795315	0.0515740352436	0.563904500485
-lic	0.213692733422	0.180895767142	0.39838064979	0.207030849646
-cme	0.133593877219	0.160592737339	0.204722357922	0.50109102752
-yec	0.0204778156997	0.554038680319	0.411831626849	0.0136518771331
-ode	0.223340040241	0.426559356137	0.0181086519115	0.33199195171
-rna	0.0	1.0	0.0	0.0
-rno	0.105348460292	0.80226904376	0.0729335494327	0.0194489465154
-zer	0.0	1.0	0.0	0.0
-rge	0.0	0.986842105263	0.0	0.0131578947368
-lco	0.196983141082	0.77107364685	0.0106477373558	0.0212954747116
-nio	0.0273722627737	0.972627737226	0.0	0.0
-paj	0.576000304058	0.306937278489	0.037247132826	0.079815284627
-apa	0.222559115986	0.296961542713	0.12761329569	0.352866045612
-pal	0.0118413262285	0.95026642984	0.0260509177028	0.0118413262285
-nza	0.0	1.0	0.0	0.0
-pan	0.0103170487613	0.0154611502326	0.00144283682946	0.972778964177
-pac	0.204457058762	0.375486176811	0.190265951855	0.229790812572
-apo	0.654320457182	0.227087182572	0.0788897005113	0.0397026597344
-aín	0.00751879699248	0.984962406015	0.0	0.00751879699248
-pas	0.518767023156	0.22940486419	0.0254439169635	0.226384195691
-sué	0.0238095238095	0.97619047619	0.0	0.0
-sen	0.0681642005315	0.0574206338556	0.0727491387683	0.801666026845
-icó	0.0	1.0	0.0	0.0
-sur	0.0308669194815	0.451597730547	0.324102654555	0.193432695417
-ael	0.00316678395496	0.977128782548	0.00598170302604	0.0137227304715
-omé	0.0	1.0	0.0	0.0
-zín	0.0807174887892	0.878923766816	0.0403587443946	0.0
-fes	0.0	0.977827050998	0.0221729490022	0.0
-dio	0.0	1.0	0.0	0.0
-aña	0.0	1.0	0.0	0.0
-xco	0.240474889216	0.662892124277	0.0239560204798	0.072676966027
-dis	0.0	1.0	0.0	0.0
-feo	0.0	1.0	0.0	0.0
-lem	0.0	1.0	0.0	0.0
-sli	0.0	1.0	0.0	0.0
-xca	0.260189054555	0.263179865322	0.0749450535056	0.401686026618
-sús	0.0170904380245	0.570203832255	0.00322350259624	0.409482227125
-nno	0.0	1.0	0.0	0.0
-ves	0.33158069253	0.557339775473	0.0653213964284	0.0457581355691
-apá	0.0154826958106	0.922890103218	0.00910746812386	0.0525197328476
-ais	0.468296509348	0.404628055955	0.117662439535	0.00941299516279
-tis	0.486142877702	0.311659270783	0.0746816350985	0.127516216417
-íaj	0.43952685949	0.3055236451	0.0951078617325	0.159841633677
-tia	0.0	1.0	0.0	0.0
-tic	0.125165291912	0.360820571948	0.388078251262	0.125935884877
-til	0.127978902286	0.739987504441	0.0478808810308	0.0841527122426
-tio	0.09	0.81	0.08	0.02
-lón	0.0	1.0	0.0	0.0
-tij	0.537017712258	0.171587766395	0.054577398445	0.236817122903
-ngo	0.016415868673	0.829001367989	0.0	0.154582763338
-eme	0.046187351097	0.735738193724	0.184603241884	0.033471213295
-hme	0.317617519877	0.372436881016	0.258334495746	0.0516111033617
-ema	0.132127844041	0.0242593273131	0.000929074243879	0.842683754402
-jas	0.225	0.7	0.0374999999999	0.0375
-emo	0.25745169666	0.427885118534	0.016744825799	0.297918359007
-emi	0.485586335955	0.317544106353	0.090957521607	0.105912036086
-oni	0.423342679752	0.46182155017	0.0407320248348	0.0741037452434
-cio	0.0570071258908	0.777672209026	0.15106888361	0.0142517814727
-ana	0.191443511008	0.673493091976	0.0424743535104	0.0925890435055
-zal	0.0686868686869	0.757575757576	0.117171717172	0.0565656565656
-zaj	0.475036942566	0.359503283443	0.044101145986	0.121358628005
-zar	0.0	1.0	0.0	0.0
-zas	0.496784067729	0.399557122475	0.0342416488816	0.0694171609145
-xti	0.532205917655	0.241829130637	0.0299407008637	0.196024250844
-cis	0.0	1.0	0.0	0.0
-esi	0.362411089557	0.175699159392	0.160685418687	0.301204332363
-etz	0.384990375241	0.378515537111	0.145746356341	0.0907477313067
-000	0.0450264185619	0.318171376062	0.0	0.636802205376
-xme	0.0378787878787	0.931818181818	0.0151515151515	0.0151515151515
-eta	0.00792253521128	0.928697183099	0.00528169014085	0.0580985915493
-rce	0.0	0.0877192982456	0.0	0.912280701754
-ete	0.119197868462	0.841256485766	0.0103772261955	0.0291684195765
-eto	0.0145791915176	0.949635520212	0.0198807157058	0.0159045725646
-etl	0.0869145580675	0.673264654092	0.0384821195549	0.201338668285
-rco	0.275682841948	0.662774756316	0.0196604245446	0.0418819771909
-hco	0.237623762376	0.346534653465	0.178217821782	0.237623762376
-ías	0.0315592524966	0.920143820022	0.0085660828205	0.0397308446608
-hca	0.116269412839	0.164912040724	0.0451056928045	0.673712853632
-jsi	0.534750091208	0.245165997811	0.0569743402651	0.163109570716
-ebú	0.044234739015	0.955765260985	0.0	0.0
-ría	0.00890117798569	0.750577629635	0.0115904700579	0.228930722321
-ata	0.0460292705704	0.764850859869	0.00832698607847	0.180792883483
-amá	0.0	1.0	0.0	0.0
-ato	0.143250006543	0.73886644159	0.046364242157	0.0715193097103
-atl	0.051643130626	0.653353828659	0.0686913842629	0.226311656452
-ati	0.493710700496	0.23967733202	0.0747986938895	0.191813273595
-ose	0.408091372921	0.265316737478	0.0545898879314	0.272002001669
-nis	0.604436687437	0.228902752393	0.0685674170705	0.0980931430996
-osa	0.344720496894	0.636645962733	0.0186335403727	0.0
-ulo	0.054148871263	0.805826723612	0.00183038438072	0.138194020744
-hti	0.610957563575	0.224371887724	0.0588329505665	0.105837598134
-oso	0.0	0.897959183673	0.102040816327	0.0
-nic	0.133659606784	0.397772339887	0.307062695131	0.161505358198
-lén	0.0309227360797	0.954108452351	0.000858397168108	0.0141104144014
-nia	0.0182794934549	0.743975383615	0.0230016959308	0.214743426999
-aca	0.375940621631	0.302510434443	0.0565489582426	0.264999985683
-aco	0.271438563597	0.471558678878	0.0276851075361	0.229317649988
-nin	0.423076923077	0.346153846154	0.0	0.230769230769
-ice	0.0368007850834	0.927625122669	0.0355740922473	0.0
-nil	0.190536678311	0.721816449667	0.0342966020959	0.0533502699269
-ach	0.14039408867	0.534482758621	0.325123152709	0.0
-ajo	0.0126050420168	0.987394957983	0.0	0.0
-cía	0.133333333333	0.8	0.0333333333333	0.0333333333333
-aja	0.317206450753	0.245284342403	0.0341267001971	0.403382506646
-nós	0.0357142857143	0.964285714286	0.0	0.0
-nón	0.0	1.0	0.0	0.0
-ate	0.0451832907076	0.895709008241	0.00255754475704	0.0565501562944
-ome	0.0340282807478	0.186921315587	0.0470723238132	0.731978079852
-fil	0.0	0.912663755459	0.0873362445414	0.0
-fia	0.0	1.0	0.0	0.0
-iyo	0.129477021083	0.622618057542	0.215068801846	0.0328361195294
-lda	0.020618556701	0.701030927835	0.278350515464	0.0
-eas	0.0	0.97153024911	0.0284697508897	0.0
-vid	0.016975209788	0.954019601563	0.000691819870604	0.0283133687784
-fre	0.0146198830409	0.985380116959	0.0	0.0
-oja	0.194243636084	0.0388564177497	0.0271668076598	0.739733138507
-lia	0.0442449729653	0.903099268474	0.0462946602113	0.00636109834965
-ila	0.0579209741348	0.913833612553	0.0150165488498	0.0132288644629
-ilo	0.584496803235	0.289016717142	0.0217138721167	0.104772607506
-ili	0.377311529075	0.410735372129	0.0682592826437	0.143693816153
-lma	0.211713624758	0.666122346134	0.035864669096	0.0862993600123
-oam	0.0	1.0	0.0	0.0
-mín	0.0	1.0	0.0	0.0
-lme	0.27032033628	0.372759880719	0.236049777094	0.120870005908
-nía	0.520547878955	0.266112548899	0.0766116478384	0.136727924307
-igo	0.0787234042553	0.906079027356	0.00182370820669	0.0133738601824
-ebe	0.199513381995	0.654501216545	0.0	0.14598540146
-lmo	0.0	0.926829268293	0.0	0.0731707317073
-ami	0.468002192048	0.213541983803	0.0699019667539	0.248553857395
-nís	0.0408163265306	0.959183673469	0.0	0.0
-amo	0.393822467388	0.105023419459	0.044873403552	0.456280709601
-ama	0.220071245106	0.0898861083829	0.0206597179699	0.669382928541
-oas	0.0192926045016	0.980707395498	0.0	0.0
-tme	0.140346710995	0.505818095464	0.109237710758	0.244597482783
-hij	0.44262295082	0.368524590164	0.141639344262	0.0472131147541
-iro	0.0068058076225	0.982304900181	0.00816696914703	0.002722323049
-rza	0.222317596567	0.269012875536	0.450300429185	0.0583690987124
-usa	0.04	0.96	0.0	0.0
-hic	0.181606519208	0.369033760186	0.442374854482	0.00698486612339
-ira	0.051567239636	0.915065722953	0.00606673407482	0.0273003033367
-mós	0.0	1.0	0.0	0.0
-tat	0.0454473246169	0.864624990503	0.0754232195769	0.0145044653033
-agé	0.0248909417501	0.97510905825	0.0	0.0
-eis	0.163132137031	0.239804241435	0.0195758564437	0.57748776509
-his	0.550038481591	0.340475185581	0.0729908885523	0.0364954442761
-jme	0.059601035184	0.758813714973	0.016720321118	0.164864928725
-uza	0.0	0.947368421053	0.0526315789474	0.0
-epe	0.121281390596	0.669353731331	0.0649418834762	0.144422994596
-zmo	0.136773136773	0.850122850123	0.013104013104	0.0
-epa	0.0777589546514	0.0651999382345	0.0158017867043	0.84123932041
-ces	0.0	0.852819807428	0.0	0.147180192572
-aná	0.0334961618981	0.945568736916	0.0125610607118	0.00837404047452
-ros	0.183604280696	0.695082101136	0.056163712115	0.0651499060535
-bén	0.0	1.0	0.0	0.0
-aní	0.0	1.0	0.0	0.0
-cea	0.0	1.0	0.0	0.0
-pia	0.0	0.926829268293	0.0731707317073	0.0
-pic	0.231366142536	0.242393302022	0.287931386563	0.238309168879
-pij	0.120689655172	0.689655172414	0.155172413793	0.0344827586207
-pil	0.0805926734235	0.711210880687	0.05767709146	0.150519354429
-pio	0.0	1.0	0.0	0.0
-pis	0.457749926564	0.340301576422	0.158866150984	0.0430823460295
-rés	0.00302724520686	0.993945509586	0.0	0.00302724520686
-piz	0.0	1.0	0.0	0.0
-iud	0.0	1.0	0.0	0.0
-tés	0.0	1.0	0.0	0.0
-ace	0.0	0.868613138686	0.131386861314	0.0
-uem	0.0	0.952380952381	0.047619047619	0.0
-uel	0.24590988399	0.123497200206	0.119920543719	0.510672372085
-ueo	0.0813953488372	0.845514950166	0.0431893687708	0.0299003322259
-axi	0.0	0.954545454545	0.0	0.0454545454545
-axo	0.186099942562	0.64043653073	0.0229753015508	0.150488225158
-uej	0.24736938354	0.13790275442	0.0365520777354	0.578175784305
-axa	0.00834724540904	0.991652754591	0.0	0.0
-lca	0.019555673806	0.445922575496	0.0782226952242	0.456299055474
-hía	0.361003861004	0.352638352638	0.189832689833	0.096525096525
-iij	0.363025210084	0.389915966387	0.0605042016807	0.186554621849
-sda	0.0	0.985401459854	0.0	0.014598540146
-iic	0.710973724884	0.205564142195	0.00463678516228	0.0788253477588
-mil	0.0460329954257	0.379072734214	0.0197628566749	0.555131413685
-nij	0.410006252433	0.409793905647	0.125815470643	0.0543843712766
-ago	0.00668151447662	0.97995545657	0.0	0.0133630289532
-lás	0.171974522293	0.828025477707	0.0	0.0
-iis	0.306374881066	0.596574690771	0.0599429115128	0.0371075166508
-rte	0.158320285428	0.675235503991	0.0711517236068	0.0952924869735
-one	0.0358632975451	0.838526840413	0.0131738546054	0.112436007436
-rta	0.0523130202856	0.888294001796	0.00275331685714	0.0566396610611
-ega	0.266666666667	0.1	0.566666666667	0.0666666666667
-ona	0.187458461108	0.354465212271	0.0388862329909	0.41919009363
-ego	0.0589702116188	0.510715729883	0.425259468931	0.00505458956733
-rto	0.0330855909854	0.728602253656	0.205226564373	0.0330855909854
-das	0.0614135948597	0.840987487318	0.00676361176868	0.0908353060534
-dam	0.0	1.0	0.0	0.0
-cor	0.0	1.0	0.0	0.0
-ane	0.0	0.600926879506	0.0370751802266	0.361997940268
-ani	0.187967156084	0.540636514903	0.0501782914886	0.221218037525
-ank	0.287937743191	0.330739299611	0.147859922179	0.233463035019
-dab	0.0	1.0	0.0	0.0
-ano	0.222433910811	0.364964125759	0.116250183761	0.296351779669
-tal	0.0219378427788	0.870201096892	0.073126142596	0.0347349177331
-tam	0.0	1.0	0.0	0.0
-taj	0.450394091964	0.309866152038	0.110609433367	0.12913032263
-tac	0.699401895423	0.0495368546077	0.00903591105243	0.242025338917
-sco	0.00237670825905	0.991681521093	0.00594177064766	0.0
-nás	0.00598035492241	0.974284473834	0.0107646388603	0.00897053238362
-sca	0.0	1.0	0.0	0.0
-tar	0.0	1.0	0.0	0.0
-tas	0.440759804463	0.379426959236	0.049723704599	0.130089531702
-mia	0.0215053763441	0.978494623656	0.0	0.0
-mic	0.146220416058	0.488151988605	0.312719451772	0.052908143565
-nán	0.0	1.0	0.0	0.0
-sés	0.0876271159039	0.819564127851	0.0118425945387	0.080966161706
-cni	0.0414155204043	0.768855473391	0.0303150203708	0.159413985834
-cno	0.496300863132	0.183107274969	0.163378545006	0.157213316893
-min	0.219525065963	0.669656992085	0.0158311345646	0.0949868073878
-aso	0.0242704420688	0.955504189541	0.0202253683906	0.0
-mis	0.323000258866	0.295120372767	0.105940978514	0.275938389852
-eno	0.167848487958	0.407224331599	0.0419669568924	0.38296022355
-eni	0.656841749324	0.193868349865	0.0514727983168	0.0978171024947
-ene	0.0371428571428	0.96	0.0	0.00285714285714
-pía	0.230936819172	0.660130718954	0.0762527233116	0.0326797385621
-sar	0.0880291561536	0.892907204934	0.00588730025232	0.0131763386599
-oel	0.115384615385	0.74358974359	0.025641025641	0.115384615385
