-cac	0.382464169143	0.488060660939	0.0509516191582	0.0785235507599
-lgö	0.270588235294	0.694117647059	0.0	0.0352941176471
-ösa	0.0	0.91796875	0.08203125	0.0
-imö	0.0172991071429	0.963169642857	0.0	0.01953125
-öso	0.267521156848	0.210993344836	0.266535206639	0.254950291677
-eus	0.0652985158159	0.774463445035	0.00556886754142	0.154669171607
-cal	0.449933146955	0.289364288319	0.0483286738787	0.212373890847
-cas	0.571637583347	0.247432467743	0.0605046023743	0.120425346536
-ösu	0.85	0.0833333333333	0.0333333333333	0.0333333333333
-ive	0.0	1.0	0.0	0.0
-rbe	0.0230414746544	0.976958525346	0.0	0.0
-cat	0.737510883761	0.192696996082	0.0357803656944	0.0340117544623
-caz	0.0	1.0	0.0	0.0
-hea	0.632935600168	0.170447266805	0.102803652801	0.0938134802262
-pöc	0.533324274747	0.0998029757457	0.291460017664	0.0754127318432
-hec	0.0208092485549	0.426589595376	0.552601156069	0.0
-oye	0.16724738676	0.18118466899	0.557491289199	0.0940766550523
-muc	0.236786182136	0.0504099752559	0.0	0.712803842608
-leo	0.130389064143	0.603575184017	0.209253417455	0.0567823343849
-tlö	0.0538994922917	0.0188165478515	0.00346099972524	0.923822960132
-plo	0.121783214856	0.713175731526	0.0371962307819	0.127844822836
-nso	0.100208768267	0.899791231733	0.0	0.0
-ufo	0.0	1.0	0.0	0.0
-aum	0.00242130750605	0.997578692494	0.0	0.0
-ecö	0.44548447524	0.186700149748	0.0737124562956	0.294102918716
-aun	0.198895027624	0.232044198895	0.502762430939	0.0662983425414
-uac	0.224843262126	0.248285563905	0.190220839649	0.336650334321
-lec	0.30704817394	0.273932331677	0.358960033522	0.0600594608616
-tzi	0.0480318085553	0.476380152809	0.0664520892424	0.409135949394
-nto	0.0813635488028	0.72289118732	0.0997163442645	0.0960289196123
-pus	0.8708373436	0.108373435996	0.0173243503369	0.00346487006737
-tze	0.498387413405	0.286049243758	0.0846472515196	0.130916091318
-nte	0.055290170279	0.24709773895	0.0378407528393	0.659771337931
-ual	0.204511429749	0.479327978377	0.160830734587	0.155329857288
-bbí	0.150289017341	0.398843930636	0.0	0.450867052023
-uan	0.0506094738466	0.0447461811449	0.00123437741089	0.903409967598
-öta	0.0586364511005	0.755838761464	0.0297901486979	0.155734638738
-uas	0.556568638883	0.161360591558	0.0708569009581	0.211213868601
-öte	0.00478959972631	0.978446801232	0.0119739993158	0.0047895997263
-uat	0.728658536585	0.121309370988	0.00385109114249	0.146181001284
-hix	0.608440878968	0.170352284618	0.0922915940007	0.128915242414
-öti	0.0661157024793	0.884297520661	0.0247933884298	0.0247933884298
-sfe	0.547337278107	0.408284023669	0.0443786982249	0.0
-ntu	0.041067761807	0.440585661995	0.148111775734	0.370234800464
-ötl	0.027473806752	0.937834691502	0.0260768335274	0.00861466821886
-öto	0.0344488188976	0.891732283465	0.0466535433071	0.0271653543307
-eña	0.415105740181	0.563141993958	0.0	0.021752265861
-nme	0.0493437021974	0.81051175657	0.0237238144962	0.116420726736
-pre	0.0327137546468	0.883271375465	0.0736059479554	0.0104089219331
-opy	0.35574898217	0.424540221817	0.117927839394	0.101782956619
-car	0.0	1.0	0.0	0.0
-opu	0.651162790698	0.286821705426	0.0620155038759	0.0
-más	0.123123123123	0.606606606607	0.168168168168	0.102102102102
-aré	0.0	1.0	0.0	0.0
-lío	0.348335162825	0.590193926089	0.0	0.0614709110868
-sme	0.0909418796372	0.838159521847	0.0519631079967	0.0189354905194
-opo	0.0	0.897321428571	0.102678571429	0.0
-zor	0.0	1.0	0.0	0.0
-tín	0.0	0.943396226415	0.0566037735849	0.0
-mán	0.0329929300863	0.714061272585	0.252945797329	0.0
-smo	0.0762417220226	0.0554500029464	0.285821112373	0.582487162658
-ope	0.0	0.996013289037	0.0	0.00398671096346
-opa	0.206030049916	0.275225123536	0.0597336142674	0.459011212281
-öjo	0.215929346945	0.539377734565	0.143817857722	0.100875060768
-dea	0.00683501044238	0.987469147522	0.00398708942472	0.00170875261059
-dec	0.0262991794656	0.945297706712	0.0110456553755	0.0173574584473
-oes	0.0702413297106	0.787917532364	0.0811091577434	0.0607319801822
-öje	0.203252925381	0.647553991203	0.0616100992241	0.0875829841911
-del	0.069848661234	0.646100116415	0.222933643772	0.0611175785797
-löl	0.284409001825	0.651442860039	0.0266810840035	0.0374670541326
-deo	0.00100857286939	0.992939989914	0.0	0.00605143721632
-ima	0.0974324583253	0.0437823337804	0.0223222839624	0.836462923932
-lös	0.774586075231	0.0541377595204	0.0209144550708	0.150361710177
-des	0.0392693064975	0.907842922774	0.0325421133231	0.0203456574054
-zul	0.0340909090909	0.306818181818	0.659090909091	0.0
-lgo	0.212389380531	0.472566371681	0.155752212389	0.159292035398
-aús	0.0263157894737	0.973684210526	0.0	0.0
-imo	0.0354180874233	0.218492201421	0.686340937589	0.0597487735662
-ido	0.303602269923	0.647976807303	0.024364668147	0.0240562546262
-ech	0.111224822729	0.110087367267	0.0339541906226	0.744733619382
-eco	0.312878843454	0.575673801974	0.022835919064	0.0886114355078
-bis	0.428915784946	0.372258090358	0.0812047348095	0.117621389887
-rpo	0.0433791208405	0.771996242354	0.0189009026519	0.165723734154
-rpa	0.0	1.0	0.0	0.0
-eca	0.249299227963	0.238406902857	0.0546302211895	0.45766364799
-llo	0.0	1.0	0.0	0.0
-ida	0.0604884729514	0.93175074184	0.000913033553981	0.00684775165487
-tli	0.0991269894878	0.0291821210993	0.00155298479075	0.870137904622
-bie	0.0	1.0	0.0	0.0
-bia	0.0116618075802	0.935860058309	0.0485908649174	0.00388726919339
-tla	0.3060174198	0.352192331793	0.0522152265385	0.289575021869
-ivo	0.0	1.0	0.0	0.0
-tle	0.0675495591886	0.799757952511	0.0432804425065	0.0894120457937
-eno	0.104906333631	0.164852809991	0.0203389830508	0.709901873327
-eja	0.387878787879	0.493939393939	0.0363636363636	0.0818181818181
-ter	0.0101351351351	0.97972972973	0.0101351351351	0.0
-tes	0.209083494301	0.463515661479	0.0278987251524	0.299502119068
-ria	0.0139154160983	0.972714870396	0.012551159618	0.000818553888132
-eji	0.652749899639	0.12645523886	0.196708149338	0.0240867121638
-uti	0.650921299188	0.275843222986	0.0229544034978	0.0502810743285
-uto	0.381606035714	0.492229066217	0.0798836931672	0.0462812049021
-utl	0.069136180159	0.808349724597	0.103894543035	0.0186195522087
-ejo	0.15668202765	0.776497695853	0.0483870967742	0.0184331797235
-ños	0.00332409972299	0.985041551247	0.00664819944598	0.00498614958449
-tea	0.532900112882	0.307113150776	0.0819854971224	0.0780012392198
-tec	0.129904014568	0.175123824469	0.254727780382	0.440244380582
-ted	0.313004194902	0.453049370765	0.0	0.233946434333
-eju	0.290323370297	0.227925876967	0.0058750091797	0.475875743556
-gre	0.0486039296794	0.661840744571	0.283350568769	0.00620475698035
-utz	0.637225033468	0.173058780098	0.0334639723458	0.156252214089
-tel	0.0118694362018	0.943620178042	0.0326409495549	0.0118694362018
-gro	0.205128205128	0.614570614571	0.103785103785	0.0765160765161
-teo	0.0181078331638	0.955849440488	0.00244150559511	0.0236012207528
-lux	0.0	0.978947368421	0.0	0.021052631579
-are	0.0	0.5	0.333333333334	0.166666666667
-ara	0.0312201001448	0.0255992899042	0.00506320927741	0.938117400674
-mes	0.483463256036	0.306306148853	0.0457729722496	0.164457622861
-lur	0.238183963729	0.321781255823	0.134463697907	0.305571082541
-lus	0.633554223364	0.260490131144	0.0532328006233	0.0527228448695
-rón	0.0749510968327	0.865733686421	0.0316996076381	0.027615609108
-nmö	0.108019639935	0.620294599018	0.108019639934	0.163666121113
-xoa	0.807692307692	0.115384615385	0.0	0.0769230769231
-mea	0.395527996994	0.531191281473	0.0394588500564	0.0338218714769
-mec	0.376338111642	0.40552036646	0.172642639306	0.0454988825919
-meo	0.283105022831	0.698630136986	0.0	0.0182648401827
-luc	0.685122046952	0.183780113932	0.0413951860142	0.0897026531024
-mei	0.0	1.0	0.0	0.0
-aye	0.627625825259	0.0984309354368	0.273943239304	0.0
-yöc	0.333333333333	0.566666666667	0.1	0.0
-aya	0.613199055141	0.203821254081	0.0659359517845	0.117043738993
-ayo	0.0635887828221	0.814036814942	0.0803786018159	0.04199580042
-ayi	0.571428571429	0.285714285714	0.0357142857143	0.107142857143
-yös	0.719686327654	0.0395643623263	0.0173941066618	0.223355203358
-bil	0.17349121324	0.613099241271	0.18730909748	0.0261004480095
-bás	0.00580270793037	0.973887814313	0.00870406189554	0.0116054158607
-jcö	0.382653817643	0.281541882876	0.208302446256	0.127501853225
-zin	0.0355573038704	0.947561955908	0.00502830559785	0.0118524346235
-öca	0.114185656286	0.70833013768	0.0814489124973	0.0960352935368
-öxa	0.00643776824034	0.980686695279	0.0128755364807	0.0
-cte	0.493101719164	0.365509628122	0.0768141337129	0.0645745190004
-öxo	0.119047619048	0.238095238095	0.595238095238	0.047619047619
-cta	0.302404322693	0.337166565792	0.290430953571	0.0699981579432
-dás	0.519434628975	0.310954063604	0.0	0.169611307421
-dán	0.0162210874136	0.979273054971	0.00180234304596	0.00270351456894
-xad	0.0	1.0	0.0	0.0
-ube	0.0631673555333	0.413036084786	0.498315490838	0.0254810688423
-ota	0.0	0.974468085106	0.0127659574468	0.0127659574468
-tán	0.0	1.0	0.0	0.0
-ote	0.0750629722922	0.865994962217	0.0468513853904	0.0120906801008
-otl	0.046875	0.953125	0.0	0.0
-iji	0.205559217754	0.207207207207	0.119753900242	0.467479674797
-nuc	0.482831003901	0.121223782952	0.082127801004	0.313817412143
-ume	0.0357142664831	0.187523995733	0.0632868110027	0.713474926781
-iju	0.18064516129	0.647311827957	0.14623655914	0.0258064516129
-otu	0.170601461495	0.625070264193	0.169758291175	0.0345699831366
-eví	0.0351170568562	0.964882943144	0.0	0.0
-otz	0.864728192162	0.0707964601769	0.0227560050569	0.0417193426043
-umi	0.0158102766798	0.865612648221	0.0237154150198	0.0948616600791
-naj	0.535593220339	0.118644067797	0.0406779661017	0.305084745763
ALL	0.213614054911	0.270562462021	0.0503727415096	0.465450741559
-zie	0.563265306122	0.338775510204	0.0979591836735	0.0
-nal	0.211484389264	0.725853569472	0.0469965309476	0.0156655103159
-nac	0.461247014249	0.227411251133	0.276748208549	0.0345935260687
-ron	0.00247831474597	0.993804213135	0.00247831474597	0.00123915737299
-aka	0.123287671233	0.643835616438	0.205479452055	0.0273972602739
-nsa	0.157898868662	0.485088492102	0.278987814345	0.0780248248912
-aúl	0.380687093779	0.572887650882	0.0185701021356	0.0278551532033
-zus	0.616020114942	0.285339301503	0.0928381962865	0.00580238726789
-aán	0.0582524271844	0.941747572816	0.0	0.0
-sio	0.0142947903431	0.689008894536	0.24332909784	0.0533672172808
-sin	0.122812138017	0.121371044975	0.0605167869097	0.695300030099
-csa	0.22594319627	0.0835099618482	0.410767274269	0.279779567613
-nas	0.355118571943	0.475362158053	0.065077675913	0.104441594091
-sia	0.0347912179962	0.939134884897	0.0156131120402	0.0104607850669
-sie	0.0672894154315	0.182228692848	0.118930031295	0.631551860426
-mos	0.124530428249	0.412337662338	0.0935118600408	0.369620049372
-mor	0.0	0.953488372093	0.046511627907	0.0
-jco	0.231707111608	0.300003931237	0.0416711127086	0.426617844447
-jca	0.0891579526692	0.309631260319	0.12487616951	0.476334617501
-tzo	0.363026803987	0.499425985392	0.0680165715522	0.0695306390695
-gog	0.0	0.963190184049	0.0368098159509	0.0
-öna	0.330580581752	0.516439285798	0.0644256195446	0.0885545129057
-ayö	0.58401135342	0.221629170601	0.0737011132911	0.120658362687
-moa	0.555320927773	0.333174155778	0.0487252489536	0.062779667496
-gos	0.0916467767386	0.784263755363	0.062934229904	0.0611552379948
-mol	0.0	1.0	0.0	0.0
-öno	0.0	0.959782955634	0.0	0.0402170443664
-jcu	0.4398244503	0.139473901586	0.0823111920222	0.338390456091
-yas	0.832354859752	0.0384866275277	0.071754729289	0.0574037834312
-ber	0.0	1.0	0.0	0.0
-bes	0.281330132058	0.0659599309046	0.131249744602	0.521460192436
-eos	0.0142372359607	0.974228220877	0.00897843709229	0.00255610607016
-oxö	0.0677966101695	0.754237288136	0.127118644068	0.0508474576271
-coc	0.461252573954	0.22690974838	0.0105469338557	0.30129074381
-cob	0.00162162162162	0.989459459459	0.0	0.00891891891892
-nta	0.220474814623	0.262073947053	0.0199372812478	0.497513957076
-lpe	0.46071468831	0.442903843986	0.059181602976	0.0371998647278
-ixa	0.0	0.965997409326	0.0340025906735	0.0
-cox	0.0418842447945	0.534029583342	0.0418405470952	0.382245624768
-lpa	0.347496206373	0.275164390491	0.0166919575114	0.360647445625
-ixe	0.196808510638	0.526595744681	0.0460992907801	0.230496453901
-bea	0.309049136153	0.429737624767	0.132490814366	0.128722424713
-rla	0.0	1.0	0.0	0.0
-ixo	0.030095301789	0.842501253971	0.0070222370841	0.120381207156
-cos	0.108826657214	0.839064161645	0.0170152428217	0.0350939383197
-cor	0.0681818181818	0.863636363636	0.0227272727273	0.0454545454545
-iso	0.291594454073	0.662911611785	0.011698440208	0.0337954939341
-sár	0.102564102564	0.666666666667	0.076923076923	0.153846153846
-lyo	0.424528301887	0.564150943396	0.011320754717	0.0
-reo	0.0031746031746	0.963492063492	0.0301587301587	0.0031746031746
-tza	0.612177284686	0.215927930417	0.073452948738	0.0984418361586
-ise	0.0115517905275	0.842125529457	0.0207932229496	0.125529457066
-rea	0.0355673844665	0.884587466731	0.0229857246552	0.0568594241471
-isa	0.381309694002	0.14074161669	0.14749221122	0.330456478089
-eve	0.0	0.0279659376814	0.0643506870524	0.907683375266
-rey	0.0586433204297	0.84741841208	0.0279116568821	0.0660266106084
-eva	0.038961038961	0.961038961039	0.0	0.0
-upa	0.0420961267846	0.849770275767	0.0224394883595	0.0856941090893
-res	0.0813452013262	0.759340775149	0.0866320246655	0.0726819988597
-evo	0.0	1.0	0.0	0.0
-ret	0.00667514303878	0.988239033694	0.00381436745074	0.00127145581691
-fes	0.133660611858	0.720567595362	0.142708440785	0.00306335199477
-jur	0.489568845619	0.166898470097	0.232267037552	0.111265646731
-max	1.0	0.0	0.0	0.0
-hab	0.0285714285714	0.971428571429	0.0	0.0
-avo	0.095404674829	0.796152011449	0.0486563841628	0.0597869295595
-ava	0.0302013422819	0.300894854586	0.554809843401	0.114093959731
-mas	0.144749424772	0.764271367683	0.0651695032775	0.0258097042683
-mar	0.0	1.0	0.0	0.0
-hal	0.0725806451613	0.927419354839	0.0	0.0
-mat	0.630998652599	0.165417305776	0.0667374033567	0.136846638268
-jua	0.0387912286058	0.0921726456066	0.00833908939915	0.860697036389
-etö	0.0176427067327	0.959677878322	0.0149963007228	0.00768311422229
-mal	0.335299073294	0.41701769166	0.13647851727	0.111204717776
-mac	0.0828322769744	0.7132076321	0.124218118359	0.0797419725664
-ö́s	0.237704918033	0.110655737705	0.245901639344	0.405737704918
-coa	0.415974895058	0.321529627791	0.188006536797	0.0744889403542
-una	0.111055652608	0.838532568006	0.0339406039431	0.016471175443
-cyo	0.105263157895	0.763157894737	0.131578947368	0.0
-bet	0.0	0.905748663102	0.00200534759358	0.0922459893048
-pta	0.0833333333333	0.916666666667	0.0	0.0
-pto	0.0438895194854	0.947029890276	0.00302686341279	0.00605372682557
-tre	0.0489331989943	0.0549700340237	0.0709031442073	0.825193622775
-igo	0.163048205337	0.742273237608	0.0467527741921	0.0479257828636
-gad	0.0	1.0	0.0	0.0
-tra	0.0977719573692	0.144085165549	0.0422361766593	0.715906700423
-ada	0.0510725229826	0.839632277835	0.0949948927477	0.0143003064351
-ado	0.100222179289	0.742545723854	0.030042503864	0.127189592993
-tro	0.0442483021406	0.756985980363	0.0154820218307	0.183283695666
-dan	0.0344827586207	0.965517241379	0.0	0.0
-oco	0.421961053141	0.33773496437	0.101265115359	0.139038867131
-gai	0.0	1.0	0.0	0.0
-cxe	0.122103566391	0.86580697159	0.0	0.0120894620189
-cpa	0.0726150925486	0.250118652112	0.0220692928334	0.655196962506
-gau	0.0	1.0	0.0	0.0
-öxö	0.0968093135716	0.123793557178	0.0251251806185	0.754271948632
-gas	0.138412403287	0.819753493672	0.0371108978588	0.00472320518203
-gar	0.0204081632653	0.959183673469	0.0204081632653	0.0
-aat	0.0	1.0	0.0	0.0
-sno	0.142734676382	0.781825975139	0.0702957565366	0.0051435919417
-seo	0.0169122976565	0.874848997342	0.0896351775791	0.0186035274221
-ini	0.0519434805828	0.0172747107453	0.0111250625845	0.919656746087
-sem	0.0	1.0	0.0	0.0
-nos	0.0531445192355	0.829906701166	0.0789482560073	0.0380005235913
-yac	0.0814140810155	0.13414824221	0.39181405081	0.392623625964
-ino	0.0954055936868	0.807235932985	0.0613843746788	0.035974098649
-ina	0.142570076053	0.816129206666	0.0383270656366	0.00297365164422
-uis	0.524090325025	0.124295935345	0.0297867068001	0.32182703283
-fea	0.691662953852	0.119667173579	0.0507398465957	0.137930025973
-sec	0.577235070763	0.188557128063	0.0459095616154	0.188298239558
-ine	0.386548109475	0.550230452339	0.0456825875923	0.0175388505935
-erö	0.936929789766	0.0487901626339	0.00476001586672	0.00952003173342
-món	0.0396162858817	0.951596367897	0.00439367311073	0.00439367311073
-örö	0.0314136125654	0.356020942408	0.549738219895	0.0628272251309
-uim	0.0	1.0	0.0	0.0
-uil	0.04	0.9	0.0	0.06
-set	0.0	1.0	0.0	0.0
-ses	0.0703157604963	0.032199120708	0.00571915209338	0.891765966702
-inu	0.0107980755108	0.00154919948747	0.000667265848791	0.986985459153
-rsa	0.333592534992	0.390163297045	0.115085536547	0.161158631415
-blo	0.092336640177	0.706683186192	0.0140452643406	0.186934909291
-eda	0.0731710585681	0.793620091218	0.0431521627453	0.0900566874684
-dón	0.00469679574157	0.976255088195	0.00861079219288	0.0104373238702
-rse	0.241534424591	0.592277895789	0.09621391978	0.06997375984
-són	0.0182315405652	0.980553023397	0.0	0.00121543603768
-ble	0.597333333333	0.174666666667	0.176	0.052
-rsi	0.191853412501	0.48253846645	0.0306454702164	0.294962650833
-cho	0.355176272717	0.365509839467	0.140998540605	0.138315347212
-nes	0.287466051896	0.619661874571	0.0332252336874	0.0596468398453
-rso	0.0171673819742	0.982832618026	0.0	0.0
-nen	0.136363636364	0.0227272727273	0.0454545454545	0.795454545455
-neo	0.0	0.911439114391	0.0	0.0885608856088
-bed	0.290076335878	0.709923664122	0.0	0.0
-ias	0.0703926723773	0.853701976083	0.0606394707828	0.0152658807565
-iar	0.0283018867924	0.830188679245	0.141509433962	0.0
-lcö	0.20946866485	0.472070844687	0.122615803815	0.195844686648
-ooz	0.030534351145	0.969465648855	0.0	0.0
-nec	0.631825558273	0.0687298576033	0.0423228421446	0.257121741979
-ñas	0.0660176119893	0.845266094186	0.0651971777061	0.0235191161188
-nea	0.594400855383	0.273827989699	0.0950258271464	0.0367453277714
-ban	0.0542082738944	0.77032810271	0.0	0.175463623395
-hoa	0.439825634831	0.330138389223	0.144428980331	0.0856069956146
-omö	0.00691312506173	0.797544194621	0.0266649109524	0.168877769365
-las	0.21279242039	0.614302658182	0.0183187032272	0.154586218201
-hos	0.124015748031	0.71062992126	0.0944881889764	0.0708661417322
-bas	0.47506234414	0.450124688279	0.0523690773067	0.0224438902743
-job	0.0705882352941	0.929411764706	0.0	0.0
-ase	0.579958223407	0.245077365915	0.058774032242	0.116190378436
-nya	0.367356321839	0.223448275862	0.142528735632	0.266666666667
-que	0.375052530007	0.158678656251	0.0603020962915	0.40596671745
-asa	0.00719424460432	0.935251798561	0.0	0.0575539568345
-qui	0.479275921736	0.342778295399	0.0723013443364	0.105644438529
-yes	0.525342012789	0.140331170156	0.0118573074287	0.322469509627
-uöc	0.127635869828	0.0160131256813	0.00169287146605	0.854658133024
-zoa	0.534400692341	0.108610990913	0.356988316746	0.0
-asu	0.093808630394	0.238586616635	0.0456535334585	0.621951219512
-eli	0.828220858896	0.079754601227	0.0920245398773	0.0
-dra	0.104294478528	0.433537832311	0.368098159509	0.0940695296524
-lta	0.198071042108	0.671724300165	0.0275229357798	0.102681721948
-lte	0.23596387969	0.675204164565	0.0356873887193	0.0531445670254
-elo	0.482936297297	0.459907792701	0.024920400825	0.0322355091768
-xos	0.219653179191	0.0867052023121	0.57225433526	0.121387283237
-öre	0.614290792748	0.118378954852	0.0298613579808	0.237468894419
-sma	0.256097560976	0.634146341463	0.0	0.109756097561
-öra	0.0899485205343	0.109088013021	0.0404768342404	0.760486632204
-öro	0.422314388481	0.326322014162	0.098648620976	0.152714976381
-ras	0.112860935703	0.136404451844	0.0454717100186	0.705262902435
-eri	0.0	1.0	0.0	0.0
-ram	0.0	1.0	0.0	0.0
-uía	0.0205468370814	0.964892412231	0.0	0.0145607506876
-red	0.0	1.0	0.0	0.0
-ero	0.0800931752803	0.193013815242	0.0615892978173	0.66530371166
-era	0.173648868813	0.269382878537	0.142795990212	0.414172262438
-uío	0.0	1.0	0.0	0.0
-ere	0.321297132144	0.274286507881	0.0972154711478	0.307200888827
-ela	0.0108898568762	0.988073013898	0.0	0.0010371292263
-por	0.0414384585449	0.037328989882	0.00619426986593	0.915038281707
-pos	0.103811514693	0.0721868365181	0.00435260518387	0.819649043605
-röl	0.100154083205	0.898818695429	0.0	0.0010272213662
-poa	0.567807109502	0.212084246641	0.0885923949299	0.131516248928
-aza	0.0	0.958333333333	0.0416666666667	0.0
-uju	0.224121381019	0.192057594055	0.0186561387212	0.565164886205
-lac	0.253954560276	0.0653113330655	0.00996463140766	0.670769475251
-lal	0.0909090909091	0.795454545455	0.113636363636	0.0
-lam	0.0	1.0	0.0	0.0
-lan	0.39527027027	0.523648648649	0.0202702702703	0.0608108108108
-lao	0.0223880597015	0.932835820896	0.0	0.044776119403
-not	0.245447742579	0.538787727613	0.148416063856	0.0673484659515
-lai	0.576725025747	0.207003089598	0.173017507724	0.043254376931
-aam	0.0153846153846	0.984615384615	0.0	0.0
-aal	0.0	0.982142857143	0.0178571428571	0.0
-fos	0.0	1.0	0.0	0.0
-eón	0.0893801057184	0.835655934647	0.031715521384	0.0432484382509
-upo	0.107788284875	0.804602592981	0.0213832691489	0.0662258529952
-noa	0.475798809209	0.399775084475	0.0732946095596	0.0511314967568
-noc	0.0	0.986636971047	0.0	0.0133630289532
-aac	0.00460741025149	0.990785179497	0.00460741025148	0.0
-dor	0.014985014985	0.953046953047	0.028971028971	0.002997002997
-dos	0.254127122436	0.446247321197	0.115842027177	0.18378352919
-gel	0.0315945268372	0.924275832905	0.0106926027728	0.0334370374845
-zte	0.17027027027	0.312612612613	0.517117117117	0.0
-zta	0.263157894737	0.526315789474	0.0614035087719	0.149122807018
-möc	0.441546343736	0.15510013973	0.32231020028	0.0810433162552
-fás	0.0	1.0	0.0	0.0
-epu	0.443173695497	0.342387419585	0.0	0.214438884918
-doc	0.0	1.0	0.0	0.0
-ges	0.0192307692308	0.942307692308	0.0384615384615	0.0
-sas	0.329907761984	0.457461615572	0.0421164982728	0.170514124172
-mpo	0.111558354433	0.65377415655	0.0722532407107	0.162414248307
-jfe	0.135724524964	0.584987952542	0.0658797694208	0.213407753073
-vos	0.116220647345	0.726702982864	0.132681933573	0.0243944362175
-toa	0.6046725326	0.15351815453	0.0345294619198	0.20727985095
-ibu	0.0	0.959390044921	0.0	0.0406099550793
-etu	0.119772927161	0.804479491485	0.0205684816503	0.0551790997042
-mpa	0.0745256738501	0.0835507350472	0.0133472793597	0.828576311743
-lfa	0.0160611854685	0.94378585086	0.0401529636711	0.0
-oli	0.538461538462	0.447552447552	0.0	0.013986013986
-ibo	0.061347158821	0.897754735298	0.0408981058807	0.0
-lfe	0.508073082194	0.106148733381	0.022234025438	0.363544158987
-tos	0.101189581284	0.600343813954	0.0999268445193	0.198539760243
-olo	0.372470152028	0.537166248242	0.0501137325973	0.0402498671323
-ibe	0.681120016949	0.216058754987	0.0456198580558	0.0572013700081
-san	0.30953120149	0.0649642968022	0.0203352995964	0.605169202111
-sam	0.0	1.0	0.0	0.0
-iel	0.116073819185	0.434643885651	0.079493516	0.369788779165
-xyo	0.0617283950617	0.876543209877	0.0	0.0617283950617
-naí	0.0	1.0	0.0	0.0
-ucö	0.554661517346	0.257711216809	0.0780995535226	0.109527712322
-loa	0.446549140799	0.364121894947	0.106523435304	0.0828055289502
-oce	0.146209266971	0.00614713464206	0.0	0.847643598387
-iex	0.0032414910859	0.996758508914	0.0	0.0
-iez	0.0146699266504	0.611246943765	0.0110024449878	0.363080684596
-oca	0.50358721446	0.322241079324	0.0394475319491	0.134724174267
-roa	0.436141924533	0.292111159617	0.139865240459	0.131881675391
-rom	0.0	1.0	0.0	0.0
-lot	0.0	1.0	0.0	0.0
-ier	0.468301918312	0.273408135423	0.0637581089735	0.194531837292
-los	0.0556881463803	0.871817820207	0.0106404136834	0.0618536197295
-ipo	0.0	1.0	0.0	0.0
-ión	0.102693559328	0.691309686338	0.0495092862111	0.156487468123
-ipa	0.00950500980726	0.0108875154133	0.00115776331543	0.978449711464
-ham	0.00919786916031	0.962518683172	0.00988770934734	0.0183957383206
-noé	0.0	1.0	0.0	0.0
-rdo	0.198309427934	0.653266331658	0.0225187748899	0.125905465517
-uxa	0.0	0.909914204004	0.0900857959962	0.0
-jto	0.677324917689	0.0572494244118	0.00924995359019	0.256175704309
-has	0.583788324234	0.320663586728	0.0892482150357	0.00629987400253
-jte	0.0952573116007	0.662518830202	0.182585340609	0.0596385175884
-jta	0.577458834286	0.22569424694	0.0733464676703	0.123500451104
-saú	0.0	1.0	0.0	0.0
-sto	0.0185711962847	0.927908497807	0.014101503052	0.0394188028567
-acö	0.529886416345	0.265648125108	0.0748411586955	0.129624299852
-ste	0.293633344028	0.58645045011	0.0807084756638	0.039207730198
-sta	0.0502041854773	0.095453692888	0.0348387408283	0.819503380806
-saí	0.0	1.0	0.0	0.0
-obo	0.0	0.996650717703	0.00143540669856	0.00191387559808
-cul	0.0943574641684	0.724093911681	0.0482526645683	0.133295959582
-cui	0.626139817629	0.282674772036	0.0364741641337	0.0547112462006
-loé	0.0	0.94983277592	0.0	0.0501672240802
-cue	0.565940047261	0.328120436503	0.105939516236	0.0
-ián	0.0	0.913043478261	0.0869565217391	0.0
-cuc	0.59520179732	0.22426382091	0.0556313354195	0.124903046351
-cua	0.469060444357	0.41353847079	0.0399852027814	0.0774158820714
-eyi	0.187735558106	0.0959687650031	0.00988175595115	0.70641392094
-alö	0.204880587408	0.264840245184	0.525759742686	0.00451942472224
-uch	0.0262856372582	0.853070027634	0.0225786884141	0.098065646694
-uco	0.532804176543	0.338016622475	0.0446604672541	0.0845187337283
-eyo	0.0905039920488	0.461188597155	0.178967530459	0.269339880337
-hyo	0.0131826741996	0.845574387947	0.118644067797	0.0225988700565
-eya	0.671671648085	0.11451086062	0.0348790046551	0.17893848664
-tor	0.0617283950617	0.771604938272	0.166666666667	0.0
-uca	0.457788505398	0.461342557397	0.0535008362475	0.0273681009579
-eye	0.0650189457023	0.0865892476565	0.48659525819	0.361796548451
-öda	0.0920991811939	0.890798335975	0.0087823560486	0.00832012678289
-rac	0.0	1.0	0.0	0.0
-ion	0.105808757819	0.129311885612	0.077926720286	0.686952636282
-len	0.0815361890694	0.895420974889	0.00177252584934	0.021270310192
-hme	0.0247933884297	0.97520661157	0.0	0.0
-lea	0.470195678272	0.362649540644	0.0692760991215	0.0978786819622
-xön	0.40099009901	0.108910891089	0.0891089108911	0.40099009901
-ödo	0.236268440464	0.555947049526	0.157402528978	0.0503819810327
-leg	0.0	1.0	0.0	0.0
-ley	0.0122359781397	0.962553542895	0.0103896714245	0.014820807541
-gón	0.0117073170731	0.967804878049	0.0	0.020487804878
-mus	0.641354896925	0.231623516346	0.0124939265635	0.114527660165
-ola	0.424137931035	0.451724137931	0.0827586206896	0.0413793103448
-ios	0.0422294503556	0.83935167319	0.0798279949281	0.038590881526
-les	0.15921213841	0.616256386428	0.0466576644365	0.177873810725
-eel	0.0	1.0	0.0	0.0
-rra	0.141953361916	0.820401547632	0.00627418174213	0.0313709087107
-gún	0.600229753016	0.271682940839	0.0356117174038	0.0924755887421
-fas	0.00410116199589	0.987696514012	0.0082023239918	0.0
-rro	0.107692307692	0.492307692308	0.338461538462	0.0615384615385
-ole	0.275558539078	0.626831666378	0.0579385169883	0.0396712775557
-gio	0.00743494423792	0.970260223048	0.0223048327138	0.0
-alo	0.476574757104	0.286106309298	0.0939990643595	0.143319869239
-udá	0.0	1.0	0.0	0.0
-ndo	0.193047390957	0.182693470741	0.435566199773	0.18869293853
-une	0.459575792149	0.414095317119	0.0631644453664	0.0631644453664
-nda	0.175939849624	0.481954887218	0.236090225564	0.106015037594
-ale	0.210525596913	0.356713563392	0.209670253296	0.223090586398
-nde	0.659574468085	0.148936170213	0.0765957446809	0.114893617021
-gia	0.0548885077187	0.862778730703	0.082332761578	0.0
-ala	0.0	1.0	0.0	0.0
-zca	0.395802928891	0.504554375723	0.0830355794877	0.0166071158975
-uva	0.0330214639516	0.909190974133	0.0247660979637	0.0330214639516
-jyö	0.646106512344	0.20775034796	0.00769174419456	0.138451395502
-ñil	0.0265486725664	0.920353982301	0.0	0.0530973451327
-obe	0.213254035684	0.693712829227	0.0318606627018	0.0611724723874
-öpa	0.351304347826	0.514202898551	0.0121739130435	0.12231884058
-yoc	0.182092004381	0.635359620299	0.155166119021	0.027382256298
-huö	0.0382184079645	0.922104401089	0.0126342549543	0.0270429359927
-öme	0.158639899472	0.779574844849	0.035800802356	0.0259844533228
-abé	0.0286904521938	0.735604380837	0.00335953772761	0.232345629241
-öma	0.028328611898	0.839471199245	0.0188857412654	0.113314447592
-chi	0.562348768985	0.249760738887	0.0159007921224	0.171989700006
-öcö	0.682275887191	0.197636854657	0.00811751733003	0.111969740823
-pea	0.542570111766	0.060536784246	0.0191465211644	0.377746582824
-pec	0.536363636364	0.381818181818	0.0818181818182	0.0
-pel	0.494992705652	0.308635888639	0.153794162684	0.0425772430249
-cha	0.355087014725	0.545180722892	0.0321285140562	0.0676037483266
-ien	0.152827918171	0.338748495788	0.0932611311673	0.415162454874
-che	0.0565625550577	0.0841011011729	0.0759384423503	0.783397901419
-mör	0.0505590695902	0.840201068349	0.00645434930939	0.102785512752
-mös	0.192862999707	0.133662915314	0.0175979515409	0.655876133438
-iyo	0.0682352941176	0.738823529412	0.157647058823	0.035294117647
-oré	0.131868131868	0.736263736264	0.032967032967	0.0989010989011
-ecu	0.974685907866	0.0253140921337	0.0	0.0
-ogo	0.0	1.0	0.0	0.0
-pes	0.403846153846	0.153846153846	0.25	0.192307692308
-iye	0.671445875248	0.0352556117759	0.0106093276178	0.282689185358
-ncö	0.271902480526	0.0715286930688	0.0294113544914	0.627157471914
-aén	0.0	0.956204379562	0.043795620438	0.0
-pex	0.688144329897	0.146204311153	0.0495548266167	0.116096532334
-lso	0.0345272668603	0.93417231365	0.00290416263311	0.0283962568571
-ele	0.370615651802	0.151216821967	0.0908802579833	0.387287268248
-jpa	0.0418603944449	0.0997356185614	0.0766706171939	0.7817333698
-jpe	0.596491688769	0.263346550773	0.105236207032	0.0349255534256
-itu	0.0111437305843	0.942390144681	0.0356934528488	0.010772671886
-bba	0.0723684210526	0.835526315789	0.0	0.0921052631579
-loc	0.0	0.935622317597	0.0643776824035	0.0
-ito	0.411035398262	0.467456901994	0.04999693381	0.0715107659343
-spe	0.0576923076923	0.903846153846	0.0384615384615	0.0
-uta	0.289947704823	0.682161533992	0.00697269029634	0.020918070889
-jpu	0.966292134831	0.0337078651685	0.0	0.0
-iti	0.570850556259	0.355510311097	0.041691078174	0.0319480544703
-esa	0.129470122279	0.828001230485	0.00861339690841	0.0339152503268
-ite	0.506197495661	0.378726176276	0.0360811350408	0.0789951930215
-ese	0.431497608242	0.238893658776	0.151760088311	0.177848644671
-ita	0.205473463321	0.547084025531	0.13115327446	0.116289236688
-spa	0.00942285041225	0.65371024735	0.332155477032	0.00471142520612
-töl	0.0525067656167	0.919035794995	0.0150657032056	0.0133917361828
-töo	0.0882352941176	0.911764705882	0.0	0.0
-fté	0.0	1.0	0.0	0.0
-töc	0.0488924905457	0.00891410048623	0.939762290654	0.00243111831443
-ute	0.538450628315	0.338439281763	0.0604203897541	0.0626897001674
-spo	0.0353982300885	0.816371681416	0.108407079646	0.0398230088495
-eza	0.0	1.0	0.0	0.0
-bra	0.344673231871	0.533751119069	0.0814682184422	0.0401074306177
-alí	0.0	1.0	0.0	0.0
-bre	0.153222342925	0.538880327413	0.202928024657	0.104969305005
-rio	0.112948211763	0.836340346221	0.0410301667221	0.00968127529397
-tös	0.506653992395	0.388783269962	0.0361216730038	0.0684410646388
-bro	0.0542929042741	0.921532882874	0.00217964214239	0.0219945707096
-udo	0.0218181818182	0.803636363636	0.174545454545	0.0
-alá	0.585481682497	0.0312075983718	0.105156037992	0.27815468114
-hul	0.197926484449	0.578228086711	0.0777568331762	0.146088595664
-hum	0.0	1.0	0.0	0.0
-rim	0.0	1.0	0.0	0.0
-uea	0.471596311391	0.285473103805	0.068791986558	0.174138598246
-jyu	0.150779540481	0.742546498906	0.0724835886214	0.0341903719912
-hua	0.0688547052154	0.124896694648	0.0115995903797	0.794649009756
-özo	0.312753858652	0.597887896019	0.0	0.089358245329
-abe	0.516058698155	0.269335358534	0.0820696244396	0.132536318871
-gac	0.244980054306	0.695886829138	0.00844758807951	0.0506855284771
-abo	0.0	1.0	0.0	0.0
-ies	0.559750965585	0.314867123998	0.0579350896409	0.0674468207759
-öza	0.0	0.873567324755	0.120529204027	0.00590347121764
-hus	0.415765086442	0.346327016808	0.140755797434	0.0971520993159
-vas	0.0385587863464	0.891276864728	0.0	0.0701643489254
-nco	0.142929568079	0.524881022598	0.0257666557107	0.306422753612
-jyo	0.13027880717	0.739396350747	0.0688221967204	0.0615026453635
-nce	0.016	0.424	0.096	0.464
-tul	0.0881691688305	0.477082501469	0.0239449837612	0.41080334594
-nca	0.220169239123	0.119758511913	0.0149379567459	0.645134292218
-sos	0.142865241794	0.667105670564	0.165302411178	0.0247266764643
-sor	0.088809946714	0.777975133215	0.0621669626998	0.0710479573712
-sol	0.0675190346215	0.859933917541	0.0258583536848	0.0466886941532
-tus	0.425348207011	0.205682590383	0.0302020809791	0.338767121627
-oro	0.00883857724947	0.753423608345	0.225789651052	0.0119481633528
-cla	0.531286894923	0.0708382526564	0.39787485242	0.0
-öco	0.52	0.44	0.0	0.04
-öch	0.0968858131488	0.859075180875	0.0176156023907	0.026423403586
-cia	0.0473728634733	0.795552859253	0.106430681578	0.0506435956953
-chö	0.0462608340619	0.707758808153	0.023507639872	0.222472717913
-ris	0.0642458100558	0.921787709497	0.0139664804469	0.0
-lix	0.0587255310287	0.907260863529	0.0	0.0340136054422
-rus	0.412903170888	0.420609260279	0.0914936707364	0.0749938980963
-icu	0.05	0.9	0.0	0.05
-íso	0.0086705202312	0.835260115607	0.00867052023121	0.147398843931
-omu	0.740585774059	0.1589958159	0.0251046025105	0.0753138075314
-lis	0.532580676615	0.286037750586	0.0802868753095	0.10109469749
-ico	0.297332301616	0.305978014968	0.366246930936	0.0304427524803
-lim	0.0	0.961538461538	0.0384615384615	0.0
-lin	0.147292693664	0.112968023129	0.382988764669	0.356750518538
-lio	0.0401624548737	0.901624548736	0.0270758122744	0.0311371841156
-omo	0.52296819788	0.137809187279	0.0424028268551	0.296819787986
-sué	0.0535714285714	0.946428571429	0.0	0.0
-lie	0.437822618489	0.251337400282	0.140028155795	0.170811825434
-oma	0.11816326012	0.804814623445	0.0541518080249	0.0228703084103
-adi	0.0	1.0	0.0	0.0
-rug	0.0	1.0	0.0	0.0
-ica	0.390432158427	0.0526946002792	0.0117815749996	0.545091666294
-lic	0.425531914894	0.425531914894	0.0212765957447	0.127659574468
-eas	0.332075033748	0.138131974858	0.0550658774807	0.474727113913
-ear	0.141955835962	0.699359525858	0.0	0.15868463818
-yec	0.164153619838	0.0612588000421	0.0359882315856	0.738599348534
-cmo	0.13573785848	0.0295432532195	0.0536210501895	0.781097838111
-eac	0.358065860775	0.358899541476	0.0650270946227	0.218007503126
-ode	0.262886597938	0.659793814433	0.0309278350515	0.0463917525773
-rna	0.0	1.0	0.0	0.0
-rno	0.103395843893	0.820577800304	0.0608210846427	0.0152052711607
-rni	0.0	1.0	0.0	0.0
-odo	0.586448598131	0.161214953271	0.252336448598	0.0
-zer	0.0	1.0	0.0	0.0
-zes	0.637046716759	0.214562119532	0.0491416318887	0.0992495318202
-rgo	0.355701036552	0.292416803055	0.231860338243	0.12002182215
-uro	0.181400303813	0.687308883584	0.055823607827	0.0754672047753
-ura	0.0504209349547	0.827910448248	0.049769080592	0.0718995362056
-rga	0.121368624919	0.816655907037	0.0303421562298	0.0316333118141
-syo	0.0666003976143	0.826043737575	0.0	0.107355864811
-zec	0.680603793748	0.15281859471	0.0120224418915	0.15455516965
-tuc	0.0196078431373	0.980392156863	0.0	0.0
-jne	0.927360774818	0.050847457627	0.0217917675545	0.0
-ipe	0.00349378881987	0.979619565217	0.0	0.0168866459627
-umo	0.00633981403213	0.949281487743	0.0190194420963	0.0253592561285
-nio	0.0363820111167	0.864325416877	0.089439110662	0.00985346134411
-dur	0.0487658638953	0.932247426801	0.00779454381932	0.0111921654842
-apa	0.112861765853	0.270145280118	0.263814616756	0.353178337273
-pal	0.183527305282	0.516562220233	0.23545210385	0.0644583706357
-nza	0.219397363465	0.618173258004	0.0974576271186	0.0649717514124
-pan	0.016775364804	0.0123753887375	0.00221093324733	0.968638313211
-ñor	0.0325482931992	0.765811061127	0.124900767399	0.0767398782747
-pac	0.0426049908704	0.299956949661	0.233807876728	0.423630182741
-apo	0.761822021269	0.16670999981	0.0421705465683	0.0292974323527
-paz	0.419471776282	0.394096323149	0.170895908856	0.0155359917141
-aín	0.081122560842	0.895856171892	0.0	0.023021267266
-pas	0.542701276685	0.288753204564	0.0522684528395	0.116277065912
-aón	0.0120572720422	0.987942727958	0.0	0.0
-pau	0.369905040175	0.111176040906	0.00832724616508	0.510591672754
-fat	0.0	1.0	0.0	0.0
-nun	0.21536340691	0.26523238429	0.0531726765591	0.466231532241
-aro	0.00258064516129	0.987096774194	0.00258064516129	0.00774193548387
-sen	0.0845346147002	0.193510114493	0.128729904491	0.593225366317
-icö	0.506832403994	0.330976248245	0.0911616989701	0.0710296487913
-icó	0.00611620795106	0.993883792049	0.0	0.0
-sur	0.020429009193	0.856996935649	0.0612870275791	0.0612870275792
-ael	0.00910556767523	0.978374276771	0.00540643080717	0.00711372474628
-omé	0.0	1.0	0.0	0.0
-sel	0.0864499927958	0.868534260956	0.00963299919725	0.0353827470514
-lör	0.111317254174	0.888682745826	0.0	0.0
-zín	0.0	1.0	0.0	0.0
-dia	0.0544387119729	0.855541718555	0.0320227717488	0.0579967977228
-dio	0.066393943387	0.157165275099	0.0098827249967	0.766558056517
-aña	0.0409556313993	0.938566552901	0.0	0.0204778156996
-cmö	0.0223776896193	0.482767528562	0.453296215383	0.0415585664358
-dis	0.0	1.0	0.0	0.0
-feo	0.0310344827586	0.944827586207	0.0103448275862	0.0137931034483
-amö	0.414156626506	0.206784766183	0.195144986727	0.183913620584
-lem	0.0209059233449	0.979094076655	0.0	0.0
-sli	0.0	1.0	0.0	0.0
-xca	0.183765137892	0.447981386252	0.12711790952	0.241135566335
-sús	0.00795737240287	0.850103852896	0.00278814225433	0.139150632447
-vea	0.198502480412	0.0494923269507	0.0181974129538	0.733807779684
-uöl	0.0813310437146	0.141974390524	0.366942953338	0.409751612423
-eis	0.109090909091	0.0136363636364	0.0	0.877272727273
-elí	0.0135135135135	0.966216216216	0.00675675675675	0.0135135135135
-hcö	0.673611111111	0.229166666667	0.0381944444444	0.0590277777777
-one	0.230652802185	0.725629489305	0.0268094658463	0.0169082426644
-nno	0.0	0.876923076923	0.0923076923077	0.0307692307692
-sea	0.050832958127	0.22152183701	0.085547050878	0.642098153985
-uös	0.701495905638	0.214016036386	0.0445581487281	0.0399299092472
-vez	0.355353075171	0.435079726651	0.102505694761	0.107061503417
-efe	0.0149253731343	0.873134328358	0.044776119403	0.0671641791044
-ega	0.010874067937	0.746271748136	0.242854183927	0.0
-tis	0.629205929972	0.251077328463	0.0587476933149	0.0609690482496
-soa	0.306382978723	0.540425531915	0.153191489362	0.0
-bel	0.21382028799	0.324833078594	0.0529321856648	0.408414447752
-tie	0.0747284909981	0.138351628878	0.262946582186	0.523973297937
-apö	0.598488030239	0.212515749685	0.15119697606	0.0377992440151
-tia	0.0	1.0	0.0	0.0
-tic	0.386904761905	0.265873015873	0.337301587302	0.00992063492064
-til	0.025	0.947727272727	0.0204545454546	0.00681818181818
-öga	0.934065934066	0.0659340659341	0.0	0.0
-tio	0.0208860759494	0.925949367089	0.0417721518987	0.0113924050633
-lón	0.0	1.0	0.0	0.0
-rce	0.0	0.0	0.0	1.0
-eme	0.174308877891	0.259802117692	0.0663433061946	0.499545698223
-bán	0.196473551637	0.478589420655	0.27959697733	0.0453400503779
-öña	0.211453744493	0.343612334802	0.299559471366	0.145374449339
-ema	0.145619079214	0.0745235725608	0.0267241697077	0.753133178517
-jas	0.2	0.766666666667	0.0333333333333	0.0
-emo	0.236019861158	0.0892182285428	0.0487226298592	0.62603928044
-öyö	0.0601503759398	0.669172932331	0.225563909774	0.0451127819549
-öño	0.19683655536	0.456942003515	0.244288224956	0.101933216169
-dro	0.0872844827586	0.912715517241	0.0	0.0
-emu	0.0118935212086	0.984838030215	0.0005447414294	0.00272370714701
-ölo	0.222785183728	0.253824585567	0.337448964533	0.185941266172
-öla	0.817800051834	0.0601055627061	0.00847299394386	0.113621391515
-vur	0.0691688458186	0.832871865867	0.0384299851305	0.0595293031841
-das	0.0455227796966	0.911273295337	0.0195271977251	0.0236767272417
-öle	0.233932587712	0.609008217505	0.0353222937476	0.121736901036
-rtu	0.134036144578	0.847891566265	0.0180722891566	0.0
-cio	0.0656438439814	0.784749255782	0.143882146401	0.00572475383559
-zac	0.797765363128	0.118808193669	0.0338919925512	0.0495344506518
-ana	0.244886610243	0.184258355035	0.028076171875	0.542778862847
-uie	0.239635555617	0.527782540412	0.0457544355364	0.186827468435
-zal	0.318181818182	0.613636363636	0.0681818181818	0.0
-the	0.344093650231	0.522880454062	0.0	0.133025895708
-yos	0.18534101906	0.798460049649	0.00736315058695	0.00883578070434
-ser	0.0	1.0	0.0	0.0
-xto	0.255319148936	0.744680851064	0.0	0.0
-zar	0.0	1.0	0.0	0.0
-zas	0.492723123232	0.284442801971	0.0732060291301	0.149628045667
