-cac	0.344871686833	0.539615997269	0.0594472407643	0.0560650751339
-caa	0.421515664118	0.408536208539	0.0203637245983	0.149584402745
-cah	0.343170605347	0.259533990052	0.0439768660412	0.35331853856
-can	0.448348866975	0.251872133678	0.0816282918724	0.218150707475
-eus	0.0	1.0	0.0	0.0
-cal	0.107646755	0.799996931684	0.012273264228	0.0800830490879
-cas	0.515802698497	0.388716206828	0.0311402982744	0.0643407964
-car	0.0	1.0	0.0	0.0
-eui	0.43494078257	0.317695267603	0.0998450852031	0.147518864625
-ive	0.0405307599518	0.959469240048	0.0	0.0
-rbe	0.0413223140496	0.95867768595	0.0	0.0
-cat	0.469079939668	0.367018602313	0.0688788335847	0.0950226244344
-cax	0.0287533374409	0.863421647155	0.107825015404	0.0
-eua	0.482735013013	0.155879979394	0.0438484484604	0.317536559132
-ivo	0.211978254032	0.721975108955	0.0660466370131	0.0
-oya	0.524315920175	0.300532852199	0.077762410505	0.0973888171209
-dío	0.0762400489896	0.67452541335	0.170085731782	0.0791488058787
-oyo	0.0416666666667	0.9375	0.0	0.0208333333333
-día	0.041570438799	0.300230946882	0.637413394919	0.0207852193995
-zis	0.62909106884	0.179150375609	0.104335983833	0.0874225717172
-zin	0.0677022665805	0.472423307067	0.0352751038782	0.424599322475
-nso	0.0271230222796	0.965127542783	0.00387471746851	0.00387471746851
-zih	0.488931762795	0.284626320065	0.0771730300568	0.149268887084
-aui	0.280167543053	0.117686941586	0.0740785383174	0.528066977043
-nse	0.0521962603019	0.0517531681092	0.262665051842	0.633385519747
-ufo	0.0	1.0	0.0	0.0
-nsa	0.214135621934	0.420980445456	0.124446620054	0.240437312556
-zia	0.37780966045	0.560019129603	0.0191296030608	0.0430416068867
-nti	0.258245867571	0.234071644767	0.260547382679	0.247135104983
-uac	0.131145926431	0.0847220635845	0.0594135272812	0.724718482703
-tzi	0.561619049746	0.254830567159	0.0231643844796	0.160385998615
-ntl	0.0810810810811	0.77027027027	0.0	0.148648648649
-nto	0.0445090681477	0.706924194056	0.0752355774981	0.173331160298
-nta	0.375836663938	0.4101218279	0.0226320604805	0.191409447681
-uah	0.447845482574	0.286206009883	0.0663232340871	0.199625273455
-tza	0.593655529144	0.237886535706	0.0496547135491	0.1188032216
-ual	0.100300657075	0.638051583432	0.0935948760667	0.168052883427
-uan	0.0289197629093	0.121715513113	0.00609720745958	0.843267516518
-cxi	0.123076923077	0.843076923077	0.0153846153846	0.0184615384615
-uas	0.51179063476	0.183087395098	0.0538472228967	0.251274747245
-ntz	0.48813559322	0.0915254237288	0.338983050848	0.0813559322034
-uau	0.0564853382897	0.859682094514	0.0129717829149	0.0708607842812
-uat	0.582983193277	0.259453781513	0.15756302521	0.0
-hix	0.595841265193	0.216966857031	0.051007956265	0.136183921511
-yec	0.23619426535	0.136290631616	0.15047655386	0.477038549174
-pre	0.0	0.997330960854	0.00266903914591	0.0
-nma	0.171786679774	0.410420250676	0.0270336692062	0.390759400344
-más	0.0	1.0	0.0	0.0
-aso	0.27542760611	0.319560779897	0.0988245231224	0.306187090871
-aré	0.0	1.0	0.0	0.0
-opo	0.016	0.954666666667	0.0293333333333	0.0
-tín	0.0236220472441	0.787401574803	0.11811023622	0.0708661417322
-mán	0.0265486725664	0.628318584071	0.345132743363	0.0
-smo	0.0950434338273	0.0643842616249	0.590700051099	0.249872253449
-ope	0.0360320284698	0.949733096085	0.0133451957296	0.000889679715301
-opa	0.0329565572654	0.258477461528	0.537518725317	0.17104725589
-dea	0.00312686122692	0.98942823109	0.00744490768314	0.0
-dec	0.0336826347306	0.955713572854	0.0068612774451	0.00374251497006
-cau	0.27159773189	0.494088908841	0.0946654612709	0.139647897998
-den	0.0351970824587	0.0154075581847	0.00929400872153	0.940101350635
-deo	0.00167597765363	0.986592178771	0.0	0.0117318435754
-ima	0.184274640089	0.728682170543	0.0332225913621	0.0538205980067
-des	0.0227094753328	0.909273968005	0.0363575343998	0.031659022262
-zul	0.0288461538462	0.432692307692	0.538461538462	0.0
-imi	0.385861921627	0.124525274823	0.110892134057	0.378720669493
-aús	0.0243902439024	0.926829268293	0.0487804878049	0.0
-imo	0.112822542916	0.389462698384	0.0194335480621	0.478281210638
-vio	0.023463298766	0.969584612711	0.0	0.00695208852325
-ido	0.0833333333333	0.881944444444	0.0	0.0347222222222
-lla	0.0850604830034	0.854368975253	0.0308668810118	0.0297036607314
-eco	0.160117374153	0.710672575685	0.0190267446434	0.110183305518
-obo	0.0	0.998030526834	0.000984736582965	0.000984736582962
-rpo	0.0454232622161	0.406744666208	0.531314521679	0.0165175498968
-rpa	0.12962962963	0.87037037037	0.0	0.0
-eca	0.116966592924	0.0574073729806	0.0284666579911	0.797159376104
-llo	0.0079192710698	0.980827027936	0.00875287855083	0.00250082244309
-ida	0.00111856823266	0.998881431767	0.0	0.0
-tli	0.0914895219673	0.72948736387	0.0898556081226	0.08916750604
-bia	0.0146341463414	0.985365853659	0.0	0.0
-tla	0.122852253244	0.038928321098	0.0070910118037	0.831128413854
-ter	0.020202020202	0.939393939394	0.040404040404	0.0
-uta	0.0	0.958333333333	0.0416666666667	0.0
-teu	0.726991129676	0.10600272211	0.0200872952551	0.146918852959
-ria	0.0175298804781	0.980876494024	0.00159362549801	0.0
-rio	0.0106477373558	0.984028393966	0.0	0.0053238686779
-ril	0.0	0.838926174497	0.0805369127517	0.0805369127517
-uti	0.426241660489	0.40919199407	0.0815418828762	0.0830244625648
-uto	0.390728476821	0.173657100809	0.342899190581	0.0927152317881
-ejo	0.110647181628	0.889352818372	0.0	0.0
-ños	0.0150388503634	0.907343971928	0.0	0.077617177709
-tea	0.00307929176289	0.996920708237	0.0	0.0
-ris	0.0	1.0	0.0	0.0
-teh	0.297550671297	0.0898942512052	0.0250946037012	0.587460473796
-ten	0.158925128841	0.695835681076	0.0790412463058	0.0661979437771
-teo	0.0137067938021	0.952125546285	0.00357568533969	0.0305919745729
-meu	0.696050775741	0.00846262341326	0.0126939351199	0.282792665726
-ara	0.113965348994	0.0961966851419	0.00860651183277	0.781231454031
-mes	0.346420323325	0.653579676675	0.0	0.0
-aro	0.0257716511837	0.891519328738	0.0206772550195	0.0620317650584
-mex	0.0957446808511	0.595744680851	0.0	0.308510638298
-rón	0.00596421471172	0.971172962227	0.0228628230616	0.0
-lui	0.554268739795	0.175427667031	0.0638840261125	0.206419567062
-mea	0.0	1.0	0.0	0.0
-mec	0.0	1.0	0.0	0.0
-mel	0.134099616858	0.766922094508	0.0500212856535	0.04895700298
-meo	0.0	1.0	0.0	0.0
-men	0.050703723855	0.0711426802026	0.0491525583068	0.829001037636
-meh	0.0613704954292	0.447112133369	0.0701420907035	0.421375280498
-bán	0.0986301369863	0.506849315068	0.295890410959	0.0986301369863
-aya	0.542322475598	0.226515859538	0.0771365417081	0.154025123156
-ayo	0.0573822621479	0.798010016643	0.0310692868928	0.113538434316
-erí	0.0	1.0	0.0	0.0
-bás	0.0029484029484	0.976412776413	0.0088452088452	0.0117936117936
-aua	0.475173729132	0.235573198434	0.12493784305	0.164315229384
-cto	0.120689655172	0.344827586207	0.431034482759	0.103448275862
-cti	0.564843900613	0.224508480885	0.0754364185429	0.135211199958
-aón	0.00617283950617	0.975308641975	0.0185185185185	0.0
-dám	0.0	1.0	0.0	0.0
-dán	0.0128769908506	0.985089800068	0.00203320908167	0.0
-xad	0.0	1.0	0.0	0.0
-xah	0.0	0.897184822521	0.102815177479	0.0
-xan	0.137957116508	0.0818915129651	0.0276717163213	0.752479654206
-ota	0.415734815438	0.262505258962	0.142401629725	0.179358295875
-tán	0.0	1.0	0.0	0.0
-ote	0.0	0.996655518395	0.0	0.00334448160535
-itl	0.0794916708861	0.71453916852	0.111381490212	0.0945876703824
-oti	0.838111298482	0.0404721753794	0.111298482293	0.0101180438448
-otl	0.074239940059	0.716060412652	0.185025237608	0.0246744096814
-oto	0.597262208702	0.295181704601	0.02933347819	0.0782226085068
-rán	0.110429447853	0.889570552147	0.0	0.0
-eví	0.0619684082624	0.923450789793	0.00546780072904	0.00911300121507
-otz	0.741577523836	0.0981894120902	0.0130754927302	0.147157571343
-umi	0.0	0.859375	0.0234375	0.1171875
-nah	0.233129319443	0.403083842943	0.144591135283	0.219195702331
-nan	0.0414465664364	0.926696464852	0.000975213327916	0.030881755384
-nal	0.0373170878405	0.866568922586	0.0187357767536	0.0773782128195
-sis	0.466530125603	0.224751419338	0.0706499932809	0.238068461778
-nac	0.828358208955	0.10447761194	0.0671641791045	0.0
-naa	0.0571791613723	0.815756035578	0.0	0.12706480305
-siu	0.380239520958	0.323353293413	0.224550898204	0.0718562874252
-zic	0.481405383193	0.153688103555	0.318060406821	0.0468461064311
-aúl	0.345911949686	0.635220125786	0.0188679245283	0.0
-aúm	0.0230010952903	0.947426067908	0.0	0.0295728368017
-sih	0.362240982348	0.324379636736	0.151189562548	0.162189818368
-sio	0.0344827586207	0.836206896552	0.129310344827	0.0
-sic	0.453635310857	0.137607925077	0.231552502109	0.177204261957
-nas	0.358284986028	0.540432580965	0.0282466260224	0.0730358069847
-sia	0.0753308804297	0.888224318622	0.0061031963311	0.0303416046175
-cse	0.0385881975727	0.0544129643031	0.281993810911	0.625005027213
-nat	0.454579532675	0.150693489941	0.0289891290766	0.365737848307
-nau	0.245161290322	0.135483870968	0.61935483871	0.0
-mos	0.222066528573	0.701169733155	0.0109662483246	0.0657974899476
-mor	0.0740740740741	0.888888888889	0.037037037037	0.0
-gog	0.0	0.988326848249	0.011673151751	0.0
-aán	0.0	1.0	0.0	0.0
-moc	0.307777470246	0.0354276224744	0.0124550235262	0.644339883753
-cáz	0.0	1.0	0.0	0.0
-mon	0.00745156482862	0.962742175857	0.0	0.0298062593145
-gos	0.0142602495544	0.857397504456	0.114081996435	0.0142602495544
-mol	0.035575679172	0.611901681759	0.352522639069	0.0
-moh	0.377689243028	0.340239043825	0.152988047809	0.129083665339
-yau	0.545087743226	0.385695126387	0.0139798145117	0.0552373158756
-col	0.107830038792	0.673270365632	0.125144437108	0.0937551584681
-con	0.139526455431	0.0695267958846	0.0122692444413	0.778677504243
-coh	0.547917283536	0.282526607159	0.0593236785693	0.110232430736
-yas	0.636798578361	0.0630168819629	0.0261089467569	0.274075592919
-ber	0.0	1.0	0.0	0.0
-eos	0.00663570006636	0.981842311637	0.00217168365808	0.00935030463896
-eor	0.0	1.0	0.0	0.0
-bet	0.0	0.755737704918	0.0	0.244262295082
-cob	0.00163487738419	0.994005449591	0.0	0.00435967302452
-beo	0.0	0.95	0.05	0.0
-bel	0.0109567599296	0.98904324007	0.0	0.0
-cou	0.706023135221	0.222177901875	0.0478659752692	0.0239329876346
-yan	0.186041155135	0.416287070704	0.0834484979404	0.314223276221
-rla	0.0	1.0	0.0	0.0
-yah	0.604176692409	0.183976426788	0.0567300375383	0.155116843265
-bed	0.265625	0.734375	0.0	0.0
-iso	0.0	1.0	0.0	0.0
-lyo	0.166666666667	0.567663817664	0.16452991453	0.10113960114
-reo	0.0386697602475	0.677107501934	0.243619489559	0.0406032482598
-nte	0.0	1.0	0.0	0.0
-rea	0.0104452996152	0.955744914788	0.00247388675096	0.0313358988455
-red	0.0441176470588	0.818111455108	0.137770897833	0.0
-mia	0.59529675252	0.260470324748	0.0396416573349	0.104591265398
-eva	0.12125748503	0.833832335329	0.00898203592814	0.0359281437126
-upa	0.100840336134	0.68487394958	0.0756302521009	0.138655462185
-res	0.0635075708575	0.895099101709	0.0260834666022	0.0153098608317
-ret	0.0120647687586	0.984125304265	0.0038099269764	0.0
-dia	0.00652528548123	0.993474714519	0.0	0.0
-max	0.447309424411	0.0590513132376	0.00802077512245	0.485618487229
-hab	0.0283018867924	0.971698113208	0.0	0.0
-hac	0.707692307692	0.292307692308	0.0	0.0
-avo	0.134557089929	0.723812731559	0.0446278208151	0.0970023576962
-hah	0.855895196507	0.144104803493	0.0	0.0
-ava	0.0	0.616583982991	0.366406803685	0.0170092133239
-mas	0.332928829468	0.535490842709	0.032925682032	0.0986546457911
-mar	0.0211475338722	0.942507627572	0.00187978078864	0.0344650577671
-mat	0.516914967999	0.304652085538	0.0688258616298	0.109607084833
-han	0.0730160285655	0.748538112372	0.035380174654	0.143065684409
-mai	0.606763886419	0.0878238188392	0.0221708459304	0.283241448812
-mah	0.144006940802	0.160063561635	0.0580686157297	0.637860881833
-has	0.317231434751	0.682768565249	0.0	0.0
-man	0.131676426319	0.27735977236	0.013524443271	0.57743935805
-mac	0.170012005153	0.362185962755	0.108522194893	0.359279837198
-yol	0.734325380204	0.0973972731404	0.0637925738641	0.104484772791
-yax	0.11294117647	0.844705882353	0.0141176470588	0.0282352941176
-cyo	0.0883685189679	0.827509504166	0.0816953813799	0.00242659548653
-coc	0.630463207678	0.0838225066073	0.0267631103074	0.258951175407
-pta	0.0779220779221	0.922077922078	0.0	0.0
-pto	0.00415397396843	0.990861257269	0.00332317917475	0.00166158958737
-666	0.0	0.0	0.0	1.0
-gad	0.0	1.0	0.0	0.0
-tra	0.0390773405699	0.907191316147	0.0488466757123	0.00488466757123
-asá	0.0	0.857142857143	0.0	0.142857142857
-ada	0.0867731544516	0.85644073988	0.0245076877096	0.032278417959
-ado	0.105646745675	0.805310856201	0.0573547119589	0.0316876861652
-tro	0.0157549234136	0.938730853392	0.0236323851204	0.0218818380744
-quí	0.0	1.0	0.0	0.0
-cpa	0.0571139278482	0.236030900773	0.12825320633	0.578601965049
-gau	0.0	1.0	0.0	0.0
-gas	0.41059602649	0.496688741722	0.0927152317881	0.0
-gar	0.0	0.97628458498	0.0237154150198	0.0
-lam	0.0	1.0	0.0	0.0
-lan	0.57464764343	0.195562843755	0.0542155061844	0.175574006631
-cox	0.198705501618	0.407766990291	0.317799352751	0.0757281553398
-seo	0.0108626308257	0.935729434281	0.0316826732417	0.0217252616515
-ini	0.432156001142	0.319216187062	0.11988602113	0.128741790666
-sem	0.0	1.0	0.0	0.0
-nos	0.492723194762	0.301849889968	0.0819382560805	0.12348865919
-yac	0.118688368777	0.70853884146	0.0858059369644	0.0869668527979
-sei	0.181818181818	0.794466403162	0.0237154150198	0.0
-seh	0.096290214227	0.0662088527282	0.765843099201	0.0716578338434
-ina	0.337539123091	0.598545271146	0.0457117939948	0.0182038117678
-uis	0.486618292172	0.159212796144	0.0935718306137	0.26059708107
-uiu	0.40419829298	0.308562724186	0.0962250592494	0.191013923584
-uit	0.402916962873	0.355734171119	0.091097759534	0.150251106474
-sea	0.0357142857143	0.964285714286	0.0	0.0
-món	0.00948300615073	0.983791993471	0.000680056217979	0.00604494415983
-uih	0.512775172892	0.0877861381587	0.0237635776003	0.375675111349
-uez	0.0129743756082	0.938371715861	0.0129743756082	0.0356795329225
-uim	0.0	1.0	0.0	0.0
-uil	0.206532447214	0.396558632641	0.0763384300484	0.320570490096
-uio	0.0	0.941176470588	0.0588235294118	0.0
-hsi	0.544993552922	0.162097098146	0.0354964250232	0.257412923909
-uia	0.527340502563	0.156577451294	0.0540593711818	0.262022674962
-uic	0.0627973456898	0.0508467579645	0.784115419148	0.102240477198
-hse	0.0781371141179	0.0598938845404	0.0604736767591	0.801495324583
-ses	0.0398943642187	0.907287745126	0.0368039557229	0.0160139349328
-ser	0.0	1.0	0.0	0.0
-hsa	0.531496062992	0.454330708661	0.0	0.0141732283465
-aam	0.014598540146	0.978102189781	0.0	0.00729927007299
-ooc	0.483870967742	0.516129032258	0.0	0.0
-dón	0.0	0.983508245877	0.0104947526237	0.00599700149926
-iac	0.245901639344	0.147540983607	0.606557377049	0.0
-són	0.014501510574	0.976435045317	0.0	0.00906344410875
-ial	0.0267101943909	0.94852217081	0.00631331867421	0.0184543161246
-neu	0.0455045589117	0.849029233776	0.024014617233	0.0814515900797
-nes	0.377774356853	0.500996611681	0.0525887048538	0.0686403266128
-rso	0.0171673819742	0.982832618026	0.0	0.0
-iau	0.963302752294	0.0	0.0	0.0366972477064
-neo	0.0	0.88	0.0	0.12
-cos	0.454418283882	0.373043819501	0.0532551795481	0.119282717069
-neh	0.100008006207	0.0414286412725	0.0104813585726	0.848081993948
-ooz	0.0306122448979	0.969387755102	0.0	0.0
-nea	0.0833333333333	0.25	0.666666666667	0.0
-ban	0.0284495021337	0.72972972973	0.00142247510668	0.24039829303
-hoa	0.8125	0.140625	0.0	0.046875
-hoh	0.516998043925	0.248272959121	0.109936365662	0.124792631292
-hon	0.25	0.75	0.0	0.0
-hor	0.0	1.0	0.0	0.0
-hos	0.55789751021	0.372941641417	0.0414965090239	0.0276643393492
-jon	0.0	0.894644424934	0.0	0.105355575066
-bas	0.0	1.0	0.0	0.0
-job	0.08	0.92	0.0	0.0
-zol	0.245901639344	0.508196721311	0.0	0.245901639344
-zon	0.0311203319502	0.948531758698	0.00837855090967	0.0119693584424
-que	0.130931529302	0.0449936526812	0.0272854365188	0.796789381498
-asa	0.230460921844	0.334268537074	0.197194388778	0.238076152305
-uip	0.724416578474	0.0704560375812	0.0180365359952	0.18709084795
-qui	0.283398850645	0.147945267492	0.0890251056235	0.47963077624
-gaí	0.0	1.0	0.0	0.0
-adí	0.0	1.0	0.0	0.0
-iyo	0.150962367136	0.734989945418	0.0384946854352	0.0755530020109
-yeh	0.210817154864	0.0288253240269	0.01827150041	0.742086020699
-lti	0.489289664791	0.326946568557	0.0720434761698	0.111720290482
-lto	0.680317040951	0.0396301188904	0.204755614267	0.0752972258916
-yen	0.35366783769	0.0306413875806	0.00624232909277	0.609448445637
-dro	0.0118509883919	0.915553612771	0.00126281023848	0.0713325885991
-zor	0.0	1.0	0.0	0.0
-zos	0.0489795918367	0.951020408163	0.0	0.0
-xos	0.043321299639	0.706678700361	0.190433212996	0.0595667870036
-uza	0.0	1.0	0.0	0.0
-430	0.324324324324	0.0	0.0	0.675675675676
-ras	0.0821688093907	0.88373392957	0.0318613750699	0.00223588596982
-meí	0.0	1.0	0.0	0.0
-ral	0.0459770114942	0.954022988506	0.0	0.0
-ram	0.0	1.0	0.0	0.0
-uía	0.0797546012271	0.879053461876	0.0	0.0411919368974
-isa	0.354091970065	0.208544890151	0.168816324566	0.268546815218
-rah	0.0	1.0	0.0	0.0
-ero	0.027936712742	0.0383403123103	0.00765548283568	0.926067492112
-era	0.15992414665	0.379266750948	0.0676359039191	0.393173198483
-xoh	0.264938804896	0.31101511879	0.335493160547	0.0885529157668
-rac	0.0	1.0	0.0	0.0
-pox	0.147540983607	0.834575260805	0.0	0.0178837555887
-aén	0.0	0.939393939394	0.0606060606061	0.0
-por	0.15472027972	0.11013986014	0.00524475524477	0.729895104895
-pos	0.424282855237	0.469646430954	0.106070713809	0.0
-ozo	0.132730015083	0.622926093514	0.027149321267	0.217194570136
-pou	0.36775106082	0.496463932108	0.101838755304	0.033946251768
-poh	0.714001704061	0.207611474013	0.0426015336552	0.0357852882703
-azo	0.341296928328	0.515358361775	0.0819112627987	0.0614334470989
-pon	0.560975609756	0.390243902439	0.0487804878049	0.0
-ugo	0.0457620374054	0.906486271389	0.0477516912057	0.0
-aza	0.0409929401047	0.900705989524	0.0444090184468	0.0138920519244
-oua	0.562665482281	0.22521000735	0.0718679639704	0.140256546399
-lac	0.676296605716	0.121851966637	0.0709599914591	0.130891436188
-lal	0.132273942033	0.85260903602	0.0132273942033	0.00188962774333
-aat	0.0	1.0	0.0	0.0
-oui	0.341954549311	0.146323594127	0.0330798427835	0.478642013779
-lao	0.253333333333	0.72	0.0	0.0266666666666
-lah	0.264142601162	0.3529140822	0.0655429233085	0.317400393329
-lai	0.616666666667	0.316666666667	0.0	0.0666666666667
-noh	0.231277996882	0.159375943891	0.0189435230847	0.590402536142
-lau	0.560177131109	0.313458801202	0.057409457536	0.0689546101534
-fos	0.00900900900901	0.990990990991	0.0	0.0
-eón	0.0565593087195	0.921969101859	0.0183294056036	0.00314218381775
-non	0.0733271059045	0.0211667960259	0.00815562693662	0.897350471133
-las	0.256340819653	0.608861991907	0.0456700559064	0.089127132533
-nio	0.0210116731517	0.918287937743	0.060700389105	0.0
-noc	0.397941775356	0.202025204997	0.0356061856805	0.364426833966
-lax	0.0	0.945205479452	0.0547945205479	0.0
-aac	0.050454086781	0.945509586276	0.00403632694248	0.0
-zto	0.252631578947	0.526315789474	0.0526315789474	0.168421052632
-ahi	0.170212765957	0.127659574468	0.459574468085	0.242553191489
-dor	0.0344336262171	0.925908335312	0.0104488245072	0.0292092139634
-dos	0.038784097089	0.924592838538	0.0207373271889	0.0158857371841
-fán	0.0738916256158	0.87684729064	0.0492610837438	0.0
-fás	0.0	0.974683544304	0.0168776371308	0.0084388185654
-doc	0.0	1.0	0.0	0.0
-ges	0.0203045685279	0.979695431472	0.0	0.0
-sas	0.493802406125	0.381516587678	0.0317170980678	0.0929639081297
-ión	0.00597761112924	0.964025649386	0.00652103032282	0.023475709162
-vos	0.0248992777032	0.93054698559	0.0265870567312	0.0179666799753
-toc	0.477424989649	0.254480551405	0.128393948302	0.139700510644
-sau	0.65306122449	0.30612244898	0.0	0.0408163265306
-ton	0.76833761304	0.164229094563	0.0430947862007	0.0243385061963
-tol	0.190167416166	0.583701523361	0.0438355149477	0.182295545524
-toh	0.534936029205	0.0901375896544	0.0927249258172	0.282201455324
-mpa	0.0824127868503	0.0928921321598	0.0046336399776	0.820061441012
-sac	0.761732851986	0.194945848375	0.043321299639	0.0
-oli	0.398298676749	0.347662828665	0.137136965114	0.116901529473
-tor	0.0980392156863	0.797385620915	0.104575163399	0.0
-tos	0.454189287764	0.285799194908	0.103941825911	0.156069691416
-olo	0.0739087505791	0.571715910961	0.02471575909	0.32965957937
-ola	0.0833333333333	0.916666666667	0.0	0.0
-sah	0.325039703547	0.217928357155	0.278807128992	0.178224810305
-san	0.135690631523	0.0485235050898	0.0505813744879	0.765204488899
-sam	0.0	1.0	0.0	0.0
-sal	0.624542124542	0.307692307692	0.03663003663	0.0311355311356
-ocu	0.58024691358	0.231040564374	0.0388007054674	0.149911816578
-csa	0.39381443299	0.507216494845	0.0989690721649	0.0
-lol	0.155981613708	0.773866556898	0.013779163962	0.0563726654318
-iel	0.00697674418604	0.962790697674	0.0302325581395	0.0
-loh	0.625318856215	0.272300268467	0.0356306172215	0.0667502580966
-ros	0.0146446326764	0.969967890961	0.00732231633821	0.0080651600247
-naí	0.00451127819548	0.986466165414	0.0	0.00902255639098
-loc	0.502926512031	0.432039887275	0.0650336006937	0.0
-mín	0.0	1.0	0.0	0.0
-oca	0.55466803382	0.279706878692	0.0779511604468	0.0876739270416
-rom	0.0	1.0	0.0	0.0
-oco	0.571079628725	0.189234800373	0.126526624328	0.113158946574
-los	0.46203512764	0.446092583375	0.01317879068	0.0786934983052
-ipo	0.0	1.0	0.0	0.0
-sar	0.0497427101201	0.928530588908	0.0114351057747	0.0102915951973
-ipa	0.13935271962	0.16313533936	0.0312448186366	0.666267122383
-ham	0.00469832817822	0.946517364238	0.0251360557535	0.0236482518304
-noé	0.0	1.0	0.0	0.0
-rdo	0.030888030888	0.88416988417	0.0849420849421	0.0
-saú	0.10985915493	0.884507042254	0.0	0.00563380281691
-276	0.0	0.342105263158	0.0	0.657894736842
-sto	0.0101472207249	0.965056698328	0.00171133682861	0.0230847441185
-sti	0.205686630369	0.758015728978	0.0362976406534	0.0
-sta	0.10224332005	0.0509256870465	0.0269500055567	0.819880987347
-saí	0.0159151193634	0.984084880637	0.0	0.0
-cui	0.325635876841	0.423360107095	0.0876840696117	0.163319946452
-loé	0.0	0.94575045208	0.0	0.0542495479204
-lón	0.0074812967581	0.852867830424	0.139650872818	0.0
-ián	0.0	0.88785046729	0.11214953271	0.0
-cua	0.701718494272	0.21150436443	0.0506910347336	0.0360861065648
-eyi	0.0946040888521	0.0638636241201	0.428800489633	0.412731797395
-hyo	0.321389793703	0.449390758837	0.207503920859	0.0217155266015
-eya	0.37106918239	0.525786163522	0.0125786163522	0.0905660377358
-uca	0.110437825286	0.105137203886	0.0241912337911	0.760233737036
-leh	0.230430136254	0.646005877638	0.0714667379108	0.0520972481966
-ioh	0.570818885036	0.0752200586823	0.252067217925	0.101893838357
-ion	0.0496974799701	0.037158685303	0.00367592065959	0.909467914067
-len	0.0842997307516	0.0649811258665	0.00251313316563	0.848206010216
-leo	0.101265822785	0.569620253165	0.227848101266	0.101265822785
-lea	0.00153915419812	0.995738532254	0.00209408734438	0.000628226203316
-leg	0.0	1.0	0.0	0.0
-iua	0.59003945294	0.141256310976	0.0494271067076	0.219277129376
-esé	0.0	1.0	0.0	0.0
-ios	0.0542747218445	0.768866695674	0.00605571510064	0.17080286738
-esá	0.0	1.0	0.0	0.0
-les	0.0486725663717	0.924778761062	0.0132743362832	0.0132743362832
-leu	0.2941673235	0.184776489134	0.0244904853057	0.496565702061
-hma	0.209743751977	0.151217968997	0.506168933882	0.132869345144
-eel	0.0	1.0	0.0	0.0
-rra	0.0136164320332	0.977921378568	0.00846218939918	0.0
-rro	0.0	0.961538461538	0.0384615384615	0.0
-gio	0.130434782609	0.840579710145	0.0289855072464	0.0
-alo	0.130865610505	0.778853683513	0.0422414312391	0.0480392747424
-udá	0.0	1.0	0.0	0.0
-ndo	0.0	0.981132075472	0.0188679245283	0.0
-ali	0.158534137426	0.273617802676	0.336744492179	0.231103567719
-eeu	0.907894736842	0.0921052631579	0.0	0.0
-gia	0.0	0.971563981043	0.0284360189573	0.0
-ala	0.0	1.0	0.0	0.0
-zyo	0.27162748231	0.536635471354	0.164346039717	0.0273910066195
-zca	0.522388059701	0.466417910448	0.0111940298507	0.0
-120	0.0408163265306	0.0612244897959	0.0	0.897959183673
-uva	0.0290416263311	0.951597289448	0.0	0.0193610842207
-osé	0.00433874337137	0.988912100273	0.00192833038727	0.00482082596818
-tca	0.736303573248	0.0577719866671	0.0129713954288	0.192953044656
-you	0.162790697674	0.581395348837	0.139534883721	0.116279069767
-yoh	0.415970141088	0.375163366908	0.103339067638	0.105527424365
-yon	0.714285714286	0.224489795918	0.0	0.0612244897959
-lpi	0.379746835443	0.620253164557	0.0	0.0
-abí	0.369565217391	0.347826086957	0.0	0.282608695652
-abé	0.0101237345332	0.925009373828	0.0134983127109	0.0513685789276
-chi	0.0906243813912	0.175580535102	0.101744228028	0.632050855478
-cho	0.427444794953	0.384858044164	0.132492113565	0.0552050473186
-cha	0.0182370820669	0.922492401216	0.0547112462006	0.00455927051672
-loi	0.0	0.981132075472	0.0188679245283	0.0
-che	0.00431654676259	0.995683453237	0.0	0.0
-peu	0.474714692702	0.151357726554	0.0364747270836	0.33745285366
-153	0.0	0.0	0.0307692307692	0.969230769231
-oré	0.221402214022	0.712177121771	0.0442804428045	0.0221402214022
-elo	0.114655466001	0.868316494494	0.0170280395051	0.0
-ogo	0.0	1.0	0.0	0.0
-ela	0.0	1.0	0.0	0.0
-cht	0.17094017094	0.675213675214	0.0512820512821	0.102564102564
-pez	0.0199401794616	0.960119641077	0.0199401794616	0.0
-itz	0.782076465733	0.0846642076492	0.0191205885196	0.114138738098
-cca	0.14025974026	0.136363636364	0.676623376623	0.0467532467533
-leá	0.0	1.0	0.0	0.0
-itu	0.0204085663311	0.919241328005	0.0316903340202	0.0286597716435
-ito	0.535863951593	0.336094184597	0.0223501045137	0.105691759297
-xno	0.0899470899471	0.616402116402	0.230158730159	0.0634920634921
-tes	0.0348837209302	0.953488372093	0.0	0.0116279069767
-eso	0.071119969299	0.893103405588	0.00977976949454	0.0259968556185
-iti	0.464000512107	0.369532862835	0.0538832077072	0.112583417351
-esa	0.205118961788	0.761355443403	0.00648882480173	0.0270367700072
-ite	0.00158586316266	0.840356441625	0.158057695212	0.0
-ita	0.451875664569	0.297696804687	0.0887764792504	0.161651051493
-spe	0.036866359447	0.926267281106	0.036866359447	0.0
-fté	0.0	1.0	0.0	0.0
-spo	0.0	1.0	0.0	0.0
-fas	0.0166143621931	0.961233154883	0.0110762414621	0.0110762414621
-alí	0.0	1.0	0.0	0.0
-fat	0.0	1.0	0.0	0.0
-udo	0.157819225251	0.756097560976	0.0	0.0860832137734
-hum	0.0	1.0	0.0	0.0
-rim	0.0	1.0	0.0	0.0
-lpa	0.107784431138	0.119760479042	0.0	0.77245508982
-hui	0.263018065887	0.37898512221	0.122210414453	0.23578639745
-hua	0.644026726636	0.0548058342539	0.0120710099987	0.289096429111
-nja	0.050901378579	0.949098621421	0.0	0.0
-njo	0.0	0.981012658228	0.0189873417721	0.0
-abo	0.0	1.0	0.0	0.0
-lot	0.0113482842475	0.988651715752	0.0	0.0
-vas	0.0605838076005	0.930236827612	0.00917936478796	0.0
-nco	0.0805800606066	0.221579233232	0.0505245677503	0.647316138411
-nce	0.0	0.974093264249	0.0155440414508	0.0103626943005
-ael	0.00901435179694	0.966789230222	0.00332107697782	0.0208753410034
-och	0.273926276632	0.496110923233	0.223199188367	0.00676361176868
-sol	0.135333921742	0.791115033834	0.032362459547	0.0411885848779
-tus	0.0358606557377	0.842213114754	0.0522540983607	0.0696721311475
-aeu	0.824561403509	0.105263157895	0.0701754385965	0.0
-oro	0.0092176790357	0.735681084062	0.24186559521	0.0132356416923
-elí	0.0131004366812	0.973799126638	0.0	0.0131004366812
-ora	0.0635758791847	0.82722568381	0.0101383461823	0.0990600908227
-cia	0.0	0.974597104616	0.0237639989074	0.00163889647637
-ruz	0.200114967306	0.643960623698	0.00991593015736	0.146008478839
-lix	0.0193812896012	0.951546775997	0.00447260529258	0.0245993291092
-liu	0.699873896595	0.175914249685	0.062421185372	0.0617906683481
-rut	0.0	1.0	0.0	0.0
-lis	0.247128915285	0.485932751829	0.0829586243891	0.183979708497
-ico	0.484530864388	0.372157928497	0.0469399928156	0.0963712143002
-lim	0.0	0.961538461538	0.0384615384615	0.0
-lin	0.13301028481	0.844738924051	0.0163172468355	0.00593354430379
-lio	0.0126434090377	0.967689065793	0.0112385858113	0.00842893935846
-lih	0.622313137156	0.14953713548	0.0581135852725	0.170036142091
-sué	0.0891089108911	0.910891089109	0.0	0.0
-ich	0.0130537598751	0.00820728919145	0.00170803726706	0.977030913666
-ruc	0.0	1.0	0.0	0.0
-ice	0.00328227571116	0.93544857768	0.0612691466083	0.0
-lia	0.446268833562	0.328554359262	0.0836813941112	0.141495413065
-ica	0.0589586535408	0.0449195723369	0.0272847124212	0.868837061701
-lic	0.26289263256	0.123959319929	0.282521543358	0.330626504153
-eas	0.0	1.0	0.0	0.0
-cma	0.0427780573729	0.608454957222	0.348766985405	0.0
-cmo	0.142047486195	0.0216255103942	0.0429512612383	0.793375742173
-144	0.0	0.161078238001	0.0197238658777	0.819197896121
-ode	0.0882352941175	0.911764705883	0.0	0.0
-rna	0.0	1.0	0.0	0.0
-slí	0.0	1.0	0.0	0.0
-zer	0.0	1.0	0.0	0.0
-lux	0.0	0.975609756098	0.0	0.0243902439024
-tua	0.00578871201158	0.98986975398	0.0	0.00434153400868
-ura	0.0171463563993	0.96080832823	0.0220453153705	0.0
-bre	0.0	1.0	0.0	0.0
ALL	0.218803891156	0.273543366741	0.050759691726	0.456893050376
-lil	0.127405723423	0.766713551577	0.0626451678234	0.0432355571767
-sda	0.0	0.975	0.0	0.025
-zeh	0.579444944874	0.192625695556	0.0569696799636	0.170959679606
-ipe	0.00875752599891	0.983032293377	0.0	0.00821018062397
-pah	0.575762962963	0.274903703704	0.0883555555555	0.0609777777778
-pal	0.0680947575175	0.835194409176	0.0564508252759	0.0402600080303
-nza	0.189024390244	0.756097560976	0.0121951219512	0.0426829268293
-pan	0.119044332929	0.307189430191	0.048871253499	0.52489498338
-pac	0.0244847990206	0.90199959192	0.0505407059784	0.022974903081
-apo	0.405405405405	0.516632016632	0.0	0.0779625779625
-aín	0.0	0.992063492063	0.0	0.00793650793651
-pas	0.558092065308	0.223560896814	0.0351387380395	0.183208299838
-pau	0.522024983563	0.319197896121	0.109138724523	0.0496383957923
-sen	0.00516795865633	0.00645994832044	0.426356589147	0.562015503876
-icó	0.0	0.986348122867	0.0	0.0136518771331
-sur	0.0176069868995	0.561292576419	0.148192139738	0.272908296943
-nca	0.454094292804	0.269230769231	0.233250620347	0.0434243176179
-omé	0.0	0.993243243243	0.0	0.00675675675675
-sel	0.228982399714	0.08978826052	0.0288126507639	0.652416689002
-zín	0.0	1.0	0.0	0.0
-fes	0.0	0.952380952381	0.047619047619	0.0
-dio	0.0	1.0	0.0	0.0
-aña	0.0389294403893	0.931873479319	0.029197080292	0.0
-xco	0.148795465281	0.0859707132735	0.00377893245159	0.761454888994
-dis	0.0	1.0	0.0	0.0
-feo	0.0	1.0	0.0	0.0
-rní	0.0	1.0	0.0	0.0
-lem	0.041958041958	0.958041958042	0.0	0.0
-xca	0.264999261004	0.344441334721	0.121454784449	0.269104619826
-sús	0.00514851170243	0.613778132939	0.00310500976031	0.377968345598
-lta	0.0	1.0	0.0	0.0
-nno	0.0625	0.9375	0.0	0.0
-lua	0.156941649899	0.826961770624	0.0	0.0160965794769
-tiu	0.509060312597	0.278900484377	0.113163788096	0.0988754149301
-tis	0.544709748157	0.270060194858	0.0653860111134	0.119844045872
-tia	0.508430059648	0.280151651081	0.073757253442	0.137661035829
-tic	0.165863269584	0.383236794874	0.278814632571	0.172085302971
-til	0.13124248308	0.794697914643	0.0329435566517	0.0411160456249
-ail	0.0427215189873	0.465981012658	0.064082278481	0.427215189873
-tin	0.102508935138	0.142324598188	0.0353104611004	0.719856005574
-tio	0.0625	0.875	0.0	0.0625
-tih	0.587098729249	0.182199215122	0.0687282806454	0.161973774984
-mpo	0.103448275862	0.551724137931	0.310344827586	0.0344827586207
-ngo	0.0	0.820512820513	0.102564102564	0.0769230769231
-eme	0.0830769230769	0.843076923077	0.0738461538462	0.0
-íos	0.0485015342446	0.79648518514	0.0956931995973	0.0593200810178
-jas	0.0929577464789	0.907042253521	0.0	0.0
-emo	0.37138834476	0.578599412341	0.0120592556317	0.0379529872674
-uin	0.0640871138697	0.112560587118	0.0134968507893	0.809855448223
-emi	0.410433283035	0.426600560466	0.135805130416	0.0271610260832
-260	0.0	0.130718954248	0.0392156862745	0.830065359477
-oni	0.296544663425	0.581810425732	0.075078918181	0.0465659926628
-set	0.0	1.0	0.0	0.0
-cio	0.0130827536081	0.557470667636	0.414079534835	0.0153670439207
-zal	0.218232044199	0.240331491713	0.475138121547	0.0662983425414
-zah	0.534427917483	0.297114145119	0.072076530429	0.096381406969
-xto	0.348687350835	0.48245823389	0.105608591885	0.063245823389
-zar	0.0	1.0	0.0	0.0
-zas	0.509613090205	0.307461351879	0.0999766014675	0.0829489564486
-xti	0.480597583815	0.297960815444	0.108147997426	0.113293603314
-cis	0.0	1.0	0.0	0.0
-iqu	0.235294117647	0.705882352941	0.0	0.0588235294118
-esi	0.433941618417	0.226202784671	0.0750878825475	0.264767714364
-nor	0.0	1.0	0.0	0.0
-000	0.0306916074729	0.180150435379	0.030691607473	0.758466349675
-blo	0.0293437008238	0.859606899318	0.00120336943442	0.109846030424
-rca	0.0260115606936	0.967846820809	0.0	0.00614161849711
-eta	0.0716307692308	0.898092307692	0.00516923076923	0.0251076923077
-eti	0.595499738357	0.261119832548	0.0533751962323	0.0900052328624
-eto	0.0	1.0	0.0	0.0
-etl	0.103821569261	0.722677437265	0.0445487066537	0.12895228682
-rco	0.187468508254	0.750733572424	0.00622425086695	0.0555736684549
-hco	0.316709573131	0.265720728811	0.0686503422539	0.348919355804
-soh	0.901234567901	0.0493827160494	0.0493827160494	0.0
-uyo	0.374239302314	0.554650438449	0.0481096363026	0.0230006229335
-ías	0.00962204862163	0.971335715295	0.00652684416992	0.0125153919134
-oxo	0.0502793296089	0.201117318436	0.715083798883	0.0335195530726
-atz	0.803347280335	0.165271966527	0.0313807531381	0.0
-hca	0.278203993846	0.221563666496	0.0639018309713	0.436330508687
-ebú	0.0183112919634	0.981688708037	0.0	0.0
-ría	0.00550458715597	0.812293577982	0.0155963302752	0.166605504587
-ata	0.253130002906	0.608120585199	0.0908660276863	0.0478833842088
-amá	0.0	1.0	0.0	0.0
-ato	0.219251079819	0.642807491367	0.0456570970973	0.092284331716
-atl	0.07195563878	0.75863839405	0.0351019227578	0.134304044412
-ati	0.606023933357	0.199743262249	0.0613298319181	0.132902972476
-hto	0.368210530948	0.311150562082	0.080346058046	0.240292848924
-nis	0.631253913303	0.214822972789	0.072472674934	0.0814504389743
-acu	0.478123200921	0.423143350605	0.0624640184226	0.0362694300518
-ian	0.379111416979	0.211292021929	0.0606103897115	0.34898617138
-osa	0.0290979631426	0.947623666343	0.0232783705141	0.0
-ulo	0.0449447061839	0.89631177433	0.00413964399062	0.0546038754953
-hti	0.409716781586	0.281736725912	0.254833156517	0.0537133359845
-niu	0.0766403657028	0.649765665123	0.0612978013563	0.212296167818
-oso	0.0567130946459	0.0287925257117	0.0051548033028	0.90933957634
-iah	0.483472686138	0.258887320278	0.0850950178555	0.172544975729
-nic	0.132242261687	0.0222446830173	0.00620079035003	0.839312264946
-lén	0.00724973316954	0.977928590128	0.0	0.0148216767022
-nia	0.2317395762	0.678795560949	0.0363045820267	0.0531602808248
-ena	0.00660501981506	0.984147952444	0.00132100396301	0.00792602377807
-aca	0.449404766995	0.304140892619	0.103971241379	0.142483099008
-aco	0.547643607386	0.213459292007	0.0844538578316	0.154443242775
-nih	0.18320052271	0.508346779049	0.0618942006919	0.246558497549
-ave	0.0	1.0	0.0	0.0
-nin	0.0965869638774	0.0362626369345	0.00797218936313	0.859178209825
-oma	0.158981748319	0.752161383285	0.0465898174832	0.0422670509126
-nil	0.0532353602759	0.92277123791	0.00674814426034	0.0172452575542
-ach	0.374480591872	0.0851660416878	0.292726597074	0.247626769366
-ino	0.154728089171	0.781571373663	0.028826953905	0.0348735832607
-nós	0.0	1.0	0.0	0.0
-nón	0.0227272727273	0.977272727273	0.0	0.0
-ome	0.0286255047125	0.0273527290717	0.0311716249087	0.912850141307
-fil	0.0	0.814460981496	0.185539018504	0.0
-fia	0.0	1.0	0.0	0.0
-nóc	0.0	1.0	0.0	0.0
-ias	0.292105572299	0.350003639932	0.0339381631354	0.323952624633
-lda	0.0194174757282	0.68932038835	0.291262135922	0.0
-via	0.211382113821	0.577235772358	0.195121951219	0.0162601626016
-vid	0.00368344681326	0.958477508651	0.00167429400602	0.0361647505302
-fre	0.0208877284595	0.97911227154	0.0	0.0
-ila	0.0667889908257	0.917798165138	0.00660550458715	0.00880733944955
-ilo	0.34490683313	0.568461438202	0.0600282844311	0.0266034442365
-ili	0.427437096862	0.223967794647	0.121911898627	0.226683209864
-lma	0.105944391179	0.797219558965	0.0206136145733	0.0762224352829
-oam	0.0	1.0	0.0	0.0
-ixo	0.0483870967742	0.854838709677	0.0	0.0967741935484
-igo	0.0533182389449	0.938213570164	0.00376364039611	0.00470455049514
-ebe	0.0	1.0	0.0	0.0
-lmo	0.0552486187845	0.906077348066	0.00552486187844	0.0331491712707
-ami	0.38263163036	0.355572921754	0.217837257009	0.0439581908763
-nís	0.0914285714286	0.908571428571	0.0	0.0
-amo	0.24893723994	0.0312242868299	0.0112915262904	0.70854694694
-atá	0.0	1.0	0.0	0.0
-ama	0.0	0.993208828523	0.00679117147709	0.0
-mén	0.0259897773542	0.109070432297	0.00259897773542	0.862340812614
-oas	0.0	1.0	0.0	0.0
-hih	0.720488466757	0.216417910448	0.0244233378562	0.0386702849389
-xpa	0.010667479427	0.321853093569	0.398658945443	0.268820481561
-iro	0.0212404418012	0.940101954121	0.0335598980459	0.00509770603229
-hia	0.55017035914	0.289871374774	0.068991376078	0.0909668900083
-usa	0.0687022900763	0.931297709924	0.0	0.0
-hic	0.0764331210191	0.331210191083	0.563694267516	0.0286624203821
-ira	0.0468583599574	0.940362087327	0.0	0.0127795527156
-mós	0.0	1.0	0.0	0.0
-tat	0.0	1.0	0.0	0.0
-agé	0.0653594771241	0.934640522876	0.0	0.0
-hiu	0.654038929625	0.128005596039	0.0273167069814	0.190638767355
-lon	0.270516717325	0.63829787234	0.0364741641337	0.0547112462006
-uda	0.0257842715943	0.948431456811	0.0	0.0257842715943
-epa	0.294263957448	0.236023418666	0.029082003597	0.440630620289
-epo	0.264248704663	0.59067357513	0.020725388601	0.124352331606
-ces	0.0281690140845	0.971830985916	0.0	0.0
-aná	0.0	0.988170347003	0.0	0.0118296529968
-cel	0.0711864406779	0.908474576271	0.0	0.0203389830508
-yic	0.131029684601	0.0816841888271	0.0544990723562	0.732787054216
-bén	0.0	1.0	0.0	0.0
-aní	0.0	1.0	0.0	0.0
-cea	0.0	1.0	0.0	0.0
-pia	0.659716137721	0.0680368964174	0.0311343944704	0.241112571392
-aah	0.24	0.76	0.0	0.0
-pih	0.514986376022	0.41553133515	0.0613079019073	0.00817438692097
-ius	0.245524296675	0.401534526854	0.199488491049	0.153452685422
-pil	0.0880462962359	0.808969352431	0.0762114623604	0.0267728889729
-pin	0.705401935796	0.158424568469	0.034696658295	0.10147683744
-pio	0.0	0.964285714286	0.0	0.0357142857143
-iui	0.406330228123	0.239932516687	0.0783026479865	0.275434607203
-pis	0.383461397731	0.432125869008	0.0153677277717	0.169045005488
-rés	0.0	1.0	0.0	0.0
-xin	0.346666666667	0.6	0.0266666666667	0.0266666666666
-pix	0.358439390778	0.231379094513	0.0329647402462	0.377216774463
-iud	0.0	1.0	0.0	0.0
-tés	0.0	1.0	0.0	0.0
-ace	0.0	1.0	0.0	0.0
-ues	0.113697266104	0.0164786121347	0.00409064139259	0.865733480369
-uem	0.0	1.0	0.0	0.0
-uel	0.123395174337	0.718273500155	0.134581626682	0.0237496988263
-ueo	0.0138888888889	0.918402777778	0.0	0.0677083333333
-uen	0.124953937257	0.0829247226923	0.00878743498866	0.783333905062
-ueh	0.488054615366	0.218237880603	0.0988649728149	0.194842531216
-ená	0.0	1.0	0.0	0.0
-lca	0.470588235294	0.529411764706	0.0	0.0
-sde	0.114429109159	0.177979924718	0.0207026348808	0.686888331242
-lco	0.0909090909091	0.909090909091	0.0	0.0
-ago	0.00874635568515	0.991253644315	0.0	0.0
-lás	0.0	1.0	0.0	0.0
-rte	0.109550561798	0.589887640449	0.0842696629213	0.216292134831
-rta	0.0	0.89817232376	0.0	0.10182767624
-ona	0.203173504105	0.626042970705	0.0244397113634	0.146343813826
-ego	0.0434362934363	0.163127413127	0.761583011583	0.0318532818533
-ono	0.21712907117	0.212907117008	0.0497587454765	0.520205066345
-rto	0.0	0.924812030075	0.0751879699248	0.0
-das	0.0367516301126	0.917144174406	0.000790357636832	0.045313837845
-450	0.0666666666667	0.133333333333	0.0666666666667	0.733333333333
-ana	0.424964123032	0.411552956927	0.0924740321815	0.0710088878598
-rge	0.0	0.986666666667	0.0	0.0133333333333
-ani	0.193950906532	0.64779790214	0.0743573843629	0.0838938069651
-dab	0.0	1.0	0.0	0.0
-ano	0.245440277101	0.516831736754	0.201060778265	0.0366672078801
-tam	0.0	1.0	0.0	0.0
-tah	0.414618266593	0.343231228601	0.126602207739	0.115548297067
-ase	0.221757322176	0.497907949791	0.0836820083682	0.196652719665
-tac	0.674376087269	0.0694577040434	0.0819358853091	0.174230323379
-yin	0.0478605388272	0.0576862123614	0.0754358161648	0.819017432647
-yih	0.2	0.414285714286	0.268571428571	0.117142857143
-sco	0.0642281844765	0.85497358026	0.0377058431232	0.0430923921408
-nás	0.0527666236609	0.938033041957	0.00690025078643	0.00230008359547
-sca	0.0	1.0	0.0	0.0
-zoh	0.75625	0.15	0.0375	0.05625
-aal	0.0	1.0	0.0	0.0
-tar	0.0	0.997393570808	0.0	0.00260642919201
-tas	0.384399839756	0.439211943296	0.0525098711407	0.123878345808
