-sis	0.0	1.0	0.0	0.0
-caa	0.154213036566	0.454689984102	0.352941176471	0.0381558028617
-eŋè	0.428168677339	0.435152070611	0.0439326167303	0.0927466353194
-uŋɛ	0.571428571429	0.178571428571	0.25	0.0
-msè	0.798657718121	0.161073825503	0.0	0.0402684563758
-can	0.16220675788	0.417765767812	0.029875912986	0.390151561322
-cam	0.418661033416	0.442825182056	0.0870390673048	0.0514747172234
-hem	0.32071790063	0.461729663389	0.0988216556118	0.118730780369
-hen	0.04074580499	0.770053950146	0.0877047445235	0.10149550034
-lek	0.0473767885533	0.413990461049	0.505564387917	0.0330683624801
-caw	0.350027143635	0.602090076629	0.0311036880135	0.0167790917227
-enù	0.653641316068	0.0706041199801	0.0114860620154	0.264268501936
-aan	0.0390292230425	0.235277918842	0.54046623659	0.185226621525
-hee	0.317624806253	0.235589442705	0.153141896001	0.29364385504
-nlɛ	0.429815247399	0.486090465067	0.0840942875345	0.0
-lem	0.193796618651	0.647193383075	0.0502660591792	0.108743939094
-aus	0.0	1.0	0.0	0.0
-auw	0.0835763120853	0.853277141006	0.0631465469088	0.0
-oyi	0.598057868922	0.202828744923	0.0680799631346	0.131033423021
-nkɛ	0.228855721393	0.721393034826	0.0497512437811	0.0
-ufe	0.202782303758	0.147209636157	0.216903098951	0.433104961134
-nso	0.941285423227	0.0142619003519	0.0155584367476	0.0288942396739
-oys	0.020618556701	0.979381443299	0.0	0.0
-nse	0.536874168681	0.335439979948	0.045540477224	0.082145374147
-biì	0.744309559939	0.158877086495	0.0330804248862	0.0637329286798
-vuŋ	0.561432368834	0.320529022137	0.037748387659	0.0802902213701
-mbe	0.417658455577	0.246609465818	0.0581234431221	0.277608635483
-naŋ	0.154185022026	0.400881057269	0.303964757709	0.140969162996
-ɛŋɛ	0.166981596456	0.023961128666	0.809057274878	0.0
-mun	0.00785340314135	0.982722513089	0.00628272251308	0.00314136125655
-nto	0.518869255308	0.0331922140209	0.00787422819181	0.440064302479
-nta	0.584615384615	0.215384615385	0.0	0.2
-utè	0.499142367067	0.295025728988	0.185248713551	0.0205831903945
-sho	0.975642398287	0.00829764453962	0.0160599571734	0.0
-nte	0.0908925368413	0.584739939699	0.0401219871199	0.28424553634
ALL	0.23193185452	0.344888118161	0.0629802516788	0.36019977564
-wma	0.108155156785	0.815763720083	0.0449541574027	0.0311269657297
-bye	0.081130134184	0.905348176785	0.0	0.0135216890307
-kfu	0.0408455181182	0.727113795296	0.199856961221	0.0321837253656
-ntu	0.640625	0.134375	0.071875	0.153125
-mvù	0.0556770661679	0.210252832434	0.0400007704391	0.694069330959
-ley	0.568069187587	0.0547958803587	0.0161662075212	0.360968724534
-bɛd	0.276923076923	0.723076923077	0.0	0.0
-nam	0.0	1.0	0.0	0.0
-góo	0.0502253702511	0.890534449453	0.0360592401803	0.0231809401159
-she	0.34052723638	0.491083920005	0.0787405321359	0.0896483114794
-ɛnɛ	0.222213191113	0.668738233057	0.0392545756308	0.0697940001987
-inɛ	0.779227258529	0.0538689133377	0.0332402040746	0.133663624059
-ɛfe	0.560934891486	0.398998330551	0.0400667779633	0.0
-dea	0.00100667502981	0.994811751769	0.00418157320076	0.0
-fɛn	0.135805031	0.0966756966374	0.0319454956456	0.735573776717
-bɛɛ	0.20809322144	0.108939941678	0.0560297035765	0.626937133306
-dee	0.0	0.959958932238	0.032340862423	0.0077002053388
-mse	0.541949071104	0.348429566031	0.0626601123538	0.0469612505114
-'ɛm	0.0	1.0	0.0	0.0
-mbɛ	0.392079207921	0.607920792079	0.0	0.0
-ɛɛd	0.0178359096314	0.967538644471	0.00927467300832	0.00535077288942
-400	0.42	0.08	0.06	0.44
-ima	0.0	0.798882681564	0.100558659218	0.100558659218
-beŋ	0.0671140939597	0.0523489932886	0.106711409396	0.773825503356
-oko	0.207692307692	0.723076923077	0.0197802197802	0.0494505494505
-des	0.0	1.0	0.0	0.0
-ime	0.45447452602	0.376421939612	0.113209019271	0.0558945150971
-kim	0.0	1.0	0.0	0.0
-dew	0.187670581165	0.632170668803	0.0351804091444	0.144978340887
-oke	0.432449628844	0.336938847649	0.0466595970308	0.183951926476
-nyɛ	0.0299800133244	0.0569620253165	0.00199866755497	0.911059293804
-'yi	0.363276873577	0.194800796474	0.124490260562	0.317432069386
-hom	0.701807228916	0.225903614458	0.0361445783132	0.0361445783132
-daa	0.0238477413437	0.944794771841	0.0131277229993	0.0182297638156
-yaŋ	0.0605766289208	0.28090777017	0.223589017983	0.434926582926
-héw	0.0852099817407	0.818928788801	0.0958612294583	0.0
-yma	0.297121634169	0.677437325905	0.00928505106779	0.0161559888579
-dɛs	0.0384615384615	0.923076923077	0.0384615384615	0.0
-eci	0.407833189411	0.491588993084	0.0686295695915	0.0319482479132
-wyɛ	0.622928659365	0.262141417154	0.0685130640624	0.0464168594189
-obo	0.520787746171	0.275711159737	0.111597374179	0.0919037199125
-lle	0.0213903743315	0.609625668449	0.24064171123	0.128342245989
-joɛ	0.569052783803	0.211858279103	0.0412147505423	0.177874186551
-oba	0.278924862553	0.205253512523	0.135125229078	0.380696395846
-ece	0.766098155238	0.0898016011138	0.0264531848242	0.117647058824
-ida	0.0119760479042	0.988023952096	0.0	0.0
-bie	0.109589041096	0.828767123288	0.0205479452055	0.041095890411
-nsè	0.45796460177	0.0110619469027	0.29203539823	0.238938053097
-uuɛ	0.555555555556	0.0888888888889	0.0	0.355555555556
-bia	0.0554187192118	0.922413793103	0.0147783251232	0.00738916256159
-ekɛ	0.520163348647	0.331212942239	0.0406408293085	0.107982879805
-dɛk	0.0271500232714	0.96198996742	0.0108600093086	0.0
-lew	0.120640606891	0.830453412004	0.0241456818741	0.0247602992309
-ecu	0.68836565097	0.249307479224	0.0124653739612	0.0498614958449
-bii	0.677684701866	0.0925561291358	0.0479650925096	0.181794076489
-eja	0.737512436952	0.250718747565	0.0	0.0117688154833
-bba	0.102564102564	0.820512820513	0.0	0.0769230769231
-uta	0.0	1.0	0.0	0.0
-ute	0.284685500905	0.233347667967	0.43320625014	0.0487605809882
-tey	0.065802948495	0.366997424534	0.378157778911	0.189041848061
-ŋcɛ	0.715582845328	0.170837116477	0.0518278314897	0.0617522067057
-ejo	0.679601803417	0.0897331693864	0.0265163356466	0.20414869155
-tee	0.79530309983	0.162983899801	0.0104669592611	0.0312460411077
-nas	0.0132110091743	0.973577981651	0.0132110091743	0.0
-owe	0.00755651307116	0.851201003248	0.086727065179	0.0545154185022
-sia	0.00513347022587	0.98613963039	0.00273785078713	0.00598904859685
-jin	0.757575757576	0.20202020202	0.040404040404	0.0
-mew	0.118684324953	0.279338993687	0.152695605743	0.449281075616
-jim	0.273370107193	0.111561015285	0.118613235556	0.496455641966
-oya	0.0314861460957	0.449622166247	0.0510075566751	0.467884130982
-iwɛ	0.0196645459803	0.88625409678	0.0929246192404	0.00115673799884
-lus	0.0448700410397	0.926538987688	0.0142270861833	0.0143638850889
-lut	0.0	1.0	0.0	0.0
-luu	0.469135802469	0.296296296296	0.0740740740741	0.16049382716
-ile	0.219594258513	0.439725709755	0.254270501318	0.0864095304139
-mea	0.0	0.965517241379	0.0344827586207	0.0
-lum	0.0523129479116	0.838986857776	0.0932387538915	0.0154614404212
-lun	0.078431372549	0.533333333333	0.324183006536	0.0640522875817
-jeŋ	0.0858828671329	0.432692307692	0.476835664336	0.00458916083916
-jiw	0.0937597032161	0.817838290894	0.0798296901668	0.00857231572261
-men	0.0	1.0	0.0	0.0
-mek	0.0	1.0	0.0	0.0
-yda	0.0057142857143	0.994285714286	0.0	0.0
-vuw	0.512620978289	0.391577295318	0.0370782108292	0.0587235155637
-kɛɛ	0.473914832637	0.357088353953	0.0464650767491	0.122531736661
-vuu	0.104782455836	0.118121894438	0.0479349809156	0.729160668811
-aya	0.00540363517275	0.992303913542	0.000327493040773	0.00196495824464
-iam	0.0451127819549	0.804511278196	0.0601503759398	0.0902255639098
-myɛ	0.516570254636	0.436124776991	0.026869222036	0.0204357463373
-ncɛ	0.598419070841	0.131947047767	0.0477843054202	0.221849575972
-ayi	0.431362866817	0.335849322799	0.196811512415	0.0359762979684
-vuy	0.142490372272	0.795892169448	0.0462130937099	0.01540436457
-geɛ	0.53195754572	0.170333657193	0.0571263420693	0.240582455018
-wuù	0.214039125431	0.599539700806	0.172612197929	0.0138089758343
-vun	0.0846897853988	0.091682423528	0.023146437664	0.800481353409
-mos	0.0251396648044	0.949720670391	0.0167597765363	0.00837988826815
-vum	0.242247240718	0.493731572102	0.227008524614	0.0370126625657
-ayy	0.198347107438	0.578512396694	0.0991735537189	0.123966942149
-yus	0.0136054421769	0.975510204082	0.00544217687074	0.00544217687075
-jen	0.163352524233	0.813540237499	0.012796438722	0.0103107995458
-wum	0.0442674569365	0.558170494536	0.332422670865	0.0651393776626
-na'	0.0906382978725	0.901702127659	0.00510638297873	0.00255319148936
-gɛɛ	0.64920590474	0.134028635018	0.055835131074	0.160930329167
-nfɛ	0.598116979429	0.254207777133	0.0496549945186	0.0980202489198
-yaà	0.571806969622	0.273094114726	0.0952942637199	0.0598046519328
-ubo	0.0711396076635	0.0638424547745	0.0383176856729	0.826700251889
-aŋɛ	0.715899400051	0.0491599216027	0.0223222968626	0.212618381484
-ɛcɛ	0.86339998062	0.0833037242804	0.03197777706	0.02131851804
-ikɛ	0.427527405603	0.416565164434	0.133982947625	0.0219244823386
-kem	0.0211314228705	0.0461104244074	0.004538969113	0.928219183609
-laɛ	0.6	0.228571428571	0.0	0.171428571429
-wtè	0.627217368282	0.176330420969	0.10325655282	0.0931956579296
-ota	0.010101010101	0.979797979798	0.010101010101	0.0
-ote	0.523925104022	0.283633841886	0.131414701803	0.0610263522885
-mɛm	0.33893129771	0.404580152672	0.18320610687	0.0732824427481
-mɛl	0.0327868852459	0.945355191257	0.0218579234973	0.0
-ɛbo	0.045259373714	0.540798658291	0.0398319758368	0.374109992158
-yéw	0.0473097430926	0.88734852157	0.0110518662143	0.0542898691226
-ocɛ	0.329254788701	0.302151192157	0.128605286675	0.239988732467
-oto	0.10147299509	0.823240589198	0.0425531914893	0.0327332242226
-ume	0.662618938729	0.236811701305	0.063222203809	0.0373471561574
-few	0.0714567676498	0.711839647192	0.00900123955617	0.207702345602
-ieɛ	0.65044795688	0.197319542574	0.0604559691165	0.0917765314299
-umm	0.0794701986755	0.112582781457	0.783112582782	0.0248344370861
-ŋyi	0.600748590221	0.280968229357	0.0716197398699	0.0466634405523
-awɛ	0.349055163795	0.339288439959	0.157074823708	0.154581572538
-ŋɛɛ	0.695107730977	0.253779977456	0.0271756733996	0.0239366181672
-olɛ	0.0710518708657	0.452326227087	0.113279684664	0.363342217383
-nan	0.210569777044	0.524360033031	0.20313790256	0.0619322873658
-bwé	0.0993990101344	0.863481027575	0.0265142587792	0.0106057035117
-kie	0.182501935627	0.681451166906	0.136046897467	0.0
-ibɛ	0.212903225806	0.76	0.0193548387097	0.00774193548388
-saɛ	0.282480760525	0.646899049344	0.0	0.0706201901313
-ake	0.421444014775	0.454320113347	0.0558676879043	0.0683681839737
-naa	0.136072749328	0.0741844540629	0.0616107626469	0.728132033962
-kio	0.0060975609756	0.957317073171	0.0365853658537	0.0
-kin	0.114971174953	0.235652680801	0.0406853435175	0.608690800728
-aka	0.0740665968481	0.817781871559	0.049083315458	0.0590682161348
-nsa	0.631290483308	0.0966616841056	0.0	0.272047832586
-sik	0.00187745349035	0.993343573989	0.0040962621608	0.000682710360129
-wcì	0.570690689962	0.251498929985	0.10354590151	0.0742644785421
-sii	0.00392787002321	0.993929655419	0.00178539546509	0.000357079093019
-nay	0.0352112676056	0.964788732394	0.0	0.0
-ɛba	0.010373113891	0.961965249066	0.0	0.0276616370427
-ees	0.0	1.0	0.0	0.0
-ɛli	0.00327332242227	0.986906710311	0.0	0.00981996726678
-maà	0.168674698795	0.397590361446	0.433734939759	0.0
-yse	0.41872199931	0.415417054168	0.123723380963	0.042137565559
-toɛ	0.558992298015	0.227131854307	0.0506305808708	0.163245266808
-ysa	0.0855614973262	0.895721925134	0.0187165775401	0.0
-weɛ	0.734233754065	0.139533628911	0.0917792192581	0.0344533977657
-gom	0.835307927296	0.0822330288207	0.0485567844618	0.0339022594215
-goo	0.0761812791754	0.783627830604	0.0341693620317	0.106021528189
-gon	0.270651722706	0.222498962225	0.469489414695	0.0373599003736
-ayì	0.740740740741	0.185185185185	0.037037037037	0.037037037037
-gog	0.0357142857143	0.946428571429	0.0178571428571	0.0
-goy	0.480281554669	0.36278754221	0.136979997608	0.0199509055131
-lɛɛ	0.569894812442	0.260567902723	0.125868590256	0.0436686945787
-lki	0.0	1.0	0.0	0.0
-kuù	0.666750503018	0.280432595573	0.0301810865191	0.0226358148893
-mon	0.00567546650615	0.994324533494	0.0	0.0
-mom	0.550920213638	0.256046316988	0.0471280533577	0.145905416016
-mol	0.0	1.0	0.0	0.0
-wuw	0.166734361307	0.245622417669	0.0341247702499	0.553518450774
-gow	0.147020067407	0.816649852186	0.0176646477533	0.018665432653
-com	0.359292035398	0.353982300885	0.286725663717	0.0
-yaw	0.131889673514	0.13844690022	0.179865187087	0.549798239178
-bey	0.038639165394	0.94369721614	0.0154556661576	0.00220795230823
-hɛl	0.049868205457	0.935171332906	0.0149604616371	0.0
-hɛm	0.0	1.0	0.0	0.0
-ewɛ	0.0	0.857142857143	0.142857142857	0.0
-bew	0.0665069322601	0.106190074618	0.0203531475938	0.806949845528
-onɛ	0.0	0.94055464638	0.0445840152152	0.0148613384051
-hɛw	0.136592611728	0.727783518471	0.114311547404	0.0213123223973
-yaa	0.212686561032	0.134161097724	0.0457481229295	0.607404218315
-wuu	0.53120132244	0.44648249992	0.0118256667832	0.0104905108561
-bem	0.0466347234051	0.160195500076	0.0818850878614	0.711284688658
-yam	0.0592503771796	0.796060659059	0.100679910089	0.0440090536721
-kêw	0.0204081632653	0.979591836735	0.0	0.0
-cow	0.0873109627013	0.0736265921239	0.0111112410672	0.827951204108
-yan	0.144961867345	0.406574994222	0.0392881904322	0.409174948001
-bee	0.295056996568	0.364507522886	0.0449184867325	0.295516993814
-ucɛ	0.52221825919	0.353585792121	0.0917264196195	0.0324695290689
-eyɛ	0.510921432892	0.28583910209	0.177834531891	0.0254049331272
-jiŋ	0.176355323318	0.766819072502	0.0568256041803	0.0
-ish	0.0	0.980392156863	0.0196078431372	0.0
-otè	0.758620689655	0.206896551724	0.0344827586207	0.0
-kuɛ	0.805668016194	0.133603238866	0.0364372469635	0.0242914979757
-ise	0.291025696343	0.482501279704	0.0409245040412	0.185548519913
-foy	0.777442961687	0.114076625054	0.0	0.108480413259
-sáa	0.0219599231403	0.708573519993	0.184005855979	0.0854607008875
-luŋ	0.44589529682	0.234433563052	0.0299842824326	0.289686857696
-ege	0.611156846823	0.114486946323	0.0424236975122	0.231932509341
-ist	0.0	0.682926829268	0.317073170732	0.0
-íɛw	0.122367589379	0.801046725352	0.0507021087468	0.0258835765215
-sán	0.0814479638009	0.850678733032	0.0497737556561	0.0180995475113
-may	0.148738379814	0.809428950863	0.00199203187251	0.0398406374502
-haa	0.547283702213	0.275653923541	0.099597585513	0.0774647887324
-bwo	0.697292609502	0.200552243864	0.0736856795391	0.0284694670947
-aké	0.186666666667	0.786666666667	0.0266666666667	0.0
-akè	0.367386714309	0.49423420497	0.0604190352444	0.0779600454767
-ŋge	0.692661866437	0.157148180458	0.0788903636109	0.0712995894941
-bwe	0.699506845282	0.176284410423	0.0382010893567	0.0860076549389
-mas	0.0297274979356	0.970272502064	0.0	0.0
-juy	0.0	0.965957446809	0.0340425531915	0.0
-ham	0.0347790083843	0.905599834386	0.0596211572301	0.0
-han	0.289332820208	0.157494548041	0.0455981993959	0.507574432355
-ya'	0.00244498777506	0.997555012225	0.0	0.0
-mam	0.0402010050251	0.959798994975	0.0	0.0
-haw	0.296512779431	0.358045443424	0.248728766064	0.0967130110798
-ŋgu	0.408061445546	0.441547358307	0.144375548301	0.00601564784589
-hay	0.392604248623	0.136113296617	0.0621557828481	0.409126671912
-teŋ	0.336128048781	0.367759146341	0.232088414634	0.0640243902439
-jun	0.0923076923077	0.846153846154	0.0615384615384	0.0
-yɛw	0.261194029851	0.503731343284	0.207089552239	0.0279850746269
-nsɛ	0.326549279671	0.153670249257	0.0827806997484	0.436999771324
-une	0.393774697963	0.461292842828	0.0637476363554	0.0811848228541
-ekè	0.714819427148	0.247820672478	0.0	0.0373599003736
-ike	0.502564959713	0.282246720951	0.0789995586121	0.136188760724
-joò	0.536937541975	0.256768937118	0.149075677777	0.0572178431304
-ufɛ	0.0243605359318	0.961023142509	0.0146163215591	0.0
-oyɛ	0.521968245439	0.370470662264	0.062029096171	0.0455319961255
-doŋ	0.143691841593	0.519151698766	0.329365938109	0.00779052153214
-ɛta	0.0223483616448	0.390435320904	0.188303308187	0.398913009265
-nla	0.217948717949	0.730769230769	0.051282051282	0.0
-nyá	0.0707732634338	0.910222804718	0.0190039318479	0.0
-nle	0.295291813428	0.662748900928	0.0192959262644	0.0226633593798
-gɛs	0.0222222222222	0.933333333333	0.0444444444444	0.0
-ada	0.0	1.0	0.0	0.0
-gan	0.045265195666	0.896222494755	0.0387379260716	0.0197743835075
-gam	0.0372650141407	0.962734985859	0.0	0.0
-ivɛ	0.108126372698	0.891873627302	0.0	0.0
-aul	0.0198205534631	0.942283362659	0.0024866578446	0.0354094260329
-laŋ	0.472698114916	0.371377285032	0.0592434055767	0.0966811944755
-gaw	0.597269624573	0.333877429886	0.0278973141416	0.0409556313993
-nyó	0.0193832599119	0.962114537445	0.0079295154185	0.0105726872247
-144	0.0916666666667	0.108333333333	0.0	0.8
-fee	0.11324431736	0.626058447582	0.207386226636	0.0533110084222
-nlu	0.802919708029	0.114355231144	0.0535279805352	0.0291970802919
-iaw	0.605042016807	0.170168067227	0.186974789916	0.0378151260504
-aaŋ	0.0539575522142	0.198794045155	0.0857017612164	0.661546641414
-lam	0.15292233787	0.763811048839	0.0544435548439	0.0288230584468
-ɛge	0.0194582220527	0.980541777947	0.0	0.0
-coy	0.108786610879	0.476987447699	0.338912133891	0.0753138075314
-gay	0.681346743813	0.252364241149	0.0292530028626	0.0370360121756
-sen	0.0	0.996407185629	0.0	0.00359281437126
-sem	0.16935483871	0.241935483871	0.588709677419	0.0
-sek	0.0	1.0	0.0	0.0
-usè	0.593019632284	0.239326893113	0.0710501713929	0.0966033032097
-tfu	0.122989386147	0.561877667141	0.279461647883	0.0356712988292
-see	0.698706766442	0.15522255586	0.0596948203969	0.0863758573004
-ɛna	0.0244044160372	0.212085996514	0.133352701917	0.630156885532
-ine	0.439481555177	0.270757307822	0.0843658727456	0.205395264256
-ɛne	0.611597085406	0.184428103472	0.0369033546355	0.167071456486
-iki	0.29373650108	0.505399568035	0.17494600432	0.0259179265659
-sey	0.574408901252	0.329624478442	0.0709318497913	0.0250347705146
-sew	0.423636758636	0.558711709754	0.0176515316098	0.0
-ɛns	0.0	1.0	0.0	0.0
-foo	0.375742154368	0.417302798982	0.14588634436	0.0610687022901
-ses	0.0317643245579	0.959628335794	0.0016566427774	0.00695069687039
-kuw	0.0767816991199	0.217473353307	0.0273151739169	0.678429773656
-kuu	0.268546729606	0.335565773183	0.122100437044	0.273787060167
-fue	0.240555783106	0.311414978418	0.40265918901	0.045370049466
-iaa	0.0524781341107	0.932944606414	0.00874635568513	0.00583090379008
-fun	0.511787819253	0.288310412574	0.157662082515	0.0422396856581
-ial	0.0149377593361	0.965145228216	0.0199170124481	0.0
-fum	0.191007455751	0.703607416696	0.0718871826483	0.0334979449041
-oom	0.0194182206759	0.801455458583	0.0186261152331	0.160500205508
-toŋ	0.48362742516	0.455974014573	0.0373979457467	0.0230006145203
-oon	0.0297789111105	0.695542175109	0.0257236121866	0.248955301594
-nen	0.341378016756	0.340002500938	0.227585344504	0.0910341378017
-fuw	0.676775350798	0.148814652818	0.0530111240834	0.1213988723
-ntɛ	0.018432083374	0.788031041199	0.193536875427	0.0
-law	0.661508334074	0.212985196108	0.0412624010363	0.0842440687824
-fus	0.0	1.0	0.0	0.0
-ias	0.0120401337793	0.981939799331	0.00602006688963	0.0
-ooy	0.695750385197	0.121195391349	0.0234546117179	0.159599611736
-sa'	0.0633831157217	0.893467179395	0.0308531568592	0.0122965480236
-kum	0.350429280246	0.589589696023	0.0233794647241	0.0366015590063
-ofa	0.0434012400354	0.926483613818	0.00708591674048	0.0230292294066
-iay	0.138230150402	0.606855543897	0.225113676111	0.0298006295908
-ŋcì	0.381582907012	0.356605476979	0.214866084863	0.0469455311465
-mte	0.561618102453	0.241891895956	0.0934590117841	0.103030989807
-ban	0.107750252816	0.396258045854	0.0259069865382	0.470084714792
-lɛŋ	0.0636262540264	0.158155300044	0.233885496914	0.544332949016
-eka	0.499404307127	0.274989929527	0.0344234145952	0.191182348752
-bam	0.0571518787496	0.92800757815	0.00126302494474	0.013577518156
-unè	0.789473684211	0.0350877192982	0.0701754385965	0.105263157895
-eke	0.231324246578	0.0967328026484	0.0376255804665	0.634317370307
-dɛɛ	0.169811320755	0.830188679245	0.0	0.0
-eki	0.0874084573589	0.561363099457	0.105244507442	0.245983935743
-noo	0.00368120217972	0.00270925738423	0.00528630548704	0.988323234949
-hon	0.0	1.0	0.0	0.0
-biɛ	0.415555555555	0.126666666667	0.0322222222222	0.425555555556
-'yɛ	0.355542845756	0.226057685711	0.373271636796	0.045127831737
-baa	0.19811264869	0.0432235161558	0.0664264576276	0.692237377526
-ecɛ	0.608391608392	0.223776223776	0.041958041958	0.125874125874
-uŋŋ	0.500860585198	0.15834767642	0.0722891566265	0.268502581755
-jon	0.0121228617491	0.9607629656	0.0125206758652	0.0145934967861
-joo	0.204718460747	0.689672371649	0.0138449315128	0.0917642360912
-wyi	0.374588554886	0.494504976999	0.0748656606917	0.0560408074239
-bay	0.342615401092	0.607154332227	0.0119952875656	0.0382349791154
-uuu	0.246542868431	0.379907330915	0.293236593513	0.0803132071405
-baw	0.264248704663	0.642487046632	0.0310880829016	0.0621761658031
-elu	0.445402298851	0.30316091954	0.0892857142857	0.162151067323
-bas	0.0259814492453	0.929330458053	0.0322169970641	0.0124710956377
-job	0.19512195122	0.658536585366	0.0487804878049	0.0975609756097
-íɛn	0.0	1.0	0.0	0.0
-ase	0.508028007937	0.107476508512	0.0376665554558	0.346828928095
-nya	0.731138533678	0.14036483937	0.0150064566281	0.113490170323
-asa	0.0	0.851351351351	0.0135135135135	0.135135135135
-aso	0.0	1.0	0.0	0.0
-imɛ	0.210206520654	0.27597662822	0.468361608976	0.0454552421488
-nyi	0.281707142762	0.428220882927	0.197992538355	0.0920794359567
-nyo	0.0402631578947	0.940789473684	0.00473684210526	0.0142105263158
-yew	0.0730932505987	0.762569085912	0.00438000169215	0.159957661797
-bɛw	0.0105793450882	0.983375314861	0.00453400503778	0.0015113350126
-mba	0.910714285714	0.0535714285714	0.0357142857143	0.0
-ɛfa	0.0885912953902	0.837496780839	0.0455833118723	0.028328611898
-bɛl	0.131926761246	0.859827816176	0.0	0.0082454225779
-bɛm	0.373846153846	0.446153846154	0.0876923076923	0.0923076923076
-bɛn	0.0712987059285	0.747108582836	0.0411495388501	0.140443172385
-fɛɛ	0.110904614313	0.0612607718098	0.0613057986676	0.76652881521
-msɛ	0.149758140441	0.779988962114	0.0382754926468	0.0319774047982
-mbi	0.20357809333	0.742134415115	0.0271437457774	0.0271437457774
-lta	0.119651921682	0.760696156635	0.0761421319797	0.0435097897026
-hiw	0.410732628189	0.492657061159	0.0691263429666	0.0274839676855
-yee	0.475609756098	0.524390243902	0.0	0.0
-mbo	0.0392156862745	0.352941176471	0.490196078431	0.117647058824
-inè	0.632879743652	0.300734269251	0.0265543948385	0.0398315922578
-kɛy	0.293706293706	0.034965034965	0.671328671329	0.0
-ɛnè	0.507692157149	0.28754583144	0.105359198972	0.0994028124392
-seè	0.510735294118	0.33	0.101323529412	0.0579411764706
-430	0.58125	0.0	0.0	0.41875
-ɛkɛ	0.861425002974	0.0817176162722	0.0227191626026	0.0341382181515
-fuy	0.174520181088	0.717410668568	0.0876049920875	0.0204641582567
-iwe	0.213969503197	0.506148548942	0.202164289228	0.0777176586326
-icɛ	0.597141275681	0.272794365035	0.0705021760602	0.0595621832232
-use	0.599158242682	0.179833913084	0.0429885378871	0.178019306346
-iɛŋ	0.518987341772	0.455696202532	0.0253164556962	0.0
-ŋoŋ	0.5	0.159090909091	0.295454545455	0.0454545454545
-uke	0.446726276226	0.211838995744	0.180788562775	0.160646165256
-mtè	0.442323334597	0.387689042204	0.0985669230638	0.0714207001347
-cóm	0.314049586777	0.685950413223	0.0	0.0
-ŋci	0.28143745323	0.526566420386	0.0988492530883	0.0931468732951
-gɛt	0.0	1.0	0.0	0.0
-gɛw	0.32908645294	0.527495109931	0.0757069964357	0.0677114406936
-aay	0.0772228907296	0.200199349346	0.394428167016	0.328149592908
-laa	0.311857132117	0.150542999105	0.02972996986	0.507869898918
-ika	0.0256111757858	0.941210710128	0.022700814901	0.0104772991851
-fɛm	0.0480736447324	0.0375042618479	0.89942038868	0.0150017047392
-iko	0.0390376758965	0.951202905129	0.00635497049478	0.00340444847934
-aat	0.0	1.0	0.0	0.0
-lan	0.0	1.0	0.0	0.0
-gɛy	0.246575342466	0.465753424658	0.205479452055	0.082191780822
-fon	0.0279302443971	0.911859095317	0.026122950306	0.0340877099797
-lak	0.13567839196	0.86432160804	0.0	0.0
-aam	0.179721030043	0.776824034335	0.00321888412018	0.0402360515021
-aal	0.0378151260504	0.779411764706	0.182773109244	0.0
-iku	0.003003003003	0.996996996997	0.0	0.0
-fos	0.0	1.0	0.0	0.0
-iks	0.0584890333063	0.795288383428	0.0877335499593	0.0584890333063
-kɛw	0.443121775879	0.228872002481	0.0241679403228	0.303838281318
-non	0.0	1.0	0.0	0.0
-fow	0.166156562286	0.779661950012	0.0325088926212	0.0216725950808
-gɛm	0.34375	0.421875	0.234375	0.0
-aad	0.0174927113703	0.895043731778	0.0874635568513	0.0
-gɛn	0.62835110586	0.052373377201	0.00786568586689	0.311409831072
-́me	0.0135746606335	0.970588235294	0.0	0.0158371040724
-lay	0.165142031777	0.765527202696	0.0534424650939	0.0158883004333
-hém	0.150917998593	0.445108049768	0.198455045961	0.205518905678
-dvù	0.423412204234	0.382316313823	0.134495641345	0.0597758405978
-dvú	0.140608282464	0.155090504997	0.0419372022464	0.662364010293
-coŋ	0.667343160341	0.28733890325	0.0120604185604	0.0332575178483
-gem	0.224798325585	0.447308941514	0.0479508871234	0.279941845777
-bom	0.225524321994	0.682424934335	0.0814724925553	0.0105782511157
-bon	0.14234710973	0.14795087176	0.0751019653607	0.634600053149
-boo	0.598011074279	0.33515435471	0.0180003333395	0.0488342376711
-cem	0.54752851711	0.0342205323194	0.114068441065	0.304182509506
-gee	0.628399885961	0.177896621125	0.0484185603351	0.145284932578
-uwe	0.265165938886	0.468975782962	0.0166161423845	0.249242135768
-bow	0.160199496958	0.146613066191	0.0593331470216	0.633854289829
-kɛm	0.0454545454545	0.954545454545	0.0	0.0
-bvú	0.172799371124	0.249660856937	0.405896801961	0.171642969979
-bvù	0.0945947810728	0.507016987042	0.0669270150551	0.33146121683
-kɛn	0.566215923961	0.187957575453	0.186979644031	0.058846856555
-myi	0.652870263381	0.16919303708	0.102604010438	0.0753326891006
-uyi	0.666520787746	0.239824945295	0.0468271334792	0.0468271334792
-dom	0.00947846181576	0.990521538184	0.0	0.0
-gew	0.0646929897905	0.887392057578	0.0269619155279	0.0209530371034
-dok	0.0	1.0	0.0	0.0
-ayɛ	0.658396934504	0.205025036707	0.0780214154956	0.0585566132929
-kɛl	0.208984375	0.767578125	0.01171875	0.01171875
-saw	0.307591037403	0.595271097179	0.0231216405169	0.0740162249014
-faa	0.31438181198	0.116182348685	0.00776251387604	0.56167332546
-sau	0.00632911392405	0.993670886076	0.0	0.0
-ton	0.498326400626	0.408182274655	0.0749694585012	0.018521866218
-too	0.748315209924	0.0744662834282	0.0375622709277	0.13965623572
-ooŋ	0.0399187040469	0.896562854923	0.0529738776974	0.0105445633331
-tom	0.522230789	0.362631714212	0.0575687483937	0.0575687483938
-fuŋ	0.184198331789	0.301747856812	0.185878127896	0.328175683503
-iaŋ	0.0695623973894	0.860875205221	0.0695623973894	0.0
-taŋ	0.219191799607	0.693348526554	0.0240230463393	0.0634366274997
-lfa	0.0172571577984	0.942476140672	0.0402667015296	0.0
-yám	0.0271839861609	0.882985295935	0.0824169034969	0.00741381440751
-saa	0.208017474024	0.208781757864	0.0616245905011	0.521576177611
-ibo	0.0857225496222	0.20994974511	0.0410354676597	0.663292237608
-ibi	0.00846660395109	0.974600188147	0.00564440263405	0.0112888052681
-'um	0.00662495399338	0.993375046007	0.0	0.0
-sad	0.0	1.0	0.0	0.0
-kiɛ	0.199820861493	0.469310316749	0.095871671688	0.234997150069
-ola	0.0220858895706	0.968098159509	0.0073619631902	0.00245398773006
-aa'	0.0605187319885	0.907780979827	0.014409221902	0.0172910662824
-kuŋ	0.586914007934	0.30321448453	0.0109763895873	0.0988951179486
-ole	0.133769689272	0.184308878205	0.107932881244	0.573988551279
-sam	0.397771952818	0.544560943644	0.0373525557012	0.0203145478375
-lon	0.16133355671	0.795443122801	0.0316635952421	0.0115597252471
-loo	0.447190974546	0.463909614851	0.0417557837679	0.0471436268347
-lom	0.238319731933	0.298175176663	0.443112249948	0.0203928414562
-iem	0.17902973893	0.106201845559	0.0421794331035	0.672588982408
-jut	0.0377358490566	0.905660377358	0.0566037735849	0.0
-ien	0.201263685445	0.721674330822	0.0241252606733	0.0529367230602
-lod	0.0164450191326	0.933719994888	0.0419413767958	0.00789360918365
-juu	0.0123569639109	0.84389078996	0.125991551951	0.0177606941775
-iee	0.232727837413	0.663520779548	0.0390861269096	0.064665256129
-umɛ	0.154707351355	0.0627633797169	0.00816609069247	0.774363178236
-boy	0.715025219007	0.228298380674	0.0285372975843	0.0281391027343
-mɛɛ	0.594582919349	0.273402738779	0.0489006004579	0.0831137414143
-loy	0.0386740331492	0.92817679558	0.0110497237569	0.0220994475138
-low	0.233179723502	0.396313364055	0.331797235023	0.0387096774193
-lot	0.00774774575915	0.976756762723	0.0154954915183	0.0
-oci	0.246270717679	0.308796983754	0.210008525217	0.234923773349
-ɛbɛ	0.0792079207921	0.920792079208	0.0	0.0
-iew	0.104717388717	0.204900331625	0.034675638015	0.655706641643
-yja	0.00138217000691	0.998617829993	0.0	0.0
-aŋè	0.410217015556	0.294027270981	0.278855386979	0.0169003264836
-beɛ	0.563131300229	0.241290164362	0.175346273125	0.0202322622837
-ewu	0.774244833069	0.213036565978	0.0127186009539	0.0
-ofɛ	0.416766467066	0.291017964072	0.261077844311	0.0311377245509
-sâw	0.84093082563	0.105514823079	0.0210392094358	0.0325151418552
-lga	0.0	1.0	0.0	0.0
-yaɛ	0.783676191246	0.0999272521521	0.0145495695752	0.101846987027
-ikè	0.528925619835	0.140495867769	0.132231404959	0.198347107438
-imi	0.1328934347	0.191175385286	0.189434360017	0.486496819997
-ewe	0.372002396487	0.303904606574	0.30812319709	0.0159697998492
-bɛŋ	0.41598119859	0.435957696827	0.0634547591069	0.0846063454759
-maw	0.315739868049	0.491046182846	0.0424128180961	0.150801131008
-húw	0.0543368887101	0.840008049909	0.0543368887101	0.0513181726705
-ewo	0.462128312175	0.392689784442	0.0715685439209	0.0736133594615
-adi	0.0	1.0	0.0	0.0
-hɛɛ	0.49877917042	0.277270238983	0.0398389410799	0.184111649517
-geè	0.666002200388	0.1368886779	0.0459955407263	0.151113580986
-lɛn	0.418222039955	0.452530589636	0.0693788659011	0.0598685045079
-baŋ	0.404641953609	0.413461539834	0.112180688307	0.0697158182502
-uuŋ	0.270352266981	0.208579133659	0.164756446991	0.356312152368
-lɛm	0.023102926937	0.964666111743	0.00649769820103	0.00573326311856
-úma	0.0895721925133	0.910427807487	0.0	0.0
-dvu	0.124874541245	0.167138621363	0.0244825313736	0.683504306019
-lɛg	0.0	1.0	0.0	0.0
-awe	0.0207187483313	0.966198536872	0.0019757569285	0.0111069578683
-gáw	0.0798004987531	0.920199501247	0.0	0.0
-lɛy	0.155791190865	0.646818923328	0.181076672104	0.0163132137031
-joŋ	0.346187223577	0.357574086483	0.243510272756	0.0527284171837
-wci	0.683854211225	0.210409947983	0.0539191747466	0.0518166660457
-bvu	0.0414149695504	0.274991181092	0.0201244334821	0.663469415875
-fɛs	0.0454545454545	0.909090909091	0.0454545454545	0.0
-aww	0.323471400395	0.326429980276	0.0532544378698	0.29684418146
-myì	0.661114923897	0.173562492985	0.0995443670235	0.0657782160948
-lɛt	0.0171835844697	0.938881114329	0.0269469847366	0.0169883164643
-wcɛ	0.434195374749	0.437949850222	0.076469408133	0.0513853668952
-stu	0.00345941866042	0.986609166935	0.00364942460957	0.00628198979472
-276	0.0	0.25	0.0	0.75
-man	0.264251579099	0.604295598021	0.101842289398	0.0296105334813
-goŋ	0.115879828326	0.44635193133	0.0	0.437768240343
-olè	0.230769230769	0.369230769231	0.307692307692	0.0923076923077
-maa	0.168697385911	0.406291537439	0.340053167922	0.0849579087284
-acɛ	0.690851681751	0.244140888829	0.0277759016615	0.037231527759
-toò	0.651360219848	0.262304632902	0.0222248893911	0.064110257859
-ŋgɛ	0.0603015075377	0.442211055276	0.497487437186	0.0
-bwɛ	0.101226256312	0.580668429911	0.0889636931955	0.229141620582
-sâ'	0.133992662307	0.758334662626	0.0789599617164	0.0287127133514
-sta	0.0	0.980665950591	0.0193340494092	0.0
-cun	0.264288074001	0.623719854642	0.0403039312851	0.0716881400727
-tio	0.0127463476811	0.969016570252	0.00451024610256	0.0137268359643
-tow	0.112678596389	0.795972911888	0.0772057049332	0.0141427867896
-eyu	0.667764189401	0.272734399498	0.0435873314519	0.0159140796488
-eyi	0.391700227631	0.469620031518	0.0626860444756	0.0759936963754
-uci	0.456205025543	0.330709886904	0.114457132743	0.0986279548105
-isɛ	0.143274672935	0.68897102032	0.0557402653636	0.112014041382
-cuy	0.362426035503	0.295857988166	0.261834319527	0.0798816568047
-cuw	0.813542193027	0.186457806973	0.0	0.0
-ocì	0.191489361702	0.510638297872	0.0425531914894	0.255319148936
-uca	0.326923076923	0.528846153846	0.0288461538462	0.115384615385
-ofe	0.190085580413	0.256731233474	0.0	0.553183186113
-iok	0.0425464359422	0.949833306874	0.00190506429592	0.00571519288776
-ŋɛn	0.167971370897	0.759790869967	0.048933709392	0.0233040497447
-ioo	0.215860972938	0.0703759987876	0.0226387102697	0.691124318004
-ion	0.0114942528736	0.942528735632	0.0459770114942	0.0
-len	0.00650406504065	0.993495934959	0.0	0.0
-mum	0.157014351192	0.0135663748041	0.00221143383083	0.827207840173
-lea	0.0	1.0	0.0	0.0
-gów	0.442953020134	0.355704697987	0.201342281879	0.0
-yte	0.559667098045	0.215610730789	0.0692597463299	0.155462424836
-lee	0.343661971831	0.619245675395	0.0210605917383	0.016031761036
-vûm	0.660714285714	0.232142857143	0.0714285714286	0.0357142857143
-muw	0.308087291399	0.469405220368	0.149764655541	0.0727428326915
-gón	0.0476148487788	0.846574376157	0.0634864650384	0.0423243100256
-mus	0.0524876981957	0.931656642974	0.0098414434117	0.00601421541826
-ios	0.0	1.0	0.0	0.0
-les	0.041958041958	0.839160839161	0.0629370629371	0.055944055944
-yo'	0.0153340041838	0.895801988374	0.0189441702935	0.0699198371491
-leu	0.0	1.0	0.0	0.0
-iot	0.00361010830325	0.996389891697	0.0	0.0
-eem	0.74874860573	0.170205159424	0.0309161734876	0.0501300613584
-ifa	0.0	1.0	0.0	0.0
-een	0.0305345014491	0.0452753257671	0.479862613659	0.444327559125
-ife	0.889000387666	0.0562418226752	0.0363638566283	0.0183939330307
-iff	0.0480769230769	0.951923076923	0.0	0.0
-ulɛ	0.0704438176376	0.880986645176	0.0241768362883	0.024392700898
-eee	0.070796460177	0.787020648968	0.046017699115	0.0961651917404
-ifi	0.163498098859	0.54752851711	0.0684410646388	0.220532319392
-cɛŋ	0.858432304038	0.141567695962	0.0	0.0
-san	0.300962505387	0.569745726189	0.0495618445626	0.0797299238616
-ŋyɛ	0.662045060659	0.223570190641	0.0467937608318	0.0675909878683
-eey	0.0483455356047	0.795492658186	0.13513845147	0.0210233547384
-ali	0.0212884866964	0.819343536508	0.125365532767	0.0340024440289
-nda	0.0316901408451	0.947183098592	0.0211267605634	0.0
-'yu	0.927777777778	0.0611111111111	0.0	0.0111111111111
-ale	0.494268994595	0.350722992792	0.0799608944125	0.0750471182014
-uwɛ	0.239575256987	0.30299390642	0.136111372542	0.321319464052
-gia	0.0	0.941176470588	0.0588235294117	0.0
-ala	0.0609677715545	0.892755486181	0.0336057295014	0.0126710127628
-ŋké	0.337025759272	0.113167810442	0.0479817644959	0.501824665791
-ŋkè	0.359584303803	0.324801078256	0.137891488632	0.177723129308
-yoy	0.0215762311014	0.931215350587	0.0405059412672	0.00670247704401
-wvu	0.0293635334999	0.0708771429946	0.0108661289008	0.888893194605
-120	0.09	0.33	0.0	0.58
-fat	0.0306546967375	0.969345303263	0.0	0.0
-mfa	0.0	1.0	0.0	0.0
-ssè	0.5625	0.34375	0.0	0.09375
-yow	0.244962256398	0.571793250504	0.160338931461	0.0229055616372
-le'	0.0487621905477	0.919729932483	0.0270067516879	0.00450112528134
-bin	0.180206267354	0.459936533122	0.13105910353	0.228798095994
-uyɛ	0.36642599278	0.277075812274	0.0839350180506	0.272563176895
-fan	0.179813664596	0.52051242236	0.251552795031	0.0481211180124
-yoo	0.402069614299	0.38231420508	0.0903104421449	0.125305738476
-yon	0.0219689688315	0.973911849513	0.0	0.00411918165591
-seŋ	0.556609740671	0.295540796964	0.13045540797	0.0173940543959
-boŋ	0.525773195876	0.103092783505	0.020618556701	0.350515463918
-waŋ	0.175803402646	0.748582230624	0.0529300567108	0.0226843100189
-lok	0.0462130937099	0.95378690629	0.0	0.0
-ncì	0.612456747405	0.19723183391	0.138408304498	0.0519031141868
-iyu	0.0	1.0	0.0	0.0
-wɛŋ	0.0793201133144	0.620396600567	0.0113314447592	0.28895184136
-soò	0.579545454546	0.409090909091	0.0113636363636	0.0
-153	0.0666666666667	0.0444444444444	0.0222222222222	0.866666666667
-yem	0.360706860707	0.405405405405	0.20893970894	0.024948024948
-elo	0.949689089881	0.0292067081213	0.0	0.0211042019974
-ɛwɛ	0.0291473916221	0.0155497702755	0.0341873419406	0.921115496162
-tuù	0.569343065693	0.343065693431	0.0875912408759	0.0
-ela	0.657831985088	0.261393640052	0.02703887972	0.0537354951398
-iya	0.0	1.0	0.0	0.0
-ele	0.259187319771	0.369633481063	0.0909348140215	0.280244385145
-leè	0.317060712201	0.575780793929	0.0251751313485	0.0819833625219
-fiɛ	0.32310845704	0.230179504698	0.243853095413	0.202858942848
-shɛ	0.21814072691	0.598651032763	0.0346738916108	0.148534348716
-ytè	0.482355952914	0.252472591528	0.214946763554	0.0502246920044
-say	0.191910499139	0.52925989673	0.214285714286	0.0645438898451
-fii	0.289611643788	0.621404428502	0.030006208181	0.0589777195282
-mme	0.13373679448	0.794600967218	0.0253307519304	0.0463314863719
-eso	0.698589458055	0.20564216778	0.0623608017817	0.033407572383
-iti	0.0	1.0	0.0	0.0
-esa	0.230942546001	0.658280135186	0.0309800976343	0.0797972211792
-ite	0.460582125285	0.407704488472	0.027522762833	0.104190623409
-aku	0.0727673649392	0.912072767365	0.0	0.0151598676957
-ese	0.162272724691	0.305998455484	0.0104839616591	0.521244858166
-ita	0.011331739266	0.976834043733	0.00540596735627	0.0064282496448
-iey	0.0156688408702	0.89199431549	0.0766680027693	0.0156688408702
-ɛya	0.0105386416862	0.987119437939	0.0	0.0023419203747
-'yì	0.575471698113	0.275943396226	0.0990566037736	0.0495283018867
-ɛye	0.305203468979	0.352901934623	0.0942294863242	0.247665110073
-faj	0.064935064935	0.909090909091	0.0	0.025974025974
-ɛyì	0.707097933513	0.199460916442	0.0377358490566	0.0557053009883
-ɛyi	0.39412476534	0.487107520153	0.0995233187323	0.0192443957743
-tew	0.150343642612	0.560996563574	0.264604810997	0.0240549828179
-keŋ	0.0338218714769	0.885005636979	0.0	0.0811724915445
-666	0.0371057513915	0.0927643784786	0.0	0.87012987013
-kaɛ	0.724832214765	0.275167785235	0.0	0.0
-fas	0.0231548480463	0.926193921852	0.0274963820549	0.0231548480463
-ɛɛɛ	0.219922598015	0.708564697964	0.0403836446239	0.0311290593976
-uda	0.0124095139607	0.987590486039	0.0	0.0
-suŋ	0.90655010129	0.0450264694815	0.0254024546771	0.0230209745512
-faw	0.0665295447043	0.743531144461	0.186638226556	0.00330108427922
-alè	0.414364640884	0.395536131497	0.120392512575	0.0697067150436
-so'	0.370253164557	0.51582278481	0.0284810126582	0.0854430379747
-fay	0.705328341166	0.175359764551	0.104024508712	0.0152873855709
-ŋyì	0.476923076923	0.332307692308	0.172307692308	0.0184615384615
-amɛ	0.30124426981	0.589390962672	0.0255402750491	0.0838244924689
-duù	0.665725047081	0.187382297552	0.0903954802259	0.0564971751412
-ŋko	0.278005611915	0.584718325059	0.0941074897475	0.0431685732787
-ŋka	0.0118132174301	0.17418923437	0.0588431962554	0.755154351945
-nɛm	0.0148075024679	0.400296150049	0.0118460019743	0.573050345508
-nɛn	0.101312666664	0.0721669573174	0.0233710104192	0.803149365599
-wvú	0.00575134555638	0.0264991771082	0.000507273665474	0.96724220367
-hua	0.0393700787402	0.944881889764	0.0	0.0157480314961
-wow	0.281762295082	0.684426229508	0.015368852459	0.0184426229508
-wvù	0.0194865071041	0.00990329215283	0.000963830584261	0.969646370159
-nje	0.0277071826148	0.187770947021	0.0041678130764	0.780354057288
-nɛw	0.0459418070444	0.095888797267	0.141006007775	0.717163387914
-aba	0.0972300734879	0.88298473714	0.0113058224986	0.00847936687392
-woo	0.0512296308617	0.518938083669	0.00313650801194	0.426695777458
-pwe	0.336918018017	0.355739671111	0.253641692387	0.0537006184845
-njo	0.624638062648	0.204790734404	0.0647538826007	0.105817320347
-a't	0.0	1.0	0.0	0.0
-ŋku	0.538812785388	0.406392694064	0.0	0.0547945205479
-hus	0.0	1.0	0.0	0.0
-cɛɛ	0.556012441202	0.343328220641	0.0366235739714	0.0640357641863
-soy	0.486486486487	0.359073359073	0.125482625483	0.0289575289575
-nci	0.0904087921957	0.853502789876	0.0277933470356	0.0282950708926
-kom	0.13452420333	0.653765575036	0.112471055243	0.099239166391
-nce	0.163662480196	0.673687575196	0.0988602025866	0.0637897420218
-koo	0.728576424544	0.147852797634	0.0518451528402	0.0717256249819
-ilɛ	0.229955855918	0.621756840432	0.127030522737	0.0212567809131
-sos	0.00366315535347	0.758867457215	0.0037816627245	0.233687724707
-los	0.0114441416894	0.977111716621	0.00490463215259	0.00653950953678
-som	0.476923076923	0.430769230769	0.0615384615385	0.0307692307692
-ɛ̂w	0.488625478927	0.345426245211	0.110632183908	0.055316091954
-elè	0.221523459582	0.611715658564	0.0798473713963	0.0869135104579
