-cac	0.35916810892	0.460943478815	0.0490673572185	0.130821055047
-caj	0.380149267243	0.38288303541	0.0550990716641	0.181868625683
-cal	0.0941213682165	0.814543701896	0.0370972843523	0.054237645535
-cas	0.419407369441	0.228067141712	0.0482150513937	0.304310437452
-car	0.0194138855505	0.902930572247	0.038827771101	0.0388277711011
-ive	0.00727465114741	0.992725348853	0.0	0.0
-rbe	0.0692520775623	0.930747922438	0.0	0.0
-caz	0.0	1.0	0.0	0.0
-cax	0.39350712647	0.539091568299	0.0249634463821	0.0424378588496
-ivo	0.0366483424954	0.828419123771	0.0199900049975	0.114942528736
-oya	0.591998119811	0.150342219322	0.0832821238251	0.174377537042
-oyo	0.165139654096	0.74643427146	0.0248785688899	0.0635475055541
-zis	0.554130162703	0.341677096371	0.023466833542	0.0807259073842
-nso	0.0666666666667	0.92	0.0	0.0133333333333
-zij	0.292046936115	0.667535853977	0.0404172099087	0.0
-ufo	0.0	1.0	0.0	0.0
-aum	0.0229980725425	0.955153758542	0.018398458034	0.00344971088137
-zic	0.560140132347	0.107434799533	0.300116776956	0.0323082911639
-nti	0.0702532648799	0.0330366199447	0.0107511649848	0.885958950191
-uez	0.396126760563	0.480633802817	0.0281690140845	0.0950704225353
-uac	0.175695391112	0.322684112754	0.226313610842	0.275306885292
-tzi	0.110339413086	0.422327608767	0.181829706638	0.285503271509
-nto	0.0642964858566	0.521988149096	0.0234580877089	0.390257277339
-nta	0.180449694423	0.1711852414	0.0329223538383	0.615442710338
-uaj	0.447276914607	0.230237669151	0.0769335263039	0.245551889938
-tza	0.184071881673	0.100708805018	0.0228855223617	0.692333790948
-ual	0.0938700788528	0.665690939082	0.132638564441	0.107800417624
-uan	0.0217061280362	0.0185203607501	0.000204266191999	0.959569245022
-cxi	0.0315087774686	0.910646750462	0.0451469050297	0.0126975670396
-uas	0.440929010771	0.235020985745	0.0615462425945	0.262503760889
-dro	0.0203084728151	0.889701612657	0.00229215268793	0.0876977618403
-pra	0.195501366407	0.712003363464	0.0483498002943	0.0441454698339
-lía	0.380422635198	0.181559903756	0.0823464310158	0.355671030031
-pre	0.00753768844223	0.957286432161	0.00753768844221	0.0276381909548
-más	0.113300831624	0.0647830672569	0.286012097809	0.535904003311
-aré	0.0	1.0	0.0	0.0
-opo	0.0	0.922794117647	0.077205882353	0.0
-tín	0.0	0.949367088608	0.0506329113923	0.0
-mán	0.0290697674419	0.593023255814	0.377906976744	0.0
-ope	0.0213178294574	0.961240310077	0.0135658914729	0.00387596899224
-opa	0.00988086364867	0.016427160051	0.000917441649406	0.972774534651
-dea	0.0179988387846	0.964389394233	0.00329011031546	0.0143216566673
-dec	0.0361173814898	0.959367945824	0.0	0.00451467268623
-deo	0.00617756074601	0.993822439254	0.0	0.0
-ima	0.447608200456	0.159453302961	0.0512528473804	0.341685649203
-des	0.0423433205192	0.830763662685	0.0444522698595	0.0824407469359
-ime	0.09067541182	0.783595914427	0.0966522352833	0.0290764384696
-imo	0.0942857142857	0.725714285714	0.0114285714286	0.168571428571
-ido	0.00429553264604	0.861111111111	0.0229095074456	0.111683848797
-lla	0.05	0.95	0.0	0.0
-ech	0.210189554507	0.753339198592	0.0196752779333	0.0167959689674
-eco	0.087822884125	0.60164860661	0.00458092458276	0.305947584682
-obo	0.00144997583374	0.991783470275	0.000966650555825	0.00579990333494
-rpo	0.0	1.0	0.0	0.0
-rpa	0.032	0.968	0.0	0.0
-eca	0.159197041992	0.189562544821	0.0126892728553	0.638551140332
-llo	0.175899096642	0.790693710585	0.0313618544401	0.00204533833304
-ida	0.0127582017011	0.983596597813	0.0	0.00364520048603
-tli	0.0785031788077	0.229016022397	0.0212690036774	0.671211795118
-bia	0.0450606585789	0.954939341421	0.0	0.0
-tla	0.0717797640293	0.164304869798	0.0473339099405	0.716581456233
-ter	0.00819672131148	0.967213114754	0.0245901639344	0.0
-tes	0.0354270273311	0.896092984668	0.0470008952551	0.0214790927456
-ria	0.0259164086007	0.940260481869	0.0129582043004	0.0208649052294
-rio	0.0138888888889	0.958333333333	0.0208333333333	0.00694444444444
-rim	0.0	1.0	0.0	0.0
-ejo	0.093023255814	0.607973421927	0.259136212625	0.0398671096346
-tea	0.0	1.0	0.0	0.0
-ris	0.0	1.0	0.0	0.0
-gre	0.424528301887	0.518867924528	0.0566037735849	0.0
-tel	0.0268817204301	0.97311827957	0.0	0.0
-teo	0.0572826258482	0.859712797854	0.00662774183368	0.0763768344642
-lux	0.00781250000002	0.9453125	0.0	0.046875
-jij	0.321491485614	0.480328831474	0.00440399295361	0.193775689959
-ara	0.0310133233039	0.0110345645125	0.00174799148222	0.956204120701
-mes	0.0	1.0	0.0	0.0
-aro	0.0719293689951	0.79979226175	0.0381719034017	0.090106465853
-jic	0.740378343118	0.193085453359	0.0	0.0665362035226
-rón	0.00604838709677	0.975806451613	0.0181451612903	0.0
-mea	0.0	1.0	0.0	0.0
-mec	0.0	1.0	0.0	0.0
-meo	0.341463414634	0.556097560976	0.0585365853658	0.0439024390244
-mei	0.0	1.0	0.0	0.0
-jis	0.355597733553	0.531638149999	0.0647556312279	0.0480084852206
-bán	0.383177570093	0.331775700935	0.116822429907	0.168224299065
-mas	0.321428885137	0.582553181771	0.0613393250848	0.034678608007
-aya	0.275920650684	0.119547647576	0.0298799081706	0.57465179357
-ayo	0.117085236195	0.716018610258	0.0516326953893	0.115263458158
-bás	0.00604534005037	0.980352644836	0.00755667506298	0.00604534005038
-xas	0.0851351351351	0.886486486487	0.0283783783784	0.0
-cti	0.536865850536	0.294755174907	0.0832219618082	0.0851570127484
-cte	0.367346938775	0.418367346939	0.0612244897959	0.15306122449
-exo	0.179640718563	0.802395209581	0.0	0.0179640718563
-dán	0.032589443854	0.880741527925	0.0203093635612	0.0663596646593
-xad	0.0	1.0	0.0	0.0
-ota	0.0	1.0	0.0	0.0
-tán	0.176287051482	0.771710868435	0.0379615184608	0.0140405616225
-ote	0.00371057513915	0.992578849722	0.0	0.00371057513915
-oti	0.550274881642	0.27273486979	0.0246117032471	0.152378545321
-otl	0.0986470409572	0.765723460121	0.0594108796076	0.0762186193138
-iji	0.360119282218	0.509593660394	0.106864665048	0.0234223923394
-oto	0.433187024429	0.409544253104	0.0516379655587	0.105630756908
-rán	0.020618556701	0.979381443299	0.0	0.0
-eví	0.0731188513693	0.867721350705	0.0279181068865	0.0312416910396
-otz	0.322580645161	0.609507640068	0.0679117147708	0.0
-umi	0.020979020979	0.853146853147	0.0	0.125874125874
-naj	0.375279150639	0.384570386717	0.143318305449	0.0968321571946
ALL	0.207721081914	0.259871592891	0.0486398892568	0.483767435939
-nan	0.314049586777	0.636363636364	0.0	0.0495867768595
-nal	0.0850655852599	0.733075690517	0.0410486275909	0.140810096633
-sis	0.481649521055	0.203187188104	0.0526860904848	0.262477200356
-aús	0.0588235294118	0.941176470588	0.0	0.0
-aúl	0.562211981567	0.41935483871	0.0184331797235	0.0
-sij	0.365052051296	0.334786772664	0.109085812615	0.191075363425
-sio	0.0	0.927272727273	0.0	0.0727272727273
-sic	0.583810762363	0.247478120277	0.0567642613617	0.111946855998
-nas	0.38018308546	0.449427111936	0.0630208858946	0.107368916709
-sia	0.0153501758874	0.977934122162	0.00191877198593	0.00479692996482
-mos	0.27693287163	0.48183061596	0.0605398439713	0.180696668439
-mor	0.0	1.0	0.0	0.0
-jco	0.120954171003	0.314330687461	0.0546261345926	0.510089006943
-jca	0.0786276658767	0.176928823307	0.0282479854843	0.716195525332
-tzo	0.153543307087	0.846456692913	0.0	0.0
-gog	0.0391304347826	0.960869565217	0.0	0.0
-aán	0.0166666666667	0.9	0.0388888888889	0.0444444444444
-moc	0.27754050383	0.0345735370311	0.0232450674247	0.664640891714
-moa	0.256603773585	0.422641509434	0.0	0.320754716981
-cos	0.436618200868	0.409064655057	0.071142511304	0.0831746327712
-gos	0.095677513356	0.756192326372	0.0713938805245	0.0767362797475
-mol	0.0	0.748148148148	0.251851851852	0.0
-col	0.330848139505	0.422172749009	0.172441192893	0.0745379185935
-yas	0.475076917488	0.168395686932	0.0410084320811	0.315518963499
-coj	0.717304340436	0.121496092573	0.0340025343298	0.127197032661
-ber	0.0	1.0	0.0	0.0
-eos	0.0327807685628	0.91263208754	0.027992085394	0.0265950585035
-eor	0.0	1.0	0.0	0.0
-coc	0.430665669409	0.125729244577	0.0584143605086	0.385190725505
-cob	0.00883392226149	0.96554770318	0.00353356890459	0.0220848056537
-cor	0.0	1.0	0.0	0.0
-bel	0.0885152349624	0.741417672145	0.0194171090311	0.150649983862
-yal	0.345794392523	0.457943925234	0.196261682243	0.0
-rla	0.0212624584717	0.883056478405	0.0956810631229	0.0
-lpi	0.680068728522	0.229725085911	0.0567010309279	0.0335051546392
-yaj	0.542458614159	0.213790016615	0.069338054118	0.174413315108
-iso	0.669709676446	0.273274499748	0.0434406276613	0.0135751961442
-reo	0.060135304435	0.908043096968	0.0273114507642	0.00451014783263
-nte	0.0114722753346	0.672402804334	0.0	0.316124920331
-ise	0.484087891724	0.292169853816	0.0757883187426	0.147953935717
-rea	0.0384415215746	0.87279996215	0.00667108251325	0.0820874337623
-isa	0.364156225344	0.114762922359	0.165205609906	0.355875242391
-eve	0.0183847669074	0.0242941562705	0.304661851609	0.652659225213
-eva	0.0855920114123	0.86305278174	0.0	0.0513552068473
-zco	0.149473684211	0.292631578947	0.372631578947	0.185263157895
-res	0.0247591690549	0.652496309073	0.140051865361	0.182692656511
-ret	0.0399882531447	0.947530713132	0.00440507072584	0.00807596299741
-dia	0.0727496917386	0.764488286067	0.0	0.162762022195
-max	0.082359769058	0.744094547538	0.0171849797247	0.15636070368
-hab	0.0305810397554	0.969418960245	0.0	0.0
-hac	0.554112554113	0.445887445887	0.0	0.0
-naí	0.108786610879	0.882845188285	0.0	0.00836820083682
-ame	0.070276319731	0.670461154961	0.0477097182492	0.211552807059
-haj	0.0754090706201	0.73549488261	0.0198502221507	0.169245824619
-mar	0.0	1.0	0.0	0.0
-hal	0.316308243728	0.35752688172	0.181003584229	0.145161290323
-ham	0.0344783330029	0.918702588771	0.012489956906	0.0343291213206
-maj	0.322120231454	0.575962533283	0.0268690892967	0.0750481459667
-mal	0.363768115942	0.576811594203	0.0246376811594	0.0347826086957
-mac	0.0513516036394	0.517540921495	0.386059511193	0.0450479636717
-xpa	0.101287773793	0.231921880838	0.0861332769658	0.580657068403
-cyo	0.0903490759753	0.909650924025	0.0	0.0
-bet	0.00321888412017	0.780042918455	0.0	0.216738197425
-pta	0.0	1.0	0.0	0.0
-pto	0.0061099796334	0.9816700611	0.00152749490835	0.0106924643584
-666	0.0	0.0	0.0	1.0
-gad	0.0	1.0	0.0	0.0
-tra	0.0207243026134	0.953814411319	0.0165794420906	0.00888184397713
-ada	0.0	1.0	0.0	0.0
-ado	0.0789225345851	0.786451655466	0.0910556373034	0.0435701726457
-tro	0.0326319890902	0.391194233392	0.120787064095	0.455386713423
-lot	0.0205791562546	0.799353226518	0.180067617228	0.0
-gai	0.0	1.0	0.0	0.0
-adi	0.0	1.0	0.0	0.0
-cpa	0.0568763165814	0.285735780921	0.0814023472766	0.575985555221
-gau	0.0	1.0	0.0	0.0
-gar	0.142881735238	0.603890514719	0.022723360303	0.23050438974
-lam	0.0	1.0	0.0	0.0
-nor	0.0	1.0	0.0	0.0
-seo	0.00992637935314	0.966498469683	0.0198527587063	0.00372239225742
-sen	0.0669392225972	0.0510701072637	0.0612166723282	0.820773997811
-sem	0.0	1.0	0.0	0.0
-nos	0.474291372811	0.238285705483	0.0650579051997	0.222365016506
-yac	0.0858910832196	0.125606558285	0.450362451094	0.338139907401
-ino	0.00684150513112	0.887115165336	0.106043329532	0.0
-ina	0.104896843152	0.861794680587	0.0288342033308	0.00447427293065
-uis	0.480080495129	0.242830375527	0.0801652233108	0.196923906033
-sec	0.0	0.00851893667248	0.991481063328	0.0
-sea	0.0	1.0	0.0	0.0
-món	0.0273710192771	0.960060269243	0.00280145978769	0.00976725169223
-uij	0.417205640291	0.226391075645	0.0850796893382	0.271323594726
-uim	0.0	1.0	0.0	0.0
-uil	0.146743141716	0.67055727081	0.037998596836	0.144700990638
-uin	0.0780427591316	0.0489671233107	0.0291552571596	0.843834860398
-uic	0.345272961216	0.112565406531	0.455413271246	0.0867483610073
-set	0.0	1.0	0.0	0.0
-ses	0.0220820189274	0.905362776025	0.0299684542587	0.0425867507886
-ser	0.0	1.0	0.0	0.0
-blo	0.0810169091314	0.758825149873	0.00225629993047	0.157901641065
-eda	0.0555555555556	0.509259259259	0.435185185185	0.0
-dón	0.0138036809816	0.975460122699	0.0	0.010736196319
-nex	0.0815005911477	0.81291356838	0.0931782877898	0.0124075526822
-són	0.0132450331126	0.972305839856	0.0	0.0144491270319
-ena	0.106039058285	0.159886350627	0.0321494549744	0.701925136114
-nes	0.0651885850634	0.8553403859	0.0363045363573	0.0431664926797
-rso	0.00816326530612	0.991836734694	0.0	0.0
-neo	0.0	0.823529411765	0.0	0.176470588235
-nel	0.442869057548	0.301918265221	0.0417014178482	0.213511259383
-bed	0.220338983051	0.779661016949	0.0	0.0
-ias	0.00870726185639	0.987113252453	0.00417948569107	0.0
-ooz	0.0333333333333	0.966666666667	0.0	0.0
-ban	0.0504815675855	0.66522749917	0.0	0.284290933245
-hol	0.376156217883	0.465570400822	0.121274409044	0.0369989722507
-hos	0.199750506783	0.733597380321	0.0253048495244	0.0413472633713
-jon	0.127516778523	0.838926174497	0.0	0.0335570469799
-bas	0.0	1.0	0.0	0.0
-job	0.163043478261	0.804347826087	0.0326086956522	0.0
-ase	0.464046591438	0.253051523545	0.0532855790187	0.229616305998
-que	0.493479248684	0.165593938563	0.0665419088221	0.274384903931
-asa	0.0	0.857142857143	0.0	0.142857142857
-qui	0.499234815481	0.178828239874	0.0501473890319	0.271789555613
-nyo	0.131534569983	0.858347386172	0.0	0.0101180438449
-asi	0.282881530486	0.211262196931	0.316710014139	0.189146258444
-lti	0.521579019305	0.268568357057	0.0734522130767	0.136400410562
-oré	0.0	0.944700460829	0.0552995391705	0.0
-lto	0.221590909091	0.340909090909	0.352272727273	0.0852272727273
-lta	0.0846399286375	0.475863725255	0.044258414245	0.395237931863
-zor	0.0	1.0	0.0	0.0
-ras	0.0195804195804	0.963636363636	0.0	0.0167832167832
-eri	0.0	1.0	0.0	0.0
-ral	0.0332880434782	0.9296875	0.0190217391304	0.0180027173913
-ram	0.0	1.0	0.0	0.0
-uía	0.487576758443	0.211928633155	0.0515750025775	0.248919605825
-red	0.0	1.0	0.0	0.0
-ero	0.0472233589793	0.0454105019225	0.0348862663022	0.872479872796
-era	0.0	0.963906581741	0.036093418259	0.0
-uío	0.0	0.964285714286	0.0357142857143	0.0
-rac	0.0	1.0	0.0	0.0
-pox	0.156742073865	0.667615560619	0.0808150401631	0.0948273253527
-aén	0.0	0.957746478873	0.0422535211267	0.0
-por	0.0601091668726	0.10325479009	0.00579527842045	0.830840764617
-pos	0.372121994386	0.554090032683	0.0473950145767	0.0263929583543
-azo	0.333333333333	0.636363636364	0.0	0.030303030303
-pol	0.04	0.915555555556	0.0311111111111	0.0133333333333
-poc	0.01171875	0.89453125	0.0	0.09375
-aza	0.0408024481469	0.936756205372	0.0210812648759	0.0013600816049
-lac	0.287759185558	0.419963059874	0.0980122693991	0.194265485169
-lal	0.178617919441	0.527987503254	0.0376576040466	0.255736973258
-aat	0.0	1.0	0.0	0.0
-lan	0.273948075201	0.145926589078	0.547896150403	0.0322291853178
-lao	0.527272727273	0.363636363636	0.0	0.109090909091
-laj	0.219855511132	0.426294198763	0.317944893021	0.0359053970842
-aam	0.0347985347985	0.917582417582	0.03663003663	0.010989010989
-aal	0.0	1.0	0.0	0.0
-noj	0.299219807728	0.528962568303	0.0701296424362	0.101687981532
-fos	0.0	1.0	0.0	0.0
-nol	0.384204909285	0.417289220918	0.128068303095	0.0704375667022
-eón	0.0708310847275	0.868456556935	0.0485698866703	0.0121424716676
-non	0.474866610503	0.0870541982589	0.0499859590002	0.388093232238
-las	0.550916748154	0.279266113422	0.0285913006559	0.141225837767
-noc	0.135273063152	0.317715574982	0.126798265742	0.420213096124
-lax	0.0157480314961	0.952755905512	0.015748031496	0.015748031496
-aac	0.00407899656684	0.982664264591	0.00815799313369	0.00509874570855
-zto	0.338457019777	0.424858037987	0.0398962208733	0.196788721363
-dor	0.0877064756614	0.847683087268	0.00964771232276	0.0549627247478
-dos	0.104475260006	0.702804916483	0.0260794201072	0.166640403404
-fán	0.123714652956	0.741323907455	0.0	0.134961439589
-fás	0.00352319436289	0.887844979448	0.108631826189	0.0
-doc	0.0	1.0	0.0	0.0
-tía	0.383582962252	0.431214379705	0.075653733084	0.109548924959
-ges	0.0166666666667	0.916666666667	0.0666666666667	0.0
-ger	0.0	0.964285714286	0.0357142857143	0.0
-sas	0.300684638311	0.356159470696	0.0610295258633	0.28212636513
-mpo	0.0205183585313	0.960043196544	0.0	0.0194384449244
-vor	0.363575268817	0.237903225806	0.0389784946237	0.359543010753
-vos	0.0240974224364	0.957829510736	0.0129093334481	0.00516373337923
-toc	0.537401972591	0.20384015806	0.0824004437594	0.17635742559
-tol	0.0902923921113	0.849813068331	0.0123452353706	0.0475493041872
-toj	0.608136594003	0.0981964396795	0.0179088528311	0.275758113486
-mpa	0.0816465945196	0.0331580593499	0.0181524043117	0.867042941819
-sac	0.766355140187	0.214953271028	0.0	0.018691588785
-oli	0.159253607134	0.657029930811	0.102554801424	0.0811616606319
-tor	0.121495327103	0.822429906542	0.0560747663551	0.0
-tos	0.444668446201	0.192656321055	0.0419898360177	0.320685396727
-olo	0.072979139134	0.48962493048	0.0402058678527	0.397190062533
-saj	0.421956684093	0.421209858103	0.0224047796864	0.134428678118
-san	0.172187078557	0.0406695323013	0.0941206150154	0.693022774126
-sam	0.0	1.0	0.0	0.0
-lol	0.201740752254	0.614858563879	0.138638483059	0.0447622008082
-iel	0.0413119679519	0.917376064096	0.0413119679519	0.0
-ien	0.00718685831622	0.0652806297057	0.0830766598221	0.844455852156
-avo	0.0301507537688	0.939698492462	0.0301507537688	0.0
-loc	0.0285264073027	0.74468865464	0.0185421647468	0.20824277331
-oce	0.460674157303	0.387640449438	0.0	0.151685393258
-iez	0.48433048433	0.059829059829	0.0213675213675	0.434472934473
-oca	0.398093892047	0.391326438954	0.0744752205966	0.136104448402
-rom	0.0	1.0	0.0	0.0
-oco	0.442877452374	0.256184247939	0.183565538811	0.117372760876
-och	0.356806107551	0.501961837943	0.0869393300349	0.0542927244708
-ipo	0.0310880829016	0.968911917098	0.0	0.0
-ión	0.284757778653	0.666666666667	0.0406984377051	0.00787711697519
-ipa	0.1273553387	0.137407699608	0.0667922317041	0.668444729987
-húm	0.0	1.0	0.0	0.0
-ipe	0.00339238597814	0.982472672446	0.0	0.0141349415756
-noé	0.0	1.0	0.0	0.0
-rda	0.0	1.0	0.0	0.0
-rdo	0.0233160621762	0.836787564767	0.139896373057	0.0
-jto	0.621115768798	0.0415134731702	0.00460161501415	0.332769143017
-jti	0.532778407132	0.329877358026	0.100896419248	0.0364478155938
-jte	0.468271334792	0.341356673961	0.144420131291	0.0459518599563
-uen	0.0953884858086	0.023956989417	0.0191892432665	0.861465281508
-saú	0.0662139219015	0.901528013582	0.0	0.0322580645161
-sto	0.0297300043457	0.80203386123	0.00242656700131	0.165809567423
-sti	0.195488721804	0.789473684211	0.015037593985	0.0
-sta	0.0444942425142	0.0348825494675	0.017178518819	0.903444689199
-saí	0.0	1.0	0.0	0.0
-eli	0.284735024537	0.183043700667	0.0904697835464	0.441751491249
-lle	0.0127118644068	0.85593220339	0.114406779661	0.0169491525424
-cui	0.714902035215	0.199981020235	0.0682541536485	0.0168627909014
-loé	0.0113100848256	0.920829406221	0.0	0.0678605089538
-ián	0.349206349206	0.42328042328	0.037037037037	0.190476190476
-cua	0.265865464361	0.677239103037	0.0173653380199	0.0395300945821
-eyi	0.0597947215925	0.0906233009241	0.231172476031	0.618409501453
-uco	0.0	0.928571428571	0.0714285714286	0.0
-eyo	0.0984331056649	0.901566894335	0.0	0.0
-eya	0.139544974498	0.092314997503	0.00888273964976	0.759257288349
-ion	0.0	1.0	0.0	0.0
-len	0.044026796156	0.00380841002695	0.00107349875426	0.951091295063
-lea	0.00802058111381	0.973516949153	0.0125605326877	0.005901937046
-leg	0.0	1.0	0.0	0.0
-ley	0.326018808777	0.485893416928	0.156739811912	0.0313479623824
-gón	0.0161290322581	0.961538461538	0.0	0.0223325062035
-ios	0.0380576752326	0.831808452686	0.00723835750409	0.122895514578
-les	0.0	0.975247524752	0.0247524752475	0.0
-eel	0.0	1.0	0.0	0.0
-rra	0.0364325443214	0.937506980484	0.0125090280932	0.013551447101
-rro	0.137286604213	0.822768557706	0.0271054258405	0.0128394122402
-gio	0.0313315926893	0.937336814621	0.0313315926893	0.0
-alo	0.639945881955	0.280568239472	0.0368679181464	0.0426179604262
-udá	0.0	1.0	0.0	0.0
-ndo	0.0	0.966666666667	0.0333333333333	0.0
-ali	0.138824455598	0.48472838445	0.154218014228	0.222229145724
-nda	0.278782894737	0.465460526316	0.189967105263	0.0657894736842
-nde	0.0704225352112	0.718309859155	0.0422535211268	0.169014084507
-gia	0.0	0.965986394558	0.0340136054422	0.0
-ala	0.586891576891	0.250466939106	0.030327088391	0.132314395612
-yox	0.00978792822185	0.988580750408	0.0	0.00163132137031
-bre	0.0147783251232	0.985221674877	0.0	0.0
-yos	0.0	1.0	0.0	0.0
-osé	0.0510127531883	0.941785446362	0.00405101275319	0.00315078769692
-tca	0.296703296703	0.252747252747	0.351648351648	0.0989010989011
-yon	0.0726021254015	0.0936678294078	0.0121874752689	0.821542569922
-yol	0.0521719187648	0.904027587831	0.0201811147084	0.0236193786958
-yoc	0.0273229166042	0.0747373820394	0.234488892355	0.663450809001
-abí	0.0391608391608	0.843356643357	0.117482517483	0.0
-abé	0.0702509483513	0.803910125474	0.00656550919171	0.119273416983
-chi	0.07688760966	0.144239209764	0.0438408606275	0.735032319949
-cho	0.326619280481	0.463415077533	0.111799887291	0.0981657546947
-pel	0.193400849396	0.74714145704	0.0117608624633	0.0476968311009
-cha	0.370118074478	0.480018165304	0.136239782016	0.0136239782016
-loi	0.0	0.962264150943	0.0188679245283	0.0188679245283
-153	0.0842105263158	0.0421052631579	0.0421052631579	0.831578947368
-lsa	0.075008697669	0.77803548649	0.0275542154702	0.119401600371
-elo	0.637878587488	0.286205528369	0.0407353524667	0.0351805316757
-ogo	0.0	1.0	0.0	0.0
-ela	0.0	1.0	0.0	0.0
-iya	0.277181425944	0.10406892353	0.0644990986548	0.554250551872
-jpa	0.00826446280992	0.0661157024793	0.920110192837	0.00550964187328
-uda	0.0	1.0	0.0	0.0
-mij	0.507230568678	0.31101136748	0.0836427624003	0.0981153014415
-ito	0.610089877588	0.268128024726	0.0287526942942	0.0930294033918
-itl	0.0876208744427	0.823615214041	0.0399720260332	0.0487918854826
-uta	0.0166343221514	0.983365677849	0.0	0.0
-eso	0.0506958073294	0.89524076538	0.0225588401645	0.0315045871262
-iti	0.548327199033	0.258409567387	0.0570156029892	0.136247630591
-esa	0.240990677612	0.669681369139	0.0	0.0893279532489
-ite	0.0151599373389	0.856890191521	0.127949871141	0.0
-ita	0.306370404459	0.398770954023	0.113750461354	0.181108180164
-spe	0.0486223662885	0.912479740681	0.0388978930308	0.0
-fté	0.0	1.0	0.0	0.0
-spo	0.0	1.0	0.0	0.0
-fas	0.0850063302586	0.900524507144	0.0108518719479	0.0036172906493
-alí	0.0	1.0	0.0	0.0
-fat	0.0	1.0	0.0	0.0
-bro	0.0858585858585	0.90404040404	0.010101010101	0.0
-lpa	0.0332871012483	0.159500693481	0.807212205271	0.0
-hui	0.469849503813	0.107572047221	0.0666243495171	0.355954099449
-hue	0.0382873533661	0.83339675812	0.0557493014973	0.0725665870167
-hua	0.220343944604	0.56982278434	0.0457013564214	0.164131914634
-jyo	0.127232023879	0.733969404616	0.108949416342	0.0298491551623
-abo	0.0	1.0	0.0	0.0
-ron	0.477443609023	0.484962406015	0.0187969924812	0.0187969924812
-jya	0.308773653306	0.193110207576	0.0989819866557	0.399134152462
-nco	0.00982456140351	0.417076023392	0.25052631579	0.322573099415
-nce	0.1875	0.45652173913	0.258152173913	0.0978260869565
-nca	0.268316555125	0.463256333625	0.0731597256223	0.195267385627
-sos	0.563262242792	0.320407780349	0.0919382075177	0.0243917693414
-los	0.462278010847	0.452889237568	0.0407466409753	0.0440861106099
-sol	0.13768115942	0.801449275362	0.0434782608695	0.0173913043478
-oro	0.0208630393996	0.740037523452	0.228742964353	0.0103564727955
-elí	0.00682593856655	0.9795221843	0.0	0.0136518771331
-ora	0.126078176019	0.75152407376	0.00707774191721	0.115320008305
-cia	0.00792393026941	0.96117274168	0.027733755943	0.00316957210777
-soc	0.279980690987	0.348550674666	0.252856124865	0.118612509482
-lix	0.0809284818067	0.881430363865	0.0	0.0376411543288
-rut	0.0	1.0	0.0	0.0
-lis	0.334556806762	0.277482840588	0.0595664189883	0.328393933661
-ico	0.64647728548	0.217860391258	0.0235972710081	0.112065052253
-lim	0.0392156862745	0.921568627451	0.0392156862745	0.0
-omi	0.199011385511	0.552499775231	0.103482638075	0.145006201183
-lio	0.0772089182494	0.864574731627	0.0185796862097	0.0396366639142
-lij	0.391895149141	0.265622175354	0.0998794817716	0.242603193733
-oma	0.171841801378	0.658349394895	0.0809989063779	0.0888098973496
-rug	0.0	1.0	0.0	0.0
-ica	0.243278662416	0.136402164673	0.0494164790138	0.570902693897
-lic	0.235197368421	0.202302631579	0.3671875	0.1953125
-cme	0.113232486415	0.334997797033	0.200910559554	0.350859156998
-yec	0.0462555066079	0.515418502203	0.411894273128	0.0264317180617
-cmo	0.140221348478	0.0385782243581	0.0455074996359	0.775692927528
-ode	0.16339869281	0.418300653595	0.0130718954248	0.40522875817
-rna	0.0	1.0	0.0	0.0
-rno	0.0840336134453	0.820168067227	0.0806722689075	0.0151260504202
-zer	0.0	1.0	0.0	0.0
-rge	0.0	0.986842105263	0.0	0.0131578947368
-lco	0.223231924141	0.773804820229	0.0	0.00296325563018
-nio	0.0192837465565	0.980716253444	0.0	0.0
-paj	0.668941979522	0.18771331058	0.0784982935153	0.0648464163822
-apa	0.234132915315	0.25819328497	0.144271080165	0.363402719551
-pal	0.0117141741507	0.962514642718	0.0140570089809	0.0117141741507
-nza	0.0166666666667	0.983333333333	0.0	0.0
-pan	0.0111258337702	0.0183977508002	0.00621344222196	0.964262973208
-pac	0.208422555318	0.482512491078	0.26266952177	0.0463954318344
-apo	0.705804416404	0.178643533123	0.0843217665615	0.0312302839117
-aín	0.00740740740741	0.962962962963	0.0	0.0296296296296
-pas	0.534156175932	0.234056209157	0.0330367614023	0.198750853509
-sué	0.0	0.993527508091	0.0	0.00647249190937
-ini	0.183299992458	0.539931833772	0.119973279413	0.156794894357
-icó	0.0	1.0	0.0	0.0
-sur	0.0388437003486	0.460172164386	0.313737579739	0.187246555527
-ael	0.00213219616205	0.990405117271	0.00533049040512	0.00213219616205
-omé	0.0	1.0	0.0	0.0
-zín	0.103846153846	0.861538461539	0.0346153846154	0.0
-fes	0.0	0.975308641975	0.0246913580247	0.0
-dio	0.0	0.992907801418	0.00709219858155	0.0
-aña	0.0	1.0	0.0	0.0
-xco	0.229956554757	0.671614075293	0.0488390003569	0.0495903695931
-dis	0.0	1.0	0.0	0.0
-feo	0.0	1.0	0.0	0.0
-lem	0.0	1.0	0.0	0.0
-sli	0.0	1.0	0.0	0.0
-xca	0.28165577238	0.278800998369	0.0817376818959	0.357805547355
-sús	0.0171079667167	0.565085685557	0.00325328242717	0.414553065299
-nno	0.0	1.0	0.0	0.0
-ves	0.0102564102564	0.958974358974	0.0205128205128	0.0102564102564
-apá	0.034841165276	0.90484555702	0.0105401844532	0.0497730932513
-ais	0.544415336985	0.341271731365	0.100023815194	0.0142891164563
-tis	0.485215602436	0.315083333537	0.0730266996791	0.126674364348
-íaj	0.445423407172	0.307111680381	0.0924122310604	0.155052681386
-tia	0.0	1.0	0.0	0.0
-tic	0.149054416423	0.390294420742	0.30681124312	0.153839919715
-til	0.237873066161	0.561885671179	0.0512598835059	0.148981379154
-tio	0.0946372239748	0.772870662461	0.11356466877	0.018927444795
-lón	0.0	1.0	0.0	0.0
-tij	0.535145919153	0.174073009814	0.0565533250016	0.234227746031
-ngo	0.0243243243243	0.822972972973	0.0	0.152702702703
-eme	0.0826805084693	0.759300759128	0.0850747316874	0.0729440007151
-hme	0.295284646349	0.384272570443	0.267826336975	0.0526164462335
-ema	0.131728353167	0.0215691177122	0.0010473493723	0.845655179748
-emo	0.261826182618	0.432526585992	0.012834616795	0.292812614595
-emi	0.507715594979	0.291978675107	0.0880124230031	0.112293306911
-oni	0.414594468975	0.452126423425	0.0396235184755	0.0936555891239
-cio	0.0532461466605	0.765063054647	0.164876226063	0.0168145726296
-ana	0.183746572362	0.675838313531	0.0472767912839	0.0931383228235
-zal	0.139941690962	0.588921282799	0.0845481049563	0.186588921283
-zaj	0.419898679227	0.405388681168	0.0514161648033	0.123296474802
-zar	0.0	1.0	0.0	0.0
-zas	0.505899186513	0.39540600751	0.0323441925553	0.0663506134219
-xti	0.565473554499	0.165533884	0.0315574638504	0.23743509765
-cis	0.0	0.982300884956	0.0176991150442	0.0
-esi	0.358266008224	0.173151228382	0.17344050251	0.295142260884
-etz	0.330238009376	0.369771006131	0.203299675442	0.0966913090516
-000	0.0530512354938	0.297071129707	0.0	0.649877634799
-xme	0.0334821428571	0.953125	0.0133928571429	0.0
-eta	0.0129421915445	0.917169974116	0.0129421915445	0.0569456427955
-rce	0.0	0.0877192982456	0.0	0.912280701754
-ete	0.116755117513	0.841091736164	0.0115238817286	0.0306292645944
-eto	0.0131406044678	0.947437582129	0.0157687253614	0.023653088042
-etl	0.0957295470869	0.652715614487	0.0430327382804	0.208522100146
-rco	0.0657418576599	0.902895054282	0.0313630880579	0.0
-hco	0.275510204082	0.326530612245	0.30612244898	0.0918367346939
-ías	0.0318365189008	0.917707770639	0.00861999609227	0.0418357143678
-hca	0.132144954996	0.162419727107	0.0462749619773	0.65916035592
-jsi	0.537552003503	0.214801839282	0.0644374237542	0.18320873346
-ate	0.0	1.0	0.0	0.0
-ata	0.0399028912645	0.776361110977	0.00884270338656	0.174893294371
-amá	0.0	1.0	0.0	0.0
-ato	0.152625741765	0.7380775097	0.0445476857138	0.0647490628211
-atl	0.0544050621595	0.668371893141	0.0517325515073	0.225490493192
-ati	0.470683041848	0.251940791783	0.0793004955537	0.198075670815
-ose	0.424041150077	0.243746911574	0.0571328247921	0.275079113557
-nis	0.570782062359	0.242666428222	0.0758805392583	0.110670970161
-osa	0.0	1.0	0.0	0.0
-ulo	0.0559162783592	0.808417997097	0.00183332060194	0.133832403942
-hti	0.574992318042	0.25393420664	0.0581591343702	0.112914340948
-oso	0.0848484848485	0.860606060606	0.0545454545454	0.0
-nic	0.13878133279	0.401467291624	0.34970450377	0.110046871816
-lén	0.0238301120056	0.964591782468	0.000974314630549	0.0106037908958
-nia	0.0172070548925	0.774937724467	0.0215788473274	0.186276373313
-aca	0.448641191176	0.320600336159	0.062154577536	0.16860389513
-nij	0.447851654854	0.355979758767	0.137153426354	0.0590151600254
-nin	0.393220338983	0.08	0.0461016949153	0.480677966102
-ice	0.0285544318858	0.915526472338	0.0559190957763	0.0
-nil	0.197173144876	0.747703180212	0.0381625441696	0.016961130742
-ach	0.0892857142857	0.303571428571	0.607142857143	0.0
-ajo	0.0127118644068	0.987288135593	0.0	0.0
-cía	0.131147540984	0.803278688525	0.0327868852459	0.0327868852459
-aja	0.124209046168	0.53831731896	0.121865479259	0.215608155613
-nós	0.0357142857143	0.964285714286	0.0	0.0
-nón	0.0	1.0	0.0	0.0
-ría	0.010751018824	0.728818164176	0.0128080729672	0.247622744033
-ome	0.0243468526336	0.184396561852	0.0453860485761	0.745870536938
-fil	0.0	0.92899408284	0.0710059171597	0.0
-fia	0.0214285714286	0.978571428571	0.0	0.0
-iyo	0.114367773555	0.614081332634	0.215382964412	0.0561679293984
-lda	0.0206896551724	0.7	0.279310344828	0.0
-eas	0.0	0.96192893401	0.0380710659898	0.0
-vid	0.0142750987524	0.951047492406	0.000912563390562	0.0337648454508
-fre	0.0116618075802	0.98833819242	0.0	0.0
-oja	0.170350564023	0.0434229869195	0.0211320952838	0.765094353774
-lia	0.0498097544102	0.852646143203	0.051885160844	0.0456589415428
-ila	0.0649750902117	0.885676740007	0.0138174875387	0.0355306822424
-ilo	0.549745786119	0.311536776328	0.0300647049792	0.108652732574
-ili	0.416757037936	0.360301827046	0.0668152215091	0.156125913509
-lma	0.232938564365	0.691589852453	0.0259033823635	0.049568200819
-oam	0.0	1.0	0.0	0.0
-mín	0.0	1.0	0.0	0.0
-lme	0.0594483998439	0.508489781009	0.0354172961113	0.396644523036
-nía	0.528429727873	0.23181931557	0.0782285328074	0.161522423749
-igo	0.0870066088644	0.889498575153	0.00424422482266	0.0192505911599
-ebe	0.152173913043	0.665217391304	0.0	0.182608695652
-lmo	0.0	0.948051948052	0.0	0.0519480519481
-ami	0.455804153707	0.191732717969	0.110966188422	0.241496939902
-nís	0.0	1.0	0.0	0.0
-amo	0.185231969775	0.0367316713119	0.0130263123605	0.765010046552
-aón	0.0127591706539	0.987240829346	0.0	0.0
-ama	0.234167222869	0.0988471250702	0.0246572938587	0.642328358202
-oas	0.0	1.0	0.0	0.0
-hij	0.41592039801	0.408955223881	0.109452736318	0.065671641791
-iro	0.0068058076225	0.982304900181	0.00816696914703	0.002722323049
-rza	0.323102866779	0.381112984823	0.25328836425	0.0424957841484
-usa	0.04	0.96	0.0	0.0
-hic	0.180201541197	0.368701837581	0.44398340249	0.00711321873147
-ira	0.0486815415821	0.911764705882	0.00608519269776	0.0334685598377
-mós	0.0	1.0	0.0	0.0
-tat	0.0	1.0	0.0	0.0
-agé	0.0251107828656	0.974889217134	0.0	0.0
-eis	0.116100766703	0.433734939759	0.0197152245345	0.430449069003
-his	0.56866256586	0.34867242856	0.0390614861533	0.0436035194269
-jme	0.0564075240919	0.852147424018	0.0338213491475	0.0576237027428
-uza	0.0	1.0	0.0	0.0
-epe	0.129232298607	0.676445875099	0.0537284464905	0.140593379803
-zmo	0.115602263541	0.869846402587	0.0145513338723	0.0
-epa	0.0729439497423	0.0748017988823	0.0134426717026	0.838811579673
-ces	0.0	0.826666666667	0.0	0.173333333333
-aná	0.0490998363339	0.934533551555	0.0163666121113	0.0
-ros	0.18497740492	0.702806507973	0.0657726927585	0.0464433943487
-bén	0.0	1.0	0.0	0.0
-aní	0.0	1.0	0.0	0.0
-cea	0.0	1.0	0.0	0.0
-pia	0.0	0.945945945946	0.0540540540541	0.0
-pic	0.177998374053	0.271169397972	0.323370844209	0.227461383766
-pij	0.113924050633	0.753164556962	0.0949367088608	0.0379746835443
-pil	0.0789608466261	0.716518465953	0.0644818117306	0.14003887569
-pio	0.0	1.0	0.0	0.0
-pis	0.593325092707	0.252890278485	0.107976441504	0.0458081873046
-rés	0.00418994413408	0.917597765363	0.00279329608939	0.0754189944134
-piz	0.0	1.0	0.0	0.0
-iud	0.0	1.0	0.0	0.0
-tés	0.00653594771241	0.993464052288	0.0	0.0
-ace	0.0	0.63829787234	0.36170212766	0.0
-uem	0.0	1.0	0.0	0.0
-uel	0.251389403483	0.108600200185	0.119344920451	0.520665475881
-ueo	0.0573643410853	0.807751937984	0.0697674418605	0.0651162790698
-axi	0.0	0.952380952381	0.0	0.0476190476191
-axo	0.188286808976	0.617952928298	0.0262725779967	0.167487684729
-uej	0.162153803626	0.116305302176	0.0341114409277	0.68742945327
-axa	0.0137614678899	0.967889908257	0.0	0.0183486238532
-lca	0.220121755847	0.634091637296	0.132329381608	0.0134572252483
-hía	0.389369592089	0.291100123609	0.14585908529	0.173671199011
-sda	0.0	0.976744186047	0.0	0.0232558139535
-aco	0.275066091663	0.502936107494	0.030257893957	0.191739906887
-ago	0.00660501981506	0.978643769265	0.00264200792602	0.0121092029943
-lás	0.122448979592	0.877551020408	0.0	0.0
-rte	0.145508263318	0.692733819592	0.0681377527468	0.0936201643431
-one	0.0342513513783	0.85251817003	0.0108171346991	0.102413343892
-rta	0.0488061532841	0.873900561086	0.00243018190626	0.0748631037235
-ega	0.292307692308	0.153846153846	0.492307692308	0.0615384615385
-ona	0.20710098236	0.291704077321	0.0435724094222	0.457622530897
-ego	0.0507820434694	0.517232040084	0.42589207123	0.00609384521633
-rto	0.0456563094483	0.715916296766	0.211794546607	0.0266328471782
-das	0.0669028312814	0.835510896797	0.00686942700897	0.0907168449126
-dam	0.0	1.0	0.0	0.0
-ane	0.00639204545454	0.612926136364	0.0383522727272	0.342329545455
-ani	0.144805449527	0.588436289405	0.064119573619	0.202638687449
-ank	0.279069767442	0.348837209302	0.143410852713	0.228682170543
-dab	0.0	1.0	0.0	0.0
-ano	0.233757115858	0.380454869468	0.145102627562	0.240685387112
-tal	0.0754716981132	0.856603773585	0.0301886792453	0.0377358490566
-tam	0.0	1.0	0.0	0.0
-taj	0.446661817508	0.313286532247	0.117876584084	0.12217506616
-tac	0.708055865595	0.0490098947817	0.00974429074857	0.233189948875
-sco	0.00210533702937	0.985613530299	0.0122811326713	0.0
-nás	0.00712356629234	0.975067517977	0.0118726104872	0.00593630524362
-sca	0.0	1.0	0.0	0.0
-tar	0.0	1.0	0.0	0.0
-tas	0.44566385649	0.359294344212	0.0696762946887	0.12536550461
-mia	0.0404040404041	0.959595959596	0.0	0.0
-mic	0.137909843473	0.485775223223	0.319018183133	0.0572967501717
-nán	0.0	1.0	0.0	0.0
-sés	0.0825059189215	0.826068895961	0.0114435330619	0.0799816520557
-cni	0.0478714847294	0.777335586313	0.0280779900071	0.146714938951
-mil	0.0362418002709	0.403108531902	0.0119585738268	0.548691094
-min	0.163538873995	0.836461126005	0.0	0.0
-aso	0.0222469410456	0.959213941416	0.018539117538	0.0
-mis	0.326819970487	0.295081160846	0.138096409247	0.24000245942
-eno	0.17501984735	0.400201811558	0.0504798353334	0.374298505758
-eni	0.623522040544	0.215494067951	0.0520443842594	0.108939507246
-ene	0.0574293527803	0.94257064722	0.0	0.0
-pía	0.253731343284	0.655058043118	0.056384742952	0.0348258706467
-sar	0.086334891394	0.892218861699	0.00742370085235	0.0140225460544
-oel	0.143442622951	0.72131147541	0.0245901639344	0.110655737705
