-nyo	0.181880914826	0.571175078864	0.171529968454	0.0754140378548
-cas	0.041928721174	0.52536687631	0.0	0.432704402516
-iva	0.0510067114094	0.940939597315	0.00805369127517	0.0
-ive	0.0376636319726	0.962336368027	0.0	0.0
-rbe	0.00943396226414	0.990566037736	0.0	0.0
-caz	0.0	1.0	0.0	0.0
-ion	0.0533440019835	0.0495431075449	0.00845152432095	0.888661366151
-oya	0.618918918919	0.189189189189	0.155405405405	0.0364864864865
-dío	0.103411227505	0.706150953532	0.144238517325	0.0461993016385
-oyo	0.363767074047	0.549964054637	0.0215672178289	0.0647016534867
-día	0.0461254612546	0.343173431734	0.566420664207	0.0442804428044
-zis	0.622199907307	0.26927236212	0.0625675884443	0.0459601421288
-zin	0.084490101324	0.424587488637	0.120720461301	0.370201948737
-nso	0.318139534884	0.670697674419	0.0111627906977	0.0
-zij	0.593852908891	0.248079034029	0.0746432491767	0.0834248079034
-zik	0.761645493043	0.10390199637	0.0562613430127	0.0781911675741
-ufo	0.0	0.990099009901	0.00990099009901	0.0
-aum	0.0247311827957	0.939784946237	0.0182795698925	0.0172043010753
-nsa	0.0972388955582	0.527010804322	0.258703481393	0.117046818727
-zia	0.418751093231	0.515130313101	0.0514255728529	0.0146930208151
-nti	0.495457314802	0.280741192042	0.0815525154272	0.142248977729
-naj	0.127335976511	0.209830246957	0.0883382739843	0.574495502548
-tzi	0.587679621874	0.189570249006	0.0809150849956	0.141835044124
-nto	0.0382146444333	0.7758789171	0.0554627189376	0.130443719529
-nta	0.491492837776	0.165454380864	0.00851754708752	0.334535234273
-uak	0.109607158784	0.0682045412813	0.0022474691721	0.819940830763
-uaj	0.592340309452	0.2935806867	0.0838919443676	0.0301870594795
-tza	0.603060986904	0.225371628439	0.0333573065799	0.138210078077
ALL	0.217951179217	0.277790089227	0.0510997114858	0.45315902007
-uan	0.0446933270292	0.850676077862	0.00977283952702	0.094857755582
-uas	0.619850125519	0.27799795703	0.0503264163546	0.0518255010971
-pak	0.0378040672414	0.918291940707	0.0149744600591	0.0289295319921
-uaw	0.186770428016	0.536964980545	0.229571984436	0.0466926070039
-was	0.417103238532	0.192146134417	0.0666597699498	0.324090857101
-dro	0.0182326415884	0.885086794581	0.00209279016492	0.0945877736661
-wti	0.167375132837	0.268862911796	0.551540913922	0.0122210414453
-pre	0.0194647201946	0.946472019465	0.00973236009731	0.0243309002433
-nal	0.79464613128	0.08434176751	0.02200220022	0.0990099009901
-nma	0.0185348631951	0.630185348632	0.0	0.351279788173
-más	0.0863539445628	0.913646055437	0.0	0.0
-aré	0.0	1.0	0.0	0.0
-kik	0.244451592152	0.369572209714	0.0945641685429	0.291412029591
-opo	0.0	0.890160183066	0.109839816934	0.0
-tín	0.0558375634516	0.812182741117	0.121827411167	0.010152284264
-mán	0.0260869565217	0.582608695652	0.391304347826	0.0
-smo	0.292973402144	0.549027391822	0.0222310440651	0.135768161969
-ope	0.0473269062226	0.911919368975	0.0249780893953	0.0157756354075
-opa	0.0613079019073	0.933583106267	0.00204359673025	0.00306539509537
-dea	0.00923635164111	0.982351970971	0.00445324096982	0.00395843641761
-dec	0.0517057569297	0.922707889126	0.0143923240938	0.0111940298508
-deo	0.00152361604875	0.998476383951	0.0	0.0
-ima	0.0800725563379	0.725900234814	0.060842868548	0.1331843403
-der	0.053124568719	0.720202021008	0.0972993929956	0.129374017278
-des	0.0342593455766	0.865234921227	0.039211801995	0.0612939312016
-oki	0.520367183018	0.266207687894	0.110154905336	0.103270223752
-oka	0.472397071879	0.345574013582	0.0551904721611	0.126838442378
-imo	0.0505197655242	0.365322056823	0.495842143107	0.088316034546
-kis	0.528390574136	0.243483359151	0.0753241952033	0.152801871509
-ech	0.0292220510999	0.0157164155338	0.00354687623983	0.951514657127
-obo	0.0	0.998994974874	0.00100502512563	0.0
-rpo	0.0	0.92213570634	0.0	0.0778642936598
-rpa	0.101694915254	0.891041162228	0.00726392251816	0.0
-eca	0.192771084337	0.626506024096	0.120481927711	0.0602409638554
-llo	0.816326530612	0.122448979592	0.0612244897959	0.0
-aúl	0.209439528024	0.755162241888	0.0353982300885	0.0
-ida	0.00529380624669	0.994706193753	0.0	0.0
-tli	0.658142664872	0.21668909825	0.0403768506057	0.0847913862718
-bia	0.0	1.0	0.0	0.0
-kpa	0.102631174027	0.154023695953	0.0295430066164	0.713802123404
-tla	0.135603512668	0.0940278799109	0.0112953328705	0.75907327455
-tle	0.0997390551596	0.693562691038	0.066613395545	0.140084858257
-bba	0.0900473933649	0.874407582938	0.0	0.0355450236967
-tes	0.0964679073301	0.223699202431	0.0258260539309	0.654006836308
-ria	0.0185036202735	0.962188254224	0.0144810941271	0.00482703137571
-rio	0.0530887911271	0.893443888041	0.044004078207	0.00946324262515
-péj	0.666162568179	0.0510668491933	0.00690567146635	0.275864911162
-rim	0.0	1.0	0.0	0.0
-uto	0.0	0.880873593647	0.119126406353	0.0
-ejo	0.117502829121	0.335015088646	0.346142964919	0.201339117314
-ños	0.0	0.838709677419	0.161290322581	0.0
-ñor	0.0110064517447	0.930992556028	0.00462055271801	0.0533804395088
-ris	0.00639999999999	0.9936	0.0	0.0
-gre	0.0	0.963636363636	0.0363636363636	0.0
-tej	0.271527209156	0.0676197399477	0.0137998841004	0.647053166796
-tel	0.0126091173618	0.955383123181	0.023278370514	0.00872938894278
-gro	0.0468230792468	0.843923069177	0.106988218709	0.00226563286678
-ten	0.0373535312268	0.777906352956	0.0382893190655	0.146450796751
-teo	0.02269428145	0.965549671853	0.0028623418045	0.00889370489256
-lux	0.0431654676259	0.935251798561	0.0	0.021582733813
-pas	0.577444947464	0.27209881427	0.0316037109636	0.118852527303
-ara	0.0217730389892	0.0257338873066	0.00686386578842	0.945629207916
-mes	0.0	1.0	0.0	0.0
-aro	0.241621845263	0.705119043141	0.0108323616805	0.0424267499154
-iwa	0.422358694824	0.254543436639	0.067243058654	0.255854809883
-rón	0.00601805416249	0.97592778335	0.0180541624875	0.0
-jwi	0.117660317818	0.704271385101	0.0259213343852	0.152146962696
-xwi	0.075204359673	0.893188010899	0.0152588555858	0.016348773842
-mea	0.0	1.0	0.0	0.0
-mec	0.0	1.0	0.0	0.0
-meo	0.0561797752809	0.685393258427	0.202247191011	0.0561797752809
-men	0.0316195501148	0.0679930589165	0.00932332030542	0.891064070663
-mei	0.0	1.0	0.0	0.0
-mej	0.0749689597347	0.405877872435	0.105351034226	0.413802133604
-bán	0.120401337793	0.571906354515	0.307692307692	0.0
-mas	0.407187418282	0.543875378236	0.0425865740222	0.00635062945945
-aya	0.504502851355	0.255489940549	0.105624606574	0.134382601522
-ayo	0.0657274836404	0.773365877254	0.046294910852	0.114611728253
-ila	0.036850921273	0.950586264657	0.0	0.0125628140703
-fos	0.0	1.0	0.0	0.0
-bás	0.0	0.987647967061	0.00926402470407	0.00308800823469
-kua	0.549229119874	0.314343865749	0.0808372516728	0.055589762705
-plo	0.0646016395857	0.779804624221	0.0391733346424	0.116420401551
-aón	0.0235432607416	0.976456739258	0.0	0.0
-exo	0.216101694915	0.656779661017	0.127118644068	0.0
-dán	0.0415645067134	0.89877408056	0.0350262697022	0.0246351430239
-xad	0.0	1.0	0.0	0.0
-xaj	0.0	0.942315615987	0.0576843840132	0.0
-xan	0.251633071715	0.0902477788125	0.02518746193	0.632931687542
-ota	0.363149774281	0.289510276386	0.164765043144	0.182574906189
-tán	0.0	1.0	0.0	0.0
-hón	0.210332103321	0.535055350554	0.19557195572	0.0590405904059
-ote	0.0364567640856	0.954504368786	0.00361554685147	0.00542332027719
-oti	0.363780463642	0.500693481276	0.0756885278383	0.0598375272439
-otl	0.0649753194058	0.798585571951	0.100045680089	0.0363934285542
-oto	0.622683860746	0.302847585934	0.0184851018882	0.0559834514326
-rán	0.0	1.0	0.0	0.0
-eví	0.0709806157354	0.884549600912	0.0179589509692	0.0265108323831
-ako	0.442731347892	0.335423831681	0.081295186175	0.140549634252
-nak	0.692087282345	0.184483138638	0.0264491955036	0.0969803835133
-kia	0.364691887919	0.137970809826	0.0737413688966	0.423595933358
-nan	0.0498981670061	0.613713509844	0.0342837746096	0.30210454854
-aki	0.467017107135	0.358849331877	0.0778302408033	0.0963033201844
-sis	0.478097856507	0.295226204256	0.0567211181899	0.169954821047
-kij	0.471777194675	0.247247095971	0.0720805710142	0.20889513834
-kin	0.0687852035026	0.140222395096	0.0274676571917	0.76352474421
-aka	0.462074809259	0.25157507122	0.0794852635872	0.206864855934
-aús	0.0212765957447	0.978723404255	0.0	0.0
-sik	0.606237549332	0.241439631545	0.0178134084416	0.134509410682
-sij	0.356132075472	0.172506738544	0.411725067385	0.0596361185983
-kiw	0.340076951719	0.442927475073	0.07178023251	0.145215340698
-nas	0.36751546316	0.50244892243	0.0571708304733	0.0728647839365
-sia	0.140199255792	0.670067618933	0.0833833473373	0.106349777938
-mos	0.240447565766	0.630996309963	0.0196405189858	0.108915605285
-mor	0.0	1.0	0.0	0.0
-gog	0.0	0.977859778598	0.0221402214022	0.0
-aán	0.0192307692308	0.980769230769	0.0	0.0
-lko	0.204128126851	0.590832460017	0.0683464710439	0.136692942088
-moa	0.740056022409	0.194397759104	0.0386554621849	0.0268907563025
-cos	0.0552486187846	0.920325676069	0.00348938644955	0.0209363186973
-gos	0.0449881610102	0.95501183899	0.0	0.0
-mol	0.0	0.963636363636	0.0363636363636	0.0
-mok	0.40399913753	0.0319908305814	0.00862470068884	0.5553853312
-moj	0.373080397471	0.062029509184	0.0885275519421	0.476362541403
-yas	0.725568133559	0.0990004375841	0.0812809708991	0.094150457958
-ber	0.354129830765	0.60040414246	0.0151553422581	0.0303106845163
-eos	0.0120806648673	0.956851154071	0.0114797941016	0.0195883869602
-eor	0.0	1.0	0.0	0.0
-bet	0.00166527893422	0.771856786012	0.0	0.226477935054
-cob	0.0017652250662	0.996469549868	0.0	0.0017652250662
-cor	0.0	1.0	0.0	0.0
-bel	0.0360934680198	0.948437902829	0.0	0.0154686291514
-yan	0.119294040745	0.725460289792	0.114718378908	0.0405272905545
-rla	0.0	1.0	0.0	0.0
-bed	0.240740740741	0.759259259259	0.0	0.0
-yaj	0.542296050785	0.255196059778	0.0803412384836	0.122166650953
-iso	0.0225140712945	0.926829268293	0.0225140712946	0.0281425891182
-reo	0.0	0.959164908865	0.033263021256	0.00757206987939
-nte	0.092163521279	0.597369448096	0.254352477806	0.0561145528196
-rea	0.0421258878276	0.881214793044	0.0306147440607	0.0460445750673
-isa	0.407588360287	0.170077181876	0.0904275706095	0.331906887227
-ual	0.11397987583	0.732947976879	0.0386212802398	0.114450867052
-ama	0.134490526037	0.817808400689	0.0238505366371	0.0238505366371
-rey	0.078353822929	0.767443018278	0.0362382739291	0.117964884864
-eva	0.183385579937	0.797805642633	0.0	0.0188087774295
-res	0.0797189949791	0.499765133248	0.238572427687	0.181943444086
-ret	0.00740740740741	0.985608465608	0.00380952380952	0.0031746031746
-dia	0.00556844547565	0.844083526682	0.0	0.150348027842
-hab	0.0239808153477	0.976019184652	0.0	0.0
-naí	0.00342172797263	0.979469632164	0.0	0.0171086398631
-haj	0.844311377246	0.155688622754	0.0	0.0
-mar	0.0173310225303	0.975736568458	0.00346620450606	0.00346620450607
-ham	0.0391979454486	0.929162519749	0.0101613992107	0.021478135592
-han	0.0636875722668	0.743642063477	0.0207757517298	0.171894612526
-mak	0.317221464955	0.245659659947	0.0319606858455	0.405158189253
-maj	0.391610157264	0.284951666426	0.09522435435	0.228213821959
-mal	0.0143369175627	0.942652329749	0.0	0.0430107526881
-man	0.125215268667	0.258462300717	0.0662310372399	0.550091393376
-una	0.158940397351	0.682119205298	0.158940397351	0.0
-nke	0.561129434696	0.232487327225	0.0765283267221	0.129854911357
-iro	0.121315444865	0.777876609097	0.0770884293232	0.0237195167148
-nka	0.018521694392	0.227233750643	0.750128622878	0.00411593208712
-pta	0.0368098159509	0.963190184049	0.0	0.0
-pto	0.0115068493151	0.98602739726	0.0	0.00246575342466
-nko	0.184501845018	0.503522307951	0.127474002013	0.184501845018
-nki	0.30303030303	0.565656565657	0.0454545454546	0.0858585858586
-tre	0.0667596968064	0.0288604865054	0.101645999175	0.802733817513
-gad	0.0	1.0	0.0	0.0
-tra	0.0699268744887	0.526464777702	0.0340328514622	0.369575496347
-ada	0.0542799839253	0.319145144779	0.0286569729616	0.597917898334
-ado	0.152228862402	0.492954439565	0.0903761423126	0.264440555721
-tro	0.145695364238	0.759305777575	0.0337976707011	0.0612011874857
-gak	0.819444444444	0.111111111111	0.0	0.0694444444444
-gaj	0.350393332085	0.544718112006	0.098333021165	0.00655553474434
-gai	0.0	1.0	0.0	0.0
-adi	0.0	1.0	0.0	0.0
-iko	0.317231536975	0.469463342716	0.099639504004	0.113665616305
-gau	0.0	1.0	0.0	0.0
-gas	0.355125850817	0.546878493158	0.0589708372542	0.0390248187711
-gar	0.0775528233822	0.747964367224	0.040418169771	0.134064639623
-lam	0.0	1.0	0.0	0.0
-hij	0.564036392661	0.229429150365	0.0227333591458	0.183801097828
-nor	0.0	1.0	0.0	0.0
-seo	0.0402298850575	0.917771883289	0.0119363395225	0.0300618921308
-ini	0.406252237769	0.261625702156	0.0785792340928	0.253542825981
-sem	0.0	1.0	0.0	0.0
-nos	0.472040501339	0.240453919964	0.0537079738173	0.23379760488
-sek	0.0139686235086	0.231725707029	0.639064525517	0.115241143946
-sej	0.09900990099	0.594059405941	0.267326732673	0.0396039603961
-jka	0.133471251641	0.261375894404	0.0383059413475	0.566846912608
-ina	0.0160331612701	0.942124198342	0.0246363209761	0.0172063194119
-uis	0.533102626825	0.103747863782	0.0183387303628	0.34481077903
-sea	0.0384615384615	0.961538461538	0.0	0.0
-món	0.0266594711279	0.964993703904	0.00302212628171	0.00532469868681
-uik	0.284305950146	0.176732489384	0.43113712341	0.10782443706
-kni	0.0409160515125	0.665130861051	0.0538220787802	0.240131008656
-uim	0.0	1.0	0.0	0.0
-laj	0.331881299842	0.314741084437	0.027904642517	0.325472973205
-uia	0.403973509934	0.466887417218	0.0695364238411	0.0596026490067
-set	0.0	1.0	0.0	0.0
-ses	0.203748459741	0.0414478773818	0.00423976958937	0.750563893288
-ser	0.0	1.0	0.0	0.0
-ñal	0.0189174986863	0.811875985286	0.106148187073	0.0630583289543
-blo	0.0808574548986	0.747033704856	0.027140693133	0.144968147112
-eda	0.031746031746	0.650793650794	0.31746031746	0.0
-dón	0.0112097150864	0.948155067725	0.0182157870154	0.0224194301728
-nex	0.0466347393021	0.838299604036	0.103168576139	0.011897080523
-són	0.0222634508349	0.962894248609	0.00185528756958	0.012987012987
-ena	0.307250741519	0.595449867267	0.0566250555427	0.0406743356715
-ian	0.239402144932	0.13138179462	0.0320332236384	0.59718283681
-bla	0.0147710487445	0.645494830133	0.339734121123	0.0
-nes	0.113115891742	0.689798750867	0.0208188757807	0.17626648161
-iak	0.249237804878	0.538109756098	0.212652439024	0.0
-iaj	0.447721817311	0.293043057006	0.106634022517	0.152601103165
-neo	0.0	0.92380952381	0.0	0.0761904761905
-nel	0.0243068742879	0.858336498291	0.116217242689	0.00113938473224
-tka	0.408805031447	0.205220987335	0.180925303696	0.205048677522
-nej	0.0747574522086	0.0706762612495	0.000435870070415	0.854130416471
-yak	0.186947451717	0.556678165047	0.206970852452	0.0494035307841
-ias	0.476071047558	0.209085889685	0.0448960302457	0.26994703251
-tke	0.536834429597	0.298832676189	0.061854330699	0.102478563515
-kum	0.0	0.946188340807	0.0	0.0538116591928
-ooz	0.0322580645161	0.967741935484	0.0	0.0
-ñas	0.259098101266	0.65664556962	0.00712025316456	0.0771360759494
-nea	0.078431372549	0.21568627451	0.705882352941	0.0
-ban	0.0579494799405	0.790490341753	0.00148588410104	0.150074294205
-eka	0.772064987351	0.0359446783372	0.0162054972268	0.175784837085
-hoa	0.390055215992	0.398086633006	0.137449434553	0.0744087164496
-non	0.132457666435	0.1200171074	0.0151414984922	0.732383727673
-eke	0.112866817156	0.20993227991	0.0677200902934	0.609480812641
-hoj	0.409296320207	0.436410587476	0.11555842479	0.0387346675275
-eki	0.458544936769	0.111999792951	0.044676748903	0.384778521378
-eko	0.214125709375	0.636332455718	0.0831227542063	0.0664190807011
-jor	0.460698689956	0.102620087336	0.0262008733624	0.410480349345
-wyo	0.326150832517	0.572967678746	0.0440744368266	0.0568070519099
-hos	0.439788492154	0.430198620271	0.0504131604882	0.0795997270867
-jon	0.0	1.0	0.0	0.0
-kxi	0.0974823477205	0.883331810648	0.019185841632	0.0
-bas	0.0	0.927710843373	0.0722891566265	0.0
-job	0.0	1.0	0.0	0.0
-zol	0.156445449295	0.750513006402	0.0620768465159	0.030964697787
-yex	0.136363636364	0.746753246753	0.0	0.116883116883
-zon	0.522184300341	0.273037542662	0.204778156997	0.0
-que	0.0	1.0	0.0	0.0
-asa	0.0215053763441	0.876344086021	0.0376344086022	0.0645161290322
-aso	0.0120080053369	0.981987991995	0.00200133422282	0.00400266844563
-zoa	0.203883495146	0.796116504854	0.0	0.0
-asi	0.296474358974	0.403311965812	0.0929487179487	0.207264957265
-lti	0.41738381192	0.221411274346	0.0618499541547	0.299354959579
-yej	0.0853584545878	0.0337375471074	0.0073018503816	0.873602147923
-lto	0.311224489796	0.642857142857	0.015306122449	0.030612244898
-yen	0.229241844747	0.00956250165341	0.00120668233115	0.759988971268
-lta	0.0617634634153	0.678742589113	0.0100511296596	0.249442817812
-cia	0.0647849352559	0.917650422777	0.0126628814182	0.004901760549
-zor	0.0	1.0	0.0	0.0
-zos	0.736842105263	0.248120300752	0.0	0.015037593985
-iné	0.106674087473	0.0314108807569	0.00371040304253	0.858204628728
-ras	0.113544312487	0.0919887416764	0.033225784307	0.761241161529
-eri	0.0	1.0	0.0	0.0
-ral	0.451240912509	0.517005097351	0.0	0.0317539901396
-ram	0.0	1.0	0.0	0.0
-uía	0.0626160482189	0.896392150141	0.0	0.0409918016396
-red	0.0	1.0	0.0	0.0
-ero	0.0345364527915	0.0543470034187	0.0124582786848	0.898658265105
-xoj	0.135922330097	0.0970873786408	0.0873786407767	0.679611650485
-era	0.162399523668	0.0988389401608	0.486454301876	0.252307234296
-iwi	0.42112440868	0.274585543317	0.206250072644	0.0980399753593
-rac	0.0	1.0	0.0	0.0
-aén	0.051724137931	0.870689655172	0.0258620689655	0.051724137931
-por	0.0591745784893	0.0588723342129	0.00280788664207	0.879145200656
-pos	0.436611255758	0.539927326829	0.0234614174129	0.0
-ata	0.163433559651	0.77352085354	0.0436469447139	0.019398642095
-poj	0.594218042494	0.239637756879	0.0428422152559	0.123301985371
-poa	0.449234147245	0.34504378191	0.0776963572392	0.128025713605
-aza	0.0	0.873067010309	0.115979381443	0.0109536082474
-ika	0.0651286751283	0.0248004713658	0.0323734934461	0.87769736006
-lac	0.217403239089	0.782596760911	0.0	0.0
-lal	0.107429214629	0.825791895173	0.0270295507946	0.0397493394038
-aat	0.0	1.0	0.0	0.0
-lan	0.113119594181	0.169554474716	0.0149820218669	0.702343909236
-lao	0.375	0.625	0.0	0.0
-iki	0.602223343532	0.189829156628	0.0861745515329	0.121772948308
-lak	0.695055106109	0.215075038105	0.0398053699144	0.0500644858717
-aam	0.0108813928183	0.989118607182	0.0	0.0
-aal	0.0	1.0	0.0	0.0
-noj	0.110491998519	0.760785718604	0.0484947053466	0.0802275775305
-law	0.678111587983	0.231759656652	0.0643776824034	0.0257510729614
-eón	0.0608324439701	0.913553895411	0.0128068303095	0.0128068303095
-aak	0.775757575758	0.224242424242	0.0	0.0
-las	0.290545837025	0.559643035712	0.050966931123	0.0988441961405
-noa	0.408299497927	0.423610805164	0.0580728021266	0.110016894782
-noc	0.031380753138	0.968619246862	0.0	0.0
-lax	0.087723110802	0.772325567918	0.139951321279	0.0
-aac	0.00215439856374	0.993536804309	0.00430879712747	0.0
-ujo	0.306233062331	0.444444444444	0.168021680217	0.0813008130082
-dor	0.0659544159544	0.832193732194	0.03400997151	0.0678418803419
-dos	0.13672922252	0.839142091153	0.0	0.0241286863271
-gel	0.0103796608075	0.935003552562	0.00920577059714	0.0454110160329
-fán	0.0	0.906784049715	0.0932159502849	0.0
-fás	0.00425833924769	0.984386089425	0.00709723207947	0.00425833924769
-doc	0.0	1.0	0.0	0.0
-ges	0.037037037037	0.925925925926	0.037037037037	0.0
-yáj	0.811275343006	0.0158279055221	0.00169973212222	0.17119701935
-sas	0.464246450935	0.31258066058	0.0572152382774	0.165957650208
-ión	0.103968049472	0.777452117152	0.0161040968822	0.102475736494
-vor	0.360655737705	0.606557377049	0.0	0.0327868852459
-vos	0.021582733813	0.978417266187	0.0	0.0
-mia	0.510206094073	0.242283798442	0.0780988068238	0.169411300661
-toa	0.486650698136	0.379272068704	0.043816089268	0.0902611438921
-ton	0.182406920472	0.689784148856	0.0595614434197	0.0682474872516
-tol	0.142616204832	0.589179122354	0.0355663895794	0.232638283234
-toj	0.531978174913	0.0997893244854	0.0974078532394	0.270824647362
-tok	0.395399634058	0.35612372661	0.161392152122	0.0870844872104
-mpa	0.139202044846	0.0431595725278	0.00848494780832	0.809153434818
-oli	0.424473386658	0.350391557435	0.200510909167	0.0246241467398
-ibo	0.142560793954	0.719630438557	0.0285121587908	0.109296608698
-tor	0.0	0.962962962963	0.0	0.037037037037
-tos	0.465752371973	0.195337470786	0.0600305792243	0.278879578017
-olo	0.106184565474	0.449176459855	0.0284763267606	0.416162647911
-sak	0.615384615385	0.165680473373	0.0	0.218934911242
-saj	0.496701590997	0.243176820592	0.227525546501	0.0325960419092
-ole	0.207833491154	0.613241444642	0.0713006324029	0.107624431801
-sam	0.0	1.0	0.0	0.0
-lon	0.550314465409	0.449685534591	0.0	0.0
-iek	0.0967512631435	0.0677189791149	0.393451776026	0.442077981716
-loj	0.57044000121	0.268738194873	0.0978873048594	0.0629344990574
-iel	0.0754795230689	0.924520476931	0.0	0.0
-loi	0.0	0.980392156863	0.0196078431373	0.0
-uío	0.0	1.0	0.0	0.0
-oko	0.453438428858	0.190401344559	0.221517608428	0.134642618155
-loa	0.497565881372	0.320305344263	0.0884238584835	0.0937049158815
-roa	0.481756913036	0.369162839816	0.0639396093861	0.0851406377615
-rom	0.0	1.0	0.0	0.0
-lot	0.0204166666667	0.829375	0.150208333333	0.0
-lor	0.0942408376963	0.497382198953	0.408376963351	0.0
-los	0.390719504683	0.491954334174	0.0438466140647	0.0734795470785
-roj	0.384989090278	0.378305132465	0.095009046893	0.141696730365
-hak	0.66218487395	0.196638655462	0.131092436975	0.0100840336134
-ipo	0.0103270223752	0.989672977625	0.0	0.0
-mpo	0.0583936142617	0.797895155429	0.0389873532346	0.104723877074
-ipa	0.12782886514	0.188542983622	0.0289955300059	0.654632621232
-húm	0.0	1.0	0.0	0.0
-ipe	0.00537833827893	0.962908011869	0.0	0.0317136498516
-noé	0.0144115292234	0.980784627702	0.0	0.00480384307446
-hke	0.284552845528	0.276422764228	0.146341463415	0.292682926829
-maw	0.217091660923	0.398690558236	0.26016540317	0.124052377671
-ewa	0.445879703792	0.302722388302	0.069952618155	0.181445289752
-hka	0.0843150721117	0.623434941096	0.267526018279	0.0247239685139
-rdo	0.0373670504816	0.888840084084	0.0343550967904	0.0394377686443
-ewi	0.488817195019	0.29286993677	0.0711797837675	0.147133084443
-awi	0.41325484381	0.176386152321	0.0813299728396	0.329029031029
-xke	0.239442725913	0.596715769278	0.0875095009015	0.0763320039079
-xka	0.355794417	0.327794551951	0.108099798235	0.208311232814
-xko	0.0535679741463	0.355617762302	0.0631354223168	0.527678841235
-awa	0.529439619178	0.266529321681	0.12763541716	0.076395641981
-zka	0.597051597052	0.358722358722	0.0	0.044226044226
-jto	0.553719165446	0.292322029708	0.0943342399057	0.0596245649404
-jti	0.469429219429	0.18848043848	0.242392742393	0.0996975996975
-zke	0.800436460357	0.0911035711454	0.0199990812331	0.0884608872645
-zki	0.805693883304	0.170628582167	0.0157850230198	0.0078925115099
-jta	0.597940181773	0.11180148648	0.0165533120407	0.273705019706
-ido	0.0	0.870229007634	0.0458015267176	0.0839694656488
-saú	0.0242424242424	0.917171717172	0.0	0.0585858585858
-pke	0.763842325825	0.0515845992667	0.0121005762179	0.17247249869
-wke	0.0972072211078	0.0225273877488	0.880265391143	0.0
-sto	0.0357737365188	0.842002865715	0.00368284868267	0.118540549084
-ste	0.0779220779221	0.623376623377	0.220779220779	0.0779220779221
-sta	0.0724398673395	0.0282276833261	0.0298744094452	0.869458039889
-saí	0.0	1.0	0.0	0.0
-eli	0.371102782207	0.140404183744	0.151631509971	0.336861524078
-loé	0.00512820512821	0.936752136752	0.0	0.0581196581196
-ián	0.0740740740741	0.851851851852	0.0740740740741	0.0
-cua	0.00438222763238	0.976628119294	0.0	0.0189896530736
-eyi	0.0367952068238	0.290556297896	0.368920910918	0.303727584362
-uco	0.0	0.484126984127	0.515873015873	0.0
-eyo	0.0149061429226	0.964767298547	0.00542041560821	0.0149061429226
-eya	0.0	0.914407988588	0.0855920114123	0.0
-tik	0.121430802517	0.195099884777	0.120073532265	0.56339578044
-lej	0.0578529478189	0.0335768249309	0.00261975227275	0.905950474978
-car	0.0	1.0	0.0	0.0
-lem	0.0181818181818	0.981818181818	0.0	0.0
-len	0.3125	0.5	0.125	0.0625
-lea	0.00931653871953	0.972795706939	0.011925169561	0.0059625847805
-leg	0.0	1.0	0.0	0.0
-wiw	0.210970464135	0.544303797468	0.0717299578059	0.172995780591
-bro	0.0559291564019	0.918325676366	0.00976540826065	0.015979758972
-ios	0.125401794103	0.74335561675	0.00818316670353	0.123059422444
-ior	0.143709501508	0.155706678642	0.664656444473	0.0359273753769
-les	0.0	0.962546816479	0.0280898876404	0.00936329588013
-eel	0.0	1.0	0.0	0.0
-rra	0.0512853736913	0.940551466777	0.00660827200166	0.0015548875298
-gún	0.853754940711	0.0770750988143	0.00790513833991	0.0612648221344
-rre	0.016257644964	0.983742355036	0.0	0.0
-rro	0.104627126729	0.846795993004	0.0438066465257	0.00477023374145
-san	0.13690518968	0.0295018269267	0.0760131197748	0.757579863619
-gio	0.0336448598131	0.966355140187	0.0	0.0
-alo	0.130128320983	0.842761612145	0.0108440267486	0.0162660401229
-udá	0.0	1.0	0.0	0.0
-ndo	0.0	1.0	0.0	0.0
-ali	0.596355410331	0.338293326631	0.0246323991454	0.0407188638934
-nda	0.167255133289	0.796014327636	0.0177093670541	0.0190211720211
-ale	0.111101585571	0.40446689809	0.2239273257	0.26050419064
-gia	0.0	0.964580873672	0.0354191263282	0.0
-ala	0.0110107905748	0.970931512883	0.0167364016736	0.00132129486897
-bre	0.0729341586763	0.55556749424	0.329799864741	0.0416984823426
-osé	0.0484826325411	0.938500914077	0.00468007312614	0.00833638025593
-lol	0.295980511571	0.538367844093	0.05359317905	0.112058465286
-yok	0.0846982903493	0.887068946201	0.0141163817249	0.0141163817249
-yoj	0.0686105425319	0.727414449719	0.157137552515	0.046837455234
-yon	0.141615637062	0.0123001264176	0.00600685627301	0.840077380248
-yol	0.142661179698	0.857338820302	0.0	0.0
-abí	0.448275862069	0.310344827586	0.0	0.241379310345
-abé	0.0456111407637	0.827793682372	0.00388179921393	0.122713377651
-chi	0.0960354257892	0.123726070365	0.141660459695	0.63857804415
-jke	0.699138699139	0.111375111375	0.0273240273241	0.162162162162
-cho	0.287049399199	0.52870493992	0.128170894526	0.0560747663551
-cha	0.0162954915806	0.934818033677	0.048886474742	0.0
-ros	0.590239892692	0.276517458311	0.0619150870582	0.0713275619387
-che	0.0350877192982	0.921052631579	0.0438596491228	0.0
-pej	0.787234042553	0.170212765957	0.0	0.0425531914893
-jko	0.180288235018	0.509635227134	0.0719966631416	0.238079874707
-iyo	0.0690360521606	0.647149066735	0.187931475326	0.0958834057786
-oré	0.0	0.878787878788	0.0	0.121212121212
-elo	0.441719604077	0.376569655784	0.13295907815	0.0487516619885
-ogo	0.0	1.0	0.0	0.0
-rko	0.0791946896839	0.879181545337	0.0052577387342	0.0363660262449
-rka	0.0692848567999	0.354313153833	0.0583090379008	0.518092951466
-ela	0.0	1.0	0.0	0.0
-iya	0.0671877520382	0.907060435827	0.0132615126294	0.0124902995055
-rke	0.104023107029	0.0126002791211	0.00098080868789	0.882395805162
-ele	0.296577946768	0.223067173638	0.185044359949	0.295310519645
-jpa	0.116012603838	0.0572901747351	0.787167000859	0.0395302205672
-itz	0.768862847548	0.101039843141	0.0222515746893	0.107845734621
-itu	0.02518204022	0.927152785127	0.0305246535062	0.0171405211465
-ter	0.0	0.989417989418	0.010582010582	0.0
-loc	0.0	1.0	0.0	0.0
-ito	0.58405718422	0.306520690071	0.0277476173242	0.0816745083846
-itl	0.127541428673	0.465401550804	0.0872139138177	0.319843106705
-mín	0.0	1.0	0.0	0.0
-eso	0.0378359881841	0.940752948735	0.0149584139332	0.00645264914768
-iti	0.534063784037	0.316210323311	0.0614723664924	0.0882535261591
-ján	0.260034904014	0.0890052356021	0.0104712041885	0.640488656196
-esa	0.200339078836	0.730149759819	0.0	0.069511161345
-ite	0.0297989726751	0.801682699094	0.144370884857	0.0241474433746
-ita	0.456667605615	0.29383799219	0.0944955482494	0.154998853945
-spe	0.0392156862745	0.921568627451	0.0392156862745	0.0
-fté	0.0	1.0	0.0	0.0
-spo	0.0	1.0	0.0	0.0
-fas	0.0568345323741	0.869784172662	0.00863309352517	0.0647482014388
-bra	0.0	1.0	0.0	0.0
-alí	0.0	1.0	0.0	0.0
-fat	0.0	1.0	0.0	0.0
-sio	0.321173671689	0.429024583664	0.172482157018	0.0773195876288
-udo	0.281065088757	0.289940828402	0.42899408284	0.0
-alá	0.699039487727	0.128068303095	0.0320170757737	0.140875133405
-tal	0.0306312709641	0.923801549089	0.00151890599822	0.0440482739483
-abe	0.0	1.0	0.0	0.0
-nja	0.0361445783132	0.963855421687	0.0	0.0
-abo	0.0387722132472	0.92633279483	0.0193861066236	0.0155088852989
-vas	0.0276277784754	0.972372221525	0.0	0.0
-koa	0.43576207116	0.272256790637	0.198048869202	0.0939322690015
-jyo	0.132721142119	0.507496951001	0.153167372121	0.206614534758
-nce	0.0	0.967914438503	0.0320855614973	0.0
-kon	0.0695818740949	0.876327738704	0.0275211890077	0.026569198193
-ael	0.0206513707584	0.957655216839	0.00596805668707	0.0157253557151
-kok	0.635956101584	0.0911061301305	0.0294982131907	0.243439555095
-och	0.0522264980759	0.794513200767	0.0190402123922	0.134220088765
-sol	0.0	1.0	0.0	0.0
-son	0.154553817847	0.282428702852	0.0551977920883	0.507819687213
-oro	0.031071457583	0.727803200563	0.229752782215	0.0113725596382
-kos	0.513287565089	0.248935705516	0.117548655753	0.120228073641
-elí	0.0131004366812	0.973799126638	0.0	0.0131004366812
-ora	0.0551246813105	0.839870456999	0.0252654789339	0.0797393827566
-kox	0.323428314409	0.0853566077586	0.0215444879687	0.569670589863
-káj	0.0646332158057	0.152985489045	0.0181544533342	0.764226841815
-lix	0.0	0.97541138642	0.0104028749763	0.0141857386041
-rus	0.355042581094	0.455791502741	0.00379200834242	0.185373907823
-tea	0.0	1.0	0.0	0.0
-íso	0.025641025641	0.974358974359	0.0	0.0
-rut	0.0	1.0	0.0	0.0
-lis	0.25523424709	0.382448576216	0.0862542938031	0.276062882892
-ico	0.016946541365	0.978431674626	0.0	0.00462178400864
-lim	0.0	0.960264900662	0.0397350993378	0.0
-lio	0.0490701321981	0.932556576294	0.0129957427739	0.00537754873404
-omo	0.302644887607	0.0617442369529	0.0297398891925	0.605870986247
-lij	0.578974841585	0.164966913424	0.0478105668769	0.208247678114
-ich	0.0441919076231	0.777964766901	0.0639375415728	0.113905783904
-oma	0.176972421819	0.726863119822	0.0335457412883	0.0626187170714
-lia	0.424084690028	0.380311287439	0.0872328595111	0.108371163022
-ome	0.0123037172606	0.0151874009935	0.0930853108996	0.879423570846
-eas	0.0561959654178	0.896974063401	0.036023054755	0.0108069164265
-ode	0.410788381743	0.489626556017	0.0497925311204	0.0497925311204
-rna	0.0	1.0	0.0	0.0
-rno	0.082711085583	0.813900057438	0.082711085583	0.0206777713958
-slí	0.0	1.0	0.0	0.0
-zer	0.0	1.0	0.0	0.0
-uro	0.328451882845	0.276150627615	0.382845188284	0.0125523012552
-ské	0.142348754448	0.580071174377	0.0	0.277580071174
-ura	0.0189759867513	0.921335909467	0.0596881037813	0.0
-lwi	0.529926337881	0.22452836844	0.0479274078342	0.197617885844
-zej	0.549579680467	0.221209739197	0.0599312067852	0.169279373551
-kyo	0.150183150183	0.842490842491	0.0	0.007326007326
-nio	0.131086142322	0.817228464419	0.0337078651686	0.0179775280899
-paj	0.456496737984	0.34958953187	0.137153063009	0.0567606671366
-apa	0.109803921569	0.162745098039	0.71568627451	0.0117647058823
-pal	0.297689010869	0.673597645257	0.028713343874	0.0
-nza	0.245283018868	0.377358490566	0.339622641509	0.0377358490566
-pan	0.0714057223251	0.31786007894	0.0169526360045	0.59378156273
-aís	0.116346153846	0.640539702233	0.0101426799007	0.23297146402
-kaj	0.275617042247	0.466606528067	0.0277108004001	0.230065629286
-jwa	0.570816030903	0.270729116369	0.0692225977788	0.0892322549493
-kol	0.19035053219	0.519131403025	0.0870396513045	0.203478413481
-wan	0.0226572522335	0.102154667477	0.00762399891216	0.867564081378
-wal	0.0	0.619047619048	0.0761904761905	0.304761904762
-wak	0.118326870324	0.162112781721	0.144902068547	0.574658279408
-waj	0.409869749515	0.258046097809	0.0767267388231	0.255357413854
-sen	0.0299762525791	0.0778603963094	0.397399462763	0.494763888348
-ken	0.121599838597	0.0587185445079	0.022165098942	0.797516517953
-icó	0.0	0.993951612903	0.00604838709677	0.0
-kej	0.467915894127	0.250405263405	0.0961535188177	0.185525323651
-omé	0.0	0.97972972973	0.0135135135135	0.00675675675675
-sos	0.0862379432687	0.747775856229	0.121057604878	0.0449285956248
-koj	0.437169459253	0.325178631281	0.120822905298	0.116829004168
-pia	0.595605152221	0.0624150263766	0.0246517005529	0.31732812085
-zín	0.0	1.0	0.0	0.0
-fes	0.123287671233	0.794520547945	0.041095890411	0.041095890411
-dil	0.11320754717	0.857260049221	0.0098441345365	0.019688269073
-dio	0.142182652098	0.205449885337	0.00782409280992	0.644543369756
-aña	0.0	1.0	0.0	0.0
-tus	0.103740296401	0.786873676782	0.0649258997883	0.0444601270289
-dis	0.0	1.0	0.0	0.0
-feo	0.0	1.0	0.0	0.0
-lsa	0.019556714472	0.980443285528	0.0	0.0
-ske	0.526128581876	0.110665599135	0.0144816933007	0.348724125688
-sús	0.00515483945176	0.584039462989	0.00276976448154	0.408035933078
-ski	0.100806202394	0.100682589638	0.105842186067	0.692669021902
-soj	0.390151515152	0.342803030303	0.215909090909	0.0511363636364
-sko	0.108695652174	0.870923913043	0.0	0.0203804347826
-kui	0.578845741257	0.339197597082	0.0167346063077	0.0652220553529
-one	0.0402411138023	0.836018291312	0.028564301335	0.0951762935509
-tiw	0.660093223377	0.164933667981	0.122983148082	0.0519899605594
-tis	0.519220985422	0.299003609076	0.0718546297581	0.109920775743
-kka	0.1544718965	0.164034442473	0.605772143135	0.0757215178919
-kke	0.559762982853	0.232003757401	0.123829402004	0.0844038577427
-yek	0.18927444795	0.583596214511	0.227129337539	0.0
-uij	0.256228217374	0.407512585517	0.313024396541	0.0232348005679
-tia	0.376305596479	0.444410379622	0.0835579467573	0.0957260771411
-til	0.0949755792799	0.791726425066	0.050782523959	0.0625154716952
-tin	0.0561994942692	0.544062987424	0.0904395883774	0.309297929929
-tio	0.0230360307147	0.906083874778	0.0407560543414	0.0301240401654
-lón	0.0	1.0	0.0	0.0
-tij	0.501525655083	0.278645581999	0.0742172548313	0.145611508086
-ngo	0.0	0.844020797227	0.0	0.155979202773
-ema	0.625	0.3375	0.0	0.0375
-hma	0.348908830748	0.521742838461	0.0477593836765	0.0815889471141
-emo	0.247459356729	0.404714759838	0.00901103324954	0.338814850183
-emi	0.212081986519	0.0945190481006	0.0701162175426	0.623282747837
-kín	0.257948989576	0.135438484882	0.0057255729478	0.600886952595
-das	0.04882826163	0.867995802728	0.00209863588667	0.0810772997551
-íoj	0.122274668465	0.338727804001	0.495841762194	0.0431557653405
-cio	0.0253164556962	0.847799879445	0.100964436408	0.0259192284509
-ana	0.229394022328	0.653943302202	0.060167288153	0.0564953873171
-zal	0.172413793103	0.724137931034	0.103448275862	0.0
-zaj	0.724002015233	0.196870462022	0.0385265092019	0.0406010135435
-xto	0.350364963504	0.424817518248	0.207299270073	0.0175182481752
-zar	0.0	1.0	0.0	0.0
-zas	0.551162079271	0.324966467169	0.0873030191313	0.0365684344286
-xti	0.50549613296	0.366973835774	0.0620371894027	0.0654928418628
-cis	0.0	1.0	0.0	0.0
-esi	0.382352941176	0.335984927779	0.140150722211	0.141511408834
-rsa	0.0890207715134	0.617210682493	0.157270029674	0.13649851632
-kón	0.125517847941	0.0543175271288	0.0166545973645	0.803510027566
-ulo	0.0523496257002	0.844312213168	0.00209398502801	0.101244176104
-rca	0.0	0.96511627907	0.0116279069767	0.0232558139535
-eta	0.0172887667346	0.969323521589	0.00292579129355	0.010461920383
-ete	0.205882352941	0.367647058824	0.397058823529	0.0294117647059
-eti	0.791583166333	0.148296593186	0.0150300601203	0.0450901803607
-eto	0.285940226605	0.136048923975	0.0240637691236	0.553947080296
-etl	0.0769583066076	0.876704121456	0.0120690302074	0.0342685417288
-rco	0.015873015873	0.984126984127	0.0	0.0
-lil	0.37067209776	0.342158859471	0.215885947047	0.071283095723
-ank	0.416666666667	0.353333333333	0.0333333333333	0.196666666667
-ías	0.0194953839962	0.959625688627	0.00786104193394	0.0130178854426
-oxo	0.191905599834	0.231756546941	0.180726632854	0.39561122037
-jsi	0.587028115238	0.118656022215	0.0680999652898	0.226215897258
-ebú	0.0615053165612	0.922336507054	0.00990339842935	0.00625477795538
-ría	0.006435006435	0.720305559015	0.00971478390833	0.263544650641
-jso	0.368566539423	0.404765038831	0.125312623404	0.101355798341
-amá	0.0	1.0	0.0	0.0
-jsa	0.416058394161	0.569343065693	0.0	0.014598540146
-atl	0.0512334723904	0.72579149719	0.0364017770281	0.186573253392
-666	0.059405940594	0.118811881188	0.0	0.821782178218
-ati	0.609788148453	0.196699517435	0.0538258656752	0.139686468437
-kak	0.354707280765	0.452267409243	0.0513679612605	0.141657348731
-nis	0.599271334575	0.271037372842	0.0550473093358	0.0746439832475
-osa	0.0	1.0	0.0	0.0
-sué	0.0410256410256	0.958974358974	0.0	0.0
-hti	0.492902856247	0.390003648304	0.0895266411399	0.0275668543099
-kal	0.128776083987	0.765262868403	0.0169919517789	0.0889690958308
-sda	0.0	0.913043478261	0.0	0.0869565217391
-oso	0.0526990550413	0.0974916721186	0.0111685347465	0.838640738094
-lik	0.219777566754	0.161996426904	0.260031224349	0.358194781993
-lén	0.0257692078796	0.948283044694	0.00130929000774	0.0246384574183
-nia	0.195257933043	0.723321770553	0.0507261370453	0.0306941593586
-nij	0.598597388136	0.161411357109	0.0509537996246	0.18903745513
-nik	0.0772920923872	0.0578689168979	0.00921532323591	0.855623667479
-rso	0.0242261103634	0.975773889637	0.0	0.0
-nin	0.178810278071	0.0432946145723	0.00211193241816	0.775783174938
-ice	0.023127753304	0.937224669604	0.0330396475771	0.00660792951541
-nil	0.270823638902	0.663099115868	0.0307119590507	0.0353652861796
-ach	0.243087177569	0.0190438446658	0.00824073582148	0.729628241944
-ajo	0.076844262295	0.215163934426	0.245901639344	0.462090163934
-wej	0.490793271298	0.358539291224	0.0765911859712	0.0740762515066
-aje	0.54704595186	0.426695842451	0.0	0.0262582056893
-ino	0.0432380347212	0.117789873054	0.0225841013344	0.816387990891
-tak	0.71985528525	0.0540690851787	0.0785788404175	0.147496789154
-aja	0.0760520534055	0.913807672807	0.0050701368937	0.0050701368937
-rug	0.0	1.0	0.0	0.0
-nón	0.0	1.0	0.0	0.0
-ica	0.0123119015048	0.97537619699	0.00410396716827	0.00820793433653
-fil	0.025974025974	0.74025974026	0.233766233766	0.0
-fia	0.0	1.0	0.0	0.0
-vio	0.0188006925725	0.974932409903	0.0	0.00626689752417
-mío	0.447619047619	0.238095238095	0.0	0.314285714286
-yua	0.166534496431	0.717684377478	0.0753370340999	0.0404440919905
-lda	0.0383141762452	0.674329501916	0.287356321839	0.0
-via	0.0172413793103	0.913793103448	0.0344827586207	0.0344827586207
-vid	0.0019842363446	0.96395303974	0.00132282422973	0.0327398996858
-fre	0.0105411103303	0.98945888967	0.0	0.0
-ile	0.0663452320572	0.676105773804	0.0593558201051	0.198193174033
-upo	0.0621890547263	0.896766169154	0.0186567164179	0.0223880597015
-ato	0.247500469915	0.612051542291	0.0481946177218	0.0922533700721
-ilo	0.291760452606	0.586360410312	0.0624563660012	0.0594227710812
-ojo	0.044776119403	0.932835820896	0.0	0.0223880597015
-ili	0.512610461513	0.266270388667	0.0907252074546	0.130393942365
-oan	0.18	0.38	0.068	0.372
-oam	0.0	1.0	0.0	0.0
-tki	0.686711645644	0.248166617777	0.0246406570842	0.0404810794955
-oak	0.203389830508	0.762711864407	0.0338983050847	0.0
-oaj	0.428189335403	0.389979803387	0.0749938289336	0.106837032276
-igo	0.0586320535372	0.90699743232	0.0149612826267	0.0194092315158
-ebe	0.00784313725489	0.262745098039	0.305882352941	0.423529411765
-lmo	0.0897435897436	0.762108262108	0.011396011396	0.136752136752
-ami	0.280189017504	0.199966495181	0.105790473706	0.414054013609
-nís	0.0576923076923	0.865384615385	0.076923076923	0.0
-amo	0.256457539259	0.058636037483	0.0219386973256	0.662967725933
-oaw	0.47619047619	0.130952380952	0.0238095238095	0.369047619048
-oas	0.26029023449	0.618948746304	0.0889119591957	0.0318490600104
-wel	0.388373055769	0.100656455142	0.0870542314744	0.423916257614
-hik	0.191761363636	0.413352272727	0.386363636364	0.00852272727273
-hin	0.0122282608696	0.971467391304	0.00815217391304	0.00815217391304
-hio	0.262910798122	0.732394366197	0.0	0.00469483568075
-hia	0.370936854306	0.234200977675	0.304276067127	0.090586100892
-usa	0.147058823529	0.794117647059	0.0294117647059	0.0294117647059
-ira	0.0676802354095	0.829328102011	0.0166748406081	0.0863168219716
-mós	0.0	1.0	0.0	0.0
-tat	0.0	1.0	0.0	0.0
-agé	0.0652173913043	0.905797101449	0.0	0.0289855072464
-his	0.707656612529	0.257540603248	0.0	0.0348027842227
-kan	0.375867293317	0.275215509347	0.0716980613184	0.277219136018
-uza	0.031746031746	0.968253968254	0.0	0.0
-uda	0.0225205334275	0.488651417469	0.0152344784951	0.473593570608
-epa	0.301798623627	0.237846186989	0.0472963953828	0.413058794001
-pón	0.36	0.64	0.0	0.0
-epo	0.0132100396301	0.98678996037	0.0	0.0
-aná	0.00466200466202	0.967365967366	0.0	0.027972027972
