kud-	0.0169887449565	0.960076449352	0.0127415587174	0.0101932469739
agu-	0.139825450348	0.823499021692	0.0165039875821	0.0201715403781
ni'-	0.413400450722	0.279013555546	0.163570142051	0.14401585168
omo-	0.100452857884	0.77871670449	0.0312838900267	0.0895465475993
gin-	0.0721864043661	0.525880172503	0.0157800760215	0.38615334711
muw-	0.625737954675	0.163516473053	0.0185678918301	0.192177680442
fig-	0.0	1.0	0.0	0.0
del-	0.0	0.781818181818	0.218181818182	0.0
son-	0.245568571871	0.517185611631	0.170427331604	0.0668184848937
õro-	0.679408138101	0.209617755857	0.0493218249075	0.0616522811344
mab-	0.325715344325	0.260454384694	0.253835660273	0.159994610708
gum-	0.115731115731	0.803880803881	0.0519750519751	0.028413028413
fal-	0.540335113846	0.271015014227	0.0729439048894	0.115705967038
bõi-	0.324204992545	0.0828834076743	0.0328644700489	0.560047129732
tut-	0.359223300971	0.531553398058	0.0655339805825	0.0436893203884
iwõ-	0.593950862017	0.308283774854	0.0409983780862	0.0567669850424
õnõ-	0.000532367972742	0.0319420783646	0.346039182283	0.62148637138
gu'-	0.0820707070707	0.861111111111	0.0189393939394	0.0378787878788
bõz-	0.0258134719724	0.679024287031	0.0829416476492	0.212220593347
fõf-	0.030425220175	0.0905446649752	0.59583466372	0.28319545113
aul-	0.307609282245	0.193739881274	0.0809498111171	0.417701025364
geu-	0.100596811069	0.806407553669	0.0278709779586	0.0651246573038
mah-	0.0825315610923	0.374117123631	0.45581447083	0.0875368444469
õ'i-	0.631406983868	0.028861207542	0.0302225852563	0.309509223334
tum-	0.660722746609	0.170619708192	0.0278772801982	0.140780265001
w̃e-	0.0	1.0	0.0	0.0
eno-	0.27867381005	0.660158446982	0.0135264037595	0.0476413392081
ola-	0.251863684771	0.48642172524	0.165867944622	0.0958466453674
emu-	0.0223463687151	0.977653631285	0.0	0.0
ite-	0.662730741599	0.102770533157	0.0237931083634	0.210705616881
ufu-	0.329052138543	0.0553925798102	0.0140515222482	0.601503759399
mo'-	0.342278510621	0.232022337766	0.307875232076	0.117823919537
zow-	0.379295714892	0.307170131523	0.146372507425	0.16716164616
tea-	0.200617283951	0.688271604938	0.111111111111	0.0
fog-	0.169023801311	0.730941704036	0.0793377026561	0.0206967919972
san-	0.387621682534	0.332488403834	0.0637798868392	0.216110026794
okõ-	0.251294423812	0.275393748814	0.463552820624	0.00975900675
fae-	0.169618733113	0.511107775443	0.211648153708	0.107625337736
tom-	0.0538321147893	0.861508832893	0.0423295261591	0.042329526159
sak-	0.143419062027	0.242360060514	0.224508320726	0.389712556732
gow-	0.0835607275199	0.815253283501	0.0250576006286	0.0761283883503
faw-	0.333207371345	0.566084184188	0.0357707589638	0.0649376855035
duo-	0.0943017656501	0.604735152488	0.300963081862	0.0
o'õ-	0.91924227318	0.0329012961116	0.0	0.0478564307079
aoh-	0.105197323723	0.0617280617685	0.731026911257	0.102047703252
wah-	0.390003076377	0.414400505818	0.0742409761012	0.121355441704
dõi-	0.130747010601	0.641569664767	0.00517322133325	0.222510103298
nun-	0.0609665427509	0.910780669145	0.00743494423791	0.0208178438662
der-	0.0746622422375	0.882673619341	0.00948091964921	0.0331832187722
mõi-	0.847183060868	0.0150597612882	0.00389283436449	0.133864343479
kat-	0.129982668977	0.25129982669	0.358752166378	0.259965337955
neg-	0.0185185185185	0.944444444444	0.037037037037	0.0
zin-	0.19213221172	0.386319223705	0.110036650927	0.311511913648
ziz-	0.63818321786	0.322940723633	0.00654349499615	0.0323325635104
mil-	0.592717605781	0.124247365382	0.0271804990705	0.255854529766
ner-	0.0	1.0	0.0	0.0
tib-	0.731103022542	0.174733970366	0.0872730309631	0.00688997612867
gan-	0.146705365552	0.700005873249	0.107687922044	0.0456008391544
teh-	0.583154158528	0.270528162251	0.0434317774862	0.102885901735
yer-	0.0181810431187	0.972099665366	0.00127885414668	0.00844043736813
gae-	0.0552350558488	0.847796734994	0.0110470111698	0.0859211979871
õto-	0.641068447412	0.236505286589	0.0222593210907	0.100166944908
sog-	0.132280538783	0.307555968416	0.0684588945657	0.491704598235
ari-	0.0218340611354	0.978165938865	0.0	0.0
kha-	0.116279069767	0.728085867621	0.0751341681574	0.0805008944544
õlõ-	0.586558679231	0.278249357527	0.122108870026	0.013083093217
zon-	0.317746317746	0.544687544688	0.088374088374	0.0491920491921
hed-	0.316068814056	0.305087847731	0.32906295754	0.0497803806735
lõ'-	0.332318798334	0.0534396717958	0.0412099736363	0.573031556234
hum-	0.416117424917	0.341218663531	0.103435581365	0.139228330186
uli-	0.0700198092406	0.872059804556	0.0128836449003	0.0450367413035
kum-	0.0230769230769	0.923076923077	0.0288461538461	0.025
mud-	0.746209448823	0.127777791726	0.0282455378327	0.0977672216183
ihe-	0.642058165548	0.177976634352	0.0710912254536	0.108873974646
nor-	0.153738317757	0.692056074766	0.126168224299	0.0280373831776
õrõ-	0.650887573964	0.278106508876	0.0355029585799	0.0355029585799
nen-	0.0616438356164	0.77397260274	0.0821917808219	0.0821917808219
lõk-	0.0	0.921369583758	0.078630416242	0.0
ya'-	0.14673948502	0.0661144479486	0.0153957145512	0.77175035248
nõs-	0.115545050056	0.496176307008	0.125834260289	0.262444382647
dah-	0.388256056474	0.544360660998	0.0577570993101	0.00962618321835
muf-	0.472411706936	0.301845388957	0.14196990326	0.0837730008479
her-	0.020898240905	0.901739922351	0.04428893256	0.0330729041844
ira-	0.0987471062625	0.0742630300169	0.0111195980774	0.815870265643
gaw-	0.0777168884777	0.7911892392	0.0341612696605	0.0969326026618
õta-	0.477127836828	0.391271412209	0.0414632503036	0.09013750066
naw-	0.072261603884	0.185539935729	0.12917815895	0.613020301437
kam-	0.060628742515	0.207335329341	0.72754491018	0.00449101796407
ibi-	0.632947976879	0.231213872832	0.101156069364	0.0346820809248
sin-	0.192176364684	0.348786074082	0.217224923077	0.241812638157
bod-	0.0673693858845	0.360219981668	0.569660861595	0.00274977085243
bõl-	0.151269584009	0.279848730416	0.489465153971	0.0794165316045
fõn-	0.136504773216	0.269191445754	0.0296097603593	0.56469402067
nõr-	0.109499041883	0.693402682727	0.0615932110594	0.135505064331
mew-	0.0149253731343	0.0298507462687	0.0	0.955223880597
woz-	0.472906403941	0.327586206897	0.0517241379311	0.147783251232
hud-	0.206842923795	0.319595645412	0.310264385692	0.163297045101
kay-	0.0192400575417	0.206210197423	0.748713096337	0.0258366486989
ror-	0.649937892639	0.308776350947	0.0150130023324	0.0262727540817
maw-	0.252348152787	0.164057608015	0.116468378209	0.467125860989
yo'-	0.0	1.0	0.0	0.0
oma-	0.443833021523	0.0783430108127	0.043350844495	0.434473123169
õtu-	0.586750788644	0.290851735016	0.0290220820189	0.0933753943217
waf-	0.0	1.0	0.0	0.0
raz-	0.0560455011222	0.818473477496	0.012550571103	0.112930450279
zia-	0.313829787234	0.281914893617	0.36170212766	0.0425531914893
uzi-	0.0	1.0	0.0	0.0
kid-	0.0392156862745	0.960784313725	0.0	0.0
fua-	0.215023474178	0.259154929578	0.025352112676	0.500469483568
nig-	0.723757892516	0.211478842377	0.061354672207	0.00340859290038
wor-	0.470411541582	0.319322940648	0.173430682541	0.0368348352299
ifa-	0.614999166301	0.210230084666	0.0451379552881	0.129632793745
hor-	0.104625772292	0.768380228186	0.0729589246814	0.05403507484
nge-	0.122085629504	0.75498092412	0.0661297159814	0.0568037303943
zer-	0.0	1.0	0.0	0.0
yod-	0.0	1.0	0.0	0.0
bak-	0.0850419393861	0.0786547096927	0.00861320481201	0.827690146109
ilõ-	0.625	0.270833333333	0.0625	0.0416666666667
fol-	0.315278395741	0.541458185347	0.0755606553794	0.0677027635321
ahe-	0.358825795516	0.385345558209	0.0667539872102	0.189074659065
rat-	0.0150323482141	0.966398280463	0.0114953251049	0.0070740462184
zis-	0.244897959184	0.69387755102	0.0612244897959	0.0
oro-	0.468783053074	0.248997042156	0.110974826779	0.171245077991
dag-	0.068661971831	0.920774647887	0.0	0.0105633802817
asi-	0.150917775449	0.815661505658	0.0253278093852	0.00809290950769
gun-	0.191911438611	0.261232217787	0.257394330161	0.289462013441
nan-	0.057763482552	0.929238632358	0.00462636587945	0.00837151921043
hom-	0.627532404701	0.229443425323	0.0565444392928	0.0864797306832
fay-	0.210968636285	0.306128342864	0.399266447178	0.083636573673
lau-	0.399849586363	0.238154926047	0.0290799699173	0.332915517674
zom-	0.437411427983	0.222485946805	0.0827112990748	0.257391326137
gõl-	0.198025416957	0.538138323924	0.0788802103472	0.184956048772
feh-	0.316424625255	0.409296777804	0.0547013659126	0.219577231029
ufi-	0.519188354654	0.189677988531	0.0264666960741	0.264666960741
wom-	0.504048845971	0.341012428009	0.0723162863206	0.0826224397003
dao-	0.0364741641337	0.908814589666	0.0	0.0547112462006
for-	0.490992202205	0.494218876042	0.00349556332347	0.0112933584297
bu'-	0.554875560996	0.334693322453	0.0220318237454	0.0883992928057
mog-	0.491989181453	0.205639309004	0.109554968001	0.192816541542
tol-	0.209589527751	0.0392211506401	0.100768998714	0.650420322895
mel-	0.125872689938	0.800205338809	0.00862422997947	0.0652977412731
tab-	0.505646316555	0.333511552269	0.0718077609309	0.0890343702452
fo'-	0.134902592992	0.732164690752	0.0761459248458	0.0567867914104
igu-	0.669738863287	0.233486943164	0.0506912442396	0.0460829493087
kaf-	0.119793409734	0.721410675037	0.137901715857	0.0208941993723
zõr-	0.0584415584416	0.922077922078	0.0	0.0194805194805
tew-	0.425294593865	0.280021588558	0.0680039579023	0.226679859674
ail-	0.090742773509	0.201609952433	0.648371752653	0.0592755214051
umõ-	0.0269828291087	0.901062959935	0.0	0.0719542109567
mir-	0.697512081737	0.159600850445	0.0334888371649	0.109398230653
isa-	0.536335078534	0.266387434555	0.114345549738	0.0829319371728
kez-	0.0	0.989949748744	0.0100502512563	0.0
mus-	0.757399587667	0.13776374351	0.0128778607032	0.0919588081199
eut-	0.037037037037	0.962962962963	0.0	0.0
yus-	0.0328947368421	0.967105263158	0.0	0.0
dio-	0.130434782609	0.834782608696	0.0347826086957	0.0
rõf-	0.228855721393	0.718200044553	0.0148511175466	0.0380931165071
yah-	0.0351206272314	0.77455724695	0.1365069214	0.0538152044192
bab-	0.37819025522	0.426914153132	0.0800464037123	0.114849187935
ita-	0.142739954177	0.0614074109096	0.0223629724394	0.773489662474
obo-	0.426377597109	0.421860885276	0.132791327913	0.0189701897019
tuh-	0.119815668203	0.65626846272	0.0340304856434	0.189885383434
hol-	0.251404155611	0.618758829813	0.10171944454	0.0281175700355
war-	0.267037199001	0.659129060926	0.0230501206111	0.0507836194614
hur-	0.206962092147	0.615641828869	0.177396078983	0.0
daw-	0.0268133746395	0.953744258092	0.00608909304561	0.0133532742228
sor-	0.121387038913	0.178032210332	0.0448394465021	0.655741304254
ura-	0.495439835246	0.215749730313	0.229969598902	0.0588408355399
kom-	0.107692307692	0.816263736264	0.0628571428571	0.0131868131868
bo'-	0.427627958173	0.572372041827	0.0	0.0
ata-	0.248835790217	0.251187404767	0.437457401519	0.0625194034964
zid-	0.0106741573034	0.444101123596	0.473876404494	0.0713483146067
be'-	0.643091008919	0.259037814949	0.0282790369703	0.0695921391623
ali-	0.148771832162	0.580474566836	0.0869807250713	0.183772875931
so'-	0.0404236625058	0.887745154967	0.0414324944778	0.0303986880492
tua-	0.0403781103866	0.744695585119	0.0231188653137	0.191807439181
zam-	0.385854133073	0.403549455994	0.0491758082346	0.161420602698
non-	0.0635412441473	0.690273724244	0.0511611425881	0.19502388902
uba-	0.636982888891	0.171057561787	0.0576455103069	0.134314039015
muz-	0.785663464959	0.103432942014	0.0152970473141	0.0956065457133
mi'-	0.565881437038	0.225543183235	0.0830019874195	0.125573392308
gi'-	0.0328911303585	0.913825238461	0.0440741146804	0.00920951650041
hiz-	0.143610905641	0.0383149410237	0.021692538834	0.796381614502
mal-	0.0515019395377	0.855226716139	0.0104203981105	0.0828509462128
umb-	0.135	0.697	0.033	0.135
hao-	0.291009463722	0.423501577287	0.16403785489	0.121451104101
sab-	0.171927802191	0.434912405146	0.26135249784	0.131807294824
i'e-	0.611875827878	0.174573592186	0.126188979053	0.0873616008827
ole-	0.75	0.142857142857	0.0714285714286	0.0357142857143
nin-	0.068354209397	0.823218107007	0.0180166845855	0.0904109990108
lis-	0.00641940085592	0.983594864479	0.00855920114122	0.00142653352354
su'-	0.556213017752	0.317554240631	0.0788954635108	0.0473372781065
obõ-	0.254615596583	0.745384403417	0.0	0.0
gef-	0.16740484785	0.738961932166	0.0390824877156	0.0545507322682
toy-	0.278481012658	0.46835443038	0.227848101266	0.0253164556962
kõk-	0.408450704225	0.321126760563	0.152112676056	0.118309859155
sir-	0.248261102194	0.46709470305	0.242910647405	0.0417335473515
ibõ-	0.631539743181	0.159777051968	0.0210774285709	0.18760577628
fez-	0.651394068549	0.308826141005	0.0248623690286	0.0149174214172
lim-	0.0274334027913	0.0486455694305	0.0944428620685	0.82947816571
eho-	0.117021276596	0.882978723404	0.0	0.0
ta'-	0.569482826688	0.197628342911	0.0878039508123	0.145084879589
gub-	0.0789693826334	0.902292119793	0.00401539233729	0.0147231052367
red-	0.152671755725	0.282442748092	0.564885496183	0.0
fak-	0.146453052638	0.780200443118	0.0268750549899	0.0464714492533
and-	0.0876264599704	0.0139199961745	0.00108080953461	0.89737273432
oka-	0.233716475096	0.23754789272	0.528735632184	0.0
ALL	0.223159185129	0.312717070385	0.0585054787317	0.405618265754
ana-	0.128978341924	0.676648316327	0.150893556343	0.0434797854062
dud-	0.581818181818	0.145454545455	0.245454545455	0.0272727272727
zed-	0.758551307847	0.110663983903	0.0	0.13078470825
mbõ-	0.229465107317	0.306612864359	0.0514082305446	0.412513797779
õhe-	0.567223322955	0.106708180017	0.0203792810642	0.305689215964
zof-	0.114662405114	0.178186176588	0.642695432148	0.0644559861499
loh-	0.195481335953	0.502946954813	0.130648330059	0.170923379175
dõf-	0.0997700689793	0.758439134926	0.121796794295	0.0199940017995
ger-	0.169386640682	0.613606191797	0.0396796850476	0.177327482474
sok-	0.208666626449	0.556187104861	0.111202754782	0.123943513909
muh-	0.555946434562	0.17407136467	0.152726264584	0.117255936184
bar-	0.155631328731	0.436590461107	0.0443844548277	0.363393755335
deo-	0.267857142857	0.732142857143	0.0	0.0
mor-	0.0505866933509	0.0172068623571	0.00535374609447	0.926852698198
rur-	0.23	0.59	0.18	0.0
bae-	0.0583952677082	0.0819471830392	0.0705293493098	0.789128199943
zor-	0.0482296089452	0.810866221289	0.0893852777123	0.0515188920532
tel-	0.703703703704	0.137308039747	0.0939476061427	0.0650406504065
mbo-	0.090023136352	0.710024642983	0.0260419096065	0.173910311059
lid-	0.0649606299213	0.899606299213	0.00590551181102	0.0295275590551
zim-	0.03027776675	0.962346879811	0.00465811796154	0.00271723547757
gas-	0.223179253391	0.358394678824	0.0358730989126	0.382552968873
õte-	0.546184738956	0.293726630661	0.0598255089322	0.100263121451
fit-	0.00101207331909	0.0101207331909	0.131232173709	0.857635019781
far-	0.138848915094	0.697457625551	0.104293051879	0.0594004074757
ofa-	0.573441168797	0.315418732064	0.0326115314375	0.0785285677015
izu-	0.69375	0.16875	0.08125	0.05625
si'-	0.303749610646	0.481370095486	0.0418031642374	0.173077129631
fon-	0.167898152313	0.236078093018	0.289314988022	0.306708766648
baw-	0.260826443834	0.580523873317	0.0649845680154	0.0936651148332
dat-	0.125053717232	0.0515685431887	0.018048990116	0.805328749463
wae-	0.0	0.960960220831	0.0390397791689	0.0
ire-	0.179691820742	0.0443720273294	0.0260503081509	0.749885843778
gos-	0.0463061402887	0.88836912609	0.010631511801	0.0546932218206
hez-	0.123560850601	0.110269271184	0.00816903910557	0.75800083911
mes-	0.220430107527	0.618279569893	0.121863799283	0.0394265232975
sed-	0.45406360424	0.226148409894	0.14605418139	0.173733804476
num-	0.570279821263	0.103073052047	0.140053187565	0.186593939125
iwu-	0.731481481482	0.174382716049	0.0277777777778	0.0663580246913
omb-	0.796421161826	0.0835062240664	0.0601659751037	0.0599066390041
iw̃-	0.555221022018	0.072406368923	0.0100458582427	0.362326750817
elu-	0.507329877096	0.191379496169	0.0362217182793	0.265068908455
anõ-	0.0	0.923076923077	0.0769230769231	0.0
ami-	0.0642159515519	0.0337188527948	0.00926999741204	0.892795198241
zat-	0.117391298685	0.543573002721	0.223249065248	0.115786633346
kur-	0.009375	0.953125	0.0375	0.0
iza-	0.109754588008	0.888319892904	0.0	0.00192551908785
amu-	0.281421767184	0.519533295832	0.130258709924	0.0687862270602
iku-	0.74	0.18	0.08	0.0
okh-	0.355425777536	0.284123319299	0.228439494771	0.132011408393
tek-	0.625291858101	0.236574527378	0.0485049333434	0.089628681178
gaj-	0.25625	0.69375	0.05	0.0
nik-	0.281363900342	0.653118505722	0.0342995992797	0.0312179946569
haw-	0.0710287824117	0.260359150793	0.184148695141	0.484463371654
laf-	0.580668379442	0.255656529334	0.0619678917949	0.101707199428
wel-	0.0	1.0	0.0	0.0
win-	0.084	0.154	0.498	0.264
tal-	0.075995798846	0.751548306423	0.0326042413957	0.139851653335
ehe-	0.0314440892908	0.931048222933	0.0200098750033	0.0174978127734
arõ-	0.179337164285	0.124042985365	0.159476397979	0.537143452371
mez-	0.142483970553	0.826169555925	0.00712419852767	0.024222274994
bin-	0.148148148148	0.814814814815	0.037037037037	0.0
kos-	0.0258620689655	0.974137931034	0.0	0.0
lem-	0.02	0.93	0.05	0.0
rod-	0.281984334204	0.681462140992	0.0130548302872	0.0234986945169
hõr-	0.121502424083	0.760536922901	0.0240053372277	0.0939553157886
mif-	0.520191099746	0.292487141243	0.0888000593373	0.0985216996734
zaf-	0.227655986509	0.15080703445	0.614309804866	0.0072271741749
nem-	0.266666666667	0.536507936508	0.0	0.196825396825
dak-	0.0269784172662	0.951438848921	0.0107913669065	0.0107913669065
wan-	0.425732193402	0.373661901955	0.0584517328516	0.142154171791
gof-	0.16491475541	0.18610583543	0.0172309713968	0.631748437763
gõi-	0.0648496398817	0.0398766763919	0.0739564679213	0.821317215805
azu-	0.0	1.0	0.0	0.0
dõt-	0.242092089932	0.608380442757	0.140983040608	0.00854442670348
ilu-	0.440426793124	0.272080616479	0.113218731476	0.174273858921
sik-	0.114493712773	0.800132362674	0.0694904037061	0.0158835208471
nga-	0.0815036168873	0.578499105333	0.0413777533879	0.298619524392
ben-	0.445434298441	0.47438752784	0.0	0.0801781737194
tõl-	0.0393527521885	0.105960455439	0.201910627801	0.652776164572
wig-	0.0459053556248	0.790875602154	0.0255029753471	0.137716066874
seg-	0.433305012744	0.377230246389	0.0475785896346	0.141886151232
beg-	0.0	0.939393939394	0.060606060606	0.0
bun-	0.1875	0.758152173913	0.0054347826087	0.0489130434782
ili-	0.672155688623	0.300898203593	0.0179640718563	0.00898203592813
lam-	0.623477705904	0.0160901628948	0.00185222095385	0.358579910248
nar-	0.0614462686001	0.784524744192	0.0450514121799	0.108977575028
gat-	0.0581820502078	0.432531070306	0.471662487018	0.0376243924677
wun-	0.0	1.0	0.0	0.0
õfo-	0.586151996621	0.236767716152	0.114371121292	0.0627091659356
idi-	0.678571428571	0.214285714286	0.0	0.107142857143
hat-	0.224489795918	0.234693877551	0.0204081632653	0.520408163265
usu-	0.795872967484	0.120951961144	0.0278074161349	0.0553676552375
daf-	0.0102036733224	0.0444560041615	0.0096034572446	0.935736865271
sat-	0.0696536282909	0.53411279489	0.217770935369	0.17846264145
gur-	0.0621834200299	0.883652166183	0.0264952300853	0.0276691837019
fef-	0.0258015228389	0.201531673719	0.0301644195886	0.742502383853
heb-	0.0419438819786	0.907434191496	0.0260341336419	0.024587792884
rak-	0.140509013786	0.859490986214	0.0	0.0
dik-	0.0181818181818	0.872727272727	0.0545454545455	0.0545454545455
nad-	0.0851897184822	0.847490820073	0.0614443084456	0.00587515299877
yad-	0.0046875	0.046875	0.0	0.9484375
bõr-	0.0490017338537	0.0583928220512	0.00305804126106	0.889547402834
abi-	0.0272771553824	0.76814417925	0.163662932294	0.0409157330736
ele-	0.113428843334	0.870367036189	0.0162041204764	0.0
nud-	0.269890775015	0.653790496832	0.0159575522503	0.060361175903
wow-	0.662111783117	0.256688237311	0.0122566006902	0.0689433788821
ahu-	0.41449603624	0.436013590034	0.0543601359003	0.0951302378256
tõn-	0.564983567374	0.176874813266	0.0824619061847	0.175679713176
li--	0.184652575588	0.344001055158	0.0429937340176	0.428352635236
ban-	0.0761415122842	0.474163948639	0.0360947101975	0.413599828879
weg-	0.863309352518	0.119424460432	0.0172661870504	0.0
wua-	0.17679558011	0.276243093923	0.0552486187845	0.491712707182
ise-	0.77358490566	0.11320754717	0.0377358490566	0.0754716981132
ter-	0.403403563644	0.425556280708	0.0938319644375	0.0772081912103
wen-	0.0448598130841	0.876635514019	0.0672897196261	0.011214953271
zai-	0.00873506726829	0.860548677866	0.11987485932	0.0108413955457
dab-	0.37148217636	0.515947467167	0.0450281425891	0.0675422138837
guk-	0.298442197322	0.625034162339	0.0	0.0765236403389
nam-	0.0526421750375	0.78758786193	0.00743787125986	0.152332091773
bal-	0.260700808625	0.595502502888	0.079291490181	0.0645051983057
ebe-	0.0	1.0	0.0	0.0
hen-	0.0243902439024	0.951219512195	0.0	0.0243902439024
ale-	0.322269161134	0.551398109032	0.104204385436	0.0221283443975
õ'a-	0.613620101856	0.202028704912	0.0972263142389	0.0871248789932
ker-	0.019366208203	0.886166075571	0.0061397833493	0.0883279328765
sid-	0.087508535876	0.343559523508	0.482940893801	0.0859910468146
guõ-	0.172131147541	0.508196721311	0.319672131148	0.0
oli-	0.772067714631	0.0767835550181	0.0193470374849	0.131801692866
soy-	0.0903498159541	0.231151380988	0.556384977734	0.122113825324
won-	0.379587628309	0.430406771015	0.0789566622333	0.111048938442
fõd-	0.079575596817	0.90450928382	0.0026525198939	0.0132625994695
tõg-	0.316715542522	0.553079178886	0.00703812316717	0.123167155425
tok-	0.652383826192	0.0953530476765	0.12432106216	0.127942063971
ero-	0.0841671571513	0.110587927539	0.0351840952194	0.77006082009
sõr-	0.0	0.883620689655	0.116379310345	0.0
eli-	0.0325366218562	0.961362761546	0.00203353886601	0.00406707773202
yul-	0.00671140939597	0.993288590604	0.0	0.0
õma-	0.615445731347	0.156275135424	0.0330745335076	0.195204599721
mut-	0.552788716504	0.246473567923	0.118461729561	0.0822759860116
maf-	0.536991513495	0.238213835531	0.084345061672	0.140449589302
gid-	0.0	0.481081081081	0.518918918919	0.0
hel-	0.269230769231	0.538461538461	0.0934065934065	0.0989010989012
tuk-	0.103213242454	0.809152872444	0.0408958130477	0.0467380720545
afi-	0.168439716312	0.563386524823	0.177304964539	0.0908687943262
mul-	0.544318181818	0.256439393939	0.123484848485	0.0757575757576
õbe-	0.691150752011	0.134112826663	0.0506670664068	0.124069354919
bou-	0.0144752714114	0.750301568154	0.235223160434	0.0
õha-	0.464730290457	0.338653048197	0.12958825407	0.0670284072773
tor-	0.663004951246	0.116692181445	0.0234115326796	0.19689133463
mef-	0.298728813559	0.529661016949	0.0190677966102	0.152542372881
sen-	0.416666666667	0.287634408602	0.198924731183	0.0967741935484
tul-	0.379032258065	0.362903225806	0.0	0.258064516129
gõ--	0.445934129991	0.471416080276	0.0780697006287	0.00458008910355
ubõ-	0.896860986547	0.0414798206278	0.0	0.0616591928251
yam-	0.249801744647	0.651070578906	0.0218080888184	0.0773195876288
oru-	0.426910299003	0.299003322259	0.124584717608	0.14950166113
beo-	0.0	0.993730407524	0.00626959247649	0.0
ina-	0.0401887122139	0.815364901858	0.0305783679888	0.113868017939
aef-	0.168523558925	0.0178728921961	0.0110245372615	0.802579011617
lir-	0.171162771844	0.284683516083	0.0346581811549	0.509495530919
mai-	0.389298892989	0.363468634686	0.0885608856089	0.158671586716
fof-	0.34949784792	0.556384505022	0.0390243902439	0.0550932568149
sib-	0.276983133919	0.0348683241184	0.109942421322	0.57820612064
sao-	0.39005572083	0.495761161339	0.0599959972946	0.0541871205356
aha-	0.234208493309	0.262435411175	0.076749575878	0.426606519638
fad-	0.681411226926	0.184211164813	0.0261796618723	0.108197946389
dõh-	0.702360819861	0.0438341338023	0.0558749915443	0.197930054793
ofe-	0.192335909224	0.634158270566	0.145260686687	0.0282451335225
dun-	0.0748746118939	0.880224504418	0.014330069262	0.0305708144256
got-	0.0349537606598	0.0912309926322	0.0194382758484	0.85437697086
hul-	0.0722938964057	0.0767348192598	0.0339915707232	0.816979713611
i't-	0.19298245614	0.614035087719	0.19298245614	0.0
ato-	0.0516072689993	0.19323220186	0.709415373387	0.0457451557539
wau-	0.0669286979628	0.77563108946	0.00448405668733	0.15295615589
lab-	0.655114376113	0.122709965325	0.0262918249525	0.195883833609
tia-	0.0	1.0	0.0	0.0
mig-	0.124744972311	0.751092975809	0.0174876129408	0.106674438939
kau-	0.0	1.0	0.0	0.0
iba-	0.631000207567	0.192369885302	0.0563319807967	0.120297926334
aet-	0.0975954912384	0.107889102185	0.326196101595	0.468319304981
mim-	0.807887792193	0.0724961499609	0.0196874309673	0.0999286268792
de'-	0.113924050633	0.784810126582	0.0632911392405	0.0379746835443
dir-	0.0	1.0	0.0	0.0
sit-	0.158914728682	0.628875968992	0.151162790698	0.0610465116278
yes-	0.00714764704602	0.607639674189	0.00313533779556	0.38207734097
mid-	0.476986733802	0.420202342637	0.0657430395563	0.0370678840051
teo-	0.0813953488372	0.604651162791	0.0813953488372	0.232558139535
gaf-	0.102699367677	0.66206162615	0.103884360381	0.131354645792
ang-	0.2934761662	0.577557157384	0.048110846918	0.0808558294974
fao-	0.112868163179	0.0490966624773	0.0346170379625	0.803418136381
yar-	0.0	1.0	0.0	0.0
se'-	0.814516129032	0.0967741935484	0.0645161290322	0.0241935483871
wur-	0.124031007752	0.666666666667	0.124031007752	0.0852713178294
ido-	0.43842364532	0.443349753695	0.0394088669951	0.0788177339902
tur-	0.271754798199	0.451264381434	0.165402943422	0.111577876945
õfu-	0.441233140655	0.423892100193	0.019267822736	0.115606936416
tah-	0.346568709061	0.524893345007	0.0621957802901	0.0663421656427
eha-	0.114919948924	0.0806404086042	0.786759650329	0.0176799921422
waw-	0.130164300526	0.809219971287	0.0167490827883	0.043866645398
666-	0.0	0.0	0.0	1.0
sod-	0.417780061665	0.34789311408	0.0894141829394	0.144912641315
zui-	0.100247776477	0.0647277299002	0.0331071643329	0.80191732929
har-	0.227135599707	0.604736418698	0.0916004415499	0.0765275400455
kan-	0.103980099503	0.865671641791	0.00298507462687	0.0273631840796
zab-	0.130630245499	0.291904413651	0.369468162186	0.207997178663
geh-	0.0250452657942	0.914875912092	0.0444119783592	0.0156668437544
lig-	0.480575176589	0.303733602422	0.0870332996973	0.128657921292
ida-	0.400969182261	0.551206540217	0.0146012174735	0.0332230600484
za'-	0.0258972619157	0.81871916659	0.155383571495	0.0
ifi-	0.803900325027	0.097146984471	0.0195016251355	0.0794510653665
hoz-	0.0434782608696	0.852173913044	0.0347826086957	0.0695652173913
bum-	0.297709923664	0.572519083969	0.129770992366	0.0
õfa-	0.353848114945	0.140447334162	0.118094442329	0.387610108565
uhu-	0.407960199005	0.164179104478	0.0348258706467	0.393034825871
taf-	0.468189379047	0.302922617984	0.102277882408	0.126610120561
log-	0.03125	0.875	0.078125	0.015625
we'-	0.517199939751	0.166622989644	0.0192754071759	0.29690166343
uka-	0.603448275862	0.225705329153	0.0391849529781	0.131661442006
met-	0.0895833333333	0.822916666667	0.003125	0.084375
udu-	0.323928323928	0.603999604	0.0249480249481	0.0471240471241
nef-	0.0253225035834	0.963210702341	0.00382226469183	0.00764452938365
iho-	0.508476491863	0.128842676311	0.0958408679927	0.266839963834
foh-	0.136290581806	0.593378334941	0.237544198007	0.0327868852459
na--	0.0810810810811	0.864864864865	0.0	0.054054054054
lol-	0.0298507462687	0.701492537313	0.268656716418	0.0
ken-	0.00883652430044	0.9911634757	0.0	0.0
õga-	0.23945968072	0.707327056897	0.0212853049529	0.0319279574294
to'-	0.277990092003	0.417409766454	0.1338995046	0.170700636943
hil-	0.0416411199673	0.933118741059	0.0128755364807	0.0123646024934
gõt-	0.0979279677119	0.67357344096	0.0814481802653	0.147050411063
ufa-	0.624808587781	0.199179509419	0.058984861076	0.117027041724
õli-	0.120818138576	0.726970033296	0.0475661962898	0.104645631838
õsõ-	0.472514619883	0.220272904483	0.0538011695906	0.253411306043
mat-	0.29492007051	0.355760085664	0.216478165969	0.132841677857
kla-	0.157894736842	0.842105263158	0.0	0.0
nit-	0.519093868043	0.28420677235	0.0965323460313	0.100167013575
urõ-	0.667461415375	0.112983941401	0.0149174757591	0.204637167465
aka-	0.231281939239	0.170225323258	0.598492737503	0.0
nif-	0.29526950636	0.497182501509	0.0521470759575	0.155400916173
gok-	0.570429940027	0.388679024846	0.0245346210764	0.016356414051
mõn-	0.668687613302	0.196997164156	0.115359445167	0.0189557773749
leh-	0.348167539267	0.505235602094	0.146596858639	0.0
wab-	0.0775510204081	0.881632653061	0.0326530612245	0.00816326530611
seb-	0.0752071804919	0.267865180439	0.49711403532	0.159813603749
ala-	0.056055910745	0.577282240493	0.0418907206298	0.324771128132
õ'e-	0.634146341463	0.317073170732	0.0292682926829	0.019512195122
dõg-	0.16607071911	0.748112832737	0.0143027413588	0.0715137067938
nah-	0.108773358192	0.43296542912	0.0281006255541	0.430160587134
khõ-	0.0254865497834	0.0118718270905	0.00400098069176	0.958640642434
lum-	0.0920024052916	0.832230907998	0.0613349368611	0.0144317498497
mow-	0.627745176963	0.254968722206	0.040312707711	0.0769733931207
yoh-	0.0210382896872	0.869454407021	0.00853553467311	0.100971768619
gõf-	0.0638963842418	0.85148407987	0.020507285483	0.0641122504048
zir-	0.0619126589276	0.868988391376	0.0591487009397	0.00995024875623
fok-	0.377192982456	0.523391812866	0.0584795321637	0.0409356725146
anu-	0.282352941176	0.505882352941	0.117647058824	0.0941176470589
hik-	0.025	0.90625	0.03125	0.0375
gay-	0.0080971659919	0.991902834008	0.0	0.0
zae-	0.737359836114	0.1976881649	0.0538173705889	0.0111346283977
uzo-	0.456852791878	0.299492385787	0.0609137055838	0.182741116751
wod-	0.477679840773	0.38584020472	0.10235996588	0.0341199886266
gob-	0.0	1.0	0.0	0.0
gõm-	0.541004712166	0.339578053792	0.0407357854442	0.0786814485977
ona-	0.319634703196	0.680365296804	0.0	0.0
dan-	0.151576793054	0.241621202221	0.00787538973795	0.598926614987
ubi-	0.181304414236	0.456697724148	0.137467542386	0.22453031923
iro-	0.837618557879	0.0575934178951	0.0215975317107	0.0831904925151
ate-	0.00842696629215	0.991573033708	0.0	0.0
ser-	0.1642073865	0.548518352021	0.177684450619	0.10958981086
u'o-	0.533178949158	0.178827433369	0.0180603530871	0.269933264386
mub-	0.507381167879	0.233867024542	0.106894291689	0.151857515891
zur-	0.398003440673	0.513980761309	0.0160524339124	0.0719633641055
mis-	0.35421879247	0.465454966791	0.0546406194462	0.125685621293
ted-	0.430296681359	0.210221320592	0.111945058874	0.247536939174
mõr-	0.552123552124	0.199863729275	0.0149897796957	0.233022938905
deu-	0.11204121056	0.858338699292	0.0135222150676	0.0160978750805
ran-	0.0	0.414342629482	0.585657370518	0.0
i'õ-	0.796134610494	0.147918962448	0.0254301941171	0.0305162329405
zel-	0.0291262135922	0.970873786408	0.0	0.0
yon-	0.0	0.995244429085	0.0	0.00475557091518
adu-	0.391495362688	0.553750041132	0.0212174060198	0.0335371901603
õri-	0.0693721817552	0.847381200139	0.0	0.0832466181062
was-	0.149231531978	0.774252189721	0.0598248223434	0.0166914559577
u'e-	0.621967274779	0.118675945082	0.109084069964	0.150272710175
afe-	0.0405405405405	0.222972972973	0.722972972973	0.0135135135135
sos-	0.0582524271845	0.927184466019	0.0145631067961	0.0
fe'-	0.331447187929	0.585219478738	0.033950617284	0.0493827160494
don-	0.206631621512	0.602507076425	0.116457743631	0.0744035584311
kua-	0.0973684536108	0.762208173011	0.0394670097863	0.100956363591
tõi-	0.294812735566	0.576609206461	0.0217315027561	0.106846555217
tat-	0.281088952718	0.192550336722	0.0388160402026	0.487544670357
soz-	0.592705167173	0.243161094225	0.0547112462006	0.109422492401
bit-	0.0	1.0	0.0	0.0
uri-	0.0623121472033	0.839454585441	0.0652444835423	0.0329887838135
leg-	0.0	0.958041958042	0.0	0.041958041958
rig-	0.0336600495284	0.91697187783	0.0291720429246	0.020196029717
wek-	0.0	0.871428571429	0.0428571428571	0.0857142857143
zal-	0.351837566172	0.350194215596	0.0898154296082	0.208152788624
wõf-	0.511732851986	0.346119133574	0.0568592057762	0.0852888086643
du'-	0.113453430433	0.619394403986	0.230356458413	0.0367957071675
õsi-	0.241269381249	0.447210549196	0.0837269960875	0.227793073468
nom-	0.0606039454512	0.851033477878	0.0144617102772	0.0739008663939
mam-	0.46173755424	0.328344884284	0.0575033392097	0.152414222267
utu-	0.534659205376	0.325493729741	0.0520162863284	0.0878307785545
wed-	0.156996587031	0.668941979522	0.174061433447	0.0
gez-	0.14979757085	0.827260458839	0.0080971659919	0.0148448043185
sad-	0.146101563795	0.632756810521	0.17936674587	0.0417748798144
atõ-	0.418060687167	0.239810316237	0.020946673261	0.321182323335
usõ-	0.537550638828	0.159551262075	0.0317856029916	0.271112496105
wer-	0.0	0.984540066993	0.015459933007	0.0
u'õ-	0.729907543206	0.142648282584	0.0579291700957	0.0695150041148
i'f-	0.714285714286	0.0714285714286	0.0714285714286	0.142857142857
sis-	0.0691153238547	0.249605055292	0.675355450237	0.00592417061612
wat-	0.280485595217	0.581445914115	0.0315274506251	0.106541040043
huh-	0.483782798834	0.302295918367	0.114795918367	0.0991253644315
mag-	0.0048465266559	0.991922455574	0.0032310177706	0.0
aug-	0.0462962962963	0.953703703704	0.0	0.0
ama-	0.102454177204	0.701181889794	0.0354607949638	0.160903138038
doi-	0.4	0.254545454545	0.309090909091	0.0363636363636
abu-	0.372054008713	0.227318234705	0.27155883865	0.129068917932
feg-	0.572154428719	0.317917752801	0.0715193035898	0.0384085148908
ifu-	0.260935409183	0.0689562729697	0.0250647633193	0.645043554528
dor-	0.2877398851	0.525119178585	0.138736095832	0.0484048404841
yaw-	0.0607480149182	0.254940146776	0.0133090712223	0.671002767084
reg-	0.025641025641	0.974358974359	0.0	0.0
ahõ-	0.742781767551	0.0928721481264	0.130148028726	0.0341980555963
tag-	0.262195121951	0.585365853658	0.143292682927	0.00914634146341
lo'-	0.0	1.0	0.0	0.0
dõl-	0.0922455272882	0.756360156312	0.0719089773241	0.0794853390754
wol-	0.456419630842	0.246394578392	0.0541729879803	0.243012802786
bet-	0.0455272802354	0.791875290352	0.110566252	0.0520311774119
lõw-	0.292792792793	0.702702702703	0.0045045045045	0.0
ges-	0.301381331101	0.15864378401	0.226035998326	0.313938886563
law-	0.375310055333	0.386414806335	0.0386949055524	0.19958023278
tõd-	0.235281076104	0.173202306695	0.0571130163911	0.534403600811
asu-	0.0485188968335	0.832737487232	0.111082737487	0.00766087844739
nih-	0.0280782858098	0.402814132078	0.0137313427102	0.555376239402
õba-	0.649904604504	0.19059655604	0.102079257252	0.0574195822042
gab-	0.0432158526788	0.899808433065	0.041238387542	0.0157373267143
sek-	0.305797101449	0.504347826087	0.146376811594	0.0434782608696
den-	0.319259259259	0.478518518519	0.00888888888889	0.193333333333
soh-	0.244409158855	0.469104228925	0.173708753506	0.112777858714
owõ-	0.126182156253	0.278876671048	0.579937806559	0.0150033661399
yan-	0.0	0.883177570093	0.0467289719626	0.0700934579439
bad-	0.120805369127	0.758097461336	0.0817041143858	0.0393930551503
zeg-	0.266435986159	0.515570934256	0.155709342561	0.0622837370242
maõ-	0.63768115942	0.347826086956	0.0144927536232	0.0
sõl-	0.671052631579	0.151315789474	0.0197368421053	0.157894736842
efi-	0.0666666666666	0.373333333333	0.56	0.0
õ-n-	0.379310344828	0.472906403941	0.0	0.147783251232
zil-	0.0399719398211	0.941331507682	0.00580237836112	0.0128941741358
rug-	0.560706401766	0.320088300221	0.0132450331126	0.105960264901
efa-	0.405172751958	0.517942057158	0.0366119956589	0.0402731952247
do--	0.138315480734	0.680865843932	0.0770820647839	0.10373661055
tun-	0.112035010941	0.786433260394	0.0472647702406	0.0542669584245
õni-	0.405405405405	0.594594594595	0.0	0.0
fow-	0.410788381743	0.385892116183	0.112033195021	0.0912863070539
fau-	0.106117584202	0.663728089103	0.0447978957319	0.185356430964
wal-	0.0816349168659	0.798356555665	0.0576124126671	0.0623961148019
raf-	0.242193158097	0.631065479487	0.0300345077323	0.0967068546841
age-	0.01310997815	0.962855061908	0.0109249817917	0.01310997815
afa-	0.337861783816	0.246308328411	0.277219925182	0.138609962591
lul-	0.590389016018	0.409610983982	0.0	0.0
das-	0.142857142857	0.0714285714286	0.0	0.785714285714
ma'-	0.189490033242	0.356719237429	0.113349407171	0.340441322158
sõn-	0.130434782609	0.809364548495	0.0401337792642	0.0200668896321
naz-	0.00668300289597	0.989307195366	0.00400980173757	0.0
gal-	0.0306907694104	0.942489953585	0.0150750290903	0.0117442479139
mih-	0.491845312754	0.210132924767	0.0879129172523	0.210108845227
fet-	0.0331273176761	0.891608295564	0.0027468754292	0.0725175113309
kar-	0.104788081332	0.813068057594	0.006559015523	0.0755848455508
soa-	0.084871533253	0.552546145998	0.26783229756	0.0947500231889
sel-	0.440402653855	0.413635323724	0.0629146648364	0.083047357584
awe-	0.201931845032	0.0930282563667	0.0230126765543	0.682027222047
ibe-	0.589962606015	0.0454632163343	0.0140797981494	0.350494379502
kus-	0.0	1.0	0.0	0.0
zaw-	0.164425001986	0.724053506034	0.0322778377507	0.079243654229
zoh-	0.179240829266	0.691088607437	0.0523059318616	0.0773646314355
sah-	0.122910920007	0.604855139092	0.186867867381	0.0853660735212
me'-	0.791460832745	0.185250529287	0.014820042343	0.00846859562456
gak-	0.113924050633	0.810126582278	0.0	0.0759493670886
ati-	0.0618556701031	0.938144329897	0.0	0.0
ray-	0.13428326598	0.321516129784	0.34984324558	0.194357358656
huo-	0.183229813665	0.39751552795	0.406832298137	0.0124223602484
mba-	0.0803623761355	0.742249612842	0.0420144593902	0.135373551633
fa'-	0.167029385066	0.608780787564	0.109006225208	0.115183602162
ae'-	0.658599827139	0.289109766638	0.0	0.052290406223
lae-	0.063829787234	0.851063829787	0.0851063829787	0.0
ndr-	0.0810827538605	0.120272522389	0.00911959224822	0.789525131502
ugo-	0.759493670886	0.183544303797	0.0	0.0569620253164
tak-	0.214336573139	0.408950661951	0.329719184704	0.0469935802069
tuo-	0.205128205128	0.794871794872	0.0	0.0
het-	0.662235043271	0.21133826665	0.0722438229023	0.0541828671767
luk-	0.00814111261872	0.983717774763	0.0	0.00814111261872
tay-	0.519170353273	0.121706097326	0.0384689363339	0.320654613067
lel-	0.121077866116	0.791527583905	0.0673666322753	0.0200279177035
gir-	0.0807881773399	0.91921182266	0.0	0.0
ogõ-	0.330348090571	0.35282189929	0.248225751943	0.0686042581954
are-	0.0523364485981	0.751401869159	0.185046728972	0.011214953271
zõf-	0.0285261489699	0.88589540412	0.066561014263	0.0190174326466
one-	0.140092165899	0.509677419355	0.25069124424	0.0995391705069
tou-	0.197278548559	0.0627534685166	0.0217716115262	0.718196371398
gog-	0.0	1.0	0.0	0.0
saf-	0.0739003294032	0.298499335753	0.589447746137	0.0381525887068
ruf-	0.0509798296089	0.805510033507	0.0732116350021	0.0702985018816
sil-	0.109599299814	0.781697307455	0.0185154130476	0.0901879796836
i'i-	0.77081271832	0.0388655086494	0.0126968609545	0.177624912076
lal-	0.199599649703	0.368396163452	0.0518237492718	0.380180437574
bua-	0.12018882424	0.75671314085	0.0468767153365	0.0762213195741
irõ-	0.78637922587	0.0541129076161	0.0107790298873	0.148728836627
lib-	0.210191082803	0.751592356688	0.0191082802548	0.0191082802548
nis-	0.48547560261	0.369139520893	0.0516947814089	0.0936900950884
huf-	0.241610738255	0.496644295302	0.0604026845638	0.201342281879
afõ-	0.22641548091	0.456529088171	0.22752184558	0.0895335853386
nib-	0.494601128091	0.231017169906	0.0461557067017	0.228225995301
gen-	0.152106936494	0.750270668109	0.0304622762602	0.0671601191374
o'a-	0.881355932203	0.118644067797	0.0	0.0
hem-	0.112934996717	0.757058437295	0.0787918581746	0.0512147078135
uta-	0.475825568134	0.39112110368	0.042538684252	0.0905146439348
ga'-	0.104337631888	0.860492379836	0.021101992966	0.0140679953107
saw-	0.110554839397	0.680693374371	0.172144444111	0.0366073421204
õ-g-	0.551020408163	0.030612244898	0.0	0.418367346939
ohi-	0.354970263382	0.376550552251	0.0893797790994	0.179099405268
gel-	0.223201240931	0.567306197815	0.0310621273633	0.178430433891
sau-	0.21804395306	0.437466738062	0.318016577557	0.026472731321
zig-	0.184	0.216	0.504	0.096
õ-u-	0.216411181244	0.616771866546	0.058611361587	0.108205590622
mao-	0.48891945965	0.10798759002	0.0247480322993	0.37834491803
dõr-	0.291616038882	0.510935601458	0.118469015796	0.0789793438639
abõ-	0.111009259977	0.0968626663582	0.288457465929	0.503670607736
sag-	0.13118615295	0.17179836913	0.180136099274	0.516879378647
nos-	0.193004713492	0.665448887218	0.0422813412678	0.0992650580219
au'-	0.320987654321	0.109567901235	0.430555555556	0.138888888889
iha-	0.581765841212	0.153227125519	0.0658510255487	0.19915600772
oho-	0.524251406202	0.455563512918	0.0201850808805	0.0
zum-	0.199776285806	0.736932667902	0.0236441916306	0.0396468546616
oig-	0.269270298047	0.517985611511	0.154162384378	0.0585817060637
gol-	0.112029002734	0.817247117556	0.0264471651017	0.0442767146083
weh-	0.320250200703	0.397224570659	0.0340306245173	0.248494604121
