-ɨme	0.534606205251	0.214797136038	0.0715990453461	0.178997613365
-unɨ	0.828908554572	0.171091445428	0.0	0.0
-mɨk	0.359938144388	0.204391699563	0.0541439620429	0.381526194006
-eut	0.521920668059	0.171189979123	0.150313152401	0.156576200418
-ɨmo	0.592421619542	0.367185997307	0.0	0.0403923831506
-eup	0.442719927624	0.302675571874	0.145951624491	0.10865287601
-eum	0.488930830608	0.322750434288	0.050705391907	0.137613343197
-eun	0.25357893683	0.611689525144	0.0581472953583	0.076584242667
-ive	0.0	1.0	0.0	0.0
-euk	0.34401309018	0.31157794727	0.281861127972	0.0625478345781
-ptɨ	0.0584585138933	0.504433067051	0.385154254755	0.0519541643015
-aup	0.1864261854	0.455086475209	0.055864011036	0.302623328355
-aus	0.0275229357798	0.862385321101	0.0550458715596	0.0550458715596
-aut	0.328502322818	0.503455956345	0.0105614007753	0.157480320062
-nlɨ	0.295986521316	0.415396675722	0.089917218284	0.198699584678
-aua	0.102489462992	0.824130507293	0.0128869886898	0.0604930410261
-mum	0.506422341262	0.25241186166	0.0516283014709	0.189537495607
-mɨñ	0.45860009362	0.236406716266	0.0583979540018	0.246595236112
-pli	0.480255516841	0.389082462253	0.0261324041812	0.104529616725
-auk	0.327318352336	0.264094732824	0.107877204271	0.300709710569
-aum	0.266451025198	0.311040946146	0.0622220849802	0.360285943676
-aun	0.769230769231	0.153846153846	0.0	0.0769230769231
-put	0.15588244989	0.770761103104	0.0366782235034	0.0366782235034
-nɨp	0.162228594838	0.0475215075788	0.00491601802541	0.785333879558
-uak	0.926819620253	0.0731803797468	0.0	0.0
-uam	0.577367205543	0.187066974596	0.0692840646651	0.166281755196
-kia	0.0	1.0	0.0	0.0
-uan	0.343142544055	0.416587297204	0.0750027359698	0.165267422771
-les	0.0	1.0	0.0	0.0
-uap	0.765957446809	0.118541033435	0.0790273556231	0.0364741641337
-knɨ	0.609056342897	0.311441410301	0.0207397165572	0.0587625302454
-pak	0.488783943329	0.380437744074	0.0	0.130778312597
-uat	0.317812039978	0.607809715658	0.061981870303	0.0123963740606
-pum	0.0786497000442	0.432963587989	0.180514983542	0.307871728425
-bɨt	0.348504448399	0.453828809129	0.0697988529824	0.127867889489
-meñ	0.0693588516746	0.804248803828	0.0137799043062	0.112612440191
-gɨt	0.0713601113039	0.146520744272	0.00432710893311	0.777792035491
-luñ	0.313620193815	0.273235290109	0.262508688956	0.15063582712
-wap	0.315629742033	0.104704097117	0.555386949924	0.0242792109256
-gɨp	0.447145982195	0.210358394659	0.0381988895444	0.304296733601
-gɨl	0.0451127819549	0.636591478697	0.107769423559	0.210526315789
-gɨm	0.534436890334	0.210242388413	0.0487732781555	0.206547443098
-gɨn	0.046549281522	0.93118801862	0.00242865816636	0.019834041692
-opi	0.365253673473	0.457567332335	0.0228626485649	0.154316345628
-ngi	0.175373134328	0.220149253731	0.044776119403	0.559701492537
-imu	0.119136635541	0.800846221185	0.080017143274	0.0
-ñlɨ	0.40315216274	0.406960571095	0.0267812700865	0.163105996079
-dei	0.714714714715	0.0675675675676	0.009009009009	0.208708708709
-dek	0.0466417910448	0.0652985074627	0.00932835820896	0.878731343284
-euñ	0.358502538071	0.584390862944	0.0	0.0571065989848
-dem	0.259021859864	0.0727211928913	0.300899242733	0.367357704512
-ɨta	0.0435707826713	0.0225042575354	0.00275920835442	0.931165751439
-ima	0.511811023622	0.362204724409	0.125984251969	0.0
-aka	0.212753483941	0.20922374169	0.0098930492169	0.568129725152
-oka	0.115485717624	0.795724049302	0.00350487762136	0.0852853554531
-auñ	0.0264007040188	0.826928718099	0.0938691698445	0.0528014080375
-jɨk	0.0318382060497	0.0393281794436	0.00947252411395	0.919361090393
-biu	0.482078853047	0.18458781362	0.0519713261649	0.281362007168
-jɨm	0.584718923199	0.315518606492	0.055423594616	0.0443388756928
-obo	0.0	0.999168053245	0.0	0.00083194675541
-bip	0.133248730965	0.144987309645	0.655139593909	0.0666243654821
-kɨm	0.325692083045	0.22022868172	0.0794777608795	0.374601474356
-kɨn	0.682352941176	0.3	0.0	0.0176470588235
-ida	0.0	1.0	0.0	0.0
-kɨp	0.0325693606755	0.798552472859	0.0579010856453	0.11097708082
-kɨt	0.0378186810013	0.0286839801245	0.0127251536703	0.920772185204
-ñda	0.25610664322	0.176513154541	0.0544667061272	0.512913496111
-mbɨ	0.223337761313	0.13316425826	0.012935199715	0.630562780712
-jɨp	0.180677150147	0.700562708955	0.0465776075284	0.0721825333695
-tla	0.656626506024	0.102409638554	0.0	0.240963855422
-bim	0.341985826897	0.197388327096	0.0419353982536	0.418690447753
-jɨt	0.554019358337	0.263259669357	0.119471404969	0.0632495673366
-tep	0.607142857143	0.328571428571	0.0642857142857	0.0
-bba	0.190476190476	0.738095238095	0.0	0.0714285714286
-uta	0.0	1.0	0.0	0.0
-tet	0.471840103665	0.300011224786	0.0122083885487	0.215940283001
-rik	0.0840693335851	0.816747744769	0.0368393708969	0.0623435507487
-ɨlɨ	0.324585437853	0.338977345848	0.0954485374665	0.240988678832
-uañ	0.292299682718	0.497464316716	0.0114476754281	0.198788325139
-utu	0.0783083482526	0.611656768736	0.0268013079231	0.283233575089
-tek	0.191776118122	0.0111410944026	0.00306053514577	0.79402225233
-tem	0.386149973181	0.376219274091	0.0132017084848	0.224429044242
-jin	0.419354838709	0.129032258064	0.41935483871	0.0322580645161
-met	0.11953278319	0.556698075761	0.1968463355	0.126922805549
-pas	0.084388185654	0.907172995781	0.0084388185654	0.0
-mep	0.254721669896	0.314487930116	0.0316586796108	0.399131720377
-jii	0.239585166861	0.652496372589	0.0315406389001	0.0763778216503
-lup	0.291259606617	0.619330467631	0.0487690504103	0.0406408753419
-bɨm	0.56263246458	0.138864626016	0.0498066819951	0.248696227409
-lus	0.0660377358491	0.760377358491	0.139622641509	0.0339622641509
-dum	0.179105536091	0.320287305411	0.0335305769001	0.467076581598
-luk	0.0	1.0	0.0	0.0
-lum	0.0753935376968	0.339685169843	0.178956089478	0.405965202983
-mem	0.245225641649	0.509548716701	0.173701496168	0.071524145481
-mel	0.0893233336142	0.794387798096	0.0960647172832	0.020224151007
-jit	0.457228719692	0.137565028279	0.325953273949	0.0792529780799
-men	0.395833129171	0.261370206678	0.25354017424	0.0892564899111
-jip	0.257281553398	0.218446601942	0.0388349514563	0.485436893204
-koñ	0.307999878156	0.0514904280101	0.00875354911526	0.631756144719
-ins	0.169741697417	0.469161834475	0.0316288877175	0.32946758039
-aya	0.17558589953	0.680234277489	0.0875912593649	0.056588563616
-ayo	0.0849909584086	0.904159132007	0.0	0.0108499095841
-ila	0.167713261187	0.576640199944	0.0392886863076	0.216357852561
-wat	0.155707783136	0.517981882915	0.152891072153	0.173419261796
-mos	0.0	1.0	0.0	0.0
-yañ	0.216263239161	0.477266573037	0.0485216673832	0.257948520418
-gin	0.149460282314	0.225924524252	0.210803391381	0.413811802053
-beñ	0.26857045241	0.412550180793	0.0119579762549	0.306921390542
-wɨk	0.479374879483	0.280610133235	0.0935567952075	0.146458192075
-ken	0.425806451613	0.509677419355	0.0645161290322	0.0
-dai	0.105339673829	0.433257844836	0.330320373637	0.131082107698
-ili	0.00362413219022	0.963645423967	0.0124579544039	0.020272489439
-umu	0.464285714286	0.34693877551	0.030612244898	0.158163265306
-pmɨ	0.514262391728	0.354526627666	0.0169304491104	0.114280531495
-oti	0.493537015276	0.506462984724	0.0	0.0
-dɨp	0.43743096163	0.364903639041	0.0979770052947	0.0996883940336
-ñni	0.153846153846	0.74358974359	0.0	0.102564102564
-ñgi	0.232391337695	0.0854451933349	0.163649009404	0.518514459566
-olɨ	0.0557717703907	0.422393630178	0.0217621245626	0.500072474869
-tka	0.396386989466	0.349852153022	0.0385326187396	0.215228238773
-uma	0.130247376312	0.080116191904	0.206146926537	0.583489505247
-sup	0.060750239938	0.0512241939107	0.693675848972	0.19434971718
-umi	0.0365853658537	0.780487804878	0.0365853658537	0.146341463415
-ple	0.0192466318394	0.804784162771	0.0453670607644	0.130602144625
-nak	0.0209765180284	0.0217993667461	0.00102976849741	0.956194346728
ALL	0.241283310369	0.254335468507	0.0428981309165	0.461483090208
-nai	0.096470978547	0.601713744836	0.0118652808933	0.289949995724
-nan	0.209699253843	0.36916656076	0.0731419653976	0.34799222
-nam	0.219002675861	0.419866381087	0.128362384709	0.232768558344
-mañ	0.284096673425	0.358639442516	0.0751228891532	0.282140994906
-kii	0.0970879002794	0.629271437782	0.00784440146143	0.265796260477
-sip	0.265220171895	0.433808045672	0.0295980283579	0.271373754075
-kin	0.0	1.0	0.0	0.0
-siu	0.473045822102	0.429245283019	0.0653638814016	0.0323450134771
-kil	0.448222565688	0.533230293663	0.0	0.0185471406492
-kis	0.0504048054322	0.922434055889	0.00783494384956	0.0193261948289
-sii	0.243914792385	0.467605687875	0.107022807604	0.181456712136
-sin	0.119806791272	0.769353719082	0.0359602451007	0.0748792445452
-sim	0.169115682607	0.170317926797	0.439487042479	0.221079348117
-kit	0.0201612903226	0.979838709677	0.0	0.0
-nas	0.0650406504065	0.831978319783	0.0325203252032	0.070460704607
-sia	0.0387282424085	0.822704702561	0.0252058114	0.113361243631
-dlu	0.0	1.0	0.0	0.0
-mot	0.0146093018658	0.985390698134	0.0	0.0
-gom	0.35488499456	0.27868448923	0.139960668445	0.226469847766
-gol	0.255813953488	0.744186046512	0.0	0.0
-lki	0.0	1.0	0.0	0.0
-mon	0.00831408775982	0.990248909417	0.0	0.00143700282269
-ɨpi	0.440334727777	0.145220155419	0.0335689579209	0.380876158884
-got	0.182929054329	0.198122771134	0.126123769225	0.492824405312
-yau	0.0	0.959694415174	0.0	0.0403055848261
-yat	0.286713286713	0.692307692308	0.020979020979	0.0
-tɨu	0.0208023774145	0.970282317979	0.0	0.00891530460623
-tɨt	0.536082474227	0.185567010309	0.278350515464	0.0
-tɨp	0.620770432067	0.198334200937	0.113222280062	0.0676730869339
-bep	0.0697629187041	0.782558739181	0.011646435295	0.13603190682
-bet	0.186127664143	0.725022816342	0.00966339185055	0.0791861276642
-beu	0.209495754635	0.705943510657	0.0143822561081	0.0701784785999
-eon	0.113778705637	0.811064718163	0.0313152400835	0.0438413361169
-ben	0.204469273743	0.623463687151	0.0893854748603	0.0826815642458
-bel	0.0719178082192	0.881849315069	0.0205479452055	0.0256849315068
-bem	0.210842060288	0.738932535773	0.00627817549246	0.0439472284471
-yam	0.0	0.925885560248	0.0	0.0741144397517
-tɨn	0.562962962963	0.202116402116	0.0253968253968	0.209523809524
-eoe	0.198778004073	0.801221995927	0.0	0.0
-tɨk	0.153189451212	0.141848324464	0.043660449746	0.661301774578
-yak	0.360616728201	0.546653255977	0.0154550026372	0.0772750131858
-ɨɨi	0.0	0.608695652174	0.0	0.391304347826
-yop	0.451553205552	0.330072703239	0.0888301387971	0.129543952412
-isi	0.00670837416145	0.97263887842	0.00738674907665	0.0132659983417
-isa	0.100737725769	0.856525057237	0.0213686084966	0.0213686084966
-upi	0.557298429666	0.208862786481	0.0412656677387	0.192573116114
-jup	0.349590723056	0.30934515689	0.00682128240109	0.334242837653
-jut	0.762736535662	0.11499272198	0.0	0.122270742358
-map	0.310828249059	0.538381311167	0.111634911214	0.0391555285601
-mas	0.0	1.0	0.0	0.0
-ena	0.137405231767	0.414781307993	0.0177342052835	0.430079254956
-mat	0.251608492017	0.482759563776	0.168951488838	0.0966804553691
-mai	0.0388666369975	0.869603916333	0.00311526479751	0.0884141818722
-añe	0.388362652233	0.26251691475	0.0243572395128	0.324763193505
-has	0.0	1.0	0.0	0.0
-mam	0.177155788801	0.147055965124	0.477251586211	0.198536659864
-man	0.125135003124	0.283230240223	0.0443656473549	0.547269109298
-nañ	0.13669688102	0.129917043906	0.00591216288934	0.727473912184
-kñe	0.111873210356	0.685631517229	0.0455348182159	0.156960454199
-nɨn	0.37170263789	0.170663469225	0.054756195044	0.402877697842
-una	0.460764587525	0.23138832998	0.0724346076459	0.235412474849
-pta	0.325747399931	0.247112100395	0.29512223203	0.132018267644
-wɨñ	0.249937411803	0.357427846898	0.256884137783	0.135750603516
-bañ	0.523140948016	0.282589203914	0.0444714110039	0.149798437066
-nla	0.280965401011	0.273004726635	0.129268358652	0.316761513702
-ika	0.114104350519	0.317696237808	0.0232234091965	0.544976002477
-bek	0.261108715097	0.191806764539	0.0422988094061	0.504785710958
-gan	0.144665599411	0.112472601993	0.066450243842	0.676411554755
-gam	0.450464396285	0.270897832817	0.0	0.278637770898
-tri	0.0836461126005	0.874530831099	0.0209115281501	0.0209115281502
-gai	0.15105061451	0.433064622704	0.0475749966962	0.36830976609
-adi	0.0	1.0	0.0	0.0
-lal	0.572446088462	0.208169368802	0.0129859908705	0.206398551865
-gat	0.125874125874	0.832167832168	0.0	0.041958041958
-plɨ	0.483148114411	0.461104026234	0.039351430133	0.0163964292221
-ini	0.317637669593	0.641660015962	0.00718276137271	0.0335195530726
-sem	0.322520149518	0.629027239676	0.0152160292557	0.0332365815507
-sel	0.197547683924	0.618528610354	0.0817438692098	0.102179836512
-sek	0.0	1.0	0.0	0.0
-sei	0.174238794471	0.0730104387577	0.0133386387359	0.739412128036
-ina	0.175762771819	0.621027261336	0.101898760739	0.101311206106
-oum	0.551724137931	0.448275862069	0.0	0.0
-yal	0.0743838365761	0.741546928131	0.140564944307	0.0435042909859
-fus	0.0	1.0	0.0	0.0
-set	0.146971197922	0.587625000358	0.0420137292299	0.22339007249
-ses	0.0	0.195979899498	0.743718592965	0.0603015075376
-tɨm	0.247709424084	0.303664921466	0.0687172774869	0.379908376963
-sep	0.0843295745158	0.258767927938	0.00416728165075	0.652735215896
-ñam	0.512507835204	0.0939274792486	0.0162402416092	0.377324443938
-aam	0.0224	0.9728	0.0032	0.0016
-ñan	0.26084050254	0.45133038124	0.050937301093	0.236891815127
-kus	0.0450819672131	0.954918032787	0.0	0.0
-ñak	0.482858803021	0.171218283944	0.0232423009878	0.322680612047
-dɨn	0.341621412645	0.176378299648	0.0503038912465	0.431696396461
-net	0.259541405143	0.346274549504	0.0141729094959	0.380011135857
-edi	0.0283687943262	0.971631205674	0.0	0.0
-dɨk	0.106594244717	0.0203316987162	0.0018811147103	0.871192941857
-nep	0.149284760973	0.0640554596283	0.0114865075824	0.775173271817
-nen	0.319833614464	0.310810146897	0.279367210913	0.0899890277255
-iat	0.647783138765	0.272309401683	0.0735148627875	0.00639259676415
-dɨt	0.148048452221	0.64064602961	0.106325706595	0.104979811575
-iap	0.189655172414	0.810344827586	0.0	0.0
-kua	0.0	1.0	0.0	0.0
-nei	0.777024386431	0.116578083477	0.0483625136783	0.058035016414
-ñau	0.498169902075	0.322480501313	0.0122070406071	0.167142556005
-ñat	0.166224768037	0.711428969256	0.089871637421	0.0324746252866
-kuk	0.685536416913	0.0992477497874	0.0177130070268	0.197502826273
-ban	0.0930830422972	0.622817229336	0.0594198680636	0.224679860303
-wɨn	0.105937211186	0.0261509331855	0.0153646658103	0.852547189818
-bam	0.0588368601456	0.770431432537	0.0147871165123	0.155944590805
-bak	0.0630530973452	0.150719026549	0.194690265487	0.591537610619
-uuk	0.872340425532	0.0	0.031914893617	0.0957446808511
-ɨtɨ	0.236318950916	0.213252370392	0.00890534145873	0.541523337233
-msɨ	0.0215439856373	0.212208258528	0.346140035907	0.420107719928
-hol	0.0	1.0	0.0	0.0
-ñla	0.205623987216	0.614089578495	0.0233885103943	0.156897923895
-jok	0.0941176470588	0.235294117647	0.6	0.0705882352941
-wɨt	0.513789278911	0.217083003564	0.0448051501788	0.224322567346
-bat	0.166149227731	0.63231891469	0.0616651300103	0.139866727569
-bau	0.0510046367852	0.948995363215	0.0	0.0
-wɨp	0.133136094675	0.423076923077	0.0493096646943	0.394477317554
-bas	0.0301029838922	0.939794032216	0.0142593081595	0.0158436757327
-bap	0.18000146581	0.139606185718	0.3698238585	0.310568489971
-ase	0.0	1.0	0.0	0.0
-mbu	0.415908309052	0.564074713507	0.0133446516273	0.00667232581367
-asa	0.0671692940371	0.853324194654	0.039067854695	0.0404386566141
-llɨ	0.337528713966	0.552912871063	0.0609818591079	0.0485765558631
-iyo	0.0121951219512	0.841463414634	0.0	0.146341463415
-asi	0.258469674801	0.377998716699	0.0476242281878	0.315907380312
-mba	0.172498009279	0.584328691312	0.0566124933886	0.186560806021
-yek	0.405005688282	0.342434584755	0.168373151308	0.0841865756542
-tlɨ	0.5875	0.2625	0.15	0.0
-mbe	0.0505310588993	0.694480205986	0.0252655294496	0.229723205665
-yen	0.0	0.971896955504	0.0281030444965	0.0
-mbi	0.325979059856	0.121812897468	0.0282525918086	0.523955450868
-ñdɨ	0.188777506524	0.701461617539	0.030128240436	0.0796326355019
-mbo	0.0916189278487	0.0574674932919	0.0657661172472	0.785147461612
-ɨle	0.395050198459	0.245622227411	0.294536539809	0.0647910343217
-ɨla	0.228124399048	0.27611489298	0.158425774571	0.337334933402
-ɨlo	0.0796380184523	0.557518078298	0.214477183941	0.148366719309
-kal	0.0515191545574	0.858652575958	0.0634081902246	0.0264200792602
-mjɨ	0.260071151719	0.671222148533	0.0388741313873	0.029832568361
-iwa	0.741379310345	0.155172413793	0.103448275862	0.0
-ram	0.0	1.0	0.0	0.0
-iwe	0.152173913043	0.804347826087	0.0	0.0434782608696
-ɨlp	0.868020304569	0.0524534686971	0.0456852791878	0.0338409475466
-kuñ	0.534306662166	0.353058776636	0.0393371959963	0.0732973652018
-bɨu	0.417910447761	0.547263681592	0.0348258706467	0.0
-uka	0.0230946882217	0.899409802412	0.0	0.0774955093662
-neñ	0.332724409472	0.391124861068	0.0815198405834	0.194630888876
-pok	0.364	0.564	0.024	0.048
-iañ	0.489218643979	0.342698335257	0.0444041500944	0.123678870669
-dɨñ	0.178487848797	0.0588602661627	0.00111653485881	0.761535350182
-ñañ	0.0430735335593	0.897007220475	0.0148529426066	0.0450663033589
-lae	0.28944328858	0.458079846792	0.124809317986	0.127667546642
-500	0.561688311688	0.224025974026	0.0974025974026	0.116883116883
-iko	0.0	1.0	0.0	0.0
-lam	0.517741193776	0.305841616541	0.0467373898043	0.129679799879
-lan	0.125372231854	0.253420154592	0.103432601771	0.517775011782
-lao	0.251396648045	0.581005586592	0.0	0.167597765363
-not	0.566238189543	0.155619285375	0.0687175650203	0.209424960062
-iki	0.679245283019	0.320754716981	0.0	0.0
-lak	0.394252132167	0.245212777702	0.0551299116466	0.305405178485
-lat	0.15262657091	0.730758914977	0.0430615867844	0.073552927328
-oup	0.4933387334	0.202609084902	0.0427173704517	0.261334811246
-lap	0.363882193865	0.312698383184	0.0453026888899	0.278116734062
--na	0.22265625	0.2318359375	0.39521484375	0.15029296875
-aak	0.0540540540541	0.581081081081	0.0	0.364864864865
-out	0.186036147707	0.624513033007	0.0288195920102	0.160631227275
-noa	0.129277874529	0.70572273298	0.0	0.164999392491
-epi	0.552395329451	0.238107134311	0.0523097721867	0.157187764051
-boe	0.436893203883	0.330097087379	0.155339805825	0.0776699029126
-dou	0.485870744434	0.259441029085	0.0123986154879	0.242289610994
-ose	0.0162650602409	0.949397590361	0.0	0.0343373493976
-bon	0.164818182476	0.14115847329	0.232540202771	0.461483141463
-ñbi	0.495286506469	0.0306469500924	0.0103512014787	0.463715341959
-bot	0.232391148247	0.635093674522	0.130556824858	0.00195835237287
-don	0.00458110527097	0.97480392101	0.0	0.0206149737194
-gep	0.084514912342	0.0129915485088	0.0041908220996	0.89830271705
-dok	0.193699126124	0.197091295512	0.030321663377	0.578887914987
-bɨñ	0.466238825715	0.250807017356	0.0523978021037	0.230556354826
-sap	0.265425147486	0.596803200161	0.0736507723079	0.0641208800444
-sat	0.497482202607	0.237245837641	0.082354975093	0.182916984659
-ɨwa	0.294005345552	0.238640702558	0.0394552628229	0.427898689067
-bia	0.03125	0.9375	0.03125	0.0
-tok	0.334865276695	0.437885666203	0.0501624776136	0.177086579488
-osɨ	0.291707156393	0.340665396729	0.058596197354	0.309031249524
-ges	0.0	0.959183673469	0.0408163265306	0.0
-olk	0.897959183674	0.0	0.0204081632653	0.0816326530612
-tos	0.0731707317073	0.90243902439	0.0	0.0243902439024
-top	0.472444926727	0.428628620192	0.0493051970628	0.0496212560183
-olo	0.725531101524	0.193315493419	0.00491507836819	0.0762383266889
-sak	0.168290576455	0.813500934945	0.00331063429092	0.0148978543092
-ola	0.281694499477	0.211894657301	0.0333788648148	0.473031978408
-sai	0.338461538462	0.569230769231	0.0615384615385	0.0307692307692
-iba	0.0	1.0	0.0	0.0
-sam	0.579673301601	0.374891821722	0.0454348766768	0.0
-sal	0.163910363049	0.62511008905	0.0259320872884	0.185047460613
-lon	0.0281895761236	0.0262912054654	0.000526350459767	0.944992867951
-ñep	0.980095001131	0.00407147704139	0.0027143180276	0.0131192038001
-lom	0.124719809072	0.422420267374	0.0392257220677	0.413634201487
-iel	0.0	1.0	0.0	0.0
-ien	0.255677966006	0.426615553677	0.0677553675513	0.249951112766
-ɨañ	0.493413085186	0.293064127481	0.0326859130956	0.180836874238
-lot	0.0186766275347	0.960512273212	0.0208110992529	0.0
-ñem	0.597618091797	0.231143226727	0.0932244970783	0.0780141843972
-los	0.0240469208211	0.954252199414	0.00293255131964	0.0187683284457
-lop	0.342857142857	0.0612244897959	0.0	0.595918367347
-ñen	0.246981242401	0.277940716953	0.39902050868	0.0760575319666
-ipi	0.655095860665	0.182277484278	0.0122015519472	0.150425103111
-ipa	0.506937033084	0.429028815368	0.0	0.0640341515475
-aañ	0.103448275862	0.827586206897	0.0	0.0689655172414
-lañ	0.523827173747	0.187820677217	0.0270561284704	0.261296020566
-ewa	0.424307036247	0.211087420043	0.0554371002133	0.309168443497
-ɨpɨ	0.741116751269	0.0	0.0609137055838	0.197969543147
-esa	0.0640331349423	0.766764156968	0.150574887016	0.0186278210742
-hap	0.0	1.0	0.0	0.0
-doñ	0.247184680125	0.0615206784239	0.0110595254357	0.680235116015
-awa	0.477141665734	0.338356546985	0.0740964435116	0.110405343769
-toa	0.335574767851	0.587576048671	0.0288184438041	0.0480307396734
-ñɨt	0.32414833764	0.315315921216	0.12551985062	0.235015890523
-ñɨn	0.261444915554	0.0643696616057	0.00641713965129	0.667768283189
-ñɨm	0.514084507042	0.17323943662	0.23661971831	0.0760563380281
-pbi	0.535275582779	0.2743041716	0.0373041318404	0.15311611378
-aia	0.0442311111296	0.920830027978	0.0178411204556	0.0170977404367
-oñe	0.52380952381	0.369047619048	0.0	0.107142857143
-oña	0.216267042783	0.776680771039	0.0	0.00705218617771
-tia	0.133391733694	0.780600461894	0.036632953731	0.0493748506809
-sañ	0.0258300474312	0.757671866964	0.0185724898566	0.197925595748
-tom	0.675541442762	0.13922813874	0.0227975899691	0.16243282853
-isɨ	0.306875476791	0.368590338574	0.0969533486809	0.227580835954
-lla	0.137575843093	0.55058557923	0.201777903203	0.110060674474
-pka	0.168022538137	0.534686399124	0.144000358514	0.153290704225
-sto	0.0	0.964071856287	0.0	0.0359281437126
-toñ	0.280720377759	0.543211684176	0.0600314799225	0.116036458143
-nap	0.696428571429	0.107142857143	0.0357142857143	0.160714285714
-upɨ	0.190654205607	0.689719626168	0.0579439252337	0.0616822429906
-nɨm	0.12426967698	0.0360306630672	0.0118048000131	0.827894859939
-tou	0.10989010989	0.89010989011	0.0	0.0
-ɨat	0.148258970743	0.288252673083	0.5079046589	0.0555836972742
-pit	0.150392327812	0.488230165649	0.248038360942	0.113339145597
-loñ	0.242385491677	0.41887957806	0.144304149844	0.194430780419
-lek	0.233909355136	0.582787452666	0.0910481839814	0.0922550082167
-lel	0.0	1.0	0.0	0.0
-lem	0.189238711341	0.667517636027	0.00365435641602	0.139589296216
-len	0.108968637708	0.444370222951	0.338424581094	0.108236558247
-ñnɨ	0.266321267071	0.483536710069	0.00818051673599	0.241961506124
-lea	0.0	1.0	0.0	0.0
-mun	0.401685306236	0.454258186437	0.0223055237151	0.121750983612
-mut	0.497815003642	0.230152949745	0.178441369264	0.0935906773489
-mup	0.0602745297407	0.692282663955	0.152272496187	0.0951703101169
-mus	0.0267857142857	0.955357142857	0.0178571428571	0.0
-lep	0.688721643022	0.206695496074	0.0337285792704	0.0708542816328
-asɨ	0.286308705773	0.439933871221	0.147128925762	0.126628497244
-let	0.542296342848	0.212582261759	0.0288997820282	0.216221613365
-leu	0.289982425308	0.561308638637	0.029741787211	0.118967148844
-iot	0.0	1.0	0.0	0.0
-eem	0.115925058548	0.830210772834	0.0	0.0538641686182
-mdɨ	0.166078451181	0.549347301345	0.052151279362	0.232422968112
-een	0.548203096462	0.128522858187	0.0126443564023	0.310629688949
-fas	0.0085070182901	0.978732454275	0.0	0.0127605274351
-ndu	0.411605937922	0.271255060729	0.195681511471	0.121457489879
-gip	0.077411940304	0.922588059696	0.0	0.0
-ndi	0.417208604302	0.527763881941	0.0250125062531	0.0300150075038
-alo	0.0608391608392	0.886713286713	0.0	0.0524475524476
-gil	0.0894941634242	0.910505836576	0.0	0.0
-gik	0.00870099374013	0.0660933385607	0.511908465043	0.413297202656
-alk	0.624930224252	0.18065956171	0.0277997214275	0.16661049261
-ali	0.437041473274	0.38618555672	0.102011279134	0.0747616908719
-nda	0.198824234996	0.144165020273	0.0152563862033	0.641754358528
-tlo	0.00964802572807	0.960514561372	0.0276934071824	0.00214400571735
-ale	0.0995577157091	0.664895065401	0.0541531990464	0.181394019843
-nde	0.182505540347	0.284578281841	0.0739147438404	0.459001433972
-ala	0.22305989536	0.187931581641	0.0350966482254	0.553911874774
-120	0.297435897436	0.25641025641	0.0615384615385	0.384615384615
-fat	0.0323450134771	0.967654986523	0.0	0.0
-woñ	0.0752160615867	0.865932877674	0.0195121163949	0.0393389443445
-ñin	0.145539906103	0.267605633803	0.336944745395	0.249909714698
-ñii	0.133411460649	0.577334873636	0.00409953573232	0.285154129982
-yok	0.382978723404	0.489361702128	0.127659574468	0.0
-bin	0.216289060168	0.487418013095	0.0756255455132	0.220667381224
-mla	0.222298165143	0.583706387198	0.0365498669502	0.157445580708
-nat	0.230161282846	0.285378211088	0.180030986943	0.304429519123
-yom	0.0957924468245	0.719439572512	0.0967408868921	0.0880270937712
-lok	0.190343714394	0.294904928544	0.0549697588092	0.459781598252
-gwa	0.0729434783021	0.603740252833	0.0701416129247	0.25317465594
-gwi	0.145637035428	0.768352686403	0.0379922701116	0.0480180080577
-loi	0.0	0.98	0.02	0.0
-soñ	0.376132539477	0.367589955993	0.0938389852447	0.162438519286
-mga	0.194727595739	0.521885721058	0.0512610723882	0.232125610815
-pek	0.210382081491	0.363171722913	0.00969098743199	0.416755208164
-pet	0.135139048428	0.0314584399162	0.0832681770064	0.750134334649
-153	0.216	0.048	0.096	0.64
-eli	0.0	0.952	0.032	0.016
-pep	0.0435387313298	0.896595513092	0.00453528451351	0.0553304710649
-elo	0.0585933610785	0.749198510524	0.00164280451622	0.190565323881
-ela	0.284822286263	0.618635926993	0.0369836695485	0.059558117195
-ulɨ	0.0513962647771	0.610625244268	0.00404882130213	0.333929669653
-pna	0.0287138058522	0.875647303414	0.00332079481715	0.0923180959166
--pɨ	0.730202998042	0.241640074012	0.0112627711781	0.016894156767
-100	0.0833333333334	0.014705882353	0.0735294117647	0.828431372549
-esu	0.0293087690112	0.532269427072	0.00123232385471	0.437189480062
-esi	0.177376441184	0.505119729098	0.215270499073	0.102233330646
-muñ	0.662944162437	0.243654822335	0.0	0.0934010152284
-iti	0.523975251353	0.464423820572	0.0116009280742	0.0
-leñ	0.26335615865	0.661136131527	0.0478829379364	0.0276247718863
-ioñ	0.51376146789	0.412844036697	0.0	0.0733944954128
-ita	0.212387726009	0.696468773614	0.0364574001511	0.0546861002267
-nbɨ	0.486875855561	0.238932525285	0.0231516553035	0.25103996385
-yuk	0.359477124183	0.541549953315	0.0429505135388	0.0560224089636
-ttɨ	0.186660810552	0.62824133952	0.0202467101063	0.164851139822
-sɨt	0.192307692308	0.271203155819	0.457593688363	0.0788954635109
-sɨi	0.124352331606	0.617731721359	0.0852043753598	0.172711571675
-sɨk	0.479087452472	0.370994024986	0.0760456273764	0.0738728951656
-sɨm	0.383486308851	0.173874719758	0.0454710943339	0.397167877057
-sɨn	0.115905176199	0.0919744485673	0.040770154084	0.75135022115
-hum	0.0	1.0	0.0	0.0
-uom	0.448818897638	0.362204724409	0.188976377953	0.0
-iup	0.336054421769	0.521088435374	0.091156462585	0.0517006802721
-wok	0.444596443228	0.514363885089	0.0410396716826	0.0
-ait	0.231063955202	0.422634836428	0.186265841438	0.160035366932
-ñek	0.112781954887	0.842105263158	0.0	0.0451127819549
-ilɨ	0.175904969645	0.554309139125	0.0271974676194	0.24258842361
-uop	0.188105356557	0.0287191967724	0.0811316699176	0.702043776753
-tua	0.596438526547	0.316523593235	0.0274856463846	0.0595522338335
-ñgɨ	0.671636492723	0.195598154065	0.0859069932553	0.0468583599574
-dep	0.476683937824	0.155440414508	0.0	0.367875647668
-tuk	0.166531492955	0.348125585198	0.00706827118404	0.478274650663
-koi	0.485227014144	0.198689773285	0.00233541324838	0.313747799322
-ael	0.0106844741235	0.946355036171	0.0	0.0429604897051
-kok	0.0345167112226	0.0286670329106	0.00419401108415	0.932622244783
-aen	0.518987341772	0.405063291139	0.0	0.0759493670886
-sol	0.0	1.0	0.0	0.0
-son	0.0	1.0	0.0	0.0
-kop	0.16280185511	0.823871208487	0.00213230982461	0.0111946265792
--bɨ	0.386720819354	0.437400671022	0.158926364118	0.0169521455059
-vai	0.0148698884758	0.970260223048	0.0148698884758	0.0
-ion	0.114737883284	0.746785361029	0.0316518298714	0.106824925816
-tna	0.226777492089	0.293774140606	0.0101486698331	0.469299697472
-usɨ	0.183399010807	0.326964752299	0.301092095467	0.188544141427
-liv	0.0460921843688	0.953907815631	0.0	0.0
-lip	0.0	0.979814970564	0.0	0.0201850294365
-rut	0.0	1.0	0.0	0.0
-lis	0.0447761194029	0.746268656716	0.0	0.208955223881
-lim	0.398044547776	0.576318684741	0.0	0.0256367674839
-lin	0.105136228175	0.56269536384	0.239092086636	0.0930763213484
-lii	0.158208987431	0.476704968441	0.0459189728651	0.319167071263
-jet	0.265971866622	0.48251453357	0.120184342902	0.131329256905
-lik	0.6	0.288888888889	0.0444444444445	0.0666666666666
-oma	0.215640599002	0.601331114809	0.055241264559	0.127787021631
-lia	0.00429107813337	0.943500804577	0.00482746290005	0.0473806543894
-ome	0.0	1.0	0.0	0.0
-oda	0.0	1.0	0.0	0.0
-diñ	0.198153846154	0.218461538462	0.159384615385	0.424
-eam	0.0272417707151	0.94665153235	0.0	0.0261066969353
-rni	0.0	1.0	0.0	0.0
-ɨnɨ	0.361474615867	0.324571233215	0.104841313555	0.209112837363
-lɨñ	0.489835388623	0.165239510712	0.0397840972027	0.305141003463
-gɨu	0.115067049248	0.51952919131	0.0368917257129	0.32851203373
-pai	0.214540731764	0.630259589938	0.0467881383103	0.108411539987
-apa	0.654344108786	0.249898216758	0.0	0.0957576744565
-pal	0.574544087235	0.258507238203	0.138371874412	0.0285768001503
-tiñ	0.175	0.775	0.05	0.0
-pan	0.426035502959	0.556213017752	0.0	0.0177514792899
-ape	0.10111223458	0.150657229525	0.748230535895	0.0
-api	0.434253483089	0.090228027043	0.0218351007307	0.453683389137
-dua	0.0	1.0	0.0	0.0
-pap	0.442822384428	0.217761557178	0.0474452554745	0.29197080292
-wan	0.123969941305	0.218963160491	0.111127389246	0.545939508959
-bɨk	0.431936847449	0.124419978471	0.2449903585	0.19865281558
-duk	0.765151515152	0.143939393939	0.0454545454546	0.0454545454546
-pat	0.212467627239	0.285801059221	0.153636203118	0.348095110422
-bɨl	0.793180133432	0.206819866568	0.0	0.0
-wai	0.687411322185	0.21990400516	0.0695135044906	0.0231711681635
-bɨn	0.380533098806	0.313082854279	0.143990220706	0.162393826209
-num	0.0709340148807	0.778553162249	0.0267173881797	0.123795434691
-sen	0.250236071766	0.589235127479	0.160528800755	0.0
-tul	0.310946525495	0.572127859621	0.103693847842	0.0132317670423
-kem	0.544943820225	0.185393258427	0.0800561797752	0.189606741573
-kek	0.719626168224	0.242990654206	0.0	0.0373831775701
-liñ	0.522264188033	0.259394709187	0.102888288453	0.115452814327
-sop	0.198058252427	0.685436893204	0.116504854369	0.0
-sum	0.0790954305254	0.870205160087	0.0369909853901	0.0137084239975
-ɨke	0.358692769487	0.0178412132025	0.0169973720375	0.606468645273
-suk	0.130914913588	0.7389431837	0.0430677488819	0.0870741538292
-ɨka	0.13822550001	0.549817156632	0.0220637806697	0.289893562688
-sua	0.399214902048	0.429692997074	0.0	0.171092100878
-eañ	0.568077366563	0.175984450463	0.0532968997245	0.202641283249
-fet	0.0266690088551	0.931810378556	0.00119770997852	0.0403229026102
-dia	0.00968544321911	0.961038103414	0.00660371128574	0.022672742081
-kot	0.375360258589	0.386353370507	0.0171546581727	0.221131712731
-dil	0.379622021364	0.516844700082	0.0147904683648	0.088742810189
-din	0.155840620225	0.0450862438477	0.0824934628055	0.716579673122
-aña	0.226507264934	0.290277236542	0.134443021767	0.348772476758
-dit	0.356292059225	0.353113473921	0.015007497327	0.275586969528
-sla	0.573399014778	0.320197044335	0.023645320197	0.0827586206896
-anɨ	0.261606383854	0.667973784517	0.0309320755752	0.0394877560534
-ktɨ	0.344865637643	0.332474562751	0.0488240954397	0.273835704167
-sli	0.0	1.0	0.0	0.0
-kim	0.0	1.0	0.0	0.0
-ksɨ	0.26543632628	0.601052517752	0.106693580363	0.0268175756047
-lɨt	0.303580116189	0.545373894628	0.0379475145236	0.113098474659
-lɨp	0.857142857143	0.142857142857	0.0	0.0
-lɨn	0.449817514939	0.477279129004	0.0297875581335	0.0431157979233
-lɨm	0.449599380856	0.367153932373	0.0473611870579	0.135885499713
-lɨl	0.247191011236	0.730337078652	0.0	0.0224719101124
-lɨk	0.123169760156	0.564753938449	0.251333692405	0.0607426089908
-kli	0.0669994469447	0.82197603884	0.0126414050839	0.0983831091312
-kle	0.557052478328	0.0662666083155	0.0614028129186	0.315278100438
-nna	0.238142028266	0.579192211416	0.0405923911818	0.142073369136
-age	0.048	0.92	0.0	0.032
-mnɨ	0.506479374814	0.433178355921	0.00692452270254	0.0534177465625
-tit	0.248574141817	0.554096231755	0.10019450024	0.0971351261871
-tiu	0.436274509804	0.563725490196	0.0	0.0
-tip	0.0842420196325	0.375392527755	0.211903172366	0.328462280246
-aip	0.619680851064	0.380319148936	0.0	0.0
-wañ	0.150759219089	0.508496023138	0.0988792480115	0.241865509761
-tis	0.0	1.0	0.0	0.0
-nga	0.411494252874	0.386206896552	0.0275862068965	0.174712643678
-enɨ	0.452549934548	0.203362511911	0.276766075674	0.0673214778667
-mek	0.337083414495	0.233975235333	0.065023178109	0.363918172064
-reu	0.0	1.0	0.0	0.0
-aim	0.0362418595839	0.625310538317	0.0724837191679	0.265963882931
-ail	0.0282352941176	0.929411764706	0.0	0.0423529411765
-aio	0.0304017372421	0.930510314875	0.0	0.0390879478827
-ain	0.0638044835222	0.508081570009	0.0070909118839	0.421023034585
-ñɨp	0.253479125249	0.373757455268	0.089463220676	0.283300198807
-aik	0.223888325393	0.231523897973	0.331213636665	0.213374139969
-tik	0.202327612929	0.0896666384874	0.00845379998309	0.699551948601
-eme	0.462391548072	0.518518892604	0.00636318644136	0.0127263728827
-ñna	0.373182279337	0.338772404464	0.117940480216	0.170104835982
-jat	0.400142544418	0.488061905004	0.0439851346535	0.0678104159243
-dap	0.012938800682	0.899814987243	0.0137248025926	0.0735214094828
-emu	0.786585365854	0.158536585366	0.0	0.0548780487805
-jan	0.165170734486	0.127978813245	0.0751297438112	0.631720708458
-kañ	0.517893748702	0.210067682392	0.0514293445531	0.220609224353
-das	0.0	0.99243140965	0.00189214758751	0.00567644276253
-jak	0.0550215362074	0.866614457679	0.0283444277432	0.0500195783702
-kna	0.269501171744	0.435888851691	0.0569132909274	0.237696685638
-ana	0.318451878149	0.377171901838	0.0266415198288	0.277734700185
-mda	0.303561422133	0.317572333472	0.0640416091282	0.314824635267
-dan	0.33307307187	0.39106689056	0.0423874657205	0.23347257185
-ndɨ	0.0688364308256	0.0657372980661	0.0156011610681	0.84982511004
-alɨ	0.183849858735	0.212619616624	0.0233426087347	0.580187915906
-kta	0.38603500135	0.194412744382	0.0538269143992	0.365725339869
-000	0.0389750865994	0.259949822662	0.00714702077005	0.693928069968
-tsɨ	0.254447538548	0.544017112659	0.106752663542	0.0947826852503
-eta	0.140405096401	0.0431527685178	0.0181131574684	0.798328977613
-ɨsɨ	0.242441316975	0.46612044273	0.144308783694	0.147129456601
-mlɨ	0.326457951421	0.424554803069	0.187371009646	0.0616162358643
-ɨuñ	0.680048094178	0.110377335917	0.0256621922331	0.183912377671
-atu	0.844789356984	0.155210643016	0.0	0.0
-bul	0.00673778775968	0.99326221224	0.0	0.0
-bum	0.662760928252	0.205428321567	0.0387194078656	0.093091342315
-nos	0.0	1.0	0.0	0.0
-pmu	0.62242090784	0.336313617607	0.0	0.041265474553
-wet	0.0814845168931	0.314455182856	0.011334946989	0.592725353262
-300	0.0494505494506	0.131868131868	0.186813186813	0.631868131868
-elɨ	0.0939370823741	0.843689125094	0.0103060145707	0.0520677779616
-wem	0.0252981568485	0.784965666787	0.0379472352729	0.151788941091
-wel	0.437070296057	0.243019503297	0.0084186894907	0.311491511155
-ato	0.148307361634	0.813003761419	0.0	0.0386888769478
-bup	0.385189794648	0.189172370877	0.0	0.425637834474
-dɨm	0.107239966981	0.42794390896	0.295821411274	0.168994712785
-but	0.545857988166	0.100591715976	0.0	0.353550295858
-kak	0.400300424587	0.268032822558	0.0461731519925	0.285493600863
-kai	0.11779804773	0.578097778332	0.073686014641	0.230418159296
-keñ	0.169584050318	0.816887201092	0.000949385866016	0.0125793627247
-kam	0.130607954165	0.869392045835	0.0	0.0
-jañ	0.881914893617	0.0606382978723	0.0	0.0574468085106
-bla	0.610201822135	0.171768911654	0.119986127229	0.0980431389811
-ula	0.321718515388	0.429041649135	0.0325587819915	0.216681053485
-pnɨ	0.234154300755	0.5907331706	0.0382429660259	0.136869562619
-kae	0.526691407365	0.23408506994	0.166428775335	0.0727947473594
-esɨ	0.143285057183	0.682925025858	0.0910902911134	0.0826996258463
-iak	0.408695652174	0.556521739131	0.0347826086956	0.0
-kap	0.135730071377	0.0691056588835	0.0112818640023	0.783882405737
-nin	0.107113128997	0.0526927064026	0.0325390213786	0.807655143222
-kau	0.486223662885	0.384116693679	0.0	0.129659643436
-kat	0.140213787281	0.22564305436	0.37378108215	0.260362076208
-tta	0.399770640574	0.381958003652	0.0493910332902	0.168880322484
-pañ	0.491297024144	0.407636159461	0.0168444693992	0.084222346996
-nbi	0.333425065643	0.140224241761	0.011915042787	0.514435649809
-nba	0.862004942867	0.0265549253463	0.0290940439065	0.0823460878799
-fik	0.0	0.970902394107	0.0290976058932	0.0
-nem	0.335984536367	0.434650015216	0.0867586334052	0.142606815012
-nek	0.0933538047919	0.0407232662959	0.00523867260603	0.860684256306
-ɨum	0.584676102642	0.230067449102	0.0223658126597	0.162890635597
-ɨun	0.448979591837	0.326530612245	0.102040816327	0.122448979592
-ias	0.00483759502419	0.995162404976	0.0	0.0
-ɨuk	0.539310103309	0.39345123446	0.0	0.0672386622307
-dom	0.0	1.0	0.0	0.0
-ata	0.133252818035	0.758655394525	0.0742753623188	0.0338164251208
--ku	0.276595744681	0.670212765958	0.0531914893617	0.0
-pme	0.310021399142	0.59890981486	0.0	0.0910687859981
-ɨut	0.481712756467	0.411239964318	0.0133809099019	0.0936663693132
-ilo	0.00987654320989	0.955555555556	0.00987654320988	0.0246913580247
--ka	0.641304347826	0.260869565217	0.0407608695652	0.0570652173913
-ɨup	0.506887645286	0.327378390013	0.0495049504951	0.116229014206
-vit	0.0	0.993406593407	0.0	0.0065934065934
-njɨ	0.260922961812	0.440378206906	0.103770478746	0.194928352536
-oan	0.15625	0.802083333333	0.0416666666666	0.0
-oam	0.0179104477612	0.928358208955	0.0	0.0537313432835
-tim	0.0619047619048	0.715714285714	0.00428571428571	0.218095238095
-ñgo	0.166243149291	0.576083949273	0.051938546762	0.205734354674
-ñga	0.227192834356	0.53800984213	0.0480425811633	0.186754742351
-aat	0.0	1.0	0.0	0.0
-pma	0.157804523883	0.603218615731	0.0561429266806	0.182833933706
-nji	0.068085106383	0.91914893617	0.0127659574468	0.0
-oañ	0.415115737588	0.462079190043	0.0812934986109	0.0415115737587
-ama	0.0658806426538	0.243315848605	0.0214445717444	0.669358936997
-oas	0.0406779661017	0.959322033898	0.0	0.0
-wam	0.278143967037	0.511653195489	0.0223280707484	0.187874766726
-ñgu	0.0922681647662	0.869853468654	0.0065284078844	0.0313499586949
-mna	0.213043644459	0.687642776921	0.0584668648327	0.0408467137872
-uum	0.666666666667	0.333333333333	0.0	0.0
-usi	0.0221729490022	0.911308203991	0.0133037694013	0.0532150776053
-eim	0.197044334975	0.536945812808	0.147783251232	0.118226600985
-pim	0.888625592417	0.0118483412322	0.0	0.0995260663507
-ein	0.297012970552	0.224724322954	0.0114073260383	0.466855380455
-tnɨ	0.19212689234	0.473190524369	0.0431053925122	0.291577190779
-usa	0.0512820512821	0.948717948718	0.0	0.0
-pɨn	0.255150554675	0.640253565769	0.095087163233	0.0095087163233
-pɨm	0.394417581145	0.0237426528071	0.0205576627964	0.561282103252
-gut	0.682582284985	0.123400963036	0.0333154273688	0.16070132461
-guk	0.545582550105	0.0804331071192	0.0209610567806	0.353023285995
-gun	0.327187865189	0.408863774403	0.0270254293933	0.236922931015
-bal	0.195804195804	0.794871794872	0.0	0.00932400932403
-pɨt	0.242910647405	0.628678437667	0.0749063670412	0.0535045478865
-kan	0.342854943463	0.0878694490363	0.0249472120589	0.544328395442
-uda	0.0891070997997	0.675840393777	0.139684545734	0.0953679606888
-epa	0.496937882765	0.482064741907	0.0	0.0209973753281
-mɨn	0.194827331969	0.491991516006	0.164905199231	0.148275952795
-n-o	0.309523809524	0.111111111111	0.18253968254	0.396825396825
-mɨm	0.571723426213	0.288957688339	0.0402476780186	0.0990712074303
-dañ	0.357536707778	0.174726537944	0.0171943844773	0.450542369801
-sta	0.0703124999999	0.9296875	0.0	0.0
-mɨt	0.378559846652	0.393484180114	0.141849122867	0.0861068503657
-mɨu	0.339410858046	0.19290595294	0.0612982820552	0.406384906959
-ñjɨ	0.2340909932	0.494446624271	0.0458217328738	0.225640649655
-mɨp	0.595238095238	0.294002411091	0.0120554550934	0.0987040385774
-ñmɨ	0.368	0.416	0.216	0.0
