-łpu	0.466167801081	0.200666508043	0.0896443520397	0.243521338837
-łpi	0.426288394285	0.442720335077	0.0627660151273	0.0682252555101
-łup	0.511697693575	0.257108731466	0.0445428336079	0.186650741351
-lem	0.00655130392396	0.99021853928	0.000682427492079	0.00254772930376
-mbe	0.348038750664	0.569698830836	0.0258372589308	0.0564251595694
-kił	0.3935435875	0.3484938073	0.0478875799285	0.210075025271
-pup	0.513124602688	0.20482329292	0.0672695305565	0.214782573835
-pur	0.133219082235	0.183290352624	0.157331194222	0.526159370919
-pus	0.298707753479	0.671471172962	0.0238568588469	0.00596421471174
-nał	0.451966637601	0.251612141865	0.0816628287387	0.214758391796
-pul	0.123000787168	0.867288624371	0.00971058846068	0.0
-pum	0.757618011687	0.046377507874	0.00912970144623	0.186874778993
-pun	0.387618575705	0.299430391444	0.0824125132162	0.230538519634
-pui	0.594375420109	0.23677876797	0.0509551377957	0.117890674126
-puk	0.429266875806	0.112772047057	0.028864961534	0.429096115603
-opu	0.374067848045	0.21118046141	0.0298185183288	0.384933172216
-sis	0.100106085447	0.810203491176	0.0624939724178	0.0271964509596
-pru	0.0128410914928	0.948635634029	0.0385232744783	0.0
-opa	0.0193801938019	0.978669786698	0.00030000300003	0.00165001650017
-ims	0.0	0.996952845281	0.00101571823976	0.00203143647952
-dei	0.417015341702	0.328451882845	0.0976290097629	0.15690376569
-gki	0.0220004991109	0.0562838389258	0.00464297068526	0.917072691278
-400	0.4	0.210989010989	0.0659340659341	0.323076923077
-der	0.252559726962	0.730375426621	0.0102389078498	0.00682593856655
-łei	0.441511106118	0.389634705761	0.0585419436174	0.110312244503
-kim	0.441091438902	0.534879818144	0.0176210781659	0.00640766478758
-imi	0.146816190962	0.340627645311	0.178916791039	0.333639372689
-rpi	0.362862493954	0.184098491902	0.0795518767169	0.373487137427
-sik	0.23482893158	0.177575914589	0.0197544645011	0.56784068933
-bir	0.35761589404	0.46357615894	0.0794701986755	0.0993377483444
-bis	0.140088064327	0.230604703228	0.495966444434	0.133340788011
-bip	0.135629709365	0.834230355221	0.0301399354144	0.0
-uls	0.505319469863	0.23862196569	0.0808478973513	0.175210667096
-wuł	0.31835667761	0.506826468635	0.0921250698895	0.082691783866
-goł	0.317774892367	0.263103943142	0.146415635891	0.2727055286
-kpu	0.113659062446	0.644259013074	0.208314743643	0.0337671808367
-kpi	0.53545485991	0.425631269457	0.0051885160844	0.0337253545486
-moł	0.734365712887	0.144384513961	0.00867317432496	0.112576598827
-bin	0.356604874621	0.347917888557	0.156114460185	0.139362776637
-bim	0.0933716271072	0.894174748806	0.00585405881993	0.00659956526674
-rpu	0.289402046372	0.217215807754	0.473106167277	0.0202759785976
-bik	0.508771929825	0.315789473684	0.140350877193	0.0350877192982
-bii	0.527226825937	0.261790598061	0.0458525892547	0.165129986747
-tep	0.123047654766	0.630537513992	0.0303828230676	0.216032008175
-100	0.0481825444378	0.192780107849	0.0629119233073	0.696125424406
-sim	0.54664137096	0.0863043822274	0.0460360330696	0.321018213743
-ria	0.0428015564203	0.897276264591	0.0178988326848	0.0420233463035
-rin	0.274038725756	0.620522582364	0.0713111925759	0.0341274993041
-ril	0.0	1.0	0.0	0.0
-rim	0.449795819642	0.293806148565	0.0665712462164	0.189826785576
-rik	0.339036057266	0.254410932256	0.0980814087499	0.308471601728
-rii	0.241504474104	0.368378898763	0.121493879786	0.268622747346
-rir	0.51096211078	0.274113997104	0.128285650857	0.0866382412589
-ris	0.0814465408805	0.863836477987	0.0358490566038	0.0188679245283
-rip	0.282768703237	0.233193392947	0.0559023980843	0.428135505732
-tei	0.573531200584	0.337550176378	0.0638608441795	0.025057778859
-mał	0.103710938185	0.703583190904	0.178484710686	0.0142211602241
-tem	0.138051889335	0.833187300386	0.0287608102782	0.0
-ten	0.330837389242	0.130725071758	0.441594908274	0.0968426307252
-jin	0.28699752384	0.663215847426	0.0252884463411	0.0244981823929
-duk	0.219490186684	0.658146065368	0.0905006829549	0.0318630649927
-ara	0.025945945946	0.974054054054	0.0	0.0
-mes	0.0918367346939	0.877551020408	0.0306122448979	0.0
-mer	0.348462410457	0.417173752551	0.0738954902783	0.160468346713
-reł	0.56512605042	0.144957983193	0.0	0.289915966386
-lus	0.0862068965516	0.913793103448	0.0	0.0
-iwa	0.230769230769	0.769230769231	0.0	0.0
-ark	0.464135021097	0.35864978903	0.0253164556962	0.151898734177
-luk	0.0180045011253	0.905476369092	0.0585146286571	0.0180045011253
-wai	0.0429362880886	0.927977839335	0.0207756232687	0.00831024930748
-men	0.0696357344976	0.885382615771	0.0145194474192	0.0304622023119
-mei	0.0262321659459	0.874198576187	0.0366221077626	0.0629471501043
-jip	0.0762266681569	0.917402481279	0.00502961886666	0.00134123169777
-goi	0.375652173913	0.624347826087	0.0	0.0
-rai	0.0	1.0	0.0	0.0
-mor	0.220588235294	0.691176470588	0.0735294117647	0.0147058823529
-sra	0.0	0.990243902439	0.0	0.00975609756097
-bpi	0.717532467532	0.243506493507	0.038961038961	0.0
-lap	0.191569569782	0.710683344997	0.0614445291042	0.0363025561174
-ult	0.437246963563	0.386234817814	0.051012145749	0.125506072874
-ndn	0.387755102041	0.530612244898	0.0	0.0816326530612
-umb	0.0380211891363	0.223980220896	0.0150901686625	0.722908421305
-umo	0.405488202237	0.579035148823	0.00619065957616	0.0092859893642
ALL	0.231373073201	0.293023176174	0.0535741401012	0.422029610523
-nai	0.169230769231	0.739601139601	0.0398860398861	0.0512820512821
-nan	0.101496402559	0.746577010707	0.0721137434848	0.0798128432486
-aki	0.386332217988	0.198448469251	0.0604969388605	0.3547223739
-nam	0.226536444711	0.0476041310348	0.0142288249654	0.711630599289
-kik	0.397025905934	0.48343941271	0.0875164631359	0.0320182182205
-sir	0.0	1.0	0.0	0.0
-kii	0.445754693091	0.244889161639	0.0226896341496	0.28666651112
-sip	0.206081161323	0.454225550408	0.0681505501261	0.271542738143
-kin	0.0879409581301	0.0310488318976	0.00570890340541	0.875301306567
-aka	0.25697716098	0.656190979923	0.0203802605066	0.0664515985899
-kil	0.580977300764	0.364637342896	0.0355386272947	0.018846729045
-kis	0.122921515971	0.410316244443	0.287505640235	0.179256599351
-kir	0.26817216058	0.0530410526582	0.0454255385222	0.63336124824
-sii	0.0999556409878	0.833707472477	0.0486604922506	0.0176763942844
-kip	0.119846026798	0.341117043595	0.0673702482653	0.471666681342
-sin	0.0442503509495	0.0239848007498	0.00662601725972	0.925138831041
-puł	0.147249255922	0.632592668538	0.14851006852	0.0716480070196
-sil	0.0795585570746	0.901663646846	0.00790644045462	0.0108713556251
-nar	0.263157894737	0.0263157894737	0.368421052632	0.342105263158
-nas	0.0312664017395	0.946989577866	0.0157456699408	0.00599835045362
-wuk	0.569277815512	0.229685529079	0.0592007862555	0.141835869154
-ełi	0.663751987282	0.279014308426	0.0381558028617	0.0190779014309
-gok	0.366785396197	0.293733975126	0.0846982390307	0.254782389646
-mos	0.0520446096654	0.933085501859	0.0	0.0148698884758
-gol	0.0220363191186	0.656600693736	0.320138747194	0.00122423995103
-wum	0.510745313214	0.256474207092	0.0544540050713	0.178326474623
-gon	0.384262796028	0.289152024446	0.144385026738	0.182200152788
-ełe	0.00728587819968	0.00656606121545	0.00196118242366	0.984186878161
-bił	0.233227541766	0.222335120414	0.0639799648782	0.480457372942
-gop	0.27700051386	0.502232243921	0.0702301633381	0.150537078881
-mon	0.0696564105266	0.101733060132	0.0144623268676	0.814148202474
-gos	0.0259674397518	0.765310043056	0.011948227679	0.196774289513
-wup	0.407469342252	0.473244147157	0.0356744704571	0.0836120401338
-mok	0.546352516946	0.358737090268	0.0216666838624	0.0732437089236
-lka	0.185185185185	0.637037037037	0.162962962963	0.0148148148148
-yap	0.0632183908046	0.913793103448	0.0229885057471	0.0
-yas	0.0577365222618	0.893008080442	0.0261302601578	0.0231251371386
-ber	0.0	1.0	0.0	0.0
-bes	0.0275467775468	0.718814968815	0.00389812889813	0.24974012474
-lpa	0.151741225607	0.708517895452	0.139740878941	0.0
-216	0.0377358490566	0.584905660377	0.0754716981132	0.301886792453
-yan	0.15296566077	0.685744016649	0.159209157128	0.00208116545265
-yai	0.0223880597015	0.977611940299	0.0	0.0
-iso	0.0984898227183	0.779382797111	0.0669730794485	0.0551543007222
-rek	0.27548531091	0.63835253815	0.0402263054085	0.045935845531
-upu	0.471969927627	0.289001726261	0.023892694428	0.215135651684
-rel	0.0353746994323	0.911629351372	0.0123968591298	0.0405990900655
-isa	0.0335736636906	0.938052041416	0.00919360564144	0.019180689252
-res	0.0374558509076	0.946165433566	0.00388546171241	0.0124932538137
-rił	0.147299509002	0.553191489362	0.240589198036	0.0589198036007
-mas	0.0413436692507	0.898891389514	0.0123364174377	0.0474285237976
-mar	0.0	1.0	0.0	0.0
-teł	0.213806311358	0.194792870822	0.0476198692179	0.543780948602
-mam	0.0825651448065	0.817676199463	0.0356118893809	0.0641467663497
-man	0.315532314402	0.453493587522	0.0603186548046	0.170655443272
-wał	0.0634187589437	0.814405272972	0.108408134946	0.0137678331382
-uni	0.293873067534	0.346798166019	0.0491938571858	0.310134909261
-unj	0.520068020008	0.320329934813	0.0579509401975	0.101651104982
-und	0.328087433411	0.29743702563	0.33332809529	0.0411474456684
-geł	0.505681818182	0.417613636364	0.0	0.0767045454545
-ung	0.401864772463	0.243317186113	0.063734629605	0.291083411819
-łou	0.397079086405	0.245730867149	0.055890645959	0.301299400487
-sił	0.0870825532943	0.102023069026	0.0594721903497	0.75142218733
-666	0.0	0.314814814815	0.0	0.685185185185
-mep	0.317452346386	0.591873885593	0.0523396507987	0.0383341172223
-500	0.0140845070423	0.387323943662	0.0704225352112	0.528169014084
-lał	0.0941942310347	0.230373326586	0.294543865299	0.38088857708
-gan	0.381286171322	0.400337898559	0.0629066465365	0.155469283583
-gam	0.0529429555706	0.922854538799	0.00187001133588	0.0223324942946
-gal	0.382352941176	0.394432773109	0.141806722689	0.0814075630252
-nop	0.216427832767	0.549416457379	0.163982863052	0.0701728468016
-144	0.107676276485	0.0798888502952	0.0	0.81243487322
-gas	0.0	1.0	0.0	0.0
-noł	0.163851537087	0.687380777061	0.0432910475223	0.105476638329
-nor	0.0	1.0	0.0	0.0
-ini	0.322616204299	0.59893441117	0.0525445526364	0.0259048318942
-inj	0.385305046031	0.228943681331	0.0871035988358	0.298647673803
-sel	0.361549497848	0.586800573888	0.012912482066	0.038737446198
-sek	0.333737984835	0.41095345181	0.129236402715	0.12607216064
-sei	0.790849673203	0.112418300654	0.0392156862745	0.0575163398693
-ina	0.109546165884	0.832029212311	0.0093896713615	0.0490349504434
-ind	0.616829803631	0.12218328155	0.0415687431027	0.219418171716
-ine	0.37037037037	0.037037037037	0.0	0.592592592593
-ing	0.372176905455	0.296881002499	0.0697897098396	0.261152382206
-yam	0.00646725949879	0.98787388844	0.00242522231204	0.0032336297494
-uim	0.274238227147	0.28276155977	0.358619220115	0.0843809929683
-uin	0.0	0.875754961173	0.124245038827	0.0
-ses	0.0547148608088	0.915171319242	0.0154539893882	0.0146598305605
-inu	0.0656852788341	0.923054387651	0.0112603335144	0.0
-sep	0.0809786213998	0.872412123087	0.0233911107674	0.0232181447461
-łan	0.412119774193	0.370787543424	0.110987809048	0.106104873335
-łam	0.223149069182	0.630687837473	0.0281096596776	0.118053433667
-kus	0.0851063829787	0.898936170213	0.0159574468085	0.0
-kur	0.758331213432	0.151615365047	0.0335792419231	0.0564741795981
-kup	0.872870276802	0.110805673137	0.00742002275475	0.00890402730568
-nes	0.0377358490566	0.962264150943	0.0	0.0
-nen	0.493622184312	0.285075378411	0.0750513486938	0.146251088584
-łuł	0.245311708059	0.538266599088	0.119614799797	0.0968068930563
-nem	0.0645161290323	0.845161290323	0.0645161290323	0.0258064516129
-ias	0.138372093023	0.844186046512	0.00697674418606	0.0104651162791
-nei	0.517643486632	0.320535824047	0.0390562284742	0.122764460847
-kun	0.269721046473	0.271715571587	0.2810961128	0.17746726914
-kum	0.42138476806	0.310364131403	0.192167739637	0.0760833608997
-kul	0.288990825688	0.573394495413	0.0825688073394	0.0550458715596
-kuk	0.24426039269	0.632187789632	0.0992550167119	0.024296800966
-ałi	0.0825417622011	0.882738290206	0.0248935473305	0.00982640026206
-łap	0.0384885635018	0.811558075249	0.0481799746853	0.101773386564
-eka	0.108108108108	0.837837837838	0.0540540540541	0.0
-eki	0.870387180869	0.122883021341	0.0	0.00672979779021
-jop	0.0	1.0	0.0	0.0
-jon	0.0222960646882	0.941932548247	0.0145648698179	0.0212065172469
-rei	0.558691723152	0.387775566806	0.0219349423294	0.0315977677124
-gsi	0.305084745763	0.694915254237	0.0	0.0
-eku	0.0963855421686	0.855421686747	0.0481927710843	0.0
-dru	0.00855920114123	0.98002853067	0.0	0.0114122681883
-mbu	0.100103057461	0.068986545016	0.00868317184094	0.822227225682
-asa	0.0162125647377	0.920738572394	0.00675523530737	0.0562936275614
-iyo	0.371146878218	0.534875471986	0.0525954460506	0.0413822037454
-ltu	0.2467482785	0.717674062739	0.0271614384086	0.00841622035194
-yei	0.5261004903	0.316226455628	0.0578021746865	0.0998708793853
-mba	0.44989234555	0.183324275748	0.0605464994254	0.306236879276
-yem	0.0541896514022	0.91333946718	0.0221148569755	0.0103560244419
-yel	0.0206591244467	0.966428922774	0.0103295622233	0.00258239055583
-mbi	0.132467420756	0.726463377919	0.138488667154	0.00258053417057
-lta	0.0756089960958	0.827611488902	0.0695602764082	0.0272192385945
-430	0.493827160494	0.0	0.0	0.506172839506
-ras	0.090343192906	0.874307068414	0.0130659793604	0.0222837593201
-rap	0.0	1.0	0.0	0.0
-ran	0.214930012241	0.679159082442	0.0304007664059	0.0755101389111
-eri	0.43684484631	0.525563683396	0.011427289507	0.0261641807863
-ral	0.020618556701	0.786941580756	0.185567010309	0.00687285223366
-ram	0.118889453666	0.789359601306	0.03452929732	0.0572216477077
-rak	0.174449339207	0.767400881057	0.0528634361233	0.00528634361234
-ero	0.0531914893617	0.943262411348	0.00354609929078	0.0
-era	0.216459238969	0.57887214911	0.197522777348	0.00714583457391
-por	0.0685714285714	0.908571428571	0.0228571428571	0.0
-pos	0.231777661248	0.657052962769	0.0828526481385	0.0283167278448
-pop	0.107364710641	0.85536390165	0.0329375054174	0.00433388229176
-pou	0.049305695311	0.737740658751	0.12960354196	0.083350103978
-pok	0.366251601262	0.32245623218	0.0376038237441	0.273688342815
-pol	0.0519375638498	0.833608621016	0.00820933748983	0.106244477644
-pom	0.0	1.0	0.0	0.0
-gał	0.219948674857	0.487498012854	0.268934662639	0.0236186496491
-ika	0.115470157144	0.826193167317	0.0408356728771	0.0175010026616
-iko	0.0	1.0	0.0	0.0
-lam	0.0255824109285	0.962370058344	0.00654433767938	0.00550319304857
-lan	0.15052945968	0.802878088515	0.0465924518056	0.0
-nos	0.0454545454545	0.954545454545	0.0	0.0
-lai	0.0206896551724	0.979310344828	0.0	0.0
-iki	0.164896611138	0.0585186919911	0.291819255066	0.484765441805
-ous	0.0701754385965	0.877192982456	0.0526315789473	0.0
-nok	0.451801068895	0.423143957013	0.0765329853602	0.0485219887319
-iks	0.0357142857143	0.821428571429	0.0178571428572	0.125
-non	0.450331125828	0.509933774834	0.0264900662252	0.0132450331126
-las	0.110123562619	0.866528685589	0.0163434262544	0.00700432553759
-gek	0.714754098361	0.206557377049	0.0196721311475	0.0590163934426
-gei	0.460408149259	0.361731227389	0.106829122425	0.0710315009265
-myu	0.0	0.963636363636	0.0363636363636	0.0
-boi	0.388059701493	0.557666214383	0.0217096336499	0.0325644504749
-bok	0.707235632888	0.260292856268	0.0128660703345	0.0196054405098
-łes	0.0652173913044	0.934782608696	0.0	0.0
-don	0.0172413793103	0.98275862069	0.0	0.0
-ger	0.67136835175	0.204937025514	0.0690906901769	0.054603932559
-dok	0.0	0.962962962963	0.037037037037	0.0
-sas	0.00612006175285	0.696102716422	0.00381389102847	0.293963330797
-ton	0.800594910213	0.117880356946	0.0495758510521	0.0319488817891
-olt	0.259146843604	0.286416790193	0.27086421496	0.183572151243
-olu	0.119239845982	0.859644764625	0.0130418581543	0.00807353123836
-toi	0.434782608696	0.507246376812	0.0289855072464	0.0289855072464
-olk	0.384572194145	0.203840248258	0.0764183888765	0.335169168721
-tor	0.308863437243	0.186176904445	0.0100348527011	0.494924805611
-kuł	0.480528008424	0.266785588694	0.0394231228261	0.213263280056
-top	0.477008731407	0.153863989528	0.0336982770767	0.335429001988
-sak	0.041343914841	0.923585040156	0.0233806966687	0.0116903483344
-neł	0.483180428135	0.0550458715596	0.207951070336	0.253822629969
-san	0.0776858990301	0.911216115394	0.0110979855757	0.0
-sam	0.121930567316	0.857747671465	0.0101608806096	0.0101608806096
-lon	0.114152087303	0.628962411225	0.0308331889832	0.226052312489
-lom	0.0310559006211	0.900621118012	0.0248447204969	0.0434782608695
-lok	0.945945945946	0.0540540540541	0.0	0.0
-ros	0.0406139582493	0.885495507022	0.0461600543291	0.0277304803992
-seł	0.838565022422	0.107623318386	0.0	0.0538116591928
-imb	0.0954328318403	0.769710819525	0.101001896761	0.033854451874
-rom	0.0824578731556	0.718924904971	0.178863248631	0.0197539732424
-ron	0.0177398160315	0.966491458607	0.0157687253614	0.0
-los	0.0772742977717	0.864994384594	0.0393851678677	0.0183461497665
-rok	0.0	1.0	0.0	0.0
-ipi	0.418357070087	0.122065879081	0.0510895464513	0.40848750438
-ipa	0.0087783467447	0.985369422092	0.00585223116313	0.0
-ipe	0.0967897029069	0.217094262674	0.0188289985841	0.667287035835
-ein	0.580349689268	0.384750950747	0.00776829607642	0.0271310639087
-oke	0.286166053358	0.453369365225	0.177667893284	0.0827966881325
-yeł	0.0645161290323	0.935483870968	0.0	0.0
-awa	0.232776827458	0.73812606911	0.0290971034323	0.0
-mak	0.214414113122	0.652982734835	0.0828560678902	0.0497470841521
-nil	0.805178500911	0.169076345461	0.014852973247	0.0108921803811
-nge	0.050817102187	0.0095423351852	0.0299707187905	0.909669843837
-łał	0.228965517241	0.063448275862	0.649655172414	0.0579310344828
-276	0.0	0.193548387097	0.0	0.806451612903
-tok	0.225644244935	0.163524851137	0.0418662879964	0.568964615932
-ail	0.0	1.0	0.0	0.0
-poł	0.703964641164	0.110332815275	0.0150516499376	0.170650893623
-ain	0.0460357063604	0.929913674613	0.0158998689636	0.00815075006307
-200	0.0361240968976	0.355078623034	0.111559711007	0.497237569061
-ngo	0.563939583122	0.273429863117	0.0682513082083	0.0943792455528
-rał	0.461038961039	0.320346320346	0.212121212121	0.00649350649351
-iok	0.0708374710361	0.895398874545	0.00794438927508	0.025819265144
-lek	0.063829787234	0.936170212766	0.0	0.0
-ois	0.0754716981132	0.88679245283	0.0377358490566	0.0
-ion	0.112933668884	0.836733776739	0.02202049254	0.0283120618371
-mum	0.251996695125	0.364913247039	0.378958964473	0.00413109336271
-mul	0.501133786848	0.342403628118	0.122448979592	0.0340136054422
-mun	0.453430838406	0.290533682602	0.0710615218972	0.184973957095
-mui	0.281066725683	0.688502821733	0.0304304525838	0.0
-muk	0.0748959778086	0.334257975035	0.590846047157	0.0
-mus	0.340909090909	0.522727272727	0.136363636364	0.0
-mur	0.157640081161	0.60746058998	0.20758545341	0.0273138754488
-ios	0.2	0.8	0.0	0.0
-oin	0.50471109093	0.39175842888	0.103530480191	0.0
-oik	0.190476190476	0.428571428571	0.380952380952	0.0
-alt	0.092936802974	0.460966542751	0.089219330855	0.35687732342
-ndu	0.03564351803	0.568831138649	0.128435387256	0.267089956065
-gir	0.470383275261	0.386759581882	0.101045296167	0.0418118466899
-gip	0.56733185479	0.330126441169	0.0385248608304	0.0640168432096
-ndi	0.0593499672084	0.173555350198	0.0136755194901	0.753419163104
-gin	0.446856436333	0.297560071926	0.0806714389747	0.174912052766
-gim	0.292377826833	0.608363622581	0.0507121077265	0.0485464428595
-gik	0.595940252777	0.228265032555	0.104557640751	0.071237073918
-alk	0.282214350747	0.615526354048	0.0781857527924	0.0240735424129
-gii	0.408760132545	0.324766784793	0.0491973806156	0.217275702046
-ali	0.495867768595	0.338842975207	0.165289256198	0.0
-nda	0.169345238095	0.12852443609	0.0545112781955	0.647619047619
-nde	0.192097780171	0.243453483025	0.152470307621	0.411978429183
-ala	0.00308008213553	0.993839835729	0.00308008213553	0.0
-gpu	0.630981405335	0.33190204141	0.037116553255	0.0
-120	0.089219330855	0.602230483271	0.0	0.308550185874
-yos	0.0	1.0	0.0	0.0
-yor	0.0901639344262	0.909836065574	0.0	0.0
-pał	0.217020345657	0.697659155546	0.00656311529205	0.0787573835047
-yok	0.282828282828	0.717171717172	0.0	0.0
-duł	0.0764299182904	0.694280326838	0.0764299182904	0.152859836581
-yon	0.073405385144	0.90660336103	0.0112450802774	0.00874617354907
-gpi	0.676504395336	0.157297896273	0.0507154981979	0.115482210193
-iel	0.0	1.0	0.0	0.0
-iyu	0.0	1.0	0.0	0.0
-els	0.477223427332	0.41431670282	0.108459869848	0.0
-pen	0.219693088968	0.684842551689	0.0204268716498	0.0750374876932
-loi	0.0	0.979166666667	0.0	0.0208333333333
-pei	0.0390192763384	0.133949902066	0.24138061933	0.585650202265
-pek	0.497512297962	0.299086437105	0.101447645819	0.101953619115
-153	0.0555555555556	0.0555555555556	0.0	0.888888888889
-eli	0.243349265037	0.627694111281	0.116106051042	0.0128505726395
-pep	0.331091913859	0.261288825986	0.12312146536	0.284497794796
-per	0.00943396226415	0.974842767296	0.00943396226415	0.00628930817609
-pes	0.0458015267176	0.954198473282	0.0	0.0
-rka	0.0	0.986842105263	0.0131578947368	0.0
-lsi	0.0	0.31914893617	0.585106382979	0.0957446808511
-iya	0.0389653268727	0.902836849478	0.0200401414253	0.0381576822235
-dił	0.226194242328	0.617209743752	0.112306232205	0.0442897817146
-jpi	0.512820512821	0.435897435897	0.0	0.0512820512821
-sya	0.0722891566265	0.759036144578	0.144578313253	0.0240963855422
-esi	0.0	0.876288659794	0.123711340206	0.0
-esa	0.0	1.0	0.0	0.0
-syu	0.0546623794212	0.932475884244	0.00643086816722	0.00643086816722
-spa	0.0213523131673	0.907473309609	0.0711743772242	0.0
-spi	0.754716981132	0.169811320755	0.0	0.0754716981132
-nju	0.0	0.756175298805	0.152988047809	0.0908366533864
-njp	0.235294117647	0.509803921569	0.21568627451	0.0392156862745
-nja	0.00299326515341	0.99551010227	0.0	0.0014966325767
-nji	0.602409638554	0.33734939759	0.0602409638554	0.0
-kom	0.235263840211	0.639890260698	0.0462155775834	0.0786303215069
-tui	0.262552691871	0.626746343967	0.039153795349	0.0715471688136
-tuk	0.125167080351	0.217978298731	0.0232628181212	0.633591802798
-koi	0.435836104953	0.373496535996	0.154722851289	0.0359445077615
-tum	0.484787041673	0.182170680772	0.0885538043247	0.24448847323
-tun	0.312326595323	0.627427665478	0.0348791121681	0.0253666270313
-oru	0.497463915893	0.0962666050911	0.0508814771551	0.355388001861
-kou	0.0882032308151	0.896931056126	0.00594628522349	0.00891942783523
-sol	0.100507754074	0.853144926395	0.00708494056523	0.0392623789656
-tur	0.390243902439	0.390243902439	0.0585365853659	0.160975609756
-son	0.0432761660522	0.9543196025	0.00240423144735	0.0
-kop	0.00823338366428	0.970912509615	0.014871371186	0.0059827355346
-kos	0.367032080627	0.532027042366	0.0251913048937	0.0757495721124
-kor	0.0711745533473	0.880310518167	0.00289873516166	0.0456161933244
-ora	0.0504648074369	0.925630810093	0.0	0.0239043824702
-rus	0.0582524271845	0.941747572816	0.0	0.0
-rup	0.654103343465	0.230395136778	0.0425531914894	0.0729483282675
-lip	0.0515238244488	0.915404854793	0.0262584439257	0.00681287683209
-omu	0.0775901793832	0.901777226099	0.00334189911202	0.0172906954056
-lis	0.0476470588235	0.837647058824	0.0211764705882	0.0935294117647
-ruk	0.914051569059	0.0563661802918	0.00359784129522	0.0259844093544
-jep	0.115301908462	0.758351049532	0.117305671627	0.00904137037852
-run	0.410675283716	0.504357416205	0.0291316457414	0.0558356543377
-lii	0.00434013824144	0.967047098537	0.0238707603279	0.00474200289343
-łwu	0.229855767649	0.469042527627	0.0797597909724	0.221341913752
-omb	0.467625899281	0.446043165468	0.0	0.0863309352519
-gił	0.185566956322	0.540047447671	0.0582186735513	0.216166922456
-tek	0.145161290323	0.637096774194	0.145161290323	0.0725806451613
-kap	0.0271936185642	0.951051486584	0.0217548948514	0.0
-iik	0.378689042209	0.172190612189	0.0709444057939	0.378175939808
-muł	0.161259610725	0.749319637105	0.0442423755562	0.0451783766134
-rna	0.0	1.0	0.0	0.0
-rni	0.0	1.0	0.0	0.0
-łun	0.403137343168	0.345912972884	0.0489016896354	0.202047994313
-peł	0.234689658282	0.684589931798	0.00747948627669	0.0732409236428
-łum	0.615889804464	0.180459151458	0.0562528602741	0.147398183804
-ura	0.0300067600111	0.79687038898	0.123184203716	0.0499386472929
-beł	0.0891089108911	0.881188118812	0.029702970297	0.0
-uru	0.132326585316	0.382459831378	0.47899543379	0.00621814951611
-jik	0.0050763568679	0.704725242185	0.287660222514	0.00253817843394
-dup	0.220413869507	0.719372033324	0.0432597988488	0.0169542983204
-pai	0.00628140703519	0.949748743719	0.0125628140704	0.0314070351758
-apa	0.0361613351877	0.955493741307	0.0	0.00834492350486
-was	0.608233604595	0.338630923887	0.0460507419818	0.00708472953566
-pam	0.138868550788	0.781080685313	0.0349001806024	0.0451505832967
-pan	0.430467264098	0.422516749199	0.0501190863761	0.0968969003272
-api	0.128693720436	0.684298217056	0.172530018959	0.014478043549
-wan	0.561466870399	0.261841922489	0.0600083344909	0.116682872621
-wam	0.0473647855975	0.755895929041	0.0138147291326	0.182924556229
-pas	0.0510538519851	0.930552046019	0.0143065237748	0.00408757822138
-wak	0.591959443527	0.197771751945	0.0944352746994	0.115833529828
-dum	0.626443059999	0.212031522419	0.0544273890156	0.107098028566
-dun	0.58429118774	0.322318007663	0.0526819923372	0.0407088122605
-sen	0.108798665304	0.811726153436	0.0562041949663	0.0232709862935
-nun	0.402985074627	0.201492537313	0.39552238806	0.0
-nul	0.0	1.0	0.0	0.0
-num	0.123019775285	0.460508463824	0.0624376817803	0.35403407911
-nuk	0.54054054054	0.432432432432	0.027027027027	0.0
-nui	0.483253588517	0.358851674641	0.0382775119617	0.11961722488
-ken	0.576603982301	0.159292035398	0.024889380531	0.23921460177
-kel	0.418189924209	0.521622826571	0.0133749442711	0.0468123049487
-sus	0.0330969267139	0.942080378251	0.0106382978723	0.0141843971631
-sem	0.440677966102	0.525423728814	0.0169491525424	0.0169491525424
-kei	0.237970253718	0.51509777494	0.0407888203164	0.206143151025
-sup	0.7	0.3	0.0	0.0
-sul	0.118553366657	0.515907086151	0.316142311085	0.049397236107
-kes	0.377622377622	0.622377622378	0.0	0.0
-sos	0.0913705583756	0.802030456853	0.0	0.106598984772
-jii	0.473602640956	0.286431747291	0.0849675949914	0.154998016761
-kep	0.451205305135	0.207903934044	0.329778654001	0.0111121068196
-uła	0.0	1.0	0.0	0.0
-sor	0.0	1.0	0.0	0.0
-ułe	0.39977161193	0.254619119376	0.0486266831651	0.296982585529
-sua	0.271604938272	0.716049382716	0.0	0.0123456790123
-psa	0.0	1.0	0.0	0.0
-dim	0.448443299944	0.187724386048	0.0525662121144	0.311266101894
-din	0.46605046654	0.275659676934	0.162912611618	0.0953772449082
-dii	0.207876418423	0.5176289692	0.233849051206	0.040645561171
-dik	0.332237690231	0.21648230686	0.0663913338003	0.384888669109
-dip	0.368613463183	0.289321451938	0.0670170274158	0.275048057463
-iłi	0.105682105796	0.0551759048342	0.00569476082005	0.83344722855
-dir	0.186915887851	0.752336448598	0.0420560747663	0.0186915887851
-dis	0.470588235294	0.529411764706	0.0	0.0
-iłe	0.129310344828	0.375	0.495689655172	0.0
-łii	0.174250618725	0.294037568814	0.488470284298	0.0432415281634
-ska	0.150214592275	0.695278969957	0.0515021459228	0.103004291845
-tuł	0.78640776699	0.155339805825	0.0	0.0582524271845
-uku	0.687638249266	0.135765311673	0.153146946127	0.0234494929349
-koł	0.22602739726	0.77397260274	0.0	0.0
-tpi	0.417232371417	0.462991114722	0.0252273739942	0.0945491398667
-tip	0.596153846154	0.269230769231	0.0384615384615	0.0961538461538
-ngu	0.584577931488	0.128465714782	0.221709140793	0.0652472129374
-ais	0.00609830640702	0.962962651795	0.00240043550758	0.02853860629
-nga	0.0696399097569	0.132617240714	0.0936762152335	0.704066634295
-mek	0.172750642674	0.505398457584	0.310539845758	0.0113110539846
-aim	0.0969331872946	0.79134720701	0.101861993428	0.00985761226725
-ngi	0.0764507360458	0.687565740282	0.18888002035	0.047103503322
-tin	0.19773095624	0.491085899514	0.223662884927	0.0875202593192
-ngk	0.537504655439	0.323957093404	0.0466601321841	0.0918781189727
-tii	0.0990099009901	0.767326732673	0.133663366337	0.0
-tik	0.414337313039	0.315764160018	0.122786170995	0.147112355948
-eme	0.103634400864	0.88125224901	0.00647715005397	0.00863620007196
-uwa	0.0534793814433	0.445231958763	0.49162371134	0.0096649484536
-emb	0.339618840992	0.57540141555	0.0452464217088	0.0397333217484
-emi	0.316455696203	0.443037974684	0.113924050633	0.126582278481
-260	0.0114942528735	0.132183908046	0.0	0.856321839081
-das	0.0	0.935483870968	0.0645161290323	0.0
-nił	0.408181960446	0.282409569537	0.0887529913996	0.220655478618
-dpi	0.359761062103	0.143300699382	0.0251967901427	0.471741448372
-ana	0.0341588385995	0.935098206661	0.0256191289496	0.00512382578992
-ser	0.114161665177	0.727237900651	0.14480909207	0.0137913421019
-guł	0.461643768086	0.284981219707	0.0432559260716	0.210119086136
-dpu	0.391035270429	0.415687181835	0.0636604860236	0.129617061712
-mdu	0.0	1.0	0.0	0.0
-buk	0.7125	0.2375	0.05	0.0
-000	0.095095536202	0.26279503962	0.020941625988	0.62116779819
-jel	0.0151439939812	0.971340815488	0.00936561983728	0.00414957069395
-toł	0.505784453014	0.388674649888	0.0568297138218	0.0487111832758
-iei	0.132552870091	0.558157099698	0.220921450151	0.0883685800604
-pił	0.337791720462	0.0860612273109	0.0992873429618	0.476859709266
-ank	0.182601480725	0.244383456727	0.0599310696962	0.513083992852
-bun	0.103331759747	0.237297531297	0.645933192429	0.0134375165276
-lim	0.140610545791	0.839962997225	0.00277520814061	0.0166512488436
-wes	0.0861244019139	0.885167464115	0.0	0.0287081339713
-wer	0.127979353272	0.643843935024	0.0233793836344	0.20479732807
-300	0.233830845771	0.40671641791	0.13184079602	0.227611940298
-wei	0.629022590667	0.224720571351	0.0333879246302	0.112868913352
-wel	0.0710659898477	0.928934010152	0.0	0.0
-bur	0.116786231624	0.170437719285	0.108945088382	0.603830960708
-bup	0.859504132231	0.0661157024793	0.0247933884298	0.0495867768595
-nir	0.459512195122	0.327804878049	0.0878048780488	0.12487804878
-nis	0.0889328063241	0.861660079051	0.0138339920949	0.0355731225296
-kai	0.0	1.0	0.0	0.0
-osa	0.0	1.0	0.0	0.0
-kan	0.444688795884	0.353624696613	0.025982915076	0.175703592426
-kam	0.0298507462687	0.970149253731	0.0	0.0
-rum	0.512228344764	0.232628715349	0.0571816303736	0.197961309513
-łmu	0.0	0.639534883721	0.360465116279	0.0
-kas	0.0572726151823	0.915601496034	0.0172619292261	0.00986395955777
-kar	0.212757681836	0.583430571762	0.120575651497	0.0832360949048
-nii	0.0636686605843	0.150331648535	0.00641789679971	0.779581794081
-nin	0.135016351975	0.115397633237	0.0302072471013	0.719378767687
-kau	0.6203125	0.3796875	0.0	0.0
-ulu	0.111382013997	0.303836101805	0.497219834769	0.0875620494291
-nou	0.76	0.24	0.0	0.0
-iił	0.614077382129	0.261154803778	0.0699917005889	0.0547761135044
-mił	0.238458885853	0.0387881647911	0.0144413156955	0.70831163366
-ila	0.030985915493	0.960563380282	0.00563380281691	0.00281690140845
-yus	0.0	1.0	0.0	0.0
-yur	0.0	1.0	0.0	0.0
-ilk	0.447677039198	0.305545766712	0.0900172921055	0.156759901984
-ili	0.479452054795	0.123287671233	0.397260273972	0.0
-tim	0.306969459671	0.604541895066	0.0610806577917	0.0274079874706
-tał	0.137844038911	0.032639199937	0.0257510349703	0.803765726182
-ami	0.33228097869	0.591949486977	0.0284135753749	0.0473559589582
-kui	0.393510872119	0.38676260042	0.142823660675	0.0769028667857
-kon	0.138922291436	0.753733797653	0.0502594328088	0.0570844781029
-ama	0.0469183553351	0.945514167998	0.00756747666695	0.0
-amb	0.19947342284	0.429967249282	0.0431709265561	0.327388401322
-eii	0.109190172884	0.890809827116	0.0	0.0
-eim	0.131564129946	0.0155180843949	0.00886578582485	0.844051999835
-eil	0.0489795918368	0.934693877551	0.0	0.0163265306122
-ulk	0.42404614733	0.333317925756	0.0948977844677	0.147738142446
-gur	0.30923239037	0.618545837724	0.0320985652914	0.0401232066143
-usa	0.103872507159	0.776333669897	0.0998281857866	0.0199656371573
-nip	0.377488173638	0.0468692685301	0.0243763171407	0.551266240691
-guk	0.507250665877	0.328992798658	0.0927296044194	0.0710269310447
-gui	0.0468627818035	0.90541782974	0.0410738743264	0.00664551412987
-gun	0.281744233843	0.600651674433	0.0395847937417	0.0780192979821
-gum	0.364906953733	0.0379934028253	0.0126996111866	0.584400032255
-eis	0.0654205607476	0.934579439252	0.0	0.0
-epe	0.08	0.9	0.02	0.0
-epa	0.0	1.0	0.0	0.0
-epi	0.200334108421	0.427507563059	0.0411295890512	0.331028739469
-ira	0.0317386548478	0.950124970953	0.0113352338742	0.00680114032453
-wii	0.298404008233	0.209871559634	0.154350784497	0.337373647636
-buł	0.440994184649	0.282103773282	0.138608564592	0.138293477477
-pii	0.42958466948	0.333611309288	0.0177720289502	0.219031992282
-pik	0.469391813506	0.377293886816	0.0227580231514	0.130556276527
-npi	0.546657643454	0.0551269571899	0.0145924298444	0.383622969512
-pim	0.520774947462	0.121312497115	0.0380853813569	0.319827174066
-pin	0.214973774802	0.5354647319	0.0706285316684	0.178932961629
-pip	0.494824016563	0.271062271062	0.101927058449	0.132186653926
-kok	0.0689655172414	0.896551724138	0.0344827586207	0.0
-pir	0.292073842436	0.626159340464	0.0498916172133	0.0318751998863
-pis	0.0438898428987	0.936683505326	0.00616719103963	0.0132594607352
-płi	0.187277134758	0.0406275191167	0.1168319224	0.655263423725
-pel	0.135853892983	0.834347965396	0.00865107337392	0.0211470682474
-wun	0.409552463332	0.353516359534	0.169236555096	0.0676946220383
-weł	0.4503959427	0.126790639737	0.134531541952	0.288281875612
-uel	0.151515151515	0.787878787879	0.0	0.060606060606
-iim	0.682687294114	0.0863531407416	0.0377845922528	0.193174972891
-iin	0.534894024383	0.275322990261	0.0532449346108	0.136538050745
-łip	0.300308668167	0.259033726212	0.0311573922493	0.409500213371
-owa	0.0350293528013	0.856146124496	0.0112093928964	0.0976151298062
-głi	0.500526091522	0.328109080342	0.0806723275736	0.0906925005621
-nik	0.313691216609	0.0968097847309	0.0220975412727	0.567401457387
-łin	0.332869549009	0.447658388449	0.108656456754	0.110815605788
-łim	0.390347978859	0.330548879035	0.123223182737	0.155879959369
-owu	0.0269499048827	0.895529486367	0.0493024730501	0.0282181357007
-iip	0.169265568019	0.567060404824	0.0351048436739	0.228569183483
-iis	0.0923236507584	0.847577286813	0.0512529181866	0.00884614424218
-iir	0.542372881356	0.152542372881	0.101694915254	0.203389830508
-ong	0.248655235906	0.458862914369	0.148109391164	0.144372458561
-ond	0.368206416485	0.415512310185	0.0345212641179	0.181760009213
-ans	0.0733496332518	0.853300733496	0.0733496332518	0.0
-anu	0.138468948757	0.8410491631	0.00366725415713	0.0168146339862
-ona	0.0750507099392	0.760649087221	0.156186612576	0.00811359026369
-kał	0.514757969303	0.471074380165	0.0	0.0141676505313
-onj	0.321530161978	0.438060596168	0.193103268764	0.0473059730906
-oni	0.0434782608695	0.782608695652	0.0434782608696	0.130434782609
-450	0.388235294118	0.376470588235	0.0470588235294	0.188235294118
-dam	0.0996832101373	0.840549102429	0.0164730728617	0.0432946145723
-dan	0.639009009298	0.231889038555	0.0381824965668	0.0909194555805
-onu	0.157825436967	0.131858684534	0.00850070027895	0.701815178219
-and	0.573973471718	0.235008574013	0.106244909819	0.0847730444498
-dai	0.0	1.0	0.0	0.0
-ang	0.342770128318	0.228361905701	0.0703675362639	0.358500429717
-ani	0.219051489077	0.141306478299	0.0629364037676	0.576705628857
-anj	0.0714285714286	0.892857142857	0.0357142857143	0.0
-nim	0.152768256821	0.0732833031939	0.0153197543058	0.758628685679
-anm	0.935483870968	0.0645161290323	0.0	0.0
-tam	0.315068493151	0.493150684931	0.109589041096	0.0821917808219
-tan	0.436725606608	0.387583892617	0.135680175529	0.0400103252452
-tak	0.25641025641	0.608974358974	0.0	0.134615384615
-gnd	0.348148148148	0.574074074074	0.0555555555555	0.0222222222222
-yis	0.0	1.0	0.0	0.0
-mna	0.0777288944925	0.27385519221	0.506974810205	0.141441103093
-amł	0.393048128342	0.606951871658	0.0	0.0
-tap	0.390243902439	0.593495934959	0.0	0.0162601626016
-mii	0.0983830519161	0.779498426388	0.0871267326944	0.0349917890011
-mim	0.566788200199	0.353861451773	0.0453430560159	0.0340072920119
-mil	0.0754766949152	0.721927966102	0.170815677966	0.0317796610169
-min	0.377831145969	0.341222618612	0.0659061386618	0.215040096758
-enm	0.426966292135	0.505617977528	0.0674157303371	0.0
-mis	0.472727272727	0.509090909091	0.0	0.0181818181818
-eni	0.267348686997	0.565296482576	0.0642621085951	0.103092721831
-enj	0.299121461524	0.450068387339	0.0838541544479	0.166955996689
-end	0.41309410876	0.282253913085	0.174952068475	0.12969990968
-eng	0.280488959857	0.278057908303	0.0635533658545	0.377899765985
-ena	0.0	1.0	0.0	0.0
-enb	0.142857142857	0.654761904762	0.0	0.202380952381
-oel	0.326479438315	0.578736208626	0.0210631895687	0.0737211634905
