-cak	0.256377139167	0.123345172748	0.600904100743	0.0193735873426
-eus	0.0120568492746	0.957727210094	0.00354323733784	0.0266727032932
-hes	0.351123595506	0.269662921348	0.0674157303371	0.311797752809
-hel	0.0794701986755	0.26710816777	0.626931567329	0.0264900662251
-hem	0.229133858268	0.747637795276	0.011811023622	0.0114173228346
-hen	0.190302109257	0.162734344182	0.090183766922	0.55677977964
-cap	0.708333333333	0.145833333333	0.0833333333333	0.0625
-hei	0.15	0.383333333333	0.466666666667	0.0
-cau	0.468546637744	0.305856832972	0.0824295010846	0.1431670282
-cat	0.335347432024	0.583081570997	0.0543806646525	0.0271903323263
-hee	0.438066465257	0.377643504532	0.0845921450151	0.0996978851964
-kho	0.0	1.0	0.0	0.0
-lem	0.0345127010599	0.893567461028	0.0327622565573	0.0391575813543
-aus	0.0258875739645	0.914571005917	0.0569526627219	0.00258875739645
-aur	0.313807531381	0.560669456067	0.125523012552	0.0
-aut	0.0850888062784	0.757538207352	0.0557620817843	0.101610904585
-hun	0.0	0.968421052632	0.0315789473684	0.0
-aue	0.269077206861	0.493239356668	0.152937411486	0.0847460249851
-nsi	0.0458598726115	0.892993630573	0.0343949044586	0.0267515923567
-auh	0.740272025092	0.155325640154	0.00555957255179	0.0988427622028
-auk	0.0393544427194	0.937357836589	0.0135393724952	0.00974834819656
-aat	0.382036488383	0.448775923905	0.128644939966	0.0405426477468
-aum	0.09014017295	0.855233332554	0.0368050849438	0.0178214095517
-aul	0.181818181818	0.545454545454	0.25	0.0227272727273
-aun	0.14308074266	0.43372193437	0.147236614853	0.275960708117
-nti	0.389376829778	0.30322040987	0.163948138854	0.143454621497
-bab	0.518924473369	0.33447508135	0.095564308957	0.0510361363247
-uae	0.333032499615	0.563762116389	0.0450981509896	0.0581072330058
-pur	0.358757062147	0.531073446328	0.0847457627119	0.0254237288136
-pus	0.117273250522	0.27041949992	0.212895539969	0.399411709589
-nta	0.443295606904	0.402710505019	0.0803609175132	0.0736329705637
-uah	0.463387941714	0.179699348366	0.0849818620179	0.271930847902
-uam	0.166939443535	0.711947626841	0.114566284779	0.00654664484453
-nah	0.24355414484	0.317815719762	0.0503702341436	0.388259901254
-eke	0.521739960299	0.202693159261	0.231476179569	0.0440907008704
-uan	0.435834043278	0.282120956353	0.0214756557862	0.260569344583
-uap	0.709215562985	0.0579328083447	0.21153027472	0.0213213539505
-uas	0.357242091057	0.414519906323	0.0236176715754	0.204620331044
-uar	0.0720341903909	0.15147859654	0.177443073459	0.599044139611
-cam	0.0808031341822	0.48522690173	0.219882468168	0.214087495919
-pul	0.368351503138	0.0155269243475	0.417905517014	0.198216055501
-was	0.368506368198	0.357005017368	0.178309532999	0.0961790814358
-pun	0.706745901076	0.227741253397	0.0390573397536	0.0264555057733
-ntu	0.0785038961023	0.0358499788387	0.0153678296356	0.870278295423
-pui	0.0591847452834	0.877954187371	0.0396719589545	0.0231891083909
-puk	0.228053504861	0.660112564871	0.0986769972955	0.0131569329727
-aki	0.587998557882	0.381482195709	0.00679137076692	0.0237278756425
-lus	0.223037603069	0.194782808255	0.00768423486959	0.574495353807
-car	0.540388404166	0.274697438784	0.099634112018	0.0852800450324
-das	0.0414090582315	0.894392523364	0.00172537742631	0.0624730409777
-ota	0.115461073472	0.847823441113	0.0208933425291	0.0158221428861
-kik	0.008064516129	0.854838709677	0.137096774194	0.0
-aak	0.00797077382928	0.981733643308	0.00398538691465	0.00631019594819
-ure	0.400696935606	0.272084055518	0.193182351322	0.134036657553
-ope	0.244748506456	0.682405087686	0.0474079784159	0.0254384274427
-smi	0.328254847645	0.398891966759	0.103878116344	0.168975069252
-dea	0.00966897200027	0.980796347277	0.00644598133351	0.00308869938898
-gka	0.768456089443	0.165912776308	0.00870529999146	0.0569258342579
-rbe	0.0401785714285	0.959821428571	0.0	0.0
-oku	0.600822454932	0.17575192464	0.0803328073447	0.143092813083
-dek	0.0318866253321	0.968113374668	0.0	0.0
-den	0.310185185185	0.0972222222222	0.0185185185185	0.574074074074
-400	0.0	0.581151832461	0.0575916230366	0.361256544503
-gku	0.15060270828	0.24691393997	0.0252725053833	0.577210846367
-lep	0.388923185466	0.357350736397	0.157421289355	0.0963047887821
-der	0.328594565413	0.574230700018	0.066582688501	0.030592046068
-des	0.0206083314966	0.892439938285	0.0430901476747	0.0438615825435
-ime	0.0124016480412	0.061401937413	0.0152953659175	0.910901048628
-kim	0.396179351015	0.559456010008	0.0237754001634	0.0205892388136
-oke	0.195307336418	0.729428288169	0.05353602115	0.021728354263
-sit	0.404958677686	0.498966942149	0.0495867768595	0.0464876033058
-kis	0.48	0.378181818182	0.0981818181819	0.0436363636364
-bit	0.836836400839	0.0441892973269	0.00964820761119	0.109326094223
-idm	0.191648996901	0.476431251019	0.0366987440875	0.295221007992
-ide	0.0482569921385	0.830982250574	0.000709661649094	0.120051095639
-ida	0.223339160839	0.749562937063	0.0222902097902	0.00480769230768
-bia	0.0454545454545	0.897727272727	0.0454545454546	0.0113636363636
-bil	0.33524972623	0.159560538971	0.0487073275246	0.456482407275
-idu	0.258669444858	0.613186486084	0.0660812620926	0.0620628069653
-bih	0.0787257788988	0.0297015350317	0.307314221233	0.584258464837
-due	0.0709470738099	0.19260256462	0.0280373003438	0.708413061226
-tep	0.440777962123	0.243396278207	0.214701152823	0.101124606847
-eja	0.144	0.828210526316	0.0151578947369	0.0126315789474
-ter	0.346264093254	0.547487101089	0.0441429390407	0.0621058666157
-rie	0.038305581917	0.855275644897	0.0216978690363	0.0847209041497
-eje	0.268656716418	0.507462686567	0.0	0.223880597015
-ute	0.168583015657	0.132262366378	0.612359818539	0.0867947994261
-rin	0.0502407784342	0.867745618825	0.0596236906122	0.0223899121283
-uti	0.0227214705132	0.0199131988767	0.954301761552	0.00306356905795
-rik	0.178870203026	0.216223292193	0.557780495887	0.0471260088934
-hli	0.1215147732	0.622971285893	0.228048272992	0.0274656679151
-ras	0.214214025147	0.135733200007	0.0856248726922	0.564427902154
-tea	0.0856327307326	0.900095147479	0.00285442435776	0.011417697431
-rit	0.0275874299846	0.957239483524	0.00827622899537	0.00689685749614
-ris	0.432246561386	0.470198675497	0.0431737137035	0.0543810494142
-rip	0.588235294118	0.176470588235	0.0	0.235294117647
-sib	0.140350877193	0.754385964912	0.0263157894736	0.0789473684211
-teh	0.207071240105	0.665646437995	0.0452137203166	0.0820686015831
-tei	0.358055368556	0.370615033012	0.157065731447	0.114263866985
-tek	0.662510043387	0.202506829503	0.0626707375864	0.0723123895227
-tel	0.0805369127517	0.798657718121	0.0402684563757	0.0805369127517
-tem	0.472073014724	0.515886865878	0.0105351044731	0.00150501492473
-ten	0.0766084306797	0.777922554522	0.0846820249135	0.0607869898853
-jin	0.32482022139	0.41355813515	0.14254356433	0.119078079129
-are	0.0344358208963	0.0669925667265	0.0775242920428	0.821047320334
-jim	0.598290598291	0.290598290598	0.017094017094	0.094017094017
-ara	0.0874787183004	0.112500718067	0.0111487330449	0.788871830588
-jih	0.0714285714286	0.857142857143	0.0306122448979	0.0408163265306
-mer	0.619897959184	0.357142857143	0.0	0.0229591836735
-arm	0.207477561808	0.505093331865	0.120918451627	0.1665106547
-jie	0.35500394011	0.493301812451	0.0772261623326	0.0744680851064
-lut	0.716376944191	0.267154620311	0.0	0.0164684354986
-ari	0.652164617859	0.0844978342816	0.00600598773328	0.257331560126
-pau	0.0515443789292	0.934398063181	0.00702877894493	0.0070287789449
-mee	0.407602559277	0.1475348137	0.370342491532	0.0745201354912
-aru	0.270733379027	0.396161754627	0.165181631254	0.167923235093
-luk	0.248	0.736	0.016	0.0
-mea	0.0	0.964285714286	0.0	0.0357142857142
-sie	0.172509090909	0.664872727273	0.103854545455	0.0587636363636
-lun	0.0339366515837	0.934389140272	0.0316742081448	0.0
-lua	0.351537480532	0.0675096581488	0.028721080438	0.552231780881
-jit	0.665401893228	0.226076613815	0.0625178165947	0.0460036763622
-men	0.060551971893	0.24050203911	0.292705520849	0.406240468148
-mei	0.0294384880974	0.689442122479	0.148464473923	0.132654915501
-meh	0.0	1.0	0.0	0.0
-rak	0.234536581672	0.181852974286	0.0297566950015	0.553853749041
-alu	0.175262640048	0.0409115434665	0.011806900054	0.772018916431
-aya	0.376148370984	0.340939072139	0.0426737653794	0.240238791497
-rah	0.477012369933	0.29330453412	0.0626115043754	0.167071591572
-gis	0.658445440957	0.310538116592	0.0265321375187	0.00448430493273
-ayo	0.69674556213	0.217948717949	0.0394477317554	0.0458579881657
-rai	0.279832714912	0.235221372814	0.0518488478304	0.433097064443
-ayu	0.264322090571	0.65868756323	0.0456112073252	0.0313791388741
-ilo	0.257676902537	0.480640854473	0.160213618158	0.101468624833
-mor	0.108663784305	0.370841142306	0.46260043421	0.0578946391791
-gin	0.215574548908	0.760208926876	0.00997150997152	0.014245014245
-wul	0.043956043956	0.923076923077	0.0	0.0329670329671
-ubu	0.264608599779	0.735391400221	0.0	0.0
-alm	0.151982378855	0.590308370044	0.138766519824	0.118942731278
-lap	0.0807305565784	0.323672476972	0.458237655687	0.137359310762
-ken	0.0445056383375	0.246457733658	0.22831270431	0.480723923695
-ije	0.0197071630628	0.0433353096015	0.0107442269425	0.926213300393
-sut	0.154890233544	0.157140730492	0.4406070212	0.247362014764
-ote	0.0720703105652	0.273041334391	0.0296123305259	0.625276024518
-oan	0.805094186812	0.0659519827804	0.00705129977193	0.121902530636
-nhu	0.0103626943005	0.984455958549	0.00518134715025	0.0
-ali	0.138335303237	0.416308739632	0.240945564031	0.2044103931
-oto	0.263969502059	0.115076295004	0.15879491533	0.462159287607
-ume	0.249753208292	0.682132280355	0.0325765054294	0.035538005923
-oal	0.384474551446	0.495972171366	0.0497986085683	0.0697546686195
-uma	0.0570272968151	0.837136328081	0.021524262794	0.0843121123102
-gog	0.0178571428571	0.946428571429	0.0357142857143	0.0
-keh	0.27615665121	0.304872281607	0.378367438922	0.0406036282601
-nak	0.0347287997014	0.82419146918	0.00719560742013	0.133884123699
-kia	0.0	0.996602491506	0.00339750849377	0.0
-nai	0.0714180148565	0.108797280521	0.123185593531	0.696599111092
-nan	0.580513471459	0.275887618118	0.0362884751041	0.10731043532
-kie	0.0937027707808	0.80604534005	0.0362720403023	0.0639798488665
-nam	0.268123393316	0.602313624679	0.0971722365039	0.0323907455013
-sis	0.0	1.0	0.0	0.0
-sir	0.00834403080873	0.933889602054	0.0473684210526	0.0103979460847
-ake	0.140590975369	0.464026362831	0.230130430153	0.165252231647
-sip	0.757211538462	0.163461538461	0.00721153846154	0.0721153846154
-kin	0.265151377398	0.33095735976	0.144558596236	0.259332666606
-aka	0.203256862897	0.119140798458	0.0292896174508	0.648312721194
-nae	0.322310116282	0.39260698746	0.0998854601214	0.185197436137
-sik	0.342170132386	0.478754788656	0.0145134075083	0.16456167145
-kir	0.260838696733	0.627263045793	0.0776342393234	0.0342640181507
-sih	0.275261753984	0.33724734592	0.302884142417	0.0846067576798
-sin	0.0695459397323	0.834879710978	0.0665079234748	0.0290664258149
-sim	0.314110158984	0.599592207864	0.00495963408921	0.0813379990632
-kit	0.0844092687599	0.877837091373	0.0187840135423	0.0189696263243
-nas	0.0432822362489	0.918845807033	0.0189359783589	0.0189359783589
-sia	0.0390084550346	0.901037663336	0.0484242890085	0.011529592621
-nat	0.490235228053	0.426031072565	0.0653896549573	0.018344044425
-nau	0.0385105458035	0.885937429732	0.0526165884663	0.0229354359981
-goi	0.755555555556	0.205555555555	0.0277777777778	0.0111111111111
-put	0.253073494806	0.602573469533	0.117941326488	0.0264117091741
-gok	0.561122244489	0.324649298597	0.0360721442885	0.0781563126252
-wuh	0.0859626820952	0.324578926395	0.56588005585	0.0235783356604
-mos	0.3984375	0.578125	0.0234375	0.0
-wun	0.066939529971	0.815553208344	0.0726168471086	0.0448904145761
-wum	0.0878378378378	0.858108108108	0.027027027027	0.027027027027
-gon	0.32069237478	0.0711929193495	0.0209314844412	0.587183221429
-kep	0.345579557699	0.175034634922	0.0361101133973	0.443275693981
-wue	0.0143468411779	0.138686131387	0.803171406997	0.043795620438
-lku	0.255691059566	0.453044267789	0.105623452718	0.185641219928
-moe	0.252994264025	0.573994733169	0.0195667205555	0.153444282251
-lki	0.0	1.0	0.0	0.0
-wur	0.362568586545	0.377220625152	0.223213993757	0.0369967945454
-wus	0.569591867245	0.259792196143	0.1397817312	0.0308342054119
-mon	0.170341635751	0.120428089255	0.0143122049556	0.694918070039
-mom	0.709090909091	0.172727272727	0.0363636363636	0.0818181818181
-mok	0.496777392167	0.378284581061	0.0531482399604	0.0717897868121
-wut	0.576470776754	0.27118389051	0.0496309570311	0.102714375705
-yau	0.551951903608	0.214786681264	0.204729439458	0.0285319756702
-yat	0.269243585471	0.575474841719	0.0833055648118	0.0719760079973
-sud	0.418940609952	0.373996789727	0.072231139647	0.134831460674
-yap	0.313621584646	0.390403456591	0.21608024972	0.0798947090428
-cok	0.645976294448	0.157517155334	0.0748596381784	0.12164691204
-yar	0.614551428331	0.294595286416	0.0256197652728	0.0652335199804
-rlu	0.473337833277	0.264006074924	0.155163685454	0.107492406345
-eor	0.0656455142232	0.693654266958	0.218818380744	0.0218818380744
-bet	0.129525341915	0.741351568785	0.0579243765085	0.0711987127916
-yae	0.14501014989	0.708313682872	0.0792357850274	0.06744038221
-eon	0.116216216216	0.872972972973	0.0108108108108	0.0
-beh	0.00244798041616	0.995104039168	0.0	0.00244798041616
-nto	0.256433206534	0.633698814052	0.00469903781606	0.105168941598
-ben	0.121504923579	0.246075541668	0.0330947262667	0.599324808486
-bel	0.0534607751813	0.909278684541	0.011745170305	0.0255153699729
-bem	0.549019607843	0.333333333333	0.0392156862745	0.078431372549
-yam	0.273348519362	0.610478359909	0.0751708428245	0.0410022779043
-yal	0.838187702265	0.113268608414	0.0453074433657	0.00323624595469
-yan	0.127984897685	0.569189407377	0.0214499141019	0.281375780836
-yah	0.343400590951	0.355071899663	0.0609673444987	0.240560164887
-yak	0.0903407071848	0.0941351719293	0.0308608694317	0.784663251454
-bee	0.0627943485086	0.725274725275	0.211930926217	0.0
-rek	0.317742191216	0.60615189472	0.0304423656255	0.0456635484382
-reh	0.137392910658	0.0192205785869	0.0014497390568	0.841936771699
-rei	0.0644337730229	0.91733025348	0.00364719469941	0.0145887787977
-isi	0.0416649904571	0.931603177482	0.00703780534336	0.0196940267171
-rem	0.099356025759	0.817847286109	0.0441582336706	0.0386384544618
-ise	0.359879412134	0.459238789097	0.085730435875	0.0951513628942
-rea	0.0940590511681	0.545216236808	0.0510889162134	0.30963579581
-akm	0.338733873387	0.48394839484	0.030603060306	0.146714671467
-isa	0.418539325843	0.36797752809	0.13202247191	0.0814606741573
-ree	0.148102337087	0.548857496257	0.146474838878	0.156565327778
-upe	0.515106958213	0.215955983494	0.128065265854	0.140871792439
-upa	0.00675675675676	0.993243243243	0.0	0.0
-res	0.281296601523	0.606781257358	0.094498077074	0.0174240640452
-rep	0.133585966099	0.260178973337	0.0718174515227	0.534417609041
-okm	0.344728434505	0.432907348243	0.0460063897763	0.176357827476
-ret	0.0949241924852	0.844210063722	0.0377938914524	0.0230718523401
-upi	0.147901399067	0.74217188541	0.0859427048634	0.0239840106596
-jur	0.196103783975	0.257665766071	0.203107791379	0.343122658575
-hab	0.0285714285714	0.971428571429	0.0	0.0
-hae	0.371961104193	0.545138667471	0.0482208499486	0.0346793783877
-pue	0.204081632653	0.659863945578	0.0	0.136054421769
-hah	0.379310344828	0.118226600985	0.0886699507389	0.413793103448
-hai	0.115964616593	0.194740441651	0.569545884851	0.119749056905
-mas	0.0101917144116	0.788012340238	0.190557514323	0.0112384310269
-hak	0.172949863972	0.628514056225	0.0277237984195	0.170812281384
-hal	0.12049862315	0.343310645763	0.0263382871619	0.509852443926
-ham	0.191577075418	0.372223850133	0.16755415892	0.268644915528
-han	0.161433641003	0.679758842636	0.0212700939946	0.137537422366
-mai	0.152347574386	0.740241497226	0.0679654355321	0.0394454928558
-mah	0.906312258374	0.0252620075624	0.00280688972915	0.0656188443349
-mak	0.389802631579	0.580592105263	0.00986842105263	0.0197368421053
-has	0.839099624844	0.100875364735	0.0	0.060025010421
-mam	0.136288137075	0.752353061165	0.0873473788501	0.0240114229099
-hau	0.796315486721	0.0866541326811	0.0206495417194	0.0963808388782
-man	0.309728849294	0.620124538336	0.0272244282751	0.0429221840952
-juk	0.398058252427	0.480582524272	0.0728155339805	0.0485436893204
-jun	0.0257457988737	0.041031188981	0.0101776950159	0.923045317129
-uat	0.131033081923	0.0902095568573	0.280101807722	0.498655553497
-uno	0.173974540311	0.766148043376	0.0462046204621	0.013672795851
-uni	0.200295891658	0.1717309662	0.423580289063	0.204392853078
-ung	0.234658002267	0.654776861046	0.0731131792342	0.0374519574524
-una	0.375822191051	0.111136799867	0.136838658923	0.376202350159
-pta	0.0	1.0	0.0	0.0
-eim	0.0973756136394	0.588955817965	0.0325752952103	0.281093273186
-666	0.0	0.0	0.0	1.0
-him	0.0	1.0	0.0	0.0
-gae	0.0918269435797	0.105313659431	0.0239455840334	0.778913812956
-gad	0.155172413793	0.689655172414	0.0	0.155172413793
-tra	0.0	0.930939226519	0.0690607734806	0.0
-hin	0.196749435291	0.0931798786545	0.0279975949261	0.682073091128
-ada	0.125284738041	0.871298405467	0.00341685649203	0.0
-gan	0.0561060263514	0.0610155273609	0.0154354532409	0.867442993047
-gam	0.0880125674696	0.159409490051	0.0239063884637	0.728671554016
-gal	0.0688116265183	0.142848635925	0.0288231392327	0.759516598324
-gak	0.643645083933	0.229736211031	0.0872901678657	0.0393285371702
-gai	0.35137010059	0.437738466875	0.148456468956	0.0624349635796
-adi	0.555258768964	0.0477733323184	0.0124066121625	0.384561286555
-tru	0.696428571429	0.160714285714	0.0	0.142857142857
-gau	0.733801418277	0.0716280433031	0.0417730499971	0.152797488423
-gat	0.186680033041	0.0858224545068	0.0212333820725	0.706264130379
-gas	0.32275306307	0.301455472412	0.240522983307	0.13526848121
-gar	0.373579818987	0.458598112844	0.0942615058733	0.0735605622955
-dku	0.128312684123	0.388249924478	0.0159773175352	0.467460073864
-lan	0.206578726532	0.58122347932	0.0778411528904	0.134356641258
-sem	0.0143198090692	0.613365155131	0.35799522673	0.0143198090692
-sek	0.893724225838	0.071920221939	0.00692809477394	0.0274274574492
-sei	0.620545073375	0.308176100629	0.0712788259957	0.0
-ino	0.737230612976	0.0510050012016	0.0327821280725	0.17898225775
-ina	0.487867757104	0.267218322439	0.101093977811	0.143819942646
-apa	0.0842401116491	0.458061093955	0.199600178299	0.258098616097
-uit	0.158849898866	0.802890089811	0.0213972655921	0.0168627457315
-sea	0.0201005025126	0.959798994975	0.0	0.0201005025125
-ing	0.647021112742	0.216130410765	0.0458395826061	0.091008893886
-ohe	0.670537032017	0.226755218216	0.0197283214361	0.0829794283305
-kah	0.444790883981	0.416837821781	0.0695497821042	0.0688215121345
-oha	0.0844277673545	0.808630393996	0.106941838649	0.0
-ohm	0.07330845689	0.873196182677	0.0158504771654	0.0376448832679
-oho	0.799639281678	0.0726571723808	0.0292110286365	0.0984925173046
-ses	0.0339356973689	0.93686532784	0.0013626188236	0.0278363559679
-ser	0.0	1.0	0.0	0.0
-sep	0.0551956992852	0.920570874391	0.00909950790819	0.0151339184157
-iae	0.139503792952	0.332235340729	0.27893790369	0.249322962629
-lat	0.22045768531	0.457890489283	0.127005621897	0.19464620351
-eda	0.453602305476	0.174063400576	0.252449567723	0.119884726225
-kus	0.14262560778	0.836466774716	0.00437601296596	0.0165316045381
-kur	0.690824261275	0.208398133748	0.0317262830482	0.0690513219285
-kup	0.0686434710313	0.80682470516	0.063171267089	0.0613605567194
-iam	0.45554942021	0.395361678631	0.0828271673109	0.0662617338487
-ial	0.366666666667	0.166666666667	0.433333333333	0.0333333333333
-ian	0.364363012779	0.437176820821	0.0832424621339	0.115217704267
-iai	0.0790296190866	0.271290524737	0.0166382608413	0.633041595335
-nes	0.0178848987666	0.883909646945	0.0103756636186	0.08782979067
-nep	0.0568003426081	0.114082883893	0.0342911972846	0.794825576214
-nen	0.0245556537078	0.890739919896	0.0516291486297	0.0330752777668
-iat	0.0168539325843	0.949438202247	0.0337078651685	0.0
-kue	0.26583319531	0.283595387541	0.0495171082466	0.401054308902
-aan	0.20591111594	0.608035423232	0.0989894599587	0.0870640008693
-iap	0.182142857143	0.742857142857	0.075	0.0
-ias	0.166715829839	0.656802427256	0.112408082426	0.0640736604792
-iar	0.526621041642	0.330936086301	0.0777172021807	0.0647256698759
-kun	0.457810218978	0.383357664234	0.0922627737226	0.0665693430657
-kum	0.220851071054	0.702095420803	0.0285218306601	0.0485316774826
-kul	0.447441251026	0.37989370691	0.0325124600482	0.140152582016
-kuh	0.262773722628	0.737226277372	0.0	0.0
-ban	0.115193173738	0.101327328751	0.700047404598	0.083432092913
-ska	0.00877385391533	0.967756086861	0.00855450756745	0.0149155516561
-eka	0.0788137818198	0.396911106128	0.0817427434206	0.442532368631
-lar	0.0372670807453	0.180124223602	0.149068322981	0.633540372671
-bah	0.387218922978	0.111299711239	0.00980462936072	0.491676736422
-hoe	0.515733001706	0.302064956474	0.0516239118489	0.130578129971
-hok	0.704965357968	0.295034642032	0.0	0.0
-bae	0.418888662732	0.341746387136	0.119682475066	0.119682475066
-eko	0.591533180778	0.295194508009	0.0240274599543	0.0892448512586
-mku	0.482657751776	0.417049728374	0.0485791893021	0.0517133305475
-rku	0.252262174477	0.284250345579	0.07499123271	0.388496247234
-hor	0.260162601626	0.520325203252	0.170731707317	0.0487804878049
-hos	0.56852248394	0.386509635974	0.0321199143469	0.0128479657387
-hop	0.565002350669	0.285629678807	0.0377076616245	0.111660308899
-kil	0.782122905028	0.217877094972	0.0	0.0
-eku	0.444259567388	0.301996672213	0.134775374376	0.118968386023
-jok	0.621036758212	0.180697985645	0.0583133106302	0.139951945513
-bat	0.0694183372822	0.897621066804	0.0201960150027	0.0127645809108
-bau	0.0	0.891891891892	0.108108108108	0.0
-gsa	0.157051282051	0.589285714286	0.14652014652	0.107142857143
-bas	0.248925893849	0.53207348295	0.186502591729	0.0324980314726
-ase	0.299650550456	0.375604722923	0.133842095529	0.190902631092
-nya	0.152261938827	0.105384672674	0.155930901208	0.58642248729
-ipe	0.0350156088097	0.938305832097	0.0133392795466	0.0133392795466
-asa	0.131034361453	0.259937338954	0.0306551432868	0.578373156307
-aso	0.0784821043553	0.900819318672	0.0	0.0206985769728
-asm	0.0558375634517	0.822335025381	0.0	0.121827411167
-nyi	0.36139991197	0.488670517398	0.0667247435682	0.0832048270647
-yet	0.257758320889	0.719329828366	0.0	0.0229118507456
-asi	0.26112439162	0.59596302044	0.120899157524	0.0220134304161
-noe	0.60616537021	0.157015269375	0.0668395275137	0.169979832901
-mba	0.476232107257	0.0933481550959	0.0130134302924	0.417406307355
-yek	0.652557319224	0.285714285714	0.0246913580247	0.037037037037
-yem	0.215304606241	0.327043090639	0.349777117385	0.107875185736
-mbe	0.111969111969	0.80694980695	0.0501930501931	0.030888030888
-mbi	0.0	0.611111111111	0.0	0.388888888889
-lta	0.0	1.0	0.0	0.0
-mbo	0.163096771145	0.527789826515	0.228539698667	0.0805737036731
-rat	0.56076046627	0.357851075227	0.0114260075047	0.0699624509978
-rau	0.265060240964	0.436746987952	0.265060240964	0.0331325301205
-eru	0.0689655172414	0.896551724138	0.0344827586207	0.0
-rap	0.294234266775	0.59864928465	0.0297920658765	0.0773243826977
-ran	0.150656873217	0.629873323863	0.0920705363272	0.127399266592
-rao	0.111111111111	0.87037037037	0.0185185185185	0.0
-iwa	0.0715083798882	0.189944134078	0.0871508379888	0.651396648045
-ram	0.259665952275	0.599351979454	0.0701313860022	0.0708506822689
-erm	0.0	1.0	0.0	0.0
-iwe	0.063287542158	0.936712457842	0.0	0.0
-ero	0.411580594679	0.325508607199	0.206572769953	0.056338028169
-era	0.60657323795	0.212501465932	0.0	0.180925296118
-rae	0.331968616027	0.47121244886	0.04188214622	0.154936788893
-rab	0.0	0.974358974359	0.0	0.025641025641
-ere	0.0764331210191	0.238853503185	0.636942675159	0.047770700637
-gen	0.0781261212584	0.702387937475	0.195847175379	0.0236387658876
-die	0.735861484897	0.226498541451	0.0	0.037639973652
-ugu	0.253456221198	0.746543778802	0.0	0.0
-por	0.631376323388	0.287776708373	0.0577478344562	0.0230991337825
-pos	0.0	1.0	0.0	0.0
-ahm	0.184757663283	0.639078053122	0.0279284839846	0.148235799611
-pot	0.283413848631	0.671497584541	0.0450885668276	0.0
-pok	0.130807917686	0.838808655931	0.0232547409219	0.00712868546117
-pon	0.399332333242	0.454968948258	0.0353712207535	0.110327497746
-ugi	0.431741935484	0.457290322581	0.0676129032258	0.0433548387097
-poe	0.121240523704	0.783560050994	0.0362867764606	0.058912648842
-lae	0.297661372414	0.357457486303	0.28475943834	0.060121702943
-ike	0.248379738698	0.481695811688	0.19318424121	0.0767402084041
-epm	0.0826030112217	0.204599527851	0.0360348706671	0.67676259026
-uju	0.0937038166506	0.0374862183021	0.0305425883788	0.838267376668
-ika	0.103133946476	0.202971326497	0.00552085934016	0.688373867687
-ggo	0.00810810810811	0.724324324324	0.0	0.267567567568
-iko	0.0132450331126	0.986754966887	0.0	0.0
-lam	0.0730314804535	0.511061771469	0.0689873919594	0.346919356118
-nor	0.0	1.0	0.0	0.0
-nos	0.0357142857143	0.964285714286	0.0	0.0
-hia	0.0465305018261	0.943730555931	0.0	0.00973894224267
-lai	0.662083933405	0.202023502644	0.0346327157132	0.101259848237
-lak	0.696332254778	0.16398031846	0.0422889333075	0.0973984934548
-noh	0.043956043956	0.630036630037	0.300366300366	0.025641025641
-uja	0.82863340564	0.140997830803	0.0216919739696	0.00867678958785
-ppi	0.00584225900682	0.988315481986	0.0	0.00584225900683
-nok	0.00452488687782	0.995475113122	0.0	0.0
-iks	0.0584551148225	0.935281837161	0.0	0.0062630480167
-non	0.548784435596	0.205966139005	0.0568126638827	0.188436761516
-las	0.0485331581264	0.266039805867	0.0743927156874	0.611034320319
-aae	0.363057324841	0.345541401274	0.0286624203822	0.262738853503
-uji	0.542419123328	0.0735953325106	0.0135484780027	0.370437066158
-ahe	0.236095082765	0.455980149922	0.0795992479918	0.228325519321
-isu	0.25702247191	0.0880149812734	0.612827715356	0.0421348314607
-boe	0.324851877109	0.60447424123	0.022318067893	0.0483558137682
-gei	0.0603332694886	0.922811721892	0.00229841026623	0.0145565983528
-ahi	0.212749502836	0.370774103263	0.164395669146	0.252080724755
-aho	0.0684150513113	0.912770809578	0.0153933865451	0.00342075256556
-gem	0.0463457349109	0.674084831917	0.0119601896544	0.267609243518
-gel	0.193304535637	0.799136069114	0.00755939524838	0.0
-bom	0.190073917635	0.778247096093	0.0316789862724	0.0
-bon	0.309897754822	0.652155581322	0.0189733319279	0.0189733319279
-aha	0.170409821351	0.770416265806	0.0323833898758	0.0267905229676
-gee	0.073335103862	0.881780525847	0.00986018203187	0.035024188259
-bok	0.169811320755	0.77358490566	0.0566037735849	0.0
-bot	0.0	0.861591695502	0.138408304498	0.0
-dod	0.0185185185185	0.944444444444	0.037037037037	0.0
-doe	0.285420944559	0.630390143737	0.0349075975359	0.0492813141684
-doa	0.627601788204	0.348699706773	0.00245156948517	0.0212469355381
-don	0.0628957365977	0.913676656817	0.00970873786407	0.0137188687209
-ger	0.726829268293	0.224390243902	0.0390243902439	0.00975609756098
-dom	0.0130491518051	0.915905466145	0.0666956647818	0.00434971726838
-dok	0.837041113192	0.0991876206242	0.017730257099	0.0460410090848
-doh	0.30625	0.025	0.51875	0.15
-doi	0.691914365491	0.277744146092	0.0223788544198	0.0079626339973
-gop	0.564507635598	0.186413902054	0.177988414955	0.0710900473934
-mpo	0.421967455621	0.471893491124	0.0484467455621	0.0576923076923
-toe	0.236262890565	0.347391103586	0.277820532553	0.138525473295
-sau	0.091940377259	0.471969397177	0.412874290991	0.0232159345733
-toa	0.349206349206	0.650793650794	0.0	0.0
-ton	0.143232189315	0.0390449225582	0.00795689380693	0.80976599432
-ibu	0.1262043448	0.611129428142	0.0175843499286	0.245081877129
-tok	0.16915872299	0.395297977037	0.0927092495305	0.342834050443
-toh	0.328067115806	0.0374863639309	0.00617225177051	0.628274268493
-mpa	0.638813803586	0.181901613956	0.0507273913573	0.128557191101
-ges	0.0392156862745	0.960784313725	0.0	0.0
-tor	0.424829080079	0.393217355987	0.134840587558	0.0471129763758
-tos	0.4	0.173913043478	0.273913043478	0.152173913043
-sae	0.138225605536	0.618301344223	0.0738082647146	0.169664785527
-sad	0.0	1.0	0.0	0.0
-sak	0.430693069307	0.403312553478	0.13849162694	0.027502750275
-ola	0.467991169978	0.366445916115	0.0794701986755	0.0860927152317
-sai	0.208073723091	0.721747565571	0.0627914785658	0.00738723277247
-sah	0.219754871022	0.361385679979	0.339508111227	0.0793513377722
-san	0.116502401587	0.765192234816	0.0407894993587	0.0775158642377
-sam	0.208681394439	0.583158914608	0.0923415170392	0.115818173914
-sal	0.328391314499	0.252743404156	0.0840532337148	0.33481204763
-lon	0.0603839653445	0.743269811387	0.118545600269	0.0778006229996
-ima	0.716781951746	0.111917598987	0.0650681546492	0.106232294618
-lom	0.431643989198	0.420243745207	0.0510934649743	0.0970188006209
-lok	0.104613054081	0.869233682398	0.0205398801306	0.00561338338973
-loh	0.0435206507373	0.358768963546	0.00395522256504	0.593755163152
-ien	0.1393298313	0.331250627681	0.231990932698	0.297428608321
-loe	0.0615053845841	0.185218991316	0.588820366395	0.164455257705
-iee	0.329048843188	0.203084832905	0.215938303342	0.251928020566
-oko	0.555789473684	0.258947368421	0.0	0.185263157895
-roe	0.466666666667	0.414814814815	0.0962962962962	0.0222222222222
-ael	0.0157900642824	0.959763389494	0.014187012071	0.010259534153
-rob	0.2	0.705555555556	0.0666666666667	0.0277777777778
-lot	0.0937805275155	0.812438944969	0.0937805275154	0.0
-ahu	0.0805369127517	0.879194630872	0.0402684563758	0.0
-oci	0.133680555556	0.824652777778	0.0416666666667	0.0
-los	0.0482478415439	0.925850685627	0.0	0.0259014728289
-lop	0.765413533835	0.231578947368	0.00300751879699	0.0
-okh	0.125326370757	0.859007832898	0.0156657963446	0.0
-ewu	0.0503658709521	0.818874739114	0.0248097131756	0.105949676758
-mar	0.0606579430109	0.662467897762	0.20765561942	0.0692185398068
-sar	0.279526274263	0.465396739379	0.113695594924	0.141381391434
-omo	0.0	1.0	0.0	0.0
-ipa	0.00371287128713	0.988861386139	0.00371287128713	0.00371287128713
-mat	0.384944823661	0.497468324929	0.055282091018	0.0623047603919
-sap	0.157894736842	0.789473684211	0.0	0.0526315789474
-ewa	0.103605132731	0.821576481771	0.0568945617489	0.0179238237491
-rdi	0.0	0.878684807256	0.121315192744	0.0
-ewi	0.0416462518373	0.947574718275	0.00489955903969	0.00587947084763
-ipu	0.59973181361	0.29768689239	0.0603419376467	0.0422393563527
-hap	0.347222222222	0.541666666667	0.0555555555555	0.0555555555556
-awi	0.164440531162	0.154513716585	0.0156188562316	0.665426896021
-awo	0.26928929496	0.457117699887	0.251459638444	0.022133366709
-nga	0.681656982836	0.145175188253	0.0188143559967	0.154353472915
-awa	0.0739583172059	0.162793178423	0.0424899118079	0.720758592563
-mpi	0.754098360656	0.114754098361	0.0655737704918	0.0655737704918
-awe	0.663935191816	0.280210713774	0.0412834610858	0.0145706333244
-iup	0.107142857143	0.828571428571	0.0214285714286	0.0428571428571
-hat	0.403854329035	0.398894714468	0.10859784611	0.0886531103868
-wie	0.486860893597	0.172693075388	0.0456202978658	0.294825733149
-awu	0.346153846154	0.538461538462	0.0673076923077	0.0480769230769
-mal	0.417956656347	0.306501547988	0.201238390093	0.0743034055727
-wid	0.00492206726825	0.994023204031	0.00105472870034	0.0
-stu	0.0	0.809090909091	0.190909090909	0.0
-jue	0.161947109759	0.164287385912	0.245494968406	0.428270535923
-lla	0.0300883261805	0.810812363117	0.0120098293923	0.14708948131
-sti	0.294830214506	0.0264948870716	0.0245373251269	0.654137573296
-tim	0.112351320205	0.825855453682	0.0367695229763	0.0250237031367
-ato	0.513960604322	0.397612427733	0.0201538755755	0.0682730923694
-pku	0.218243580384	0.209466152458	0.0445753725675	0.52771489459
-sta	0.0714452253273	0.883142869155	0.0282897865735	0.0171221189438
-cuk	0.113744075829	0.886255924171	0.0	0.0
-oli	0.0363636363636	0.963636363636	0.0	0.0
-mae	0.44148355616	0.362103331345	0.0287213413151	0.16769177118
-red	0.0	1.0	0.0	0.0
-pit	0.228204982006	0.514947023844	0.171858072868	0.0849899212821
-jum	0.427042280397	0.449404434268	0.0357045876542	0.0878486976816
-cur	0.372481079602	0.501686878818	0.0930062916021	0.0328257499772
-leh	0.573268196603	0.0869316421166	0.0138770621286	0.325923099152
-lei	0.220338983051	0.576271186441	0.203389830508	0.0
-lek	0.261032994571	0.473409438953	0.244674926911	0.0208826395657
-ois	0.0	1.0	0.0	0.0
-ion	0.0156555772994	0.953033268102	0.0195694716242	0.0117416829745
-len	0.105150088786	0.101622547429	0.01033552681	0.782891836975
-mum	0.156069364162	0.219653179191	0.393063583815	0.231213872832
-lea	0.0660602822761	0.898368796498	0.0300923641619	0.00547855706377
-lee	0.545454545455	0.356643356643	0.0979020979021	0.0
-aga	0.371687727565	0.455039834795	0.0719819528433	0.101290484797
-leg	0.0	1.0	0.0	0.0
-mut	0.285714285714	0.539682539683	0.111111111111	0.0634920634921
-oie	0.537409493162	0.33708769107	0.0772325020112	0.0482703137571
-mus	0.00896860986547	0.946686596911	0.01644245142	0.0279023418037
-mur	0.08813654169	0.675993284835	0.118354784555	0.11751538892
-ios	0.0	1.0	0.0	0.0
-les	0.455723542117	0.290136789057	0.159827213823	0.0943124550036
-lmu	0.288622754491	0.341317365269	0.287425149701	0.0826347305389
-iot	0.0	0.996428571429	0.0	0.00357142857143
-eel	0.0	1.0	0.0	0.0
-wis	0.302083333333	0.684027777778	0.0138888888889	0.0
-git	0.041034751978	0.889535062428	0.0502498970289	0.019180288565
-ndu	0.0659141302157	0.841967345293	0.0266075388027	0.0655109856884
-wau	0.104517453799	0.806776180698	0.0616016427105	0.0271047227926
-ole	0.189189189189	0.662162162162	0.148648648649	0.0
-ndi	0.21542225146	0.635638516569	0.0949757421265	0.0539634898446
-alo	0.0127343473647	0.873010258224	0.00141492748497	0.112840466926
-gil	0.254733218589	0.348364888124	0.322203098107	0.0746987951808
-top	0.635913925303	0.151372743013	0.0111303487509	0.201582982933
-dos	0.0916030534351	0.862595419847	0.0458015267176	0.0
-ndo	0.459436379163	0.540563620837	0.0	0.0
-gih	0.0324015247776	0.937420584498	0.0206480304956	0.00952986022872
-nda	0.30526530409	0.317975205498	0.0970864858643	0.279673004547
-gie	0.47466095646	0.389721627409	0.0339043540328	0.101713062098
-ale	0.36135647662	0.387670640558	0.0969794304774	0.153993452344
-nde	0.312811660913	0.155186585566	0.0418105101649	0.490191243356
-bku	0.284916201117	0.614525139665	0.0670391061452	0.0335195530726
-gia	0.0	0.934640522876	0.0522875816993	0.0130718954248
-ala	0.165523358438	0.615987351946	0.177856093105	0.0406331965112
-rot	0.681265206813	0.26196269262	0.0567721005677	0.0
-lah	0.56917282341	0.247283789657	0.0659133709981	0.117630015935
-wat	0.261624302542	0.452572845629	0.226286422815	0.0595164290143
-bea	0.306382978723	0.574468085106	0.102127659574	0.0170212765957
-yoh	0.331637478875	0.278057810708	0.0456766302721	0.344628080145
-yon	0.0260115606937	0.739884393064	0.115606936416	0.118497109827
-yol	0.0	1.0	0.0	0.0
-yob	0.0	1.0	0.0	0.0
-iel	0.0262379080348	0.956270153275	0.0116612924599	0.00583064622996
-pee	0.0942230599299	0.830216418581	0.0282213995925	0.0473391218971
-bim	0.0384615384615	0.923076923077	0.0384615384615	0.0
-lsu	0.2	0.283333333333	0.45	0.0666666666667
-pem	0.0952380952381	0.857142857143	0.047619047619	0.0
-pen	0.175119073484	0.705547549754	0.0626936720948	0.0566397046669
-loi	0.0	0.963636363636	0.0181818181818	0.0181818181818
-pei	0.910714285714	0.0	0.0	0.0892857142857
-pek	0.305084745763	0.271186440678	0.237288135593	0.186440677966
-pet	0.246153858713	0.567816345454	0.0843846496562	0.101645146177
-eli	0.00684931506849	0.972602739726	0.00684931506849	0.013698630137
-elo	0.0693057572076	0.253034657817	0.0779973727617	0.599662212214
-per	0.0519348268839	0.936863543788	0.0050916496945	0.00610997963339
-pes	0.15625	0.78125	0.0625	0.0
-ela	0.303947595063	0.102771353115	0.0820311081077	0.511249943714
-ele	0.470868014269	0.15933412604	0.0713436385256	0.298454221165
-war	0.0900670322974	0.845338208409	0.019012797075	0.0455819622182
-rid	0.0486598854572	0.821171448546	0.00236123135901	0.127807434638
-itm	0.296028880866	0.552346570397	0.108303249097	0.0433212996389
-iti	0.0285736037661	0.269493842909	0.0639876788716	0.637944874453
-esa	0.0	1.0	0.0	0.0
-ite	0.856414824636	0.0888705700551	0.0111929943383	0.0435216109707
-aku	0.121706841404	0.0401943172101	0.00782633110586	0.83027251028
-ese	0.461120174008	0.392060902664	0.114192495922	0.0326264274063
-ita	0.412402174307	0.389334306858	0.147489759825	0.0507737590098
-uem	0.682226211849	0.0628366247756	0.0179533213644	0.236983842011
-apu	0.147058823529	0.101307189542	0.62091503268	0.130718954248
-ria	0.0227647222856	0.79012345679	0.0156665906152	0.171445230309
--en	0.0977456769879	0.613899969598	0.0486885865109	0.239665766903
-uda	0.0528379772962	0.870175438596	0.0573787409701	0.0196078431372
-udi	0.0333908492511	0.793424686101	0.132461513106	0.040722951542
-kut	0.397288719978	0.147944990793	0.0304431297261	0.424323159503
-ate	0.233980731855	0.476767497269	0.122301873578	0.166949897298
-ueh	0.0734952637204	0.0868379344661	0.0113891858022	0.828277616011
-nju	0.160164271047	0.691991786448	0.0123203285421	0.135523613963
-rim	0.168100164512	0.482715217895	0.051473429685	0.297711187908
-ksa	0.651567239636	0.217217969089	0.0520005777842	0.0792142134913
-tis	0.285137222288	0.677438517287	0.00712843055721	0.0302958298681
-hud	0.0	0.781401804303	0.218598195697	0.0
-uoe	0.826923076923	0.0576923076923	0.0	0.115384615385
-wor	0.580534776381	0.361690275346	0.0214865510107	0.0362883972625
-oah	0.0213438735178	0.969169960474	0.0	0.00948616600791
-woi	0.161639597835	0.793503480278	0.0433101314772	0.0015467904099
-abe	0.253078581342	0.361308803119	0.01358414789	0.372028467649
-wok	0.0	0.469387755102	0.387755102041	0.142857142857
-aba	0.433333812102	0.385289344039	0.121051951223	0.060324892636
-nja	0.294708029197	0.651459854015	0.0483576642336	0.00547445255474
-won	0.449090704984	0.497867085766	0.0176807364167	0.0353614728334
-hut	0.300620055591	0.417575368826	0.120590121873	0.16121445371
-utm	0.372163388805	0.403933434191	0.187594553706	0.036308623298
-ron	0.253333333333	0.597037037037	0.0948148148148	0.0548148148148
-nji	0.307499824811	0.608224716389	0.0262977583643	0.0579777004352
-hus	0.0215730337079	0.879550561798	0.0665168539326	0.0323595505618
-tua	0.128205128205	0.705128205128	0.166666666667	0.0
-tue	0.080724751165	0.768590602275	0.093678891977	0.0570057545827
-kob	0.01153629713	0.979178390546	0.000844119302194	0.00844119302195
-oba	0.624393331927	0.214391221777	0.0447351761975	0.116480270099
-roh	0.0980765021417	0.81023568229	0.0491823374374	0.0425054781306
-kon	0.250225726412	0.587642278735	0.0867926942847	0.0753393005681
-tul	0.766423357664	0.14598540146	0.0875912408759	0.0
-nje	0.141133300865	0.118484195181	0.022968328746	0.717414175208
-sos	0.201550387597	0.767441860465	0.0	0.031007751938
-sor	0.454002973861	0.449444357489	0.0472491782752	0.0493034903741
-tup	0.551126631998	0.25435808612	0.0530671651959	0.141448116686
-tur	0.692052980132	0.0596026490066	0.248344370861	0.0
-tus	0.0343082909862	0.881990860335	0.0119263490217	0.071774499657
-tut	0.448748709777	0.0987450880973	0.275700342249	0.176805859877
-soh	0.389616664557	0.496046151103	0.0485092952399	0.0658278891001
-sok	0.489342806394	0.452042628774	0.0426287744227	0.0159857904085
-ado	0.399581853901	0.417298992484	0.0439774345295	0.139141719085
-soe	0.0	1.0	0.0	0.0
-rok	0.315708110297	0.490783912356	0.0444418416507	0.149066135697
-ore	0.339239739512	0.57595032561	0.0339239739513	0.0508859609268
-tna	0.0	0.732394366197	0.267605633803	0.0
-jee	0.179104477612	0.462686567164	0.236673773987	0.121535181237
-lit	0.410628019324	0.492753623188	0.0724637681159	0.024154589372
-rus	0.0511342233891	0.83220666617	0.0162628032923	0.100396307148
-rup	0.305058365759	0.532295719844	0.143968871595	0.0186770428016
-dus	0.0129482071713	0.914342629482	0.0687250996016	0.00398406374502
-jen	0.471535365152	0.419206440483	0.034502587694	0.0747556066705
-rut	0.0378582685461	0.944441761744	0.00479374179642	0.0129062279134
-lis	0.0480716853688	0.87130951084	0.0585575770781	0.0220612267132
-jer	0.383989993746	0.462163852408	0.0225140712945	0.131332082552
-lim	0.489669473106	0.369425637695	0.111174956904	0.0297299322957
-ruh	0.392760669908	0.432739059968	0.145326850351	0.0291734197731
-hku	0.276586364701	0.357558730228	0.0201166553375	0.345738249733
-run	0.26356440903	0.445800796813	0.0294501992032	0.261184594954
-lik	0.455247455247	0.28782028782	0.225342225342	0.03159003159
