kud-	0.0871023587967	0.88512587463	0.00757411815624	0.0201976484167
fig-	0.0	1.0	0.0	0.0
ngy-	0.660477453581	0.0397877984085	0.0557029177719	0.244031830239
gyu-	0.133466135458	0.794820717131	0.0278884462151	0.0438247011952
nyu-	0.590156988734	0.244366503458	0.0766986068828	0.0887779009245
pid-	0.0	1.0	0.0	0.0
wĩp-	0.213454188436	0.103229425997	0.0520705494583	0.631245836109
tib-	0.0	1.0	0.0	0.0
aaĩ-	0.797375530683	0.185256657661	0.00578927055189	0.0115785411038
ũjũ-	0.0706713780919	0.901060070671	0.0	0.0282685512368
lij-	0.583496536697	0.217692092479	0.0617205449721	0.137090825851
iit-	0.459938366718	0.37750385208	0.093220338983	0.0693374422188
suu-	0.668582375479	0.331417624521	0.0	0.0
lod-	0.0	1.0	0.0	0.0
ate-	0.296723636451	0.626715703949	0.0399028869498	0.0366577726497
naw-	0.344490685827	0.286884740115	0.180112853352	0.188511720705
uũn-	0.197508896797	0.713523131673	0.0213523131673	0.067615658363
pat-	0.0914547013432	0.334095455845	0.0943126607602	0.480137182052
ũũg-	0.582959641256	0.309417040359	0.107623318386	0.0
uo--	0.0685434516524	0.0538555691554	0.690330477356	0.187270501836
ĩtu-	0.310947480483	0.566122545541	0.0362845990064	0.0866453749704
ĩĩs-	0.0101522842639	0.969543147208	0.00507614213198	0.0152284263959
uij-	0.644661054497	0.249003101462	0.0265839610102	0.0797518830305
zia-	0.757894736842	0.210526315789	0.0	0.0315789473684
kid-	0.0487804878049	0.951219512195	0.0	0.0
mwi-	0.294876150004	0.518442800435	0.0487312419644	0.137949807597
nig-	0.365492084412	0.466518957457	0.0928025487622	0.075186409369
ĩla-	0.0794214370944	0.859550071302	0.0505514973371	0.0104769942668
nge-	0.155443886097	0.358123953099	0.423115577889	0.0633165829146
nai-	0.455601149723	0.1882246446	0.132763217197	0.22341098848
ulũ-	0.257046036862	0.678485825275	0.0495908752789	0.0148772625837
zis-	0.421951407339	0.248546455662	0.202822378807	0.126679758192
mĩm-	0.0559875583204	0.612752721617	0.153965785381	0.177293934681
kũj-	0.576086956522	0.233695652174	0.141304347826	0.0489130434783
asi-	0.390902856023	0.33733405183	0.063317493754	0.208445598393
pũn-	0.391012663253	0.203286888174	0.0452542574729	0.3604461911
mpe-	0.154133497489	0.321641926774	0.444898358913	0.079326216825
pij-	0.137931034483	0.758620689655	0.0344827586207	0.0689655172414
mue-	0.194899339264	0.431249152166	0.0860768609876	0.287774647583
ĩiĩ-	0.204081632653	0.387755102041	0.0816326530612	0.326530612245
mus-	0.337575118215	0.464608397097	0.0795516650002	0.118264819688
yaĩ-	0.281042411855	0.415772440811	0.00510986203374	0.298075285301
ũtũ-	0.0943396226415	0.0754716981132	0.169811320755	0.660377358491
zam-	0.684782608696	0.235507246377	0.0289855072464	0.0507246376811
uba-	0.0900100908174	0.886377396569	0.00908173562059	0.0145307769929
ĩia-	0.467255334805	0.378219278882	0.110375275938	0.0441501103753
yĩs-	0.0283018867925	0.971698113208	0.0	0.0
aki-	0.173430571929	0.29226227693	0.498558603277	0.0357485478644
use-	0.144927536232	0.814699792961	0.0217391304348	0.0186335403727
lis-	0.181675802663	0.657008613939	0.0407204385278	0.120595144871
uni-	0.0708771677857	0.5656170335	0.0529963017486	0.310509496966
uũũ-	0.525252525252	0.323232323232	0.151515151515	0.0
jũm-	0.0514786418401	0.906900328587	0.00328587075575	0.0383351588171
ĩap-	0.0198654531064	0.919509299565	0.0469331222794	0.0136921250495
yĩa-	0.512820512821	0.213675213675	0.239316239316	0.034188034188
apa-	0.198774473173	0.702520582483	0.068684085696	0.0300208586485
ana-	0.0664077977653	0.695336260866	0.181745643542	0.0565102978268
nũm-	0.420910145675	0.419234240041	0.0657470671652	0.0941085471187
ijũ-	0.029590948651	0.699738903394	0.207136640557	0.0635335073978
nii-	0.171566155967	0.36006682802	0.106982758325	0.361384257687
ugũ-	0.192237829983	0.704831678372	0.0260353596512	0.0768951319932
ĩpi-	0.387433738697	0.130807608357	0.0795135640786	0.402245088868
nke-	0.0786401470111	0.15152415955	0.419873527186	0.349962166252
tel-	0.0	1.0	0.0	0.0
mii-	0.0749410745583	0.685126614154	0.215757771107	0.0241745401802
lwa-	0.0210539017258	0.0366076273498	0.00381212658467	0.93852634434
lum-	0.223126825663	0.202855366423	0.0863062069613	0.487711600953
kĩl-	0.172756160775	0.282642661445	0.0625144002774	0.482086777502
mũm-	0.438914027149	0.153846153846	0.380090497737	0.027149321267
adi-	0.0229445506692	0.913957934991	0.0630975143403	0.0
ami-	0.0157758523686	0.10784291662	0.00207043996849	0.874310791043
nuj-	0.45450177765	0.237340251754	0.299509945229	0.00864802536754
aas-	0.088140481846	0.132846963013	0.015184933831	0.76382762131
win-	0.215037578101	0.0846576774991	0.245432795145	0.454871949255
uke-	0.0827463248163	0.797591442072	0.0561668708436	0.0634953622681
uhi-	0.0352941176471	0.964705882353	0.0	0.0
ĩwi-	0.487314447927	0.339878171388	0.0610325861966	0.111774794488
wan-	0.580184730082	0.223007838628	0.0412974695436	0.155509961746
umi-	0.041237113402	0.958762886598	0.0	0.0
aaa-	0.394265232975	0.362007168459	0.0770609318996	0.166666666667
ili-	0.174812642555	0.521016617791	0.165363310525	0.13880742913
nut-	0.50584149317	0.232887116098	0.0445773696537	0.216694021078
iii-	0.561508363074	0.209528314056	0.0574020724943	0.171561250376
ĩum-	0.451884376143	0.266831320893	0.211306256861	0.0699780461032
ani-	0.0381543363871	0.407727301314	0.538269637953	0.0158487243454
upi-	0.0586700433598	0.815701623115	0.0572502973792	0.068378036146
yoi-	0.178779302611	0.116409462274	0.01917018209	0.685641053025
sun-	0.0421986914917	0.014222493943	0.00921853514901	0.934360279416
ĩal-	0.170333116613	0.585758164366	0.127849905707	0.116058813315
ĩnj-	0.248908296943	0.524017467249	0.0218340611353	0.205240174672
iig-	0.833656415361	0.112380154032	0.0272436737046	0.0267197569026
wen-	0.132711408863	0.20047243559	0.011559469427	0.65525668612
nĩm-	0.113074390559	0.747521534285	0.0662896781479	0.0731143970082
ale-	0.372607999782	0.213537988943	0.0827203746054	0.331133636669
sid-	0.0	0.964020148717	0.0	0.0359798512833
kue-	0.126052055708	0.319674309109	0.119844228904	0.434429406279
uee-	0.72	0.24	0.0	0.04
adu-	0.645920788465	0.228143821865	0.093082679321	0.0328527103486
zĩt-	0.383227176221	0.505307855626	0.0	0.111464968153
imu-	0.2375	0.0416666666667	0.025	0.695833333333
ina-	0.355683969314	0.449038557338	0.0352584326879	0.160019040661
uwe-	0.0729058003411	0.67789313331	0.137101982018	0.112099084331
umu-	0.0935868920583	0.57910666071	0.0671032861146	0.260203161117
ĩmb-	0.166553084278	0.753319703447	0.0161080478285	0.0640191644466
wau-	0.559711927763	0.159902026193	0.0352961605601	0.245089885484
ino-	0.172917307101	0.533507531509	0.0471359770469	0.246439184343
iiu-	0.406155982411	0.471187225179	0.0104142559593	0.11224253645
kil-	0.0104305596321	0.97553134253	0.00621280681332	0.00782529102442
lii-	0.0974089115141	0.728326564853	0.113824858434	0.0604396651985
ang-	0.0903988091547	0.215654654841	0.0688457483099	0.625100787695
iky-	0.254778040052	0.574249248809	0.0686760890066	0.102296622132
mbi-	0.12970762227	0.0157752513572	0.000876402853177	0.853640723519
wĩm-	0.177045136342	0.602106807121	0.155010334022	0.0658377225148
zap-	0.571428571429	0.225274725275	0.021978021978	0.181318681319
pyu-	0.173875556833	0.591895387268	0.216985199023	0.017243856876
zab-	0.0	1.0	0.0	0.0
lig-	0.378395860285	0.330530401035	0.203751617076	0.0873221216041
osi-	0.0408653846154	0.903846153846	0.0108173076923	0.0444711538461
kuw-	0.224041986175	0.573205223766	0.0733124355453	0.129440354514
uik-	0.237288135593	0.706214689266	0.0225988700565	0.0338983050847
ipa-	0.456916099773	0.148526077098	0.142857142857	0.251700680272
ijo-	0.0	0.982646420824	0.0	0.0173535791757
nit-	0.431372140506	0.296824867703	0.0299179132464	0.241885078545
nti-	0.458281279073	0.364291220329	0.062598017065	0.114829483533
nah-	0.0	1.0	0.0	0.0
ity-	0.0852157419054	0.679230345726	0.0287535313998	0.206800380969
kwu-	0.616113744076	0.156398104265	0.0	0.227488151659
pii-	0.122245741643	0.156227358611	0.0452330553622	0.676293844383
iyu-	0.294780082405	0.492885687483	0.0387640147617	0.173570215351
mub-	0.0746579004694	0.752658573777	0.145355169614	0.02732835614
uyu-	0.0780088701675	0.176593288645	0.0072567960739	0.738141045114
zoz-	0.126054717464	0.232165686525	0.0475581692662	0.594221426745
yĩp-	0.0936295208372	0.193133835139	0.134936662383	0.578299981641
gyĩ-	0.295833333333	0.310416666667	0.06875	0.325
was-	0.426179902473	0.170160658307	0.0493077324974	0.354351706722
iwi-	0.230769230769	0.703296703297	0.032967032967	0.032967032967
mup-	0.219693602996	0.24388597999	0.165226819205	0.371193597809
ĩin-	0.404398954704	0.0261324041812	0.155705574913	0.413763066202
leg-	0.433806610921	0.332734721365	0.0145911667322	0.218867500982
ũji-	0.557738253252	0.162994425272	0.0658348818689	0.213432439607
zal-	0.363425925926	0.421296296296	0.118055555556	0.0972222222222
lĩp-	0.501957089011	0.232748622789	0.082632647144	0.182661641055
yĩn-	0.0728489860209	0.168471483888	0.122727571044	0.635951959047
maj-	0.274298056156	0.612311015119	0.0129589632829	0.100431965443
ũwa-	0.171428571429	0.2	0.371428571429	0.257142857143
kiy-	0.0730018464786	0.880176734371	0.0316539171722	0.0151675019784
sek-	0.0	1.0	0.0	0.0
yan-	0.701244599704	0.193156324095	0.0190097135396	0.0865893626615
ũye-	0.00421770990658	0.93201320132	0.00335626783017	0.0604128209431
min-	0.116331055206	0.15233523279	0.578833574583	0.152500137421
wio-	0.727912932138	0.0966709346991	0.0985915492957	0.0768245838668
aap-	0.441489361702	0.488221884498	0.0569908814589	0.0132978723404
nĩz-	0.264083374434	0.344348422791	0.117835009543	0.273733193232
lĩn-	0.639921722114	0.12133072407	0.168297455969	0.0704500978473
zĩk-	0.464220789952	0.319740538754	0.092505371013	0.123533300281
lul-	0.134147767886	0.700019494444	0.0870751835727	0.0787575540971
kĩm-	0.0345069300621	0.82805480325	0.0737613509639	0.0636769157241
see-	0.0	1.0	0.0	0.0
nue-	0.651642171722	0.114035637879	0.00752618485146	0.226796005547
kay-	0.146428571429	0.664285714286	0.0285714285714	0.160714285714
nwi-	0.663209715091	0.146136096887	0.0508099437144	0.139844244307
aon-	0.771375018023	0.117604652281	0.0141298601432	0.0968904695535
eel-	0.172126324049	0.50842066917	0.292551700947	0.0269013058342
wao-	0.535144891206	0.117918379625	0.0646746214779	0.282262107691
uat-	0.42799188641	0.511156186613	0.0608519269777	0.0
eez-	0.0492066680056	0.0958023699539	0.0222936332597	0.832697328781
kak-	0.22214181302	0.520295320213	0.077072219986	0.180490646781
aan-	0.0749646637871	0.396141186704	0.00758616599619	0.521307983513
gog-	0.03125	0.90625	0.0625	0.0
abĩ-	0.0125030530711	0.0220635271403	0.0172135056235	0.948219914165
ipe-	0.0918013856813	0.854503464203	0.0346420323325	0.0190531177829
may-	0.263078318718	0.573631690354	0.0635016631388	0.0997883277895
nuw-	0.163143862075	0.583353834084	0.0894741391347	0.164028164706
aĩn-	0.55612244898	0.0	0.0612244897959	0.382653061225
akũ-	0.565261889553	0.321177631961	0.0449669008768	0.0685935776088
anz-	0.0810137100125	0.798088907354	0.0959700872455	0.0249272953884
ĩam-	0.0442031291162	0.895582081995	0.00335286892678	0.0568619199623
mta-	0.196153846154	0.746153846154	0.0346153846154	0.0230769230769
unũ-	0.0508474576271	0.915254237288	0.0338983050847	0.0
iza-	0.0462065881651	0.896854970935	0.0479952302877	0.0089432106126
liz-	0.22	0.22	0.2	0.36
iid-	0.0152472228273	0.923763885864	0.0304944456545	0.0304944456545
udĩ-	0.118884316415	0.837677183356	0.0434385002286	0.0
nĩl-	0.198096851805	0.701980988175	0.0450213863379	0.0549007736822
niu-	0.494415049971	0.367430922986	0.0499706055262	0.0881834215168
men-	0.0607910360398	0.145079019985	0.0167238063383	0.777406137637
tyo-	0.466666666667	0.533333333333	0.0	0.0
lub-	0.123076923077	0.0923076923077	0.723076923077	0.0615384615384
lup-	0.4089181485	0.437016424596	0.117415501561	0.0366499253428
kuf-	0.369697969962	0.512460802113	0.034659184684	0.0831820432414
oom-	0.847328244275	0.137404580153	0.0	0.0152671755725
laz-	0.0202702702703	0.959459459459	0.0202702702703	0.0
aza-	0.419911950061	0.0188266584688	0.0101707850699	0.5510906064
kiũ-	0.200836820084	0.799163179916	0.0	0.0
dũũ-	0.140615062897	0.0385734766252	0.0951806060084	0.72563085447
amũ-	0.73496287645	0.168682739635	0.0237757570701	0.0725786268458
pĩn-	0.135320264116	0.033086512193	0.000771720760701	0.830821502931
uaz-	0.0127591706539	0.96331738437	0.0	0.0239234449761
ĩni-	0.164428685326	0.549767110067	0.096135285972	0.189668918635
iut-	0.652631578947	0.347368421053	0.0	0.0
pit-	0.129731867002	0.434428202116	0.0775615478339	0.358278383047
ulĩ-	0.503272466453	0.366067959714	0.0432443740474	0.0874151997848
pad-	0.182608695652	0.147826086957	0.0260869565217	0.64347826087
ibĩ-	0.280853696257	0.0862975564491	0.375502629137	0.257346118157
umũ-	0.307772133923	0.531705718499	0.0686547599541	0.0918673876236
mpu-	0.657534246575	0.184931506849	0.0616438356164	0.0958904109589
ĩsũ-	0.129259694477	0.485311398355	0.169212690952	0.216216216216
lũl-	0.732459521974	0.105628373169	0.0	0.161912104857
zas-	0.177514792899	0.159763313609	0.0710059171598	0.591715976331
uut-	0.116533259606	0.776649492833	0.0224940400047	0.084323207557
ish-	0.076406019024	0.139763929889	0.0540638296916	0.729766221395
awa-	0.534780334728	0.104341004184	0.00523012552301	0.355648535565
nay-	0.418450276935	0.243174037685	0.0879512371622	0.250424448217
sod-	0.0	0.98275862069	0.0	0.0172413793103
lep-	0.0	1.0	0.0	0.0
ĩsa-	0.210144927536	0.538647342995	0.144927536232	0.106280193237
tan-	0.072634643377	0.072998544396	0.189519650655	0.664847161572
ĩbe-	0.0	0.915254237288	0.0508474576271	0.0338983050847
gya-	0.0663204155014	0.124117725396	0.0535357570915	0.756026102011
kup-	0.216934644757	0.647898384279	0.0496691992069	0.0854977717573
ngu-	0.474048800662	0.369623655914	0.0868486352357	0.0694789081886
ĩta-	0.061679778413	0.6301868092	0.0376981142094	0.270435298178
wiũ-	0.615810843086	0.0551707666587	0.0	0.329018390256
ĩoo-	0.249681933842	0.25572519084	0.456424936387	0.0381679389313
yaa-	0.0409206523687	0.0220979992054	0.0126926011073	0.924288747319
kũl-	0.425862722791	0.439135381115	0.0485400075843	0.0864618885097
nak-	0.35825770066	0.197844708593	0.16073399605	0.283163594697
auy-	0.190476190476	0.0634920634921	0.0	0.746031746032
niy-	0.167781590904	0.625825742427	0.0771923475339	0.129200319135
esi-	0.0	1.0	0.0	0.0
aya-	0.0394193503737	0.446070176248	0.107386730645	0.407123742733
wĩl-	0.196861554881	0.586182169896	0.0993896541373	0.117566621085
noe-	0.0	1.0	0.0	0.0
tin-	0.060042887777	0.939957112223	0.0	0.0
ido-	0.140480591497	0.0110905730129	0.815157116451	0.0332717190388
idy-	0.0905318747642	0.895888344021	0.00226329686911	0.0113164843455
waũ-	0.620366757706	0.159090909091	0.0327740928599	0.187768240343
ayo-	0.212389380531	0.557522123894	0.0265486725664	0.203539823009
pub-	0.157894736842	0.802631578947	0.0	0.0394736842105
top-	0.0	1.0	0.0	0.0
ubo-	0.0	1.0	0.0	0.0
ĩtĩ-	0.14915797915	0.421812349639	0.169206094627	0.259823576584
nku-	0.173445121951	0.386646341463	0.140792682927	0.299115853659
ais-	0.459051724138	0.159482758621	0.0387931034483	0.342672413793
zao-	0.476650563607	0.243558776168	0.243558776168	0.0362318840579
udo-	0.174390662547	0.421558530724	0.371095090971	0.032955715757
ĩko-	0.38623666836	0.363382427628	0.0642458100558	0.186135093956
amu-	0.667242357065	0.171186265918	0.0466094413225	0.114961935694
law-	0.0	1.0	0.0	0.0
ulo-	0.209346063328	0.460431161766	0.214467522413	0.115755252493
ĩso-	0.176057526755	0.689713379022	0.0987812700449	0.0354478241788
aĩa-	0.340495265841	0.444646758922	0.0546249089584	0.160233066278
uda-	0.0199080668134	0.976207432345	0.00388450084165	0.0
ĩka-	0.21558874059	0.237191132796	0.0328682780262	0.514351848588
ily-	0.203006312786	0.727427416424	0.0213566880981	0.0482095826921
mak-	0.184016240715	0.473305824479	0.122692832811	0.219985101996
auo-	0.741555662608	0.151163442041	0.0621099920458	0.045170903306
nik-	0.494587127736	0.272331563775	0.0906688884409	0.142412420049
miy-	0.0300187617261	0.827392120075	0.0225140712945	0.120075046904
ĩen-	0.0912889746062	0.176149148184	0.00192864030858	0.730633236901
yao-	0.122757847534	0.428811659193	0.2466367713	0.201793721973
tyũ-	0.0561995082543	0.600715874688	0.0421496311907	0.300934985867
ega-	0.811188811189	0.104895104895	0.0	0.0839160839161
mio-	0.175078864353	0.750788643533	0.0331230283912	0.0410094637224
aoo-	0.353414109387	0.0475597327595	0.147774883932	0.451251273921
izi-	0.0473576569433	0.178356638556	0.00627657855484	0.768009125946
ntũ-	0.27155547814	0.0742031005051	0.0473785054868	0.606862915868
lĩm-	0.139764831641	0.148249599145	0.12680384821	0.585181721005
nud-	0.493509737547	0.377761699269	0.0738606510074	0.0548679121769
amo-	0.327291129923	0.232793522267	0.301343393449	0.138571954361
eem-	0.0642458100558	0.871508379888	0.0265363128491	0.0377094972067
kũs-	0.131269592476	0.780172413793	0.0384012539185	0.0501567398119
uag-	0.100360036004	0.867236723672	0.00540054005401	0.02700270027
ago-	0.251058484158	0.526496999023	0.100404782953	0.122039733867
kal-	0.182898349871	0.328618624404	0.263784859298	0.224698166428
ind-	0.243329584667	0.645247983869	0.00839653935037	0.103025892113
aao-	0.0689221073639	0.0486738046355	0.0440909787222	0.838313109278
alu-	0.592065069561	0.151592541758	0.0516862496849	0.204656138996
iyĩ-	0.168807178044	0.725633356791	0.0237508796622	0.0818085855031
kĩn-	0.0733274563509	0.347497161669	0.0171419734272	0.562033408553
iga-	0.0721404841006	0.83863312767	0.0721404841006	0.0170859041291
ĩaj-	0.321285140562	0.570281124498	0.0481927710843	0.0602409638555
pee-	0.281487405038	0.106757297081	0.527788884446	0.0839664134347
uns-	0.59649122807	0.333333333333	0.0701754385965	0.0
nĩĩ-	0.234640284345	0.321705118847	0.07989273587	0.363761860937
liy-	0.0	0.869337979094	0.00348432055749	0.127177700348
nsũ-	0.441643961571	0.243166498773	0.149549391188	0.165640148468
kĩp-	0.212888073598	0.660232357764	0.067122488118	0.0597570805192
lĩz-	0.423197492163	0.188087774295	0.351097178683	0.0376175548589
ukĩ-	0.268384146497	0.408481500139	0.160577284037	0.162557069327
ueu-	0.0270880361174	0.972911963883	0.0	0.0
nĩo-	0.598949211909	0.257443082312	0.0542907180385	0.0893169877408
lua-	0.106176095849	0.181224234335	0.0182175827615	0.694382087055
nzĩ-	0.191952236688	0.577072158964	0.0588374019629	0.172138202385
kug-	0.463539350823	0.333370386839	0.075922632281	0.127167630058
iki-	0.498725873303	0.133171674253	0.0373522197282	0.330750232715
kut-	0.241401592772	0.191524621212	0.0280209885743	0.539052797442
uhe-	0.0167633784655	0.947775628627	0.0322372662798	0.00322372662798
tua-	0.787037037037	0.0879629629629	0.0694444444444	0.0555555555556
ĩlĩ-	0.0547697894422	0.313639317879	0.0592161596154	0.572374733063
yik-	0.0779220779221	0.590909090909	0.253246753247	0.0779220779221
ume-	0.146627565982	0.795698924731	0.0175953079179	0.0400782013685
pak-	0.0733285406182	0.166214220057	0.0209234202818	0.739533819043
ute-	0.316741293352	0.554467804089	0.0208059681996	0.10798493436
uuu-	0.237776644569	0.489362570117	0.0857725650179	0.187088220296
uwi-	0.20473992496	0.663535508948	0.076119523848	0.0556050422437
piy-	0.06	0.92	0.0	0.02
iis-	0.31947000368	0.408538829591	0.0839160839161	0.188075082812
lũk-	0.563352826511	0.120857699805	0.292397660819	0.0233918128655
ane-	0.0497076023392	0.647953216374	0.151461988304	0.150877192982
ile-	0.476537469166	0.0900791062973	0.0466415265531	0.386741897984
isi-	0.0478392994381	0.0593320124939	0.0330820918148	0.859746596253
sũũ-	0.227554820025	0.429044269756	0.256516342574	0.0868845676458
zuk-	0.505275818526	0.34185704814	0.104077056603	0.0487900767301
zib-	0.0266827536602	0.0140142462702	0.0213462029281	0.937956797141
lie-	0.0815575761782	0.0681960158257	0.316223595012	0.534022812984
dau-	0.0	0.986577181208	0.0	0.0134228187919
tam-	0.510895883777	0.158595641646	0.0544794188862	0.27602905569
imi-	0.388	0.335428571429	0.158285714286	0.118285714286
wĩs-	0.439068726841	0.306369293155	0.145493952318	0.109068027686
lag-	0.343915343915	0.587301587302	0.0264550264551	0.042328042328
lyũ-	0.184881528245	0.741985734197	0.00573911617611	0.0673936213823
kig-	0.444130228819	0.19857789517	0.0602911199793	0.297000756032
nkũ-	0.543511450382	0.204580152672	0.201526717557	0.0503816793893
maũ-	0.139998661581	0.664759419126	0.117780900756	0.0774610185371
aĩĩ-	0.587162278438	0.127688865944	0.0514541387024	0.233694716916
kũm-	0.330985915493	0.211267605634	0.457746478873	0.0
kii-	0.0752825364486	0.793396640325	0.0818990080336	0.0494218151926
ũky-	0.604026845638	0.0738255033557	0.214765100671	0.107382550335
ĩĩĩ-	0.077778983934	0.377605297438	0.0278983933999	0.516717325228
tim-	0.0399061032864	0.744131455399	0.0	0.215962441314
zen-	0.0308582139775	0.247474479306	0.00868697620374	0.712980330513
agũ-	0.759867863798	0.209639166525	0.020328646451	0.0101643232255
shi-	0.0313336379659	0.892943403616	0.0587505711861	0.0169723872315
kwi-	0.346660804518	0.217964038571	0.0516110244895	0.383764132422
mol-	0.0	0.957446808511	0.0425531914894	0.0
elo-	0.0	0.975308641975	0.0	0.0246913580247
iya-	0.212029557028	0.644473371875	0.0189389588677	0.12455811223
zan-	0.514032496307	0.379615952733	0.00886262924668	0.0974889217135
ĩil-	0.570382797011	0.195211224645	0.158151593717	0.0762543846271
lee-	0.672489082969	0.281659388646	0.0	0.0458515283843
nzo-	0.0635582868204	0.218563830787	0.0253706940294	0.692507188363
ipu-	0.675862068966	0.220689655172	0.103448275862	0.0
ĩgo-	0.394271570014	0.190240452617	0.362446958982	0.0530410183875
ogo-	0.184615384615	0.223076923077	0.546153846154	0.0461538461537
nij-	0.592461325221	0.124540693402	0.113182448209	0.169815533168
aul-	0.611756984812	0.288861803863	0.0712544534034	0.0281267579223
mah-	0.0	1.0	0.0	0.0
tum-	0.659451659452	0.265512265512	0.075036075036	0.0
eno-	0.00238473767887	0.985691573927	0.0119236883943	0.0
ũyu-	0.0154733009709	0.969356796117	0.00182038834951	0.0133495145631
ite-	0.454285714286	0.26	0.127142857143	0.158571428571
ii--	0.71875	0.21875	0.0	0.0625
yal-	0.552291763611	0.195846905537	0.0453699395068	0.206491391345
wii-	0.433747074031	0.390461871403	0.0710456798068	0.104745374759
uu--	0.522388059702	0.283582089552	0.0	0.194029850746
mil-	0.31627430911	0.569089048106	0.0532241555783	0.0614124872057
kik-	0.452173552204	0.294144497737	0.123573125482	0.130108824577
ĩyũ-	0.0636363636363	0.636363636364	0.0545454545455	0.245454545454
nug-	0.640835825743	0.142574873801	0.0754083717909	0.141180928665
gig-	0.15756302521	0.237394957983	0.542016806723	0.063025210084
uad-	0.0	1.0	0.0	0.0
wai-	0.521443077291	0.273682953052	0.100943734321	0.103930235336
kam-	0.140986495581	0.403588436256	0.0775587093566	0.377866358806
aal-	0.423545526638	0.293670247279	0.255569173095	0.0272150529882
kĩĩ-	0.235187474248	0.236794396374	0.0938916357643	0.434126493613
lĩl-	0.400898599072	0.446795928665	0.0994372507239	0.0528682215387
kem-	0.4921875	0.359375	0.1484375	0.0
kĩo-	0.2109375	0.4169921875	0.33984375	0.0322265625
nza-	0.162888917578	0.29691447963	0.339167481234	0.201029121558
uzi-	0.512144901235	0.294688350667	0.0916102463879	0.10155650171
aĩl-	0.52	0.4	0.0	0.08
ĩak-	0.105091608304	0.503173461731	0.306833104052	0.084901825913
buu-	0.363636363636	0.101604278075	0.534759358289	0.0
iib-	0.0530303030303	0.916666666667	0.030303030303	0.0
sũk-	0.0	0.828375286041	0.137299771167	0.0343249427918
say-	0.0211081794195	0.97889182058	0.0	0.0
epa-	0.054054054054	0.945945945946	0.0	0.0
pyũ-	0.0595084087969	0.786545924968	0.153945666235	0.0
kib-	0.033219525699	0.230691150687	0.55707299068	0.179016332933
nsu-	0.360286628187	0.291881846286	0.0638837762012	0.283947749326
mel-	0.0	1.0	0.0	0.0
nĩn-	0.104827543442	0.348570376306	0.0450934788111	0.501508601441
ĩng-	0.194907560251	0.628652195444	0.0720328491251	0.10440739518
uud-	0.480485274164	0.356692473462	0.0718333466358	0.0909889057386
umb-	0.371428571428	0.464285714286	0.05	0.114285714286
ĩma-	0.146545083383	0.760004165362	0.041622095293	0.0518286559619
ian-	0.0677659814773	0.484978540773	0.393042692568	0.0542127851818
uug-	0.116827681093	0.756354764418	0.0790615728852	0.047755981604
ump-	0.467336683417	0.376884422111	0.0603015075377	0.0954773869347
and-	0.720772513729	0.121816909642	0.033924693239	0.12348588339
ĩĩa-	0.076531977522	0.255284987958	0.149317634466	0.518865400054
lũj-	0.700717193255	0.103508431867	0.0726885055243	0.123085869354
ĩnu-	0.173000156107	0.707221070003	0.0215204834861	0.0982582904039
iip-	0.215167548501	0.664462081129	0.0727513227513	0.0476190476191
lid-	0.0623469160544	0.889779559118	0.00334001336006	0.0445335114674
zim-	0.35806253832	0.503985285101	0.0938074800736	0.0441446965052
mĩs-	0.0755180629017	0.909872788025	0.00831597716478	0.00629317190848
ata-	0.255824694652	0.355896541106	0.0393487632146	0.348930001026
tĩĩ-	0.286707211121	0.483058210252	0.0738488271068	0.15638575152
uen-	0.194552529183	0.626459143969	0.143968871595	0.0350194552529
nsi-	0.324896686177	0.389613709672	0.0721251636682	0.213364440483
tal-	0.123966942149	0.774695001968	0.00590318772139	0.0954348681622
nem-	0.936305732484	0.0382165605096	0.0	0.0254777070064
mua-	0.19844305063	0.398928228783	0.193116174814	0.209512545774
taz-	0.268975681651	0.322033898305	0.099484156227	0.309506263817
kit-	0.306320002482	0.556855201514	0.0325773323819	0.104247463622
nga-	0.0490328709633	0.864686111462	0.0589236217585	0.0273573958164
kij-	0.192477876106	0.575221238938	0.214601769912	0.0176991150442
ikũ-	0.784	0.024	0.192	0.0
mpa-	0.208505315822	0.733958724203	0.0200125078174	0.0375234521576
pin-	0.117985241119	0.193066758195	0.609147073966	0.0798009267204
til-	0.0991864831038	0.7387359199	0.0907384230288	0.0713391739674
wĩn-	0.0869018395612	0.334181895324	0.0497014880141	0.529214777101
ũsh-	0.0189887330399	0.942842042739	0.0035779262994	0.034591297922
mĩĩ-	0.157009724473	0.231158833063	0.0883306320908	0.523500810373
izĩ-	0.234693877551	0.34693877551	0.132653061224	0.285714285714
hal-	0.0565770862801	0.9057048562	0.025931164545	0.011786892975
mĩa-	0.0266951414843	0.414041644421	0.483182060865	0.0760811532301
kũn-	0.615671641791	0.350746268657	0.0111940298507	0.0223880597015
nam-	0.403236999652	0.201645404415	0.224403946847	0.170713649087
pĩĩ-	0.487562189055	0.204809286899	0.0638474295191	0.243781094527
ipũ-	0.561528403312	0.229260496876	0.0624727589714	0.14673834084
ĩim-	0.74	0.22	0.04	0.0
won-	0.476923076923	0.384615384615	0.0923076923077	0.0461538461538
ula-	0.154711094242	0.810231420892	0.00805872172545	0.0269987631411
mũs-	0.0716188564148	0.893440407706	0.00347476931393	0.031465966565
kon-	0.603658536585	0.343495934959	0.0162601626016	0.0365853658536
itu-	0.195397508913	0.611288604899	0.134046395333	0.0592674908552
yul-	0.0338983050847	0.966101694915	0.0	0.0
iee-	0.593939393939	0.210101010101	0.19595959596	0.0
aum-	0.163265306122	0.734693877551	0.0	0.102040816327
nim-	0.0819285786159	0.80996312243	0.0379808956889	0.0701274032648
tul-	0.452554744525	0.197080291971	0.328467153285	0.021897810219
yam-	0.480769230769	0.307692307692	0.211538461538	0.0
kũp-	0.801801801802	0.018018018018	0.099099099099	0.0810810810811
nki-	0.134160933294	0.790308106491	0.0439724798086	0.0315584804068
mai-	0.0607142857143	0.839285714286	0.0928571428571	0.00714285714287
ape-	0.64590964591	0.308424908425	0.01221001221	0.0334554334554
wij-	0.580580273093	0.0990903505817	0.167185239501	0.153144136824
ĩzi-	0.401179941003	0.343657817109	0.098820058997	0.156342182891
ĩus-	0.462129527991	0.22392974753	0.164654226125	0.149286498353
yĩm-	0.225176803395	0.438189533239	0.149929278642	0.186704384724
nuf-	0.0308166409862	0.969183359014	0.0	0.0
jiu-	0.857142857143	0.0204081632653	0.122448979592	0.0
kan-	0.0724963309301	0.0315248692981	0.0438647022314	0.85211409754
agi-	0.268900343643	0.192307692308	0.0196933650542	0.519098598996
shũ-	0.0320284697509	0.88256227758	0.0640569395018	0.0213523131672
nup-	0.516419742264	0.249285526431	0.00902603664417	0.225268694661
uaw-	0.215097402597	0.663149350649	0.0974025974027	0.0243506493506
uak-	0.321979776477	0.563597658329	0.0931346460883	0.0212879191059
waj-	0.875576036866	0.0552995391705	0.0552995391705	0.0138248847926
ũly-	0.0	1.0	0.0	0.0
uka-	0.501201796547	0.284661956349	0.0622817255077	0.151854521596
udu-	0.502259804636	0.388394809739	0.00874763084997	0.100597754775
ĩku-	0.202714448597	0.385814888479	0.142356442022	0.269114220902
lĩk-	0.436041159503	0.175582513348	0.0735429494916	0.314833377657
ken-	0.207522207522	0.459459459459	0.202608202608	0.13041013041
ĩaz-	0.448384701077	0.371518752321	0.0408466394356	0.139249907167
ilu-	0.637254901961	0.0196078431372	0.254901960784	0.0882352941177
ala-	0.318681165869	0.527325063967	0.0846034041606	0.0693903660029
pes-	0.15873015873	0.44126984127	0.4	0.0
upe-	0.0450784291369	0.937859365074	0.00814425097323	0.00891795481569
yoe-	0.0645161290323	0.935483870968	0.0	0.0
uĩs-	0.122993233382	0.846490646146	0.00265357569325	0.0278625447791
anu-	0.0544217687074	0.863945578231	0.0	0.0816326530611
geh-	0.0535714285714	0.875	0.0357142857143	0.0357142857143
aam-	0.483375959079	0.328644501279	0.187979539642	0.0
wid-	0.380575945793	0.486730660644	0.0158102766798	0.116883116883
suĩ-	0.490243902439	0.337804878049	0.0365853658536	0.135365853659
lyu-	0.534139308349	0.26429561248	0.103011452793	0.0985536263781
nĩa-	0.0850896024416	0.665037823821	0.0681546811345	0.181717892603
lug-	0.270242708546	0.438609014889	0.229961248215	0.06118702835
ues-	0.0105263157895	0.989473684211	0.0	0.0
zĩp-	0.336886993603	0.294243070363	0.095948827292	0.272921108742
luu-	0.0613810659173	0.157716269451	0.0198419740022	0.76106069063
kua-	0.215814931791	0.344831277422	0.0548008379711	0.384552952816
bit-	0.0372670807453	0.944099378882	0.0186335403727	0.0
iaa-	0.822564445932	0.0970873786408	0.0602611315701	0.0200870438567
yũm-	0.0682732969889	0.561980944617	0.149793651602	0.219952106792
utu-	0.10076408787	0.568194842407	0.273256924546	0.0577841451767
uue-	0.466623178952	0.108023483366	0.00104370515329	0.424309632529
uob-	0.40625	0.59375	0.0	0.0
ũũk-	0.320754716981	0.490566037736	0.0754716981132	0.11320754717
ĩmp-	0.147846655974	0.706823931105	0.0379764003798	0.107353012541
pai-	0.0413723511605	0.807265388496	0.0544904137235	0.0968718466195
ĩnt-	0.100045943941	0.745359686096	0.0201468759808	0.134447493982
uus-	0.143914846173	0.732365597017	0.0346677816104	0.0890517751995
ink-	0.1519338071	0.658528627915	0.012206455439	0.177331109546
zĩĩ-	0.0805030669795	0.072989996295	0.0206866740768	0.825820262649
bet-	0.0106736242884	0.989326375712	0.0	0.0
ĩĩn-	0.189588688946	0.714010282776	0.0867609254499	0.00964010282776
lũi-	0.411214953271	0.560747663551	0.0280373831776	0.0
sal-	0.0	0.941399891481	0.0586001085187	0.0
mbe-	0.284589224987	0.173080365133	0.104707356363	0.437623053517
liu-	0.0231517209446	0.788547615373	0.179039975305	0.00926068837784
zil-	0.486776043158	0.258944070699	0.118854878398	0.135425007744
mĩp-	0.225099601594	0.557768924303	0.127490039841	0.0896414342629
lũg-	0.430051813472	0.507772020725	0.0414507772021	0.020725388601
naz-	0.330203478069	0.358705031371	0.0859377091344	0.225153781425
zum-	0.27937253228	0.518941415004	0.179276491303	0.0224095614129
nsh-	0.476923076923	0.305494505495	0.0131868131868	0.204395604396
ĩkĩ-	0.208402446618	0.579014511823	0.0324866185124	0.180096423047
kus-	0.340719887909	0.289379862434	0.106152654271	0.263747595386
kaĩ-	0.103151862464	0.636103151862	0.137535816619	0.123209169054
ugo-	0.142302947959	0.542842841053	0.241915011531	0.0729391994565
tak-	0.0	0.435540069686	0.480836236934	0.0836236933798
ĩty-	0.238683127572	0.197530864198	0.0699588477366	0.493827160494
mun-	0.0678406602456	0.46330589453	0.0407298121581	0.428123633067
wĩo-	0.563291139241	0.243670886076	0.0806962025316	0.112341772152
nel-	0.0	1.0	0.0	0.0
niz-	0.458816033074	0.273564694726	0.0565442294281	0.211075042772
apũ-	0.402304860704	0.0921735129256	0.0217518614574	0.483769764913
luĩ-	0.175456026706	0.128363072766	0.0534117553551	0.642769145173
iyo-	0.0924855491329	0.861271676301	0.0462427745665	0.0
sho-	0.482678983834	0.426385681293	0.0317551963048	0.0591801385681
ĩũn-	0.388489208633	0.546762589928	0.0647482014389	0.0
zah-	0.00660146699266	0.597310513447	0.390953545232	0.00513447432763
uso-	0.165669140531	0.760114915011	0.0253770648791	0.0488388795786
gul-	0.943496801706	0.0485074626865	0.0	0.00799573560769
nal-	0.424784270401	0.263778631606	0.164892103767	0.146544994227
lek-	0.40580681624	0.284268496248	0.184995334043	0.124929353469
ain-	0.5	0.0479452054794	0.013698630137	0.438356164384
woo-	0.660660660661	0.175175175175	0.134134134134	0.03003003003
daa-	0.0	0.750444049734	0.0479573712256	0.201598579041
kyo-	0.0345900439239	0.689360663738	0.0430087847731	0.233040507565
ĩij-	0.645905420992	0.129181084198	0.20184544406	0.0230680507497
koo-	0.105507343649	0.0662527725488	0.00739556077584	0.820844323026
mũp-	0.10154422087	0.843862111995	0.0311963812198	0.0233972859148
uye-	0.0581818181818	0.902545454545	0.00436363636364	0.0349090909091
yum-	0.301996115312	0.0763440034238	0.077474294117	0.544185587148
teg-	0.834476736934	0.136709492329	0.00449045777722	0.02432331296
ĩgi-	0.174	0.35	0.372	0.104
nil-	0.419681829986	0.442086960449	0.0637017466608	0.0745294629046
kyĩ-	0.121621621622	0.878378378378	0.0	0.0
mon-	0.405681818182	0.5125	0.0102272727273	0.0715909090909
man-	0.47148930066	0.0960266709578	0.0374210245248	0.395063003857
wiy-	0.124870823286	0.788150189459	0.0327247674819	0.0542542197727
wik-	0.350615945839	0.441123181079	0.024467973243	0.183792899839
yus-	0.0149439601494	0.985056039851	0.0	0.0
ũya-	0.0	0.964365256125	0.0	0.0356347438753
itũ-	0.417572182552	0.303011487116	0.0750284590707	0.204387871261
zeb-	0.0	0.990384615385	0.0	0.00961538461538
alĩ-	0.709139409336	0.0124912400235	0.00196551410161	0.276403836539
ĩup-	0.433800808177	0.494889469931	0.0285238887568	0.0427858331353
amb-	0.0	0.0955414012739	0.0	0.904458598726
idũ-	0.916981132075	0.0452830188679	0.0188679245283	0.0188679245283
way-	0.61755607532	0.0945816312232	0.0180001508995	0.269862142557
nua-	0.511517630459	0.0903162180742	0.0112354528871	0.38693069858
nus-	0.546051882273	0.212744268575	0.0571883663091	0.184015482842
kao-	0.0839297332466	0.608978529603	0.199739752765	0.107351984385
ng'-	0.265077082432	0.574422510283	0.0897535172317	0.0707468900531
aũg-	0.549338758901	0.0824008138352	0.0254323499491	0.342828077314
utũ-	0.480158641742	0.223123370691	0.0303469174038	0.266371070163
iap-	0.258992805755	0.553956834532	0.0143884892086	0.172661870504
wak-	0.344649084568	0.331376340707	0.134666267918	0.189308306806
kĩa-	0.0499207606973	0.90029054411	0.0236397253038	0.0261489698891
ipi-	0.173605704855	0.709930557718	0.0451530532806	0.0713106841466
kuĩ-	0.335860146837	0.132012449708	0.0327835073907	0.499343896064
sii-	0.291891891892	0.237837837838	0.275675675676	0.194594594595
nzu-	0.292504034033	0.6223265366	0.0339152119701	0.0512542173977
boa-	0.0185471406492	0.962905718702	0.0185471406491	0.0
kĩs-	0.0345966042032	0.910035904288	0.0258685739592	0.0294989175494
ĩgu-	0.682886500532	0.210818471714	0.021259005551	0.0850360222038
ant-	0.076428334839	0.688435722271	0.0378184425256	0.197317500364
pol-	0.457831325301	0.373493975904	0.0361445783132	0.132530120482
ize-	0.0	1.0	0.0	0.0
wie-	0.432432432432	0.390663390664	0.058968058968	0.117936117936
yep-	0.0	1.0	0.0	0.0
uep-	0.0	0.957746478873	0.0422535211267	0.0
iĩĩ-	0.483870967742	0.358788676761	0.0631994733377	0.0941408821593
zĩa-	0.790378006873	0.168384879725	0.0	0.041237113402
ndĩ-	0.0770868392038	0.0783054314397	0.00880215284629	0.83580557651
nto-	0.0630338325688	0.366023659241	0.00661788455981	0.564324623631
wee-	0.120316346835	0.685592391488	0.174867626724	0.0192236349533
kub-	0.00883782589483	0.986301369863	0.00441891294741	0.000441891294743
lut-	0.282408526823	0.514027303085	0.0518222750828	0.151741895009
uol-	0.0	1.0	0.0	0.0
ĩne-	0.147711685287	0.0193462882284	0.00176638053746	0.831175645948
nda-	0.523433136435	0.243237479478	0.139732241085	0.0935971430022
niĩ-	0.393559650824	0.346188166828	0.0276624636276	0.23258971872
kaa-	0.0789723163129	0.763757114856	0.0672180935292	0.0900524753016
ĩpĩ-	0.0273972602739	0.739726027397	0.0513698630137	0.181506849315
uub-	0.123784046693	0.376155155642	0.245318579767	0.254742217899
uup-	0.103570744879	0.842616195303	0.0279644537586	0.0258486060594
uog-	0.379134860051	0.300254452926	0.30534351145	0.0152671755725
ĩns-	0.0845657336396	0.741369564371	0.0351928991319	0.138871802857
inj-	0.165027921959	0.330386776326	0.0812598233991	0.423325478316
ĩĩo-	0.176596552098	0.10454841158	0.0479778813835	0.670877154939
aze-	0.4	0.395348837209	0.176744186046	0.0279069767442
sam-	0.00666666666666	0.946666666667	0.00666666666667	0.04
ĩmĩ-	0.162844339872	0.760079046159	0.0256734785597	0.0514031354095
usũ-	0.124856394467	0.49580288896	0.174869414702	0.20447130187
lit-	0.463645673323	0.300819252432	0.10752688172	0.128008192524
lib-	0.0560747663551	0.943925233645	0.0	0.0
mpĩ-	0.0457756937962	0.360042009675	0.00965373843673	0.584528558092
awo-	0.454054054054	0.432432432432	0.0918918918919	0.0216216216216
zul-	0.178571428571	0.705882352941	0.115546218487	0.0
nso-	0.15294445995	0.499674388315	0.159828821286	0.187552330449
oog-	0.418739635157	0.454809286899	0.126451077944	0.0
atĩ-	0.486174496644	0.0499328859061	0.0136912751678	0.450201342282
uel-	0.0166345226615	0.981918997107	0.0	0.00144648023144
kul-	0.213058161999	0.387996971875	0.104722268335	0.294222597791
muo-	0.463585886777	0.407091865213	0.0799670965657	0.0493551514439
imb-	0.0368127300796	0.883178957368	0.0669457309108	0.0130625816411
ngo-	0.0149253731343	0.574626865672	0.365671641791	0.044776119403
nuĩ-	0.561791781274	0.0460196075164	0.0623932844234	0.329795326787
ĩlo-	0.363957597173	0.134275618375	0.337455830389	0.164310954064
aso-	0.381034482759	0.506896551724	0.0310344827586	0.0810344827587
tũn-	0.15	0.75	0.0	0.1
nas-	0.329817669443	0.0606692917841	0.0319476540199	0.577565384753
pil-	0.0730613826313	0.900260142802	0.0121768971052	0.0145015774617
ako-	0.371698154677	0.128010301641	0.106859486288	0.393432057393
naĩ-	0.377412640177	0.183250068362	0.0861450131016	0.35319227836
asa-	0.238572213747	0.6675809923	0.0776663122371	0.0161804817161
lũũ-	0.0	0.973154362416	0.0268456375839	0.0
uib-	0.0150129811491	0.97234450841	0.00426684727396	0.0083756631674
ush-	0.475798146241	0.248197734295	0.0	0.276004119464
mĩg-	0.0429777436684	0.901093630084	0.00690713737529	0.0490214888719
piu-	0.284256559767	0.448979591837	0.205539358601	0.0612244897959
tep-	0.96265560166	0.0373443983402	0.0	0.0
aio-	0.785714285714	0.047619047619	0.166666666667	0.0
zak-	0.256300333772	0.43258719417	0.0658358085556	0.245276663502
ĩpo-	0.257462686567	0.131529850746	0.0317164179104	0.579291044776
dol-	0.12987012987	0.728453364817	0.0	0.141676505313
naa-	0.525128315283	0.0982517175563	0.0346862588682	0.341933708293
nko-	0.217039835002	0.540893409807	0.0364243660472	0.205642389144
ude-	0.0460947503201	0.938540332907	0.0	0.0153649167734
ĩke-	0.477283520659	0.369360455913	0.121893303783	0.0314627196454
kol-	0.0204038876693	0.952816009765	0.01912864469	0.00765145787598
ũnz-	0.869565217391	0.0652173913043	0.0	0.0652173913043
noo-	0.302655521438	0.112305242807	0.32625383828	0.258785397475
moo-	0.262761576037	0.533893264632	0.0608881200833	0.142457039247
ĩto-	0.432098765432	0.20987654321	0.185185185185	0.172839506173
yak-	0.225907935469	0.295082173508	0.0871441874513	0.391865703571
mwa-	0.221671308583	0.081811539168	0.0217088508105	0.674808301439
nio-	0.707773232028	0.243132670953	0.0490940970193	0.0
mao-	0.123671497585	0.844444444444	0.0	0.031884057971
aua-	0.981012658228	0.0	0.0	0.0189873417722
waz-	0.651009229384	0.194417348241	0.0679072559466	0.086666166429
wit-	0.628645003641	0.188178380653	0.0190562034259	0.164120412281
lye-	0.0416088765603	0.0794036061026	0.847780859917	0.0312066574202
ũmu-	0.275850604012	0.681813144187	0.0243821345451	0.0179541172559
yĩk-	0.342082920617	0.187420404698	0.305645960096	0.164850714589
laĩ-	0.435114503817	0.503816793893	0.0	0.06106870229
miĩ-	0.0724637681159	0.87077294686	0.0458937198067	0.0108695652174
jia-	0.546475358702	0.348721147848	0.0598877105427	0.044915782907
ĩug-	0.41610738255	0.255033557047	0.147651006711	0.181208053691
wad-	0.652838427948	0.268013100437	0.0627729257642	0.0163755458515
kap-	0.15506508206	0.364082248632	0.391058290889	0.0897943784192
zũĩ-	0.120967741935	0.0604838709677	0.0907258064516	0.727822580645
