-u-u	0.264150943396	0.415094339623	0.0	0.320754716981
-ivu	0.110201887469	0.795723330546	0.0679727631108	0.0261020188747
-ɨmi	0.0591500135895	0.117541877065	0.638061996653	0.185246112693
-iva	0.548704447832	0.42136621865	0.0299293335181	0.0
-hen	0.0525008166276	0.0829529413757	0.0176264691625	0.846919772834
-ivi	0.0510419377687	0.80600192475	0.031322496914	0.111633640567
-nkɨ	0.342370110831	0.606539171993	0.0436140268574	0.00747669031842
-oyo	0.723684210526	0.0197368421052	0.0	0.256578947368
-oyi	0.0903225806452	0.877419354839	0.0193548387097	0.0129032258065
-nse	0.0	1.0	0.0	0.0
-ufo	0.0277777777778	0.972222222222	0.0	0.0
-pla	0.154862190704	0.633514688525	0.169298496617	0.0423246241542
-nti	0.141802067947	0.849335302807	0.00886262924667	0.0
-nto	0.122751554863	0.430097472053	0.0345283256428	0.41262264744
-nta	0.0386634295004	0.104534622082	0.0150664110276	0.841735537391
-nte	0.723830734967	0.237564959168	0.0237564959168	0.014847809948
-i-i	0.147368421053	0.41052631579	0.0	0.442105263158
-ntu	0.564271588662	0.201750531019	0.168241412144	0.0657364681755
-dro	0.0	1.0	0.0	0.0
-pra	0.0	0.866666666667	0.133333333333	0.0
-pre	0.197183098592	0.25352112676	0.518565941101	0.0307298335467
-nma	0.0741725054361	0.850446967867	0.039139888862	0.0362406378352
-pri	0.163940056378	0.772272891275	0.0175964282338	0.0461906241137
-pru	0.0937924784776	0.860897145446	0.0317172632533	0.0135931128228
-ge̱	0.128642112095	0.451710746244	0.0532727340107	0.36637440765
-opa	0.0616929698709	0.921090387374	0.00573888091822	0.0114777618364
-imu	0.189990487264	0.468222930225	0.305577785495	0.0362087970163
-400	0.230414746544	0.483870967742	0.0	0.285714285714
-ima	0.0764278631533	0.292495580775	0.0253371647777	0.605739391294
-ime	0.260201320489	0.66533174586	0.0298733629181	0.0445935707328
-imi	0.0750002097484	0.629431756791	0.248443940075	0.0471240933851
-oka	0.0	0.981395348837	0.0186046511628	0.0
-imo	0.176076555024	0.751515151515	0.00574162679426	0.0666666666666
-ido	0.0693795174224	0.919293214427	0.00424772555647	0.00707954259413
-obo	0.0815880347058	0.688945617684	0.15637706652	0.0730892810906
-kpu	0.177217780999	0.452749415938	0.089439013076	0.280593789987
-ida	0.357699688175	0.405702806428	0.0827536579516	0.153843847445
-kpi	0.123597076606	0.310592830843	0.506927340715	0.0588827518365
-kpo	0.222835359612	0.606435701471	0.1029262631	0.0678026758172
-kpa	0.337860092392	0.33539695872	0.0866676385549	0.240075310333
-idu	0.0254501783192	0.92140085491	0.0440778690769	0.00907109769408
-rpu	0.0	1.0	0.0	0.0
-kpe	0.338983050847	0.169491525424	0.372881355932	0.118644067797
-100	0.252129594612	0.340374952726	0.0907666540602	0.316728798603
-uta	0.27568602425	0.513720485003	0.0727504786216	0.137843012125
-hla	0.737137225427	0.178361727114	0.0274331385309	0.0570679089281
-gru	0.509371024038	0.0442800610893	0.0109723115572	0.435376603315
-hlo	0.756123937718	0.194738215024	0.0266787203947	0.0224591268629
-gre	0.126865671642	0.373134328358	0.485074626866	0.0149253731343
-gri	0.551319941364	0.241278427097	0.0483705487386	0.159031082801
-are	0.118106401831	0.721146678566	0.0363828221424	0.12436409746
-nze	0.04684184756	0.271095152603	0.678635547576	0.00342745226049
-nza	0.133664596273	0.258881987578	0.535155279503	0.072298136646
-gye	0.357630055672	0.228317909769	0.352284039376	0.0617679951825
-ari	0.148411990519	0.303789047293	0.0489831318652	0.498815830323
-gya	0.0944013969224	0.0857251991706	0.0136418203645	0.806231583542
-azɨ	0.0202702702703	0.594594594595	0.385135135135	0.0
-arr	0.322247657467	0.416514435759	0.0806820715942	0.18055583518
-aya	0.047948141005	0.929283188685	0.00321440051431	0.0195542697954
-ke̱	0.519191854645	0.315462116855	0.117259888811	0.0480861396894
-ndu	0.362548936226	0.489118950649	0.0730700604551	0.0752620526692
-ayo	0.231088413661	0.712416214491	0.00766038940313	0.0488349824449
-ayi	0.165064698272	0.785020331405	0.0340925366483	0.0158224336752
-ikɨ	0.341044733701	0.590746319559	0.0545671573921	0.013641789348
-ayu	0.0161290322581	0.983870967742	0.0	0.0
-zzú	0.117360324138	0.863079621839	0.019560054023	0.0
-se̱	0.0539671856867	0.900038053785	0.0333206487384	0.0126741117901
-ârr	0.00377358490567	0.97358490566	0.0226415094339	0.0
-ubu	0.00121138703816	0.995760145366	0.00121138703816	0.00181708055724
-ne̱	0.0945584888234	0.132601787815	0.117428448911	0.65541127445
-ubi	0.213193334855	0.620800564421	0.106824925816	0.0591811749082
-ubo	0.190898147207	0.520189799292	0.0577191888706	0.23119286463
-uba	0.0	0.967741935484	0.0322580645161	0.0
-umu	0.0848658611509	0.743272578333	0.0525906205202	0.119270939996
-ota	0.0	1.0	0.0	0.0
-hwi	0.12002182215	0.770867430442	0.0	0.109110747409
-rru	0.114293029901	0.583951002934	0.277365998044	0.0243899691208
-oti	0.0221851145038	0.954675572519	0.0116889312977	0.0114503816794
-hwa	0.243751601241	0.612378661505	0.125836203706	0.0180335335478
-iji	0.188710145603	0.41864094579	0.228945303121	0.163703605486
-oto	0.347826086957	0.188405797101	0.222222222222	0.24154589372
-uma	0.378774747665	0.14361045948	0.0718256398111	0.405789153045
-otu	0.131828857893	0.789523243932	0.038200407685	0.04044749049
-umi	0.124287890043	0.153653071435	0.0462745437602	0.675784494762
-ako	0.116700728397	0.784310642981	0.046428758581	0.0525598700414
ALL	0.183858691429	0.377805262219	0.0672652568988	0.371070789452
-brè	0.0645161290322	0.741935483871	0.0	0.193548387097
-aki	0.217166687889	0.72255951539	0.0190867916212	0.0411870050996
-aka	0.247418257938	0.0801688800154	0.0128288556149	0.659584006432
-àko	0.422515635858	0.252258512856	0.275191104934	0.0500347463516
-aku	0.316479593112	0.223638731028	0.0617439900943	0.398137685766
-zzo	0.285274183611	0.56685150955	0.0831792975971	0.0646950092421
-zzu	0.292636965561	0.216541378373	0.036520180182	0.454301475884
-mfa	0.248	0.64	0.096	0.016
-ofi	0.103064066852	0.896935933148	0.0	0.0
-iso	0.177478159658	0.622170369	0.0526503314458	0.147701139896
-isi	0.0209792097921	0.960687606876	0.010395103951	0.00793807938079
-ise	0.100673865836	0.132047511701	0.023914953211	0.743363669253
-isa	0.209836741188	0.703277957322	0.0187673294573	0.0681179720329
-zha	0.655855154441	0.17159857621	0.0432442702844	0.129301999064
-eva	0.452702702703	0.516891891892	0.0101351351351	0.0202702702703
-ábì	0.248790666793	0.362705112397	0.187968320212	0.200535900597
-isu	0.154731186348	0.623695329298	0.19138743369	0.0301860506636
-evi	0.0601436765607	0.904772512112	0.0267305229159	0.0083532884112
-hai	0.174973488865	0.451219512195	0.29427359491	0.0795334040297
-bwa	0.256631792103	0.694363820452	0.0323995950051	0.0166047924401
-han	0.527500511816	0.269629101752	0.0421255424854	0.160744843947
-àkí	0.0	1.0	0.0	0.0
-bwu	0.378622087482	0.427706025178	0.143240362721	0.0504315246195
-nku	0.170588235294	0.326470588235	0.474264705882	0.0286764705883
-uni	0.122767865247	0.342419348871	0.0571771813929	0.477635604489
-una	0.105524235101	0.859301019865	0.0327489005486	0.00242584448508
-nka	0.201053183227	0.432860530459	0.21260743946	0.153478846855
-unu	0.280529419858	0.422667156117	0.143777600696	0.153025823329
-nko	0.192424144535	0.508873048015	0.0806011911619	0.218101616288
-nki	0.135726499573	0.793738469154	0.0384736534221	0.0320613778518
-ade	0.265	0.37	0.365	0.0
-tra	0.00630914826498	0.981072555205	0.01261829653	0.0
-500	0.1625	0.2125	0.1375	0.4875
-ada	0.107368421053	0.797894736842	0.0736842105263	0.021052631579
-ado	0.563200912374	0.120034214028	0.0508458467972	0.265919026801
-tri	0.0625	0.90625	0.0	0.03125
-adi	0.192438663043	0.769891576294	0.0245391583746	0.0131306022882
-tru	0.0352112676056	0.887323943662	0.0739436619718	0.00352112676056
-144	0.0171428571428	0.0971428571428	0.0	0.885714285714
-adu	0.65430106604	0.26072476954	0.0283247214735	0.0566494429472
-usa	0.0556641242592	0.897323328183	0.0402355702303	0.00677697732757
-ini	0.194211127045	0.634545933449	0.122918434839	0.048324504668
-fla	0.139130434783	0.84347826087	0.0	0.0173913043478
-ina	0.298793937244	0.485911959165	0.0959335934843	0.119360510107
-ywi	0.0928397229292	0.0826178031664	0.21303993645	0.611502537455
-ine	0.232123516045	0.560388217555	0.165013698048	0.0424745683522
-800	0.0	0.805194805195	0.0	0.194805194805
-rfa	0.00897435897437	0.880769230769	0.101282051282	0.00897435897436
-inu	0.179703587298	0.734949062534	0.054053321773	0.0312940283949
-blo	0.159468438538	0.737541528239	0.0990033222591	0.00398671096346
-ede	0.0671046457062	0.922336931018	0.00985452839044	0.000703894885034
-edi	0.375	0.625	0.0	0.0
-bla	0.190410027065	0.363669257378	0.415440059051	0.0304806565065
-edo	0.0	1.0	0.0	0.0
-ìwǎ	0.119020715631	0.816698053986	0.0522284996861	0.0120527306968
-eka	0.0526315789473	0.880886426593	0.0498614958448	0.0166204986149
-gga	0.0579534125493	0.0514464920039	0.0128235065363	0.87777658891
-eke	0.194143025232	0.21004924391	0.0471521331764	0.548655597682
-430	0.509433962264	0.0849056603774	0.0	0.405660377358
-eki	0.0979759209669	0.610267711835	0.0531923423305	0.238564024868
-hon	0.0118694362018	0.946587537092	0.0237388724036	0.0178041543027
-che	0.164756981102	0.699507363253	0.120340487938	0.015395167706
-imɨ	0.28125	0.71875	0.0	0.0
-re̱	0.426705724399	0.420236787502	0.0729891370683	0.0800683510314
-ase	0.0499470522755	0.693777829179	0.0348180983635	0.221457020182
-mbu	0.0580937690508	0.896722188354	0.0451840425951	0.0
-asa	0.262649020426	0.612111643166	0.0617957417629	0.0634435946453
-nye	0.578108913534	0.318083818364	0.0419188991834	0.0618883689191
-aso	0.0571827057182	0.919107391911	0.00976290097629	0.0139470013947
-nyi	0.0941030676803	0.838629725989	0.0289157674274	0.0383514389037
-iyo	0.140212233349	0.559678789199	0.121853822232	0.17825515522
-asi	0.408668472598	0.45611585747	0.0978120441758	0.0374036257553
-ìrr	0.318031235211	0.483199242783	0.0397539044013	0.159015617605
-mba	0.0475788008914	0.101866238595	0.0114038557729	0.839151104741
-dra	0.0409937888199	0.608695652174	0.316770186335	0.0335403726708
-irr	0.146802716764	0.517117298356	0.0571220796259	0.278957905254
-yen	0.442658092176	0.217041800643	0.340300107181	0.0
-lta	0.351851851852	0.611111111111	0.037037037037	0.0
-err	0.0384615384615	0.961538461538	0.0	0.0
-era	0.05	0.7	0.25	0.0
-iwo	0.426829268293	0.328914621047	0.188847554426	0.0554085562338
-oza	0.286700931577	0.713299068423	0.0	0.0
-eve	0.0272607761893	0.972739223811	0.0	0.0
-nzɨ	0.0454772613693	0.898113443278	0.0564092953523	0.0
-zhi	0.242120594727	0.429013417622	0.0628043297354	0.266061657916
-azo	0.188791732909	0.664149443561	0.0691573926868	0.0779014308426
-azi	0.0122159298537	0.926704420878	0.0610796492685	0.0
-uga	0.126899450372	0.800355641772	0.042434529583	0.0303103782736
-ugo	0.075464902027	0.523189961114	0.0224906632046	0.378854473655
-zhe	0.105263157895	0.768421052632	0.0631578947368	0.0631578947368
-aza	0.0899296458744	0.726766948279	0.0611403844456	0.122163021401
-ugi	0.205882352941	0.794117647059	0.0	0.0
-ike	0.0689655172414	0.931034482759	0.0	0.0
-ika	0.121166915299	0.786010276811	0.0546991546495	0.0381236532405
-iko	0.0264126218846	0.93386414513	0.0117118727896	0.0280113601961
-iki	0.172590968121	0.643714608446	0.113023823133	0.0706706003
-aal	0.0540540540541	0.864864864865	0.027027027027	0.0540540540541
-iku	0.121190077179	0.744364868826	0.102872988795	0.0315720652002
-uje	0.127460149535	0.634082692632	0.185917835648	0.052539322185
-uji	0.070482699701	0.882956001709	0.0382315249893	0.00832977360103
-ahi	0.0642738499314	0.867696974074	0.0589297320719	0.00909944392287
-aha	0.069990960883	0.0618391700598	0.0426040949688	0.825565774088
-ahe	0.0	0.985754985755	0.014245014245	0.0
-e̱s	0.0624227843162	0.156056960791	0.176214318226	0.605305936667
-pye	0.113426218418	0.7218888525	0.131611056815	0.0330738722662
-nfu	0.105099443049	0.594312326768	0.293810984352	0.00677724583155
-ahu	0.0315450719666	0.948120380521	0.00707288609117	0.0132616614209
-gla	0.689392037753	0.143179878508	0.142878658567	0.0245494251719
-wra	0.2	0.8	0.0	0.0
-wre	0.14866970327	0.287470907894	0.267441339413	0.296418049423
-ibu	0.00821047055707	0.987022159442	0.0021188311115	0.00264853888938
-rvu	0.284786029748	0.48220721864	0.207117112544	0.025889639068
-mpe	0.379633486047	0.216159933361	0.261765930862	0.142440649729
-he̱	0.162335160955	0.249738911217	0.553219310298	0.0347066175306
-mpa	0.412743144696	0.487641210255	0.0766274192684	0.0229882257805
-lfa	0.0978056426332	0.902194357367	0.0	0.0
-oli	0.0236406619386	0.853427895981	0.0	0.12293144208
-ibi	0.388402783155	0.415802922534	0.14800721231	0.0477870820014
-ddu	0.729536165412	0.213909978609	0.0157003836224	0.0408534723564
-olo	0.174942114741	0.57096303919	0.203841866049	0.0502529800189
-ola	0.0	0.888888888889	0.111111111111	0.0
-mpu	0.120577830189	0.668926886793	0.124410377358	0.0860849056604
-iba	0.346884275758	0.466767779215	0.109117808525	0.0772301365019
-ngu	0.415896640295	0.487021456023	0.0307287837725	0.0663531199104
-lon	0.125937031484	0.275862068966	0.59820089955	0.0
-àmà	0.0521932259855	0.914491948917	0.0266518600778	0.00666296501943
-bwe	0.293684675401	0.379140291476	0.249889592227	0.077285440895
-oki	0.109589041096	0.876712328767	0.013698630137	0.0
-ikà	0.289603960396	0.591584158416	0.0891089108911	0.029702970297
-ipa	0.0317195325543	0.943238731219	0.0217028380634	0.00333889816361
-zɨ̀	0.428571428571	0.304761904762	0.266666666667	0.0
-ipu	0.037037037037	0.944444444444	0.0185185185185	0.0
-awo	0.0215136381099	0.976181329235	0.00230503265463	0.0
-nju	0.033264033264	0.941787941788	0.016632016632	0.00831600831601
-awa	0.105103587671	0.819100555836	0.0636685194542	0.0121273370389
-mpi	0.194077888639	0.576118442227	0.216285806244	0.0135178628902
-awu	0.176113360324	0.723684210526	0.0637651821862	0.0364372469636
-wri	0.369016246031	0.442906698884	0.154653723007	0.0334233320783
-stu	0.0679978413384	0.916082029142	0.0137614678899	0.00215866162979
-276	0.0	0.157894736842	0.0	0.842105263158
-sto	0.157480314961	0.700787401575	0.0708661417323	0.0708661417323
-sti	0.00820591727174	0.975598519443	0.00424882909389	0.0119467341914
-glo	0.3218714101	0.0776319924171	0.0332627587948	0.567233838688
-sta	0.0232108317215	0.802707930368	0.174081237911	0.0
-sso	0.434607645875	0.533199195171	0.0321931589537	0.0
-eyi	0.0	0.862068965517	0.0	0.137931034483
-eyo	0.0845070422535	0.915492957747	0.0	0.0
-200	0.0448717948717	0.551282051282	0.105769230769	0.298076923077
-ssu	0.184288808909	0.616678459861	0.125137538342	0.0738951928883
-hru	0.286035026146	0.539167135998	0.0688376019629	0.105960235893
-hri	0.0566037735849	0.509433962264	0.433962264151	0.0
-ibe	0.0490421136107	0.642597771192	0.280061772194	0.0282983430027
-ìzì	0.224137931034	0.706896551724	0.0129310344828	0.0560344827586
-hre	0.547437889355	0.254753069892	0.130566072361	0.0672429683924
-rra	0.0905224225613	0.843365695793	0.0305131761443	0.0355987055016
-rre	0.0624776865405	0.892966797572	0.0372724027133	0.00728311317387
-ifi	0.485207100592	0.390532544379	0.100591715976	0.0236686390533
-rri	0.456776704553	0.251668722561	0.0509102440944	0.240644328793
-rro	0.299833055092	0.490150250417	0.174958263773	0.0350584307179
-ole	0.0	0.966265060241	0.033734939759	0.0
-ndi	0.24111866969	0.383471907282	0.29579239103	0.079617031998
-ifu	0.291960507757	0.564174894217	0.0507757404795	0.0930888575458
-ndo	0.12805665821	0.331320663779	0.0505064028329	0.490116275178
-ali	0.0152284263959	0.958121827411	0.0266497461929	0.0
-nda	0.197535077215	0.321098201908	0.409096424765	0.0722702961127
-ale	0.03125	0.8125	0.15625	0.0
-nde	0.21215959468	0.375554148195	0.317289423686	0.0949968334389
-ala	0.263120673459	0.460890562788	0.145600058702	0.130388705051
-ìlā	0.451327433628	0.548672566372	0.0	0.0
-120	0.0357142857143	0.0357142857143	0.0	0.928571428571
-uva	0.0329573601359	0.606384720886	0.0728234836544	0.287834435324
-uvi	0.198329853862	0.688935281837	0.11094542201	0.00178944229048
-uvu	0.289227166276	0.395784543326	0.147540983607	0.167447306792
-mla	0.200608930988	0.693843031123	0.0811907983762	0.0243572395129
-chi	0.0822590157207	0.78926164319	0.0346235261548	0.0938558149348
-iyu	0.0887982428616	0.845727434369	0.050622319841	0.0148520029286
-cha	0.417957353698	0.382776299983	0.0623176591728	0.136948687146
-ogu	0.0535714285714	0.928571428571	0.0178571428571	0.0
-rku	0.0681818181818	0.912878787879	0.00757575757576	0.0113636363636
-elu	0.0559824368826	0.887486278814	0.0153677277717	0.0411635565313
-rki	0.0342203079828	0.473420260782	0.483509351584	0.00885007965071
-153	0.107142857143	0.171428571429	0.0428571428571	0.678571428571
-eli	0.0909620991254	0.861807580175	0.0279883381924	0.0192419825073
-iyi	0.117770648023	0.843890292227	0.028163196897	0.0101758628533
-iye	0.0	1.0	0.0	0.0
-gbù	0.0272857645782	0.944664680136	0.00632102654321	0.0217285287423
-iya	0.0525264909057	0.816097901562	0.0422753740442	0.0891002334885
-chu	0.40200414651	0.518175535591	0.0449896337249	0.0348306841742
-whe	0.199527560922	0.736009688627	0.0306965478341	0.0337662026175
-itu	0.107491478597	0.471137188006	0.035649614275	0.385721719122
-ìlǎ	0.191744340879	0.712383488682	0.0958721704394	0.0
-esu	0.00408042436413	0.705798203013	0.00293230495972	0.287189067663
-ito	0.247600531379	0.599814716529	0.11237378954	0.0402109625524
-esi	0.0105105105105	0.989489489489	0.0	0.0
-iti	0.131004366812	0.641620237916	0.159614515886	0.0677608793857
-me̱	0.136846153887	0.308281058798	0.408405332611	0.146467454704
-ese	0.0658101455853	0.215235834235	0.446985301819	0.271968718361
-ita	0.256570568484	0.56738450851	0.0896144494616	0.0864304735441
-spa	0.0488888888889	0.915555555556	0.0355555555556	0.0
-úrè	0.643564356436	0.138613861386	0.178217821782	0.039603960396
-bru	0.0453937230653	0.90519450622	0.0370256280662	0.0123861426487
-udu	0.132525009678	0.759979750561	0.0949065932015	0.0125886465594
-666	0.190476190476	0.111111111111	0.0	0.698412698413
-ké̱	0.620689655172	0.337931034483	0.0413793103448	0.0
-uda	0.0356117559891	0.783688812052	0.139601877007	0.0410975549518
-spu	0.0	1.0	0.0	0.0
-bre	0.482661990004	0.382682825344	0.0522768360034	0.0823783486489
-ezi	0.0	1.0	0.0	0.0
-bri	0.40179910045	0.319340329835	0.170914542729	0.107946026986
-udi	0.164864864865	0.551351351351	0.202702702703	0.0810810810811
-udo	0.330632090762	0.191247974068	0.0388978930308	0.439222042139
-íwá	0.214898364976	0.691800565532	0.0642400806335	0.029060988858
-abu	0.257003598597	0.413126254076	0.263857286767	0.0660128605598
-hun	0.370893567237	0.207799966396	0.0462123427903	0.375094123577
-uha	0.0291940360755	0.166674114125	0.619136988546	0.184994861254
-abe	0.0842937059221	0.873559441117	0.0267470413022	0.0153998116588
-pwa	0.172043010753	0.817204301075	0.010752688172	0.0
-aba	0.106797629711	0.117238161392	0.0134503322674	0.76251387663
-nja	0.267199733467	0.52223888056	0.126603364984	0.0839580209895
-pwi	0.443037974684	0.332278481013	0.145569620253	0.0791139240507
-abi	0.0824387757069	0.144035288792	0.041237171133	0.732288764369
-ilɨ	0.230769230769	0.375	0.375	0.0192307692308
-gba	0.252104990844	0.415598026626	0.0860432511519	0.246253731378
-chí	0.0666904546649	0.839174844579	0.0382158785159	0.0559188222401
-orr	0.154087361986	0.693113155202	0.0820424847414	0.0707569980707
-igɨ	0.25	0.356707317073	0.34756097561	0.0457317073171
-gbo	0.315399484536	0.278672680412	0.329896907216	0.0760309278351
-oro	0.0164556962026	0.979746835443	0.00253164556962	0.00126582278481
-gbu	0.103240745169	0.765167837989	0.045608191879	0.0859832249633
-kre	0.259236249766	0.419043678491	0.175837340935	0.145882730808
-irɨ	0.0869565217391	0.802675585284	0.0501672240803	0.0602006688963
-utu	0.240825832442	0.667904576069	0.0310946056524	0.0601749858375
-omu	0.00919837276405	0.970105288517	0.0183967455281	0.00229959319102
-kri	0.541312883536	0.160162732509	0.0731188487575	0.225405535197
-àgà	0.157480314961	0.767716535433	0.0393700787402	0.0354330708661
-chě	0.14671983054	0.315556663136	0.489066101801	0.0486574045231
-omo	0.0834236838935	0.658715817371	0.0124984941573	0.245362004578
-ìga	0.135045236828	0.521687067589	0.237493347525	0.105774348058
-oma	0.0921783828842	0.722492358989	0.166157265907	0.0191719922201
-izu	0.103746397694	0.827089337176	0.0345821325648	0.0345821325648
-abo	0.140606764226	0.0890601563801	0.0353381341343	0.73499494526
-oda	0.0139505953439	0.975475386529	0.00177714590368	0.00879687222321
-nji	0.327674023769	0.621392190153	0.0407470288625	0.0101867572156
-rna	0.0	1.0	0.0	0.0
-izo	0.0727298520633	0.0782767782131	0.0985871133839	0.75040625634
-izi	0.150599369686	0.331946114121	0.413340009792	0.104114506401
-hnn	0.169491525424	0.525423728814	0.0	0.305084745763
-ure	0.152113370706	0.620077579225	0.0756791417366	0.152129908332
-kye	0.363130368336	0.376978740658	0.0823951278218	0.177495763185
-urr	0.238074364234	0.540030606492	0.0488360531776	0.173058976096
-uru	0.126069329105	0.781822957208	0.0754272779802	0.0166804357065
-bye	0.302877586283	0.563820832041	0.0876124230207	0.0456891586549
-gbi	0.282316630307	0.57060594026	0.0820059249439	0.0650715044887
-tsɨ	0.190537212819	0.178068558776	0.461060176503	0.170334051903
-ɨki	0.0325203252033	0.463414634146	0.50406504065	0.0
-ìlà	0.222712311167	0.515076857868	0.209917016021	0.0522938149451
-anɨ	0.107706116169	0.784587767663	0.107706116169	0.0
-ggɨ	0.0128168612931	0.980062660211	0.0042722870977	0.00284819139846
-tse	0.652707345003	0.272043186651	0.034353018158	0.0408964501882
-rza	0.351183063512	0.306351183064	0.249066002491	0.0933997509339
-iha	0.347521247467	0.338811090917	0.202141592836	0.11152606878
-uku	0.0218768953657	0.0298992693138	0.021831794177	0.926392041144
-ihi	0.111333929523	0.729049799915	0.10984345501	0.0497728155515
-iho	0.678260869565	0.104347826087	0.208695652174	0.00869565217389
-uka	0.0332225913621	0.58803986711	0.146179401993	0.232558139535
-klo	0.259976926731	0.64662401186	0.0680337781521	0.0253652832566
-afo	0.0265486725664	0.973451327434	0.0	0.0
-afa	0.0561364887177	0.939460649422	0.00440286186021	0.0
-uki	0.065585448912	0.853878410495	0.0301074060473	0.0504287345458
-uko	0.321310332811	0.480048788988	0.083638264506	0.115002613696
-kla	0.151282263895	0.542450778216	0.196654547737	0.109612410151
-efa	0.170054104079	0.829945895921	0.0	0.0
-mvu	0.290357875895	0.624815043707	0.0318262982828	0.0530007821153
-nga	0.677008251004	0.156246539655	0.0156647111226	0.151080498219
-nge	0.848708487085	0.126691266913	0.0	0.0246002460025
-ngi	0.535947712418	0.389978213508	0.0610021786492	0.0130718954248
-ngo	0.31990808639	0.490128168797	0.112184323242	0.0777794215711
-eme	0.0930100455161	0.0942351929485	0.0694532152701	0.743301546265
-uwe	0.071761416589	0.915191053122	0.0130475302889	0.0
-ema	0.0923076923076	0.907692307692	0.0	0.0
-uwa	0.0661746190241	0.0616691163901	0.0104205621745	0.861735702411
-emo	0.084249084249	0.915750915751	0.0	0.0
-emi	0.0393211813361	0.124319537208	0.400793846073	0.435565435383
-260	0.142857142857	0.292517006803	0.0612244897959	0.503401360544
-emu	0.182570490125	0.556136160048	0.0492684383398	0.212024911487
-uwu	0.10139273763	0.851865929421	0.0467413329499	0.0
-rtu	0.0373831775701	0.943925233645	0.0	0.018691588785
-ttû	0.5	0.172413793103	0.293103448276	0.0344827586207
-ùwà	0.0570750785955	0.0267216796388	0.00526322263081	0.910940019135
-ame	0.245901639344	0.639344262295	0.0983606557377	0.0163934426229
-etu	0.0117994100295	0.979351032448	0.00884955752212	0.0
-000	0.25977672486	0.2499198437	0.0204750127969	0.469828418643
-vri	0.249387186926	0.41367332998	0.277751542101	0.0591879409937
-vru	0.0492127425851	0.696521420725	0.251190040278	0.00307579641157
-eta	0.0705778902225	0.912298293789	0.0106445342631	0.00647928172534
-o-o	0.0680272108844	0.233493397359	0.0444177671068	0.65406162465
-eti	0.0373614448492	0.950546469266	0.0083714440741	0.00372064181071
-uyi	0.513064133017	0.25296912114	0.184085510689	0.0498812351544
-atu	0.156718408141	0.504785296332	0.113352061788	0.22514423374
-uyo	0.344418052256	0.498812351544	0.114014251781	0.042755344418
-uya	0.0265261848926	0.873377171937	0.0263572283009	0.0737394148696
-omi	0.269364664926	0.543080939948	0.0365535248042	0.151000870322
-300	0.205128205128	0.423076923077	0.102564102564	0.269230769231
-kè̱	0.190430391921	0.777831209425	0.0	0.0317383986535
-kru	0.345776594536	0.498889206292	0.0935229895005	0.0618112096714
-ggo	0.0688968994745	0.0335453012438	0.00548338937055	0.892074409911
-ata	0.263359450993	0.438083530556	0.150099951747	0.148457066703
-ato	0.425135513779	0.281736630163	0.0893400717361	0.203787784322
-ati	0.226847444492	0.649480748097	0.0427293042459	0.0809425031649
-ose	0.08547008547	0.846153846154	0.025641025641	0.042735042735
-oso	0.191780821918	0.794520547945	0.00456621004566	0.00913242009132
-ula	0.0370370370371	0.92337164751	0.0242656449553	0.0153256704981
-osi	0.0490691297446	0.909077789003	0.0375234521576	0.00432962909511
-ulu	0.0425214195152	0.914767619072	0.00809395130823	0.0346170101047
-ajo	0.0	0.982456140351	0.0175438596491	0.0
-aji	0.334696445423	0.335954702737	0.102862535389	0.226486316452
-tto	0.246150351545	0.527958585104	0.131305511601	0.0945855517509
-shi	0.232591928726	0.518005858235	0.161206681651	0.0881955313886
-ate	0.0	1.0	0.0	0.0
-ttu	0.29429769425	0.559451155408	0.0502975090233	0.0959536413188
-sha	0.233617100203	0.308979484982	0.329365302864	0.128038111952
-she	0.0	0.959183673469	0.0408163265306	0.0
-ilu	0.0143540669856	0.870813397129	0.0574162679426	0.0574162679425
-mre	0.172896652014	0.0684871334968	0.0396294287359	0.718986785753
-mri	0.0504469125624	0.0657059902049	0.254698473397	0.629148623836
-fra	0.0365853658537	0.951219512195	0.0	0.0121951219512
-ila	0.105905245519	0.791575316321	0.0576628185094	0.0448566196507
-ilo	0.207564407089	0.715329800841	0.0562762653024	0.0208295267678
-ili	0.00696378830083	0.974094707521	0.0158774373259	0.00306406685237
-iga	0.0915799471546	0.796737551299	0.0340585520677	0.0776239494783
-fe̱	0.666666666667	0.194444444444	0.0555555555556	0.0833333333333
-eba	0.0116001804472	0.976799639105	0.0	0.0116001804473
-igi	0.164173451578	0.787221036032	0.021395727942	0.027209784448
-amu	0.159270246672	0.681063439598	0.0395497177581	0.120116595972
-ebe	0.010101010101	0.989898989899	0.0	0.0
-ami	0.167525278788	0.193094933001	0.277176662508	0.362203125703
-amo	0.230452674897	0.600823045268	0.0946502057612	0.0740740740741
-ama	0.130204129913	0.183297719911	0.0871240144269	0.599374135749
-kwa	0.520833333333	0.375	0.104166666667	0.0
-usi	0.0356518699755	0.958056623558	0.00629150646626	0.0
-uso	0.50191690791	0.226508097958	0.0732337062828	0.198341287849
-iri	0.293323915732	0.633173985873	0.0407371770829	0.0327649213121
-hin	0.181050090525	0.730235365118	0.0470730235365	0.0416415208208
-ire	0.470784143832	0.344552149897	0.0888118704647	0.0958518358064
-rfe	0.0214833759591	0.483375959079	0.223017902813	0.272122762148
-krɨ	0.0457173116809	0.0423635320595	0.00308900754601	0.908830148714
-iru	0.125133342093	0.736536067505	0.0756625905	0.062667999902
-usu	0.736084908861	0.13182860788	0.0954410347589	0.0366454484996
-uza	0.344123151541	0.594986424862	0.0282046550861	0.032685768511
-ggò	0.364705882353	0.6	0.035294117647	0.0
-epu	0.355164267116	0.598981828267	0.0278560209503	0.017997883666
-pe̱	0.10987791343	0.84461709212	0.0166481687014	0.0288568257492
-izɨ	0.148857774503	0.571849668386	0.206337509211	0.0729550478998
-iza	0.127241415143	0.0807153699196	0.0550067634361	0.737036451501
-e-e	0.242170783421	0.230001874387	0.0247419066652	0.503085435527
-îrr	0.035	0.93	0.0	0.035
-ābá	0.269662921348	0.730337078652	0.0	0.0
-owa	0.00361663652803	0.978300180832	0.0	0.0180831826401
-uhu	0.0552296615086	0.930867259728	0.00561225197778	0.00829082678535
-owe	0.0677966101695	0.915254237288	0.0	0.0169491525424
-agu	0.089552238806	0.860696517413	0.0199004975124	0.0298507462686
-tsu	0.216366317285	0.517566858071	0.0974623050832	0.168604519561
-tsi	0.451136657498	0.301394080448	0.0487810611938	0.19868820086
-ago	0.182274779583	0.203396850586	0.0740799664893	0.540248403342
-aga	0.411500449236	0.403414195867	0.0700808625337	0.115004492363
-tsa	0.20161914353	0.381220362228	0.367614690693	0.0495458035485
-īlá	0.0217292595098	0.975942605543	0.0	0.00232813494748
-ija	0.0361990950226	0.891402714932	0.0633484162896	0.00904977375567
-one	0.0459770114942	0.816091954023	0.0229885057471	0.114942528736
-rta	0.0333194502291	0.867138692212	0.0	0.0995418575594
-anu	0.105758629277	0.319888840634	0.100761308335	0.473591221755
-ega	0.0	0.99124726477	0.0	0.00875273522978
-ona	0.0542253521126	0.928873239437	0.00704225352113	0.00985915492957
-ttū	0.328313253012	0.48343373494	0.0865963855422	0.101656626506
-egi	0.063829787234	0.936170212766	0.0	0.0
-oni	0.0506523407521	0.912509593246	0.00920951650038	0.0276285495011
-450	0.0930232558139	0.232558139535	0.0465116279069	0.627906976744
-ana	0.0341082210806	0.93751924524	0.0141480289236	0.0142245047556
-rma	0.283794466403	0.3604743083	0.0616600790515	0.294071146245
-ane	0.330158730159	0.422222222222	0.234920634921	0.0126984126984
-mwi	0.111282843895	0.496136012365	0.282843894899	0.109737248841
-ggi	0.172541954212	0.104961258842	0.0403265216549	0.68217026529
-ani	0.160347826352	0.54855023264	0.134163087618	0.156938853391
-mwe	0.432640365144	0.262804432694	0.169924604999	0.134630597163
-nfo	0.0402928737096	0.946928009459	0.0053663195234	0.00741279730774
-mwa	0.282882882883	0.183783783784	0.533333333333	0.0
-ano	0.0	1.0	0.0	0.0
-ihɨ	0.108303249097	0.826714801444	0.0649819494585	0.0
-ùka	0.229974968711	0.554130162703	0.150187734668	0.0657071339174
-rmi	0.198539261338	0.374720928749	0.206193787077	0.220546022836
-eno	0.0425531914894	0.957446808511	0.0	0.0
-eni	0.0663265306122	0.918367346939	0.00765306122449	0.0076530612245
-ngɨ	0.658532938844	0.323054042995	0.0108589594284	0.00755405873281
-ene	0.0339943342776	0.953257790368	0.0042492917847	0.00849858356941
-ggu	0.38923356813	0.10659140738	0.0	0.50417502449
-ena	0.0503455083909	0.943731490622	0.0	0.00592300098716
