-u-u	0.118297705912	0.716306725822	0.121579339762	0.0438162285043
-jüu	0.0194097884718	0.945014763536	0.0113269587116	0.0242484892806
-cae	0.37003058104	0.532110091743	0.0886850152905	0.0091743119266
-heu	0.227315324002	0.672351709279	0.0117336868908	0.0885992798277
-her	0.107793153678	0.752367079388	0.0174799708667	0.122359796067
-hel	0.453172205438	0.510574018127	0.0362537764351	0.0
-iva	0.287184284378	0.492984097287	0.144059869037	0.0757717492984
-hen	0.0	1.0	0.0	0.0
-hei	0.256927086784	0.577994912877	0.0906517351956	0.0744262651437
-cau	0.506769977303	0.326524223214	0.0540032871566	0.112702512327
-eue	0.299660441426	0.418505942275	0.118845500849	0.16298811545
-ivi	0.186407219402	0.258037225042	0.418076706148	0.137478849408
-kho	0.291278736577	0.293326819553	0.0151257504157	0.400268693455
-ivo	0.565714285714	0.434285714286	0.0	0.0
-ufu	0.0	0.980392156863	0.0196078431373	0.0
-oya	0.405165874277	0.234326891508	0.0933338662013	0.267173368014
-r-u	0.379246334244	0.304778122857	0.0295162782588	0.28645926464
-oyo	0.107436981983	0.465678507275	0.259315767758	0.167568742983
-üue	0.133462259572	0.580060391765	0.0322094328573	0.254267915806
-aue	0.451245744483	0.362849545231	0.0569096051896	0.128995105096
-ecü	0.342662257901	0.272918029158	0.144119823549	0.240299889391
-zie	0.128174658487	0.71062571115	0.066226770898	0.0949728594651
-aum	0.0197856553998	0.955894476505	0.0	0.0243198680956
-aul	0.0164756583589	0.966038023684	0.000457657176637	0.0170286607807
-zia	0.0	1.0	0.0	0.0
--ue	0.276594876019	0.513535966032	0.062252485573	0.147616672377
-dzü	0.249293336359	0.279018216593	0.037139880983	0.434548566065
-hon	0.0	1.0	0.0	0.0
-i-u	0.270588235294	0.694117647059	0.0	0.0352941176471
-hru	0.237006851821	0.710890235528	0.0170167761855	0.035086136465
-ciü	0.226867889146	0.267554404016	0.124610874122	0.380966832716
-kia	0.00927880066953	0.984171457681	0.00109162360818	0.0054581180409
-i-a	0.10512197744	0.624839915373	0.0144663271707	0.255571780016
-süu	0.101530174874	0.0305836996483	0.00468581821494	0.863200307262
-i-e	0.0903054448872	0.779991146525	0.0763612217795	0.0533421868083
-sha	0.10776640578	0.737507525587	0.133052378085	0.0216736905479
-puo	0.0538883153664	0.0494301111025	0.00353417286581	0.893147400665
-ntu	0.0	1.0	0.0	0.0
-pra	0.377512780407	0.258668327439	0.0468322704023	0.316986621751
-hri	0.519496192921	0.451100432273	0.0142628310623	0.015140543743
-üsa	0.526315789474	0.387559808612	0.0191387559809	0.066985645933
-pre	0.0441029067825	0.889742733044	0.0661543601737	0.0
-kie	0.561228181842	0.203717279867	0.0326869816589	0.202367556632
-nth	0.0	0.324786324786	0.675213675214	0.0
-hem	0.0	1.0	0.0	0.0
-meü	0.220237010027	0.692616226071	0.0448495897903	0.0422971741112
-akh	0.0	0.0861812778603	0.0	0.91381872214
-üso	0.124663550078	0.826555060761	0.00813023152681	0.0406511576341
-pro	0.340909090909	0.636363636364	0.0227272727273	0.0
-pru	0.0534759358289	0.92513368984	0.0213903743315	0.0
-üsu	0.638036809816	0.288343558282	0.0736196319019	0.0
-ope	0.573033707865	0.134831460674	0.247191011236	0.0449438202247
-d-e	0.0828451882845	0.882008368201	0.0117154811716	0.0234309623431
-opa	0.0384187082405	0.933184855234	0.00334075723831	0.0250556792873
-heü	0.198308270677	0.690319548872	0.0972744360902	0.0140977443609
-rbe	0.0470588235294	0.952941176471	0.0	0.0
-dei	0.470588235294	0.452205882353	0.0441176470588	0.0330882352941
-gko	0.00534188034189	0.943376068376	0.00213675213675	0.0491452991453
-dek	0.00251256281407	0.974874371859	0.0226130653266	0.0
-gki	0.0	0.798657718121	0.0	0.201342281879
-den	0.0222222222222	0.977777777778	0.0	0.0
-ima	0.0262582056893	0.9704595186	0.0	0.00328227571116
-hra	0.404097344594	0.531015604644	0.0272106987067	0.0376763520554
-oko	0.141274985877	0.659416091243	0.0875040790465	0.111804843834
-des	0.0436933352059	0.847073326779	0.0917560039324	0.0174773340824
-oki	0.0732654372308	0.774393469881	0.0656129544252	0.0867281384627
-kim	0.0	1.0	0.0	0.0
-oke	0.00780437044747	0.906347554631	0.070239334027	0.0156087408949
-rwe	0.335751295337	0.272538860104	0.0746113989637	0.317098445596
-eiü	0.0833071361207	0.460677983863	0.351095043487	0.104919836529
-nae	0.043795620438	0.890510948905	0.0656934306569	0.0
-rwa	0.209302325581	0.773255813953	0.0174418604651	0.0
-imo	0.547881355932	0.23093220339	0.0762711864407	0.144915254237
-biu	0.0	1.0	0.0	0.0
-rpo	0.0	1.0	0.0	0.0
-idi	0.0814204680576	0.019410767427	0.00307306979454	0.896095694721
-hre	0.195784639493	0.195058430775	0.126431105851	0.482725823881
-eca	0.294389820706	0.42972816657	0.157894736842	0.117987275882
-oba	0.0996466431096	0.84628975265	0.0137809187279	0.0402826855124
-üla	0.0739272453695	0.0433369387493	0.00958424947419	0.873151566407
-ida	0.0393374741201	0.937888198758	0.00414078674948	0.0186335403727
-bie	0.602438516048	0.0986406373026	0.0301514519939	0.268769394655
-bia	0.0246406570842	0.932238193019	0.0246406570842	0.0184804928131
-nik	0.0594059405939	0.60396039604	0.336633663366	0.0
-cüu	0.372869483691	0.355671619613	0.125754356981	0.145704539715
-ter	0.155820895522	0.591641791045	0.0949253731344	0.157611940298
-rie	0.281667844623	0.431690245604	0.103661461998	0.182980447776
-teu	0.0670016750418	0.141541038526	0.72864321608	0.0628140703518
-ute	0.436902511167	0.353181012397	0.10775973061	0.102156745826
-rin	0.0	1.0	0.0	0.0
-rio	0.0	1.0	0.0	0.0
-ril	0.0	0.585365853659	0.414634146341	0.0
-rim	0.0	1.0	0.0	0.0
-rik	0.0528	0.2144	0.72	0.0128
-ejo	0.406484400182	0.256285186737	0.111891122052	0.225339291029
-cüe	0.352199053794	0.389346416681	0.116523567549	0.141930961977
-dzo	0.434556426441	0.565443573559	0.0	0.0
-riu	0.212581344902	0.683297180043	0.0780911062907	0.0260303687636
-dzi	0.698736472855	0.0879236988997	0.0275249363844	0.185814891861
-ris	0.0363636363636	0.927272727273	0.0363636363636	0.0
-dze	0.226916891837	0.100079230349	0.0104290671898	0.662574810624
-tei	0.138098478782	0.570391624399	0.0944785372197	0.197031359599
-tel	0.0335632183908	0.929885057471	0.0303448275862	0.00620689655172
-üli	0.307545001915	0.224982218088	0.0702522295782	0.397220550419
-ard	0.046511627907	0.806201550388	0.147286821705	0.0
-are	0.0899699126591	0.704871422868	0.0633878930098	0.141770771463
-ara	0.199530680812	0.368259090463	0.015299477123	0.416910751601
-aro	0.134341637011	0.79537366548	0.0329181494662	0.0373665480427
-luu	0.142857142857	0.691384950927	0.0523446019629	0.113413304253
-ark	0.0196078431373	0.980392156863	0.0	0.0
-aru	0.0384478462087	0.888928444286	0.0128159487362	0.0598077607689
-luk	0.0133333333333	0.973333333333	0.0	0.0133333333333
-lun	0.0	1.0	0.0	0.0
-luo	0.252217284741	0.339292381981	0.0717842505548	0.336706082724
-men	0.00514432695055	0.0783080880251	0.0	0.916547585024
-mei	0.0534928268667	0.860918650147	0.0770296706879	0.00855885229865
-prü	0.0407112774918	0.905942910622	0.0140383715489	0.0393074403369
-üsü	0.175726210128	0.508765367143	0.066441934821	0.249066487908
-pha	0.264707807081	0.608991558144	0.0615142988024	0.0647863359728
-aya	0.429277497462	0.301595334178	0.100597642346	0.168529526015
-phe	0.0902612826603	0.686460807601	0.0997624703088	0.12351543943
-phi	0.173125037283	0.30101165349	0.143712343717	0.38215096551
-moü	0.234788359788	0.144510582011	0.0691137566138	0.551587301587
-ayi	0.425531914894	0.31914893617	0.170212765957	0.0851063829787
-ebo	0.167185518275	0.78323532803	0.0265190822091	0.0230600714862
-phu	0.130170668209	0.806190338444	0.0520682672838	0.0115707260631
-vuo	0.46944083225	0.248374512354	0.231469440832	0.0507152145644
-yaü	0.253776435045	0.389728096677	0.163141993958	0.19335347432
-fuu	0.219690805533	0.592351505289	0.144019528072	0.0439381611066
-ubo	0.29106029106	0.5148995149	0.19404019404	0.0
-uba	0.0258114108677	0.928957164374	0.0049164592129	0.0403149655458
-kro	0.264691432296	0.244297388078	0.0633679250012	0.427643254625
-ube	0.133490288405	0.866509711595	0.0	0.0
-fhe	0.252453147123	0.517094031057	0.0353116433829	0.195141178437
-ota	0.524960615172	0.100296417134	0.041023823802	0.333719143892
-ote	0.425891766158	0.124012085688	0.0614736467799	0.388622501375
-evü	0.233443708609	0.587086092715	0.135761589404	0.0437086092715
-r-e	0.026044492675	0.949538795442	0.00651112316874	0.0179055887141
-iga	0.0394736842105	0.802631578947	0.0789473684211	0.0789473684211
-oto	0.326567596955	0.123957955781	0.0123233055455	0.537151141718
-isü	0.253436351316	0.242870824989	0.0162173825811	0.487475441114
-uma	0.0547924679087	0.862519354678	0.0706757904201	0.0120123869937
-nhe	0.855769230769	0.100961538462	0.0432692307692	0.0
-umo	0.0671140939597	0.791946308725	0.125838926175	0.0151006711409
-nha	0.0282078982115	0.893650222062	0.0456127715761	0.0325291081503
-ako	0.152079702239	0.491607352301	0.0944224897701	0.261890455691
ALL	0.220760454363	0.307050405296	0.0569540626882	0.415235077653
-nai	0.0	1.0	0.0	0.0
-nan	0.0224215246637	0.966367713004	0.0112107623318	0.0
-rma	0.0	1.0	0.0	0.0
-aki	0.0776731225045	0.449454576957	0.0145408884474	0.458331412092
-nam	0.0	1.0	0.0	0.0
-oah	0.0	1.0	0.0	0.0
-zuo	0.00748406172041	0.98031968955	0.00221749976901	0.00997874896054
-siu	0.0527144245027	0.170489969831	0.0169399289595	0.759855676707
-kil	0.063	0.937	0.0	0.0
-üwe	0.595803642122	0.223079968329	0.0950118764846	0.0861045130641
-avü	0.661417322835	0.251968503937	0.0314960629921	0.0551181102362
-sin	0.0110657357397	0.98893426426	0.0	0.0
-kiu	0.0476689043543	0.840311809888	0.0168398455028	0.0951794402554
-üwa	0.603470050995	0.193749462599	0.0355071532892	0.167273333117
-sia	0.200927344566	0.579481000839	0.188081330834	0.0315103237615
-úko	0.099496855346	0.046750524109	0.0200419287212	0.833710691824
-haü	0.250483766932	0.551709309826	0.109653837884	0.088153085358
-sie	0.515112076817	0.087593380669	0.0167721234305	0.380522419084
-nau	0.082769678045	0.805141684384	0.00811909648398	0.103969541087
-mou	0.200900690139	0.625394783016	0.0994268335477	0.0742776932974
-mos	0.0	0.986316989738	0.0136830102622	0.0
-mor	0.0	0.957446808511	0.0425531914894	0.0
-süe	0.595693779904	0.27033492823	0.0191387559809	0.114832535885
-gog	0.0311535856724	0.953946873354	0.00812702234931	0.00677251862443
-moe	0.127889060092	0.590138674885	0.0508474576271	0.231124807396
-lki	0.0	1.0	0.0	0.0
-lko	0.0121986639559	0.946325878594	0.0156839965147	0.0257914609352
-mon	0.0050629027309	0.994476833384	0.0	0.000460263884625
-lka	0.0359281437126	0.964071856287	0.0	0.0
-gou	0.0961113612907	0.0705871078647	0.00914215542852	0.824159375416
-sue	0.123635318904	0.802815552576	0.00172380769967	0.0718253208198
-yau	0.454314074828	0.440061084245	0.0139984728939	0.0916263680325
-ami	0.102720710716	0.82731815658	0.0449750138812	0.0249861188229
-ber	0.0	1.0	0.0	0.0
-bet	0.0	0.988059701493	0.0	0.0119402985075
-beu	0.0230769230769	0.853846153846	0.123076923077	0.0
-eon	0.0745658835547	0.903983656793	0.0	0.0214504596527
-bei	0.0914144319907	0.0334822876968	0.0721988865193	0.802904393793
-ben	0.0	1.0	0.0	0.0
-bel	0.0113504514958	0.936437471624	0.0522120768804	0.0
-bed	0.243902439024	0.756097560976	0.0	0.0
-iso	0.0731045490822	0.818196328811	0.0244213886672	0.0842777334397
-evu	0.0213903743316	0.957219251337	0.0106951871658	0.0106951871658
-rei	0.0869502773096	0.0909496893905	0.0262387016897	0.79586133161
-isi	0.332943936018	0.114988957503	0.00943957188368	0.542627534596
-ish	0.0	0.96	0.04	0.0
-ise	0.101169993118	0.639137416839	0.155081440697	0.104611149346
-red	0.0	1.0	0.0	0.0
-rez	0.0	1.0	0.0	0.0
-eva	0.0560844729098	0.864289423576	0.0546996711095	0.0249264324044
-aze	0.470508779829	0.290859972985	0.204862674471	0.033768572715
-ijü	0.0330084848214	0.790502758161	0.0754870980681	0.10100165895
-fhü	0.429948757675	0.314792632641	0.0418152925653	0.213443317119
-isu	0.00397448703188	0.932082186407	0.00268313745473	0.0612601891069
-evo	0.101607000657	0.758123120706	0.0597457866819	0.0805240919554
-evi	0.101262295788	0.312403496007	0.390948267141	0.195385941064
-ret	0.0305663769853	0.967635600839	0.00179802217561	0.0
-reu	0.158761073066	0.723927247597	0.0998303700446	0.017481309292
-hab	0.0307692307692	0.969230769231	0.0	0.0
-hae	0.174757281553	0.65304036791	0.117015840572	0.0551865099642
-siü	0.469153515065	0.427546628407	0.00860832137732	0.0946915351507
-hai	0.181644404038	0.102454717113	0.0335687810336	0.682332097816
-mas	0.0666666666667	0.933333333333	0.0	0.0
-ünu	0.144782300122	0.177115405748	0.0161130526138	0.661989241517
-ham	0.000568074228365	0.967335731869	0.0315281196743	0.000568074228368
-han	0.00852900916078	0.973623249447	0.0126355691271	0.00521217226492
-mai	0.16049382716	0.83950617284	0.0	0.0
-coe	0.58758650519	0.350562283737	0.0	0.0618512110727
-har	0.0827790096082	0.870657797487	0.0465631929046	0.0
-uoü	0.572043192352	0.254030524511	0.0616408680663	0.11228541507
-hat	0.0	1.0	0.0	0.0
-hau	0.125288011116	0.261265391787	0.0405944696791	0.572852127418
-man	0.0504201680672	0.848739495798	0.100840336134	0.0
-üna	0.0410832638371	0.847166747136	0.022824035465	0.0889259535619
-haz	0.0	1.0	0.0	0.0
-mae	0.140995260664	0.71682464455	0.042654028436	0.0995260663506
-avu	0.266929741786	0.192725401047	0.0525006433903	0.487844213777
-kiü	0.20253164557	0.701071080818	0.00876338851022	0.0876338851022
-une	0.0276705276705	0.944658944659	0.00482625482626	0.0228442728443
-una	0.0022014309301	0.691249312053	0.304347826087	0.0022014309301
-unu	0.0250764916104	0.0124467552222	0.00169996834722	0.96077678482
-nko	0.0131262305841	0.960621308248	0.0262524611683	0.0
-rhü	0.260368264369	0.475924204955	0.162584466111	0.101123064564
-hoü	0.638167938931	0.141984732824	0.00458015267175	0.215267175572
-üro	0.105944751398	0.0439032293255	0.0166016517655	0.83355036751
-ade	0.39375	0.1796875	0.309375	0.1171875
-tra	0.0	1.0	0.0	0.0
-oue	0.153234554749	0.696046907919	0.0688115606886	0.0819069766435
-ada	0.445076835515	0.498577120091	0.0290267501423	0.0273192942515
-üre	0.308339546278	0.617531153477	0.0453722441155	0.0287570561295
-ejü	0.323356543875	0.212713387242	0.148341569332	0.315588499551
-üra	0.204125368336	0.482989552639	0.163943209215	0.14894186981
-dko	0.12962962963	0.759259259259	0.111111111111	0.0
-gai	0.0	1.0	0.0	0.0
-adi	0.0194773966015	0.907823020199	0.0399166399487	0.032782943251
-zoü	0.530762920427	0.175553732568	0.150943396226	0.142739950779
-pfü	0.0752143899	0.800923851572	0.0498017240687	0.0740600344587
-gau	0.0546630968317	0.89848282017	0.0234270414993	0.0234270414993
-gat	0.0	1.0	0.0	0.0
-gar	0.0923076923077	0.784615384615	0.0923076923077	0.0307692307692
-aat	0.0	1.0	0.0	0.0
-rli	0.0130718954248	0.908496732026	0.0653594771241	0.0130718954248
-oui	0.624297899518	0.157219771627	0.126351226326	0.0921311025291
-nyü	0.180576141001	0.0597224048391	0.0239597920872	0.735741662073
-ohu	0.0362449347141	0.83768572715	0.107158937416	0.0189104007204
-erü	0.272045036624	0.457928096306	0.131075541724	0.138951325347
-sei	0.219456108778	0.301339732054	0.0417916416717	0.437412517497
-seh	0.0	1.0	0.0	0.0
-sef	0.0416704248219	0.956164877785	0.00216469739334	0.0
-sea	0.0495867768595	0.851239669421	0.0	0.099173553719
-hie	0.139082756445	0.219025721481	0.0894722529026	0.552419269172
-oha	0.315218147658	0.413401990119	0.0347922900285	0.236587572194
-seu	0.0769080562374	0.327242802946	0.571580004463	0.0242691363535
-ses	0.0	0.679245283019	0.11320754717	0.207547169811
-ohi	0.570619869799	0.352391735069	0.026040192471	0.0509482026606
-iae	0.145776279756	0.673267326733	0.0886875921635	0.0922688013482
-lat	0.0160524259003	0.911801839716	0.0432874406301	0.0288582937534
-eda	0.466778418406	0.366883415919	0.0309466354744	0.135391530201
-kus	0.166666666667	0.833333333333	0.0	0.0
-zhü	0.449472976998	0.276740979644	0.091770650111	0.182015393247
-ede	0.493736968855	0.242536891274	0.107707973041	0.156018166831
-rsi	0.0	1.0	0.0	0.0
-üse	0.478662310206	0.137190082645	0.0288807739125	0.355266833237
-iah	0.0437956204379	0.934306569343	0.0	0.021897810219
-nen	0.0223313979455	0.88521661456	0.0924519874944	0.0
-nok	0.0	1.0	0.0	0.0
-nei	0.337041213861	0.370527475907	0.163807796801	0.12862351343
-kuo	0.103173970046	0.617276649764	0.156260188544	0.123289191645
-kum	0.0	0.802919708029	0.021897810219	0.175182481752
-tsi	0.63197586727	0.131221719457	0.182503770739	0.054298642534
-rha	0.250515039143	0.646202444719	0.06867188573	0.0346106304079
-eka	0.356512955667	0.548967984514	0.050673716481	0.0438453433381
-üsi	0.228675136116	0.542649727768	0.02722323049	0.201451905626
-rhe	0.415991439291	0.294864455444	0.220711278646	0.0684328266193
-ouu	0.0904633775522	0.805746050881	0.056828078373	0.0469624931936
-eke	0.341782944905	0.396952991774	0.0332210770172	0.228042986304
-rhi	0.146794570536	0.669090205402	0.0861139523955	0.0980012716667
-eki	0.202240423994	0.462147675259	0.0465851602024	0.289026740544
-bae	0.310975609756	0.530487804878	0.0487804878049	0.109756097561
-bab	0.0	1.0	0.0	0.0
-rho	0.598220128255	0.173014003403	0.103651354535	0.125114513807
-hor	0.347644246345	0.417025830331	0.147363460538	0.087966462786
-üdi	0.232916464124	0.0448539484732	0.00888731765041	0.713342269752
-upu	0.19649122807	0.214035087719	0.0105263157895	0.578947368421
-rhu	0.219665370014	0.520269953602	0.144490790645	0.115573885738
-eku	0.0153836762103	0.0654416702278	0.911482815457	0.00769183810511
-hou	0.196621795535	0.629470388947	0.0551760098854	0.118731805632
-üda	0.0317908306048	0.947422247239	0.00905364801763	0.0117332741384
-bau	0.247379268179	0.407117377203	0.0281164337802	0.317386920837
-bas	0.00175746924429	0.980667838313	0.0105448154657	0.00702987697715
-job	0.0402684563758	0.959731543624	0.0	0.0
-ase	0.419410342262	0.449916294643	0.0762648809524	0.0544084821429
-nya	0.429951474842	0.441737138769	0.0450173156749	0.083294070714
-peu	0.494233937397	0.481054365733	0.0247116968698	0.0
-pfe	0.67362924282	0.208877284595	0.00783289817232	0.109660574413
-nyi	0.26356175481	0.391075046004	0.117797270079	0.227565929107
-nyo	0.113667117727	0.80353831504	0.0729714829849	0.00982308424798
-asi	0.0828732344397	0.770144570833	0.109425929622	0.0375562651056
-oru	0.0701749817727	0.655140089574	0.258644932819	0.0160399958338
-ürü	0.357852882704	0.502982107356	0.0914512922465	0.0477137176938
-dra	0.015625	0.9296875	0.0234375	0.03125
-mbe	0.201372997712	0.343249427918	0.356979405034	0.0983981693363
-pfu	0.118763738094	0.650269766203	0.0804719243323	0.150494571371
-zou	0.114401133116	0.181885230101	0.27426938324	0.429444253543
-lta	0.0392156862745	0.941176470588	0.0	0.0196078431373
-zor	0.0	1.0	0.0	0.0
-ümo	0.321187584345	0.42375168691	0.109311740891	0.145748987854
-rat	0.0	1.0	0.0	0.0
-rau	0.323026724674	0.287290242387	0.27688004972	0.112802983219
-eru	0.330434336438	0.317222093948	0.115292849996	0.237050719618
-ran	0.115384615385	0.884615384615	0.0	0.0
-eri	0.397827308485	0.571829930699	0.0	0.0303427608166
-iwa	0.698071599583	0.17319915608	0.0493756005676	0.0793536437693
-ram	0.0	1.0	0.0	0.0
-rak	0.0	1.0	0.0	0.0
-iwe	0.540145985402	0.229927007299	0.193430656934	0.036496350365
-ero	0.471074380165	0.235537190083	0.206611570248	0.0867768595042
-era	0.124952669443	0.769405528209	0.074971601666	0.0306702006816
-rae	0.121951219512	0.780487804878	0.0487804878049	0.0487804878049
-ere	0.221955484014	0.374139653641	0.26805339698	0.135851465364
-use	0.427768294493	0.265251595666	0.163370194449	0.143609915393
-oze	0.202846975089	0.491103202847	0.0213523131673	0.284697508897
-pou	0.353623188406	0.605797101449	0.0405797101449	0.0
-zho	0.148677623409	0.533777359516	0.133353384042	0.184191633033
-zha	0.228010276461	0.513058220897	0.13709961564	0.121831887003
-iaü	0.452344931921	0.393343419062	0.0726172465961	0.0816944024206
-aza	0.258110014104	0.372355430183	0.263751763047	0.105782792666
-lae	0.219298245614	0.701754385965	0.00877192982456	0.0701754385965
-ike	0.425531914894	0.489361702128	0.0851063829787	0.0
-ika	0.0320280138361	0.953879660076	0.00256224110689	0.011530084981
-iko	0.0789608530965	0.784567461378	0.0885843068463	0.0478873786794
-lam	0.0597014925373	0.850746268657	0.0597014925373	0.0298507462687
-nor	0.0	1.0	0.0	0.0
-nos	0.0454545454545	0.954545454545	0.0	0.0
-nou	0.152646554755	0.411766860022	0.0251893273569	0.410397257866
-iki	0.179620265771	0.581368896712	0.0298763546897	0.209134482828
-lak	0.0	1.0	0.0	0.0
-aam	0.0493827160494	0.950617283951	0.0	0.0
-lau	0.0181542668084	0.590232263467	0.331445042588	0.0601684271366
-fos	0.0	1.0	0.0	0.0
-non	0.0	1.0	0.0	0.0
-uzo	0.247619047619	0.495238095238	0.0761904761905	0.180952380952
-noe	0.293624941833	0.158678455095	0.0577012563983	0.489995346673
-hrü	0.396896069202	0.424203875673	0.0307848874189	0.148115167706
-gei	0.0386254781553	0.237378081534	0.0310319319987	0.692964508312
-ahi	0.0329784772044	0.836843323305	0.098935431613	0.0312427678778
-aha	0.194642513008	0.235883599923	0.035845056851	0.533628830218
-üva	0.0114503816794	0.937022900763	0.0515267175572	0.0
-bou	0.15497583115	0.681111775173	0.114139134037	0.0497732596395
-bvü	0.233704292528	0.601748807631	0.0739268680445	0.0906200317966
-üve	0.4096024006	0.403975993999	0.0817704426107	0.104651162791
-aka	0.0560960463672	0.906851583523	0.017180707928	0.0198716621817
-üvi	0.110701107011	0.214022140221	0.630996309963	0.0442804428044
-ger	0.0754716981132	0.924528301887	0.0	0.0
-dom	0.00628930817609	0.993710691824	0.0	0.0
-dok	0.0	1.0	0.0	0.0
-üvo	0.412371134021	0.162371134021	0.367268041237	0.0579896907217
-ahu	0.0	0.969914040115	0.0300859598854	0.0
-sar	0.0630063006301	0.914491449145	0.019801980198	0.002700270027
-vor	0.746759889915	0.0262705682648	0.00205944563285	0.224910096187
-toe	0.114285714286	0.771428571429	0.0	0.114285714286
-mia	0.131639184868	0.484870893679	0.0937599003693	0.289730021084
-sau	0.0547938383776	0.462355886058	0.394069006622	0.0887812689419
-mpa	0.0371747211895	0.872366790583	0.090458488228	0.0
-lfa	0.0	1.0	0.0	0.0
-don	0.0017094017094	0.998290598291	0.0	0.0
-ibo	0.0324192894773	0.858165608537	0.086451438606	0.0229636633797
-tor	0.00318115381309	0.989209870175	0.00232138251225	0.00528759350013
-saf	0.0	0.857142857143	0.0	0.142857142857
-sae	0.0696629213483	0.930337078652	0.0	0.0
-olo	0.0234978180598	0.925590242811	0.0438625937115	0.00704934541794
-sak	0.0	0.996577946768	0.00342205323194	0.0
-ibe	0.0839160839161	0.916083916084	0.0	0.0
-iba	0.119895353317	0.827485996325	0.0142822050973	0.0383364452611
-sam	0.0	1.0	0.0	0.0
-ngu	0.678406835146	0.124885365033	0.0265256608198	0.170182139001
-iei	0.170770593446	0.253734868615	0.149985237674	0.425509300266
-rou	0.215322901472	0.591101975865	0.00842063386819	0.185154488795
-iel	0.00462368353454	0.986128949396	0.00616491137941	0.0030824556897
-ucü	0.556355724442	0.305681539593	0.0505638636921	0.0873988722726
-loe	0.133333333333	0.822222222222	0.0	0.0444444444444
-der	0.0	1.0	0.0	0.0
-rod	0.02160442137	0.936694021102	0.0401942723162	0.00150728521186
-oca	0.432321531203	0.187083149552	0.0300733790449	0.350521940201
-roa	0.0103211009174	0.989678899083	0.0	0.0
-ava	0.793103448276	0.137931034483	0.0689655172414	0.0
-rom	0.0	0.986956521739	0.0	0.0130434782609
-oco	0.163636363636	0.568181818182	0.209090909091	0.0590909090909
-ier	0.309565217391	0.436720496894	0.0313043478261	0.222409937888
-ieu	0.144772711062	0.620125343967	0.150880571947	0.0842213730238
-ayo	0.256811989101	0.582084468665	0.100817438692	0.0602861035422
-deu	0.12382739212	0.87617260788	0.0	0.0
-e-e	0.302119252874	0.517744252874	0.0680675287356	0.112068965517
-ipi	0.00949367088609	0.977848101266	0.0	0.0126582278481
-mau	0.273708558211	0.576715497301	0.0616808018504	0.0878951426369
-ipa	0.0	1.0	0.0	0.0
-ipe	0.13201320132	0.848184818482	0.019801980198	0.0
-züu	0.204112718964	0.632901751714	0.0761614623	0.0868240670221
-ewe	0.205327852328	0.0869245907613	0.102860675735	0.604886881176
-ewa	0.542519824602	0.279687866516	0.0637546375671	0.114037671315
-laü	0.116438356164	0.667808219178	0.0	0.215753424658
-ipt	0.00181983621474	0.989080982712	0.00181983621474	0.00727934485898
-ouü	0.652631578947	0.284210526316	0.0631578947368	0.0
-yüu	0.51729885909	0.222106978812	0.120573418284	0.140020743814
-tie	0.241486227394	0.497000415288	0.101547273234	0.159966084084
-awa	0.631270689928	0.150507928515	0.0448144600457	0.173406921511
-üvü	0.813333333333	0.133333333333	0.0266666666667	0.0266666666667
-awe	0.321541710665	0.356388595565	0.128035902851	0.194033790919
-rus	0.177092916283	0.796688132475	0.00413983440662	0.0220791168353
-nge	0.469827586207	0.504310344828	0.0147783251231	0.0110837438424
-stu	0.0	0.972665148064	0.0	0.0273348519362
-obi	0.0419580419581	0.944055944056	0.0	0.013986013986
-sta	0.00211264688419	0.994932409108	0.00191933279021	0.00103561121774
-ain	0.0211889346674	0.964685108888	0.0	0.014125956445
-ü-u	0.598591549296	0.380281690141	0.0	0.0211267605634
-puu	0.0245934315234	0.942986110807	0.00280405673907	0.02961640093
-oli	0.0500682749203	0.820209376422	0.0022758306782	0.127446517979
-ocü	0.4073818974	0.135101952432	0.0679688967871	0.389547253382
-uyo	0.422504733568	0.464430619421	0.0	0.113064647011
-eyi	0.5	0.321428571429	0.0535714285714	0.125
-tou	0.240621612641	0.178667334833	0.221960160578	0.358750891948
-ieü	0.152301617002	0.563185554867	0.179556693168	0.104956134963
-eyo	0.534203043987	0.350393042315	0.0953336678375	0.0200702458605
-eya	0.578397712957	0.227815883205	0.0920195127456	0.101766891093
-dou	0.140939597315	0.375838926174	0.161073825503	0.322147651007
-uca	0.603389830509	0.35593220339	0.0135593220339	0.0271186440678
-rta	0.556638527088	0.10003739567	0.0599126373495	0.283411439892
-üze	0.494804552202	0.133310763301	0.0453136800438	0.326571004453
-lei	0.180379746835	0.711121157324	0.0569620253165	0.0515370705244
-ide	0.191973969631	0.536334056399	0.13557483731	0.136117136659
-üza	0.651515151515	0.287878787879	0.0606060606061	0.0
-ion	0.0394366197183	0.875032010243	0.0153649167734	0.0701664532651
-esü	0.277559802557	0.325022149095	0.30110112644	0.0963169219086
-füu	0.0414878029972	0.904017685011	0.0375292393903	0.0169652726011
-muo	0.111842105263	0.861842105263	0.00657894736842	0.0197368421053
-sad	0.0	1.0	0.0	0.0
-üzi	0.438888888889	0.361111111111	0.0333333333333	0.166666666667
-leg	0.0	1.0	0.0	0.0
-jüe	0.132085855806	0.471656576775	0.0	0.396257567419
-hro	0.149423241544	0.207031283107	0.11009687508	0.53344860027
-ola	0.539118274822	0.400161919482	0.00551998233605	0.0551998233606
-ios	0.0	1.0	0.0	0.0
-ler	0.49795558528	0.212440875029	0.047009793016	0.242593746675
-oik	0.0	0.33918128655	0.66081871345	0.0
-leu	0.159582999198	0.727345629511	0.0277465918204	0.0853247794707
-iot	0.00814663951121	0.991853360489	0.0	0.0
-ifa	0.0	1.0	0.0	0.0
-füü	0.571428571429	0.0952380952381	0.238095238095	0.0952380952381
-ndu	0.0223048327138	0.977695167286	0.0	0.0
-ali	0.262920845844	0.681818181818	0.0332204689197	0.0220405034179
-nda	0.0	1.0	0.0	0.0
-ald	0.0196078431373	0.686274509804	0.294117647059	0.0
-ale	0.182212581345	0.278958785249	0.436442516269	0.102386117137
-vüu	0.10786717183	0.788722977491	0.0927122799198	0.01069757076
-gia	0.0	0.906542056075	0.0934579439252	0.0
-ala	0.197175167754	0.657610310794	0.0557458589461	0.0894686625061
-lon	0.018315018315	0.970695970696	0.010989010989	0.0
-rüi	0.558857142857	0.252571428571	0.113142857143	0.0754285714286
-uva	0.29745275267	0.584223500411	0.118323746919	0.0
-rüe	0.375939849624	0.624060150376	0.0	0.0
-njü	0.264441564694	0.122179843904	0.144167085559	0.469211505843
-üca	0.276169265033	0.674654788419	0.000534521158129	0.0486414253898
-yon	0.0338983050847	0.966101694915	0.0	0.0
-rüu	0.130997893905	0.819975171545	0.0194551327581	0.0295718017924
-yoe	0.203245232519	0.239712278354	0.504349280696	0.0526932084309
-rür	0.0625	0.770833333333	0.0208333333333	0.145833333333
-iok	0.0	0.996575342466	0.0	0.00342465753425
-cha	0.360917192275	0.433300090104	0.027231819385	0.178550898236
-ühe	0.421875	0.1328125	0.1171875	0.328125
-loi	0.0	0.970873786408	0.00970873786407	0.0194174757282
-ogu	0.0	1.0	0.0	0.0
-üha	0.188102719688	0.657167623795	0.0819157005092	0.0728139560083
-elu	0.450526315789	0.446315789474	0.0736842105263	0.0294736842105
-ruu	0.0179710144927	0.95768115942	0.015652173913	0.00869565217391
-rki	0.123076923077	0.876923076923	0.0	0.0
-iyo	0.408163265306	0.538598047915	0.0532386867791	0.0
-eli	0.341029606717	0.594343791427	0.00165709235528	0.0629695095007
-elo	0.502884543343	0.272645538323	0.136659923578	0.0878099947553
-per	0.0424028268551	0.893992932862	0.0636042402827	0.0
-rko	0.296510202831	0.358186776151	0.0672911943134	0.278011826705
-oga	0.0545454545455	0.945454545455	0.0	0.0
-koü	0.347197106691	0.206148282098	0.363471971067	0.0831826401446
-ühu	0.153846153846	0.538461538462	0.307692307692	0.0
-ela	0.257026402239	0.431621851807	0.172892079328	0.138459666626
-iya	0.507257758094	0.259083423452	0.0810999039574	0.152558914496
-ele	0.270719111593	0.609974401226	0.0222163909747	0.0970900962064
-whi	0.472508591065	0.310996563574	0.0567010309278	0.159793814433
-eja	0.49047750483	0.410157328181	0.0596191001932	0.0397460667954
-whe	0.341463414634	0.621951219512	0.0365853658537	0.0
-itu	0.172641509434	0.784905660377	0.0424528301887	0.0
-bba	0.075	0.856818181818	0.0	0.0681818181818
-ito	0.0	1.0	0.0	0.0
-esi	0.349314140712	0.501639018576	0.0865112834915	0.0625355572212
-uta	0.576528464637	0.236543703972	0.0710349062152	0.115892925176
-eso	0.19471406853	0.510349666706	0.138229446848	0.156706817916
-iti	0.0	1.0	0.0	0.0
-esa	0.0530513486871	0.455455557974	0.446442973641	0.0450501196984
-ite	0.297665792528	0.328388364508	0.130707449206	0.243238393757
-ese	0.291847483638	0.242283222733	0.0896247401177	0.376244553511
-ita	0.231667039727	0.140114713273	0.0455644282855	0.582653818715
-spa	0.0	1.0	0.0	0.0
-ezu	0.0	1.0	0.0	0.0
-fae	0.592727272727	0.407272727273	0.0	0.0
-ria	0.00529899433065	0.990427623145	0.0	0.00427338252471
-fan	0.0631834750911	0.929526123937	0.0	0.00729040097205
-eza	0.27083762091	0.556698909241	0.0263428689031	0.146120600947
-eta	0.49308861837	0.213538665229	0.0848534909604	0.208519225441
-uda	0.0390818858561	0.953473945409	0.0	0.00744416873448
-eze	0.319769243482	0.210066933851	0.142441019708	0.327722802958
-fat	0.0	1.0	0.0	0.0
-fau	0.0148462354189	0.940615058325	0.0445387062566	0.0
-ezi	0.123287671233	0.093607305936	0.0	0.783105022831
-bri	0.0126448893572	0.939936775553	0.0379346680716	0.00948366701791
-füe	0.0964864667332	0.781955319512	0.0320413184886	0.0895168952664
-udo	0.266701735928	0.59021567596	0.0157811678064	0.127301420305
-hum	0.0	1.0	0.0	0.0
-huo	0.122627185585	0.133043451203	0.147189269553	0.59714009366
-uoi	0.0654095278623	0.0540568866278	0.0443685717611	0.836165013749
-hue	0.652173913044	0.226086956522	0.121739130435	0.0
-uoe	0.113944635399	0.0637932007088	0.0103193453197	0.811942818572
-hua	0.0470588235294	0.952941176471	0.0	0.0
-ücü	0.292752113175	0.132462603295	0.0487399462702	0.52604533726
-rüü	0.112984555788	0.459766438805	0.383729028363	0.0435199770444
-üki	0.239197131353	0.0575602179026	0.0152906377892	0.687952012955
-aba	0.014147426498	0.962581082089	0.00645860774909	0.0168128836643
-uvü	0.809523809524	0.126984126984	0.0	0.0634920634921
-huu	0.220693902689	0.690002052967	0.0256620817081	0.063641962636
-uou	0.0799097082968	0.837610111792	0.0343011475594	0.0481790323519
-lot	0.0	1.0	0.0	0.0
-koe	0.170774729821	0.182347100277	0.0333271419634	0.613551027939
-lou	0.102198652083	0.815158546017	0.0322616285493	0.050381173351
-tue	0.263513513514	0.361486486486	0.35472972973	0.0202702702703
-kob	0.0	0.997968626566	0.000677124478049	0.0013542489561
-sou	0.29058800934	0.294964974173	0.117713061146	0.296733955341
-kon	0.270491803279	0.66393442623	0.0655737704918	0.0
-sop	0.0	0.89247311828	0.10752688172	0.0
-sos	0.0322580645161	0.94623655914	0.0	0.0215053763441
-aen	0.0	0.960784313725	0.0392156862745	0.0
-kou	0.155548475472	0.754074979752	0.069852787596	0.0205237571803
-tur	0.0	1.0	0.0	0.0
-ori	0.150943396226	0.566037735849	0.264150943396	0.0188679245283
-chü	0.324968134286	0.13111880855	0.0384769185144	0.505436138649
-oro	0.154831867792	0.0874464230481	0.0710529804251	0.686668728735
-kos	0.0754716981132	0.924528301887	0.0	0.0
-ado	0.391509433962	0.346698113208	0.0	0.26179245283
-ora	0.274804871837	0.474771913529	0.0364938352984	0.213929379335
-ser	0.0143266475645	0.0286532951289	0.0	0.957020057307
-ore	0.0425531914894	0.659574468085	0.297872340426	0.0
-kre	0.45014137606	0.437888784166	0.0633364750235	0.0486333647502
-kra	0.166407106822	0.0974007457776	0.677593770564	0.058598376837
-rur	0.182926829268	0.506097560976	0.310975609756	0.0
-tri	0.059405940594	0.821782178218	0.0	0.118811881188
-icu	0.116726835138	0.6293622142	0.113116726835	0.140794223827
-lip	0.0	0.996872556685	0.0	0.00312744331509
-omu	0.34922744642	0.197208838677	0.0598105997674	0.393753115136
-kri	0.169120740429	0.0652082456879	0.0176693310896	0.748001682793
-lil	0.000679347826089	0.999320652174	0.0	0.0
-mek	0.0	1.0	0.0	0.0
-omi	0.0	1.0	0.0	0.0
-kru	0.156303046397	0.708368767626	0.0560674153527	0.0792607706244
-omo	0.880681818182	0.0852272727273	0.0	0.0340909090909
-ruo	0.298637002628	0.463602469287	0.182140455962	0.0556200721227
-lie	0.554666894964	0.211969236505	0.0580294586168	0.175334409914
-oma	0.0160085378869	0.563729227016	0.342125323982	0.0781369111145
-yho	0.12762193581	0.716957290877	0.0833965125094	0.0720242608036
-lin	0.0387096774194	0.937634408602	0.0	0.0236559139785
-rnu	0.621951219512	0.275609756098	0.0365853658536	0.0658536585366
-üge	0.369418132612	0.217591339648	0.125033829499	0.287956698241
-odu	0.0	0.947376222947	0.0348354580492	0.0177883190038
-mha	0.197523105123	0.40922192053	0.0101497122031	0.383105262144
-dza	0.302551567903	0.419935614642	0.214915941338	0.0625968761178
-abi	0.0837628116384	0.836662517305	0.0125644217458	0.0670102493107
-lis	0.0	1.0	0.0	0.0
-oda	0.0116822429907	0.904205607477	0.0724299065421	0.0116822429907
-ügu	0.63567493113	0.234159779614	0.0206611570248	0.109504132231
-ode	0.298245614035	0.622807017544	0.0614035087719	0.0175438596491
-rna	0.0	1.0	0.0	0.0
-odi	0.00632314604249	0.51727771923	0.455599312219	0.0207998225082
-izo	0.260061919505	0.312693498452	0.157894736842	0.269349845201
-rni	0.0	1.0	0.0	0.0
-zer	0.0	1.0	0.0	0.0
-eho	0.707229117746	0.115062059712	0.00427708822543	0.173431734317
-zeu	0.0677413895235	0.895235677414	0.010747228569	0.0262757044935
-uki	0.0960971665185	0.520778603809	0.0766248459344	0.306499383738
-ura	0.143749070908	0.807194886279	0.00445964025568	0.0445964025568
-hng	0.109090909091	0.818181818182	0.0363636363636	0.0363636363636
-ehe	0.270628473707	0.546387345019	0.129970072681	0.0530141085934
-rga	0.0	0.986754966887	0.0	0.0132450331126
-eha	0.112886859462	0.578893962456	0.0190258751902	0.289193302892
-ovü	0.686746987952	0.301204819277	0.0	0.0120481927711
-zei	0.0506749652162	0.83700147632	0.0785997259779	0.0337238324854
-uru	0.249695493301	0.0560292326431	0.16443361754	0.529841656516
-mvü	0.253890184078	0.417378073469	0.0773561665438	0.251375575909
-wau	0.503252058231	0.335979594342	0.0782894721182	0.0824788753085
-ülu	0.914507772021	0.0291450777202	0.0563471502591	0.0
-ape	0.158430232558	0.841569767442	0.0	0.0
-api	0.223381490843	0.730233281551	0.0122066388439	0.0341785887628
-pae	0.0655737704918	0.901639344262	0.0	0.0327868852459
-kom	0.0	0.915254237288	0.0	0.0847457627119
-paz	0.0	0.928571428571	0.0714285714286	0.0
-üwi	0.398773006135	0.384502534009	0.182048546279	0.0346759135769
-üle	0.174100719424	0.543884892086	0.277697841727	0.00431654676259
-apu	0.310554756714	0.535507212765	0.0069866413099	0.146951389211
-efü	0.0927666530445	0.882713526768	0.024519820188	0.0
-par	0.338942938217	0.0692169206191	0.0170493835992	0.574790757565
-pas	0.05112910098	0.94887089902	0.0	0.0
-ist	0.0	1.0	0.0	0.0
-duo	0.135294117647	0.196078431373	0.63137254902	0.0372549019608
-nuo	0.153892630348	0.681551466451	0.0337422591898	0.130813644012
-icü	0.328041567034	0.143950426398	0.0722149308115	0.455793075757
-ini	0.0208333333333	0.979166666667	0.0	0.0
-orü	0.184210526316	0.736842105263	0.0526315789474	0.0263157894737
-kem	0.0	1.0	0.0	0.0
-usü	0.162833097155	0.0957125082086	0.0375436352953	0.703910759341
-sur	0.506036745407	0.157655293088	0.0339457567804	0.302362204724
-yhü	0.14524488385	0.775680157608	0.0420678779444	0.0370070805977
-ari	0.142733113388	0.761590553916	0.0894252474388	0.00625108525786
-suo	0.215145677983	0.30493545056	0.214225924461	0.265692946997
-keu	0.124481327801	0.788381742739	0.0622406639004	0.0248962655601
-ker	0.119704503954	0.196936884394	0.00280192597032	0.680556685681
-sek	0.0	1.0	0.0	0.0
-krü	0.355023106069	0.373398453755	0.187038699928	0.0845397402484
-tuo	0.446936515007	0.182789509784	0.055671906705	0.314602068505
-nus	0.0	1.0	0.0	0.0
-lel	0.0	1.0	0.0	0.0
-die	0.201159963582	0.393556009929	0.0212996729844	0.383984353504
-üpe	0.443137254902	0.321568627451	0.223529411765	0.0117647058824
-dia	0.00971469820346	0.592758502048	0.00944484547558	0.388081954273
-lio	0.0247763248452	0.958706125258	0.0	0.0165175498968
-ino	0.0	1.0	0.0	0.0
-sor	0.0	1.0	0.0	0.0
-diu	0.0224894844751	0.940267591046	0.0153452685422	0.0218976559363
-üpu	0.199683042789	0.600633914422	0.0	0.199683042789
-son	0.0251572327044	0.96855345912	0.00628930817609	0.0
-ina	0.0139516343343	0.92559128355	0.0	0.0604570821153
-ane	0.0	1.0	0.0	0.0
-tse	0.263429044674	0.0348678197264	0.00290924676171	0.698793888838
-lem	0.000289477493125	0.999710522507	0.0	0.0
-sli	0.0	1.0	0.0	0.0
-tuu	0.131199382954	0.820208252989	0.0194369456228	0.0291554184343
-ska	0.00260416666667	0.9921875	0.00260416666667	0.00260416666667
-pue	0.288503253796	0.529284164859	0.136659436009	0.0455531453362
-ars	0.0	1.0	0.0	0.0
-thu	0.473582349526	0.270950261273	0.0226437004064	0.232823688794
-ova	0.564102564103	0.307692307692	0.0	0.128205128205
-uka	0.243243243243	0.675675675676	0.0810810810811	0.0
-urü	0.151898734177	0.817721518987	0.0	0.0303797468355
-o-u	0.107794835372	0.666554960142	0.124270813313	0.101379391173
-uke	0.568376068376	0.373931623932	0.0448717948718	0.0128205128205
-doe	0.604395604396	0.263736263736	0.0659340659341	0.0659340659341
-nna	0.0165745856354	0.950276243094	0.00828729281768	0.024861878453
-uko	0.0355895660172	0.107251909555	0.00522766697192	0.851930857456
-vai	0.223048327138	0.486988847584	0.267657992565	0.0223048327138
-efa	0.00325027085591	0.990249187432	0.0	0.00650054171181
-kko	0.121212121212	0.787878787879	0.030303030303	0.0606060606061
-waü	0.659459459459	0.243243243243	0.0648648648649	0.0324324324324
-duü	0.222054380665	0.465256797583	0.0453172205438	0.267371601208
-aiz	0.352421052632	0.604631578947	0.0353684210526	0.00757894736842
-nga	0.218609569125	0.372984403912	0.352894528152	0.0555114988105
-üyo	0.268592693597	0.278450088063	0.136782001023	0.316175217317
-üyi	0.417818740399	0.439324116743	0.124423963134	0.0184331797235
-aim	0.0	1.0	0.0	0.0
-tin	0.0	0.954198473282	0.0458015267176	0.0
-tio	0.0	1.0	0.0	0.0
-üya	0.678363144079	0.162461786647	0.0462887121302	0.112886357144
-ngo	0.570210831392	0.168608285503	0.224924703074	0.0362561800307
-uwe	0.452560349379	0.123674233335	0.107021164275	0.316744253011
-jau	0.475609756097	0.463414634146	0.0	0.0609756097561
-ema	0.013986013986	0.968531468531	0.013986013986	0.0034965034965
-uwa	0.748496240601	0.16522556391	0.0360902255639	0.0501879699248
-emo	0.226925638445	0.215566046693	0.153819654842	0.40368866002
-acü	0.491364099307	0.291385982909	0.108291647728	0.108958270055
-emi	0.233183856502	0.726457399103	0.0224215246637	0.0179372197309
-emu	0.224158278897	0.31016078959	0.101029083447	0.364651848065
-übo	0.221291866029	0.339114832536	0.439593301435	0.0
-übi	0.355123674912	0.427561837456	0.0848056537103	0.132508833922
-osü	0.39052496799	0.417413572343	0.0883482714468	0.10371318822
-jal	0.0226724553787	0.90641582248	0.0651230101303	0.00578871201157
-das	0.0040899795501	0.981595092025	0.00204498977505	0.0122699386503
-üba	0.611973392461	0.133037694013	0.0975609756098	0.157427937916
-hüu	0.360438748974	0.417670433871	0.0587536333907	0.163137183764
-zae	0.194174757281	0.514563106796	0.0194174757281	0.271844660194
-shü	0.498044505494	0.218629375385	0.0354266738301	0.247899445291
-üko	0.147007687902	0.280809120897	0.0602727271288	0.511910464073
-ana	0.0134798534799	0.968937728938	0.00703296703297	0.0105494505495
-int	0.0	1.0	0.0	0.0
-ron	0.00815771583956	0.983684568321	0.00815771583958	0.0
-üka	0.296296296296	0.462962962963	0.222222222222	0.0185185185185
-dan	0.0015479876161	0.998452012384	0.0	0.0
