omo-	0.60363966913	0.229099848019	0.0397328983753	0.127527584476
bɔl-	0.821315192744	0.10612244898	0.0671201814059	0.00544217687076
fig-	0.0	1.0	0.0	0.0
ngy-	0.453697552158	0.0640899216391	0.0342621781167	0.447950348087
ahʋ-	0.131603004889	0.550975793951	0.271075956914	0.0463452442466
lɛf-	0.38021454112	0.276519666269	0.23599523242	0.107270560191
gyu-	0.202486976979	0.693664930264	0.0144513527138	0.0893967400437
mfá-	0.295454545455	0.704545454545	0.0	0.0
tɩ́-	0.533502479362	0.292536272622	0.0980663898129	0.075894858203
dɔs-	0.00461751577651	0.305063875635	0.41095890411	0.279359704479
amʋ-	0.0550729071043	0.022998553777	0.00347422242561	0.918454316693
faw-	0.628674390327	0.104462039159	0.0792163440896	0.187647226425
der-	0.0131004366812	0.986899563319	0.0	0.0
neg-	0.383136384825	0.161106608391	0.0701164625823	0.385640544203
amú-	0.310880829016	0.0518134715026	0.616580310881	0.020725388601
tib-	0.00980392156863	0.985294117647	0.00490196078431	0.0
bay-	0.72541379727	0.190225927268	0.0101486045669	0.0742116708953
paf-	0.0322580645161	0.956989247312	0.010752688172	0.0
ála-	0.386759581882	0.250871080139	0.209059233449	0.15331010453
gyɔ-	0.0259615753346	0.488936610806	0.443916094643	0.0411857192162
abr-	0.0627193575715	0.869221952487	0.0429994233521	0.0250592665893
onu-	0.186599385479	0.0860168549114	0.315058122059	0.412325637551
her-	0.0142900446023	0.922595591738	0.0481747715758	0.0149395920842
ate-	0.0	1.0	0.0	0.0
naw-	0.531509376606	0.100533581164	0.0359957976095	0.331961244621
eno-	0.019801980198	0.980198019802	0.0	0.0
ŋái-	0.0984479962937	0.359200061771	0.201528839472	0.340823102463
ɩba-	0.365132412224	0.496876447772	0.0733603987425	0.064630741262
dor-	0.0218181818182	0.978181818182	0.0	0.0
ɔla-	0.135615111398	0.354698094931	0.401840490798	0.107846302874
pat-	0.0452261306533	0.954773869347	0.0	0.0
lál-	0.377483443709	0.139072847682	0.298013245033	0.185430463576
hʋ́-	0.20906499954	0.415831571205	0.114737519537	0.260365909718
tsɔ-	0.0387323265147	0.100080407679	0.775976147474	0.0852111183324
ité-	0.309582309582	0.176904176904	0.321867321867	0.191646191646
noy-	0.10843373494	0.361445783132	0.0	0.530120481928
lʋ́-	0.686331366863	0.256074392561	0.0	0.057594240576
lɛp-	0.473305338932	0.141571685663	0.327534493101	0.0575884823035
tɔm-	0.0	0.809523809524	0.190476190476	0.0
nɛh-	0.408087313824	0.489446541549	0.0154941023674	0.0869720422594
kid-	0.0454545454545	0.954545454545	0.0	0.0
tsé-	0.0500454959054	0.622383985441	0.109190172884	0.218380345769
bʋp-	0.551969630928	0.318226080183	0.100065844995	0.0297384438942
nai-	0.0742268041237	0.851546391753	0.0	0.0742268041237
amɔ-	0.456742034758	0.479753725116	0.0439644739339	0.0195397661929
néy-	0.433884297521	0.185515441496	0.026441702342	0.354158558641
asi-	0.0343147418619	0.312011887484	0.0292349160274	0.624438454627
mów-	0.705357142857	0.127380952381	0.0142857142857	0.152976190476
fay-	0.524752475247	0.283828382838	0.151815181518	0.039603960396
fʋb-	0.432367525355	0.158546277579	0.0783435174147	0.330742679652
tol-	0.754703473555	0.16411328427	0.0631425216918	0.0180407204834
hah-	0.295900178253	0.698752228164	0.00534759358288	0.0
mle-	0.568140420904	0.180187458762	0.060100804856	0.191571315478
mmu-	0.0584922010399	0.264514731369	0.0400779896014	0.63691507799
yɛf-	0.824719101124	0.121348314607	0.0269662921348	0.0269662921348
bʋn-	0.459823344704	0.247249644205	0.0771455034225	0.215781507669
mág-	0.342723004695	0.238849765258	0.230046948357	0.18838028169
mmɔ-	0.397162727686	0.273586903473	0.182506268898	0.146744099943
yɛ́-	0.577418798801	0.216280051718	0.0353461095974	0.170955039883
brɛ-	0.146550401099	0.152381544597	0.0102562888729	0.690811765431
oni-	0.0	0.84	0.16	0.0
daf-	0.712121212121	0.0681818181818	0.060606060606	0.159090909091
dod-	0.339366048681	0.0585061921536	0.0513271142094	0.550800644956
aki-	0.0660237261441	0.712854037279	0.179752456727	0.0413697798498
ole-	0.532611849273	0.169967858198	0.0449902363714	0.252430056159
ogb-	0.1248	0.5216	0.1488	0.2048
fɛ́-	0.0877975516061	0.0650621940275	0.0465659328022	0.800574321564
fɛh-	0.566018933732	0.337319382162	0.0109616342801	0.0857000498256
kíl-	0.143258426966	0.789325842697	0.0	0.0674157303371
gbl-	0.740914203805	0.187556615136	0.00427039886919	0.0672587821898
nún-	0.464788732394	0.154929577465	0.0211267605634	0.359154929577
apa-	0.129577318327	0.853742883843	0.00555993260997	0.0111198652199
ana-	0.0265993175529	0.389988984121	0.0149923426207	0.568419355705
mée-	0.551880455413	0.176835770427	0.162431613329	0.108852160831
fót-	0.517370892019	0.0657276995305	0.335211267606	0.0816901408451
mʋd-	0.406139731828	0.272053634439	0.177840508116	0.143966125617
nék-	0.903880082914	0.0961199170857	0.0	0.0
ɔbɩ-	0.161152328002	0.629891748227	0.0617011359813	0.147254787789
fɔt-	0.415831663327	0.352705410822	0.0240480961924	0.207414829659
tón-	0.32298136646	0.372670807453	0.155279503106	0.149068322981
mmé-	0.546446579837	0.161167897934	0.0318652851914	0.260520237038
mék-	0.55871886121	0.0533807829181	0.362989323844	0.0249110320284
opú-	0.48959560267	0.300745975658	0.110718492344	0.0989399293286
ból-	0.677681016136	0.212414896656	0.103331749766	0.00657233744097
mes-	0.28986332574	0.349658314351	0.0290432801822	0.331435079727
wóy-	0.0983089378776	0.81244583734	0.0223031446989	0.0669420800836
ɔmɔ-	0.405811641906	0.255529786212	0.110405934053	0.228252637829
adi-	0.0470219435737	0.909090909091	0.0438871473354	0.0
ami-	0.0	1.0	0.0	0.0
ɔlɛ-	0.502791706644	0.129879096262	0.0262642685253	0.341064928569
súa-	0.612	0.322	0.006	0.06
ágy-	0.0406155982411	0.959384401759	0.0	0.0
fʋá-	0.0796460176991	0.377581120944	0.365781710914	0.176991150443
gid-	0.137404580153	0.81679389313	0.0	0.0458015267176
kpi-	0.473915804994	0.470416330179	0.0527120489962	0.00295581583157
mpɩ-	0.103019813608	0.272987227988	0.0287318971945	0.59526106121
wan-	0.127290781096	0.43779657765	0.25350156955	0.181411071705
wúu-	0.547761724949	0.227521479779	0.0398128386144	0.184903956657
foh-	0.484098939929	0.243816254417	0.0600706713781	0.212014134276
lɔd-	0.634782608696	0.15652173913	0.130434782609	0.0782608695652
mat-	0.0518934081346	0.935483870968	0.00420757363254	0.00841514726509
bɛs-	0.731322823852	0.141344908994	0.0248920221504	0.102440245004
ɔfɔ-	0.240959730782	0.684259663113	0.0423756767928	0.0324049293121
bun-	0.256539492862	0.148369438232	0.104086696263	0.491004372643
ili-	0.0	1.0	0.0	0.0
nɔw-	0.708153180976	0.135200054904	0.0639969803034	0.0926497838171
ɩbɔ-	0.375741787781	0.276133926532	0.088438868436	0.259685417251
oyí-	0.148874904131	0.674595278452	0.036652377345	0.139877440071
lóy-	0.633999782148	0.272598464232	0.0322660603415	0.0611356932786
ɩma-	0.247673658658	0.115227810283	0.131138740197	0.505959790863
lók-	0.537837837838	0.222972972973	0.0648648648649	0.174324324324
ayɛ-	0.624772313297	0.237704918033	0.0336976320583	0.103825136612
afw-	0.340425531915	0.51367781155	0.0	0.145896656535
ɔbl-	0.175951859613	0.556552169592	0.20264133349	0.064854637305
hag-	0.227678571429	0.71875	0.0535714285714	0.0
ɩbá-	0.575104292563	0.140928855951	0.0239658743067	0.260000977179
ɩfl-	0.117945053269	0.80215668484	0.0684842244785	0.0114140374131
kpí-	0.044776119403	0.955223880597	0.0	0.0
ɩdá-	0.0923779882128	0.756638633203	0.0108602079332	0.140123170651
ale-	0.0021894613925	0.881769084805	0.111662531017	0.00437892278499
dɛl-	0.179640718563	0.784431137725	0.0359281437126	0.0
sid-	0.00213827512473	0.948681397006	0.0406272273699	0.00855310049892
ɔkp-	0.111811433852	0.429916461355	0.0423282533254	0.415943851468
tɛt-	0.399392381398	0.291189530264	0.232297265716	0.0771208226222
net-	0.360230547551	0.14265129683	0.050432276657	0.446685878962
adu-	0.0511724689824	0.200605042098	0.0248499399735	0.723372548946
fif-	0.0	0.202380952381	0.0	0.797619047619
dɛh-	0.113791459063	0.468013966312	0.387581602618	0.0306129720071
bɔm-	0.673359355482	0.14476140842	0.0769489075802	0.104930328518
afi-	0.50505050505	0.242424242424	0.131313131313	0.121212121212
pɔp-	0.0966880923848	0.0810001089443	0.743000326833	0.0793114718379
ɛ́s-	0.293036211699	0.207242339833	0.08356545961	0.416155988858
bɛɛ-	0.32555412964	0.0144401972038	0.00314099002269	0.656864683133
yúl-	0.693210821848	0.234813680449	0.0260336906585	0.0459418070444
fad-	0.680648236416	0.0991420400381	0.0800762631078	0.140133460438
nɛ́-	0.567881128307	0.174549764383	0.0637549384817	0.193814168828
fot-	0.579554847993	0.202767657594	0.0854177509721	0.132259743441
bep-	0.987725631769	0.012274368231	0.0	0.0
kni-	0.0540540540541	0.837837837838	0.0	0.108108108108
tia-	0.0168855534709	0.983114446529	0.0	0.0
bít-	0.363184079602	0.26368159204	0.0199004975124	0.353233830846
fíá-	0.302491103203	0.302491103203	0.0960854092526	0.298932384342
ɔnl-	0.268245396892	0.105260851945	0.335498428207	0.290995322957
ang-	0.753623188406	0.130434782609	0.0289855072464	0.0869565217391
lék-	0.777180176719	0.0895121014214	0.0311179408375	0.102189781022
bwí-	0.327831731336	0.393001336557	0.0891702309235	0.189996701183
sod-	0.00878403814782	0.87043543732	0.111996486385	0.00878403814781
anú-	0.0785935884177	0.557394002068	0.332988624612	0.0310237849017
obu-	0.175650147671	0.680339182762	0.0167329877518	0.127277681815
lig-	0.17800698719	0.778073531858	0.0129762102811	0.0309432706704
nka-	0.191017806162	0.541316486465	0.0108350436268	0.256830663747
amf-	0.0	1.0	0.0	0.0
osi-	0.316876316413	0.39154541449	0.215006660062	0.0765716090353
daw-	0.0363007778738	0.946413137424	0.00777873811581	0.009507346586
fʋs-	0.352916159671	0.265390022327	0.0308332053539	0.350860612648
lɛs-	0.294813695871	0.597935548842	0.0490936555891	0.0581570996979
lák-	0.578343868119	0.121811771432	0.102912683035	0.196931677413
nef-	0.058561070831	0.795036252091	0.117122141662	0.0292805354155
táa-	0.753623188406	0.0942028985507	0.0434782608696	0.108695652174
afú-	0.121925547562	0.451922520077	0.352833915917	0.0733180164435
mʋy-	0.537777777778	0.293333333333	0.0355555555556	0.133333333333
nny-	0.232142857143	0.0669642857143	0.419642857143	0.28125
tíi-	0.5536159601	0.159600997506	0.0635910224439	0.22319201995
tɔp-	0.468761143998	0.351151843663	0.0845160830183	0.0955709293203
nah-	0.365019190839	0.419527464922	0.130057257912	0.0853960863274
mét-	0.375757575758	0.284848484849	0.10303030303	0.236363636364
ɔtr-	0.228034990764	0.171313052617	0.279425267921	0.321226688698
ibí-	0.270222639958	0.499030723139	0.195735181813	0.0350114550902
feb-	0.153284671533	0.846715328467	0.0	0.0
lod-	0.515625	0.375	0.09375	0.015625
beb-	0.71963190184	0.191411042945	0.0263803680982	0.0625766871166
nof-	0.0247933884297	0.223140495868	0.752066115702	0.0
pʋl-	0.189405297351	0.660669665167	0.0899550224888	0.0599700149925
fʋa-	0.651416122004	0.209150326797	0.0348583877996	0.104575163399
wuk-	0.555555555556	0.0634920634921	0.31746031746	0.0634920634921
tio-	0.059585492228	0.914507772021	0.0103626943005	0.0155440414508
ɩsɩ-	0.0927291886196	0.746048472076	0.0600632244468	0.101159114858
elm-	0.0	1.0	0.0	0.0
kpé-	0.3125	0.621875	0.0375	0.028125
brɔ-	0.092803030303	0.85321969697	0.0340909090909	0.0198863636364
agr-	0.0	0.995489145757	0.00338314068227	0.00112771356075
bʋm-	0.41294930168	0.261199499245	0.0935839928099	0.232267206265
mɛh-	0.386345381526	0.100401606426	0.380722891566	0.132530120482
leg-	0.47499616113	0.226083840917	0.232891436761	0.0660285611916
bʋy-	0.614345067244	0.234613591659	0.0348018591324	0.116239481965
ɔtá-	0.217350395183	0.448155814829	0.334493789989	0.0
mɛɛ-	0.138909090909	0.0814545454545	0.0654545454545	0.714181818182
kok-	0.542291054229	0.254463325446	0.0346550034655	0.168590616859
isú-	0.784008999625	0.1745343944	0.0127078038415	0.0287488021333
bɛd-	0.436727794848	0.116190949649	0.0235571806348	0.423524074867
ofi-	0.195770177676	0.696556224602	0.0489425444191	0.0587310533029
pʋm-	0.264840182648	0.584474885845	0.109589041096	0.041095890411
nɛs-	0.704545454545	0.295454545454	0.0	0.0
mád-	0.447184986595	0.317962466488	0.19946380697	0.0353887399464
nsɩ-	0.128360543553	0.276419982403	0.0187701632613	0.576449310783
lón-	0.883578431373	0.0539215686274	0.00595238095238	0.0565476190476
baŋ-	0.481651376147	0.0825688073395	0.261467889908	0.174311926605
sek-	0.0	1.0	0.0	0.0
flo-	0.502262443439	0.280542986425	0.217194570136	0.0
yan-	0.0	0.946411929171	0.0186393289841	0.0349487418453
amɛ-	0.329979879276	0.0261569416499	0.0120724346076	0.631790744467
ɩkl-	0.197486535009	0.608158323243	0.101874660766	0.092480480982
ɩdɩ-	0.375434391851	0.21426003595	0.077171959257	0.333133612942
wʋ́-	0.294635196254	0.155359713799	0.0543897153993	0.495615374547
ɔmɛ-	0.313350128399	0.450831515824	0.11591012282	0.119908232957
bók-	0.498293515358	0.467576791809	0.0	0.0341296928328
ŋaí-	0.0700389105058	0.749362672749	0.172547967261	0.00805044948343
tɛf-	0.475230414747	0.291474654378	0.0777649769585	0.155529953917
kún-	0.509817922171	0.173152445555	0.0257051053195	0.291324526955
oki-	0.61123736986	0.161189766899	0.0294831239827	0.198089739259
nya-	0.0886213638222	0.752273451635	0.0770256447602	0.0820795397831
lów-	0.851879828326	0.0527381974249	0.00748497854077	0.0878969957082
ɩlá-	0.342683394866	0.303724310331	0.118747921179	0.234844373623
tɛp-	0.584615384615	0.276923076923	0.0307692307692	0.107692307692
kak-	0.345637583893	0.634228187919	0.0	0.0201342281879
mɛt-	0.219246706661	0.109716123446	0.538994371946	0.132042797947
ɔdɩ-	0.246023017484	0.499376103381	0.184361867069	0.070239012066
mmó-	0.373303167421	0.264705882353	0.146304675716	0.21568627451
sto-	0.130434782609	0.445652173913	0.423913043478	0.0
gog-	0.0	0.962962962963	0.037037037037	0.0
ɔsʋ-	0.0497064898121	0.683233077583	0.0841676070742	0.182892825531
nye-	0.0868273426137	0.610367754	0.26135466445	0.0414502389362
nɔt-	0.513383665065	0.29238160604	0.0356897735072	0.158544955388
fút-	0.0711111111111	0.482962962963	0.434074074074	0.0118518518519
mbé-	0.483343428225	0.516656571775	0.0	0.0
sau-	0.0314142838826	0.90216694448	0.00307731760482	0.0633414540326
pʋg-	0.628571428571	0.171428571429	0.114285714286	0.0857142857143
anh-	0.564857405704	0.264029438823	0.0607175712971	0.110395584177
ɛkɛ-	0.0705965643299	0.399720117856	0.0234783310065	0.506204986808
kɛk-	0.165733482643	0.171332586786	0.0589772303098	0.603956700261
bom-	0.248129942295	0.207736695875	0.0410344090617	0.503098952768
pɔ́-	0.338319759782	0.308891880332	0.298112673115	0.0546756867721
ɔdɛ-	0.342209005209	0.0955375345613	0.0246351349943	0.537618325235
ógy-	0.218361184968	0.209372733939	0.150988770581	0.421277310511
ɩkp-	0.1332932602	0.660079645353	0.1038395071	0.102787587347
dún-	0.581196581197	0.162393162393	0.121794871795	0.134615384615
men-	0.0	1.0	0.0	0.0
mɔf-	0.198039215686	0.192156862745	0.405882352941	0.203921568627
sie-	0.0499621498865	0.234670704012	0.288417865253	0.426949280848
ank-	0.0707070707071	0.929292929293	0.0	0.0
bóy-	0.487812441853	0.358680146375	0.0204676549029	0.133039756869
plé-	0.102059289432	0.793392170174	0.0896130346232	0.0149355057705
fék-	0.294572953737	0.335498220641	0.082206405694	0.287722419929
sra-	0.418530351438	0.325878594249	0.255591054313	0.0
odw-	0.373508605216	0.334019638898	0.272410516313	0.0200612395735
gyw-	0.567865003668	0.364636830521	0.015407190022	0.0520909757887
bos-	0.471603481339	0.366425726508	0.081427939224	0.0805428529282
yék-	0.518796992481	0.244360902256	0.0	0.236842105263
mɔh-	0.494023904383	0.362549800797	0.0956175298804	0.0478087649403
nyw-	0.893617021277	0.106382978723	0.0	0.0
ɛ́t-	0.332522303325	0.600567721006	0.0425790754258	0.0243309002433
ɔfʋ-	0.125906142694	0.621313063129	0.0871657910955	0.165615003082
nfi-	0.166364551863	0.632225579053	0.0531722054381	0.148237663645
nwu-	0.118333355805	0.540216712283	0.0188982818518	0.32255165006
fag-	0.441926345609	0.287818696884	0.0458923512748	0.224362606232
mbɛ-	0.0728415952502	0.0240081258176	0.00659934874602	0.896550930186
lɔw-	0.455458957913	0.233709791164	0.229956662125	0.0808745887982
foe-	0.181451612903	0.786290322581	0.00806451612901	0.0241935483871
eti-	0.0	0.866666666667	0.133333333333	0.0
nhɩ-	0.325216749677	0.344032466335	0.0926028408043	0.238147943184
fos-	0.0344827586207	0.896551724138	0.0	0.0689655172414
bes-	0.433018071272	0.157507177842	0.0164668130383	0.393007937848
áts-	0.0487804878049	0.756097560976	0.19512195122	0.0
nkʋ-	0.0588372114198	0.0808988894251	0.0570890305791	0.803174868576
mpu-	0.135278514589	0.816976127321	0.0	0.0477453580902
inn-	0.594802342606	0.155380673499	0.0356881405563	0.214128843338
ohw-	0.800387596899	0.0426356589147	0.00581395348837	0.151162790698
pet-	0.0229391417195	0.896349063342	0.00509758704877	0.0756142078901
anf-	0.132392891129	0.129189858748	0.0272855828987	0.711131667225
lot-	0.49270135158	0.407578255106	0.00649067648788	0.093229716826
bég-	0.502911239234	0.123467862481	0.0871236386932	0.286497259591
atu-	0.25571273123	0.687159956474	0.0571273122959	0.0
awa-	0.277882087871	0.505257228689	0.185880585805	0.0309800976343
nay-	0.22636389603	0.394173093402	0.205227077978	0.174235932591
ɔta-	0.416243798759	0.346715185279	0.171374628551	0.0656663874108
fes-	0.0541500221927	0.934309809143	0.00532623169108	0.00621393697293
lɩn-	0.253706410524	0.327625809146	0.295468782627	0.123198997703
kot-	0.09375	0.71875	0.0625	0.125
atú-	0.405143007085	0.38703752296	0.121228024141	0.0865914458148
mlɔ-	0.561186318417	0.268811560216	0.0701089273351	0.099893194032
ony-	0.123612967688	0.55659867954	0.213987272203	0.105801080569
trɛ-	0.515527950311	0.335403726708	0.149068322981	0.0
lof-	0.0118811881188	0.360396039604	0.627722772277	0.0
ɔtɛ-	0.437900994985	0.284282818168	0.117236595654	0.160579591193
now-	0.550380368098	0.048245398773	0.0216441717791	0.37973006135
tan-	0.228764044944	0.624269662921	0.0903370786516	0.0566292134832
ɔyá-	0.6	0.338461538462	0.0	0.0615384615385
ɔsɩ-	0.0819902276267	0.857894407849	0.0228470792398	0.0372682852848
gya-	0.154376339347	0.255254798851	0.393741355989	0.196627505813
nea-	0.0736196319019	0.834355828221	0.0184049079755	0.0736196319017
kʋk-	0.109278094766	0.177921111387	0.0548499131729	0.657950880675
lah-	0.659542059696	0.114620637094	0.0459893664601	0.17984793675
nɛn-	0.320568590984	0.344701153371	0.213712393989	0.121017861657
mɩs-	0.130490064052	0.049102107501	0.0328737345081	0.787534093939
dɛ́-	0.543014528571	0.109884878026	0.0513152051438	0.295785388259
dɩn-	0.313329761122	0.300988413978	0.0563764147388	0.329305410162
ton-	0.530983139917	0.403328224217	0.0131377271732	0.0525509086928
yaa-	0.406593406593	0.271978021978	0.0659340659341	0.255494505495
nak-	0.583655129317	0.212627984004	0.088943875881	0.114773010797
mʋt-	0.236688200064	0.133491649131	0.0358418935709	0.593978257234
déh-	0.584042553192	0.186170212766	0.143617021277	0.086170212766
ɔyʋ-	0.0325712344061	0.889665550216	0.0184457065191	0.0593175088588
owí-	0.0452688705566	0.760019186631	0.0181666599352	0.176545282877
aya-	0.106576349307	0.694573730905	0.0119002123037	0.186949707484
olu-	0.0350789275871	0.773866198948	0.16399398647	0.0270608869957
bee-	0.0701754385965	0.929824561404	0.0	0.0
mme-	0.673475354624	0.14028075013	0.0686613438692	0.117582551376
tin-	0.338127467569	0.284263959391	0.111393119007	0.266215454033
ɩlw-	0.275461741425	0.68654353562	0.0379947229551	0.0
ɩla-	0.452335460456	0.266884940931	0.128352088755	0.152427509858
han-	0.24650811627	0.304265760664	0.298225745564	0.151000377501
ayo-	0.134615384615	0.865384615385	0.0	0.0
pub-	0.0227272727273	0.761363636364	0.0795454545454	0.136363636364
top-	0.0	0.645454545455	0.354545454545	0.0
ɔyɛ-	0.612492231199	0.239279055314	0.0475450590428	0.100683654444
tun-	0.131147540984	0.836065573771	0.0327868852459	0.0
dad-	0.104275342398	0.304423027816	0.460326291424	0.130975338361
lef-	0.594159713945	0.207985697259	0.102502979738	0.0953516090583
ɔts-	0.0508882258903	0.629768504727	0.0449008515246	0.274442417858
dáf-	0.125412541254	0.369636963696	0.036303630363	0.468646864686
nku-	0.142557022809	0.726140456182	0.0232593037215	0.108043217287
kʋ́-	0.135676910355	0.0917085767734	0.110327508845	0.662287004026
rom-	0.0283752340957	0.782333579252	0.139067022303	0.0502241643493
nlo-	0.0269058295964	0.919282511211	0.0538116591928	0.0
keb-	0.0882486562615	0.701754733018	0.0864890971643	0.123507513556
yɛɛ-	0.884615384615	0.0769230769231	0.0384615384615	0.0
yéŋ-	0.37037037037	0.0555555555555	0.0925925925926	0.481481481481
mbú-	0.702127659574	0.170212765957	0.0	0.127659574468
kín-	0.285000824519	0.250441706518	0.135362434922	0.329195034041
yíi-	0.565	0.405	0.0	0.03
nɔg-	0.44966442953	0.315436241611	0.0939597315436	0.140939597315
mak-	0.0404563047464	0.915542880424	0.0293338765533	0.0146669382766
adú-	0.0254885301614	0.974511469839	0.0	0.0
bʋl-	0.767923362175	0.122682323857	0.00834363411619	0.101050679852
nik-	0.0	0.991591017678	0.00840898232204	0.0
teb-	0.204951140065	0.795048859935	0.0	0.0
yun-	0.0	1.0	0.0	0.0
ɔpɔ-	0.136797454931	0.73276776246	0.0954400848357	0.034994697773
bʋ́-	0.332436303577	0.436917623852	0.113397419724	0.117248652847
apu-	0.170984455958	0.673575129534	0.0777202072539	0.0777202072539
ara-	0.0229885057471	0.977011494253	0.0	0.0
gad-	0.0516446357208	0.793421457116	0.0516446357209	0.103289271442
amo-	0.0	1.0	0.0	0.0
áhá-	0.394618834081	0.215246636771	0.0	0.390134529148
tsw-	0.419940277286	0.196545355828	0.0231502020921	0.360364164794
pud-	0.0	1.0	0.0	0.0
iwí-	0.0515557696633	0.911101668718	0.0050519812788	0.0322905803403
ayó-	0.0293998003032	0.961724788284	0.00332827927961	0.00554713213269
fie-	0.0334728033472	0.853556485356	0.0502092050209	0.0627615062762
ago-	0.258038845825	0.205841610422	0.536119543753	0.0
put-	0.200544298892	0.569620816983	0.226627885742	0.00320699838315
kán-	0.553502570694	0.34366966581	0.0568766066838	0.0459511568124
kal-	0.461538461539	0.45641025641	0.0820512820513	0.0
fɩn-	0.795562599049	0.175911251981	0.0095087163233	0.0190174326466
wúw-	0.41686746988	0.4	0.18313253012	0.0
tɛs-	0.568011958146	0.431988041854	0.0	0.0
kpo-	0.4228420503	0.455297434985	0.0150196568328	0.106840857883
prɛ-	0.0	0.797419354839	0.202580645161	0.0
alu-	0.0695743462493	0.870585989693	0.00572628364192	0.0541133804161
any-	0.140178005218	0.364975385878	0.121333893448	0.373512715456
ndʋ-	0.336363636364	0.372727272727	0.272727272727	0.0181818181818
dɩ́-	0.198181286781	0.121464862047	0.0391180123427	0.641235838829
ibó-	0.439577002861	0.314872280202	0.139557601712	0.105993115224
ile-	0.242631671336	0.135701851818	0.0892429888707	0.532423487975
bol-	0.36430976431	0.319191919192	0.316498316498	0.0
nlɛ-	0.237278176784	0.593701752083	0.0958863865084	0.0731336846251
efe-	0.0253838921968	0.943904732059	0.0188028831087	0.0119084926355
anw-	0.59131736527	0.247005988024	0.0269461077844	0.134730538922
ɔbʋ-	0.279783186356	0.319087644138	0.0470964913941	0.354032678112
kɛh-	0.0497321428572	0.363571428571	0.514910714286	0.0717857142857
bah-	0.49885692	0.255069011567	0.0466029973514	0.199471071081
ɔya-	0.144522077773	0.225674360002	0.602141916271	0.0276616459538
gyá-	0.50545783907	0.268748904342	0.0417226669783	0.18407058961
lɔf-	0.318511584367	0.397144863094	0.132693657852	0.151649894688
opi-	0.731707317073	0.268292682927	0.0	0.0
nót-	0.828169014085	0.119454225352	0.0227992957746	0.0295774647887
wɔɩ-	0.557679521277	0.250332446808	0.0822805851064	0.109707446808
adw-	0.194127548158	0.159217006421	0.30995573842	0.336699707001
ɔkl-	0.0700679053878	0.858234703052	0.0212230637987	0.050474327761
kug-	0.104462914632	0.177518093362	0.0479620435342	0.670056948471
wúl-	0.127880191835	0.511410042922	0.0118974474765	0.348812317766
bɔk-	0.615277239304	0.213453813121	0.0270243465018	0.144244601073
mɔk-	0.246624887991	0.270504118061	0.0944027514844	0.388468242463
bét-	0.608948635634	0.0955056179775	0.0218699839486	0.27367576244
yém-	0.524137931034	0.393103448276	0.0827586206897	0.0
okr-	0.10304054054	0.747043918919	0.0768581081081	0.0730574324324
lɛ́-	0.626249003635	0.0888142284154	0.0213960551914	0.263540712758
fod-	0.52027027027	0.195945945946	0.121621621622	0.162162162162
ahɔ-	0.168526356291	0.73720661793	0.0253943824548	0.0688726433244
for-	0.0	1.0	0.0	0.0
béf-	0.66964974541	0.177596049992	0.060175898781	0.092578305817
low-	0.208937938134	0.682417030247	0.0337332712388	0.0749117603804
ɩta-	0.161106193338	0.278845732569	0.468977876188	0.0910701979048
ber-	0.0125	0.98125	0.00625000000001	0.0
fah-	0.615673975962	0.239530247804	0.0554661239605	0.0893296522733
béŋ-	0.608695652174	0.304347826087	0.0434782608696	0.0434782608696
ɩ́n-	0.101766871235	0.082620611272	0.0164197933724	0.799192724121
lay-	0.511845072539	0.256816518725	0.184115660164	0.0472227485722
nyɛ-	0.575342465753	0.301369863014	0.041095890411	0.0821917808219
ahi-	0.200237675864	0.192618305496	0.484078235373	0.123065783268
abw-	0.171165548364	0.517309826781	0.192867587765	0.118657037091
plɔ-	0.33946237205	0.408283211353	0.236038061245	0.0162163553527
nlɩ-	0.531803278689	0.306229508197	0.0242622950819	0.137704918033
bád-	0.7	0.3	0.0	0.0
ote-	0.403098128943	0.232721518854	0.207057973508	0.157122378695
obw-	0.0608830196826	0.241337123529	0.617034291677	0.080745565111
lég-	0.449718858131	0.10402249135	0.12348615917	0.322772491349
bat-	0.310040997434	0.552543655637	0.0709915850478	0.0664237618813
awʋ-	0.133048176497	0.544124268348	0.302566411526	0.020261143629
loi-	0.078125	0.875	0.046875	0.0
lew-	0.0775784753362	0.872197309417	0.0300448430493	0.0201793721973
bwá-	0.00508044030482	0.974597798476	0.0203217612193	0.0
bɔy-	0.529116513081	0.14249423903	0.0125541722496	0.31583507564
tam-	0.512824816007	0.270357673824	0.1378890931	0.0789284170684
imi-	0.0250183958793	0.841059602649	0.0456217807211	0.0883002207505
dʋb-	0.195981034094	0.119440054188	0.258297584105	0.426281327613
dew-	0.115384615385	0.538461538462	0.0	0.346153846154
opu-	0.155201799781	0.775743654942	0.00888820879803	0.0601663364789
lag-	0.528188631691	0.260396630629	0.0359819592757	0.175432778404
lɛm-	0.693661971831	0.253521126761	0.0105633802817	0.0422535211267
ann-	0.432406146664	0.53219218051	0.0	0.0354016728263
bɔw-	0.593439720204	0.156653569521	0.0265235492533	0.223383161022
fʋg-	0.480788002485	0.0835921554708	0.0157955453013	0.419824296743
pɔn-	0.048336167112	0.873937333009	0.054408549915	0.0233179499636
omó-	0.557403754122	0.193019348121	0.0451264501479	0.204450447609
fel-	0.0428779069767	0.9375	0.00436046511628	0.015261627907
nto-	0.0893734570752	0.233076194009	0.0214020215611	0.656148327355
bɩn-	0.287279843444	0.549510763209	0.0849315068494	0.0782778864971
pio-	0.019730351858	0.927984215719	0.0217033870437	0.0305820453798
fíí-	0.615835777126	0.269794721408	0.0703812316715	0.0439882697947
tim-	0.020819189862	0.95994568907	0.00135777325187	0.0178773478162
tri-	0.026525198939	0.928381962865	0.0291777188329	0.0159151193634
nat-	0.497198714265	0.322059004552	0.057938292226	0.122803988957
rah-	0.0290416263311	0.970958373669	0.0	0.0
mol-	0.0	1.0	0.0	0.0
tos-	0.356488206405	0.59267137027	0.0145258352355	0.0363145880888
nde-	0.427156919416	0.118542348616	0.0353692102946	0.418931521673
ham-	0.046511627907	0.906976744186	0.046511627907	0.0
hef-	0.0869565217391	0.847826086957	0.0	0.0652173913043
tes-	0.173146112333	0.757895262842	0.0434739156506	0.0254847091745
kɩa-	0.307028360049	0.604192355117	0.0147965474722	0.0739827373613
tak-	0.00905523694537	0.976456383942	0.0135828554181	0.000905523694537
oyo-	0.224299065421	0.224299065421	0.018691588785	0.532710280374
akl-	0.0530913569493	0.89057918555	0.0215873370061	0.0347421204942
180-	0.174129353234	0.457711442786	0.0597014925373	0.308457711443
tsʋ-	0.11550972759	0.0919264697179	0.0286037804231	0.763960022269
láŋ-	0.915584415584	0.0844155844156	0.0	0.0
dok-	0.0941563293977	0.197429382753	0.242116275594	0.466298012255
nɔd-	0.743362831858	0.0796460176991	0.0	0.176991150442
ipu-	0.0486577181208	0.879194630872	0.0335570469799	0.0385906040268
bɛb-	0.682569572417	0.0701977402583	0.0131133012206	0.234119386104
awí-	0.0495184980158	0.886557622727	0.0146304653229	0.049293413934
yín-	0.295721770638	0.470736658171	0.0201934441255	0.213348127065
mʋg-	0.357648930017	0.126506169269	0.0138567572778	0.501988143436
fɩ́-	0.491145652774	0.116617023836	0.0191024670482	0.373134856342
mah-	0.0	1.0	0.0	0.0
bʋk-	0.568294449372	0.309202763514	0.0723591592275	0.0501436278858
ite-	0.382682194369	0.478734674887	0.096044423945	0.0425387067992
opé-	0.327014218009	0.492890995261	0.0663507109005	0.113744075829
ɔsr-	0.422345934389	0.461037608807	0.0320695256209	0.0845469311824
mén-	0.42029470864	0.171131949096	0.0636302746149	0.344943067649
tse-	0.175506642102	0.673486538026	0.0319984485601	0.119008371311
iti-	0.434343434343	0.205336951606	0.160108548168	0.200211065883
ɔpʋ-	0.172198853801	0.691457123183	0.0189139713261	0.11743005169
afɩ-	0.140926777503	0.514821365405	0.289494163424	0.0547576936681
ɩyɔ-	0.52607184241	0.366164542294	0.0	0.107763615295
yer-	0.0121075286423	0.959446242142	0.000387785614878	0.0280584436009
mpú-	0.0641399416909	0.804664723032	0.0874635568514	0.0437317784256
mɛd-	0.46178437262	0.281916385821	0.111731611393	0.144567630167
aml-	0.457255553258	0.330736319654	0.108264012523	0.103744114564
oko-	0.0555555555556	0.86069023569	0.0281986531987	0.0555555555555
kpó-	0.425	0.302631578947	0.193421052632	0.0789473684211
ɩtá-	0.388387814019	0.458301206764	0.109507842298	0.0438031369194
ɩbɩ-	0.237769826019	0.478400124267	0.0170549062718	0.266775143442
nwe-	0.0802701853597	0.859802073516	0.0461828463713	0.0137448947534
ŋɛ́-	0.304270462633	0.508896797153	0.154804270463	0.0320284697508
píó-	0.00814756138962	0.965372864094	0.00746859794048	0.0190109765757
ɔwá-	0.427482993197	0.35156462585	0.114829931973	0.10612244898
fón-	0.467224546723	0.259414225941	0.181311018131	0.092050209205
akí-	0.743270189432	0.22183449651	0.0199401794616	0.0149551345962
kpɔ-	0.11448032183	0.15694219524	0.558171162942	0.170406319988
séi-	0.0951772579542	0.0487352463223	0.0326077659938	0.82347972973
por-	0.1179138322	0.62358276644	0.0	0.258503401361
núu-	0.507652772558	0.34485843771	0.110343464911	0.0371453248213
alf-	0.00540784136999	0.98377647589	0.01081568274	0.0
pʋs-	0.571890145396	0.266558966074	0.0944451348328	0.067105753697
yod-	0.241635687732	0.684014869889	0.0371747211896	0.0371747211896
bak-	0.362665057704	0.35363465124	0.107412914237	0.17628737682
lót-	0.497479431726	0.0897475067107	0.0505095694302	0.362263492133
oyú-	0.37873698354	0.517887134699	0.0352704064494	0.0681054753108
epa-	0.0	0.985472154964	0.00726392251815	0.00726392251815
nke-	0.0566793706635	0.375549692172	0.0293169158605	0.538454021304
imé-	0.262012963454	0.323778076037	0.204524887084	0.209684073425
eke-	0.0403448524291	0.562594558248	0.0731250450278	0.323935544295
bów-	0.791495198903	0.088980338363	0.0177411979881	0.101783264746
mel-	0.0181168057211	0.969010727056	0.00429082240763	0.00858164481526
máɩ-	0.193925233645	0.752336448598	0.0397196261682	0.0140186915888
abi-	0.0486802625406	0.854721242271	0.0132234598982	0.0833750352905
odu-	0.202115859882	0.217584148687	0.169921513197	0.410378478233
bɔh-	0.703597667047	0.0915760795599	0.00259821885911	0.202228034534
lɛb-	0.409815511374	0.293211535017	0.0347483431847	0.262224610425
yih-	0.0588235294117	0.78431372549	0.117647058824	0.0392156862745
ɔpá-	0.272090489286	0.205313132361	0.152337466923	0.370258911431
lɔy-	0.540322580645	0.298387096774	0.0725806451613	0.0887096774194
dwɛ-	0.523533760473	0.371981271562	0.0497782158699	0.0547067520946
nyi-	0.655241407496	0.0544198176734	0.0358550896628	0.254483685168
klɛ-	0.30256097314	0.267372264549	0.113148394772	0.316918367539
kwé-	0.114285714286	0.328571428571	0.442857142857	0.114285714286
----	0.257921886514	0.60943257185	0.0	0.132645541636
ɩbw-	0.259763752695	0.275037978554	0.0867216785088	0.378476590242
fak-	0.736986056028	0.147121128088	0.0565049550077	0.0593878608754
sak-	0.0942215533289	0.866568973029	0.0217830409125	0.01742643273
oka-	0.0151967435549	0.711261872456	0.0911804613297	0.182360922659
léh-	0.433094994893	0.1164453524	0.260469867211	0.189989785495
sám-	0.63035495716	0.36964504284	0.0	0.0
ohu-	0.0	0.97667638484	0.0233236151604	0.0
per-	0.0	0.997557997558	0.0	0.002442002442
lid-	0.0633946830266	0.916155419223	0.0	0.0204498977505
ata-	0.152567375066	0.719183183531	0.0846897529159	0.0435596884875
léf-	0.842983316977	0.102060843965	0.0117762512267	0.0431795878312
baw-	0.553942951334	0.194182563773	0.135083522625	0.116790962269
ɩfɔ-	0.0480995627312	0.0528086108308	0.079717457114	0.819374369324
tán-	0.96694214876	0.0330578512397	0.0	0.0
ome-	0.549986245529	0.240405206685	0.0892644421721	0.120344105614
nwɛ-	0.173873739467	0.617597582812	0.0694296861472	0.139098991574
nsi-	0.121249167748	0.582245385064	0.133630244737	0.162875202451
laf-	0.364172643103	0.261322518332	0.0652617925025	0.309243046062
nɛl-	0.630488355142	0.185033494151	0.0817396133421	0.102738537364
fʋp-	0.634774609016	0.273229070837	0.0367985280589	0.0551977920883
bɔf-	0.183710961421	0.23147581139	0.0197999591754	0.565013268014
lɛl-	0.411054172767	0.323206442167	0.133601756955	0.132137628111
láh-	0.403360154794	0.321621557847	0.0842398357677	0.190778451592
bún-	0.492795389049	0.440922190202	0.0518731988472	0.014409221902
450-	0.0816326530612	0.204081632653	0.0816326530612	0.632653061224
nem-	0.603696098563	0.186858316222	0.0246406570842	0.184804928131
bɔt-	0.442507901037	0.202419320661	0.0439693860331	0.311103392269
déf-	0.383333333333	0.4	0.0833333333333	0.133333333333
yáa-	0.654503464203	0.122863741339	0.013856812933	0.208775981524
nɛb-	0.464773946753	0.0546706149578	0.0179889900154	0.462566448273
beg-	0.558785505007	0.117777556781	0.0292378424278	0.294199095784
mós-	0.875771914348	0.110754671585	0.0	0.0134734140669
mpa-	0.448148148148	0.385185185185	0.0444444444444	0.122222222222
tɩt-	0.390092879257	0.479876160991	0.0557275541796	0.0743034055727
wun-	0.453607550005	0.366569456957	0.029959979184	0.149863013854
tén-	0.728155339806	0.21359223301	0.0	0.0582524271845
lɩ́-	0.339075582711	0.120389228332	0.0186693822132	0.521865806744
wáɩ-	0.20803509568	0.786109101627	0.0	0.00585580269322
tsa-	0.644581056466	0.239298724954	0.051912568306	0.0642076502733
ɔpw-	0.268537074148	0.701402805611	0.0120240480962	0.0180360721443
mli-	0.0487804878049	0.365853658537	0.414634146341	0.170731707317
mɛk-	0.322957198444	0.326848249027	0.11673151751	0.233463035019
hal-	0.0802919708029	0.919708029197	0.0	0.0
dád-	0.130624092888	0.198838896952	0.653120464441	0.0174165457184
ter-	0.0	0.993273542601	0.0067264573991	0.0
nag-	0.393821603928	0.381023822513	0.151959447172	0.0731951263866
ɩyɩ-	0.567417034115	0.233000696217	0.0956138315154	0.103968438153
mʋ́-	0.170957437716	0.0368522360248	0.0139110877781	0.778279238481
dab-	0.508710801394	0.16724738676	0.303135888502	0.0209059233449
nam-	0.758460982812	0.116616031783	0.0624614927022	0.0624614927022
osr-	0.0506666666666	0.944	0.00533333333335	0.0
ndɔ-	0.113927971735	0.802352510624	0.00332366854332	0.0803958490978
oli-	0.016	0.792	0.192	0.0
ɔlw-	0.619883040936	0.27485380117	0.046783625731	0.0584795321637
kon-	0.103407053198	0.88045427376	0.00179318589361	0.0143454871488
ban-	0.28454145535	0.48051220264	0.140799686178	0.0941466558323
yul-	0.31054313099	0.677955271566	0.0	0.0115015974441
kɩt-	0.376010781671	0.229110512129	0.245283018868	0.149595687331
gyi-	0.43358252073	0.177393335551	0.020492787581	0.368531356138
mák-	0.460738313164	0.286451277479	0.138872567332	0.113937842026
sús-	0.643185298622	0.303215926493	0.017866258295	0.0357325165901
ɔma-	0.153304343298	0.0819445891053	0.0335902510155	0.731160816582
odú-	0.246179966044	0.682418411621	0.0431050745143	0.0282965478212
lin-	0.0	1.0	0.0	0.0
méy-	0.83670217401	0.0569529185549	0.0110011973208	0.0953437101138
ntr-	0.218063677713	0.0610786224821	0.0158544509422	0.705003248863
ape-	0.0	1.0	0.0	0.0
máy-	0.519707555091	0.280626712926	0.126142610459	0.0735231215247
ato-	0.209224161826	0.675137692898	0.0417375737958	0.0739005714799
ɔhɩ-	0.231989308319	0.483445545553	0.14587588572	0.138689260408
ɩka-	0.281999095432	0.634102216192	0.052012663953	0.0318860244234
mim-	0.0589349203896	0.442340392642	0.45273612614	0.0459885608285
olú-	0.526518804243	0.284474445516	0.17743490839	0.0115718418515
ɔpa-	0.047668490617	0.864097133251	0.0200406279302	0.0681937482018
okó-	0.312573443008	0.317273795535	0.308460634548	0.0616921269095
fɛl-	0.614947683109	0.325859491779	0.0	0.0591928251121
okl-	0.0764439671779	0.788888613941	0.118775841475	0.0158915774061
amm-	0.813253012048	0.144578313253	0.0	0.0421686746988
yóp-	0.804416403786	0.195583596214	0.0	0.0
kan-	0.324898526347	0.499232091271	0.0663692543972	0.109500127985
kɛ́-	0.0779808334265	0.116442531381	0.284429958242	0.521146676951
káp-	0.761381346895	0.12492822574	0.0258387334919	0.0878516938725
idú-	0.0718074255406	0.486332109343	0.00734394124847	0.434516523868
100-	0.0770385154813	0.0878823192046	0.0885942928036	0.746484872511
afʋ-	0.436776258508	0.379907524976	0.07718086516	0.106135351356
mna-	0.0285714285714	0.885714285714	0.0857142857143	0.0
bóh-	0.897109504826	0.0262690428049	0.0383107261847	0.0383107261847
ken-	0.0604026845638	0.939597315436	0.0	0.0
kpɛ-	0.150017835416	0.12864954141	0.031712835147	0.689619788027
oyé-	0.467153284672	0.492700729927	0.0	0.0401459854014
ɔwa-	0.581204011301	0.208145756362	0.0948182185104	0.115832013826
nɔk-	0.650868878357	0.241706161137	0.0189573459715	0.0884676145339
nɔy-	0.7549981824	0.0734192235337	0.0147766165103	0.156805977556
dwi-	0.155585306475	0.721932643747	0.0910339559163	0.0314480938619
bob-	0.578987036479	0.114862827857	0.0206009446287	0.285549191036
obí-	0.0866287942479	0.832455660205	0.0209042898185	0.060011255729
bɛ́-	0.463697665476	0.182492713821	0.0786577604792	0.275151860224
ala-	0.493299700901	0.274453622174	0.108974421171	0.123272255754
but-	0.0251924422673	0.874037788664	0.100769769069	0.0
yoe-	0.0	1.0	0.0	0.0
léy-	0.518847889567	0.202681178657	0.0358375365012	0.242633395275
yób-	0.534450651769	0.188081936685	0.0446927374302	0.232774674115
ame-	0.0130273803538	0.112766832747	0.0548521278055	0.819353659094
anu-	0.158137044968	0.120770877944	0.0759100642399	0.645182012848
lɔh-	0.420349434738	0.376156217883	0.178828365879	0.0246659815005
ɩda-	0.351768380399	0.228408316252	0.123453445574	0.296369857775
ser-	0.0	1.0	0.0	0.0
ifí-	0.272	0.442666666667	0.141333333333	0.144
alá-	0.0666270077335	0.933372992266	0.0	0.0
mɔm-	0.113107911251	0.0307737561632	0.0481846705513	0.807933662035
isi-	0.360273972603	0.452739726027	0.139726027397	0.0472602739726
kua-	0.072186836518	0.723991507431	0.0838641188959	0.119957537155
ope-	0.0710220805828	0.928977919417	0.0	0.0
mbw-	0.384628944121	0.415476820025	0.082319760268	0.117574475586
bit-	0.137535816619	0.641833810888	0.203438395415	0.0171919770774
uri-	0.0	1.0	0.0	0.0
mpá-	0.53347657333	0.436685611311	0.00103964513446	0.0287981702246
ɩ́t-	0.594287225602	0.272414705104	0.0666490346469	0.0666490346469
ofí-	0.056775697509	0.890443796091	0.0123154514932	0.0404650549064
ŋáí-	0.616083009079	0.215304798962	0.0557717250325	0.112840466926
okp-	0.407068425849	0.444021818086	0.111137525258	0.0377722308068
tɛk-	0.372063881102	0.0501360226114	0.0331015228543	0.544698573433
fob-	0.643410852713	0.255813953488	0.015503875969	0.0852713178295
ayí-	0.0515873015873	0.852513227513	0.0800264550264	0.015873015873
fɩt-	0.602144133413	0.216051220965	0.0364800476474	0.145324597975
ámʋ-	0.0584220285486	0.00405907495997	0.00118478939159	0.9363341071
abu-	0.124420906995	0.69112803592	0.104497895025	0.0799531620604
mlé-	0.538143462775	0.136853102967	0.0399705071217	0.285032927137
fri-	0.0	0.960526315789	0.0394736842105	0.0
mób-	0.37586099945	0.184004372941	0.293423085073	0.146711542536
owú-	0.393588493149	0.323009654066	0.232162797802	0.0512390549837
yɔ́-	0.353705880586	0.0689409799566	0.0140910084748	0.563262130982
bet-	0.406434505953	0.354054260921	0.030960329121	0.208550904005
law-	0.421104374898	0.185919493145	0.209077502867	0.18389862909
sal-	0.0132241813602	0.980478589421	0.00472292191435	0.00157430730478
bop-	0.717511289513	0.132965378826	0.0170597089815	0.132463622679
láy-	0.46286841086	0.512922990246	0.0154935032924	0.00871509560198
abɔ-	0.221393820686	0.380931319896	0.0880457446136	0.309629114804
ɩ́l-	0.512820512821	0.435897435897	0.0	0.0512820512821
isk-	0.0541012216405	0.938917975567	0.0	0.00698080279232
nlí-	0.0648164109636	0.85502499569	0.0465436993622	0.0336148939838
bad-	0.618722659667	0.182502187227	0.0906386701662	0.10813648294
