-eus	0.00855356947034	0.986840662353	0.00131593376467	0.00328983441167
-hel	0.348837209302	0.34608652163	0.162540635159	0.142535633908
-hem	0.0462142329736	0.817924580488	0.0386465471005	0.0972146394376
-hen	0.378276006711	0.255281040269	0.0816862416108	0.284756711409
-hei	0.47	0.165	0.0	0.365
-rbe	0.0177606177606	0.982239382239	0.0	0.0
-hek	0.195296655879	0.0242675296656	0.00258899676375	0.777846817691
-aan	0.0460317460317	0.848015873016	0.0289682539683	0.0769841269841
-lel	0.6062001901	0.203918988082	0.0242499573493	0.165630864468
-kho	0.00528169014086	0.957746478873	0.0369718309859	0.0
-lem	0.197131906286	0.686615306327	0.0458354403051	0.0704173470821
-aus	0.134857529545	0.852091741789	0.00435024288857	0.00870048577712
-li'	0.046511627907	0.627906976744	0.325581395349	0.0
-ang	0.143617160751	0.120148572103	0.0289494905561	0.70728477659
-zim	0.0	1.0	0.0	0.0
-aud	0.00385739333723	0.978258328463	0.0010520163647	0.0168322618352
-aum	0.0374149659864	0.953514739229	0.00680272108844	0.00226757369615
-aul	0.491826581379	0.4513148543	0.0568585643213	0.0
-zia	0.0	1.0	0.0	0.0
-pus	0.00289706884799	0.98773006135	0.00306748466257	0.00630538513974
-nta	0.21926910299	0.624584717608	0.106312292359	0.0498338870432
-kia	0.00106007067138	0.997879858657	0.0	0.00106007067138
-pum	0.0363243243243	0.367675675676	0.506918918919	0.0890810810811
-nam	0.237152798091	0.0897255766743	0.0116675111326	0.661454114102
-sis	0.0	1.0	0.0	0.0
-gda	0.776536312849	0.0893854748603	0.0670391061453	0.0670391061453
-ope	0.00217391304348	0.986231884058	0.00869565217393	0.00289855072464
-na`	0.0408163265306	0.918367346939	0.0408163265306	0.0
-dea	0.00346620450607	0.986135181976	0.00346620450607	0.00693240901213
-msa	0.528517835687	0.223963564442	0.0669466939636	0.180571905908
-das	0.08538241062	0.888520138784	0.000905113893499	0.0251923367024
-dek	0.356823668747	0.448909032934	0.0540472828315	0.140220015488
-mso	0.42565465526	0.253634419716	0.0791994768484	0.241511448176
-dem	0.119705074454	0.372126644499	0.054756397282	0.453411883765
-den	0.283862964793	0.510705245217	0.0847141402019	0.120717649788
-ima	0.28369291118	0.35023816195	0.0266181003082	0.339450826562
-oko	0.0683478640538	0.737766701845	0.0184822872006	0.1754031469
-des	0.0194102276969	0.920057235287	0.0454771680976	0.0150553689187
-aka	0.353551648115	0.427326988224	0.0997472710652	0.119374092596
-imi	0.0384310440151	0.368461333679	0.0129411257894	0.580166496517
-yum	0.0631578947368	0.858171745152	0.00775623268701	0.0709141274238
-oka	0.282875619832	0.138221233218	0.0414086850925	0.537494461857
-imo	0.618025751073	0.364806866953	0.0171673819742	0.0
-oul	0.661616161616	0.250841750842	0.0875420875421	0.0
-zur	0.0	1.0	0.0	0.0
-lla	0.844465642118	0.0636500997208	0.00874979310043	0.0831344650605
-obo	0.328244274809	0.320610687023	0.0458015267176	0.30534351145
-oba	0.199384825701	0.646753246753	0.0704716336295	0.0833902939166
-ida	0.00626959247649	0.993730407524	0.0	0.0
-bia	0.0431034482759	0.879310344828	0.0603448275862	0.0172413793103
-bin	0.1207654146	0.163997165131	0.0721710370895	0.64306638318
-bil	0.486842105263	0.230263157895	0.213815789474	0.0690789473684
-bik	0.633446174678	0.224238320921	0.0733920108328	0.068923493568
-bii	0.458737077725	0.309913704238	0.164933879186	0.0664153388508
-eja	0.0703564727955	0.873358348968	0.0422138836773	0.0140712945591
-ter	0.113607990013	0.739076154807	0.0374531835206	0.10986267166
-uta	0.0516962843295	0.789983844911	0.0	0.158319870759
-rib	0.396946564885	0.312977099237	0.0534351145038	0.236641221374
-ria	0.0308629840771	0.934637310792	0.012515562545	0.0219841425857
-rin	0.252441773103	0.311795642374	0.417731029301	0.0180315552217
-rim	0.135849056604	0.735849056604	0.128301886792	0.0
-rik	0.175039777007	0.499123032429	0.154269585584	0.17156760498
-tea	0.0	1.0	0.0	0.0
-rir	0.342359767892	0.495164410058	0.16247582205	0.0
-ris	0.022641509434	0.954716981132	0.0	0.022641509434
-sib	0.474789915966	0.323529411765	0.151260504202	0.0504201680673
-mja	0.255648334136	0.551162867909	0.0624595361809	0.130729261774
-aku	0.355021216407	0.623762376238	0.0212164073551	0.0
-ten	0.0764331210191	0.923566878981	0.0	0.0
-wal	0.487394176202	0.296771792725	0.0816820169318	0.134152014141
-ara	0.133007872869	0.0115543692435	0.00135734546566	0.854080412422
-mes	0.0	1.0	0.0	0.0
-pat	0.0958262350937	0.00191652470187	0.0	0.902257240204
-aro	0.419433780927	0.207404297456	0.0360944779812	0.337067443636
-ari	0.549777117385	0.237741456166	0.0445765230312	0.167904903418
-luh	0.021328355105	0.132540492438	0.00609381574431	0.840037336712
-luk	0.200568181818	0.583522727273	0.160227272727	0.0556818181818
-lul	0.426331366908	0.297216205771	0.0722619740483	0.204190453273
-lum	0.440708045998	0.319747826248	0.0618870833424	0.177657044411
-lun	0.202247191011	0.544943820225	0.252808988764	0.0
-meb	0.371621621622	0.369369369369	0.117117117117	0.141891891892
-mem	0.22576616725	0.140004733501	0.0355208868443	0.598708212405
-mel	0.696993925951	0.137330255471	0.0230194859626	0.142656332615
-lub	0.390374331551	0.557677616501	0.0236822001528	0.0282658517953
-men	0.173405216506	0.179645405083	0.177852992968	0.469096385443
-mei	0.251329144514	0.748670855486	0.0	0.0
-mek	0.432749685912	0.285082803656	0.0658495618046	0.216317948628
-eko	0.32	0.48	0.14	0.06
-aya	0.019310045563	0.971577348666	0.00390540247342	0.0052072032979
-rah	0.0	0.963099630996	0.0	0.0369003690037
-mos	0.0395778364116	0.934036939314	0.0	0.0263852242744
-yus	0.0171184022825	0.982881597718	0.0	0.0
-mor	0.184221933247	0.763762462072	0.0520156046814	0.0
-wum	0.104265402844	0.895734597156	0.0	0.0
-na'	0.257098547318	0.520095869968	0.0932366813052	0.129568901409
-dab	0.280103359173	0.500258397933	0.0434108527132	0.176227390181
-uba	0.121793704355	0.102464551888	0.145237182362	0.630504561395
-eng	0.251072727945	0.485152291568	0.151002692993	0.112772287494
-ota	0.0	1.0	0.0	0.0
-ija	0.45869295362	0.299866247241	0.0808210404312	0.160619758707
-oti	0.0387171671433	0.887890400635	0.0242514123864	0.0491410198357
-eba	0.15140395157	0.0996183753222	0.0686356745326	0.680341998576
-iga	0.291492717226	0.566573117604	0.0361581407779	0.105776024392
-uma	0.303546710142	0.229121166446	0.404426466517	0.062905656895
-kba	0.324375277244	0.255433979003	0.0684607422741	0.351730001479
-kbo	0.695945945946	0.121621621622	0.0405405405405	0.141891891892
-umo	0.238818332413	0.429872998343	0.0165654334622	0.314743235781
-ako	0.553935860058	0.241982507289	0.0	0.204081632653
-nak	0.0455205612692	0.00671064517364	0.00199270973571	0.945776083821
ALL	0.218869909682	0.259726227798	0.0496299870321	0.471773875488
-nai	0.012	0.988	0.0	0.0
-nan	0.228505034857	0.697908597986	0.00580945003873	0.0677769171185
-nal	0.737712075848	0.0877931636726	0.00187125748503	0.172623502994
-gdo	0.448095561694	0.349972455778	0.0863990521035	0.115532930424
-kik	0.189320514486	0.215343640379	0.133818370794	0.461517474341
-sir	0.0101830524912	0.941811128622	0.0337010546733	0.0143047642138
-ake	0.0649819494585	0.754512635379	0.180505415162	0.0
-kim	0.0	1.0	0.0	0.0
-kil	0.483483483484	0.204204204204	0.114114114114	0.198198198198
-sik	0.222508266356	0.189487904366	0.0394974749336	0.548506354344
-sin	0.335387240938	0.462107759957	0.059442726967	0.143062272138
-sil	0.447527595664	0.277512588749	0.0934557612377	0.181504054349
-nas	0.0193029490617	0.941018766756	0.0107238605898	0.0289544235925
-sia	0.00547034216454	0.991526332726	0.000429046444277	0.00257427866567
-aun	0.083897158322	0.790257104195	0.085250338295	0.0405953991881
-gok	0.537167257152	0.244327582958	0.0942842703745	0.124220889516
-gom	0.289440693123	0.153897931273	0.109881081142	0.446780294463
-gol	0.371006389776	0.481515289822	0.0633272478321	0.0841510725697
-goo	0.170549766581	0.618744459984	0.124320917131	0.0863848563043
-gon	0.140805254091	0.624759768553	0.176727906006	0.0577070713489
-wub	0.318181818182	0.636363636364	0.0151515151515	0.030303030303
-gob	0.375879930934	0.287421968389	0.232434586266	0.104263514411
-gog	0.0	0.97609561753	0.0239043824701	0.0
-nek	0.150245850938	0.124382858201	0.0148976896704	0.71047360119
-dya	0.129819253189	0.0294970700601	0.0104588770887	0.830224799662
-mon	0.0241963600865	0.962868698138	0.00561327661948	0.00732166515585
-mom	0.166628595586	0.526294615613	0.210254644388	0.0968221444133
-mok	0.398315506052	0.182954164503	0.0343867713907	0.384343558054
-ber	0.587936432918	0.355940213859	0.0265847462633	0.0295386069593
-eor	0.0819672131147	0.918032786885	0.0	0.0
-bet	0.0120096076862	0.983186549239	0.0	0.00480384307447
-nus	0.039982116701	0.875244989915	0.00518686919364	0.07958602419
-eon	0.0481927710843	0.951807228916	0.0	0.0
-bei	0.0572996747831	0.571892501374	0.336469020529	0.0343388033137
-ben	0.0410724591951	0.470380658909	0.0565865913643	0.431960290532
-bel	0.231768599341	0.688042211064	0.0312020192974	0.048987170297
-bem	0.508196721311	0.196721311475	0.196721311475	0.0983606557377
-yam	0.0133037694013	0.973392461197	0.0	0.0133037694013
-yal	0.642293634682	0.164702403366	0.02643006827	0.166573893682
-yan	0.143920752597	0.623899231737	0.022509870321	0.209670145345
-yak	0.242358015806	0.0821182906284	0.116530988543	0.558992705022
-iso	0.357549047484	0.341910719363	0.145294284902	0.155245948251
-rek	0.503033461561	0.265039238242	0.05357333836	0.178353961837
-lyo	0.0769230769231	0.830769230769	0.0	0.0923076923077
-ren	0.139080755302	0.442430633936	0.389312810769	0.0291757999922
-rel	0.603586597452	0.396413402548	0.0	0.0
-rem	0.233078345001	0.12808739086	0.0491622748368	0.589671989302
-reb	0.534211108952	0.399842759481	0.028465956072	0.0374801754949
-lye	0.366794380588	0.32183908046	0.144061302682	0.167305236271
-rea	0.0454039341829	0.889892366696	0.0113819126562	0.0533217864654
-lya	0.224413472827	0.276515762946	0.184951212812	0.314119551415
-go'	0.409006514145	0.138622273972	0.0534978128835	0.398873398999
-mo'	0.339277946933	0.343192692475	0.130491518051	0.18703784254
-ama	0.293393111344	0.591386371722	0.016458228341	0.0987622885927
-lus	0.0622242769109	0.837465388607	0.00346728700775	0.0968430474748
-res	0.0	1.0	0.0	0.0
-ret	0.0101133925835	0.985289610788	0.00183879865155	0.00275819797733
-dia	0.0729613733906	0.918454935622	0.0	0.00858369098713
-hab	0.0892143808255	0.877496671105	0.00665778961386	0.0266311584554
-bna	0.404766734204	0.279150122697	0.0794117663373	0.236671376762
-mas	0.0135288469931	0.774046434494	0.211115475255	0.0013092432574
-hak	0.0	0.995492111195	0.00450788880541	0.0
-ham	0.0056013066865	0.965152175958	0.0269375817748	0.0023089355807
-yub	0.170349797915	0.524807045986	0.00969415453735	0.295149001562
-har	0.0611630224007	0.0556870679309	0.0359236882809	0.847226221387
-has	0.0	1.0	0.0	0.0
-mam	0.178571428571	0.803571428572	0.0178571428571	0.0
-mal	0.280343658637	0.56847165175	0.0529119509264	0.0982727386867
-man	0.130791161502	0.46470068673	0.187735194741	0.216772957027
-juh	0.27485380117	0.25730994152	0.122807017544	0.345029239766
-mab	0.324297404892	0.388659635299	0.0501514111453	0.236891548663
-be'	0.138283233521	0.765490241681	0.0612438707677	0.0349826540303
-se'	0.214078589182	0.322552964848	0.268966741626	0.194401704344
-ung	0.0346990838835	0.737992450102	0.00579539668546	0.221513069329
-una	0.40760200858	0.286405506967	0.207758305344	0.0982341791094
-mfa	0.0	1.0	0.0	0.0
-unu	0.218966660277	0.210996158024	0.0612170117256	0.508820169973
-iri	0.413045503178	0.208280781253	0.105786393102	0.272887322466
-gad	0.0	1.0	0.0	0.0
-tra	0.0	1.0	0.0	0.0
-gab	0.295859552641	0.543916239226	0.0809052932156	0.0793189149173
-bek	0.171244885434	0.0920479406722	0.0159969077818	0.720710266112
-gan	0.174826623829	0.289746194163	0.0436776687742	0.491749513234
-gam	0.114426291948	0.840992035865	0.029284039574	0.0152976326134
-gal	0.248827321362	0.576524505209	0.0357335799139	0.138914593515
-gak	0.102778019492	0.782294204664	0.0312173686042	0.0837104072398
-gai	0.0	1.0	0.0	0.0
-adi	0.0	1.0	0.0	0.0
-ouk	0.0213543396763	0.525933659185	0.32173871779	0.130973283348
-gar	0.0323937736643	0.146403029028	0.00126209507783	0.81994110223
-lam	0.492489046459	0.253404964077	0.0523499264653	0.201756062999
-nor	0.0	1.0	0.0	0.0
-sen	0.0292553191489	0.867907801418	0.0549645390071	0.0478723404255
-sem	0.0	1.0	0.0	0.0
-sel	0.576923076923	0.375	0.0	0.0480769230769
-sek	0.304578840444	0.0750117205813	0.453195811846	0.167213627129
-ino	0.67032967033	0.197802197802	0.0659340659341	0.0659340659341
-ina	0.350563717988	0.413816192225	0.047762983369	0.187857106418
-yab	0.0509045030789	0.813017940374	0.0295365868002	0.106540969747
-lba	0.113388484175	0.328929497469	0.0563855620035	0.501296456353
-seb	0.514598540146	0.452554744526	0.0109489051095	0.021897810219
-sea	0.0178041543027	0.946587537092	0.0178041543027	0.0178041543027
-ing	0.117081651754	0.810371109448	0.0467857576862	0.0257614811119
-beb	0.0161722585031	0.01456059013	0.00117818515556	0.968088966211
-kno	0.0159574468085	0.824468085106	0.159574468085	0.0
-kna	0.262668615231	0.369615800437	0.15716944589	0.210546138442
-ses	0.0	0.902743142145	0.0598503740648	0.0374064837905
-kne	0.0263901979265	0.917059377945	0.052780395853	0.00377002827521
-ga'	0.187759355912	0.579795780165	0.143672954597	0.0887719093261
-blo	0.148148148148	0.777777777778	0.0740740740741	0.0
-oob	0.626146134724	0.12567749297	0.0599046415909	0.188271730714
-kus	0.0321910695742	0.949117341641	0.0	0.0186915887851
-ial	0.0571428571429	0.842857142857	0.0714285714286	0.0285714285714
-ian	0.208547008547	0.676923076923	0.0410256410256	0.0735042735042
-ner	0.19921875	0.498046875	0.2734375	0.029296875
-nes	0.0228460512193	0.941111857878	0.00910331129813	0.0269387796046
-rso	0.0687622789784	0.39489194499	0.0825147347741	0.453831041257
-nen	0.270522997077	0.191753352292	0.0533270632495	0.484396587381
-nel	0.498669542598	0.247783352726	0.0797429148742	0.173804189802
-nem	0.47548719955	0.343423723011	0.0523754798641	0.128713597574
-kub	0.000890471950134	0.99910952805	0.0	0.0
-ias	0.0849944348882	0.866538500455	0.0262066174239	0.0222604472326
-nei	0.24	0.475555555556	0.0	0.284444444444
-nub	0.102615694165	0.10238574303	0.0397240586375	0.755274504168
-iks	0.0594494679522	0.902083229255	0.00599490433131	0.0324723984613
-kum	0.0604534005038	0.808564231738	0.0	0.130982367758
-kul	0.0	0.0394349617422	0.960565038258	0.0
-kuk	0.31044600258	0.570015665656	0.0128404825558	0.106697849208
-ban	0.0934301103753	0.0307311957754	0.0061029229959	0.869735770853
-bal	0.511929580727	0.394255269863	0.0694927032661	0.0243224461432
-bam	0.467631476935	0.184132316837	0.153766636516	0.194469569712
-bak	0.472118216764	0.251510159253	0.213768658579	0.0626029654037
-ekh	0.0	1.0	0.0	0.0
-bab	0.308597344551	0.29229656895	0.178256868674	0.220849217826
-hor	0.0	1.0	0.0	0.0
-jok	0.418318957115	0.312762741739	0.111872316954	0.157045984193
-ra'	0.0834607104289	0.667840617145	0.0380235083005	0.210675164126
-bat	0.00254014845757	0.997459851542	0.0	0.0
-bar	0.430853928318	0.0763425321468	0.0112547605119	0.481548779023
-bas	0.0400110593254	0.941030097164	0.00394975906469	0.0150090844458
-job	0.411392405063	0.569620253164	0.0189873417721	0.0
--or	0.242596810934	0.634396355353	0.0615034168565	0.0615034168565
-nya	0.285405352295	0.384840493685	0.0878640769881	0.241890077031
-isi	0.0128128128128	0.981661661662	0.0	0.00552552552553
-asa	0.149217910413	0.0517974933926	0.0118172691206	0.787167327074
-nye	0.165517241379	0.813793103448	0.0206896551724	0.0
-aso	0.177568149099	0.0847564670534	0.0564488076086	0.681226576239
-yer	0.0	1.0	0.0	0.0
-nyo	0.447470817121	0.540856031128	0.011673151751	0.0
-mba	0.109147469522	0.125369811699	0.0203811474123	0.745101571366
-yek	0.196545814553	0.107149154514	0.0220583136699	0.674246717263
-yem	0.0200277307041	0.896780157141	0.0831921121552	0.0
-mbe	0.0831387202242	0.720224194302	0.185427370388	0.0112097150864
-lta	0.2067381317	0.707503828484	0.0581929555896	0.0275650842267
-yeb	0.270856446271	0.194175406142	0.0596280365387	0.475340111049
-ba'	0.262875937398	0.293287632995	0.087920717613	0.355915711994
-err	0.0	0.706319702602	0.0223048327138	0.271375464684
-ers	0.0861244019139	0.777511961722	0.0382775119617	0.0980861244019
-gur	0.0217040397871	0.950484250938	0.0138513218742	0.0139603874007
-ras	0.0	1.0	0.0	0.0
-ran	0.14804043101	0.276612313658	0.520358539144	0.0549887161882
-eri	0.0	1.0	0.0	0.0
-ral	0.616733222947	0.254212525567	0.0462647316645	0.0827895198208
-ram	0.131464403964	0.69971783744	0.0494810671747	0.119336691421
-rak	0.257939266036	0.530583994917	0.0702641161018	0.141212622945
-iwe	0.0869736324282	0.913026367572	0.0	0.0
-ero	0.215874929631	0.691426716706	0.0333678054574	0.0593305482058
-era	0.20470412878	0.0416232927821	0.00444587239682	0.749226706041
-rab	0.318266716474	0.399701158013	0.0305067862035	0.25152533931
-ere	0.101123595506	0.170786516854	0.41797752809	0.310112359551
-dos	0.0	1.0	0.0	0.0
-gem	0.0677730224763	0.691721784934	0.176607907102	0.0638972854877
-bsa	0.693137472059	0.195494872544	0.041133772427	0.0702338829699
-poo	0.319163292847	0.656545209177	0.0161943319838	0.0080971659919
-uga	0.0811653130304	0.839425882066	0.0700163656139	0.00939243928968
-lo'	0.112929623568	0.69558101473	0.0589198036006	0.132569558101
-pob	0.237341772152	0.443037974684	0.253164556962	0.0664556962025
-eik	0.0983148643082	0.428047547616	0.127457929708	0.346179658367
-aza	0.22966507177	0.655502392344	0.0	0.114832535885
-ye'	0.287342950209	0.470684039088	0.0255932992089	0.216379711494
-bso	0.807464856833	0.111949828114	0.0225638882149	0.0580214268382
-oub	0.357389795229	0.462780478781	0.0792027887198	0.100626937271
-ike	0.0398671096345	0.960132890365	0.0	0.0
-500	0.0288461538462	0.173076923077	0.432692307692	0.365384615385
-lal	0.326892109501	0.608695652174	0.0579710144927	0.00644122383251
-aat	0.0	1.0	0.0	0.0
-lan	0.504910244744	0.0889280185301	0.0304896063532	0.375672130373
-nos	0.0	1.0	0.0	0.0
-lah	0.229382850901	0.485253959585	0.240305843801	0.0450573457127
-oun	0.306684141547	0.425950196592	0.228047182176	0.0393184796854
-oum	0.0713556593774	0.399002787484	0.0681853873032	0.461456165836
-lak	0.0421753953139	0.0274811747243	0.00321266630971	0.927130763652
-aam	0.252450980392	0.134803921569	0.0	0.612745098039
-aal	0.03	0.77	0.09	0.11
-fos	0.0	1.0	0.0	0.0
-sa'	0.168686691294	0.554311388455	0.137486071677	0.139515848574
-nom	0.379225736096	0.470283533261	0.125681570338	0.0248091603053
-non	0.026566774593	0.0292353105443	0.00176376303906	0.942434151824
-las	0.0727557093826	0.888723154678	0.00753044762719	0.0309906883119
-no`	0.775956284153	0.224043715847	0.0	0.0
-nob	0.421899522208	0.379000648213	0.0823088825803	0.116790946999
-bok	0.182438810575	0.0692879769066	0.0197791025748	0.728494109944
-aab	0.145251396648	0.597765363128	0.256983240224	0.0
-gek	0.310203937848	0.241309502232	0.036670517052	0.411816042868
-gen	0.467022220547	0.330401581482	0.0669448539147	0.135631344056
-bob	0.298522669384	0.187977585329	0.0743759551707	0.439123790117
-gel	0.155113062158	0.559143245053	0.0271699216738	0.258573771115
-bol	0.479819828437	0.327429062519	0.0769989956653	0.115752113378
-bom	0.187029123336	0.657263542722	0.0815712768323	0.0741360571104
-bon	0.152269399707	0.674963396779	0.0395314787701	0.133235724744
-gee	0.0164835164835	0.653846153846	0.32967032967	0.0
-kja	0.227222847226	0.047817295915	0.0128903445284	0.712069512331
-dod	0.107142857143	0.839285714286	0.0535714285715	0.0
-dob	0.44006485621	0.340613621851	0.0579876402228	0.161333881716
-don	0.0737139770597	0.795411940393	0.0021182177316	0.128755864815
-ger	0.217741935484	0.600806451613	0.16935483871	0.0120967741935
-dol	0.518670979124	0.245516024699	0.0141134960306	0.221699500147
-dom	0.232803271001	0.476207100077	0.238934239132	0.0520553897892
-dok	0.418758397134	0.185907070036	0.0204191355316	0.374915397299
-sar	0.108983218164	0.876011846002	0.00236920039487	0.0126357354393
-la'	0.375212682762	0.411991482103	0.066429422698	0.146366412437
-sau	0.0998890122087	0.817980022198	0.0	0.0821309655938
-toa	0.0	0.183673469388	0.816326530612	0.0
-del	0.640914103664	0.109422864845	0.0182269329739	0.231436098517
-sab	0.315284009048	0.335544241809	0.0378330359742	0.311338713169
-tor	0.126865671642	0.761194029851	0.111940298507	0.0
-sad	0.0	1.0	0.0	0.0
-sak	0.401947943139	0.342362509104	0.0987005019996	0.156989045757
-ibe	0.208588957055	0.736196319018	0.0184049079754	0.0368098159509
-sai	0.0	1.0	0.0	0.0
-mpu	0.0560747663551	0.859813084112	0.0	0.0841121495327
-iba	0.396958912973	0.322419928826	0.101908767389	0.178712390812
-sam	0.0277232746556	0.0259423960686	0.00714274034874	0.939191588927
-no'	0.0467920592492	0.0176808747962	0.0241138692735	0.911413196681
-lon	0.0801677930552	0.835935679329	0.0111862036821	0.0727103239338
-lol	0.505312218598	0.263608746277	0.0309975624156	0.20008147271
-bo'	0.0582463748475	0.930939151647	0.0068301937932	0.0039842797127
-lok	0.25863259145	0.367450321157	0.305782124435	0.0681349629585
-loi	0.0	0.98	0.02	0.0
-lod	0.0	1.0	0.0	0.0
-loe	0.0545454545455	0.890909090909	0.0363636363637	0.0181818181818
-lob	0.573712024501	0.138054895878	0.217794597594	0.0704384820273
-der	0.0664739884393	0.893063583815	0.0346820809249	0.00578034682081
-rob	0.163189889482	0.157332845398	0.294011481848	0.385465783273
-rom	0.626895187871	0.193144363876	0.0316413974951	0.148319050758
-lot	0.128571428571	0.342857142857	0.507142857143	0.0214285714286
-los	0.0933849709538	0.879442813417	0.00374789181086	0.0234243238179
-okh	0.0322003577818	0.957066189624	0.0107334525939	0.0
-sal	0.600929480703	0.311510742911	0.0262679329157	0.0612918434701
-mar	0.0	1.0	0.0	0.0
-win	0.159705159705	0.707616707617	0.103194103194	0.029484029484
-ipa	0.00992008817855	0.960870763296	0.027555800496	0.00165334802976
-ewa	0.0533878090449	0.813912258647	0.0187441575605	0.113955774748
-ewo	0.383495145631	0.20145631068	0.0509708737864	0.364077669903
-ewi	0.0645126314649	0.902417868372	0.0206006722325	0.0124688279302
-awi	0.0	0.91724137931	0.0827586206897	0.0
-awo	0.846715328467	0.043795620438	0.0656934306569	0.043795620438
-awa	0.251548946716	0.722428748451	0.0260223048327	0.0
-mak	0.423296224385	0.300877164022	0.0857655892934	0.190061022299
-ibu	0.00235630072007	0.0409407250113	0.0	0.956702974269
-kda	0.0342463033616	0.0174041583219	0.00104236651464	0.947307171802
-kdo	0.634763416289	0.217296698669	0.0473947325321	0.10054515251
-ma'	0.302259196154	0.350792261689	0.132613058492	0.214335483665
-sta	0.0	1.0	0.0	0.0
-oli	0.371967654987	0.514824797844	0.0	0.11320754717
-hyo	0.345276872964	0.644951140065	0.0	0.00977198697068
-red	0.0	1.0	0.0	0.0
-hya	0.0273597811217	0.972640218878	0.0	0.0
-lek	0.236681997853	0.386146006856	0.0253611816655	0.351810813625
-ois	0.0	1.0	0.0	0.0
-ion	0.0167910447761	0.958955223881	0.00373134328358	0.0205223880597
-len	0.153733808572	0.671529166305	0.0312092497609	0.143527775363
-mub	0.173076923077	0.528846153846	0.0	0.298076923077
-mum	0.122699386503	0.769938650307	0.10736196319	0.0
-lea	0.0353852636418	0.953266553025	0.00569803298155	0.00565015035146
-leb	0.668020624708	0.0286620858062	0.0272323816718	0.276084907814
-mun	0.437899550888	0.313395531026	0.0714123423418	0.177292575745
-muk	0.223736036676	0.265513010912	0.490411312714	0.0203396396978
-leg	0.0	1.0	0.0	0.0
-mus	0.0265807490938	0.905759162304	0.0207410390656	0.0469190495368
-mur	0.167618761275	0.829374624173	0.0	0.00300661455202
-ios	0.0	1.0	0.0	0.0
-les	0.0	0.635627530364	0.192307692308	0.172064777328
-iot	0.0	1.0	0.0	0.0
-fta	0.0	1.0	0.0	0.0
-eel	0.0	1.0	0.0	0.0
-rra	0.297326731162	0.0463356420578	0.0236182004163	0.632719426364
-lja	0.0392584872608	0.0134040943842	0.00853715324745	0.938800265108
-aly	0.105763517528	0.739750445633	0.0665478312537	0.0879382055852
-bka	0.121387283237	0.774566473988	0.0693641618497	0.0346820809249
-eil	0.434872535959	0.388068733488	0.0194729830424	0.157585747511
-eeb	0.74511693652	0.153559496274	0.0424055512722	0.0589180159342
-gin	0.260329422848	0.276432577241	0.112236336606	0.351001663306
-gim	0.482993197279	0.367346938776	0.149659863946	0.0
-gil	0.482397504456	0.374554367201	0.0367647058823	0.10628342246
-gik	0.466887417219	0.344370860927	0.0496688741721	0.139072847682
-ndo	0.105595643295	0.341266167461	0.330891763104	0.22224642614
-ali	0.0674636051603	0.381465262161	0.534027695585	0.0170434370932
-nda	0.0689753489831	0.0346923095009	0.0111845412579	0.885147800258
-ale	0.193548387097	0.788856304985	0.0175953079178	0.0
-nde	0.730837789661	0.197860962567	0.0534759358288	0.0178253119429
-gib	0.07775996559	0.680674007181	0.14965278355	0.091913243679
-gia	0.0	0.965277777778	0.0347222222222	0.0
-ala	0.21841646638	0.398036245173	0.0317230695629	0.351824218883
-bde	0.376421923475	0.573940020682	0.0248190279214	0.0248190279214
-bda	0.0816326530612	0.69387755102	0.142857142857	0.0816326530612
-nuk	0.0295784570945	0.0220837048927	0.0101434820764	0.938194355936
-bdo	0.333343765754	0.139739866789	0.0964764579589	0.430439909498
-obe	0.119047619048	0.698412698413	0.047619047619	0.134920634921
-you	0.147935779817	0.381880733945	0.332568807339	0.137614678899
-le'	0.445887445887	0.268398268398	0.0779220779221	0.207792207792
-yok	0.106629512676	0.155642559076	0.0803409709099	0.657386957338
-mla	0.550914255521	0.197445007348	0.0572102807986	0.194430456332
-yol	0.0	1.0	0.0	0.0
-iel	0.0487034949267	0.945885005637	0.0054114994363	0.0
-gwe	0.122222222222	0.211111111111	0.566666666667	0.1
-pel	0.522151898734	0.373417721519	0.0474683544304	0.0569620253165
-pen	0.225	0.684375	0.053125	0.0375
-ros	0.0	0.538461538462	0.461538461538	0.0
-eli	0.0308795745039	0.921453540404	0.00841405299833	0.0392528320938
-iyi	0.297991071429	0.449776785714	0.133928571429	0.118303571428
-oga	0.355481727575	0.594684385382	0.0498338870432	0.0
-ela	0.179004699951	0.581909166097	0.135655408522	0.103430725431
-iya	0.240387370484	0.452387444427	0.193893207383	0.113331977706
-lso	0.643031784841	0.122249388753	0.0	0.234718826406
-ele	0.4375	0.139150943396	0.0353773584906	0.387971698113
-isa	0.226264486436	0.23328471984	0.459802202078	0.0806485916454
-sye	0.0	1.0	0.0	0.0
-san	0.134945894335	0.753023551878	0.0814767663908	0.0305537873966
-esi	0.0	1.0	0.0	0.0
-eso	0.194904881539	0.201560677753	0.0563330809191	0.547201359789
-esa	0.203996204716	0.223001739803	0.0349072602748	0.538094795205
-ita	0.0	0.985454545455	0.0145454545455	0.0
-fan	0.0	1.0	0.0	0.0
-lu'	0.735258724428	0.216606498195	0.0481347773766	0.0
-deb	0.465865640317	0.482618841778	0.00953991072322	0.0419756071821
-uda	0.0719903206292	0.894131881428	0.0127041742287	0.0211736237144
-fat	0.0	1.0	0.0	0.0
-so'	0.196914887095	0.139581316975	0.0634136021179	0.600090193812
-udi	0.0615967410928	0.752324285957	0.12014504606	0.0659339268907
-hum	0.0	1.0	0.0	0.0
-usu	0.548387096774	0.225806451613	0.0645161290323	0.161290322581
-huk	0.0304771696624	0.901132796005	0.00660950667376	0.0617805276589
-hud	0.0	1.0	0.0	0.0
-ya'	0.0944492365109	0.199590802509	0.0703893933857	0.635570567594
-abe	0.65243902439	0.182926829268	0.0426829268292	0.121951219512
-wok	0.484381826458	0.247777873922	0.0564416034097	0.21139869621
-wom	0.414467697482	0.378723985294	0.156311910549	0.0504964066747
-aba	0.0927343674365	0.0993741094888	0.0331925843514	0.774698938723
-nja	0.0381969423369	0.0382929669161	0.00756506354161	0.915945027205
-abo	0.0710576906259	0.7882986352	0.0544914211757	0.0861522529981
-ron	0.0177737506099	0.609186589531	0.368857600892	0.00418205896703
-hus	0.0754716981132	0.858490566038	0.0471698113208	0.0188679245283
-kob	0.21186440678	0.737288135593	0.0508474576271	0.0
-kom	0.376145822358	0.321462438099	0.258139289854	0.0442524496892
-fas	0.00729454673805	0.985646214483	0.00529442908407	0.00176480969468
-ael	0.0357142857143	0.960459183673	0.00382653061225	0.0
-kok	0.129846853883	0.541125381078	0.0265977249538	0.302430040085
-oru	0.240407204385	0.316366483947	0.257635082224	0.185591229444
-som	0.313350915655	0.402519424974	0.108555507545	0.175574151825
-son	0.207240948814	0.726342072409	0.0244694132335	0.0419475655431
-oro	0.139638405105	0.64571547265	0.0288537378365	0.185792384409
-kos	0.0	1.0	0.0	0.0
-rok	0.146726170356	0.0641908147724	0.00849011210129	0.78059290277
-sob	0.410470340149	0.345191161639	0.0495094893188	0.194829008893
-gma	0.110549820631	0.679332308368	0.120067354858	0.0900505161432
-jek	0.517629808009	0.312218191776	0.0878930862035	0.0822589140109
-rut	0.0	1.0	0.0	0.0
-lis	0.0328097406822	0.918115066456	0.00334603587694	0.0457291569848
-lil	0.531820860342	0.365547043803	0.046159890002	0.0564722058535
-lim	0.465862572622	0.326718829679	0.101775469267	0.105643128432
-lin	0.414322598179	0.439824251484	0.0255922453232	0.120260905014
-ipi	0.0	0.922772277228	0.00594059405942	0.0712871287128
-run	0.0372817832134	0.917151592859	0.0455666239274	0.0
-rul	0.13986013986	0.776223776224	0.0	0.0839160839161
-lik	0.137845676119	0.392305776892	0.114139032107	0.355709514882
-rub	0.277772384558	0.266802575802	0.292010484419	0.163414555221
-oma	0.266416174946	0.347327126411	0.121038108669	0.265218589973
-gah	0.0	0.4375	0.0833333333333	0.479166666667
-lia	0.00274072720629	0.991777818381	0.00548145441257	0.0
-lib	0.148137222579	0.0972080029152	0.0152700897118	0.739384684794
-eas	0.0	1.0	0.0	0.0
-web	0.576175355936	0.252893577794	0.0322646727441	0.138666393527
-abi	0.0625	0.705357142857	0.0	0.232142857143
-wa'	0.304343399605	0.398866939234	0.111775215444	0.185014445718
-ode	0.237637362637	0.501373626374	0.106456043956	0.154532967033
-rna	0.0	1.0	0.0	0.0
-kek	0.165268132515	0.234375701922	0.0363216035348	0.564034562028
-eam	0.0	1.0	0.0	0.0
-rni	0.0	1.0	0.0	0.0
-zer	0.0	1.0	0.0	0.0
--ei	0.204785618851	0.587149277299	0.167496659784	0.0405684440666
-ura	0.298177181007	0.375890780887	0.0708874052959	0.255044632811
-rga	0.0	0.986666666667	0.0	0.0133333333333
-rat	0.0473797559224	0.922469490309	0.021536252692	0.0086145010768
-ehu	0.0	1.0	0.0	0.0
-uru	0.273792718096	0.390503320896	0.0789161450863	0.256787815921
-jik	0.391287076271	0.460143008475	0.0817002118643	0.0668697033898
-dus	0.0	0.898703403566	0.0364667747163	0.064829821718
-pam	0.189894237749	0.566953661248	0.0138749781768	0.229277122826
-bya	0.244600989385	0.194694244191	0.0692772852541	0.491427481169
-api	0.101809002945	0.872949095499	0.0252419015566	0.0
-geb	0.123440776531	0.749551419245	0.0272391205655	0.0997686836586
-dua	0.0218111407449	0.186043837425	0.0	0.79214502183
-dub	0.0658624899133	0.704926444725	0.13246156711	0.0967494982517
-wab	0.509648976876	0.305273664948	0.089003493595	0.0960738645816
-kol	0.869810304436	0.066520188448	0.0109789352572	0.0526905718592
-wan	0.251623463324	0.545098235169	0.0268630700181	0.176415231489
-wam	0.156766202812	0.348488339727	0.328358676678	0.166386780784
-duk	0.169310171198	0.0869335347433	0.068227593152	0.675528700906
-dul	0.601208459214	0.21752265861	0.0362537764351	0.14501510574
-dum	0.0929994126128	0.904757836279	0.0	0.00224275110802
-dun	0.16149068323	0.652173913044	0.149068322981	0.0372670807453
-mir	0.0470342304677	0.547948784949	0.405016984583	0.0
-nun	0.368420552846	0.284744335664	0.0861782703155	0.260656841175
-nul	0.523578550256	0.238749663164	0.0431150633252	0.194556723255
-num	0.589502546024	0.271445358402	0.0705052878966	0.0685468076773
-keb	0.259139287367	0.604349838038	0.111059694586	0.0254511800093
-nuh	0.0	1.0	0.0	0.0
-ini	0.319345281461	0.442906406333	0.0305988634708	0.207149448735
-kit	0.0222222222222	0.488888888889	0.488888888889	0.0
-ken	0.961233480176	0.031718061674	0.0	0.00704845814978
-kel	0.499583297041	0.217681270736	0.032633483518	0.250101948705
-sus	0.0283199834354	0.689560532705	0.00335253570819	0.278766948152
-sum	0.0579203742029	0.554189357118	0.00384032595739	0.384049942721
-suk	0.579872990316	0.22395362696	0.0618452888174	0.134328093907
-sos	0.00887573964497	0.881656804734	0.0	0.109467455621
-suf	0.0343014737568	0.961044557442	0.00361975351203	0.00103421528915
-sor	0.22159887798	0.719495091164	0.0336605890603	0.0252454417952
-sub	0.342458400429	0.273752012882	0.184514224369	0.199275362319
-sua	0.0609756097561	0.911585365854	0.0182926829268	0.0091463414634
-fes	0.171717171717	0.767676767677	0.0606060606061	0.0
-dib	0.328602688478	0.360451985835	0.062871407748	0.248073917939
-dil	0.621451478798	0.0909846775152	0.00475115809479	0.282812685592
-dim	0.146341463415	0.853658536585	0.0	0.0
-din	0.157894736842	0.80701754386	0.0350877192982	0.0
-dik	0.5	0.129032258065	0.0	0.370967741935
-tus	0.0167317271989	0.947785151456	0.00805598018968	0.027427141155
-age	0.0526315789474	0.915789473684	0.0	0.0315789473684
-dis	0.0	0.966549543219	0.0275474349965	0.00590302178496
-mea	0.20253164557	0.43670886076	0.259493670886	0.101265822785
-sli	0.0	1.0	0.0	0.0
-uks	0.0333333333333	0.933333333333	0.0333333333333	0.0
-sok	0.087340634547	0.0488473330239	0.0252589519934	0.838553080436
-uku	0.0327823754614	0.901079755164	0.00596043190206	0.0601774374728
-uka	0.268256952192	0.574786666562	0.0403169237451	0.116639457502
-su'	0.428526249209	0.416508538899	0.110689437065	0.044275774826
-ggu	0.125463208047	0.751191106405	0.0	0.123345685548
-uki	0.022758306782	0.969959035048	0.00455166135639	0.00273099681384
-kla	0.137123014421	0.742149652898	0.0151779203974	0.105549412283
-bne	0.115384615384	0.716783216783	0.167832167832	0.0
-ora	0.330556027886	0.538230459672	0.034291220314	0.0969222921272
-ais	0.107438016529	0.892561983471	0.0	0.0
-tis	0.0381745834369	0.914697836359	0.0207659786123	0.0263616015916
-nga	0.224571207766	0.411021318525	0.0538726677892	0.310534805919
-tia	0.00481154771453	0.95589414595	0.0296712109062	0.00962309542902
-aim	0.0350877192982	0.964912280702	0.0	0.0
-ngi	0.528138528139	0.357575757576	0.0	0.114285714286
-tin	0.0	0.912408759124	0.0875912408759	0.0
-ain	0.0129776496034	0.85075702956	0.0497476568133	0.086517664023
-ngo	0.288885094758	0.1647601161	0.401229298276	0.145125490866
-eme	0.115951313261	0.805573350417	0.0544522741832	0.0240230621396
-ema	0.129802045435	0.477296817257	0.240725355946	0.152175781362
-uwa	0.817391304348	0.0521739130435	0.0	0.130434782609
-uwo	0.942528735632	0.0	0.0	0.0574712643678
-kes	0.0	1.0	0.0	0.0
-jab	0.32315372192	0.411099691675	0.128909117604	0.136837468801
-jal	0.37962962963	0.472222222222	0.0648148148148	0.0833333333334
-jam	0.0922164692188	0.510058324946	0.324788708484	0.0729364973505
-jak	0.448507601321	0.37756157647	0.0628565617788	0.11107426043
-set	0.0	1.0	0.0	0.0
-dam	0.123679577465	0.523814429128	0.0899666616722	0.262539331735
-mda	0.188976377953	0.185039370079	0.625984251969	0.0
-rud	0.145454545454	0.592727272727	0.261818181818	0.0
-zar	0.0	1.0	0.0	0.0
-rus	0.063407319244	0.905943559582	0.00412115460491	0.0265279665694
-gge	0.707547169811	0.292452830189	0.0	0.0
-we'	0.627906976744	0.213953488372	0.158139534884	0.0
-ane	0.219197707736	0.334169054441	0.109957020057	0.336676217765
-000	0.151162790698	0.0	0.104651162791	0.744186046512
-ja'	0.107347729618	0.113862256587	0.046177042675	0.73261297112
-eta	0.00648648648648	0.987027027027	0.0	0.00648648648648
-buk	0.525525532322	0.169018353481	0.0376016293778	0.267854484819
-atu	0.428571428571	0.514285714286	0.0285714285714	0.0285714285714
-bun	0.384007029877	0.434622144112	0.0878734622144	0.0934973637961
-bul	0.530978164388	0.312799573939	0.00284040475768	0.153381856915
-ruk	0.0901992691561	0.81726761448	0.0163083818659	0.0762247344981
-uya	0.0558659217877	0.944134078212	0.0	0.0
-wer	0.390326209224	0.0607424071991	0.124859392576	0.424071991001
-bum	0.417997097242	0.429608127721	0.0391872278664	0.11320754717
-wek	0.441684717326	0.173779756107	0.0573672032298	0.327168323337
-wes	0.0377358490566	0.622641509434	0.0	0.339622641509
-wei	0.315929795675	0.24321952673	0.0186869369699	0.422163740625
-lio	0.0	1.0	0.0	0.0
-wen	0.178299885483	0.176248897066	0.110199560704	0.535251656748
-ata	0.152091254753	0.788593155894	0.00912547528517	0.0501901140684
-omo	0.0904684975767	0.892299407647	0.0032310177706	0.0140010770059
-kak	0.142857142857	0.706666666667	0.0228571428571	0.127619047619
-ksa	0.377684403141	0.455279008497	0.101340189592	0.0656963987699
-kah	0.0228716645489	0.964421855146	0.012706480305	0.0
-osa	0.0	1.0	0.0	0.0
-kan	0.346726190476	0.384837962963	0.0448082010582	0.223627645503
-kal	0.54571401389	0.34297402721	0.0271144515269	0.0841975073733
-bla	0.367980274343	0.27777317483	0.0905915377197	0.263655013107
-rum	0.573415502443	0.216812893974	0.0745241223254	0.135247481257
-yu'	0.476351351351	0.439189189189	0.0760135135135	0.00844594594595
-iah	0.208848539192	0.727607555938	0.0168590488349	0.0466848560356
-nib	0.363792029888	0.462640099626	0.143212951432	0.0303549190535
-nia	0.0267548766843	0.953787031182	0.0131342121905	0.00632387994357
-aca	0.0	0.85628742515	0.14371257485	0.0
-kas	0.180493273543	0.801569506727	0.0112107623318	0.0067264573991
-nik	0.101060236313	0.832554356068	0.0269539920861	0.0394314155327
-nin	0.218698070949	0.689039809262	0.0344628278304	0.0577992919587
-nil	0.155047406581	0.585052983826	0.0925822643614	0.167317345231
-nim	0.0680512858083	0.267661591859	0.0112337956288	0.653053326704
-khi	0.0	1.0	0.0	0.0
-aja	0.33855799373	0.529780564263	0.0564263322884	0.0752351097178
-rug	0.0	1.0	0.0	0.0
-ica	0.0	1.0	0.0	0.0
-fia	0.0135135135135	0.972972972973	0.0135135135135	0.0
-fus	0.0	0.937931034483	0.0620689655172	0.0
-yuk	0.823916772092	0.063127303463	0.00322724940106	0.109728675044
-ldo	0.488676470588	0.44	0.0360294117647	0.0352941176471
-lda	0.0510296248475	0.0273686023206	0.00204565939497	0.919556113437
-wel	0.490852256193	0.198668907058	0.0202057655662	0.290273071182
-ka'	0.322261411059	0.273085395591	0.0764225465649	0.328230646785
-ika	0.272295548384	0.483446331401	0.0362464636285	0.208011656586
-tab	0.223404255319	0.638297872341	0.0	0.13829787234
-ila	0.0291897332662	0.970810266734	0.0	0.0
-ilo	0.0	0.804054054054	0.054054054054	0.141891891892
-mle	0.533333333333	0.419047619048	0.047619047619	0.0
-ili	0.0186214923057	0.843269106427	0.00465537307642	0.133454028191
-lma	0.039917981085	0.653165578156	0.0116265964326	0.295289844326
-oam	0.0	0.928298279159	0.0	0.0717017208413
-nee	0.55525606469	0.309973045822	0.134770889488	0.0
-bus	0.00139135812012	0.9953621396	0.0023189302002	0.000927572080081
-neb	0.267432725928	0.354646416414	0.0584556614963	0.319465196161
-bja	0.430554319779	0.251801761723	0.142361420055	0.175282498443
-igo	0.101063829787	0.414893617021	0.31914893617	0.164893617021
-ebe	0.151260504202	0.764705882353	0.0672268907563	0.0168067226891
-ome	0.0	0.953307392996	0.0466926070038	0.0
-amo	0.0392017106201	0.96079828938	0.0	0.0
-kwe	0.421553090333	0.388272583201	0.0475435816164	0.14263074485
-gja	0.21978021978	0.428571428571	0.351648351648	0.0
-kwa	0.211034066928	0.547683649885	0.0327605265802	0.208521756607
-ose	0.0	1.0	0.0	0.0
-usi	0.472972972973	0.135135135135	0.364864864865	0.027027027027
-iro	0.223218709741	0.166410662967	0.225696164899	0.384674462392
-hil	0.351681957187	0.617737003058	0.0214067278287	0.00917431192661
-him	0.0	1.0	0.0	0.0
-hin	0.731707317073	0.170731707317	0.0121951219512	0.0853658536585
-ein	0.0277042801557	0.949260700389	0.00186770428016	0.0211673151751
-gus	0.0	1.0	0.0	0.0
-hia	0.0634630451815	0.866283624967	0.0146252285192	0.0556281013319
-usa	0.0798829157587	0.869086149759	0.00741447563539	0.0436164588464
-eib	0.619874969554	0.217747828205	0.00608914508403	0.156288057157
-eka	0.480888519853	0.347383211801	0.0342419798548	0.137486288492
-guk	0.385864793679	0.262510974539	0.0	0.351624231782
-gun	0.0156293675983	0.0406795213057	0.00747877281673	0.936212338279
-gum	0.249963078813	0.266361037405	0.127165077116	0.356510806666
-gul	0.391807294502	0.450326619488	0.0496733805117	0.108192705498
-iru	0.31167690957	0.349429323969	0.172080772607	0.166812993854
-eis	0.0021645021645	0.995670995671	0.0	0.0021645021645
-his	0.0	1.0	0.0	0.0
-irr	0.21426168853	0.78573831147	0.0	0.0
-bub	0.352941176471	0.362299465241	0.0935828877005	0.191176470588
-uza	0.0	1.0	0.0	0.0
-iud	0.0	1.0	0.0	0.0
-ges	0.05	0.95	0.0	0.0
-kab	0.141316073355	0.509169363538	0.263214670982	0.0862998921251
-oll	0.0809523809523	0.761904761905	0.0714285714286	0.0857142857143
-wak	0.173597040836	0.723557882398	0.0375963459437	0.0652487308226
-pia	0.0774270399047	0.833234067898	0.0714711137582	0.0178677784395
-wim	0.0882352941177	0.676470588235	0.0588235294118	0.176470588235
-wil	0.506446991404	0.493553008596	0.0	0.0
