-cad	0.0	1.0	0.0	0.0
-eut	0.0833333333333	0.916666666667	0.0	0.0
-euw	0.113492433749	0.319299169406	0.319273249029	0.247935147815
-eup	0.00943396226415	0.952830188679	0.0377358490567	0.0
-eus	0.0469675659549	0.92234582108	0.0127860887355	0.0179005242296
-eur	0.0575162709362	0.894667333573	0.0299284131623	0.0178879823285
-cas	0.0132158590308	0.97577092511	0.0	0.011013215859
-car	0.0	1.0	0.0	0.0
-rba	0.0	0.966101694915	0.0338983050847	0.0
-eun	0.511104701471	0.39284684165	0.071820017306	0.0242284395731
-ive	0.894736842105	0.0526315789474	0.0263157894737	0.0263157894737
-euk	0.168131941665	0.754622689242	0.047662036249	0.0295833328442
-eug	0.335423272224	0.426943523971	0.161537177867	0.0760960259375
-uft	0.219435736677	0.724137931034	0.00940438871472	0.0470219435737
-aus	0.176470588235	0.823529411765	0.0	0.0
-ehu	0.0105263157895	0.989473684211	0.0	0.0
-aut	0.269841269841	0.555555555556	0.174603174603	0.0
-auw	0.246354345629	0.321405187244	0.254706137145	0.177534329982
-euz	0.0	1.0	0.0	0.0
-ufa	0.0	1.0	0.0	0.0
-rgs	0.0684273709484	0.909963985594	0.0108043217287	0.0108043217287
-aum	0.00229709035222	0.997702909648	0.0	0.0
-aul	0.00204116346317	0.996427963939	0.00153087259738	0.0
-bab	0.0444444444443	0.955555555556	0.0	0.0
-svi	0.0	1.0	0.0	0.0
-sva	0.0	1.0	0.0	0.0
-fon	0.0	1.0	0.0	0.0
-hém	0.388575015694	0.302573760201	0.173258003766	0.135593220339
-hén	0.452054794521	0.21095890411	0.147945205479	0.18904109589
-ech	0.0319677635997	0.928542646071	0.0319677635997	0.00752182672935
-aän	0.0	1.0	0.0	0.0
-aäl	0.247619047619	0.67619047619	0.0380952380952	0.0380952380952
-ide	0.931019637305	0.0230005020627	0.0188709042219	0.0271089564105
-rpe	0.161325074064	0.0573660113116	0.776461082683	0.00484783194183
-ida	0.0673148840688	0.919222139117	0.00448765893792	0.00897531787584
-aät	0.0	1.0	0.0	0.0
-éft	0.213990960896	0.435842012183	0.350167026921	0.0
-idt	0.602269798246	0.316184939849	0.0455595833486	0.0359856785569
-rpt	0.829834017927	0.0870222480111	0.0683702606545	0.0147734734077
-ect	0.20594278489	0.512723249565	0.0478899952584	0.233443970286
-uta	0.0	1.0	0.0	0.0
-ute	0.199115044248	0.648230088496	0.106194690265	0.0464601769912
-uth	0.00301204819277	0.96686746988	0.0240963855422	0.00602409638555
-uts	0.176855895197	0.692139737991	0.0524017467248	0.0786026200873
-id-	0.038961038961	0.909090909091	0.0519480519481	0.0
-áár	0.37610619469	0.325221238938	0.0132743362832	0.285398230088
-num	0.0	1.0	0.0	0.0
-dát	0.223698781838	0.345514950166	0.150609080842	0.280177187154
-nui	0.047619047619	0.952380952381	0.0	0.0
-dán	0.423076923077	0.153846153846	0.25641025641	0.166666666667
-ijd	0.13335875261	0.56259802992	0.0629944716464	0.241048745824
-ije	0.0340909090909	0.246669278997	0.670454545455	0.0487852664577
-ijf	0.451404608682	0.133897009201	0.0244453619088	0.390253020208
-ijg	0.325263024464	0.521612371657	0.11737862847	0.0357459754088
-ija	0.0	1.0	0.0	0.0
-ijl	0.121471656739	0.0773404163789	0.0127125584676	0.788475368415
-ijm	0.0666666666667	0.866666666667	0.0666666666667	0.0
-ijn	0.275292267763	0.0448302072134	0.00891305449614	0.670964470527
-ijk	0.147295982036	0.30127343474	0.16775393281	0.383676650414
-ijt	0.843290351339	0.0861837291965	0.00701080568741	0.0635151137774
-ijp	0.400343970954	0.215130475402	0.291525999533	0.0929995541117
-ijs	0.192111208282	0.418022776625	0.177129247304	0.212736767788
-jle	0.188811188811	0.293706293706	0.293706293706	0.223776223776
-jld	0.25	0.233333333333	0.183333333333	0.333333333333
-lpt	0.447015425889	0.360160965795	0.0513078470825	0.141515761234
-oft	0.734656133654	0.240438889014	0.0102041915893	0.014700785743
-ofs	0.085698630137	0.879452054795	0.00986301369863	0.0249863013699
-ïda	0.0073732718894	0.988940092166	0.00184331797235	0.00184331797235
-lpe	0.573170731707	0.280487804878	0.0975609756098	0.0487804878049
-jls	0.0235743152223	0.218904355635	0.00942972608891	0.748091603053
-ofd	0.328461156792	0.582690714965	0.0683232664376	0.0205248618059
-ofa	0.0	1.0	0.0	0.0
-ual	0.0	0.722222222222	0.277777777778	0.0
-uar	0.0	1.0	0.0	0.0
-sje	0.0482358856061	0.674148995948	0.116345784166	0.16126933428
-ade	0.0668061121844	0.792428427725	0.126405765167	0.014359694923
-ada	0.00883002207506	0.991169977925	0.0	0.0
-sja	0.0	1.0	0.0	0.0
-adi	0.0	1.0	0.0	0.0
-adt	0.686090934656	0.160910946956	0.0396898884522	0.113308229936
-ads	0.108705104792	0.435313215642	0.414528799606	0.0414528799606
-lam	0.0331500152765	0.94803806032	0.0123957924141	0.00641613198901
-sen	0.116090803354	0.650253459036	0.0484442343688	0.185211503241
-sem	0.0167047827384	0.960624440688	0.0226707765735	0.0
-sel	0.148423935864	0.777624203869	0.0506071974089	0.0233446628587
-sek	0.0	1.0	0.0	0.0
-sei	0.0	1.0	0.0	0.0
-sef	0.225891817508	0.651529586112	0.0698634487139	0.0527151476659
-uis	0.0426946929204	0.927119997634	0.00881413264111	0.0213711768048
-sed	0.0	0.904761904762	0.095238095238	0.0
-lba	0.0	1.0	0.0	0.0
-uit	0.0610903561487	0.0305386997646	0.00657614830257	0.901794795784
-sea	0.116521249648	0.814241486068	0.0	0.0692372642837
-aap	0.192483595148	0.606681248757	0.0372127375508	0.163622418544
-uik	0.187561613791	0.727493032492	0.0360236483319	0.0489217053845
-uim	0.525452250736	0.3718973496	0.0546907867059	0.0479596129575
-uil	0.157710595087	0.697492572287	0.107885842287	0.0369109903395
-uin	0.113832370149	0.879769948381	0.00472872108626	0.00166896038338
-set	0.00665188470067	0.993348115299	0.0	0.0
-uie	0.0388258132831	0.0633272545444	0.897846932172	0.0
-uid	0.133119994429	0.689412912791	0.142760667984	0.0347064247965
-uig	0.554634381519	0.314473796854	0.0156123980013	0.115279423625
-uif	0.777491652046	0.198737902541	0.0237704454129	0.0
-aam	0.10637804606	0.805060646159	0.0677802345294	0.0207810732514
-uja	0.060553633218	0.918685121107	0.0	0.0207612456747
-bla	0.0	1.0	0.0	0.0
-fos	0.0	1.0	0.0	0.0
-aai	0.474708013048	0.4438137011	0.0523788980477	0.0290993878043
-mta	0.0	1.0	0.0	0.0
-mte	0.133710986139	0.742347741609	0.0923333743826	0.0316078978696
-uun	0.00851869380029	0.876952200663	0.114529105537	0.0
-las	0.0968039741505	0.882094342111	0.0123972391964	0.00870444454214
-wél	0.364130434783	0.171195652174	0.118206521739	0.346467391304
-er-	0.0714285714286	0.428571428571	0.0	0.5
-uut	0.224968314322	0.144169835234	0.134188846641	0.496673003802
-uus	0.275956284153	0.650273224044	0.0409836065574	0.0327868852459
-uur	0.0970700223493	0.847555016157	0.0290320569356	0.0263429045576
-zon	0.00563834071687	0.977151295476	0.00461806953953	0.0125922942677
-zot	0.0895027624309	0.538121546961	0.369060773481	0.00331491712707
-zou	0.172571977777	0.0185992580073	0.00362690475123	0.805201859464
-az'	0.0	1.0	0.0	0.0
-zor	0.00650759219089	0.993492407809	0.0	0.0
-erp	0.642093914415	0.168611667824	0.116943792479	0.0723506252817
-rat	0.392857142857	0.511904761905	0.0714285714286	0.0238095238095
-ers	0.0907850296723	0.734489112211	0.0479548743054	0.126770983811
-rar	0.0	1.0	0.0	0.0
-ras	0.026476676455	0.924180426515	0.0476098782073	0.00173301882251
-rap	0.0	0.6	0.4	0.0
-ran	0.00323799244469	0.977334052887	0.0194279546681	0.0
-rao	0.0169202111146	0.97718099969	0.00357031977647	0.00232846941943
-ral	0.20620635685	0.176258126655	0.0680231158199	0.549512400674
-erk	0.204950556001	0.568656001454	0.159722078605	0.0666713639387
-rak	0.832882186035	0.102105139816	0.0116536909287	0.0533589832203
-rah	0.0118694362018	0.988130563798	0.0	0.0
-rai	0.0121212121212	0.975757575758	0.0	0.0121212121212
-raf	0.123660646914	0.770750540772	0.0577745359424	0.047814276372
-era	0.00615384615383	0.981538461538	0.00615384615384	0.00615384615384
-rad	0.511387517717	0.375226039783	0.039343140609	0.0740433018914
-erd	0.706829436644	0.0868822249323	0.0477370081692	0.158551330254
-ere	0.0372487760447	0.744340731604	0.119637341968	0.0987731503836
-erf	0.647596050147	0.292051367034	0.0276826438977	0.0326699389214
-erg	0.0990163444833	0.804066786499	0.0238809762338	0.0730358927841
-ugt	0.415098120056	0.168050583942	0.319212881797	0.0976384142042
-oze	0.0774338872633	0.273072820626	0.603676917131	0.0458163749793
-uge	0.444444444445	0.259259259259	0.222222222222	0.074074074074
-ugd	0.237245876486	0.496164173379	0.216724204066	0.0498657460683
-azi	0.0555555555557	0.916666666667	0.0	0.0277777777778
-a’s	0.078431372549	0.78431372549	0.0588235294118	0.078431372549
-aze	0.0868637610484	0.187138067662	0.693081377629	0.0329167936605
-aza	0.0	0.993031358885	0.0	0.00696864111498
-wèl	0.22434086629	0.13488700565	0.11581920904	0.524952919021
-ike	0.21488372093	0.626976744186	0.0381395348837	0.12
-ika	0.0	1.0	0.0	0.0
-nop	0.370065789474	0.237253289474	0.160361842105	0.232319078947
-nor	0.0	1.0	0.0	0.0
-nos	0.0236266981689	0.976373301831	0.0	0.0
-not	0.173954372624	0.734790874525	0.0684410646388	0.0228136882129
-nou	0.442931517821	0.489787745294	0.0504605526632	0.0168201842211
-ikt	0.614302383905	0.206061341628	0.0992070745245	0.0804291999427
-iks	0.0625	0.85197368421	0.046052631579	0.0394736842105
-nom	0.0	1.0	0.0	0.0
-non	0.00624349635796	0.987513007284	0.00624349635796	0.0
-noa	0.0	1.0	0.0	0.0
-nob	0.0	1.0	0.0	0.0
-nod	0.0	1.0	0.0	0.0
-noe	0.0	1.0	0.0	0.0
-nof	0.0	1.0	0.0	0.0
-nog	0.147990829387	0.0513131895798	0.0667878389649	0.733908142068
-tof	0.0323878692708	0.928213900144	0.00546808182494	0.0339301487599
-gla	0.0	1.0	0.0	0.0
-vos	0.04375	0.909375	0.046875	0.0
-tob	0.0	1.0	0.0	0.0
-hèm	0.5625	0.3125	0.0	0.125
-ton	0.0	1.0	0.0	0.0
-gli	0.0	1.0	0.0	0.0
-tol	0.210473313192	0.717019133938	0.0725075528701	0.0
-tom	0.161012708896	0.141832616165	0.471329930952	0.225824743987
-tok	0.0540345655631	0.922683036349	0.00611162949817	0.0171707685901
-tot	0.037123027923	0.00923660948699	0.0162701331431	0.937370229447
-tor	0.00300601202405	0.987975951904	0.0060120240481	0.00300601202405
-tos	0.0	1.0	0.0	0.0
-top	0.280268213667	0.346794243954	0.131093196715	0.241844345664
-tip	0.0396802033029	0.87750893763	0.0241531672278	0.058657691839
-vol	0.236219363549	0.0898272655313	0.405430670688	0.268522700233
-rot	0.63679245283	0.285377358491	0.0707547169811	0.00707547169811
-iek	0.090962636602	0.207569626544	0.613799521699	0.0876682151556
-rop	0.176903385854	0.115356497704	0.041957200737	0.665782915705
-iel	0.469799798506	0.465787691511	0.0101091855945	0.0543033243884
-ror	0.0	1.0	0.0	0.0
-ien	0.430033548469	0.0810858337064	0.0152860545519	0.473594563273
-ied	0.514350666181	0.405735768562	0.0175212331989	0.0623923320585
-ieg	0.793522267207	0.124769966875	0.0408538829591	0.0408538829592
-ief	0.47425095884	0.494604909096	0.0141488685357	0.0169952635275
-rod	0.0176991150443	0.823008849557	0.0530973451327	0.106194690266
-roe	0.0	1.0	0.0	0.0
-rof	0.691866028708	0.172631578947	0.0987559808612	0.0367464114832
-rog	0.106034071008	0.790365501399	0.0635704050766	0.0400300225169
-rol	0.0220994475138	0.959413514662	0.0108372290693	0.00764980875478
-rom	0.0611353639144	0.109460695766	0.0119478894349	0.817456050885
-ron	0.0262570727678	0.953125577841	0.0084133578235	0.0122039915681
-ier	0.104043093143	0.258680485765	0.0190169575743	0.618259463517
-iet	0.163372444001	0.0540103556167	0.0154267259078	0.767190474475
-rok	0.754668221238	0.112046324621	0.0224771772512	0.11080827689
-dda	0.0	0.985163204748	0.0148367952522	0.0
-ikè	0.344827586207	0.534482758621	0.0689655172414	0.051724137931
-sap	0.0909090909091	0.818181818182	0.0	0.090909090909
-hka	0.0	1.0	0.0	0.0
-sau	0.00655021834061	0.993449781659	0.0	0.0
-tie	0.164963741985	0.738890351695	0.0635367416853	0.0326091646346
-mpe	0.142857142857	0.857142857143	0.0	0.0
-olt	0.624505928854	0.351778656126	0.0237154150198	0.0
-hys	0.0	1.0	0.0	0.0
-dàn	0.521739130435	0.0434782608696	0.173913043478	0.260869565217
-jft	0.726277412375	0.137926061163	0.0221532207396	0.113643305723
-a's	0.00816326530612	0.979591836735	0.0122448979592	0.0
-lfd	0.816505871617	0.105418711812	0.0528389182856	0.0252364982856
-fst	0.338310779281	0.382641157256	0.0877274848344	0.191320578628
-lei	0.0854534534535	0.371555555556	0.23593993994	0.307051051051
-mug	0.45681714923	0.485357895172	0.0231299822395	0.0346949733592
-oit	0.103777385591	0.0809904545749	0.0207511267772	0.794481033057
-lel	0.00380155863904	0.996198441361	0.0	0.0
-lem	0.00840180582265	0.985273701422	0.00125461482297	0.00506987793215
-len	0.20333558036	0.348266645561	0.0558015565968	0.392596217482
-mum	0.0	0.995360551432	0.00265111346765	0.00198833510074
-mul	0.0	1.0	0.0	0.0
-leb	0.0	1.0	0.0	0.0
-led	0.0	1.0	0.0	0.0
-lef	0.0	1.0	0.0	0.0
-leg	0.635556922266	0.245337931337	0.0482131482417	0.0708919981549
-lex	0.767567567568	0.12972972973	0.0324324324324	0.0702702702703
-fse	0.150300601202	0.24248496994	0.583166332665	0.0240480961924
-oie	0.160687593423	0.331838565022	0.485052316891	0.0224215246637
-oid	0.788878748878	0.129243456778	0.0505219723528	0.0313558219914
-mus	0.0103153973679	0.972369471336	0.0106838044168	0.00663132687939
-oim	0.0	1.0	0.0	0.0
-les	0.0433858125044	0.487388294684	0.00667451931982	0.462551373491
-let	0.565999922713	0.271848111088	0.0896785220039	0.072473444195
-mpt	0.331673306773	0.330677290837	0.236055776892	0.101593625498
-muz	0.0	1.0	0.0	0.0
-san	0.0200296735905	0.971068249258	0.00890207715134	0.0
-sam	0.0	1.0	0.0	0.0
-sal	0.0	1.0	0.0	0.0
-eid	0.135406287661	0.659362160926	0.117444765577	0.0877867858364
-rps	0.0645161290323	0.903225806452	0.0322580645161	0.0
-jke	0.175270861412	0.274553387171	0.486960927352	0.0632148240652
-lst	0.579710144928	0.130434782609	0.0434782608695	0.246376811594
-pel	0.0407570278926	0.930085453604	0.0213264341043	0.00783108439873
-pen	0.618349551931	0.284254970738	0.0385314737114	0.0588640036201
-ogt	0.202700830957	0.057047121612	0.0877146278474	0.652537419584
-pek	0.090909090909	0.909090909091	0.0	0.0
-pet	0.155502392344	0.700956937799	0.143540669856	0.0
-lsa	0.0	1.0	0.0	0.0
-jkt	0.443049284061	0.199990481072	0.153811663669	0.203148571199
-lsd	0.674698795181	0.144578313253	0.144578313253	0.0361445783133
-lse	0.0502935786291	0.26822407275	0.628870209867	0.0526121387531
-oge	0.0534581195508	0.680049265726	0.131105240215	0.135387374508
-ogd	0.685739158737	0.212029355769	0.0630564743666	0.039175011127
-cco	0.0	1.0	0.0	0.0
-eja	0.0	0.986301369863	0.0	0.013698630137
-iën	0.0706695815751	0.880522649855	0.0137271849103	0.0350805836596
-iël	0.0211082855046	0.968759737453	0.00844331420185	0.00168866284037
-rid	0.0	1.0	0.0	0.0
-est	0.196261209922	0.689966313616	0.0338580408036	0.0799144356585
-jan	0.0508474576271	0.864406779661	0.0847457627119	0.0
-tes	0.0430950809489	0.918002873005	0.0158403540785	0.0230616919672
-iër	0.0444647758463	0.696431838975	0.24263494968	0.0164684354986
-ith	0.0418410041841	0.933054393305	0.0167364016736	0.00836820083681
-rib	0.0722891566266	0.927710843373	0.0	0.0
-esa	0.0	1.0	0.0	0.0
-ite	0.24653205234	0.476793623799	0.141763862272	0.134910461589
-ese	0.196062346185	0.496308449549	0.257588187039	0.0500410172272
-esd	0.228549669995	0.138771365713	0.610340159079	0.0223388052124
-spa	0.0	1.0	0.0	0.0
-udt	0.519249391819	0.122958722736	0.0397664431377	0.318025442308
-fah	0.0	1.0	0.0	0.0
-fai	0.0	1.0	0.0	0.0
-fan	0.0243358345163	0.955384303387	0.0202798620969	0.0
-fal	0.0	1.0	0.0	0.0
-fam	0.0	1.0	0.0	0.0
-far	0.0	1.0	0.0	0.0
-fas	0.0269311758838	0.966419151058	0.00199490191732	0.00465477114042
-uda	0.00263883740363	0.994429121037	0.00219903116969	0.000733010389899
-spt	0.554317548747	0.403899721448	0.0362116991643	0.00557103064067
-fat	0.00231481481482	0.997685185185	0.0	0.0
-ude	0.126072004855	0.0912409617583	0.672534565247	0.11015246814
-faz	0.0612244897959	0.938775510204	0.0	0.0
-udi	0.0	1.0	0.0	0.0
-es'	0.125	0.875	0.0	0.0
-ael	0.00199346385488	0.995318380341	0.00196325985707	0.000724895947227
-och	0.128346545765	0.0677579714644	0.0115322114039	0.792363271367
-tna	0.0	1.0	0.0	0.0
-eas	0.0351046698873	0.962640901771	0.0	0.00225442834139
-ear	0.0	1.0	0.0	0.0
-rns	0.0371977681339	0.889646621203	0.06943583385	0.00371977681339
-ize	0.114493712773	0.843414956982	0.0309728656519	0.011118464593
-rne	0.176784523015	0.50433622415	0.124082721815	0.194796531021
-rnd	0.321476127069	0.128400228267	0.545558303215	0.0045653414495
-iza	0.0	1.0	0.0	0.0
-rna	0.0911745379424	0.057769611744	0.0162935486057	0.834762301708
-eah	0.0	1.0	0.0	0.0
-eam	0.0288065843621	0.970164609054	0.0	0.00102880658436
-eal	0.0	1.0	0.0	0.0
-rni	0.0	1.0	0.0	0.0
-ean	0.0	0.315789473684	0.684210526316	0.0
-uri	0.0	1.0	0.0	0.0
-ura	0.0	1.0	0.0	0.0
-urd	0.771386165247	0.127386620616	0.0228494751894	0.0783777389482
-ure	0.0369409697527	0.801865874576	0.112119817596	0.0490733380747
-urf	0.393100211218	0.189157474771	0.262849096456	0.154893217555
-urg	0.0144927536232	0.985507246377	0.0	0.0
-urs	0.0345864817629	0.926377313674	0.0319571001084	0.00707910445437
-urt	0.436664068925	0.295928440281	0.0696979354868	0.197709555307
-zni	0.0	1.0	0.0	0.0
-pje	0.107462686567	0.689552238806	0.170575692964	0.0324093816631
-zíj	0.479166666667	0.125	0.145833333333	0.25
-iha	0.0	1.0	0.0	0.0
-nni	0.0	1.0	0.0	0.0
-ihu	0.00719424460432	0.964028776978	0.0287769784173	0.0
-nna	0.0105322585008	0.9551100827	0.0107367683746	0.0236208904242
-kla	0.0	1.0	0.0	0.0
-nne	0.203830236697	0.680704402911	0.0743821797281	0.0410831806638
-bye	0.0666666666666	0.933333333333	0.0	0.0
-mde	0.381961133429	0.341558281541	0.223615432517	0.0528651525125
-mds	0.224489795918	0.173469387755	0.602040816327	0.0
-mdt	0.334685598377	0.367139959432	0.231237322515	0.0669371196755
-hja	0.0	1.0	0.0	0.0
-zki	0.0	1.0	0.0	0.0
-hjo	0.0	1.0	0.0	0.0
-gíj	0.674922600619	0.157894736842	0.0743034055727	0.0928792569659
-aje	0.00198955483711	0.992539169361	0.0	0.00547127580205
-aja	0.0178496555855	0.972087451333	0.00197663971249	0.00808625336927
-nóg	0.57528957529	0.0888030888031	0.011583011583	0.324324324324
-mra	0.0	1.0	0.0	0.0
-mre	0.0	1.0	0.0	0.0
-mri	0.0172413793103	0.98275862069	0.0	0.0
-lda	0.0	1.0	0.0	0.0
-lde	0.639591950108	0.130031795491	0.0874197547914	0.14295649961
-oja	0.0	1.0	0.0	0.0
-sga	0.0	1.0	0.0	0.0
-fra	0.0	0.985074626866	0.0149253731343	0.0
-lds	0.0659751012593	0.812374606545	0.104390983005	0.0172593091902
-óet	0.364779874214	0.477987421384	0.12893081761	0.0283018867925
-ldt	0.408864254548	0.252752105911	0.078724522372	0.259659117169
-bja	0.0	1.0	0.0	0.0
-usi	0.0	0.983606557377	0.016393442623	0.0
-ert	0.650768325287	0.222527744424	0.064038045208	0.0626658850811
-ulk	0.120403337744	0.0901552466214	0.426350100252	0.363091315383
-usa	0.0	1.0	0.0	0.0
-use	0.063829787234	0.936170212766	0.0	0.0
-usd	0.180212014134	0.226148409894	0.593639575972	0.0
-ust	0.338785672518	0.495495716772	0.105559080797	0.0601595299132
-zez	0.0	1.0	0.0	0.0
-epe	0.290703393999	0.302016724053	0.272257747172	0.135022134776
-eph	0.189189189189	0.243243243243	0.162162162162	0.405405405405
-ept	0.797172606885	0.129612629616	0.0238128880383	0.0494018754607
-eps	0.090909090909	0.909090909091	0.0	0.0
-win	0.370950206567	0.548162644053	0.0534898891063	0.027397260274
-wil	0.406883597616	0.24640846484	0.0301611213986	0.316546816145
-wik	0.713804713805	0.286195286195	0.0	0.0
-wij	0.00745011914163	0.00408673751536	0.00188429743948	0.986578845904
-wig	0.0268447960841	0.0521867047976	0.582562931113	0.338405568005
-ius	0.0154775445758	0.969148786986	0.0113744371212	0.00399923131658
-us'	0.162534435262	0.741046831956	0.0523415977961	0.0440771349862
-ium	0.0244282744283	0.965696465696	0.0031185031185	0.00675675675675
-wit	0.0177125506073	0.0495228455755	0.931318681319	0.00144592249855
-wis	0.108108108108	0.0540540540541	0.72972972973	0.108108108108
-iud	0.0	1.0	0.0	0.0
-uel	0.00491501126357	0.988941224657	0.00245750563179	0.00368625844768
-us’	0.255905511811	0.614173228347	0.0472440944882	0.0826771653543
-uee	0.120743034056	0.860681114551	0.0	0.0185758513932
-tst	0.380611534258	0.306369677526	0.217664735765	0.0953540524514
-azo	0.0	1.0	0.0	0.0
-ulp	0.474035062986	0.406295628707	0.0356671735124	0.0840021347941
-tse	0.0678642714571	0.744289199379	0.1541361721	0.0337103570636
-tal	0.116914573732	0.663247982234	0.154709693906	0.0651277501284
-tam	0.0113915038367	0.987500988846	0.0	0.00110750731746
-tan	0.0596562184024	0.928603527694	0.00803280530277	0.00370744860128
-kse	0.130635971889	0.310177285479	0.504092315701	0.0550944269312
-tai	0.0499999999999	0.95	0.0	0.0
-tak	0.611636894924	0.271406475099	0.0628491905106	0.0541074394668
-tad	0.0211096014539	0.942655197843	0.00605805654666	0.030177144156
-taf	0.0825609173435	0.891829909221	0.0193024366937	0.00630673674151
-kst	0.294777729823	0.550712127751	0.105308588692	0.0492015537332
-tat	0.0	1.0	0.0	0.0
-tap	0.418635170604	0.397637795276	0.122047244094	0.0616797900262
-tar	0.0	0.949121744397	0.0	0.0508782556027
-tas	0.0797128472869	0.909798620175	0.00839082603021	0.00209770650755
-rms	0.294117647059	0.705882352941	0.0	0.0
-aël	0.00980952193354	0.972757893907	0.00567297653988	0.0117596076191
-rmt	0.418920645738	0.384716957022	0.133321974699	0.0630404225412
-ent	0.595100106577	0.240858098406	0.0215762827536	0.142465512264
-ens	0.155339378363	0.551768778576	0.057356620195	0.235535222866
-eno	0.0	1.0	0.0	0.0
-eni	0.0	0.860465116279	0.0	0.139534883721
-rmd	0.308378417897	0.45708436906	0.117268606521	0.117268606521
-enk	0.604183666138	0.267596232319	0.0359829333807	0.0922371681621
-end	0.474806542124	0.205419773977	0.117913939476	0.201859744423
-ene	0.185538733759	0.390247170422	0.138346020121	0.285868075698
-rmi	0.0392156862744	0.960784313726	0.0	0.0
-ena	0.00393137955682	0.996068620443	0.0	0.0
-het	0.0246637370854	0.0101162162567	0.00307545833293	0.962144588325
-hep	0.654569892473	0.181451612903	0.0994623655914	0.0645161290322
-her	0.135255570118	0.708519003932	0.0456094364351	0.110615989515
-hes	0.0	1.0	0.0	0.0
-hel	0.0266890826959	0.911821364034	0.0463134082076	0.0151761450624
-hem	0.0106729823303	0.0791659924047	0.000619614578953	0.909541410686
-hen	0.0149415812386	0.0402490431316	0.00160055256675	0.943208823063
-hei	0.0	0.5	0.0	0.5
-hef	0.79932056656	0.117832388154	0.0506287498973	0.0322182953892
-heg	0.041386445939	0.958613554061	0.0	0.0
-hea	0.00579150579151	0.959459459459	0.034749034749	0.0
-heb	0.755332744846	0.0398421429068	0.00500442112941	0.199820691118
-nst	0.235560534391	0.66717157145	0.0556925751031	0.0415753190567
-eïn	0.0	1.0	0.0	0.0
-nsd	0.0644095788604	0.23534269199	0.650701899257	0.0495458298926
-nse	0.0330299288866	0.238775471138	0.231046793197	0.497147806778
-bië	0.0405777166437	0.93878954608	0.0041265474553	0.0165061898212
-put	0.100221336875	0.678618857902	0.0267374944666	0.194422310757
-pur	0.0	1.0	0.0	0.0
-pus	0.00246726133991	0.994258872651	0.000284684000759	0.00298918200797
-nah	0.0	1.0	0.0	0.0
-zua	0.0123164156907	0.947945714817	0.0	0.0397378694923
-pua	0.0	1.0	0.0	0.0
-pul	0.0	1.0	0.0	0.0
-nan	0.00778331257783	0.959526774595	0.0326899128269	0.0
-jgd	0.935483870968	0.0645161290322	0.0	0.0
-dea	0.00254943290174	0.990464719462	0.00409515206263	0.00289069557362
-lgt	0.722113270553	0.121766384432	0.020755592819	0.135364752196
-ded	0.222222222222	0.777777777778	0.0	0.0
-dee	0.597579425113	0.24810892587	0.0363086232981	0.118003025719
-mse	0.0967741935484	0.264516129032	0.638709677419	0.0
-okt	0.603434937336	0.239207798236	0.114962091908	0.0423951725205
-msi	0.0	1.0	0.0	0.0
-dek	0.0671769325867	0.91918769544	0.0109082975784	0.00272707439459
-del	0.256153751359	0.563544409178	0.142345978897	0.0379558605656
-dem	0.195442252593	0.737300633713	0.0342614656963	0.0329956479982
-den	0.447923123834	0.268125844213	0.0548422396256	0.229108792328
-nag	0.0	1.0	0.0	0.0
-jgt	0.485567258444	0.115116957768	0.0289724144309	0.370343369357
-lgd	0.813662131519	0.112131519274	0.0185941043084	0.055612244898
-des	0.0118750495127	0.116623398889	0.0067812414228	0.864720310176
-det	0.593585868959	0.173806519762	0.0996156216073	0.132991989672
-kim	0.00740009866798	0.992599901332	0.0	0.0
-mst	0.560317963837	0.32692056502	0.0302849359034	0.0824765352391
-kis	0.0	0.974440894569	0.0255591054313	0.0
-bit	0.0854838709677	0.822580645161	0.0870967741935	0.00483870967741
-biu	0.0	1.0	0.0	0.0
-bir	0.0	1.0	0.0	0.0
-bis	0.0	1.0	0.0	0.0
-kir	0.0	1.0	0.0	0.0
-bid	0.48923607264	0.435696366189	0.00231135152428	0.0727562096477
-bie	0.0	0.984962406015	0.0	0.0150375939849
-bib	0.0	0.925925925926	0.037037037037	0.037037037037
-bia	0.0	0.997483221477	0.0	0.00251677852348
-bin	0.0392156862747	0.960784313725	0.0	0.0
-bil	0.0	1.0	0.0	0.0
-bim	0.0258620689655	0.939655172414	0.0258620689655	0.00862068965516
-bij	0.0787745057211	0.0295443593515	0.00979613995241	0.881884994975
-ifa	0.0	1.0	0.0	0.0
-lux	0.04	0.94	0.0	0.02
-met	0.0444945620214	0.00857034791484	0.00499224078568	0.941942849278
-luz	0.0169491525424	0.949152542373	0.0338983050848	0.0
-pga	0.759259259259	0.240740740741	0.0	0.0
-jij	0.108038193784	0.0767299425572	0.0209989728763	0.794232890782
-rre	0.0683890078142	0.406554129128	0.143116010373	0.381940852684
-mes	0.0103270223752	0.931153184165	0.0585197934596	0.0
-mer	0.152236470109	0.65285346961	0.107018476718	0.0878915835638
-lus	0.0138435867452	0.956823012941	0.0012676641149	0.0280657361987
-dse	0.0944752397819	0.465349495135	0.346505048646	0.0936702164363
-mee	0.350605366779	0.122057415428	0.0275365779782	0.499800639814
-lui	0.0672545722815	0.642109597502	0.288233881206	0.00240194901005
-luk	0.494648369724	0.337524504833	0.114829085829	0.0529980396133
-mea	0.0	0.992414664981	0.0	0.00758533501896
-lum	0.0121951219512	0.987804878049	0.0	0.0
-mem	0.409090909091	0.409090909091	0.0454545454547	0.136363636364
-mel	0.00933311259146	0.968390139394	0.0130103322738	0.00926641574112
-lub	0.0	1.0	0.0	0.0
-men	0.612317603431	0.162007068946	0.0522662864817	0.173409041141
-mei	0.018691588785	0.97507788162	0.0	0.00623052959501
-nds	0.113695293329	0.603065502117	0.0901841697125	0.193055034842
-mek	0.0	1.0	0.0	0.0
-lug	0.269281846971	0.205843293493	0.0249259372765	0.49994892226
-zpa	0.0	1.0	0.0	0.0
-sri	0.0	1.0	0.0	0.0
-ubs	0.117304492512	0.870216306156	0.0124792013311	0.0
-sra	0.0	1.0	0.0	0.0
-uba	0.0	1.0	0.0	0.0
-oan	0.0	1.0	0.0	0.0
-tje	0.130575482029	0.661638222736	0.17265691329	0.0351293819444
-gif	0.0464216634429	0.777176015474	0.167117988395	0.00928433268859
-tja	0.0	1.0	0.0	0.0
-ake	0.244871728067	0.471227832491	0.0807322877043	0.203168151738
-aka	0.0769230769231	0.723076923077	0.2	0.0
-akt	0.60802315645	0.147480452786	0.139649543707	0.104846847057
-aks	0.24929732372	0.506293535378	0.0885983135769	0.155810827325
-zza	0.0	1.0	0.0	0.0
-gom	0.0294247092109	0.962276013832	0.00264067903175	0.00565859792518
-gol	0.0	1.0	0.0	0.0
-gon	0.806416333933	0.0731749996023	0.0120500135215	0.108358652944
-zzi	0.0	1.0	0.0	0.0
-gob	0.0	1.0	0.0	0.0
-god	0.0115458323083	0.961933961838	0.00370126447455	0.0228189413788
-gog	0.011673151751	0.97859922179	0.00972762645914	0.0
-oab	0.00917431192661	0.989414255469	0.0	0.00141143260409
-ërs	0.0429758607044	0.82216066482	0.107004352988	0.0278591214879
-vlo	0.571428571429	0.428571428571	0.0	0.0
-col	0.0	1.0	0.0	0.0
-lka	0.0	1.0	0.0	0.0
-òns	0.310344827586	0.51724137931	0.137931034483	0.0344827586207
-eor	0.0158940397351	0.980132450331	0.00397350993378	0.0
-éze	0.670103092784	0.134020618557	0.144329896907	0.0515463917526
-eom	0.0	1.0	0.0	0.0
-rle	0.0	1.0	0.0	0.0
-oaz	0.0222634508349	0.977736549165	0.0	0.0
-upt	0.666666666667	0.333333333333	0.0	0.0
-ups	0.0	1.0	0.0	0.0
-roi	0.217391304348	0.608695652174	0.0	0.173913043478
-aïs	0.051948051948	0.948051948052	0.0	0.0
-zem	0.0402144772118	0.774798927614	0.120643431635	0.0643431635389
-upe	0.493150684932	0.232876712329	0.219178082192	0.0547945205479
-ame	0.430589673686	0.253582994161	0.255076834817	0.060750497336
-oar	0.0289855072464	0.971014492754	0.0	0.0
-hza	0.0	1.0	0.0	0.0
-mfa	0.0479233226837	0.952076677316	0.0	0.0
-oël	0.013986013986	0.986013986014	0.0	0.0
-pte	0.319917752756	0.612540469716	0.0479123720431	0.019629405485
-jze	0.129393316751	0.615442846329	0.155131393966	0.100032442954
-iri	0.0	1.0	0.0	0.0
-tre	0.0	1.0	0.0	0.0
-gaf	0.810182837713	0.0423936926457	0.00778477048349	0.139638699158
-gad	0.0180117076099	0.966978536048	0.00900585380498	0.00600390253665
-tra	0.0590999860588	0.851282944172	0.0812356172008	0.00838145256835
-gab	0.0	1.0	0.0	0.0
-tro	0.0251748251749	0.970629370629	0.0041958041958	0.0
-gal	0.144946236559	0.685161290323	0.0795698924731	0.0903225806451
-tri	0.0	1.0	0.0	0.0
-gai	0.0	1.0	0.0	0.0
-gah	0.0	1.0	0.0	0.0
-gau	0.0	1.0	0.0	0.0
-gat	0.379285543035	0.588827619276	0.0192999280748	0.012586909614
-gar	0.0877323420074	0.857249070632	0.0490706319703	0.00594795539033
-gur	0.0	1.0	0.0	0.0
-gaz	0.0	1.0	0.0	0.0
-ini	0.0	1.0	0.0	0.0
-ink	0.553974626873	0.286329292395	0.0572321214182	0.102463959313
-lpa	0.016393442623	0.983606557377	0.0	0.0
-ino	0.0	1.0	0.0	0.0
-ina	0.0924369747897	0.848739495798	0.00840336134454	0.0504201680673
-rza	0.0	1.0	0.0	0.0
-ind	0.14440907571	0.630492465207	0.173200476248	0.051897982834
-ine	0.0614268163767	0.102539927431	0.811519670867	0.0245135853261
-rze	0.0	1.0	0.0	0.0
-ing	0.340829717078	0.55499172873	0.0477137135405	0.0564648406515
-ële	0.151228733459	0.396975425331	0.429111531191	0.0226843100189
-ins	0.100740653048	0.181082852072	0.100740653048	0.617435841832
-int	0.689683289109	0.187383609283	0.0849096073891	0.038023494218
-inu	0.0	1.0	0.0	0.0
-cha	0.0115007012623	0.979803646564	0.00224403927069	0.00645161290323
-één	0.0410240739503	0.0365692949703	0.0493391839112	0.873067447168
-iru	0.0	1.0	0.0	0.0
-éér	0.34298496334	0.100285820803	0.193861066236	0.362868149621
-eir	0.0132205182443	0.980433632998	0.00475938656796	0.00158646218932
-mbt	0.200311041991	0.728771384137	0.0615863141524	0.00933125972007
-lti	0.0	1.0	0.0	0.0
-dra	0.172935881887	0.0423575497511	0.0215477246922	0.76315884367
-lta	0.00843881856539	0.983122362869	0.0	0.00843881856539
-lte	0.144265366032	0.645219139434	0.117194192834	0.0933213017008
-hdo	0.0	1.0	0.0	0.0
-ela	0.0835345243844	0.759053597296	0.0231772090777	0.134234669242
-elf	0.130516822286	0.148351395007	0.0621641568997	0.658967625807
-rke	0.111710669366	0.0864860012568	0.781276493881	0.0205268354961
-ahi	0.0	1.0	0.0	0.0
-aho	0.0	1.0	0.0	0.0
-aha	0.0	1.0	0.0	0.0
-ahu	0.0	1.0	0.0	0.0
-sas	0.0	1.0	0.0	0.0
-sar	0.0	1.0	0.0	0.0
-lfs	0.0972047732818	0.064273660516	0.0507767930676	0.787744773135
-jfd	0.730769230769	0.192307692308	0.0769230769231	0.0
-lft	0.0745990302126	0.659082431929	0.0156657963446	0.250652741514
-dde	0.787315640286	0.136303536552	0.0115698953322	0.0648109278297
-ddi	0.0	1.0	0.0	0.0
-ols	0.0	1.0	0.0	0.0
-ddo	0.0	1.0	0.0	0.0
-lfa	0.0349136856106	0.930172628779	0.0315885726953	0.00332511291529
-oli	0.0130434782609	0.986956521739	0.0	0.0
-olk	0.010941169104	0.964885763528	0.00741216292306	0.0167609044446
-sag	0.133333333333	0.866666666667	0.0	0.0
-saf	0.0472331558231	0.824496411206	0.0463070155128	0.0819634174577
-sad	0.0	1.0	0.0	0.0
-sak	0.037037037037	0.962962962963	0.0	0.0
-ola	0.0	0.875	0.125	0.0
-sai	0.00285510349751	0.991434689508	0.0	0.00571020699499
-sah	0.0	1.0	0.0	0.0
-old	0.655911490216	0.203186993468	0.0676001494469	0.0733013668701
-ole	0.243523316062	0.632124352332	0.108808290155	0.0155440414508
-olf	0.0748391767179	0.901875117067	0.0184119537511	0.00487375246354
-olg	0.693638780937	0.163141746778	0.0496215995091	0.0935978727756
-hak	0.772893635043	0.201210444195	0.0139439573333	0.0119519634285
-hún	0.522580645161	0.335483870968	0.141935483871	0.0
-mai	0.0188679245283	0.981132075472	0.0	0.0
-mak	0.159322033898	0.315254237288	0.291525423729	0.233898305085
-mam	0.0	1.0	0.0	0.0
-wie	0.0294523533494	0.105387047224	0.00178832153488	0.863372277891
-hau	0.357142857143	0.455357142857	0.0267857142858	0.160714285714
-saï	0.0	1.0	0.0	0.0
-ssi	0.0	1.0	0.0	0.0
-ssa	0.155401988876	0.749873588404	0.0596662733861	0.0350581493342
-sse	0.0966214589519	0.844073509349	0.0482304790948	0.0110745526041
-ffe	0.232958012092	0.522436075212	0.220145321427	0.0244605912696
-uch	0.0	0.929347826087	0.070652173913	0.0
-jgs	0.173913043478	0.782608695652	0.0434782608695	0.0
-ion	0.0165055018339	0.972490830277	0.00700233411137	0.00400133377792
-ios	0.0253164556962	0.949367088608	0.0126582278481	0.0126582278481
-ior	0.0	1.0	0.0	0.0
-ryl	0.0	1.0	0.0	0.0
-iot	0.00655572365103	0.991931417045	0.0	0.00151285930408
--el	0.0	1.0	0.0	0.0
--en	0.159183673469	0.538775510204	0.10612244898	0.195918367347
-hma	0.0	1.0	0.0	0.0
-chi	0.0421969189551	0.902712659076	0.0375083724045	0.0175820495646
-cho	0.00343839541547	0.995415472779	0.00114613180516	0.0
-els	0.0539597176675	0.876830545111	0.0469897160539	0.0222200211672
-elp	0.734482404843	0.194418795527	0.0183646250128	0.0527341746178
-rks	0.0679117147708	0.878607809847	0.0305602716468	0.0229202037351
-rkt	0.556116739663	0.283449091494	0.0859250801358	0.0745090887077
-che	0.0943640744545	0.681965230246	0.204759482006	0.0189112132935
-elt	0.596376819145	0.290969416104	0.0537249601011	0.0589288046501
-elk	0.0943295374524	0.167012547978	0.0216278854776	0.717030029092
-eli	0.00243309002433	0.98296836983	0.00486618004866	0.00973236009732
-elm	0.0161290322581	0.970046082949	0.0	0.0138248847926
-chs	0.352941176471	0.647058823529	0.0	0.0
-cht	0.281755015664	0.55076948151	0.0781577704787	0.0893177323466
-elg	0.182724252492	0.8073089701	0.0	0.00996677740864
-eld	0.307649988437	0.602713201903	0.0406349004358	0.049001909224
-ele	0.0699114069036	0.0698655995107	0.561822735619	0.298400257967
-wen	0.34251780811	0.565133518878	0.054569868093	0.037778804919
-hul	0.0	1.0	0.0	0.0
-hum	0.145454545455	0.854545454545	0.0	0.0
-hun	0.0216163384725	0.0145251813856	0.00222519565618	0.961633284486
-hui	0.0666666666666	0.933333333333	0.0	0.0
-hud	0.613684259823	0.360089917108	0.0222919496089	0.0039338734604
-hua	0.0	1.0	0.0	0.0
-hub	0.0	1.0	0.0	0.0
-hut	0.298913043478	0.549689440994	0.128105590062	0.0232919254658
-huw	0.627343164209	0.189452636841	0.10672331917	0.0764808797801
-hur	0.0221238938053	0.973451327434	0.00442477876106	0.0
-hus	0.0199004975124	0.974502487562	0.00497512437811	0.000621890547264
-koe	0.0552763819095	0.929648241206	0.0150753768844	0.0
-vas	0.0	0.987654320988	0.0	0.0123456790123
-tub	0.0	1.0	0.0	0.0
-koa	0.0	1.0	0.0	0.0
-vat	0.26512682443	0.624911435454	0.0641915828255	0.0457701572907
-kob	0.00259951259139	0.994963444354	0.00097481722177	0.00146222583266
-kom	0.86830955987	0.0612372073088	0.0144816203304	0.0559716124904
-kol	0.0	1.0	0.0	0.0
-kon	0.297730060014	0.0705364982837	0.161319584038	0.470413857664
-kok	0.0	1.0	0.0	0.0
-kou	0.163434903047	0.235457063712	0.459833795014	0.141274238227
-tur	0.0	1.0	0.0	0.0
-tus	0.00589346832046	0.974617648524	0.00652481818037	0.0129640649748
-kop	0.278596491228	0.544561403509	0.105263157895	0.0715789473684
-kos	0.0112464854733	0.988753514527	0.0	0.0
-kor	0.0	0.966101694915	0.0	0.0338983050847
-nct	0.0833333333333	0.291666666667	0.375	0.25
-vak	0.292307692308	0.661538461539	0.0241758241758	0.021978021978
-vai	0.0	1.0	0.0	0.0
-van	0.0195153294073	0.00824693763839	0.00198579553763	0.970251937417
-val	0.504985685343	0.324882887848	0.0453747623056	0.124756664504
-koz	0.0	1.0	0.0	0.0
-lix	0.00751408891671	0.992485911083	0.0	0.0
-oms	0.365430249659	0.326082052855	0.0676705975765	0.240817099909
-omp	0.0432056698923	0.875017036936	0.0735995638545	0.00817772931716
-jen	0.103559019477	0.672468203118	0.202256861433	0.0217159159734
-omt	0.776660028821	0.0665155383686	0.0197017765429	0.137122656267
-lim	0.185417354009	0.6502804355	0.116793137578	0.0475090729132
-lin	0.0572344322344	0.8836996337	0.0453296703297	0.0137362637363
-lio	0.0258481421648	0.970920840065	0.0	0.0032310177706
-omo	0.00111835749173	0.992730676304	0.00251630435639	0.0036346618481
-lij	0.388002138384	0.208034214144	0.380785092409	0.0231785550634
-lik	0.235179834612	0.501095945003	0.081299192986	0.182425027399
-lid	0.0222569308864	0.846544318626	0.106598984772	0.0245997657165
-lie	0.0124085966418	0.239493349056	0.0745106296215	0.67358742468
-oma	0.0117647058823	0.894117647059	0.0352941176471	0.0588235294117
-lig	0.379103533559	0.126198399008	0.442943869472	0.0517541979613
-lia	0.0100650703593	0.983780491714	0.00403884988941	0.00211558803731
-ome	0.413637522322	0.432524871273	0.0676998931688	0.0861377132358
-omd	0.624138609963	0.148126271576	0.113539410645	0.114195707817
-dië	0.0	1.0	0.0	0.0
-ids	0.0285751473129	0.907648436945	0.0385143289869	0.0252620867549
-var	0.0	0.98401826484	0.0	0.0159817351598
-kod	0.0	1.0	0.0	0.0
-pai	0.0	1.0	0.0	0.0
-pak	0.714723157054	0.258330368443	0.00769899271512	0.0192474817878
-pan	0.391578729568	0.399441340782	0.153114007863	0.0558659217877
-duw	0.110563459169	0.862775848549	0.0172510361824	0.00940965609948
-tug	0.41155234657	0.501805054152	0.043321299639	0.043321299639
-pad	0.265808954276	0.634069672947	0.0518327460838	0.0482886266934
-paf	0.266666666667	0.6	0.133333333333	0.0
-dua	0.0	1.0	0.0	0.0
-par	0.0	1.0	0.0	0.0
-pas	0.252302500714	0.297129643021	0.0960627241347	0.354505132131
-pat	0.432098765432	0.493827160494	0.0493827160494	0.0246913580247
-dun	0.116102280581	0.274360746372	0.609536973048	0.0
-tuk	0.155427937829	0.683822726471	0.0407581836967	0.119991152004
-omé	0.0	1.0	0.0	0.0
-lië	0.0065170166546	0.986241853729	0.00579290369297	0.00144822592324
-did	0.111111111111	0.888888888889	0.0	0.0
-die	0.0405685726727	0.0313140070834	0.00333457585168	0.924782844392
-dig	0.255178467275	0.228676176602	0.332517000118	0.183628356005
-fer	0.160105025593	0.75504845633	0.0750814980896	0.00976501998731
-dia	0.0262874895447	0.973712510455	0.0	0.0
-dil	0.3	0.7	0.0	0.0
-dim	0.0	1.0	0.0	0.0
-din	0.0412139378044	0.845260397153	0.105657549644	0.00786811539902
-dij	0.0644418872267	0.874952052167	0.0260836210203	0.0345224395857
-dik	0.353208602903	0.425424025179	0.202482951565	0.0188844203532
-dit	0.0567639830168	0.0499043343463	0.00594578556966	0.887385897067
-feg	0.0833333333333	0.916666666667	0.0	0.0
-sla	0.529641693811	0.378501628664	0.00390879478827	0.0879478827362
-dis	0.0	0.987704918033	0.0	0.0122950819672
-fen	0.560271903469	0.253801524452	0.106952450226	0.0789741218529
-fel	0.256375035221	0.667476754015	0.0266272189349	0.0495209918287
-sli	0.0	1.0	0.0	0.0
-fei	0.0	1.0	0.0	0.0
-vad	0.0	1.0	0.0	0.0
-thu	0.0	1.0	0.0	0.0
-rta	0.00299177262528	0.997008227375	0.0	0.0
-ait	0.654003372203	0.317447612031	0.00661245585761	0.0219365599086
-ais	0.0561797752809	0.85393258427	0.0898876404495	0.0
-air	0.154362416107	0.803131991051	0.00447427293064	0.0380313199105
-aie	0.0989010989011	0.260989010989	0.598901098901	0.0412087912088
-aid	0.689812500143	0.215390891622	0.0594423286842	0.0353542795505
-aim	0.00665188470066	0.980709534368	0.00332594235033	0.00931263858091
-ail	0.0	0.983606557377	0.0	0.016393442623
-ain	0.0712570056046	0.893514811849	0.00960768614892	0.0256204963971
-oha	0.0	1.0	0.0	0.0
-eme	0.744006640622	0.152233633962	0.0272739849664	0.0764857404492
-emd	0.766327729863	0.126683744426	0.0663154764669	0.0406730492439
-ema	0.00510204081632	0.984693877551	0.0102040816327	0.0
-emo	0.0	1.0	0.0	0.0
-emt	0.759348138689	0.113344796867	0.0404482318193	0.0868588326254
-tba	0.0	1.0	0.0	0.0
-ems	0.115019255456	0.764826700899	0.0708600770218	0.0492939666239
-ses	0.0279820811994	0.812699757403	0.143530106409	0.0157880549886
-cie	0.0411605937922	0.876968061179	0.0159694107063	0.065901934323
-ser	0.0947342519685	0.805722083035	0.0499955261274	0.049548138869
-egs	0.239178851554	0.702721022562	0.0348600755302	0.0232400503534
-rja	0.0382558664688	0.952711498393	0.00425065182986	0.0047819833086
-rje	0.0	1.0	0.0	0.0
-rts	0.1325537679	0.354895781501	0.0321778072649	0.480372643335
-lip	0.281628162816	0.536853685369	0.102310231023	0.0792079207921
-lis	0.0268941852917	0.843086339609	0.00445145135862	0.125568023741
-jes	0.0948652162621	0.726233891041	0.154058937539	0.0248419551586
-aot	0.137931034483	0.655172413793	0.137931034483	0.0689655172413
-omi	0.0	1.0	0.0	0.0
-zja	0.0	1.0	0.0	0.0
-hte	0.195411460246	0.247514381386	0.460647362862	0.0964267955063
-sbi	0.0	1.0	0.0	0.0
-tah	0.0	1.0	0.0	0.0
-hts	0.0824416520091	0.545093684656	0.112007371353	0.260457291982
-cië	0.00185299567634	0.994132180358	0.0012353304509	0.00277949351452
-tta	0.0	0.982142857143	0.0178571428571	0.0
-tte	0.573344172165	0.186533573879	0.153936131846	0.0861861221106
-khi	0.0	1.0	0.0	0.0
-eüs	0.00941098317095	0.973151018601	0.00767640980218	0.00976158842635
-fus	0.0	0.985472154964	0.0145278450363	0.0
-ilt	0.731206142899	0.0879540169059	0.0713177159688	0.109522124227
-aüm	0.0115956642299	0.968742122511	0.00302495588606	0.0166372573733
