pàp-	0.130692184533	0.694513741503	0.167533397045	0.00726067691849
fig-	0.0	1.0	0.0	0.0
tèt-	0.0718562874252	0.323353293413	0.604790419162	0.0
ngy-	0.172805328433	0.771171213354	0.0158026887982	0.0402207694154
epw-	0.08	0.36	0.56	0.0
awɛ-	0.320197044335	0.282526803825	0.22602144306	0.17125470878
jâg-	0.0	0.998537298879	0.000975134080935	0.000487567040469
fág-	0.0615384615384	0.138461538462	0.0923076923077	0.707692307692
njÿ-	0.0434894630783	0.711299380713	0.0961724401097	0.149038716099
ńdà-	0.355068617788	0.186367427402	0.114640988703	0.343922966108
fòŋ-	0.200472627018	0.761717211501	0.0378101614809	0.0
agí-	0.684030742955	0.166524338172	0.123825789923	0.0256191289496
ta’-	0.44094488189	0.385395318736	0.13137741344	0.0422823859346
zí’-	0.475102738333	0.431639337592	0.0364568499003	0.0568010741751
tib-	0.00665188470067	0.980044345898	0.0	0.0133037694013
páŋ-	0.0330335841439	0.96256193797	0.0	0.00440447788585
lél-	0.255210839226	0.152427673852	0.0494901092517	0.54287137767
paf-	0.231128191051	0.688718089487	0.0362338731814	0.0439198462805
gyɔ-	0.0624011363269	0.144408216849	0.641551258461	0.151639388364
pi’-	0.0199659118578	0.217920623326	0.741660579498	0.0204528853177
kʉa-	0.222491582492	0.607811447812	0.0829629629629	0.086734006734
her-	0.00853176990473	0.936285179878	0.0454480819925	0.00973496822462
naw-	0.0	1.0	0.0	0.0
nně-	0.0184119677791	0.976985040276	0.00306866129651	0.00153433064826
lɔ’-	0.727078891258	0.183368869936	0.0639658848615	0.0255863539445
tiŋ-	0.517745302714	0.267223382046	0.123173277662	0.0918580375783
ńjʉ-	0.433763998926	0.406913593844	0.12688550995	0.0324368972804
ndì-	0.204	0.636	0.148	0.012
pat-	0.0738093781945	0.912351363394	0.00461308613715	0.00922617227432
tyǒ-	0.5	0.0194805194805	0.0909090909091	0.38961038961
tsɔ-	0.354115446037	0.124158748828	0.0300565424803	0.491669262655
júb-	0.27990430622	0.113636363636	0.606459330144	0.0
gwi-	0.402777777778	0.375	0.0902777777777	0.131944444444
lÿó-	0.0621859296482	0.934045226131	0.0	0.00376884422111
flé-	0.0352941176471	0.964705882353	0.0	0.0
zɛ́-	0.742373895284	0.063780267235	0.0102584953895	0.183587342092
loŋ-	0.467157417894	0.498867497169	0.0339750849377	0.0
ngw-	0.120395271907	0.387165218665	0.0522105780927	0.440228931335
mar-	0.125	0.759615384615	0.0288461538462	0.0865384615385
tsé-	0.517841186818	0.266638646305	0.0431887171344	0.172331449742
nge-	0.105744904631	0.810909917849	0.0418431450581	0.0415020324625
ffo-	0.153846153846	0.826923076923	0.0192307692308	0.0
put-	0.213836477987	0.459119496855	0.116352201258	0.210691823899
nkw-	0.207606673446	0.651551020355	0.0951871148756	0.0456551913239
eso-	0.513513513514	0.337837837838	0.0945945945946	0.054054054054
gug-	0.376470588235	0.453594771242	0.078431372549	0.0915032679738
asi-	0.0	1.0	0.0	0.0
tol-	0.0	0.918367346939	0.0	0.0816326530612
kǎg-	0.372905027933	0.265363128492	0.299162011173	0.0625698324022
bíg-	0.571863934521	0.090642595925	0.0	0.337493469554
táp-	0.16493656286	0.787485582468	0.0	0.0475778546713
mág-	0.00398406374502	0.956175298805	0.00265604249668	0.0371845949535
mmɔ-	0.0585914598618	0.850469711811	0.0820785536857	0.00886027464146
kod-	0.0384615384615	0.923076923077	0.0384615384615	0.0
děe-	0.444444444444	0.236714975845	0.0797101449275	0.239130434783
cʉ̌-	0.471428317672	0.222924845018	0.0325061726202	0.273140664689
aki-	0.04	0.96	0.0	0.0
fɛ́-	0.0115851709811	0.898849472675	0.0451365109802	0.0444288453636
mvò-	0.058728836503	0.798239373035	0.103601555079	0.0394302353827
ńzɔ-	0.451193482502	0.296889641105	0.0564471109383	0.195469765455
zɔ̌-	0.206649671512	0.192622327068	0.114527052736	0.486200948685
gʉg-	0.169230769231	0.738461538462	0.0615384615385	0.0307692307692
kíl-	0.10553633218	0.884083044983	0.0103806228374	0.0
njʉ-	0.053379285936	0.860053437307	0.0348125777843	0.0517546989728
lǐɛ-	0.0731707317073	0.80487804878	0.0487804878049	0.0731707317073
fÿɛ-	0.160518444666	0.745762711864	0.0568295114656	0.036889332004
mée-	0.0	1.0	0.0	0.0
lÿo-	0.342945021146	0.465590157632	0.129181084198	0.0622837370242
nke-	0.488372093023	0.421926910299	0.0498338870432	0.0398671096345
tel-	0.0163398692811	0.694989106754	0.20697167756	0.0816993464052
gɔ̀-	0.279069767442	0.697674418605	0.0232558139535	0.0
pǎb-	0.103181427343	0.810834049871	0.0653482373173	0.0206362854686
ńzí-	0.664876748729	0.26396412783	0.035666553314	0.035492570127
sàŋ-	0.103017689906	0.624349635796	0.178980228928	0.0936524453694
mék-	0.207317073171	0.670731707317	0.115494978479	0.00645624103302
nté-	0.261904761905	0.5	0.119047619048	0.119047619048
ngù-	0.040253968254	0.883386243386	0.0626455026455	0.0137142857143
zsè-	0.0779220779221	0.814935064935	0.0487012987013	0.0584415584416
mes-	0.0623834996621	0.76643254822	0.105508372474	0.0656755796439
sed-	0.08	0.92	0.0	0.0
adi-	0.0	1.0	0.0	0.0
pàm-	0.141300423409	0.626854092506	0.119369093833	0.112476390252
ami-	0.0	1.0	0.0	0.0
lêe-	0.237761623238	0.068018759198	0.0144239364619	0.679795681102
pÿá-	0.305785123967	0.297520661157	0.173553719008	0.223140495868
àsɔ-	0.0509145766547	0.915142372242	0.0339430511031	0.0
étó-	0.46408839779	0.403314917127	0.049723756906	0.0828729281768
lêk-	0.156684686178	0.034688195566	0.00702313818679	0.801603980069
kòo-	0.0413223140496	0.884297520661	0.0	0.0743801652893
ńjÿ-	0.617423134935	0.190410566117	0.0831591404379	0.10900715851
mǒs-	0.0510182411449	0.924149716801	0.00689570742212	0.0179363346317
bub-	0.0	0.0294117647059	0.882352941176	0.0882352941176
ené-	0.0322580645161	0.967741935484	0.0	0.0
ntǔ-	0.0864978902953	0.489451476793	0.0	0.424050632911
vɔg-	0.178010928778	0.118842274117	0.131929828177	0.571216968928
jʉʉ-	0.594339622642	0.298113207547	0.0452830188679	0.0622641509434
gat-	0.182844243792	0.282167042889	0.534988713318	0.0
píi-	0.555427716213	0.244851556435	0.0444633736076	0.155257353744
pe’-	0.477592267135	0.173110720562	0.163444639719	0.185852372583
yem-	0.363636363636	0.272727272727	0.0	0.363636363636
peg-	0.0218399623145	0.0242235061435	0.0073980008201	0.946538530722
saf-	0.0	1.0	0.0	0.0
ayɛ-	0.299622641509	0.36	0.057358490566	0.283018867925
cú’-	0.154210399205	0.696611330406	0.0268630952145	0.122315175174
tèk-	0.109324758842	0.400321543408	0.490353697749	0.0
pɔ̀-	0.198853636258	0.705715311982	0.0168242794484	0.0786067723117
12.-	0.337011033099	0.129388164493	0.0	0.533600802407
lʉt-	0.12389380531	0.411504424779	0.451327433628	0.0132743362832
gyɛ-	0.0818901398753	0.825335587734	0.0492377423301	0.0435365300603
epʉ-	0.106141198016	0.358939588785	0.0271207473717	0.507798465826
píg-	0.294117647059	0.101307189542	0.196078431373	0.408496732026
tÿɔ-	0.429094074506	0.326508220222	0.0990217095013	0.145375995771
ńnÿ-	0.448392554992	0.36172212822	0.0902425267907	0.0996427899981
gÿɛ-	0.22896223438	0.729134667114	0.0365783953813	0.00532470312512
sev-	0.327731092437	0.63025210084	0.0420168067226	0.0
ale-	0.0353356890459	0.868080094228	0.0965842167256	0.0
áda-	0.0967741935484	0.258064516129	0.58064516129	0.0645161290323
sa’-	0.425321601149	0.453465782944	0.0673403421705	0.0538722737364
mvɔ-	0.321981424149	0.189370485036	0.343653250774	0.144994840041
zsô-	0.483870967742	0.177419354839	0.0	0.338709677419
sǎg-	0.419201947095	0.252305770832	0.0686927560366	0.259799526036
ntẅ-	0.541501976285	0.316205533597	0.0	0.142292490119
gíŋ-	0.0789554943062	0.0464452555762	0.0863420004126	0.788257249705
má’-	0.592532467533	0.241883116883	0.155844155844	0.00974025974026
sɔg-	0.748975897876	0.15709250262	0.0694484138326	0.0244831856721
ánɔ-	0.0	1.0	0.0	0.0
ŋɔ́-	0.0365853658537	0.743902439024	0.219512195122	0.0
ḿbé-	0.443870660205	0.401207595138	0.119170572813	0.035751171844
ncʉ-	0.38159021883	0.484308075695	0.0425200529554	0.0915816525192
nɛ́-	0.790697674419	0.174418604651	0.0174418604651	0.0174418604651
pfɛ-	0.758636669895	0.171271128388	0.0271014781295	0.0429907235872
pée-	0.51600893522	0.48399106478	0.0	0.0
pfw-	0.482454194579	0.362938645136	0.0947162947518	0.0598908655339
ncù-	0.137148352557	0.724487955025	0.0325841119141	0.105779580504
tia-	0.0	1.0	0.0	0.0
lii-	0.264705882353	0.546218487395	0.163865546218	0.0252100840336
oné-	0.0178571428571	0.964285714286	0.0178571428571	0.0
lék-	0.54139605793	0.277189719437	0.0956960207941	0.0857182018392
ndÿ-	0.0838104176442	0.416518066635	0.412763960582	0.0869075551384
cʉ̀-	0.00623846238916	0.974705870677	0.00557917034122	0.0134764965929
tút-	0.0141034251175	0.971793149765	0.0	0.0141034251175
kún-	0.156398104265	0.843601895735	0.0	0.0
àly-	0.0959360426382	0.509660226516	0.226515656229	0.167888074617
zab-	0.282878411911	0.598014888338	0.0446650124069	0.0744416873449
ŋel-	0.388059701493	0.499170812604	0.0928689883914	0.0199004975125
zéb-	0.273467751633	0.533623281357	0.10648574979	0.0864232172205
fǎg-	0.64705882353	0.253676470588	0.0	0.0992647058824
shú-	0.132357723734	0.456976311665	0.0470136864325	0.363652278168
pǔ’-	0.221095334686	0.389452332657	0.371196754564	0.0182555780933
lìi-	0.179902145277	0.526533684607	0.0135491155439	0.280015054573
ndí-	0.564259485924	0.252141982864	0.0293757649939	0.154222766218
nzì-	0.0455194573367	0.89468047126	0.0107104605498	0.0490896108533
léń-	0.285608163585	0.381280056301	0.19040544239	0.142706337725
pɔb-	0.402939375383	0.287201469688	0.00734843845684	0.302510716473
kẅʉ-	0.286458333333	0.272836538462	0.440705128205	0.0
nef-	0.0	1.0	0.0	0.0
táa-	0.321719584153	0.137117167744	0.0488901376791	0.492273110424
zá’-	0.608379106085	0.234550350027	0.0487237479806	0.108346795907
fÿá-	0.128571428571	0.671428571429	0.171428571429	0.0285714285714
zse-	0.154039347007	0.697362913353	0.099204688154	0.049393051486
noŋ-	0.0845070422535	0.802816901408	0.056338028169	0.056338028169
tsè-	0.394020697585	0.307780758911	0.154848600997	0.143349942507
tíi-	0.568578553616	0.319201995012	0.0598503740648	0.0523690773067
pɔl-	0.0242374637193	0.868290148868	0.00742980196256	0.10004258545
myɛ-	0.782608695652	0.2	0.0	0.0173913043478
lá’-	0.265491702348	0.309563222895	0.0268639363083	0.398081138449
nti-	0.0954907161803	0.437665782493	0.212201591512	0.254641909814
mét-	0.0519340432819	0.149891743692	0.0334576974489	0.764716515577
kǎŋ-	0.657142857143	0.257142857143	0.0489795918367	0.0367346938776
feb-	0.206349206349	0.793650793651	0.0	0.0
esh-	0.214745680974	0.377733964994	0.295239851352	0.112280502681
amé-	0.0	0.673913043478	0.326086956522	0.0
lod-	0.0	1.0	0.0	0.0
pii-	0.379310344828	0.532019704433	0.0886699507389	0.0
ńta-	0.322844968863	0.609963946247	0.039331366765	0.0278597181252
vɛt-	0.133333333333	0.85	0.0166666666667	0.0
apó-	0.179310344828	0.696551724138	0.0827586206897	0.0413793103448
ésẅ-	0.5535445542	0.209946065422	0.0653869768676	0.171122403511
ńgu-	0.496242322512	0.335615915767	0.144489375501	0.0236523862206
gaẅ-	0.0161290322581	0.983870967742	0.0	0.0
elm-	0.0	1.0	0.0	0.0
zɔb-	0.507286333202	0.372981488775	0.0393855848759	0.0803465931469
pɛr-	0.0	0.993189557321	0.0	0.00681044267879
lêt-	0.0330788804071	0.903307888041	0.00636132315522	0.057251908397
rẅi-	0.0190779014308	0.980922098569	0.0	0.0
yɛ̂-	0.148371752653	0.439077936334	0.0451884376143	0.367361873399
vʉ’-	0.393341553638	0.491985203453	0.0406905055487	0.0739827373613
gɔg-	0.0	1.0	0.0	0.0
ńtẅ-	0.507487520799	0.339434276206	0.0499168053244	0.103161397671
mít-	0.189873417722	0.500703234881	0.132208157525	0.177215189873
alǎ-	0.0	0.653846153846	0.346153846154	0.0
pɛ̂-	0.289699570815	0.281831187411	0.0829756795422	0.345493562232
laŋ-	0.552657973922	0.423269809428	0.00300902708125	0.0210631895687
ńcw-	0.416124156149	0.20609186968	0.117797182272	0.259986791899
àgù-	0.11320754717	0.575471698113	0.311320754717	0.0
kím-	0.596599583623	0.208396946565	0.105482303956	0.089521165857
shy-	0.371681415929	0.575221238938	0.0	0.0530973451327
àyɛ-	0.830508474576	0.039113428944	0.13037809648	0.0
pfó-	0.347846858423	0.490675760272	0.0230964383381	0.138380942967
nùŋ-	0.132266307048	0.696163673788	0.15375470225	0.0178153169139
asɛ-	0.205673758865	0.751773049646	0.0212765957447	0.0212765957447
sek-	0.255434782609	0.625	0.103260869565	0.0163043478261
tsy-	0.426125895002	0.480280803228	0.0485419533394	0.0450513484308
ńkẅ-	0.41048165287	0.162885047505	0.0602959396054	0.366337360019
amɛ-	0.421909696521	0.279792746114	0.145077720207	0.153219837158
síe-	0.43463740458	0.486641221374	0.0486641221374	0.0300572519084
min-	0.0	0.421052631579	0.0526315789474	0.526315789474
mûɔ-	0.0567688723875	0.291720227337	0.157054021781	0.494456878495
wɛ̌-	0.183701431649	0.107678846175	0.0577988034833	0.650820918692
pù’-	0.408114558473	0.307875894988	0.0644391408114	0.219570405728
pàn-	0.0642706225794	0.785588720707	0.113651378438	0.0364892782752
see-	0.554385964912	0.322807017544	0.101754385965	0.021052631579
esé-	0.218884120172	0.755364806867	0.0257510729614	0.0
nue-	0.0650294428933	0.0177952699832	0.00450145986656	0.912673827257
kay-	0.0306122448979	0.969387755102	0.0	0.0
làm-	0.243792325056	0.674943566591	0.0677200902934	0.0135440180587
nɔ̀-	0.026614919695	0.887680436883	0.0225498166869	0.0631548267346
jÿɔ-	0.548926396272	0.247341295158	0.143341859161	0.0603904494082
mbó-	0.102456151758	0.276906321624	0.559485687349	0.0611518392692
yɔb-	0.104361801403	0.187623129299	0.0750008640653	0.633014205233
ḿbi-	0.156773386294	0.0377404555632	0.0123223008901	0.793163857252
sẅa-	0.383333333333	0.45	0.0666666666666	0.1
jÿó-	0.581185655261	0.18865706394	0.041032255119	0.189125025681
gie-	0.0209626479433	0.00750056778789	0.000403979578139	0.971132804691
ńgy-	0.572287634962	0.0606941216366	0.2336285354	0.133389708002
ńtʉ-	0.358670427087	0.307266448121	0.177920732034	0.156142392758
cúu-	0.315	0.565	0.03	0.0899999999999
mmó-	0.0971339686533	0.230355780961	0.0220677379035	0.650442512482
sɔ̌-	0.371378784579	0.445654541494	0.133957743411	0.0490089305163
lín-	0.0744026419737	0.871074273133	0.0124328174577	0.0420902674351
kàa-	0.205479452055	0.164383561644	0.452054794521	0.178082191781
nye-	0.55900621118	0.254658385093	0.186335403727	0.0
luu-	0.754240346445	0.146517502707	0.0793937206785	0.0198484301696
mep-	0.0810895202897	0.415734831977	0.441519925806	0.0616557219275
lyɛ-	0.0577017997013	0.772503183329	0.0280654503859	0.141729566584
zẅì-	0.0146432632363	0.945630154353	0.0357272620339	0.00399932037693
kéf-	0.0953101361573	0.832072617247	0.00907715582453	0.0635400907715
fùɔ-	0.0448926974602	0.824297421333	0.0199312937243	0.110878587482
màn-	0.066037735849	0.754716981132	0.179245283019	0.0
anz-	0.193918567986	0.657602528474	0.0614395462926	0.0870393572478
vfo-	0.185185185185	0.407407407407	0.407407407407	0.0
azs-	0.130509726668	0.618320610687	0.221620290569	0.0295493720758
sag-	0.0927712005402	0.703156270344	0.127191184626	0.0768813444892
twe-	0.0	0.0533394979927	0.850661127156	0.0959993748514
nÿɔ-	0.317668228992	0.450772793215	0.0715600937396	0.159998884053
ség-	0.259203454247	0.122000584703	0.14415184294	0.47464411811
pɔ́-	0.0608386102278	0.0335190171179	0.0182523627047	0.88739000995
nnù-	0.0435019032083	0.878557186877	0.0453144825086	0.0326264274062
jam-	0.101983002833	0.821529745042	0.0339943342776	0.042492917847
eff-	0.0366972477064	0.963302752294	0.0	0.0
mɛ̌-	0.218894009217	0.185235384476	0.122059576519	0.473811029788
gyà-	0.208955223881	0.761194029851	0.0	0.0298507462687
ńtÿ-	0.49474663892	0.262481365462	0.0707769263925	0.171995069226
men-	0.102536052931	0.634636610399	0.0791259707883	0.183701365882
sie-	0.135768175779	0.25103132933	0.061060485737	0.552140009154
zsó-	0.169103623649	0.764780673872	0.0375079465989	0.0286077558805
ńyé-	0.685714285714	0.128571428571	0.128571428571	0.0571428571429
gùu-	0.12676056338	0.816901408451	0.0	0.056338028169
jub-	0.392737259689	0.35138846506	0.255874275252	0.0
ńtá-	0.547882936028	0.333907409903	0.0715462116196	0.0466634424493
fag-	0.535452660677	0.214651002073	0.0602626123013	0.189633724948
pit-	0.243654822335	0.497461928934	0.228426395939	0.0304568527919
ɔ̀ɔ-	0.332397988613	0.17037072224	0.0475023920847	0.449728897062
kẅǐ-	0.152069297401	0.726660250241	0.0346487006737	0.0866217516843
fʉʉ-	0.586572438163	0.21554770318	0.106007067138	0.0918727915194
dɔg-	0.3290828662	0.204380607841	0.0589215036624	0.407615022297
ncw-	0.20841860667	0.511312836572	0.0558046520013	0.224463904757
àyé-	0.169014084507	0.619718309859	0.12676056338	0.0845070422535
ngɔ-	0.450628994365	0.41902393778	0.0362456148404	0.0941014530154
gwǒ-	0.191168050623	0.437811307516	0.210820345984	0.160200295877
ába-	0.0321417153725	0.93285570247	0.0336910099925	0.00131157216516
ḿbú-	0.352771443793	0.112899307405	0.0719445924348	0.462384656367
gwɔ-	0.466782403374	0.0495675910752	0.00654956218846	0.477100443363
pít-	0.417369727047	0.406699751861	0.0588089330025	0.117121588089
ŋwɛ-	0.103444342405	0.0551880596807	0.0040335409706	0.837334056944
pet-	0.04970817685	0.511446215172	0.167093191801	0.271752416177
anf-	0.0384615384615	0.961538461538	0.0	0.0
léj-	0.305526175311	0.631376784609	0.0255591762797	0.0375378638004
ásɛ-	0.181818181818	0.121212121212	0.0	0.69696969697
nʉ̀-	0.122834645669	0.754330708662	0.122834645669	0.0
anù-	0.274574902418	0.43290412311	0.19112566737	0.101395307102
heb-	0.0	0.972244897959	0.0277551020408	0.0
sɛ̌-	0.178739137742	0.375164354987	0.125888505531	0.32020800174
áwú-	0.0816326530612	0.918367346939	0.0	0.0
túu-	0.644117647059	0.230392156863	0.0676470588235	0.0578431372549
pé’-	0.254048222708	0.0854619626316	0.0368684074952	0.623621407165
kěm-	0.170260223048	0.340520446097	0.35092936803	0.138289962825
nay-	0.0	1.0	0.0	0.0
lúu-	0.676056338028	0.0985915492958	0.0281690140845	0.197183098592
gǐŋ-	0.320842384745	0.348479362781	0.0549118995897	0.275766352884
ju’-	0.620357634113	0.210912425493	0.0596056854654	0.109124254929
zẅa-	0.747300215983	0.161987041037	0.0907127429805	0.0
afù-	0.175923331969	0.631729309883	0.0729768585933	0.119370499555
ésa-	0.418642392073	0.355304955745	0.144887290454	0.0811653617284
lep-	0.0533723999558	0.831418386095	0.0671714559496	0.0480377580001
fʉ’-	0.35521860774	0.462250476485	0.0563194764449	0.12621143933
paz-	0.306451612903	0.338709677419	0.258064516129	0.0967741935484
téŋ-	0.481553398058	0.380582524272	0.0582524271844	0.0796116504854
shù-	0.100087618791	0.18851519849	0.683089573364	0.028307609355
nzí-	0.975903614458	0.0240963855422	0.0	0.0
apà-	0.41116751269	0.335025380711	0.238578680203	0.0152284263959
kàg-	0.182432432432	0.756756756757	0.0608108108108	0.0
gya-	0.5078183172	0.322412509308	0.0714817572599	0.0982874162324
nea-	0.0384615384615	0.961538461538	0.0	0.0
piɛ-	0.0133130878448	0.949421060585	0.00166233691468	0.0356035146552
ngu-	0.239514029505	0.489730980619	0.229100376049	0.041654613827
gwe-	0.71690302413	0.154208669903	0.029320562495	0.0995677434727
enz-	0.250144759699	0.121598147076	0.147654892878	0.480602200347
zɔɔ-	0.292698719406	0.070729332424	0.0375778586042	0.598994089566
apò-	0.739130434783	0.0724637681159	0.159420289855	0.0289855072464
ḿmi-	0.723966942149	0.246280991735	0.0	0.0297520661157
aŋà-	0.530120481928	0.436746987952	0.0	0.0331325301205
lúɔ-	0.788176051747	0.173752781263	0.015434256888	0.0226369101024
tép-	0.402397260274	0.340753424657	0.13698630137	0.119863013699
fʉt-	0.671627506341	0.179451595923	0.0611092501316	0.087811647605
fùf-	0.5	0.3375	0.1625	0.0
bíi-	0.328125	0.671875	0.0	0.0
tsó-	0.376466846405	0.439726620142	0.12219251238	0.0616140210731
sẅá-	0.0247933884298	0.140495867769	0.793388429752	0.0413223140496
fwɔ-	0.0802675585284	0.180602006689	0.120401337793	0.61872909699
pyɛ-	0.325623065646	0.511809741	0.111744583808	0.0508226095455
pub-	0.0555555555556	0.444444444444	0.416666666667	0.0833333333333
top-	0.0	0.781609195402	0.218390804598	0.0
ńně-	0.35927823701	0.0719090893346	0.0296157376595	0.539196935996
lef-	0.034875705663	0.846641702826	0.0384140660919	0.0800685254188
nku-	0.460975609756	0.319512195122	0.0146341463415	0.20487804878
nkǐ-	0.343810357993	0.580110497238	0.0387414095135	0.0373377352558
àyɔ-	0.0333333333333	0.155555555556	0.777777777778	0.0333333333333
ńdẅ-	0.184337349398	0.350602409639	0.396385542169	0.0686746987952
rom-	0.0285101066726	0.724829419867	0.227280007688	0.0193804657719
sǎ’-	0.223016905071	0.164174252276	0.505526657997	0.107282184655
twó-	0.082139991891	0.232546303086	0.0255885473728	0.65972515765
nóŋ-	0.486048785805	0.493312199936	0.0206390142592	0.0
jes-	0.0	1.0	0.0	0.0
mbú-	0.310606060606	0.437878787879	0.182424242424	0.0690909090909
pú’-	0.0866635675241	0.0985431949003	0.0186202855012	0.796172952074
mak-	0.00154858691444	0.973932120274	0.0214221189831	0.00309717382888
yèg-	0.388601036269	0.0932642487047	0.383419689119	0.134715025907
ńŋú-	0.146788990826	0.706422018349	0.128440366972	0.0183486238532
ném-	0.12987012987	0.409090909091	0.116883116883	0.344155844156
lùm-	0.14185042055	0.819959081609	0.0381904978404	0.0
lwò-	0.0348837209302	0.441860465116	0.523255813953	0.0
nik-	0.0151591712986	0.981051035877	0.00378979282466	0.0
teb-	0.716666666667	0.25	0.0333333333333	0.0
azɔ-	0.0744680851064	0.872340425532	0.0106382978723	0.0425531914894
jwo-	0.519434115094	0.292546915585	0.060887702209	0.127131267112
tuŋ-	0.587094285557	0.204606822064	0.0740618284014	0.134237063977
ewɔ-	0.143884892086	0.474820143885	0.223021582734	0.158273381295
gwô-	0.585365853659	0.170731707317	0.0487804878049	0.19512195122
cǔɔ-	0.543071161049	0.378277153558	0.0337078651685	0.0449438202247
bǔ’-	0.461538461538	0.240384615385	0.240384615385	0.0576923076923
gwâ-	0.287822878229	0.523985239852	0.121771217712	0.0664206642066
éfu-	0.791044776119	0.194029850746	0.0	0.0149253731343
ńzó-	0.411889596603	0.229299363057	0.167728237792	0.191082802548
ara-	0.0	1.0	0.0	0.0
gad-	0.0	1.0	0.0	0.0
amo-	0.0	1.0	0.0	0.0
ŋwé-	0.494623655914	0.385560675883	0.0829493087557	0.036866359447
tsw-	0.236511487824	0.516521813957	0.103906720592	0.143059977627
zoo-	0.445670886076	0.36982278481	0.0986329113924	0.0858734177215
sza-	0.25	0.318181818182	0.295454545455	0.136363636364
géd-	0.0769230769231	0.923076923077	0.0	0.0
jÿò-	0.842975206612	0.0578512396694	0.0495867768595	0.0495867768595
pʉ̌-	0.232142857143	0.261904761905	0.448412698413	0.0575396825397
kán-	0.0	1.0	0.0	0.0
kal-	0.041237113402	0.958762886598	0.0	0.0
lèm-	0.0530973451327	0.778761061947	0.16814159292	0.0
pǎŋ-	0.237258995456	0.0735601129805	0.621392607147	0.0677882844161
kel-	0.112447827154	0.874294132089	0.0	0.0132580407562
fóo-	0.181557603332	0.0474621320744	0.0295145115797	0.741465753014
gát-	0.537735849057	0.179245283019	0.0	0.283018867925
jos-	0.0102845389098	0.98971546109	0.0	0.0
tàg-	0.402366863905	0.372781065089	0.0355029585799	0.189349112426
fèf-	0.304692813421	0.62548175017	0.069825436409	0.0
efe-	0.0379162545335	0.94329047148	0.00296735905044	0.0158259149357
cÿǒ-	0.460973982655	0.360240160107	0.112074716478	0.0667111407605
pʉl-	0.256382816083	0.305712684095	0.437904499822	0.0
ńzá-	0.529373363647	0.275416946972	0.0575281507022	0.13768153868
tuɔ-	0.473415440072	0.494142385101	0.0252328026434	0.00720937218385
gyá-	0.762618466427	0.0621360726157	0.0283912730434	0.146854187913
siŋ-	0.581031045286	0.286812873825	0.0919965821703	0.0401594987183
ńŋe-	0.159537572254	0.660115606936	0.0554913294797	0.124855491329
pàa-	0.0230239202286	0.861996526805	0.00588202341605	0.10909752955
pàs-	0.268176580094	0.598085883981	0.0939519969499	0.039785538975
zsò-	0.283783783784	0.472972972973	0.189189189189	0.0540540540541
ńŋw-	0.705839318545	0.181305783336	0.0558549044805	0.0569999936384
kàp-	0.727272727273	0.185770750988	0.0869565217391	0.0
vél-	0.377483443709	0.337748344371	0.0662251655629	0.218543046358
bét-	0.0229885057471	0.83908045977	0.137931034483	0.0
kúu-	0.484860850282	0.0693298742611	0.0169091442519	0.428900131204
yém-	0.0734512386747	0.0852529169871	0.057169603156	0.784126241182
nnú-	0.0543704660159	0.925414873542	0.00348528628308	0.0167293741588
ḿvɔ-	0.223010116875	0.184413544602	0.186284473599	0.406291864923
gúm-	0.060606060606	0.919191919192	0.020202020202	0.0
pfǒ-	0.0862068965517	0.913793103448	0.0	0.0
for-	0.126984126984	0.873015873016	0.0	0.0
ńgû-	0.556805399325	0.337136429375	0.05302908565	0.05302908565
low-	0.112359550562	0.865168539326	0.0224719101124	0.0
épí-	0.434210526316	0.486842105263	0.0394736842105	0.0394736842105
ber-	0.0	0.689655172414	0.310344827586	0.0
tú’-	0.629921259843	0.220472440945	0.0787401574803	0.0708661417323
pɔ̌-	0.194816846861	0.0742239332396	0.0477327739229	0.683226445976
kẅě-	0.401673640167	0.400836820084	0.0870292887029	0.110460251046
nyɛ-	0.513167182741	0.281409166215	0.0788655433208	0.126558107724
pye-	0.579379998087	0.367777526517	0.0483131203617	0.00452935503391
zar-	0.0	1.0	0.0	0.0
kwè-	0.275862068966	0.103448275862	0.551724137931	0.0689655172414
pwò-	0.197674418605	0.802325581395	0.0	0.0
ngě-	0.810126582278	0.189873417722	0.0	0.0
cʉ’-	0.349744923754	0.348829694653	0.0770047084301	0.224420673162
gʉa-	0.450663820675	0.0691848915756	0.00250912883509	0.477642158915
lég-	0.460100935882	0.162718534963	0.0488207545913	0.328359774564
bat-	0.0315789473684	0.926315789474	0.0210526315789	0.0210526315789
lie-	0.152277362339	0.371855880354	0.0380693405846	0.437797416723
kú’-	0.681417656572	0.145836818917	0.0514658041009	0.12127972041
jen-	0.0864197530864	0.864197530864	0.0123456790123	0.037037037037
abe-	0.0713128038898	0.92868719611	0.0	0.0
jẅi-	0.0135800841781	0.971649402895	0.0042916744581	0.0104788384685
tam-	0.0	1.0	0.0	0.0
nin-	0.0	1.0	0.0	0.0
nèŋ-	0.526315789474	0.210526315789	0.122807017544	0.140350877193
jan-	0.116607773852	0.740282685512	0.127208480565	0.0159010600707
lag-	0.423360224483	0.396352157138	0.132409680814	0.0478779375658
zéŋ-	0.548633394746	0.170786969585	0.250517531848	0.0300621038217
gú’-	0.476176206173	0.281690140845	0.172010788133	0.0701228648487
cwo-	0.394667558522	0.197897782933	0.174004312216	0.233430346329
tyé-	0.416331860687	0.184942987086	0.0814725125542	0.317252639672
gé’-	0.36231884058	0.550724637681	0.0579710144927	0.0289855072464
kék-	0.443804824561	0.251644736842	0.104166666667	0.20038377193
fel-	0.115473441109	0.830831408776	0.0259815242494	0.027713625866
ńzs-	0.752628156406	0.0734848757824	0.0248589945208	0.149027973291
tsê-	0.0	0.901639344262	0.0	0.0983606557377
mpf-	0.144279670563	0.58941361099	0.155016762326	0.111289956122
aŋá-	0.0275229357798	0.903669724771	0.0688073394495	0.0
lóŋ-	0.140423899764	0.596954285877	0.193553427849	0.0690683865102
ńgí-	0.0668002359268	0.0633255812622	0.0537123700235	0.816161812787
mêj-	0.307692307692	0.239010989011	0.181318681319	0.271978021978
ńtí-	0.0846124073125	0.149614220435	0.0121867123965	0.753586659855
míŋ-	0.0237550513658	0.958828341672	0.00143528769198	0.0159813192701
àlɔ-	0.0315789473684	0.852631578947	0.0315789473684	0.0842105263158
tim-	0.0115367409884	0.951027711723	0.00141266216184	0.036022885127
zen-	0.121428571429	0.7	0.121428571429	0.0571428571428
púm-	0.537634408602	0.225806451613	0.148387096774	0.0881720430107
nzẅ-	0.13089288689	0.201558942751	0.418020156588	0.249528013771
zeŋ-	0.693156146179	0.101439645626	0.111273532669	0.094130675526
elo-	0.016	0.952	0.0	0.032
áwɛ-	0.328546562228	0.501740644038	0.0195822454308	0.150130548303
lɔ́-	0.468692396549	0.287302458567	0.0411672660839	0.2028378788
pʉ’-	0.504247572816	0.0661407766991	0.0370145631068	0.392597087379
gún-	0.333333333333	0.583333333333	0.0833333333333	0.0
tes-	0.0	0.995412844037	0.0045871559633	0.0
lǐe-	0.482511210762	0.399103139013	0.0430493273543	0.0753363228699
nẅí-	0.0272727272727	0.754545454545	0.218181818182	0.0
nyé-	0.369339883447	0.0702560886729	0.0620888461822	0.498315181698
àgá-	0.219805279802	0.0093585377668	0.770836182431	0.0
nzà-	0.0366387943344	0.902375647738	0.00398660456488	0.0569989533622
lee-	0.191185065553	0.0418111959938	0.003389162289	0.763614576165
jon-	0.00563282324551	0.990424200483	0.0	0.00394297627186
mvá-	0.0	0.359756097561	0.603658536585	0.0365853658537
ńzɛ-	0.486693542387	0.0507884646485	0.0454594083178	0.417058584647
láŋ-	0.22284242164	0.12623443538	0.594246457707	0.0566766852727
cʉ́-	0.414206791976	0.109043965824	0.0656322141801	0.41111702802
nzò-	0.319582245431	0.536292428199	0.0939947780679	0.0501305483029
nzo-	0.280235988201	0.631268436578	0.0442477876106	0.0442477876106
àsh-	0.212753163999	0.689933729598	0.0629673041431	0.0343458022599
lẅe-	0.0390143737166	0.320328542094	0.640657084189	0.0
ńza-	0.598145285935	0.238021638331	0.0680061823802	0.095826893354
tum-	0.86013767209	0.112015018774	0.00344180225281	0.0244055068836
eno-	0.0	1.0	0.0	0.0
kẅá-	0.607594936709	0.293670886076	0.0151898734177	0.0835443037975
wɛ̂-	0.175349771518	0.19447413864	0.0139791135597	0.616196976283
mén-	0.159625652815	0.373047206033	0.0809466008447	0.386380540308
sni-	0.144578313253	0.44578313253	0.0722891566265	0.33734939759
seg-	0.846153846154	0.025641025641	0.025641025641	0.102564102564
tse-	0.0357254765338	0.307370061246	0.0326024226782	0.624302039542
ńka-	0.621022113289	0.24116442222	0.0481848349194	0.0896286295709
mil-	0.0128205128205	0.987179487179	0.0	0.0
kʉ̀-	0.0808047170366	0.868812317577	0.0247213461576	0.0256616192286
mbù-	0.0967286095129	0.579535065462	0.0982160226498	0.225520302375
éfô-	0.0	1.0	0.0	0.0
ḿmÿ-	0.300856023225	0.255023180586	0.334565381569	0.10955541462
lǐŋ-	0.558189655172	0.396551724138	0.0	0.0452586206897
jù’-	0.439929328622	0.353356890459	0.095406360424	0.111307420495
kam-	0.0452261306533	0.909547738693	0.0452261306533	0.0
kúb-	0.594590290732	0.345238636881	0.0172892306292	0.0428818417581
ḿbu-	0.601376138814	0.123037502608	0.204693041936	0.0708933166423
píŋ-	0.345098039216	0.274509803922	0.298039215686	0.0823529411765
kwʉ-	0.297128589263	0.375364128173	0.322513524761	0.00499375780276
jor-	0.0	1.0	0.0	0.0
ḿvé-	0.027027027027	0.445945945946	0.283783783784	0.243243243243
ḿbɔ-	0.223672382544	0.219483870341	0.267253317525	0.28959042959
akí-	0.0	1.0	0.0	0.0
nza-	0.0	0.991803278689	0.00819672131147	0.0
lɛ̀-	0.315598548972	0.400241837969	0.037484885127	0.246674727932
nzs-	0.135085113583	0.605789628405	0.182203045468	0.0769222125437
por-	0.158940397351	0.841059602649	0.0	0.0
núu-	0.671281171938	0.216944479659	0.0793851906266	0.0323891577756
tèf-	0.131487889273	0.080738177624	0.694348327566	0.0934256055363
alf-	0.0	1.0	0.0	0.0
ngi-	0.0100094852562	0.00979702839943	0.000160404847303	0.980033081497
sǐŋ-	0.150246305419	0.406403940887	0.251231527094	0.192118226601
epa-	0.100687846265	0.872815352086	0.0158980809892	0.0105987206595
léz-	0.536633618933	0.323365408709	0.0834545665336	0.0565464058252
70m-	0.23275862069	0.456896551724	0.103448275862	0.206896551724
ŋa’-	0.28	0.474545454546	0.201818181818	0.0436363636364
gíg-	0.365013774105	0.165289256198	0.349862258953	0.119834710744
nù’-	0.534533183352	0.00517435320585	0.37120359955	0.089088863892
jaŋ-	0.580327868852	0.340983606557	0.0	0.0786885245902
lɔg-	0.228473566709	0.0435396554731	0.0167927236786	0.711194054139
cúɔ-	0.521739130435	0.365728900256	0.0460358056266	0.0664961636828
éss-	0.0	1.0	0.0	0.0
lyé-	0.418575433065	0.29373173955	0.199746353836	0.0879464735479
mel-	0.0888726271397	0.809193650847	0.0701319074454	0.0318018145678
gyâ-	0.43795620438	0.0875912408759	0.306569343066	0.167883211679
zǎg-	0.0952380952381	0.619047619048	0.190476190476	0.0952380952381
ńnú-	0.673230707717	0.295181927229	0.016593362655	0.014994002399
ńká-	0.432116643247	0.346579190756	0.178417430839	0.0428867351583
vɔ́-	0.34942127102	0.191963310767	0.274077309456	0.184538108757
éfó-	0.179563409678	0.107164672687	0.0501410826362	0.663130834999
póŋ-	0.304976550287	0.497980719124	0.0661151641479	0.130927566441
jwó-	0.324189526185	0.501246882793	0.0548628428928	0.11970074813
acÿ-	0.165289256198	0.69696969697	0.0936639118457	0.0440771349862
ńkà-	0.0927835051546	0.324742268041	0.551546391753	0.0309278350515
ńzẅ-	0.564978834834	0.246276855696	0.0490021468346	0.139742162635
kwó-	0.513105668678	0.31657593669	0.0490310530002	0.121287341632
ná’-	0.199434085172	0.235465352984	0.294764270011	0.270336291833
ńda-	0.513172867064	0.284373045136	0.0854255333306	0.117028554469
kút-	0.738336713996	0.0872210953347	0.0933062880325	0.0811359026368
káa-	0.1	0.735	0.1	0.065
épú-	0.528846153846	0.442307692308	0.0	0.0288461538461
nyi-	0.171163914619	0.612968183649	0.109142166734	0.106725734998
veg-	0.407024423026	0.130858099199	0.0562000249367	0.405917452838
ndò-	0.301524279731	0.550969142905	0.122172381894	0.0253341954702
ncu-	0.164544564153	0.794319294809	0.0411361410382	0.0
shé-	0.308488612836	0.52380952381	0.0496894409938	0.11801242236
kwé-	0.541808651488	0.281243895557	0.109337355935	0.0676100970199
nẅɛ-	0.274682080925	0.470057803468	0.238612716763	0.0166473988439
fǎŋ-	0.245249193259	0.0989602007888	0.578343492291	0.0774471136608
nkʉ-	0.0990106034793	0.78514494538	0.0849580510232	0.0308864001175
ńgú-	0.507458694877	0.344556044217	0.0588375133722	0.0891477475336
sak-	0.0504032258065	0.854166666667	0.0161290322581	0.0793010752688
mmí-	0.347826086956	0.634782608696	0.0173913043478	0.0
tèp-	0.284745323967	0.184916510144	0.530338165889	0.0
ánn-	0.0259179265658	0.95464362851	0.0194384449244	0.0
lum-	0.308	0.308	0.336	0.048
lúe-	0.411580205118	0.436074878025	0.1194862093	0.0328587075575
gẅe-	0.403418803419	0.521367521368	0.0205128205128	0.0547008547009
atw-	0.357400722022	0.326113116727	0.251504211793	0.0649819494585
lid-	0.0	1.0	0.0	0.0
zim-	0.739338735435	0.0761223162004	0.076299757497	0.108239190868
mby-	0.146596558953	0.796017253054	0.0354172358815	0.021968952112
mvw-	0.045154185022	0.8359030837	0.0693832599119	0.0495594713656
léf-	0.480972288871	0.337349060144	0.0729982205575	0.108680430427
tʉ́-	0.425774819902	0.329132520311	0.0395596226348	0.205533037152
lev-	0.189781021898	0.642335766423	0.138686131387	0.029197080292
ndà-	0.072679661602	0.151819147049	0.14323290217	0.632268289179
pôŋ-	0.012987012987	0.987012987013	0.0	0.0
tán-	0.0881267453446	0.589270428425	0.283310646777	0.039292179453
ome-	0.02773853859	0.930653653525	0.0416078078849	0.0
kaŋ-	0.354995444883	0.357728515032	0.126935924689	0.160340115396
amb-	0.217823982865	0.628069253747	0.105701433862	0.0484053295256
àkɔ-	0.204820230271	0.471364790292	0.123555523524	0.200259455913
tal-	0.0	1.0	0.0	0.0
tyè-	0.316920322292	0.683079677708	0.0	0.0
zóŋ-	0.611328125	0.205078125	0.142578125	0.041015625
těm-	0.210191082802	0.515923566879	0.235668789809	0.0382165605096
tɛ’-	0.192734072443	0.0451606044498	0.347493735287	0.41461158782
kél-	0.156297751583	0.809211962454	0.0196463654224	0.0148439205414
nga-	0.358733880422	0.436107854631	0.0117233294255	0.193434935522
tá’-	0.0398056875356	0.0321380004972	0.00719462449719	0.92086168747
zẅě-	0.707084468665	0.194822888283	0.0940054495912	0.00408719346049
cÿɔ-	0.162611733387	0.658726842776	0.145106545622	0.0335548782156
zǐm-	0.580069410015	0.177491323748	0.135349529003	0.107089737233
shÿ-	0.25327500514	0.335833656956	0.107795657693	0.303095680211
pòŋ-	0.14522701377	0.536721963655	0.107858094668	0.210192927908
zà’-	0.0966057441254	0.202349869452	0.121409921671	0.579634464752
gwǎ-	0.380851564338	0.268172194778	0.0882145377558	0.262761703129
evo-	0.161290322581	0.838709677419	0.0	0.0
eub-	0.0	1.0	0.0	0.0
áwɔ-	0.647887323944	0.12676056338	0.112676056338	0.112676056338
geb-	0.568965517241	0.327586206897	0.0905172413793	0.0129310344827
stí-	0.1875	0.654605263158	0.157894736842	0.0
ter-	0.0	0.986270022883	0.0137299771167	0.0
gá’-	0.737226277372	0.109489051095	0.080291970803	0.0729927007299
pẅi-	0.020942408377	0.958115183246	0.020942408377	0.0
mɔɔ-	0.109574675641	0.0448248951322	0.0123158716223	0.833284557604
ndɔ-	0.394395824428	0.392832234696	0.133805034984	0.0789669058921
là’-	0.407120566296	0.463103212057	0.0313974729791	0.098378748668
oli-	0.0108166576528	0.93645213629	0.0270416441319	0.0256895619254
nzá-	0.0	0.862655330281	0.0	0.137344669719
gwě-	0.531858225773	0.260807211637	0.0651505838967	0.142183978693
nzó-	0.194805194805	0.655844155844	0.11038961039	0.038961038961
efÿ-	0.163157894737	0.2	0.61052631579	0.0263157894737
náa-	0.720640299118	0.127865085393	0.0142743081926	0.137220307297
tẅi-	0.0602582496413	0.819225251076	0.120516499283	0.0
láb-	0.454545454545	0.528925619835	0.0165289256198	0.0
fàg-	0.213918729566	0.738439981317	0.042036431574	0.0056048575432
jʉ’-	0.117058680159	0.401013983219	0.0212460594106	0.460681277211
pyé-	0.678701596103	0.198102222596	0.032881285309	0.0903148959919
mák-	0.19027027027	0.624864864865	0.126486486486	0.0583783783784
nim-	0.0877192982456	0.912280701754	0.0	0.0
agʉ-	0.183333333333	0.283333333333	0.466666666667	0.0666666666667
tor-	0.0140515222482	0.981264637002	0.0	0.00468384074941
ssé-	0.0275084058521	0.63784466668	0.0222458236329	0.312401103835
enn-	0.335403726708	0.366459627329	0.0372670807453	0.260869565217
tét-	0.674393777642	0.255147170962	0.0704590513954	0.0
gwò-	0.240963855422	0.759036144578	0.0	0.0
ape-	0.0	1.0	0.0	0.0
pìi-	0.247843849296	0.752156150704	0.0	0.0
éfe-	0.162580645161	0.783225806452	0.0541935483871	0.0
zǎ’-	0.397321428571	0.549107142857	0.0535714285715	0.0
apw-	0.55938630919	0.196326690113	0.182442190394	0.0618448103029
kẅì-	0.227163461538	0.426682692308	0.274038461538	0.0721153846154
nuŋ-	0.304852268701	0.462570749054	0.176708203019	0.0558687792254
cwó-	0.200166112957	0.199335548173	0.0299003322259	0.570598006645
pwó-	0.123325176265	0.751496135488	0.040644004555	0.0845346836915
èpʉ-	0.748898678414	0.198237885462	0.0264317180617	0.0264317180617
ńkʉ-	0.507941698247	0.347562235475	0.0730085387508	0.0714875275268
yes-	0.0505457161664	0.90552145361	0.0183691276195	0.0255637026038
ńnʉ-	0.438735177866	0.214756258235	0.0553359683795	0.29117259552
fâg-	0.56862745098	0.0	0.0	0.43137254902
àcú-	0.375	0.482142857143	0.0178571428571	0.125
amm-	0.239495388882	0.238763287236	0.071598982005	0.450142341877
kan-	0.129645100904	0.842852826602	0.0131263312614	0.0143757412324
ajǔ-	0.381962864722	0.200265251989	0.119363395225	0.298408488064
ŋu’-	0.0823529411764	0.882352941177	0.0352941176471	0.0
kúe-	0.70271348763	0.0911146581538	0.194998669859	0.0111731843575
káp-	0.0086956521739	0.991304347826	0.0	0.0
égi-	0.0	0.127441638876	0.778227727489	0.0943306336351
fóm-	0.189625558227	0.779972518035	0.0257643421505	0.00463758158709
mna-	0.0	1.0	0.0	0.0
eyɔ-	0.335877862595	0.229007633588	0.137404580153	0.297709923664
ntí-	0.138556843888	0.263966313247	0.132267514597	0.465209328269
ken-	0.377358490566	0.382504288165	0.154373927959	0.0857632933105
nne-	0.4375	0.5	0.015625	0.046875
màk-	0.0634920634921	0.809523809524	0.111111111111	0.015873015873
tyɛ-	0.287161119002	0.606620144507	0.0481689618971	0.058049774594
àfʉ-	0.340482097327	0.552242721323	0.0139924149587	0.093282766391
lǎ’-	0.0875874578906	0.345167141747	0.125939362529	0.441306037834
maŋ-	0.416243654822	0.197969543147	0.294416243655	0.0913705583756
mem-	0.185652332978	0.592759831159	0.171148244464	0.0504395913991
tàa-	0.164373554122	0.36076951175	0.357360282479	0.11749665165
eye-	0.0	0.872340425532	0.0425531914894	0.0851063829787
tha-	0.148936170213	0.659574468085	0.0	0.191489361702
anu-	0.345070422535	0.274647887324	0.302816901408	0.0774647887324
pɔɔ-	0.113171355499	0.178845451224	0.0189989039094	0.688984289368
káŋ-	0.0807142857143	0.830357142857	0.0717857142857	0.0171428571429
gɔ’-	0.296046287367	0.297974927676	0.19768563163	0.208293153327
egu-	0.199021207178	0.663947797716	0.0293637846656	0.10766721044
pàc-	0.550276243094	0.267403314917	0.0265193370166	0.155801104972
ntó-	0.163334358659	0.744386342664	0.0369117194709	0.0553675792064
ser-	0.0249165739711	0.975083426029	0.0	0.0
gàb-	0.511363636364	0.386363636364	0.0681818181818	0.0340909090909
ńné-	0.480246781695	0.0689589253595	0.0122573988316	0.438536894114
teg-	0.498930862438	0.148491328106	0.352577809456	0.0
ḿme-	0.283751776409	0.0653718616769	0.108953102795	0.541923259119
ngá-	0.0936193419377	0.778222141429	0.0109071077986	0.117251408835
deg-	0.341685649203	0.357630979499	0.0136674259681	0.28701594533
emɔ-	0.0461538461538	0.246153846154	0.0	0.707692307692
mbw-	0.0626873635914	0.0669319647508	0.00571572034714	0.864664951311
pÿɛ-	0.197284147448	0.408477418291	0.360647626378	0.0335908078837
zyé-	0.465490654602	0.433641739956	0.0102943419247	0.0905732635182
káb-	0.320473476545	0.608505041648	0.0341955282771	0.0368259535291
sòŋ-	0.290050590219	0.340640809443	0.349072512648	0.0202360876897
luɔ-	0.514018691589	0.355140186916	0.018691588785	0.11214953271
ngǔ-	0.108374384236	0.738916256158	0.12315270936	0.0295566502463
pák-	0.319444444444	0.625	0.0277777777778	0.0277777777778
ndó-	0.0498780758146	0.727333185547	0.209487918422	0.0133008202172
