-ørk	0.195979899497	0.145728643216	0.64824120603	0.0100502512563
-ivs	0.111111111111	0.644444444444	0.0444444444444	0.2
-ørn	0.00719424460432	0.925659472422	0.0671462829736	0.0
-øra	0.688257736329	0.226282323018	0.0350996184824	0.0503603221704
-rby	0.577235772358	0.170731707317	0.19512195122	0.0569105691057
-øre	0.353001103659	0.191612191188	0.0453349180745	0.410051787079
-ørd	0.41975308642	0.444444444444	0.0864197530864	0.0493827160494
-eus	0.003301540719	0.995964783566	0.000733675715333	0.0
-aja	0.0057636887608	0.988472622478	0.0	0.00576368876081
-hel	0.576940313976	0.407962182481	0.00539196555117	0.00970553799212
-hem	0.0	1.0	0.0	0.0
-ivd	0.148148148148	0.574074074074	0.148148148148	0.12962962963
-ive	0.877096431436	0.0993697864838	0.0134011814623	0.0101326006178
-rbe	0.0102040816326	0.989795918367	0.0	0.0
-gta	0.335507921715	0.318732525629	0.0745573159367	0.271202236719
-ryr	0.520408163265	0.377551020408	0.094387755102	0.00765306122448
-rbi	0.646320786707	0.222109189556	0.0603594438793	0.0712105798576
-lse	0.176420211248	0.801313160148	0.00856408792464	0.0137025406794
-ørt	0.779913943056	0.0937471390644	0.0510848667949	0.0752540510849
-rys	0.289256198347	0.272727272727	0.413223140496	0.0247933884298
-uft	0.104347826087	0.24347826087	0.313043478261	0.339130434783
-aup	0.0205245153934	0.961231470924	0.00456100342074	0.0136830102622
-aus	0.250469203208	0.417334925781	0.268213615424	0.0639822555878
-aut	0.822852005242	0.0994825491865	0.0174077722834	0.0602576732886
-auv	0.525974025974	0.461038961039	0.0	0.012987012987
-nst	0.350642562873	0.136121871733	0.0484228002213	0.464812765172
-søt	0.0571428571429	0.0428571428571	0.9	0.0
-rpå	0.654340836013	0.167202572347	0.139871382637	0.0385852090032
-økk	0.872727272727	0.127272727273	0.0	0.0
-båt	0.0289727831431	0.94468832309	0.0263388937665	0.0
-aen	0.0	1.0	0.0	0.0
-aua	0.0902255639097	0.90977443609	0.0	0.0
-ang	0.485379451587	0.336101945614	0.102969621117	0.0755489816817
-økt	0.131868131868	0.637362637363	0.164835164835	0.0659340659341
-aud	0.484900283555	0.346772879771	0.1365124861	0.0318143505741
-aug	0.518026565465	0.426944971537	0.0265654648956	0.0284629981024
-nsk	0.0301507537688	0.939698492462	0.0	0.0301507537688
-nse	0.104089219331	0.754646840149	0.14126394052	0.0
-auk	0.463414634146	0.487804878049	0.0487804878049	0.0
-aum	0.00947867298578	0.988625592417	0.0	0.00189573459716
-nsa	0.67952720785	0.168599464764	0.1090544157	0.042818911686
-pla	0.219178082192	0.72602739726	0.0547945205479	0.0
-råk	0.045197740113	0.824858757062	0.101694915254	0.0282485875706
-yte	0.116883116883	0.623376623377	0.242424242424	0.017316017316
-pur	0.100565681961	0.0707102451288	0.82872407291	0.0
-pus	0.0	1.0	0.0	0.0
-nta	0.657894128258	0.203996207303	0.0445873129669	0.093522351472
-råa	0.468292682927	0.458536585366	0.0146341463415	0.0585365853658
-nte	0.708372444927	0.166177444723	0.0779197131852	0.0475303971645
-kia	0.00165689188123	0.995029324356	0.0	0.00331378376246
-råd	0.211111111111	0.203472222222	0.45	0.135416666667
-råe	0.0995850622407	0.49377593361	0.406639004149	0.0
-apa	0.758326878389	0.0975987606506	0.0952749806352	0.0487993803253
-her	0.0903087631626	0.0664643940746	0.0108513296448	0.832375513118
-rår	0.277470355731	0.553359683794	0.0608695652174	0.108300395257
-akk	0.421976492422	0.490450046397	0.0475564491185	0.0400170120631
-sva	0.0	1.0	0.0	0.0
-øte	0.382436260623	0.382436260623	0.150141643059	0.084985835694
-råt	0.27773826458	0.675320056899	0.0298719772404	0.0170697012802
-iva	0.868800923847	0.071598126644	0.0160390068647	0.0435619426445
-vis	0.246519739018	0.433446585887	0.213596319793	0.106437355302
-opp	0.146955595732	0.193335593267	0.0113852707126	0.648323540288
-lte	0.698571472744	0.14871989116	0.124996134937	0.0277125011595
-ope	0.140874811463	0.136349924585	0.307692307692	0.415082956259
-opa	0.770822478601	0.0885001860812	0.0140677335318	0.126609601786
-fsa	0.727790432802	0.205011389522	0.0239179954442	0.0432801822323
-dea	0.00267716535433	0.987874015748	0.00897637795276	0.000472440944883
-msa	0.403587443946	0.297458893871	0.0896860986547	0.209267563528
-das	0.00861914167714	0.984916502065	0.00107739270964	0.00538696354821
-deg	0.0302406769473	0.0138287132299	0.000508635239174	0.955421974584
-dei	0.0100129885423	0.0368224560507	0.000310629913591	0.952853925493
-dek	0.05991902834	0.910931174089	0.00485829959514	0.0242914979757
-del	0.265768725361	0.647996057819	0.0379434954008	0.0482917214192
-ilt	0.154402168457	0.186678044373	0.125489408694	0.533430378476
-den	0.029842898818	0.289676582122	0.00963610779712	0.670844411263
-gde	0.694210563282	0.144147535509	0.0764650722633	0.0851768289452
-ima	0.376344086021	0.591397849462	0.0322580645161	0.0
-lgd	0.277611940299	0.617910447761	0.0328358208955	0.0716417910447
-des	0.0712336319779	0.754651964163	0.0522674017919	0.121847002068
-det	0.0342394519805	0.17125884452	0.00506019063856	0.789441512861
-aka	0.545816512747	0.334336116795	0.0394845987944	0.080362771664
-okk	0.0831578947368	0.79649122807	0.107719298246	0.0126315789474
-lga	0.552270327349	0.0834213305175	0.29883843717	0.065469904963
-oke	0.034980566352	0.0949472515269	0.848417545808	0.0216546363132
-sit	0.824450242266	0.171449869549	0.0	0.00409988818487
-oka	0.057991513437	0.745638849599	0.0304101838755	0.165959453088
-ler	0.124001952084	0.0788774639439	0.0154549852224	0.781665598749
-yma	0.657669644554	0.202623075461	0.091237407337	0.0484698726478
-lla	0.857264355476	0.110284634743	0.0121299155786	0.020321094202
-æte	0.0	0.955056179775	0.0449438202247	0.0
-ymd	0.754911131899	0.144059869036	0.089803554724	0.0112254443405
-lle	0.168760336342	0.0795183928457	0.0394447216271	0.712276549186
-mna	0.29292543021	0.597705544933	0.0565965583174	0.0527724665392
-idd	0.67631731326	0.220034742328	0.0588689442193	0.044779000193
-ide	0.242897419215	0.609846020386	0.0800260247235	0.0672305356756
-rpe	0.00966183574879	0.574879227053	0.405797101449	0.00966183574878
-osk	0.310204081633	0.620408163265	0.0571428571428	0.0122448979592
-ida	0.201539012542	0.705410884359	0.0282349341243	0.064815168975
-lls	0.0	1.0	0.0	0.0
-oge	0.265161764137	0.707780912991	0.0270573228712	0.0
-åne	0.11320754717	0.88679245283	0.0	0.0
-ymt	0.776777098746	0.0881312319074	0.0994424788249	0.0356491905221
-bia	0.0	0.989417989418	0.0	0.010582010582
-me-	0.0888888888889	0.555555555556	0.355555555556	0.0
-obs	0.00867678958784	0.988069414317	0.00325379609545	0.0
-idt	0.140530382126	0.473794111506	0.0350803925663	0.350595113802
-ids	0.00757575757575	0.986363636364	0.00454545454545	0.00151515151515
-due	1.0	0.0	0.0	0.0
-lje	0.216083657227	0.503794188414	0.0389598371275	0.241162317231
-bba	0.0580645161289	0.838709677419	0.0	0.103225806452
-tes	0.107032590051	0.792624356775	0.100343053173	0.0
-tet	0.0973516995523	0.803487527162	0.0481390108226	0.0510217624637
-bbe	0.037037037037	0.962962962963	0.0	0.0
-ria	0.0726242595931	0.91140870461	0.0118465104301	0.00412052536698
-såg	0.97725568267	0.0112085304826	8.18140911135e-05	0.0114539727559
-rar	0.21072455445	0.705482486918	0.0533186855496	0.0304742730822
-bbi	0.0124584717608	0.943936877076	0.0	0.0436046511628
-rim	0.0	1.0	0.0	0.0
-rik	0.0895458896098	0.210464745294	0.636818036797	0.0631713282995
-vig	0.00921637205785	0.0232772473769	0.752552226108	0.214954154457
-riv	0.80662510027	0.0842175308102	0.0261613067892	0.0829960621308
-tea	0.0152284263959	0.984771573604	0.0	0.0
-gra	0.605518269948	0.235964631938	0.102269095558	0.0562480025567
-ris	0.223820943245	0.736211031175	0.0287769784173	0.0111910471623
-utt	0.386138613861	0.106930693069	0.0930693069307	0.413861386139
-gre	0.0172815295992	0.210932712342	0.757445765412	0.0143399926462
-mja	0.745341614907	0.0505767524401	0.186335403727	0.0177462289263
-tek	0.708562340329	0.0670668570142	0.0332683980604	0.191102404596
-tel	0.295682855737	0.644328887995	0.0244396599607	0.0355485963066
-sår	0.520499108734	0.462121212121	0.00668449197861	0.0106951871658
-ten	0.0604317529771	0.698932223127	0.141422762122	0.0992132617745
-ard	0.265480670544	0.241532671912	0.410537119398	0.0824495381457
-are	0.274166758878	0.224191404392	0.286531765409	0.215110071321
-pas	0.0144603201928	0.89877775865	0.0867619211569	0.0
-ara	0.875476380247	0.0745547644722	0.00905875970342	0.0409100955774
-mes	0.129807692308	0.706730769231	0.0576923076923	0.105769230769
-mer	0.471245538306	0.416344496801	0.0778610240698	0.0345489408227
-arm	0.0924643397697	0.329633536669	0.502774847498	0.0751272760629
-ydt	0.481012658228	0.291139240506	0.227848101266	0.0
-lus	0.00576337927331	0.980848398067	0.000429568641489	0.0129586540183
-når	0.0596834426313	0.0360096393548	0.0110596491886	0.893247268825
-ålt	0.430508474576	0.396610169492	0.0915254237288	0.0813559322034
-jia	0.0	1.0	0.0	0.0
-art	0.79051677741	0.0181940039333	0.00991784772549	0.181371370931
-med	0.0285372160694	0.0132297201977	0.00373270577218	0.954500357961
-arv	0.36032388664	0.542510121458	0.0323886639676	0.0647773279352
-åta	0.524068322981	0.461956521739	0.0	0.0139751552795
-mea	0.0	1.0	0.0	0.0
-arr	0.378475423359	0.418094036586	0.14192828376	0.0615022562958
-ars	0.103223402273	0.820383827091	0.0409912427799	0.0354015278554
-lød	0.144	0.392	0.224	0.24
-mel	0.0300270243219	0.904914422981	0.0160144129717	0.0490441397258
-ydd	0.731318598707	0.0921665914899	0.124191850849	0.0523229589536
-åla	0.526932486373	0.320271256277	0.10129190094	0.0515043564102
-alt	0.073019509158	0.331181828041	0.0356791257813	0.56011953702
-mek	0.0	1.0	0.0	0.0
-yda	0.73053368329	0.185476815398	0.0524934383202	0.0314960629921
-rah	0.0261437908497	0.967320261438	0.0	0.00653594771242
-450	0.0392156862745	0.0588235294117	0.0392156862745	0.862745098039
-ønt	0.0909090909091	0.545454545455	0.363636363636	0.0
-lds	0.0652173913043	0.786956521739	0.00869565217391	0.139130434783
-vud	0.0172413793103	0.970443349754	0.012315270936	0.0
-ønn	0.0836653386454	0.79780876494	0.0687250996016	0.0498007968127
-tyr	0.411214953271	0.364485981308	0.130841121495	0.0934579439252
-era	0.808253465083	0.0435188611125	0.0140478927841	0.134179781021
-øne	0.0502092050209	0.397489539749	0.55230125523	0.0
-gom	0.136645962733	0.757763975155	0.0	0.105590062112
-åsa	0.771324863884	0.206896551724	0.0	0.021778584392
-øna	0.744413474069	0.22040196456	0.00668574198792	0.0284988193829
-åse	0.470588235294	0.0294117647059	0.5	0.0
-gol	0.754098360656	0.245901639344	0.0	0.0
-øgn	0.183590576767	0.7432981316	0.0536149471974	0.0194963444354
-lån	0.380222187451	0.60569550931	0.0140823032389	0.0
-øde	0.0555580000348	0.33271794473	0.59965132527	0.0120727299654
-øgd	0.365429779239	0.325035227806	0.180836073274	0.128698919681
-øge	0.119696969697	0.327272727273	0.35	0.20303030303
-ira	0.0290122192641	0.073507577309	0.00955696634583	0.887923237081
-ågt	0.405360458261	0.200893996322	0.379807650004	0.013937895413
-fri	0.361581920904	0.188098747237	0.419675755343	0.0306435765168
-ken	0.10783431363	0.773235659062	0.0409197515274	0.0780102757803
-eng	0.488030920561	0.346015631125	0.0878095244782	0.078143923836
-øgt	0.178109452736	0.1	0.44776119403	0.274129353234
-ota	0.0780622201814	0.892664447251	0.0120537251751	0.0172196073929
-urt	0.393390191898	0.465884861407	0.0703624733476	0.0703624733475
-søk	0.702702702703	0.13963963964	0.0675675675676	0.0900900900901
-sky	0.264268585132	0.660911270983	0.0719424460432	0.00287769784172
-ote	0.536585365854	0.235772357724	0.211382113821	0.0162601626016
-håp	0.204081632653	0.763209393346	0.0100642996925	0.0226446743081
-lèt	0.706918648412	0.124844884757	0.0439408426063	0.124295624224
-reæ	0.0	1.0	0.0	0.0
-spy	0.112956810631	0.887043189369	0.0	0.0
-uår	0.0163934426229	0.77868852459	0.155737704918	0.0491803278689
-nda	0.33373764184	0.591924889102	0.0321974634129	0.0421400056445
-hop	0.196353436185	0.711079943899	0.0715287517532	0.0210378681627
-ots	0.196621621622	0.779054054054	0.0081081081081	0.0162162162162
-ott	0.167691447736	0.54443823365	0.27110117384	0.0167691447737
-gog	0.0	0.981481481481	0.0185185185185	0.0
-eet	0.0144849916011	0.912024977481	0.0453721060448	0.0281179248728
-sør	0.0710441334768	0.510226049516	0.231431646932	0.187298170075
-låg	0.830560028628	0.0545714796923	0.0348899624262	0.0799785292539
-umi	0.0	0.831578947368	0.0	0.168421052632
-søv	0.599624060151	0.157894736842	0.0169172932331	0.225563909774
-akn	0.5625	0.1875	0.208333333333	0.0416666666667
ALL	0.227176584531	0.284082164814	0.0535865979272	0.435154652728
-nai	0.0	1.0	0.0	0.0
-nan	0.0189315709762	0.108721307606	0.126816939085	0.745530182333
-ige	0.138507507848	0.23418813117	0.553602632475	0.0737017285071
-nal	0.172284644195	0.610486891386	0.172284644195	0.0449438202247
-nam	0.0	1.0	0.0	0.0
-sis	0.0	1.0	0.0	0.0
-gda	0.0864892528148	0.851330603889	0.0253326509724	0.0368474923234
-ake	0.343086032741	0.116196447231	0.0568443051201	0.483873214908
-yst	0.130926478773	0.779701968325	0.0543945757223	0.0349769771796
-yss	0.0782608695652	0.898550724638	0.0231884057971	0.0
-siv	0.0869565217391	0.84347826087	0.0347826086957	0.0347826086957
-kim	0.0	1.0	0.0	0.0
-kil	0.816828363214	0.122926632986	0.025819287343	0.0344257164573
-kip	0.108490566038	0.818396226415	0.068396226415	0.00471698113209
-sin	0.02282178601	0.0456388810054	0.039174662892	0.892364670093
-nar	0.34722473689	0.442038916084	0.050689169644	0.160047177382
-nas	0.0284049526584	0.943190094683	0.0109249817917	0.0174799708667
-sia	0.00502152080345	0.993543758967	0.0	0.00143472022956
-akt	0.140086904267	0.759326029677	0.0729441131605	0.027642952896
-aks	0.0468816769873	0.182997039788	0.0052211612422	0.764900121982
-ams	0.0284380051488	0.832215769622	0.124827875232	0.014518349997
-ysa	0.610833081574	0.270095843568	0.106045281598	0.0130257932599
-sid	0.4	0.533333333333	0.0333333333333	0.0333333333333
-fte	0.402776280817	0.206039000523	0.146907798274	0.244276920386
-mot	0.197932753542	0.0453943825951	0.0312227352959	0.725450128567
-mos	0.0125588697017	0.970172684458	0.00941915227629	0.00784929356357
-mor	0.00318164620094	0.987961338699	0.00206377050872	0.0067932445912
-dyr	0.084748403178	0.75759464091	0.136469855118	0.0211871007945
-gon	0.0210696920583	0.909238249595	0.0567260940032	0.0129659643436
-yns	0.339473684211	0.439473684211	0.189473684211	0.0315789473684
-ynt	0.790638877184	0.0794463712684	0.0933519172798	0.0365628342679
-god	0.107330000602	0.107330000602	0.692826597603	0.0925134011926
-hår	0.0923076923077	0.803846153846	0.103846153846	0.0
-ign	0.486629444608	0.172200999118	0.317367029092	0.0238025271819
-sle	0.210295728368	0.488798167878	0.275813999801	0.025092103953
-hån	0.329326923077	0.555288461539	0.0721153846154	0.0432692307692
-lki	0.0	1.0	0.0	0.0
-dam	0.00356718192628	0.976813317479	0.0107015457788	0.00891795481569
-ynn	0.833101529903	0.0751043115438	0.0458970792768	0.0458970792768
-yna	0.842202970297	0.0965346534653	0.0389851485148	0.0222772277228
-vla	0.497907949791	0.470711297071	0.00836820083682	0.0230125523013
-mon	0.00649878706501	0.987965209139	0.00288834980667	0.00264765398945
-mom	0.688741721854	0.0993377483443	0.0	0.211920529801
-lka	0.0978463174688	0.784099973411	0.0773730390854	0.0406806700346
-ynd	0.0578247860274	0.773084684434	0.0911557998748	0.0779347296639
-yne	0.701570680628	0.183246073298	0.0628272251309	0.0523560209424
-lke	0.260950605778	0.589934762349	0.0372786579683	0.111835973905
-lpt	0.840707964602	0.106194690265	0.0353982300885	0.0176991150442
-øtt	0.610340479193	0.206809583859	0.107818411097	0.0750315258512
-yar	0.172374429224	0.76598173516	0.0325342465753	0.0291095890411
-ber	0.605090475244	0.268840723802	0.0410949824352	0.0849738185193
-vle	0.172932330827	0.751879699248	0.0451127819549	0.0300751879699
-met	0.135599159075	0.825391263723	0.0286148096239	0.0103947675777
-eos	0.0149253731343	0.975124378109	0.00995024875621	0.0
-mfa	0.0	1.0	0.0	0.0
-bet	0.00471698113206	0.971698113208	0.0	0.0235849056604
-nus	0.0172566371681	0.967256637168	0.0	0.0154867256637
-eon	0.0238095238095	0.970238095238	0.00595238095238	0.0
-lpe	0.28813559322	0.305084745763	0.135593220339	0.271186440678
-eol	0.0	0.836363636364	0.145454545455	0.0181818181818
-ma-	0.0	0.90369733448	0.0963026655202	0.0
-bel	0.140305950536	0.683806186401	0.090976480895	0.0849113821686
-rle	0.0	1.0	0.0	0.0
-yng	0.673277661795	0.318371607516	0.00313152400835	0.00521920668058
-bed	0.814620416857	0.151262741518	0.00136923779096	0.0327476038339
-rek	0.196078431373	0.627450980392	0.176470588235	0.0
-upt	0.304964539007	0.0567375886525	0.351063829787	0.287234042553
-rei	0.048309178744	0.550724637681	0.371980676328	0.0289855072464
-ren	0.0522394133627	0.906907510517	0.0197011181877	0.021151957933
-ups	0.326315789474	0.368421052632	0.0105263157895	0.294736842105
-evs	0.0169491525424	0.949152542373	0.0338983050847	0.0
-lyd	0.214569536424	0.683443708609	0.0582781456954	0.0437086092715
-ise	0.225162347515	0.101778236329	0.658493657826	0.0145657583298
-rea	0.0017884517118	0.997956055187	0.000255493101687	0.0
-mod	0.0697008274984	0.605346912794	0.0996180776576	0.22533418205
-reg	0.85103510351	0.0513051305131	0.00945094509452	0.0882088208821
-red	0.0191311612364	0.959899749373	0.00843776106934	0.0125313283208
-evd	0.7375	0.184615384615	0.0346153846154	0.0432692307692
-eve	0.861872548329	0.028010711014	0.0125079275597	0.0976088130975
-upe	0.277027027027	0.182432432432	0.486486486486	0.054054054054
-eva	0.741106719368	0.182985986346	0.0327883578872	0.0431189363996
-rer	0.687560308319	0.220541819708	0.0247769480475	0.0671209239255
-res	0.134106905079	0.660452729694	0.0285333840594	0.176906981168
-rep	0.480707395498	0.244372990354	0.0819935691318	0.192926045016
-ist	0.48716712857	0.277503313652	0.129774671647	0.105554886131
-rev	0.212238259809	0.690587517788	0.0579386054076	0.0392356169953
-evi	0.0	1.0	0.0	0.0
-ret	0.114068770775	0.836815599604	0.0345476981912	0.0145679314293
-lys	0.0657789613848	0.692143808256	0.234087882823	0.00798934753662
-hab	0.0216346153846	0.978365384615	0.0	0.0
-sos	0.00317292437863	0.989952406134	0.00634584875727	0.000528820729772
-juv	0.0402010050251	0.939698492462	0.0	0.0201005025126
-eks	0.320027294439	0.115660184238	0.0238826339133	0.540429887411
-ava	0.0301775147929	0.933727810651	0.0112426035503	0.0248520710059
-mas	0.00113250283126	0.995469988675	0.00226500566252	0.00113250283126
-mar	0.100071380418	0.791668318991	0.083554744815	0.0247055557759
-avd	0.779735682819	0.127753303965	0.079295154185	0.0132158590308
-ham	0.00477648499694	0.988242498469	0.0062461726883	0.000734843845684
-han	0.00863773368799	0.0693423645089	0.000166120703194	0.9218537811
-amd	0.792490118577	0.160079051383	0.0118577075099	0.0355731225296
-har	0.859245696956	0.0166682261365	0.000969523327781	0.12311655358
-has	0.0	1.0	0.0	0.0
-mal	0.0814412635735	0.230009871668	0.62783810464	0.0607107601184
-hav	0.00689655172414	0.931034482759	0.0620689655172	0.0
-man	0.1209709199	0.0451585795821	0.0302518639919	0.803618636526
-juk	0.043385441774	0.0979960057847	0.758625439019	0.099993113422
-avs	0.521739130435	0.304347826087	0.0652173913043	0.108695652174
-vik	0.491594915949	0.39565395654	0.0733907339074	0.0393603936039
-nkt	0.640900791236	0.223980523433	0.100426049909	0.034692635423
-usk	0.0	0.961538461538	0.0384615384615	0.0
-unn	0.0776293769924	0.604821929663	0.0713299439414	0.246218749403
-uni	0.0	0.867924528302	0.0	0.132075471698
-und	0.102961527816	0.646138942707	0.0642125657349	0.186686963742
-ala	0.867961891064	0.0879789936633	0.0107192549154	0.0333398603576
-ung	0.111878453039	0.368784530387	0.513812154696	0.00552486187845
-eik	0.251179446371	0.627238106065	0.0978229977832	0.0237594497811
-dåp	0.209979209979	0.758835758836	0.0	0.031185031185
-nke	0.322191071814	0.514125512185	0.124433901229	0.0392495147725
-pte	0.795398140748	0.158246750515	0.0275102006478	0.018844908089
-nka	0.725890458524	0.143624700744	0.0986860139989	0.031798826733
-pta	0.0	1.0	0.0	0.0
-unt	0.335305719921	0.467455621302	0.0986193293886	0.0986193293886
-øva	0.631623212784	0.262825904121	0.0820016820858	0.0235492010093
-bøn	0.372112557749	0.607517849643	0.00818983620327	0.0121797564049
-yse	0.158392434988	0.618203309693	0.182033096927	0.0413711583925
-nla	0.339222614841	0.480565371025	0.0636042402827	0.116607773852
-add	0.888888888889	0.0	0.0	0.111111111111
-ade	0.448434622468	0.214241866176	0.305709023941	0.0316144874156
-tra	0.340337224384	0.58495460441	0.0498054474708	0.0249027237354
-kum	0.411764705882	0.529411764706	0.0588235294117	0.0
-ada	0.884318766067	0.0848329048843	0.0205655526992	0.0102827763496
-ein	0.0204553158165	0.0889247259454	0.0323708074602	0.858249150778
-aul	0.004	0.996	0.0	0.0
-gai	0.0	1.0	0.0	0.0
-tru	0.402163936741	0.549341640779	0.0291275416549	0.0193668808246
-gav	0.857751260572	0.0242069949175	0.00590610498403	0.112135639527
-144	0.0090909090909	0.0181818181818	0.0	0.972727272727
-sna	0.560180995475	0.260633484163	0.105882352941	0.0733031674208
-gar	0.173601533233	0.764761621543	0.0332844707554	0.0283523744687
-lam	0.258964143426	0.590969455511	0.142098273572	0.00796812749004
-rmt	0.287671232877	0.424657534247	0.287671232877	0.0
-lan	0.20531154239	0.748723186926	0.0306435137896	0.0153217568948
-sla	0.361718450326	0.569236670503	0.0184119677791	0.0506329113924
-sen	0.0795119041327	0.699143466256	0.0209414068498	0.200403222762
-tår	0.8126209907	0.0961282975896	0.0208768267223	0.0703738849877
-sel	0.192140142738	0.782695337844	0.0157104458244	0.00945407359347
-sek	0.0	1.0	0.0	0.0
-lpa	0.491580078825	0.369401648155	0.0383375134361	0.100680759584
-sei	0.891180587961	0.0511432571162	0.00671955202987	0.0509566028931
-seg	0.153682375155	0.0186791113759	0.00374567932604	0.823892834143
-sef	0.0	0.995710784314	0.00245098039216	0.00183823529412
-ind	0.0983636867893	0.276694092632	0.621244337617	0.003697882962
-ine	0.0403724286939	0.0649675906848	0.119210036864	0.775449943757
-sea	0.0322580645161	0.967741935484	0.0	0.0
-ing	0.212201289625	0.583119640641	0.0614937030306	0.143185366704
-eig	0.512239802741	0.359526330842	0.0351309778702	0.093102888547
-kin	0.583038869258	0.416961130742	0.0	0.0
-sig	0.158371040724	0.72850678733	0.10407239819	0.00904977375564
-ins	0.0593290233325	0.333280123447	0.266581530848	0.340809322372
-int	0.141260763245	0.212753329093	0.530528194049	0.115457713612
-ser	0.750476053087	0.157537507213	0.0297316791691	0.0622547605309
-kne	0.358245036519	0.407005452114	0.14995885197	0.0847906593972
-aos	0.219178082192	0.753424657534	0.0	0.0273972602739
-eda	0.174420238932	0.747575544624	0.0674631061138	0.0105411103303
-bli	0.907829371433	0.0181193633589	0.0053099040659	0.0687413611419
-dra	0.692430450372	0.209617360302	0.0450818840021	0.052870305324
-edd	0.398901990143	0.20887142055	0.363216669786	0.0290099195209
-ede	0.2399437336	0.587280547515	0.117807774502	0.0549679443828
-net	0.135561049075	0.820639613262	0.0266924078566	0.0171069298059
-edi	0.6	0.315789473684	0.0631578947368	0.0210526315789
-ner	0.592815952341	0.330653944442	0.0468405810014	0.0296895222159
-nes	0.00809629189831	0.976790629892	0.00944567388137	0.00566740432881
-nep	0.21308411215	0.67476635514	0.0897196261683	0.0224299065421
-sne	0.337142857143	0.171428571429	0.445714285714	0.0457142857143
-nen	0.0478530224906	0.865686146803	0.0154302109758	0.0710306197304
-pel	0.0333010022632	0.941480763013	0.0223084384093	0.00290979631426
-nok	0.217802833309	0.20565413659	0.106925173181	0.46961785692
-rst	0.0446766205211	0.146316516673	0.282788279342	0.526218583464
-nad	0.240690242863	0.618161482744	0.0941734128675	0.0469748615254
-ias	0.0103915383188	0.977324178883	0.0104657635925	0.00181851920579
-nei	0.0945535104241	0.0830173446949	0.0208424404699	0.801586704411
-fot	0.407407407407	0.456790123457	0.111111111111	0.0246913580247
-ned	0.127342162271	0.0596734930879	0.00844183397727	0.804542510664
-pen	0.115787159934	0.811812048763	0.0497776575418	0.0226231337605
-mte	0.0606420927467	0.195005945303	0.740784780024	0.00356718192628
-ban	0.110410094637	0.558359621451	0.331230283912	0.0
-eka	0.0	0.982142857143	0.00892857142856	0.00892857142856
-bak	0.10678807947	0.0587748344371	0.00993377483444	0.824503311258
-eke	0.751939433592	0.110103748014	0.0117768015702	0.126180016824
-jue	0.0220183486239	0.0220183486239	0.0	0.955963302752
-ekk	0.858499104425	0.0377977075804	0.00467091563871	0.0990322723562
-elv	0.153923541247	0.815895372233	0.0271629778672	0.00301810865191
-bad	0.882375312398	0.0482451374552	0.0148321199609	0.0545474301858
-tja	0.707900222155	0.131388332739	0.0589396889827	0.101771756123
-lyn	0.00819672131147	0.991803278689	0.0	0.0
-hol	0.111607142857	0.888392857143	0.0	0.0
-hor	0.0250932519498	0.510427263479	0.419379450661	0.0451000339098
-hos	0.0400247975513	0.0802045797978	0.00755550389399	0.872215118757
-jon	0.0540540540541	0.935135135135	0.0108108108108	0.0
-ipt	0.612794612795	0.289562289562	0.077441077441	0.020202020202
-ekt	0.357729413709	0.53815126224	0.0421177126803	0.0620016113705
-isk	0.351025515294	0.403628616357	0.133663617457	0.111682250892
-bat	0.00120192307692	0.987980769231	0.0	0.0108173076923
-bar	0.715459583413	0.116185744315	0.0452895088859	0.123065163386
-bas	0.0103626943005	0.98398492699	0.00376825247292	0.00188412623646
-job	0.147540983607	0.72131147541	0.0983606557377	0.0327868852459
-isj	0.0	0.958333333333	0.0416666666667	0.0
-dru	0.139175257732	0.396907216495	0.463917525773	0.0
-ase	0.0363636363636	0.854545454545	0.0848484848485	0.0242424242424
-nya	0.872549019608	0.0196078431372	0.0588235294118	0.0490196078431
-ipe	0.651515151515	0.312672176308	0.0192837465565	0.0165289256198
-asa	0.476340694006	0.369085173502	0.0725552050473	0.0820189274448
-nye	0.0923679060665	0.054011741683	0.839530332681	0.0140900195695
-snø	0.0	1.0	0.0	0.0
-yer	0.367732558139	0.523255813954	0.0784883720931	0.0305232558139
-ask	0.0	0.884057971014	0.0	0.115942028986
-kam	0.120626631854	0.474673629243	0.393733681462	0.0109660574413
-dre	0.0200643372157	0.250669994454	0.340247365502	0.389018302829
-ven	0.137827109381	0.242100320682	0.0161674904977	0.60390507944
-ast	0.614787369948	0.184883938443	0.106720137384	0.0936085542243
-ass	0.444235116805	0.427279577995	0.0644310474755	0.0640542577242
-yen	0.0124473619024	0.93082734704	0.00551151845429	0.0512137726034
-lta	0.166666666667	0.496598639456	0.261904761905	0.0748299319728
-tså	0.153110047847	0.111244019139	0.0430622009569	0.692583732057
-dri	0.0343677791103	0.0494311035713	0.0120896584672	0.904111458851
-trø	0.94964028777	0.00719424460432	0.0431654676259	0.0
-øta	0.835357624831	0.111336032389	0.0330634278003	0.0202429149798
-eår	0.184615384615	0.507692307692	0.246153846154	0.0615384615384
-ømt	0.929108485499	0.0365198711063	0.00859291084857	0.0257787325456
-lyg	0.709251101322	0.191629955947	0.079295154185	0.0198237885463
-per	0.521887550201	0.374497991968	0.0465863453815	0.0570281124498
-ått	0.711204732663	0.0562184479082	0.0331334615833	0.199443357845
-rav	0.176397127693	0.668748048704	0.0899157040275	0.0649391195754
-dia	0.135777998018	0.864222001982	0.0	0.0
-430	0.0847457627118	0.0	0.0	0.915254237288
-ers	0.137485311398	0.531139835488	0.169212690952	0.162162162162
-ert	0.262671106178	0.36773954865	0.19422863485	0.175360710322
-ras	0.0594991721854	0.89497102649	0.0269039735099	0.0186258278146
-rap	0.777221526909	0.179599499374	0.0300375469337	0.0131414267835
-ran	0.0	1.0	0.0	0.0
-eri	0.0974808324206	0.815443592552	0.0837897042716	0.00328587075575
-ral	0.0769230769231	0.730769230769	0.182692307692	0.00961538461539
-erk	0.283465336853	0.443531827515	0.206707734428	0.0662951012027
-øma	0.0620689655172	0.758620689655	0.179310344828	0.0
-ern	0.0582524271845	0.831715210356	0.0970873786408	0.0129449838188
-åte	0.220289855073	0.433333333333	0.134057971014	0.21231884058
-rag	0.183652875883	0.719475277498	0.0908173562058	0.00605449041372
-rad	0.0	1.0	0.0	0.0
-ova	0.200823605908	0.771340991423	0.0156051645664	0.0122302381026
-erd	0.0773052697469	0.735769336098	0.128789953445	0.0581354407105
-ere	0.732360652	0.150689615867	0.0190356776474	0.0979140544854
-erg	0.367052023121	0.606936416185	0.0260115606937	0.0
-as'	0.0194174757281	0.980582524272	0.0	0.0
-ugs	0.826589595376	0.138728323699	0.0173410404624	0.0173410404624
-jel	0.155951938561	0.755357364053	0.0599529295182	0.0287377678682
-por	0.393768644349	0.534637056679	0.0119323831621	0.0596619158104
-pos	0.00628930817609	0.993710691824	0.0	0.0
-tom	0.10650887574	0.301775147929	0.544378698225	0.0473372781065
-vet	0.100638612963	0.835550430522	0.0220382933639	0.0417726631507
-åna	0.81	0.15	0.02	0.02
-uge	0.145059810471	0.640748796023	0.108940500233	0.105250893273
-død	0.175269978402	0.354427645788	0.454859611231	0.0154427645788
-–ti	0.030303030303	0.0	0.0	0.969696969697
-uga	0.219279792105	0.66336674504	0.0252444004455	0.0921090624098
-ver	0.226032096164	0.106289581483	0.0323764788583	0.635301843495
-ugl	0.0	0.962230215827	0.0	0.0377697841726
-aza	0.0	1.0	0.0	0.0
-jær	0.713942307692	0.0757211538462	0.118990384615	0.0913461538461
-lad	0.368269527368	0.201939884155	0.360900709463	0.0688898790143
-ike	0.0610265841833	0.493581526686	0.253333085635	0.192058803495
-lag	0.134842188027	0.536953835786	0.17875996855	0.149444007638
-åde	0.0548682554152	0.566436601988	0.0453184008335	0.333376741763
-ika	0.572961373391	0.336909871245	0.0304330862271	0.0596956691377
-sja	0.0533333333333	0.946666666667	0.0	0.0
-iko	0.0	1.0	0.0	0.0
-ikn	0.106804297451	0.800294923109	0.0878449547082	0.00505582473141
-nor	0.0	1.0	0.0	0.0
-nos	0.0	1.0	0.0	0.0
-lah	0.0	1.0	0.0	0.0
-lgt	0.85727231536	0.0516538287268	0.0163117353874	0.0747621205256
-lak	0.0	0.374428179323	0.625571820677	0.0
-lat	0.718038494254	0.0933673570313	0.0123039186596	0.176290230055
-uja	0.248322147651	0.724832214765	0.0268456375839	0.0
-ppi	0.0953177257525	0.774247491639	0.100334448161	0.0301003344482
-aan	0.0	1.0	0.0	0.0
-iks	0.0446808510638	0.906382978723	0.0127659574468	0.036170212766
-nom	0.104058198417	0.0467869624136	0.0213251551245	0.827829684045
-lar	0.565244209396	0.341903044157	0.0555787241632	0.0372740222838
-las	0.162544169611	0.825441696113	0.00494699646643	0.00706713780917
-ppa	0.253275870049	0.637587449554	0.0771198661247	0.0320168142725
-kja	0.612864879144	0.317319848293	0.030473423024	0.0393418495387
-nna	0.423026384069	0.373843787691	0.0682572043571	0.134872623883
-ppe	0.223341543741	0.427946752276	0.150278139097	0.198433564885
-bod	0.262776877364	0.668503511615	0.0222582387898	0.0464613722312
-gen	0.0637691394286	0.585819306982	0.0683971032786	0.282014450311
-gel	0.0419216685859	0.91965013521	0.0240661430771	0.0143620531267
-iss	0.468944099379	0.0900621118012	0.267080745342	0.173913043478
-kje	0.112396594213	0.0515049125193	0.0347824282464	0.801316065022
-ett	0.47457108918	0.206709202725	0.139436739726	0.179282968369
-ypt	0.34381443299	0.646391752577	0.00721649484536	0.00257731958763
-bok	0.0208333333333	0.960416666667	0.0	0.01875
-bot	0.520195838433	0.479804161567	0.0	0.0
-pyd	0.0	0.962962962963	0.037037037037	0.0
-nne	0.0904665377081	0.149437010129	0.0682082901459	0.691888162017
-ile	0.0202863841734	0.0817996115801	0.340400696338	0.557513307908
-okt	0.0434782608696	0.0724637681159	0.202898550725	0.68115942029
-ges	0.0662721893491	0.753550295858	0.161538461538	0.0186390532544
-ger	0.0716397667586	0.490922155912	0.109746025673	0.327692051656
-ypa	0.98833819242	0.0116618075802	0.0	0.0
-dok	0.0	1.0	0.0	0.0
-get	0.0810282658813	0.877421193126	0.0302442713347	0.0113062696578
-sar	0.344544483682	0.508137673193	0.025183058448	0.122134784677
-tod	0.835847436841	0.0962104488594	0.0118960019622	0.0560461123375
-ært	0.538197692548	0.0809687142709	0.0530090427191	0.327824550463
-yks	0.0	0.846153846154	0.153846153846	0.0
-epp	0.391949152542	0.533898305085	0.031779661017	0.0423728813559
-dde	0.791384532443	0.0592751233262	0.0504212605504	0.0989190836799
-sat	0.891186725983	0.0506192136587	0.0164722856799	0.0417217746784
-tol	0.110446387483	0.857340082835	0.0115048320294	0.020708697653
-for	0.0170607279653	0.0410524018164	0.00766257186826	0.93422429835
-olt	0.530336526652	0.345369688037	0.0832719233603	0.0410218619504
-jup	0.0455974842767	0.25	0.550314465409	0.154088050314
-olv	0.000331674958541	0.0444444444445	0.00132669983416	0.953897180763
-mpa	0.538349615465	0.322212984134	0.111549920321	0.0278874800804
-lfa	0.0207182320442	0.94820441989	0.0310773480663	0.0
-don	0.0	1.0	0.0	0.0
-yke	0.0408163265306	0.959183673469	0.0	0.0
-olk	0.0343422936822	0.832977331833	0.0106448437982	0.122035530686
-tor	0.0423000153539	0.0801473975127	0.765852909566	0.111699677568
-oks	0.855973813421	0.141571194763	0.0024549918167	0.0
-æra	0.396735627151	0.558652898894	0.0160056433271	0.0286058306272
-ahs	0.042194092827	0.93670886076	0.0210970464135	0.0
-sak	0.141578519121	0.754271765663	0.0367313727769	0.0674183424387
-stå	0.746106467602	0.159400743916	0.0172664095317	0.0772263789504
-sai	0.0	1.0	0.0	0.0
-ykk	0.0192206269105	0.0246100920679	0.000474064791113	0.95569521623
-ole	0.0818965517241	0.849137931035	0.0603448275862	0.00862068965517
-gos	0.0335195530726	0.899441340782	0.0446927374301	0.0223463687151
-lon	0.0168976005407	0.958093950659	0.0175735045624	0.00743494423792
-ølg	0.906530089629	0.0204865556978	0.0	0.0729833546735
-rov	0.481330600171	0.436934014894	0.0708373336101	0.0108980513246
-dom	0.0841089404154	0.785083042669	0.115121175429	0.015686841487
-rop	0.602040816327	0.367346938775	0.0204081632653	0.0102040816327
-iel	0.0132669983416	0.966832504146	0.0199004975124	0.0
-ror	0.0117535830686	0.949004615396	0.0149763397165	0.0242654618191
-ros	0.0914023372287	0.874791318865	0.0256677796327	0.00813856427379
-lod	0.0412277077739	0.882668870068	0.0340150106727	0.0420884114853
-loe	0.131147540984	0.819672131148	0.016393442623	0.0327868852459
-oko	0.0506703961623	0.515051429816	0.0333705580548	0.400907615967
-loa	0.153846153846	0.692307692308	0.115384615385	0.0384615384615
-rog	0.899355496486	0.0436951534792	0.00589884571969	0.0510505043149
-roa	0.597043624565	0.23422665545	0.0822016584544	0.086528061531
-lov	0.282921914358	0.502065491184	0.178236775819	0.0367758186398
-ime	0.0528963580506	0.865619913923	0.014974336654	0.0665093913724
-ron	0.0	1.0	0.0	0.0
-ier	0.914040649192	0.0289886651237	0.0095967985725	0.0473738871113
-iet	0.0246985157699	0.7614216141	0.210401205937	0.00347866419295
-rok	0.0	0.904109589041	0.041095890411	0.0547945205479
-rdt	0.263366083961	0.259282888861	0.338777593467	0.138573433712
-øpa	0.896203748198	0.0490148966843	0.0	0.0547813551177
-sjå	0.809316152539	0.107571922352	0.00921676438832	0.0738951607208
-rds	0.35411101217	0.554170376966	0.0160284951024	0.0756901157614
-gla	0.563142580019	0.355577109602	0.0244422890398	0.0568380213385
-ipa	0.812632321807	0.170430486944	0.00211714890614	0.014820042343
-dda	0.756159191409	0.171825647505	0.0530638029059	0.0189513581807
-mat	0.32334105464	0.666030794386	0.00654040059954	0.00408775037471
-rde	0.676631738609	0.194240939061	0.051395993261	0.0777313290687
-imi	0.0	1.0	0.0	0.0
-ygt	0.23119266055	0.236697247706	0.355963302752	0.176146788991
-ykt	0.247998097201	0.617933877745	0.0804725283438	0.0535954967097
-rda	0.0339129309897	0.930206599311	0.0131685661678	0.0227119035317
-øpt	0.783281733746	0.173374613003	0.015479876161	0.0278637770898
-rdi	0.0628331144755	0.0584640043257	0.0163660590144	0.862336822184
-ans	0.0166181746402	0.0719850325082	0.0105392565974	0.900857536254
-ppå	0.589285714286	0.214285714286	0.0714285714286	0.125
-orm	0.176880222841	0.706824512535	0.0891364902506	0.0271587743733
-tid	0.0851822791799	0.488735597111	0.0226305159612	0.403451607747
-øll	0.0227431349426	0.977256865057	0.0	0.0
-sau	0.0	0.993166287016	0.0	0.00683371298405
-før	0.0619349236349	0.0563416253767	0.0428564131379	0.838867037851
-mak	0.825	0.025	0.0	0.15
-gga	0.721656804734	0.190295857988	0.0482840236687	0.0397633136095
-ngd	0.18546690403	0.600420780062	0.170415924907	0.0436963910018
-ant	0.0915620000681	0.225750819747	0.224877179845	0.45781000034
-ddi	0.0	1.0	0.0	0.0
-nge	0.0439006241179	0.204821477012	0.650852276167	0.100425622703
-mpe	0.0248085564205	0.924688310866	0.038984874375	0.0115182583381
-276	0.0	0.169230769231	0.0	0.830769230769
-rak	0.0807174887892	0.919282511211	0.0	0.0
-bit	0.721212121212	0.254545454545	0.0242424242424	0.0
-tok	0.876839184306	0.0226744731778	0.00303597409302	0.0974503684236
-til	0.0098549223748	0.0041162594431	0.0042808574289	0.981747960753
-vte	0.0	0.251308900524	0.544502617801	0.204188481675
-sti	0.0022251213552	0.957583624166	0.00639722389621	0.0337940305822
-ste	0.376866236316	0.237465602917	0.292540728703	0.0931274320638
-sta	0.62086353397	0.290548230047	0.0319422081137	0.0566460278697
-mil	0.0	0.959459459459	0.0	0.0405405405405
-øft	0.0701754385965	0.929824561404	0.0	0.0
-ain	0.0	0.987096774194	0.0129032258064	0.0
-oli	0.0	1.0	0.0	0.0
-ssa	0.353173623117	0.547048653989	0.0627315386515	0.037046184243
-ffa	0.347668518966	0.611500362406	0.0299589272771	0.0108721913506
-mia	0.0	1.0	0.0	0.0
-sse	0.0541735439755	0.0954373968404	0.0216929969347	0.828696062249
-ære	0.0939481433875	0.63516196798	0.145277172922	0.12561271571
-rka	0.273310626188	0.661345037481	0.0491766654866	0.0161676708449
-fet	0.0114503816794	0.984732824427	0.0	0.00381679389313
-kna	0.542390621729	0.278836089596	0.0360058614193	0.142767427256
-ærd	0.243491577335	0.485451761103	0.238897396631	0.0321592649311
-isa	0.718435479264	0.212480889587	0.0217364874184	0.0473471437301
-oll	0.0854190790059	0.879041596152	0.0205753985927	0.0149639262492
-mst	0.0501043841336	0.384133611691	0.098121085595	0.46764091858
-sst	0.403581267218	0.165289256198	0.113636363636	0.317493112948
-tos	0.0192210419828	0.974709155286	0.0030349013657	0.00303490136571
-ryt	0.742064182346	0.195874553198	0.0502774800658	0.0117837843904
-éin	0.0128157117297	0.0523446927142	0.0301252444555	0.904714351101
-lel	0.0	1.0	0.0	0.0
-ion	0.0472813238771	0.925137903861	0.0126083530339	0.0149724192277
-len	0.0444259828138	0.880827119919	0.0607777158846	0.0139691813823
-kel	0.187951807229	0.761445783133	0.0289156626506	0.0216867469879
-lea	0.0016971754152	0.998302824585	0.0	0.0
-vje	0.196018376723	0.693721286371	0.0918836140888	0.0183767228178
-kål	0.429951690821	0.541062801932	0.0	0.0289855072463
-led	0.514352324057	0.297683228909	0.146437418039	0.0415270289961
-vja	0.691756272402	0.200716845878	0.0143369175627	0.0931899641577
-yta	0.754916166425	0.191264748499	0.0273235354999	0.0264955495756
-ryd	0.152857142857	0.741428571429	0.0842857142857	0.0214285714286
-jau	0.0893501805054	0.235559566787	0.0135379061372	0.66155234657
-kår	0.302631578947	0.565789473684	0.0921052631579	0.0394736842105
-mus	0.0	0.971428571429	0.0285714285714	0.0
-mur	0.113575865129	0.779946761313	0.106477373558	0.0
-ios	0.0159151193634	0.976127320955	0.00795755968171	0.0
-ons	0.0891089108911	0.831683168317	0.0	0.0792079207921
-ytt	0.197075692705	0.0891671378948	0.199886905243	0.513870264157
-les	0.421544428773	0.238363892807	0.0708744710861	0.269217207334
-let	0.119614676386	0.820608421725	0.0148529165589	0.0449239853297
-rve	0.11320754717	0.811320754717	0.0754716981132	0.0
-lev	0.458579881657	0.310650887574	0.135355029586	0.0954142011834
-iot	0.0	1.0	0.0	0.0
-òte	0.131147540984	0.114754098361	0.72131147541	0.0327868852459
-rra	0.79485428051	0.114754098361	0.0539617486339	0.0364298724954
-får	0.480367669098	0.0538848369801	0.0147866919772	0.450960801945
-åga	0.769230769231	0.112040133779	0.0819397993311	0.0367892976588
-alv	0.478764478765	0.35444015444	0.0393822393822	0.127413127413
-old	0.0754716981132	0.924528301887	0.0	0.0
-nds	0.35016413944	0.544057110104	0.0	0.105778750456
-alu	0.288659793814	0.628865979381	0.0618556701031	0.020618556701
-ndt	0.576915188749	0.130574463599	0.196082047452	0.0964283001997
-iud	0.0	1.0	0.0	0.0
-all	0.352429687969	0.156315589582	0.0265056869291	0.464749035521
-alm	0.010582010582	0.989417989418	0.0	0.0
-ift	0.192885846108	0.620479237982	0.132162524185	0.054472391725
-rva	0.750724637681	0.173913043478	0.0507246376812	0.0246376811594
-brå	0.163636363636	0.0363636363636	0.763636363636	0.0363636363636
-rme	0.112033195021	0.402489626556	0.477178423236	0.00829875518672
-gig	0.312348668281	0.0629539951573	0.421307506053	0.203389830508
-áni	0.0377358490566	0.962264150943	0.0	0.0
-ald	0.547932574598	0.240329250838	0.11093158814	0.100806586425
-ale	0.243306559572	0.490294511379	0.181726907631	0.084672021419
