-yʋɑ	0.433115540005	0.387983994123	0.141130076743	0.0377703891284
-uŋə	0.370894199105	0.405239381913	0.176264460019	0.0476019589631
-can	0.315	0.55375	0.0675	0.06375
-̀ɑ́	0.296831887465	0.186965654351	0.13698794965	0.379214508533
-úə́	0.495280020874	0.163978296793	0.23139605676	0.109345625573
-zɑf	0.0	1.0	0.0	0.0
-zɑn	0.0839694656488	0.412213740458	0.412213740458	0.0916030534351
-ʋ́n	0.221729273854	0.108126727229	0.0620243673488	0.608119631569
-ehu	0.0	1.0	0.0	0.0
-wı́	0.566383129853	0.293895208151	0.100803756144	0.038917905853
-wı̀	0.676158803871	0.297637906341	0.0170891020355	0.00911418775229
-jɑn	0.365795724466	0.497387173397	0.0912114014252	0.0456057007126
-fʋɑ	0.453257790368	0.514164305949	0.0269121813031	0.00566572237961
-oyi	0.0	0.98	0.02	0.0
-uru	0.254454977819	0.682853216051	0.0258142731121	0.0368775330173
-ɡɑf	0.818181818182	0.0727272727273	0.0363636363636	0.0727272727273
-unə	0.14991988293	0.500757379609	0.287982871254	0.0613398662071
-òrú	0.326086956522	0.630434782609	0.0434782608696	0.0
-nɑ̀	0.298543436025	0.590270180188	0.0411330880016	0.0700532957857
-nɑ́	0.171196752489	0.632998422147	0.0706574625513	0.125147362812
-ɔrə	0.0894206549118	0.870906801008	0.0151133501259	0.0245591939546
-álá	0.303278688525	0.549180327869	0.110655737705	0.0368852459017
-rɑn	0.194443593311	0.647474521089	0.128681699214	0.0294001863866
-ənə	0.175413461639	0.477284636895	0.204913706058	0.142388195408
-wɩɑ	0.148041293778	0.648424001029	0.151587809861	0.0519468953316
-rɑf	0.20412371134	0.536082474227	0.222680412371	0.0371134020618
-nyʋ	0.705750821047	0.249598211166	0.0234784431556	0.0211725246314
-ʋrʋ	0.25457236904	0.448482044762	0.257834356504	0.0391112296944
-kuə	0.133704735376	0.593314763231	0.183844011142	0.0891364902506
-ɑnɑ	0.0993438317775	0.767155174184	0.0863426220564	0.0471583719819
-ɑnə	0.035439651276	0.929736485277	0.0303647102005	0.00445915324623
-bɩʋ	0.0921386306002	0.859678782756	0.00253592561285	0.0456466610312
-́ɛ́	0.348672566372	0.316814159292	0.26017699115	0.0743362831858
-wàń	0.567406143345	0.262372013652	0.125	0.0452218430034
-ɩŋa	0.280528052805	0.381188118812	0.254125412541	0.0841584158416
-ɑnɩ	0.305063812084	0.438590026744	0.189638761386	0.0667073997859
-iɡi	0.0	0.348321928967	0.351906158358	0.299771912675
-yɩ̀	0.298237179487	0.302564102564	0.285737179487	0.113461538462
-iɡu	0.535026041667	0.353411458333	0.039375	0.0721875
-inə	0.0839678118229	0.752986691427	0.158650572578	0.00439492417208
-ɛnə	0.0624574318547	0.911066993204	0.0049560189546	0.0215195559871
-opi	0.177416835858	0.762611275964	0.0	0.0599718881774
-bʋɑ	0.091527520099	0.771181199753	0.112554112554	0.0247371675943
-cɑʋ	0.0259708635074	0.890060559861	0.0616662431711	0.0223023334604
-ɩmʋ	0.0733695652174	0.89402173913	0.0326086956522	0.0
-lɩ̀	0.623213050255	0.245334133553	0.0617669859211	0.0696858302701
-lɩ́	0.101476816548	0.374336637645	0.050268166478	0.47391837933
-bɛɛ	0.0616493835406	0.80785063197	0.0270630889951	0.103436895494
-rʋ́	0.726541867896	0.151523994339	0.00977574157024	0.112158396195
-def	0.303680981595	0.493865030675	0.147239263804	0.0552147239263
-bɩɑ	0.0610263307378	0.879545676322	0.00991522608586	0.0495127668543
-ùə́	0.243402971375	0.395990769748	0.257784933627	0.102821325251
-ɑnʋ	0.0965727637696	0.75279363666	0.131667505243	0.0189660943279
-jʋn	0.693342058329	0.277403543888	0.0178349179465	0.0114194798363
-ùə̀	0.466025037991	0.476469595002	0.011192319753	0.0463130472538
-nyɑ	0.104813664596	0.80201863354	0.0465838509317	0.0465838509317
-ime	0.0111731843575	0.966480446927	0.0111731843575	0.0111731843575
-aka	0.207492795389	0.589337175793	0.0172910662824	0.185878962536
-ʋrɑ	0.211245572022	0.327530725531	0.400800911337	0.0604227911104
-ɡə́	0.615748816347	0.260154497882	0.0500872165463	0.074009469225
-yɔɔ	0.166666666667	0.704545454545	0.0606060606061	0.0681818181818
-nyə	0.127035830619	0.843648208469	0.0	0.029315960912
-nı̀	0.915625546149	0.0647591306717	0.0033149482744	0.0163003749049
-ɩdɑ	0.00552486187846	0.994475138122	0.0	0.0
-ɑmi	0.0754716981132	0.924528301887	0.0	0.0
-biu	0.0617848912688	0.89280388759	0.0296637982749	0.0157474228661
-idi	0.0513833992095	0.924901185771	0.0	0.0237154150197
-ide	0.00443696565879	0.980597078746	0.00862743322542	0.0063385223697
-ɡɑ́	0.158765084357	0.369424378705	0.216561526961	0.255249009977
-ɡɑ̀	0.592250186137	0.242443501727	0.0666648591552	0.0986414529815
-ʋrɩ	0.339033329516	0.469147291261	0.143342686977	0.048476692246
-ekɑ	0.00787401574805	0.944881889764	0.0	0.0472440944882
-fɩn	0.74	0.100888888889	0.0533333333333	0.105777777778
-cən	0.378787878788	0.30303030303	0.0681818181818	0.25
-pɔn	0.478019632949	0.319675629535	0.00256081946223	0.199743918054
-dɛn	0.00453001132503	0.984144960362	0.0	0.0113250283126
-bii	0.168116593585	0.639105277478	0.171680399272	0.0210977296642
-rif	0.178502879079	0.53358925144	0.270633397313	0.0172744721689
-ʋyɑ	0.117647058824	0.873303167421	0.0	0.00904977375566
-ɑte	0.06718924972	0.879059350504	0.013437849944	0.040313549832
-wiə	0.335983272347	0.338939884997	0.243362258233	0.0817145844223
-rı́	0.618899870928	0.135503847999	0.115777234378	0.129819046695
-lɛ́	0.264406779661	0.572881355932	0.142372881356	0.0203389830509
-azɑ	0.0	0.857142857143	0.0	0.142857142857
-ugə	0.334560804742	0.649272498653	0.00538889886832	0.0107777977367
-ɔbə	0.00345881132184	0.988758863204	0.00518821698277	0.00259410849138
-irɑ	0.037037037037	0.962962962963	0.0	0.0
-ɩla	0.332387160079	0.449292122232	0.0220773759462	0.196243341744
-ozə	0.0243902439024	0.975609756098	0.0	0.0
-swə	0.525191760469	0.275408275103	0.0591785913152	0.140221373113
-swɛ	0.833992094862	0.142292490118	0.0158102766798	0.00790513833991
-erə	0.0861656294877	0.913834370512	0.0	0.0
-ɩga	0.383655190676	0.36334960815	0.198526439996	0.0544687611783
-ara	0.213627992633	0.571516267649	0.130141190915	0.084714548803
-erɑ	0.0	1.0	0.0	0.0
-swɩ	0.750780253481	0.249219746519	0.0	0.0
-ɑrɩ	0.505523911117	0.311444870001	0.0676780512272	0.115353167656
-wən	0.344473535162	0.366677568512	0.232084751245	0.0567641450814
-ile	0.00792800514249	0.958431540604	0.0169273623313	0.016713091922
-lun	0.230769230769	0.412087912088	0.324175824176	0.032967032967
-eni	0.315687141949	0.602502500084	0.0265436390065	0.0552667189609
-əgə	0.188361408882	0.672281776417	0.120980091884	0.0183767228177
-zwɑ	0.592233009709	0.223300970874	0.184466019417	0.0
-eɡɑ	0.0271149674621	0.972885032538	0.0	0.0
-dɑʋ	0.0365112097241	0.923658379668	0.0122060935735	0.0276243170347
-əkɑ	0.0818181818181	0.881818181818	0.0	0.0363636363636
-nwi	0.481012658228	0.227848101266	0.189873417721	0.101265822785
-rɔn	0.0	0.981954887218	0.018045112782	0.0
-ɛɛn	0.00526546731023	0.987713909609	0.00351031154015	0.00351031154015
-ɩra	0.498546615036	0.228842068888	0.117053389029	0.155557927046
-əkə	0.0408684546616	0.936143039591	0.0204342273308	0.00255427841635
-bɑn	0.228867025343	0.498253059825	0.1840539015	0.0888260133324
-zʋa	0.600153051464	0.252534914865	0.0267840061221	0.120528027549
-bɑf	0.0815876515987	0.746416758545	0.171995589857	0.0
-ŋɩ́	0.165876777251	0.25355450237	0.580568720379	0.0
-əpə	0.0410256410256	0.917948717949	0.0410256410257	0.0
-ɡɑʋ	0.144124168514	0.758314855876	0.0740837354897	0.02347724012
-wɑ̀	0.197889574657	0.0723929508744	0.0161876186531	0.713529855816
-ɑɑɑ	0.346021643264	0.0735651386184	0.00542160051922	0.574991617598
-lɩɑ	0.598639455782	0.190476190476	0.175170068027	0.0357142857143
-dán	0.754237288136	0.194915254237	0.0508474576271	0.0
-̀án	0.0829503905534	0.202142335731	0.644064199325	0.07084307439
-ken	0.642356853591	0.221347973129	0.0298108918246	0.106484281455
-zwɛ	0.348441926346	0.429178470255	0.0637393767705	0.158640226629
-ikə	0.0157303370787	0.967415730337	0.00674157303371	0.0101123595506
-swe	0.496635751955	0.330969267139	0.157531672425	0.0148633084803
-nəf	0.0142180094787	0.601895734597	0.327014218009	0.0568720379147
-ote	0.0572047969324	0.873497825842	0.0265347552036	0.0427626220223
-lɑ̀	0.495412844037	0.43119266055	0.045871559633	0.0275229357798
-nən	0.443675058626	0.450245564356	0.0813017123136	0.0247776647052
-ɑrə	0.0264687483106	0.911770838965	0.0242630192847	0.03749739344
-rán	0.279483037157	0.710823909532	0.0	0.00969305331181
-ŋuf	0.450704225352	0.478873239437	0.0140845070423	0.056338028169
-sʋn	0.0	1.0	0.0	0.0
-otu	0.0701754385965	0.894736842105	0.0175438596491	0.0175438596491
-əsi	0.0357142857143	0.928571428571	0.0357142857143	0.0
-umi	0.0504201680673	0.747899159664	0.0252100840336	0.176470588235
-vʋɑ	0.28	0.666666666667	0.0266666666666	0.0266666666667
-olə	0.0412972435109	0.910183913608	0.00437957696803	0.0441392659131
ALL	0.254240005193	0.372424792208	0.0678072899202	0.305527912679
-nan	0.313064624038	0.481056675734	0.0972305128339	0.108648187394
-ɑkə	0.0134982194845	0.968002714656	0.00406572876038	0.0144333370993
-twi	0.847150496665	0.0288953328018	0.0138185884813	0.110135582052
-twe	0.263392857143	0.589285714286	0.147321428571	0.0
-ɑkɑ	0.237196445026	0.725351484707	0.0124840234224	0.0249680468448
-twa	0.125	0.45	0.1125	0.3125
-sii	0.0840857797585	0.859857033736	0.0560571865057	0.0
-əbə	0.0780939962583	0.0666137536141	0.0104881229095	0.844804127218
-nʋ̀	0.0693424744765	0.875841116877	0.0351005790855	0.0197158295614
-ɩjə	0.0870759476773	0.376177313767	0.505110477198	0.0316362613576
-rdʋ	0.0586281638932	0.0430009788841	0.277933156202	0.620437701021
-dwá	0.857142857143	0.0	0.107142857143	0.0357142857143
-vʋʋ	0.0782286383145	0.898361295357	0.0158017947718	0.00760827155677
-́ı́	0.0523730627685	0.724352301218	0.063428294943	0.15984634107
-yə̀	0.806813455503	0.168811363321	0.0139142709502	0.0104609102252
-lɛɛ	0.0348018351227	0.66519110444	0.231419502167	0.0685875582711
-orə	0.169194865811	0.812135355893	0.0175029171529	0.00116686114352
-ʋlʋ	0.0457400010079	0.847084898591	0.0547086286565	0.0524664717444
-mon	0.0077647879951	0.991711743151	0.0	0.000523468853603
-ɑrʋ	0.157734794248	0.488939891775	0.288301384404	0.0650239295734
-nɩ̀	0.510970048676	0.362798298916	0.0611467176878	0.0650849347207
-ʋmɑ	0.0883472272562	0.797480971366	0.0652410293584	0.0489307720189
-con	0.0392416266423	0.0137293849302	0.00735618606603	0.939672802361
-ɑyɑ	0.406619385343	0.470449172577	0.0330969267139	0.0898345153664
-rɩ̀	0.382371812976	0.424823313283	0.071942329596	0.120862544144
-rɩ́	0.51898080273	0.31815937083	0.111619792669	0.0512400337718
-mʋ̀	0.362859068449	0.0449552313188	0.00639918896405	0.585786511268
-ɩjʋ	0.0830523513754	0.594587400177	0.168056787933	0.154303460515
-nɑʋ	0.148211243612	0.821124361159	0.015332197615	0.015332197615
-ipə	0.0173542396103	0.979448926777	0.000913381032123	0.0022834525803
-yaa	0.025692114094	0.507969798658	0.390310402685	0.0760276845638
-wàá	0.195962118847	0.11655739411	0.14861067749	0.538869809554
-saʋ	0.0	1.0	0.0	0.0
-ɩɑn	0.199984226608	0.600527227313	0.140215570318	0.0592729757616
-lʋf	0.091082492784	0.784278306564	0.105463939013	0.0191752616387
-dáá	0.140217749918	0.655229297262	0.105575717585	0.0989772352358
-azi	0.0223240171634	0.966369013104	0.00608836831729	0.00521860141482
-tún	0.639358651119	0.197032472799	0.0336675413804	0.129941334702
-isi	0.0278775079198	0.953748680042	0.0133051742344	0.00506863780359
-eyɑ	0.0	1.0	0.0	0.0
-ise	0.0	0.983098591549	0.0169014084507	0.0
-ref	0.0	0.976744186047	0.0232558139535	0.0
-ɛdə	0.0	1.0	0.0	0.0
-kwe	0.0802322915871	0.630931458699	0.288836249714	0.0
-iən	0.131862453714	0.48151130965	0.282576301454	0.104049935182
-cuə	0.554455445545	0.249324932493	0.043204320432	0.15301530153
-ı̀ú	0.057514939438	0.919452984397	0.0117421402926	0.0112899358719
-iəf	0.0612244897959	0.938775510204	0.0	0.0
-evi	0.0430224507962	0.935466323806	0.00222529917912	0.019285926219
-vwə	0.435677500155	0.24598449177	0.0319468245684	0.286391183507
-utə	0.0	1.0	0.0	0.0
-gʋa	0.315424610052	0.29116117851	0.263431542461	0.129982668977
-bwi	0.833847602113	0.0769311228493	0.0191412583024	0.0700800167355
-twè	0.404753822461	0.479602228265	0.0578219746372	0.0578219746372
-̀ı́	0.39644380004	0.116185334932	0.0359484066202	0.451422458408
-yàá	0.370188785573	0.32989574528	0.0567483798252	0.243167089321
-̀ɛ̀	0.111868553804	0.152951017205	0.0104594647378	0.724720964253
-̀ɛ́	0.657732804595	0.265964720361	0.0525092301381	0.0237932449063
-̀ɩ́	0.215777899945	0.701759208356	0.0742166025289	0.00824628916987
-cɑ̀	0.138923432226	0.289216557115	0.409308935868	0.162551074791
-man	0.594325535092	0.266301642608	0.0796416127426	0.059731209557
-maa	0.158549222798	0.39378238342	0.40103626943	0.0466321243523
-ɩɡɑ	0.438437875959	0.188670069507	0.243705695133	0.129186359401
-cʋʋ	0.118421052632	0.861842105263	0.0197368421053	0.0
-ɛɛf	0.383863080685	0.469437652812	0.102689486553	0.0440097799511
-əfe	0.0	1.0	0.0	0.0
-nsə	0.0321629589922	0.95818815331	0.00160814794961	0.00804073974805
-áŋá	0.130569948186	0.381331866049	0.0759747504853	0.412123435279
-arʋ	0.0952011886964	0.80913443459	0.0853916919662	0.0102726847478
-ɩnʋ	0.153381491333	0.791043730482	0.0468835683804	0.0086912098042
-jɑɑ	0.186335403727	0.275362318841	0.517598343685	0.0207039337474
-ʋŋɑ	0.406251928136	0.457240695035	0.0834247765013	0.053082600328
-unu	0.0920582091137	0.789269317471	0.114423632995	0.00424884042063
-naa	0.117863681758	0.160858438748	0.0167485019973	0.704529377497
-666	0.153846153846	0.0512820512821	0.0	0.794871794872
-yɑ̀	0.84687450969	0.0143987877047	0.00924861786282	0.129478084743
-ʋŋɩ	0.279375261941	0.59773818054	0.0617363148431	0.0611502426757
-vɩʋ	0.434782608696	0.0434782608696	0.478260869565	0.0434782608696
-nə̀	0.109090909091	0.709090909091	0.181818181818	0.0
-nə́	0.260330578512	0.59173553719	0.0859504132231	0.0619834710744
-yı́	0.581912534368	0.0863968319411	0.0169668672088	0.314723766482
-ada	0.17598377817	0.152326942416	0.152392884815	0.519296394599
-ivə	0.112034032511	0.887965967489	0.0	0.0
-mɛ́	0.526618705036	0.253237410072	0.103597122302	0.11654676259
-mɛ̀	0.421052631579	0.246963562753	0.178137651822	0.153846153846
-sùń	0.266009852217	0.541871921182	0.192118226601	0.0
-iko	0.0154589371981	0.984541062802	0.0	0.0
-ɩɑf	0.225974025974	0.742857142857	0.0311688311688	0.0
-ədʋ	0.0356842547158	0.092220440393	0.148660599348	0.723434705543
-odə	0.0231776956668	0.92027768447	0.0507222035606	0.00582241630276
-yʋn	0.0629811056683	0.857242827152	0.037788663401	0.0419874037788
-uŋi	0.299160458792	0.663899728036	0.0338181388199	0.00312167435261
-tı̀	0.723024092822	0.0594446772746	0.0196777956067	0.197853434297
-ɩlʋ	0.133193550674	0.774763491231	0.0567710215988	0.0352719364963
-sen	0.0437721274541	0.944641132926	0.0115867396202	0.0
-ɔsə	0.0371959942775	0.92417739628	0.0118025751073	0.0268240343348
-opə	0.0	0.920133111481	0.0798668885191	0.0
-ʋ̀n	0.124031007752	0.0620155038759	0.697674418605	0.116279069767
-ɛfə	0.0323626748266	0.955414012739	0.00548801782774	0.00673529460678
-ɛnf	0.126126126126	0.490990990991	0.274774774775	0.108108108108
-ə̀ń	0.542006789387	0.20187438957	0.0471423883657	0.208976432678
-fɩʋ	0.381384790011	0.541430192963	0.0431328036322	0.0340522133939
-̀ná	0.312119983786	0.470206728821	0.0790433725172	0.138629914876
-ɛ́n	0.671890772403	0.182236228334	0.019633275821	0.126239723442
-ɩŋɑ	0.220234170847	0.45593205581	0.289917638966	0.0339161343766
-ɑfɑ	0.0897155361051	0.891684901532	0.00328227571116	0.0153172866521
-iɡə	0.52356784876	0.207148244483	0.119777679094	0.149506227664
-inu	0.0586245772266	0.328072153326	0.00901916572716	0.604284103721
-kuu	0.10253082414	0.816296588889	0.016082160088	0.0650904268826
-ipɑ	0.0401119402985	0.909981343284	0.0415111940298	0.00839552238807
-ɑne	0.171936758893	0.758893280633	0.0691699604743	0.0
-ɑnf	0.124247035093	0.761181645065	0.0736077777043	0.0409635421376
-ede	0.0197486535009	0.980251346499	0.0	0.0
-ɑni	0.0273597811218	0.913816689467	0.00547195622435	0.0533515731874
-p̀̀	0.0	0.173076923077	0.826923076923	0.0
-vɑn	0.78915358348	0.111838516094	0.0278838576711	0.0711240427552
-ənu	0.0610077373395	0.764313200591	0.124784258297	0.0498948037721
-ɩŋɩ	0.583769147461	0.211695518229	0.0410124974467	0.163522836863
-ilə	0.0481505650639	0.524847981491	0.0172856168244	0.409715836621
-ntə	0.096039399276	0.0536828356476	0.0498912086941	0.800386556382
-əni	0.354867136743	0.248092113221	0.195739152375	0.20130159766
-ɑɑn	0.0466156093674	0.929877373943	0.0091637522688	0.0143432644207
-ntɑ	0.0	0.982608695652	0.0173913043478	0.0
-kun	0.668272009247	0.107301098054	0.0196493931805	0.204777499518
-əne	0.824175824176	0.175824175824	0.0	0.0
-bɑ̀	0.868065222237	0.0329904461888	0.0136580833753	0.0852862481991
-bɑ́	0.0806378453817	0.0321187721172	0.00806361439281	0.879179768108
-mɩ́	0.742818167228	0.21144278607	0.00481463649494	0.040924410207
-mɩ̀	0.349178143048	0.356286095069	0.238116392714	0.0564193691693
-uun	0.0345821325648	0.965417867435	0.0	0.0
-gʋ̀	0.541252046857	0.223201914599	0.0806146869883	0.154931351556
-ɑwo	0.0553676631028	0.208742453997	0.0572768928649	0.678612990036
-dɛɛ	0.222887060583	0.498878085266	0.0762902019446	0.201944652206
-ɩŋʋ	0.177421500955	0.180140967361	0.586635607997	0.0558019236875
-biə	0.123137778764	0.75019536151	0.100986009039	0.0256808506859
-ɑmə	0.0248878714881	0.940694997139	0.0304909698284	0.00392616154491
-jon	0.669477985276	0.224694739382	0.0369578258388	0.0688694495036
-idə	0.0225033703204	0.959452452556	0.00311106502126	0.014933112102
-ɑmɑ	0.0140748994142	0.149166733396	0.0535287151975	0.783229651993
-cɑn	0.0993975461107	0.826775577733	0.0340475159937	0.0397793601625
-idɑ	0.00760456273763	0.988593155894	0.0	0.00380228136882
-ɔlə	0.0740740740741	0.925925925926	0.0	0.0
-okə	0.0163934426229	0.975409836066	0.0	0.00819672131148
-ɩsɩ	0.119292112738	0.880707887262	0.0	0.0
-ʋra	0.29433681073	0.456035767511	0.249627421759	0.0
-imə	0.0392850127676	0.919465723826	0.0153211549794	0.0259281084266
-vɛɛ	0.0358166189112	0.574040114613	0.364928366762	0.0252148997135
-ɑ̀n	0.32564880515	0.379189430607	0.078949386906	0.216212377338
-rwɑ	0.431239388795	0.536502546689	0.0	0.0322580645161
-əmɑ	0.119047619048	0.880952380952	0.0	0.0
-àná	0.234869015357	0.528906955736	0.125112917796	0.111111111111
-ànà	0.499091201696	0.254463525001	0.171961679005	0.0744835942973
-bɛn	0.508704061896	0.264023210832	0.00290135396518	0.224371373308
-bɩa	0.13152156356	0.792965595219	0.0432078824099	0.0323049588112
-bɩn	0.143835616438	0.41095890411	0.123287671233	0.321917808219
-yɛn	0.194207836456	0.655877342419	0.109028960818	0.0408858603066
-rɩf	0.350604304125	0.386955047173	0.195805327743	0.0666353209595
-luə	0.696338837042	0.163675520459	0.0646087580761	0.0753768844221
-ʋŋʋ	0.0882407066956	0.802404557467	0.0842569276123	0.0250978082249
-ʋ̀á	0.030303030303	0.969696969697	0.0	0.0
-430	0.777202072539	0.0310880829016	0.0	0.19170984456
-lən	0.152470978416	0.578508524456	0.223337771201	0.0456827259274
-uri	0.331201461855	0.594792142531	0.0603015075377	0.0137048880768
-́ʋ̀	0.0809421167474	0.0422335622271	0.0659320299072	0.810892291118
-ran	0.198648184213	0.753236338641	0.041241837553	0.00687363959218
-eri	0.136791704134	0.508088945725	0.332882275085	0.0222370750563
-̀nf	0.413580246914	0.234567901235	0.296296296296	0.0555555555555
-oɡə	0.0	1.0	0.0	0.0
-lʋ̀	0.115942028986	0.797101449275	0.0289855072464	0.0579710144928
-dàń	0.41574543207	0.125004163598	0.0763387972074	0.382911607124
-ere	0.10621242485	0.799599198397	0.0861723446893	0.00801603206413
-ɩlɩ	0.539816314824	0.299651414199	0.114062568945	0.0464697020316
-zən	0.105552565064	0.104251462181	0.552868997571	0.237326975184
-ugu	0.561151079137	0.0503597122302	0.0287769784173	0.359712230216
-ɩlɑ	0.222753980382	0.573918258454	0.166029420262	0.0372983409013
-zəf	0.0327868852459	0.909836065574	0.0573770491803	0.0
-cwi	0.480018917002	0.158193426342	0.023646252069	0.338141404588
-ɩgɩ	0.370265151515	0.279882154882	0.152462121212	0.197390572391
-swi	0.0356104219835	0.928779156033	0.0356104219835	0.0
-səf	0.115597252471	0.821917746193	0.0374910008014	0.0249940005343
-ədɑ	0.0	0.960264900662	0.0	0.0397350993377
-pon	0.103570083373	0.22375372838	0.498345769751	0.174330418495
-poo	0.0145772594752	0.972927946689	0.00999583506873	0.00249895876718
-yɑ́	0.0759425086653	0.0126614898763	0.00469434788407	0.906701653574
-ɑtɑ	0.0604594921403	0.903264812576	0.0	0.0362756952841
-vɩɑ	0.896551724138	0.0344827586207	0.0344827586207	0.0344827586207
-omɑ	0.0	0.996527777778	0.0	0.00347222222222
-ɑtə	0.0260305365656	0.914211396579	0.039742015336	0.0200160515196
-ɩrɩ	0.30858251032	0.251598602381	0.0232974073699	0.416521479929
-500	0.428571428571	0.0696864111498	0.12543554007	0.376306620209
-sɔɔ	0.0823433625699	0.851411864846	0.0127678472299	0.0534769253544
-mɩʋ	0.112781954887	0.877648667122	0.00956937799043	0.0
-ı́f	0.715242881072	0.124511446119	0.136795086544	0.0234505862646
-aan	0.177684083722	0.789790694173	0.0325252221051	0.0
-non	0.0338983050847	0.966101694915	0.0	0.0
-ràn	0.48529212417	0.327368849126	0.0833672224482	0.103971804256
-lan	0.0671745152355	0.919667590028	0.0131578947368	0.0
-lɩf	0.58064868208	0.376566678187	0.0122241827807	0.0305604569516
-rɑ́	0.127398506137	0.647328683884	0.0686057507196	0.156667059259
-aaa	0.449197860963	0.449197860963	0.0427807486631	0.0588235294118
-zʋɑ	0.73431303225	0.0592806659766	0.0191977263333	0.18720857544
-ı̀ù	0.0498941495521	0.465028226333	0.00782579851725	0.477251825598
-lwɛ	0.289915561691	0.669631104119	0.0404533341895	0.0
-nʋ́	0.153334119667	0.619540508008	0.176784338901	0.0503410334245
-bon	0.900921876731	0.0582812489816	0.00290835978284	0.0378885145043
-boo	0.518910741301	0.417549167927	0.0317700453858	0.0317700453858
-uni	0.210198248995	0.533979075873	0.0602894202543	0.195533254879
-rɑ̀	0.296080977439	0.613358127729	0.045023486325	0.0455374085067
-bɑɑ	0.280634310428	0.381547333013	0.314992791927	0.0228255646324
-dʋɑ	0.24321317312	0.47129506008	0.139296840231	0.146194926569
-don	0.024157293427	0.0728535687141	0.144288399585	0.758700738274
-doo	0.105084745763	0.806779661017	0.0542372881356	0.0338983050847
-fɑn	0.320045207028	0.385595397103	0.0339052707285	0.260454125141
-ɩrɑ	0.150424422899	0.546868405288	0.095222322632	0.207484849181
-əki	0.0	1.0	0.0	0.0
-kɛf	0.212807881773	0.538916256158	0.0354679802956	0.212807881773
-zwɩ	0.558917059351	0.228889017374	0.0585412390506	0.153652684224
-kàn	0.354422172997	0.623426441191	0.0172888864877	0.00486249932465
-ɛmə	0.0124954273282	0.978956083097	0.00192533548971	0.0066231540846
-bàá	0.0576923076923	0.841346153846	0.0288461538461	0.0721153846154
-too	0.306930693069	0.673267326733	0.0	0.019801980198
-dı́	0.517201433608	0.0949288320655	0.0871095992918	0.300760135035
-sʋɑ	0.681818181818	0.227272727273	0.0909090909091	0.0
-lʋʋ	0.0367737231371	0.88660978238	0.0370048836638	0.0396116108192
-nɑn	0.224068276364	0.271999731367	0.0812172792594	0.42271471301
-twɛ	0.690391459075	0.138790035587	0.149466192171	0.0213523131673
-akə	0.0290237467019	0.935092348285	0.0274406332454	0.0084432717678
-kiə	0.027732840305	0.875202218627	0.0277328403051	0.0693321007626
-zuə	0.881804043546	0.118195956454	0.0	0.0
-nɑf	0.0522496371553	0.827285921626	0.0595065312046	0.0609579100145
-ʋdə	0.0	1.0	0.0	0.0
-twɑ	0.0152980596812	0.0356783090743	0.272056160612	0.676967470633
-lon	0.0179977502812	0.905511811024	0.0584926884139	0.0179977502812
-ɑdə	0.014839315246	0.950297233272	0.0348634514817	0.0
-təf	0.04662928197	0.916067292454	0.018651712788	0.018651712788
-ə̀n	0.08695653981	0.595729741237	0.051996856907	0.265316862046
-jı̀	0.736826772566	0.117462062678	0.0427140841666	0.102997080589
-twɩ	0.658219623132	0.254277669482	0.0207927225471	0.0667099848386
-ɩkɛ	0.0248708452355	0.93336041468	0.0299084805544	0.0118602595302
-tən	0.0897732297392	0.226530225507	0.459535089382	0.224161455372
-umə	0.0	1.0	0.0	0.0
-ɑre	0.0138089758343	0.963176064442	0.0	0.0230149597238
-ɑcɔ	0.0130151843818	0.980477223427	0.00650759219089	0.0
-sɑ́	0.502848855278	0.465140370869	0.0245519527608	0.00745882109188
-únf	0.963190184049	0.0368098159509	0.0	0.0
-otə	0.020202020202	0.959595959596	0.020202020202	0.0
-ron	0.0	0.98615916955	0.0138408304498	0.0
-ɑcɛ	0.0434516623004	0.955282755302	0.0	0.0012655823971
-ɑri	0.016313972879	0.845430924157	0.00659280995902	0.131662293005
-ɩɩn	0.0668886050856	0.770537099884	0.0289183004088	0.133655994622
-ɑ̀ń	0.142957189177	0.181764353337	0.0156380056548	0.65964045183
-sʋʋ	0.0642955554421	0.871408889116	0.0642955554422	0.0
-ɩɩf	0.127272727273	0.763636363636	0.109090909091	0.0
-tàà	0.128571428571	0.728571428571	0.0	0.142857142857
-ı́ú	0.135983777674	0.512549446903	0.0690606085357	0.282406166887
-twá	0.177527616966	0.142729501418	0.0951603851607	0.584582496456
-ɑyi	0.0148791072536	0.981845617565	0.0	0.0032752751816
-́úf	0.313186813187	0.637362637363	0.0	0.0494505494506
-wə́	0.403846153846	0.478021978022	0.010989010989	0.107142857143
-wə̀	0.512996603161	0.433835474819	0.00332299512628	0.0498449268941
-awo	0.0287191269385	0.105112004595	0.0189546237794	0.847214244687
-ùrù	0.423347398031	0.241912798875	0.334739803094	0.0
-ùrú	0.16593751589	0.758544497426	0.0669306570944	0.00858732958946
-yáá	0.286869413289	0.30069011299	0.130563661425	0.281876812296
-rʋf	0.343004144633	0.416892954123	0.142918393597	0.0971845076461
-əbe	0.0238095238095	0.869047619048	0.0555555555556	0.0515873015873
-ɡɑn	0.2	0.742857142857	0.0	0.0571428571428
-əyi	0.15625	0.5625	0.0	0.28125
-uən	0.0707251887435	0.169556307561	0.171528863043	0.588189640652
-276	0.0	0.268292682927	0.0	0.731707317073
-lɩʋ	0.0506447403047	0.341618376038	0.592914032836	0.0148228508209
-olu	0.183359757358	0.782518784035	0.0155097539119	0.0186117046943
-mɩɑ	0.106553010123	0.474338483396	0.383590836441	0.0355176700408
-cə̀	0.58125	0.14375	0.025	0.25
-ərə	0.191120771831	0.575921433607	0.0548162991229	0.178141495439
-bwɩ	0.653197517539	0.212493254182	0.0902590393956	0.0440501888829
-puu	0.0537651312687	0.910391447886	0.0245244458418	0.0113189750039
-ɩrʋ	0.202150466664	0.669530253103	0.10643009293	0.0218891873029
-mɩɩ	0.230119191755	0.6984021015	0.0649980986787	0.0064806080662
-ɑɡɑ	0.449116873785	0.373821000383	0.0919172067654	0.0851449190668
-ŋə̀	0.245901639344	0.529274004684	0.210772833724	0.0140515222482
-sun	0.572029442692	0.299684542587	0.0778128286014	0.0504731861199
-dàn	0.436905539184	0.27701212303	0.100919373908	0.185162963878
-̀àn	0.28116913619	0.407127959808	0.129903038385	0.181799865616
-isə	0.0243082443466	0.932684599284	0.0230946409307	0.0199125154388
-dwɩ	0.673469387755	0.183673469388	0.0408163265306	0.102040816326
-wán	0.472602739726	0.390410958904	0.0764840182648	0.060502283105
-ibi	0.0714285714285	0.857142857143	0.0357142857143	0.0357142857143
-ɛ̀ń	0.622124863089	0.122946330778	0.0430814165754	0.211847389558
-ɑlʋ	0.380473035719	0.434712864982	0.12268221995	0.0621318793484
-bʋa	0.142857142857	0.857142857143	0.0	0.0
-mun	0.33307567588	0.305512612647	0.289958900494	0.07145281098
-wɑʋ	0.265486725664	0.681415929204	0.0	0.0530973451327
-ʋ́f	0.0192317965703	0.98076820343	0.0	0.0
-sɛ́	0.556818181818	0.215909090909	0.0227272727273	0.204545454545
-sɛ̀	0.612604123408	0.126017024747	0.148399483783	0.112979368062
-ɑde	0.00704225352113	0.823943661972	0.0140845070423	0.154929577465
-wʋ́	0.526461938818	0.0326415815876	0.000297973873582	0.44059850572
-wʋ̀	0.136934195512	0.794598706733	0.0342335488779	0.0342335488779
-ʋɡɑ	0.612545548764	0.292396975488	0.0540453676721	0.0410121080756
-ida	0.181578947368	0.739473684211	0.0631578947368	0.0157894736842
-tʋɑ	0.872533956118	0.0883166369615	0.0104480363837	0.0287013705366
-ɑdi	0.395604395604	0.494505494506	0.0	0.10989010989
-pʋn	0.358288770053	0.545454545455	0.0	0.096256684492
-cɩn	0.099443665815	0.128103006416	0.544866498886	0.227586828882
-oŋu	0.131987280181	0.702655070687	0.144573004866	0.0207846442665
-cɩa	0.398258977149	0.311207834603	0.290533188248	0.0
-san	0.516325642142	0.281236395298	0.084893339138	0.117544623422
-ulə	0.389136218632	0.0599601038208	0.0208015134592	0.530102164088
-oŋi	0.260748475892	0.672537611361	0.0577236549888	0.00899025775873
-ali	0.0363636363637	0.8	0.0181818181818	0.145454545455
-́gá	0.150991152425	0.469638257364	0.122634113563	0.256736476649
-voo	0.154131847725	0.78226555246	0.061374187558	0.00222841225627
-ɛvə	0.0928571428571	0.828571428571	0.0785714285714	0.0
-ala	0.313807531381	0.558552200434	0.0535363210163	0.0741039471694
-ɩna	0.235519857729	0.513762058254	0.12734218239	0.123375901627
-lə́	0.17852005338	0.359263088165	0.0445209725406	0.417695885915
-ɩnf	0.418118466899	0.418118466899	0.0731707317073	0.0905923344948
-́ná	0.153264219669	0.720650042029	0.117680022415	0.00840571588681
-yoo	0.225762297261	0.283938646777	0.0277644746866	0.462534581275
-yon	0.0731707317073	0.874390243902	0.0378048780488	0.0146341463415
-ɡɛɛ	0.312221231044	0.594112399643	0.0312221231044	0.0624442462087
-iŋə	0.291159928163	0.575080640065	0.0708346505413	0.0629247812309
-pee	0.0242559466906	0.960849386045	0.0108014762607	0.00409319100404
-arɩ	0.256986706761	0.565451898523	0.130545810362	0.0470155843536
-pɛɛ	0.751152073733	0.193548387097	0.0552995391705	0.0
-yɑn	0.314397851684	0.436480066102	0.216897335261	0.0322247469531
-ɩɡɩ	0.319789481224	0.176056882294	0.0492442021568	0.454909434325
-iyo	0.09375	0.875	0.03125	0.0
-eli	0.0081061419614	0.987840787058	0.000935324072469	0.00311774690823
-uɡə	0.13591247254	0.104609590853	0.01679906959	0.742678867017
-vəf	0.0433107934606	0.956689206539	0.0	0.0
-ɡon	0.0	1.0	0.0	0.0
-ʋɡʋ	0.43166345299	0.425249802774	0.0447465865529	0.0983401576831
-kʋn	0.136424126007	0.344807974259	0.465928465166	0.0528394345679
-vwa	0.248677248677	0.719576719577	0.031746031746	0.0
-vwe	0.161688912383	0.284590987181	0.0495572882252	0.504162812211
-ɩɡʋ	0.448651095063	0.239280584034	0.184517601684	0.127550719219
-esi	0.0982658959537	0.797687861272	0.0173410404624	0.0867052023122
-nɩa	0.257142857143	0.682857142857	0.0342857142857	0.0257142857143
-nɩf	0.0818181818182	0.809090909091	0.0545454545455	0.0545454545455
-ágá	0.272007912957	0.584569732938	0.1137487636	0.0296735905044
-nbɑ	0.0829268292683	0.917073170732	0.0	0.0
-bàń	0.211488250653	0.725848563969	0.0313315926893	0.0313315926893
-ɩtɛ	0.477941176471	0.316176470588	0.0147058823529	0.191176470588
-urə	0.390699812306	0.348711795379	0.154899649734	0.10568874258
-ilɑ	0.0	1.0	0.0	0.0
-acɛ	0.043795620438	0.43795620438	0.452554744525	0.0656934306569
-ɩtɑ	0.0	1.0	0.0	0.0
-úrú	0.358461700545	0.580837923112	0.0338350740784	0.0268653022645
-ʋpʋ	0.0956329203373	0.239883167664	0.555874593678	0.108609318321
-ɑbɑ	0.0142815560019	0.0213981260579	0.00530950611272	0.959010811827
-mɑ̀	0.749849553676	0.12315703253	0.0409548326703	0.086038581124
-ezi	0.010101843561	0.693398224983	0.00524036592672	0.291259565529
-ɔtə	0.0219947293736	0.948560713562	0.0251875126698	0.00425704439489
-ɛlə	0.0394744781873	0.923688250996	0.0138383693306	0.0229989014862
-osə	0.130527817404	0.845221112696	0.00998573466476	0.0142653352354
-ɑbə	0.0130434782609	0.986956521739	0.0	0.0
-ɑzə	0.00719276613234	0.992807233868	0.0	0.0
-amə	0.027519921137	0.953996549741	0.0110901174731	0.00739341164872
--bɑ	0.0465849459414	0.769580029383	0.10600795982	0.0778270648553
-dɩ̀	0.487997107737	0.047143890094	0.0584237165582	0.406435285611
-ŋʋ́	0.183071571865	0.612646162975	0.193236513713	0.0110457514477
-ŋʋ̀	0.836633663366	0.0891089108911	0.0049504950495	0.0693069306931
-kwɑ	0.12951847807	0.0402865279261	0.101149502292	0.729045491712
-sɑn	0.512574047167	0.398050423925	0.046064922001	0.0433106069073
-kɑn	0.0238433588061	0.762871980525	0.0129417087018	0.200342951967
-wɑɑ	0.389952171582	0.530821596111	0.0191251285351	0.0601011037717
-won	0.139989788554	0.565921040704	0.0270937256052	0.266995445137
-igə	0.33391730904	0.351261387526	0.219866853539	0.0949544498949
-kɑf	0.671875	0.15625	0.0625	0.109375
-ɩ̀ń	0.0993841579953	0.823317052453	0.0369505202803	0.0403482692716
-ɑlɑ	0.193616529704	0.464733501183	0.0785287232327	0.26312124588
-ɔmə	0.0149253731343	0.91684434968	0.0660980810234	0.00213219616205
-aŋʋ	0.323329558324	0.450169875425	0.104756511891	0.12174405436
-yı̀	0.172297297297	0.290540540541	0.141891891892	0.39527027027
-ɑlɩ	0.282960898475	0.377771422033	0.157385479778	0.181882199713
-əte	0.0	1.0	0.0	0.0
-zwi	0.0	0.939759036145	0.0481927710843	0.0120481927711
-oru	0.0935947637413	0.837807170657	0.0389067836346	0.0296912819673
-son	0.0336763330215	0.960710944808	0.00561272217025	0.0
-fɔɔ	0.643962848297	0.25386996904	0.046439628483	0.0557275541796
--bə	0.241935483871	0.661290322581	0.0967741935484	0.0
-lwə	0.56679389313	0.148854961832	0.25	0.0343511450382
-ion	0.163238221632	0.816854678169	0.0119442601194	0.00796284007962
-ŋɑf	0.188235294118	0.505882352941	0.258823529412	0.0470588235294
-ələ	0.234838315859	0.178413669968	0.0947177318879	0.492030282285
-ʋʋʋ	0.693181818182	0.306818181818	0.0	0.0
-dʋa	0.732142857143	0.133928571429	0.133928571429	0.0
-fən	0.226687729937	0.288748684907	0.444061170613	0.0405024145435
-woo	0.0939199209096	0.866040533861	0.00444883835888	0.035590706871
-ɩka	0.134556574924	0.295616717635	0.102956167176	0.466870540265
-liu	0.0931317845186	0.13381353353	0.719488688242	0.0535659937101
-ɑlə	0.0394736842105	0.947368421053	0.0	0.0131578947368
-dʋn	0.140046365095	0.27141413541	0.533376924449	0.0551625750461
-cɛn	0.176874725917	0.340739657945	0.450226575062	0.0321590410759
-ʋnʋ	0.114859714028	0.751045691604	0.0921160533188	0.0419785410489
-ɩ́f	0.79079793071	0.168992005016	0.0268067095156	0.0134033547578
-ɩcɩ	0.0263015899311	0.0564026298394	0.0772940118048	0.840001768425
-rə́	0.116536375986	0.787928185342	0.0452950373942	0.0502404012784
-lie	0.697419668939	0.149829600779	0.0584225900682	0.0943281402142
-adi	0.0	1.0	0.0	0.0
-ome	0.0	0.980582524272	0.0194174757281	0.0
-tɩʋ	0.0650527033122	0.764155943061	0.010239401146	0.160551952481
-zɩn	0.625270535208	0.284943345434	0.0325624326205	0.0572236867374
-əde	0.30303030303	0.69696969697	0.0	0.0
-nii	0.221507996784	0.426092633687	0.0221858198314	0.330213549698
-ɑɡʋ	0.356039356044	0.48019056812	0.126440132079	0.0373299437566
-yʋʋ	0.0621761658031	0.709844559585	0.155440414508	0.0725388601036
-oze	0.0128571428571	0.914285714286	0.0385714285715	0.0342857142857
-ize	0.0	1.0	0.0	0.0
-ɑse	0.0505050505051	0.949494949495	0.0	0.0
-ə́f	0.212619257596	0.738314759881	0.0490659825222	0.0
-irə	0.164901424271	0.650391056476	0.161563066634	0.0231444526186
-odi	0.193548387097	0.806451612903	0.0	0.0
-ə́n	0.591537132988	0.200269226862	0.0269226861729	0.181270953977
-ɛtə	0.0264394829612	0.950763807286	0.00740305522914	0.0153936545241
-ɑsi	0.0579937304075	0.831504702194	0.0540752351097	0.0564263322884
-wɩn	0.473920392876	0.260490026868	0.18408213377	0.0815074464867
-ɩ́n	0.662761535005	0.222517819133	0.0417395955174	0.0729810503441
-ʋgʋ	0.261171466534	0.585149137998	0.0895527299802	0.0641266654874
-zwe	0.0850708924103	0.894912427023	0.0	0.0200166805671
-dɑɑ	0.232931726908	0.0642570281124	0.622489959839	0.0803212851406
-súú	0.523581517836	0.177160641609	0.104141728513	0.195116112042
-pɩn	0.544457373261	0.0787465653501	0.00648570826122	0.370310353128
-dɩʋ	0.36244535184	0.332823524319	0.12466273248	0.18006839136
-lɑf	0.384030418251	0.54752851711	0.0	0.0684410646388
-ɑŋʋ	0.219083867743	0.442619831793	0.286691780054	0.0516045204098
-ɛzə	0.0442930153322	0.937535491198	0.00681431005111	0.0113571834185
-́ə́	0.138391373627	0.726684676645	0.0528844508294	0.0820394988986
-lɑn	0.127504479623	0.714293279783	0.134876776549	0.0233254640448
-anʋ	0.0941336495536	0.820452008929	0.0502232142858	0.0351911272321
-ŋwà	0.0971223021583	0.838129496403	0.0647482014389	0.0
-̀ə̀	0.0623506662466	0.864857949928	0.0106491887152	0.0621421951097
-̀ə́	0.494261510483	0.159122588256	0.0154472434638	0.331168657797
-ɑ́n	0.192358599612	0.468000680383	0.140416447452	0.199224272554
-duu	0.124501992032	0.824701195219	0.038844621514	0.0119521912351
-ɛsə	0.0535714285714	0.885841836735	0.0338010204082	0.0267857142857
-paa	0.72571860817	0.141906202723	0.0582450832072	0.0741301059001
-ɑ́f	0.228571428571	0.713095238095	0.0369047619047	0.0214285714286
-dɑ̀	0.178738317757	0.139602803738	0.63785046729	0.043808411215
-dɑ́	0.0905660377359	0.501886792453	0.407547169811	0.0
-əko	0.214747736093	0.785252263907	0.0	0.0
-tɑn	0.576377952756	0.392125984252	0.00472440944881	0.0267716535433
-wii	0.392408353187	0.556483701454	0.0418155916569	0.00929235370154
-waa	0.156569934894	0.416487160249	0.00363046687804	0.42331243798
-wan	0.230126817198	0.46571811527	0.270130941334	0.0340241261986
-ɩ̀à	0.208022736889	0.406535981151	0.042483916284	0.342957365676
-dun	0.169481733049	0.686861962944	0.133083477352	0.0105728266549
-nun	0.805172413793	0.177586206896	0.0120689655172	0.00517241379311
-nfɑ	0.037037037037	0.962962962963	0.0	0.0
-abə	0.0967741935484	0.838709677419	0.0	0.0645161290323
-wɑ́	0.175508838482	0.0259257315671	0.00405376718195	0.794511662769
-ini	0.10496969697	0.664606060606	0.214545454545	0.0158787878788
-anə	0.103597122302	0.778417266187	0.0460431654676	0.0719424460432
-̀rú	0.34999495892	0.65000504108	0.0	0.0
-ɑŋɑ	0.297143396937	0.285899610398	0.11794863331	0.299008359354
-sɩʋ	0.305921663263	0.62502320401	0.0311861889735	0.0378689437535
-̀rà	0.315512708151	0.551270815075	0.0368098159509	0.0964066608238
-agɩ	0.240974902632	0.50167665089	0.0751873133415	0.182161133137
-pùń	0.495867768595	0.380165289256	0.123966942149	0.0
-dɩɑ	0.541332458891	0.333373974957	0.0963796662713	0.0289138998814
-mɑɑ	0.0874993002295	0.732379779432	0.157028494654	0.0230924256844
-nuu	0.0104532306398	0.9829237301	0.00207468699721	0.00454835226312
-tʋn	0.827294716056	0.101279929065	0.0200285923591	0.05139676252
-aga	0.364978209029	0.331592796645	0.277526519201	0.0259024751254
-́rú	0.238410596027	0.761589403973	0.0	0.0
-nɩ́	0.498890967623	0.199644069063	0.107689059679	0.193775903635
-ɡəf	0.0625	0.90625	0.03125	0.0
-ɡən	0.343310895753	0.318502251715	0.225457901688	0.112728950844
-əɡə	0.319305226445	0.569608432017	0.092430135429	0.0186562061093
-dii	0.0790078604455	0.883009932376	0.00657384355016	0.0314083636286
-əŋə	0.246644685119	0.475423871014	0.116334780104	0.161596663762
-diu	0.208788203809	0.761363708333	0.0124231408933	0.0174249469647
-ŋə́	0.179700499168	0.615640599002	0.190793122573	0.0138657792568
-ori	0.178343663773	0.756712274639	0.0401267278791	0.0248173337084
-bwe	0.879087911111	0.0480942089778	0.000541253155699	0.0722766267557
-ɑŋɩ	0.400641025641	0.459935897436	0.129807692308	0.00961538461538
-owɑ	0.03	0.91	0.0	0.06
-anɩ	0.328862541682	0.4838829196	0.161689514635	0.025565024083
-mʋn	0.206551769504	0.71530061834	0.0615708459414	0.016576766215
-wén	0.514450867052	0.312138728324	0.121387283237	0.0520231213873
-vee	0.109802806509	0.728026894646	0.148656107274	0.0135141915704
-ɑɡɩ	0.3087189452	0.653121113017	0.00855561609167	0.0296043256911
-tɩɑ	0.0471898506931	0.688266016606	0.0432003393759	0.221343793325
-uku	0.433800900079	0.366697081703	0.111349963657	0.0881520545614
-lwá	0.401721265963	0.523320377568	0.0166574125486	0.05830094392
-pɑɑ	0.845102706515	0.113638367275	0.0155161773781	0.0257427488319
-ʋnɑ	0.121363213469	0.755823317155	0.090772899316	0.0320405700601
-enɑ	0.0	1.0	0.0	0.0
-lwè	0.835796387521	0.149425287356	0.0	0.0147783251232
-yɩn	0.660151601321	0.128331186999	0.0505693269879	0.160947884692
-məf	0.0	0.978947368421	0.0	0.021052631579
-miə	0.0176991150442	0.907817109145	0.0221238938053	0.0523598820059
-mʋa	0.0	0.978260869565	0.0	0.0217391304348
-mən	0.129397740726	0.78536795911	0.0684683987699	0.0167659013937
-tiu	0.00459411241375	0.983307046172	0.00126191026648	0.0108369311481
-yiə	0.126366950182	0.842041312272	0.0315917375456	0.0
-árá	0.348268839104	0.40733197556	0.244399185336	0.0
-mɛn	0.0	0.946902654867	0.0530973451327	0.0
-van	0.602564102564	0.358974358974	0.0384615384615	0.0
-mɑn	0.744327834102	0.147949303392	0.0335798164502	0.0741430460559
-gə́	0.461907618476	0.538092381524	0.0	0.0
-gə̀	0.648902821317	0.235109717868	0.115987460815	0.0
-àrá	0.446863659928	0.286158631415	0.21254536029	0.054432348367
-àrà	0.242521496912	0.661559888579	0.066852367688	0.0290662468209
-ʋnɩ	0.232681186565	0.475742597813	0.205880114276	0.0856961013456
-ɩ̀n	0.901557609497	0.0530759419049	0.00639117261888	0.0389752759795
-yɑɑ	0.348818348011	0.451856881697	0.0597974310876	0.139527339204
-ɩ̀f	0.315789473684	0.578947368421	0.105263157895	0.0
-evɑ	0.0	0.943396226415	0.0	0.0566037735848
-̀nà	0.184757505774	0.718244803695	0.0554272517321	0.0415704387991
