-ũrm	0.633710444417	0.176413766994	0.0562045520043	0.133671236585
-ãga	0.104020177854	0.0639783653484	0.0227966690846	0.809204787713
-euu	0.382382382382	0.018018018018	0.587587587588	0.012012012012
-öjã	0.376703695947	0.520191370036	0.0537004864669	0.0494044475496
-ijĩ	0.299827682402	0.445379271526	0.0646314427773	0.190161603294
-eus	0.0	1.0	0.0	0.0
-eum	0.117984501523	0.171340406668	0.121198306043	0.589476785767
-car	0.0	0.973667711599	0.0263322884013	0.0
-rba	0.437474060873	0.268138570773	0.0648875167501	0.229499851604
-eun	0.147726019339	0.525975219677	0.0665465642119	0.259752196772
-rbe	0.0	1.0	0.0	0.0
-öjö	0.211240558187	0.682072291213	0.0785217428412	0.0281654077583
-eug	0.410122164049	0.34554973822	0.150087260035	0.0942408376963
-ũrr	0.0245608519084	0.0150858096146	0.0220846313602	0.938268707117
-ivo	0.0199242877067	0.956565052799	0.023510659494	0.0
-aur	0.149175046108	0.223495798429	0.0356951725082	0.591633982955
-auu	0.438505010046	0.466285731588	0.0413953297244	0.0538139286417
-gjẽ	0.384146341463	0.506097560976	0.0548780487804	0.0548780487805
-rpá	0.101505585236	0.898494414764	0.0	0.0
-áwa	0.555043008136	0.246159421056	0.0424923558725	0.156305214935
-ʌ̈ʌ	0.352990731346	0.156455269835	0.0268666348871	0.463687363931
-idú	0.822142286171	0.0711430855317	0.0115907274181	0.0951239008793
-aug	0.229056338558	0.319785004666	0.124535736691	0.326622920085
-auk	0.630672408082	0.328751242133	0.0405763497847	0.0
-ufo	0.0363636363636	0.963636363636	0.0	0.0
-aum	0.230979201295	0.409834906925	0.111901494953	0.247284396828
-aun	0.232469768585	0.418144746623	0.0722689281362	0.277116556656
-wat	0.324493901747	0.439581629424	0.061095954199	0.174828514629
-ũrb	0.206451612903	0.735483870968	0.0193548387097	0.0387096774194
-jãg	0.312785327967	0.036877386428	0.0129856677789	0.637351617826
-dro	0.0213984724783	0.931755333158	0.00865815117197	0.038188043192
-imá	0.565437358541	0.360404739715	0.0135800825456	0.0605778191985
-'it	0.21645021645	0.688311688312	0.077922077922	0.017316017316
-'is	0.222772277228	0.688118811881	0.029702970297	0.059405940594
-'in	0.342857142857	0.27619047619	0.0571428571429	0.32380952381
-'im	0.268369045469	0.31121175232	0.0714686397696	0.348950562442
-tín	0.0599201065246	0.792276964048	0.0399467376831	0.107856191744
-'ig	0.863826948733	0.0818562988374	0.0104821802935	0.0438345721365
-'ie	0.526715486846	0.364795226471	0.0840791971793	0.0244100895037
-api	0.432805177073	0.33601524184	0.0561437525366	0.175035828551
-ʌur	0.134540750323	0.85510996119	0.0	0.0103492884864
-ʌuu	0.245037422714	0.545883501464	0.136674259681	0.0724048161406
-rbá	0.39774492593	0.392296260471	0.0724779642806	0.137480849318
-caz	0.0	1.0	0.0	0.0
-öju	0.42552748464	0.465100820145	0.0292430311334	0.0801286640822
-ʌug	0.361892849698	0.638107150302	0.0	0.0
-rpi	0.423970046608	0.322509361989	0.106576855927	0.146943735476
-ido	0.196261682243	0.672897196262	0.0	0.130841121495
-̃ʌg	0.910891089109	0.0891089108911	0.0	0.0
-rpo	0.0	1.0	0.0	0.0
-rpa	0.433557169001	0.356900349034	0.0618531147103	0.147689367255
-̃ʌm	0.05	0.8	0.1	0.05
-eca	0.0366972477064	0.935779816514	0.0	0.0275229357798
-ida	0.0513307984791	0.907794676806	0.00950570342205	0.0313688212928
-̃ʌr	0.327948091523	0.33937531195	0.117949930386	0.214726666141
-kpa	0.555855712697	0.292785634832	0.0977276338789	0.053631018592
-idu	0.328746883369	0.339366515837	0.128359035922	0.203527564872
-uta	0.252123251419	0.4056840787	0.0625924259831	0.279600243898
-adʌ	0.0477571209279	0.952242879072	0.0	0.0
-rpí	0.438825792511	0.297768057129	0.155498168595	0.107907981765
-wai	0.357093039775	0.129057399473	0.0284517239675	0.485397836785
-uío	0.0	1.0	0.0	0.0
-bpi	0.769230769231	0.196581196581	0.0	0.034188034188
-dán	0.0256337225861	0.956422671604	0.00683565935631	0.011107946454
-aub	0.522690679542	0.237604481044	0.0916091468773	0.148095692537
-ʌga	0.445696721312	0.400614754098	0.0922131147541	0.0614754098359
-bpa	0.655172413793	0.344827586207	0.0	0.0
-rás	0.195997524242	0.686403961213	0.0123787910047	0.10521972354
-rán	0.0230828792239	0.921693523645	0.044266534208	0.0109570629228
-iju	0.384500783857	0.346555149747	0.0650627124044	0.203881353992
-aús	0.192771084337	0.734939759036	0.0722891566265	0.0
-aúl	0.0	1.0	0.0	0.0
-aúg	0.305109489051	0.56496350365	0.103649635036	0.0262773722628
-aúa	0.285948477752	0.340804518529	0.0936768149882	0.279570188731
-yau	0.0953183527148	0.497077345729	0.0364705292714	0.371133772285
-yap	0.00574162679425	0.154704944179	0.00287081339712	0.83668261563
-íhi	0.0	0.0866141732283	0.877952755906	0.0354330708661
-yag	0.239042401143	0.645664602191	0.0133396855646	0.101953311101
-yaa	0.402139244027	0.245074001971	0.0589735026513	0.293813251351
-ʌgá	0.522878419816	0.275218031938	0.0	0.201903548246
-yam	0.0936179340885	0.420026924803	0.095962758954	0.390392382155
-yan	0.2550533727	0.375312287077	0.0425846014081	0.327049738814
-öjĩ	0.235294117647	0.470588235294	0.176470588235	0.117647058824
-ijã	0.216836591137	0.272881367341	0.0862358888067	0.424046152715
-rat	0.324775353017	0.439024390244	0.2053915276	0.0308087291399
-ijö	0.18786437335	0.610580967022	0.119848014618	0.0817066450097
-nhë	0.395437262357	0.558935361217	0.0	0.0456273764258
-uau	0.317183782096	0.33502189231	0.0261804943342	0.32161383126
-hũi	0.292887029289	0.616457461646	0.0	0.0906555090655
-chë	0.39315151109	0.325571265831	0.120116598539	0.161160624539
-rdö	0.0419012701322	0.902078553495	0.0220892565372	0.0339309198353
-hũr	0.696023232525	0.111620917389	0.0182981196981	0.174057730389
-666	0.106463878327	0.0608365019011	0.0456273764259	0.787072243346
-laa	0.697594501718	0.247422680412	0.0	0.0549828178694
-ado	0.0546558704453	0.927125506073	0.0121457489878	0.00607287449393
-lac	0.0382165605096	0.885350318471	0.0764331210191	0.0
-adi	0.0	1.0	0.0	0.0
-lam	0.221179624665	0.638069705094	0.0201072386059	0.120643431635
-seo	0.0356244761106	0.947611064543	0.0	0.0167644593462
-sem	0.0	1.0	0.0	0.0
-lao	0.260782347041	0.618856569709	0.0	0.12036108325
-seg	0.341714729772	0.474027327704	0.0510742874704	0.133183655054
-sec	0.0	1.0	0.0	0.0
-sea	0.196721311475	0.803278688525	0.0	0.0
-uim	0.176871832467	0.580084786281	0.064386574443	0.178656806808
-pũu	0.240963855422	0.746987951807	0.0120481927711	0.0
-uin	0.215750972187	0.324084973161	0.0716121358535	0.388551918799
-erá	0.151586925628	0.516342965419	0.0	0.332070108953
-set	0.0	1.0	0.0	0.0
-ses	0.0	0.972027972028	0.027972027972	0.0
-ser	0.241034753984	0.465901476972	0.168380575058	0.124683193987
-blo	0.0446860088682	0.883210334934	0.0052932783037	0.0668103778941
-aan	0.102765625468	0.716633596221	0.0998231556895	0.080777622622
-mta	0.277347502438	0.261950893057	0.0915417466511	0.369159857854
-uum	0.517584605176	0.14399469144	0.285335102853	0.0530856005309
-uun	0.362625485747	0.371135757977	0.126764921705	0.139473834572
-uui	0.8416918429	0.0725075528701	0.0531722054381	0.0326283987916
-uug	0.311717634947	0.357390205667	0.00280774000328	0.328084419383
-õwi	0.342696629214	0.455056179775	0.0818619582665	0.120385232745
-uur	0.178538046353	0.657958690144	0.0233874399901	0.140115823512
-que	0.0	0.957983193277	0.0	0.0420168067227
-bën	0.243975873115	0.538163210887	0.10834821293	0.109512703069
-qui	0.0	1.0	0.0	0.0
-adí	0.0493827160494	0.851851851852	0.0987654320988	0.0
-adë	0.367750001619	0.242264522297	0.0537039581446	0.33628151794
-adö	0.031351985325	0.968648014675	0.0	0.0
-õch	0.189405605174	0.650446566061	0.135509701263	0.0246381275023
-bëp	0.787987490802	0.131070640177	0.0809418690214	0.0
-bër	0.173974063374	0.22271231853	0.0465692752144	0.556744342881
-bëu	0.104438642298	0.879895561358	0.0156657963446	0.0
-zor	0.0	1.0	0.0	0.0
-opi	0.428795164171	0.35675230114	0.0417639785685	0.17268855612
-'ii	0.391304347826	0.201086956522	0.0	0.407608695652
-err	0.332197647372	0.354144545371	0.0715491128709	0.242108694386
-rau	0.125932328063	0.20231528589	0.02939304012	0.642359345927
-rar	0.201920476062	0.645929131728	0.133892345145	0.0182580470652
-ras	0.0926470588235	0.872058823529	0.0264705882353	0.00882352941175
-ran	0.27202130723	0.286938949995	0.0776790081628	0.363360734612
-eri	0.0	1.0	0.0	0.0
-ram	0.366015960986	0.27489048491	0.0925996557206	0.266493898383
-erm	0.111111111111	0.784722222222	0.104166666667	0.0
-iwe	0.252647423878	0.370507301872	0.0306335331555	0.346211741094
-ero	0.0325680003609	0.895710225991	0.00676620506112	0.0649555685867
-rag	0.107691081496	0.108256288909	0.0191116183205	0.764941011274
-iwi	0.39365689808	0.353131582048	0.117623419421	0.135588100451
-rab	0.347896390762	0.326057351746	0.119451832909	0.206594424583
-rac	0.0	1.0	0.0	0.0
-raa	0.376878109471	0.23856475017	0.113127451671	0.271429688688
-tjẽ	0.357142857143	0.303571428571	0.107142857143	0.232142857143
-jëe	0.315210362923	0.294507087106	0.14676297634	0.243519573632
-jëm	0.162332309076	0.521771715506	0.291163906168	0.0247320692497
-jër	0.200799644602	0.285650821857	0.132385606397	0.381163927143
-jët	0.694525699958	0.183451734225	0.0551608859172	0.0668616798997
-uga	0.298541182546	0.305964368706	0.226374903176	0.169119545572
-aza	0.0279850746269	0.924840085288	0.0359808102346	0.0111940298508
-rbʌ	0.238301888382	0.572944140622	0.0365710818805	0.152182889115
-ĩsi	0.749381406858	0.106044538706	0.102156238954	0.0424178154825
-nor	0.0	1.0	0.0	0.0
-nos	0.0238095238095	0.97619047619	0.0	0.0
-noi	0.13188964336	0.86811035664	0.0	0.0
-eón	0.011320754717	0.974528301887	0.00566037735851	0.00849056603774
-noo	0.362027353178	0.416733708769	0.221238938053	0.0
-ĩsu	0.101406304692	0.047974962423	0.815203739164	0.03541499372
-noc	0.0	0.909233176839	0.0657276995305	0.0250391236307
-fán	0.0	1.0	0.0	0.0
-fás	0.00224047796863	0.993278566094	0.00448095593726	0.0
-öig	0.0763116057234	0.809220985692	0.0763116057233	0.0381558028617
-öid	0.816901408451	0.0704225352113	0.112676056338	0.0
-tou	0.234375	0.266493055556	0.499131944444	0.0
-tor	0.0765969095477	0.856639567941	0.00988043673526	0.0568830857759
-tos	0.0602505129515	0.223483922579	0.062739346533	0.653526217936
-ʌta	0.441597497007	0.144559900401	0.0280102866223	0.38583231597
-rou	0.132049518569	0.828060522696	0.0247592847318	0.0151306740027
-iek	0.04635007446	0.134423847152	0.0154894580647	0.803736620324
-iem	0.542151162791	0.236191860465	0.207122093023	0.014534883721
-iel	0.0227368421052	0.943789473684	0.0334736842105	0.0
-ros	0.00822216628912	0.890175350281	0.0	0.10160248343
-ieb	0.421506679154	0.303867295067	0.0919061343354	0.182719891444
-ied	0.525195173882	0.212916962385	0.120652945351	0.141234918382
-ieg	0.42254036438	0.37440122499	0.0657890279349	0.137269382694
-iez	0.0104493207941	0.0146290491118	0.012539184953	0.962382445141
-ëwi	0.53684252692	0.24412946079	0.0533443713834	0.165683640906
-ũas	0.0181206141304	0.947818716585	0.00743756550128	0.026623103783
-ëwe	0.109090909091	0.515151515152	0.193939393939	0.181818181818
-rom	0.0	1.0	0.0	0.0
-ron	0.0	0.855198019802	0.00371287128713	0.141089108911
-roo	0.103270223752	0.371772805508	0.52495697074	0.0
-ieu	0.389832726321	0.421913506205	0.0433995594618	0.144854208013
-iet	0.407920356593	0.288767144607	0.144518394708	0.158794104092
-ĩsí	0.461215932914	0.311670160727	0.041928721174	0.185185185185
-sar	0.140686550366	0.623522791221	0.195272931908	0.0405177265054
-noé	0.0	1.0	0.0	0.0
-ʌwi	0.590606312025	0.236772599526	0.0619407617038	0.110680326746
-gʌg	0.303017730202	0.317871269328	0.0669930572843	0.312117943186
-ẽma	0.49135987979	0.451540195342	0.0315552216378	0.0255447032307
-gʌm	0.189880557722	0.205496751544	0.0649993286105	0.539623362123
-ila	0.0317622950819	0.962090163934	0.00614754098363	0.0
-̃ʌd	0.0700934579439	0.836448598131	0.0	0.0934579439253
-ués	0.587227178789	0.181057512979	0.0226825948889	0.209032713342
-̃rm	0.167597765363	0.769553072626	0.0628491620112	0.0
-̈jö	0.330744174392	0.558005512403	0.0175394637935	0.0937108494112
-lón	0.0	0.55	0.0	0.45
-̈jã	0.0500532481363	0.92225772098	0.0	0.0276890308839
-ëwë	0.508670520231	0.491329479769	0.0	0.0
-mua	0.128718682345	0.121906774969	0.0210627959723	0.728311746714
-lem	0.0	1.0	0.0	0.0
-lea	0.00844483439351	0.975323535863	0.0108576442202	0.00537398552314
-lee	0.0968056326143	0.251204294736	0.33261422488	0.31937584777
-leg	0.0	1.0	0.0	0.0
-ley	0.0172605732019	0.928089879036	0.00804063969031	0.0466089080716
-oin	0.129322051432	0.636354903703	0.0478276647417	0.186495380124
-itá	0.466365438702	0.331596661902	0.0348563788095	0.167181520586
-udö	0.0	0.842349123184	0.137944517214	0.019706359602
-äau	0.0	0.951526032316	0.048473967684	0.0
-äar	0.0773638968481	0.779369627507	0.0	0.143266475645
-udá	0.0106951871658	0.989304812834	0.0	0.0
-äag	0.732351528734	0.0512245878021	0.00480230510646	0.211621578358
-äaa	0.22602739726	0.732876712329	0.041095890411	0.0
-pem	0.171430885183	0.219892632154	0.430348681184	0.178327801479
-loi	0.0	0.979591836735	0.0204081632653	0.0
-pet	0.411272321429	0.332792207792	0.127840909091	0.128094561688
-pes	0.198225672304	0.466236286586	0.293120519624	0.042417521486
-oga	0.257306226175	0.399618805591	0.343074968234	0.0
-ãaa	0.0472440944881	0.291338582677	0.0	0.661417322835
-ãag	0.166395159413	0.677682103793	0.0349080754015	0.121014661392
-rig	0.20014787739	0.0300913200144	0.00604836462552	0.76371243797
-ãai	0.125731050606	0.237097447528	0.0370840182073	0.600087483658
-ũpa	0.331444759207	0.549575070821	0.0339943342777	0.084985835694
-'ʌʌ	0.292722095864	0.23881106162	0.177138805337	0.291328037178
-ãan	0.352869814767	0.213435950952	0.0267414557788	0.406952778502
-ãar	0.0431996155334	0.0796781743616	0.00584604931612	0.871276160789
-eso	0.0839886501825	0.832963113093	0.0037292257803	0.0793190109444
-ãau	0.470967830094	0.327564590899	0.0688696293817	0.132597949625
-esa	0.0	1.0	0.0	0.0
-ite	0.117028176119	0.804011433787	0.0504431793615	0.0285172107324
-ese	0.163252573568	0.39378184465	0.330664448373	0.11230113341
-ita	0.309930751398	0.227635177889	0.0749833739276	0.387450696785
-spa	0.108017745773	0.75117340706	0.0443644312994	0.0964444158683
-spe	0.0387096774193	0.898387096774	0.0387096774194	0.0241935483871
-spo	0.0	1.0	0.0	0.0
-fas	0.0616061606161	0.887788778878	0.00440044004399	0.046204620462
-uda	0.19305019305	0.80694980695	0.0	0.0
-fat	0.0	1.0	0.0	0.0
-udi	0.241022962139	0.720820368394	0.0381566694678	0.0
-mdʌ	0.106785317019	0.87319243604	0.0	0.020022246941
-tʌm	0.245225749015	0.118380840941	0.0170771870196	0.619316223024
-ñor	0.0167848357691	0.953335262625	0.000434090580235	0.0294458110259
-ael	0.103627189642	0.801218583397	0.0330350342726	0.0621191926885
-ãwi	0.697368421053	0.19298245614	0.0438596491228	0.0657894736842
-eju	0.479792321754	0.156634436174	0.016755406875	0.346817835197
-gma	0.289004901765	0.314589726218	0.33395767744	0.0624476945762
-'ʌ̃	0.379805011764	0.413644861104	0.103958627142	0.102591499991
-t'ö	0.293640919916	0.540628443465	0.0334127181602	0.132317918459
-pjã	0.204723042195	0.615558256642	0.158881750304	0.0208369508595
-t'õ	0.357142857143	0.327242524917	0.31561461794	0.0
-hëe	0.369122950262	0.405797101449	0.110770905627	0.114309042662
-hëm	0.517311014421	0.27997903828	0.0728507988029	0.129859148496
-öhi	0.305090421969	0.421969189551	0.0586068318821	0.214333556597
-hëh	0.0343551014364	0.58211165408	0.166888790167	0.216644454317
-sjã	0.215245914835	0.425823070112	0.0619818079369	0.296949207116
-eas	0.219121871153	0.713171932704	0.00820681165367	0.0594993844891
-sĩu	0.23230534854	0.520401861078	0.22481162762	0.022481162762
-ëpi	0.505069470522	0.434847915884	0.0300413067968	0.0300413067968
-sĩi	0.0360384643682	0.0153463006525	0.010609411725	0.938005823254
-rna	0.0	1.0	0.0	0.0
-rno	0.0641682394176	0.926664869237	0.00754920463738	0.00161768670801
-sĩg	0.0523311132255	0.896923564859	0.0380589914367	0.0126863304789
-rni	0.0	1.0	0.0	0.0
-urm	0.114843850248	0.550248385342	0.254067959207	0.0808398052024
-ĩpí	0.0659716684308	0.874653829982	0.0593745015877	0.0
-ura	0.0308243014815	0.837178084916	0.129014616685	0.00298299691757
-urg	0.185967495428	0.377530544958	0.0646943603867	0.371807599227
-urr	0.0349477406586	0.395393715995	0.0146939364133	0.554964606933
-për	0.667869458307	0.174817035022	0.0371022421394	0.120211264532
-ëbë	0.270935960591	0.729064039409	0.0	0.0
-nʌ́	0.305100321642	0.472047786797	0.0367590748966	0.186092816664
-gmá	0.932865425694	0.0671345743058	0.0	0.0
-öhö	0.165071770335	0.583732057416	0.143540669856	0.107655502392
-t'u	0.744029864606	0.180060546403	0.0447634790038	0.0311461099864
-usĩ	0.350073855244	0.177252584934	0.472673559823	0.0
-t'o	0.0	0.974789915966	0.0252100840336	0.0
-hju	0.473666529805	0.264865066627	0.0201560225449	0.241312381023
-t'e	0.163152947496	0.390761380422	0.23929098966	0.206794682422
-pju	0.424047522383	0.457787559563	0.115173401141	0.00299151691276
-t'a	0.200865012352	0.0574754558721	0.0126865209698	0.728973010806
-̈úg	0.50575815739	0.475047984645	0.0191938579654	0.0
-mʌu	0.299144012557	0.351030327665	0.209036091406	0.140789568372
-ʌis	0.185623293904	0.329087048832	0.421595389748	0.0636942675159
-ʌin	0.0443084231683	0.742200347159	0.0264594372373	0.187031792436
-mʌg	0.188512008554	0.0872569543015	0.0127021222945	0.71152891485
-ʌid	0.491489651416	0.370642701525	0.0486791938998	0.0891884531591
-ʌig	0.202875955468	0.127711411329	0.0294481208433	0.639964512359
-mʌn	0.35111451194	0.219490564745	0.05888749712	0.370507426195
-mʌm	0.0	0.669834917459	0.330165082541	0.0
-̈ʌg	0.302882266732	0.378928513272	0.21722846442	0.100960755577
-ĩpi	0.340356564019	0.440842787682	0.186385737439	0.0324149108589
-̈ʌn	0.125	0.208333333333	0.566666666667	0.1
-̈ʌm	0.137873407144	0.290787549614	0.512847294757	0.0584917484854
-ujẽ	0.211432669841	0.545118452575	0.0926473632841	0.1508015143
-̈ʌi	0.764221556886	0.235778443114	0.0	0.0
-urú	0.484778862722	0.400344629523	0.0	0.114876507754
-tpi	0.457182155244	0.303313000837	0.0475421600287	0.19196268389
-ëba	0.191460700057	0.62791880751	0.067751297656	0.112869194776
-tpa	0.42657856094	0.248164464024	0.0594713656387	0.265785609398
-ʌwe	0.248038736801	0.280786197986	0.0609123658451	0.410262699368
-ʌwa	0.171848433325	0.207068253583	0.163225649745	0.457857663347
-jũd	0.107498535442	0.816344463972	0.0351493848858	0.0410076157
-jũa	0.19990581763	0.702869572367	0.0317678628824	0.0654567471203
-jũu	0.183673469388	0.183673469388	0.0918367346938	0.540816326531
-jũr	0.0	0.799107142857	0.200892857143	0.0
-nwa	0.147657841141	0.325865580448	0.0	0.526476578411
-nʌh	0.0246913580247	0.271604938272	0.283950617284	0.41975308642
-nʌm	0.229249782799	0.0455188482908	0.00492581396805	0.720305554942
-ají	0.114613180516	0.851002865329	0.0	0.0343839541547
-ajë	0.763157894737	0.131578947368	0.0175438596491	0.0877192982456
-dpa	0.379252649191	0.402677077524	0.0858895705521	0.132180702733
-ajã	0.236128394388	0.310509615204	0.0902011431838	0.363160847224
-tʌʌ	0.482797015923	0.181494265672	0.00334038525778	0.332368333148
-ajö	0.151441928357	0.742307085372	0.0673130029982	0.0389379832728
-'ëe	0.248597606582	0.175018698579	0.23373223635	0.342651458489
-'ëd	0.161814929257	0.358594893479	0.141486420556	0.338103756708
-'ëg	0.115942028985	0.869565217391	0.00724637681159	0.00724637681159
-ojö	0.243490581041	0.451032977201	0.167336523587	0.138139918171
-000	0.0988752288779	0.626471357573	0.0	0.27465341355
-'ëu	0.311696942844	0.415374390784	0.0868409392999	0.186087727071
-ojã	0.278396991224	0.536180526536	0.104897618053	0.0805248641872
-'ëp	0.154457694492	0.780806360023	0.0102214650766	0.0545144804088
-'ër	0.346105368166	0.514342018334	0.0613975171404	0.0781550963599
-udʌ	0.512685029043	0.150608956342	0.108487914559	0.228218100056
-'ʌa	0.275662301611	0.468800917265	0.0737131132702	0.181823667854
-'ʌd	0.141687916427	0.585321214115	0.0197417125936	0.253249156864
-'ʌg	0.50772674116	0.39335807581	0.0472730689214	0.0516421141083
-bjã	0.0829894470945	0.395052804245	0.0157876550467	0.506170093614
-'ʌi	0.340623545835	0.52815262913	0.0614239181014	0.0697999069335
-'ʌm	0.199641968301	0.478935074008	0.179576911322	0.14184604637
-itʌ	0.182295712997	0.511668453669	0.232012725632	0.0740231077017
-ría	0.00419505562065	0.950859986402	0.0198180213803	0.0251269365968
-'ʌt	0.439927907052	0.243056226063	0.0125518972675	0.304463969618
-bjö	0.0971585701192	0.201649862511	0.0	0.701191567369
-'ʌr	0.228302027245	0.5236644252	0.0548869755093	0.193146572045
-nós	0.0	1.0	0.0	0.0
-pdö	0.408684959876	0.248155578566	0.0787923893347	0.264367072224
-nón	0.0	0.892857142857	0.107142857143	0.0
-iúa	0.495963091119	0.455594002307	0.0484429065744	0.0
-ãpi	0.467391304348	0.347826086957	0.0869565217391	0.0978260869565
-mdö	0.131226566685	0.13658275308	0.0	0.732190680236
-dba	0.214365881033	0.223063973064	0.118967452301	0.443602693603
-oju	0.408346070796	0.294344566562	0.0619889851275	0.235320377514
-lda	0.0	0.704918032787	0.295081967213	0.0
-õit	0.07531928921	0.199500463473	0.015999678809	0.709180568508
-õii	0.535956580733	0.360018091361	0.0497512437811	0.0542740841248
-amá	0.304720504174	0.580374472377	0.0603092664511	0.0545957569978
-fre	0.234185733513	0.652759084791	0.113055181696	0.0
-mʌ́	0.570799358558	0.234035169405	0.125974779016	0.0691906930203
-ojo	0.425742574257	0.252475247525	0.113861386139	0.207920792079
-õig	0.222222222222	0.75	0.0277777777778	0.0
-nís	0.0	1.0	0.0	0.0
-bju	0.614849015154	0.199054250288	0.0557768924303	0.130319842127
-usa	0.0540540540541	0.945945945946	0.0	0.0
-món	0.0169564074438	0.980394153893	0.0	0.00264943866308
-mós	0.0	1.0	0.0	0.0
-epa	0.150943396226	0.759862778731	0.0789022298457	0.0102915951973
-epi	0.509304900322	0.271495765371	0.0984084001495	0.120790934157
-bén	0.0	1.0	0.0	0.0
-wim	0.14977244518	0.339263549855	0.48613984278	0.0248241621845
-wie	0.429774585088	0.352241763686	0.173396086203	0.0445875650236
-iur	0.0831892676855	0.107968559113	0.691284604569	0.117557568633
-wia	0.438398644051	0.179144975972	0.0424529479696	0.340003432008
-ãba	0.0519054139068	0.0620818399317	0.0228467782936	0.863165967868
-iun	0.39375	0.53125	0.0375	0.0375
-iud	0.0	1.0	0.0	0.0
-mʌʌ	0.223438135043	0.481659195273	0.1317189462	0.163183723484
-ueu	0.38750887154	0.557290434508	0.0441605551612	0.0110401387903
-uem	0.0957446808511	0.904255319149	0.0	0.0
-uel	0.0552874949738	0.938681141938	0.00603136308804	0.0
-t'ʌ	0.363208463781	0.42424700421	0.0948288891289	0.11771564288
-iim	0.140321263176	0.142382081062	0.231251521474	0.486045134287
-iin	0.214618275968	0.176095878381	0.0565682255937	0.552717620058
-iig	0.170613208618	0.704520171635	0.0272436261266	0.0976229936205
-iiu	0.216342075431	0.46772217198	0.22800952757	0.0879262250188
-ëch	0.178879910839	0.317358595709	0.303148509334	0.200612984118
-ojĩ	0.314470061234	0.379443554021	0.245674598282	0.0604117864628
-kma	0.212189616253	0.435665914221	0.284424379233	0.0677200902935
-iir	0.247997703685	0.276778946057	0.0634049166047	0.411818433653
-bjĩ	0.178414096916	0.742290748899	0.079295154185	0.0
-tʌ́	0.308317040156	0.337193562942	0.0135358700557	0.340953526846
-tal	0.0705882352941	0.717647058823	0.0705882352941	0.141176470588
-tam	0.3345749253	0.414125496296	0.116348082354	0.13495149605
-tan	0.541723666211	0.310533515732	0.0820793433652	0.0656634746922
-öou	0.503984063745	0.360557768924	0.0756972111554	0.0597609561753
-gne	0.136363636364	0.395454545455	0.468181818182	0.0
-taa	0.43009082218	0.347394837476	0.0633365200765	0.159177820268
-tab	0.292575819953	0.47790585975	0.115616851928	0.113901468368
-ãbá	0.376344086021	0.204301075269	0.0	0.41935483871
-öod	0.193077466447	0.60160113021	0.0193077466447	0.186013656699
-öog	0.0315638450502	0.628407460545	0.12912482066	0.210903873745
-tat	0.446895497286	0.424716764773	0.0498738628545	0.078513875086
-öoi	0.0982765775853	0.336106086746	0.039311849062	0.526305486607
-öom	0.285263157895	0.365263157895	0.23649122807	0.11298245614
-tar	0.0	1.0	0.0	0.0
-tas	0.320872274143	0.398753894081	0.0	0.280373831775
-ajĩ	0.415354915198	0.286503004604	0.0656374124163	0.232504667782
-rma	0.306525307191	0.518298363128	0.0768309453045	0.0983453843765
-ene	0.270601033451	0.488169703563	0.103549088931	0.137680174055
-ena	0.373461216499	0.296779205013	0.0246491443014	0.305110434187
-heu	0.537408063504	0.0899314587257	0.023740918468	0.348919559303
-hes	0.28125	0.71875	0.0	0.0
-hed	0.0811072846872	0.609846682106	0.0104752004612	0.298570832745
-hee	0.0396336159105	0.00721184889418	0.00054645134543	0.95260808385
-ãpa	0.160975609756	0.482926829268	0.356097560976	0.0
-rʌʌ	0.308126831005	0.213699561368	0.151368499425	0.326805108201
-nso	0.0192784356926	0.96970531534	0.0110162489672	0.0
-put	0.198739370228	0.654821093814	0.031244056837	0.115195479121
-puu	0.339130434783	0.608695652174	0.0521739130435	0.0
-pud	0.0	0.858156028369	0.141843971631	0.0
-pua	0.0941737083922	0.0263783575376	0.00631546395065	0.87313247012
-aju	0.38798578954	0.197979804217	0.0637378823327	0.35029652391
-'ẽs	0.242654958195	0.663342519501	0.0524312205148	0.041571301789
-'ẽu	0.37941942687	0.290596700161	0.0434189306538	0.286564942315
-nma	0.406211554978	0.44430259279	0.0482037711907	0.101282081041
-twi	0.616831500912	0.0941312314875	0.0082835483709	0.28075371923
-'ẽe	0.299410029498	0.681959323087	0.0	0.018630647415
-dea	0.0263732093729	0.9605350536	0.00398444170382	0.00910729532303
-twe	0.431498079385	0.156209987196	0.351472471191	0.0608194622279
-k'ĩ	0.00752303930789	0.707353770923	0.0255783336468	0.259544856122
-dee	0.468402779721	0.227680889891	0.0591347864976	0.244781543891
-deg	0.0655198164833	0.309001540477	0.0187665110904	0.60671213195
-del	0.0572057205721	0.942794279428	0.0	0.0
-den	0.185451638689	0.780975219824	0.0	0.0335731414868
-deo	0.00121676704995	0.99148263065	0.0	0.00730060229967
-des	0.0107369099173	0.952399699366	0.0282738627823	0.00858952793388
-bis	0.631878557875	0.299810246679	0.022770398482	0.045540796964
-hjö	0.29494024844	0.305781580796	0.158495685066	0.240782485699
-big	0.112635379061	0.839711191336	0.0447653429603	0.0028880866426
-bie	0.0828025477707	0.917197452229	0.0	0.0
-bii	0.275879653238	0.573686894442	0.0892401835798	0.0611932687405
-eel	0.0	1.0	0.0	0.0
-lux	0.238805970149	0.761194029851	0.0	0.0
-jim	0.455333715866	0.120000812576	0.0255423488673	0.399123122691
-̈in	0.33235477244	0.255849558294	0.148536720598	0.263258948669
-mes	0.212614060801	0.616235638977	0.0297858257293	0.141364474493
-mer	0.441001103614	0.366903437498	0.145877002615	0.046218456274
-jig	0.351859216544	0.273811891032	0.0551799562538	0.31914893617
-hjã	0.252798018831	0.25773977972	0.0406421487282	0.448820052722
-mee	0.133250584112	0.222218165888	0.478971962617	0.165559287383
-meg	0.193771626298	0.750865051903	0.0553633217993	0.0
-mea	0.0	1.0	0.0	0.0
-mec	0.0	1.0	0.0	0.0
-meo	0.0	0.982905982906	0.017094017094	0.0
-men	0.407802881521	0.488802336904	0.0490980806363	0.0542967009391
-mei	0.0	1.0	0.0	0.0
-eeg	0.145540278235	0.516876535288	0.106343327474	0.231239859004
-mek	0.344465832531	0.551106833494	0.0794032723772	0.0250240615977
-aya	0.00767577525329	0.987718759595	0.0	0.00460546515198
-ayo	0.0206896551724	0.979310344828	0.0	0.0
-eeb	0.411614024958	0.237173110492	0.0813333406739	0.269879523876
-uba	0.380891494499	0.202438249876	0.061265665063	0.355404590562
-tán	0.05849153412	0.911749615187	0.015392508979	0.0143663417137
-k'á	0.541984732824	0.229007633588	0.0687022900763	0.160305343511
-nda	0.193785116386	0.637942896457	0.104919160647	0.0633528265107
-upá	0.466678029657	0.325379239816	0.0647690472132	0.143173683314
-k'ö	0.48845500163	0.332837022481	0.0417103102808	0.136997665608
-ërg	0.354485812298	0.386757911864	0.0750848705013	0.183671405336
-ërm	0.340647992771	0.360991351491	0.0892732670711	0.209087388667
-gog	0.0527803958529	0.924599434496	0.0226201696513	0.0
-ërp	0.650245346096	0.184807721247	0.0218111646489	0.143135768008
-gor	0.342105263158	0.578947368421	0.0526315789474	0.0263157894737
-gou	0.0	1.0	0.0	0.0
-ʌjã	0.278384816143	0.14989918411	0.086105590315	0.485610409431
-ãma	0.599326599327	0.149831649832	0.0151515151515	0.23569023569
-eor	0.0	1.0	0.0	0.0
-cob	0.00739827373615	0.988902589396	0.0	0.00369913686807
-ubá	0.475615678935	0.22023478127	0.0975135929115	0.206635946884
-rʌ́	0.453765865813	0.128627705777	0.0638451577677	0.353761270642
-cos	0.0121101280213	0.967994661658	0.0	0.0198952103208
-cor	0.0	1.0	0.0	0.0
-k'i	0.0	0.107205623902	0.892794376098	0.0
-k'e	0.130846927271	0.34926259117	0.354301359777	0.165589121782
-k'a	0.247018191277	0.462257336434	0.0636969597718	0.227027512518
-õrg	0.103903397922	0.814377983712	0.0564448188711	0.0252737994945
-upa	0.321634373617	0.323846477259	0.085818629485	0.268700519638
-k'u	0.32810033932	0.104635044488	0.0694662821188	0.497798334073
-õrr	0.390079748526	0.408297214615	0.201623036859	0.0
-põo	0.329268292683	0.670731707317	0.0	0.0
-upi	0.388042329379	0.281039790122	0.111211895347	0.219705985152
-akë	0.243590506216	0.547498661591	0.00904169888764	0.199869133305
-̈ug	0.365079365079	0.539682539682	0.0952380952381	0.0
-̈uu	0.224276908488	0.697012802276	0.0673304883831	0.0113798008535
-ĩjã	0.724409448819	0.0472440944881	0.0	0.228346456693
-ĩjö	0.165354330709	0.59842519685	0.236220472441	0.0
-pta	0.344419423754	0.376176453606	0.113863387032	0.165540735608
-pto	0.0	0.978020979974	0.00272467190409	0.0192543481223
-gag	0.281343151384	0.468467128701	0.189566826243	0.0606228936716
-gad	0.254498344609	0.719591190442	0.00575788109976	0.0201525838491
-tra	0.0	1.0	0.0	0.0
-gab	0.393492681899	0.470148467937	0.0631778456355	0.0731810045277
-gaa	0.202983725136	0.361387381957	0.294605183846	0.141023709062
-gan	0.306454765955	0.148158861156	0.0411526648332	0.504233708055
-gam	0.169445144669	0.401280419377	0.0923741551507	0.336900280803
-gai	0.0	0.804667987254	0.186288864008	0.00904314873826
-gah	0.408602150538	0.376344086022	0.0645161290323	0.150537634409
-gau	0.269881903697	0.409530359294	0.0985097275399	0.22207800947
-gar	0.159955445051	0.331153583909	0.0725798949817	0.436311076059
-gap	0.264367816092	0.528735632184	0.0344827586207	0.172413793103
-wëu	0.030534351145	0.900763358779	0.0610687022901	0.00763358778626
-wët	0.521793558666	0.0586093092067	0.204279048594	0.215318083532
-ino	0.0528264626018	0.814490249321	0.118118982967	0.0145643051099
-ina	0.118026564473	0.528625689795	0.16944588946	0.183901856272
-wëm	0.853260869565	0.146739130435	0.0	0.0
-dón	0.0683334237215	0.914312055968	0.0113889039535	0.00596561635664
-són	0.0501385407046	0.940361525267	0.0	0.00949993402824
-gua	0.210661785752	0.0907684026652	0.0262785004788	0.672291311104
-hẽt	0.3375	0.1125	0.525	0.025
-yeu	0.390004899559	0.30622243998	0.105340519353	0.198432141107
-mba	0.312302839117	0.441640378549	0.110410094637	0.135646687697
-lto	0.200813108291	0.710237772576	0.0378218553653	0.0511272637674
-yen	0.962784763019	0.0334937132831	0.0	0.00372152369813
-lta	0.163593099346	0.785841760857	0.0505651397978	0.0
-ĩig	0.0412735849056	0.958726415094	0.0	0.0
-ũjã	0.231926452152	0.387797743418	0.286251567071	0.094024237359
-rʌu	0.263859803813	0.616554612587	0.0385759947096	0.0810095888901
-iná	0.160427807487	0.336898395722	0.245989304813	0.256684491979
-örm	0.405929038282	0.552054154995	0.0280112044818	0.0140056022409
-rʌr	0.0	0.915163660655	0.0848363393453	0.0
-rʌm	0.254889119434	0.101493647533	0.0284265912162	0.615190641817
-ũjö	0.295180722892	0.644578313253	0.0361445783132	0.0240963855421
-rʌn	0.426470588235	0.545955882353	0.0	0.0275735294118
-örr	0.122220379419	0.83044792876	0.0267915236722	0.0205401681487
-hdi	0.359712230216	0.640287769784	0.0	0.0
-rʌg	0.111114254927	0.0490435332093	0.0121571373667	0.827685074497
-rëu	0.290037168714	0.510302197802	0.0756908532644	0.12396978022
-ĩiu	0.868836764002	0.0346258177757	0.0965374182224	0.0
-k'ʌ	0.405847897778	0.259058656624	0.214918898956	0.120174546642
-ahi	0.0982661690367	0.680634950631	0.221098880333	0.0
-ãrr	0.210188173088	0.555130049376	0.0121496053808	0.222532172155
-ãrm	0.202044212027	0.633943427621	0.106964582838	0.0570477775137
-ãrk	0.126436781609	0.126436781609	0.586206896552	0.16091954023
-hma	0.38496791934	0.412465627864	0.0412465627865	0.161319890009
-ãrb	0.282375851996	0.177215189873	0.540408958131	0.0
-sas	0.0816993464052	0.787581699346	0.0	0.130718954248
-mpo	0.0591581342435	0.940841865757	0.0	0.0
-sap	0.359229602197	0.507641077831	0.00832779717397	0.124801522797
-sau	0.093097611435	0.809102877563	0.0639458341169	0.0338536768854
-ãju	0.427170283806	0.213898163606	0.0876460767946	0.271285475793
-hab	0.144930340293	0.0495297280608	0.0179688296686	0.787571101978
-mpa	0.269707452516	0.560939397918	0.100943796758	0.0684093528082
-oli	0.0	1.0	0.0	0.0
-sam	0.0	0.938864628821	0.061135371179	0.0
-hag	0.0559372026636	0.140765892298	0.0336163217318	0.769680583306
-õsi	0.413664386179	0.264796935917	0.0190572260471	0.302481451856
-húm	0.0	1.0	0.0	0.0
-ham	0.0841860180173	0.0422900626812	0.011202250084	0.862321669217
-úma	0.678258145364	0.265350877193	0.0375939849624	0.0187969924812
-ájã	0.291393587379	0.648169224128	0.0345355362819	0.0259016522115
-mam	0.412941395344	0.253868296822	0.0542954143424	0.278894893492
-jug	0.100608534118	0.597351748316	0.161323989109	0.140715728456
-saú	0.0108303249097	0.906137184115	0.0613718411553	0.0216606498195
-äug	0.227827934148	0.284873428925	0.487298636927	0.0
-ubʌ	0.369535151342	0.240775346023	0.159809541908	0.229879960726
-ẽúa	0.481334392375	0.35583796664	0.0555996822875	0.107227958697
-saí	0.0	1.0	0.0	0.0
-ssi	0.246064342999	0.262380547561	0.25567175033	0.23588335911
-mab	0.592592592593	0.388888888889	0.0185185185185	0.0
-cas	0.108108108108	0.733333333333	0.0126126126126	0.145945945946
-sse	0.38854805726	0.61145194274	0.0	0.0
-uch	0.149659863946	0.81768707483	0.0326530612245	0.0
-ssu	0.409451130026	0.0622248312298	0.478426768418	0.0498972703258
-iom	0.235135135135	0.664864864865	0.0	0.1
-ĩwa	0.488394949724	0.268541619415	0.0223028653512	0.22076056551
-ĩwe	0.530346820809	0.354046242775	0.0433526011561	0.0722543352601
-ios	0.524167561762	0.383458646617	0.00644468313642	0.0859291084855
-ĩwi	0.233962818723	0.31486516276	0.0558453964288	0.395326622088
-ëma	0.72859234211	0.180931565599	0.00742283346048	0.0830532588301
-'ĩu	0.376949317739	0.183235867446	0.269980506823	0.169834307992
-'ĩr	0.0125495376486	0.70453544694	0.281594011449	0.00132100396301
-wir	0.137963981591	0.117853512956	0.106243267009	0.637939238444
-iug	0.39226519337	0.397790055249	0.132596685083	0.0773480662983
-'ĩi	0.26539360873	0.678098207327	0.0389711613406	0.0175370226033
-'ĩe	0.239001692047	0.637619853356	0.112803158488	0.0105752961083
-dʌm	0.200069990797	0.345560120799	0.0785581895714	0.375811698832
-dʌb	0.278317152104	0.449838187702	0.129449838188	0.142394822006
-dʌa	0.431492842536	0.468302658487	0.0613496932516	0.038854805726
-dʌg	0.400218102508	0.501635768811	0.0	0.0981461286805
-ʌjö	0.317583046965	0.331233295151	0.262027491409	0.0891561664758
-gpa	0.345215144953	0.436270671539	0.0644641470507	0.154050036457
-häi	0.40251572327	0.333333333333	0.125786163522	0.138364779874
-dʌr	0.656522482476	0.173932866017	0.0532854619023	0.116259189605
-gpi	0.356593109254	0.377938789009	0.098611027599	0.166857074139
-häa	0.385205232296	0.196211096076	0.357239512855	0.0613441587731
-dʌt	0.419664268585	0.273381294964	0.172661870504	0.134292565947
-chi	0.0101586536835	0.00505403108445	0.000950608436728	0.983836706795
-gbá	0.659849455613	0.228472746714	0.0356418503212	0.0760359473518
-cho	0.00891353867485	0.0113895216401	0.137169456274	0.842527483411
-cha	0.201703075779	0.177255623497	0.101557022184	0.51948427854
-ʌmʌ	0.562458249833	0.0501002004008	0.0534402137609	0.334001336005
-elo	0.0	1.0	0.0	0.0
-aén	0.0	0.990291262136	0.0	0.00970873786407
-eíg	0.290184921764	0.547652916074	0.0170697012802	0.145092460882
-úhu	0.0	0.614455184534	0.32183655536	0.0637082601055
-eíu	0.073861050391	0.775423966116	0.0570295173465	0.0936854661466
-eís	0.0	1.0	0.0	0.0
-ĩem	0.352435530086	0.647564469914	0.0	0.0
-ĩen	0.547752808989	0.0842696629214	0.255617977528	0.112359550562
-ĩeb	0.299704946149	0.257554396012	0.0514527405126	0.391287917327
-ueo	0.169843366673	0.767880732214	0.0622759011134	0.0
-ĩeg	0.710743801653	0.289256198347	0.0	0.0
-ĩep	0.761565836299	0.174377224199	0.0569395017794	0.00711743772242
-ĩes	0.179104477612	0.671641791045	0.0319829424307	0.117270788913
-ĩet	0.145980491086	0.237470568449	0.0686175580222	0.547931382442
-hum	0.284161020606	0.230668381872	0.0545907304217	0.430579867101
-huk	0.243169398907	0.237704918033	0.162112932605	0.357012750455
-hud	0.321888412017	0.56652360515	0.0	0.111587982833
-hug	0.258064516129	0.58064516129	0.161290322581	0.0
-ʌju	0.519150666361	0.293916816893	0.0619502598342	0.124982256912
-gpá	0.765432098765	0.148148148148	0.0246913580247	0.0617283950617
-pwe	0.0389380530974	0.63185840708	0.0106194690265	0.318584070796
-hut	0.302931133958	0.600593982616	0.0964748834262	0.0
-huu	0.0676180878385	0.839569584864	0.0500633919574	0.0427489353403
-pwi	0.497610105838	0.36155684534	0.0675998634346	0.0732331853875
-hur	0.410071662404	0.281635973671	0.100195018276	0.20809734565
-nco	0.0288022429864	0.0357717658968	0.0041800076207	0.931245983496
-chí	0.308539944904	0.465564738292	0.126721763085	0.099173553719
-chá	0.227571115974	0.269146608315	0.0919037199125	0.411378555799
-tum	0.392591233221	0.0743236157718	0.0238569630872	0.50922818792
-kou	0.260703097807	0.684998259659	0.00626522798468	0.0480334145493
-elí	0.0	0.951783254248	0.0321444971682	0.0160722485841
-chö	0.216762879193	0.730502728698	0.0183957181776	0.0343386739315
-lix	0.0139442231076	0.974103585657	0.0	0.0119521912351
-jem	0.198613511794	0.270642715981	0.0433634248836	0.487380347341
-lim	0.0	1.0	0.0	0.0
-lin	0.673866090713	0.306695464363	0.0	0.0194384449244
-lio	0.0574989426746	0.918885420155	0.0123212020017	0.0112944351682
-lii	0.0	0.679245283019	0.320754716981	0.0
-oma	0.109804442421	0.255231734467	0.485509006274	0.149454816839
-lia	0.0	1.0	0.0	0.0
-lib	0.0315315315315	0.968468468468	0.0	0.0
-sba	0.685687558466	0.23386342376	0.0196445275959	0.0608044901778
-gba	0.319236278885	0.148048549736	0.110484344279	0.4222308271
-pai	0.245498494348	0.28227039299	0.12078529274	0.351445819922
-dur	0.0409836065574	0.885245901639	0.0	0.0737704918034
-dut	0.810234541578	0.0324093816631	0.0810234541578	0.0763326226013
-pam	0.266256889201	0.179682602608	0.305515913261	0.24854459493
-pan	0.104826278559	0.344790646467	0.361780219882	0.188602855092
-paa	0.196219721354	0.500775321289	0.0548892230341	0.248115734323
-pab	0.345070422535	0.654929577465	0.0	0.0
-pag	0.357462328365	0.508273875242	0.0845661523546	0.0496976440378
-dub	0.374639769452	0.328170028818	0.0554755043228	0.241714697406
-nce	0.064466822514	0.276029491099	0.0215788527243	0.637924833663
-pap	0.162790697674	0.720225510923	0.00281888653981	0.114164904862
-par	0.167021368685	0.150265678913	0.0727888907776	0.609924061624
-pas	0.318181818182	0.681818181818	0.0	0.0
-pat	0.0	0.985037406484	0.0149625935162	0.0
-pau	0.115603232023	0.817862533719	0.0182969144209	0.0482373198369
-ʌjĩ	0.63829787234	0.208510638298	0.0255319148936	0.127659574468
-idʌ	0.364828614009	0.313263785395	0.028912071535	0.292995529061
-omé	0.0	0.99182131521	0.00817868478959	0.0
-die	0.315950920245	0.141104294479	0.469325153374	0.0736196319018
-dia	0.0	1.0	0.0	0.0
-jʌ̃	0.658893727245	0.115847413389	0.0712317542967	0.15402710507
-dio	0.124261699228	0.61676510677	0.258973194003	0.0
-jʌ̈	0.0	0.940476190476	0.0595238095238	0.0
-̃ʌʌ	0.0381315538608	0.837940896092	0.104861773117	0.0190657769304
-dis	0.0	0.872340425532	0.063829787234	0.063829787234
-jöo	0.418310502731	0.324400644022	0.140857505101	0.116431348147
-õba	0.636230366492	0.0586387434555	0.0423036649215	0.262827225131
-jöm	0.263032749241	0.362777694705	0.0713943656774	0.302795190376
-sli	0.0	1.0	0.0	0.0
-jöi	0.231411748596	0.646720525811	0.00821580172534	0.113651923867
-'om	0.439887837364	0.189800210305	0.0867507886435	0.283561163687
-'oo	0.327016803934	0.544354571127	0.0138250886649	0.114803536273
-'on	0.134328245314	0.598520490749	0.14947127967	0.117679984267
-öíu	0.858033362599	0.119841966637	0.0221246707638	0.0
-'od	0.0422734709265	0.815596165741	0.0212648368903	0.120865526442
-'og	0.184275184275	0.815724815725	0.0	0.0
-'op	0.152866242038	0.299363057325	0.547770700637	0.0
-'or	0.404232520761	0.260916153228	0.286632735066	0.0482185909456
-'ot	0.566382460414	0.275274056029	0.0487210718636	0.109622411693
-aiu	0.412249696335	0.353364135932	0.109131811951	0.125254355782
