-ørk	0.183872508358	0.238116783551	0.54633888847	0.0316718196214
-ivs	0.0819724623759	0.769772654499	0.11367275056	0.0345821325648
-ivt	0.329110617735	0.425362413478	0.152801358234	0.0927256105524
-ørn	0.132180358246	0.814700432366	0.0531192093885	0.0
-rby	0.700840336134	0.201680672269	0.0605042016807	0.036974789916
-øre	0.80695585774	0.0881022030113	0.022506886359	0.0824350528897
-eus	0.012182387748	0.979171500948	0.00381908187338	0.0048270294311
-ive	0.777900925743	0.131020684305	0.0446103465766	0.0464680433754
-rbe	0.0220613581523	0.977938641848	0.0	0.0
-aan	0.0	1.0	0.0	0.0
-rbi	0.518718201838	0.133571265852	0.0364492368441	0.311261295467
-ørt	0.860490871733	0.0617766417029	0.0339167134358	0.0438157731282
-uft	0.0518306131451	0.758215703573	0.181682840759	0.00827084252316
-aus	0.169157608696	0.799252717391	0.00815217391304	0.0234375
-aut	0.276843467012	0.0970245795601	0.147477360931	0.478654592497
-idé	0.339350180505	0.595667870036	0.043321299639	0.0216606498195
-rpå	0.295702576643	0.104797808269	0.0275098492053	0.571989765883
-uff	0.542372881356	0.28813559322	0.101694915254	0.0677966101695
-urv	0.0456178461024	0.947364023728	0.0070181301696	0.0
-aug	0.101001306051	0.848062690466	0.0496299521114	0.00130605137135
-aum	0.00763662397582	0.991408798027	0.0	0.000954577996977
-aul	0.00458575359217	0.994497095689	0.000917150718435	0.0
-svi	0.484615384615	0.0576923076923	0.457692307692	0.0
-ørg	0.416161616162	0.335353535354	0.167272727273	0.0812121212121
-sva	0.0320050203954	0.966112331346	0.00188264825855	0.0
-dro	0.882751673497	0.0467343241275	0.00194670558704	0.0685672967882
-ørs	0.467741935484	0.403225806452	0.0	0.129032258064
-idd	0.72587681033	0.153987087768	0.0808759378817	0.0392601640202
-ide	0.454775925654	0.378251319706	0.0521752689318	0.114797485708
-rpe	0.0893652953042	0.435661678473	0.469343716283	0.00562930994042
-ida	0.0	1.0	0.0	0.0
-ået	0.281190657816	0.674622238813	0.0241020563842	0.0200850469868
-idt	0.171116220147	0.564467695773	0.0208323558392	0.243583728241
-tlg	0.2	0.426666666667	0.24	0.133333333333
-ids	0.0175768526371	0.970366298033	0.01118526986	0.00087157946961
-åes	0.691847419596	0.188481675393	0.0624532535527	0.0572176514585
-uta	0.0	1.0	0.0	0.0
-ute	0.281206726014	0.342169469172	0.0980547312891	0.278569073525
-uti	0.696078431373	0.254901960784	0.0392156862745	0.00980392156863
-utt	0.313014732981	0.331402193359	0.0643067580978	0.291276315562
-sår	0.508894282808	0.441724189143	0.0399461289399	0.00943539910941
-ked	0.099173553719	0.867768595041	0.0330578512397	0.0
-ito	0.0236966824644	0.0284360189573	0.0	0.947867298578
-phø	0.282051282051	0.461538461538	0.179487179487	0.0769230769231
-mfa	0.0	1.0	0.0	0.0
-nus	0.0222252962604	0.963941531793	0.000553326877853	0.0132798450685
-lpe	0.553128760186	0.233266992478	0.0442525818758	0.16935166546
-off	0.0	0.868055555556	0.131944444444	0.0
-ofe	0.16742484641	0.773484031328	0.00844158889462	0.0506495333677
-lag	0.172129007153	0.724495281787	0.0498138827589	0.0535618283011
-er¬	0.573770491803	0.344262295082	0.0	0.0819672131147
-666	0.0	0.0	0.0	1.0
-add	0.445757250268	0.267454350161	0.235230934479	0.0515574650913
-ade	0.352874322298	0.278022076448	0.344714684819	0.0243889164353
-ads	0.0	1.0	0.0	0.0
-aat	0.0	1.0	0.0	0.0
-sen	0.158059640402	0.643935942172	0.0461314332308	0.151872984196
-sem	0.0	1.0	0.0	0.0
-sel	0.136586358823	0.782058502644	0.0564332632812	0.0249218752514
-sek	0.0	1.0	0.0	0.0
-oes	0.0111111111111	0.944444444444	0.0296296296296	0.0148148148148
-seg	0.136555965529	0.0183093672372	0.00364774176024	0.841486925473
-sef	0.00495527382714	0.988480597207	0.00283158504408	0.00373254392175
-lba	0.811243830913	0.11522780917	0.0566483084185	0.0168800514985
-sea	0.0431063975367	0.887102292166	0.00410537119397	0.0656859391036
-fly	0.873417721519	0.0803142732431	0.00632911392405	0.0399388913138
-sex	0.24186822352	0.549624687239	0.168473728107	0.0400333611343
-set	0.229379698856	0.67235484714	0.0711000336841	0.02716542032
-ses	0.133394594267	0.825707086755	0.0281565253651	0.0127417936125
-ser	0.554793160964	0.349145932096	0.0382730677336	0.0577878392063
-bli	0.888068411341	0.0212722390505	0.00459267579039	0.0860666738179
-aal	0.115727002967	0.860534124629	0.0178041543027	0.00593471810088
-ble	0.882324234924	0.0123342196258	0.00597649578512	0.0993650496651
-lav	0.207977207977	0.0503323836657	0.696106362773	0.045584045584
-sju	0.00273690055928	0.0110665979136	0.00362936813296	0.982567133394
-mte	0.642898643793	0.165061235723	0.146094215862	0.0459459046221
-fór	0.808867215963	0.0927078078583	0.024213889356	0.0742110868225
-veg	0.672727272727	0.290909090909	0.0363636363636	0.0
-sæd	0.101992409867	0.817362428843	0.069734345351	0.0109108159393
-sær	0.113095238095	0.16369047619	0.0535714285714	0.669642857143
-ømt	0.747565420216	0.165534691346	0.0557192944048	0.0311805940326
-ått	0.709230998381	0.0763319632947	0.0385550904002	0.175881947924
-rav	0.125473706069	0.756008929035	0.0538337745938	0.0646835903027
-rat	0.0821777417847	0.11026438752	0.0157201871074	0.791837683588
-ers	0.0748985962075	0.305489633316	0.0482468795995	0.571364890877
-ert	0.282634950662	0.207006083654	0.0866190785627	0.423739887121
-ras	0.115125661716	0.853111990543	0.0201469908002	0.011615356941
-rap	0.193702290076	0.658396946565	0.147900763359	0.0
-ran	0.094078456334	0.278936467882	0.0201294358265	0.606855639958
-rao	0.0101781170484	0.979643765903	0.00763358778627	0.00254452926208
-ral	0.0836197021764	0.724267713959	0.181312387498	0.0108001963672
-ram	0.330363366061	0.111060526093	0.0173292856366	0.541246822209
-rak	0.0773286467487	0.850404217926	0.0598945518453	0.0123725834798
-rah	0.00694444444444	0.972222222222	0.00347222222222	0.0173611111111
-åte	0.266275145335	0.455735259943	0.0565217004799	0.221467894242
-rag	0.297386750976	0.566208071926	0.0521167811095	0.0842883959888
-rad	0.37380627558	0.319236016371	0.0532060027285	0.253751705321
-erd	0.131458960645	0.62711419885	0.189704208912	0.0517226315929
-ere	0.0418085791484	0.119110167079	0.0318616033903	0.807219650382
-erg	0.261115297664	0.656744536549	0.0188394875659	0.0633006782215
-blå	0.0153846153846	0.351282051282	0.633333333333	0.0
-ugg	0.769209979507	0.1095993857	0.0020031509883	0.119187483804
-bol	0.0525854513585	0.441717791411	0.0368098159509	0.46888694128
-uge	0.549019607843	0.328976034858	0.104575163399	0.0174291938998
-bom	0.596774193548	0.145161290323	0.225806451613	0.0322580645161
-ugl	0.0627802690583	0.762331838565	0.116591928251	0.0582959641256
-aza	0.0	0.96	0.0	0.04
-ike	0.0741450206668	0.548822209683	0.196075936602	0.180956833048
-ika	0.01755526658	0.96944083225	0.0	0.0130039011704
-iko	0.050332604227	0.91607766196	0.0253742880813	0.00821544573126
-nor	0.0696257615317	0.878154917319	0.0226283724978	0.029590948651
-nos	0.0194174757282	0.980582524272	0.0	0.0
-not	0.0588957055215	0.904294478528	0.0338650306748	0.00294478527607
-iki	0.0	1.0	0.0	0.0
-ikt	0.188197575351	0.42530859844	0.11543938497	0.271054441238
-iks	0.0448504983389	0.920681063123	0.0203488372093	0.0141196013289
-nom	0.0975907180824	0.0528920305753	0.0161459137383	0.833371337604
-non	0.0	1.0	0.0	0.0
-noe	0.0620759865635	0.484910014403	0.0288258254454	0.424188173588
-¬om	0.410256410256	0.240093240093	0.048951048951	0.300699300699
-¬og	0.0846812691121	0.0817755392896	0.0255289120117	0.808014279587
-pyd	0.216186252772	0.763858093126	0.019955654102	0.0
-tog	0.228070175439	0.573099415205	0.175438596491	0.0233918128655
-vor	0.0548338260133	0.0603712495769	0.0135457419272	0.871249182483
-gle	0.530913978495	0.30017921147	0.116487455197	0.0524193548387
-gli	0.961538461538	0.0	0.0384615384615	0.0
-tol	0.19068573524	0.753575357536	0.022735606894	0.03300330033
-tom	0.253929866989	0.324365175332	0.308343409915	0.113361547763
-tok	0.86155047401	0.025204425549	0.00736452700478	0.105880573436
-ngs	0.210587446951	0.392450301541	0.112352021443	0.284610230065
-tor	0.0438010158868	0.059395166775	0.760232029974	0.136571787364
-tos	0.0128278221209	0.982326111745	0.00427594070696	0.000570125427592
-top	0.139534883721	0.22480620155	0.135658914729	0.5
-rot	0.168349365437	0.736895815288	0.0598968287645	0.0348579905105
-rov	0.228571428571	0.690683229814	0.0596273291925	0.0211180124223
-rop	0.369119050492	0.545276044009	0.0526529403376	0.0329519651613
-iel	0.0181486802854	0.962406305123	0.0181486802854	0.0012963343061
-ror	0.481973966302	0.484172267189	0.0130590995673	0.0207946669416
-ien	0.132753904474	0.684238425295	0.00988381908313	0.173123851148
-roe	0.543307086614	0.385826771653	0.0472440944882	0.0236220472441
-rog	0.88419365987	0.0480379528103	0.002450595369	0.0653177919508
-rom	0.116650624341	0.698518867739	0.134297182444	0.0505333254759
-ies	0.671504197181	0.107065647186	0.111028718263	0.110401437369
-ier	0.849355655645	0.0904978308389	0.015976099343	0.0441704141732
-iet	0.103844160616	0.680104940488	0.201609196058	0.014441702838
-rok	0.0822784810127	0.741838774151	0.0759493670886	0.0999333777482
-vse	0.358778625954	0.503816793893	0.106870229008	0.030534351145
-ært	0.740517722486	0.055314445651	0.0371531195183	0.167014712345
-ærs	0.2	0.557142857143	0.0571428571429	0.185714285714
-eft	0.0696055684455	0.795823665893	0.134570765661	0.0
-sau	0.0136967295056	0.959034327206	0.0104593207134	0.0168096225751
-nga	0.588863463005	0.184591914569	0.128146453089	0.0983981693364
-tia	0.00147275405007	0.980854197349	0.0176730486009	0.0
-’at	0.0	1.0	0.0	0.0
-ols	0.0	0.063829787234	0.63829787234	0.297872340426
-276	0.0	0.125683060109	0.0	0.874316939891
-¬av	0.189300411523	0.56378600823	0.115226337449	0.131687242798
-’al	0.0	1.0	0.0	0.0
-’an	0.0	0.962264150943	0.0377358490566	0.0
-yke	0.136118664213	0.211863164922	0.622547503134	0.0294706677304
-ærd	0.0422471910112	0.712359550562	0.206741573034	0.0386516853933
-oll	0.111100138258	0.765052444463	0.0549263490546	0.0689210682246
-mue	0.0631970260223	0.587360594796	0.267657992565	0.0817843866171
-lei	0.472131951683	0.203813845116	0.285854436201	0.0381997669998
-mug	0.689075630252	0.226890756302	0.0504201680672	0.0336134453781
-lek	0.0102040816327	0.122448979592	0.867346938776	0.0
-ois	0.00804289544236	0.991957104558	0.0	0.0
-lem	0.0275011359799	0.927684977135	0.00636982503825	0.0384440618473
-len	0.0322874072585	0.909481958731	0.0445437453812	0.0136868886291
-mum	0.0	1.0	0.0	0.0
-lea	0.00252080219511	0.98371517166	0.00435005688536	0.0094139692596
-yte	0.666297125274	0.213506595918	0.0721092487672	0.0480870300403
-led	0.575488182556	0.232334702179	0.11881286484	0.0733642504249
-leg	0.162337662338	0.790352504638	0.00556586270872	0.0417439703154
-fse	0.758941012541	0.180213655365	0.00789595912679	0.0529493729679
-mus	0.013689159292	0.971377212389	0.00995575221239	0.0049778761062
-mur	0.0582361175921	0.89360709286	0.0414372375175	0.00671955202986
-lep	0.267857142857	0.482142857143	0.107142857143	0.142857142857
-ler	0.257408418693	0.272417842738	0.0239509652597	0.44622277331
-les	0.574001229016	0.173641010435	0.0788326597663	0.173525100783
-let	0.302697043381	0.588856622778	0.0321336213527	0.0763127124878
-lev	0.900795231635	0.0274155373555	0.00868231044372	0.0631069205662
-spå	0.194376098418	0.786643233743	0.00632688927945	0.0126537785589
-ykk	0.480576673466	0.383599109957	0.0941034674578	0.0417207491192
-120	0.03125	0.1875	0.0	0.78125
-tla	0.786561264822	0.118577075099	0.0513833992095	0.0434782608696
-lst	0.784510224063	0.116178335259	0.0197820364664	0.0795294042116
-pel	0.0787975772746	0.877576690898	0.0210054076974	0.0226203241305
-pen	0.0995225704229	0.804374300126	0.0584737358531	0.0376293935985
-mga	0.223433242507	0.155313351499	0.0653950953678	0.555858310627
-rpt	0.188657214345	0.0730608840701	0.528440366973	0.209841534612
-pet	0.286115243474	0.61359976209	0.0494131031633	0.0508718912726
-per	0.544956009291	0.358869040297	0.0299845291873	0.0661904212247
-lse	0.2636324537	0.635298130783	0.0635412774767	0.0375281380405
-lsk	0.274631531622	0.446044001817	0.228112125697	0.0512123408639
-oge	0.029428409734	0.943406904358	0.0192416525184	0.00792303338992
-ogd	0.916418798334	0.0606781677573	0.00773349196906	0.0151695419393
-ogg	0.804880314619	0.0841978137677	0.00501656705787	0.105905304555
-ølv	0.00545131845841	0.917342799189	0.0680780933063	0.00912778904665
-ølt	0.748976009362	0.0637799882972	0.140433001755	0.0468110005851
-ess	0.195978799855	0.536415319775	0.0903763419683	0.177229538402
-itt	0.365289626513	0.0519245856382	0.0416572325775	0.541128555272
-itu	0.15306122449	0.438775510204	0.0918367346939	0.316326530612
-ter	0.265870981183	0.436079610856	0.0337387471096	0.264310660851
-esu	0.00508184601889	0.956359794698	0.00774657270164	0.0308117865813
-est	0.239798337673	0.489892279751	0.199360746526	0.0709486360505
-ølg	0.906004828002	0.0404345202173	0.0036210018105	0.0499396499698
-mme	0.456751920165	0.171227071507	0.207723816726	0.164297191601
-øle	0.502728926622	0.274105518496	0.0727713765918	0.15039417829
-rie	0.0653394304409	0.300412670087	0.610547252584	0.0237006468882
-øla	0.194697597349	0.805302402651	0.0	0.0
-esa	0.0	1.0	0.0	0.0
-ite	0.5136496439	0.0712970629596	0.306350799726	0.108702493414
-ese	0.844115354638	0.0697583787996	0.00896336710833	0.0771628994544
-ita	0.0	1.0	0.0	0.0
-uds	0.00453548089293	0.770193244079	0.010854859374	0.214416415654
-fag	0.0574162679426	0.942583732057	0.0	0.0
-udt	0.711848512173	0.153904418395	0.109287646528	0.0249594229035
-gru	0.116343490305	0.460526315789	0.32756232687	0.095567867036
-far	0.0231569385385	0.970774370328	0.00099362310773	0.00507506802594
-fas	0.0092612601488	0.968048652487	0.0106504491711	0.0120396381934
-uda	0.00395908940943	0.992081821181	0.00197954470472	0.00197954470472
-fat	0.0603994927077	0.883481293595	0.034717818643	0.0214013950539
-spy	0.301168714414	0.698831285586	0.0	0.0
-gry	0.109489051095	0.523114355231	0.138686131387	0.228710462287
-fyr	0.454314720812	0.302030456853	0.0609137055838	0.182741116751
-es'	0.372591006424	0.584582441114	0.0428265524625	0.0
-es’	0.0449639096749	0.869280180121	0.0403284550692	0.0454274551354
-mgå	0.507936507937	0.377777777778	0.0547619047619	0.0595238095238
-ael	0.00407696046916	0.991728474433	0.00329292960971	0.000901635488373
-aen	0.0	0.988679245283	0.0	0.011320754717
-rir	0.717120181406	0.178713151927	0.0637755102041	0.0403911564626
-øbe	0.136585365854	0.863414634146	0.0	0.0
-ris	0.207673013981	0.696892328111	0.0488701931188	0.0465644647898
-vns	0.0983871353485	0.840957968383	0.0363156703773	0.0243392258912
-kre	0.32417281531	0.174904888171	0.451925293982	0.0489970025363
-tne	0.312280326416	0.488026834561	0.163532656866	0.0361601821572
-vnt	0.477377966429	0.257814007332	0.163997684739	0.100810341501
-teg	0.802507267442	0.038214631783	0.00763081395349	0.151647286822
-vne	0.422542098546	0.323570784726	0.146307829979	0.107579286749
-eas	0.00506489395378	0.985042735043	0.00261158594492	0.00728078505855
-rnt	0.0610820244328	0.762458793872	0.115377157262	0.0610820244328
-rns	0.109594353525	0.789885984643	0.0725975335453	0.0279221282867
-rds	0.312063542833	0.616877232262	0.0156724772109	0.0553867476944
-rne	0.116073011198	0.770298777166	0.0561053343546	0.0575228772815
-rna	0.0413526124186	0.929092960057	0.012151976619	0.017402450905
-rno	0.149253731343	0.701492537313	0.149253731343	0.0
-eam	0.0180806675939	0.966620305981	0.00556328233657	0.00973574408901
-eal	0.233104006475	0.726831242412	0.0	0.0400647511129
-rni	0.0	1.0	0.0	0.0
-uro	0.260946327684	0.468926553672	0.234110169492	0.0360169491525
-ure	0.615673392773	0.203190990145	0.0685124354763	0.112623181605
-urr	0.699519230769	0.25	0.0192307692308	0.03125
-urs	0.540192926045	0.33922829582	0.0868167202572	0.0337620578778
-urt	0.354256279539	0.481121554883	0.123201104562	0.0414210610164
-nnå	0.0789540123209	0.0359322765555	0.0153568407524	0.869756870371
-åls	0.866666666667	0.0333333333333	0.0333333333333	0.0666666666667
-lån	0.620062946607	0.312985471428	0.0334757909825	0.0334757909825
-kré	0.21875	0.34375	0.21875	0.21875
-lår	0.708310042618	0.189134063522	0.0260843154359	0.0764715784241
-lås	0.568181818182	0.204545454545	0.136363636364	0.0909090909091
-arv	0.206238007222	0.723958359564	0.0211526161253	0.0486510170883
-rnæ	0.00914634146341	0.990853658537	0.0	0.0
-ipt	0.885714285714	0.0380952380952	0.0761904761905	0.0
-a'l	0.0	1.0	0.0	0.0
-nns	0.0825443411268	0.780446162746	0.0798634138082	0.0571460823186
-nnu	0.0819467229123	0.0224201234279	0.0517928286853	0.843840324975
-nni	0.0224047796863	0.469753547423	0.0448095593727	0.463032113518
-kle	0.581407723928	0.285012543478	0.0874598442615	0.0461198883329
-nna	0.16678276712	0.648517039974	0.0352320222913	0.149468170614
-nne	0.210000686353	0.162179571273	0.066813292761	0.561006449613
--fe	0.168490153173	0.678336980306	0.153172866521	0.0
-260	0.0422535211267	0.123943661972	0.0	0.833802816901
-ygt	0.242329149233	0.359483960948	0.283124128312	0.115062761506
-jem	0.136462114061	0.708874995358	0.0125884333279	0.142074457253
-ygg	0.342759211654	0.45501285347	0.148814624393	0.0534133104827
-yge	0.751515151515	0.10303030303	0.0969696969697	0.0484848484848
-ygd	0.690531493373	0.239786856128	0.0352507173111	0.0344309331876
-vre	0.138535031847	0.426751592357	0.358280254777	0.0764331210191
-åkn	0.504695794202	0.340138832176	0.0881992650061	0.0669661086157
-mrå	0.821428571429	0.107142857143	0.0	0.0714285714285
-000	0.0409804376401	0.0928632181242	0.000927858965438	0.86522848527
-frø	0.0161316951694	0.895023595614	0.0715091561988	0.0173355530179
-aja	0.0111021396851	0.985264432782	0.0	0.00363342753331
-fru	0.0234680573663	0.188396349413	0.784224250326	0.00391134289439
-mre	0.452763709842	0.360356558216	0.141894311439	0.0449854205034
-æle	0.665777777778	0.218222222222	0.028	0.088
-lde	0.402323779263	0.200559706194	0.0398767351174	0.357239779426
-fre	0.589035080312	0.371104768017	0.0079382505447	0.0319219011265
-fra	0.0256127989129	0.0226687283184	0.00454993517918	0.94716853759
-lds	0.322357019064	0.563258232236	0.0935875216638	0.0207972270364
-fri	0.378947324585	0.168299803024	0.388517101082	0.0642357713082
-ldt	0.730220774431	0.094411482934	0.0462375121299	0.129130230505
-usk	0.690159804531	0.190899524593	0.0308518193912	0.0880888514857
-usi	0.125603864734	0.671497584541	0.183574879227	0.0193236714976
-usa	0.0128205128205	0.987179487179	0.0	0.0
-use	0.691929353901	0.166778448469	0.0956852224457	0.0456069751844
-uss	0.185471406492	0.681607418856	0.0896445131376	0.0432766615146
-tså	0.162447446355	0.0786891119484	0.0312662699368	0.72759717176
-høy	0.0474775297188	0.0569367932734	0.830639315744	0.0649463612641
-epe	0.861878818625	0.122945938196	0.000661711185125	0.0145135319937
-hør	0.795440467705	0.15426948116	0.00966816486919	0.0406218862649
-høi	0.0507671907558	0.0238681568479	0.856222769464	0.0691418829324
-erv	0.0804490177736	0.400374181478	0.479887745557	0.0392890551918
-kså	0.309446254072	0.358306188925	0.0781758957655	0.254071661238
-loï	0.0	0.979899497487	0.0100502512563	0.0100502512563
-ius	0.0154550373471	0.977585531349	0.00373781788555	0.00322161341883
-års	0.045240219192	0.891041162228	0.0560723843507	0.00764623422963
-årt	0.0406652543405	0.0495261131538	0.0122293379653	0.89757929454
-ium	0.026597582038	0.781400292281	0.189291882556	0.00271024312475
-årn	0.0256999556111	0.961232270349	0.0130677740395	0.0
-ule	0.0998267599613	0.791954462618	0.100119243144	0.00809953427678
-ård	0.0468785553234	0.872396210413	0.0676933578802	0.0130318763833
-åre	0.0709582742921	0.0861303786478	0.0268080731489	0.816103273911
-pør	0.8249115266	0.124231161704	0.0094894109288	0.0413679007678
-mår	0.305307656177	0.154532644434	0.201972757163	0.338186942226
-uet	0.757908570356	0.162489439594	0.0255327137895	0.0540692762602
-ues	0.191176470588	0.0441176470588	0.764705882353	0.0
-uer	0.0795661223352	0.876211003503	0.0292092960115	0.0150135781499
-uel	0.00298507462686	0.987064676617	0.00597014925373	0.00398009950248
-us’	0.0790151732035	0.90924706556	0.0077297452047	0.00400801603207
-uen	0.199664484721	0.644584059735	0.136508667478	0.0192427880662
-pøk	0.138248847926	0.506912442396	0.271889400922	0.0829493087558
-mål	0.232364555362	0.635839519823	0.0628020849787	0.0689938398357
-rmé	0.064935064935	0.910714285714	0.0194805194805	0.00487012987013
-tsi	0.739709214502	0.0771336858006	0.155777945619	0.0273791540785
-tsa	0.666015625	0.161458333333	0.0494791666667	0.123046875
-tse	0.517021276596	0.285106382979	0.159574468085	0.0382978723404
-tal	0.632716554773	0.219747830359	0.0553463238906	0.0921892909776
-tam	0.0	1.0	0.0	0.0
-tan	0.0603526562737	0.932325563796	0.00567579839564	0.00164598153474
-kse	0.532775706882	0.389467224293	0.0373897627057	0.0403673061187
-tak	0.401286965388	0.412433291172	0.0433156511856	0.142964092255
-tad	0.047646717025	0.944605849312	0.00542320356382	0.00232423009878
-gne	0.265834963946	0.181765602534	0.463211208528	0.0891882249921
-kst	0.599164926931	0.320250521921	0.0388308977035	0.0417536534447
-tat	0.0962508221881	0.766060074545	0.0394650295988	0.098224073668
-tau	0.245425188375	0.712594187298	0.0193756727664	0.0226049515608
-tav	0.0814061378477	0.888070937133	0.0207454351289	0.00977748988989
-pas	0.0251079956329	0.885799116637	0.0890928877298	0.0
-tap	0.258532248136	0.614253471035	0.0820737295671	0.0451405512619
-gns	0.134615384615	0.817307692308	0.0384615384615	0.00961538461537
-tar	0.68843166947	0.108260946898	0.0322501566584	0.171057226973
-tas	0.611010267794	0.292544641393	0.028129818154	0.0683152726597
-øyk	0.0546249089585	0.916241806264	0.0291332847779	0.0
-rmt	0.205584108904	0.370745936936	0.42366995416	0.0
-ent	0.470257893753	0.142005030635	0.263554501596	0.124182574016
-øya	0.0605586592178	0.915754189944	0.00491620111732	0.0187709497207
-øyd	0.559664630212	0.162500559851	0.22783665024	0.0499981596967
-øye	0.267420964931	0.44427120159	0.1448904234	0.14341741008
-ens	0.0857805928709	0.624664443488	0.0508787667693	0.238676196872
-fir	0.0	1.0	0.0	0.0
-enn	0.0369107300861	0.363520526091	0.034887241791	0.564681502032
-eni	0.0720524017467	0.384279475983	0.0262008733624	0.517467248908
-rme	0.210871985472	0.408531512396	0.325873885488	0.0547226166436
-end	0.568699844647	0.395616209501	0.00892098646313	0.0267629593894
-ene	0.0800008585308	0.804286774136	0.0483321727161	0.0673801946175
-eng	0.10774255126	0.595741176772	0.245385903054	0.0511303689142
-øyt	0.174505337768	0.154202172948	0.404680643589	0.266611845696
-ena	0.00292911540715	0.996680335872	0.000390548720952	0.0
-het	0.103226738223	0.696548926419	0.0990375622011	0.101186773157
-hev	0.8	0.05	0.1	0.05
-her	0.109707354807	0.0742451936318	0.0144826886406	0.80156476292
-hel	0.156783550578	0.404809987149	0.299614466679	0.138791995594
-hem	0.00795135640786	0.986903648269	0.000467726847521	0.00467726847521
-hen	0.776071334151	0.0686663301848	0.0317254308169	0.123536904848
-nst	0.202826624405	0.422985417849	0.237234712473	0.136953245273
-nsk	0.128955746918	0.7646317229	0.0591892989166	0.0472232312656
-nse	0.515066507413	0.347193610662	0.111911571135	0.0258283107891
-pur	0.0403492213308	0.0335063709297	0.917649834828	0.00849457291175
-pus	0.00377714825308	0.996222851747	0.0	0.0
-dså	0.40243902439	0.341463414634	0.256097560976	0.0
-æst	0.188481675393	0.502617801047	0.30890052356	0.0
-dea	0.00109986423551	0.991458866796	0.00697726374401	0.000464005224355
-lgt	0.86503725516	0.0705203804719	0.0231153308521	0.041327033516
-mse	0.495112525574	0.275744487384	0.114571493521	0.114571493521
-deg	0.0239068165417	0.0139502572352	0.000864237029912	0.961278689193
-okt	0.374273209175	0.342583203912	0.0931832475517	0.189960339362
-msi	0.369369369369	0.18018018018	0.36036036036	0.0900900900901
-dek	0.0682730923695	0.916508137814	0.00634115409005	0.00887761572606
-del	0.259785639067	0.531231631818	0.0880172325252	0.120965496589
-dem	0.00595972651932	0.0541697615524	0.000530029652418	0.939340482276
-den	0.0277005091736	0.356801020409	0.011174282449	0.604324187968
-kin	0.0	1.0	0.0	0.0
-ios	0.0269271383316	0.957233368532	0.012671594509	0.00316789862724
-der	0.185251432765	0.339332562215	0.0298373195217	0.445578685498
-des	0.167274105204	0.407631576859	0.102584994917	0.32250932302
-det	0.0848611444152	0.148223684491	0.0111685348734	0.75574663622
-nad	0.341463414634	0.577235772358	0.0650406504065	0.0162601626016
-okk	0.185485597607	0.729531158795	0.036591384933	0.0483918586648
-mst	0.279395023581	0.389331598634	0.121320539925	0.20995283786
-oke	0.0286466128463	0.105950471561	0.841384794778	0.0240181208144
-lgi	0.886953114157	0.0450571071688	0.0477104066488	0.0202793720252
-bit	0.25	0.721428571429	0.0	0.0285714285714
-eså	0.0872194441215	0.176958561073	0.196922122727	0.538899872078
-me'	0.0	1.0	0.0	0.0
-bie	0.942307692308	0.0192307692307	0.0	0.0384615384615
-bia	0.0	0.970914127424	0.0145429362881	0.0145429362881
-nså	0.566655330726	0.182111885734	0.0905458255399	0.160686958
-100	0.00296296296297	0.00444444444445	0.0259259259259	0.966666666667
-åge	0.66408839779	0.148066298343	0.0397790055249	0.148066298343
-met	0.60563082749	0.278893985513	0.021069462024	0.0944057249729
-pga	0.88961038961	0.038961038961	0.0	0.0714285714286
-mes	0.536714233371	0.332518223283	0.0724571396135	0.0583104037325
-mer	0.486969959295	0.186451066863	0.0919144114566	0.234664562386
-lup	0.0447133087848	0.93424513414	0.013150973172	0.0078905839032
-lur	0.360215053763	0.559139784946	0.0806451612903	0.0
-lus	0.00937487718697	0.965712387057	0.00107182284912	0.0238409129072
-lut	0.0491803278688	0.229508196721	0.0	0.72131147541
-jia	0.0	1.0	0.0	0.0
-med	0.028590036159	0.0149001459644	0.00530000931833	0.951209808558
-meg	0.00654964934094	0.00569722326314	0.00075791506356	0.986995212332
-luk	0.918918918919	0.0540540540541	0.027027027027	0.0
-mea	0.0	1.0	0.0	0.0
-mel	0.0451153850048	0.637244647621	0.263916359484	0.0537236078908
-ydd	0.662369151087	0.232175059038	0.0846316085831	0.0208241812917
-men	0.0331146939432	0.0707288815573	0.0130521722823	0.883104252217
-mei	0.0	1.0	0.0	0.0
-lue	0.163222642116	0.764412639704	0.0675404036343	0.0048243145453
-mek	0.0	1.0	0.0	0.0
-ønt	0.21636989376	0.202154720934	0.210085291037	0.371390094269
-gir	0.687319892843	0.0790915439192	0.0363099013578	0.19727866188
-ønn	0.0566014519608	0.914385090959	0.00778702904427	0.0212264280363
-øne	0.0176036651734	0.982396334827	0.0	0.0
-dyp	0.0670454627289	0.28581459157	0.496539705173	0.150600240528
-åse	0.778307174888	0.204035874439	0.0109304932735	0.00672645739911
-ube	0.0	0.730158730159	0.142857142857	0.126984126984
-brå	0.0541353383458	0.121804511278	0.603007518797	0.221052631579
-nda	0.0921807755558	0.0430364426207	0.076399246806	0.788383535017
-akk	0.47412287319	0.421451937766	0.0450854374714	0.0593397515722
-nde	0.297888950538	0.333031575002	0.274522383412	0.0945570910474
-ake	0.368368695106	0.0986445153143	0.098625777079	0.434361012501
-aka	0.0761904761905	0.695238095238	0.209523809524	0.0190476190476
-ynk	0.247027741083	0.57463672391	0.16644649934	0.0118890356671
-ees	0.876923076923	0.1	0.00769230769231	0.0153846153846
-akt	0.183998575018	0.714053118588	0.0601348792107	0.0418134271826
-aks	0.0685192887916	0.146167493194	0.00716635636211	0.778146861653
-yll	0.293902385256	0.630704113575	0.0502623341122	0.0251311670561
-gom	0.0753623188406	0.882125603865	0.0	0.0425120772947
-gol	0.756588268631	0.236610937943	0.0	0.0068007934259
-gon	0.0	1.0	0.0	0.0
-håp	0.149666903823	0.831931957829	0.00937843606494	0.00902270228317
-god	0.0416589544938	0.0739575345726	0.823369205955	0.061014304979
-hår	0.0118938700823	0.972095150961	0.0132662397072	0.00274473924978
-hån	0.313481914505	0.576178297406	0.0803799780782	0.029959810011
-vla	0.897703549061	0.0772442588726	0.0	0.0250521920668
-gos	0.00978792822186	0.951060358891	0.0326264274062	0.00652528548123
-vle	0.105324751317	0.840257460503	0.0175541252194	0.0368636629608
-eos	0.0672823218997	0.916886543536	0.0158311345646	0.0
-eon	0.0182153090462	0.976258698322	0.00429799426934	0.00122799836267
-eol	0.0	0.855384615385	0.129230769231	0.0153846153846
-rle	0.0372792674951	0.915631131459	0.0255068672335	0.0215827338129
-yng	0.40864773209	0.571004662993	0.00508690122934	0.015260703688
-rla	0.311355311355	0.457875457875	0.0989010989011	0.131868131868
-ups	0.208992426421	0.510114083022	0.0143802128272	0.26651327773
-mod	0.103365835365	0.729983123945	0.113210200638	0.0534408400525
-upe	0.044734389562	0.876980428705	0.044734389562	0.0335507921715
-jær	0.288886630418	0.538340362823	0.12983383302	0.0429391737385
-oas	0.0256653992395	0.97433460076	0.0	0.0
-bes	0.616438356164	0.219178082192	0.143835616438	0.0205479452055
-dåd	0.157894736842	0.771929824561	0.0701754385965	0.0
-dåp	0.168752724329	0.803225605579	0.0186811133944	0.00934055669717
-pte	0.804737770178	0.0862195795658	0.038831053797	0.070211596459
-pta	0.161907177276	0.829571392341	0.00852143038295	0.0
-tre	0.0771545173736	0.351628878739	0.0459198557433	0.525296748144
-tra	0.0445030754804	0.77875613904	0.0910723651795	0.0856684202997
-tro	0.321665771467	0.594970262909	0.0557300926387	0.0276338729855
-gal	0.140679953107	0.55996619319	0.292810600071	0.00654325363287
-gai	0.0	1.0	0.0	0.0
-tru	0.0276856194943	0.956126301339	0.013442397895	0.00274568127217
-gav	0.843687676457	0.0263076211063	0.00457232923001	0.125432373206
-gar	0.0920119956379	0.882429116685	0.0163576881134	0.00920119956379
-gap	0.00674536256324	0.912310286678	0.0809443507589	0.0
-ma-	0.0	0.950354609929	0.0496453900709	0.0
-ini	0.0270790280054	0.0322810518064	0.0712606000142	0.869379320174
-inn	0.320990771693	0.114917702996	0.0182333179072	0.545858207404
-ina	0.17097415507	0.679920477137	0.0894632206759	0.0596421471173
-ind	0.114305124849	0.267941442177	0.599669827356	0.0180836056183
-ine	0.0368777396329	0.0836159920277	0.035354568691	0.844151699648
-ing	0.201161836659	0.557491865633	0.0517065868857	0.189639710822
-ins	0.0203442879499	0.950704225352	0.00312989045384	0.0258215962441
-int	0.102965880785	0.477726930429	0.369084168453	0.0502230203325
-kne	0.342019097604	0.329881808732	0.222227887669	0.105871205994
-rkt	0.186011121814	0.18492646166	0.512137670895	0.116924745631
-dru	0.0848816029143	0.0976320582878	0.772677595628	0.0448087431694
-mby	0.125322521194	0.803907113896	0.0176925912274	0.0530777736823
-yes	0.625515558061	0.217343554587	0.11142101711	0.0457198702426
-yer	0.231305129785	0.707767932021	0.0304382091724	0.0304887290216
-yet	0.438155558993	0.455689131343	0.0648298760475	0.0413254336172
-dre	0.0652394984377	0.41484831258	0.222779614073	0.29713257491
-dra	0.799035950551	0.114072750436	0.0113336476973	0.0755576513152
-yen	0.0204738194302	0.922256578931	0.00581032570665	0.0514592759324
-lta	0.121128945641	0.745211528134	0.0513157109613	0.0823438152634
-ust	0.351357517682	0.364911305042	0.135502224504	0.148228952772
-dri	0.0525876885091	0.065360799787	0.0136234901116	0.868428021592
-trø	0.811688311688	0.11038961039	0.038961038961	0.038961038961
-lte	0.808176766255	0.113442088731	0.041258977612	0.0371221674018
-åne	0.450767325464	0.414441332429	0.105325327786	0.029466014321
-nry	0.28125	0.625	0.0625	0.03125
-elg	0.729511382955	0.17770149072	0.0703818359786	0.0224052903461
-¬på	0.454545454546	0.30303030303	0.161616161616	0.0808080808081
-'ns	0.0	1.0	0.0	0.0
-iøs	0.0645161290323	0.758064516129	0.177419354839	0.0
-aha	0.663793103448	0.155172413793	0.129310344828	0.051724137931
-ept	0.898510067951	0.0855931675083	0.00504956050122	0.0108472040396
-vøs	0.796610169492	0.101694915254	0.101694915254	0.0
-ahs	0.0202519140528	0.950111138553	0.0192640158064	0.010372931588
-sas	0.020964360587	0.979035639413	0.0	0.0
-sar	0.0	1.0	0.0	0.0
-dda	0.0	1.0	0.0	0.0
-ykt	0.178337016033	0.549369102127	0.23370562728	0.0385882545605
-yks	0.0	0.863247863248	0.136752136752	0.0
-dde	0.826149496895	0.0481152133469	0.0315314947084	0.0942037950497
-ddi	0.0	1.0	0.0	0.0
-mpe	0.319320415996	0.597914568996	0.0495184270297	0.0332465879782
-olt	0.508665585247	0.342525399129	0.113719798514	0.0350892171092
-olv	0.00225754051091	0.0442572004327	0.00086828481189	0.952616974245
-lfa	0.0115891641316	0.958472161862	0.0299386740065	0.0
-oli	0.0435483870968	0.937096774194	0.0193548387097	0.0
-ære	0.618719605861	0.217962016487	0.0364910350076	0.126827342644
-olk	0.0344768817324	0.838242500096	0.0258321780458	0.101448440125
-sag	0.326086956522	0.54347826087	0.0434782608696	0.0869565217391
-sad	0.0	1.0	0.0	0.0
-sak	0.1892924026	0.691652692607	0.0425953806044	0.0764595241884
-sai	0.0	1.0	0.0	0.0
-old	0.425551177756	0.355745682828	0.0883703883472	0.130332751069
-ole	0.176022369801	0.711569381335	0.0935337294652	0.0188745193988
-sam	0.0	1.0	0.0	0.0
-sal	0.0128276631344	0.578918014501	0.374790853318	0.0334634690463
-ssæ	0.0	1.0	0.0	0.0
-ham	0.00436588544867	0.1047100683	0.000679767912275	0.890244278339
-åpe	0.560415122313	0.388435878428	0.00889547813195	0.0422535211268
-mak	0.339805825243	0.379719525351	0.17907227616	0.101402373247
-åps	0.263440860215	0.704301075269	0.0215053763441	0.010752688172
-us'	0.20202020202	0.737373737374	0.0454545454545	0.0151515151515
-jue	0.0238805970149	0.0407960199005	0.0	0.935323383085
-øit	0.146153846154	0.0711538461538	0.592307692308	0.190384615385
-øid	0.19512195122	0.0365853658537	0.768292682927	0.0
-øie	0.200049542226	0.570307787999	0.159684516251	0.0699581535241
-ffa	0.00504413619168	0.988650693569	0.0031525851198	0.0031525851198
-sse	0.08104544633	0.117282148476	0.0368235454831	0.764848859711
-ffe	0.691921812835	0.221069019201	0.0367583463069	0.0502508216572
-sst	0.26248	0.2676	0.11728	0.35264
-ryt	0.461320633286	0.420474535547	0.0800188784485	0.038185952718
-ryr	0.534429496761	0.318485301445	0.120777279522	0.026307922272
-ion	0.0504177841964	0.907159067464	0.0185681865071	0.0238549618321
-ryp	0.15	0.478571428571	0.292857142857	0.0785714285714
-ryg	0.333333333333	0.296296296296	0.0	0.37037037037
-ryd	0.259803921569	0.549632352941	0.166053921569	0.0245098039216
-ryn	0.123376623377	0.707792207792	0.137662337662	0.0311688311688
-iot	0.0026364465722	0.985311226241	0.011299056738	0.0007532704492
-får	0.453587952544	0.14742123565	0.0189685693413	0.380022242465
-iud	0.0	1.0	0.0	0.0
-¬se	0.217391304348	0.369565217391	0.0217391304348	0.391304347826
--en	0.0280373831776	0.224299065421	0.11214953271	0.635514018692
-ånt	0.599415204678	0.301169590643	0.0526315789474	0.046783625731
-els	0.108980194303	0.827215733469	0.0154547184464	0.0483493537819
-elp	0.505414119143	0.350136533639	0.0256714254901	0.118777921728
-elv	0.0893655013759	0.163954739526	0.0839927197894	0.662687039309
-elt	0.198307563477	0.204758459161	0.137300302543	0.459633674819
-elk	0.0611710484969	0.909325791697	0.0295031598059	0.0
-ånn	0.296875	0.265625	0.0625	0.375
-eli	0.0167714884696	0.960167714885	0.0020964360587	0.020964360587
-ell	0.165883220076	0.680170492426	0.108483985991	0.045462301507
-elm	0.0215311004785	0.952153110048	0.0	0.0263157894737
-ånd	0.0328275548246	0.924081806562	0.0137698424253	0.0293207961884
-rka	0.510638297872	0.404255319149	0.0425531914894	0.0425531914894
-ela	0.78334184977	0.0996423096576	0.0393459376597	0.0776699029126
-rke	0.260551004018	0.448175484469	0.252937329202	0.0383361823113
-eld	0.230955048685	0.698878253755	0.0340502701943	0.0361164273663
-ele	0.0891018671489	0.0690319974936	0.302582242603	0.539283892755
-unt	0.446034404019	0.363677880956	0.0274014309636	0.162886284061
-¬så	0.697674418605	0.162790697674	0.0	0.139534883721
-hum	0.0	1.0	0.0	0.0
-hun	0.00970902812554	0.0540611242741	0.00174897042446	0.934480877176
-lær	0.190348446687	0.75495032709	0.037359211085	0.0173420151373
-¬en	0.2625	0.40546875	0.1125	0.21953125
-hud	0.268452380952	0.542857142857	0.181547619048	0.00714285714286
-læg	0.510373443983	0.390041493776	0.0	0.0995850622407
-¬er	0.350052747674	0.267286851443	0.112208688981	0.270451711902
-¬et	0.14465408805	0.622641509434	0.194968553459	0.0377358490566
-hus	0.0117922056752	0.979402209983	0.00113526541923	0.00767031892226
-var	0.910261720775	0.018188287087	0.00240418872789	0.0691458034098
-vas	0.0	0.981651376147	0.0	0.0183486238532
-kog	0.217176702863	0.685093780849	0.0533070088845	0.0444225074037
-vat	0.375	0.441326530612	0.030612244898	0.15306122449
-kob	0.00155436579408	0.996003059387	0.00125829611902	0.00118427870025
-kom	0.91149838258	0.0199679215342	0.00314817892908	0.0653855169563
-kon	0.0645161290323	0.896774193548	0.0387096774194	0.0
-tum	0.258015679913	0.102243849689	0.580697485807	0.0590429845904
-tup	0.14950166113	0.714285714286	0.0863787375415	0.0498338870432
-tur	0.116932032186	0.773971790921	0.0686657974793	0.0404303794134
-tus	0.00653545109018	0.973078210899	0.00749233189165	0.0128940061196
-kos	0.0714853057982	0.926926131851	0.00158856235107	0.0
-elí	0.0	0.950980392157	0.00980392156863	0.0392156862745
-vak	0.0515293270961	0.101907160849	0.809787693415	0.0367758186398
-elå	0.078431372549	0.921568627451	0.0	0.0
-jef	0.0851063829787	0.563829787234	0.351063829787	0.0
-jeg	0.0396909636536	0.0178981610161	0.000933542413004	0.941477332917
-jed	0.515416666667	0.40625	0.0154166666667	0.0629166666667
-sby	0.0476058677	0.905341821201	0.0199280376418	0.027124273457
-lit	0.268721866048	0.527258673214	0.151775564952	0.052243895785
-jøp	0.759934525309	0.162326869806	0.0174515235457	0.0602870813397
-liv	0.0865997478568	0.85489771696	0.0253471679911	0.0331553671922
-jør	0.834678739404	0.0700848251766	0.0123186822067	0.0829177532128
-jen	0.159075497091	0.0983971565779	0.0257625772869	0.716764769045
-jøt	0.803690868681	0.168290550576	0.0235945943099	0.00442398643311
-jel	0.343820122618	0.60816594898	0.0236728122091	0.0243411161924
-jøv	0.863442389758	0.0512091038407	0.0512091038407	0.0341394025604
-jer	0.482754100485	0.320923973219	0.0521310889246	0.144190837372
-lim	0.0	0.969811320755	0.0301886792453	0.0
-lin	0.0148598446471	0.86682427108	0.118315884273	0.0
-lio	0.0	1.0	0.0	0.0
-omo	0.0	0.997483856105	0.0	0.00251614389511
-jet	0.827012025902	0.0980573543015	0.0305272895467	0.0444033302498
-jøn	0.603174603175	0.309523809524	0.031746031746	0.0555555555555
-lid	0.384105044921	0.412992398065	0.118313752592	0.0845888044229
-lie	0.0501587818582	0.849442227832	0.0348505822001	0.0655484081101
-oma	0.0153030652224	0.977460244296	0.000184374279787	0.00705231620189
-lig	0.189931387402	0.211093280014	0.316576382486	0.282398950098
-jød	0.0354728360122	0.814460175829	0.0907428928846	0.0593240952737
-ome	0.0	0.99590443686	0.00409556313993	0.0
-slå	0.839825659106	0.104357229513	0.0127865558499	0.0430305555312
-røp	0.14301191766	0.619718309859	0.229685807151	0.00758396533043
-røs	0.230769230769	0.192307692308	0.333333333333	0.24358974359
-rør	0.28886475255	0.659047978844	0.0251227805062	0.0269644880997
-røt	0.832001709037	0.077632984405	0.016364024781	0.0740012817774
-røv	0.565839694657	0.395038167939	0.0171755725191	0.0219465648855
-røa	0.00378947368421	0.953263157895	0.00884210526315	0.0341052631579
-rød	0.0128791656729	0.890331952906	0.0859478328744	0.0108410485462
-røk	0.139566092597	0.849698054127	0.0107358532767	0.0
-røm	0.0425938413126	0.915374241403	0.028770510227	0.0132614070578
-byd	0.534769833497	0.400587659158	0.0176297747306	0.0470127326151
-dus	0.0257142857143	0.951428571429	0.00571428571429	0.0171428571429
-bya	0.0843989769821	0.854219948849	0.0613810741688	0.0
-byr	0.684227874968	0.207659345253	0.0571737522511	0.0509390275276
-due	0.981096408318	0.0189035916824	0.0	0.0
-par	0.0538165842943	0.765513454146	0.0373421197144	0.143327841845
-duk	0.0258519388954	0.935957696827	0.0334900117509	0.00470035252644
-dum	0.147969052224	0.153288201161	0.0971953578337	0.601547388781
-slu	0.138888888889	0.155555555556	0.683333333333	0.0222222222222
-fet	0.14241464228	0.815852422851	0.0203935048611	0.0213394300079
-dig	0.157655319332	0.14434629037	0.272269286883	0.425729103415
-fer	0.192479416211	0.731171808335	0.0629659477889	0.0133828276652
-dia	0.0339127652767	0.964807507732	0.0	0.00127972699157
-bøi	0.416666666667	0.291666666667	0.25	0.0416666666667
-din	0.0161753997391	0.0877188324888	0.00926150672047	0.886844261052
-æge	0.34240966322	0.597195209336	0.0481113727096	0.0122837547344
-dik	0.0215620507906	0.575946334451	0.385241974126	0.0172496406325
-dit	0.278609060006	0.133462732653	0.017766732051	0.570161475289
-sle	0.480812845868	0.387190420031	0.126553569809	0.00544316429284
-bør	0.19328623785	0.110585860732	0.105911722526	0.590216178892
