-hey	0.0	1.0	0.0	0.0
-het	0.0	1.0	0.0	0.0
-eut	0.864705882353	0.114705882353	0.0	0.0205882352941
-hep	0.427448355907	0.192994000206	0.0395087844099	0.340048859478
-eus	0.0	1.0	0.0	0.0
-hem	0.0625936407525	0.580489428999	0.249042783419	0.107874146829
-lek	0.365264458909	0.338255707791	0.0780124279539	0.218467405346
-ank	0.33490343853	0.331841733396	0.0843146490815	0.248940178992
-969	0.0	0.0	0.0	1.0
-aan	0.0	1.0	0.0	0.0
-lel	0.0	1.0	0.0	0.0
-lem	0.158065693821	0.740057998423	0.00894031292406	0.0929359948316
-105	0.0	0.428571428571	0.0	0.571428571429
-aus	0.0333333333333	0.966666666667	0.0	0.0
-aut	0.323747825464	0.442729152889	0.0530734140105	0.180449607636
-oya	0.0102629264002	0.914475613332	0.0239468282671	0.0513146320008
-fik	0.0967082015993	0.850846196764	0.0468662823135	0.00557931932304
-oyo	0.393908845779	0.33846721251	0.028685467942	0.238938473769
-asu	0.0	1.0	0.0	0.0
-aua	0.125	0.75	0.125	0.0
-ufe	0.0691642651296	0.887608069164	0.00864553314123	0.0345821325648
-ŋbe	0.488418348791	0.246169758138	0.0596699399891	0.205741953082
-bta	0.0	1.0	0.0	0.0
-ufa	0.0239918325676	0.929839487267	0.00884805172708	0.0373206284386
-heu	0.576251455181	0.398137369034	0.0256111757858	0.0
-ŋbo	0.274705630328	0.314519141679	0.0634116278922	0.347363600101
-auk	0.0411392405064	0.911392405063	0.0189873417721	0.0284810126582
-ufo	0.760609357998	0.141458106638	0.0979325353645	0.0
-aum	0.0	1.0	0.0	0.0
-aul	0.0	1.0	0.0	0.0
-mbe	0.318440981558	0.112320458597	0.039362028591	0.529876531254
-nti	0.28188142405	0.493657441984	0.172260870253	0.052200263713
-naŋ	0.150976724976	0.135334424611	0.053331062106	0.660357788307
-pup	0.08228980322	0.866726296959	0.0	0.0509838998211
-nto	0.34937439846	0.288739172281	0.106833493744	0.255052935515
-kiŋ	0.564688025714	0.224850333167	0.0308379462985	0.179623694821
-nte	0.401866515837	0.294824660634	0.142109728507	0.161199095023
-nah	0.0	1.0	0.0	0.0
-ŋim	0.0	1.0	0.0	0.0
-uat	0.48	0.52	0.0	0.0
-ŋit	0.465126377404	0.278281791674	0.07236081377	0.184231017151
-pum	0.0363557415594	0.437493937168	0.12509989237	0.401050428902
-puk	0.0	1.0	0.0	0.0
-lai	0.075	0.9	0.0	0.025
-sis	0.0775862068965	0.870689655172	0.051724137931	0.0
-opo	0.62962962963	0.2849002849	0.0683760683761	0.017094017094
-opi	0.0317017020795	0.936596595841	0.0317017020795	0.0
-opa	0.0244897959184	0.951020408163	0.00612244897958	0.0183673469388
-815	0.0	0.0	0.0	1.0
-dea	0.0	1.0	0.0	0.0
-naa	0.363636363636	0.272727272727	0.0	0.363636363636
-dee	0.108949416342	0.0	0.210116731517	0.68093385214
-dei	0.398547629218	0.468175993165	0.0768902178556	0.0563861597609
-dek	0.0470588235294	0.952941176471	0.0	0.0
-403	0.0	0.333333333333	0.0	0.666666666667
-dem	0.163032592989	0.0308035847962	0.126627902721	0.679535919494
-400	0.4	0.6	0.0	0.0
-ima	0.0	1.0	0.0	0.0
-beŋ	0.375066108768	0.320321976329	0.0288599013138	0.275752013589
-oko	0.129346308663	0.754233713848	0.0422136539186	0.0742063235712
-des	0.0	0.983263598326	0.0167364016737	0.0
-ime	0.250853592327	0.511359112023	0.0349761718043	0.202811123846
-deu	0.268907563025	0.512605042017	0.0840336134453	0.134453781513
-950	0.0	0.0	0.0	1.0
-oke	0.109497090876	0.350533231395	0.0619403661998	0.478029311529
-sit	0.0	1.0	0.0	0.0
-yaŋ	0.123268435816	0.806401903476	0.0363140078166	0.0340156528915
-psa	0.0	1.0	0.0	0.0
-goŋ	0.156448344556	0.12874034005	0.0686489571829	0.646162358211
-les	0.0	1.0	0.0	0.0
-obo	0.126553708285	0.312883500679	0.0282244373302	0.532338353706
-bip	0.0439744730424	0.822489070391	0.114474450639	0.0190620059273
-idi	0.0721180366714	0.138537649544	0.0250532990579	0.764291014726
-del	0.4	0.6	0.0	0.0
-ide	0.1856218459	0.4166554642	0.0234343493062	0.374288340594
-ida	0.168083565247	0.563722313293	0.19709504022	0.0710990812397
-ait	0.452642739548	0.390495810771	0.0469143914948	0.109947058186
-llu	0.0	1.0	0.0	0.0
-bim	0.086500655308	0.863695937091	0.0301441677588	0.0196592398427
-moŋ	0.110477600711	0.0393381875938	0.0143089514432	0.835875260252
-lda	0.0	1.0	0.0	0.0
-obu	0.243836132769	0.154347884471	0.0390257093668	0.562790273393
-100	0.00285478814243	0.0236624552877	0.0942080087004	0.879274747869
-uta	0.0792388336872	0.7521844319	0.116490703679	0.0520860307337
-tet	0.447033898305	0.388771186441	0.110169491525	0.0540254237288
-ute	0.500025642341	0.343043232986	0.0230781065696	0.133853018103
-uth	0.0	0.692307692308	0.115384615385	0.192307692308
-haŋ	0.491962243012	0.355402814803	0.046110432596	0.106524509589
-oye	0.0	1.0	0.0	0.0
-maŋ	0.204346972776	0.398165770838	0.068037252584	0.329450003802
-utu	0.850485436893	0.149514563107	0.0	0.0
-tei	0.225321888412	0.742489270386	0.019313304721	0.0128755364807
-sia	0.134146341463	0.865853658537	0.0	0.0
-ten	0.0641221374045	0.908396946565	0.0091603053435	0.018320610687
-meu	0.603586305545	0.110011823339	0.038111745054	0.248290126062
-met	0.119469026549	0.358407079646	0.469026548673	0.0530973451327
-duk	0.0	1.0	0.0	0.0
-mes	0.220588235294	0.713235294118	0.0661764705882	0.0
-pge	0.266170800234	0.686769423852	0.0185762273345	0.0284835485795
-lup	0.301221166893	0.434192672999	0.0162822252374	0.248303934871
-lus	0.0177187153931	0.872646733112	0.0542635658915	0.0553709856035
-lut	0.0	1.0	0.0	0.0
-pau	0.0	1.0	0.0	0.0
-luk	0.487956487956	0.488733488734	0.009324009324	0.013986013986
-lum	0.340646629008	0.247758776919	0.0771816177936	0.33441297628
-lun	0.0	1.0	0.0	0.0
-mem	0.0	1.0	0.0	0.0
-mel	0.0605571255551	0.927331449334	0.012111425111	0.0
-men	0.360486891386	0.482209737828	0.0674157303371	0.0898876404494
-mei	0.0248190279214	0.882109617373	0.0496380558428	0.0434332988624
-mek	0.182314612819	0.405551507579	0.0149661448315	0.39716773477
-aye	0.227256927675	0.649759259638	0.0537546542314	0.0692291584557
-alu	0.529034596823	0.228085279924	0.0536964451594	0.189183678093
-hdi	0.129032258065	0.806451612903	0.0	0.0645161290324
-ayo	0.50113700206	0.373016934642	0.0337087669547	0.0921372963429
-ila	0.343546107106	0.164889430326	0.0406033018476	0.450961160721
-oha	0.0	1.0	0.0	0.0
-hab	0.0	1.0	0.0	0.0
-weh	1.0	0.0	0.0	0.0
-mos	0.0170697012802	0.98293029872	0.0	0.0
-ifo	0.276976787495	0.421748920679	0.175066371732	0.126207920095
-ubu	0.424430955994	0.206373292868	0.044157814871	0.325037936267
-ubi	0.185430463576	0.609271523179	0.092715231788	0.112582781457
-ubo	0.349912339852	0.194915711396	0.0246662171274	0.430505731625
-nta	0.222756083233	0.26229477785	0.386513310454	0.128435828464
-uba	0.0881346263548	0.774386765545	0.112664004564	0.0248146035368
-ube	0.425918650096	0.225025331376	0.0471473769102	0.301908641618
-ŋne	0.350319500254	0.299946581687	0.021484808823	0.328249109236
-ija	0.00571428571428	0.993277310924	0.0	0.00100840336134
-oti	0.164143420836	0.525839864087	0.0238806379131	0.286136077163
-ali	0.368600421473	0.173669466124	0.0388182056195	0.418911906784
-had	0.0	1.0	0.0	0.0
-oto	0.0	1.0	0.0	0.0
-ume	0.625	0.375	0.0	0.0
-nda	0.275461416002	0.409624972893	0.0483771611068	0.266536449998
-962	0.0	0.0	0.0	1.0
-kbe	0.421638713225	0.464943634864	0.0556777563926	0.0577398955183
-fou	0.251046025105	0.748953974895	0.0	0.0
-otu	0.307692307692	0.692307692308	0.0	0.0
-eet	0.441536359496	0.300288446941	0.0888416578108	0.169333535752
-kbo	0.340178908908	0.433791104952	0.180672798286	0.0453571878544
-umo	0.0	0.85	0.15	0.0
-365	0.0	0.0	0.0	1.0
-nak	0.907082903843	0.0929170961567	0.0	0.0
ALL	0.225622254328	0.273538345526	0.0507054938412	0.450133906306
-nai	0.163788989591	0.389447243349	0.0140322536449	0.432731513415
-nan	0.0119664938173	0.958117271639	0.0299162345433	0.0
-ige	0.219574506556	0.455213457234	0.0799874263817	0.245224609828
-aki	0.119358641461	0.673581098045	0.101651523431	0.105408737064
-nam	0.0213143872114	0.946714031972	0.0	0.031971580817
-ŋiŋ	0.183903009762	0.564716768139	0.0482398107091	0.203140411391
-nde	0.210214684048	0.209641715753	0.0628634518589	0.51728014834
-ake	0.312667876588	0.460471869328	0.0961887477314	0.130671506352
-sip	0.00165562913907	0.987582781457	0.00745033112583	0.00331125827815
-kin	0.0	1.0	0.0	0.0
-aka	0.393024572516	0.331843491986	0.114980070515	0.160151864984
--hi	0.134433962264	0.391509433962	0.474056603774	0.0
-kis	0.0696120334538	0.900802852328	0.0228725252777	0.00671258894018
-bik	0.0	0.894039735099	0.105960264901	0.0
-kip	0.00613886536832	0.973221845893	0.0111134631668	0.00952582557157
-sin	0.0	1.0	0.0	0.0
-sim	0.0	1.0	0.0	0.0
-kit	0.313310174	0.116826434473	0.0594940523199	0.510369339206
-nas	0.0261943370338	0.970063614819	0.00374204814769	0.0
-aku	0.256241787122	0.300919842313	0.109067017083	0.333771353482
-nat	0.0756516312784	0.21965854361	0.554884234443	0.149805590668
-put	0.4	0.6	0.0	0.0
-gok	0.0835550051783	0.073283824224	0.0226116877656	0.820549482832
-gom	0.0834188034188	0.854358974359	0.00615384615383	0.0560683760684
-gol	0.00882785679255	0.902893575282	0.0853359489946	0.00294261893085
-gon	0.0632911392405	0.759493670886	0.0	0.177215189873
-haf	0.0	0.472972972973	0.121621621622	0.405405405406
-oab	0.0	1.0	0.0	0.0
-out	0.434334102526	0.505027812459	0.0356827083665	0.0249553766487
-127	0.0	0.0	0.0	1.0
-pot	0.666666666667	0.0	0.333333333333	0.0
-moa	0.0	1.0	0.0	0.0
-mon	0.00836257028884	0.987600326813	0.00115345797087	0.00288364492718
-lka	0.0	1.0	0.0	0.0
-mok	0.136363636364	0.0454545454544	0.545454545454	0.272727272728
-got	0.115819722559	0.870256594947	0.00822763056433	0.00569605192914
-moi	0.231610337972	0.673459244533	0.0556660039761	0.0392644135189
-yau	0.396261682243	0.18691588785	0.315887850467	0.100934579439
-yat	0.162804075875	0.501798799352	0.0246744876122	0.310722637161
-gep	0.0334768053562	0.858919177427	0.0430416068867	0.06456241033
-mol	0.0	1.0	0.0	0.0
-yap	0.122116689281	0.811126187246	0.01302578019	0.0537313432836
-yas	0.0665268204974	0.922685046449	0.00719208870243	0.00359604435121
-601	0.857142857143	0.142857142857	0.0	0.0
-bep	0.130434782609	0.0	0.869565217391	0.0
-deŋ	0.025641025641	0.923076923077	0.051282051282	0.0
-bet	0.237611364337	0.612636496484	0.0403405190927	0.109411620086
-beu	0.12558725917	0.800191802077	0.021949484936	0.0522714538166
-bek	0.223707078605	0.222487679065	0.022719196109	0.531086046221
-eol	0.0	1.0	0.0	0.0
-ben	0.165296052632	0.696546052632	0.138157894737	0.0
-beo	0.0	1.0	0.0	0.0
-bel	0.0289240262245	0.971075973776	0.0	0.0
-bem	0.102570350656	0.812722072549	0.0247632857023	0.0599442910927
-yam	0.366723173997	0.170668636681	0.0482300843293	0.414378104994
-bea	0.0190476190477	0.866666666667	0.114285714286	0.0
-bee	0.208913649025	0.378830083565	0.0167130919219	0.395543175488
-iso	0.0	0.987068965517	0.0	0.0129310344827
-upu	0.0346820809249	0.849710982659	0.115606936416	0.0
-isi	0.0119732084642	0.979491435007	0.000533459783059	0.00800189674589
-ise	0.470297029703	0.29702970297	0.232673267327	0.0
-eku	0.866666666667	0.133333333333	0.0	0.0
-isa	0.0294840294841	0.963144963145	0.002457002457	0.00491400491401
-ama	0.00558531569728	0.906445962071	0.0879687222321	0.0
-luŋ	0.106194690266	0.822271386431	0.0604719764011	0.0110619469027
-isu	0.218427110659	0.666898656245	0.040794475079	0.073879758017
-meŋ	0.105182094686	0.377010772188	0.197122894954	0.320684238171
-ŋgo	0.284599584702	0.145571227443	0.0356635444323	0.534165643422
-ŋgi	0.117829327527	0.589314127795	0.0855874717361	0.207269072942
-jut	0.0185185185185	0.962962962963	0.0185185185185	0.0
-ŋge	0.257354771091	0.583916988892	0.034941117746	0.123787122271
-map	0.116461819674	0.417751908348	0.374032172037	0.0917540999418
-mas	0.0402611534276	0.93833877403	0.00979325353645	0.0116068190062
-hak	0.0491666666667	0.841666666667	0.065	0.0441666666667
-ŋga	0.118733509235	0.849604221636	0.0	0.0316622691293
-mat	0.590488771466	0.409511228534	0.0	0.0
-han	0.012323943662	0.980633802817	0.0	0.00704225352114
-hap	0.0199004975124	0.980099502488	0.0	0.0
-mak	0.0503282275711	0.936542669584	0.0	0.0131291028446
-has	0.0	1.0	0.0	0.0
-hat	0.392091109008	0.365847797036	0.0178079257839	0.224253168172
-mal	0.0	1.0	0.0	0.0
-man	0.099627293578	0.841958142202	0.0433629587156	0.0150516055046
-teŋ	0.208955223881	0.436567164179	0.287313432836	0.0671641791044
-kii	0.215384615385	0.553846153846	0.138461538461	0.0923076923077
-pua	0.0	1.0	0.0	0.0
-geŋ	0.189493433396	0.484052532833	0.187617260788	0.138836772983
-uni	0.212511194989	0.672708758841	0.0391565997972	0.075623446372
-kge	0.331616889804	0.57157569516	0.0720906282183	0.0247167868177
-une	0.35469164956	0.179597546939	0.0579784903249	0.407732313176
-782	0.0	0.0	0.0	1.0
-boŋ	0.162950816333	0.38217410346	0.200604992718	0.25427008749
-efe	0.0	0.866666666667	0.0	0.133333333333
-pta	0.0	1.0	0.0	0.0
-iat	0.0	1.0	0.0	0.0
-666	0.0	0.0	0.0	1.0
-ade	0.158129612596	0.378473326425	0.0889559505995	0.374441110379
-ika	0.285230454855	0.493548020888	0.110535079089	0.110686445168
-ada	0.225747810279	0.281441084118	0.404891753429	0.0879193521731
-daa	0.211538461539	0.403846153846	0.0	0.384615384616
-foŋ	0.223615078555	0.588464088961	0.0956437461743	0.0922770863089
-gai	0.0	1.0	0.0	0.0
-adi	0.142364114814	0.0585825205248	0.00534328003361	0.793710084627
-147	0.0	0.0	0.0	1.0
-uŋa	0.441021833586	0.0973259815225	0.0242461751734	0.437406009718
-gat	0.0145880234129	0.918415128321	0.013867627195	0.0531292210716
-aaŋ	0.302056440706	0.190103924604	0.0677214204	0.44011821429
-aat	0.449746708863	0.208936493084	0.058738353582	0.282578444471
-uŋi	0.0469833693788	0.710269222164	0.242747408457	0.0
-sen	0.0834507944644	0.286583803178	0.012974115838	0.61699128652
-sem	0.0	1.0	0.0	0.0
-sel	0.0585961644648	0.873025160913	0.0189551586876	0.0494235159347
-sek	0.122160524987	0.862695608279	0.0121150933872	0.0030287733468
-loŋ	0.0558969316451	0.208745068719	0.0194296632333	0.715928336403
-gaŋ	0.608146379629	0.0113712806201	0.0119584768388	0.368523862912
-ine	0.294451674506	0.355672443992	0.051589800257	0.298286081246
-sea	0.0	1.0	0.0	0.0
-ira	0.0	0.666666666667	0.333333333333	0.0
-800	0.0	0.0	0.0	1.0
-807	0.0	0.0	0.0	1.0
-fon	0.0	1.0	0.0	0.0
--me	0.106319851299	0.739341843467	0.0485497505551	0.10578855468
-oho	0.696315172107	0.0966913400477	0.116440156939	0.0905533309064
-ses	0.0433394160584	0.912180656934	0.00136861313868	0.0431113138686
-ohi	0.182760878831	0.24063325496	0.412710626484	0.163895239726
-sep	0.0347111741055	0.942408376963	0.000433889676317	0.0224465592549
-aam	0.444987775061	0.283618581907	0.168704156479	0.102689486552
-kut	0.244964809679	0.292437114892	0.0685543951796	0.39404368025
-kus	0.0273556231003	0.9726443769	0.0	0.0
-ede	0.123441770658	0.16718275629	0.0160839818363	0.693291491216
-iam	0.0106698280972	0.982216953171	0.0	0.00711321873149
-ook	0.264381173736	0.709471237653	0.0174317257408	0.00871586287042
-neu	0.491174680463	0.359099208764	0.0255629945222	0.124163116251
-oom	0.361367806498	0.106719793487	0.0682122221814	0.463700177833
-nes	0.0240963855422	0.951807228916	0.0240963855421	0.0
-nep	0.022103970528	0.855096193205	0.122799836267	0.0
-182	0.0	0.0	0.0	1.0
-gwi	0.117216834819	0.762464492115	0.0517517223365	0.0685669507298
-nem	0.145798181881	0.675661134258	0.0422032643504	0.13633741951
-iap	0.207547169811	0.490566037736	0.169811320755	0.132075471698
-ias	0.107142857143	0.821428571429	0.0714285714286	0.0
-saŋ	0.236399201543	0.0789710859943	0.183424684056	0.501205028407
-iks	0.00511619974885	0.981240600921	0.0136431993303	0.0
-kum	0.0	0.835616438356	0.0	0.164383561644
-nee	0.448598130841	0.305295950156	0.0591900311526	0.18691588785
-kuk	0.599561686334	0.192579483329	0.0492470558716	0.158611774465
-aon	0.2	0.4	0.0	0.4
-nea	0.0	1.0	0.0	0.0
-ban	0.0568181818182	0.818181818182	0.090909090909	0.0340909090909
-eka	0.232817883716	0.33565257919	0.321087937147	0.110441599947
-bam	0.336074503263	0.436501585894	0.182883916435	0.0445399944084
-non	0.0344827586207	0.965517241379	0.0	0.0
-uuk	0.257575757576	0.507575757576	0.0984848484848	0.136363636364
-bai	0.17384305835	0.789939637827	0.0169014084507	0.0193158953722
-hok	0.124430030184	0.429869629439	0.232162353092	0.213537987284
-eki	0.0331529293467	0.0190656453632	0.00244481905382	0.945336606236
-hoi	0.0284816753927	0.931308900524	0.00502617801048	0.0351832460733
-hon	0.0	1.0	0.0	0.0
-hoo	0.461538461539	0.384615384615	0.153846153846	0.0
-mku	0.14859437751	0.779116465864	0.0240963855422	0.0481927710843
-hom	0.130612139851	0.840563112043	0.0153131474308	0.0135116006743
-jon	0.0281637251221	0.900394292152	0.0129240205282	0.058517962198
-sie	0.0	1.0	0.0	0.0
-tde	0.132921174652	0.839258114374	0.0	0.0278207109737
-uut	0.526099706745	0.2357771261	0.0304985337243	0.207624633431
-tdi	0.226076980982	0.571691390492	0.0955235851435	0.106708043382
-bau	0.558139534884	0.0570824524313	0.0887949260042	0.295983086681
-bas	0.0233674775928	0.960947503201	0.00384122919334	0.0118437900128
-bap	0.121526945686	0.671710906553	0.101953791285	0.104808356475
-ŋde	0.149575076259	0.0659355600308	0.0285281946859	0.755961169024
-ase	0.0	0.986394557823	0.0136054421769	0.0
-ipe	0.0	0.888888888889	0.111111111111	0.0
-mbu	0.37772284062	0.20321600205	0.0406892302194	0.37837192711
-asa	0.00756620428751	0.916771752837	0.0	0.0756620428751
-aso	0.217270194986	0.707520891365	0.075208913649	0.0
-180	0.0	0.0	0.0	1.0
-yeu	0.0581395348837	0.686046511628	0.186046511628	0.0697674418605
-ŋdi	0.180632030609	0.484447118772	0.0468655340277	0.288055316591
-kam	0.264750251758	0.432662110471	0.0879064454113	0.214681192359
-930	0.363636363636	0.0	0.0	0.636363636364
-mba	0.436746554131	0.317603915944	0.0941432457012	0.151506284224
-yek	0.0674106126167	0.126394898656	0.77886586199	0.0273286267366
-yem	0.46662238459	0.352279736205	0.129287849314	0.0518100298904
-yel	0.105846774194	0.891129032258	0.0	0.00302419354839
-yen	0.0662824207493	0.489913544669	0.0230547550432	0.420749279539
-mbi	0.125	0.875	0.0	0.0
-lta	0.0128250801567	0.955112219451	0.00427502671893	0.027787673673
-mbo	0.441818181818	0.241818181818	0.283636363636	0.0327272727272
-ihi	0.153862296858	0.483708258226	0.0897057379047	0.272723707011
-430	0.172839506173	0.0246913580247	0.0	0.802469135803
-iye	0.117377848068	0.704020775858	0.0246504632104	0.153950912863
-iwa	0.0390792291221	0.95182012848	0.00428265524625	0.00481798715204
-koŋ	0.255277560144	0.184069960365	0.0463087035671	0.514343775924
-iwe	0.345669456447	0.349441488654	0.11247710144	0.192411953459
-oop	0.474226804123	0.247422680412	0.0309278350515	0.247422680413
-iwi	0.172687224669	0.633480176212	0.0563876651982	0.137444933921
-swa	0.0	1.0	0.0	0.0
-iya	0.0157405335368	0.938606857942	0.00948987150533	0.0361627370163
-pop	0.0825883664026	0.878915618868	0.031034232139	0.00746178259079
-swi	0.0	1.0	0.0	0.0
-ŋoŋ	0.166043367255	0.0410148992532	0.00783619212005	0.785105541371
-uge	0.242502541043	0.569943123062	0.0474033476572	0.140150988238
-pol	0.0432071368337	0.865274510674	0.00266299764769	0.0888553548444
-ndo	0.0	1.0	0.0	0.0
-ye'	0.360618202633	0.467658843732	0.103033772181	0.0686891814539
-lad	0.0	1.0	0.0	0.0
-lae	0.0212816644167	0.90216787104	0.0185817517669	0.0579687127769
-ike	0.174646190906	0.687443541102	0.110809996989	0.0271002710027
-boo	0.285714285714	0.714285714286	0.0	0.0
-119	0.0	0.0	0.0	1.0
-laa	0.516129032259	0.258064516128	0.161290322581	0.0645161290323
-500	0.0163043478261	0.130434782609	0.0163043478261	0.836956521739
-iko	0.0	1.0	0.0	0.0
-lam	0.342780150427	0.542031065675	0.0668172341089	0.0483715497893
-lan	0.0652173913043	0.923913043478	0.0108695652174	0.0
-lao	0.0446009389672	0.917840375587	0.0140845070423	0.0234741784037
-not	0.202060568217	0.315429285045	0.0813612238526	0.401148922885
-fom	0.0786260932944	0.0553805705956	0.0754568408996	0.79053649521
-iki	0.183564335571	0.509432908593	0.0485815159468	0.258421239889
-lak	0.593876197629	0.160724073808	0.0553894460288	0.190010282534
-lat	0.387263447772	0.159080033187	0.0302479235762	0.423408595465
-iku	0.630067567568	0.254504504504	0.0506756756756	0.0647522522521
-fos	0.0	1.0	0.0	0.0
-lap	0.230716602473	0.170053719846	0.0965690249341	0.502660652747
-nom	0.135563957455	0.790274583467	0.0715033422654	0.00265811681284
-aak	0.491769705429	0.20013616485	0.0590756799466	0.249018449774
-las	0.0364742539021	0.90652549506	0.0225933637532	0.0344068872842
-noa	0.00666666666668	0.993333333333	0.0	0.0
-nod	0.0	1.0	0.0	0.0
-ŋti	0.560344827586	0.318965517241	0.0431034482758	0.0775862068965
-boe	0.054335742079	0.852279043913	0.00708727070595	0.0862979433018
-dot	0.25	0.6	0.05	0.1
-ahi	0.176420844344	0.471649811973	0.22783613045	0.124093213233
-aho	0.0	1.0	0.0	0.0
-bom	0.0875958146813	0.771160800579	0.0288092901618	0.112434094578
-bon	0.0	1.0	0.0	0.0
-aha	0.303323108385	0.309100204499	0.05163599182	0.335940695296
-boi	0.34511425269	0.394727482884	0.036720903352	0.223437361074
-bok	0.0	1.0	0.0	0.0
-bot	0.1898266553	0.675191815857	0.0906507530548	0.0443307757885
-bop	0.104129919105	0.610204840203	0.0325473578925	0.2531178828
-don	0.0	0.995412844037	0.0	0.00458715596331
-dol	0.171428571429	0.617142857143	0.211428571429	0.0
-dom	0.0126404494382	0.987359550562	0.0	0.0
-dok	0.332930526991	0.260189738981	0.0674215313905	0.339458202637
-ogk	0.357142857143	0.428571428572	0.214285714286	0.0
-ahu	0.164804469274	0.696927374302	0.0796089385474	0.0586592178771
-sau	0.0	1.0	0.0	0.0
-sat	0.0	1.0	0.0	0.0
-ton	0.0	1.0	0.0	0.0
-ibu	0.266366926198	0.264612347845	0.255620133787	0.21340059217
-ooŋ	0.248464944828	0.144615787706	0.080857473599	0.526061793867
-tom	0.209611888929	0.561231060282	0.204426437823	0.0247306129659
-tok	0.135638579281	0.101074445463	0.0308412654515	0.732445709804
-toi	0.544955650565	0.278775592348	0.0377964196482	0.138472337439
-lfa	0.00854700854701	0.982905982906	0.00854700854701	0.0
-oli	0.0670755743944	0.17522539293	0.158737858503	0.598961174173
-tot	0.0540540540541	0.945945945946	0.0	0.0
-ibo	0.217470165365	0.5142220559	0.0352385245066	0.233069254228
-ibi	0.33495269752	0.28287735447	0.073979374414	0.308190573596
-olo	0.11244888687	0.802930486143	0.0244207178555	0.0601999091322
-sak	0.00492341356674	0.995076586433	0.0	0.0
-ibe	0.304667021701	0.100796157321	0.0321904487823	0.562346372196
-kuŋ	0.122906695854	0.297157475942	0.0923196309003	0.487616197304
-iba	0.0555555555556	0.916666666667	0.0138888888889	0.0138888888889
-sam	0.0	1.0	0.0	0.0
-sal	0.0	1.0	0.0	0.0
-lon	0.0113620992831	0.977140538347	0.00243473556067	0.00906262680914
-dep	0.154411764706	0.606617647059	0.0	0.238970588235
-lom	0.15467179095	0.248136205555	0.0337577321519	0.563434271343
-iem	0.016393442623	0.983606557377	0.0	0.0
-lok	0.106272303175	0.66015117609	0.101601419697	0.131975101039
-loi	0.00319488817891	0.975239616613	0.00239616613418	0.0191693290735
-187	0.0	0.0	0.0	1.0
-uiŋ	0.369718309859	0.380281690141	0.12323943662	0.12676056338
-hai	0.516129032257	0.483870967743	0.0	0.0
-oki	0.27809684047	0.574846715092	0.0825069160209	0.0645495284163
-lot	0.0432061376943	0.904906117505	0.0421966484959	0.00969109630527
-los	0.0	1.0	0.0	0.0
-lop	0.0	1.0	0.0	0.0
-wee	0.631578947368	0.157894736842	0.0	0.21052631579
-mau	0.471145564169	0.339362618432	0.0258397932816	0.163652024117
-ipa	0.0197817189632	0.969986357435	0.00613915416098	0.00409276944065
-ham	0.0460692395708	0.898699051278	0.027358962905	0.0278727462459
-yeŋ	0.197855864381	0.214928976584	0.0648162687418	0.522398890293
-ewa	0.0758426966292	0.924157303371	0.0	0.0
-ewi	0.0802816901408	0.909154929577	0.00211267605634	0.00845070422537
-awi	0.227385849089	0.480971967785	0.155283260171	0.136358922955
-baŋ	0.0542263298528	0.840911886557	0.0579343634271	0.0469274201632
-uuŋ	0.578280983686	0.326272218164	0.037009982956	0.0584368151936
-hoŋ	0.0729414033777	0.637275938137	0.0127114047036	0.277071253782
-awa	0.297248660322	0.405342717748	0.0649844037431	0.232424218188
-har	0.0	1.0	0.0	0.0
-awe	0.53580533783	0.290920949961	0.0612313449212	0.112042367288
-pbe	0.635135135135	0.364864864865	0.0	0.0
-imo	0.0	1.0	0.0	0.0
-too	1.0	0.0	0.0	0.0
-biŋ	0.519410881533	0.280045756774	0.0900836491027	0.11045971259
-mam	0.358343244222	0.38484409742	0.101530585863	0.155282072496
-tol	0.0	1.0	0.0	0.0
-kde	0.0771244941681	0.77433944299	0.0199952392288	0.128540823613
-pik	0.569420783646	0.385860306644	0.0327938671209	0.0119250425894
-eel	0.0	1.0	0.0	0.0
-276	0.0	0.333333333333	0.0	0.666666666667
-kdo	0.0	1.0	0.0	0.0
-kdi	0.27945821561	0.386197905513	0.0918396526205	0.242504226257
-olu	0.498408307314	0.180115537565	0.1558994335	0.165576721622
-sto	0.00669228502207	0.964400947675	0.00189458455014	0.0270121827528
-oba	0.130543794335	0.516987960961	0.326359485837	0.0261087588669
-mpa	0.0265107014082	0.924372572727	0.00308263969863	0.0460340861662
-sta	0.0640668523677	0.930362116992	0.0	0.00557103064066
-5di	0.0	0.0	0.0	1.0
-ssa	0.0	1.0	0.0	0.0
-iŋa	0.14493214051	0.0569736042464	0.0119241808343	0.786170074409
-209	0.0	0.142857142857	0.0	0.857142857143
-tou	0.5	0.5	0.0	0.0
-eya	0.0	1.0	0.0	0.0
-200	0.0261627906977	0.393895348837	0.0494186046511	0.530523255814
-eye	0.116999619842	0.625725730269	0.0706413172969	0.186633332592
-207	0.0	0.5	0.0	0.5
-neŋ	0.201299011302	0.188322883914	0.0309965327536	0.57938157203
-mue	0.0	1.0	0.0	0.0
-oit	0.506726457399	0.313901345291	0.0358744394619	0.143497757847
-ois	0.0	1.0	0.0	0.0
-ion	0.0755784061697	0.846015424165	0.0660668380462	0.0123393316196
-mum	0.229074889868	0.718061674009	0.0528634361234	0.0
-fan	0.0106044538706	0.915164369035	0.0742311770944	0.0
-mun	0.402291089197	0.227872723293	0.0610644615805	0.308771725929
-led	0.0	1.0	0.0	0.0
-lee	0.0	1.0	0.0	0.0
-muk	0.421226143816	0.24523540993	0.0437593665124	0.289779079741
-mut	0.375580157657	0.385586417812	0.0988667202429	0.139966704289
-ola	0.359828502369	0.100399969307	0.0193510330143	0.52042049531
-lep	0.300338409475	0.603214890017	0.0482233502538	0.0482233502538
-oim	0.0	1.0	0.0	0.0
-obe	0.358070552747	0.109208725526	0.0445493394409	0.488171382286
-let	0.0543833257457	0.84704689634	0.00552060034441	0.0930491775698
-leu	0.0233576642336	0.976642335766	0.0	0.0
-iot	0.0	1.0	0.0	0.0
-eem	0.344597977624	0.203684054544	0.0620459035098	0.389672064323
-ifa	0.0352496852707	0.943348720101	0.0163659253042	0.00503566932438
-een	0.0	0.714285714286	0.285714285714	0.0
-sup	0.0	1.0	0.0	0.0
-ife	0.320288362513	0.123583934089	0.0154479917611	0.540679711638
-eek	0.432273012409	0.40103556472	0.0718931054483	0.0947983174226
-eee	0.00182648401826	0.691324200913	0.204566210046	0.102283105023
-eed	0.0	1.0	0.0	0.0
-git	0.253891718367	0.307215738182	0.117713118505	0.321179424947
-gip	0.254410399257	0.696378830084	0.0454967502321	0.0037140204271
-ndi	0.0952524579625	0.0853103113822	0.0142333255889	0.805203905066
-alo	0.380105964792	0.234318919843	0.336694582123	0.0488805332422
-gim	0.130093131548	0.793655413271	0.0762514551804	0.0
-gik	0.368059887711	0.566126013724	0.0439800374298	0.0218340611354
-alk	0.0	1.0	0.0	0.0
-ŋye	0.203007518797	0.142857142857	0.609022556391	0.0451127819549
-liŋ	0.305630155564	0.491420312632	0.0578811772375	0.145068354566
-oŋe	0.661742983752	0.0701624815362	0.00664697193501	0.261447562777
-ole	0.712582365861	0.185127078757	0.0269846250392	0.075305930342
-ale	0.21902455329	0.373759780668	0.0376387808463	0.369576885195
-oŋa	0.0532671724719	0.0310646866907	0.00992210841773	0.90574603242
-eep	0.0831541218638	0.0967741935484	0.782078853047	0.0379928315412
-gia	0.0	0.934782608696	0.0652173913043	0.0
-ala	0.143577428492	0.0491727785166	0.0076382749159	0.799611518076
-paŋ	0.0223072357569	0.834906931844	0.00439531898214	0.138390513417
-120	0.0481927710843	0.289156626506	0.0	0.66265060241
-lah	0.0126050420168	0.987394957983	0.0	0.0
-fau	0.0342105263158	0.256015037594	0.687218045113	0.0225563909774
-ŋeŋ	0.257481436919	0.237136788238	0.167669232405	0.337712542438
-yot	0.0864087411304	0.741809731565	0.0293769898323	0.142404537472
-yok	0.044502617801	0.939790575916	0.0	0.0157068062827
-bui	0.650557620818	0.0877323420074	0.111524163569	0.150185873606
-yon	0.0445765230312	0.950965824666	0.0	0.00445765230313
-yom	0.206918890904	0.375939362529	0.15690593418	0.260235812387
-seŋ	0.0	1.0	0.0	0.0
-duŋ	0.0302451228931	0.0519079750151	0.0011908737069	0.916656028385
-waŋ	0.0994424966952	0.736599804586	0.00719581585149	0.156761882867
-iel	0.0	1.0	0.0	0.0
-emu	0.11624829171	0.152360501786	0.00711071479865	0.724280491705
-318	0.0	0.0	1.0	0.0
-iyu	0.0102156640182	0.982973893303	0.0	0.00681044267879
-ian	0.0	1.0	0.0	0.0
-mge	0.18552558887	0.60479132138	0.0469589674049	0.162724122344
-ien	0.213201249058	0.681890199819	0.0642987893984	0.0406097617253
-elu	0.507749077491	0.252398523985	0.127675276753	0.112177121771
-ogi	0.0866551126517	0.48006932409	0.433275563258	0.0
-150	0.0	0.0	0.0	1.0
-153	0.105882352941	0.0	0.0352941176471	0.858823529412
-eli	0.284527425407	0.551134536359	0.0367696980526	0.127568340182
-elo	0.00664290343487	0.97850507669	0.00334845538993	0.0115035644848
-oga	0.0	1.0	0.0	0.0
-mti	0.356998789835	0.643001210165	0.0	0.0
-ela	0.399380029433	0.543006544134	0.0156558224003	0.0419576040329
-oge	0.0722050135058	0.705475000776	0.0146369301121	0.207683055606
-ele	0.259020494506	0.450550665003	0.065678407255	0.224750433236
-pne	0.474377745242	0.421181063934	0.0517325524646	0.0527086383602
-abu	0.473605871635	0.252187748608	0.127158878025	0.147047501732
-itu	0.589492974954	0.285277947465	0.0	0.125229077581
-esu	0.0307448258666	0.725119146102	0.00386764192317	0.240268386109
-diŋ	0.290150653225	0.0132636028625	0.00142093860404	0.695164805308
-mla	0.0	1.0	0.0	0.0
-ito	0.0	1.0	0.0	0.0
-esi	0.0103716508211	0.989628349179	0.0	0.0
-eso	0.00311041990669	0.945567651633	0.00622083981338	0.045101088647
-600	0.0	0.0	0.0	1.0
-iti	0.280018554515	0.57229634211	0.0405106909348	0.10717441244
-esa	0.0	1.0	0.0	0.0
-ite	0.192926045016	0.444801714898	0.240085744909	0.122186495177
-feŋ	0.13382122321	0.375326711971	0.189754312598	0.301097752222
-ese	0.0	1.0	0.0	0.0
-ita	0.197113030568	0.653525990311	0.0585055042709	0.09085547485
-spa	0.0550458715596	0.910550458716	0.0344036697248	0.0
-uma	0.422043010753	0.502688172043	0.0752688172043	0.0
-fak	0.757365684575	0.242634315425	0.0	0.0
-fai	0.406694560669	0.184937238494	0.102928870293	0.305439330544
-keŋ	0.439344262295	0.432786885246	0.0786885245901	0.0491803278688
-taŋ	0.383806180196	0.257637543953	0.179688472727	0.178867803123
-nki	0.590909090909	0.136363636364	0.272727272727	0.0
-fas	0.153846153846	0.758241758242	0.0	0.0879120879121
-uda	0.0984855355038	0.616396118618	0.142740545933	0.142377799946
-fat	0.0	1.0	0.0	0.0
-ude	0.470422535211	0.287323943662	0.135211267606	0.107042253521
-udi	0.0879740593016	0.682989484246	0.0257437003319	0.20329275612
-ŋki	0.0204091319	0.971047510561	0.00427167876976	0.00427167876976
-hum	0.0233463035019	0.976653696498	0.0	0.0
-uti	0.0782381918284	0.721529991307	0.195015937409	0.00521587945523
-lpa	0.0	0.941176470588	0.0	0.0588235294119
-ŋke	0.300261096606	0.360313315927	0.339425587467	0.0
-wou	0.43547580259	0.403332076047	0.00972390529157	0.151468216071
-eiŋ	0.508689529984	0.277649712579	0.0654336069651	0.148227150472
-wot	0.223746059916	0.0433055162652	0.0456277340978	0.687320689721
-woi	0.124278172705	0.675897162242	0.0371633854891	0.162661279564
-abe	0.224241748999	0.364348429965	0.247870055677	0.163539765359
-hiŋ	0.226290097629	0.359483960948	0.164225941423	0.25
-wom	0.124875124875	0.695304695305	0.155844155844	0.023976023976
-aba	0.306913996627	0.570826306914	0.0489038785834	0.0733558178752
-won	0.281115879828	0.622317596567	0.0965665236052	0.0
-hut	0.116468039003	0.760021668472	0.117009750813	0.00650054171181
-abo	0.228422726616	0.612548792829	0.124331357525	0.0346971230302
-ŋku	0.515894039735	0.264900662252	0.0324503311258	0.186754966887
-abi	0.188377063908	0.399770762988	0.0618010594467	0.350051113658
-aiŋ	0.460775731721	0.355230346685	0.0859188822224	0.0980750393714
-tiŋ	0.373668820569	0.333398532044	0.0844187276963	0.20851391969
-et—	0.0	0.5	0.0	0.5
-kob	0.166666666667	0.5	0.166666666667	0.166666666667
-kom	0.331758034026	0.529300567108	0.0992438563327	0.0396975425331
-kol	0.0	1.0	0.0	0.0
-tuk	0.0942408376963	0.874345549738	0.0314136125654	0.0
-koi	0.0537542662116	0.892491467577	0.0179180887372	0.0358361774744
-sop	0.283310595725	0.43451568895	0.0895861755343	0.192587539791
-aen	0.0	0.888888888889	0.111111111111	0.0
-kou	0.401639344262	0.598360655738	0.0	0.0
-sol	0.0507923608289	0.898378338443	0.021609840789	0.0292194599387
-son	0.00972053462943	0.990279465371	0.0	0.0
-910	0.0	0.5	0.0	0.5
-kop	0.0229335038645	0.959425339317	0.00529234704566	0.0123488097732
-kos	0.0232333010648	0.976766698935	0.0	0.0
-tna	0.553571428571	0.410714285714	0.0340909090909	0.00162337662337
-tne	0.198749565262	0.494193314434	0.0498471408666	0.257209979437
-eeŋ	0.416552042832	0.216650728961	0.0515953141637	0.315201914044
-min	0.0	1.0	0.0	0.0
-lit	0.238107800372	0.247492054425	0.0685360683589	0.445864076844
-liu	0.381180701229	0.358106083308	0.143841774049	0.116871441414
-lip	0.130254631216	0.862172425109	0.00627472475956	0.00129821891577
-lis	0.0922722029988	0.883506343714	0.0242214532872	0.0
-lil	0.0	0.954701441318	0.0452985586822	0.0
-lim	0.219575471698	0.687146226415	0.0751179245283	0.0181603773585
-omi	0.0538096800842	0.36684508923	0.479647379678	0.0996978510078
-omo	0.458628841608	0.356973995272	0.113475177305	0.0709219858157
-lii	0.291665144152	0.422041144444	0.0836774217123	0.202616289692
-lik	0.190232713258	0.356461790824	0.0481755580302	0.405129937887
-oma	0.0270727580372	0.781537883061	0.165820642978	0.025568715924
-laŋ	0.124465511852	0.404678907236	0.0513353234245	0.419520257487
-lia	0.0283018867924	0.971698113208	0.0	0.0
-ome	0.255331430747	0.663157580447	0.03135038031	0.050160608496
-sdi	0.115825782902	0.855941313362	0.00945034434692	0.0187825593895
-leŋ	0.227950428854	0.440318119421	0.0796287319789	0.252102719746
-iik	0.3	0.1	0.6	0.0
-woe	0.272727272727	0.181818181818	0.0	0.545454545455
-144	0.0	0.0477326968974	0.0	0.952267303103
-muŋ	0.196356927169	0.474384782377	0.171165641481	0.158092648972
-mhi	0.0188300422994	0.945965965576	0.0171926473168	0.0180113448081
-oda	0.142192727819	0.504765595957	0.181598867331	0.171442808894
-noŋ	0.0784802242292	0.891622547493	0.0112114606042	0.0186857676736
-ode	0.0673533435261	0.840106220327	0.0418443711274	0.0506960650197
-odi	0.083552778641	0.808158458594	0.0423897457706	0.065899016994
-oiŋ	0.500263839034	0.145956076352	0.0550811925766	0.298698892037
-eho	0.0	1.0	0.0	0.0
-uŋe	0.263859474274	0.603401021552	0.0560607948175	0.0766787093559
-ehi	0.12229501501	0.321385318351	0.212349590369	0.343970076269
-162	0.0	0.142857142857	0.0	0.857142857143
-gap	0.538461538461	0.461538461539	0.0	0.0
-kla	0.0	1.0	0.0	0.0
-mdi	0.138795504563	0.54125132848	0.0547339284174	0.265219238539
-gta	0.0	1.0	0.0	0.0
-tge	0.266110689917	0.42153146323	0.057619408643	0.254738438211
-dup	0.0724980051237	0.850919742976	0.00377976565453	0.0728024862458
-pai	0.0	1.0	0.0	0.0
-wat	0.22302230223	0.669266926693	0.0795079507951	0.028202820282
-dut	0.0854646390461	0.0670353249521	0.0199593899857	0.827540646016
-ihu	0.0	1.0	0.0	0.0
-ewe	0.513020204332	0.299966154617	0.0496224613678	0.137391179683
-/10	0.17032967033	0.686813186813	0.0549450549451	0.0879120879119
-yoŋ	0.263707547447	0.214179778619	0.0232904714993	0.498822202435
-sou	0.0	1.0	0.0	0.0
-ŋeu	0.893183598851	0.106816401149	0.0	0.0
-ŋet	0.0873015873016	0.68253968254	0.230158730159	0.0
-wii	0.0184049079755	0.957055214724	0.0245398773006	0.0
-waa	0.0	1.0	0.0	0.0
-aŋe	0.323024596852	0.388755434717	0.0401717931824	0.248048175249
-pap	0.0322580645161	0.870967741935	0.0645161290323	0.0322580645161
-wan	0.0	1.0	0.0	0.0
-wam	0.159618148224	0.648429480599	0.0574830630261	0.13446930815
-pas	0.0385342705248	0.961465729475	0.0	0.0
-wak	0.115612648221	0.574604743083	0.238636363636	0.0711462450592
-dum	0.1640625	0.3671875	0.46875	0.0
-wai	0.112129806741	0.863135677066	0.0217663742497	0.00296814194314
-kee	0.477832512315	0.285714285714	0.118226600985	0.118226600985
-num	0.0383964949897	0.858174438382	0.0547166327245	0.0487124339036
-uum	0.0	1.0	0.0	0.0
-kwa	0.0638297872341	0.808510638298	0.0	0.127659574468
-ini	0.00467872738615	0.976606363069	0.0	0.0187149095446
-ŋhi	0.132405360478	0.628275324319	0.139752883314	0.0995664318887
-kem	0.0	1.0	0.0	0.0
-sus	0.0	0.956989247312	0.0215053763441	0.0215053763441
-lbo	0.0	1.0	0.0	0.0
-kei	0.32961339179	0.179354324432	0.0717417297728	0.419290554006
-ael	0.008547008547	0.974358974359	0.017094017094	0.0
-1/3	0.53488372093	0.46511627907	0.0	0.0
-ket	0.329134720701	0.446878422782	0.18291347207	0.0410733844468
-nut	0.293103448276	0.681034482759	0.0258620689655	0.0
-905	0.0	1.0	0.0	0.0
-kat	0.413409588993	0.366706904028	0.0206265308753	0.199256976104
-kme	0.102125273669	0.814305548139	0.0133942080063	0.0701749701857
-sua	0.0	1.0	0.0	0.0
-did	0.0	1.0	0.0	0.0
-som	0.0	1.0	0.0	0.0
-fet	0.0185962947408	0.94285780951	0.00293994120118	0.0356059545476
-dia	0.252124645892	0.57790368272	0.0339943342776	0.13597733711
-kot	0.0	1.0	0.0	0.0
-dim	0.407662252122	0.341795788383	0.0537163393594	0.196825620136
-iip	0.0	0.074074074074	0.925925925926	0.0
-dit	0.365671641791	0.350746268657	0.044776119403	0.238805970149
-diu	0.411154345006	0.166018158236	0.0856031128405	0.337224383917
-fee	0.0859735369955	0.0523951427985	0.578420963411	0.283210356795
-dip	0.345523280484	0.582764340547	0.0103768853913	0.0613354935771
-dis	0.0	1.0	0.0	0.0
-fel	0.0	1.0	0.0	0.0
-mit	0.13130756955	0.796963220815	0.0352766604761	0.0364525491587
-fek	0.392280097993	0.395269482034	0.023871325245	0.188579094727
-san	0.0	1.0	0.0	0.0
-ska	0.0	1.0	0.0	0.0
-sok	0.0	1.0	0.0	0.0
-kim	0.0	1.0	0.0	0.0
-ihe	0.716216216216	0.189189189189	0.0135135135135	0.0810810810811
-tuŋ	0.226344452008	0.702178352621	0.0142954390742	0.0571817562968
-sko	0.0075440067058	0.974015088013	0.0	0.0184409052808
-uit	0.0	0.890625	0.0	0.109375
-afi	0.217391304348	0.260869565217	0.521739130435	0.0
-uka	0.425995640975	0.310481474143	0.210025757876	0.0534971270062
-one	0.209548490093	0.436427574309	0.0369550623587	0.317068873239
-uke	0.575443893972	0.196732723393	0.170867536976	0.0569558456587
-afo	0.509329779132	0.204112718964	0.257044935263	0.0295125666413
-afe	0.0	1.0	0.0	0.0
-tit	0.289699570815	0.527896995708	0.0	0.182403433476
-tiu	0.64367816092	0.273563218391	0.0827586206897	0.0
-efa	0.0	1.0	0.0	0.0
-tis	0.0	0.920133111481	0.0798668885191	0.0
-efo	0.0	1.0	0.0	0.0
-efi	0.18045112782	0.774436090226	0.0451127819549	0.0
-tie	0.0	1.0	0.0	0.0
-woŋ	0.328400146286	0.111112811316	0.028840150815	0.531646891583
-aia	0.0	0.99812909261	0.0	0.00187090739009
-tia	0.333333333333	0.0	0.0	0.666666666667
-aim	0.243353783231	0.719836400818	0.0	0.0368098159509
-tim	0.466666666667	0.380952380952	0.0761904761905	0.0761904761903
-aio	0.0	1.0	0.0	0.0
-ain	0.0421452499763	0.858043398584	0.0159483325658	0.0838630188736
-kku	0.230769230769	0.410256410256	0.0256410256411	0.333333333334
-aik	0.831155778894	0.168844221106	0.0	0.0
-tik	0.381269171051	0.366310102432	0.144619995192	0.107800731324
-eme	0.139590274427	0.793640955441	0.0304813950604	0.0362873750719
-uwe	0.176	0.661714285714	0.064	0.0982857142856
-ema	0.0855018368269	0.788361196786	0.0457242205764	0.0804127458106
-uwa	0.454450947312	0.455504915521	0.0279499419058	0.0620941952611
-uwo	0.105633802817	0.700551132884	0.162584200857	0.0312308634415
-emo	0.201680672269	0.747899159664	0.0504201680672	0.0
-ete	0.0	1.0	0.0	0.0
-aŋa	0.41575473874	0.323303176993	0.0705409990215	0.190401085246
-at’	0.307692307692	0.230769230769	0.230769230769	0.230769230769
-tbe	0.208163265306	0.669387755102	0.0244897959184	0.0979591836734
-840	0.0	0.142857142857	0.0	0.857142857143
-ems	0.0	0.998870694523	0.0	0.00112930547713
-tbo	0.320433436533	0.670278637771	0.0	0.00928792569659
-das	0.0302741812643	0.936214775324	0.002284843869	0.031226199543
-iŋ’	0.0	1.0	0.0	0.0
-dal	0.0	1.0	0.0	0.0
-eŋa	0.340941056467	0.204591164357	0.0696077054276	0.384860073748
-set	0.0	1.0	0.0	0.0
-eŋe	0.381679389313	0.154852780807	0.46346782988	0.0
-ana	0.178655658481	0.737252971234	0.0267983487722	0.057293021513
-uku	0.340160559901	0.328427336352	0.0782214903252	0.253190613421
-mda	0.705882352941	0.141176470588	0.117647058824	0.0352941176471
-pdi	0.217698989576	0.666500034834	0.0387999574661	0.0770010181246
-mde	0.030654352525	0.841422676361	0.000589506779328	0.127333464335
-guŋ	0.573793603339	0.193786389257	0.0627962805166	0.169623726888
-lea	0.0983606557378	0.901639344262	0.0	0.0
-mŋa	0.605435290453	0.214413642735	0.0488631054353	0.131287961377
-kne	0.339220331682	0.406261625516	0.0520823135512	0.20243572925
