-øri	0.036444902871	0.94189444731	0.0108303249097	0.0108303249097
-ørk	0.174453206368	0.302187174528	0.507736943907	0.0156226751971
-ivs	0.0806257521059	0.778580024067	0.0770156438027	0.063778580024
-ivt	0.499413833529	0.277842907386	0.0797186400938	0.143024618992
-rbu	0.833333333333	0.0	0.166666666667	0.0
-ørn	0.14990512334	0.819734345351	0.0303605313093	0.0
-øra	0.827289254617	0.10582719357	0.0203808248014	0.0465027270118
-rby	0.375	0.5	0.125	0.0
-øre	0.835531469021	0.0901964784677	0.0207230209249	0.0535490315861
-ørd	0.574840764331	0.246815286624	0.0573248407643	0.12101910828
-eus	0.00640683395622	0.984427834134	0.00284748175832	0.00631785015127
-a’r	0.0	0.0	0.0	1.0
-iva	0.842379592041	0.0914649426152	0.039492808099	0.0266626572445
-rba	0.0	0.957894736842	0.0421052631578	0.0
-ivd	0.212154696133	0.577900552486	0.113812154696	0.0961325966851
-ive	0.810240357332	0.129205541419	0.0402792270001	0.0202748742482
-rbe	0.0100840336134	0.987394957983	0.00252100840336	0.0
-zek	0.0	0.933333333333	0.0666666666667	0.0
-ivi	0.623839009288	0.321981424149	0.0356037151703	0.0185758513932
-rbi	0.455590897969	0.107169072669	0.0381698067042	0.399070222657
-ørr	0.252631578947	0.263157894737	0.484210526316	0.0
-ørt	0.864394567136	0.0666498540909	0.0374319991354	0.0315235796376
-uft	0.0236220472441	0.897075365579	0.0793025871766	0.0
-aup	0.15376285869	0.744450460206	0.0433134813211	0.0584731997834
-aus	0.245410021955	0.393664503366	0.292986561799	0.0679389128809
-aur	0.0869565217391	0.739130434783	0.173913043478	0.0
-aut	0.660026435045	0.13916163142	0.0351208459214	0.165691087613
-auv	0.278637770898	0.513931888545	0.201238390093	0.0061919504644
-rpå	0.24924216908	0.211855843718	0.0303132367801	0.508588750421
-kyn	0.368932038835	0.550970873786	0.0242718446602	0.0558252427185
-ufe	0.0	1.0	0.0	0.0
-aud	0.469407818542	0.234886915992	0.235353715744	0.0603515497222
-aug	0.233333333333	0.607264957265	0.143162393162	0.0162393162393
-mæt	0.399350649351	0.396103896104	0.0681818181818	0.136363636364
-auk	0.654676258993	0.280575539568	0.0431654676259	0.021582733813
-rgs	0.416666666667	0.583333333333	0.0	0.0
-aum	0.0950946643717	0.880952380952	0.0162076878944	0.00774526678141
-aul	0.00206355757326	0.997111019397	0.000825423029302	0.0
-bab	0.0350000000001	0.955	0.01	0.0
-svi	0.0776699029126	0.456310679612	0.427184466019	0.0388349514563
-ørg	0.522222222222	0.322222222222	0.133333333333	0.0222222222222
-sva	0.0163424124514	0.926459143969	0.0	0.0571984435797
-dro	0.571428571429	0.142857142857	0.0	0.285714285714
-idn	0.25	0.5	0.25	0.0
-åen	0.148734177215	0.56329113924	0.284810126582	0.00316455696202
-idi	0.0718111257558	0.866681311325	0.0186719387435	0.0428356241762
-rpa	0.0578406169666	0.903598971722	0.0154241645244	0.0231362467866
-idd	0.598041800178	0.279412911346	0.097594391989	0.0249508964872
-ide	0.382746611772	0.469490698544	0.0721219218338	0.0756407678501
-rpe	0.0445368171022	0.560570071259	0.391923990499	0.00296912114014
-ida	0.362242485395	0.489747819061	0.071953294586	0.0760564009576
-’ur	0.0	1.0	0.0	0.0
-ået	0.260869565217	0.739130434783	0.0	0.0
-idt	0.228935900297	0.456595366466	0.0505287804572	0.26393995278
-ids	0.024926293219	0.963012597159	0.0110560171536	0.00100509246851
-åes	0.679291174427	0.195969423211	0.0684503127171	0.0562890896456
-åer	0.0207612456747	0.944636678201	0.0346020761246	0.0
-mæl	0.90099009901	0.0792079207921	0.019801980198	0.0
-uta	0.423990498812	0.547505938242	0.0	0.0285035629454
-ute	0.281957633309	0.314243973704	0.114097881665	0.289700511322
-såg	0.965341643232	0.0216940466237	0.000456031010109	0.0125082791344
-uti	0.167493796526	0.67617866005	0.0930521091811	0.0632754342431
-uts	0.0	1.0	0.0	0.0
-utt	0.488483234096	0.211454089627	0.170662279327	0.12940039695
-id’	0.5	0.0	0.5	0.0
-ø’r	0.25	0.25	0.5	0.0
-såt	0.25	0.75	0.0	0.0
-sår	0.407114357206	0.535402718604	0.0465273551092	0.010955569081
-ufs	0.333333333333	0.611111111111	0.0555555555556	0.0
-nak	0.0	1.0	0.0	0.0
-gys	0.4	0.4	0.0	0.2
-øma	0.780970296429	0.16623683971	0.0185685245305	0.0342243393307
-num	0.332075471698	0.328301886792	0.203773584906	0.135849056604
-zim	0.0	1.0	0.0	0.0
-ng’	0.25	0.5	0.0	0.25
-ræe	0.6	0.4	0.0	0.0
-ija	0.0165745856354	0.983425414365	0.0	0.0
-ufl	0.0	1.0	0.0	0.0
-kov	0.711538461538	0.288461538462	0.0	0.0
-ian	0.0	0.948051948052	0.0519480519481	0.0
-zia	0.0	1.0	0.0	0.0
-iah	0.0	1.0	0.0	0.0
-lpt	0.826313298628	0.0866067203029	0.0170373876006	0.070042593469
-yar	0.0306159202786	0.93542356311	0.0301013669966	0.00385914961494
-oft	0.0	1.0	0.0	0.0
-ofs	0.0	1.0	0.0	0.0
-nus	0.0183066361556	0.978642257818	0.0	0.00305110602594
-lpe	0.646698113208	0.262735849057	0.0396226415094	0.0509433962264
-lpa	0.642140468227	0.238573021182	0.0133779264214	0.105908584169
-off	0.666666666667	0.333333333333	0.0	0.0
-lpi	0.237113402062	0.592783505155	0.113402061856	0.0567010309278
-ofa	0.0	1.0	0.0	0.0
-fis	0.0	1.0	0.0	0.0
-rau	0.48	0.44	0.0799999999999	0.0
-add	0.445076835515	0.324416619237	0.157085941947	0.0734206033011
-ade	0.575439230099	0.219190159546	0.179494805719	0.0258758046356
-ada	0.258840169731	0.728429985856	0.0	0.012729844413
-adi	0.0212765957447	0.978723404255	0.0	0.0
-adt	0.330545991146	0.214953271028	0.131333005411	0.323167732415
--ti	0.0	0.0	0.4	0.6
-ads	0.0186954715413	0.917739925218	0.0523473203158	0.0112172829248
-fli	0.0	1.0	0.0	0.0
-sen	0.124012338521	0.57272327132	0.037819494478	0.265444895681
-sem	0.0	1.0	0.0	0.0
-sel	0.161129665436	0.755547608513	0.058350153452	0.0249725725993
-sek	0.0	0.991452991453	0.00854700854701	0.0
-oes	0.205882352941	0.764705882353	0.0294117647059	0.0
-æne	0.0863073888091	0.0584648493544	0.564921090387	0.290306671449
-seg	0.168834355955	0.0260672098134	0.00494445136933	0.800153982862
-sef	0.00159553250897	0.997207818109	0.000797766254487	0.000398883127244
-uis	0.0	1.0	0.0	0.0
-sed	0.106308411215	0.644859813084	0.241822429907	0.00700934579441
-lba	0.0	1.0	0.0	0.0
-sea	0.0127388535032	0.980891719745	0.00636942675159	0.0
-fly	0.843616371411	0.100794135614	0.00610873549176	0.0494807574832
-ohe	0.0	1.0	0.0	0.0
-oha	0.0	1.0	0.0	0.0
-ænt	0.0997624703087	0.277909738717	0.577197149644	0.0451306413301
-sev	0.0645161290322	0.903225806452	0.0322580645161	0.0
-set	0.301372361561	0.627328736353	0.0405795966033	0.030719305483
-ses	0.0863688482037	0.88528349524	0.0214568230456	0.00689083351074
-ser	0.620543024106	0.317084261636	0.0279543997198	0.034418314538
-bli	0.920356793928	0.0213006427113	0.00411395504788	0.0542286083128
-ble	0.697612732096	0.205128205128	0.0309460654288	0.0663129973474
-bla	0.18407960199	0.771144278607	0.0447761194029	0.0
-mti	0.00523210185158	0.0660698194925	0.0222364328692	0.906461645787
-bly	0.0	1.0	0.0	0.0
-mta	0.0957446808511	0.170212765957	0.707446808511	0.0265957446808
-mte	0.534461613932	0.115403482953	0.327814569536	0.0223203335786
-fór	0.846552042891	0.0726566833056	0.018302828619	0.062488445184
-veg	0.220975954482	0.613133527824	0.0111439288238	0.15474658887
-sæa	0.0	1.0	0.0	0.0
-sæd	0.0841457157517	0.882503848127	0.0230887634684	0.0102616726526
-ra-	0.0	1.0	0.0	0.0
-er-	0.0	1.0	0.0	0.0
-sær	0.12012012012	0.18018018018	0.048048048048	0.651651651652
--or	0.0	1.0	0.0	0.0
-zon	0.0	1.0	0.0	0.0
-ke-	0.2	0.630769230769	0.0769230769231	0.0923076923077
-ømt	0.793271100739	0.116102683781	0.0725398677557	0.0180863477246
-åts	0.2	0.6	0.2	0.0
-ått	0.670397674587	0.109227339388	0.055406125254	0.164968860771
-rav	0.116940746541	0.74697642043	0.0668232837379	0.0692595492909
-rat	0.0640507649935	0.0897365898641	0.00304541428554	0.843167230857
-ers	0.0435142193866	0.250686896768	0.0172390002207	0.688559883625
-ert	0.712431022549	0.0376181002214	0.0211524084796	0.22879846875
-ras	0.027963934365	0.951259123747	0.0133286042301	0.00744833765798
-rap	0.780587284541	0.198151583195	0.00455595691366	0.0167051753501
-ran	0.0668539325843	0.420739700375	0.0137640449438	0.498642322097
-rao	0.00389105058366	0.995401485674	0.000707463742484	0.0
-ram	0.263349037073	0.218520250408	0.014090106644	0.504040605875
-raj	0.0222222222222	0.977777777778	0.0	0.0
-rak	0.0755885997522	0.847583643123	0.0743494423791	0.00247831474597
-rah	0.0	1.0	0.0	0.0
-åte	0.241241370411	0.474740305826	0.0636170075489	0.220401316214
-raf	0.0	1.0	0.0	0.0
-rag	0.500464080193	0.440133655096	0.0326712455912	0.0267310191201
-rad	0.00250128493136	0.0762129427238	0.00125064246568	0.920035129879
-åti	0.0333333333333	0.633333333333	0.333333333333	0.0
-erd	0.121738871654	0.710324709872	0.120089935354	0.0478464831195
-ere	0.157745127149	0.478697692966	0.165655722992	0.197901456894
-erg	0.16154545663	0.802294037184	0.0233224566525	0.0128380495335
--og	0.3	0.585714285714	0.0714285714286	0.0428571428571
-ugt	0.218189233279	0.261827079935	0.249592169657	0.270391517129
-ugs	0.260273972603	0.63698630137	0.00684931506849	0.0958904109589
-oze	0.0	1.0	0.0	0.0
-blå	0.0	0.25641025641	0.74358974359	0.0
-a’i	0.0	1.0	0.0	0.0
-ugg	0.659675615212	0.273210290828	0.00671140939599	0.0604026845638
-uge	0.134555551066	0.179773164141	0.350384418193	0.335286866599
-azi	0.0588235294119	0.911764705882	0.0	0.0294117647059
-uga	0.352469491433	0.486172965856	0.126268382083	0.0350891606266
-bom	0.0540540540541	0.851351351351	0.0945945945945	0.0
-ugo	0.0836843069035	0.832494048709	0.00833180736129	0.0754898370262
-eik	0.174084962102	0.724267640954	0.0766171070057	0.0250302899381
-ugl	0.034561805678	0.928407688238	0.0343854699348	0.00264503614883
-aza	0.0	1.0	0.0	0.0
-ike	0.0913004364281	0.510101440481	0.191116680288	0.207481442803
-ika	0.38046478497	0.553913275755	0.0339239604666	0.0316979788087
-iko	0.00173460537728	0.998265394623	0.0	0.0
-ikn	0.0381861575179	0.870127287192	0.0865155131265	0.00517104216388
-nor	0.0441429750283	0.784821829064	0.0296044184064	0.141430777501
-nos	0.0275229357798	0.97247706422	0.0	0.0
-not	0.0398406374502	0.848605577689	0.111553784861	0.0
-iki	0.0500647388865	0.89814415192	0.0388433318948	0.0129477772982
-ikt	0.16232172598	0.360407374083	0.151938281295	0.325332618642
-iks	0.0591831064185	0.904973603779	0.0225062517366	0.0133370380661
-nom	0.0101895492331	0.05865923881	0.00101736529005	0.930133846667
-non	0.00168067226891	0.99243697479	0.00588235294117	0.0
-noa	0.0	0.925925925926	0.074074074074	0.0
-nob	0.0126582278481	0.987341772152	0.0	0.0
-nod	0.0	1.0	0.0	0.0
-nof	0.0	1.0	0.0	0.0
-pyr	0.741935483871	0.258064516129	0.0	0.0
-pya	0.031746031746	0.968253968254	0.0	0.0
--ir	0.0	1.0	0.0	0.0
-pyd	0.014164305949	0.968838526912	0.0113314447592	0.0056657223796
-gla	0.70699881376	0.249110320285	0.0284697508897	0.0154211150652
-vor	0.0873160930411	0.198085722033	0.0183650749683	0.696233109958
-tob	0.0	1.0	0.0	0.0
-gle	0.462057335582	0.512647554806	0.0210792580101	0.00421585160202
-vov	0.571428571429	0.214285714286	0.0	0.214285714286
-ton	0.0	1.0	0.0	0.0
-gli	0.0	0.966666666667	0.0	0.0333333333333
-tol	0.118157318511	0.843439447532	0.022738756948	0.0156644770086
-tom	0.198523379819	0.346185397867	0.415914684167	0.0393765381461
-tok	0.881432086598	0.0192991864462	0.00398024815788	0.0952884787982
-toi	0.0	1.0	0.0	0.0
-tot	0.0	1.0	0.0	0.0
-ngs	0.179455136216	0.574106473382	0.176122636008	0.0703157543947
-glt	0.638297872341	0.259574468085	0.0	0.102127659574
-top	0.194001874414	0.179943767573	0.115276476101	0.510777881912
-vog	0.525333333333	0.450666666667	0.008	0.016
-dol	0.0	1.0	0.0	0.0
-von	0.166343777139	0.81000734852	0.0096198810876	0.0140289932527
-rot	0.10554505356	0.827576330412	0.0411009910065	0.0257776250215
-rov	0.416237113402	0.546391752577	0.0257731958763	0.0115979381443
-ypa	0.942615888334	0.0511804239186	0.00206789591591	0.00413579183181
-rop	0.338201820941	0.550265553869	0.0773899848255	0.0341426403642
-iel	0.0086632976065	0.969678458377	0.00333203754096	0.0183262064753
-ror	0.270910971244	0.690989782659	0.0191261275588	0.0189731185383
-ien	0.0982963469531	0.736523706103	0.00533565797681	0.159844288967
-roz	0.0	1.0	0.0	0.0
-rod	0.0	1.0	0.0	0.0
-roe	0.0	1.0	0.0	0.0
-rog	0.879933424995	0.0629567986106	0.00390766336204	0.0532021130328
-roa	0.662895927602	0.101809954751	0.140271493213	0.0950226244343
-rom	0.0951971136341	0.785889245639	0.0590844394426	0.0598292012843
-ies	0.673538070034	0.131462645214	0.123323871978	0.0716754127736
-ier	0.845372768212	0.105549605064	0.0110526150372	0.0380250116862
-iet	0.107955671627	0.667906910827	0.209595443515	0.0145419740319
-rok	0.0705218617771	0.863187588152	0.0423131170663	0.0239774330042
-vsa	0.333333333333	0.6	0.0666666666667	0.0
-vsi	0.666666666667	0.166666666667	0.166666666667	0.0
-vst	0.218446601942	0.555825242719	0.0436893203884	0.182038834951
-ært	0.816973563385	0.0517616354937	0.0453820501667	0.0858827509545
-ærs	0.264150943396	0.735849056604	0.0	0.0
-eft	0.555555555556	0.355555555556	0.0444444444444	0.0444444444444
-sau	0.00711743772242	0.9871886121	0.00284697508897	0.00284697508897
-nag	0.333333333333	0.5	0.166666666667	0.0
-nga	0.667832200697	0.226511512782	0.0330861273252	0.0725701591957
-ar’	0.0	0.2	0.55	0.25
-tia	0.0	0.992779783394	0.0072202166065	0.0
-’at	0.0	1.0	0.0	0.0
-ols	0.111111111111	0.888888888889	0.0	0.0
-’as	0.0	1.0	0.0	0.0
-’ar	0.0752351097179	0.830721003135	0.0940438871473	0.0
-ddo	0.0	1.0	0.0	0.0
-’af	0.166666666667	0.833333333333	0.0	0.0
-tim	0.089519650655	0.890829694323	0.0131004366812	0.00655021834061
-’am	0.0	1.0	0.0	0.0
-’al	0.0	0.969753547423	0.0257654966393	0.00448095593726
-’an	0.00813008130082	0.947154471545	0.0447154471545	0.0
-’ai	0.0	1.0	0.0	0.0
-kks	0.230769230769	0.615384615385	0.153846153846	0.0
-’ak	0.0	1.0	0.0	0.0
-dds	0.0	0.555555555555	0.444444444445	0.0
-yke	0.221360895779	0.301033591731	0.450473729544	0.0271317829457
-ærd	0.376348381942	0.385537355174	0.181781861766	0.0563324011186
-hyl	0.166666666667	0.574074074074	0.222222222222	0.037037037037
-tit	0.0937499999999	0.71875	0.0937499999999	0.0937499999999
-ar-	0.145736434108	0.835658914729	0.0	0.0186046511628
-oll	0.0983735260835	0.780029446672	0.0611611290117	0.0604358982329
-olm	0.4	0.4	0.2	0.0
-fst	0.616942909761	0.0441988950276	0.313075506446	0.0257826887661
-lei	0.401486988848	0.442379182156	0.133828996283	0.0223048327138
-lek	0.065445026178	0.883507853403	0.0471204188482	0.00392670157068
-ois	0.0	1.0	0.0	0.0
-lem	0.0196308793596	0.874400622942	0.0044944741192	0.101474023579
-len	0.0238593325328	0.921569223499	0.0433143435108	0.0112571004572
-mum	0.42186637217	0.261181667587	0.0091109884042	0.307840971839
-lea	0.00337756332931	0.993148371532	0.00173703256936	0.00173703256936
-leb	0.0	1.0	0.0	0.0
-yte	0.416297101657	0.415896540872	0.126605819576	0.0412005378959
-led	0.551967738245	0.227905846013	0.170275140144	0.0498512755978
-lef	0.0	1.0	0.0	0.0
-leg	0.154418092388	0.182187097844	0.333982046565	0.329412763203
-fse	0.628681177977	0.314980793854	0.033290653009	0.0230473751601
-fsa	0.794188861986	0.133171912833	0.0435835351089	0.0290556900726
-mus	0.00155763239875	0.995327102804	0.00311526479751	0.0
-mur	0.0340632603406	0.928223844282	0.0377128953771	0.0
-lep	0.0	1.0	0.0	0.0
-ler	0.187652205404	0.250170741629	0.0156710353946	0.546506017572
-les	0.560249830213	0.162622659584	0.0617325996164	0.215394910586
-let	0.279891846592	0.62124273464	0.0196226745837	0.0792427441841
-fsi	0.363636363636	0.636363636364	0.0	0.0
-lev	0.918193121781	0.00948029860557	0.00382070325712	0.068505876356
-spå	0.205683355886	0.763193504736	0.0257104194858	0.00541271989175
-ykk	0.01751956441	0.0340076852934	0.00237465450194	0.946098095795
-san	0.0143581081081	0.972972972973	0.0101351351351	0.00253378378378
-yki	0.107438016529	0.338842975207	0.404958677686	0.148760330579
-ls-	0.0434782608696	0.95652173913	0.0	0.0
-ivr	0.0	0.8	0.0	0.2
-le-	0.25	0.5	0.25	0.0
-fyk	1.0	0.0	0.0	0.0
-tla	0.715524939406	0.156907768848	0.0428626100268	0.0847046817195
-yft	0.77270471464	0.120595533499	0.072952853598	0.033746898263
-lst	0.845163511188	0.0506712564544	0.0247848537005	0.0793803786575
-pel	0.0348819020804	0.951274831847	0.0105584232755	0.00328484279681
-pen	0.17317886593	0.73914721895	0.0606514056481	0.0270225094718
-ogt	0.888888888889	0.0	0.111111111111	0.0
-rpt	0.224066390042	0.0259336099585	0.376556016597	0.373443983403
-ogi	0.137902785363	0.748771163299	0.0887493173129	0.0245767340251
-lsa	0.401253750536	0.556043720531	0.0109301328761	0.0317723960566
-pep	0.666666666667	0.333333333333	0.0	0.0
-tle	0.0643564356435	0.282178217822	0.653465346535	0.0
-per	0.531744159903	0.395487160073	0.0277965140938	0.0449721659298
-lse	0.246389856669	0.68137209823	0.0442378898574	0.0280001552442
-oga	0.0679165192784	0.909444640962	0.0143261407853	0.00831269897418
-lsk	0.260300136426	0.330627557981	0.347066848568	0.062005457026
-oge	0.113584619276	0.858335441437	0.0174550973944	0.0106248418922
-ogg	0.741798215511	0.217844886754	0.00936856554565	0.0309883321894
-ølv	0.0603659805845	0.246541729482	0.098276068705	0.594816221228
-ølt	0.684210526316	0.105263157895	0.210526315789	0.0
-eja	0.0	0.995532390171	0.00446760982874	0.0
-ess	0.0900924670099	0.255799285164	0.0701232206387	0.583985027188
-itt	0.189885268122	0.0681789080226	0.0405244932446	0.701411330611
-itu	0.23166023166	0.332046332046	0.127413127413	0.30888030888
-itr	0.0	0.818181818182	0.181818181818	0.0
-ter	0.243043844338	0.406982999011	0.0265204761034	0.323452680548
-esu	0.000369581018319	0.972071994382	0.00285809320833	0.024700331391
-est	0.306791919951	0.413876690162	0.163690689034	0.115640700853
-ølg	0.903041825095	0.0551330798479	0.00760456273764	0.0342205323194
-jan	0.0	0.950310559006	0.0496894409938	0.0
-øle	0.342691990091	0.578034682081	0.00990916597853	0.0693641618497
-rie	0.0294235388311	0.254403522818	0.692754203363	0.023418734988
-øla	0.6	0.342857142857	0.0571428571428	0.0
-iti	0.0229306487696	0.137024608501	0.765100671141	0.0749440715883
-rib	0.0	1.0	0.0	0.0
-esa	0.216828478964	0.778317152103	0.00323624595469	0.00161812297735
-ite	0.340875701874	0.181665592908	0.384275320712	0.0931833845053
-ølk	0.0143540669857	0.973684210526	0.011961722488	0.0
-ese	0.881086142322	0.102059925094	0.00187265917603	0.0149812734082
-ita	0.738530015572	0.155670385529	0.0307336876274	0.0750659112715
-uds	0.00298718184548	0.858133493488	0.00931791108994	0.129561413576
-spe	0.188073394496	0.784403669725	0.0275229357798	0.0
-udt	0.579502539393	0.186873290793	0.19377523115	0.0398489386639
-fak	0.0	1.0	0.0	0.0
-fah	0.0	1.0	0.0	0.0
-gru	0.136612021858	0.732240437159	0.0983606557377	0.0327868852459
-fan	0.0579710144927	0.927536231884	0.0144927536232	0.0
-fal	0.0	1.0	0.0	0.0
-fam	0.0	1.0	0.0	0.0
-far	0.0666592724047	0.919777538344	0.00183800228166	0.0117251869692
-fas	0.0113100848256	0.954759660697	0.0131950989632	0.0207351555137
-uda	0.00468524747717	0.989908697741	0.00162181643441	0.00378423834695
-fat	0.0704945237305	0.90282110853	0.0179223365417	0.00876203119815
-ude	0.038554657165	0.280868850212	0.677767118907	0.00280937371522
-faz	0.0638297872341	0.936170212766	0.0	0.0
-spy	0.546199362768	0.453800637232	0.0	0.0
-udi	0.112805846838	0.84310454401	0.0148951382269	0.0291944709247
-udn	0.193832599119	0.656387665198	0.140969162995	0.00881057268723
-gry	0.133333333333	0.666666666667	0.08	0.12
-b’a	0.0	1.0	0.0	0.0
-fyr	1.0	0.0	0.0	0.0
-it-	0.0	1.0	0.0	0.0
-es’	0.0367435812139	0.915474642393	0.0302416306287	0.0175401457647
-mgå	0.666666666667	0.333333333333	0.0	0.0
-ael	0.0019518952273	0.994354195525	0.00138521596776	0.0023086932796
-aen	0.0	1.0	0.0	0.0
-aes	0.428571428571	0.571428571429	0.0	0.0
-lså	1.0	0.0	0.0	0.0
-rir	0.701397712834	0.195679796696	0.0800508259212	0.0228716645489
-iår	0.4	0.6	0.0	0.0
-øbe	0.0532544378698	0.94674556213	0.0	0.0
-tee	0.185185185185	0.240740740741	0.537037037037	0.037037037037
-vns	0.0651260834683	0.897434284006	0.0235964070537	0.0138432254715
-kre	0.0442172755867	0.0592184853617	0.116985240745	0.779578998306
-tne	0.261152779904	0.529312720037	0.161998061126	0.047536438934
-kra	0.449029126214	0.368932038835	0.0970873786408	0.0849514563107
-tni	0.0783758262512	0.887629839471	0.0188857412653	0.0151085930123
-kro	0.0	1.0	0.0	0.0
-teg	0.781580891406	0.0746121644915	0.0485102191578	0.0952967249446
-kri	0.0	1.0	0.0	0.0
-vna	0.524838012959	0.147653642254	0.0589043785588	0.268603966228
-ipi	0.0705882352941	0.905882352941	0.0235294117647	0.0
-vne	0.524091293322	0.278468783963	0.116934347704	0.0805055750111
-ndu	0.0	1.0	0.0	0.0
-ebb	0.666666666667	0.333333333333	0.0	0.0
-eas	0.00526685393258	0.978054775281	0.00210674157303	0.0145716292135
-rnt	0.0	0.0416666666667	0.375	0.583333333333
-rns	0.0442023026316	0.786184210526	0.0277549342105	0.141858552632
-rds	0.458722533582	0.460368294636	0.0170358509029	0.0638733208789
-gti	0.100677200903	0.828893905192	0.0370203160271	0.0334085778781
-gro	0.421052631579	0.40350877193	0.0701754385965	0.105263157895
-rne	0.0590606819836	0.880634668557	0.0369763939681	0.0233282554909
-eab	0.0	1.0	0.0	0.0
-ead	0.0	0.997792494481	0.00220750551876	0.0
-rna	0.0804948010039	0.869487271424	0.0419505198996	0.008067407673
-rno	0.0137551581843	0.970426409904	0.0103163686382	0.00550206327371
-eah	0.0	1.0	0.0	0.0
-eam	0.0339218926677	0.964512481517	0.00156562581543	0.0
-eal	0.0	1.0	0.0	0.0
-rni	0.0382257280646	0.915791244532	0.0297207372238	0.0162622901791
-ean	0.0	0.257575757576	0.742424242424	0.0
-uri	0.0427314620863	0.847926267281	0.0515291160453	0.0578131545873
-urk	0.0	1.0	0.0	0.0
-fòr	0.75	0.25	0.0	0.0
-uro	0.320493066256	0.318952234207	0.314329738059	0.0462249614792
-ura	0.439588688946	0.300771208226	0.149100257069	0.110539845758
-urd	0.313170441001	0.227949940405	0.277115613826	0.181764004768
-ure	0.354316546763	0.267985611511	0.21582733813	0.161870503597
-rn’	0.270386266094	0.606829632394	0.0477701063631	0.0750139951483
-urr	0.58174904943	0.273764258555	0.117870722433	0.0266159695818
-urs	0.00664451827243	0.980066445183	0.0	0.0132890365448
-urt	0.296165677732	0.0690924536316	0.0183542918924	0.616387576744
-uru	1.0	0.0	0.0	0.0
-urv	0.0794117647059	0.898529411765	0.0220588235294	0.0
-zni	0.0	1.0	0.0	0.0
-åls	0.0441176470588	0.838235294118	0.0294117647058	0.0882352941177
-rn-	0.2	0.8	0.0	0.0
-låk	0.086220169361	0.210161662818	0.657428791378	0.0461893764434
-lån	0.833540372671	0.0993788819875	0.0223602484472	0.0447204968944
-pja	1.0	0.0	0.0	0.0
-låg	0.814853150472	0.0736188381422	0.0201837236382	0.0913442877474
-nn-	0.25	0.25	0.5	0.0
-lår	0.626757837698	0.219455554122	0.0601212746742	0.0936653335055
-lås	0.484061393152	0.415584415584	0.0826446280991	0.0177095631641
-låt	0.256	0.744	0.0	0.0
--ty	0.0	0.0	1.0	0.0
-arv	0.201230427357	0.722783481821	0.0396288142219	0.0363572765992
-rnæ	0.0	1.0	0.0	0.0
-åli	0.19265143992	0.754716981132	0.0367428003972	0.0158887785502
-ipt	0.715756951596	0.231719876416	0.0278063851699	0.0247167868178
-iha	0.0	1.0	0.0	0.0
-nns	0.0941471515234	0.73324973735	0.0707628698275	0.101840241299
-nnu	0.0935503963068	0.0219342704657	0.0568507956669	0.827664537561
-nnt	0.442741935484	0.252419354839	0.108870967742	0.195967741935
-nni	0.158747202811	0.4549078055	0.0429940340945	0.343350957594
-klo	0.934782608696	0.0434782608696	0.0217391304348	0.0
-nno	0.069844789357	0.0820399113082	0.0631929046564	0.784922394678
-ihu	0.0140845070423	0.947183098592	0.0281690140845	0.0105633802817
-kle	0.65	0.15	0.15	0.0499999999999
-nna	0.388694640353	0.457754973727	0.0584926756132	0.0950577103076
-kla	0.451127819549	0.548872180451	0.0	0.0
-nne	0.172170743261	0.119270724248	0.0486887444276	0.659869788063
-åge	0.0977443609022	0.221052631579	0.491729323308	0.189473684211
--fe	0.152173913043	0.709486166008	0.138339920949	0.0
-pån	0.0	1.0	0.0	0.0
-påt	0.204301075269	0.537634408602	0.193548387097	0.0645161290323
-pår	0.658914728682	0.255813953488	0.0387596899225	0.046511627907
-rmi	0.0	1.0	0.0	0.0
-gag	0.0967741935483	0.903225806452	0.0	0.0
-jja	0.0	1.0	0.0	0.0
-mdi	0.38961038961	0.467532467532	0.090909090909	0.0519480519481
-ygt	0.492307692308	0.208472686733	0.0775919732442	0.221627647715
-mda	0.0	0.8	0.2	0.0
-mde	0.820454280237	0.0978339604481	0.0566495318663	0.0250622274487
-jem	0.694120927667	0.0651012580151	0.00418277515008	0.236595039168
-myg	0.625	0.375	0.0	0.0
-ygg	0.296385542169	0.547469879518	0.0881927710843	0.0679518072289
-yge	0.786666666667	0.133333333333	0.0533333333333	0.0266666666667
-ygd	0.29195777509	0.557037680683	0.0805514131724	0.0704531310546
-ygn	0.175938803894	0.715577190542	0.0403337969402	0.0681502086231
-vre	0.0474308300395	0.241106719368	0.640316205534	0.0711462450593
-åkn	0.25641025641	0.397435897436	0.059829059829	0.286324786325
-vra	0.86301369863	0.109589041096	0.027397260274	0.0
-vri	0.314285714286	0.685714285714	0.0	0.0
-frø	0.142993326978	0.746186844614	0.0786463298379	0.03217349857
-hja	0.0	1.0	0.0	0.0
-frå	0.045125626781	0.0213256430164	0.00228961078698	0.931259119416
-md’	0.428571428571	0.571428571429	0.0	0.0
-zki	0.0	1.0	0.0	0.0
-hjo	0.0	1.0	0.0	0.0
-æri	0.555555555556	0.444444444444	0.0	0.0
-eiv	0.82789038861	0.112210344599	0.0285979872329	0.0313012795584
-vud	0.0226971817666	0.927179875166	0.0336674862871	0.0164554567808
-ld-	0.571428571428	0.428571428572	0.0	0.0
-myr	0.4	0.0	0.6	0.0
-dpå	0.234200743494	0.197026022305	0.0	0.568773234201
-aja	0.0094985190481	0.98805025023	0.00183842304157	0.000612807680523
-ld’	0.2	0.4	0.133333333333	0.266666666667
-uhi	0.0	1.0	0.0	0.0
-æli	0.08016306305	0.893115915933	0.00302502124717	0.0236959997695
-mra	0.40133037694	0.482261640798	0.0931263858094	0.0232815964523
-fru	0.0238095238095	0.365873015873	0.598412698413	0.0119047619048
-dba	0.0	1.0	0.0	0.0
-mre	0.294803577494	0.596626287784	0.0586437224046	0.0499264123174
-æla	0.47652916074	0.36036036036	0.0919867235657	0.0711237553343
-mri	0.0188679245283	0.981132075472	0.0	0.0
-lda	0.692492144865	0.188991786561	0.0242268893666	0.0942891792073
-ypp	0.421052631579	0.473684210526	0.105263157895	0.0
-æle	0.454978229536	0.342878217118	0.160484256399	0.0416592969476
-lde	0.353406914015	0.057301136864	0.0227434964189	0.566548452702
-fre	0.719294172278	0.247968423497	0.00557232412352	0.0271650801022
-hjå	0.0418921844555	0.0466070096943	0.00791417093647	0.903586634914
-fra	0.0531328141913	0.0331688180917	0.00523895535304	0.908459412364
-lds	0.0876912537109	0.747887645581	0.0383649234985	0.126056177209
-æls	0.125	0.625	0.25	0.0
-ælt	0.333333333333	0.324596774193	0.227150537634	0.114919354839
-fri	0.448916408669	0.101182099634	0.400084435688	0.049817056009
-ldt	0.740613482828	0.0998846976478	0.0510117113749	0.10849010815
-bja	0.0	0.994296577947	0.00570342205323	0.0
-erm	0.198198198198	0.459459459459	0.333333333333	0.009009009009
-usk	0.154362416107	0.805369127517	0.0402684563758	0.0
-usj	0.0	1.0	0.0	0.0
-usi	0.031233732431	0.933628318584	0.0247267048412	0.0104112441437
-usa	0.444444444444	0.377777777778	0.133333333333	0.0444444444444
-use	0.194750960033	0.218753068745	0.546699193211	0.0397967780115
-åna	0.866261398176	0.115501519757	0.0182370820669	0.0
-år-	0.0	0.5	0.5	0.0
-uss	0.242424242424	0.636363636364	0.0606060606061	0.0606060606061
-tså	0.161795035915	0.0635801152123	0.020908896949	0.753715951924
-høy	0.0	1.0	0.0	0.0
-epe	0.828281117697	0.167654530059	0.00101608806097	0.0030482641829
-epa	0.823762376238	0.175247524752	0.0	0.0009900990099
-hør	0.803772014977	0.15268340036	0.00748855914574	0.0360560255166
-høv	0.0	0.6	0.4	0.0
-epi	0.0	0.666666666666	0.333333333334	0.0
-høi	0.0666460012399	0.0492870427774	0.811686298822	0.0723806571606
-epp	0.48347361938	0.282488195443	0.0307944980497	0.203243687128
-bén	0.333333333333	0.5	0.166666666667	0.0
-høg	0.0729621225345	0.0569034735556	0.842380869262	0.0277535346483
-erv	0.351707498144	0.218170007424	0.373051224944	0.0570712694877
-kså	0.535714285714	0.392857142857	0.0357142857143	0.0357142857143
-ius	0.0118046333186	0.978948403915	0.0013772072205	0.00786975554571
-års	0.157754010695	0.577540106952	0.18449197861	0.0802139037433
-årt	0.0385310118532	0.0332937869411	0.0359123993972	0.892262801808
-åri	0.142633510406	0.744193805015	0.0937716529371	0.0194010316421
-ium	0.0184497424224	0.781897687792	0.198035222236	0.00161734755002
-osk	0.0	1.0	0.0	0.0
-årn	0.0222310440651	0.953685324864	0.0240836310705	0.0
-åra	0.7822671156	0.120276842499	0.0308641975309	0.0665918443696
-ule	0.348000893455	0.534733080188	0.110565110565	0.00670091579183
-ård	0.0540827344826	0.785189460228	0.134012237654	0.026715567636
-åre	0.05813535415	0.100879497746	0.0336034516138	0.80738169649
-pør	0.818812259411	0.144015750345	0.00734624313126	0.0298257471129
-mår	0.327570518653	0.149226569609	0.195632393085	0.327570518653
-uet	0.749038708024	0.178928479877	0.0389643681107	0.0330684439887
-ues	0.20823244552	0.196125907991	0.566585956416	0.0290556900727
-uer	0.111252655078	0.829140939434	0.0405588895853	0.0190475159034
-måe	0.0	1.0	0.0	0.0
-uel	0.00852107675426	0.989154993222	0.00232393002388	0.0
-us’	0.0243265759511	0.930908081089	0.04009997223	0.00466537073035
-uen	0.146808107596	0.627770411063	0.214055692366	0.0113657889752
-ené	0.0	1.0	0.0	0.0
-rmå	0.615384615385	0.384615384615	0.0	0.0
-mål	0.202681824251	0.704312663322	0.0416197760696	0.0513857363572
-mån	1.0	0.0	0.0	0.0
-en’	0.0769230769231	0.615384615385	0.307692307692	0.0
-ks-	0.0	1.0	0.0	0.0
-tst	0.179723502304	0.543778801843	0.20737327189	0.0691244239632
-tsi	0.593406593407	0.0894819466248	0.263736263736	0.0533751962323
-eri	0.133117027423	0.7486554958	0.0903743870097	0.027853089767
-tsa	0.927374301676	0.0167597765363	0.0558659217877	0.0
-tse	0.742718446602	0.0242718446602	0.18932038835	0.0436893203883
-ksa	0.608919382504	0.173813607776	0.155517438536	0.0617495711835
-tam	0.00319488817891	0.966453674121	0.0287539936102	0.00159744408946
-tan	0.0420347570335	0.392471098421	0.0129131288844	0.552581015661
-kse	0.240263819096	0.707129396985	0.0323492462312	0.0202575376884
-tai	0.041958041958	0.944055944056	0.0	0.013986013986
-gni	0.0497803806735	0.878965348951	0.0624694973158	0.00878477306004
-ksi	0.0358744394619	0.883408071749	0.0358744394618	0.0448430493274
-gne	0.353659138332	0.17522118271	0.404783454202	0.0663362247564
-ksl	0.0	1.0	0.0	0.0
-kso	0.21482485001	0.169730985098	0.110315463518	0.505128701374
-gna	0.714794262755	0.203418876808	0.0532365915701	0.0285502688662
-kst	0.462409886715	0.463439752832	0.0617919670443	0.0123583934089
-erk	0.167806041336	0.522575516693	0.248370429253	0.0612480127186
-gny	0.27027027027	0.702702702703	0.027027027027	0.0
-tat	0.101057579318	0.881316098707	0.0	0.0176263219741
-tav	0.111150843316	0.786340067942	0.0125156445557	0.0899934441862
-pas	0.0253317249699	0.876960193004	0.0977080820266	0.0
-tap	0.173210161663	0.704387990762	0.108545034642	0.013856812933
-gns	0.170626349892	0.680345572354	0.0518358531317	0.097192224622
-tar	0.507906162868	0.376544708785	0.0353557324038	0.0801933959435
-tas	0.706792356471	0.232136017364	0.03537685662	0.025694769545
-rms	0.0307692307692	0.784615384615	0.153846153846	0.0307692307692
-øyk	0.0965749578888	0.874789444132	0.0134755755194	0.0151600224593
-øym	0.757874015748	0.197834645669	0.0265748031496	0.0177165354331
-rmt	0.081081081081	0.351351351351	0.567567567568	0.0
-ent	0.51981121579	0.114660015059	0.281559125734	0.0839696434162
-øya	0.370065789473	0.557976973684	0.0719572368421	0.0
-øyd	0.612964366945	0.371114480667	0.0159211523882	0.0
-øye	0.0	1.0	0.0	0.0
-øyg	0.57182320442	0.312154696133	0.0994475138122	0.0165745856354
-ækt	0.966969446738	0.00825763831544	0.0148637489678	0.00990916597852
-enn	0.0574043849672	0.345042942577	0.0308405802564	0.5667120922
-rma	0.357094365241	0.539714867617	0.0767141887305	0.0264765784114
-eni	0.073506891271	0.416539050536	0.0183767228178	0.491577335375
-rme	0.14218504966	0.546785154208	0.288029273393	0.0230005227392
-end	0.660669341537	0.254617066289	0.0245318961646	0.0601816960097
-ene	0.0664288448688	0.813532038587	0.0538483105899	0.0661908059542
-øyr	0.668336663185	0.249346706828	0.0129813494518	0.0693352805357
-øys	0.433510638298	0.466755319149	0.0797872340426	0.0199468085106
-øyt	0.454962468724	0.452460383653	0.0562969140951	0.036280233528
-ena	0.412679228699	0.56754381146	0.00461462396308	0.0151623358787
-øyv	0.181818181818	0.636363636364	0.181818181818	0.0
-het	0.0687005058253	0.732965193416	0.106956134168	0.0913781665907
-hev	0.90085921877	0.0142296473163	0.00201916314238	0.082891970771
-her	0.0932233389254	0.120434642082	0.0105274498638	0.775814569129
-hes	0.0	1.0	0.0	0.0
-hel	0.599848602416	0.323558845316	0.0299545130157	0.0466380392523
-hem	0.0	0.99436884092	0.00563115908024	0.0
-hen	0.657954916694	0.108787977785	0.0176412936949	0.215615811826
-fit	0.0	1.0	0.0	0.0
-heb	0.0	1.0	0.0	0.0
-ion	0.0189384416847	0.95692761493	0.00452511438484	0.019608829001
-nst	0.545075917334	0.140605229861	0.0328975115985	0.281421341206
-nsk	0.102966841187	0.729493891798	0.153577661431	0.0139616055846
-nse	0.55358758604	0.301018744757	0.135393046453	0.0100006227494
-nsa	0.640532370146	0.159239919909	0.178438223863	0.0217894860822
-put	0.510638297872	0.489361702128	0.0	0.0
-pur	0.0100755667506	0.0852225020991	0.899664147775	0.00503778337531
-pus	0.0115384615385	0.984615384615	0.0	0.00384615384616
-fim	0.1	0.5	0.4	0.0
-pua	0.0	1.0	0.0	0.0
-æke	0.857142857143	0.142857142857	0.0	0.0
-pul	0.027027027027	0.972972972973	0.0	0.0
-puk	0.0	0.333333333333	0.666666666667	0.0
-fia	0.00652883569095	0.993471164309	0.0	0.0
-pgå	0.857142857143	0.0	0.142857142857	0.0
-fir	0.0	0.985347985348	0.014652014652	0.0
-dså	0.409090909091	0.352272727273	0.238636363636	0.0
-ns-	0.0	1.0	0.0	0.0
-æst	0.324053452116	0.359688195991	0.292873051225	0.0233853006681
-dea	0.0025311878503	0.992044838185	0.00542397396493	0.0
-lgt	0.858865167712	0.0655966146902	0.033446401549	0.0420918160485
-ded	0.380952380952	0.619047619048	0.0	0.0
-mse	0.210942956927	0.384633294528	0.360419091967	0.0440046565774
-deg	0.0124295091676	0.0200776113681	0.00139681551849	0.966096063946
-okt	0.480170435923	0.316207800721	0.0983284169125	0.105293346444
-msi	0.0	1.0	0.0	0.0
-dek	0.0	0.923566878981	0.0764331210191	0.0
-del	0.234371185365	0.619187513224	0.0727527221236	0.0736885792874
-dem	0.00539430040515	0.0428502565161	0.00061211919491	0.951143323884
-den	0.0324565370785	0.298405427216	0.00932785937481	0.659810176331
-kin	0.386787695411	0.548159354513	0.0423600605144	0.0226928895613
-ios	0.0	1.0	0.0	0.0
-der	0.139639522664	0.300059905585	0.0179588498293	0.542341721922
-des	0.162155730329	0.273790636854	0.0796442120023	0.484409420815
-det	0.0628552623798	0.170814167164	0.00894188539685	0.75738868506
-nad	0.276002662673	0.571351306374	0.114827758362	0.0378182725911
-okk	0.185839160839	0.713111888112	0.0727272727273	0.0283216783217
-mst	0.15977443609	0.533458646617	0.131954887218	0.174812030075
-oke	0.084148360902	0.164022743454	0.728391600493	0.0234372951506
-oka	0.372549019608	0.470588235294	0.129411764706	0.0274509803921
-lgi	0.209690487765	0.726624534111	0.0388915896937	0.0247933884298
-biv	0.934782608696	0.0217391304348	0.0434782608696	0.0
-naz	0.0	1.0	0.0	0.0
-bit	0.544715447154	0.390243902439	0.0487804878048	0.0162601626016
-bir	0.0	1.0	0.0	0.0
-vgi	0.6	0.333333333333	0.0	0.0666666666666
-eså	0.0829437692	0.143582209163	0.188192867637	0.585281154
-bid	0.257142857143	0.514285714286	0.0	0.228571428572
-bie	0.926751592357	0.0541401273884	0.0	0.0191082802548
-bib	0.0	0.88679245283	0.0377358490566	0.0754716981132
-bia	0.125055629729	0.825100133511	0.0284824210058	0.0213618157543
-bin	0.0631578947368	0.936842105263	0.0	0.0
-nså	0.666666666667	0.0	0.0	0.333333333333
-bil	0.0972589292457	0.571849278864	0.077701427169	0.253190364721
-bim	0.0	1.0	0.0	0.0
-bik	0.0666666666666	0.933333333333	0.0	0.0
-de-	0.211453744493	0.713656387665	0.0748898678413	0.0
-ms-	0.074074074074	0.925925925926	0.0	0.0
-jin	0.0	1.0	0.0	0.0
-met	0.56170085964	0.366095193905	0.0217653743353	0.0504385721192
-luz	0.0	1.0	0.0	0.0
-jim	0.0	0.978783592645	0.016973125884	0.00424328147102
-åga	0.790028763183	0.0997123681688	0.0709491850432	0.039309683605
-mes	0.452817120892	0.427918412577	0.0910066835198	0.0282577830107
-mer	0.565336788036	0.309588655931	0.0401231910481	0.084951364985
-lup	0.0697674418605	0.895348837209	0.0348837209302	0.0
-lur	0.156195462478	0.787958115183	0.043630017452	0.0122164048866
-lus	0.0036267207425	0.991518153102	0.00171586787817	0.00313925827711
-lut	0.157913799348	0.773451647954	0.0420137631293	0.026620789569
-yds	0.333333333334	0.583333333333	0.0	0.0833333333335
-uår	0.0766871165644	0.792944785276	0.115030674847	0.0153374233129
-med	0.0260895195574	0.0163906773215	0.00929093344308	0.948228869678
-meg	0.00855453191204	0.0060192845664	0.00144732795761	0.983978855564
-luk	0.0	1.0	0.0	0.0
-mea	0.0	1.0	0.0	0.0
-lum	0.00719424460432	0.992805755396	0.0	0.0
-lun	0.0	1.0	0.0	0.0
-ifi	0.0	1.0	0.0	0.0
-mel	0.0442694333129	0.630311399001	0.290681430541	0.0347377371451
-ydd	0.5562403698	0.247413603346	0.158045344486	0.0383006823685
-men	0.0439072072223	0.105378561359	0.0129774281605	0.837736803258
-lud	0.0	1.0	0.0	0.0
-lue	0.166559307997	0.783748964756	0.0441704242201	0.00552130302751
-mek	0.0196078431373	0.980392156863	0.0	0.0
-yda	0.776207839562	0.164995442115	0.0305378304467	0.028258887876
-åss	0.34328358209	0.388059701493	0.0	0.268656716418
-ønt	0.139201240791	0.143078712679	0.377665761923	0.340054284606
-øns	0.0	1.0	0.0	0.0
-gir	0.742838042215	0.0634274379151	0.0350700304671	0.158664489402
-åsi	0.333333333333	0.666666666667	0.0	0.0
-ønn	0.0362945692958	0.946136874952	0.00276372574527	0.0148048300072
-øni	0.111105789953	0.86590680523	0.00431013840333	0.0186772664144
-øne	0.0729293280084	0.496787636743	0.430283035249	0.0
-dyp	0.0564376085339	0.368332919871	0.494914413297	0.0803150582982
-åsa	0.83286908078	0.119777158774	0.016713091922	0.0306406685237
-øna	0.646286417727	0.278313500205	0.0215428805909	0.0538572014772
-åse	0.821621621622	0.0540540540541	0.116216216216	0.00810810810811
-sro	0.0	0.84	0.0	0.16
-øvi	0.666666666667	0.333333333333	0.0	0.0
-sri	0.0	1.0	0.0	0.0
-ubs	0.0746268656716	0.865671641791	0.0597014925373	0.0
-tjo	0.0	1.0	0.0	0.0
-sra	0.0	1.0	0.0	0.0
-æar	0.0142772159429	0.855443188578	0.114217727543	0.0160618679357
-ågt	0.427659574468	0.063829787234	0.482978723404	0.0255319148936
-vøl	0.711111111111	0.288888888889	0.0	0.0
-uba	0.0	1.0	0.0	0.0
-ubb	0.0491803278689	0.918032786885	0.0327868852459	0.0
-ube	0.153846153846	0.846153846154	0.0	0.0
-oan	0.0	1.0	0.0	0.0
-had	0.0	1.0	0.0	0.0
-tje	0.571428571429	0.428571428571	0.0	0.0
-akn	0.0	0.428571428571	0.142857142857	0.428571428572
-kvi	0.0232869069897	0.0174855771137	0.00144789059003	0.957779625307
-akk	0.559695109787	0.399573256053	0.0139310149408	0.0268006192194
-aki	0.269162092454	0.559222273659	0.0932478010714	0.0783678328153
-mof	0.0	1.0	0.0	0.0
-tja	0.776905006607	0.133607399795	0.00704742328586	0.0824401703127
-ake	0.427386638929	0.182407750878	0.0307180203467	0.359487589847
-oah	0.0	1.0	0.0	0.0
-aka	0.7470201155	0.143989969063	0.0424247801589	0.0665651352782
-æa-	0.0	0.979020979021	0.002331002331	0.018648018648
-mog	0.131868131868	0.472527472527	0.263736263736	0.131868131868
-ynk	0.522935779817	0.394495412844	0.0428134556575	0.039755351682
-ees	0.786692759296	0.1614481409	0.0195694716243	0.03228962818
-akt	0.212437608898	0.729029384408	0.0307599596505	0.0277730470439
-aks	0.0355556775828	0.22429592208	0.00679539011717	0.733353010221
-yll	0.5	0.360681114551	0.108359133127	0.030959752322
-zza	0.0	1.0	0.0	0.0
-gom	0.0432588320115	0.884643114636	0.057678442682	0.0144196106705
-gol	0.731610337972	0.254473161034	0.00198807157058	0.0119284294235
-gon	0.0116618075802	0.919825072886	0.0524781341107	0.0160349854227
-goa	0.0	1.0	0.0	0.0
-zzi	0.0	1.0	0.0	0.0
-gob	0.0	1.0	0.0	0.0
-håp	0.145263771495	0.83829787234	0.00559603614107	0.0108423200233
-god	0.0812679302074	0.0420448666698	0.835488877393	0.0411983257301
-hår	0.018779342723	0.963067292645	0.0156494522692	0.00250391236306
-ylk	0.108108108108	0.783783783784	0.108108108108	0.0
-vli	0.15	0.825	0.025	0.0
-hån	0.201884253028	0.729475100942	0.0484522207268	0.0201884253028
-håi	0.346153846154	0.653846153846	0.0	0.0
-yna	0.902982728236	0.0491942749796	0.0224583134071	0.0253646833774
-vla	0.446627721721	0.452469463622	0.0594795539034	0.0414232607541
-gos	0.0	1.0	0.0	0.0
-gor	0.0256217030897	0.889223813112	0.0821401657875	0.00301431801055
-vle	0.0869017632242	0.860201511335	0.0302267002519	0.0226700251889
-mom	0.130434782609	0.0869565217391	0.521739130435	0.260869565217
-uva	0.52813580635	0.412763281987	0.0408676516818	0.0182332599811
