-hew	0.0210727969349	0.936781609195	0.0	0.0421455938697
-eus	0.040156347948	0.852170065268	0.0243371805745	0.0833364062097
-hes	0.117647058824	0.794117647059	0.0588235294118	0.0294117647059
-hel	0.277349768875	0.722650231125	0.0	0.0
-hem	0.0118821292776	0.984553231939	0.0	0.00356463878327
-hen	0.162780676976	0.784219849667	0.00560157035477	0.0473979030019
-ive	0.0389619842118	0.906787151696	0.0271254320462	0.0271254320462
-rbe	0.0093023255814	0.990697674419	0.0	0.0
-ivi	0.450010975099	0.259659363546	0.193940213785	0.0963894475697
-hea	0.0988467874794	0.861614497529	0.00988467874794	0.0296540362438
-lem	0.0123033089426	0.977521022007	0.00129508515185	0.0088805838984
-aus	0.235528942116	0.668662674651	0.0359281437126	0.059880239521
-aen	0.0597014925373	0.835820895522	0.0597014925373	0.044776119403
-zin	0.0171265461465	0.783063748811	0.199809705043	0.0
-nse	0.0	1.0	0.0	0.0
-aum	0.0510226049516	0.94036598493	0.0	0.0086114101184
-aul	0.0571405488659	0.854426978717	0.00390421751847	0.0845282548982
-aun	0.152589273949	0.178284358941	0.185268151272	0.483858215839
-nti	0.383720930233	0.279069767442	0.302325581395	0.0348837209302
-nth	0.0552211462968	0.903559277676	0.00785134781471	0.0333682282125
-nto	0.75	0.194444444444	0.0277777777778	0.0277777777778
-pus	0.00787918581746	0.976362442548	0.0157583716349	0.0
-nta	0.0612244897959	0.938775510204	0.0	0.0
-nah	0.0631953625387	0.925482135006	0.00394971015867	0.00737279229619
-les	0.210922787194	0.743879472693	0.0225988700565	0.0225988700565
-apa	0.355082941719	0.147999488745	0.0567027345499	0.440214834987
-her	0.0	1.0	0.0	0.0
-yre	0.00706713780918	0.978798586572	0.0	0.0141342756184
-cas	0.0495867768595	0.900826446281	0.0	0.0495867768595
-opu	0.0473178092757	0.729292703342	0.149134893465	0.0742545939168
-k50	0.434113602881	0.361597642822	0.0	0.204288754297
-opo	0.214571442374	0.439262873347	0.1984333307	0.147732353579
-opi	0.383886255924	0.530805687204	0.0284360189573	0.0568720379147
-opa	0.126170828243	0.772892509163	0.0454214981675	0.0555151644269
-dea	0.0227301725319	0.914362539163	0.0173240774433	0.0455832108614
-dee	0.00195694716243	0.994129158513	0.0	0.00391389432485
-dek	0.146139942245	0.787661567361	0.0301958026359	0.0360026877582
-400	0.305921052632	0.231907894737	0.047697368421	0.414473684211
-ima	0.280193671515	0.120687419681	0.0367039551898	0.562414953615
-oio	0.367054987985	0.504012029061	0.0583184609547	0.0706145219994
-oko	0.197412482775	0.15578847731	0.0260657458232	0.620733294092
-des	0.0857142857143	0.914285714286	0.0	0.0
-kim	0.0	1.0	0.0	0.0
-imi	0.118721716183	0.0511389602751	0.0341278480862	0.796011475456
-oka	0.178834550028	0.538108791018	0.139616446952	0.143440212002
-imo	0.0613157322842	0.0252158214426	0.00383648936287	0.90963195691
-ido	0.497340451835	0.116169022253	0.0328997528755	0.353590773036
-lla	0.0716074111167	0.910365548322	0.00600901352028	0.0120180270405
-obi	0.315203955501	0.655129789864	0.0148331273177	0.0148331273177
-obo	0.0672722493141	0.19901604829	0.0085109915447	0.725200710852
-idi	0.382048331415	0.334867663982	0.207134637514	0.0759493670886
-ide	0.422767203514	0.143484626647	0.288250366032	0.145497803807
-ece	0.0349985043374	0.941669159438	0.0143583607538	0.00897397547114
-ida	0.160730934179	0.806451612903	0.0305798993101	0.00223755360805
-bia	0.12	0.7525	0.105	0.0225
-mus	0.0959622443628	0.880964866282	0.0	0.023072889355
-bim	0.361581920904	0.593220338983	0.045197740113	0.0
-obu	0.454711087975	0.225143154607	0.163977095263	0.156168662155
-100	0.0352300629871	0.209191843707	0.0704601259742	0.685117967332
-tes	0.009022556391	0.893233082707	0.0526315789474	0.0451127819549
-ria	0.127314791078	0.724057420465	0.0814311101926	0.0671966782644
-eji	0.0659429682436	0.209683516958	0.709386476561	0.0149870382372
-bbi	0.493506493506	0.298701298701	0.0	0.207792207792
-uti	0.197526256864	0.61301947273	0.160964906435	0.0284893639708
-uto	0.228571428571	0.564285714286	0.157142857143	0.05
-rir	0.0629722921914	0.541561712846	0.0	0.395465994962
-ris	0.0357142857143	0.964285714286	0.0	0.0
-utu	0.0249180643721	0.858355285036	0.0769452938076	0.0397813567847
-tei	0.0973020940483	0.749449706066	0.0201063812778	0.133141818608
-aku	0.239280978341	0.714748784441	0.0459702372182	0.0
-ard	0.0133949928241	0.9443469941	0.0401849784724	0.00207303460373
-are	0.454811231371	0.249443236206	0.0752352154271	0.220510316996
-mew	0.0213903743315	0.836898395722	0.0	0.141711229946
-ara	0.244126869208	0.308129578723	0.127357101199	0.320386450871
-mes	0.0	0.992782264994	0.00721773500601	0.0
-aro	0.122522850967	0.716205307153	0.0787544595193	0.0825173823598
-ari	0.196341321646	0.430690178161	0.0686808147207	0.304287685473
-ark	0.116376724655	0.843431313737	0.00959808038393	0.0305938812237
-aru	0.137350019138	0.248622921902	0.540139122331	0.0738879366294
-mea	0.0	1.0	0.0	0.0
-lun	0.0	0.993313445119	0.00668655488118	0.0
-mel	0.0458015267175	0.916030534351	0.0152671755725	0.0229007633588
-jiu	0.403361344538	0.551820728291	0.0224089635855	0.0224089635854
-mei	0.131541603399	0.388090383268	0.197732421625	0.282635591708
-ary	0.00506822984901	0.765924282559	0.0	0.229007487592
-pha	0.193548387097	0.806451612903	0.0	0.0
-ndi	0.0200782241424	0.936682481095	0.0157046346837	0.0275346600791
-ubu	0.174715909091	0.485795454546	0.309659090909	0.0298295454546
-sra	0.386363636364	0.227272727273	0.0	0.386363636364
-ubo	0.453070388442	0.34718406925	0.0693218093139	0.130423732994
-uba	0.269166451647	0.22023986439	0.315228645243	0.19536503872
-ube	0.777777777778	0.190476190476	0.0	0.031746031746
-ota	0.0459770114943	0.83908045977	0.114942528736	0.0
-ote	0.515625	0.484375	0.0	0.0
-oti	0.0752780284836	0.918211439323	0.0	0.00651053219318
-ijo	0.0797080291971	0.920291970803	0.0	0.0
-iji	0.0784434444847	0.576403723121	0.00709668172684	0.338056150668
-oto	0.0831260764914	0.0686951740411	0.0849249323609	0.763253817107
-uma	0.0920440675532	0.787208922004	0.0790780170133	0.0416689934292
-otu	0.188888888889	0.671111111111	0.115757575758	0.0242424242424
-umo	0.0979890871142	0.0475132927776	0.00594370629425	0.848553913814
-umi	0.203389830508	0.762711864407	0.0338983050847	0.0
-ako	0.0980469056396	0.531727978665	0.360812612754	0.00941250294143
ALL	0.222230176462	0.271319475312	0.0502743034815	0.456176044745
-nai	0.0445894507884	0.935834692768	0.0	0.0195758564437
-nan	0.0531443755536	0.672276350753	0.00885739592561	0.265721877768
-aki	0.368932038835	0.398058252427	0.0970873786408	0.135922330097
-nam	0.0	1.0	0.0	0.0
-sis	0.0	1.0	0.0	0.0
-oah	0.0488610102344	0.921426213272	0.0099042588313	0.0198085176626
-aka	0.130571521641	0.585728545484	0.248826370497	0.0348735623787
-kis	0.268041237113	0.634756995582	0.079528718704	0.0176730486009
-nas	0.085906793936	0.877035373386	0.0134755755194	0.0235822571589
-sia	0.338765588144	0.216208367891	0.253099100471	0.191926943494
-igi	0.196956290382	0.369483964531	0.0479440701906	0.385615674897
-goi	0.0635659703662	0.0623640143239	0.00651161794101	0.867558397369
-mos	0.021377672209	0.964370546318	0.0142517814727	0.0
-mor	0.0	0.966666666667	0.0333333333333	0.0
-gon	0.463804713805	0.238215488215	0.013468013468	0.284511784512
-god	0.0602363174481	0.838807620208	0.0105215142782	0.0904345480655
-gog	0.0462962962963	0.935185185185	0.0185185185185	0.0
-mon	0.00949703692447	0.989591247531	0.000911715544749	0.0
-iah	0.0425334275998	0.928954416675	0.0126795233696	0.0158326323558
-ber	0.0	1.0	0.0	0.0
-cob	0.00168942700267	0.993523863156	0.00140785583556	0.00337885400535
-yae	0.368	0.288	0.0	0.344
-eon	0.142458100559	0.800558659218	0.0150837988827	0.0418994413408
-ben	0.0	1.0	0.0	0.0
-beo	0.148455622024	0.614454889513	0.0307654743011	0.206324014162
-bel	0.0624203490338	0.923535072434	0.00468152617753	0.00936305235507
-cow	0.164137582195	0.832068791098	0.00379362670713	0.0
-cos	0.0137931034483	0.944827586207	0.0	0.0413793103448
-iso	0.0315595195252	0.532799511215	0.00728727263867	0.428353696621
-amo	0.0834260049512	0.71232770158	0.0490482459067	0.155198047562
-isi	0.0173660351517	0.921789282539	0.0182654331155	0.0425792491941
-ish	0.0	0.958333333333	0.0416666666667	0.0
-ise	0.330164903415	0.157806866261	0.0432724223474	0.468755807977
-rea	0.0354559636931	0.896326762161	0.038008793079	0.0302084810665
-red	0.0	1.0	0.0	0.0
-uvi	0.356805139645	0.57854879997	0.023996310462	0.0406497499227
-rez	0.0	1.0	0.0	0.0
-eve	0.223008113168	0.767630538798	0.0	0.00936134803412
-eva	0.434083601286	0.546623794212	0.0192926045016	0.0
-res	0.0526532291238	0.749897161662	0.041958041958	0.155491567256
-evi	0.451705152129	0.258897968579	0.0597469062286	0.229649973063
-ret	0.109756097561	0.871951219512	0.0	0.0182926829268
-reu	0.0	1.0	0.0	0.0
-avi	0.171998337211	0.724741035322	0.0616251413459	0.0416354861218
-hab	0.0697674418604	0.918604651163	0.0	0.0116279069767
-oat	0.0	0.976971388695	0.023028611305	0.0
-hah	0.0	1.0	0.0	0.0
-mas	0.0737704918033	0.921052631579	0.0	0.00517687661778
-mar	0.0	1.0	0.0	0.0
-ham	0.063901144679	0.887812217991	0.0387909387754	0.00949569855438
-han	0.0	1.0	0.0	0.0
-mah	0.0	1.0	0.0	0.0
-har	0.0	0.992563638097	0.0	0.00743636190295
-has	0.0860655737705	0.836065573771	0.0747950819672	0.0030737704918
-hat	0.0	1.0	0.0	0.0
-man	0.025823111685	0.612653324726	0.361523563589	0.0
-haz	0.0	1.0	0.0	0.0
-uno	0.310978754725	0.534081786134	0.144628492472	0.0103109666686
-uni	0.0322580645162	0.860215053763	0.10752688172	0.0
-una	0.267605633803	0.507042253521	0.225352112676	0.0
-unu	0.591237624765	0.314214564817	0.0374547000587	0.0570931103598
-666	0.0	0.0	0.0	1.0
-him	0.0	1.0	0.0	0.0
-tre	0.321428571428	0.464285714286	0.0357142857143	0.178571428571
-gae	0.290199891155	0.264856101139	0.156123083957	0.28882092375
-ade	0.342328912893	0.27613619619	0.0886833663482	0.292851524568
-tra	0.0	1.0	0.0	0.0
-500	0.180154570489	0.334813893577	0.207870658257	0.277160877676
-ada	0.129544469554	0.525927716883	0.0170543870993	0.327473426463
-tri	0.342857142857	0.171428571429	0.114285714286	0.371428571429
-gai	0.0481283422459	0.791443850268	0.128342245989	0.0320855614973
-adi	0.468703745634	0.174827831447	0.0407932865346	0.315675136384
-eia	0.25763461746	0.349479335276	0.285009981655	0.107876065609
-144	0.232323232323	0.0663780663781	0.0	0.701298701299
-gar	0.198156682028	0.715207373272	0.0774193548387	0.00921658986175
-ire	0.192396114439	0.162516593842	0.0225344214842	0.622552870235
-ini	0.284963082683	0.422700121917	0.140309673201	0.152027122198
-seh	0.0	1.0	0.0	0.0
-ina	0.31685402524	0.308287204802	0.0393680822611	0.335490687697
-see	0.00996818663839	0.968964298339	0.00494874513962	0.0161187698833
-ine	0.0890984800847	0.863052336166	0.0296994933616	0.0181496903876
-sea	0.0487804878049	0.780487804878	0.146341463415	0.0243902439024
-iki	0.217501585289	0.417204843903	0.0403248148445	0.324968755964
-uio	0.631416789914	0.261512827274	0.0375397926388	0.0695305901731
-uin	0.142546791444	0.827874331551	0.0255681818182	0.00401069518716
-uia	0.0689655172414	0.739463601533	0.16091954023	0.0306513409961
-ohn	0.0230708669938	0.918463998355	0.015096503996	0.0433686306551
-ses	0.0445436188084	0.904256842748	0.0131849111673	0.038014627276
-iae	0.114902412802	0.311197787546	0.297125929048	0.276773870604
-eda	0.188522537927	0.177231079346	0.0956713983681	0.53857498436
-rse	0.0616639787497	0.917781361667	0.0056920595769	0.0148626000063
-ede	0.555258126195	0.158699808795	0.0	0.28604206501
-ena	0.40316286798	0.147596149428	0.0366669881546	0.412573994438
-ian	0.0567375886525	0.914893617021	0.0283687943262	0.0
-nes	0.0348547717842	0.92531120332	0.0248962655602	0.0149377593361
-fus	0.0	0.944444444444	0.0555555555555	0.0
-ias	0.0516807669396	0.912453817877	0.0235501822593	0.0123152329246
-nei	0.068828575751	0.160831502564	0.19045416021	0.579885761475
-aoh	0.277056277056	0.61038961039	0.103896103896	0.00865800865801
-eka	0.203673859611	0.115641018256	0.518997928449	0.161687193684
-eke	0.11963190184	0.696319018405	0.0736196319018	0.110429447853
-jou	0.0	0.101754385965	0.898245614035	0.0
-bae	0.476067996797	0.208925183696	0.104574805915	0.210432013592
-hon	0.0	1.0	0.0	0.0
-hor	0.0	1.0	0.0	0.0
-hos	0.00917431192661	0.990825688073	0.0	0.0
-bas	0.0274263046303	0.956979686752	0.00615552971753	0.00943847890021
-job	0.0377358490566	0.924528301887	0.0377358490566	0.0
-ase	0.432590828518	0.282412162992	0.0749602651714	0.210036743318
-nya	0.29918008259	0.35310311808	0.251660781615	0.096056017715
-mbu	0.186869853509	0.250588427545	0.173017086418	0.389524632527
-asa	0.0597821440636	0.776027214769	0.149496757518	0.0146938836491
-aso	0.0506841175268	0.0424404989078	0.0182570808877	0.888618302678
-asi	0.343017931327	0.372542903787	0.0489162895027	0.235522875383
-yei	0.0406029687757	0.015338800949	0.00497840119138	0.939079829084
-mba	0.278042376307	0.459845403098	0.0663077523487	0.195804468246
-ast	0.0195547533092	0.92303449659	0.0574107501003	0.0
-mbe	0.0766761639405	0.808995862997	0.0806751859715	0.0336527870908
-mbi	0.0727437822551	0.759642172078	0.00156330471723	0.166050740949
-lta	0.0714285714286	0.892857142857	0.0	0.0357142857143
-zor	0.0	1.0	0.0	0.0
-mbo	0.0686244665001	0.358195814001	0.0119760291027	0.561203690396
-ape	0.397430558632	0.569450228149	0.0156292916316	0.0174899215878
-430	0.19696969697	0.030303030303	0.0	0.772727272727
-rau	0.461254612546	0.516605166052	0.0221402214022	0.0
-ras	0.0	0.9875	0.0125	0.0
-ran	0.0943396226415	0.905660377359	0.0	0.0
-eri	0.445373256906	0.242067000603	0.0532180479076	0.259341694583
-iwa	0.54658181341	0.341818658969	0.0817478021257	0.0298517254954
-ram	0.0	1.0	0.0	0.0
-rak	0.0390879478827	0.960912052117	0.0	0.0
-rah	0.0816314051608	0.863947658065	0.0110064815947	0.0434144551792
-ero	0.486973305262	0.167993278239	0.0336782662052	0.311355150293
-era	0.492535209966	0.13483968956	0.045975588936	0.326649511537
-rae	0.511102682029	0.239754713701	0.0411866040807	0.20795600019
-iwo	0.404411949382	0.433250362529	0.0524104054113	0.109927282678
-ere	0.359753506162	0.526986825329	0.0450488737782	0.0682107947301
-ugu	0.881638846737	0.0273141122914	0.00910470409711	0.081942336874
-pou	0.695273655061	0.136058993746	0.0996670711597	0.0690002800336
-uge	0.37	0.59	0.02	0.02
-poi	0.195888754534	0.507859733978	0.0737605804111	0.222490931076
-pon	0.214017167862	0.378463751558	0.0734496789112	0.334069401669
-uga	0.165100270557	0.680838863177	0.09159180141	0.062469064856
-ugo	0.321070234114	0.264214046823	0.401337792642	0.0133779264214
-poa	0.186335403727	0.590062111801	0.083850931677	0.139751552795
-aza	0.0	0.897435897436	0.0	0.102564102564
-ike	0.174358974359	0.723076923077	0.0205128205128	0.0820512820513
-ika	0.0647482014388	0.910585817061	0.0	0.0246659815005
-iko	0.205762722922	0.649936883075	0.0595345436948	0.0847658503083
-lam	0.128342245989	0.871657754011	0.0	0.0
-nor	0.0	1.0	0.0	0.0
-nos	0.0	1.0	0.0	0.0
-lah	0.0	1.0	0.0	0.0
-oum	0.0	0.842105263158	0.0394736842105	0.118421052632
-lak	0.0	1.0	0.0	0.0
-aam	0.110516934046	0.803921568628	0.0641711229946	0.0213903743315
-aal	0.294642857143	0.602678571429	0.0535714285714	0.0491071428571
-ppi	0.0204379562044	0.96496350365	0.0	0.014598540146
-aan	0.0727272727272	0.890909090909	0.0181818181818	0.0181818181818
-uje	0.134972677596	0.796174863388	0.0459016393443	0.0229508196721
-non	0.0	0.962264150943	0.0377358490566	0.0
-las	0.0557013182116	0.916241721504	0.00330081885698	0.0247561414274
-uji	0.12263962842	0.822447105123	0.0329479598741	0.0219653065827
-ppa	0.0332512627865	0.947204101835	0.00507652866969	0.0144681067086
-aac	0.0235714285714	0.963928571429	0.00821428571429	0.00428571428572
-ujo	0.709523116649	0.0773724013166	0.0768464372156	0.136258044819
-xen	0.109007458405	0.875693249187	0.0114744693058	0.00382482310193
-boa	0.183264113718	0.466795497296	0.256732238782	0.0932081502047
-ypt	0.0190808609657	0.895055264689	0.0705061082025	0.0153577661431
-rew	0.0188432347553	0.959696414551	0.0146558492541	0.0068045014394
-dod	0.0333333333333	0.866666666667	0.0333333333333	0.0666666666667
-doa	0.171206225681	0.274319066148	0.531128404669	0.023346303502
-don	0.0	0.989830508475	0.0	0.0101694915254
-dom	0.033387888707	0.900490998363	0.0582651391162	0.00785597381343
-dok	0.0	1.0	0.0	0.0
-geu	0.683098591549	0.232394366197	0.0845070422535	0.0
-sar	0.0955080680331	0.894025294374	0.0104666375927	0.0
-dda	0.0195439739414	0.960912052117	0.0	0.0195439739413
-sau	0.0	1.0	0.0	0.0
-ibu	0.533901918977	0.373987206823	0.0921108742005	0.0
-ddi	0.0	1.0	0.0	0.0
-ges	0.478527607362	0.19427402863	0.0	0.327198364008
-ibo	0.46875	0.478074009324	0.0291375291376	0.0240384615385
-ibi	0.46218487395	0.420168067227	0.0672268907563	0.0504201680672
-sae	0.309049096779	0.198683153691	0.0979620980887	0.394305651441
-ibe	0.22092917538	0.618692608419	0.101736521502	0.0586416946995
-sai	0.353075170843	0.432801822324	0.0615034168565	0.152619589977
-old	0.0	0.62267746546	0.37732253454	0.0
-iba	0.0981075021257	0.0794493333985	0.357495275546	0.46494788893
-sam	0.0	1.0	0.0	0.0
-lon	0.0486111111111	0.818518518519	0.0148148148148	0.118055555556
-rou	0.335853912512	0.612295591043	0.0259628865038	0.025887609941
-iel	0.0678427900007	0.907635719638	0.0245214903617	0.0
-loe	0.0645161290323	0.903225806452	0.0	0.0322580645161
-der	0.0208333333333	0.979166666667	0.0	0.0
-rod	0.0645545095083	0.856394720228	0.0439774202706	0.0350733499936
-k25	0.0944	0.3872	0.0256	0.4928
-iga	0.396649163632	0.453765289896	0.0843911322101	0.0651944142624
-ron	0.0555555555555	0.914141414141	0.030303030303	0.0
-och	0.044196181941	0.914062979559	0.0103124424529	0.0314283960469
-deu	0.669565217391	0.0	0.0521739130435	0.278260869565
-ipi	0.241666666666	0.758333333334	0.0	0.0
-ipo	0.0510111072972	0.727497536611	0.138776268075	0.0827150880172
-ipa	0.327836081959	0.612193903048	0.0449775112444	0.0149925037481
-ave	0.163427555874	0.197415178271	0.0151357009437	0.624021564911
-ewa	0.399681529178	0.237943138341	0.107380273283	0.254995059199
-ewo	0.421211416403	0.253794834691	0.0500832801652	0.274910468741
-ipu	0.348339006926	0.471651602301	0.138924756427	0.0410846343468
-awo	0.366672255551	0.40142104083	0.0386044884803	0.193302215139
-awa	0.145497348015	0.0330933854054	0.00812589788614	0.813283368693
-awe	0.207547169811	0.792452830189	0.0	0.0
-nge	0.22166496729	0.138112361543	0.110486697361	0.529735973806
-276	0.0	0.181818181818	0.0	0.818181818182
-sts	0.314360037035	0.552929765001	0.0529077201182	0.0798024778449
-ech	0.0	1.0	0.0	0.0
-aio	0.124503311258	0.337748344371	0.238410596026	0.299337748344
-cum	0.892307692308	0.107692307692	0.0	0.0
-tio	0.494818461527	0.340495314135	0.0425626090985	0.12212361524
-oli	0.04	0.96	0.0	0.0
-hys	0.0625	0.9375	0.0	0.0
-sse	0.00906070673514	0.989127151918	0.0	0.00181214134703
-tou	0.337078651685	0.516853932584	0.14606741573	0.0
-isa	0.26065542201	0.699365940384	0.0187979024507	0.0211807351557
-200	0.11214953271	0.548286604361	0.144859813084	0.194704049844
-cus	0.0334408917571	0.921224565988	0.0138670364543	0.0314675058001
-oba	0.105745043083	0.595351577612	0.188667976759	0.110235402546
-ois	0.0727272727272	0.9	0.0272727272727	0.0
-ion	0.0552021563343	0.83525606469	0.0659838274933	0.0435579514825
-iom	0.0	0.875	0.125	0.0
-mum	0.0	1.0	0.0	0.0
-lea	0.0	1.0	0.0	0.0
-lee	0.0129795211999	0.975290837419	0.00951831554658	0.00221132583405
-leg	0.0	1.0	0.0	0.0
-oic	0.197080291971	0.430656934307	0.372262773723	0.0
-oia	0.138388625593	0.799052132701	0.00947867298577	0.0530805687204
-ios	0.0656934306569	0.890510948905	0.043795620438	0.0
-oin	0.321428571429	0.514285714286	0.05	0.114285714286
-oil	0.0130010834236	0.668472372698	0.318526543879	0.0
-iot	0.0212933753943	0.978706624606	0.0	0.0
-eel	0.0	1.0	0.0	0.0
-rra	0.367346938776	0.257142857143	0.277551020408	0.0979591836735
-eek	0.0559440559441	0.363636363636	0.548251748252	0.0321678321679
-aly	0.018691588785	0.853582554517	0.127725856698	0.0
-giu	0.540299758935	0.204905146211	0.0487370296614	0.206058065192
-rrh	0.0	1.0	0.0	0.0
-gio	0.407847718527	0.301745464541	0.164650907092	0.125755909841
-alm	0.16813122437	0.74985354423	0.0468658465144	0.0351493848857
-top	0.919463087248	0.0604026845638	0.0	0.0201342281879
-olf	0.470588235294	0.294117647059	0.235294117647	0.0
-ndo	0.146875032851	0.754043608941	0.0342543761694	0.064826982038
-ali	0.0	0.992805755396	0.00719424460432	0.0
-nda	0.0990446509862	0.146358659624	0.0203185550236	0.734278134366
-nde	0.0923909871075	0.145680300695	0.0828789754119	0.679049736786
-eep	0.0280963759308	0.963209043552	0.0024151612548	0.00627941926248
-gia	0.143727286687	0.760454522189	0.0798484926038	0.0159696985207
-120	0.0194174757281	0.223300970874	0.0291262135922	0.728155339806
-obe	0.0469309324978	0.914871600621	0.0110275211407	0.0271699457404
-yon	0.0357142857143	0.964285714286	0.0	0.0
-chi	0.0	1.0	0.0	0.0
-rie	0.102564102564	0.567119155355	0.14479638009	0.185520361991
-cho	0.00911854103343	0.990881458967	0.0	0.0
-ogu	0.316666666667	0.366666666667	0.216666666667	0.1
-che	0.238095238095	0.761904761905	0.0	0.0
-udo	0.618132420107	0.0699723682295	0.0176973993674	0.294197812296
-153	0.114503816794	0.0229007633588	0.0458015267176	0.81679389313
-eli	0.0311418685121	0.948096885813	0.0	0.0207612456747
-ogo	0.253417917863	0.365500621944	0.166600780021	0.214480680171
-oga	0.263079317537	0.619224247358	0.0535557895622	0.0641406455422
-ela	0.290159110724	0.612848735833	0.0517654751526	0.0452266782912
-iya	0.426628578526	0.422467863131	0.136931006645	0.0139725516984
-abu	0.0482386543954	0.869723897176	0.0518882894319	0.0301491589971
-cca	0.0	0.898734177215	0.0506329113924	0.0506329113924
-ter	0.0612186754598	0.889417618135	0.00530114769239	0.0440625587132
-esu	0.0156245000928	0.613760554361	0.00313620421327	0.367478741332
-est	0.0165968814536	0.804948750497	0.166916125121	0.0115382429283
-ito	0.827586206897	0.103448275862	0.0344827586207	0.0344827586207
-esi	0.501666998011	0.353114064852	0.0319027218169	0.11331621532
-uta	0.48151390666	0.397265809145	0.121220284194	0.0
-eso	0.61937022152	0.227767682122	0.0431299964773	0.109732099881
-iti	0.185058476673	0.375667582451	0.082183803348	0.357090137528
-esa	0.406935707837	0.228169986961	0.0714032196646	0.293491085537
-ese	0.0322580645161	0.967741935484	0.0	0.0
-ita	0.377573040537	0.311787700046	0.137523453617	0.173115805799
-udu	0.758293838863	0.170616113744	0.0568720379146	0.0142180094787
-uda	0.159423331504	0.315230376804	0.0801879177295	0.445158373963
-ude	0.116152450091	0.751361161525	0.0235934664247	0.10889292196
-uth	0.0	1.0	0.0	0.0
-hum	0.0	1.0	0.0	0.0
-nju	0.0822669104204	0.842778793419	0.0749542961608	0.0
-rim	0.0	1.0	0.0	0.0
-hua	0.0575916230367	0.926701570681	0.0	0.0157068062827
-gad	0.0	1.0	0.0	0.0
-aba	0.0280196895116	0.942446043165	0.0204468004544	0.00908746686861
-nja	0.134773215316	0.64291395755	0.205938511254	0.0163743158795
-lot	0.0783903841128	0.755683302848	0.165926313039	0.0
-hus	0.0290556900726	0.966101694915	0.00484261501211	0.0
-sou	0.215422914375	0.269698373184	0.465032131071	0.0498465813698
-koi	0.0849048172313	0.182366610063	0.727366163196	0.00536240950933
-ael	0.0685922894853	0.874449392225	0.022979098969	0.0339792193204
-sos	0.191176470588	0.779411764706	0.0	0.0294117647059
-los	0.0471204188482	0.938917975567	0.00698080279231	0.00698080279232
-son	0.053919121318	0.922116824763	0.0179730404393	0.00599101347977
-oro	0.250591117709	0.544494752813	0.0513552546589	0.153558874819
-ora	0.162094038876	0.494431322199	0.133450109875	0.21002452905
-ore	0.424433943191	0.26917501097	0.0784139592179	0.227977086621
-lix	0.0860420650095	0.875034143677	0.0122917235728	0.026632067741
-rus	0.0732437619962	0.870403071017	0.021650671785	0.0347024952015
-lip	0.00504307627653	0.992435385585	0.0	0.00252153813826
-lis	0.0252252252252	0.902702702703	0.0	0.0720720720721
-lim	0.0327868852459	0.934426229508	0.0327868852459	0.0
-omi	0.27585715304	0.0860123078385	0.0605887803835	0.577541758738
-lio	0.0	1.0	0.0	0.0
-omo	0.321474492242	0.196712096662	0.047961854656	0.43385155644
-jew	0.081064171055	0.712284989878	0.121343363193	0.085307475875
-rio	0.639190223822	0.223652941703	0.082687852363	0.0544689821122
-rug	0.0	1.0	0.0	0.0
-ome	0.0753651681853	0.7240601409	0.177952537588	0.0226221533265
-eas	0.0166204986149	0.93351800554	0.0498614958448	0.0
-ear	0.046511627907	0.720930232558	0.232558139535	0.0
-eat	0.130810558281	0.833870590984	0.0196215837421	0.0156972669937
-oda	0.046718160814	0.0412677043293	0.0136296406098	0.898384494247
-bgo	0.327922077922	0.564935064935	0.0876623376623	0.0194805194805
-eae	0.0485436893204	0.932038834951	0.0	0.0194174757281
-ode	0.184251813433	0.0698885301992	0.0160671861095	0.729792470259
-rna	0.0	1.0	0.0	0.0
-rni	0.0	1.0	0.0	0.0
-odo	0.154425791946	0.0607983970898	0.0522978583106	0.732477952654
-zer	0.0	1.0	0.0	0.0
-uri	0.428621789786	0.312064051402	0.105223046465	0.154091112347
-uja	0.713043478261	0.15652173913	0.104347826087	0.0260869565217
-uro	0.246633731628	0.478035046323	0.0820955240657	0.193235697983
-ura	0.674339765195	0.144984276035	0.0236963336915	0.156979625078
-ure	0.440626658047	0.3172160088	0.116602978157	0.125554354996
-ipe	0.0	0.954198473282	0.030534351145	0.0152671755725
-uru	0.190521628499	0.538486005089	0.190839694657	0.0801526717557
-dus	0.05	0.75	0.0333333333333	0.166666666667
-bya	0.13856812933	0.847575057737	0.0	0.013856812933
-api	0.561151079137	0.0395683453238	0.215827338129	0.18345323741
-apo	0.40187311972	0.433137118101	0.103446787237	0.0615429749423
-wae	0.0603634693273	0.249790172517	0.518656659687	0.171189698469
-apu	0.19837398374	0.328455284553	0.404878048781	0.0682926829268
-wao	0.373221880041	0.521581854622	0.0909224226426	0.0142738426944
-pas	0.0939695857367	0.864918720503	0.0	0.0411116937598
-wai	0.333138742946	0.291885580852	0.0850359992217	0.28993967698
-lus	0.189594853854	0.72576458639	0.0626340142196	0.0220065455366
-sus	0.0565300725429	0.926729262198	0.00727855011281	0.00946211514666
-oru	0.476717034292	0.459252397769	0.0186418109188	0.0453887570196
-nus	0.0421810699588	0.908436213992	0.0185185185185	0.0308641975308
-key	0.107649476336	0.868487339255	0.00795439480315	0.0159087896063
-dia	0.13685674548	0.806397774687	0.0233657858136	0.0333796940195
-dio	0.542556582722	0.304430985017	0.15301243226	0.0
-sor	0.0	1.0	0.0	0.0
-ori	0.324198660563	0.39367054984	0.118885574262	0.163245215334
-dir	0.653333333333	0.16	0.186666666667	0.0
-dis	0.0149253731343	0.985074626866	0.0	0.0
-ice	0.0260869565217	0.973913043478	0.0	0.0
-sli	0.0	1.0	0.0	0.0
-psy	0.122448979592	0.857142857143	0.0204081632653	0.0
-ska	0.741935483871	0.258064516129	0.0	0.0
-uku	0.526484751204	0.245585874799	0.163723916533	0.0642054574639
-ovi	0.156655039708	0.600659004029	0.125493931242	0.117192025022
-ove	0.429033627447	0.288768098195	0.120335704676	0.161862569682
-veh	0.122450729588	0.877549270412	0.0	0.0
-ova	0.0718562874251	0.065868263473	0.826347305389	0.0359281437125
-uka	0.155398021614	0.210223437906	0.0600290282141	0.574349512265
-ver	0.0710563713879	0.838938891521	0.0900047370914	0.0
-ves	0.104838709677	0.895161290323	0.0	0.0
-uke	0.0221259334378	0.908730524569	0.0331889001567	0.0359546418365
-nna	0.0671965317919	0.838117446138	0.0366526537047	0.0580333683657
-uko	0.234071705869	0.613496232017	0.116464946335	0.0359671157798
-day	0.0232333010649	0.882542755728	0.0	0.0942239432075
-tiu	0.924050632911	0.0379746835443	0.0	0.0379746835443
-men	0.126361655773	0.492919389978	0.34885620915	0.031862745098
-ngu	0.0342435683554	0.794538589867	0.171217841777	0.0
-ais	0.2	0.8	0.0	0.0
-tis	0.0	0.99	0.01	0.0
-nga	0.16036795059	0.686868935662	0.0549360701695	0.0978270435783
-aia	0.218406766822	0.653579093549	0.0532761015024	0.0747380381265
-tia	0.0322436184505	0.927451858486	0.0403045230631	0.0
-aic	0.513157894737	0.342105263158	0.118421052632	0.0263157894737
-ono	0.255441156264	0.409611323209	0.155473621647	0.17947389888
-aim	0.0384615384615	0.961538461538	0.0	0.0
-ngi	0.0921316506826	0.789248849064	0.0202530783828	0.098366421871
-tin	0.137931034483	0.758620689655	0.0431034482759	0.0603448275862
-ain	0.166416391833	0.647104692052	0.109259516219	0.0772193998968
-ngo	0.0394047946283	0.0622743159936	0.00754175433376	0.890779135044
-eme	0.0	0.538461538462	0.410256410256	0.0512820512821
-ema	0.771944807143	0.161851995624	0.0353248403148	0.0308783569185
-uwo	0.519830976534	0.30809144778	0.104948943013	0.0671286326736
-emo	0.281281319138	0.286708394002	0.0576744889662	0.374335797893
-emi	0.142007806772	0.113058531787	0.0237716349358	0.721162026505
-260	0.131386861314	0.058394160584	0.0	0.810218978102
-jae	0.416328737497	0.313147697576	0.129043885735	0.141479679193
-jao	0.196364324938	0.664268131036	0.0952471122893	0.0441204317364
-das	0.0655188904831	0.867846325522	0.00557946755938	0.0610553164355
-seu	0.563747261207	0.291170723041	0.0331616036004	0.111920412151
-jah	0.00738552437223	0.985228951256	0.00590841949779	0.00147710487444
-zad	0.0	1.0	0.0	0.0
-ana	0.136363196767	0.177954386109	0.032976302898	0.652706114226
-cia	0.0275119617225	0.937799043062	0.0227272727273	0.011961722488
-zar	0.0	1.0	0.0	0.0
-dae	0.58092846471	0.250850218659	0.0356307222452	0.132590594386
-etu	0.0399716205227	0.564880359453	0.0166044574888	0.378543562535
-000	0.104696724116	0.274979662263	0.0207610201578	0.599562593462
-eta	0.212046305993	0.0896921551753	0.0245501989459	0.673711339886
-ete	0.125148986889	0.740762812872	0.023241954708	0.11084624553
-eth	0.0115414881525	0.954008918423	0.0220337501093	0.0124158433156
-eti	0.114864864865	0.358108108108	0.385135135135	0.141891891892
-edi	0.0	1.0	0.0	0.0
-bul	0.0900321543408	0.895208476095	0.0147593695641	0.0
-uya	0.0113314447592	0.988668555241	0.0	0.0
-bus	0.0	0.962264150943	0.0377358490566	0.0
-300	0.221435793731	0.355915065723	0.0950455005056	0.32760364004
-ate	0.0570686095733	0.096636766339	0.0156976146669	0.830597009421
-ata	0.333130664244	0.306288407446	0.0751535247584	0.285427403551
-ato	0.219962825427	0.5068597834	0.212022432109	0.0611549590642
-ath	0.0229351535836	0.977064846416	0.0	0.0
-ati	0.183379052627	0.475625773588	0.00661432099977	0.334380852785
-ose	0.433212082683	0.284483182596	0.0978325129001	0.184472221821
-k10	0.0837988826816	0.608938547486	0.0391061452513	0.268156424581
-osa	0.219385402922	0.589844681494	0.11923119724	0.0715387183441
-oso	0.32668009805	0.312457383044	0.130726125329	0.230136393577
-osi	0.111111111111	0.849433828733	0.0180467091295	0.0214083510262
-kae	0.356280193237	0.532608695652	0.0821256038647	0.0289855072464
-edo	0.110525353734	0.0452506909392	0.014278251865	0.829945703462
-ost	0.0185185185185	0.962962962963	0.0185185185185	0.0
-ace	0.0666666666667	0.933333333333	0.0	0.0
-nia	0.0657766935466	0.843857152538	0.0378577398297	0.052508414086
-osy	0.0240480961924	0.813627254509	0.154308617234	0.00801603206413
-oma	0.306912442396	0.415207373272	0.183410138249	0.094470046083
-kau	0.217684243386	0.605681433886	0.0892276475638	0.0874066751646
-ajo	0.0404312668464	0.916442048518	0.0161725067385	0.0269541778976
-ino	0.0780825354351	0.77944558264	0.121148137308	0.0213237446168
-aja	0.137209302326	0.811627906977	0.0488372093023	0.00232558139535
-lia	0.102040816327	0.883381924198	0.00583090379008	0.00874635568516
-ica	0.012958963283	0.969762419006	0.0129589632829	0.00431965442764
-cri	0.075	0.7	0.075	0.15
-sha	0.0	1.0	0.0	0.0
-yra	0.0392156862745	0.960784313725	0.0	0.0
-oju	0.260283571565	0.30905042997	0.386906213827	0.0437597846382
-vid	0.0129539722923	0.966270789126	0.00399951117086	0.0167757274111
-ile	0.128489144883	0.731945059814	0.0996898537881	0.0398759415153
-upo	0.0616187818629	0.216582244298	0.323109907285	0.398689066553
-ila	0.0474065811489	0.919129949805	0.0334634690463	0.0
-oam	0.0	0.955357142857	0.0	0.0446428571429
-ige	0.149069742761	0.383964797988	0.0987811548415	0.368184304409
-atu	0.302719653879	0.260030594017	0.119838661585	0.31741109052
-eba	0.0590142055902	0.857498423089	0.0575261864578	0.0259611848627
-oae	0.369354886285	0.302908553422	0.0707687364814	0.256967823812
-igo	0.542016911526	0.0935621461176	0.0389114763912	0.325509465965
-ebe	0.266308301245	0.514397709067	0.0703469951682	0.14894699452
-ami	0.415270018622	0.441340782123	0.0763500931098	0.0670391061452
-oaz	0.033426183844	0.966573816156	0.0	0.0
-igu	0.0405280933374	0.878415719988	0.0810561866749	0.0
-ama	0.095722255865	0.845510763222	0.0277992330869	0.0309677478258
-oau	0.626865671642	0.223880597015	0.149253731343	0.0
-amb	0.0176606832658	0.939779965258	0.0379270411118	0.0046323103648
-oas	0.0319488817891	0.968051118211	0.0	0.0
-usi	0.0625	0.9375	0.0	0.0
-iro	0.14749273016	0.629600030952	0.173727472864	0.0491797660244
-uso	0.0403818267676	0.0134876533404	0.00852113478908	0.937609385103
-iri	0.43083016807	0.269166856099	0.0490626775271	0.250940298304
-eio	0.512836305819	0.198371127066	0.0791499097314	0.209642657383
-ein	0.247201004499	0.499372187925	0.192999895365	0.0604269122109
-gus	0.0183908045977	0.935632183908	0.0459770114943	0.0
-hia	0.00884955752212	0.982300884956	0.00884955752214	0.0
-usa	0.617886178862	0.333333333333	0.0325203252033	0.0162601626016
-ira	0.623924596002	0.114982732715	0.0376852089716	0.223407462312
-use	0.427510542347	0.393530746305	0.0759616816274	0.102997029721
-gun	0.203616636528	0.145388788427	0.151898734177	0.499095840868
-usu	0.0774623718814	0.65916199069	0.0192410720704	0.244134565358
-uza	0.0	1.0	0.0	0.0
-epa	0.0666666666667	0.844444444444	0.0888888888889	0.0
-epo	0.228949019897	0.333301340027	0.192919635276	0.244830004799
-eph	0.0644294106454	0.916157555294	0.00807695577715	0.0113360782837
-cee	0.0578246902248	0.936209270308	0.00321248279027	0.00275355667738
-nix	0.18303030303	0.717575757576	0.0436363636364	0.0557575757576
-cea	0.0139664804469	0.969273743017	0.0167597765363	0.0
-pia	0.0111986727499	0.861883036085	0.0858564910825	0.0410618000829
-pie	0.156160458453	0.809455587393	0.025787965616	0.00859598853867
-wii	0.0677966101695	0.508474576271	0.28813559322	0.135593220339
-eko	0.0409398794787	0.889645443079	0.0232821039847	0.0461325734573
-ius	0.0564887564346	0.89135735573	0.0208615551341	0.0312923327012
-ium	0.0568421052631	0.915789473684	0.018947368421	0.00842105263158
-iud	0.0	1.0	0.0	0.0
-uel	0.174126302882	0.803801348866	0.00735744941753	0.0147148988351
-ean	0.15512465374	0.520775623269	0.324099722992	0.0
-owo	0.444675399615	0.300646139664	0.0853771317789	0.169301328942
-ije	0.0	0.915492957746	0.0845070422535	0.0
-owa	0.342246970995	0.372932729572	0.129331375189	0.155488924244
-sda	0.0	0.955555555556	0.0	0.0444444444444
-agu	0.063829787234	0.797872340426	0.117021276596	0.0212765957447
-agi	0.543775649795	0.259233926128	0.18878248974	0.00820793433654
-ago	0.19876159349	0.196422533653	0.124969830081	0.479846042776
-aga	0.466868215428	0.282785354168	0.123576105885	0.126770324518
-min	0.00833333333335	0.991666666667	0.0	0.0
-age	0.33921815889	0.60025220681	0.00756620428751	0.0529634300126
-ege	0.171159690226	0.483285952358	0.0830800901873	0.262474267229
-one	0.468851742557	0.16372048899	0.0528431929827	0.31458457547
-anu	0.166399989159	0.724434446626	0.0686134181191	0.0405521460961
-ega	0.547485521818	0.276545920411	0.0552048230898	0.120763734681
-ona	0.453970289277	0.314016528618	0.0742268552666	0.157786326839
-ego	0.110331505838	0.470130386615	0.368917421811	0.050620685737
-any	0.0297805642633	0.959247648903	0.00313479623824	0.00783699059561
-thy	0.0830834166389	0.86582250361	0.0119960013329	0.0390980784183
-oni	0.0338983050847	0.796610169492	0.0	0.169491525424
-450	0.0458015267176	0.106870229008	0.0	0.847328244275
-dam	0.0927231608355	0.820473593189	0.0442330717041	0.0425701742717
-dan	0.0	0.930754834685	0.0	0.069245165315
-onu	0.660685999863	0.206509910814	0.0340055376257	0.0987985516979
-dah	0.0456286808851	0.944765281034	0.00480301904054	0.00480301904054
-ane	0.290614015843	0.475855047431	0.0475369329995	0.185994003726
-tha	0.00841207651532	0.884766075133	0.00276561419682	0.104056234155
-ani	0.415035587189	0.400355871886	0.121774911032	0.0628336298932
-ank	0.197632357777	0.20792032696	0.0368299901348	0.557617325128
-dab	0.0	1.0	0.0	0.0
-ano	0.408492676999	0.35729272027	0.0497721831042	0.184442419626
-tan	0.0735957287813	0.848472488353	0.0390077452366	0.0389240376288
-tao	0.123253773108	0.643106224044	0.108631102373	0.125008900475
-tae	0.319411962991	0.172653282832	0.0370538938123	0.470880860364
-rga	0.0	0.986666666667	0.0	0.0133333333333
-tax	0.0283148023232	0.945906049293	0.0111991382323	0.0145800101515
-bed	0.232142857143	0.767857142857	0.0	0.0
-tar	0.22869955157	0.77130044843	0.0	0.0
-tas	0.0863309352518	0.870503597122	0.0431654676259	0.0
-mia	0.0	1.0	0.0	0.0
-tus	0.0416323650476	0.933435258144	0.0182288604022	0.00670351640597
-ent	0.236363636364	0.709090909091	0.0181818181818	0.0363636363636
-ens	0.0975359342915	0.842915811088	0.0082135523614	0.0513347022588
-mis	0.043358568479	0.93599449415	0.020646937371	0.0
-eno	0.567502300515	0.246960499469	0.056308955003	0.129228245013
-eni	0.411864047598	0.213546089871	0.121119695927	0.253470166604
-ene	0.0709848861393	0.874524134139	0.0141725418109	0.0403184379105
-nbe	0.209302325581	0.381037567084	0.254025044723	0.155635062612
-oel	0.260750228728	0.739249771272	0.0	0.0
