-úak	0.410256410256	0.576923076923	0.0128205128205	0.0
-cas	0.0267558528428	0.799331103679	0.0	0.173913043478
-car	0.0	1.0	0.0	0.0
-ive	0.00557343330125	0.994426566699	0.0	0.0
-rbe	0.0186046511628	0.981395348837	0.0	0.0
-caz	0.0	1.0	0.0	0.0
-ion	0.0485158624097	0.041553107642	0.00601002394116	0.903921006007
-oya	0.152575907465	0.442203789666	0.0285366410471	0.376683661822
-dío	0.033565092304	0.807959721889	0.110764804603	0.0477103812035
-oyo	0.164705882353	0.0941176470589	0.611764705882	0.129411764706
-leo	0.185185185185	0.314814814815	0.351851851852	0.148148148148
-nso	0.398058252427	0.601941747573	0.0	0.0
-nse	0.0	0.941804073715	0.0581959262852	0.0
-ufo	0.0	1.0	0.0	0.0
-nsa	0.0227272727273	0.977272727273	0.0	0.0
-nti	0.417380400587	0.43959291976	0.0660553745563	0.0769713050974
-naj	0.143041691133	0.073165002936	0.252847915443	0.530945390487
-nto	0.0197053492587	0.717683691965	0.0721336617557	0.190477297021
-nta	0.107634835396	0.807378006071	0.070978286248	0.0140088722858
-uah	0.542757936508	0.348015873016	0.065376984127	0.0438492063492
-uak	0.145750301467	0.0445572817516	0.00205699745903	0.807635419323
-nte	0.0366125437758	0.953836357848	0.00955109837631	0.0
-nah	0.289996682868	0.547842421795	0.0890938459985	0.0730670493388
-uan	0.036919472471	0.844424290519	0.0111476401013	0.107508596909
-uas	0.545175623997	0.343133110665	0.0483439805195	0.0633472848187
-apa	0.153976321754	0.280220722555	0.102815056909	0.462987898782
-uau	0.517730496454	0.333333333333	0.0425531914894	0.106382978723
-was	0.441467390685	0.187788160391	0.0647456782772	0.305998770647
-lta	0.0270239057628	0.600762212727	0.0180159371752	0.354197944335
-pra	0.00385356454722	0.863198458574	0.132947976879	0.0
-lía	0.0	1.0	0.0	0.0
-pre	0.0	1.0	0.0	0.0
-aki	0.526026214466	0.284034783625	0.100027048343	0.0899119535665
-nma	0.409090909091	0.530303030303	0.0454545454545	0.0151515151515
-más	0.0779014308426	0.918918918919	0.0	0.00317965023847
-lík	0.668802049968	0.254324151185	0.00768737988471	0.0691864189621
-aré	0.0	1.0	0.0	0.0
-lío	0.015132408575	0.912988650694	0.0680958385876	0.00378310214376
-mák	0.598811951166	0.158412120566	0.03176544169	0.211010486578
-opo	0.125	0.729166666667	0.145833333333	0.0
-zor	0.0	1.0	0.0	0.0
-tín	0.0	0.98	0.02	0.0
-tío	0.175182481752	0.627737226277	0.182481751825	0.014598540146
-smo	0.130769230769	0.838461538462	0.0307692307692	0.0
-ope	0.0433550867608	0.889866949967	0.0273182577022	0.0394597055699
-opa	0.122093023256	0.778206944959	0.0268706627112	0.0728293690734
-dea	0.00140252454418	0.992052360916	0.00327255726975	0.00327255726975
-dec	0.0188173575868	0.978901750585	0.00228089182871	0.0
-deo	0.00144787644788	0.984073359073	0.0	0.0144787644788
-ima	0.351000316306	0.146607622964	0.016230428594	0.486161632137
-oko	0.427440826733	0.203854441662	0.230502154832	0.138202576773
-des	0.0312147423844	0.856963770841	0.044753666792	0.0670678199825
-oki	0.625671069682	0.240423531632	0.0536129774622	0.0802924212231
-oni	0.304133941858	0.192487879359	0.0408206218914	0.462557556892
-aús	0.422413793103	0.491379310345	0.0172413793103	0.0689655172414
-oka	0.459727048406	0.353364175415	0.070089189043	0.116819587135
-imo	0.0318590741824	0.696247731083	0.225195647646	0.0466975470894
-vio	0.0253303964758	0.974669603524	0.0	0.0
-sik	0.669911958775	0.127859438286	0.0974538401567	0.104774762783
-ech	0.0248182735314	0.0181318857254	0.0126032102231	0.94444663052
-obo	0.00190657769304	0.99714013346	0.00095328884652	0.0
-oyá	0.786278756659	0.0171515541767	0.000439032956742	0.196130656208
-loc	0.0873362445415	0.825327510917	0.0	0.0873362445415
-rpa	0.0	0.974137931034	0.0258620689655	0.0
-eca	0.247863247863	0.666666666667	0.0683760683761	0.017094017094
-ida	0.00323624595471	0.995145631068	0.00161812297734	0.0
-its	0.775446426347	0.0865680499005	0.0219489838987	0.116036539854
-tli	0.0870763722772	0.760051052629	0.0546200446119	0.0982525304822
-áli	0.170179342846	0.727713051447	0.0628354496662	0.0392721560414
-tla	0.16284890516	0.198432240062	0.0344110199548	0.604307834823
-bik	0.164133738602	0.115501519757	0.720364741641	0.0
-bba	0.0371179039301	0.864628820961	0.0	0.0982532751092
-uta	0.0	1.0	0.0	0.0
-ria	0.0207428847082	0.948866377231	0.0106126386879	0.0197780993729
-tex	0.137817883511	0.517637407711	0.321575061526	0.0229696472518
-rio	0.0447454304617	0.848114122155	0.0377850301676	0.0693554172156
-ril	0.0	0.832	0.0373333333333	0.130666666667
-uti	0.521381202835	0.451177681226	0.0274411159387	0.0
-lki	0.173652694611	0.164242942686	0.0564585115483	0.605645851155
-ños	0.117647058823	0.775910364146	0.0	0.106442577031
-tea	0.0	1.0	0.0	0.0
-ris	0.0	1.0	0.0	0.0
-gre	0.0280046674445	0.60910151692	0.348891481914	0.0140023337223
-teh	0.0873320056645	0.363197192437	0.083277259194	0.466193542705
-tek	0.325639138416	0.555427466768	0.0392306396261	0.0797027551898
-tel	0.0366972477064	0.899082568807	0.0183486238532	0.045871559633
-gro	0.0441240086518	0.839077144917	0.103821196828	0.0129776496035
-teo	0.0535649656171	0.879116901918	0.00108577633007	0.0662323561346
-lux	0.0	0.980066445183	0.0	0.0199335548173
-wal	0.090980119802	0.806667245421	0.0143241600833	0.088028474694
-ara	0.0461942821643	0.0322479481022	0.00471906622224	0.916838703511
-mes	0.0	1.0	0.0	0.0
-aro	0.256289718813	0.640027857578	0.0457038391225	0.0579785844868
-iwa	0.0395820995274	0.0245929829428	0.00811466620195	0.927710251328
-rón	0.00597014925373	0.976119402985	0.0179104477612	0.0
-xoa	0.653631284916	0.150837988827	0.162011173184	0.0335195530726
-mea	0.0	1.0	0.0	0.0
-opé	0.583074587017	0.0312330729591	0.0164867528792	0.369205587144
-mec	0.0	1.0	0.0	0.0
-meo	0.0	1.0	0.0	0.0
-xwa	0.373056994819	0.334196891192	0.0233160621761	0.269430051814
-mei	0.0	1.0	0.0	0.0
-meh	0.072936816875	0.359635014477	0.0634881288783	0.503940039769
-mej	0.954545454545	0.0454545454545	0.0	0.0
-nwa	0.636771300448	0.107623318386	0.0336322869955	0.22197309417
-aya	0.4023844324	0.232225547235	0.0975527634743	0.267837256891
-nwi	0.469957081545	0.472103004292	0.0321888412017	0.0257510729614
-ayo	0.146737749504	0.807058406502	0.0271822838734	0.0190215601208
-ila	0.190659340659	0.742582417582	0.0395604395605	0.0271978021978
-kia	0.473822057387	0.20785703541	0.0625421966739	0.255778710529
-hab	0.00802139037433	0.991978609626	0.0	0.0
-bás	0.0300546448087	0.915300546448	0.0491803278688	0.00546448087432
-aón	0.0742857142857	0.908571428571	0.0171428571428	0.0
-dán	0.0263466042154	0.938524590164	0.00878220140515	0.0263466042155
-xad	0.0	1.0	0.0	0.0
-tám	0.0	1.0	0.0	0.0
-tán	0.0	1.0	0.0	0.0
-hwi	0.623667377399	0.325159914712	0.00319829424307	0.047974413646
-ote	0.0545894783183	0.895663658375	0.0132071318512	0.036539731455
-oti	0.507391926747	0.325448824019	0.0522233168502	0.114935932384
-otl	0.060251717597	0.766327648887	0.0756270431875	0.0977935903287
-oam	0.0	1.0	0.0	0.0
-oto	0.464131038669	0.417546328373	0.0357370388882	0.0825855940692
-rán	0.0408163265306	0.959183673469	0.0	0.0
-eví	0.0389814523734	0.95724614901	0.0	0.00377239861678
-umi	0.0214285714286	0.807142857143	0.0428571428571	0.128571428571
-ako	0.496112853352	0.325678742955	0.0795768547556	0.0986315489374
ALL	0.220163545996	0.284143182323	0.0514155307841	0.444277740897
-nal	0.0814360770578	0.570636310566	0.143023934618	0.204903677758
-sis	0.599829037257	0.245713769451	0.0848906463921	0.0695665469001
-ake	0.19962458387	0.770845732748	0.00892757869677	0.0206021046849
-kih	0.537065244676	0.184254295109	0.0494800000791	0.229200460136
-kio	0.133928571429	0.285714285714	0.580357142857	0.0
-kin	0.0930970981228	0.116959651114	0.00427042018468	0.785672830578
-aka	0.174734717164	0.299197302759	0.0260835811616	0.499984398916
-kil	0.278523489933	0.342281879195	0.161073825503	0.218120805369
-kis	0.493477929625	0.25707020494	0.0715674506141	0.177884414821
-aúm	0.010460251046	0.922594142259	0.0177824267782	0.0491631799163
-sih	0.676319113789	0.207560003887	0.0971722864639	0.0189485958605
-sio	0.0349572744423	0.714238153368	0.244146043724	0.00665852846522
-íwa	0.0851080643249	0.0331107511162	0.00592674542653	0.875854439132
-sil	0.16204379562	0.785401459854	0.0525547445255	0.0
-nas	0.296745373325	0.518115101236	0.0828885536926	0.102250971747
-sia	0.238272383354	0.574527112232	0.0395334174023	0.147667087011
-mos	0.189102564103	0.692708333333	0.0184294871795	0.0997596153846
-mor	0.0530973451327	0.920353982301	0.0265486725664	0.0
-gog	0.0474308300395	0.928853754941	0.0237154150198	0.0
-aán	0.122525918944	0.707822808671	0.169651272384	0.0
-lko	0.468682807797	0.127808946626	0.0502168485127	0.353291397064
-moa	0.604861292611	0.23869618788	0.0171750737408	0.139267445768
-cos	0.0651266351239	0.91149457278	0.0200389646535	0.00333982744225
-gos	0.0984419263457	0.783994334278	0.0963172804533	0.0212464589235
-lka	0.198900931156	0.497023355213	0.072355365593	0.231720348038
-mok	0.400543865906	0.032854850214	0.00936162624822	0.557239657632
-mol	0.0	1.0	0.0	0.0
-pur	0.303738317757	0.584112149533	0.11214953271	0.0
-yas	0.758110759016	0.0639806850762	0.0668477440772	0.11106081183
-ber	0.0	1.0	0.0	0.0
-eos	0.024031372549	0.943654901961	0.00690196078431	0.0254117647059
-eor	0.0	1.0	0.0	0.0
-bet	0.0031746031746	0.82380952381	0.0015873015873	0.171428571429
-cob	0.0	1.0	0.0	0.0
-lpa	0.11927480916	0.687977099237	0.108778625954	0.0839694656488
-ejé	0.0645569620253	0.129113924051	0.0291139240507	0.777215189873
-yan	0.0371123538383	0.959837315709	0.0	0.00305033045247
-rla	0.013986013986	0.986013986014	0.0	0.0
-yah	0.535103198076	0.253423316795	0.0919886754779	0.119484809651
-bed	0.258620689655	0.741379310345	0.0	0.0
-cor	0.0	1.0	0.0	0.0
-iso	0.180778032037	0.697177726926	0.105263157895	0.0167810831427
-lyo	0.644444444444	0.222222222222	0.0666666666667	0.0666666666667
-reo	0.0225352112676	0.950704225352	0.0225352112676	0.00422535211268
-ise	0.0	0.846153846154	0.153846153846	0.0
-rea	0.00495253817581	0.910854312835	0.00330169211721	0.0808914568717
-isa	0.378153366629	0.194490266487	0.215711694798	0.211644672086
-ual	0.244807121662	0.597551928783	0.0417284866469	0.115912462908
-eve	0.0048	0.24	0.3248	0.4304
-rey	0.0486431634424	0.796261743429	0.0235032243281	0.131591868801
-eva	0.124293785311	0.864406779661	0.0	0.0112994350282
-res	0.027027027027	0.48098946404	0.251946862116	0.240036646816
-ret	0.0150025866529	0.978168649767	0.00372478013451	0.00310398344542
-dia	0.0120906801007	0.987909319899	0.0	0.0
-akí	0.162313432836	0.462686567164	0.0447761194029	0.330223880597
-naí	0.0601092896175	0.898907103825	0.0163934426229	0.0245901639344
-mas	0.444722305166	0.48921319797	0.0403105404599	0.0257539564049
-mar	0.108958837772	0.823244552058	0.0677966101695	0.0
-mau	0.237623762376	0.425742574257	0.0594059405941	0.277227722772
-ham	0.0299545773689	0.922831678345	0.0182693547694	0.028944389517
-han	0.190189201205	0.754483031171	0.0138319419058	0.0414958257175
-mah	0.568166325835	0.305044308112	0.081799591002	0.0449897750511
-mak	0.174213957299	0.329915555958	0.0667135592599	0.429156927484
-mal	0.116945107399	0.836515513127	0.0107398568019	0.035799522673
-man	0.217488255333	0.1097703239	0.0274453908603	0.645296029907
-akó	0.052855775834	0.0202311962785	0.00210022950334	0.924812798384
-abá	0.0	1.0	0.0	0.0
-eká	0.128186497124	0.12927641538	0.0270663033606	0.715470784136
-una	0.174418604651	0.616279069767	0.139534883721	0.0697674418605
-nke	0.145772594752	0.768117451062	0.00489379425239	0.0812161599333
-iro	0.0231232698258	0.904575801987	0.0547142159257	0.0175867122618
-nka	0.417705200837	0.254496272543	0.0568134276469	0.270985098974
-pta	0.08	0.92	0.0	0.0
-pto	0.0511227902532	0.943143812709	0.00286669851887	0.00286669851887
-nko	0.284477263068	0.344586697833	0.142238631534	0.228697407565
-666	0.0521739130435	0.0260869565217	0.0	0.921739130435
-tra	0.0	1.0	0.0	0.0
-asá	0.0	0.857142857143	0.0	0.142857142857
-ada	0.137048466146	0.828008713015	0.00703394445453	0.0279088763841
-ado	0.080180540547	0.789787279772	0.0854045147078	0.0446276649731
-tro	0.0348349766783	0.79099013993	0.0354254000118	0.13874948338
-quí	0.0	1.0	0.0	0.0
-gai	0.0	1.0	0.0	0.0
-lal	0.208186619718	0.711267605634	0.0277288732394	0.0528169014085
-gau	0.0	1.0	0.0	0.0
-gas	0.0353924800124	0.948342039812	0.0090363778755	0.0072291023004
-gar	0.00677583286278	0.933370976849	0.059853190288	0.0
-aat	0.0	1.0	0.0	0.0
-nor	0.0	1.0	0.0	0.0
-seo	0.0333416687505	0.936442443944	0.0252146369926	0.00500125031258
-ini	0.202532953584	0.504259262847	0.231659982304	0.0615478012645
-sem	0.0	1.0	0.0	0.0
-nos	0.305100437661	0.505106048704	0.0941252384693	0.0956682751655
-sek	0.0	0.0168286729756	0.97417890635	0.00899242067398
-bel	0.0342130987292	0.94623655914	0.019550342131	0.0
-seh	0.534877566918	0.240012625364	0.0419570163758	0.183152791342
-ina	0.0395505617977	0.938651685393	0.0132584269663	0.00853932584269
-uis	0.782394213773	0.134906749396	0.0391400021644	0.0435590346668
-ine	0.638888888889	0.25	0.111111111111	0.0
-sea	0.00581959262852	0.994180407371	0.0	0.0
-món	0.0147938891573	0.980076571386	0.000446046909267	0.0046834925473
-uih	0.271739130435	0.452898550725	0.199275362319	0.0760869565217
-uik	0.0703979113732	0.0774377025105	0.79407445395	0.0580899321663
-kni	0.0590910564012	0.654383937027	0.042976950527	0.243548056045
-uim	0.0	1.0	0.0	0.0
-set	0.0	1.0	0.0	0.0
-ses	0.0	0.914285714286	0.0	0.0857142857142
-ser	0.0	1.0	0.0	0.0
-blo	0.0621743336886	0.804840856297	0.0139965917071	0.118988218308
-eda	0.0	0.694267515924	0.305732484076	0.0
-dón	0.0	0.994267972295	0.0	0.0057320277048
-nex	0.08	0.92	0.0	0.0
-són	0.0245068738793	0.968320382546	0.00358637178721	0.00358637178722
-ook	0.611913017682	0.333826705243	0.00736867960279	0.0468915974723
-iah	0.437995126629	0.304210573471	0.0995479592859	0.158246340614
-iak	0.170099186151	0.0835370175934	0.341656584607	0.404707211649
-rso	0.0243902439024	0.94425087108	0.0104529616725	0.0209059233449
-neo	0.0	0.841642228739	0.0	0.158357771261
-oos	0.220238095238	0.556547619048	0.223214285714	0.0
-tka	0.695057611662	0.0429012730365	0.0172533935177	0.244787721784
-nek	0.43612243692	0.0463570288956	0.0499320451457	0.467588489039
-kua	0.351514825001	0.537687824545	0.0518992076516	0.0588981428028
-jki	0.329771842148	0.0788816111989	0.02394942535	0.567397121303
-tki	0.380309071793	0.397607570077	0.0722589220179	0.149824436113
-kui	0.748674070384	0.162100389721	0.021537199285	0.0676883406101
-ban	0.0316840277778	0.76953125	0.00607638888889	0.192708333333
-eka	0.141509230736	0.0327868852459	0.0047823183473	0.820921565671
-hoa	0.444135715371	0.375909002106	0.101591160701	0.0783641218226
-non	0.054832282121	0.0143038827786	0.00213398116369	0.928729853937
-eki	0.413543072189	0.137213569224	0.0521645183649	0.397078840222
-eko	0.0273839470109	0.898874083795	0.00402141879181	0.0697205504024
-hos	0.614800225098	0.309229037704	0.00844119302194	0.0675295441756
-kxi	0.0596695226438	0.841020362746	0.0801157227106	0.0191943918994
-bas	0.0	1.0	0.0	0.0
-job	0.0638297872341	0.936170212766	0.0	0.0
-ase	0.0112453144523	0.0149937526031	0.411495210329	0.562265722615
-aso	0.0	0.967170059094	0.0328299409061	0.0
-yes	0.0673469387755	0.884897959184	0.0326530612245	0.0151020408163
-adí	0.0	1.0	0.0	0.0
-nyo	0.191060749134	0.614101353478	0.127793515895	0.0670443814919
-dre	0.283018867924	0.603773584906	0.0283018867925	0.0849056603773
-lti	0.438840467291	0.300569050581	0.0942400105087	0.166350471619
-yej	0.0466604586804	0.0282577346749	0.0168138549383	0.908267951706
-úas	0.323232323232	0.482828282828	0.0484848484848	0.145454545455
-dro	0.0121128699243	0.873778389539	0.00445056205552	0.109658178481
-lte	0.345022624434	0.641402714932	0.0	0.0135746606335
-iné	0.182717362762	0.0945468256587	0.0128603074354	0.709875504144
-430	0.377777777778	0.0888888888889	0.0	0.533333333333
-mán	0.0378548895899	0.817034700316	0.145110410095	0.0
-ras	0.150273224044	0.666666666667	0.0464480874317	0.136612021858
-eri	0.0	1.0	0.0	0.0
-ral	0.606924643584	0.393075356416	0.0	0.0
-ram	0.0	1.0	0.0	0.0
-uía	0.0344609547897	0.950363578881	0.00189693329118	0.0132785330383
-red	0.0	1.0	0.0	0.0
-ero	0.0426450184196	0.03820086207	0.011335882778	0.907818236732
-iwi	0.394484113051	0.38266489175	0.0450275719245	0.177823423275
-rac	0.0	1.0	0.0	0.0
-uík	0.626459143969	0.268482490272	0.0466926070039	0.0583657587549
-aén	0.0	1.0	0.0	0.0
-río	0.00336700336701	0.993265993266	0.0	0.003367003367
-por	0.0441969951089	0.0699937469992	0.00369468459233	0.8821145733
-pos	0.390989988876	0.542269187987	0.0550611790879	0.0116796440489
-ata	0.0943416996918	0.761118450022	0.0340158520476	0.110523998239
-poa	0.513879330122	0.391058729066	0.0649518238128	0.0301101169993
-aza	0.00908815510452	0.952741593457	0.0272644653135	0.0109057861254
-ike	0.428571428572	0.571428571428	0.0	0.0
-ika	0.103709936534	0.0519546707678	0.0203326532468	0.824002739451
-lac	0.172764227642	0.827235772358	0.0	0.0
-iko	0.595538175163	0.226289164542	0.0657854807677	0.112387179527
-lam	0.0	1.0	0.0	0.0
-lan	0.104154112352	0.125990087821	0.00771319101783	0.762142608809
-lao	0.411764705882	0.588235294118	0.0	0.0
-lah	0.437898873981	0.326882590711	0.111161149418	0.12405738589
-iki	0.487485756566	0.229959033189	0.0741317332425	0.208423477002
-lak	0.652050287105	0.141331096712	0.10771265565	0.0989059605335
-aam	0.0128479657387	0.974304068523	0.0	0.0128479657388
-aal	0.0	1.0	0.0	0.0
-fos	0.0	1.0	0.0	0.0
-eón	0.105839416058	0.873175182482	0.00821167883211	0.0127737226277
-lar	0.015625	0.984375	0.0	0.0
-las	0.264168307638	0.624727148966	0.0541050181265	0.056999525269
-nio	0.569201682615	0.331142254368	0.0253120032263	0.0743440597906
-noa	0.2867020667	0.133351797379	0.117278526951	0.46266760897
-lax	0.0758877898492	0.748500081077	0.156640181612	0.0189719474623
-aac	0.00730854782333	0.986971719098	0.00381315538607	0.00190657769304
-dor	0.122748683846	0.675256303685	0.0800775838183	0.121917428651
-dos	0.406991579485	0.395253891299	0.18882367951	0.00893084970655
-gel	0.0164252378932	0.922813503849	0.00739438753863	0.0533668707194
-fán	0.0	1.0	0.0	0.0
-fás	0.0	0.714013950539	0.285986049461	0.0
-doc	0.0	1.0	0.0	0.0
-ges	0.0322580645161	0.935483870968	0.0322580645161	0.0
-sas	0.512122199188	0.274361424679	0.0508875663059	0.162628809826
-ión	0.0887823716051	0.89215125023	0.0130990384336	0.00596733973084
-vos	0.0103644843669	0.989635515633	0.0	0.0
-toa	0.657486393785	0.117478778435	0.0306156531287	0.194419174651
-ter	0.0175336060783	0.956165984804	0.0263004091175	0.0
-ibu	0.063829787234	0.921985815603	0.0141843971631	0.0
-tol	0.109224447199	0.591242003749	0.0320737841048	0.267459764947
-tok	0.408471024049	0.338135565612	0.13182075224	0.121572658099
-toh	0.5957313652	0.149312376782	0.0322809046661	0.222675353352
-mpa	0.151348964117	0.0798103767172	0.00745597440473	0.761384684762
-lfa	0.0	1.0	0.0	0.0
-oli	0.169226090386	0.610382196445	0.114531456078	0.105860257091
-apá	0.0849909584086	0.879746835443	0.00542495479207	0.0298372513563
-tor	0.0418410041841	0.933054393305	0.0	0.0251046025105
-tos	0.505712224825	0.216636642545	0.0492276541099	0.22842347852
-olo	0.1387703565	0.485739978812	0.0332309862278	0.34225867846
-sak	0.447400804869	0.476103369142	0.0279376060133	0.0485582199754
-sah	0.58376431474	0.246467491688	0.103504802364	0.066263391208
-san	0.211774064779	0.0333347558938	0.0533683977146	0.701522781612
-sam	0.0	1.0	0.0	0.0
-sal	0.136801541426	0.859344894027	0.00385356454721	0.0
-lol	0.291275492464	0.497377054137	0.0188217152706	0.192525738129
-iel	0.0680672268908	0.916806722689	0.00504201680672	0.0100840336135
-loh	0.168316831683	0.366336633663	0.009900990099	0.455445544555
-loi	0.0	0.962264150943	0.0188679245283	0.0188679245283
-uío	0.0	0.939393939394	0.0606060606061	0.0
-avo	0.469948849105	0.261508951407	0.22378516624	0.0447570332481
-itl	0.0959365523923	0.79816389711	0.0316091649941	0.074290385504
-loa	0.496726203139	0.348905803947	0.0609290683327	0.0934389245809
-iez	0.297968397291	0.656884875846	0.0451467268623	0.0
-roa	0.274509803922	0.647058823529	0.078431372549	0.0
-rom	0.0	1.0	0.0	0.0
-lot	0.00549048316252	0.860907759883	0.133601756955	0.0
-och	0.0902184235518	0.753690753691	0.0146766813433	0.141414141414
-hak	0.961538461538	0.0384615384615	0.0	0.0
-ipo	0.019801980198	0.980198019802	0.0	0.0
-iká	0.441379310345	0.268965517241	0.0344827586207	0.255172413793
-sar	0.0693897637796	0.917322834646	0.011811023622	0.00147637795276
-ipa	0.207827478383	0.144201429012	0.0929130324454	0.555058060159
-húm	0.0	1.0	0.0	0.0
-ipe	0.00399315459213	0.982886480319	0.0	0.0131203650884
-noé	0.076095311299	0.923904688701	0.0	0.0
-ewe	0.0821975551496	0.051426162709	0.819165378671	0.0472109034706
-ewa	0.48992496426	0.274345970799	0.0444600038802	0.191269061062
-hka	0.203988933394	0.376058140975	0.330759383904	0.089193541727
-hko	0.635916908644	0.34398034398	0.00670091579182	0.0134018315836
-rdo	0.037037037037	0.657407407407	0.305555555556	0.0
-ewi	0.417311613819	0.33192220089	0.0637394612256	0.187026724066
-hki	0.309278350515	0.0927835051546	0.0412371134021	0.556701030928
-awi	0.229637282067	0.235661907976	0.144699432844	0.390001377113
-iyo	0.107382550335	0.865771812081	0.0268456375839	0.0
-xka	0.335056456855	0.272630603156	0.0718517454587	0.32046119453
-xko	0.124871657586	0.266026266889	0.0456804510094	0.563421624516
-awa	0.469508167013	0.309547320445	0.125690233891	0.0952542786512
-uxa	0.0264850548619	0.899356791525	0.0741581536133	0.0
-jto	0.659337591456	0.110446624245	0.02765253563	0.202563248669
-jti	0.52500167612	0.289225898952	0.0739533409762	0.111819083951
-jte	0.589581950896	0.210185799602	0.021400132714	0.178832116788
-ido	0.322440087146	0.616557734205	0.0261437908497	0.0348583877996
-saú	0.149082568807	0.720948012232	0.0229357798165	0.107033639144
-276	0.0	0.202247191011	0.0	0.797752808989
-ato	0.286821679713	0.581133076821	0.0439299456017	0.0881152978639
-sto	0.016628785683	0.803074885757	0.00364026230136	0.176656066258
-íro	0.0740740740741	0.62962962963	0.0	0.296296296296
-sta	0.0783428195521	0.131825072219	0.040088093127	0.749744015102
-saí	0.0	1.0	0.0	0.0
-eli	0.632477851496	0.184871479083	0.0624528226928	0.120197846728
-rpo	0.0521454503293	0.743327844947	0.0342215666329	0.170305138091
-sso	0.032639643837	0.897616089455	0.0371305068075	0.0326137599006
-loé	0.0160427807487	0.935828877005	0.0	0.0481283422459
-lón	0.0	0.904761904762	0.0899470899471	0.005291005291
-ián	0.0666666666667	0.866666666667	0.0666666666667	0.0
-eyi	0.0406561402553	0.207167598186	0.313612473974	0.438563787585
-uco	0.0	0.577586206897	0.422413793103	0.0
-eyo	0.0476680283724	0.838408381807	0.112124796297	0.00179879352349
-eya	0.0267260579065	0.385300668151	0.494432071269	0.0935412026727
-tik	0.187418095624	0.200056386757	0.221773990042	0.390751527576
-lem	0.0188679245283	0.981132075472	0.0	0.0
-iol	0.0	0.510204081633	0.489795918367	0.0
-lea	0.0122478044149	0.97882743888	0.00341799192974	0.0055067647757
-xio	0.593719571568	0.256085686465	0.0	0.150194741967
-leg	0.0	1.0	0.0	0.0
-gón	0.0	0.997496871089	0.0	0.00250312891114
-ios	0.120770002293	0.668790147929	0.00730251029056	0.203137339487
-íos	0.0664961636829	0.742850499884	0.0809114159498	0.109741920484
-les	0.0576361867704	0.919017509728	0.0102140077821	0.0131322957198
-eel	0.0	1.0	0.0	0.0
-rra	0.0453400503778	0.946095717884	0.00403022670024	0.00453400503779
-rre	0.0296033155714	0.934872705743	0.0355239786856	0.0
-rro	0.0894941634241	0.902723735409	0.00778210116733	0.0
-ole	0.260110208275	0.425142430186	0.239095918558	0.0756514429812
-gio	0.064139941691	0.918367346939	0.0174927113703	0.0
-alo	0.366702448146	0.498251324492	0.0647529346584	0.070293292704
-udá	0.0	1.0	0.0	0.0
-ndo	0.155172413793	0.844827586207	0.0	0.0
-ali	0.184094805732	0.302372289677	0.213750646379	0.299782258212
-ale	0.0600680587639	0.858096099709	0.028931863166	0.0529039783608
-gia	0.0	0.979020979021	0.020979020979	0.0
-ala	0.558255166597	0.271826485046	0.0250106532986	0.144907695059
-120	0.0394736842105	0.0789473684211	0.0	0.881578947368
-bre	0.0	0.974769999235	0.0252300007645	0.0
-osé	0.0104651162791	0.947238372093	0.00610465116279	0.0361918604651
-bia	0.0054644808743	0.978142076503	0.0163934426229	0.0
-obe	0.019801980198	0.150495049505	0.821782178218	0.00792079207921
-yok	0.0	0.979591836735	0.0	0.0204081632653
-ína	0.00995024875621	0.814262023217	0.00497512437812	0.170812603648
-yom	0.118670886076	0.719936708861	0.0664556962026	0.0949367088608
-lpi	0.394139496492	0.489269500619	0.0918283120099	0.0247626908791
-abí	0.0254777070064	0.821656050956	0.0	0.152866242038
-abé	0.0423773518551	0.905574116406	0.013187972569	0.03886055917
-lok	0.462427745665	0.526011560694	0.0	0.0115606936416
-chi	0.222789707496	0.182084579527	0.0983545950034	0.496771117973
-cho	0.45178176616	0.335251658213	0.132982182338	0.0799843932891
-cha	0.0967887843157	0.622518339255	0.0267799859492	0.25391289048
-ros	0.0875727597818	0.794445459529	0.0989272010649	0.0190545796246
-jko	0.170537634409	0.41605734767	0.0832258064516	0.33017921147
-peu	0.0912419036891	0.592790763165	0.150380174599	0.165587158547
-153	0.0	0.0	0.030612244898	0.969387755102
-oré	0.0	0.988023952096	0.0	0.0119760479042
-elo	0.649200927168	0.234252368753	0.0612012524908	0.055345451588
-ogo	0.0	1.0	0.0	0.0
-rko	0.199572476941	0.744209923921	0.00403958796203	0.0521780111762
-oga	0.043673012318	0.937663307204	0.00839865621501	0.0102650242628
-rka	0.0452163736468	0.941750671596	0.0	0.013032954757
-ela	0.0	1.0	0.0	0.0
-rke	0.105939964711	0.0139667460267	0.00307343455155	0.87701985471
-jpa	0.289345592212	0.401297998918	0.0243374797188	0.285018929151
-loe	0.03125	0.90625	0.03125	0.03125
-itu	0.0130037240001	0.929230751764	0.0276972509007	0.0300682733355
-100	0.458764967039	0.163863850397	0.0221983048567	0.355172877708
-lák	0.202881348195	0.305776392249	0.134815095012	0.356527164544
-ito	0.609422318527	0.264679573671	0.0411133395864	0.0847847682158
-esi	0.42263632198	0.375744615855	0.137467542386	0.06415151978
-tes	0.0	1.0	0.0	0.0
-eso	0.0129356809199	0.98059647862	0.00215594681998	0.00431189363996
-iti	0.550093636534	0.265902935727	0.103215567188	0.0807878605503
-esa	0.16822218877	0.801294595815	0.00225801595665	0.0282251994581
-ite	0.0444444444444	0.824126984127	0.129523809524	0.00190476190476
-ita	0.367007046696	0.438612287563	0.0712274947285	0.123153171013
-spa	0.0953785644051	0.860373647984	0.0245821042281	0.0196656833825
-ias	0.456073042454	0.189626400752	0.0216973113982	0.332603245396
-spe	0.0387096774194	0.922580645161	0.0387096774194	0.0
-fté	0.0	1.0	0.0	0.0
-nki	0.496987269313	0.220541100695	0.0545573834103	0.227914246582
-fas	0.0677083333333	0.890625	0.0104166666667	0.03125
-alí	0.0	1.0	0.0	0.0
-fat	0.0	1.0	0.0	0.0
-bro	0.414545454545	0.570909090909	0.0	0.0145454545454
-rim	0.0	1.0	0.0	0.0
-tal	0.0638333437807	0.921080674481	0.0125786163522	0.00250736538582
-oah	0.475262699627	0.297310539893	0.0683521986729	0.159074561807
-jyo	0.151116549404	0.706944019578	0.055062710309	0.0868767207097
-nja	0.108843537415	0.891156462585	0.0	0.0
-abo	0.0526315789473	0.804511278196	0.0526315789473	0.0902255639097
-vas	0.0182260024302	0.98177399757	0.0	0.0
-koa	0.369829950404	0.296099738162	0.270368930272	0.0637013811617
-abe	0.302798982188	0.605597964377	0.0763358778626	0.0152671755725
-kol	0.179774905654	0.524329559496	0.132585245299	0.16331028955
-ema	0.249768256257	0.216706148934	0.134411370893	0.399114223916
-ael	0.0318909215903	0.940572126953	0.00950998739641	0.0180269640607
-kok	0.620998405495	0.028578437385	0.00883110511468	0.341592052005
-los	0.483295968535	0.40061094723	0.0235857096034	0.0925073746313
-sol	0.108581436077	0.747810858144	0.0332749562172	0.110332749562
-jkó	0.160835638095	0.0623633171418	0.0257501082824	0.75105093648
-oro	0.0173465637633	0.757442116869	0.223447262036	0.00176405733186
-kos	0.488644327846	0.285189324342	0.0916788210558	0.134487526755
-elí	0.0131004366812	0.973799126638	0.0	0.0131004366812
-chó	0.137339055794	0.545064377682	0.206008583691	0.111587982833
-soa	0.344885883347	0.566356720203	0.0735418427726	0.0152155536771
-kox	0.354844301905	0.0651252157959	0.0166135754581	0.563416906841
-lix	0.0497798848628	0.925838130715	0.0	0.0243819844226
-rus	0.145127057879	0.744163368324	0.00401537314289	0.106694200654
-rut	0.0	1.0	0.0	0.0
-lis	0.266123653366	0.533990744368	0.0630156825369	0.136869919729
-lil	0.234775448271	0.552955163672	0.0843572472753	0.127912140782
-lim	0.0	0.966101694915	0.0338983050847	0.0
-omi	0.147308469931	0.362454616084	0.0879193902115	0.402317523774
-lio	0.0181775809835	0.958517828012	0.0149149382429	0.00838965276157
-lih	0.328822733423	0.487144790257	0.0703653585928	0.113667117727
-sué	0.05	0.95	0.0	0.0
-ich	0.0327039127896	0.741613133476	0.0362079034456	0.189475050289
-lie	0.162909090909	0.0785454545454	0.0654545454546	0.693090909091
-oma	0.181545266411	0.628593823553	0.0799700681239	0.109890841912
-lia	0.59407549793	0.193041600669	0.0579023651961	0.154980536205
-ome	0.0464116672477	0.0104906037398	0.0579121578155	0.885185571197
-eas	0.00740302043233	0.970387918271	0.0133254367782	0.00888362451878
-amó	0.20850768121	0.110617022295	0.0348943348701	0.645980961624
-144	0.00936768149881	0.0679156908664	0.0	0.922716627635
-ode	0.0	1.0	0.0	0.0
-rna	0.0	1.0	0.0	0.0
-rno	0.033566841798	0.922650321074	0.0175131348511	0.0262697022767
-slí	0.0	1.0	0.0	0.0
-zer	0.0	1.0	0.0	0.0
-tua	0.0689831374553	0.927950945324	0.0	0.00306591722024
-ura	0.0370959194488	0.907613495849	0.0552905847024	0.0
-lwi	0.557883210056	0.262492739168	0.10445933499	0.0751647157861
-epe	0.790265930758	0.209734069242	0.0	0.0
-kyo	0.193682030036	0.798549974107	0.00776799585708	0.0
-pah	0.201020830679	0.190860300675	0.0434370620461	0.564681806599
-paj	0.0558106315682	0.912355882053	0.00489745944291	0.026936026936
-pak	0.251483847117	0.437986486209	0.0856421104517	0.224887556222
-pal	0.151898734177	0.848101265823	0.0	0.0
-pan	0.0489011694751	0.0350687472328	0.0437675733994	0.872262509893
-aís	0.073717620559	0.58917784376	0.0238046483055	0.313299887376
-apo	0.735840414177	0.163704058563	0.0595673331484	0.0408881941117
-óli	0.205128205128	0.74358974359	0.025641025641	0.025641025641
-jwa	0.799465240642	0.096256684492	0.0347593582888	0.0695187165776
-aín	0.0	0.996031746032	0.0	0.00396825396825
-wan	0.0864694847144	0.0161995458207	0.00493796420039	0.892393005265
-pas	0.506956720955	0.324376847175	0.0404512208883	0.128215210981
-wak	0.0942523279517	0.111885616943	0.153809993205	0.6400520619
-kau	0.114263667122	0.760491482163	0.0534219742387	0.0718228764765
-wah	0.0858179428707	0.33685034816	0.0245544823123	0.552777226657
-sen	0.0801944106926	0.182260024301	0.0583232077764	0.67922235723
-ken	0.241625971281	0.06319754019	0.0198139538183	0.675362534711
-icó	0.0	1.0	0.0	0.0
-keh	0.476381541609	0.271025712374	0.108221794632	0.144370951385
-oak	0.415329768271	0.502673796791	0.0819964349376	0.0
-omé	0.0	1.0	0.0	0.0
-gya	0.853333333333	0.146666666667	0.0	0.0
-zín	0.0964113551152	0.566148901982	0.337439742903	0.0
-fes	0.0	0.978494623656	0.0215053763441	0.0
-dil	0.260869565217	0.45652173913	0.0	0.282608695652
-dio	0.0	1.0	0.0	0.0
-aña	0.0527859237536	0.947214076246	0.0	0.0
-xwi	0.0345016429354	0.890470974808	0.0240963855421	0.0509309967141
-sla	0.177658797761	0.770747140423	0.01752251156	0.0340715502555
-dis	0.0	1.0	0.0	0.0
-feo	0.0	1.0	0.0	0.0
-ska	0.0997367355205	0.707877683273	0.175678412313	0.0167071688943
-sús	0.00855166685004	0.592023961828	0.0020723414428	0.397352029879
-ski	0.66256634637	0.133428291192	0.0309810720403	0.173024290398
-soj	0.15116811727	0.408153916628	0.166743014201	0.273934951901
-uka	0.107899807322	0.868978805395	0.0	0.0231213872832
-nna	0.222591888466	0.716888466413	0.0380228136882	0.0224968314322
-koh	0.537236263601	0.313462530396	0.0397538869649	0.109547319038
-kla	0.851851851852	0.0555555555556	0.037037037037	0.0555555555556
-kki	0.526977738649	0.143719568069	0.236957315941	0.092345377341
-ora	0.048060486522	0.809467455621	0.0226166995398	0.119855358317
-kko	0.568665377176	0.431334622824	0.0	0.0
-tis	0.439414913217	0.177525458024	0.0824684581963	0.300591170563
-kka	0.372743156669	0.432149097263	0.0786255096098	0.116482236459
-tia	0.418226192471	0.359994726257	0.0832095381767	0.138569543095
-til	0.076464413185	0.766260760025	0.0204702918329	0.136804534957
-tio	0.12127187577	0.580971160956	0.259304905102	0.038452058171
-tih	0.538693496281	0.208567658003	0.0928367125193	0.159902133197
-ngo	0.0163710777626	0.905866302865	0.0327421555252	0.0450204638472
-eme	0.0332820028811	0.0317917639462	0.00983557697084	0.925090656202
-jar	0.0316853318765	0.779295274515	0.130019120459	0.0590002731494
-hma	0.356475480211	0.566337267049	0.0406558812141	0.0365313715258
-emo	0.249202477013	0.405704635016	0.0163257646838	0.328767123288
-emi	0.156916007974	0.0695152181122	0.048570462774	0.72499831114
-260	0.021164021164	0.0952380952381	0.0476190476191	0.835978835979
-rug	0.0	1.0	0.0	0.0
-xki	0.231802078716	0.538674589771	0.117729166132	0.111794165381
-cio	0.0141598489616	0.493077407174	0.487098804279	0.00566393958464
-ana	0.325931369172	0.480737287682	0.096654189726	0.0966771534204
-cia	0.00943396226415	0.904312668464	0.0822102425876	0.00404312668464
-xto	0.53066966798	0.391671356218	0.0405177265053	0.0371412492966
-zar	0.0	1.0	0.0	0.0
-xti	0.439058870628	0.345390059092	0.0568918710409	0.158659199239
-cis	0.0	1.0	0.0	0.0
-ane	0.0433265134191	0.922012275846	0.0	0.0346612107354
-ets	0.0	0.926530612245	0.0244897959184	0.0489795918367
-000	0.0873725521929	0.233047418676	0.00637239035442	0.673207638777
-rca	0.0	0.787610619469	0.0	0.212389380531
-eta	0.0479969586086	0.860345483058	0.0346908710735	0.0569666872595
-xma	0.579724289374	0.115286080273	0.0597779675491	0.245211662803
-eti	0.348395412261	0.134876900661	0.140564874659	0.376162812418
-eto	0.578218445074	0.19357884797	0.024689172175	0.203513534781
-etl	0.106943640061	0.739351856108	0.0336768432633	0.120027660568
-rco	0.00813008130081	0.991869918699	0.0	0.0
-ico	0.0249287749288	0.947293447293	0.0149572649573	0.0128205128205
-kto	0.389723320158	0.449011857707	0.161264822134	0.0
-oxa	0.493506493507	0.506493506494	0.0	0.0
-uyo	0.388888888889	0.611111111111	0.0	0.0
-ías	0.0256585479067	0.935376561755	0.00866459507201	0.0303002952667
-jsi	0.459813005799	0.280723047736	0.106131843874	0.153332102592
-ebú	0.00803212851406	0.983935742972	0.00803212851406	0.0
-ría	0.0011053213327	0.713484920259	0.0108953102795	0.274514448129
-jso	0.571734475375	0.364025695932	0.0	0.0642398286938
-amá	0.00896446810823	0.918097359557	0.0	0.0729381723351
-omo	0.213660245184	0.117338003503	0.136602451839	0.532399299475
-atl	0.0419888532346	0.722381740544	0.0208588553368	0.214770550885
-rín	0.0355029585799	0.860355029586	0.0828402366864	0.0213017751479
-jse	0.0549408476588	0.156858991539	0.0163482522302	0.771851908572
-ati	0.365069501146	0.425770665541	0.0686711444639	0.140488688849
-kak	0.239998170316	0.615799323837	0.0701269579365	0.0740755479104
-nis	0.593724122855	0.280894095166	0.0564447936599	0.0689369883191
-kah	0.381532610726	0.403375398261	0.0722142354586	0.142877755554
-osa	0.0524658971669	0.922350472193	0.0251836306401	0.0
-kan	0.0325487963391	0.0323017262678	0.001681150702	0.933468326691
-hti	0.240605867705	0.661090412087	0.0343562187564	0.063947501451
-jka	0.235796482782	0.261699717791	0.142140791302	0.360363008124
-sda	0.0454545454545	0.954545454545	0.0	0.0
-oso	0.0348718919033	0.0377693341867	0.00763684630163	0.919721927608
-lik	0.0574229691877	0.12324929972	0.736694677871	0.0826330532213
-nes	0.0798796017597	0.870340356564	0.0266265339199	0.0231535077564
-lén	0.0260220215644	0.946127176439	0.00262887187107	0.0252219301253
-nia	0.237964118412	0.456734737509	0.050878892765	0.254422251314
-kas	0.496176963988	0.312349783274	0.0409189611293	0.150554291608
-nik	0.293345491929	0.333010007609	0.088227265071	0.285417235391
-nih	0.408913196275	0.35389211035	0.185797750835	0.0513969425409
-iaj	0.232558139535	0.558139534884	0.0	0.209302325581
-nin	0.0948230286766	0.02132397919	0.00694112921245	0.876911862921
-ice	0.0579064587973	0.907943578322	0.0252412769117	0.00890868596882
-nil	0.107396149949	0.866261398176	0.00202634245187	0.0243161094225
-ach	0.239854854138	0.0354527983432	0.0099747559695	0.71471759155
-ajo	0.0	1.0	0.0	0.0
-ino	0.0541496384785	0.867573090223	0.0721471235461	0.00613014775228
-pki	0.682038992163	0.120668437075	0.0108815337781	0.186411036984
-aja	0.0574162679426	0.885167464115	0.0574162679426	0.0
-nós	0.0	1.0	0.0	0.0
-nón	0.183619550859	0.279392338177	0.0653896961691	0.471598414795
-weh	0.47174929841	0.297921214011	0.0997817274712	0.130547760108
-ica	0.0187826086957	0.96452173913	0.00417391304348	0.0125217391304
-fil	0.0382165605096	0.694267515924	0.267515923567	0.0
-fia	0.0	1.0	0.0	0.0
-neh	0.183053271362	0.428673578835	0.178405434394	0.209867715409
-via	0.0261437908497	0.960784313725	0.0130718954248	0.0
-yua	0.02620161154	0.881106665915	0.0690257508311	0.0236659717135
-lda	0.0194174757282	0.68932038835	0.291262135922	0.0
-wel	0.221962489329	0.0842273875428	0.115471611762	0.578338511367
-vid	0.0154058648534	0.942307692308	0.000956226094347	0.0413302167446
-fre	0.0150753768844	0.984924623116	0.0	0.0
-jsa	0.510638297872	0.36170212766	0.0957446808511	0.031914893617
-wík	0.78115105889	0.0691620347569	0.0369380144938	0.11274889186
-ilo	0.395302342843	0.511902880594	0.0377308669473	0.0550639096153
-ili	0.529766220223	0.173626153564	0.0301505892875	0.266457036926
-lma	0.0999393696586	0.725496665331	0.116975852842	0.0575881121683
-páj	0.542253521127	0.295774647887	0.119718309859	0.0422535211268
-ooz	0.0325203252032	0.967479674797	0.0	0.0
-mín	0.0	1.0	0.0	0.0
-lme	0.713017751479	0.0118343195266	0.0	0.275147928994
-bus	0.0	1.0	0.0	0.0
-igo	0.082179014699	0.88605074766	0.0139789045622	0.0177913330792
-ebe	0.0540540540541	0.945945945946	0.0	0.0
-lmo	0.0886469673405	0.827371695179	0.00466562986003	0.0793157076205
-ami	0.294536817102	0.225196418783	0.353827882331	0.126438881783
-jkí	0.211184694628	0.110048238084	0.0147167034584	0.66405036383
-ñas	0.0295566502463	0.704433497537	0.23645320197	0.0295566502463
-amo	0.25959637439	0.0353369499403	0.01327098725	0.69179568842
-atá	0.019801980198	0.950495049505	0.0	0.029702970297
-ama	0.529917045266	0.415049570511	0.0290617470157	0.0259716372064
-oas	0.253958201393	0.675110829639	0.0417986067131	0.0291323622546
-hih	0.134126428738	0.655936552368	0.167949615115	0.0419874037789
-hto	0.217539082282	0.0646586672505	0.191977019551	0.525825230917
-xpa	0.154344877267	0.265060887291	0.0405404369784	0.540053798463
-hik	0.047619047619	0.591836734694	0.34693877551	0.0136054421769
-yik	0.19564893079	0.0879346793825	0.0539135244097	0.662502865418
-hio	0.138173302108	0.829039812646	0.0	0.0327868852458
-hia	0.551910222604	0.200404734163	0.188569326056	0.0591157171766
-usa	0.04	0.96	0.0	0.0
-kmó	0.167110013006	0.0260368975896	0.0429688995389	0.763884189866
-ira	0.034375	0.8375	0.0	0.128125
-mós	0.0	1.0	0.0	0.0
-agé	0.0983606557377	0.775956284153	0.0109289617486	0.114754098361
-jma	0.196808510638	0.803191489362	0.0	0.0
-ulo	0.0478657784357	0.853277407682	0.0115141047784	0.0873427091043
-uza	0.0	1.0	0.0	0.0
-anó	0.265957446809	0.143617021277	0.11170212766	0.478723404255
-uda	0.0708661417323	0.905511811024	0.0236220472441	0.0
-epa	0.0973795489906	0.0396185852534	0.0422667966455	0.82073506911
-epo	0.496681333433	0.196808113953	0.252815273324	0.05369527929
-kal	0.0617598043105	0.858943656822	0.038776878897	0.0405196599709
-aná	0.00902378999181	0.978671041838	0.0	0.0123051681706
-ien	0.115894039735	0.337748344371	0.0827814569536	0.46357615894
-aní	0.0	1.0	0.0	0.0
-pia	0.638748245391	0.0837091399465	0.0453179029135	0.23222471175
-wil	0.20111920968	0.642324796496	0.0974666468334	0.0590893469909
-wik	0.412950800783	0.325498329301	0.178822444982	0.0827284249338
-wih	0.57858492861	0.201912460937	0.108722094351	0.110780516103
-ksé	0.610738255034	0.0134228187919	0.161073825503	0.214765100671
-pil	0.103680719024	0.828197446323	0.0242527997718	0.0438690348812
-wia	0.325072146104	0.242896253645	0.087511420825	0.344520179426
-pio	0.126023944549	0.864524259609	0.0	0.00945179584121
-pis	0.375	0.53125	0.0375	0.05625
-rés	0.0	0.996926229508	0.0	0.0030737704918
-aúl	0.375757575757	0.587878787879	0.0363636363636	0.0
-yak	0.133190927939	0.42765596532	0.24502104668	0.194132060062
-nok	0.329616814046	0.284762270921	0.0577982827118	0.327822632321
