-can	0.214285714286	0.75	0.0357142857143	0.0
-eus	0.0304131599082	0.940193828105	0.000956388676359	0.0284366233104
-hem	0.0	0.966666666667	0.0333333333333	0.0
-hei	0.572597137014	0.355828220859	0.0593047034765	0.0122699386503
-rbe	0.0139751552795	0.986024844721	0.0	0.0
-mua	0.541029207232	0.392211404729	0.0	0.0667593880389
-hea	0.517560073937	0.39741219963	0.0628465804066	0.0221811460259
-ion	0.00203417412531	0.976267968538	0.00813669650125	0.0135611608354
-aus	0.105111294312	0.857790601814	0.0148392415499	0.0222588623248
-oya	0.413230328375	0.121045587488	0.0347572265872	0.43096685755
-oyo	0.0732277437994	0.0614368358996	0.0056334337744	0.859701986527
-aua	0.0550026191723	0.944997380828	0.0	0.0
-nsi	0.0315200813422	0.883070665989	0.0137264870361	0.071682765633
-aum	0.0046565774156	0.980209545984	0.0	0.0151338766007
-aul	0.107142857143	0.839285714286	0.0535714285714	0.0
-nti	0.251607344986	0.0836288594762	0.0129418184858	0.651821977052
-puu	0.166020937333	0.0327488459798	0.0809337552997	0.720296461388
-nto	0.584820195548	0.225321769872	0.12315638292	0.0667016516599
-pus	0.0	1.0	0.0	0.0
-nta	0.171685956773	0.505252578678	0.0695584664835	0.253502998065
-nte	0.0559223824283	0.933971162916	0.00101064546557	0.00909580919014
-kia	0.0923861422701	0.311196505528	0.110623824168	0.485793528034
-pue	0.0401297820028	0.397472297905	0.00534769143401	0.557050228658
-apa	0.118586626656	0.13902865387	0.0101062006371	0.732278518837
-pua	0.0290988637946	0.957598798471	0.00332558443368	0.00997675330102
-ntu	0.230825684384	0.677869486976	0.0329348842353	0.0583699444047
-pui	0.357573726541	0.549262734584	0.0630026809652	0.0301608579089
-opu	0.243243243243	0.36036036036	0.0540540540541	0.342342342342
-opo	0.35800697677	0.313676528909	0.145010037466	0.183306456856
-ope	0.0596689617008	0.166311438982	0.0310274885137	0.742992110803
-opa	0.0516129032258	0.948387096774	0.0	0.0
-gke	0.291743114276	0.69063193334	0.0103170452985	0.00730790708645
-dea	0.0194143342501	0.932373402362	0.0346222294127	0.0135900339751
-imu	0.211960243384	0.633741721511	0.053898127118	0.100399907987
-oia	0.491867375665	0.367375664686	0.0531748514232	0.0875821082265
-oku	0.187384561625	0.176397694098	0.0591160032023	0.577101741074
-gko	0.0583027948025	0.0288696466771	0.00885039244171	0.903977166079
-dek	0.109410516745	0.883517704703	0.0060615244734	0.0010102540789
-gki	0.264152005473	0.269950192562	0.0662750691873	0.399622732778
-deo	0.0185185185185	0.981481481482	0.0	0.0
-ima	0.271834803255	0.454357707858	0.043188408737	0.23061908015
-der	0.0	1.0	0.0	0.0
-des	0.0408163265306	0.959183673469	0.0	0.0
-ime	0.486810551559	0.446043165468	0.0335731414868	0.0335731414868
-kim	0.0	1.0	0.0	0.0
-imi	0.346058060732	0.28261229053	0.0812585797647	0.290071068973
-oka	0.28735701306	0.546553207287	0.096043060539	0.0700467191144
-imo	0.015245874374	0.982536543899	0.0	0.00221758172713
-ido	0.133886038407	0.049887436122	0.00571070361397	0.810515821857
-obo	0.658511192087	0.259973498651	0.0260281103592	0.0554871989021
-ide	0.201713641376	0.0600444289574	0.0112854979027	0.726956431764
-ida	0.491347077899	0.248608713711	0.0364899984614	0.223554209929
-bia	0.372860384794	0.517014302217	0.0517201949183	0.058405118071
-obu	0.0264501848173	0.95136104903	0.00661254620433	0.015576219948
-eja	0.0030333670374	0.996966632963	0.0	0.0
-ter	0.0125260960334	0.912317327766	0.0501043841336	0.0250521920668
-uta	0.0347090995183	0.373272690151	0.00847093167216	0.583547278659
-ute	0.34309623431	0.405857740586	0.225941422594	0.0251046025105
-rio	0.0203212501258	0.0384963616243	0.00543241339995	0.93574997485
-uto	0.144318226178	0.738181676231	0.0199086544092	0.0975914431823
-rii	0.136666666667	0.733333333333	0.13	0.0
-tea	0.134880987364	0.776079929474	0.0731707317073	0.0158683514546
-riu	0.492397038674	0.428968376604	0.0408248939551	0.0378096907673
-ris	0.0	1.0	0.0	0.0
-utu	0.05284738041	0.429157175399	0.486560364465	0.0314350797267
-tei	0.583333333333	0.333333333333	0.0	0.0833333333333
-aku	0.376257458148	0.271408908754	0.0447249107293	0.307608722369
-are	0.121290770654	0.812085223994	0.0268458174177	0.0397781879346
-ara	0.231902597317	0.109181985399	0.0190242432367	0.639891174047
-mes	0.0	1.0	0.0	0.0
-eri	0.474992485439	0.275901900114	0.0471375495253	0.201968064921
-aro	0.612514858402	0.237071475129	0.0201331261422	0.130280540327
-ari	0.349460674032	0.279327662103	0.0643811575389	0.306830506326
-aru	0.0910553685852	0.739151020913	0.116638621109	0.0531549893929
-mea	0.0	1.0	0.0	0.0
-lua	0.0264317180616	0.923348017621	0.0370044052864	0.0132158590309
-meo	0.0416666666666	0.949074074074	0.0	0.00925925925926
-lue	0.365296803653	0.27397260274	0.150684931507	0.2100456621
-aye	0.109696583917	0.751538298324	0.118395926162	0.0203691915977
-aya	0.162556162974	0.273702513597	0.292882082099	0.27085924133
-iwe	0.0191308186786	0.980869181321	0.0	0.0
-ayo	0.212427745665	0.190751445087	0.354046242774	0.242774566474
-ero	0.511164632622	0.251245802578	0.122996135545	0.114593429255
-ayu	0.0161290322581	0.983870967742	0.0	0.0
-ubu	0.334079683516	0.500441594742	0.0143623041512	0.151116417591
-ubi	0.0295566502463	0.866995073892	0.0738916256157	0.0295566502463
-uba	0.216084484159	0.559707554833	0.00487408610886	0.219333874899
-ube	0.612612612613	0.376126126126	0.00450450450449	0.00675675675676
-inu	0.111361079865	0.863329583802	0.0168728908886	0.00843644544431
-umu	0.11173901235	0.43203281364	0.0375124613749	0.418715712635
-ota	0.189534223492	0.513958642416	0.0258255948129	0.270681539279
-ndo	0.142587408677	0.121737139282	0.0314989080136	0.704176544028
-oti	0.0442067059146	0.936570234855	0.0115211749066	0.00770188432403
-iga	0.319719799101	0.104678826328	0.0759978852762	0.499603489294
-oto	0.258861930369	0.2204123646	0.227322355479	0.293403349551
-ume	0.554841473865	0.333333333333	0.0462724935732	0.0655526992288
-uma	0.0888956140327	0.666847537555	0.0179636811748	0.226293167237
-otu	0.0878448597031	0.875683836938	0.00823545559717	0.0282358477617
-umi	0.277820189535	0.261958188338	0.0341263250649	0.426095297062
-ako	0.229615346319	0.513885435109	0.121814030696	0.134685187876
ALL	0.226211801426	0.288802673496	0.0545400876013	0.430445437476
-nai	0.540872695008	0.143566056772	0.0118424912881	0.303718756932
-nao	0.274500609998	0.435462370599	0.0314383415674	0.258598677836
-aki	0.373790521885	0.454032030575	0.0659221740151	0.106255273524
-nam	0.0	1.0	0.0	0.0
-sis	0.0	1.0	0.0	0.0
-ake	0.227571484	0.394501392369	0.207877063626	0.170050060005
-naa	0.196145124717	0.616780045352	0.115646258503	0.0714285714286
-kio	0.792457950799	0.102513204069	0.012949292829	0.0920795523023
-aka	0.4354130542	0.312490565325	0.0675149103553	0.18458147012
-sik	0.0319845857418	0.898265895954	0.0258188824663	0.0439306358382
-sim	0.0	1.0	0.0	0.0
-nas	0.0270574971815	0.939120631342	0.0135287485907	0.0202931228862
-sia	0.0554648566645	0.776944603576	0.0932387409513	0.0743517988078
-nau	0.163043478261	0.800724637681	0.0362318840579	0.0
-wui	0.615979162983	0.263935413744	0.0539400097978	0.0661454134747
-mos	0.0	1.0	0.0	0.0
-mor	0.0	1.0	0.0	0.0
-gon	0.0	1.0	0.0	0.0
-goa	0.56174966295	0.306854415887	0.0338119797128	0.0975839414496
-wua	0.234437163184	0.665280474546	0.0376360429371	0.0626463193332
-wue	0.243681924966	0.669609169218	0.0687691321991	0.0179397736171
-mon	0.0429184549357	0.957081545064	0.0	0.0
-eor	0.0	1.0	0.0	0.0
-bet	0.0	0.716895893987	0.0	0.283104106013
-lpa	0.0	0.981386416516	0.0186135834841	0.0
-yan	0.0	0.878612716763	0.121387283237	0.0
-bed	0.397058823529	0.602941176471	0.0	0.0
-bee	0.134831460674	0.76404494382	0.101123595506	0.0
-iso	0.694938440493	0.239398084815	0.0328317373461	0.0328317373461
-rei	0.447313585291	0.412543411645	0.063493360572	0.0766496424923
-isi	0.0303263942431	0.95132999229	0.00089951169365	0.0174441017733
-ise	0.74241365542	0.16325613895	0.0	0.0943302056298
-rea	0.0424066351155	0.872733236493	0.00168689377255	0.0831732346188
-isa	0.454181202093	0.0696554507362	0.0522008896533	0.423962457518
-upe	0.627026863504	0.183763915779	0.0317642787996	0.157444941917
-upa	0.389133304819	0.325967813632	0.0541352720731	0.230763609476
-res	0.0754716981132	0.876909254268	0.0269541778976	0.0206648697215
-ret	0.0535231573256	0.946476842674	0.0	0.0
-upi	0.667792233588	0.133578309663	0.0794517826994	0.119177674049
-haa	0.0911161731207	0.726651480638	0.182232346241	0.0
-hab	0.0163098878696	0.98369011213	0.0	0.0
-hae	0.17324548567	0.184292403612	0.291075564331	0.351386546387
-hai	0.0192598405336	0.00270553565239	0.00703042532818	0.971004198486
-mas	0.03989772076	0.942908786316	0.0	0.0171934929242
-mar	0.0	1.0	0.0	0.0
-mau	0.589427829187	0.0863247823819	0.0266067331863	0.297640655244
-mai	0.655504207018	0.0186346689041	0.00982326977506	0.316037854302
-has	0.0	1.0	0.0	0.0
-gog	0.0434782608695	0.939130434783	0.0173913043478	0.0
-man	0.043057050592	0.913885898816	0.043057050592	0.0
-maa	0.248901903368	0.721815519766	0.0	0.0292825768668
-kii	0.0903614457831	0.83734939759	0.0722891566265	0.0
-uno	0.0918367346937	0.877551020408	0.0306122448979	0.0
-uni	0.285154461472	0.589000511729	0.0961512564303	0.0296937703682
-une	0.708599754114	0.101211213903	0.0123768480766	0.177812183906
-ung	0.0	1.0	0.0	0.0
-una	0.0870420420419	0.440464235887	0.0438039430448	0.428689779027
-luu	0.424989153366	0.287003797125	0.0825161292195	0.20549092029
-pta	0.0	1.0	0.0	0.0
-ade	0.226046698873	0.466116478798	0.0338835212024	0.273953301127
-tra	0.078391959799	0.921608040201	0.0	0.0
-gaa	0.404868060608	0.103075668606	0.0267218151559	0.46533445563
-ada	0.189046874327	0.492610872778	0.0906280040748	0.22771424882
-ado	0.0851022304832	0.81406133829	0.0266728624535	0.0741635687733
-gai	0.391810243285	0.237718102064	0.0912788698643	0.279192784787
-adi	0.624936936068	0.117797552567	0.040524667984	0.216740843382
-gau	0.662857142857	0.114285714286	0.188571428571	0.0342857142857
-adu	0.380945697868	0.332448454629	0.0473009858486	0.239304861654
-hia	0.294722311794	0.312154219861	0.114358100857	0.278765367488
-seo	0.0	1.0	0.0	0.0
-ini	0.210462515579	0.185364770962	0.144525447747	0.459647265712
-bel	0.041958041958	0.958041958042	0.0	0.0
-ino	0.0275229357798	0.772935779817	0.199541284404	0.0
-ina	0.242152081512	0.193852678797	0.0414300685661	0.522565171125
-see	0.264279360351	0.659695070233	0.0651647737852	0.0108607956308
-ine	0.0264755123141	0.531645158918	0.0243449257431	0.417534403025
-sea	0.0190174326466	0.94294770206	0.0190174326466	0.0190174326466
-ing	0.0159362549801	0.737051792829	0.247011952191	0.0
-ohe	0.541152149406	0.183317148846	0.0614833078597	0.214047393888
-oha	0.662703125346	0.160449660321	0.0560968953079	0.120750319026
-uia	0.520487264673	0.370001230466	0.0504491202166	0.0590623846437
-oho	0.393175447853	0.276317465303	0.147808158704	0.18269892814
-ses	0.0	1.0	0.0	0.0
-ohi	0.440378738093	0.229495122216	0.0917240367254	0.238402102966
-bea	0.39187121382	0.523523476705	0.0240096148511	0.0605956946242
-kus	0.0255271920089	0.967813540511	0.0	0.00665926748058
-ede	0.192189556823	0.114523913997	0.606406318561	0.0868802106187
-ian	0.0392156862745	0.862745098039	0.0980392156863	0.0
-nes	0.00905660377358	0.969056603774	0.0135849056604	0.00830188679245
-aoa	0.0780778943873	0.166047694365	0.125221737725	0.630652673523
-ias	0.0244066278549	0.879937304075	0.0741603224362	0.0214957456337
-edu	0.940781184376	0.0371692566149	0.0220495590088	0.0
-kum	0.0	0.886274509804	0.0117647058823	0.101960784314
-nee	0.288770694129	0.0707058834167	0.0332959610846	0.607227461369
-kui	0.276610644258	0.344362745098	0.341386554622	0.0376400560224
-eka	0.0265761819658	0.918224686686	0.0190329498182	0.0361661815296
-hoa	0.574602122016	0.237234748011	0.17075596817	0.0174071618037
-eke	0.483410195645	0.218191713884	0.122834675225	0.175563415246
-bai	0.40523737885	0.24827556545	0.144674451268	0.201812604431
-eki	0.31494790242	0.401636286773	0.157100937508	0.1263148733
-hoi	0.631075530318	0.225706605848	0.0936478199653	0.0495700438683
-eko	0.459897604335	0.260120323548	0.0300058390186	0.249976233098
-baa	0.0821780492402	0.61047093858	0.0309506503903	0.276400361789
-upu	0.132400526789	0.843405300073	0.00881955079882	0.0153746223385
-eku	0.157138009779	0.591988534841	0.126577061578	0.124296393802
-hou	0.728370221328	0.259557344064	0.0120724346076	0.0
-bau	0.312825262836	0.639493393683	0.00401058029277	0.0436707631879
-bas	0.0	1.0	0.0	0.0
-ase	0.0	1.0	0.0	0.0
-nya	0.0	1.0	0.0	0.0
-mbu	0.162485241541	0.300428185888	0.199952666864	0.337133905706
-asa	0.167857675494	0.675428718999	0.0577153086828	0.0989982968248
-asi	0.167716628203	0.698629852174	0.0494140313672	0.0842394882564
-mba	0.184189117818	0.458612839532	0.0651808154043	0.292017227245
-asu	0.0671140939597	0.395973154362	0.536912751678	0.0
-mbe	0.256564922559	0.654305823947	0.0865827033944	0.00254655009984
-mbi	0.523038469547	0.154818298545	0.0523435220638	0.269799709843
-lta	0.120689655172	0.879310344828	0.0	0.0
-mbo	0.342693805755	0.466955647695	0.0753863550697	0.114964191481
-rat	0.0	1.0	0.0	0.0
-ras	0.0	0.987603305785	0.0123966942149	0.0
-ran	0.0221402214022	0.977859778598	0.0	0.0
-rao	0.159840823887	0.28358341236	0.0757681842755	0.480807579477
-iwa	0.173076923077	0.788461538462	0.0	0.0384615384615
-ram	0.0	1.0	0.0	0.0
-rak	0.0	1.0	0.0	0.0
-rah	0.0	1.0	0.0	0.0
-rai	0.244536215429	0.430140490477	0.145470371226	0.179852922868
-era	0.15153334673	0.769218444521	0.0492416054364	0.0300066033128
-iwi	0.171294912154	0.365118446739	0.0109037829092	0.452682858198
-rae	0.194895591647	0.489269141531	0.277552204176	0.038283062645
-ere	0.155058464667	0.776817488561	0.0559227249619	0.0122013218099
-raa	0.453052550232	0.398183925811	0.0622102009273	0.0865533230294
-pou	0.177935943061	0.779359430605	0.0	0.0427046263345
-uga	0.0225608699877	0.84049380421	0.102157647248	0.0347876785541
-poa	0.074352776573	0.279182789039	0.546178706692	0.100285727695
-ugi	0.447981015314	0.342762575843	0.0616738780969	0.147582530746
-lae	0.536170212766	0.304964539007	0.0	0.158865248227
-ike	0.362071504973	0.302235121593	0.0676064662564	0.268086907178
-laa	0.292949354518	0.62959285005	0.0225091029461	0.054948692486
-ika	0.182843472317	0.679718777463	0.0312469485402	0.106190801679
-iko	0.171943361242	0.131862384972	0.0152468334513	0.680947420334
-lam	0.0	1.0	0.0	0.0
-nor	0.0	1.0	0.0	0.0
-lao	0.445405034203	0.00477847620287	0.00042883760795	0.549387651986
-lai	0.446464801482	0.324741743973	0.0488092703029	0.179984184242
-iki	0.416226026119	0.304955994413	0.0693162521793	0.209501727289
-lak	0.0806353084911	0.919364691509	0.0	0.0
-lau	0.503275759381	0.347826086956	0.0845741512805	0.0643240023823
-iku	0.327625036753	0.453779451395	0.117255276312	0.10134023554
-fos	0.0	1.0	0.0	0.0
-iks	0.0229765787133	0.941446783279	0.00444707975096	0.0311295582567
-non	0.0	1.0	0.0	0.0
-las	0.0452668006251	0.852031703505	0.00167448091092	0.101027014959
-gka	0.341877063112	0.308850479223	0.103463270764	0.245809186902
-uki	0.579588408232	0.270847590041	0.0220422164983	0.127521785229
-boe	0.0581717451523	0.941828254848	0.0	0.0
-ahi	0.318487552986	0.403615674435	0.165084042314	0.112812730265
-boa	0.25483214649	0.296541200407	0.311291963378	0.137334689725
-aha	0.261304323112	0.42113215127	0.220391600881	0.0971719247365
-ahe	0.33196904826	0.190162006603	0.0633477831114	0.414521162026
-dod	0.0571428571429	0.942857142857	0.0	0.0
-doe	0.259649122807	0.719298245614	0.0210526315789	0.0
-doa	0.323420074349	0.448884758364	0.115241635688	0.112453531598
-don	0.00319318786589	0.996806812134	0.0	0.0
-dok	0.0	1.0	0.0	0.0
-doi	0.203255615874	0.594118414756	0.0417112189269	0.160914750442
-mpo	0.163477724642	0.485053198115	0.00986393686374	0.341605140379
-toe	0.391720829404	0.478855989075	0.126957978064	0.00246520345755
-mia	0.176128001346	0.321370001261	0.0330095454354	0.469492451957
-sau	0.0455826288745	0.909663517321	0.0	0.0447538538041
-toa	0.307647198017	0.379635948047	0.172021517002	0.140695336935
-too	0.184081346424	0.433029453015	0.26507713885	0.117812061711
-mpe	0.476104598738	0.442741208296	0.0811541929666	0.0
-olu	0.173049011946	0.710840683265	0.055822261918	0.0602880428715
-toi	0.163265306122	0.755102040816	0.0	0.0816326530612
-oli	0.518394879156	0.33577209048	0.0454116607324	0.100421369632
-saa	0.294500312945	0.52475733813	0.10759848035	0.0731438685746
-tou	0.175761410417	0.323731757385	0.173325028999	0.327181803199
-sae	0.0390890923864	0.670114412456	0.260491468476	0.0303050266816
-olo	0.339939494619	0.514019522895	0.0474743087312	0.0985666737547
-ola	0.282634365596	0.411267283739	0.199443873081	0.106654477584
-sai	0.33997177703	0.407038932659	0.125772113523	0.127217176789
-mpu	0.224275245851	0.356787142947	0.0886166142807	0.330320996921
-ole	0.378231292517	0.27074829932	0.0517006802721	0.299319727891
-lon	0.0869565217391	0.63768115942	0.0434782608696	0.231884057971
-gku	0.17873564295	0.389223078884	0.0463642960571	0.385676982109
-iel	0.0393504059963	0.953154278576	0.0	0.00749531542787
-loi	0.0398724082935	0.897056691315	0.0427722198057	0.0202986805857
-loe	0.15625	0.78125	0.0	0.0625
-oko	0.538410321777	0.264035321457	0.0584770392719	0.139077317494
-loa	0.369260319605	0.47246377472	0.103762826523	0.0545130791516
-roa	0.249734511645	0.145991092575	0.36360554741	0.24066884837
-oki	0.55157799435	0.111414993527	0.0435362535918	0.293470758531
-ron	0.0	0.978260869565	0.0108695652174	0.0108695652174
-roo	0.0870061323917	0.0406969377721	0.00611587041932	0.866181059417
-oci	0.0227272727273	0.681818181818	0.227272727273	0.0681818181818
-ewu	0.0964050483865	0.882621334216	0.014350369798	0.00662324759908
-ipi	0.134741278453	0.702958577379	0.0610610023203	0.101239141847
-ipo	0.0	0.466019417476	0.533980582524	0.0
-sar	0.0993891448027	0.893100340477	0.00300420588824	0.00450630883236
-ipa	0.0163822525597	0.961774744027	0.0163822525597	0.00546075085325
-oke	0.447485741533	0.301890924331	0.0808253413373	0.169797992798
-ewe	0.60769591741	0.323322383857	0.068981698733	0.0
-ewa	0.222713152265	0.184053020445	0.0512444887103	0.54198933858
-ewo	0.218296805147	0.700905026715	0.0680405626431	0.0127576054956
-rdi	0.0	1.0	0.0	0.0
-ewi	0.0491160633933	0.816882502784	0.0880885919553	0.0459128418676
-ipu	0.00517258529792	0.978712822043	0.0	0.0161145926589
-awi	0.128127167406	0.0568298694387	0.00826119113415	0.806781772021
-awo	0.586680964616	0.212282284785	0.112202040678	0.0888347099212
-nga	0.383136471751	0.304503271411	0.0992123368697	0.213147919968
-awa	0.270961480346	0.453175039592	0.127848287847	0.148015192215
-mpi	0.298087295589	0.580223518004	0.0964701315775	0.0252190548294
-awe	0.571805512615	0.115381519863	0.0284715079896	0.284341459533
-awu	0.365876425897	0.594958765341	0.0132308058616	0.0259340029005
-tia	0.164885898958	0.73420393088	0.0593589236249	0.0415512465374
-ahu	0.0441988950276	0.662983425414	0.24861878453	0.0441988950276
-mao	0.541787499493	0.212310299599	0.0785872362674	0.16731496464
-uji	0.481481481481	0.348148148148	0.0	0.17037037037
-mpa	0.376077066439	0.366158430953	0.0286915779915	0.229072924616
-sta	0.0	1.0	0.0	0.0
-dou	0.0193986420951	0.276430649855	0.66537342386	0.0387972841901
-lei	0.506351105252	0.244488977956	0.154872482608	0.094287434184
-oba	0.0	1.0	0.0	0.0
-ois	0.0	1.0	0.0	0.0
-lem	0.0645161290322	0.91935483871	0.0	0.0161290322581
-lea	0.266684653125	0.637666767577	0.0268034746903	0.0688451046072
-mus	0.0194346289753	0.974507824331	0.0	0.00605754669357
-mur	0.0521008403362	0.917647058823	0.0201680672269	0.0100840336135
-ios	0.0	1.0	0.0	0.0
-ryl	0.0	1.0	0.0	0.0
-les	0.0740740740741	0.925925925926	0.0	0.0
-leu	0.106339468303	0.451942740286	0.38036809816	0.0613496932515
-iot	0.0234741784037	0.971830985916	0.0	0.00469483568075
-bka	0.235910878113	0.665792922674	0.0393184796855	0.0589777195282
-giu	0.351193243453	0.559313497598	0.0447466294746	0.0447466294746
-alu	0.0826435480362	0.143865384265	0.0300273184298	0.743463749269
-ndu	0.195925210506	0.280866749737	0.388351060287	0.13485697947
-iba	0.0801324030196	0.0292191555735	0.0807872740695	0.809861167337
-ndi	0.196255085409	0.648907198501	0.0693797404997	0.0854579755901
-alo	0.0634526378079	0.691220755866	0.0495664653816	0.195760140944
-dos	0.0	1.0	0.0	0.0
-gii	0.0449679709264	0.875107824144	0.0799242049295	0.0
-ali	0.341780783238	0.0725689638846	0.0217487617543	0.563901491124
-nda	0.219127258007	0.427912847045	0.0696993429345	0.283260552013
-ale	0.108978373496	0.8503898739	0.00786478809221	0.0327669645117
-nde	0.384469836749	0.280177074754	0.0659140019171	0.26943908658
-gia	0.485035982846	0.338311090963	0.0368207778178	0.139832148373
-ala	0.13359185515	0.756965839742	0.0283233155067	0.0811189896013
-yol	0.0950679056469	0.838217774601	0.050035739814	0.016678579938
-lok	0.0	1.0	0.0	0.0
-pea	0.0860080539838	0.0741067076024	0.0346715201021	0.805213718312
-ros	0.0681818181818	0.306818181818	0.625	0.0
-ogu	0.191449759211	0.214258279907	0.0274765858126	0.56681537507
-pei	0.279069767442	0.623255813954	0.0976744186047	0.0
-elu	0.410221923335	0.456501803509	0.0984288072386	0.0348474659167
-eli	0.0393984673804	0.720632788189	0.0233594253362	0.216609319095
-elo	0.509264420611	0.379919284711	0.0593101295458	0.0515061651319
-ogo	0.40350877193	0.0350877192982	0.0701754385965	0.491228070175
-pes	0.037037037037	0.925925925926	0.0	0.037037037037
-oga	0.420779220779	0.290909090909	0.257142857143	0.0311688311688
-ela	0.121413287885	0.0759442263485	0.0721847651406	0.730457720626
-ele	0.0909865776282	0.373293637044	0.139997124099	0.395722661229
-itu	0.0140202341884	0.835707797434	0.00654299171688	0.143728976661
-esu	0.0206184166248	0.597787730572	0.00241437643197	0.379179476371
-ito	0.241379310345	0.189655172414	0.0	0.568965517241
-esi	0.0117796583899	0.955237298118	0.0	0.0329830434917
-iti	0.220202566687	0.0155175860396	0.00212965674069	0.762150190533
-esa	0.463593285948	0.332398972203	0.0522574832315	0.151750258618
-ita	0.497869055262	0.131403238546	0.0279173643912	0.342810341801
-ael	0.0141732283464	0.985826771654	0.0	0.0
-udu	0.653983049264	0.154098156917	0.0210321288716	0.170886664947
-ria	0.0724897247446	0.310175021132	0.00878613223979	0.608549121883
-fas	0.18320610687	0.725190839695	0.0	0.0916030534351
-uda	0.565599620592	0.317437179077	0.0232369286883	0.0937262716424
-udi	0.0637208724869	0.769580461828	0.083302165698	0.0833964999873
-udo	0.482573726542	0.436997319035	0.0402144772118	0.0402144772118
-abu	0.0565240560292	0.217798416565	0.0	0.725677527406
-hui	0.347058823529	0.035294117647	0.0176470588235	0.6
-hud	0.0	1.0	0.0	0.0
-wou	0.141287749884	0.0642653333682	0.692477509315	0.101969407433
-hua	0.281277591325	0.547535022152	0.0858818875151	0.0853054990083
-woi	0.220581995998	0.212111535398	0.258035297663	0.309271170941
-abe	0.470760793317	0.374274599834	0.132644601747	0.0223200051017
-aba	0.0818188211419	0.790315828955	0.0141320982817	0.113733251622
-woo	0.418867924528	0.581132075472	0.0	0.0
-woa	0.244556113903	0.390284757119	0.306532663317	0.0586264656616
-abo	0.065568258238	0.826496301278	0.0978480161399	0.0100874243443
-lot	0.0	0.881638386135	0.0131235157929	0.105238098072
-nji	0.0558659217877	0.944134078212	0.0	0.0
-aea	0.0503323620827	0.19195575611	0.251305232371	0.506406649436
-tua	0.221268981526	0.558293838863	0.0925234548796	0.127913724732
-lou	0.328458942632	0.17394416607	0.0926475099704	0.404949381327
-koa	0.211429606408	0.32398385819	0.428724499123	0.0358620362784
-tue	0.0282051282051	0.941025641026	0.0115384615385	0.0192307692308
-sou	0.142895877132	0.727110510354	0.0101891529189	0.119804459595
-tui	0.632183908046	0.343475321163	0.00811359026368	0.0162271805274
-koi	0.154530977944	0.487641317721	0.204893679281	0.152934025055
-nca	0.619456567647	0.0553287343376	0.301985076728	0.0232296212868
-tun	0.0111008325624	0.956984273821	0.0277520814061	0.00416281221091
-oru	0.285811178098	0.215045795752	0.15751595325	0.3416270729
-kou	0.883870967742	0.0193548387097	0.0774193548387	0.0193548387097
-ori	0.100741969923	0.0616663747491	0.0778059293019	0.759785726026
-soi	0.419319623521	0.479420529313	0.0428407045703	0.0584191425958
-oro	0.0760800523866	0.767957940719	0.12350930647	0.0324527004244
-kos	0.0566037735849	0.943396226415	0.0	0.0
-soe	0.160784313725	0.290196078431	0.305882352941	0.243137254902
-ncu	0.0601275549408	0.667473490088	0.250307361303	0.0220915936683
-ora	0.146803726958	0.388300809782	0.330349021164	0.134546442096
-soa	0.195274831244	0.00916104146576	0.79556412729	0.0
-ore	0.383009264396	0.460066570509	0.0346582713858	0.122265893709
-tna	0.0	1.0	0.0	0.0
-min	0.00587947084763	0.0632043116119	0.0	0.93091621754
-lit	0.0	1.0	0.0	0.0
-liu	0.185779355972	0.0641732905169	0.103831416244	0.646215937267
-omu	0.237674360471	0.484905126665	0.12819811616	0.149222396704
-ruu	0.259493670886	0.291139240506	0.272151898734	0.177215189873
-lim	0.0	0.963636363636	0.0363636363636	0.0
-omi	0.402147864558	0.228767675002	0.0597813958287	0.309303064612
-rui	0.489714570432	0.370432059221	0.0681044914229	0.0717488789238
-omo	0.0476159100526	0.924736142175	0.005026899595	0.0226210481775
-lii	0.418197080442	0.522469954753	0.0292365333825	0.0300964314231
-rub	0.510424929178	0.412067988669	0.0	0.077507082153
-oma	0.0788581586672	0.650047542271	0.20711893836	0.0639753607012
-rua	0.511522581559	0.216112839448	0.190761183731	0.0816033952625
-lia	0.111701705792	0.755825826262	0.105859383943	0.0266130840029
-ome	0.0	1.0	0.0	0.0
-eas	0.0176470588235	0.982352941176	0.0	0.0
-abi	0.0695730349992	0.785939239288	0.0452551570296	0.0992325686832
-lis	0.015873015873	0.825396825397	0.0	0.15873015873
-oda	0.0	0.9375	0.0625	0.0
-ode	0.308059552162	0.291659869716	0.0177083220051	0.382572256116
-rna	0.0	1.0	0.0	0.0
-odi	0.0984282907662	0.121512770138	0.476915520629	0.303143418468
-eam	0.031339031339	0.91452991453	0.0370370370371	0.017094017094
-odo	0.0790975170793	0.0459469105885	0.0389419706775	0.836013601655
-uri	0.236080643633	0.131410511819	0.0654353712756	0.567073473272
-uro	0.339029460692	0.433755457291	0.0351396280051	0.192075454012
-ura	0.295646437543	0.476951810075	0.105643892401	0.121757859981
-ehe	0.393336458901	0.227704341074	0.0733960426916	0.305563157333
-ure	0.109721764273	0.636746392066	0.247140284577	0.00639155908388
-eha	0.40648011782	0.513991163476	0.0795287187039	0.0
-uru	0.1047054915	0.743655840757	0.0185927681701	0.133045899572
-pai	0.292183029848	0.252638971514	0.0709253390578	0.38425265958
-wau	0.00350608085899	0.65465103539	0.341842883751	0.0
-dus	0.022429906542	0.943925233645	0.011214953271	0.0224299065421
-pan	0.0	1.0	0.0	0.0
-ape	0.0981645700144	0.617240668179	0.00247473705918	0.282120024748
-paa	0.546793552976	0.12630018539	0.0114706305124	0.315435631121
-api	0.295820578865	0.21660669948	0.036899597748	0.450673123907
-pae	0.289315047849	0.0963002034511	0.0168035566272	0.597581192073
-dua	0.0247036295964	0.105186779487	0.0622189861072	0.807890604809
-wae	0.469613259668	0.232044198895	0.298342541436	0.0
-sop	0.317073170732	0.439024390244	0.0	0.243902439024
-waa	0.236875922902	0.556018565702	0.122782832319	0.0843226790765
-apu	0.26060865838	0.679382768967	0.0600085726532	0.0
-wao	0.168776371308	0.388185654009	0.215189873418	0.227848101266
-dui	0.198608216317	0.669528951538	0.12061527295	0.0112475591953
-pas	0.00983606557376	0.965391621129	0.0225865209472	0.00218579234973
-pat	0.0303797468354	0.969620253165	0.0	0.0
-dum	0.793522267206	0.17004048583	0.0364372469636	0.0
-wai	0.136509789806	0.817271074625	0.0064730988297	0.0397460367394
-lus	0.0902092855424	0.888140485927	0.0144334856868	0.00721674284338
-ohu	0.442953020134	0.436241610738	0.0805369127517	0.0402684563758
-tul	0.0	0.958333333333	0.0416666666667	0.0
-sus	0.0130847235852	0.977101733726	0.00981354268892	0.0
-kei	0.52946366615	0.173620333905	0.153538259339	0.143377740606
-nua	0.0295566502463	0.946798029557	0.0	0.023645320197
-keu	0.0673813169985	0.872894333844	0.0321592649311	0.0275650842266
-kes	0.0594059405941	0.940594059406	0.0	0.0
-sos	0.0183767228178	0.935681470138	0.0	0.0459418070444
-sui	0.471814306016	0.336807200379	0.0748460445287	0.116532449076
-sor	0.0	1.0	0.0	0.0
-nur	0.109656126903	0.761439369743	0.0402427339509	0.0886617694028
-nus	0.0543778310146	0.913513354482	0.0165722913568	0.015536523147
-sua	0.563340233685	0.0819461964869	0.0161832632079	0.33853030662
-dia	0.249860568879	0.561628555494	0.0936977133296	0.0948131622978
-dim	0.0491803278689	0.950819672131	0.0	0.0
-dii	0.460792092301	0.255314225264	0.149674369401	0.134219313035
-son	0.0407974038016	0.931386184516	0.0278164116829	0.0
-dis	0.0102483247931	0.964130863224	0.0204966495861	0.00512416239653
-ska	0.0	1.0	0.0	0.0
-iha	0.412583040644	0.494495943934	0.0284942522662	0.064426763156
-uku	0.334162986984	0.281014783617	0.217921857409	0.16690037199
-ihe	0.434363785612	0.209530654415	0.0711193839629	0.284986176009
-ihi	0.335606508158	0.196499156548	0.131848551602	0.336045783692
-iho	0.0330205487588	0.912578691056	0.033733222473	0.0206675377123
-uka	0.553330312565	0.348029012038	0.0806025947232	0.0180380806739
-uke	0.295299401436	0.281822153879	0.126187596809	0.296690847875
-ihu	0.120428805696	0.670386114863	0.156533052643	0.0526520267981
-ggu	0.141371308153	0.748867154927	0.0225599389783	0.0872015979418
-nna	0.0318791946309	0.953020134228	0.0	0.0151006711409
-uko	0.445420712783	0.259185825634	0.0418911043153	0.253502357268
-tiu	0.0573829453309	0.77270795187	0.0193892231232	0.150519879676
-ngu	0.463410450854	0.169727295945	0.0753368511985	0.291525402003
-ais	0.204968944099	0.795031055901	0.0	0.0
-tis	0.0	0.991189427313	0.00881057268722	0.0
-tie	0.588957055215	0.300613496932	0.0736196319019	0.0368098159509
-aia	0.429247280821	0.366699407953	0.113056564328	0.0909967468978
-nge	0.251046025105	0.510460251046	0.238493723849	0.0
-dau	0.535313376988	0.351730589336	0.0540224508887	0.0589335827877
-aim	0.0	1.0	0.0	0.0
-ngi	0.452492859292	0.397892669204	0.0603770383792	0.0892374331253
-ain	0.0	0.961538461538	0.0	0.0384615384615
-tii	0.0398009950248	0.353233830846	0.606965174129	0.0
-ngo	0.0466562986003	0.167185069984	0.776827371695	0.00933125972005
-eme	0.250479478327	0.706175680859	0.0053701572689	0.0379746835443
-uwe	0.52320961044	0.369175318358	0.0310241646709	0.0765909065314
-ema	0.112160534968	0.276631242998	0.00553856392582	0.605669658108
-uwo	0.367832002253	0.488646964806	0.0468309022331	0.0966901307077
-emo	0.0915395284327	0.382801664355	0.271844660194	0.253814147018
-emi	0.439499857423	0.174136392516	0.0722286400559	0.314135110005
-emu	0.200713286997	0.648625098786	0.0461002249286	0.104561389289
-uwu	0.324247145584	0.224942758454	0.0520680214391	0.398742074524
-jaa	0.0244248674377	0.929557266375	0.0276107197122	0.0184071464748
-oni	0.119087635054	0.733493397359	0.126770708283	0.0206482593037
-gga	0.016221172156	0.851893645532	0.117074546865	0.0148106354468
-ser	0.0	1.0	0.0	0.0
-onu	0.895104895105	0.0629370629371	0.041958041958	0.0
-rus	0.0233070866142	0.963044619423	0.00314960629921	0.010498687664
-dai	0.354964767673	0.370113511415	0.184468672735	0.0904530481769
-ame	0.350150048996	0.590044708476	0.00771680548751	0.0520884370407
-eta	0.129069289829	0.619914751227	0.104880364346	0.146135594598
-rut	0.125	0.875	0.0	0.0
-ete	0.0737632939798	0.715191726022	0.163918431066	0.0471265489316
-eti	0.0212992545261	0.914802981896	0.0127795527156	0.0511182108626
-atu	0.0530085060232	0.494006925448	0.0212691616278	0.431715406901
-bul	0.0487804878049	0.947967479675	0.0	0.00325203252033
-uyo	0.714285714286	0.204081632653	0.0816326530612	0.0
-uya	0.0821256038647	0.917874396135	0.0	0.0
-bua	0.0381927406638	0.0675054428348	0.0143871868286	0.879914629673
-wei	0.725708370303	0.0965839143893	0.0362262508327	0.141481464475
-lio	0.0	1.0	0.0	0.0
-ata	0.181773780831	0.632530994624	0.114327072472	0.0713681520728
-ato	0.273100666519	0.27054280725	0.0407043950909	0.415652131139
-wea	0.530658958363	0.222448919563	0.0904085632766	0.156483558798
-ati	0.289887690625	0.286118739813	0.0445441757653	0.379449393797
-ose	0.156	0.736	0.0	0.108
-kai	0.371369730038	0.2743807483	0.082421519686	0.271828001976
-uli	0.490219039189	0.0683598278762	0.0300065754423	0.411414557493
-osa	0.0665308079804	0.566213495461	0.253165829163	0.114089867395
-ulo	0.0457785461078	0.216495512086	0.0135600591386	0.724165882668
-oso	0.608437220066	0.29638511496	0.0621454165423	0.0330322484323
-ula	0.336298041488	0.137427456188	0.0809926043931	0.445281897931
-osi	0.24576	0.663637333333	0.0775893333333	0.0130133333334
-kae	0.657824961981	0.264525040915	0.00620194256421	0.0714480545405
-ule	0.289305280207	0.134381113249	0.078858191416	0.497455415127
-nia	0.0398770699701	0.887468638058	0.0192637628137	0.0533905291587
-aca	0.0	0.93992248062	0.0600775193799	0.0
-kas	0.0	0.920265780731	0.0	0.0797342192691
-kar	0.0	0.906614785992	0.0233463035019	0.0700389105059
-nii	0.550206327373	0.449793672627	0.0	0.0
-kau	0.370750260709	0.27093771364	0.0760911406107	0.28222088504
-ulu	0.13517450845	0.68080876377	0.00900644462167	0.175010283159
-aji	0.56463878327	0.30608365019	0.100760456274	0.0285171102662
-ate	0.378412538094	0.329993345025	0.203963681587	0.0876304352941
-rud	0.0397350993377	0.662251655629	0.298013245033	0.0
-fia	0.0	1.0	0.0	0.0
-ilu	0.50602533098	0.293228475664	0.151096399545	0.0496497938113
-kua	0.191706074936	0.582029829029	0.157148053838	0.0691160421972
-nei	0.429184549356	0.107296137339	0.0	0.463519313305
-ile	0.231732071841	0.352125541441	0.294848471112	0.121293915606
-ila	0.208663163099	0.543863143218	0.155018603337	0.092455090346
-ilo	0.0356079960955	0.661316066082	0.242796431668	0.0602795061539
-ili	0.41607347876	0.517336394948	0.0197474167623	0.0468427095293
-oam	0.0	0.921773142112	0.0	0.0782268578878
-bus	0.02	0.92	0.0	0.06
-amu	0.100703774681	0.196890064184	0.0246333279607	0.677772833174
-ebe	0.0425531914894	0.957446808511	0.0	0.0
-ami	0.380310190974	0.220772001608	0.0556971448936	0.343220662525
-kis	0.0	1.0	0.0	0.0
-igu	0.0219405168211	0.110190151146	0.867869332033	0.0
-ama	0.0781136697399	0.716904214933	0.0813493635251	0.123632751802
-buu	0.145183806422	0.407631456491	0.447184737087	0.0
-oas	0.0437636761488	0.932733608882	0.00486263068322	0.0186400842856
-hii	0.524614750103	0.349180758127	0.0383562671066	0.0878482246634
-usi	0.25086283004	0.515651767661	0.0782856290812	0.155199773217
-iro	0.577181208054	0.120805369127	0.201342281879	0.10067114094
-iri	0.272169437431	0.378599745461	0.0627501795362	0.286480637572
-hio	0.013676178485	0.0343098414215	0.202863314194	0.7491506659
-gus	0.0532212885154	0.90056022409	0.0294117647059	0.0168067226891
-ire	0.769736842105	0.223684210526	0.0	0.00657894736842
-usa	0.138756309601	0.729451625288	0.0584880238748	0.0733040412357
-ira	0.134912720362	0.130508488479	0.0310517012825	0.703527089877
-gui	0.0200624164066	0.916629514044	0.0454748105216	0.0178332590281
-gua	0.0951585976627	0.775180856984	0.0984974958264	0.031163049527
-usu	0.135459876985	0.347875840366	0.390502074095	0.126162208554
-epa	0.458290422245	0.288579326793	0.0953981245596	0.157732126402
-epo	0.416788321168	0.494890510949	0.0065693430657	0.0817518248175
-epi	0.0	0.689564068692	0.310435931308	0.0
-pia	0.0125457396759	0.916884474647	0.0705697856769	0.0
-bae	0.0907372400756	0.822306238185	0.0453686200378	0.0415879017012
-wii	0.399196047861	0.250859364728	0.264853391438	0.0850911959728
-pii	0.246375569085	0.515500675148	0.0783922265271	0.159731529239
-ius	0.0530256389887	0.914364586023	0.0173177367784	0.0152920382102
-wia	0.635454545454	0.342727272727	0.0	0.0218181818182
-pis	0.0346570397112	0.92202166065	0.043321299639	0.0
-ium	0.0126368997473	0.972198820556	0.0101095197978	0.00505475989893
-iua	0.822033898305	0.14406779661	0.0	0.0338983050847
-iud	0.0	1.0	0.0	0.0
-uel	0.021778584392	0.967332123412	0.010889292196	0.0
-owo	0.455696202532	0.189873417722	0.329113924051	0.0253164556962
-eho	0.17619047619	0.766666666667	0.0571428571429	0.0
-owa	0.718023255814	0.173691860465	0.093023255814	0.015261627907
-uhu	0.541141962994	0.197123896564	0.0840809061892	0.177653234253
-owe	0.334363585277	0.099185164372	0.519246979489	0.0472042708626
-sda	0.0363636363636	0.927272727273	0.0	0.0363636363636
-agu	0.527272727273	0.309090909091	0.0181818181818	0.145454545455
-agi	0.0816326530612	0.87074829932	0.0272108843537	0.0204081632653
-ago	0.367647950826	0.400177626877	0.08030144533	0.151872976967
-uhi	0.572011289824	0.337322146613	0.0565651098051	0.0341014537581
-aga	0.102362933802	0.724178828374	0.0944286889327	0.0790295488913
-uhe	0.369708043349	0.224650922698	0.0638624186459	0.341778615306
-owu	0.648780487805	0.0975609756097	0.253658536585	0.0
-age	0.0616438356164	0.938356164384	0.0	0.0
-uha	0.387909443599	0.294504738987	0.309482885626	0.00810293178804
-one	0.0827236916151	0.696679797411	0.173325830051	0.0472706809229
-rta	0.00718849840256	0.860223642172	0.0	0.132587859425
-anu	0.129208126543	0.688824780578	0.0435909346503	0.138376158228
-ega	0.00954907161803	0.971352785146	0.0190981432361	0.0
-ona	0.202550444711	0.206181490136	0.03505606294	0.556212002212
-ono	0.0	1.0	0.0	0.0
-ehi	0.558933085939	0.140176016434	0.0392650395494	0.261625858077
-oea	0.162336877483	0.592641112918	0.00939648080349	0.235625528796
-das	0.105263157895	0.824561403509	0.0	0.0701754385964
-450	0.0	0.166666666667	0.0416666666667	0.791666666667
-ana	0.188716341138	0.362820074958	0.0653165364879	0.383147047416
-dan	0.0363636363636	0.963636363636	0.0	0.0
-dao	0.0	0.94	0.06	0.0
-gge	0.19393504074	0.689793719557	0.0309757356737	0.0852955040291
-ane	0.102108315706	0.126927214426	0.0106789208008	0.760285549067
-ang	0.0153846153846	0.969230769231	0.0153846153846	0.0
-ani	0.185223334514	0.262560144853	0.0672209581288	0.484995562504
-ank	0.0111524163569	0.966542750929	0.0	0.0223048327137
-daa	0.180320761989	0.696723853596	0.0265998688666	0.0963555155477
-dab	0.0	1.0	0.0	0.0
-ano	0.0477785219915	0.921634293369	0.0055816030364	0.025005581603
-tam	0.0	1.0	0.0	0.0
-tan	0.0183465836438	0.607841774615	0.227038972591	0.14677266915
-tai	0.214279555057	0.384754677934	0.0288867810641	0.372078985945
-taa	0.326905296526	0.49478272355	0.0277374190992	0.150574560824
-rga	0.0	1.0	0.0	0.0
-noo	0.605691056911	0.0813008130081	0.0	0.313008130081
-tau	0.119351100811	0.698146002317	0.14426419467	0.0382387022016
-aal	0.0	1.0	0.0	0.0
-tar	0.0	1.0	0.0	0.0
-tas	0.0354609929078	0.964539007092	0.0	0.0
-ges	0.868708971554	0.0328227571116	0.0	0.0984682713348
-tus	0.024791161412	0.959040689841	0.0102398275397	0.00592832120722
-enu	0.593201161855	0.349446528478	0.0325164610033	0.0248358486629
-ens	0.0	1.0	0.0	0.0
-mis	0.00324675324675	0.996753246753	0.0	0.0
-eno	0.050139275766	0.949860724234	0.0	0.0
-eni	0.133333333333	0.546666666667	0.0	0.32
-ene	0.121617106582	0.730884885245	0.125909172685	0.0215888354879
-ena	0.260468124513	0.386143785746	0.0578792991823	0.295508790558
-oel	0.0	1.0	0.0	0.0
