-get	0.0	1.0	0.0	0.0
-tut	0.0559948018194	0.894635477583	0.0165172189734	0.0328525016244
-poh	0.241667251421	0.696442354922	0.0324187776296	0.0294716160269
-eus	0.0944730077121	0.851542416452	0.01735218509	0.0366323907455
-hes	0.10401891253	0.408983451537	0.080378250591	0.406619385343
-hel	0.0849875797143	0.87213922159	0.0273174363368	0.0155557623584
-hem	0.059295861643	0.909203211859	0.0111179740581	0.0203829524398
-hen	0.170339888418	0.318588513433	0.0742640367191	0.436807561429
-lek	0.712136869905	0.163118612929	0.0347227006545	0.0900218165116
-ive	0.0	1.0	0.0	0.0
-hek	0.277470125328	0.622267560478	0.0314777032935	0.0687846109006
-eue	0.337404580153	0.186259541985	0.279389312977	0.196946564885
-mua	0.0321105833653	0.165442540455	0.0350950754511	0.767351800729
-lem	0.00554659369814	0.987936158707	0.00305062653398	0.00346662106135
-aus	0.150061500615	0.835178351784	0.0	0.0147601476015
-aur	0.0377345545607	0.853864361428	0.0750574594354	0.0333436245755
-iom	0.0982410956953	0.869773431288	0.0	0.0319854730171
-aen	0.275784753363	0.643497757848	0.0	0.0807174887892
-aua	0.283439008738	0.256360790193	0.0151911250212	0.445009076048
-aue	0.463640327504	0.504384477496	0.0319751950003	0.0
-aui	0.695652173913	0.286956521739	0.0	0.0173913043478
-auh	0.376738305942	0.0910240202276	0.36409608091	0.16814159292
-aum	0.102857142857	0.72	0.108571428571	0.0685714285714
-aul	0.0412111381454	0.15063530684	0.0265369018654	0.78161665315
-aun	0.0288243771876	0.631459748816	0.0741198270537	0.265596046942
-pur	0.398373750912	0.499851933161	0.0756037775454	0.0261705383811
-pus	0.0877527661198	0.872758489126	0.0206028233499	0.018885921404
-uai	0.0525131282821	0.891972993248	0.0495123780945	0.0060015003751
-uah	0.140670967245	0.673072024951	0.0787201526908	0.107536855114
-uak	0.216143404828	0.440783338514	0.160294270024	0.182778986633
-uam	0.158386028305	0.776573321289	0.0578139114725	0.00722673893405
-kia	0.419034309452	0.359736396738	0.0964793066312	0.124749987179
-uao	0.501022494888	0.226117440841	0.0695296523517	0.203330411919
-uan	0.0677821640865	0.668468707564	0.139666414688	0.124082713662
-uas	0.131138076894	0.684233314848	0.148393087011	0.0362355212469
-uar	0.357926164946	0.313398255038	0.0674005114651	0.26127506855
-uau	0.168683027999	0.779467680608	0.0518492913931	0.0
-her	0.0599120336378	0.128370922466	0.47062428731	0.341092756586
-pul	0.285598953183	0.30284271468	0.343287666037	0.0682706660996
-kig	0.374606079089	0.284842939921	0.066077056013	0.274473924977
-pun	0.0402423193423	0.811337083514	0.145824318477	0.00259627866725
-9ir	0.0	0.00946745562129	0.0852071005917	0.905325443787
-puh	0.146293899907	0.191218513949	0.0439375244515	0.618550061693
-puk	0.186289775142	0.0281948197807	0.0191264428301	0.766388962247
-oun	0.362120011077	0.139443963194	0.208592582266	0.289843443463
-aki	0.300339932013	0.0879824035193	0.0239952009598	0.587682463507
-iva	0.110922407388	0.854049463964	0.0350281286488	0.0
-opo	0.363610719323	0.512270803949	0.0654442877292	0.0586741889986
-ope	0.328767123288	0.381604696673	0.0440313111546	0.245596868885
-opa	0.0	0.996802557954	0.0	0.00319744204636
-sip	0.00469591651426	0.970687313155	0.0208038466657	0.00381292366543
-oia	0.0556910089143	0.870951650038	0.0225810260346	0.0507763150127
-deh	0.335555389109	0.0773350310838	0.0434424387687	0.543667141038
-dek	0.0254186602871	0.970992822967	0.00358851674641	0.0
-del	0.279069767442	0.0558139534884	0.111627906977	0.553488372093
-den	0.0123456790123	0.982716049383	0.0	0.00493827160494
-nag	0.0522868574946	0.0655709449061	0.00787934749154	0.874262850108
-ima	0.0273745333886	0.168325729296	0.0473524125536	0.756947324762
-oio	0.37180415787	0.224491053954	0.113177888394	0.290526899783
-oko	0.266054040303	0.217887859099	0.0771635462387	0.438894554359
-des	0.0	1.0	0.0	0.0
-ime	0.361470738466	0.337367326665	0.0925405309748	0.208621403894
-kim	0.0	1.0	0.0	0.0
-ohe	0.173995262836	0.219227536675	0.0499503361858	0.556826864303
-oin	0.418846870332	0.199365568708	0.0607261510805	0.32106140988
-oke	0.0370296635477	0.776760236247	0.168690689495	0.0175194107107
-kil	0.489370838033	0.398755503803	0.0403478767148	0.071525781449
-oka	0.482433141059	0.387781856319	0.0157315154693	0.114053487152
-oul	0.31128848429	0.357769406849	0.0362835281706	0.294658580691
-sik	0.497716894977	0.502283105023	0.0	0.0
-bit	0.00727955853	0.982153340378	0.00070447340613	0.0098626276858
-bir	0.358152686145	0.428840716305	0.147973609802	0.0650329877474
-obo	0.0474751834269	0.528700906345	0.286577470867	0.137246439361
-dua	0.0159616919393	0.970736898111	0.0133014099495	0.0
-let	0.433313216657	0.403741701871	0.0905250452625	0.07242003621
-oba	0.0261020881671	0.843387470998	0.127030162413	0.00348027842227
-ida	0.0	1.0	0.0	0.0
-rga	0.0	0.980392156863	0.0	0.0196078431373
-bia	0.022070415134	0.935365212822	0.0236468733579	0.0189174986863
-bil	0.614620403321	0.237099644128	0.0180901542112	0.130189798339
-gus	0.0724815724815	0.851351351351	0.0479115479115	0.0282555282555
-bih	0.737018425461	0.0368509212731	0.226130653266	0.0
-eno	0.338492261608	0.297054418372	0.128806789815	0.235646530205
-lig	0.171051145986	0.618945466862	0.0846787851418	0.12532460201
-rig	0.355803807126	0.272111781899	0.089199364751	0.282885046224
-ter	0.38535281077	0.125161197289	0.0215908383077	0.467895153633
-tes	0.429762949956	0.20412642669	0.0403863037752	0.325724319579
-tet	0.0	0.937202328453	0.0592697124713	0.00352795907567
-kiu	0.0381679389313	0.809160305344	0.110687022901	0.0419847328244
-ria	0.0874953515729	0.844585388625	0.0142072404735	0.0537120193284
-rin	0.514459258891	0.274897474892	0.0283822175225	0.182261048694
-rio	0.608771826507	0.280233208681	0.0519419333942	0.0590530314184
-ril	0.0	0.917763157895	0.0822368421053	0.0
-rim	0.0	1.0	0.0	0.0
-rik	0.0411294047158	0.468344713093	0.0693083519529	0.421217530239
-rih	0.0136054421769	0.986394557823	0.0	0.0
-eru	0.127885898687	0.0826676759427	0.0678605339867	0.721585891383
-tea	0.158883004333	0.702805619994	0.0122554383508	0.126055937322
-rit	0.0064308681672	0.952840300107	0.0278670953912	0.0128617363344
-rir	0.319560423885	0.459314246997	0.0538771968404	0.167248132277
-ris	0.492862341984	0.332818372228	0.0531796372495	0.121139648539
-utu	0.269230769231	0.557692307692	0.0	0.173076923077
-teh	0.0401707255838	0.898568917901	0.0436856640723	0.0175746924429
-tek	0.0795107033639	0.529051987768	0.366972477064	0.0244648318043
-tel	0.888143712575	0.0160479041916	0.0670658682635	0.0287425149701
-sia	0.114115651283	0.843948487321	0.0157483177933	0.0261875436033
-ten	0.0794675272287	0.835820895522	0.0	0.0847115772489
-teo	0.767639009412	0.101194846806	0.0190240971898	0.112142046592
-ard	0.166358595194	0.695009242144	0.138632162662	0.0
-are	0.198016343362	0.013724534611	0.000572516084731	0.787686605942
-duk	0.409866017052	0.502436053593	0.0182704019488	0.0694275274056
-ara	0.182356810523	0.06791222984	0.0292471449784	0.720483814658
-mes	0.202848533688	0.20943554886	0.106022914404	0.481693003048
-mer	0.259193422838	0.216673421138	0.0611198464334	0.463013309591
-lup	0.40404040404	0.501683501683	0.0673400673401	0.026936026936
-pat	0.0	1.0	0.0	0.0
-lur	0.119286366705	0.311097652992	0.080616337715	0.488999642588
-lus	0.160931174089	0.796963562753	0.0242914979757	0.0178137651822
-lut	0.7125	0.075	0.1625	0.05
-ari	0.20774443704	0.124440674739	0.0418898918998	0.625924996322
-luh	0.279257159967	0.593548544332	0.114179972286	0.0130143234153
-aru	0.0677321838485	0.049233544817	0.00839390270113	0.874640368633
-meg	0.22813208974	0.496596924628	0.120998235442	0.154272750189
-luk	0.302629810509	0.280374976136	0.040801205917	0.376194007439
-mea	0.664331482273	0.172661255874	0.0584365655703	0.104570696284
-lum	0.216845277964	0.400745144005	0.364827528466	0.0175820495646
-lun	0.0872015763186	0.867433441782	0.0137469642121	0.0316180176878
-mel	0.00836842314998	0.9497894611	0.0418421157499	0.0
-meo	0.585528756957	0.213852813853	0.065058750773	0.135559678417
-men	0.485272679371	0.308351629051	0.141125845262	0.065249846316
-meh	0.114467824217	0.353495123887	0.178064130176	0.353972921719
-mek	0.0	1.0	0.0	0.0
-ila	0.687209763038	0.198431205802	0.0201629898672	0.0941960412923
-num	0.602162863814	0.301663028178	0.0815077672603	0.014666340748
-fos	0.0	1.0	0.0	0.0
-mos	0.0123456790123	0.987654320988	0.0	0.0
-gol	0.22691292876	0.571805503204	0.135695439125	0.0655861289107
-alo	0.679824867386	0.166155610145	0.0218464351756	0.132173087293
-sra	0.313559322034	0.610169491525	0.0508474576271	0.0254237288136
-ken	0.172800493275	0.697522062507	0.0581910670931	0.0714863771244
-uba	0.0618556701031	0.886597938144	0.0515463917526	0.0
-umu	0.189984955942	0.788093702987	0.0219213410703	0.0
-ota	0.0647840531561	0.875415282392	0.0149501661129	0.0448504983389
-ote	0.149873145488	0.783977687048	0.0158274106558	0.050321756809
-oti	0.0472149695387	0.908398607485	0.00848563968668	0.0359007832898
-oam	0.0	0.991111111111	0.0	0.00888888888889
-oto	0.259680907286	0.249773626124	0.0724382274018	0.418107239189
-ume	0.377989482308	0.122354060411	0.0605824370392	0.439074020243
-gig	0.236723478792	0.513861573855	0.12323599906	0.126178948292
-uma	0.0526792794834	0.475246403081	0.00992409652205	0.462150220913
-otu	0.364110332365	0.562093966607	0.012937501359	0.06085819967
-umo	0.146581875994	0.745310015898	0.0381558028616	0.0699523052464
-umi	0.0	0.84	0.0	0.16
-ako	0.414141922081	0.221294436116	0.0503501576953	0.314213484108
-nak	0.0532569389001	0.642886290226	0.0310482839953	0.272808486879
-nah	0.178149102681	0.529116744474	0.124676079272	0.168058073572
-nai	0.0290681024114	0.816522519426	0.0822402963133	0.0721690818488
-nan	0.103112404976	0.844108343937	0.0287886824112	0.023990568676
-kie	0.235608308605	0.743026706231	0.0142433234421	0.00712166172106
-nam	0.046875	0.5234375	0.4296875	0.0
-sis	0.229847011059	0.286254373542	0.0483850302838	0.435513585116
-sir	0.111814723734	0.159794860574	0.0234590448205	0.704931370871
-ake	0.319520835275	0.0459587955626	0.0122121748858	0.622308194276
-kih	0.406828913912	0.518706865238	0.0370504903741	0.0374137304758
-kio	0.225709698981	0.590491261947	0.136449591234	0.0473494478374
-kin	0.280257748261	0.440480708412	0.11023086654	0.169030676787
-aka	0.172034825395	0.14559742964	0.0340473769921	0.648320367973
-sit	0.161635954128	0.213323045789	0.0434370850622	0.581603915021
-kis	0.262302618152	0.202261284129	0.0168130002041	0.518623097515
-kir	0.126858566872	0.231406976906	0.235604210411	0.406130245811
-sio	0.194179708593	0.318190314437	0.0688133731476	0.418816603822
-sin	0.157203207168	0.190454267655	0.0336373226898	0.618705202487
-sim	0.25	0.71875	0.03125	0.0
-sil	0.107827476038	0.757188498403	0.0239616613418	0.111022364217
-nar	0.13839548124	0.520851280582	0.199890769991	0.140862468187
-nas	0.0984872139692	0.0935238774018	0.0208884021819	0.787100506447
-aku	0.289443404102	0.119509058502	0.0478306973806	0.543216840015
-sig	0.249442384088	0.473029867096	0.205466615634	0.0720611331811
-nat	0.00839748075578	0.988803358992	0.0	0.00279916025192
-nau	0.304623628715	0.678529240578	0.0144403977494	0.00240673295824
-mot	0.0351526364477	0.694727104533	0.270120259019	0.0
-gom	0.669526143791	0.194852941176	0.0620915032679	0.0735294117647
-mor	0.117473129021	0.296679586047	0.0431533943341	0.542693890598
-gon	0.0938293862806	0.0742064362591	0.0137700776544	0.818194099806
-god	0.0392348205721	0.90005323829	0.00561738422534	0.0550945569122
-gog	0.086135126481	0.377841818764	0.52641690682	0.00960614793467
-sna	0.48948374761	0.202676864245	0.0	0.307839388145
-lki	0.0	1.0	0.0	0.0
-mob	0.0721342697298	0.507677657422	0.0845137483633	0.335674324485
-apa	0.123932255461	0.122871325751	0.0708412534439	0.682355165344
-mon	0.0424899118236	0.906783075766	0.0204357392852	0.0302912731249
-gor	0.691606612434	0.224681465247	0.0241929142347	0.0595190080842
-mok	0.160795315471	0.464916244595	0.0398693302706	0.334419109663
-moh	0.341675955011	0.437025027865	0.203060087142	0.0182389299828
-mol	0.00566786321556	0.0137918004912	0.938031362176	0.0425089741168
-ber	0.14693877551	0.828571428572	0.0	0.0244897959184
-3ir	0.0	0.0198938992042	0.0397877984085	0.940318302387
-eor	0.0344827586207	0.965517241379	0.0	0.0
-bet	0.0	0.96848325673	0.0	0.0315167432699
-eon	0.367448365259	0.36136534014	0.05648256822	0.214703726381
-ben	0.0361038346284	0.840240531769	0.0722076692568	0.0514479643455
-lpa	0.0	1.0	0.0	0.0
-bed	0.254794520548	0.745205479452	0.0	0.0
-iso	0.247018311782	0.709410890692	0.0161633603727	0.0274074371536
-reh	0.147302123387	0.261549695925	0.275321474619	0.315826706069
-ren	0.0578116830011	0.778513682009	0.0675720970142	0.0961025379758
-reo	0.448246421461	0.416237218563	0.0364851738399	0.0990311861367
-isi	0.00269355618482	0.990814282754	0.00124317977761	0.00524898128324
-rem	0.0	0.981165074667	0.018834925333	0.0
-ise	0.518661341413	0.265803608318	0.0778129734196	0.137722076849
-rea	0.24117054912	0.672484439466	0.0535934553601	0.0327515560534
-omi	0.0102564102564	0.2	0.533333333334	0.25641025641
-reg	0.189801699717	0.305820242081	0.0862734998713	0.418104558331
-isa	0.072131147541	0.871535022355	0.0402384500745	0.0160953800298
-ual	0.136726167869	0.191416635017	0.219141663502	0.452715533612
-upe	0.705223880597	0.200959488273	0.0351812366738	0.0586353944563
-eva	0.0602006688963	0.889632107023	0.0	0.0501672240802
-upa	0.496258593839	0.338131955787	0.12078854408	0.044820906294
-rer	0.225806772498	0.652953890797	0.0904221833482	0.0308171533567
-res	0.0620801126476	0.195497072254	0.0539736527659	0.688449162333
-ret	0.0124709363771	0.958782498415	0.00634115409005	0.0224054111182
-reu	0.025974025974	0.909090909091	0.0	0.0649350649351
-jus	0.0380952380952	0.219047619048	0.457142857143	0.285714285714
-hab	0.0402684563758	0.959731543624	0.0	0.0
-him	0.0219983883965	0.556083803384	0.0101531023368	0.411764705882
-hai	0.435337208667	0.277839532044	0.068516864989	0.2183063943
-mas	0.056247340522	0.812719973875	0.0701244553224	0.0609082302803
-mar	0.039546557222	0.446531284805	0.0232519109592	0.490670247013
-mat	0.0912770641464	0.61754634578	0.167929304389	0.123247285685
-han	0.0292326431181	0.766138855055	0.190012180268	0.0146163215591
-hao	0.74957337884	0.205631399317	0.0089590443686	0.0358361774744
-mai	0.0596475000969	0.139013069548	0.00303822472404	0.798301205631
-har	0.187749711091	0.37025644672	0.148210466032	0.293783376157
-hau	0.45599089196	0.151617462312	0.0624214824121	0.329970163316
-jud	0.0892857142857	0.857142857143	0.0535714285714	0.0
-man	0.127149082499	0.648808743776	0.103433887974	0.120608285751
-uat	0.39278632033	0.355095384478	0.0676926206969	0.184425674494
-uno	0.233626588465	0.387096774194	0.217008797654	0.162267839687
-oub	0.474390243902	0.437804878049	0.080487804878	0.00731707317073
-une	0.692083333333	0.239166666667	0.0366666666667	0.0320833333333
-ung	0.159573509961	0.168492783304	0.0211314070659	0.650802299669
-una	0.0525036098165	0.865362030272	0.0132313412372	0.0689030186738
-hik	0.181022533824	0.0481302848856	0.0145196778069	0.756327503483
-nka	0.637583892617	0.0402684563758	0.0805369127517	0.241610738255
-pta	0.0	1.0	0.0	0.0
-6ir	0.0126448893572	0.260273972603	0.0948366701791	0.632244467861
-nki	0.0112820127111	0.985333383476	0.0	0.00338460381332
-iri	0.0709219858156	0.113475177305	0.0496453900709	0.765957446809
-gad	0.0	1.0	0.0	0.0
-tra	0.0132492113565	0.986750788644	0.0	0.0
-oue	0.0611183355007	0.667100130039	0.0611183355006	0.21066319896
-ada	0.405466467708	0.430917803325	0.0888484899434	0.074767239024
-gan	0.190119957817	0.472635996133	0.211354249055	0.125889796994
-tro	0.709677419355	0.258064516129	0.0322580645161	0.0
-gal	0.277832090484	0.34633032433	0.251757234096	0.12408035109
-tri	0.0	0.150214592275	0.0	0.849785407725
-gai	0.0	1.0	0.0	0.0
-gah	0.260045238918	0.676337532594	0.0312588357262	0.0323583927618
-iko	0.295224084737	0.601029531423	0.0165619227214	0.0871844611186
-144	0.012474012474	0.0810810810811	0.0	0.906444906445
-gat	0.443239478659	0.48214108049	0.0190279574172	0.0555914834345
-gas	0.208549695456	0.342717601819	0.321020574284	0.127712128442
-gar	0.313576141394	0.395374135513	0.083818672831	0.207231050263
-aat	0.175056789256	0.414184958811	0.262585183884	0.148173068049
-sno	0.0609935633071	0.152934340273	0.0107635699954	0.775308526424
-ini	0.0129310344827	0.977370689655	0.00323275862069	0.00646551724136
-nik	0.339945825367	0.226059592097	0.23701402167	0.196980560867
-ouh	0.244923160421	0.196982451997	0.502202755246	0.0558916323351
-sek	0.0	1.0	0.0	0.0
-bel	0.179393554532	0.77139228449	0.023813303699	0.025400857279
-ino	0.0376484987541	0.933753726733	0.0113762575534	0.0172215169593
-ouo	0.413701348897	0.417745826292	0.0785104435567	0.0900423812542
-uis	0.631962671333	0.239720034996	0.0361621463984	0.0921551472733
-uir	0.541450764992	0.3190072668	0.0724142022298	0.0671277659789
-ine	0.18164633749	0.249222267513	0.0509096831614	0.518221711836
-sea	0.037037037037	0.944444444445	0.0185185185185	0.0
-ing	0.240181086135	0.315484997583	0.0420113509842	0.402322565298
-uih	0.342290503429	0.609265724325	0.019673175114	0.028770597132
-uik	0.0176039119804	0.961858190709	0.00586797066016	0.0146699266504
-kah	0.207126225158	0.206061262432	0.0375444486562	0.549268063753
-oha	0.0564777599022	0.0307963498504	0.010617791505	0.902108098742
-uio	0.41008160685	0.352392891009	0.0837260423551	0.153799459786
-uin	0.470419553217	0.360436711157	0.0228352813629	0.146308454263
-uia	0.362641567422	0.116294275836	0.340061467537	0.181002689205
-ohn	0.0550458715596	0.43119266055	0.376146788991	0.137614678899
-oho	0.232231170626	0.206091049736	0.0872932758222	0.474384503816
-ses	0.0374584363294	0.943379908019	0.00508406234112	0.0140775933101
-ohi	0.0443192906509	0.0501050988299	0.0108773193765	0.894698291143
-uig	0.476243789416	0.228984838124	0.0591968846752	0.235574487785
-sep	0.0314309346567	0.96240318821	0.00255658320175	0.00360929393187
-iae	0.702588516368	0.196576166677	0.0147563878471	0.0860789291079
-aor	0.468085106383	0.436170212766	0.063829787234	0.031914893617
-kut	0.0883326728623	0.0972426400092	0.803558873535	0.0108658135938
-iaa	0.153606604867	0.437282734647	0.00304171494785	0.406068945539
-kur	0.289132481831	0.234984024273	0.0953714658233	0.380512028072
-aou	0.33167383064	0.389021890926	0.255363911711	0.0239403667229
-lau	0.194656916309	0.770530385812	0.0142192709647	0.0205934269144
-iam	0.0610820244328	0.931937172775	0.00698080279231	0.0
-net	0.157064200495	0.592390903421	0.0911066252658	0.159438270818
-edi	0.00404994937563	0.995950050624	0.0	0.0
-ner	0.248359148107	0.508837310237	0.142564909117	0.100238632538
-nes	0.0681818181818	0.897727272727	0.0340909090909	0.0
-iak	0.78125	0.15625	0.0625	0.0
-oon	0.131130639241	0.0691871145264	0.0162111173847	0.783471128848
-iau	0.234308701163	0.718300545545	0.0330633162506	0.0143274370419
-iat	0.0	0.0	0.0	1.0
-kue	0.263361236317	0.728911783645	0.00772698003865	0.0
-aan	0.0640019572688	0.223037345126	0.0668976925409	0.646063005065
-oou	0.0716655607166	0.599867285999	0.316522893165	0.0119442601194
-fus	0.0	1.0	0.0	0.0
-kua	0.44827825123	0.358414743989	0.0498856786531	0.143421326128
-iar	0.168900811307	0.496126375747	0.0931779672861	0.24179484566
-kuo	0.535971784388	0.211523455788	0.0627360404507	0.189768719373
-kun	0.204724409449	0.685039370079	0.110236220472	0.0
-kum	0.0384615384616	0.903846153846	0.0	0.0576923076923
-kul	0.317894962028	0.22483688095	0.424644346989	0.0326238100331
-aon	0.36354191913	0.439693355966	0.0995707384571	0.0971939864471
-kuh	0.0896686159844	0.0406107862249	0.744964262508	0.124756335283
-eka	0.340331149713	0.0474737620255	0.019797769996	0.592397318265
-peo	0.349711297527	0.0962341576787	0.0375857936594	0.516468751135
-non	0.0400027299631	0.19065953208	0.00964618374672	0.759691554211
-eke	0.302481844847	0.15158882815	0.0303609550561	0.515568371948
-bai	0.0564174894218	0.930042313117	0.00507757404795	0.00846262341326
-hoh	0.186666666667	0.253333333333	0.451358024691	0.108641975309
-out	0.212973729318	0.631196734106	0.0467250833475	0.109104453228
-hon	0.166270286276	0.33225076861	0.0553723649063	0.446106580207
-hor	0.212146361706	0.60557277809	0.0661508043059	0.116130055899
-hos	0.0141509433962	0.962264150943	0.00616835994194	0.0174165457184
-jon	0.0202751992413	0.943159228931	0.0123101052286	0.0242554665986
-joh	0.18320610687	0.519083969466	0.18320610687	0.114503816794
-sie	0.463099630996	0.354243542435	0.0608856088561	0.121771217712
-eku	0.178966925879	0.0271926370706	0.00812087803918	0.785719559012
-hou	0.456149193548	0.29939516129	0.0352822580645	0.209173387097
-bat	0.169139465875	0.813056379822	0.0	0.0178041543027
-bau	0.152671755725	0.732824427481	0.0458015267176	0.0687022900763
-bar	0.16114231469	0.244403132664	0.581995095325	0.0124594573214
-bas	0.0331080991384	0.950961780987	0.0111510839119	0.00477903596224
-job	0.0625	0.9375	0.0	0.0
-dru	0.0115540150202	0.984979780474	0.0	0.00346620450606
-ase	0.14796118583	0.8070885805	0.0	0.0449502336699
-eir	0.606115917942	0.13561810204	0.0289264321188	0.229339547899
-asa	0.205497502049	0.262381497447	0.162487311542	0.369633688962
-aso	0.317596566524	0.527896995708	0.0128755364807	0.141630901288
-eiu	0.0703142166557	0.718083937596	0.0237310481213	0.187870797627
-asi	0.426771653543	0.362204724409	0.092125984252	0.118897637795
-eit	0.0702848634422	0.184749589172	0.0140805139879	0.730885033398
-ahi	0.199143399471	0.101072373011	0.0309868751927	0.668797352326
-hin	0.302719773137	0.449450030077	0.170232877889	0.0775973188966
-lta	0.040504050405	0.926642664266	0.0220522052205	0.010801080108
-ogo	0.0882884233302	0.170818644632	0.143988180643	0.596904751394
-kop	0.0833582912304	0.871058048398	0.0254103341297	0.020173326242
-430	0.523809523809	0.0634920634921	0.0	0.412698412698
-rau	0.145670532411	0.826373334661	0.0154297944353	0.0125263384932
-rar	0.410027779559	0.400587488717	0.0514910918495	0.137893639874
-ras	0.0777253440139	0.837331958599	0.0749494388706	0.00999325851609
-ran	0.107000550582	0.666453231102	0.0978078672078	0.128738351108
-eri	0.202868985169	0.367139433975	0.0358137426333	0.394177838223
-ral	0.0382165605095	0.675159235669	0.286624203822	0.0
-ram	0.289656148295	0.567426064808	0.0233479552851	0.119569831612
-rak	0.299212598425	0.535433070866	0.149606299213	0.015748031496
-rah	0.185706853913	0.356271695343	0.248648930566	0.209372520179
-ero	0.367790396163	0.126879143196	0.0217603189004	0.48357014174
-era	0.209188126024	0.0733257017978	0.0160298670552	0.701456305123
-eih	0.450856207293	0.327434873263	0.0726704738161	0.149038445629
-ere	0.233783243067	0.242145226318	0.0335579013387	0.490513629277
-ugu	0.388020833333	0.5859375	0.0260416666667	0.0
-por	0.466666666667	0.366666666667	0.0666666666666	0.0999999999999
-pok	0.410745742807	0.4019377569	0.176746917205	0.0105695830887
-uge	0.669322709163	0.270916334661	0.0478087649403	0.0119521912351
-pon	0.103750236988	0.0708623184355	0.0380681181126	0.787319326464
-ugo	0.536585365854	0.352396972246	0.111017661901	0.0
-gea	0.206731249376	0.382802356936	0.338559872166	0.071906521522
-lae	0.300970873786	0.298813376483	0.176914778857	0.223300970874
-oua	0.857142857143	0.142857142857	0.0	0.0
-oug	0.0654225399063	0.815687061486	0.058420796505	0.0604696021025
-laa	0.935185185185	0.037037037037	0.0	0.0277777777778
-ika	0.271582026402	0.534568283099	0.0366208047412	0.157228885758
-ouk	0.043396103473	0.917638626442	0.0319280641168	0.00703720596859
-lam	0.0340757853107	0.939333929758	0.0179316837455	0.00865860118551
-lan	0.221398595019	0.21261746191	0.486383541648	0.0796004014232
-lao	0.637756497948	0.18878248974	0.0963064295485	0.0771545827633
-not	0.208700651591	0.0981218857799	0.202695796602	0.490481666028
-lai	0.906976744186	0.0930232558139	0.0	0.0
-oum	0.162847122008	0.163768817994	0.0371780948519	0.636205965146
-lak	0.0	1.0	0.0	0.0
-lat	0.0451707317073	0.896097560976	0.0370731707317	0.0216585365854
-our	0.494929547838	0.355653544444	0.0561039270835	0.0933129806348
-iku	0.285844263443	0.557283711324	0.0249393830795	0.131932642153
-oup	0.654048122894	0.258954463516	0.0564307547613	0.0305666588291
-iks	0.0189739985945	0.936753338018	0.0295151089248	0.0147575544624
-nom	0.109756097561	0.804878048781	0.0243902439024	0.0609756097561
-lar	0.424468758	0.328648839021	0.0853270211458	0.161555381833
-las	0.0562536528346	0.901081239041	0.0113968439509	0.031268264173
-noa	0.0	1.0	0.0	0.0
-ahe	0.291264582032	0.0471448168802	0.0136733334302	0.647917267658
-dot	0.0434782608696	0.913043478261	0.0434782608696	0.0
-dou	0.147540983607	0.819672131148	0.0327868852459	0.0
-dor	0.0933202357564	0.808447937132	0.0510805500983	0.0471512770138
-aho	0.192483348121	0.220285118075	0.038963709373	0.548267824431
-gel	0.352941176471	0.647058823529	0.0	0.0
-bol	0.141819081685	0.768644124992	0.00674900452183	0.0827877888012
-bon	0.248648648649	0.524324324324	0.162162162162	0.0648648648649
-aha	0.317572316243	0.30934203327	0.0760958950003	0.296989755487
-geg	0.685185185185	0.314814814815	0.0	0.0
-boi	0.0	0.972727272727	0.0272727272727	0.0
-bok	0.728323699422	0.0346820809248	0.0	0.236994219653
-bot	0.0	0.547079856973	0.131108462455	0.321811680572
-bor	0.110557569032	0.106366652107	0.0138123177541	0.769263461107
-don	0.00641985876311	0.966295741494	0.00962978814466	0.0176546115986
-ger	0.0393397604852	0.00902054698811	0.00329676240914	0.948342930118
-dom	0.0601175354925	0.91945911523	0.000934469463615	0.0194888798134
-dok	0.615352484384	0.384647515616	0.0	0.0
-doh	0.0188139355434	0.0394807361248	0.0184994501963	0.923205878135
-ahu	0.46830609078	0.0604711919536	0.00538363104024	0.465839086226
-sar	0.161523844382	0.685747088708	0.0494161721471	0.103312894763
-sap	0.142857142857	0.714285714286	0.0	0.142857142857
-sat	0.0	1.0	0.0	0.0
-ton	0.20608042532	0.601558104876	0.0802904339072	0.112071035896
-tol	0.0	0.903782349038	0.0763105507631	0.0199071001991
-mpe	0.249476868443	0.18292130832	0.0702005273984	0.497401295838
-tok	0.498617667088	0.280788191676	0.116875520194	0.103718621043
-toh	0.123016841591	0.685867708079	0.0768855259946	0.114229924335
-mpa	0.0	1.0	0.0	0.0
-sab	0.335504885994	0.657980456026	0.0	0.00651465798046
-saa	0.817955112219	0.0374064837905	0.0	0.14463840399
-tou	0.23229909006	0.648089456224	0.102954153953	0.0166572997624
-tor	0.136825960607	0.63131883902	0.16709719083	0.0647580095433
-tos	0.375	0.487288135593	0.031779661017	0.10593220339
-sae	0.300015606672	0.486335469098	0.0272133825276	0.186435541702
-olo	0.607477002275	0.282195834182	0.0304158187548	0.0799113447886
-sak	0.00422684043677	0.989432898908	0.00422684043677	0.00211342021839
-ola	0.41945144177	0.231044555802	0.0650232437368	0.284480758691
-400	0.0692307692308	0.253846153846	0.4	0.276923076923
-san	0.0568929323929	0.483893707427	0.043869249074	0.415344111106
-sam	0.0	1.0	0.0	0.0
-rot	0.0269165247019	0.904088586031	0.049063032368	0.0199318568995
-ieh	0.211025954495	0.285090913849	0.391144280711	0.112738850945
-lol	0.28031652967	0.66214481424	0.0	0.0575386560901
-lom	0.140619512538	0.671560019667	0.142445739973	0.0453747278218
-iem	0.381443298969	0.59793814433	0.0	0.020618556701
-iel	0.0366761896072	0.949097894424	0.00533471848831	0.00889119748052
-loh	0.173611111111	0.664602102102	0.0334084084084	0.128378378378
-ros	0.0722891566265	0.198795180723	0.144578313253	0.584337349398
-tis	0.156217454697	0.730056238284	0.113726307019	0.0
-lob	0.116666666667	0.883333333333	0.0	0.0
-der	0.247912652537	0.717405266538	0.019267822736	0.0154142581888
-ieg	0.521208811214	0.272346622975	0.00764609503004	0.198798470781
-rod	0.0440129449838	0.924919093851	0.0135922330097	0.0174757281553
-rog	0.217616580311	0.658031088083	0.124352331606	0.0
-rom	0.17338788233	0.803964543152	0.00803623611924	0.0146113383986
-lot	0.0346122689447	0.881434568083	0.0706974003977	0.0132557625746
-ier	0.22253264333	0.496617017873	0.213016731944	0.0678336068528
-lor	0.473540069286	0.412901161102	0.0965249541709	0.0170338154419
-los	0.00671960904092	0.985949908369	0.0	0.00733048259011
-rok	0.215328467153	0.697350635307	0.0524466071911	0.0348742903488
-kit	0.0131004366812	0.593886462882	0.393013100437	0.0
-ipo	0.216682873962	0.577546339255	0.0888555670202	0.116915219764
-tog	0.19540229885	0.505747126437	0.0229885057471	0.275862068966
-omo	0.145109003568	0.687130641152	0.0680125353908	0.0997478198895
-ipa	0.169227343576	0.814740592296	0.00801603206412	0.00801603206413
-ham	0.0100211783607	0.965392448819	0.0212595038908	0.00332686892948
-ein	0.3594703381	0.517720595919	0.0300965192663	0.0927125467148
-gou	0.356103023516	0.301231802912	0.157894736842	0.18477043673
-tie	0.229163825034	0.24624056186	0.0795172169602	0.445078396145
-toa	0.242253521127	0.397183098592	0.23661971831	0.123943661972
-mak	0.0552845528455	0.934959349593	0.00325203252032	0.00650406504065
-gga	0.0883826233656	0.0400735554618	0.00253732602277	0.86900649515
-nge	0.413564757885	0.463051281199	0.041127986972	0.0822559739439
-hig	0.224356319093	0.525001220995	0.0580143342279	0.192628125684
-276	0.0	0.241071428571	0.0	0.758928571429
-sto	0.0148659041497	0.96643962195	0.00288626324519	0.0158082106547
-ous	0.62310316623	0.296242665158	0.0217729180623	0.0588812505492
-ain	0.481428731255	0.214032190159	0.0764766432962	0.22806243529
-oli	0.0	1.0	0.0	0.0
-tot	0.297656670253	0.0983727810651	0.155224583109	0.448745965573
-ngn	0.369718309859	0.554442036836	0.0758396533044	0.0
-pit	0.00377477194086	0.991506763133	0.00188738597043	0.00283107895565
-tik	0.0422716596381	0.821798430577	0.105996103134	0.0299338066514
-ibi	0.0806451612903	0.91935483871	0.0	0.0
-leh	0.711627906977	0.204651162791	0.0558139534883	0.0279069767442
-mud	0.540407048026	0.1152485375	0.0157634777735	0.328580936701
-ioh	0.407062285434	0.465424227563	0.0441392839627	0.0833742030407
-ois	0.201490570999	0.181646975025	0.110799903914	0.506062550061
-ion	0.353823730636	0.40352051371	0.0706062919058	0.172049463749
-len	0.082627118644	0.713983050848	0.0953389830508	0.108050847458
-leo	0.22743898384	0.563077741571	0.0478818913347	0.161601383255
-lea	0.252885624344	0.544596012592	0.00629590766003	0.196222455404
-leb	0.332916536418	0.648327602376	0.0187558612066	0.0
-mun	0.144545454545	0.800909090909	0.0545454545454	0.0
-muh	0.0986780090225	0.436298376611	0.441198828951	0.0238247854152
-muk	0.54600740349	0.176361713379	0.277630883131	0.0
-leg	0.0	1.0	0.0	0.0
-oig	0.455666125034	0.376070992445	0.0967971989556	0.0714656835654
-iua	0.309103710521	0.14641700474	0.0531506523089	0.49132863243
-tiu	0.0400890868597	0.949888641425	0.00668151447663	0.00334075723831
-mus	0.0249169435216	0.872646733112	0.0492801771871	0.0531561461794
-mur	0.183271699797	0.373415342256	0.0360493164663	0.40726364148
-ios	0.0377906976744	0.952034883721	0.00581395348838	0.00436046511628
-ior	0.303387334315	0.138438880707	0.0839469808541	0.474226804124
-ler	0.267145002503	0.558034373436	0.093692641415	0.0811279826464
-les	0.295663600526	0.528252299606	0.132720105125	0.0433639947437
-oik	0.164948453608	0.463917525773	0.371134020619	0.0
-leu	0.13698630137	0.280199252802	0.326899128269	0.255915317559
-iou	0.0466321243523	0.630051813472	0.111917098446	0.21139896373
-iot	0.0	0.992865636147	0.0	0.00713436385257
-iub	0.0	1.0	0.0	0.0
-git	0.0955239850206	0.659989300363	0.00921357665101	0.235273137966
-gis	0.32550569635	0.528212828062	0.085494267234	0.0607872083545
-gir	0.396446077047	0.373297469385	0.140277642869	0.0899788106986
-iba	0.0322580645161	0.967741935484	0.0	0.0
-gio	0.433956697001	0.350838391177	0.0582022368261	0.157002674996
-gin	0.359361061707	0.429181666294	0.115856487924	0.0956007840751
-von	0.189473684211	0.810526315789	0.0	0.0
-ali	0.00408441116406	0.983662355344	0.0122532334922	0.0
-nda	0.00687285223369	0.986254295533	0.0	0.00687285223369
-ole	0.296493092455	0.660998937301	0.0255047821466	0.0170031880978
-ale	0.569788402195	0.245214068852	0.0168360525408	0.168161476412
-hia	0.123419432071	0.164160155117	0.0450214882847	0.667398924528
-gia	0.370719652766	0.379703358021	0.0774889504644	0.172088038749
-ala	0.510615807075	0.243458687069	0.112831828334	0.133093677522
-lon	0.163945013378	0.598948242458	0.0789740750992	0.158132669065
-120	0.0833333333334	0.1875	0.0	0.729166666667
-lah	0.0685385169187	0.75003599712	0.155219582433	0.0262059035277
-rou	0.23080160883	0.704257252429	0.0249542338683	0.0399869048733
-obe	0.188034188034	0.487179487179	0.324786324786	0.0
-lok	0.0038798112444	0.9526254627	0.0112310325496	0.0322636935061
-eig	0.156865774947	0.249060423018	0.044565178345	0.549508623691
-ror	0.549226816617	0.29944899575	0.110443227172	0.0408809604602
-iok	0.0505026347468	0.339105063019	0.0365117706614	0.573880531573
-pen	0.224327018943	0.714606181456	0.0610667996011	0.0
-loi	0.0858909130697	0.740303080037	0.0818972591498	0.0919087477433
-ogu	0.0	0.162790697674	0.0	0.837209302326
-pet	0.0495826617923	0.931777978694	0.00877917108901	0.00986018842459
-eli	0.0	1.0	0.0	0.0
-elo	0.243048403708	0.682801235839	0.0741503604532	0.0
-per	0.133996896947	0.119740619806	0.0895751221976	0.656687361049
-pes	0.115384615385	0.865384615385	0.0192307692308	0.0
-ela	0.477603331622	0.21952212416	0.0534525793827	0.249421964835
-ele	0.597172279993	0.220045280954	0.0300589228316	0.152723516221
-oro	0.250327127297	0.0706522007046	0.0456937255939	0.633326946404
-uon	0.130287903473	0.312508783893	0.0540827533795	0.503120559254
-itu	0.584223500411	0.353327855382	0.037797863599	0.024650780608
-100	0.268965517241	0.0285714285714	0.100492610837	0.60197044335
-esu	0.00424898744352	0.794240425055	0.00303663423142	0.19847395327
-ito	0.448818897638	0.551181102362	0.0	0.0
-esi	0.137611749681	0.638250319285	0.116858237548	0.107279693487
-rie	0.558528428094	0.220735785953	0.180602006689	0.0401337792642
-eso	0.236485118445	0.243504083148	0.0623158084182	0.457694989989
-esa	0.0842055185538	0.8986679353	0.0171265461465	0.0
-ese	0.52796125055	0.20607661823	0.173491853809	0.0924702774108
-ita	0.0210291957485	0.952668182882	0.00393491086091	0.0223677105085
-spa	0.0560747663551	0.820230896097	0.123694337548	0.0
-bru	0.0116561437591	0.979601748422	0.00874210781933	0.0
-tir	0.122927574072	0.239318712859	0.0642516650427	0.573502048026
-ute	0.440758293839	0.260663507109	0.14691943128	0.151658767772
-fan	0.033386327504	0.966613672496	0.0	0.0
-666	0.016	0.0	0.0	0.984
-eta	0.127855955948	0.0443359743077	0.0198012023777	0.808006867367
-uda	0.00781249999999	0.981770833333	0.00520833333333	0.00520833333333
-geh	0.167557932264	0.580035650624	0.235294117647	0.0171122994652
-udo	0.0275590551181	0.228346456693	0.744094488189	0.0
-hum	0.0	1.0	0.0	0.0
-hun	0.174310975519	0.594360440146	0.0390977889016	0.192230795433
-huo	0.902255639098	0.0977443609022	0.0	0.0
-huh	0.240679902871	0.742179688616	0.0171404085131	0.0
-uoh	0.495	0.49	0.0	0.015
-hue	0.192019880688	0.718586633439	0.0261038445742	0.0632896412984
-hua	0.629596696109	0.258956270872	0.0209457189717	0.0905013140474
-uto	0.371654524913	0.60029607698	0.0	0.0280493981067
-abe	0.793168624274	0.0920750641285	0.0715539354665	0.0432023761307
-aba	0.434641187233	0.267330758284	0.255336450498	0.0426916039845
-geo	0.914454277286	0.0855457227139	0.0	0.0
-hut	0.173104780299	0.0897168379664	0.0416034351935	0.695574946541
-uou	0.19696969697	0.787878787879	0.0	0.0151515151515
-abo	0.0921861458774	0.238204647601	0.336961122196	0.332648084326
-ron	0.199510415055	0.635759721173	0.0817916260954	0.0829382376763
-hur	0.190913023522	0.164478963375	0.401566560666	0.243041452437
-tua	0.340470146217	0.553175593063	0.0833870533	0.0229672074192
-tam	0.0	1.0	0.0	0.0
-lou	0.0392414570034	0.943109275253	0.00807360120165	0.0095756665415
-tue	0.839196738638	0.143439528914	0.0096632945795	0.00770043786804
-tug	0.0141056422569	0.669867947179	0.122448979592	0.193577430972
-kom	0.0944881889764	0.748031496063	0.110236220472	0.0472440944882
-tui	0.133353492591	0.785001511944	0.0	0.0816449954641
-kon	0.135035133546	0.317070431821	0.0677269699489	0.480167464683
-koi	0.207566077916	0.666165601904	0.0135287485907	0.11273957159
-sop	0.0	0.917469050894	0.0825309491059	0.0
-tun	0.0879911762439	0.0441240495498	0.0435518908247	0.824332883382
-tuo	0.364161849711	0.595375722543	0.0115606936416	0.028901734104
-tup	0.383351588171	0.4689378356	0.0902612667966	0.0574493094329
-kot	0.0178642299512	0.935192556769	0.0163503927184	0.0305928205616
-tur	0.247503001556	0.159814693341	0.0163444922193	0.576337812884
-aer	0.579647917561	0.291541434092	0.0	0.128810648347
-soi	0.0294041613425	0.962175656811	0.00443167465599	0.0039885071904
-soh	0.627450980392	0.261437908497	0.111111111111	0.0
-kos	0.623982063343	0.174959543008	0.0472590429642	0.153799350684
-kor	0.152263420438	0.117756540404	0.105835146823	0.624144892335
-ora	0.00553359683794	0.920158102767	0.00869565217391	0.0656126482213
-min	0.14087403599	0.757326478149	0.0215938303342	0.080205655527
-rur	0.263991460631	0.260954083537	0.0242122345549	0.450842221277
-liu	0.35198589699	0.0499680657171	0.0104824932626	0.58756354403
-liv	0.0	0.919674171286	0.0758004299129	0.00452539880078
-pak	0.332633347333	0.151196976061	0.498530029399	0.017639647207
-lip	0.00120433560819	0.993978321959	0.0	0.00481734243276
-lir	0.148162334384	0.198600205442	0.207009419016	0.446228041158
-lis	0.124846056166	0.72775072904	0.0567279038753	0.0906753109187
-lil	0.12275517163	0.75448965674	0.12275517163	0.0
-lim	0.411320754717	0.490566037736	0.0301886792453	0.0679245283019
-ruh	0.306593343204	0.263137654546	0.0701828599996	0.36008614225
-lio	0.330477822197	0.425280791928	0.138016371597	0.106225014278
-run	0.155104712042	0.603403141361	0.123691099476	0.11780104712
-rum	0.320747026162	0.411963785369	0.239455768843	0.0278334196257
-lie	0.409090909091	0.477272727273	0.113636363636	0.0
-adi	0.0	1.0	0.0	0.0
-lia	0.262149631526	0.621339421129	0.0596879853202	0.0568229620248
-ome	0.28737444062	0.1868306054	0.472681256513	0.0531136974665
-ear	0.224489795918	0.34693877551	0.0408163265306	0.387755102041
-uor	0.396457085828	0.413173652695	0.0774284763807	0.112940785096
-rng	0.285714285714	0.612244897959	0.0816326530612	0.0204081632653
-oda	0.110534409842	0.794309880815	0.0144175317186	0.080738177624
-eab	0.18829750546	0.612944016554	0.189102195655	0.0096562823313
-rna	0.0	1.0	0.0	0.0
-eah	0.454545454545	0.454545454545	0.0	0.0909090909091
-eam	0.0	0.990086741016	0.0	0.00991325898388
-rni	0.0	1.0	0.0	0.0
-odo	0.0736713748603	0.828523524032	0.0551265115334	0.0426785895742
-eho	0.233039875712	0.24184360435	0.163645779389	0.361470740549
-ehi	0.555555555555	0.444444444444	0.0	0.0
-ura	0.295232869001	0.133222481526	0.0334237172382	0.538120932235
-ehe	0.272869963409	0.219070718532	0.276662481867	0.231396836192
ALL	0.202141625283	0.268849910763	0.0507088929489	0.478299571004
-eha	0.626372277367	0.203342569535	0.0432289291852	0.127056223914
-ehu	0.383771929825	0.300438596491	0.111842105263	0.203947368421
-uru	0.374613003096	0.625386996904	0.0	0.0
-pah	0.111708178488	0.0295076191254	0.012474951398	0.846309250989
-pai	0.0	0.993700787402	0.0	0.00629921259844
-dur	0.40086258536	0.554810111417	0.0335449862226	0.0107823170001
-dus	0.0	1.0	0.0	0.0
-pal	0.0251724780906	0.395860525825	0.544005220958	0.0349617751259
-pan	0.429864253394	0.502262443439	0.0407239819005	0.027149321267
-ape	0.116112355537	0.0604106651325	0.0114902255372	0.811986753793
-kob	0.105846774194	0.894153225806	0.0	0.0
-apo	0.368421052632	0.594736842105	0.0	0.0368421052632
-pag	0.10773480663	0.272099447514	0.401933701657	0.218232044199
-tuh	0.556405870172	0.423786801116	0.0198073287116	0.0
-dud	0.627625609141	0.337086203999	0.0277264325323	0.007561754327
-aeh	0.611464968153	0.191082802548	0.0636942675159	0.133757961783
-duh	0.228507514955	0.550546379743	0.071218759157	0.149727346145
-par	0.582732462638	0.268450066429	0.045941919763	0.10287555117
-pas	0.0213607293163	0.965288814861	0.00534018232907	0.00801027349362
-dul	0.318681318681	0.3663003663	0.043956043956	0.271062271062
-pau	0.246376811594	0.0799999999999	0.605797101449	0.0678260869566
-bug	0.042194092827	0.725738396624	0.0632911392405	0.168776371308
-nun	0.110823096285	0.779086366881	0.0446767346632	0.0654138021714
-nuo	0.2	0.247058823529	0.278991596639	0.273949579832
-aro	0.0768136059072	0.0402235042753	0.007762839063	0.875200050755
-nuh	0.481164925609	0.308008863564	0.163342830009	0.0474833808168
-sen	0.0236297998031	0.976370200197	0.0	0.0
