jer-	0.00179600886918	0.991308203991	0.00079822616408	0.00609756097561
kud-	0.13024881885	0.0920462904682	0.271986834821	0.505718055861
rah-	0.0529509100938	0.947049089906	0.0	0.0
mps-	0.188974657734	0.0881881736091	0.707981357413	0.0148558112438
tut-	0.568329815422	0.224188260655	0.0835316836574	0.123950240266
šab-	0.522727272727	0.397727272727	0.0681818181818	0.0113636363636
akw-	0.0	1.0	0.0	0.0
joy-	0.0	1.0	0.0	0.0
son-	0.159187962543	0.11677847342	0.0201916765701	0.703841887467
mou-	0.0283079909415	0.937722419929	0.0339695891297	0.0
maa-	0.0656407914038	0.682821085865	0.190284259386	0.0612538633452
uti-	0.678698572652	0.131320893827	0.158592445374	0.0313880881469
šem-	0.391828933222	0.176123919882	0.085214828973	0.346832317923
ipu-	0.162162162162	0.702702702703	0.027027027027	0.108108108108
fal-	0.35333157813	0.426355790801	0.0879331981771	0.132379432892
lel-	0.463525166037	0.24217859208	0.0720115775063	0.222284664377
iši-	0.499261447563	0.258493353028	0.069423929099	0.17282127031
ga--	0.0373831775701	0.906542056075	0.0373831775701	0.018691588785
etl-	0.905111292049	0.0303914662373	0.00622101054827	0.0582762311654
hle-	0.222606933291	0.249572542389	0.0642430619152	0.463577462405
nas-	0.085292022792	0.839031339031	0.0343660968661	0.0413105413105
mah-	0.181834288267	0.649973818728	0.0459210742357	0.122270818769
ipš-	0.626168224299	0.261682242991	0.11214953271	0.0
tum-	0.156065486457	0.782953021778	0.031872995977	0.0291084957884
neš-	0.541246970737	0.200115199423	0.179154008962	0.0794838208775
eka-	0.712624689754	0.104197057457	0.00391552027337	0.179262732516
mar-	0.0559679366213	0.724627371944	0.0454119704329	0.173992721002
baf-	0.0305291328504	0.843529103761	0.110611746226	0.0153300171626
ite-	0.518923658001	0.228405578735	0.116202680375	0.136468082889
eth-	0.0	0.475409836066	0.524590163934	0.0
lis-	0.0308576292828	0.966163013407	0.000851244945733	0.00212811236433
fog-	0.630215827338	0.164028776978	0.0129496402878	0.192805755396
ana-	0.0751911639762	0.776125743415	0.0371707731521	0.111512319456
fae-	0.259259259259	0.037037037037	0.037037037037	0.666666666667
sak-	0.0397323376438	0.927292524992	0.00567604823483	0.0272990891294
bap-	0.161843861634	0.795158973316	0.0226541742414	0.0203429908087
boš-	0.0618458668402	0.695615984592	0.161819129875	0.0807190186929
hlw-	0.237648011392	0.120601491826	0.264639248489	0.377111248293
fou-	0.315882273159	0.247524752475	0.309778923098	0.126814051268
seg-	0.121958493458	0.129340717479	0.127661133119	0.621039655943
tse-	0.659970245146	0.182395256239	0.0287374180255	0.128897080589
der-	0.00961538461538	0.990384615385	0.0	0.0
kat-	0.50571270786	0.336859544701	0.0767257777505	0.0807019696877
bao-	0.0771545219556	0.0716306047113	0.0108600585048	0.840354814828
abi-	0.0360105752575	0.941015589388	0.0229738353542	0.0
dud-	0.68788249694	0.243084455324	0.0308445532436	0.038188494492
mil-	0.0191693290735	0.980830670927	0.0	0.0
dis-	0.0707700362992	0.891814303484	0.0139984687185	0.0234171914983
tib-	0.00472366556448	0.994331601323	0.000944733112896	0.0
gan-	0.424828943991	0.2054707257	0.0839830450389	0.28571728527
aow-	0.0993017482456	0.160857591913	0.105474192979	0.634366466862
gae-	0.116161895798	0.742483804883	0.0286805824705	0.112673716848
yut-	0.08	0.92	0.0	0.0
thš-	0.416030534351	0.446564885496	0.0458015267175	0.0916030534351
hwi-	0.357296165085	0.0457190142484	0.572470326601	0.0245144940653
bja-	0.0964440802718	0.0672324262397	0.0388847351026	0.797438758386
sen-	0.25743084482	0.373000139627	0.102301266541	0.267267749012
swa-	0.347496778052	0.135667229542	0.117197676389	0.399638316017
itl-	0.409706581195	0.314528795327	0.12991136658	0.145853256898
ine-	0.427524531114	0.389392622035	0.1122841883	0.0707986585517
šir-	0.569498864104	0.244979431074	0.0910535974585	0.0944681073632
kon-	0.699029126214	0.26213592233	0.0	0.0388349514563
nka-	0.137501062466	0.0600993105793	0.0165006317169	0.785898995238
lor-	0.425828970332	0.521815008726	0.0279232111693	0.0244328097731
tam-	0.423529411765	0.552941176471	0.0	0.0235294117647
paf-	0.0	1.0	0.0	0.0
hum-	0.266384488631	0.247832335708	0.376018025701	0.10976514996
ntš-	0.349564086523	0.187681660324	0.210566428356	0.252187824797
dek-	0.0188679245283	0.72641509434	0.0	0.254716981132
abr-	0.00734802939212	0.965096860387	0.0220440881764	0.00551102204409
wol-	0.35508524259	0.159784238891	0.0698798528003	0.415250665719
oko-	0.447204968944	0.260869565217	0.267080745341	0.0248447204969
nen-	0.087717047114	0.102456732453	0.228537521352	0.581288699081
adm-	0.0	1.0	0.0	0.0
ful-	0.56842242351	0.331980008134	0.0832253653384	0.0163722030174
yaa-	0.555364314401	0.403327596099	0.0206540447504	0.0206540447504
her-	0.0144035311883	0.938088047392	0.0389708444651	0.00853757695435
ate-	0.526187576127	0.243605359318	0.102314250914	0.127892813642
naw-	0.368977878814	0.193844539652	0.320013989683	0.117163591851
kam-	0.0216086434574	0.963985594238	0.0144057623049	0.0
kle-	0.0502994011976	0.906586826347	0.0359281437125	0.00718562874251
sin-	0.0437356530144	0.944303491603	0.00362450163103	0.00833635375136
bod-	0.46000944567	0.394119893655	0.0655201821163	0.0803504785582
šid-	0.611859201512	0.22111977321	0.0281124497992	0.138908575478
dor-	0.0656136087485	0.883353584447	0.00729040097205	0.0437424058323
tag-	0.297819546413	0.316983337966	0.336388312049	0.0488088035711
ler-	0.109905669813	0.826246215525	0.0310518710704	0.0327962435911
pat-	0.268998298222	0.656006102928	0.0433073176457	0.0316882812042
amu-	0.46368188085	0.513460561643	0.0065307307162	0.0163268267905
nwe-	0.590389424795	0.313544519868	0.0641101980866	0.0319558572506
hud-	0.625132580771	0.146241192692	0.0751042676545	0.153521958882
hoš-	0.340945939686	0.167091304952	0.327975170241	0.163987585121
lla-	0.559506086749	0.36928112821	0.0240854966315	0.0471272884089
šoš-	0.46610283277	0.208004129684	0.325893037546	0.0
kah-	0.118165270339	0.832771491573	0.0176532234288	0.0314100146593
oma-	0.494889267462	0.257240204429	0.171209540034	0.076660988075
mop-	0.046098985297	0.860858035485	0.0816144467464	0.0114285324711
lom-	0.724835236201	0.219169931285	0.0409834518825	0.0150113806314
nye-	0.39842656346	0.265982986109	0.216252509961	0.11933794047
inw-	0.342581423402	0.618817852835	0.0193003618818	0.0193003618818
gen-	0.0901064894876	0.359424774734	0.0780922908893	0.472376444889
bof-	0.142637022982	0.533307288749	0.278132587471	0.0459231007983
yol-	0.139954862621	0.213864215169	0.0472079011118	0.598973021099
uša-	0.506796116505	0.458252427184	0.0349514563107	0.0
ngw-	0.344851346259	0.564597819605	0.0222073579106	0.0683434762259
kid-	0.0845360824742	0.903092783505	0.0123711340206	0.0
rek-	0.755936154338	0.183446553885	0.0374530008729	0.0231642909045
išw-	0.499164669136	0.138664923368	0.0809181375753	0.281252269921
nig-	0.0	0.961038961039	0.038961038961	0.0
por-	0.497763717683	0.443111159594	0.0265081269772	0.0326169957456
alf-	0.00264783152914	0.984113010825	0.0132391576457	0.0
pas-	0.00503144654088	0.989412997904	0.00524109014675	0.000314465408804
ent-	0.423076923077	0.288461538462	0.0961538461538	0.192307692308
ušw-	0.901554404145	0.0725388601036	0.020725388601	0.00518134715026
nai-	0.0333333333333	0.833333333333	0.0	0.133333333333
bak-	0.0709462032845	0.360684413239	0.124792408639	0.443576974838
nkw-	0.618077003412	0.281963378124	0.0406210401727	0.0593385782914
ped-	0.00957420005039	0.0249433106576	0.00705467372134	0.958427815571
rat-	0.633827428853	0.140505964421	0.0736774547445	0.151989151981
dih-	0.130031700126	0.702991400202	0.133300630837	0.033676268835
epa-	0.372350756474	0.619880375284	0.00776886824237	0.0
nth-	0.592440611278	0.200244115828	0.0443052297576	0.163010043136
šwe-	0.25833126088	0.207286744591	0.505471275802	0.0289107187267
dia-	0.0731585896409	0.871712733491	0.0147615852471	0.0403670916214
nan-	0.574914383562	0.137414383562	0.0205479452055	0.267123287671
enk-	0.0833333333333	0.916666666667	0.0	0.0
goe-	0.569370700191	0.153817690396	0.203235141857	0.073576467556
mpe-	0.160679502604	0.250931249493	0.556094258766	0.0322949891373
lau-	0.258050286723	0.556682840759	0.119100132333	0.0661667401852
geg-	0.587064676617	0.323383084577	0.0895522388059	0.0
bor-	0.0701038736601	0.523760904168	0.301621231814	0.104513990358
usi-	0.0	1.0	0.0	0.0
nog-	0.0693154826171	0.898941913194	0.0168430144677	0.0148995897214
mog-	0.0707132814532	0.449622044855	0.430814093485	0.0488505802068
tol-	0.64364640884	0.232044198895	0.0911602209945	0.0331491712707
mel-	0.136456125117	0.757099315091	0.0455474930459	0.0608970667464
kgi-	0.485714285714	0.142857142857	0.328571428571	0.0428571428571
kri-	0.00242012626746	0.989512786174	0.00178560040814	0.00628148715006
onn-	0.728813559322	0.0	0.0169491525424	0.254237288136
mir-	0.0289017341041	0.959537572254	0.00578034682082	0.00578034682081
isa-	0.000430424890856	0.996987025764	0.00258254934514	0.0
tee-	0.0524198638425	0.0910329990336	0.12674576902	0.729801368104
tsw-	0.569037298063	0.312042435081	0.0594282098225	0.0594920570332
mmu-	0.0626895900253	0.897750732427	0.0122665666815	0.0272931108663
dio-	0.150099056054	0.517422211863	0.104649807715	0.227828924368
yom-	0.0774764803541	0.552635806987	0.319902886624	0.0499848260349
bab-	0.1217580376	0.330734208387	0.155554101048	0.391953652965
ita-	0.533454987221	0.313975840102	0.0801629906916	0.0724061819856
eno-	0.0483870967742	0.873772791024	0.00420757363254	0.0736325385694
beš-	0.0130819942316	0.871583573685	0.00762257931603	0.107711852767
hol-	0.400340486838	0.396083282812	0.137928488816	0.0656477415343
war-	0.226890756303	0.773109243697	0.0	0.0
tsi-	0.100497962879	0.891353553644	0.00543232231779	0.0027161611589
moi-	0.197114121496	0.369418173187	0.356639038427	0.07682866689
ola-	0.256880733945	0.724770642202	0.0	0.0183486238532
kom-	0.0539538333179	0.899323259479	0.0367108556596	0.0100120515435
mee-	0.0336877916338	0.93401444697	0.0135895897319	0.0187081716646
buš-	0.214821027235	0.207958151048	0.0533703307535	0.523850490964
ree-	0.636906377205	0.26540027137	0.0113975576662	0.0862957937585
kod-	0.509863429439	0.293879615579	0.0596863935255	0.136570561457
fit-	0.0	0.941176470588	0.0588235294118	0.0
jud-	0.00822719721541	0.978482714975	0.00367850644727	0.00961158136223
oni-	0.0204081632653	0.979591836735	0.0	0.0
daf-	0.0	0.998468801837	0.00153119816256	0.0
hak-	0.0	1.0	0.0	0.0
tau-	0.0666335156638	0.758329189458	0.163102933864	0.0119343610144
mal-	0.0762757579027	0.827503506311	0.0657179846801	0.0305027511058
pek-	0.4225144039	0.49298271532	0.08450288078	0.0
thi-	0.554239324493	0.295916190391	0.0840454081003	0.0657990770164
sab-	0.00146838731539	0.989213000875	0.00271086888996	0.00660774291927
rey-	0.450980392157	0.450980392157	0.0980392156862	0.0
boj-	0.12423003261	0.570888762358	0.240178063047	0.0647031419846
pho-	0.604148819738	0.298351554768	0.0515336413348	0.0459659841597
hla-	0.534059287223	0.281384769367	0.0997530205169	0.0848029228931
efo-	0.289819376026	0.633825944171	0.051724137931	0.0246305418719
oin-	0.0196078431373	0.980392156863	0.0	0.0
noš-	0.243385546926	0.197248914045	0.129327366066	0.430038172963
bag-	0.079959103677	0.728106015853	0.111217550385	0.080717330085
se--	0.378378378378	0.567567567568	0.0540540540541	0.0
ena-	0.643405551242	0.341681075053	0.00290520266967	0.0120081710346
šiw-	0.747191011236	0.168539325843	0.0168539325843	0.067415730337
ntw-	0.230650154799	0.6955624355	0.0443756449948	0.0294117647059
mo--	0.475	0.35	0.0	0.175
mab-	0.131287975041	0.518060042182	0.0625277961572	0.28812418662
gos-	0.00944032366823	0.687120701281	0.248819959541	0.0546190155091
and-	0.0030888030888	0.996138996139	0.0007722007722	0.0
apa-	0.53379278234	0.271210688311	0.137556634902	0.0574398944476
ALL	0.246909264367	0.382782197291	0.0707641132819	0.29954442506
swe-	0.56530713526	0.146385974388	0.177980374427	0.110326515926
puk-	0.0346510492924	0.947887858576	0.00260289572149	0.0148581964102
ith-	0.527604203352	0.24564685288	0.0673693780143	0.159379565754
kha-	0.0	0.995735607676	0.00426439232409	0.0
iše-	0.60324848231	0.180935825751	0.117735082053	0.098080609886
foi-	0.0	1.0	0.0	0.0
mae-	0.0957325339229	0.552679407627	0.221280453645	0.130307604805
top-	0.542758808451	0.297371462621	0.105285327553	0.0545844013746
per-	0.0110599078341	0.952995391705	0.0152073732719	0.0207373271889
ger-	0.491720642836	0.200953955392	0.293666495027	0.0136589067454
hwe-	0.771946630341	0.0939851883305	0.0413594042958	0.092708777033
sok-	0.619915667249	0.315920668202	0.0264543633347	0.0377093012147
tši-	0.455445544555	0.394239423942	0.074707470747	0.0756075607561
mor-	0.0292252366771	0.878196841229	0.0294397113123	0.0631382107816
rur-	0.118024527926	0.205272570707	0.117737803075	0.558965098292
bae-	0.136311794549	0.751288000944	0.0697683564715	0.0426318480356
nke-	0.309835803893	0.171110772513	0.0245967654165	0.494456658177
tel-	0.136409516943	0.102667627974	0.632876712329	0.128046142754
sob-	0.491803278689	0.1985428051	0.242865816636	0.066788099575
lid-	0.0117878192534	0.988212180747	0.0	0.0
lwa-	0.225856086997	0.28695061926	0.15266335246	0.334529941283
gas-	0.255088195387	0.337856173677	0.179104477612	0.227951153324
ata-	0.345514950166	0.354817275748	0.12292358804	0.176744186047
tsh-	0.318358386606	0.464367104854	0.136144679958	0.0811298285817
tie-	0.515007745933	0.216886134779	0.168183578621	0.0999225406662
far-	0.114859437751	0.798393574297	0.0289156626506	0.0578313253012
khw-	0.947598253275	0.0524017467249	0.0	0.0
oka-	0.382484649832	0.363510456581	0.114029823185	0.139975070403
loh-	0.272091544819	0.162110616656	0.402415766052	0.163382072473
mes-	0.0275815174563	0.898815233103	0.025532604731	0.0480706447095
sed-	0.214593902852	0.663781809721	0.0445121118468	0.0771121755801
kla-	0.0	1.0	0.0	0.0
adi-	0.556412767369	0.351512730687	0.0713836026311	0.0206908993134
pup-	0.27817403709	0.208273894436	0.470756062768	0.0427960057061
ami-	0.0	1.0	0.0	0.0
pel-	0.0858890930124	0.308713417881	0.13247894216	0.472918546947
ele-	0.650787330023	0.204988836664	0.0648795631997	0.0793442701141
dij-	0.282992550591	0.638399560457	0.028346984242	0.0502609047101
iku-	0.480156512018	0.270542202348	0.0816098378982	0.167691447736
tek-	0.364821854832	0.264477057731	0.222173105826	0.148527981611
gaj-	0.0	1.0	0.0	0.0
tsa-	0.0975600834034	0.844057504481	0.0399458609211	0.0184365511943
iwe-	0.365853658537	0.219512195122	0.317073170732	0.0975609756098
jai-	0.0880503144654	0.879874213837	0.0207547169811	0.011320754717
šeg-	0.692258114617	0.240722308442	0.0371521567827	0.0298674201586
tal-	0.138624792983	0.436913451512	0.413011920097	0.0114498354086
gid-	0.00983606557377	0.990163934426	0.0	0.0
lle-	0.510235511539	0.336291048666	0.0494005591622	0.104072880633
paa-	0.214285714286	0.564285714286	0.157142857143	0.0642857142857
bin-	0.521631034908	0.424747740584	0.0465658002307	0.00705542427738
kos-	0.013698630137	0.972602739726	0.013698630137	0.0
lem-	0.708939875226	0.157567750234	0.054135802505	0.0793565720346
rod-	0.112107623318	0.869955156951	0.0179372197309	0.0
kab-	0.329499203681	0.600424703592	0.0435321182092	0.0265439745178
ehw-	0.802182810368	0.161800818554	0.00982264665757	0.0261937244202
pon-	0.258163446944	0.685866433337	0.0173700371542	0.038600082565
uka-	0.374350086655	0.459272097054	0.103986135182	0.0623916811092
rap-	0.650942683524	0.276172404777	0.0198529796793	0.0530319320199
leb-	0.326588337091	0.485998523219	0.0814233623397	0.105989777351
sik-	0.0	0.986547085202	0.0	0.0134529147982
nga-	0.453378660596	0.328500023512	0.149286759479	0.0688345564134
ben-	0.105504130586	0.619463521449	0.0693573537706	0.205674994194
bog-	0.0837875316812	0.666417648277	0.180680489958	0.0691143300836
beg-	0.679982457123	0.0710044311588	0.0193085250108	0.229704586708
goa-	0.876557140278	0.0396055244629	0.00643166636578	0.0774056688933
ome-	0.407527003597	0.358653522634	0.215987659993	0.0178318137757
ade-	0.27027027027	0.702702702703	0.027027027027	0.0
nwa-	0.66775068186	0.296671285539	0.0118058031431	0.0237722294582
bun-	0.707001241661	0.259406434149	0.0251551823	0.00843714188944
ili-	0.0	0.899581589958	0.0	0.100418410042
leš-	0.0823837654818	0.795333685995	0.0703870499474	0.0518954985761
nar-	0.0391304347826	0.884782608696	0.0760869565217	0.0
gat-	0.254934196246	0.180300723099	0.0588120130531	0.505953067602
hom-	0.40783644636	0.202062380268	0.343854765326	0.046246408046
its-	0.510044442898	0.251944067073	0.112276377365	0.125735112664
idi-	0.735376044568	0.057799442897	0.206824512535	0.0
bee-	0.551338519545	0.317579057416	0.0715781089105	0.0595043141283
ses-	0.0560583006327	0.63207853815	0.101187588033	0.210675573184
fet-	0.536844115022	0.0772520800204	0.0971327614421	0.288771043516
sat-	0.0585274930102	0.916309412861	0.01761416589	0.00754892823859
pur-	0.137323943662	0.271126760563	0.591549295775	0.0
fef-	0.411406423034	0.389258028793	0.118493909192	0.0808416389812
peg-	0.118811881188	0.70495049505	0.0376237623762	0.138613861386
the-	0.312622001363	0.479109948611	0.088086661757	0.12018138827
rak-	0.420789668448	0.398456615103	0.0383102362835	0.142443480165
ntu-	0.72382938536	0.161481593275	0.00912389981546	0.105565121549
dik-	0.126498271846	0.682993613028	0.0527420049751	0.137766110151
feg-	0.624053663861	0.19953167365	0.0345962886018	0.141818373886
pak-	0.185354691076	0.718535469107	0.0274599542334	0.0686498855835
kis-	0.0	0.96	0.04	0.0
bei-	0.394810279277	0.466943143669	0.0351564488317	0.103090128222
nta-	0.756625773223	0.142671963834	0.00883220746952	0.0918700554736
bob-	0.0698946007977	0.232211334791	0.59458308452	0.103310979891
wel-	0.623117283908	0.12862989268	0.0333675221286	0.214885301283
eup-	0.0223370493802	0.0159564388313	0.00637788201792	0.955328629771
fle-	0.0	1.0	0.0	0.0
tšw-	0.323120664838	0.0776196926436	0.0262330628712	0.573026579647
mom-	0.545454545455	0.4	0.0	0.0545454545455
šie-	0.232413840422	0.433373804147	0.147216314014	0.186996041417
adr-	0.149253731343	0.694029850746	0.141791044776	0.0149253731343
ise-	0.0805970149254	0.85223880597	0.0	0.0671641791045
dri-	0.104651162791	0.558139534884	0.0	0.337209302326
ter-	0.0121403870208	0.956515341034	0.0181002133765	0.0132440585682
wen-	0.047140532694	0.084460973518	0.00815043204862	0.860248061739
k'o-	0.449438202247	0.303370786517	0.0	0.247191011236
ešo-	0.240688303202	0.061642343716	0.0126334131997	0.685035939882
tra-	0.0	0.991902834008	0.0080971659919	0.0
ntl-	0.19960340191	0.464877074686	0.0651445578881	0.270374965516
nam-	0.23800096546	0.508062942913	0.146576555163	0.107359536464
bal-	0.296612843238	0.372111570671	0.15272303495	0.178552551141
tšu-	0.581312330842	0.191761441647	0.201910737864	0.0250154896469
šeš-	0.0594059405941	0.940594059406	0.0	0.0
ale-	0.0520371818261	0.847363391539	0.0449135609417	0.0556858656937
bup-	0.0371974020862	0.925802007479	0.00826608935248	0.0287345010825
ker-	0.0201811125485	0.948253557568	0.0137128072445	0.0178525226391
enw-	0.655804604811	0.322921456884	0.00510574519316	0.0161681931117
bon-	0.415305912885	0.0714422669599	0.0376691557053	0.47558266445
oli-	0.0194174757282	0.980582524272	0.0	0.0
won-	0.162250632129	0.0884287902818	0.100387300333	0.648933277257
led-	0.120428518655	0.809198374584	0.0426671592168	0.0277059475434
mod-	0.0246862297776	0.932892858034	0.0203139708031	0.0221069413857
tok-	0.0812355587985	0.672455308282	0.138124771981	0.108184360939
arp-	0.0	1.0	0.0	0.0
kue-	0.255813953488	0.744186046512	0.0	0.0
jeu-	0.916666666667	0.0	0.0	0.0833333333333
eli-	0.0135554356623	0.977542487186	0.00121391961155	0.00768815753979
fif-	0.526241402054	0.229247149722	0.238858004334	0.00565344388957
hwa-	0.647943921061	0.208063579944	0.12104299683	0.0229495021655
ahl-	0.554599266679	0.361268260748	0.0398504157552	0.0442820568176
rog-	0.440699200382	0.368472602844	0.106507688265	0.0843205085094
hlo-	0.466839640702	0.34169185657	0.0955006703113	0.0959678324169
eto-	0.0	0.960784313725	0.0392156862745	0.0
tia-	0.335194103954	0.358920979535	0.232816964605	0.0730679519066
maf-	0.109701079481	0.402320600844	0.347027955211	0.140950364465
peu-	0.134156481505	0.802253835884	0.0167695601881	0.046820122423
gio-	0.0478087649402	0.95219123506	0.0	0.0
tuk-	0.476267266345	0.400645479106	0.112881527413	0.010205727136
ene-	0.533667593089	0.384876614899	0.0223462792244	0.059109512787
pan-	0.0847457627119	0.728813559322	0.0508474576272	0.135593220339
mmm-	0.3	0.67	0.0	0.03
iša-	0.535224413603	0.0626166707248	0.0651868084301	0.336972107242
nim-	0.0190476190476	0.980952380952	0.0	0.0
emo-	0.174081237911	0.446808510638	0.348162475822	0.0309477756286
tor-	0.0886855688942	0.889858245083	0.0157345364167	0.00572164960608
mef-	0.127966647711	0.824159305007	0.0258655990054	0.0220084482765
ari-	0.00448430493273	0.993273542601	0.00224215246637	0.0
ikg-	0.547943181734	0.197050502663	0.148010400431	0.106995915172
efr-	0.0	1.0	0.0	0.0
enn-	0.339476236664	0.378273520854	0.11833171678	0.163918525703
beo-	0.0	1.0	0.0	0.0
ina-	0.339064955216	0.508578804687	0.0554461000353	0.0969101400616
baa-	0.0510300929231	0.878439575942	0.0380427044088	0.0324876267258
nki-	0.509819967267	0.220130932897	0.0949263502455	0.175122749591
lat-	0.612546456196	0.163909662853	0.124626184051	0.0989176969005
baj-	0.0228581829083	0.810555448491	0.137125900231	0.0294604683697
fof-	0.657686212361	0.226624405705	0.053882725832	0.0618066561014
rab-	0.0954214732394	0.411453984699	0.370098999778	0.123025542284
ape-	0.632601210176	0.228663123057	0.0511483301574	0.0875873366095
uwe-	0.560240963855	0.240963855422	0.16265060241	0.0361445783133
fot-	0.647350993378	0.153973509934	0.139072847682	0.0596026490066
ipo-	0.573331518527	0.227147772976	0.0689706384497	0.130550070047
ofe-	0.136134256543	0.066474424531	0.0747732492833	0.722618069643
dun-	0.5625	0.25	0.09375	0.09375
got-	0.201460412302	0.145354823316	0.0323984036138	0.620786360769
hul-	0.778956300382	0.129401781926	0.0	0.091641917692
hen-	0.0243902439025	0.963414634146	0.0121951219512	0.0
lab-	0.238392857143	0.521428571429	0.107142857143	0.133035714286
gao-	0.419098143236	0.493368700265	0.0318302387268	0.0557029177719
meh-	0.0494202754713	0.540904750753	0.0831846040264	0.32649036975
arg-	0.152450090744	0.825771324864	0.010889292196	0.010889292196
kau-	0.0512820512821	0.846153846154	0.0512820512821	0.0512820512821
nin-	0.0476608819757	0.952339118024	0.0	0.0
aki-	0.0	1.0	0.0	0.0
llw-	0.354954034729	0.34435648621	0.0593718079673	0.241317671093
bas-	0.0479407815674	0.874642313308	0.0510723750396	0.0263445300848
lwe-	0.391088593539	0.247666308082	0.055869799077	0.305375299302
dir-	0.697026441789	0.153527970056	0.031296954517	0.118148633638
eng-	0.0662151277099	0.0321764812874	0.000259836995592	0.901348554007
mid-	0.02	0.87	0.11	0.0
oib-	0.137931034483	0.862068965517	0.0	0.0
lek-	0.354647652121	0.423211801887	0.086076861125	0.136063684866
thw-	0.358553234883	0.179377700934	0.0532165893257	0.408852474857
pun-	0.0823732499615	0.817527610845	0.0980137404606	0.0020853987332
fao-	0.153756528726	0.183286460426	0.0265970269184	0.636359983929
fir-	0.0128205128205	0.916666666667	0.0576923076923	0.0128205128205
ito-	0.325423984861	0.265983493301	0.334674192882	0.0739183289557
bjo-	0.153942114561	0.163676275361	0.168478709297	0.513902900781
omi-	0.0646939020007	0.0727207379897	0.769138612675	0.0934467473343
tah-	0.143356643357	0.758158508159	0.0483682983683	0.0501165501165
seo-	0.212117864534	0.187578710148	0.0477600288696	0.552543396449
iko-	0.337318986688	0.286479858724	0.158391315202	0.217809839386
mot-	0.0742238491735	0.666567958912	0.0366163165415	0.222591875373
sod-	0.0492673795884	0.9227397911	0.0134365580696	0.014556271242
kun-	0.427769985975	0.474053295933	0.0308555399719	0.0673211781206
har-	0.0325814536341	0.962406015038	0.0	0.00501253132833
kan-	0.0744151319064	0.636635141862	0.0283723245396	0.260577401692
nei-	0.804420327819	0.112587790995	0.0235495553268	0.0594423258594
agi-	0.59586500018	0.304505997191	0.0432229946331	0.0564060079962
abo-	0.00204918032787	0.964907786885	0.0330430327869	0.0
kuk-	0.54528650647	0.281489305519	0.0359123316609	0.137311856351
gap-	0.213748519864	0.0958406350162	0.0339848877245	0.656425957395
meu-	0.30971659919	0.593117408907	0.0425101214575	0.0546558704453
tso-	0.568213974986	0.152997920303	0.0200396505383	0.258748454173
sio-	0.00681818181818	0.979545454545	0.00454545454545	0.00909090909091
duš-	0.722488038278	0.0430622009569	0.177033492823	0.0574162679425
mum-	0.423076923077	0.307692307692	0.107692307692	0.161538461538
taf-	0.0598098899925	0.928228132009	0.00598098899925	0.00598098899925
log-	0.583895538629	0.234602829162	0.141458106638	0.0400435255713
kum-	0.021978021978	0.835164835165	0.0	0.142857142857
jel-	0.386547964056	0.513374893147	0.0587953213936	0.041281821404
met-	0.113597652343	0.61119693382	0.0470326289734	0.228172784864
ihl-	0.17801789689	0.789156107939	0.0328259951712	0.0
tao-	0.341719077568	0.53249475891	0.0566037735849	0.0691823899371
taw-	0.0	0.713043478261	0.286956521739	0.0
oke-	0.579016628783	0.248817612871	0.0655598086414	0.106605949704
kol-	0.716000135222	0.220716000135	0.0306277678239	0.0326560968189
ken-	0.118280776568	0.814386713051	0.0430928066435	0.024239703737
nne-	0.160821613706	0.299043715408	0.182325618026	0.35780905286
bew-	0.48865738487	0.265212734885	0.0952195501899	0.150910330055
moe-	0.214737824226	0.613194796881	0.112635672736	0.0594317061568
fep-	0.534966066686	0.262024195928	0.125700796695	0.0773089406905
eta-	0.33431085044	0.187976539589	0.0372434017595	0.440469208211
mat-	0.0958156970005	0.74288130538	0.108579388726	0.0527236088931
phu-	0.277738629432	0.612631205211	0.0309228422487	0.0787073231078
nya-	0.577661218496	0.184418167546	0.107504104205	0.130416509752
aka-	0.397678921416	0.513071633799	0.0458700634827	0.0433793813027
mad-	0.0488140173037	0.821687935324	0.0934248706909	0.0360731766816
gok-	0.265064242423	0.391902140743	0.203068309827	0.139965307007
leh-	0.192811441185	0.701219453008	0.0616910992772	0.0442780065299
par-	0.0113724826536	0.988627517346	0.0	0.0
jeg-	0.787301587302	0.212698412698	0.0	0.0
ala-	0.680008748907	0.225065616798	0.0494313210848	0.0454943132108
but-	0.413566739606	0.304157549234	0.203501094092	0.0787746170678
ets-	0.17618238485	0.0805628109872	0.01807334978	0.725181454383
nti-	0.449636272232	0.250558917663	0.0638486344286	0.235956175677
dig-	0.231758161939	0.381071512756	0.370849327985	0.0163209973196
nah-	0.0	1.0	0.0	0.0
sol-	0.42691696693	0.331535928879	0.0925095340947	0.149037570096
šia-	0.333131363276	0.206160122873	0.369616043721	0.09109247013
rag-	0.317480719794	0.435732647815	0.0514138817481	0.195372750643
feb-	0.390746500778	0.21034214619	0.181959564541	0.216951788491
fok-	0.303040416479	0.25239937223	0.391888711082	0.0526715002084
tha-	0.24639085861	0.450017170624	0.132842799412	0.170749171354
sag-	0.572327044025	0.232704402516	0.0377358490566	0.157232704402
fek-	0.318181818182	0.560606060606	0.0	0.121212121212
tre-	0.0	1.0	0.0	0.0
yen-	0.104669466178	0.0936032779549	0.00997352193666	0.79175373393
gay-	0.0179775280899	0.98202247191	0.0	0.0
beb-	0.195771339076	0.636648394675	0.146828504307	0.020751761942
ipa-	0.646968546469	0.236502536659	0.0419504100736	0.0745785067976
aby-	0.0	1.0	0.0	0.0
gob-	0.0533440123716	0.0323504841058	0.0102915186844	0.904013984838
pii-	0.214285714286	0.678571428571	0.107142857143	0.0
ona-	0.18438697318	0.164584929757	0.0815453384419	0.569482758621
dan-	0.0604508626842	0.85391041518	0.0806011502456	0.00503757189035
dph-	0.0	0.958904109589	0.0	0.041095890411
eba-	0.0885856974586	0.519383146942	0.177358293744	0.214672861856
kag-	0.274605866308	0.153050662421	0.0699955010084	0.502347970263
bil-	0.534326916101	0.144128309469	0.0561123092583	0.265432465171
loa-	0.0634920634921	0.936507936508	0.0	0.0
bam-	0.00924512298558	0.928922815946	0.0569974554707	0.00483460559797
mis-	0.0294117647059	0.970588235294	0.0	0.0
foš-	0.471321335541	0.208826824086	0.160920793718	0.158931046655
elm-	0.0	1.0	0.0	0.0
ran-	0.534351145038	0.12213740458	0.0152671755725	0.328244274809
twa-	0.0718954248366	0.104575163399	0.81045751634	0.0130718954248
din-	0.0697980388548	0.695686702317	0.16294139023	0.0715738685978
yon-	0.126435084255	0.0674265758062	0.0505189032074	0.755619436732
kob-	0.0679271812695	0.890484748565	0.0137240631545	0.0278640070106
agr-	0.0	1.0	0.0	0.0
eni-	0.58064516129	0.313782991202	0.0	0.105571847507
sos-	0.00681818181817	0.979545454545	0.0136363636364	0.0
kua-	0.0663907600218	0.0643311356067	0.0175224370552	0.851755667316
moj-	0.0493782004389	0.816739751444	0.0909098339552	0.0429722141622
tat-	0.0242046474498	0.916875994282	0.0062672316756	0.0526521265922
moa-	0.0778577445284	0.828540512562	0.045060409159	0.0485413337503
ser-	0.0764459002052	0.813718485509	0.0350963284173	0.0747392858686
leg-	0.255593356627	0.474917527249	0.112403989289	0.157085126835
ron-	0.641440427627	0.205092136728	0.0918553945703	0.0616120410747
bos-	0.140761228668	0.310119738691	0.47374946011	0.0753695725315
rwa-	0.759883085615	0.159261109434	0.0328729021555	0.0479829027953
pot-	0.183203521842	0.446325770403	0.213003725025	0.157466982729
lap-	0.15910878506	0.721216719281	0.0729105720329	0.0467639236261
arn-	0.0	1.0	0.0	0.0
esa-	0.0831871711351	0.789776998246	0.0586319218241	0.0684039087948
joh-	0.00857984988246	0.970608942614	0.012505817353	0.00830539015048
akg-	0.243588323048	0.176610767731	0.0549675542088	0.524833355012
hot-	0.219512195122	0.756097560976	0.0243902439024	0.0
rep-	0.391466901254	0.217359431127	0.338391613518	0.0527820541016
boi-	0.216051571273	0.396832360212	0.34186308486	0.0452529836557
eši-	0.153017694007	0.154130036999	0.0861365425685	0.606715726425
aug-	0.0	1.0	0.0	0.0
mos-	0.0322142830708	0.842201600891	0.0605876490645	0.0649964669737
hup-	0.0423022167989	0.746186699207	0.211511083994	0.0
kok-	0.541723349057	0.29687096407	0.105839794671	0.0555658922022
bo--	0.164344340523	0.745466692117	0.0701469746134	0.0200419927467
šad-	0.671835754068	0.16522878672	0.037566888719	0.125368570493
lwi-	0.821428571429	0.178571428571	0.0	0.0
fri-	0.0	0.941558441558	0.0584415584416	0.0
reg-	0.60644696105	0.103866946425	0.0138295618418	0.275856530683
kho-	0.203601476587	0.703469462959	0.0517004674136	0.0412285930399
šit-	0.363274712189	0.173890927599	0.220272443387	0.242561916825
tše-	0.200787922442	0.201205041233	0.0459867517544	0.552020284571
map-	0.168459186122	0.732486149865	0.0713922411195	0.0276624228932
ika-	0.455865430259	0.378089323372	0.0542974961758	0.111747750194
bet-	0.26704756261	0.657711955073	0.0513768965072	0.0238635858094
ips-	0.332401895274	0.424128295468	0.182237881181	0.0612319280767
tod-	0.0	1.0	0.0	0.0
maj-	0.0188694079723	0.940246874754	0.00471735199308	0.0361663652803
pšo-	0.297872340426	0.223404255319	0.351063829787	0.127659574468
sal-	0.0404144014771	0.955892912094	0.00369268642938	0.0
bop-	0.111082779496	0.80841202211	0.0428230078305	0.0376821905639
phi-	0.206024696443	0.613700935994	0.137908787916	0.0423655796477
utl-	0.549403863363	0.371954912365	0.0444729682091	0.0341682560631
isk-	0.0018018018018	0.998198198198	0.0	0.0
nng-	0.163520535478	0.30177276559	0.113151681129	0.421555017803
gab-	0.130289937873	0.239672762691	0.205640634007	0.424396665429
tšh-	0.374836421474	0.438164186054	0.124783537764	0.0622158547078
fie-	0.68437927448	0.215953840887	0.086377966682	0.0132889179511
leo-	0.0770365682003	0.165710924126	0.0327042034812	0.724548304192
soh-	0.4	0.12131147541	0.137704918033	0.340983606557
pip-	0.746543778802	0.184331797235	0.0322580645161	0.036866359447
yan-	0.43966876792	0.467346453486	0.00688776137734	0.0860970172167
bad-	0.105922358097	0.727933344179	0.1218548487	0.0442894490247
eme-	0.695662402146	0.173142832873	0.0244706079621	0.106724157018
tiš-	0.0344827586207	0.31724137931	0.165517241379	0.48275862069
min-	0.680914512922	0.25944333996	0.0298210735586	0.0298210735586
ikh-	0.39173730852	0.292965207565	0.221057524407	0.0942399595085
šed-	0.416515183121	0.309622433471	0.0417200584081	0.232142324999
ren-	0.0516021349993	0.01252985561	0.00409303425021	0.931774975141
ror-	0.632736872983	0.231739513054	0.08448225286	0.051041361103
nna-	0.203504457186	0.0162531907886	0.00272105602256	0.777521296003
joe-	0.0	1.0	0.0	0.0
age-	0.499333718855	0.416186860433	0.0247404017801	0.0597390189324
nyw-	0.0178551867674	0.959360280425	0.0155548252821	0.00722970752547
tab-	0.168198769662	0.304599501559	0.07267096733	0.454530761449
lok-	0.313799480874	0.203891076471	0.376002849945	0.106306592709
tid-	0.0384615384615	0.923076923077	0.0384615384615	0.0
gal-	0.0742983122491	0.807085903268	0.0995625403613	0.0190532441217
see-	0.053813725126	0.763827445196	0.165542040576	0.0168167891019
fiw-	0.815020817221	0.108416270314	0.0167278756246	0.0598350368411
kre-	0.0143369175627	0.985663082437	0.0	0.0
kar-	0.0928473177442	0.694463548831	0.126203576341	0.0864855570839
tšo-	0.0902816117382	0.224336462246	0.030800356633	0.654581569383
kay-	0.0	1.0	0.0	0.0
diš-	0.415748855046	0.413637228024	0.0902096572271	0.0804042597024
maw-	0.18781680747	0.755838150289	0.056345042241	0.0
gak-	0.400446916135	0.241374949704	0.129019371156	0.229158763005
ati-	0.515675895766	0.265675895765	0.152687296417	0.0659609120521
imo-	0.460957178841	0.226700251889	0.115869017632	0.196473551637
ubu-	0.7387291174	0.184377145473	0.027462048974	0.0494316881532
sut-	0.780952380952	0.0666666666667	0.0571428571428	0.0952380952381
nwi-	0.74025974026	0.23051948052	0.00974025974026	0.0194805194805
šwa-	0.539542599498	0.284030682414	0.0572076734393	0.119219044648
lae-	0.660251111389	0.204665283064	0.0139737260431	0.121109879504
not-	0.423255813953	0.348837209302	0.125581395349	0.102325581395
jot-	0.0	1.0	0.0	0.0
lop-	0.347174874085	0.495788154046	0.0577341808344	0.0993027910353
šil-	0.477794330979	0.323222526267	0.137351195883	0.0616319468708
jor-	0.0	0.998870694523	0.00112930547713	0.0
lew-	0.0920892113903	0.815590627818	0.0330965392445	0.0592236215474
lob-	0.573521724424	0.297115709849	0.0452015620676	0.0841610036592
luk-	0.011396011396	0.977207977208	0.0	0.011396011396
opa-	0.678928292363	0.235963887511	0.0793050142076	0.00580280591764
šok-	0.192155339806	0.663844660194	0.114174757282	0.0298252427185
jok-	0.197115384615	0.7625	0.0403846153846	0.0
kop-	0.426994214416	0.333984804753	0.0392177165711	0.19980326426
kak-	0.100724160632	0.213298222515	0.11323238973	0.572745227123
nel-	0.578947368421	0.240601503759	0.108270676692	0.0721804511278
afe-	0.09375	0.203125	0.0	0.703125
itš-	0.576095616132	0.193363188515	0.0761821867985	0.154359008555
fsa-	0.909090909091	0.0681818181818	0.0227272727273	0.0
bea-	0.648638009421	0.102223265214	0.0197397780916	0.229398947274
gog-	0.631886668833	0.186975414699	0.0797247814168	0.101413135052
saf-	0.0204081632653	0.863945578231	0.0	0.115646258503
poi-	0.14335360556	0.751086012163	0.0886185925282	0.016941789748
gee-	0.266017659045	0.127235680326	0.0158478605388	0.590898800091
kap-	0.00555247084953	0.985563575791	0.0	0.00888395335925
jup-	0.0534521158129	0.933184855234	0.0133630289532	0.0
šaš-	0.285714285714	0.714285714286	0.0	0.0
sil-	0.0159132639678	0.934860540351	0.0401329019848	0.00909329369591
ake-	0.736816758969	0.145196243679	0.0471947989405	0.0707921984108
lal-	0.567748680006	0.336175315138	0.0646409986593	0.0314350061973
bua-	0.201342281879	0.684563758389	0.10067114094	0.0134228187919
jas-	0.0380154639175	0.939755154639	0.0222293814433	0.0
bef-	0.245024810044	0.21981639982	0.457037909278	0.0781208808591
ipe-	0.567400815858	0.268780004995	0.0425504361419	0.121268743005
kib-	0.842105263158	0.0350877192982	0.105263157895	0.0175438596491
huf-	0.197183098592	0.276408450704	0.441021126761	0.0853873239436
mep-	0.167482152884	0.805566696078	0.0	0.0269511510387
gus-	0.0	1.0	0.0	0.0
nno-	0.0201898810239	0.0319673116212	0.181708929215	0.76613387814
gau-	0.0872615371373	0.704788445468	0.16480343738	0.0431465800148
him-	0.0	1.0	0.0	0.0
imi-	0.421859039837	0.348314606742	0.174668028601	0.0551583248212
tik-	0.119333333333	0.803333333333	0.00533333333333	0.0719999999999
puš-	0.130709768096	0.723120168658	0.0955727336613	0.0505973295854
rei-	0.682030728123	0.22578490314	0.0100200400802	0.0821643286573
egi-	0.0024	0.9976	0.0	0.0
iny-	0.5197482759	0.316365387383	0.105770614477	0.0581157222401
lai-	0.515921152388	0.338893100834	0.0966641394997	0.0485216072783
gel-	0.560747663551	0.158878504673	0.18691588785	0.0934579439252
sau-	0.0215392366797	0.971029096864	0.0	0.00743166645674
pef-	0.0973348783314	0.638470451912	0.250289687138	0.0139049826188
pri-	0.005	0.983	0.0	0.012
twe-	0.534759358289	0.347593582888	0.096256684492	0.0213903743315
tro-	0.00854700854701	0.987179487179	0.0042735042735	0.0
bom-	0.139840688842	0.539218197907	0.162249822611	0.158691290639
bit-	0.894381714671	0.0610876937098	0.00282153352586	0.041709058093
pop-	0.15	0.7375	0.0125	0.1
gol-	0.548497969431	0.320116224496	0.0813571470022	0.0500286590711
ela-	0.600500268001	0.276934071824	0.052528140075	0.0700375201001
uri-	0.0	1.0	0.0	0.0
jam-	0.0541516245487	0.927797833935	0.0180505415162	0.0
dup-	0.413793103448	0.560344827586	0.0258620689655	0.0
nag-	0.373543205843	0.35175796815	0.0378780773185	0.236820748689
bai-	0.0562383657832	0.793464948811	0.136743933552	0.013552751853
meb-	0.0461479860921	0.411067052129	0.291847351903	0.250937609876
sew-	0.41935483871	0.374193548387	0.129032258064	0.0774193548387
itu-	0.320197044335	0.386436462767	0.18575732938	0.107609163518
loš-	0.279916512059	0.393089053803	0.156539888683	0.170454545454
wiš-	0.574297188755	0.25702811245	0.0963855421686	0.0722891566265
klo-	0.0	1.0	0.0	0.0
fen-	0.543903194024	0.315069835932	0.0633099491419	0.0777170209018
rui-	0.447814451383	0.322033898305	0.190900981267	0.0392506690455
ras-	0.0442842430484	0.846549948507	0.0978372811534	0.0113285272915
mmi-	0.608926691793	0.233099045873	0.0295405928491	0.128433669485
upa-	0.701754385965	0.0350877192982	0.122807017544	0.140350877193
nal-	0.0313830776571	0.930508899474	0.00896659361632	0.029141429253
man-	0.0987353353504	0.415006101517	0.06899745299	0.417261110143
šol-	0.342102526775	0.187896433399	0.0218363314963	0.448164708329
rob-	0.511911524661	0.251907354009	0.0792783334652	0.156902787865
kes-	0.0346845560948	0.940051384528	0.0115615186983	0.0137025406794
šar-	0.716486902928	0.0986132511556	0.115562403698	0.0693374422188
woo-	0.100654407845	0.0518481010673	0.0865057130014	0.760991778087
rwe-	0.584978419042	0.306235037717	0.0543161180435	0.054470425197
tap-	0.27106481354	0.474433200574	0.247230500576	0.00727148531104
bip-	0.64093056811	0.276228065944	0.058134291892	0.0247070740541
uru-	0.0	1.0	0.0	0.0
tsu-	0.646017699115	0.176991150442	0.0796460176991	0.0973451327434
are-	0.171896316507	0.81173260573	0.012278308322	0.00409276944065
ame-	0.0465491292195	0.097505912707	0.0064502257579	0.849494732316
new-	0.816011402779	0.116165815417	0.0258938116166	0.0419289701865
nkh-	0.55683550954	0.241526889712	0.0538178649684	0.14781973578
šog-	0.0322580645161	0.903225806452	0.0645161290323	0.0
hut-	0.179425837321	0.336124401914	0.484449760766	0.0
ban-	0.0308238568029	0.572244513405	0.205336694521	0.191594935271
pam-	0.0	1.0	0.0	0.0
tlo-	0.299919641466	0.0354318149271	0.00682090705404	0.657827636553
mag-	0.0563556455546	0.745359805386	0.160560648597	0.0377239004621
agw-	0.490059179467	0.39291176275	0.0970809229337	0.0199481348494
job-	0.0	0.97609561753	0.0	0.0239043824701
nom-	0.0610687022901	0.832061068702	0.0	0.106870229008
gam-	0.134931924406	0.301158301158	0.113798008535	0.450111765901
yob-	0.154346060114	0.163281884647	0.609260763607	0.0731112916328
ket-	0.222545807548	0.634753063949	0.120616430045	0.0220846984589
afa-	0.473532448042	0.180446350269	0.0270179363374	0.319003265352
dru-	0.0	1.0	0.0	0.0
ife-	0.125	0.458333333333	0.208333333333	0.208333333333
hal-	0.10498960499	0.89501039501	0.0	0.0
meg-	0.1170912692	0.668241403932	0.17150427077	0.0431630560974
mon-	0.0523545964271	0.504519965662	0.0940308932311	0.34909454468
tou-	0.460926823208	0.304261398932	0.1304509877	0.10436079016
tho-	0.433070008751	0.272952837723	0.0753206943954	0.218656459131
ram-	0.078984358067	0.817634460751	0.0748533769965	0.0285278041851
nts-	0.476743913298	0.236055945787	0.129219261857	0.157980879059
fag-	0.730057156663	0.205555339073	0.0149448752644	0.0494426289995
pit-	0.340212619536	0.459387132629	0.162523393764	0.0378768540712
šik-	0.440572331461	0.386235955056	0.0668012640449	0.106390449438
