koi-	0.162645737124	0.741680299861	0.0434881650065	0.0521857980078
tut-	0.109271523179	0.711920529801	0.0	0.17880794702
mun-	0.478723404255	0.308510638298	0.170212765957	0.0425531914894
830-	0.0	1.0	0.0	0.0
950-	0.0	0.5	0.0	0.5
son-	0.0665815593191	0.305437494011	0.0233684581454	0.604612488524
maa-	0.0	1.0	0.0	0.0
uti-	0.636363636364	0.363636363636	0.0	0.0
ipu-	0.727272727273	0.245454545455	0.0	0.0272727272727
000-	0.0134061569018	0.00744786494537	0.00993048659388	0.969215491559
poy-	0.14301191766	0.765980498375	0.0130010834236	0.0780065005417
mah-	0.229299363057	0.160613970972	0.0145348230135	0.595551842957
tum-	0.351521004346	0.382584902624	0.0695316272332	0.196362465798
eno-	0.0	1.0	0.0	0.0
aku-	0.491525423729	0.508474576271	0.0	0.0
ite-	0.475798146241	0.264675592173	0.173017507724	0.086508753862
ruw-	0.0	1.0	0.0	0.0
ism-	1.0	0.0	0.0	0.0
ana-	0.381050529774	0.352967698303	0.103764774081	0.162216997842
puh-	0.909090909091	0.0454545454545	0.0	0.0454545454545
yal-	0.133458646616	0.172932330827	0.0	0.693609022556
sak-	0.0402258292167	0.0426252646436	0.643613267467	0.273535638673
uwa-	0.555555555555	0.444444444445	0.0	0.0
nun-	0.420726157165	0.542864848464	0.0364089943701	0.0
hat-	0.501766784452	0.26148409894	0.00706713780919	0.229681978799
kat-	0.495880080626	0.311159312984	0.0471954604164	0.145765145974
sun-	1.0	0.0	0.0	0.0
mil-	0.0	1.0	0.0	0.0
ast-	0.0	1.0	0.0	0.0
teh-	0.114279168777	0.0458058429318	0.0199000335503	0.82001495474
yer-	0.0167853509664	0.963377416073	0.0030518819939	0.0167853509664
yut-	0.0680161013692	0.893066008116	0.014793953083	0.0241239374315
ari-	0.312956304767	0.287545053401	0.0901913929829	0.30930724885
yau-	0.205059920106	0.323568575233	0.0	0.47137150466
ini-	0.861853662666	0.0601096365906	0.0183080407222	0.0597286600208
tus-	0.4	0.3	0.0	0.3
tai-	0.292576419214	0.458515283843	0.0196506550218	0.229257641921
hum-	0.437771238237	0.204339811791	0.247291659929	0.110597290043
uyi-	1.0	0.0	0.0	0.0
kum-	0.761290322581	0.0591397849463	0.0161290322581	0.163440860215
nor-	0.0468490356296	0.697589933417	0.0142869694434	0.24127406151
nen-	0.0	1.0	0.0	0.0
has-	0.212512413108	0.529294935452	0.188679245283	0.0695134061569
wai-	0.157575327395	0.629449551052	0.0958583241651	0.117116797388
ira-	0.592833957938	0.232349486125	0.0603891119277	0.114427444009
ate-	0.718199608611	0.187866927593	0.0352250489237	0.0587084148728
elp-	0.0	1.0	0.0	0.0
kam-	0.330129285309	0.46498589544	0.0551698536095	0.149714965642
sin-	0.155341975861	0.792802860975	0.0263746088511	0.0254805543138
kim-	0.342732098998	0.330174199273	0.0875093926541	0.239584309076
pat-	0.0507586206897	0.88524137931	0.0275862068966	0.0364137931034
roy-	0.0	0.230769230769	0.0	0.769230769231
maw-	0.0352345727078	0.0356239050029	0.0151839595094	0.91395756278
pwo-	0.13098680853	0.410885411028	0.120000360845	0.338127419596
kem-	0.0	1.0	0.0	0.0
lom-	0.537234042553	0.452127659574	0.0106382978723	0.0
saw-	0.0	1.0	0.0	0.0
430-	0.0	1.0	0.0	0.0
naa-	0.0	1.0	0.0	0.0
mwi-	0.0730004751995	0.863912694381	0.00901240434563	0.0540744260737
por-	0.0946847428448	0.513664729933	0.0266838820744	0.364966645147
pas-	0.0718820014936	0.894510828977	0.0168035847647	0.0168035847647
hor-	0.345742958886	0.630948527032	0.0	0.0233085140822
nge-	0.396551724138	0.0689655172414	0.051724137931	0.48275862069
nai-	0.292682926829	0.560975609756	0.0	0.146341463415
haa-	0.0	0.116666666667	0.275	0.608333333333
say-	0.413511939429	0.420500873617	0.0960978450787	0.0698893418753
tin-	0.224448799938	0.580850772815	0.0146069853928	0.180093441855
500-	0.0	0.0	0.0	1.0
oro-	0.5	0.0	0.0	0.5
sap-	0.0275049115914	0.960707269155	0.00589390962672	0.00589390962672
asi-	0.63956043956	0.116483516484	0.0131868131868	0.230769230769
nan-	0.274509803922	0.59477124183	0.0915032679738	0.0392156862745
pok-	0.305732484076	0.694267515924	0.0	0.0
usi-	0.285714285714	0.357142857143	0.214285714286	0.142857142857
amu-	0.471443406023	0.273104880581	0.0934579439252	0.16199376947
yis-	0.0193178356734	0.925681005777	0.00415515710711	0.0508460014423
mel-	0.174217940585	0.325424732061	0.0364371540688	0.463920173285
kri-	0.0143737166324	0.94045174538	0.0451745379877	0.0
hah-	0.0	0.25	0.25	0.5
mir-	0.666666666667	0.333333333333	0.0	0.0
isa-	0.457154487333	0.125962247052	0.0199544893244	0.396928776291
yom-	0.242677824268	0.556485355648	0.200836820084	0.0
yah-	0.0	0.8	0.0	0.2
ita-	0.460987700572	0.0862831679153	0.015036449573	0.43769268194
tuh-	0.563636363636	0.204545454546	0.0272727272727	0.204545454545
hol-	0.0	1.0	0.0	0.0
7.5-	0.0	1.0	0.0	0.0
hur-	0.519570547516	0.118335756744	0.0459846324019	0.316109063338
sor-	0.418960244648	0.360856269113	0.201834862385	0.0183486238532
ura-	0.551795982999	0.265688807401	0.0700058338195	0.112509375781
kom-	0.0492813141683	0.862422997947	0.075975359343	0.0123203285421
amr-	0.0	1.0	0.0	0.0
yih-	0.18447302007	0.0867684172575	0.0228337940152	0.705924768658
ali-	0.157613194931	0.126769831667	0.0362563416757	0.679360631726
non-	0.18063508424	0.137040022845	0.0292501307082	0.653074762207
sou-	0.594696969697	0.299242424242	0.0	0.106060606061
wor-	0.314222712238	0.177692024991	0.074421168688	0.433664094083
mal-	0.122579756159	0.289912491797	0.0473713222928	0.540136429751
pek-	0.220258405921	0.669223241991	0.0778298254138	0.0326885266738
anm-	0.642857142857	0.285714285714	0.0	0.0714285714285
nin-	0.0	1.0	0.0	0.0
hui-	0.64787339268	0.0949554896143	0.0233149639678	0.233856153737
atp-	0.0	1.0	0.0	0.0
uni-	0.534482758621	0.333333333333	0.0114942528736	0.120689655172
toy-	0.0	0.0	1.0	0.0
tuw-	1.0	0.0	0.0	0.0
sir-	0.214285714286	0.653846153846	0.131868131868	0.0
hep-	0.0	1.0	0.0	0.0
ump-	0.0	0.555555555556	0.444444444444	0.0
and-	0.162089140178	0.0390161239747	0.00358103363554	0.795313702212
apa-	0.145486812094	0.786042675338	0.00312650742322	0.0653440051453
ALL	0.241577368149	0.266140873963	0.0414275812025	0.450854176686
san-	0.0669382826045	0.485306482495	0.115876354761	0.33187888014
puk-	0.368421052632	0.0	0.315789473684	0.315789473684
ine-	0.435483870968	0.112903225806	0.016129032258	0.435483870968
arp-	0.0	1.0	0.0	0.0
uku-	0.461538461538	0.307692307692	0.0	0.230769230769
per-	0.0	1.0	0.0	0.0
sok-	0.492026448853	0.249319331	0.0233372228705	0.235316997277
kui-	0.617842876165	0.119840213049	0.0186418109188	0.243675099867
mor-	0.222222222222	0.592592592593	0.074074074074	0.111111111111
595-	0.0	0.0	0.666666666667	0.333333333333
162-	0.0	0.0	0.0	1.0
yuh-	0.148648648649	0.27027027027	0.0540540540541	0.527027027027
umb-	0.496644295302	0.302013422819	0.0402684563757	0.161073825503
ata-	0.416285762654	0.324360927713	0.0436769933976	0.215676316235
loh-	0.326923433187	0.339438588258	0.0412094415318	0.292428537024
lum-	0.0034924330617	0.225844004657	0.0	0.770663562282
mes-	0.0	1.0	0.0	0.0
num-	0.0526186979931	0.86988089411	0.00815793767336	0.0693424702236
anh-	0.314606741573	0.426966292135	0.157303370787	0.101123595506
haw-	0.158479412964	0.33499796168	0.0122299225438	0.494292702813
ami-	0.0	1.0	0.0	0.0
175-	0.0	0.0	0.0	1.0
kur-	0.336520846335	0.1219173394	0.0346667203511	0.506895093914
kei-	0.181190104747	0.439491865389	0.0267439269	0.352574102964
tek-	0.0439024390244	0.746341463415	0.0	0.209756097561
119-	0.0	0.0	0.0	1.0
tal-	0.250354274917	0.376476145489	0.0631253489071	0.310044230687
ehe-	0.12987012987	0.0259740259741	0.0	0.844155844156
105-	0.0	0.333333333333	0.0	0.666666666667
paa-	0.153846153846	0.661538461538	0.153846153846	0.0307692307692
kos-	0.027397260274	0.904109589041	0.0410958904109	0.0273972602739
meh-	0.0	1.0	0.0	0.0
782-	0.0	0.0	0.0	1.0
uhi-	0.272727272727	0.545454545455	0.181818181818	0.0
pon-	0.265037593985	0.516917293233	0.161654135338	0.0563909774436
wop-	0.0999999999999	0.9	0.0	0.0
esk-	0.0	1.0	0.0	0.0
127-	0.0	0.666666666667	0.0	0.333333333333
rap-	0.583120204604	0.37084398977	0.0153452685422	0.0306905370844
sik-	0.391883519207	0.480328376704	0.0681536555142	0.059634448575
pwe-	0.0561316996067	0.0747937921857	0.00289953625991	0.866174971948
nga-	0.224192752782	0.330809695445	0.0528105554739	0.392186996299
tol-	0.615183246073	0.275741710297	0.0392670157068	0.0698080279231
lai-	0.0	0.333333333333	0.666666666667	0.0
iku-	0.709886547812	0.12641815235	0.0680713128037	0.0956239870342
pin-	0.115989127595	0.72807528178	0.0462031379632	0.109732452662
ela-	0.0	1.0	0.0	0.0
ili-	0.571428571429	0.428571428571	0.0	0.0
lam-	0.0162162162162	0.908108108108	0.0756756756756	0.0
til-	0.537634408602	0.462365591398	0.0	0.0
set-	0.0	1.0	0.0	0.0
hih-	0.583657587549	0.0661478599222	0.175097276265	0.175097276265
yem-	0.0	1.0	0.0	0.0
ray-	0.407360406091	0.352791878173	0.0342639593909	0.205583756345
pur-	0.19944598338	0.720775623269	0.0398891966759	0.0398891966759
rak-	0.517412935324	0.378109452736	0.0298507462686	0.0746268656716
upi-	0.5	0.5	0.0	0.0
kis-	0.528672403659	0.161867313418	0.0412436318599	0.268216651063
12.-	0.0	1.0	0.0	0.0
iyn-	1.0	0.0	0.0	0.0
ahu-	0.0	1.0	0.0	0.0
130-	0.0	1.0	0.0	0.0
hal-	0.591240875912	0.408759124088	0.0	0.0
ter-	0.0	1.0	0.0	0.0
wen-	0.1	0.5	0.2	0.2
iyi-	0.619918338363	0.245872536837	0.0447363749334	0.0894727498668
puy-	0.15737704918	0.704918032787	0.137704918033	0.0
137-	0.333333333333	0.0	0.0	0.666666666667
nam-	0.173115894731	0.308368039181	0.0866798599675	0.43183620612
ale-	0.119337016575	0.314917127072	0.0	0.565745856354
ker-	0.0239043824701	0.97609561753	0.0	0.0
soy-	0.0755674689175	0.201665335919	0.578419071518	0.144348123645
won-	0.437483408548	0.0281391027343	0.00292009556676	0.531457393151
tok-	0.350877192982	0.301302035577	0.0372883428082	0.310532428633
ula-	0.181818181818	0.818181818182	0.0	0.0
yip-	0.0	1.0	0.0	0.0
kon-	0.281586782405	0.304105338198	0.0402566360548	0.374051243343
hak-	0.158422492614	0.434640523882	0.0414504836967	0.365486499808
imu-	0.393990114287	0.0864346052253	0.214975024191	0.304600256296
mut-	0.645161290323	0.193548387097	0.0967741935484	0.0645161290323
eto-	0.0	1.0	0.0	0.0
awo-	0.760869565217	0.239130434783	0.0	0.0
waw-	0.0880760466057	0.0379862796806	0.0103375641556	0.863600109558
tuk-	0.36557509759	0.254776757248	0.0664485547562	0.313199590406
mul-	0.242507990397	0.189270355804	0.304386577542	0.263835076257
pan-	0.0110088136037	0.933947118378	0.0	0.0550440680187
777-	0.0	0.0	0.0	1.0
nim-	0.305948320548	0.416539032582	0.00911931225814	0.268393334612
tor-	0.330902431132	0.0697392609525	0.0317610041242	0.567597303792
rik-	0.649214659686	0.240837696335	0.0	0.109947643979
tul-	0.5	0.25	0.25	0.0
yam-	0.336633663366	0.128712871287	0.0	0.534653465347
aye-	0.348837209303	0.372093023256	0.186046511628	0.0930232558139
ina-	0.598746081505	0.109717868339	0.0376175548589	0.253918495298
mai-	0.0	1.0	0.0	0.0
pen-	0.0	0.991573033708	0.0	0.00842696629213
pra-	0.0	1.0	0.0	0.0
ape-	0.0	0.963302752294	0.0	0.0366972477064
epo-	0.0	1.0	0.0	0.0
umu-	0.5	0.166666666667	0.111111111111	0.222222222222
ipo-	0.542066395196	0.16052177514	0.0817447718959	0.215667057768
hul-	0.592607655033	0.307996450057	0.0491597025368	0.0502361923734
yup-	0.0	1.0	0.0	0.0
atm-	0.0	1.0	0.0	0.0
yor-	0.115053576363	0.506294071292	0.0922004687292	0.286451883616
nal-	0.0357609494801	0.751538703918	0.0129314147674	0.199768931835
awi-	0.603625377644	0.0628398791541	0.00362537764351	0.329909365559
api-	0.0197530864197	0.930864197531	0.0197530864198	0.0296296296296
ino-	0.5	0.214932126697	0.210407239819	0.0746606334842
mim-	0.524625267666	0.0802997858672	0.125267665953	0.269807280514
koy-	0.35649915992	0.451046280739	0.0332976936001	0.15915686574
yes-	0.0184735725848	0.49917430275	0.00226581939991	0.480086305265
men-	0.13625676831	0.321922200057	0.356226845255	0.185594186378
sah-	0.202071132141	0.186091610751	0.0294767870302	0.582360470077
pun-	0.0	0.428571428571	0.0	0.571428571429
yar-	0.0	1.0	0.0	0.0
ito-	0.655609756098	0.282926829268	0.0234146341464	0.0380487804878
tur-	0.273925385239	0.225263584753	0.127737226277	0.373073803731
tah-	0.0993898275633	0.0739875396763	0.0108746875239	0.815747945236
kes-	0.24	0.76	0.0	0.0
kun-	0.447104331405	0.256244225853	0.0754944788155	0.221156963927
ndr-	0.14638937405	0.466703998601	0.032769329962	0.354137297386
har-	0.108005427408	0.520488466757	0.100407055631	0.271099050204
kan-	0.431149457956	0.331096796944	0.094933419829	0.142820325271
kuk-	0.284482758621	0.327586206897	0.0517241379312	0.336206896552
sey-	0.0740740740741	0.925925925926	0.0	0.0
pwa-	0.145794545474	0.565363802317	0.0457491605065	0.243092491702
uya-	0.5	0.5	0.0	0.0
luh-	0.0425411230857	0.488088485536	0.37577992059	0.0935904707884
uhu-	0.616279069768	0.209302325581	0.0348837209303	0.139534883721
kow-	0.297844546048	0.499020248204	0.0391900718484	0.163945133899
met-	0.00379506641366	0.996204933586	0.0	0.0
100-	0.0	1.0	0.0	0.0
kuw-	0.533519553073	0.276536312849	0.122905027933	0.0670391061452
opw-	0.299401197605	0.251497005988	0.0	0.449101796407
iho-	0.241160315826	0.177480260899	0.126501888088	0.454857535187
lol-	0.431034482759	0.174568965517	0.0775862068965	0.316810344828
ken-	0.184393213795	0.525077031592	0.0338753387534	0.256654415859
uik-	0.289940828402	0.325443786983	0.0	0.384615384615
hil-	0.238423041709	0.151262847033	0.0160050114616	0.594309099796
ilu-	0.739669421488	0.103305785124	0.0640495867768	0.0929752066115
mat-	0.345926423242	0.276716727664	0.0249997990703	0.352357050024
sih-	0.159224183839	0.161631481095	0.0130797522321	0.666064582834
aka-	0.53552318642	0.305466656982	0.0246450072491	0.134365149349
kiw-	0.440475512934	0.216726900202	0.0764420477505	0.266355539114
anr-	0.0	1.0	0.0	0.0
mem-	0.2801049396	0.49445447511	0.0351128699214	0.190327715369
par-	0.0267808327838	0.0882637937008	0.00880143927706	0.876153934238
187-	0.0	0.0	0.0	1.0
ala-	0.248493975904	0.10843373494	0.210843373494	0.432228915663
nah-	0.18485915493	0.56338028169	0.0	0.25176056338
pom-	0.693950177936	0.186832740213	0.0177935943061	0.101423487544
ayi-	0.565656565657	0.373737373737	0.0	0.0606060606061
912-	0.0	0.25	0.0	0.75
raw-	0.557446808511	0.263829787234	0.0510638297872	0.127659574468
her-	0.0286997753931	0.828633225189	0.0382663671908	0.104400632227
ipa-	0.708415846511	0.0202609240812	0.00216939167471	0.269153837733
kin-	0.428038111291	0.270805290795	0.0913177043742	0.20983889354
reu-	0.0	1.0	0.0	0.0
150-	0.3	0.7	0.0	0.0
iyu-	0.14406779661	0.0762711864407	0.779661016949	0.0
ona-	0.0	0.909090909091	0.0909090909091	0.0
iro-	0.482171176395	0.0350399324304	0.0110081203653	0.47178077081
ser-	0.0	1.0	0.0	0.0
205-	0.0	1.0	0.0	0.0
hay-	0.0695491302189	0.414169496657	0.0522035437854	0.464077829338
mis-	0.0	1.0	0.0	0.0
962-	0.0	0.333333333333	0.0	0.666666666667
ran-	0.776094276094	0.205387205387	0.003367003367	0.0151515151515
yum-	0.214285714286	0.714285714286	0.0	0.0714285714287
yai-	0.0264317180617	0.973568281938	0.0	0.0
yon-	0.0617059891107	0.742649727768	0.0595281306715	0.13611615245
yin-	0.380281690141	0.225352112676	0.225352112676	0.169014084507
was-	0.208691499522	0.29847182426	0.0573065902579	0.43553008596
iwi-	0.794295900178	0.0204396910279	0.0218657159834	0.16339869281
sos-	0.11309627994	0.417554158308	0.43542067777	0.0339288839821
isi-	0.647678780099	0.150490550334	0.0647626761885	0.137067993379
nep-	0.144136078782	0.18442256043	0.0134288272158	0.658012533572
tat-	0.416271433783	0.550893834367	0.0109449106166	0.0218898212332
ame-	0.0	1.0	0.0	0.0
aru-	0.875	0.0	0.125	0.0
ron-	0.64	0.341538461538	0.0	0.0184615384615
nom-	0.195938724617	0.714998218739	0.0192376202352	0.069825436409
kip-	0.463045096393	0.232631171062	0.0501003074309	0.254223425114
pot-	0.206801470588	0.682904411765	0.0551470588236	0.0551470588235
mam-	0.371915113958	0.287338082631	0.109239416388	0.231507387023
utu-	0.428571428571	0.0	0.571428571429	0.0
esa-	0.00985221674878	0.967980295566	0.0	0.0221674876847
hiy-	0.221140673861	0.101728871754	0.15135864696	0.525771807425
209-	0.0	0.0	0.0	1.0
sis-	0.164750957854	0.800766283525	0.0	0.0344827586207
huh-	0.641030326625	0.156082407062	0.0754153325441	0.127471933769
905-	0.0	0.75	0.0	0.25
pai-	0.0842755109402	0.378502890948	0.0616323291455	0.475589268966
mos-	0.0483759502419	0.932964754665	0.00829302004146	0.0103662750518
kok-	0.143194866599	0.558932792975	0.0547112462006	0.243161094225
sur-	0.0590204369274	0.0557904627672	0.0041108762039	0.881078224101
yaw-	0.169811320755	0.792452830189	0.0377358490566	0.0
map-	0.178082220022	0.286516616054	0.116604889609	0.418796274314
hip-	0.0	0.914893617021	0.0851063829786	0.0
nar-	0.0861244019138	0.555023923445	0.33014354067	0.0287081339713
sal-	0.0107719928187	0.964093357271	0.0107719928187	0.0143626570916
asu-	0.4	0.2	0.4	0.0
kiy-	0.280799846983	0.0802680936965	0.0101865439795	0.628745515341
anl-	0.214285714286	0.142857142858	0.0	0.642857142857
sek-	0.0368098159509	0.944785276074	0.0	0.0184049079755
400-	0.0	1.0	0.0	0.0
soh-	0.262965668371	0.642074506939	0.0511322132944	0.0438276113952
ind-	0.100720845265	0.106053125309	0.0173792831046	0.775846746322
yan-	0.0257731958763	0.843642611684	0.0429553264604	0.0876288659794
yew-	0.0	1.0	0.0	0.0
tun-	0.18610199821	0.55800775425	0.209364747987	0.0465254995527
upw-	0.385892324263	0.108044205447	0.0499703606211	0.456093109669
sul-	0.179211469534	0.679211469534	0.0878136200716	0.0537634408602
enm-	0.0	1.0	0.0	0.0
mui-	0.229885057471	0.137931034483	0.0	0.632183908046
lok-	0.352402745996	0.272311212815	0.226544622425	0.148741418764
yow-	0.0552445297342	0.163257214452	0.0111319804276	0.770366275386
kar-	0.54707233604	0.267844528736	0.0598772518231	0.125205883401
sel-	0.0320041972717	0.905036726128	0.0	0.0629590766004
kay-	0.566367931358	0.140924460398	0.0252621805088	0.267445427736
kus-	0.560453400504	0.23016372796	0.0377833753149	0.171599496222
ati-	0.52393999724	0.187774733398	0.0115314107745	0.276753858587
sat-	0.279315557369	0.150509917256	0.0125928116034	0.557581713772
rou-	0.0	0.0229885057471	0.0	0.977011494253
ete-	0.0	1.0	0.0	0.0
not-	0.0	1.0	0.0	0.0
yiy-	0.0231648741316	0.0286250758186	0.00136189788036	0.946848152169
tak-	0.415167095116	0.47557840617	0.0398457583547	0.0694087403599
403-	0.0	0.0	0.0	1.0
365-	0.0	0.0	0.0	1.0
tay-	0.137979105116	0.693150945339	0.0576629096007	0.111207039944
kop-	0.340969632392	0.273308470964	0.274906766116	0.110815130527
kak-	0.387530632017	0.332079557759	0.103721433863	0.176668376361
sue-	0.0	1.0	0.0	0.0
ihu-	1.0	0.0	0.0	0.0
kik-	0.588508443923	0.223855610138	0.035070997385	0.152564948554
rep-	0.00710059171598	0.610650887574	0.0	0.38224852071
ani-	0.539610484698	0.260653097086	0.0405915946698	0.159144823547
sil-	0.0774328566446	0.678409487269	0.104638995466	0.139518660621
ake-	0.631578947368	0.210526315789	0.0	0.157894736842
ngi-	0.042651990135	0.795381999745	0.00651842294486	0.155447587175
ipe-	0.237647058823	0.494117647059	0.0705882352941	0.197647058824
ano-	0.42164045747	0.301912080057	0.132416011437	0.144031451036
mep-	0.110647070458	0.0225934547446	0.00158230255451	0.865177172243
tik-	0.246238325839	0.112071947423	0.064856451055	0.576833275683
600-	0.571428571429	0.0	0.285714285714	0.142857142857
pri-	0.0260586319218	0.855863192182	0.118078175896	0.0
oho-	0.0	0.909836065574	0.0901639344265	0.0
kit-	0.491918080959	0.245200217885	0.060055352536	0.202826348621
pop-	0.344827586207	0.162561576355	0.197044334975	0.295566502463
weh-	0.142857142857	0.428571428571	0.0	0.428571428571
iyo-	0.853511280585	0.00826183666985	0.0861137591357	0.0521131236098
sow-	0.336048879837	0.547861507128	0.061099796334	0.0549898167006
tiy-	0.505957836847	0.310724106324	0.0348304307974	0.148487626031
yen-	0.3	0.7	0.0	0.0
itu-	0.534264244056	0.207492148946	0.0328061911171	0.225437415882
eli-	0.0	1.0	0.0	0.0
uso-	0.630136986301	0.215753424657	0.13698630137	0.0171232876712
yek-	0.0961538461539	0.788461538462	0.0	0.115384615385
ras-	0.84126984127	0.0793650793651	0.015873015873	0.0634920634921
upa-	0.502003434459	0.0927303949628	0.130509444762	0.274756725816
tir-	0.72673152316	0.0687769227046	0.195053482406	0.00943807172934
las-	0.0	1.0	0.0	0.0
uko-	0.65564738292	0.220385674931	0.0	0.123966942149
lek-	0.356117923298	0.528828593791	0.032872423689	0.0821810592226
iko-	0.599497802888	0.248587570621	0.0954174513496	0.0564971751412
hop-	0.0	1.0	0.0	0.0
ain-	0.266666666667	0.733333333333	0.0	0.0
tap-	0.255317686677	0.223703652795	0.0058417236521	0.515136936875
amw-	0.318584070796	0.495575221239	0.0	0.185840707965
uru-	0.593429158111	0.123203285421	0.0554414784395	0.227926078029
930-	0.0	0.5	0.0	0.5
sol-	0.121951219512	0.0731707317073	0.80487804878	0.0
mow-	0.0	1.0	0.0	0.0
uye-	0.0	0.0	0.0	1.0
iso-	0.680855112451	0.149469031082	0.0493350995704	0.120340756896
hut-	0.562656661611	0.183731140736	0.0573161970145	0.196296000639
147-	0.0	0.0	0.0	1.0
ika-	0.111111111111	0.666666666667	0.0740740740741	0.148148148148
ket-	0.0184049079755	0.981595092025	0.0	0.0
hok-	0.0	0.666666666667	0.333333333333	0.0
taw-	0.315497223624	0.199394245331	0.0545179202423	0.430590610803
mon-	0.208955223881	0.28550794415	0.0606644198363	0.444872412133
tou-	0.0574896199297	0.0482274033855	0.11977004152	0.774512935165
alo-	0.493953488372	0.329302325581	0.10976744186	0.066976744186
ram-	0.385953812085	0.272382157545	0.303701360329	0.0379626700411
pit-	0.225433526012	0.537572254335	0.0520231213873	0.184971098266
lap-	0.0389610389611	0.821178821179	0.0959040959042	0.0439560439559
hit-	0.105105935719	0.290258339326	0.445317253969	0.159318470985
man-	0.214780244601	0.233961259325	0.0670175914056	0.484240904668
wiy-	0.116885827593	0.754539762054	0.0	0.128574410353
182-	0.0	0.0	0.0	1.0
sip-	0.024197656648	0.925496688742	0.0312022414672	0.0191034131431
huk-	0.585850226537	0.198047863074	0.124911009262	0.0911909011277
yos-	0.0315331215437	0.807977409107	0.00847158489235	0.152017884457
ing-	0.401668527732	0.250477933224	0.162468064707	0.185385474338
rup-	0.0161290322581	0.983870967742	0.0	0.0
ten-	0.699651264167	0.0156931124673	0.00261551874455	0.282040104621
yep-	0.0	1.0	0.0	0.0
pet-	0.0282791817088	0.954873646209	0.0	0.0168471720818
his-	0.576509124941	0.168460458587	0.0491343004212	0.205896116051
sai-	0.0777013354917	0.701740186159	0.0133549170376	0.207203561311
ipw-	0.816939038155	0.0709192616873	0.0288432924792	0.0832984076785
uwo-	0.6	0.2	0.0	0.2
yas-	0.435114503817	0.335877862595	0.0687022900764	0.160305343511
suw-	0.293680569993	0.592064383581	0.04284564241	0.0714094040166
amb-	0.41730868002	0.185285053929	0.0147663071392	0.382639958911
nop-	0.232952579096	0.518354802679	0.0763391897713	0.172353428453
way-	0.253664484322	0.615129747926	0.0656028838763	0.0656028838762
atu-	0.0923076923076	0.907692307692	0.0	0.0
aro-	0.224883804076	0.164938624717	0.0200214515553	0.590156119652
awa-	0.391891891892	0.162162162162	0.182432432432	0.263513513514
ere-	0.0	1.0	0.0	0.0
ima-	0.604175710942	0.232458721022	0.0971886684421	0.0661768995944
lot-	0.0431432973806	0.956856702619	0.0	0.0
kuy-	0.405267418998	0.198902896419	0.096042826694	0.299786857889
300-	0.115183246073	0.497382198953	0.0837696335078	0.303664921466
tis-	0.363841758407	0.347012473323	0.0397575431372	0.249388225133
lep-	0.0699481865285	0.813471502591	0.0971502590674	0.0194300518135
ell-	0.0	1.0	0.0	0.0
ewa-	0.0	0.857142857143	0.0	0.142857142857
ilo-	0.524348747699	0.174708540191	0.181290790428	0.119651921682
ihi-	0.573932136113	0.13785951848	0.0481888051463	0.240019540261
wak-	0.0	0.571428571428	0.0	0.428571428572
now-	0.0573110981256	0.888749044815	0.041803389221	0.0121364678384
tan-	0.147502960572	0.101763903309	0.031162597304	0.719570538815
ley-	0.0483870967742	0.816129032258	0.00483870967741	0.13064516129
aha-	0.526974242066	0.23041280344	0.0771950309753	0.165417923518
kup-	0.555831217413	0.224109859865	0.118882406528	0.101176516194
epa-	0.0	1.0	0.0	0.0
ipi-	0.233606557377	0.590676229508	0.0604508196721	0.115266393443
niw-	0.131520614748	0.441111275307	0.283729865524	0.143638244421
ang-	0.0212816761986	0.940745136859	0.0058420287604	0.0321311581822
nik-	0.0	0.8	0.2	0.0
rop-	0.685920577617	0.162454873646	0.129963898917	0.0216606498195
lah-	0.277879341865	0.280926264473	0.310786106033	0.13040828763
pwi-	0.0898296451198	0.0467814037348	0.00422797508174	0.859160976064
ngu-	0.406880189798	0.363780150257	0.0711743772242	0.15816528272
pis-	0.0491573033709	0.877808988764	0.00280898876405	0.070224719101
wal-	0.161614265603	0.190971374941	0.0132332238386	0.634181135617
ton-	0.27863832853	0.643191642651	0.00302593659942	0.075144092219
ant-	0.547169811321	0.0485175202156	0.0727762803235	0.33153638814
nak-	0.438563036172	0.345189584161	0.0555536296397	0.160693750027
kih-	0.410291337893	0.251640893057	0.0845169422626	0.253550826788
pol-	0.318396226415	0.615566037736	0.0377358490566	0.0283018867925
pih-	0.0561086162318	0.609804352605	0.0567366977567	0.277350333407
aya-	0.539396773439	0.197860649988	0.0113981762918	0.251344400281
sar-	0.00774526678141	0.82099827883	0.0	0.171256454389
mar-	0.369771396184	0.28352541092	0.109163045532	0.237540147364
110-	0.0	0.0	0.0	1.0
uma-	0.483870967742	0.354838709677	0.0645161290323	0.0967741935483
kah-	0.425242812886	0.45424248324	0.0341435835164	0.0863711203576
nap-	0.414922656961	0.421292083712	0.0709736123749	0.0928116469518
yit-	0.0	1.0	0.0	0.0
ses-	0.579710144927	0.369565217391	0.0289855072464	0.0217391304348
wul-	0.238207220916	0.290496610873	0.0939272375156	0.377368930696
wir-	0.649350649351	0.145743145743	0.024531024531	0.180375180375
840-	0.0	0.0	0.0	1.0
han-	0.269401430771	0.36611428054	0.0824051435298	0.28207914516
mip-	0.482288095718	0.367143913423	0.0799892451435	0.0705787457148
ayo-	0.739023329952	0.173171917974	0.0878047520736	0.0
ank-	0.272727272727	0.727272727273	0.0	0.0
leh-	0.333333333333	0.416666666667	0.166666666667	0.0833333333333
upo-	0.835734870317	0.0778097982711	0.0	0.0864553314122
uro-	0.5	0.03515625	0.03515625	0.4296875
top-	0.401299445825	0.227785209249	0.0217848270591	0.349130517867
nes-	0.211462450593	0.5395256917	0.0415019762846	0.207509881423
key-	0.120733165095	0.672068003719	0.0454243591447	0.161774472041
sop-	0.262295081967	0.737704918033	0.0	0.0
nol-	0.170212765957	0.659574468085	0.0212765957447	0.148936170213
iru-	0.908536585366	0.0548780487805	0.0365853658537	0.0
tas-	0.342592592593	0.5	0.0	0.157407407407
amp-	0.301960784314	0.603921568628	0.0	0.0941176470588
318-	0.0	0.428571428571	0.0	0.571428571429
iwe-	0.263157894737	0.421052631579	0.315789473684	0.0
wel-	0.47909270217	0.164003944773	0.127021696252	0.229881656805
iyk-	0.550860466995	0.0979235679083	0.0106649430395	0.340551022057
akk-	0.0	1.0	0.0	0.0
huy-	0.467033357832	0.117475520994	0.0157266254139	0.39976449576
pow-	0.072	0.904	0.0	0.024
alk-	0.684261163825	0.159727290823	0.0574779377612	0.0985336075908
how-	0.0226016373942	0.0161640193129	0.897417955357	0.0638163879364
sit-	0.0	1.0	0.0	0.0
soi-	0.670658682635	0.25748502994	0.0179640718563	0.0538922155689
lus-	0.0	1.0	0.0	0.0
ulo-	0.510638297873	0.234042553191	0.0	0.255319148936
sus-	0.328491620112	0.515083798883	0.116201117318	0.0402234636872
mot-	0.0	0.370751802266	0.585993820803	0.043254376931
koh-	0.364576178047	0.503194120071	0.0755598296469	0.0566698722352
ena-	0.0	1.0	0.0	0.0
bla-	0.269230769231	0.567307692308	0.0192307692308	0.144230769231
yat-	0.37223042836	0.260134580666	0.197603807648	0.170031183325
pah-	0.272806973518	0.476375316752	0.0436538997519	0.207163809977
huw-	0.710035484182	0.140512711569	0.00920132376909	0.14025048048
uno-	0.266666666666	0.2	0.133333333333	0.4
raa-	0.0	1.0	0.0	0.0
mak-	0.0700908585203	0.759688485073	0.0368996847766	0.13332097163
uto-	0.357142857143	0.642857142857	0.0	0.0
sam-	0.0	1.0	0.0	0.0
hon-	0.350116705568	0.290430143381	0.163387795932	0.196065355118
hup-	0.58230765181	0.0970750952377	0.028363996893	0.29225325606
207-	0.0	1.0	0.0	0.0
seh-	0.226493759093	0.0518785464156	0.0	0.721627694492
yet-	0.0	1.0	0.0	0.0
imw-	0.350821040913	0.189396047871	0.211383245199	0.248399666017
nih-	0.186348312012	0.669560799889	0.0415646792592	0.102526208839
poh-	0.225038440622	0.528012682346	0.0862723433622	0.160676533669
nay-	0.215189873418	0.607594936709	0.0506329113924	0.126582278481
may-	0.069361396795	0.150681655106	0.0215259507295	0.758430997369
uta-	0.619047619048	0.285714285714	0.0	0.0952380952381
wih-	0.129529683886	0.238242097147	0.555127216654	0.077101002313
kas-	0.49824967113	0.263166297841	0.0575811113463	0.181002919683
hel-	0.0	0.454545454545	0.0	0.545454545455
sum-	0.344632768362	0.549905838042	0.0433145009416	0.0621468926553
ime-	0.332284104178	0.52698380464	0.0938213941209	0.0469106970605
yop-	0.128518971848	0.798041615667	0.0367197062424	0.0367197062423
ara-	0.407345808719	0.0192382889373	0.0042572973668	0.569158604977
sem-	0.123943661972	0.842253521127	0.00563380281691	0.0281690140845
sua-	0.0	1.0	0.0	0.0
amo-	0.0	1.0	0.0	0.0
isu-	0.6015625	0.3359375	0.03515625	0.02734375
hun-	0.607055369142	0.119030855321	0.16126582583	0.112647949708
rot-	0.408376963351	0.418848167539	0.0	0.17277486911
kul-	0.234812861936	0.487321047844	0.0573034180793	0.220562672141
kek-	0.521739130435	0.0434782608696	0.0434782608695	0.391304347826
nos-	0.0	1.0	0.0	0.0
ass-	0.0869565217391	0.913043478261	0.0	0.0
imb-	0.4933278469	0.146069078532	0.109403819569	0.251199255
kal-	0.140931020126	0.659693875205	0.0406732816007	0.158701823068
ngo-	0.109920167482	0.61825383849	0.05475369509	0.217072298938
mwo-	0.217963034825	0.343013424777	0.142584337026	0.296439203372
kil-	0.0600338778376	0.0319886148198	0.00982156280501	0.898155944538
iwo-	0.594024908136	0.114009578391	0.0620773693295	0.229888144143
res-	0.0	1.0	0.0	0.0
pau-	0.0	1.0	0.0	0.0
sim-	0.00374765771393	0.996252342286	0.0	0.0
let-	0.0	1.0	0.0	0.0
mas-	0.132860189276	0.113461468772	0.0669452381284	0.686733103823
yim-	0.153477218225	0.314148681055	0.0791366906475	0.453237410072
any-	0.577319587629	0.40206185567	0.0	0.020618556701
aso-	0.584864600451	0.188785344858	0.0435288566714	0.18282119802
nat-	0.0526315789474	0.315789473684	0.0	0.631578947369
apo-	0.60802796679	0.310818403146	0.0174792433985	0.0636743866658
reh-	0.0	1.0	0.0	0.0
nas-	0.202103337906	0.746684956562	0.032007315958	0.0192043895747
pil-	0.0252426807836	0.94513924043	0.0195210064727	0.0100970723134
hin-	0.141313523882	0.637682413451	0.127517333189	0.0934867294783
pos-	0.0	1.0	0.0	0.0
usa-	0.351323828921	0.153598099117	0.0504073319756	0.444670739986
pee-	0.12037037037	0.768518518519	0.0185185185185	0.0925925925925
ile-	0.352803738318	0.253894080997	0.104361370717	0.288940809969
hos-	0.053412462908	0.919881305638	0.0	0.026706231454
ako-	0.56734006734	0.250841750842	0.070707070707	0.111111111111
mit-	0.0	0.931034482759	0.0	0.0689655172413
anw-	0.333333333333	0.583333333333	0.0	0.0833333333333
asa-	0.558484551251	0.233079941148	0.0128739578225	0.195561549779
yok-	0.0918918918919	0.908108108108	0.0	0.0
puw-	0.0	1.0	0.0	0.0
sep-	0.173469387755	0.765306122449	0.0	0.0612244897959
iwa-	0.515650296816	0.213167835942	0.147328656233	0.123853211009
pik-	0.0	0.957307060755	0.0426929392446	0.0
anp-	0.231040432076	0.485409946741	0.054009451654	0.22954016953
yeh-	0.0	0.0	0.0909090909091	0.909090909091
tom-	0.0110096922932	0.546720617296	0.0056459960478	0.436623694363
tep-	0.127659574468	0.872340425532	0.0	0.0
800-	0.0	0.0	0.0	1.0
noh-	0.0525630401326	0.837397892743	0.0413756363206	0.0686634308038
iri-	0.607792451943	0.109272923814	0.0404192320346	0.242515392208
iye-	0.214092683061	0.092456456063	0.0182965528657	0.675154308011
som-	0.133927200123	0.484564583013	0.26048226079	0.121025956074
luw-	0.282442748092	0.545038167939	0.0961832061069	0.0763358778626
yol-	0.0194624652456	0.0398517145506	0.00834105653383	0.93234476367
hai-	0.0877379079947	0.603187956968	0.218491288391	0.0905828466456
tow-	0.136490250696	0.597028783659	0.0	0.266480965645
pal-	0.165087956698	0.299052774019	0.507442489851	0.0284167794316
hus-	0.660926495778	0.0971385620658	0.0136198284318	0.228315113724
moh-	0.0	0.789473684211	0.210526315789	0.0
kol-	0.089446816407	0.296488092613	0.0195227310407	0.59454235994
ese-	0.0	1.0	0.0	0.0
iki-	0.4	0.2	0.4	0.0
suy-	0.0	1.0	0.0	0.0
kut-	0.650192601206	0.173522785086	0.054945853623	0.121338760084
wou-	0.0598310098499	0.0361110236964	0.00212417786449	0.901933788589
601-	0.0	0.0	0.0	1.0
sot-	0.0475247524752	0.940594059406	0.0	0.0118811881188
tot-	0.198087210245	0.663478683741	0.000972604960286	0.137461501054
pel-	0.0	0.817307692307	0.182692307693	0.0
yir-	0.111111111111	0.666666666667	0.0	0.222222222222
ann-	0.265486725664	0.0	0.159292035398	0.575221238938
350-	0.0	0.0	0.0	1.0
yak-	0.0	0.901480426535	0.00351855619517	0.0950010172698
mwa-	0.171466806034	0.319400370536	0.0874732691383	0.421659554292
895-	0.0	0.2	0.8	0.0
pak-	0.362237331335	0.191153649352	0.0442667021024	0.402342317211
ute-	0.842105263158	0.0	0.0	0.157894736842
tup-	0.0999999999999	0.9	0.0	0.0
low-	0.635838150289	0.208092485549	0.121387283237	0.0346820809248
lin-	0.8	0.0181818181818	0.0181818181818	0.163636363636
apw-	0.456382285342	0.266097217934	0.0507701279545	0.226750368769
ato-	0.263750518888	0.0711394769613	0.103206724782	0.561903279369
wit-	0.196200379796	0.703958006816	0.0441160617293	0.0557255516581
uwi-	0.434210526316	0.0756578947368	0.0263157894737	0.463815789474
piy-	0.142826201755	0.571521394736	0.0326541017928	0.252998301716
pul-	0.173076923077	0.576923076923	0.0384615384615	0.211538461538
pir-	0.0815797992877	0.871803172548	0.0466170281644	0.0
yap-	0.0405860010852	0.843081931633	0.0349430276723	0.0813890396093
iti-	0.445222861636	0.121778603853	0.0263788111663	0.406619723344
hir-	0.155844155844	0.365164247517	0.18563789152	0.293353705118
lay-	0.152597402597	0.62987012987	0.116883116883	0.100649350649
epp-	0.0222222222222	0.977777777778	0.0	0.0
ane-	0.086956521739	0.782608695652	0.0	0.130434782609
ahi-	0.571428571429	0.0	0.0	0.428571428571
kuh-	0.627586206897	0.220689655172	0.0482758620689	0.103448275862
yuk-	0.240938166311	0.542643923241	0.139658848614	0.0767590618337
tem-	0.0	1.0	0.0	0.0
imp-	0.870246085011	0.082774049217	0.010067114094	0.0369127516778
you-	0.103270223753	0.748709122203	0.127366609294	0.0206540447504
kou-	0.127849989346	0.754954187087	0.00852333262305	0.108672490944
mer-	0.4303853865	0.259968812653	0.138115393183	0.171530407663
pay-	0.075663331609	0.610681436808	0.187360425945	0.126294805637
hap-	0.0736367413985	0.0595223818992	0.0157542020967	0.851086674606
kap-	0.233401392853	0.185134029498	0.0327179276481	0.548746650001
nek-	0.1171875	0.6484375	0.1875	0.046875
lun-	0.0	0.114754098361	0.0983606557378	0.786885245902
815-	0.0	0.0	0.0	1.0
iha-	0.71205279611	0.246266064606	0.0312608544633	0.0104202848211
lon-	0.5	0.5	0.0	0.0
tam-	0.0852974641639	0.64188271745	0.0240006263614	0.248819192024
imi-	0.681052535737	0.138668851862	0.046225285231	0.13405332717
kaw-	0.619656855319	0.191388312798	0.031361797823	0.157593034061
opu-	0.12927777178	0.119021915146	0.0847457627119	0.666954550362
sup-	0.0	0.875	0.0	0.125
ama-	0.305389221557	0.497005988024	0.0	0.197604790419
una-	0.397260273973	0.383561643836	0.013698630137	0.205479452055
pap-	0.195535026944	0.781370284835	0.0	0.0230946882217
kor-	0.450031402208	0.212571192458	0.0234104103519	0.313986994982
ila-	0.280633835613	0.277155271907	0.124159212119	0.318051680361
woh-	0.290076335878	0.534351145038	0.0152671755725	0.160305343511
len-	0.138320395201	0.446012702893	0.174311926605	0.2413549753
120-	0.666666666667	0.0	0.0	0.333333333333
910-	0.0	0.0	0.0	1.0
807-	0.0	0.0	0.0	1.0
ans-	0.102127659574	0.693617021277	0.0510638297873	0.153191489362
ase-	0.025641025641	0.897435897436	0.0512820512821	0.025641025641
lan-	0.0766273947577	0.584084134263	0.0185037743023	0.320784696677
kai-	0.278537581357	0.317073138726	0.014073872851	0.390315407067
tet-	0.0	1.0	0.0	0.0
wet-	0.14364640884	0.85635359116	0.0	0.0
aik-	0.545620437956	0.198905109489	0.0109489051095	0.244525547445
yel-	0.410212277682	0.132243258749	0.457544463569	0.0
pus-	0.093023255814	0.906976744186	0.0	0.0
wum-	0.100200400802	0.781563126253	0.0	0.118236472946
tim-	0.154639175258	0.762886597938	0.082474226804	0.0
epe-	0.0	0.947368421053	0.0	0.0526315789473
rai-	0.333333333333	0.238095238095	0.0	0.428571428572
yoh-	0.133858728233	0.698565642683	0.0402087932976	0.127366835787
peh-	0.588090441012	0.203716140587	0.107454667562	0.100738750839
rah-	0.018018018018	0.75546975547	0.0540540540541	0.172458172458
ner-	0.429162362278	0.512744593759	0.0254157067338	0.0326773372292
rih-	0.303259685484	0.653724756292	0.0172062232898	0.0258093349348
ham-	0.0377092917186	0.243896577768	0.00573805063217	0.712656079882
iya-	0.159001169563	0.035575092086	0.0137997770241	0.791623961327
toh-	0.181818181818	0.818181818182	0.0	0.0
tes-	0.0694376528117	0.0117359413203	0.00440097799511	0.914425427873
969-	0.0	0.2	0.0	0.8
nok-	0.190581120045	0.606179235331	0.0126585245786	0.190581120045
tar-	0.0506756756757	0.923986486486	0.0253378378378	0.0
mbu-	0.213643810907	0.396279427318	0.0527907717262	0.337285990048
tit-	0.261219022103	0.309444072338	0.0321500334897	0.39718687207
seu-	0.070321168321	0.818514409092	0.00599754100819	0.105166881579
elo-	0.00890207715133	0.973293768546	0.0	0.0178041543027
200-	0.299363057325	0.375796178344	0.0764331210191	0.248407643312
mwe-	0.10911136108	0.239595050619	0.242969628796	0.408323959505
kir-	0.450951504977	0.177134152861	0.0400943488186	0.331819993343
suk-	0.142857142857	0.857142857143	0.0	0.0
180-	0.0	0.0	0.0	1.0
