-caa	0.239786856128	0.63055062167	0.0301953818828	0.0994671403197
-ivu	0.0	0.978494623656	0.0215053763441	0.0
-cai	0.280455878906	0.140383157225	0.0381980000379	0.540962963831
-can	0.233306309675	0.586081658798	0.109028401874	0.0715836296527
-cam	0.0737521728333	0.0595977154208	0.777253538615	0.0893965731313
-car	0.0	1.0	0.0	0.0
-ivi	0.234931735848	0.135287766827	0.024481226104	0.605299271221
-ivo	0.0	1.0	0.0	0.0
-ʌca	0.347055221517	0.179092547131	0.0402006829034	0.433651548449
-auu	0.802645139127	0.136207488835	0.0140845070423	0.0470628649949
-ʌʌi	0.591216216216	0.398648648649	0.0	0.0101351351351
-ʌco	0.554745574236	0.185665150466	0.115338530368	0.144250744931
-oyi	0.224782344837	0.649972166198	0.0364995841799	0.0887459047859
-idá	0.392927308448	0.434184675835	0.14931237721	0.0235756385069
-ʌʌs	0.129817565267	0.173988745704	0.106080338682	0.590113350347
-nsi	0.552398989899	0.20202020202	0.0378787878788	0.207702020202
-nse	0.0304246777942	0.814916543419	0.154658778787	0.0
-ufo	0.0277777777778	0.972222222222	0.0	0.0
-díu	0.0730774375777	0.594195847645	0.0678571313674	0.26486958341
-uaa	0.696346074135	0.199249754227	0.0244578360995	0.0799463355388
-nto	0.0628363502935	0.370092343444	0.0420437866927	0.52502751957
-nta	0.59595959596	0.318181818182	0.0151515151515	0.070707070707
-uam	0.33967980515	0.226364095405	0.193364422134	0.24059167731
-ual	1.0	0.0	0.0	0.0
-ñoí	0.219512195122	0.526829268293	0.0	0.253658536585
-uan	0.494764597982	0.184009731988	0.178303016407	0.142922653623
-pua	0.157210401891	0.350472813239	0.244089834515	0.248226950355
-pui	0.296004562141	0.473678582885	0.084470898528	0.145845956446
-iva	0.521214785574	0.088250802752	0.00589582183971	0.384638589834
-eñi	0.111111111111	0.814814814815	0.0740740740741	0.0
-más	0.0	0.979120879121	0.00659340659341	0.0142857142857
-opo	0.490206600483	0.464716930507	0.022538234505	0.022538234505
-mán	0.0719424460432	0.748201438849	0.179856115108	0.0
-opa	0.0836633843247	0.878002252825	0.0185313033684	0.0198030594818
-bʌí	0.173745173745	0.787644787645	0.0	0.03861003861
-imu	0.461545022352	0.206520110987	0.0781677528159	0.253767113845
-pʌt	0.140625	0.796875	0.0	0.0625
-pʌs	0.493295915186	0.336763330215	0.067352666043	0.102588088556
-caí	0.825349301397	0.111776447106	0.00898203592814	0.0538922155689
-deo	0.0101123595506	0.973595505618	0.00168539325843	0.014606741573
-ima	0.247988870743	0.422972237344	0.0955664428718	0.233472449041
-pʌi	0.238461538462	0.726923076923	0.0346153846154	0.0
-imi	0.561047668362	0.235566035858	0.0642394264488	0.139146869331
-pʌa	0.140350877193	0.353629170967	0.0956312349502	0.41038871689
-ido	0.0578703703704	0.631944444444	0.0763888888888	0.233796296296
-obi	0.474537037037	0.138888888889	0.386574074074	0.0
-obo	0.0	0.690909090909	0.0	0.309090909091
-rpo	0.0	0.947598253275	0.0	0.0524017467249
-idi	0.395274270684	0.163067031313	0.0541165077834	0.38754219022
-rpa	0.125054848618	0.800351031154	0.048266783677	0.0263273365511
-eca	0.0562714882881	0.812238739519	0.00474906626432	0.126740705929
-ida	0.3725217267	0.21229801778	0.0322255842262	0.382954671294
-ñda	0.545442725263	0.31868417631	0.0325055259394	0.103367572487
-maí	0.622602739726	0.0919119790148	0.0257650830662	0.259720198193
-ʌpʌ	0.0245896019518	0.0194237284602	0.0656255452443	0.890361124344
-bii	0.438767048273	0.400896667017	0.145813070516	0.0145232141948
-ter	0.0	0.972222222222	0.0277777777778	0.0
-uta	0.0671121653535	0.571725636899	0.0184695604924	0.342692637255
-ria	0.045	0.895	0.02	0.04
-rio	0.00192283040636	0.932700935777	0.0615305730034	0.00384566081273
-ñoi	0.460278956944	0.285021224985	0.167374166161	0.0873256519103
-uti	0.895348837209	0.0	0.104651162791	0.0
-utu	0.244397985925	0.342186625836	0.36365242484	0.0497629633993
-teo	0.0552634522877	0.899765074393	0.00715963754336	0.0378118357758
-jio	0.0	1.0	0.0	0.0
-ara	0.121784808429	0.602797729532	0.0411751070211	0.234242355019
-fre	0.00807537012115	0.991924629879	0.0	0.0
-íga	0.060358056266	0.841943734015	0.0429667519182	0.0547314578005
-jia	0.387013173998	0.175581311641	0.0231804765675	0.414225037794
-aru	0.0679358921339	0.832048847954	0.0210890232166	0.0789262366957
-meo	0.0	1.0	0.0	0.0
-vuu	0.839285714286	0.0535714285715	0.0452380952381	0.0619047619048
-aya	0.148760330579	0.801652892562	0.0	0.0495867768595
-eea	0.0128690664412	0.969481928154	0.0132367540537	0.00441225135126
-ayo	0.0952708907255	0.769283746556	0.0298438934803	0.105601469238
-rai	0.407226947669	0.363915942494	0.061925376403	0.166931733433
-ayi	0.687978707246	0.133340083753	0.0162190897059	0.162462119294
-ayu	0.126874879386	0.805659730841	0.0363958023777	0.0310695873956
-ʌñi	0.127085871279	0.784057340673	0.0814176150957	0.0074391729529
-vui	0.190587237652	0.189333674036	0.0529127243083	0.567166364003
-coí	0.352941176471	0.382352941176	0.0588235294117	0.205882352941
-cʌʌ	0.319226562262	0.142393218711	0.184175482421	0.354204736606
-nui	0.227040816327	0.516581632653	0.191326530612	0.0650510204081
-stʌ	0.21978021978	0.516483516483	0.0	0.263736263736
-dán	0.0356458413185	0.853583748563	0.0620927558452	0.0486776542737
-ʌga	0.183779679295	0.149141559305	0.126947675664	0.540131085736
-ʌgi	0.219199881588	0.130108023806	0.145058553309	0.505633541297
-umu	0.249634544023	0.372540200157	0.242044304509	0.13578095131
-ota	0.126560028124	0.854104412023	0.0193355598524	0.0
-tán	0.0357142857143	0.952380952381	0.0119047619048	0.0
-ote	0.0	0.996500437445	0.0	0.00349956255468
-lma	0.0	0.978947368421	0.0210526315789	0.0
-oti	0.0	0.767184035477	0.0	0.232815964523
-ʌli	0.161873567906	0.484368888905	0.0703397752792	0.28341776791
-gʌʌ	0.0474621546603	0.0709511104359	0.0566010564729	0.824985678431
-iji	0.697949155399	0.0878406008023	0.0156965604822	0.198513683316
-evú	0.0888888888889	0.911111111111	0.0	0.0
-oto	0.401709401709	0.0	0.598290598291	0.0
-uma	0.242901583295	0.240091564073	0.063794039531	0.453212813101
-eví	0.0838095238095	0.890476190476	0.0057142857143	0.02
-umo	0.532110091743	0.339449541284	0.0733944954128	0.0550458715596
-umi	0.0365853658537	0.743902439024	0.0731707317073	0.146341463415
-sʌi	0.671922278013	0.240738620566	0.022570779019	0.0647683224023
ALL	0.20873876457	0.24726575651	0.0458693493097	0.498126129611
-nai	0.2685457173	0.272383412038	0.0445429526239	0.414527918038
-nan	0.556114645446	0.425265444551	0.0186199100038	0.0
-naa	0.292004333291	0.196044244208	0.0922684223007	0.4196830002
-nsa	0.175895765472	0.4332247557	0.0	0.390879478827
-siu	0.0748118666863	0.039847645382	0.0203276377163	0.865012850215
-aul	0.190217391304	0.76902173913	0.0407608695652	0.0
-aúl	0.783653846154	0.216346153846	0.0	0.0
-sii	0.389912341205	0.302341330056	0.122270851883	0.185475476856
-sio	0.122272870617	0.298070582839	0.0513173360855	0.528339210458
-gia	0.316941488464	0.0605150914633	0.0111491902025	0.61139422987
-sia	0.175854858992	0.626856556283	0.102214424108	0.0950741606171
-nti	0.0	0.996023825731	0.0039761742686	0.0
-mos	0.0395268539721	0.0193274844487	0.0034651842713	0.937680477308
-goo	0.0631201842427	0.0674419265873	0.0240965568224	0.845341332348
-amu	0.285471437221	0.36892147715	0.0702461277107	0.275360957919
-vla	0.208173690932	0.699872286079	0.0919540229885	0.0
-aʌi	0.666666666667	0.333333333333	0.0	0.0
-moo	0.155434073107	0.702186684073	0.0277415143603	0.11463772846
-dʌo	0.191256830601	0.0983606557377	0.114754098361	0.595628415301
-vuí	0.349056603774	0.344768439108	0.180102915952	0.126072041166
-mol	0.0	1.0	0.0	0.0
-coi	0.558928281141	0.173561337136	0.150765882927	0.116744498796
-coa	0.720366732155	0.12901113294	0.0130975769483	0.137524557957
-eor	0.0	1.0	0.0	0.0
-ibʌ	0.709963278808	0.182203878486	0.0159327486268	0.0919000940791
-ʌtʌ	0.184852646034	0.401218266962	0.0671631280589	0.346765958945
-adʌ	0.1327366804	0.591706107696	0.0830985473252	0.192458664579
-yan	0.117647058824	0.529411764706	0.313725490196	0.0392156862745
-saʌ	0.157894736842	0.631578947368	0.105263157895	0.105263157895
-iso	0.0	1.0	0.0	0.0
-upu	0.506172839506	0.308641975309	0.185185185185	0.0
-reo	0.0377176015475	0.718568665377	0.243713733075	0.0
-isi	0.27622012371	0.522607469562	0.0589390827062	0.142233324022
-nte	0.0498442367601	0.880581516096	0.0695742471443	0.0
-ise	0.0202908353061	0.954345620561	0.0253635441325	0.0
-rea	0.0	0.956834532374	0.0	0.0431654676259
-isa	0.367101911035	0.319361789267	0.264187577152	0.0493487225456
-eve	0.0	1.0	0.0	0.0
-eva	0.765957446809	0.13829787234	0.0	0.095744680851
-upa	0.462081128748	0.537918871252	0.0	0.0
-upo	0.0	0.925925925926	0.0740740740741	0.0
-isu	0.0896196968423	0.845631144195	0.0484546686277	0.016294490335
-ñsi	0.198083514184	0.543789659144	0.0553863024257	0.202740524246
-upi	0.636520777156	0.195464288184	0.0331881352416	0.134826799419
-avi	0.167476190762	0.589698188219	0.0372369494464	0.205588671572
-avo	0.16020961693	0.776084918296	0.0472977497991	0.0164077149746
-ava	0.438567962944	0.235153497295	0.0537984420945	0.272480097666
-mas	0.188636363636	0.552272727273	0.0545454545454	0.204545454546
-ave	0.286956521739	0.686956521739	0.0260869565217	0.0
-mai	0.128403366627	0.210931104327	0.186875649829	0.473789879217
-íca	0.510381458233	0.440366972477	0.020280057943	0.0289715113471
-maa	0.485800370938	0.166940716541	0.0391863195816	0.308072592939
-jui	0.756385068762	0.243614931238	0.0	0.0
-íco	0.78125	0.0625	0.09375	0.0625
-avu	0.0397350993377	0.880794701987	0.0596026490066	0.0198675496689
-vʌʌ	0.227511490479	0.300393959291	0.0748522652659	0.397242284964
-uno	0.00709219858156	0.283687943262	0.517730496454	0.191489361702
-uni	0.517948717949	0.0717948717948	0.102564102564	0.307692307692
-arʌ	0.0926438348187	0.27879009882	0.014875849663	0.613690216699
-una	0.332005195866	0.397259818339	0.0717475177145	0.198987468081
-unu	0.436968290797	0.252126836813	0.0672853828307	0.243619489559
-gad	0.0	1.0	0.0	0.0
-gaa	0.174069952305	0.167806041335	0.126677265501	0.531446740859
-ada	0.394399563825	0.295832923066	0.0847552946332	0.225012218475
-gan	0.264866795958	0.403126807526	0.104436732333	0.227569664183
-tro	0.0906300769874	0.514387569306	0.036252030795	0.358730322912
-gal	0.310262529833	0.441527446301	0.205250596659	0.0429594272076
-gai	0.124106495677	0.0891962838482	0.0185309862135	0.768166234261
-adi	0.604444798471	0.26874303011	0.0575115501035	0.0693006213159
-gau	0.219047619048	0.733333333333	0.0	0.047619047619
-adu	0.0409129051733	0.0439492731177	0.0266520341111	0.888485787598
-gas	0.344594594595	0.283783783784	0.0	0.371621621622
-seo	0.0425077432447	0.879045177828	0.00747623624906	0.0709708426787
-idʌ	0.118216256023	0.139001855306	0.0146350551169	0.728146833554
-bʌi	0.751663093512	0.0682735355319	0.00177344094836	0.178289930008
-ino	0.313868613139	0.598540145986	0.0875912408759	0.0
-ina	0.281318681319	0.613186813187	0.0989010989011	0.00659340659341
-see	0.0579302219022	0.907328009426	0.00834587942658	0.0263958892453
-bʌa	0.4842236801	0.459543892534	0.0562324273664	0.0
-sea	0.041095890411	0.884931506849	0.00821917808219	0.0657534246575
-ira	0.324758842444	0.665594855306	0.0	0.00964630225081
-uii	0.0889742877427	0.675278575177	0.0904404728833	0.145306664197
-raí	0.0880964910082	0.814034296406	0.029318164733	0.0685510478529
-ʌpa	0.215015697014	0.153429964598	0.113886847906	0.517667490482
-uia	0.493821059753	0.302694551778	0.0600365574901	0.143447830978
-mʌo	0.365	0.23	0.0966666666667	0.308333333333
-ñdʌ	0.143821673392	0.457321032644	0.0701380228666	0.328719271097
-ser	0.0	1.0	0.0	0.0
-ʌpi	0.138434443842	0.386580538756	0.293357120927	0.181627896475
-rsa	0.462041409372	0.423174718489	0.0777333817653	0.0370504903742
-ñan	0.407942238267	0.263537906137	0.0649819494585	0.263537906137
-iaa	0.285200913419	0.191845646911	0.0388509967443	0.484102442926
-ʌyi	0.422745877791	0.547632902397	0.0177727318874	0.0118484879249
-iam	0.450956937799	0.291866028708	0.257177033493	0.0
-rsi	0.427341939755	0.275736511089	0.178417742469	0.118503806687
-ian	0.274030991958	0.344716243088	0.0943317237834	0.286921041171
-ñaa	0.394823692896	0.275143303804	0.059405940594	0.270627062706
-nes	0.0	0.991228070175	0.0	0.00877192982457
-oon	0.274980635167	0.527498063517	0.0929512006197	0.104570100697
-iat	0.274300932091	0.492676431425	0.0679094540613	0.165113182423
-oos	0.00499375780274	0.905118601748	0.0898876404494	0.0
-iav	0.156133828996	0.509293680298	0.089219330855	0.245353159851
-imʌ	0.0388033812696	0.0278677376952	0.0075887896662	0.925740091369
-ban	0.263736263736	0.362637362637	0.252747252747	0.120879120879
-bai	0.22721408619	0.130265890416	0.0984137936086	0.544106229786
-hoo	0.0220183486239	0.62752293578	0.181651376147	0.16880733945
-oor	0.370511049724	0.328729281768	0.044544198895	0.256215469613
-joi	0.132664037289	0.816421656508	0.0164933667981	0.0344209394048
-uji	0.290357762243	0.552886592409	0.060386905294	0.0963687400547
-uus	0.193571950329	0.704163623082	0.102264426589	0.0
-ogi	0.371131240184	0.404013167718	0.1983919499	0.0264636421983
-que	0.166666666667	0.833333333333	0.0	0.0
-asa	0.54223499045	0.360796871227	0.0510903348628	0.0458778034606
-qui	0.13578300082	0.382443511922	0.06917625409	0.412597233168
-vʌr	0.346164004647	0.205557987412	0.0560964140381	0.392181593903
-asi	0.171197396382	0.183720681681	0.0435263559986	0.601555565939
-vʌi	0.526102382159	0.380638621389	0.0324379118094	0.0608210846427
-asu	0.209302325581	0.790697674419	0.0	0.0
-eli	0.0972680531041	0.893523137135	0.00230220244033	0.00690660732099
-dro	0.266165413534	0.724812030075	0.00902255639097	0.0
-uíu	0.153333333333	0.546666666667	0.22	0.08
-ʌcʌ	0.334335086401	0.349361382419	0.068369646882	0.247933884297
-ran	0.154478225144	0.641624603827	0.0994248151191	0.10447235591
-rʌi	0.445631050861	0.370187932624	0.148778526012	0.0354024905036
-ero	0.0571428571428	0.128571428571	0.0	0.814285714286
-era	0.646788179083	0.277119093966	0.076092726951	0.0
-raa	0.163987765992	0.385566473612	0.00520596082514	0.44523979957
-ñaí	0.0545454545455	0.7	0.0	0.245454545455
-ugu	0.450029952077	0.494059504792	0.0304512779553	0.0254592651757
-acʌ	0.246743635287	0.215660153937	0.0760805210184	0.461515689757
-caʌ	0.69195947578	0.141469918935	0.0108641521314	0.155706453154
-poi	0.813284348501	0.143382998836	0.0102473827911	0.0330852698714
-uga	0.244328260601	0.443776593953	0.180862738714	0.131032406732
-ndo	0.216688654353	0.783311345647	0.0	0.0
-ivʌ	0.211678832117	0.788321167883	0.0	0.0
-ugi	0.112975402217	0.812857539838	0.060368535536	0.0137985224082
-uju	0.238551458958	0.695734365556	0.0657141754864	0.0
-íña	0.986111111111	0.0138888888889	0.0	0.0
-lao	0.183628722821	0.816371277179	0.0	0.0
-aar	0.239492466296	0.356066613799	0.0793021411578	0.325138778747
-aam	0.400419747034	0.40725353839	0.0704452501064	0.12188146447
-aal	0.106642728905	0.792818671454	0.0933572710951	0.00718132854578
-aan	0.262665328179	0.364441402767	0.0571855997103	0.315707669344
-eón	0.0	1.0	0.0	0.0
-aad	0.327868852459	0.622950819672	0.0	0.0491803278689
-aag	0.0833333333333	0.25	0.0	0.666666666667
-aaa	0.346379695831	0.185818530257	0.0364610206138	0.431340753298
-aac	0.0773124712379	0.922687528762	0.0	0.0
-daí	0.465335812856	0.140368980258	0.0221588482313	0.372136358654
-gʌí	0.325323475046	0.563770794824	0.110905730129	0.0
-ges	0.111111111111	0.851851851852	0.037037037037	0.0
-doi	0.092715231788	0.76821192053	0.0	0.139072847682
-ión	0.0190174326466	0.912519809826	0.0	0.0684627575277
-vor	0.246751306945	0.665421956684	0.0125466766243	0.0752800597461
-toa	0.767590618337	0.211087420043	0.0	0.0213219616205
-too	0.0679245283019	0.875471698113	0.0	0.0566037735849
-mpa	0.178571428571	0.741071428571	0.0535714285714	0.0267857142857
-oli	0.271676493252	0.383535649231	0.109230585223	0.235557272294
-saa	0.268803911101	0.512601500379	0.0481863392431	0.170408249277
-ibi	0.454632680898	0.321665029465	0.0308744319193	0.192827857717
-top	0.155789473684	0.665263157895	0.0631578947369	0.115789473684
-olo	0.455197132616	0.394265232975	0.0752688172043	0.0752688172043
-voi	0.176547134918	0.445759903876	0.173027336338	0.204665624867
-sai	0.103660398809	0.0884907864768	0.00766131929322	0.800187495421
-san	0.408981555734	0.446672012831	0.0962309542903	0.0481154771452
-voo	0.170731707317	0.536585365854	0.146341463415	0.146341463415
-iel	0.172488294519	0.709880343973	0.0904856626985	0.0271456988096
-ros	0.014228124259	0.68460991226	0.0569124970359	0.244249466445
-loe	0.0338983050847	0.898305084746	0.0338983050847	0.0338983050847
-ámu	0.373271889401	0.0	0.0	0.626728110599
-cli	0.239234449761	0.712918660287	0.0478468899521	0.0
-oca	0.118405405794	0.244554142515	0.0330449845276	0.603995467164
-lot	0.125	0.4453125	0.4296875	0.0
-roi	0.293148104544	0.629149988227	0.0	0.0777019072286
-rdu	0.168233082707	0.573934837093	0.136591478697	0.121240601504
-ipo	0.0487062404871	0.936073059361	0.0152207001522	0.0
-taí	0.260962850788	0.575518850929	0.0312895352082	0.132228763075
-ipa	0.530303030303	0.0606060606061	0.166666666667	0.242424242424
-noé	0.131899471214	0.828887172479	0.0320836551601	0.00712970114671
-rda	0.507190942473	0.107252141983	0.0367197062424	0.348837209302
-siʌ	0.121493998754	0.336407345908	0.0447720099213	0.497326645417
-atʌ	0.582099849353	0.0894632133303	0.0387971977495	0.289639739568
-ipu	0.291149521947	0.146112591482	0.112944406732	0.449793479839
-ʌaa	0.280686327912	0.326036884289	0.121196794024	0.272079993775
-gʌi	0.467839525363	0.276033305491	0.121288621373	0.134838547773
-ʌan	0.338576325872	0.216441486859	0.068562210123	0.376419977146
-ʌai	0.382850371647	0.168264569643	0.368092211569	0.0807928471399
-gʌn	0.325188048914	0.442823149977	0.157740471488	0.0742483296213
-gʌr	0.237624885394	0.48292484664	0.12193162377	0.157518644196
-imo	0.182460158412	0.622673919267	0.042943028915	0.151922893406
-oñi	0.193476502126	0.607201935704	0.111775517484	0.0875460446856
-sʌʌ	0.259849804092	0.209566826295	0.137951676099	0.392631693513
-umʌ	0.18989501991	0.698919170502	0.0289600248229	0.082225784765
-bʌʌ	0.439168740332	0.478108817002	0.0342995493981	0.0484228932679
-stu	0.539022168236	0.277710294564	0.107045247495	0.0762222897054
-cʌi	0.296893364437	0.398615488908	0.0693429022417	0.235148244414
-sto	0.0641362294563	0.806033371903	0.00440919473092	0.12542120391
-ʌgʌ	0.460847033236	0.421005994616	0.0893486476871	0.0287983244611
-toi	0.641091386281	0.158403062117	0.0240675047828	0.176438046819
-sta	0.0824811131076	0.101965839941	0.0200471587835	0.795505888168
-saí	0.576059850374	0.324189526185	0.0299251870324	0.069825436409
-ssi	0.135222150676	0.504185447521	0.135222150676	0.225370251127
-cui	0.391540957137	0.37597739471	0.118259153498	0.114222494655
-loé	0.0525164113785	0.82932166302	0.0131291028446	0.105032822757
-aii	0.65726681128	0.201735357918	0.0455531453362	0.0954446854663
-eyu	0.381443298969	0.60824742268	0.0103092783505	0.0
-cua	0.0761875283832	0.616931238409	0.224833125718	0.0820481074896
-eyi	0.631053979298	0.120428582562	0.0481282562933	0.200389181846
-uco	0.115265866209	0.683018867925	0.0864493996569	0.115265866209
-roí	0.402985074627	0.119402985075	0.155223880597	0.322388059701
-uca	0.354059818941	0.381810161789	0.144027113467	0.120102905802
-ioi	0.0	0.676923076923	0.276923076923	0.0461538461539
-ioo	0.336028318313	0.435646898251	0.0347268406843	0.193597942752
-ion	0.59375	0.34375	0.0	0.0625
-lea	0.0318854215671	0.955569494538	0.00470440646072	0.00784067743453
-mui	0.0873439402407	0.105878478723	0.530117687062	0.276659893974
-igʌ	0.259070360496	0.201344615741	0.300799814536	0.238785209227
-muu	0.522550873342	0.242519403932	0.0444935143926	0.190436208333
-ági	0.978021978022	0.0	0.0	0.021978021978
-ʌsa	0.518109858479	0.424322379468	0.0503717917966	0.00719597025667
-amʌ	0.404526594417	0.286606713364	0.160708635694	0.148158056525
-oio	0.880290205562	0.0519951632406	0.0	0.067714631197
-ʌsi	0.187801915623	0.121551084929	0.0402376072105	0.650409392238
-ʌta	0.308016764519	0.280376754868	0.105091016327	0.306515464286
-rra	0.0	0.99	0.0	0.01
-ldʌ	0.122807017544	0.842105263158	0.0350877192982	0.0
-jʌʌ	0.130030959752	0.425696594427	0.0	0.44427244582
-gis	0.296089385475	0.368715083799	0.134078212291	0.201117318436
-iba	0.640522875817	0.359477124183	0.0	0.0
-gio	0.258064516129	0.0241935483871	0.0483870967742	0.66935483871
-ʌrʌ	0.184184098636	0.4399423974	0.0470042628278	0.328869241136
-udá	0.0	1.0	0.0	0.0
-rru	0.167539267016	0.643979057592	0.188481675393	0.0
-ali	0.104295380632	0.266576149723	0.0505346367263	0.578593832918
-nda	0.593965517241	0.206034482759	0.108620689655	0.0913793103449
-áni	0.773299748111	0.226700251889	0.0	0.0
-ees	0.421875	0.546875	0.03125	0.0
-dʌi	0.394896990676	0.377868349059	0.0945787504885	0.132655909776
-ñia	0.466652034456	0.232892539364	0.0499017617233	0.250553664456
-uva	0.352156057495	0.460985626283	0.186858316222	0.0
-ñio	0.457864397475	0.294537469119	0.103760636838	0.143837496569
-bia	0.322003577818	0.355992844365	0.322003577817	0.0
-uvi	0.416180332652	0.530201342282	0.0	0.0536183250657
-ína	0.0	0.811475409836	0.0	0.188524590164
-dʌr	0.201327433628	0.194690265487	0.212389380531	0.391592920354
-abé	0.0461008566634	0.872030380641	0.0132473726044	0.068621390091
-chi	0.215701158441	0.340025893079	0.187303113495	0.256969834984
-idu	0.37966222834	0.299196601106	0.100338830505	0.220802340048
-cho	0.207433725061	0.247699735811	0.0608545139838	0.484012025144
-iyu	0.112781954887	0.887218045113	0.0	0.0
-osʌ	0.460860023602	0.469576199251	0.0	0.0695637771475
-loi	0.0	0.966666666667	0.0	0.0333333333333
-ʌmʌ	0.0232591048877	0.0512218660023	0.00351830917484	0.922000719935
-soí	0.493980792642	0.4140403084	0.0162315704044	0.075747328554
-iyo	0.125	0.708333333333	0.166666666667	0.0
-oré	0.226890756303	0.72268907563	0.0	0.0504201680672
-elo	0.0	1.0	0.0	0.0
-ogo	0.0742539902845	0.863289382373	0.0520471894517	0.0104094378903
-oga	0.101811536871	0.538723100256	0.0491336971445	0.310331665729
-ela	0.120170672356	0.834327810927	0.0245008166939	0.0210007000233
-iya	0.426011211034	0.2641771182	0.0415534137194	0.268258257047
-chu	0.236935166994	0.16974459725	0.0	0.593320235756
-vaí	0.827224772213	0.0563129410153	0.00863191066658	0.107830376105
-muí	0.585585585586	0.388674388674	0.02574002574	0.0
-itu	0.488032879364	0.221750051481	0.0378444275939	0.252372641561
-ito	0.410780236594	0.294993662683	0.0647792543343	0.229446846389
-esi	0.0204443232929	0.959111353414	0.0	0.0204443232929
-mín	0.0	1.0	0.0	0.0
-iti	0.375317323049	0.125711031092	0.0109889975043	0.487982648355
-esa	0.220476399975	0.676953051348	0.0187291810697	0.0838413676073
-ite	0.380952380952	0.539682539683	0.0793650793651	0.0
-ita	0.286867648643	0.551899851626	0.0450406578195	0.116191841911
-spe	0.0467745078932	0.89475735724	0.0584681348665	0.0
-udu	0.144899524661	0.622653902051	0.0763716143896	0.156074958898
-spo	0.0	1.0	0.0	0.0
-fas	0.0	1.0	0.0	0.0
-alí	0.0	1.0	0.0	0.0
-udi	0.202702702703	0.648251192369	0.108164887577	0.0408812173518
-udo	0.289437585734	0.348422496571	0.0823045267489	0.279835390947
-tʌs	0.286486486487	0.210810810811	0.0324324324325	0.47027027027
-ʌji	0.137513382804	0.523949792879	0.114909857034	0.223626967282
-tʌi	0.4971280127	0.208002597777	0.0635733872131	0.231296002309
-aba	0.296984207629	0.37672376021	0.0188220196908	0.307470012471
-njo	0.0	0.965517241379	0.0344827586207	0.0
-huu	0.174563591022	0.0897755610973	0.0	0.73566084788
-tʌa	0.433271260087	0.357541899441	0.112973308504	0.0962135319677
-oco	0.138813152623	0.199356986281	0.0342206467082	0.627609214388
-tua	0.426692583526	0.323298824194	0.123415679191	0.126592913088
-tui	0.275797181949	0.160876021628	0.124012378567	0.439314417856
-ael	0.52023988006	0.164917541229	0.23988005997	0.0749625187407
-vaa	0.295839671577	0.0706275165101	0.112201400524	0.521331411389
-soi	0.356173029039	0.39510957773	0.0585481395346	0.190169253696
-oro	0.0618443309363	0.681229220655	0.221929656448	0.0349967919607
-ado	0.408163265306	0.326530612245	0.183673469388	0.0816326530612
-ora	0.116135760934	0.58307692614	0.0870384693147	0.213748843611
-van	0.429242320292	0.467063495898	0.0478900731493	0.0558041106612
-icu	0.156531303011	0.217065454212	0.601269264461	0.0251339783165
-omu	0.517952300215	0.278732149901	0.126410027421	0.0769055224626
-ruu	0.0	0.0212765957447	0.978723404255	0.0
-enʌ	0.476711063207	0.0230964662407	0.0161675263685	0.484024944183
-omi	0.235403082395	0.634928867813	0.0992886781269	0.0303793716656
-rui	0.182357107408	0.739729473302	0.0511400508731	0.0267733684178
-omo	0.0198938992042	0.852785145889	0.0895225464191	0.0377984084881
-sué	0.0740740740739	0.564814814815	0.0	0.361111111111
-uñi	0.0862171816728	0.626733262061	0.0487629286224	0.238286627644
-oma	0.178933684768	0.0978129758671	0.128876792761	0.594376546604
-lia	0.138195626987	0.813728441078	0.0145134888861	0.033562443049
-ica	0.151649479294	0.209830776413	0.0933387568699	0.545180987423
-rnu	0.112299465241	0.823529411765	0.0481283422461	0.0160427807487
-áñi	0.766265060241	0.219277108434	0.0	0.0144578313253
-odu	0.301768990635	0.27627471384	0.120187304891	0.301768990635
-abi	0.146596858639	0.832460732984	0.0209424083769	0.0
-oda	0.37218866035	0.435808530423	0.0935888515337	0.0984139576925
-odi	0.201005868968	0.690615527997	0.101325765527	0.00705283750766
-mʌí	0.380281690141	0.431924882629	0.18779342723	0.0
-ura	0.0233837983683	0.94423863466	0.0	0.0323775669715
-onʌ	0.315789473684	0.368421052632	0.276315789474	0.0394736842105
-ʌvʌ	0.501538461538	0.33641025641	0.122051282051	0.04
-oʌʌ	0.327904821205	0.183831037976	0.376645241542	0.111618899277
-apʌ	0.0882561418855	0.145097802645	0.0570075557633	0.709638499706
-anʌ	0.0602672292006	0.0179994671424	0.00209174519396	0.919641558463
-uru	0.0433844004365	0.865999022445	0.00696360708527	0.0836529700335
-sdʌ	0.329835082459	0.670164917541	0.0	0.0
-pai	0.271684997402	0.313640183953	0.0527635921742	0.361911226471
-apa	0.548056867306	0.113105907791	0.0164742332695	0.322362991633
-iʌr	0.35248564397	0.372830188679	0.0364232977851	0.238260869565
-duu	0.343770523533	0.332451872573	0.105349311567	0.218428292326
-pan	0.250915384365	0.120544616167	0.0472467612542	0.581293238214
-ñta	0.354609929078	0.333333333333	0.113475177305	0.198581560284
-paa	0.584210526316	0.352631578947	0.0631578947369	0.0
-óñi	0.11811023622	0.795275590551	0.0314960629921	0.0551181102362
-api	0.090338985245	0.105037363056	0.0137504029554	0.790873248744
-apo	0.123456790123	0.588477366255	0.0411522633745	0.246913580247
-ñtu	0.163822525597	0.692832764505	0.122866894198	0.0204778156997
-agʌ	0.253744368147	0.423961586909	0.263695127682	0.0585989172626
-aía	0.189134899677	0.701807840748	0.0157988579683	0.093258401607
-dui	0.525680207481	0.135764852431	0.0943044874432	0.244250452645
-ʌdʌ	0.11275793353	0.154513529181	0.0327674156686	0.69996112162
-suu	0.475352112676	0.137323943662	0.302816901408	0.0845070422535
-sur	0.0210896309314	0.486818980668	0.407732864675	0.0843585237258
-omé	0.0	1.0	0.0	0.0
-sue	0.187845303867	0.812154696133	0.0	0.0
-aga	0.398737815933	0.317328139722	0.0706100159302	0.213324028415
-sua	0.597977684798	0.318340306834	0.0139470013947	0.0697350069735
-mʌs	0.439708445571	0.201394390746	0.0911107589922	0.26778640469
-añi	0.437258969178	0.364162183739	0.0458828322133	0.152696014869
-dia	0.357301253808	0.486336958035	0.0740047717863	0.0823570163711
-lio	0.090308370044	0.818281938326	0.056167400881	0.0352422907489
-dio	0.311368973615	0.516645945573	0.0352258599254	0.136759220887
-aña	0.716666666667	0.233333333333	0.0	0.05
-ori	0.0540540540541	0.918918918919	0.027027027027	0.0
-feo	0.0	1.0	0.0	0.0
-mʌi	0.467929192649	0.347293428719	0.0522762700111	0.132501108621
-mʌn	0.420047732697	0.479713603819	0.0859188544153	0.0143198090692
-ʌia	0.423463687151	0.491620111732	0.0849162011172	0.0
-tuu	0.198006092495	0.517677466999	0.0913874273054	0.1929290132
-ovo	0.0219396659187	0.968586387435	0.00199451508352	0.0074794315632
-lta	0.0	1.0	0.0	0.0
-ovi	0.0918304315182	0.835180811485	0.0300948903258	0.0428938666712
-ʌna	0.444303766168	0.26699683999	0.0617699685531	0.226929425288
-veo	0.0	0.813953488372	0.046511627907	0.139534883721
-ova	0.109009673598	0.0758309656613	0.0373073819313	0.777851978809
-irʌ	0.33125599233	0.340364333653	0.181687440077	0.14669223394
-vai	0.221328799108	0.0723702251656	0.0293087626919	0.676992213035
-ais	0.393205831216	0.386786144176	0.00702153270028	0.212986491909
-soa	0.656538969617	0.27212681638	0.0396301188904	0.0317040951123
-aig	0.485981308411	0.217030114226	0.0560747663551	0.240913811007
-eta	0.192730677933	0.616411507219	0.0140246956597	0.176833119188
-tia	0.480361757106	0.318797075155	0.0927401176536	0.108101050085
-aic	0.137420718816	0.109936575053	0.0583509513742	0.694291754757
-aio	0.173076923077	0.134615384615	0.0	0.692307692308
-lón	0.0	1.0	0.0	0.0
-duí	0.468600573797	0.243597917331	0.155403251514	0.132398257358
-nʌa	0.760975609756	0.180487804878	0.0	0.0585365853659
-ema	0.409967845659	0.590032154341	0.0	0.0
-uio	0.392857142857	0.5	0.0	0.107142857143
-nʌi	0.337080855328	0.417549903603	0.0597899806043	0.185579260465
-emo	0.0443599493029	0.876425855513	0.0126742712294	0.0665399239543
-osé	0.148387096774	0.812903225807	0.0	0.0387096774194
-nʌr	0.240916832245	0.644833948339	0.039738858927	0.0745103604883
-orʌ	0.135750064806	0.188525307368	0.0120838519178	0.663640775908
-jaa	0.22148110142	0.730631092868	0.0	0.0478878057123
-jai	0.528671353417	0.268274897452	0.0134687985471	0.189584950584
-cio	0.0	0.617691154423	0.382308845577	0.0
-dam	0.223596574691	0.504281636537	0.0523311132255	0.219790675547
-ʌjʌ	0.144680086269	0.104960460101	0.00431344356578	0.746046010065
-tʌʌ	0.872278693512	0.0315132293172	0.0119439146561	0.0842641625141
-dai	0.19354173608	0.0730510685668	0.0168233767136	0.71658381864
-rcu	0.116311980269	0.798509373694	0.0283030311198	0.056875614917
-ési	0.0	1.0	0.0	0.0
-etu	0.0	1.0	0.0	0.0
-vru	0.18343369551	0.765185233669	0.029454117031	0.0219269537898
-eda	0.0	0.789473684211	0.210526315789	0.0
-ete	0.0	1.0	0.0	0.0
-dón	0.0	1.0	0.0	0.0
-eto	0.0384615384615	0.923076923077	0.0384615384615	0.0
-udʌ	0.0388609206041	0.856823494116	0.0151312161902	0.0891843690897
-rco	0.00793650793651	0.992063492063	0.0	0.0
-uyi	0.534263348907	0.342126031547	0.0638793134563	0.059731306089
-ico	0.13097939548	0.545520559136	0.24271580285	0.0807842425343
-atu	0.334390007783	0.460306372316	0.125532924584	0.0797706953171
-ñdi	0.369284876905	0.602579132474	0.0140679953107	0.0140679953107
-edʌ	0.0585214379553	0.899677534934	0.041801027111	0.0
-itʌ	0.697078917554	0.109790992735	0.0291706906336	0.163959399078
-ate	0.0487804878049	0.90243902439	0.0487804878049	0.0
-ata	0.421290394418	0.344420775388	0.0611995127334	0.17308931746
-ato	0.247313007238	0.654017693939	0.0442348468231	0.0544344519998
-ati	0.394286542923	0.48274361949	0.0377030162413	0.0852668213457
-ose	0.0988467874794	0.719934102142	0.0	0.181219110379
-ʌma	0.264444156477	0.379554539124	0.077073474985	0.278927829414
-acu	0.0497737556562	0.93665158371	0.0135746606335	0.0
-uli	0.465356233308	0.341774924492	0.0477836502139	0.145085191986
-osa	0.421840940561	0.410479231218	0.0169802357692	0.150699592452
-ulo	0.0874894806206	0.749122723447	0.0144492608647	0.148938535067
-ien	0.0518134715026	0.699481865285	0.0	0.248704663213
-oso	0.354979934331	0.270716283595	0.0525234099477	0.321780372127
-osi	0.250667079209	0.583578472811	0.0906205910548	0.0751338569253
-ʌmo	0.0570953500465	0.050965587901	0.0109157152985	0.881023346754
-lén	0.0804676753783	0.704951856946	0.107290233838	0.107290233838
-nia	0.12827542987	0.606165054248	0.0573812228272	0.208178293055
-ʌmu	0.38656457215	0.18822229239	0.062993369119	0.36221976634
-aca	0.388326487689	0.319383080863	0.135747241409	0.156543190039
-aco	0.112683636536	0.186586496922	0.0471673841906	0.653562482352
-nio	0.0312691600245	0.919681177192	0.0	0.0490496627835
-mua	0.629370629371	0.248251748252	0.027972027972	0.0944055944056
-aji	0.46027442076	0.38735639257	0.0721180562318	0.0802511304375
-neo	0.0	1.0	0.0	0.0
-aja	0.382175166346	0.136574582388	0.0223597028606	0.458890548406
-ría	0.041865412992	0.718781098796	0.00988298273909	0.229470505473
-saú	0.3	0.622222222222	0.0166666666667	0.0611111111111
-óni	0.0	0.98916967509	0.0108303249097	0.0
-ldi	0.414433614011	0.331291161905	0.0895050823788	0.164770141704
-vii	0.655796548235	0.0644469230949	0.0540836052804	0.22567292339
-vio	0.166377093613	0.738758774064	0.0437834456877	0.0510806866356
-ʌru	0.418848167539	0.560209424084	0.0209424083769	0.0
-lda	0.378245140554	0.448967238037	0.0634713644163	0.109316256993
-via	0.780033218022	0.0837189400258	0.00688136578726	0.129366476165
-jʌi	0.385209675305	0.333252514014	0.100674123961	0.180863686719
-ʌro	0.0384615384615	0.961538461538	0.0	0.0
-oja	0.503013681106	0.26164239783	0.0130161476363	0.222327773428
-ʌri	0.0625	0.631944444445	0.111111111111	0.194444444444
-ila	0.0887345679012	0.876543209877	0.00462962962963	0.0300925925926
-ilo	0.276703362094	0.60949122285	0.07810175543	0.0357036596251
-oji	0.565603139396	0.366490360007	0.0208155604846	0.0470909401126
-ʌra	0.370344129555	0.408461538462	0.0569838056681	0.164210526316
-ojo	0.265574505046	0.531805462239	0.0582860625804	0.144333970134
-ili	0.0569533394327	0.911939615737	0.00457456541628	0.0265324794145
-oan	0.160377358491	0.632075471698	0.169811320755	0.0377358490566
-iga	0.14387026672	0.596478066741	0.0701606005758	0.189491065963
-igi	0.106489468794	0.713865009413	0.0339852952054	0.145660226588
-igo	0.163777945811	0.657605197482	0.0497557999292	0.128861056778
-oaa	0.414893617021	0.170212765957	0.244680851064	0.170212765957
-ami	0.152440253166	0.3854420732	0.0928667128077	0.369250960825
-amo	0.495995423341	0.217963386728	0.254576659039	0.0314645308924
-ama	0.0745874541541	0.137780989754	0.0147222650823	0.772909291009
-ʌsʌ	0.217821782178	0.534653465347	0.168316831683	0.079207920792
-usi	0.0669288446886	0.433422391517	0.00643847803956	0.493210285754
-iro	0.0190677966102	0.923728813559	0.031779661017	0.0254237288135
-hio	0.292165397171	0.253536452666	0.22034820457	0.233949945593
-usa	0.18491341356	0.762254182566	0.0176108012914	0.0352216025829
-món	0.177215189873	0.683544303797	0.101265822785	0.0379746835443
-ʌnʌ	0.260916275494	0.501918708549	0.17575932057	0.061405695387
-iru	0.0865159578676	0.835614970419	0.0233786181195	0.0544904535943
-usu	0.413614519666	0.279148975878	0.273643447021	0.0335930574348
-ovʌ	0.370200603121	0.387869411302	0.116008915694	0.125921069883
-uda	0.429898206856	0.299649478875	0.145102467971	0.125349846297
-epa	0.538461538461	0.22027972028	0.020979020979	0.22027972028
-odʌ	0.0708986456278	0.829271449269	0.0376494633271	0.0621804417761
-ási	0.0605709876544	0.893132716049	0.0190489969136	0.0272472993827
-aná	0.115237881508	0.809395571514	0.0	0.0753665469779
-ñʌi	0.833333333333	0.123563218391	0.0	0.0431034482759
-bén	0.0	1.0	0.0	0.0
-pia	0.147952775684	0.676965586536	0.0313991459432	0.143682491836
-iuu	0.297362028493	0.247230038552	0.0421802404208	0.413227692535
-pio	0.298769771529	0.177504393673	0.0632688927944	0.460456942003
-mʌʌ	0.456231262501	0.06825388425	0.0284630210999	0.447051832149
-ʌda	0.392491421895	0.407762418716	0.0664867618426	0.133259397547
-uel	0.0	0.813664596273	0.0931677018633	0.0931677018633
-ueo	0.103374012922	0.819095477387	0.0445082555635	0.0330222541278
-ʌdu	0.0952380952381	0.714285714286	0.190476190476	0.0
-iil	0.0284167794317	0.180649526387	0.010148849797	0.780784844384
-iii	0.527965345904	0.193782647471	0.160530003822	0.117722002803
-sdi	0.594560895853	0.28917590044	0.0770696591149	0.0391935445927
-iia	0.0	1.0	0.0	0.0
-sda	0.520992791856	0.335958980456	0.0408709221966	0.102177305492
-agu	0.0857142857143	0.857142857143	0.0	0.0571428571428
-agi	0.416730362174	0.329134939653	0.084056501917	0.170078196255
-ago	0.430152412387	0.463838462285	0.0183477332298	0.0876613920978
-ucu	0.110574161062	0.350579568112	0.0160803397429	0.522765931083
-iʌʌ	0.155400012161	0.40125289432	0.0655489290895	0.377798164429
-rte	0.0	0.776490066225	0.198675496689	0.0248344370861
-aín	0.0852713178294	0.883720930233	0.0	0.031007751938
-ant	0.276710684274	0.497599039616	0.153661464586	0.0720288115247
-anu	0.146863547034	0.539225580284	0.229457693738	0.0844531789451
-ona	0.44442950121	0.322367209178	0.0563419147702	0.176861374842
-ego	0.0552230160263	0.484456458776	0.407414558795	0.0529059664028
-ono	0.103923520527	0.804441850886	0.0478683234931	0.043766305094
-rto	0.0	1.0	0.0	0.0
-ana	0.312024131052	0.418165891678	0.0682726641577	0.201537313113
-dan	0.267229515617	0.167218524542	0.0537209289391	0.511831030902
-job	0.311688311688	0.532467532468	0.0779220779221	0.0779220779221
-ani	0.00487804878048	0.99512195122	0.0	0.0
-daa	1.0	0.0	0.0	0.0
-ano	0.107521453811	0.758707723372	0.0959111559818	0.037859666835
-tal	0.34	0.58	0.08	0.0
-tan	0.320590413904	0.309497570053	0.0477407815577	0.322171234485
-tai	0.211233175571	0.198567345376	0.0565950981893	0.533604380864
-iña	0.375611990805	0.36583650163	0.0771384907893	0.181413016775
-sco	0.107054625309	0.884710403514	0.0	0.0082349711776
-sca	0.35483035483	0.501165501165	0.0642320642321	0.0797720797721
-iñi	0.37710366073	0.330744267368	0.141768751578	0.150383320324
-cuu	0.833124440466	0.1278782453	0.00709042076992	0.0319068934646
-tar	0.0477539008273	0.940585262924	0.00666333499917	0.00499750124937
-tas	0.0	1.0	0.0	0.0
-mia	0.565195086409	0.148968053778	0.0566770970164	0.229159762797
-sés	0.0	1.0	0.0	0.0
-dʌʌ	0.0595432215801	0.901259046345	0.00447974080853	0.0347179912661
-mil	0.0288645983269	0.212486995682	0.0263364163662	0.732311989625
-mio	0.26228143214	0.73771856786	0.0	0.0
-liʌ	0.299953706016	0.0853240838069	0.0864144982195	0.528307711957
-aso	0.116231847325	0.814694378359	0.0509282994522	0.0181454748642
-eno	0.0	1.0	0.0	0.0
-oee	0.0	1.0	0.0	0.0
-omʌ	0.200435288758	0.170977375107	0.15088323126	0.477704104874
-ena	0.173112851294	0.745200143101	0.0268314981914	0.0548555074135
