-ɛpo	0.027260156713	0.947191677092	0.0118522420491	0.0136959241457
-dↄŋ	0.42506937097	0.275986664803	0.0824466492325	0.216497314994
-ↄla	0.427959149305	0.484747479278	0.068276142263	0.0190172291539
-ↄle	0.0972579802997	0.203210683789	0.20816633009	0.491365005821
-ufu	0.090818301227	0.0938493213598	0.0280089017664	0.787323475647
-oya	0.158299612987	0.643886699638	0.132779702556	0.0650339848192
-nso	0.262733428214	0.704058308535	0.0194074265752	0.0138008366757
-nse	0.022721625273	0.959185228676	0.0159892918588	0.00210385419194
-nsa	0.0452665631777	0.772079299435	0.164464562917	0.0181895744706
-nti	0.0901797175866	0.909820282413	0.0	0.0
-naŋ	0.180725554888	0.157490135567	0.0428212122607	0.618963097285
-yeo	0.246031746032	0.428193499622	0.289493575208	0.0362811791383
-nto	0.0376084860173	0.844744455159	0.00578592092574	0.111861137898
-nta	0.027397260274	0.936073059361	0.027397260274	0.00913242009132
-ŋii	0.48097847669	0.429195457073	0.0513064887618	0.0385195774759
-fɛɛ	0.38068878934	0.333124090507	0.194595828459	0.091591291694
-nte	0.0455746668771	0.596604406301	0.30923452297	0.0485864038524
-ŋɛɛ	0.58577348881	0.177035032857	0.0707114876814	0.166479990652
-yaↄ	0.101380427455	0.827910123888	0.033994927239	0.0367145214182
-nai	0.007	0.939	0.00599999999999	0.048
-tↄↄ	0.130288735895	0.123292577075	0.00667786677835	0.739740820251
-ute	0.0316558788257	0.901933186575	0.0664109345994	0.0
-yee	0.286789112873	0.37257234963	0.147896361522	0.192742175976
-ɛfo	0.104289156057	0.861082171845	0.0198468807245	0.014781791373
-dea	0.047619047619	0.952380952381	0.0	0.0
-bɛɛ	0.298853203178	0.185880126575	0.0662437130494	0.449022957198
-mↄn	0.0108188375053	0.98663555367	0.000848536274926	0.00169707254985
-dee	0.141684612051	0.126011919343	0.0530616072318	0.679241861374
-mse	0.218556657898	0.679303798461	0.0782520697248	0.023887473916
-bↄↄ	0.213829294114	0.32750610732	0.050169151016	0.408495447549
-oku	0.0666666666667	0.871111111111	0.0622222222222	0.0
-dei	0.199042560647	0.253325539818	0.367893946556	0.17973795298
-naↄ	0.046874232918	0.879538261641	0.0372977767305	0.0362897287107
-deo	0.0131147540984	0.986885245902	0.0	0.0
-ima	0.264705882353	0.669117647059	0.00735294117647	0.0588235294117
-beŋ	0.425194805195	0.175064935065	0.0825974025974	0.317142857143
-oko	0.722972972973	0.209459459459	0.0675675675675	0.0
-oki	0.0	1.0	0.0	0.0
-mↄↄ	0.0872813400882	0.0543343435786	0.00972676990269	0.848657546431
-tↄŋ	0.00507614213197	0.994923857868	0.0	0.0
-asɛ	0.0583958518873	0.183849152435	0.0132097046825	0.744545290995
-yaŋ	0.179363888264	0.117446414045	0.0236549354936	0.679534762198
-ido	0.0214967458117	0.72446195245	0.0861166948233	0.167924606915
-idi	0.0689203108905	0.805693416987	0.0628335986515	0.0625526734713
-ide	0.0175438596491	0.872807017544	0.109649122807	0.0
-kpu	0.213274411156	0.0835702154794	0.155719788111	0.547435585253
-obe	0.233766233766	0.766233766234	0.0	0.0
-fↄↄ	0.560385577904	0.321269980367	0.10187143471	0.0164730070189
-bia	0.0939105426464	0.594085502824	0.0524634035586	0.259540550971
-kpa	0.711354067079	0.117032503394	0.0373893695494	0.134224059978
-moŋ	0.0145342435587	0.0290684871174	0.195551640608	0.760845628716
-bii	0.212610198766	0.54834940344	0.0873508923231	0.151689505471
-100	0.155733884489	0.382412073806	0.208597680141	0.253256361564
-uta	0.031746031746	0.968253968254	0.0	0.0
-dↄↄ	0.0527727935113	0.069221819786	0.00358572414187	0.874419662561
-rim	0.0	1.0	0.0	0.0
-rii	0.635248589794	0.24235865145	0.0437273164546	0.0786654423018
-maŋ	0.122183489736	0.0304347597881	0.00303831449493	0.844343435981
-tee	0.339057796376	0.382942211256	0.0891434804958	0.188856511872
-utu	0.148738732518	0.744368250798	0.0994353643573	0.0074576523268
-tei	0.850744830097	0.110894545766	0.0138149651413	0.0245456589953
-ↄwↄ	0.612751940148	0.245017028642	0.0984032159008	0.043827815309
-teo	0.041439476554	0.945474372955	0.0130861504907	0.0
-reŋ	0.195980539216	0.715356775687	0.0457715486008	0.0428911364962
-erɛ	0.21228379692	0.724856494521	0.0457161516796	0.0171435568799
-ara	0.290878487681	0.291505014071	0.0885685678618	0.329047930386
-gyi	0.0507699711261	0.195139557267	0.333012512031	0.421077959576
-gye	0.399611273081	0.34713313897	0.194946550049	0.0583090379009
-aro	0.207142857143	0.735714285714	0.05	0.00714285714286
-luu	0.0	1.0	0.0	0.0
-gya	0.0504077094144	0.905114899926	0.0385470719051	0.00593031875463
-mee	0.40260903807	0.106105101873	0.0267760096396	0.464509850417
-ifi	0.039654295882	0.931621759024	0.0221148957804	0.00660904931368
-gyu	0.433993926493	0.0459686238912	0.00604351582994	0.513993933786
-kɛɛ	0.496842160109	0.176095346037	0.0412373397949	0.285825154059
-aya	0.0351748033949	0.943996729736	0.00700770847933	0.0138207583898
-gyↄ	0.529464711592	0.172421966286	0.0683544874099	0.229758834712
-ayi	0.0985862393967	0.167766258247	0.0712535344015	0.662393967955
-kia	0.0141494265194	0.957551720442	0.0141494265195	0.0141494265195
-ɛbi	0.0226244343891	0.977375565611	0.0	0.0
-dↄe	0.44089456869	0.444089456869	0.0575079872204	0.0575079872204
-yuu	0.805065269351	0.0779095421953	0.0183857326714	0.0986394557823
-dↄn	0.00709219858156	0.97695035461	0.0	0.0159574468085
-ↄya	0.0322580645161	0.870967741935	0.0645161290323	0.0322580645161
-arɛ	0.0370964237432	0.609689308419	0.0175492327675	0.335665035071
-kem	0.102533883323	0.84443134944	0.0494991160872	0.00353565114909
-ota	0.178821178821	0.785214785215	0.026973026973	0.00899100899099
-ote	0.0411135294206	0.0954070722621	0.71198342664	0.151495971677
-ɛbo	0.0721640811657	0.12682134805	0.012156341488	0.788858229296
-liŋ	0.019151659922	0.929807486416	0.0444721703031	0.0065686833592
-oam	0.0	0.956268221574	0.0	0.0437317784256
-roɛ	0.326086956522	0.282608695652	0.391304347826	0.0
-ɛbu	0.0528756957328	0.941558441558	0.00556586270872	0.0
-umi	0.0857142857143	0.785714285714	0.0	0.128571428571
-ako	0.75154725365	0.0445988212163	0.0101825764494	0.193671348684
ALL	0.225508103288	0.29685982255	0.0555877134351	0.422044360727
-olɛ	0.592012529366	0.213782302271	0.0908379013312	0.103367267032
-nan	0.0231741573034	0.898876404494	0.0737359550562	0.00421348314606
-aki	0.0703743524582	0.929625647542	0.0	0.0
-nam	0.0904325032765	0.423037716616	0.477937964176	0.00859181593126
-oŋa	0.574007220217	0.236462093863	0.0108303249097	0.178700361011
-ake	0.776130244377	0.137945608081	0.0233682126523	0.0625559348897
-naa	0.563436072282	0.231631820264	0.0893381555466	0.115593951907
-kio	0.0537772087068	0.888604353393	0.0153649167734	0.0422535211268
-aka	0.0	1.0	0.0	0.0
-nae	0.223690899847	0.713123683637	0.0250562858596	0.0381291306558
-sii	0.0941780821918	0.878424657534	0.0171232876712	0.0102739726027
-sin	0.0	0.953775038521	0.0462249614792	0.0
-sim	0.405625298782	0.576386101011	0.00423261181337	0.0137559883935
-sia	0.247479032827	0.530306386576	0.122321222892	0.0998933577047
-puŋ	0.144171779141	0.625766871166	0.0184049079754	0.211656441718
-wui	0.247760914568	0.28785941013	0.174935318744	0.289444356558
-nnɛ	0.338201621388	0.252428986942	0.0637415681663	0.345627823504
-goo	0.060606060606	0.341991341991	0.588744588745	0.008658008658
-puu	0.606622516556	0.337748344371	0.0397350993377	0.0158940397351
-lɛɛ	0.504729850276	0.312198652173	0.0863734761075	0.0966980214435
-lki	0.0	1.0	0.0	0.0
-moo	0.833114621292	0.0258767623468	0.00826782237442	0.132740793986
-mon	0.103448275862	0.172413793103	0.0	0.724137931034
-pou	0.0256638360281	0.108661862098	0.0885240673189	0.777150234555
-wuu	0.632540008207	0.269388592532	0.0406237176857	0.0574476815757
-hɛm	0.0373105324524	0.948698017878	0.00233190827828	0.0116595413914
-mfa	0.0	1.0	0.0	0.0
-yae	0.38301454813	0.159417398126	0.0248732238295	0.432694829914
-ofo	0.631578947368	0.326315789474	0.0421052631579	0.0
-yaa	0.29283929514	0.0507291127621	0.0140919619826	0.642339630115
-beo	0.497518405162	0.341136570436	0.0962858797254	0.065059144677
-tↄe	0.0441176470588	0.955882352941	0.0	0.0
-yam	0.146976646107	0.485265433075	0.339290421214	0.0284674996046
-bee	0.461743481992	0.125753142032	0.0547420176236	0.357761358352
-iso	0.0611111111111	0.688888888889	0.0444444444444	0.205555555556
-yiŋ	0.39034569043	0.144497990153	0.0520629546675	0.413093364749
-isi	0.238219902151	0.46029546921	0.0261415822736	0.275343046365
-rem	0.217034154777	0.250756593169	0.0557717250324	0.476437527021
-ise	0.0771456686863	0.840185837363	0.0529262521326	0.0297422418182
-rea	0.0	0.909090909091	0.0909090909091	0.0
-isa	0.0850259801606	0.440245630609	0.47472838923	0.0
-ree	0.609444477153	0.207590759373	0.104859587716	0.0781051757577
-luŋ	0.0577062925504	0.5971098183	0.330714591709	0.014469297441
-keŋ	0.0336185352531	0.0177199051946	0.0145988772997	0.934062682253
-meŋ	0.346536607882	0.316292638502	0.109268299783	0.227902453832
-haa	0.470046082949	0.394996708361	0.0697827518104	0.0651744568795
-ŋɛe	0.657534246575	0.0821917808219	0.260273972603	0.0
-ham	0.0294462461365	0.935687205956	0.0327349685592	0.00213157934804
-man	0.015563557205	0.061148307868	0.00927685727017	0.914011277657
-maa	0.105883547642	0.180642543633	0.00831342200021	0.705160486724
-teŋ	0.198790725999	0.467136456566	0.267954238984	0.0661185784505
-kii	0.468138808965	0.416474864881	0.0747263826517	0.0406599435017
-geŋ	0.121498278947	0.154745588817	0.093037702088	0.630718430148
-deŋ	0.44072098027	0.10460114674	0.0322292238919	0.422448649098
-ɛte	0.0956551713762	0.442903158065	0.0407977324986	0.42064393806
-una	0.206496021373	0.685203681344	0.0668456380355	0.0414546592469
-boŋ	0.0875331564986	0.62599469496	0.254641909814	0.0318302387268
-unu	0.794137695978	0.0913428766189	0.0122699386503	0.102249488753
-eyↄ	0.169014084507	0.830985915493	0.0	0.0
-foe	0.725328947368	0.222039473684	0.0296052631579	0.0230263157895
-sↄn	0.0239234449761	0.976076555024	0.0	0.0
-ade	0.117330105203	0.78768838106	0.0949815137361	0.0
-tra	0.0	1.0	0.0	0.0
-500	0.095652173913	0.35652173913	0.182608695652	0.365217391304
-uŋu	0.109289617486	0.253187613843	0.0910746812386	0.546448087432
-sↄe	0.643207855974	0.337152209493	0.0196399345336	0.0
-foŋ	0.280303965543	0.463129089338	0.214147565944	0.0424193791751
-gai	0.0	1.0	0.0	0.0
-laŋ	0.071075351987	0.59754626679	0.0364792317363	0.294899149486
-uŋa	0.795678478825	0.163180639585	0.0245462402766	0.0165946413137
-noŋ	0.0199653940372	0.0424658927958	0.0136507577836	0.923917955383
-aaŋ	0.464285714286	0.375	0.0714285714286	0.0892857142857
-hia	0.43093334296	0.34057722506	0.160406476184	0.0680829557966
-ɛga	0.025974025974	0.961038961039	0.0	0.012987012987
-ini	0.022602739726	0.800684931507	0.172602739726	0.0041095890411
-sem	0.694465775047	0.203440626266	0.047220622427	0.0548729762591
-loŋ	0.161276313782	0.435472822274	0.11028381316	0.292967050784
-ina	0.604969794854	0.157564306185	0.131372376733	0.106093522229
-see	0.419342688001	0.307957669483	0.040678501339	0.232021141177
-ɛna	0.570511067291	0.0315810818346	0.0100164119505	0.387891438924
-sea	0.0283687943262	0.914893617021	0.0425531914893	0.0141843971631
-awↄ	0.532833055577	0.315036049056	0.075821154146	0.0763097412209
-ↄre	0.048882997062	0.902835481833	0.0268049067747	0.0214766143304
-800	0.0	0.890158871661	0.0	0.109841128339
-ↄra	0.0205509406505	0.946059485162	0.029966952688	0.0034226214999
-roŋ	0.466322382156	0.301834963191	0.0468080430722	0.185034611581
-kuu	0.670989821792	0.208407432461	0.0811327562298	0.0394699895172
-eda	0.461181923523	0.239860950174	0.0973348783314	0.201622247972
-iaa	0.606110754755	0.0243152338371	0.000312181646795	0.369261829761
-edi	0.258336760844	0.57483310659	0.0484860948524	0.118344037713
-toŋ	0.374887082204	0.327831157099	0.114560236512	0.182721524185
-puɛ	0.267427186916	0.182057947605	0.0526222805512	0.497892584928
-ewↄ	0.497373336138	0.146818755897	0.0351292860222	0.320678621942
-kim	0.0	1.0	0.0	0.0
-ɛŋa	0.0494376013278	0.04920204426	0.0229411349307	0.878419219481
-kum	0.128439225656	0.588098073555	0.240662182283	0.0428005185067
-nee	0.352221161604	0.371964695969	0.0948625181707	0.180951624256
-mte	0.0619231466993	0.246079665283	0.681877451981	0.0101197360364
-uum	0.171189146049	0.468874700718	0.335993615323	0.023942537909
-eka	0.153897107529	0.35725325679	0.0423934643409	0.44645617134
-bam	0.548022435918	0.231567617825	0.195379163717	0.0250307825402
-eke	0.419960751332	0.352396972246	0.0846649845809	0.142977291842
-dɛɛ	0.0908306579086	0.208750491113	0.0355988689329	0.664819982045
-eki	0.461501316222	0.176988021667	0.0411382704129	0.320372391698
-hoo	0.0837863448207	0.224976310408	0.659817465463	0.0314198793078
-baa	0.286028620018	0.0330223664432	0.00972375088632	0.671225262653
-ase	0.28044477959	0.642806906631	0.044932190884	0.0318161228958
-nya	0.271637805626	0.157766729282	0.0596171797637	0.510978285328
-mbu	0.166303716242	0.768718894475	0.048202511179	0.0167748781042
-asa	0.0509751450719	0.671243037275	0.213208452712	0.0645733649413
-nyi	0.0453739824246	0.00824140085691	0.00161791411798	0.9447667026
-yeu	0.741743800709	0.21009843773	0.0102845389098	0.0378732226521
-asi	0.207708553326	0.65923970433	0.0	0.133051742344
-mba	0.143426294821	0.717131474104	0.0478087649402	0.0916334661354
-yem	0.529997618932	0.273468792096	0.132272179138	0.0642614098338
-bɛn	0.0	1.0	0.0	0.0
-yen	0.0348837209302	0.895348837209	0.0	0.0697674418605
-nea	0.0454389442406	0.897437811571	0.0473863275652	0.00973691662302
-olↄ	0.121934604905	0.797002724796	0.0728882833787	0.00817438692096
-bɛe	0.511707317073	0.221463414634	0.0878048780488	0.179024390244
-430	0.626865671642	0.0597014925373	0.0	0.313432835821
-ahↄ	0.0	1.0	0.0	0.0
-ran	0.150442477876	0.849557522124	0.0	0.0
-eri	0.0873574375153	0.912642562485	0.0	0.0
-ram	0.0	1.0	0.0	0.0
-era	0.100751211967	0.141693362058	0.0326444173899	0.724911008586
-rae	0.110440340909	0.753551136364	0.0703125	0.0656960227273
-ere	0.277413819332	0.552664986051	0.131719261427	0.0382019331901
-raa	0.226987309433	0.688935047624	0.0604848518508	0.0235927910916
-ugu	0.47191011236	0.348314606742	0.157303370787	0.0224719101124
-ŋoŋ	0.0597329585383	0.897048489108	0.0115952213633	0.0316233309908
-opa	0.0905444126074	0.904297994269	0.0	0.00515759312321
-poo	0.0713338835947	0.560057694071	0.20905763571	0.159550786624
-ugi	0.0	1.0	0.0	0.0
-lae	0.0500982318271	0.904715127701	0.0117878192535	0.0333988212181
-ike	0.0	1.0	0.0	0.0
-laa	0.436061705574	0.199304689327	0.0462623371993	0.318371267899
-ika	0.0	1.0	0.0	0.0
-sↄŋ	0.0555555555556	0.277777777778	0.666666666667	0.0
-iko	0.0332326283988	0.966767371601	0.0	0.0
-lam	0.522471795082	0.306107823665	0.0421794058027	0.12924097545
-fom	0.585833331237	0.245048004487	0.0918184859407	0.0773001783347
-iki	0.0287920930589	0.71571504189	0.252081094629	0.00341177042228
-aam	0.211627236007	0.628101557992	0.0871321407963	0.0731390652048
-aal	0.0	0.961538461538	0.0384615384615	0.0
-iku	0.0280373831776	0.894859813084	0.072429906542	0.00467289719626
-tɛɛ	0.145261776799	0.393209948835	0.146124929899	0.315403344467
-nna	0.0570071258907	0.603325415677	0.0855106888361	0.254156769596
-boe	0.0716447742093	0.733192416366	0.138292747809	0.0568700616152
-boa	0.110024449878	0.814180929095	0.0757946210269	0.0
-bom	0.313223801295	0.302803641897	0.0678342059787	0.316138350829
-boo	0.107582473789	0.612682514261	0.206366954742	0.0733680572083
-doe	0.443371378402	0.424934152765	0.0395083406497	0.0921861281827
-kɛo	0.890591106291	0.0660249457701	0.0132863340564	0.0300976138828
-iwↄ	0.582813668283	0.233066884553	0.0345484117134	0.14957103545
-doo	0.434796780743	0.0771097902802	0.0814766428388	0.406616786138
-dom	0.0531964535697	0.932804479701	0.00279981334578	0.0111992533831
-ayɛ	0.787878787879	0.212121212121	0.0	0.0
-doi	0.609548167093	0.326513213981	0.0127877237852	0.0511508951406
-asↄ	0.0	1.0	0.0	0.0
-too	0.303181481454	0.597940394195	0.0401220232932	0.0587561010571
-ooŋ	0.160689783052	0.220137214908	0.23928054886	0.37989245318
-tom	0.295807777879	0.629279087446	0.0306267437741	0.0442863908999
-fuŋ	0.748055795581	0.184174793235	0.0251820762869	0.0425873348969
-mpa	0.237082066869	0.723404255319	0.0	0.0395136778115
-lfa	0.0	1.0	0.0	0.0
-oli	0.537746358792	0.311302829013	0.0823483773108	0.0686024348849
-saa	0.423410852713	0.45503875969	0.102015503876	0.0195348837209
-neŋ	0.0843858143027	0.35615009672	0.0686872683689	0.490776820608
-sae	0.0251901140684	0.883634347275	0.0830956907478	0.00807984790874
-olo	0.0699212479667	0.22586376557	0.0251121944658	0.679102791998
-ola	0.60958900176	0.235704236383	0.0375125757687	0.117194186089
-400	0.398230088496	0.172566371681	0.0530973451327	0.37610619469
-sao	0.0653006079712	0.219545147489	0.0303985588832	0.684755685656
-sam	0.0926847121388	0.830607092707	0.0565414836724	0.0201667114816
-lↄn	0.0781254861941	0.674023299859	0.042488162063	0.205363051884
-loo	0.368533543333	0.477344372759	0.0463588439429	0.107763239965
-lom	0.036186770428	0.516342412451	0.447470817121	0.0
-seŋ	0.428682812611	0.304300723844	0.0365803750475	0.230436088498
-loe	0.144927536232	0.855072463768	0.0	0.0
-mɛɛ	0.0880215521428	0.247909527446	0.122033770539	0.542035149872
-rom	0.229007633588	0.725190839695	0.0	0.0458015267176
-ewu	0.0	1.0	0.0	0.0
-ipi	0.0164835164835	0.945054945055	0.010989010989	0.0274725274725
-ipo	0.0198255352895	0.976473698123	0.00211472376421	0.00158604282316
-buŋ	0.487908961593	0.302196933776	0.0327169274538	0.177177177177
-tↄɛ	0.0816326530612	0.673469387755	0.0714285714286	0.173469387755
-ɛra	0.038351572513	0.805087252292	0.139505077393	0.0170560978014
-imi	0.0	1.0	0.0	0.0
-yeŋ	0.627329623749	0.234952612413	0.0902811193718	0.0474366444661
-ewi	0.10084872691	0.872191712431	0.0149775336995	0.0119820269596
-lɛo	0.687916913784	0.237925049646	0.0226519093524	0.0515061272178
-lɛm	0.00678917570291	0.950820458689	0.00578159485654	0.0366087707514
-awa	0.0145278450363	0.980629539952	0.00484261501211	0.0
-lɛe	0.144016227181	0.673427991886	0.0933062880324	0.0892494929006
-wuɛ	0.33280381255	0.512311358221	0.0762509928514	0.078633836378
-awu	0.0878253891106	0.817702976116	0.094471634773	0.0
-tia	0.149771014409	0.324324449193	0.0529179059224	0.472986630476
-sↄↄ	0.684015786877	0.261963492846	0.0273803650715	0.0266403552047
-276	0.0	0.185185185185	0.0	0.814814814815
-ŋon	0.016515342543	0.0212161791272	0.000882135837702	0.961386342492
-poŋ	0.0491982507289	0.363975947522	0.0437317784256	0.543094023324
-sto	0.012987028327	0.937525247634	0.0110498999544	0.0384378240851
-fae	0.673034074757	0.122882332603	0.127396181476	0.0766874111636
-afↄ	0.386269551603	0.0866621389725	0.0418703696983	0.485197939726
-isɛ	0.342645850452	0.216105176664	0.0838126540674	0.357436318817
-raŋ	0.171775469858	0.294316706912	0.112629356768	0.421278466463
-eya	0.0691820128177	0.793628510862	0.0347779466903	0.10241152963
-ɛse	0.44436841385	0.354052117631	0.157866348948	0.0437131195711
-ɛdi	0.137742616359	0.752292526441	0.0698485769613	0.0401162802389
-lem	0.129924393156	0.289693593315	0.132311977716	0.448070035814
-mum	0.0	1.0	0.0	0.0
-lea	0.0	1.0	0.0	0.0
-lee	0.104836781375	0.127584219549	0.0125569470609	0.755022052015
-lↄↄ	0.624695937728	0.333769155923	0.0109462417903	0.0305886645585
-muu	0.242307692308	0.203846153846	0.507692307692	0.0461538461539
-ida	0.0367052654577	0.924404631855	0.000873934891849	0.0380161677955
-leu	0.420168067227	0.302521008403	0.0756302521008	0.201680672269
-ifa	0.0	0.877192982456	0.0350877192982	0.0877192982456
-ↄŋa	0.107355984873	0.074750715288	0.149457991493	0.668435308346
-ↄŋe	0.167960646663	0.804802491716	0.0226973846841	0.00453947693682
-kuŋ	0.0397350993377	0.920529801325	0.0	0.0397350993378
-yɛŋ	0.0609229596015	0.567880053516	0.0755326803102	0.295664306573
-alo	0.024932044548	0.622535465557	0.0108160338089	0.341716456086
-oŋo	0.614889705882	0.302389705882	0.0716911764706	0.0110294117647
-ali	0.00400538736312	0.933911108509	0.0620835041283	0.0
-nda	0.00852878464819	0.82302771855	0.168443496802	0.0
-ŋwↄ	0.562515352493	0.289855072464	0.0476541390322	0.0999754360108
-ale	0.136058001382	0.330726226214	0.0983709071698	0.434844865235
-nde	0.506756756757	0.233108108108	0.0	0.260135135135
-gia	0.0833333333333	0.869047619048	0.0357142857143	0.0119047619048
-ala	0.191630052727	0.563103062971	0.0347637709517	0.21050311335
-iↄn	0.0	0.888888888889	0.111111111111	0.0
-paŋ	0.227420519408	0.185168297569	0.172821563571	0.414589619452
-120	0.0147783251231	0.147783251232	0.0	0.837438423645
-kpo	0.060773480663	0.906077348066	0.0294659300184	0.0036832412523
-yoi	0.494169374881	0.444848021411	0.0609826037086	0.0
-yoo	0.17288887129	0.686051810209	0.0148580306	0.126201287901
-yom	0.5	0.352941176471	0.117647058824	0.0294117647059
-yoa	0.275	0.575	0.15	0.0
-wↄe	0.267252781452	0.407998132732	0.223216369719	0.101532716097
-yoe	0.216216216216	0.486486486486	0.0540540540541	0.243243243243
-pee	0.481290625928	0.37734697133	0.0172844859248	0.124077916817
-pɛɛ	0.176694592536	0.727341964966	0.036557501904	0.0594059405941
-iyu	0.00816104461371	0.941240478781	0.0489662676823	0.00163220892274
-peo	0.303903903904	0.483483483484	0.0396396396396	0.172972972973
-153	0.0869565217392	0.0217391304348	0.0217391304348	0.869565217391
-eli	0.236069960498	0.223660360485	0.217138304428	0.323131374589
-ogo	0.518362076248	0.297136167799	0.0263573937075	0.158144362245
-ela	0.255264315738	0.271973145741	0.101439016545	0.371323521975
-ele	0.219377368561	0.688138012078	0.0431573360352	0.0493272833263
-abu	0.00691403549205	0.977183682876	0.00483982484444	0.0110624567873
-esu	0.00616108303185	0.675651452309	0.00366405546072	0.314523409199
-diŋ	0.0	0.098814229249	0.569169960474	0.332015810277
-ↄna	0.033579053973	0.027378477377	0.00953391909134	0.929508549559
-esi	0.193393191753	0.764323874953	0.00984041981382	0.0324425134803
-ɛre	0.0649939848194	0.847039212971	0.0369587380301	0.0510080641797
-ↄne	0.196668007509	0.711987127916	0.0127379994637	0.0786068651113
-iti	0.641746222631	0.293354921497	0.0479687195576	0.0169301363145
-esa	0.31032271884	0.534043225228	0.0619079948156	0.0937260611165
-ite	0.0230763140207	0.903727702335	0.0656052890445	0.0075906946002
-ese	0.42522143632	0.331526602351	0.0588027928403	0.184449168488
-ita	0.0180764735716	0.954635162848	0.0041676773468	0.0231206862334
-faa	0.775837202758	0.165549810046	0.0251512593218	0.0334617278739
-nuŋ	0.0746590677793	0.88145735803	0.0293507022186	0.0145328719723
-udu	0.052839817285	0.848919548675	0.0468124617012	0.0514281723384
-ↄↄŋ	0.31266017427	0.382880574065	0.141465914915	0.16299333675
-ↄge	0.0502793296089	0.916201117318	0.0335195530726	0.0
-fan	0.0	0.97233201581	0.0276679841897	0.0
-taŋ	0.450091439093	0.0967010794479	0.0682102744753	0.384997206984
-doŋ	0.133855966451	0.662246383311	0.125571533488	0.0783261167504
-uda	0.0450581395349	0.862944596443	0.078317373461	0.0136798905609
-suŋ	0.282352941176	0.662745098039	0.0392156862745	0.0156862745098
-kyↄ	0.666291532374	0.217974628352	0.0589334008968	0.0568004383768
-udi	0.018779342723	0.957746478873	0.0140845070422	0.00938967136152
-udo	0.0	1.0	0.0	0.0
-hum	0.0	1.0	0.0	0.0
-eↄn	0.136296296296	0.803703703704	0.0244444444444	0.0355555555556
-eŋa	0.358128740306	0.378878017448	0.217049453622	0.0459437886243
-yↄn	0.017828729958	0.91734323365	0.0111378564726	0.0536901799192
-woo	0.0744726933458	0.851637732831	0.0433174502682	0.0305721235547
-abo	0.0444021292249	0.947634915826	0.0058856623534	0.00207729259532
-woe	0.633345947992	0.272990214629	0.093663837379	0.0
-ria	0.0513548020996	0.902113775004	0.0119165839126	0.0346148389843
-koe	0.700102967619	0.27914982557	0.0107578109392	0.00998939587208
-gba	0.0962797506493	0.105191626253	0.130180431336	0.668348191761
-koa	0.199761389457	0.0980773266027	0.0220145204707	0.68014676347
-kom	0.451228673241	0.431832502647	0.0382587902499	0.0786800338617
-koo	0.578381022255	0.385424309122	0.0251895328931	0.01100513573
-som	0.26647396509	0.670373212915	0.0378342021187	0.0253186198759
-soo	0.393342391304	0.538722826087	0.023097826087	0.0448369565218
-ori	0.0492414459589	0.924819251992	0.0151791886074	0.0107601134419
-oro	0.262927168473	0.183307974197	0.0705686610314	0.483196196299
-ado	0.438323817254	0.424446330237	0.0514929021428	0.0857369503657
-soe	0.131413692755	0.833205697657	0.035380609588	0.0
-ora	0.233093464531	0.255309234051	0.0740447593779	0.437552542039
-nↄↄ	0.333269790482	0.465937676209	0.0750303235386	0.12576220977
-omↄ	0.39072788019	0.145781139482	0.049339362422	0.414151617905
-yɛe	0.310088016249	0.563981042654	0.0487474610697	0.0771834800271
-eeŋ	0.111940298507	0.378731343284	0.173507462687	0.335820895522
-yɛm	0.0	1.0	0.0	0.0
-ɛki	0.0532994923858	0.946700507614	0.0	0.0
-lim	0.0195868945869	0.874643874644	0.0448717948718	0.0608974358975
-lio	0.115481171548	0.832217573222	0.023849372385	0.0284518828452
-lii	0.324590276767	0.205582255294	0.0284279688917	0.441399499047
-rum	0.017407472588	0.175978268297	0.739073265473	0.0675409936415
-oma	0.225223138462	0.693573961276	0.065370888261	0.0158320120007
-adi	0.0284360189573	0.772511848341	0.199052132701	0.0
-ɛke	0.0707141195627	0.897650616422	0.0204698767155	0.0111653872994
-lia	0.0186389082372	0.961561282666	0.0173490183938	0.00245079070247
-ome	0.0	0.981132075472	0.0188679245283	0.0
-leŋ	0.17897013158	0.213937145045	0.0853129046649	0.52177981871
-144	0.0	0.0660417554324	0.0	0.933958244568
-oda	0.224583918187	0.775416081813	0.0	0.0
-ɛpɛ	0.367579908676	0.34703196347	0.102739726027	0.182648401827
-ode	0.0260314652177	0.909079421242	0.0489037720352	0.015985341505
-yↄↄ	0.648207475997	0.262567072367	0.0265335121764	0.0626919394589
-odo	0.059501095329	0.920429651615	0.0127199491202	0.00734930393612
-ipa	0.0365514501391	0.934843067143	0.0166865315852	0.0119189511323
-ŋmɛ	0.333333333333	0.666666666667	0.0	0.0
-are	0.104570178067	0.580953073243	0.23394881263	0.0805279360596
-ura	0.0845771144279	0.686567164179	0.228855721393	0.0
-sɛɛ	0.382693880754	0.356592586423	0.102468174771	0.158245358052
-ure	0.060606060606	0.939393939394	0.0	0.0
-peŋ	0.172955974843	0.539395527603	0.143343815514	0.144304682041
-kya	0.00407055060258	0.990623366965	0.000900310015629	0.00440577241691
-uru	0.127374872319	0.420837589377	0.167926455567	0.283861082737
-ŋee	0.378826638297	0.412220909374	0.0717579077673	0.137194544562
-duu	0.599661331731	0.374774676353	0.0242530179713	0.00131097394439
-pao	0.0	0.952910398954	0.0470896010464	0.0
-paa	0.0643942833707	0.135286157439	0.212787744629	0.587531814562
-yoŋ	0.27446973935	0.426882342344	0.255222012573	0.0434259057335
-wↄŋ	0.437808648542	0.390173724308	0.078094626346	0.0939230008046
-waa	0.289093671107	0.0295853415636	0.00503948389678	0.676281503433
-esↄ	0.239500548937	0.673783735068	0.0454225179019	0.0412931980927
-kee	0.514405536335	0.247154148084	0.14946029434	0.0889800212406
-num	0.0119205298013	0.988079470199	0.0	0.0
-sen	0.0	1.0	0.0	0.0
-faŋ	0.109090909091	0.730345710627	0.143661971831	0.0169014084507
-suu	0.22641509434	0.490566037736	0.245283018868	0.0377358490566
-kei	0.0677639081528	0.158853150694	0.0252854878282	0.748097453325
-ↄↄl	0.0394620391428	0.918157579288	0.00323482293896	0.0391455586301
-suo	0.285020107238	0.45894772118	0.201072386059	0.0549597855228
-elↄ	0.451675570665	0.376396308888	0.0815930063137	0.0903351141331
-eti	0.13731825525	0.764135702746	0.0226171243942	0.075928917609
-dia	0.0311218759726	0.946382420199	0.0178781646212	0.0046175392068
-dii	0.616659684586	0.249327147139	0.0357612970424	0.0982518712331
-fee	0.632096069869	0.218340611354	0.032751091703	0.116812227074
-wↄↄ	0.0910918714653	0.819463488018	0.0125623033933	0.0768823371233
-tuu	0.571665724781	0.287051426957	0.0706414241311	0.0706414241312
-ↄpo	0.0	0.996701937612	0.0	0.00329806238834
-ɛli	0.127057498504	0.803841054941	0.0557269730281	0.0133744735267
-uku	0.737154682672	0.169426912251	0.0616368858239	0.0317815192529
-enɛ	0.461325149856	0.342055848022	0.102130718417	0.0944882837055
-ɛle	0.0658008619761	0.76852845214	0.0288629470805	0.136807738803
-aeŋ	0.311608961304	0.315682281059	0.207739307536	0.164969450102
-tuŋ	0.529701535787	0.203998840916	0.146334395827	0.11996522747
-ɛla	0.126206767435	0.577959030842	0.277437290482	0.0183969112405
-koŋ	0.530821917808	0.286815068493	0.115582191781	0.0667808219178
-uka	0.0748663101604	0.823529411765	0.0427807486631	0.0588235294117
-afo	0.777665400836	0.0977424956586	0.12039387058	0.0041982329256
-afa	0.491652754591	0.343071786311	0.133555926544	0.0317195325543
-alↄ	0.485294117647	0.338235294118	0.147058823529	0.0294117647059
-meo	0.0	0.98	0.00666666666666	0.0133333333333
-baŋ	0.0717839966842	0.119883605272	0.013451186404	0.794881211639
-tiu	0.698191327087	0.121377206363	0.18043146655	0.0
-efa	0.403339420819	0.490216540569	0.07826767545	0.028176363162
-efo	0.813787185355	0.0896739130435	0.0557780320366	0.0407608695652
-efu	0.466947960619	0.49929676512	0.0168776371308	0.0168776371308
-woŋ	0.0535722031839	0.0350279790049	0.0116470741335	0.899752743678
-yↄŋ	0.113061435209	0.834279814146	0.0123902942695	0.0402684563759
-tii	0.561490946687	0.222183929376	0.123114445534	0.0932106784019
-ngo	0.0	1.0	0.0	0.0
-aŋe	0.220657514817	0.157489488881	0.541613900005	0.080239096297
-aŋa	0.683932223488	0.163830432147	0.043112541164	0.109124803201
-eiŋ	0.359682224429	0.398212512413	0.200397219464	0.0417080436942
-hiŋ	0.222222222222	0.0	0.740740740741	0.037037037037
-eŋe	0.0363196125908	0.389830508475	0.43583535109	0.138014527845
-ana	0.570913582367	0.207136955051	0.0892462636306	0.132703198952
-eŋi	0.0943706792494	0.833095577746	0.0519038735872	0.0206298694173
-obu	0.0478564307079	0.554336989033	0.367896311067	0.0299102691924
-guŋ	0.347266881029	0.546623794212	0.0546623794212	0.0514469453376
-etu	0.638226024313	0.361773975687	0.0	0.0
-ↄma	0.0370090634441	0.946626384693	0.0143504531722	0.00201409869084
-000	0.222965451787	0.253074259656	0.017046288363	0.506914000194
-eta	0.204071307675	0.580129148576	0.0376683346825	0.178131209066
-anↄ	0.0	1.0	0.0	0.0
-ueŋ	0.493506966146	0.380827076592	0.0376717801847	0.0879941770769
-ete	0.186630487329	0.469827941341	0.280169825162	0.0633717461676
-sɛŋ	0.106484512857	0.433706593273	0.441386351782	0.0184225420888
-mwↄ	0.564814814815	0.0833333333333	0.296296296296	0.0555555555555
-ŋan	0.0148782772086	0.089547586035	0.0238742394868	0.87169989727
-yoɛ	0.265654648956	0.307400379507	0.370018975332	0.0569259962049
-wↄɛ	0.388007054674	0.582892416226	0.0291005291005	0.0
-ↄba	0.058353739447	0.792401714114	0.121704305797	0.0275402406426
-buo	0.229839579886	0.57039061938	0.175886626861	0.0238831738724
-iŋa	0.512154734838	0.162657546635	0.0723488539457	0.252838864582
-uya	0.101149425287	0.805874840358	0.048275862069	0.0446998722861
-ŋaa	0.319277108434	0.475903614458	0.114457831325	0.0903614457831
-bua	0.656534954407	0.325227963526	0.0182370820669	0.0
-ↄga	0.104688178782	0.852688777	0.0224331811675	0.0201898630508
-ŋae	0.550837622702	0.267645791949	0.112429789608	0.0690867957418
-ate	0.200713883	0.275559502952	0.414789784954	0.108936829094
-ata	0.0616770542045	0.796153995941	0.0467587775557	0.0954101722984
-ato	0.047672712962	0.891685449537	0.0375657400451	0.0230760974563
-666	0.0851063829787	0.0	0.0	0.914893617021
-ↄbo	0.1	0.857142857143	0.0428571428571	0.0
-wee	0.122804523497	0.626767600746	0.0840815351866	0.166346340571
-ati	0.0	1.0	0.0	0.0
-ose	0.211607564816	0.263224379184	0.0843188124647	0.440849243535
-ŋↄe	0.0689655172414	0.931034482759	0.0	0.0
-eso	0.0179421457342	0.976565360674	0.00439399487367	0.00109849871842
-ian	0.0999999999999	0.814285714286	0.0857142857143	0.0
-osa	0.0	1.0	0.0	0.0
-kam	0.184041184041	0.689832689833	0.100386100386	0.0257400257401
-tam	0.272106610648	0.692225212806	0.0190376157028	0.0166305608438
-kaa	0.263193449614	0.110729404717	0.0439479770665	0.582129168602
-ula	0.150040369606	0.820066898205	0.0190313857668	0.0108613464225
-osi	0.757996328601	0.158663503278	0.0317631216736	0.0515770464472
-kae	0.41074909496	0.465329991646	0.0821498189919	0.0417710944027
-owↄ	0.765723369788	0.0723935337394	0.0213440838831	0.14053901259
-ŋte	0.0711910450382	0.104813355938	0.0262434454888	0.797752153535
-nia	0.0178723404255	0.945106382979	0.0325531914894	0.00446808510638
-iŋi	0.689134808853	0.248490945674	0.0	0.0623742454728
-daŋ	0.158489947144	0.791674197746	0.0187833957011	0.0310524594087
-ŋto	0.0251572327044	0.440251572327	0.509433962264	0.0251572327044
-ŋti	0.0847728301083	0.0593542892125	0.047842751058	0.808030129621
-ulu	0.480862510229	0.278381564714	0.207481643328	0.0332742817297
-nbo	0.139261744966	0.16610738255	0.644295302013	0.0503355704698
-ŋse	0.194232564515	0.638301054791	0.0554704367817	0.111995943912
-iiŋ	0.448810704395	0.431765655204	0.0399930330648	0.0794306073371
-ɛrɛ	0.274193548387	0.693548387097	0.0322580645161	0.0
-fiu	0.0559440559441	0.93006993007	0.0	0.013986013986
-fuu	0.111540941328	0.37556415216	0.0599613152805	0.452933591231
-fin	0.144874329285	0.789042643321	0.0	0.0660830273933
-fia	0.0	1.0	0.0	0.0
-mra	0.324779913068	0.498974030845	0.108995432782	0.0672506233038
-mre	0.381962864721	0.323607427056	0.278514588859	0.0159151193634
-gↄn	0.0	1.0	0.0	0.0
-ↄke	0.0322134660583	0.961150283423	0.0	0.00663625051846
-miŋ	0.0776699029126	0.601941747573	0.0291262135922	0.291262135922
-yue	0.291639236763	0.620061686363	0.077198621496	0.0111004553785
-saŋ	0.107904642409	0.861982434128	0.030112923463	0.0
-ↄta	0.273231622746	0.535367545076	0.113730929265	0.0776699029126
-ile	0.300259502366	0.699740497634	0.0	0.0
-ↄte	0.0944615926834	0.332787478117	0.0363843893616	0.536366539838
-ila	0.68474637365	0.16172536215	0.0141121312859	0.139416132914
-ↄto	0.362476613876	0.464283496965	0.131329783116	0.0419101060429
-ili	0.691625021541	0.251754018857	0.0169862878806	0.0396346717215
-ebi	0.139046180949	0.659997483327	0.11538945514	0.0855668805838
-woɛ	0.18261504748	0.315558802045	0.466764061359	0.0350620891161
-ebo	0.0361498897869	0.711094783248	0.085819250551	0.166936076415
-eba	0.213521784861	0.76496051589	0.0182072839804	0.00331041526915
-igi	0.0528052805281	0.906490649065	0.037403740374	0.003300330033
-oaa	0.34375	0.40625	0.03125	0.21875
-rɛɛ	0.181619123424	0.654668351502	0.138938413051	0.0247741120229
-amo	0.343283582089	0.597014925373	0.0597014925373	0.0
-ama	0.0204926108375	0.775369458128	0.204137931034	0.0
-buu	0.304545454546	0.476515151515	0.168181818182	0.0507575757576
-ebu	0.103105207482	0.584231598399	0.142740456073	0.169922738046
-nɛɛ	0.160545200884	0.453442904495	0.103155335211	0.28285655941
-ban	0.131524008351	0.530271398747	0.300626304802	0.0375782881002
-iri	0.0847674290424	0.746790766563	0.156618978765	0.0118228256296
-ire	0.0887464563047	0.772587205719	0.1164797239	0.0221866140762
-usa	0.0	0.965517241379	0.0344827586207	0.0
-ira	0.344379082171	0.514452581261	0.0919385664042	0.0492297701634
-use	0.0662791776804	0.889893923622	0.0299489028986	0.0138779957992
-amↄ	0.461590754589	0.328348062542	0.0203942895989	0.18966689327
-usu	0.746486283028	0.131701416063	0.0414282429328	0.0803840579758
-ŋfa	0.024523160763	0.926430517711	0.0490463215259	0.0
-epo	0.177446102819	0.782752902156	0.0149253731343	0.0248756218905
-yɛɛ	0.599429076281	0.0839261150674	0.0192727909299	0.297372017721
-oso	0.456041216553	0.332391557254	0.152235333223	0.0593318929699
-ŋaŋ	0.253715661548	0.328333092419	0.367661177405	0.0502900686284
-pia	0.5625	0.4	0.01875	0.01875
-wii	0.393892916012	0.404941162994	0.0779295992464	0.123236321748
-pii	0.0677900347468	0.851668184732	0.01855412745	0.0619876530715
-kↄŋ	0.786564115824	0.054304384814	0.0118219288628	0.147309570499
-ɛsa	0.319999716407	0.46719887697	0.0962445142399	0.116556892383
-ium	0.0388768898488	0.930885529158	0.0259179265659	0.00431965442765
-ɛsi	0.0	1.0	0.0	0.0
-ŋↄↄ	0.288508557457	0.394559902201	0.25412591687	0.0628056234719
-ŋna	0.0157060720797	0.859486748002	0.0417893703548	0.0830178095639
-ŋta	0.0446428571428	0.915178571429	0.0133928571429	0.0267857142857
-kↄↄ	0.287508053171	0.466229275412	0.152122750043	0.0941399213747
-owa	0.0	1.0	0.0	0.0
-ↄsa	0.0609756097561	0.59756097561	0.158536585366	0.182926829268
-ↄse	0.563563621286	0.326855345444	0.0624095177884	0.0471715154823
-agi	0.109756097561	0.890243902439	0.0	0.0
-aga	0.246	0.702	0.052	0.0
-mɛn	0.0115676277794	0.198534767148	0.00257058395099	0.787327021122
-kaŋ	0.260359234719	0.381680612873	0.229827566562	0.128132585845
-ɛɛŋ	0.380995475113	0.442533936652	0.100452488688	0.0760180995476
-one	0.025	0.775	0.05	0.15
-ega	0.0	1.0	0.0	0.0
-ona	0.273067468114	0.612564779806	0.0552723000144	0.059095452066
-ɛwↄ	0.358523159609	0.147487345004	0.0689524476118	0.425037047775
-uro	0.461538461538	0.487179487179	0.0512820512821	0.0
-egi	0.703879011776	0.054548603094	0.041272223505	0.200300161625
-oni	0.255458515284	0.657205240175	0.0262008733624	0.061135371179
-450	0.0526315789473	0.184210526316	0.0526315789473	0.71052631579
-dam	0.0444347636681	0.851884121106	0.0888695273361	0.0148115878894
-dan	0.007299270073	0.992700729927	0.0	0.0
-dao	0.171119722619	0.615949418723	0.167652457679	0.045278400979
-ane	0.333465488254	0.609529745256	0.0326698848205	0.0243348816696
-etↄ	0.279354958245	0.549330290782	0.0946965960152	0.0766181549577
-oti	0.044346149484	0.914596801633	0.0208687762277	0.0201882726551
-ani	0.0188235294118	0.952941176471	0.00403361344538	0.0242016806723
-rↄn	0.0205259781912	0.967928159076	0.0076972418217	0.00384862091084
-daa	0.0503340761926	0.0219489799579	0.00982909090176	0.917887852948
-ŋsa	0.463247643278	0.388818701522	0.122930783898	0.0250028713014
-tan	0.0	1.0	0.0	0.0
-tao	0.547880694629	0.278127553372	0.0927956010663	0.081196150933
-tae	0.0561861520999	0.865777525539	0.0405788876277	0.0374574347332
-taa	0.370009887108	0.296386821102	0.0743610900965	0.259242201693
-yim	0.263980147204	0.602210879558	0.0811454837709	0.0526634894673
-yii	0.867220173388	0.0738662763756	0.0119882224319	0.0469253278049
-200	0.102880658436	0.56378600823	0.0384087791495	0.294924554184
-oto	0.197324414716	0.698327759197	0.0882943143813	0.0160535117057
-yia	0.0553865900276	0.451296074109	0.435698540696	0.0576187951673
-sua	0.13163143199	0.850418827284	0.00598324690865	0.0119664938173
-mia	0.186344736972	0.636184084958	0.143455868939	0.0340153091299
-emↄ	0.155844155844	0.311688311688	0.0	0.532467532468
-yuŋ	0.238548752834	0.355102040816	0.36462585034	0.041723356009
-uwↄ	0.795065225088	0.0863767168677	0.0312130262565	0.0873450317879
-tɛe	0.218140287427	0.406395736176	0.152755305987	0.22270867041
-mii	0.0794728171335	0.130345963756	0.626490939044	0.163690280066
-eni	0.0735080072473	0.876688239324	0.0146638378794	0.0351399155497
-nↄn	0.0	1.0	0.0	0.0
-ene	0.087042752767	0.378830780041	0.050852711309	0.483273755883
-ena	0.125674480763	0.290341631959	0.0845678529584	0.499416034319
