-cak	0.6	0.355330553901	0.00881477069684	0.035854675402
-can	0.00537634408602	0.0706093189964	0.914336917563	0.00967741935484
-cam	0.913237868934	0.0565907953977	0.00583625145906	0.0243350842088
-car	0.691905094208	0.151131492374	0.0327983251919	0.124165088227
-tɔt	0.0328016833112	0.109148236909	0.66377003223	0.19428004755
-adɛ	0.0687065794851	0.55608908868	0.0176236207601	0.357580711075
-ŋdu	0.166402967188	0.686477792335	0.0541998235984	0.0929194168779
-idä	0.7	0.255	0.03	0.015
-ecä	0.607725391544	0.321188022397	0.013957640185	0.0571289458735
-̈kä	0.259590792839	0.31074168798	0.0537084398977	0.375959079284
-ɛŋɛ	0.778164635663	0.150460084556	0.0249937826411	0.04638149714
-änɛ	0.288007133304	0.145341061079	0.42844404815	0.138207757468
-̈lä	0.427860696517	0.462686567164	0.0597014925373	0.0497512437811
-̱i̱	0.0757288175141	0.165719888181	0.00892933263335	0.749621961671
-tɔr	0.00141726703673	0.993582929806	0.00358253612063	0.00141726703673
-o̱w	0.1051881951	0.837583155132	0.027530623619	0.0296980261485
-o̱t	0.370583401808	0.520295809367	0.0775677896467	0.0315529991783
-o̱r	0.571843921838	0.236610537978	0.084740723431	0.106804816753
-o̱p	0.499424626007	0.400076716532	0.018411967779	0.0820866896817
-ɛnɛ	0.031528287602	0.0187068641203	0.00312958726705	0.946635261011
-o̱m	0.400083548534	0.564028558408	0.0223302445694	0.0135576484885
-o̱l	0.126214698926	0.584765324442	0.195149753498	0.0938702231342
-o̱k	0.435930337806	0.350735553383	0.0568195449638	0.156514563848
-äŋɔ	0.366666666667	0.226666666667	0.05	0.356666666667
-äŋɛ	0.0919055798552	0.0931894246604	0.0534787767172	0.761426218767
-o̱c	0.215737983837	0.492896639728	0.24253509145	0.0488302849852
-ɛnɔ	0.128354876111	0.124833598145	0.0395499634989	0.707261562245
-yaŋ	0.0147965474723	0.932182490752	0.00739827373613	0.0456226880395
-eci	0.8033126294	0.0890269151139	0.0248447204969	0.0828157349896
-idh	0.0	1.0	0.0	0.0
-idu	0.359163591636	0.452644526445	0.10332103321	0.0848708487085
-hdu	0.184507505204	0.50191738797	0.0195025747781	0.294072532048
-ecu	0.00357027458648	0.820545828245	0.0027614528029	0.173122444366
-uth	0.192736041589	0.681153604823	0.081096865132	0.0450134884559
-hɔm	0.348525469169	0.642205236438	0.00370771775712	0.00556157663567
-hɔl	0.0672268907562	0.899159663866	0.0	0.0336134453781
-hɔk	0.739284512135	0.110416895165	0.0895399894859	0.060758603214
-iwɛ	0.385809312639	0.148558758315	0.439024390244	0.0266075388027
-erɔ	0.329545454545	0.227272727273	0.409090909091	0.0340909090909
-hɔt	0.610169491525	0.169491525424	0.220338983051	0.0
-hɔr	0.10108560242	0.840896956754	0.0281188823634	0.0298985584624
-hɔp	0.0	0.850899742931	0.13881748072	0.0102827763496
-ui̱	0.0776996699113	0.0998633989082	0.0108231225057	0.811613808675
-caŋ	0.531914893617	0.425531914894	0.0425531914894	0.0
-ikɔ	0.282159330334	0.555264506577	0.0643471328512	0.0982290302375
-wëë	0.36403302883	0.0313367128599	0.00805382807147	0.596576430238
-ŋɔl	0.158959537572	0.130057803468	0.676300578035	0.0346820809248
-ikɛ	0.161511996741	0.13407679208	0.0220472854735	0.682363925705
-ŋɔk	0.533734939759	0.177108433735	0.00722891566264	0.281927710843
-ŋut	0.0360387016599	0.924194455129	0.0307127851584	0.00905405805249
-ɔdɛ	0.165054179567	0.0592105263158	0.0218653250774	0.75386996904
-o̱ŋ	0.273610726921	0.16860541296	0.393560644663	0.164223215456
-ŋun	0.545086705202	0.226011560694	0.123121387283	0.105780346821
-ŋul	0.767567567568	0.183783783784	0.027027027027	0.0216216216216
-ŋuk	0.530284301607	0.358467243511	0.0964153275649	0.0148331273177
-ɔyä	0.075294794363	0.696347425942	0.200747771067	0.0276100086281
-iöt	0.207899106228	0.73889850567	0.000423923411171	0.0527784646907
-iök	0.929485682054	0.0245706895177	0.000384584705494	0.045559043723
-iöl	0.764500349406	0.147449336129	0.0	0.0880503144654
-hkɔ	0.281288723668	0.428748451053	0.089219330855	0.200743494424
-hkɛ	0.465504131195	0.357920605804	0.120682627032	0.0558926359688
-yaa	0.00324851109908	0.991878722252	0.00216567406605	0.00270709258257
-nup	0.0399334442596	0.930116472546	0.0299500831947	0.0
-yac	0.446454069491	0.504045692527	0.024750118991	0.024750118991
-yam	0.0914593140551	0.562429948442	0.296794440708	0.0493162967944
-yal	0.0245614035088	0.415350877193	0.183333333333	0.376754385965
-yan	0.128205128205	0.794871794872	0.0769230769231	0.0
-yak	0.481314168378	0.200821355236	0.120739219712	0.197125256674
-pkɛ	0.574364505009	0.306297498337	0.0555365170238	0.0638014796299
-pkɔ	0.835245046924	0.096976016684	0.00834202294056	0.0594369134515
-gëk	0.185714285714	0.557142857143	0.128571428571	0.128571428571
-gër	0.473684210526	0.421052631579	0.0526315789474	0.0526315789474
-̈yɛ	0.466666666667	0.133333333333	0.333333333333	0.0666666666667
-iäk	0.124550422255	0.302295081967	0.440715350224	0.132439145554
-adh	0.0	1.0	0.0	0.0
-adi	0.0	1.0	0.0	0.0
-adu	0.0	1.0	0.0	0.0
-aat	0.0457814691933	0.916002360329	0.0125531630631	0.025663007415
-iät	0.707692307692	0.107692307692	0.0307692307692	0.153846153846
-iär	0.246543778802	0.725806451613	0.0276497695853	0.0
-lan	0.253246753247	0.558441558442	0.107142857143	0.0811688311688
-uiy	0.101415948584	0.187543695617	0.606137181075	0.104903174724
-ieŋ	0.455583408646	0.222788371494	0.0176251446611	0.304003075199
-ɛni	0.0500078058509	0.259625117717	0.0212142882323	0.6691527882
-ɣɛm	0.0	1.0	0.0	0.0
-uir	0.326835643951	0.546216269472	0.0618036737283	0.0651444128488
-uit	0.480916030534	0.404580152672	0.0	0.114503816794
-ɛny	0.100839052215	0.618492252454	0.188232897467	0.0924357978636
-uic	0.784732377888	0.121171604061	0.00501399740943	0.089082020641
-aar	0.114474166195	0.303076422336	0.112693658558	0.469755752911
-erä	0.0929678188319	0.618593563766	0.241239570918	0.0471990464839
-ɛnt	0.189189189189	0.810810810811	0.0	0.0
-lat	0.625997131282	0.180772037545	0.0213014922368	0.171929338937
-äny	0.253783623026	0.421452646884	0.242680589518	0.0820831405724
-ɛŋu	0.0265351486524	0.00937760489024	0.00177132536816	0.962315921089
-ɛŋi	0.878606423517	0.0979858464889	0.0168753402286	0.00653238976592
-aan	0.0634572815299	0.339226969857	0.0325431503929	0.564772598221
-äni	0.0830482302614	0.0369683060033	0.017640777978	0.862342685757
-aai	0.335820895522	0.238805970149	0.291044776119	0.134328358209
-uum	0.103428510774	0.761341683473	0.110264303153	0.0249655026006
-uul	0.0677037573001	0.854772856478	0.0744224507726	0.00310093544886
-̈kɔ	0.0	0.0342857142857	0.0	0.965714285714
-uun	0.0694043780757	0.868488036654	0.0386899711522	0.0234176141185
-aak	0.0753682074283	0.81192589166	0.0470478387199	0.0656580621918
-uuk	0.585614513928	0.232827593589	0.0434829145594	0.138074977924
-uud	0.0	0.936170212766	0.063829787234	0.0
-̈kɛ	0.206756756757	0.271621621622	0.0972972972973	0.424324324324
-uuc	0.705775810022	0.202656470115	0.0565506138056	0.0350171060575
-ecɛ	0.623167502128	0.234961694883	0.075191525584	0.0666792774047
-idɛ	0.268218003674	0.495407225965	0.101041028781	0.13533374158
-uut	0.0905454503777	0.81684603835	0.0598287659457	0.0327797453266
-uup	0.222088111044	0.703681351841	0.0633675316838	0.0108630054315
-uur	0.731072601578	0.175938914882	0.014028072946	0.0789604105941
-adä	0.0884582982308	0.711878685763	0.0859309182814	0.113732097725
-bël	0.0585365853658	0.868292682927	0.0731707317073	0.0
-o̱n	0.782608695652	0.159420289855	0.0	0.0579710144928
-bër	0.931793617384	0.0433661376263	0.00625746629501	0.0185827786943
-bët	0.142857142857	0.730158730159	0.126984126984	0.0
-äŋä	0.0894573453533	0.627074691558	0.194569726143	0.0888982369448
-ray	0.0133674395577	0.981681656902	0.000990180707978	0.00396072283192
-rar	0.0548780487805	0.853658536585	0.0	0.0914634146341
-eru	0.4064171123	0.561497326203	0.0	0.0320855614973
-ɛnä	0.384615384615	0.523076923077	0.0923076923077	0.0
-ran	0.0542904888806	0.552556357604	0.0340686764884	0.359084477027
-eri	0.0877188086095	0.587529025632	0.124698579977	0.200053585782
-ram	0.0118269026646	0.529614160634	0.0047976788768	0.453761257825
-rak	0.0	1.0	0.0	0.0
-era	0.11320754717	0.301886792453	0.301886792453	0.283018867925
-iɔw	0.852028639618	0.147971360382	0.0	0.0
-jëk	0.604166666667	0.131944444444	0.0347222222222	0.229166666667
-iɔn	0.0	0.695652173913	0.304347826087	0.0
-iɔm	0.283558792924	0.521852237253	0.178980228928	0.0156087408949
-änä	0.145439377086	0.676028921023	0.0561735261402	0.122358175751
-ɛŋä	0.301299443096	0.489647294017	0.100528344995	0.108524917892
-iäŋ	0.314887584107	0.0560894221477	0.589978300906	0.0390446928393
-nor	0.24358974359	0.660256410256	0.0192307692308	0.0769230769231
-iku	0.128066528067	0.706029106029	0.0237006237006	0.142203742204
-nok	0.0876826722338	0.574112734864	0.125260960334	0.212943632568
-non	0.0	1.0	0.0	0.0
-cnɛ	0.565679100482	0.136087810102	0.0392646796359	0.25896840978
--ik	0.151515151515	0.646464646465	0.20202020202	0.0
-e̱t	0.0729862606642	0.0485171207936	0.0218037496795	0.856692868863
-ckɛ	0.578526496972	0.239026977798	0.101150053588	0.0812964716413
-tol	0.00526623756583	0.99122293739	0.0	0.00351082504388
-ŋɛr	0.758241758242	0.214285714286	0.0274725274725	0.0
-tok	0.90455500552	0.034189251754	0.00765696784073	0.0535987748851
-tɔ̱	0.21616775546	0.163417865877	0.0784788097326	0.54193556893
-tor	0.0839827727645	0.916017227236	0.0	0.0
-iek	0.0132759366257	0.713695112814	0.0057287588446	0.267300191715
-iem	0.125748502994	0.85628742515	0.0179640718563	0.0
-iel	0.0841698841699	0.79806949807	0.0602316602316	0.0575289575289
-ɔdu	0.130379098361	0.128842213115	0.0	0.740778688525
-ien	0.551573849879	0.297820823244	0.0755447941889	0.0750605326876
-iec	0.901389526677	0.0602921917785	0.00489820909231	0.0334200724527
-iee	0.674761491761	0.26261925412	0.0143972246314	0.0482220294883
-rod	0.0128977989626	0.947988223749	0.0370110752839	0.00210290200477
-ɔda	0.219512195122	0.658536585366	0.0243902439024	0.0975609756097
-ɔwɛ	0.513016845329	0.156202143951	0.275650842266	0.0551301684533
-roc	0.752913752914	0.219114219114	0.027972027972	0.0
-rol	0.090525508247	0.275795934024	0.415036440353	0.218642117376
-ron	0.0125874125874	0.983216783217	0.0041958041958	0.0
-ier	0.0716867667071	0.797378499581	0.0720141035413	0.0589206301701
-iet	0.482959065043	0.438352811601	0.0299822553999	0.0487058679557
-ikä	0.428147407908	0.256378655706	0.132426735214	0.183047201173
-uuŋ	0.147859922179	0.805447470817	0.0233463035019	0.0233463035019
-til	0.527272727273	0.327272727273	0.109090909091	0.0363636363636
-pku	0.164383561644	0.552511415525	0.228310502283	0.0547945205479
-gɔy	0.114573531854	0.194664305087	0.672496817402	0.0182653456578
-wkä	0.778979907264	0.1885625966	0.032457496136	0.0
-gɔw	0.12224631672	0.341689541658	0.48734447593	0.0487196656925
-gɔl	0.119956379498	0.58560523446	0.0327153762268	0.261723009815
-ɔdä	0.341609589041	0.159246575342	0.0	0.499143835617
-lek	0.594594594595	0.324324324324	0.0	0.0810810810811
-lel	0.0	1.0	0.0	0.0
-muc	0.175238063454	0.76942330797	0.0131268633471	0.0422117652294
-mun	0.145497422398	0.802676318965	0.0195788088187	0.032247449819
-iëë	0.0103625844445	0.967290276927	0.0141842843854	0.0081628542427
-mut	0.571428571429	0.398268398268	0.025974025974	0.004329004329
-mɔn	0.00715624467541	0.990799113989	0.0	0.00204464133583
-wäŋ	0.0298777727478	0.944318696243	0.0176550475328	0.0081484834767
-ler	0.0242718446602	0.917475728155	0.0582524271845	0.0
-pdɛ	0.386364852571	0.492855996147	0.0342484079841	0.0865307432974
-lew	0.0487804878049	0.80487804878	0.146341463415	0.0
-̱ŋi	0.236842105263	0.0350877192982	0.657894736842	0.0701754385965
-pen	0.830121341899	0.0992148465382	0.0556745182013	0.0149892933619
-̈ŋɛ	0.920549599011	0.0432320561097	0.0	0.0362183448792
-̈ɛ̈	0.136741549444	0.707138358178	0.0589544404787	0.0971656519001
-pek	0.107925699289	0.303869840437	0.172885550299	0.415318909975
-iɛŋ	0.568404833347	0.243208174519	0.0780958559728	0.110291136161
-iëc	0.29381127451	0.537990196078	0.00919117647059	0.159007352941
-ŋöt	0.198757763975	0.0248447204969	0.732919254658	0.0434782608695
-iën	0.647601476015	0.247232472325	0.0110701107011	0.0940959409594
-iëm	0.626595789209	0.213929931774	0.129337407392	0.0301368716253
-iël	0.0	1.0	0.0	0.0
-iëk	0.0445374952417	0.895317853064	0.0228397411496	0.0373049105443
-ith	0.321423865889	0.490424989601	0.116806780077	0.0713443644333
-ŋök	0.70510708402	0.27018121911	0.0148270181219	0.00988467874796
-män	0.0138337389522	0.943127962085	0.00960676316126	0.0334315358012
-mäm	0.0	1.0	0.0	0.0
-mäc	0.124454148472	0.836244541485	0.0393013100437	0.0
-uda	0.00122149837134	0.993892508143	0.00244299674267	0.00244299674267
-udh	0.0126336787278	0.844766443176	0.129578323267	0.0130215548291
-mät	0.631428571429	0.214285714286	0.0385714285714	0.115714285714
-haŋ	0.123711340206	0.876288659794	0.0	0.0
-nɛn	0.96621631851	0.0137466201179	0.00707012290205	0.0129669384702
-̱ŋä	0.305726509959	0.625977441948	0.0329705059759	0.0353255421171
-nɛy	0.0464963962639	0.369313033426	0.0153625246832	0.568828045626
-lor	0.776223776224	0.136752136752	0.009324009324	0.0777000777001
-a̱r	0.259042945924	0.597062810024	0.0544578818035	0.0894363622493
-mda	0.320864505403	0.559434746467	0.0498753117207	0.0698254364089
-tni	0.198637316385	0.62475459861	0.114980855067	0.0616272299371
-cɛm	0.0	1.0	0.0	0.0
-cɛl	0.0847842543527	0.915215745647	0.0	0.0
-cɛr	0.020202020202	0.979797979798	0.0	0.0
-hëm	0.365608055771	0.506584043377	0.0650658404338	0.0627420604183
-epɛ	0.678447944679	0.114099116404	0.110641567422	0.0968113714944
-rni	0.157638971198	0.811544387816	0.0165935759156	0.0142230650705
-pën	0.617615234798	0.194546634928	0.0956502921446	0.0921878381303
-uri	0.296270062542	0.613427774847	0.0504558812448	0.0398462813654
-iɛt	0.31545643795	0.245522188099	0.409341055713	0.029680318239
-̱nä	0.342071611253	0.476502557545	0.102301790281	0.0791240409207
-iɛr	0.236648434046	0.625003250665	0.138348315289	0.0
-iɛp	0.0428090918357	0.914381816329	0.0428090918357	0.0
-pëc	0.0355688546688	0.964431145331	0.0	0.0
-iɛy	0.536736020806	0.115734720416	0.053966189857	0.293563068921
-wɛt	0.377308707124	0.591029023747	0.0158311345646	0.0158311345646
-erɛ	0.161180978581	0.124428038065	0.0479325155096	0.666458467844
-iɛc	0.675177634996	0.0595757476439	0.0229371768867	0.242309440473
-iɛn	0.188769206633	0.404772784701	0.137137107299	0.269320901367
-iɛm	0.0499216914644	0.926292090838	0.0149765074393	0.00880971025842
-iɛl	0.398831003812	0.562744599746	0.0234815756035	0.0149428208386
-iɛk	0.221014874339	0.523785807847	0.147120615528	0.108078702287
-ɛ̱̈	0.25074192284	0.407973570749	0.210202138978	0.131082367434
-jɛr	0.030303030303	0.909090909091	0.030303030303	0.030303030303
-ëcɛ	0.549707602339	0.383458646617	0.0100250626567	0.0568086883876
-iëŋ	0.0826431547023	0.746038694904	0.053662585352	0.117655565042
--ta	0.0336134453781	0.949579831933	0.0	0.0168067226891
-jɛn	0.325228272565	0.0302024758018	0.0564505882876	0.588118663345
-̈dɛ	0.217257318952	0.548536209553	0.206471494607	0.0277349768875
-enɛ	0.468787503923	0.0537286977715	0.0130167463673	0.464467051938
-̱ni	0.0643267612068	0.632979024914	0.0288519020685	0.27384231181
-urä	0.697292199919	0.190219587768	0.0165701198976	0.0959180924154
-̱yɛ	0.330554759618	0.105118399291	0.0484065804383	0.515920260654
-dɔŋ	0.176207068193	0.0816326530612	0.662020905924	0.0801393728222
-̱ny	0.33034757759	0.430333489914	0.0991142316466	0.140204700849
-nna	0.0	1.0	0.0	0.0
-uɔy	0.179057591623	0.275392670157	0.48167539267	0.0638743455497
-uär	0.551190336578	0.150932332591	0.218130643837	0.0797466869943
-pda	0.79797979798	0.040404040404	0.121212121212	0.040404040404
-uäy	0.127680471436	0.40906858733	0.453429366508	0.00982157472581
-uäc	0.686332683451	0.274222259897	0.0186488090192	0.0207962476336
-pdu	0.331040913859	0.466138244551	0.0419629327428	0.160857908847
-uäk	0.559978768578	0.273905009043	0.057894943776	0.108221278603
-uän	0.240875912409	0.175182481752	0.532846715329	0.0510948905109
-uäl	0.282160392799	0.553846153846	0.0962356792144	0.0677577741407
-mdu	0.198044166738	0.303582127878	0.0327398784559	0.465633826928
-000	0.319865319865	0.205387205387	0.0	0.474747474747
-ueŋ	0.244224422442	0.486248624863	0.247524752475	0.02200220022
-ŋak	0.659205776173	0.200722021661	0.0859205776173	0.0541516245487
-̱ŋɛ	0.523179340447	0.246721879774	0.141796620764	0.0883021590155
-ŋal	0.448275862069	0.103448275862	0.0	0.448275862069
-̱ŋɔ	0.310198300283	0.436260623229	0.100566572238	0.152974504249
-ŋar	0.41422455133	0.351457746964	0.17113090574	0.0631867959656
-ŋap	0.559633027523	0.110091743119	0.0550458715596	0.275229357798
-ɛɛk	0.177165354331	0.638582677165	0.0425196850394	0.141732283465
-ɛɛm	0.0405797101449	0.91884057971	0.0	0.0405797101449
-ɛɛl	0.0386026991442	0.0993202764977	0.0451777485188	0.816899275839
-ɛɛn	0.630199784754	0.082501293696	0.0316011035306	0.255697818019
-udɛ	0.00692383778437	0.951533135509	0.0	0.0415430267062
-ɛɛc	0.417353799315	0.157681085881	0.343777749588	0.0811873652162
-ɛɛy	0.0909090909091	0.462809917355	0.198347107438	0.247933884298
-ɛyɛ	0.491400491401	0.250614250614	0.110565110565	0.14742014742
-ɛɛp	0.0666666666667	0.755555555556	0.0888888888889	0.0888888888889
-ɛɛr	0.253494444337	0.573457762411	0.0982290971806	0.0748186960711
-ɛɛt	0.227014755959	0.737514188422	0.0280930760499	0.00737797956866
-ɛɛw	0.154181184669	0.104529616725	0.132404181185	0.608885017422
-pdä	0.351365546218	0.40231092437	0.148109243697	0.0982142857143
-mdä	0.205526431826	0.432291411494	0.0240066630738	0.338175493606
-lkä	0.374432933848	0.551312433701	0.0236982869524	0.0505563454984
-rɔa	0.0449354825411	0.0387929257534	0.163016272181	0.753255319525
-tɛŋ	0.75	0.166666666667	0.0333333333333	0.05
-yud	0.0	1.0	0.0	0.0
-yup	0.427710843374	0.21686746988	0.0	0.355421686747
-yut	0.654867256637	0.29203539823	0.0530973451327	0.0
-nɔk	0.0127388535032	0.987261146497	0.0	0.0
-nɔm	0.556977209116	0.331867253099	0.0239904038385	0.0871651339464
-taŋ	0.172510518934	0.772791023843	0.0294530154278	0.0252454417952
-tɔŋ	0.151515151515	0.848484848485	0.0	0.0
-bdɛ	0.415492957747	0.542253521127	0.0	0.0422535211268
-nɛɛ	0.260828327537	0.632469174834	0.0684476762567	0.0382548213722
-ëpɛ	0.435114503817	0.381679389313	0.18320610687	0.0
-ɛth	0.324106127031	0.509826914034	0.135293760714	0.0307731982221
-ëcä	0.492025132914	0.389076848719	0.0347994200097	0.0840985983567
-uäŋ	0.156286306875	0.219213921186	0.376859987779	0.24763978416
--gä	0.0	0.986666666667	0.0	0.0133333333333
-tnɛ	0.329818232274	0.270154016928	0.121548494519	0.278479256279
-wil	0.84	0.16	0.0	0.0
-alɛ	0.324957708033	0.573850702463	0.0467911934869	0.0544003960166
-uey	0.043628296771	0.255607591817	0.635937885137	0.0648262262756
-uet	0.47619047619	0.440476190476	0.0238095238095	0.0595238095238
-uer	0.17343759303	0.579455018159	0.182904320559	0.0642030682517
-uel	0.155351044078	0.810381185963	0.0134091273752	0.0208586425837
-urɛ	0.843082894372	0.0640421402827	0.0354865539229	0.0573884114223
-uek	0.518699532512	0.398640033999	0.0210369740757	0.0616234594136
-enä	0.183778739105	0.778716254815	0.0117860849632	0.0257189211162
-uec	0.456822899068	0.256085984135	0.076925552284	0.210165564512
-iim	0.238161559889	0.438718662953	0.243732590529	0.0793871866295
-iin	0.114229443624	0.879862136878	0.0	0.00590841949779
-iik	0.195426195426	0.752598752599	0.039501039501	0.012474012474
-iic	0.136208853576	0.795686719637	0.0681044267877	0.0
-iib	0.1	0.9	0.0	0.0
-iiy	0.119899032394	0.804375262937	0.0504838031132	0.0252419015566
-iit	0.115724815725	0.825798525798	0.0435708435708	0.0149058149058
-iiw	0.226666666667	0.266666666667	0.213333333333	0.293333333333
-iip	0.687843921961	0.15907953977	0.024012006003	0.129064532266
-iir	0.443165467626	0.530524152107	0.0	0.0263103802672
-ɛɛŋ	0.179104477612	0.686567164179	0.134328358209	0.0
-l-ä	0.0	1.0	0.0	0.0
-päm	0.0532224532225	0.912127512128	0.0079002079002	0.0267498267498
-päl	0.580939332962	0.191976709338	0.0819454553239	0.145138502376
-pät	0.500777604977	0.409020217729	0.0233281493002	0.0668740279937
-pär	0.530546623794	0.334405144695	0.0829581993569	0.0520900321543
-cɔl	0.940437477143	0.0345454725168	0.00370659576361	0.0213104545769
-tan	0.065331010453	0.922256097561	0.00979965156795	0.00261324041812
-tak	0.270036351047	0.252207027869	0.467370607582	0.0103860135018
-cɔa	0.0813008130081	0.918699186992	0.0	0.0
-ëëp	0.434725890846	0.426915021484	0.0474841839342	0.0908749037361
-cɔw	0.0622222222222	0.764444444444	0.0466666666666	0.126666666667
-tap	0.063492063492	0.444444444444	0.412698412698	0.079365079365
-tar	0.672131147541	0.131147540983	0.0	0.196721311475
-cut	0.142268041237	0.771134020619	0.0618556701031	0.0247422680412
-eny	0.191680417514	0.169870933906	0.170510508206	0.467938140374
-tɛk	0.45045045045	0.225225225225	0.027027027027	0.297297297297
-̈du	0.383540767081	0.384048768098	0.0254000508001	0.207010414021
-cni	0.179221314491	0.640014954164	0.0866010633833	0.094162667962
-tɛm	0.702040816327	0.14693877551	0.0612244897959	0.0897959183673
-tɛr	0.195947620228	0.305034023979	0.0114366315308	0.487581724263
-̱nɔ	0.326028861571	0.380010689471	0.0342063067878	0.25975414217
-eni	0.428786687631	0.343062106918	0.0707956629979	0.157355542453
-tɛt	0.755926251097	0.180860403863	0.0	0.0632133450395
-̈dh	0.0298507462686	0.970149253731	0.0	0.0
-cup	0.656760150691	0.164922561741	0.0862285475094	0.0920887400586
-ena	0.0	0.990610328638	0.0	0.0093896713615
-lɔr	0.0585371508056	0.320544028438	0.583246396971	0.0376724237858
-her	0.0	1.0	0.0	0.0
-lɔt	0.0241448692153	0.951710261569	0.0241448692153	0.0
-lɔk	0.464870575806	0.311146328579	0.0655044902271	0.158478605388
-hem	0.411764705882	0.438235294118	0.0264705882353	0.123529411765
-lɔn	0.0202133632791	0.952835485682	0.0134755755194	0.0134755755194
-lɔl	0.844057398724	0.111518527659	0.044424073617	0.0
-lɔc	0.397649363369	0.396914789422	0.140793339863	0.0646425073457
-okä	0.0810439560439	0.873626373626	0.0164835164835	0.0288461538462
-äcä	0.155678001283	0.599388610031	0.153979695815	0.0909536928709
-kɔŋ	0.35342239294	0.0611423778672	0.105412862995	0.480022366198
-läk	0.437307523097	0.429388473383	0.0554333479983	0.0778706555213
--ud	0.0	1.0	0.0	0.0
-pur	0.858064516129	0.103225806452	0.0258064516129	0.0129032258064
--ɔt	0.0	1.0	0.0	0.0
--ɔk	0.0	0.994577006508	0.0	0.00542299349241
--ɔn	0.186440677966	0.71186440678	0.0677966101695	0.0338983050847
-puc	0.0586967783324	0.209476229458	0.0646507099145	0.667176282295
-pul	0.0	0.903846153846	0.0	0.0961538461538
-lär	0.669022790798	0.18831971619	0.0285288110084	0.114128682004
-lät	0.639595865335	0.222093468724	0.0227241371756	0.115586528766
-knɛ	0.431357404904	0.30855377486	0.102529445839	0.157559374397
-ëlɛ	0.604166666667	0.395833333333	0.0	0.0
-ëlɔ	0.979591836735	0.0	0.0204081632653	0.0
-ɔkɛ	0.590672826159	0.204877402413	0.112298305738	0.0921514656901
-inɛ	0.225994180407	0.290979631426	0.0145489815713	0.468477206596
-̱lɛ	0.331983600477	0.529492801979	0.0667622460804	0.0717613514632
-ydä	0.151953536542	0.221851104745	0.0163869858415	0.609808372872
-inɔ	0.0495645491803	0.115474970726	0.0739863875879	0.760974092506
-dee	0.173669760883	0.0416814069634	0.0675645375865	0.717084294567
-del	0.81679389313	0.160305343511	0.0	0.0229007633588
-dem	0.328571428571	0.471428571429	0.0571428571429	0.142857142857
-dep	0.207877461707	0.749452954048	0.0361050328227	0.00656455142231
-der	0.0735294117647	0.659759358289	0.0120320855615	0.254679144385
-det	0.00482509047045	0.985524728589	0.0	0.00965018094089
-äpɔ	0.72	0.28	0.0	0.0
-goŋ	0.433598183882	0.178206583428	0.192395005675	0.195800227015
-bid	0.00347383047708	0.995136637332	0.00138953219083	0.0
-äci	0.732808022923	0.0883476599809	0.0222063037249	0.156638013372
-bia	0.117571356777	0.0204133573499	0.0134511692789	0.848564116594
-bil	0.776271186441	0.0305084745763	0.193220338983	0.0
-met	0.0879043255599	0.066418781701	0.0212893288465	0.824387563893
-jil	0.0434782608696	0.724637681159	0.231884057971	0.0
-hdɛ	0.186458857439	0.644372418474	0.101938850731	0.0672298733565
--äm	0.00715990453461	0.990453460621	0.00238663484487	0.0
-ydu	0.198956992406	0.381595096622	0.0929358918439	0.326512019128
-ɣäp	0.0	0.78488372093	0.155315614618	0.0598006644518
-jic	0.274274977659	0.648735554928	0.0288710502799	0.0481184171332
-jia	0.0	0.986486486486	0.0135135135135	0.0
-ɣän	0.12006549352	0.0251936254533	0.0013279892619	0.853412891764
-luk	0.546391370427	0.426066649368	0.00722837973088	0.0203136004745
-lul	0.830152735761	0.108806621904	0.0225380833238	0.0385025590116
-lun	0.271502147335	0.615947871588	0.0730587596466	0.0394912214306
-jiw	0.107883817427	0.54356846473	0.0165975103734	0.331950207469
-luc	0.0692307692308	0.884615384615	0.0115384615385	0.0346153846154
-örɛ	0.619019895204	0.176687880187	0.0696231756038	0.134669049005
-yda	0.316176470588	0.573529411765	0.0551470588235	0.0551470588235
-kɔt	0.644262295082	0.216393442623	0.0827868852458	0.0565573770492
-ërä	0.441717791411	0.478527607362	0.0613496932515	0.0184049079754
-kɔp	0.0295566502463	0.970443349754	0.0	0.0
-kɔr	0.0733992882097	0.0381362849773	0.0111666176903	0.877297809123
-rɔm	0.5465057818	0.387129210659	0.0241327300151	0.0422322775264
-rɔw	0.0032398753894	0.0159916926272	0.0276635514019	0.953104880582
-̱th	0.285265096517	0.496868396578	0.0884106452259	0.129455861679
-kɔb	0.0	0.998385794996	0.0	0.00161420500404
-kɔc	0.219895287958	0.369109947644	0.115183246073	0.295811518325
-kɔm	0.0180137095489	0.961661087199	0.00239120038259	0.0179340028695
-kɔn	0.037288173151	0.130944110871	0.0141818040806	0.817585911897
-kɔk	0.766796705678	0.179280450802	0.00416124837451	0.0497615951452
-ɣer	0.72	0.146666666667	0.02	0.113333333333
-gik	0.351063829787	0.531914893617	0.095744680851	0.0212765957447
-upä	0.104363207547	0.754127358491	0.0990566037736	0.0424528301887
-läŋ	0.900592325522	0.0244656193665	0.0339943342776	0.0409477208344
-olɛ	0.48502994012	0.51497005988	0.0	0.0
-aki	0.554913294798	0.273121387283	0.0722543352601	0.0997109826589
-ykɛ	0.233218241757	0.489624598688	0.0916603131899	0.185496846365
-aku	0.368991198375	0.39404197698	0.0744752877455	0.162491536899
-ayä	0.32479736873	0.408238380516	0.0734562825483	0.193507968205
-gok	0.753503960999	0.0639853747715	0.0246800731262	0.157830591103
-gon	0.0	1.0	0.0	0.0
-öny	0.356485355649	0.515481171548	0.0979079497907	0.0301255230125
-gog	0.0357142857143	0.946428571429	0.0178571428571	0.0
-ëri	0.0271766998257	0.933545277407	0.0322018254538	0.00707619731309
-com	0.83634644925	0.107763204537	0.0360392295876	0.0198511166253
-col	0.536676336511	0.25569830087	0.145462080398	0.0621632822213
-con	0.0	1.0	0.0	0.0
-cop	0.726102653942	0.08984323353	0.0296059353102	0.154448177218
-cor	0.0874635568513	0.912536443149	0.0	0.0
-ucɛ	0.2	0.428571428571	0.209523809524	0.161904761905
-luŋ	0.104662226451	0.675547098002	0.107992388202	0.111798287345
-wkɔ	0.413043478261	0.554347826087	0.0217391304348	0.0108695652174
-akä	0.565531391464	0.155354791867	0.0497063742691	0.2294074424
-wkɛ	0.395337404445	0.376658597447	0.18837240187	0.0396315962377
--ra	0.00711462450594	0.984980237154	0.0	0.00790513833993
--ri	0.0	1.0	0.0	0.0
--ru	0.00302495588606	0.957650617595	0.0347869926897	0.00453743382909
-gad	0.0	1.0	0.0	0.0
-gan	0.0922598479613	0.836212854181	0.022805805114	0.0487214927436
-gal	0.225806451613	0.744416873449	0.00496277915632	0.0248138957816
-gak	0.448165393973	0.391039564209	0.0611515397383	0.0996435020805
-gat	0.012487567687	0.958127969941	0.00908387667145	0.0203005857001
-gar	0.0480769230769	0.932692307692	0.0192307692308	0.0
-gay	0.0	1.0	0.0	0.0
-ini	0.174647887324	0.495774647887	0.185915492958	0.143661971831
-örä	0.635926098432	0.085286963722	0.0412979351032	0.237489002743
-a̱ŋ	0.158941961113	0.261358850199	0.135748411796	0.443950776893
-wër	0.583564185166	0.29873271745	0.00213093999524	0.115572157389
-rnɛ	0.522894385027	0.192680481283	0.107286096257	0.177139037433
-̱la	0.310262529833	0.675417661098	0.0	0.0143198090692
-iny	0.114425973501	0.227324789462	0.0132517864048	0.644997450632
-kni	0.126979154261	0.714570659282	0.123606475793	0.0348437106638
-rɔ̱	0.211637207288	0.0933107351438	0.0541510551318	0.640901002436
-ëli	0.0282574568289	0.930228501657	0.0209314495029	0.0205825920112
-hdä	0.0786601478677	0.497824854522	0.0586246802291	0.364890317381
-mer	0.305034550839	0.651530108588	0.0148075024679	0.0286278381046
--da	0.00549450549452	0.989010989011	0.0	0.00549450549451
-yär	0.712769849982	0.100622027076	0.173435784852	0.01317233809
-yäp	0.75	0.107142857143	0.0714285714286	0.0714285714286
-yäk	0.783254384842	0.0151069005249	0.0	0.201638714633
-äcɛ	0.884777887463	0.0593089832182	0.00568608094768	0.0502270483712
-okɛ	0.605729877217	0.279217826285	0.0477489768076	0.0673033196908
-bɛr	0.0	1.0	0.0	0.0
-bɛl	0.102906253534	0.805778581929	0.0743525952731	0.0169625692638
-yel	0.0250312891114	0.949937421777	0.0250312891114	0.0
-bɛn	0.071475843812	0.902713434811	0.0	0.0258107213766
-bɛc	0.347811437498	0.28615186694	0.243820259136	0.122216436426
-bɛd	0.290076335878	0.709923664122	0.0	0.0
-ydɛ	0.127293652751	0.333010173854	0.0365822199922	0.503113953403
-̱lä	0.195943568252	0.510381010269	0.145238171407	0.148437250072
-inä	0.239191073919	0.380055788005	0.270920502092	0.109832635983
-öri	0.0814134842476	0.851521768192	0.0548995142819	0.0121652332784
-öru	0.327272727273	0.436363636364	0.109090909091	0.127272727273
-ɔkä	0.102624021623	0.848386733487	0.0177374852188	0.0312517596711
-ëlä	0.0408163265306	0.836734693878	0.0	0.122448979592
-hda	0.320017930966	0.377147980276	0.180803904966	0.122030183792
-rëp	0.478983382209	0.421309872923	0.0293255131965	0.0703812316715
-rët	0.524819027921	0.0330920372285	0.0186142709411	0.423474663909
--dä	0.154929577465	0.816901408451	0.0281690140845	0.0
-gaŋ	0.611336032389	0.219298245614	0.104588394062	0.0647773279352
-ɣɛl	0.568965517241	0.241379310345	0.0862068965517	0.103448275862
-kɛt	0.548906789413	0.428078250863	0.0126582278481	0.0103567318757
-kɛk	0.4	0.314285714286	0.228571428571	0.0571428571429
-kɛm	0.0	1.0	0.0	0.0
-kɛl	0.0195955517286	0.0517654418513	0.0696277837123	0.859011222708
-kɛn	0.113949369294	0.0591669120911	0.0141551109802	0.812728607635
-kɛc	0.181191835056	0.712375957633	0.106432207311	0.0
-ayɛ	0.875246107034	0.124753892966	0.0	0.0
-yku	0.347315436242	0.548657718121	0.0	0.104026845638
-lɔ̱	0.358417377812	0.166020170675	0.0271528316524	0.44840961986
-oli	0.231233243968	0.768766756032	0.0	0.0
-akɛ	0.498694196487	0.29131610195	0.0720921061566	0.137897595406
-yäŋ	0.173076923077	0.711538461538	0.0384615384615	0.0769230769231
-akɔ	0.129411644337	0.0386490482256	0.00795490006497	0.823984407373
-a̱m	0.716297236082	0.138758147573	0.00631285416436	0.13863176218
-a̱l	0.55685511786	0.288359438751	0.0665402663647	0.0882451770242
-a̱n	0.36257617089	0.372807438596	0.023618712257	0.240997678257
-a̱k	0.410754732359	0.376203670173	0.0457241664878	0.16731743098
-a̱c	0.685556738131	0.174221491662	0.0696191322798	0.0706026379272
-a̱y	0.0685999376365	0.825070159027	0.044901777362	0.0614281259744
-a̱t	0.659297893529	0.164911494103	0.0103037159459	0.165486896422
-a̱w	0.276923076923	0.661538461538	0.0	0.0615384615385
-a̱p	0.229768447899	0.606256507106	0.0843159568372	0.0796590881577
-ucä	0.251256281407	0.541756401053	0.10911701364	0.0978703039004
-mar	0.303703703704	0.67037037037	0.0185185185185	0.0074074074074
-mat	0.426602948908	0.351467784082	0.0265621444322	0.195367122578
-̈th	0.263121344107	0.448808159928	0.091466091986	0.196604403979
-har	0.11496167944	0.721759413529	0.118293902033	0.0449850049983
-ërɔ	0.149253731343	0.701492537313	0.149253731343	0.0
-hat	0.0	1.0	0.0	0.0
-ërɛ	0.285736320518	0.341829586499	0.0596408694199	0.312793223563
-ji̱	0.0125292025283	0.0274995407604	0.0079859085105	0.951985348201
-äbä	0.0856432125089	0.877043354655	0.0042643923241	0.0330490405117
-wic	0.040064700759	0.222719920368	0.704864999378	0.0323503794949
-ykä	0.242424242424	0.616161616162	0.020202020202	0.121212121212
-olä	0.0295081967213	0.884309133489	0.00140515222482	0.0847775175644
-upɛ	0.350877192982	0.122807017544	0.21052631579	0.315789473684
-jum	0.129032258065	0.870967741935	0.0	0.0
-ɛdh	0.0	1.0	0.0	0.0
-ɛdi	0.0331648768162	0.0492735312697	0.751737207833	0.165824384081
-̱mi	0.796610169492	0.169491525424	0.0	0.0338983050847
-ɔɔŋ	0.407012195122	0.492378048781	0.00914634146341	0.0914634146342
-ciɛ	0.19846115951	0.102157228791	0.0182794026136	0.681102209085
-ɔ̱ŋ	0.263268580686	0.176280902902	0.202249466453	0.358201049959
-ölɛ	0.56170212766	0.36170212766	0.00851063829787	0.0680851063831
-̱cä	0.621961629822	0.287030607067	0.0513732695378	0.0396344935731
-aŋɛ	0.572162155002	0.233104438284	0.112034933993	0.0826984727216
-liŋ	0.942671841325	0.041163979927	0.000596464160457	0.0155677145879
--el	0.0234558248632	0.949569976544	0.0152462861611	0.0117279124316
-emɛ	0.843243243243	0.124324324324	0.0324324324324	0.0
-häk	0.0173913043478	0.982608695652	0.0	0.0
-duŋ	0.335295120678	0.129126599873	0.106429977626	0.429148301822
-rku	0.379943502825	0.526836158192	0.0268361581921	0.0663841807909
-elu	0.191011235955	0.589887640449	0.0505617977528	0.168539325843
-öcä	0.479338842975	0.214876033058	0.239669421487	0.0661157024793
-eli	0.257641921397	0.655021834061	0.00873362445414	0.0786026200874
-iyi	0.0863309352518	0.36690647482	0.460431654676	0.0863309352518
-tdä	0.174405588681	0.580033891182	0.0725372244839	0.173023295654
-̱mä	0.135436270926	0.749993258192	0.065436935611	0.049133535271
-äpɛ	0.529411764706	0.234539969834	0.138009049774	0.0980392156863
-̱ci	0.463936208771	0.403407031533	0.0130482058717	0.119608553824
-uen	0.570057581574	0.247600767754	0.142034548944	0.0403071017274
-hul	0.161713890809	0.562543192813	0.250863856254	0.0248790601244
-huk	0.232905635862	0.497834443181	0.220616100915	0.0486438200422
-däk	0.536500498545	0.185647637141	0.0555580630998	0.222293801214
-där	0.106151871235	0.71215562358	0.0222178335144	0.15947467167
-iäm	0.0503978779841	0.928381962865	0.0212201591512	0.0
-hur	0.24716553288	0.650793650794	0.0748299319728	0.0272108843537
-̱rɔ	0.219321607488	0.627056649822	0.0173911406819	0.136230602008
-ënɛ	0.0971803052513	0.0945072001379	0.0331120117272	0.775200482884
-ɔmɛ	0.590146183	0.334596643205	0.0487276664862	0.0265295073091
-koc	0.655555555556	0.277777777778	0.0666666666666	0.0
-tuk	0.43605059733	0.413914265636	0.0474349964863	0.102600140548
-ɔmɔ	0.19083424882	0.154797043746	0.038799812812	0.615568894622
-ilɛ	0.0731242383645	0.181157866666	0.0104713933137	0.735246501656
-kok	0.571513002364	0.302600472813	0.040780141844	0.0851063829788
-̱rɛ	0.557423173977	0.249035728449	0.0716474255445	0.12189367203
-tup	0.051724137931	0.948275862069	0.0	0.0
-ëŋɛ	0.572455414661	0.21441649149	0.147623245406	0.0655048484437
-tut	0.363636363636	0.424242424242	0.0454545454545	0.166666666667
-rkä	0.0	0.961565338924	0.0356394129979	0.00279524807826
-elä	0.226808510638	0.622553191489	0.0331914893617	0.117446808511
-ärɔ	0.283519297604	0.336625815499	0.110968843363	0.268886043534
-jek	0.867255062085	0.0512280922168	0.00996712523819	0.0715497204599
-liw	0.043176389168	0.0771995624316	0.327015381868	0.552608666533
-ɛku	0.26706231454	0.502292959266	0.080927974103	0.149716752091
-ärɛ	0.168603026547	0.673837527071	0.0756337775064	0.0819256688761
-ɛki	0.377682403434	0.261802575107	0.0	0.360515021459
-lim	0.339694656489	0.614503816794	0.0171755725191	0.0286259541985
-lio	0.0192307692308	0.980769230769	0.0	0.0
-lik	0.105374077977	0.86512118019	0.0252897787144	0.00421496311907
-lia	0.0151898734177	0.979746835443	0.00506329113924	0.0
-ɔɔc	0.674827730215	0.163917310503	0.0865003132178	0.0747546460639
-ɔɔk	0.676592570491	0.166224078771	0.0220796658213	0.135103684917
-ɔ̱w	0.329458251732	0.613162416388	0.0236453290717	0.0337340028089
-ɔ̱p	0.137121910656	0.625335875142	0.0463408701359	0.191201344066
-ɔɔn	0.0880077369439	0.64635718891	0.211798839458	0.0538362346873
-ɔ̱r	0.553810952293	0.256379681164	0.040759724429	0.149049642113
-ɔɔl	0.322828682938	0.597833051785	0.0482320731636	0.0311061921128
-ɔ̱l	0.289046500007	0.579731893118	0.0771375646493	0.0540840422257
-ɔ̱m	0.11601843318	0.661585253456	0.148755760369	0.0736405529954
-ɔ̱n	0.0847196777545	0.798993130677	0.0486564716955	0.0676307198731
-ɔɔp	0.100558659218	0.899441340782	0.0	0.0
-ɔ̱k	0.182940514816	0.401772424166	0.180762326829	0.234524734188
-ɔɔy	0.0980653324898	0.577586493956	0.242599314042	0.0817488595118
-ɔ̱c	0.278548896664	0.324203357595	0.299803745414	0.0974440003266
-dup	0.0845945945946	0.779189189189	0.0297297297297	0.106486486486
-pak	0.170138888889	0.274305555556	0.493055555556	0.0625
-pal	0.604866614578	0.370911932135	0.00920861703315	0.0150128362541
-pam	0.383458646617	0.390977443609	0.0	0.225563909774
-pan	0.0840840840841	0.897897897898	0.012012012012	0.006006006006
-pac	0.0636942675159	0.910828025478	0.0254777070064	0.0
-pay	0.0294704187902	0.174828273875	0.70751163306	0.0881896742743
-öpɛ	0.178628389155	0.744816586922	0.066985645933	0.00956937799042
-pap	0.351706036745	0.42782152231	0.173228346457	0.0472440944882
-par	0.524752475248	0.19801980198	0.277227722772	0.0
-duk	0.0494505494506	0.851648351648	0.0824175824175	0.0164835164836
-pat	0.438356164383	0.545205479452	0.00821917808219	0.00821917808222
-dun	0.166213442969	0.369758922792	0.0608997354013	0.403127898837
-anɔ	0.398629871389	0.178698377819	0.0442060363213	0.37846571447
-anɛ	0.172077502506	0.0802375766246	0.0139745375009	0.733710383369
-tum	0.171428571429	0.695238095238	0.133333333333	0.0
-ɛkä	0.0996867104598	0.445659423952	0.0837998989388	0.37085396665
-omä	0.200934579439	0.677570093458	0.102803738318	0.018691588785
-dia	0.00476947535771	0.975863564099	0.00216794334442	0.017199017199
-dil	0.552272727273	0.413636363636	0.0204545454545	0.0136363636364
-din	0.107611548556	0.742782152231	0.110236220472	0.0393700787401
-opɛ	0.858585858586	0.060606060606	0.0404040404041	0.040404040404
-dii	0.00329851566794	0.985156679494	0.0115448048378	0.0
-dit	0.355679702048	0.588454376164	0.0558659217877	0.0
-diw	0.303382029218	0.218931358815	0.31438863318	0.163297978787
-äŋi	0.264150943396	0.339622641509	0.169811320755	0.22641509434
-ɣɔk	0.84	0.0266666666667	0.0	0.133333333333
-tuŋ	0.0618556701031	0.855670103093	0.0618556701031	0.020618556701
-ɣɔw	0.118377455738	0.758191371867	0.028146858998	0.0952843133974
-ɣɔr	0.286493860846	0.345156889495	0.351978171896	0.0163710777626
-ɣum	0.0	1.0	0.0	0.0
-huŋ	0.0894706686059	0.078011371149	0.0171889461854	0.81532901406
-mnɛ	0.414364640884	0.360220994475	0.0828729281768	0.142541436464
-ädɛ	0.185614313827	0.591262843185	0.0843587554512	0.138764087536
-öli	0.0916549929958	0.742245347208	0.118070842506	0.0480288172904
-cin	0.184306569343	0.552919708029	0.109489051095	0.153284671533
-cim	0.788675429727	0.174924165824	0.0	0.0364004044489
-cia	0.129952604981	0.161923014969	0.0167335101879	0.691390869862
-̱mɛ	0.635219460603	0.156213643575	0.162242199894	0.0463246959281
-ciw	0.0198206701274	0.147711184521	0.832468145352	0.0
-ääc	0.277427908518	0.647663241631	0.0749088498508	0.0
-elɛ	0.172167282065	0.692504723299	0.0255619545424	0.109766040094
-rkɛ	0.605813682971	0.234440246812	0.0439880483206	0.115758021896
-jäk	0.969856310821	0.0157199978091	0.00155191616001	0.0128717752095
-ääk	0.117275813208	0.548595773017	0.254087458385	0.0800409553894
-lip	0.136336692353	0.840992522801	0.00686363210932	0.0158071527366
-rkɔ	0.568123032023	0.203120654751	0.0446747623476	0.184081550878
-ɛ̈r	0.175075987842	0.680729483283	0.0610334346505	0.0831610942249
-ääm	0.028409747084	0.95218847442	0.0	0.0194017784964
-ääl	0.491775763679	0.281973816717	0.0704934541792	0.155756965425
-̱rä	0.569419971328	0.339843932427	0.0506279861241	0.0401081101207
-äär	0.0247384810432	0.889050675689	0.0484258746307	0.0377849686367
-ilä	0.286363636364	0.559090909091	0.127272727273	0.0272727272727
-ääp	0.683533447684	0.132075471698	0.140651801029	0.0437392795884
-äät	0.102033457717	0.759859125404	0.0789903987254	0.0591170181544
-ääy	0.165172251062	0.529023124115	0.283152430392	0.0226521944313
-ɔmä	0.329104091145	0.60486794407	0.0302951838426	0.0357327809425
-ënä	0.879518072289	0.120481927711	0.0	0.0
-ömɛ	0.396825396825	0.380952380952	0.15873015873	0.063492063492
-thi	0.272089726972	0.636293968024	0.0558031704116	0.0358131345931
-emä	0.605042016807	0.276110444178	0.0432172869148	0.0756302521008
--pi	0.0081081081081	0.97027027027	0.00540540540541	0.0162162162162
-aŋä	0.132679446457	0.792461413226	0.0645241097508	0.0103350305662
--pa	0.00677200902935	0.993227990971	0.0	0.0
