-rbu	0.63186137507	0.113247624371	0.171716042482	0.0831749580771
-hew	0.0	1.0	0.0	0.0
-eus	0.020152385159	0.956658568905	0.00496908127207	0.0182199646643
-cas	0.130973451327	0.826548672567	0.00707964601771	0.0353982300884
-hem	0.0363391655451	0.890982503365	0.0565275908479	0.0161507402423
-hen	0.0839176656865	0.673150870844	0.0642388599865	0.178692603483
-815	0.0	0.0	0.0	1.0
-rbe	0.0384615384615	0.788461538462	0.173076923077	0.0
-hek	0.0	1.0	0.0	0.0
-950	0.0	0.333333333333	0.0	0.666666666667
-rbi	0.517400254665	0.343946578278	0.0536030285015	0.0850501385557
-hea	0.0526315789474	0.929824561403	0.0175438596491	0.0
-lem	0.0416673591836	0.902654278924	0.00531853009125	0.0503598318015
-ḻug	0.52754590985	0.224707846411	0.0674457429048	0.180300500835
-aus	0.0372093023256	0.906976744186	0.0	0.0558139534885
-ru…	0.268235294118	0.287058823529	0.0	0.444705882353
-mul	0.0	1.0	0.0	0.0
-nse	0.0	1.0	0.0	0.0
-ple	0.0981996726677	0.68085106383	0.0245499181669	0.196399345336
-aum	0.0892325996431	0.851279000595	0.0327186198691	0.0267697798929
-aul	0.0627491256141	0.824239824403	0.00638763554155	0.106623414442
-put	0.0	1.0	0.0	0.0
-nth	0.0681475903614	0.605233433735	0.27202560241	0.054593373494
-cah	0.0	1.0	0.0	0.0
-pus	0.0582039911308	0.925166297117	0.0	0.0166297117517
-119	0.0	0.0	0.0	1.0
ALL	0.229908880316	0.264619374878	0.0493125467085	0.456159198097
--uj	0.128435798766	0.672137886455	0.0499146542234	0.149511660556
-her	0.0	1.0	0.0	0.0
-sha	0.0	0.381598793363	0.618401206637	0.0
--11	0.0	0.0	0.0	1.0
--10	0.0557275541796	0.015479876161	0.0185758513932	0.910216718266
--12	0.000563697857947	0.0825817361894	0.0	0.916854565953
--14	0.043956043956	0.296703296703	0.0	0.659340659341
-ḏaḏ	0.290466871707	0.294746150402	0.244853987265	0.169932990626
-hel	0.428571428571	0.571428571429	0.0	0.0
-dha	0.406303343187	0.486156792539	0.0681960114909	0.0393438527832
-nam	0.0	1.0	0.0	0.0
-dhi	0.355035914488	0.409284489777	0.166103754342	0.0695758413932
-dhu	0.133914213744	0.136565465356	0.0126152430934	0.716905077807
-ive	0.0	0.75	0.0	0.25
-ri…	0.330788804071	0.592875318066	0.0	0.0763358778626
-dea	0.00733630861404	0.988995537079	0.0	0.00366815430703
-dee	0.0186125211506	0.981387478849	0.0	0.0
-ḻgu	0.0962732919254	0.63198757764	0.0163043478261	0.255434782609
-rwu	0.120372581801	0.466682588966	0.326009075711	0.0869357535228
-dek	0.320258192651	0.670804369414	0.0	0.00893743793445
-403	0.0	0.368421052631	0.0	0.631578947369
-jgi	0.499744048651	0.249755644223	0.144049209761	0.106451097366
-den	0.0	0.666666666667	0.0	0.333333333333
-400	0.104895104895	0.0	0.0	0.895104895105
-ryn	0.0786601430184	0.861372475223	0.0112909296199	0.048676452139
-der	0.00199269345732	0.998007306543	0.0	0.0
-des	0.0	1.0	0.0	0.0
-ḻgi	0.551219512195	0.429268292683	0.0195121951219	0.0
-lga	0.341364949537	0.309830037894	0.164435523206	0.184369489363
-imi	0.241285118007	0.485895357594	0.214518208391	0.0583013160078
-105	0.0	0.2	0.0	0.8
-lgi	0.318051575931	0.47564469914	0.12893982808	0.0773638968481
-lla	0.0211472711156	0.971254906927	0.0	0.00759782195772
-ech	0.0281690140845	0.971830985916	0.0	0.0
-idi	0.248725202055	0.322263828638	0.196765674154	0.232245295153
-ece	0.0170212765957	0.940425531915	0.0	0.0425531914893
-ida	0.0	1.0	0.0	0.0
-iḻg	0.221614227086	0.593707250342	0.184678522572	0.0
-big	0.0557529887877	0.840514018032	0.0181742440883	0.0855587490925
-bia	0.4375	0.53125	0.03125	0.0
-bil	0.244680851064	0.356382978723	0.207446808511	0.191489361702
-bij	0.0845463408075	0.792920294483	0.066561333916	0.0559720307931
-rat	0.0	1.0	0.0	0.0
-iḻi	0.0794852384558	0.844814534444	0.0757002271007	0.0
-bii	0.591059381152	0.260439959482	0.0321082506737	0.116392408692
-rig	0.190915070709	0.448017934632	0.224285054634	0.136781940024
-ter	0.0496706076483	0.886854878902	0.00552826324585	0.0579462502042
-ḏbi	0.360640176275	0.378577506283	0.0889144644623	0.17186785298
-ria	0.0743836188885	0.855411617217	0.0576681989136	0.0125365649812
-rin	0.5125	0.320833333333	0.0833333333334	0.0833333333332
-uth	0.0408560311284	0.719844357977	0.0	0.239299610895
-rim	0.0	1.0	0.0	0.0
-rij	0.305602320385	0.374423532999	0.201340378332	0.118633768284
-rii	0.434883717588	0.352394369204	0.101672644318	0.111049268889
-ris	0.0	1.0	0.0	0.0
-ḏbu	0.548406665511	0.334816896526	0.0905613192364	0.0262151187263
-ard	0.0423828584883	0.826936661173	0.113020955969	0.0176595243701
-mew	0.0103626943005	0.896373056995	0.0103626943005	0.0829015544041
-arg	0.182795698925	0.817204301075	0.0	0.0
-jij	0.391387559809	0.391387559809	0.0688995215311	0.148325358852
-ara	0.315279535762	0.48793491162	0.0762918724342	0.120493680184
-mes	0.0195383583948	0.946748395748	0.0130255722632	0.0206876735945
-jii	0.265779671429	0.426078878272	0.122803561672	0.185337888627
-arl	0.020706455542	0.838002436054	0.141291108404	0.0
-lus	0.163830821585	0.784637822071	0.0398638794361	0.0116674769081
-jib	0.053079458074	0.892435005492	0.00307579641157	0.051409740022
-ari	0.186997449523	0.0472443315936	0.0234846623563	0.742273556527
-ark	0.0	0.993095512083	0.0	0.00690448791714
-luh	0.0	1.0	0.0	0.0
-luj	0.114797220343	0.22779240565	0.602367214361	0.0550431596461
-ram	0.00987654320988	0.99012345679	0.0	0.0
-lul	0.508474576271	0.344005021971	0.0973006905209	0.0502197112367
-arr	0.193550870002	0.645348306091	0.0665552376394	0.0945455862681
-jir	0.0526315789474	0.947368421053	0.0	0.0
-ary	0.0231102034235	0.893639319593	0.000806169886868	0.082444307097
-pha	0.0	0.958628841608	0.0413711583925	0.0
-rrh	0.0	1.0	0.0	0.0
-aya	0.0394313351955	0.0219980151625	0.001351367779	0.937219281863
-lji	0.0473349244232	0.873135441527	0.0104415274463	0.069088106603
-ayn	0.620292680829	0.144403448777	0.0286222627858	0.206681607608
-ayi	0.309409332526	0.507942899099	0.0968712252197	0.0857765431556
--gi	0.339900130045	0.306470717386	0.249593257934	0.104035894636
-ayu	0.285714285714	0.134920634921	0.285714285714	0.293650793651
-iji	0.271409744344	0.565167122136	0.0505126049061	0.112910528614
-rad	0.0	1.0	0.0	0.0
-gon	0.0	1.0	0.0	0.0
-na…	0.528399668325	0.163246268657	0.159618573798	0.148735489221
-ubu	0.0673556006643	0.0904225871932	0.0664329212031	0.775788890939
-807	0.0	1.0	0.0	0.0
-ubi	0.498424990156	0.356870980444	0.0826880168001	0.0620160126001
-xad	0.0	1.0	0.0	0.0
-umu	0.0545933464836	0.895012795224	0.0503938582926	0.0
-ija	0.0316721006055	0.938285980438	0.0139729855613	0.0160689333954
-oth	0.0	1.0	0.0	0.0
-oam	0.00655021834061	0.927947598253	0.0	0.0655021834061
-962	0.0	0.5	0.0	0.5
-miḏ	0.765957446809	0.163120567376	0.0709219858156	0.0
-969	0.0	0.2	0.0	0.8
-umi	0.523012339887	0.206458965368	0.0567400220924	0.213788672652
-nah	0.0169137038204	0.892422748674	0.0678071909918	0.0228563565141
-nai	0.020475020475	0.979524979525	0.0	0.0
-nan	0.0	0.993197278912	0.00680272108844	0.0
-wiṉ	0.571895424837	0.428104575163	0.0	0.0
-hiḏ	0.895890410959	0.0575342465753	0.0	0.0465753424657
-nag	0.0967551622419	0.81592920354	0.0377581120944	0.0495575221239
-kim	0.0	1.0	0.0	0.0
-840	0.0	0.4	0.0	0.6
-naz	0.0	1.0	0.0	0.0
-nay	0.094034350195	0.273308073125	0.067760046464	0.564897530215
-guḏ	0.102637205987	0.730577334284	0.0256593014968	0.141126158232
-ḏii	0.546406953974	0.350595639222	0.0305700065856	0.0724274002182
-eba	0.0	1.0	0.0	0.0
-nar	0.0	1.0	0.0	0.0
-nas	0.0423615446357	0.877374476055	0.0535093195398	0.0267546597699
-sia	0.03120216649	0.961929432081	0.000784960163271	0.00608344126535
-ala	0.165339709214	0.320470631222	0.0782976965006	0.435891963063
-wuj	0.201342281879	0.637583892617	0.10067114094	0.0604026845638
-mos	0.0	1.0	0.0	0.0
-wul	0.028271112722	0.900326205147	0.0616165277275	0.00978615440375
-god	0.186568269732	0.63455700374	0.00753342651534	0.171341300012
-gog	0.0343704775687	0.958393632417	0.00506512301012	0.00217076700434
-365	0.0	0.25	0.0	0.75
-wuy	0.117554619731	0.26139448184	0.0288418756107	0.592209022819
-mon	0.0146897733457	0.971118841248	0.00118261545049	0.0130087699554
-wuu	0.301003344482	0.658862876254	0.0	0.0401337792642
-yat	0.0455696202532	0.924050632911	0.0151898734177	0.0151898734177
-yaw	0.201047120419	0.719371727749	0.0293193717278	0.0502617801047
-ber	0.0	0.978494623656	0.0	0.0215053763441
-cob	0.0503458541284	0.934681726644	0.00394011032309	0.0110323089046
-eon	0.202962983418	0.770941775857	0.0115978847668	0.0144973559584
-yag	0.0917312480275	0.844115790581	0.0180418697619	0.0461110916295
-yaa	0.345050974921	0.565473018587	0.0334057662157	0.0560702402767
-bel	0.0594955950377	0.926774652261	0.013729752701	0.0
-yan	0.266752994497	0.535448365167	0.135642602784	0.0621560375526
-bed	0.0992366412213	0.900763358779	0.0	0.0
-yaj	0.175367602824	0.378447949471	0.0186988719966	0.427485575708
-rea	0.0135746606335	0.975867269985	0.0	0.0105580693816
-red	0.0	1.0	0.0	0.0
-rez	0.0	1.0	0.0	0.0
-eve	0.102443609023	0.815789473684	0.0112781954887	0.0704887218045
-eva	0.0	0.936842105263	0.0631578947368	0.0
-ist	0.0232855291557	0.927022788499	0.012391714346	0.0372999679994
-rew	0.0485436893204	0.925848401176	0.0100204863276	0.0155874231763
-ret	0.111111111111	0.861111111111	0.0138888888889	0.0138888888889
-reu	0.0	1.0	0.0	0.0
-haa	0.316012791927	0.528698505223	0.095245990758	0.0600427120923
-hab	0.0352120727107	0.93507774094	0.0297101863496	0.0
-iṉi	0.19149560159	0.128263571432	0.0412079503084	0.63903287667
-hag	0.225151370402	0.193353903355	0.070101602138	0.511393124104
-hah	0.0	1.0	0.0	0.0
-mas	0.00280636108514	0.921421889616	0.0	0.0757717492984
-juy	0.307125307125	0.545454545455	0.103194103194	0.044226044226
-hal	0.0635772251395	0.514817241528	0.0148227134538	0.406782819879
-ham	0.0793972441235	0.858828875298	0.00478962493552	0.0569842556431
-han	0.0131819294579	0.939099485905	0.0477185846374	0.0
-mah	0.0	1.0	0.0	0.0
-har	0.148689843041	0.604780127124	0.197496432741	0.0490335970943
-maj	0.144309293456	0.576687711435	0.108411084057	0.170591911052
-hat	0.0	0.922580645161	0.0	0.0774193548386
-man	0.197310682141	0.470579347502	0.221489789586	0.110620180772
-iṉu	0.66339869281	0.33660130719	0.0	0.0
-haz	0.0	1.0	0.0	0.0
-ṉḏa	0.217363516956	0.608159451335	0.142389301739	0.0320877299694
-mag	0.0145234030627	0.882029199684	0.0336331439346	0.0698142533187
--ra	0.0	0.84375	0.15625	0.0
-uni	0.298286463663	0.143641442192	0.0831942145732	0.474877879572
-ung	0.16424245759	0.281454405277	0.0505623316927	0.50374080544
-una	0.535627714085	0.308747098866	0.108764368735	0.0468608183143
-782	0.0	0.0	0.0	1.0
--ru	0.841628959276	0.0904977375565	0.0678733031674	0.0
-unt	0.0956161932454	0.880339968687	0.00391411317379	0.0201297248937
-unu	0.379458639008	0.347331140906	0.121426764483	0.151783455603
-666	0.0384615384615	0.0	0.0	0.961538461538
-iri	0.200051869774	0.665316110513	0.0455483446858	0.0890836750276
-gag	0.0889423798888	0.620814412683	0.132390224821	0.157852982608
-tra	0.325123152709	0.615763546798	0.0	0.0591133004926
-gaa	0.445130003971	0.258040521809	0.0813362452037	0.215493229016
-gan	0.0977127119306	0.777619345262	0.0	0.124667942808
-gal	0.122055128415	0.600804165705	0.14458627397	0.13255443191
-tri	0.0	1.0	0.0	0.0
-gaj	0.272252824171	0.150737802217	0.0480577362721	0.528951637339
-gai	0.0	1.0	0.0	0.0
-adi	0.255884480445	0.386235951105	0.162652129416	0.195227439035
-144	0.0	0.0776627218935	0.0	0.922337278106
-gar	0.123205777926	0.492094801687	0.364519163657	0.0201802567293
-gur	0.0782816229117	0.764200477327	0.0744630071599	0.0830548926015
-ana	0.469355622919	0.275514374509	0.0683027873719	0.1868272152
-gay	0.0779951412863	0.177534842092	0.134253931722	0.6102160849
-ini	0.499441357364	0.251559831562	0.0642024117098	0.184796399365
-ṉḏi	0.201893530438	0.630761564654	0.102566232041	0.0647786728677
-seh	0.0	1.0	0.0	0.0
-ina	0.403645254547	0.316147804396	0.0895475331814	0.190659407876
-see	0.0160633303455	0.945597671261	0.00372740262161	0.0346115957721
-ine	0.0151515151515	0.970106470106	0.014742014742	0.0
-sea	0.0338983050847	0.898305084746	0.0677966101694	0.0
-ing	0.0596462296037	0.771799459467	0.0335062439025	0.135048067027
-800	0.0	0.0	0.0	1.0
--mi	0.394740096522	0.334907969001	0.115167042301	0.155184892176
-guu	0.327799911465	0.655599822931	0.0166002656042	0.0
-ohn	0.0432620841663	0.92229227536	0.00732995027937	0.0271156901943
-ses	0.0610003581234	0.914885997374	0.00155186821057	0.0225617762922
-ble	0.158640226629	0.798094257018	0.0216327581767	0.0216327581767
-ian	0.0915771002413	0.481245887256	0.108942019449	0.318234993054
-iah	0.031953769015	0.935285119402	0.00407920455511	0.0286819070281
-182	0.0	0.0	0.0	1.0
-ḻij	0.21052463314	0.433261932926	0.257904664471	0.0983087694619
-ias	0.0698280484307	0.880128516861	0.0206574643274	0.0293859703813
-aoh	0.180701754386	0.785964912281	0.0	0.0333333333333
-910	0.0	0.428571428571	0.0	0.571428571429
-ban	0.15392996109	0.788451361868	0.015486381323	0.0421322957198
-bal	0.209483789369	0.740846459187	0.0112885798736	0.0383811715703
-baj	0.161160982022	0.302479435787	0.0742790987275	0.462080483463
-eat	0.0264555178248	0.917693944545	0.0264555178248	0.0293950198053
-bag	0.255352213278	0.711202486438	0.0	0.0334453002838
-las	0.025429715093	0.968919237109	0.0	0.00565104779843
-hon	0.0	1.0	0.0	0.0
-baa	0.223123156861	0.247327512848	0.0362821849736	0.493267145317
-hor	0.0469701362714	0.887213685126	0.00347926935344	0.062336909249
-hos	0.0	1.0	0.0	0.0
-bas	0.040494691912	0.912131209056	0.028143029128	0.0192310699042
-905	0.0	0.75	0.0	0.25
-uḻa	0.102454402162	0.799031749606	0.0557306912857	0.0427831569467
-nya	0.403003827835	0.499985389942	0.0338953335476	0.0631154486749
-mbu	0.69955683617	0.199083013206	0.014430936699	0.0869292139248
-asa	0.0197726149283	0.940187839842	0.0103806228374	0.0296589223924
-nyi	0.197223608136	0.516185836293	0.0657412027118	0.22084935286
-930	0.0	0.4	0.0	0.6
-mba	0.141830494257	0.0477109653537	0.00654815957395	0.803910380815
-iyn	0.490434762332	0.274228738677	0.0745190975881	0.160817401402
-ass	0.113924050633	0.683544303797	0.101265822785	0.101265822785
-mbi	0.523993153651	0.241122272759	0.0793821369291	0.155502436661
-lta	0.0	1.0	0.0	0.0
-zor	0.0	1.0	0.0	0.0
-iwu	0.329331670305	0.467674877871	0.0728614489138	0.13013200291
-ray	0.0689401193194	0.818811224866	0.0406569934448	0.0715916623702
-430	0.0	0.0	0.0	1.0
-ras	0.0	1.0	0.0	0.0
-ran	0.0	0.958333333333	0.0416666666666	0.0
-eri	0.0	1.0	0.0	0.0
-erk	0.450208706023	0.53786523554	0.0	0.0119260584377
-raj	0.257227891156	0.516369047619	0.14987244898	0.076530612245
-rak	0.0451127819548	0.954887218045	0.0	0.0
-rah	0.0610526848013	0.917661037516	0.0212862776823	0.0
-rai	0.0	1.0	0.0	0.0
-rag	0.371453675684	0.486710694951	0.0821608828638	0.059674746501
-iwi	0.408117186302	0.368557982225	0.129293323484	0.0940315079885
-raa	0.362019578487	0.209819326973	0.058120596738	0.370040497802
-ugu	0.140040519871	0.219003553628	0.0123781389063	0.628577787595
-iya	0.218746578321	0.101347398585	0.0609442113792	0.618961811715
-uga	0.343064927895	0.211611955789	0.0209879911208	0.424335125194
-ugi	0.276932767943	0.57538598453	0.053402593972	0.0942786535556
-ḻya	0.206747718936	0.533639673416	0.039795911406	0.219816696242
-lag	0.197343035114	0.410782206053	0.315583484924	0.07629127391
-aay	0.463290106694	0.34870749445	0.064165596925	0.123836801932
-uju	0.21587375257	0.650800117978	0.0369771687152	0.0963489607368
-500	0.0225179119754	0.0307062436028	0.0122824974412	0.934493346981
-lal	0.0876771592434	0.219321252741	0.330613674445	0.362387913571
-lam	0.0	1.0	0.0	0.0
-nor	0.0	1.0	0.0	0.0
-nos	0.0434782608696	0.95652173913	0.0	0.0
-lah	0.0	0.994146341463	0.0	0.00585365853658
-laj	0.0	1.0	0.0	0.0
-lak	0.0417910447761	0.958208955224	0.0	0.0
-aam	0.120856705762	0.838347781744	0.0254971953085	0.0152983171851
-aal	0.179591836735	0.689795918367	0.130612244898	0.0
-ppi	0.00365853658537	0.981707317073	0.0	0.0146341463415
-aan	0.0185758513932	0.981424148607	0.0	0.0
-iks	0.0	0.876470588235	0.123529411765	0.0
-non	0.0	1.0	0.0	0.0
-aaj	0.0190114068441	0.877059569075	0.0250950570342	0.0788339670469
-uji	0.372332597498	0.320824135393	0.306843267108	0.0
-ppa	0.0234325522483	0.970234325522	0.0	0.00633312222927
-nod	0.0	1.0	0.0	0.0
--ni	0.450440996296	0.305710867266	0.102943538269	0.14090459817
-aac	0.00978420394629	0.970538674784	0.0103277708322	0.00934935043757
-jga	0.697071129707	0.197489539749	0.0	0.105439330544
-dow	0.333333333333	0.666666666667	0.0	0.0
-gel	0.00899502906288	0.915366946337	0.0304437021646	0.0451943224359
-waḻ	0.173745173745	0.64527027027	0.144787644788	0.0361969111969
-ypt	0.0689989105435	0.877617721825	0.0072630432151	0.0461203244159
-evi	0.0479123887748	0.947980835044	0.00410677618071	0.0
-ges	0.020725388601	0.917098445596	0.0621761658031	0.0
-ger	0.0	1.0	0.0	0.0
-dom	0.0290676336304	0.878561886167	0.0193784224202	0.0729920577829
-dok	0.0	1.0	0.0	0.0
-sar	0.0780514807639	0.921948519236	0.0	0.0
-dda	0.0	1.0	0.0	0.0
-sau	0.0502092050209	0.828451882845	0.0	0.121338912134
-ddi	0.0	1.0	0.0	0.0
-oli	0.0	1.0	0.0	0.0
-tor	0.0	0.973094170404	0.0269058295964	0.0
-ibi	0.134044839075	0.848481048112	0.00229922537007	0.0151748874425
-sae	0.0	1.0	0.0	0.0
-sad	0.0	1.0	0.0	0.0
-600	0.0	0.153846153846	0.0	0.846153846154
-aa…	0.385582782315	0.324646700376	0.123816932452	0.165953584857
-old	0.0777288598756	0.789130104752	0.108547138303	0.02459389707
-iba	0.308710449007	0.440250108359	0.0192036023309	0.231835840303
-sam	0.0	1.0	0.0	0.0
-lon	0.00751420654674	0.78154009925	0.137525634403	0.0734200598006
-iel	0.0857142857143	0.901098901099	0.0131868131868	0.0
-loi	0.0	0.98	0.02	0.0
-187	0.0	0.0	0.0	1.0
-rod	0.0293718572911	0.890972942773	0.0407055630936	0.0389496368425
-ron	0.0485579752796	0.945556209535	0.00588581518542	0.0
-och	0.0941848019979	0.892971815911	0.00428112736354	0.00856225472707
-ock	0.0194805194805	0.814935064935	0.00974025974026	0.155844155844
-mar	0.237579289205	0.369085556466	0.352059243073	0.0412759112568
-rda	0.282527881041	0.54487519915	0.0292087095062	0.143388210303
-rdi	0.365114155251	0.518173515982	0.0838356164383	0.0328767123288
-awi	0.229292988519	0.225026162844	0.12957542391	0.416105424727
-…yn	0.293664383562	0.580051369863	0.0620719178082	0.0642123287671
-awa	0.0330405934406	0.918094139722	0.00863151765737	0.0402337491802
-uṉi	0.239447147685	0.0802706660989	0.0375801332745	0.642702052942
-has	0.0666366501576	0.882935614588	0.0261143628996	0.0243133723548
-awu	0.159392286668	0.393154489565	0.0286843537177	0.418768870049
-ey…	0.769230769231	0.230769230769	0.0	0.0
-276	0.0	0.279069767442	0.0	0.720930232558
-maa	0.391497100159	0.248214636722	0.0505918418102	0.309696421309
-tin	0.0	0.928143712575	0.0718562874252	0.0
--wu	0.376704626771	0.571568767762	0.0202408456175	0.0314857598495
-hys	0.0	1.0	0.0	0.0
-sse	0.163043478261	0.836956521739	0.0	0.0
-209	0.0	0.25	0.0	0.75
-git	0.0	0.957142857143	0.0428571428571	0.0
--wi	0.462884891346	0.27822019632	0.160907758072	0.0979871542618
-200	0.066918001885	0.472667295005	0.0424128180962	0.418001885014
-cus	0.0342114266165	0.954954954955	0.0074124757669	0.00342114266166
-207	0.0	1.0	0.0	0.0
-mug	0.107938859336	0.836307319373	0.0557538212915	0.0
-ois	0.0560747663551	0.943925233645	0.0	0.0
-ion	0.0	1.0	0.0	0.0
-mum	0.0	1.0	0.0	0.0
-lea	0.0	1.0	0.0	0.0
-mun	0.166936733831	0.443679599499	0.142800603403	0.246583063266
-lee	0.023416391474	0.96577604323	0.0	0.0108075652957
-leg	0.0	1.0	0.0	0.0
-ley	0.0294543063774	0.79842209073	0.161078238001	0.0110453648915
-oic	0.0	0.244897959184	0.755102040816	0.0
-mus	0.0646224024329	0.889761784085	0.00380131779017	0.0418144956918
-rya	0.270649199093	0.488264528893	0.0226468601264	0.218439411888
-ios	0.0540540540541	0.945945945946	0.0	0.0
-muy	0.11149846372	0.828822973292	0.0401796265658	0.0194989364217
-iot	0.00559701492537	0.988805970149	0.0	0.00559701492537
-eel	0.0	1.0	0.0	0.0
-rra	0.192837101778	0.551661108745	0.14166073428	0.113841055197
-een	0.0	0.963426074359	0.0365739256409	0.0
-rrg	0.201541690309	0.352866745187	0.208501872007	0.237089692498
-eek	0.178728714034	0.677040516735	0.062756899589	0.0814738696418
-aly	0.0178837555887	0.766020864382	0.0178837555887	0.198211624441
-rrj	0.0807994383126	0.53074500351	0.325329664551	0.0631258936262
-rri	0.104214924215	0.0664328899886	0.0153167938484	0.814035391948
-alu	0.317355689	0.259976855638	0.116674885662	0.305992569701
-rro	0.438709677419	0.561290322581	0.0	0.0
-iud	0.0	1.0	0.0	0.0
-ndi	0.209284026404	0.235382795656	0.243853772014	0.311479405926
-gin	0.15548357242	0.792688570106	0.0518278574734	0.0
-alm	0.025641025641	0.923076923077	0.0	0.0512820512821
-gij	0.263838181816	0.253565349719	0.0906009762087	0.391995492256
-rru	0.13555025964	0.0593309411734	0.0112167902597	0.793902008927
-ali	0.276554760594	0.419968813062	0.253714914695	0.0497615116492
-nda	0.323353293413	0.585329341317	0.0778443113773	0.0134730538922
-alg	0.307587408614	0.273457327929	0.355316489261	0.063638774196
-gia	0.0105263157895	0.989473684211	0.0	0.0
-eer	0.0392156862745	0.882352941176	0.0	0.078431372549
-jbi	0.867647058823	0.0882352941177	0.0441176470588	0.0
-120	0.031914893617	0.117021276596	0.0	0.851063829787
-gaḏ	0.410396716826	0.145006839945	0.266757865937	0.177838577291
-abu	0.219261662029	0.324706859177	0.0835316089068	0.372499869887
-yon	0.0	1.0	0.0	0.0
-jbu	0.488889703435	0.255100770291	0.119741906679	0.136267619595
-chi	0.0	1.0	0.0	0.0
-cho	0.694029850746	0.305970149254	0.0	0.0
-che	0.233787920957	0.766212079043	0.0	0.0
-pet	0.254824063564	0.734960272418	0.00340522133938	0.00681044267878
-150	0.0	0.0	0.0	1.0
-153	0.140350877193	0.505263157895	0.0	0.354385964912
-eli	0.0177304964539	0.952718676123	0.0295508274232	0.0
-iyi	0.30568063734	0.405669091329	0.118057960974	0.170592310357
-gi…	0.45460139688	0.30519060952	0.0368296360112	0.203378357589
--ur	0.25	0.75	0.0	0.0
-gaḻ	0.238171517085	0.63571980974	0.0842034955362	0.0419051776384
-eld	0.0	0.690721649485	0.309278350515	0.0
-hum	0.0	1.0	0.0	0.0
-cca	0.274111675127	0.695431472081	0.0	0.0304568527919
-100	0.00925069380201	0.0101757631822	0.0740055504163	0.906567992599
-est	0.0220099751631	0.935585485532	0.0229522982587	0.0194522410462
-tes	0.0	1.0	0.0	0.0
-esa	0.0	1.0	0.0	0.0
-ite	0.0217391304348	0.95652173913	0.0217391304348	0.0
-830	0.0	0.0	0.0	1.0
-ita	0.109081486173	0.735851695246	0.0604225879295	0.0946442306506
-spa	0.0909752547308	0.748908296943	0.160116448326	0.0
-ḻwi	0.371852808263	0.327307940607	0.0464816010329	0.254357650097
-udu	0.345422653288	0.28188923569	0.248097608791	0.124590502231
-ute	0.0414507772021	0.958549222798	0.0	0.0
-uda	0.0464910338721	0.930263449192	0.023245516936	0.0
-ude	0.0729927007299	0.868613138686	0.0291970802919	0.0291970802919
-udi	0.568845096655	0.171966294666	0.210523153642	0.048665455037
-ril	0.0	0.989473684211	0.0105263157895	0.0
-hul	0.0	1.0	0.0	0.0
-tre	0.0	0.798941798942	0.0634920634921	0.137566137566
-nju	0.0913236796032	0.0611238208344	0.0423370157319	0.80521548383
-hua	0.0923076923077	0.876923076923	0.0	0.0307692307692
-aba	0.131325186403	0.162062141129	0.0133647039043	0.693247968563
-nja	0.108387019804	0.778274874732	0.0328083989501	0.080529706514
-lot	0.0666666666667	0.759259259259	0.166666666667	0.00740740740741
-nji	0.275206419828	0.240620243932	0.0593162698676	0.424857066372
-hus	0.0453678926841	0.910121202581	0.0434615317348	0.00104937299963
-aea	0.0	1.0	0.0	0.0
-dji	0.384615384615	0.4	0.0307692307692	0.184615384615
-tuh	0.0	1.0	0.0	0.0
-ael	0.039487190931	0.924919664376	0.0153418727127	0.0202512719807
-los	0.0332436719774	0.917787433616	0.0434512725016	0.00551762190496
-tus	0.0771999693651	0.861683388221	0.047790457226	0.013326185188
-van	0.0	1.0	0.0	0.0
-zal	0.0	1.0	0.0	0.0
-baḻ	0.110091743119	0.614678899083	0.110091743119	0.165137614679
-lix	0.0746887966805	0.894190871369	0.0124481327801	0.0186721991701
-rus	0.0410148798169	0.885539870279	0.00953834414343	0.0639069057612
-hir	0.0	1.0	0.0	0.0
-lip	0.0209962947715	0.95924248662	0.0	0.0197612186085
-lis	0.0113528855251	0.9545884579	0.0	0.0340586565752
-ruj	0.105571144558	0.369813571283	0.0488448817405	0.475770402418
-lim	0.0	1.0	0.0	0.0
-omi	0.0746268656716	0.791044776119	0.0	0.134328358209
-lio	0.0706806282722	0.905759162304	0.0	0.0235602094241
-ḻan	0.394342811397	0.317164289738	0.213775313547	0.0747175853174
-lij	0.198651551938	0.132253876206	0.0872997851566	0.581794786699
-ice	0.012474012474	0.987525987526	0.0	0.0
-lig	0.0683853788429	0.649600580973	0.0278382958122	0.254175744372
-ḻag	0.147712818536	0.748441223887	0.0339916197474	0.0698543378297
-rug	0.0780334458351	0.462686916983	0.206106736043	0.253172901139
-ome	0.0424782428513	0.896394529631	0.0476585163697	0.0134687111479
-iḏi	0.361004534357	0.494244855249	0.108126961981	0.036623648413
-ṉja	0.0429411764706	0.918235294118	0.0141176470588	0.0247058823529
-lng	0.111927435482	0.768917245977	0.0838015427102	0.0353537758309
-abi	0.477081784102	0.313711077952	0.105883814238	0.103323323708
-rng	0.0986659804771	0.767841528297	0.0312216321308	0.102270859095
-oda	0.0	1.0	0.0	0.0
-eae	0.0	1.0	0.0	0.0
-hur	0.0	1.0	0.0	0.0
-eah	0.0	1.0	0.0	0.0
-gii	0.453947368421	0.25	0.0	0.296052631579
-ean	0.116504854369	0.184466019417	0.699029126214	0.0
-zer	0.0	1.0	0.0	0.0
-uri	0.495688216931	0.28709134455	0.094725758733	0.122494679786
-rgi	0.430283913282	0.28321653006	0.0876327440494	0.198866812609
-aḏu	0.62026691496	0.0907821229049	0.288950962135	0.0
-ura	0.0893374709679	0.838383111365	0.0482508713116	0.024028546356
-162	0.0	0.0	0.0	1.0
-ure	0.307036247335	0.692963752665	0.0	0.0
-aḏa	0.279850156649	0.5668406271	0.0859829466805	0.0673262695705
-osh	0.1875	0.8125	0.0	0.0
-rgu	0.191945746727	0.242782737176	0.137692178502	0.427579337595
-urr	0.0720881918509	0.69883095361	0.104394581677	0.124686272861
-urt	0.0576923076923	0.769230769231	0.0865384615385	0.0865384615385
-pah	0.375	0.625	0.0	0.0
-dus	0.0	0.649015614392	0.142566191446	0.208418194161
-war	0.112754068727	0.4822910843	0.153428797781	0.251526049191
-bya	0.0594059405941	0.881188118812	0.0594059405941	0.0
-mer	0.0	1.0	0.0	0.0
-way	0.321875	0.625	0.00937499999998	0.04375
-wag	0.394026974952	0.503211303789	0.102761721259	0.0
-paz	0.0	0.701030927835	0.298969072165	0.0
-waa	0.377300526858	0.252322430232	0.053210962426	0.317166080484
-dug	0.459009158115	0.448306300342	0.0926845415427	0.0
-ṉmi	0.366195418755	0.285751059964	0.140059743406	0.207993777876
-wan	0.367540384491	0.513984830568	0.0563332925762	0.0621414923651
-duj	0.130072443479	0.659966241659	0.0821994725998	0.127761842263
-pas	0.112292815116	0.834623308648	0.0163335003805	0.0367503758561
-waj	0.194001341172	0.300897549732	0.0794310795487	0.425670029548
-oab	0.142857142857	0.857142857143	0.0	0.0
-sen	0.0	1.0	0.0	0.0
-sus	0.0218349538589	0.720398427764	0.00275171623609	0.255014902141
-sop	0.0	0.901547116737	0.098452883263	0.0
-sul	0.0405405405405	0.858108108108	0.101351351351	0.0
-aen	0.0	0.891891891892	0.054054054054	0.054054054054
-601	0.0	0.0	0.333333333333	0.666666666667
-nus	0.0	1.0	0.0	0.0
-key	0.0	0.989410518885	0.0	0.0105894811154
-dia	0.0	1.0	0.0	0.0
-oor	0.0	1.0	0.0	0.0
-dii	0.442625484249	0.299924157196	0.102888454761	0.154561903794
-son	0.0	1.0	0.0	0.0
-dis	0.0	1.0	0.0	0.0
-sli	0.0	1.0	0.0	0.0
-lun	0.0	1.0	0.0	0.0
-veh	0.0	0.963157894737	0.0	0.0368421052632
-ver	0.0862816708514	0.837023510614	0.0431408354257	0.0335539831089
-ves	0.0	1.0	0.0	0.0
-uke	0.292452830189	0.632075471698	0.0377358490566	0.0377358490566
-nna	0.0256097560976	0.862840746055	0.0803443328551	0.0312051649928
-anu	0.373871681784	0.0548772493061	0.0156846406931	0.555566428217
-ait	0.0	0.717647058824	0.282352941176	0.0
-ngu	0.0743004401044	0.395556171072	0.0346368489831	0.49550653984
-uḏi	0.4	0.6	0.0	0.0
-tis	0.079064776642	0.84977692438	0.0	0.0711582989778
-lud	0.0	1.0	0.0	0.0
-nga	0.0526166437822	0.0790234015963	0.00289221743381	0.865467737188
-aia	0.0	1.0	0.0	0.0
-tia	0.0	1.0	0.0	0.0
-aic	0.421987784564	0.41143808995	0.133259300389	0.0333148250971
-ngi	0.444138084943	0.278401416703	0.0781147030697	0.199345795284
-uḏu	0.165898617512	0.723502304147	0.110599078341	0.0
-ain	0.107793153678	0.784413692644	0.0378732702112	0.0699198834669
-ngo	0.0	0.879956587697	0.120043412303	0.0
-ḏan	0.0	1.0	0.0	0.0
-ḏal	0.160759062548	0.736919673143	0.0400168974502	0.0623043668593
-uwa	0.0933582569251	0.277207334744	0.513143985616	0.116290422714
-ḏag	0.155104005825	0.301513808956	0.181703133773	0.361679051446
-uwi	0.530695637096	0.379136164534	0.0369418204024	0.0532263779676
-260	0.0741350906096	0.148270181219	0.0	0.777594728171
-jag	0.137539879475	0.13564929694	0.0347394540943	0.692071369491
-a…j	0.222212451636	0.661712979247	0.0738656348926	0.0422089342244
-jaa	0.198891780912	0.631080085112	0.107638778364	0.0623893556119
-jan	0.883116883117	0.025974025974	0.090909090909	0.0
-jal	0.0	0.848739495798	0.151260504202	0.0
-jah	0.00581020012912	0.994189799871	0.0	0.0
-a…g	0.51724137931	0.0689655172414	0.275862068966	0.137931034483
-gga	0.313061086456	0.0893536989434	0.107863457465	0.489721757135
-cil	0.013986013986	0.941058941059	0.0299700299701	0.014985014985
-int	0.565217391304	0.418375717801	0.0164068908942	0.0
-cia	0.00532197977649	0.960972148306	0.0301578854	0.00354798651766
-205	0.0	0.5	0.0	0.5
-rji	0.112659651378	0.661739898787	0.0545023696682	0.171098080167
-zar	0.0	1.0	0.0	0.0
-dah	0.0339174674958	0.959299039005	0.00678349349916	0.0
-895	0.0	0.0	0.666666666667	0.333333333333
-dai	0.0	1.0	0.0	0.0
-lel	0.0	1.0	0.0	0.0
-uyi	0.107784431138	0.640718562874	0.251497005988	0.0
-ṉaa	0.444444444444	0.377777777778	0.0	0.177777777778
-000	0.0701285457299	0.135577954632	0.0111116096741	0.783181889964
-ja…	0.308823529412	0.492647058823	0.0	0.198529411765
-dad	0.0	1.0	0.0	0.0
-ete	0.105829596412	0.87264573991	0.00358744394619	0.0179372197309
-rch	0.0654310938576	0.855362845157	0.0792060609855	0.0
-eth	0.0386838594931	0.925300133393	0.0120053357048	0.0240106714095
-ruu	0.418103448276	0.495689655172	0.0431034482759	0.0431034482759
-buj	0.232968881413	0.542472666106	0.182506307822	0.0420521446594
-ank	0.308805143776	0.382925522415	0.0909090909091	0.2173602429
-bul	0.351593268887	0.40708915145	0.129609738632	0.111707841031
-uyn	0.510312182843	0.313208940035	0.0429823091644	0.133496567957
--99	0.200892857143	0.0178571428571	0.0446428571429	0.736607142857
-wer	0.588235294118	0.411764705882	0.0	0.0
-bug	0.30206203893	0.459336947827	0.1942716203	0.0443293929429
-don	0.0456905503635	0.935617860851	0.0	0.0186915887851
-300	0.307692307692	0.0769230769231	0.0	0.615384615385
-wei	0.0308747855918	0.969125214408	0.0	0.0
-ate	0.0943473671866	0.808901137563	0.0600445643251	0.0367069309253
-wel	0.178571428571	0.696428571429	0.125	0.0
-bus	0.0	1.0	0.0	0.0
-uyu	0.847690014903	0.152309985097	0.0	0.0
-ath	0.0	1.0	0.0	0.0
-lii	0.299876723106	0.362758607873	0.269046142452	0.0683185265692
-uli	0.080182529335	0.381355932203	0.501955671447	0.0365058670143
-133	0.0	0.789473684211	0.0	0.210526315789
-130	0.0	0.0	0.0	1.0
-ula	0.588235294118	0.411764705882	0.0	0.0
-ulg	0.0554282145	0.754407089785	0.15728355152	0.0328811441949
-nes	0.0343170899108	0.957446808511	0.00823610157858	0.0
-ost	0.00715990453458	0.992840095465	0.0	0.0
-nia	0.027713625866	0.942840646651	0.0225173210162	0.00692840646651
-nig	0.268954216649	0.620276491161	0.108777038733	0.00199225345666
-ulu	0.155696993779	0.325455890834	0.123227483069	0.395619632318
-aji	0.323566387825	0.121110538261	0.0395783663101	0.515744707604
-aja	0.121495327103	0.691588785047	0.056074766355	0.130841121495
-lia	0.00553914327917	0.994460856721	0.0	0.0
-buy	0.567173118826	0.0879048784218	0.0398200547846	0.305101947967
-ica	0.123853211009	0.834862385321	0.0	0.0412844036697
-yre	0.0442236024845	0.92298136646	0.0327950310559	0.0
-yra	0.0	1.0	0.0	0.0
-ilu	0.443708414688	0.449506658639	0.0358328039019	0.0709521227704
-neh	0.0	1.0	0.0	0.0
-dbi	0.151515151515	0.47520661157	0.235537190083	0.137741046832
-eas	0.0	1.0	0.0	0.0
-yug	0.883248730964	0.0456852791878	0.0	0.0710659898477
-dbu	0.429416737109	0.401521555368	0.131868131868	0.0371935756551
-ilg	0.159629180156	0.336071131759	0.437702335706	0.0665973523797
-ile	0.0767311145836	0.680376425589	0.10104484922	0.141847610607
-ni…	0.510424656236	0.307632928987	0.0962367822007	0.0857056325769
-ila	0.144507286768	0.149461222119	0.0461240699238	0.659907421189
-biḏ	0.25	0.75	0.0	0.0
-gna	0.582352941177	0.0382352941176	0.220588235294	0.158823529412
-yuu	0.246593258237	0.253259081129	0.0348057207948	0.465341939839
-ili	0.269957657751	0.48724568832	0.164824950945	0.0779717029847
-lma	0.0263157894737	0.973684210526	0.0	0.0
-iga	0.124278105284	0.0369507945453	0.00351272215046	0.83525837802
-jew	0.0712400614595	0.747803995518	0.114465470494	0.0664904725283
-ḻmi	0.705195138501	0.232271242692	0.0517052865466	0.0108283322611
-oah	0.0434782608696	0.936594202899	0.0036231884058	0.0163043478261
-lmi	0.585258352682	0.281846444453	0.0792176616426	0.0536775412223
-igi	0.136458529798	0.72032987786	0.0486578640699	0.0945537282723
-amu	0.423964011643	0.228388462556	0.0972109023551	0.250436623445
-ebe	0.225806451613	0.774193548387	0.0	0.0
-ami	0.392631712231	0.221050558248	0.161990233576	0.224327495945
-lms	0.0288276745676	0.913516976297	0.0576553491351	0.0
-oaz	0.159010600707	0.798586572438	0.0	0.0424028268552
-ama	0.191537060119	0.458206172648	0.0771257517405	0.273131015493
--bi	0.502985760221	0.280202113	0.0776297657326	0.139182361047
-oas	0.0775316455695	0.912974683544	0.00949367088607	0.0
-hii	0.402014513688	0.427038832127	0.107454920956	0.0634917332287
-guy	0.157061282389	0.578156296525	0.0383546330668	0.22642778802
-ush	0.0	1.0	0.0	0.0
-him	0.0	1.0	0.0	0.0
-hin	0.0111111111111	0.977777777778	0.0111111111111	0.0
-ein	0.0	1.0	0.0	0.0
-gus	0.0157026956294	0.984297304371	0.0	0.0
-hia	0.0	1.0	0.0	0.0
-ira	0.0575715868274	0.942428413173	0.0	0.0
-use	0.0222222222222	0.977777777778	0.0	0.0
-hig	0.150446638458	0.831922896098	0.0176304654443	0.0
-guj	0.065289594613	0.839232904136	0.0743891896811	0.0210883115701
-gun	0.0458803432026	0.834144108124	0.0559388897652	0.064036658908
-912	0.0	0.4	0.0	0.6
-hip	0.435590173757	0.486518873577	0.0119832234871	0.0659077291791
-eis	0.0	0.900900900901	0.0990990990991	0.0
-tax	0.129714361383	0.84099529895	0.0	0.0292903396672
-irr	0.0418427118076	0.824008905752	0.0596113849335	0.074536997507
-vid	0.0412897880273	0.931321779558	0.00207139404819	0.0253170383668
-uza	0.0759493670886	0.924050632911	0.0	0.0
-eph	0.0472448776606	0.927093694052	0.00238710960812	0.0232743186791
-ṉbi	0.443482175288	0.207712543299	0.0861438224794	0.262661458933
-cee	0.054808368495	0.856627988748	0.00922995780591	0.0793336849508
-cea	0.0	0.989796707119	0.0	0.0102032928809
-pia	0.0	0.662921348315	0.337078651685	0.0
-wij	0.0675736705431	0.803507583456	0.0768883369087	0.0520304090927
-bab	0.0	1.0	0.0	0.0
-ius	0.0872830784005	0.865045613554	0.0180053501612	0.0296659578846
-hi…	0.0745341614907	0.850931677019	0.0745341614907	0.0
-350	0.0	0.0	0.0	1.0
-ium	0.0327829043225	0.872510927635	0.0801359883438	0.0145701796989
-kad	0.0	1.0	0.0	0.0
-gu…	0.507142857143	0.192857142857	0.0214285714286	0.278571428571
--yu	0.421592044323	0.447149981034	0.0762188399718	0.0550391346709
-a-7	0.047913446677	0.0556414219474	0.276661514683	0.619783616692
-uel	0.0308219178082	0.917808219178	0.0205479452055	0.0308219178082
--yi	0.23864386879	0.743744037573	0.0088060468188	0.00880604681884
-own	0.165525114155	0.617579908676	0.13698630137	0.0799086757991
-agu	0.159801315543	0.0306975601428	0.0113040500542	0.79819707426
-agi	0.224208660058	0.116162821178	0.0256388999178	0.633989618846
-aṉa	0.0869006849315	0.877140410959	0.0359589041096	0.0
-maḏ	0.137404580153	0.81679389313	0.0458015267176	0.0
-aga	0.126791217627	0.0183126197286	0.0331334521498	0.821762710495
-min	0.310746426681	0.448385389095	0.0667019587084	0.174166225516
-aṉi	0.519736842105	0.201754385965	0.260964912281	0.0175438596491
-age	0.15	0.85	0.0	0.0
-wuṉ	0.34127843987	0.237519793316	0.105008750729	0.316193016085
-one	0.0550472743954	0.943117816458	0.0	0.00183490914651
-ggu	0.176712683961	0.477772864354	0.261895770777	0.0836186809084
-day	0.0426319176319	0.897844272844	0.00643500643503	0.0530888030888
-ega	0.0	0.916119828816	0.083880171184	0.0
-any	0.0	0.962579617834	0.0191082802548	0.0183121019108
-thy	0.0993495500312	0.773968635837	0.0118061124477	0.114875701684
-das	0.0461480504803	0.87398756828	0.0011301563383	0.0787342249012
-450	0.025	0.45	0.025	0.5
-dam	0.0656618828614	0.842079015903	0.0216102399291	0.0706488613066
-dan	0.131631338564	0.806300503572	0.0093687785455	0.0526993793184
-ḻbu	0.583412683298	0.416587316702	0.0	0.0
-and	0.144827586207	0.565517241379	0.289655172414	0.0
-ane	0.0	1.0	0.0	0.0
-tha	0.00333719745671	0.986124284259	0.0	0.0105385182843
-ang	0.287765507638	0.298640787641	0.0723108380716	0.341282866649
-ggi	0.625213006595	0.0920019161115	0.0157959412701	0.266989136024
-ani	0.277064506456	0.0576880551445	0.0107518196734	0.654495618726
-dag	0.0457178489009	0.88477004126	0.00641040583696	0.0631017040025
-595	0.0	0.0	0.666666666667	0.333333333333
-daa	0.398687007149	0.471095554796	0.0504246249486	0.0797928131057
-dab	0.0	1.0	0.0	0.0
-tan	0.0620070709818	0.876529779712	0.00652706010334	0.0549360892032
-tah	0.0	1.0	0.0	0.0
-777	0.0	0.25	0.0	0.75
-haṉ	0.0916568742655	0.774383078731	0.119858989424	0.0141010575793
-lhu	0.372641509434	0.504716981132	0.122641509434	0.0
-ii…	0.769230769231	0.230769230769	0.0	0.0
-rga	0.295142848493	0.465713334208	0.141834273546	0.0973095437528
-huḏ	0.047618380695	0.792902060195	0.040732389369	0.118747169741
-yii	0.402297295485	0.331121383938	0.0920017852709	0.174579535306
-lhi	0.532601339525	0.257951973116	0.0467900399057	0.162656647453
-yij	0.431284621472	0.474808757584	0.0158269585861	0.0780796623582
-yig	0.185134082573	0.236573699065	0.386016464949	0.192275753414
-tar	0.0458976730947	0.869778694941	0.0619084892905	0.0224151426742
-tas	0.81192917055	0.113513513514	0.022367194781	0.0521901211556
-mia	0.0	1.0	0.0	0.0
-mig	0.0690461015509	0.0931945329651	0.285390553077	0.552368812407
-ent	0.130336229694	0.801662259161	0.0	0.0680015111447
-aju	0.273341966862	0.205033865289	0.118196040924	0.403428126926
-mij	0.0830787670734	0.489065582499	0.378008390184	0.049847260244
-ens	0.00999999999999	0.99	0.0	0.0
-mis	0.0353773584906	0.93366745283	0.0221108490566	0.00884433962263
-aḻa	0.154570039835	0.648770237182	0.0541497642802	0.142509958703
-aḻi	0.169689148887	0.672791924753	0.0578974535444	0.0996214728148
-aḻg	0.0745341614907	0.180124223603	0.745341614907	0.0
-ene	0.010756543564	0.978486912872	0.00358551452133	0.00717102904266
-ḻii	0.293435511487	0.4298667749	0.192055908427	0.0846418051859
-rmi	0.512929393558	0.283261808145	0.114613952286	0.089194846011
-ena	0.0	1.0	0.0	0.0
-u…j	0.0617970995232	0.0695549612107	0.0568134624649	0.811834476801
-oel	0.15306122449	0.831632653061	0.015306122449	0.0
