-kna	0.155193725711	0.331962462382	0.335706994738	0.17713681717
-ivs	0.0376940133038	0.962305986696	0.0	0.0
-eus	0.03125	0.828125	0.140625	0.0
-iva	0.591130419796	0.19281843435	0.072927186097	0.143123959756
-aij	0.150825813178	0.604238435896	0.0692838088618	0.175651942064
-nba	0.308845577211	0.503748125937	0.0899550224887	0.0974512743628
-rbe	0.452611218569	0.377176015474	0.0116054158607	0.158607350097
-mua	0.397932090088	0.354231093618	0.130103395496	0.117733420798
-ivo	0.152520275432	0.674500038178	0.0597662165099	0.11321346988
-ufu	0.511568170843	0.295442828781	0.0847089123786	0.108280087997
-aus	0.212912087912	0.725274725275	0.0206043956044	0.0412087912088
-ziv	0.504611505541	0.482449737907	0.0	0.0129387565523
-zin	0.247797233995	0.471419808164	0.208426277047	0.0723566807941
-ufe	0.127058823529	0.665882352941	0.0847058823529	0.122352941176
-zim	0.391536643026	0.565611546597	0.0189000870972	0.0239517232798
-jro	0.26	0.505	0.175	0.06
-zik	0.243043214353	0.574116936318	0.0557438565029	0.127095992827
-zif	0.265464244888	0.60878953385	0.0419154070875	0.083830814175
-zie	0.325842696629	0.449438202247	0.179775280899	0.0449438202247
-aum	0.476363636364	0.218181818182	0.174545454545	0.130909090909
-ufi	0.339690422104	0.460246183105	0.0184901473929	0.181573247398
-zia	0.0470755514564	0.0692683114288	0.013258012451	0.870398124664
-nti	0.0317962899875	0.0819288858607	0.0224444399912	0.863830384161
-mun	0.0591598779241	0.883040241346	0.0240428075307	0.0337570731997
-uag	0.0963138856218	0.665342535674	0.189520871707	0.0488227069972
-nak	0.250305819644	0.312954674726	0.14803411365	0.28870539198
-uai	0.564618277858	0.196278630992	0.0534098370947	0.185693254055
-uak	0.191515947536	0.270643317186	0.00747933292013	0.530361402359
-uam	0.390874665189	0.502909393184	0.0674240325113	0.0387919091161
ALL	0.220040514014	0.26489245325	0.0503351406121	0.464731892124
-uan	0.0474467110803	0.815338936733	0.0519890098527	0.0852253423342
-uas	0.304038004751	0.638954869359	0.0	0.0570071258907
-uar	0.140663469811	0.591328263362	0.0723578157293	0.195650451097
-uat	0.21458252175	0.715296714712	0.0581093364498	0.0120114270874
-uav	0.428189910979	0.335014836795	0.0836795252226	0.153115727003
-sva	0.208436724566	0.746898263027	0.044665012407	0.0
-kam	0.276269402727	0.184997164595	0.0363432652419	0.502390167436
-ena	0.163774112637	0.139249675963	0.0326066261833	0.664369585216
-sik	0.154732162871	0.121881080863	0.0779205894309	0.645466166836
-aki	0.106022297064	0.79591259522	0.0174150213792	0.0806500863365
-nma	0.379450350069	0.351282809927	0.0863962079743	0.18287063203
-nmo	0.502202643172	0.224669603524	0.0352422907489	0.237885462555
-gan	0.0724997687724	0.770463644412	0.0114953159891	0.145541270827
-emo	0.365702638093	0.3836577411	0.124163768973	0.126475851834
-kik	0.28692455243	0.507352941177	0.205722506394	0.0
-sme	0.331347728965	0.478778853314	0.139985107967	0.0498883097543
-smo	0.123483074303	0.708324462423	0.15541835214	0.0127741111348
-fie	0.396677194918	0.350954156112	0.116077244462	0.136291404507
-fdo	0.321280376718	0.21563273546	0.334574737134	0.128512150687
-ims	0.00536886060847	0.983296878107	0.00119308013521	0.0101411811493
-jga	0.564249957419	0.238627053337	0.0575257269974	0.139597262246
-dek	0.111145028245	0.813539590774	0.00584973832867	0.0694656426529
-den	0.266482314827	0.345985899308	0.175925033547	0.211606752319
-kin	0.132509568132	0.264533042322	0.113670015761	0.489287373786
-ima	0.509590372547	0.300051688007	0.0934738273283	0.096884112118
-oko	0.517931264116	0.230523487248	0.0494370758533	0.202108172783
-des	0.0	1.0	0.0	0.0
-ime	0.440619386105	0.281234518868	0.0740166046894	0.204129490337
-aka	0.124277004719	0.0620505673339	0.0302444886497	0.783427939297
-dev	0.622513587718	0.30352440186	0.0	0.0739620104219
-oin	0.242074931202	0.242369756926	0.0952900888662	0.420265223006
-oke	0.589856534328	0.112536011553	0.0278368395463	0.269770614573
-oka	0.163032188543	0.0916830185184	0.03090435515	0.714380437789
-imo	0.291375399755	0.514124339469	0.0948445251254	0.0996557356502
-ido	0.423562735999	0.352927669698	0.111597560704	0.111912033599
-bit	0.35	0.45	0.183333333333	0.0166666666667
-oba	0.146473975964	0.0417858176468	0.0526728254075	0.759067380982
-ida	0.0550826239359	0.943248205642	0.0	0.0016691704223
-bie	0.476534296029	0.501805054152	0.0	0.0216606498195
-bia	0.947598253275	0.0524017467249	0.0	0.0
-bin	0.246305418719	0.428571428571	0.23645320197	0.0886699507389
-bim	0.492753623188	0.449275362319	0.0579710144928	0.0
-430	0.667560321716	0.128686327078	0.0	0.203753351206
-rif	0.105091207304	0.779317617747	0.0293868195068	0.0862043554419
-eja	0.459303374842	0.369939240811	0.0660229802081	0.104734404139
-100	0.149907295115	0.157694807012	0.0912479187658	0.601149979107
-rie	0.0967661627033	0.328622183035	0.0492777676928	0.525333886569
-tet	0.410526315789	0.431578947368	0.0631578947368	0.0947368421053
-ute	0.616541353384	0.169172932331	0.0789473684211	0.135338345865
-rin	0.459554232873	0.272450921334	0.108150589024	0.159844256769
-rio	0.0955188679245	0.904481132075	0.0	0.0
-rim	0.177534829721	0.697900541796	0.0437790247678	0.0807856037152
-rij	0.347556451045	0.324732300993	0.0841687925517	0.243542455411
-rik	0.291218248803	0.352931152477	0.127580406157	0.228270192563
-ejo	0.251280689134	0.481900028612	0.0539329818077	0.212886300446
-riv	0.142112125163	0.653194263364	0.166883963494	0.0378096479791
-rit	0.123880597015	0.853731343284	0.0223880597015	0.0
-rir	0.228504932427	0.298907725265	0.207056147682	0.265531194626
-zga	0.635717719964	0.181580212618	0.0753245365672	0.107377530851
-utu	0.0503144654088	0.905660377359	0.0440251572327	0.0
-mja	0.290322580645	0.645161290323	0.0	0.0645161290323
-mro	0.642874281601	0.267889992116	0.0188526182288	0.0703831080541
-tem	0.532258064516	0.258064516129	0.129032258065	0.0806451612903
-ten	0.187304640538	0.180091368117	0.0908872325079	0.541716758836
-jin	0.0976366295683	0.0515136853917	0.0177901315637	0.833059553476
-are	0.235250391286	0.121698391973	0.0293259265446	0.613725290196
-ara	0.0483512368542	0.515319838867	0.0409528519191	0.39537607236
-mer	0.0449101796407	0.937125748503	0.0134730538922	0.00449101796407
-aro	0.194274534827	0.558087451409	0.0570947451439	0.19054326862
-ari	0.258558619852	0.129344186612	0.0163523265703	0.595744866966
-jia	0.00842657107434	0.0025710482962	0.000357609367603	0.988644771262
-aru	0.224815861568	0.438329033844	0.0342278213952	0.302627283193
-arv	0.166666666667	0.260869565217	0.405797101449	0.166666666667
-mef	0.433131207294	0.506788313845	0.0398492972033	0.0202311816571
-igi	0.148388009321	0.0947248221093	0.0057205027838	0.751166665786
-men	0.157617212074	0.129910121289	0.0141022000466	0.69837046659
-jir	0.265348595213	0.468262226847	0.241415192508	0.0249739854319
-mek	0.354994336536	0.439862398792	0.0897763980367	0.115366866636
-mej	0.510960909766	0.396724477312	0.0173345978517	0.0749800150711
-nun	0.0479574740725	0.417120338944	0.0211706734322	0.513751513551
-kef	0.645055125885	0.285831824914	0.034556524601	0.0345565246009
-ero	0.183587759418	0.0545303505395	0.0234618990727	0.73841999097
-fro	0.380781642166	0.390006193161	0.0391147038691	0.190097460804
-num	0.377194315155	0.347468830584	0.100265122454	0.175071731807
-iji	0.0698094121978	0.0149862970196	0.00275078988756	0.912453500895
-rag	0.163038499879	0.134855814783	0.00687016730878	0.695235518029
-erb	0.0	0.46511627907	0.441860465116	0.093023255814
-sri	0.164185166422	0.70149064703	0.0223005496329	0.112023636915
-fga	0.113636363636	0.727272727273	0.0	0.159090909091
-sre	0.319817247287	0.48829240434	0.191890348372	0.0
-sra	0.250803858521	0.749196141479	0.0	0.0
-ubi	0.496688741722	0.503311258278	0.0	0.0
-vit	0.629715863433	0.339995467002	0.0	0.030288669565
-uba	0.148794682345	0.0440402546008	0.0158216282701	0.791343434784
-ube	0.465283125937	0.227068217746	0.0774188318268	0.23022982449
-ufa	0.353029010239	0.389931740614	0.0671928327646	0.189846416382
-ota	0.0147058823529	0.955882352941	0.0294117647059	0.0
-ija	0.278899636374	0.579818043319	0.0618020322808	0.0794802880263
-oan	0.0133958472873	0.973208305425	0.0	0.0133958472873
-oti	0.0493794094015	0.684018283656	0.00646932955024	0.260132977393
-ijo	0.318506370816	0.382128346772	0.0780174201574	0.221347862255
-iga	0.181470956482	0.126752077748	0.0317115272947	0.660065438475
-ume	0.458611645024	0.362570313307	0.0599284449593	0.11888959671
-iju	0.504347826087	0.169565217391	0.117391304348	0.208695652174
-kbe	0.0949453965451	0.151040388174	0.45256637889	0.301447836391
-umo	0.335816483387	0.409365023058	0.241811517087	0.0130069764692
-umi	0.520754716981	0.196226415094	0.135849056604	0.147169811321
-ako	0.257158495158	0.484747600535	0.0957490892806	0.162344815026
-kib	0.249768732655	0.722479185939	0.0277520814061	0.0
-kia	0.465320500339	0.0209803410464	0.00145597226841	0.512243186346
-nai	0.549609375	0.364192708333	0.034375	0.0518229166667
-nan	0.409198108009	0.0949891730206	0.0105943254971	0.485218393473
-kie	0.250513360419	0.0335376445279	0.00702149834372	0.708927496709
-nam	0.169345334929	0.299411720606	0.0465680286408	0.484674915824
-sis	0.0275088911136	0.944358963372	0.00654417120799	0.0215879743063
-sir	0.0566801619433	0.815789473684	0.127530364372	0.0
-ake	0.449674196788	0.121198839674	0.0308862280334	0.398240735506
-naf	1.0	0.0	0.0	0.0
-nag	0.0846530612245	0.898285714286	0.0113469387755	0.00571428571429
-kim	0.289020318404	0.47764217683	0.0954562519499	0.137881252816
-kis	0.0429338103757	0.903398926655	0.0	0.0536672629696
-sin	0.318894009217	0.341321044547	0.193548387097	0.14623655914
-sim	0.284076468383	0.622600297438	0.0437551743488	0.0495680598299
-kit	0.218683651805	0.507430997877	0.0382165605095	0.235668789809
-nar	0.257710464025	0.170877326191	0.0463336014809	0.525078608303
-vga	0.621187239124	0.19745745495	0.0439355103741	0.137419795552
-sia	0.0386545065062	0.906365783576	0.0305883102655	0.0243913996521
-nav	0.2539091586	0.488458674609	0.145197319434	0.112434847357
-sif	0.0277169184311	0.961501587948	0.00363421133274	0.00714728228773
-sie	0.00460299194476	0.985423858842	0.0	0.00997314921366
-goi	0.230837004405	0.250220264317	0.278414096916	0.240528634361
-gok	0.613856342333	0.300815078961	0.0267447784004	0.0585838003056
-mos	0.0929752066116	0.807851239669	0.0743801652893	0.0247933884298
-gon	0.146031361791	0.791239641873	0.0294074314398	0.0333215648955
-das	0.0493040580279	0.898157224074	0.00274455989021	0.0497941580083
-god	0.109730452768	0.747759523152	0.00818576579396	0.134324258286
-gog	0.0714285714285	0.904761904762	0.0238095238095	0.0
-gof	0.721649484536	0.222118088097	0.0	0.0562324273665
-mon	0.199305149555	0.686397623216	0.0478693010192	0.0664279262095
-mok	0.529993041058	0.270826567695	0.145488285781	0.0536921054666
-ber	0.0933405398996	0.728094948988	0.178564511112	0.0
-gvo	0.299502867095	0.127009387248	0.0616390670728	0.511848678584
-uaf	0.545736922221	0.253540921796	0.0405967954893	0.160125360494
-bet	0.0184899845917	0.972265023112	0.0	0.00924499229583
-bej	0.242088702969	0.409241600463	0.135652373088	0.21301732348
-eon	0.17760745882	0.40784211111	0.0399078464966	0.374642583573
-ben	0.542385896645	0.0882780992795	0.062533272565	0.30680273151
-ofk	0.166666666667	0.439393939394	0.257575757576	0.136363636364
-eof	0.381485013273	0.360609262648	0.108631220845	0.149274503234
-bef	0.137987012987	0.711038961039	0.112012987013	0.038961038961
-beg	0.0	0.876458476321	0.0	0.123541523679
-bed	0.0	1.0	0.0	0.0
-ofa	0.00556586270872	0.992578849722	0.0	0.00185528756957
-iso	0.0	0.935483870968	0.0645161290323	0.0
-rek	0.454659406965	0.185539125652	0.0640401051149	0.295761362268
-isk	0.528538812785	0.214611872146	0.0719178082192	0.184931506849
-reo	0.642857142857	0.238095238095	0.119047619048	0.0
-isi	0.0184931506849	0.92602739726	0.0	0.0554794520548
-rem	0.0607388756407	0.88805732809	0.0205823299197	0.03062146635
-ise	0.126529257283	0.379368566705	0.245628031825	0.248474144186
-ref	0.446275209219	0.247839209768	0.168980655783	0.13690492523
-reg	0.284266513333	0.437612305038	0.06360957378	0.214511607849
-red	0.0508036918898	0.804898097765	0.00219797893157	0.142100231413
-rez	0.0	1.0	0.0	0.0
-eve	0.18320610687	0.480916030534	0.335877862595	0.0
-eva	0.40876782211	0.350220325786	0.151200140651	0.0898117114528
-rer	0.0356834758058	0.942749588268	0.00862677437065	0.012940161556
-res	0.0335820895522	0.891791044776	0.0335820895522	0.0410447761194
-isu	0.426272751253	0.162885782116	0.024399894487	0.386441572145
-evo	0.218523748297	0.0968868409152	0.028575897328	0.65601351346
-rev	0.463901023777	0.368948766688	0.0975422683162	0.0696079412189
-ret	0.0741619940245	0.878811443539	0.0265215077968	0.0205050546392
-jur	0.0236328347985	0.931384861286	0.0278570613084	0.0171252426076
-juv	0.368116612679	0.295233688107	0.134197130958	0.202452568255
-avo	0.180905178121	0.111078644681	0.021288970842	0.686727206357
-ava	0.55523002695	0.297830021537	0.0560872257481	0.0908527257649
-mas	0.0304477074138	0.900864786956	0.00135122961895	0.0673362760111
-mar	0.518912963643	0.232280572897	0.0523319867793	0.19647447668
-mav	0.406944444444	0.229166666667	0.218055555556	0.145833333333
-mai	0.0764309805965	0.772482715379	0.0376654550812	0.113420848944
-mak	0.367298513569	0.481549161326	0.0373653347879	0.113786990318
-jua	0.055459272097	0.944540727903	0.0	0.0
-juf	0.0744691448115	0.6455007539	0.222174141243	0.057855960046
-man	0.259345965323	0.572499817104	0.123344794791	0.0448094227815
-juk	0.263113767455	0.273129561726	0.408285382298	0.0554712885203
-mab	0.0729048224199	0.560898936526	0.276904554879	0.0892916861749
-juo	0.085973149924	0.875669598571	0.0319092652602	0.00644798624429
-mag	0.0962078651685	0.853230337079	0.0337078651685	0.0168539325843
-jum	0.132508583767	0.722452302573	0.0922091253407	0.052829988319
-uno	0.472989354658	0.377079407121	0.0332807008608	0.116650537361
-uni	0.0166223404255	0.965647163121	0.0155141843972	0.00221631205674
-kga	0.637684333059	0.107519693888	0.022543522483	0.232252450571
-una	0.035240561799	0.0198213876489	0.0103771390616	0.934560911491
-efe	0.0	1.0	0.0	0.0
-nka	0.327272727273	0.171122994652	0.0545454545454	0.447058823529
-nko	0.0865412149328	0.839436110659	0.0292099278913	0.0448127465165
-nki	0.350460874925	0.303958266421	0.072484099102	0.273096759553
-uit	0.297690333619	0.544054747648	0.151411462789	0.00684345594524
-gaf	0.563501967937	0.274647211289	0.0743976192761	0.0874532014975
-ade	0.00869513558469	0.913918157711	0.00793903683821	0.0694476698656
-tra	0.0	1.0	0.0	0.0
-ika	0.43188958847	0.18436617433	0.0406525826006	0.343091654599
-ada	0.259497498488	0.674336137226	0.0468689867502	0.0192973775359
-ado	0.412369701255	0.297768041791	0.115044554097	0.174817702856
-gam	0.0137016427297	0.109053644168	0.00970045651016	0.867544256592
-gak	0.794793339273	0.0599023413164	0.0299100289403	0.11539429047
-dko	0.0	1.0	0.0	0.0
-gav	0.442841287458	0.354051054384	0.0865704772475	0.11653718091
-144	0.238825031928	0.0979140059598	0.0	0.663260962112
-adu	0.0272379581678	0.0139526885445	0.0441966377324	0.914612715555
-gas	0.0125260960334	0.98121085595	0.0062630480167	0.0
-gar	0.30303030303	0.175084175084	0.20202020202	0.319865319865
-kai	0.0700421459778	0.679826911452	0.163299462383	0.0868314801875
-eok	0.361701203552	0.238593683922	0.157296179036	0.24240893349
-sno	0.133764998741	0.770368920091	0.0439823231617	0.0518837580063
-sen	0.392298335555	0.272058702256	0.035364638454	0.300278323735
-sem	0.272362943847	0.0479190476316	0.013774834717	0.665943173804
-ink	0.0156514382403	0.227016356458	0.741398759165	0.0159334461365
-sek	0.246903949293	0.656460263286	0.0678693320331	0.0287664553876
-vki	0.310344827586	0.689655172414	0.0	0.0
-sei	0.0	1.0	0.0	0.0
-ino	0.311212156222	0.379534883549	0.0894311857467	0.219821774482
-sef	0.5	0.362068965517	0.0	0.137931034483
-inb	0.341760299626	0.215355805243	0.13670411985	0.306179775281
-dis	0.450100518075	0.538876612095	0.00440914793217	0.00661372189825
-ine	0.399325078431	0.176825069634	0.0411338191913	0.382716032744
-sea	0.716981132075	0.22641509434	0.0188679245283	0.0377358490566
-uiv	0.586544310618	0.265794184612	0.123051253976	0.0246102507951
-uik	0.21410511881	0.321313020934	0.0303721797262	0.43420968053
-uij	0.204307844432	0.73701666251	0.031444331403	0.0272311616551
-uim	0.270540834147	0.385473247068	0.110972071341	0.233013847444
-kno	0.459384782909	0.258592148427	0.0649294802695	0.217093588395
-uin	0.399048352553	0.27879776187	0.1245253881	0.197628497476
-sev	0.387984278495	0.458169567659	0.0999438517686	0.0539023020775
-set	0.138418079096	0.71036889332	0.0	0.151213027584
-int	0.0369088811995	0.866205305652	0.00615148019992	0.0907343329489
-inu	0.175713728575	0.635107712036	0.0511293403753	0.138049219013
-kne	0.602934299743	0.236219897124	0.0207505260697	0.140095277063
-fuf	0.281269317948	0.588914073769	0.129816608284	0.0
-aor	0.42813677195	0.264416111272	0.0391190959142	0.268328020864
-iaf	0.426814641164	0.366034923154	0.130010130858	0.0771403048245
-fub	0.29455458772	0.259178111473	0.0750814941484	0.371185806658
-kur	0.0599043543922	0.845456833627	0.0865844450038	0.0080543669771
-ede	0.277380297193	0.643368189323	0.0	0.0792515134837
-fun	0.390056545875	0.012433199632	0.00514755832241	0.592362696171
-fuo	0.413214516769	0.444351691466	0.0460170711856	0.0964167205794
-edi	0.417910447761	0.492537313433	0.0	0.089552238806
-iai	0.222609854111	0.607261986264	0.0415480081347	0.12858015149
-nes	0.0266836086404	0.940279542567	0.0266836086404	0.00635324015247
-iak	0.420103306656	0.318353588302	0.0668767779225	0.194666327119
-fui	0.202724114313	0.409343504119	0.203152672114	0.184779709454
-fuv	0.660194174757	0.0951456310679	0.128155339806	0.116504854369
-kuf	0.0431654676259	0.913669064748	0.0431654676259	0.0
-fut	0.235223278097	0.578373369449	0.157725913615	0.0286774388391
-iav	0.429999999649	0.318381074559	0.0902480200192	0.161370905773
-fur	0.240108433189	0.1299916027	0.0510249236055	0.578875040506
-aof	0.0476065594304	0.890881655867	0.0360302881445	0.0254814965584
-kua	0.667256840938	0.0351156552471	0.0142494585367	0.283378045278
-iar	0.0477761876183	0.75642786575	0.164798301094	0.030997645538
-aok	0.347228860581	0.484757174622	0.0496041229401	0.118409841857
-kum	0.289785344189	0.620320230628	0.0672990767073	0.0225953484748
-neb	0.0859351960593	0.101308576807	0.0161520613936	0.79660416574
-aon	0.0914294675762	0.765859013566	0.0619462087352	0.0807653101231
-agu	0.0831660453111	0.916833954689	0.0	0.0
-tko	0.0504523802813	0.802982045717	0.134727585332	0.0118379886694
-ban	0.242063492064	0.336805555556	0.16369047619	0.25744047619
-rej	0.432914230136	0.283549427172	0.0848594017993	0.198676940892
-eka	0.180555555556	0.402777777778	0.25	0.166666666667
-eke	0.470240187062	0.273122382857	0.0370663607704	0.21957106931
-bai	0.106643356643	0.870629370629	0.0192307692308	0.0034965034965
-eki	0.504132231405	0.099173553719	0.347107438017	0.0495867768595
-fai	0.506342622805	0.263693685408	0.0334175707222	0.196546121065
-eko	0.36501274918	0.233544303063	0.0661848083595	0.335258139397
-jor	0.314213766088	0.23614997202	0.274202574147	0.175433687745
-jon	0.0757581992121	0.371621986019	0.0276386992071	0.524981115562
-mko	0.0949628593207	0.665747468735	0.212516002357	0.0267736695882
-joi	0.2434625789	0.285907509983	0.0309158830349	0.439714028082
-ren	0.455713092214	0.151645522927	0.0956564035803	0.29698498128
-bat	0.0177118429639	0.950360229588	0.00978812374318	0.0221398037048
-bar	0.0757511035171	0.632350847216	0.26455930514	0.0273387441264
-bas	0.0204807172115	0.96097070871	0.0162300023186	0.00231857175979
-job	0.0472440944882	0.818897637795	0.0866141732284	0.0472440944881
-dru	0.00642054574638	0.988764044944	0.0	0.00481540930979
-ase	0.539970596343	0.312413856473	0.0659285123587	0.081687034825
-asa	0.181104738907	0.818895261093	0.0	0.0
-ask	0.104636324968	0.874946831136	0.0153126329222	0.00510421097405
-asi	0.214872798434	0.545205479452	0.212915851272	0.0270058708415
-guf	0.095960527109	0.19214012112	0.0291889352657	0.682710416505
-asu	0.297008547008	0.51566951567	0.0690883190883	0.118233618234
-jme	0.722933643772	0.207217694994	0.0558789289872	0.0139697322468
-dri	0.14927813545	0.674336667541	0.014851370097	0.161533826913
-rav	0.488154900882	0.352026728928	0.0367324479871	0.123085922203
-fno	0.44985819846	0.375638109485	0.0715305429142	0.102973149141
-rat	0.240753663643	0.738311235171	0.0209351011863	0.0
-rar	0.033620940653	0.263940894538	0.00406321780257	0.698374947007
-ras	0.0759233034134	0.857669363765	0.0369308258861	0.0294765069356
-vek	0.246689962038	0.145912089157	0.0961653974	0.511232551406
-ran	0.168224299065	0.779706275033	0.0520694259012	0.0
-eri	0.00655087013245	0.842629856489	0.00049753444044	0.150321738938
-ram	0.11019882779	0.842630593943	0.0306022230398	0.0165683552272
-rak	0.268542119388	0.445164510467	0.184101161991	0.102192208154
-rai	0.23665190021	0.508107420674	0.215106297293	0.0401343818224
-raf	0.293350315331	0.530495696296	0.124386285667	0.0517677027055
-era	0.03530390529	0.881334043449	0.0225427026877	0.060819348573
-rad	0.131348966405	0.0452620150022	0.0562487212047	0.767140297388
-rab	0.137931034483	0.735632183908	0.126436781609	0.0
-ere	0.311724137931	0.452413793103	0.110344827586	0.125517241379
-oze	0.654767726161	0.262102689487	0.0498777506112	0.0332518337408
-nro	0.462298016935	0.359102825251	0.0796285977876	0.0989705600263
-uge	0.291666666667	0.692708333333	0.015625	0.0
-azo	0.0957677966254	0.579685781478	0.324546421897	0.0
-azi	0.342023921516	0.548783765623	0.0120951485015	0.0970971643596
-uga	0.55174981385	0.357781087118	0.0390915860014	0.0513775130305
-aze	0.329230769231	0.255384615385	0.147692307692	0.267692307692
-nre	0.155363748459	0.459926017263	0.355117139334	0.0295930949445
-aza	0.282352941176	0.545588235294	0.0176470588235	0.154411764706
-ugi	0.0758432851455	0.458132551156	0.438787624834	0.0272365388644
-ike	0.287334080965	0.418406671692	0.10387749568	0.190381751664
-uju	0.658227848101	0.341772151899	0.0	0.0
-500	0.238805970149	0.149253731343	0.223880597015	0.388059701493
-iko	0.279314919839	0.506547784565	0.134165465361	0.0799718302345
-foi	0.299899699097	0.579739217653	0.114343029087	0.00601805416248
-nor	0.143991887781	0.173432482677	0.0944735507859	0.588102078756
-fok	0.0264861404535	0.22729059556	0.0634370611408	0.682786202846
-not	0.046511627907	0.604651162791	0.255813953488	0.093023255814
-iki	0.331433089214	0.411409786951	0.18766644474	0.0694906790945
-uja	0.534030335024	0.359616820745	0.041459583344	0.0648932608863
-for	0.0266343550616	0.912610992257	0.00159033681062	0.0591643158712
-fos	0.0	1.0	0.0	0.0
-iks	0.05273592387	0.580888183981	0.141157811261	0.225218080888
-nom	0.200737503607	0.157765720626	0.0354677306986	0.606029045069
-non	0.201726376191	0.336062588825	0.0612111187737	0.400999916211
-out	0.111540749554	0.764425936942	0.120464009518	0.00356930398572
-noa	0.0	1.0	0.0	0.0
-nob	0.366990291262	0.464077669903	0.0699029126214	0.0990291262135
-kjo	0.261671504081	0.362431588176	0.0934429624838	0.282453945259
-bog	0.351334551814	0.0905190098792	0.0335744560165	0.52457198229
-gen	0.0966094666519	0.661588917284	0.0392718264516	0.202529789613
-gem	0.453154875717	0.210325047801	0.0229445506692	0.313575525813
-ori	0.275375110327	0.547080410647	0.0628048497236	0.114739629303
-vez	0.155046457196	0.255195403929	0.0716362862614	0.518121852614
-bon	0.328767123288	0.657534246575	0.013698630137	0.0
-geg	0.150839235863	0.0374224211522	0.0254568211707	0.786281521814
-gef	0.292307692308	0.116923076923	0.0830769230769	0.507692307692
-jar	0.163405591663	0.0647728123616	0.00819589507126	0.763625700904
-bor	0.147121535181	0.810234541578	0.0191897654584	0.0234541577825
-don	0.0210409992812	0.518819745628	0.0167045422557	0.443434712835
-dom	0.0298165137615	0.941896024465	0.0282874617737	0.0
-dok	0.0992078018177	0.190035623634	0.0300429616154	0.680713612933
-sas	0.000334001336005	0.999665998664	0.0	0.0
-tog	0.405797101449	0.528985507246	0.0434782608696	0.0217391304348
-vor	0.492063492063	0.285714285714	0.0	0.222222222222
-sav	0.390362856028	0.312134217714	0.237026921576	0.060476004682
-ruf	0.957894736842	0.0	0.0	0.0421052631579
-sat	0.146551724138	0.685344827586	0.116379310345	0.0517241379311
-ton	0.28818443804	0.64997598463	0.0198126801153	0.0420268972142
-tom	0.648612945839	0.21928665786	0.0766182298547	0.0554821664465
-tok	0.105263157895	0.894736842105	0.0	0.0
-rvo	0.225158591872	0.586807867592	0.100059409651	0.0879741308846
-ges	0.0235294117647	0.976470588235	0.0	0.0
-tor	0.142905750255	0.707043211977	0.0643075876148	0.0857434501531
-saf	0.295857988166	0.578778457527	0.0922675759703	0.0330959783372
-sak	0.556514206589	0.273936693028	0.104678140236	0.0648709601463
-ibe	0.288205628037	0.173158850721	0.0853005874149	0.453334933828
-sai	0.207780725022	0.728558797524	0.0371352785146	0.026525198939
-400	0.326767091541	0.312862108922	0.0695249130939	0.290845886443
-san	0.164509394572	0.816701461378	0.0137787056367	0.00501043841335
-rva	0.0830751355539	0.841402013943	0.0755228505035	0.0
-rot	0.0557491289198	0.787456445993	0.156794425087	0.0
-iek	0.552997263216	0.221539403103	0.092508587103	0.132954746578
-iej	0.0605044637636	0.896612217847	0.0362558964563	0.00662742193288
-iem	0.286986471146	0.421344131852	0.135455377759	0.156214019243
-ais	0.0240625177977	0.911271347094	0.00518269614105	0.059483438967
-ror	0.155749853654	0.64366227005	0.0457098730835	0.154878003213
-ien	0.327613321077	0.430372822354	0.0855900755141	0.156423781054
-ieb	0.18477597041	0.0745397098139	0.0349744869946	0.705709832781
-ief	0.449976265602	0.272052048139	0.17046882417	0.107502862089
-rod	0.0393909355347	0.890342395632	0.0528137543267	0.0174529145067
-rom	0.0785543079842	0.884836822942	0.0102462140849	0.0263626549892
-ron	0.123899870149	0.772092771606	0.0312004039821	0.0728069542634
-ier	0.11660119909	0.768782303081	0.0595410378334	0.0550754599958
-iet	0.510652920962	0.350515463918	0.0439862542955	0.0948453608247
-rok	0.216287232265	0.0849713588225	0.0698115405458	0.628929868367
-rda	0.43091231178	0.326395039858	0.14526129318	0.0974313551816
-rdo	0.342117376949	0.15315719782	0.186652875889	0.318072549343
-ibt	0.067892503536	0.838755304102	0.093352192362	0.0
-mvo	0.327018853932	0.590698982821	0.0	0.0822821632473
-mam	0.518629979937	0.446259673259	0.0200630553167	0.0150472914876
-nas	0.0292170737275	0.95297877197	0.0109564026478	0.00684775165488
-nva	0.398879285851	0.253296650264	0.1076721466	0.240151917285
-nve	0.137323943662	0.830985915493	0.0105633802817	0.0211267605634
-276	0.0	0.351851851852	0.0	0.648148148148
-kdo	0.218905472637	0.495024875622	0.0820895522388	0.203980099502
-nvo	0.352002280177	0.408579164885	0.0726806327491	0.166737922189
-sti	0.0665070497473	0.0691673317371	0.0558659217877	0.808459696728
-sun	0.572327044025	0.427672955975	0.0	0.0
-aik	0.499132041751	0.227300474284	0.040306685466	0.233260798499
-isa	0.0913348946136	0.906030444965	0.00263466042154	0.0
-200	0.0752212389381	0.58407079646	0.0442477876106	0.296460176991
-maf	0.0735083702962	0.835473601374	0.0597188438975	0.0312991844327
-iok	0.168958583336	0.62741218824	0.0476761910939	0.15595303733
-oiv	0.380322496378	0.276354223563	0.171459782944	0.171863497115
-mug	0.220233998624	0.614590502409	0.148657949071	0.0165175498968
-ide	0.0	0.926421404682	0.0602006688963	0.0133779264214
-ois	0.0	1.0	0.0	0.0
-ion	0.111459402057	0.772890510774	0.0314321008922	0.0842179862775
-iom	0.221810967665	0.366797939121	0.0830569702712	0.328334122942
-eni	0.0447415788121	0.939830290563	0.00694265878118	0.00848547184366
-sfa	0.24868123587	0.675960813866	0.0527505651846	0.0226073850791
-mui	0.188178528347	0.768395657419	0.021712907117	0.021712907117
-iof	0.358768978772	0.310955468068	0.094978085374	0.235297467786
-mut	0.114295803245	0.697334581001	0.00589935085953	0.182470264894
-oib	0.385747015555	0.268901483179	0.077173519836	0.26817798143
-mur	0.11894915133	0.0922361790776	0.263404306206	0.525410363386
-ios	0.0208333333333	0.958333333333	0.0208333333333	0.0
-ior	0.0	1.0	0.0	0.0
-oim	0.737939584553	0.115541418558	0.0514709773067	0.0950480195822
-obe	0.562986150636	0.0940997913109	0.158888256498	0.184025801556
-oik	0.158323749847	0.591593357771	0.0317938023036	0.218289090078
-oij	0.282782626317	0.485784517698	0.0614566333423	0.169976222643
-iot	0.0233722871452	0.956594323873	0.0200333889816	0.0
-fta	0.0	1.0	0.0	0.0
-ifa	0.00716845878136	0.992831541219	0.0	0.0
-bko	0.209677419355	0.403225806452	0.322580645161	0.0645161290323
-fti	0.00276803838346	0.256320354309	0.00276803838347	0.738143568924
-gis	0.654088050314	0.0817610062893	0.0	0.264150943396
-iba	0.443575793596	0.425669394535	0.0475472043158	0.0832076075527
-gin	0.181769076496	0.214776363981	0.285119865113	0.318334694409
-kva	0.434075365974	0.24801301969	0.0807511321451	0.237160482191
-ift	0.0172413793103	0.971452798191	0.0	0.0113058224986
-sam	0.0605918401148	0.897173300944	0.0104897035278	0.0317451554132
-ndo	0.05	0.95	0.0	0.0
-rme	0.488473087201	0.243682115863	0.0675167739049	0.20032802303
-gie	0.103752545331	0.554607453376	0.118081816909	0.223558184384
-kvo	0.781094527363	0.159203980099	0.0	0.0597014925373
-gia	0.222009924342	0.278235978123	0.0465134260767	0.453240671459
-ait	0.0623761275151	0.901669541371	0.0163854373566	0.0195688937572
-120	0.0	0.0	0.0	1.0
-uva	0.551136363636	0.340909090909	0.0142045454545	0.09375
-uvo	0.288483092787	0.475942498807	0.175222296944	0.0603521114617
-rov	0.0169376693767	0.020325203252	0.0	0.962737127371
-ora	0.0290909090909	0.906666666667	0.0351515151516	0.0290909090909
-ian	0.283632984238	0.525008759751	0.0590346994743	0.132323556537
-ros	0.358356536867	0.481311162898	0.00939735494969	0.150934945285
-mga	0.529700108915	0.177895541829	0.0629523636125	0.229451985643
-153	0.0919540229885	0.0114942528736	0.0	0.896551724138
-eme	0.313762891253	0.10658981573	0.0276883193666	0.55195897365
-rko	0.0750103185913	0.678612869814	0.02110443972	0.225272371874
-oga	0.444485347827	0.286871400059	0.0757387040738	0.192904548041
-fej	0.489801178635	0.141266270664	0.0615092615374	0.307423289164
-rke	0.35499207607	0.35618066561	0.0725039619652	0.216323296355
-uon	0.132457866774	0.173582825799	0.0378048757626	0.656154431664
-itu	0.0669710806697	0.659056316591	0.0456621004566	0.228310502283
-ter	0.0647941270348	0.922438557293	0.00893712097029	0.00383019470156
-esu	0.00950754054919	0.759541964039	0.00219790282274	0.228752592589
-esk	0.0892857142857	0.767857142857	0.142857142857	0.0
-ito	0.59	0.15	0.06	0.2
-esi	0.0	1.0	0.0	0.0
-uta	0.779220779221	0.103896103896	0.0	0.116883116883
-iti	0.336445589182	0.467160334836	0.106245975531	0.0901481004507
-esa	0.269483335398	0.490149919465	0.164168008921	0.0761987362161
-ite	0.286486486486	0.201351351351	0.495945945946	0.0162162162162
-ese	0.4672357073	0.43362674491	0.0511247443763	0.0480128034142
-ita	0.0202764050045	0.966784316898	0.00267437966752	0.0102648984298
-faf	0.330434782609	0.6	0.0695652173913	0.0
-fak	0.175617358235	0.351730765112	0.0644749522971	0.408176924356
-ria	0.163350192265	0.68121243277	0.0456510440065	0.109786330959
-fam	0.681818181818	0.0454545454546	0.0	0.272727272727
-666	0.180212014134	0.127208480565	0.0	0.6925795053
-far	0.220005488474	0.453677277717	0.0863062568606	0.240010976948
-fas	0.179026806332	0.647736019544	0.0955108039669	0.0777263701571
-uda	0.0906002265006	0.867497168743	0.0419026047565	0.0
-fav	0.614765100671	0.136912751678	0.0268456375839	0.221476510067
-fat	0.399635036496	0.38503649635	0.0766423357664	0.138686131387
-udi	0.0674745249243	0.768265334225	0.112129676988	0.0521304638628
-udo	0.264448336252	0.288966725044	0.367775831874	0.0788091068301
-abu	0.323974082073	0.393088552916	0.127429805616	0.155507559395
-uom	0.247981705664	0.318567265182	0.304864108901	0.128586920254
-uok	0.415501025583	0.420287078084	0.0563641950957	0.107847701238
-tis	0.0	1.0	0.0	0.0
-uof	0.265763418447	0.565398645128	0.140698280354	0.0281396560709
-abe	0.198257140904	0.0406120368663	0.0112394706021	0.749891351628
-gad	0.0	1.0	0.0	0.0
-aba	0.207946624288	0.07548325812	0.0215138984327	0.695056219159
-uov	0.327150459307	0.432116183845	0.126136764458	0.11459659239
-uor	0.0335987529491	0.904733316481	0.0405502190765	0.0211177114931
-var	0.36704730832	0.613376835237	0.0	0.0195758564437
-tua	0.673515981735	0.0833333333333	0.174657534247	0.0684931506849
-kof	0.228363402829	0.621616843488	0.100013169122	0.0500065845611
-vav	0.246153846154	0.492307692308	0.169230769231	0.0923076923077
-vat	0.0148866696263	0.961812456176	0.0	0.0233008741977
-kob	0.0410958904109	0.876712328767	0.027397260274	0.0547945205479
-tuk	0.505518763797	0.432671081678	0.0618101545254	0.0
-koi	0.442928057278	0.146003623765	0.0664128240736	0.344655494883
-sos	0.0543891340636	0.853213820227	0.0259758077424	0.0664212379668
-sor	0.0743745028678	0.866633823943	0.0292466980557	0.0297449751337
-kot	0.185272743192	0.699697924875	0.0644645827861	0.0505647491463
-tur	0.3359375	0.53125	0.109375	0.0234375
-kov	0.44	0.346666666667	0.0933333333333	0.12
-soi	0.258238871701	0.461135874472	0.0260812218928	0.254544031933
-oro	0.348970688451	0.464875658268	0.123252642704	0.0629010105764
-sok	0.248246087426	0.460334592553	0.242849433351	0.0485698866703
-kor	0.12807428114	0.213319212671	0.48898367187	0.16962283432
-vak	0.384437516526	0.166429489446	0.0578110655815	0.391321928447
-iev	0.365894731019	0.363350656918	0.0875888205671	0.183165791496
-van	0.0657831492853	0.471035059805	0.00516670489277	0.458015086017
-ord	0.00711845102505	0.756667615793	0.228620918755	0.00759301442673
-ore	0.526288391463	0.25787850879	0.0672726544668	0.148560445281
-tna	0.5	0.0967741935484	0.258064516129	0.145161290323
-gma	0.343046949143	0.272762797968	0.330597889801	0.0535923630883
-kre	0.353923407345	0.401052695263	0.206909068909	0.0381148284832
-jef	0.782805429864	0.0542986425339	0.135746606335	0.027149321267
-jeg	0.037277863376	0.0165341836364	0.00339152217299	0.942796430815
-rur	0.00967666438626	0.859661361754	0.105633168905	0.0250288049545
-rus	0.0	1.0	0.0	0.0
-gre	0.263102119461	0.502312138728	0.033718689788	0.200867052023
-jen	0.522698209719	0.17679028133	0.253196930946	0.0473145780051
-tno	0.052889324192	0.888344760039	0.0117531831538	0.0470127326151
-jem	0.118483412322	0.398104265403	0.483412322275	0.0
-jer	0.147916666667	0.760416666667	0.0291666666666	0.0625
-ruk	0.220834959032	0.700351150995	0.0374561061257	0.0413577838471
-run	0.0	1.0	0.0	0.0
-ruo	0.248226950355	0.602836879433	0.0567375886525	0.0921985815603
-oma	0.473409272292	0.349923819198	0.0703765508235	0.106290357687
-rua	0.315712187959	0.296622613803	0.36563876652	0.0220264317181
-vno	0.493341728872	0.304768516912	0.0703346247984	0.131555129418
-ome	0.518218731972	0.182516980476	0.0555420186029	0.24372226895
-eas	0.432989690722	0.536082474227	0.0	0.0309278350516
-nri	0.3237514518	0.445993031359	0.12456445993	0.105691056911
-sna	0.11643211213	0.799811976526	0.0293430573757	0.0544128539684
-rna	0.256261883111	0.480036372654	0.0909316359428	0.172770108291
-rno	0.338037234197	0.300523853919	0.0678648652939	0.29357404659
-odk	0.269764957265	0.543091168091	0.00934829059828	0.177795584046
-izi	0.128706998814	0.693357058126	0.160142348754	0.0177935943061
-odo	0.328212290503	0.427374301676	0.0942737430167	0.150139664804
-zer	0.146700507614	0.267005076142	0.0517766497462	0.534517766497
-uri	0.158257611077	0.0198654833184	0.00326955267979	0.818607352925
-zev	1.0	0.0	0.0	0.0
-uro	0.510288065844	0.324588477366	0.0570987654321	0.108024691358
-ura	0.292908075432	0.475762080336	0.0852884214712	0.146041422761
-rga	0.332169412151	0.266195620918	0.0571827630119	0.344452203919
-jno	0.467392768948	0.324891213083	0.105867481664	0.101848536306
-zef	0.410126582278	0.367088607595	0.151898734177	0.0708860759493
-zeg	0.138335259295	0.0527341197059	0.0183340381774	0.790596582822
-zek	0.485523385301	0.276169265033	0.19153674833	0.0467706013363
-zen	0.650416560556	0.253065085313	0.0412558664096	0.0552624877214
-zem	0.211538461538	0.134615384615	0.211538461538	0.442307692308
-bes	0.450588235294	0.3	0.0870588235294	0.162352941176
-tuf	0.260586319218	0.462540716612	0.130293159609	0.14657980456
-duv	0.75	0.1875	0.03125	0.03125
-/10	0.0574272588055	0.942572741195	0.0	0.0
-dua	0.393470917859	0.391131850753	0.0615030165765	0.153894214812
-jek	0.191997769619	0.151251381652	0.0664229038371	0.590327944892
-ist	0.063343354541	0.919387541075	0.00943857931901	0.00783052506468
-duo	0.455236423774	0.296969185595	0.0597725201661	0.188021870465
-keg	0.550923936399	0.333046841427	0.0515685431886	0.0644606789858
-nuo	0.535714285714	0.294642857143	0.0178571428571	0.151785714286
-sov	0.718120805369	0.201342281879	0.0	0.0805369127517
-nuk	0.0878900050201	0.687644073039	0.106060068252	0.118405853688
-nui	0.222534298369	0.214432321486	0.109106622016	0.453926758129
-nuf	0.164629949614	0.602432879815	0.118784213507	0.114152957063
-ken	0.36631898827	0.347682726467	0.141279563464	0.144718721798
-kem	0.0	1.0	0.0	0.0
-kek	0.470736086176	0.23052064632	0.0991023339318	0.199640933573
-sur	0.249208310079	0.405037969762	0.0467488979049	0.299004822254
-nua	0.146931719965	0.681936041487	0.148660328436	0.0224719101124
-1/3	0.167785234899	0.796979865772	0.0352348993289	0.0
-1/2	0.0077952449006	0.598544887619	0.00779524490061	0.38586462258
-sum	0.0525119463281	0.0573314169127	0.143086657295	0.747069979464
-ket	0.0623830318153	0.806612601372	0.131004366812	0.0
-suk	0.269704412732	0.369706098911	0.121573542719	0.239015945638
-ker	0.05	0.95	0.0	0.0
-suf	0.136900039042	0.681439780356	0.162970239669	0.0186899409327
-ark	0.81052631579	0.110526315789	0.0	0.0789473684211
-aga	0.457990053461	0.216331286594	0.0572368255647	0.26844183438
-sua	0.305748578648	0.56917245736	0.0606443461781	0.0644346178143
-fev	0.574620909817	0.227853152434	0.0733240223463	0.124201915403
-die	0.321651621638	0.508546866315	0.0646384454145	0.105163066633
-fet	0.0594900849858	0.940509915014	0.0	0.0
-dia	0.319526309591	0.476953788219	0.0382606301368	0.165259272053
-ork	0.0	0.865671641791	0.134328358209	0.0
-fuk	0.154510172581	0.142486009922	0.0769851301824	0.626018687315
-din	0.0	1.0	0.0	0.0
-fef	0.479390742705	0.162436478317	0.0619723740928	0.296200404886
-feg	0.638102243472	0.0919455682236	0.0	0.269952188305
-son	0.127690619477	0.768339845377	0.0226375286262	0.0813320065202
-ina	0.317436238798	0.316269244056	0.0726416571825	0.293652859964
-fen	0.650978567829	0.0458423835386	0.0308659246238	0.272313124008
-vaf	0.577498035793	0.201606205009	0.0739815839353	0.146914175263
-fem	0.58467862491	0.0855497406087	0.0044032954725	0.325368339009
-oir	0.101123595506	0.739207569486	0.124186871674	0.0354819633353
-fek	0.285782022501	0.162600072588	0.0355711547023	0.516046750208
-vef	0.483035191706	0.368350914252	0.0492443668295	0.0993695272121
-ovo	0.39545525054	0.363158770388	0.139153647899	0.102232331173
-fna	0.256087321579	0.567590260285	0.088161209068	0.088161209068
--os	0.0340477996965	0.948248609004	0.00727111785534	0.0104324734446
-kos	0.110091743119	0.880733944954	0.0	0.00917431192661
-ven	0.0220088046676	0.839731563616	0.0333626440354	0.104896987681
-nek	0.528138528139	0.246753246753	0.225108225108	0.0
-vej	0.594686263426	0.251554550594	0.0135669869983	0.140192198982
-afu	0.340327090999	0.183284375416	0.0975181355712	0.378870398014
-sko	0.0656228106434	0.879255820981	0.0422597157547	0.012861652621
-ova	0.133932752646	0.83029461043	0.0168846846284	0.0188879522962
-afi	0.236759371221	0.287787182588	0.225634824667	0.249818621524
-uka	0.474834785075	0.0500426136491	0.0395619052594	0.435560696016
-ver	0.110429447853	0.889570552147	0.0	0.0
-roi	0.275959723096	0.557268722467	0.151038388924	0.0157331655129
-fnu	0.0852757248436	0.59295054008	0.119386014781	0.202387720296
-afo	0.137668348593	0.208389434013	0.0779690743716	0.575973143023
-afa	0.501330352825	0.273945501611	0.0812572465508	0.143466899013
-knu	0.127860026918	0.183714670256	0.189098250336	0.49932705249
-uko	0.676742751388	0.241826033313	0.0592227020358	0.0222085132634
-afe	0.381500647193	0.062690399099	0.0104901505632	0.545318803145
-tit	0.115196704182	0.333822359105	0.0716078195968	0.479373117116
-tiu	0.0	0.990654205607	0.0	0.00934579439254
-tiv	0.495652173913	0.382608695652	0.0	0.121739130435
-aiv	0.416086782639	0.286245510198	0.0950273255857	0.202640381577
