-nət	0.0324105334234	0.862255232951	0.0810263335584	0.0243079000675
-əhu	0.531821572625	0.264731189508	0.110595744229	0.0928514936383
-ɨmi	0.10829176006	0.012818212283	0.00357961701007	0.875310410647
-her	0.559327802595	0.301467772814	0.0777919591576	0.0614124654329
-hem	0.0153677277717	0.984632272228	0.0	0.0
-hen	0.146135053594	0.580828393867	0.0248211521079	0.248215400431
-hei	0.33234421365	0.263353115727	0.00890207715133	0.395400593472
-hek	0.383764792461	0.367275203358	0.0783308048114	0.17062919937
-ivi	0.51724137931	0.465517241379	0.0172413793103	0.0
-lem	0.0919006277441	0.896436148828	0.00326411031101	0.00839911311734
-auu	0.475698924731	0.524301075269	0.0	0.0
-asɨ	0.656488549618	0.0229007633588	0.137404580153	0.18320610687
-iha	0.143622722401	0.575830653805	0.219989281886	0.0605573419078
-auh	0.573729369541	0.26109831869	0.0385916616283	0.126580650141
-aul	0.346153846154	0.115384615385	0.0	0.538461538462
-nti	0.0252725524435	0.0320865139643	0.0419524370563	0.900688496536
-pah	0.213488668841	0.279766671224	0.446231518916	0.0605131410194
-mtə	0.0413793103449	0.875862068966	0.0827586206896	0.0
-nta	0.127684498243	0.750292854354	0.0417805544709	0.0802420929325
-uak	0.279708695591	0.624857102144	0.0296655000046	0.0657687022601
-ǝta	0.661795407098	0.156576200418	0.112734864301	0.0688935281837
-nah	0.404597933968	0.527040712984	0.0541827020458	0.0141786510026
-kuə	0.323302721976	0.409332917093	0.181833246742	0.0855311141884
-uan	0.35647425897	0.479719188768	0.0514820592824	0.11232449298
-uas	0.0108852604687	0.0226591136288	0.182605798067	0.783849827835
-pak	0.0	0.995024875622	0.00497512437812	0.0
-eus	0.0	0.95818815331	0.0	0.0418118466899
-war	0.318483098844	0.214857583817	0.40823216525	0.0584271520898
-kəh	0.105187049137	0.46033134638	0.250089352539	0.184392251944
--mə	0.441791044776	0.456716417911	0.0835820895523	0.0179104477612
-əvi	0.467849158725	0.330303565125	0.130368278621	0.0714789975292
-ape	0.00473675919351	0.00778266893636	0.000835824343292	0.986644747527
-kat	0.0399881516588	0.924466824645	0.00888625592416	0.0266587677725
-kən	0.149553128103	0.292154915591	0.524329692155	0.0339622641509
-inə	0.486495726496	0.173447293447	0.246153846154	0.0939031339032
-gɨn	0.45959171706	0.2792524662	0.0846528777552	0.176502938985
-gɨk	0.0269819803725	0.480757910869	0.0038647929446	0.488395315814
-ɨni	0.0435779415847	0.0400611271102	0.00182862797936	0.914532303326
-opa	0.0371747211896	0.951672862454	0.00743494423791	0.00371747211896
-ɨn-	0.240362811791	0.353741496599	0.269841269841	0.136054421769
-r--	0.237774030354	0.286677908938	0.252951096121	0.222596964587
-əme	0.252747252747	0.318681318681	0.0989010989011	0.32967032967
-rhɨ	0.184210526316	0.605263157895	0.21052631579	0.0
-dek	0.0595324850048	0.909916475139	0.0238242053927	0.00672683446381
-del	0.051366333324	0.835817153681	0.0125351681105	0.100281344884
-den	0.111858862329	0.758019603941	0.0205455053258	0.109576028404
-ime	0.296515402929	0.348080946541	0.0833273212611	0.272076329269
-aka	0.0	0.810825013137	0.141881240147	0.0472937467157
-nae	0.0518518518518	0.822222222222	0.0148148148148	0.111111111111
-rək	0.336266132015	0.515990890156	0.0971327350944	0.0506102427345
-kɨm	0.449029982363	0.312522045855	0.0437389770723	0.194708994709
-kɨn	0.196793229902	0.0791062157174	0.0180844676122	0.706016086768
-ǝhə	0.0890538033395	0.0272108843538	0.0	0.883735312307
-kɨp	0.0932231404959	0.84132231405	0.0158677685951	0.0495867768595
-kɨr	0.601254594327	0.231734299274	0.0515575611701	0.115453545229
-kɨs	0.357210441329	0.3009035105	0.138720707298	0.203165340874
-bia	0.0918367346938	0.877551020408	0.0204081632653	0.0102040816327
-rhə	0.0	0.973238180196	0.0267618198037	0.0
-bim	0.0320637388263	0.967936261174	0.0	0.0
-eja	0.00275103163686	0.995873452545	0.0	0.00137551581843
-ter	0.586943693477	0.110010200954	0.02793292682	0.275113178748
-tes	0.0	1.0	0.0	0.0
-tet	0.113821138211	0.788617886179	0.0975609756097	0.0
-kiu	0.628471065793	0.269905521539	0.0406493650672	0.0609740476008
-gru	0.355555555556	0.422222222222	0.0	0.222222222222
-rin	0.0422503891483	0.94707582833	0.0106737825217	0.0
-apu	0.771579344139	0.193742932529	0.0218620429702	0.0128156803618
-rik	0.0396126696195	0.0833972389308	0.0136467025203	0.863343388929
-eru	0.206188509917	0.647518750877	0.0568976996164	0.0893950395895
-erɨ	0.105263157895	0.40350877193	0.0	0.491228070175
-akw	0.436340609748	0.407415154447	0.0504935640102	0.105750671795
-rit	0.0	0.982230997039	0.0	0.0177690029615
-riu	0.0960014737162	0.0923535976454	0.0184428731469	0.793202055491
-rir	0.218787158145	0.61950059453	0.14744351962	0.0142687277051
-ris	0.0198384873495	0.88897287942	0.0743088168395	0.0168798163914
-wan	0.170844446419	0.474376687927	0.0742108244748	0.280568041179
-tei	0.282171581769	0.643144389123	0.0631941784757	0.011489850632
-tel	0.0707303381661	0.844718452992	0.0747953001297	0.00975590871254
-nap	0.163533983397	0.786730000502	0.0300501207022	0.0196858953988
-ten	0.0661214953271	0.13714953271	0.0353971962617	0.761331775701
-erə	0.245901639344	0.258196721311	0.409836065574	0.0860655737705
-ara	0.0471821756225	0.743119266055	0.1625163827	0.0471821756225
-mes	0.0602022737339	0.903403218662	0.0250996604164	0.0112948471874
-eri	0.0206672091131	0.833523189585	0.000650935720099	0.145158665582
-jif	0.115781632436	0.747046929871	0.134404597212	0.002766840481
-wak	0.381696590826	0.341898669768	0.182270843934	0.0941338954714
-iwə	0.233009708738	0.766990291262	0.0	0.0
-lus	0.128108108108	0.657837837838	0.199459459459	0.0145945945946
-arh	0.571117578736	0.352430028253	0.0618900324368	0.0145623605734
-jia	0.0	0.971844204599	0.0281557954012	0.0
-aru	0.0540933238188	0.762242891917	0.0305314943729	0.153132289891
-wəm	0.541024127499	0.139489411938	0.0374455840036	0.282040876559
-luk	0.0136363636364	0.972727272727	0.0	0.0136363636363
-wək	0.532526739761	0.251918042111	0.0433714617914	0.172183756337
-lun	0.0	1.0	0.0	0.0
-wəh	0.275390909853	0.281525837513	0.0493520382006	0.393731214433
-mel	0.0149576200765	0.930696360312	0.0543460196111	0.0
-men	0.0299068093358	0.108972391568	0.0107908650828	0.850329934013
-jir	0.2106325861	0.614528600601	0.0903104421449	0.0845283711539
-jip	0.0128468653648	0.934074169236	0.0408744433025	0.0122045220966
-en-	0.344645683137	0.416564093547	0.224019694039	0.0147705292773
-vus	0.26778572505	0.599944356213	0.11117164949	0.0210982692464
-goh	0.451227531784	0.410675142481	0.0767207365191	0.0613765892153
-ɨg-	0.15	0.475	0.315	0.06
-kia	0.0	0.978339350181	0.0216606498195	0.0
-ikɨ	0.196078431373	0.705882352941	0.0392156862745	0.0588235294117
-rag	0.126315789474	0.778947368421	0.0631578947368	0.0315789473684
-gol	0.00581348187004	0.804667009166	0.189519508964	0.0
-əəm	0.0892359174567	0.872343062527	0.00681663258351	0.0316043874326
-ak-	0.166666666667	0.518518518519	0.0925925925926	0.222222222222
-əpə	0.114138438881	0.466126656848	0.0441826215022	0.375552282769
-əəg	0.114296081277	0.612844702467	0.0391872278665	0.233671988389
-arə	0.473465016638	0.237455270817	0.0582516957249	0.23082801682
--vi	0.455716586151	0.442834138486	0.00483091787441	0.0966183574879
-anə	0.0971696869302	0.379612765145	0.081128636811	0.442088911114
-yuv	0.119658119658	0.880341880342	0.0	0.0
-ikə	0.15037593985	0.687969924812	0.0	0.161654135338
-ota	0.553628773282	0.400770712909	0.00578034682081	0.0398201669878
-oti	0.0635775862069	0.415274784483	0.0105064655172	0.510641163793
-əsu	0.435006920851	0.510381275953	0.0196300490751	0.0349817541211
-ali	0.0	0.886634009797	0.113365990203	0.0
-nən	0.477707006369	0.337579617834	0.184713375796	0.0
-nəm	0.760066217396	0.0482943806457	0.0105582856473	0.181081116311
-nəs	0.40127195639	0.553301029679	0.0363416111447	0.00908540278621
-nəp	0.17375566625	0.546980147813	0.124727543719	0.154536642218
-əsi	0.121905160366	0.307114885429	0.162017912362	0.408962041843
--rə	0.669724770642	0.0366972477064	0.165137614679	0.128440366972
-sup	0.0817984832069	0.918201516793	0.0	0.0
-nak	0.195121951219	0.630393996248	0.129455909944	0.0450281425891
ALL	0.221086113705	0.27663357117	0.0517585598969	0.450521755228
-nai	0.0871370747702	0.0980364482109	0.0074205178476	0.807405959171
-nan	0.225741716505	0.571235754732	0.0928102988629	0.1102122299
-nao	0.332112783513	0.567718144827	0.0906087521664	0.00956031949363
-kie	0.258620689655	0.715517241379	0.0	0.0258620689655
-nam	0.0803571428572	0.517857142857	0.0535714285714	0.348214285714
-sis	0.64578313253	0.134939759036	0.207228915663	0.0120481927711
-emə	0.160339415526	0.184275655391	0.0227259122353	0.632659016847
-sip	0.0153797876319	0.969444130533	0.00244446955738	0.012731612278
-kin	0.31216162114	0.239132380051	0.0613979506427	0.387308048166
-kim	0.303359887729	0.287798736946	0.0313699591365	0.377471416189
-sit	0.539849639828	0.220140294219	0.199788195573	0.0402218703799
-kis	0.0510999874082	0.675347951863	0.114837606111	0.158714454618
-kir	0.390068210034	0.496242857814	0.0450798873294	0.0686090448226
-ket	0.0863452838449	0.863939290753	0.0437807073016	0.00593471810089
-sin	0.369746062732	0.507465911216	0.0609376973629	0.0618503286884
-sim	0.329084123685	0.563083557349	0.0310087756613	0.076823543305
-sil	0.0275862068965	0.848275862069	0.0	0.124137931035
-nar	0.177312894537	0.370840394075	0.0156953588309	0.436151352557
-nas	0.0232052211748	0.968092820885	0.00870195794053	0.0
-sia	0.0	0.984087102178	0.0108877721943	0.00502512562814
-əji	0.481731918184	0.35435439657	0.0882828424826	0.0756308427638
-nau	0.0331262939959	0.84265010352	0.0386473429952	0.0855762594893
-uaa	0.189884649512	0.0747876790468	0.033464317404	0.701863354037
-mos	0.0114942528736	0.988505747126	0.0	0.0
-mor	0.43189996874	0.107837639436	0.040709259564	0.41955313226
-mop	0.242152466368	0.739910313901	0.0179372197309	0.0
-ə--	0.35632183908	0.528735632184	0.0689655172414	0.0459770114943
-gog	0.0185185185185	0.962962962963	0.0185185185185	0.0
-iə-	0.454957874271	0.335349607547	0.164758407143	0.0449341110391
-ale	0.0	1.0	0.0	0.0
-awə	0.0524672526104	0.112808566989	0.0182079032706	0.81651627713
-ɨpe	0.257209340979	0.712872932768	0.0	0.0299177262528
-mon	0.00903901046622	0.986917221694	0.0011893434824	0.00285442435775
-ɨpi	0.0941145742643	0.0243775030472	0.0200243775031	0.861483545185
-moh	0.553613815405	0.294979187451	0.0797671058516	0.0716398912931
-tɨt	0.255306395369	0.348405951494	0.326093203366	0.0701944497709
-tɨr	0.142487046632	0.209844559585	0.577720207254	0.0699481865284
-tɨp	0.103447680518	0.767857148902	0.0321737926449	0.0965213779348
-eor	0.0	1.0	0.0	0.0
-bet	0.0138248847926	0.981566820277	0.0	0.00460829493088
-tɨg	0.142418684733	0.594078676498	0.175169367818	0.0883332709511
-eon	0.032942667089	0.935698447894	0.0228064618308	0.00855242318657
-ipə	0.153098420413	0.527339003645	0.253948967193	0.0656136087485
-ben	0.0	1.0	0.0	0.0
-bel	0.0469157254561	0.906168549088	0.0469157254561	0.0
-tɨn	0.0244641192917	0.916123019571	0.00698974836904	0.0524231127679
-tɨm	0.2634728547	0.454841085141	0.0950165319741	0.186669528185
-bea	0.0	0.578125	0.421875	0.0
-bed	0.0506970849176	0.918884664132	0.0	0.0304182509506
-kik	0.125932430671	0.091738485091	0.0241104402014	0.758218644037
-pər	0.333280431678	0.469925408665	0.138644659578	0.0581495000794
-rei	0.0390473065119	0.843407967894	0.0784416045533	0.0391031210409
-pət	0.0485436893204	0.838187702265	0.113268608414	0.0
-pəu	0.323202614379	0.416013071895	0.206535947712	0.0542483660131
-isi	0.00355859470398	0.989742874089	0.00313993650351	0.00355859470398
-rem	0.0	1.0	0.0	0.0
-iəv	0.215317919075	0.674132947977	0.0686416184971	0.0419075144508
-ə-m	0.0882325275139	0.0422349731916	0.0321700686671	0.837362430627
-fet	0.0379300796911	0.931949644026	0.00696396263129	0.0231563136514
-red	0.054284512554	0.763976212083	0.0227204052544	0.159018870108
-iəm	0.252873563218	0.240284619595	0.380952380952	0.125889436234
-eve	0.0966003137446	0.903399686255	0.0	0.0
-iən	0.321285140562	0.223560910308	0.388219544846	0.0669344042838
-eva	0.0736196319018	0.795501022495	0.10736196319	0.0235173824131
-iək	0.309167446211	0.500935453695	0.101028999064	0.088868101029
-pəg	0.0919970082274	0.890052356021	0.00897531787586	0.00897531787583
-rer	0.533032053931	0.223699318242	0.0715898820718	0.171678745755
-res	0.301075268817	0.621216228427	0.0533116472396	0.0243968555164
-rep	0.018058052583	0.955298919016	0.0	0.0266430284012
-pək	0.100190839695	0.586832061069	0.0171755725191	0.295801526718
-rew	0.0	0.944444444444	0.0555555555556	0.0
-ret	0.021999511122	0.973600586654	0.00439990222439	0.0
-dia	0.0104294083564	0.983003927123	0.00502156698641	0.00154509753429
-haa	0.0759320663551	0.70776597639	0.156715160907	0.0595867963482
-hab	0.0101694915254	0.949152542373	0.0406779661017	0.0
-hae	0.0224077565311	0.245515755454	0.710099649879	0.0219768381363
-haf	0.0243902439024	0.365853658537	0.0487804878049	0.560975609756
-hag	0.266534293221	0.503170789162	0.028576549645	0.201718367972
-hah	0.187897594455	0.333901671758	0.165992899151	0.312207834636
-hai	0.399453203123	0.339564051829	0.180022765473	0.0809599795749
-mas	0.0346947738252	0.954106280193	0.0	0.0111989459816
-mar	0.192602178571	0.391763333472	0.270310204579	0.145324283378
-ham	0.0279861392525	0.941497059967	0.0272914478527	0.00322535292804
-han	0.409623607828	0.365222320753	0.0780622657101	0.147091805709
-hao	0.158711667778	0.601654200577	0.196371042251	0.0432630893943
-hap	0.232801495573	0.674077906198	0.0388002492622	0.0543203489671
-mak	0.172195892575	0.602624863288	0.0165269170009	0.208652327136
-has	0.169300662595	0.304791422676	0.28130499479	0.244602919939
-mam	0.0687161367426	0.843408267477	0.0138169175756	0.0740586782052
-hau	0.0274217585693	0.90521609538	0.063785394933	0.00357675111773
-hav	0.543830305616	0.237282850915	0.0440897471868	0.174797096282
-man	0.0869323930214	0.717756109788	0.0515436659484	0.143767831243
-maa	0.368902439024	0.461890243902	0.0914634146341	0.077743902439
-iau	0.0876826722338	0.90605427975	0.0	0.0062630480167
-mad	0.03	0.91	0.06	0.0
--ra	0.516891891892	0.304054054054	0.0	0.179054054054
-uni	0.0210890777463	0.961389151191	0.0105969992655	0.0069247717973
-auə	0.601176571464	0.117296010955	0.0370876544687	0.244439763112
-ɨmɨ	0.0	1.0	0.0	0.0
-usi	0.0244019138756	0.965550239234	0.01004784689	0.0
-mfa	0.0392156862745	0.960784313725	0.0	0.0
--ru	0.516360074455	0.306869823005	0.0337704200325	0.142999682507
-pta	0.623087621697	0.169440314613	0.0765430914584	0.130928972232
-wni	0.208695652174	0.304347826087	0.382608695652	0.104347826087
-nis	0.414685772703	0.55539240466	0.0149609113186	0.0149609113186
-unu	0.16929016929	0.56340956341	0.21384021384	0.0534600534601
-666	0.0	0.0	0.0	1.0
-gad	0.0	1.0	0.0	0.0
-euə	0.307632999229	0.643793369314	0.0485736314572	0.0
-əwk	0.416253716551	0.536174430129	0.0	0.0475718533201
-ivə	0.370237808634	0.49308561715	0.0344094328897	0.102267141326
-ein	0.588035787552	0.128623878011	0.0845982726019	0.198742061835
-tri	0.0442153517898	0.66620895081	0.101581232242	0.187994465159
-gai	0.602869416524	0.376694332068	0.0029194644868	0.0175167869208
-gah	0.291185410334	0.393313069909	0.0966565349544	0.218844984802
-pɨk	0.286700795214	0.0848954326654	0.115252947281	0.51315082484
-gat	0.0444444444444	0.955555555556	0.0	0.0
-gar	0.161910588647	0.792203819429	0.022287287506	0.0235983044181
-ɨmə	0.657972338865	0.0330078552861	0.00234176154815	0.306678044301
-un-	0.785714285714	0.15306122449	0.030612244898	0.030612244898
-sel	0.103555718475	0.762646627566	0.0494868035191	0.0843108504399
-sei	0.326612903226	0.362903225806	0.165322580645	0.145161290323
-sef	0.0299599372931	0.953840794287	0.00627068454974	0.00992858387042
-sea	0.0105032822757	0.982932166302	0.0	0.00656455142232
-ing	0.0445384758633	0.896997661859	0.0192948333298	0.0391690289474
-pni	0.602401325848	0.303583697903	0.0466054023007	0.0474095739483
-kni	0.484986000686	0.286960161864	0.0450162137239	0.183037623726
-aas	0.239361702128	0.579787234043	0.148936170213	0.031914893617
-hsi	0.63330380868	0.220549158547	0.0664304694419	0.0797165633304
-pre	0.472093926501	0.193257557295	0.0534366707638	0.28121184544
-ins	0.131674757282	0.68401092233	0.00788834951456	0.176425970874
-ses	0.0341001873109	0.925635976498	0.0191313257448	0.0211325104462
-inu	0.124673385592	0.475550578574	0.31914893617	0.0806270996641
-kne	0.412529550827	0.386524822695	0.0496453900709	0.151300236407
-aos	0.0	1.0	0.0	0.0
-aor	0.208695652174	0.295652173913	0.104347826087	0.391304347826
-kut	0.562018521437	0.203008546749	0.100819735945	0.134153195869
-kus	0.446243827066	0.373868675823	0.11200542273	0.0678820743816
-kur	0.652294384284	0.184559842863	0.0966381492349	0.0665076236179
-iam	0.013683158855	0.648364536727	0.0175926328135	0.320359671604
-ena	0.00490998363337	0.995090016367	0.0	0.0
-net	0.0345932094811	0.826606875934	0.08199871877	0.0568011958146
-ian	0.0520200728761	0.418332198954	0.0187219617119	0.510925766458
-iai	0.406431127338	0.37906039904	0.141818094379	0.0726903792419
-iah	0.502511061998	0.318332820247	0.104692676337	0.0744634414185
-iak	0.163276783984	0.535905666903	0.0517169306238	0.249100618489
-ntə	0.960264900662	0.0397350993377	0.0	0.0
-əni	0.188417766987	0.356677846387	0.346627363283	0.108277023342
-aoa	0.011690558085	0.962423206155	0.00334015945284	0.0225460763068
-aan	0.282502345421	0.517696325561	0.0601590017108	0.139642327307
-nek	0.0549645829601	0.932999376976	0.0120360400643	0.0
-ias	0.0417936161049	0.8977492064	0.0242466780456	0.0362104994497
-iar	0.550400713027	0.186010601689	0.0551096247135	0.208479060571
-blu	0.0479233226837	0.472843450479	0.479233226837	0.0
-kun	0.324121771425	0.0822656551993	0.0491708628621	0.544441710514
-kum	0.431861939754	0.45628892477	0.0372830451586	0.0745660903172
-aoh	0.39749778347	0.354743375037	0.230519160674	0.0172396808196
-aon	0.0967964532683	0.776291989705	0.0275053235885	0.0994062334382
-kuh	0.585798816568	0.282391348704	0.0750867169965	0.0567231177311
-rha	0.435528549016	0.328994969679	0.125030577789	0.110445903515
-wɨm	0.894117647059	0.0823529411765	0.0235294117647	0.0
-wɨn	0.0632163945814	0.868009725599	0.0343869399097	0.0343869399097
-uun	0.271099697585	0.265923614087	0.360047954117	0.10292873421
-rhe	0.0652680652681	0.722610722611	0.100233100233	0.111888111888
-wɨk	0.111084224802	0.851099868882	0.0236349414473	0.0141809648683
-rhi	0.40684011221	0.544879135134	0.0328992739342	0.0153814787225
-bag	0.0	0.911764705882	0.0126050420168	0.0756302521008
-msɨ	0.265758091993	0.66269165247	0.0204429301533	0.0511073253833
-məs	0.352160003029	0.398114493412	0.224547554142	0.0251779494169
-rku	0.46558391338	0.469450889404	0.0649651972158	0.0
-hor	0.462423353537	0.339157286494	0.0944717357885	0.103947624181
-hos	0.0450862979922	0.916872138077	0.00211342021839	0.0359281437126
-jon	0.0221888749672	0.921792593024	0.00849869362938	0.0475198383791
-pəs	0.368271954674	0.15014164306	0.42492917847	0.056657223796
-gni	0.263888888889	0.194444444444	0.106481481481	0.435185185185
-ren	0.226643790126	0.443802579146	0.121070400708	0.20848323002
-bat	0.00032334554861	0.995796507868	0.000646691097219	0.0032334554861
-vɨn	0.0796960986197	0.697826550797	0.0619089713996	0.160568379184
-bas	0.0352371164293	0.941858757892	0.0082219938335	0.0146821318455
-job	0.201342281879	0.798657718121	0.0	0.0
-enə	0.542663891779	0.126430801249	0.231009365244	0.0998959417274
-dru	0.0	0.996681415929	0.0	0.0033185840708
-ase	0.0	1.0	0.0	0.0
-rel	0.0235009385161	0.872080078216	0.0773235107372	0.0270954725309
-asa	0.0	0.994307400379	0.0	0.0056925996205
-gɨm	0.0322465066285	0.595127194554	0.0361877463275	0.33643855249
-imə	0.135500130121	0.695921633297	0.0151523432462	0.153425893336
-vhə	0.134983127109	0.865016872891	0.0	0.0
-hiu	0.199925284101	0.475828804184	0.199925284101	0.124320627614
-mba	0.26254558083	0.51345719743	0.0989755165827	0.125021705157
-dra	0.0819423368741	0.918057663126	0.0	0.0
-ɨtə	0.0964360587002	0.828325180526	0.035406475658	0.0398322851153
-yen	0.306326387405	0.481101448879	0.0941485046572	0.118423659059
-əmə	0.177413767665	0.154495047009	0.0789667719441	0.589124413383
-lta	0.0232558139535	0.976744186047	0.0	0.0
-rea	0.048048048048	0.803303303303	0.045045045045	0.103603603604
-rav	0.516080263881	0.2427157779	0.0384826827928	0.202721275426
-rau	0.498949303914	0.17402153927	0.0551615445233	0.271867612293
-rar	0.467273581906	0.222080801031	0.0454848125522	0.265160804511
-ras	0.0375537879776	0.952275394445	0.0101708175773	0.0
-rap	0.673102362205	0.22412808399	0.0176377952756	0.0851317585301
-ran	0.166435766876	0.11642253988	0.0157825688399	0.701359124404
-rao	0.196987466091	0.540230768993	0.061364813959	0.201416950956
-ral	0.038961038961	0.678571428571	0.282467532468	0.0
-ram	0.220592200379	0.243976432319	0.0457660166761	0.489665350627
-rak	0.110659980853	0.174994989206	0.00535873135626	0.708986298585
-rah	0.265547064476	0.239074726582	0.107948565414	0.387429643527
-rai	0.433159715281	0.346490293711	0.0421022133093	0.178247777699
-era	0.0429722470904	0.876454789615	0.0053715308863	0.0752014324082
-nen	0.153041825095	0.790195545899	0.0252580119501	0.0315046170559
-ere	0.0	1.0	0.0	0.0
-sək	0.573001743951	0.284035530932	0.0543370213129	0.0886257038041
-fig	0.0	0.978502328914	0.0214976710857	0.0
-sən	0.613994497463	0.243301901628	0.0512763614225	0.091427239486
-səm	0.624743421006	0.0987266965228	0.0306405899484	0.245889292522
-as-	0.275	0.575	0.05	0.1
-səg	0.194805194805	0.298701298701	0.038961038961	0.467532467533
-tuə	0.350693108111	0.515147612425	0.0360764448978	0.0980828345661
-pou	0.236032339809	0.254132979365	0.434053336551	0.0757813442742
-pol	0.0440315502429	0.820651660428	0.0179188698732	0.117397919456
-pom	0.462870954747	0.267221700013	0.0684839532698	0.20142339197
-səs	0.524731020233	0.432937737798	0.0317484314763	0.0105828104921
-sər	0.0161418173957	0.119982705196	0.284283346545	0.579592130864
-utə	0.0865557670901	0.447249877761	0.412877251022	0.053317104127
-riə	0.112823125174	0.0956243550667	0.0169155627601	0.774636957
-lae	0.0	0.97	0.0	0.03
-ike	0.190476190476	0.809523809524	0.0	0.0
-mɨm	0.0780147048461	0.654481752735	0.0111722404737	0.256331301945
-nad	0.0276073619632	0.788343558282	0.184049079755	0.0
-iko	0.115670678773	0.756293845757	0.0999507285141	0.0280847469557
-lam	0.0457516339869	0.941176470588	0.0	0.0130718954248
-nor	0.640335831109	0.107438440183	0.0373672073268	0.214858521382
-oun	0.365705081554	0.477927455539	0.0508308338614	0.105536629046
-iki	0.242857142857	0.757142857143	0.0	0.0
-əpu	0.612603833676	0.143257792725	0.0849683299861	0.159170043613
-lat	0.0334797462177	0.894094680332	0.0404099560761	0.0320156173743
-pəh	0.286374535962	0.077554129796	0.0305881740338	0.605483160208
-iku	0.381847914963	0.397383483238	0.0506950122649	0.170073589534
-fos	0.0	1.0	0.0	0.0
-iks	0.0514332738994	0.899190783157	0.0123439857359	0.0370319572075
-aah	0.100161135694	0.195631164464	0.591731359339	0.112476340503
-non	0.0	1.0	0.0	0.0
-las	0.0384140177468	0.945411658991	0.00943502190273	0.00673930135909
-noa	0.0	1.0	0.0	0.0
-aag	0.368662641634	0.512778099413	0.0542552311637	0.0643040277892
--ni	0.234016887817	0.427020506635	0.0	0.338962605549
-gei	0.339768339768	0.660231660232	0.0	0.0
-ahi	0.0193637621023	0.922544951591	0.0359612724758	0.0221300138312
-gen	0.104408352668	0.742459396752	0.0974477958237	0.0556844547564
-bol	0.0326843161974	0.927005027159	0.0148168900095	0.025493766634
-aha	0.150115312171	0.220994491745	0.0159591859197	0.612931010164
-pəm	0.169565217391	0.7	0.0652173913043	0.0652173913044
-bot	0.0346041445271	0.903095111583	0.0354675876727	0.0268331562168
-dod	0.0363636363636	0.945454545455	0.0181818181818	0.0
-pən	0.538257346595	0.226436024466	0.0592845505052	0.176022078434
-əko	0.681482151215	0.208691443645	0.0342509466877	0.0755754584521
-dom	0.00519840582221	0.994801594178	0.0	0.0
-əki	0.926530612245	0.0122448979592	0.0612244897959	0.0
-ahu	0.114316820904	0.352204681546	0.146978769733	0.386499727817
-sas	0.0128170894526	0.97997329773	0.00400534045394	0.00320427236315
-sar	0.32349726776	0.634972677596	0.0	0.0415300546448
-siə	0.329000899593	0.370868624664	0.257650833019	0.0424796427235
-sap	0.565068704321	0.203206263942	0.0353938712659	0.196331160471
-mia	0.2257012394	0.528375733855	0.210697977821	0.0352250489237
-avi	0.479689259887	0.318582300866	0.116253855304	0.085474583943
-gki	0.037701704117	0.92912079626	0.0	0.033177499623
-tom	0.649635036496	0.197080291971	0.0	0.153284671533
-tok	0.0875	0.4875	0.425	0.0
-don	0.0	1.0	0.0	0.0
-ibi	0.109375	0.890625	0.0	0.0
-akə	0.209479866409	0.280564802053	0.139781675302	0.370173656236
-sak	0.0	0.993983669961	0.00343790287924	0.00257842715943
-kiə	0.323560209424	0.342408376963	0.290052356021	0.0439790575916
-sah	0.575609756098	0.252682926829	0.14243902439	0.0292682926829
-sao	0.496668685645	0.302343919637	0.0421128418454	0.158874552872
-san	0.579545454545	0.219696969697	0.109848484848	0.0909090909091
-sam	0.152652005175	0.847347994825	0.0	0.0
-iei	0.234038069818	0.364753810494	0.354007164431	0.0472009552574
-təg	0.685167984646	0.182540065377	0.0502614576972	0.0820304922795
-lok	0.0	0.82779886148	0.0241935483871	0.148007590133
-ror	0.254612294104	0.0546118035525	0.0394506099372	0.651325292406
-ah-	0.2329594478	0.467644521139	0.178602243313	0.120793787748
-tən	0.233091822346	0.447703797794	0.151599985511	0.167604394349
-loe	0.122448979592	0.816326530612	0.0	0.0612244897959
-rɨs	0.293699443411	0.38564081537	0.270497925714	0.0501618155046
-ɨpa	0.407766990291	0.27427184466	0.0218446601942	0.296116504854
-loa	0.0367411014095	0.867566305694	0.0351640006578	0.0605285922384
-rod	0.0195237390918	0.907262239314	0.0391953852981	0.0340186362964
-rog	0.0923076923077	0.907692307692	0.0	0.0
-tər	0.258426966292	0.580524344569	0.116104868914	0.0449438202247
-map	0.419920185637	0.393965604662	0.0496304559202	0.13648375378
-sur	0.282251681836	0.517535615354	0.0610902255639	0.139122477246
-rom	0.129227794202	0.583663375542	0.228073111322	0.0590357189342
-lot	0.0286436692186	0.955443181215	0.00318262991319	0.0127305196527
-ier	0.118527639035	0.750403594242	0.0372505193459	0.0938182473767
-roh	0.461728395062	0.395061728395	0.128395061728	0.0148148148148
-los	0.0567915690866	0.927400468384	0.00702576112412	0.00878220140515
-roj	0.0340909090909	0.897727272727	0.0681818181819	0.0
-rok	0.424789018897	0.482109399082	0.0532477808098	0.0398538012111
-hak	0.172383771548	0.629113703639	0.160630332579	0.037872192234
-uə-	0.234636871508	0.68156424581	0.0837988826816	0.0
-win	0.433700676991	0.420721473389	0.0502590195115	0.095318830108
-ipa	0.00907320249366	0.983352645859	0.00520722925724	0.00236692238966
-ɨwi	0.707055214724	0.0920245398773	0.0276073619632	0.173312883436
-mis	0.00377500943752	0.996224990562	0.0	0.0
-rgɨ	0.388109000826	0.546242774566	0.0656482246078	0.0
-ewk	0.00703248811411	0.933736133122	0.0132725832013	0.0459587955626
-ipu	0.290563423645	0.523168103448	0.161637931034	0.0246305418719
-awk	0.320292877746	0.181806079432	0.0482360772132	0.449664965609
-mai	0.330343796711	0.559043348281	0.0478325859492	0.0627802690583
-awi	0.330489614243	0.61943620178	0.0389465875371	0.0111275964392
-toa	0.10416020832	0.86111972224	0.0	0.0347200694401
-awe	0.744944187567	0.131754705525	0.0308252767269	0.0924758301808
-ɨne	0.0236069937188	0.00184265752447	0.000963163119971	0.973587185637
-e-o	0.333333333333	0.127777777778	0.255555555555	0.283333333333
-uək	0.240551583248	0.59822948587	0.131852230167	0.029366700715
-hɨn	0.0380549682875	0.923890063425	0.0380549682875	0.0
-haw	0.572851805728	0.183686176837	0.112702366127	0.130759651308
-sµn	0.357446808511	0.617021276596	0.0255319148936	0.0
-sto	0.0117554298461	0.953782592201	0.00395499421035	0.0305069837424
-sti	0.0125636932006	0.178125069793	0.0219864631011	0.787324773906
-rmɨ	0.34230796721	0.461701570057	0.0141116358685	0.181878826865
-ɨhu	0.178546949966	0.614119259767	0.0376970527759	0.169636737491
-oli	0.0	1.0	0.0	0.0
-ətə	0.536308052749	0.294302671479	0.0467013893568	0.122687886415
-upə	0.0324943873331	0.956871085903	0.00354484225452	0.00708968450904
-nɨn	0.41769189759	0.235950300549	0.226594008555	0.119763793307
-sɨs	0.483409692829	0.368936747818	0.0560570585135	0.0915965008392
-isə	0.0205479452055	0.979452054795	0.0	0.0
-isa	0.101896468709	0.870147320645	0.00391909495033	0.0240371156954
-200	0.0275862068966	0.6	0.0413793103448	0.331034482759
-ihi	0.193831019724	0.730078290714	0.0472563229907	0.0288343665706
-iok	0.015538290788	0.933407325194	0.00887902330743	0.0421753607103
-lek	0.0	1.0	0.0	0.0
-ion	0.100515463918	0.822164948454	0.0773195876288	0.0
-len	0.0647694208617	0.843397504883	0.0440033480808	0.0478297261749
-mun	0.73594548552	0.243611584327	0.0204429301533	0.0
-muh	0.548020898255	0.210962841024	0.0660502022754	0.174966058446
-lef	0.0269474102892	0.416906765441	0.092719973152	0.463425851118
-srə	0.0957471804511	0.423754699248	0.47344924812	0.00704887218045
-mut	0.412439347155	0.52139391266	0.0661667401853	0.0
-tiu	0.00810185185187	0.984953703704	0.0	0.00694444444446
-mus	0.333333333333	0.396825396825	0.253968253968	0.015873015873
-ios	0.0	1.0	0.0	0.0
-ior	0.315771363118	0.275903598367	0.100720176167	0.307604862348
-ida	0.0	1.0	0.0	0.0
-let	0.0646211064621	0.700604370061	0.234774523477	0.0
-sai	0.36788874842	0.551441815664	0.0595990608633	0.0210703750527
-iot	0.0	1.0	0.0	0.0
-eem	0.19628233459	0.756531912128	0.0285974262317	0.0185883270505
-een	0.231196500532	0.297352125685	0.381265313378	0.090186060405
-eek	0.320508918842	0.39828985991	0.263059206974	0.0181420142741
-ɨrə	0.031746031746	0.873015873016	0.0952380952381	0.0
-fti	0.00678733031674	0.188914027149	0.00678733031674	0.797511312217
-gin	0.0754310344827	0.924568965517	0.0	0.0
-sɨk	0.479136302354	0.337254064168	0.0741986426492	0.109410990829
-ndo	0.241758241758	0.725274725275	0.032967032967	0.0
-və-	0.108108108108	0.513513513513	0.351351351351	0.027027027027
-nda	0.0	0.981347150259	0.0124352331606	0.0062176165803
-kvi	0.473829201102	0.355371900826	0.104683195592	0.0661157024793
-nde	0.0	0.948529411765	0.0122549019608	0.0392156862745
-hmə	0.282229965157	0.52712792434	0.0900945744151	0.100547536088
-ala	0.00336134453781	0.996638655462	0.0	0.0
-lon	0.0989604989605	0.871517671518	0.0049896049896	0.0245322245322
-120	0.0277777777778	0.333333333333	0.0	0.638888888889
-sɨn	0.11360179714	0.27102940718	0.120809038791	0.494559756888
-yor	0.0940804660723	0.711361917375	0.106578603301	0.0879790132516
-atə	0.0060876424164	0.965630246941	0.00263109968844	0.0256510109541
-ɨsn	0.354166666667	0.166666666667	0.3125	0.166666666667
-yoh	0.698619943263	0.138483513686	0.04026502759	0.122631515461
-mle	0.137254901961	0.78431372549	0.0392156862745	0.0392156862745
-iel	0.0105559465165	0.978888106967	0.0105559465165	0.0
-ped	0.0177423442936	0.97338648356	0.00887117214683	0.0
-ɨrh	0.109152343176	0.807918319377	0.0113118848244	0.0716174526223
-iyu	0.359198036819	0.315562445188	0.0774341962558	0.247805321737
-pen	0.600393402045	0.247239121329	0.0549825744111	0.0973849022141
-ien	0.307311715379	0.387661525401	0.0803485871407	0.224678172079
-pei	0.785297549592	0.186697782964	0.0	0.0280046674446
-rki	0.100412294948	0.475117549137	0.0123637693434	0.412106386572
-vəh	0.465262357216	0.189715823254	0.050512782645	0.294509036886
-vən	0.499356720186	0.119829148843	0.0433760461358	0.337438084836
-elo	0.0116023717151	0.970170558524	0.00483127150282	0.0133957982578
-rko	0.288991598211	0.553545030969	0.15746337082	0.0
-vrə	0.650131633643	0.311625329084	0.018290148261	0.019952889012
-pɨg	0.111502390339	0.332996508997	0.0248616119472	0.530639488717
-rɨg	0.204710005577	0.066448694345	0.0293171324161	0.699524167662
-rig	0.336592178771	0.56843575419	0.0488826815642	0.0460893854749
-rɨk	0.162049600548	0.514315302223	0.0376697639461	0.285965333283
-itu	0.418164281223	0.339361370048	0.0686141262694	0.17386022246
-rɨm	0.0921239379648	0.766539565693	0.0346740844078	0.106662411935
-esu	0.0168150325383	0.665753603332	0.00301500237723	0.314416361753
-rɨn	0.140023111736	0.264268018845	0.265477713407	0.330231156012
-ito	0.615597783056	0.19873317498	0.101741884402	0.0839271575614
-esi	0.340599455041	0.395095367847	0.138964577657	0.125340599455
-uta	0.0	1.0	0.0	0.0
-iti	0.0641711229945	0.0855614973261	0.0	0.850267379679
-kwə	0.31122947463	0.521789940676	0.0993505702868	0.0676300144072
-tək	0.632290184922	0.248221906117	0.00853485064012	0.110953058321
-ese	0.036253776435	0.95166163142	0.0	0.012084592145
-ita	0.10037464301	0.44967196466	0.122169279389	0.32778411294
-spa	0.0614035087719	0.890350877193	0.0482456140351	0.0
-rɨr	0.0221402214022	0.977859778598	0.0	0.0
-ərə	0.34310652457	0.311520470656	0.0257992959445	0.31957370883
-bru	0.0	1.0	0.0	0.0
-urə	0.491270029186	0.193547652264	0.0876849901073	0.227497328443
-sɨp	0.0875202593193	0.815235008104	0.097244732577	0.0
-fak	0.00904385100027	0.0249107269613	0.00539058982421	0.960654832214
-sɨr	0.175773967808	0.106156373841	0.0384024351124	0.679667223238
-ria	0.0402691191902	0.913906548978	0.0177766804518	0.0280476513796
-fan	0.0635980301502	0.0387078319167	0.00810037100982	0.889593766923
-fam	0.0651804018435	0.0993999688603	0.0356297369823	0.799789892314
-fas	0.0351311232063	0.96190004948	0.0	0.00296882731321
-uda	0.00689655172415	0.979310344828	0.0137931034483	0.0
-sɨm	0.48479286838	0.132406921867	0.0839014158364	0.298898793917
-fat	0.0907715582451	0.909228441755	0.0	0.0
--pə	0.550967011225	0.229360328006	0.0492751233716	0.170397537397
--ye	0.567567567568	0.27027027027	0.162162162162	0.0
-sɨg	0.391991883067	0.184199420563	0.0988573842073	0.324951312163
-amə	0.114287316607	0.359903018183	0.0113332615578	0.514476403652
-hum	0.212789084329	0.645573181414	0.133658143594	0.00797959066234
-hun	0.231372836609	0.584408917571	0.0354942798475	0.148723965972
-huh	0.831955922865	0.0872359963269	0.0440771349862	0.0367309458219
-huk	0.0171405250986	0.667936335193	0.00408107740443	0.310842062304
-mrɨ	0.141538595844	0.307369974882	0.0333718240222	0.517719605252
--si	0.459080084592	0.315548425326	0.0773425213608	0.148028968722
-wor	0.2943772259	0.14400554465	0.0372483286123	0.524368900838
-oah	0.669117647059	0.264705882353	0.0	0.0661764705883
-wok	0.257906163362	0.56147288942	0.0329076226525	0.147713324566
-woj	0.0	0.877108433735	0.122891566265	0.0
-wom	0.469565217391	0.504347826087	0.0260869565217	0.0
-tra	0.0	1.0	0.0	0.0
-ron	0.00995575221239	0.966814159292	0.0232300884956	0.0
-aea	0.0273806375332	0.947572301996	0.00653401577498	0.0185130446958
-kob	0.00519578201468	0.983719883021	0.000692770935291	0.0103915640293
-kol	0.0890410958904	0.602739726027	0.308219178082	0.0
-tuk	0.100595323577	0.0909714886577	0.0849499955525	0.723483192213
-sop	0.0	0.926829268293	0.0731707317073	0.0
-sos	0.0	0.933579335793	0.0	0.0664206642067
-aen	0.11852786495	0.774405557184	0.0364264668732	0.0706401109924
-yuə	0.785185185185	0.0425925925926	0.00138888888889	0.170833333333
-amɨ	0.135040745052	0.806752037253	0.0372526193248	0.0209545983702
-aes	0.515455781856	0.465612774317	0.0111237973706	0.00780764645634
-son	0.0191184280403	0.978757302177	0.00212426978226	0.0
-aet	0.0347769293037	0.906129030265	0.0482724541081	0.0108215863234
-kos	0.0102564102564	0.979487179487	0.0102564102564	0.0
-kor	0.459952262605	0.0861856837028	0.0274982159994	0.426363837693
-uai	0.429808054197	0.434700790365	0.090327436959	0.0451637184795
-mrə	0.137719969396	0.035960214231	0.826319816373	0.0
-ora	0.0480913736098	0.932371505861	0.0	0.019537120529
-van	0.0	0.890909090909	0.0181818181818	0.090909090909
-ore	0.324925816024	0.0519287833828	0.445103857567	0.178041543027
-jea	0.040770791075	0.94523326572	0.00121703853955	0.0127789046653
-rur	0.0467382773607	0.894223898605	0.0147594560086	0.0442783680259
-kro	0.603448275862	0.103448275862	0.293103448276	0.0
-lip	0.0	0.99433641684	0.0	0.00566358316028
-jel	0.0625	0.90625	0.0	0.03125
-lis	0.0174059771739	0.86587158766	0.00409552404092	0.112626911125
-ruk	0.549671160963	0.324885213091	0.049866433124	0.075577192822
-ruh	0.362640062283	0.488804225015	0.053219390172	0.0953363225302
-omh	0.348758392962	0.224388771856	0.242344051951	0.184508783231
-run	0.25446985447	0.74553014553	0.0	0.0
-lik	0.0	0.639344262295	0.360655737705	0.0
-lif	0.0247252747253	0.876373626374	0.0906593406593	0.00824175824177
-ɨvn	0.117012808452	0.849554960562	0.0334322309863	0.0
-ɨvi	0.505097771855	0.339954755338	0.0644581486876	0.0904893241191
-lia	0.0	1.0	0.0	0.0
-ome	0.0	1.0	0.0	0.0
-mɨə	0.382352941176	0.382352941176	0.0	0.235294117647
-eas	0.0216802168022	0.972899728997	0.00180668473352	0.00361336946703
-mha	0.246150853773	0.139367757258	0.390545022726	0.223936366242
-ap-	0.329896907216	0.505154639175	0.123711340206	0.0412371134021
-hiə	0.103872437358	0.0725233162849	0.0134095500064	0.810194696351
-irə	0.38158634065	0.37187335738	0.0773957332657	0.169144568705
-wik	0.0989010989011	0.791208791209	0.0	0.10989010989
-eam	0.010152284264	0.98730964467	0.00126903553299	0.00126903553299
-eao	0.1310997815	0.787327021122	0.081573197378	0.0
-ən-	0.375	0.325	0.125	0.175
-uri	0.0255707762557	0.941552511416	0.0328767123287	0.0
-əri	0.503546099291	0.189125295508	0.139479905437	0.167848699764
-hni	0.53488372093	0.279069767442	0.162790697674	0.0232558139535
-ehe	0.349394613294	0.542871262664	0.0306399802323	0.0770941438103
-li-	0.204081632653	0.591836734694	0.0	0.204081632653
-ɨki	0.286155981781	0.617722440576	0.0310043216396	0.0651172560029
-həm	0.593721455699	0.135137733763	0.0355752127302	0.235565597808
-hən	0.319526627219	0.136094674556	0.473372781065	0.0710059171597
-ru-	0.329268292683	0.341463414634	0.0365853658537	0.292682926829
-uru	0.100558659218	0.888268156425	0.0111731843575	0.0
-iuə	0.524904447006	0.304738215131	0.0548443851241	0.115512952739
-pai	0.340329835082	0.392803598201	0.194902548726	0.071964017991
-apa	0.0690134559349	0.0234256286845	0.0028034320042	0.904757483376
-was	0.113380072381	0.721488889277	0.152280714024	0.0128503243177
-pam	0.207417218543	0.493774834437	0.235231788079	0.0635761589404
-pan	0.36154403603	0.207629155023	0.154700720773	0.276126088174
-wap	0.767857142857	0.160714285714	0.0357142857143	0.0357142857143
-apə	0.129887162496	0.670087815232	0.0354086719429	0.164616350329
-mer	0.0265870685718	0.870653095844	0.0370261629804	0.0657336726039
-pae	0.0	1.0	0.0	0.0
-pag	0.173332715391	0.706168605459	0.0899105529036	0.0305881262456
-wag	0.384379263302	0.269781718963	0.286493860846	0.0593451568895
-ɨnə	0.137632098687	0.0515077141632	0.0261777978873	0.784682389263
-wiə	0.296109639869	0.613013833358	0.0495690146036	0.0413075121697
-sot	0.046783625731	0.904970760234	0.0394736842105	0.00877192982456
-wao	0.287651589754	0.498261209247	0.147173716051	0.0669134849468
-piə	0.22809547877	0.179086385359	0.427139704885	0.165678430986
-wam	0.273224043716	0.4140395124	0.0428751576292	0.269861286255
-pas	0.0183450429352	0.941842310695	0.03981264637	0.0
-pat	0.0337674867342	0.901398938736	0.0243125904486	0.040520984081
-wai	0.244818005337	0.244580153898	0.0759508783966	0.434650962369
-sen	0.0158825230221	0.46627988007	0.00886727433743	0.50897032257
-kri	0.186440677966	0.661016949153	0.135593220339	0.0169491525424
-kon	0.172503242542	0.5953307393	0.16990920882	0.0622568093385
-ini	0.0889417746966	0.843254349529	0.0134957354659	0.0543081403084
-suv	0.561075254888	0.348302420793	0.0522103926117	0.0384119317072
-kem	0.0	1.0	0.0	0.0
-kel	0.0615384615384	0.938461538462	0.0	0.0
-sus	0.0137614678899	0.98623853211	0.0	0.0
-ktə	0.404824959654	0.219879244021	0.0860604619426	0.289235334382
-kei	0.421768462907	0.149742038434	0.0515056237746	0.376983874884
-ael	0.110260434205	0.82474220254	0.0318315532654	0.0331658099891
-sul	0.280415430267	0.185459940653	0.53412462908	0.0
-kes	0.0121457489879	0.943319838057	0.0	0.0445344129555
-ker	0.33944454529	0.463605009984	0.142494100563	0.0544563441641
-wən	0.0735154799996	0.441049058401	0.0775187982174	0.407916663382
-mik	0.105933717774	0.0519671196886	0.00618196219344	0.835917200344
-əta	0.581174003347	0.247222278236	0.0602931983626	0.111310520054
-mə-	0.441747572816	0.189320388349	0.0582524271844	0.310679611651
-nus	0.0	1.0	0.0	0.0
-sua	0.0671406003159	0.873617693523	0.0	0.0592417061611
-onə	0.20577740017	0.503993203059	0.261682242991	0.0285471537808
-agə	0.163636654144	0.694269966393	0.0787906642468	0.0633027152157
-fes	0.0833333333333	0.833333333333	0.0416666666667	0.0416666666666
