kud-	0.540953855514	0.204212121026	0.0452625035836	0.209571519876
agu-	0.841961852861	0.141689373297	0.0163487738419	0.0
siu-	0.269230769231	0.615384615385	0.0384615384615	0.0769230769231
wof-	0.330427439459	0.180391284341	0.295561769629	0.193619506571
mla-	0.185281917345	0.444768781687	0.0526962667076	0.31725303426
muw-	0.680671788213	0.192595685774	0.0482504561913	0.0784820698216
lim-	0.131746275506	0.0472682699895	0.0571088442737	0.76387661023
son-	0.459587955626	0.345483359746	0.171156893819	0.0237717908082
amg-	0.675313807531	0.281171548117	0.0334728033473	0.0100418410042
dok-	0.74025974026	0.220779220779	0.0	0.038961038961
maa-	0.0	1.0	0.0	0.0
uti-	0.436277974087	0.231802120141	0.0155477031802	0.316372202591
m’s-	0.0744091894739	0.756561836133	0.0301336894648	0.138895284929
nzo-	0.375379337643	0.36337247658	0.0949993402824	0.166248845494
niy-	0.775109170306	0.0655021834061	0.032751091703	0.126637554585
ann-	0.0	1.0	0.0	0.0
ogo-	0.0	0.0189573459715	0.981042654028	0.0
wod-	0.421259383597	0.134913973982	0.387894188775	0.0559324536454
udi-	0.338742393509	0.567951318458	0.0608519269776	0.0324543610548
amu-	0.250498599243	0.650676398856	0.0200609431568	0.0787640587441
aul-	0.223251028807	0.360082304527	0.350823045267	0.0658436213993
poy-	0.415661430762	0.211123646427	0.120483670341	0.252731252471
nuk-	0.521945432977	0.202056148675	0.0988533017004	0.177145116647
mah-	0.0	0.992207792208	0.00779220779221	0.0
tum-	0.567567567568	0.323529411765	0.0524642289348	0.0564387917329
nyu-	0.0973609180045	0.788820119479	0.0128875573199	0.100931405196
aku-	0.345833848726	0.315697601827	0.205242459043	0.133226090403
ola-	0.04103323846	0.837434608079	0.0280316954873	0.093500457974
baf-	0.0193775689959	0.846741045214	0.112742219612	0.0211391661773
ite-	0.690476190476	0.238095238095	0.0	0.0714285714286
ufu-	0.0846683849109	0.829718801236	0.0262524828409	0.0593603310124
yeu-	0.592592592593	0.259259259259	0.0740740740741	0.0740740740741
lis-	0.468270552867	0.222397439582	0.0880143557396	0.221317651811
ana-	0.418105436944	0.426467733664	0.0299931959028	0.12543363349
yal-	0.795230263158	0.157072368421	0.00328947368421	0.0444078947368
sak-	0.471976942032	0.11710132598	0.0867240671204	0.324197664867
myu-	0.0105949470253	0.835914153763	0.150230915512	0.00325998370008
ele-	0.0	1.0	0.0	0.0
ipy-	0.12296521841	0.87703478159	0.0	0.0
une-	0.539782594713	0.121888467228	0.00771853090629	0.330610407152
hri-	0.0483870967742	0.661290322581	0.0	0.290322580645
lac-	0.115027391488	0.238533501896	0.507543194269	0.138895912347
umt-	0.45	0.5125	0.0375	0.0
nun-	0.468597981558	0.433819792347	0.0975822260946	0.0
der-	0.0644295302013	0.856966442953	0.0270604026846	0.051543624161
kat-	0.098027319089	0.590443238279	0.0734630962728	0.238066346359
sun-	0.24655809407	0.677131827896	0.0452293775577	0.0310807004755
ayu-	0.0159219581138	0.825554080278	0.131510736556	0.0270132250522
aya-	0.474796725251	0.222805890078	0.107854368661	0.19454301601
mil-	0.0619260463227	0.843315725315	0.0546119463633	0.0401462819992
tic-	0.392299309844	0.113694151834	0.025686264335	0.468320273987
dis-	0.00647109577222	0.955780845557	0.0	0.0377480586713
tib-	0.451596680915	0.449333668594	0.0181040985668	0.0809655519236
gan-	0.495495495496	0.261261261261	0.225225225225	0.018018018018
yer-	0.0106886547565	0.985646663613	0.00213773095129	0.00152695067949
mbi-	0.114575481395	0.519838278627	0.0112382649215	0.354347975056
zed-	0.181818181818	0.145454545455	0.0	0.672727272727
ari-	0.0502253702511	0.94204764971	0.0	0.00772698003863
yau-	0.0785504817763	0.540008378718	0.356304985337	0.0251361541684
ine-	0.0188602127144	0.0120949281475	0.000848794451593	0.968196064686
gog-	0.42754491018	0.57245508982	0.0	0.0
zon-	0.102357183643	0.293598614956	0.0232620949787	0.580782106423
nka-	0.335570469799	0.201342281879	0.382550335571	0.0805369127517
mkw-	0.0186398425397	0.911605108551	0.0562428953955	0.0135121535139
ked-	0.0	1.0	0.0	0.0
uga-	0.873303167421	0.0542986425339	0.0135746606335	0.0588235294117
paf-	0.101351351351	0.14806949807	0.0372586872587	0.71332046332
hum-	0.0	0.979381443299	0.0	0.020618556701
uyi-	0.672805977557	0.169897157352	0.0936061099011	0.0636907551904
uli-	0.543843893816	0.0697698546745	0.0181496884438	0.368236563066
abr-	0.000544464609801	0.977313974592	0.020780399274	0.0013611615245
aml-	0.696597543789	0.215623112543	0.0249647674653	0.062814576203
muy-	0.423159738696	0.255638480347	0.0802434217729	0.240958359184
oko-	0.230118443316	0.262267343486	0.390862944162	0.116751269035
nen-	0.758510638298	0.158510638298	0.0127659574468	0.0702127659574
aig-	0.0108445612882	0.968452185343	0.000985869208017	0.0197173841604
zac-	0.2115024084	0.52806932487	0.205294013499	0.0551342532304
muf-	0.575109382596	0.0746232377248	0.0579727758872	0.292294603792
mka-	0.0393339683211	0.802459254948	0.00643807104808	0.151768705683
mul-	0.0707187220649	0.849033891599	0.00639048254275	0.0738569037934
gaw-	0.139226519337	0.668508287293	0.0265193370165	0.165745856354
ate-	0.380506264854	0.384359784941	0.0613794217413	0.173754528463
euo-	0.0	1.0	0.0	0.0
naw-	0.323281910707	0.0525750995234	0.0112879288754	0.612855060894
dzu-	0.0545386626821	0.889802017183	0.0167164736646	0.03894284647
kam-	0.0835969155039	0.512463516502	0.0766380863025	0.327301481691
kle-	0.00666666666667	0.98	0.0133333333333	0.0
sin-	0.587753672661	0.195530098409	0.0730599766079	0.143656252322
bod-	0.0663157894737	0.845263157895	0.0757894736842	0.0126315789474
dor-	0.0209059233449	0.979094076655	0.0	0.0
tag-	0.760869565217	0.239130434783	0.0	0.0
ler-	0.0551806867596	0.815564552407	0.0418353576248	0.0874194032088
pat-	0.283900036998	0.406188269313	0.0456293865982	0.264282307091
mur-	0.0279069767442	0.953488372093	0.0139534883721	0.00465116279069
am’-	0.430287766814	0.395565831303	0.095867222658	0.0782791792247
gwi-	0.514525281613	0.285593292115	0.0423477598035	0.157533666469
maw-	0.107756923481	0.751634072713	0.0226407665048	0.117968237301
tow-	0.11320754717	0.132075471698	0.679245283019	0.0754716981132
oma-	0.167338084909	0.135419894639	0.539200495817	0.158041524636
lom-	0.0739554781101	0.156850551104	0.288412115019	0.480781855767
nye-	0.0338201116931	0.867321100281	0.0156092823199	0.083249505706
gen-	0.0139049826187	0.986095017381	0.0	0.0
saw-	0.594504495404	0.208505909688	0.104050914234	0.0929386806748
lig-	0.691588785047	0.158878504673	0.0	0.14953271028
ngw-	0.280619701842	0.326658871675	0.234580532008	0.158140894475
nza-	0.222388059702	0.332835820896	0.426865671642	0.0179104477612
uzi-	0.210507582015	0.289257405185	0.389870263808	0.110364748993
oip-	0.0944881889764	0.0944881889764	0.740157480315	0.0708661417323
n`c-	0.264900662252	0.615894039735	0.0	0.119205298013
mar-	0.0	0.998114224138	0.0	0.00188577586207
lal-	0.0783173948372	0.053253328333	0.781548846803	0.0868804300269
mwi-	0.137675599103	0.222323220399	0.143277062921	0.496724117578
nig-	0.0461538461539	0.953846153846	0.0	0.0
por-	0.424528301887	0.575471698113	0.0	0.0
kui-	0.260780287474	0.739219712526	0.0	0.0
pas-	0.0867905768398	0.789085427458	0.00705614445852	0.117067851244
ifa-	0.481239804241	0.461663947798	0.0570962479609	0.0
och-	0.236727589208	0.387293298521	0.287206266319	0.088772845953
zer-	0.0	1.0	0.0	0.0
tiw-	0.551558952784	0.211067835795	0.0842480161623	0.15312519526
bak-	0.40521905166	0.556592765461	0.0159117428662	0.0222764400127
nkw-	0.0995100969713	0.10652867602	0.480104968129	0.31385625888
mao-	0.123287671233	0.868150684932	0.00856164383561	0.0
haa-	0.0649819494585	0.783393501805	0.0	0.151624548736
m’a-	0.0257432922407	0.891950688905	0.0746918056563	0.00761421319797
m`d-	0.218168012992	0.530002320039	0.0569464071035	0.194883259865
zis-	0.143361382761	0.205985899477	0.0263634296111	0.624289288151
epa-	0.00856531049251	0.991434689507	0.0	0.0
yac-	0.109387755102	0.341387755102	0.524734693877	0.0244897959184
nth-	0.049197235646	0.520562310512	0.0247042082312	0.405536245611
m`m-	0.170188408958	0.433509227073	0.0572544178412	0.339047946127
ntc-	0.32027549313	0.557944288643	0.0125197369972	0.109260481229
juw-	0.0	0.35	0.65	0.0
nan-	0.489884882454	0.0338789493719	0.0105994775737	0.4656366906
mch-	0.195325161022	0.651381674631	0.072719717432	0.0805734469147
lin-	0.202160042387	0.198219023675	0.141623008267	0.457997925672
mpe-	0.0698678586152	0.930132141385	0.0	0.0
izi-	0.0310184736039	0.184731892692	0.00624548607742	0.778004147626
pok-	0.332891651155	0.0819057534362	0.0554731783239	0.529729417085
mgw-	0.171171171171	0.630630630631	0.0	0.198198198198
usi-	0.0324698457937	0.862486640542	0.0188304748333	0.0862130388314
ufi-	0.26433056512	0.549321450274	0.16811829046	0.0182296941462
wom-	0.354840658161	0.266617225709	0.192266039126	0.186276077003
nsu-	0.0801886792453	0.813679245283	0.0778301886793	0.0283018867924
mog-	0.340101522843	0.121827411168	0.213197969543	0.324873096447
uki-	0.896226415094	0.103773584906	0.0	0.0
mel-	0.0	1.0	0.0	0.0
kri-	0.00345622119816	0.989631336406	0.0	0.00691244239631
tew-	0.341772151899	0.658227848101	0.0	0.0
fug-	0.0	1.0	0.0	0.0
mir-	0.0506695620702	0.89866087586	0.0506695620702	0.0
isa-	0.0531754116896	0.382269638519	0.011530668219	0.553024281572
omv-	0.0719696969697	0.223484848485	0.284090909091	0.420454545455
mle-	0.154760651436	0.749661891303	0.0397955960837	0.055781861177
mus-	0.558414086778	0.254240328111	0.111884222034	0.0754613630781
yom-	0.133093887416	0.23631298043	0.131449095364	0.49914403679
bab-	0.0192120908092	0.965033994727	0.00806907813984	0.00768483632365
ita-	0.129508427315	0.277973141812	0.046625350621	0.545893080252
eno-	0.0402010050251	0.959798994975	0.0	0.0
siy-	0.344355797802	0.326991688944	0.108126943841	0.220525569413
akr-	0.0401337792642	0.879598662207	0.0200668896321	0.0602006688963
lau-	0.398550724638	0.369565217391	0.231884057971	0.0
kom-	0.0542643541784	0.0229065796052	0.0044953533715	0.918333712845
idy-	0.945288753799	0.0364741641337	0.0	0.0182370820669
opo-	0.0660225442834	0.12882447665	0.558776167472	0.246376811594
kod-	0.342718101921	0.0435184101098	0.00686437061181	0.606899117357
ali-	0.599639993005	0.085935837491	0.0110063237589	0.303417845745
zam-	0.0629957079847	0.308728416306	0.514201230246	0.114074645464
non-	0.0269915651359	0.0133708216182	0.00699781318338	0.952639800062
uba-	0.187351336225	0.744088428711	0.0207079893661	0.0478522456975
liz-	0.388363961015	0.129529052898	0.0803511643479	0.401755821739
muz-	0.447781503783	0.454725692831	0.0357072407464	0.0617855626398
tau-	0.867647058824	0.110294117647	0.0220588235294	0.0
mal-	0.137184495715	0.740585120491	0.0344847510643	0.0877456327296
m’n-	0.0416899281673	0.765204928786	0.0360139320526	0.157091210994
sab-	0.0578675847347	0.917018092776	0.00251143224888	0.02260289024
nyi-	0.248770203795	0.744905130007	0.0	0.00632466619817
aki-	0.0	1.0	0.0	0.0
nin-	0.102485529452	0.145123347881	0.0146253133996	0.737765809268
nau-	0.542067680845	0.371002794163	0.00620925178515	0.080720273207
pto-	0.0428571428571	0.957142857143	0.0	0.0
paj-	0.393427230047	0.153051643193	0.0225352112676	0.430985915493
ncu-	0.468085106383	0.148936170213	0.0	0.382978723404
auf-	0.4375	0.03125	0.25	0.28125
oml-	0.127659574468	0.751773049645	0.0212765957447	0.0992907801417
ena-	0.0340920371552	0.282464723818	0.112032900801	0.571410338226
emo-	0.0	0.955555555556	0.0444444444444	0.0
zij-	0.322235265984	0.390910671971	0.0403269636297	0.246527098415
tch-	0.0992885223038	0.76754932821	0.0887253704601	0.0444367790257
zoi-	0.0702987697715	0.318980667838	0.61072056239	0.0
mab-	0.112965628198	0.853248110673	0.0202257889754	0.013560472154
aph-	0.448776158831	0.485594584554	0.0224955628018	0.0431336938127
ump-	0.239298955174	0.263565891473	0.456690259521	0.0404448938321
mpw-	0.0210526315789	0.873684210526	0.0842105263158	0.0210526315789
and-	0.445567728377	0.461769395536	0.0444300110373	0.0482328650491
apa-	0.517559803002	0.319667565666	0.0657393292683	0.0970333020638
ALL	0.217188039467	0.279517701231	0.050906335543	0.452387923758
ofo-	0.0701754385965	0.0877192982456	0.754385964912	0.0877192982456
ith-	0.641509433962	0.320754716981	0.0377358490566	0.0
kha-	0.286532126605	0.563172783105	0.0353582717266	0.114936818563
mtu-	0.066508248034	0.829202038912	0.0496398810481	0.0546498320058
per-	0.368908382066	0.611598440546	0.0	0.0194931773879
nuc-	0.724692926726	0.112240576027	0.0508259212198	0.112240576027
anz-	0.0836447570894	0.285887008134	0.581886128819	0.0485821059574
abv-	0.630460448642	0.24346432788	0.08053634677	0.0455388767077
am`-	0.950495049505	0.049504950495	0.0	0.0
uwa-	0.56263368984	0.257219251337	0.07185828877	0.108288770053
nuz-	0.814782608696	0.185217391304	0.0	0.0
mbo-	0.101810777398	0.819867645989	0.0196349356411	0.0586866409715
lid-	0.591556934152	0.218104123516	0.0759034363348	0.114435505997
zim-	0.264875902815	0.124865038862	0.0147870464132	0.59547201191
umb-	0.326924225234	0.460587659788	0.00767071943999	0.204817395538
ata-	0.185697458489	0.630904556111	0.0188563719372	0.164541613463
far-	0.00546946216955	0.99453053783	0.0	0.0
yot-	0.247292259046	0.285460197978	0.323418714678	0.143828828297
khw-	0.41910331384	0.463937621832	0.0818713450292	0.0350877192982
oka-	0.0617283950617	0.242798353909	0.625514403292	0.0699588477366
lum-	0.0468566966029	0.899258102304	0.0351425224521	0.0187426786411
tac-	0.617226003286	0.220840178362	0.0211218023938	0.140812015959
lev-	0.0720130932897	0.92062193126	0.0024549918167	0.00490998363339
nug-	0.458823529412	0.363025210084	0.0470588235294	0.131092436975
obv-	0.801843317972	0.170506912442	0.0276497695853	0.0
num-	0.617258969744	0.281355498994	0.0402560197659	0.0611295114964
kla-	0.0	1.0	0.0	0.0
suc-	0.74295852739	0.0995786205366	0.0576624528721	0.0998003992016
adi-	0.291595197256	0.632075471698	0.0274442538593	0.048885077187
bin-	0.00845070422534	0.957746478873	0.0338028169014	0.0
had-	0.0	0.780845345712	0.182506718788	0.0366479354996
zat-	0.0704714640199	0.163275434243	0.15682382134	0.609429280397
kur-	0.0354191263282	0.953955135773	0.00354191263283	0.00708382526564
uph-	0.323819978046	0.595499451153	0.0148188803512	0.0658616904501
iku-	0.74270835132	0.184239837634	0.0143414598372	0.0587103512086
n’c-	0.242631875352	0.224391464865	0.171453601151	0.361523058632
ram-	0.0	1.0	0.0	0.0
ubv-	0.634146341464	0.115853658537	0.0975609756098	0.15243902439
amb-	0.0122000874807	0.779771155054	0.178174993413	0.0298537640519
kub-	0.485504708896	0.345288339262	0.0496876094289	0.119519342413
tsa-	0.334170767801	0.569811061018	0.070550985993	0.0254671851877
usa-	0.412465137675	0.42470408033	0.08326742446	0.0795633575356
nsi-	0.305676855895	0.596069868996	0.0196506550218	0.0786026200873
mda-	0.124467736652	0.842231684682	0.00491320013102	0.0283873785348
laf-	0.501901140684	0.148288973384	0.125475285171	0.22433460076
umn-	0.993792033109	0.0	0.00620796689084	0.0
nze-	0.092896904921	0.717568470274	0.118726341572	0.0708082832331
win-	0.0179167191624	0.205158706135	0.149960485044	0.626964089659
tal-	0.453257790368	0.410764872521	0.0616147308782	0.0743626062323
gid-	0.0	1.0	0.0	0.0
ami-	0.0208086939058	0.883181219735	0.0377122709928	0.058297815366
kos-	0.286631850651	0.252055945735	0.166676671269	0.294635532345
lem-	0.38073941786	0.52234986906	0.0144071675659	0.0825035455139
rod-	0.0236686390533	0.976331360947	0.0	0.0
paw-	0.0433982615316	0.0532961106529	0.0213184442611	0.881987183554
naa-	0.0	1.0	0.0	0.0
sud-	0.62155237019	0.211543448522	0.0537417474573	0.113162433831
lud-	0.0821917808219	0.399481673454	0.502776749352	0.0155497963717
dak-	0.445161290323	0.058064516129	0.109677419355	0.387096774193
taz-	0.564092810955	0.162038798022	0.136934195512	0.136934195512
wan-	0.0525563450487	0.134419076773	0.0433368740152	0.769687704163
pon-	0.28692199823	0.235602407262	0.0711563968106	0.406319197697
azu-	0.227790432802	0.658314350797	0.113895216401	0.0
chi-	0.18341527684	0.437312169178	0.0567356431057	0.322536910877
sik-	0.343054910638	0.222682944221	0.143850072515	0.290412072626
pwe-	0.923322683706	0.0766773162939	0.0	0.0
nga-	0.0460737157989	0.0256224206886	0.00469151076413	0.923612352748
ben-	0.0	1.0	0.0	0.0
mwa-	0.0788920950468	0.308363628098	0.0113151425725	0.601429134283
tol-	0.032967032967	0.917582417582	0.0494505494506	0.0
nip-	0.509282488711	0.310085298545	0.0903161063723	0.0903161063723
mpa-	0.179178251467	0.711152301514	0.0187733181246	0.0908961288943
pog-	0.521998822243	0.30049634054	0.0521578194667	0.125347017751
poz-	0.566807377142	0.148761823066	0.0278110115352	0.256619788257
okh-	0.227143309079	0.224296108826	0.155646947169	0.392913634926
bun-	0.219047619048	0.695238095238	0.0857142857143	0.0
ili-	0.252109043406	0.0335030457314	0.0172264464234	0.697161464439
lam-	0.0738175244276	0.715375790669	0.176660760263	0.0341459246411
til-	0.588700095057	0.200609949303	0.058618504436	0.152071451204
dzi-	0.155331211265	0.75374119712	0.0177220704452	0.0732055211693
nut-	0.609544565024	0.116927592955	0.0662693470913	0.20725849493
wun-	0.46875	0.4140625	0.0	0.1171875
esl-	0.0	1.0	0.0	0.0
phu-	0.469089779435	0.440820130475	0.0838769804287	0.00621310966137
kaj-	0.158671586716	0.287822878229	0.509225092251	0.0442804428044
usu-	0.563643648992	0.321490583678	0.0908240950982	0.0240416722319
yem-	0.154462905719	0.131278979907	0.33326893354	0.380989180834
sat-	0.215264690766	0.732043429844	0.0209118554052	0.0317800239849
pur-	0.0	0.943037974684	0.0569620253165	0.0
eya-	0.161458333333	0.288194444445	0.0850694444444	0.465277777778
m’b-	0.0558000841245	0.88914343228	0.0215569042182	0.0334995793775
the-	0.0254916241806	0.652221412964	0.0928623452294	0.229424617626
rak-	0.0	1.0	0.0	0.0
upi-	0.703318474492	0.24219910847	0.00247647350173	0.0520059435364
nad-	0.673300947707	0.183946514193	0.0545528217365	0.0881997163631
yad-	0.228571428571	0.771428571429	0.0	0.0
kis-	0.05	0.925	0.025	0.0
abi-	0.01261829653	0.968454258675	0.01261829653	0.00630914826498
hag-	0.0	0.979166666667	0.0208333333333	0.0
zin-	0.148056404232	0.470814873162	0.0545886329995	0.326540089607
wow-	0.180843667558	0.365123718831	0.404933282143	0.0490993314689
mom-	0.1017779835	0.104363558037	0.102846072992	0.691012385471
ban-	0.0626598465473	0.832374254049	0.0531756180733	0.0517902813299
adr-	0.141048824593	0.775768535262	0.0397830018083	0.0433996383363
yak-	0.137873429364	0.298639003552	0.0305309935227	0.532956573561
azo-	0.0	1.0	0.0	0.0
kac-	0.0440430445877	0.793843857473	0.137282785191	0.024830312749
fet-	0.618556701031	0.278350515464	0.0721649484536	0.0309278350515
ter-	0.222551928783	0.557863501484	0.0389995760916	0.180584993641
nag-	0.702454613542	0.191827356885	0.0327792983806	0.0729387311919
iyi-	0.163116883117	0.0896442687748	0.0162394127612	0.730999435347
did-	0.0	1.0	0.0	0.0
idz-	0.700962435439	0.163830174513	0.0551750813406	0.0800323087074
lup-	0.0221883837285	0.959756362845	0.0156623885143	0.0023928649119
bwe-	0.277135367935	0.698009442115	0.0128561327324	0.0119990572169
wog-	0.419615992931	0.327275997505	0.178318321958	0.0747896876057
nam-	0.672216426684	0.182822045666	0.0547905589056	0.090170968745
dzo-	0.103448275862	0.862068965517	0.0229885057471	0.0114942528736
ebe-	0.0	1.0	0.0	0.0
ale-	0.114732131551	0.763992277452	0.094423944667	0.0268516463299
ker-	0.241666666667	0.733333333333	0.0	0.025
ugw-	0.649298597195	0.170340681363	0.0480961923847	0.132264529058
sid-	0.0253378378378	0.923986486487	0.00316722972973	0.0475084459459
bon-	0.22972972973	0.68018018018	0.0630630630631	0.027027027027
oli-	0.0754716981132	0.698113207547	0.169811320755	0.0566037735849
owu-	0.100917431193	0.137614678899	0.596330275229	0.165137614679
won-	0.284578287357	0.192675542697	0.22631222113	0.296433948816
amv-	0.810018155579	0.0854708812439	0.0272333690238	0.077277594153
tok-	0.00714540907467	0.0302488984161	0.00357270453732	0.959032987972
ula-	0.0935264127502	0.834154492095	0.0184225183154	0.053896576839
amd-	0.39366827254	0.554026152787	0.0275292498279	0.0247763248451
kon-	0.206493217245	0.1259961651	0.0625577602957	0.604952857359
eli-	0.0094501718213	0.987542955326	0.0	0.00300687285224
yul-	0.0	1.0	0.0	0.0
nal-	0.563885749772	0.0814886757097	0.0329817923176	0.321643782201
mut-	0.382759335485	0.510485948651	0.0333145784596	0.0734401374041
mdz-	0.0805038335159	0.764786418401	0.11117196057	0.0435377875137
uth-	0.0707596630148	0.505188559858	0.415446360777	0.00860541635029
maf-	0.035448278211	0.875297053692	0.0523433762639	0.0369112918333
awo-	0.149502963404	0.0434515036533	0.0195600363762	0.787485496566
m’p-	0.0320502431118	0.839181523501	0.0258103727715	0.102957860616
waw-	0.193219525847	0.0529724543238	0.0104945428377	0.743313476992
omp-	0.152173913043	0.471014492754	0.347826086957	0.0289855072464
afi-	0.46549281522	0.384233960737	0.0308641975309	0.119409026513
pan-	0.120844154467	0.288230659586	0.0726344332731	0.518290752673
mve-	0.736327696025	0.132714693609	0.0930705029651	0.0378871074017
aum-	0.0464285714286	0.0946428571428	0.855357142857	0.00357142857144
nim-	0.551458313239	0.21266666172	0.142388651051	0.0934863739901
amk-	0.507154066279	0.313948121481	0.0640635096464	0.114834302594
ukw-	0.147649856031	0.787904612545	0.0211792826274	0.043266248796
mnz-	0.325407131016	0.340470850292	0.188617268617	0.145504750076
sen-	0.707634094204	0.183272316273	0.0560210324578	0.0530725570652
tul-	0.465436338375	0.181980234357	0.0369622775054	0.315621149763
mic-	0.0	0.96875	0.03125	0.0
yam-	0.147359732806	0.41319077874	0.398756166382	0.0406933220723
aye-	0.393624018583	0.104115497015	0.078554955165	0.423705529236
pew-	0.657596371882	0.163265306122	0.160997732426	0.0181405895692
ina-	0.363073831183	0.267029828644	0.0938227205417	0.276073619632
aef-	0.0	0.983564645727	0.00876552227904	0.00766983199415
lir-	0.618078506407	0.117411723778	0.0269032295472	0.237606540268
mai-	0.0	0.630872483222	0.0	0.369127516778
mti-	0.166122800194	0.428932093779	0.0200912490837	0.384853856943
m’k-	0.109307196888	0.724847699908	0.0399259405902	0.125919162614
rab-	0.00717274357441	0.921697549313	0.00358637178722	0.0675433353258
ape-	0.678360638718	0.198768149097	0.0223094910708	0.100561721114
uwe-	0.665408805032	0.203773584906	0.0264150943396	0.104402515723
umu-	0.117032672737	0.371183717193	0.368773433315	0.143010176754
ba--	0.0444444444444	0.888888888889	0.0222222222222	0.0444444444444
uza-	0.924050632911	0.0607594936709	0.0151898734177	0.0
nse-	0.197468445532	0.755480986353	0.0155635722447	0.0314869958707
kni-	0.18320610687	0.709923664122	0.0	0.106870229008
dem-	0.0134128166915	0.986587183308	0.0	0.0
aja-	0.353580467471	0.12423701057	0.0301473872264	0.492035134733
udz-	0.500077629907	0.230693753809	0.0505708731968	0.218657743087
uku-	0.310672756559	0.32194788288	0.263895324463	0.103484036098
isr-	0.00826886155835	0.970783355827	0.0168228562739	0.0041249263406
und-	0.710382059951	0.181449145613	0.0246379662938	0.0835308281426
mde-	0.0897637795276	0.59842519685	0.302362204724	0.00944881889764
lab-	0.141055045872	0.091743119266	0.577981651376	0.189220183486
azi-	0.414202789792	0.444494538022	0.0529376005305	0.0883650716548
afe-	0.436175894606	0.407156845291	0.053409293217	0.103257966886
tia-	0.0421582507472	0.619946515652	0.228409627183	0.109485606418
ndu-	0.0736648250461	0.744014732965	0.160220994475	0.0220994475138
lij-	0.175793623664	0.218340511839	0.107199015519	0.498666848978
awi-	0.110296332597	0.053300302582	0.0110602061874	0.825343158633
iba-	0.7	0.276271186441	0.0237288135593	0.0
mnt-	0.354838709677	0.263929618768	0.24926686217	0.131964809384
mim-	0.06693149045	0.895521575883	0.0146922783915	0.0228546552756
iwe-	0.0175220827894	0.0256825043445	0.00177783472544	0.955017578141
mvu-	0.144377438808	0.855622561192	0.0	0.0
uko-	0.310315995393	0.369429062742	0.0623944972944	0.257860444571
yes-	0.00743690311553	0.962478848623	0.00247324260655	0.0276110056548
zom-	0.24975565534	0.311245520348	0.219796875221	0.219201949091
teo-	0.0	0.963302752294	0.0366972477065	0.0
men-	0.0	1.0	0.0	0.0
ang-	0.134429677059	0.284290059795	0.087694382889	0.493585880257
mps-	0.505319148936	0.235372340426	0.0	0.259308510638
kuk-	0.568889833991	0.204891956951	0.0490585493082	0.17715965975
yar-	0.0	1.0	0.0	0.0
khe-	0.166666666667	0.833333333333	0.0	0.0
ito-	0.30135301353	0.178351783518	0.0258302583026	0.49446494465
tur-	0.0	1.0	0.0	0.0
m-a-	0.0	1.0	0.0	0.0
nuf-	0.381578947368	0.420410783055	0.169127086008	0.0288831835687
mot-	0.108790894804	0.684175436926	0.0414305443116	0.165603123958
sod-	0.0125039074711	0.964274550083	0.0053588174876	0.0178627249587
miy-	0.0971760672451	0.813918169105	0.043155947852	0.0457498157978
zap-	0.365424999775	0.293133128442	0.304669544762	0.0367723270213
kun-	0.391306483367	0.209929114593	0.0497421844957	0.349022217545
har-	0.0	1.0	0.0	0.0
kan-	0.0721278876794	0.583326195173	0.0664220526534	0.278123864495
zab-	0.0640645097457	0.0678242802018	0.794300979519	0.0738102305333
woi-	0.28125	0.30625	0.15	0.2625
diy-	0.0235294117647	0.973529411765	0.00294117647059	0.0
ref-	0.0	1.0	0.0	0.0
nup-	0.700913292497	0.209305411203	0.0487605316114	0.0410207646889
tso-	0.102189694597	0.0911096500099	0.0315119425696	0.775188712824
osi-	0.35932746197	0.360128102482	0.188310648519	0.0922337870296
ifi-	0.61227154047	0.0	0.0456919060052	0.342036553525
dek-	0.0310559006211	0.772256728779	0.0	0.1966873706
mum-	0.325982345185	0.552368611855	0.0473195933027	0.074329449657
taf-	0.769230769231	0.179487179487	0.0	0.0512820512821
log-	0.804469273743	0.12104283054	0.0297951582868	0.0446927374302
kum-	0.296340970719	0.395790278916	0.0455119276493	0.262356822716
uka-	0.451417496146	0.33702416329	0.0580484809897	0.153509859573
met-	0.0	1.0	0.0	0.0
tiz-	0.406063278117	0.0760445928072	0.0523776532091	0.465514475867
tao-	0.471328671329	0.461538461538	0.00839160839161	0.0587412587412
lez-	0.239644970414	0.192307692308	0.479289940828	0.0887573964497
udu-	0.907345175228	0.0926548247719	0.0	0.0
oum-	0.0456273764259	0.167300380228	0.787072243346	0.0
mna-	0.0179094757408	0.96841419733	0.0117225659394	0.00195376098991
kuw-	0.466903882327	0.388153308685	0.0762203864551	0.0687224225335
wag-	0.584847157157	0.228775572107	0.136833945603	0.0495433251323
hez-	0.0	1.0	0.0	0.0
ken-	0.0375113441565	0.813048300897	0.0548552989816	0.0945850559645
aup-	0.649819494585	0.328519855596	0.0216606498195	0.0
khr-	0.00977887518488	0.978119766774	0.00197411042795	0.0101272476133
poc-	0.52341931889	0.218132354387	0.0606378445704	0.197810482153
m’g-	0.152023440486	0.811881608561	0.0127393944541	0.0233555564992
tit-	0.334247049805	0.531464166684	0.0570772445175	0.0772115389928
msi-	0.175046393074	0.651549985006	0.123025306498	0.0503783154208
ufa-	0.162644281217	0.220356768101	0.01573976915	0.601259181532
ilu-	0.0659340659341	0.934065934066	0.0	0.0
mat-	0.102164810954	0.826661067169	0.0427369727257	0.0284371491521
nit-	0.81589958159	0.18410041841	0.0	0.0
aat-	0.513422818792	0.439597315436	0.0469798657718	0.0
nya-	0.0868245207234	0.826802206845	0.0211325555449	0.0652407168867
aka-	0.427846537867	0.391997970246	0.0509404912209	0.129215000666
uyo-	0.137807311145	0.416969068232	0.0424022495831	0.40282137104
nif-	0.743455497382	0.141361256545	0.0471204188482	0.0680628272251
cha-	0.106608446917	0.0771942707902	0.0654460495524	0.750751232741
imz-	0.733674048836	0.114707552527	0.0170357751278	0.134582623509
mad-	0.0426093227632	0.9067192801	0.0171004155658	0.0335709815711
par-	0.0116504854369	0.988349514563	0.0	0.0
yip-	0.487480021311	0.30873734683	0.171816728822	0.0319659030368
ful-	0.228971962617	0.616822429907	0.0630841121495	0.0911214953271
but-	0.107203630176	0.745320476461	0.106636415201	0.0408394781622
izo-	0.130086510734	0.0537576987433	0.0104667307487	0.805689059774
nti-	0.105263157895	0.894736842105	0.0	0.0
upe-	0.661304736372	0.186773905273	0.0366398570152	0.11528150134
tif-	0.471346704871	0.0941977077365	0.0891833810888	0.345272206304
sol-	0.0	0.992409867173	0.00759013282735	0.0
pom-	0.115807265414	0.0535050631198	0.0255789109403	0.805108760526
mik-	0.0372113931796	0.882097324026	0.0286203064321	0.052070976362
ane-	0.372305200374	0.559619422316	0.00438593634313	0.0636894409668
zir-	0.399052053107	0.235671166926	0.0761809682867	0.28909581168
m’f-	0.0821917808219	0.835616438356	0.041095890411	0.041095890411
tha-	0.22617932378	0.686385780135	0.0208692344563	0.066565661628
anu-	0.0536834222597	0.0303753627259	0.00491434990171	0.911026865113
sag-	0.794661190965	0.162217659138	0.00616016427105	0.0369609856263
geh-	0.0532821216935	0.921345439405	0.0202979511213	0.00507448778033
m`l-	0.372881355932	0.593220338983	0.0338983050847	0.0
yen-	0.067011958565	0.298344198696	0.00539935207775	0.629244490661
gay-	0.034628975265	0.965371024735	0.0	0.0
bwi-	0.136033229491	0.02994807892	0.230944963655	0.603073727934
ipa-	0.283422459893	0.192513368984	0.352941176471	0.171122994652
mza-	0.0234492522786	0.176257176616	0.140279100756	0.660014470349
reu-	0.0	1.0	0.0	0.0
egu-	0.147058823529	0.617647058824	0.213235294118	0.0220588235294
ona-	0.462176767927	0.194621209521	0.00979110375268	0.333410918799
dan-	0.466901498781	0.443309751453	0.0455850575734	0.0442036921923
mub-	0.611440325187	0.213036877418	0.0763504579069	0.0991723394878
lib-	0.0239520958084	0.976047904192	0.0	0.0
zez-	0.0550458715596	0.94495412844	0.0	0.0
tes-	0.0	1.0	0.0	0.0
min-	0.0840688640647	0.859415942629	0.0508837861444	0.00563140716223
ser-	0.0	0.97037037037	0.0296296296296	0.0
uyu-	0.0946745443668	0.091692211801	0.00392394618188	0.80970929765
wer-	0.58495821727	0.253133704735	0.0313370473538	0.130571030641
ndi-	0.167488922001	0.032012595734	0.00710543079998	0.793393051465
zoz-	0.0721505751133	0.777971418613	0.143081212966	0.00679679330777
yoz-	0.213536701621	0.615824594852	0.0276453765491	0.142993326978
hos-	0.0748502994012	0.868263473054	0.0119760479042	0.0449101796407
elm-	0.0	1.0	0.0	0.0
fup-	0.0740740740741	0.555555555556	0.0	0.37037037037
sac-	0.490827164467	0.36047634374	0.0392661731574	0.109430318635
yai-	0.127307447486	0.606619987269	0.120942075111	0.145130490134
zel-	0.0	1.0	0.0	0.0
yon-	0.0436836879941	0.168789847011	0.0916256982572	0.695900766737
kob-	0.507664107537	0.254310230322	0.215710756316	0.0223149058258
agr-	0.00174520069808	0.994764397906	0.0	0.00349040139616
was-	0.562071768668	0.15724073859	0.231912669841	0.0487748229009
iwi-	0.111129991504	0.0963466440102	0.0825828377231	0.709940526763
eni-	0.205303511257	0.136396933144	0.312301606681	0.345997948918
m’u-	0.208657047725	0.452830188679	0.183129855716	0.15538290788
sos-	0.0201342281879	0.96644295302	0.0134228187919	0.0
mup-	0.548733996251	0.2288019824	0.0845061473456	0.137957874003
don-	0.0	0.96178343949	0.0305732484076	0.00764331210191
ule-	0.0791178779536	0.780647051669	0.0950951449011	0.0451399254763
suy-	0.459543276008	0.408655201579	0.0345362277981	0.0972652946151
ope-	0.817913385827	0.13779527559	0.0147637795276	0.0295275590551
tat-	0.305294220202	0.553681546101	0.0439732157271	0.0970510179703
bit-	0.0	1.0	0.0	0.0
uri-	0.0	1.0	0.0	0.0
ong-	0.568720379147	0.345971563981	0.085308056872	0.0
leg-	0.0273348519362	0.876993166287	0.0273348519362	0.0683371298406
bvu-	0.193832599119	0.578193832599	0.023127753304	0.204845814978
wek-	0.153394168707	0.0745159136434	0.0124638326285	0.759626085021
kag-	0.538237924866	0.293604651163	0.154740608229	0.0134168157424
zal-	0.35	0.317391304348	0.0	0.332608695652
kaw-	0.13416781866	0.19433029712	0.0641960346167	0.607305849603
wos-	0.328894202821	0.178420403054	0.362383234051	0.130302160074
nom-	0.640491958373	0.217596972564	0.141911069063	0.0
pot-	0.325496439786	0.160594400955	0.0799610808898	0.433948078369
lap-	0.0401656419897	0.923113662924	0.0146181596464	0.0221025354403
utu-	0.194530489424	0.748274183556	0.013164881848	0.0440304451722
umc-	0.623574144487	0.0114068441065	0.136882129278	0.228136882129
kor-	0.0371430079094	0.934127593708	0.0225730987295	0.00615629965349
sad-	0.61299418845	0.152683974301	0.0666022098473	0.167719627402
sia-	0.581133619808	0.118068344588	0.036832412523	0.263965623082
nea-	0.0	1.0	0.0	0.0
wat-	0.0536895432353	0.0338014568307	0.0940214327351	0.818487567199
mag-	0.0430347557432	0.743034180412	0.194484877426	0.0194461864187
aug-	0.0543806646525	0.933534743202	0.012084592145	0.0
pai-	0.0821428571428	0.135714285714	0.0214285714286	0.760714285714
ama-	0.270182010991	0.615386625258	0.0452768276218	0.0691545361294
kok-	0.151655161168	0.136815785182	0.0244605098657	0.687068543784
abu-	0.025	0.975	0.0	0.0
emm-	0.0	0.970443349754	0.0295566502463	0.0
mis-	0.11922076027	0.686577328112	0.160639151689	0.033562759929
ifu-	0.103857566766	0.718100890208	0.0	0.178041543027
yaw-	0.0693084455324	0.046970624235	0.00229498164015	0.881425948592
reg-	0.151260504202	0.848739495798	0.0	0.0
kho-	0.0844681302793	0.830499364406	0.0553087534568	0.0297237518577
mac-	0.0933375293499	0.820405719389	0.0503879612467	0.0358687900145
map-	0.0510326684375	0.898731794382	0.0123636684771	0.0378718687034
bet-	0.0073122091735	0.992023044538	0.0	0.000664746288498
imf-	0.123154081917	0.833720318256	0.0217640320733	0.0213615677533
duw-	0.127167630058	0.849710982659	0.0231213872832	0.0
law-	0.10869001297	0.192477302205	0.0555123216601	0.643320363165
m’t-	0.123875022308	0.642429186957	0.0515322642327	0.182163526502
sal-	0.282905087022	0.34843276498	0.0286966562736	0.339965491724
asu-	0.713008754416	0.224205191215	0.0176317001997	0.0451543541699
woc-	0.184292436309	0.294432177537	0.137568208236	0.383707177918
phi-	0.0536941201406	0.853665860077	0.0232262394687	0.0694137803134
ndp-	0.384	0.568	0.0	0.048
aun-	0.311264822134	0.220355731225	0.364624505929	0.103754940711
gab-	0.0	1.0	0.0	0.0
sek-	0.184347826087	0.770434782609	0.0382608695652	0.00695652173912
imv-	0.378299120235	0.287390029326	0.299120234604	0.0351906158358
den-	0.00662983425414	0.908287292818	0.00220994475138	0.0828729281768
nsa-	0.118442381373	0.767351900973	0.0716548776894	0.0425508399646
ind-	0.0808011925729	0.128334828679	0.053182705846	0.737681272902
yan-	0.146840728479	0.117229425568	0.0205939274498	0.715335918503
set-	0.0	1.0	0.0	0.0
her-	0.00926365795724	0.950475059382	0.0345605700713	0.00570071258907
bav-	0.274193548387	0.411290322581	0.217741935484	0.0967741935484
mse-	0.0960190845386	0.631926842602	0.163510759903	0.108543312957
ufe-	0.546961325967	0.364640883978	0.0883977900552	0.0
zog-	0.312879514222	0.592841163311	0.0271652285075	0.0671140939597
tun-	0.923076923077	0.076923076923	0.0	0.0
ich-	0.0988093896079	0.0503030941386	0.00345985504291	0.847427661211
ame-	0.125750114692	0.0365687383752	0.00644292539342	0.831238221539
nai-	0.493975903614	0.409638554217	0.0963855421687	0.0
mob-	0.097020494862	0.401324224506	0.306083395526	0.195571885106
zow-	0.436515798463	0.329359521776	0.0802049530316	0.153919726729
kut-	0.142968368837	0.0346182996393	0.00560835583823	0.816804975685
age-	0.0	0.972157772622	0.0	0.0278422273782
fuk-	0.0434230573895	0.907059421026	0.0175215845607	0.0319959370238
mui-	0.103846153846	0.85	0.0	0.0461538461539
zop-	0.22561126714	0.37706509169	0.21941599207	0.1779076491
tab-	0.5232	0.4176	0.0368	0.0224
waf-	0.638290954022	0.107108018469	0.156077258243	0.0985237692657
naz-	0.558636296732	0.201906093612	0.0263099793936	0.213147630262
gal-	0.0044919145538	0.983230185666	0.00299460970254	0.00928329007786
nul-	0.613281742767	0.333735966	0.0281321900352	0.0248501011978
nac-	0.588012350775	0.0471326288734	0.0177220178911	0.34713300246
zid-	0.63919783836	0.204448591885	0.0603141166305	0.0960394531245
pak-	0.187437729258	0.0796306261781	0.0177812480705	0.715150396494
ark-	0.0	1.0	0.0	0.0
kay-	0.0800633120095	0.872584580888	0.018993602849	0.0283585042538
kus-	0.403373172659	0.405385717108	0.0861690043461	0.105072105887
amn-	0.360248447205	0.639751552795	0.0	0.0
zaw-	0.0271371589548	0.0415672355419	0.0146454508645	0.916650154639
lil-	0.1716929809	0.759712613092	0.0410975104961	0.0274968955118
uye-	0.322969354359	0.139244272538	0.0282653972032	0.5095209759
odz-	0.246384574183	0.25013390466	0.396357793251	0.107123727906
mfu-	0.0282806334997	0.765891069542	0.16749407838	0.0383342185774
bea-	0.0	1.0	0.0	0.0
ati-	0.735938082033	0.123753155912	0.0470800049667	0.0932287570879
imo-	0.0377431632365	0.119326191147	0.0767197631801	0.766210882436
zan-	0.0851853818766	0.117220011955	0.0306097890309	0.766984817138
udy-	0.550161812298	0.352750809061	0.0	0.0970873786408
mne-	0.0287071012303	0.837578243039	0.0135981005828	0.120116555148
bwn-	0.241379310345	0.137931034483	0.0	0.620689655172
mku-	0.125983492081	0.446418583472	0.365562400818	0.0620355236286
ugo-	0.342105263158	0.175438596491	0.0526315789473	0.429824561404
tak-	0.52449772357	0.263731673698	0.134914999373	0.0768556033582
wao-	0.155660377359	0.646226415094	0.11320754717	0.0849056603774
mun-	0.108022441201	0.552897875704	0.0179449033738	0.321134779721
tay-	0.592734225621	0.208513635906	0.135352722149	0.0633994163229
gir-	0.0	1.0	0.0	0.0
toc-	0.0642857142857	0.764285714286	0.171428571429	0.0
kak-	0.424030349272	0.260073618033	0.181714763949	0.134181268746
abb-	0.0858895705521	0.791411042945	0.0	0.122699386503
siz-	0.478851258216	0.327833976966	0.128484444596	0.0648303202215
one-	0.157894736842	0.594227504245	0.0730050933786	0.174872665535
mkh-	0.430520231214	0.364739884393	0.119768786127	0.0849710982659
niz-	0.55404216281	0.319553658354	0.0969164232757	0.0294877555605
sto-	0.0	0.213793103448	0.786206896552	0.0
smu-	0.0	1.0	0.0	0.0
saf-	0.36990363232	0.350630096368	0.201630837658	0.0778354336545
zif-	0.235399565997	0.623549391452	0.114633455986	0.0264175865647
iri-	0.294509151414	0.24514697726	0.0232945091514	0.437049362174
jup-	0.00746268656717	0.985074626866	0.0	0.00746268656717
alo-	0.309324627627	0.421546623138	0.0116302795348	0.2574984697
sil-	0.254538384397	0.607652319846	0.0475532633389	0.0902560324185
ake-	0.027623503085	0.0416257895035	0.00929161565468	0.921459091757
ija-	0.288651315789	0.415296052632	0.0592105263158	0.236842105263
pri-	0.00396825396826	0.996031746032	0.0	0.0
jas-	0.0	0.908602150538	0.0698924731183	0.0215053763441
yoi-	0.670454545454	0.0	0.261363636364	0.0681818181819
nis-	0.488151658768	0.374407582938	0.00710900473933	0.130331753555
chu-	0.046579958083	0.650555048586	0.266463432978	0.0364015603534
kuj-	0.21038961039	0.220779220779	0.0	0.568831168831
zos-	0.315578542609	0.280132145468	0.304774025833	0.0995152860895
ng’-	0.0246564268391	0.913500404204	0.0198059822151	0.0420371867421
tik-	0.471309559694	0.137923803782	0.0471803205641	0.34358631596
nuw-	0.656044027287	0.289498137917	0.0341441980075	0.0203136367893
pof-	0.606182795699	0.0508512544803	0.0524193548387	0.290546594982
pit-	0.52842899488	0.427647534357	0.00080840743735	0.0431150633253
n’k-	0.201497238518	0.135144313417	0.40932423322	0.254034214844
sau-	0.000842459983151	0.997472620051	0.000842459983152	0.00084245998315
zig-	0.544206008584	0.14678111588	0.247210300429	0.0618025751073
mta-	0.0422288013899	0.902458914674	0.0239331997802	0.0313790841562
m’c-	0.132705459132	0.762173184801	0.0646730257864	0.0404483302801
aut-	0.228773584906	0.667452830189	0.0471698113207	0.0566037735849
m`z-	0.238095238095	0.380952380952	0.126984126984	0.253968253968
amp-	0.341644115168	0.290936515683	0.337607027195	0.0298123419547
tro-	0.00555195706485	0.994448042935	0.0	0.0
tiu-	0.931818181818	0.0227272727273	0.0	0.0454545454545
ams-	0.494565217391	0.0	0.277173913043	0.228260869565
pop-	0.282442619923	0.0577718452851	0.0220005932493	0.637784941543
gol-	0.0294511378849	0.86546184739	0.0930388219545	0.0120481927711
iyo-	0.245949314499	0.0814291649355	0.0124636476942	0.660157872871
yud-	0.00538507564749	0.988033165228	0.00299170869305	0.00359005043166
mph-	0.0615051920742	0.812947688112	0.0434124232573	0.0821346965566
wot-	0.34419855381	0.225218942402	0.152768283561	0.277814220228
lon-	0.0927067337021	0.250099922166	0.235290405369	0.421902938763
tiy-	0.445390747998	0.17604595853	0.0349629852946	0.343600308177
dze-	0.0392156862745	0.882352941176	0.078431372549	0.0
mud-	0.652313447367	0.141312831534	0.0440592674415	0.162314453657
miw-	0.027027027027	0.972972972973	0.0	0.0
bis-	0.198347107438	0.801652892562	0.0	0.0
itu-	0.421875	0.446875	0.05625	0.0749999999999
adz-	0.6362302065	0.128643033475	0.0408611683342	0.194265591691
kad-	0.348614072495	0.392324093817	0.183825769114	0.0752360645751
oda-	0.461205861158	0.342421330771	0.174753783329	0.0216190247418
uso-	0.36231884058	0.115942028986	0.0	0.521739130435
