jer-	0.103285486037	0.543330977027	0.13128841773	0.222095119206
kud-	0.476436774879	0.323552673405	0.102363113519	0.0976474381967
agu-	0.387096774194	0.556598240469	0.0316715542522	0.0246334310851
ris-	0.363232177937	0.361535192389	0.22343147715	0.0518011525237
siu-	0.496050786152	0.227504244482	0.0826751310253	0.193769838341
wav-	0.485218432077	0.347935368043	0.0290843806104	0.13776181927
fuu-	0.414114513981	0.372836218376	0.183754993342	0.0292942743009
lur-	0.71387588706	0.28612411294	0.0	0.0
nak-	0.465474646596	0.115868956573	0.0502826022843	0.368373794547
ure-	0.169270833333	0.533461084906	0.147405660377	0.149862421384
maa-	0.382583212712	0.47460817679	0.062600696457	0.0802079140403
viu-	0.622641509434	0.352201257862	0.0	0.0251572327044
uju-	0.242202268431	0.474243856333	0.245746691871	0.0378071833648
kou-	0.0983606557377	0.754098360656	0.0	0.147540983607
uhe-	0.477575503546	0.162845231892	0.0670865713574	0.292492693205
huv-	0.272492856645	0.274932051014	0.406578855669	0.0459962366715
yeh-	0.0274195621439	0.00899704382846	0.0181654599203	0.945417934107
p'w-	0.0	0.889092575619	0.0559120073327	0.0549954170486
nij-	0.957831325301	0.0	0.0	0.0421686746988
udi-	0.294749403341	0.232822509735	0.0742369049115	0.398191182012
kul-	0.137330207119	0.259943316645	0.0181981791113	0.584528297124
mah-	0.307107704038	0.494994876102	0.0481822797368	0.149715140123
wah-	0.50215774759	0.179319265438	0.0733112144871	0.245211772485
gin-	0.073732718894	0.926267281106	0.0	0.0
nyu-	0.108481846749	0.673097415377	0.04614426914	0.172276468733
aku-	0.627282966446	0.274810289025	0.043215950143	0.0546907943856
aaz-	0.559455587393	0.429799426934	0.0	0.0107449856733
zei-	0.0392156862745	0.960784313725	0.0	0.0
ufu-	0.147731269785	0.609567358424	0.0835385156525	0.159162856138
lis-	0.0	0.945537065053	0.00907715582451	0.0453857791226
kan-	0.0836357257436	0.840513345179	0.0269938997615	0.0488570293153
vic-	0.165219279201	0.149714140976	0.290382110291	0.394684469532
viz-	0.132548083541	0.0459707762948	0.0209834796105	0.800497660553
ana-	0.368802052985	0.427527409275	0.043478852279	0.160191685461
muw-	0.580957504034	0.198493813878	0.0430338891878	0.1775147929
yal-	0.78431372549	0.078431372549	0.0980392156863	0.0392156862745
h'e-	0.121438880212	0.305964690299	0.0157173642277	0.556879065262
uim-	0.584603453933	0.323530289021	0.0730754317416	0.018790825305
yaz-	0.466666666667	0.373333333333	0.04	0.12
viy-	0.158478979688	0.753542749173	0.0596362777515	0.0283419933869
une-	0.316130775466	0.0921372602	0.0445825452581	0.547149419076
jaj-	0.0898801597869	0.876165113183	0.0119840213049	0.0219707057257
ALL	0.232718050295	0.305908675585	0.0560610811799	0.40531219294
vil-	0.112362010295	0.732954307661	0.074727722852	0.0799559591915
zaa-	0.527777777778	0.166666666667	0.0	0.305555555556
jim-	0.113291247227	0.652874936018	0.0162088380822	0.217624978673
der-	0.0650154798762	0.930340557276	0.00464396284829	0.0
hat-	0.0980567223317	0.0742317674644	0.0123389862177	0.815372523986
kat-	0.10512796611	0.600151218552	0.275870283483	0.0188505318543
abi-	0.132208975477	0.843365319376	0.00116312881652	0.0232625763303
ayu-	0.0207768223005	0.918624112656	0.0432850464593	0.0173140185838
aya-	0.0208603211023	0.838450256911	0.0943752166474	0.0463142053396
mil-	0.031013323797	0.930357225053	0.0141629518424	0.0244664993078
tib-	0.0	0.994809688581	0.00519031141868	0.0
gan-	0.351813608439	0.153786055815	0.0727115659424	0.421688769803
yer-	0.436733078243	0.278400844438	0.0474996701412	0.237366407178
gae-	0.254273504274	0.365384615384	0.0726495726496	0.307692307692
yut-	0.254742547425	0.712737127371	0.0325203252033	0.0
sog-	0.362373025642	0.245458833274	0.256882211511	0.135285929573
ari-	0.472559094559	0.14272244897	0.0368603163682	0.347858140103
swa-	0.546853340726	0.344561500786	0.0097033545883	0.0988818038998
ini-	0.294117647059	0.225490196078	0.078431372549	0.401960784314
hul-	0.549699799867	0.30086724483	0.0	0.149432955304
mig-	0.0841514726508	0.876577840112	0.0336605890603	0.00561009817671
nao-	0.0744307605661	0.0289792742474	0.00677732759583	0.889812637591
hed-	0.0729471873816	0.0121687771992	0.00278326230756	0.912100773112
uga-	0.65405011958	0.194135385255	0.0644691691796	0.0873453259852
tai-	0.0196292257361	0.941112322792	0.00981461286805	0.0294438386042
kup-	0.384982652215	0.305904387608	0.0626746292487	0.246438330928
hum-	0.422346220274	0.370732031354	0.0564633984323	0.15045834994
uyi-	0.336448598131	0.336448598131	0.158878504673	0.168224299065
kib-	0.186792731026	0.429669357514	0.235172693428	0.148365218032
kum-	0.438563812759	0.251801359826	0.0508404740671	0.258794353348
bik-	0.22641509434	0.132075471698	0.641509433962	0.0
riz-	0.475675675676	0.251351351351	0.0486486486486	0.224324324324
ihe-	0.512599240594	0.425267518122	0.0310666206421	0.0310666206421
nen-	0.140731976174	0.765154104683	0.00797575585961	0.0861381632839
has-	0.18111679571	0.137561215835	0.0451766025554	0.636145385899
ful-	0.310105603947	0.259963000077	0.0896091883142	0.340322207662
use-	0.348696433923	0.37860353611	0.136050344621	0.136649685346
wai-	0.612277255024	0.256402302416	0.058249750112	0.0730706924482
mul-	0.036225677698	0.855001011794	0.0317779105815	0.0769953999262
ate-	0.745971752536	0.0809628008753	0.0119355480406	0.161129898548
naw-	0.140731222019	0.0642513679324	0.0368098159509	0.758207594097
dzu-	0.103512191873	0.121229401736	0.0157538824257	0.759504523965
kam-	0.136147783369	0.0513129062239	0.068907473587	0.74363183682
ibi-	0.0265747097346	0.884842924484	0.0885823657819	0.0
vum-	0.253716792591	0.533268340239	0.115525225445	0.0974896417255
sin-	0.27207334537	0.340704367743	0.0366530656751	0.350569221212
kim-	0.16125479081	0.176807054396	0.160414727029	0.501523427766
aal-	0.495726495726	0.0769230769231	0.273504273504	0.153846153846
dor-	0.150417827298	0.849582172702	0.0	0.0
pat-	0.119318181818	0.846590909091	0.0	0.0340909090909
jem-	0.632653061224	0.367346938776	0.0	0.0
mur-	0.276901305289	0.435309277185	0.0865322042226	0.201257213303
hud-	0.388177389914	0.322518078889	0.0488590047569	0.24044552644
uoc-	0.633187772926	0.314410480349	0.0524017467249	0.0
ror-	0.14410419842	0.367465705972	0.0268809754745	0.461549120133
dzi-	0.206236651844	0.655027354942	0.0472792128787	0.0914567803361
gwi-	0.419936745929	0.247159423685	0.219280777791	0.113623052595
mog-	0.717647058823	0.282352941177	0.0	0.0
maw-	0.175999491515	0.726598323814	0.0659396536851	0.0314625309858
jor-	0.0028721876496	0.99712781235	0.0	0.0
uam-	0.329498868017	0.318974484489	0.0697546350119	0.281772012482
up'-	0.279461279461	0.555861646771	0.106519742883	0.0581573308846
nye-	0.103780441439	0.834504789385	0.0340399847921	0.0276747843838
gen-	0.0846541786743	0.109471794232	0.0184653611382	0.787408665956
jot-	0.0	1.0	0.0	0.0
zia-	0.320742637644	0.605633802817	0.044814340589	0.0288092189501
jek-	0.0	1.0	0.0	0.0
jam-	0.13794743727	0.778808419551	0.0713521227257	0.0118920204543
uzi-	0.0710267728865	0.834023437102	0.0731840197443	0.0217657702673
kid-	0.132848871917	0.0890717727965	0.0381298491567	0.73994950613
aji-	0.467917535325	0.444058373871	0.0463284688441	0.0416956219597
aae-	0.833333333333	0.051724137931	0.0574712643678	0.0574712643678
lal-	0.0574488802337	0.898734177215	0.00876338851024	0.0350535540409
mwi-	0.0666181628878	0.652115717763	0.153385200524	0.127880918825
nig-	0.597196297284	0.27899889528	0.0573311492895	0.0664736581464
goj-	0.722239536546	0.277760463454	0.0	0.0
tse-	0.108573040045	0.230118443316	0.590242526791	0.0710659898477
hut-	0.593415287245	0.329905063291	0.0404698149951	0.0362098344693
dam-	0.0640590611859	0.812027881548	0.075310623022	0.0486024342443
sig-	0.598542563763	0.150712156343	0.0785028155018	0.172242464392
v̱u-	0.211245972878	0.695849254514	0.0352139057466	0.0576908668614
nge-	0.168429617575	0.0675345809601	0.00827230810957	0.755763493355
zer-	0.108368452739	0.819385912101	0.0252859723058	0.0469596628537
nai-	0.520169746439	0.312407524972	0.0663220470738	0.101100681515
ael-	0.0	1.0	0.0	0.0
miu-	0.0738212023366	0.810948707205	0.107219442459	0.00801064799981
haa-	0.316810344828	0.396551724138	0.116379310345	0.17025862069
hic-	0.203557312253	0.268774703557	0.243083003952	0.284584980237
say-	0.0	0.990922844176	0.0	0.0090771558245
che-	0.137938795496	0.268153401541	0.163448254395	0.430459548568
epa-	0.0	1.0	0.0	0.0
bwa-	0.00689026847646	0.963139615602	0.00140867711074	0.0285614388105
sap-	0.167938931298	0.809160305344	0.0229007633588	0.0
asi-	0.401431148074	0.365324420272	0.109438349601	0.123806082052
gun-	0.0613726352838	0.848878134624	0.00527936647604	0.0844698636164
nan-	0.1236261207	0.0431371166311	0.0207049070826	0.812531855587
uva-	0.724137931034	0.148541114058	0.0954907161803	0.0318302387268
rer-	0.109161175874	0.591586416624	0.0272681196148	0.271984287886
at'-	0.0530225801861	0.412760116557	0.0113118990447	0.522905404212
lau-	0.180337405468	0.440178398294	0.364940857087	0.0145433391507
usi-	0.355311321084	0.478794108144	0.0672782254991	0.0986163452729
ufi-	0.407407407407	0.555555555556	0.037037037037	0.0
mue-	0.161116263384	0.208245510497	0.517409999157	0.113228226962
amu-	0.544092776033	0.336542226591	0.0316584882239	0.0877065091518
uki-	0.472032745983	0.295540842613	0.07652461118	0.155901800224
mel-	0.0902171895304	0.90310005569	0.00222758492668	0.00445516985335
iim-	0.631578947368	0.165413533835	0.0	0.203007518797
ndz-	0.229304590934	0.245478561592	0.161028296087	0.364188551388
kaf-	0.261194029851	0.617537313433	0.0279850746269	0.0932835820895
uer-	0.0233837689133	0.584594222834	0.373681797341	0.0183402109125
fug-	0.31547337877	0.558337269721	0.103920642419	0.0222687090897
hah-	0.16498203551	0.0498759345707	0.0737326397469	0.711409390173
mir-	0.0835620667873	0.504502437463	0.0696256136147	0.342309882135
isa-	0.0945001318914	0.871537852809	0.00527565286204	0.0286863624373
joe-	0.0	1.0	0.0	0.0
aiz-	0.0434348477284	0.895656515227	0.0154767848228	0.0454318522217
mus-	0.296251578	0.520848079882	0.0923456622169	0.0905546799018
zim-	0.314375865784	0.221563798676	0.232414960751	0.231645374788
anj-	0.0169661549198	0.103585136078	0.838407187718	0.041041521284
dio-	0.0878661087866	0.912133891213	0.0	0.0
yah-	0.624859938747	0.191603794726	0.0575184880855	0.126017778442
bab-	0.0186585725038	0.821489891284	0.00449728786293	0.155354248349
ita-	0.0	1.0	0.0	0.0
eno-	0.0	0.991825613079	0.0	0.00817438692098
uum-	0.174633713186	0.372206600562	0.00621577623205	0.446943910019
mum-	0.128992592764	0.134145707091	0.0597456028013	0.677116097344
hol-	0.437168141593	0.0212389380531	0.467256637168	0.0743362831858
war-	0.402064318823	0.390070244182	0.0391838295026	0.168681607493
hur-	0.291639418353	0.229964649044	0.310008650609	0.168387281994
260-	0.057761732852	0.0252707581228	0.0649819494585	0.851985559567
ura-	0.493421052632	0.467105263158	0.0394736842105	0.0
kom-	0.416458852868	0.192019950125	0.239401496259	0.152119700748
taf-	0.368433022515	0.408687741642	0.0272913350011	0.195587900842
ivu-	0.15302642929	0.557923648718	0.255044048816	0.0340058731755
imu-	0.322212467076	0.417032484636	0.158033362599	0.102721685689
t'i-	0.0269097222222	0.896006944444	0.0395833333333	0.0375
rid-	0.289969688891	0.428423328693	0.176801635023	0.104805347393
kod-	0.0546526092543	0.93698635724	0.00346676999	0.00489426351531
ali-	0.0227327547086	0.630910086957	0.0142884592585	0.332068699076
jud-	0.0248272098945	0.950062649044	0.00106099187583	0.0240491491856
zam-	0.126314366244	0.0972345006188	0.758250215811	0.0182009173262
non-	0.179419386927	0.0903641265936	0.0149210753645	0.715295411115
mip-	0.286527514231	0.394686907021	0.193548387097	0.125237191651
muz-	0.190663312206	0.430412120858	0.182948370658	0.195976196278
dod-	0.751152073733	0.0276497695853	0.221198156682	0.0
zha-	0.268699467818	0.120324848555	0.0310678272269	0.579907856401
hiz-	0.279894875164	0.102496714849	0.207621550591	0.409986859396
mal-	0.168304019057	0.740432969008	0.0185838571802	0.0726791547557
jel-	0.151598643204	0.783439256456	0.0058778149223	0.0590842854169
thi-	0.222490986612	0.266712084446	0.193893094711	0.31690383423
rao-	0.235	0.103	0.042	0.62
haw-	0.0243902439024	0.975609756098	0.0	0.0
nyi-	0.0997851362866	0.276869825461	0.346014547568	0.277330490685
aki-	0.660387724849	0.0981478073448	0.0268833759511	0.214581091855
nin-	0.357495397576	0.0966162007907	0.0338362999783	0.512052101655
ayo-	0.602202339986	0.0943774499536	0.0251354020168	0.278284808043
ehu-	0.0348621010226	0.197939262473	0.00906414626588	0.758134490239
nau-	0.41534409401	0.354562031472	0.133045181333	0.0970486931857
dhu-	0.0332027270949	0.890952027997	0.0348781877852	0.0409670571232
hui-	0.5452685422	0.245012787724	0.109462915601	0.100255754476
wiv-	0.0955514887027	0.53755191103	0.299324276765	0.0675723235025
uni-	0.536950420954	0.227782974743	0.136108512629	0.0991580916745
riv-	0.42299079373	0.361781537696	0.200298581737	0.0149290868375
ian-	1.0	0.0	0.0	0.0
ary-	0.0573443066061	0.0350983550733	0.00377112026881	0.903786218052
iki-	0.498420916718	0.334423916919	0.0717444444426	0.0954107219204
uge-	0.545787545788	0.304029304029	0.106227106227	0.0439560439561
sir-	0.239264856735	0.591294183998	0.120276107844	0.0491648514225
yav-	0.497964721845	0.298507462687	0.0	0.203527815468
ngo-	0.0698262776186	0.622983077528	0.185753640299	0.121437004554
mab-	0.242212411954	0.449000170232	0.230962389519	0.077825028295
vip-	0.0820031298904	0.278560250391	0.616901408451	0.0225352112676
uha-	0.209372497534	0.616135777707	0.0678286059991	0.10666311876
h'a-	0.121378391617	0.0537267372896	0.0270821146237	0.79781275647
gos-	0.0761780633953	0.274449445003	0.0173848913733	0.631987600229
fak-	0.299270072993	0.262773722628	0.0	0.43795620438
and-	0.540087258863	0.204301654153	0.0623899395504	0.193221147434
apa-	0.442555129616	0.159866398451	0.0975443124455	0.300034159487
uwa-	0.0344827586207	0.681034482759	0.0129310344827	0.271551724138
san-	0.142972000368	0.0748545772447	0.147117941366	0.635055481021
nje-	0.369955156951	0.179372197309	0.390134529148	0.0605381165919
ith-	0.153564899452	0.692870201097	0.0493601462523	0.104204753199
ine-	0.292369772561	0.529713866471	0.111885546588	0.06603081438
nii-	0.473454178203	0.354681432726	0.075223319229	0.0966410698428
mae-	0.399935534704	0.208795931523	0.293675238163	0.0975932956092
ger-	0.392496392496	0.362193362193	0.069264069264	0.176046176046
fib-	0.0	1.0	0.0	0.0
sok-	0.129077271934	0.81277981278	0.0348857491715	0.0232571661143
lum-	0.0801272432627	0.433497389112	0.0171058159774	0.469269551648
kui-	0.582696563871	0.242747740263	0.0629888342416	0.111566861624
mor-	0.497878359264	0.264497878359	0.0763790664781	0.161244695898
aeb-	0.0697674418604	0.348837209302	0.568106312292	0.0132890365448
mbo-	0.159915016863	0.0798098359407	0.0173396086203	0.742935538576
gaa-	0.679118752886	0.185945779556	0.0292429805853	0.105692486973
lid-	0.0196489389573	0.980351061043	0.0	0.0
lwa-	0.23548821964	0.185488730867	0.103475316906	0.475547732587
div-	0.135771065183	0.844674085851	0.00763116057234	0.0119236883943
gas-	0.397667675439	0.353944512224	0.182256428945	0.0661313833917
ata-	0.342583732057	0.5004784689	0.0421052631579	0.114832535885
far-	0.0368421052632	0.937894736842	0.0197894736842	0.00547368421053
biz-	0.0	0.950698438784	0.0	0.0493015612161
kug-	0.536906552886	0.248680441638	0.0817035406379	0.132709464839
fon-	0.0	0.966697502313	0.0111008325624	0.0222016651249
uzo-	0.40625	0.25	0.03125	0.3125
wae-	0.490540158941	0.245633143733	0.0758400903627	0.187986606963
muh-	0.150950940453	0.482437323656	0.0921434609562	0.274468274935
uan-	0.949579831933	0.0	0.0504201680672	0.0
mes-	0.0	1.0	0.0	0.0
myu-	0.463414634146	0.536585365854	0.0	0.0
tw'-	0.209267563528	0.431988041853	0.0448430493274	0.313901345292
suc-	0.229166666667	0.631944444444	0.109126984127	0.0297619047619
adi-	0.114532277173	0.247497038259	0.0995145067249	0.538456177844
fuh-	0.363283279321	0.212478044678	0.0850753284022	0.339163347599
ami-	0.00944881889764	0.981102362205	0.00944881889764	0.0
zat-	0.0	0.734693877551	0.224489795918	0.0408163265306
kur-	0.292771930608	0.198629522806	0.169868783421	0.338729763165
iku-	0.523303352412	0.427636958299	0.0	0.0490596892886
uen-	0.534258456201	0.301821335646	0.0364267129228	0.12749349523
gaj-	0.509433962264	0.452830188679	0.0	0.0377358490566
kub-	0.378723902521	0.432338372296	0.124046847428	0.0648908777552
tsa-	0.100494695249	0.271180112629	0.600168009707	0.028157182415
elu-	0.322916666667	0.534722222222	0.0	0.142361111111
gwu-	0.810810810811	0.189189189189	0.0	0.0
bug-	0.0838825644099	0.796285200719	0.0119832234871	0.107849011384
jai-	0.168981481482	0.697530864198	0.00925925925926	0.124228395062
aas-	0.415754923414	0.420131291028	0.0656455142232	0.0984682713348
vik-	0.152976979774	0.0573040684087	0.0369365328937	0.752782418923
tal-	0.0	1.0	0.0	0.0
gid-	0.0	1.0	0.0	0.0
taj-	0.0365448504983	0.943521594684	0.0132890365448	0.00664451827242
mez-	0.0759075907591	0.918151815182	0.0019801980198	0.0039603960396
k'o-	0.12021201713	0.666786497715	0.110549531138	0.102451954017
bin-	0.0751059963658	0.496062992126	0.407026044821	0.0218049666868
uke-	0.305836257804	0.585641199104	0.0374896057954	0.0710329372965
rod-	0.0143953934741	0.985604606526	0.0	0.0
zaf-	0.452830188679	0.504716981132	0.0424528301887	0.0
nem-	0.026959560659	0.908752256231	0.0444717539076	0.0198164292024
aih-	0.746951219512	0.115853658537	0.0914634146341	0.0457317073171
lud-	0.110568156954	0.784333746627	0.0490482094669	0.0560498869521
uhi-	0.311578947368	0.511578947368	0.0252631578948	0.151578947368
wan-	0.271394053488	0.0781304139799	0.0205423179299	0.629933214602
reg-	0.177304964539	0.610474631751	0.179487179487	0.0327332242226
azu-	0.0175	0.3005	0.6685	0.0135
umi-	0.845493562232	0.0257510729614	0.0772532188841	0.0515021459226
hig-	0.254901960784	0.529411764706	0.0	0.21568627451
chi-	0.90990990991	0.0630630630631	0.0	0.027027027027
sik-	0.0561324547571	0.697887553388	0.0137235408987	0.232256450956
nga-	0.088429144084	0.78200489438	0.0530724998874	0.0764934616482
ben-	0.133974733624	0.421840579059	0.0188823450075	0.42530234231
mwa-	0.114933533675	0.57181496471	0.0423315680063	0.270919933608
kij-	0.00641596863304	0.991445375156	0.0	0.00213865621102
vib-	0.261900869976	0.560108247516	0.104251802612	0.0737390798961
nip-	0.429194060722	0.383910763094	0.0214227672306	0.165472408953
aah-	0.574302498086	0.290151225115	0.0454333365237	0.0901129402757
uwi-	0.184804928131	0.356341810141	0.347812351919	0.111040909809
ome-	0.00689866625785	0.937912003679	0.0551893300628	0.0
pin-	0.132653061224	0.867346938776	0.0	0.0
weh-	0.00939619775778	0.00527731654889	0.00128715037778	0.984039335316
uzh-	0.423156330003	0.14328185647	0.224295978198	0.209265835329
muu-	0.2365941104	0.639922411784	0.0850223662741	0.0384611115428
nwa-	0.615779345734	0.259140474663	0.0577293136626	0.0673508659397
bun-	0.039100684262	0.925708699902	0.0351906158358	0.0
ili-	0.0740709863024	0.0435016325555	0.00160518037748	0.880822200765
lam-	0.254755846359	0.665273233976	0.0527081061432	0.0272628135224
nar-	0.336396045191	0.308132750285	0.044882727844	0.31058847668
gat-	0.648970747562	0.135548332732	0.182376309137	0.0331046105694
hom-	0.00592300098716	0.976307996051	0.0	0.0177690029615
its-	0.484375	0.0625	0.453125	0.0
idi-	0.359543536033	0.209785837111	0.11958730655	0.311083320306
hih-	0.107581967213	0.400614754098	0.061475409836	0.430327868852
zid-	0.627016788015	0.190484646803	0.119623936111	0.0628746290705
iwe-	0.033611180709	0.937106010074	0.00675526186648	0.0225275473503
pur-	0.0	1.0	0.0	0.0
ziv-	0.164383561644	0.228310502283	0.164383561644	0.442922374429
the-	0.177876276739	0.255347851224	0.466756600501	0.100019271536
ani-	0.386904445236	0.417124137763	0.0607235376624	0.135247879339
nyo-	0.0664362523876	0.283390084719	0.0432057208319	0.606967942061
upi-	0.48347107438	0.373966942149	0.117768595041	0.0247933884297
nad-	0.475639930806	0.171385403666	0.0955790580044	0.257395607524
sih-	0.492860100436	0.283738016117	0.0902653176061	0.133136565841
kis-	0.178804732365	0.411909894196	0.268145393514	0.141139979925
aaf-	0.73786834775	0.194399648145	0.0184723647559	0.049259639349
aut-	0.509458577952	0.390737116765	0.0841487279844	0.0156555772994
zhe-	0.280888980987	0.133502564368	0.0626327513858	0.522975703258
zin-	0.441839059164	0.302732314067	0.128333284209	0.12709534256
wow-	0.13265493778	0.359222705817	0.0311408079446	0.476981548458
uon-	0.6843957763	0.17872506844	0.0351974970669	0.101681658193
eny-	0.151925542482	0.202749712295	0.187128335951	0.458196409271
ahu-	0.175175480489	0.729681787353	0.0268688822625	0.0682738498954
kiv-	0.215064467198	0.650786879029	0.0504835039818	0.0836651497915
ban-	0.405699599365	0.535339027893	0.0	0.0589613727417
nif-	0.472444424802	0.221063331418	0.0422062138153	0.264286029964
hal-	0.399629871544	0.36435880688	0.0816459830177	0.154365338559
miv-	0.159855641652	0.765311538053	0.0267487527863	0.0480840675088
ter-	0.0	1.0	0.0	0.0
wen-	0.121579271765	0.031193840495	0.0401748539981	0.807052033742
zai-	0.0642901905851	0.0300070040919	0.315700224868	0.590002580455
waw-	0.445892024422	0.421181673958	0.116100187491	0.0168261141291
idz-	0.34056328401	0.280858795974	0.111203257041	0.267374662975
nam-	0.286868618723	0.0892399992772	0.031212013517	0.592679368483
bai-	0.134639352489	0.0101491571541	0.00259094797438	0.852620542382
hen-	0.314362200287	0.13689218197	0.0540374781405	0.494708139602
ale-	0.00226671703816	0.884397431054	0.113335851908	0.0
ker-	0.253645433615	0.640445126631	0.071373752878	0.0345356868764
ugw-	0.602352941176	0.308235294118	0.0611764705882	0.0282352941177
sid-	0.397217393681	0.332966443562	0.0292186707555	0.240597492002
bon-	0.0833333333333	0.916666666667	0.0	0.0
oli-	0.0	1.0	0.0	0.0
luc-	0.701923076923	0.0817307692308	0.0721153846154	0.144230769231
mua-	0.493178382464	0.372430083144	0.0942365835223	0.0401549508692
tok-	0.0869565217391	0.678260869565	0.226086956522	0.00869565217391
ula-	0.0720153102437	0.802470516596	0.0819570269296	0.0435571462302
kue-	0.579237316836	0.214072836468	0.0810435528662	0.12564629383
rir-	0.24044310793	0.128852772821	0.0485665063261	0.582137612923
kon-	0.427286356822	0.370314842579	0.2023988006	0.0
eli-	0.0213106676521	0.907366346391	0.0169992609017	0.0543237250554
fut-	0.226025791325	0.374990230559	0.192262602579	0.206721375537
ats-	0.293084811295	0.448639613166	0.0803804383375	0.177895137202
jir-	0.0	1.0	0.0	0.0
zak-	0.0634035882251	0.865528653545	0.0263020379725	0.0447657202578
mut-	0.0935251455289	0.503114736141	0.0215061351447	0.381853983185
auj-	0.219895287958	0.314136125654	0.403141361257	0.0628272251309
uth-	0.0487925119996	0.862690408936	0.0520959796398	0.0364210994248
maf-	0.152536799642	0.717188896553	0.0415295848502	0.0887447189553
vit-	0.16609666557	0.571020410307	0.0250212584726	0.23786166565
hel-	0.0	1.0	0.0	0.0
adz-	0.580187836031	0.187144759798	0.0967369218139	0.135930482357
siv-	0.243421052632	0.078947368421	0.529605263158	0.14802631579
huu-	0.542512342293	0.335527518742	0.0639970744194	0.0579630645457
udh-	0.0	0.923913043478	0.0760869565217	0.0
fwa-	0.495102160291	0.263195066082	0.0806203476479	0.161082425979
aum-	0.390625	0.502604166667	0.0677083333333	0.0390625
nim-	0.465725705286	0.272938877789	0.0827940879798	0.178541328945
ukw-	0.256880733945	0.379204892966	0.363914373089	0.0
rik-	0.531281466447	0.308052695055	0.0586687302999	0.101997108198
jod-	0.0	1.0	0.0	0.0
mic-	0.629794826048	0.0223015165031	0.227475468332	0.120428189117
hoh-	0.144592249855	0.132446500868	0.044341623289	0.678619625988
yam-	0.3605363481	0.321072696201	0.235572499014	0.0828184566846
zeh-	0.0091261391141	0.013755340114	0.00238073194281	0.974737788829
ina-	0.420150053591	0.279776611948	0.161730693293	0.138342641169
aef-	0.0	1.0	0.0	0.0
uv̱-	0.202388956345	0.349071277332	0.335146290963	0.11339347536
mai-	0.201926999373	0.383487702683	0.205496339152	0.209088958792
pen-	0.0	1.0	0.0	0.0
rab-	0.0436270812786	0.839763299878	0.0174044207229	0.0992051981203
ape-	0.131952326901	0.833995459705	0.0340522133939	0.0
uwe-	0.0447988855967	0.0283361093959	0.00453022438618	0.922334780621
wud-	0.939271255061	0.0607287449392	0.0	0.0
umu-	0.645771136852	0.225370193456	0.0644853116789	0.0643733580129
vio-	0.228782287823	0.405904059041	0.343173431734	0.0221402214022
sif-	0.195683453237	0.249400479616	0.411990407674	0.142925659472
jon-	0.00410782050781	0.989143617229	0.0	0.00674856226283
aja-	0.185975609756	0.491615853659	0.251524390244	0.0708841463415
udz-	0.313405988226	0.442768034372	0.0818323094724	0.16199366793
und-	0.483269818317	0.24537606753	0.0586027245725	0.212751389581
jeh-	0.0	0.994254865126	0.00287256743694	0.00287256743694
lab-	0.69696969697	0.040404040404	0.0	0.262626262626
upa-	0.130342665047	0.437300488714	0.0727421678578	0.359614678381
gao-	0.0617748324724	0.0237423397714	0.0185530642575	0.895929763499
yur-	0.0	0.646084337349	0.218373493976	0.135542168675
ndu-	0.0136962203458	0.883531865702	0.0171558772282	0.0856160367243
tir-	0.0	0.999348604929	0.00065139507111	0.0
kau-	0.140248104755	0.52549965541	0.0999310820124	0.234321157822
iba-	0.76724693746	0.181173436493	0.0128949065119	0.0386847195358
ino-	0.194444444444	0.348039215686	0.212418300654	0.245098039216
shu-	0.23012293816	0.533576326682	0.0939025143634	0.142398220794
mim-	0.135133354135	0.0357935091238	0.0120236056806	0.817049531061
lwe-	0.486772705949	0.427729627792	0.0328391070165	0.0526585592424
dir-	0.0	1.0	0.0	0.0
gig-	0.207286432161	0.615577889447	0.177135678392	0.0
mid-	0.0977285402829	0.702758201085	0.084165694874	0.115347563758
gaf-	0.441112101808	0.335170624949	0.075382994245	0.148334278998
ang-	0.100782287658	0.247487100114	0.104868848763	0.546861763466
yar-	0.480769230769	0.368990384615	0.0420673076923	0.108173076923
voo-	0.662427133015	0.170641229465	0.0715421303657	0.0953895071543
voy-	0.405441810345	0.431573275862	0.0145474137931	0.1484375
666-	0.0	0.0	0.0	1.0
sod-	0.00474619174614	0.995253808254	0.0	0.0
waa-	0.691754032725	0.156329121248	0.0418575991113	0.110059246916
kun-	0.366768068032	0.21920049527	0.0418797503183	0.37215168638
har-	0.194472129243	0.37888466272	0.0479749504767	0.378668257561
fuc-	0.262816721474	0.0979441198041	0.0257872199484	0.613451938773
zab-	0.102012241469	0.888386606393	0.00480057606913	0.00480057606912
fwe-	0.608444854638	0.0265343793262	0.00784494693124	0.357175819105
agi-	0.0	0.994650499287	0.00534950071327	0.0
fuo-	0.388292158969	0.268758631272	0.132346171551	0.210603038208
mij-	0.228070175439	0.438596491228	0.333333333333	0.0
nav-	0.471099449159	0.264831770136	0.0420574661307	0.222011314575
gap-	0.546610169491	0.0826271186441	0.190677966102	0.180084745763
sey-	0.455813953488	0.0976744186046	0.0	0.446511627907
tso-	0.462732919255	0.518633540373	0.0	0.0186335403727
k'a-	0.399942239471	0.213722423936	0.0901410164033	0.29619432019
vul-	0.581818181818	0.0545454545454	0.109090909091	0.254545454545
ifi-	0.383177570093	0.345794392523	0.158878504673	0.11214953271
sio-	0.552592987602	0.145447273697	0.16197840288	0.139981335822
nju-	0.417256011315	0.247996228194	0.1885902876	0.14615747289
ain-	0.222126560482	0.720189410245	0.0129143349117	0.0447696943607
luh-	0.0859016501941	0.413607483233	0.361752117896	0.138738748676
uhu-	0.326130132281	0.551519542326	0.0590204479309	0.0633298774623
uak-	0.183908045977	0.471264367816	0.310344827586	0.0344827586207
waj-	0.586476868327	0.28256227758	0.0711743772242	0.0597864768684
mug-	0.366975647985	0.505044854922	0.0635853899462	0.0643941071473
uka-	0.524555475295	0.258198717597	0.0730609271152	0.144184879994
met-	0.0	1.0	0.0	0.0
huc-	0.32554446461	0.240585299456	0.0584165154265	0.375453720508
kuw-	0.671580967746	0.182380839789	0.0540341312119	0.0920040612526
bim-	0.0098578927154	0.949814364358	0.0	0.0403277429266
iho-	0.0	0.818770226537	0.181229773463	0.0
hez-	0.0	1.0	0.0	0.0
ken-	0.323573573574	0.488738738739	0.0300300300301	0.157657657658
uik-	0.448694869487	0.373537353735	0.0697569756976	0.10801080108
hil-	0.103004291845	0.154506437768	0.437768240343	0.304721030043
tit-	0.0210223500775	0.93383491923	0.00531090949325	0.0398318211993
ufa-	0.214408233276	0.404802744425	0.22641509434	0.154373927959
ilu-	0.0625	0.8125	0.0	0.125
mat-	0.289126282245	0.520618377404	0.083952399039	0.106302941311
vif-	0.0719748088169	0.076073374319	0.0412355675514	0.810716249313
hik-	0.0106194690265	0.0	0.00353982300885	0.985840707965
nit-	0.817378237426	0.109608415098	0.0482630601963	0.0247502872801
aat-	0.286228622862	0.609360936094	0.037803780378	0.066606660666
afw-	0.441729749331	0.226916277594	0.124201078827	0.207152894248
aka-	0.422497960569	0.281473272424	0.0616602077823	0.234368559224
mad-	0.315974112329	0.363467015111	0.204480961825	0.116077910735
kiw-	0.391358910004	0.259352217043	0.209155013744	0.140133859209
wis-	0.0	0.907216494845	0.0309278350515	0.0618556701031
yat-	0.627885808854	0.278278858088	0.0579230450972	0.0359122879603
uvu-	0.191994969754	0.758678259361	0.0311138093276	0.0182129615576
ala-	0.287893042832	0.333547907898	0.323594949245	0.0549641000248
jul-	0.0	1.0	0.0	0.0
vug-	0.0816326530612	0.857142857143	0.0	0.0612244897959
upe-	0.176056338028	0.774647887324	0.0492957746479	0.0
nah-	0.416039627236	0.262682751987	0.0864643916104	0.234813229166
aho-	0.0776525563496	0.816794942276	0.0559220572964	0.0496304440779
zeu-	0.02	0.96	0.02	0.0
buw-	0.103550295858	0.844674556213	0.0517751479289	0.0
zhi-	0.376518218623	0.380566801619	0.0	0.242914979757
bib-	0.111237877924	0.798916143754	0.0556189389617	0.0342270393611
ane-	0.471632113301	0.0969911554759	0.0267610840941	0.404615647129
zir-	0.328810815337	0.338822259646	0.0901923202174	0.242174604799
tha-	0.316563342861	0.168562054668	0.256682500704	0.258192101767
anu-	0.65053285968	0.265097690941	0.0532859680284	0.0310834813499
geh-	0.032380952381	0.0387301587302	0.00190476190476	0.926984126984
yen-	0.0671822607328	0.0422381990707	0.0640042341994	0.826575305997
kw'-	0.24500072982	0.648810392643	0.0361261129763	0.07006276456
bwi-	0.252072968491	0.154228855721	0.557213930348	0.0364842454395
aam-	0.504276992393	0.268438408045	0.15735087662	0.0699337229423
ipa-	0.114754098361	0.688524590164	0.0983606557377	0.0983606557377
iuk-	0.747508305648	0.227574750831	0.0	0.0249169435216
kin-	0.340233520668	0.29399491806	0.124764470716	0.241007090555
reu-	0.0	1.0	0.0	0.0
aim-	0.511487535852	0.310236625786	0.0212245732609	0.157051265101
ona-	0.31007751938	0.635658914729	0.0	0.0542635658915
dan-	0.0	1.0	0.0	0.0
ubi-	0.283950617284	0.654320987654	0.0617283950617	0.0
mub-	0.0669625227142	0.287962299784	0.523368683126	0.121706494375
uap-	0.595871129184	0.341570222083	0.0625586487332	0.0
kuv-	0.402793692413	0.434456258531	0.074214408777	0.0885356402787
aru-	0.268456375839	0.565408735835	0.147430960502	0.0187039278248
kag-	0.665332666333	0.325912956478	0.0	0.00875437718857
wer-	0.880379503613	0.0075612464908	0.000448891519162	0.111610358377
ndi-	0.540965592791	0.0986730749955	0.0185672465773	0.341794085637
mis-	0.0704091302588	0.89179741726	0.0205820130213	0.0172114394603
tii-	0.3	0.36	0.34	0.0
hao-	0.379120879121	0.43956043956	0.148351648352	0.032967032967
fup-	0.536850271528	0.191621411947	0.0636152055858	0.207913110939
aav-	0.625766871166	0.226993865031	0.0184049079754	0.128834355828
ran-	0.0778183270896	0.060676706748	0.030379527092	0.83112543907
ziu-	0.120967741935	0.508064516129	0.145161290323	0.225806451613
din-	0.109381094786	0.737680405669	0.131159797165	0.0217787023794
uji-	0.348837209302	0.53488372093	0.0930232558139	0.0232558139535
yai-	0.601410934744	0.301587301587	0.0811287477954	0.015873015873
kia-	0.222753672702	0.290969137911	0.133526933151	0.352750256235
nac-	0.463282489508	0.14241470755	0.037153151645	0.357149651297
rin-	0.260476222274	0.41531391006	0.0765128599505	0.247697007716
tum-	0.235325794292	0.764674205708	0.0	0.0
uto-	0.601611874712	0.0210134038779	0.0	0.37737472141
heh-	0.178770752384	0.0786294595549	0.0271988696574	0.715400918403
jog-	0.00830066866498	0.970947659673	0.0	0.0207516716625
siz-	0.674757596394	0.164072380582	0.0908000129714	0.0703700100528
uok-	0.634891254049	0.281813975012	0.0555298472929	0.0277649236464
sos-	0.014888337469	0.970223325062	0.0	0.014888337469
mup-	0.382029699621	0.358958316533	0.135864502548	0.123147481298
iri-	0.411690091657	0.243858764768	0.054398857414	0.29005228616
kua-	0.593372352759	0.194360874195	0.0473729348612	0.164893838185
hiw-	0.344262295082	0.434426229508	0.0245901639344	0.196721311475
soz-	0.279850746269	0.126865671642	0.0753052917232	0.517978290366
bit-	0.0	1.0	0.0	0.0
ser-	0.0594315245478	0.777777777778	0.0180878552972	0.144702842377
uig-	0.575438596491	0.382456140351	0.0	0.0421052631579
hak-	0.434616412724	0.231849772788	0.155885235677	0.177648578811
rig-	0.218858243882	0.579699287612	0.197959313431	0.00348315507504
rau-	0.487238979118	0.211136890951	0.266821345708	0.0348027842227
m'a-	0.0757033121743	0.773137056339	0.00592782868575	0.145231802801
air-	0.0618180043369	0.0441357960131	0.00251009266426	0.891536106986
wos-	0.157096278981	0.0722127144467	0.184311706622	0.58637929995
kip-	0.135880508755	0.270563046415	0.533912777509	0.0596436673209
pot-	0.110236220472	0.275590551181	0.188976377953	0.425196850394
mam-	0.474055014219	0.367870102612	0.0502600896972	0.107814793473
utu-	0.303303303303	0.552552552553	0.108108108108	0.036036036036
esa-	0.0	1.0	0.0	0.0
p'o-	0.200463237748	0.216799129747	0.0375839426902	0.545153689814
joh-	0.0466580278751	0.86832685424	0.00907500780484	0.0759401100805
sia-	0.591344153142	0.146780809702	0.0347779561263	0.22709708103
hay-	0.0162980209546	0.20605355064	0.754365541327	0.023282887078
huz-	0.217204538705	0.486743692981	0.249642608029	0.0464091602843
sis-	0.0242936233926	0.00768717741309	0.00136601410476	0.96665318509
wat-	0.596018806226	0.156455614844	0.0601102246856	0.187415354244
huh-	0.26284460751	0.310829880309	0.345505509872	0.0808200023092
mag-	0.201401842344	0.639046204312	0.0216111456795	0.137940807664
ut'-	0.111977602624	0.200607907569	0.0167813340359	0.670633155771
kel-	0.228944246738	0.742586002373	0.00711743772241	0.0213523131673
mos-	0.00881697007416	0.967532804315	0.00860951195478	0.015040713656
kok-	0.0927066450567	0.19319286872	0.385737439222	0.328363047002
h'w-	0.666666666667	0.333333333333	0.0	0.0
zoz-	0.393442622951	0.55737704918	0.0	0.0491803278689
uus-	0.425	0.3	0.05	0.225
ifu-	0.282608695652	0.391304347826	0.260869565217	0.0652173913043
faj-	0.41592920354	0.212389380531	0.234513274336	0.137168141593
ofi-	0.114619883041	0.86783625731	0.0105263157895	0.00701754385966
dub-	0.0	1.0	0.0	0.0
gar-	0.379658551178	0.178320103955	0.0519876760242	0.390033668843
rim-	0.635120468852	0.190253961363	0.104406338181	0.0702192316041
vor-	0.185714285714	0.771428571429	0.0	0.0428571428571
mac-	0.565429553149	0.164405153694	0.0502191769736	0.219946116184
map-	0.366905027241	0.454463843487	0.102371223378	0.076259905894
bet-	0.013850996852	0.976705141658	0.0	0.00944386149003
vis-	0.268277760963	0.541505854353	0.138051264496	0.0521651201873
maj-	0.202384232738	0.649529389584	0.0937595173525	0.0543268603252
sal-	0.129677530609	0.744266252802	0.0720813933436	0.0539748232454
asu-	0.635270541082	0.281229124916	0.0313961255845	0.0521042084168
end-	0.415821513998	0.393057056959	0.01583493061	0.175286498433
kiy-	0.10939281642	0.496009122007	0.309886925124	0.08471113645
miz-	0.0670683719537	0.856552650758	0.054054381793	0.0223245954955
hek-	0.0211788080916	0.96935077128	0.00349341164398	0.00597700898462
gab-	0.265391014975	0.709650582363	0.0249584026622	0.0
sek-	0.0333333333333	0.933333333333	0.0333333333333	0.0
bis-	0.208211143695	0.519061583578	0.199413489736	0.0733137829912
mbe-	0.105534620184	0.311159971846	0.0182833272084	0.565022080761
ind-	0.34786374518	0.304988398688	0.0627861208696	0.284361735263
yan-	0.148579141459	0.0445901323242	0.0107016317578	0.796129094459
bad-	0.131617190493	0.0903485130726	0.00581956059345	0.772214735841
ufw-	0.367676950178	0.398346808799	0.113374587831	0.120601653191
her-	0.0628513973343	0.101472452065	0.00834449155319	0.827331659047
fuf-	0.452855245684	0.462151394422	0.0371845949535	0.0478087649403
ziy-	0.0477697841726	0.905179856115	0.00474820143884	0.0423021582734
zil-	0.744680851064	0.170212765958	0.0	0.0851063829787
av̱-	0.304110093998	0.197333660994	0.351108926706	0.147447318302
bas-	0.285277636271	0.152827305145	0.0904228222109	0.471472236373
min-	0.12225999159	0.231632458896	0.108672415859	0.537435133656
guz-	0.896096440873	0.0556831228473	0.0482204362801	0.0
vij-	0.45342312009	0.151515151515	0.287317620651	0.107744107744
ich-	0.577926829268	0.280365853659	0.0051219512195	0.136585365854
aap-	0.760863379537	0.211820657697	0.0204869720743	0.00682899069144
ren-	0.106394068295	0.0723472939119	0.0867394118735	0.734519225919
fau-	0.385093167702	0.503105590062	0.0372670807453	0.0745341614907
nik-	0.514467158265	0.177928595796	0.0572283307529	0.250375915186
kut-	0.391200249455	0.346749953416	0.0980499944146	0.163999802715
age-	0.364884393064	0.546965317919	0.0281791907514	0.0599710982659
fuk-	0.425683603981	0.213048716605	0.0558250392876	0.305442640126
mui-	0.236072710857	0.367090154384	0.312907947028	0.0839291877302
waf-	0.60676572283	0.181711989534	0.1254555649	0.0860667227362
naz-	0.219273140706	0.442349159054	0.0425373426902	0.295840357549
gal-	0.0387603043754	0.875356689918	0.0673351299937	0.0185478757134
usu-	0.444617784711	0.14352574103	0.411856474259	0.0
adh-	0.186928908011	0.59815611555	0.126408522844	0.0885064535956
kar-	0.158428950355	0.0613908450528	0.198958675181	0.581221529411
sel-	0.0	1.0	0.0	0.0
kay-	0.0	0.995437262357	0.00456273764258	0.0
kus-	0.473572661919	0.19048403661	0.0582423907278	0.277700910743
t'u-	0.164521135762	0.649228521866	0.158860586141	0.0273897562312
zaw-	0.171404788187	0.767973797072	0.014114836865	0.0465065778759
mia-	0.0188308394623	0.957773269084	0.0146462084707	0.0087496829825
val-	0.313620440964	0.6437255306	0.0148361838038	0.0278178446322
gak-	0.503420888137	0.307275767812	0.0851469242989	0.104156419752
ati-	0.512425272535	0.140487633337	0.0812331496894	0.265853944438
ubu-	0.90625	0.03125	0.0	0.0625
huo-	0.574846967168	0.301613800779	0.0200333889816	0.103505843072
nwi-	0.107664383565	0.0551155000112	0.0114435128678	0.825776603556
ung-	0.460744585902	0.280643126071	0.0798008761041	0.178811411923
aon-	0.580310880829	0.219706294907	0.0741419288352	0.125840895428
was-	0.462635566781	0.21712969841	0.190684890804	0.129549844005
bag-	0.25974025974	0.496103896104	0.124675324675	0.119480519481
nya-	0.117500051602	0.67194012267	0.17078926658	0.0397705591483
uaf-	0.612765957447	0.285106382979	0.0255319148936	0.0765957446808
mer-	0.743276585246	0.0630397236615	0.0197384653343	0.173945225759
wao-	0.246087468914	0.0673944091004	0.0112557052543	0.675262416731
luk-	0.201579928253	0.69773464797	0.0543609815592	0.0463244422181
uat-	0.734351145038	0.18320610687	0.0641221374046	0.018320610687
muc-	0.100675259761	0.581707401922	0.111014618647	0.20660271967
dhi-	0.147271962224	0.846182617233	0.0	0.00654542054325
iat-	0.312138728324	0.445086705202	0.208092485549	0.0346820809249
kak-	0.385623038882	0.386770514943	0.128801649116	0.0988047970592
one-	0.0171673819742	0.678111587983	0.18025751073	0.124463519313
niz-	0.481481481481	0.394510582011	0.0446428571428	0.0793650793651
aan-	0.482575757576	0.402272727273	0.0742424242424	0.0409090909091
gog-	0.133324326088	0.700149959225	0.107385741246	0.05913997344
saf-	0.128633301397	0.353025270278	0.508609303549	0.00973212477673
win-	0.313377242789	0.543084260731	0.116284351579	0.0272541449012
sil-	0.0451852181404	0.923704443698	0.0136380733592	0.0174722648019
ake-	0.754449254449	0.056758056758	0.00631313131313	0.18247955748
iah-	0.530054644809	0.289617486339	0.0163934426229	0.16393442623
aog-	0.224855861627	0.101217168482	0.658552210122	0.0153747597694
v̱a-	0.227887215141	0.633062958671	0.0695249130939	0.0695249130938
ngi-	0.0995330508678	0.596020920603	0.0175406277783	0.286905400751
aai-	1.0	0.0	0.0	0.0
vie-	0.272634791455	0.165818921668	0.561546286877	0.0
nis-	0.578875093598	0.223472899147	0.0883673530072	0.109284654248
rae-	0.742857142857	0.0642857142857	0.15	0.0428571428571
huf-	0.552932807347	0.249175451077	0.0863351225506	0.111556619026
leu-	0.078431372549	0.912854030501	0.00871459694987	0.0
