ajụ-	0.545992469069	0.454007530931	0.0	0.0
āpe-	0.77465321087	0.0979702914163	0.08466568394	0.0427108137733
pāk-	0.0658425154528	0.119591507659	0.614216608439	0.200349368449
sụp-	0.0	0.953488372093	0.046511627907	0.0
amū-	0.648956356736	0.278937381404	0.0379506641366	0.034155597723
ikf-	0.0705128205128	0.74358974359	0.0384615384615	0.147435897436
bōl-	0.112014397418	0.29384386248	0.502792602706	0.0913491373961
īmw-	0.0603015075377	0.879396984925	0.0452261306533	0.0150753768844
umf-	0.0811257492561	0.609050813641	0.248044430851	0.0617790062513
mpy-	0.624104256241	0.0226644002266	0.333633303336	0.019598040196
tās-	0.128266870265	0.0792124273214	0.0891084747754	0.703412227638
īma-	0.231350806452	0.541834677419	0.0196572580645	0.207157258064
neg-	0.124809741248	0.624048706241	0.251141552511	0.0
sịg-	0.352959381045	0.312959381044	0.287659574468	0.0464216634429
umū-	0.11492007683	0.809812156135	0.0322948204577	0.0429729465768
mēn-	0.142857142857	0.0	0.809523809524	0.0476190476191
sịs-	0.144923603698	0.184130064236	0.0253598538093	0.645586478257
amm-	0.761037990283	0.117041586279	0.0320205254599	0.0898998979787
bāb-	0.243399194733	0.0922115775995	0.149398779168	0.514990448499
lij-	0.230926973003	0.42874492315	0.0555135249927	0.284814578854
paf-	0.148215098347	0.772921196339	0.0278732871517	0.0509904181625
bik-	0.343440564439	0.377674528437	0.1999214993	0.0789634078239
nāj-	0.379284649777	0.312220566319	0.0611028315946	0.24739195231
ate-	0.0194862710363	0.953941541187	0.0159433126661	0.0106288751107
ujē-	0.448806470704	0.468336950089	0.0828565792069	0.0
pat-	0.11583011583	0.48221180364	0.0330943188086	0.368863761721
ifī-	0.080064051241	0.0840672538031	0.835868694956	0.0
nyā-	0.0580324244657	0.887030213707	0.0221075902726	0.0328297715549
gwi-	0.0278098286099	0.021501663368	0.00888533288416	0.941803175138
āja-	0.47173978951	0.0994846030576	0.00389796006756	0.424877647365
ālō-	0.637916687063	0.120661804298	0.0513975231289	0.190023985511
fịb-	0.179857456011	0.322059586988	0.0733558753708	0.42472708163
ịsi-	0.458515283843	0.197598253275	0.0491266375545	0.294759825328
ngw-	0.600521214773	0.228758120203	0.0378299203911	0.132890744633
alū-	0.43287867911	0.400335008375	0.0622158411104	0.104570471405
mwi-	0.43767940852	0.363654517226	0.136288072048	0.0623780022066
nig-	0.208333333333	0.270833333333	0.0625	0.458333333333
āpy-	0.275862068965	0.689655172414	0.0344827586207	0.0
ịki-	0.0896950368746	0.581423161252	0.0717560294997	0.257125772374
agā-	0.290752435804	0.249628131289	0.236240857691	0.223378575215
nge-	0.496	0.456	0.0	0.048
nai-	0.36251051721	0.236994110362	0.0528413012035	0.347654071224
nkw-	0.301997356336	0.501598686179	0.0507668274385	0.145637130046
gug-	0.324487334138	0.482509047045	0.144752714113	0.0482509047045
mān-	0.254295532646	0.624284077892	0.10538373425	0.0160366552119
asi-	0.699633699634	0.153846153846	0.032967032967	0.113553113553
ngā-	0.336417035057	0.093031159076	0.0753323329736	0.495219472893
mpe-	0.254175576107	0.182328524994	0.528740806451	0.0347550924485
amu-	0.372707289613	0.492187360382	0.0975760861148	0.0375292638903
tol-	0.013986013986	0.986013986014	0.0	0.0
nyē-	0.073741583841	0.525809554344	0.39467778134	0.00577108047452
ābụ-	0.61595619867	0.305827141181	0.0195541650371	0.0586624951115
mus-	0.0298507462687	0.776119402985	0.0	0.194029850746
usụ-	0.592011883149	0.0812015184024	0.0148539362931	0.311932662155
tuh-	0.0	0.302325581395	0.0	0.697674418605
ịba-	0.228900255754	0.299552429668	0.270140664962	0.201406649616
ịkw-	0.712217119341	0.113433553929	0.0378453313539	0.136503995375
gij-	0.515370705244	0.358047016275	0.0241109101869	0.102471368294
toị-	0.0	0.936974789916	0.0	0.063025210084
āfw-	0.702959028832	0.0686646433991	0.191957511381	0.0364188163885
oni-	0.525	0.1125	0.05625	0.30625
uba-	0.473176909347	0.193306941356	0.156427310711	0.177088838587
āla-	0.548039638087	0.334769495907	0.0357604480827	0.0814304179233
īsụ-	0.00678733031674	0.873303167421	0.119909502262	0.0
bīm-	0.760038399153	0.205534774405	0.0115859512066	0.0228408752359
aki-	0.697961439273	0.202259609481	0.0337713373449	0.0660076139015
ukụ-	0.401622718053	0.383367139959	0.166328600406	0.0486815415822
ātē-	0.58310626703	0.122615803815	0.016348773842	0.277929155313
afị-	0.665047916244	0.0590874679173	0.0127407352697	0.263123880569
nịk-	0.568716771582	0.139805145613	0.0543264801422	0.237151602662
alị-	0.400761559384	0.264696282865	0.0271260199456	0.307416137806
apī-	0.661499525467	0.189813350206	0.0433407149636	0.105346409364
ịsu-	0.0713457076567	0.88283062645	0.042343387471	0.00348027842227
apa-	0.178467713706	0.0312931860902	0.00611143035818	0.784127669845
ana-	0.0344827586207	0.962643678161	0.0	0.00287356321839
nii-	0.0629921259842	0.850393700787	0.0866141732283	0.0
nke-	0.227397260274	0.710502283105	0.0292237442922	0.0328767123288
tel-	0.0	0.988128215275	0.011871784725	0.0
lwa-	0.0926254986735	0.0585983861968	0.0120737961601	0.83670231897
gị̄-	0.618597320725	0.193853427896	0.0425531914894	0.14499605989
jụ̄-	0.00451739195904	0.986447824123	0.000903478391807	0.00813130552628
ntū-	0.125581395349	0.590387596899	0.04	0.244031007752
ịgu-	0.368421052632	0.631578947368	0.0	0.0
gaj-	0.264344039194	0.590636908002	0.0538377789876	0.091181273816
āko-	0.68021971084	0.180882631479	0.0460887682303	0.0928088894501
mōn-	0.118715083799	0.208100558659	0.611266294227	0.0619180633147
gōn-	0.370245708516	0.430046000224	0.18624481095	0.0134634803097
kụk-	0.314930182599	0.479914070892	0.165413533835	0.0397422126745
bun-	0.159748195383	0.0980334141053	0.0879959188879	0.654222471624
ili-	0.329334331633	0.0278246939806	0.0122756002856	0.630565374101
gat-	0.425477829976	0.395186305425	0.10545723663	0.0738786279684
nut-	0.121705887731	0.649438945133	0.189947935997	0.0389072311383
jịk-	0.543429437774	0.309718697079	0.0779252589837	0.0689266061632
kịk-	0.527576129965	0.259293492472	0.0844529456331	0.12867743193
kaj-	0.122094508301	0.808429118774	0.0533844189016	0.016091954023
gām-	0.274821722436	0.601755348327	0.0466264399341	0.0767964893033
sat-	0.0	1.0	0.0	0.0
lwī-	0.518142235123	0.264150943396	0.0870827285922	0.130624092888
ākā-	0.295868616885	0.415191172697	0.00923787528868	0.27970233513
ani-	0.627118644068	0.305084745763	0.0677966101695	0.0
upi-	0.741868869386	0.165203923593	0.0309757356737	0.0619514713475
abi-	0.692972566704	0.126644118752	0.135287485908	0.0450958286359
liị-	0.216714248637	0.307033480405	0.0893552333989	0.386897037559
mụk-	0.584066515412	0.174038078395	0.0566404823761	0.185254923817
hag-	0.324705882353	0.397647058824	0.0941176470588	0.183529411765
ban-	0.356890525317	0.430527577581	0.116862513659	0.0957193834425
mịt-	0.0105420706709	0.372876944101	0.00553133337671	0.611049651851
nsū-	0.138239047214	0.306678009358	0.483198638877	0.0718843045513
ị̄n-	0.556206050576	0.187036355219	0.0623138585817	0.194443735624
bịj-	0.331728564878	0.214351215039	0.0687757909216	0.385144429161
ale-	0.37347967962	0.462770691189	0.0688223079205	0.0949273212697
bup-	0.129912696284	0.620194074471	0.153551244997	0.0963419842476
ugw-	0.0657152871177	0.379094752018	0.0233350833715	0.531854877493
bon-	0.169446883231	0.554872695347	0.244073748903	0.0316066725197
hēs-	0.530612244898	0.0204081632653	0.448979591837	0.0
fīn-	0.532258064516	0.370967741935	0.0	0.0967741935484
fif-	0.36511375948	0.134344528711	0.487540628386	0.0130010834236
olị-	0.0	1.0	0.0	0.0
jōg-	0.246913580247	0.753086419753	0.0	0.0
jab-	0.164468580295	0.161343849668	0.0300620636152	0.644125506422
ukw-	0.447993525074	0.133685758953	0.0548188852173	0.363501830756
ifị-	0.150468343532	0.453371161023	0.0623164229176	0.333844072528
umu-	0.0924855491329	0.549132947977	0.35838150289	0.0
lus-	0.166593800726	0.754497282887	0.0306660243779	0.0482428920091
ngị-	0.265861423221	0.499644194756	0.132715355805	0.101779026217
āmb-	0.639182888017	0.104433424617	0.0373029383465	0.219080749019
mmē-	0.661290322581	0.00672043010754	0.010752688172	0.32123655914
īmb-	0.182675012848	0.534872309142	0.14732984069	0.135122837321
lyị-	0.0	0.146341463415	0.824390243902	0.0292682926829
bām-	0.135425577627	0.767793997643	0.0277726310478	0.0690077936822
efu-	0.0	1.0	0.0	0.0
isw-	0.0	0.302325581395	0.104651162791	0.593023255814
sah-	0.0022774226083	0.736632342655	0.252305890391	0.00878434434629
anị-	0.492045454545	0.265909090909	0.0545454545455	0.1875
mịf-	0.378571428571	0.471428571429	0.15	0.0
iky-	0.127640146792	0.482312458316	0.045621530362	0.34442586453
mbi-	0.225272907708	0.171022163414	0.0291101554747	0.574594773404
ịpā-	0.480662983425	0.342541436464	0.0331491712707	0.14364640884
isy-	0.145506318178	0.0873129757831	0.0197823033787	0.74739840266
nām-	0.599811676083	0.266596045198	0.113582862524	0.0200094161959
bụ̄-	0.68710359408	0.207188160677	0.0634249471459	0.0422832980972
jes-	0.00306571731145	0.870230716453	0.0022595689973	0.124443997238
jel-	0.0077149888044	0.987363380407	0.000133017048352	0.00478861374066
fị̄-	0.169500296211	0.0561777168702	0.111228584208	0.663093402711
kw'-	0.231759656652	0.171673819742	0.068669527897	0.527896995708
bwi-	0.0426016947013	0.0419680757037	0.0199268583288	0.895503371266
tīm-	0.869047619048	0.130952380952	0.0	0.0
tōs-	0.0807192693856	0.177718531964	0.00918940382324	0.732372794827
jal-	0.449605538218	0.304248606717	0.120765336751	0.125380518314
ijo-	0.105421686747	0.486947791165	0.25702811245	0.150602409639
nif-	0.141300352702	0.654423014769	0.107213482889	0.0970631496405
kūs-	0.0714285714286	0.186418109188	0.358189081225	0.383964238159
nti-	0.01882188916	0.102474729871	0.525270128965	0.353433252004
ūmm-	0.610294117647	0.279411764706	0.0220588235294	0.0882352941176
nnị-	0.0462356476844	0.243276566233	0.194189720274	0.516298065809
mub-	0.396751740139	0.440835266821	0.0626450116009	0.0997679814385
mbụ-	0.0347752332485	0.926208651399	0.0288379983037	0.0101781170484
isē-	0.0	1.0	0.0	0.0
nịt-	0.732052578362	0.176946410516	0.0303336703741	0.0606673407483
gik-	0.477531857814	0.30985915493	0.159624413145	0.0529845741113
pēn-	0.0600625651721	0.0913451511992	0.00500521376434	0.843587069864
atū-	0.720518759565	0.104835566653	0.0138403480366	0.160805325746
leg-	0.0124481327801	0.98755186722	0.0	0.0
āgụ-	0.532019704433	0.379310344828	0.0295566502463	0.0591133004926
joh-	0.0214244905732	0.946676823462	0.0106646353076	0.021234050657
ūnn-	0.914893617021	0.0851063829787	0.0	0.0
āfị-	0.509236693313	0.270764281536	0.0255897835835	0.194409241568
bwị-	0.144585974031	0.175572469387	0.195071909961	0.484769646621
kok-	0.27527867119	0.111512534696	0.0288437532126	0.584365040901
nịj-	0.341765873016	0.259424603175	0.318452380952	0.0803571428571
unh-	0.177279305355	0.781717317897	0.030149541727	0.0108538350217
gōp-	0.197364074784	0.0678800290678	0.0304551760587	0.70430072009
nih-	0.356904603069	0.549699799867	0.0333555703803	0.0600400266845
gịs-	0.578570391521	0.141218603301	0.209069351014	0.0711416541645
sek-	0.107304460246	0.716224951519	0.123464770524	0.0530058177117
ījị-	0.424528301887	0.103773584906	0.377358490566	0.0943396226415
bwā-	0.422375354682	0.210782326713	0.0729631130929	0.293879205513
līn-	0.370012091898	0.269649334946	0.0894800483676	0.270858524788
mās-	0.316099367013	0.277477606593	0.144497790517	0.261925235877
lul-	0.298064185707	0.306289860997	0.0735199305404	0.322126022756
gak-	0.188502596375	0.329054301874	0.0791846032083	0.403258498543
utị-	0.505122441217	0.286210612547	0.0749056456568	0.133761300578
kāp-	0.545193687231	0.318507890961	0.0932568149211	0.0430416068867
amụ-	0.512276740609	0.320242460184	0.0757269417993	0.0917538574074
kak-	0.247889209226	0.336611065349	0.13183003844	0.283669686985
gwị-	0.314255076651	0.372972469701	0.0588002247372	0.253972228911
kāb-	0.211500974659	0.214668615984	0.0930799220273	0.480750487329
imy-	0.111984004726	0.646646534235	0.143193342138	0.0981761189001
gog-	0.0	1.0	0.0	0.0
īta-	0.187050359712	0.136690647482	0.503597122302	0.172661870504
āso-	0.603672106825	0.254451038576	0.0918026706231	0.0500741839762
asụ-	0.47966728281	0.116451016636	0.0101663585952	0.393715341959
lụf-	0.0	1.0	0.0	0.0
tụk-	0.528375184497	0.185777403482	0.0736172844658	0.212230127555
ịta-	0.0087234661239	0.461180575749	0.0343123000873	0.49578365804
nnj-	0.415918295475	0.270646240535	0.228913541116	0.0845219228738
sau-	0.0190007037298	0.964109781844	0.0	0.0168895144264
gān-	0.285390713477	0.465458663647	0.244620611552	0.00453001132503
atị-	0.541939238755	0.262603328326	0.0740781765754	0.121379256344
anh-	0.584474885845	0.360730593607	0.0	0.0547945205479
twe-	0.124332308319	0.0452406873325	0.0108931629645	0.819533841384
nīh-	0.765306122449	0.112244897959	0.0	0.122448979592
bom-	0.153055705787	0.282469288418	0.0773391022175	0.487135903577
pop-	0.109045773795	0.0437151852749	0.030031484621	0.817207556309
jam-	0.371522094926	0.607201309329	0.0180032733224	0.00327332242225
ịto-	0.230665888409	0.0440104490608	0.0155013539763	0.709822308553
ukō-	0.657394366197	0.2375	0.0563380281691	0.0487676056338
sān-	0.0310880829016	0.823834196891	0.145077720207	0.0
ūnj-	0.0321888412017	0.93025751073	0.0375536480687	0.0
mpị-	0.0958564273266	0.783086561259	0.084315972931	0.0367410384839
bēp-	0.447204968944	0.459627329192	0.055900621118	0.0372670807454
njō-	0.24406779661	0.715254237288	0.0406779661017	0.0
ị̄m-	0.338028169014	0.535211267606	0.0422535211268	0.0845070422535
men-	0.0	1.0	0.0	0.0
bus-	0.252275604316	0.488486346374	0.179064440292	0.080173609018
lub-	0.38163007597	0.428263420537	0.105833532968	0.0842729705257
nsw-	0.0245231607629	0.959128065395	0.016348773842	0.0
lup-	0.227711195557	0.451183864367	0.261911721719	0.0591932183573
nse-	0.32250414987	0.485416172635	0.0924828076832	0.0995968698127
kuf-	0.245134577921	0.612900624187	0.0935803577006	0.048384440191
bịg-	0.309354692459	0.222155055161	0.246335197219	0.222155055161
bos-	0.162162162162	0.72972972973	0.027027027027	0.0810810810811
akō-	0.27476103315	0.519524100061	0.061928004881	0.143786861908
bạ̄-	0.738015952916	0.124448230465	0.0232324014559	0.114303415163
nyw-	0.0	0.982935153584	0.0170648464164	0.0
bōn-	0.141908496732	0.18216993464	0.64245751634	0.0334640522876
mye-	0.158371040724	0.289326590365	0.491526927513	0.0607754413983
āsa-	0.542710340398	0.309569685292	0.0	0.14771997431
gēn-	0.0613391320105	0.290386880493	0.0244631693395	0.623810818157
nsị-	0.469780898071	0.370565794294	0.0847377307699	0.0749155768648
mḳu-	0.362068965517	0.112068965517	0.258620689655	0.26724137931
ịny-	0.142649622313	0.723416618245	0.0886112725159	0.0453224869262
pị̄-	0.04693755004	0.635668534828	0.00918734987991	0.308206565252
bāl-	0.602916514765	0.149238060518	0.0367608457893	0.211084578928
pet-	0.00733409565868	0.971531091045	0.00130121052009	0.0198336027759
mụf-	0.372769319332	0.225896738591	0.115588462989	0.285745479088
sai-	0.402121504339	0.221793635487	0.202507232401	0.173577627772
gīn-	0.0938659058488	0.0239657631954	0.0273894436519	0.854778887304
lot-	0.0110152377455	0.988984762254	0.0	0.0
būm-	0.288329920389	0.643557200583	0.0301142150045	0.0379986640239
atu-	0.555700321289	0.165542268941	0.0790602809061	0.199697128863
lif-	0.600384245917	0.205571565802	0.0499519692603	0.14409221902
fes-	0.013863928113	0.952503209243	0.0267008985879	0.00693196405649
nāl-	0.378574257426	0.118603960396	0.0379207920792	0.464900990099
gya-	0.106591944751	0.271616993575	0.0327757493419	0.589015312332
kup-	0.381564067149	0.380314982527	0.130975444711	0.107145505613
kif-	0.126171660539	0.26987206149	0.0710399787046	0.532916299266
ịsị-	0.235166703422	0.683812861839	0.0076891213003	0.0733313134393
āsụ-	0.690314056307	0.0508181725785	0.00609818070942	0.252769590406
twị-	0.313997207378	0.170548492521	0.146857165753	0.368597134349
āpi-	0.599173553719	0.167355371901	0.0165289256198	0.21694214876
lah-	0.00915152307491	0.975160151654	0.0	0.0156883252712
ngu-	0.558157928793	0.183461809232	0.0441286967574	0.214251565218
gwe-	0.155047280533	0.221748224851	0.00520728572469	0.617997208891
bāp-	0.389360357392	0.468082692754	0.0654173801717	0.0771395696822
kūp-	0.391534391534	0.255731922399	0.352733686067	0.0
fyā-	0.215530418832	0.432130846836	0.0397431977988	0.312595536533
ton-	0.449101796407	0.0538922155689	0.299401197605	0.197604790419
ịse-	0.29052843708	0.366323331841	0.0811688311688	0.261979399911
ịpo-	0.632653061224	0.275510204082	0.0612244897959	0.0306122448979
māl-	0.096256684492	0.502673796791	0.299465240642	0.101604278075
nak-	0.15447188357	0.17692032608	0.0519789413243	0.616628849026
kih-	0.0194174757281	0.970873786408	0.0	0.00970873786408
swē-	0.137188971083	0.233355749832	0.492266308003	0.137188971083
nạ̄-	0.0720105968771	0.0595672941838	0.0140488901377	0.854373218801
twā-	0.421910755149	0.168049199085	0.0625	0.347540045767
mme-	0.570765661253	0.22969837587	0.125290023202	0.0742459396752
gif-	0.439938791125	0.265493496557	0.160673297628	0.13389441469
han-	0.0270880361174	0.954853273138	0.0180586907449	0.0
gūl-	0.489931237721	0.473231827112	0.00736738703338	0.0294695481336
pub-	0.106951871658	0.789661319073	0.0427807486631	0.0606060606061
amy-	0.22641509434	0.207547169811	0.566037735849	0.0
top-	0.147280966767	0.421450151057	0.095921450151	0.335347432024
tun-	0.540738808521	0.229289290081	0.120677352682	0.109294548717
ubo-	0.440440440441	0.247247247247	0.148148148148	0.164164164164
lịt-	0.0	1.0	0.0	0.0
lef-	0.0234192037471	0.976580796253	0.0	0.0
āfu-	0.516129032258	0.217741935484	0.0	0.266129032258
nku-	0.319105492132	0.371729965127	0.197808829586	0.111355713155
syi-	0.0467894521211	0.0331017915006	0.00851987038623	0.911588885992
lịs-	0.283196536991	0.61029907803	0.0586631436923	0.0478412412863
tūn-	0.147063480142	0.696357310751	0.0718957167041	0.0846834924025
ulo-	0.2849308536	0.37672865999	0.109442060086	0.228898426323
ịbī-	0.0190476190476	0.961904761905	0.0	0.0190476190476
nny-	0.0425936203973	0.592800291176	0.00954441604124	0.355061672386
nịi-	0.126368997473	0.873631002527	0.0	0.0
ily-	0.229504128814	0.175698589724	0.0507657949517	0.544031486511
ugū-	0.088426993185	0.703397452855	0.00606679011879	0.202108763841
mak-	0.0589498623966	0.538079677005	0.258867662998	0.1441027976
īnụ-	0.0612320228761	0.260496584463	0.627085066021	0.0511863266393
ịku-	0.640991610399	0.153187147362	0.0332728565418	0.172548385697
nik-	0.244399757952	0.528846110837	0.0831290172315	0.143625113979
ūsụ-	0.462151394422	0.394422310757	0.0	0.143426294821
ị̄p-	0.432689311312	0.298535369274	0.119196011218	0.149579308196
sīb-	0.257456828885	0.337519623234	0.0094191522763	0.395604395604
ujo-	0.349738391105	0.233213429257	0.0546108567692	0.362437322869
ega-	0.772086117298	0.116555308092	0.0	0.11135857461
apu-	0.401948842875	0.598051157125	0.0	0.0
kīn-	0.359078659684	0.258554939747	0.126099557635	0.256266842935
anā-	0.482170890334	0.304776855797	0.118860731106	0.0941915227629
āka-	0.671814671815	0.305019305019	0.023166023166	0.0
jik-	0.372815533981	0.367748046413	0.133838503434	0.125597916173
amo-	0.0	1.0	0.0	0.0
esị-	0.0	1.0	0.0	0.0
pīm-	0.648810898176	0.288847841145	0.00692680674209	0.0554144539367
mōl-	0.0672	0.2064	0.5392	0.1872
ago-	0.521686518294	0.212096047074	0.0543349309543	0.211882503678
put-	0.0	1.0	0.0	0.0
kal-	0.240700091297	0.241852592164	0.0190213584533	0.498425958085
ind-	0.106913756237	0.486813970064	0.213827512473	0.192444761226
alu-	0.6866013882	0.220748636589	0.0554660386713	0.0371839365394
ālị-	0.429807705184	0.173718146149	0.070771455736	0.325702692931
kel-	0.0	1.0	0.0	0.0
twa-	0.38136053465	0.200028602276	0.0558063507691	0.362804512305
jos-	0.00896458987002	0.987598984013	0.000448229493499	0.00298819662334
nnk-	0.0	0.110922946655	0.889077053345	0.0
uns-	0.212634554455	0.545699951102	0.164191601524	0.0774738929192
afy-	0.443472829482	0.140537164272	0.221111805122	0.194878201124
bol-	0.301886792453	0.264150943396	0.0	0.433962264151
ānị-	0.48655540102	0.41608715809	0.0278164116829	0.0695410292072
jēn-	0.44245296993	0.126203525404	0.0799881499038	0.351355354762
efe-	0.00228310502283	0.994292237443	0.0	0.00342465753425
nyō-	0.291925465838	0.503105590062	0.204968944099	0.0
anw-	0.710475387534	0.199850543218	0.032190691525	0.0574833777233
bah-	0.0474376089294	0.212639522379	0.0173916268031	0.722531241888
ị̄l-	0.463176751592	0.258160828026	0.15326433121	0.125398089172
sūb-	0.39886039886	0.408831908832	0.17094017094	0.0213675213675
fih-	0.357846853677	0.285822592873	0.0	0.35633055345
ātī-	0.166666666667	0.462121212121	0.0	0.371212121212
sōs-	0.405797101449	0.507246376812	0.0	0.0869565217391
bịf-	0.803921568627	0.078431372549	0.0	0.117647058824
ābi-	0.302419354839	0.443548387097	0.0	0.254032258065
kyā-	0.238095238095	0.47619047619	0.0	0.285714285714
kug-	0.380302171929	0.428788966791	0.137611997387	0.0532968638927
iki-	0.0916810657116	0.563775140275	0.0954277814514	0.249116012562
ūli-	0.966101694915	0.0338983050848	0.0	0.0
nje-	0.314611577362	0.100064557779	0.00322788896062	0.582095975898
mfị-	0.160436562074	0.683668186204	0.0741529963731	0.0817422553488
m̄b-	0.718213058419	0.103092783505	0.0756013745704	0.103092783505
sot-	0.00495458298926	0.995045417011	0.0	0.0
tịl-	0.0	0.998979938796	0.0	0.00102006120367
āge-	0.718340611354	0.183406113537	0.0720524017467	0.0262008733625
upē-	0.713580246914	0.175308641975	0.0592592592592	0.0518518518519
sụs-	0.0	1.0	0.0	0.0
pak-	0.251688428282	0.486903257675	0.0215243128275	0.239884001216
ute-	0.486600846262	0.250705218618	0.19922425952	0.0634696755994
būl-	0.710162119415	0.266113088177	0.0	0.023724792408
āsi-	0.0769230769231	0.923076923077	0.0	0.0
ntē-	0.204359673025	0.33514986376	0.389645776567	0.0708446866485
mfw-	0.177702871411	0.213882646692	0.544369538077	0.0640449438202
ber-	0.0	0.716981132075	0.283018867925	0.0
ālī-	0.677989654906	0.179186288891	0.0810623021693	0.0617617540338
āgị-	0.763736263736	0.0796703296703	0.0214285714286	0.135164835165
lwị-	0.146696525153	0.685585481564	0.0940542314377	0.0736637618452
kēn-	0.133151781478	0.401745373522	0.0548781745786	0.410224670422
mụg-	0.489964990121	0.252833720406	0.112482235086	0.144719054387
ābạ-	0.725663716814	0.194690265487	0.0	0.0796460176991
abw-	0.470066518847	0.168514412417	0.268292682927	0.0931263858093
isi-	0.196721311475	0.0864895421142	0.00169587337479	0.715093273036
nụm-	0.29389632107	0.163043478261	0.0940635451505	0.448996655518
bat-	0.286158409252	0.372483246344	0.103001253282	0.238357091122
fịg-	0.0467367718244	0.626105825405	0.307127357703	0.0200300450676
jen-	0.349522292994	0.562898089172	0.0477707006369	0.0398089171974
abe-	0.12251030425	0.255393299685	0.0328606161474	0.589235779918
tịb-	0.0	0.947194719472	0.0	0.052805280528
tam-	0.0	1.0	0.0	0.0
imi-	0.1640625	0.765625	0.046875	0.0234375
alā-	0.688545688546	0.311454311454	0.0	0.0
jan-	0.0283565767503	0.0605077491122	0.0129441922815	0.898191481856
lag-	0.11052631579	0.88947368421	0.0	0.0
kig-	0.21646677761	0.609467153797	0.136574915358	0.0374911532355
lwē-	0.156950672646	0.421524663677	0.0807174887891	0.340807174888
ifụ-	0.0108303249097	0.938628158845	0.0505415162455	0.0
fel-	0.0	0.989830508475	0.0	0.0101694915254
nto-	0.848780487805	0.0926829268293	0.0585365853659	0.0
īnj-	0.0624842280811	0.626575820414	0.163150214498	0.147789737007
sịp-	0.375490813043	0.301569715395	0.240420836177	0.0825186353846
mmb-	0.127668354216	0.617743640001	0.172738530249	0.0818494755348
apị-	0.40192926045	0.588424437299	0.00964630225081	0.0
kwi-	0.196553911638	0.134487486443	0.0740786215647	0.594879980355
gūm-	0.415580654503	0.141809054928	0.414454419667	0.0281558709013
mol-	0.0	0.986111111111	0.0138888888889	0.0
elo-	0.0	0.974683544304	0.0	0.0253164556962
ịpī-	0.799043062201	0.143540669856	0.0287081339713	0.0287081339713
naj-	0.0785010495652	0.283112710449	0.0103885533136	0.627997686673
sōn-	0.0376734963648	0.81758096497	0.0158625247852	0.12888301388
ajī-	0.377996893361	0.153305868846	0.0445735125278	0.424123725265
jon-	0.0105400236031	0.9079884426	0.00341838603345	0.0780531477638
njī-	0.426356589147	0.34772978959	0.0863787375415	0.139534883721
syā-	0.525944993903	0.3261075735	0.00474190489093	0.143205527706
nuị-	0.0	1.0	0.0	0.0
mīf-	0.280701754386	0.59649122807	0.122807017544	0.0
gūs-	0.296819787986	0.351590106007	0.303886925795	0.047703180212
unn-	0.075854389896	0.626675493526	0.200975124838	0.0964949917397
nij-	0.142936548657	0.557166068069	0.0335214639986	0.266375919275
mah-	0.0476318389823	0.394303366367	0.286942256588	0.271122538062
ātụ-	0.627669748167	0.0924450111571	0.0474976091807	0.232387631495
tum-	0.617203526289	0.119471791893	0.0270133154911	0.236311366327
eno-	0.00773195876289	0.992268041237	0.0	0.0
ufụ-	0.548148148148	0.244444444444	0.0	0.207407407407
tōk-	0.992481203008	0.00751879699247	0.0	0.0
ịlū-	0.237295625276	0.720282810429	0.0	0.0424215642952
seg-	0.382513661202	0.420765027322	0.0	0.196721311475
agụ-	0.544978296662	0.356234096692	0.0449034575662	0.0538841490795
jij-	0.113535868119	0.148209098324	0.0296217856069	0.70863324795
nug-	0.0932692591609	0.770469778841	0.0342073404789	0.10205362152
ūmē-	0.515805318615	0.14969058371	0.153871884931	0.180632212745
gig-	0.159137577002	0.819644079398	0.0102669404517	0.0109514031485
tus-	0.472205579033	0.251931346402	0.108248187954	0.167614886611
ākō-	0.474137931035	0.215517241379	0.0646551724138	0.245689655172
asū-	0.720144752714	0.240048250905	0.0108564535585	0.0289505428227
oko-	0.365400495458	0.0798363486225	0.0108850686885	0.543878087231
kam-	0.109690939642	0.188834557366	0.0490871674816	0.652387335511
egị-	0.0218037661051	0.965312190287	0.0	0.0128840436075
amḳ-	0.089552238806	0.111940298507	0.776119402985	0.0223880597015
īse-	0.0893140251997	0.827956336714	0.0156644693424	0.0670651687439
nnd-	0.170314405989	0.652944342127	0.0737939199694	0.102947331914
ake-	0.387878787879	0.0727272727273	0.0242424242424	0.515151515151
alf-	0.0	0.950276243094	0.0497237569061	0.0
nīn-	0.374436090226	0.50977443609	0.018045112782	0.0977443609023
ābā-	0.301447023405	0.12984364378	0.00815771583956	0.560551616976
ūnd-	0.908082936024	0.0520013305245	0.0099789333629	0.0299368000887
bak-	0.329832532904	0.368958376701	0.104491537407	0.196717552988
mmā-	0.261471230881	0.639657683904	0.00273124544793	0.0961398397669
epa-	0.0	1.0	0.0	0.0
bwa-	0.0901649062432	0.0569408441425	0.0195924706513	0.833301778963
alī-	0.762729322362	0.123281870515	0.0478958993785	0.0660929077446
ị̄k-	0.776119402985	0.132402503611	0.0144439094848	0.0770341839191
nis-	0.208429302581	0.22229267644	0.103807395781	0.465470625197
āt'-	0.621621621622	0.0540540540541	0.162162162162	0.162162162162
nsu-	0.637362637363	0.362637362637	0.0	0.0
mel-	0.0749219562955	0.923517169615	0.0	0.00156087408949
bēn-	0.269043857129	0.145456286508	0.0450062242651	0.540493632098
nēn-	0.561611374408	0.317535545024	0.0142180094787	0.10663507109
fik-	0.338068366089	0.290912628916	0.132970097944	0.238048907051
ndī-	0.100840336135	0.735294117647	0.0	0.163865546218
īkā-	0.367346938776	0.0816326530612	0.0612244897959	0.489795918367
īfụ-	0.186228742914	0.578581749472	0.148216072024	0.0869734355896
umb-	0.423435789942	0.370522547256	0.0389545344933	0.167087128309
ulī-	0.355936746181	0.542749932994	0.0209059233449	0.0804073974806
bōb-	0.310242243944	0.511262218444	0.0	0.178495537612
āsu-	0.801470588235	0.0882352941176	0.0441176470588	0.0661764705882
būk-	0.452806390582	0.469833928947	0.0	0.0773596804708
lōs-	0.168955223881	0.107728026534	0.115290215589	0.608026533997
īmm-	0.0156657963446	0.819843342037	0.164490861619	0.0
abē-	0.0530798564963	0.0287897740599	0.00984198959338	0.90828837985
ump-	0.117894680098	0.7481193906	0.103730607306	0.0302553219959
and-	0.052863786319	0.936404467586	0.0107317460948	0.0
mịa-	0.00643431635389	0.0	0.114745308311	0.878820375335
sok-	0.28713298791	0.434369602763	0.200777202073	0.0777202072539
lum-	0.121199124404	0.22371693295	0.0812982238967	0.57378571875
fịp-	0.137805411182	0.727352212561	0.0513430805849	0.083499295672
bae-	0.0557990345528	0.303131351626	0.00444613821138	0.63662347561
atw-	0.529782717283	0.266421078921	0.0808566433566	0.12293956044
nān-	0.461008186127	0.212085308057	0.21327014218	0.113636363636
mes-	0.0431708224786	0.908820245627	0.0100483810942	0.0379605508001
nsā-	0.753968253968	0.230158730159	0.015873015873	0.0
fịf-	0.204967605178	0.233901390403	0.249817367457	0.311313636962
tịm-	0.0015620932049	0.995313720385	0.0	0.00312418640979
ome-	0.0	1.0	0.0	0.0
āma-	0.413701067616	0.483985765124	0.016681494662	0.0856316725979
nsi-	0.0	1.0	0.0	0.0
asṃ-	0.646551724138	0.103448275862	0.146551724138	0.103448275862
jāb-	0.134788189987	0.711168164313	0.0770218228498	0.0770218228498
jai-	0.131428571429	0.845714285714	0.0114285714286	0.0114285714286
tal-	0.0311311369887	0.908724910761	0.0446954181052	0.0154485341448
umị-	0.089058524173	0.198473282443	0.59796437659	0.114503816794
450-	0.272727272727	0.454545454545	0.0681818181818	0.204545454545
nem-	0.139896373057	0.152849740933	0.0	0.70725388601
mụ̄-	0.12766545175	0.373975272453	0.0556167098274	0.44274256597
mmī-	0.0478568456097	0.771535580524	0.00249687890138	0.178110694965
ịke-	0.251369642282	0.720270705769	0.0	0.0283596519497
kūn-	0.207917341248	0.259196797985	0.118355369671	0.414530491096
jāl-	0.19397993311	0.745819397993	0.0401337792642	0.0200668896321
nga-	0.320063493871	0.318642161841	0.0614023364545	0.299892007833
kij-	0.329061309318	0.429049763307	0.092368086826	0.14952084055
ạ̄l-	0.600760456274	0.38783269962	0.0114068441065	0.0
beg-	0.0	0.946428571429	0.0	0.0535714285714
mpa-	0.191139921224	0.0602008633344	0.0440387773789	0.704620438062
pin-	0.358288770053	0.561497326203	0.0	0.0802139037433
ājē-	0.75131524502	0.191937104688	0.0212803688597	0.0354672814329
pās-	0.138535041766	0.363822670163	0.0084092763662	0.489233011704
abā-	0.0613029052185	0.57526261872	0.0472647442015	0.31616973186
til-	0.0	1.0	0.0	0.0
imị-	0.0834869601553	0.686735304204	0.163263466781	0.0665142688592
ājị-	0.349206349206	0.650793650794	0.0	0.0
ịsī-	0.0285578296049	0.425987624941	0.412660637791	0.132793907663
ābu-	0.685396364642	0.163798465685	0.0732600732601	0.077545096413
nuj-	0.363636363636	0.359165424739	0.125186289121	0.152011922504
mje-	0.043956043956	0.0879120879121	0.736263736264	0.131868131868
mom-	0.125947778945	0.17964935581	0.020574899711	0.673827965534
hal-	0.0408772385154	0.922099662601	0.037023098884	0.0
ūmb-	0.663595863722	0.0945784043456	0.0439683148969	0.197857417036
guk-	0.367306366429	0.354989858963	0.154505231169	0.123198543439
nam-	0.119996914854	0.136646927514	0.0229229281344	0.720433229497
nnā-	0.00710059171597	0.0710059171598	0.737278106509	0.184615384615
jom-	0.099910793934	0.388938447815	0.0240856378234	0.487065120428
ula-	0.496650717703	0.317703349282	0.0344497607655	0.151196172249
fyo-	0.129544094372	0.269926803553	0.011240423796	0.589288678279
amạ-	0.0858123569794	0.897025171625	0.0171624713959	0.0
mbē-	0.679196685207	0.0701407294039	0.0240770465489	0.226585538841
fwa-	0.144692627001	0.825657244515	0.0158134018581	0.0138367266258
nim-	0.192372953259	0.623376071529	0.0963625358676	0.0878884393442
tul-	0.448298089888	0.129247890893	0.0358926687388	0.386561350481
lyi-	0.560317460317	0.338095238095	0.0253968253968	0.0761904761906
nki-	0.0812360729366	0.7495070795	0.0231607605803	0.146096086983
āsị-	0.544731300211	0.238514936432	0.103502066921	0.113251696436
ka'-	0.0909090909091	0.878787878788	0.030303030303	0.0
ape-	0.449708967395	0.258716015023	0.0547275964747	0.236847421107
sịb-	0.429937481145	0.188386191934	0.159771299096	0.221905027825
atē-	0.311881188119	0.148514851485	0.207920792079	0.331683168317
aja-	0.730604946856	0.202840965531	0.0228469255985	0.0437071620145
igī-	0.117302052786	0.772727272727	0.0953079178886	0.0146627565983
lwe-	0.0795176796481	0.116017598175	0.186573244256	0.617891477921
utē-	0.202247191011	0.797752808989	0.0	0.0
āho-	0.461538461538	0.0	0.365384615385	0.173076923077
āby-	0.544262295082	0.35737704918	0.0590163934426	0.0393442622951
fụ̄-	0.587301587302	0.031746031746	0.0952380952381	0.285714285714
mōj-	0.585365853659	0.246951219512	0.0945121951219	0.0731707317073
jol-	0.0038535645472	0.996146435453	0.0	0.0
nị̄-	0.313915465665	0.54075330023	0.0690323361996	0.0762988979048
kan-	0.0373677773338	0.0543924028526	0.0164876032437	0.89175221657
agi-	0.899082568807	0.0	0.0183486238532	0.0825688073395
ābo-	0.501415458523	0.429784678734	0.0319121557862	0.0368877069572
āku-	0.781383955909	0.171769748928	0.0150030618494	0.0318432333129
jig-	0.186170212766	0.614361702128	0.0	0.199468085106
nju-	0.0185471406491	0.958268933539	0.0139103554869	0.00927357032458
ēga-	0.461538461538	0.5	0.0384615384615	0.0
uka-	0.417205012602	0.19720461618	0.07223415723	0.313356213989
pon-	0.0	0.997584541063	0.0	0.0024154589372
100-	0.618595825427	0.324478178368	0.0	0.0569259962049
mbā-	0.162508311891	0.560958686288	0.0375842030704	0.238948798751
alw-	0.696507760532	0.160220876684	0.0537267610438	0.0895446017397
fya-	0.0878395668558	0.0949264636116	0.0260565587317	0.791177410801
ken-	0.0636182902584	0.876739562624	0.0238568588469	0.0357852882704
lụk-	0.497735042762	0.243547358226	0.0963349564841	0.162382642528
ntụ-	0.328263624842	0.0728770595691	0.554499366286	0.0443599493029
bub-	0.179739052994	0.201842294445	0.303340164594	0.315078487967
afw-	0.365376376414	0.145131346537	0.245837874403	0.243654402646
bob-	0.271016311167	0.442910915935	0.100376411543	0.185696361355
nīm-	0.769578313253	0.085843373494	0.0632530120482	0.0813253012048
mḅō-	0.0609756097561	0.579268292683	0.335365853658	0.0243902439024
ukī-	0.413716814159	0.236725663717	0.199115044248	0.150442477876
ala-	0.491228070175	0.427875243665	0.025828460039	0.0550682261209
but-	0.085272731064	0.480191363045	0.300998817386	0.133537088505
baj-	0.278575482	0.497432033534	0.134125579998	0.0898669044678
mịp-	0.0305203723485	0.903555623379	0.0384556691592	0.0274683351137
ūng-	0.774940143655	0.1053471668	0.0191540303272	0.100558659218
pom-	0.326167531505	0.211267605634	0.0296515937731	0.432913269088
saj-	0.392098765432	0.357530864198	0.171358024691	0.079012345679
ōta-	0.910179640719	0.0	0.0898203592814	0.0
āgu-	0.524444444444	0.422222222222	0.0533333333333	0.0
uhō-	0.6699669967	0.3300330033	0.0	0.0
ị̄j-	0.482956486099	0.221941389439	0.0922194138944	0.202882710568
apy-	0.1648	0.7392	0.048	0.048
lyu-	0.158333333333	0.1375	0.679166666667	0.025
ịbā-	0.0355469826398	0.686966106365	0.250206668504	0.0272802424911
lug-	0.109804329725	0.716590341382	0.0311892867055	0.142416042187
loị-	0.0	1.0	0.0	0.0
āmp-	0.48322147651	0.261744966443	0.0134228187919	0.241610738255
lōl-	0.0936170212766	0.36170212766	0.544680851064	0.0
fij-	0.256756756757	0.378378378378	0.128378378378	0.236486486487
nēm-	0.687203791469	0.085308056872	0.0	0.227488151659
mbw-	0.108685501846	0.640281558616	0.102148690435	0.148884249104
bit-	0.531107738998	0.0743550834598	0.0	0.394537177542
njụ-	0.023516237402	0.917357222844	0.0483762597985	0.0107502799552
ngī-	0.484669004447	0.156805935683	0.0425932261375	0.315931833732
utu-	0.282152795981	0.389637085438	0.0905079391381	0.237702179443
pān-	0.0801757419665	0.134496936009	0.0742619516553	0.711065370369
bōs-	0.0331158907675	0.110897058585	0.0127576505403	0.843229400107
ịkẉ-	0.75	0.125	0.0	0.125
abu-	0.621036036036	0.268603603604	0.0441441441441	0.0662162162161
ūle-	0.808917197452	0.178343949045	0.0	0.0127388535032
bet-	0.00774027090948	0.985164480757	0.0	0.00709524833369
sal-	0.0257013007366	0.923836389281	0.0293057514496	0.0211565585331
bop-	0.0995608000847	0.0449783045825	0.0583659646524	0.79709493068
end-	0.241666666667	0.758333333333	0.0	0.0
ōgị-	0.55	0.425	0.0	0.025
mbe-	0.0147533102497	0.903266554168	0.0635287660355	0.0184513695471
emw-	0.456747404844	0.259515570934	0.0415224913495	0.242214532872
mịb-	0.0791666666667	0.311111111111	0.0354166666667	0.574305555556
ubū-	0.218522505774	0.641904228932	0.0345731941553	0.105000071138
ūny-	0.657559198543	0.291438979964	0.0291438979964	0.0218579234973
ket-	0.424141523965	0.43949895805	0.0116275557972	0.124731962188
sul-	0.0	1.0	0.0	0.0
gīs-	0.141843971631	0.77304964539	0.0	0.0851063829787
kus-	0.32962345407	0.473379887295	0.119325951941	0.0776707066944
mbī-	0.368460042597	0.449115658857	0.0212982683582	0.161126030188
ujū-	0.0363261139489	0.0644394546365	0.24852120897	0.650713222445
ugo-	0.298882681564	0.537709497207	0.0293296089386	0.13407821229
jūb-	0.0435082872928	0.767955801105	0.00414364640885	0.184392265193
mun-	0.479548660085	0.301577125272	0.10026926529	0.118604949352
nel-	0.0	1.0	0.0	0.0
bụk-	0.302350410434	0.459628403978	0.129187750089	0.108833435499
kik-	0.179121157099	0.324672998986	0.0601565416594	0.436049302256
īnd-	0.209493659877	0.614983214764	0.0828245580469	0.092698567312
saf-	0.0	1.0	0.0	0.0
ịlō-	0.0952885124404	0.777660137639	0.127051349921	0.0
ija-	0.268378174557	0.0932584150318	0.0434427013075	0.594920709104
īnọ-	0.333333333333	0.108108108108	0.45045045045	0.108108108108
mmw-	0.240211242708	0.659442946792	0.0330619144423	0.067283896058
ịnd-	0.0	1.0	0.0	0.0
iny-	0.224336035444	0.601467091864	0.125915918109	0.0482809545834
ālā-	0.551737183934	0.322151459739	0.0397250772432	0.0863862790844
ịkō-	0.580865603645	0.194810339705	0.0391205308508	0.1852035258
ela-	0.0	1.0	0.0	0.0
ugā-	0.13986013986	0.020979020979	0.0	0.839160839161
tịk-	0.0121918179355	0.987808182064	0.0	0.0
jīm-	0.52528227786	0.241531664212	0.144820814924	0.0883652430043
fen-	0.0574712643678	0.908045977012	0.0	0.0344827586206
fịk-	0.309043144937	0.080267875057	0.0306277978189	0.580061182187
gul-	0.416832628188	0.290480080029	0.140830205303	0.15185708648
nal-	0.195919809811	0.173540329812	0.141543462355	0.488996398023
lek-	0.708423326134	0.181425485961	0.0194384449244	0.0907127429806
kes-	0.0405405405405	0.951445631678	0.0061282212445	0.00188560653677
īkị-	0.317394888706	0.59604286892	0.0618301731245	0.0247320692498
ain-	0.638888888889	0.138888888889	0.166666666667	0.0555555555556
kyo-	0.14201765435	0.0635365908738	0.234956416137	0.559489338639
nūl-	0.865168539326	0.0973782771535	0.0224719101123	0.0149812734082
job-	0.229166666667	0.561011904762	0.0714285714286	0.138392857143
nyụ-	0.0664030340248	0.753418001701	0.00202448274466	0.17815448153
nil-	0.29853470303	0.351306252281	0.0484955936799	0.301663451009
mon-	0.0982142857143	0.125	0.0	0.776785714286
mmị-	0.126029327461	0.733821410011	0.0763564084843	0.0637928540431
nkē-	0.125450612833	0.712328767123	0.0237923576063	0.138428262437
man-	0.16743781949	0.309336673873	0.105388640818	0.417836865819
tōn-	0.244565217391	0.532608695652	0.0163043478261	0.20652173913
ubē-	0.429622815087	0.542778288868	0.0275988960442	0.0
ujụ-	0.24115755627	0.662379421222	0.0	0.0964630225081
amị-	0.00295014259023	0.940013767332	0.048185662307	0.00885042777068
hāf-	0.015325670498	0.869731800766	0.0459770114943	0.0689655172414
nkā-	0.0554458958948	0.431912439841	0.0173065123053	0.495335151959
mib-	0.263736263736	0.582417582418	0.065934065934	0.0879120879121
jīn-	0.0255580718214	0.118084762213	0.00582335813652	0.850533807829
līj-	0.357142857143	0.041095890411	0.0880626223091	0.513698630137
īsē-	0.0	1.0	0.0	0.0
his-	0.0716845878136	0.928315412186	0.0	0.0
lụt-	0.444976076555	0.296650717703	0.172248803828	0.0861244019139
nịn-	0.255223737655	0.266626104886	0.0165627271037	0.461587430355
mop-	0.0955043093408	0.0501979967389	0.0378523177266	0.816445376194
kāt-	0.251308900524	0.685863874345	0.0	0.0628272251309
mōk-	0.577586206897	0.051724137931	0.0	0.370689655172
gag-	0.0973730740086	0.121874210659	0.0169234655216	0.763829249811
jit-	0.384375080349	0.388308950197	0.168282210166	0.0590337592883
jif-	0.223937488088	0.366304554984	0.181055841433	0.228702115495
ịti-	0.466819221968	0.219679633867	0.217391304348	0.0961098398169
300-	0.2	0.58	0.153333333333	0.0666666666667
ng'-	0.0653656688139	0.874384236453	0.0102311481622	0.0500189465707
gāj-	0.510152920532	0.283780396089	0.0180496365003	0.188017046879
mw'-	0.0399185973701	0.493973074515	0.0140889167188	0.452019411396
gis-	0.464763061969	0.0613608748481	0.264277035237	0.209599027947
jop-	0.137294841789	0.0844974849882	0.0220398182431	0.756167854979
nīl-	0.201729106628	0.385206532181	0.374639769453	0.0384245917387
boa-	0.0331753554502	0.96682464455	0.0	0.0
mīs-	0.0140296180826	0.921667965705	0.00467653936088	0.0596258768511
ant-	0.364694210866	0.514079686695	0.0854420371791	0.0357840652604
twi-	0.261778162483	0.197230122419	0.238036354643	0.302955360455
pol-	0.0	1.0	0.0	0.0
