jer-	0.0145270484526	0.975504185693	0.000872019279557	0.00909674657534
kud-	0.117396821942	0.162789109814	0.00760041870324	0.712213649541
ig--	0.0	0.921568627451	0.078431372549	0.0
ris-	0.264031226906	0.569532494076	0.124599005956	0.041837273062
omo-	0.719660837308	0.232997703586	0.0	0.0473414591061
oyy-	0.1264086277	0.0741873853657	0.0199742412197	0.779429745714
gin-	0.385922868957	0.382965939891	0.0892885143659	0.141822676786
lur-	0.912621359223	0.0291262135922	0.0582524271844	0.0
fig-	0.0	1.0	0.0	0.0
del-	0.847651775487	0.106529209622	0.0	0.0458190148912
son-	0.501013469221	0.392103657345	0.0642271433459	0.0426557300878
mou-	0.115956392468	0.571853320119	0.205153617443	0.10703666997
dok-	0.252586296527	0.251871490954	0.199755666459	0.295786546059
maa-	0.0571877607312	0.450185096226	0.0515100899668	0.441117053076
jac-	0.0	0.997506234414	0.00249376558604	0.0
kih-	0.957142857143	0.0428571428571	0.0	0.0
tut-	0.714285714286	0.125	0.142857142857	0.0178571428571
pao-	0.062082139446	0.783190066858	0.0515759312321	0.103151862464
unn-	0.122067053136	0.135127186019	0.3873162936	0.355489467245
esr-	0.0	1.0	0.0	0.0
jus-	0.0379746835443	0.936708860759	0.0253164556962	0.0
ta--	0.758892169268	0.173344580346	0.023337550963	0.0444256994236
tum-	0.697281463456	0.169081621336	0.0420469595057	0.0915899557022
eno-	0.304578633046	0.5799601858	0.085600530856	0.0298606502985
bov-	0.550076199536	0.377678505306	0.0371551753439	0.0350901198147
ruw-	0.285686606927	0.154633083071	0.098619520465	0.461060789537
lis-	0.121764850875	0.845205817106	0.0241557801331	0.00887355188563
bo‑-	0.0	1.0	0.0	0.0
tah-	0.544521312207	0.350591385851	0.0786654764562	0.0262218254854
ana-	0.0259840020984	0.945570600021	0.0111945497999	0.0172508480808
puh-	0.345663962814	0.478262850893	0.0421527524608	0.133920433832
sak-	0.331511572351	0.471088218863	0.0432212668253	0.154178941961
gow-	0.350087547636	0.0149963950973	0.420784838809	0.214131218457
pid-	0.0151515151515	0.689393939394	0.280303030303	0.0151515151515
uwa-	0.205802357208	0.679963735268	0.0924750679964	0.0217588395286
seg-	0.0	0.967741935484	0.0322580645161	0.0
euf-	0.0	1.0	0.0	0.0
der-	0.0228310502283	0.977168949772	0.0	0.0
kat-	0.161825726141	0.813278008299	0.0	0.0248962655601
bao-	0.0617395791074	0.909696757244	0.00673522681172	0.0218284368366
abi-	0.017605346809	0.955986632977	0.0205395712772	0.00586844893634
ayu-	0.350192743254	0.100871469499	0.0574479893204	0.491487797927
mil-	0.0573065902579	0.880611270296	0.0286532951289	0.0334288443171
dis-	0.0056876642247	0.719194689796	0.0244040686506	0.250713577329
tib-	0.519093078759	0.316825775656	0.00119331742243	0.162887828162
gan-	0.192256513208	0.800008221081	0.00281282389478	0.00492244181586
imm-	0.351982576754	0.36950430828	0.0539796896342	0.224533425331
sog-	0.111888111888	0.83682983683	0.051282051282	0.0
ari-	0.0270171595472	0.784958013874	0.156991602775	0.0310332238043
amm-	0.793024067785	0.18124927957	0.00617439663482	0.0195522560103
ini-	0.128947689038	0.0948521428155	0.0218163995577	0.754383768589
bay-	0.399487490728	0.393485737407	0.0218041225527	0.185222649313
mig-	0.0487804878049	0.951219512195	0.0	0.0
tus-	0.0	1.0	0.0	0.0
som-	0.595688454933	0.338909010933	0.0312519034294	0.0341506307041
mar-	0.00574692983956	0.861286901789	0.0	0.132966168371
fes-	0.0518147684605	0.93266583229	0.00150187734669	0.0140175219023
uli-	0.477509920174	0.326552130227	0.0305581983571	0.165379751241
suu-	0.0720600053576	0.801901955532	0.105411197428	0.0206268416823
kun-	0.364501434485	0.213760101618	0.0472503887344	0.374488075163
onu-	0.00705289672544	0.992947103275	0.0	0.0
nor-	0.822212853209	0.0920101185348	0.02647925943	0.0592977688267
ti--	0.491732555221	0.345365838353	0.0836157128514	0.0792858935744
sug-	0.80266380649	0.105767845422	0.0291353834825	0.0624329646053
has-	0.0449438202247	0.87265917603	0.0823970037453	0.0
ong-	0.678985398448	0.179927623417	0.0241014955307	0.116985482605
dah-	0.060195903829	0.918907687741	0.00926090828139	0.0116355001484
her-	0.019140280625	0.925520728223	0.0508778824604	0.00446110869172
mul-	0.58431911967	0.41568088033	0.0	0.0
ate-	0.0	1.0	0.0	0.0
euo-	0.0833333333334	0.916666666667	0.0	0.0
kam-	0.0753738733937	0.905939823095	0.00252885316139	0.0161574503504
eru-	0.0292897548712	0.87793840352	0.0610936517913	0.0316781898177
sin-	0.376194320978	0.5189575492	0.0609772120732	0.0438709177485
bod-	0.588191881919	0.343634686347	0.00867158671587	0.0595018450184
aal-	0.114023591088	0.4875491481	0.288335517693	0.110091743119
dor-	0.376908503288	0.425164382035	0.157583862699	0.0403432519781
tag-	0.205779334501	0.674255691769	0.0831873905429	0.0367775831874
pat-	0.489735327613	0.255000457054	0.205033974352	0.0502302409818
kov-	0.300419982063	0.460585227833	0.171999530926	0.0669952591785
roy-	0.0466056652145	0.0249077683056	0.0154032140401	0.91308335244
agg-	0.42633744856	0.562139917696	0.00164609053498	0.00987654320989
jor-	0.0338164251208	0.966183574879	0.0	0.0
noy-	0.0625	0.625	0.270833333333	0.0416666666667
lom-	0.238608947892	0.418863001626	0.0390792607571	0.303448789725
gen-	0.213087248322	0.509228187919	0.152684563758	0.125
saw-	0.0679918559794	0.862408915559	0.0474174882126	0.0221817402486
ake-	0.0	1.0	0.0	0.0
naa-	0.346062856315	0.227288221738	0.340061766321	0.0865871556262
jam-	0.139461172742	0.768621236133	0.0285261489699	0.0633914421553
aaw-	0.328912466843	0.246684350133	0.334217506631	0.0901856763925
uzi-	0.0	1.0	0.0	0.0
kid-	0.0937484653538	0.0640377154644	0.0127191474734	0.829494671708
nig-	0.164389905071	0.807825885622	0.0138921046539	0.0138921046539
por-	0.543444926335	0.133952455839	0.0673837671394	0.255218850687
alf-	0.0	1.0	0.0	0.0
pas-	0.18315018315	0.677655677656	0.117216117216	0.021978021978
cos-	0.0	1.0	0.0	0.0
noe-	0.0	1.0	0.0	0.0
hor-	0.132489765538	0.800521027168	0.0535913658355	0.0133978414589
nai-	0.0327868852459	0.819672131148	0.0	0.147540983607
bak-	0.339437709569	0.635800876967	0.024761413464	0.0
oor-	0.90625	0.0	0.0	0.09375
ped-	0.0179953361396	0.969532320287	0.00268686124849	0.00978548232476
say-	0.674779798822	0.22254651587	0.0604576015011	0.0422160838067
dih-	0.61369193154	0.364303178484	0.0	0.0220048899755
ka‑-	0.253256523128	0.183960930929	0.0277447164314	0.535037829512
oro-	0.560344827586	0.23275862069	0.051724137931	0.155172413793
sap-	0.145490535692	0.722009155017	0.0545589508845	0.0779413584065
asi-	0.00105745505816	0.995065209729	0.00105745505816	0.00281988015509
gun-	0.0206896551724	0.979310344828	0.0	0.0
nan-	0.551414019763	0.0459500373403	0.0195103059442	0.383125636953
oto-	0.0226982039596	0.0814433175406	0.0450361189674	0.850822359532
ebb-	0.235089078234	0.217208882004	0.5283372063	0.0193648334624
uva-	0.383650666971	0.224147759662	0.230304412268	0.161897161099
lin-	0.44695176614	0.462000051601	0.0442793952116	0.0467687870476
153-	0.257142857143	0.0571428571429	0.0571428571429	0.628571428571
mah-	0.149987761269	0.198455950415	0.569767801727	0.0817884865895
ruk-	0.272727272727	0.688311688312	0.0389610389611	0.0
ass-	0.0412659766311	0.948417529211	0.0103164941578	0.0
dao-	0.150137408997	0.272069813413	0.0414637674172	0.536329010173
amu-	0.0391117571131	0.937566046979	0.012602677292	0.0107195186162
tol-	0.15516795619	0.656296687032	0.14201533547	0.0465200213079
mel-	0.0370258880193	0.757977122215	0.204093919326	0.000903070439492
kri-	0.100702009199	0.714354877754	0.168966351973	0.0159767610748
do--	0.345388788427	0.654611211573	0.0	0.0
onn-	0.488370850413	0.20800033586	0.00841558084683	0.295213232881
mir-	0.0151898734177	0.977215189873	0.00759493670886	0.0
isa-	0.224587032088	0.670047291089	0.00983780752178	0.0955278693003
le--	0.0105979345497	0.185725362096	0.683566778457	0.120109924897
mus-	0.0707880628173	0.192627034208	0.033211557622	0.703373345353
eut-	0.137931034483	0.689655172414	0.155172413793	0.0172413793103
pud-	0.0	1.0	0.0	0.0
dio-	0.126050420168	0.857142857143	0.0168067226891	0.0
bab-	0.0235439900867	0.9541511772	0.00371747211896	0.0185873605948
ita-	0.00862068965517	0.974137931034	0.0172413793103	0.0
ook-	0.376862401402	0.360210341805	0.210341805434	0.0525854513585
tuh-	0.509357200976	0.345646867372	0.0961757526444	0.0488201790073
mum-	0.0	1.0	0.0	0.0
siy-	0.304897135262	0.112408793888	0.0073942582778	0.575299812572
tok-	0.164688123838	0.800658062529	0.00594065376568	0.0287131598675
udd-	0.252100840336	0.495798319328	0.201680672269	0.0504201680672
moh-	0.301915851106	0.322269486444	0.119848611724	0.255966050726
ibp-	0.0635945602192	0.450347324137	0.00508756481753	0.480970550827
sor-	0.596384230015	0.190263559138	0.104334567632	0.109017643215
moi-	0.0446664816886	0.876956214548	0.0581822758595	0.020195027904
doo-	0.427293246227	0.417336092752	0.105079955112	0.050290705908
kom-	0.297508703712	0.43884794502	0.137439526156	0.126203825112
ivu-	0.701971051722	0.132045645408	0.16598330287	0.0
ora-	0.360175239211	0.129905712044	0.205748855915	0.304170192829
cor-	0.0730543983578	0.876471653686	0.0245124675482	0.0259614804081
kod-	0.259791403466	0.3912484317	0.0549512751486	0.294008889686
ali-	0.700845665962	0.196617336152	0.0380549682875	0.0644820295984
jud-	0.0245044614955	0.844149175071	0.096896583132	0.0344497803016
non-	0.491166542212	0.401575134096	0.0492580064489	0.0580003172435
uba-	0.0199462761139	0.966240211902	0.0	0.0138135119844
sou-	0.0851490107689	0.8885549712	0.015026296018	0.0112697220135
wor-	0.165938696581	0.158607685055	0.286201920302	0.389251698063
dod-	0.416098669263	0.302953586498	0.151898734177	0.129049010062
so‑-	0.100779844031	0.0848830233954	0.626274745051	0.188062387522
pou-	0.485880398671	0.3073089701	0.0996677740863	0.107142857143
mal-	0.144763628138	0.807735806379	0.033928975345	0.013571590138
umb-	0.83606557377	0.0327868852459	0.131147540984	0.0
sab-	0.102292147802	0.83498153515	0.0540411346876	0.00868518236051
nin-	0.0	1.0	0.0	0.0
gog-	0.109764789736	0.794012829651	0.0534568781183	0.0427655024946
toy-	0.825611660593	0.138469547111	0.014055179594	0.0218636127017
nuw-	0.0	0.0212765957447	0.414893617021	0.563829787234
lov-	0.0508350424846	0.924553179021	0.0118663932025	0.0127453852915
tuw-	0.586262626263	0.284444444444	0.0387878787879	0.090505050505
sir-	0.059145480226	0.876942090395	0.00635593220339	0.0575564971751
lyd-	0.0241935483871	0.975806451613	0.0	0.0
mo--	0.0532998849273	0.197802571723	0.708208296095	0.0406892472546
lim-	0.197888137153	0.0865139318799	0.016003186083	0.699594744884
ova-	0.529523809524	0.361904761905	0.0228571428571	0.0857142857143
ump-	0.131277023023	0.757509987023	0.0680872639884	0.0431257259654
and-	0.00778210116732	0.98962386511	0.00259403372244	0.0
apa-	0.0	1.0	0.0	0.0
ALL	0.216927614061	0.289972555009	0.0538236897149	0.439276141215
san-	0.249483784769	0.705656099437	0.0072877444431	0.0375723713511
dud-	0.298482293423	0.191399662732	0.0101180438449	0.5
puk-	0.0433755636676	0.872879536182	0.0837449001503	0.0
oil-	0.48401410191	0.321481254272	0.0891384384125	0.105366205405
cil-	0.0	1.0	0.0	0.0
per-	0.00942383707233	0.986387790896	0.00104709300803	0.00314127902411
ger-	0.0129032258065	0.98064516129	0.0	0.00645161290323
sok-	0.0365811553225	0.137599905526	0.0884653692781	0.737353569873
cal-	0.0425531914894	0.957446808511	0.0	0.0
mor-	0.115178601712	0.278878357071	0.391211367753	0.214731673463
liv-	0.386412416684	0.41540521091	0.0117844112665	0.18639796114
sob-	0.0902677097271	0.877903791467	0.012835755256	0.0189927435495
gaa-	0.106397211871	0.868270118636	0.0253326694931	0.0
lid-	0.0	1.0	0.0	0.0
div-	0.324300699301	0.389423076923	0.148601398601	0.137674825175
gas-	0.0747330960854	0.782918149466	0.106761565836	0.0355871886121
ata-	0.0923710506093	0.0884730934098	0.021544114792	0.797611741189
omp-	0.518292682927	0.417682926829	0.0	0.0640243902438
far-	0.0	1.0	0.0	0.0
dap-	0.624113475177	0.375886524823	0.0	0.0
ins-	0.0233009708738	0.966601941748	0.0100970873786	0.0
rud-	0.337463556851	0.370262390671	0.0131195335277	0.27915451895
baw-	0.117614561925	0.876650596305	0.00271650399655	0.00301833777395
oka-	0.662551440329	0.197119341564	0.0724279835391	0.0679012345679
isc-	0.0	1.0	0.0	0.0
loh-	0.728457700468	0.114321306455	0.00785066860447	0.149370324473
lum-	0.697711193696	0.278458967803	0.0099290993752	0.0139007391253
waa-	0.191097902611	0.0702009554782	0.0483870695629	0.690314072348
mes-	0.0250820868296	0.940715067494	0.000273622765414	0.0339292229113
num-	0.196581196581	0.75641025641	0.034188034188	0.0128205128205
ibm-	0.0816326530612	0.755102040816	0.0	0.163265306122
adi-	0.154929577465	0.411971830986	0.274647887324	0.158450704225
bin-	0.288422580863	0.672285434533	0.0149824431089	0.024309541495
uki-	0.121415484774	0.0653816266202	0.0102566211566	0.802946267449
kur-	0.0957157185844	0.851554663992	0.0510101733773	0.00171944404642
riy-	0.0189912292635	0.00721351154376	0.00318997966261	0.97060527953
iku-	0.55243845991	0.274004879944	0.0721873451758	0.10136931497
nou-	0.236687164726	0.209472720136	0.266583802172	0.287256312966
tek-	0.0	0.0	0.0	1.0
saa-	0.0829046681385	0.706891283835	0.109153902913	0.101050145114
cau-	0.027027027027	0.972972972973	0.0	0.0
jai-	0.0439381611066	0.93409275834	0.0146460537022	0.00732302685112
de‑-	0.134646998314	0.0846048141793	0.00881651192661	0.77193167558
tal-	0.629948364888	0.282702237521	0.0477624784854	0.039586919105
gid-	0.0	1.0	0.0	0.0
osg-	0.535483870968	0.251612903226	0.058064516129	0.154838709677
paa-	0.314573618104	0.608375697704	0.0332093723421	0.0438413118489
ami-	0.270228053733	0.567322711653	0.0693533270853	0.0930959075289
kos-	0.476348481725	0.117746240774	0.033110284319	0.372794993181
lem-	0.501453262652	0.404942128319	0.0687707331637	0.0248338758647
rod-	0.0114613180515	0.954154727794	0.0343839541547	0.0
se‑-	0.293194850157	0.584550470627	0.102780482527	0.0194741966894
kab-	0.219623502567	0.763262977752	0.0171135196805	0.0
sud-	0.0344018739101	0.823165977401	0.115092448081	0.0273397006074
uhi-	0.0054700383713	0.818933626149	0.168748657815	0.00684767766482
pon-	0.419024900285	0.420207817978	0.0704624201096	0.0903048616277
ged-	0.534270182947	0.325498380749	0.0799666868184	0.0602647494864
sik-	0.0340856790239	0.0375080404568	0.00450278280316	0.923903497716
lo‑-	0.553191489362	0.0425531914894	0.404255319149	0.0
nga-	0.146885583861	0.818706130663	0.00878613851666	0.0256221469592
ko--	0.283852612176	0.270371549658	0.108355930247	0.337419907919
bog-	0.796559894119	0.0895710784283	0.0204997233684	0.0933693040843
ve‑-	0.60027100271	0.210027100271	0.0325203252032	0.157181571816
pin-	0.238713898504	0.611103599111	0.038735825097	0.111446677288
pog-	0.342004342951	0.42431703919	0.185412839906	0.0482657779527
amp-	0.0869701389279	0.811358239375	0.0688094837419	0.0328621379555
bun-	0.234746027069	0.664030154167	0.0370710038018	0.0641528149625
ili-	0.0571680622546	0.0733657887053	0.0924351509104	0.77703099813
lam-	0.077004547286	0.136522189605	0.475910896218	0.310562366891
nar-	0.0	0.922352941176	0.0776470588235	0.0
gat-	0.0262529832936	0.0976531424026	0.0	0.876093874304
ooy-	0.380407338832	0.280424171015	0.18448072715	0.154687763003
idi-	0.199084668192	0.54004576659	0.192219679634	0.0686498855835
usu-	0.525316455696	0.351265822785	0.0474683544303	0.0759493670886
ray-	0.0	1.0	0.0	0.0
pur-	0.126379286112	0.0965129644711	0.0254052420092	0.751702507408
saf-	0.0473282442748	0.879389312977	0.0	0.0732824427481
upi-	0.378397458525	0.40275326509	0.159548182139	0.0593010942464
sun-	0.0916948049937	0.856184752641	0.0399615873114	0.0121588550541
bob-	0.0884999343229	0.736415780025	0.134857042778	0.040227242874
eub-	0.0967741935484	0.903225806452	0.0	0.0
no‑-	0.527403357714	0.21985841379	0.104687794813	0.148050433683
fle-	0.0	1.0	0.0	0.0
sov-	0.745464611192	0.125500383272	0.113704113789	0.0153308917469
mom-	0.141104818891	0.23363607223	0.0874452398761	0.537813869003
ban-	0.238922966823	0.637884282575	0.0910056426479	0.032187107955
oow-	0.0625	0.8875	0.05	0.0
cus-	0.0	1.0	0.0	0.0
ter-	0.0	0.969543147208	0.0152284263959	0.0152284263959
tiy-	0.621866897148	0.266637856525	0.0337078651685	0.0777873811582
bi--	0.506585612969	0.412360688956	0.0810536980748	0.0
nam-	0.15873015873	0.492063492064	0.31746031746	0.031746031746
los-	0.426179604262	0.27701674277	0.216387620497	0.0804160324709
arq-	0.132653061224	0.816326530612	0.0	0.0510204081632
ale-	0.0	0.869596031184	0.130403968816	0.0
sid-	0.00661157024793	0.942148760331	0.0363636363636	0.0148760330578
bon-	0.14355749068	0.572668642668	0.109829364485	0.173944502167
oli-	0.261874324934	0.639993300611	0.0631656663158	0.0349667081391
soy-	0.302650732929	0.482040691967	0.121872778361	0.0934357967433
luc-	0.00803212851406	0.983935742972	0.0	0.00803212851406
jec-	0.0	1.0	0.0	0.0
dec-	0.0	0.771428571429	0.0	0.228571428571
mov-	0.164714992121	0.306267999783	0.446489702766	0.0825273053307
kon-	0.0727021048001	0.0571180826058	0.0224618155792	0.847717997015
me--	0.310892253418	0.216522122593	0.069087167426	0.403498456563
eli-	0.0247133757962	0.932484076433	0.00076433121019	0.0420382165605
imu-	0.905882352941	0.0529411764706	0.0	0.0411764705882
soo-	0.120550050592	0.766470787823	0.0753194410563	0.0376597205281
col-	0.190909090909	0.740909090909	0.0	0.0681818181818
gov-	0.430327868852	0.545081967213	0.0245901639344	0.0
but-	0.0189988125742	0.10218111368	0.8480719955	0.0307480782451
kas-	0.323853211009	0.430275229358	0.00733944954129	0.238532110092
tuk-	0.0414949970571	0.949676280165	0.0	0.0088287227781
ene-	0.0	1.0	0.0	0.0
pan-	0.459558012273	0.368480245943	0.0996533194148	0.0723084223687
ogg-	0.151509250243	0.767672833496	0.0527750730283	0.0280428432327
bou-	0.49353694639	0.439634199959	0.0422076970425	0.0246211566081
tor-	0.757227925839	0.225152366192	0.0	0.0176197079697
all-	0.0734577669042	0.827153510371	0.0492839328318	0.0501047898925
tul-	0.153306098221	0.485322238376	0.0715321773536	0.28983948605
tiv-	0.103094685139	0.213537224248	0.317524139242	0.365843951371
oru-	0.0226996301148	0.0402558867395	0.0218085289327	0.915235954213
beo-	0.0	1.0	0.0	0.0
ina-	0.159268244512	0.189217631228	0.0393233089356	0.612190815325
baa-	0.315240365157	0.63034582003	0.0265323559833	0.0278814588299
ool-	0.314563106796	0.394174757282	0.233009708738	0.0582524271845
lat-	0.236929185969	0.682329583058	0.0119126406354	0.0688285903375
cip-	0.00462249614792	0.993066255778	0.00231124807396	0.0
ese-	0.0	1.0	0.0	0.0
sao-	0.0357434640523	0.853553921569	0.0386029411765	0.0720996732026
ape-	0.21875	0.78125	0.0	0.0
umu-	0.125536445233	0.833753359136	0.0232005905741	0.0175096050569
ba--	0.0259976602106	0.721494156435	0.0652600356877	0.187248147667
ipo-	0.50890822026	0.366179901724	0.0570718063348	0.0678400716809
dun-	0.688721681525	0.266623047354	0.00687004171096	0.0377852294103
got-	0.064126394052	0.895446096654	0.00697026022305	0.0334572490706
isr-	0.0120064811685	0.974471656545	0.00477927891172	0.0087425833751
und-	0.829858746823	0.0758962920883	0.0157970658728	0.0784478952157
gim-	0.168699186992	0.715447154472	0.0503048780488	0.0655487804878
lab-	0.312835150153	0.112308829037	0.129062035041	0.445793985769
isp-	0.00901807810075	0.954807744162	0.0291334855321	0.00704069220491
tia-	0.0	1.0	0.0	0.0
car-	0.0	1.0	0.0	0.0
ino-	0.260815888663	0.670170319437	0.0273622963482	0.0416514955522
bas-	0.500629722922	0.459382871537	0.00535264483627	0.0346347607053
mid-	0.486382321742	0.0439835335514	0.00170886412483	0.467925280582
teo-	0.333333333333	0.595744680851	0.0141843971631	0.0567375886524
ig‑-	0.04	0.3	0.66	0.0
ked-	0.0	1.0	0.0	0.0
ang-	0.859689164221	0.0703184436474	0.00684708183893	0.0631453102923
pun-	0.475324675325	0.14941249227	0.345825602968	0.0294372294372
rob-	0.203406925922	0.240539429938	0.167731331017	0.388322313123
no--	0.464549153591	0.263963462312	0.120390685194	0.151096698903
ivo-	0.0933852140078	0.575875486381	0.31906614786	0.011673151751
uuw-	0.587428571429	0.292571428571	0.0582857142857	0.0617142857143
day-	0.319756838906	0.672948328268	0.0	0.00729483282676
ma--	0.208590679394	0.701572150477	0.0791690061763	0.0106681639528
lou-	0.458321044588	0.457623937582	0.036276376116	0.0477786417138
666-	0.0	0.0	0.0	1.0
kes-	0.195845697329	0.792284866469	0.0118694362018	0.0
cai-	0.00733496332518	0.986797066015	0.00293398533007	0.00293398533007
sod-	0.0434681363037	0.918135009961	0.00869362726072	0.0297032264742
opp-	0.0550971718277	0.0606143446493	0.0132958894577	0.870992594065
ont-	0.678897257145	0.202265324471	0.0355053132692	0.0833321051158
suv-	0.391631799163	0.342259414226	0.106276150628	0.159832635983
kra-	0.0053704321176	0.972204289251	0.00271004632618	0.0197152323049
har-	0.0694100314739	0.852686443894	0.0164252178248	0.0614783068075
kan-	0.048375990119	0.0461483030584	0.0167492291949	0.888726477628
zab-	0.0	1.0	0.0	0.0
sus-	0.0883977900552	0.861878453039	0.049723756906	0.0
diy-	0.0465978273075	0.014003672016	0.00455693870269	0.934841561974
tih-	0.452350698856	0.499364675985	0.0279542566709	0.0203303684879
dak-	0.143148132097	0.154108520412	0.464392823091	0.2383505244
osi-	0.90508643617	0.0583444148936	0.0182845744681	0.0182845744681
sio-	0.0113636363636	0.985795454545	0.0	0.00284090909091
lob-	0.428070394846	0.379274224793	0.146482560363	0.0461728199978
alp-	0.0728360538467	0.915328087403	0.0118358587501	0.0
luh-	0.263414634146	0.606829268293	0.106341463415	0.0234146341463
uhu-	0.227312120837	0.378977343073	0.332053980438	0.0616565556519
log-	0.546265086441	0.299282374687	0.0554528650647	0.0989996738067
abr-	0.011303658192	0.950136282008	0.0366457305901	0.00191432920993
tod-	0.0695892915558	0.104336164365	0.0112500658445	0.814824478235
met-	0.00429594272076	0.632935560859	0.337947494033	0.0248210023867
tao-	0.347826086956	0.130434782609	0.456521739131	0.0652173913043
oum-	0.57965169062	0.288048697207	0.107072991208	0.0252266209651
mna-	0.0491803278688	0.885245901639	0.0655737704918	0.0
nef-	0.0	0.963076923077	0.0	0.0369230769231
oke-	0.403775563713	0.467750393288	0.0	0.128474042999
na--	0.445330589143	0.39104708001	0.0342166195009	0.129405711346
lol-	0.291596168685	0.497037314965	0.0118224229596	0.19954409339
tuy-	0.21566861774	0.708689779379	0.0256641152634	0.0499774876182
oko-	0.517593643587	0.309875141884	0.0953461975028	0.0771850170261
ilu-	0.140495867769	0.663223140496	0.177685950413	0.0185950413223
mat-	0.128249056194	0.828727354476	0.0185272754052	0.0244963139249
aka-	0.698905109489	0.268248175182	0.021897810219	0.0109489051095
lay-	0.351902143728	0.531986000289	0.0935235427026	0.0225883132799
par-	0.010170174202	0.98741315074	0.00161111670527	0.000805558352633
too-	0.0889254726275	0.801435761804	0.0450699663999	0.0645687991688
ala-	0.0174515897681	0.768826201291	0.0645469758546	0.149175233086
jul-	0.0812101910828	0.805732484076	0.0222929936306	0.0907643312102
qua-	0.0149253731343	0.970149253731	0.0	0.0149253731343
uuh-	0.460062535532	0.330230244457	0.121020466174	0.0886867538374
nah-	0.422899867149	0.312509654895	0.199956746069	0.0646337318874
zac-	0.0203452527744	0.943588162762	0.0240443896424	0.0120221948212
tiq-	0.0232558139535	0.976744186047	0.0	0.0
oos-	0.72319002717	0.191625379575	0.0269564754142	0.0582281178413
pom-	0.306133720454	0.242907505198	0.0228668286879	0.42809194566
ta‑-	0.837566596456	0.0831371577252	0.035311609466	0.0439846363524
feb-	0.0975609756098	0.90243902439	0.0	0.0
saq-	0.0664505672609	0.909238249595	0.0194489465154	0.00486223662886
tre-	0.0064446831364	0.114930182599	0.411385606874	0.46723952739
gay-	0.0161290322581	0.983870967742	0.0	0.0
puu-	0.686315973775	0.131986297389	0.0287450945499	0.152952634287
aam-	0.862214918833	0.0551239916343	0.038093815357	0.0445672741759
ipa-	0.373903467725	0.0695947042014	0.0135857697251	0.542916058349
kin-	0.133132805859	0.77558360034	0.0694435362584	0.0218400575427
gob-	0.633858267717	0.177727784027	0.0202474690664	0.16816647919
pii-	0.351861295258	0.395716471188	0.0917899031107	0.160632330444
ona-	0.197183098592	0.802816901408	0.0	0.0
dat-	0.0272817460318	0.734154163949	0.152621493803	0.0859425962166
lug-	0.0643275778466	0.724996310585	0.0166023654418	0.194073746126
gre-	0.0	1.0	0.0	0.0
ser-	0.0	0.974683544304	0.0253164556962	0.0
cri-	0.0	1.0	0.0	0.0
mis-	0.0196078431372	0.980392156863	0.0	0.0
ooh-	0.648648648649	0.216216216216	0.0810810810811	0.0540540540541
ran-	0.0322657888437	0.0253676398257	0.00445868215748	0.937907889173
din-	0.0309414000551	0.085917850544	0.00460007958493	0.878540669816
lav-	0.349607089115	0.480187259656	0.131081758903	0.0391238923257
rin-	0.0362311172701	0.0179466554698	0.00296157040774	0.942860656852
kob-	0.735836177474	0.151535836177	0.0245733788396	0.0880546075085
agr-	0.0285171102662	0.963878326996	0.00760456273764	0.0
na‑-	0.407076992278	0.451982907264	0.0539770597496	0.0869630407077
sos-	0.431037068138	0.444877639155	0.087197096929	0.0368881957774
luu-	0.211471610661	0.7033603708	0.0712630359212	0.0139049826188
don-	0.531233111523	0.077577914927	0.0477707348488	0.343418238701
nep-	0.0	0.979166666667	0.0208333333333	0.0
ope-	0.253623188406	0.304347826087	0.0942028985507	0.347826086957
uka-	0.169441553937	0.703607353451	0.0634755463059	0.063475546306
bit-	0.0651140356921	0.911837662785	0.0151932749948	0.00785502652794
uri-	0.0711073253833	0.839045996593	0.0710391822828	0.0188074957411
tov-	0.578669468578	0.301570465729	0.0331369069025	0.0866231587902
leg-	0.134142365514	0.0523093642456	0.0684658576345	0.745082412606
ron-	0.338461833359	0.0704941863308	0.0205265181788	0.570517462132
rig-	0.5078125	0.3515625	0.09375	0.046875
kus-	0.917073170732	0.0829268292683	0.0	0.0
po‑-	0.499412287795	0.265216591316	0.0647492050497	0.170621915839
nom-	0.470653044872	0.356270032051	0.113181089744	0.0598958333333
kip-	0.545647108663	0.196356704088	0.204617665749	0.0533785214996
pot-	0.430965134649	0.4163401602	0.0642872289009	0.0884074762499
nol-	0.467390353454	0.217589639927	0.221141679495	0.0938783271242
mam-	0.0595829970338	0.393271816878	0.0328392787714	0.514305907317
esa-	0.218170950388	0.582785415421	0.0313807531381	0.167662881052
jua-	0.0238273878544	0.940022281336	0.0106404747289	0.0255098560807
ma‑-	0.229509879394	0.539645881447	0.20415704388	0.0266871952784
loy-	0.169712793734	0.492167101828	0.320496083551	0.0176240208877
mag-	0.00272355878348	0.995006808897	0.0	0.00226963231956
aug-	0.0579710144928	0.913043478261	0.0	0.0289855072464
ve--	0.490713587488	0.199413489736	0.176930596285	0.132942326491
mos-	0.158887292598	0.542863080106	0.240588432557	0.0576611947391
kok-	0.58653657467	0.31959912663	0.0416159179982	0.0522483807018
bo--	0.172790466733	0.405163853029	0.3862959285	0.0357497517379
uus-	0.324387849812	0.563431913942	0.103766718528	0.00841351771849
dub-	0.474226804124	0.417525773196	0.0	0.10824742268
reg-	0.046511627907	0.953488372093	0.0	0.0
pla-	0.0310363335122	0.895456560801	0.0702401232119	0.00326698247497
mac-	0.00920833866223	0.974421281494	0.016370379844	0.0
map-	0.0243407707911	0.834685598377	0.0202839756592	0.120689655172
ico-	0.0171919770773	0.982808022923	0.0	0.0
ika-	0.86679595122	0.0659841070498	0.00486737038395	0.0623525713467
bet-	0.0235820288676	0.962390729823	0.00121976011384	0.0128074811954
law-	0.0290188960902	0.859770152104	0.0609458691872	0.0502650826185
sal-	0.378931580573	0.519314188245	0.0288940844325	0.0728601467496
asu-	0.0236920039486	0.970384995064	0.00592300098717	0.0
oim-	0.595155709343	0.384083044983	0.0103806228374	0.0103806228374
aun-	0.065963060686	0.878627968338	0.0554089709762	0.0
isk-	0.0	1.0	0.0	0.0
otu-	0.431652416967	0.526120716155	0.035189055731	0.0070378111462
400-	0.0392156862745	0.607843137255	0.078431372549	0.274509803922
pip-	0.495623632385	0.364332603939	0.0973741794311	0.0426695842451
yan-	0.519379844961	0.364341085271	0.0852713178295	0.031007751938
bad-	0.703171164073	0.209178648808	0.0642111483159	0.0234390388025
sim-	0.10891231159	0.8441393643	0.0153569284472	0.0315913956627
bav-	0.0484780157835	0.951521984216	0.0	0.0
pe‑-	0.317899721159	0.117183346134	0.125254871408	0.439662061299
lic-	0.051948051948	0.727272727273	0.220779220779	0.0
est-	0.0488741490661	0.808867167045	0.0471286437424	0.0951300401466
noo-	0.456771680345	0.29073219621	0.134119360085	0.11837676336
goy-	0.869474340498	0.0720622655587	0.0236102167848	0.0348531771584
ant-	0.148012278918	0.819617756912	0.018285323272	0.0140846408987
sul-	0.569349892244	0.344364284629	0.0137325106668	0.0725533124599
das-	0.694854146182	0.26909210095	0.00603770981041	0.0300160430575
tab-	0.519015659955	0.420581655481	0.0469798657718	0.0134228187919
lok-	0.510407606741	0.437178338576	0.0334168208898	0.0189972337935
tid-	0.554690570312	0.0763171278637	0.0161823519893	0.352809949835
gal-	0.0618198001376	0.889954282478	0.0198244123478	0.028401505037
ida-	0.00900900900901	0.575075075075	0.414414414414	0.0015015015015
kar-	0.0638678366241	0.929489983208	0.00561311000066	0.00102907016679
sel-	0.296473872671	0.36717849123	0.274443163197	0.0619044729016
kay-	0.0226244343891	0.918278554025	0.0287156282632	0.0303813833226
suk-	0.647178675647	0.245102761614	0.0657412806407	0.0419772820978
ons-	0.425207083914	0.161830794043	0.0360928863348	0.376869235708
sah-	0.480967078189	0.361625514403	0.0833333333333	0.0740740740741
ist-	0.315825983169	0.0467797598887	0.637394256942	0.0
imo-	0.698367026643	0.267404058144	0.00336310302305	0.0308658121894
ung-	0.28877631515	0.133575447435	0.051499382204	0.526148855211
not-	0.566301853588	0.201941641271	0.0923185668256	0.139437938315
lop-	0.581724174317	0.194048749604	0.149941964757	0.0742851113221
oma-	0.719630743409	0.20546891391	0.0572767326386	0.0176236100426
wao-	0.602385685885	0.27435387674	0.065606361829	0.0576540755467
luk-	0.527748932733	0.215760932272	0.05284412138	0.203646013615
dop-	0.222	0.522	0.184	0.0720000000001
gir-	0.0266580499232	0.953348412634	0.0199935374424	0.0
kop-	0.331757366454	0.474986091524	0.0826333662206	0.110623175801
kak-	0.131868131868	0.386813186813	0.431868131868	0.0494505494506
one-	0.131277971159	0.712083540527	0.0507210343113	0.105917454003
nob-	0.840255591054	0.0479233226837	0.0511182108626	0.0607028753993
kik-	0.0244358496313	0.0562433924746	0.00826776867223	0.911052989222
aan-	0.713904463951	0.113303069858	0.0221162941863	0.150676172005
rep-	0.0	1.0	0.0	0.0
gee-	0.629807692308	0.125	0.0336538461538	0.211538461538
buh-	0.014465408805	0.981132075472	0.00251572327044	0.00188679245283
unu-	0.769230769231	0.115384615385	0.0384615384615	0.0769230769231
sil-	0.372808661878	0.464511194757	0.0453451404406	0.117335002924
430-	0.482142857143	0.0714285714285	0.0	0.446428571429
bua-	0.00743371603205	0.708598331544	0.273560749979	0.0104072024449
lau-	0.282542885974	0.717457114026	0.0	0.0
ngi-	0.0165403170228	0.938662991041	0.0282563749138	0.0165403170228
oiv-	0.476510067114	0.167785234899	0.295302013423	0.0604026845637
gus-	0.410256410256	0.174358974359	0.184615384615	0.230769230769
may-	0.0	0.989506337169	0.0104936628305	0.0
asn-	0.0184162062615	0.975269665877	0.00315706393055	0.00315706393055
tik-	0.216606498195	0.689530685921	0.0	0.0938628158845
tur-	0.0540540540541	0.837837837838	0.072072072072	0.036036036036
run-	0.16	0.84	0.0	0.0
sau-	0.0773852370121	0.89812175482	0.0012668797328	0.0232261284347
tat-	0.370403994553	0.24943259192	0.0590104403087	0.321152973218
umo-	0.906145538699	0.0491128824891	0.0107996914374	0.0339418873746
pri-	0.128677713899	0.822286100778	0.0176981174614	0.0313380678616
tro-	0.0161290322581	0.971774193548	0.0120967741935	0.0
kit-	0.477128883774	0.392333141542	0.0474683544304	0.0830696202532
pop-	0.622604284823	0.280194868327	0.0315972769555	0.0656035698948
gol-	0.231208977345	0.566589032395	0.112428541181	0.089773449079
ela-	0.04	0.96	0.0	0.0
iyo-	0.238609189405	0.105620984698	0.0303481578247	0.625421668072
sow-	0.44185298866	0.462233454012	0.0611301464893	0.0347834108387
luy-	0.132158590308	0.550660792952	0.0	0.31718061674
nag-	0.0	1.0	0.0	0.0
oot-	0.132911392405	0.841772151899	0.0126582278481	0.0126582278481
itu-	0.528151469856	0.363450146709	0.0290649393788	0.0793334440569
had-	0.0187263134428	0.806494761091	0.156052612023	0.0187263134428
kad-	0.370391868534	0.134664499652	0.0239919510874	0.470951680726
uso-	0.712240680917	0.0631236042015	0.0221774113418	0.20245830354
gul-	0.10101010101	0.585858585859	0.020202020202	0.292929292929
tir-	0.121202558383	0.850211932564	0.0148644647074	0.0137210443452
oti-	0.0787917337492	0.0328420839145	0.0163292594562	0.87203692288
koy-	0.040555613743	0.022537498302	0.00581766504587	0.931089222909
oss-	0.154345053179	0.118254723832	0.147921243316	0.579478979673
tud-	0.0853889943073	0.914611005693	0.0	0.0
bus-	0.104274743447	0.669664499468	0.132976915932	0.0930838411526
lub-	0.0698656212895	0.863793135943	0.0358657343712	0.0304755083963
daa-	0.122554235569	0.773168258578	0.0312957700637	0.0729817357886
tap-	0.258455892613	0.192071554154	0.260304747021	0.289167806212
ahu-	0.282258064516	0.451612903226	0.266129032258	0.0
lup-	0.778054862843	0.102244389027	0.069825436409	0.0498753117207
sol-	0.238315948733	0.560721955424	0.0366191377059	0.164342958138
mow-	0.0758798027017	0.159996200582	0.598611855541	0.165512141176
ces-	0.0314245810056	0.917248603352	0.00104748603352	0.050279329609
koo-	0.367569586611	0.436725778077	0.147128432037	0.0485762032756
pro-	0.00953939030853	0.979446531026	0.00470056913754	0.00631350952787
iso-	0.0704847978781	0.438847684071	0.0209735252223	0.469693992828
bos-	0.507712795472	0.202974142714	0.0976584174897	0.191654644324
pam-	0.00408163265306	0.995918367347	0.0	0.0
laz-	0.0370138017566	0.859473023839	0.0821831869511	0.021329987453
avo-	0.142091152815	0.0616621983914	0.0160857908847	0.780160857909
job-	0.0	1.0	0.0	0.0
cef-	0.349514563107	0.563106796117	0.0	0.0873786407767
ben-	0.400799139388	0.525434147841	0.0700783771323	0.00368833563854
ehi-	0.0131700554529	0.912430683919	0.0642329020333	0.0101663585952
aqu-	0.0214655810511	0.977054034049	0.0	0.00148038490007
ket-	0.0737403351081	0.0432887676171	0.0294258287209	0.853545068554
dru-	0.0285714285714	0.942857142857	0.0285714285714	0.0
dob-	0.239034342061	0.259435566134	0.0532698628584	0.448260228947
taw-	0.369834710744	0.221763085399	0.0371900826446	0.371212121212
mon-	0.0754292454065	0.83939352473	0.0483084961146	0.0368687337493
abe-	0.0963302752293	0.885321100917	0.0	0.0183486238532
tou-	0.184615384615	0.805128205128	0.0102564102564	0.0
alo-	0.0298507462687	0.865671641791	0.0298507462687	0.0746268656716
ano-	0.239502332815	0.639191290824	0.111975116641	0.00933125972005
pit-	0.0496382533171	0.0236057948128	0.0177225836351	0.909033368235
da--	0.682432432432	0.277027027027	0.0	0.0405405405405
lap-	0.249926562715	0.552242385003	0.144416668165	0.0534143841159
man-	0.26067600266	0.0634535677642	0.0355327170035	0.640337712572
eti-	0.0	0.818181818182	0.181818181818	0.0
laa-	0.242244292004	0.473738097676	0.189413330603	0.0946042797174
esp-	0.00943396226415	0.990566037736	0.0	0.0
sip-	0.274193548387	0.467741935484	0.225806451613	0.0322580645161
pad-	0.72027180068	0.27972819932	0.0	0.0
huk-	0.513447862097	0.458368696772	0.0163305920571	0.0118528490737
lo--	0.485657104736	0.0100066711141	0.504336224149	0.0
reb-	0.080824088748	0.847860538827	0.0475435816165	0.0237717908082
inn-	0.695956368444	0.233968708682	0.0423093873953	0.0277655354782
dum-	0.130959434561	0.17678900149	0.0952435495816	0.597008014368
ema-	0.152466367713	0.739910313901	0.0807174887892	0.0269058295964
adr-	0.106666666667	0.706666666667	0.186666666667	0.0
pis-	0.0953499876329	0.846957704675	0.0258471432105	0.0318451644818
lih-	0.330869141126	0.0781183154508	0.0455191060458	0.545493437377
ten-	0.241379310345	0.051724137931	0.551724137931	0.155172413793
rad-	0.363174744185	0.130554332231	0.0231807759818	0.483090147602
apo-	0.0400227593074	0.899425844745	0.0257012065019	0.0348501894454
uwo-	0.0526214834246	0.885712715687	0.0493326407104	0.0123331601776
suw-	0.0426254616952	0.924934873285	0.0122831888105	0.0201564762091
amb-	0.318584070797	0.495575221239	0.185840707965	0.0
nop-	0.347164649332	0.160096336813	0.114640112596	0.378098901259
heb-	0.0876560999039	0.740874159462	0.0259365994236	0.14553314121
oin-	0.705842506351	0.250465707028	0.029466553768	0.0142252328535
atu-	0.537172774869	0.385340314136	0.0240837696335	0.0534031413612
owi-	0.848061822261	0.0716689517637	0.00697993269353	0.0732892932818
awa-	0.534411049204	0.07925920113	0.0320175782783	0.354312171388
ima-	0.736621454994	0.239457459926	0.00493218249075	0.0189889025894
lot-	0.225218550896	0.570899392503	0.0817898947992	0.122092161802
idd-	0.0424850885727	0.0279456533283	0.00657943998681	0.922989818112
noh-	0.511217576522	0.269007757388	0.14810642175	0.071668244341
gil-	0.0920270485872	0.867711117656	0.0402618337569	0.0
rub-	0.0	1.0	0.0	0.0
bau-	0.0899952882048	0.78899010523	0.0128789068635	0.108135699702
cle-	0.02	0.966666666667	0.0133333333333	0.0
lep-	0.081585081585	0.69696969697	0.0979020979021	0.123543123543
kot-	0.318918796255	0.478457867074	0.0896346700184	0.112988666653
edu-	0.0	1.0	0.0	0.0
bul-	0.0222089692195	0.844557590665	0.0208845811468	0.112348858969
ilo-	0.412068635255	0.501400884545	0.0717809665295	0.0147495136704
jun-	0.0	0.964285714286	0.0	0.0357142857143
dav-	0.0112282623579	0.974531014652	0.00780501163905	0.0064357113515
et--	0.108747044917	0.78329393223	0.107959022853	0.0
jop-	0.0539419087137	0.933609958506	0.00889152341435	0.00355660936574
now-	0.536738978306	0.212036389083	0.116864940518	0.134359692092
tan-	0.574707295678	0.273507625281	0.0260714622869	0.125713616755
loo-	0.522427634745	0.38129086495	0.0707728054391	0.0255086948659
ba‑-	0.103502366722	0.710742024694	0.0106764618968	0.175079146688
udt-	0.561983471074	0.256198347107	0.0661157024793	0.115702479339
bar-	0.0420775495183	0.930179011239	0.00634135754121	0.0214020817016
kav-	0.0496794871795	0.935897435897	0.0144230769231	0.0
kup-	0.106211474632	0.872451398767	0.00853485064012	0.0128022759602
aga-	0.0555253130103	0.885683179096	0.0391943385955	0.0195971692978
epa-	0.0708154506438	0.87017167382	0.0225321888412	0.0364806866953
ama-	0.578319611425	0.244871116528	0.0715044498156	0.105304822232
nod-	0.160494682038	0.00941267951892	0.00162752336681	0.828465115077
pob-	0.533047174913	0.146684981843	0.110155496968	0.210112346275
ays-	0.0444444444445	0.944444444444	0.0111111111111	0.0
inu-	0.419390581717	0.412188365651	0.0831024930747	0.0853185595567
osa-	0.286992493127	0.592686085853	0.0923821103828	0.0279393106365
oun-	0.727532311392	0.198527201683	0.0429816651638	0.0309588217613
lah-	0.00120613405319	0.985698696227	0.00516914594222	0.00792602377807
buw-	0.237170965169	0.713758161246	0.0357469940028	0.0133238795829
oll-	0.169618788312	0.13912514017	0.336666489628	0.354589581891
bel-	0.0429491768074	0.957050823193	0.0	0.0
do‑-	0.537572254335	0.42774566474	0.0346820809249	0.0
jef-	0.0	1.0	0.0	0.0
pru-	0.28170458784	0.561637448713	0.0142670645281	0.142390898918
po--	0.504310494963	0.261410501915	0.0981966739993	0.136082329122
dia-	0.0051413881748	0.979434447301	0.0154241645244	0.0
dut-	0.237299042267	0.130950976502	0.0125481279695	0.619201853262
omm-	0.159321455971	0.533373113972	0.250618020629	0.056687409428
boy-	0.34968652804	0.362992174733	0.119785070578	0.167536226649
kul-	0.300961153384	0.151982378855	0.409891870244	0.137164597517
tip-	0.608169440242	0.301059001513	0.0	0.0907715582451
pol-	0.422343318235	0.371997626433	0.0829280086939	0.122731046638
goh-	0.466883569603	0.445270741343	0.0634441087613	0.0244015802928
aya-	0.421775360901	0.158346700051	0.101913070694	0.317964868354
sar-	0.0453440007273	0.88727640521	0.0302293338182	0.037150260245
lao-	0.0	1.0	0.0	0.0
uma-	0.60729746444	0.159554730983	0.133580705009	0.099567099567
fri-	0.0186335403727	0.906832298137	0.0745341614907	0.0
kah-	0.663256304591	0.217169524888	0.0400958264125	0.0794783441091
teu-	0.290322580645	0.709677419355	0.0	0.0
dam-	0.0207436399217	0.976908023483	0.0	0.00234833659491
qui-	0.0	0.932203389831	0.0677966101695	0.0
ige-	0.0	0.971229489773	0.028770510227	0.0
gaz-	0.0188679245283	0.981132075472	0.0	0.0
art-	0.103448275862	0.862068965517	0.0	0.0344827586207
pe--	0.231952819496	0.0823794360517	0.170043127769	0.515624616683
bal-	0.360244183957	0.221010439819	0.0668252038508	0.351920172373
pok-	0.519968341089	0.261217224539	0.109883879593	0.108930554779
obi-	0.309197651663	0.679060665362	0.0	0.0117416829746
ell-	0.856956237753	0.0591116917048	0.0308621815807	0.0530698889614
