ᐁᐋᑰ-	0.611413043478	0.266304347826	0.0815217391304	0.0407608695652
ᒋᑮᒦ-	0.425663170882	0.449928027966	0.0997326753033	0.0246761258482
ᑳᑮᓅ-	0.747521598917	0.135764621571	0.0202651590556	0.0964486204562
ᐅᑎᓵ-	0.410588171869	0.291911513648	0.0188689417219	0.27863137276
ᐅᓇᑯ-	0.446026097272	0.553973902728	0.0	0.0
ᑲᓅᓇ-	0.651442307692	0.204326923077	0.0865384615385	0.0576923076923
ᑫᑎᐹ-	0.553914824004	0.307758144372	0.023509528401	0.114817503223
ᐊᑳᓭ-	0.058672925112	0.100704075101	0.67100490719	0.169618092597
ᒫᑳᐱ-	0.764542936288	0.0277008310249	0.16620498615	0.0415512465374
ᐴᓯᒥ-	0.31126351886	0.539171722501	0.0968082300184	0.0527565286205
ᑲᔭᑌ-	0.390043499275	0.235379410343	0.0966650555823	0.2779120348
ᐁᐸᑲ-	0.694719471947	0.115511551155	0.0742574257426	0.115511551155
ᐃᑕᒧ-	0.288611544462	0.598283931357	0.0234009360374	0.0897035881435
ᐁᔮᔩ-	0.265486725664	0.384955752212	0.0663716814159	0.283185840708
ᑫᐲᐃ-	0.961165048544	0.0388349514563	0.0	0.0
ᐃᔑᑣ-	0.0778519224658	0.831585637115	0.0142993326978	0.0762631077216
ᑳᐗᓇ-	0.131950989632	0.707822808671	0.160226201697	0.0
ᑮᐐᒌ-	0.500329511006	0.189402926058	0.0585211546065	0.25174640833
ᑎᑎᐲ-	0.174352258909	0.713216724348	0.0909175942381	0.0215134225049
ᑫᑭᐱ-	0.448369565217	0.334239130435	0.0271739130435	0.190217391304
ᒋᓈᐱ-	0.329789218429	0.47062115277	0.0820742398806	0.11751538892
ᑭᑫᓂ-	0.662238090048	0.209227266341	0.0621348820658	0.0663997615449
ᐁᐅᐱ-	0.259519319504	0.621113028127	0.113750351081	0.00561730128797
ᐊᐱᒃ-	0.121951219512	0.878048780488	0.0	0.0
ᑭᓃᓇ-	0.196820285772	0.687864761522	0.0972026564701	0.0181122962367
ᓈᑕᒫ-	0.420514511873	0.554749340369	0.0	0.0247361477573
ᑳᒥᒋ-	0.26218042531	0.323863465891	0.26887445036	0.145081658438
ᑖᑮᑮ-	0.466666666667	0.1	0.0	0.433333333333
ᑕᐗᓃ-	0.667675060059	0.182845448883	0.149479491058	0.0
ᑕᑾᑭ-	0.572600507063	0.315592176747	0.0490583122057	0.062749003984
ᐸᐸᑴ-	0.794485385443	0.163285584168	0.0273246667218	0.0149043636665
ᐅᑑᓀ-	0.256264377767	0.372993296559	0.169886462018	0.200855863655
ᐃᔑᓈ-	0.261743023774	0.234397787388	0.10649525245	0.397363936387
ᑕᑮᔥ-	0.736526946108	0.0239520958084	0.0	0.239520958084
ᑳᔕᑫ-	0.286259541985	0.541984732824	0.171755725191	0.0
ᐁᑎᐯ-	0.264575728858	0.344212520248	0.125890673888	0.265321077005
ᑳᑮᐐ-	0.44506432926	0.278298455086	0.0534138405495	0.223223375104
ᒫᒑᒪ-	0.777777777778	0.111111111111	0.074074074074	0.037037037037
ᓇᐸᓀ-	0.449013157895	0.222039473684	0.0328947368421	0.296052631579
ᓂᑌᐊ-	0.436584494462	0.130403715613	0.347266881029	0.0857449088961
ᑭᑲᓂ-	0.490285940644	0.314745151223	0.0927185474232	0.10225036071
ᐁᐐᑕ-	0.438021286803	0.270555624656	0.10037491782	0.191048170721
ᑮᐱᑎ-	0.417497231451	0.435215946844	0.0332225913621	0.114064230343
ᓂᑖᐤ-	0.301650540694	0.322709163347	0.0	0.375640295959
ᒋᔖᑰ-	0.314727762311	0.470010497011	0.0839578294007	0.131303911277
ᔖᐳᓂ-	0.0405844155845	0.910714285714	0.0487012987013	0.0
ᓂᔕᐅ-	0.89156626506	0.10843373494	0.0	0.0
ᒥᒋᓂ-	0.426356589147	0.441860465116	0.0232558139535	0.108527131783
ᑲᐎᐌ-	0.482233502538	0.274111675127	0.0609137055838	0.182741116751
ᑳᐹᔥ-	0.268706798201	0.643603337584	0.0595038364315	0.0281860277833
ᑳᐲᑖ-	0.150426887112	0.74996612007	0.0426887112075	0.05691828161
ᒪᔥᑭ-	0.10265927572	0.852897365144	0.0341871993358	0.0102561598008
ᒋᔑᐌ-	0.525641025641	0.474358974359	0.0	0.0
ᒥᒑᓂ-	0.13163064833	0.652259332024	0.216110019646	0.0
ᑮᔑᓱ-	0.477064220183	0.495412844037	0.0275229357798	0.0
ᐊᓅᓂ-	0.527993926741	0.200227747201	0.187891440501	0.083886885557
ᓂᐗᔦ-	0.197992384908	0.585669781931	0.205953617169	0.0103842159917
ᑭᒪᑭ-	0.274285714286	0.554285714286	0.171428571429	0.0
ᑮᓀᐱ-	0.461222091657	0.297884841363	0.24089306698	0.0
ᐁᓂᐃ-	0.448588999368	0.249669521237	0.0281625380769	0.273578941318
ᑳᐐᐲ-	0.379907621247	0.273672055427	0.13856812933	0.207852193995
ᐊᔨᔑ-	0.478238569754	0.39317116061	0.0879249706917	0.0406652989449
ᒫᓀᒋ-	0.350877192982	0.625730994152	0.0	0.0233918128655
ᐊᓅᔥ-	0.422222222222	0.577777777778	0.0	0.0
ᑳᓈᓃ-	0.72256097561	0.158536585366	0.0365853658537	0.0823170731707
ᐁᔑᑎ-	0.337716533722	0.298278597666	0.230498380752	0.133506487861
ᑳᐹᑮ-	0.195348837209	0.106976744186	0.697674418605	0.0
ᑮᐗᑲ-	0.344827586207	0.532915360502	0.0752351097179	0.0470219435737
ᑫᐸᑕ-	0.761363636364	0.170454545455	0.0	0.0681818181818
ᑳᒫᒪ-	0.183703181489	0.685498980283	0.0769268365653	0.0538710016632
ᐁᐲᑖ-	0.551605504587	0.15252293578	0.091743119266	0.204128440367
ᐅᐱᑲ-	0.489844119036	0.113367973548	0.0	0.396787907416
ᐁᓈᑕ-	0.807600950119	0.0142517814727	0.106888361045	0.0712589073634
ᔔᔥᑾ-	0.0	1.0	0.0	0.0
ᑑᐹᔅ-	0.0	0.413074372336	0.586925627664	0.0
ᓃᐗᓇ-	0.793893129771	0.206106870229	0.0	0.0
ᑕᔭᑸ-	0.424657534247	0.143835616438	0.0205479452055	0.41095890411
ᒋᒌᑲ-	0.0	0.902514017001	0.0974859829987	0.0
ᓂᓂᑭ-	0.550637711134	0.183936573595	0.226818338504	0.0386073767666
ᒋᐊᒶ-	0.577405857741	0.422594142259	0.0	0.0
ᓂᑮᐴ-	0.218461538462	0.781538461538	0.0	0.0
ᒋᒪᒉ-	0.156862745098	0.539215686275	0.0588235294117	0.245098039216
ᒋᐋᔅ-	0.233480176211	0.224669603524	0.541850220264	0.0
ᓀᐱᒋ-	0.318738561171	0.250457553147	0.0746163592848	0.356187526397
ᒎᑕᒻ-	0.0	1.0	0.0	0.0
ᒥᑳᒻ-	0.574912891986	0.390243902439	0.0	0.0348432055749
ᑭᑑᑕ-	0.197380729654	0.720299345182	0.0318054256315	0.0505144995322
ᑫᑴᑳ-	0.459501557632	0.532710280374	0.0	0.00778816199379
ᑳᔑᒑ-	0.641975308642	0.358024691358	0.0	0.0
ᐐᐗᒀ-	0.245	0.71	0.045	0.0
ᓀᐳᓂ-	0.217325227964	0.0797872340425	0.626899696049	0.0759878419452
ᑕᐹᑏ-	0.130603831506	0.117479752115	0.694324399641	0.057592016738
ᑭᐐᒦ-	0.423500673015	0.314073483225	0.0321052893963	0.230320554365
ᐱᒦᔑ-	0.928571428571	0.0714285714286	0.0	0.0
ᒥᓉᑖ-	0.524731182796	0.152688172043	0.270967741935	0.0516129032258
ᑳᓃᐸ-	0.673160984139	0.241039090796	0.0258523791682	0.0599475458973
ᐁᓯᑳ-	0.0	1.0	0.0	0.0
ᑖᐊᑕ-	0.365853658537	0.121951219512	0.487804878049	0.0243902439024
ᑭᑮᓅ-	0.549047038579	0.0713609799863	0.0347642071563	0.344827774278
ᑮᐙᓂ-	0.698790627362	0.165154950869	0.0	0.136054421769
ᑆᕒᒐ-	0.0	1.0	0.0	0.0
ᐁᑮᓃ-	0.440889370933	0.316776103652	0.0991088702586	0.143225655156
ᐐᑕᒪ-	0.550499622582	0.137137816888	0.0161069004319	0.296255660098
ᐁᐃᓀ-	0.48390034166	0.220200079269	0.117704607141	0.17819497193
ᐸᑭᑎ-	0.482689093466	0.39051663424	0.0560363579089	0.070757914385
ᐁᐐᔕ-	0.587777777778	0.35	0.0133333333333	0.0488888888889
ᓂᔥᑫ-	0.267042309213	0.505634638197	0.144701463029	0.082621589561
ᐁᑭᒻ-	0.0	1.0	0.0	0.0
ᒫᒌᐸ-	0.590326676671	0.280387856401	0.105044441879	0.0242410250491
ᑌᐺᔮ-	0.0739436619718	0.535211267606	0.327464788732	0.0633802816902
ᒋᐱᔅ-	0.817843866171	0.137546468401	0.0	0.0446096654275
ᐴᔔᐃ-	0.623962040332	0.250296559905	0.011862396204	0.113879003559
ᐅᐱᓈ-	0.606492027335	0.294419134396	0.0136674259681	0.0854214123007
ᒪᒋᐐ-	0.143308080808	0.445075757576	0.411616161616	0.0
ᑫᑖᑎ-	0.0	0.973451327434	0.0265486725664	0.0
ᒋᐗᓂ-	0.527442619976	0.266750549247	0.121871659652	0.0839351711244
ᒥᑖᒋ-	0.0343577018515	0.0471464019851	0.0	0.918495896163
ᑭᐸᐋ-	0.788141673733	0.211858326267	0.0	0.0
ᑕᑯᓇ-	0.8	0.125	0.05	0.025
ᑫᐋᓇ-	0.701492537313	0.179104477612	0.0	0.119402985075
ᐅᒦᑖ-	0.527472527473	0.245421245421	0.0805860805861	0.14652014652
ᐊᐙᒡ-	0.16145645494	0.113345547397	0.0434224382925	0.68177555937
ᑲᔦᑌ-	0.688945016514	0.206139498737	0.0349718282495	0.0699436564989
ᑳᑫᒋ-	0.175504107543	0.523898431665	0.218446601942	0.0821508588499
ᑮᐱᓃ-	0.312070657507	0.356722276742	0.0147203140334	0.316486751717
ᐋᐎᓴ-	0.827586206897	0.137931034483	0.0	0.0344827586207
ᑮᐊᑕ-	0.45447264354	0.349885701891	0.043800370426	0.151841284143
ᐁᐹᐎ-	0.451388888889	0.548611111111	0.0	0.0
ᑫᐎᓇ-	0.872941176471	0.127058823529	0.0	0.0
ᑣᒪᔅ-	0.0	1.0	0.0	0.0
ᑭᐱᓀ-	0.625698324022	0.302105715514	0.0	0.0721959604641
ᑭᑲᑌ-	0.363699513169	0.488104750704	0.0253639634493	0.122831772679
ᒋᐱᑎ-	0.826771653543	0.0551181102362	0.11811023622	0.0
ᐅᕒᐃ-	0.0363636363636	0.854545454545	0.0545454545455	0.0545454545455
ᐁᒪᒑ-	0.0130718954248	0.209150326797	0.424836601307	0.352941176471
ᒨᑯᒫ-	0.0985915492957	0.901408450704	0.0	0.0
ᒥᑴᑕ-	0.335349092908	0.455744914788	0.0934579439252	0.115448048378
ᑰᑰᔥ-	0.39636238847	0.60363761153	0.0	0.0
ᒋᓭᑭ-	0.241976893453	0.54621309371	0.0930680359435	0.118741976893
ᒋᑭᔐ-	0.0616649537512	0.815005138746	0.123329907503	0.0
ᑖᑲᔥ-	0.485693233452	0.335073068894	0.0932702935036	0.0859634041509
ᐗᓂᔥ-	0.613078629177	0.140516562925	0.00944408671389	0.236960721185
ᑫᑎᒫ-	0.0405616224649	0.140405616225	0.804992199688	0.0140405616225
ᑖᑮᐃ-	0.385544882411	0.21609804571	0.232606823451	0.165750248427
ᐅᐸᐸ-	0.166666666667	0.161616161616	0.0	0.671717171717
ᓂᔔᒥ-	0.223623853211	0.254587155963	0.0573394495413	0.464449541284
ᓃᔮᒃ-	0.351529036757	0.329050038184	0.0179300727164	0.301490852343
ᑕᑯᔑ-	0.575120725219	0.159093428307	0.0265414754983	0.239244370976
ᑲᐎᑾ-	0.176870748299	0.0816326530611	0.571428571429	0.170068027211
ᔕᐌᑕ-	0.2394106814	0.252302025783	0.508287292818	0.0
ᑾᔭᑭ-	0.166905102527	0.63280877444	0.200286123033	0.0
ᓂᑮᓇ-	0.679977759931	0.164119355038	0.0558349292642	0.100067955767
ᒋᐊᔫ-	0.432925565001	0.504872486005	0.0497615591955	0.0124403897989
ᐌᑎᓂ-	0.187699680511	0.615015974441	0.0535143769968	0.143769968051
ᐁᐊᔦ-	0.534257748777	0.355628058728	0.0652528548124	0.0448613376835
ᐋᐱᑳ-	0.321011673152	0.562256809339	0.11673151751	0.0
ᐌᑖᐸ-	0.412735849057	0.525353773585	0.0619103773585	0.0
ᐊᔮᓐ-	0.0808435852372	0.80316344464	0.0843585237258	0.0316344463972
ᑮᐅᒻ-	0.679245283019	0.283018867924	0.0377358490566	0.0
ᒦᑲᓈ-	0.105215117437	0.71701086456	0.0224320081554	0.155342009847
ᑮᓂᔑ-	0.562469920987	0.323500922931	0.0581659569542	0.0558631991277
ᑭᑎᑯ-	0.453365072495	0.251244319411	0.0357065570223	0.259684051071
ᑭᑑᓈ-	0.0992555831265	0.68899917287	0.129032258064	0.0827129859386
ᓀᓴᓇ-	0.0663716814159	0.933628318584	0.0	0.0
ᐅᑕᓉ-	0.600961538462	0.230769230769	0.110576923077	0.0576923076923
ᑳᔑᐎ-	0.303896103896	0.392207792208	0.116883116883	0.187012987013
ᐊᐎᐊ-	0.611626276007	0.363282163173	0.0	0.0250915608197
ᑮᑭᐹ-	0.10989010989	0.758241758242	0.0439560439561	0.0879120879121
ᒋᐲᓂ-	0.612207941345	0.340863919438	0.0144649087938	0.0324632304227
ᐱᐙᐸ-	0.802174742465	0.0518885921404	0.0143075162152	0.13162914918
ᑭᒋᐃ-	0.0	1.0	0.0	0.0
ᔖᐗᓂ-	0.324324324324	0.675675675676	0.0	0.0
ᒦᓐᔥ-	0.827868852459	0.0737704918033	0.0	0.0983606557377
ᐊᔦᓇ-	0.114649681529	0.808917197452	0.0764331210191	0.0
ᑕᐱᓯ-	0.568147476579	0.348443638561	0.0689029918404	0.014505893019
ᐊᓂᑎ-	0.340798442064	0.591041869523	0.0	0.0681596884128
ᐙᐱᓯ-	0.284948573084	0.115239750833	0.485730841663	0.11408083442
ᑳᑎᓍ-	0.592105263158	0.358552631579	0.0	0.0493421052632
ᐁᒪᔥ-	0.209930362487	0.247467256778	0.476912815725	0.0656895650093
ᑫᐸᑭ-	0.684930620533	0.181339710537	0.0387758555473	0.0949538133822
ᐱᓯᑳ-	0.240700710599	0.511519146137	0.172266194841	0.0755139484234
ᒋᓂᐴ-	0.425165658312	0.416954768078	0.0795880149813	0.0782915586286
ᐁᓂᓱ-	0.024780588539	0.342281879195	0.403717088281	0.229220443986
ᐁᓃᐹ-	0.464912280702	0.429824561404	0.0263157894737	0.0789473684211
ᐁᐙᓀ-	0.403846153846	0.201923076923	0.336538461538	0.0576923076923
ᐅᐹᑭ-	0.812632798918	0.0251110681862	0.162256132896	0.0
ᓯᓬᐆ-	0.0478523413467	0.920246097756	0.0	0.0319015608978
ᐲᒋᑭ-	0.654336734694	0.345663265306	0.0	0.0
ᐁᑮᐋ-	0.335745811421	0.195460937701	0.144700290268	0.32409296061
ᐁᐯᐸ-	0.0345773874863	0.965422612514	0.0	0.0
ᑮᐌᐋ-	0.728571428571	0.1	0.0428571428571	0.128571428571
ᑕᐸᔕ-	0.505747126437	0.356321839081	0.0551724137931	0.0827586206897
ᑮᐊᑖ-	0.69209039548	0.245465358311	0.0	0.0624442462087
ᐊᓉᐱ-	0.263281620009	0.669813996139	0.01789644763	0.0490079362223
ᐁᒥᒑ-	0.0839895013124	0.338582677165	0.564304461942	0.0131233595801
ᑕᔑᐯ-	0.117647058824	0.544117647059	0.289215686274	0.0490196078431
ᑫᐐᒌ-	0.27230501258	0.213663634604	0.0838978130443	0.430133539772
ᐁᑕᐗ-	0.651162790698	0.201958384333	0.0	0.146878824969
ᓇᔥᑫ-	0.310314800644	0.188446195069	0.00604509351904	0.495193910768
ᔑᑯᐲ-	0.276025236593	0.705047318612	0.018927444795	0.0
ᓬᐃᔑ-	0.0384615384615	0.961538461538	0.0	0.0
ᑕᐊᐸ-	0.75691411936	0.24308588064	0.0	0.0
ᒋᔑᓇ-	0.261506276151	0.550209205021	0.0	0.188284518828
ᑳᐅᑖ-	0.500178550676	0.331201994696	0.0607917507474	0.107827703881
ᐁᑮᐌ-	0.196071075912	0.0535693558725	0.655155997934	0.0952035702811
ᓵᓵᒥ-	0.573333333333	0.426666666667	0.0	0.0
ᑎᒫᔅ-	0.0	0.997218358832	0.0	0.00278164116829
ᔒᑫᒋ-	0.0408119196718	0.690779529259	0.268408551069	0.0
ᐋᐎᐎ-	0.367924528302	0.349056603774	0.0	0.283018867925
ᑕᓱᑎ-	0.124395127649	0.776322376105	0.0518313031871	0.0474511930585
ᐅᑭᐃ-	0.255511588468	0.67665347654	0.0	0.0678349349915
ᐃᔑᓲ-	0.168674698795	0.694779116466	0.0722891566265	0.0642570281124
ᐹᐹᐗ-	0.636094882804	0.30970648272	0.0443443372986	0.00985429717744
ᐲᓱᒡ-	0.0	0.849246231156	0.100502512563	0.0502512562814
ᑭᓵᑭ-	0.414100215368	0.296572452459	0.0694154396705	0.219911892502
ᑫᒨᓇ-	0.578073089701	0.41196013289	0.00996677740864	0.0
ᑕᓂᐊ-	0.576867668244	0.277629141799	0.0611236880017	0.0843795019552
ᑮᐊᒀ-	0.185375901133	0.70648815654	0.0772399588054	0.0308959835221
ᑌᓴᐱ-	0.526876310273	0.315220125786	0.140293501048	0.0176100628931
ᒋᐸᑾ-	0.463601532567	0.536398467433	0.0	0.0
ᒫᒦᓄ-	0.376623376623	0.377365491651	0.246011131725	0.0
ᐁᐱᓵ-	0.486486486487	0.189189189189	0.194594594595	0.12972972973
ᑳᒥᓍ-	0.331584825206	0.347964398118	0.204710819317	0.115739957359
ᐅᑑᑌ-	0.129758297749	0.632703456162	0.195302272139	0.0422359739507
ᐋᓬᐃ-	0.0581507942739	0.874591086336	0.0405642354296	0.0266938839602
ᐐᑾᑏ-	0.470588235294	0.529411764706	0.0	0.0
ᓃᐹᐱ-	0.897959183673	0.0408163265306	0.0	0.061224489796
ᓂᑕᓵ-	0.625722103983	0.280632411067	0.0936454849498	0.0
ᐱᔮᑌ-	0.591397849462	0.193548387097	0.0645161290323	0.150537634409
ᒋᑌᐺ-	0.538931767413	0.273077488998	0.0904774007143	0.0975133428751
ᐸᔮᑑ-	0.953488372093	0.0232558139535	0.0232558139535	0.0
ᑮᔮᑴ-	0.198113207547	0.716981132075	0.0849056603773	0.0
ᑳᒪᒪ-	0.203442879499	0.46165884194	0.33489827856	0.0
ᑭᔥᑮ-	0.0416380890623	0.927264281528	0.00556483894701	0.0255327904628
ᑕᐴᔔ-	0.258064516129	0.725806451613	0.0	0.0161290322581
ᒦᓈᒡ-	0.683319220999	0.0508044030483	0.00762066045726	0.258255715495
ᑕᔑᔮ-	0.875383043922	0.124616956078	0.0	0.0
ᐁᓂᐹ-	0.625011102229	0.129229949374	0.0610178523848	0.184741096012
ᐁᑯᑲ-	0.347682119205	0.165562913907	0.119205298013	0.367549668874
ᓃᒥᓈ-	0.0	1.0	0.0	0.0
ᑕᐱᒧ-	0.802371541502	0.126482213439	0.0	0.0711462450593
ᐃᓈᓐ-	0.562148657089	0.247657713929	0.077763897564	0.112429731418
ᐳᑎᔭ-	0.0	0.939393939394	0.0606060606061	0.0
ᐁᑭᐱ-	0.4970436068	0.5029563932	0.0	0.0
ᒋᐴᓯ-	0.673727098567	0.275275896495	0.0339980032919	0.016999001646
ᔖᑰᓱ-	0.592344497608	0.270861244019	0.0674162679426	0.0693779904306
ᐴᓂᒫ-	0.927607361963	0.0147239263804	0.0331288343558	0.0245398773006
ᑳᐸᐹ-	0.598050026116	0.272938308862	0.0349370320933	0.0940746329291
ᑌᒥᓯ-	0.120350109409	0.0919037199125	0.656455142232	0.131291028446
ᑫᐅᑎ-	0.524813122924	0.292774086379	0.0977990033222	0.0846137873754
ᑳᒪᔑ-	0.590440487348	0.0281162136832	0.109653233365	0.271790065604
ᓂᐲᓂ-	0.0800854244527	0.903897490657	0.0	0.0160170848905
ᑳᐐᐯ-	0.206391478029	0.713715046605	0.0798934753661	0.0
ᑭᑲᑯ-	0.660990712074	0.0603715170279	0.0	0.278637770898
ᑳᓂᐗ-	0.763656633222	0.236343366778	0.0	0.0
ᐊᐱᐐ-	0.797297297297	0.0405405405405	0.0	0.162162162162
ᐸᒀᓀ-	0.132523467697	0.607307196761	0.0337750782256	0.226394257316
ᑖᓂᐹ-	0.494835896259	0.293091576773	0.0771172825339	0.134955244434
ᑭᒨᒀ-	0.286343612335	0.0770925110132	0.0	0.636563876652
ᑕᐱᓈ-	0.205303678358	0.689478186484	0.0282292557742	0.0769888793841
ᐅᒋᐱ-	0.423038925114	0.398142659553	0.0869393400514	0.0918790752816
ᓂᑯᑣ-	0.0194979369696	0.105221625371	0.148746965611	0.726533472048
ᐙᐱᓰ-	0.804187451697	0.0566289608656	0.0285252582028	0.110658329235
ᒎᐗᓬ-	0.08	0.92	0.0	0.0
ᑳᐋᓇ-	0.416570531246	0.523741912085	0.0418623135005	0.0178252431679
ᐁᔑᑫ-	0.460057061341	0.345577746077	0.0980741797432	0.0962910128387
ᒦᓈᐗ-	0.337194337194	0.469755469755	0.0	0.19305019305
ᐱᔫᑌ-	0.0	1.0	0.0	0.0
ᑳᑮᒨ-	0.559032229612	0.292832097437	0.0792356572282	0.068900015723
ᑭᒨᑯ-	0.141732283465	0.858267716535	0.0	0.0
ᐁᐲᓇ-	0.0	0.917808219178	0.041095890411	0.041095890411
ᑲᑮᐹ-	0.18659529954	0.454933571224	0.311636452459	0.046834676777
ᐅᐴᑖ-	0.374098208052	0.620665580638	0.00523621131021	0.0
ᐃᔑᐐ-	0.34020403209	0.474250405072	0.0724980099249	0.113047552913
ᑕᒌᑲ-	0.151800362663	0.211121664796	0.582678525171	0.0543994473707
ᑕᒫᒪ-	0.314285714286	0.6	0.0857142857143	0.0
ᐌᒋᒋ-	0.172661870504	0.669064748201	0.0431654676259	0.115107913669
ᒫᒋᓂ-	0.723905723906	0.203703703704	0.037037037037	0.0353535353535
ᐁᐊᐸ-	0.730769230769	0.25	0.0	0.0192307692308
ᐊᑭᕽ-	0.33302238806	0.648320895522	0.0186567164179	0.0
ᐙᐅᒋ-	0.6087490727	0.238953542285	0.0247473108309	0.127550074184
ᑲᔥᑮ-	0.0929502980326	0.817639940842	0.0726034150495	0.0168063460763
ᑳᑮᓇ-	0.414628076796	0.394345784287	0.0843617732156	0.106664365701
ᐁᒫᔑ-	0.590760615959	0.286980867942	0.00559962669155	0.116658889407
ᐙᐗᓐ-	0.0	1.0	0.0	0.0
ᐁᐸᑴ-	0.0	0.712492869367	0.247575584712	0.0399315459213
ᒋᐃᓍ-	0.54375	0.45625	0.0	0.0
ᐁᑮᑎ-	0.365347887755	0.363593252198	0.0650034273594	0.206055432688
ᐅᓀᓯ-	0.0130918612263	0.941086624482	0.0	0.0458215142919
ᓇᐸᑳ-	0.333778047301	0.574044875682	0.0848999393572	0.0072771376592
ᐌᒋᑖ-	0.12	0.54	0.22	0.12
ᐅᓇᓇ-	0.458319712324	0.322000653808	0.119973847663	0.0997057862047
ᐊᐱᔑ-	0.0588235294118	0.941176470588	0.0	0.0
ᐊᒦᔥ-	0.294589877836	0.0910994764397	0.0083769633508	0.605933682374
ᑮᐹᐲ-	0.384615384615	0.542735042735	0.0726495726496	0.0
ᑖᐃᒋ-	0.675	0.0833333333333	0.1	0.141666666667
ᒎᑏᔮ-	0.0357142857143	0.947619047619	0.00476190476191	0.0119047619048
ᑕᑌᐸ-	0.14693877551	0.804081632653	0.0489795918367	0.0
ᒋᑲᐎ-	0.834645669291	0.0	0.0708661417323	0.0944881889763
ᑭᑭᓇ-	0.291257538976	0.625352714671	0.0402667386706	0.043123007682
ᑮᐅᑖ-	0.551649041566	0.374294365162	0.0308569138633	0.0431996794086
ᑮᐊᔑ-	0.0	0.87786259542	0.0	0.12213740458
ᓂᔖᑴ-	0.409482758621	0.0948275862069	0.0258620689655	0.469827586207
ᑕᓂᑭ-	0.287790697674	0.212209302326	0.191860465116	0.308139534884
ᑳᒥᓵ-	0.440031771247	0.4447974583	0.10325655282	0.011914217633
ᐅᑮᓵ-	0.645210033243	0.274299950615	0.0123830794065	0.0681069367357
ᒪᑗᑖ-	0.87455118341	0.0946728218656	0.0307759947241	0.0
ᒋᑆᐅ-	0.449523809524	0.198095238095	0.0380952380952	0.314285714286
ᑳᐱᑾ-	0.204152852905	0.673180945734	0.063339731286	0.0593264700751
ᑮᓀᓂ-	0.0	0.792843691149	0.0941619585687	0.112994350283
ᐁᐸᕒ-	0.023127189157	0.943715302294	0.0224626545389	0.0106948540101
ᑫᒦᔑ-	0.475	0.0	0.35	0.175
ᐅᑲᔒ-	0.413775042556	0.258478460128	0.186329710619	0.141416786696
ᑳᑯᑕ-	0.606837606838	0.209401709402	0.183760683761	0.0
ᑫᑮᒥ-	0.317647058823	0.198319327731	0.383193277311	0.100840336134
ᓵᑮᔭ-	0.0131180625631	0.87790110999	0.0	0.108980827447
ᐁᐗᑭ-	0.709090909091	0.254545454545	0.0363636363636	0.0
ᐋᔮᔐ-	0.074102303523	0.771059168925	0.154838527552	0.0
ᒋᒦᓇ-	0.767586821015	0.105966162066	0.0641139804096	0.0623330365093
ᐋᐲᒡ-	0.377990430622	0.306220095694	0.258373205742	0.0574162679426
ᐃᔅᑲ-	0.0520504731861	0.877287066246	0.0605678233438	0.010094637224
ᑮᐋᒪ-	0.314136125654	0.497382198953	0.0	0.188481675393
ᐱᓵᓇ-	0.148495160649	0.736421089848	0.115083749503	0.0
ᒋᐌᒀ-	0.478456350693	0.243536905208	0.247283626827	0.0307231172724
ᐋᔑᑌ-	0.355459605784	0.564547438741	0.00304735068476	0.0769456047903
ᐁᔑᑌ-	0.278083371993	0.515276028895	0.0372456756578	0.169394923454
ᑭᑯᓵ-	0.551886792453	0.16804245283	0.159198113208	0.120872641509
ᑳᐊᑐ-	0.662205001761	0.239168721381	0.0123282846073	0.0862979922508
ᐐᐸᑲ-	0.150462962963	0.837962962963	0.0	0.0115740740741
ᐅᐅᓇ-	0.345744680851	0.638297872341	0.0	0.0159574468085
ᐁᔮᒃ-	0.137743628186	0.783545727136	0.0	0.0787106446777
ᐁᐐᓃ-	0.0	0.966527196653	0.0334728033472	0.0
ᓭᓬᐃ-	0.0	1.0	0.0	0.0
ᒎᐎᒥ-	0.347022276102	0.631762388241	0.0212153356569	0.0
ᓈᑯᑑ-	0.42075866023	0.346205774103	0.17477667425	0.0582588914165
ᓂᑯᑎ-	0.15835492228	0.335816062176	0.00971502590676	0.496113989637
ᓂᒫᓀ-	0.23395149786	0.342368045649	0.309557774608	0.114122681883
ᑳᒋᑎ-	0.52908844918	0.372230678167	0.051327583291	0.0473532893624
ᒋᐊᒸ-	0.701547891359	0.196917542028	0.0202536143374	0.0812809522752
ᐅᑑᑕ-	0.414171521474	0.312965722802	0.170573093077	0.102289662647
ᑫᐊᔭ-	0.464468447982	0.524161455372	0.0	0.0113700966458
ᐃᓀᑖ-	0.215920979071	0.366564275478	0.252377886989	0.165136858462
ᑲᑲᒀ-	0.42627245509	0.330089820359	0.180763473054	0.062874251497
ᑫᒥᓂ-	0.612999343468	0.157214282107	0.0494924498763	0.180293924549
ᐊᓅᑮ-	0.483488372093	0.363023255814	0.0488372093023	0.104651162791
ᒋᓈᓯ-	0.370612371012	0.276883300997	0.0550983964849	0.297405931506
ᒋᒪᒋ-	0.43545768438	0.373175673606	0.137360016455	0.0540066255596
ᐱᒋᐳ-	0.0	1.0	0.0	0.0
ᑭᐐᑕ-	0.542991076374	0.0594216847919	0.0395953983828	0.357991840451
ᓂᐴᒪ-	0.130010564912	0.176434031446	0.641352308744	0.0522030948978
ᐃᑴᓭ-	0.0809418690214	0.49374540103	0.0264900662252	0.398822663723
ᑭᑮᑭ-	0.567724284962	0.290353833248	0.0834769732048	0.0584449085847
ᐁᐃᑭ-	0.484224057339	0.180414459333	0.0371611093799	0.298200373948
ᐲᔖᓂ-	0.486577848479	0.0709882680453	0.121296480414	0.321137403062
ᐱᐊᑕ-	0.53005139588	0.291450315114	0.0305204328352	0.147977856171
ᓅᑕᒻ-	0.240164684355	0.759835315645	0.0	0.0
ᐙᒌᐎ-	0.0	0.347345132743	0.0221238938053	0.630530973451
ᒫᒌᐆ-	0.229166666667	0.145833333333	0.0	0.625
ᓂᔑᑳ-	0.507797270955	0.0682261208577	0.30701754386	0.116959064327
ᑳᐗᔦ-	0.31076662226	0.409470752089	0.228896693714	0.0508659319365
ᐙᐃᑰ-	0.21686746988	0.574297188755	0.0240963855422	0.184738955823
ᒋᑴᑭ-	0.590160556872	0.31076805345	0.0697119983517	0.0293593913261
ᐸᑭᑌ-	0.566895023171	0.341930284102	0.024682651622	0.0664920411042
ᑭᐙᓴ-	0.510341634081	0.397818481169	0.00540234616177	0.0864375385883
ᓂᔥᑭ-	0.474221789883	0.313715953307	0.147616731517	0.0644455252918
ᐃᓈᐙ-	0.267717619413	0.385432757646	0.136817015446	0.210032607495
ᑭᑮᐐ-	0.512271365744	0.220217673792	0.0393224565191	0.228188503945
ᐃᓇᑫ-	0.0529880805068	0.251166951012	0.127251482949	0.568593485533
ᓂᔣᔂ-	0.141588942578	0.520170805709	0.0393302618272	0.298909989887
ᐁᐃᓂ-	0.321028811705	0.299395471604	0.0336518623797	0.345923854311
ᐁᓃᑳ-	0.236008763195	0.524756024696	0.168970324637	0.0702648874726
ᑮᓃᓯ-	0.310808935757	0.519217427501	0.0145691688636	0.155404467878
ᑭᐸᐅ-	0.09318052016	0.832776601923	0.0281125365355	0.0459303413819
ᑭᐌᓅ-	0.0662057106008	0.581449503816	0.0564253215348	0.295919464049
ᑎᐹᐲ-	0.0376344086022	0.962365591398	0.0	0.0
ᒫᒌᑑ-	0.311736630463	0.60013529257	0.0328836108084	0.055244466158
ᐲᒐᔭ-	0.0520043336945	0.364752618274	0.190321415674	0.392921632358
ᐁᔒᐎ-	0.0780089153046	0.785475482912	0.0585066864785	0.0780089153046
ᐅᑲᓴ-	0.0898539456878	0.191370022769	0.718776031543	0.0
ᑲᓇᑫ-	0.212456151962	0.140429545304	0.0375603944669	0.609553908267
ᒌᓀᓂ-	0.303468208092	0.566473988439	0.0	0.130057803468
ᑳᐐᓴ-	0.161639040461	0.731287964584	0.0885411304437	0.0185318645115
ᑕᑎᐸ-	0.210450966357	0.525053686471	0.13564781675	0.128847530422
ᓈᓯᑳ-	0.495692790689	0.147287415292	0.054175121559	0.302844672461
ᒪᓅᓂ-	0.0634696755995	0.640338504936	0.253878702398	0.0423131170663
ᑕᔑᑕ-	0.516595538116	0.18268238911	0.0536599178819	0.247062154892
ᐴᓯᓂ-	0.517877491346	0.282556814517	0.00541807314398	0.194147620993
ᐱᒪᑭ-	0.0	1.0	0.0	0.0
ᐁᒥᓯ-	0.378176750287	0.554681095261	0.0499262174127	0.0172159370389
ᓰᑑᐱ-	0.564853556486	0.435146443514	0.0	0.0
ᐁᓈᓈ-	0.435173062074	0.321247524088	0.102695806896	0.140883606943
ᐋᑕᕒ-	0.167286245353	0.684014869888	0.148698884758	0.0
ᑮᐃᑎ-	0.19759727452	0.0511027434105	0.0150618612157	0.736238120853
ᓂᑭᔐ-	0.0638847770031	0.284482141152	0.0125764014898	0.639056680355
ᐁᔑᔮ-	0.204638472033	0.628922237381	0.166439290587	0.0
ᑮᑲᑲ-	0.68544600939	0.0688575899843	0.0625978090767	0.183098591549
ᑫᓇᓅ-	0.0	1.0	0.0	0.0
ᒦᐅᔕ-	0.565217391304	0.205949656751	0.0228832951945	0.205949656751
ᓀᓃᐎ-	0.0623700623701	0.641372141372	0.031185031185	0.265072765073
ᑕᐅᑖ-	0.884422008264	0.0571579783011	0.00712439188227	0.0512956215523
ᐐᒋᐐ-	0.515636918383	0.358504958047	0.0800915331808	0.045766590389
ᑭᑎᑭ-	0.399838054981	0.255119368869	0.0479276808809	0.297114895269
ᑕᐋᓇ-	0.709677419355	0.10752688172	0.100358422939	0.0824372759857
ᒋᒥᑳ-	0.686265060241	0.0814457831325	0.0	0.232289156627
ᑭᒋᓰ-	0.0	0.968922651934	0.0310773480663	0.0
ᐁᐋᓍ-	0.932584269663	0.0	0.0	0.0674157303371
ᑾᔭᑯ-	0.232569476568	0.528243722497	0.106441779644	0.132745021291
ᒋᑎᐱ-	0.462653941601	0.262813971287	0.118595913445	0.155936173667
ᑭᓄᐊ-	0.489675516224	0.103244837758	0.12389380531	0.283185840708
ᑮᐊᔮ-	0.609858642881	0.0989838545783	0.0740824206842	0.217075081856
ᐅᕒᐁ-	0.018624842459	0.953928021286	0.0274471362554	0.0
ᑮᓂᓴ-	0.897727272727	0.0	0.090909090909	0.0113636363636
ᓂᑖᐃ-	0.449404685013	0.173814884961	0.143483730442	0.233296699584
ᐊᔑᔥ-	0.048422597212	0.951577402788	0.0	0.0
ᐅᑕᓇ-	0.0912411557456	0.797728178307	0.0499237656381	0.0611069003096
ᑮᑕᓂ-	0.0	0.934426229508	0.0655737704918	0.0
ᓈᔑᔮ-	0.452173913043	0.234782608696	0.0	0.313043478261
ᐁᐱᒋ-	0.535519125683	0.371584699454	0.0273224043716	0.0655737704918
ᒉᓴᐯ-	0.0976138828634	0.772234273319	0.0	0.130151843818
ᐁᐯᑭ-	0.54703675919	0.231057764441	0.154838709677	0.0670667666917
ᓃᔓᔥ-	0.169642857143	0.589285714286	0.133928571429	0.107142857143
ᒋᐊᔭ-	0.381112548512	0.233376455369	0.00776196636481	0.377749029754
ᑮᐅᓀ-	0.559670781893	0.40329218107	0.037037037037	0.0
ᓂᑖᑌ-	0.548902195609	0.323852295409	0.0299401197605	0.0973053892216
ᐁᓅᑌ-	0.592806898117	0.142840934876	0.209893351486	0.0544588155208
ᓂᑲᒨ-	0.161290322581	0.838709677419	0.0	0.0
ᑭᓅᑌ-	0.487601872724	0.38408184498	0.0572221258887	0.0710941564072
ᑕᒦᒐ-	0.347826086957	0.623188405797	0.0	0.0289855072464
ᑮᑭᑖ-	0.848970251716	0.151029748284	0.0	0.0
ᑌᐱᓇ-	0.585147247119	0.263764404609	0.0653008962868	0.0857874519847
ᒋᓅᑌ-	0.510512251689	0.227790662499	0.182111525663	0.0795855601493
ᐊᓈᒪ-	0.0494327515007	0.480894702099	0.0414344709007	0.4282380755
ᐱᓈᑯ-	0.0624999999999	0.9375	0.0	0.0
ᐅᑯᓵ-	0.0	0.797896988059	0.202103011941	0.0
ᑭᔔᓂ-	0.158185586	0.690997006678	0.0	0.150817407322
ᐅᑮᐲ-	0.467353481421	0.349522538248	0.0371359140227	0.145988066308
ᒋᑕᑾ-	0.560654429369	0.319632881085	0.0718276137271	0.047885075818
ᒌᒦᓂ-	0.235294117647	0.686274509804	0.0	0.078431372549
ᒋᐸᔥ-	0.541216600341	0.428936895964	0.0	0.0298465036953
ᐊᔕᒥ-	0.381706693919	0.408788962698	0.120081757792	0.0894225855902
ᓂᑮᑮ-	0.571989504087	0.161082060672	0.0569535423707	0.20997489287
ᓂᐙᐱ-	0.213939980639	0.0503388189739	0.193610842207	0.54211035818
ᓂᑲᔕ-	0.158612143742	0.722428748451	0.089219330855	0.0297397769517
ᐊᓂᒥ-	0.52966314731	0.319507290096	0.0402212166918	0.110608345902
ᒣᕒᐃ-	0.00624143705282	0.967727203532	0.0	0.0260313594154
ᑭᔐᐙ-	0.0279043280182	0.862186788155	0.0495444191344	0.0603644646925
ᑫᐙᓭ-	0.29203539823	0.70796460177	0.0	0.0
ᑖᐴᓀ-	0.466666666667	0.393333333333	0.02	0.12
ᐅᓂᐴ-	0.0806335493161	0.330453563715	0.362850971922	0.226061915047
ᑮᐊᐎ-	0.420864509365	0.481723299814	0.0667206786446	0.0306915121765
ᐊᑮᔅ-	0.0	0.826086956522	0.0869565217392	0.0869565217392
ᐅᐱᒫ-	0.0860377078187	0.662950887516	0.057776740213	0.193234664452
ᑴᑭᑴ-	0.55737704918	0.0491803278689	0.0	0.393442622951
ᓂᑲᐸ-	0.665584415584	0.13961038961	0.126623376623	0.0681818181818
ᒋᐐᐊ-	0.229390681004	0.387096774193	0.00716845878134	0.376344086022
ᑳᑲᐯ-	0.408895265423	0.444763271162	0.137733142037	0.00860832137733
ᓂᓂᒌ-	0.0730411686587	0.891102257636	0.0	0.0358565737051
ᑮᐲᔕ-	0.814038286235	0.131267092069	0.0	0.0546946216954
ᐐᑭᒋ-	0.58064516129	0.25	0.0	0.16935483871
ᐁᒥᓈ-	0.305921052632	0.608552631579	0.0657894736842	0.0197368421052
ᔔᒥᓇ-	0.032603474793	0.94022696288	0.00271695623275	0.0244526060947
ᑫᐊᑲ-	0.0379449497079	0.0427031259411	0.919351924351	0.0
ᒋᔮᓄ-	0.805429864253	0.0361990950226	0.158371040724	0.0
ᐐᒋᒥ-	0.353064798599	0.35761821366	0.250087565674	0.0392294220665
ᑳᐅᐯ-	0.283687943262	0.297872340426	0.290780141844	0.127659574468
ᓃᓵᐲ-	0.196665241556	0.798204360838	0.00513039760581	0.0
ᐅᐸᓂ-	0.913461538462	0.0865384615385	0.0	0.0
ᐸᐯᔑ-	0.182926829268	0.286585365854	0.310975609756	0.219512195122
ᓇᐃᓇ-	0.93295638126	0.0525040387722	0.0145395799677	0.0
ᑮᑑᒋ-	0.767857142857	0.157142857143	0.0	0.075
ᑭᐐᓇ-	0.692307692308	0.0	0.0	0.307692307692
ᑭᐲᑖ-	0.248962655602	0.751037344398	0.0	0.0
ᒣᕒᐄ-	0.061744527932	0.602090819994	0.0	0.336164652074
ᓭᑕᓇ-	0.0685121107266	0.898269896194	0.0124567474048	0.0207612456747
ᑕᒥᓉ-	0.369032153297	0.332819097109	0.134946411172	0.163202338422
ᑳᑮᐹ-	0.382960413081	0.381239242685	0.117039586919	0.118760757315
ᑭᑮᒦ-	0.407489507355	0.126233649811	0.00975510370399	0.45652173913
ᐅᔖᑯ-	0.386920980926	0.613079019074	0.0	0.0
ᐁᑮᔑ-	0.0871107196254	0.828780380385	0.0167707838342	0.0673381161554
ᐸᕒᐊ-	0.0	1.0	0.0	0.0
ᓂᑎᐹ-	0.273660987095	0.298814290377	0.0159513425884	0.41157337994
ᓃᔗᑖ-	0.411214953271	0.168224299065	0.0	0.420560747663
ᒋᑌᐸ-	0.0898011545863	0.518922386145	0.307889672867	0.0833867864015
ᒨᓯᓯ-	0.617032126466	0.264660887302	0.0	0.118306986232
ᒋᑮᔖ-	0.181753889675	0.432814710043	0.265205091938	0.120226308345
ᑳᓇᓂ-	0.585798816568	0.378698224852	0.0	0.0355029585799
ᐸᑯᔑ-	0.656374501992	0.104581673307	0.239043824701	0.0
ᐙᐃᓂ-	0.538757206919	0.177770659833	0.124919923126	0.158552210122
ᐅᑑᒌ-	0.128205128205	0.564102564103	0.282051282051	0.025641025641
ᑮᐯᑭ-	0.573085846868	0.276102088167	0.0580046403713	0.092807424594
ᐲᑸᓂ-	0.0	1.0	0.0	0.0
ᐊᔛᓐ-	0.11301369863	0.230308219178	0.282534246575	0.374143835616
ᑫᐴᓯ-	0.915492957746	0.0845070422535	0.0	0.0
ᓅᑎᓄ-	0.140485312899	0.680715197957	0.140485312899	0.0383141762452
ᐁᐱᒬ-	0.223988439306	0.559248554913	0.21676300578	0.0
ᒣᓬᐄ-	0.0	1.0	0.0	0.0
ᓇᑲᑕ-	0.692732799116	0.177397071014	0.0262503453993	0.103619784471
ᐅᒫᐗ-	0.134022693537	0.837799079176	0.0140891136438	0.0140891136438
ᐊᑭᑾ-	0.0301010535368	0.944098043432	0.0258009030316	0.0
ᐃᔥᒀ-	0.137851707171	0.428087859533	0.27315564718	0.160904786116
ᒋᓰᑲ-	0.732442138867	0.235634477255	0.0119712689545	0.0199521149242
ᑭᑲᐅ-	0.321092667141	0.188683449448	0.0445367214272	0.445687161984
ᒥᓍᐸ-	0.461177247897	0.351841145864	0.0977854336514	0.0891961725875
ᑭᑲᑭ-	0.505865206733	0.294989205013	0.060773480663	0.138372107591
ᑫᒦᑖ-	0.913043478261	0.0434782608696	0.0434782608696	0.0
ᐹᑳᐱ-	0.63963963964	0.25389025389	0.00819000818999	0.0982800982801
ᑮᒪᔮ-	0.438356164384	0.251141552512	0.0639269406392	0.246575342466
ᑫᑭᒋ-	0.278245816503	0.36884016157	0.268090017311	0.0848240046163
ᐃᒫᓂ-	0.0235478806907	0.788069073783	0.188383045526	0.0
ᐋᔩᒋ-	0.374780129799	0.363559167829	0.0804876569418	0.18117304543
ᐋᑎᒥ-	0.0	1.0	0.0	0.0
ᑖᑲᑮ-	0.0	0.0	1.0	0.0
ᑕᑸᓄ-	0.0314136125655	0.748691099476	0.0	0.219895287958
ᓂᐐᒥ-	0.704225352113	0.0985915492958	0.0281690140845	0.169014084507
ᐃᓍᓱ-	0.420833333333	0.279166666667	0.3	0.0
ᐊᑕᐸ-	0.875398650152	0.031150337462	0.0	0.0934510123858
ᒎᐎᓂ-	0.148936170213	0.765957446809	0.0	0.0851063829787
ᓂᑯᑡ-	0.0175131348511	0.106830122592	0.0	0.875656742557
ᐲᑌᐎ-	0.731561461794	0.176079734219	0.0923588039867	0.0
ᓂᒫᒫ-	0.02284843869	0.90860624524	0.0	0.06854531607
ᑫᔑᐸ-	0.670477605968	0.270700545917	0.058821848115	0.0
ᑲᒥᓐ-	0.157273918742	0.81127129751	0.0314547837484	0.0
ᓂᑮᒦ-	0.610417617053	0.127192800564	0.0438352755775	0.218554306806
ᐁᐐᒦ-	0.375627449076	0.286667314356	0.127400498721	0.210304737848
ᑳᔑᐸ-	0.341412283141	0.416005305153	0.128029606178	0.114552805528
ᑕᓃᓯ-	0.738255033557	0.10067114094	0.0	0.161073825503
ᐅᐙᑳ-	0.0830002649825	0.792981590022	0.00688954643819	0.117128598558
ᒋᐱᓂ-	0.504879083581	0.423843869325	0.0	0.0712770470938
ᑳᑮᒪ-	0.470211747369	0.395548023596	0.0557029442662	0.0785372847694
ᒋᑮᐗ-	0.292647238142	0.45189611023	0.116449213511	0.139007438117
ᑫᓰᑲ-	0.91533180778	0.0434782608696	0.0	0.0411899313501
ᑳᒐᔭ-	0.149688149688	0.663201663202	0.0623700623701	0.12474012474
ᐁᑎᓅ-	0.140412461606	0.670030715226	0.110574813515	0.0789820096533
ᓵᒥᓇ-	0.704452371515	0.188069758224	0.00891795481572	0.0985599154445
ᑕᐅᔑ-	0.245730945439	0.674302374011	0.054977092878	0.0249895876718
ᒋᓃᑳ-	0.363498992612	0.409670920081	0.0835292142377	0.143300873069
ᐋᓍᔮ-	0.0592885375494	0.0632411067194	0.877470355731	0.0
ᐃᓇᐌ-	0.0234375	0.67578125	0.109375	0.19140625
ᐃᒫᔥ-	0.111307420495	0.519434628975	0.206713780919	0.162544169611
ᑳᑫᑌ-	0.280414150129	0.235547886109	0.449525452977	0.0345125107852
ᒫᓂᓈ-	0.19696969697	0.310606060606	0.401515151515	0.0909090909091
ᐁᑮᑑ-	0.396394892765	0.32037052491	0.124259367437	0.158975214888
ᓂᑕᔮ-	0.475841251621	0.218140849861	0.0222349765109	0.283782922007
ᑭᑖᓱ-	0.346985210466	0.466439135381	0.150170648464	0.0364050056883
ᐅᔔᒥ-	0.0955022919873	0.827060674233	0.031614201864	0.0458228319153
ᑑᑖᓱ-	0.310344827586	0.551724137931	0.0	0.137931034483
ᒋᑭᐸ-	0.489639384422	0.355614579205	0.0763413779438	0.0784046584288
ᑫᔑᑭ-	0.367476560137	0.435225325134	0.100010081661	0.0972880330678
ᒨᒋᑫ-	0.427453341361	0.187236604455	0.204695966285	0.180614087899
ᐗᔦᔑ-	0.39639042749	0.402008444672	0.140729471697	0.060871656141
ᑳᑌᐱ-	0.473420773812	0.304592451865	0.145263234811	0.0767235395126
ᐲᓈᒡ-	0.746153846154	0.192307692308	0.0153846153846	0.0461538461539
ᑌᐱᑕ-	0.0	1.0	0.0	0.0
ᑮᐃᒋ-	0.873403284672	0.0547445255474	0.023950729927	0.047901459854
ᒉᕒᐊ-	0.065225891302	0.91984502186	0.00639818007323	0.00853090676432
ᑭᑕᑲ-	0.106666666667	0.893333333333	0.0	0.0
ᐙᑳᔭ-	0.24547429399	0.118030412744	0.0152063721941	0.621288921072
ᓂᓯᓐ-	0.170384981635	0.106584138213	0.00612161610665	0.716909264046
ᑯᑌᓂ-	0.85286636666	0.13695949912	0.0101741342203	0.0
ᐅᔅᑲ-	0.0202329936034	0.833561635228	0.00633380669323	0.139871564475
ᑕᑯᐹ-	0.327731092437	0.428571428572	0.176470588235	0.0672268907562
ᑳᐐᔮ-	0.0	0.53702970297	0.246732673267	0.216237623762
ᓰᑭᓇ-	0.527754034894	0.296797224597	0.108577605712	0.0668711347981
ᒋᑭᑕ-	0.244612068965	0.712284482759	0.0431034482758	0.0
ᐊᕒᐁ-	0.008347245409	0.991652754591	0.0	0.0
ᑾᔮᒋ-	0.589670955976	0.250799176966	0.142895670394	0.0166341966645
ᒦᒋᔦ-	0.0754660477652	0.911956277607	0.0	0.0125776746275
ᓃᒥᔦ-	0.250678241997	0.63537710255	0.113944655453	0.0
ᑕᒪᑗ-	0.38785046729	0.605140186916	0.0	0.0070093457944
ᑕᐗᓇ-	0.623076923077	0.238461538462	0.0923076923077	0.0461538461539
ᐅᓇᓈ-	0.364224137931	0.484913793103	0.051724137931	0.0991379310345
ᑫᔑᔖ-	0.701882488277	0.111525975609	0.0965128635074	0.0900786726069
ᒋᓅᒋ-	0.817493112948	0.0998622589533	0.0826446280992	0.0
ᒣᒥᑕ-	0.0905511811024	0.112860892389	0.0610236220472	0.735564304462
ᐁᐱᑎ-	0.349536423841	0.636556291391	0.0139072847682	0.0
ᑭᑕᐯ-	0.183703840076	0.650910541415	0.0590662923244	0.106319326184
ᐱᒫᒌ-	0.432	0.4	0.0	0.168
ᑕᔑᑎ-	0.4186866461	0.396209784046	0.0793301013663	0.105773468488
ᐅᒨᑯ-	0.44921875	0.55078125	0.0	0.0
ᔖᐳᐸ-	0.491706161137	0.494075829384	0.0	0.0142180094787
ᐲᓇᒀ-	0.426725825395	0.54404280308	0.0292313715255	0.0
ᑭᐱᑖ-	0.355864811133	0.234592445328	0.17097415507	0.238568588469
ᓇᓈᓐ-	0.352941176471	0.0833333333333	0.102941176471	0.460784313726
ᒥᒋᐱ-	0.121535181237	0.28144989339	0.249466950959	0.347547974414
ᑕᑌᐺ-	0.487111111111	0.278222222222	0.0942222222221	0.140444444444
ᓃᔑᓰ-	0.136531365314	0.0221402214022	0.0442804428044	0.79704797048
ᐁᓈᓯ-	0.347257171616	0.154504277806	0.135883241067	0.362355309512
ᒋᐱᑕ-	0.605630609659	0.149092940686	0.0684393559696	0.176837093686
ᐅᔒᑭ-	0.0949796472184	0.857530529172	0.0474898236092	0.0
ᑮᐊᔓ-	0.490512716996	0.250302785628	0.210738796932	0.048445700444
ᐐᒋᐊ-	0.366121887888	0.370398655873	0.0465862226974	0.216893233542
ᐴᓃᓴ-	0.487758945386	0.229755178908	0.169491525424	0.112994350282
ᒨᔕᑭ-	0.568746297225	0.140318096887	0.0880463017819	0.202889304106
ᐁᒪᒪ-	0.691489361702	0.223404255319	0.0212765957447	0.0638297872341
ᑲᑭᑖ-	0.522300469484	0.383802816901	0.0	0.093896713615
ᓂᑕᐯ-	0.555307760928	0.261819803747	0.0936663693131	0.0892060660125
ᒉᓴᓐ-	0.0	1.0	0.0	0.0
ᑳᓂᐴ-	0.37319214876	0.487345041322	0.100723140496	0.0387396694215
ᒋᐱᐊ-	0.410167536919	0.40093538777	0.0462824742929	0.142614601019
ᑳᒣᔥ-	0.238159001028	0.761840998972	0.0	0.0
ᒀᐸᐆ-	0.0	0.558545301661	0.441454698339	0.0
ᑫᐅᑭ-	0.0440014667155	0.937331244375	0.0046668222274	0.0140004666822
ᐁᓇᐸ-	0.22605711979	0.767887778787	0.00605510142294	0.0
ᐁᔑᒑ-	0.972111553785	0.0278884462152	0.0	0.0
ᓭᑑᓐ-	0.0	1.0	0.0	0.0
ᑮᒫᒦ-	0.195945945946	0.560810810811	0.0810810810811	0.162162162162
ᐲᐅᕒ-	0.0	1.0	0.0	0.0
ᐸᕒᓯ-	0.0	1.0	0.0	0.0
ᑮᐌᓄ-	0.277753964852	0.330047149593	0.0	0.392198885555
ᒋᓰᑭ-	0.414120273476	0.429607925213	0.0742291056229	0.0820426956886
ᓃᓂᑕ-	0.517791411043	0.0588957055215	0.0	0.423312883436
ᑳᓇᑐ-	0.443820224719	0.47191011236	0.067415730337	0.0168539325843
ᒪᒉᑕ-	0.644268774704	0.0711462450593	0.189723320158	0.0948616600791
ᓇᓃᓰ-	0.238683127572	0.761316872428	0.0	0.0
ᐌᐱᓇ-	0.566025209455	0.254301316577	0.121091412328	0.0585820616397
ᐊᑕᐗ-	0.3211517165	0.405684754522	0.0516795865634	0.221483942414
ᓂᑯᑌ-	0.534391534392	0.0793650793651	0.386243386243	0.0
ᑳᐅᓀ-	0.372715242743	0.504259366471	0.0361839384666	0.0868414523198
ᐁᔖᑯ-	0.288523848994	0.208122974908	0.345113405169	0.158239770929
ᑫᐃᔖ-	0.4726088244	0.142434113118	0.0266508735564	0.358306188925
ᑳᔖᑯ-	0.305190971434	0.472909759753	0.202824833099	0.0190744357146
ᓂᐲᑎ-	0.952380952381	0.047619047619	0.0	0.0
ᑭᑕᔮ-	0.340111032307	0.307070361222	0.0468683509012	0.30595025557
ᑭᑌᐸ-	0.301404494382	0.0566479400749	0.593882646692	0.0480649188514
ᒋᐴᓐ-	0.320717131474	0.623505976096	0.0	0.0557768924302
ᓵᑲᐃ-	0.0547605854167	0.88734150396	0.00570422764758	0.0521936829753
ᐲᑑᓐ-	0.343642611684	0.615120274914	0.0412371134021	0.0
ᐁᑭᑐ-	0.487978617446	0.161440800837	0.0192896856916	0.331290896025
ᐊᓂᑕ-	0.215144106608	0.428359904962	0.125098997968	0.231396990462
ᑎᒦᔭ-	0.0	1.0	0.0	0.0
ᑭᑎᒫ-	0.259450850992	0.507404288472	0.16056278321	0.0725820773254
ᐅᒋᐋ-	0.664107485605	0.180422264875	0.0153550863724	0.140115163148
ᒫᓇᑎ-	0.0410881738958	0.899632194572	0.0564962391067	0.00278339242519
ᓬᐋᑕ-	0.587765957447	0.265957446808	0.146276595745	0.0
ᐌᒋᒨ-	0.254545454545	0.690909090909	0.0545454545455	0.0
ᓯᓬᐯ-	0.136363636364	0.863636363636	0.0	0.0
ᑫᑌᐅ-	0.173768510124	0.72650347537	0.040797824116	0.0589301903898
ᐋᓃᑎ-	0.271519659936	0.0510095642933	0.0	0.677470775771
ᒥᓇᐃ-	0.529763327755	0.249103514224	0.0915610805641	0.129572077456
ᐁᐃᑯ-	0.266156601009	0.06261869879	0.0222475446307	0.64897715557
ᐁᐐᑾ-	0.23378260448	0.501309027441	0.0491612527877	0.215747115291
ᓂᓅᒋ-	0.370503597122	0.510791366907	0.021582733813	0.0971223021582
ᑭᔑᓱ-	0.173891746265	0.752632867989	0.0734753857457	0.0
ᐐᐱᒋ-	0.0295566502463	0.970443349754	0.0	0.0
ᑮᒫᐗ-	0.452388270081	0.27868626599	0.00704770181334	0.261877762116
ᓇᐋᓯ-	0.25	0.291666666667	0.375	0.0833333333333
ᐁᐸᑕ-	0.145265888456	0.849546044099	0.0	0.00518806744487
ᐋᔕᐗ-	0.221551724138	0.589655172414	0.0103448275862	0.178448275862
ᐁᐴᔓ-	0.232488822653	0.767511177347	0.0	0.0
ᑕᒦᑴ-	0.473980309423	0.386779184248	0.0801687763713	0.0590717299578
ᐁᑕᑾ-	0.429268966788	0.141876641024	0.0773872587407	0.351467133447
ᐄᓄᔥ-	0.0	1.0	0.0	0.0
ᓀᓈᓂ-	0.0	0.896860986547	0.0	0.103139013453
ᒋᒪᒍ-	0.487927204987	0.361610661317	0.0	0.150462133696
ᑮᒫᒪ-	0.543612710599	0.159095756025	0.109404990403	0.187886542973
ᔐᒪᓐ-	0.0	1.0	0.0	0.0
ᑕᑭᑖ-	0.393873085339	0.277899343545	0.0	0.328227571116
ᐅᒪᑲ-	0.0588927211468	0.904324248888	0.0209334316872	0.0158495982775
ᓭᐸᑏ-	0.0	1.0	0.0	0.0
ᑳᐃᒀ-	0.602150537634	0.311827956989	0.0	0.0860215053764
ᑳᔑᐯ-	0.310723387571	0.0579298176828	0.479905900804	0.151440893942
ᐊᑭᒻ-	0.375536480687	0.463519313305	0.0643776824035	0.0965665236052
ᑕᐸᑳ-	0.802197802198	0.164835164835	0.032967032967	0.0
ᐃᔑᐌ-	0.275185791569	0.39232696386	0.19612593903	0.136361305541
ᐅᓴᑲ-	0.307561307902	0.644754768392	0.0476839237057	0.0
ᐊᑐᒪ-	0.267857142857	0.267857142857	0.25	0.214285714286
ᑮᑲᐯ-	0.444444444444	0.207407407407	0.333333333333	0.0148148148148
ᐴᓯᓄ-	0.630681818182	0.1875	0.028409090909	0.153409090909
ᑭᑎᐸ-	0.338713930797	0.39430110064	0.101819594998	0.165165373565
ᒥᒋᒣ-	0.178343949045	0.687898089172	0.0191082802548	0.114649681529
ᑕᓱᐊ-	0.05	0.05	0.0666666666666	0.833333333333
ᓂᑲᐐ-	0.585207521331	0.294967344359	0.046086590119	0.0737385441904
ᐗᐐᓯ-	0.190476190476	0.296296296296	0.021164021164	0.492063492063
ᐁᑮᔖ-	0.450269414756	0.311258513684	0.0853591307595	0.1531129408
ᐋᓇᑲ-	0.239227340267	0.582466567608	0.106678858536	0.0716272335886
ᑳᑮᑳ-	0.241551901017	0.521030870146	0.100320203936	0.137097024901
ᐅᑎᑯ-	0.505395683453	0.0239808153477	0.0119904076738	0.458633093525
ᐅᔒᑕ-	0.663215258856	0.265940054496	0.0544959128066	0.016348773842
ᑮᑲᑴ-	0.661556938708	0.124648689297	0.0198816836946	0.193912688301
ᑭᑭᒌ-	0.1556852933	0.641367806505	0.161245482346	0.0417014178482
ᑯᑕᑫ-	0.133462282398	0.324951644101	0.51837524178	0.0232108317215
ᐐᓂᓯ-	0.147938432092	0.775340936279	0.00494457293245	0.0717760586969
ᒋᓵᑲ-	0.336047094188	0.0920591182364	0.247808116232	0.324085671343
ᓴᑲᐅ-	0.163548428153	0.824996818124	0.0114547537228	0.0
ᑕᑯᔕ-	0.745	0.175	0.0	0.0799999999999
