-ivu	0.261010249965	0.654576577342	0.0353904073261	0.0490227653664
-hew	0.0501567398119	0.937304075235	0.00626959247649	0.0062695924765
-eus	0.0496156533893	0.917190775681	0.0111809923131	0.0220125786163
-hes	0.161290322581	0.774193548387	0.0645161290323	0.0
-hel	0.334061135371	0.665938864629	0.0	0.0
-hem	0.0240274599542	0.960526315789	0.0	0.0154462242563
-hen	0.687536916716	0.135262847017	0.134672179563	0.0425280567041
-eun	0.37619867224	0.373002212933	0.236046225719	0.0147528891075
-ive	0.226692177702	0.637607053882	0.113907764217	0.0217930041993
-rbe	0.0365296803653	0.963470319635	0.0	0.0
-aro	0.466337272021	0.188722030294	0.0548255658782	0.290115131807
-eue	0.648275862069	0.158620689655	0.0344827586207	0.158620689655
-ivi	0.115589231017	0.67604384975	0.168869901661	0.0394970175721
-eua	0.413793103448	0.227832512315	0.0775862068965	0.28078817734
-hea	0.261194029851	0.67723880597	0.0223880597015	0.0391791044776
-ivo	0.0705333578279	0.68215402835	0.207490470137	0.0398221436857
-aus	0.211087420043	0.724946695096	0.0	0.0639658848614
-ven	0.146428008201	0.631603847974	0.0350891026652	0.186879041161
-ija	0.465784624019	0.227009949972	0.0712256354123	0.235979790597
-urt	0.360148402859	0.559315899014	0.0303139987331	0.0502216993937
-oes	0.1	0.866666666667	0.0333333333333	0.0
-zin	0.170313835103	0.699923242915	0.109487465423	0.0202754565598
-nse	0.12	0.832	0.0	0.048
-ple	0.0242090445974	0.951241174368	0.00712195012959	0.0174278309054
-aum	0.0184956843403	0.946979038224	0.00863131935882	0.0258939580765
-aul	0.0496940771081	0.843060352554	0.00284921626488	0.104396354073
-aun	0.333421417718	0.357402391491	0.0231221510207	0.28605403977
-nth	0.108008429926	0.801896733404	0.0142255005269	0.0758693361433
-uae	0.561338633632	0.219007118425	0.0	0.219654247943
-huo	0.637918082327	0.0980007170784	0.0417442078844	0.22233699271
-pus	0.0286054827176	0.946364719905	0.0178784266985	0.00715137067937
-nte	0.768041237113	0.170103092784	0.0154639175258	0.0463917525773
-kia	0.761156180794	0.112508462518	0.0240966620386	0.102238694649
-oil	0.170958666955	0.635648849456	0.0718459207963	0.121546562793
-apa	0.085037267036	0.0890382302111	0.0931037250504	0.732820777702
-her	0.0	1.0	0.0	0.0
-sha	0.0	1.0	0.0	0.0
-lta	0.227956989247	0.658064516129	0.0688172043011	0.0451612903226
-cas	0.063492063492	0.904761904762	0.0	0.031746031746
-iva	0.252668189723	0.6258737682	0.0975210556825	0.0239369863948
-opu	0.0105263157895	0.989473684211	0.0	0.0
-ape	0.0898868501974	0.781715782548	0.0840624604843	0.0443349067705
-opo	0.164451742407	0.341337784474	0.0396553587711	0.454555114348
-ope	0.0760781924044	0.844039705571	0.0486055118139	0.0312765902107
-opa	0.291898399349	0.214053174173	0.418085322843	0.0759631036354
-dea	0.0633478536951	0.728590607206	0.117495037766	0.0905665013329
-imu	0.159808205406	0.727350063803	0.0622945748425	0.0505471559491
-dee	0.00517966979605	0.968598251861	0.0262220783425	0.0
-dei	0.289473684211	0.582995951417	0.0364372469636	0.0910931174088
-dek	0.0252621544328	0.969971401335	0.0047664442326	0.0
-oks	0.00793650793651	0.984126984127	0.00793650793652	0.0
-deo	0.516666666667	0.483333333333	0.0	0.0
-ima	0.302356946618	0.323537862401	0.0766706810862	0.297434509895
-oio	0.0734118331152	0.417974996366	0.224414885885	0.284198284634
-oko	0.289405684754	0.49354005168	0.17984496124	0.0372093023256
-des	0.0272108843537	0.884353741497	0.0748299319728	0.0136054421769
-oki	0.348739495798	0.363445378151	0.13025210084	0.15756302521
-aka	0.396721700914	0.528447559093	0.0320703171398	0.0427604228531
-imi	0.027149321267	0.891402714932	0.0	0.0814479638009
-oka	0.346730976677	0.500812141201	0.0336338049125	0.118823077209
-imo	0.31506147541	0.139344262295	0.46875	0.076844262295
-nes	0.0503355704698	0.906879194631	0.0302013422819	0.0125838926174
-lla	0.117449664429	0.862416107383	0.0134228187919	0.00671140939599
-ech	0.0	1.0	0.0	0.0
-ece	0.273638968481	0.593123209169	0.0902578796562	0.0429799426934
-ida	0.0	1.0	0.0	0.0
-rga	0.0	1.0	0.0	0.0
-bia	0.0547368421053	0.932631578947	0.0126315789474	0.0
-tle	0.182590233546	0.562632696391	0.231422505308	0.0233545647558
-ter	0.0325214648677	0.933485193622	0.0065533555283	0.0274399859821
-rau	0.423423153135	0.464570416448	0.0628012933549	0.0492051370616
-eje	0.18441067171	0.55578938956	0.1739547398	0.0858451989291
-ute	0.38432240343	0.295010132938	0.114606026081	0.206061437551
-rin	0.0521235521236	0.927606177606	0.0173745173745	0.00289575289575
-rio	0.724058940069	0.196693907875	0.0235264982664	0.055720653789
-uth	0.0	1.0	0.0	0.0
-uti	0.481081081081	0.324324324324	0.145945945946	0.0486486486486
-uto	0.523252603909	0.0368493221895	0.0116278830212	0.42827019088
-ejo	0.510882219487	0.165498426951	0.0601987863675	0.263420567195
-tea	0.439382332886	0.349213867199	0.0605517870016	0.150852012914
-ris	0.0754716981132	0.905660377359	0.0	0.0188679245283
-utu	0.0501377244608	0.769048658342	0.0644520372684	0.116361579929
-tei	0.547760693804	0.217596957253	0.0607738224739	0.173868526469
-tel	0.0707440508237	0.824270485625	0.045045045045	0.0599404185062
-ten	0.0984251968504	0.586614173228	0.0314960629921	0.283464566929
-teo	0.673720248445	0.209107492	0.0360343161729	0.0811379433825
-ard	0.10254691689	0.721179624665	0.170241286863	0.00603217158177
-jio	0.41411753176	0.133592228252	0.0339952712884	0.4182949687
-mew	0.0	0.919282511211	0.0	0.0807174887893
-ara	0.233238845993	0.326108083634	0.140798349615	0.299854720758
-mes	0.0219877517893	0.967608647532	0.00464841732458	0.00575518335424
-eri	0.299453924915	0.524232081911	0.107576791809	0.0687372013652
-lus	0.0755735492578	0.898785425101	0.0242914979757	0.00134952766532
-ari	0.324595620382	0.340601102807	0.0717396654038	0.263063611407
-jia	0.881578947368	0.0394736842105	0.0263157894737	0.0526315789474
-aru	0.191871043412	0.697457257567	0.0523284663849	0.0583432326361
-ram	0.0	1.0	0.0	0.0
-mea	0.0	0.966101694915	0.0338983050847	0.0
-mel	0.035799522673	0.949880668258	0.0143198090692	0.0
-men	0.020051986632	0.157073895284	0.036761975492	0.786112142592
-mei	0.0208470739411	0.861494218771	0.0586550880661	0.0590036192221
-ary	0.00425747592498	0.832235174861	0.0	0.163507349214
-pha	0.0166666666667	0.983333333333	0.0	0.0
-oje	0.0661710037175	0.912267657993	0.00148698884758	0.0200743494424
-vue	0.592875318066	0.164122137405	0.0381679389313	0.204834605598
-vua	0.639806190611	0.148085426663	0.0567786245178	0.155329758209
-vuo	0.643621187974	0.117595418816	0.0174225439615	0.221360849248
-ndi	0.0765366978557	0.888500867342	0.00692474885361	0.0280376859485
-xad	0.0	1.0	0.0	0.0
-umu	0.536919831224	0.314345991561	0.0601265822785	0.0886075949367
-ota	0.0983973651507	0.207658025659	0.0353748346592	0.658569774531
-ote	0.206975831477	0.175079968206	0.0604841572564	0.55746004306
-oth	0.270833333333	0.729166666667	0.0	0.0
-oti	0.297158796056	0.63829787234	0.0177304964539	0.0468128351496
-ijo	0.44090874882	0.318737455363	0.0516994771846	0.188654318632
-iji	0.0657009399172	0.670185288921	0.00862109758224	0.25549267358
-oto	0.312803607859	0.0700597655006	0.0178560169506	0.59928060969
-ume	0.102903823711	0.750943914327	0.0833390540263	0.0628132079358
-uma	0.404836862607	0.339518283948	0.0873459235148	0.16829892993
-otu	0.0888888888889	0.6	0.222222222222	0.0888888888889
-umo	0.0983769831353	0.198956197298	0.0443797339674	0.658287085599
-umi	0.212218649518	0.63344051447	0.0675241157556	0.0868167202572
-ako	0.217746598452	0.200558554522	0.12122640209	0.460468444937
-nah	0.028406946243	0.957389580636	0.0142034731215	0.0
-nai	0.00530035335689	0.973498233216	0.0	0.0212014134276
-nan	0.0215517241379	0.978448275862	0.0	0.0
-oai	0.462311557789	0.301507537688	0.0100502512563	0.226130653266
-aki	0.898113207547	0.0566037735849	0.0452830188679	0.0
-nam	0.0	1.0	0.0	0.0
-sis	0.0	1.0	0.0	0.0
-ake	0.28	0.4	0.266666666667	0.0533333333333
-yst	0.0	0.684210526316	0.315789473684	0.0
-kio	0.446153846154	0.492307692308	0.0	0.0615384615385
-kin	0.511111111111	0.333333333333	0.0888888888889	0.0666666666667
-kim	0.0	1.0	0.0	0.0
-sio	0.334781035107	0.181777053927	0.130655085053	0.352786825914
-gia	0.511442074185	0.300426243715	0.0298269833432	0.158304698757
-nas	0.0306483300589	0.955206286837	0.00943025540274	0.00471512770137
-sia	0.0441746425245	0.893413613746	0.0226542792593	0.03975746447
-oae	0.434488905568	0.278768119341	0.143547403481	0.14319557161
-nau	0.0230676098212	0.0348563982831	0.0093383851145	0.932737606781
-goi	0.506738544474	0.359838274933	0.0161725067385	0.117250673854
-mos	0.020725388601	0.979274611399	0.0	0.0
-mor	0.0	0.973684210526	0.0263157894737	0.0
-gon	0.0233929528729	0.950289975145	0.00731029777279	0.0190067742093
-goa	0.452042302309	0.360905710529	0.06828882071	0.118763166452
-goe	0.360902255639	0.263458646617	0.178646616541	0.196992481203
-god	0.0724045858777	0.819478424805	0.0115026221003	0.0966143672166
-gog	0.0	0.981132075472	0.0188679245283	0.0
-cos	0.0365853658537	0.963414634146	0.0	0.0
-mon	0.00593810665753	0.991168969586	0.0	0.00289292375624
-gou	0.436459246275	0.0718667835232	0.152205667543	0.339468302659
-con	0.152714932127	0.661764705882	0.151583710407	0.0339366515837
-ber	0.0562685093781	0.916090819348	0.0	0.0276406712735
-eor	0.063829787234	0.936170212766	0.0	0.0
-cob	0.00251256281407	0.987716359576	0.00251256281407	0.0072585147962
-eon	0.125557062585	0.848866498741	0.011625653943	0.0139507847316
-bei	0.478625998717	0.355164168659	0.0804805505336	0.0857292820902
-ben	0.090395480226	0.909604519774	0.0	0.0
-beo	0.491652274036	0.276722318173	0.062751871042	0.168873536749
-bel	0.0689655172413	0.912643678161	0.0	0.0183908045977
-cow	0.0595555555556	0.935111111111	0.00266666666666	0.00266666666667
-bea	0.506055573887	0.302135002245	0.107101708759	0.0847077151094
-bed	0.302521008403	0.697478991597	0.0	0.0
-iso	0.0254648867461	0.705892752319	0.0307285834133	0.237913777521
-evu	0.435884750791	0.349731556836	0.0983490580706	0.116034634303
-rei	0.324665676077	0.323675086677	0.011391778108	0.340267459138
-reo	0.504072805095	0.290638299355	0.0731954702461	0.132093425304
-isi	0.309845544801	0.429887314724	0.113425601222	0.146841539253
-ish	0.0	0.939393939394	0.0606060606061	0.0
-ise	0.486579097659	0.327241576242	0.153626499143	0.0325528269561
-rea	0.291466409218	0.429827691145	0.0295401599261	0.249165739711
-red	0.0	1.0	0.0	0.0
-ree	0.0348258706468	0.587064676617	0.134328358209	0.243781094527
-rez	0.0	1.0	0.0	0.0
-eve	0.513957258179	0.30509351466	0.0608160272692	0.120133199892
-eva	0.328108397625	0.40137770413	0.0692580155496	0.201255882696
-upa	0.472566371681	0.27610619469	0.200884955752	0.0504424778761
-res	0.055	0.8625	0.045	0.0375
-evo	0.419759588167	0.201005885218	0.12607796927	0.253156557345
-evi	0.124878232288	0.102348025739	0.0144114834798	0.758362258493
-ret	0.360144057623	0.575030012005	0.00720288115248	0.0576230492197
-upi	0.315536755459	0.264319195153	0.33440036584	0.0857436835487
-avi	0.172275908031	0.582472509163	0.0989670109964	0.146284571809
-hab	0.00662251655629	0.993377483444	0.0	0.0
-oat	0.113957467612	0.858323148374	0.0277193840137	0.0
-hae	0.793627143887	0.120755637087	0.0241840845948	0.0614331344306
-avo	0.14102128875	0.0738249951381	0.00559875810591	0.779554958006
-hah	0.0	1.0	0.0	0.0
-ava	0.40501018249	0.25006763665	0.110155158243	0.234767022616
-mas	0.029224428625	0.966279505433	0.00224803297115	0.00224803297115
-mar	0.0	1.0	0.0	0.0
-ave	0.565050206987	0.187486701491	0.0460793342835	0.201383757239
-han	0.0	1.0	0.0	0.0
-mai	0.0179670634393	0.949628054286	0.0131544571609	0.0192504251135
-mah	0.108958837772	0.847457627119	0.043583535109	0.0
-har	0.0	0.987772857311	0.0	0.0122271426892
-jua	0.0160411647682	0.955368459931	0.00512880778302	0.0234615675181
-hat	0.0	1.0	0.0	0.0
-hau	0.804347826087	0.0869565217391	0.0652173913043	0.0434782608696
-man	0.180880406228	0.492932406015	0.294343055971	0.0318441317863
-haz	0.0	1.0	0.0	0.0
-avu	0.718625498008	0.213645418327	0.0244023904382	0.0433266932271
-une	0.246931460227	0.545119905379	0.0925087801875	0.115439854207
-una	0.348874918348	0.180119558062	0.0360550273014	0.434950496289
-unu	0.633452321278	0.125973021833	0.0417351176523	0.198839539236
-666	0.0344827586207	0.0	0.0	0.965517241379
-tre	0.319306930693	0.532178217822	0.0891089108911	0.0594059405941
-gae	0.583213145153	0.144869681673	0.0523419525428	0.219575220631
-gad	0.0	1.0	0.0	0.0
-tra	0.0	1.0	0.0	0.0
-500	0.1036453674	0.221929847545	0.0481731989325	0.626251586122
-ada	0.00608237127091	0.968520170826	0.00232404745611	0.0230734104469
-hio	0.205186020293	0.794813979707	0.0	0.0
-gai	0.0	1.0	0.0	0.0
-gau	0.468695652174	0.244347826087	0.211304347826	0.075652173913
-gar	0.276417525773	0.558634020619	0.149484536082	0.0154639175258
-hia	0.259736205083	0.206027765185	0.163511791222	0.37072423851
-ana	0.0935527852222	0.0965095063526	0.0256838547729	0.784253853652
-nor	0.0409617097061	0.916295636687	0.00890471950133	0.033837934105
-seo	0.361144699718	0.486497380089	0.0628778718259	0.0894800483676
-ohu	0.0869604336775	0.597666386518	0.265915787881	0.0494573919231
-eoi	0.436389288117	0.26354227607	0.0875166636753	0.212551772138
-seh	0.0	1.0	0.0	0.0
-ina	0.150488313725	0.0768795042645	0.0265232620217	0.746108919989
-see	0.0163721131953	0.955726625465	0.000433698362787	0.0274675629766
-ine	0.3447774617	0.212970059049	0.0376762173198	0.404576261931
-sea	0.452738582916	0.450766196328	0.0600819299044	0.0364132908512
-ing	0.058252603646	0.877042476236	0.023082934986	0.0416219851324
-oha	0.258064516129	0.741935483871	0.0	0.0
-uin	0.222978582102	0.767059604848	0.00597708782999	0.00398472521999
-uia	0.0901898734177	0.909810126582	0.0	0.0
-ohn	0.0481133874282	0.888243893138	0.0122878752569	0.051354844177
-oho	0.156990322155	0.201518483295	0.344743367863	0.296747826687
-ses	0.0677676024621	0.898994145023	0.0077766101186	0.025461642396
-inu	0.499062570223	0.176815750634	0.0476650824979	0.276456596645
-iae	0.479096651174	0.147151710166	0.0414193779049	0.332332260756
-rse	0.0238764044943	0.920646067416	0.0189606741573	0.0365168539326
-uja	0.46782057607	0.181507786672	0.0501348478738	0.300536789384
-ght	0.04	0.64	0.18	0.14
-ook	0.105090909091	0.843272727273	0.0167272727273	0.0349090909091
-ian	0.267267267267	0.597597597598	0.117117117117	0.018018018018
-ner	0.0	1.0	0.0	0.0
-ool	0.245255474453	0.506569343066	0.239416058394	0.00875912408758
-nen	0.457746478873	0.37323943662	0.0422535211268	0.12676056338
-eoa	0.313261888271	0.375457639575	0.0665755815681	0.244704890585
-ias	0.065693878804	0.884370587152	0.0137118064793	0.0362237275648
-nei	0.0640218191137	0.136625459127	0.18512233603	0.614230385729
-bao	0.527476635514	0.253457943925	0.0654205607477	0.153644859813
-eka	0.308236376853	0.573612651569	0.0411646854956	0.0769862860821
-hoa	0.813708260106	0.101933216169	0.0579964850615	0.0263620386643
-eke	0.291634144611	0.511246718229	0.0706733839495	0.126445753211
-bai	0.489805595069	0.214319582741	0.0483641536273	0.247510668563
-eki	0.429825907	0.270338227206	0.156707361927	0.143128503868
-bae	0.456415378562	0.13610961142	0.0841908971893	0.323284112829
-hon	0.0499124343257	0.591506129597	0.319176882662	0.0394045534151
-hor	0.159767610748	0.774146695715	0.0442992011619	0.0217864923747
-hos	0.0192307692308	0.980769230769	0.0	0.0
-hop	0.263698630137	0.479452054795	0.191780821918	0.0650684931506
-upu	0.36460807601	0.258115597783	0.300079176564	0.0771971496437
-bau	0.495716434375	0.263909228193	0.0526814545054	0.187692882926
-bas	0.0520805369127	0.910469798658	0.0245637583893	0.0128859060403
-job	0.168674698795	0.771084337349	0.0602409638554	0.0
-ase	0.309446254072	0.602605863192	0.0195439739414	0.0684039087948
-mbu	0.229021690092	0.418371294896	0.17458658671	0.178020428302
-asa	0.0988530639842	0.736323413032	0.13664739228	0.0281761307039
-aso	0.293599232726	0.602199253874	0.0747105190419	0.0294909943586
-ihe	0.431947201375	0.304955737177	0.0394940209457	0.223603040502
-asi	0.42452578526	0.1991157115	0.052394186436	0.323964316804
-mba	0.292674592447	0.381954258903	0.0626940445551	0.262677104095
-ast	0.345323741007	0.395683453237	0.0647482014389	0.194244604317
-mbe	0.388781324335	0.434640703657	0.0743486197931	0.102229352216
-mbi	0.158536585366	0.642857142857	0.0731707317073	0.12543554007
-nyx	0.0	0.895424836601	0.104575163399	0.0
-zor	0.0	1.0	0.0	0.0
-mbo	0.0665252509416	0.342805395273	0.022994920561	0.567674433224
-ove	0.32396213426	0.371470949469	0.105271457151	0.199295459121
-ogo	0.284244266	0.248245301976	0.358485234106	0.109025197918
-430	0.51768488746	0.0771704180064	0.0192926045016	0.385852090032
-ers	0.0183930300097	0.778315585673	0.0232333010648	0.180058083253
-ras	0.00719424460432	0.964028776978	0.0287769784173	0.0
-ran	0.1426448737	0.8573551263	0.0	0.0
-rao	0.281690140845	0.704225352113	0.0	0.0140845070423
-dou	0.655189375307	0.273979340876	0.0354156419085	0.0354156419085
-rak	0.0	1.0	0.0	0.0
-rah	0.103911828367	0.819808762429	0.0477181692278	0.0285612399758
-ero	0.120598166908	0.807846920727	0.0393954011899	0.0321595111754
-era	0.288591270655	0.389997574093	0.0827754796516	0.238635675601
-rae	0.302653032692	0.085068867402	0.0371128512788	0.575165248627
-ere	0.443073362925	0.0868424867509	0.028519209411	0.441564940913
-uga	0.0530444739254	0.907717148102	0.0261589186481	0.0130794593241
-ugo	0.164398410213	0.297121522341	0.4204504396	0.118029627845
-aza	0.105263157895	0.859649122807	0.0	0.0350877192982
-ike	0.636205417068	0.28899471281	0.0268303881959	0.0479694819259
-uju	0.386032156902	0.33570610782	0.0569963661706	0.221265369107
-ika	0.432336573686	0.328481157267	0.168543575554	0.0706386934926
-iko	0.176470588235	0.823529411765	0.0	0.0
-lan	0.176682692308	0.671875	0.151442307692	0.0
-nos	0.0	1.0	0.0	0.0
-lah	0.0	1.0	0.0	0.0
-oun	0.301587301587	0.412698412698	0.190476190476	0.0952380952381
-iki	0.141404532165	0.755637329207	0.0552738778483	0.047684260779
-lak	0.0	1.0	0.0	0.0
-aam	0.102272727273	0.839285714286	0.0487012987013	0.00974025974026
-our	0.207175507251	0.648459337696	0.0759643526587	0.0684008023941
-ppi	0.0261194029851	0.958955223881	0.0	0.0149253731343
-aan	0.00591715976331	0.952662721893	0.00591715976331	0.0355029585799
-uje	0.413722611944	0.126696549629	0.0705247789231	0.389056059504
-non	0.0357142857143	0.928571428571	0.0357142857143	0.0
-las	0.0226442658875	0.969685902118	0.0	0.00766983199416
-uji	0.194527977417	0.685885151219	0.0645769105362	0.0550099608271
-ppa	0.0197748707028	0.922421661089	0.0346820809248	0.0231213872832
-nna	0.108108108108	0.802702702703	0.0243243243243	0.0648648648649
-aac	0.0	0.997671711292	0.0023282887078	0.0
-ujo	0.441497820205	0.215631418315	0.0642300492927	0.278640712188
-gei	0.425182481752	0.242700729927	0.23905109489	0.0930656934307
-ahi	0.263252836776	0.686819901077	0.0363107361071	0.0136165260401
-aho	0.104689260261	0.671201413077	0.177469059148	0.046640267515
-ato	0.449423894514	0.456119452032	0.0504631436259	0.0439935098277
-gea	0.259527309736	0.577066606355	0.0356213954541	0.127784688454
-aha	0.389493768017	0.189800700968	0.224989112176	0.195716418839
-ypt	0.0193396226415	0.921226415094	0.0495283018868	0.00990566037735
-ahe	0.191744340879	0.362849533955	0.435419440746	0.00998668442078
-bor	0.0208333333333	0.979166666667	0.0	0.0
-doa	0.485353245261	0.342906375646	0.14933946008	0.0224009190121
-don	0.0234718826406	0.954523227384	0.00440097799511	0.0176039119804
-dom	0.014987510408	0.960865945046	0.00749375520399	0.0166527893422
-box	0.0320855614973	0.903743315508	0.0320855614973	0.0320855614973
-dok	0.0	1.0	0.0	0.0
-ahu	0.34470893689	0.387427421839	0.0731956509718	0.194667990299
-sar	0.0764671013633	0.903971547125	0.0195613515115	0.0
-dda	0.0235294117647	0.976470588235	0.0	0.0
-toe	0.813775510204	0.163265306122	0.00765306122449	0.015306122449
-saw	0.408163265306	0.367346938776	0.224489795918	0.0
-sau	0.244777866782	0.178145150475	0.103797486707	0.473279496037
-toa	0.477131068387	0.241199192345	0.0421824247213	0.239487314547
-ddi	0.0	1.0	0.0	0.0
-toi	0.584630453762	0.278291420906	0.0706428464962	0.0664352788365
-oli	0.0363636363636	0.963636363636	0.0	0.0
-tou	0.329658937766	0.442275130447	0.17415943882	0.0539064929679
-tor	0.0	0.478260869565	0.326086956522	0.195652173913
-sae	0.0	0.934545454545	0.0654545454546	0.0
-voi	0.480392156863	0.37324929972	0.0917366946779	0.0546218487395
-400	0.24295010846	0.253073029646	0.109182935647	0.394793926247
-sao	0.260912896153	0.447279250548	0.173011760016	0.118796093283
-sam	0.0	1.0	0.0	0.0
-lon	0.0245694327352	0.963868481272	0.011562085993	0.0
-rou	0.447887337091	0.209314256088	0.0618332221336	0.280965184688
-iel	0.0211924121175	0.945841613478	0.032965974405	0.0
-tes	0.0558375634518	0.852791878173	0.0913705583756	0.0
-loi	0.0	0.979591836735	0.0204081632653	0.0
-loe	0.0	0.961538461538	0.0384615384615	0.0
-der	0.102564102564	0.891025641026	0.0	0.00641025641025
-rod	0.0487947501787	0.886102267559	0.0510688064453	0.014034175817
-roe	1.0	0.0	0.0	0.0
-roa	0.495335029686	0.214588634436	0.0839694656488	0.206106870229
-hai	0.061734933164	0.0489015066321	0.0920144771489	0.797349083055
-ron	0.0100406406885	0.948362419316	0.0415969399952	0.0
-doi	0.298311444653	0.352720450281	0.202626641651	0.146341463415
-och	0.0954969691138	0.886462041759	0.00360819782546	0.0144327913018
-ock	0.0	0.690276110444	0.165666266506	0.144057623049
-ipi	0.143401454797	0.424315898857	0.38863872532	0.0436439210253
-ipo	0.656370656371	0.343629343629	0.0	0.0
-ham	0.0739399729321	0.89844120691	0.0252782421782	0.00234057797946
-tie	0.368598323826	0.22864858636	0.0614090442622	0.341344045551
-has	0.0955207771182	0.869940636805	0.0178089584458	0.0167296276309
-nge	0.387477357144	0.0461341740869	0.00436391699614	0.562024551773
-276	0.0	0.264705882353	0.0	0.735294117647
-jue	0.555555555556	0.311111111111	0.0222222222222	0.111111111111
-sts	0.0738487321481	0.900867094142	0.0206936753133	0.00459049839697
-giu	0.164188351921	0.699504337051	0.0120817843866	0.124225526642
-mpa	0.332259796028	0.24154589372	0.101986044015	0.324208266237
-cum	0.0657534246576	0.901369863014	0.0	0.0328767123287
-tio	0.596614913776	0.164907532964	0.0296173267169	0.208860226544
-hys	0.0	1.0	0.0	0.0
-sse	0.0171673819743	0.974248927039	0.0	0.00858369098712
-oja	0.458834281392	0.37090903361	0.0590501552085	0.111206529789
-isa	0.419902876	0.323026954985	0.0421198872531	0.214950281762
-200	0.0921985815602	0.368794326241	0.049645390071	0.489361702128
-cus	0.102213719596	0.874009292156	0.0155780267833	0.0081989614649
-ioi	0.370349738214	0.368148779625	0.0850438322844	0.176457649876
-ois	0.0	1.0	0.0	0.0
-lem	0.00754491293446	0.965955880662	0.00676281830101	0.019736388103
-mum	0.0	1.0	0.0	0.0
-lea	0.0	1.0	0.0	0.0
-ioa	0.455684870188	0.219337511191	0.0402864816472	0.284691136974
-lee	0.00598756032725	0.977495031873	0.0100136784783	0.00650372932098
-ioe	0.532612890776	0.432651485913	0.0115785411038	0.0231570822077
-leg	0.0	1.0	0.0	0.0
-ley	0.204918032787	0.672131147541	0.122950819672	0.0
-oic	0.0421052631579	0.431578947368	0.526315789474	0.0
-mus	0.102211796247	0.710120643432	0.0261394101877	0.161528150134
-ios	0.0	0.933333333333	0.0666666666667	0.0
-ryl	0.0	1.0	0.0	0.0
-les	0.26582278481	0.616033755274	0.0253164556962	0.0928270042194
-iot	0.0647977941177	0.877757352941	0.00689338235294	0.0505514705883
-eel	0.0	1.0	0.0	0.0
-een	0.0503937007874	0.817322834646	0.0850393700787	0.0472440944882
-eek	0.0726943942134	0.439421338155	0.444846292948	0.0430379746835
-aly	0.0	0.94495412844	0.0366972477064	0.0183486238532
-old	0.000593589236247	0.731301939058	0.266917293233	0.0011871784725
-nds	0.0666666666666	0.366666666667	0.5	0.0666666666667
-rrh	0.0328227571116	0.940919037199	0.0262582056893	0.0
-ndu	0.433817903596	0.506503442999	0.0367253251722	0.0229533282326
-gio	0.569123295925	0.288964625543	0.0158168260902	0.126095252441
-gin	0.125581395349	0.455813953488	0.390697674419	0.0279069767442
-olf	0.383304295129	0.616695704871	0.0	0.0
-ndo	0.164244194699	0.672274401772	0.0394903345241	0.123991069005
-ali	0.0	1.0	0.0	0.0
-nda	0.0732548460768	0.694532345508	0.034402093716	0.197810714699
-oam	0.0	0.954751131222	0.0	0.0452488687783
-ald	0.0	0.830699774266	0.135440180587	0.0338600451467
-nde	0.299107662077	0.547304562424	0.0266246361015	0.126963139398
-eep	0.0236432769226	0.955220203226	0.0143853672843	0.00675115256706
-ees	0.0316018888485	0.949872865964	0.00871776244098	0.0098074827461
-ala	0.00819061801935	0.991809381981	0.0	0.0
-uve	0.603113588315	0.163943878532	0.0380549682876	0.194887564866
-120	0.0769230769231	0.25641025641	0.0	0.666666666667
-uva	0.571042650267	0.290999658634	0.0837965234823	0.0541611676166
-uvi	0.118900153852	0.865714623851	0.00946782910567	0.00591739319105
-eho	0.288014839393	0.146293258627	0.0884342928143	0.477257609165
-uvu	0.334429981262	0.300362785578	0.0067855358517	0.358421697309
-yon	0.0327868852459	0.967213114754	0.0	0.0
-chi	0.0	1.0	0.0	0.0
-rie	0.272	0.376	0.16	0.192
-cho	0.0346820809249	0.965317919075	0.0	0.0
-els	0.428279212478	0.42981334697	0.0153413449246	0.126566095628
-ros	0.0	0.901098901099	0.0659340659341	0.032967032967
-ogu	0.125984251968	0.874015748032	0.0	0.0
-che	0.282051282051	0.717948717949	0.0	0.0
-153	0.0	0.02	0.02	0.96
-eli	0.0112994350283	0.971751412429	0.0169491525424	0.0
-per	0.139567252942	0.814880425155	0.0379602682525	0.00759205365051
-oga	0.217333075417	0.522476023791	0.0944109141301	0.165779986661
-cca	0.138121546961	0.773480662984	0.0552486187845	0.0331491712707
-100	0.0590283147813	0.270064497705	0.0532694548026	0.617637732711
-esu	0.0125262900408	0.67224359218	0.00445447469263	0.310775643086
-est	0.0160787735261	0.742016701982	0.232892932818	0.00901159167394
-ito	0.415530958269	0.0827358843895	0.0276457065578	0.474087450784
-esi	0.597374627002	0.2536565893	0.0410485992246	0.107920184474
-uta	0.239556991548	0.264378653727	0.0946434917111	0.401420863015
-iti	0.161041286808	0.37095214205	0.0970955805861	0.370910990555
-esa	0.414450904387	0.455090245624	0.109159445909	0.0212994040798
-ite	0.187455666644	0.285750660007	0.136035403667	0.390758269682
-ese	0.555555555556	0.345679012346	0.0740740740741	0.0246913580247
-ita	0.124440383049	0.0387433603513	0.0127838317084	0.824032424892
-ria	0.386853520261	0.427029760034	0.031185403064	0.15493131664
-uda	0.078947368421	0.881578947369	0.0394736842105	0.0
-ude	0.0740740740741	0.851851851852	0.0740740740741	0.0
-hum	0.0	1.0	0.0	0.0
-hun	0.6	0.36	0.04	0.0
-rim	0.0	1.0	0.0	0.0
-uoi	0.37766074235	0.332748798188	0.119314504946	0.170275954516
-hue	0.390192284825	0.286357432434	0.0730763622565	0.250373920484
-hua	0.462261982568	0.274632193488	0.079147604286	0.183958219659
-uoa	0.404756064126	0.504769050952	0.0476183604854	0.0428565244369
-nja	0.328022492971	0.320524835989	0.224929709466	0.126522961575
-lot	0.0153038450911	0.923480774545	0.0612153803644	0.0
-hus	0.0166666666667	0.973333333333	0.00500000000001	0.005
-aea	0.02	0.96	0.0	0.02
-ory	0.590163934426	0.377049180328	0.0327868852459	0.0
-vau	0.407455570004	0.501517121803	0.0780234070221	0.0130039011704
-sou	0.484210526316	0.305263157895	0.15	0.0605263157895
-nce	0.202677916361	0.718085106383	0.0348495964783	0.0443873807777
-900	0.168	0.288	0.232	0.312
-kon	0.490312965723	0.102831594635	0.0488077496274	0.358047690015
-ael	0.0561299411865	0.863253151253	0.0203871698732	0.0602297376876
-sos	0.0171428571429	0.905714285714	0.0	0.0771428571428
-aen	0.0	0.890410958904	0.0821917808219	0.027397260274
-los	0.0742808072134	0.785744954916	0.0180334907686	0.121940747102
-son	0.01332741004	0.965348733896	0.015992892048	0.00533096401599
-soi	0.204710144928	0.786231884058	0.00905797101449	0.0
-oro	0.312659842228	0.461059853603	0.0628436953143	0.163436608854
-vae	0.38156436103	0.376962540927	0.187095568331	0.054377529712
-vah	0.0226244343892	0.94419306184	0.00603318250376	0.027149321267
-ora	0.364490017145	0.219794114185	0.0763582959159	0.339357572754
-soa	0.442064466468	0.274315302863	0.0619163505955	0.221703880073
-ore	0.414108678593	0.309858145664	0.0893905202871	0.186642655455
-jea	0.558065428771	0.285167592358	0.0441949461709	0.1125720327
-lix	0.125179856115	0.828776978417	0.00719424460433	0.0388489208633
-min	0.0	0.991466363248	0.00853363675156	0.0
-rus	0.0516279457074	0.861437255392	0.0219835123657	0.0649512865351
-dge	0.167904423636	0.664191152728	0.0671617694542	0.100742654181
-lip	0.020334205758	0.974833903765	0.0	0.00483189047715
-jeo	0.688815517953	0.207181180355	0.0693355344614	0.0346677672307
-lis	0.0621761658031	0.856994818653	0.0	0.080829015544
-lim	0.0	1.0	0.0	0.0
-lio	0.0228571428571	0.965714285714	0.0	0.0114285714286
-omo	0.404035771612	0.252923641367	0.166934189406	0.176106397615
-ruo	0.596069868996	0.390829694323	0.0131004366812	0.0
-rum	0.0	0.852112676056	0.0633802816901	0.0845070422535
-rni	0.0	1.0	0.0	0.0
-ice	0.0620008740302	0.918041763085	0.00718465063869	0.0127727122466
-rua	0.476190476191	0.333333333333	0.174603174603	0.015873015873
-rug	0.0	1.0	0.0	0.0
-ome	0.0810183659829	0.727649700176	0.0554227188433	0.135909214998
-rue	0.719256933543	0.171899529042	0.0266875981162	0.0821559392988
-eas	0.0	1.0	0.0	0.0
-ear	0.0975609756098	0.682926829268	0.219512195122	0.0
-eau	0.42038035765	0.19926199262	0.109565711042	0.270791938689
-eat	0.0585774058577	0.914225941423	0.0188284518828	0.00836820083685
-144	0.00995024875622	0.174129353234	0.0	0.81592039801
-oda	0.10582010582	0.89417989418	0.0	0.0
-eae	0.301006698589	0.53089182925	0.0693418572666	0.0987596148948
-ead	0.0442154341113	0.919706836188	0.0016344226617	0.0344433070392
-rna	0.0315987765602	0.965241345784	0.0	0.00315987765602
-eoe	0.235294117647	0.313725490196	0.0	0.450980392157
-ean	0.200787401575	0.562992125984	0.236220472441	0.0
-uri	0.291507227891	0.608976403061	0.0814466411565	0.0180697278911
-gue	0.33845182855	0.10126539449	0.0376471129515	0.522635664008
-ehi	0.309971098266	0.563222543353	0.0986271676301	0.0281791907514
-ura	0.109554604007	0.443578028917	0.226797596056	0.22006977102
-ehe	0.233687405159	0.698027314112	0.0318664643399	0.0364188163884
ALL	0.232468972482	0.287052831871	0.0527920383869	0.42768615726
-eha	0.174751159734	0.205291493217	0.2476256147	0.372331732348
-ion	0.11044063982	0.797175997967	0.0524243543451	0.0399590078675
-urs	0.0	1.0	0.0	0.0
-zen	0.138143638427	0.674465999381	0.163914972655	0.0234753895367
-uru	0.183868986884	0.598927473549	0.122506766684	0.0946967728826
-dus	0.0337394564198	0.855670103093	0.0374882849109	0.0731021555763
-bya	0.142131979695	0.827411167513	0.0203045685279	0.0101522842639
-/10	0.165593376265	0.735970561178	0.0735970561177	0.0248390064397
-dua	0.667687595712	0.256508422665	0.02067381317	0.0551301684533
-paz	0.0	0.873684210526	0.126315789474	0.0
-due	0.115384615385	0.596153846154	0.0961538461538	0.192307692308
-pas	0.0955581224404	0.885330253072	0.00955581224404	0.00955581224404
-ist	0.110091743119	0.834862385321	0.0550458715596	0.0
-duo	0.264705882353	0.691176470588	0.0441176470588	0.0
-jie	0.132031245971	0.0491950331287	0.0365034750359	0.782270245864
-kea	0.491696666965	0.304118132463	0.0601644942143	0.144020706358
-ini	0.460096929653	0.345689137079	0.13589438663	0.0583195466387
-keo	0.51717636073	0.167853358953	0.0354660872376	0.279504193079
-sus	0.0546912980068	0.928536703938	0.0102090422946	0.00656295576082
-sop	0.0	0.914285714286	0.0857142857143	0.0
-1/3	0.0	0.158102766798	0.841897233202	0.0
-1/2	0.0	0.459459459459	0.259459459459	0.281081081081
-ket	0.112957310108	0.793028531169	0.0378863027691	0.0561278559542
-oru	0.270915210098	0.45718690246	0.199710897086	0.0721869903556
-nus	0.0715350223547	0.865871833085	0.0178837555887	0.0447093889717
-key	0.107823470411	0.833787075512	0.00967187276114	0.0487175813154
-die	0.559640389087	0.320677627485	0.0275112173714	0.0921707660564
-dia	0.47607285729	0.448039382202	0.0212922493513	0.0545955111571
-dio	0.711701734958	0.212624584718	0.00885935769656	0.0668143226282
-ori	0.35358056266	0.348465473146	0.128516624041	0.169437340153
-dis	0.0	0.986182380764	0.0	0.013817619236
-arp	0.15306122449	0.84693877551	0.0	0.0
-rew	0.0	0.99070663959	0.00619557360686	0.00309778680343
-sli	0.0	1.0	0.0	0.0
-ovo	0.391746615043	0.235272790547	0.109632354007	0.263348240402
-iha	0.139710704396	0.592000638971	0.216786339942	0.0515023166916
-vea	0.660354055167	0.207904487443	0.0222313709346	0.109510086455
-nns	0.0363636363636	0.818181818182	0.0	0.145454545455
-veo	0.782573726542	0.172386058981	0.0225201072386	0.0225201072386
-ihi	0.0676262154163	0.863549865087	0.035955683282	0.0328682362143
-iho	0.128122012175	0.587991224743	0.0633729368951	0.220513826187
-veh	0.444272091673	0.555727908327	0.0	0.0
-vei	0.370447965869	0.386827670273	0.0323784854487	0.210345878409
-uka	0.238688746404	0.579810554936	0.112261934757	0.0692387639037
-one	0.11335560693	0.505976466297	0.0319526539944	0.348715272778
-ver	0.0722366813619	0.879959632443	0.0430233175758	0.00478036861954
-ves	0.0462660296706	0.946190595927	0.0	0.00754337440282
-uke	0.258054617981	0.659097882786	0.0423442773857	0.0405032218472
-uki	1.0	0.0	0.0	0.0
-ovu	0.314453709643	0.605623262775	0.0359204618345	0.0440025657473
-uko	0.24321959755	0.167979002625	0.588801399825	0.0
-afe	0.078431372549	0.921568627451	0.0	0.0
-ngs	0.0367614228308	0.946271766632	0.00416728679863	0.0127995237387
-ngu	0.129969631962	0.813703229042	0.0119939821135	0.044333156883
-ais	0.222222222222	0.777777777778	0.0	0.0
-tis	0.0	0.992537313433	0.00746268656718	0.0
-nga	0.253056339205	0.351714416068	0.130245241523	0.264984003204
-aia	0.0344393535069	0.912189718544	0.0201399728111	0.0332309551382
-tia	0.627718283182	0.119165441289	0.0349036338829	0.218212641647
-reu	0.0	1.0	0.0	0.0
-ono	0.221255610729	0.144480322809	0.191157644738	0.443106421724
-aim	0.0	1.0	0.0	0.0
-ngi	0.0988947062246	0.762652705061	0.0605002908668	0.0779522978476
-ain	0.278400318741	0.618307684646	0.0627521290901	0.0405398675233
-ngo	0.0470850573337	0.0406817459186	0.00800681407578	0.904226382672
-jau	0.299645391922	0.484468361142	0.106173564067	0.109712682869
-ema	0.118181818182	0.812121212121	0.0242424242424	0.0454545454546
-ova	0.393414404196	0.242606240859	0.104469503467	0.259509851478
-emo	0.183601268748	0.145985649455	0.0479978410665	0.62241524073
-emi	0.107965152458	0.856565028003	0.00746733042937	0.0280024891101
-260	0.0622009569377	0.114832535885	0.0	0.822966507177
-jae	0.24812897318	0.3634825842	0.292665176016	0.0957232666043
-egi	0.049356321824	0.0226024911581	0.0043074812756	0.923733705742
-jao	0.0547945205479	0.563600782779	0.0371819960861	0.344422700587
-das	0.0624113475177	0.90571547768	0.00200250312891	0.0298706716729
-jah	0.0181977636483	0.973909230432	0.00263100197325	0.00526200394651
-jai	0.0630472854641	0.83887915937	0.0560420315236	0.0420315236427
-ins	0.21897810219	0.394160583942	0.021897810219	0.36496350365
-cil	0.0898067449791	0.827207275483	0.0625236832133	0.0204622963244
-cia	0.0521640521641	0.861651861652	0.024948024948	0.0612360612361
-ohi	0.0588235294117	0.941176470588	0.0	0.0
-ani	0.0919319704493	0.788785227541	0.00953015613691	0.109752645872
-zar	0.0	1.0	0.0	0.0
-dah	0.0487908358082	0.91302503182	0.0275774289351	0.0106067034366
-dai	0.593258426966	0.151685393258	0.0202247191011	0.234831460674
-etu	0.154273858921	0.832780082988	0.0	0.0129460580913
-nze	0.0283687943262	0.943262411348	0.0283687943262	0.0
-000	0.0688808968836	0.193965156965	0.00780163611031	0.729352310041
-eta	0.0639899355425	0.875770975006	0.0236829591727	0.0365561302786
-ete	0.316803985044	0.31430842848	0.0765140102278	0.292373576249
-rch	0.237885248687	0.694147537402	0.0203901641732	0.0475770497374
-eth	0.0152966108447	0.903280804347	0.00366481301486	0.0777577717937
-eti	0.0459595291628	0.938500198387	0.00264515275757	0.0128951196932
-eto	0.186557729657	0.0650808469233	0.0147987897902	0.733562633629
-atu	0.363591274052	0.112291285652	0.0845603167468	0.43955712355
-buo	0.582776915581	0.192370159166	0.0516115061176	0.173241419136
-bul	0.130734212677	0.81650519435	0.00700361853624	0.0457569744368
-ede	0.0	1.0	0.0	0.0
-bue	0.159090909091	0.113636363636	0.704545454545	0.0227272727273
-300	0.132653061225	0.408163265306	0.0612244897959	0.397959183673
-ate	0.159668850652	0.207763075731	0.0237106286824	0.608857444934
-ata	0.331679288355	0.467483446824	0.11840583703	0.0824314277912
-bus	0.0188679245283	0.962264150943	0.0188679245283	0.0
-ano	0.295911355271	0.0761617899491	0.0280250482864	0.599901806493
-ath	0.0417391304348	0.958260869565	0.0	0.0
-ati	0.133872416891	0.860736747529	0.0	0.00539083557951
-ose	0.0961833484005	0.683197563609	0.151383772923	0.0692353150677
-kai	0.660689655173	0.289655172414	0.00827586206896	0.0413793103448
-bua	0.48155870704	0.0940079212981	0.0422639580938	0.382169413568
-osa	0.452644983917	0.418982254399	0.05304379695	0.0753289647344
-oso	0.136726188104	0.170584227806	0.293682382132	0.399007201957
-osi	0.0186046511628	0.937209302326	0.0186046511628	0.0255813953489
-kae	0.49167263419	0.198870292863	0.0737157778358	0.235741295111
-iah	0.0703879966669	0.896246264653	0.0120142777242	0.0213514609556
-ost	0.0845070422535	0.74823943662	0.167253521127	0.0
-ace	0.0134228187919	0.959731543624	0.0268456375839	0.0
-nia	0.0401776274054	0.914992598858	0.0437724677522	0.00105730598435
-oss	0.475588845772	0.502301236351	0.00406100532443	0.018048912553
-osy	0.136363636364	0.781818181818	0.0545454545455	0.0272727272727
-oma	0.099468257173	0.771502128612	0.1059387688	0.0230908454152
-kau	0.404301962237	0.162092988578	0.0431398170441	0.390465232142
-ino	0.0672218917311	0.897085068412	0.00356930398572	0.0321237358716
-aja	0.38255880335	0.309755244923	0.124496387207	0.18318956452
-lia	0.144388210777	0.830604346532	0.0119083060434	0.0130991366478
-ica	0.0423476968796	0.939821693908	0.0178306092125	0.0
-yre	0.0	1.0	0.0	0.0
-fig	0.0	1.0	0.0	0.0
-fus	0.0	0.949008498584	0.0509915014164	0.0
-vio	0.512345679012	0.197530864197	0.123456790123	0.166666666667
-oju	0.30986993114	0.231040319028	0.361920660314	0.097169089518
-via	0.512820512821	0.0955710955711	0.00699300699301	0.384615384615
-vid	0.00827558000952	0.964940617122	0.00234847540811	0.0244353274605
-vie	0.35761589404	0.278145695364	0.0993377483444	0.264900662252
-ods	0.421875	0.515625	0.03125	0.03125
-upo	0.372163388805	0.311649016641	0.121028744327	0.195158850227
-ila	0.00800000000001	0.992	0.0	0.0
-ilo	0.24358974359	0.576923076923	0.115384615385	0.0641025641026
-ojo	0.433062531491	0.232613954217	0.0996995956205	0.234623918672
-oao	0.924528301887	0.0754716981132	0.0	0.0
-oan	0.173726483061	0.583820073545	0.223362621079	0.0190908223144
-iga	0.0941701097213	0.271905891106	0.0201093484573	0.613814650716
-ige	0.340021119324	0.0316789862724	0.564941921859	0.0633579725449
-oah	0.0688741721855	0.917880794702	0.00397350993377	0.00927152317881
-eba	0.0	0.958793230316	0.0412067696836	0.0
-igi	0.288568909786	0.633705553923	0.052159858948	0.0255656773435
-are	0.442337285249	0.3287378308	0.0808424158245	0.148082468127
-igo	0.601176470588	0.23	0.0329411764706	0.135882352941
-ebe	0.140350877193	0.859649122807	0.0	0.0
-ami	0.345944401811	0.34082140779	0.100994661967	0.212239528432
-lms	0.111838790932	0.888161209068	0.0	0.0
-oaz	0.0347826086956	0.965217391304	0.0	0.0
-amo	0.406291921969	0.120049562716	0.0108680293221	0.462790485992
-ama	0.103502894272	0.779588945665	0.020828715983	0.0960794440807
-oau	0.464990147782	0.257156843666	0.0330913234004	0.244761685152
-amb	0.0672782874618	0.899638587712	0.0180706144009	0.0150125104254
-ame	0.782239238024	0.0636847511439	0.0022411056121	0.15183490522
-usi	0.184147381679	0.765630605135	0.0	0.0502220131853
-iro	0.194676970318	0.656222965699	0.0556416577727	0.0934584062103
-uso	0.654929577465	0.345070422535	0.0	0.0
-iri	0.183574619505	0.626049203021	0.147700439086	0.0426757383881
-hin	0.595238095238	0.261904761905	0.0	0.142857142857
-ein	0.732853894041	0.267146105959	0.0	0.0
-gus	0.0224215246637	0.977578475336	0.0	0.0
-ire	0.237900341719	0.341305036289	0.189929112686	0.230865509306
-ira	0.388392525719	0.293369468262	0.0703739140661	0.247864091953
-use	0.10739002466	0.800015909633	0.0147959589531	0.0777981067536
-guo	0.356687898089	0.407643312102	0.0229299363057	0.212738853503
-kao	0.46438140996	0.355385136592	0.118143459916	0.0620899935323
-gua	0.644392987099	0.166060205094	0.00793913331128	0.181607674496
-usu	0.298646952765	0.450449728239	0.10091519806	0.149988120936
-uza	0.0	0.940298507463	0.0	0.0597014925373
