kud-	0.300181662243	0.22415364979	0.0176259648696	0.458038723097
ris-	0.0712882735311	0.851508705352	0.0108955876576	0.0663074334592
omo-	0.0304358031453	0.963304905719	0.0	0.00625929113527
lur-	0.25976746622	0.159945532628	0.0853671310359	0.494919870116
imt-	0.653833677248	0.12707137515	0.0774890292583	0.141605918343
sto-	0.0	0.157894736842	0.842105263158	0.0
nyu-	0.162711864407	0.622033898305	0.093220338983	0.122033898305
fig-	0.0	1.0	0.0	0.0
myu-	0.00761904761904	0.866031746032	0.120634920635	0.00571428571428
fou-	0.288104089219	0.456319702602	0.218401486989	0.0371747211896
der-	0.0102739726027	0.989726027397	0.0	0.0
hat-	0.0953932302694	0.136530966722	0.0942136690834	0.673862133925
tib-	0.0	0.993325917686	0.0	0.00667408231368
swa-	0.375	0.24537037037	0.37962962963	0.0
uit-	0.322108345534	0.502196193265	0.0768667642753	0.0988286969253
iit-	0.376967962127	0.322470549378	0.180557084664	0.120004403831
hed-	0.111712931618	0.691943127962	0.181835767482	0.0145081729374
naṟ-	0.53890202259	0.22390333596	0.100604150249	0.1365904912
mhy-	0.05441084649	0.023726696994	0.864329676211	0.0575327803051
paf-	0.0	1.0	0.0	0.0
abr-	0.00540896265111	0.978364149396	0.00973613277201	0.00649075518134
onu-	0.0493962678376	0.0422612513721	0.0102908891328	0.898051591658
ong-	0.678899082569	0.239014968614	0.0410429744085	0.0410429744085
her-	0.0319791240278	0.897666803111	0.0550040933279	0.0153499795334
wod-	0.119336997111	0.220038046925	0.112731628267	0.547893327697
ate-	0.378404240308	0.288875366	0.0500052915652	0.282715102127
naw-	0.189498328	0.0599974596971	0.0185539308153	0.731950281487
eru-	0.691176470588	0.0441176470588	0.0735294117646	0.191176470588
pat-	0.274807829674	0.16478617321	0.0980869176391	0.462319079477
kov-	0.331914893617	0.617021276596	0.0	0.0510638297872
osh-	0.121386101377	0.495509927019	0.0127239454225	0.370380026182
oma-	0.221518987342	0.703469292077	0.00937646507266	0.0656352555085
kid-	0.266982506023	0.335377326239	0.0267031040374	0.3709370637
fua-	0.407193756363	0.239904988123	0.122158126909	0.230743128605
mwi-	0.17830340958	0.709047722351	0.0424313065092	0.0702175615603
kiv-	0.070826306914	0.102866779089	0.0	0.826306913997
ifa-	0.269872660294	0.501109219069	0.192451204537	0.0365669160996
hor-	0.800197823937	0.0751730959446	0.0890207715133	0.0356083086053
nge-	0.201358819304	0.22779684106	0.0676869735934	0.503157366043
ṟuk-	0.0923076923076	0.861538461539	0.0461538461538	0.0
nai-	0.47954221926	0.30810558449	0.0686572891197	0.14369490713
miu-	0.0	0.00928792569659	0.990712074303	0.0
nkw-	0.0594059405941	0.306930693069	0.217821782178	0.415841584158
eso-	0.636363636364	0.193181818182	0.0340909090909	0.136363636364
che-	0.0612244897959	0.69387755102	0.122448979592	0.122448979592
asi-	0.0231691078562	0.972836218375	0.0	0.00399467376831
seṟ-	0.577142857143	0.251428571429	0.137142857143	0.0342857142857
mpe-	0.0186046511628	0.576744186047	0.077519379845	0.327131782946
mue-	0.34655951783	0.575590155701	0.0200904068307	0.0577599196384
amu-	0.554500013085	0.274824875908	0.0821316723807	0.0885434386259
hah-	0.405208251628	0.354969017178	0.0586320495725	0.181190681622
ui--	0.470417070805	0.354995150339	0.11639185257	0.0581959262852
mle-	0.417864843363	0.282166288093	0.1335885344	0.166380334144
mus-	0.372973180175	0.250869504108	0.137740694837	0.238416620881
pud-	0.0	1.0	0.0	0.0
hol-	0.682835820895	0.261194029851	0.0559701492537	0.0
war-	0.308272560512	0.309784797101	0.0617779965102	0.320164645877
moi-	0.435057928614	0.292641563025	0.112963902992	0.159336605369
kod-	0.11057479497	0.0845098305266	0.00397046949411	0.800944905009
kev-	0.304347826087	0.0	0.0	0.695652173913
uba-	0.0	0.904761904762	0.031746031746	0.0634920634921
wor-	0.375591296121	0.255439924314	0.198675496689	0.170293282876
dod-	0.936507936508	0.0	0.0634920634921	0.0
teṟ-	0.134529147982	0.300448430493	0.0807174887892	0.484304932735
wya-	0.0781609195402	0.0367816091954	0.857471264368	0.0275862068966
nli-	0.0840215439856	0.894434470377	0.0215439856374	0.0
aki-	0.347682768905	0.510183259428	0.0561943256289	0.0859396460385
ole-	0.140627937582	0.702293664223	0.0466253055086	0.110453092687
oṟy-	0.297709923664	0.473282442748	0.0458015267176	0.18320610687
ipp-	0.279069767442	0.627906976744	0.0	0.093023255814
apa-	0.472991786162	0.108554921342	0.0375539468189	0.380899345677
san-	0.222315676792	0.616443331486	0.0417678206182	0.119473171105
mae-	0.0329628548739	0.853387965244	0.00744716350855	0.106202016373
lo--	0.167350287121	0.631665299426	0.0913565515697	0.109627861884
mii-	0.0418025030086	0.865969145666	0.0258301438111	0.0663982075143
lwa-	0.0560423884247	0.653148563277	0.198084369268	0.0927246790299
lum-	0.455050532741	0.263629219438	0.0900634172195	0.191256830601
mes-	0.174588821039	0.548251026618	0.163088576353	0.114071575991
adi-	0.19897793135	0.0953896117386	0.0253670606755	0.680265396236
ami-	0.537079095487	0.201079622132	0.0166222309996	0.245219051381
jii-	0.325259515571	0.612456747405	0.0	0.0622837370242
wo--	0.206307490145	0.402102496715	0.161629434954	0.229960578187
win-	0.473913043478	0.458152173913	0.0570652173913	0.0108695652174
uke-	0.688326368432	0.114407069946	0.00496677399466	0.192299787628
wan-	0.0570126079192	0.64114640922	0.0319231384289	0.269917844431
foh-	0.435150497352	0.306161994574	0.153403952978	0.105283555096
ged-	0.0	1.0	0.0	0.0
ilu-	0.421963743873	0.27205710729	0.0630981093908	0.242881039446
ko--	0.550632911392	0.0886075949367	0.0379746835443	0.322784810127
woṟ-	0.113554531962	0.763654443046	0.0231817864292	0.0996092385628
ili-	0.183260621388	0.0404066312233	0.00443024924249	0.771902498146
iii-	0.595502498612	0.23320377568	0.0458078845086	0.125485841199
ṟen-	0.12324929972	0.666666666667	0.176470588235	0.0336134453782
yem-	0.423130351696	0.489044871559	0.0410054757267	0.046819301018
sat-	0.0601554372437	0.920017134814	0.00514044428125	0.0146869836607
upi-	0.358778625954	0.526717557252	0.0229007633588	0.0916030534351
iow-	0.321181646763	0.389692017599	0.218416090509	0.0707102451288
abi-	0.0	0.986440677966	0.0135593220339	0.0
hag-	0.0208333333333	0.9375	0.0208333333333	0.0208333333333
ahu-	0.709570957096	0.171617161716	0.118811881188	0.0
fum-	0.114161111111	0.358783333333	0.0615	0.465555555556
iig-	0.770053475936	0.128342245989	0.0	0.101604278075
ise-	0.512094205421	0.276015841012	0.0721317719998	0.139758181567
wen-	0.084078870636	0.329708380087	0.163683136762	0.422529612515
ale-	0.619673448663	0.157107252013	0.0509475227521	0.172271776572
sid-	0.0	1.0	0.0	0.0
eky-	0.648279465552	0.265133985221	0.0347092632679	0.0518772859596
luc-	0.377095872743	0.303955288048	0.188897248495	0.130051590714
kue-	0.507726269316	0.341427520235	0.106696100074	0.0441501103753
adu-	0.411223147742	0.347216133275	0.0894344585709	0.152126260412
imu-	0.214283390272	0.138495743181	0.0471991757497	0.600021690798
iiṟ-	0.523125163313	0.429840606219	0.0470342304677	0.0
ove-	0.731343283582	0.0597014925373	0.0	0.208955223881
a-i-	0.320261437909	0.217320261438	0.18137254902	0.281045751634
sa--	0.353424657534	0.306849315069	0.147945205479	0.191780821918
ai--	0.532731958763	0.197615979382	0.0924613402062	0.17719072165
oru-	0.0729990997781	0.702025673771	0.0441414046253	0.180833821826
piu-	0.526859194972	0.206045189286	0.0157115068083	0.251384108933
fof-	0.263328509407	0.227438494935	0.268596237337	0.240636758321
uwe-	0.530836854666	0.260105121168	0.0653697667513	0.143688257414
umu-	0.0325151182984	0.0962613772123	0.04318414149	0.828039362999
mde-	0.134679940691	0.768681211608	0.0353128574455	0.0613259902563
imk-	0.570162701515	0.300085632376	0.0787445548978	0.0510071112104
tia-	0.0	1.0	0.0	0.0
waḏ-	0.101321585903	0.176211453744	0.696035242291	0.0264317180617
lor-	0.291234592056	0.688221483076	0.0	0.0205439248679
lii-	0.45699734341	0.153816539046	0.102567089543	0.286619028001
sah-	0.0292949677755	0.682800598919	0.27032745264	0.0175769806653
mṟe-	0.197694577086	0.659509109158	0.0761884485538	0.0666078652027
iky-	0.185947617067	0.076004295922	0.0171650639732	0.720883023038
day-	0.705996131528	0.235976789168	0.0580270793037	0.0
ma--	0.346839546191	0.286061588331	0.20056726094	0.166531604538
lou-	0.0	0.928115015974	0.0718849840256	0.0
mbi-	0.0956023268364	0.66025836141	0.115116060325	0.129023251428
ont-	0.336341263331	0.589827727646	0.0738310090238	0.0
pyu-	0.472583742266	0.115212289311	0.192020482185	0.220183486239
aid-	0.427281562072	0.100032637373	0.177536370615	0.29514942994
nav-	0.567741935484	0.277419354839	0.0	0.154838709677
mot-	0.552889572913	0.29762216237	0.0765217391304	0.0729665255868
woe-	0.52373540856	0.147081712062	0.107003891051	0.222178988327
daw-	0.00208937899013	0.980499129425	0.00139291932676	0.0160185722577
kow-	0.207813490768	0.133042974555	0.0528443500612	0.606299184616
kuw-	0.236117373646	0.178364834677	0.21619725199	0.369320539687
iho-	0.215315178639	0.604863790855	0.0425009726603	0.137320057846
omb-	0.170400184751	0.778001385635	0.00870970934644	0.0428887202666
uik-	0.770846594526	0.0429662635264	0.162316995544	0.0238701464036
kie-	0.173121567295	0.667487684729	0.0965403997508	0.0628503482249
kiw-	0.251617291493	0.320208408282	0.142404662359	0.285769637865
too-	0.738255033557	0.140939597315	0.120805369128	0.0
nah-	0.177075054011	0.0567152416899	0.0108359321128	0.755373772186
iṟu-	0.367334812233	0.400451592457	0.103470131516	0.128743463793
lod-	0.229204614451	0.212204007286	0.0707346690953	0.487856709168
ira-	0.595186626315	0.266464908488	0.0518806744488	0.086467790748
pii-	0.361392281068	0.597466205185	0.0411415137465	0.0
fuf-	0.113656783468	0.0840071877808	0.769991015274	0.0323450134771
nof-	0.624638280281	0.249276560562	0.0826787928897	0.043406366267
iro-	0.446293494705	0.447806354009	0.0423600605143	0.0635400907716
wuk-	0.265120280625	0.447767334273	0.0843182533646	0.202794131737
uyu-	0.315789473684	0.625730994152	0.0	0.0584795321637
hay-	0.125612950897	0.17612682206	0.0245180358702	0.673742191174
hao-	0.405797101449	0.527313266444	0.066889632107	0.0
fup-	0.166559897502	0.515695067265	0.313901345291	0.00384368994236
ran-	0.703153988868	0.296846011132	0.0	0.0
puc-	0.0344827586207	0.965517241379	0.0	0.0
agr-	0.0	1.0	0.0	0.0
was-	0.15694047783	0.641081185473	0.0887405473835	0.113237789314
hoo-	0.114739191535	0.29613402772	0.0994736987132	0.489653082031
dey-	0.296724470135	0.317276814387	0.199100834939	0.186897880539
aru-	0.476664116297	0.353481254782	0.0550879877582	0.114766641163
koe-	0.271477229721	0.464341280854	0.195008620327	0.0691728690972
leg-	0.0	0.932011331445	0.0	0.0679886685552
air-	0.577702702703	0.0878378378378	0.121621621622	0.212837837838
wos-	0.0206812316746	0.126745544189	0.0490285592219	0.803544664914
kew-	0.538407398387	0.286586215089	0.0688389039459	0.106167482578
kok-	0.0656830996296	0.0417637872897	0.0176371819204	0.87491593116
kea-	0.577516841317	0.246491392216	0.0376122754491	0.138379491018
shy-	0.246482111653	0.605076795733	0.0711855053803	0.0772555872344
mu--	0.499295278365	0.303382663848	0.0422832980972	0.15503875969
ṟis-	0.423312883436	0.503067484663	0.0	0.0736196319019
kiy-	0.0794421396417	0.682231441433	0.19066113514	0.047665283785
sek-	0.144388849178	0.596854896355	0.0757684060043	0.182987848463
ṟoc-	0.0240256273358	0.943940202883	0.0320341697811	0.0
yan-	0.189352978433	0.142698089936	0.00948031601053	0.658468615621
min-	0.047619047619	0.87619047619	0.0761904761905	0.0
lul-	0.371787721804	0.167840231335	0.0653425270617	0.395029519799
kay-	0.00845725562055	0.990133201776	0.00140954260343	0.0
amn-	0.267932718394	0.236136733586	0.264785675529	0.231144872491
iṟa-	0.0973997738934	0.122836768415	0.0372786039366	0.742484853755
muṟ-	0.48275862069	0.385579937304	0.0564263322884	0.0752351097178
aon-	0.9375	0.0625	0.0	0.0
oki-	0.178347290216	0.746377786051	0.0122527909135	0.0630221328191
wao-	0.356169362166	0.387970198074	0.187534072324	0.068326367436
kak-	0.658223227158	0.113094281173	0.0359340904739	0.192748401195
aan-	0.43216080402	0.424623115578	0.0301507537689	0.113065326633
vek-	0.228346456693	0.488188976378	0.0944881889764	0.188976377953
nye-	0.15286775162	0.803582714489	0.00691262442724	0.0366369094644
a̱d-	0.730158730159	0.164021164021	0.042328042328	0.0634920634921
aiṟ-	0.484375	0.109375	0.0	0.40625
nuw-	0.693548387097	0.177419354839	0.0	0.129032258065
run-	0.0975043528729	0.810601663765	0.0125749661443	0.079319017218
sau-	0.0363373999738	0.88049324413	0.0697887970615	0.0133805588351
mta-	0.20214914782	0.515492943241	0.0846103044261	0.197747604512
pri-	0.0	1.0	0.0	0.0
iid-	0.537800103096	0.28852671178	0.0335610954517	0.140112089672
weo-	0.405958521268	0.487765716382	0.0815762781363	0.0246994842135
oda-	0.141855877786	0.73769253368	0.0365131993117	0.0839383892223
men-	0.128601133946	0.391019527272	0.0594604791314	0.42091885965
sie-	0.2460456942	0.714411247803	0.0219683655536	0.0175746924429
lup-	0.255863539446	0.17697228145	0.127931769723	0.439232409382
kuf-	0.254201305086	0.0788191651024	0.0235206042728	0.643458925539
wea-	0.384409751925	0.512938408896	0.0320786997433	0.0705731394354
mts-	0.0843309731538	0.775052539607	0.0784203485528	0.0621961386864
siw-	0.529562982005	0.110539845758	0.359897172236	0.0
oid-	0.538259564891	0.270442610653	0.0506376594148	0.140660165041
pit-	0.169312169312	0.830687830688	0.0	0.0
da--	0.804511278195	0.195488721805	0.0	0.0
toṟ-	0.120879120879	0.076923076923	0.736263736264	0.0659340659341
foe-	0.250531660594	0.659803161938	0.0325425740616	0.0571226034059
fos-	0.0645335508749	0.144831310877	0.376335557847	0.414299580402
gad-	0.0	1.0	0.0	0.0
imh-	0.582693729035	0.2294047416	0.0747626357383	0.113138893627
mpu-	0.327214684757	0.432561851556	0.180367118915	0.0598563447725
msa-	0.270824423572	0.472482484606	0.039618761026	0.217074330796
lih-	0.179596488517	0.27349210689	0.451208929675	0.095702474918
iir-	0.626702713944	0.204325673287	0.0527711344494	0.11620047832
pet-	0.00926654957301	0.97183695718	0.00157470777058	0.0173217854763
sai-	0.11251004554	0.384409322261	0.302437717653	0.200642914546
suw-	0.1125	0.85	0.0375	0.0
lot-	0.268911621372	0.589717697677	0.0942471206334	0.0471235603167
ish-	0.163317707023	0.230073339011	0.020963137044	0.585645816922
awa-	0.505071208663	0.198540113014	0.0442186809634	0.25216999736
nay-	0.20549226322	0.0596837272573	0.0286940996429	0.706129909879
lif-	0.0769604272881	0.259771789269	0.420490410294	0.242777373149
chu-	0.101524851663	0.0509413172743	0.00763059075337	0.83990324031
mhe-	0.179292505227	0.514945022101	0.206092016534	0.0996704561386
kot-	0.0320384441791	0.0100565252136	0.163030204745	0.794874825862
ony-	0.503830576294	0.326404137998	0.112721417069	0.057043868638
hep-	0.254859317657	0.553486475466	0.165148837841	0.0265053690363
omc-	0.692307692308	0.0854700854701	0.0	0.222222222222
now-	0.487641113707	0.320711691675	0.0341581974982	0.157488997119
tan-	0.238595982305	0.231996518964	0.0823119878163	0.447095510915
fec-	0.656934306569	0.124087591241	0.21897810219	0.0
kup-	0.33604178758	0.550783517121	0.0217643644806	0.0914103308183
heṟ-	0.414163090129	0.31974248927	0.218884120172	0.0472103004292
kif-	0.158618941644	0.32002596061	0.0457133311187	0.475641766627
ohe-	0.237351655216	0.540287320425	0.127975570824	0.0943854535359
lah-	0.922440962865	0.0775590371352	0.0	0.0
ngu-	0.149426099729	0.738126168178	0.0280201304902	0.0844276016031
ifo-	0.187290163417	0.0889243382613	0.506761143366	0.217024354955
ton-	0.282461134224	0.327348368732	0.363915042698	0.0262754543464
yaa-	0.650618982118	0.268225584594	0.0563961485557	0.0247592847318
ṟum-	0.668341708543	0.241206030151	0.0904522613066	0.0
nak-	0.327957248626	0.131319921138	0.0457398677268	0.49498296251
kih-	0.195254794916	0.373548215358	0.0554704247423	0.375726564983
esi-	0.0	1.0	0.0	0.0
aya-	0.0202702702703	0.0608108108108	0.0	0.918918918919
olu-	0.548223350254	0.27241962775	0.0659898477157	0.113367174281
mlu-	0.0270444123201	0.0737669200495	0.509105874378	0.390082793252
muc-	0.498258167781	0.168534036343	0.175972130684	0.157235665192
noe-	0.0637856668878	0.917136695421	0.00663570006637	0.0124419376244
ask-	0.168269230769	0.793269230769	0.0144230769231	0.0240384615384
tin-	0.183381088825	0.570200573066	0.103151862464	0.143266475645
wul-	0.177680340629	0.193247246238	0.0808707203479	0.548201692786
ido-	0.247632120796	0.0822815446303	0.0482967886428	0.621789545931
han-	0.0884809887845	0.16995677664	0.0218949719179	0.719667262658
pub-	0.0133096716948	0.960070984916	0.0	0.0266193433895
mok-	0.483817173555	0.251001612751	0.0934939185036	0.171687295191
top-	0.0	0.660377358491	0.339622641509	0.0
tun-	0.403539823009	0.210619469027	0.148672566372	0.237168141593
fus-	0.277884425147	0.246111232909	0.17637276553	0.299631576414
wop-	0.0668173429954	0.154509680365	0.0182290494531	0.760443927187
nku-	0.667676767677	0.114141414141	0.0	0.218181818182
ais-	0.521654815772	0.234647705236	0.164188752424	0.0795087265675
oṟi-	0.590668881172	0.386682772158	0.0135890080024	0.0090593386683
rom-	0.00940512579357	0.98589231131	0.0	0.00470256289678
kep-	0.514510575504	0.328086571569	0.0737825873094	0.0836202656173
nlo-	0.422110552764	0.412060301507	0.0753768844221	0.0904522613066
koh-	0.493267579099	0.244638998171	0.0404499362776	0.221643486452
uda-	0.651038891849	0.301012253596	0.0	0.0479488545552
ily-	0.670163902722	0.119663491757	0.0359957452981	0.174176860223
sal-	0.0236966824645	0.971563981043	0.0	0.0047393364929
mak-	0.0798339658988	0.703842208634	0.0690506603852	0.147273165082
hon-	0.232749742533	0.0959835221421	0.0222451081359	0.649021627189
nik-	0.103109656301	0.872340425532	0.00327332242226	0.0212765957447
yun-	0.0	1.0	0.0	0.0
yao-	0.788043478261	0.211956521739	0.0	0.0
mio-	0.259681093394	0.596810933941	0.0546697038724	0.0888382687927
may-	0.00305810397554	0.891437308868	0.0	0.105504587156
esu-	0.527950310559	0.44099378882	0.0	0.0310559006211
wih-	0.650190114068	0.235741444867	0.0228136882129	0.0912547528518
ara-	0.0905669706625	0.909433029337	0.0	0.0
keṟ-	0.678431488958	0.275854903823	0.0290904773213	0.0166231298979
amo-	0.0621470146756	0.0486557310958	0.159228102761	0.729969151467
wup-	0.196187347098	0.643234491154	0.085294221928	0.0752839398202
oen-	0.147138964578	0.711171662125	0.117166212534	0.024523160763
eem-	0.264150943396	0.0	0.0377358490566	0.698113207547
hun-	0.733333333333	0.133333333333	0.0	0.133333333333
weṟ-	0.278693181818	0.311079545455	0.330681818182	0.0795454545455
uhy-	0.351364119523	0.148975434038	0.0310027164285	0.468657730011
put-	0.263157894737	0.556763810352	0.0730752501087	0.107003044802
wah-	0.336294780234	0.186373386211	0.0837170698324	0.393614763723
kal-	0.661582667347	0.173719795093	0.0317054344479	0.132992103111
ita-	0.200343699251	0.201817879912	0.0303239851925	0.567514435645
ind-	0.0704147852401	0.0421389441032	0.00308915001316	0.884357120644
kuṟ-	0.480032210709	0.339014152759	0.131443923435	0.0495097130967
ma̱-	0.200210748156	0.799789251844	0.0	0.0
alu-	0.430912476722	0.197839851024	0.200223463687	0.171024208566
mko-	0.0323520122722	0.717032124165	0.0714920591951	0.179123804367
kel-	0.514305464586	0.338324285204	0.0530666569916	0.094303593218
enj-	0.575616565845	0.148906468125	0.12563983248	0.149837133551
ewe-	0.715830875123	0.156342182891	0.0412979351032	0.0865290068829
yec-	0.465389993	0.286957608139	0.107531247761	0.140121151101
any-	0.582250059088	0.227487591586	0.0921767903568	0.0980855589695
iga-	0.12017167382	0.862660944206	0.0	0.0171673819743
aṟi-	0.583538083538	0.198402948403	0.036855036855	0.181203931204
ile-	0.489096032974	0.235147609846	0.140832147254	0.134924209926
iie-	0.520231213873	0.277456647399	0.109826589595	0.092485549133
liy-	0.152808169219	0.0361050328228	0.00984682713348	0.801239970824
epf-	0.778012684989	0.114164904863	0.0	0.107822410148
yok-	0.359263050154	0.442169907881	0.169907881269	0.028659160696
mṟu-	0.0924863868817	0.722054286838	0.0677032650779	0.117756061202
ich-	0.130713111295	0.140466682486	0.0176172274373	0.711202978782
wep-	0.378137106283	0.284767840099	0.179327381955	0.157767671664
lua-	0.642182505086	0.16746585295	0.0504940424296	0.139857599535
luw-	0.359753553142	0.183743980486	0.0643463931231	0.392156073249
eke-	0.59232333744	0.260816066733	0.0696619984259	0.0771985974006
iki-	0.250449102345	0.107351560614	0.0148435458849	0.627355791156
nje-	0.52610938409	0.210112979394	0.0716863525902	0.192091283926
uhe-	0.793378104014	0.110573168827	0.0140559112916	0.0819928158676
sot-	0.454609429979	0.4257565095	0.0351864883885	0.0844475721323
iac-	0.727941176471	0.125	0.147058823529	0.0
fod-	0.133024265965	0.157930640827	0.0282615656629	0.680783527545
faf-	0.281306715064	0.208711433757	0.192377495463	0.317604355717
mdu-	0.377791163563	0.423620920163	0.060706167792	0.137881748482
uts-	0.545656494797	0.18823804513	0.0930667602011	0.173038699871
ute-	0.458151260504	0.315966386555	0.180504201681	0.0453781512605
ums-	0.491725768322	0.25768321513	0.170212765957	0.0803782505911
low-	0.26626370008	0.207723787572	0.0766734089091	0.449339103439
tru-	0.0	1.0	0.0	0.0
ber-	0.0	1.0	0.0	0.0
uwi-	0.723089564503	0.17419884963	0.0287592440427	0.0739523418241
iis-	0.514737291756	0.208244340026	0.0281930798804	0.248825288338
aṟu-	0.725283313794	0.130128956624	0.0250097694412	0.119577960141
pes-	0.0158800176445	0.920599911778	0.0529333921482	0.0105866784296
ane-	0.516655780536	0.173089483997	0.0	0.310254735467
liw-	0.341242325128	0.281677530444	0.110467164347	0.266612980081
isi-	0.0892696945512	0.824708750178	0.0388152643985	0.0472062908724
ote-	0.176844141643	0.0911556901337	0.0571116157793	0.674888552443
uii-	0.237704918033	0.502732240437	0.25956284153	0.0
mṟi-	0.0904895241763	0.827528513749	0.00662926917042	0.0753526929038
lie-	0.258919708029	0.310306569343	0.0637664233576	0.36700729927
loi-	0.303618711386	0.228365485647	0.0736771319296	0.394338671038
kou-	0.181818181818	0.136363636364	0.0	0.681818181818
lew-	0.0413343002176	0.947788252357	0.00290065264684	0.00797679477884
oso-	0.398305084746	0.43220338983	0.118644067797	0.0508474576271
pay-	0.934508816121	0.0654911838791	0.0	0.0
aad-	0.554545454545	0.390909090909	0.0	0.0545454545454
ku--	0.590776415645	0.234092235844	0.0490367775832	0.126094570928
woc-	0.464425321992	0.260053283804	0.175935348107	0.0995860460981
iha-	0.412500198514	0.192574475427	0.039849821128	0.355075504931
tam-	0.381917381138	0.545596258769	0.0218238503507	0.0506625097428
imi-	0.614786395686	0.2276026545	0.0673994193281	0.0902115304853
opu-	0.0225592987281	0.800726194569	0.14964334823	0.0270711584737
efe-	0.0	1.0	0.0	0.0
kig-	0.0876923076923	0.146153846154	0.733846153846	0.0323076923077
nod-	0.53561970339	0.282971398305	0.0278072033898	0.153601694915
fel-	0.0	1.0	0.0	0.0
kaṟ-	0.114967105263	0.177960526316	0.530230263158	0.176842105263
nto-	0.263713080169	0.409282700422	0.284810126582	0.042194092827
kii-	0.311251159166	0.222233651554	0.058387950767	0.408127238514
mpf-	0.209294999621	0.378998914607	0.187781003105	0.223925082667
mdi-	0.196946946947	0.645895895896	0.0993493493493	0.0578078078079
mfe-	0.274794176981	0.362298080307	0.262600928868	0.100306813845
mmb-	0.127114329355	0.541350027971	0.174457707127	0.157077935547
wum-	0.0647018559231	0.837449661649	0.0711295812461	0.0267189011815
tim-	0.00436278420423	0.977188871161	0.0177004387714	0.000747905863582
tri-	0.0	1.0	0.0	0.0
shi-	0.197636811532	0.366947720568	0.100883117234	0.334532350665
kwi-	0.214202074272	0.192327422772	0.0239600758336	0.569510427122
rah-	0.0546816985081	0.945318301492	0.0	0.0
mol-	0.434609457399	0.422417467717	0.0642470312423	0.0787260436419
tos-	0.121827411168	0.695431472081	0.0609137055838	0.121827411168
ham-	0.14173405609	0.0744135791712	0.0497877040324	0.734064660706
iya-	0.0635076494251	0.014378618619	0.00608486469094	0.916028867265
lop-	0.0548628428927	0.0791442446515	0.0416065100407	0.824386402415
onj-	0.660993957331	0.235417437415	0.056727093353	0.0468615119003
tes-	0.0559585492228	0.928497409326	0.00932642487046	0.00621761658031
ṟam-	0.381621621622	0.214054054054	0.0886486486486	0.315675675676
aip-	0.483489604566	0.222584590298	0.00733795352631	0.28658785161
ag'-	0.234042553191	0.170212765957	0.0	0.595744680851
ṟun-	0.183541829554	0.43178264269	0.0574667709148	0.327208756841
oyo-	0.0838627700127	0.71791613723	0.0381194409149	0.160101651842
koi-	0.338416619405	0.278887558552	0.0995021740501	0.283193647993
kec-	0.585954497823	0.210602590556	0.064292890555	0.139150021066
nzo-	0.0757445250759	0.804420853162	0.0169577294946	0.102876892267
ipu-	0.139305079909	0.830301084475	0.0107020547945	0.0196917808219
unn-	0.539325842697	0.337078651685	0.0337078651685	0.0898876404494
mah-	0.109308863332	0.619873507775	0.0336447062845	0.237172922609
tum-	0.16686765572	0.555094371372	0.202765235438	0.0752727374709
eno-	0.0110152377455	0.977969524509	0.0	0.0110152377455
ite-	0.565875697017	0.311978509504	0.056819569376	0.0653262241036
sol-	0.0	1.0	0.0	0.0
ii--	0.418457378682	0.290949195958	0.199160381386	0.0914330439733
ṟim-	0.0951063026796	0.787369480438	0.100088061391	0.0174361554912
yal-	0.570028323203	0.310218629666	0.0616745695828	0.0580784775483
tse-	0.37958278143	0.415182097411	0.153047942818	0.052187178341
ade-	0.703863088478	0.102229394537	0.0184089414859	0.175498575499
mil-	0.0	0.851917930419	0.0	0.148082069581
yer-	0.0195198492117	0.978835719047	0.00151109943807	0.000133332303359
fuṟ-	0.410579786302	0.271501138553	0.121737607287	0.196181467858
aml-	0.636353695874	0.162450794576	0.105700539437	0.0954949701122
oko-	0.0165274282551	0.0626801111625	0.00671582809763	0.914076632485
wai-	0.368559415844	0.304459480431	0.035787141344	0.291193962381
kam-	0.572519637038	0.090237064218	0.0236143566085	0.313628942136
aal-	0.314814814815	0.0740740740741	0.574074074074	0.037037037037
kem-	0.601549904612	0.244088009873	0.0546101075295	0.0997519779855
nnd-	0.403291227257	0.449530652451	0.0788040329123	0.0683740873798
por-	0.0444444444444	0.955555555556	0.0	0.0
yod-	0.610169491525	0.349152542373	0.0	0.0406779661017
say-	0.732534346682	0.185618240281	0.0	0.0818474130371
epa-	0.158879604566	0.802283158762	0.0211839472755	0.0176532893963
mch-	0.136307641912	0.497591744633	0.261074287595	0.10502632586
mel-	0.034924330617	0.793558401242	0.155219247187	0.0162980209546
wec-	0.523261160439	0.21252456946	0.0733139327313	0.190900337369
odu-	0.010071942446	0.0153905447071	0.0	0.974537512847
luv-	0.0535714285714	0.196428571429	0.0	0.75
oms-	0.415995165189	0.0823932312651	0.181305398872	0.320306204674
opf-	0.0817809703271	0.636820828011	0.0372356345824	0.244162567079
umb-	0.411441144115	0.276127612761	0.042904290429	0.269526952695
nyi-	0.365288550106	0.0244496088719	0.00350944993116	0.606752391091
a-l-	0.0273597811217	0.480164158687	0.0	0.492476060192
mhu-	0.227825769558	0.566232036879	0.190327966365	0.0156142271971
ian-	0.482047797033	0.478989693057	0.0135915732246	0.0253709366859
inl-	0.613236187007	0.192471159684	0.0850030358227	0.109289617486
sak-	0.0447078988716	0.89065847736	0.0614197971718	0.0032138265962
uid-	0.853956926214	0.088823754301	0.0346629285077	0.0225563909775
ieṟ-	0.0363636363636	0.181818181818	0.636363636364	0.145454545455
mtu-	0.212530640831	0.0983911131863	0.538257266254	0.150820979728
per-	0.0285521611339	0.76481366025	0.029391930579	0.177242248037
sok-	0.0627296587926	0.623359580053	0.0299212598426	0.283989501312
iip-	0.170469220835	0.155402496771	0.0714593198451	0.602668962548
lid-	0.315340594425	0.394794166513	0.122392468156	0.167472770906
ata-	0.46711332983	0.27802592398	0.15655105973	0.0983096864599
uin-	0.875559534467	0.0940017905103	0.00895255147716	0.0214861235452
loh-	0.0577798279887	0.253512362153	0.169921548473	0.518786261385
aic-	0.744633790781	0.0936007640878	0.030060825416	0.131704619716
nec-	0.29417041328	0.085979379215	0.080759337714	0.539090869791
ome-	0.494865201364	0.31130225329	0.0377948847315	0.156037660615
imn-	0.646078431373	0.117647058824	0.0627450980392	0.173529411765
nsi-	0.761589403973	0.0397350993378	0.0397350993378	0.158940397351
laf-	0.138888888889	0.329365079365	0.0436507936508	0.488095238095
tal-	0.00367577149431	0.877474283523	0.0294061719545	0.0894437730281
fuc-	0.426586675087	0.222259152776	0.211722865737	0.1394313064
mua-	0.529489543403	0.184858556941	0.223239846669	0.0624120529866
noc-	0.657322532509	0.257407802174	0.0181198038798	0.0671498614368
chi-	0.136386701904	0.0905240518387	0.0232197130359	0.749869533221
nga-	0.473470432252	0.237926742551	0.0841429279188	0.204459897278
mpa-	0.0719500445663	0.845100029367	0.0310160593118	0.0519338667546
wun-	0.10558061614	0.665020095179	0.138014045605	0.091385243076
idi-	0.471829264417	0.365284530785	0.0463726877825	0.116513517015
pur-	0.0	0.94	0.06	0.0
e-l-	0.229508196721	0.491803278689	0.196721311475	0.0819672131147
tsa-	0.0592087162771	0.0570303852877	0.012450726703	0.871310171732
mli-	0.123970391196	0.574340501241	0.0574384431217	0.244250664441
mom-	0.527272321642	0.241260178796	0.0671209344573	0.164346565105
li--	0.327946646146	0.390278312171	0.184045145569	0.097729896114
hal-	0.198425592516	0.131456914255	0.037062173908	0.633055319321
ter-	0.152804421736	0.748808144504	0.0262113240517	0.0721761097077
for-	0.108658157985	0.617109348051	0.156950672646	0.117281821318
ṟan-	0.278361344538	0.231092436975	0.21743697479	0.273109243697
nam-	0.634233053823	0.208738297374	0.0617150883244	0.0953135604781
sho-	0.093426898134	0.3656419342	0.0117300757285	0.529201091937
ker-	0.806146572104	0.063829787234	0.0756501182033	0.0543735224586
oli-	0.0951162230519	0.777700831025	0.040768396965	0.0864145489582
won-	0.135670529672	0.147817632968	0.225416057448	0.491095779912
ula-	0.477508466567	0.259019847208	0.123135386312	0.140336299913
hea-	0.521239591019	0.221355539159	0.124591546327	0.132813323495
kon-	0.0406275317292	0.0202227975226	0.00627360494696	0.932876065801
yul-	0.00689655172414	0.993103448276	0.0	0.0
oṟe-	0.152882205514	0.771929824561	0.0	0.0751879699248
ewu-	0.422614575507	0.29188580015	0.0187828700226	0.26671675432
aum-	0.144578313253	0.192771084337	0.240963855422	0.421686746988
efr-	0.0	1.0	0.0	0.0
yam-	0.581532912096	0.194995872161	0.0525759873089	0.170895228434
lyi-	0.435218970299	0.276361099313	0.125293257431	0.163126672957
nki-	0.206680070576	0.126051454598	0.0402937918018	0.626974683025
mai-	0.0906453294648	0.53206247025	0.299884398304	0.0774078019811
ese-	0.167725540025	0.756035578145	0.0	0.0762388818297
ape-	0.0	1.0	0.0	0.0
ṟin-	0.250856751199	0.481151473612	0.14050719671	0.127484578478
isr-	0.00471722836627	0.986057969495	0.0040882645841	0.00513653755438
iaw-	0.44171578258	0.243942370661	0.0392927308448	0.275049115914
yes-	0.00563043524496	0.839993776298	0.00216038569041	0.152215402766
rae-	0.964912280702	0.0	0.0350877192982	0.0
pun-	0.111495246327	0.888504753673	0.0	0.0
wur-	0.179695463611	0.567020165247	0.144037481402	0.10924688974
amm-	0.730231832019	0.0859417687924	0.0175630317696	0.166263367419
kan-	0.22516857583	0.525683897746	0.0304029603587	0.218744566065
yea-	0.434955050238	0.319143310418	0.11634056055	0.129561078794
nju-	0.0557257972988	0.907955964136	0.0226988991034	0.0136193394621
e-w-	0.290611028316	0.113263785395	0.080476900149	0.51564828614
uka-	0.487507617307	0.111517367459	0.0804387568556	0.320536258379
udu-	0.523280167553	0.309435583481	0.159765855754	0.00751839321195
mna-	0.0908212560386	0.812560386473	0.0772946859904	0.0193236714976
mki-	0.0535010588021	0.668125149004	0.232515741793	0.0458580504018
ken-	0.437577403585	0.324410646388	0.0919065725149	0.146105377512
nne-	0.235433604336	0.703590785908	0.0406504065041	0.020325203252
moe-	0.538478343984	0.256158173576	0.112512971763	0.0928505106778
umi-	0.437198962579	0.223045572434	0.284179325676	0.0555761393108
ipf-	0.0505885416232	0.0249165249865	0.00758431544823	0.916910617942
mga-	0.0	0.582781456954	0.324503311258	0.0927152317881
eku-	0.728862973761	0.161807580175	0.0437317784257	0.0655976676385
ios-	0.824561403509	0.0350877192983	0.0	0.140350877193
mem-	0.125563731308	0.794920484215	0.0439117018752	0.0356040826015
ewi-	0.605841149234	0.071085124065	0.179864656298	0.143209070402
ala-	0.49472456976	0.163500006445	0.0864574224069	0.255318001388
iic-	0.674729717453	0.172072317616	0.0394067411647	0.113791223767
ame-	0.462242931285	0.178758545829	0.084605018487	0.274393504399
aṟe-	0.646117203944	0.280768804697	0.0448654037886	0.0282485875706
pec-	0.591240875912	0.408759124088	0.0	0.0
anu-	0.028825841645	0.0515923737198	0.0696312538439	0.849950530791
geh-	0.0441771541002	0.901900731336	0.011693952556	0.0422281620076
aam-	0.540500408345	0.309896800059	0.112480510803	0.0371222807929
ser-	0.00475812846947	0.832275971451	0.0455987311657	0.117367168914
wer-	0.532232183791	0.335973715043	0.100704880037	0.0310892211298
wed-	0.375028042175	0.389257443195	0.0963048424831	0.139409672147
rin-	0.20210302098	0.75426436529	0.00272175544774	0.0409108582828
omt-	0.0	0.292929292929	0.0909090909092	0.616161616162
afe-	0.272727272727	0.527272727273	0.0545454545454	0.145454545455
luu-	0.172091745639	0.399781966763	0.30704916907	0.121077118528
kua-	0.562110039705	0.262620533182	0.100397050482	0.0748723766307
bit-	0.0	1.0	0.0	0.0
uri-	0.362412373428	0.47624346278	0.0278179592745	0.133526204518
yaṟ-	0.778325123153	0.118226600985	0.103448275862	0.0
liḏ-	0.562225475842	0.14494875549	0.0	0.292825768668
utu-	0.577726218097	0.22969837587	0.0974477958237	0.0951276102088
a-m-	0.560014267879	0.241127162475	0.095416443731	0.103442125914
heo-	0.439824945295	0.185995623632	0.164113785558	0.210065645514
sur-	0.515873015873	0.444444444444	0.0	0.0396825396825
fop-	0.0614015598535	0.131289115362	0.0300948434808	0.777214481304
bet-	0.0057511662087	0.990627729141	0.0	0.00362110464992
law-	0.190432382705	0.478380864765	0.110395584177	0.220791168353
anc-	0.734513274336	0.0530973451328	0.0	0.212389380531
lka-	0.75	0.129032258064	0.0725806451613	0.0483870967742
isk-	0.00566037735849	0.994339622642	0.0	0.0
otu-	0.156079854809	0.397459165154	0.0544464609801	0.392014519056
mbe-	0.299098926175	0.418623965367	0.0849393102742	0.197337798184
liu-	0.0567375886525	0.517730496454	0.425531914894	0.0
lic-	0.240498528255	0.234230435523	0.428208849931	0.0970621862912
ren-	0.140028288543	0.630834512023	0.144271570014	0.0848656294201
woa-	0.164185639229	0.689579684764	0.11996497373	0.0262697022767
das-	0.435497124076	0.170090386196	0.0246507806081	0.369761709121
lok-	0.176046667359	0.0906369576866	0.0246326190313	0.708683755923
leṟ-	0.0	0.960762331839	0.0392376681614	0.0
nsh-	0.701133046498	0.184593887913	0.00387366324031	0.110399402349
kus-	0.259735937128	0.440789552515	0.0996632978702	0.199811212487
mfu-	0.0426971416988	0.12108503953	0.0993120312184	0.736905787553
imo-	0.292624664079	0.561660197074	0.145715138847	0.0
lae-	0.333961755992	0.20190322291	0.138252985008	0.325882036089
not-	0.277259227832	0.570640644888	0.0254560882478	0.126644039033
mun-	0.445708111797	0.284908020813	0.107574422109	0.161809445282
toc-	0.588571428571	0.342857142857	0.0	0.0685714285714
iwo-	0.268805645926	0.0965416662417	0.0270731135202	0.607579574312
nel-	0.710843373494	0.168674698795	0.0	0.120481927711
ihu-	0.608685320502	0.26863898295	0.0778233232342	0.0448523733143
kik-	0.33398022664	0.232814403769	0.0716359380262	0.361569431565
abe-	0.0344827586207	0.965517241379	0.0	0.0
wuo-	0.17832097776	0.599779603286	0.138582782342	0.0833166366126
tik-	0.138124649074	0.827624929815	0.0207748455924	0.0134755755194
iny-	0.0958020798369	0.0247159492348	0.00281220175728	0.876669769171
tro-	0.0	1.0	0.0	0.0
ela-	0.708546384222	0.0942293644995	0.0328707085464	0.164353542732
iyo-	0.0348070450363	0.0253933214924	0.00154446844858	0.938255165023
wua-	0.195918200576	0.626087015737	0.0715983302349	0.106396453452
aen-	0.529942418426	0.178886756238	0.0998080614203	0.191362763916
itu-	0.552346074617	0.319020370794	0.0585946440833	0.0700389105059
uso-	0.875	0.0	0.0	0.125
dic-	0.728665521191	0.23224513173	0.0150343642612	0.0240549828179
nal-	0.266214485941	0.124104499334	0.034155246377	0.575525768347
oti-	0.0598650927487	0.892074198988	0.0252951096121	0.0227655986509
koy-	0.411637264005	0.0773754255648	0.0897554936552	0.421231816775
lek-	0.477015598572	0.323021988348	0.0373613982334	0.162601014847
kes-	0.425972949163	0.311810125926	0.0619267243613	0.200290200549
ṟao-	0.378578024007	0.524469067405	0.0346260387812	0.0623268698061
ain-	0.455155841402	0.391123047565	0.0604282988197	0.0932928122129
woo-	0.0728200371057	0.11038961039	0.0259224902082	0.790867862296
daa-	0.284101599247	0.188146754468	0.0272812793979	0.500470366886
kyo-	0.257575686271	0.178715133489	0.0361665780346	0.527542602205
tsu-	0.0548302872063	0.704960835509	0.240208877285	0.0
koo-	0.154420206659	0.333237657865	0.10533869116	0.407003444317
yum-	0.136352264198	0.732299224418	0.108831623718	0.0225168876657
nil-	0.189789123196	0.554938956715	0.0554938956715	0.199778024417
taw-	0.430950874974	0.391946025722	0.0885515496521	0.0885515496521
mon-	0.317391837068	0.494962153184	0.037785552863	0.149860456885
ṟio-	0.052427184466	0.61359223301	0.333980582524	0.0
nts-	0.527842227378	0.402552204176	0.0	0.0696055684455
man-	0.0638314684242	0.590484921738	0.0277769847941	0.317906625043
wik-	0.292616226071	0.589334548769	0.0446672743847	0.0733819507748
yus-	0.0	1.0	0.0	0.0
arf-	0.0	1.0	0.0	0.0
wus-	0.179958207532	0.484461204545	0.186748473201	0.148832114723
rup-	0.0301799649626	0.940595636248	0.0254817646122	0.00374263417741
uṟo-	0.0	0.677083333333	0.322916666667	0.0
yep-	0.363089267803	0.393848211301	0.223002340354	0.0200601805416
his-	0.0	1.0	0.0	0.0
ipw-	0.49356223176	0.261802575107	0.201716738197	0.0429184549356
mop-	0.516062129444	0.320115421899	0.0637300209653	0.100092427692
way-	0.0270241217698	0.793434951484	0.131652119075	0.0478888076708
owi-	0.251678843063	0.310322365986	0.0890150006326	0.348983790319
yot-	0.0668316831683	0.787128712871	0.14603960396	0.0
meṟ-	0.45212005717	0.216769890424	0.0595521676989	0.271557884707
kao-	0.619537468088	0.183586124043	0.137182760174	0.0596936476948
rub-	0.0	1.0	0.0	0.0
ng'-	0.262011173184	0.262569832402	0.0620111731844	0.413407821229
uṟa-	0.37467566165	0.464452516866	0.059678256357	0.101193565127
yef-	0.428813559322	0.469491525424	0.0203389830508	0.0813559322034
wak-	0.500408415336	0.19035080759	0.0555041485029	0.253736628571
keo-	0.408393039918	0.528147389969	0.0122824974411	0.0511770726714
ipi-	0.632352941176	0.187734668335	0.179912390488	0.0
mme-	0.0771028037383	0.369158878505	0.39953271028	0.154205607477
boa-	0.0168421052631	0.976842105263	0.0063157894737	0.0
mri-	0.165917768064	0.501479919946	0.036935396021	0.295666915969
ant-	0.0224535761853	0.961926544729	0.00195248488567	0.0136673941997
iol-	0.644295302013	0.315436241611	0.0402684563758	0.0
mte-	0.364419263456	0.292849858357	0.248679886686	0.0940509915014
mgr-	0.0198529411765	0.201470588235	0.703676470588	0.075
mar-	0.0438922429221	0.872513560599	0.0247178953766	0.0588763011023
wie-	0.744292237443	0.0958904109589	0.0273972602739	0.132420091324
i-n-	0.902173913044	0.0652173913043	0.0326086956522	0.0
wes-	0.246883665832	0.497213472256	0.134211022265	0.121691839647
ode-	0.460281517748	0.443512851897	0.0466340269277	0.0495716034271
luf-	0.296164897672	0.38211751598	0.18677065619	0.134946930159
art-	0.0	1.0	0.0	0.0
wee-	0.182963208485	0.240304938681	0.440172356646	0.136559496188
foa-	0.412449945395	0.437082878291	0.0970755976217	0.0533915786919
lut-	0.432798706155	0.367134811709	0.06488400785	0.135182474286
amb-	0.527777216045	0.219015455842	0.0220869966562	0.231120331457
nda-	0.408367143127	0.361925010833	0.0958513274838	0.133856518556
kaa-	0.465927580596	0.199111993602	0.198284658449	0.136675767353
nyk-	0.246753246753	0.107142857143	0.0649350649351	0.581168831169
hen-	0.276270366927	0.350327426276	0.12204782799	0.251354378806
era-	0.0649091272219	0.911124425804	0.0	0.0239664469743
sus-	0.0	0.949579831933	0.0	0.0504201680672
inj-	0.537752408412	0.219206904277	0.0973280992782	0.145712588032
mtw-	0.882778581766	0.0738060781476	0.0	0.0434153400869
sam-	0.0471895371243	0.90203060848	0.0271763003918	0.0236035540041
aro-	0.00977107761026	0.99022892239	0.0	0.0
lit-	0.412575464176	0.243307893838	0.261533204237	0.0825834377492
oha-	0.365074508675	0.315654020589	0.0116982218703	0.307573248866
emb-	0.145038167939	0.0839694656488	0.0	0.770992366412
lib-	0.0769230769231	0.897435897436	0.025641025641	0.0
