-ema	0.268409758231	0.256449041368	0.109198475829	0.365942724572
-uni	0.0751972097048	0.510628987137	0.168924762153	0.245249041005
-muo	0.336854999234	0.562088500995	0.0367478180983	0.064308681672
-emi	0.0117924528302	0.943607885825	0.00408200290276	0.0405176584422
-una	0.222699160175	0.557129662221	0.128708368104	0.091462809499
-260	0.0	0.0967741935484	0.0322580645161	0.870967741935
-iva	0.100084666475	0.445383826613	0.0115064185131	0.443025088399
-oto	0.00328048113723	0.899945325314	0.0967741935484	0.0
-iho	0.642244313625	0.082887027716	0.0170360790576	0.257832579601
-ive	0.362561713712	0.326715501414	0.0537295506719	0.256993234202
-ivi	0.40479405968	0.347831792738	0.129347986886	0.118026160696
-666	0.0	0.0	0.0	1.0
-ivu	0.423731509464	0.392556068077	0.049573193362	0.134139229097
-ava	0.165104279974	0.542803034963	0.0450565501475	0.247036134916
-ika	0.335125448029	0.557347670251	0.0358422939068	0.0716845878136
-ana	0.273215174971	0.275227001701	0.0607122567454	0.390845566583
-ntu	0.382124087882	0.406923439135	0.151921969387	0.0590305035954
-upu	0.0814196242171	0.893528183716	0.0250521920668	0.0
-nti	0.304435656438	0.376037818775	0.123916499407	0.19561002538
-oqo	0.454819277108	0.409638554217	0.0993975903615	0.0361445783133
-144	0.0341968911917	0.19896373057	0.0248704663212	0.741968911917
-oqi	0.178200246493	0.544145969468	0.0526738726978	0.22497991134
-hia	0.10545634601	0.0241289428392	0.0116369672541	0.858777743897
-iha	0.111185023282	0.84510120688	0.0437137698375	0.0
-oqe	0.165106756362	0.725212050307	0.0877449546651	0.0219362386663
-oqa	0.315443885799	0.391375518775	0.0963201467261	0.1968604487
-uaa	0.174023045208	0.12137472147	0.215628434621	0.488973798701
-uve	0.221000604026	0.579622117611	0.0843800457228	0.11499723264
-120	0.04	0.08	0.0	0.88
-uva	0.217081964886	0.542469834224	0.0336200869434	0.206828113946
-nto	0.120573451241	0.479912044439	0.0713935999306	0.32812090439
-nta	0.106073760874	0.581784515996	0.108244540747	0.203897182383
-ina	0.268132222376	0.23408729266	0.0673206821067	0.430459802857
-000	0.0428339611762	0.133031053958	0.00478591744986	0.819349067415
-nte	0.138533949436	0.0714195337746	0.0179365302041	0.772109986585
-uvi	0.283294962628	0.501330207638	0.0599269312995	0.155447898434
-uao	0.328819463955	0.638141259763	0.0283193796708	0.0047198966118
-iqe	0.44768063547	0.40447689491	0.0678773602659	0.0799651093543
-uvu	0.431362285082	0.351592517532	0.0208620152755	0.19618318211
-eta	0.236655405308	0.0928694045261	0.0275636216822	0.642911568483
-iqa	0.261012926899	0.348863745484	0.0740580904641	0.316065237152
-pua	0.138251704898	0.602603843769	0.0409175449473	0.218226906386
-ete	0.788519637462	0.102719033233	0.0815709969789	0.0271903323263
-iqo	0.238365528529	0.66339025479	0.0409580660126	0.0572861506682
-eti	0.0533712200614	0.907643056185	0.00979465407118	0.0291910696826
-iqi	0.24465578772	0.295732519803	0.0221721941639	0.437439498313
-ohi	0.220350436389	0.197363745523	0.176438861306	0.405846956783
-atu	0.280468306395	0.255650297406	0.301824613205	0.162056782994
-iaa	0.154512826053	0.748388490763	0.0395765061759	0.0575221770079
-pea	0.0	0.840425531915	0.159574468085	0.0
-nke	0.278481012658	0.683544303798	0.0	0.0379746835443
-ena	0.219342122019	0.124085786307	0.0508835385175	0.605688553157
-tia	0.0272822665268	0.953830010493	0.00209863588667	0.0167890870934
-iai	0.422773393461	0.315670800451	0.0135287485908	0.248027057497
-omi	0.0401549426339	0.903330693659	0.029744401951	0.0267699617559
-300	0.0	0.127272727273	0.210909090909	0.661818181818
-kue	0.311111111111	0.155555555556	0.177777777778	0.355555555555
-ate	0.386193250648	0.223054420444	0.0377047548898	0.353047574018
-mwa	0.150790512326	0.0906854320433	0.0183602504618	0.740163805169
-kua	0.814603070892	0.15109441359	0.0245017967984	0.00980071871936
-ata	0.293675274842	0.272804661576	0.0529231764806	0.380596887101
-ato	0.251411265987	0.307051732334	0.099491209085	0.342045792594
-oma	0.335157628394	0.208555771463	0.0970969573666	0.359189642776
-ati	0.1371057856	0.386176101644	0.0689045334761	0.40781357928
-kai	0.152091254753	0.570885388376	0.233568712656	0.0434546442151
-naa	0.0954528109238	0.679450050056	0.0877518768119	0.137345262208
-eqi	0.336500395883	0.55423594616	0.0380047505938	0.0712589073634
-oku	0.451780844558	0.390050409057	0.0436327576234	0.114535988761
-kaa	0.0613623776998	0.92977662913	0.00221524829241	0.00664574487725
-itu	0.614300626305	0.191805845512	0.0837682672233	0.11012526096
-eko	0.211063829787	0.706382978724	0.0510638297872	0.0314893617021
-aao	0.0905949148358	0.836830412244	0.0414712416687	0.0311034312515
-400	0.186206896552	0.0275862068965	0.0	0.786206896552
-ima	0.251047075028	0.234095743998	0.0831618787779	0.431695302196
-ito	0.272982804741	0.42963839256	0.143273910423	0.154104892276
-esi	0.404775440591	0.348493462195	0.246731097214	0.0
-nia	0.123921221509	0.813675591945	0.0331931843328	0.0292100022129
-oki	0.133004926108	0.60239268121	0.11681914145	0.147783251232
-iti	0.273188079743	0.407346808185	0.0845184664533	0.234946645619
-imi	0.0	1.0	0.0	0.0
-esa	0.198979790003	0.727436916584	0.0260037027926	0.0475795906213
-ite	0.52300708778	0.321491784898	0.0291305282465	0.126370599075
-oka	0.673232908459	0.00695249130939	0.215527230591	0.104287369641
-nio	0.148848484849	0.734787878788	0.00824242424242	0.108121212121
-kau	0.152485513876	0.777981091796	0.0359865812747	0.0335468130527
-ita	0.279568848805	0.158050118439	0.038961645644	0.523419387112
-qua	0.102036685255	0.15706021862	0.00446736640063	0.736435729724
-nya	0.601769911504	0.29203539823	0.0796460176991	0.0265486725664
-isi	0.0263316702612	0.328447324838	0.0119940923336	0.633226912567
-asa	0.508310249308	0.148199445983	0.0166204986149	0.326869806094
-nyi	0.417338091798	0.253864916553	0.0235633295969	0.305233662052
-nyo	0.456140350877	0.350877192982	0.19298245614	0.0
-quo	0.107355516638	0.833450087566	0.015411558669	0.0437828371278
-nki	0.0260664362158	0.939986577084	0.00848674667494	0.0254602400248
-osi	0.0111472857244	0.961249911529	0.015216929719	0.0123858730271
-nyu	0.434919634415	0.237945162307	0.115663410022	0.211471793256
-ivo	0.405405405406	0.313513513513	0.136216216216	0.144864864865
-qio	0.195338968774	0.0618635860021	0.0495176137265	0.693279831498
-ove	0.347430936577	0.191614352917	0.0494457482739	0.411508962232
-ehi	0.0790144850006	0.141690646185	0.759947541439	0.0193473273753
-100	0.00437285912104	0.234749653815	0.0196778660447	0.741199621019
-rie	0.362751905486	0.212595343572	0.0550757991216	0.36957695182
-mai	0.351437699681	0.448881789138	0.0798722044728	0.119808306709
-ute	0.413433640589	0.258556499859	0.248799650808	0.0792102087452
-hue	0.51254089422	0.116684841876	0.370774263904	0.0
-430	0.3	0.0	0.0	0.7
-uti	0.173011697255	0.136356084054	0.0382043765124	0.652427842179
-eru	0.160427807487	0.486631016043	0.352941176471	0.0
-uri	0.132525915388	0.727531877123	0.0967342448085	0.0432079626811
-hua	0.105909630121	0.197923704396	0.0276508137832	0.6685158517
-eri	0.0209948032491	0.943892245135	0.0143171512415	0.0207958003747
-ahi	0.408924471989	0.303122373361	0.0689185533745	0.219034601275
-sau	0.264684872018	0.673180702611	0.0143577556635	0.047776669708
-ero	0.216295124577	0.0724356220951	0.0179120501066	0.693357203221
-era	0.324171534148	0.201272072786	0.0568397216508	0.417716671415
-ere	0.409553528565	0.348919827172	0.124387902064	0.117138742199
-ria	0.246124316993	0.223950430711	0.0512634642146	0.478661788082
-raa	0.247940472242	0.315351409748	0.207192419058	0.229515698951
-are	0.373765653246	0.190304387926	0.031654200648	0.40427575818
-ara	0.248732225102	0.280843248857	0.0424857239801	0.427938802061
-vau	0.581149292555	0.190057678915	0.110417323913	0.118375704617
-nru	0.662973340963	0.173283738185	0.0374528878979	0.126290032954
-aro	0.435008397977	0.0913815627086	0.0220422425103	0.451567796804
-amu	0.154758991926	0.777709811598	0.023489111818	0.0440420846587
-ari	0.172946080715	0.240655395706	0.0603970115319	0.526001512047
-oru	0.25	0.56052631579	0.078947368421	0.110526315789
-nro	0.412893874982	0.18471911856	0.0447515418622	0.357635464596
-aru	0.250876418467	0.0941614380272	0.0440952748967	0.610866868609
-ori	0.0814799307994	0.675736734063	0.1740325207	0.0687508144377
-nri	0.49868072541	0.247391563772	0.0182565802791	0.235671130539
-ama	0.301262021973	0.218151998163	0.0801481634875	0.400437816377
-nre	0.273980472045	0.473541029014	0.0884283051074	0.164050193834
-ora	0.232303375125	0.359968855796	0.0433460113782	0.364381757701
-vao	0.101479426722	0.683541377716	0.117891816921	0.0970873786408
-nra	0.213504884933	0.334891860035	0.071263744017	0.380339511015
-ore	0.034339684348	0.862641262608	0.103019053044	0.0
-ike	0.478229835831	0.414703783012	0.0642398286938	0.0428265524625
-iro	0.236440844256	0.165846192577	0.0333708805445	0.564342082623
-153	0.0	0.048	0.048	0.904
-500	0.0751879699248	0.0451127819549	0.0338345864662	0.845864661654
-iko	0.0	1.0	0.0	0.0
-ire	0.0532510419937	0.0073849546958	0.00109180509133	0.938272198219
-usa	0.550070521862	0.232722143865	0.174894217207	0.0423131170663
-rai	0.222545929819	0.525401209169	0.169123135992	0.0829297250198
-ira	0.11091680507	0.407951106279	0.0342888318765	0.446843256775
-use	0.223776223776	0.545454545455	0.104895104895	0.125874125874
-iku	0.129685362517	0.144733242134	0.0279069767442	0.697674418605
-aai	0.369822485207	0.514792899408	0.0798816568047	0.0355029585799
-ruo	0.0423416789396	0.907584683358	0.0265095729013	0.0235640648012
-vua	0.0236051502146	0.12660944206	0.802575107296	0.0472103004292
-ra/	0.243243243243	0.648648648649	0.0810810810811	0.027027027027
-rio	0.326066963996	0.245749407462	0.0871690318675	0.341014596674
-rua	0.451209341118	0.198498748957	0.070058381985	0.28023352794
-aua	0.164841182913	0.789156626506	0.0230010952903	0.0230010952903
-aqo	0.324520814312	0.521469673884	0.0736511725132	0.0803583392902
-uto	0.434033101594	0.187687719225	0.0448425783957	0.333436600785
-aqi	0.241464802869	0.429463101024	0.0602356572848	0.268836438822
-aqe	0.433446866033	0.211693594672	0.061682155125	0.29317738417
-uko	0.631284916201	0.0167597765363	0.0167597765363	0.335195530726
-aha	0.211644603917	0.471824970757	0.21539052611	0.101139899217
-aqa	0.2229738674	0.323477314525	0.0923213502001	0.361227467875
-epi	0.543624161074	0.456375838926	0.0	0.0
-avi	0.399460958193	0.396217413529	0.10766895398	0.0966526742979
-aqu	0.120003874354	0.739372213416	0.0274467705141	0.113177141716
-kyi	0.0378246764806	0.0330421521221	0.00266466519624	0.926468506201
-wua	0.4	0.284210526316	0.252631578947	0.0631578947368
-ahu	0.175429490162	0.0761614615787	0.0349434084703	0.713465639789
-umu	0.384852152501	0.0404692548909	0.00661706400262	0.568061528605
-ota	0.622790170877	0.188604914561	0.097503323977	0.0911015905846
-ipa	0.0748455816335	0.239764036476	0.648503052309	0.0368873295809
-ote	0.34	0.18	0.24	0.24
-kyu	0.262326471996	0.472474868358	0.0631881282911	0.202010531355
-mpi	0.398192965473	0.300634613316	0.105410347424	0.195762073787
-ura	0.385776942266	0.217622906292	0.0127353181547	0.383864833288
-wia	0.0120801804258	0.00556496635351	0.000644852590067	0.981710000631
-pio	0.425113464448	0.52950075643	0.0	0.0453857791225
-ume	0.147407212424	0.809160305344	0.0315872598052	0.011845222427
-kya	0.225670645017	0.481485217439	0.0960450813011	0.196799056243
-tua	0.415689910605	0.292807335217	0.0827361935574	0.20876656062
-uma	0.375137743986	0.257773293172	0.110790332776	0.256298630066
-otu	0.0617399438727	0.874649204865	0.0265668849391	0.0370439663237
-kye	0.115164069385	0.108497847735	0.0123474430119	0.763990639869
-voi	0.0996677740864	0.900332225914	0.0	0.0
-sai	0.220875214307	0.539041752109	0.0968332941137	0.14324973947
-mpu	0.624512099922	0.258391881343	0.0351288056206	0.0819672131148
-umi	0.446508217979	0.20971803463	0.0489419851377	0.294831762254
-uru	0.28045895792	0.481344672131	0.0384478947008	0.199748475248
-tue	0.665946818604	0.095350165897	0.128000167732	0.110702847768
-ako	0.45506829619	0.39539899353	0.0330697340043	0.116462976276
-pai	0.32712403453	0.515674693321	0.110858700591	0.0463425715584
ALL	0.22104446979	0.252616063645	0.0477758747326	0.478563591833
-apa	0.235629686998	0.570921248985	0.15854096224	0.0349081017775
-ape	0.565217391304	0.369565217391	0.0326086956522	0.0326086956522
-paa	0.118211506414	0.536832841288	0.256302237394	0.0886534149038
-ake	0.832	0.168	0.0	0.0
-api	0.220516773581	0.325350911292	0.2055955133	0.248536801828
-apo	0.819078947368	0.180921052632	0.0	0.0
-aka	0.16721641806	0.737566744823	0.0730430531308	0.0221737839861
-iri	0.0939040561033	0.155350853511	0.133227592043	0.617517498342
-rao	0.0238436715668	0.941854906179	0.002689135891	0.0316122863632
-sio	0.118428781204	0.737151248164	0.0540381791483	0.0903817914831
-waa	0.180106181934	0.0490087392179	0.00798938031654	0.762895698532
-apu	0.0546569680806	0.888661731688	0.0546569680806	0.00202433215114
-kyo	0.375481413304	0.37335750679	0.0857268493638	0.165434230542
-usi	0.0171273602549	0.969677022691	0.00498869525142	0.00820692180232
-roi	0.0	0.98	0.02	0.0
-nau	0.329842931937	0.2722513089	0.272251308901	0.125654450262
-iqu	0.124193874221	0.772311230595	0.0503488679274	0.0531460272567
-ipi	0.0797571440283	0.864732594259	0.0245953159587	0.0309149457537
-uqu	0.0841802687987	0.591604096734	0.0427381702426	0.281477464225
-ipo	0.313008130081	0.60162601626	0.0711382113821	0.0142276422764
-ohu	0.288785148192	0.417815655195	0.115622625122	0.177776571491
-qi/	0.04581717856	0.742551091901	0.211631729539	0.0
-uhu	0.316462440064	0.618007458711	0.00958977091102	0.0559403303143
-uqa	0.269672868637	0.548987711034	0.117639097039	0.0637003232903
-uqe	0.0796247330779	0.13133517617	0.463107180425	0.325932910327
-eqa	0.308185687837	0.418470389144	0.0852524069114	0.188091516109
-uhi	0.319044822862	0.496183206107	0.184771971031	0.0
-uqi	0.174569945962	0.621255104778	0.0313543788884	0.172820570371
-uhe	0.00535714285714	0.994642857143	0.0	0.0
-jos	0.11214953271	0.757009345794	0.0	0.130841121495
-pia	0.11482132396	0.751611013474	0.0878734622144	0.0456942003515
-uha	0.10214200714	0.704548459606	0.156353298955	0.0369562342985
-yau	0.0802174320699	0.751309755042	0.113536026077	0.0549367868115
-ami	0.233137241794	0.520857009158	0.0307507186309	0.215255030417
-mpa	0.00313577924114	0.464597052367	0.509062402007	0.0232047663845
-anu	0.185973362166	0.752101046837	0.0501302403303	0.011795350666
-ona	0.480557720684	0.280235724221	0.0219960050662	0.217210550029
-mwu	0.167729941309	0.509739322166	0.0360204226078	0.286510313917
-uro	0.186508405409	0.0235469268949	0.00789998286172	0.782044684835
-sia	0.0572207084468	0.926430517711	0.0	0.0163487738419
-oni	0.0643086189543	0.889746900625	0.0230063742968	0.0229381061238
-450	0.0	0.210526315789	0.0394736842105	0.75
-uai	0.0669144981413	0.0557620817844	0.788104089219	0.089219330855
-uvo	0.239837398374	0.491869918699	0.182926829268	0.0853658536585
-vaa	0.607629427793	0.326975476839	0.0653950953678	0.0
-yaa	0.122511262903	0.376512062547	0.0643994546005	0.436577219949
-uqo	0.530739446756	0.174444362767	0.0350171340556	0.259799056422
-mwi	0.0261786270078	0.0148924807336	0.00294206144003	0.955986830819
-oti	0.04312688327	0.123681710992	0.0688621773877	0.76432922835
-ahe	0.136311214771	0.730472621693	0.116451302685	0.0167648608516
-ani	0.229180292513	0.41722684444	0.0627551703859	0.290837692661
-ank	0.32000873744	0.337046745304	0.0747051114024	0.268239405854
-yai	0.303439545761	0.159572549871	0.0650006807703	0.471987223598
-nai	0.0287208007494	0.0127410515536	0.0283469240514	0.930191223646
-hau	0.0	1.0	0.0	0.0
-maa	0.0973393900064	0.854639844257	0.0480207657365	0.0
-iki	0.0453506798225	0.53316377899	0.317301547001	0.104183994187
-tao	0.254516889238	0.60879811469	0.0848389630793	0.0518460329929
-qia	0.106538354335	0.349327493174	0.196369880122	0.347764272369
-tai	0.246565325396	0.459602261816	0.057996743412	0.235835669376
-uku	0.108564654747	0.817346636373	0.0503803220389	0.0237083868418
-ovi	0.0582524271845	0.825242718447	0.116504854369	0.0
-276	0.0	0.129032258065	0.0	0.870967741935
-ihi	0.549917858025	0.142612852246	0.0189726079057	0.288496681823
-taa	0.116062017675	0.173809258118	0.0523816584271	0.657747065779
-isa	0.184137106417	0.789557592667	0.0	0.0263053009166
-ova	0.151053025612	0.708770922313	0.055604413844	0.0845716382315
-aku	0.51102661597	0.342965779468	0.0	0.146007604563
-eve	0.319092867993	0.44159807835	0.0423610865802	0.196947967078
-uka	0.240243893566	0.54947907669	0.0896033579458	0.120673671798
-upe	0.315789473684	0.401315789474	0.282894736842	0.0
-eva	0.106725828994	0.202388243562	0.0799177415211	0.610968185923
-uke	0.862745098039	0.117647058824	0.0	0.0196078431373
-upa	0.278637267485	0.514580845682	0.0494298984914	0.157351988342
-tau	0.36047241399	0.415212447734	0.0476815362421	0.176633602034
-utu	0.355181128215	0.322481978423	0.128101845549	0.194235047813
-evo	0.661431737162	0.190480778495	0.084497543116	0.0635899412275
-yia	0.590308370044	0.356828193832	0.0264317180617	0.0264317180616
-upi	0.145083390887	0.720818773603	0.128913640839	0.0051841946718
-mia	0.141176470588	0.858823529412	0.0	0.0
-haa	0.175373742184	0.325760328818	0.288906154058	0.20995977494
-qao	0.447561280808	0.085244384134	0.029281611843	0.437912723215
-vai	0.406007424907	0.471369107886	0.0708741140736	0.0517493531331
-eqe	0.145842828309	0.690083989843	0.164073181848	0.0
-uta	0.514821871021	0.238304887318	0.0966308993811	0.15024234228
-avo	0.517381202346	0.245765693167	0.0400453606413	0.196807743846
-qae	0.415282392027	0.294019933555	0.191029900332	0.0996677740863
-hai	0.313043478261	0.686956521739	0.0	0.0
-unu	0.0943396226414	0.839067702553	0.0665926748057	0.0
-qaa	0.186576520882	0.405036538187	0.0499821126671	0.358404828264
-ave	0.350786553764	0.261470946604	0.0560620738984	0.331680425734
-eqo	0.446440541628	0.495910980024	0.0294945703178	0.0281539080306
-rau	0.433097595474	0.434512022631	0.0831683168317	0.0492220650637
-asi	0.0812304920591	0.849085995594	0.0492001744239	0.0204833379234
-qai	0.4323595769	0.341615634797	0.13167687304	0.0943479152626
-aia	0.213197969543	0.527918781726	0.0609137055837	0.197969543147
-eni	0.0786442908851	0.645833333333	0.23449325436	0.0410291214215
-ini	0.15137218821	0.43080326928	0.0469840182855	0.370840524224
-qau	0.392827854899	0.236944866318	0.0528452035206	0.317382075262
-200	0.0311471473168	0.426581724182	0.053395109686	0.488876018815
-aio	0.0	0.822368421053	0.0	0.177631578947
-tio	0.299982688215	0.506899255593	0.0286764631005	0.164441593092
-saa	0.801445816957	0.104973797492	0.0168444693992	0.076735916152
-avu	0.431593503813	0.362616700359	0.0591858958684	0.14660389996
-mpo	0.0245298757685	0.035900992771	0.088095760794	0.851473370666
-ru/	0.474285714286	0.4	0.0914285714286	0.0342857142857
