-eus	0.00622665006226	0.900373599004	0.00373599003736	0.0896637608966
-hem	0.0283362569154	0.955471596276	0.0	0.0161921468088
-ive	0.0	1.0	0.0	0.0
-rbe	0.0548780487805	0.94512195122	0.0	0.0
-lel	0.109769720323	0.220789735286	0.328766000184	0.340674544206
-lem	0.0966604886714	0.799578604002	0.0481245484744	0.0556363588521
-oye	0.454852539177	0.137163932654	0.081830529561	0.326152998608
-len	0.0366078134915	0.179297064943	0.0541873256123	0.729907795954
-oyo	0.38444127172	0.546610021938	0.0250722568514	0.0438764494898
-plu	0.237341772152	0.712025316456	0.0506329113924	0.0
-plo	0.230862697448	0.51397326853	0.255164034022	0.0
-ufe	0.0532115022843	0.902445579145	0.00403117441548	0.0403117441548
-oyu	0.150857142857	0.849142857143	0.0	0.0
-nso	0.12	0.58	0.13	0.17
-nsi	0.171449357368	0.496346293752	0.227806967909	0.104397380972
-pli	0.125103940037	0.676021848904	0.0551842299836	0.143689981075
-mul	0.0355616558006	0.600056149983	0.196556134386	0.167826059831
-yem	0.108108108108	0.527027027027	0.364864864865	0.0
-ple	0.0972973394084	0.362093031194	0.0930382724312	0.447571356966
-ufo	0.267647058824	0.0705882352941	0.423529411765	0.238235294118
-ufi	0.657718120805	0.342281879195	0.0	0.0
-nti	0.286123032904	0.349070100143	0.19313304721	0.171673819743
-pus	0.0	0.987616099071	0.0	0.0123839009288
-nta	0.531997427183	0.247119477178	0.123380078137	0.0975030175015
-nte	0.221353636524	0.260887857443	0.190953137087	0.326805368945
-apa	0.018777466249	0.924870348422	0.00589640141435	0.0504557839147
-pum	0.094054054054	0.905945945946	0.0	0.0
-ntu	0.826853096169	0.102329865463	0.0345780421882	0.0362389961798
-fom	0.236486775017	0.583650043984	0.0199847978888	0.15987838311
-lus	0.248289847462	0.562078048317	0.0398034686279	0.149828635593
-pri	0.188118811881	0.811881188119	0.0	0.0
-opu	0.037488284911	0.84811731628	0.0939963614312	0.020398037378
-pro	0.551282051282	0.371794871795	0.0769230769231	0.0
-opo	0.233168839774	0.541097608563	0.085604984479	0.140128567184
-pru	0.394736842105	0.105263157895	0.5	0.0
-opi	0.771929824561	0.0	0.0350877192982	0.19298245614
-ope	0.439873364893	0.400167735966	0.0680556272115	0.0919032719295
-opa	0.343139715849	0.399267031477	0.215271850996	0.0423214016768
-oku	0.516458569807	0.483541430193	0.0	0.0
-dei	0.194639438417	0.583280153159	0.0714741544352	0.150606253989
-msi	0.736795355688	0.124869580896	0.0565240044067	0.0818110590098
-dek	0.0656951483796	0.929879280248	0.0	0.00442557137287
-400	0.0879676440849	0.621840242669	0.0333670374115	0.256825075834
-der	0.0211267605634	0.978873239437	0.0	0.0
-des	0.037037037037	0.925925925926	0.037037037037	0.0
-ime	0.395544050402	0.401184658593	0.0598872925343	0.143383998471
-rwi	0.769230769231	0.147928994083	0.0207100591716	0.0621301775148
-rpe	0.41904992729	0.397721764421	0.124697043141	0.0585312651478
-ida	0.0179372197309	0.938116591928	0.0439461883408	0.0
-bia	0.0133928571429	0.96875	0.00892857142859	0.00892857142856
-100	0.0426841636461	0.163556694472	0.109944057876	0.683815084006
-uta	0.0	1.0	0.0	0.0
-ute	0.193083109465	0.568300268642	0.101880492538	0.136736129355
-rin	0.0824580347501	0.684892510062	0.187003043094	0.0456464120939
-rio	0.579983775602	0.244054092479	0.0945424134211	0.0814197184983
-ril	0.0	1.0	0.0	0.0
-rim	0.0551774378187	0.884674784057	0.0198563846394	0.0402913934853
-aus	0.325	0.6	0.0	0.075
-tea	0.20320855615	0.79679144385	0.0	0.0
-rit	0.0	0.950953678474	0.0108991825613	0.0381471389646
-gra	0.452261306533	0.417085427136	0.0201005025126	0.110552763819
-ris	0.111111111111	0.883838383838	0.0	0.0050505050505
-tef	0.015408889357	0.722102723068	0.0254432250679	0.237045162507
-utu	0.422051831486	0.374772485549	0.1390165477	0.0641591352659
-tei	0.33915020971	0.256155604263	0.109873079818	0.294821106209
-tel	0.504587155963	0.192660550459	0.0	0.302752293578
-ten	0.0676655389076	0.739004349928	0.0193330111165	0.173997100048
-oro	0.283764854531	0.331299509577	0.189904566636	0.195031069255
-are	0.24518134108	0.661036139527	0.0396281235028	0.0541543958897
-pas	0.0352777347981	0.907395946155	0.0132291505493	0.0440971684976
-ara	0.136597938144	0.709278350515	0.125257731959	0.0288659793814
-mes	0.110236220472	0.811023622047	0.0551181102362	0.0236220472441
-mer	0.127773579721	0.736896338531	0.13052139864	0.00480868310779
-aro	0.354869642579	0.0347067618494	0.00434834141834	0.606075254153
-ari	0.424987839751	0.272701933251	0.108090450959	0.194219776039
-aru	0.54084932749	0.292881970682	0.0870182862325	0.0792504155962
-luk	0.0823529411764	0.850980392157	0.0490196078432	0.0176470588235
-mea	0.0	1.0	0.0	0.0
-lum	0.0948847499693	0.480190891703	0.0121486710876	0.41277568724
-lun	0.0	0.973139339675	0.0268606603246	0.0
-mel	0.0106870229008	0.499236641221	0.435114503817	0.0549618320611
-men	0.20387256342	0.291258606835	0.0240679705967	0.480800859148
-mei	0.0940487203207	0.387295713845	0.399321615788	0.119333950046
-mek	0.0	1.0	0.0	0.0
-aye	0.44826761842	0.20284042568	0.243019984767	0.105871971133
-nwe	0.789473684211	0.171052631579	0.0394736842105	0.0
-nwi	0.857142857143	0.0952380952381	0.047619047619	0.0
-rai	0.0815047021943	0.852664576803	0.0658307210031	0.0
-mou	0.0776812317973	0.808188853344	0.0138682232677	0.100261691591
-tyu	0.0189973614776	0.974670184697	0.00633245382587	0.0
-mor	0.0	0.971014492754	0.0289855072464	0.0
-aua	0.166189111748	0.702005730659	0.117478510029	0.0143266475645
-umu	0.0530382232195	0.703827421781	0.129153173369	0.11398118163
-ota	0.0	1.0	0.0	0.0
-ija	0.00135838804619	0.997283223908	0.0	0.00135838804618
-oti	0.040115942029	0.943420289855	0.00765217391304	0.0088115942029
-oto	0.0439987560641	0.835759287034	0.0246906231034	0.0955513337986
-ume	0.34188034188	0.384615384615	0.205128205128	0.0683760683761
-otu	0.197949445283	0.500525044421	0.270682724917	0.0308427853794
-umo	0.075215782984	0.832305795314	0.0	0.0924784217016
-mat	0.0	1.0	0.0	0.0
-umi	0.0	1.0	0.0	0.0
ALL	0.228639640726	0.287452522347	0.0557418096898	0.428166027237
-nai	0.362916638946	0.452797551726	0.122413678398	0.0618721309294
-nan	0.248320716494	0.681309308029	0.0213242349931	0.0490457404841
-nam	0.0	1.0	0.0	0.0
-sis	0.0	1.0	0.0	0.0
-sip	0.0168304506878	0.951351782399	0.0161247934937	0.0156929734198
-kio	0.353109137056	0.453680203046	0.0866116751269	0.106598984772
-kim	0.28046989721	0.502202643172	0.105726872247	0.111600587372
-kis	0.0769510358793	0.848071031725	0.0	0.0749779323952
-kir	0.173284249277	0.482250854588	0.296082040494	0.0483828556403
-sio	0.297344308532	0.470842204948	0.0658739952093	0.165939491311
-sin	0.0	0.603314751486	0.349083018692	0.0476022298217
-nas	0.0832819247378	0.87970388649	0.0259099321407	0.0111042566317
-sia	0.00488171235449	0.979722117912	0.0138941043936	0.00150206533984
-nau	0.589237288358	0.174718490832	0.0936259643382	0.142418256471
-goi	0.283451511331	0.320909350548	0.150919637458	0.244719500663
-gok	0.03125	0.96875	0.0	0.0
-mos	0.0217391304348	0.95652173913	0.0217391304348	0.0
-gol	0.0190450278874	0.633111141341	0.344578968848	0.00326486192355
-gon	0.0	1.0	0.0	0.0
-gog	0.0294117647059	0.911764705882	0.0588235294118	0.0
-lki	0.0	1.0	0.0	0.0
-mob	0.0	0.9	0.0	0.1
-mon	0.00842944174106	0.986972680946	0.00091957546266	0.00367830185064
-mol	0.44087403599	0.404884318766	0.144601542417	0.00964010282776
-gou	0.191960544769	0.669228967998	0.0989150478215	0.0398954394116
-yau	0.731950582482	0.137996239621	0.0180971619626	0.111956015935
-lpu	1.0	0.0	0.0	0.0
-mfo	0.211267605634	0.760563380282	0.0281690140845	0.0
-ber	0.0	1.0	0.0	0.0
-ofu	0.221874514073	0.505189706111	0.21742341782	0.0555123619966
-eor	0.0	1.0	0.0	0.0
-bet	0.0081799591002	0.975460122699	0.0	0.0163599182004
-600	0.475409836066	0.27868852459	0.147540983607	0.0983606557377
-eon	0.103448275862	0.896551724138	0.0	0.0
-lpe	0.0878052041551	0.32306486621	0.148692710876	0.440437218759
-ben	0.0	1.0	0.0	0.0
-bel	0.0165555061027	0.930230367139	0.0532141267588	0.0
-lpo	0.422832056885	0.467771298439	0.0479877983748	0.0614088463016
-bea	0.0	0.727272727273	0.272727272727	0.0
-yai	0.0639595631772	0.552227135329	0.0849461722077	0.298867129286
-lpi	0.0182033096927	0.262529550827	0.706855791962	0.0124113475177
-iso	0.228167860956	0.0565472732485	0.0693831158712	0.645901749924
-rei	0.299920849626	0.482805467282	0.141383832059	0.0758898510319
-pol	0.0233519257418	0.932186453307	0.00470032797844	0.0397612929732
-isi	0.332188463197	0.362176409344	0.0381686058142	0.267466521644
-rem	0.071780539825	0.776127086857	0.0460395675516	0.106052805766
-lye	0.047396411665	0.785762481338	0.128588202167	0.03825290483
-ise	0.205254195425	0.119824430859	0.0374607283616	0.637460645354
-rea	0.0	0.974468085106	0.0	0.0255319148936
-isa	0.339738919845	0.660261080155	0.0	0.0
-upe	0.25406027593	0.262673451704	0.153958071895	0.329308200471
-eva	0.0	0.928571428571	0.0714285714286	0.0
-upa	0.544695481336	0.364440078585	0.0849705304519	0.00589390962672
-upo	0.430906389302	0.462605250124	0.0916295195641	0.0148588410104
-ret	0.0316709137241	0.939024390244	0.0156534401165	0.0136512559155
-reu	0.0	1.0	0.0	0.0
-jus	0.104039167687	0.673602611179	0.126070991432	0.0962872297022
-jut	0.02	0.96	0.02	0.0
-ame	0.448114159896	0.359340060722	0.0760545352731	0.11649124411
-mas	0.0527411519778	0.919500346981	0.0031228313671	0.0246356696739
-mau	0.515563533919	0.154355556319	0.0574184460516	0.272662463711
-ham	0.0186126756965	0.944302135249	0.028029940258	0.00905524879649
-hap	0.136677282378	0.826167728238	0.0238853503185	0.0132696390658
-mak	0.0661649419881	0.911257447476	0.00752587017873	0.0150517403575
-hat	0.0	1.0	0.0	0.0
-man	0.0244840853445	0.657222805177	0.318293109479	0.0
-nku	0.732346891524	0.149301629352	0.0723677834136	0.0459836957107
-ptu	0.562528342848	0.266840968233	0.0257685263486	0.14486216257
-uno	0.250896057348	0.5770609319	0.0430107526882	0.129032258065
-une	0.237407474273	0.338629114762	0.368698722192	0.0552646887725
-una	0.282827244506	0.334080302625	0.104315289571	0.278777163298
-mfa	0.0	1.0	0.0	0.0
-nke	0.244520779823	0.439594729465	0.079465321903	0.236419168809
-pte	0.395209580838	0.425149700599	0.0	0.179640718563
-pta	0.286532951289	0.636103151862	0.0773638968481	0.0
-unu	0.515662650602	0.390896921018	0.0720214190093	0.0214190093708
-nko	0.344432156529	0.291229264143	0.223360272225	0.140978307103
-nki	0.477875538772	0.235780071485	0.0287482222075	0.257596167535
-gad	0.0	1.0	0.0	0.0
-tra	0.0	1.0	0.0	0.0
-ika	0.110179640718	0.873652694611	0.0	0.0161676646706
-ofo	0.35085703617	0.53755233055	0.090478891849	0.0211117414314
-tri	0.309012875536	0.31330472103	0.377682403433	0.0
-gai	0.369805105328	0.489346305897	0.101758451802	0.0390901369726
-adi	0.0	1.0	0.0	0.0
-lal	0.231404958678	0.528925619835	0.190082644628	0.0495867768595
-144	0.0365853658536	0.0853658536585	0.0	0.878048780488
-gar	0.0458452722063	0.936962750716	0.0171919770774	0.0
-fli	0.222423146474	0.152552806741	0.492959101227	0.132064945558
-sen	0.0410499851526	0.703606524828	0.0424655018819	0.212877988138
-sem	0.0102214650766	0.758091993186	0.163543441226	0.0681431005111
-sel	0.118376550169	0.658399098083	0.0	0.223224351747
-sek	0.0	1.0	0.0	0.0
-flo	0.200946284442	0.284720289452	0.362927915391	0.151405510715
-fla	0.459803339613	0.296151960152	0.212455157819	0.0315895424162
-ina	0.0947054446793	0.704928309179	0.0967630497604	0.103603196381
-fle	0.423154000308	0.542161245568	0.016186218591	0.0184985355326
-ine	0.152310821077	0.399445951593	0.0345363891385	0.413706838192
-sea	0.0108499095841	0.989150090416	0.0	0.0
-lai	0.111483635347	0.783184588683	0.0871657358131	0.0181660401569
-800	0.0	0.612903225807	0.0	0.387096774193
-oum	0.238133909349	0.135361637755	0.0297511784288	0.596753274467
-set	0.0	1.0	0.0	0.0
-ses	0.0399313099968	0.910857051355	0.0234810481299	0.0257305905187
-inu	0.300318682801	0.153951327104	0.26802362966	0.277706360434
-sep	0.0714645193759	0.90141475144	0.0103450204104	0.0167757087737
-yan	0.0972972972973	0.562162162162	0.318918918919	0.0216216216216
-kus	0.0689379215731	0.911283868755	0.0142906139248	0.00548759574711
-iam	0.0	1.0	0.0	0.0
-ian	0.251933701657	0.706077348066	0.0419889502762	0.0
-iai	0.156955277176	0.723641362431	0.0384320398319	0.0809713205618
-nes	0.0299003322259	0.940199335548	0.00996677740864	0.0199335548173
-mtu	0.339869281046	0.564270152505	0.0435729847495	0.0522875816994
-iyu	0.0207724198123	0.0530850728538	0.926142507334	0.0
-nel	0.0792151509982	0.550540863334	0.357345162941	0.0128988227265
-mti	0.792346523892	0.058475906767	0.00738859144157	0.141788977899
-fur	0.2	0.775	0.025	0.0
-fus	0.0	1.0	0.0	0.0
-ias	0.0255052681571	0.943008918049	0.0225149953387	0.00897081845526
-nei	0.282637116799	0.205849796893	0.0708810458928	0.440632040416
-nef	0.209867528945	0.701262125795	0.0571607385001	0.0317096067592
-kum	0.0444444444445	0.955555555556	0.0	0.0
-eka	0.115785052057	0.802304299559	0.0283536859792	0.0535569624051
-eke	0.481707317073	0.262195121951	0.0792682926829	0.176829268293
-bai	0.072072072072	0.702702702703	0.0	0.225225225225
-eki	0.197530864198	0.43621399177	0.181069958848	0.185185185185
-jop	0.15234375	0.64453125	0.15625	0.046875
-pei	0.425775107697	0.0849763894341	0.0192947581505	0.469953744718
-hor	0.0	1.0	0.0	0.0
-hos	0.0468232517416	0.907495527047	0.0422551296205	0.00342609159085
-jon	0.042081667173	0.901286672633	0.0110438716776	0.045587788516
-lyo	0.672217082948	0.224175146469	0.0370027752082	0.0666049953747
-mko	0.0773881499395	0.897823458283	0.00967351874244	0.0151148730351
-bas	0.0203353966433	0.970596115664	0.00453424384614	0.00453424384614
-dru	0.0138664201525	0.953085278484	0.00415992604576	0.0288883753177
-ase	0.0	1.0	0.0	0.0
-asa	0.190250507786	0.682802979012	0.0558564658091	0.0710900473933
-nye	0.401113794293	0.472623330541	0.0545069242521	0.0717559509142
-nyi	0.585649644473	0.247575953458	0.0232708468003	0.143503555268
-iyo	0.164168133429	0.199542584204	0.0618632967895	0.574425985578
-ltu	0.396291616164	0.468963560874	0.0380380122237	0.0967068107383
-yei	0.230870536902	0.416987043048	0.282103043687	0.0700393763635
-lto	0.610294117647	0.389705882353	0.0	0.0
-yen	0.0907183099608	0.262056666755	0.106132841737	0.541092181547
-lta	0.148014440433	0.830324909747	0.0216606498195	0.0
-lte	0.387205387205	0.242424242424	0.164983164983	0.205387205387
-yef	0.478188072142	0.424354377855	0.0396745955193	0.0577829544834
-430	0.298701298701	0.025974025974	0.0	0.675324675325
-rau	0.0611934435557	0.841672330372	0.0601031281267	0.0370310979458
-ras	0.0902777777777	0.878472222222	0.03125	0.0
-ran	0.266418835192	0.696406443619	0.0	0.0371747211896
-eri	0.278089438517	0.635620528793	0.0280994637309	0.058190568959
-ral	0.0240963855421	0.783132530121	0.192771084337	0.0
-rak	0.0	1.0	0.0	0.0
-iwe	0.643153526971	0.315352697095	0.0248962655601	0.0165975103735
-ero	0.0218712029162	0.936816524909	0.00364520048603	0.0376670716889
-era	0.186152523242	0.644915524954	0.0809795963061	0.0879523554984
-iwo	0.396886166411	0.335119959163	0.0663603879531	0.201633486473
-ere	0.329423236272	0.314349195228	0.141361525739	0.214866042761
-lsi	0.674069665723	0.199759902733	0.0517453945831	0.074425036961
-pos	0.340133585015	0.158559605053	0.451696432893	0.0496103770388
-pou	0.0802809930043	0.505719685459	0.237302265811	0.176697055726
-poi	0.0976647107471	0.854526838105	0.0161461820187	0.0316622691293
-nri	0.272987160177	0.319833872676	0.304303801244	0.102875165904
-pom	0.0112586605081	0.981812933025	0.00519630484989	0.00173210161663
-nre	0.0369964910246	0.897688716179	0.0204774816576	0.0448373111388
-320	0.0761421319797	0.223350253807	0.137055837563	0.56345177665
-ike	0.0	1.0	0.0	0.0
-500	0.216949152542	0.090395480226	0.0723163841808	0.620338983051
-vai	0.0783999287273	0.893091006281	0.0142545324959	0.0142545324959
-iko	0.00554528650646	0.947319778189	0.0304990757856	0.0166358595194
-lam	0.0597758405978	0.915317559153	0.0149439601494	0.00996264009964
-nor	0.0	1.0	0.0	0.0
-nos	0.0394736842105	0.960526315789	0.0	0.0
-fol	0.472346786248	0.418535127055	0.0119581464873	0.0971599402093
-nou	0.262289998029	0.079426058605	0.0654765472225	0.592807396144
-iki	0.285573967703	0.152679997906	0.0380155110164	0.523730523375
-lak	0.180790960452	0.819209039548	0.0	0.0
-lat	0.0496183025243	0.884988461411	0.0405627609214	0.0248304751435
-lau	0.516406390764	0.113537995803	0.107386113425	0.262669500008
-fos	0.00943396226415	0.990566037736	0.0	0.0
-iks	0.0719339622641	0.876768867925	0.030070754717	0.0212264150943
-nom	0.351991444842	0.206305312271	0.0285014971996	0.413201745687
-non	0.0	1.0	0.0	0.0
-las	0.0335074555988	0.949738816602	0.0103713553044	0.00638237249501
-noa	0.0445380315402	0.913044795564	0.0	0.0424171728954
-epi	0.150192677614	0.0744713667541	0.058229585209	0.717106370423
-gei	0.337857854019	0.342199366068	0.290891308389	0.0290514715239
-myu	0.00338983050847	0.986440677966	0.0	0.0101694915254
-gem	0.0416666666667	0.791666666667	0.125	0.0416666666667
-mye	0.226739884692	0.296871219796	0.0591203254901	0.417268570022
-pye	0.38025	0.61975	0.0	0.0
-don	0.00178936605317	0.998210633947	0.0	0.0
-ger	0.0253164556962	0.93670886076	0.0379746835443	0.0
-dom	0.00944916486057	0.990550835139	0.0	0.0
-get	0.0	1.0	0.0	0.0
-sas	0.00442870794543	0.602077342169	0.002831048551	0.390662901335
-sar	0.252717391304	0.739130434783	0.00815217391304	0.0
-gle	0.156333347011	0.805301382791	0.0315949283985	0.00677034179969
-mpi	0.0874780848103	0.718039295496	0.153094364349	0.0413882553443
-gli	0.0543915187201	0.857072985239	0.0332211671225	0.055314328918
-mpe	0.178919645141	0.43687217502	0.0183853186226	0.365822861216
-olu	0.698795180723	0.168674698795	0.0361445783133	0.0963855421687
-glo	0.596170013066	0.183760200413	0.0597920584491	0.160277728072
-ges	0.0379046313841	0.104265217065	0.10014780717	0.757682344381
-tot	0.0714285714286	0.892857142857	0.0357142857143	0.0
-tou	0.135730817089	0.225653263678	0.0385764085623	0.600039510671
-tor	0.0498020687013	0.676286553442	0.263950964117	0.00996041374026
-ibi	0.161290322581	0.838709677419	0.0	0.0
-olo	0.245522582752	0.0414506184715	0.013663751322	0.699363047454
-sak	0.0190895741557	0.959599382507	0.00225912120185	0.0190519221356
-sai	0.509003831418	0.278735632184	0.0992337164752	0.113026819923
-mpu	0.117090217636	0.286933646629	0.273126856788	0.322849278947
-ole	0.164396171498	0.691707098373	0.104583876364	0.039312853765
-lfo	0.419059899191	0.389704774185	0.149036287824	0.0421990387996
-lon	0.110432129858	0.638678489177	0.027497156832	0.223392224133
-rou	0.137481431158	0.245365943113	0.053401344218	0.563751281512
-lol	0.269751525071	0.63340648713	0.0424416009523	0.0544003868472
-lom	0.220573530023	0.0986404122023	0.0151117956581	0.665674262117
-iem	0.0792653455776	0.539874335428	0.0666988883519	0.314161430643
-iel	0.0455121024692	0.945283202649	0.00613646325427	0.00306823162713
-loi	0.0	0.980392156863	0.0196078431373	0.0
-loe	0.0952380952381	0.84126984127	0.031746031746	0.031746031746
-fye	0.427247451344	0.40593141798	0.0889712696941	0.0778498609824
-rod	0.194915254237	0.584745762712	0.0254237288135	0.194915254237
-oki	0.304812834225	0.395721925134	0.096256684492	0.20320855615
-lot	0.0458515283843	0.812227074236	0.135371179039	0.0065502183406
-lou	0.0953641763417	0.562699407586	0.315303177634	0.0266332384378
-los	0.0158468946182	0.97683915402	0.00365697568111	0.00365697568111
-wio	0.117642985228	0.618465080116	0.245955891225	0.0179360434309
-ipi	0.119062890683	0.522011364452	0.162497531372	0.196428213493
-ipo	0.375	0.125	0.0	0.5
-ipa	0.00355239786856	0.996447602131	0.0	0.0
-ipe	0.363500189065	0.288372202435	0.162123712958	0.186003895542
-ewe	0.573026413581	0.342108599873	0.0474643110594	0.0374006754867
-ewi	0.593004769475	0.359300476948	0.0190779014308	0.0286168521463
-ipu	0.119840213049	0.563914780293	0.316245006658	0.0
-awi	0.176444450448	0.323530988941	0.142499435106	0.357525125505
-ite	0.0403601087728	0.0195206242528	0.0045346328603	0.935584634114
-awo	0.717635431941	0.178017183266	0.044222722281	0.0601246625118
-sat	0.0	1.0	0.0	0.0
-ius	0.0411643223934	0.946332886805	0.00720026791694	0.00530252288457
-nge	0.155572214385	0.526500636104	0.0464266377277	0.271500511784
-tom	0.0677966101694	0.932203389831	0.0	0.0
-275	0.0	0.133333333333	0.0	0.866666666667
-oli	0.123151863129	0.109853075981	0.0348207799172	0.732174280973
-eyi	0.553488372093	0.376744186046	0.0279069767442	0.0418604651163
-eyo	0.34632034632	0.182299182299	0.11063011063	0.360750360751
-200	0.0591259640102	0.329048843188	0.161953727506	0.449871465296
-eye	0.266894893341	0.125091165233	0.0544531426143	0.553560798812
-iok	0.0637245577326	0.913068289899	0.00760890241581	0.0155982499524
-lei	0.552810805174	0.289490515954	0.0913731852568	0.0663254936158
-lek	0.0	0.984877126654	0.0151228733459	0.0
-ois	0.0	0.966101694915	0.0338983050847	0.0
-ion	0.0718699623858	0.855588393337	0.0360021493821	0.0365394948952
-iom	0.119506897045	0.816575806603	0.0092293499483	0.0546879464041
-mum	0.0	1.0	0.0	0.0
-lea	0.0	1.0	0.0	0.0
-mun	0.0474188064776	0.926724523575	0.0104679252035	0.0153887447437
-lfi	0.356923076923	0.606153846154	0.0369230769231	0.0
-rye	0.208393632417	0.748191027496	0.0347322720695	0.00868306801736
-mus	0.0539609644087	0.78377344049	0.0137772675086	0.148488327593
-ios	0.0	1.0	0.0	0.0
-ryo	0.607843137255	0.0392156862745	0.0	0.352941176471
-let	0.148409893993	0.752650176679	0.0141342756183	0.0848056537102
-iot	0.0619989310529	0.92196686264	0.00320684126136	0.0128273650454
-ifa	0.193475815523	0.741282339708	0.0517435320585	0.0134983127109
-ife	0.166117928764	0.459143968872	0.345704878779	0.0290332235858
-ifi	0.227171492205	0.387527839644	0.0534521158129	0.331848552338
-alu	0.130905111714	0.740387407268	0.0842848535881	0.0444226274299
-gis	0.115363486541	0.826954770189	0.0576817432704	0.0
-gir	0.0	0.862935465448	0.0513992004569	0.0856653340948
-ifo	0.525184889067	0.227613431941	0.0374775134918	0.209724165501
-gio	0.246066529598	0.593829706938	0.0643335874263	0.0957701760376
-alo	0.46657838076	0.371339951519	0.0634008075058	0.0986808602145
-gim	0.49714429123	0.28047021855	0.105585111684	0.116800378536
-sam	0.105540897098	0.886920467395	0.00565397663022	0.00188465887674
-ali	0.50623961266	0.213191345087	0.0587369841243	0.221832058128
-ale	0.531306235199	0.117999686158	0.0130452600397	0.337648818603
-nde	0.115606936416	0.630057803468	0.0115606936416	0.242774566474
-gia	0.0	0.966216216216	0.0337837837838	0.0
-ala	0.435581980253	0.0704307200991	0.027883307815	0.466103991833
-rot	0.0379639914838	0.899090530408	0.0523002869573	0.0106451911506
-120	0.0357142857143	0.0357142857143	0.0	0.928571428571
-you	0.271995160498	0.457748875194	0.145336307611	0.124919656698
-yoi	0.285714285714	0.628571428571	0.0571428571429	0.0285714285714
-yon	0.0392156862745	0.960784313725	0.0	0.0
-yom	0.192000594199	0.513870835964	0.294128569837	0.0
-mle	0.155172413793	0.73275862069	0.0344827586207	0.0775862068966
-lok	0.123595505618	0.719101123596	0.119850187266	0.0374531835206
-gwe	0.373443983402	0.526970954357	0.0	0.0995850622407
-gwi	0.415119363395	0.2824933687	0.127320954907	0.175066312997
-pem	0.100103176333	0.854370447581	0.0334591438703	0.0120672322155
-pen	0.080808080808	0.878787878788	0.026936026936	0.013468013468
-ien	0.225806451613	0.645161290323	0.0645161290323	0.0645161290323
-rku	0.108372921615	0.811460807601	0.0489904988123	0.0311757719715
-rki	0.0550458715596	0.311926605504	0.0550458715596	0.577981651376
-153	0.12	0.06	0.0599999999999	0.76
-eli	0.260985310216	0.504680308196	0.067383128831	0.166951252757
-elo	0.11811023622	0.283464566929	0.0472440944882	0.551181102362
-iye	0.269159924506	0.199499463806	0.0682231136988	0.463117497989
-ela	0.0168823860439	0.864940911649	0.0675295441755	0.0506471581317
-iya	0.00816151776305	0.980994243357	0.00353018030227	0.00731405857734
-ele	0.100901199292	0.101122538728	0.0437509085106	0.754225353469
-itu	0.557835820896	0.285447761194	0.100746268657	0.0559701492537
-aka	0.0	1.0	0.0	0.0
-ter	0.0	0.982089552239	0.0179104477612	0.0
-sye	0.391866791956	0.241229516034	0.212096554216	0.154807137794
-esi	0.491520910629	0.273054885151	0.0507659254662	0.184658278753
-rie	0.444444444444	0.212121212121	0.121212121212	0.222222222222
-eso	0.322449436872	0.383652701089	0.0963943076921	0.197503554347
-iti	0.0108978555114	0.00710163252291	0.000811590283807	0.981188921682
-esa	0.463676542582	0.260791804878	0.183888882388	0.0916427701533
-ief	0.0662983425414	0.809392265193	0.0635359116022	0.0607734806629
-ese	0.380281690141	0.535211267606	0.056338028169	0.0281690140845
-ita	0.0246899522403	0.93252801166	0.00370886092422	0.0390731751753
-spa	0.0617495711835	0.819897084048	0.11320754717	0.00514579759862
-bru	0.0213878326996	0.945817490494	0.0327946768061	0.0
-fai	0.072058483524	0.870140593863	0.0416166642812	0.0161842583316
-fan	0.0187597707139	0.862428348098	0.118811881188	0.0
-fal	0.541338582677	0.388670166229	0.0306211723535	0.0393700787401
-666	0.132911392405	0.300632911392	0.0632911392405	0.503164556962
-fas	0.0352964505255	0.777315090224	0.18738845925	0.0
-uda	0.0469234114678	0.7918864752	0.115967257349	0.045222855983
-fau	0.120276644918	0.791278720042	0.0634625513385	0.0249820837015
-hum	0.0	1.0	0.0	0.0
-uom	0.0374353577441	0.912109702157	0.0289774993813	0.0214774407179
-uti	0.467478485513	0.390352015103	0.0417731580894	0.100396341295
-huk	0.168067226891	0.764705882353	0.0336134453781	0.0336134453781
-uto	0.803921568627	0.078431372549	0.078431372549	0.0392156862745
-wom	0.149384267404	0.747800955014	0.0309374214627	0.0718773561196
-wol	0.57681457467	0.242282047252	0.164120876633	0.0167825014452
-rom	0.0504920082636	0.724543329347	0.195172338806	0.0297923235838
-ron	0.0450829067014	0.897226255062	0.0435546725758	0.0141361656606
-ria	0.0369433003049	0.912543628935	0.0153287126638	0.0351843580964
-wof	0.0765469566683	0.771033552521	0.0101163378857	0.142303152925
-kom	0.168154103463	0.392347563491	0.226972229258	0.212526103789
-kol	0.0227848101266	0.969620253165	0.00759493670886	0.0
-kon	0.589688605146	0.249082335139	0.142522925715	0.0187061340001
-tul	0.0722891566265	0.746987951807	0.0722891566265	0.10843373494
-ael	0.0440122120594	0.852962889088	0.0699403896642	0.0330845091881
-sos	0.0204081632653	0.979591836735	0.0	0.0
-oru	0.0716256438833	0.760142435816	0.113935061228	0.0542968590728
-sol	0.0817542352773	0.879633606109	0.00970696724927	0.0289051913645
-aes	0.0	0.964285714286	0.0357142857143	0.0
-son	0.0129449838187	0.974110032363	0.00647249190937	0.00647249190937
-kop	0.00352526439483	0.990599294947	0.00176263219742	0.00411280846064
-kos	0.172588832487	0.791878172589	0.0152284263959	0.0203045685279
-kor	0.259027443428	0.585941261435	0.140587385652	0.0144439094848
-ora	0.100507049473	0.762901220006	0.0318034477034	0.104788282818
-ore	0.290076335878	0.664122137405	0.0	0.0458015267176
-rus	0.0972690140425	0.854580960615	0.0111803464417	0.0369696789004
-liv	0.00865284201105	0.893778904968	0.094882888259	0.00268536476205
-pwe	0.415254237288	0.411685994648	0.121320249777	0.0517395182873
-lip	0.015722674749	0.983140746353	0.0	0.00113657889752
-lis	0.186931557586	0.667731076438	0.0412978010852	0.10403956489
-lim	0.0628867707723	0.816520901683	0.0419163557408	0.0786759718039
-lio	0.374267941132	0.496076467911	0.105440752541	0.024214838416
-lie	0.187839305103	0.666666666667	0.0814332247557	0.0640608034745
-oma	0.120980268238	0.0739218026041	0.0102902853709	0.794807643787
-lia	0.0	1.0	0.0	0.0
-ome	0.0240123934934	0.869093725794	0.013942680093	0.0929512006197
-oda	0.0261780104712	0.973821989529	0.0	0.0
-rna	0.0	1.0	0.0	0.0
-eam	0.0361299287824	0.919576168143	0.0305714782004	0.0137224248741
-rni	0.0	1.0	0.0	0.0
-uri	0.178639905363	0.780779923987	0.0242691757642	0.0163109948867
-res	0.0180971531379	0.873319928035	0.060323843793	0.0482590750344
-lwe	0.523032041777	0.368125846174	0.072045645026	0.0367964670234
-uro	0.208238881786	0.737873237488	0.0317071548399	0.0221807258857
-ura	0.4802453449	0.395152974674	0.0552824326932	0.0693192477332
-ure	0.0727141936477	0.67871713376	0.0834566960569	0.165111976535
-uru	0.0695791182886	0.189778830838	0.522780584825	0.217861466049
-pai	0.010891192795	0.968164205676	0.00488707369009	0.0160575278389
-wau	0.483119906869	0.284051222352	0.0605355064028	0.172293364377
-dus	0.0	0.98	0.02	0.0
-pal	0.309589008665	0.384953203175	0.0123186918986	0.293139096261
-pam	0.086387713564	0.762269188101	0.00754092498957	0.143802173345
-ape	0.524504793221	0.321185150425	0.0696739985064	0.0846360578476
-api	0.57942965409	0.145905317271	0.0214906651565	0.253174363483
-apo	0.377069426883	0.459140765137	0.124092098686	0.0396977092951
-sou	0.220177545128	0.187123930817	0.103612962413	0.489085561642
-apu	0.76968503937	0.149606299213	0.0748031496063	0.00590551181103
-wan	0.12600536193	0.680965147453	0.0321715817695	0.160857908847
-wal	0.333870967742	0.222580645161	0.375806451613	0.0677419354839
-pat	0.0446927374301	0.95530726257	0.0	0.0
-pau	0.684041791342	0.0329421211201	0.0102730633495	0.272743024188
-wai	0.308132236924	0.345935101609	0.0624352727234	0.283497388744
-num	0.0405776256111	0.833259799163	0.116897269823	0.00926530540211
-ini	0.152390561463	0.437132166244	0.341593134915	0.0688841373781
-kem	0.0137503661926	0.964386287639	0.00585908117994	0.0160042649888
-kel	0.132420091324	0.688584474886	0.104109589041	0.0748858447489
-sus	0.0160111381831	0.965889314306	0.00835363731291	0.0097459101984
-kei	0.286885245902	0.598360655738	0.0819672131147	0.0327868852459
-rik	0.0669829751604	0.611498744069	0.308958972928	0.0125593078426
-nus	0.0	0.989361702128	0.0106382978723	0.0
-sua	0.208831646734	0.769089236431	0.0110395584177	0.0110395584177
-dia	0.038860695835	0.930812721925	0.022097258416	0.00822932382389
-tur	0.0434782608695	0.45652173913	0.5	0.0
-psi	0.431614349776	0.443946188341	0.0067264573991	0.117713004484
-fes	0.0806001395673	0.888695045359	0.0191905094208	0.0115143056525
-ori	0.403234949548	0.172839272892	0.341067986849	0.0828577907108
-dis	0.0	1.0	0.0	0.0
-fem	0.194606593308	0.148287931651	0.0863862050456	0.570719269995
-sli	0.0	1.0	0.0	0.0
-fei	0.156397868568	0.0547667847495	0.0194877865731	0.76934756011
-uku	0.241042946931	0.282149461318	0.0485864309913	0.42822116076
-ven	0.0898754737412	0.81212777477	0.0644288034651	0.0335679480239
-afo	0.484690104885	0.302602629424	0.161656446794	0.0510508188971
-uki	0.273117028762	0.471184690018	0.129077385629	0.126620895591
-afe	0.127727737568	0.833566887412	0.00774107500407	0.0309643000163
-ait	0.0	1.0	0.0	0.0
-aiv	0.0768990006492	0.0239742225294	0.0	0.899126776821
-ngu	0.278398745866	0.656189075586	0.0386508189944	0.026761359554
-ais	0.0116662349998	0.944088904421	0.00406465550521	0.0401802050742
-tis	0.122390552308	0.877609447692	0.0	0.0
-efi	0.470160954214	0.361144739715	0.0918887808363	0.0768055252347
-nga	0.389673956288	0.167349794744	0.0569440097916	0.386032239177
-aia	0.0648890546336	0.896078065759	0.0142954813848	0.0247373982224
-tia	0.030112923463	0.962358845671	0.00752823086573	0.0
-ngi	0.225734091072	0.487937301264	0.15435864375	0.131969963914
-tin	0.0	0.970588235294	0.0294117647059	0.0
-ain	0.106309465911	0.801113305497	0.0202297241968	0.0723475043957
-ngo	0.159293226182	0.592030694033	0.0870949285402	0.161581151245
-eme	0.346903047464	0.419236819764	0.133147566149	0.100712566623
-uwe	0.453402993505	0.365009884213	0.107596724089	0.0739903981926
-ema	0.312062777541	0.557819818724	0.0644199768842	0.0656974268508
-uwo	0.523313429737	0.273972989565	0.0635314350854	0.139182145612
-emi	0.119469719841	0.717963259488	0.019207178425	0.143359842246
-uwi	0.139725644334	0.718355243484	0.0966210003383	0.0452981118441
-ems	0.0151804104051	0.975818140209	0.00549240979479	0.00350903959112
-das	0.0711231150124	0.871258158902	0.0102033160777	0.0474154100083
-ulu	0.504423589163	0.284767392824	0.0622975019266	0.148511516087
-ana	0.0784743533538	0.865848312144	0.0420868040333	0.0135905304691
-flu	0.31834096418	0.452733638567	0.00323188796122	0.225693509292
-upu	0.168415034791	0.181830284947	0.625203127876	0.0245515523864
-ser	0.0	1.0	0.0	0.0
-000	0.105901862189	0.258056255154	0.0164844533727	0.619557429284
-ete	0.0239847402224	0.284630130144	0.00888636876337	0.68249876087
-eti	0.0772220992385	0.510601726011	0.0546587184625	0.357517456288
-nfi	0.510607208572	0.169877692391	0.0205649962117	0.298950102825
-uyo	0.14686825054	0.276457883369	0.0518358531318	0.524838012959
-ruk	0.0	1.0	0.0	0.0
-uye	0.301261410214	0.283908201672	0.173896164153	0.240934223961
-wei	0.095686758978	0.537239369723	0.0823564005677	0.284717470731
-kru	0.264935064935	0.420779220779	0.181818181818	0.132467532468
-wem	0.0391470497221	0.20834862563	0.0078207833338	0.744683541314
-ata	0.201319446917	0.097518538319	0.0754262930994	0.625735721664
-ato	0.240043777029	0.108900583889	0.0521096593361	0.598945979746
-wef	0.0613718411552	0.851985559567	0.0541516245487	0.0324909747292
-ati	0.18157409353	0.719025939156	0.028927645864	0.0704723214495
-nis	0.103448275862	0.896551724138	0.0	0.0
-edi	0.0	0.989903239377	0.00757257046698	0.00252419015566
-osa	0.366197183099	0.464788732394	0.159624413146	0.00938967136152
-ulo	0.419041662591	0.376633789011	0.103322218639	0.101002329759
-oso	0.777027027027	0.222972972973	0.0	0.0
-osi	0.572306869664	0.172345373578	0.0520860781902	0.203261678568
-ule	0.625123674791	0.0969323931743	0.0211791992011	0.256764732833
-nia	0.0281059063137	0.93299389002	0.0352342158859	0.00366598778003
-kas	0.0390588235294	0.960941176471	0.0	0.0
-kar	0.150984682713	0.724288840263	0.0131291028446	0.111597374179
-nio	0.312895016082	0.214778925051	0.0541052798743	0.418220778993
-kau	0.371136092326	0.220045686292	0.0226360707787	0.386182150603
-nim	0.127454400848	0.340846068067	0.0525382046521	0.479161326433
-fit	0.109569028488	0.488677867056	0.168005843682	0.233747260774
-nem	0.0605102986059	0.831826527931	0.00512228706081	0.102540886402
-fia	0.0	1.0	0.0	0.0
-wpe	0.274647887324	0.577464788732	0.0211267605634	0.12676056338
-ilu	0.779276517474	0.0827713059473	0.137952176579	0.0
-yuf	0.130926489778	0.807533065906	0.0197348283473	0.0418056159683
-ile	0.407448004561	0.2876781208	0.0640941614606	0.240779713178
-ila	0.508203142565	0.294468527027	0.0567730312432	0.140555299165
-fro	0.558623653603	0.318353971366	0.041768513793	0.0812538612372
-ilo	0.498131645607	0.241671449744	0.0444708943871	0.215726010261
-yus	0.0483870967742	0.951612903226	0.0	0.0
-vit	0.00996518189459	0.973106015128	0.00144074918958	0.015488053788
-ili	0.0810176735989	0.671993561461	0.0405471076001	0.20644165734
-lma	0.0381471389646	0.950953678474	0.0	0.0108991825613
-oam	0.0	0.939393939394	0.0	0.0606060606061
-lme	0.277501009829	0.240473946412	0.0801131008483	0.401911942911
-amu	0.551083115686	0.352127823014	0.0368720233523	0.0599170379474
-ami	0.397297297297	0.52972972973	0.0	0.072972972973
-ama	0.0	0.981414558596	0.0	0.0185854414042
-kwa	0.149802890933	0.436268068331	0.0946123521682	0.319316688568
-asi	0.150442563595	0.757109527306	0.034896237935	0.0575516711643
-lva	0.0236779794791	0.905288082084	0.0710339384372	0.0
-usi	0.268919249734	0.628904287523	0.0525915316445	0.0495849310989
-uso	0.0681335131398	0.00397930113705	0.000710143978031	0.927177041745
-iri	0.187484251364	0.550465728877	0.0407602176633	0.221289802096
-ein	0.0176886792453	0.951356132075	0.00442216981132	0.0265330188679
-gus	0.046403712297	0.935034802784	0.0	0.0185614849188
-ire	0.140110427339	0.104420178274	0.0333480350755	0.722121359312
-usa	0.704782356649	0.125193694647	0.0265733626052	0.143450586098
-ira	0.0911793855302	0.899900891972	0.00594648166501	0.00297324083251
-use	0.408148384115	0.325558918235	0.132564532847	0.133728164803
-uli	0.474159109172	0.308598323958	0.179359430605	0.0378831362645
-bal	0.221402214022	0.690036900369	0.0442804428044	0.0442804428044
-epe	0.337607022941	0.188982363257	0.0531619783972	0.420248635405
-was	0.131147540984	0.693989071038	0.174863387978	0.0
-l-o	0.647058823529	0.352941176471	0.0	0.0
-epu	0.240476912196	0.759523087804	0.0	0.0
-s-o	0.137931034483	0.827586206897	0.0344827586207	0.0
-npe	0.0993028848069	0.267374347503	0.0957136239103	0.53760914378
-pia	0.163235294118	0.766176470588	0.0617647058824	0.00882352941178
-wim	0.223741454319	0.36171535115	0.330018645121	0.0845245494096
-wik	0.0608695652174	0.0652173913043	0.0	0.873913043478
-oas	0.0	1.0	0.0	0.0
-npo	0.766718506998	0.0653188180404	0.0933125972006	0.0746500777605
-npi	0.393034825871	0.52487562189	0.0746268656716	0.00746268656716
-pim	0.368416269957	0.311335327486	0.241048308222	0.0792000943356
-pio	0.473020686945	0.446667673077	0.0624646088718	0.0178470311062
-pir	0.300116637253	0.493668402525	0.11288840482	0.0933265554017
-pis	0.46171306805	0.167693519248	0.142446843007	0.228146569695
-ium	0.176211453744	0.744493392071	0.0792951541851	0.0
-nok	0.0551470588235	0.878676470588	0.0220588235294	0.0441176470588
-wit	0.244040320728	0.664336512812	0.0614662751931	0.0301568912667
-uel	0.0643623361144	0.907032181168	0.00715137067938	0.0214541120382
--ye	0.326536540025	0.397079896208	0.0496107819217	0.226772781844
-owi	0.330674231968	0.306416203762	0.285138549143	0.077771015127
-owo	0.439126672634	0.315516041452	0.0394306412676	0.205926644646
-owa	0.189225927082	0.397702799543	0.0359238848459	0.37714738853
-sda	0.0	0.990654205607	0.0	0.00934579439252
-min	0.223116205463	0.171809820407	0.0700050016078	0.535068972522
-age	0.162790697674	0.790697674419	0.0	0.046511627907
-one	0.331013182429	0.17594560145	0.275551977073	0.217489239047
-rta	0.0186899252403	0.949270202919	0.0	0.0320398718405
-anu	0.0260220196364	0.932461030853	0.012419600281	0.0290973492298
-ona	0.015120491416	0.970735548905	0.00907229484958	0.00507166482911
-dap	0.0	1.0	0.0	0.0
-oea	0.032967032967	0.901098901099	0.065934065934	0.0
-oni	0.0877742946708	0.816788575409	0.055381400209	0.0400557297109
-450	0.044776119403	0.089552238806	0.0	0.865671641791
-dam	0.0272491349481	0.932309688581	0.0326557093425	0.00778546712802
-dan	0.0171957671958	0.982804232804	0.0	0.0
-onu	0.107821655795	0.816544882555	0.029549817575	0.0460836440754
-ane	0.268038837348	0.539245575176	0.0847984447009	0.107917142775
-ani	0.188142798735	0.303105734144	0.019327638467	0.489423828655
-mwe	0.461148648649	0.419968955442	0.0862856099343	0.0325967859751
-ank	0.325241515977	0.510279910825	0.0606886301709	0.103789943027
-nfo	0.0	0.889230769231	0.0553846153846	0.0553846153846
-tan	0.0	1.0	0.0	0.0
-tai	0.776505075539	0.048357612377	0.0333422623068	0.141795049777
-air	0.00523415977961	0.99476584022	0.0	0.0
-yis	0.133768352365	0.819622465626	0.0237706828245	0.0228384991843
-rga	0.0129032258065	0.974193548387	0.0	0.0129032258065
-mne	0.506578947368	0.157894736842	0.0394736842105	0.296052631579
-bed	0.0	1.0	0.0	0.0
-tat	0.0	1.0	0.0	0.0
-tau	0.557053291536	0.232601880878	0.0225705329153	0.187774294671
-yif	0.0556940980881	0.27680798005	0.660847880299	0.00665004156277
-yia	0.0	0.983680870354	0.00543970988213	0.0108794197643
-tar	0.0	0.966044142615	0.0	0.0339558573854
-tas	0.102156640182	0.853575482406	0.0340522133939	0.0102156640182
-mia	0.0480769230769	0.951923076923	0.0	0.0
-tus	0.048672010453	0.909113752293	0.0118099354223	0.0304043018318
-mil	0.0437869822485	0.953846153846	0.00236686390533	0.0
-mio	0.16813889735	0.619859884252	0.0365519342065	0.175449284191
-ens	0.010781671159	0.989218328841	0.0	0.0
-mis	0.0130208333333	0.973958333333	0.0130208333333	0.0
-eni	0.18183633865	0.708571190094	0.0891430002296	0.0204494710264
-enk	0.148274100047	0.834281888182	0.0	0.0174440117703
-ene	0.281530208783	0.330252000938	0.0515029287976	0.336714861481
-ena	0.0	1.0	0.0	0.0
-oel	0.400181488203	0.555353901996	0.019056261343	0.0254083484573
