-sht	0.357873586396	0.616067657313	0.026058756291	0.0
-hew	0.116119174943	0.832187420423	0.0471097529921	0.00458365164248
-pej	0.315708021666	0.399019860717	0.116069125613	0.169202992004
-eus	0.021377672209	0.893111638955	0.00356294536817	0.081947743468
-hes	0.0	0.898305084746	0.0508474576271	0.0508474576271
-hel	0.121060580943	0.377134331657	0.0538763330939	0.447928754306
-hem	0.00415800415802	0.991683991684	0.0	0.004158004158
-heo	0.151734104046	0.651734104046	0.171965317919	0.0245664739884
-heh	0.744483562255	0.116725343383	0.0362473347548	0.102543759607
-hei	0.715390473959	0.0811705430898	0.0374362880075	0.166002694944
-rbe	0.0	1.0	0.0	0.0
-hek	0.5125	0.2625	0.0375	0.1875
-sko	0.237227891385	0.246373622342	0.120330188815	0.396068297457
-mua	0.645124143037	0.246329118932	0.0199298604557	0.0886168775751
-heg	0.109949631402	0.062819252606	0.0133430207883	0.813888095204
-hea	0.157099697885	0.715407854985	0.0380664652569	0.0894259818731
-heb	0.629798768448	0.230468412973	0.0111749005195	0.12855791806
-lem	0.00744797511314	0.982328485364	0.00308698968505	0.00713654983797
-hbi	0.47753348375	0.349767173924	0.0698478229562	0.10285151937
-aus	0.0977088948787	0.868598382749	0.0202156334232	0.0134770889488
-mba	0.50184501845	0.285977859779	0.0	0.212177121771
-hba	0.132450331126	0.506990434143	0.355040470935	0.00551876379692
-umi	0.0	0.741935483871	0.258064516129	0.0
-plu	0.0357142857143	0.964285714286	0.0	0.0
-shk	0.247628116272	0.64980285552	0.0543477509774	0.0482212772309
-lea	0.0	1.0	0.0	0.0
-hbs	0.0973630831643	0.893171061528	0.00811359026369	0.00135226504395
-aum	0.00692840646651	0.982678983834	0.00346420323326	0.00692840646652
-aul	0.0268431360368	0.956609590945	0.00382539210269	0.0127218809159
-nth	0.0726092089728	0.888429752066	0.0106257378985	0.0283353010626
-ntk	0.665020130595	0.198565483642	0.0682071928816	0.0682071928816
-mun	0.511111111111	0.388888888889	0.0777777777778	0.0222222222222
-nto	0.1734375	0.475	0.3328125	0.01875
-pus	0.0443131462334	0.929098966027	0.02658788774	0.0
-nta	0.200501253133	0.689780005569	0.0846560846561	0.0250626566416
--ul	0.71164021164	0.195767195767	0.00793650793651	0.084656084656
-uak	0.422712933754	0.577287066246	0.0	0.0
-uam	0.0779871213928	0.663486763654	0.245647507751	0.0128786072025
-kia	0.105381959497	0.488343647158	0.157135333963	0.249139059381
-muh	0.603593927253	0.237865366513	0.130693200743	0.0278475054911
-pud	0.456	0.544	0.0	0.0
-wat	0.0311792986425	0.959912330317	0.00890837104071	0.0
-her	0.0	0.705521472393	0.0	0.294478527607
-sha	0.161583640812	0.528244467849	0.0261206110873	0.284051280252
-pul	0.0522875816993	0.823529411765	0.0849673202614	0.0392156862745
-akk	0.534246575342	0.164383561644	0.164383561644	0.13698630137
-leg	0.0	1.0	0.0	0.0
-pui	0.181213882487	0.768680896549	0.0150315662892	0.0350736546748
-cas	0.00641025641027	0.99358974359	0.0	0.0
-nal	0.0919504692429	0.782367582714	0.0532800037571	0.0724019442857
-dha	0.621469853598	0.0729274918413	0.0320880964101	0.273514558151
-nma	0.227896584743	0.606994665086	0.0976699648899	0.0674387852811
-dho	0.220221606648	0.667590027701	0.0498614958449	0.0623268698061
--ha	0.231934106107	0.255060784108	0.0511798999922	0.461825209793
-'is	0.236552582768	0.405772797723	0.070432197576	0.287242421933
-'ip	0.216050955414	0.229299363057	0.0463694267516	0.508280254777
-'in	0.165925925926	0.798518518519	0.0	0.0355555555555
-'im	0.595348837209	0.26976744186	0.0767441860465	0.0581395348837
-opo	0.405731489741	0.38731043711	0.0796164139162	0.127341659233
-'ik	0.0243183492999	0.0796610169491	0.0591009579956	0.836919675755
-opi	0.029301071136	0.944294586892	0.00868224036239	0.0177221016093
-sma	0.0744531642604	0.145778796197	0.0675403739248	0.712227665618
-gda	0.765441695408	0.13925419769	0.00543766300314	0.0898664438985
-'ig	0.294675012762	0.185291152037	0.0700330052123	0.450000829989
-pij	0.488549618321	0.293469041561	0.0916030534352	0.126378286684
-opa	0.734360834089	0.173164097915	0.0652765185856	0.0271985494107
-hol	0.184066437433	0.612350055528	0.161391586445	0.0421919205942
-ive	0.0804985717995	0.916385354453	0.00311607374708	0.0
-uki	0.489509307141	0.169534070691	0.0226045427587	0.31835207941
-dea	0.0215226792719	0.932615910691	0.0103590465654	0.0355023634718
-msa	0.286248830683	0.713751169317	0.0	0.0
-yst	0.0	0.613636363636	0.386363636364	0.0
-dee	0.0	0.977186311787	0.0	0.0228136882129
-msk	0.135148723931	0.400277537558	0.464573738511	0.0
-siw	0.110091743119	0.449541284404	0.440366972477	0.0
-gko	0.232903225806	0.406774193548	0.163870967742	0.196451612903
-msh	0.336063176367	0.285802866335	0.0776835331969	0.300450424101
-okp	0.0625	0.671875	0.265625	0.0
-oks	0.22392974753	0.545554335895	0.121844127333	0.108671789243
-ima	0.301307940748	0.507340178031	0.133640681216	0.0577112000051
-der	0.0328947368421	0.960526315789	0.00657894736841	0.0
-des	0.0	1.0	0.0	0.0
-oki	0.294386197616	0.44867850777	0.0838979097205	0.173037384893
-kim	0.286295728686	0.330505136906	0.188746300258	0.19445283415
-okk	0.492516586947	0.368153062799	0.12636938744	0.0129609628144
-imk	0.496301787688	0.312285092945	0.10374414135	0.0876689780173
-pag	0.623762376238	0.368316831683	0.00792079207922	0.0
-oka	0.0126315789474	0.987368421053	0.0	0.0
-sik	0.198606271777	0.160278745645	0.01393728223	0.627177700348
-lla	0.0340196956133	0.955237242614	0.0107430617726	0.0
-ech	0.4311848535	0.284580092736	0.116995402821	0.167239650943
-dag	0.217981898812	0.602001479106	0.100169179114	0.0798474429682
-sus	0.0116124099368	0.803728834013	0.00305371456796	0.181605041482
-ece	0.0384236453202	0.96157635468	0.0	0.0
-ida	0.495727025019	0.335444017835	0.0536444141689	0.115184542977
-big	0.0278260869566	0.925217391304	0.0339130434783	0.0130434782609
-bia	0.535185136607	0.287693709953	0.0468771915612	0.130243961878
-kpa	0.364956793528	0.343322914751	0.242078813507	0.0496414782129
-idu	0.582463465553	0.348643006263	0.0375782881002	0.0313152400835
-bij	0.461071789687	0.366026289181	0.0490394337715	0.123862487361
-bih	0.452991452991	0.495726495727	0.0	0.051282051282
-ege	0.463128876637	0.502817529493	0.0340535938703	0.0
-ter	0.0206420731821	0.967690668063	0.00291681468878	0.00875044406633
-tes	0.0666666666666	0.933333333333	0.0	0.0
-hla	0.00669736291335	0.726384819311	0.19673503558	0.0701827821962
-ria	0.0160531414337	0.946720177138	0.024771657902	0.0124550235262
-uth	0.422656464894	0.364947324665	0.0968516200831	0.115544590358
-ejk	0.258269143634	0.336429542365	0.30335296783	0.101948346171
-hlk	0.138267355135	0.789443488239	0.0	0.0722891566265
-a'u	0.0612244897959	0.714285714286	0.224489795918	0.0
-a'i	0.155978493484	0.163127975555	0.0673444672611	0.6135490637
-kaj	0.187846761279	0.265125811956	0.0431177890038	0.503909637761
-ris	0.0	1.0	0.0	0.0
-utt	0.105171574217	0.0899585825492	0.0370634628541	0.76780638038
-mjo	0.848484848485	0.0606060606061	0.0909090909091	0.0
-odk	0.537712895377	0.384428223844	0.0778588807786	0.0
-a'a	0.324460362017	0.538863614365	0.0553673410125	0.0813086826057
-ate	0.0214273567258	0.910549288589	0.0394535457174	0.0285698089677
-sia	0.0129249062944	0.959286545173	0.00840118909138	0.0193873594417
-ard	0.107692307692	0.707692307692	0.184615384615	0.0
-e'e	0.0986523771913	0.432197910861	0.202903820827	0.26624589112
-pga	0.195790926341	0.704157322753	0.0276004830084	0.0724512678972
-jij	0.197877652934	0.645443196005	0.0480649188515	0.10861423221
-ara	0.0	0.981366459627	0.0186335403727	0.0
-mes	0.000173631207316	0.99548558861	0.00434078018289	0.0
-arl	0.0	0.735294117647	0.235294117647	0.0294117647059
-jig	0.091672641606	0.821135921336	0.038154255864	0.0490371811943
-pgi	0.0186770428016	0.976653696498	0.00466926070038	0.0
-e'i	0.382137628111	0.577354807223	0.0336749633968	0.0068326012689
-ark	0.0516265912305	0.935643564357	0.0	0.012729844413
-med	0.539286890744	0.23137752166	0.0604245794092	0.168911008188
-g'e	0.554973821989	0.413612565445	0.0314136125655	0.0
-mec	0.0	1.0	0.0	0.0
-mel	0.15038177818	0.798628186877	0.0124239679048	0.0385660670377
-men	0.0135135135135	0.445945945946	0.0	0.540540540541
-mei	0.141402714932	0.803450226244	0.045814479638	0.00933257918553
-ary	0.00729034886464	0.830992559556	0.0	0.16171709158
-mek	0.164620535714	0.691220238095	0.0967261904761	0.0474330357143
-wuk	0.672340425532	0.225531914894	0.0808510638298	0.0212765957447
-pha	0.00719424460432	0.992805755396	0.0	0.0
-git	0.342251147715	0.422131055354	0.0623968078828	0.173220989048
-aya	0.674157303371	0.0955056179775	0.162921348315	0.0674157303371
-153	0.0588235294118	0.117647058824	0.0294117647059	0.794117647059
-ayo	0.00331125827815	0.996688741722	0.0	0.0
-ila	0.276049531863	0.70945333736	0.0072485653881	0.0072485653881
-gok	0.581319826601	0.213702754548	0.0490391054139	0.155938313437
-ojk	0.581395348837	0.355813953488	0.0302325581396	0.0325581395349
-p'e	0.224593181773	0.254553591148	0.33110855016	0.189744676918
-gon	0.0	1.0	0.0	0.0
-dch	0.398672214877	0.394673026544	0.0654793156884	0.141175442891
-dab	0.0	1.0	0.0	0.0
-xad	0.0	1.0	0.0	0.0
-uga	0.27042234253	0.579701920568	0.122743060394	0.0271326765081
-dai	0.0514434858839	0.39508577235	0.00529975493614	0.54817098683
-alk	0.245068633332	0.632485267652	0.0518719785455	0.07057412047
-umt	0.126467960197	0.113494730396	0.027502482753	0.732534826654
-hwi	0.291037881121	0.701570680628	0.0	0.00739143825069
-hwo	0.524017467249	0.379912663755	0.0698689956332	0.0262008733625
-oth	0.557644108213	0.261644042356	0.094385494099	0.086326355332
-nan	0.00554938956715	0.994450610433	0.0	0.0
-ali	0.0430485539931	0.838286017511	0.0663305916689	0.0523348368268
-oam	0.0	0.922033898305	0.0474576271187	0.0305084745763
-ijj	0.0875109510304	0.209956949808	0.172787342761	0.5297447564
-ijk	0.161933818353	0.537139169209	0.243428772589	0.0574982398498
-ume	0.0609137055838	0.756345177665	0.0304568527919	0.152284263959
-umd	0.474645466266	0.142171608652	0.0128921357971	0.370290789285
-ots	0.426668391102	0.543843766167	0.0050439730988	0.0244438696327
-u'i	0.120276065819	0.176139521084	0.58796595722	0.115618455878
-nha	0.0	1.0	0.0	0.0
-naj	0.267692307692	0.588971028971	0.0683716283716	0.0749650349651
ALL	0.240435836279	0.337022569364	0.0613659458706	0.361175648486
-nai	0.171731789677	0.713458755427	0.0472744814279	0.0675349734684
-kig	0.210020292287	0.488927045326	0.243141597237	0.0579110651499
-aki	0.261474269819	0.527121001391	0.144645340751	0.066759388039
-nam	0.312262676776	0.165747888581	0.0574550131894	0.464534421453
-sis	0.037037037037	0.925925925926	0.0	0.037037037037
-kij	0.259992797983	0.631485906963	0.0343732608767	0.0741480341768
-kih	0.163689616727	0.642984033223	0.0460422501879	0.147284099862
-kio	0.183066361556	0.548054919908	0.0183066361556	0.25057208238
-nag	0.108504794618	0.740539543505	0.0423626903844	0.108592971493
-nad	0.499840815027	0.207258834766	0.165552371856	0.127347978351
-kis	0.632911392405	0.113924050633	0.164556962025	0.0886075949367
-sij	0.348214285714	0.455357142857	0.160714285714	0.0357142857143
-sin	0.0	0.882352941176	0.0941176470588	0.0235294117647
-sim	0.180601073844	0.498059177649	0.245682541896	0.0756572066104
-kit	0.597757640915	0.174320380894	0.202119490094	0.0258024880971
-nas	0.477678323233	0.445043642631	0.0327458720187	0.0445321621171
-nap	0.427460734622	0.111304048558	0.0120455540955	0.449189662724
-sig	0.162559744447	0.718653014148	0.0910644033145	0.0277228380905
-igi	0.587891428517	0.202753513648	0.063097367993	0.146257689842
-nat	0.255307480814	0.184907729818	0.0617322507869	0.498052538581
-jch	0.695630308291	0.124953185799	0.0154922436756	0.163924262235
-wui	0.0324538007844	0.0466908224194	0.00682313818948	0.914032238607
-wuh	0.819702602231	0.174721189591	0.00557620817844	0.0
-mos	0.0339805825243	0.95145631068	0.00970873786407	0.00485436893204
-mor	0.0454545454546	0.909090909091	0.0454545454545	0.0
-wul	0.131291935796	0.684923048882	0.0848797603181	0.0989052550038
-igo	0.08596582116	0.76146799361	0.0894846331742	0.0630815520561
-wua	0.50058769509	0.223787670913	0.0450942031994	0.230530430798
-gog	0.160501981506	0.752311756935	0.0871862615587	0.0
-wud	0.261020460079	0.25466075517	0.0254388196388	0.458879965112
-mog	0.480327868853	0.204918032787	0.167213114754	0.147540983606
-ako	0.214686911072	0.126239442923	0.188056594555	0.47101705145
-lko	0.114313825523	0.727321866725	0.0317639627821	0.12660034497
-mon	0.00723445045306	0.988696171167	0.000542583783978	0.00352679459587
-gos	0.551717659819	0.353461963127	0.0210118279896	0.0738085490644
-wup	0.27226247839	0.505756427704	0.153566042594	0.0684150513113
-mok	0.128289473684	0.543859649123	0.0427631578947	0.285087719298
-moj	0.0105090859806	0.980295463786	0.00525454299029	0.00394090724272
-pod	0.0483870967742	0.758064516129	0.193548387097	0.0
-u'u	0.199506974379	0.613903769008	0.0299205257646	0.156668730848
-och	0.539163353586	0.366445967788	0.036721011271	0.0576696673553
-ber	0.0	1.0	0.0	0.0
-cob	0.0	1.0	0.0	0.0
-eon	0.0573733751681	0.902285970417	0.018825638727	0.021515015688
-bei	0.634705978622	0.137791319962	0.0191409900431	0.208361711373
-ben	0.126582278481	0.746835443038	0.0	0.126582278481
-eoj	0.0815149235014	0.782794080762	0.0453975420115	0.0902934537246
-u'a	0.566376106029	0.295320907564	0.111340248231	0.0269627381756
-216	0.0645161290323	0.387096774194	0.161290322581	0.387096774194
-cos	0.0359281437125	0.910179640719	0.0538922155689	0.0
-oaz	0.03125	0.96875	0.0	0.0
-hhi	0.677881676365	0.278646953608	0.038037448774	0.00543392125341
-isk	0.390747610215	0.47941931802	0.0898844342987	0.0399486374661
-ups	0.0429338103757	0.141323792487	0.815742397138	0.0
-ish	0.636688099957	0.205117397687	0.0862607758133	0.0719337265433
--ui	0.483970840104	0.250977120021	0.218369856396	0.046682183479
-ise	0.0	0.931818181818	0.0681818181818	0.0
-rea	0.0365853658536	0.911308203991	0.019955654102	0.0321507760532
-red	0.0	1.0	0.0	0.0
-rez	0.0	1.0	0.0	0.0
-eve	0.0818181818182	0.909090909091	0.00909090909091	0.0
-mia	0.264371572793	0.585757344664	0.0337727421287	0.116098340415
-eva	0.524590163934	0.426229508197	0.0491803278689	0.0
-l'o	0.478998533539	0.224411230565	0.274672959823	0.0219172760734
-ist	0.00690536653648	0.94757909826	0.00392988339475	0.0415856518086
-rew	0.0	1.0	0.0	0.0
-ret	0.11528150134	0.85254691689	0.0	0.0321715817694
-reu	0.0	1.0	0.0	0.0
-ahe	0.387130801688	0.449367088608	0.103375527426	0.0601265822785
-hab	0.0855436237061	0.0115702267743	0.00244581266776	0.900440336852
-had	0.182481751825	0.620437956204	0.14598540146	0.0510948905109
-hag	0.173654942914	0.660023589676	0.0817781319468	0.0845433354628
-hah	0.372413793104	0.220689655172	0.131034482759	0.275862068965
-hai	0.203094983311	0.696574799486	0.0266268815215	0.073703335682
-mas	0.151602351882	0.200802417347	0.0210413141132	0.626553916658
-mar	0.0	1.0	0.0	0.0
-hal	0.0576158997588	0.87050357453	0.060010347153	0.0118701785577
-ham	0.164088106896	0.50978387258	0.0976603023548	0.228467718169
-han	0.548592057762	0.384981949458	0.0424548736462	0.0239711191336
-pog	0.165580682254	0.806822537371	0.0	0.0275967803756
-mai	0.315036730497	0.173820602955	0.035573431251	0.475569235296
-mah	0.624721420025	0.129529522029	0.0112490424691	0.234500015477
-mak	0.300227250433	0.262913575236	0.204319647526	0.232539526804
-maj	0.136701571604	0.231498286945	0.0337536483174	0.598046493133
-mam	0.109995953635	0.048550298234	0.0170354894689	0.824418258662
-mal	0.541666666667	0.239583333333	0.203125	0.015625
-jud	0.0268642890227	0.939323761	0.0254747568319	0.00833719314497
-man	0.0	1.0	0.0	0.0
-juj	0.413793103448	0.50998185118	0.059891107078	0.016333938294
-juk	0.39393939394	0.60606060606	0.0	0.0
-juh	0.405375261736	0.129664489869	0.0377868929556	0.42717335544
-mad	0.496297244599	0.322602564355	0.0711500206803	0.109950170366
-mag	0.192923471021	0.64121037464	0.0336215177714	0.132244636567
-sib	0.336748116554	0.533025072747	0.0710328058357	0.0591940048631
-eki	0.290237047352	0.139185252138	0.122726820598	0.447850879912
-uni	0.166982131067	0.237381991537	0.0456541076123	0.549981769784
-ptp	0.272298409216	0.10378496983	0.0311574328031	0.592759188151
-una	0.189573448746	0.690420795545	0.0888161409825	0.0311896147263
-ntp	0.150249178859	0.194030762607	0.0381623313715	0.617557727163
-unt	0.0611203450666	0.0607020951157	0.0173998271089	0.860777732709
-nko	0.122453919618	0.462520244696	0.159230509339	0.255795326347
-nki	0.457894736842	0.363157894737	0.105263157895	0.0736842105263
-nkk	0.0798319327731	0.86974789916	0.0	0.0504201680672
-gag	0.424242424242	0.445887445887	0.103896103896	0.025974025974
-gad	0.416038589087	0.565872776605	0.0	0.0180886343081
-tra	0.0	1.0	0.0	0.0
-bek	0.639693270104	0.197356472606	0.0358187872062	0.127131470084
-gan	0.310344827586	0.48275862069	0.0620689655173	0.144827586207
-gam	0.0653261933977	0.195428741966	0.0270489699944	0.712196094642
-dki	0.382778018174	0.211899610558	0.131544785807	0.273777585461
-gak	0.349677577666	0.389420527605	0.11814222592	0.142759668809
-gaj	0.174619074483	0.649580304427	0.0658164016206	0.10998421947
-gai	0.0579369804015	0.106749766049	0.007452526709	0.827860726841
-gah	0.0919540229885	0.367816091954	0.0919540229885	0.448275862069
-adt	0.234830987933	0.594881297669	0.126893329036	0.0433943853618
-gat	0.256854632774	0.22660284856	0.463601160383	0.0529413582836
-gas	0.0747126436782	0.804597701149	0.112068965517	0.00862068965518
-hia	0.134866701516	0.606900156822	0.0734448510193	0.184788290643
-eok	0.48993392598	0.407602034347	0.0202871190882	0.0821769205843
-hij	0.134508368828	0.202981085457	0.602049562668	0.0604609830476
-oht	0.314769481844	0.226642186863	0.103631170951	0.354957160343
-ini	0.156644224672	0.678666837568	0.142932795445	0.0217561423155
-ink	0.47572815534	0.334951456311	0.160194174757	0.0291262135922
-ohp	0.671330329618	0.117144889732	0.00426843727769	0.207256343372
-bel	0.170731707317	0.81881533101	0.0104529616725	0.0
-ino	0.177065767285	0.819786396852	0.0	0.00314783586285
-ikk	0.241148325359	0.366985645933	0.0	0.391866028708
-apa	0.70011827354	0.13494427817	0.0497526250618	0.115184823228
-sea	0.0579710144928	0.797101449275	0.115942028986	0.0289855072464
-hso	0.128463476071	0.766862580465	0.063811922754	0.0408620207109
-uik	0.458181818182	0.171428571429	0.208831168831	0.161558441558
-chk	0.654300912751	0.212055154294	0.0471204920179	0.0865234409372
-uim	0.716648579386	0.200978020685	0.0	0.0823733999293
-oha	0.579405607071	0.271564626206	0.0168612276763	0.132168539047
-hsh	0.434620659562	0.276485313094	0.0328054476633	0.25608857968
-hsi	0.523111287243	0.38993767338	0.0308931080448	0.0560579313327
-ohm	0.311926605505	0.423165137615	0.00688073394495	0.258027522936
-ohn	0.0444568929041	0.910204227576	0.0119604536272	0.0333784258923
-oho	0.234993939935	0.0949759282007	0.0547705142997	0.615259617565
-ses	0.116354234001	0.847446670976	0.00517129928894	0.0310277957337
-ohi	0.0567260940032	0.768233387358	0.175040518639	0.0
-omi	0.192204301075	0.707795698925	0.0806451612903	0.0193548387096
-ohk	0.0772211431414	0.103498964819	0.019274481819	0.80000541022
-iad	0.595527467185	0.346135148274	0.0583373845406	0.0
-iag	0.0	1.0	0.0	0.0
-kut	0.154492089786	0.135508235696	0.0445299273652	0.665469747152
-kus	0.160710409582	0.648404583934	0.0367004135336	0.15418459295
-kup	0.229565217391	0.149275362319	0.0518840579711	0.569275362319
-iam	0.380514445796	0.365941311299	0.206995104559	0.0465491383457
-edk	0.376246600181	0.455122393472	0.0707162284678	0.0979147778785
-mtp	0.188546458662	0.216439589098	0.0394988744402	0.5555150778
-ian	0.0388978930308	0.868719611021	0.0875202593192	0.00486223662885
-nes	0.0794701986754	0.907284768212	0.0132450331126	0.0
-iak	0.413677030738	0.347742640328	0.155313431954	0.0832668969793
-kug	0.245544341908	0.56444564398	0.081465646147	0.108544367965
-neo	0.594268788317	0.276365640284	0.0783908521044	0.0509747192946
-kud	0.153999756291	0.595314906605	0.0272974643199	0.223387872784
-iap	0.126514131898	0.514131897712	0.0619111709286	0.297442799462
-neh	0.1292227509	0.0945098325408	0.0148641332974	0.761403283262
-nei	0.822591154942	0.085676251544	0.0147111144868	0.0770214790267
-tkk	0.335910049192	0.415319747013	0.206605762474	0.0421644413211
-kum	0.131405134354	0.142502212267	0.0228629160461	0.703229737333
-tki	0.361609408635	0.230950361877	0.0834010841186	0.32403914537
-kui	0.100175746924	0.648506151142	0.219683655536	0.0316344463972
-nea	0.369066455696	0.197982594937	0.383702531646	0.0492484177215
-ban	0.0381355932203	0.542372881356	0.419491525424	0.0
-eka	0.258620689655	0.626156433978	0.0201850294365	0.0950378469301
-hoa	0.526616823957	0.210401601503	0.0261469951383	0.236834579401
-baj	0.0717948717948	0.718974358974	0.0984615384615	0.110769230769
-hog	0.47381305773	0.31410439767	0.123055625363	0.0890269192372
-hod	0.287058823529	0.649411764706	0.00470588235294	0.0588235294118
-bai	0.19101272084	0.174179979686	0.021125883077	0.613681416397
-hoj	0.0733610835274	0.80297827815	0.027601199743	0.0960594385792
-hok	0.644825285608	0.200881229774	0.0423287579078	0.11196472671
-bad	0.0886677185039	0.851449571464	0.0219357345702	0.0379469754619
-hoi	0.0773659084526	0.81100814378	0.0648694187026	0.0467565290649
-hon	0.192441197115	0.630728803139	0.0715052919841	0.105324707762
-upt	0.244900767561	0.151142166906	0.115592795327	0.488364270206
-mku	0.130904654	0.218406832839	0.538783336238	0.111905176922
-hom	0.338288395927	0.231942926402	0.215349312675	0.214419364996
-hor	0.0	1.0	0.0	0.0
-hos	0.0802469135802	0.91975308642	0.0	0.0
-mki	0.257574411373	0.465748556197	0.0988005330965	0.177876499334
-iha	0.568258878063	0.318952821872	0.0297618051134	0.0830264949517
-gsh	0.171875	0.734375	0.0234374999999	0.0703125
-bat	0.375910060253	0.257009587019	0.0901638448711	0.276916507857
-bar	0.0	1.0	0.0	0.0
-bas	0.0370201096892	0.948354661792	0.0073126142596	0.0073126142596
-job	0.134146341463	0.756097560976	0.0731707317073	0.0365853658537
-'ol	0.146614108372	0.73777725481	0.0873683591222	0.0282402776961
-zol	0.0	1.0	0.0	0.0
-asa	0.577010367304	0.146431359733	0.0906912141184	0.185867058845
-ukt	0.0229007633587	0.0782442748092	0.354961832061	0.543893129771
-ask	0.36509831018	0.403993465907	0.177738567092	0.0531696568223
-iyo	0.0882352941177	0.867647058823	0.0	0.0441176470588
-asi	0.00612326043737	0.964055666004	0.0169383697813	0.0128827037773
-ash	0.345549646263	0.385661947299	0.0240906414544	0.244697764984
-ltk	0.11320754717	0.853773584906	0.0141509433962	0.0188679245283
-ihj	0.0578480524489	0.935210181257	0.00231392209796	0.00462784419592
-ast	0.127511101713	0.76083738634	0.0431380841616	0.068513427786
-ppe	0.57627714482	0.276074207827	0.0644285006632	0.0832201466899
-asp	0.0092234082415	0.0255853501532	0.0213291315585	0.943862110047
-nyx	0.0	0.838926174497	0.161073825503	0.0
-nog	0.262857142857	0.44	0.0542857142857	0.242857142857
-'ij	0.48841572256	0.298149429893	0.079833157262	0.133601690284
-ape	0.46835443038	0.481012658228	0.0253164556962	0.0253164556962
-wgi	0.27523362674	0.679398193028	0.0453681802319	0.0
-430	0.530973451327	0.0530973451327	0.0	0.41592920354
-ras	0.0	1.0	0.0	0.0
-'od	0.0958999305073	0.849200833912	0.0444753300903	0.0104239054899
-ran	0.690265486726	0.309734513274	0.0	0.0
-eri	0.0	1.0	0.0	0.0
-iwa	0.0683908045977	0.694827586207	0.233333333333	0.00344827586207
-ram	0.0	1.0	0.0	0.0
-rak	0.0	1.0	0.0	0.0
-rah	0.0972222222222	0.826388888889	0.0277777777778	0.0486111111111
-iwk	0.418918918919	0.527027027027	0.0540540540541	0.0
-hej	0.0287081339713	0.655502392344	0.0574162679426	0.258373205742
-iwo	0.166666666667	0.6	0.133333333333	0.1
-'ap	0.0741750822472	0.0855145312755	0.107044651307	0.733265735171
-agk	0.368589118429	0.391276241216	0.162448938648	0.0776857017069
-chs	0.190897063191	0.207430674935	0.129109777062	0.472562484812
-pos	0.476702508961	0.516129032258	0.00716845878136	0.0
-ahm	0.0775200085989	0.428882826971	0.0395554609268	0.454041703503
-pot	0.262210796915	0.167095115681	0.123393316195	0.447300771208
-chu	0.112396055029	0.334380930564	0.0771784526316	0.476044561776
-pok	0.575328918205	0.257875855216	0.0215383287907	0.145256897788
-uge	0.433526011561	0.202312138728	0.277456647399	0.0867052023121
-pol	0.0408163265306	0.510204081633	0.183673469388	0.265306122449
-pom	0.7375	0.1125	0.1125	0.0375
-bsh	0.153301862549	0.0475848684935	0.0221766403606	0.776936628597
-ugk	0.420028737956	0.196226045267	0.127805778269	0.255939438509
-aza	0.0	0.961538461538	0.0384615384615	0.0
-ugi	0.350011345587	0.607612888586	0.0268890401634	0.0154867256637
-ike	0.625	0.375	0.0	0.0
-iht	0.4268892054	0.556259904913	0.0168508896868	0.0
-500	0.0	0.609302325581	0.0558139534883	0.33488372093
-iko	0.37650200267	0.560664218959	0.0513184245661	0.0115153538051
-lam	0.027397260274	0.972602739726	0.0	0.0
-nor	0.0	1.0	0.0	0.0
-nos	0.0	1.0	0.0	0.0
-lah	0.0	1.0	0.0	0.0
-lai	0.223463687151	0.690875232775	0.0856610800745	0.0
-iki	0.110564010743	0.791853178156	0.0313339301701	0.066248880931
-lak	0.144444444444	0.594444444444	0.0944444444444	0.166666666667
-k'o	0.0522765598651	0.239460370995	0.675379426644	0.0328836424958
-noi	0.137825421133	0.843797856049	0.0	0.0183767228178
-ppi	0.0261723009815	0.948745910578	0.0	0.0250817884405
-aan	0.0503048780488	0.949695121951	0.0	0.0
-ppo	0.539024390244	0.256097560976	0.0439024390244	0.160975609756
-nom	0.0377358490566	0.339622641509	0.622641509434	0.0
-non	0.0	1.0	0.0	0.0
-ikp	0.425126119512	0.401046685835	0.0576195993416	0.116207595311
-nio	0.0598503740649	0.910224438903	0.0	0.0299251870324
-kch	0.3371414992	0.334006962668	0.167739929519	0.161111608613
-ppa	0.0808987511151	0.914083407672	0.00334522747547	0.00167261373773
-noc	0.111317254174	0.888682745826	0.0	0.0
-nod	0.341692517557	0.278730864447	0.144180265751	0.235396352246
-nna	0.100243013366	0.842648845687	0.0145808019441	0.0425273390037
-aac	0.00494559841741	0.985163204748	0.00494559841743	0.00494559841741
-jga	0.0878504672898	0.553271028037	0.291588785047	0.0672897196262
-ahj	0.0	1.0	0.0	0.0
-ahk	0.534068772534	0.31303341764	0.0765054081688	0.0763924016574
-gei	0.719637115042	0.168314971767	0.012707603567	0.0993403096235
-ahi	0.43487829677	0.24995102126	0.0415675770754	0.273603104895
-ahn	0.0223404255319	0.901595744681	0.0686170212766	0.00744680851064
-ahl	0.340863523711	0.615152738715	0.0266840243936	0.0172997131798
-kji	0.010395010395	0.989604989605	0.0	0.0
-aha	0.296114348392	0.105073010215	0.0310321976189	0.567780443774
-uio	0.77358490566	0.22641509434	0.0	0.0
-ahg	0.599223700782	0.0898972793555	0.0207271187428	0.29015190112
-ypt	0.00737430167599	0.914189944134	0.0697206703911	0.00871508379891
-evi	0.024154589372	0.966183574879	0.0	0.00966183574879
-lot	0.209150326797	0.653594771242	0.137254901961	0.0
-dod	0.0625	0.8125	0.03125	0.09375
-hhu	0.433506044905	0.158894645941	0.20207253886	0.205526770294
-lta	0.0	0.916666666667	0.0	0.0833333333333
-don	0.0	1.0	0.0	0.0
-ahs	0.147592679183	0.382023207312	0.0899594382083	0.380424675296
-ahp	0.609913303981	0.0808224774181	0.0170668603332	0.292197358268
-dom	0.0125	0.9875	0.0	0.0
-gew	0.113138686131	0.875912408759	0.0109489051095	0.0
-dok	0.273698264352	0.694259012016	0.0160213618157	0.0160213618158
-aht	0.470950061709	0.26570939445	0.0661552957414	0.197185248099
-ahu	0.661578294406	0.276390312315	0.00952946041679	0.0525019328623
-tog	0.227941176471	0.727941176471	0.0	0.0441176470588
-tod	0.578522285373	0.31199521388	0.0323063116961	0.0771761890517
-dek	0.311567164179	0.402985074627	0.240671641791	0.044776119403
-mpk	0.030303030303	0.0	0.878787878788	0.0909090909091
-sau	0.00636942675159	0.993630573248	0.0	0.0
-toa	0.40833863781	0.265436028008	0.30458306811	0.0216422660725
-'us	0.0983364140481	0.898336414048	0.00221811460259	0.00110905730129
-gli	0.606060606061	0.393939393939	0.0	0.0
-tol	0.648648648649	0.234234234234	0.0810810810811	0.036036036036
-tom	0.120860215054	0.589247311828	0.269247311828	0.0206451612903
-olt	0.602253594094	0.0402797565082	0.310840564694	0.0466260847041
-tok	0.490239655434	0.273372313242	0.0817804428533	0.154607588471
-fus	0.018691588785	0.943925233645	0.0373831775701	0.0
-'uk	0.41445329792	0.155599822931	0.381806108898	0.0481407702523
-oli	0.0714285714286	0.892857142857	0.0357142857143	0.0
-'ui	0.272727272727	0.327272727273	0.4	0.0
-olk	0.139093378204	0.305721941272	0.519519711754	0.0356649687703
-ibi	0.344920905058	0.456462907681	0.130820522836	0.0677956644254
-olo	0.0	0.986754966887	0.0132450331126	0.0
-sai	0.0942408376964	0.780104712042	0.0	0.125654450262
-sah	0.0	1.0	0.0	0.0
-'ug	0.196629213483	0.751755617978	0.0294943820225	0.0221207865169
-sam	0.0	1.0	0.0	0.0
-lon	0.00569800569802	0.988603988604	0.0	0.005698005698
-iel	0.0868113522538	0.888146911519	0.0200333889816	0.00500834724541
-lpa	0.0514469453376	0.848874598071	0.0932475884244	0.0064308681672
-unk	0.206289308176	0.611740041929	0.0805031446541	0.101467505241
-loe	0.107692307692	0.861538461538	0.0	0.0307692307692
-wel	0.0888915547025	0.888795585413	0.00719769673704	0.0151151631478
-rod	0.0584181161798	0.872333442731	0.0510338037414	0.0182146373482
-hgi	0.650580849561	0.165482801328	0.0472806276451	0.136655721467
-bhe	0.356302648554	0.444107156409	0.119905896638	0.0796842983988
-map	0.0583157950822	0.0618856062019	0.00937741428457	0.870421184431
-ron	0.0172811059908	0.948156682028	0.0345622119816	0.0
-haj	0.230386537777	0.620666939188	0.0573976909289	0.0915488321068
-itk	0.424812030075	0.315789473684	0.0563909774436	0.203007518797
-hak	0.406874399544	0.453734370924	0.0601962124664	0.0791950170654
-hks	0.291262135922	0.497177692481	0.106796116505	0.104764055091
-hkp	0.653558052434	0.290262172285	0.0168539325843	0.0393258426966
-win	0.450833955688	0.35997012696	0.156335573811	0.03286034354
-ipa	0.0	0.963636363636	0.0	0.0363636363636
-dda	0.0808950086058	0.867469879518	0.0103270223752	0.0413080895009
-mat	0.0686194495099	0.0236787189763	0.00446686753222	0.903234963982
-ein	0.0	1.0	0.0	0.0
-hke	0.359739049394	0.498602050326	0.0969245107176	0.044734389562
-ewa	0.0	0.951140065147	0.0488599348534	0.0
-hka	0.461432129045	0.454568925177	0.0684868141502	0.0155121316272
-hko	0.217096005137	0.684616748756	0.0820860516937	0.0162011944132
-ewk	0.115025161754	0.165947759406	0.683081715792	0.0359453630481
-hkk	0.585288991205	0.310639865982	0.0240164175723	0.0800547252408
-ewi	0.348391512663	0.555099247091	0.0636550308008	0.0328542094456
-hki	0.26304752151	0.59115706936	0.0822340848065	0.063561324324
-awk	0.6	0.383333333333	0.0	0.0166666666666
-hap	0.252724020166	0.290778988453	0.0712310944869	0.385265896894
-awi	0.137822529893	0.801762114537	0.0339836375079	0.0264317180617
-awo	0.48132780083	0.112033195021	0.141078838174	0.265560165975
-awm	0.15625	0.40625	0.375	0.0625
-awa	0.127751271803	0.0413235137568	0.0131204297494	0.817804784691
-wih	0.790927986306	0.091290703835	0.0232302237437	0.0945510861149
-har	0.0526829268293	0.815609756097	0.0175609756098	0.114146341463
-ton	0.265943877551	0.527423469388	0.176020408163	0.0306122448979
-has	0.213705332707	0.238823031171	0.0677734202051	0.479698215917
-cha	0.59406538596	0.268555784829	0.0393284513604	0.0980503778507
-hat	0.178706900226	0.661381749989	0.0650385713677	0.094872778417
-ita	0.143902482181	0.716586425939	0.0739780366142	0.0655330552656
-ddi	0.0	1.0	0.0	0.0
-awt	0.778242677824	0.162064156206	0.0415620641563	0.0181311018131
-pko	0.444042237604	0.341238169233	0.192117530725	0.0226020624382
-kma	0.0171128223934	0.914435888033	0.0	0.0684512895734
-pki	0.393299221139	0.390379799622	0.0911162418474	0.125204737391
-276	0.0	0.351851851852	0.0	0.648148148148
-pke	0.527131782946	0.0852713178294	0.116279069767	0.271317829457
-pka	0.23417721519	0.224683544304	0.474683544304	0.0664556962025
-sto	0.641851162447	0.236957915239	0.104965360815	0.0162255615
-wka	0.498535871157	0.235724743777	0.265739385066	0.0
-wia	0.791292109238	0.132781457377	0.0122730878272	0.0636533455584
-stk	0.151335311573	0.556379821959	0.185459940653	0.106824925816
-wko	0.29012345679	0.407407407407	0.265432098765	0.037037037037
-toi	0.307842041296	0.53374809625	0.0882603354932	0.0701495269602
-haz	0.0	1.0	0.0	0.0
-wkk	0.142708040625	0.64172453936	0.186664525711	0.0289028943037
-cum	0.133333333333	0.822222222222	0.0	0.0444444444445
-bah	0.589285714286	0.375	0.0119047619048	0.0238095238095
-dut	0.314646222648	0.393227918863	0.189746046957	0.102379811532
-ujj	0.243198680956	0.342126957955	0.14262159934	0.272052761748
-sse	0.0	1.0	0.0	0.0
-nis	0.174049132126	0.17663378545	0.103069967435	0.546247114989
-uch	0.144674287681	0.139046585902	0.0335640151077	0.682715111309
-pch	0.231331953071	0.662663906142	0.0596273291926	0.0463768115942
-hyo	0.083815822893	0.833223617713	0.0692763434116	0.0136842159825
-hya	0.0637668918919	0.885557432432	0.0253378378378	0.0253378378379
-aij	0.887813553083	0.0402258705636	0.000487017290799	0.0714735590623
-cus	0.0363283416528	0.954797559623	0.00471436494731	0.00415973377704
-nah	0.0442477876106	0.955752212389	0.0	0.0
-iok	0.465787227451	0.439355925462	0.0137490436094	0.0811078034775
-ioj	0.21536351166	0.728395061729	0.039780521262	0.0164609053498
-mug	0.238675295013	0.761324704987	0.0	0.0
-ois	0.290155440415	0.522020725389	0.0310880829016	0.156735751295
-ion	0.0841202526612	0.810819689294	0.0779827234971	0.0270773345476
-iom	0.0422535211267	0.915492957747	0.0093896713615	0.0328638497653
-mum	0.0	1.0	0.0	0.0
-mul	0.650602409639	0.26639892905	0.0709504685408	0.0120481927711
-'ul	0.580594679186	0.33489827856	0.037558685446	0.0469483568075
-iog	0.447400311351	0.37421903564	0.080031457026	0.0983491959833
-lee	0.00549004229573	0.976023080586	0.0126046889443	0.00588218817401
-aga	0.505578147818	0.220190030408	0.0272874951826	0.246944326591
-iod	0.818181818182	0.0909090909091	0.0454545454545	0.0454545454545
-oig	0.500633193152	0.489097408014	0.00855783236157	0.00171156647232
-utp	0.336309106592	0.237290567519	0.0495265865248	0.376873739364
-mus	0.0729927007299	0.875101378751	0.0373073803731	0.014598540146
-ios	0.0606060606061	0.939393939394	0.0	0.0
-oin	0.096256684492	0.839572192513	0.0641711229947	0.0
-ryl	0.0	0.934065934066	0.0659340659341	0.0
-les	0.0188679245283	0.981132075472	0.0	0.0
-oik	0.322631570841	0.400827082724	0.228025320745	0.0485160256904
-oij	0.441220460664	0.504935686509	0.0167514208794	0.0370924319474
-iot	0.0814070351758	0.895979899498	0.00150753768844	0.0211055276382
-eel	0.0	1.0	0.0	0.0
-rra	0.0	0.994350282486	0.0	0.00564971751414
-nda	0.539473684211	0.118421052632	0.171052631579	0.171052631579
-eek	0.0145454545455	0.376565656566	0.581818181818	0.0270707070707
-kpi	0.36338028169	0.577464788732	0.0253521126761	0.0338028169014
-alt	0.115384615385	0.884615384615	0.0	0.0
-rrh	0.078431372549	0.823529411765	0.0196078431373	0.078431372549
-gio	0.252656660489	0.361048137666	0.059000539778	0.327294662067
-alo	0.41846361186	0.160377358491	0.0303234501348	0.390835579515
-gim	0.382537079422	0.280460602525	0.227814694102	0.109187623951
-gik	0.31862745098	0.450980392157	0.142156862745	0.0882352941176
-gij	0.508127479841	0.415717394087	0.0287981569179	0.047356969154
-gih	0.108519873023	0.0905385547123	0.019744008041	0.781197564224
--em	0.440677966102	0.391134289439	0.0782268578878	0.0899608865711
--el	0.288270940703	0.493968397803	0.124313303506	0.0934473579884
-ald	0.0204081632653	0.704081632653	0.275510204082	0.0
-gia	0.368540868792	0.472205569037	0.0541234063322	0.105130155839
-tch	0.415014538726	0.225482421359	0.3013481364	0.0581549035157
-ait	0.177819539131	0.767110416591	0.036617254572	0.0184527897056
-120	0.031712473573	0.0317124735729	0.0	0.936575052854
-yon	0.0	1.0	0.0	0.0
-ihl	0.0392994736556	0.203022410332	0.00959086222803	0.748087253785
-hwa	0.0951293414771	0.801493108247	0.0808324462262	0.0225451040495
-hmk	0.614285714286	0.257142857143	0.0673469387755	0.061224489796
-duk	0.399209486166	0.308300395257	0.0474308300395	0.245059288538
-lok	0.173076923077	0.805288461539	0.0216346153846	0.0
-chi	0.148864185597	0.742870952151	0.0676655389077	0.0405993233446
-peg	0.134499013162	0.182245877828	0.338232405126	0.345022703884
-cho	0.143985739283	0.372419271622	0.0213255587313	0.462269430363
-was	0.382075471698	0.485849056604	0.0471698113208	0.0849056603773
-ogs	0.0546321810428	0.941244635482	0.00412318347492	0.0
-loi	0.0	0.980769230769	0.0192307692308	0.0
-chd	0.159068158617	0.583317640762	0.0165019772639	0.241112223356
-che	0.407317664163	0.39883692755	0.0692997334626	0.124545674824
-elt	0.277777777778	0.111111111111	0.555555555556	0.0555555555556
-ogi	0.445088906399	0.322396673126	0.0890224922955	0.143491928179
-elk	0.308176100629	0.0377358490566	0.553459119497	0.100628930818
-ogk	0.440789473684	0.490131578947	0.0493421052632	0.0197368421052
-eli	0.132379248658	0.762841809353	0.0679785330948	0.0368004088934
-per	0.0365296803653	0.908675799087	0.054794520548	0.0
-oga	0.419117647059	0.495098039216	0.046568627451	0.0392156862745
-lsh	0.513825860713	0.354268772312	0.124644521087	0.00726084588855
-ela	0.0	1.0	0.0	0.0
-lso	0.0884265279584	0.895968790637	0.00585175552666	0.00975292587777
-'pe	0.120236178207	0.759527643586	0.0	0.120236178207
-ikh	0.573529411765	0.176470588235	0.0735294117647	0.176470588235
-amt	0.106059603362	0.0833362260405	0.0203542373516	0.790249933246
-pna	0.116279069767	0.802325581395	0.046511627907	0.0348837209302
-cca	0.0865384615385	0.913461538462	0.0	0.0
-itt	0.0989010989011	0.846153846154	0.054945054945	0.0
-wha	0.417874823021	0.233759141843	0.113369778253	0.234996256883
-ito	0.513074662784	0.226469972855	0.0663139218595	0.194141442501
-esh	0.480701361268	0.25334715142	0.0170858775419	0.24886560977
-hgo	0.135888501742	0.491289198606	0.00696864111498	0.365853658537
-ith	0.398699347514	0.245167303132	0.0605132776747	0.295620071679
-esa	0.0680693069307	0.882425742574	0.0247524752475	0.0247524752475
-hga	0.213241447291	0.495838154416	0.0485969503729	0.24232344792
-hge	0.833333333333	0.0769230769231	0.0641025641025	0.025641025641
-m'o	0.685714285714	0.2	0.0285714285714	0.0857142857143
-uds	0.619934070196	0.333527244522	0.0349040139616	0.0116346713205
-udt	0.128048780488	0.871951219512	0.0	0.0
-udu	0.523221825268	0.257226372199	0.115297174407	0.104254628126
-ehj	0.0731998977379	0.81549931138	0.0368308633728	0.0744699275094
-kko	0.0725100975678	0.285072257878	0.0629433632907	0.579474281263
-hch	0.505324022476	0.254865538944	0.0743525444142	0.165457894165
-m'a	0.163461538461	0.817307692308	0.0192307692308	0.0
-spo	0.0364826941066	0.316183348924	0.00561272217026	0.641721234799
-o'i	0.321453417643	0.373767894492	0.256323243541	0.0484554443236
-uda	0.218623481781	0.7004048583	0.0242914979757	0.0566801619433
-n'e	0.595041322314	0.322314049587	0.0165289256198	0.0661157024793
-o'o	0.24843835513	0.473815320161	0.116486440582	0.161259884127
-ude	0.0533333333333	0.933333333333	0.0133333333333	0.0
-o'a	0.780290791599	0.189983844911	0.0177705977383	0.0119547657512
-udk	0.12987012987	0.709090909091	0.0155844155844	0.145454545455
-hul	0.529060892791	0.337940755722	0.0359828460722	0.0970155054146
-hum	0.263806146536	0.0642735302477	0.0183497832313	0.653570539985
-hun	0.569061171484	0.333452108534	0.0382433582987	0.0592433616831
-rim	0.0	1.0	0.0	0.0
-huh	0.77362584378	0.161523625844	0.0133799421408	0.0514705882353
-hui	0.260529649159	0.441965416679	0.127905264088	0.169599670074
-huj	0.397232731025	0.48752612503	0.0314294028943	0.0838117410513
-huk	0.271793116261	0.201383822644	0.397370881295	0.129452179801
-hud	0.357209116468	0.20571991266	0.0139858143883	0.423085156484
-wop	0.284482758621	0.5	0.215517241379	0.0
-hug	0.337409184112	0.338794794966	0.0818801897945	0.241915831128
-uha	0.679611650485	0.165048543689	0.0388349514563	0.116504854369
-hua	0.496697516048	0.291356573083	0.052828046301	0.159117864568
-woi	0.710447179373	0.192097789163	0.00974550314641	0.0877095283176
-wok	0.458214894827	0.216600341103	0.0	0.32518476407
-woj	0.112138811214	0.646925264693	0.0849167084917	0.156019215602
-aba	0.0418020555706	0.0199568839264	0.00582401339159	0.932417047111
-abi	0.341547939931	0.383904505198	0.0388910281094	0.235656526762
-wog	0.3432003432	0.4851994852	0.14586014586	0.02574002574
-hus	0.0344827586207	0.965517241379	0.0	0.0
-kod	0.180790960452	0.802259887006	0.0	0.0169491525424
-kog	0.35451485045	0.319775470445	0.139509886616	0.186199792489
-nch	0.347119573987	0.45517185735	0.11863805067	0.0790705179925
-kol	0.922525107604	0.00860832137733	0.00860832137733	0.0602582496413
