-het	0.325743777495	0.488025821871	0.127420800434	0.0588096002003
-hep	0.139498256272	0.809877376533	0.0	0.0506243671954
-her	0.246160985448	0.568586370742	0.0804110126062	0.104841631203
-hes	0.528138528138	0.428571428572	0.04329004329	0.0
-hem	0.0614833804809	0.823187299933	0.0345580845678	0.0807712350182
-hen	0.286163240892	0.484924717081	0.090826224644	0.138085817383
-heo	0.324677108048	0.505389797148	0.0260144490811	0.143918645723
-hei	0.0188323704703	0.119215278416	0.0238407996341	0.838111551479
-rbe	0.0101180438448	0.989881956155	0.0	0.0
-hea	0.0	0.913461538462	0.0865384615384	0.0
-aur	0.493406593407	0.428571428571	0.0362637362637	0.0417582417582
-aut	0.51724137931	0.344827586207	0.137931034483	0.0
-oya	0.441173563521	0.256029256721	0.184683052188	0.11811412757
-aua	0.53614251456	0.374785885577	0.089071599863	0.0
-nso	0.0	1.0	0.0	0.0
-nsi	0.112301673559	0.211114698012	0.151430791838	0.525152836592
-auh	0.215931276845	0.126122608356	0.0117141741507	0.646231940648
-ndo	0.0998420170309	0.140469932261	0.0599676062092	0.699720444499
-auo	0.029197080292	0.964546402503	0.00625651720542	0.0
-put	0.259351264894	0.172811859378	0.068169276487	0.499667599242
-pah	0.311146403698	0.622709820908	0.0386975757295	0.0274461996648
-pup	0.0810810810811	0.756756756757	0.0810810810811	0.0810810810811
-pur	0.22417990574	0.235026061987	0.434095945566	0.106698086707
-pus	0.177181727504	0.759816933472	0.0127906744355	0.0502106645882
-nah	0.156108356378	0.544045386983	0.0753080938501	0.224538162789
-uao	0.416156670747	0.384332925337	0.00734394124847	0.192166462668
-wat	0.313749260131	0.27261558739	0.277519572208	0.136115580271
-uat	0.134974980248	0.614827495391	0.230445088228	0.0197524361338
-pum	0.299305056314	0.578480709322	0.0431344356578	0.079079798706
-pun	0.0	0.92	0.0	0.08
-puo	0.141176470588	0.158823529412	0.576470588235	0.123529411765
-puh	0.0712243007714	0.80560599812	0.0130522672111	0.110117433897
-duu	0.131034482759	0.455172413793	0.331034482759	0.0827586206897
-pra	0.409686299597	0.305219636537	0.0711046557201	0.213989408146
-pri	0.355970547923	0.178199944626	0.0347021615462	0.431127345905
-pao	0.296663164741	0.546750712892	0.0933013157237	0.0632848066437
-opo	0.0933890156168	0.859823828742	0.0344060361467	0.0123811194947
-pru	0.410802119676	0.354005207757	0.0785152763498	0.156677396217
-opi	0.0591366055588	0.903607332939	0.0372560615021	0.0
-sir	0.0512852547084	0.927163694287	0.0159290376987	0.00562201330543
-opa	0.308923435631	0.370460345533	0.0590994665589	0.261516752277
-msa	0.518061674009	0.332158590308	0.0193832599119	0.130396475771
-mse	0.383378016086	0.0607685433423	0.476318141198	0.0795352993744
-deh	0.302516637772	0.130205245792	0.0448241149824	0.522454001454
-dei	0.383572010441	0.25096926655	0.0781852989456	0.287273424064
-msi	0.311472965689	0.35265913797	0.230262340821	0.10560555552
-dek	0.0143555199735	0.979847058499	0.00193247384259	0.00386494768517
-dem	0.321446063475	0.422015251253	0.14897788711	0.107560798163
-den	0.330686363087	0.483579758871	0.00616573432273	0.179568143719
-deo	0.493553585818	0.390813859791	0.0531829170024	0.0624496373892
-ima	0.402695127734	0.220703717231	0.0429068758827	0.333694279153
-hra	0.404853176523	0.240287165956	0.0660291760406	0.28883048148
-der	0.234514592019	0.41082145966	0.257765611399	0.0968983369222
-des	0.438292964245	0.456747404844	0.0726643598616	0.0322952710496
-rwi	0.316070696111	0.144484284261	0.0831420129058	0.456303006722
-imi	0.144329896907	0.0721649484536	0.020618556701	0.762886597938
-oka	0.0232558139535	0.922480620155	0.0	0.0542635658914
-rwa	0.556467757707	0.207749215172	0.0693479491534	0.166435077968
-imo	0.296009133611	0.580019272173	0.0739402689836	0.0500313252322
-sik	0.154264838354	0.182910619558	0.607979181263	0.0548453608247
-bit	0.859504132231	0.0413223140496	0.0495867768595	0.0495867768595
-bir	0.223426678711	0.723376493024	0.00602228244506	0.0471745458195
-rpa	0.182805078996	0.631094310362	0.0688184549772	0.117282155665
-rpe	0.597246127367	0.223752151463	0.0	0.17900172117
-ida	0.273397852476	0.288103012375	0.0480984844366	0.390400650712
-bia	0.0289505428227	0.956574185766	0.0144752714113	0.0
-bio	0.0	1.0	0.0	0.0
-430	0.224137931034	0.0	0.0	0.775862068966
-ter	0.355978558145	0.4257375196	0.146811070999	0.0714728512562
-uta	0.223406026303	0.739137672715	0.0224737805893	0.0149825203929
-tet	0.132219902575	0.783875136693	0.0238592305398	0.0600457301919
-ria	0.021744059127	0.949555313423	0.0169150221506	0.0117856052989
-rin	0.363833913162	0.32096686041	0.0418516221781	0.273347604249
-rio	0.439654022895	0.360604676637	0.0944093581093	0.105331942359
-rim	0.203832869083	0.118581488039	0.0266582147608	0.650927428117
-uto	0.246013667426	0.43761073146	0.159453302961	0.156922298152
-rih	0.353533968298	0.112417489707	0.0454485469898	0.488599995005
-eru	0.343041332867	0.409026392581	0.141033664338	0.106898610214
-duh	0.0	1.0	0.0	0.0
-rit	0.325629658712	0.355026201967	0.0781563757869	0.241187763535
-gra	0.59799713877	0.218884120172	0.123032904149	0.0600858369098
-rir	0.249262871399	0.586017237469	0.0551712406442	0.109548650488
-ris	0.378000507228	0.0772790216728	0.0153525446131	0.529367926486
-rip	0.0942043950944	0.495687646481	0.320242507323	0.0898654511023
-tei	0.120043915818	0.202645178122	0.0377197889664	0.639591117093
-gri	0.394501280285	0.227816689998	0.0902427248483	0.287439304869
-tem	0.0937264826585	0.690460886521	0.0405769464925	0.175235684328
-ten	0.27500417528	0.426673051319	0.0352511145012	0.263071658901
-are	0.246170384305	0.614082235958	0.0295619457135	0.110185434023
-pga	0.211290855068	0.491251238032	0.14856388247	0.14889402443
-ara	0.382534804283	0.146486954683	0.0368738309782	0.434104410056
-rao	0.3410117054	0.481142944314	0.0953895614516	0.0824557888339
-aro	0.422412498282	0.310950024567	0.0591508948961	0.207486582256
-ari	0.483130915702	0.186798727053	0.0398676572405	0.290202700005
-aru	0.190365175746	0.127126443512	0.0703751546512	0.612133226091
-mem	0.565304087737	0.358923230309	0.0239282153539	0.0518444666002
-meo	0.0301204819277	0.909638554217	0.00903614457834	0.0512048192771
-men	0.34995655699	0.26231523516	0.243287020531	0.144441187319
-mei	0.00449775112444	0.485757121439	0.48275862069	0.0269865067466
-mek	0.0	1.0	0.0	0.0
-nwa	0.174337340421	0.534841179194	0.0353211940511	0.255500286334
-aya	0.37965014781	0.229400755207	0.065108749408	0.325840347576
-phe	0.253917893063	0.493580074902	0.111324842078	0.141177189957
-nwi	0.328199123345	0.351856101557	0.119976986337	0.199967788761
-ayo	0.416855403893	0.189120495253	0.220948093936	0.173076006917
-ero	0.297840186871	0.534126961151	0.0515790042781	0.1164538477
-kia	0.0	1.0	0.0	0.0
-tyu	0.0359281437126	0.955089820359	0.0	0.00898203592814
-gom	0.0	0.131868131868	0.868131868132	0.0
-iwi	0.268010982596	0.374799289841	0.108169925478	0.249019802085
-gio	0.400139178845	0.37717466945	0.104384133612	0.118302018093
-sri	0.592568866112	0.31133888533	0.0768737988468	0.0192184497117
-sra	0.0714814733747	0.024929164677	0.00988254938371	0.893706812565
-ira	0.303986833681	0.544631687817	0.0522647053995	0.0991167731026
-ota	0.218947550109	0.376469826749	0.0595482103174	0.345034412825
-hwi	0.258239710166	0.233662294851	0.0730948855055	0.435003109477
-ija	0.00728744939271	0.987854251012	0.0	0.00485829959514
-oti	0.143296203783	0.780746255991	0.0199237731199	0.0560337671058
-hwa	0.446418006979	0.198615546787	0.0621781871691	0.292788259065
-oto	0.163718929254	0.658819311664	0.0896271510516	0.0878346080306
-uma	0.45313264549	0.327299166256	0.0676440504827	0.151924137771
-otu	0.049443821857	0.916760054788	0.000933881210311	0.032862242145
-nse	0.192857142857	0.807142857143	0.0	0.0
-nhe	0.352327929398	0.310707932881	0.0822523513014	0.25471178642
-umo	0.431475172716	0.439459109682	0.0295186799384	0.0995470376644
-umi	0.0	0.895089174202	0.0209821651596	0.0839286606385
-ako	0.0571770340915	0.884114404118	0.0087837618024	0.049924799988
ALL	0.219541697056	0.262419121307	0.0498806998401	0.468158481797
-nai	0.0467439073113	0.842988413903	0.0	0.110267678785
-nan	0.108346231694	0.784696590864	0.0618129142359	0.0451442632059
-nao	0.111684093564	0.746716430668	0.0398871762728	0.101712299496
-twi	0.260947320799	0.36414700896	0.139835550598	0.235070119643
-sis	0.0131147540984	0.967213114754	0.0196721311475	0.0
-gda	0.385598316296	0.406945279615	0.0736620565244	0.133794347565
-ake	0.159241191789	0.57278994381	0.0782840391291	0.189684825271
-sip	0.123853268093	0.315325246352	0.183680606566	0.377140878988
-kio	0.593908629442	0.406091370558	0.0	0.0
-kin	0.310399718835	0.399519545575	0.164816243954	0.125264491635
-kim	0.0	1.0	0.0	0.0
-twa	0.189509695395	0.475582272156	0.141503540026	0.193404492423
-kis	0.339401227994	0.278959336213	0.0267345410846	0.354904894709
-kir	0.466178209173	0.235792438196	0.182782500872	0.115246851758
-sio	0.048731841382	0.909886140558	0.0241067923047	0.0172752257558
-sin	0.128133560088	0.608498098119	0.198743330434	0.0646250113593
-kit	0.466585886562	0.24504644856	0.163337372339	0.125030292539
-nar	0.582474226804	0.355670103093	0.0	0.0618556701031
-nas	0.0995993131081	0.869490555238	0.0274756725816	0.0034344590727
-nap	0.111696422058	0.361197063953	0.273930746991	0.253175766998
-nat	0.107938191813	0.691515935906	0.109762995769	0.0907828765123
-goh	0.0607455647878	0.899955086459	0.0207725129126	0.018526835841
-mot	0.637635756057	0.289264828739	0.0104427736007	0.062656641604
-mos	0.0	0.98389261745	0.0161073825503	0.0
-mor	0.619957573477	0.242806309235	0.0934067814007	0.043829335888
-gon	0.194421382542	0.105036172718	0.195669391987	0.504873052753
-suh	0.435390480403	0.298373381742	0.122989222463	0.143246915391
-mon	0.0935908278645	0.815060621461	0.0181821349577	0.0731664157172
-gop	0.27186214157	0.192005232411	0.0300947805613	0.506037845458
-gor	0.010891021714	0.784221632292	0.196038390852	0.0088489551426
-got	0.0139793534312	0.804495691592	0.0064655628189	0.175059392158
-moh	0.107749921411	0.0262168645222	0.00351240774994	0.862520806317
-yat	0.280266372826	0.420782829493	0.211756815024	0.087193982657
-nam	0.178414096916	0.70704845815	0.0991189427312	0.0154185022027
-yap	0.792813092979	0.124169829222	0.0830170777987	0.0
-yar	0.0782361308677	0.904694167852	0.0170697012803	0.0
-ber	0.166946308725	0.793204697987	0.0146812080537	0.0251677852349
-bes	0.220738230759	0.549915288116	0.0163222139731	0.213024267152
-bep	0.024556616644	0.926330150068	0.0	0.0491132332879
-bet	0.40841618499	0.316729386412	0.0296647496059	0.245189678992
-bek	0.0175864160097	0.833838690115	0.0596321002628	0.0889427936123
-ben	0.0	1.0	0.0	0.0
-beo	0.120930232558	0.753488372093	0.0976744186046	0.0279069767442
-eoh	0.494214551873	0.214290383735	0.105249395306	0.186245669085
-yao	0.340042912998	0.370922536239	0.111600211604	0.177434339159
-yan	0.310569915888	0.373062741862	0.0313434783062	0.285023863943
-yah	0.134710616294	0.443598074458	0.178291338198	0.24339997105
-iso	0.12020664309	0.824700090146	0.0226752652382	0.0324180015255
-rek	0.0	0.956912028725	0.0215439856373	0.0215439856373
-reh	0.53187417773	0.292429135271	0.135749312283	0.0399473747159
-rei	0.418390804598	0.19934318555	0.264039408867	0.118226600985
-ren	0.428571428571	0.357142857143	0.142857142857	0.0714285714286
-reo	0.270967741935	0.664516129032	0.0193548387097	0.0451612903226
-isi	0.115429589305	0.666022603503	0.198373126941	0.0201746802511
-rem	0.00593395742742	0.981628467805	0.00555418415206	0.00688339061581
-hhe	0.255577502867	0.196944100298	0.0623126115831	0.485165785252
-upa	0.372758535986	0.481085728322	0.0884303610906	0.0577253746008
-rer	0.0820212801949	0.737415438472	0.0238963651355	0.156666916198
-res	0.0412711514651	0.885541339937	0.0330169211721	0.0401705874261
-rep	0.17646112888	0.284364000214	0.0797344863938	0.459440384512
-ret	0.0361161071799	0.842210290005	0.106444709929	0.0152288928857
-reu	0.0	1.0	0.0	0.0
-gru	0.345223510727	0.0975380299452	0.00974193110712	0.547496528221
-hah	0.439766540875	0.164469927451	0.0399901228689	0.355773408805
-map	0.114130476431	0.753101746481	0.0134108865745	0.119356890514
-mas	0.0378358976032	0.932241275228	0.0122774958803	0.0176453312884
-mar	0.275130535345	0.101532940399	0.0269095377327	0.596426986523
-ham	0.113078974863	0.0923279265534	0.0188920650592	0.775701033524
-han	0.243305288196	0.171914490216	0.021038243991	0.563741977597
-hap	0.186872529737	0.205191380464	0.0970223889104	0.510913700889
-mah	0.0840027891551	0.382602352031	0.357168890373	0.17622596844
-har	0.232373821619	0.4514893705	0.127027996323	0.189108811557
-has	0.0766048443965	0.733466758853	0.155415157514	0.0345132392366
-mam	0.300037914355	0.319268413201	0.16915420651	0.211539465933
-mao	0.727040816327	0.200680272109	0.0	0.0722789115646
-haw	0.165870435474	0.570546296425	0.0190708621101	0.244512405991
-kak	0.131930057349	0.651288020937	0.0318392914562	0.184942630257
-uno	0.231589266021	0.55998039456	0.208430339419	0.0
-eih	0.349179035766	0.320669552724	0.133789832209	0.1963615793
-ung	0.185558314978	0.453685069359	0.222471299843	0.138285315821
-pte	0.391935030064	0.286115732909	0.127775828711	0.194173408316
-eim	0.265174050233	0.572493084739	0.0331374743392	0.129195390688
-psi	0.198799461852	0.522410314926	0.116739413937	0.162050809285
-nki	0.0471950133571	0.936331255565	0.00445235975067	0.0120213713268
-pti	0.297848673101	0.335586917733	0.0663337654558	0.300230643711
-iri	0.318841779232	0.493018116316	0.0662359349034	0.121904169548
-ade	0.184729064039	0.193349753695	0.0	0.621921182266
-tra	0.00870827285923	0.970972423803	0.0203193033382	0.0
-ika	0.107972867786	0.790058934727	0.015234070944	0.0867341265429
-ada	0.374753495281	0.333035691154	0.094098221919	0.198112591646
-gao	0.386396526773	0.548480463097	0.0	0.0651230101302
-ado	0.60442144873	0.362652869238	0.0047036688617	0.0282220131703
-gam	0.160564470942	0.768107022798	0.0176491777711	0.0536793284892
-tri	0.378651318027	0.385365879555	0.13641665543	0.0995661469871
-gai	0.0	1.0	0.0	0.0
-gah	0.0608480176211	0.77578928047	0.13124082232	0.0321218795888
-tru	0.287248643802	0.30205641413	0.114902309206	0.295792632862
-144	0.028616024974	0.14308012487	0.0546305931321	0.773673257024
-sna	0.020190023753	0.237529691211	0.681710213777	0.0605700712589
-gas	0.0	1.0	0.0	0.0
-gar	0.128993834081	0.0861454656044	0.43256398483	0.352296715485
-gap	0.219374252583	0.593656057713	0.0591010313233	0.127868658381
-puk	0.5	0.25	0.183333333333	0.0666666666667
-bas	0.223344173271	0.236636926335	0.0434093356152	0.496609564779
-sen	0.170392823622	0.436709185374	0.256432941997	0.136465049007
-sem	0.13589971156	0.592966496561	0.123141779454	0.147992012425
-sek	0.0	1.0	0.0	0.0
-sei	0.281417255639	0.362130459859	0.149945205269	0.206507079233
-ino	0.283657350193	0.570075138246	0.0620295282247	0.0842379833369
-ina	0.258313471817	0.395018415683	0.0617398975161	0.284928214984
-apa	0.20552282373	0.312878251097	0.240786871669	0.240812053504
-ine	0.158316633267	0.316633266533	0.336673346693	0.188376753507
-sea	0.051282051282	0.805128205128	0.0666666666666	0.0769230769231
-ing	0.127387249162	0.775669237292	0.0555577986837	0.0413857148625
-ohe	0.0431723850057	0.0228061563616	0.028391097378	0.905630361255
-800	0.193548387097	0.322580645161	0.0967741935484	0.387096774194
-oha	0.262693486877	0.446421894863	0.0489792866223	0.241905331638
-hsi	0.0738741617086	0.0640571241784	0.0197731480467	0.842295566066
-oho	0.290950323874	0.396175964777	0.0356619384136	0.277211772935
-ses	0.03200518618	0.924881536992	0.00821535870853	0.0348979181196
-ser	0.0277259503155	0.934058243309	0.0250464189551	0.0131693874203
-sep	0.0224909310762	0.973579201935	0.000604594921404	0.00332527206771
-kuu	0.0385195099174	0.590632114946	0.117887483881	0.252960891256
-eda	0.368099723776	0.337248968186	0.104223193762	0.190428114275
-kus	0.780582524272	0.149514563107	0.0233009708738	0.0466019417476
-kur	0.143897996357	0.517304189435	0.338797814208	0.0
-kup	0.381422924901	0.438954765042	0.0171277997365	0.162494510321
-iam	0.0269478617458	0.9179847686	0.0386643233744	0.01640304628
-ooh	0.133333333333	0.166666666667	0.5	0.2
-iao	0.0290432801822	0.939066059226	0.0	0.0318906605922
-ian	0.102424887146	0.307476826868	0.0327973042887	0.557300981697
-ner	0.133637042474	0.699008261259	0.0743227551604	0.0930319411068
-edo	0.334166315409	0.20217378214	0.281507797917	0.182152104534
-nep	0.587926509186	0.270341207349	0.110236220472	0.0314960629921
-nen	0.0386598040579	0.122803600882	0.0183621152203	0.820174479839
-iap	0.230927073718	0.626912831333	0.119266780957	0.0228933139918
-ias	0.0660620496367	0.912530900839	0.0103616431357	0.0110454063883
-iar	0.62224070828	0.183880982798	0.0657699278053	0.128108381116
-kun	0.0672889926099	0.4082198885	0.170621029431	0.353870089459
-aoh	0.611760560264	0.16306151279	0.0493715670845	0.175806359861
-ban	0.273041051977	0.345624334974	0.14015912088	0.241175492169
-bao	0.533333333333	0.0666666666667	0.0333333333333	0.366666666667
-uuo	0.202505857186	0.614597127432	0.0723744524804	0.110522562901
-rhe	0.0737616592727	0.0582676793569	0.0178279416447	0.850142719726
-bak	0.543448896893	0.2251238181	0.114362899595	0.117064385412
-bah	0.0223000955718	0.912392481682	0.0653074227461	0.0
-rhi	0.248663101604	0.429887106358	0.0133689839572	0.308080808081
-hoh	0.154134915357	0.0352707284171	0.0362367269785	0.774357629248
-kop	0.0	0.992271662763	0.00140515222483	0.00632318501171
-eko	0.125	0.479166666667	0.3125	0.0833333333334
-hom	0.398955204954	0.396089596279	0.0494174447988	0.155537753969
-hor	0.10957636798	0.0500000996121	0.0452924660058	0.795131066402
-hos	0.0309601174716	0.957068637106	0.00825603132574	0.00371521409658
-hop	0.0689316658842	0.841990695292	0.0481027786077	0.0409748602159
-gsi	0.321912814329	0.402395834279	0.0659224143541	0.209768937037
-hot	0.297649918424	0.358548512612	0.127089150142	0.216712418822
-iru	0.328794117651	0.294110264043	0.11601270567	0.261082912636
-uut	0.303607339367	0.262332189821	0.303473059253	0.130587411559
-bat	0.0556920556921	0.856422856423	0.02457002457	0.063315063315
-bar	0.112391379095	0.698039246563	0.116987309095	0.0725820652466
-uup	0.218074484847	0.124355671464	0.0353261484597	0.62224369523
-bap	0.177597605138	0.178861616471	0.00498340095766	0.638557377433
-dru	0.0	1.0	0.0	0.0
-eir	0.12466470252	0.764961962974	0.0892660832857	0.0211072512202
-asa	0.362950712029	0.218501851936	0.0584391346993	0.360108301336
-aso	0.30628384085	0.397056899885	0.0249555593697	0.271703699895
-iyo	0.366467344878	0.433641376097	0.092257513396	0.107633765629
-asi	0.220482289118	0.407474747437	0.117482457839	0.254560505606
-yei	0.0622068121558	0.915357944116	0.00278122856136	0.019654015167
-mbe	0.681148295978	0.297052502303	0.0144304574762	0.00736874424316
-yeo	0.373626373626	0.565934065934	0.0384615384615	0.021978021978
-rat	0.136758498648	0.658458568035	0.0248301433841	0.179952789933
-rar	0.0269058295964	0.677130044843	0.295964125561	0.0
-ras	0.225299433582	0.543977113694	0.0268490271996	0.203874425525
-rap	0.347610864452	0.396051440559	0.0953034488556	0.161034246133
-ran	0.233869828981	0.704841915399	0.0223099507909	0.03897830483
-eri	0.418431209486	0.350880839956	0.0855063182686	0.14518163229
-iwa	0.324028335739	0.394695346668	0.135094395215	0.146181922378
-ram	0.574562232176	0.174150021468	0.0312538595618	0.220033886794
-rak	0.51257991747	0.236360547093	0.0041804245119	0.246879110926
-rah	0.519569695583	0.338521400778	0.0709544518196	0.0709544518196
-rai	0.00646970023723	0.993530299763	0.0	0.0
-era	0.422825195274	0.345905772153	0.0863518768172	0.144917155756
-hde	0.323097463284	0.421895861148	0.00400534045394	0.251001335113
-rae	0.115089514066	0.367007672634	0.0	0.517902813299
-hda	0.41037663753	0.355678060633	0.0621763203273	0.17176898151
-swa	0.545454545455	0.159090909091	0.227272727273	0.0681818181818
-gem	0.289817232376	0.469973890339	0.185378590078	0.0548302872063
-por	0.208056016422	0.22549375561	0.0214230909744	0.545027136994
-pos	0.0	1.0	0.0	0.0
-pop	0.245879702844	0.688698913139	0.0284530166574	0.0369683673598
-epa	0.0653594771242	0.803921568627	0.130718954248	0.0
-swi	0.325357338814	0.333401530721	0.18696003943	0.154281091034
-pot	0.379538542334	0.349401075737	0.0526289469965	0.218431434933
-pok	0.200128281121	0.124161946578	0.261705404495	0.414004367806
-pon	0.364886731392	0.314956079519	0.266990291262	0.0531668978271
-nri	0.38011193928	0.497033035929	0.0477853286611	0.07506969613
-pom	0.38801776654	0.378585841232	0.0785957121073	0.15480068012
-nra	0.491000489432	0.267668600677	0.00294305987671	0.238387850014
-500	0.0327868852459	0.0327868852459	0.0765027322405	0.857923497268
-iko	0.0756510353524	0.688278938946	0.0358857475389	0.200184278163
-nor	0.0	1.0	0.0	0.0
-nos	0.0384615384615	0.961538461538	0.0	0.0
-not	0.559509854866	0.349131732547	0.0178245580114	0.0735338545757
-iki	0.0464426808701	0.654359278909	0.28937362696	0.00982441326099
-noh	0.157544070332	0.0851434557565	0.0203336092154	0.736978864696
-nok	0.314323388825	0.663425086534	0.0197791330147	0.00247239162684
-iks	0.0315319685651	0.948336082274	0.00266808964782	0.0174638595129
-nom	0.46248528712	0.256567579074	0.054218526959	0.226728606847
-non	0.0690376569038	0.91589958159	0.00502092050209	0.0100418410042
-upo	0.196113378812	0.685915716096	0.0564867106538	0.0614841944383
-noa	0.0	1.0	0.0	0.0
-bok	0.12291791809	0.329570796671	0.0798066288468	0.467704656392
-bot	0.0201230862106	0.958076903728	0.00939077356497	0.0124092364966
-gei	0.103894910895	0.118684548962	0.422744809848	0.354675730296
-dor	0.411563942983	0.450445024426	0.0689285953289	0.0690624372616
-aho	0.228082034081	0.3209281877	0.1255511042	0.325438674019
-dop	0.0	0.143428638663	0.843628662195	0.0129426991411
-ori	0.416017036164	0.252234095144	0.127657147203	0.204091721489
-aha	0.0478724725463	0.869300551143	0.0091250058647	0.0737019704457
-ahe	0.358362333384	0.282964838971	0.0816735981834	0.276999229462
-mya	0.0662557781201	0.901386748844	0.0	0.0323574730354
-bop	0.363989637306	0.525187104203	0.0805987334485	0.0302245250432
-aka	0.101694915254	0.830508474576	0.0	0.0677966101695
-bor	0.173949245553	0.630003817494	0.0319731514027	0.16407378555
-bos	0.69425520162	0.033603387958	0.000920640765977	0.271220769656
-don	0.0391169870823	0.948753714598	0.00909697374006	0.00303232458003
-dom	0.00627052851599	0.993729471484	0.0	0.0
-dok	0.42673992674	0.516483516483	0.029304029304	0.0274725274725
-get	0.242587601078	0.757412398922	0.0	0.0
-sas	0.0706380919216	0.721498611426	0.0116692341441	0.196194062508
-sar	0.367672896011	0.285029885034	0.0712858465185	0.276011372436
-sap	0.0	0.823529411765	0.176470588235	0.0
-saw	0.127023008456	0.439098069483	0.378312697107	0.0555662249536
-sat	0.279749709286	0.346032449194	0.160916994297	0.213300847223
-tom	0.28938017686	0.487887859389	0.0122391719525	0.210492791799
-toh	0.10844810758	0.725409391606	0.0208220366555	0.145320464158
-mpa	0.0188679245283	0.981132075472	0.0	0.0
-ges	0.823529411765	0.176470588235	0.0	0.0
-tor	0.266829263495	0.494930322669	0.214555694331	0.0236847195041
-ibi	0.177419354839	0.822580645161	0.0	0.0
-top	0.881889763779	0.118110236221	0.0	0.0
-sak	0.0614096301465	0.917655268667	0.00976971388695	0.0111653872994
-sus	0.330552700892	0.0578593641478	0.0139205132743	0.597667421686
-sah	0.127832941157	0.485565247148	0.126622267062	0.259979544633
-sao	0.537521014825	0.305823016965	0.0832951245606	0.0733608436497
-san	0.118427544506	0.191692038304	0.380844037623	0.309036379566
-sam	0.36527180529	0.412952561189	0.0297939434146	0.191981690107
-rot	0.0228491443188	0.92896047903	0.0414347163731	0.00675566027821
-rop	0.0323410787383	0.134065735613	0.810522513845	0.0230706718035
-tir	0.260548955295	0.218439934461	0.0587917922033	0.462219318041
-ros	0.45912416584	0.30871814113	0.0205424382923	0.211615254737
-air	0.234613328587	0.111711562587	0.0614032651132	0.592271843714
-oko	0.107284768212	0.770860927152	0.0238410596027	0.098013245033
-eio	0.201191268632	0.436463705747	0.0620068997018	0.300338125919
-rom	0.137762786415	0.454848400466	0.279153717476	0.128235095643
-ron	0.322402149966	0.603371428059	0.0324348239402	0.0417915980354
-ier	0.00774493352265	0.986059119659	0.00619594681813	0.0
-roh	0.354940504358	0.24843905613	0.0543635165061	0.342256923005
-rok	0.0	0.706481768641	0.197554383944	0.0959638474149
-ipi	0.17296623529	0.793159071745	0.0261758991092	0.00769879385563
-ipo	0.206840550267	0.68129749952	0.0567114073175	0.0551505428959
-win	0.181400251354	0.524942210651	0.056134740449	0.237522797545
-ipa	0.513008805984	0.240593591457	0.0262610374533	0.220136565105
-mat	0.226423378189	0.155824728497	0.0557323564662	0.562019536847
-rde	0.157894736842	0.684210526316	0.0902255639098	0.0676691729324
-rda	0.413301889109	0.281806589134	0.069550851117	0.23534067064
-ewa	0.29203106866	0.428618649825	0.0865898847686	0.192760396746
-npa	0.503172198286	0.324014014488	0.0501870176602	0.122626769566
-rdo	0.337911340767	0.476203426707	0.0	0.185885232527
-ewi	0.278035935564	0.530281908302	0.120817843866	0.0708643122677
-mai	0.496082998094	0.408109252594	0.0285835274191	0.0672242218929
-awi	0.216522548928	0.420610198982	0.0874632164044	0.275404035686
-awo	0.00873362445415	0.991266375546	0.0	0.0
-nga	0.214814814815	0.755555555556	0.0296296296296	0.0
-awa	0.139801998239	0.709011355596	0.0420447265569	0.109141919608
-mak	0.0890633842671	0.863044708546	0.0326825127335	0.0152093944539
-hat	0.268228031891	0.0900842638862	0.0269982619124	0.614689442311
-mpe	0.0794701986755	0.814569536424	0.0	0.105960264901
-ido	0.24014619464	0.36373082987	0.092446610291	0.3036763652
-276	0.0	0.0841121495327	0.0	0.915887850467
-man	0.271154106937	0.533199734959	0.0846531777144	0.110992980389
-iut	0.0	1.0	0.0	0.0
-ato	0.333714486448	0.339356572581	0.0962778397886	0.230651101183
-dot	0.243243243243	0.662162162162	0.0405405405405	0.054054054054
-ssi	0.144523858395	0.722733834598	0.0733496586357	0.0593926483718
-tio	0.268073396823	0.406667374644	0.0545056901687	0.270753538364
-isa	0.395012522592	0.269410017001	0.00984098721998	0.325736473188
-hya	0.252663575075	0.306449475858	0.0464596079654	0.394427341101
-iok	0.0243981782693	0.927130774236	0.0	0.0484710474951
-ioh	0.885295121119	0.0396707608325	0.019361992494	0.0556721255544
-ion	0.0263355906697	0.952219714071	0.0214446952596	0.0
-mun	0.352049910873	0.467468805704	0.156714200832	0.0237670825906
-hru	0.21678152205	0.594688878518	0.0590937085677	0.129435890865
-muh	0.358208955224	0.597014925373	0.044776119403	0.0
-muk	0.161256579813	0.391181019394	0.0738502529885	0.373712147804
-hri	0.265017719706	0.146895490902	0.171068263652	0.41701852574
-mut	0.180803199467	0.590068321946	0.0174970838194	0.211631394768
-mup	0.21875	0.727678571429	0.0535714285715	0.0
-mur	0.411623930023	0.231000672649	0.0572942342125	0.300081163115
-ios	0.0284556273347	0.908860734542	0.0320049149036	0.0306787232202
-ior	0.0487567040468	0.904586880696	0.0399054870045	0.00675092825264
-oik	0.145631067961	0.284327323162	0.570041608877	0.0
-iot	0.00202565833896	0.997974341661	0.0	0.0
-rra	0.442183232951	0.238300101006	0.0291796042049	0.290337061838
-rri	0.330336756367	0.258038740755	0.141044757432	0.270579745447
-git	0.15248393475	0.679430301532	0.0292572911517	0.138828472565
-gis	0.24644549763	0.715639810427	0.0	0.0379146919431
-gir	0.533650793651	0.242645502645	0.0446208112875	0.179082892416
-gip	0.404156792834	0.595843207166	0.0	0.0
-ndi	0.432183908046	0.436781609196	0.0482758620689	0.0827586206896
-gin	0.171570262293	0.0487134694129	0.00510564841964	0.774610619874
-gim	0.28199141578	0.454707960779	0.0571387058657	0.206161917576
-rru	0.441969191425	0.312760983796	0.0791192983157	0.166150526463
-gih	0.204081632653	0.250944822373	0.535903250189	0.0090702947846
-nda	0.375233299693	0.333549555869	0.0621924849738	0.229024659464
-nde	0.101451444788	0.700995199561	0.0759178537849	0.121635501866
-gia	0.0	0.939127494082	0.0608725059181	0.0
-120	0.0277777777778	0.277777777778	0.0	0.694444444444
-yop	0.0258533288273	0.943055086178	0.0138560324434	0.0172355525516
-yot	0.135207820251	0.0872335567615	0.0670507380821	0.710507884906
-yoh	0.672199170124	0.0788381742738	0.0	0.248962655602
-yon	0.32713382178	0.383555639051	0.172834867556	0.116475671614
-iem	0.0	1.0	0.0	0.0
-tap	0.160700200695	0.213664613794	0.0571713878276	0.568463797683
-gwa	0.728706624606	0.182965299685	0.01261829653	0.0757097791798
-gwe	0.268819244714	0.219227609986	0.0409131628619	0.471039982438
-mgi	0.198605215282	0.378310086921	0.018192844148	0.404891853649
-gwi	0.270816059363	0.28104381732	0.090526090767	0.357614032551
-pem	0.397728756037	0.406278553714	0.0303485184702	0.165644171779
-pen	0.127793957394	0.236803700847	0.142217452209	0.49318488955
-peo	0.261319534282	0.284605433376	0.153945666236	0.300129366106
-peh	0.377147766323	0.38058419244	0.149484536082	0.0927835051546
-pei	0.263475502061	0.34879309217	0.14852489043	0.23920651534
-pet	0.183876514576	0.703962890391	0.0222097812613	0.0899508137721
-153	0.0681818181818	0.170454545455	0.102272727273	0.659090909091
-per	0.327349631458	0.328411996839	0.227924196672	0.116314175031
-iya	0.384478159253	0.291103669662	0.0923520697311	0.232066101354
-rke	0.612244897959	0.30612244898	0.0	0.0816326530612
-war	0.0470321146541	0.856644329387	0.0456049268318	0.0507186291269
-whe	0.903536977492	0.0733118971061	0.0	0.0231511254019
-100	0.015	0.03	0.0	0.955
-ito	0.167082937876	0.76947732987	0.0477046805535	0.0157350517009
-esi	0.138072366933	0.654826332843	0.166645313693	0.0404559865306
-eso	0.320652810436	0.603622169969	0.0364987342	0.0392262853951
-iti	0.0936374549819	0.884753901561	0.0216086434574	0.0
-esa	0.227190904784	0.438686246645	0.065687667772	0.268435180799
-ite	0.153982154623	0.171649274163	0.0387651411986	0.635603430016
-aku	0.258278145695	0.662251655629	0.0794701986755	0.0
-ita	0.0744779009098	0.771705070022	0.037339583625	0.116477445443
-spa	0.0428571428571	0.914285714286	0.0428571428572	0.0
-bru	0.00406531607832	0.92817941595	0.0271021071888	0.0406531607833
-ute	0.345898930675	0.319626426171	0.0214088835677	0.313065759586
-666	0.441176470588	0.117647058824	0.0	0.441176470588
-bra	0.160630592245	0.839369407755	0.0	0.0
-uda	0.0363859199485	0.819078046049	0.115160437024	0.0293755969788
-hum	0.551161427755	0.191632571858	0.10105092708	0.156155073307
-hun	0.432142722618	0.456961538643	0.0670195986289	0.0438761401096
-wap	0.0133271954352	0.949851099138	0.0160551501512	0.0207665552752
-uoh	0.404444444444	0.4	0.0266666666667	0.168888888889
-wot	0.0435729847495	0.956427015251	0.0	0.0
-rik	0.0487425826505	0.398841480644	0.455813789206	0.0966021474993
-pwa	0.477972469987	0.321360401762	0.19097160575	0.00969552250128
-hut	0.163435672209	0.268907512846	0.215037037258	0.352619777687
-pwi	0.116778100094	0.240330415515	0.0588353002505	0.58405618414
-hup	0.393745845742	0.338383524672	0.133209088254	0.134661541333
-hur	0.159408085858	0.143941716535	0.0110674323058	0.685582765301
-hus	0.597859327217	0.232415902141	0.0412844036697	0.128440366973
-kom	0.3816581062	0.0845738983252	0.0271362677587	0.506631727716
-kon	0.390760680792	0.57500124051	0.0253064059941	0.00893167270382
-sos	0.25	0.44	0.25	0.06
-sor	0.067851439335	0.852770156832	0.00505712296794	0.0743212808649
-tup	0.392077196546	0.541560859997	0.0355510411376	0.0308109023193
-kot	0.12914454306	0.0821573616739	0.0731501378586	0.715547957408
-tur	0.059405940594	0.940594059406	0.0	0.0
-aer	0.350081602711	0.45048519562	0.0729955960821	0.126437605588
-oro	0.330465706007	0.4369469803	0.0619283137136	0.17065899998
-kos	0.0315876974231	0.948462177889	0.0199501246883	0.0
-kor	0.110531991373	0.846333572969	0.00898634076205	0.0341480948958
-ora	0.238056026446	0.217640362569	0.045601872363	0.498701738622
-kre	0.730745147151	0.18409517846	0.0200375704446	0.0651221039449
-wsi	0.753601924744	0.1078645509	0.0976380190111	0.0408955053449
-min	0.20926823309	0.649611108849	0.0779614773792	0.0631591806816
-rur	0.247349823322	0.56183745583	0.190812720848	0.0
-rus	0.325556648664	0.354428092437	0.0254783464172	0.294536912482
-rup	0.400901539189	0.258346238992	0.0400056349717	0.300746586847
-pak	0.0116593170642	0.464525662041	0.523815020895	0.0
-rut	0.0	1.0	0.0	0.0
-kri	0.47401377583	0.52598622417	0.0	0.0
-ruk	0.0620094952039	0.874043212867	0.0101734328069	0.0537738591222
-ruh	0.19471406853	0.397146532569	0.25026312712	0.157876271781
-run	0.119395527451	0.171128427684	0.504937414107	0.204538630758
-ruo	0.256599788807	0.670922530479	0.056638187578	0.0158394931362
-rum	0.0916843803621	0.684354751966	0.014597792404	0.209363075268
-dak	0.402704328826	0.597295671174	0.0	0.0
-oma	0.442906442922	0.249294030904	0.0598851371633	0.247914389011
-ome	0.0	1.0	0.0	0.0
-gaw	0.0	0.831254585473	0.168745414527	0.0
-eas	0.186261558785	0.711360634082	0.0363276089828	0.0660501981506
-mhe	0.382919219817	0.368514083374	0.118785769383	0.129780927426
-eat	0.0	1.0	0.0	0.0
-mha	0.330726872247	0.629185022026	0.0400881057268	0.0
-oda	0.685699087598	0.26602113311	0.00662663637347	0.0416531429189
-gat	0.277434545926	0.430808779055	0.256599412425	0.035157262594
-rna	0.0	0.962352404312	0.0	0.0376475956876
-eam	0.00415627597673	0.990856192851	0.0	0.00498753117207
-eao	0.120614035088	0.879385964912	0.0	0.0
-eho	0.0	1.0	0.0	0.0
-nin	0.357594372597	0.36086018919	0.0879750438767	0.193570394337
-met	0.419062155516	0.523954888493	0.0	0.0569829559909
-ura	0.465229984897	0.278554910406	0.108217004372	0.147998100326
-ehe	0.441558315681	0.30293485913	0.122287673808	0.133219151381
-ure	0.072869502782	0.054018357768	0.024905558206	0.848206581244
-ipe	0.0798816568047	0.0473372781065	0.0532544378698	0.819526627219
-uru	0.536082474227	0.40206185567	0.0618556701031	0.0
-dup	0.258589511754	0.493670886076	0.0705244122965	0.177215189873
-pai	0.0985717683939	0.849007602246	0.0142301789281	0.0381904504322
-dur	0.476469069948	0.415125182827	0.0696894089306	0.0387163382947
-dus	0.200401385362	0.33274446879	0.0747468032068	0.392107342642
-dut	0.29151119403	0.281716417911	0.239622201493	0.187150186567
-pam	0.307761555932	0.427134597178	0.0795233129559	0.185580533935
-pan	0.384253484823	0.29832040356	0.145437922537	0.171988189081
-ape	0.283105022831	0.716894977169	0.0	0.0
-mer	0.489524710726	0.413441904477	0.0528744791407	0.044158905656
-apo	0.063020154466	0.410893088852	0.0365085251009	0.489578231581
-tuh	0.0550113331289	0.222517158345	0.0171706668925	0.705300841634
-apu	0.09375	0.3828125	0.5234375	0.0
-wao	0.598519888992	0.216466234967	0.185013876041	0.0
-wan	0.136267118111	0.113657435448	0.0683272781515	0.68174816829
-wam	0.175983434534	0.47418813316	0.0999505007044	0.249877931601
-pas	0.11438536402	0.803955557412	0.0359216407001	0.0457374378681
-pat	0.269589184226	0.240022999763	0.0525351747341	0.437852641277
-wah	0.0335442917688	0.94070357489	0.00674686888268	0.0190052644583
-nun	0.5	0.203125	0.21875	0.078125
-nuh	0.235243761866	0.646491614682	0.0771291022511	0.0411355212007
-ini	0.0416307780648	0.945664656905	0.00624461670974	0.0064599483204
-ken	0.13150035137	0.791637385805	0.0478742094167	0.0289880534083
-kem	0.599277543648	0.258639373871	0.122215532812	0.0198675496689
-sut	0.193165164931	0.256909014884	0.104839474675	0.445086345511
-400	0.15824044586	0.270501592357	0.0179140127388	0.553343949045
-sur	0.590760053487	0.319000380533	0.00833346915377	0.0819060968255
-kei	0.453415871192	0.358985528404	0.0431181038583	0.144480496546
-sup	0.115706450941	0.734630533486	0.0758499978186	0.0738130177543
-suo	0.496545467234	0.357038174332	0.0727196594319	0.073696699002
-sun	0.314779992478	0.354268522001	0.250470101542	0.0804813839789
-sum	0.423611802623	0.345190326895	0.0450307949153	0.186167075567
-ket	0.280846108689	0.463169718042	0.108052632954	0.147931540315
-kes	0.915378186377	0.0156707062265	0.0	0.0689511073965
-ker	0.452555471021	0.368350067759	0.0559216281993	0.123172833021
-kep	0.261681718741	0.511134795535	0.00448757502664	0.222695910697
-nut	0.331428083945	0.491980890633	0.0345504180174	0.142040607405
-nur	0.266147424588	0.199018890658	0.0632557338957	0.471577950858
-sua	0.164502164502	0.694083694084	0.04329004329	0.0981240981241
-dia	0.018414575845	0.968659808418	0.00106237937567	0.0118632363617
-dim	0.241032998565	0.477761836442	0.0100430416069	0.271162123386
-din	0.216991329479	0.529571781799	0.0937787690708	0.15965811965
-dio	0.264822134387	0.711462450593	0.0	0.0237154150198
-aes	0.504854368932	0.0582524271845	0.0	0.436893203884
-sia	0.00578859145193	0.978453576262	0.0114485475383	0.00430928474755
-dik	0.0269287997212	0.791921259478	0.00926321906052	0.17188672174
-dit	0.253529034328	0.297962784729	0.0248636509464	0.423644529997
-son	0.276507623528	0.315670730655	0.0780552025616	0.329766443255
-dip	0.53397329159	0.19787034196	0.0533493119865	0.214807054464
-dir	0.14592911481	0.0705518702988	0.0183582745579	0.765160740334
-dis	0.402083862525	0.588625367866	0.0	0.00929076960906
-ane	0.102167182662	0.869969040248	0.0278637770898	0.0
-soh	0.281289766653	0.224746980614	0.0573057488769	0.436657503856
-ihe	0.383137902796	0.292384217511	0.172051894166	0.152425985527
-ihi	0.384193194292	0.528723015002	0.0563483351628	0.0307354555433
-iho	0.27545382794	0.123125493291	0.0	0.601420678769
-uka	0.333238696856	0.302079636596	0.257363900916	0.107317765633
-tpe	0.227147829273	0.380838981498	0.150210661293	0.241802527936
-uko	0.311475409836	0.618852459016	0.0327868852459	0.0368852459017
-tpa	0.3867992694	0.265262064159	0.0790836294151	0.268855037025
-tit	0.0330009006306	0.0589313695031	0.0224297471957	0.885637982671
-ait	0.35135778109	0.215278798184	0.120874353646	0.312489067081
-tip	0.390888922074	0.267395860542	0.0382024399879	0.303512777396
-ais	0.00696380337913	0.961561015336	0.001818804065	0.02965637722
-tis	0.075962187711	0.924037812289	0.0	0.0
-tie	0.453947368421	0.289473684211	0.0	0.256578947368
-aia	0.0315480755001	0.940706098398	0.00370807603826	0.0240377500639
-tia	0.0882215652714	0.911778434729	0.0	0.0
-ono	0.108400813644	0.835789228646	0.039568126015	0.0162418316955
-aim	0.0497512437811	0.86594803759	0.034549474848	0.0497512437811
-tim	0.151529643871	0.142834568733	0.0278347813164	0.677801006079
-tin	0.28932988514	0.193141572444	0.0513348686748	0.466193673741
-ain	0.0260707899018	0.921215361633	0.0381086775205	0.0146051709447
-ngo	0.276864074958	0.455548608872	0.0665073269403	0.20107998923
-eme	0.0	0.928463442032	0.0585299110649	0.0130066469033
-ema	0.171514084857	0.600582684525	0.0485148595401	0.179388371078
-emo	0.186755146262	0.607316978796	0.0731310942578	0.132796780684
-uwi	0.26741130092	0.629884501003	0.0114115775641	0.0912926205132
-260	0.0272479564033	0.086285195277	0.0	0.88646684832
-gga	0.37037037037	0.444444444445	0.148148148148	0.037037037037
-pde	0.275229357798	0.103975535168	0.0183486238532	0.60244648318
-set	0.0	1.0	0.0	0.0
-mdo	0.072908036454	0.684065175366	0.024302678818	0.218724109362
-pda	0.50010745628	0.237537665279	0.0739225099416	0.188432368499
-ana	0.350921809638	0.422549840698	0.017449984365	0.209078365299
-pdo	0.305555555556	0.555555555556	0.104166666667	0.0347222222222
-mda	0.33194114975	0.305039620451	0.00883258466667	0.354186645132
-the	0.355279008659	0.358238413964	0.105207975882	0.181274601496
-mde	0.904534606205	0.0668257756562	0.0	0.0286396181385
-hir	0.167910102615	0.0725886605428	0.00686497625848	0.752636260584
-dai	0.0	1.0	0.0	0.0
-uar	0.307813733228	0.692186266772	0.0	0.0
-ame	0.382420091324	0.479452054795	0.103881278539	0.0342465753425
-000	0.0745185223397	0.108642412337	0.00572936082572	0.811109704498
-kut	0.586392632859	0.282547720108	0.0347506639859	0.0963089830466
-eto	0.0780326658404	0.830090163089	0.0546228660883	0.0372543049819
-buh	0.204599548386	0.479270500641	0.243200358037	0.0729295929369
-atu	0.485302377832	0.492229919491	0.0224677026774	0.0
-wes	0.353769643923	0.343385717128	0.0955639546448	0.207280684305
-wer	0.37006920408	0.428876002487	0.0750824719963	0.125972321437
-ank	0.168293608361	0.158704425511	0.0341830223173	0.63881894381
-wet	0.605256671671	0.197113984181	0.0967980461135	0.100831298035
-300	0.16	0.27	0.02	0.55
-uya	0.352602486381	0.392420135248	0.155836352536	0.0991410258353
-wei	0.189183797326	0.639507048063	0.0279046528309	0.14340450178
-ate	0.0	0.308576904648	0.662673694298	0.0287494010541
-weo	0.262187088274	0.213438735178	0.380764163373	0.143610013175
