-୍ଳୀ	0.0	1.0	0.0	0.0
-ଭୋଜ	0.369186046512	0.31976744186	0.0872093023256	0.223837209302
-ୋୟା	0.0	1.0	0.0	0.0
-ଭୋଗ	0.471756566039	0.234707927438	0.0345943341021	0.258941172421
-ନକୁ	0.20935713697	0.563439557343	0.0450582771404	0.182145028546
-ଭୋକ	0.103600293902	0.0124908155768	0.883908890522	0.0
-ଳାଏ	0.556385304715	0.443614695285	0.0	0.0
-ୁଳି	0.0855348019098	0.879788927046	0.0150766395845	0.0195996314599
-ୁଳା	0.288607594937	0.620253164557	0.0759493670886	0.0151898734177
-ଭବନ	0.714713814804	0.203775846569	0.0170812106682	0.0644291279592
-ବୀଜ	0.17227667988	0.799662391693	0.0234324977492	0.00462843067786
-ୋୟଜ	0.0	1.0	0.0	0.0
-ଶିର	0.063694267516	0.936305732484	0.0	0.0
-ଆଁର	0.199294532628	0.693121693122	0.0299823633157	0.0776014109347
-ତଥା	0.0985190763052	0.15593624498	0.019452811245	0.72609186747
-ବୀର	0.0255441861017	0.881900416243	0.00898941740861	0.083565980247
-ସାତ	0.0	0.00476028561713	0.00272016320979	0.992519551173
-ସକୁ	0.233723201914	0.724208859398	0.0147685316671	0.0272994070211
-ାଡ଼	0.300409699923	0.607684641789	0.0205957258332	0.0713099324549
-ୀଲର	0.396226415094	0.490566037736	0.0	0.11320754717
-ଷକୁ	0.522014546023	0.355204504575	0.087588957535	0.0351919918667
-ଏତେ	0.109855997241	0.0846770716564	0.121583168061	0.683883763042
-ସକର	0.356347438753	0.58574610245	0.0267260579065	0.0311804008909
-ଜୂର	0.0	1.0	0.0	0.0
-ୀଲା	0.101132075472	0.83320754717	0.0	0.0656603773585
-ଅଣା	0.419440745672	0.252996005326	0.207723035952	0.119840213049
-ବୀୟ	0.0268610897928	0.860897927859	0.0920951650038	0.0201458173446
-ିଁଛ	0.475471698113	0.4	0.11320754717	0.011320754717
-ୁଁଛ	0.727506426735	0.0652144500068	0.0248951427412	0.182383980517
-ାଚର	0.0	0.78102189781	0.21897810219	0.0
-ାଚି	0.694890510949	0.256934306569	0.043795620438	0.0043795620438
-ବଲର	0.198807157058	0.801192842942	0.0	0.0
-ଯୌନ	0.0674631061138	0.47083626142	0.42796907941	0.0337315530569
-ୋୟୀ	0.0	1.0	0.0	0.0
-ସାଦ	0.0825025782056	0.810931591612	0.0357511172224	0.0708147129598
-ୁଁଇ	0.581081081081	0.27027027027	0.0	0.148648648649
-ନକର	0.0623145400593	0.786350148368	0.115727002967	0.0356083086053
-ଗଥା	0.0	1.0	0.0	0.0
-ମୋଟ	0.019801980198	0.729372937294	0.029702970297	0.221122112211
-ୁଗେ	0.00898876404496	0.307865168539	0.00898876404496	0.674157303371
-ଥପର	0.0556909154194	0.498781761225	0.338496345284	0.107030978072
-ବତା	0.00457456541628	0.77538883806	0.165141811528	0.0548947849954
-ଝେଇ	0.416666666667	0.317164179104	0.191542288557	0.0746268656716
-ନଇଁ	0.359257622625	0.182059213433	0.379142730888	0.0795404330535
-ସୀମ	0.412451361868	0.0992217898832	0.429961089494	0.0583657587548
-ମୋର	0.00479348184606	0.0159504003634	0.00399456820505	0.975261549585
-ସ୍ଥ	0.508703513659	0.133699848507	0.228876508821	0.128720129013
-ବତଃ	0.37052631579	0.448421052632	0.0589473684211	0.122105263158
-ୋମର	0.0	1.0	0.0	0.0
-ମୋସ	0.0	1.0	0.0	0.0
-ମୋହ	0.395916505076	0.5014258013	0.102657693624	0.0
-ଟେଇ	0.277418659772	0.709653092006	0.0129282482224	0.0
-ୋମନ	0.0	0.987951807229	0.0	0.0120481927711
-ଆସନ	0.139264990329	0.682785299807	0.116054158607	0.0618955512572
-ମୋନ	0.00857398035129	0.988210777017	0.0	0.00321524263174
-ଷମା	0.695862978363	0.261378242707	0.0119807206664	0.0307780582638
-ଶୁର	0.0967219132447	0.863765124703	0.0116357188866	0.0278772431657
-ୋମୟ	0.502248875562	0.257871064468	0.209895052474	0.0299850074962
-ଶୁଣ	0.720496237896	0.210558755173	0.00200788547486	0.0669371214555
-ରକେ	0.137138621201	0.0904373610082	0.114899925871	0.65752409192
-ରକୁ	0.117034606533	0.369088811797	0.0357401750415	0.478136406628
-ୋମ୍	0.211453744493	0.775330396476	0.0132158590308	0.0
-ଫୋର	0.0320512820513	0.955128205128	0.0	0.0128205128205
-ୋମୀ	0.0	1.0	0.0	0.0
-ଶୁଭ	0.609090909091	0.290909090909	0.0818181818182	0.0181818181818
-ୁଗଣ	0.0816187723176	0.698010542425	0.0316272742731	0.188743410985
-ବତୀ	0.123754588359	0.219716832722	0.601468274777	0.0550603041426
-ସୀୟ	0.207207207207	0.657657657658	0.0810810810811	0.0540540540541
-ୁଗତ	0.262820512821	0.557692307692	0.0641025641026	0.115384615385
-ତଜଳ	0.0354609929078	0.921985815603	0.0	0.0425531914893
-ୁଗା	0.12492172824	0.755061573784	0.068357336673	0.0516593613024
-ଧେଇ	0.554237102486	0.228887509584	0.0240972653255	0.192778122604
-ୁଗର	0.250277576881	0.666296564159	0.0516445793564	0.0317812796039
-ଛପି	0.669230769231	0.0153846153846	0.0384615384615	0.276923076923
-ର୍ଶ	0.338044092708	0.564914264179	0.0263802524967	0.0706613906162
-ର୍ଷ	0.0501081605251	0.858141876772	0.0163173206027	0.0754326421006
-ଛପର	0.11385199241	0.77229601518	0.11385199241	0.0
-ର୍ବ	0.332756456687	0.421599146296	0.135420410375	0.110223986641
-ର୍ଭ	0.0393820054529	0.855599313339	0.0590730081793	0.0459456730283
-ର୍ମ	0.271606940165	0.486531133452	0.10053510621	0.141326820172
-ର୍ପ	0.300391815411	0.457988680888	0.0653025685677	0.176316935133
-ର୍ଥ	0.379633848658	0.197419885202	0.161141283313	0.261804982826
-ଷିକ	0.0	1.0	0.0	0.0
-ୂଆଁ	0.0	1.0	0.0	0.0
-େଷୀ	0.125	0.678571428571	0.0714285714286	0.125
-ର୍ଘ	0.161520190024	0.115597783056	0.416468725257	0.306413301663
-କମତ	0.671805072103	0.22376926902	0.0437593237195	0.0606663351566
-ର୍କ	0.446641928788	0.38464969438	0.0731694070649	0.095538969767
-ର୍ଖ	0.0842205625298	0.462418560305	0.419831558875	0.0335293182902
-ର୍ଗ	0.259097635329	0.634455786072	0.0302019121139	0.0762446664852
-ଚୟର	0.443965517241	0.435344827586	0.0431034482758	0.0775862068966
-ଷିତ	0.577192647865	0.167842753951	0.192922020645	0.0620425775383
-ଢଳା	0.218045112782	0.473684210526	0.263157894737	0.0451127819549
-ଢଳି	0.456747404844	0.356401384083	0.124567474048	0.0622837370242
-ରୁ’	0.0411428571428	0.917714285714	0.0	0.0411428571428
-କମି	0.682634730539	0.0419161676647	0.0479041916168	0.22754491018
-୍ଜା	0.0947745627641	0.674439749692	0.205915387495	0.0248703000481
-୍ଜି	0.405193236715	0.325785024155	0.219202898551	0.0498188405797
-କମ୍	0.143390495063	0.0902403530415	0.524282191973	0.242086959923
-େଷଣ	0.743083003953	0.189723320158	0.0355731225296	0.0316205533596
-୍ଜୁ	0.107382550336	0.892617449664	0.0	0.0
-କର’	0.148744472959	0.341750205488	0.00666020028173	0.502845121271
-କମୟ	0.247706422018	0.215596330275	0.536697247706	0.0
-େଷା	0.0113808801214	0.971547799697	0.0170713201821	0.0
-ମାର	0.117372234935	0.771453089245	0.0549199084668	0.0562547673532
-ୂୟା	0.0961538461538	0.903846153846	0.0	0.0
-ିଣତ	0.625125628141	0.094472361809	0.0452261306532	0.235175879397
-ୟମର	0.147787610619	0.73407079646	0.0278761061947	0.0902654867256
-ମଳର	0.655172413793	0.137931034483	0.206896551724	0.0
-ଇନର	0.140243902439	0.80487804878	0.0548780487805	0.0
-ିଣର	0.0	0.972193929517	0.0	0.0278060704828
-ିଣି	0.834573632115	0.062698404438	0.010199939633	0.0925280238137
-ିଣା	0.405607476636	0.308411214953	0.285981308411	0.0
-ଭୁ’	0.605223163453	0.256917548237	0.0	0.13785928831
-ଦନା	0.145732130465	0.731681430379	0.0891537739315	0.0334326652243
-ନଜର	0.430693069307	0.509900990099	0.0594059405941	0.0
-ତକୁ	0.112776786182	0.66817006739	0.0151676605184	0.20388548591
-୍ଥେ	0.380239520958	0.538922155689	0.0538922155689	0.0269461077844
-ଶର’	0.0	0.432098765432	0.117283950617	0.450617283951
-୍ଥୀ	0.245614035088	0.222222222222	0.497076023392	0.0350877192983
-ମଡ଼	0.191910991629	0.718654759845	0.0894342485261	0.0
-ତକର	0.620792819746	0.327599102468	0.0246821241586	0.0269259536275
-୍ଥର	0.229007633588	0.54877014419	0.152671755725	0.069550466497
-୍ଥଳ	0.269610691458	0.642068564788	0.074375363161	0.0139453805927
-ଖୁଛ	0.890276683694	0.0443327350837	0.00643186044812	0.0589587207744
-୍ଥି	0.31015037594	0.385338345865	0.0281954887218	0.276315789474
-୍ଥା	0.0252962330159	0.903142909342	0.0279145770663	0.0436462805758
-ୟୋଗ	0.469685628742	0.420284431138	0.0396706586826	0.0703592814371
-ସକଳ	0.302397049785	0.457897971727	0.0553165334972	0.184388444991
-୍ଥନ	0.5051212938	0.350404312668	0.0258760107817	0.118598382749
-୍ଥକ	0.184130937556	0.245063156022	0.533446006049	0.0373599003736
-ୟୋନ	0.0428571428571	0.957142857143	0.0	0.0
-ୟୋତ	0.0	1.0	0.0	0.0
-ୃହର	0.00592153960029	0.969405378732	0.00666173205032	0.0180113496176
-ଖୁଣ	0.0355660936574	0.759928867813	0.20450503853	0.0
-ଥିଉ	0.0	1.0	0.0	0.0
-ାଇଁ	0.0239187413706	0.0263274121926	0.00371868128342	0.946035165153
-ଯୋକ	0.0	0.871951219512	0.0	0.128048780488
-ଯୋଗ	0.383127658933	0.381679389313	0.0558690120588	0.179323939696
-ଧିକ	0.0524331412943	0.0357869882699	0.251665498015	0.660114372421
-ଜତକ	0.351773902586	0.382441371016	0.218881539387	0.0469031870114
-େହୀ	0.334545454546	0.349090909091	0.272727272727	0.0436363636363
-666	0.0	0.0	0.0	1.0
-ଧିଆ	0.0656108597285	0.886877828054	0.0475113122172	0.0
-ହୁତ	0.131248025276	0.0410592040924	0.393798239675	0.433894530956
-ଥିବ	0.448688796834	0.211882842643	0.0762604568167	0.263167903706
-ଧିର	0.249589490969	0.155993431855	0.584564860427	0.00985221674877
-ଥିତ	0.522899280563	0.142660085755	0.148876312255	0.185564321428
-ୂପେ	0.279598807935	0.160510968724	0.0402395186215	0.51965070472
-ବଳି	0.199342131336	0.714163991598	0.0355685015654	0.0509253755004
-ବଳଦ	0.0740305522914	0.918918918919	0.00705052878966	0.0
-ଧିବ	0.516993776927	0.439923408329	0.0	0.0430828147439
-ଧିମ	0.103626943005	0.119170984456	0.0621761658031	0.715025906736
-ଖଳା	0.110105580694	0.73604826546	0.0814479638009	0.0723981900452
-ଥିଳ	0.190476190476	0.32380952381	0.447619047619	0.0380952380953
-ଧିତ	0.215158924205	0.606356968215	0.0556234718826	0.122860635697
-ଲା’	0.276767944806	0.285790102163	0.270266684357	0.167175268675
-ଥିର	0.557169742347	0.164164150611	0.0517201695122	0.22694593753
-୍ଲୀ	0.0976562499999	0.8125	0.03125	0.05859375
-ାଉଦ	0.0175249021948	0.900536146703	0.0	0.0819389511018
-ହକି	0.0	1.0	0.0	0.0
-େଉ’	0.742154368109	0.257845631891	0.0	0.0
-ଗତି	0.360131255127	0.444626743232	0.0836751435603	0.11156685808
-ଗତର	0.0294650098502	0.900555591756	0.00302542511854	0.0669539732756
-ଥିୟ	0.0	1.0	0.0	0.0
-ବଳୀ	0.05291005291	0.89594356261	0.037037037037	0.0141093474427
-ାଛେ	0.823170731707	0.0548780487805	0.0365853658536	0.0853658536585
-ୂପା	0.00876872488125	0.921081476069	0.07014979905	0.0
-ସୁଧ	0.0488135593221	0.926779661017	0.0	0.024406779661
-ସୁଫ	0.186991869919	0.30081300813	0.414634146341	0.0975609756099
-ୋଭା	0.0	1.0	0.0	0.0
-ସୁକ	0.362264150943	0.222641509434	0.347169811321	0.0679245283019
-ସୁଖ	0.309248554913	0.329479768786	0.234104046243	0.127167630058
-ସୁଛ	0.45029527559	0.431594488189	0.0590551181103	0.0590551181103
-ଗତକ	0.230269802337	0.743759919204	0.0259702784591	0.0
-ସୁଆ	0.00877192982455	0.28947368421	0.701754385965	0.0
-ୋଭନ	0.5	0.361111111111	0.125	0.0138888888889
-ାଉଛ	0.469521589697	0.294157152451	0.103583139098	0.132738118753
-ୂପକ	0.417878321985	0.432681748298	0.0774873709642	0.0719525587525
-ଘରୁ	0.0705289672544	0.743073047859	0.0100755667506	0.176322418136
-ଘ୍ର	0.0893868717613	0.0851878357289	0.0275222238509	0.797903068659
-ହଁର	0.308823529412	0.588235294118	0.102941176471	0.0
-ଓଜନ	0.392327811683	0.448997384481	0.054054054054	0.104620749782
-ପଗଣ	0.0952380952381	0.833333333333	0.0714285714285	0.0
-୍ଦା	0.362732972235	0.397492216488	0.134345545272	0.105429266004
-ଆପଣ	0.142328792854	0.0443360602115	0.00136020053242	0.811974946402
-ଆରେ	0.102533841912	0.734530198984	0.0177712014219	0.145164757682
-ଲଗା	0.340566595432	0.0714457628955	0.129894776796	0.458092864877
-ଫିମ	0.0	1.0	0.0	0.0
-ୟାମ	0.0821917808219	0.917808219178	0.0	0.0
-ଦଳେ	0.263703703704	0.665185185185	0.0	0.0711111111111
-ୁଖା	0.780487804878	0.121951219512	0.0487804878049	0.0487804878049
-ୁଖି	0.447216890595	0.331094049904	0.129558541267	0.0921305182342
-ୁଖର	0.146341463415	0.707317073171	0.0	0.146341463415
-ଚତମ	0.506097560976	0.0914634146341	0.201219512195	0.201219512195
-ଉଦୟ	0.665943600868	0.281995661605	0.0130151843818	0.0390455531453
-ରଶି	0.813725490196	0.166666666667	0.0	0.0196078431372
-ିଏଲ	0.0384615384615	0.961538461538	0.0	0.0
-ଦଳର	0.246191512514	0.548150163221	0.0429815016322	0.162676822633
-ଲୂକ	0.0133333333333	0.973333333333	0.0	0.0133333333333
-ଁଆର	0.637931034483	0.293103448276	0.0344827586207	0.0344827586207
-ଦଳି	0.643451557901	0.224977308009	0.088180653699	0.0433904803915
-ଉରେ	0.54347826087	0.326086956522	0.0326086956522	0.0978260869565
-ଉଦର	0.760617760618	0.19305019305	0.023166023166	0.023166023166
-ଉଦା	0.186046511628	0.720930232558	0.0	0.093023255814
-ବଗତ	0.32967032967	0.293563579278	0.353218210361	0.0235478806907
-ଁରୁ	0.357288828338	0.53916893733	0.0592643051771	0.0442779291553
-ଁରେ	0.132324561403	0.776184210526	0.0251754385965	0.0663157894737
-୍କୁ	0.0676895250845	0.375008661607	0.0151449445617	0.542156868747
-ଶୂୟ	0.065157750343	0.823731138546	0.0	0.111111111111
-ଡଟି	0.0801237537907	0.88405116754	0.0250990072115	0.0107260714579
-’କୁ	0.21568627451	0.588235294118	0.196078431373	0.0
-ଲୂଦ	0.0	1.0	0.0	0.0
-ଚୁର	0.257696914759	0.224966816666	0.362588623782	0.154747644793
-ଆପେ	0.12845597618	0.158230540196	0.0170140365802	0.696299447044
-ଇକୁ	0.0227091633466	0.912749003984	0.0167330677291	0.0478087649402
-ତସ୍	0.0392156862744	0.960784313726	0.0	0.0
-ଲୂନ	0.0	1.0	0.0	0.0
-ଷରତ	0.420731707317	0.542682926829	0.0	0.0365853658537
-ଳରୁ	0.293990533102	0.487102846927	0.0609836477536	0.157922972218
-ନାୟ	0.0	0.819672131148	0.0	0.180327868852
-କିଛ	0.561595062901	0.179207215761	0.0	0.259197721339
-ଳରେ	0.23939408813	0.422561609985	0.049268996959	0.288775304926
-େଶମ	0.0212765957447	0.946808510638	0.031914893617	0.0
-କିକ	0.0677966101695	0.28813559322	0.0677966101695	0.576271186441
-କିଏ	0.0597033094115	0.0550388154509	0.00780182263857	0.877456052499
-େଶର	0.10563167029	0.485506525817	0.040343923355	0.368517880538
-େଶି	0.249887942627	0.25997310623	0.45652173913	0.0336172120125
-ିରଖ	0.606398687449	0.223954060705	0.090237899918	0.0794093519278
-ୋଗୁ	0.61387354205	0.284837323511	0.036832412523	0.0644567219152
-ୋଗୀ	0.112625449139	0.472060463387	0.364762730764	0.0505513567092
-ହତା	0.574074074074	0.148148148148	0.0555555555556	0.222222222222
-ରଗଣ	0.131688714098	0.601954475033	0.182338219521	0.0840185913479
-ଶଧର	0.0971842015434	0.836553842859	0.0220873185326	0.0441746370652
-ଇସର	0.0341614906832	0.891304347826	0.0	0.0745341614906
-କ୍ୟ	0.0514054054054	0.860486486486	0.0178378378378	0.0702702702703
-କିଲ	0.518850987433	0.373429084381	0.0215439856373	0.0861759425494
-ନ୍’	0.01171875	0.98828125	0.0	0.0
-େନ୍	0.0192216421452	0.100854295206	0.00284765068818	0.87707641196
-ିରା	0.335750543872	0.577229876722	0.0870195794054	0.0
-ିରି	0.373909226566	0.541354469063	0.0271485247012	0.0575877796692
-କିତ	0.504522613065	0.442713567839	0.0437185929648	0.00904522613065
-ିରର	0.0131061598952	0.942332896461	0.00611620795107	0.0384447356924
-କିୟ	0.0494845360824	0.950515463918	0.0	0.0
-କ୍ଷ	0.124500919873	0.728050260305	0.0996692370924	0.0477795827299
-ିକସ	0.192897418142	0.63349490553	0.1350281927	0.0385794836284
-ିକି	0.208883773114	0.230743719417	0.0664095393108	0.493962968158
-ିରେ	0.146126282562	0.530009238672	0.0384469033862	0.28541757538
-ିରୀ	0.0725806451613	0.927419354839	0.0	0.0
-ିରୁ	0.356029818778	0.266458585012	0.0453504190253	0.332161177185
-ପଟୁ	0.0454125185456	0.203625260713	0.041391618466	0.709570602275
-କ୍ତ	0.268952382266	0.425210242787	0.163684393375	0.142152981572
-ନାଏ	0.328173421074	0.519295270539	0.0277329651612	0.124798343225
-ହତ୍	0.127843986999	0.373781148429	0.49187432286	0.0065005417118
-ାନ’	0.0432766615147	0.66769706337	0.265842349304	0.0231839258114
-ଜାଇ	0.267004018455	0.442774222355	0.232177407352	0.058044351838
-ଗୃହ	0.0747819909015	0.844179357604	0.0363482186852	0.0446904328096
-ନାଇ	0.483516483517	0.021978021978	0.0	0.494505494505
-ୱଂସ	0.620333141873	0.205820409726	0.00804135554279	0.165805092858
-ଇଅଛ	0.426322301268	0.304887101763	0.155830497989	0.112960098979
-ଷରେ	0.20897278494	0.288009003479	0.214216288111	0.28880192347
-ଷରୁ	0.459791863765	0.434247871334	0.0558183538316	0.050141911069
-େଶୀ	0.149393317014	0.450668323898	0.222533795135	0.177404563954
-େଶୁ	0.472049689441	0.130434782609	0.0	0.39751552795
-ନାଶ	0.468938844573	0.474498428813	0.0130529369108	0.0435097897027
-ୋଗର	0.26738934056	0.587172538392	0.0912375790425	0.0542005420055
-ନାମ	0.241291518889	0.711321393357	0.00463569336728	0.0427513943871
-ନାନ	0.206668797273	0.742196654948	0.0511345477788	0.0
-ୁମେ	0.460990502035	0.0770013568521	0.0	0.462008141113
-ଳରସ	0.503175939389	0.297543430015	0.199280630596	0.0
-ନାତ	0.0357142857143	0.964285714286	0.0	0.0
-ନାଦ	0.192135835567	0.733914209115	0.0571939231457	0.0167560321716
-ାକି	0.639748247994	0.125436603425	0.0398974840778	0.194917664503
-୍ତନ	0.522304583562	0.398788961118	0.030587333804	0.0483191215166
-୍ତମ	0.0878760255241	0.13065937405	0.646247341234	0.135217259192
-୍ତବ	0.34988179669	0.224586288416	0.260992907801	0.164539007092
-ାକଲ	0.361940298507	0.373134328358	0.264925373134	0.0
-ାକର	0.300170068027	0.490646258503	0.094387755102	0.114795918367
-୍ତହ	0.0	1.0	0.0	0.0
-୍ତା	0.273451144027	0.527582729079	0.0370455476921	0.161920579202
-ଠେଇ	0.4375	0.0999273255814	0.0686773255814	0.393895348837
-୍ତଳ	0.03	0.9	0.07	0.0
-୍ତର	0.798080217123	0.145520340319	0.0196634725719	0.0367359699859
-ମରା	0.0	0.64	0.32	0.04
-ଲଭଲ	0.458333333333	0.145833333333	0.395833333333	0.0
-ାଲଟ	0.304347826087	0.670807453416	0.0248447204969	0.0
-ୁଲେ	0.367704744687	0.579766006072	0.052529249241	0.0
-ୁଲୁ	0.602661596958	0.363117870722	0.0114068441064	0.0228136882129
-ୁଲ୍	0.179011302164	0.274729520866	0.320288350077	0.225970826893
-ଜଗତ	0.0436726247376	0.907764765516	0.00910548932753	0.0394571204193
-ଣକୁ	0.107260686294	0.182697330719	0.060588710454	0.649453272533
-ାଈର	0.0666666666667	0.933333333333	0.0	0.0
-ଉପର	0.0258342303553	0.547900968784	0.329386437029	0.0968783638321
-୍ତକ	0.0713223872121	0.881324224557	0.00561225341997	0.041741134811
-ଁବା	0.582434514638	0.296224961479	0.0323574730354	0.0889830508474
-ଁବି	0.744680851064	0.170212765957	0.0425531914894	0.0425531914894
-ହି’	0.72263681592	0.172885572139	0.0522388059701	0.0522388059702
-ୃପା	0.398230088496	0.504244175546	0.0325085786527	0.0650171573054
-276	0.0	0.185567010309	0.0	0.814432989691
-ବୁକ	0.109523809524	0.688095238095	0.0	0.202380952381
-ାପା	0.233901646147	0.714483331028	0.00570618342786	0.0459088393969
-ବୁଜ	0.0	0.027027027027	0.972972972973	0.0
-ୋମା	0.0	0.988349514563	0.0	0.0116504854369
-ୁଲା	0.253134328358	0.694328358209	0.0191044776119	0.0334328358209
-ୁଲି	0.653306613227	0.146446739633	0.0427007861878	0.157545860953
-ଣକର	0.246431621325	0.288642186166	0.10369647432	0.36122971819
-ଯଦି	0.0341186831056	0.0148505005427	0.0	0.951030816352
-ମରେ	0.113231183688	0.475152763512	0.0307321060291	0.380883946771
-ବୁଧ	0.0	0.826086956522	0.173913043478	0.0
-ମରୁ	0.22031053765	0.629311208481	0.0300711625406	0.120307091328
-ବୁଣ	0.131165919282	0.403587443946	0.313901345292	0.15134529148
-୍ତୀ	0.205911167826	0.196410488618	0.175828427942	0.421849915614
-୍ତୁ	0.0812606647134	0.0390349166666	0.0104523508679	0.869252067752
-ବ୍‌	0.513274336283	0.106194690266	0.300884955752	0.0796460176991
-୍ତେ	0.11994468825	0.107508684995	0.0301869440311	0.742359682723
-ତ୍’	0.29296875	0.39453125	0.0390625	0.2734375
-ହସର	0.14121756487	0.223053892216	0.0119760479042	0.62375249501
-ାକ୍	0.630360789653	0.105173587474	0.198093941457	0.0663716814159
-ବୁର	0.403763230106	0.306154449236	0.143081144649	0.147001176009
-ୱରେ	0.170740346205	0.646942743009	0.0654327563249	0.116884154461
-ବୁଲ	0.0213454403768	0.960866692643	0.0	0.0177878669806
-ାକେ	0.269095616793	0.564453486222	0.0665803587942	0.0998705381913
-ରକା	0.0	1.0	0.0	0.0
-ୟଟି	0.134323454032	0.500350485203	0.0759019517645	0.289424109001
-ାକୁ	0.275991356071	0.151349445738	0.0210014307173	0.551657767473
-ଞାର	0.338404222291	0.537100279416	0.0617820552623	0.0627134430301
-ଙ୍ଗ	0.145648287805	0.736411373666	0.0652198201218	0.0527205184068
-ୂମର	0.0108108108108	0.827027027027	0.0324324324324	0.12972972973
-ତୀର	0.027027027027	0.918918918919	0.027027027027	0.027027027027
-ୁଣେ	0.898869499683	0.0827051207013	0.00758692101823	0.0108384585975
-ବଡ଼	0.0958479145051	0.0483108945811	0.448000141151	0.407841049763
-ିଥର	0.0835632636973	0.637366968861	0.0354749704375	0.243594797004
-ୁଣୁ	0.764940239044	0.235059760956	0.0	0.0
-ୁଣୀ	0.0	1.0	0.0	0.0
-ତୀତ	0.122041192745	0.13003381494	0.04334460498	0.704580387335
-ିଥି	0.503928170595	0.410774410774	0.0516273849607	0.03367003367
-ିଥା	0.0	1.0	0.0	0.0
-ବି’	0.651851851852	0.281481481481	0.0	0.0666666666667
-ଛରୁ	0.206568534995	0.658124564353	0.119070072574	0.0162368280782
-ତୀକ	0.283914010378	0.456634544107	0.259451445515	0.0
-୍ଣୟ	0.537868480726	0.326077097506	0.0707482993197	0.065306122449
-ମୋଦ	0.162050677666	0.596346493813	0.129640542133	0.111962286388
-ଛରେ	0.182284585584	0.594935607049	0.0640519989961	0.15872780837
-୍ଣୁ	0.305799648506	0.25834797891	0.333919156415	0.101933216169
-୍ଣୀ	0.0	1.0	0.0	0.0
-ିଜୟ	0.108239307268	0.814025190239	0.0147599055366	0.0629755969561
-ାଇୟ	0.00932159502848	0.986017607457	0.0	0.00466079751424
-୍ଣର	0.150229357798	0.098623853211	0.682339449541	0.0688073394496
-120	0.0220994475138	0.762430939227	0.0552486187845	0.160220994475
-ଭଜନ	0.0388768898488	0.961123110151	0.0	0.0
-ଦୋଷ	0.217574836578	0.224087608848	0.44098704682	0.117350507755
-୍ଣା	0.0	1.0	0.0	0.0
-ମଧୁ	0.123123123123	0.840840840841	0.036036036036	0.0
-ଦୋମ	0.00711743772243	0.964412811388	0.00711743772244	0.0213523131673
-ଦୋନ	0.0333333333333	0.855555555556	0.0	0.111111111111
-ଦୋଦ	0.114285714286	0.714285714286	0.0571428571429	0.114285714286
-ଚକ୍	0.204778156997	0.204778156997	0.42662116041	0.163822525597
-ତଗଣ	0.1756349548	0.768402927249	0.0258286698235	0.0301334481274
-ଖେଇ	0.348708278514	0.275067766973	0.0513273186887	0.324896635824
-ତୀୟ	0.0206889234687	0.312102136087	0.589475173292	0.0777337671523
-ତଗଛ	0.405797101449	0.463768115942	0.101449275362	0.0289855072464
-ୁଣର	0.0504201680672	0.621848739496	0.302521008403	0.0252100840336
-ୁଣି	0.362277804348	0.0465506556856	0.0194821763102	0.571689363657
-ଦୋକ	0.0	1.0	0.0	0.0
-ଠୀର	0.185294117647	0.682352941177	0.0970588235294	0.035294117647
-ଭୂତ	0.182929146632	0.642050385626	0.117382265576	0.0576382021665
-େଫା	0.0824175824176	0.826923076923	0.0494505494505	0.0412087912088
-ୃଥା	0.133333333333	0.6	0.266666666667	0.0
-ଭପି	0.81452768519	0.131376548242	0.023183899958	0.0309118666106
-ଖରେ	0.255518407837	0.0815121719022	0.0170967133188	0.645872706942
-େଜେ	0.0	1.0	0.0	0.0
-ଖରୁ	0.0602101787305	0.241967608365	0.00471722836626	0.693104984538
-ଖରୀ	0.0725806451613	0.822580645161	0.0806451612903	0.0241935483871
-ଲସି	0.753926701571	0.0732984293193	0.141361256545	0.0314136125654
-ହିଛ	0.405093517498	0.28748114317	0.0347410298178	0.272684309513
-ଅଲୀ	0.0	1.0	0.0	0.0
-ନଗୟ	0.0	1.0	0.0	0.0
-ାଅ’	0.146718146718	0.80694980695	0.011583011583	0.034749034749
-୍ମୟ	0.0911392405063	0.367088607595	0.541772151899	0.0
-ହିକ	0.806629834254	0.0939226519336	0.0	0.0994475138122
-ଏବେ	0.219367501764	0.0248838508586	0.0180104681251	0.737738179252
-ହିନ	0.0252100840336	0.0504201680672	0.806722689076	0.117647058824
-ହିମ	0.0519311911717	0.899383317105	0.0350535540409	0.0136319376826
-ହିବ	0.504684236024	0.0832843756652	0.0147928562345	0.397238532076
-ଗକୁ	0.201755264124	0.497830947375	0.0263623318984	0.274051456602
-ହିତ	0.0745981564166	0.0230329108455	0.0158976667147	0.886471266023
-ଇଜଣ	0.0691459050398	0.045474231269	0.00854778783251	0.876832075859
-ହିଲ	0.521352508508	0.162476671424	0.0329344604237	0.283236359644
-ଗାତ	0.632526621491	0.367473378509	0.0	0.0
-ହ୍ୟ	0.574672691461	0.245742092457	0.0880546865948	0.0915305294867
-ହ୍ନ	0.0426427268901	0.803057932389	0.095665591247	0.058633749474
-୍ରେ	0.154674220963	0.0617563739377	0.0059490084986	0.777620396601
-ୋଡ଼	0.0418571349892	0.93297350884	0.0125020653192	0.012667290852
-ୂହର	0.0275671950379	0.786354238456	0.119917298415	0.0661612680909
-ସଗଣ	0.0740740740741	0.759259259259	0.166666666667	0.0
-ଏବଂ	0.0309674507436	0.00382391598251	0.00317614879422	0.96203248448
-ାତା	0.106828397266	0.758173757774	0.084200480266	0.0507973646943
-ୀଣୀ	0.0425531914893	0.925531914894	0.031914893617	0.0
-ଏବର	0.0	1.0	0.0	0.0
-ନଗଣ	0.0251046025104	0.924686192469	0.00836820083681	0.0418410041841
-ାଘର	0.389968940527	0.46508685149	0.0276084205683	0.117335787415
-ନଗତ	0.0251032729583	0.429297743883	0.448681283762	0.0969176993962
-ଠୁର	0.413897280967	0.31419939577	0.135951661631	0.135951661631
-ଖରା	0.0958904109589	0.821917808219	0.0456621004566	0.0365296803653
-ପନା	0.461538461538	0.307692307692	0.0839160839161	0.146853146853
-ୁଇଁ	0.922880759761	0.0298979950756	0.00105522335561	0.0461660218079
-ଶୀହ	0.163859111792	0.725880551302	0.00918836140888	0.101071975498
-ସୋର	0.0	1.0	0.0	0.0
-ଲୀୟ	0.10601387818	0.745952197379	0.127216653816	0.0208172706245
-ସ୍ୟ	0.198834175225	0.712098150069	0.0524370253906	0.0366306493159
-ପକା	0.258171286719	0.655771617708	0.0215142738932	0.0645428216798
-ଶୀଳ	0.356500224921	0.26563202879	0.264957264957	0.112910481331
-ିଟର	0.0757575757575	0.815407597098	0.0266752027315	0.0821596244131
-ୂଜା	0.292721311475	0.671344262295	0.00760655737704	0.0283278688525
-ରାର	0.0507879000554	0.897618042745	0.0322462857495	0.0193477714497
-ଷତି	0.506930919922	0.295108259824	0.121663420781	0.076297399473
-ଶୀତ	0.0	0.854545454545	0.12987012987	0.0155844155844
-ିଟି	0.341756175293	0.561950761519	0.0231164587302	0.0731766044572
-ଗଲେ	0.749252711951	0.0591860808259	0.0376947038613	0.153866503362
-ସରୁ	0.316555488175	0.58035172832	0.0739842328684	0.0291085506367
-ସରେ	0.141255984065	0.738510408735	0.0560129783041	0.0642206288963
-ଲକି	0.427807486631	0.326203208556	0.0320855614973	0.213903743316
-ସଦା	0.315270935961	0.618226600985	0.0295566502463	0.0369458128079
-ଞତା	0.119379162761	0.768702872151	0.0671507790529	0.0447671860353
-ରରୁ	0.194094147663	0.516828108339	0.0533049869753	0.235772757023
-ରରେ	0.13420059973	0.583114084708	0.0397352794323	0.242950036129
-ସରଣ	0.744053608512	0.10226437446	0.00620865357855	0.147473363449
-ସ୍କ	0.207075064711	0.258843830889	0.503019844694	0.0310612597067
-ରକର	0.287937743191	0.476653696498	0.235408560311	0.0
-ଗାଏ	0.395569620253	0.490506329114	0.0	0.113924050633
-ସଦୟ	0.241610738255	0.208053691275	0.503355704698	0.0469798657718
-ିଁଲ	0.375	0.520833333333	0.0416666666667	0.0625
-ିଁର	0.284936479129	0.254083484573	0.0889292196007	0.372050816697
-ସରଳ	0.263499445818	0.186146029849	0.309012986459	0.241341537874
-ଂସର	0.150121065375	0.578692493947	0.227602905569	0.043583535109
-ିଁବ	0.365688052063	0.197771835787	0.0	0.43654011215
-ନୟନ	0.213836477987	0.194968553459	0.547169811321	0.0440251572327
-ଲକୁ	0.349579087284	0.552060256978	0.0531679220204	0.0451927337173
-ଂସା	0.445746487775	0.429827910835	0.0460835560705	0.0783420453199
-ଶୀୟ	0.143229166667	0.4189453125	0.310872395833	0.126953125
-ିଭର	0.261075949367	0.466772151899	0.0712025316456	0.200949367089
-ସ୍ର	0.165547942823	0.325635585852	0.413869857058	0.0949466142663
-ଲୀର	0.00328947368421	0.989035087719	0.0	0.0076754385965
-ିଟ୍	0.669051878354	0.307334525939	0.0236135957066	0.0
-ସ୍ତ	0.0854535148474	0.154535199966	0.0687851285219	0.691226156665
-ୂଖା	0.0297619047619	0.967261904762	0.00297619047619	0.0
-ପକୁ	0.177584481301	0.740453450407	0.0810034476107	0.000958620681786
-ଂସକ	0.00714285714287	0.910714285714	0.075	0.00714285714287
-ଗାଇ	0.57073283859	0.263450834879	0.069573283859	0.0962430426716
-ସ୍ମ	0.623431852009	0.304699128216	0.0510312566447	0.0208377631299
-ଲୀତ	0.0	1.0	0.0	0.0
-ଲ୍’	0.0621118012422	0.749068322981	0.114285714286	0.0745341614907
-ଠତର	0.132867132867	0.076923076923	0.734265734266	0.055944055944
-ତରଣ	0.511904761905	0.22619047619	0.0	0.261904761905
-କବଚ	0.241935483871	0.727822580645	0.0302419354839	0.0
-ିଳେ	0.381727456338	0.38873707972	0.0508969941785	0.178638469764
-ିଳୁ	0.196837944664	0.523847167325	0.0173913043478	0.261923583663
-ଲଖର	0.0704225352113	0.906103286385	0.0234741784037	0.0
-୍ଚକ	0.224489795918	0.537414965986	0.156462585034	0.0816326530613
-୍ଚନ	0.247933884298	0.652892561983	0.0991735537189	0.0
-ାଣି	0.631664515786	0.200211105538	0.0191932274024	0.148931151273
-୍ଚମ	0.0	0.0206896551724	0.979310344828	0.0
-ାଣର	0.103912764593	0.788967286722	0.0904425914047	0.0166773572803
-ପଟା	0.194028444947	0.681642648583	0.098427050956	0.0259018555148
-ତବତ	0.072	0.504	0.088	0.336
-ପଟି	0.315588211411	0.61388530342	0.0299203270412	0.0406061581274
-କବି	0.197183098592	0.802816901408	0.0	0.0
-୍ଚା	0.433686333838	0.36409480585	0.0821986888552	0.120020171457
-୍ଚି	0.485535686226	0.172791521349	0.12339413336	0.218278659064
-ୟାୟ	0.2411634757	0.452135493373	0.181516936672	0.125184094256
-କବର	0.210555688432	0.76425097664	0.00956708921311	0.0156262457147
-୍ଚଳ	0.144799241227	0.547581410054	0.0113815997471	0.296237748972
-ୁଭେ	0.122807017544	0.438596491228	0.438596491228	0.0
-ୟାତ	0.700689655172	0.0648275862069	0.206896551724	0.0275862068965
-ହକୁ	0.180829112737	0.666103920465	0.0589007690865	0.0941661977115
-ୟାନ	0.33500578927	0.321497491316	0.27325357005	0.0702431493632
-୍ଚେ	0.269874476987	0.232217573222	0.196652719665	0.301255230125
-େହି	0.0144340850346	0.0551702330157	0.0120272019562	0.918368479993
-ଇସା	0.22625698324	0.572625698324	0.0754189944133	0.125698324022
-ୁଭବ	0.345409263096	0.216027291183	0.0822502668425	0.356313178879
-ୟାର	0.198864579529	0.695992828923	0.0630789150427	0.0420636765047
-୍ଚୟ	0.260076729151	0.0977532251793	0.0356249814026	0.606545064268
-ାଣେ	0.924299117356	0.00937751803725	0.0170138277871	0.0493095368201
-ାଣୀ	0.304446146593	0.62470020559	0.021271276699	0.0495823711184
-ାଣୁ	0.945959638605	0.01317233809	0.0124968335726	0.0283711897323
-ୟାସ	0.443768996961	0.392097264438	0.109422492401	0.0547112462006
-େହର	0.228070175439	0.526315789474	0.19649122807	0.0491228070176
-଼େଇ	0.625202061325	0.233100491669	0.0481318723552	0.0935655746507
-ଦ୍ୟ	0.211779256372	0.710626261368	0.016503033388	0.0610914488716
-ିଳି	0.455379482902	0.213511259383	0.0542118432027	0.276897414512
-ିଳା	0.12927625924	0.572460030944	0.138387484958	0.159876224858
-ୟାଗ	0.694511525796	0.133150384193	0.0230515916575	0.149286498353
-ଶତକ	0.26986624705	0.686073957514	0.0440597954367	0.0
-ିକ୍	0.227647108976	0.186616625251	0.16430144997	0.421434815803
-ୟାଜ	0.0	1.0	0.0	0.0
-ିଳନ	0.338624338624	0.439153439153	0.15873015873	0.0634920634921
-ଚକୁ	0.577223088924	0.0265210608424	0.0374414976599	0.358814352574
-୍ଢା	0.0382320029839	0.894628869825	0.0	0.0671391271913
-୍ୱତ	0.0	0.00911302488963	0.0648433194346	0.926043655676
-ଇଛୁ	0.491394457626	0.248967458238	0.0862937762105	0.173344307926
-ହାୟ	0.0450428773544	0.679873835946	0.193040902947	0.0820423837526
-ଭଟି	0.179104477612	0.462686567164	0.358208955224	0.0
-ମଶଃ	0.223776223776	0.692307692308	0.041958041958	0.041958041958
-ୁରୀ	0.259718112515	0.601098789672	0.113243549681	0.025939548132
-ୁରୁ	0.214123351386	0.51663634492	0.186930416844	0.0823098868501
-ୁରେ	0.294321779939	0.562697896641	0.0643164084587	0.078663914961
-‌କା	0.332613390929	0.401007919366	0.158387329014	0.107991360691
-ୁଢ଼	0.128440366972	0.798165137615	0.0	0.0733944954128
-ହାକ	0.0199175824176	0.965659340659	0.00618131868132	0.00824175824176
-ଷ୍ଠ	0.130929510862	0.102556524309	0.687010492094	0.0795034727353
-ଖୀନ	0.324639937719	0.479174776177	0.0210198520825	0.175165434021
-ଜକୁ	0.17592764062	0.156312439692	0.0180800982466	0.649679821441
-‌କଣ	0.234693877551	0.602040816327	0.163265306122	0.0
-’ରେ	0.135629709365	0.583692142088	0.0339074273412	0.246770721206
-ଟଟି	0.0890538033395	0.773654916512	0.107606679035	0.0296846011131
-ଡାକ	0.657370517928	0.262948207171	0.0318725099602	0.0478087649402
-ହାନ	0.125835016312	0.150069908342	0.546527885661	0.177567189685
-ୃତି	0.276859620872	0.655338022996	0.0237308246462	0.0440715314856
-’ରି	0.583783783784	0.172972972973	0.0	0.243243243243
-000	0.0849894077602	0.220437346858	0.00874099921584	0.685832246166
-ୃତର	0.296846011132	0.183673469388	0.185528756957	0.333951762523
-ହାଇ	0.558139534884	0.302325581395	0.0	0.139534883721
-ହାଚ	0.0229007633588	0.965648854962	0.0114503816794	0.0
-ହାଜ	0.0911470505749	0.862812003365	0.0140226231654	0.0320183228943
-ଗତେ	0.166666666667	0.674242424242	0.0454545454546	0.113636363636
-ହାଟ	0.0860927152318	0.854304635762	0.0397350993378	0.0198675496689
-ୀଣା	0.00620732464309	0.975170701428	0.0186219739292	0.0
-‌କୁ	0.138153111042	0.709151345175	0.152695543783	0.0
-ୁରା	0.329023403641	0.382259462583	0.143527882115	0.145189251661
-ୁରି	0.145828456031	0.177917882175	0.13961129512	0.536642366674
-ୂଳକ	0.311469121596	0.45358649789	0.135596471039	0.0993479094745
-େଜର	0.0	1.0	0.0	0.0
-ହାବ	0.0369393139841	0.963060686016	0.0	0.0
-ହାମ	0.0188297486638	0.921897477281	0.00802311030023	0.0512496637545
-ବୃତ	0.473829201102	0.110192837466	0.308539944904	0.107438016529
-ହାଡ	0.4	0.6	0.0	0.0
-ଇଛି	0.597668897794	0.137035570683	0.0321200701173	0.233175461406
-ହାଣ	0.000780775570401	0.229027500651	0.762557473757	0.00763425002169
-ହାତ	0.0220652279106	0.952062048084	0.00298627144655	0.0228864525584
-ଣାଏ	0.291317593298	0.424980959634	0.142802741813	0.140898705255
-ହାସ	0.509179926561	0.365973072215	0.086658506732	0.038188494492
-େଜଣ	0.0905639913232	0.184381778742	0.0146420824295	0.710412147505
-ହାର	0.203979002904	0.143815262846	0.0325361496044	0.619669584646
-ବା’	0.336590383132	0.0334276163538	0.0	0.629982000514
-ଚକି	0.131463191966	0.64943148809	0.219105319944	0.0
-ଅଠର	0.0	0.0167464114832	0.0	0.983253588517
-ୁଆର	0.375864956827	0.435293326866	0.163662820799	0.0251788955076
-େଣୁ	0.0474042514093	0.0162835134956	0.00102090993703	0.935291325158
-ୁଆଳ	0.570217917676	0.429782082324	0.0	0.0
-ଲ୍ର	0.135135135135	0.864864864865	0.0	0.0
-ଡକା	0.9122977977	0.0321574741766	0.0204638472033	0.0350808809199
-ୌକୁ	0.129310344828	0.715517241379	0.0	0.155172413793
-୍ରକ	0.241758241758	0.375	0.358516483517	0.0247252747253
-ୁଆଦ	0.226355362089	0.199050257222	0.296003165809	0.278591214879
-ଶଟି	0.0349127182045	0.400997506234	0.0448877805486	0.519201995013
-୍ରମ	0.387310093207	0.382949006641	0.11914602514	0.110594875011
-୍ରବ	0.36523929471	0.579345088161	0.0453400503778	0.0100755667506
-୍ରଦ	0.0605239385727	0.873983739837	0.0182926829268	0.0471996386631
-୍ରତ	0.366395054791	0.28772127002	0.223939308795	0.121944366395
-୍ରଣ	0.745864000198	0.18805343557	0.018187861715	0.0478947025162
-୍ରା	0.310740486502	0.486761694024	0.0272524598456	0.175245359629
-ୂନୀ	0.0	0.78	0.0	0.22
-୍ରହ	0.112195069085	0.814786784302	0.0441269838403	0.0288911627722
-ୂନ୍	0.0	1.0	0.0	0.0
-୍ରର	0.163691924402	0.765945851256	0.0420421589427	0.0283200653989
-ୁଆଇ	0.331491712707	0.382596685083	0.24861878453	0.0372928176795
-୍ଧନ	0.191489361702	0.660826032541	0.0951188986232	0.0525657071339
-ୋ’ର	0.115979381443	0.713917525773	0.0773195876289	0.0927835051547
-ଯ୍ୟ	0.361773634245	0.344914441914	0.0715580571789	0.221753866662
-ବଧି	0.08	0.66	0.04	0.22
-ୁଣା	0.157543561202	0.215191116718	0.585247549308	0.0420177727709
-୍ରୀ	0.0720424976018	0.754370995965	0.0223671588406	0.151219347592
-୍ରୁ	0.0640307907628	0.836249125262	0.0307907627711	0.0689293212036
-ଫୁଟ	0.0555555555556	0.675925925926	0.166666666667	0.101851851852
-୍ରୟ	0.476495726496	0.302197802198	0.163308913309	0.0579975579975
-ସୃପ	0.154220779221	0.753246753247	0.0925324675324	0.0
-ମଉଜ	0.091743119266	0.495412844037	0.357798165138	0.0550458715597
-କମନ	0.440251572327	0.333333333333	0.0943396226415	0.132075471698
-ାଏଲ	0.0149425287356	0.959770114943	0.00344827586207	0.0218390804598
-ୌକା	0.143489813995	0.808680248007	0.0478299379982	0.0
-ାଏଁ	0.35761589404	0.450331125828	0.0993377483444	0.0927152317881
-ଁଠା	0.523985239852	0.343173431734	0.0	0.132841328413
-ଁଠି	0.183525066369	0.111807933515	0.00692547420259	0.697741525913
-ଡକୁ	0.498286674856	0.339917243163	0.0486519687076	0.113144113273
-ୂନଃ	0.416666666667	0.0	0.0	0.583333333333
-୍ଜନ	0.343110399803	0.427903111631	0.138130559232	0.0908559293343
-ଲୁଟ	0.352941176471	0.607843137255	0.0392156862745	0.0
-ଲୁଛ	0.961538461538	0.0384615384615	0.0	0.0
-ଦଲା	0.136363636364	0.761363636364	0.0	0.102272727273
-ତୋ’	0.307073030477	0.320299022427	0.0	0.372627947096
-ାବୁ	0.694300518135	0.060103626943	0.19896373057	0.0466321243523
-ାବୀ	0.525773195876	0.323711340206	0.0371134020619	0.113402061856
-ୱଜନ	0.425	0.15	0.425	0.0
-ଲୁଅ	0.0723306848613	0.795840808859	0.124828762583	0.00699974369627
-ଲୁା	0.853146853147	0.041958041958	0.0	0.104895104895
-ଲୁହ	0.662100456621	0.310502283105	0.027397260274	0.0
-ଚୀନ	0.0280194121418	0.782162805604	0.112810182218	0.0770076000366
-ଁ’-	0.0601503759398	0.218045112782	0.0	0.721804511278
-ଧତା	0.536303630363	0.364686468647	0.059405940594	0.039603960396
-ଧତି	0.539287457296	0.38018545632	0.0732064421669	0.00732064421669
-ଲୁଣ	0.133448040265	0.860749871027	0.00580208870719	0.0
-ତାନ	0.0958254323803	0.867395750385	0.0056714998539	0.0311073173806
-ାବକ	0.117959415892	0.808458183197	0.0383083633605	0.0352740375498
-ଦା’	0.346666666667	0.653333333333	0.0	0.0
-ାବର	0.22367194781	0.589934762349	0.0955265610438	0.0908667287977
-ାବହ	0.0	0.673076923077	0.0576923076923	0.269230769231
-ଠା’	0.0	0.904761904762	0.047619047619	0.047619047619
-ାବି	0.301427746575	0.130439347016	0.0730932759435	0.495039630466
-ଆଟି	0.471014492754	0.528985507246	0.0	0.0
-ୌଶଳ	0.181818181818	0.75	0.0227272727273	0.0454545454545
-ଠକ୍	0.784246206822	0.215753793178	0.0	0.0
-୍ଝର	0.0	1.0	0.0	0.0
-ୂଅତ	0.129032258065	0.516129032258	0.354838709677	0.0
-ପ୍ୟ	0.257170969493	0.365702154592	0.198814042044	0.178312833872
-ୁବର	0.0	1.0	0.0	0.0
-ୁବନ	0.730263157895	0.111842105263	0.0592105263158	0.0986842105263
-ୁବଧ	0.390834191555	0.439237899073	0.0679711637487	0.101956745623
-ିତୀ	0.255319148936	0.744680851064	0.0	0.0
-ବୟସ	0.0063829787234	0.268085106383	0.710638297872	0.0148936170213
-ିତେ	0.51652892562	0.359504132231	0.0	0.123966942149
-ରଣା	0.512836296484	0.368758373466	0.0284607307093	0.089944599341
-ୁବକ	0.138755980861	0.278708133971	0.572966507177	0.00956937799044
-ିତ୍	0.296295984025	0.0411448035715	0.0651599911752	0.597399221228
-ଁକି	0.0268176568354	0.00957773458408	0.000788754612804	0.962815853968
-ିଲା	0.667554506969	0.124551049358	0.0381945184403	0.169699925233
-ିଲି	0.676554262429	0.14089724971	0.0422072752873	0.140341212573
-ଚଉଦ	0.0	0.0	0.15724137931	0.84275862069
-େସକ	0.0142857142857	0.985714285714	0.0	0.0
-ିଲର	0.40404040404	0.47138047138	0.0707070707071	0.053872053872
-ୋଟି	0.0538713571305	0.0690897192708	0.00885210093694	0.868186822662
-ଖଟା	0.0	0.226723802104	0.749902610051	0.0233735878457
-ଖଟି	0.4087782017	0.553369183165	0.037852615135	0.0
-ିଲୋ	0.0387096774194	0.941935483871	0.0193548387097	0.0
-ହନର	0.349206349206	0.650793650794	0.0	0.0
-ରଟି	0.118458263252	0.650203918348	0.0282082579264	0.203129560474
-କୋଶ	0.0	0.971021159154	0.0	0.0289788408464
-ିଲୀ	0.0689655172414	0.864699006429	0.00263004091175	0.0637054354178
-ିଲୁ	0.596861590623	0.213640063356	0.0427652628716	0.146733083149
-ତୁର	0.0777065772731	0.160768965451	0.742874878731	0.0186495785455
-ିଲେ	0.806532006259	0.0546029625542	0.0132407890942	0.125624242093
-ିତର	0.0383091804998	0.856129921622	0.00552592782656	0.100034970052
-ତୁମ	0.210416666667	0.483333333333	0.05625	0.25
-ରଣୀ	0.455066921606	0.418738049713	0.0803059273423	0.0458891013384
-ତୁତ	0.349647995332	0.0561860799174	0.392891076813	0.201274847939
-ଦରେ	0.176184172167	0.607722020881	0.0807579557317	0.13533585122
-୍ଟ’	0.516949152542	0.305084745763	0.0	0.177966101695
-ିତି	0.3234581703	0.299566646832	0.170816879737	0.206158303131
-ଦରୁ	0.48779649364	0.287002024369	0.109239524846	0.115961957144
-ତୁଖ	0.0967741935484	0.879032258065	0.0241935483871	0.0
-କୋଟ	0.57210031348	0.380877742947	0.0	0.0470219435736
-୍ଧା	0.372240016355	0.151373177048	0.0352664576803	0.441120348916
-ପ୍ନ	0.213689482471	0.73121869783	0.0400667779632	0.0150250417362
-ୁବ୍	0.293228795438	0.0884612338639	0.0698503207413	0.548459649957
-ିତକ	0.123271828839	0.552909635704	0.0809546338642	0.242863901593
-ପ୍ତ	0.277518463067	0.30101405332	0.131185284904	0.290282198709
-ିତଟ	0.148409893993	0.777385159011	0.0318021201413	0.0424028268551
-ାନ୍	0.0951849258485	0.207528834617	0.437350182607	0.259936056928
-କଣା	0.311223720327	0.597985099388	0.0147799595813	0.076011220704
-ନୀତ	0.836339769648	0.0450965447155	0.0317581300813	0.0868055555556
-ାନେ	0.0418549379011	0.229529063142	0.0125802236422	0.716035775314
-ଦମନ	0.608540925267	0.302491103203	0.0533807829182	0.0355871886121
-ାନୁ	0.505347593583	0.43449197861	0.0120320855615	0.048128342246
-ାନୀ	0.07926313481	0.328331088067	0.581064569692	0.0113412074313
-ଚିଲ	0.227722275215	0.73432401225	0.0379537125358	0.0
-ଚିବ	0.585929715007	0.180628446157	0.134856839168	0.0985849996678
-ଚିମ	0.0	0.935483870968	0.0611205432937	0.00339558573853
-ନୀର	0.143553158169	0.773621019662	0.0800417609187	0.00278406124935
-ଚିତ	0.310406461751	0.221547845653	0.146179066608	0.321866625987
-ଶ୍ଚ	0.111111111111	0.0952380952381	0.031746031746	0.761904761905
-ଦମା	0.257315842583	0.731331987891	0.0	0.0113521695257
-ଷେତ	0.0	0.962432915921	0.0375670840787	0.0
-୍ରି	0.470935130581	0.47402415052	0.0151642796967	0.0398764392025
