-ъмӕ	0.0884825247014	0.834390207934	0.0498451555818	0.0272821117829
-аби	0.0486381322957	0.890077821012	0.0437743190661	0.0175097276265
-оси	0.0	1.0	0.0	0.0
-ӕуа	0.645697268335	0.156299154771	0.0451147390391	0.152888837855
-был	0.192522321429	0.594866071429	0.0368303571428	0.17578125
-сси	0.699728506787	0.0926696832579	0.0285972850679	0.179004524887
-мас	0.0139996111219	0.502819366129	0.468403655454	0.0147773672954
-мар	0.552558782849	0.327627939143	0.0653526970955	0.0544605809129
-дой	0.77194003784	0.145975840489	0.0296900014554	0.0523941202154
-ита	0.572672471534	0.317649028801	0.0175820495646	0.0920964501005
-ема	0.0	1.0	0.0	0.0
-док	0.0	1.0	0.0	0.0
-дон	0.0796730307836	0.191895093085	0.0161061586993	0.712325717432
-мах	0.0197330287971	0.0167856594028	0.00404143267125	0.959439879129
-лӕз	0.0799051059471	0.855394403408	0.0194101471936	0.0452903434517
-хон	0.369284568575	0.473053787449	0.0662931913179	0.0913684526584
-рза	0.19587628866	0.381443298969	0.0103092783505	0.412371134021
-ӕты	0.15652010778	0.437356816309	0.112425765526	0.293697310385
-лӕг	0.227783222959	0.588927861358	0.108198817347	0.0750900983351
-хой	0.706280193237	0.175845410628	0.0	0.117874396135
-йыс	0.366327025716	0.489325570112	0.137069383794	0.00727802037845
-дӕй	0.166430749199	0.637230306607	0.0655305763544	0.13080836784
-мау	0.184172790823	0.419519627173	0.112027245026	0.284280336978
-вон	0.0419794349076	0.746316680697	0.164968551482	0.046735332913
-тул	0.894039735099	0.105960264901	0.0	0.0
-лӕй	0.0973107332681	0.65409736362	0.0616389454478	0.186952957665
-мат	0.56345177665	0.284263959391	0.0	0.152284263959
-зыд	0.331371661385	0.214576731553	0.373019465822	0.0810321412404
-рфӕ	0.303702985653	0.609829391237	0.00843350135712	0.0780341217526
-лут	0.437883457672	0.387418267708	0.118961891869	0.0557363827519
-нгӕ	0.499616342184	0.243879726627	0.0866068408796	0.169897090309
-зыг	0.228754882235	0.178719375074	0.0643567286069	0.528169014084
-ихы	0.311770943796	0.49098621421	0.0349946977731	0.16224814422
-зын	0.591005909195	0.230530726807	0.0761066771184	0.10235668688
-зым	0.199772985244	0.388479001135	0.225028376844	0.186719636776
-уой	0.554036977878	0.108956022321	0.0270629284526	0.309944071349
-ыхы	0.300038417211	0.484441029581	0.0484056857472	0.167114867461
-ъгӕ	0.25459133622	0.0402263983148	0.0070341242955	0.69814814117
-зыл	0.124161073825	0.707094918504	0.114093959732	0.0546500479386
-уон	0.627729789258	0.140664214383	0.0214637289202	0.210142267439
-сгӕ	0.230279594893	0.0762156032901	0.0184290212998	0.675075780517
-цин	0.360747790175	0.376199628162	0.223447602751	0.0396049789116
-схо	0.65241532482	0.277623542476	0.0466407551361	0.023320377568
-ккӕ	0.0991746262459	0.108051287375	0.0560112126246	0.736762873754
-сой	0.555892616596	0.257641680544	0.068679133211	0.11778656965
-паз	0.0	0.69696969697	0.30303030303	0.0
-сом	0.00783972125435	0.924216027875	0.0522648083623	0.0156794425087
-сон	0.438638072261	0.401336115693	0.103546113677	0.0564796983693
-дза	0.525349580915	0.232878404975	0.0687835201981	0.172988493912
-паг	0.662857142857	0.268571428571	0.0342857142857	0.0342857142857
-лфӕ	0.00513074230846	0.956388690378	0.0384805673135	0.0
-быд	0.136778115502	0.74692744813	0.116294436368	0.0
-дзы	0.123294471545	0.0825294286631	0.0112078007737	0.782968299018
-ций	0.0	1.0	0.0	0.0
-ъыз	0.153631284916	0.148044692737	0.661080074488	0.0372439478584
-пар	0.127439431827	0.471835885566	0.0153753952344	0.385349287373
-гад	0.324416262096	0.609333201229	0.0320354040754	0.0342151326001
-ӕмӕ	0.013767878094	0.0141191777021	0.001331340834	0.97078160337
-зых	0.11797752809	0.790168539326	0.0665730337079	0.0252808988764
-еем	0.0	1.0	0.0	0.0
-асы	0.221328440174	0.665608026384	0.052587689973	0.060475843469
-зыс	0.575426944971	0.32495256167	0.00569259962052	0.0939278937381
-фта	0.593134692455	0.213567985131	0.0785270372307	0.114770285183
-ыхо	0.0425531914894	0.829787234043	0.0	0.127659574468
-рет	0.106779661017	0.883050847458	0.0	0.0101694915254
-рзт	0.142781301517	0.838441979379	0.00997513202381	0.00880158707983
-пын	0.0606060606061	0.939393939394	0.0	0.0
-тут	0.617037486524	0.115871613306	0.0345390098017	0.232551890368
-лӕу	0.426229508197	0.448087431694	0.114754098361	0.0109289617487
-лӕт	0.174678710854	0.748924286895	0.0259595930812	0.0504374091699
-лӕс	0.0869253303043	0.885992706403	0.00681532851079	0.0202666347821
-йты	0.0680230013432	0.80142475512	0.0808971127579	0.0496551307787
-рзы	0.712129619354	0.15414493397	0.114637665076	0.0190877816003
-йын	0.119283639759	0.0495422090795	0.00813501885004	0.823039132312
-иди	0.509202453988	0.0736196319018	0.0	0.41717791411
-йыл	0.11643222992	0.340729789903	0.0254826766739	0.517355303503
-хос	0.359565447801	0.483704292528	0.0875728669846	0.0691573926868
-ъын	0.810580110533	0.0242482652033	0.0162401755896	0.148931448674
-емы	0.0531400966184	0.864734299517	0.0	0.0821256038647
-иты	0.148528940909	0.73976306521	0.0743534099399	0.0373545839411
-мад	0.130513458494	0.780705722687	0.0180954535173	0.070685365302
-маг	0.0545415524731	0.691279025307	0.0620900441316	0.192089378088
-ссы	0.489483345755	0.266955734739	0.0846885176484	0.158872401858
-рнӕ	0.0	1.0	0.0	0.0
-ман	0.0925925925926	0.581708901884	0.0454840805718	0.280214424951
-игӕ	0.174205378973	0.246638141809	0.508863080685	0.070293398533
-мал	0.3583884546	0.171377029465	0.0643415514131	0.405892964522
-май	0.390170082574	0.477580024344	0.0967200710596	0.0355298220219
-быр	0.241325979355	0.159234999475	0.461093881774	0.138345139396
-лей	0.0425531914894	0.957446808511	0.0	0.0
-нут	0.594582883539	0.0841826293938	0.0190798712244	0.302154615843
-пыл	0.0258620689655	0.801724137931	0.172413793103	0.0
-ӕтӕ	0.053375127156	0.479683697804	0.347465188058	0.119475986983
-фӕн	0.229331277703	0.592985160917	0.13143187512	0.0462516862594
-икс	0.00301659125189	0.933634992459	0.0271493212669	0.0361990950226
-иги	0.0	1.0	0.0	0.0
-йат	0.559375	0.421875	0.01875	0.0
-йау	0.16922400958	0.459754859331	0.0524611959258	0.318559935163
-ачи	0.200414256125	0.267338047282	0.0218555817442	0.510392114849
-йас	0.227795856814	0.347051353282	0.133462973252	0.291689816652
-ӕтт	0.416739757373	0.45786951917	0.0193618028868	0.106028920571
-йаф	0.531914893617	0.446808510638	0.0	0.0212765957447
-ӕми	0.130434782609	0.860869565217	0.0	0.0086956521739
-лӕм	0.560743912229	0.29626036928	0.0379649451432	0.105030773348
-мой	0.142039225241	0.584114995736	0.061396028749	0.212449750274
-ӕма	0.0363574583758	0.0357628270472	0.00662589194699	0.92125382263
-лфи	0.0	1.0	0.0	0.0
-сей	0.0423861852433	0.934911242604	0.00543412631325	0.0172684458399
-фтӕ	0.0862803381092	0.0761363791352	0.0361701752831	0.801413107473
-икы	0.0	1.0	0.0	0.0
-вой	0.686988847584	0.246096654275	0.0223048327138	0.0446096654275
-нцы	0.302325581395	0.550387596899	0.124031007752	0.0232558139535
-рфы	0.047619047619	0.952380952381	0.0	0.0
-икӕ	0.0	1.0	0.0	0.0
-тӕм	0.287330084098	0.398468203517	0.0487738054382	0.265427906946
-фмӕ	0.0646853146853	0.93006993007	0.0	0.00524475524475
-рут	0.64283434588	0.205090535355	0.0545443693283	0.0975307494367
-ӕмы	0.033365716004	0.609618231444	0.0242870029838	0.332729049569
-лӕн	0.143872129974	0.753319243815	0.0347262789908	0.0680823472199
-тат	0.649969958703	0.188495167183	0.044025688688	0.117509185427
-она	0.550545033798	0.278089032337	0.0690579136472	0.102308020218
-оры	0.0617874218463	0.929385803604	0.00220669363736	0.00662008091208
-дӕн	0.536713750984	0.28898726216	0.0477118734621	0.126587113394
-тӕг	0.187471873902	0.499880740462	0.0485312333816	0.264116152253
-бӕх	0.728206336914	0.136166200882	0.0441765716017	0.0914508906024
-ыхт	0.248762376238	0.480198019802	0.263613861386	0.00742574257426
-ӕуы	0.578597686798	0.156214603054	0.048402995736	0.216784714411
-йай	0.694192377496	0.0471869328494	0.0816696914701	0.176950998185
-игъ	0.86560784079	0.0407957247887	0.0127342087648	0.0808622256567
-ыхс	0.311764705882	0.511764705882	0.0705882352941	0.105882352941
-рак	0.0560747663551	0.579439252336	0.0841121495327	0.280373831776
-ссӕ	0.0291891891892	0.896216216216	0.0745945945946	0.0
-йаг	0.172160661093	0.514856533269	0.13767538701	0.175307418629
-одӕ	0.13436123348	0.383259911894	0.0264317180617	0.455947136564
-ӕлд	0.271668136796	0.227946375065	0.361811760587	0.138573727552
-итӕ	0.164941171277	0.561554932562	0.152093772764	0.121410123397
-оды	0.0349964530622	0.920075668007	0.0378340033105	0.00709387562071
-йад	0.0798479087453	0.897338403042	0.0	0.0228136882129
-емӕ	0.0433282846992	0.0617871984704	0.0117202871327	0.883164229698
-аон	0.129310344828	0.870689655172	0.0	0.0
-нды	0.612134558001	0.153530835779	0.0616229630304	0.17271164319
-ъус	0.173991783835	0.483736284711	0.275522511198	0.0667494202562
-йтӕ	0.016557960536	0.889655728642	0.0624399427844	0.0313463680375
-анг	0.162118199892	0.0816916681728	0.0265678655341	0.729622266402
-нтӕ	0.14630689408	0.710424292954	0.102818403704	0.0404504092613
-ойа	0.725490196078	0.274509803922	0.0	0.0
-ыдз	0.0	1.0	0.0	0.0
-дры	0.851063829787	0.106382978723	0.0425531914894	0.0
-охы	0.184532293151	0.762958517741	0.0322556447378	0.0202535443702
-аны	0.0584244379528	0.830826685464	0.0250099972211	0.0857388793623
-гты	0.170384983769	0.710628968547	0.0448181765493	0.0741678711351
-тӕу	0.092959671907	0.866028708134	0.0164046479836	0.0246069719754
-тӕр	0.135146893089	0.621480581837	0.168987675118	0.0743848499561
-гтӕ	0.146730261159	0.743742513991	0.0487346618768	0.0607925629732
-ыди	0.74252184912	0.0590759719319	0.0147043292352	0.183697849713
-хим	0.0	1.0	0.0	0.0
-ант	0.0075065011662	0.864882979009	0.0300260046647	0.0975845151604
-ипп	0.0626301324227	0.573498792371	0.305072041309	0.0587990338969
-раг	0.146240962637	0.778401334749	0.045148895293	0.0302088073209
-фан	0.0512995896033	0.907660738714	0.016415868673	0.0246238030096
-фам	0.0	1.0	0.0	0.0
-фты	0.492514266532	0.365558912387	0.0606243705941	0.0813024504867
-ука	0.0183486238532	0.981651376147	0.0	0.0
-ива	0.661417322835	0.181102362205	0.0472440944882	0.110236220472
-ргъ	0.175690926847	0.341595702504	0.342160629171	0.140552741478
-фаг	0.200362999935	0.271990665716	0.180527646334	0.347118688015
-хил	0.134637899314	0.795116240174	0.0702458605118	0.0
-ысы	0.183901097331	0.615249850747	0.0835818381688	0.117267213753
-сау	0.138760086467	0.488432534117	0.294549594891	0.078257784525
-сар	0.136087947994	0.57086552534	0.0897723018277	0.203274224839
-мац	0.0133037694013	0.957871396896	0.0177383592018	0.0110864745011
-саф	0.798507462687	0.201492537313	0.0	0.0
-цы-	0.271428571429	0.1	0.157142857143	0.471428571429
-ыст	0.538391157051	0.332587353792	0.0254580973812	0.103563391775
-ысс	0.89303243618	0.0469447029651	0.0	0.0600228608549
-ррӕ	0.169287696577	0.782608695652	0.0277520814061	0.0203515263645
-ийӕ	0.0796325473335	0.813069137715	0.0286271263386	0.0786711886133
-рӕд	0.567549685103	0.248731835224	0.0905972014605	0.093121278212
-низ	0.348116646416	0.422843256379	0.0601458080195	0.168894289186
-ист	0.484396630232	0.405287168745	0.0287545507586	0.0815616502649
-риа	0.00074156470152	0.819181806946	0.0	0.180076628352
-адт	0.676736539252	0.0891903000411	0.0098643649815	0.224208795725
-рӕг	0.257078686196	0.624663582439	0.0628376173382	0.0554201140269
-рӕм	0.54245985457	0.178151316607	0.114653012553	0.16473581627
-рӕн	0.167023800239	0.725413623314	0.0684287830828	0.0391337933641
-рий	0.107142857143	0.892857142857	0.0	0.0
-исы	0.645016493382	0.151666040336	0.111038039167	0.0922794271159
-ник	0.0	0.960784313725	0.0392156862745	0.0
-рӕй	0.209719480763	0.417252070284	0.159198903811	0.213829545143
-рин	0.0529560696546	0.598577530392	0.334744206722	0.0137221932317
-сты	0.557313471721	0.129630650055	0.0331097127686	0.279946165456
-риу	0.444606413994	0.51166180758	0.0218658892128	0.0218658892128
-дыг	0.160784351346	0.128349274264	0.648125941346	0.0627404330433
-рис	0.400843881857	0.0928270042194	0.0	0.506329113924
-сыф	0.0688073394496	0.20871559633	0.72247706422	0.0
-ста	0.761966514931	0.108362201916	0.0300158718391	0.0996554113135
-жер	0.168021680217	0.815718157182	0.0162601626016	0.0
-рӕт	0.0122075279756	0.89013224822	0.0	0.0976602238046
-ада	0.931428571429	0.0685714285714	0.0	0.0
-дыл	0.474501328421	0.216460631079	0.0389401658139	0.270097874686
-ыгы	0.193548387097	0.78064516129	0.0258064516129	0.0
-сти	0.080203441608	0.849973188606	0.0135031929933	0.0563201767927
-алм	0.0203125881622	0.90774699543	0.00338543136037	0.0685549850477
-ины	0.0908699581484	0.568675331466	0.0907989659937	0.249655744392
-саг	0.181045909146	0.587661163996	0.160561513435	0.0707314134233
-акы	0.0184989429175	0.979651162791	0.00184989429176	0.0
-сад	0.401307596513	0.447384806974	0.147571606476	0.00373599003736
-ыса	0.379881909369	0.309240947571	0.17642455716	0.1344525859
-вӕг	0.151573048019	0.725194242772	0.101260985862	0.0219717233474
-сан	0.37364194615	0.507794048181	0.0472366556448	0.0713273500236
ALL	0.241095304105	0.302201343358	0.0568878016385	0.399815550898
-фау	0.0782571912014	0.299280879865	0.497461928934	0.125
-фат	0.367257538712	0.587306438468	0.0362673186634	0.00916870415648
-фас	0.428571428572	0.459183673469	0.0918367346939	0.0204081632653
-еты	0.13503649635	0.850364963504	0.0	0.014598540146
-анн	0.0225478154062	0.922793472539	0.00394806106334	0.0507106509914
-вас	0.909721018888	0.0417605267718	0.00485184543406	0.0436666089066
-тӕй	0.159870283596	0.450544101031	0.0965366567664	0.293048958606
-ани	0.00906618313691	0.961468721668	0.0237987307344	0.00566636446058
-охи	0.18125	0.81875	0.0	0.0
-тӕн	0.268850650007	0.544615849763	0.110851810984	0.0756816892458
-анд	0.0187265917603	0.0536828963795	0.0	0.92759051186
-ойы	0.033230805425	0.668552395973	0.00810348057561	0.290113318027
-фын	0.571923220163	0.291588239439	0.0893818760128	0.0471066643851
-ууӕ	0.020902824105	0.0220702690683	0.00983989326217	0.947187013565
-тӕд	0.579054259351	0.240800857147	0.0467753026402	0.133369580861
-ыды	0.193287063121	0.690611275667	0.0216003090627	0.0945013521493
-пӕг	0.167832167832	0.737062937063	0.0951048951049	0.0
-ауд	0.621882037686	0.206932922831	0.00484620428176	0.166338835201
-ъал	0.479254932437	0.235052270049	0.187069116799	0.0986236807139
-ауа	0.667854335294	0.231515314738	0.0295522040412	0.0710781459268
-аум	0.280757097792	0.643533123028	0.0	0.0757097791798
-хгӕ	0.845588235294	0.125	0.0294117647059	0.0
-мӕй	0.131220414649	0.156592219663	0.0331348325976	0.679052533091
-куы	0.201387468218	0.0102340524134	0.00111421223369	0.787264267135
-мӕм	0.142599210363	0.0214265914488	0.00543156601413	0.830542632174
-мӕн	0.106963550639	0.125166356728	0.00990788781225	0.757962204821
-уфы	0.0363636363636	0.963636363636	0.0	0.0
-кур	0.583333333333	0.416666666667	0.0	0.0
-ууа	0.425461814477	0.281861876495	0.196741826881	0.0959344821476
-мӕг	0.123003992016	0.707751164338	0.137641383899	0.0316034597472
-уыт	0.0348750311384	0.920285643112	0.0348750311384	0.00996429461098
-стӕ	0.211048786429	0.32024031471	0.0252271706352	0.443483728225
-адӕ	0.369230769231	0.461538461538	0.138461538462	0.0307692307692
-йды	0.482879513848	0.172957812317	0.0952436601612	0.248919013673
-ъӕх	0.00743204983014	0.118806625142	0.873761325028	0.0
-уда	0.512218182637	0.370777663969	0.0572020305483	0.0598021228459
-мыс	0.0983415769566	0.801377170013	0.0730288041897	0.027252448841
-вдз	0.392868412748	0.295361312717	0.121173871884	0.190596402651
-рры	0.0	0.932835820896	0.0671641791045	0.0
-жын	0.246088442356	0.34737684495	0.278600895714	0.12793381698
-тӕф	0.0969932104752	0.668283220175	0.211445198836	0.0232783705141
-зна	0.0359771054783	0.827473426002	0.097301717089	0.0392477514309
-зен	0.0871670702179	0.912832929782	0.0	0.0
-ццӕ	0.643804889176	0.12625936205	0.0240276774512	0.205908071323
-гӕс	0.348558792131	0.341619643129	0.253393320116	0.0564282446241
-зӕф	0.407980627501	0.293272267846	0.0697515266372	0.228995578016
-жыз	0.0231006160164	0.93839835729	0.00308008213553	0.0354209445585
-вда	0.15406162465	0.631143366437	0.197988286224	0.0168067226891
-йӕм	0.157399477185	0.0694294459795	0.0211881763273	0.751982900509
-уац	0.213879292827	0.729560387455	0.019305019305	0.0372553004132
-тмӕ	0.18025557813	0.676528413412	0.0574127058446	0.0858033026133
-лнӕ	0.158496962848	0.0505721147055	0.0156801808165	0.77525074163
-жыс	0.442937853107	0.557062146893	0.0	0.0
-жыт	0.213461538462	0.711538461538	0.075	0.0
-мыл	0.156836276282	0.359119510549	0.0163658400284	0.467678373141
-исп	0.0	1.0	0.0	0.0
-лтӕ	0.0595414409132	0.85822336845	0.0379019885052	0.0443332021319
-вгӕ	0.411723263351	0.147245314922	0.0704523037903	0.370579117937
-мын	0.0499835980962	0.0254896781942	0.00234003253106	0.922186691179
-мыг	0.0928162535986	0.740875178321	0.132261627732	0.0340469403485
-зог	0.398671096346	0.21926910299	0.119601328904	0.262458471761
-мыд	0.02	0.98	0.0	0.0
-тгӕ	0.290394800323	0.657131395922	0.0471071647341	0.00536663902035
-ӕба	0.173913043478	0.590579710145	0.0434782608695	0.192028985507
-ууы	0.533872963498	0.202232419055	0.038796659105	0.225097958342
-ргӕ	0.561120662433	0.163152170099	0.142889723168	0.1328374443
-кум	0.0	0.826883910387	0.0	0.173116089613
-ойӕ	0.419864088317	0.371450001543	0.113315119997	0.0953707901439
-мӕр	0.0327825277987	0.817702565011	0.0113409825898	0.1381739246
-кув	0.17578125	0.7109375	0.03125	0.08203125
-уут	0.5038294349	0.24404885117	0.0960463672118	0.156075346719
-цмӕ	0.141388174807	0.251928020566	0.452442159383	0.154241645244
-ъид	0.548078798518	0.0891359469475	0.0175541252194	0.345231129315
-мӕц	0.00980392156863	0.889215686274	0.0661764705882	0.0348039215687
-ауц	0.0803212851406	0.4859437751	0.401606425703	0.0321285140562
-уӕн	0.0847996684466	0.689689199479	0.0315117951287	0.193999336946
-уӕм	0.23390825393	0.0529221779976	0.0205175625511	0.692652005521
-аут	0.620710926054	0.279435577145	0.0696275734444	0.0302259233557
-уӕй	0.148416902118	0.596742352099	0.0263911034857	0.228449642298
-ъӕл	0.667191918061	0.139638216438	0.0333707941561	0.159799071345
-уӕз	0.12	0.76	0.024	0.096
-ухы	0.232228687073	0.598785732355	0.0166961801164	0.152289400455
-уӕд	0.141821124787	0.0230101955233	0.00206093361372	0.833107746076
-уӕг	0.347983987955	0.459805524207	0.0309665891712	0.161243898667
-ауы	0.0321710735245	0.72067131931	0.00907658828195	0.238081018883
-зыр	0.107354956601	0.786660575605	0.00959342165372	0.0963910461398
-гар	0.111039588027	0.207917605407	0.365304151915	0.315738654651
-гас	0.432398291361	0.255188330485	0.166867724139	0.145545654015
-джы	0.11197867069	0.550442551549	0.0883361757667	0.249242601994
-гау	0.202665556708	0.59306616422	0.133722220894	0.0705460581785
-онт	0.37012987013	0.233766233766	0.165584415584	0.230519480519
-етр	0.00646693046919	0.87927642736	0.000271339739965	0.113985302431
-угӕ	0.570629742678	0.166544628827	0.0930284855516	0.169797142943
-оны	0.163251264261	0.585365296288	0.0203644303354	0.231019009116
-хцы	0.441844459738	0.519614590502	0.0302821748107	0.0082587749484
-ныл	0.349206545486	0.27544215543	0.0723277446014	0.303023554483
-нык	0.59465128474	0.317252228631	0.0	0.0880964866282
-арв	0.0538896132116	0.851803563668	0.003259452412	0.0910473707084
-тид	0.229931972789	0.247619047619	0.0653061224489	0.457142857143
-нын	0.325661998102	0.0429842972472	0.0100080813225	0.621345623329
-ныг	0.248463868455	0.645521419299	0.0911293812202	0.0148853310255
-ныв	0.0244233378562	0.826322930801	0.0976933514247	0.0515603799185
-айы	0.228628870679	0.635939404244	0.0622582292388	0.0731734958381
-тин	0.191489361702	0.372340425532	0.340425531915	0.095744680851
-мис	0.0	0.47027027027	0.518918918919	0.0108108108108
-хса	0.434210526316	0.401315789474	0.0723684210526	0.0921052631579
-зӕд	0.106461014507	0.751350820316	0.0200412614206	0.122146903756
-тты	0.229735497603	0.473128795351	0.0627172253625	0.234418481683
-иуы	0.148595943838	0.1251950078	0.0427067082683	0.683502340094
-йут	0.49201323937	0.239211120201	0.0926277495756	0.176147890853
-уыл	0.206661542807	0.272802369425	0.0347657224559	0.485770365312
-ӕнӕ	0.177671116465	0.0918848761216	0.00552221805403	0.72492178936
-нди	0.770548329222	0.0814364207221	0.019342901996	0.12867234806
-нӕр	0.0425029515939	0.924439197166	0.025974025974	0.00708382526564
-нӕу	0.385749963299	0.0775171494278	0.0125239291776	0.524208958096
-нӕт	0.497423701942	0.396749900912	0.0796670630203	0.026159334126
-згӕ	0.283787223212	0.525324510053	0.0949350979893	0.0959531687452
-гыл	0.296470351296	0.453143786937	0.0810260854788	0.169359776288
-лых	0.122448979592	0.551020408163	0.326530612245	0.0
-ндз	0.0990215369904	0.216456637526	0.00893064440863	0.675591181075
-пис	0.0387096774194	0.761290322581	0.2	0.0
-ӕхс	0.675467546755	0.269526952695	0.0352035203521	0.019801980198
-аак	0.00896860986546	0.991031390135	0.0	0.0
-лыл	0.175411159318	0.633891635556	0.0166481687015	0.174049036424
-ийы	0.013724030786	0.933381978211	0.0113562495125	0.0415377414909
-лын	0.62906850589	0.201668733209	0.0687771233726	0.100485637528
-нӕг	0.216913694841	0.496266157044	0.154164864333	0.132655283782
-аам	0.0278354080221	0.929201244813	0.00766482249885	0.0352985246658
-нӕн	0.318407855862	0.217556104985	0.0565854809406	0.407450558212
-нӕм	0.431532851314	0.0556684466707	0.03481246948	0.477986232535
-ндр	0.0	1.0	0.0	0.0
-нты	0.106844259605	0.678164019196	0.161472583383	0.0535191378158
-нӕй	0.2476160167	0.347960676273	0.0588132359259	0.345610071101
-ӕтк	0.371134020619	0.536082474227	0.0618556701031	0.0309278350515
-лыз	0.307553956835	0.290467625899	0.380395683453	0.021582733813
-тта	0.637024769745	0.115226170559	0.0644147555211	0.183334304175
-мты	0.105700904061	0.82875960764	0.0271027959131	0.0384366923859
-мгӕ	0.138721765737	0.809296249184	0.0148519957369	0.0371299893423
-бкӕ	0.023103581055	0.946091644205	0.03080477474	0.0
-йны	0.527875647668	0.198238341969	0.259585492228	0.0143005181347
-вст	0.354243542435	0.557195571956	0.0885608856089	0.0
-ахс	0.271922311791	0.198491163374	0.03218256574	0.497403959096
-айа	0.60239948775	0.241566407172	0.0936878643885	0.0623462406902
-тир	0.0102511899983	0.985017491541	0.00473131846075	0.0
-мин	0.0155254390788	0.0223178186758	0.00388135976971	0.958275382476
-тит	0.0158102766798	0.98418972332	0.0	0.0
-айд	0.55404589372	0.320652173913	0.0709541062802	0.0543478260869
-ахт	0.715	0.24	0.045	0.0
-ныс	0.716096493569	0.0660724769173	0.0140097134013	0.203821316112
-ныр	0.10421269557	0.0567401955992	0.0116139476864	0.827433161144
-ных	0.289548022599	0.265536723164	0.411016949153	0.0338983050847
-зур	0.444560669456	0.333682008368	0.0993723849373	0.122384937238
-пуд	0.153110047847	0.33971291866	0.425837320574	0.0813397129187
-онд	0.270747088572	0.356408545954	0.135676800685	0.237167564789
-гаг	0.210334504861	0.630045337664	0.109881086001	0.049739071474
-йӕн	0.108874640408	0.535544122021	0.0498455365054	0.305735701065
-онг	0.142925932479	0.285887248756	0.266790766367	0.304396052399
-нны	0.0220375722543	0.903901734104	0.0263728323699	0.0476878612717
-хох	0.105954465849	0.853765323993	0.0105078809107	0.0297723292469
-гай	0.151153995582	0.56407739475	0.160810508989	0.123958100679
-йӕг	0.377000592768	0.459395376408	0.067575577949	0.0960284528749
-зут	0.48207018707	0.307717522513	0.0621739235148	0.148038366902
-йӕд	0.586386074305	0.223001645449	0.062353858145	0.128258422101
-они	0.0361010830325	0.960288808664	0.00361010830325	0.0
-хуы	0.170520231214	0.829479768786	0.0	0.0
-айӕ	0.0775371627821	0.806111213067	0.0365204624702	0.079831161681
-лӕх	0.0584422744704	0.767333586542	0.0551342211985	0.119089917789
-хор	0.327661141805	0.617090239411	0.00810313075509	0.0471454880294
-ъар	0.0197581112361	0.92584610104	0.0221973842282	0.0321984034958
-онӕ	0.0156698876991	0.952990336903	0.0313397753983	0.0
-диа	0.0336134453781	0.966386554622	0.0	0.0
-дин	0.129032258064	0.806451612903	0.0322580645161	0.0322580645161
-дим	0.0	1.0	0.0	0.0
-дий	0.0	1.0	0.0	0.0
-урс	0.0643584521385	0.103869653768	0.817107942973	0.0146639511202
-ивы	0.437947494033	0.310262529833	0.215990453461	0.0357995226731
-сдӕ	0.896551724138	0.103448275862	0.0	0.0
-урх	0.501783133393	0.498216866607	0.0	0.0
-ацы	0.0356889756754	0.10762745388	0.00930012719071	0.847383443254
-осы	0.0649738610904	0.913741598208	0.0123226288275	0.00896191187453
-уры	0.629439441136	0.248439271703	0.00508295645601	0.117038330705
-ъон	0.598598707124	0.137202021982	0.067828538129	0.196370732765
-ацу	0.737819942682	0.186382053563	0.00919063148532	0.0666073722699
-ӕуд	0.310204081633	0.349659863946	0.168707482993	0.171428571429
-енд	0.215743440233	0.283770651118	0.430515063168	0.069970845481
-орз	0.0444042232277	0.0893112116642	0.703026646556	0.163257918552
-ена	0.729101194218	0.116279069767	0.0527969830295	0.101822752986
-ттӕ	0.152051994223	0.563535811301	0.0897959510873	0.194616243389
-ынц	0.558280004094	0.236304378446	0.0521816680759	0.153233949384
-ӕцы	0.242061924269	0.343281487181	0.0689578091535	0.345698779397
-иуд	0.0	1.0	0.0	0.0
-енк	0.92025862069	0.073275862069	0.0	0.00646551724138
-ецы	0.0601662553259	0.790277624292	0.0257855379968	0.123770582385
-йнӕ	0.128404669261	0.239299610895	0.0817120622568	0.550583657588
-циу	0.0778546712803	0.0648788927336	0.70847750865	0.148788927336
-ент	0.0743801652893	0.925619834711	0.0	0.0
-мтӕ	0.201379607518	0.513378319046	0.0712481948856	0.213993878551
-ены	0.102649006622	0.897350993378	0.0	0.0
-ура	0.68924979614	0.234761484099	0.0214052731721	0.0545834465887
-ӕнд	0.383563766784	0.380098962773	0.130511307659	0.105825962784
-ӕна	0.26535172692	0.18334598379	0.0440766670736	0.507225622217
-ӕнг	0.185716006263	0.459592918222	0.150788871492	0.203902204023
-ӕуу	0.751357407567	0.0842023614582	0.0868740842886	0.0775661466862
-ӕут	0.592801821496	0.326353955254	0.0131030672522	0.0677411559968
-ӕус	0.054298642534	0.366515837104	0.298642533937	0.280542986425
-ӕни	0.455274762339	0.103079129666	0.0279447188858	0.413701389109
-идӕ	0.00902255639098	0.990977443609	0.0	0.0
-уты	0.13106650689	0.456111443978	0.108747753146	0.304074295986
-дих	0.407641196013	0.462126245847	0.0823920265781	0.0478405315615
-абу	0.294264339152	0.645885286783	0.0149625935162	0.0448877805486
-ифы	0.00255319148936	0.987234042553	0.00765957446808	0.00255319148936
-дит	0.326530612245	0.285714285714	0.0612244897959	0.326530612245
-дис	0.662004970278	0.113964504254	0.0343733504759	0.189657174991
-инӕ	0.0303336703741	0.89888776542	0.0303336703742	0.0404448938322
-ннӕ	0.0421876707046	0.199918948875	0.434230467192	0.323662913228
-ыцы	0.0432435377312	0.00511238746174	0.00381160248628	0.947832472321
-вут	0.361248909167	0.557399804382	0.0358437633609	0.0455075230905
-ару	0.23731884058	0.496376811594	0.157608695652	0.108695652174
-рсы	0.372159235345	0.572677817886	0.0399105190909	0.0152524276781
-быс	0.410334346504	0.553191489362	0.0364741641337	0.0
-лар	0.0246120920278	0.793472445158	0.118512573569	0.0634028892456
-там	0.579600137198	0.169770193559	0.0444472407194	0.206182428524
-рмӕ	0.107816140181	0.729767037206	0.0274268316655	0.134989990947
-хиз	0.13534663249	0.235781001647	0.574581032525	0.0542913333378
-кон	0.379720062208	0.339844479005	0.259533437014	0.020902021773
-хты	0.0491367648868	0.823610242262	0.0596698907656	0.0675831020858
-иот	0.0	1.0	0.0	0.0
-ымы	0.199791470135	0.675090611191	0.059579961273	0.0655379574003
-нит	0.04	0.92	0.04	0.0
-фил	0.0116279069767	0.976744186047	0.0116279069767	0.0
-фсы	0.6875	0.2421875	0.0234375	0.046875
-имы	0.00846391667744	0.975313576357	0.000352663194893	0.0158698437702
-ымс	0.19387755102	0.265306122449	0.0816326530612	0.459183673469
-ува	0.9375	0.0625	0.0	0.0
-наг	0.234790856459	0.528761648583	0.185049672584	0.0513978223747
-цау	0.0494678402699	0.851413500889	0.0122289457174	0.0868897131238
-чъы	0.271565495208	0.728434504792	0.0	0.0
-кау	0.0161290322581	0.822580645161	0.0	0.161290322581
-кат	0.463939352109	0.0849863404205	0.100515885882	0.350558421588
-лот	0.045551982851	0.954448017149	0.0	0.0
-зӕн	0.414478297476	0.11908872854	0.0275049693065	0.438928004677
-вӕр	0.218006699223	0.309190566953	0.0141202476682	0.458682486156
-лос	0.0075187969925	0.984962406015	0.0	0.0075187969925
-лиу	0.559178383565	0.290710737419	0.0835542136952	0.0665566653209
-хид	0.0	1.0	0.0	0.0
-ком	0.143381228982	0.287190461632	0.150412717823	0.419015591562
-атӕ	0.240138532461	0.635806272962	0.104398561634	0.0196566329436
-нал	0.103907547705	0.0212663236506	0.0569048873043	0.81792124134
-ниу	0.109472345836	0.146649713922	0.0160203432931	0.727857596948
-най	0.450225781874	0.286194785647	0.0539646553807	0.209614777098
-наз	0.674904942966	0.163498098859	0.0570342205323	0.104562737643
-улы	0.0544648511716	0.927169094364	0.0139328689044	0.00443318556048
-ылд	0.571973010121	0.267774584531	0.122766462576	0.0374859427715
-ӕви	0.239774896995	0.0931313435835	0.0121595819516	0.65493417747
-нох	0.0	0.825242718447	0.116504854369	0.0582524271845
--ма	0.653791591214	0.216756403699	0.040550137543	0.088901867544
-йда	0.28863503222	0.39273579379	0.228236672525	0.0903925014645
-ехы	0.0	1.0	0.0	0.0
--ме	0.252447192169	0.340546110252	0.350334878928	0.0566718186502
-ӕва	0.694050991501	0.279508970727	0.00661000944287	0.0198300283286
-выс	0.544264773948	0.388004498627	0.0193516364071	0.0483790910176
-рвы	0.0621742708238	0.868062540002	0.0451677790985	0.0245954100759
-сис	0.642640274558	0.240172381258	0.0378023690916	0.0793849750924
-ӕйӕ	0.333769597289	0.405769506773	0.0637916125897	0.196669283349
-сыг	0.151556711249	0.459823208219	0.370187507543	0.0184325729897
-сиф	0.0597494378414	0.906521040797	0.00385480244138	0.0298747189206
-гер	0.0408163265306	0.918367346939	0.0	0.0408163265306
-нод	0.121728438433	0.35078166169	0.108203056385	0.419286843492
-умӕ	0.143897828167	0.628001769589	0.0290812264906	0.199019175754
-ген	0.0	1.0	0.0	0.0
-ӕвы	0.0952814443938	0.838264299803	0.00910332271279	0.0573509330905
-гел	0.0115384615385	0.896153846154	0.0	0.0923076923077
-вын	0.54029716344	0.322765452033	0.0228228974212	0.114114487106
-ар-	0.0905660377358	0.830188679245	0.0566037735849	0.022641509434
-син	0.128082736675	0.838504375497	0.011137629276	0.0222752585521
-ном	0.386094410381	0.583427584975	0.00107149235074	0.0294065122924
-нон	0.358686600879	0.17368416015	0.016482096538	0.451147142433
-сиа	0.1875	0.7421875	0.0234375	0.046875
-пры	0.628820960699	0.296943231441	0.0742358078602	0.0
-выд	0.491500989037	0.190833808295	0.200824756094	0.116840446575
-ной	0.371116816567	0.192329451774	0.0329649837914	0.403588747868
-сид	0.132047287781	0.05774401434	0.745678801588	0.0645298962913
-дав	0.278415015641	0.471324296142	0.0	0.250260688217
-ула	0.916814159292	0.0831858407079	0.0	0.0
-ылы	0.0486223662885	0.862236628849	0.0729335494328	0.0162074554295
-зӕг	0.479308345632	0.353855759448	0.0920574041596	0.0747784907605
-сиу	0.872524752475	0.0903465346535	0.0	0.0371287128713
-ъин	0.0612244897959	0.816326530612	0.0	0.122448979592
-амӕ	0.221032460259	0.0668021799599	0.0217744270053	0.690390932776
-улк	0.0442577030813	0.813165266106	0.0719887955182	0.0705882352941
-нат	0.3763474763	0.387373640344	0.0570621224838	0.179216760872
-нау	0.268572104694	0.586508580039	0.0645303859713	0.080388929296
-нар	0.0	1.0	0.0	0.0
-нас	0.516438898792	0.344919786096	0.138641315112	0.0
-каг	0.0720461095101	0.0733635240839	0.707945656649	0.146644709757
-вӕй	0.0275386248378	0.594586625781	0.0042457837009	0.37362896568
-ъат	0.749364944962	0.121083827265	0.07366638442	0.0558848433531
-кад	0.375489310449	0.514302920807	0.0366355515407	0.0735722172037
-ирӕ	0.0422865220485	0.0498143459507	0.684354228894	0.223544903106
-зтӕ	0.165485265586	0.79120518187	0.03582395087	0.00748560167433
-офӕ	0.0	0.989672977625	0.0103270223752	0.0
-лог	0.0	1.0	0.0	0.0
-кал	0.241127348643	0.758872651357	0.0	0.0
-ап-	0.330827067669	0.593984962406	0.0751879699248	0.0
-кам	0.53238212401	0.241144210538	0.106234981662	0.12023868379
-вӕд	0.451177484204	0.223147616312	0.145318782309	0.180356117174
-хти	0.501492537313	0.294029850746	0.0731343283582	0.131343283582
-йой	0.692853708888	0.16546477758	0.0534487146857	0.0882327988462
-нчы	0.0	1.0	0.0	0.0
-увы	0.269477543538	0.659028414299	0.0109990834097	0.0604949587534
-има	0.245614035088	0.302631578947	0.0131578947368	0.438596491228
-хта	0.651934999061	0.265874506857	0.0282735299643	0.053916964118
-кой	0.359405960374	0.293520013512	0.0344531359255	0.312620890188
-вви	0.00294261893085	0.949975478176	0.0	0.0470819028936
-ыма	0.185893434716	0.096975543324	0.0151506553935	0.701980366566
-мӕт	0.34731797626	0.277401189868	0.159677559325	0.215603274547
-дмӕ	0.141984834606	0.537683305465	0.0429232783637	0.277408581566
-хӕн	0.114294977741	0.118125409568	0.0251263321135	0.742453280578
-хӕм	0.098748153765	0.0483893253491	0.106715866172	0.746146654714
-зта	0.765094722848	0.123047379888	0.0430222681783	0.0688356290853
-хӕй	0.118939626198	0.139078974303	0.0121368313116	0.729844568188
-суа	0.567385094781	0.215268761361	0.129057387692	0.0882887561672
-кӕм	0.0686769422477	0.0561876508946	0.00764650491005	0.867488901948
-хӕд	0.478446234012	0.251539554713	0.0	0.270014211274
-зти	0.496238716148	0.211885656971	0.0135406218656	0.278335005015
-ири	0.0	0.903225806452	0.0	0.0967741935484
-дом	0.00819672131149	0.991803278689	0.0	0.0
-есо	0.00175791276439	0.723278647507	0.00168241957819	0.27328102015
-зор	0.0	1.0	0.0	0.0
-кӕ-	0.451996601529	0.199660152931	0.271877655055	0.0764655904843
-ӕфт	0.823732273569	0.132776909862	0.0143168526593	0.0291739639095
-гог	0.491492146597	0.286321989529	0.0	0.222185863874
-имӕ	0.164076311294	0.651941231978	0.0557253339918	0.128257122737
-выл	0.18776077886	0.527816411683	0.167130273528	0.11729253593
-хаг	0.0	1.0	0.0	0.0
-ввӕ	0.0532915360501	0.896551724138	0.00626959247648	0.0438871473354
-ымӕ	0.118658482427	0.107398034605	0.0142808153997	0.759662667568
-гой	0.152645696172	0.592538405267	0.219865073559	0.034950825002
-хал	0.479233226837	0.38338658147	0.0287539936102	0.108626198083
-лат	0.0442193024115	0.811263257876	0.0806026067226	0.0639148329904
-гон	0.164848109304	0.253448714842	0.485074741327	0.0966284345273
-гӕн	0.210077118492	0.491005902467	0.0627427403183	0.236174238722
-ӕйы	0.0570229855332	0.596697615477	0.190525796444	0.155753602546
-сӕв	0.0962422681185	0.770402432266	0.0111129416346	0.12224235798
-ума	0.372093023256	0.581395348837	0.0	0.046511627907
-сӕд	0.722019019481	0.188388021331	0.0331467572266	0.0564462019614
-сӕз	0.00384985563042	0.0789220404235	0.00384985563041	0.913378248316
-лай	0.346274921301	0.451206715635	0.0157397691501	0.186778593914
-сӕй	0.232813168742	0.455250934354	0.131558024954	0.180377871951
-ног	0.062035873721	0.043071633388	0.858121229032	0.0367712638588
-сӕн	0.148377500443	0.51295514422	0.039022583298	0.299644772039
-бон	0.0716387976273	0.516034601849	0.140405523826	0.271921076698
-атр	0.0	1.0	0.0	0.0
-ату	0.767857142857	0.232142857143	0.0	0.0
-вит	0.687934895625	0.287570982964	0.00979764856436	0.0146964728465
-ммӕ	0.198755886179	0.579661151523	0.0417147638505	0.179868198448
-дув	0.581593927894	0.315939278937	0.102466793169	0.0
-дуг	0.263458246148	0.25965379494	0.376070001902	0.10081795701
-ззы	0.330309459361	0.195350793767	0.172836345014	0.301503401858
-хтӕ	0.126848616082	0.811628645624	0.0421012180068	0.0194215202868
-ава	0.0	1.0	0.0	0.0
-дуд	0.0882352941177	0.205882352941	0.676470588235	0.0294117647059
-фгӕ	0.615168539326	0.199438202247	0.0926966292135	0.0926966292134
-кус	0.725409836066	0.188524590164	0.061475409836	0.0245901639344
-ата	0.0169491525424	0.983050847458	0.0	0.0
-ейы	0.0239521385583	0.93547914986	0.0111193608955	0.0294493506864
-бис	0.5	0.225	0.0	0.275
-гӕр	0.242551743341	0.155400179439	0.173792655385	0.428255421836
-пор	0.0	0.0403587443946	0.0	0.959641255605
-дут	0.624758203269	0.219248071371	0.062497486122	0.0934962392386
-дур	0.181868118149	0.650404068146	0.048704568342	0.119023245362
-кыл	0.193261501625	0.728065674705	0.0376261330597	0.0410466906106
-лиц	0.132530120482	0.849397590361	0.0180722891566	0.0
-уым	0.0764573805719	0.0817090473304	0.00650862306463	0.835324949033
-сӕр	0.0892262346936	0.655807433323	0.134312621313	0.120653710671
-уил	0.075	0.775	0.0	0.15
-сӕф	0.380281690141	0.19014084507	0.0	0.429577464789
-ссу	0.96	0.02	0.0	0.02
-ӕдӕ	0.0882039569815	0.0400621063781	0.0086784279368	0.863055508704
-умы	0.0155279503106	0.931677018634	0.0124223602484	0.0403726708075
-реф	0.136363636364	0.727272727273	0.0454545454545	0.0909090909091
-ӕфа	0.829077453796	0.0749484476479	0.057815722022	0.0381583765345
-гӕм	0.113421550094	0.156899810964	0.245746691872	0.48393194707
-гӕл	0.584615384615	0.0923076923077	0.246153846154	0.0769230769231
-хау	0.331800262812	0.399227989488	0.0422963206307	0.22667542707
-хар	0.0729954331063	0.802226048763	0.0341893139677	0.0905892041626
-хас	0.322231785112	0.552563123132	0.0156401602697	0.109564931486
-род	0.0250014881838	0.916870051789	0.0437526043217	0.0143758557057
-ӕрс	0.168940995579	0.352488948683	0.476263694023	0.0023063617144
-гӕг	0.242468873161	0.211498861296	0.377067735821	0.168964529722
-азт	0.41975308642	0.432098765432	0.0	0.148148148148
-жид	0.438478747204	0.41163310962	0.082774049217	0.0671140939598
-зон	0.230293722952	0.274375663183	0.279869107135	0.21546150673
-сут	0.547439061063	0.239974158236	0.127148384386	0.0854383963142
-цух	0.617063059132	0.181322277984	0.0274929085751	0.174121754309
-зой	0.531345223891	0.347453098314	0.0418052650291	0.0793964127654
-иры	0.0217522926843	0.962710355398	0.0	0.0155373519173
-азы	0.184287750932	0.538448320764	0.0303924437726	0.246871484531
-ӕла	0.703964044004	0.208236431576	0.0418092973425	0.0459902270767
-хӕц	0.633466135458	0.258964143426	0.0597609561753	0.0478087649402
-хӕс	0.353607199884	0.502104804761	0.0284511540136	0.115836841341
-ыты	0.208705468343	0.615729583551	0.0934040118004	0.0821609363059
-хӕт	0.477076124567	0.504757785467	0.0181660899654	0.0
-тай	0.694024642232	0.173356279731	0.0436242876455	0.0889947903921
-онц	0.237588652482	0.666666666667	0.0574468085106	0.0382978723404
-тан	0.130909090909	0.694545454545	0.174545454545	0.0
-ӕзт	0.566037735849	0.230607966457	0.085429769392	0.117924528302
-нух	0.0157894736842	0.925	0.0513157894737	0.0078947368421
-уид	0.464532776879	0.200128827955	0.0437397906739	0.291598604492
-таг	0.0896936074129	0.452764606518	0.313405684631	0.144136101438
-фир	0.0	0.954773869347	0.0452261306533	0.0
-ӕзы	0.334582511506	0.536554898093	0.0708744247206	0.0579881656805
-тад	0.654509447974	0.125670434854	0.0173281623896	0.202491954782
-цты	0.295081967213	0.593144560358	0.0938897168405	0.0178837555887
-зад	0.493941272615	0.203855041425	0.0901764075974	0.212027278363
-арг	0.0311332503114	0.925280199253	0.0435865504358	0.0
-фар	0.0	1.0	0.0	0.0
-аха	0.641192917055	0.174277726002	0.00559179869525	0.178937558248
-той	0.671606324429	0.0864003662868	0.0192014034081	0.222791905876
-заг	0.378749328267	0.318428665551	0.254261793129	0.0485602130533
-ахх	0.427938254623	0.424423047532	0.147638697845	0.0
-зай	0.38234379857	0.338824992229	0.0808206403482	0.198010568853
-рид	0.376855728968	0.383326988961	0.00856490293108	0.23125237914
-зал	0.0323383084577	0.21144278607	0.741293532338	0.0149253731343
-цын	0.4728955487	0.295284266197	0.111062141913	0.120758043191
-гул	0.177570093458	0.710280373832	0.11214953271	0.0
-цыл	0.219491604915	0.363880811681	0.348622705812	0.0680048775912
-ъур	0.535714285714	0.357142857143	0.0357142857143	0.0714285714286
-ейӕ	0.101457034187	0.808641848648	0.0353859153984	0.0545152017669
-ъут	0.851824142796	0.0763864187988	0.0	0.0717894384051
-зил	0.23595505618	0.696629213483	0.0674157303371	0.0
-ъух	0.0326273611906	0.929784392292	0.0120206067544	0.0255676397634
-ылф	0.200925925926	0.716975308642	0.0518518518518	0.0302469135802
-пӕт	0.0297548530114	0.172100445303	0.0569035611667	0.741241140519
-нкъ	0.230769230769	0.727272727273	0.0	0.041958041958
-фыд	0.0138781690487	0.97562474558	0.000471779117802	0.0100253062533
-ард	0.234491138777	0.521557691136	0.147892639732	0.0960585303551
-егӕ	0.00475059382422	0.952494061758	0.0356294536817	0.00712589073634
-ӕны	0.473792688467	0.300701061623	0.0261150900997	0.199391159811
-сса	0.439698492462	0.304020100502	0.212939698492	0.0433417085427
-вел	0.0239359851559	0.79280992694	0.00487069465383	0.178383393251
-фыс	0.492537313433	0.44776119403	0.0	0.0597014925373
-лгӕ	0.32280836863	0.341162880246	0.245924785008	0.0901039661147
-уза	0.196147110333	0.69877408056	0.0420315236427	0.0630472854641
-нка	0.0947368421053	0.715789473684	0.18947368421	0.0
-пӕй	0.141351518909	0.470551766894	0.306261624303	0.0818350898946
