vas-	0.013856812933	0.986143187067	0.0	0.0
mbø-	0.0626911314985	0.418960244648	0.477064220183	0.0412844036697
fig-	0.0	1.0	0.0	0.0
ye'-	0.274322169059	0.693779904306	0.00637958532694	0.0255183413078
jac-	0.550535077289	0.29548156956	0.0499405469679	0.104042806183
viu-	0.0142742028318	0.823068953609	0.0288937492805	0.133763094279
'ñʉ-	0.523488282414	0.259402674105	0.152928271307	0.0641807721738
umf-	0.646748473531	0.147845159761	0.0340269132729	0.171379453435
pid-	0.431654676259	0.309352517986	0.258992805755	0.0
tɛñ-	0.682788051209	0.142247510669	0.0	0.174964438122
tøg-	0.340842048807	0.372485921158	0.071869133816	0.214802896219
der-	0.0101522842639	0.989847715736	0.0	0.0
hat-	0.487642936186	0.281814828477	0.136112135743	0.0944300995943
neg-	0.528544274759	0.289768630792	0.0589893163794	0.122697778069
ayu-	0.142886873969	0.296739248261	0.0372453936887	0.523128484081
tib-	0.00975609756098	0.990243902439	0.0	0.0
xʉ'-	0.554744525548	0.0948905109489	0.321167883212	0.029197080292
c'o-	0.198638174546	0.711276253656	0.0539899908167	0.0360955809816
jɛy-	0.0424415116977	0.795890821836	0.0614877024595	0.100179964007
paf-	0.037037037037	0.962962962963	0.0	0.0
lao-	0.0	1.0	0.0	0.0
abr-	0.0315983037896	0.935604182947	0.0284790603739	0.0043184528899
ñut-	0.493693693694	0.131531531532	0.374774774775	0.0
sug-	0.615503875969	0.159689922481	0.142635658915	0.0821705426356
cul-	0.12	0.84	0.04	0.0
dah-	0.109591254042	0.85346438553	0.00620913620634	0.0307352242214
ate-	0.00337837837838	0.996621621622	0.0	0.0
urí-	0.0	1.0	0.0	0.0
dor-	0.0	1.0	0.0	0.0
pat-	0.241630571156	0.563726261679	0.133151490978	0.0614916761875
yo'-	0.376368239163	0.388440914643	0.0889826329851	0.146208213209
noy-	0.106694734314	0.767534683311	0.036151929901	0.0896186524741
teu-	0.248571428571	0.691428571429	0.0171428571428	0.0428571428571
guu-	0.0865502827637	0.889845094664	0.00590115564298	0.017703466929
zʉn-	0.26648299449	0.64468934068	0.0783773513205	0.0104503135094
jam-	0.221815241578	0.658383406222	0.0707901359355	0.0490112162642
øta-	0.487320837927	0.227122381477	0.142227122381	0.143329658214
ent-	0.0915165601395	0.884079023823	0.0104590354445	0.0139453805927
zis-	0.274509803922	0.588235294118	0.0196078431373	0.117647058824
nth-	0.286792933974	0.464451409587	0.0750752849425	0.173680371497
asi-	0.00352733686067	0.996472663139	0.0	0.0
mpe-	0.914001048768	0.0629260618773	0.0199265862611	0.00314630309387
tér-	0.204255319149	0.770212765958	0.0255319148936	0.0
tol-	0.020325203252	0.979674796748	0.0	0.0
bøj-	0.00268817204301	0.967069892473	0.00201612903226	0.0282258064516
nø'-	0.559971913634	0.18969581463	0.0599969907465	0.190335280989
hah-	0.0168067226891	0.983193277311	0.0	0.0
øtq-	0.48128342246	0.422459893048	0.096256684492	0.0
pud-	0.0272727272727	0.972727272727	0.0	0.0
bøx-	0.427759963353	0.0753092075126	0.0927164452588	0.404214383875
tuh-	0.362688547336	0.456088569734	0.0877610071153	0.0934618758152
enj-	0.546025104603	0.124476987448	0.0	0.32949790795
moi-	0.0520515576367	0.922128338393	0.00360722040765	0.0222128835629
stá-	0.473754344711	0.0227549576688	0.00670916473407	0.496781532886
pɛs-	0.401603388292	0.373392830132	0.131977008017	0.0930267735592
oni-	0.421800947867	0.478672985782	0.0	0.0995260663507
nøn-	0.499931963532	0.344037737561	0.119744182882	0.0362861160248
uni-	0.354603729604	0.29662004662	0.155011655012	0.193764568765
gʉg-	0.828775875288	0.125223613596	0.0	0.0460005111168
njʉ-	0.410700236035	0.493836873853	0.0503540519276	0.0451088381851
nún-	0.308280062034	0.168009481661	0.0500561082322	0.473654348073
'mo-	0.020285490574	0.283274107089	0.0194543154852	0.676986086852
apa-	0.660257670856	0.248718452958	0.0281462394275	0.0628776367587
ana-	0.0175036465931	0.921233590331	0.0233381954574	0.0379245676183
pøn-	0.291592739566	0.212456693178	0.0373320199029	0.458618547353
føm-	0.77	0.17	0.0	0.06
arm-	0.0	1.0	0.0	0.0
cal-	0.0536912751678	0.946308724832	0.0	0.0
gox-	0.801623083859	0.103697024346	0.00946798917944	0.0852119026149
mes-	0.0550910936065	0.918813125211	0.00869859372734	0.0173971874547
sed-	0.0225563909774	0.62030075188	0.357142857143	0.0
adi-	0.610831375182	0.291447540189	0.0376711051435	0.060049979486
ami-	0.0431565624181	0.881838001193	0.0180655377564	0.0569398986323
nuj-	0.0884719255897	0.0479382260857	0.014165937005	0.84942391132
ɛt'-	0.0803059273422	0.908221797323	0.0114722753346	0.0
str-	0.189554934316	0.158630414883	0.416912001188	0.234902649613
beñ-	0.577652812786	0.148871826705	0.062398815029	0.21107654548
ged-	0.0689655172414	0.931034482759	0.0	0.0
a̱g-	0.6	0.266666666667	0.133333333333	0.0
gʉq-	0.722222222222	0.0238095238095	0.0	0.253968253968
ili-	0.031746031746	0.968253968254	0.0	0.0
gat-	0.0291890896043	0.152015458763	0.0577969403367	0.760998511296
nut-	0.272666483146	0.214926372705	0.0161778723684	0.49622927178
sat-	0.0709619283622	0.906059923406	0.0135165577833	0.0094615904483
the-	0.434747666209	0.401017864758	0.098317774724	0.0659166943089
ani-	0.123809523809	0.657142857143	0.161904761905	0.0571428571428
pʉn-	0.473732718894	0.477419354839	0.0129032258065	0.0359447004608
duq-	0.0568335588633	0.861975642761	0.0568335588633	0.0243572395128
ho'-	0.50456053068	0.246268656716	0.201492537313	0.0476782752902
tó'-	0.0524917544661	0.0960287030261	0.00301762241779	0.84846192009
ban-	0.109256449165	0.890743550835	0.0	0.0
søc-	0.137535992158	0.719720639588	0.101390675734	0.0413526925198
arq-	0.05859375	0.90625	0.0	0.03515625
ale-	0.0	0.755	0.245	0.0
sid-	0.0279520821449	0.960068454079	0.0	0.0119794637764
bon-	0.243859339106	0.595334864817	0.0759851563881	0.084820639689
luc-	0.0733740967204	0.886603668705	0.0200111172874	0.0200111172874
dec-	0.171228887595	0.664531158998	0.0139778683751	0.150262085032
net-	0.516030259366	0.365363832853	0.072946685879	0.045659221902
'ba-	0.440743685755	0.413261723751	0.0316751809635	0.114319409531
jab-	0.312600321946	0.488046778129	0.110907599253	0.0884453006705
pøñ-	0.608012568735	0.140769835035	0.0179104477612	0.233307148468
cre-	0.0108499095841	0.962025316456	0.0	0.0271247739602
're-	0.0672268907562	0.915966386555	0.0168067226891	0.0
fad-	0.119433323067	0.84157684016	0.0116415152448	0.0273483215275
bep-	0.553384343732	0.350912301354	0.0745144202472	0.0211889346675
fav-	0.54532967033	0.298076923077	0.0164835164835	0.14010989011
fre-	0.0830769230769	0.621538461539	0.203076923077	0.0923076923077
utc-	0.460783812784	0.290020949364	0.0993817382862	0.149813499566
tia-	0.104380242311	0.599254426841	0.265610438024	0.0307548928239
jo'-	0.229198782588	0.165419084422	0.109039545611	0.496342587379
yʉt-	0.731306248927	0.103933803131	0.0116714287645	0.153088519178
hme-	0.0728287503404	0.796215627552	0.0676558671386	0.0632997549687
ang-	0.71270384538	0.263136702235	0.0	0.0241594523857
nʉ́-	0.318181818182	0.318181818182	0.212121212121	0.151515151515
høt-	0.824817518248	0.116788321168	0.0	0.0583941605839
mbi-	0.339436172505	0.477756483676	0.0391231870088	0.14368415681
zap-	0.661764705882	0.279411764706	0.0588235294118	0.0
xog-	0.619687951601	0.125211257256	0.201337350283	0.0537634408602
cum-	0.499396499698	0.285455642728	0.111044055522	0.104103802052
zab-	0.432080924856	0.316319157721	0.228788191577	0.0228117258464
xoq-	0.700657894737	0.289473684211	0.00986842105262	0.0
ha̱-	0.381377308222	0.204288543378	0.0759497516074	0.338384396793
heq-	0.921768707483	0.0748299319727	0.0	0.00340136054421
ndí-	0.443711227759	0.0310859635967	0.00887586065853	0.516326947986
xod-	0.0396931425345	0.765226493313	0.134312118666	0.060768245486
sa̱-	0.0	0.227848101266	0.772151898734	0.0
nef-	0.0	1.0	0.0	0.0
fep-	0.80412371134	0.164948453608	0.0	0.0309278350515
zʉi-	0.799640933573	0.118850987433	0.0366247755835	0.0448833034111
mrí-	0.177419354839	0.548387096774	0.177419354839	0.0967741935484
hɛg-	0.701007838746	0.10078387458	0.157894736842	0.040313549832
nti-	0.128695652174	0.417971014493	0.382028985507	0.0713043478261
guh-	0.113879003559	0.816725978648	0.0587188612099	0.0106761565836
xpá-	0.528214006018	0.0828490169408	0.046370718437	0.342566258604
feb-	0.297297297297	0.702702702703	0.0	0.0
fax-	0.457137594825	0.309290020068	0.080847847191	0.152724537916
tio-	0.0735294117647	0.411764705882	0.514705882353	0.0
elm-	0.0	1.0	0.0	0.0
yɛg-	0.138996138996	0.791505791506	0.023166023166	0.046332046332
agr-	0.0	0.992385786802	0.00456852791878	0.00304568527919
eni-	0.590551181102	0.0551181102362	0.307086614173	0.0472440944882
mɛh-	0.804915780134	0.0946903618607	0.0320834593548	0.0683103986501
hñu-	0.361974509147	0.250792420077	0.136587402424	0.250645668352
tsʉ-	0.510872491771	0.273791084875	0.127933806776	0.0874026165779
joh-	0.333980817369	0.391198859451	0.215575533899	0.0592447892806
hɛh-	0.480793513657	0.411045391108	0.0418688110587	0.0662922841763
grí-	0.267564981082	0.101904357573	0.0116469703136	0.618883691032
nxa-	0.115383157376	0.79323570583	0.00995934463952	0.081421792155
ac'-	0.949367088608	0.0506329113924	0.0	0.0
maj-	0.100871763918	0.393197029178	0.196322506942	0.309608699962
xum-	0.8500120893	0.116137871746	0.0338500389544	0.0
ɛñh-	0.625944584383	0.173803526448	0.0869017632242	0.113350125945
sʉn-	0.795484280961	0.175731748346	0.00785017382528	0.0209337968674
cam-	0.540197599831	0.250455777555	0.0283189376235	0.181027684991
mix-	0.182684670373	0.638072544347	0.129467831612	0.049774953667
min-	0.29443364956	0.53434678249	0.0960109726826	0.075208595268
est-	0.142857142857	0.612244897959	0.244897959184	0.0
xʉn-	0.179745386484	0.770445650997	0.0389809271892	0.0108280353304
ngø-	0.239220426398	0.717535388326	0.0153757103202	0.0278684749553
ixc-	0.338266384778	0.610993657505	0.0507399577167	0.0
føx-	0.519031141869	0.480968858131	0.0	0.0
nue-	0.553191489362	0.191489361702	0.0425531914893	0.212765957447
zoh-	0.806417176139	0.108608362464	0.0245249648071	0.0604494965894
me'-	0.345963756178	0.499176276771	0.0691927512356	0.0856672158154
jih-	0.357259380098	0.623164763459	0.0195758564437	0.0
gʉh-	0.751363537197	0.201512617264	0.0209439313504	0.0261799141881
oua-	0.170682730924	0.616465863454	0.0120481927711	0.200803212851
max-	0.217375095741	0.376912284031	0.175215036636	0.230497583591
zɛn-	0.555357778569	0.337842648629	0.0718135058495	0.0349860669523
mpø-	0.593285334433	0.320867358833	0.028461478686	0.0573858280486
uat-	0.459338695264	0.342269883825	0.0482573726541	0.150134048257
mɛt-	0.385716934454	0.338216815796	0.149307023361	0.126759226389
lom-	0.0	0.878787878788	0.0606060606061	0.0606060606061
gog-	0.0156453715776	0.250325945241	0.734028683181	0.0
jup-	0.0	0.991301826616	0.00869817338359	0.0
jʉm-	0.526595744681	0.151595744681	0.215425531915	0.106382978723
o'a-	0.12	0.47	0.24	0.17
sau-	0.0484283998459	0.921884560473	0.00997121943481	0.0197158202461
zɛ'-	0.607596814877	0.331322023839	0.0482219694347	0.0128591918493
sag-	0.701474201474	0.195331695332	0.044226044226	0.058968058968
cʉt-	0.344790478121	0.132695067621	0.026133570632	0.496380883625
thʉ-	0.373501997337	0.539280958722	0.0392809587217	0.0479360852197
arp-	0.0204313280363	0.979568671964	0.0	0.0
oda-	0.452102392681	0.287209711471	0.0768384940183	0.18384940183
hyo-	0.560021714893	0.248565894651	0.136129142618	0.0552832478378
men-	0.355108692213	0.345465620352	0.0727581242287	0.226667563206
ric-	0.0282258064516	0.105241935484	0.855241935484	0.0112903225806
nse-	0.267175572519	0.709923664122	0.0229007633588	0.0
zo'-	0.422715223598	0.215817744823	0.0851879134607	0.276279118118
ará-	0.16	0.84	0.0	0.0
mɛñ-	0.278514588859	0.302387267905	0.103448275862	0.315649867374
nca-	0.135349002008	0.810086217078	0.0396834770285	0.0148813038857
pit-	0.0945945945946	0.635135135135	0.222972972973	0.0472972972973
mbɛ-	0.22270203578	0.697100555213	0.0154225786551	0.0647748303516
ara-	0.00460829493087	0.995391705069	0.0	0.0
bra-	0.442725402027	0.189162411402	0.221019739349	0.147092447222
utu-	0.520192237733	0.33853092302	0.0521623795319	0.0891144597148
eti-	0.0635110844817	0.871779508688	0.0575194727381	0.00718993409229
elí-	0.00246700382385	0.994449241396	0.00123350191193	0.00185025286789
nú'-	0.0424977715968	0.0988706488616	0.00495436092926	0.853677218612
pad-	0.0233009708738	0.947572815534	0.0291262135922	0.0
ebr-	0.0	0.961587708067	0.0345710627401	0.00384122919334
cle-	0.010101010101	0.969696969697	0.020202020202	0.0
mpu-	0.307780979827	0.390489913545	0.210662824207	0.0910662824207
pet-	0.359597447226	0.417034855179	0.149729995091	0.0736377025036
anf-	0.0384615384615	0.961538461538	0.0	0.0
xof-	0.629398766405	0.329765770613	0.024856368772	0.0159790942106
quí-	0.0	0.911111111111	0.0888888888889	0.0
lot-	0.0620031796502	0.739268680445	0.198728139905	0.0
tu'-	0.568532688952	0.344803925956	0.0475082412256	0.0391551438672
xop-	0.761006289308	0.22641509434	0.0	0.0125786163522
cun-	0.159090909091	0.780303030303	0.060606060606	0.0
emf-	0.683253588517	0.0717703349282	0.0	0.244976076555
fes-	0.0355787476281	0.949240986717	0.00664136622389	0.00853889943074
dix-	0.0192588269624	0.884447038226	0.0192588269623	0.0770353078494
xuu-	0.0256921713039	0.949757910529	0.0084219858156	0.0161279323513
lep-	0.00832899531496	0.9057782405	0.0858927641853	0.0
dav-	0.00329346507193	0.990812965852	0.00104004160167	0.00485352747443
tan-	0.858601003402	0.0832708609653	0.0581281356323	0.0
nea-	0.0	1.0	0.0	0.0
caí-	0.0	1.0	0.0	0.0
ohe-	0.375	0.625	0.0	0.0
zʉh-	0.661403508772	0.114035087719	0.10350877193	0.121052631579
ngu-	0.0918960619701	0.107742195024	0.0147258766573	0.785635866348
acá-	0.0	1.0	0.0	0.0
xit-	0.126855195022	0.745089560811	0.0553022647594	0.0727529794077
gui-	0.11814183657	0.0189880916782	0.006530022716	0.856340049036
pih-	0.321428571429	0.314285714286	0.192857142857	0.171428571429
fʉt-	0.553153475076	0.343934250491	0.0385921029123	0.0643201715204
mø'-	0.309433962264	0.6	0.0	0.0905660377358
bee-	0.0213284582571	0.978671541743	0.0	0.0
hax-	0.194651181811	0.795534472888	0.00981434530137	0.0
brá-	0.096551724138	0.625287356322	0.193103448276	0.0850574712645
co'-	0.605381651297	0.253799194701	0.103043685327	0.0377754686756
put-	0.325264750378	0.499243570348	0.0340393343419	0.141452344932
tin-	0.134831460674	0.820224719101	0.0224719101124	0.0224719101124
bøh-	0.436197371725	0.436050891437	0.0500648698418	0.0776868669959
ehm-	0.535971223022	0.0323741007194	0.431654676259	0.0
han-	0.208685430102	0.0750198709828	0.0156915129876	0.700603185928
pub-	0.0869565217391	0.768115942029	0.0869565217391	0.0579710144928
top-	0.0	1.0	0.0	0.0
pɛu-	0.584269662921	0.220224719101	0.0674157303371	0.12808988764
tun-	0.234636871508	0.765363128492	0.0	0.0
øts-	0.755244755245	0.160839160839	0.041958041958	0.041958041958
dad-	0.0293039768656	0.93007612164	0.0101934530521	0.0304264484428
dri-	0.284297710648	0.146176336201	0.126309584836	0.443216368315
ncʉ-	0.175398633257	0.446469248292	0.378132118451	0.0
ti'-	0.177172061329	0.802385008518	0.0204429301533	0.0
i'q-	0.0675278063711	0.420087996575	0.00860836058553	0.503775836468
doh-	0.0	0.846625766871	0.116564417178	0.0368098159509
can-	0.00811508668388	0.887864256732	0.104020656584	0.0
jes-	0.00611031210072	0.810348841297	0.00323053943357	0.180310307169
'ma-	0.649389614094	0.0927825924433	0.00796797072509	0.249859822737
to'-	0.0924217445668	0.189392930849	0.00647171391734	0.711713610666
con-	0.0592706764053	0.0385011367718	0.0114939828009	0.890734204022
sal-	0.0151759025063	0.979995401242	0.0	0.00482869625201
hon-	0.694453000972	0.153365874464	0.0533137454683	0.0988673790963
zʉt-	0.473186996388	0.313420394554	0.122811892192	0.0905807168658
hup-	0.358778625954	0.473282442748	0.0559796437659	0.111959287532
teb-	0.0275493421053	0.927220394737	0.0	0.0452302631579
yun-	0.307692307692	0.461538461538	0.153846153846	0.0769230769231
bʉn-	0.108715491672	0.856833219256	0.0248688113165	0.00958247775496
may-	0.242273271242	0.246708985899	0.145298922941	0.365718819918
cap-	0.0	1.0	0.0	0.0
sef-	0.0970588235293	0.267647058824	0.635294117647	0.0
gad-	0.0708273455143	0.898378156436	0.00615889960995	0.0246355984397
amo-	0.0	0.971428571429	0.0285714285714	0.0
cu'-	0.0681711330512	0.775595819319	0.0837582727568	0.0724747748725
ua̱-	0.13341890968	0.813887211392	0.0202984202873	0.0323954586403
sim-	0.00567336309524	0.991257440476	0.00111607142857	0.001953125
pɛg-	0.608108108108	0.359073359073	0.027027027027	0.00579150579152
uag-	0.957446808511	0.0425531914894	0.0	0.0
zɛm-	0.703928408919	0.0253298953435	0.0360988927651	0.234642802973
ba̱-	0.371890644223	0.467536103518	0.0768669602364	0.0837062920221
mɛu-	0.579082861059	0.0900100011113	0.0175945475423	0.313312590288
xɛn-	0.143046138581	0.726393252853	0.0309244253349	0.0996361832313
god-	0.0337861397913	0.196198187551	0.740340393982	0.029675278676
jus-	0.0206378986867	0.951219512195	0.0281425891182	0.0
ma̱-	0.410466688553	0.323880739725	0.0790159913181	0.186636580404
jos-	0.0146016406934	0.976371890514	0.0047787187724	0.00424775001991
ha'-	0.171469490496	0.256748546133	0.1057850881	0.465996875271
pø'-	0.58844031368	0.226837060703	0.125471972117	0.0592506534999
gʉs-	0.571022727273	0.241477272727	0.119318181818	0.0681818181818
núb-	0.197864830333	0.259258436082	0.100044015337	0.442832718247
pos-	0.0607594936709	0.503797468354	0.0	0.435443037975
bur-	0.0403261348612	0.954385191714	0.00528867342442	0.0
uns-	0.328821206994	0.264523406655	0.0490693739424	0.357586012408
zøt-	0.205047096865	0.545058343877	0.139533248981	0.110361310277
bol-	0.0	0.986571172784	0.0134288272158	0.0
xɛp-	0.571428571428	0.257142857143	0.0857142857143	0.0857142857143
efe-	0.00219058050383	0.990142387733	0.00547645125958	0.00219058050383
xuh-	0.254710851202	0.675113710201	0.0552306692657	0.0149447693307
ecu-	0.616666666667	0.233333333333	0.125	0.025
møx-	0.832369942197	0.167630057803	0.0	0.0
xʉc-	0.649913644214	0.155958549223	0.101554404145	0.0925734024179
t'o-	0.485568110502	0.446590524098	0.00439870269022	0.0634426627099
fɛ'-	0.793226765479	0.0981946658623	0.108578568659	0.0
aca-	0.201721556886	0.698353293413	0.0314371257485	0.0684880239521
oxi-	0.483662729261	0.463606022243	0.02197135354	0.030759894956
bor-	0.0770392749245	0.904833836858	0.00906344410875	0.00906344410875
xɛ'-	0.486486486486	0.243243243243	0.0540540540541	0.216216216216
t'a-	0.282978165042	0.426164977475	0.229192843105	0.0616640143788
jue-	0.662251655629	0.208609271523	0.0993377483444	0.0298013245033
ced-	0.0	1.0	0.0	0.0
fru-	0.0274097507868	0.954578127268	0.00783135736765	0.010180764578
zam-	0.405255179384	0.305709954522	0.179888832744	0.10914603335
tøp-	0.700186219739	0.115456238361	0.0111731843576	0.173184357542
cir-	0.0778588807786	0.907542579075	0.014598540146	0.0
tøb-	0.521994134897	0.328445747801	0.0791788856304	0.0703812316716
for-	0.0	1.0	0.0	0.0
yøt-	0.49875	0.38155	0.0063	0.1134
ber-	0.0308911017084	0.948270925461	0.0116120001273	0.00922597270384
cuy-	0.133777549974	0.670169144029	0.172988211174	0.0230650948232
dɛn-	0.624279716449	0.196046221494	0.0523517110932	0.127322350964
sup-	0.465774285853	0.418385477251	0.0591267875824	0.0567134493138
cor-	0.0996329378227	0.737169117748	0.0432497928747	0.119948151554
nax-	0.631168831169	0.368831168831	0.0	0.0
ote-	0.41444481944	0.340533243334	0.110698616267	0.134323320959
o'ʉ-	0.236842105263	0.407894736842	0.315789473684	0.0394736842105
ex'-	0.536516853933	0.311797752809	0.0758426966292	0.0758426966292
loi-	0.0	1.0	0.0	0.0
hñe-	0.33346035986	0.242992607146	0.360507123447	0.0630399095475
pay-	0.703500343171	0.17295813315	0.0494166094715	0.0741249142073
sub-	0.700712589074	0.1567695962	0.0	0.142517814727
hne-	0.527081209004	0.217490125688	0.100631765889	0.154796899418
señ-	0.433808895548	0.483631118764	0.0558375634518	0.0267224222367
tam-	0.436670071502	0.503575076609	0.00459652706843	0.0551583248212
jʉ'-	0.361728395062	0.498765432099	0.0697530864198	0.0697530864198
jan-	0.164623562595	0.557604686483	0.0216966804079	0.256075070514
tsø-	0.376087456026	0.447018723644	0.0553219789358	0.121571841394
øtb-	0.528648648649	0.322162162162	0.0778378378378	0.0713513513514
fel-	0.0419741697417	0.942343173432	0.00461254612546	0.0110701107011
guj-	0.899159663866	0.0756302521008	0.0252100840336	0.0
hyø-	0.355313638377	0.484099225498	0.0874067338035	0.0731804023214
nix-	0.0500131463127	0.0223121506224	0.011008607977	0.916666095088
coh-	0.271692178063	0.620356185643	0.0371738067111	0.0707778295829
xø'-	0.75026718917	0.1300320627	0.0983256145351	0.0213751335946
mfe-	0.207009181383	0.58531247094	0.0547693757036	0.152908971973
tim-	0.0243001786778	0.954496724241	0.00833829660512	0.0128648004765
tri-	0.0534559920438	0.928145201392	0.0116857284933	0.00671307807061
ngr-	0.380658757415	0.17210427724	0.0819544177334	0.365282547612
ja'-	0.646123109578	0.191300322522	0.0859302443881	0.076646323512
mol-	0.0	1.0	0.0	0.0
pɛt-	0.633540372671	0.285714285714	0.0621118012422	0.0186335403727
hog-	0.10162048008	0.299427639086	0.485337293122	0.113614587712
zan-	0.383950128488	0.403808397368	0.104667028345	0.107574445799
tes-	0.0736449079439	0.830565211793	0.0278099652376	0.0679799150251
dac-	0.324056709924	0.597179506414	0.0135023629135	0.0652614207486
elo-	0.0	0.96261682243	0.018691588785	0.018691588785
gøn-	0.392971707047	0.139847336506	0.457061513347	0.0101194430999
ñot-	0.0508703426632	0.615735503412	0.100645914681	0.232748239244
jon-	0.521852934015	0.339055271488	0.0261748234721	0.112916971025
jer-	0.00593021827439	0.985060085819	0.00160963067448	0.0074000652324
het-	0.315039569615	0.318805169012	0.325471343443	0.0406839179304
nxo-	0.12987012987	0.818181818182	0.0	0.051948051948
mun-	0.482619527206	0.177366629596	0.0392483195031	0.300765523695
'ñe-	0.615273632533	0.10660341869	0.0502329529365	0.227889995841
nzo-	0.425456985671	0.502349293048	0.0396670726163	0.0325266486645
nøm-	0.512195121951	0.487804878049	0.0	0.0
ogo-	0.358490566038	0.509433962264	0.103773584906	0.0283018867925
nij-	0.0423365151135	0.915100198164	0.0170078707192	0.0255554160038
mah-	0.184503646861	0.455898237721	0.085974879024	0.273623236393
dʉn-	0.706491063029	0.218250235183	0.0225776105362	0.0526810912512
tum-	0.468085106383	0.191489361702	0.340425531915	0.0
eno-	0.0197802197802	0.98021978022	0.0	0.0
xøn-	0.118918918919	0.65945945946	0.210810810811	0.0108108108108
za̱-	0.342689295039	0.556447305958	0.0446386185616	0.0562247804415
seg-	0.0	0.966101694915	0.0338983050847	0.0
euf-	0.0	1.0	0.0	0.0
mil-	0.0554733727811	0.870562130177	0.0340236686391	0.0399408284024
yer-	0.0	0.989247311828	0.010752688172	0.0
nug-	0.0841324151506	0.0434766621496	0.00595631974472	0.866434602955
'ye-	0.315039201711	0.407697790449	0.213114754098	0.064148253742
ñob-	0.530714840397	0.412562795318	0.0213952777566	0.0353270865283
zon-	0.69150289623	0.202910698338	0.0501164977823	0.05546990765
tus-	0.431432973806	0.4152947855	0.017030248966	0.136241991728
uad-	0.495294940044	0.0994400018436	0.029958749107	0.375306309005
za'-	0.424157303371	0.337078651685	0.189606741573	0.0491573033708
pɛf-	0.57319740571	0.279875230614	0.0731308366776	0.0737965269985
así-	0.0	1.0	0.0	0.0
ya'-	0.145811789038	0.297311271975	0.278179937953	0.278697001034
'ue-	0.47597252937	0.205488527466	0.0717091696293	0.246829773535
osɛ-	0.574917801785	0.425082198215	0.0	0.0
fe'-	0.874804381847	0.104851330203	0.0	0.0203442879499
jur-	0.466939776641	0.449496399123	0.0457937584803	0.0377700657551
tʉq-	0.114663726571	0.644983461963	0.18743109151	0.0529217199559
jor-	0.0	1.0	0.0	0.0
naí-	0.037037037037	0.925925925926	0.0	0.037037037037
ñab-	0.115702479339	0.553719008265	0.173553719008	0.157024793388
'nɛ-	0.0844155844156	0.199134199134	0.528138528139	0.188311688312
nza-	0.0917418392599	0.327222874425	0.190589956547	0.390445329768
hñø-	0.280757097792	0.481861198738	0.175867507886	0.0615141955836
por-	0.0727992792342	0.136054192342	0.0254725208015	0.765674007622
alf-	0.0	1.0	0.0	0.0
cos-	0.199843871975	0.551912568306	0.23887587822	0.00936768149883
sig-	0.505560331679	0.118047274374	0.0691459367518	0.307246457195
ped-	0.0191919820164	0.969772628324	0.00323420437684	0.00780118528259
epa-	0.0355194722821	0.911201319295	0.0461753139667	0.00710389445643
nsu-	0.18120484917	0.566843757289	0.156536559762	0.0954148337794
oph-	0.180124223602	0.372670807453	0.447204968944	0.0
mel-	0.0646006370754	0.910392664702	0.00250066982227	0.0225060284005
e'b-	0.38064516129	0.348387096774	0.0193548387097	0.251612903226
oxh-	0.32	0.64	0.0	0.04
pa̱-	0.76246517332	0.0899337184865	0.0286857177787	0.118915390415
usí-	0.0	1.0	0.0	0.0
oja-	0.505813953488	0.401162790698	0.0	0.0930232558139
neq-	0.270282033426	0.146500696379	0.0317722841226	0.551444986072
jud-	0.0262024505595	0.958941543662	0.00531545160894	0.0095405541699
tʉi-	0.153280022645	0.26873540443	0.458389356733	0.119595216191
mi'-	0.288051929571	0.502222297042	0.190959102927	0.0187666704601
cis-	0.020618556701	0.979381443299	0.0	0.0
umb-	0.624502429655	0.131482337879	0.0265132360319	0.217501996434
nt'-	0.240358200806	0.574839186858	0.14070449684	0.0440981154953
gra-	0.237054917861	0.162002717722	0.0562270070815	0.544715357336
ncu-	0.185921938789	0.654159190784	0.120394206516	0.0395246639104
tøc-	0.0850561134081	0.575900767868	0.301240401654	0.0378027170703
xqu-	0.861071988546	0.00970753902603	0.00225339570878	0.12696707672
ca'-	0.242718446602	0.621359223301	0.0776699029126	0.0582524271844
fʉd-	0.468330134357	0.43506078055	0.0281509916827	0.0684580934101
and-	0.0129477772982	0.980578334053	0.0	0.00647388864912
dud-	0.152380952381	0.152380952381	0.314285714286	0.380952380952
per-	0.0237843551797	0.946088794926	0.0206131078224	0.00951374207187
joñ-	0.187322611164	0.652790917692	0.0567644276254	0.103122043519
cʉh-	0.235562589716	0.509735360153	0.237034855902	0.0176671942288
øhʉ-	0.781790043848	0.0905339179778	0.0139282950735	0.1137477431
ñux-	0.4493731919	0.170202507232	0.368852459016	0.0115718418515
lid-	0.00409836065573	0.995901639344	0.0	0.0
zim-	0.166666666667	0.792517006803	0.030612244898	0.0102040816326
ata-	0.0217929668153	0.967310549777	0.0108964834076	0.0
ʉni-	0.742857142857	0.128571428571	0.0	0.128571428571
dat-	0.143867673652	0.306722689076	0.0872247633231	0.46218487395
spo-	0.0924855491329	0.864161849711	0.0346820809249	0.00867052023121
lev-	0.116274133118	0.805342984812	0.0546079794517	0.0237749026184
arc-	0.0472440944882	0.943307086614	0.0	0.00944881889763
cuh-	0.00433879107579	0.893752902042	0.0509617653552	0.0509465415268
thá-	0.794736842105	0.142105263158	0.0157894736842	0.0473684210526
døn-	0.0236406014537	0.929078195639	0.041371052544	0.00591015036346
nec-	0.286072190777	0.29247471467	0.154217314652	0.267235779902
uen-	0.680608365019	0.205323193916	0.102661596958	0.0114068441065
e't-	0.459572769016	0.341185865442	0.0858454781394	0.113395887403
nsi-	0.14356425476	0.210560906981	0.116453408367	0.529421429892
pu'-	0.81308411215	0.140186915888	0.0467289719626	0.0
jai-	0.0493506493506	0.888311688312	0.0545454545454	0.0077922077922
tal-	0.0169491525424	0.864406779661	0.118644067797	0.0
güi-	0.502610966057	0.26501305483	0.0626631853786	0.169712793734
øtc-	0.49783842606	0.247237072296	0.115902070241	0.139022431403
noc-	0.349344978166	0.539499801509	0.111155220326	0.0
uñh-	0.558668474168	0.220163679269	0.137319877492	0.0838479690716
chi-	0.0	0.97663174859	0.00241740531829	0.0209508460918
zʉd-	0.785183094617	0.0620334438721	0.01072461723	0.142058844281
nga-	0.106946721155	0.575465945921	0.273475777314	0.0441115556097
mpa-	0.55871279272	0.322933022675	0.0872883215992	0.0310658630063
pax-	0.0330214639516	0.933957072097	0.0330214639516	0.0
'yø-	0.602990000243	0.174406033178	0.0510164430248	0.171587523555
bøn-	0.413072838706	0.0692452839388	0.0110679337094	0.506613943646
ray-	0.547169811321	0.415094339623	0.0	0.0377358490566
evo-	0.131147540984	0.868852459016	0.0	0.0
tsa-	0.235072254206	0.436457828115	0.129537900808	0.198932016871
stí-	0.360508383916	0.107932742622	0.0460708388568	0.485488034605
ter-	0.207272727273	0.498181818182	0.152727272727	0.141818181818
ñe'-	0.709677419355	0.241935483871	0.0322580645161	0.016129032258
gøm-	0.570977917981	0.353312302839	0.0567823343848	0.0189274447949
dox-	0.205504587156	0.677064220184	0.0844036697247	0.0330275229358
siq-	0.0	1.0	0.0	0.0
jec-	0.0143884892086	0.985611510791	0.0	0.0
itu-	0.0	0.991150442478	0.00884955752212	0.0
pi'-	0.831067961165	0.0932038834951	0.0757281553399	0.0
col-	0.098224852071	0.866272189349	0.00355029585798	0.0319526627219
joc-	0.16503029037	0.640693545018	0.106538541884	0.0877376227282
nim-	0.063973063973	0.510662177329	0.421997755331	0.00336700336701
ɛnx-	0.0162841818342	0.964512441748	0.012696737888	0.00650663852985
xih-	0.186602419636	0.204071702703	0.234523663589	0.374802214071
lin-	0.0626432391139	0.68449197861	0.252864782277	0.0
hoh-	0.703367942782	0.178905224242	0.0588634164882	0.0588634164882
ntr-	0.0	1.0	0.0	0.0
mai-	0.0079435578636	0.984112884273	0.0079435578636	0.0
he'-	0.608923255794	0.282698301876	0.0633911643817	0.0449872779483
ese-	0.0	1.0	0.0	0.0
ape-	0.0384615384615	0.961538461538	0.0	0.0
'ni-	0.120917917034	0.285966460724	0.0803177405119	0.51279788173
got-	0.665219413863	0.181639165366	0.047894585277	0.105246835495
pøt-	0.141114058355	0.819628647215	0.0297082228117	0.00954907161804
sʉc-	0.511685116851	0.246002460025	0.116851168512	0.125461254613
car-	0.115471623881	0.77043375627	0.0354086751254	0.0786859447231
mim-	0.179302231682	0.366684778003	0.287870555453	0.166142434862
zom-	0.465517241379	0.301724137931	0.155172413793	0.0775862068966
pun-	0.68344279578	0.245034120941	0.0247759700248	0.0467471132544
gʉc-	0.632081097197	0.206917113894	0.103756708408	0.0572450805009
pɛi-	0.591304347826	0.339130434783	0.0521739130435	0.0173913043478
puñ-	0.619469026549	0.159292035398	0.203539823009	0.0176991150442
ndr-	0.367199721884	0.280071267165	0.113201807753	0.239527203198
jʉn-	0.151039330043	0.817556452819	0.00897263346792	0.0224315836698
zoc-	0.421358377306	0.198165270853	0.0538316309242	0.326644720918
nup-	0.650529287227	0.234297812279	0.0739590684545	0.0412138320395
juu-	0.335224342445	0.374247894103	0.0395392814165	0.250988482035
nju-	0.200051445583	0.603604217025	0.0924129113282	0.103931426064
brí-	0.632638069586	0.250495291944	0.0233733276941	0.0934933107762
zɛy-	0.311111111111	0.555555555556	0.111111111111	0.0222222222222
nøx-	0.527272727273	0.0363636363636	0.0	0.436363636364
xe'-	0.424657534247	0.472602739726	0.0616438356164	0.041095890411
cob-	0.0283453182666	0.952250504128	0.00884602214359	0.0105581554617
xi'-	0.564862471553	0.10889053112	0.0190566136096	0.307190383717
mem-	0.297798377752	0.304750869061	0.327925840093	0.0695249130939
ala-	0.0	0.859133126935	0.140866873065	0.0
pec-	0.237209302326	0.595348837209	0.0279069767442	0.139534883721
tha-	0.303831793825	0.403846064975	0.0605388329775	0.231783308223
dʉ'-	0.442105263158	0.482105263158	0.0252631578948	0.0505263157894
xcá-	0.356447130557	0.0121546550989	0.00770348746017	0.623694726884
gob-	0.164383561644	0.729941291585	0.0422700587085	0.0634050880626
fa̱-	0.374054668336	0.276034751628	0.235716888437	0.114193691599
dʉñ-	0.896551724138	0.103448275862	0.0	0.0
lug-	0.0526434060913	0.879780078201	0.0358646312415	0.0317118844661
xiy-	0.272727272727	0.409090909091	0.318181818182	0.0
ser-	0.0	1.0	0.0	0.0
cri-	0.0165905489794	0.923804641626	0.00111846397614	0.0584863454189
rin-	0.207623447878	0.267975743575	0.0721917412647	0.452209067283
zøh-	0.706338896791	0.0919662836429	0.0172645564328	0.184430263134
ngá-	0.497119815668	0.205069124424	0.0898617511521	0.207949308756
deg-	0.0524199929092	0.0465850888456	0.0129117032592	0.888083214986
nep-	0.0340095200566	0.0227267448492	0.00703242040463	0.93623131469
bit-	0.0	1.0	0.0	0.0
tʉh-	0.325714285714	0.674285714286	0.0	0.0
'ra-	0.24270833717	0.145370855376	0.135347547182	0.476573260272
høx-	0.555555555556	0.354700854701	0.025641025641	0.0641025641026
a'i-	0.550724637681	0.297101449275	0.0869565217391	0.0652173913044
xoc-	0.569731826668	0.313264101591	0.0627141824536	0.0542898892882
hnu-	0.338383838384	0.444444444445	0.176767676768	0.040404040404
fri-	0.0258064516129	0.935483870968	0.0258064516129	0.0129032258065
ico-	0.0	1.0	0.0	0.0
bet-	0.0216540568745	0.92695016958	0.0326115314375	0.018784242108
hñʉ-	0.149372277735	0.567939192075	0.269877871723	0.0128106584678
anc-	0.361563517915	0.195439739414	0.403908794788	0.0390879478827
eca-	0.583606557377	0.377049180328	0.0393442622951	0.0
xud-	0.0843170320405	0.753232152895	0.0534007869589	0.109050028106
cʉi-	0.863813229572	0.0661478599222	0.0700389105059	0.0
hma-	0.177996033783	0.557205235369	0.0843087984332	0.180489932415
nsɛ-	0.388632569786	0.435222108875	0.110590744691	0.0655545766484
coñ-	0.301724137931	0.0258620689655	0.0258620689655	0.646551724138
ngʉ-	0.100552223294	0.727269312163	0.054596225848	0.117582238696
lic-	0.0480668756531	0.773249738767	0.17868338558	0.0
øst-	0.636363636364	0.227272727273	0.0454545454545	0.0909090909091
ren-	0.205714285714	0.685714285714	0.108571428571	0.0
ma'-	0.108425688137	0.16281885263	0.212821657106	0.515933802128
tad-	0.0111111111111	0.966666666667	0.0	0.0222222222222
t'u-	0.559976761245	0.248427377355	0.0506593469274	0.140936514473
rix-	0.0263736263736	0.897802197802	0.0362637362637	0.0395604395604
fʉg-	0.543689320388	0.435506241332	0.0124826629681	0.00832177531208
zañ-	0.794721407625	0.117302052786	0.0879765395895	0.0
jah-	0.352806890111	0.354882224759	0.161876102522	0.130434782609
not-	0.0693873149878	0.123815081331	0.720176837912	0.086620765769
t'ʉ-	0.078690152511	0.846963607844	0.0363920221109	0.0379542175337
toc-	0.627705627706	0.252610134963	0.106951871658	0.0127323656735
saf-	0.0836601307189	0.881045751634	0.0	0.035294117647
ɛni-	0.570127504554	0.309653916211	0.0218579234973	0.0983606557377
ri'-	0.137863121615	0.510339734121	0.104874446086	0.246922698178
ndá-	0.0862976050255	0.0909305064782	0.0234000785237	0.799371809973
tøn-	0.0614525139665	0.66852886406	0.212290502793	0.0577281191807
yʉn-	0.0875950019323	0.464124694062	0.370990596419	0.0772897075873
'uɛ-	0.330835459184	0.594228316327	0.047831632653	0.0271045918367
'ñu-	0.379847498696	0.456411945022	0.0523269127428	0.111413643539
tro-	0.183510757039	0.795184564043	0.0188836926769	0.00242098624062
beh-	0.315535780497	0.427882832777	0.0667408231368	0.189840563589
ela-	0.0	1.0	0.0	0.0
gʉ'-	0.607274691636	0.192851355001	0.0567209867651	0.143152966598
zah-	0.312591294186	0.20902716915	0.157756354075	0.320625182588
fen-	0.167880413952	0.779225756995	0.00229973169797	0.0505940973553
rob-	0.0	1.0	0.0	0.0
tsu-	0.276565260642	0.224963995665	0.423514913961	0.0749558297329
dom-	0.37603195739	0.593608521971	0.00639147802929	0.0239680426099
nzɛ-	0.440134907251	0.417571669477	0.0745025295109	0.0677908937606
teg-	0.816156439509	0.0174778460864	0.0397831056186	0.126582608786
com-	0.084067547724	0.769089574156	0.06093979442	0.0859030837004
job-	0.0377358490566	0.962264150943	0.0	0.0
tuc-	0.363668935865	0.53959154425	0.0376209243998	0.0591185954855
zʉq-	0.624664879357	0.112600536193	0.0643431635388	0.198391420911
nts-	0.348073092452	0.302350792647	0.259014504374	0.0905616105267
man-	0.324435804902	0.444861422345	0.0578069362324	0.172895836521
esp-	0.0402684563758	0.879194630872	0.0805369127517	0.0
mpo-	0.521818029871	0.4170556703	0.0267427561753	0.0343835436539
mib-	0.49311559398	0.50688440602	0.0	0.0
arf-	0.0	1.0	0.0	0.0
føt-	0.610938492881	0.296866703738	0.0392661648005	0.0529286385803
yax-	0.0	1.0	0.0	0.0
pum-	0.699470181699	0.176577967718	0.0704468041315	0.0535050464518
amb-	0.51792687256	0.230031948882	0.0859069932552	0.166134185303
pɛh-	0.526079391075	0.211556788658	0.045214228975	0.217149591291
tuq-	0.628571428572	0.161904761905	0.0380952380952	0.171428571429
mɛf-	0.281627332043	0.577620847974	0.0534886862436	0.0872631337388
yot-	0.131648950042	0.118567509206	0.0813156549587	0.668467885793
nus-	0.435578045932	0.291163876995	0.128454651615	0.144803425457
mɛp-	0.503007280785	0.348528015195	0.0698005698006	0.0786641342197
xɛc-	0.211956961411	0.564220801985	0.201170347599	0.0226518890057
rub-	0.0	1.0	0.0	0.0
drí-	0.3588497151	0.0988247863249	0.0281784188034	0.514147079772
jut-	0.388923989114	0.501360808709	0.0878450622084	0.0218701399689
sev-	0.0	1.0	0.0	0.0
zɛx-	0.168126094571	0.768826619965	0.0630472854641	0.0
uah-	0.071725904579	0.884231873311	0.0353910713383	0.00865115077157
jop-	0.0058064516129	0.990322580645	0.00387096774193	0.0
cas-	0.383946102099	0.43355100103	0.0985740955323	0.083928801339
pob-	0.78612716763	0.161849710983	0.0346820809249	0.0173410404624
scu-	0.222222222222	0.648148148148	0.12962962963	0.0
boa-	0.0210526315789	0.936842105263	0.0421052631579	0.0
mri-	0.680411477078	0.0300837483806	0.0131314084601	0.276373366081
ant-	0.131409953087	0.32875471494	0.0155474738735	0.524287858099
dut-	0.176231869536	0.71401647159	0.0672538360769	0.0424978227971
mie-	0.193901485536	0.150899139953	0.1657544957	0.489444878812
pol-	0.0312626058894	0.962686567164	0.00302541347318	0.00302541347318
mar-	0.0131770232818	0.860781884457	0.0052994550155	0.120741637245
goc-	0.0606741573034	0.45393258427	0.485393258427	0.0
art-	0.0212765957447	0.936170212766	0.0	0.0425531914894
da̱-	0.386710824361	0.264592966014	0.233384948047	0.115311261578
zu'-	0.0483162518301	0.913899778019	0.0292825768668	0.00850139328389
hya-	0.621189078562	0.212039468527	0.0880431235356	0.0787283293757
nes-	0.839374342006	0.0649721762671	0.00992630470748	0.0857271770191
ohʉ-	0.589552238806	0.27078891258	0.0490405117271	0.090618336887
asó-	0.0	0.878378378378	0.0	0.121621621622
cʉx-	0.121951219512	0.780487804878	0.0975609756097	0.0
xmá-	0.334462854339	0.123670865369	0.28919632633	0.252669953962
ñuh-	0.545454545455	0.404958677686	0.0495867768595	0.0
nda-	0.114192045174	0.734065682511	0.0663653165471	0.085376955768
hen-	0.233826968044	0.480124707716	0.17614964926	0.10989867498
xua-	0.495798319328	0.504201680672	0.0	0.0
c'a-	0.46626204164	0.26717601616	0.130385379484	0.136176562716
era-	0.293193717277	0.670157068063	0.0366492146597	0.0
sus-	0.505555555555	0.275	0.0333333333333	0.186111111111
bro-	0.0149750415973	0.941763727121	0.0432612312812	0.0
bla-	0.240126382306	0.598736176935	0.0631911532385	0.0979462875197
pah-	0.292426747504	0.406455534731	0.0747433301695	0.226374387595
nxø-	0.54118616145	0.266062602965	0.118616144975	0.0741350906095
pep-	0.411971830986	0.345070422535	0.0105633802817	0.232394366197
anb-	0.737142857143	0.16	0.0342857142857	0.0685714285714
lit-	0.0280373831776	0.88785046729	0.0841121495327	0.0
ta̱-	0.423243063632	0.420861715678	0.101345738495	0.0545494821953
xax-	0.527272727273	0.331601731602	0.100865800866	0.0402597402597
emb-	0.590768828167	0.179487738657	0.0505937128589	0.179149720317
lib-	0.0107623318386	0.981165919283	0.00807174887892	0.0
lad-	0.563463917526	0.296742268041	0.0680412371134	0.0717525773197
cuj-	0.426395939086	0.41116751269	0.0862944162436	0.0761421319797
gri-	0.0630857782024	0.100983384988	0.141187984993	0.694742851816
nʉt-	0.851612903226	0.0774193548387	0.0129032258064	0.058064516129
cla-	0.00321199143469	0.996788008565	0.0	0.0
nso-	0.0244399185336	0.975560081466	0.0	0.0
da'-	0.36938977594	0.239969416277	0.322633208408	0.0680075993747
ɛmb-	0.668845315904	0.222222222222	0.0718954248366	0.037037037037
ueñ-	0.408163265306	0.469387755102	0.0204081632653	0.102040816327
hyʉ-	0.471763085399	0.435261707989	0.0792011019284	0.0137741046832
mʉd-	0.30561967823	0.188113056122	0.292330275128	0.21393699052
tax-	0.0946441672781	0.861335289802	0.026412325752	0.017608217168
clo-	0.0	0.964285714286	0.0	0.0357142857143
ngo-	0.0687669852388	0.733729276976	0.178752860128	0.0187508776567
'yɛ-	0.299145181441	0.566357237944	0.0316560823087	0.102841498306
kil-	0.0886590321389	0.864794975988	0.0155153306243	0.0310306612486
res-	0.254465378028	0.437240029361	0.0146806948862	0.293613897724
xix-	0.7	0.025	0.225	0.05
let-	0.0311253288539	0.904030236034	0.0622506577078	0.00259377740449
fʉx-	0.704225352113	0.239436619718	0.0	0.056338028169
aso-	0.0142857142857	0.971428571429	0.0142857142857	0.0
pil-	0.0300175478153	0.906604448714	0.0405854500182	0.0227925534522
hin-	0.220192426595	0.120217887362	0.0414302180275	0.618159468015
ɛcu-	0.75	0.185483870968	0.0645161290322	0.0
idu-	0.0	1.0	0.0	0.0
hab-	0.136475048595	0.172723855619	0.0125673930012	0.678233702784
asa-	0.0	0.857142857143	0.0	0.142857142857
tix-	0.11306042885	0.670565302144	0.169590643275	0.046783625731
oth-	0.214716009641	0.219446140044	0.151810871326	0.414026978989
