bą'-	0.755561691385	0.13785894604	0.0268223414326	0.0797570211423
siu-	0.811996418979	0.0752014324082	0.112802148612	0.0
vas-	0.362459546926	0.618122977346	0.0	0.0194174757281
gʉc-	0.60878390847	0.163006704804	0.0202989481454	0.20791043858
fig-	0.0	1.0	0.0	0.0
ye'-	1.0	0.0	0.0	0.0
jac-	0.0440938663772	0.922650465494	0.0101897590368	0.0230659090923
júp-	0.0	1.0	0.0	0.0
a'b-	0.369690011481	0.464982778416	0.0482204362801	0.117106773823
nyu-	0.113256236261	0.866673038325	0.0022937971901	0.0177769282233
fʉn-	0.063339731286	0.873320537428	0.063339731286	0.0
fäs-	0.354940213971	0.379483952171	0.217747010699	0.0478288231592
tät-	0.87684729064	0.0837438423645	0.0197044334975	0.0197044334975
pid-	0.0765724703738	0.578851412944	0.306289881495	0.0382862351868
tøg-	0.263295099062	0.629301355579	0.0948905109489	0.0125130344108
gąp-	0.222733245729	0.0972404730618	0.0	0.680026281209
der-	0.0814757878555	0.918524212145	0.0	0.0
neg-	0.041095890411	0.958904109589	0.0	0.0
tib-	0.0	0.99	0.0	0.00999999999999
xʉ'-	0.330610021787	0.436819172113	0.177015250545	0.0555555555556
sog-	0.363275067703	0.499771392396	0.0295958920972	0.107357647804
jɛy-	0.00238222857483	0.970321402339	0.0107200285867	0.0165763404999
bay-	0.0	1.0	0.0	0.0
paf-	0.0	1.0	0.0	0.0
ɛ̨p-	0.605185932951	0.091822002066	0.0558737909662	0.247118274016
abr-	0.00991606540318	0.965791104616	0.0169093399236	0.00738349005716
zaq-	0.229775518848	0.418315483754	0.295334906517	0.0565740908816
zac-	0.263452001211	0.500919695453	0.158327318447	0.0773009848891
dah-	0.561859443631	0.41251830161	0.0	0.0256222547584
her-	0.0451606385128	0.897049909073	0.048999797939	0.00878965447565
ate-	0.0140023337223	0.985997666278	0.0	0.0
yąh-	0.572655217966	0.295285667107	0.0239431968296	0.108115918098
gbí-	0.26582278481	0.556962025316	0.101265822785	0.0759493670886
urí-	0.0	1.0	0.0	0.0
dor-	0.0666666666666	0.916666666667	0.0	0.0166666666667
pat-	0.257339163023	0.552779512805	0.126171143036	0.0637101811368
gni-	0.310398025301	0.490897871028	0.0370256093798	0.161678494292
yo'-	0.539473684211	0.0438596491228	0.140350877193	0.276315789474
gu'-	0.473067915691	0.330210772834	0.115925058548	0.0807962529274
hįh-	0.211538461538	0.75	0.0384615384615	0.0
pɛ̨-	0.654994259472	0.262342135476	0.0264064293915	0.0562571756602
guu-	0.0689655172414	0.103448275862	0.724137931035	0.103448275862
zʉn-	0.48064516129	0.503225806452	0.00645161290323	0.00967741935484
jam-	0.366687157522	0.435531022614	0.099227416644	0.0985544032204
hyą-	0.367780709313	0.440904873235	0.0696986849507	0.121615732501
ent-	0.890909090909	0.0	0.0363636363636	0.0727272727273
dʉc-	0.54157782516	0.159914712154	0.234541577825	0.0639658848614
sɛn-	0.283524904215	0.507024265645	0.18901660281	0.0204342273308
zis-	0.547169811321	0.452830188679	0.0	0.0
dih-	0.402298850575	0.333333333333	0.241379310345	0.0229885057471
nth-	0.529875975195	0.349449889978	0.0804660932187	0.0402080416083
asi-	0.00430647766015	0.992463664095	0.00322985824511	0.0
pij-	0.421052631579	0.342105263158	0.21052631579	0.0263157894737
tér-	0.207547169811	0.767295597484	0.0251572327044	0.0
thį-	0.258339481962	0.504291095491	0.182323016582	0.0550464059648
tol-	0.119047619048	0.880952380952	0.0	0.0
haz-	0.0365853658537	0.359756097561	0.0182926829268	0.585365853659
bʉn-	0.445774278472	0.386803584683	0.0693312529882	0.0980908838573
pud-	0.0	1.0	0.0	0.0
bøx-	0.284798719438	0.427859907806	0.0933024479964	0.194038924759
tuh-	0.544344974413	0.312576861537	0.0878039749812	0.0552741890694
päc-	0.452380952381	0.285714285714	0.190476190476	0.0714285714285
hur-	0.27049924357	0.572768532526	0.12223903177	0.0344931921332
moi-	0.0613870339455	0.905850027824	0.00723427935448	0.0255286588759
xid-	0.180602006689	0.678929765886	0.0903010033445	0.0501672240803
pɛs-	0.300037869908	0.285016139794	0.357870629182	0.0570753611166
jąh-	0.117318435754	0.748603351955	0.100558659218	0.0335195530726
hu'-	0.294117647059	0.621350762527	0.0518518518519	0.0326797385621
uzí-	0.0	1.0	0.0	0.0
säp-	0.708894878706	0.0404312668464	0.0592991913746	0.191374663073
däj-	0.50803461063	0.224969097651	0.19283065513	0.0741656365883
coh-	0.338618552943	0.314379442318	0.168398031711	0.178603973027
fɛh-	0.277644321946	0.490606114244	0.178496472552	0.0532530912585
njʉ-	0.60736196319	0.242331288344	0.0720858895705	0.0782208588957
nɛ'-	0.0883942990696	0.102647723612	0.0324589786689	0.776498998649
jʉp-	0.0	0.0168539325842	0.983146067416	0.0
ta'-	0.455892409391	0.400045589241	0.0574424435833	0.0866195577844
san-	0.351711026616	0.322424915624	0.259324133806	0.0665399239544
aui-	0.544083409252	0.247393460877	0.0172082194554	0.191314910416
pøn-	0.116534918767	0.845632645674	0.0109188776574	0.0269135579015
xij-	0.314916537347	0.149961819839	0.0399865343088	0.495135108506
arm-	0.0	1.0	0.0	0.0
cal-	0.0600667408232	0.796718576196	0.126529477197	0.0166852057842
jąp-	0.348048009173	0.516523958353	0.0594566604405	0.0759713720341
yuh-	0.33709537393	0.20749100831	0.368349249659	0.0870643681012
søm-	0.615588369023	0.22244578251	0.0518763294493	0.110089519017
gox-	0.0873870223224	0.753959724449	0.052150319773	0.106502933455
uąp-	0.342279268767	0.657720731233	0.0	0.0
mes-	0.156069364162	0.809248554913	0.0115606936416	0.0231213872832
bʉ'-	0.64156626506	0.186746987952	0.117469879518	0.0542168674699
xni-	0.208171206226	0.165369649805	0.568093385214	0.0583657587549
ndą-	0.0802675585284	0.842809364549	0.0702341137124	0.00668896321069
sąs-	0.0138888888889	0.659722222222	0.326388888889	0.0
adi-	0.0	1.0	0.0	0.0
ami-	0.083307671113	0.836545162807	0.030632587238	0.0495145788424
ąhm-	0.681908548708	0.214711729622	0.0178926441352	0.0854870775348
nuj-	0.378316144313	0.147731592292	0.0557285596728	0.418223703722
dɛ'-	0.0339162728015	0.953691242906	0.00717459616955	0.00521788812331
xąt-	0.0674698795181	0.730120481928	0.202409638554	0.0
ɛt'-	0.591397849462	0.301075268817	0.0215053763441	0.0860215053763
päm-	0.176570458404	0.823429541596	0.0	0.0
įng-	0.745240480962	0.123246492986	0.131513026052	0.0
sɛ'-	0.732142857143	0.196428571429	0.0357142857143	0.0357142857143
gól-	0.0	1.0	0.0	0.0
foh-	0.16425120773	0.779848171153	0.00828157349897	0.047619047619
ged-	0.0606060606061	0.939393939394	0.0	0.0
'da-	0.254260448844	0.207057906984	0.0909495840345	0.447732060137
hnɛ-	0.349416103258	0.326982175784	0.180086047941	0.143515673018
gʉq-	0.164383561644	0.650684931507	0.184931506849	0.0
nut-	0.323984526112	0.476305609284	0.125725338491	0.0739845261122
pąd-	0.78369886961	0.0429378633776	0.047336417593	0.12602684942
yem-	0.064044769159	0.577180164775	0.298150163221	0.0606249028447
dą'-	0.664677745814	0.141464888289	0.0569293224226	0.136928043474
heb-	0.0224921679058	0.940020885584	0.0299895572078	0.00749738930194
the-	0.246008417396	0.563758434097	0.150150310642	0.0400828378649
saf-	0.0672097759674	0.792260692464	0.0366598778004	0.103869653768
pʉn-	0.0	0.727941176471	0.183823529412	0.0882352941177
pąr-	0.730019998519	0.2295385527	0.012443522702	0.0279979260795
ho'-	0.59243697479	0.327731092437	0.0231092436975	0.0567226890756
yąu-	0.654924584246	0.140625671437	0.048730179193	0.155719565124
ban-	0.284953395473	0.363515312916	0.306258322237	0.0452729693741
søc-	0.309713980219	0.570836872692	0.0188778995515	0.100571247537
sʉq-	0.261507671781	0.476984656438	0.0	0.261507671781
arq-	0.177514792899	0.763313609468	0.0	0.0591715976331
ale-	0.0277296360485	0.857885615251	0.107452339688	0.00693240901213
sid-	0.0	0.99818401937	0.0	0.00181598062954
bon-	0.337024714829	0.367038973384	0.164852661597	0.13108365019
luc-	0.103336921421	0.75565123789	0.0710441334768	0.069967707212
äng-	0.614127609003	0.216073683429	0.0802198618435	0.0895788457253
dec-	0.156046814044	0.621586475943	0.0	0.222366710013
xtí-	0.345676637492	0.154438780417	0.0527556025777	0.447128979513
'ba-	0.172137803039	0.679758728686	0.0662568147547	0.0818466535204
jät-	0.698879551821	0.183473389356	0.0378151260504	0.0798319327731
jab-	0.185944594744	0.211042025936	0.110610111749	0.492403267571
c'o-	0.641025641026	0.169230769231	0.0410256410257	0.148717948718
cre-	0.0232158211522	0.966466036113	0.00515907136715	0.00515907136715
fot-	0.056338028169	0.943661971831	0.0	0.0
yør-	0.605882352941	0.279411764706	0.0	0.114705882353
tia-	0.00943396226415	0.981132075472	0.00943396226415	0.0
jo'-	0.480065537957	0.370289459312	0.0939377389405	0.0557072637903
dąn-	0.276785852788	0.639385713178	0.0364849142946	0.0473435197394
yʉt-	0.586970036056	0.218823821957	0.046997389034	0.147208752953
ang-	0.417620534166	0.285466527922	0.210891432536	0.0860215053764
dug-	0.447876447876	0.216216216216	0.289575289575	0.0463320463321
bax-	0.0390455531453	0.960954446855	0.0	0.0
høt-	0.11746855269	0.289315256228	0.557975625275	0.0352405658068
mbi-	0.328813559322	0.515254237288	0.109830508475	0.0461016949153
zap-	0.366892334571	0.506369658586	0.0947805197642	0.0319574870787
xog-	0.583402951824	0.246379838485	0.11104149262	0.0591757170704
cum-	0.0363636363636	0.818181818182	0.0	0.145454545455
zab-	0.0830737279335	0.910695742471	0.0	0.00623052959501
xoq-	0.467917521451	0.494347194561	0.037735283988	0.0
nją-	0.123884998961	0.100557132924	0.0993077815524	0.676250086563
uą'-	0.619718309859	0.323943661972	0.056338028169	0.0
heq-	0.375	0.458646616541	0.0704887218045	0.0958646616541
suu-	0.35	0.2	0.45	0.0
ąsp-	0.107623318386	0.820627802691	0.0	0.0717488789237
nef-	0.0	0.978021978022	0.0	0.021978021978
dʉt-	0.550819672131	0.449180327869	0.0	0.0
zʉi-	0.511013215859	0.224669603524	0.132158590308	0.132158590308
tąh-	0.340440848788	0.562116485551	0.0347948304823	0.0626478351788
hɛg-	0.645711874808	0.209305001534	0.0604096348573	0.0845734888002
guh-	0.0582524271845	0.866019417476	0.0582524271845	0.0174757281554
xpá-	0.442906574394	0.477508650519	0.0588235294118	0.0207612456748
feb-	0.275510204082	0.622448979592	0.0408163265306	0.0612244897959
hąn-	0.388242701975	0.469977087087	0.0644622461652	0.0773179647736
tre-	0.0	0.516129032258	0.0	0.483870967742
njä-	0.132890365448	0.528239202658	0.119601328904	0.21926910299
täi-	0.311160384331	0.60014781966	0.0532150776053	0.0354767184035
sʉ'-	0.527807486631	0.262032085561	0.110695187166	0.0994652406417
rs'-	0.5	0.277777777778	0.0833333333333	0.138888888889
un'-	0.631854696034	0.25273872542	0.0332903591961	0.0821162193502
elm-	0.0	1.0	0.0	0.0
ran-	0.0969907493642	0.051147082634	0.0179831976543	0.833878970347
zel-	0.0	0.989583333333	0.0104166666667	0.0
pɛr-	0.48275862069	0.51724137931	0.0	0.0
agr-	0.0	0.991992882562	0.00800711743772	0.0
mɛh-	0.108291032149	0.549915397631	0.34179357022	0.0
dog-	0.237698305996	0.0674912610917	0.648023662275	0.0467867706373
joh-	0.304026159307	0.457880883511	0.184093076087	0.0539998810951
unh-	0.55718614547	0.238469271207	0.0564961573244	0.147848425998
mfą-	0.324543753651	0.233884281195	0.202393617772	0.239178347382
maj-	0.171544316667	0.35859319395	0.163846698901	0.306015790482
nɛs-	0.332450331126	0.202649006622	0.154304635762	0.31059602649
neá-	0.0705882352941	0.835294117647	0.0588235294117	0.035294117647
sʉn-	0.440344403444	0.426404264043	0.0676506765068	0.0656006560065
cam-	0.0312256049961	0.885506115014	0.0520426749935	0.0312256049961
mix-	0.140504622812	0.640886714048	0.125168497316	0.0934401658243
min-	0.621433745619	0.101580602636	0.0258259582375	0.251159693508
est-	0.125509322138	0.771391529819	0.0327200888999	0.0703790591431
xʉn-	0.245706663299	0.0413122425911	0.213758323274	0.499222770836
n'y-	0.198114597142	0.618565980917	0.0319143712869	0.151405050654
ngø-	0.157524394511	0.737938809626	0.0672549858104	0.0372818100533
zoh-	0.74861599316	0.179441560797	0.0153730556971	0.0565693903461
äfʉ-	0.69851590106	0.221625441696	0.0289752650177	0.0508833922261
jih-	0.282258064516	0.620967741936	0.0967741935483	0.0
fɛg-	0.461538461538	0.25	0.153846153846	0.134615384615
max-	0.186415859428	0.277708943456	0.048152737103	0.487722460013
zɛn-	0.410170024493	0.520835515331	0.0209228762369	0.0480715839395
zøh-	0.551584974647	0.148321893001	0.0500155220586	0.250077610293
gog-	0.192453640725	0.336722273931	0.463950741033	0.00687334431159
gąn-	0.482446206116	0.476783691959	0.0271800679502	0.0135900339751
nye-	0.264810849393	0.433261955746	0.03426124197	0.267665952891
gau-	0.0697326913498	0.107421550722	0.0	0.822845757928
yox-	0.164315352697	0.601659751037	0.124481327801	0.109543568465
ąhą-	0.673076923077	0.0576923076923	0.134615384615	0.134615384615
gʉr-	0.689516129032	0.213709677419	0.0483870967742	0.0483870967742
pąc-	0.838189078343	0.0214768628937	0.0208738408254	0.119460217938
sau-	0.0653169952051	0.889930740543	0.0	0.0447522642515
zɛ'-	0.244389881802	0.616627648033	0.070804545195	0.0681779249701
pąq-	0.596217276941	0.0771784059121	0.0482234562231	0.278380860924
pri-	0.0490384615384	0.930769230769	0.0	0.0201923076923
'yą-	0.252336453949	0.456731157357	0.224321336206	0.0666110524878
bom-	0.0737605419035	0.837667799379	0.0319760144768	0.056595644241
xäh-	0.576630600427	0.293226150564	0.060804632734	0.0693386162756
nɛh-	0.466610907835	0.312879116753	0.0837052916696	0.136804683742
xui-	0.0273567114655	0.909861306725	0.003580721396	0.059201260414
cʉt-	0.324722112483	0.122413066936	0.06969269591	0.483172124671
thʉ-	0.211643181946	0.770673103913	0.00505248975468	0.0126312243867
dup-	0.486031174541	0.318526436045	0.141462485828	0.0539799035857
yoj-	0.266129032258	0.717741935484	0.0	0.016129032258
arp-	0.140410958904	0.804794520548	0.054794520548	0.0
häz-	0.635714285714	0.171428571429	0.15	0.0428571428571
yą́-	0.470588235294	0.220588235294	0.25	0.0588235294118
hyo-	0.563893884589	0.203533965064	0.181329978446	0.0512421719
ngä-	0.0	0.819787985866	0.180212014134	0.0
zo'-	0.553191489362	0.26914893617	0.0882978723404	0.0893617021276
hät-	0.368613648097	0.408842557013	0.121248404516	0.101295390374
gmi-	0.304804684367	0.409641453437	0.0689821127777	0.216571749418
güe-	0.224090813538	0.192978768131	0.560227033845	0.022703384486
aza-	0.0366972477064	0.889908256881	0.0	0.0733944954128
sä'-	0.43025210084	0.0638655462185	0.201680672269	0.304201680672
ʉjʉ-	0.818181818182	0.0363636363636	0.0363636363636	0.109090909091
mpä-	0.264259927798	0.297833935018	0.305054151625	0.132851985559
mbɛ-	0.320678966858	0.465374592037	0.089501717929	0.124444723176
cąt-	0.646017699115	0.247787610619	0.0	0.106194690266
eti-	0.0	0.916666666667	0.0714285714286	0.0119047619047
fos-	0.464571540113	0.459301190709	0.0468475502635	0.0292797189147
pad-	0.122270742358	0.724890829694	0.0366812227074	0.11615720524
gąr-	0.495535714286	0.433035714286	0.0	0.0714285714286
cle-	0.0263736263736	0.934065934066	0.0131868131868	0.0263736263736
gdi-	0.274012370825	0.22483342464	0.0216325555915	0.479521648944
pet-	0.0736196319019	0.766871165644	0.110429447853	0.0490797546012
anf-	0.117647058824	0.882352941176	0.0	0.0
xof-	0.0405405405405	0.783783783784	0.175675675676	0.0
zas-	0.555905511811	0.32125984252	0.051968503937	0.0708661417323
quí-	0.111111111111	0.888888888889	0.0	0.0
lot-	0.0	0.989637305699	0.0103626943005	0.0
tu'-	0.490057669512	0.246234167521	0.0736185288282	0.190089634138
yąx-	0.0983606557377	0.649590163934	0.227459016393	0.0245901639344
yąn-	0.500324515159	0.245634201283	0.0639461281062	0.190095155452
xop-	0.150214592275	0.799713876967	0.0500715307582	0.0
cun-	0.102040816327	0.734693877551	0.102040816327	0.0612244897959
zic-	0.222551928783	0.200296735905	0.499258160237	0.0778931750742
gą'-	0.548970679975	0.189020586401	0.127261384903	0.134747348721
xuu-	0.0981781152459	0.845615743918	0.0219600203661	0.0342461204702
dav-	0.0125381146914	0.951848930434	0.00459142228134	0.0310215325932
hnd-	0.496124031008	0.336434108527	0.125581395349	0.0418604651163
pát-	0.0	1.0	0.0	0.0
dot-	0.721649484536	0.257731958763	0.020618556701	0.0
dąm-	0.280119726635	0.483153491297	0.192346729608	0.04438005246
caí-	0.0	0.993506493506	0.00649350649351	0.0
hɛt-	0.0869565217391	0.0640732265446	0.839816933639	0.0091533180778
ngu-	0.0807892376025	0.0977032822355	0.0609843489905	0.760523131172
xoc-	0.551407423416	0.274812253498	0.108226628487	0.065553694599
zįt-	0.0469478924551	0.748037518751	0.181741753622	0.0232728351714
xit-	0.103231035171	0.766443424661	0.114593246944	0.0157322932245
gui-	0.183018311267	0.0830544276986	0.0134827031297	0.720444557905
niy-	0.499936110401	0.272616917966	0.139758497317	0.0876884743163
hąm-	0.50921088258	0.303713434752	0.0126355057712	0.174440176897
hax-	0.759259259259	0.074074074074	0.0	0.166666666667
dąs-	0.109205477477	0.728396963074	0.0963375352664	0.0660600241827
co'-	0.468906176531	0.257926552861	0.167245267719	0.105922002889
put-	0.161290322581	0.709677419355	0.129032258065	0.0
tin-	0.0530973451327	0.911504424779	0.0353982300885	0.0
bøh-	0.0798479087452	0.722433460076	0.162230671736	0.0354879594423
han-	0.124798714078	0.0942028816913	0.0410379918191	0.739960412411
dyʉ-	0.215540477138	0.331705770245	0.0302344920418	0.422519260575
pub-	0.019801980198	0.960396039604	0.019801980198	0.0
top-	0.0	1.0	0.0	0.0
tun-	0.465539735663	0.268421351183	0.0697713993987	0.196267513756
øts-	0.235294117647	0.441176470588	0.117647058823	0.205882352941
dad-	0.229820675947	0.1248765345	0.0853368997737	0.55996588978
ʉrc-	0.338461538462	0.569230769231	0.0	0.0923076923077
dof-	0.0582734315026	0.918987135646	0.00994486705283	0.012794565799
įda-	0.0538116591928	0.928251121076	0.00896860986547	0.00896860986547
cux-	0.752688172043	0.225806451613	0.0	0.0215053763441
m'b-	0.228154655003	0.158074309675	0.0826012589211	0.531169776401
rom-	0.0733088460361	0.751300887665	0.168962350781	0.00642791551882
ncʉ-	0.108786610879	0.627615062762	0.0376569037657	0.225941422594
ti'-	0.516194331984	0.210526315789	0.151821862348	0.121457489879
xą'-	0.136363636364	0.409090909091	0.227272727273	0.227272727273
doh-	0.773462783172	0.129449838188	0.0388349514563	0.0582524271845
can-	0.0468397291197	0.85835214447	0.0626410835214	0.0321670428894
fąh-	0.450289790459	0.229603209987	0.128176549264	0.19193045029
jes-	0.00961796122794	0.73342386772	0.00280273908891	0.254155431963
to'-	0.0495463275139	0.123470279198	0.00662708070785	0.82035631258
fɛn-	0.596825396825	0.307936507936	0.0428571428572	0.0523809523809
con-	0.307732772225	0.429773803262	0.143608627038	0.118884797475
nɛn-	0.690909090909	0.236363636364	0.0727272727273	0.0
hon-	0.54580507963	0.233342810739	0.111025857738	0.109826251894
hɛh-	0.578369905956	0.228840125392	0.164576802508	0.0282131661442
hup-	0.842505371013	0.08494463725	0.00033052388035	0.0722194678565
ørc-	0.362555049498	0.432303233335	0.103511875635	0.101629841533
miy-	0.0263157894737	0.789473684211	0.131578947368	0.0526315789473
xøm-	0.190900803394	0.402158325785	0.271942868453	0.134998002368
íxi-	0.0416473854697	0.927348449792	0.0310041647385	0.0
hah-	0.0	1.0	0.0	0.0
xʉm-	0.27547208278	0.229044424693	0.252874344342	0.242609148185
may-	0.284928750501	0.246490475967	0.137855611063	0.330725162468
cap-	0.0135183208823	0.972607612949	0.0	0.0138740661686
häi-	0.0668420094925	0.67009223843	0.0194279208682	0.243637831209
ara-	0.128992628993	0.846437346437	0.0135135135135	0.0110565110565
gad-	0.33666041901	0.227120109871	0.0571565991146	0.379062872003
thą-	0.371890288114	0.442234565437	0.0566840624357	0.129191084014
ąts-	0.411764705882	0.5	0.0882352941176	0.0
cu'-	0.0651294498382	0.836569579288	0.0776699029127	0.0206310679611
hun-	0.0666666666667	0.4	0.533333333333	0.0
sim-	0.13636840449	0.817650966817	0.0288121962306	0.0171684324627
pør-	0.0931362624013	0.878922858878	0.00728892488359	0.0206519538368
pɛg-	0.136675395007	0.143813085376	0.0421131008642	0.677398418752
uag-	0.114133526512	0.0443960532986	0.0327476820379	0.808722738151
zɛm-	0.335802469136	0.491358024691	0.165432098765	0.0074074074074
ʉc'-	0.92062593298	0.0415401245689	0.0	0.0378339424512
zäh-	0.1	0.63	0.15	0.12
xɛn-	0.658982861252	0.244337022093	0.0223722583996	0.0743078582557
jus-	0.0221811460259	0.955637707948	0.0221811460259	0.0
teó-	0.0	0.992277992278	0.0	0.00772200772201
eze-	0.0	1.0	0.0	0.0
jos-	0.0164977916342	0.973109898675	0.00688490517017	0.00350740452065
ɛ't-	0.372323712914	0.21702051259	0.043314331882	0.367341442614
ha'-	0.136637768564	0.269694685262	0.288352808142	0.305314738032
pø'-	0.368108566582	0.350296861747	0.137404580153	0.144189991518
pąp-	0.655172413793	0.187586206897	0.132413793103	0.0248275862069
bur-	0.0960597161038	0.891091532061	0.00917767988251	0.00367107195301
cor-	0.0870265296733	0.832157644533	0.0403312375403	0.0404845882533
sif-	0.574456232315	0.228418012128	0.0334126008329	0.163713154724
o'ʉ-	0.0252100840336	0.873949579832	0.100840336134	0.0
ząi-	0.25252879202	0.230616487958	0.0878361015722	0.42901861845
efe-	0.146341463415	0.817073170732	0.0	0.0365853658537
xuh-	0.423292273236	0.216125419933	0.23516237402	0.125419932811
tʉj-	0.363805970149	0.328358208955	0.251865671642	0.0559701492537
sʉs-	0.588232860276	0.280276387107	0.0295419752575	0.101948777359
t'o-	0.421343373825	0.477333315011	0.0280671137251	0.0732561974386
cäx-	0.836820083682	0.108786610879	0.0	0.0543933054393
xɛ̨-	0.323741007194	0.647482014388	0.0287769784173	0.0
fɛ'-	0.465894465895	0.233376233376	0.178893178893	0.121836121836
n'd-	0.0601475591863	0.128666803971	0.0448162759333	0.766369360909
aca-	0.0238206445586	0.97104156936	0.0	0.00513778608127
six-	0.522924572439	0.331002755107	0.0600405468628	0.0860321255913
t'a-	0.121249983646	0.395309181462	0.474206167493	0.00923466739933
jär-	0.345679012346	0.435626102293	0.197530864198	0.021164021164
øcä-	0.915093820503	0.0430125277426	0.00495240191493	0.0369412498395
cʉ'-	0.428336466165	0.322603383459	0.0422932330827	0.206766917293
sot-	0.197142857143	0.275714285714	0.12	0.407142857143
zam-	0.131487889273	0.308535178777	0.161764705882	0.398212226067
'yø-	0.540657409958	0.18375030431	0.0463526612732	0.229239624459
cir-	0.0229202037351	0.977079796265	0.0	0.0
gąs-	0.637742291855	0.200562418399	0.0170734156874	0.144621874058
tab-	0.0	1.0	0.0	0.0
for-	0.0	0.981072555205	0.0	0.0189274447949
yøt-	0.553164405402	0.370625637817	0.0376768325661	0.0385331242153
naz-	0.0199488491049	0.972378516624	0.00460358056266	0.00306905370844
yʉr-	0.76052212546	0.0626904401501	0.00776504354322	0.169022390847
ber-	0.0493254025824	0.89736623452	0.0273004233544	0.0260079395434
fäd-	0.145433864153	0.789933376666	0.0134059148521	0.0512268443289
baz-	0.292397660819	0.543859649123	0.140350877193	0.0233918128655
cuø-	0.136	0.624	0.168	0.072
øhm-	0.854745451981	0.0706686096617	0.0153559284853	0.0592300098717
saj-	0.485294117647	0.415441176471	0.0992647058824	0.0
dʉ'-	0.545436273648	0.167114706597	0.0576170975387	0.229831922217
zar-	0.0	1.0	0.0	0.0
sup-	0.466748017084	0.161073825503	0.163514338011	0.208663819402
uns-	0.450381679389	0.381092190252	0.112155020552	0.0563711098063
xut-	0.0	0.975609756098	0.0243902439024	0.0
gux-	0.677953062158	0.160487073074	0.1471989879	0.0143608768683
nax-	0.189768976898	0.389438943894	0.371287128713	0.0495049504951
zøt-	0.398449039882	0.436853766617	0.11447562777	0.0502215657312
gäx-	0.784771573604	0.157360406091	0.0395939086295	0.0182741116751
bat-	0.500151706189	0.447459089898	0.0141592443009	0.0382299596125
fer-	0.656	0.304	0.032	0.008
loi-	0.0124223602484	0.913043478261	0.0745341614907	0.0
oso-	0.139534883721	0.674418604651	0.186046511628	0.0
pä'-	0.796511627907	0.139534883721	0.0523255813953	0.0116279069767
døm-	0.603840180714	0.213327686009	0.0681914443033	0.114640688974
abe-	0.0482456140351	0.934210526316	0.0	0.0175438596491
tam-	0.514285714286	0.485714285714	0.0	0.0
jan-	0.133886206062	0.109104272873	0.0234723883042	0.733537132761
nɛm-	0.348951580453	0.561854517816	0.070416238208	0.0187776635221
ąpʉ-	0.314387211368	0.51865008881	0.0746003552398	0.0923623445826
ʉnj-	0.0515463917526	0.948453608247	0.0	0.0
dʉr-	0.375	0.3203125	0.2578125	0.046875
yʉp-	0.47582205029	0.423597678917	0.0580270793037	0.0425531914893
tąn-	0.704347826087	0.188405797101	0.0608695652174	0.0463768115942
fel-	0.00581733566027	0.990110529378	0.00174520069808	0.00232693426411
hyø-	0.641981568195	0.25753825047	0.0525614642051	0.0479187171304
nɛc-	0.154420754685	0.249568727285	0.062555479257	0.533455038773
nix-	0.0279069767442	0.920930232558	0.0348837209302	0.0162790697674
bąq-	0.346153846154	0.4	0.138461538462	0.115384615385
míd-	0.0952380952381	0.126984126984	0.285714285714	0.492063492063
'yä-	0.584778636572	0.261323301013	0.0340006029342	0.11989745948
uni-	0.542712461471	0.208938793483	0.0792602377807	0.169088507265
xø'-	0.410681399632	0.537753222836	0.00736648250462	0.0441988950276
dąr-	0.265193370166	0.364640883978	0.0331491712707	0.337016574586
bʉy-	0.2033540175	0.0537764602577	0.00276138907592	0.740108133166
tim-	0.0368111522544	0.889348725768	0.0108908734481	0.0629492485298
tri-	0.00333444481493	0.996665555185	0.0	0.0
yɛi-	0.201219512195	0.762195121951	0.0182926829268	0.0182926829268
zen-	0.0771704180064	0.868167202572	0.00964630225079	0.0450160771704
ja'-	0.33852990187	0.2565154601	0.117826328458	0.287128309572
rah-	0.0359281437126	0.940119760479	0.0239520958084	0.0
mol-	0.0	0.962264150943	0.0377358490566	0.0
pɛt-	0.319798354128	0.405768774885	0.0335512024732	0.240881668513
zox-	0.619339045288	0.271725826193	0.0183598531212	0.0905752753977
nde-	0.297692286793	0.24526147734	0.0376800448343	0.419366191033
elo-	0.0	0.962264150943	0.0188679245283	0.0188679245283
zan-	0.5	0.334685598377	0.0488843813387	0.116430020284
tes-	0.0763084950269	0.77906407957	0.0829936409588	0.0616337844448
sɛm-	0.855376231398	0.144623768602	0.0	0.0
gøn-	0.445554649266	0.226141924959	0.142740619902	0.185562805873
däm-	0.489583333333	0.463541666667	0.0364583333334	0.0104166666667
bąc-	0.402310707654	0.303693005983	0.10521972354	0.188776562822
ädi-	0.38313253012	0.202409638554	0.274698795181	0.139759036145
jąm-	0.273417622421	0.199906055506	0.0739812893882	0.452695032685
jon-	0.101874398324	0.844923268588	0.0332974687129	0.0199048643751
jer-	0.0123031077054	0.978671775224	0.000766283524904	0.00825883354619
het-	0.491644204852	0.276549865229	0.160646900269	0.0711590296495
mun-	0.267847710373	0.480638738775	0.145869733046	0.105643817805
ʉrp-	0.357093899931	0.472241261138	0.07813570939	0.0925291295407
føh-	0.601153291687	0.223450264296	0.0961076405573	0.0792888034599
nzo-	0.676470588235	0.294117647059	0.0	0.0294117647059
yeh-	0.533333333333	0.355555555556	0.111111111111	0.0
unn-	0.615490893397	0.289954011585	0.0298182042379	0.0647368907796
nij-	0.0410434451763	0.900068960597	0.0274415618387	0.0314460323877
mah-	0.0804924276398	0.43876294863	0.101651855989	0.379092767741
dʉn-	0.802631578947	0.126315789474	0.0434210526315	0.0276315789473
tum-	0.137423478008	0.182524406809	0.664291117423	0.0157609977603
eno-	0.0128205128205	0.987179487179	0.0	0.0
nɛq-	0.374495044475	0.431655765652	0.114033245246	0.0798159446271
xøn-	0.388610763455	0.329943679599	0.117959949937	0.163485607009
pøs-	0.482416591524	0.317403065825	0.02434625789	0.175834084761
døp-	0.731216931217	0.116402116402	0.120634920635	0.031746031746
seg-	0.0	1.0	0.0	0.0
euf-	0.0	1.0	0.0	0.0
sør-	0.465753424658	0.493150684932	0.0	0.041095890411
mil-	0.10305958132	0.632045088567	0.0144927536232	0.250402576489
jij-	0.0757575757575	0.0909090909091	0.80303030303	0.030303030303
nug-	0.214623739295	0.0523924002925	0.0104605701454	0.722523290268
'ye-	0.267248545303	0.661679135495	0.0374064837905	0.0336658354115
ųhʉ-	0.0931677018634	0.645962732919	0.186335403727	0.0745341614907
tą'-	0.608040201005	0.371859296482	0.0201005025125	0.0
zon-	0.694347908589	0.200910384264	0.0352859088634	0.0694557982837
tus-	0.121387283237	0.878612716763	0.0	0.0
päh-	0.375943882889	0.390891794705	0.0606213812531	0.172542941153
hum-	0.282372676017	0.288150598761	0.182750104841	0.246726620381
pɛf-	0.390148954112	0.334833766944	0.134086280226	0.140930998719
así-	0.0	1.0	0.0	0.0
ya'-	0.326376554174	0.274422735346	0.263765541741	0.135435168739
'ue-	0.468324777551	0.242077904827	0.110741960875	0.178855356746
ähm-	0.501972032987	0.296522050914	0.0810326281822	0.120473287917
yoz-	0.117647058823	0.470588235294	0.0180995475113	0.393665158371
jur-	0.409824153466	0.357651504142	0.163735891101	0.068788451291
jor-	0.00155601659751	0.998443983402	0.0	0.0
naí-	0.0	1.0	0.0	0.0
fɛs-	0.478852277447	0.292814619964	0.177384743181	0.0509483594075
'nɛ-	0.500489312387	0.11475663147	0.241050733969	0.143703322174
nza-	0.478764478764	0.374517374517	0.069498069498	0.0772200772201
por-	0.0863309352518	0.913669064748	0.0	0.0
alf-	0.0	1.0	0.0	0.0
cos-	0.459373485547	0.418705067428	0.0533087498497	0.0686126971749
sig-	0.585083272991	0.376538740043	0.00434467776975	0.0340333091962
hɛp-	0.121212121212	0.878787878788	0.0	0.0
pʉc-	0.267515923567	0.363057324841	0.0	0.369426751592
ped-	0.0300307369469	0.956147725668	0.00504435671	0.0087771806754
gní-	0.35409982573	0.115796058805	0.0351222127888	0.494981902677
sʉt-	0.505443234837	0.386728875065	0.0933125972006	0.0145152928979
säm-	0.512621359223	0.24854368932	0.141747572815	0.0970873786407
yą'-	0.47251664947	0.3431666823	0.0412719257106	0.143044742519
mxu-	0.396551724138	0.5	0.0	0.103448275862
mel-	0.0260934393639	0.967279655401	0.00414181577204	0.00248508946323
n'u-	0.927272727273	0.0727272727272	0.0	0.0
oxh-	0.428015564202	0.198443579767	0.0	0.373540856031
fɛ̨-	0.361539550021	0.55536688521	0.0500762542648	0.0330173105042
siy-	0.324418526711	0.365909243247	0.237281319123	0.072390910919
oja-	0.421052631579	0.363636363636	0.0502392344498	0.165071770335
láz-	0.0386447856008	0.942297511911	0.0105876124934	0.00847008999471
boq-	0.548717948718	0.0820512820512	0.369230769231	0.0
jud-	0.0543769093085	0.809935555917	0.0938362797485	0.0418512550259
mi'-	0.0643503414624	0.41305894413	0.194407074214	0.328183640194
cis-	0.0	1.0	0.0	0.0
ʉsp-	0.816326530612	0.102040816327	0.0816326530612	0.0
tøq-	0.0392156862745	0.960784313725	0.0	0.0
sɛr-	0.704016913319	0.216701902748	0.026955602537	0.0523255813953
paj-	0.418918918919	0.351351351351	0.0540540540541	0.175675675676
tøc-	0.435925648241	0.390560948774	0.0578378009951	0.11567560199
gąt-	0.340165934602	0.321132259639	0.288433382138	0.0502684236213
cie-	0.0188679245283	0.943396226415	0.0	0.0377358490566
pix-	0.510230179028	0.489769820972	0.0	0.0
xqu-	0.199222249299	0.0804678361113	0.0120566023783	0.708253312211
yu'-	0.65141955836	0.250788643533	0.0946372239747	0.00315457413249
and-	0.00776699029126	0.987702265372	0.0	0.00453074433657
øhn-	0.794801641587	0.175102599179	0.0136798905609	0.0164158686731
xat-	0.87636761488	0.0842450765864	0.0	0.0393873085339
nje-	0.348837209302	0.523255813953	0.0348837209302	0.093023255814
xäd-	0.0988050333004	0.589765863902	0.184364464311	0.127064638487
per-	0.253747714808	0.6760511883	0.0658135283364	0.00438756855575
cʉh-	0.297669491525	0.35593220339	0.289194915254	0.0572033898305
ced-	0.0	1.0	0.0	0.0
hmb-	0.4	0.569230769231	0.0	0.0307692307692
lid-	0.0547024952015	0.801343570058	0.0	0.143953934741
zim-	0.515698098921	0.239297979935	0.0864003894102	0.158603531734
ata-	0.0	1.0	0.0	0.0
duj-	0.686567164179	0.313432835821	0.0	0.0
zä'-	0.423819742489	0.43025751073	0.0493562231759	0.0965665236051
dat-	0.607329842932	0.329842931937	0.0628272251308	0.0
lev-	0.0695458875833	0.917751667196	0.00127024452207	0.0114322006987
sed-	0.0	0.724137931034	0.275862068966	0.0
suc-	0.235294117647	0.573529411765	0.0588235294118	0.132352941176
cuh-	0.0439660219113	0.868101934266	0.0692942736646	0.0186377701581
døn-	0.043656782393	0.866329233292	0.0517580409814	0.0382559433341
dąc-	0.0603369589698	0.766357276759	0.157065757633	0.0162400066383
nsi-	0.438499724214	0.328185328185	0.203530060673	0.0297848869277
zʉj-	0.408980582524	0.311893203883	0.0983009708738	0.180825242718
jai-	0.124197002141	0.813704496788	0.00642398286938	0.0556745182013
tal-	0.0	0.924528301887	0.0754716981132	0.0
nyą-	0.379528408255	0.474059185908	0.0345441770022	0.111868228835
güi-	0.017550274223	0.982449725777	0.0	0.0
xiz-	0.00578034682083	0.976878612717	0.00867052023121	0.00867052023121
chi-	0.0360066707095	0.915479078229	0.0204669496665	0.0280473013948
zʉd-	0.348926380368	0.441717791411	0.0230061349693	0.186349693251
xti-	0.540656511478	0.242651791461	0.0901094185797	0.126582278481
nuį-	0.100732731024	0.615865563223	0.244551943279	0.038849762475
sän-	0.422179474001	0.30345526366	0.144260561829	0.13010470051
mpa-	0.35	0.496666666667	0.113333333333	0.04
pax-	0.164894932015	0.743634116193	0.00296662546354	0.0885043263288
tøm-	0.379669592743	0.50019387113	0.0424609556258	0.077675580501
tøp-	0.293856402665	0.216876387861	0.386380458919	0.102886750555
bøn-	0.416851127505	0.241212750863	0.0525422644684	0.289393857163
dąq-	0.184308510638	0.754255319149	0.0390957446808	0.0223404255319
hih-	0.068493150685	0.0410958904109	0.787671232877	0.102739726027
asm-	0.0481400437637	0.947483588621	0.0	0.00437636761488
evo-	0.0	1.0	0.0	0.0
dän-	0.582400551059	0.266919235406	0.105906664371	0.0447735491648
ɛ̨h-	0.521886758342	0.214545598355	0.109292550367	0.154275092937
ter-	0.0	1.0	0.0	0.0
pøp-	0.0	0.904761904762	0.0952380952381	0.0
did-	0.317647058824	0.435294117647	0.123529411765	0.123529411765
nam-	0.498366102064	0.149855672349	0.0325871866093	0.319191038977
jom-	0.177022274326	0.443141852286	0.119577960141	0.260257913247
oli-	0.0427304488041	0.957269551196	0.0	0.0
zøc-	0.736687394008	0.087733182589	0.0172979084228	0.15828151498
jec-	0.0236220472441	0.976377952756	0.0	0.0
doj-	0.0505448067283	0.91852066675	0.0234770960213	0.0074574305009
sąm-	0.412139219015	0.289049235993	0.251697792869	0.0471137521222
cut-	0.664670658683	0.245508982036	0.0898203592814	0.0
däp-	0.538825186079	0.238784952726	0.101086300543	0.121303560652
col-	0.0	1.0	0.0	0.0
díd-	0.252830188679	0.215094339623	0.283018867924	0.249056603774
dįt-	0.392523364486	0.551401869159	0.0	0.0560747663551
nɛp-	0.0961818936957	0.180214451983	0.0236446350439	0.699959019278
pą'-	0.63550891429	0.193851675574	0.0547731439941	0.115866266141
nim-	0.176458479022	0.258785990852	0.0580636762965	0.50669185383
ɛnx-	0.382857142857	0.617142857143	0.0	0.0
xih-	0.54480836478	0.119843672138	0.0285663074342	0.306781655647
lin-	0.0355871886121	0.633056544089	0.331356267299	0.0
gyʉ-	0.251695341162	0.376875848089	0.0901663511634	0.281262459585
dʉm-	0.328222328701	0.344513655966	0.128413991375	0.198850023958
mai-	0.0	1.0	0.0	0.0
ape-	0.107142857143	0.892857142857	0.0	0.0
éfe-	0.0776119402985	0.876332622601	0.0102345415778	0.0358208955224
got-	0.713679531218	0.211557890483	0.0408163265306	0.033946251768
pøt-	0.311529026983	0.562414826928	0.121967838648	0.00408830744072
sʉc-	0.293134481872	0.377474929288	0.248907174081	0.0804834147597
car-	0.00478087649402	0.977689243028	0.00796812749005	0.00956175298804
mim-	0.38561603139	0.296205717489	0.0649775784754	0.253200672646
søq-	0.34309623431	0.430962343096	0.0502092050209	0.175732217573
zom-	0.512172137584	0.402073189885	0.056227422648	0.0295272498822
pól-	0.0612244897959	0.897959183673	0.0	0.0408163265306
pun-	0.664684163958	0.243439697338	0.0439885370879	0.0478876016162
mbø-	0.424347007785	0.479837275376	0.0452288005475	0.0505869162918
įti-	0.18626062323	0.254249291785	0.475212464589	0.0842776203966
pɛi-	0.247311827957	0.752688172043	0.0	0.0
tur-	0.370860927152	0.629139072848	0.0	0.0
t'ą-	0.294421003282	0.423816221285	0.172058134084	0.10970464135
xįm-	0.462686567164	0.402985074627	0.134328358209	0.0
utä-	0.442424242424	0.406060606061	0.121212121212	0.030303030303
jʉn-	0.121727303638	0.624617477049	0.123087385243	0.13056783407
zoc-	0.366564550973	0.477587144712	0.0735463908004	0.0823019135147
nup-	0.556451612903	0.193548387097	0.177419354839	0.0725806451613
huą-	0.2484348077	0.677111614693	0.0211175654811	0.0533360121269
änn-	0.443700547779	0.309190505173	0.0365185636031	0.210590383445
xąn-	0.418626672837	0.354630619919	0.165605837269	0.0611368699762
nju-	0.313548355168	0.236467728709	0.18898230513	0.261001610992
zɛy-	0.225806451613	0.58064516129	0.193548387097	0.0
mna-	0.0446428571428	0.875	0.080357142857	0.0
fąd-	0.421093014839	0.386825913862	0.143409337676	0.0486717336228
joq-	0.50135501355	0.0379403794038	0.433604336043	0.0271002710027
sih-	0.59078806227	0.332142682123	0.0228329149719	0.0542363406351
xi'-	0.485544518129	0.21187621189	0.0497760900686	0.252803179913
ala-	0.00588235294119	0.879411764706	0.114705882353	0.0
cop-	0.793173713704	0.128374936322	0.0173204279165	0.061130922058
baj-	0.632653061224	0.0816326530612	0.183673469388	0.102040816327
zät-	0.448753462604	0.362880886426	0.0664819944598	0.12188365651
pom-	0.351398601399	0.402447552448	0.124475524475	0.121678321678
nyɛ-	0.786903440622	0.166481687014	0.0332963374029	0.0133185349611
tha-	0.35011962206	0.460457344599	0.0397882695655	0.149634763775
xcá-	0.419799932835	0.0841678279518	0.0360549272423	0.459977311971
'de-	0.0	0.979381443299	0.020618556701	0.0
xiy-	0.396248534584	0.177608440797	0.121922626026	0.304220398593
ser-	0.0	1.0	0.0	0.0
cri-	0.036196386611	0.880474488516	0.0070631570427	0.0762659678304
fät-	0.294882406548	0.498457448143	0.0379576446195	0.16870250069
cät-	0.409433631422	0.368314921971	0.0736454497633	0.148605996844
siz-	0.497959183673	0.477551020408	0.0	0.0244897959183
uąh-	0.136363636364	0.689393939394	0.174242424242	0.0
deg-	0.609090909091	0.190909090909	0.2	0.0
fél-	0.0570021111893	0.915552427868	0.00422237860661	0.0232230823363
bit-	0.0	1.0	0.0	0.0
tʉh-	0.178356713427	0.627254509018	0.194388777555	0.0
cef-	0.396226415094	0.490566037736	0.0	0.11320754717
gąc-	0.318367346939	0.534693877551	0.0612244897959	0.0857142857142
tįm-	0.617553925681	0.178759912312	0.0357249181304	0.167961243877
mfä-	0.227533460803	0.588910133843	0.160611854684	0.0229445506692
høx-	0.248935637365	0.656398697721	0.0946656649136	0.0
a'i-	0.33606557377	0.614754098361	0.0491803278688	0.0
sur-	0.0790513833992	0.679841897233	0.173913043478	0.0671936758893
hnu-	0.341541624795	0.285438405632	0.167845786734	0.20517418284
fäj-	0.836363636364	0.0	0.0727272727273	0.0909090909091
fri-	0.030303030303	0.866666666667	0.0909090909091	0.0121212121212
ico-	0.0	1.0	0.0	0.0
job-	0.0	0.925925925926	0.0740740740741	0.0
bet-	0.0147945205479	0.955616438356	0.00493150684931	0.0246575342466
ʉcp-	0.560408287167	0.332302496775	0.0461030583593	0.061186157699
sal-	0.016197417941	0.970939926635	0.00285836787194	0.0100042875518
xud-	0.0374665477253	0.609277430865	0.0749330954505	0.278322925959
hma-	0.252938226567	0.524693582398	0.0564759830818	0.165892207953
mbe-	0.270797944482	0.596793134719	0.0253997212584	0.107009199541
gäh-	0.273649687404	0.360459157528	0.0276724402993	0.338218714769
ngʉ-	0.126947540643	0.693530498896	0.10007167383	0.0794502866306
lic-	0.0257731958763	0.865979381443	0.10824742268	0.0
guz-	0.601342281879	0.358389261745	0.0241610738255	0.0161073825503
zib-	0.864406779661	0.0338983050847	0.0677966101695	0.0338983050847
än'-	0.606652381416	0.223872601539	0.0547871822344	0.114687834811
ren-	0.181243889599	0.799202827705	0.0150409866887	0.00451229600662
gɛ̨-	0.118529269473	0.756168359942	0.118529269473	0.00677310111275
ma'-	0.0930272203512	0.580394667261	0.226436165771	0.100141946617
äfe-	0.597472924188	0.227436823105	0.043321299639	0.131768953069
yąm-	0.460614452962	0.372653729188	0.0978592866939	0.0688725311566
cui-	0.224043715847	0.218579234973	0.360655737705	0.196721311475
dąb-	0.0291274648795	0.902178115737	0.0501353267173	0.0185590926666
t'u-	0.274479450883	0.54336551122	0.0650316056516	0.117123432245
høh-	0.373426573426	0.496503496504	0.0755244755245	0.0545454545454
fʉg-	0.800982800983	0.199017199017	0.0	0.0
'dä-	0.051541378975	0.194009530293	0.0191254173554	0.735323673377
sat-	0.0966183574879	0.874396135266	0.0217391304348	0.00724637681159
tąt-	0.158108096996	0.669879042537	0.107990099743	0.0640227607246
dʉp-	0.57304964539	0.224113475177	0.177304964539	0.0255319148936
jah-	0.300243273665	0.398569405613	0.11437493192	0.186812388802
ʉsɛ-	0.545871559633	0.399082568807	0.0	0.0550458715596
t'ʉ-	0.0664692362719	0.840289676955	0.062941736963	0.0302993498102
toc-	0.545454545454	0.420454545455	0.0	0.0340909090909
dąp-	0.335967739032	0.575638648352	0.0361855725782	0.0522080400382
ørp-	0.485030639043	0.248660636125	0.0943098920339	0.171998832798
ɛni-	0.338983050847	0.305084745763	0.254237288136	0.101694915254
bɛ'-	0.558514365802	0.235459004905	0.0798878766643	0.126138752628
xos-	0.303872889772	0.410129096326	0.0953326713009	0.190665342602
täm-	0.849836065574	0.0937704918033	0.0347540983607	0.0216393442623
