zøg-	0.0909090909091	0.488636363636	0.420454545455	0.0
vas-	0.0149720521693	0.943106201757	0.0239552834709	0.0179664626032
mbø-	0.359379227185	0.288711988699	0.214814832468	0.137093951647
fig-	0.0	1.0	0.0	0.0
jac-	0.0764403381853	0.848426741044	0.0202213893489	0.0549115314216
júp-	0.0	1.0	0.0	0.0
siu-	0.688524590164	0.100882723833	0.0643127364439	0.146279949559
nyu-	0.0495546464734	0.927902051237	0.00121855688049	0.0213247454086
a̱t-	0.502890173411	0.201348747591	0.126204238921	0.169556840077
fʉn-	0.0453947368421	0.867105263158	0.0657894736842	0.0217105263158
tät-	0.341727174417	0.470106596632	0.0389309439209	0.14923528503
pid-	0.103568331553	0.259865337928	0.611305761848	0.0252605686714
tøg-	0.18030215471	0.760257574507	0.0282341286222	0.0312061421613
der-	0.05	0.95	0.0	0.0
bød-	0.174204355109	0.256281407035	0.428810720268	0.140703517588
hat-	0.0400947694551	0.639147074904	0.0200473847275	0.300710770913
ʉ'a-	0.16281658781	0.83718341219	0.0	0.0
neg-	0.345801337627	0.464453802329	0.130294773347	0.059450086698
tib-	0.0380047505938	0.952494061758	0.0	0.00950118764845
'dá-	0.118811881188	0.594059405941	0.0	0.287128712871
otr-	0.471864951769	0.311093247588	0.188102893891	0.0289389067524
xʉ'-	0.378787878788	0.0959595959596	0.353535353535	0.171717171717
sog-	0.767534906508	0.194904874663	0.00816526496285	0.0293949538662
jɛy-	0.0103353238401	0.950390445567	0.00344510794671	0.0358291226458
bay-	0.200185356812	0.755329008341	0.044485634847	0.0
høs-	0.354330708661	0.488188976378	0.0866141732284	0.0708661417323
paf-	0.0	1.0	0.0	0.0
abr-	0.0383536157623	0.930467868362	0.0247354134261	0.00644310244914
zaq-	0.235127478754	0.65269121813	0.103116147309	0.00906515580736
zac-	0.255520675655	0.631491971542	0.0844806882323	0.0285066645705
her-	0.0364519643373	0.903850857105	0.0363519132001	0.0233452653579
ate-	0.0	1.0	0.0	0.0
fäh-	0.389494769642	0.495087596579	0.048965056755	0.0664525770246
urí-	0.0	1.0	0.0	0.0
dor-	0.140295993262	0.460654554205	0.043677054506	0.355372398027
pat-	0.10239051411	0.856165706369	0.0302992337673	0.0111445457535
ɛ̱c-	0.47277555218	0.2972419986	0.0185547281407	0.211427721079
yo'-	0.0	0.958076859092	0.0139743803028	0.0279487606055
cäg-	0.397058823529	0.470588235294	0.0294117647059	0.102941176471
zʉn-	0.461285008237	0.305326743548	0.200439319056	0.0329489291598
jam-	0.413830026839	0.399310552058	0.0909839066101	0.0958755144923
nig-	0.0294117647059	0.941176470588	0.0	0.0294117647059
zʉx-	1.0	0.0	0.0	0.0
óni-	0.0	1.0	0.0	0.0
mme-	0.586262719704	0.283649398705	0.0711147086031	0.058973172988
tór-	0.037037037037	0.962962962963	0.0	0.0
rá̱-	0.0209507510281	0.0195011879099	0.00814915010359	0.951398910958
zis-	0.68177028451	0.204425711275	0.0663856691254	0.0474183350896
nth-	0.380454085021	0.401431851725	0.0910702981647	0.12704376509
asi-	0.00553846153847	0.990769230769	0.0	0.0036923076923
mpe-	0.423387096774	0.425403225806	0.146169354839	0.00504032258064
pij-	0.165137614679	0.45871559633	0.137614678899	0.238532110092
tér-	0.0	0.949260042283	0.0380549682875	0.0126849894292
tol-	0.0181818181818	0.981818181818	0.0	0.0
bøj-	0.640625	0.328125	0.03125	0.0
nø'-	0.902421395013	0.0542103361041	0.0	0.0433682688832
hah-	0.0252100840336	0.949579831933	0.0	0.0252100840336
mmu-	0.350336846213	0.459955059197	0.138473061744	0.0512350328454
bøx-	0.269199993468	0.182397896696	0.506107418717	0.0422946911182
ui̱-	0.0	0.698795180723	0.204819277108	0.0963855421687
ngü-	0.175299156621	0.424868636022	0.296948823244	0.102883384113
dɛ̱-	0.269363854139	0.706148522758	0.0	0.0244876231035
moi-	0.0486427564502	0.9211552962	0.0124577910369	0.0177441563125
xid-	0.0165745856353	0.950276243094	0.0331491712707	0.0
pɛs-	0.235767547405	0.400688446054	0.305065077874	0.0584789286661
han-	0.264494319263	0.160979780932	0.0412921276255	0.53323377218
uzí-	0.0	1.0	0.0	0.0
säp-	0.271202531646	0.474367088608	0.117721518987	0.13670886076
fed-	0.0714285714285	0.928571428572	0.0	0.0
däj-	0.554128440367	0.225688073394	0.0660550458715	0.154128440367
nøn-	0.627168853153	0.230215827338	0.0584003385527	0.0842149809564
coh-	0.244275688189	0.592485502762	0.082242453414	0.080996355635
fɛh-	0.223153241685	0.390687784799	0.339052341868	0.0471066316485
njʉ-	0.198462688901	0.687005979618	0.0798513608795	0.034679970601
pär-	0.600498229973	0.122197456405	0.104890520519	0.172413793103
nɛ'-	0.948717948718	0.0128205128205	0.0384615384615	0.0
jʉp-	0.320375335121	0.22654155496	0.348525469169	0.104557640751
san-	0.0343921172861	0.916763262428	0.0333541727494	0.0154904475365
pøn-	0.122792245723	0.763921315921	0.0338221610428	0.0794642773132
top-	0.0	1.0	0.0	0.0
arm-	0.0	1.0	0.0	0.0
ji̱-	0.265780730897	0.451827242525	0.249169435216	0.0332225913621
sʉm-	0.347322720695	0.392185238784	0.0	0.260492040521
søm-	0.596773137446	0.17031034986	0.0850809023053	0.147835610389
mɛ̱-	0.184748187496	0.439221730472	0.0409935930038	0.335036489029
gox-	0.0781438999671	0.881679437178	0.0216872579522	0.0184894049029
xpa-	0.584562438545	0.131760078663	0.0132743362832	0.270403146509
mes-	0.0656779661017	0.883474576271	0.0	0.0508474576271
sed-	0.0	0.550898203593	0.449101796407	0.0
adi-	0.0	1.0	0.0	0.0
ami-	0.147763307122	0.673389904305	0.0730755623067	0.105771226267
mmä-	0.105349846273	0.822794244872	0.0428406958327	0.0290152130222
dɛ'-	0.0394794486368	0.940776497208	0.000519580372496	0.0192244737823
ɛt'-	0.738135389063	0.129125511925	0.0513129366418	0.0814261623706
øxy-	0.84	0.12	0.04	0.0
nhm-	0.377192982456	0.421052631579	0.149122807018	0.0526315789474
sɛ'-	0.192486281131	0.703250316589	0.0903334740396	0.0139299282398
hʉq-	0.18453427065	0.676039835969	0.01640304628	0.1230228471
gól-	0.0273224043716	0.96174863388	0.0109289617486	0.0
ged-	0.0769230769231	0.923076923077	0.0	0.0
'da-	0.186957721538	0.347314150091	0.092603093128	0.373125035243
hnɛ-	0.845697329377	0.154302670623	0.0	0.0
nni-	0.222353411942	0.412986195793	0.0481991451898	0.316461247075
pog-	0.989876265467	0.0101237345332	0.0	0.0
yem-	0.0846412556054	0.494114349776	0.386210762332	0.035033632287
sat-	0.184950135993	0.660018132366	0.07615593835	0.078875793291
ɛtr-	0.109756097561	0.530487804878	0.0	0.359756097561
xi̱-	0.202956163474	0.528973363811	0.0394533824158	0.228617090299
peg-	0.202247191011	0.730337078652	0.0	0.0674157303371
the-	0.53394824494	0.364078913656	0.0486805021778	0.0532923392262
saf-	0.0	0.927272727273	0.0	0.0727272727272
pʉn-	0.549054723879	0.394082223224	0.0288976170462	0.0279654358512
ho'-	0.311972180825	0.564828614009	0.0993541977148	0.0238450074515
nnø-	0.376191477774	0.340439135213	0.0853959149068	0.197973472106
ban-	0.1023883803	0.858231473431	0.0393801462691	0.0
søc-	0.429391314772	0.15770072227	0.0717025803938	0.341205382564
sʉq-	0.537778221379	0.330272482284	0.0960175666234	0.0359317297135
hüɛ-	0.115384615385	0.846153846154	0.0384615384615	0.0
arq-	0.0877192982456	0.853801169591	0.0	0.0584795321637
ale-	0.0	0.871612132392	0.128387867608	0.0
sid-	0.028474399164	0.898641588297	0.0681818181818	0.00470219435736
bon-	0.228675932829	0.590875044606	0.110921893604	0.0695271289619
luc-	0.00796812749004	0.98406374502	0.0	0.00796812749004
dec-	0.0160028449502	0.727951635847	0.0	0.256045519203
xtí-	0.529104786987	0.157777940352	0.0590143146292	0.254102958032
cäh-	0.388888888889	0.5	0.0740740740741	0.037037037037
'ba-	0.0487106017192	0.865329512894	0.0644699140401	0.0214899713467
jät-	0.777557708776	0.164892789752	0.0498762346089	0.00767326686292
nu̱-	0.164667159078	0.0614395239199	0.0145419136634	0.759351403339
ɛ̱r-	0.151041666667	0.5625	0.0833333333334	0.203125
mäq-	0.312644679866	0.420463520248	0.205887959912	0.0610038399738
c'o-	0.280575539568	0.223021582734	0.107913669065	0.388489208633
ʉm'-	0.726618705036	0.187050359712	0.0431654676259	0.0431654676259
cre-	0.0310302027307	0.905254447662	0.0115846090194	0.0521307405875
fot-	0.271115745568	0.603753910323	0.125130344108	0.0
täg-	0.796317606444	0.179516685846	0.0172612197929	0.00690448791714
fre-	0.0324324324324	0.837837837838	0.12972972973	0.0
yør-	0.280373831776	0.548286604361	0.143302180685	0.0280373831776
tia-	0.0	1.0	0.0	0.0
jo'-	0.644395699234	0.280089179762	0.0453090726024	0.0302060484016
oxy-	0.0132596685083	0.973480662983	0.0132596685083	0.0
yʉt-	0.600029229366	0.168426149944	0.0165565368868	0.214988083803
hed-	0.0648648648649	0.708108108108	0.227027027027	0.0
sah-	0.137000925201	0.814959789339	0.0128104761227	0.0352288093374
hec-	0.274509803922	0.725490196078	0.0	0.0
mäc-	0.461217681401	0.213511259383	0.15095913261	0.174311926605
sod-	0.147178745452	0.812681596698	0.0218943588275	0.018245299023
zap-	0.620817843866	0.339033457249	0.0312267657993	0.00892193308552
xog-	0.304377931684	0.482819159058	0.170940041863	0.041862867395
cum-	0.109090909091	0.727272727273	0.0727272727272	0.0909090909091
zab-	0.0406671454792	0.922464288564	0.0107254010055	0.0261431649509
xoq-	0.517518291595	0.2772589376	0.151686395812	0.0535363749925
ha̱-	0.44981059999	0.271676072561	0.0877192773808	0.190794050068
øsp-	0.521739130435	0.166007905138	0.0	0.312252964427
sa̱-	0.384809975709	0.417543583873	0.128951645456	0.068694794962
ɛ̱d-	0.566666666667	0.35	0.0	0.0833333333334
nef-	0.0	1.0	0.0	0.0
omb-	0.405737704918	0.512295081967	0.0491803278689	0.0327868852459
ɛnc-	0.763636363636	0.181818181818	0.0545454545455	0.0
nor-	0.0309810671256	0.629948364888	0.122203098107	0.21686746988
dʉt-	0.595324265951	0.274910980095	0.095616134493	0.0341486194617
ele-	0.0	1.0	0.0	0.0
zʉi-	0.536514603676	0.304349708793	0.059107541083	0.100028146448
hɛg-	0.42632524708	0.240790655885	0.172506738544	0.160377358491
byø-	0.476878612717	0.33887283237	0.0650289017341	0.119219653179
nti-	0.502499166944	0.268243918694	0.147284238587	0.0819726757748
xpá-	0.590514575311	0.22257427323	0.012570083202	0.174341068258
feb-	0.266055045871	0.678899082569	0.0091743119266	0.045871559633
tre-	0.0290135396518	0.893617021277	0.0	0.0773694390715
njä-	0.725118483412	0.24644549763	0.0284360189573	0.0
täi-	0.105403104133	0.790448590592	0.0527015520667	0.0514467532079
sʉ'-	0.191970927225	0.586705824516	0.0627532380735	0.158570010186
mʉc-	0.210526315789	0.719298245614	0.0	0.0701754385965
su̱-	0.287454597771	0.315824895702	0.329848096597	0.0668724099297
elm-	0.0	1.0	0.0	0.0
cu̱-	0.0431862522798	0.876160041591	0.0484543845299	0.0321993215991
zel-	0.236842105263	0.736842105263	0.0263157894737	0.0
pɛr-	0.481357899318	0.451617583055	0.0487451037284	0.0182794138981
agr-	0.00305033045247	0.990849008643	0.00610066090493	0.0
øtr-	0.328589985089	0.274263541932	0.059852228065	0.337294244914
mɛh-	0.4375	0.286764705882	0.176470588235	0.0992647058824
dog-	0.312897651402	0.143154504752	0.472468777001	0.0714790668447
leg-	0.151414309484	0.783693843594	0.0648918469218	0.0
joh-	0.313181374685	0.41597136087	0.238961708044	0.0318855564005
hɛh-	0.408786459453	0.317402455719	0.0605799944403	0.213231090387
ixq-	0.357568533969	0.556615017878	0.0858164481525	0.0
nxa-	0.51278126435	0.304199193836	0.0464309403541	0.136588601459
bɛd-	0.0256312856692	0.964872241811	0.00156232289844	0.00793414962152
ofi-	0.452716297787	0.498993963783	0.0	0.0482897384306
nɛ̱-	0.310807872862	0.212469978147	0.108668852771	0.36805329622
maj-	0.242497972425	0.579075425791	0.110300081103	0.0681265206813
neá-	0.0384615384615	0.961538461538	0.0	0.0
tec-	0.630996309963	0.173431734317	0.162361623616	0.0332103321033
sʉn-	0.439160839161	0.468531468531	0.0923076923077	0.0
cam-	0.0617647058823	0.788235294118	0.147058823529	0.00294117647059
yan-	0.111111111111	0.866666666667	0.0222222222222	0.0
mix-	0.811080041943	0.162006291506	0.0232436211115	0.00367004543866
est-	0.04	0.864444444444	0.0388888888889	0.0566666666667
xʉn-	0.0125	0.9875	0.0	0.0
n'y-	0.141598445608	0.449641603549	0.0723553438178	0.336404607025
ngø-	0.328909507923	0.620979288296	0.0279747011399	0.0221365026411
mxi-	0.177514792899	0.69674556213	0.12573964497	0.0
zoh-	0.430430958663	0.256288478452	0.0937554969218	0.219525065963
max-	0.438040345821	0.363112391931	0.164265129683	0.0345821325648
zɛn-	0.44400399364	0.419528898421	0.0381614465851	0.0983056613541
mpø-	0.397815407084	0.412069703032	0.147339039661	0.042775850224
pän-	0.508361204013	0.321070234114	0.0602006688963	0.110367892977
päx-	0.220588235294	0.0882352941176	0.661764705882	0.0294117647059
mɛt-	0.530973451327	0.432823813355	0.0181013676589	0.0181013676589
gog-	0.185473815461	0.279769326683	0.453709476309	0.0810473815461
jʉm-	0.236152100631	0.651831739661	0.0220359658443	0.089980193864
ɛ̱t-	0.398526824978	0.384894459103	0.0983948988567	0.118183817062
o'a-	0.553022348883	0.161991900405	0.109494525274	0.175491225439
nep-	0.585691601936	0.161492366731	0.038578556376	0.214237474957
gʉr-	0.769230769231	0.119658119658	0.0940170940171	0.017094017094
sau-	0.070672119115	0.845758624305	0.00188738597043	0.0816818706092
zɛ'-	0.415075002329	0.342797912979	0.16526134352	0.0768657411721
pri-	0.0176056338028	0.971830985915	0.0105633802817	0.0
bom-	0.405882352941	0.541176470588	0.0176470588235	0.035294117647
xäh-	0.621003226753	0.283451368227	0.0628588190923	0.032686585928
pop-	0.401712216003	0.50279881462	0.0609153770168	0.0345735923609
xɛq-	0.0492717064041	0.821043209374	0.0117910326308	0.117894051591
cʉt-	0.261388112492	0.105243495966	0.0769972276263	0.556371163916
thʉ-	0.468482490272	0.433463035019	0.0700389105058	0.0280155642023
arp-	0.104738154613	0.872817955112	0.0	0.0224438902743
hyo-	0.465218910463	0.267723672573	0.168695161348	0.0983622556166
sʉr-	0.361403508772	0.543859649123	0.0684210526316	0.0263157894737
men-	0.434704413694	0.192057043714	0.0711988489696	0.302039693623
sie-	0.502507711324	0.287259470673	0.0910154273061	0.119217390697
ngä-	0.0618448637316	0.931865828092	0.00314465408805	0.00314465408806
zo'-	0.437943288702	0.285548355847	0.10874196211	0.167766393341
hät-	0.39046469746	0.300185997077	0.131618765039	0.177730540425
gmi-	0.430227924769	0.164289129742	0.0513229199874	0.354160025502
squ-	0.229411764706	0.541176470588	0.135294117647	0.0941176470588
ɛ̱s-	0.426163190832	0.374269754638	0.0942516685607	0.10531538597
güe-	0.69712156258	0.158956566435	0.134926754048	0.00899511693652
jʉu-	0.713970912296	0.0282062582635	0.0	0.25782282944
sä'-	0.154731506536	0.518464880521	0.118271783732	0.208531829211
mäp-	0.30947368421	0.671578947369	0.00631578947368	0.0126315789474
nca-	0.19696969697	0.772727272727	0.030303030303	0.0
mpä-	0.373216856311	0.405264156348	0.131752697731	0.0897662896104
pit-	0.159090909091	0.795454545455	0.0454545454545	0.0
mbɛ-	0.469122286169	0.344055777753	0.0888426412239	0.0979792948546
eti-	0.342741935484	0.560483870968	0.0967741935484	0.0
fos-	0.913223140496	0.0619834710744	0.0	0.0247933884298
bes-	0.0901932712956	0.882605583393	0.0100214745884	0.017179670723
ebr-	0.00331455087836	0.96022538946	0.0298309579052	0.00662910175671
cle-	0.0310734463277	0.960451977401	0.00847457627117	0.0
mpu-	0.640619003309	0.259206845991	0.0720923510925	0.0280817996073
nyä-	0.573224387178	0.170333123822	0.226272784412	0.0301697045883
u̱d-	0.318686624819	0.290197971994	0.280057943023	0.111057460164
gdi-	0.207551533163	0.119512758294	0.0374283881288	0.635507320414
pet-	0.66393442623	0.311475409836	0.0	0.0245901639344
anf-	0.0	1.0	0.0	0.0
xof-	0.457281450271	0.490670254576	0.0	0.0520482951528
ɛra-	0.118226600985	0.23645320197	0.0	0.645320197044
dax-	0.651685393258	0.348314606742	0.0	0.0
lot-	0.0	0.963562753036	0.0364372469636	0.0
ere-	0.116666666667	0.844871794872	0.0230769230769	0.0153846153846
fes-	0.223707434166	0.758924999412	0.0108723789801	0.00649518744263
xuu-	0.0273901467644	0.936453451273	0.0139767201356	0.0221796818272
mfʉ-	0.5	0.473684210526	0.0	0.0263157894737
dav-	0.00571648436212	0.973616226021	0.00131918869895	0.0193481009179
pát-	0.243119266055	0.706422018349	0.0	0.0504587155963
dot-	0.989304812834	0.0	0.0106951871658	0.0
tan-	0.711562897078	0.23125794155	0.0381194409149	0.0190597204574
ɛbí-	0.223076923077	0.615384615385	0.0	0.161538461538
caí-	0.0	0.969512195122	0.0060975609756	0.0243902439024
tu̱-	0.37351398842	0.38138945955	0.115351295877	0.129745256153
zʉh-	0.345935727788	0.270951480781	0.186515437933	0.196597353497
ngu-	0.0467001133748	0.0683418386223	0.00942388126539	0.875534166737
xoc-	0.558689006036	0.30663035899	0.075897374405	0.0587832605686
yɛ̱-	0.328506591744	0.483466609034	0.144802247677	0.0432245515453
ton-	0.216849744998	0.42761867399	0.0353079639074	0.320223617105
gui-	0.122910682452	0.0432936374236	0.0142890213327	0.819506658792
ʉny-	0.507295421277	0.227802874097	0.137645003384	0.127256701242
pih-	0.493003229279	0.336921420883	0.0990312163617	0.0710441334769
ɛmp-	0.894736842105	0.0	0.0263157894737	0.0789473684211
fʉt-	0.243768642644	0.58343333219	0.0740562964995	0.098741728666
täj-	0.479591836735	0.448979591837	0.030612244898	0.0408163265306
hax-	0.530958439355	0.320610687023	0.0661577608142	0.0822731128074
brá-	0.371281647667	0.319352661595	0.06851004916	0.240855641578
co'-	0.317335842744	0.454726056044	0.118151401087	0.109786700125
täh-	0.534477825465	0.183977110157	0.00686695278968	0.274678111588
put-	0.0	1.0	0.0	0.0
tin-	0.0862068965517	0.879310344828	0.0344827586207	0.0
bøh-	0.104387592789	0.836956521739	0.0526908801697	0.00596500530222
ene-	0.00819672131147	0.991803278689	0.0	0.0
bʉh-	0.296028880866	0.129963898917	0.0	0.574007220217
pub-	0.0493827160494	0.901234567901	0.0246913580247	0.0246913580247
xij-	0.521603736863	0.268197742312	0.0622810432075	0.147917477618
mm̱-	0.16796875	0.33203125	0.37109375	0.12890625
øts-	0.583979328165	0.260981912145	0.077519379845	0.0775193798449
mɛi-	0.613065326633	0.291457286432	0.0452261306532	0.0502512562814
rom-	0.057444586283	0.727438010135	0.177014428842	0.0381029747398
nlo-	0.172185430464	0.655629139073	0.132450331126	0.0397350993378
ncʉ-	0.432985471659	0.374667485165	0.0744833231021	0.117863720074
zäh-	0.892857142857	0.0	0.107142857143	0.0
can-	0.060493865071	0.857516987853	0.081989147076	0.0
jes-	0.0115733632865	0.732722633571	0.00324826380313	0.252455739339
fɛn-	0.298684366481	0.614199359962	0.0497807277468	0.0373355458101
fo'-	0.0142180094787	0.968009478673	0.0177725118483	0.0
con-	0.114904072185	0.123935870746	0.0277431771419	0.733416879927
hon-	0.465946123423	0.238190874666	0.0780391191643	0.217823882747
prá-	0.288288288288	0.0720720720721	0.018018018018	0.621621621622
zʉt-	0.289897510981	0.613469985359	0.0966325036604	0.0
ørc-	0.483212435176	0.278341701144	0.0855377225266	0.152908141154
miy-	0.0975609756097	0.365853658537	0.0731707317073	0.463414634146
teb-	0.0499659323188	0.722234839882	0.0299795593914	0.197819668408
íxi-	0.0106588501765	0.948149135079	0.0411920147448	0.0
cap-	0.020787586005	0.951105255453	0.0122968818621	0.0158102766798
søs-	0.71052631579	0.28947368421	0.0	0.0
häi-	0.0785455726509	0.634243436082	0.0327839788902	0.254427012377
ara-	0.00169204737733	0.998307952623	0.0	0.0
gad-	0.0247933884298	0.940495867769	0.0347107438016	0.0
cu'-	0.543252595156	0.249134948097	0.124567474048	0.083044982699
ua̱-	0.43107349483	0.30598306232	0.0372989615737	0.225644481277
sim-	0.026628189152	0.964320850003	0.00590280055093	0.00314816029383
pør-	0.610451306413	0.114014251781	0.0285035629454	0.24703087886
pɛg-	0.330099933635	0.223175454083	0.211242695051	0.235481917231
dyø-	0.27597209626	0.236846398239	0.256447463737	0.230734041764
uag-	0.278970917226	0.0306487695749	0.0187919463087	0.67158836689
zɛm-	0.230769230769	0.120879120879	0.087912087912	0.56043956044
cʉ'-	0.820378151261	0.0598739495798	0.0063025210084	0.113445378151
ba̱-	0.29358039889	0.531970743984	0.0777802839059	0.0966685732197
soh-	0.52194856828	0.281050374496	0.0458626799887	0.151138377235
xɛn-	0.653881891968	0.301449762105	0.0211586901763	0.0235096557515
ʉpi-	0.293979671618	0.372947615324	0.225175918686	0.107896794371
ɛ̱̱-	0.445097037794	0.276557711951	0.138661899898	0.139683350357
jus-	0.00671140939597	0.993288590604	0.0	0.0
ma̱-	0.222096554444	0.282774221798	0.100782579788	0.394346643969
teó-	0.0203735144312	0.974533106961	0.00509337860781	0.0
ti̱-	0.527047446335	0.257473213612	0.118296123664	0.0971832163893
eze-	0.0	1.0	0.0	0.0
jos-	0.0443955475019	0.939684183277	0.00815428423505	0.00776598498575
ɛjp-	0.5	0.258620689655	0.241379310345	0.0
meq-	0.521739130435	0.260869565217	0.217391304348	0.0
nmi-	0.144446398734	0.0472693694486	0.0153900272623	0.792894204555
ɛrá-	0.207407407408	0.748148148148	0.0	0.0444444444444
gʉs-	0.416485900217	0.394793926247	0.0845986984815	0.104121475054
nbɛ-	0.363636363636	0.375	0.0227272727272	0.238636363636
pos-	0.238975817923	0.551920341394	0.00426742532005	0.204836415363
dɛn-	0.506588733341	0.184376951324	0.0603653840874	0.248668931248
cor-	0.122618397837	0.819118823067	0.0335106180424	0.0247521610541
sif-	0.623576808548	0.139927277559	0.0295963421337	0.206899571759
bol-	0.072765072765	0.927234927235	0.0	0.0
xɛp-	0.0786026200873	0.764192139738	0.0524017467249	0.10480349345
efe-	0.0133432171979	0.977020014826	0.00963676797628	0.0
cʉu-	0.829268292683	0.146341463415	0.0	0.0243902439024
xʉc-	0.792	0.208	0.0	0.0
xøq-	0.570661896243	0.203935599284	0.161001788909	0.0644007155635
t'o-	0.121355397951	0.799054373522	0.0200945626478	0.0594956658786
alg-	0.327188940092	0.5	0.0	0.172811059908
fɛ'-	0.391111111111	0.306666666667	0.0444444444444	0.257777777778
mí̱-	0.168606985146	0.558410276997	0.120433560819	0.152549177037
aca-	0.0154328430191	0.981673498915	0.0	0.00289365806607
six-	0.529290649391	0.278640224676	0.0799031685591	0.112165957373
äcy-	0.496240601504	0.199248120301	0.203007518797	0.101503759399
t'a-	0.0882953479388	0.492853595276	0.376910766514	0.0419402902709
jär-	0.323076923077	0.153846153846	0.0153846153846	0.507692307692
øcä-	0.871273580295	0.0543446388428	0.0123155116802	0.0620662691819
mäs-	0.497964169381	0.303338762215	0.0549674267101	0.143729641694
ced-	0.037037037037	0.962962962963	0.0	0.0
tøp-	0.285714285714	0.100840336134	0.117647058823	0.495798319328
cir-	0.299695302197	0.651189230979	0.0341079630724	0.0150075037519
for-	0.27024199735	0.573191993863	0.0659041774182	0.0906618313689
yøt-	0.449275362319	0.0579710144928	0.0	0.492753623188
øcu-	0.155635062612	0.57602862254	0.161001788909	0.107334525939
ber-	0.040993038703	0.944093151496	0.00677900445477	0.00813480534572
fäd-	0.104280076211	0.758454681546	0.0265378334241	0.110727408819
cuø-	0.0617732558139	0.785610465116	0.0436046511628	0.109011627907
øhm-	0.698724438145	0.175744077749	0.0744077748532	0.0511237092529
álo-	0.0745341614907	0.795031055901	0.055900621118	0.0745341614907
dʉ'-	0.682957393484	0.252595775152	0.00859291084853	0.0558539205156
zar-	0.0	1.0	0.0	0.0
zøt-	0.424778761062	0.176991150442	0.283185840708	0.115044247788
zib-	0.0854572713643	0.388305847076	0.517241379311	0.00899550224887
loi-	0.0254237288136	0.974576271186	0.0	0.0
oso-	0.0	0.646586345382	0.353413654618	0.0
pä'-	0.354628422425	0.533246414602	0.0730117340287	0.0391134289439
xos-	0.456140350877	0.41052631579	0.0842105263157	0.0491228070175
hne-	0.517806423422	0.420581166703	0.0485033864977	0.0131090233777
nov-	0.0659736105558	0.924430227909	0.00959616153539	0.0
tam-	0.0	1.0	0.0	0.0
jan-	0.274774774775	0.63963963964	0.036036036036	0.0495495495495
ʉnj-	0.634920634921	0.148148148148	0.063492063492	0.153439153439
dʉr-	0.312080536913	0.473154362416	0.130872483221	0.0838926174496
toa-	0.0743034055727	0.925696594427	0.0	0.0
jän-	0.768488745981	0.135048231511	0.0289389067524	0.0675241157556
ɛda-	0.461489998425	0.173255630808	0.229799968499	0.135454402268
n'ø-	0.676856998484	0.207933299646	0.0674583122789	0.0477513895907
die-	0.0959518036882	0.904048196312	0.0	0.0
hyø-	0.562149097275	0.340629552078	0.0496932453637	0.0475281052831
nɛc-	0.276497695853	0.359447004608	0.225806451613	0.138248847926
hɛ̱-	0.501175148372	0.267133308358	0.114748506418	0.116943036852
'yä-	0.702560162717	0.185849133752	0.025163537941	0.0864271655904
mmb-	0.732484076433	0.0191082802548	0.248407643312	0.0
tim-	0.0240031739734	0.886728823646	0.00833168022218	0.0809363221583
tri-	0.00295818567872	0.992201146847	0.000806777912379	0.00403388956188
mmp-	0.566355140187	0.276635514019	0.0672897196261	0.0897196261682
zen-	0.0555555555556	0.888888888889	0.0	0.0555555555556
ja'-	0.339661861463	0.30232474828	0.0918983826329	0.266115007624
rah-	0.0217917675545	0.978208232446	0.0	0.0
mol-	0.08203125	0.859375	0.05859375	0.0
pɛt-	0.401197410364	0.281750009176	0.0723556599592	0.244696920501
tos-	0.591836734694	0.367346938775	0.0408163265306	0.0
zox-	0.755240443896	0.12823674476	0.0863131935882	0.0302096177559
ham-	0.0	1.0	0.0	0.0
zan-	0.177966520677	0.533548936673	0.151149647698	0.137334894952
tes-	0.0460811906693	0.900157420217	0.00968372847398	0.0440776606402
ɛgu-	0.514554464485	0.444437399825	0.011716610197	0.0292915254925
gøn-	0.841746256037	0.0885385632487	0.0232383935716	0.0464767871431
oga-	0.329920996996	0.263157894737	0.370201402025	0.0367197062424
däm-	0.328790459966	0.482112436116	0.148211243612	0.0408858603066
doy-	0.621676891616	0.316973415133	0.0368098159509	0.0245398773006
ädi-	0.665216771249	0.259198516828	0.0171135196806	0.0584711922419
jon-	0.131342324984	0.762684649968	0.0218368657675	0.0841361592807
xød-	0.146341463415	0.541463414634	0.312195121951	0.0
jer-	0.008625906042	0.989357091053	0.000514979465195	0.00150202344015
het-	0.310004279819	0.380879704773	0.261149737155	0.0479662782529
nxo-	0.0909090909091	0.628787878788	0.257575757576	0.0227272727273
føh-	0.751148897059	0.200597426471	0.0	0.0482536764706
nzo-	0.485787687863	0.294464971398	0.0703643926834	0.149382948056
bɛb-	0.0446096654275	0.955390334572	0.0	0.0
nøm-	0.437625350983	0.192940232651	0.0336943441636	0.335740072202
ju̱-	0.422139451421	0.39752728754	0.11600996403	0.0643232970091
äpr-	0.667168027503	0.204555221315	0.0747743876235	0.0535023635583
coo-	0.238805970149	0.55223880597	0.208955223881	0.0
ɛny-	0.628128724672	0.271752085816	0.0643623361144	0.0357568533969
mah-	0.41815348656	0.504246201792	0.0233735878457	0.0542267238021
dʉn-	0.452830188679	0.132075471698	0.0377358490566	0.377358490566
xiy-	0.238956912585	0.117444203348	0.0546342219467	0.58896466212
eno-	0.0137299771167	0.972540045767	0.0	0.0137299771167
xøn-	0.375566573031	0.300806911911	0.193490985194	0.130135529865
za̱-	0.159128842866	0.309165543521	0.180179337772	0.351526275841
n'ä-	0.272222222222	0.575	0.0694444444444	0.0833333333333
nsä-	0.337487142038	0.340264854381	0.231486498159	0.090761505422
pøs-	0.201612903226	0.798387096774	0.0	0.0
døp-	0.567823343849	0.0378548895899	0.0189274447949	0.375394321767
seg-	0.341204250295	0.405548996458	0.135576544667	0.117670208579
euf-	0.025641025641	0.974358974359	0.0	0.0
xí̱-	0.398496240602	0.481203007519	0.0902255639098	0.0300751879699
sør-	0.216606498195	0.0	0.685920577617	0.0974729241877
mil-	0.106887334971	0.77778377746	0.108804233376	0.00652465419333
nug-	0.89552238806	0.10447761194	0.0	0.0
'ye-	0.213619187167	0.694223798874	0.0485848692836	0.0435721446749
tsä-	0.323671497584	0.251207729469	0.0579710144928	0.367149758454
zon-	0.785190746898	0.142872465944	0.0226321999356	0.0493045872216
päh-	0.284730561872	0.367884610471	0.102907734369	0.244477093288
äns-	0.327868852459	0.524590163934	0.0	0.147540983607
za'-	0.445688350983	0.406051437216	0.0937972768532	0.0544629349471
mɛd-	0.319402985075	0.626865671642	0.0358208955224	0.0179104477612
pɛf-	0.410702292469	0.327589101818	0.0971612787678	0.164547326945
así-	0.0	1.0	0.0	0.0
ya'-	0.16389695799	0.112095787192	0.266009997493	0.457997257325
'ue-	0.554504159123	0.230458566633	0.0531568739892	0.161880400255
nfä-	0.286666666667	0.62	0.0666666666666	0.0266666666666
ähm-	0.752293577982	0.0346585117227	0.0428134556575	0.170234454638
ʉph-	0.36301369863	0.0799086757991	0.529680365297	0.027397260274
tɛr-	0.427167538437	0.46822000317	0.0209224916785	0.0836899667142
alt-	0.0403334229631	0.94891099758	0.0107555794569	0.0
jor-	0.0591745400298	0.925907508702	0.0104425658876	0.0044753853804
naí-	0.0	0.757575757576	0.0	0.242424242424
fɛs-	0.500414207311	0.327335502472	0.103197571437	0.0690527187805
anx-	0.00772009807229	0.972512101512	0.00677773868318	0.0129900617329
'nɛ-	0.0587965606891	0.0560793611487	0.0126262057169	0.872497872445
nza-	0.191381827139	0.317776363675	0.404136855532	0.0867049536538
cal-	0.301886792453	0.698113207547	0.0	0.0
boc-	0.545847750865	0.155709342561	0.298442906574	0.0
por-	0.102891543428	0.0198162121703	0.0101080138805	0.867184230521
alf-	0.0	1.0	0.0	0.0
cos-	0.172627360575	0.630113513922	0.0511046505783	0.146154474924
øjp-	0.760642270351	0.239357729649	0.0	0.0
sig-	0.396622805303	0.17750740005	0.0973772018037	0.328492592843
pʉc-	0.713483146067	0.286516853933	0.0	0.0
u̱t-	0.692418113011	0.201096176432	0.0407151246248	0.0657705859324
ped-	0.526315789474	0.315789473684	0.0451127819549	0.112781954887
gní-	0.495207667732	0.338658146965	0.0750798722045	0.091054313099
sʉt-	0.445690973993	0.370729219786	0.149923508414	0.0336562978073
mxu-	0.0422535211268	0.424882629108	0.056338028169	0.476525821596
nsu-	0.380273503899	0.265070678934	0.272516915788	0.0821389013785
mer-	0.443620178042	0.356083086053	0.195845697329	0.00445103857568
øsɛ-	0.412464985994	0.194677871148	0.0280112044818	0.364845938375
n'u-	0.359852630438	0.387392317278	0.099469036138	0.153286016146
n'c-	0.151090342679	0.35046728972	0.0	0.498442367601
pa̱-	0.732116938721	0.106665885933	0.0407741184552	0.120443056891
oja-	0.0401816692272	0.853374425142	0.00974905245204	0.0966948531788
láz-	0.00697211155378	0.94422310757	0.0089641434263	0.0398406374502
boq-	0.7	0.0	0.252	0.048
neq-	0.262394270544	0.332468975736	0.399580169167	0.0055565845527
jud-	0.0332249816526	0.836287010776	0.083680992211	0.0468070153602
mi'-	0.51668677121	0.21391234419	0.136710896663	0.132689987937
cis-	0.0	1.0	0.0	0.0
mär-	0.334784975503	0.643440391944	0.00544365813826	0.0163309744148
nt'-	0.341396561808	0.477934576222	0.0734341957351	0.107234666235
gra-	0.435808865861	0.320667818077	0.0725388601036	0.170984455959
ncu-	0.276855524307	0.461303373238	0.200929232853	0.0609118696029
tøc-	0.0	0.592128801431	0.37030411449	0.0375670840787
cie-	0.016742338252	0.0218501702611	0.0337684449489	0.927639046538
mäd-	0.284583937755	0.661787331311	0.0193415095169	0.0342872214163
pix-	0.643509233075	0.11205702723	0.214503077692	0.0299306620035
xqu-	0.0984144079669	0.0534313954215	0.0567531950197	0.791401001592
nma-	0.309802158273	0.345098920863	0.0753147482014	0.269784172662
fʉd-	0.225399669239	0.371072216097	0.167275358324	0.23625275634
nuɛ-	0.765696784074	0.197549770291	0.0183767228178	0.0183767228178
and-	0.0133779264214	0.979933110368	0.0	0.0066889632107
øhn-	0.199161425577	0.559748427673	0.0314465408805	0.20964360587
xat-	0.845085245212	0.120185224163	0.0	0.0347295306251
xäd-	0.0591651557132	0.645226675181	0.103978770111	0.191629398995
per-	0.0983830562514	0.843543611933	0.029833750854	0.0282395809611
heb-	0.0	1.0	0.0	0.0
cʉh-	0.139630390144	0.745379876797	0.11498973306	0.0
big-	0.0724356914703	0.92756430853	0.0	0.0
lid-	0.0235294117647	0.976470588235	0.0	0.0
zim-	0.0981996726677	0.469721767594	0.270049099836	0.162029459902
ʉmm-	0.586487021993	0.227263721022	0.103031503864	0.0832177531207
ata-	0.037037037037	0.703703703704	0.175925925926	0.0833333333333
ʉni-	0.670254681806	0.171043188006	0.0429650437055	0.115737086482
zä'-	0.4156885759	0.191118935837	0.0666731872718	0.326519300991
u̱h-	0.213920163767	0.520982599795	0.240532241556	0.0245649948823
dat-	0.595744680851	0.272340425532	0.0106382978723	0.121276595745
lev-	0.0305927342256	0.948101611582	0.0196667577165	0.00163889647637
xor-	0.688073394495	0.215596330275	0.0	0.0963302752294
saú-	0.36253776435	0.616314199396	0.00906344410875	0.012084592145
ʉ'm-	0.4	0.433333333333	0.166666666667	0.0
hi̱-	0.203227604548	0.116959844489	0.0444186278855	0.635393923078
jai-	0.104796580655	0.880956150071	0.0047490897578	0.00949817951559
tal-	0.0	0.960784313725	0.0392156862745	0.0
äcj-	0.382608695652	0.382608695652	0.208695652174	0.0260869565217
güi-	0.526297022642	0.313246568016	0.0299518630772	0.130504546265
nem-	0.327620967742	0.545362903226	0.0907258064515	0.0362903225806
noc-	0.23602484472	0.354037267081	0.223602484472	0.186335403727
ɛnn-	0.661134090961	0.157871024821	0.0452487210544	0.135746163163
chi-	0.0	0.99853372434	0.00146627565982	0.0
zʉd-	0.308830833416	0.488394424026	0.0676798781497	0.135094864408
nga-	0.332328312297	0.430006591636	0.207453431313	0.0302116647543
xti-	0.579921907615	0.113233957909	0.0475184794086	0.259325655067
ni̱-	0.0654642277567	0.280681892195	0.0085785730023	0.645275307046
sän-	0.401214106923	0.280126623508	0.079736770693	0.238922498876
mpa-	0.605284854782	0.191383071712	0.0351798318641	0.168152241642
pax-	0.190099182182	0.762745780407	0.0314946928833	0.0156603445276
tøm-	0.409479003311	0.523871754661	0.00849451123889	0.0581547307894
hu̱-	0.616206348361	0.250827118439	0.0375909309168	0.0953756022829
'yø-	0.5438127376	0.189370672942	0.0557832054305	0.211033384028
bøn-	0.331063822368	0.259212441918	0.0978911855216	0.311832550192
bʉx-	0.0	1.0	0.0	0.0
asm-	0.0701754385965	0.894736842105	0.0350877192982	0.0
evo-	0.041958041958	0.958041958042	0.0	0.0
dän-	0.60555437393	0.324411946302	0.0447583667687	0.0252753129988
ähr-	0.0388722768048	0.954720205041	0.00640751815464	0.0
mom-	0.144709074465	0.692493216762	0.162797708773	0.0
ter-	0.0	1.0	0.0	0.0
pøp-	0.615384615385	0.346153846154	0.0128205128205	0.025641025641
bur-	0.056049822064	0.774169632266	0.0	0.16978054567
jom-	0.268678160919	0.238026819923	0.29214559387	0.201149425287
äpa-	0.484514796972	0.515485203028	0.0	0.0
oli-	0.00390911311996	0.99462496946	0.0	0.00146591741999
siq-	0.264705882353	0.536764705882	0.0882352941176	0.110294117647
jec-	0.0546875	0.9296875	0.015625	0.0
pi'-	0.486312399356	0.397745571659	0.0289855072463	0.0869565217391
däp-	0.496520541322	0.297681979772	0.0415645742593	0.164232904647
col-	0.00729927007299	0.992700729927	0.0	0.0
joc-	0.459930313589	0.414634146341	0.0836236933798	0.0418118466899
nɛp-	0.531692056583	0.247959738847	0.0489662676822	0.171381936888
tor-	0.0	0.956115562352	0.0438844376475	0.0
lin-	0.0157480314961	0.850393700787	0.133858267716	0.0
hoh-	0.724975704568	0.207968901846	0.0174927113702	0.0495626822158
dʉm-	0.765151515152	0.109848484848	0.0	0.125
u̱m-	0.575916230367	0.261780104712	0.106457242583	0.0558464223385
mai-	0.0	1.0	0.0	0.0
he'-	0.36788524179	0.581565641017	0.0	0.0505491171926
ape-	0.0384615384615	0.961538461538	0.0	0.0
yʉr-	0.70756684921	0.0662670183133	0.0287598694903	0.197406262986
got-	0.600649350649	0.289502164502	0.0384199134199	0.0714285714286
sɛ̱-	0.122615803815	0.648501362398	0.228882833787	0.0
pøt-	0.508885156043	0.403589426222	0.0565820882327	0.0309433295022
sʉc-	0.43814139039	0.414432771553	0.063660339927	0.08376549813
ojá-	0.0882352941177	0.536764705882	0.330882352941	0.0441176470588
møh-	0.353773584906	0.179245283019	0.297169811321	0.169811320755
car-	0.285383712256	0.591806032257	0.0492348398724	0.0735754156152
bi̱-	0.482188694314	0.00451118627763	0.0013659160307	0.511934203378
zom-	0.543601359003	0.43261608154	0.0101925254813	0.0135900339751
pól-	0.0856031128405	0.867704280156	0.0	0.0466926070039
ɛn'-	0.427406199021	0.499184339315	0.0538336052202	0.0195758564437
pun-	0.0924295774648	0.669894366197	0.18485915493	0.0528169014084
gʉc-	0.564798997836	0.330087689329	0.105113312834	0.0
jʉn-	0.407601572739	0.437090432503	0.0786369593709	0.0766710353867
zoc-	0.686657809831	0.22983488328	0.0159423040425	0.0675650028469
si̱-	0.590222238949	0.333659509606	0.0493968875256	0.0267213639186
jig-	0.133446610995	0.84914730931	0.0	0.017406079695
änn-	0.511274509804	0.349509803922	0.0289215686275	0.110294117647
nju-	0.28545120772	0.408782277024	0.137935913175	0.16783060208
zɛy-	0.14052741152	0.591950034698	0.242539902845	0.0249826509369
mna-	0.0652173913044	0.641304347826	0.228260869565	0.0652173913044
joq-	0.219858156028	0.737588652482	0.0	0.0425531914893
nne-	0.493504518623	0.124565085847	0.0395199235741	0.342410471956
poc-	0.728971962617	0.271028037383	0.0	0.0
cob-	0.0	1.0	0.0	0.0
sih-	0.585443318027	0.269383179776	0.0406002025585	0.104573299639
sol-	0.111240213272	0.809162875045	0.0351833552325	0.0444135564508
xi'-	0.423197559256	0.055907342639	0.0142700433519	0.506625054753
ala-	0.472255974079	0.493722154718	0.0340218712029	0.0
cop-	0.790769230769	0.107692307692	0.0215384615385	0.0799999999999
pom-	0.745454545455	0.0909090909091	0.163636363636	0.0
nyɛ-	0.745454545455	0.128925619835	0.00661157024792	0.119008264463
pec-	0.651820546164	0.247074122237	0.0650195058517	0.0360858257477
tha-	0.430928225198	0.436793508056	0.078763200324	0.0535150664222
soj-	0.881413523923	0.112320503159	0.00626597291888	0.0
xcá-	0.444032617794	0.104823865039	0.0376271805384	0.413516336629
'de-	0.0	1.0	0.0	0.0
gob-	0.0161487643748	0.951309028627	0.00880841693174	0.0237337900661
bog-	0.674985819626	0.277368122518	0.0	0.0476460578559
n't-	0.563291139241	0.189873417722	0.0379746835443	0.208860759494
fa̱-	0.391714146076	0.308973846198	0.103222844989	0.196089162737
ser-	0.0	1.0	0.0	0.0
cri-	0.038965811278	0.862955526883	0.00927804613487	0.0888006157043
fät-	0.411117290535	0.385448015327	0.0890510760093	0.114383618129
cät-	0.481306403094	0.458530296519	0.0	0.0601633003868
zøh-	0.524829798432	0.229926034485	0.0491998441742	0.196044322908
fél-	0.026119402985	0.923880597015	0.00149253731343	0.0485074626866
uay-	0.619718309859	0.147887323944	0.169014084507	0.0633802816901
bit-	0.0	1.0	0.0	0.0
cef-	0.288461538462	0.610576923077	0.0	0.100961538462
gʉg-	0.372448979592	0.394132653061	0.141581632653	0.0918367346939
mfä-	0.383873754725	0.320852460204	0.220786558839	0.0744872262319
høx-	0.31387748898	0.613416426002	0.0585195318437	0.0141865531742
ɛrb-	0.183125129052	0.0353990295271	0.730371154243	0.0511046871774
sur-	0.0247933884298	0.465564738292	0.269972451791	0.239669421488
hnu-	0.368258390094	0.258931711619	0.138379268722	0.234430629564
fri-	0.0126050420168	0.920168067227	0.0672268907563	0.0
ɛma-	0.272727272727	0.590909090909	0.0113636363636	0.125
map-	0.658809575682	0.0583359106359	0.00127976403589	0.281574749646
ico-	0.027950310559	0.959627329193	0.00621118012422	0.00621118012422
job-	0.0	0.980769230769	0.0192307692308	0.0
bet-	0.0359143801178	0.955466168654	0.00344778049131	0.00517167073696
sal-	0.019426789783	0.977695167286	0.0	0.00287804293081
ägä-	0.909090909091	0.0	0.0181818181818	0.0727272727273
bop-	0.101102941176	0.837009803922	0.0582107843138	0.00367647058823
hma-	0.40575000308	0.315882335341	0.133485042882	0.144882618697
mbe-	0.64	0.24	0.0	0.12
gäh-	0.147512652759	0.219232193556	0.0296259721022	0.603629181583
nsɛ-	0.273395100015	0.574643355559	0.141785548147	0.0101759962785
ngʉ-	0.0597842664226	0.754300806921	0.12034495189	0.0655699747664
lic-	0.0842696629213	0.713483146068	0.202247191011	0.0
än'-	0.547904634977	0.25322079076	0.0	0.198874574263
ren-	0.0	0.955882352941	0.0441176470588	0.0
ägu-	0.814252336449	0.0876168224299	0.0735981308411	0.0245327102803
ma'-	0.453872718303	0.234336457819	0.0962012826838	0.215589541194
naz-	0.00500595947557	0.991418355185	0.00357568533971	0.0
t'u-	0.563042856191	0.25339637703	0.0429298972586	0.14063086952
høh-	0.821428571429	0.0992063492064	0.079365079365	0.0
fʉg-	0.564285714286	0.407142857143	0.0	0.0285714285714
'dä-	0.069539870914	0.127420362274	0.0274828232355	0.775556943577
ɛ̱h-	0.773428901654	0.0933382657744	0.015235615712	0.117997216859
dʉp-	0.396753832281	0.603246167719	0.0	0.0
jah-	0.389418974478	0.328329842526	0.11042587852	0.171825304476
guɛ-	0.0973142657831	0.793861178933	0.100453435647	0.00837111963726
t'ʉ-	0.154944405186	0.646615999192	0.135129288588	0.0633103070334
toc-	0.356402628328	0.393862403731	0.128900892103	0.120834075837
øhy-	0.247663861091	0.654251441447	0.0808536019616	0.0172310955
rep-	0.0591949315547	0.890692098992	0.0212047597282	0.028908209725
ørp-	0.408535214937	0.325751103197	0.0773628079304	0.188350873935
ɛni-	0.292231812577	0.441430332922	0.138101109741	0.12823674476
xma-	0.202721524642	0.132822806566	0.0551873479063	0.609268320886
täm-	0.682835820896	0.173507462687	0.0652985074627	0.0783582089552
säm-	0.463267070009	0.389225007203	0.133679055027	0.0138288677614
tøn-	0.411477345931	0.365873953189	0.217012024909	0.00563667597164
yʉn-	0.342777334397	0.511971268955	0.140462889066	0.0047885075818
'uɛ-	0.432214513407	0.484108381774	0.0653947121695	0.0182823926496
tro-	0.0	1.0	0.0	0.0
