do̱-	0.229104190916	0.380118233267	0.0858940029013	0.304883572915
nxo-	0.192419417574	0.509908632896	0.21584181201	0.08183013752
tut-	0.461695495573	0.31616531228	0.169254111479	0.0528850806686
hem-	0.53648960739	0.200923787529	0.20207852194	0.0605080831409
jis-	0.324637681159	0.605797101449	0.0695652173913	0.0
e̱m-	0.543841059603	0.349668874172	0.0572185430463	0.0492715231788
ye'-	0.329411764706	0.435294117647	0.0	0.235294117647
dok-	0.494438827098	0.457027300303	0.0	0.0485338725986
uti-	0.803788903924	0.117726657646	0.0297699594046	0.0487144790257
'ñe-	0.486013242913	0.135116128822	0.0325261553012	0.346344472964
nzo-	0.399176501412	0.477728451455	0.103571907937	0.0195231391959
u̱g-	0.280125195618	0.652582159624	0.0256651017214	0.041627543036
ñ'ö-	0.356593357906	0.346891100184	0.169524254494	0.126991287416
dën-	0.754716981132	0.132075471698	0.0377358490566	0.0754716981132
ju̱-	0.422963922368	0.336132019565	0.0871470701712	0.153756987896
pöp-	0.543046357616	0.0176600441501	0.0	0.439293598234
gu'-	0.359728506787	0.457013574661	0.142533936651	0.0407239819004
gra-	0.0	1.0	0.0	0.0
yo̱-	0.592016588906	0.306376360809	0.0404354587869	0.0611715914982
nij-	0.0295439310807	0.921236872812	0.0203580029296	0.0288611931776
udi-	0.547619047619	0.209523809524	0.1	0.142857142857
esr-	0.0	1.0	0.0	0.0
nas-	0.00576326289346	0.988916802128	0.00354662331905	0.00177331165953
nöñ-	0.717391304348	0.282608695652	0.0	0.0
mah-	0.155514939473	0.130532157765	0.131863761209	0.582089141554
bë'-	0.316967060286	0.634555624612	0.0186451211933	0.0298321939092
tum-	0.126582278481	0.493670886076	0.113924050633	0.26582278481
ge'-	0.330001472344	0.299458504425	0.053658775991	0.316881247239
eno-	0.00808625336927	0.991913746631	0.0	0.0
eka-	0.569944060677	0.363167638803	0.0501662253896	0.0167220751299
a̱t-	0.588424437299	0.231511254019	0.0257234726688	0.154340836013
pöm-	0.266666666667	0.4	0.0888888888889	0.244444444444
zow-	0.693790149893	0.267665952891	0.0	0.0385438972163
umf-	0.602692140686	0.127949051961	0.0428426689825	0.22651613837
ana-	0.0283464566929	0.94094488189	0.0106299212598	0.0200787401575
puh-	0.358778625954	0.320610687023	0.274809160305	0.0458015267176
za̱-	0.328935064935	0.164883116883	0.200779220779	0.305402597403
duy-	0.720125786164	0.119496855346	0.0283018867924	0.132075471698
sak-	0.0555294117647	0.865411764706	0.0127058823529	0.0663529411765
fig-	0.0	1.0	0.0	0.0
pid-	0.679012345679	0.135802469136	0.0246913580247	0.16049382716
ele-	0.0	1.0	0.0	0.0
göi-	0.198037466548	0.124888492418	0.00267618198037	0.674397859054
jaj-	0.487915407855	0.152567975831	0.108761329305	0.250755287009
tö'-	0.469879518072	0.385542168675	0.0722891566265	0.0722891566265
txa-	0.0333333333333	0.933333333333	0.0333333333333	0.0
nun-	0.109228737457	0.055584146794	0.0186622414722	0.816524874276
tse-	0.267444991033	0.397402941253	0.244862377859	0.090289689855
e̱s-	0.56	0.34	0.0	0.1
rut-	0.0	1.0	0.0	0.0
hat-	0.095206391478	0.792942743009	0.0319573901465	0.0798934753661
kat-	0.212001266625	0.228150728309	0.522165927802	0.0376820772641
m'u-	0.369974972191	0.318729143493	0.0856785317019	0.225617352614
abi-	0.0128893662728	0.953813104189	0.0332975295381	0.0
zin-	0.412587412587	0.493006993007	0.020979020979	0.0734265734266
nme-	0.458646616541	0.368421052632	0.157894736842	0.015037593985
mil-	0.0	1.0	0.0	0.0
tib-	0.0	1.0	0.0	0.0
teh-	0.160576854768	0.440502971891	0.198252385801	0.200667787539
yer-	0.0	0.963636363636	0.0363636363636	0.0
sod-	0.00699667209571	0.993003327904	0.0	0.0
ñeg-	0.847775175644	0.11943793911	0.00468384074941	0.0281030444965
nug-	0.0763105732205	0.0394812828109	0.00376299336406	0.880445150605
mai-	0.0	1.0	0.0	0.0
ñön-	0.197537277514	0.55857859822	0.0484887727379	0.195395351528
bö'-	0.441684500555	0.0821059937638	0.0633081117462	0.412901393935
xki-	0.766934607781	0.023545980064	0.00512812109306	0.204391291062
zon-	0.611422172452	0.268868980963	0.0511758118701	0.0685330347145
nka-	0.204597701149	0.757471264368	0.0206896551724	0.0172413793103
hed-	0.2	0.75	0.0333333333333	0.0166666666667
tus-	0.329545454545	0.284090909091	0.25	0.136363636364
pu̱-	0.5833849969	0.401735895846	0.0148791072535	0.0
paf-	0.0	1.0	0.0	0.0
za'-	0.358268369547	0.313318958368	0.0298556974622	0.298556974623
nzu-	0.0239520958083	0.769461077844	0.161676646707	0.0449101796407
dek-	0.0	0.927272727273	0.0	0.0727272727273
abr-	0.00901381505123	0.973602398779	0.0168319199426	0.000551866227626
ñut-	0.792452830189	0.188679245283	0.0188679245283	0.0
onu-	0.44262295082	0.377049180328	0.0819672131148	0.0983606557377
nor-	0.138342196725	0.122691679578	0.100079561157	0.638886562539
sug-	0.344588590723	0.591967300515	0.0335880575795	0.0298560511818
döm-	0.0255386123031	0.927808876153	0.019035174984	0.0276173365603
ñ'e-	0.375736652338	0.407995536639	0.116984404663	0.0992834063593
mho-	0.046875	0.84375	0.0625	0.046875
zan-	0.558289496012	0.24062446971	0.0636348209741	0.137451213304
her-	0.0111761704609	0.983770256809	0.0021866420467	0.00286693068345
xuw-	0.056927297668	0.890788224122	0.0131370686926	0.0391474095178
nta-	0.843421577757	0.141013702275	0.0155647199681	0.0
hwa-	0.633710795807	0.261277800037	0.0540182120147	0.0509931921419
kam-	0.0302267002519	0.939546599496	0.0302267002519	0.0
kle-	0.0655737704918	0.890710382514	0.0327868852459	0.0109289617486
sin-	0.0	1.0	0.0	0.0
böd-	0.732184655397	0.0999349804941	0.034200260078	0.133680104031
hes-	0.0517330343031	0.823399736911	0.00639908340748	0.118468145378
dor-	0.0	1.0	0.0	0.0
m'o-	0.177669098413	0.787792836601	0.0252072167844	0.00933084820195
köi-	0.67868177137	0.11122554068	0.0	0.210092687951
ger-	0.627717391304	0.315217391304	0.0570652173913	0.0
pat-	0.134673366834	0.720603015075	0.0361809045226	0.108542713568
gni-	0.107142857143	0.821428571429	0.0	0.0714285714286
nwe-	0.62962962963	0.320987654321	0.0246913580247	0.0246913580247
hud-	0.0678758755323	0.922663548896	0.000901007197331	0.00855956837465
'bu-	0.244768959028	0.117598471712	0.0492013801346	0.588431189125
maw-	0.760563380282	0.176056338028	0.0	0.0633802816901
hni-	0.127127358082	0.781314057467	0.00808199355841	0.0834765908924
gön-	0.397058823529	0.176470588235	0.426470588235	0.0
erm-	0.0377358490566	0.962264150943	0.0	0.0
ehy-	0.553846153846	0.323076923077	0.0307692307692	0.0923076923077
zip-	0.5031495991	0.312217153201	0.142394792419	0.0422384552794
'yo-	0.580551276364	0.206805117751	0.0640093717012	0.148634234184
him-	0.420006999918	0.0587274583529	0.0147585950068	0.506506946722
hoñ-	0.407926402047	0.181253236665	0.0614839410648	0.349336420223
mfi-	0.27352297593	0.687089715536	0.0131291028446	0.0262582056893
bök-	0.486390532544	0.10650887574	0.0745562130177	0.332544378698
jam-	0.377500787502	0.474136156108	0.0517326121863	0.0966304442039
nza-	0.293742590611	0.344363980268	0.2910607803	0.0708326488205
a̱d-	0.63872255489	0.235129740519	0.0526946107784	0.0734530938123
mar-	0.411093414144	0.336798679845	0.00941383178943	0.242694074222
göp-	0.32722513089	0.123036649215	0.0471204188482	0.502617801047
emp-	0.142386702211	0.492551356437	0.190998902305	0.174063039047
por-	0.21875	0.78125	0.0	0.0
nex-	0.186440677966	0.64406779661	0.0338983050847	0.135593220339
'ro-	0.401320616288	0.545854732208	0.04402054292	0.00880410858401
alf-	0.0	1.0	0.0	0.0
zu̱-	0.428166588109	0.296172802868	0.0577250958691	0.217935513154
noe-	0.0	1.0	0.0	0.0
nú'-	0.0748262818241	0.0506732641536	0.00624948406552	0.868250969957
hög-	0.313993174061	0.160409556314	0.20819112628	0.317406143345
nge-	0.0635016456056	0.0244491632646	0.00272467251032	0.909324518619
xka-	0.303320094835	0.0164584794516	0.00391561210484	0.676305813608
u̱t-	0.60837191142	0.159269614829	0.0401844759324	0.192173997819
dëy-	0.037037037037	0.962962962963	0.0	0.0
ped-	0.0262276990988	0.946293912084	0.00860768806327	0.0188707007541
zis-	0.222599109604	0.508161967352	0.192919228323	0.0763196947212
epa-	0.0742268041237	0.882474226804	0.0371134020619	0.00618556701029
nth-	0.274555573794	0.438711613052	0.100376597818	0.186356215336
k'a-	0.244892451839	0.478139549946	0.217369441786	0.0595985564295
asi-	0.00260926288324	0.993476842792	0.00391389432486	0.0
gö'-	0.460987583888	0.311108442056	0.0887294128245	0.139174561232
nan-	0.528306615469	0.137930417192	0.021052066271	0.312710901068
pen-	0.408341366759	0.179761055103	0.0213493642292	0.390548213909
mpe-	0.410960750476	0.398121270265	0.0714923597877	0.119425619472
hid-	0.210084033613	0.6918767507	0.0980392156863	0.0
usi-	0.0	1.0	0.0	0.0
ñös-	0.314216478191	0.380452342488	0.152665589661	0.152665589661
ñö'-	0.449716348633	0.333333333333	0.127557160048	0.0893931579852
nsu-	0.223469498516	0.491861861386	0.153389355236	0.131279284862
ñum-	0.701421800948	0.203791469194	0.0379146919432	0.0568720379146
hño-	0.21186440678	0.690677966102	0.0	0.0974576271186
tol-	0.25	0.75	0.0	0.0
mel-	0.0443800178412	0.942239072257	0.00802854594113	0.00535236396075
kri-	0.0494071146245	0.919631093544	0.0	0.0309617918314
xök-	0.0	0.926605504587	0.0733944954127	0.0
tew-	0.610659389619	0.319169079973	0.0350857652038	0.0350857652038
mir-	0.0199335548173	0.96511627907	0.014950166113	0.0
isa-	0.00143750285219	0.990895815269	0.00239583808698	0.00527084379135
nju-	0.425948022097	0.409430110919	0.087993416292	0.076628450692
mus-	0.647961167484	0.244045304602	0.0500457812284	0.0579477466855
did-	0.0387931034483	0.961206896552	0.0	0.0
pud-	0.0182926829268	0.981707317073	0.0	0.0
je̱-	0.0339886704432	0.785293790959	0.10474286349	0.0759746751083
yom-	0.45624727906	0.377013495864	0.0853286895951	0.081410535481
möd-	0.111077596584	0.0318012889872	0.0239644241758	0.833156690253
ita-	0.0	0.834482758621	0.165517241379	0.0
pa̱-	0.332912782837	0.546606232652	0.0836641841349	0.0368168003754
tuh-	0.362455113349	0.440747519021	0.11258170999	0.0842156576407
gid-	0.377869334903	0.608004708652	0.0	0.014125956445
hur-	0.888888888889	0.0	0.037037037037	0.0740740740741
ne'-	0.390006196834	0.297898709932	0.0790941355417	0.233000957693
sor-	0.0	1.0	0.0	0.0
moi-	0.0302470888952	0.926512354445	0.00489917637035	0.0383413802897
nzö-	0.168889919963	0.685535320728	0.0460503421877	0.099524417121
bo'-	0.243243243243	0.756756756757	0.0	0.0
t'i-	0.0908909308829	0.815388200826	0.0634238913304	0.030296976961
nór-	0.331053351573	0.357045143639	0.246238030096	0.0656634746922
xim-	0.0164198556588	0.935178142791	0.0254999601706	0.0229020413797
han-	0.3985006085	0.176058042452	0.0404800570542	0.384961291994
jud-	0.0	0.977099236641	0.0229007633588	0.0
nön-	0.0195826797852	0.928513712629	0.0105518323114	0.0413517752745
hu'-	0.421870509958	0.383828112911	0.103671610778	0.0906297663521
teu-	0.315789473684	0.614035087719	0.0	0.0701754385965
ku̱-	0.338226306248	0.193311815084	0.0924819543924	0.375979924276
pöd-	0.695926687238	0.0610285568512	0.073121434073	0.169923321837
mal-	0.0219298245614	0.978070175439	0.0	0.0
umb-	0.510995505326	0.0978990036839	0.0431026406095	0.348002850381
thi-	0.370987500671	0.505275816442	0.0453997901241	0.0783368927631
sab-	0.0161467158377	0.928236818499	0.0161467158377	0.0394697498256
nli-	0.302325581395	0.558139534884	0.0	0.139534883721
ens-	0.397180853987	0.170632521844	0.0369291641479	0.395257460021
aki-	0.0	1.0	0.0	0.0
a̱p-	0.674190617378	0.192386782076	0.0322318397016	0.101190760844
nin-	0.0	1.0	0.0	0.0
nt'-	0.207977284554	0.652276846246	0.0968326737626	0.0429131954374
tik-	0.00790513833992	0.99209486166	0.0	0.0
box-	0.242911153119	0.751417769376	0.00567107750472	0.0
mhu-	0.335732009926	0.407637165702	0.031541218638	0.225089605735
pit-	0.476208473487	0.386881590385	0.12500472429	0.0119052118372
göm-	0.692307692308	0.274725274725	0.0	0.032967032967
uni-	0.16766097143	0.6337468926	0.0748674778083	0.123724658162
mot-	0.0891912699848	0.884485539149	0.00739117547626	0.0189320153903
'be-	0.153958585133	0.647112617189	0.0866707477864	0.112258049892
tuw-	0.844046953605	0.066517607602	0.0475125768586	0.041922861934
hog-	0.0887774150397	0.390537381368	0.407429980079	0.113255223513
nún-	0.0756974620568	0.146545752251	0.0113357264311	0.766421059261
rud-	0.0211267605634	0.964788732394	0.0140845070422	0.0
ñu'-	0.631988332523	0.164803111327	0.0437530384054	0.159455517744
bo̱-	0.422265369271	0.134290526363	0.0329291561519	0.410514948214
jaf-	0.487083112758	0.264849126522	0.0921122286924	0.155955532028
hoj-	0.547674418605	0.224418604651	0.195348837209	0.0325581395349
ump-	0.280373831776	0.11214953271	0.345794392523	0.261682242991
gos-	0.668373024705	0.164923213888	0.138660137992	0.0280436234142
iux-	0.023645320197	0.926108374384	0.0502463054187	0.0
and-	0.0	1.0	0.0	0.0
ALL	0.245000270388	0.327164239754	0.0639000266847	0.363935463173
pe̱-	0.458650520705	0.196203823649	0.0876976694721	0.257447986173
xat-	0.428238492911	0.541173043309	0.0	0.0305884637794
'ya-	0.619978328599	0.221575389778	0.0323795962195	0.126066685404
ohu-	0.181086519115	0.245472837022	0.404426559356	0.169014084507
ja̱-	0.238687782805	0.378959276018	0.324660633484	0.0576923076924
per-	0.0	0.99	0.0	0.01
o̱h-	0.75279031109	0.0902134620966	0.0852265231273	0.0717697036861
hwe-	0.162834250076	0.653246877764	0.161310060527	0.022608811633
sok-	0.647058823529	0.0882352941177	0.117647058824	0.147058823529
xok-	0.692571696955	0.171339312009	0.0757247653091	0.0603642257268
e̱n-	0.125782865799	0.807043607446	0.02100265082	0.0461708759358
xtá-	0.490797546012	0.269938650307	0.0	0.239263803681
ñux-	0.407581453634	0.0654761904762	0.494047619048	0.0328947368421
pön-	0.747474747475	0.252525252525	0.0	0.0
lid-	0.0166898470097	0.98331015299	0.0	0.0
zim-	0.370166802662	0.496105355167	0.0681350982922	0.0655927438783
eñ'-	0.411634318389	0.104044102006	0.0406292810769	0.443692298529
ata-	0.0	1.0	0.0	0.0
far-	0.0229007633588	0.969465648855	0.00763358778626	0.0
xtö-	0.00966589377873	0.983084685887	0.00724942033404	0.0
gox-	0.088691605143	0.849182187458	0.0192533377713	0.0428728696273
si'-	0.201944652206	0.46148092745	0.235602094241	0.100972326103
ñox-	0.106060606061	0.439393939394	0.363636363636	0.0909090909091
hö'-	0.611238771673	0.265928556507	0.0802172550658	0.0426154167537
sir-	0.0433341830232	0.905047157787	0.0458832526128	0.0057354065766
te̱-	0.435333797372	0.293734298628	0.0566908931712	0.214241010829
xpa-	0.772616632256	0.0617460501893	0.00929542468471	0.15634189287
mes-	0.441558441558	0.532467532468	0.0	0.025974025974
xa̱-	0.390271018432	0.474303707034	0.0270850549069	0.108340219628
mhö-	0.121582013769	0.756575608297	0.0409114321622	0.0809309457711
num-	0.485742394722	0.204409807288	0.127390574664	0.182457223326
huö-	0.869565217391	0.130434782609	0.0	0.0
döh-	0.425830323389	0.31322594063	0.194878531639	0.0660652043427
nej-	0.342780026991	0.288798920378	0.157894736842	0.210526315789
adi-	0.0	1.0	0.0	0.0
ñ'a-	0.640625	0.146558544304	0.0365901898734	0.176226265823
ami-	0.0	1.0	0.0	0.0
zat-	0.0421644413211	0.377723120169	0.58011243851	0.0
kla-	0.0077922077922	0.992207792208	0.0	0.0
ño̱-	0.0154749476846	0.945837683104	0.0386873692116	0.0
tek-	0.434685882865	0.45156454031	0.089374667505	0.0243749093195
xe̱-	0.126952126338	0.672817051614	0.0985376400637	0.101693181984
nuj-	0.0458025960234	0.0321856080164	0.010685100637	0.911326695323
tsa-	0.256584605703	0.168440220722	0.151941127143	0.423034046432
nsi-	0.419560379057	0.341070919463	0.0840236496055	0.155345051875
no̱-	0.41114367519	0.221036019472	0.0426502666479	0.32517003869
mö'-	0.563883912446	0.133158719182	0.16110968927	0.141847679102
nze-	0.0695846563443	0.136635996072	0.655225564742	0.138553782842
ehe-	0.772136792157	0.0148463686353	0.00925042968817	0.20376640952
lis-	0.0	0.98844765343	0.000722021660651	0.0108303249097
k'o-	0.566752966102	0.28121303051	0.0662948902164	0.0857391131716
beñ-	0.552373307739	0.135017995008	0.054126169205	0.258482528048
kos-	0.386626811336	0.304801224144	0.089726599612	0.218845364907
mpë-	0.973981900453	0.0169683257918	0.0	0.00904977375565
rod-	0.0658307210031	0.858934169279	0.0752351097179	0.0
nem-	0.438640147765	0.398795978754	0.0764591300744	0.0861047434068
ntö-	0.551210410302	0.316214857496	0.0893306005646	0.043244131637
uñh-	0.488441909337	0.264485139598	0.158811167817	0.0882617832483
pon-	0.327975925532	0.561473109748	0.0320283320109	0.0785226327095
núy-	0.568234746158	0.315323707499	0.0326036329762	0.0838379133675
mux-	0.592391304348	0.141304347826	0.233695652174	0.0326086956521
esk-	0.336659721461	0.433051869723	0.0526373505866	0.17765105823
ged-	0.0384615384615	0.961538461538	0.0	0.0
bok-	0.233215547703	0.121908127208	0.623674911661	0.0212014134276
sik-	0.0	1.0	0.0	0.0
eub-	0.140625	0.859375	0.0	0.0
a̱g-	0.770750988142	0.217391304348	0.00395256916996	0.00790513833991
nga-	0.0881272238763	0.400043569821	0.0090407377823	0.502788468521
ben-	0.407141008862	0.266102146203	0.0882031973658	0.23855364757
jös-	0.564624543883	0.212214326868	0.190896869599	0.0322642596505
göt-	0.081524377942	0.481939273063	0.186144330209	0.250392018786
nö'-	0.0916951064216	0.145589357413	0.00414490612176	0.758570630044
jár-	0.616707616708	0.257985257985	0.0331695331695	0.0921375921376
mpa-	0.193717330422	0.704924828374	0.0569727117393	0.044385129465
euf-	0.0666666666666	0.933333333333	0.0	0.0
pax-	0.205169628433	0.699515347334	0.0581583198708	0.0371567043619
már-	0.653037032905	0.0683829220503	0.0405123663823	0.238067678662
töh-	0.478652328837	0.216880885722	0.133144566047	0.171322219394
der-	0.0101694915254	0.989830508475	0.0	0.0
jap-	0.427493609852	0.192891686999	0.0641556291391	0.31545907401
map-	0.749402390438	0.0579681274901	0.0280876494024	0.164541832669
gat-	0.0421854391894	0.178142604841	0.0396066778221	0.740065278147
nut-	0.722672064777	0.174089068826	0.0485829959514	0.0546558704453
xox-	0.245454545455	0.384848484848	0.333333333333	0.0363636363636
gek-	0.563249516441	0.222396416573	0.0495978825207	0.164756184465
ses-	0.143746110765	0.848786558805	0.00746733042937	0.0
zid-	0.330097087379	0.514563106796	0.126213592233	0.0291262135922
a̱ñ-	0.664462809917	0.099173553719	0.0396694214876	0.196694214876
zañ-	0.578125	0.328125	0.046875	0.046875
esl-	0.0	1.0	0.0	0.0
the-	0.393182218905	0.312336767556	0.20528057313	0.0892004404096
rak-	0.0	0.907692307692	0.0923076923077	0.0
ntu-	0.301687831065	0.382012676537	0.118268505853	0.198030986545
jút-	0.0579710144928	0.608695652174	0.202898550725	0.130434782609
mën-	0.0838553129056	0.816263190565	0.0829524293211	0.0169290672084
ot'-	0.481464962471	0.435194270641	0.030430848827	0.052909918061
ho'-	0.727710843374	0.156626506024	0.115662650602	0.0
ño'-	0.234314980794	0.370038412292	0.361075544174	0.0345710627401
n'o-	0.0583635323289	0.885561701316	0.0308983406447	0.0251764257105
doy-	0.0133928571428	0.986607142857	0.0	0.0
pö'-	0.750756357707	0.0626607753976	0.0486737913641	0.137909075532
möh-	0.55600828824	0.201296775655	0.0180767253411	0.224618210764
boj-	0.161328892204	0.736608154555	0.0467475260614	0.0553154271793
nkr-	0.083850931677	0.804347826087	0.0186335403727	0.0931677018633
adr-	0.174825174825	0.692307692308	0.118881118881	0.013986013986
xi'-	0.493055646875	0.0567222237715	0.0104101620836	0.43981196727
ter-	0.231382461598	0.439529457515	0.104997083414	0.224090997472
wen-	0.394751746272	0.302057768548	0.249952803474	0.0532376817066
thó-	0.909090909091	0.0909090909091	0.0	0.0
dab-	0.00897945087204	0.980659644276	0.0	0.0103609048524
guk-	0.691780821918	0.164383561644	0.143835616438	0.0
dañ-	0.0	0.929199163876	0.0708008361242	0.0
ñöx-	0.270145374025	0.555405795706	0.0660440935785	0.10840473669
nam-	0.0	0.6388101983	0.3611898017	0.0
ebe-	0.0	1.0	0.0	0.0
ale-	0.0174689440994	0.72049689441	0.256211180124	0.00582298136645
juh-	0.00673400673402	0.993265993266	0.0	0.0
ker-	0.0	0.924050632911	0.0759493670886	0.0
sid-	0.0365272631022	0.930121757544	0.0206458443621	0.0127051349921
bon-	0.419641654318	0.279968790696	0.182905608694	0.117483946293
oli-	0.0	1.0	0.0	0.0
dox-	0.0	0.988625592417	0.0113744075829	0.0
ñun-	0.676160228399	0.284829101409	0.0176512157902	0.0213594544015
zoñ-	0.674180611257	0.155234407413	0.0616788825889	0.108906098741
doj-	0.277005347594	0.56577540107	0.157219251337	0.0
ero-	0.0210014238253	0.900450878026	0.0529188419554	0.0256288561936
net-	0.463852075232	0.278231886358	0.180541226887	0.0773748115229
kök-	0.0983606557377	0.16393442623	0.655737704918	0.0819672131147
'ba-	0.358178875006	0.398469818857	0.0328927134162	0.210458592721
pöj-	0.516393442623	0.372950819672	0.0245901639344	0.0860655737704
hak-	0.0193236714976	0.966888083736	0.0048309178744	0.00895732689211
pi'-	0.459501557632	0.414330218069	0.126168224299	0.0
döt-	0.193526560672	0.283226497641	0.282354556597	0.24089238509
mut-	0.207112970711	0.581066945607	0.116108786611	0.0957112970711
di'-	0.175572519084	0.480916030534	0.343511450382	0.0
uth-	0.485416666667	0.339236111111	0.117013888889	0.0583333333333
maf-	0.641674236601	0.193697156034	0.0995038781357	0.0651247292293
'wö-	0.320111992534	0.596826878208	0.0130657956136	0.0699953336444
ehn-	0.313003452244	0.189873417722	0.0166858457998	0.480437284235
tuk-	0.393987606766	0.287389047061	0.180874225423	0.13774912075
xu̱-	0.478148172559	0.242314395335	0.13749974339	0.142037688716
ndö-	0.126157473962	0.738169657597	0.0660405231885	0.0696323452526
pan-	0.124240583232	0.702612393682	0.0552855407047	0.117861482382
hwi-	0.438999384431	0.483916041217	0.0606836010857	0.0164009732664
tup-	0.470055412457	0.366023989887	0.107783406678	0.0561371909782
ñhu-	0.240170748146	0.681869242867	0.0574028308245	0.0205571781622
to̱-	0.379676293405	0.332446635595	0.0720751513485	0.215801919651
tor-	0.166112956811	0.518272425249	0.0664451827242	0.249169435216
ari-	0.00394736842105	0.996052631579	0.0	0.0
efr-	0.0	1.0	0.0	0.0
hoh-	0.443213296399	0.353960279825	0.200009390112	0.00281703366355
dux-	0.437564436897	0.365940930317	0.158287343077	0.0382072897083
ntr-	0.0	1.0	0.0	0.0
ñek-	0.0	1.0	0.0	0.0
ema-	0.0286624203821	0.875796178344	0.0764331210191	0.0191082802548
lat-	0.132911392405	0.794303797468	0.0379746835443	0.0348101265822
're-	0.0177481022838	0.119909598895	0.0100931699888	0.852249128833
ese-	0.0	1.0	0.0	0.0
a̱h-	0.357573020175	0.264227642276	0.220114423366	0.158084914182
ka'-	0.46128156961	0.245460237946	0.205593821749	0.0876643706951
ape-	0.0714285714286	0.928571428571	0.0	0.0
'ño-	0.769230769231	0.146853146853	0.041958041958	0.0419580419581
nzi-	0.263786175974	0.472815854345	0.207496263514	0.0559017061666
bëh-	0.194240067269	0.332520496111	0.0353163758672	0.437923060753
fre-	0.0	1.0	0.0	0.0
got-	0.559054040179	0.208220678326	0.0710154351621	0.161709846333
hul-	0.0497925311203	0.9377593361	0.0	0.0124481327801
luk-	0.0504672897196	0.904672897196	0.0299065420561	0.014953271028
b'u-	0.152173913043	0.717391304348	0.0434782608696	0.0869565217392
xiz-	0.437984496124	0.562015503876	0.0	0.0
o̱x-	0.73885013325	0.148475466374	0.0409546950933	0.071719705283
tia-	0.06	0.94	0.0	0.0
jö'-	0.0694394606181	0.737689120683	0.0452217912174	0.147649627482
mig-	0.0845771144278	0.885572139304	0.0	0.0298507462686
dár-	0.275538894096	0.531396438613	0.0224929709466	0.170571696345
död-	0.596053465287	0.193675889328	0.0261593700027	0.184111275382
a̱'-	0.616155366503	0.211291569992	0.0364355074332	0.136117556071
he̱-	0.288881912444	0.46167736185	0.118346611753	0.131094113954
'wa-	0.442916371726	0.552533117605	0.0	0.00455051066842
sit-	0.585760517799	0.190938511327	0.145631067961	0.0776699029126
mañ-	0.113423226815	0.244637897549	0.14623059027	0.495708285365
pök-	0.482123368859	0.226555687259	0.0899183841844	0.201402559698
mid-	0.333590733591	0.221621621622	0.0694980694981	0.37528957529
k'ö-	0.538925274429	0.201207849484	0.0366648045917	0.223202071495
se̱-	0.522374459484	0.271194022432	0.0328865620703	0.173544956013
pun-	0.60092095165	0.225633154259	0.104374520338	0.0690713737528
bax-	0.0519645120406	0.916349809886	0.0278833967047	0.00380228136882
ñöm-	0.373428862257	0.305420741549	0.106210317349	0.214940078845
nxe-	0.819391634981	0.136882129278	0.0114068441065	0.032319391635
'mu-	0.0873120581499	0.082590693352	0.0180059079292	0.812091340569
e̱k-	0.624311294766	0.103305785124	0.221763085399	0.0506198347107
tút-	0.837837837838	0.108108108108	0.0	0.0540540540541
zap-	0.557251908397	0.0916030534351	0.160305343511	0.190839694657
kun-	0.66393442623	0.147540983607	0.0	0.188524590164
dex-	0.637065637066	0.247104247104	0.03861003861	0.0772200772201
pe'-	0.607476635514	0.130841121495	0.0560747663551	0.205607476635
har-	0.0152121106308	0.00497863769713	0.0013314137796	0.978477837892
kan-	0.0	0.859903381643	0.140096618357	0.0
nhi-	0.511848341232	0.327014218009	0.118483412322	0.042654028436
nei-	0.861963190184	0.138036809816	0.0	0.0
ha̱-	0.0995102043139	0.639967441821	0.0319036004679	0.228618753397
xix-	0.525191776619	0.416139920221	0.0369438478061	0.0217244553544
mij-	0.138257575758	0.655303030303	0.14678030303	0.059659090909
hyu-	0.755491136136	0.106700858513	0.0120414761958	0.125766529156
tih-	0.131868131868	0.615384615385	0.164835164835	0.0879120879121
nup-	0.124691924699	0.0851062585698	0.0168984601351	0.773303356596
dak-	0.544731610338	0.127236580517	0.0	0.328031809145
o̱'-	0.524475524475	0.181818181818	0.251748251748	0.041958041958
jöh-	0.131139366741	0.780603340813	0.0493642483171	0.0388930441286
sio-	0.0233918128655	0.966861598441	0.0	0.00974658869395
mfö-	0.0566823209647	0.739450551341	0.177633276565	0.0262338511293
jaw-	0.189535422133	0.634820188301	0.108041364408	0.0676030251582
uhu-	0.251497005988	0.251497005988	0.48502994012	0.0119760479042
ehw-	0.578635014837	0.163204747774	0.124629080119	0.13353115727
xod-	0.0448043730989	0.788941053014	0.11056203511	0.0556925387773
met-	0.675935231714	0.214070351759	0.0336125069793	0.0763819095478
sa̱-	1.0	0.0	0.0	0.0
nef-	0.0	1.0	0.0	0.0
hiñ-	0.0769267742753	0.134693589217	0.315761722903	0.472617913604
wa'-	0.541871921182	0.248768472906	0.147783251231	0.0615763546798
dim-	0.546581875994	0.295707472178	0.0629570747217	0.0947535771066
tit-	0.0328512594579	0.90323404527	0.0303930019475	0.0335216933244
enö-	0.50324500382	0.124130443524	0.0159234388194	0.356701113836
hwö-	0.18325258903	0.775492659132	0.0086584047068	0.0325963471315
eta-	0.323943661972	0.12676056338	0.408450704225	0.140845070423
mat-	0.537425308489	0.334170113967	0.0457872220061	0.0826173555375
böm-	0.0714285714285	0.607142857143	0.285714285714	0.0357142857143
nen-	0.317073170732	0.474390243903	0.171951219512	0.0365853658537
aka-	0.0139275766017	0.977715877437	0.0	0.008356545961
höd-	0.186046511628	0.627906976744	0.0	0.186046511628
uta-	0.487174318841	0.460856915001	0.0191048752487	0.0328638909094
bem-	0.565532626882	0.241494701617	0.128834355828	0.064138315672
gok-	0.294153471376	0.271010962241	0.0554202192448	0.379415347138
has-	0.0123626373626	0.971153846154	0.0	0.0164835164835
mem-	0.0	0.785714285714	0.190476190476	0.0238095238095
mad-	0.133077709335	0.423510197018	0.0493761728869	0.39403592076
par-	0.0199456029012	0.94832275612	0.0108794197643	0.0208522212149
xiu-	0.0859188544153	0.742243436754	0.171837708831	0.0
ya'-	0.137621272009	0.134746676249	0.350341358246	0.377290693496
ets-	0.94495412844	0.0	0.0	0.0550458715596
nti-	0.118727139907	0.427526395745	0.415527295615	0.0382191687331
guh-	0.424686192469	0.173640167364	0.269874476987	0.13179916318
mba-	0.442930153322	0.457751277683	0.0127768313458	0.0865417376491
möl-	0.0	0.959731543624	0.0402684563758	0.0
zuy-	0.392857142857	0.107142857143	0.428571428571	0.0714285714286
pom-	0.48635235732	0.331265508685	0.137717121588	0.044665012407
rag-	0.0	1.0	0.0	0.0
feb-	0.184210526316	0.815789473684	0.0	0.0
jöd-	0.0247052217855	0.950028074116	0.00348119034251	0.0217855137563
tha-	0.508342086464	0.309263612966	0.0784217636909	0.103972536879
le̱-	0.147651006711	0.563758389262	0.147651006711	0.140939597315
ñuñ-	0.739194499018	0.216601178782	0.0206286836935	0.0235756385069
geh-	0.556485218452	0.0652893511637	0.0101581734484	0.368067256936
gay-	0.0162601626016	0.983739837398	0.0	0.0
köp-	0.228373702422	0.56401384083	0.166089965398	0.0415224913495
gob-	0.317348377997	0.235543018336	0.14245416079	0.304654442877
ñ'o-	0.131796922538	0.598947498491	0.0517266776934	0.217528901277
fa̱-	0.305529740788	0.519686021446	0.0595968546051	0.115187383161
exp-	0.171358629131	0.828641370869	0.0	0.0
ate-	0.00790513833994	0.99209486166	0.0	0.0
ñöt-	0.500043664309	0.369836695485	0.0590341454895	0.0710854947166
gre-	0.0053619302949	0.396782841823	0.581769436997	0.0160857908847
um'-	0.529850746269	0.201492537313	0.179104477612	0.089552238806
ser-	0.0	1.0	0.0	0.0
dë'-	0.0344827586207	0.965517241379	0.0	0.0
ndi-	0.36413494849	0.0228318882456	0.00578513631251	0.607248026952
mök-	0.497756142803	0.143645345716	0.0187327580625	0.339865753419
mis-	0.0196078431372	0.980392156863	0.0	0.0
ted-	0.341369334619	0.532304725169	0.0636451301832	0.0626808100289
fu̱-	0.315516922508	0.525799889033	0.0210837802848	0.137599408175
hör-	0.0841121495327	0.467289719626	0.0	0.448598130841
din-	0.731248848209	0.119110510474	0.0540573745316	0.0955832667854
epk-	0.484615384615	0.423076923077	0.0576923076923	0.0346153846154
top-	0.283018867925	0.471698113208	0.0188679245283	0.22641509434
yon-	0.0296544399967	0.133240748305	0.0389674046238	0.798137407075
xik-	0.42905274145	0.12461606442	0.042990693279	0.403340500852
agr-	0.0548682087143	0.930607853685	0.0112963959118	0.00322754168908
heh-	0.400346620451	0.412478336222	0.140381282496	0.0467937608319
sos-	0.0245398773006	0.975460122699	0.0	0.0
fe'-	0.687116564417	0.257668711656	0.0552147239264	0.0
don-	0.190288713911	0.59186351706	0.0656167979003	0.152230971129
deg-	0.86642599278	0.0902527075812	0.043321299639	0.0
nep-	0.111169969389	0.110084494284	0.0177840193845	0.760961516943
deh-	0.0744255248802	0.880542238387	0.024400727393	0.0206315093404
tat-	0.0925925925925	0.587962962963	0.159722222222	0.159722222222
nu'-	0.0751139101058	0.0792182842043	0.00697482477537	0.838692980915
bit-	0.0316483516484	0.81010989011	0.142417582418	0.0158241758242
hñu-	0.35703979177	0.221698842511	0.140370390271	0.280890975447
m'a-	0.515678188007	0.314283843938	0.036086017282	0.133951950772
wön-	0.416666666667	0.520833333333	0.0416666666667	0.0208333333333
du'-	0.656088653822	0.0838685304118	0.147021785669	0.113021030097
hon-	0.421624321955	0.188304131624	0.0584544594972	0.331617086924
pot-	0.609003096271	0.30639338187	0.0281174909443	0.0564860309149
ñöñ-	0.716693828732	0.162126055299	0.0796326476369	0.0415474683323
mam-	0.119257065472	0.288896753466	0.126455681094	0.465390499967
'ra-	0.200591309643	0.15677732492	0.128007170634	0.514624194803
jöm-	0.14405360134	0.534338358459	0.100502512563	0.221105527638
joh-	0.2755186903	0.482118834396	0.192642928306	0.0497195469973
hot-	0.242401915638	0.618345920059	0.108307238902	0.0309449254006
hwë-	0.184323484428	0.599795447076	0.111273927423	0.104607141073
höm-	0.422111854233	0.290635140694	0.0912567223754	0.195996282698
hök-	0.647479384165	0.232522240728	0.0551651297884	0.0648332453183
zo̱-	0.557287390909	0.1537945868	0.0528337499217	0.236084272369
hof-	0.524647887324	0.306338028169	0.147887323944	0.0211267605634
wat-	0.65404250697	0.144284731525	0.0220862449763	0.179586516528
né'-	0.427083333333	0.520833333333	0.0	0.0520833333333
huh-	0.668252080856	0.165378517638	0.0437970669838	0.122572334522
mag-	0.240224300341	0.649985687394	0.0403501754479	0.0694398368174
ut'-	0.541217334867	0.204229380098	0.0388348138355	0.215718471199
ep'-	0.434251497006	0.215888223553	0.0544510978044	0.295409181637
kön-	0.106382978723	0.510638297872	0.0851063829787	0.297872340426
exe-	0.467166979362	0.431519699812	0.0506566604128	0.0506566604127
kok-	0.402702702703	0.459459459459	0.0729729729729	0.0648648648649
nxa-	0.611042944785	0.201226993865	0.0838445807771	0.103885480573
hár-	0.0139591486113	0.0136370144125	0.00161663644173	0.970787200534
ili-	0.0555555555556	0.888888888889	0.0	0.0555555555556
fri-	0.0	0.959183673469	0.0272108843537	0.0136054421769
gop-	0.22206095791	0.642960812772	0.100145137881	0.0348330914369
döñ-	0.153846153846	0.717948717949	0.128205128205	0.0
oxu-	0.725	0.275	0.0	0.0
lam-	0.0	1.0	0.0	0.0
bet-	0.00889679715302	0.979537366548	0.00355871886121	0.00800711743772
elm-	0.0	1.0	0.0	0.0
ges-	0.241671275674	0.210654875964	0.104247128445	0.443426719917
maj-	0.139190254769	0.473462120256	0.149750581278	0.237597043697
txu-	0.105351170569	0.387959866221	0.466555183947	0.0401337792642
sal-	0.0166737794893	0.979991464613	0.00333475589786	0.0
o̱n-	0.076255799879	0.923744200121	0.0	0.0
bop-	0.269387755102	0.657142857143	0.0734693877551	0.0
höj-	0.65243902439	0.34756097561	0.0	0.0
nih-	0.239212978944	0.557818432862	0.0942354159476	0.108733172247
jwa-	0.450523888783	0.228428942337	0.0701929111299	0.250854257751
uñ'-	0.577108433735	0.278313253012	0.0903614457831	0.0542168674699
hek-	0.654268808115	0.327979712595	0.0101437024514	0.00760777683855
xud-	0.057942057942	0.844821844822	0.037296037296	0.05994005994
mex-	0.114406653352	0.762422869407	0.0614660029213	0.0617044743196
gab-	0.0	1.0	0.0	0.0
nub-	0.160377358491	0.254716981132	0.452830188679	0.132075471698
do'-	0.789141414141	0.0719696969697	0.112373737374	0.0265151515151
den-	0.692894322721	0.246096114272	0.0610095630069	0.0
mbe-	0.151898734177	0.810126582278	0.0379746835443	0.0
ind-	0.253211799325	0.604105361372	0.0120577047298	0.130625134573
yan-	0.45625	0.25625	0.1	0.1875
nmi-	0.0701754385965	0.877192982456	0.0	0.0526315789474
xiñ-	0.157256405778	0.11956318534	0.29961833429	0.423562074591
möp-	0.294554455446	0.430693069307	0.200495049505	0.0742574257426
gár-	0.44776119403	0.350746268657	0.10447761194	0.0970149253731
zog-	0.496326770497	0.286805759624	0.116367910667	0.100499559212
est-	0.0168067226891	0.764705882353	0.0168067226891	0.201680672269
'mi-	0.0107719928187	0.895870736086	0.0933572710952	0.0
tsú-	0.707547169811	0.0377358490566	0.22641509434	0.0283018867924
mpi-	0.178378378378	0.602702702703	0.145945945946	0.072972972973
nhu-	0.280978788117	0.519946773644	0.116580141063	0.0824942971762
ma'-	0.128387742021	0.334075789055	0.147928454602	0.389608014322
gal-	0.00424448217317	0.957555178268	0.0382003395586	0.0
mih-	0.0806142034549	0.735124760077	0.165834932822	0.0184261036468
yót-	0.272058823529	0.0955882352941	0.617647058824	0.0147058823529
xög-	0.178861788618	0.813008130081	0.0	0.00813008130081
kar-	0.0	1.0	0.0	0.0
ark-	0.178217821782	0.752475247525	0.0	0.069306930693
e̱t-	0.389671361502	0.552425665102	0.0414710485133	0.0164319248826
suk-	0.676416819013	0.241316270567	0.0274223034735	0.0548446069469
t'u-	0.223316621109	0.648019481959	0.0561231550417	0.0725407418901
kob-	0.482285714286	0.442285714286	0.0274285714286	0.048
zoh-	0.732804711732	0.126953667161	0.019262102176	0.12097951893
njö-	0.133982736782	0.761150648025	0.049245411072	0.0556212041208
e'u-	0.460104834013	0.242865463017	0.0675596971462	0.229470005824
ko̱-	0.727083558534	0.142119770836	0.0624256837099	0.0683709869203
yo'-	0.0885524772132	0.0512701922209	0.0411740817616	0.819003248804
hñe-	0.192143426142	0.334753774246	0.405919783479	0.0671830161335
ung-	0.43684604527	0.151183190185	0.0560022400897	0.355968524455
jah-	0.388394714898	0.294193052582	0.13303635062	0.1843758819
max-	0.288251917642	0.49414614453	0.217601937828	0.0
oki-	0.154639175258	0.835051546392	0.0	0.0103092783505
hef-	0.0	1.0	0.0	0.0
tak-	0.172972972973	0.691891891892	0.0324324324324	0.102702702703
mer-	0.00785854616896	0.893909626719	0.0982318271119	0.0
het-	0.434293165096	0.342212890712	0.183405344337	0.040088599855
föt-	0.15884775456	0.446320789663	0.251672368335	0.143159087443
isk-	0.00221238938053	0.997787610619	0.0	0.0
mhi-	0.568298969072	0.38530927835	0.0463917525773	0.0
gir-	0.132231404959	0.206611570248	0.363636363636	0.297520661157
kop-	0.264516129032	0.135483870968	0.483870967742	0.116129032258
kak-	0.751879699248	0.203007518797	0.0180451127819	0.0270676691729
dön-	0.0225470629484	0.744390204434	0.221883596742	0.0111791358757
xot-	0.601277658546	0.338981136338	0.0323305345332	0.0274106705825
pay-	0.0470754087631	0.558233791081	0.106108474832	0.288582325324
one-	0.0132669983416	0.966832504146	0.00995024875621	0.00995024875621
hët-	0.72319201995	0.27680798005	0.0	0.0
öhö-	0.701724137931	0.0448275862069	0.0155172413793	0.237931034483
gog-	0.00999999999999	0.07	0.92	0.0
saf-	0.028880866426	0.71119133574	0.043321299639	0.216606498195
tök-	0.331672784478	0.277136864185	0.269008914525	0.122181436812
deñ-	0.0782608695652	0.908695652174	0.0130434782609	0.0
tön-	0.529411764706	0.454901960784	0.0	0.0156862745098
mbu-	0.108108108108	0.882882882883	0.00900900900904	0.0
sil-	0.0107269281653	0.979976400758	0.0032180784496	0.00607859262703
höx-	0.267121377317	0.474631709729	0.125129947514	0.13311696544
hös-	0.340996934559	0.31893909103	0.104025056644	0.236038917766
ngi-	0.205194149119	0.0452364003766	0.0205228593079	0.729046591196
nk'-	0.295232999093	0.475792755275	0.184026242933	0.0449480026988
nis-	0.0833333333333	0.916666666667	0.0	0.0
ndá-	0.341463414634	0.634146341463	0.0	0.0243902439024
ho̱-	0.12854607987	0.109897259524	0.0493154285965	0.712241232009
k'e-	0.0484457004441	0.914008881712	0.0218005651998	0.0157448526443
gus-	0.0434782608696	0.934782608696	0.0217391304348	0.0
gen-	0.046357615894	0.900662251656	0.0	0.0529801324503
nau-	0.0	1.0	0.0	0.0
obx-	0.0181582360571	0.880674448768	0.101167315175	0.0
nuw-	0.175345377258	0.375132837407	0.130712008502	0.318809776833
xu'-	0.606060606061	0.181818181818	0.212121212121	0.0
neg-	0.470208940418	0.228470456941	0.0446400892802	0.256680513361
t'ö-	0.319558203028	0.453834698436	0.184413005709	0.042194092827
sau-	0.0747863247864	0.909989316239	0.00320512820513	0.0120192307692
hoa-	0.0	1.0	0.0	0.0
uty-	0.706896551724	0.0689655172414	0.0	0.224137931034
fon-	0.377823354035	0.583753931995	0.00853838088215	0.0298843330876
jak-	0.332435041429	0.251146327729	0.080484273188	0.335934357654
pri-	0.00996677740863	0.990033222591	0.0	0.0
tro-	0.0106761565836	0.989323843416	0.0	0.0
hñú-	0.739130434783	0.244565217391	0.0	0.0163043478261
gol-	0.0	0.994791666667	0.00520833333333	0.0
tex-	0.183259443888	0.715978507365	0.0897297076429	0.0110323411036
ela-	0.0	1.0	0.0	0.0
ñ'u-	0.347385110763	0.402140737277	0.0884069791578	0.162067172801
xui-	0.034655951783	0.9020592667	0.0361627322953	0.0271220492215
ngw-	0.203095975232	0.680495356037	0.0792569659443	0.0371517027864
dup-	0.325581395349	0.53488372093	0.062015503876	0.0775193798449
'yu-	0.345573127745	0.572091006767	0.0554183710015	0.0269174944864
nag-	0.0	1.0	0.0	0.0
itu-	0.0	0.992063492063	0.00793650793652	0.0
ara-	0.00818833162742	0.991811668373	0.0	0.0
gad-	0.0	1.0	0.0	0.0
kad-	0.385438972163	0.370449678801	0.179871520343	0.0642398286938
m'e-	0.189109845953	0.332701066537	0.119209904329	0.358979183181
oda-	0.300116776956	0.33057609965	0.0624756714675	0.306831451927
fen-	0.0543018335684	0.844499294781	0.0222143864598	0.0789844851904
xef-	0.121212121212	0.525252525253	0.353535353535	0.0
tam-	0.0	1.0	0.0	0.0
hyo-	0.506206744752	0.256308636845	0.132200204015	0.105284414387
tir-	0.00714285714286	0.984285714286	0.00857142857143	0.0
man-	0.0858147697451	0.118114904986	0.150158059057	0.645912266212
xip-	0.579645877314	0.113565923751	0.0270639977081	0.279724201227
men-	0.29412437564	0.202630630301	0.0721210978746	0.431123896184
rob-	0.0	1.0	0.0	0.0
su̱-	0.442356959863	0.516652433817	0.0307429547395	0.0102476515798
iko-	0.0	1.0	0.0	0.0
fe̱-	0.625630953772	0.211819521776	0.10476000196	0.057789522492
hop-	0.384343481949	0.210693750589	0.0808275992083	0.324135168253
n'w-	0.723462971684	0.174137327968	0.0357490078136	0.0666506925338
ngö-	0.112821399297	0.440009124896	0.381906635599	0.0652628402088
xog-	0.435826520378	0.288818648755	0.232501595599	0.0428532352673
köx-	0.321403343537	0.542618318813	0.127737226277	0.00824111137273
arf-	0.0	1.0	0.0	0.0
tsu-	0.394608574399	0.282593318023	0.177350092302	0.145448015275
föd-	0.465620915033	0.254901960784	0.0915032679738	0.187973856209
nse-	0.313311373765	0.618145708196	0.0521701220694	0.0163727959698
exa-	0.610818636483	0.162411160832	0.0967359831535	0.130034219531
xif-	0.584163346614	0.145418326693	0.0244023904382	0.246015936255
tx'-	0.327215189873	0.156329113924	0.272995780591	0.243459915612
kuh-	0.00935222115253	0.896071150231	0.0540961811764	0.0404804474396
wöt-	0.959183673469	0.0408163265306	0.0	0.0
n'e-	0.0761942824666	0.0823299525193	0.0566564451186	0.784819319896
hut-	0.514780100937	0.28622927181	0.103821196828	0.0951694304254
