mié-	0.0301595200589	0.853842325869	0.109038264828	0.00695988924438
nóe-	0.0	1.0	0.0	0.0
bɔl-	0.679104477612	0.231343283582	0.044776119403	0.044776119403
ósu-	0.596010820422	0.229785688552	0.130163282621	0.0440402084056
ají-	0.911153119093	0.0207939508506	0.0	0.0680529300567
lɑs-	0.0	1.0	0.0	0.0
ɑkɛ-	0.473629691667	0.378264606704	0.129592488925	0.0185132127036
mur-	0.56338028169	0.0	0.0422535211268	0.394366197183
grɛ-	0.0388653527353	0.388100939399	0.570823356051	0.00221035181433
ósɔ-	0.100882723834	0.791649152305	0.0794451450189	0.0280229788426
cɛm-	0.674779585414	0.203371500888	0.0227162631411	0.0991326505569
abɑ-	0.388475836431	0.57249070632	0.0167286245353	0.0223048327137
óyú-	0.0186437422594	0.801276914212	0.155772937101	0.0243064064269
jǿh-	0.130750605327	0.452784503632	0.358353510896	0.0581113801453
cém-	0.155660377358	0.787735849057	0.0	0.0566037735849
lɑ̌-	0.425091911765	0.319393382353	0.046875	0.208639705882
lʉl-	0.386727688787	0.512585812357	0.0732265446225	0.0274599542334
amô-	0.0	1.0	0.0	0.0
épɑ-	0.398710561718	0.495344035473	0.0768306356252	0.0291147671843
bɑb-	0.014976599064	0.965990639626	0.0115444617785	0.00748829953197
mpy-	0.115285345569	0.731000860338	0.123888729567	0.0298250645254
fig-	0.00921030189323	0.955483540849	0.0322360566263	0.00307010063108
ajó-	0.405963302752	0.394495412844	0.0584862385321	0.141055045872
bʉr-	0.0858841925585	0.412903517026	0.0230123406991	0.478199949717
pɨ̂-	0.358812246928	0.430915678056	0.0380052568019	0.172266818214
pǿp-	0.0	0.00676001931434	0.993239980686	0.0
níg-	0.0	0.928571428571	0.0357142857143	0.0357142857143
mɑ́-	0.113329970996	0.309575021095	0.0768377789098	0.500257228999
ábɛ-	0.020202020202	0.962481962482	0.0	0.017316017316
lél-	0.488372093023	0.372093023256	0.093023255814	0.046511627907
opɛ-	0.43621399177	0.19341563786	0.255144032922	0.115226337449
bée-	0.14747977598	0.77722464219	0.0273802115744	0.0479153702551
krí-	0.0	1.0	0.0	0.0
abr-	0.00919485088351	0.971775805549	0.0166306868154	0.00239865675222
bik-	0.129595259318	0.790917651263	0.034763432173	0.0447236572463
ong-	0.00598006644518	0.98803986711	0.0	0.00598006644518
dûd-	0.324487334137	0.4041013269	0.271411338963	0.0
bee-	0.923413537473	0.0254604594869	0.00312084449583	0.0480051585448
ety-	0.480102007493	0.349903444664	0.0673418467441	0.102652701099
élú-	0.631746031746	0.314285714286	0.0190476190476	0.0349206349206
olw-	0.408287895311	0.374809160305	0.0	0.216902944384
urí-	0.0	1.0	0.0	0.0
atø-	0.754437869822	0.130177514793	0.0976331360947	0.0177514792899
cɑ̌-	0.16915595693	0.040291767975	0.706495310872	0.0840569642237
myɔ-	0.0498404969212	0.135392148267	0.029911042469	0.784856312343
ótɨ-	0.609090909091	0.219696969697	0.121212121212	0.05
lúr-	0.229787234043	0.364539007092	0.363120567376	0.0425531914894
ótê-	0.144601542416	0.797557840617	0.0578406169666	0.0
ógø-	0.484734868773	0.199250133905	0.112479914301	0.203535083021
søø-	0.322778538059	0.435137558397	0.167052050399	0.0750318531452
ngw-	0.0389377559114	0.288513128584	0.109814970926	0.562734144579
ɑlɛ-	0.490968891829	0.137533763299	0.0615548573214	0.309942487551
kʉl-	0.868940611544	0.0629071836287	0.0374837126549	0.0306684921721
ɑ́n-	0.137873203182	0.230509051297	0.557007740856	0.0746100046646
túʼ-	0.0739553802539	0.815727844201	0.0684087267349	0.0419080488106
kór-	0.0498220640569	0.92615658363	0.0160142348754	0.00800711743772
émb-	0.0914177730876	0.108596951923	0.739809065698	0.0601762092915
búb-	0.671163575042	0.258010118044	0.0151770657673	0.0556492411467
ent-	0.243056496954	0.52275519857	0.1128364121	0.121351892377
óni-	0.19296444555	0.554427553003	0.210506667873	0.0421013335745
níŋ-	0.669588024565	0.242131525077	0.0326253838281	0.0556550665302
ógw-	0.243147101904	0.617597823812	0.0688428541536	0.0704122201298
eso-	0.424553164982	0.461593751497	0.0584599166228	0.0553931668983
dih-	0.46441495778	0.463208685163	0.0723763570567	0.0
méw-	0.206896551724	0.206896551724	0.0344827586207	0.551724137931
díɑ-	0.429487179487	0.246794871795	0.266025641026	0.0576923076923
asi-	0.0	1.0	0.0	0.0
esɑ-	0.628842152821	0.121104260812	0.07027199594	0.179781590427
ékp-	0.234421569461	0.469400641167	0.214256273163	0.0819215162094
óbó-	0.393957315058	0.395574959559	0.153067436642	0.0574002887408
áso-	0.01875	0.9625	0.0	0.01875
tol-	0.173076923077	0.826923076923	0.0	0.0
jwɑ-	0.257388918329	0.347525431664	0.312280348127	0.0828053018801
sʉ́-	0.221336297773	0.493847510254	0.0937631770614	0.191053014912
bíg-	0.16442057674	0.514639740309	0.227282392402	0.0936572905483
kpê-	0.121621621622	0.716216216216	0.162162162162	0.0
ógb-	0.699815700107	0.238575549098	0.0192696973852	0.0423390534097
mér-	1.0	0.0	0.0	0.0
léh-	0.664429530201	0.154362416107	0.140939597315	0.0402684563758
úrb-	0.0	1.0	0.0	0.0
ótɔ-	0.0704480704481	0.621082621083	0.118622118622	0.189847189847
édu-	0.695341486876	0.177545691906	0.0123677339563	0.114745087261
pûh-	0.386788719762	0.271717624713	0.0671379956208	0.274355659904
ebó-	0.61290999004	0.242140947455	0.0328516259807	0.112097436525
myê-	0.333347248894	0.207063538449	0.0814060282208	0.378183184437
okǔ-	0.111111111111	0.148148148148	0.703703703704	0.037037037037
óci-	0.755153468262	0.0832100365063	0.0299817852355	0.131654709997
gúm-	0.206356468364	0.320777501054	0.0429505599992	0.429915470583
odě-	0.378449408673	0.574244415243	0.0	0.0473061760841
nkǒ-	0.193913631643	0.218522040236	0.0628082928404	0.52475603528
ole-	0.0437158469945	0.832422586521	0.0956284153006	0.028233151184
ogb-	0.118302798101	0.690884265015	0.183170637266	0.0076422996189
néɑ-	0.0	1.0	0.0	0.0
swó-	0.248466740053	0.19550243749	0.430539392986	0.12549142947
fɛ́-	0.00591715976332	0.994082840237	0.0	0.0
gʉg-	0.655971479501	0.131907308378	0.176470588235	0.0356506238859
kíl-	0.080980383355	0.877541859317	0.00592539390403	0.0355523634242
njʉ-	0.072738162056	0.4544064777	0.285814131315	0.187041228929
gub-	0.150837988827	0.234636871508	0.463687150838	0.150837988827
jǿɑ-	0.70796460177	0.29203539823	0.0	0.0
ólɛ-	0.469337208034	0.18933582336	0.03364396581	0.307683002797
alɨ-	0.28813559322	0.237288135593	0.203389830508	0.271186440678
esy-	0.463826883612	0.290154114121	0.111760377571	0.134258624696
pɑ́-	0.132202294882	0.225846199981	0.0957249209814	0.546226584155
arm-	0.435114503817	0.42748091603	0.137404580153	0.0
alê-	0.56338028169	0.2	0.0	0.23661971831
jwi-	0.440977640457	0.405052681977	0.0510028699471	0.102966807619
lǿǿ-	0.278409090909	0.471590909091	0.113636363636	0.136363636364
bʉ̂-	0.0370299167743	0.507331349439	0.0267704841628	0.428868249624
ekɨ-	0.751552795031	0.194099378882	0.0450310559006	0.00931677018633
mék-	0.210212356112	0.630776878505	0.0503316607895	0.108679104594
ego-	0.72131147541	0.196721311475	0.0327868852459	0.0491803278689
nté-	0.0166432556429	0.0136539083491	0.0377975155145	0.931905320494
mes-	0.138553946586	0.692022709369	0.107502593098	0.0619207509467
adi-	0.47225647349	0.219482120838	0.249075215783	0.059186189889
ami-	0.0	1.0	0.0	0.0
tœ̂-	0.910415542364	0.0313005936319	0.0226659471128	0.0356179168916
ódí-	0.837079995136	0.0811486942848	0.0430375318836	0.0387337786953
gœr-	0.552380952381	0.314285714286	0.133333333333	0.0
poʼ-	0.0	0.948717948718	0.0512820512821	0.0
tyé-	0.195927622716	0.244190070119	0.0639746819486	0.495907625216
éjø-	0.218385716394	0.557326250553	0.166740445625	0.057547587428
kúo-	0.334661354582	0.660557768924	0.00478087649404	0.0
ɑjy-	0.605564387643	0.254120805595	0.0306413764362	0.109673430326
síi-	0.12962962963	0.41975308642	0.0740740740741	0.376543209877
gét-	0.0	1.0	0.0	0.0
ódû-	0.779640718563	0.0491017964072	0.0239520958084	0.147305389222
múl-	0.084163935534	0.857553130385	0.041051457918	0.0172314761631
sôn-	0.0698947820486	0.367618638608	0.543590294181	0.0188962851621
mbǐ-	0.250934805682	0.217877931962	0.123342306837	0.407844955519
ged-	0.0677966101695	0.932203389831	0.0	0.0
ódǐ-	0.365904365904	0.523908523909	0.022869022869	0.0873180873181
jɑʼ-	0.353584958608	0.433141574295	0.0673495159254	0.145923951172
ɑrɑ-	0.108527131783	0.891472868217	0.0	0.0
mbê-	0.288224262166	0.311667160201	0.296614351989	0.103494225644
yíy-	0.532258064516	0.41935483871	0.0	0.0483870967742
ili-	0.0869565217392	0.913043478261	0.0	0.0
píi-	0.774647887324	0.225352112676	0.0	0.0
ɑby-	0.561049667526	0.174989822228	0.13892658434	0.125033925906
nkɑ-	0.196933881054	0.611363638796	0.0785364666902	0.113166013459
jʉb-	0.462745098039	0.239215686274	0.245098039216	0.0529411764706
ecy-	0.531496786042	0.300275482094	0.0737373737374	0.0944903581266
ólí-	0.598962834918	0.321521175454	0.0155574762316	0.0639585133968
nǿɑ-	0.0	1.0	0.0	0.0
ólû-	0.271889400922	0.502304147465	0.191244239631	0.0345622119816
ádm-	0.0	1.0	0.0	0.0
cín-	0.104328523862	0.78098409175	0.0177580466149	0.0969293377728
epʉ-	0.231740801757	0.394838001098	0.0900604063701	0.283360790774
sʉŋ-	0.0603737422137	0.784379492094	0.048873981792	0.1063727839
yón-	0.0	1.0	0.0	0.0
esú-	0.0673184089276	0.1683792074	0.0101942109928	0.75410817268
écí-	0.27514003282	0.536392879784	0.089850588177	0.0986164992186
bʉ̌-	0.0950057299175	0.819600014787	0.0487967173117	0.0365975379838
sóh-	0.522504430654	0.222465473819	0.20279501572	0.0522350798067
ale-	0.030888030888	0.969111969112	0.0	0.0
krǐ-	0.0676691729323	0.759398496241	0.157894736842	0.0150375939849
sid-	0.0	0.99872935197	0.00127064803049	0.0
bon-	0.377876106195	0.46814159292	0.132743362832	0.0212389380531
swɑ-	0.593588141023	0.158141798585	0.140562534803	0.107707525589
luc-	0.0132450331126	0.973509933775	0.0	0.0132450331126
mɑs-	0.00323493732309	0.970076829761	0.0266882329155	0.0
ɑmb-	0.239709443099	0.285714285714	0.336561743341	0.138014527845
opy-	0.454248366013	0.228758169935	0.127450980392	0.18954248366
etʉ-	0.273695334092	0.487725573078	0.0564948788815	0.182084213949
edê-	0.372661870503	0.497841726619	0.0863309352517	0.0431654676259
esô-	0.0484661877067	0.206637016764	0.52052685597	0.22436993956
epɑ-	0.380728089025	0.422596854984	0.136883662759	0.0597913932321
lɑr-	0.586702863153	0.291262941311	0.0281617374313	0.0938724581045
ɑgɔ-	0.45	0.0857142857143	0.385714285714	0.0785714285714
bɔm-	0.651741952577	0.0848622334084	0.107298979997	0.156096834018
omp-	0.0569247165665	0.877375830069	0.0144024160939	0.0512970372701
ókp-	0.381528266889	0.208943792315	0.0956437459175	0.313884194879
elɑ-	0.338833402762	0.208752019345	0.233441370411	0.218973207482
cén-	0.69166082691	0.295725297828	0.0	0.0126138752628
jíʼ-	0.707923655292	0.218045112782	0.00347021399653	0.0705610179294
cǐʼ-	0.799465240642	0.168449197861	0.0	0.0320855614973
bɛɛ-	0.325249643367	0.567760342368	0.0641940085592	0.0427960057061
ɑjø-	0.561731431382	0.213477619282	0.106246925726	0.11854402361
edɨ-	0.551485832757	0.357290946786	0.0684174153421	0.022805805114
mbɑ-	0.134622275539	0.207549815383	0.599872248275	0.0579556608036
óbî-	0.571829954788	0.33331354683	0.0302733505476	0.0645831478349
ɑbɨ-	0.580310880829	0.20207253886	0.0932642487046	0.124352331606
ébô-	0.08	0.92	0.0	0.0
elø-	0.489795918367	0.489795918367	0.0	0.0204081632653
twó-	0.465734265734	0.416783216783	0.0	0.117482517482
ókɑ-	0.170156879439	0.15498098222	0.044106532274	0.630755606067
nɛ́-	0.295484042785	0.0481876907472	0.00661681723693	0.649711449231
ɑjî-	0.483011325783	0.180546302465	0.286475682878	0.0499666888741
eju-	0.59649122807	0.40350877193	0.0	0.0
yúd-	0.0118148999015	0.805382343289	0.180177223498	0.00262553331145
ójî-	0.852620087336	0.127729257642	0.0	0.0196506550218
bít-	0.203732210738	0.661964751343	0.0799535044453	0.0543495334737
gúɑ-	0.437422630206	0.262630423368	0.0708208067952	0.229126139632
ɑló-	0.566539923954	0.220532319392	0.136882129278	0.0760456273765
nzǿ-	0.156351791531	0.843648208469	0.0	0.0
jwě-	0.716914863726	0.136742530673	0.0504199057164	0.0959226998845
ogǿ-	0.21223709369	0.231357552581	0.544933078394	0.0114722753346
nʉ́-	0.702770167344	0.1203373251	0.0444865339981	0.132405973558
mbi-	0.125015559636	0.179353313959	0.130410202031	0.565220924374
bij-	0.265029959401	0.430478637682	0.133558720831	0.170932682086
ont-	0.144052515068	0.658473641854	0.130973009376	0.066500833701
ósw-	0.265407102678	0.625083559723	0.0870633243023	0.0224460132967
ekú-	0.297446696499	0.336272703343	0.0588970781785	0.307383521979
árɑ-	0.0	1.0	0.0	0.0
osi-	0.282511210762	0.511210762332	0.179372197309	0.0269058295964
sír-	0.298245614035	0.631578947368	0.0350877192982	0.0350877192982
ófi-	0.0666666666667	0.888888888889	0.0222222222222	0.0222222222222
syě-	0.33904109589	0.301369863014	0.102739726027	0.256849315069
nɨ́-	0.0375899728451	0.274525382125	0.61181534667	0.07606929836
óté-	0.207482993197	0.792517006803	0.0	0.0
éni-	0.232258064516	0.322580645161	0.270967741936	0.174193548387
yʉŋ-	0.204915912031	0.0892626131953	0.500905562743	0.204915912031
cwi-	0.200106656077	0.649628492914	0.05940657107	0.0908582799389
níʼ-	0.639571973328	0.147756501992	0.0539898419042	0.158681682776
etɛ-	0.552665245203	0.337313432836	0.084434968017	0.0255863539446
bón-	0.608324397706	0.160575683944	0.0399397951856	0.191160123164
ɑcw-	0.648487626031	0.269019248396	0.0549954170486	0.0274977085243
ónø-	0.134426229508	0.687431693989	0.0513661202186	0.126775956284
tíi-	0.279452054794	0.671232876712	0.0	0.0493150684932
píʼ-	0.574149235092	0.20886668748	0.0686856072432	0.148298470184
étú-	0.581644235447	0.28538997892	0.0648613588454	0.0681044267877
myɛ-	0.261455818727	0.666876879685	0.0267021286713	0.0449651729165
too-	0.505249343832	0.133858267717	0.0275590551181	0.333333333333
byɑ-	0.167473101202	0.302386429947	0.0375285107221	0.492611958129
ónɨ-	0.338835253815	0.28184366241	0.0828402366864	0.296480847088
ajw-	0.624136342699	0.286043298019	0.0	0.0898203592814
nti-	0.220978391971	0.260720276261	0.301771362268	0.2165299695
guh-	0.800505108824	0.108210876998	0.0317181269534	0.0595658872249
mét-	0.0727238384399	0.837864477501	0.0268022118151	0.0626094722437
jeʼ-	0.649122807018	0.131578947368	0.219298245614	0.0
bôɑ-	0.036036036036	0.963963963964	0.0	0.0
ebɛ-	0.385771562046	0.486088265562	0.0738249518362	0.0543152205558
loʼ-	0.0379746835443	0.25035161744	0.677918424754	0.0337552742616
puu-	0.0937426210153	0.140968122786	0.651239669421	0.114049586777
mêl-	0.0983606557378	0.901639344262	0.0	0.0
ébw-	0.265757878939	0.562031015508	0.133941970985	0.0382691345673
fuf-	0.840425531915	0.159574468085	0.0	0.0
énw-	0.256756756757	0.682432432432	0.0608108108108	0.0
njǿ-	0.039834194803	0.712825018721	0.19502602337	0.0523147631059
wɛɛ-	0.0932642487046	0.715025906736	0.0466321243523	0.145077720207
ngó-	0.0334249084249	0.91804029304	0.0254120879121	0.0231227106227
hǿm-	0.180289855073	0.189565217391	0.124057971014	0.506086956522
elǿ-	0.60127388535	0.243312101911	0.0980891719745	0.0573248407644
elm-	0.0	1.0	0.0	0.0
tɨʼ-	0.275362318841	0.507246376812	0.0869565217391	0.130434782609
ɑsw-	0.521547933158	0.214599824098	0.100263852243	0.163588390501
pɛr-	0.0	1.0	0.0	0.0
agr-	0.0	1.0	0.0	0.0
eni-	0.632114744402	0.260881505762	0.0951144442987	0.0118893055373
ejô-	0.66501650165	0.205720572057	0.0506050605061	0.0786578657865
egú-	0.400086167748	0.374107756262	0.154717684183	0.0710883918071
yɛ̂-	0.34375	0.65625	0.0	0.0
ser-	0.0	1.0	0.0	0.0
étw-	0.185278760317	0.759137611588	0.055583628095	0.0
gúl-	0.0704225352113	0.591549295775	0.253521126761	0.0845070422535
jín-	0.209675608935	0.0369091401293	0.0271151226233	0.726300128313
beŋ-	0.282245008095	0.649757150567	0.0626011872639	0.00539665407447
mít-	0.329454865482	0.516941434112	0.103459920793	0.050143779613
ndɑ-	0.501766784452	0.406360424028	0.041519434629	0.0503533568905
odí-	0.686553030303	0.15009469697	0.163352272727	0.0
tiŋ-	0.263971462545	0.17598097503	0.385255648038	0.174791914388
pɛ̂-	0.842937043451	0.0934694771203	0.0390119623415	0.0245815170877
ótʉ-	0.824118369801	0.124905236191	0.0	0.0509763940083
mɛɛ-	0.269292604502	0.324758842444	0.373794212219	0.032154340836
mé́-	0.672413793103	0.25	0.0775862068966	0.0
ɑcɑ-	0.139534883721	0.488372093023	0.046511627907	0.325581395349
ánt-	0.27289048474	0.290843806104	0.253141831239	0.183123877917
l'e-	0.393137120066	0.460046761106	0.0869894099849	0.0598267088433
yɑ̂-	0.0321332170715	0.0411950967642	0.00687452942209	0.919797156742
ɑsi-	0.381818181818	0.357142857143	0.220779220779	0.0402597402597
dúʼ-	0.705545975741	0.10729392345	0.0521141913899	0.135045909419
mbû-	0.107714434346	0.733161969461	0.115517610698	0.0436059854953
etû-	0.706467661691	0.293532338309	0.0	0.0
pûʼ-	0.790262172285	0.0449438202247	0.119850187266	0.0449438202247
kɑb-	0.516031195841	0.409445407279	0.0238301559792	0.0506932409013
tûm-	0.0666666666667	0.666666666667	0.233333333333	0.0333333333333
adû-	0.864646464647	0.080808080808	0.0363636363636	0.0181818181818
ɑpʉ-	0.554238292828	0.221102548903	0.0995850622407	0.125074096028
osʉ-	0.387673956262	0.612326043738	0.0	0.0
sʉn-	0.175438596491	0.824561403509	0.0	0.0
sek-	0.0	1.0	0.0	0.0
azɔ-	0.0	1.0	0.0	0.0
síe-	0.675789997512	0.103508335407	0.0221448121423	0.198556854939
min-	0.223817402776	0.524831136694	0.126231657836	0.125119802694
eyɑ-	0.537919951022	0.261307109512	0.0340935180225	0.166679421443
lul-	0.430167368236	0.229642965193	0.192281115888	0.147908550683
élɑ-	0.179344532331	0.743733586114	0.055010800143	0.0219110814129
mîn-	0.0700934579439	0.929906542056	0.0	0.0
gwi-	0.176730486009	0.717231222386	0.0706921944035	0.0353460972018
biʼ-	0.540909547234	0.265134022688	0.0819194859954	0.112036944082
esé-	0.465289680349	0.346909527545	0.0418518626112	0.145948929495
épy-	0.469315360057	0.324228449805	0.175594182334	0.0308620078042
óbu-	0.220745042879	0.137256681338	0.145015654068	0.496982621716
buʼ-	0.182251340083	0.531268612269	0.275759380584	0.0107206670637
gôh-	0.509677419355	0.329032258065	0.0	0.161290322581
séʼ-	0.613636363636	0.295454545455	0.0	0.0909090909091
jih-	0.399655681259	0.600344318741	0.0	0.0
nwi-	0.707528805733	0.101982669646	0.0612284543423	0.129260070278
kún-	0.298588540877	0.11006216749	0.0380058937154	0.553343397918
ɑbe-	0.115750666323	0.0710481017163	0.0218747582597	0.791326473701
pɑr-	0.174230568597	0.716744913928	0.0526864893062	0.056338028169
ómɛ-	0.211204121056	0.719253058596	0.0618158403091	0.00772698003862
óbʉ-	0.440493352555	0.496075604677	0.0	0.0634310427679
mpê-	0.339766606822	0.410682226212	0.207809694794	0.0417414721724
mpɨ-	0.295417347779	0.596458998133	0.0909324454879	0.0171912085997
sto-	0.178571428571	0.517857142857	0.303571428571	0.0
góm-	0.0	0.989690721649	0.0	0.0103092783505
lín-	0.0	1.0	0.0	0.0
ojw-	0.0498364871286	0.27221399223	0.639889687043	0.0380598335989
nye-	0.0844669251839	0.024567890369	0.000396447237484	0.89056873721
múo-	0.472089907711	0.0845489729086	0.00729383745162	0.436067281929
mep-	0.0806359610047	0.826732645775	0.0580445636653	0.0345868295549
t̍o-	0.382252559727	0.310580204778	0.225255972696	0.0819112627986
pɑŋ-	0.0	1.0	0.0	0.0
syé-	0.047900466563	0.192037325039	0.760062208398	0.0
wɑ̂-	0.0860572621857	0.0486854218342	0.00720486066568	0.858052455314
píh-	0.267582792762	0.128136736087	0.0647618641174	0.539518607033
ésí-	0.112676056338	0.258215962441	0.464788732394	0.164319248826
mbé-	0.179411764706	0.436764705882	0.326470588235	0.0573529411765
rɑg-	0.0	1.0	0.0	0.0
erô-	0.0158482722785	0.931540659912	0.0448168355417	0.00779423226812
ólú-	0.522727272727	0.204545454545	0.204545454545	0.0681818181818
nkɔ-	0.27967651031	0.453660510077	0.084592874018	0.182070105595
bom-	0.717192867659	0.229739898577	0.00392605921806	0.049141174546
pɔ́-	0.363597246127	0.573149741824	0.00387263339071	0.0593803786575
ɑlǿ-	0.333333333333	0.0909090909091	0.575757575758	0.0
noʼ-	0.575039781769	0.424960218231	0.0	0.0
mɑl-	0.0	1.0	0.0	0.0
niʼ-	0.370249221184	0.500856697819	0.077492211838	0.0514018691589
wɑ̌-	0.0524794078929	0.0376496674093	0.00898965699763	0.9008812677
ócǿ-	0.333650190114	0.369771863118	0.145437262357	0.151140684411
eff-	0.0649350649351	0.935064935065	0.0	0.0
arp-	0.0	1.0	0.0	0.0
mɛ̌-	0.489683159162	0.152868796387	0.117083174483	0.240364869968
óti-	0.70854231351	0.241302444073	0.035825173155	0.014330069262
ngɨ-	0.299843014129	0.273155416013	0.287284144427	0.139717425432
tɑb-	0.0402459474567	0.959754052543	0.0	0.0
edû-	0.587659428441	0.165996225192	0.0344594208148	0.211884925552
ekɛ-	0.537224815351	0.319169483341	0.0884346442048	0.0551710571025
óng-	0.150268336315	0.80679785331	0.0161001788909	0.0268336314848
men-	0.218229587761	0.596817139553	0.0883949402506	0.0965583324353
beʼ-	0.258536585366	0.243902439024	0.409756097561	0.0878048780488
líŋ-	0.700655266102	0.0934952852805	0.159821000479	0.0460284481381
njɑ-	0.778006166495	0.200411099692	0.0184994861254	0.00308324768756
emɛ-	0.500545590943	0.288310714042	0.113551115051	0.0975925799632
jøm-	0.32881773399	0.147783251232	0.498768472906	0.0246305418719
jøj-	0.398028809704	0.521607278241	0.0363912054587	0.0439727065959
deb-	0.681855166802	0.246541903987	0.0138323840521	0.0577705451587
guŋ-	0.417218543046	0.311258278146	0.23178807947	0.0397350993377
edí-	0.485321070346	0.277916625013	0.165283748209	0.0714785564331
bos-	0.0377358490566	0.962264150943	0.0	0.0
yez-	0.416666666667	0.5	0.0	0.0833333333334
ótú-	0.187786010968	0.695114473671	0.0584163869345	0.0586831284274
kúr-	0.854217631025	0.0693016921878	0.0555722903276	0.0209083864599
ɑbé-	0.214285714286	0.1875	0.0178571428571	0.580357142857
bɑl-	0.0482897384305	0.951710261569	0.0	0.0
sɑl-	0.0159420289855	0.977101449275	0.0	0.00695652173915
júl-	0.0228215767635	0.966804979253	0.00829875518672	0.00207468879668
elû-	0.406813627255	0.386773547094	0.206412825651	0.0
cic-	0.509443637296	0.316853260405	0.0643107426716	0.109392359627
eti-	0.415867579909	0.475171232877	0.0352739726027	0.0736872146119
elí-	0.494173521838	0.363796679459	0.036521948238	0.105507850465
lwî-	0.357723577236	0.363530778165	0.250871080139	0.0278745644599
ncw-	0.216296296296	0.591111111111	0.157037037037	0.0355555555555
élœ-	0.884615384615	0.0	0.0769230769231	0.0384615384615
njó-	0.225529239153	0.269335569063	0.0838398658562	0.421295325928
ŋmɛ-	0.613791062444	0.288349610338	0.0248594258657	0.0729999013515
ebr-	0.0338983050847	0.881355932203	0.0677966101695	0.0169491525424
mpu-	0.133663167431	0.735403172889	0.0779977517867	0.0529359078934
ɑjí-	0.622699386503	0.248466257669	0.0552147239264	0.0736196319019
onɔ-	0.119467878245	0.068929851549	0.0818266956021	0.729775574604
lɨ́-	0.0305552781936	0.0197539872587	0.00781326909557	0.941877465452
joó-	0.0618556701031	0.930646672915	0.00187441424555	0.00562324273664
anf-	0.0740740740741	0.925925925926	0.0	0.0
sis-	0.17133678477	0.676450581834	0.10147508893	0.050737544465
ywí-	0.208242950108	0.479392624729	0.0780911062907	0.234273318872
sod-	0.0054131719865	0.994586828013	0.0	0.0
sǿy-	0.223602484472	0.316770186335	0.0372670807453	0.422360248447
mɨm-	0.36999879489	0.335532658472	0.241744998795	0.0527235478428
ekû-	0.103056147832	0.53447050462	0.341151385927	0.0213219616205
tît-	0.142927576787	0.302731694317	0.361063361983	0.193277366913
ɑsé-	0.423487544484	0.380782918149	0.0960854092527	0.0996441281138
ójó-	0.601969849264	0.105967704107	0.0312286730102	0.260833773619
ony-	0.164601769912	0.755752212389	0.058407079646	0.0212389380531
ɑku-	0.574764495157	0.286718853655	0.0668701074698	0.0716465437176
mʉr-	0.0413091068361	0.430842089976	0.014654984162	0.513193819026
jɨm-	0.676038737895	0.214932833489	0.0368634801625	0.0721649484536
tyê-	0.711102834939	0.10764253246	0.0276833903298	0.153571242271
egó-	0.678082191781	0.280821917808	0.0410958904109	0.0
éló-	0.248841727694	0.542370348229	0.127036317441	0.0817516066357
soʼ-	0.489690721649	0.30412371134	0.109965635739	0.0962199312715
byé-	0.211716270235	0.0997610947159	0.0236260549277	0.664896580122
égu-	0.111111111111	0.726495726496	0.068376068376	0.0940170940171
éde-	0.80807208949	0.174665101505	0.00586935506145	0.0113934539428
enz-	0.740089444661	0.0907286452421	0.0249353356036	0.144246574493
dɛ́-	0.168717616271	0.77835136686	0.0430064512063	0.009924565663
ɑ́l-	0.182941139112	0.605845000277	0.146352911289	0.0648609493215
cɨc-	0.334985133796	0.385530227948	0.17839444995	0.101090188305
pɔm-	0.601694915254	0.118644067797	0.254237288136	0.0254237288136
ton-	0.361111111111	0.472222222222	0.166666666667	0.0
kúʼ-	0.240174672489	0.733624454149	0.0262008733624	0.0
esi-	0.325977276363	0.568046433481	0.0623835645105	0.0435927256458
pih-	0.268656716418	0.496268656716	0.134328358209	0.100746268657
l'o-	0.406241445387	0.372752988411	0.17501596861	0.045989597591
ɑkʉ-	0.629482071713	0.191235059761	0.179282868526	0.0
siʼ-	0.0448921554144	0.920233786379	0.028780100458	0.00609395774855
bíi-	0.110062893082	0.795597484277	0.0377358490566	0.0566037735849
nwé-	0.250853242321	0.605802047781	0.122866894198	0.0204778156997
bîm-	0.262342342342	0.556036036036	0.121081081081	0.0605405405405
mpe-	0.178885027801	0.715357724091	0.0422294567097	0.0635277913981
tin-	0.813559322034	0.0508474576271	0.118644067797	0.0169491525424
ɑjɨ-	0.587641186488	0.2720187111	0.0732242017426	0.0671159006703
éjʉ-	0.170906200318	0.180750049002	0.643225820502	0.00511793017836
dêh-	0.591549295775	0.392883617494	0.0155670867309	0.0
pyɛ-	0.0787376675942	0.530419934227	0.324437136352	0.0664052618264
wín-	0.0833333333333	0.916666666667	0.0	0.0
pub-	0.374176794432	0.445351615249	0.144115508466	0.0363560818531
viʉ-	0.0740740740741	0.814814814815	0.111111111111	0.0
top-	0.0	0.8	0.2	0.0
jǿø-	0.139377671525	0.68160390196	0.0184531972912	0.160565229224
bɨb-	0.49040889037	0.242223076055	0.0519106449065	0.215457388669
ocí-	0.50947093403	0.171260613978	0.0611365120836	0.258131939909
ejó-	0.748831798741	0.117159282317	0.054385022266	0.0796238966768
nku-	0.127231602783	0.351503203688	0.170120161869	0.35114503166
onk-	0.216545491966	0.56599532201	0.116952839543	0.100506346482
atô-	0.344565469293	0.388736964079	0.132375434531	0.134322132097
ncʉ-	0.648936170213	0.30547112462	0.0	0.0455927051672
keb-	0.503117609116	0.413029456031	0.0279509782842	0.0559019565685
doh-	0.365750528541	0.279069767442	0.190274841438	0.164904862579
bɨg-	0.187863264703	0.548221850064	0.263914885233	0.0
mbú-	0.0647348951911	0.82336621455	0.0860049321825	0.0258939580764
emú-	0.253193900944	0.19032110821	0.523989516927	0.0324954739179
ɑdî-	0.705570291777	0.0795755968169	0.103448275862	0.111405835544
nɛr-	0.537662337662	0.402597402597	0.0467532467533	0.012987012987
ódɛ-	0.312514227957	0.236076331661	0.0173619015532	0.434047538829
nik-	0.00820920440757	0.983581591185	0.00820920440756	0.0
ónz-	0.371613916686	0.309439309818	0.111153130091	0.207793643406
tuŋ-	0.841784989858	0.0608519269777	0.0973630831643	0.0
kǿm-	0.194029850746	0.6	0.161194029851	0.044776119403
esu-	0.460875660554	0.332099978555	0.0961184532708	0.11090590762
sîh-	0.784458369135	0.0965064861579	0.0125741350043	0.106461009703
cɑ́-	0.15671641791	0.798507462687	0.044776119403	0.0
esê-	0.536105032823	0.346827133479	0.0448577680526	0.0722100656455
kɛɛ-	0.177966101695	0.822033898305	0.0	0.0
ónt-	0.341843846567	0.484274325989	0.112978036758	0.0609037906857
sɔɔ-	0.0	1.0	0.0	0.0
osɔ-	0.0306629405372	0.870206489675	0.0455674584692	0.0535631113181
jɔɑ-	0.671641791045	0.223880597015	0.0597014925373	0.044776119403
ɑbi-	0.388957055215	0.41963190184	0.0699386503067	0.121472392638
etú-	0.747136367802	0.154616502376	0.0379635811438	0.0602835486785
égø-	0.5	0.137931034483	0.120689655172	0.241379310345
ógʉ-	0.489602486917	0.304916676604	0.109807219494	0.0956736169846
ómɔ-	0.616405879564	0.212897107634	0.151730678046	0.0189663347558
mpû-	0.191131189443	0.734803542769	0.0491588896154	0.0249063781727
ntú-	0.437243246965	0.3668556216	0.0242351915177	0.171665939917
yɛf-	0.0	1.0	0.0	0.0
ɑyɑ-	0.496551724138	0.478620689655	0.0165517241379	0.00827586206896
míɛ-	0.385054746099	0.240236227261	0.0727433399431	0.301965686697
yɨ̂-	0.0477323483869	0.584063031422	0.0309531080719	0.337251512119
soh-	0.43428525069	0.277011556421	0.257044729298	0.031658463591
síɑ-	0.686221603273	0.180607537645	0.0731134128296	0.0600574462529
yêʼ-	0.538592655723	0.318838700115	0.1267276837	0.0158409604624
jøø-	0.869551681196	0.10502283105	0.0254254877543	0.0
ébú-	0.177015040494	0.64894496171	0.0745413475842	0.0994986502121
ébe-	0.680567975503	0.210768772187	0.0409180825407	0.0677451697694
eze-	0.0	1.0	0.0	0.0
jos-	0.0163348770073	0.973055872978	0.00303121429001	0.00757803572503
enó-	0.0973393900064	0.771252433485	0.0535366645036	0.0778715120052
lœ̌-	0.555555555556	0.217777777778	0.146666666667	0.08
any-	0.327032136106	0.54820415879	0.0680529300567	0.0567107750472
dɑ̂-	0.0245719977506	0.951490602238	0.00305633469932	0.0208810653122
kel-	0.210826210826	0.777777777778	0.0	0.011396011396
lɛ́-	0.828033245422	0.0631056275342	0.0128822010181	0.0959789260255
esʉ-	0.393292088467	0.429784004211	0.13550051591	0.0414233914125
séh-	0.319938571794	0.22651650883	0.184284617353	0.269260302022
jɨ̌-	0.429689226825	0.197648202997	0.084876884311	0.287785685867
cíh-	0.232655627751	0.718507650388	0.0253615594215	0.0234751624398
lǿŋ-	0.443965966831	0.115390919521	0.378700958114	0.0619421555333
dɛn-	0.447560556226	0.471365306087	0.065416042426	0.0156580952615
cor-	0.0235546038544	0.976445396146	0.0	0.0
bol-	0.520408163265	0.362244897959	0.117346938776	0.0
ɑjû-	0.606310744242	0.224537345227	0.072493675942	0.0966582345892
ejɛ-	0.398071625344	0.531680440771	0.0371900826446	0.0330578512397
pún-	0.136701097482	0.776307295029	0.0	0.0869916074887
píe-	0.0610986777447	0.0398731424949	0.0213191969939	0.877708982766
sʉs-	0.165714285714	0.582857142857	0.182857142857	0.0685714285714
ekɔ-	0.597569072752	0.290234285017	0.0829279529533	0.0292686892776
lím-	0.0583232077764	0.941676792224	0.0	0.0
ɑdi-	0.446676797569	0.229752859314	0.220427097497	0.103143245621
isɑ-	0.00464627468333	0.990513855855	0.00483986946181	0.0
jwî-	0.114845938375	0.196078431373	0.689075630252	0.0
siŋ-	0.646367521368	0.167735042735	0.0673076923076	0.11858974359
ade-	0.373655913979	0.408602150538	0.0645161290322	0.153225806452
lɑb-	0.6	0.290909090909	0.109090909091	0.0
mɑg-	0.0107612594659	0.989238740534	0.0	0.0
ɑgw-	0.525544237012	0.173845788227	0.119991516061	0.1806184587
écǿ-	0.307389162562	0.503448275862	0.0709359605911	0.118226600985
mpi-	0.133228554396	0.328743096168	0.277175599974	0.260852749462
bor-	0.542372881356	0.0677966101695	0.322033898305	0.0677966101695
jøɑ-	0.689655172414	0.258620689655	0.0	0.051724137931
bét-	0.0	1.0	0.0	0.0
jǿm-	0.372995151063	0.136516225289	0.462513987318	0.0279746363297
nje-	0.011673151751	0.023346303502	0.964980544747	0.0
búʼ-	0.16228801421	0.751929859257	0.0283303844264	0.0574517421062
yém-	0.660550458716	0.284403669725	0.0550458715596	0.0
okr-	0.124435524335	0.712995484195	0.150526843954	0.0120421475163
mby-	0.556914893617	0.259042553191	0.174468085106	0.00957446808512
elú-	0.211881252648	0.650275360902	0.0586567601916	0.0791866262587
lís-	0.00554016620499	0.98891966759	0.0	0.00554016620499
éko-	0.318181818182	0.571146245059	0.0928853754941	0.0177865612648
sɑm-	0.0661157024793	0.757575757576	0.165289256198	0.0110192837466
ócî-	0.377245508982	0.517964071856	0.0538922155689	0.0508982035928
bɔɑ-	0.718683651805	0.0371549893843	0.0	0.244161358811
ɑ́ŋ-	0.291428571429	0.514285714286	0.0	0.194285714286
for-	0.0	1.0	0.0	0.0
éso-	0.663793103448	0.109913793103	0.1875	0.0387931034483
épí-	0.132036847492	0.163425452064	0.522006141249	0.182531559195
bwɑ-	0.188014732251	0.604049601772	0.141902507897	0.0660331580804
pɔ̂-	0.278301886792	0.169811320755	0.297169811321	0.254716981132
ber-	0.859154929578	0.056338028169	0.0	0.0845070422535
obɑ-	0.0373381922002	0.0391136393798	0.00595402488495	0.917594143535
béŋ-	0.661016949153	0.237288135593	0.0338983050847	0.0677966101695
guʼ-	0.628787878788	0.189393939394	0.0	0.181818181818
lɑɑ-	0.125007237116	0.0473753183011	0.0864572302231	0.74116021436
emi-	0.579941049948	0.420058950052	0.0	0.0
jɨ̂-	0.504987844748	0.416967055076	0.0184424511694	0.0596026490066
cɨ̂-	0.86416344561	0.055770292656	0.0198785201546	0.0601877415792
eló-	0.586793847222	0.228060307041	0.0770742887234	0.108071557014
álo-	0.0	1.0	0.0	0.0
kúz-	0.0	1.0	0.0	0.0
bid-	0.186264014478	0.648599259959	0.104177593552	0.060959132011
abw-	0.745454545455	0.127272727273	0.127272727273	0.0
ɑlí-	0.460920100223	0.316641146993	0.129871937639	0.0925668151448
lɨ̂-	0.310928740681	0.196247278892	0.0487391396482	0.444084840779
otw-	0.335877862595	0.389312977099	0.0	0.274809160305
suʼ-	0.14	0.172727272727	0.572727272727	0.114545454545
obw-	0.468998410175	0.432432432432	0.0794912559619	0.0190779014309
ébê-	0.0389626980071	0.921010049395	0.0366206779084	0.00340657468915
lie-	0.550458715596	0.385321100918	0.0275229357798	0.0366972477064
ɑsɨ-	0.386844166014	0.418950665623	0.0861393891934	0.10806577917
gœ̌-	1.0	0.0	0.0	0.0
ɑlb-	0.0471910112359	0.885393258427	0.0674157303371	0.0
oso-	0.196721311475	0.639344262295	0.131147540984	0.0327868852459
pɑɑ-	0.540496153672	0.233159228992	0.0132753441253	0.213069273211
abe-	0.0596206402915	0.112034747527	0.0392048412285	0.789139770953
dír-	0.685859120829	0.0930619656503	0.111371718242	0.109707195279
tʉ̂-	0.455936886428	0.216278205872	0.205693357654	0.122091550045
éng-	0.014889740529	0.966450964378	0.00885845322611	0.00980084186718
bɨ̂-	0.480947148886	0.119383331947	0.0548219505828	0.344847568585
jøy-	0.492456096958	0.181053673015	0.0	0.326490230027
egô-	0.0469238790407	0.867049009385	0.0234619395203	0.0625651720542
opu-	0.559440559441	0.335664335664	0.041958041958	0.0629370629371
lil-	0.529069767442	0.436046511628	0.0	0.0348837209302
ɑcy-	0.433256616801	0.347382048331	0.0942174913694	0.125143843498
nɛm-	0.0	1.0	0.0	0.0
erɑ-	0.0	1.0	0.0	0.0
éjô-	0.675159235669	0.0573248407643	0.0859872611465	0.18152866242
obǐ-	0.453781512605	0.163865546219	0.0126050420168	0.36974789916
osî-	0.486486486486	0.189189189189	0.108108108108	0.216216216216
júo-	0.434285714286	0.459047619048	0.0838095238094	0.0228571428571
edo-	0.577628635347	0.297091722595	0.107382550336	0.0178970917226
ngb-	0.320958273838	0.605267333016	0.0499762018087	0.0237981913375
eny-	0.439661310825	0.316095477702	0.139141765303	0.10510144617
kœ́-	0.185759926974	0.513007759014	0.251939753537	0.0492925604747
bɨʼ-	0.723295525365	0.114171756201	0.00822634924592	0.154306369189
dɨ́-	0.535041446873	0.303692539563	0.107008289375	0.0542577241899
nto-	0.545559590624	0.429679762298	0.0247606470782	0.0
ɑ́m-	0.167275054021	0.0325172551241	0.0191956699604	0.781012020895
byú-	0.125571563153	0.239746329358	0.240458629167	0.394223478321
enǿ-	0.38407079646	0.318584070796	0.265486725664	0.0318584070797
lóŋ-	0.628452771876	0.220977400039	0.0722426115511	0.0783272165347
púú-	0.0882352941176	0.347058823529	0.352941176471	0.211764705882
óbô-	0.875	0.0625	0.0	0.0625
ebo-	0.416259195433	0.350391363058	0.0803962663907	0.152953175118
bíh-	0.0959230964939	0.660177818729	0.173349194452	0.0705498903245
zœ̂-	0.0	1.0	0.0	0.0
cwǐ-	0.17157836225	0.775809999764	0.0307795977335	0.0218320402529
nyé-	0.0433665584599	0.019017562752	0.00186508375001	0.935750795038
osɨ-	0.261603375527	0.464135021097	0.248945147679	0.0253164556962
ékɑ-	0.242581681614	0.482554909921	0.137641254219	0.137222154246
tim-	0.110686293252	0.845345058306	0.0108965780921	0.0330720703498
tri-	0.0	1.0	0.0	0.0
ɑtí-	0.340460526316	0.521381578947	0.0296052631579	0.108552631579
ɑsy-	0.319608563451	0.380954033794	0.202754942864	0.0966824598907
ete-	0.655581947743	0.171021377672	0.0285035629454	0.144893111639
kwi-	0.457122353785	0.428776462146	0.10692500897	0.00717617509869
ejo-	0.416309012876	0.377682403433	0.128755364807	0.0772532188841
mír-	0.0677966101695	0.932203389831	0.0	0.0
mpî-	0.0360090022505	0.573560056681	0.374426940068	0.0160040010003
púm-	0.739130434783	0.152173913043	0.0	0.108695652174
ebê-	0.183843157257	0.782492962904	0.0158726065564	0.0177912732829
elo-	0.0	0.980769230769	0.0192307692308	0.0
onj-	0.101754385965	0.785964912281	0.0280701754386	0.0842105263158
tes-	0.0	1.0	0.0	0.0
epó-	0.491118077325	0.313479623824	0.179728317659	0.0156739811912
dœʼ-	0.561662198391	0.379356568365	0.0187667560322	0.0402144772118
etø-	0.274151436031	0.293733681462	0.432114882507	0.0
épɨ-	0.387822270982	0.273176083379	0.292923752057	0.046077893582
ókʉ-	0.148620695649	0.0772132315875	0.0391976220689	0.734968450694
gœ̂-	0.861356932153	0.0825958702065	0.0235988200589	0.0324483775811
júʼ-	0.110124333925	0.889875666075	0.0	0.0
gúú-	0.0737373406785	0.109826984444	0.145310299716	0.671125375162
ójɔ-	0.24038091129	0.49797371219	0.233909117525	0.027736258995
nzo-	0.349259757739	0.506729475101	0.0915208613728	0.0524899057873
súʼ-	0.489675174014	0.347215777262	0.0665893271461	0.0965197215778
pyê-	0.596822670674	0.206097037355	0.0680384450243	0.129041846947
díe-	0.58069864023	0.315610556635	0.00837296536941	0.0953178377654
ciʼ-	0.646353494764	0.230308425131	0.0484023543717	0.0749357257334
cɛr-	0.19066773934	0.148028962188	0.0675784392598	0.593724859212
ékɛ-	0.523097296876	0.179325387552	0.219677494742	0.0778998208305
odû-	0.18167115903	0.359029649596	0.365498652291	0.0938005390836
ótɑ-	0.62058677275	0.224266534063	0.0397812033814	0.115365489806
ncɛ-	0.0874396135266	0.315942028985	0.187922705314	0.408695652174
lǿl-	0.593810444874	0.15087040619	0.174081237911	0.0812379110251
nɑr-	0.514786095468	0.364920246484	0.067222926556	0.0530707314916
wɛ̂-	0.262384550798	0.548698572628	0.113350125945	0.0755667506297
mén-	0.181510838801	0.522866663414	0.137035144758	0.158587353027
óbɔ-	0.564282957169	0.347350584214	0.0587005760814	0.0296658825357
egb-	0.388891108158	0.409757393134	0.0738368722274	0.127514626481
écɨ-	0.409703504043	0.315363881402	0.207547169811	0.0673854447439
edú-	0.407407407407	0.584795321637	0.00779727095515	0.0
óty-	0.197721731579	0.735163967414	0.0333263188579	0.0337879821494
tɑr-	0.0	1.0	0.0	0.0
enø-	0.280071813285	0.170556552962	0.116696588869	0.432675044883
ébɛ-	0.220528455285	0.527227303523	0.11441395664	0.137830284553
mil-	0.230542192952	0.575615431526	0.0428723765826	0.150969998939
ónw-	0.426908366121	0.23695191901	0.197286820603	0.138852894266
yer-	0.00080909785589	0.99743785679	0.0	0.00175304535443
jij-	0.446133899104	0.431282413956	0.0990099009901	0.0235737859501
kío-	0.0	0.970149253731	0.0298507462687	0.0
ódw-	0.250114207401	0.400411146642	0.226130653266	0.123343992691
mwɑ-	0.0192965816555	0.962723621115	0.00705861478923	0.0109211824399
ɑjɑ-	0.154710766858	0.0636727854964	0.132936711829	0.648679735817
kwɑ-	0.0994389166741	0.174842839763	0.0190249510146	0.706693292548
ebî-	0.602123158151	0.207653854075	0.100353859692	0.0898691280822
jøʼ-	0.329992227756	0.124522870549	0.105017415585	0.440467486111
mpú-	0.185671449948	0.487109483232	0.0155180036699	0.31170106315
óbw-	0.713458354532	0.202814543599	0.0203660518059	0.0633610500627
oko-	0.545454545455	0.454545454545	0.0	0.0
ejî-	0.826540755467	0.0531809145129	0.00795228628231	0.112326043738
dɑ́-	0.266941082509	0.655649075382	0.0479203784481	0.0294894636604
édǐ-	0.717791411043	0.147239263804	0.0552147239264	0.079754601227
kúb-	0.296875	0.1875	0.46875	0.046875
ecɛ-	0.155527375802	0.518126212144	0.0350589288379	0.291287483216
kɨk-	0.136678257626	0.771135219332	0.0456325482926	0.0465539747486
yéb-	0.152379400261	0.609680573664	0.174380704042	0.0635593220339
túú-	0.24159014351	0.51532001292	0.065294633381	0.177795210189
akí-	0.0291171238648	0.970882876135	0.0	0.0
kpɔ-	0.366666666667	0.526666666667	0.0933333333333	0.0133333333333
por-	0.266375545852	0.628820960699	0.0524017467249	0.0524017467249
toʼ-	0.0	0.806722689076	0.168067226891	0.0252100840336
hɑ́-	0.167046317388	0.599088838269	0.20728929385	0.0265755504935
alf-	0.0	1.0	0.0	0.0
swê-	0.483319076134	0.30624465355	0.0410607356715	0.169375534645
jwí-	0.429866808383	0.377403925997	0.11401003089	0.0787192347295
ogʉ-	0.294413555732	0.389462536404	0.253110934604	0.0630129732591
yod-	0.0	1.0	0.0	0.0
ésɨ-	0.653537563822	0.189642596645	0.0802334062728	0.0765864332604
onø-	0.0342205323194	0.920152091255	0.00760456273766	0.0380228136882
oyú-	0.0133131679978	0.842528287953	0.110521550438	0.0336369936115
jûh-	0.492182709994	0.245095033722	0.100091968118	0.162630288167
nyɨ-	0.261512453288	0.134595108691	0.0375173280653	0.566375109956
dúl-	0.938530734633	0.0254872563718	0.00899550224887	0.0269865067466
búɑ-	0.676646706587	0.251497005988	0.0359281437126	0.0359281437126
sûʼ-	0.621555975367	0.218234009667	0.0836625039868	0.0765475109791
dîm-	0.740537681006	0.0714005334466	0.0274363944005	0.160625391147
