-eus	0.0109489051095	0.985401459854	0.0	0.0036496350365
-cas	0.112961622013	0.728457639392	0.0108616944243	0.147719044171
-car	0.0	0.971496437055	0.0	0.0285035629454
-ive	0.0	1.0	0.0	0.0
-rbe	0.00512820512821	0.994871794872	0.0	0.0
-caz	0.0	1.0	0.0	0.0
-umi	0.0	0.798507462687	0.044776119403	0.15671641791
-zio	0.0	0.53488372093	0.46511627907	0.0
-zim	0.0	0.958038088504	0.0419619114957	0.0
-ufo	0.0	1.0	0.0	0.0
-aum	0.00946372239748	0.955835962145	0.0	0.0347003154574
-aul	0.527638190955	0.412060301508	0.0301507537688	0.0301507537688
-nto	0.00615700359158	0.946639302206	0.0318111852232	0.015392508979
-nte	0.0630541871921	0.936945812808	0.0	0.0
-dro	0.0239046357261	0.906405572507	0.00418205663508	0.0655077351319
-pre	0.0	0.979831932773	0.00504201680672	0.0151260504202
-arã	0.133333333333	0.866666666667	0.0	0.0
-aré	0.0334314132534	0.759156633031	0.0745527736159	0.1328591801
-opo	0.0	1.0	0.0	0.0
-ope	0.0736119775422	0.879600748596	0.0	0.0467872738615
-ima	0.133052568809	0.665448156913	0.0758747492065	0.125624525071
-oio	0.570652173913	0.347826086957	0.0	0.0815217391304
-oko	0.136643245755	0.638488667742	0.0745094822794	0.150358604223
-des	0.0150390478134	0.903997164065	0.0444403862887	0.0365234018326
-ime	0.0306755934267	0.940434165145	0.0284033272469	0.000486914181375
-deu	0.0175008750437	0.870843542177	0.0575778788939	0.0540777038852
-imi	0.182094081942	0.0268190574587	0.0041972040164	0.786889656583
-nae	0.155993695177	0.4933038579	0.087399886982	0.26330255994
-oka	0.0491705850129	0.0105163853217	0.0012269483067	0.939086081359
-imo	0.037093495935	0.942581300813	0.0	0.020325203252
-ido	0.171428571429	0.714285714286	0.0571428571429	0.0571428571429
-obo	0.18077845416	0.580335731415	0.0516509869028	0.187234827523
-rpa	0.0487474610697	0.930941096818	0.0	0.0203114421124
-eca	0.260416666667	0.65625	0.0625	0.0208333333333
-ide	0.0139534883721	0.986046511628	0.0	0.0
-ida	0.00727272727273	0.985454545455	0.0	0.00727272727273
-álo	0.155963302752	0.155963302752	0.0229357798165	0.665137614679
-áli	0.449856733524	0.429799426934	0.0687679083094	0.0515759312321
-ála	0.527777777778	0.388888888889	0.0	0.0833333333334
-ter	0.0	1.0	0.0	0.0
-tes	0.00222551928784	0.995548961424	0.0	0.00222551928784
-ute	0.0	1.0	0.0	0.0
-rio	0.117245304496	0.871940808196	0.00853727945363	0.0022766078543
-rim	0.0	1.0	0.0	0.0
-ris	0.0	1.0	0.0	0.0
-gro	0.04	0.92	0.04	0.0
-teo	0.00583910034602	0.934039792388	0.00389273356401	0.0562283737025
-meu	0.0875	0.810714285714	0.0348214285714	0.0669642857143
-are	0.193793653059	0.316011974718	0.139893295878	0.350301076345
-nze	0.0156862745098	0.949019607843	0.035294117647	0.0
-ara	0.0391431988692	0.785799717299	0.159834728716	0.0152223551158
-mes	0.0	1.0	0.0	0.0
-aro	0.10775862069	0.696040868455	0.0625266070668	0.133673903789
--ki	0.0380880312776	0.108210367007	0.0534745869592	0.800227014756
-mei	0.0	1.0	0.0	0.0
-tya	0.25470739513	0.196385780361	0.0444332761072	0.504473548402
-tyo	0.375208855549	0.0343883327902	0.00178507816061	0.5886177335
-lão	0.0	1.0	0.0	0.0
-éti	0.00328137817883	0.951599671862	0.00164068908942	0.0434782608695
-bás	0.021021021021	0.963963963964	0.009009009009	0.00600600600601
-éta	0.0908916218294	0.852036894696	0.0443889315911	0.0126825518832
-ána	0.652661064426	0.268907563025	0.078431372549	0.0
-exo	0.117677476546	0.806382507202	0.00753490433626	0.0684051119155
-nso	0.0299209232742	0.970079076726	0.0	0.0
-exi	0.289252336449	0.23691588785	0.00560747663551	0.468224299065
-exe	0.140195623811	0.294341560453	0.18908822502	0.376374590716
-exa	0.368265002664	0.0930371835082	0.00765385739312	0.531043956434
-ota	0.309866448416	0.215038535124	0.055426640275	0.419668376186
-ote	0.0291713344499	0.868540435019	0.0777754361836	0.0245127943476
-oti	0.0854794297241	0.427917963237	0.0380139809888	0.44858862605
-iji	0.10107067	0.77979742519	0.00996980161539	0.109162103195
-isá	0.420390052626	0.453926323393	0.0866783613662	0.0390052626148
-oto	0.169665809769	0.830334190231	0.0	0.0
-nho	0.0645563584345	0.794153247992	0.135788431207	0.00550196236659
-uma	0.127795527157	0.58945686901	0.225239616613	0.0575079872204
-nha	0.0	1.0	0.0	0.0
-ako	0.162848919883	0.454677320294	0.0366208846621	0.345852875161
ALL	0.216831430965	0.260732631407	0.0480749370876	0.47436100054
-nai	0.142582087025	0.526659019814	0.0837381447974	0.247020748363
-aki	0.183828997043	0.217168788536	0.158041840684	0.440960373736
-ake	0.136209517129	0.11867181106	0.00736583654858	0.737752835262
-aka	0.386634163526	0.232613751423	0.0421136836961	0.338638401356
--hi	0.299287410926	0.21377672209	0.391923990499	0.0950118764845
-sio	0.0588235294117	0.911764705882	0.0	0.0294117647059
-nas	0.0404734537409	0.939188127294	0.00610152568958	0.0142368932757
-sia	0.00416435313715	0.992504164353	0.0	0.00333148250972
-mos	0.0124815500897	0.98751844991	0.0	0.0
-mor	0.0	0.966666666667	0.0333333333333	0.0
-mon	0.0	1.0	0.0	0.0
-mom	0.0883306320907	0.901944894652	0.0	0.00972447325769
-ber	0.0	1.0	0.0	0.0
-coa	0.0124329595319	0.974402730375	0.00511945392492	0.00804485616772
-eor	0.0	1.0	0.0	0.0
-ixa	0.419047619048	0.419047619048	0.161904761905	0.0
-bel	0.0194066179857	0.734556937044	0.000986777185713	0.245049667785
-bem	0.0	1.0	0.0	0.0
-ixi	0.201591511936	0.297082228117	0.135278514589	0.366047745358
-cos	0.0195488721804	0.975939849624	0.00451127819549	0.0
-exá	0.0830449826989	0.439446366782	0.352941176471	0.124567474048
-iso	0.0174673310851	0.0201386600215	0.00355946261943	0.958834546274
-ise	0.249393307507	0.568266365282	0.0834186716927	0.0989216555189
-atá	0.0212765957447	0.953191489362	0.0255319148936	0.0
-isa	0.290171155842	0.0790180626616	0.0183707897262	0.61243999177
-eva	0.0387096774194	0.961290322581	0.0	0.0
-res	0.0172820109976	0.959151610369	0.00942655145325	0.0141398271799
-evi	0.0698689956332	0.880811713332	0.010274852299	0.0390444387362
-fes	0.142857142857	0.821428571429	0.0178571428571	0.0178571428571
-avi	0.0114549045425	0.966820276498	0.00157998683344	0.0201448321264
-vão	0.0495485065987	0.805510534846	0.0250057883769	0.119935170178
-naã	0.0359589041096	0.815068493151	0.118150684932	0.0308219178082
-mas	0.0678294573643	0.906007751938	0.0	0.0261627906977
-mar	0.0	1.0	0.0	0.0
-hao	0.521284600132	0.316385546318	0.0969406449368	0.065389208613
-mai	0.0309471709909	0.840575179744	0.0515786183182	0.0768990309472
-mae	0.030620467365	0.921031426269	0.00805801772765	0.0402900886382
--ri	0.0550422807215	0.194668269772	0.0496282858964	0.70066116361
-pta	0.0506970849176	0.949302915082	0.0	0.0
-666	0.0	0.0	0.0	1.0
-ade	0.0	1.0	0.0	0.0
-tra	0.0	1.0	0.0	0.0
-ado	0.00832177531206	0.958517210944	0.00226957508511	0.0308914386584
-tro	0.0116759475481	0.873360876594	0.0736482845339	0.0413148913239
-gai	0.0	1.0	0.0	0.0
-adi	0.0	1.0	0.0	0.0
-gau	0.0	1.0	0.0	0.0
-gar	0.0217391304348	0.934782608696	0.0289855072463	0.0144927536232
-dré	0.0	1.0	0.0	0.0
-ini	0.194847232393	0.21652529443	0.0642718399948	0.524355633182
-sem	0.0	1.0	0.0	0.0
-ino	0.143025904987	0.849379799173	0.00759429584001	0.0
-ina	0.0740740740741	0.925925925926	0.0	0.0
-uis	0.0	1.0	0.0	0.0
-ine	0.283226365769	0.320400123736	0.016338714722	0.380034795773
-sôs	0.0125523012552	0.97489539749	0.0	0.0125523012552
-ohe	0.120607656059	0.740277212171	0.0245069521205	0.11460817965
-uim	0.0	1.0	0.0	0.0
-oha	0.445060058175	0.338171457203	0.0656942081027	0.151074276519
-uia	0.00680492546986	0.935839274141	0.0	0.0573558003889
-seu	0.0349961746605	0.95273243942	0.00681743662219	0.00545394929775
-oho	0.095230537259	0.850011903817	0.049996032061	0.00476152686295
-ohi	0.270946749265	0.51817783618	0.1808397472	0.0300356673549
-eda	0.0208333333333	0.75	0.229166666667	0.0
-ede	0.243902439024	0.756097560976	0.0	0.0
-neu	0.00660501981506	0.940554821664	0.0	0.0528401585205
-nes	0.0126083530339	0.97951142632	0.0	0.00788022064617
-rso	0.0	0.957945711737	0.042054288263	0.0
-neo	0.295302013423	0.664429530201	0.0	0.0402684563757
-ias	0.0226596218191	0.958869594902	0.00658246056365	0.011888322715
-cor	0.0	1.0	0.0	0.0
-eka	0.572103933107	0.274500818925	0.0498613953024	0.103533852666
-eki	0.260790114862	0.255830142708	0.281065088757	0.202314653672
-eko	0.352564624893	0.143114899336	0.0476263990862	0.456694076685
-bas	0.0	1.0	0.0	0.0
-ase	0.10281192818	0.576366602269	0.0352694317415	0.28555203781
-que	0.00397078481896	0.985939516051	0.00520758664781	0.00488211248232
-adã	0.03125	0.96875	0.0	0.0
-asa	0.0218579234973	0.901639344262	0.0109289617486	0.0655737704918
-qui	0.0	1.0	0.0	0.0
-dre	0.0	1.0	0.0	0.0
-oré	0.146974063401	0.749279538905	0.0345821325648	0.0691642651296
-lta	0.0	1.0	0.0	0.0
-zor	0.0	1.0	0.0	0.0
-oki	0.118811881188	0.217821782178	0.564356435644	0.0990099009901
-inã	0.0326086956521	0.967391304348	0.0	0.0
-ras	0.00795507721104	0.989237248479	0.00280767430978	0.0
-eri	0.124134886481	0.811430691512	0.0257737688032	0.0386606532047
-iwa	0.524256651017	0.445226917058	0.0258215962441	0.00469483568075
-xoa	0.575326560232	0.0448959845186	0.0188679245283	0.360909530721
-ero	0.0986731112166	0.722833483506	0.10473787309	0.0737555321876
-era	0.296553215363	0.549445989855	0.0610989036677	0.0929018911148
-rae	0.375781074759	0.10266606851	0.0444451565354	0.477107700195
-ere	0.326425106937	0.270839057445	0.093144355172	0.309591480446
-pos	0.00698486612341	0.95809080326	0.0139697322468	0.0209545983702
-cós	0.0	1.0	0.0	0.0
-aza	0.0	0.960526315789	0.0	0.0394736842105
-ika	0.370218199235	0.0650322599392	0.0150663285193	0.549683212306
-iko	0.265456872213	0.516672671593	0.0908832540465	0.126987202148
-nor	0.0	1.0	0.0	0.0
-nos	0.0	1.0	0.0	0.0
-iki	0.155017609141	0.226341127089	0.269827823656	0.348813440114
-lau	0.155619596542	0.792507204611	0.0	0.0518731988472
-fos	0.0	1.0	0.0	0.0
-nom	0.0243902439024	0.926829268293	0.0487804878049	0.0
-las	0.00681154719429	0.972753811223	0.00583846902369	0.0145961725592
-ahi	0.158052175791	0.122121740142	0.012569115254	0.707256968813
-aho	0.127840364935	0.728299789247	0.0604615636924	0.0833982821247
-aha	0.345054641428	0.155378865195	0.0422042426795	0.457362250698
-ahe	0.0498634906948	0.0701280213165	0.00682637365212	0.873182114337
-fás	0.00190476190476	0.969523809524	0.0209523809524	0.00761904761905
-ges	0.121951219512	0.853658536585	0.0243902439024	0.0
-dom	0.0276872964169	0.951140065147	0.00325732899023	0.0179153094462
-sar	0.418918918919	0.504504504505	0.027027027027	0.0495495495495
-rai	0.450050435855	0.236991782988	0.0328974520435	0.280060329114
-lfa	0.0186046511628	0.976744186046	0.00465116279069	0.0
-oli	0.307712684103	0.356543075743	0.0656702320025	0.270074008151
-tos	0.0907425265188	0.825168756027	0.0422372227579	0.0418514946962
-olo	0.239052144793	0.555037499175	0.0492171480297	0.156693208002
-ola	0.252408412441	0.492810479303	0.0554488695972	0.199332238659
-sus	0.00994938712447	0.633944284552	0.00247011545166	0.353636212872
-ssé	0.0	0.995412844037	0.0	0.0045871559633
-lom	0.0	0.993788819876	0.00621118012422	0.0
-iel	0.0400205233453	0.959979476655	0.0	0.0
-loe	0.0803571428571	0.866071428571	0.0535714285715	0.0
-oce	0.0	0.952380952381	0.047619047619	0.0
-roa	0.662460567823	0.0757097791798	0.0567823343848	0.205047318612
-hai	0.734717416378	0.202998846597	0.0415224913495	0.0207612456747
-rom	0.0063025210084	0.993697478992	0.0	0.0
-éro	0.121212121212	0.69696969697	0.151515151515	0.030303030303
-ipo	0.0	1.0	0.0	0.0
-íra	0.256290985001	0.395180504187	0.214426720519	0.134101790293
-ipa	0.0	0.990972918756	0.00601805416248	0.00300902708125
-ipe	0.00567859170926	0.993185689949	0.0	0.00113571834185
-noé	0.0	1.0	0.0	0.0
-rda	0.041958041958	0.216783216783	0.741258741259	0.0
-úde	0.0	1.0	0.0	0.0
-awi	0.385830053398	0.321870669556	0.146461657392	0.145837619653
-awa	0.372859061573	0.126739295803	0.0545659486293	0.445835693995
-ahá	0.75600505689	0.144437420986	0.00474083438685	0.094816687737
-awe	0.231181894384	0.208818105616	0.151617770327	0.408382229673
-oço	0.106251924854	0.365568216815	0.0692947336002	0.458885124731
-saú	0.0	0.986842105263	0.0	0.0131578947368
-sto	0.0118317860842	0.929968683063	0.00231662854135	0.055882902311
-uém	0.0	0.927272727273	0.0727272727273	0.0
-sta	0.0306039173014	0.935663764962	0.0321001088139	0.00163220892274
-loí	0.0	0.971698113208	0.00943396226415	0.0188679245283
-loé	0.0	0.940149625935	0.0	0.0598503740648
-eya	0.23790655811	0.2065731923	0.0856538599443	0.469866389646
-mão	0.00562731807136	0.990280086968	0.0	0.00409259496099
-éia	0.00974725150176	0.963459140882	0.0102459480902	0.0165476595262
-esé	0.134831460674	0.838202247191	0.0	0.0269662921349
-ios	0.0	0.966480446927	0.0335195530726	0.0
-acó	0.00160965794769	0.978672032193	0.0	0.0197183098591
-les	0.0769230769231	0.923076923077	0.0	0.0
-eel	0.0	1.0	0.0	0.0
-rra	0.0	0.991525423729	0.00564971751412	0.00282485875706
-rro	0.10248447205	0.767080745342	0.0931677018633	0.0372670807453
-gio	0.0722891566265	0.898795180723	0.0289156626506	0.0
-alo	0.161164085276	0.539639911692	0.167834017955	0.131361985078
-udá	0.00739371534196	0.987060998152	0.00554528650649	0.0
-áne	0.202892223016	0.280000529227	0.0350612579714	0.482045989786
-ndo	0.0	1.0	0.0	0.0
-ali	0.114265839991	0.161883212063	0.0423727287081	0.681478219238
-áni	0.233670653174	0.475620975161	0.115915363385	0.17479300828
-gia	0.0	0.953333333333	0.0466666666667	0.0
-ala	0.16550218347	0.386396411727	0.0385991625769	0.409502242226
-uva	0.177549286886	0.737002930077	0.020311358263	0.0651364247746
-bia	0.0679611650485	0.912621359223	0.0194174757282	0.0
-abá	0.0738025325748	0.809577904203	0.00115617544503	0.115463387778
-yoa	0.61242827021	0.109483687322	0.0382408353256	0.239847207142
-abé	0.0718551338856	0.906376420728	0.00115584665768	0.0206125987286
-iyo	0.05696	0.0825600000001	0.01504	0.84544
-eli	0.0	0.956151035323	0.0146163215591	0.0292326431181
-iyi	0.282681650012	0.221416481849	0.0665305697799	0.429371298359
-elo	0.0284286698828	0.947880771881	0.00947622329428	0.0142143349414
-ogo	0.0	1.0	0.0	0.0
-aém	0.0	1.0	0.0	0.0
-ela	0.0586592178771	0.891061452514	0.0502793296089	0.0
-iya	0.216158968394	0.142265577419	0.0404504480373	0.60112500615
-atã	0.0	1.0	0.0	0.0
-leá	0.0	1.0	0.0	0.0
-100	0.101214574899	0.758434547908	0.0566801619433	0.0836707152497
-ito	0.0408428609788	0.912519962125	0.0363204680677	0.0103167088286
-uta	0.0123076923077	0.907692307692	0.08	0.0
-eso	0.00453514739229	0.985260770975	0.0	0.0102040816327
-iti	0.114356673383	0.560445166871	0.0438417730071	0.281356386739
-esa	0.0	1.0	0.0	0.0
-ite	0.279041451271	0.116183696859	0.0271700368107	0.577604815059
-ese	0.170701412354	0.749284626593	0.0631924213343	0.0168215397191
-ita	0.365609267459	0.172745413004	0.0534599095987	0.408185409939
-spe	0.0391517128874	0.921696574225	0.0391517128875	0.0
-fté	0.0	1.0	0.0	0.0
-ria	0.00695786625436	0.812653008633	0.0115320190697	0.168857106043
-spo	0.0	1.0	0.0	0.0
-fas	0.192429022082	0.807570977918	0.0	0.0
-uda	0.0697674418605	0.912790697674	0.0	0.0174418604651
-bre	0.0	1.0	0.0	0.0
--xa	0.205479452055	0.520547945206	0.041095890411	0.232876712329
--se	0.0257135437374	0.343170213648	0.0502926664276	0.580823576187
-abe	0.01540436457	0.98459563543	0.0	0.0
-aba	0.00709402083473	0.85309919933	0.000818540865544	0.13898823897
-njo	0.0215734552703	0.913061320202	0.0186422792824	0.0467229452456
-abo	0.0	1.0	0.0	0.0
-abi	0.487804878049	0.378048780488	0.0	0.134146341463
-rão	0.00613246116108	0.993867538839	0.0	0.0
-koe	0.0	1.0	0.0	0.0
-koa	0.0908029859921	0.222680146677	0.0235879237464	0.662928943585
-koi	0.127499212764	0.093427741153	0.0262604546411	0.752812591442
-ael	0.0351936066341	0.93302347355	0.00586838761452	0.0259145322009
-sos	0.0	1.0	0.0	0.0
-som	0.0229007633588	0.965648854962	0.0	0.0114503816794
-oro	0.0648854961832	0.912213740458	0.0152671755725	0.00763358778627
-elã	0.121771217712	0.878228782288	0.0	0.0
-oão	0.0656144195204	0.850886803799	0.00840259986325	0.0750961768171
-ora	0.0605187319885	0.874639769452	0.0648414985591	0.0
-soa	0.501805611769	0.129135934754	0.0285300652609	0.340528388217
-ore	0.0821139663522	0.481424828685	0.0381582384189	0.398302966544
-lix	0.00847457627118	0.966101694915	0.0127118644068	0.0127118644068
-lis	0.0200477326969	0.8138424821	0.0229116945108	0.143198090692
-ico	0.0463309141559	0.871563668353	0.0645113994575	0.0175940180338
-lim	0.0	1.0	0.0	0.0
-omi	0.103334031438	0.0604733149499	0.0024433662606	0.833749287351
-lio	0.0515430072226	0.910374261326	0.0167432698621	0.021339461589
-asé	0.172607208484	0.762665088334	0.0560973427575	0.00863036042422
-sué	0.0660585089651	0.915067631331	0.0	0.0188738597043
-aão	0.0193784277879	0.943254113346	0.0155758683729	0.0217915904936
-oma	0.41700376403	0.183217201238	0.052545866854	0.347233167879
-lia	0.00205058099795	0.967190704033	0.0307587149692	0.0
-ica	0.0366350067843	0.931478968792	0.0156037991859	0.0162822252374
-diã	0.038961038961	0.909090909091	0.051948051948	0.0
-oda	0.0	1.0	0.0	0.0
-ode	0.0333333333333	0.966666666667	0.0	0.0
-rna	0.0	1.0	0.0	0.0
-rni	0.0	1.0	0.0	0.0
-zer	0.0	1.0	0.0	0.0
-eho	0.155805899072	0.654742409698	0.16149980236	0.0279518888701
-ehi	0.894931362196	0.105068637804	0.0	0.0
-rge	0.0	0.984496124031	0.0	0.015503875969
-ehe	0.109758384505	0.827092955917	0.0488650341972	0.0142836253808
-lco	0.0904109589041	0.909589041096	0.0	0.0
-afá	0.0	1.0	0.0	0.0
-nio	0.0207156308851	0.928436911488	0.045197740113	0.00564971751412
-áre	0.0608707250727	0.754903479346	0.0377338915622	0.146491904019
-pas	0.0298440872533	0.946280642944	0.0119376349013	0.0119376349013
-oés	0.04	0.92	0.0	0.04
-icó	0.0	1.0	0.0	0.0
-omé	0.0	0.997051597052	0.0	0.00294840294841
-feu	0.0	1.0	0.0	0.0
-dia	0.0657729367407	0.708001675744	0.0	0.226225387516
-dio	0.0430879712747	0.903052064632	0.0430879712747	0.0107719928187
-dão	0.00521210366295	0.994787896337	0.0	0.0
-sli	0.0	1.0	0.0	0.0
--te	0.020238818053	0.653916211293	0.0829791540174	0.242865816636
-iha	0.3499292815	0.29992615422	0.0504417508455	0.299702813434
-tão	0.0	1.0	0.0	0.0
-ihe	0.404248161853	0.492671440242	0.0756884040559	0.0273919938488
-ihi	0.180722097773	0.384174463039	0.0994860983002	0.335617340888
-iho	0.147785092244	0.775258590821	0.0172770201617	0.0596792967731
-raó	0.0195822454308	0.968668407311	0.00391644908616	0.00783289817234
-afi	0.626740613654	0.0353110162391	0.337948370107	0.0
-iyá	0.196022727273	0.650568181818	0.0170454545454	0.136363636364
-aia	0.441176470588	0.529411764706	0.0	0.0294117647059
-tia	0.0	1.0	0.0	0.0
-reu	0.0316344463972	0.857059168131	0.111306385472	0.0
-aim	0.023746701847	0.936675461741	0.0	0.0395778364116
-tim	0.270063694267	0.729936305733	0.0	0.0
-aio	0.0161290322581	0.983870967742	0.0	0.0
-tio	0.0678733031674	0.787330316742	0.14479638009	0.0
-ngo	0.0306845003934	0.722265932337	0.0275373721479	0.219512195122
-áha	0.186335403727	0.813664596273	0.0	0.0
-ema	0.404551759292	0.105271876182	0.03109815847	0.459078206056
-osã	0.0	1.0	0.0	0.0
-emo	0.239819004525	0.742081447964	0.0180995475113	0.0
-osé	0.0497625292409	0.92032324378	0.00467852839016	0.0252356985894
-260	0.016129032258	0.0725806451613	0.0	0.911290322581
-das	0.0648860721292	0.861626678739	0.000905387052965	0.0725818620794
-cio	0.0659981143396	0.928430616268	0.0055712693923	0.0
-cia	0.00387471746852	0.887471746852	0.102357119793	0.00629641588633
-ser	0.0	1.0	0.0	0.0
-zar	0.0	1.0	0.0	0.0
-000	0.074030571718	0.179315399458	0.0121345331936	0.73451949563
-eta	0.199974310217	0.101176838634	0.0354478364642	0.663401014685
-são	0.0	1.0	0.0	0.0
-ete	0.183119955097	0.585349067194	0.0873503234084	0.144180654301
-eti	0.044713816971	0.867195202414	0.0124373739823	0.0756536066328
-eto	0.0	0.991243432574	0.0	0.00875656742558
-rco	0.00793650793651	0.992063492063	0.0	0.0
-oxa	0.147016286517	0.730403992096	0.0456124791412	0.0769672422457
-ías	0.0397619691642	0.926426832567	0.00730321882608	0.0265079794428
-oxo	0.256929637527	0.717484008529	0.0127931769723	0.0127931769723
-oxi	0.136171839749	0.417133620512	0.0305432163924	0.416151323347
-300	0.0	0.125301204819	0.178313253012	0.696385542169
-ate	0.142920516382	0.667072794126	0.127232611818	0.0627740776753
-ata	0.185200851373	0.27346116702	0.0460483262432	0.495289655364
-ato	0.0	1.0	0.0	0.0
-amã	0.0	0.68836565097	0.31163434903	0.0
-ati	0.14292563839	0.706368828992	0.0447646108338	0.105940921784
-ose	0.217955701826	0.54226697576	0.0411909775552	0.198586344858
-kai	0.494002461462	0.150568763888	0.0163257381469	0.339103036503
-emá	0.0	0.993055555556	0.00694444444443	0.0
-ulo	0.0247740369109	0.833870463913	0.00350468179775	0.137850817378
-ião	0.00289575289575	0.973938223938	0.0173745173745	0.0057915057915
-lém	0.00644215481819	0.980880014867	0.000495550370631	0.0121822799447
-ace	0.0	0.82962962963	0.17037037037	0.0
-nia	0.0334558357623	0.946774806742	0.0095044987961	0.0102648586998
-ice	0.0290065264684	0.957940536621	0.00435097897027	0.00870195794054
-aji	0.0	1.0	0.0	0.0
-fia	0.00834824090638	0.991651759094	0.0	0.0
-lda	0.020202020202	0.676767676768	0.30303030303	0.0
-fre	0.0199335548173	0.975083056478	0.0	0.00498338870431
-ila	0.0	0.99520383693	0.0	0.00479616306955
-ilo	0.0824742268041	0.762886597938	0.0309278350515	0.123711340206
-ili	0.198578595318	0.482441471572	0.289715719064	0.0292642140468
-igo	0.0994733762434	0.860152135752	0.0157987126975	0.0245757753072
-ebe	0.258064516129	0.741935483871	0.0	0.0
-lmo	0.0761421319797	0.893401015228	0.0152284263959	0.0152284263959
-íti	0.152173913043	0.565217391304	0.0434782608696	0.239130434783
-oaz	0.015748031496	0.984251968504	0.0	0.0
-amo	0.0	1.0	0.0	0.0
-oxó	0.386904761905	0.434523809524	0.0357142857143	0.142857142857
-ama	0.0616026711185	0.143639398998	0.0166611018364	0.778096828047
-íta	0.187165775401	0.540998217469	0.142602495544	0.129233511586
-ebu	0.0453834115806	0.954616588419	0.0	0.0
-íte	0.60625	0.0625	0.11875	0.2125
-iro	0.0336140127738	0.588076365271	0.0731998767533	0.305109745202
-iri	0.173799870366	0.602980152306	0.0255544283326	0.197665548995
-usa	0.0754716981132	0.924528301887	0.0	0.0
-ira	0.37914430318	0.368539836323	0.118717951381	0.133597909117
-mós	0.0	1.0	0.0	0.0
-agé	0.0385542168675	0.961445783133	0.0	0.0
-aús	0.045871559633	0.844036697248	0.110091743119	0.0
-osa	0.0139211136891	0.972157772622	0.0139211136891	0.0
-gue	0.0248447204969	0.975155279503	0.0	0.0
-uza	0.0	1.0	0.0	0.0
-eão	0.0423706087423	0.886832931081	0.059533386967	0.01126307321
-onã	0.0	1.0	0.0	0.0
-oná	0.0275862068966	0.972413793103	0.0	0.0
-nfã	0.0	1.0	0.0	0.0
-aná	0.0	1.0	0.0	0.0
-anã	0.0	1.0	0.0	0.0
-pia	0.0	0.848	0.152	0.0
-pio	0.037037037037	0.851851851852	0.0	0.111111111111
-ueu	0.0589198036006	0.901800327332	0.0196399345335	0.0196399345335
-uel	0.0115400755351	0.975870751154	0.0125891733109	0.0
-axi	0.0627156445986	0.659067080958	0.00400312625097	0.274214148192
-iye	0.133519378449	0.113231144253	0.0704615518309	0.682787925467
-axa	0.338747683295	0.329401061718	0.169123308661	0.162727946326
-axe	0.0467289719626	0.813084112149	0.0	0.140186915888
-owi	0.236913605933	0.437104532047	0.0313926591357	0.294589202884
-owa	0.131246361941	0.801862686096	0.00848469302184	0.058406258941
-sda	0.0307692307692	0.938461538462	0.0	0.0307692307692
-ago	0.00178757634441	0.991062118278	0.000893788172204	0.00625651720542
--li	0.193220338983	0.166101694915	0.0305084745763	0.610169491526
-one	0.157884427492	0.647006967863	0.0435160777535	0.151592526891
-rta	0.0	0.974066390041	0.0	0.0259336099585
-ega	0.00389105058365	0.980544747082	0.0155642023346	0.0
-ona	0.367710795816	0.0558387711009	0.0133886744544	0.563061758629
-ego	0.211292200233	0.28812572759	0.46565774156	0.034924330617
-rto	0.0	1.0	0.0	0.0
-uro	0.0342397225248	0.803232763413	0.155857438246	0.00667007581654
-oni	0.0568753792261	0.138116101985	0.0166051527344	0.788403366055
-ana	0.109750312881	0.0656064248382	0.0074757068069	0.817167555474
-nfa	0.0	1.0	0.0	0.0
-ane	0.384950382082	0.224613453202	0.0535204232143	0.336915741502
-ani	0.144847286655	0.299044200302	0.013502202946	0.542606310097
-ank	0.0285714285714	0.685714285714	0.0571428571429	0.228571428571
-ano	0.192437999729	0.648326331481	0.0548854858382	0.104350182952
-tai	0.333333333333	0.624113475177	0.0425531914894	0.0
-sco	0.0225	0.96875	0.0025	0.00625
-nás	0.0212765957447	0.943262411348	0.031914893617	0.00354609929078
-eha	0.316606486771	0.230084360499	0.0744723789617	0.378836773768
-aal	0.192307692308	0.807692307692	0.0	0.0
-tar	0.0	0.814432989691	0.0	0.185567010309
-tas	0.0779220779219	0.922077922078	0.0	0.0
-mia	0.045197740113	0.954802259887	0.0	0.0
-sés	0.0441254720777	0.934006463084	0.00292006800514	0.0189479968333
-mim	0.0	1.0	0.0	0.0
-aso	0.0	0.538461538462	0.461538461538	0.0
-eno	0.0770250571766	0.106813440901	0.019333232803	0.79682826912
-eni	0.257516449359	0.427190144409	0.0667155443721	0.24857786186
-ene	0.433260378003	0.303814139764	0.0533168851074	0.209608597125
-ena	0.490104125612	0.248473881376	0.0628890922606	0.198532900752
-oel	0.0	1.0	0.0	0.0
