-eus	0.0853014580368	0.549974461841	0.0237765656799	0.340947514442
-cas	0.202312138728	0.645296899632	0.0350324049746	0.117358556665
-iva	0.114738928861	0.755150481389	0.0545564917992	0.0755540979512
-ive	0.130110290141	0.869889709859	0.0	0.0
-rbe	0.0103270223752	0.989672977625	0.0	0.0
-ivi	0.110431792128	0.611641829066	0.260094255509	0.0178321232964
-eua	0.304601518494	0.387393905519	0.00977311307084	0.298231462916
-'ba	0.430688208252	0.399994692254	0.157640058149	0.0116770413444
-umi	0.0	0.879781420765	0.0	0.120218579235
-'bi	0.399406651028	0.600593348972	0.0	0.0
-aua	0.0	1.0	0.0	0.0
-zio	0.0727608708206	0.927239129179	0.0	0.0
-êto	0.0	0.958041958042	0.041958041958	0.0
-zim	0.0	0.981085114779	0.018914885221	0.0
-ufo	0.0	1.0	0.0	0.0
-aum	0.0325732899023	0.952225841477	0.00542888165038	0.00977198697069
-aul	0.0314960629921	0.88188976378	0.0551181102362	0.0314960629921
-nto	0.127833154858	0.76341156058	0.0157649467117	0.0929903378501
-nta	0.0300546448087	0.822404371585	0.0	0.147540983607
-nte	0.0527053311861	0.929726225085	0.0122979106101	0.0052705331186
-kia	0.249133853102	0.295503248406	0.145418552971	0.309944345521
-dro	0.0833844353048	0.773532707592	0.0309408289106	0.112142028192
-pre	0.0	1.0	0.0	0.0
-car	0.157270029674	0.673590504451	0.0712166172106	0.0979228486647
-aré	0.0480873428695	0.877411140009	0.0132748157781	0.0612267013437
-opo	0.00788929935508	0.962920293031	0.0291904076138	0.0
-ope	0.0205655526992	0.935089974293	0.0038560411311	0.0404884318766
-'ia	0.385445169239	0.314881674791	0.0502672372097	0.249405918761
-dea	0.519540229885	0.319540229885	0.0781609195402	0.0827586206896
-ri!	0.677179962894	0.264378478664	0.0361781076067	0.0222634508349
-400	0.0388601036269	0.0595854922279	0.0	0.901554404145
-ima	0.270858524788	0.506650544136	0.215235792019	0.00725513905684
-oko	0.235973995172	0.298999318661	0.216384455548	0.248642230618
-des	0.00410942820242	0.987671715393	0.00821885640485	0.0
-oki	0.282174328523	0.431628879469	0.188455626777	0.0977411652309
-deu	0.0247185609551	0.967268939546	0.0	0.0080124994992
-caz	0.0	1.0	0.0	0.0
-oka	0.29574085183	0.277144571086	0.24175164967	0.185362927414
-imo	0.0694536314327	0.462831783906	0.063981527138	0.403733057523
-ido	0.0889192886457	0.764705882353	0.0820793433653	0.0642954856361
-obi	0.196595360048	0.680626694788	0.0170734156875	0.105704529477
-obo	0.188756751274	0.724395871897	0.0322032608971	0.0546441159317
-idi	0.0788715070915	0.705341379355	0.119747344685	0.0960397688691
-rpa	0.32860495969	0.635677109909	0.0142871721604	0.0214307582406
-eca	0.262390670554	0.620991253644	0.0583090379009	0.0583090379009
-ide	0.0189873417721	0.981012658228	0.0	0.0
-ida	0.0863111949968	0.0225445544183	0.001078954306	0.890065296279
-bia	0.214839223274	0.706561060895	0.0235799147495	0.0550198010822
-bii	0.169344596093	0.678245267423	0.101606757656	0.0508033788279
-ter	0.0	1.0	0.0	0.0
-tes	0.0762781886701	0.788295278209	0.00967332379434	0.125753209327
-ute	0.0	1.0	0.0	0.0
-rio	0.154061926853	0.684324091056	0.141978638472	0.0196353436185
-rim	0.0	1.0	0.0	0.0
-tea	0.237967339923	0.616996132359	0.0451224752901	0.099914052428
-a'i	0.15777331882	0.119164024288	0.0215128476213	0.70154980927
-a'o	0.309191881966	0.289354293485	0.218836177865	0.182617646685
-ris	0.0	1.0	0.0	0.0
-a'a	0.407109707688	0.359099175957	0.0358826727099	0.197908443645
-teo	0.0855055110375	0.71945902797	0.0128949065119	0.182140554481
-meu	0.0	0.990512333966	0.0	0.00948766603415
-nze	0.0208333333333	0.905303030303	0.0738636363637	0.0
-naã	0.118174180902	0.695043405209	0.153178381406	0.0336040324839
-ara	0.287534575897	0.237835380263	0.0476347399867	0.426995303853
-mes	0.0	1.0	0.0	0.0
-aro	0.258130177593	0.27950345548	0.0691918624096	0.393174504517
-ari	0.131464609891	0.175316161454	0.0152210228477	0.677998205807
-jia	0.132984585994	0.183564960321	0.00956684478811	0.673883608897
-ni!	0.263335818696	0.376620381156	0.120644575299	0.239399224848
-mei	0.0	1.0	0.0	0.0
-rai	0.211920712065	0.663250876573	0.10656273473	0.0182656766314
-lão	0.0	1.0	0.0	0.0
-bás	0.0111747450761	0.9338827583	0.0339898496066	0.0209526470177
-ki!	0.347179232167	0.427321716715	0.098237210388	0.12726184073
-aóa	0.0727513227513	0.563492063492	0.343915343915	0.0198412698413
-na!	0.295327366075	0.0545373359001	0.0268108388339	0.623324459191
-nso	0.0291104146577	0.927856798457	0.0143442622951	0.0286885245902
-ota	0.283674568965	0.688038793103	0.00404094827586	0.0242456896552
-ija	0.233793030065	0.153837945767	0.0547701906989	0.55759883347
-icó	0.0	1.0	0.0	0.0
-ijo	0.0558362137729	0.487237436852	0.456926349375	0.0
-oto	0.0560747663551	0.88785046729	0.0	0.0560747663552
-nho	0.121570168127	0.819751388823	0.0537950747743	0.00488336827573
-nha	0.292953285827	0.691211401425	0.0158353127474	0.0
-ako	0.0706329317126	0.803886594904	0.00963176341536	0.115848709968
ALL	0.221071799702	0.268284464958	0.0504437065146	0.460200028825
-nai	0.168960403732	0.610644116497	0.0403046043522	0.180090875419
-aki	0.328010613944	0.259489262965	0.120253889463	0.292246233628
-aka	0.574767959203	0.270729344957	0.0706767651181	0.0838259307215
-aús	0.0336134453782	0.966386554622	0.0	0.0
-sio	0.0172104378706	0.956079774248	0.0047560163607	0.021953771521
-nas	0.0202659911336	0.978467384421	0.0	0.00126662444585
-sia	0.160736669402	0.3171458544	0.0299539832023	0.492163492995
-aúa	0.016393442623	0.594262295082	0.389344262295	0.0
-goi	0.0561072108153	0.830498840963	0.0585619012885	0.0548320469331
-mos	0.13161081954	0.722648364958	0.00968914008882	0.136051675414
-mor	0.0	0.957050823193	0.0429491768074	0.0
-moa	0.0748326070783	0.599418995997	0.0394445034895	0.286303893435
-mom	0.0856247824573	0.698920988514	0.0208840932823	0.194570135747
-ha!	0.313997746206	0.580903834609	0.0710387463007	0.0340596728839
-ção	0.137822003162	0.735701664652	0.0120896494002	0.114386682786
-ber	0.0	1.0	0.0	0.0
-coa	0.0249954435389	0.882703673809	0.000520738407061	0.0917801442446
-eor	0.0	1.0	0.0	0.0
-ixa	0.132806044151	0.644079801676	0.198323692598	0.0247904615748
-bel	0.0903078897115	0.775519424582	0.015180631442	0.118992054265
-ofi	0.353104828826	0.411769752431	0.116161451099	0.118963967644
-bea	0.401785714286	0.495535714286	0.102678571429	0.0
-âga	0.192066805845	0.379958246346	0.250521920668	0.17745302714
-eoa	0.0701754385965	0.80701754386	0.0877192982456	0.0350877192982
-cor	0.0	1.0	0.0	0.0
-iso	0.152556751697	0.269921600749	0.483559560028	0.0939620875263
-isi	0.0355439965323	0.836150845254	0.12570437798	0.00260078023407
-isa	0.100642663954	0.715987196348	0.0230763504628	0.160293789236
-eva	0.114707087259	0.627201966407	0.24580090127	0.0122900450635
-mo!	0.890308839191	0.0657614483493	0.0	0.0439297124601
-res	0.00540054005401	0.953195319532	0.021602160216	0.019801980198
-evi	0.0920705160232	0.863678538291	0.020698022982	0.0235529227036
-reu	0.00580720092915	0.954703832753	0.0301974448316	0.00929152148664
-avi	0.081246186646	0.281101518842	0.0428899863295	0.594762308182
-vão	0.09363152586	0.51942541129	0.0119995826232	0.374943480227
-hai	0.154569546016	0.494715323264	0.0861382453172	0.264576885403
-mas	0.0382585751979	0.95382585752	0.00527704485487	0.00263852242744
-mar	0.0205479452055	0.965753424658	0.013698630137	0.0
-ave	0.0	1.0	0.0	0.0
-mai	0.213226435904	0.370500052537	0.15223337123	0.264040140329
-sés	0.0450668232207	0.890959008185	0.00612977863729	0.0578443899575
--ra	0.24596652416	0.338364163077	0.0735820272761	0.342087285487
-uni	0.0555555555556	0.83950617284	0.104938271605	0.0
-léa	0.0599474346029	0.837640309095	0.0015429539486	0.100869302354
-pta	0.0	1.0	0.0	0.0
-666	0.297565374211	0.189359783589	0.108205590622	0.404869251578
-ade	0.0	0.993410214168	0.0	0.00658978583195
-ia!	0.428920645304	0.378065064309	0.0775120880442	0.115502202343
-ika	0.148615317651	0.725065634956	0.0478302171749	0.0784888302186
-ada	0.237779467375	0.0365176323628	0.00761621830103	0.718086681961
-ado	0.115838885524	0.608570563295	0.231677771048	0.0439127801333
-tro	0.0157315154693	0.984268484531	0.0	0.0
-gai	0.0	1.0	0.0	0.0
-adi	0.0777209528084	0.576134593774	0.0753234277515	0.270821025667
-144	0.144144144144	0.237237237237	0.0	0.618618618619
-gar	0.0406636304489	0.846454131425	0.0543266102797	0.0585556278465
-dré	0.0	0.998129442574	0.0	0.00187055742611
-bas	0.0	1.0	0.0	0.0
-ini	0.322537237368	0.307329435881	0.0730064927009	0.29712683405
-sem	0.0	1.0	0.0	0.0
-lao	0.0	1.0	0.0	0.0
-ino	0.237003780718	0.646739130435	0.116257088847	0.0
-ina	0.25272424246	0.32042540394	0.0521907309738	0.374659622626
-uis	0.0	1.0	0.0	0.0
-raó	0.0098247912232	0.908301948584	0.0294743736695	0.0523988865237
-sôs	0.0100334448161	0.939799331104	0.0	0.0501672240803
-800	0.0	0.299226661428	0.0	0.700773338572
-uim	0.0	1.0	0.0	0.0
-oha	0.329925895223	0.327982255183	0.158695128577	0.183396721018
-uia	0.0197163611207	0.940159114493	0.0373573158077	0.00276720857834
-seu	0.0	0.949579831933	0.0504201680672	0.0
-oho	0.0151562993369	0.91064098516	0.064730028418	0.00947268708555
-ses	0.0736842105263	0.810526315789	0.0631578947369	0.0526315789474
-ohi	0.281464457331	0.385910032948	0.0442403016436	0.288385208077
-eda	0.0	0.764243614931	0.235756385069	0.0
-ede	0.242990654206	0.757009345794	0.0	0.0
-arã	0.127868852459	0.872131147541	0.0	0.0
-nes	0.0185500077292	0.955170814655	0.00463750193229	0.021641675684
-rso	0.111128928801	0.882135984606	0.00673508659397	0.0
-neo	0.192468619247	0.719665271967	0.0878661087866	0.0
-cos	0.107744107744	0.809427609428	0.0020202020202	0.0808080808081
-ias	0.0403239733361	0.874633025939	0.0122094428902	0.0728335578351
-hoa	0.390598840953	0.35196394076	0.0877656149389	0.169671603348
-bai	0.284217346417	0.577001925176	0.0386010567108	0.100179671697
-hoi	0.205813131334	0.723268984675	0.0379949014611	0.0329229825307
-joi	0.414137053192	0.497283053699	0.0177159786217	0.0708639144869
-joa	0.4911361805	0.307816277196	0.101933924255	0.09911361805
-ra!	0.334688346884	0.523306233062	0.0357723577235	0.106233062331
-que	0.0101899339784	0.98483936652	0.00497069950168	0.0
-adã	0.187134502924	0.777777777778	0.0	0.0350877192982
-asa	0.139952599292	0.76243407801	0.0180765412403	0.0795367814575
-qui	0.0	1.0	0.0	0.0
-asi	0.307815704883	0.54479718353	0.0602479718353	0.0871391397521
-dre	0.0	1.0	0.0	0.0
-eli	0.0137457044673	0.958762886598	0.0	0.0274914089347
-lta	0.0	0.860583016477	0.0253485424588	0.114068441065
-gaú	0.0	1.0	0.0	0.0
-zor	0.0	1.0	0.0	0.0
-ho!	0.34215303963	0.31439048059	0.175964420381	0.1674920594
-dia	0.218638116969	0.489148956263	0.129244519323	0.162968407445
-430	0.140221402214	0.0553505535055	0.0	0.80442804428
-inã	0.0	1.0	0.0	0.0
-ras	0.0710031536047	0.903072196223	0.00199420385943	0.0239304463132
-eri	0.0	1.0	0.0	0.0
-ero	0.258094357077	0.360777058279	0.0	0.381128584644
-era	0.0	1.0	0.0	0.0
-boa	0.152139513716	0.650601262757	0.0774076103613	0.119851613166
-pos	0.0461409395973	0.89932885906	0.0251677852349	0.0293624161073
-cós	0.0312989045383	0.874804381847	0.093896713615	0.0
-cóa	0.096649484536	0.671391752577	0.154639175258	0.0773195876289
-poa	0.0445816186557	0.955418381344	0.0	0.0
-aza	0.0	0.904912836767	0.0	0.095087163233
-foa	0.471428571429	0.271428571429	0.214285714286	0.0428571428572
-500	0.0164203612479	0.00656814449916	0.0197044334975	0.957307060755
-iko	0.0553137171472	0.767142342814	0.0399142473734	0.137629692665
-nor	0.0	1.0	0.0	0.0
-nos	0.0405405405405	0.959459459459	0.0	0.0
-iki	0.320209719429	0.252684074001	0.0983722282816	0.328733978289
-lau	0.252679938744	0.701378254211	0.0229709035222	0.0229709035222
-fos	0.0	1.0	0.0	0.0
-nom	0.0461538461538	0.907692307692	0.0461538461538	0.0
-las	0.0226209048362	0.946177847114	0.0	0.0312012480499
-noa	0.199304319395	0.1126167036	0.0163475860065	0.671731390998
-ahi	0.277561186121	0.439080689549	0.0576313224047	0.225726801926
-aho	0.269388727105	0.0799459127311	0.130726734003	0.51993862616
-gem	0.157597304396	0.794645936696	0.0191027035632	0.0286540553448
-gea	0.0	0.847396768402	0.152603231598	0.0
-aha	0.530436860924	0.160907298229	0.0359877855979	0.272668055248
-boi	0.00207583725436	0.973014115693	0.0124550235262	0.0124550235261
-fás	0.0	0.984084880637	0.0119363395225	0.00397877984084
-ges	0.792477302205	0.129701686122	0.0	0.0778210116732
-dom	0.0	0.981673793525	0.0	0.0183262064753
-sar	0.0492838441398	0.932234714308	0.0184814415524	0.0
-toa	0.107919236172	0.649424986309	0.0445177266126	0.198138050906
-too	0.674606643357	0.23615967366	0.081585081585	0.0076486013986
-oli	0.155015197568	0.844984802432	0.0	0.0
-saa	0.260767946578	0.553589315526	0.145575959933	0.0400667779632
-ibo	0.105353212343	0.884181236762	0.0	0.010465550895
-tos	0.149343343647	0.748804003164	0.0229583312298	0.0788943219599
-olo	0.0559181329296	0.907429645486	0.00501226961834	0.0316399519658
-ola	0.0197128305952	0.938142497098	0.0312686278406	0.0108760444663
-sai	0.0733637739284	0.658155590517	0.0337082161221	0.234772419433
-ssé	0.0	1.0	0.0	0.0
-lom	0.0	1.0	0.0	0.0
-iel	0.0958744841509	0.889100410124	0.0107322183751	0.00429288735003
-ros	0.0406609914872	0.892038057086	0.00841261892839	0.0588883324988
-loe	0.0408163265306	0.959183673469	0.0	0.0
-loa	0.131739880137	0.720899474072	0.031728368711	0.11563227708
-roa	0.17261552176	0.0846944162796	0.00645428871395	0.736235773246
-ava	0.275395497928	0.474151268211	0.0766972782487	0.173755955612
-pão	0.126805295601	0.809905124183	0.0155467928178	0.0477427873986
-los	0.15671641791	0.798507462687	0.0	0.044776119403
-ipo	0.0	1.0	0.0	0.0
-ipa	0.0	0.987925830099	0.00689952565762	0.0051746442432
-ipe	0.0354750823022	0.929447156317	0.0	0.0350777613804
-noé	0.0058904378559	0.994109562144	0.0	0.0
-rda	0.395471056496	0.512991730427	0.0363552051936	0.0551820078831
-úde	0.0	1.0	0.0	0.0
-ifá	0.415584415585	0.311688311688	0.0	0.272727272727
-saú	0.024	0.928	0.0	0.048
-276	0.0	0.125	0.0	0.875
-txi	0.0859828438402	0.679428863071	0.0806067413013	0.153981551787
-sto	0.0420361987186	0.831491712635	0.0036947166395	0.122777372007
-uém	0.076726342711	0.923273657289	0.0	0.0
-ste	0.0560747663551	0.869158878505	0.018691588785	0.0560747663551
-sta	0.146235329261	0.709943420471	0.0262250036668	0.117596246601
-loí	0.0	0.98	0.02	0.0
-loé	0.0537897310514	0.872860635697	0.0	0.0733496332518
-ões	0.248090068355	0.273421793325	0.0361881785283	0.442299959791
-200	0.0303247312919	0.183412340296	0.0659729263841	0.720290002028
-mão	0.0217178345505	0.936648711611	0.00169083486984	0.039942618969
-oba	0.247122545701	0.729180771835	0.0135409614083	0.0101557210562
-ois	0.021794166208	0.556741882224	0.0253604843148	0.396103467254
-ioa	0.0747679079524	0.798542025795	0.00581528172963	0.120874784523
-éia	0.0386195073293	0.916539658317	0.0146644192755	0.030176415078
-oia	0.340703054854	0.534243123323	0.0424406783939	0.0826131434292
-ios	0.151515151515	0.772727272727	0.0	0.0757575757574
-les	0.0	1.0	0.0	0.0
-eel	0.0	1.0	0.0	0.0
-rra	0.0	1.0	0.0	0.0
-rro	0.123545027568	0.835613641005	0.016336532571	0.0245047988565
-gio	0.217621419676	0.782378580324	0.0	0.0
-alo	0.054721067916	0.920570539253	0.00404319155422	0.0206652012772
-osa	0.0	1.0	0.0	0.0
-udá	0.0	1.0	0.0	0.0
-ndo	0.0	1.0	0.0	0.0
-ali	0.0	1.0	0.0	0.0
-nda	0.247787610619	0.610619469027	0.0707964601769	0.070796460177
-gia	0.0228571428571	0.958095238095	0.0190476190476	0.0
-ala	0.0	0.977321814255	0.0	0.0226781857451
-120	0.0571428571429	0.142857142857	0.0	0.8
-uva	0.0700670229106	0.840750565354	0.00966853297404	0.0795138787618
-abá	0.0	0.983513895431	0.016486104569	0.0
-oi!	0.322359396433	0.389574759945	0.0	0.288065843621
-abé	0.0393330483113	0.913852073536	0.0222317229585	0.0245831551946
-pea	0.00451467268624	0.984198645598	0.0	0.0112866817156
-ogi	0.024948024948	0.950103950104	0.024948024948	0.0
-153	0.0655737704918	0.0655737704918	0.0327868852459	0.83606557377
-oré	0.0562324273665	0.887535145267	0.0	0.0562324273665
-elo	0.0626865671642	0.901492537313	0.0358208955224	0.0
-ogo	0.197654019347	0.571341818543	0.0929371990284	0.138066963081
-aém	0.0	1.0	0.0	0.0
-ela	0.0	1.0	0.0	0.0
-atã	0.0	1.0	0.0	0.0
-leá	0.0	1.0	0.0	0.0
-uda	0.431523269531	0.531184596065	0.0	0.0372921344039
-100	0.0206638253907	0.138253906754	0.0384218003358	0.802660467519
-ito	0.0775093019567	0.832874322951	0.034563741047	0.0550526340449
-uta	0.0	1.0	0.0	0.0
-eso	0.0601894854171	0.874976778748	0.0416434454146	0.0231902904205
-iti	0.274829416224	0.560983699773	0.0409874905232	0.12319939348
-esa	0.215726820544	0.697367685687	0.0201195998435	0.066785893925
-ita	0.207319039175	0.626632274706	0.0290182169918	0.137030469128
-'di	0.0883607566448	0.548093922129	0.0836652932872	0.279880027939
-spe	0.0601113522696	0.823629329055	0.068698688308	0.0475606303671
-fté	0.0	1.0	0.0	0.0
-'da	0.249655226171	0.325330414555	0.254251438194	0.17076292108
-fai	0.544255085212	0.17445482866	0.0943741982774	0.186915887851
-spo	0.0	1.0	0.0	0.0
-o'i	0.447049778974	0.281568325966	0.10705362291	0.164328272151
-fas	0.21875	0.6875	0.0	0.09375
-va!	0.30479066055	0.281874996367	0.352549880864	0.060784462218
-va'	0.118415993848	0.460399846213	0.286620530565	0.134563629373
-o'o	0.0610214839125	0.579911295402	0.132248817666	0.226818403019
-o'a	0.358787048464	0.190368232605	0.200083338858	0.250761380072
-abe	0.0135173190651	0.978034356519	0.00844832441565	0.0
-aba	0.463159713225	0.366675304483	0.0885376176903	0.0816273646022
-rom	0.0145631067961	0.97572815534	0.00970873786407	0.0
-tra	0.0101156069364	0.989884393064	0.0	0.0
-abo	0.0796180877143	0.570663107931	0.0302510693499	0.319467735005
-abi	0.465225765033	0.414936871389	0.0	0.119837363578
-ria	0.174206334295	0.204464291186	0.0305052570306	0.590824117488
-rão	0.0177089097952	0.982291090205	0.0	0.0
-aea	0.0	1.0	0.0	0.0
-koa	0.143204112501	0.101077057893	0.0169980631303	0.738720766476
-chá	0.1259181532	0.8740818468	0.0	0.0
-koi	0.0114207400639	0.926907263591	0.0616719963453	0.0
-ael	0.0453996582495	0.894528194418	0.00350863869375	0.0565635086387
-sos	0.157269125267	0.654983236818	0.0256019506248	0.16214568729
-roi	0.282696362424	0.553873136733	0.0430978605356	0.120332640307
-som	0.0802471101487	0.9041492851	0.0156036047512	0.0
-ori	0.191107316437	0.0434455112242	0.042475034795	0.722972137544
-soi	0.0450901803607	0.954909819639	0.0	0.0
-oro	0.259503404069	0.625596394051	0.0582465560201	0.0566536458597
-oão	0.0392195133361	0.81679107993	0.011794234389	0.132195172345
-ora	0.0459598486881	0.0453362022976	0.00379490499706	0.904909044017
-soa	0.167122525613	0.746882388392	0.0421862686013	0.0438088173937
-vao	0.214067278287	0.334862385321	0.451070336391	0.0
-ore	0.0	0.934426229508	0.0655737704918	0.0
-lis	0.0201906898486	0.853056646102	0.0	0.126752664049
-ico	0.0303746203173	0.956969287884	0.00759365507931	0.00506243671955
-lim	0.0	1.0	0.0	0.0
-omi	0.114853051299	0.429823569761	0.0557735280693	0.399549850871
-lio	0.0747549019608	0.848724048443	0.0511101499423	0.025410899654
-sué	0.139510397473	0.789418267965	0.00789681495131	0.0631745196105
-aão	0.0208663184526	0.932370847956	0.0223573818657	0.0244054517261
-oma	0.122437656492	0.71044232639	0.0902896913138	0.0768303258042
-lia	0.0832587421247	0.864927372968	0.00536214564858	0.0464517392586
-ica	0.0497605507333	0.570674947621	0.0202035318767	0.359360969769
-diã	0.133016627078	0.796041171813	0.0709422011085	0.0
-oda	0.207969067076	0.1017236935	0.0161303823818	0.674176857042
-ode	0.35440157236	0.28390400331	0.242215785663	0.119478638668
-rna	0.0	1.0	0.0	0.0
-odi	0.166942441763	0.630830965383	0.062940516401	0.139286076453
-rni	0.0	1.0	0.0	0.0
-odo	0.419214349418	0.286576394265	0.153490246144	0.140719010173
-zer	0.0	1.0	0.0	0.0
-uro	0.024023545465	0.638635876954	0.333505973516	0.00383460406468
-rge	0.0	0.986175115207	0.0	0.0138248847926
-ta!	0.0686274509804	0.558823529412	0.313725490196	0.0588235294118
-afá	0.0	1.0	0.0	0.0
-pai	0.188329091878	0.811670908122	0.0	0.0
-pas	0.0782681799075	0.912904581757	0.00882723833541	0.0
-oés	0.0340909090909	0.948863636364	0.0170454545455	0.0
-sus	0.019798061964	0.564381725322	0.00297028966456	0.41284992305
-omé	0.00491320013104	0.980347199476	0.00982640026203	0.00491320013101
-oéa	0.430107526882	0.172043010753	0.150537634409	0.247311827957
-sua	0.027246819868	0.631554421479	0.0022257965526	0.3389729621
-i'a	0.310538948124	0.162009979284	0.0422336524796	0.485217420113
-feu	0.0	0.890374331551	0.0	0.109625668449
-fes	0.536938309216	0.112718964204	0.3046458492	0.04569687738
-i'i	0.045668131819	0.776207321041	0.0105485089948	0.167576038145
-dio	0.0371466827177	0.95047108971	0.0	0.0123822275726
-i'o	0.248237878536	0.127798168023	0.016037663802	0.607926289639
-ai!	0.378638370524	0.243732961273	0.135300111067	0.242328557135
-dão	0.0065421240096	0.99345787599	0.0	0.0
-fea	0.0923076923077	0.907692307692	0.0	0.0
-ice	0.0353721444363	0.942520265291	0.0117907148121	0.0103168754606
-sli	0.0	1.0	0.0	0.0
-'oi	0.209084127166	0.237224549524	0.2895744864	0.26411683691
-iha	0.238115643948	0.19590126595	0.0796948584936	0.486288231609
-tão	0.0	1.0	0.0	0.0
-'oa	0.272836339897	0.227489579079	0.13838549716	0.361288583864
-ihi	0.409023395402	0.28719346969	0.0671866674699	0.236596467438
-iho	0.0833794813762	0.900970312763	0.00577853754846	0.00987166831194
-ova	0.253445635528	0.536753445636	0.191424196018	0.0183767228177
-afi	0.310180442351	0.474427470011	0.104681868829	0.110710218808
-afo	0.422634836428	0.487179487179	0.0795755968169	0.0106100795756
-afa	0.140443083135	0.656880318825	0.139920989889	0.0627556081516
-vai	0.332142742176	0.666486560765	0.0	0.0013706970583
-di!	0.128935532234	0.539730134933	0.071964017991	0.259370314843
-aia	0.271346562191	0.432122334377	0.102964758171	0.193566345261
-tia	0.0	1.0	0.0	0.0
-aim	0.0568678915136	0.894284047827	0.0335374744823	0.0153105861767
-aio	0.054272517321	0.915704387991	0.00346420323326	0.026558891455
-tio	0.193452380952	0.806547619048	0.0	0.0
-aii	0.208294501398	0.4488583411	0.142590866729	0.200256290773
-ngo	0.0136570561457	0.809559939302	0.00455235204856	0.172230652504
-acó	0.0152785917827	0.967745195125	0.0	0.0169762130919
-osã	0.0	1.0	0.0	0.0
-ete	0.0	1.0	0.0	0.0
-osé	0.0625230099403	0.911113601076	0.00672290429465	0.0196404846894
-260	0.0	0.0757894736842	0.0	0.924210526316
-das	0.0849418309278	0.79039579823	0.00518093998882	0.119481430853
-jai	0.246705226876	0.259430854457	0.0848069194688	0.409056999198
-cio	0.0504201680672	0.927521008403	0.0126050420168	0.0094537815126
-'a!	0.51106972413	0.279641485275	0.103247584682	0.106041205913
-cia	0.0195528351611	0.861146532914	0.0926634361983	0.0266371957267
-ãoa	0.228853579178	0.651024826685	0.0211258878389	0.0989957062982
-ser	0.0	1.0	0.0	0.0
-zar	0.0	1.0	0.0	0.0
-rca	0.084142394822	0.834681769148	0.0245415318231	0.0566343042071
-eta	0.0999179777794	0.868950861233	0.0113712623965	0.0197598985907
-são	0.00736648250462	0.992633517495	0.0	0.0
-ja!	0.229330289765	0.357390688045	0.347063938525	0.0662150836646
-eto	0.09065262366	0.90934737634	0.0	0.0
-rco	0.0324400564175	0.854724964739	0.112834978843	0.0
-méa	0.0	1.0	0.0	0.0
-ías	0.0907431331798	0.867831264394	0.01348087401	0.0279447284165
-bua	0.18660968661	0.477777777778	0.0042735042735	0.331339031339
-'ai	0.161993547818	0.526010472638	0.0742667442418	0.237729235303
-300	0.0	0.0751633986928	0.169934640523	0.754901960784
-ate	0.0	1.0	0.0	0.0
-ata	0.103109308256	0.821254209211	0.0584707560008	0.0171657265323
-ato	0.00679747306636	0.991503158667	0.0	0.00169936826659
-amã	0.0	0.789473684211	0.210526315789	0.0
-ati	0.0	0.968	0.032	0.0
-neu	0.0041208791209	0.892857142857	0.0	0.103021978022
-emá	0.0	1.0	0.0	0.0
-ulo	0.0681464474717	0.705052661229	0.00414452450679	0.222656366792
-osi	0.606362735204	0.2568957536	0.0547482537748	0.0819932574221
-ião	0.0342075256556	0.961646107598	0.0	0.00414636674614
-lém	0.0241632828331	0.935086839737	0.0172760887201	0.0234737887093
-ace	0.0	0.717391304348	0.282608695652	0.0
-nia	0.155055402416	0.146898875913	0.0243842235141	0.673661498157
-nii	0.272169271002	0.529512200393	0.0624608269036	0.135857701701
-nio	0.038266441221	0.875945537065	0.0751090148616	0.0106790068524
-kha	0.424175908121	0.433141343366	0.0631322378972	0.0795505106158
-ajo	0.0441876740731	0.912176159339	0.00685657954921	0.0367795870384
-aji	0.126554979532	0.492181742651	0.0361253271121	0.345137950705
-aja	0.342399376784	0.285767975172	0.0970367367178	0.274795911326
-oa!	0.537037037037	0.388888888889	0.037037037037	0.037037037037
-kho	0.235958127826	0.421501065029	0.0740394801289	0.268501327015
-fim	0.0705882352941	0.8	0.129411764706	0.0
-fia	0.157465448229	0.701495355336	0.0957253983838	0.0453137980515
-lda	0.0202702702703	0.695945945946	0.283783783784	0.0
-via	0.134696612838	0.310267601098	0.0376154812032	0.51742030486
-fre	0.150985526663	0.772283458173	0.0767310151635	0.0
-oja	0.284568152307	0.475882362407	0.124567707811	0.114981777475
-fra	0.601018675722	0.0	0.288624787776	0.110356536503
-ila	0.0455879034078	0.931843827578	0.00812457684496	0.0144436921688
-ilo	0.140534295482	0.803782304422	0.0	0.0556834000966
-oji	0.0874393573592	0.800387564966	0.0272865826724	0.0848864950028
-iga	0.423695144274	0.425975174441	0.0767640925711	0.073565588714
-igo	0.123881755594	0.78672135481	0.0382598876524	0.0511370019432
-ebe	0.375	0.625	0.0	0.0
-lmo	0.0377358490565	0.905660377359	0.0	0.0566037735849
-ami	0.225486999669	0.577824952857	0.0590816681152	0.137606379359
-oaz	0.041237113402	0.958762886598	0.0	0.0
-amo	0.0475694138707	0.601523583063	0.0285332277845	0.322373775282
-atá	0.15923566879	0.802547770701	0.0	0.0382165605095
-ama	0.0620538115042	0.412496976617	0.0422959177263	0.483153294152
-fi!	0.654545454545	0.190909090909	0.136363636364	0.0181818181818
-hii	0.275666949774	0.343486845071	0.0704547337325	0.310391471423
-iro	0.204498983494	0.583664960852	0.0604664049225	0.151369650731
-iri	0.193271552733	0.697971335846	0.0647643008296	0.0439928105915
-eia	0.132182994577	0.765873369696	0.005155978027	0.0967876576999
-hia	0.285682686202	0.376451014592	0.065456488782	0.272409810424
-usa	0.0604713205869	0.88492663406	0.0142285460205	0.0403734993331
-ira	0.110833450243	0.223475379549	0.0217793678214	0.643911802387
-mós	0.0	1.0	0.0	0.0
-agé	0.0782029950083	0.805324459235	0.0	0.116472545757
-xi!	0.378787878788	0.212121212121	0.19696969697	0.212121212121
-noi	0.129085980069	0.783424866473	0.026182609961	0.0613065434966
-uza	0.388526119403	0.449860074627	0.0	0.16161380597
-eão	0.0419029882333	0.877677135359	0.0143909252519	0.0660289511555
-onã	0.0	1.0	0.0	0.0
-nfã	0.121457489879	0.878542510121	0.0	0.0
-aná	0.110191772348	0.798793690071	0.0115991339313	0.0794154036499
-anã	0.0	1.0	0.0	0.0
-béa	0.176470588235	0.79679144385	0.0053475935829	0.0213903743315
-pia	0.485648211128	0.16882056863	0.292477213984	0.0530540062577
-réa	0.237341772152	0.651898734177	0.0	0.110759493671
-hi!	0.336068160303	0.281476806564	0.328810350268	0.0536446828653
-us!	0.195867026056	0.581761006289	0.195417789757	0.0269541778976
-pio	0.0	0.855769230769	0.0	0.144230769231
-xia	0.342502772625	0.313367202143	0.171878556588	0.172251468644
-ueu	0.241206030151	0.595979899498	0.00603015075377	0.156783919598
-uel	0.0727138142677	0.89533355951	0.00345433796997	0.0284982882522
-uea	0.0496649586126	0.839968466693	0.0	0.110366574695
-iia	0.188604770894	0.669641324867	0.0376408672273	0.104113037012
-lco	0.0172413793103	0.98275862069	0.0	0.0
-agi	0.309487425212	0.46460669792	0.0683519386672	0.157553938201
-ago	0.0235448445199	0.950370831301	0.00302719429542	0.0230571298834
-aga	0.343057508697	0.649559618089	0.0	0.00738287321441
-rta	0.0097819441614	0.982881597718	0.00489097208072	0.00244548604035
-ona	0.164710466195	0.656712229265	0.0492417830597	0.12933552148
-ego	0.0599356787837	0.189552675178	0.737355033622	0.0131566124159
-ono	0.0671076552405	0.0715216135259	0.0179050370626	0.843465694171
-rto	0.0	1.0	0.0	0.0
-oni	0.0695752886488	0.0737227049213	0.020185320247	0.836516686183
-450	0.0634920634921	0.132275132275	0.0634920634921	0.740740740741
-ana	0.249228807903	0.160512857427	0.0301688992684	0.560089435401
-nfa	0.0	1.0	0.0	0.0
-dai	0.564093006584	0.257872411882	0.0845381598684	0.0934964216652
-tha	0.418722476524	0.343269588945	0.0207071662161	0.217300768315
-oti	0.0381847109629	0.920448518827	0.0413667702099	0.0
-tho	0.419987349779	0.234977862113	0.248576850095	0.0964579380139
-ani	0.20532434171	0.171397491196	0.0353105115142	0.58796765558
-ank	0.229302414718	0.332407052511	0.0641050210809	0.37418551169
-daa	0.713140037014	0.129549660703	0.157310302283	0.0
-thi	0.161327482277	0.268247038524	0.0295619324201	0.540863546779
-ano	0.218862218862	0.461018711019	0.231761481761	0.0883575883575
-tal	0.0244565217391	0.913043478261	0.0298913043478	0.0326086956522
-sco	0.0839427662957	0.883306836248	0.0	0.0327503974563
-ene	0.0	0.997622726732	0.00237727326756	0.0
-aal	0.0	0.842105263158	0.126315789474	0.0315789473684
-tar	0.0493974110996	0.914893617021	0.00595149531321	0.029757476566
-tas	0.0413793103448	0.958620689655	0.0	0.0
-mia	0.066042428312	0.815918078042	0.0197219527966	0.0983175408491
-mii	0.380281690141	0.521126760563	0.0985915492958	0.0
-mim	0.0	1.0	0.0	0.0
-mil	0.0727625731138	0.0383703490137	0.010091003058	0.878776074815
-ena	0.0	0.995102840353	0.0	0.0048971596474
-aso	0.0456300202076	0.88136194746	0.0	0.0730080323321
-eno	0.225806451613	0.725806451613	0.0	0.0483870967742
-eni	0.0	0.95818815331	0.0418118466898	0.0
-nás	0.147775103324	0.787079143629	0.016582555321	0.0485631977258
-séa	0.123545875973	0.754570104085	0.0271144931339	0.0947695268084
-da!	0.20212447138	0.39579101595	0.34963870667	0.0524458060004
-oel	0.0918367346939	0.785714285714	0.0	0.122448979592
