jer-	0.0116486723441	0.976832085004	0.00051771877085	0.0110015238806
lob-	0.0308366332463	0.950964697953	0.00758277866711	0.010615890134
agu-	0.314545454545	0.301818181818	0.236363636364	0.147272727273
tut-	0.550908489246	0.329129722039	0.0764641935706	0.0434975951449
siu-	0.042638427378	0.837613738704	0.0326697928636	0.0870780410547
gin-	0.638970343796	0.16906217227	0.0347974449156	0.157170039019
lur-	0.194444444444	0.694444444444	0.0833333333333	0.0277777777777
fig-	0.0	1.0	0.0	0.0
del-	0.211390916704	0.7672923522	0.0106583655481	0.0106583655481
son-	0.0279128512788	0.907293969056	0.0405431007262	0.0242500789391
dok-	0.0961510530138	0.842556281772	0.0235294117647	0.0377632534495
maa-	0.188907563886	0.342286229638	0.329783091042	0.139023115434
jac-	0.0	0.987189751801	0.0	0.0128102481986
aay-	0.614699331849	0.260579064588	0.0445434298441	0.0801781737193
ipu-	0.738476788369	0.135139600198	0.0203205022303	0.106063109202
niy-	0.239250497507	0.0630548040158	0.0972653891733	0.600429309304
pro-	0.019914883219	0.949866623226	0.00704555173187	0.0231729418233
ogo-	0.0114503816794	0.728644129408	0.251908396946	0.00799709196656
pao-	0.731881716873	0.124662818352	0.0772452502637	0.0662102145118
poy-	0.947368421053	0.0526315789473	0.0	0.0
lau-	0.112140081963	0.108680610996	0.177763585076	0.601415721965
tum-	0.240501255631	0.704907043752	0.0208441038722	0.0337475967455
eno-	0.00847457627118	0.991525423729	0.0	0.0
eka-	0.561940430384	0.206197108198	0.069824185743	0.162038275675
ola-	0.0950570342205	0.836501901141	0.0	0.0684410646388
ite-	0.697623581185	0.0991134120615	0.0200324437192	0.183230563035
opi-	0.0476563373979	0.923481373755	0.0221501286497	0.00671216019689
lis-	0.0904985549133	0.82713150289	0.0726156069364	0.00975433526011
ism-	0.020202020202	0.676767676768	0.30303030303	0.0
san-	0.0868960668807	0.62776671428	0.114960540431	0.170376678409
tom-	0.39923060483	0.553323359692	0.0134644154734	0.0339816200043
and-	0.124216027238	0.163329820866	0.348187535201	0.364266616695
pid-	0.279376498801	0.223021582734	0.145083932854	0.352517985611
bap-	0.588693957115	0.391812865497	0.0194931773879	0.0
nun-	0.63412096894	0.245355922128	0.0417595482241	0.0787635607074
euf-	0.0	1.0	0.0	0.0
der-	0.585825039251	0.326447417433	0.0511744002674	0.0365531430481
kat-	0.0362132739343	0.88941195554	0.0239683535594	0.0504064169667
neg-	0.0	0.960784313725	0.0392156862745	0.0
aya-	0.17715027284	0.511312287944	0.247979110965	0.0635583282518
mil-	0.274203423582	0.573777578689	0.101903489503	0.0501155082264
dis-	0.0679854389296	0.823878938207	0.00483911565309	0.10329650721
tib-	0.33800147415	0.66199852585	0.0	0.0
gan-	0.0502153880384	0.884515855897	0.0231565317891	0.0421122242755
ari-	0.0500826332799	0.874083555242	0.0398822046657	0.0359516068127
yau-	0.472710453284	0.382978723404	0.0592044403331	0.0851063829788
ini-	0.742702653676	0.147294927677	0.0326418720326	0.0773605466141
bay-	0.280449871933	0.51120862649	0.0553223196278	0.153019181949
mig-	0.021897810219	0.978102189781	0.0	0.0
iit-	0.492265618323	0.297923254423	0.0658063413383	0.144004785916
lor-	0.000889363215937	0.997331910352	0.0	0.00177872643188
til-	0.114127082048	0.299506477483	0.537322640346	0.0490438001234
paf-	0.0	1.0	0.0	0.0
mar-	0.065747973372	0.643209454018	0.204759891555	0.0862826810544
abr-	0.0127661326854	0.95750113248	0.0250380924927	0.00469464234238
bik-	0.0167597765363	0.983240223464	0.0	0.0
onu-	0.379772524231	0.0803677455487	0.030416703942	0.509443026278
nen-	0.230131012462	0.0237992896954	0.00200373566379	0.744065962179
adm-	0.0	1.0	0.0	0.0
ong-	0.348775836225	0.527576233136	0.074878428116	0.0487695025229
her-	0.0129215253703	0.941800609308	0.0380292047484	0.00724866057358
mul-	0.0253097109365	0.974690289064	0.0	0.0
gaw-	0.592280373659	0.235518775711	0.0314012723349	0.140799578295
ate-	0.32072368421	0.576891447368	0.0197368421053	0.0826480263158
euo-	0.16	0.84	0.0	0.0
naw-	0.307201619311	0.33444333529	0.0507786757141	0.307576369685
kam-	0.0822186375644	0.120820034654	0.131187434196	0.665773893586
ibi-	0.595396931288	0.277018012008	0.0750500333556	0.0525350233489
sin-	0.34250112577	0.167389621053	0.0355419394268	0.454567313751
eks-	0.404761904762	0.380952380952	0.0	0.214285714286
kim-	0.199990494748	0.640416330022	0.0410626871346	0.118530488095
aal-	0.668898173284	0.133854923732	0.0453337630906	0.151913139893
dor-	0.0723793677205	0.825291181364	0.0973377703826	0.00499168053246
tag-	0.0773250926772	0.236764857069	0.043159428879	0.642750621375
pat-	0.358132135574	0.431245468313	0.0303316901767	0.180290705937
alt-	0.00615655233071	0.988566402814	0.00527704485488	0.0
jor-	0.0	1.0	0.0	0.0
inw-	0.881395348837	0.118604651163	0.0	0.0
gen-	0.317749226743	0.213835355698	0.187960980252	0.280454437307
naa-	0.602508570117	0.177753601714	0.0674747252287	0.152263102941
jam-	0.0444444444444	0.855555555556	0.0555555555555	0.0444444444444
aaw-	0.683799491464	0.175444969124	0.0572103160189	0.0835452233927
kid-	0.309956080231	0.171622793521	0.0704954261897	0.447925700059
nig-	0.350260145682	0.357669094693	0.147096774194	0.144973985432
por-	0.0183823529412	0.959558823529	0.0220588235294	0.0
alf-	0.0	1.0	0.0	0.0
pas-	0.14356176236	0.644757976061	0.0486286698971	0.163051591682
cos-	0.0	1.0	0.0	0.0
noe-	0.0	1.0	0.0	0.0
sig-	0.491176470588	0.201176470588	0.0547058823529	0.252941176471
yod-	0.0325157390013	0.0369309967413	0.0109804923305	0.919572771927
bak-	0.0671875743268	0.920244965727	0.0106340045697	0.00193345537631
miu-	0.722610722611	0.230769230769	0.0	0.04662004662
oor-	0.666666666667	0.246376811594	0.0	0.0869565217391
ped-	0.0140241663315	0.948921957788	0.00269291971952	0.0343609561613
say-	0.139384070072	0.0329623481935	0.0125520848558	0.815101496878
gug-	0.744680851064	0.255319148936	0.0	0.0
epa-	0.0691126279864	0.721843003413	0.00255972696246	0.206484641638
sap-	0.0748031496063	0.872047244095	0.0295275590551	0.0236220472441
asi-	0.219070385079	0.372829906252	0.0332857198983	0.374813988771
dia-	0.0917114209016	0.0465179541881	0.00533335887094	0.856437266039
tip-	0.662958144543	0.256830110807	0.030146695976	0.0500650486744
ses-	0.720359281437	0.206586826347	0.0317365269461	0.0413173652695
mah-	0.0	1.0	0.0	0.0
nog-	0.0	0.928057553957	0.0179856115108	0.0539568345324
bir-	0.523837902265	0.268772348033	0.157330154946	0.0500595947557
tol-	0.430335097002	0.299823633157	0.210317460317	0.0595238095238
mel-	0.102465068727	0.517096444394	0.309439963649	0.0709985232307
iim-	0.364021571649	0.601309707242	0.0231124807396	0.0115562403698
kri-	0.0319148936171	0.844777562863	0.11750483559	0.00580270793038
onn-	0.629834187373	0.154355602823	0.10109494344	0.114715266364
mir-	0.398063224545	0.548861678849	0.0237441221658	0.0293309744402
isa-	0.378177192039	0.510420780882	0.0226906315224	0.0887113955562
joe-	0.0	1.0	0.0	0.0
mus-	0.00370828182942	0.951792336218	0.044499381953	0.0
eut-	0.19512195122	0.707317073171	0.0609756097561	0.0365853658537
pud-	0.0869565217391	0.913043478261	0.0	0.0
dio-	0.0262359044732	0.923534522724	0.00673002575628	0.0434995470467
bab-	0.229986024327	0.663949878188	0.0595583263908	0.0465057710941
ita-	0.136891846938	0.092734187648	0.0277751573498	0.742598808064
ook-	0.851724137931	0.0620689655172	0.0551724137931	0.0310344827586
siy-	0.581893294372	0.100710363242	0.232757317749	0.084639024636
tok-	0.168588229938	0.622477638941	0.0943805902647	0.114553540856
aku-	0.781326781327	0.0970515970516	0.0552825552826	0.066339066339
okb-	0.632302405498	0.170103092784	0.111683848797	0.085910652921
ila-	0.344739314956	0.572025068878	0.0348013934259	0.0484342227403
moi-	0.0415475055609	0.947807435653	0.00095328884652	0.00969176993963
kom-	0.411358073992	0.114763620522	0.0108304668899	0.463047838596
kod-	0.00802894257867	0.0123472981489	0.00278294025635	0.976840819016
ali-	0.150172145346	0.146062574178	0.0321120574455	0.67165322303
jud-	0.0194733619106	0.841569708104	0.104980608287	0.0339763216983
tua-	0.234943745864	0.121863535718	0.279187195137	0.364005523282
may-	0.142607781581	0.0120909853966	0.0430392041934	0.802262028829
oni-	0.659075425791	0.296934306569	0.0147931873479	0.029197080292
oks-	0.66935483871	0.016129032258	0.314516129032	0.0
uba-	0.0239594408638	0.954195186584	0.000939585916226	0.0209057866361
dod-	0.575	0.425	0.0	0.0
mal-	0.335717989929	0.188921396034	0.328730264155	0.146630349882
pek-	0.0724637681159	0.913043478261	0.00724637681161	0.00724637681161
eph-	0.0176991150442	0.929203539823	0.0530973451327	0.0
sab-	0.110041944239	0.836664199359	0.0355292376018	0.0177646188009
lyd-	0.0479134466769	0.80370942813	0.0	0.148377125193
aki-	0.350760779319	0.168100322705	0.0297389846148	0.451399913361
ole-	0.118548387097	0.822311827957	0.0389784946237	0.0201612903226
nin-	0.32879898725	0.0901520818182	0.0860475924065	0.495001338526
gra-	0.00208768267223	0.19624217119	0.795407098121	0.0062630480167
hui-	0.0699168556311	0.887377173091	0.021164021164	0.0215419501134
toy-	0.075916204155	0.0131798965547	0.00274263743334	0.908161261857
tub-	0.117812280565	0.306389950846	0.56409456191	0.0117032066786
sir-	0.10388681078	0.174986889828	0.0122512296437	0.708875069749
inl-	0.549058947167	0.305531670966	0.0315276583548	0.113881723512
lim-	0.030708497893	0.689982422362	0.00674497702698	0.272564102718
mab-	0.178743614968	0.376266916981	0.373881915163	0.0711075528881
esr-	0.0	1.0	0.0	0.0
ira-	0.224422836056	0.0389150419208	0.0124732503893	0.724188871634
sak-	0.0516369283798	0.101622985058	0.0637364416158	0.783003644947
apa-	0.364367210025	0.169641975209	0.0693682653642	0.396622549402
ALL	0.228556568352	0.311868648247	0.0577960925014	0.401778690899
ana-	0.100234114184	0.864412430247	0.0159160766878	0.0194373788806
dud-	0.818709171675	0.127515024824	0.0263391690619	0.0274366344395
ine-	0.426758271603	0.123551552556	0.0382455085221	0.411444667318
nii-	0.580538462449	0.181629439	0.0298400243141	0.207992074237
alw-	0.673558215452	0.26768226333	0.0391730141458	0.0195865070729
mae-	0.29453412631	0.23647691872	0.37779665817	0.0911922967997
cil-	0.0	1.0	0.0	0.0
per-	0.0	0.992788461538	0.0	0.00721153846153
ger-	0.0635593220339	0.885593220339	0.0508474576271	0.0
sok-	0.527430760587	0.324166667993	0.0628371248354	0.0855654465845
arm-	0.082064374943	0.88510987508	0.00273547916477	0.0300902708123
aab-	0.619475138121	0.281077348066	0.0248618784531	0.0745856353591
cal-	0.0540540540541	0.945945945946	0.0	0.0
kui-	0.375521557719	0.356050069541	0.150208623088	0.118219749652
big-	0.262230555635	0.31288466493	0.0577534136776	0.367131365757
nis-	0.643531000901	0.213391415138	0.05837629051	0.0847012934511
zor-	0.0	1.0	0.0	0.0
tel-	0.0500834724541	0.0350584307179	0.914858096828	0.0
sob-	0.140785498489	0.797280966767	0.014501510574	0.0474320241692
mii-	0.417156286721	0.365452408931	0.0470035252644	0.170387779083
gas-	0.576470588235	0.238235294118	0.144117647059	0.0411764705882
ata-	0.353511112381	0.382566962129	0.210014234053	0.0539076914364
far-	0.0	1.0	0.0	0.0
dap-	0.245790331342	0.53680065182	0.0325909831613	0.184818033677
ins-	0.177588976043	0.0926080857682	0.00845130596088	0.721351632228
baw-	0.604395604396	0.373626373626	0.021978021978	0.0
oka-	0.0	0.691358024691	0.308641975309	0.0
lev-	0.0588789448893	0.924163918983	0.0113047574188	0.00565237870938
num-	0.0839537462379	0.872802154285	0.0	0.0432440994772
kla-	0.126213592233	0.506450325841	0.106929112914	0.260406969012
adi-	0.0	1.0	0.0	0.0
bin-	0.572386890277	0.29090126858	0.0530928648673	0.0836189762758
kur-	0.0350058343057	0.889148191365	0.0548424737456	0.0210035005835
riy-	0.0	0.97619047619	0.0	0.0238095238095
iku-	0.642141977903	0.195105003322	0.0472918055972	0.115461213178
tek-	0.489795918367	0.0612244897959	0.34693877551	0.102040816327
imn-	0.303595206392	0.688415446072	0.0	0.00798934753662
cau-	0.0	1.0	0.0	0.0
kup-	0.0191110893321	0.958837653746	0.00441025138432	0.0176410055373
jai-	0.0834057341442	0.898349261512	0.00260642919201	0.0156385751521
aas-	0.521056388294	0.269093504639	0.145610278373	0.0642398286938
win-	0.760997067449	0.115835777126	0.0	0.123167155425
tal-	0.18945367103	0.21466105723	0.0495005821494	0.546384689591
gid-	0.0	1.0	0.0	0.0
alp-	0.00709028293605	0.950368019448	0.0425416976163	0.0
paa-	0.538817118859	0.299529597636	0.0981000772882	0.0635532062166
ami-	0.043688299851	0.159348870523	0.0251100463073	0.771852783318
lem-	0.266349583829	0.615933412604	0.0749108204518	0.0428061831153
rod-	0.0366972477064	0.963302752294	0.0	0.0
paw-	0.136416518555	0.180555427652	0.112915058922	0.570112994871
pis-	0.125582038459	0.775833503272	0.0340421382848	0.064542319985
sud-	0.0	0.737373737374	0.262626262626	0.0
lud-	0.32575575705	0.272866613728	0.33157282414	0.069804805082
dak-	0.0683763477768	0.145213928071	0.627318938886	0.159090785266
nie-	0.319565217391	0.354347826087	0.14347826087	0.182608695652
pon-	0.160116502333	0.818261926184	0.0163622703114	0.00525930117152
chi-	0.0	0.998247919404	0.00175208059571	0.0
sik-	0.083218732491	0.0372609520182	0.00487775157833	0.874642563912
bui-	0.08055172031	0.910706232525	0.00124886388078	0.00749318328465
nga-	0.113773675979	0.769443176022	0.0153209484657	0.101462199533
ben-	0.105431582069	0.696194713789	0.0397873778681	0.158586326274
bog-	0.0303272146848	0.119712689545	0.543495610535	0.306464485235
seg-	0.413622091147	0.561140945506	0.0123250286117	0.012911934736
nip-	0.371761780686	0.131663354665	0.0331414841845	0.463433380464
mat-	0.0927076642563	0.490085160518	0.327896234653	0.0893109405725
ome-	0.0185567010309	0.919587628866	0.0618556701031	0.0
pin-	0.594186716518	0.194556969819	0.0596458914999	0.151610422163
gol-	0.0788877319777	0.876033564035	0.0137196055613	0.0313590984259
amp-	0.129917482249	0.139128766072	0.651506428708	0.0794473229706
bun-	0.129568191015	0.749018259363	0.0232558291565	0.0981577204659
ili-	0.131393559326	0.830896014802	0.0322554586072	0.00545496726445
map-	0.243469490374	0.259656339986	0.366798913686	0.130075255954
igg-	0.758620689655	0.241379310345	0.0	0.0
gat-	0.206255330847	0.770059846472	0.0118424113405	0.0118424113405
its-	0.761194029851	0.208955223881	0.0	0.0298507462687
kie-	0.0443358345696	0.891410963554	0.0445608895674	0.0196923123088
cua-	0.0	1.0	0.0	0.0
bee-	0.0181333333333	0.981866666667	0.0	0.0
sat-	0.140783826079	0.24436037897	0.0161341907891	0.598721604161
pur-	0.0660961935674	0.126290941281	0.781941575686	0.0256712894659
eya-	0.537931034483	0.365517241379	0.0137931034483	0.0827586206897
peg-	0.0511445658899	0.420499071974	0.0259847391215	0.502371623015
ani-	0.753142014724	0.197800455539	0.0204343768583	0.0286231528788
dik-	0.0809595691518	0.887912636975	0.0204788117585	0.0106489821144
nad-	0.815303370258	0.0968210276701	0.0280085112958	0.059867090776
yad-	0.279231966263	0.371784692285	0.00747336162747	0.341509979825
kis-	0.646706586827	0.25748502994	0.0718562874252	0.0239520958084
kae-	0.25656877898	0.488408037094	0.190108191654	0.064914992272
abi-	0.632820116997	0.196635318492	0.0738848716282	0.0966596928827
aka-	0.535285722074	0.276394829842	0.105830724349	0.0824887237351
eub-	0.0806451612903	0.91935483871	0.0	0.0
sav-	0.219512195122	0.268292682927	0.109756097561	0.40243902439
ded-	0.743145969552	0.2136721653	0.027511026989	0.0156708381583
mom-	0.698113207547	0.0	0.0377358490566	0.264150943396
ban-	0.18718952463	0.677410720777	0.045166662628	0.0902330919657
cus-	0.0	1.0	0.0	0.0
ise-	0.57659966365	0.253623768719	0.00960999439416	0.160166573236
odi-	0.0431469467614	0.0684790443826	0.00257440016476	0.885799608691
iin-	0.118585808986	0.86079057206	0.010311809477	0.010311809477
ter-	0.0909990108803	0.897131552918	0.0118694362018	0.0
nag-	0.515460017449	0.195728941666	0.126974343678	0.161836697207
iyi-	0.534932221064	0.41605839416	0.0302398331595	0.0187695516163
onm-	0.215245747161	0.382036403313	0.244408074195	0.158309775331
dab-	0.010982904586	0.89017095414	0.0027457261465	0.0961004151277
tra-	0.471082470022	0.462843625092	0.0146830899747	0.0513908149115
puy-	0.183856502242	0.596412556054	0.132286995516	0.0874439461883
nam-	0.587024116295	0.250253693101	0.0855012131414	0.0772209774632
arq-	0.224376731302	0.775623268698	0.0	0.0
ale-	0.0756457564575	0.837638376384	0.0867158671586	0.0
ker-	0.650724726785	0.207947970903	0.048709588772	0.0926177135405
sid-	0.0395658263305	0.957282913165	0.0031512605042	0.0
bon-	0.0737074865747	0.926292513425	0.0	0.0
oli-	0.129829663482	0.704265337211	0.0883534136547	0.077551585653
luc-	0.00796812749004	0.98406374502	0.0	0.00796812749004
mod-	0.237319215322	0.0546099416098	0.00784835200277	0.700222491066
jec-	0.0	1.0	0.0	0.0
dec-	0.0	0.805128205128	0.0	0.194871794872
kon-	0.0289988636885	0.124330818651	0.0147889379709	0.83188137969
eli-	0.0116447157083	0.974970553592	0.000803083841954	0.0125816468573
col-	0.0	1.0	0.0	0.0
waw-	0.152941176471	0.847058823529	0.0	0.0
tuk-	0.389552748378	0.569477637419	0.0225332878116	0.0184363263913
ene-	0.0168539325843	0.983146067416	0.0	0.0
pan-	0.230763063745	0.503129142173	0.0840114694758	0.182096324606
nim-	0.451776649746	0.472081218274	0.0456852791878	0.0304568527919
tor-	0.0	0.936201239519	0.051039008385	0.0127597520962
sen-	0.150759438494	0.695866797488	0.0793012075317	0.0740725564856
jod-	0.0	1.0	0.0	0.0
lin-	0.646431915875	0.150123132793	0.0306845399349	0.172760411397
aye-	0.0237274730241	0.936627874131	0.0190667193944	0.0205779334501
itd-	0.683992789875	0.208992413001	0.0273933071604	0.0796214899633
ina-	0.44110298219	0.263716855181	0.184566175469	0.11061398716
cre-	0.0	0.984056687334	0.0	0.0159433126661
ool-	0.432666060055	0.381483166515	0.0682438580528	0.117606915378
mai-	0.0799412160824	0.439842645753	0.431257831731	0.0489583064338
tru-	0.194187582563	0.79392338177	0.00792602377807	0.00396301188903
ese-	0.281368821293	0.292775665399	0.403041825095	0.0228136882129
rab-	0.0811244979919	0.780722891566	0.0	0.138152610442
ape-	0.383164005805	0.458151910982	0.127721335269	0.0309627479439
ipo-	0.734724429823	0.165915055632	0.0671459727202	0.0322145418253
got-	0.0741350906095	0.866556836903	0.0395387149918	0.0197693574959
pae-	0.705237038004	0.153715554395	0.0626877367115	0.0783596708893
lab-	0.292482513902	0.127217096544	0.0368382044548	0.543462185099
isp-	0.0167298596341	0.93354432554	0.0281693735112	0.0215564413149
yor-	0.146819526627	0.799186390533	0.028476331361	0.0255177514793
nal-	0.66396930649	0.195840334224	0.0862045015332	0.0539858577532
awi-	0.710411100118	0.0664924867637	0.0358431432955	0.187253269823
iba-	0.627853878689	0.131857999803	0.0363650904671	0.203923031041
ino-	0.665824153992	0.257047305799	0.0456722809651	0.0314562592437
bas-	0.288990825688	0.547699254587	0.0541857798165	0.109124139908
mim-	0.453225326732	0.421855590741	0.0934268768479	0.0314922056791
dir-	0.0345741324921	0.909274447949	0.0341955835962	0.0219558359622
mid-	0.0944424559919	0.0387205934989	0.015862428009	0.8509745225
teo-	0.165094339623	0.679245283019	0.11320754717	0.0424528301887
men-	0.0	1.0	0.0	0.0
ang-	0.216875524168	0.249905573754	0.0281278901701	0.505091011908
pun-	0.138936210486	0.831913685406	0.0121143289797	0.0170357751277
dug-	0.201007838746	0.231522956327	0.192329227324	0.375139977604
ito-	0.478704311757	0.31958827466	0.139002717621	0.0627046959616
day-	0.0543182786159	0.315982233458	0.0106968245152	0.619002663411
eek-	0.981735159817	0.0182648401826	0.0	0.0
cai-	0.00277906438166	0.988883742473	0.00277906438166	0.00555812876332
sod-	0.00473983568569	0.995260164314	0.0	0.0
ont-	0.295508071215	0.133705052445	0.122501702888	0.448285173452
jot-	0.0	1.0	0.0	0.0
obu-	0.197802197802	0.703296703297	0.0824175824175	0.0164835164835
har-	0.0588235294117	0.941176470588	0.0	0.0
kan-	0.161221769628	0.165668387015	0.0194075790375	0.653702264319
zab-	0.0	1.0	0.0	0.0
agi-	0.0228199821875	0.881210678147	0.0239923349164	0.0719770047492
lig-	0.194095874334	0.716529746321	0.0622912340886	0.0270831452559
gap-	0.274812013703	0.647580130066	0.0240607943328	0.0535470618976
bia-	0.115384615385	0.8	0.0692307692308	0.0153846153846
osi-	0.630662912721	0.175838239058	0.0573329920655	0.136165856156
sio-	0.0744873053268	0.262569402728	0.00554726074437	0.657396031201
bum-	0.0632396449704	0.897559171598	0.00702662721894	0.032174556213
ros-	0.0518918918919	0.87027027027	0.0194594594594	0.0583783783784
mum-	0.717647058824	0.117647058824	0.117647058824	0.0470588235294
daw-	0.321036882825	0.387790130426	0.223979220576	0.0671937661727
log-	0.302325581395	0.42177589852	0.18710359408	0.0887949260042
eey-	0.453885535264	0.491098036219	0.0	0.0550164285168
kum-	0.0424560443081	0.20306102838	0.706785396053	0.0476975312596
tod-	0.0433940144733	0.00275651388553	0.001961989295	0.951887482346
met-	0.0536865826459	0.0386712697994	0.0669211175853	0.840721029969
tao-	0.0079693645208	0.981887807907	0.0	0.0101428275719
on--	0.227488151659	0.687203791469	0.085308056872	0.0
mna-	0.11320754717	0.88679245283	0.0	0.0
nef-	0.0	1.0	0.0	0.0
ces-	0.0	0.942702702703	0.0	0.0572972972973
lol-	0.652884615385	0.320192307692	0.0269230769231	0.0
omb-	0.543183575981	0.283707673697	0.0918984159645	0.081210334357
beb-	0.64845119813	0.228813559322	0.0490940970193	0.0736411455289
pib-	0.332427690044	0.441727514575	0.151355634799	0.0744891605819
igo-	0.0	0.976086090076	0.0239139099243	0.0
tit-	0.256270639542	0.701454536288	0.0137638962414	0.0285109279286
bub-	0.0954545454545	0.611111111111	0.222727272727	0.070707070707
ele-	0.0714285714285	0.928571428571	0.0	0.0
lai-	0.436723602485	0.125776397516	0.146739130435	0.290760869565
nit-	0.554759444517	0.261338905563	0.0855258532273	0.0983757966924
sug-	0.0609756097561	0.81881533101	0.0627177700348	0.0574912891986
bob-	0.376385504284	0.360144642717	0.0198097633834	0.243660089616
lay-	0.544531032504	0.0897054754671	0.0186526637517	0.347110828277
kiw-	0.249130870308	0.535560662306	0.163337458017	0.0519710093689
bem-	0.502415458937	0.151368760064	0.0676328502415	0.278582930757
has-	0.0434782608696	0.87922705314	0.0676328502415	0.00966183574878
mem-	0.297709923664	0.206106870229	0.473282442748	0.0229007633588
par-	0.0497562048219	0.53600625377	0.0298969156733	0.384340625735
too-	0.0469713950949	0.655731349581	0.0446614486877	0.252635806636
ala-	0.331300444154	0.533673845218	0.0500627523883	0.0849629582399
jul-	0.0137931034483	0.986206896552	0.0	0.0
gob-	0.0630995523342	0.91771477297	0.00447665742912	0.0147090172671
orn-	0.0	0.890410958904	0.109589041096	0.0
nah-	0.0	1.0	0.0	0.0
zac-	0.0428033866416	0.870649106303	0.0065851364064	0.0799623706491
zeu-	0.0198675496689	0.980132450331	0.0	0.0
pom-	0.0530973451327	0.814159292035	0.132743362832	0.0
seb-	0.311334641806	0.23233562316	0.257605495584	0.19872423945
feb-	0.037037037037	0.962962962963	0.0	0.0
tha-	0.148514851485	0.712871287129	0.0	0.138613861386
anu-	0.574485698517	0.309368279826	0.0127385959237	0.103407425733
sag-	0.188204437513	0.630325370384	0.133976040264	0.0474941518395
bib-	0.128449888373	0.778527323558	0.0374906977212	0.0555320903478
gay-	0.0161290322581	0.983870967742	0.0	0.0
aam-	0.405405405405	0.108108108108	0.227027027027	0.259459459459
ipa-	0.583153548174	0.250818449878	0.0623388803579	0.10368912159
kin-	0.280636896372	0.11651937182	0.0389780900927	0.563865641715
reu-	0.0	1.0	0.0	0.0
ona-	0.375243252545	0.168769943047	0.292018753558	0.163968050849
dan-	0.0865811069653	0.271487072061	0.0041318987578	0.637799922216
lug-	0.150095436405	0.737810168315	0.0	0.11209439528
lib-	0.072936613171	0.634299066015	0.022329482096	0.270434838718
gre-	0.0	1.0	0.0	0.0
aru-	0.11751828607	0.340368951752	0.191109624126	0.351003138051
kag-	0.0931730106262	0.765466082173	0.111398368318	0.029962538883
cri-	0.0166101183744	0.949528764231	0.00750961320968	0.0263515041846
mis-	0.420690257182	0.446081159231	0.0975482012505	0.0356803823366
elm-	0.0	1.0	0.0	0.0
ran-	0.133997493067	0.0366239649223	0.00367812531761	0.825700416693
din-	0.581355327411	0.242756914296	0.0652677855098	0.110619972783
bla-	0.262721893491	0.588165680473	0.104142011834	0.0449704142012
kia-	0.437636761488	0.398249452954	0.0590809628008	0.105032822757
yon-	0.0385231431144	0.032297475828	0.0121590497235	0.917020331334
yin-	0.277340332458	0.604549431321	0.10498687664	0.01312335958
agr-	0.00570613409415	0.941512125535	0.0470756062768	0.00570613409414
was-	0.240566037736	0.759433962264	0.0	0.0
miy-	0.0577981651376	0.0521406727829	0.0131498470948	0.876911314985
pig-	0.099921284071	0.0986692334816	0.165176000199	0.636233482248
sos-	0.4	0.573626373626	0.0197802197802	0.0065934065934
don-	0.485981308411	0.514018691589	0.0	0.0
nep-	0.331862961082	0.0382588281195	0.0402600591288	0.58961815167
tat-	0.775473227556	0.105050670307	0.0591773328999	0.0602987692376
jan-	0.0	0.843342036554	0.0548302872063	0.10182767624
bit-	0.125430436747	0.819671024271	0.0390833969575	0.0158151420246
eba-	0.808610131989	0.100798878226	0.0199912522191	0.0705997375666
leg-	0.193987235472	0.121598925092	0.0381256298287	0.646288209607
rig-	0.128148148148	0.724814814815	0.119259259259	0.0277777777778
cef-	0.125654450262	0.821989528796	0.0	0.0523560209424
kip-	0.270330099616	0.272674002214	0.153395403346	0.303600494824
pot-	0.656691517211	0.194804650412	0.0713029663459	0.0772008660314
pip-	0.41708489055	0.32877736252	0.0760277629471	0.178109983983
mam-	0.516556354002	0.323451649468	0.0828896700944	0.0771023264346
esa-	0.0	1.0	0.0	0.0
jua-	0.0209430979979	0.934360730594	0.00974710221285	0.0349490691956
sad-	0.00618811881188	0.983910891089	0.00742574257426	0.00247524752475
sia-	0.10344326222	0.0101256221104	0.00322340342227	0.883207712247
sis-	0.739540371743	0.18677559169	0.0283936121998	0.0452904243677
gil-	0.0668268375155	0.410927211248	0.0249154653853	0.497330485852
mag-	0.464626793705	0.193385486092	0.137049650946	0.204938069257
aug-	0.05	0.95	0.0	0.0
pai-	0.600292448533	0.321661545993	0.0260153351579	0.0520306703157
ama-	0.115135371982	0.596196919164	0.231085747762	0.0575819610919
nai-	0.664795089784	0.155782045577	0.0361407949819	0.143282069658
abu-	0.11965428286	0.818031833529	0.0242538101019	0.0380600735088
fri-	0.0	0.964788732394	0.0352112676056	0.0
reg-	0.189189189189	0.810810810811	0.0	0.0
ink-	0.677459620584	0.137060666597	0.0239841294318	0.161495583387
pla-	0.175507347796	0.728761371589	0.0557032890133	0.0400279916025
mac-	0.020623872132	0.94689352926	0.0286156225831	0.00386697602475
lam-	0.0798935543907	0.522350826797	0.0510693482786	0.346686270534
ico-	0.0	1.0	0.0	0.0
ika-	0.50612644978	0.313703019822	0.10300744023	0.0771630901674
bet-	0.0358300907912	0.92266536965	0.0184824902724	0.0230220492866
nar-	0.608072045206	0.129383159518	0.212560468328	0.0499843269483
sal-	0.125335166162	0.727551007712	0.017198858339	0.129914967788
asu-	0.437628265572	0.323312441067	0.0676687558933	0.171390537467
isk-	0.00836386808985	0.929982475705	0.0578301736499	0.00382348255536
anl-	0.0244389704599	0.251701999728	0.622611866478	0.101247163334
gab-	0.0	1.0	0.0	0.0
nub-	0.0635589528395	0.925141677767	0.0	0.0112993693937
bis-	0.25038865138	0.542751651768	0.0653905946366	0.141469102215
den-	0.831369259933	0.126390141705	0.00732619029779	0.0349144080645
ind-	0.571240817668	0.281841864395	0.0901218052524	0.0567955126851
yan-	0.104388217064	0.0640248997326	0.00391194701021	0.827674936194
sim-	0.0621598783167	0.900050701369	0.00845022815616	0.0293391921582
gua-	0.0680577849118	0.894275013376	0.00770465489567	0.0299625468164
yun-	0.0	0.913793103448	0.0655172413793	0.0206896551725
eme-	0.276785714286	0.0357142857143	0.607142857143	0.0803571428572
min-	0.154566237516	0.146600890386	0.0548911081699	0.643941763927
apr-	0.246753246753	0.699443413729	0.0157699443414	0.0380333951762
est-	0.0533005330054	0.845428454284	0.0356703567036	0.0656006560066
aap-	0.830882352941	0.169117647059	0.0	0.0
inr-	0.448275862069	0.505747126437	0.0459770114943	0.0
sul-	0.410123311064	0.508261636763	0.00578687403651	0.0758281781359
age-	0.0130809167803	0.90959992708	0.00298561880438	0.0743335373351
tab-	0.313434047769	0.644341676366	0.0146160954918	0.0276081803734
lok-	0.349534311815	0.217564563058	0.371058107252	0.0618430178754
tid-	0.159055425449	0.19906323185	0.0292740046838	0.612607338017
gal-	0.224637434466	0.741301831552	0.0181282767073	0.0159324572751
see-	0.410256410256	0.435897435897	0.100591715976	0.0532544378698
nac-	0.0	1.0	0.0	0.0
ida-	0.614279018903	0.3079206374	0.0159350101547	0.0618653335416
kar-	0.0861102847864	0.74591895845	0.0928219632685	0.0751487934952
sel-	0.122345337027	0.798707294552	0.0	0.078947368421
kay-	0.210602922371	0.0978447089415	0.016707046008	0.67484532268
ibe-	0.571078431372	0.286151960784	0.0526960784314	0.0900735294118
suk-	0.224489795918	0.67625231911	0.0602968460111	0.038961038961
bii-	0.0211395448827	0.670067837636	0.0132570027231	0.295535614759
ons-	0.638544449133	0.144499816366	0.0431025692166	0.173853165284
lil-	0.412454873646	0.44505866426	0.0670126353791	0.0754738267148
ati-	0.513456966451	0.281596966139	0.0686272980675	0.136318769343
imo-	0.0492700729927	0.76094890511	0.189781021898	0.0
ray-	0.16311901789	0.0269914840409	0.00918714820338	0.800702349866
ung-	0.139534883721	0.766279069767	0.0558139534884	0.0383720930233
lae-	0.639180024661	0.055487053021	0.00231196054254	0.303020961776
not-	0.380952380952	0.476190476191	0.111111111111	0.031746031746
lop-	0.353423792995	0.198800883559	0.435468602083	0.0123067213632
oma-	0.382358100888	0.567739980543	0.00971245394957	0.0401894646189
eel-	0.381818181818	0.563636363636	0.0545454545454	0.0
giw-	0.74	0.193333333333	0.0533333333333	0.0133333333333
mun-	0.0203267298845	0.958313773355	0.00708853628768	0.0142709604732
era-	0.139173878134	0.779073634012	0.0788327561457	0.00291973170909
tay-	0.0997553927607	0.0214109135681	0.00636555966283	0.872468134008
lel-	0.278948090376	0.0977053163763	0.0220454233701	0.601301169877
gir-	0.162575124783	0.657736579403	0.162575124784	0.0171131710299
esl-	0.0	1.0	0.0	0.0
kak-	0.155237324383	0.6587663736	0.115563831051	0.0704324709656
one-	0.54051392767	0.340618493285	0.0366912680214	0.082176311023
nob-	0.0643564356435	0.76402640264	0.0247524752475	0.146864686469
aan-	0.631227270625	0.229729680601	0.0955795197792	0.0434635289943
gog-	0.383473527956	0.53488372093	0.0519544779812	0.0296882731321
saf-	0.0457424349049	0.532019704433	0.327234342013	0.0950035186489
imb-	0.693718750696	0.120523695291	0.0375688594704	0.148188694543
sil-	0.0671787311959	0.610636951064	0.0885605407265	0.233623777014
ake-	0.15306122449	0.734693877551	0.0510204081633	0.0612244897959
lal-	0.104475029039	0.443666040177	0.168665758345	0.28319317244
bua-	0.289855072464	0.32270531401	0.36231884058	0.0251207729469
ngi-	0.210343391923	0.700535211098	0.0582879278822	0.0308334690971
ipe-	0.553145336226	0.212581344902	0.0683297180043	0.165943600868
did-	0.555555555556	0.444444444444	0.0	0.0
kib-	0.666098807496	0.212947189097	0.0698466780239	0.0511073253833
nib-	0.577952805599	0.229803535478	0.0591476229244	0.133096035999
asn-	0.0562947799386	0.903787103378	0.00460593654043	0.0353121801433
tik-	0.0487363230082	0.874788102943	0.0556711357683	0.0208044382802
egi-	0.00836730315383	0.910534220124	0.0772366444969	0.00386183222485
iny-	0.738078549734	0.1356859155	0.0301820938649	0.0960534409018
sau-	0.0409539869911	0.9462780053	0.0	0.012768007709
mao-	0.0826870806963	0.184568608712	0.623981046337	0.108763264254
esm-	0.0	1.0	0.0	0.0
pri-	0.0708476912474	0.90916609235	0.00689179875947	0.013094417643
tro-	0.0266330944734	0.960145476484	0.00542173708923	0.00779969195293
ser-	0.254399387911	0.745600612089	0.0	0.0
dag-	0.125171417445	0.700921538352	0.126212776991	0.0476942672127
kit-	0.354202951691	0.453295444129	0.123201026675	0.0693005775048
pop-	0.42743926205	0.327010523581	0.190983500065	0.0545667143042
baa-	0.031914893617	0.925531914894	0.031914893617	0.0106382978723
ela-	0.0	1.0	0.0	0.0
iyo-	0.356545275591	0.35999015748	0.0708661417323	0.212598425197
uri-	0.0	1.0	0.0	0.0
ide-	0.516441005803	0.174081237911	0.263056092843	0.0464216634429
tiy-	0.295194508009	0.272311212815	0.1647597254	0.267734553776
bai-	0.142061281337	0.690807799443	0.066852367688	0.100278551532
arp-	0.0407055630936	0.959294436906	0.0	0.0
itu-	0.550983095827	0.168014455223	0.087960401004	0.193042047946
had-	0.0184569952012	0.800664451827	0.143964562569	0.0369139904024
kad-	0.245431004432	0.138399482098	0.030725561476	0.585443951994
onl-	0.670540728202	0.104638462389	0.0199279559054	0.204892853503
fen-	0.0214899713467	0.895415472779	0.0659025787965	0.0171919770773
tam-	0.122668789409	0.0948422476453	0.00723581969291	0.775253143253
upa-	0.326749544015	0.520375347989	0.0856772583277	0.0671978496688
tir-	0.0134261561413	0.986573843859	0.0	0.0
man-	0.475081221598	0.291990930908	0.0917222320222	0.141205615473
koy-	0.00856169348169	0.00828550982099	0.0002761836607	0.982876613037
lek-	0.0	0.0	0.0	1.0
rob-	0.0	1.0	0.0	0.0
fle-	0.0	1.0	0.0	0.0
mug-	0.202247191011	0.219101123596	0.191011235955	0.387640449438
daa-	0.0405659765042	0.0345297592004	0.897643928085	0.0272603362108
tap-	0.0433272925976	0.177971142806	0.0264224549366	0.75227910966
bam-	0.730769230769	0.153846153846	0.115384615385	0.0
lup-	0.188079470199	0.731727874774	0.0469596628537	0.0332329921734
sol-	0.0641394469939	0.890509428869	0.0184643862558	0.0268867378813
ame-	0.0	0.0515114873035	0.00145102781136	0.947037484885
dom-	0.0787554874487	0.507778203445	0.195852462208	0.217613846898
ike-	0.0122511485452	0.90045941807	0.0872894333843	0.0
iso-	0.617871502421	0.278739640601	0.0582588003611	0.0451300566177
teg-	0.40350877193	0.59649122807	0.0	0.0
bos-	0.22407066113	0.743501809985	0.00726946801375	0.0251580608711
pam-	0.379933944247	0.449219098739	0.0758623227409	0.0949846342731
laz-	0.0454093470334	0.894928737156	0.0238647663242	0.0357971494862
agw-	0.632107023411	0.247491638796	0.0	0.120401337793
job-	0.0	1.0	0.0	0.0
dae-	0.923076923077	0.0769230769231	0.0	0.0
siw-	0.374256563996	0.625743436004	0.0	0.0
lua-	0.305975521958	0.613750899928	0.0352771778258	0.044996400288
joa-	0.0	1.0	0.0	0.0
aqu-	0.0	1.0	0.0	0.0
ket-	0.540466392318	0.377229080933	0.0164609053498	0.0658436213992
dru-	0.0	1.0	0.0	0.0
nil-	0.680170373648	0.205984443778	0.0380787637107	0.075766418864
nia-	0.576941059895	0.221074200518	0.0565006045433	0.145484135044
dob-	0.415413831303	0.128817850926	0.235005538851	0.220762778921
taw-	0.0931440956971	0.857532968654	0.030090851641	0.0192320840079
mon-	0.141096979332	0.0332633053221	0.0275380422439	0.798101673102
alo-	0.346494038821	0.510721106511	0.0942128806461	0.048571974022
ano-	0.317100058362	0.450100512288	0.122235912068	0.110563517282
pit-	0.0847441167902	0.126080341825	0.0323050529246	0.75687048846
lap-	0.0944984476737	0.0722814580768	0.00633793101303	0.826882163236
kot-	0.756550218341	0.243449781659	0.0	0.0
las-	0.0282933939212	0.160629313671	0.0428687786685	0.768208513739
esp-	0.0	1.0	0.0	0.0
sip-	0.182670247209	0.644977915327	0.129668015812	0.0426838216507
pad-	0.345287012825	0.501307433694	0.0139459594073	0.139459594073
lio-	0.0281751192024	0.882964889467	0.0845253576072	0.00433463372346
sea-	0.0	1.0	0.0	0.0
cle-	0.00464037122969	0.990719257541	0.00464037122969	0.0
reb-	0.248937462052	0.502125075896	0.212507589557	0.0364298724955
inn-	0.604941566736	0.215697862849	0.0312279564563	0.148132613959
dum-	0.0464120145025	0.852660271421	0.0699863710751	0.0309413430017
ema-	0.0553505535056	0.856088560886	0.0885608856089	0.0
adr-	0.0866425992779	0.891696750903	0.0216606498195	0.0
dib-	0.0	0.89247311828	0.10752688172	0.0
zeb-	0.00185873605948	0.998141263941	0.0	0.0
ing-	0.301005750515	0.108507366226	0.0256390902958	0.564847792963
iir-	0.509433962264	0.415094339623	0.0377358490566	0.0377358490566
mib-	0.160947696014	0.666077703042	0.13504668206	0.0379279188837
pet-	0.217395079092	0.301974266813	0.209928634683	0.270702019413
rad-	0.0940528663604	0.0218727596187	0.00298717506174	0.881087198959
apo-	0.0602918517176	0.890800326294	0.029112662014	0.0197951599746
fan-	0.0	1.0	0.0	0.0
pum-	0.0833675003416	0.861008610086	0.0519338526718	0.00369003690037
amb-	0.0974502037551	0.382640819591	0.419697604448	0.100211372206
lot-	0.0	1.0	0.0	0.0
gag-	0.574121094962	0.196718005017	0.047128669849	0.182032230172
atu-	0.790157544259	0.156244924476	0.00974500568459	0.0438525255806
aro-	0.342859481414	0.602804941712	0.00957239636309	0.0447631805111
awa-	0.652056948026	0.150202672883	0.0823290390259	0.115411340065
iib-	0.835266821346	0.164733178654	0.0	0.0
ima-	0.244284739025	0.0554037428435	0.0105298508153	0.689781667317
nay-	0.22620269086	0.106289611174	0.205308671718	0.462199026248
kao-	0.0670136979374	0.42816010215	0.402657412499	0.102168787413
ibo-	0.70905312529	0.155637596359	0.119665412836	0.015643865515
kuy-	0.467213114754	0.0737704918033	0.372950819672	0.0860655737705
ado-	0.923611111111	0.0763888888889	0.0	0.0
rub-	0.0	1.0	0.0	0.0
jon-	0.00618409782595	0.988515246895	0.0	0.00530065527937
mik-	0.507885341966	0.390158949782	0.0315841052736	0.0703716029781
fes-	0.0	1.0	0.0	0.0
tis-	0.215725806452	0.754032258065	0.0241935483871	0.00604838709677
lep-	0.056640625	0.1953125	0.68359375	0.064453125
tog-	0.0	1.0	0.0	0.0
bul-	0.0241622865985	0.378786854115	0.587109479613	0.00994137967413
ilo-	0.100122984652	0.857422039524	0.0159206159341	0.0265343598902
ony-	0.190984402983	0.140431754607	0.0925233466815	0.576060495729
dav-	0.00250969655487	0.985512206251	0.00479123887748	0.00718685831622
ebe-	0.0	1.0	0.0	0.0
dot-	0.183660899266	0.591242510779	0.218377288762	0.00671930119267
tae-	0.0847457627118	0.64406779661	0.271186440678	0.0
jop-	0.0137254901961	0.982352941176	0.0	0.00392156862745
tan-	0.014762844208	0.0104135495432	0.00100074135229	0.973822864897
loo-	0.182343446121	0.152435814324	0.0391575045357	0.626063235019
ley-	0.0794701986755	0.437086092715	0.46357615894	0.0198675496689
dep-	0.116279069767	0.53488372093	0.046511627907	0.302325581395
bar-	0.0401845021495	0.923385399906	0.0198447079403	0.0165853900042
moy-	0.147294177183	0.0728089319037	0.0184078185786	0.761489072335
abo-	0.312831389183	0.550371155886	0.114528101803	0.0222693531283
aga-	0.189489628956	0.601774660344	0.0529885088591	0.155747201841
ipi-	0.537983321467	0.338957109686	0.0358109856435	0.0872485832041
ikn-	0.0	1.0	0.0	0.0
pia-	0.0593471139599	0.0585732176518	0.00566017591737	0.876419492471
mau-	0.0895105026358	0.130106816539	0.595409570519	0.184973110306
bue-	0.0138522427441	0.96635883905	0.00791556728232	0.0118733509235
pag-	0.487028866399	0.336468621281	0.0693861063943	0.107116405926
buw-	0.0519855595668	0.896028880866	0.0519855595668	0.0
bel-	0.0722891566265	0.710843373494	0.0361445783133	0.180722891566
akb-	0.417910447761	0.134328358209	0.44776119403	0.0
wal-	0.215909915165	0.085271994673	0.0139924213493	0.684825668812
ton-	0.127598528757	0.0268797449646	0.00971349674657	0.835808229532
ord-	0.245901639344	0.16393442623	0.55737704918	0.0327868852459
ant-	0.120785949909	0.179427965248	0.0513045957513	0.648481489092
lid-	0.0	1.0	0.0	0.0
gun-	0.479131886478	0.385642737896	0.085141903172	0.0500834724541
ori-	0.0454545454546	0.5	0.454545454545	0.0
boy-	0.0609137055838	0.908629441624	0.0	0.0304568527919
nak-	0.38761771768	0.180815193467	0.0765179979945	0.355049090858
nan-	0.437384998269	0.186360469455	0.0597412693855	0.31651326289
pol-	0.244424226031	0.642830796469	0.0585241104581	0.0542208670421
geb-	0.881516587678	0.0189573459715	0.0995260663507	0.0
ile-	0.816513761468	0.091743119266	0.0	0.091743119266
kua-	0.602182555162	0.229995739197	0.0217490456376	0.146072660003
sar-	0.0293591696713	0.0628062724599	0.0100254040663	0.897809153803
lao-	0.0	1.0	0.0	0.0
olu-	0.321134492223	0.545288197621	0.0347666971638	0.0988106129918
kio-	0.244854506742	0.657203690561	0.0425833924769	0.05535841022
yaw-	0.711267605634	0.288732394366	0.0	0.0
kah-	0.125	0.875	0.0	0.0
teu-	0.0549450549451	0.945054945055	0.0	0.0
dam-	0.0587392550144	0.929441260745	0.00537249283668	0.00644699140401
put-	0.0	1.0	0.0	0.0
nap-	0.488930709373	0.266460348201	0.172864219976	0.0717447224497
gaz-	0.0	1.0	0.0	0.0
art-	0.0101351351351	0.976351351351	0.0	0.0135135135135
ibu-	0.628543499511	0.333333333333	0.00586510263929	0.0322580645161
raq-	0.514905149052	0.485094850948	0.0	0.0
nab-	0.467021501197	0.33921745846	0.144136559696	0.0496244806466
dus-	0.380924834593	0.397809031418	0.0743338515493	0.14693228244
bal-	0.0652452857087	0.218498855713	0.0719286146168	0.644327243962
pok-	0.345282415869	0.619571189881	0.0157187391368	0.0194276551129
