-ũro	0.489787406084	0.229157487323	0.207263263725	0.0737918428683
-ivy	0.486569147587	0.248805526532	0.0401708274582	0.224454498423
-noa	0.304636576967	0.33406107874	0.254552208666	0.106750135627
-eus	0.181818181818	0.0519480519481	0.714285714286	0.0519480519481
-cas	0.418960244648	0.544342507645	0.0	0.0366972477064
-car	0.0	0.90243902439	0.0487804878049	0.0487804878049
-hei	0.367397542493	0.297429756096	0.141985681826	0.193187019585
-rbe	0.0142517814727	0.985748218527	0.0	0.0
-ivĩ	0.15	0.3625	0.3375	0.15
-ivi	0.442653913461	0.232189690736	0.236134041864	0.0890223539395
-hea	0.263050021672	0.49703968407	0.101133731129	0.138776563129
-ivo	0.101841883202	0.433759129397	0.0427735909448	0.421625396456
-yrỹ	0.805330243337	0.0625724217845	0.0139049826188	0.11819235226
-umi	0.400424726696	0.40068088482	0.136590122212	0.0623042662722
-yti	0.516225735525	0.368685079282	0.0726879064376	0.0424012787553
-plo	0.124982145408	0.820597057563	0.00728467361805	0.0471361234109
-zio	0.0661567087037	0.933843291296	0.0	0.0
-nso	0.0151553422581	0.969689315484	0.0151553422582	0.0
-otĩ	0.364572285884	0.255955922295	0.28867792752	0.0907938643007
-oga	0.347822201289	0.317631825484	0.0624472476859	0.272098725542
-aum	0.0282776349615	0.967866323907	0.0	0.00385604113111
-mbe	0.333152377629	0.438067910091	0.116005532074	0.112774180206
-nto	0.0451416719946	0.640865781964	0.0078594039952	0.306133142046
-nta	0.0625534153043	0.134642134819	0.0152721342796	0.787532315597
-éia	0.0128456318364	0.943751703019	0.0211498786801	0.0222527864641
-nte	0.0882741754247	0.516879833433	0.0124347280058	0.382411263137
ALL	0.228757663529	0.30829086406	0.058262761323	0.404688711087
-a'õ	0.282238042156	0.377647446291	0.0677188893393	0.272395622213
-uas	0.137517630465	0.492242595204	0.0581805359661	0.312059238364
-a'ã	0.41390866854	0.434664328616	0.142823195864	0.00860380697973
-dro	0.024162927166	0.816764468991	0.153319525946	0.00575307789668
-yrẽ	0.68316256086	0.161180146792	0.103771528232	0.051885764116
-e'ã	0.296002050231	0.591536391594	0.112461558175	0.0
-opy	0.458066158013	0.426223465264	0.0495901614529	0.0661202152705
-iva	0.337149236636	0.483262317722	0.113490503014	0.0660979426277
-bya	0.173203682162	0.365872645865	0.212596577383	0.24832709459
-aré	0.0121052631579	0.981578947368	0.00315789473684	0.00315789473684
-arõ	0.420006065824	0.377439389815	0.0546871288233	0.147867415538
-'ẽa	0.35748784055	0.438233393422	0.0628550049318	0.141423761097
-opo	0.129616405327	0.783395044574	0.0786709198108	0.00831763028837
-wãi	0.0423387096774	0.933467741935	0.0120967741935	0.0120967741935
-opi	0.535373066424	0.290605095542	0.104640582348	0.0693812556869
-ope	0.117872321587	0.303867097574	0.0141668142376	0.564093766602
-'ẽi	0.527478501648	0.294095426766	0.0715331607138	0.106892910872
-opa	0.32185988108	0.206014329505	0.143156553532	0.328969235883
-'ia	0.168608221232	0.679118784336	0.0433732732258	0.108899721207
-ive	0.255549385966	0.226921485611	0.0929251646389	0.424603963784
-g̃i	0.493768024862	0.303018213552	0.0547312658508	0.148482495735
-dei	0.554942630185	0.299426301853	0.0397175639894	0.105913503972
-g̃a	0.107049404078	0.367661228889	0.060120901226	0.465168465807
-ima	0.470557004816	0.382860355801	0.0681676104122	0.078415028971
-oko	0.355493009712	0.157415314532	0.0264056045519	0.460686071204
-des	0.0837589540867	0.812242429136	0.0159384853298	0.0880601314473
-oki	0.071269287082	0.0966843734524	0.00862815489834	0.823418184567
-yja	0.28324094082	0.470349202967	0.109467384893	0.136942471319
-imi	0.457281727344	0.28620521045	0.141674422164	0.114838640042
-dez	0.0243628472174	0.134509852601	0.0164449218718	0.82468237831
-oka	0.200570729719	0.408071748879	0.391357521403	0.0
-yji	0.266438902854	0.317111512965	0.386387866133	0.0300617180492
-imo	0.154221343832	0.508297789999	0.0692848392487	0.26819602692
-yma	0.343040260685	0.381601080007	0.122304923438	0.15305373587
-ido	0.0582524271845	0.73786407767	0.0582524271845	0.145631067961
-yme	0.437149648604	0.315307179673	0.125936510048	0.121606661674
-obo	0.0932120714156	0.791204960029	0.115582968555	0.0
-vẽi	0.0181620288553	0.00998520885744	0.00178694435232	0.970065817935
-ymi	0.385260270843	0.242720269394	0.0671905849083	0.304828874855
-ide	0.0	1.0	0.0	0.0
-ida	0.0229885057471	0.977011494253	0.0	0.0
-bia	0.201048115979	0.64849646828	0.0304217543916	0.120033661349
-itá	0.0648648648648	0.821621621622	0.113513513513	0.0
-u'ũ	0.766248574686	0.165336374002	0.0	0.0684150513113
-eja	0.545116878877	0.261954194266	0.0594977984746	0.133431128382
-a'y	0.395737549951	0.449748635758	0.100803506209	0.0537103080823
-tes	0.090112640801	0.909887359199	0.0	0.0
-ria	0.222329992302	0.694085058986	0.0364731980852	0.0471117506271
-eji	0.0682335980222	0.140886829655	0.0322502784695	0.758629293853
-etỹ	0.494655835827	0.338606241984	0.14108593416	0.0256519880291
-a'u	0.448183349712	0.317310494509	0.0840735755187	0.15043258026
-ejo	0.822867157795	0.0711293963878	0.0311905893536	0.0748128564639
-tea	0.278910838631	0.501463056522	0.138337325919	0.0812887789282
-a'i	0.218129108021	0.484888491424	0.177277402251	0.119704998304
-a'o	0.328476072645	0.496173761628	0.0577372496907	0.117612916037
-eju	0.396172570086	0.302165519557	0.0	0.301661910358
-utu	0.72582619339	0.141982864137	0.0146878824969	0.117503059976
-tei	0.437607359391	0.299423651135	0.129609709324	0.133359280149
-a'a	0.277969216632	0.439467034229	0.26188835286	0.0206753962784
-sia	0.00415368639667	0.995846313603	0.0	0.0
-a'e	0.387542037412	0.0989294582387	0.0267161613361	0.486812343013
-teo	0.101963746224	0.792296072508	0.0135951661632	0.0921450151057
-e'e	0.316953379669	0.236611569352	0.0376306243743	0.408804426604
-pas	0.0492307692308	0.950769230769	0.0	0.0
-ara	0.247417337806	0.480731931571	0.070092177365	0.201758553258
-gyi	0.53060365745	0.219551449404	0.12213513032	0.127709762825
-e'o	0.459746756947	0.37456005095	0.0778919317534	0.0878012603493
-aro	0.273927431709	0.381814387804	0.0907517248585	0.253506455628
-ari	0.498446273323	0.277788829831	0.0929192046394	0.130845692207
-e'i	0.430076334309	0.101495849099	0.0323295039061	0.436098312686
-jia	0.345752608048	0.450074515648	0.168405365127	0.0357675111773
-aru	0.342235546608	0.443355609628	0.133645905381	0.0807629383829
-e'u	0.424354796821	0.207087947968	0.0449720305074	0.323585224704
-meo	0.0	1.0	0.0	0.0
-mei	0.152446093207	0.151402735915	0.0514722930674	0.644678877811
-kõi	0.0191851594483	0.202833965285	0.229693188513	0.548287686753
-tya	0.13159473042	0.774595164726	0.0699232725994	0.0238868322545
-o'õ	0.405663033316	0.490892720551	0.0299698283189	0.0734744178141
-rai	0.440514024699	0.336801402072	0.125361450694	0.097323122535
-tyi	0.33995215311	0.338726076555	0.0188397129187	0.302482057416
-vua	0.411395497181	0.433630415694	0.0224962384536	0.132477848671
-bás	0.0	0.977186311787	0.0	0.0228136882129
-ndi	0.621212121212	0.378787878788	0.0	0.0
-u'ã	0.607965152458	0.230242688239	0.14312383323	0.0186683260734
-opĩ	0.938461538462	0.0461538461538	0.0153846153846	0.0
-ota	0.445495754552	0.186557384978	0.0800425890147	0.287904271455
-'ma	0.672413793103	0.0344827586207	0.241379310345	0.051724137931
-uhẽ	0.344493368967	0.0435836127026	0.0535919918716	0.558331026459
-nhy	0.636063278501	0.217964145231	0.0635574375136	0.0824151387538
-ote	0.205364110568	0.7687600115	0.00369655399022	0.0221793239414
-nhu	0.158291457286	0.560301507538	0.0929648241206	0.188442211055
-sus	0.0168151350485	0.820217960275	0.00360804813138	0.159358856545
-ijo	0.653638814016	0.159663865546	0.067781829713	0.118915490725
-iji	0.182545262788	0.272104060468	0.0659166813148	0.47943399543
-oto	0.102564102564	0.897435897436	0.0	0.0
-ume	0.0343246395251	0.832551420695	0.102510072095	0.0306138676845
-iju	0.39378238342	0.264248704663	0.341968911917	0.0
-nho	0.144278554913	0.787170822042	0.0645957794076	0.0039548436372
-nhi	0.30264101542	0.255227077688	0.195188667926	0.246943238966
-upã	0.453333584126	0.482079621165	0.025844526053	0.0387422686564
-oty	0.132444125011	0.101705904441	0.0830459409423	0.682804029606
-nha	0.206101268104	0.645796787924	0.0487947555957	0.0993071883766
-ako	0.406436366065	0.21105372676	0.041351854806	0.341158052369
-kia	0.355231702352	0.337641323298	0.064515455523	0.242611518827
-nai	0.0560975609756	0.943902439024	0.0	0.0
-aki	0.193976878385	0.389969357235	0.104467303578	0.311586460803
-aka	0.263555362617	0.450344095128	0.124126033091	0.161974509164
-aús	0.0769230769231	0.923076923077	0.0	0.0
-'ĩa	0.138198448996	0.503479817061	0.196261682243	0.1620600517
-aky	0.141828005403	0.710040522287	0.14813147231	0.0
-nas	0.00508600746759	0.987284981331	0.00508600746759	0.00254300373379
-aku	0.333344050723	0.454813340578	0.101110535944	0.110732072754
-goi	0.395715362664	0.34166806934	0.0542428603367	0.208373707659
-mos	0.0600873998543	0.907137654771	0.0218499635834	0.0109249817917
-yni	0.526200873362	0.251091703057	0.157205240175	0.0655021834061
-a'ĩ	0.338304758573	0.192748425472	0.0209937018894	0.447953114066
-dya	0.165906349756	0.731251117647	0.0692084967793	0.0336340358179
-yna	0.366517818054	0.633482181946	0.0	0.0
-mom	0.309252845126	0.53488372093	0.0	0.155863433944
-ehẽ	0.132125984949	0.103268249289	0.00919930345516	0.755406462307
-dyi	0.522870873169	0.323961537329	0.0890585468164	0.0641090426856
-moi	0.112869268493	0.602965749655	0.132787374697	0.151377607155
-u'u	0.737919024815	0.177187636047	0.0195907705703	0.0653025685677
-coa	0.0148189682794	0.976236249065	0.0	0.00894478265513
-e'ĩ	0.109841405457	0.144176856945	0.304373364661	0.441608372937
-bei	0.444443497383	0.265585312218	0.159305160158	0.130666030242
-bel	0.0453172205438	0.87915407855	0.0755287009063	0.0
-bea	0.425231830075	0.281248447084	0.109406024557	0.184113698284
-u'i	0.316176470588	0.0955882352941	0.426470588235	0.161764705882
-rei	0.335025896212	0.156392809993	0.400934294709	0.107646999086
-õro	0.312328767123	0.424657534247	0.180821917808	0.082191780822
-evy	0.674346401052	0.207320597189	0.0182050771937	0.100127924566
-isa	0.0893671431387	0.824840399448	0.0857924574131	0.0
-irẽ	0.339345118999	0.250287774139	0.0722186046939	0.338148502167
-upe	0.270664277122	0.119507338172	0.0535700736877	0.556258311018
-eva	0.26124830226	0.625206815656	0.0958883812816	0.0176565008026
-upa	0.403557217638	0.147911986415	0.0482265032326	0.400304292715
-res	0.0215462100013	0.674412826646	0.100548980006	0.203491983346
-evo	0.209360518976	0.0858261708449	0.0165059257427	0.688307384436
-evi	0.10064794298	0.0899718658277	0.0448975990671	0.764482592126
-upi	0.12443885675	0.0936480050189	0.0115360515417	0.770377086689
-avi	0.459389465644	0.260213909248	0.0860616765598	0.194334948548
-ime	0.241011900297	0.120100726102	0.0262704567626	0.612616916839
-avo	0.20795239733	0.205624454172	0.0681762123168	0.518246936181
-hai	0.252308277326	0.51799809604	0.148716401619	0.0809772250154
-mas	0.0	0.819415249379	0.180584750621	0.0
-mar	0.0731097461542	0.877425667228	0.0494645866174	0.0
-akã	0.0926541697495	0.854034296316	0.0172290811518	0.0360824527825
-ave	0.129032258065	0.623089983022	0.112054329372	0.135823429542
-avy	0.791288566243	0.0635208711433	0.0	0.145190562614
-has	0.0510430083346	0.920573262732	0.00262370603589	0.0257600228978
-jui	0.690127336845	0.195225237189	0.0588730025231	0.055774423443
-avu	0.474201930215	0.316629547142	0.0857461024499	0.123422420193
-hũi	0.420024210669	0.309713329467	0.14493563545	0.125326824414
-uni	0.533936946326	0.2823736321	0.0918447107868	0.0918447107868
-itỹ	0.171153846154	0.648076923077	0.180769230769	0.0
-hũa	0.204338898261	0.693637948619	0.0605319171422	0.0414912359771
-vĩa	0.295768788666	0.0738461078793	0.0393585389763	0.591026564478
-una	0.162005261089	0.740046909218	0.0652927938629	0.0326550358299
-vyi	0.254320987654	0.111111111111	0.155555555556	0.479012345679
-pta	0.0954045081252	0.904595491875	0.0	0.0
-vya	0.143056285661	0.621883036562	0.0573489598731	0.177711717904
-ahũ	0.234716091837	0.249621628998	0.118936385409	0.396725893756
-tra	0.0	1.0	0.0	0.0
-orẽ	0.436244361368	0.175246942202	0.139333445346	0.249175251084
-ado	0.00591532447746	0.965691118031	0.00709838937295	0.0212951681188
-tro	0.0626853429238	0.0767240835384	0.156003533346	0.704587040192
-gai	0.298129161161	0.385278756025	0.186180167942	0.130411914872
-uvy	0.692307692308	0.263736263736	0.043956043956	0.0
-'ji	0.432326677546	0.195677012756	0.0431356111937	0.328860698504
-ire	0.193756727664	0.806243272336	0.0	0.0
-'ja	0.37852887944	0.332260129812	0.123319743112	0.165891247636
-pũa	0.138165885823	0.687228873851	0.0106281450633	0.163977095263
-u'a	0.271937573616	0.366975853946	0.280108951708	0.0809776207303
-ino	0.16984311271	0.776199508523	0.0171682568804	0.0367891218866
-ina	0.326823383915	0.396096084075	0.0317856250434	0.245294906967
-ohy	0.503252788104	0.222583643123	0.157992565056	0.116171003718
-rze	0.0717131474103	0.0697211155378	0.0936254980079	0.764940239044
-sôs	0.496296296296	0.481481481481	0.0	0.0222222222222
-ohe	0.0908553562757	0.103743032576	0.159778316263	0.645623294886
-oha	0.402653738199	0.122990558816	0.00765501403418	0.466700688951
-uia	0.0245266781412	0.975473321859	0.0	0.0
-pre	0.0	1.0	0.0	0.0
-seu	0.0652883569097	0.59521218716	0.33949945593	0.0
-oho	0.464644745831	0.163252393307	0.0372101465045	0.334892714357
-ses	0.0125211479278	0.853173801673	0.0	0.134305050399
-ohi	0.416438508553	0.328070350602	0.106577232917	0.148913907929
-atĩ	0.586962301271	0.239697984793	0.0707183495507	0.102621364386
-ahĩ	0.400945218556	0.213959644573	0.0548749958854	0.330220140986
-o'ẽ	0.58073210755	0.257651043583	0.0621510432843	0.0994658055824
-noi	0.527978990544	0.264745814299	0.0473156939976	0.15995950116
-arã	0.191624385428	0.0967419989513	0.0121721388187	0.699461476802
-agé	0.0359603035609	0.915002918856	0.0	0.0490367775832
-rso	0.0	0.988501971091	0.0114980289093	0.0
-neo	0.032967032967	0.868131868132	0.032967032967	0.0659340659341
-doi	0.501607279354	0.135296327	0.0585141528331	0.304582240813
-cos	0.0723281756027	0.920115149334	0.00467794170564	0.00287873335732
-ias	0.0695070150597	0.872055605612	0.00652164585747	0.0519157334707
-kui	0.380336351876	0.59163432514	0.0	0.0280293229841
-eka	0.793315196862	0.154203787012	0.00385260314138	0.0486284129845
-hoa	0.308577143894	0.45413669845	0.0545705027873	0.182715654868
-eki	0.181033223754	0.0201449055463	0.00477186363578	0.794050007064
-hoi	0.68873878036	0.0905874432446	0.0238296104021	0.196844165993
-eko	0.34878051165	0.219612083401	0.0664165051203	0.365190899828
-upu	0.608732565191	0.156943602183	0.0764099454215	0.157913887204
-ytỹ	0.755469129801	0.244530870199	0.0	0.0
-joa	0.348432700109	0.444112698108	0.161699603007	0.0457549987767
-wya	0.0	1.0	0.0	0.0
-que	0.0	0.928343949045	0.0238853503185	0.0477707006369
-mbu	0.217245655592	0.609176157277	0.173578187131	0.0
-aso	0.250208159867	0.749791840133	0.0	0.0
-mby	0.410232907857	0.47948942874	0.0275694158506	0.0827082475519
-ovi	0.806451612903	0.0645161290322	0.0322580645161	0.0967741935484
-e'õ	0.432432432432	0.378378378378	0.108108108108	0.0810810810811
-mba	0.34853989144	0.438273900118	0.123301114452	0.08988509399
-hẽa	0.0550528618003	0.490243726357	0.0212634292994	0.433439982544
-mbi	0.561991851147	0.24406324142	0.0806269497483	0.113317957685
-lta	0.0	1.0	0.0	0.0
-mbo	0.432238137193	0.291530868301	0.116364320433	0.159866674072
-ohõ	0.219631440391	0.150808574652	0.0744640842422	0.555095900715
-ove	0.039779001011	0.232140971109	0.0820441895852	0.646035838294
-yro	0.318802109624	0.395354301927	0.174814189483	0.111029398966
-ras	0.025785708202	0.768019121029	0.0865822757857	0.119612894983
-uri	0.710285623736	0.115063265505	0.024368824884	0.150282285876
-eri	0.251477022805	0.274996827434	0.0340066080626	0.439519541699
-ahi	0.314607681184	0.270468919555	0.37191377594	0.0430096233214
-ero	0.100694263271	0.180966462713	0.0293007382628	0.689038535753
-era	0.308471270863	0.434749795675	0.0604454373507	0.196333496111
-vei	0.279569892473	0.0752688172043	0.365591397849	0.279569892473
-ere	0.422798866203	0.236779640804	0.0649923914689	0.275429101524
-aho	0.704084962196	0.120383006955	0.0327187037814	0.142813327068
-oze	0.0	0.00708128078817	0.00615763546798	0.986761083744
-pos	0.0	1.0	0.0	0.0
-cós	0.0609137055838	0.878172588833	0.0609137055836	0.0
-poi	0.433911981875	0.216428938438	0.0713077342539	0.278351345433
-uga	0.443181843793	0.39220878737	0.0407658241399	0.123843544697
-poa	0.268709465661	0.467124668426	0.0709953075171	0.193170558396
-aza	0.0	0.959183673469	0.0	0.0408163265306
-ugi	0.617572026466	0.199502833567	0.0131081191261	0.169817020842
-iko	0.387968532302	0.39597116406	0.0664853432445	0.149574960393
-nos	0.00415944540728	0.990641247834	0.0	0.0051993067591
-'na	0.0	0.0833333333333	0.0666666666666	0.85
-aal	0.0380952380952	0.933333333333	0.0190476190476	0.00952380952381
-fos	0.0185185185185	0.981481481482	0.0	0.0
-nom	0.0252100840336	0.974789915966	0.0	0.0
-las	0.0	0.993939393939	0.00606060606061	0.0
-oky	0.68689733409	0.273964832672	0.035734543392	0.00340328984685
-ahe	0.392647823571	0.060464411301	0.011477739781	0.535410025347
-ohĩ	0.104884022475	0.895115977525	0.0	0.0
-ypy	0.259981240563	0.293111354216	0.166404906256	0.280502498966
-dor	0.0540958268933	0.744976816074	0.200927357032	0.0
-boa	0.526197670541	0.176755144779	0.0353480774254	0.261699107254
-pya	0.147833841554	0.67561426537	0.0750550338782	0.101496859197
-aha	0.437478259078	0.178984552046	0.0647617706474	0.318775418229
-boi	0.235445646574	0.764554353426	0.0	0.0
-ypu	0.288888888889	0.711111111111	0.0	0.0
-mya	0.404030002819	0.138139183192	0.0945681465443	0.363262667444
-ãro	0.316931959804	0.371657543107	0.0320244837433	0.279386013346
-ahy	0.400944098338	0.303360477711	0.143410274344	0.152285149606
-tĩa	0.138244124484	0.826163804235	0.0138413610537	0.0217507102273
-bos	0.0	1.0	0.0	0.0
-myi	0.396673969469	0.449611482771	0.0949580621794	0.05875648558
-pyi	0.632554296506	0.288164935474	0.0302958766132	0.048984891407
-dom	0.00402144772118	0.995978552279	0.0	0.0
-ype	0.101568036994	0.0363713121206	0.00637935245653	0.855681298428
-sas	0.389769039893	0.610230960107	0.0	0.0
-sar	0.121212121212	0.833333333333	0.0	0.0454545454545
-yku	0.215384615385	0.753846153846	0.0307692307692	0.0
-vos	0.102434690803	0.897565309197	0.0	0.0
-doa	0.512083506722	0.34160114407	0.0610508319232	0.0852645172849
-yky	0.334312808297	0.437401787115	0.110181045261	0.118104359327
-lfa	0.00913659205116	0.954317039744	0.0365463682046	0.0
-ges	0.644999454684	0.148871196423	0.0	0.206129348893
-'ui	0.514083959201	0.185827137571	0.0360999385171	0.263988964711
-tos	0.131292459212	0.23087807731	0.0729785942795	0.564850869199
-yka	0.29640895675	0.430374101805	0.104211163591	0.169005777854
-ola	0.021301775148	0.978698224852	0.0	0.0
-'ua	0.233562944254	0.573423955148	0.0482959388756	0.144717161722
-iel	0.0	1.0	0.0	0.0
-ros	0.124168413378	0.782876150551	0.0350861204775	0.0578693155928
-naã	0.22462562396	0.575707154742	0.0748752079867	0.124792013311
-pão	0.0615455100794	0.899587660354	0.00198533903482	0.0368814905315
-ahu	0.208041153706	0.59674181952	0.123280692862	0.0719363339121
-los	0.0568036666917	0.891418505439	0.0254798340304	0.0262979938387
-pãi	0.609608732023	0.214714742779	0.0753432231208	0.100333302077
-ipi	0.189771311267	0.102562003621	0.0250719464939	0.682594738618
-ipo	0.45045045045	0.50040950041	0.02457002457	0.0245700245701
-ihe	0.181463959524	0.291458045864	0.0670017740982	0.460076220514
-ipa	0.0240384615384	0.913461538462	0.0240384615384	0.0384615384615
-ipe	0.473690304761	0.181195652989	0.0657695671516	0.279344475099
-erĩ	0.287094691457	0.136582002823	0.0299843512327	0.546338954487
-rõi	0.462442188727	0.309024587114	0.0915573216798	0.136975902479
-rda	0.0470485732955	0.787410150294	0.10280984535	0.0627314310608
-urẽ	0.325221403587	0.349185085957	0.0565602441021	0.269033266354
-rdo	0.0683994528043	0.712722298222	0.218878248974	0.0
-rõa	0.382290928736	0.305121526865	0.127332210803	0.185255333595
-nga	0.170535521213	0.670239509632	0.0317811641532	0.127443805002
-ahã	0.119198450091	0.125254584896	0.0295166708879	0.726030294125
-ães	0.025503473749	0.948406765749	0.00439715064638	0.0216926098555
-deu	0.0535209113846	0.620766113617	0.240079516783	0.0856334582154
-rça	0.0	0.171950796951	0.828049203049	0.0
-erũ	0.0534324070046	0.00750482567055	0.00185011505153	0.937212652273
-sto	0.0448932762735	0.79876784217	0.0405692779922	0.115769603564
-uém	0.0	1.0	0.0	0.0
-ehỹ	0.0404770509577	0.358691723889	0.600831225154	0.0
-ste	0.0898203592814	0.658682634731	0.161676646707	0.0898203592814
-sta	0.345293928236	0.337187976872	0.0	0.317518094891
-loí	0.0	0.98	0.02	0.0
-loé	0.0	0.874739039666	0.0	0.125260960334
-ões	0.0813389881854	0.517267494699	0.00302938503484	0.398364132081
-'ga	0.0731836269454	0.6214042435	0.0276767369892	0.277735392565
-rpa	0.0	1.0	0.0	0.0
-hya	0.189508828268	0.727928653831	0.0209883675554	0.061574150346
-mão	0.0197400888304	0.973679881559	0.00109667160169	0.00548335800844
-ihi	0.222564152915	0.100785564323	0.0168220020533	0.659828280709
-ois	0.0435408050553	0.123095892522	0.0575406509286	0.775822651494
-erẽ	0.0893125332664	0.116589729799	0.0109169851799	0.783180751755
-leo	0.0546218487395	0.743697478992	0.201680672269	0.0
-yte	0.195775373519	0.804224626481	0.0	0.0
-mui	0.508398656215	0.413213885778	0.0276222471071	0.0507652108996
-yta	0.45785953531	0.351096923634	0.0525123050195	0.138531236036
-ios	0.0	0.965317919075	0.0346820809249	0.0
-'ri	0.432314380954	0.431421867922	0.0813606766872	0.054903074437
-'ro	0.348835591511	0.43233145536	0.0757749927254	0.143057960404
-ryi	0.770992366412	0.229007633588	0.0	0.0
-ndy	0.263448126548	0.54762556316	0.16297343896	0.0259528713326
-rra	0.0220588235294	0.977941176471	0.0	0.0
-a'ẽ	0.311428697849	0.165147922079	0.117960062844	0.405463317228
-'yi	0.295204809552	0.393012860414	0.191136059393	0.120646270641
-apĩ	0.0602099101325	0.906929047366	0.00996431611346	0.0228967263884
-rro	0.13314983445	0.7922967219	0.06670571274	0.00784773091058
-'ya	0.0810810810811	0.675675675676	0.162162162162	0.0810810810811
-gio	0.164779036198	0.804130579614	0.0233177881412	0.00777259604705
-alo	0.0170247263883	0.850830968788	0.0680989055533	0.0640453992704
-osa	0.365358592693	0.634641407307	0.0	0.0
-dos	0.0	0.493009215432	0.506990784568	0.0
-ndo	0.45995676929	0.283745881306	0.0630509348759	0.193246414528
-nda	0.043075862748	0.823388962733	0.0985001394838	0.0350350350351
-o'ã	0.598811153466	0.17432294181	0.0401254881517	0.186740416573
-nde	0.127757597623	0.0434261633644	0.00845321884973	0.820363020163
-gia	0.624691039215	0.256612683071	0.090474785111	0.0282214926034
-ẽro	0.0346336128327	0.14108640175	0.783813343055	0.0404666423624
-uva	0.108790317992	0.778733685619	0.054531512569	0.05794448382
-ehũ	0.0952429983525	0.157742998353	0.269254530478	0.477759472817
-uvi	0.52491124204	0.257324754117	0.06121620453	0.156547799312
-eho	0.61879246713	0.27717788934	0.0173388307242	0.086690812806
-uvu	0.128205128205	0.512820512821	0.358974358974	0.0
-abé	0.441666666667	0.433333333333	0.125	0.0
-gwa	0.390202307601	0.325522716868	0.0867116239113	0.19756335162
-gwe	0.303090876728	0.202555469403	0.155865991475	0.338487662394
-pea	0.185962072245	0.309903291868	0.0843456280103	0.419789007876
-gwi	0.11293516656	0.0236823050495	0.0203190371582	0.843063491232
-pei	0.457437604147	0.289390022993	0.0619153946431	0.191256978217
-ogi	0.530675234795	0.228057129092	0.0485294391367	0.192738196976
-eli	0.0	0.965753424658	0.0342465753425	0.0
-ytĩ	0.235706769555	0.631708172571	0.132585057874	0.0
-elo	0.00483739111641	0.995162608884	0.0	0.0
-gwy	0.471562919839	0.314823107926	0.116883116883	0.0967308553516
-ela	0.0	0.948275862069	0.051724137931	0.0
-'ea	0.139364140948	0.470883780875	0.0976668697884	0.292085208389
-ity	0.68085106383	0.276595744681	0.0	0.0425531914894
-ohẽ	0.482507063276	0.268615064769	0.150645023722	0.0982328482329
-itu	0.0750712548912	0.0936216808103	0.206615030354	0.624692033945
-̃wy	0.0944444444444	0.776388888889	0.0958333333334	0.0333333333333
-̃we	0.279339936562	0.195411469381	0.0511782677227	0.474070326334
-ito	0.152868806416	0.559691579145	0.0591739758998	0.22826563854
-uta	0.0	0.924724437674	0.0752755623264	0.0
-eso	0.0	1.0	0.0	0.0
-iti	0.228513620805	0.250482177231	0.115649506775	0.405354695189
-esa	0.209619827767	0.692921655115	0.0	0.0974585171182
-ite	0.302416647053	0.237649555948	0.0130246738973	0.446909123102
-ita	0.280615015762	0.387360344045	0.0988071895904	0.233217450602
-o'y	0.37875165826	0.28527160797	0.236367116643	0.0996096171264
-spe	0.0315300365085	0.91868569532	0.0497842681713	0.0
-uel	0.0403458213256	0.919308357349	0.0403458213257	0.0
-rês	0.0135281385281	0.022095959596	0.116086459836	0.848289442039
-o'u	0.549199108244	0.305657798075	0.0489704908389	0.0961726028421
-o'i	0.479129772832	0.267998966487	0.151736129649	0.101135131032
-fas	0.314049586777	0.586776859504	0.0	0.099173553719
-uda	0.081458370066	0.818970156462	0.099571473472	0.0
-eze	0.22	0.04	0.7	0.04
-o'o	0.466666666667	0.533333333333	0.0	0.0
-rio	0.00938967136151	0.967136150235	0.0234741784038	0.0
-o'a	0.414473591556	0.335177985351	0.0485116463419	0.201836776751
-o'e	0.394262863188	0.280097484121	0.0676537107629	0.257985941928
-hui	0.435226634193	0.323855176577	0.108281278706	0.132636910523
-uvã	0.271196047345	0.677015233786	0.0517887188689	0.0
-ihũ	0.540449438202	0.356179775281	0.0494382022472	0.0539325842696
-hua	0.188001835447	0.594575858378	0.0815403822209	0.135881923954
-'õi	0.272058823529	0.399509803922	0.313725490196	0.0147058823529
-ade	0.159812887804	0.625737855145	0.014490805889	0.199958451161
-rom	0.0	1.0	0.0	0.0
-rãi	0.501146483122	0.0647360866171	0.00427718623864	0.429840244023
-'õa	0.29893352578	0.406382808115	0.0589367332211	0.235746932884
-abo	0.0388098318241	0.525226390686	0.43596377749	0.0
-jya	0.851851851852	0.037037037037	0.0740740740741	0.037037037037
-tua	0.244412680638	0.506790242498	0.141980984028	0.106816092836
-ory	0.364679656182	0.381289322243	0.146856488043	0.107174533532
-koa	0.149627063628	0.692758485977	0.032894358574	0.124720091821
-tui	0.417717081165	0.297740116124	0.121787956244	0.162754846468
-i'ĩ	0.446279126123	0.336627610836	0.0848343471165	0.132258915925
-ada	0.0	1.0	0.0	0.0
-koi	0.436117266352	0.150031330265	0.0495936635385	0.364257739845
-ael	0.0501253132832	0.884711779449	0.0	0.0651629072681
-sos	0.0	1.0	0.0	0.0
-yri	0.223788907053	0.0937195750324	0.0174310234441	0.665060494471
-ori	0.634934186892	0.200835901575	0.0298076799777	0.134422231555
-oro	0.323197294434	0.314757536661	0.0617582283653	0.300286940541
-elã	0.02849002849	0.97150997151	0.0	0.0
-oão	0.0370015857114	0.897101734504	0.0104896617797	0.0554070180054
-ora	0.145335251602	0.656409497584	0.133376910688	0.0648783401273
-ore	0.0323605992138	0.0233067886617	0.00313369396066	0.941198918164
-lix	0.0596252129472	0.718909710392	0.221465076661	0.0
-ytũ	0.433155080214	0.0641711229947	0.0	0.502673796791
-jyi	0.530617005889	0.325781647836	0.0525931611113	0.0910081851639
-lis	0.0529801324503	0.94701986755	0.0	0.0
-ico	0.42	0.38	0.2	0.0
-lim	0.0	1.0	0.0	0.0
-omi	0.0837693237429	0.204981701081	0.185862922925	0.525386052251
-rui	0.382022198942	0.531202384172	0.0234556581399	0.0633197587454
-omo	0.349773885472	0.283250256979	0.0639116861645	0.303064171385
-ejy	0.162206001622	0.33495539335	0.0	0.502838605028
-aão	0.606060606061	0.333333333333	0.0	0.0606060606061
-oma	0.0350620891161	0.915266617969	0.0	0.0496712929145
-rua	0.348533118767	0.463215242506	0.057151763735	0.131099874991
-yho	0.462938881664	0.498049414824	0.0234070221066	0.0156046814044
-ica	0.114534494307	0.853315472204	0.0	0.0321500334896
-diã	0.0254237288136	0.898305084746	0.0762711864407	0.0
-ode	0.0	0.548872180451	0.451127819549	0.0
-rna	0.0666666666667	0.85	0.0333333333333	0.05
-rno	0.08503212501	0.727770286349	0.0444197667962	0.142777821845
-zes	0.0755064456721	0.811540822591	0.098219766728	0.0147329650092
-ehi	0.0864211174436	0.815885445446	0.0225446393331	0.075148797777
-ura	0.467542251599	0.273055866627	0.0661629242239	0.193238957551
-ehe	0.131030755551	0.11209764693	0.0411650343093	0.71570656321
-nze	0.0	0.684629439592	0.0473055840613	0.268064976347
-eha	0.432277463115	0.400811132089	0.0838402908887	0.0830711139081
-kya	0.278670875251	0.466228061	0.128186694129	0.126914369621
-nco	0.0197434612516	0.0330645467353	0.0918666172002	0.855325374813
-kyi	0.44924408695	0.329100827237	0.110054197704	0.111600888109
-ehu	0.171561429271	0.33541360744	0.312652961331	0.180372001958
-uru	0.570693018083	0.285268951835	0.0820300264297	0.0620080036522
-pai	0.572413793103	0.4	0.0275862068965	0.0
-apa	0.189772329247	0.705288966725	0.0696322241681	0.0353064798599
-e'a	0.530076469415	0.273015589728	0.0899311518005	0.106976789056
-ape	0.638888888889	0.268518518518	0.0740740740741	0.0185185185185
-api	0.475715530623	0.399197098844	0.0486778682498	0.076409502283
-apo	0.490344889267	0.258802812146	0.0546702570287	0.196182041559
-ipy	0.447619047619	0.27074829932	0.261224489796	0.0204081632653
-apy	0.601299032562	0.288778108361	0.0401110584628	0.0698118006142
-wai	0.703947368421	0.256578947368	0.0	0.0394736842105
-oés	0.208529319536	0.681718407024	0.0	0.10975227344
-ohu	0.17896769052	0.676574083947	0.0963054836881	0.048152741844
-icó	0.0	1.0	0.0	0.0
-aji	0.108363217033	0.634904161217	0.151992012263	0.104740609487
-omé	0.5	0.5	0.0	0.0
-ruã	0.315789473684	0.639097744361	0.0451127819549	0.0
-s'i	0.367942894224	0.600908500973	0.00778715120051	0.0233614536016
-i'a	0.222787196232	0.679392459051	0.034554719173	0.0632656255448
-dia	0.0141181532559	0.923761972418	0.0338835678142	0.0282363065118
-lio	0.0625	0.84375	0.0	0.09375
-i'i	0.223412588848	0.144574915514	0.201274743272	0.430737752366
-dio	0.0155534285909	0.984446571409	0.0	0.0
-i'o	0.271328538836	0.610414216131	0.0696280975425	0.04862914749
-nás	0.0983346550357	0.87946074544	0.0	0.0222045995242
-dão	0.00207325501037	0.99792674499	0.0	0.0
-i'u	0.625417699687	0.28834752614	0.0393446157163	0.0468901584564
-ice	0.0196506550218	0.659388646288	0.307860262009	0.0131004366812
-'oi	0.630373938358	0.272691769306	0.0728512383394	0.0240830539965
-ovo	0.36462364058	0.171436331357	0.0428791374725	0.421060890591
-iha	0.25638652351	0.390040725657	0.152721214365	0.200851536468
-tão	0.182755388941	0.807872539831	0.00937207122776	0.0
-rũa	0.240015903856	0.37561012981	0.211275617799	0.173098348535
-'oa	0.142170538898	0.735761212522	0.026113179759	0.0959550688206
-urã	0.0693962059674	0.054630365009	0.0148670317248	0.861106397299
-ehã	0.448343079922	0.132553606238	0.144032921811	0.275070392029
-rũi	0.0460936667226	0.0517149167515	0.0352929922627	0.866898424263
-uka	0.463230645807	0.327684598121	0.0645628489791	0.144521907093
-ves	0.221674876847	0.593596059113	0.110837438424	0.0738916256158
-ihu	0.342671621259	0.331979861158	0.243849700428	0.0814988171545
-vez	0.424124513619	0.186770428016	0.108949416342	0.280155642023
-ama	0.364272005146	0.298099037905	0.121839122754	0.215789834194
-vai	0.196780322892	0.44393104658	0.0489176688348	0.310370961693
-ngu	0.247046690997	0.144978126577	0.0828380380096	0.525137144417
-y'u	0.522423549868	0.389172037525	0.0167503097571	0.0716541028498
-'va	0.232573874548	0.462488912219	0.181698339491	0.123238873742
-ngy	0.297658105006	0.519187381156	0.102464063685	0.0806904501521
-ona	0.314110848684	0.594468829684	0.0421939945994	0.0492263270327
-'vi	0.457063507781	0.211511447428	0.161682548602	0.169742496189
-o'ĩ	0.338164251208	0.0579710144928	0.0	0.603864734299
-eve	0.074978782223	0.0709620473841	0.0140403039429	0.84001886645
-y'a	0.264014334834	0.445054034074	0.0642705690357	0.226661062056
-eta	0.068427861374	0.920337713624	0.00204262272758	0.00919180227412
-tia	0.315687896333	0.565756823821	0.118555279846	0.0
-ini	0.339437503565	0.400992640767	0.235609561298	0.0239602943693
-ahẽ	0.437619852137	0.285260833683	0.156616875008	0.120502439172
-aim	0.0326975476839	0.82833787466	0.00817438692098	0.130790190736
-ngi	0.546819333743	0.287058532284	0.0888072360742	0.0773148978989
-y'i	0.595050946143	0.124133915575	0.280815138283	0.0
-ngo	0.339893277302	0.35779862111	0.0779067847377	0.22440131685
-eme	0.248565965583	0.61759082218	0.0535372848948	0.0803059273423
-ema	0.526965508039	0.243633615791	0.0659618855505	0.16343899062
-irũ	0.0484498203958	0.698979499447	0.0794373686485	0.173133311509
-ova	0.288673233727	0.574018416976	0.0564955166448	0.0808128326519
-rĩa	0.325657244515	0.28493773473	0.187784147065	0.20162087369
-emo	0.0387826017604	0.07015250078	0.0378824397269	0.853182457733
-emi	0.523208136281	0.226275910799	0.0519764580534	0.198539494867
-aça	0.0	0.852459016393	0.0	0.147540983607
-das	0.0176961445242	0.968114887643	0.0119316320415	0.00225733579164
-jai	0.750678268521	0.127465597732	0.0478209859947	0.0740351477526
-ava	0.28752762553	0.528811794184	0.0899457734812	0.0937148068046
-cio	0.0790774299835	0.911037891269	0.00988467874794	0.0
-ovy	0.564682978164	0.146035253881	0.0817679558011	0.207513812155
-yrõ	0.155887677402	0.43216929966	0.334654877887	0.0772881450515
-cia	0.00715421303658	0.992845786963	0.0	0.0
-zai	0.689399806389	0.218635043562	0.0188770571152	0.0730880929332
-yga	0.321849338663	0.280059781233	0.0349878368624	0.363103043242
-õ'a	0.384615384615	0.507692307692	0.0	0.107692307692
-arẽ	0.631118881119	0.119755244755	0.0157342657343	0.233391608392
-ygi	0.580225244655	0.253975186488	0.0423403889691	0.123459179888
-yrũ	0.878048780488	0.0975609756098	0.0243902439024	0.0
-yhy	0.552969676023	0.294096329072	0.0387513100689	0.114182684836
-ame	0.414264414187	0.273059165809	0.0835591432334	0.22911727677
-vro	0.0438530695036	0.946163516697	0.00554634099961	0.00443707279968
-ety	0.108720100668	0.711084900929	0.13179977026	0.0483952281423
-tãi	0.749498229709	0.215231265363	0.0	0.0352705049275
-lão	0.025974025974	0.835497835498	0.138528138528	0.0
-eda	0.0256776034237	0.883975273419	0.054683785069	0.0356633380884
-ete	0.139095180165	0.0954790798308	0.0560950511212	0.709330688883
-eto	0.0	1.0	0.0	0.0
-ẽji	0.285917496444	0.554765291607	0.0227596017069	0.136557610242
-kũa	0.206149334044	0.659047665216	0.0949304958006	0.0398725049386
-bui	0.469387755102	0.47619047619	0.0272108843537	0.0272108843537
-bua	0.380536494073	0.583593262633	0.0311915159077	0.00467872738616
-mém	0.0166856942127	0.0966013875473	0.0118556248353	0.874857293405
-'ai	0.650143097576	0.182860285301	0.0983929069857	0.0686037101369
-wei	0.28944769749	0.248775040844	0.142907149431	0.318870112235
-yha	0.791511541325	0.208488458675	0.0	0.0
-ihĩ	0.103764513605	0.119412208031	0.0582709860733	0.71855229229
-ata	0.0723317611731	0.882153432051	0.0245706264104	0.0209441803656
-'ru	0.490918859961	0.302332767952	0.0707319461522	0.136016425934
-ato	0.172060630889	0.592380172061	0.135190495698	0.100368701352
-wea	0.657124038683	0.158115313619	0.169643867432	0.0151167802662
-eos	0.097816224064	0.902183775936	0.0	0.0
-e'ỹ	0.277962486283	0.252010774696	0.174344931263	0.295681807758
-kai	0.557677640086	0.272467127737	0.0571576165103	0.112697615667
-emá	0.0102739726027	0.989726027397	0.0	0.0
-ulo	0.0873042319227	0.870376541153	0.0203265578141	0.0219926691103
-yvũ	0.628555631538	0.273232551034	0.0785694539422	0.0196423634856
-ião	0.0	0.99124726477	0.0	0.00875273522977
-lém	0.00536204646024	0.980544978904	0.0	0.0140929746359
-nia	0.0255460640138	0.947691392734	0.00243295847751	0.0243295847751
-aca	0.0968560227535	0.903143977246	0.0	0.0
-uhũ	0.241674641062	0.29427108374	0.185433495816	0.278620779382
-nio	0.0045731707317	0.926829268293	0.0685975609756	0.0
-mua	0.0398009950249	0.865671641791	0.094527363184	0.0
-opẽ	0.677899218567	0.285028167917	0.0	0.0370726135154
-ajo	0.931246699344	0.0409149008368	0.00363307012326	0.0242053296962
-yry	0.273844547624	0.326086325154	0.204512224149	0.195556903073
-'rã	0.563226159441	0.263300183451	0.0946219947861	0.0788516623218
-aja	0.251625314264	0.540783801468	0.0802263529508	0.127364531317
-lia	0.121771217712	0.878228782288	0.0	0.0
-ate	0.166599287549	0.0875145446501	0.0882237601464	0.657662407655
-ome	0.142993440668	0.114609421586	0.0146690518784	0.727728085868
-aju	0.566593745979	0.237260326856	0.0934564406124	0.102689486553
-fia	0.0	1.0	0.0	0.0
-yra	0.275184314526	0.510402158589	0.076267408886	0.138146117999
-etó	0.261349971045	0.644082605222	0.0464240080145	0.0481434157188
-vio	0.711159737418	0.288840262582	0.0	0.0
-via	0.577082920322	0.274173715581	0.0535261524414	0.0952172116553
-oju	0.399519890261	0.246913580247	0.212620027435	0.140946502058
-lda	0.037037037037	0.685185185185	0.277777777778	0.0
-ojy	0.404807692308	0.0721153846154	0.00961538461538	0.513461538462
-amá	0.0195217179112	0.980478282089	0.0	0.0
-fre	0.0	0.992924528302	0.00707547169811	0.0
-oja	0.224989827263	0.3657159584	0.0570145643062	0.352279650031
-ilo	0.137935929589	0.862064070411	0.0	0.0
-oji	0.429345059622	0.342987379352	0.0647124311579	0.162955129868
-oli	0.0	1.0	0.0	0.0
-iga	0.414210500994	0.250685585221	0.170528352476	0.164575561309
-pẽi	0.312581913499	0.569462647444	0.0	0.117955439056
-atu	0.257154298627	0.200816169229	0.162687214547	0.379342317596
-igi	0.446127702312	0.240218139387	0.101695766132	0.211958392169
-igo	0.041627743088	0.914450071292	0.00786666011112	0.0360555255092
-lmo	0.0647482014389	0.935251798561	0.0	0.0
-ami	0.58675627022	0.179988266164	0.0466713561136	0.186584107502
-amo	0.205496642619	0.327798128697	0.0695011125125	0.397204116171
-atá	0.00495049504949	0.980198019802	0.0	0.0148514851485
-kwe	0.462653253083	0.319228347805	0.0852670868278	0.132851312284
-kwa	0.356669336832	0.354873547512	0.0839963078914	0.204460807765
-ebu	0.018018018018	0.882882882883	0.072072072072	0.027027027027
-iro	0.193177209612	0.071521318327	0.00916024982954	0.726141222232
-iri	0.405398480426	0.398434882311	0.0371379210493	0.159028716214
-eio	0.0235418468339	0.633900259441	0.0336312097626	0.308926683963
-eia	0.117331255141	0.790448976057	0.0352859678746	0.0569338009265
-hia	0.347341947404	0.279153393539	0.15106212313	0.222442535927
-usa	0.0289679388037	0.971032061196	0.0	0.0
-ira	0.202045623456	0.648109163086	0.0486699439278	0.10117526953
-ndu	0.563042281808	0.247998591968	0.0420619500914	0.146897176133
-gui	0.609822802119	0.309953848784	0.0476326135263	0.0325907355706
-yvõ	0.0961450301264	0.0791104697513	0.0260576525032	0.798686847619
-iru	0.79512195122	0.126829268293	0.0439024390244	0.0341463414634
-eis	0.0376122300413	0.0715845668527	0.301201164766	0.58960203834
-gue	0.0574712643678	0.919540229885	0.0229885057471	0.0
-eru	0.513949580675	0.282720401647	0.0755986085954	0.127731409083
-eão	0.105131414268	0.713642052566	0.161201501877	0.0200250312891
-epo	0.66007964914	0.237586328578	0.0	0.102334022282
-epi	0.392405063291	0.225900681597	0.299902629017	0.0817916260954
-nfã	0.0	1.0	0.0	0.0
-aná	0.341630063446	0.652513421181	0.00585651537337	0.0
-cem	0.0270913351311	0.0436758698726	0.0158032788265	0.91342951617
-tas	0.289014501487	0.630290684727	0.0596041238193	0.0210906899668
-epy	0.369391511314	0.332007647475	0.0607580277916	0.237842813419
-pia	0.596711366624	0.171513158408	0.032014156416	0.199761318552
-'vo	0.559413630025	0.222633007627	0.210807350467	0.00714601188024
-mês	0.0934579439251	0.85046728972	0.0560747663552	0.0
-wia	0.380730580514	0.443783998986	0.0291127886544	0.146372631846
-pio	0.0	1.0	0.0	0.0
-pel	0.278481012658	0.569620253165	0.0759493670886	0.0759493670886
-'ei	0.447489822766	0.213815394761	0.0342551905285	0.304439591944
-iza	0.651370305382	0.219961019884	0.0295265802093	0.099142094524
-ueu	0.0407055630936	0.867706919946	0.0915875169607	0.0
-u'ẽ	0.276110625859	0.318576876843	0.0797782639904	0.325534233307
-ajy	0.143835616438	0.150684931507	0.0	0.705479452055
-yva	0.242624094587	0.551320383717	0.0817992959762	0.124256225719
-iii	0.476232394366	0.299295774648	0.198063380282	0.0264084507042
-ihã	0.207793743717	0.415804308833	0.294995367906	0.0814065795439
-yvi	0.265832771436	0.3698319049	0.109142291438	0.255193032227
-uhu	0.347813555066	0.311159911733	0.162191128363	0.178835404838
-yvo	0.362012830392	0.361944313238	0.0618143818746	0.214228474496
-agi	0.560035878761	0.261364764287	0.0684705129957	0.110128843956
-ago	0.0427698574339	0.932790224032	0.0122199592668	0.0122199592669
-yvy	0.234795671971	0.331671482579	0.342281501733	0.0912513437166
-aga	0.387361209455	0.399295316247	0.0346534176956	0.178690056602
