jer-	0.0102386079009	0.987520323417	0.000395482708616	0.00184558597355
agu-	0.164251207729	0.75845410628	0.0338164251207	0.0434782608695
tut-	0.422307150139	0.191843580944	0.16086374947	0.224985519447
siu-	0.0224965534528	0.88626394285	0.0283870159168	0.0628524877804
gin-	0.0622217394613	0.896318781777	0.0186171544756	0.0228423242857
lur-	0.0425531914894	0.914893617021	0.0425531914894	0.0
fig-	0.0	1.0	0.0	0.0
del-	0.839676381547	0.0830993570852	0.00894521199689	0.0682790493708
dok-	0.112866242038	0.633375796178	0.24	0.0137579617835
maa-	0.200863930885	0.470842332613	0.263498920086	0.0647948164147
jac-	0.00081499592502	0.994295028525	0.0	0.00488997555012
ipu-	0.0300930419434	0.914488088735	0.0318807474053	0.0235381219161
lel-	0.263322093189	0.508320789781	0.0121090826529	0.216248034376
pao-	0.975	0.0	0.0	0.025
aul-	0.947826086957	0.0260869565217	0.0260869565217	0.0
sub-	0.339177609663	0.108275818309	0.0645547861249	0.487991785903
lau-	0.144600938967	0.186854460094	0.550234741784	0.118309859155
tum-	0.461166920201	0.395176575357	0.0892792898894	0.0543772145527
eno-	0.0335403726708	0.966459627329	0.0	0.0
aku-	0.39930759212	0.0337301056848	0.00880436383647	0.558157938359
ite-	0.407265774379	0.412045889101	0.0516252390057	0.129063097514
bis-	0.525462008653	0.188103780834	0.0708946931155	0.215539517398
lis-	0.163413223672	0.722084431022	0.0901882670437	0.0243140782625
tea-	0.0602006688963	0.71237458194	0.00668896321069	0.220735785953
tah-	0.248967551622	0.190560471976	0.419469026549	0.141002949852
ana-	0.0227129371787	0.910703991402	0.0154814054858	0.0511016659339
and-	0.0	0.994505494505	0.00274725274725	0.00274725274725
pid-	0.238175675676	0.589527027027	0.152027027027	0.0202702702703
bap-	0.734693877551	0.183673469388	0.0	0.0816326530612
poe-	0.0	1.0	0.0	0.0
une-	0.506493506494	0.396103896104	0.0974025974026	0.0
apt-	0.461732195327	0.538267804673	0.0	0.0
nun-	0.0779273080584	0.0155002609465	0.00763976334296	0.898932667652
euf-	0.0	1.0	0.0	0.0
der-	0.00796812749004	0.96812749004	0.0239043824702	0.0
kat-	0.0866309129426	0.545861312067	0.145751443191	0.2217563318
abi-	0.269218601708	0.663081303385	0.0316355583676	0.036064536539
ayu-	0.0949690534325	0.882246891148	0.0125631707456	0.0102208846743
mil-	0.520603549514	0.279522108527	0.0649553145353	0.134919027424
atb-	0.466101694915	0.35593220339	0.161016949153	0.0169491525424
dis-	0.402637703646	0.534264287561	0.0376691664512	0.0254288423412
igi-	0.24406779661	0.303389830508	0.0508474576271	0.401694915254
gan-	0.257735606077	0.250284800498	0.332738967076	0.159240626349
yut-	0.653919694073	0.294455066922	0.00573613766732	0.0458891013384
imm-	0.0	0.909090909091	0.0	0.0909090909091
ari-	0.0431497261521	0.907245076854	0.0180753183567	0.0315298786372
ini-	0.352267857433	0.125374059704	0.0352488162535	0.48710926661
bay-	0.131474878623	0.0884172616321	0.372343728121	0.407764131624
mig-	0.610013676423	0.222067711628	0.0512149522143	0.116703659735
gig-	0.618821365622	0.295731473676	0.0383171124225	0.0471300482795
uga-	0.205088426931	0.609370152032	0.0670183059261	0.11852311511
tai-	0.321729670927	0.258906717433	0.177862387816	0.241501223824
mey-	0.718629474931	0.11797653912	0.0596924160226	0.103701569927
paf-	0.0	1.0	0.0	0.0
lao-	0.0	1.0	0.0	0.0
uli-	0.078379908811	0.0545186458829	0.00472161377216	0.862379831534
abr-	0.0197518055943	0.946251147201	0.0289693148717	0.00502773233311
bik-	0.809813571238	0.0812383330506	0.0896021721738	0.0193459235375
zaq-	0.0102389078498	0.919795221843	0.0597269624573	0.0102389078498
nor-	0.0	0.585253456221	0.115207373272	0.299539170507
nen-	0.102875296265	0.0459721750832	0.00235695514447	0.848795573508
adm-	0.118279569892	0.881720430108	0.0	0.0
aig-	0.600985221675	0.0738916256157	0.147783251231	0.177339901478
zac-	0.0155682407888	0.910742086144	0.00103788271925	0.0726517903477
her-	0.0334166146159	0.911305434104	0.0389339995836	0.0163439516969
mul-	0.379976669477	0.541413999599	0.0431877769894	0.0354215539343
gaw-	0.609432261283	0.151051973771	0.0728811272112	0.166634637735
ate-	0.0379241516966	0.905189620759	0.0449101796407	0.0119760479042
euo-	0.145454545455	0.854545454545	0.0	0.0
kam-	0.128648983879	0.407692422412	0.0431893132871	0.420469280422
ibi-	0.752330835639	0.101354552155	0.00928723039619	0.137027381811
sin-	0.728935964617	0.193507761107	0.0170238012228	0.0605324730529
kim-	0.629600929872	0.234146971458	0.0426191398683	0.0936329588015
dor-	0.0	1.0	0.0	0.0
tag-	0.313970709232	0.510613789699	0.0835938785585	0.0918216225111
mew-	0.722933241093	0.112417848495	0.060186786579	0.104462123833
pat-	0.440304758756	0.306388899738	0.0310476815189	0.222258659987
alt-	0.0149867763738	0.974434322657	0.0105789009697	0.0
maw-	0.646456020495	0.122544833476	0.13877028181	0.0922288642186
kem-	0.343658679135	0.296317942724	0.279368790181	0.0806545879602
sed-	0.0	0.545454545455	0.454545454545	0.0
gen-	0.120212765957	0.758510638298	0.0861702127659	0.0351063829787
saw-	0.400611620795	0.232415902141	0.256880733945	0.110091743119
gru-	0.355882174846	0.539408809811	0.0167020515271	0.0880069638158
jam-	0.0478087649403	0.848605577689	0.0557768924302	0.0478087649402
kid-	0.0	1.0	0.0	0.0
rek-	0.160063391442	0.773375594295	0.0380348652932	0.0285261489699
por-	0.308876811594	0.566123188406	0.0815217391304	0.0434782608696
tip-	0.720912352181	0.153117045685	0.0103594245176	0.115611177617
alf-	0.0	1.0	0.0	0.0
pas-	0.245022356289	0.349057539554	0.0563407002651	0.349579403892
cos-	0.0355731225296	0.940711462451	0.0237154150198	0.0
dam-	0.437353754281	0.518108460697	0.0110230004786	0.0335147845433
sig-	0.348935273034	0.28183639047	0.115696816361	0.253531520135
nge-	0.18456793236	0.0948416668864	0.0185063345298	0.702084066224
zer-	0.0	1.0	0.0	0.0
nai-	0.0	0.892857142857	0.0	0.107142857143
bak-	0.0567638583377	0.244853477037	0.00511476462054	0.693267900005
ped-	0.0264566929134	0.96605424322	0.00206474190726	0.00542432195975
say-	0.269230769231	0.288461538462	0.423076923077	0.0192307692308
gug-	0.621981786281	0.272453839084	0.04386331356	0.0617010610744
epa-	0.113074204947	0.844522968198	0.0282685512367	0.0141342756184
asb-	0.0478568456097	0.88431127757	0.00249687890137	0.0653349979193
sap-	0.31681712488	0.36965987325	0.139128254229	0.174394747641
asi-	0.165140742102	0.705301327629	0.0617376991653	0.0678202311028
dia-	0.0840293040293	0.778461538462	0.0136263736264	0.123882783883
nan-	0.0947240054158	0.0488552191794	0.00604610113804	0.850374674267
ses-	0.435379644588	0.45120212867	0.0804903544616	0.0329278722798
mah-	0.15664556962	0.601265822785	0.15664556962	0.0854430379747
bir-	0.471905453038	0.0787891353929	0.342732738959	0.10657267261
tol-	0.0381373788453	0.904972608512	0.0278128950695	0.0290771175727
mel-	0.482205056981	0.321068532918	0.0954762602086	0.101250149892
kri-	0.0411067193676	0.776679841897	0.177470355731	0.00474308300396
ail-	0.767741935484	0.0580645161291	0.0387096774194	0.135483870968
mir-	0.638972160299	0.161962458561	0.0376833185046	0.161382062635
isa-	0.297478852974	0.449367803978	0.0486939095955	0.204459433452
joe-	0.04	0.96	0.0	0.0
mus-	0.226312201772	0.6612133606	0.0817995910021	0.0306748466258
eut-	0.0753768844221	0.894472361809	0.0301507537688	0.0
pud-	0.0	1.0	0.0	0.0
dio-	0.0188426180072	0.941167707489	0.00765013129255	0.032339543211
bab-	0.179485172397	0.492260770995	0.0259182271237	0.302335829485
ita-	0.180457745849	0.0951996162427	0.0408620582653	0.683480579643
siy-	0.791469194313	0.165876777251	0.0189573459716	0.0236966824645
war-	0.537783699928	0.111204049973	0.0212273441261	0.329784905972
ibp-	0.00170325316625	0.99452009036	0.00090657023365	0.00287008623971
moi-	0.0368709901832	0.949138130942	0.00278271624024	0.0112081626343
ura-	0.0534351145038	0.895674300255	0.0407124681934	0.0101781170483
kom-	0.134606280574	0.788859081584	0.0577560359791	0.0187786018621
biu-	0.102112676056	0.862676056338	0.0352112676056	0.0
ali-	0.134979028285	0.270732552497	0.122665692562	0.471622726656
jud-	0.0184689507495	0.859022401581	0.101507165212	0.0210014824576
tua-	0.0389610389611	0.255411255411	0.694805194805	0.0108225108225
uba-	0.0203966219838	0.969405067024	0.00140666358509	0.00879164740682
tau-	0.0310192907273	0.70270067114	0.0487232363008	0.217556801831
cis-	0.0	1.0	0.0	0.0
gey-	0.594059405941	0.128712871287	0.277227722772	0.0
mal-	0.23751065	0.209264701318	0.271271017472	0.28195363121
pek-	0.501664181027	0.165189321495	0.265485802127	0.0676606953515
eph-	0.0192307692308	0.980769230769	0.0	0.0
sab-	0.186861440707	0.229311111502	0.0161276006003	0.567699847192
aki-	0.897847045108	0.033979365692	0.011459083512	0.0567145056878
nin-	0.020542415438	0.0442501990826	0.00125508855344	0.933952296926
tik-	0.822359999828	0.094510130624	0.0243407558478	0.0587891137001
keu-	0.134328358209	0.820895522388	0.0	0.044776119403
sir-	0.299296528914	0.533241365128	0.148748575492	0.0187135304652
lyd-	0.00760456273764	0.969581749049	0.0	0.0228136882129
lim-	0.0849530706316	0.135980894418	0.0132420853502	0.7658239496
mab-	0.25368886611	0.292035634178	0.243106800898	0.211168698814
dim-	0.892296802629	0.0779496824028	0.010000144035	0.0197533709333
sak-	0.263367093286	0.421139945761	0.121595782909	0.193897178044
apa-	0.459317418958	0.218985126456	0.0791995260474	0.242497928538
ALL	0.21984168743	0.291293660176	0.05386620918	0.434998443214
san-	0.248669902607	0.380225832887	0.0270195732342	0.344084691272
dud-	0.655172413793	0.293103448276	0.0172413793103	0.0344827586207
ine-	0.485981308411	0.0	0.018691588785	0.495327102804
rah-	0.0427553444181	0.957244655582	0.0	0.0
bie-	0.103377251217	0.845504374766	0.00568549348041	0.0454328805365
mae-	0.020970985349	0.956430144594	0.00430910657857	0.0182897634779
cil-	0.0	1.0	0.0	0.0
per-	0.128566010377	0.783371745997	0.0544915540671	0.0335706895592
ger-	0.170694000122	0.808365843729	0.0095182527949	0.0114219033539
arm-	0.0758122743682	0.884476534296	0.0180505415162	0.0216606498195
cal-	0.204545454545	0.795454545455	0.0	0.0
big-	0.0718545106987	0.667182195101	0.0517147666074	0.209248527593
tel-	0.50566247019	0.382862847319	0.0599633963729	0.0515112861183
sob-	0.231826461335	0.53303527074	0.155654909753	0.0794833581719
lid-	0.0	1.0	0.0	0.0
gas-	0.293785310734	0.502824858757	0.0376647834275	0.165725047081
ata-	0.669381166837	0.168700357665	0.0605440720059	0.101374403493
dap-	0.541394079534	0.326810832987	0.0200754697317	0.111719617747
ins-	0.341173189551	0.508041275449	0.0927767965046	0.0580087384959
baw-	0.426545899762	0.431272133651	0.11374557327	0.0284363933174
dat-	0.843687916844	0.0404447701861	0.00740629131201	0.108461021658
lum-	0.543251850073	0.184621657764	0.0964425996193	0.175683892543
hez-	0.0	1.0	0.0	0.0
mes-	0.386035977177	0.339692495318	0.207021211725	0.0672503157803
num-	0.271748878924	0.599103139014	0.029596412556	0.0995515695067
inp-	0.22641509434	0.466981132076	0.0283018867925	0.278301886792
kla-	0.124161073825	0.76677852349	0.0687919463087	0.0402684563758
adi-	0.189075630252	0.63025210084	0.155462184874	0.0252100840336
ami-	0.0284090909091	0.9375	0.0340909090909	0.0
kur-	0.330022075055	0.646247240618	0.0132450331126	0.0104856512141
iku-	0.641279591538	0.143977288573	0.0253143737732	0.189428746116
atn-	0.967032967033	0.032967032967	0.0	0.0
ann-	0.0	1.0	0.0	0.0
cau-	0.0	0.95652173913	0.0434782608696	0.0
akb-	0.0	0.970853573907	0.029146426093	0.0
bug-	0.0303370786517	0.187640449438	0.572471910112	0.209550561798
a-u-	0.88060570763	0.0827023878858	0.0	0.0366919044846
jai-	0.087332808812	0.898505114083	0.00472069236823	0.00944138473642
tal-	0.146853656756	0.757910975603	0.0570690116609	0.0381663559799
gid-	0.0384615384615	0.961538461538	0.0	0.0
alp-	0.0236228300999	0.9343810275	0.0367466245998	0.00524951779998
bin-	0.601908691487	0.283011997352	0.0358734390349	0.0792058721268
lem-	0.0	0.98	0.0	0.02
alb-	0.277524774424	0.664011884771	0.023244460802	0.0352188800031
paw-	0.375142966069	0.403354937095	0.0758673274876	0.145634769348
mua-	0.00754352030948	0.881044487427	0.103288201161	0.00812379110252
dak-	0.0595153953497	0.282317548343	0.566438318926	0.091728737382
wan-	0.00320812725571	0.24047587221	0.745889586954	0.0104264135811
pon-	0.0288108957569	0.961760083814	0.00942902042955	0.0
hig-	0.0469378632097	0.902548055431	0.0384443451051	0.0120697362539
sik-	0.333225318643	0.453769712681	0.129239576582	0.0837653920934
bui-	0.0602701119948	0.934232276438	0.000610845729677	0.0048867658374
nga-	0.584016223695	0.0406635901772	0.00354177034829	0.37177841578
ben-	0.172283123562	0.755785627284	0.0252402219516	0.0466910272026
seg-	0.777251184834	0.18009478673	0.0189573459716	0.0236966824645
kia-	0.210450018975	0.101801407849	0.0167106714819	0.671037901694
beg-	0.86320754717	0.0896226415094	0.0283018867925	0.0188679245283
kei-	0.0925196850394	0.66437007874	0.229822834646	0.0132874015748
pin-	0.49487771045	0.243303851811	0.0797631593438	0.182055278396
cyp-	0.0103359173127	0.987080103359	0.00258397932817	0.0
biw-	0.505494505495	0.307692307692	0.131868131868	0.054945054945
bun-	0.0532156971014	0.831336295565	0.0372647387972	0.0781832685359
ili-	0.704433624322	0.178297258027	0.0255502546836	0.0917188629669
lam-	0.0659724986804	0.795229290704	0.0678715818715	0.070926628744
til-	0.620481927711	0.236842105263	0.0856055802155	0.0570703868104
gat-	0.0477830163692	0.856068231181	0.0635694231075	0.0325793293425
its-	0.317594654788	0.572828507795	0.0427616926504	0.0668151447662
ent-	0.656126482213	0.177865612648	0.0474308300395	0.118577075099
idi-	0.393636363636	0.466363636364	0.0318181818182	0.108181818182
sat-	0.0861776353008	0.903828021874	0.00773147275128	0.00226287007354
pur-	0.258340599894	0.546977599785	0.154589354956	0.040092445365
esl-	0.0	1.0	0.0	0.0
ani-	0.0438903798104	0.810742567058	0.100815673625	0.0445513795064
dik-	0.141496676825	0.799973780949	0.0286613737705	0.0298681684556
kis-	0.644540644541	0.150553150553	0.03848003848	0.166426166426
bei-	0.209351753454	0.567481402763	0.0223166843783	0.200850159405
sun-	0.113690550885	0.84176182708	0.0328773999247	0.0116702221107
eub-	0.0476190476191	0.952380952381	0.0	0.0
fle-	0.0	1.0	0.0	0.0
ban-	0.0388047948538	0.415578958935	0.0661121477882	0.479504098423
hal-	0.257407407407	0.110052910053	0.0738095238095	0.55873015873
yug-	0.824561403509	0.140350877193	0.0	0.0350877192982
tey-	0.176470588235	0.764705882353	0.0588235294118	0.0
ter-	0.0645260408665	0.892994315563	0.0150560762022	0.0274235673682
cuz-	0.0	1.0	0.0	0.0
iyi-	0.723981900453	0.221719457014	0.0	0.0542986425339
esq-	0.0	0.466666666667	0.533333333333	0.0
did-	0.54404315197	0.36796435272	0.0545028142589	0.0334896810506
nam-	0.106357518723	0.0431327333503	0.0522823497846	0.798227398142
ebe-	0.0	1.0	0.0	0.0
ale-	0.025087108014	0.845296167247	0.112891986063	0.016724738676
ker-	0.184689323721	0.333333333333	0.443529007896	0.0384483350498
tid-	0.409523809524	0.295238095238	0.0	0.295238095238
tib-	0.629153528984	0.284259034683	0.0378365268009	0.0487509095319
bon-	0.132736370819	0.778772715302	0.0884909138794	0.0
oli-	0.018206338503	0.895819285233	0.0849629130142	0.00101146325017
luc-	0.00790513833992	0.98418972332	0.0	0.00790513833992
mea-	0.442996742671	0.351791530945	0.0879478827362	0.117263843648
jec-	0.0	1.0	0.0	0.0
ula-	0.211075718617	0.517633350816	0.1678051963	0.103485734266
kue-	0.0408472012103	0.918305597579	0.0136157337368	0.0272314674735
kon-	0.0496773225274	0.862674470959	0.0552303767072	0.0324178298064
me--	0.378881987578	0.487577639752	0.0916149068323	0.0419254658385
eli-	0.0139183754626	0.912962048374	0.00384839874542	0.0692711774176
mut-	0.252830188679	0.407547169811	0.0679245283019	0.271698113207
col-	0.0	1.0	0.0	0.0
but-	0.0382313187874	0.917551650898	0.0161421123769	0.0280749179378
uzz-	0.0	1.0	0.0	0.0
heg-	0.14746703678	0.480916030534	0.0506592643997	0.320957668286
hel-	0.0212765957447	0.978723404255	0.0	0.0
tuk-	0.546265266427	0.297369626047	0.0424691622028	0.113895945324
ene-	0.0	1.0	0.0	0.0
pan-	0.343453701353	0.389125548824	0.0726221849822	0.194798564841
orn-	0.0263157894737	0.973684210526	0.0	0.0
nim-	0.0	1.0	0.0	0.0
tor-	0.0222974856207	0.952617843056	0.0250846713232	0.0
lec-	0.0	1.0	0.0	0.0
sen-	0.28877617801	0.608147905759	0.0834424083769	0.0196335078534
jod-	0.0	1.0	0.0	0.0
lin-	0.635083530359	0.0928465848233	0.024861784876	0.247208099941
tup-	0.311000850203	0.609974343597	0.0204784712839	0.0585463349154
yam-	0.0483183325438	0.951681667456	0.0	0.0
pug-	0.239823982398	0.676567656766	0.07700770077	0.006600660066
oka-	0.09726443769	0.677811550152	0.224924012158	0.0
ina-	0.778113324689	0.11106494116	0.0351953538906	0.0756263802609
cre-	0.0374331550802	0.933155080214	0.0160427807487	0.0133689839572
mai-	0.150513337216	0.235722508505	0.501711124054	0.112053030225
dip-	0.406914893617	0.348404255319	0.172872340425	0.0718085106382
pen-	0.513247391478	0.366742379993	0.0510602763863	0.068949952143
oyn-	0.361786082547	0.248088959372	0.0231675478818	0.366957410199
rab-	0.294117647059	0.521008403361	0.0	0.18487394958
ape-	0.0	1.0	0.0	0.0
dun-	0.0892959358901	0.711505437894	0.17859187178	0.0206067544362
kab-	0.156038191735	0.347281986087	0.115918030629	0.380761791548
uku-	0.248179275419	0.612586896964	0.0547045227262	0.0845293048905
nuk-	0.0636354897626	0.0801691819668	0.00692108045756	0.849274247813
und-	0.177584846093	0.680347277032	0.0947119179163	0.0473559589582
gim-	0.301724137931	0.625	0.073275862069	0.0
lab-	0.122345341551	0.163808707008	0.058371200102	0.655474751339
gul-	0.299528579217	0.554876158509	0.0442558286209	0.101339433654
isp-	0.227848101266	0.551898734177	0.0303797468355	0.189873417721
tia-	0.07963841542	0.537819842848	0.118863306597	0.263678435135
obr-	0.232595772225	0.53290067624	0.0384962610932	0.196007290442
kau-	0.0355919923583	0.911589709549	0.0329347861283	0.0198835119645
iba-	0.175452335087	0.0613696214336	0.0125231819654	0.750654861514
ino-	0.841876629018	0.126846220678	0.020851433536	0.010425716768
bas-	0.429266315363	0.486826104581	0.0474260235103	0.0364815565464
mim-	0.392744611985	0.258637531791	0.285532531674	0.06308532455
dir-	0.361893828482	0.389981360972	0.118103075762	0.130021734784
mid-	0.474272908391	0.237778667668	0.170278599268	0.117669824672
teo-	0.0268948655256	0.929095354523	0.0293398533007	0.0146699266504
men-	0.603200197925	0.15374788902	0.0579565222045	0.18509539085
ang-	0.0492636439931	0.530251240179	0.0644416060029	0.356043509825
pun-	0.417922463767	0.435754612309	0.0351861576593	0.111136766265
dug-	0.300392037065	0.165521103813	0.125757344331	0.408329514791
pim-	1.0	0.0	0.0	0.0
tur-	0.289420675207	0.634114898074	0.0154701474498	0.0609942792685
day-	0.0209911961887	0.944472345176	0.0201198635168	0.0144165951183
ma--	0.305194805195	0.548701298701	0.116883116883	0.0292207792208
666-	0.0344827586207	0.0	0.0	0.965517241379
kop-	0.0106707317073	0.982012195122	0.00365853658537	0.00365853658536
iko-	0.285442937793	0.577903234316	0.0812536273941	0.055400200496
cai-	0.0	0.996041563582	0.000989609104401	0.00296882731321
sod-	0.00475061311331	0.990498773773	0.0	0.00475061311331
kun-	0.0733726985897	0.0137419379364	0.0016726010213	0.911212762453
pul-	0.0699796107046	0.484912358292	0.0285019967529	0.41660603425
har-	0.0764499767219	0.923550023278	0.0	0.0
kan-	0.0898228032892	0.058019098358	0.0122290358736	0.839929062479
agi-	0.140243902439	0.859756097561	0.0	0.0
lig-	0.246285220816	0.668172965847	0.0717307513358	0.0138110620011
atd-	0.480769230769	0.223372781065	0.180473372781	0.115384615385
ref-	0.0	1.0	0.0	0.0
dek-	0.822929542645	0.128862793572	0.00278121137206	0.0454264524103
mum-	0.0954397854016	0.161089933644	0.471928090734	0.271542190221
inu-	0.762067460417	0.177733138392	0.0172512694003	0.0429481317898
kum-	0.501589935692	0.227493691684	0.15908138253	0.111834990094
met-	0.102467865608	0.0802150850052	0.135565775587	0.6817512738
tao-	0.201923076923	0.625	0.173076923077	0.0
mna-	0.0849056603774	0.801886792453	0.0566037735849	0.0566037735849
nef-	0.0	1.0	0.0	0.0
ces-	0.00970176068989	0.937477542221	0.0	0.0528206970895
aos-	0.927272727273	0.0	0.0727272727273	0.0
ken-	0.205998469521	0.0730987596125	0.0157969589487	0.705105811917
pib-	0.215619577795	0.649707729097	0.0715866549534	0.0630860381544
hil-	0.1625	0.6125	0.225	0.0
abo-	0.00738007380072	0.970479704797	0.0221402214022	0.0
bub-	0.40552976852	0.413731889706	0.135780056424	0.0449582853493
ilu-	0.189922741661	0.765389554419	0.018302942563	0.0263847613571
mat-	0.341787501378	0.347895751285	0.205557189922	0.104759557415
nit-	0.156623627654	0.132829627293	0.0177034329706	0.692843312083
sug-	0.164892086331	0.673381294964	0.147913669065	0.0138129496403
aka-	0.580974305002	0.160279043035	0.0344935360311	0.224253115931
kin-	0.0327888741814	0.00683050674923	0.00277203811165	0.957608580958
has-	0.0471584038694	0.916565900846	0.0290205562273	0.00725513905685
mem-	0.343020547364	0.487889563309	0.0767476305062	0.0923422588206
mad-	0.406041285268	0.449926704393	0.12597426576	0.0180577445799
par-	0.111254059103	0.412559169148	0.0332428898042	0.442943881944
dua-	0.0502092050209	0.414225941423	0.485355648536	0.0502092050209
ala-	0.125224308846	0.392943641838	0.0598976629829	0.421934386334
jul-	0.0136054421769	0.986394557823	0.0	0.0
gob-	0.0219858577456	0.940043971716	0.0177669499079	0.020203220631
qua-	0.115384615385	0.884615384615	0.0	0.0
dig-	0.795757041054	0.140755187123	0.0496120938575	0.0138756779654
nah-	0.0	1.0	0.0	0.0
sol-	0.0	1.0	0.0	0.0
zeu-	0.0384615384615	0.961538461538	0.0	0.0
pom-	0.756756756757	0.121621621622	0.121621621622	0.0
feb-	0.0	1.0	0.0	0.0
cni-	0.173285198556	0.714801444043	0.0	0.111913357401
tha-	0.307692307692	0.494505494506	0.0	0.197802197802
sag-	0.301301508403	0.372434699694	0.202261961978	0.124001829925
yar-	0.555096418733	0.402203856749	0.0165289256198	0.0261707988981
bib-	0.511337061515	0.303202846975	0.0898830706661	0.0955770208439
tre-	0.00376364320662	0.163342115167	0.387655250282	0.445238991344
yen-	0.227861541728	0.0606285835634	0.00955616903802	0.70195370567
gay-	0.0396744659206	0.850457782299	0.0	0.10986775178
beb-	0.62905982906	0.232478632479	0.0512820512821	0.0871794871795
ipa-	0.62432714199	0.262695766513	0.0388756794238	0.0741014120736
ira-	0.611510791367	0.302158273381	0.0	0.0863309352518
reu-	0.0	1.0	0.0	0.0
pii-	0.27032967033	0.610989010989	0.0791208791209	0.0395604395604
iyu-	0.711763860237	0.178224220956	0.0349917428496	0.075020175958
dan-	0.0990009036058	0.429598258159	0.0673966844334	0.404004153802
ubi-	0.0265078755282	0.767191701883	0.203995389935	0.00230503265463
lug-	0.172425687116	0.705929284098	0.0124735868892	0.109171441897
gre-	0.0	0.911764705882	0.0	0.0882352941176
eba-	0.0	0.977777777778	0.0222222222222	0.0
kag-	0.206062780764	0.504937308942	0.109214239875	0.179785670418
hay-	0.168697282099	0.123711340206	0.078725398313	0.628865979382
cri-	0.01988393737	0.941523413263	0.014204897989	0.0243877513778
mis-	0.323239775758	0.18784566274	0.0822644630567	0.406650098446
la’-	0.79197080292	0.164233576642	0.0	0.043795620438
elm-	0.0	1.0	0.0	0.0
ran-	0.222562384473	0.13747689464	0.0199861367837	0.619974584104
iso-	0.55	0.45	0.0	0.0
din-	0.190585798032	0.0466038363112	0.0131869808817	0.749623384775
rin-	0.0350278104709	0.0287898244165	0.0126432575498	0.923539107563
agr-	0.00380228136882	0.996197718631	0.0	0.0
was-	0.552901023891	0.266211604096	0.0409556313993	0.139931740614
miy-	0.452229519771	0.216393116641	0.136101395229	0.195275968359
pig-	0.616322724313	0.215674767467	0.104332307	0.0636702012204
sos-	0.0439882697947	0.760508308895	0.160312805474	0.0351906158358
mup-	0.626570915619	0.183123877917	0.0188509874327	0.17145421903
mi--	0.111969111969	0.764478764479	0.0617760617761	0.0617760617761
deg-	0.324549237171	0.320388349515	0.199722607489	0.155339805825
kua-	0.432929692353	0.474517219143	0.06276782184	0.029785266664
tat-	0.315155996174	0.554822144239	0.0929740129084	0.0370478466789
bit-	0.13516300468	0.668279527247	0.0115808677719	0.184976600301
ser-	0.369689810561	0.495559347246	0.0735004593778	0.0612503828149
meb-	0.362098187087	0.345414697719	0.204030224023	0.0884568911709
pro-	0.015936939717	0.961056056623	0.010937115492	0.012069888168
cef-	0.201492537313	0.798507462687	0.0	0.0
nia-	0.23646186795	0.124910958351	0.0221068920868	0.616520281611
pot-	0.119542799366	0.0481533975773	0.0419176049726	0.790386198084
mam-	0.525106487571	0.334694475716	0.0710343394307	0.0691646972824
utu-	0.182026371395	0.749979342014	0.029039226565	0.0389550600262
esa-	0.0	1.0	0.0	0.0
kew-	0.463378578148	0.123773686332	0.0580567128074	0.354791022712
sia-	0.0124367469681	0.0244062933888	0.058038152518	0.905118807125
ugt-	0.102362204724	0.448818897638	0.389763779528	0.0590551181102
sis-	0.477643811758	0.37934182515	0.0836341304634	0.0593802326291
gil-	0.286120490492	0.568331259996	0.0765061311534	0.069042118358
mag-	0.549490222152	0.222262587537	0.0793626599049	0.148884530406
aug-	0.0671641791045	0.932835820896	0.0	0.0
pai-	0.524498183252	0.231747677503	0.105972355702	0.137781783543
ama-	0.125593435377	0.781209073422	0.0129174510927	0.080280040108
abu-	0.437101515947	0.377879687466	0.0737487510872	0.1112700455
kas-	0.167963607444	0.696533763077	0.0612349039692	0.0742677255097
fri-	0.0	0.972789115646	0.0272108843537	0.0
reg-	0.0847997959704	0.847827935051	0.0363427697016	0.0310294992774
pla-	0.142401844443	0.791143961484	0.0583169458195	0.00813724825388
alu-	0.216296324997	0.695218814778	0.0386485596389	0.049836300587
mac-	0.00153178452898	0.97778912433	0.0191473066122	0.00153178452898
map-	0.225981005343	0.206411325021	0.213053045969	0.354554623667
ico-	0.0	1.0	0.0	0.0
ler-	0.526315789474	0.0526315789474	0.0	0.421052631579
bet-	0.0127711331847	0.986012568417	0.0	0.00121629839854
vis-	0.0191956124314	0.954753199269	0.00548446069471	0.0205667276051
hip-	0.044870694453	0.931645577609	0.0	0.023483727938
law-	0.708093098186	0.191410886892	0.0301212480922	0.0703747668306
sal-	0.167272925992	0.732977738033	0.07489412273	0.0248552132452
asu-	0.131688112615	0.78245490445	0.0456783592482	0.0401786236865
aks-	0.178571428571	0.767857142857	0.0178571428571	0.0357142857143
gab-	0.0637178487919	0.857755261107	0.00526110678098	0.0732657833204
sek-	0.307583072991	0.560068162454	0.040897472309	0.0914512922465
den-	0.1322082216	0.085093867866	0.00317786082714	0.779520049707
pip-	0.448447325747	0.420376494768	0.0844184438545	0.0467577356303
yan-	0.268603030401	0.0217289930375	0.00742027880506	0.702247697756
sim-	0.154414756544	0.825817170758	0.00881595008815	0.0109521226095
gua-	0.122047859861	0.864657734216	0.00312809551118	0.0101663104113
min-	0.548221969995	0.136640703326	0.0789354773355	0.236201849343
est-	0.0726524187201	0.820911787855	0.0486771205425	0.0577586728825
ren-	0.162287801436	0.0913128294525	0.0249034989416	0.72149587017
sul-	0.159857945548	0.733326139233	0.0308075918606	0.0760083233575
lul-	0.507898276813	0.235647849031	0.025979352182	0.230474521973
das-	0.716399005882	0.123717954179	0.0270571298359	0.132825910103
tab-	0.00680272108843	0.986394557823	0.00680272108843	0.0
igo-	0.658536585366	0.292682926829	0.0	0.0487804878049
gal-	0.0856337447145	0.842895940046	0.0187012272681	0.0527690879714
ida-	0.621946851945	0.168469307356	0.110020772151	0.0995630685481
kar-	0.0462655577263	0.0504167477636	0.0243594368043	0.878958257706
nue-	0.0104166666667	0.0208333333333	0.40625	0.5625
kay-	0.155260707607	0.160888934954	0.0214600394058	0.662390318033
abl-	0.308374006866	0.579061765187	0.04304404099	0.0695201869574
mia-	0.380473612175	0.367742379768	0.184641605908	0.0671424021486
ati-	0.362155312735	0.110772766279	0.0211147407695	0.505957180217
imo-	0.0685591858597	0.44349223353	0.404392072844	0.0835565077665
nar-	0.0200445434298	0.906458797327	0.0734966592428	0.0
not-	0.0	0.948717948718	0.0	0.0512820512821
jot-	0.0	1.0	0.0	0.0
bag-	0.0895289160106	0.717092871408	0.0151202087453	0.178258003836
jor-	0.0	1.0	0.0	0.0
mun-	0.271621717707	0.0797149025929	0.0886733375574	0.559990042143
mei-	0.309523809524	0.595238095238	0.0952380952381	0.0
clo-	0.0567823343849	0.92429022082	0.0	0.018927444795
peg-	0.696370569129	0.130772489761	0.0522525067081	0.120604434402
kak-	0.272366206909	0.393341359652	0.129514725157	0.204777708282
sue-	0.274924471299	0.429003021148	0.259818731118	0.0362537764351
one-	0.0471930813367	0.0230229101895	0.00222003999903	0.927563968475
agn-	0.333853354134	0.399375975039	0.0686427457098	0.198127925117
kik-	0.555471150162	0.224674460347	0.0969392213939	0.122915168097
gog-	0.0	1.0	0.0	0.0
saf-	0.0832517140058	0.567091087169	0.0617042115574	0.287952987267
kap-	0.0942177105924	0.566405532842	0.0522395087756	0.28713724779
sil-	0.258473612969	0.692205106349	0.0305653007049	0.018755979978
ake-	0.359083969466	0.44427480916	0.0256488549618	0.170992366412
lal-	0.188297893277	0.402527795778	0.108169780336	0.30100453061
bua-	0.0106589147287	0.986434108527	0.0	0.00290697674419
jas-	0.0176991150442	0.982300884956	0.0	0.0
kib-	0.564516129032	0.435483870968	0.0	0.0
mep-	0.6239361297	0.195106980662	0.0633953946121	0.117561495026
pag-	0.28107266722	0.540888909724	0.0876295854109	0.0904088376455
gus-	0.226721149084	0.710128776622	0.0111441307578	0.0520059435364
gau-	0.420118343195	0.579881656805	0.0	0.0
asn-	0.0185185185185	0.972472472472	0.0	0.00900900900901
gra-	0.0272736524305	0.899928762848	0.0576003256555	0.0151972590658
neg-	0.247098464994	0.619524522651	0.0379071508798	0.0954698614751
iny-	0.15441831281	0.0240952840725	0.00262427141938	0.818862131698
gel-	0.304514889529	0.343900096062	0.351585014409	0.0
sau-	0.30937860781	0.589269949066	0.0354634974533	0.0658879456707
esm-	0.00995024875622	0.8407960199	0.149253731343	0.0
pri-	0.143941895015	0.748761967646	0.0749422251568	0.0323539121823
amp-	0.0213676609926	0.037965171366	0.00921357859314	0.931453589048
tro-	0.0235874273056	0.963734330518	0.00619169966772	0.00648654250904
kit-	0.789854254047	0.0409952205184	0.0665713508324	0.102579174603
gol-	0.0	1.0	0.0	0.0
ela-	0.0	1.0	0.0	0.0
aiw-	0.148936170213	0.489361702128	0.212765957447	0.148936170213
uri-	0.160792951542	0.740088105727	0.0660792951542	0.0330396475771
kes-	0.0781519892272	0.0852656885624	0.0540753953426	0.782506926868
nag-	0.0	1.0	0.0	0.0
bai-	0.276007215875	0.376428141912	0.285027059531	0.0625375826819
miw-	0.422914466737	0.447201689546	0.0633579725449	0.0665258711721
leg-	0.223174454097	0.511563747359	0.200692650857	0.0645691476873
itu-	0.733195893607	0.181698646858	0.0248077117524	0.0602977477825
had-	0.0482142857143	0.785714285714	0.144642857143	0.0214285714286
kad-	0.0423711125026	0.190217769429	0.716621442983	0.0507896750852
cap-	0.00426894343651	0.98826040555	0.00213447171825	0.00533617929562
fen-	0.0317880794702	0.884768211921	0.0476821192053	0.0357615894039
pus-	0.0960397201312	0.806364360569	0.0261589669802	0.0714369523198
tam-	0.0159053195192	0.0205641503101	0.00528721910757	0.958243311063
upa-	0.0913273902195	0.773498137964	0.0240345778901	0.111139893927
tir-	0.589636688505	0.380583680762	0.000893388921978	0.0288862418106
man-	0.455955706311	0.178987724823	0.0572304821728	0.307826086693
koy-	0.443037974684	0.556962025316	0.0	0.0
lek-	0.627345844504	0.193699731903	0.0422252010724	0.13672922252
ald-	0.0241178483302	0.889246539011	0.0133786893229	0.0732569233359
tud-	0.460606060606	0.339393939394	0.0969696969697	0.10303030303
sie-	0.889064976228	0.110935023772	0.0	0.0
bus-	0.255782312925	0.676190476191	0.0353741496598	0.0326530612245
ain-	0.544234150438	0.362200729533	0.0451190958686	0.0484460241603
lub-	0.251637702344	0.317977074628	0.132295834748	0.298089388279
tap-	0.115355198632	0.375804202097	0.396634723534	0.112205875737
lup-	0.212253268393	0.702384004102	0.0138426044604	0.0715201230454
lar-	0.0486448647132	0.873388447553	0.0452325821966	0.032734105537
deb-	0.055	0.535	0.41	0.0
are-	0.184838816151	0.785454945539	0.02970623831	0.0
ame-	0.00344115622849	0.0729525120441	0.0240880935994	0.899518238128
dom-	0.0428380187416	0.862115127175	0.0348058902276	0.0602409638554
ike-	0.369863013699	0.547945205479	0.0821917808219	0.0
lai-	0.0	1.0	0.0	0.0
yum-	0.029702970297	0.019801980198	0.891089108911	0.0594059405941
teg-	0.641868512111	0.223183391003	0.0726643598616	0.0622837370242
ulu-	0.680463576159	0.225165562914	0.0745033112583	0.0198675496689
bos-	0.0468064358849	0.943442223306	0.0	0.00975134080935
pam-	0.292733684361	0.569671910221	0.0780923019119	0.0595021035065
sel-	0.703132268941	0.181427002451	0.0323499930458	0.0830907355628
laz-	0.00865176640231	0.961427541456	0.00216294160058	0.0277577505407
job-	0.0384615384615	0.961538461538	0.0	0.0
siw-	0.0391444713478	0.951304815712	0.00390099542642	0.00564971751413
ehi-	0.00843261475924	0.9220523687	0.0562174317282	0.0132975848126
aqu-	0.003003003003	0.990990990991	0.0	0.006006006006
ket-	0.225630979803	0.102107743108	0.0468118009306	0.625449476158
dru-	0.0	0.978260869565	0.0217391304348	0.0
dob-	0.106485963214	0.104549854792	0.465634075508	0.323330106486
adr-	0.0553505535055	0.811808118081	0.132841328413	0.0
leb-	0.14880952381	0.74962797619	0.0977182539683	0.00384424603174
mon-	0.331384015595	0.329109811566	0.0438596491228	0.295646523717
gri-	0.043578421962	0.416586676905	0.519101555001	0.0207333461317
ome-	0.0142857142857	0.947619047619	0.0380952380952	0.0
ram-	0.0392156862745	0.960784313725	0.0	0.0
ort-	0.149544863459	0.749024707412	0.0624187256177	0.0390117035111
pit-	0.103250059	0.153461897216	0.0521728869559	0.691115156828
adu-	0.211041570478	0.0788744677577	0.0127823663195	0.697301595445
lap-	0.399034568466	0.36263989273	0.153804493574	0.0845210452301
ara-	0.197403697155	0.337241573273	0.0388102373629	0.426544492209
gew-	0.699279165792	0.157253831619	0.0366715655399	0.106795437049
las-	0.519551498931	0.349615299738	0.0899950922456	0.0408381090863
pem-	0.742795527926	0.159799527734	0.0427087851188	0.0546961592213
eti-	0.0927643784786	0.842300556586	0.0371057513915	0.0278293135436
esp-	0.0144330391788	0.920082245922	0.0566120760695	0.00887263883
bes-	0.0808585710084	0.793296089386	0.0455748309321	0.0802705086739
sip-	0.299506259919	0.551049197672	0.0634808675719	0.0859636748368
pad-	0.127652597555	0.835808310301	0.0126481472806	0.0238909448634
mib-	0.631237711791	0.180653281192	0.0736891922989	0.114419814718
atl-	0.0232523914643	0.0236448368899	0.0135393671817	0.939563404464
arf-	0.0	1.0	0.0	0.0
cle-	0.0431034482758	0.939655172414	0.0172413793104	0.0
reb-	0.1303514377	0.809584664537	0.0332268370607	0.0268370607029
dum-	0.514027710477	0.170533595053	0.0654777059601	0.24996098851
ema-	0.0204081632653	0.897959183673	0.0408163265306	0.0408163265306
zeb-	0.00290486564996	0.99709513435	0.0	0.0
pis-	0.436891131365	0.377826293986	0.0793190268638	0.105963547786
mie-	0.403309820944	0.290884427564	0.189907759088	0.115897992404
bih-	0.252508361204	0.622073578595	0.120401337793	0.00501672240803
ten-	0.591139581653	0.324088101039	0.0231197229021	0.0616525944055
tiw-	0.409821428571	0.351785714286	0.158035714286	0.0803571428571
pet-	0.757995518436	0.18944795274	0.0213892849867	0.0311672438378
his-	0.0146699266504	0.911980440098	0.0733496332518	0.0
sai-	0.334117647059	0.496470588235	0.0211764705882	0.148235294118
apo-	0.0349976224441	0.90261531146	0.023395149786	0.03899191631
fan-	0.0	1.0	0.0	0.0
tra-	0.203821656051	0.713375796178	0.0573248407643	0.0254777070063
lot-	0.0	0.989619377163	0.0	0.0103806228374
gag-	0.537528772679	0.288794599773	0.0682259295636	0.105450697985
atu-	0.601859655037	0.297085978613	0.0479427683203	0.0531115980299
nua-	0.762282091918	0.123613312203	0.0665610142631	0.0475435816165
awa-	0.304247990815	0.636050516648	0.0597014925373	0.0
ima-	0.0375756574066	0.924644499162	0.0210869573085	0.0166928861227
nay-	0.624605678234	0.337539432177	0.0	0.0378548895898
ebi-	0.397312859885	0.464491362764	0.0230326295585	0.115163147793
kao-	0.223367697595	0.316151202749	0.171821305842	0.288659793814
rub-	0.0222057735011	0.914877868246	0.0555144337528	0.00740192450035
bau-	0.0370607028754	0.576996805112	0.370607028754	0.0153354632588
mik-	0.40341940811	0.273427817841	0.0948528223325	0.228299951716
fes-	0.01598676957	0.98401323043	0.0	0.0
tis-	0.180904522613	0.758793969849	0.0603015075377	0.0
meu-	0.369795342272	0.465067043049	0.0508115737474	0.114326040932
jeo-	0.0	1.0	0.0	0.0
bul-	0.0501438371422	0.427069061943	0.48610543512	0.0366816657953
ony-	0.0	0.878787878788	0.121212121212	0.0
dav-	0.0	0.994788349065	0.00138977358272	0.00382187735248
wak-	0.190503432494	0.634439359268	0.108123569794	0.0669336384439
jop-	0.0252307692308	0.967384615385	0.00738461538462	0.0
tan-	0.427860093836	0.430101781541	0.0396093280489	0.102428796574
dep-	0.693659225562	0.176438139374	0.0146345198828	0.115268115182
bar-	0.047714846183	0.90495249679	0.0272677263307	0.0200649306962
bil-	0.164785000734	0.15400532692	0.0291862115249	0.652023460821
lun-	0.429616092162	0.428049277757	0.0789735463532	0.0633610837281
kup-	0.193548387097	0.322580645161	0.424317617866	0.0595533498759
aga-	0.339962182956	0.149263219665	0.024695181587	0.486079415792
ipi-	0.75	0.228571428571	0.00714285714286	0.0142857142857
piu-	0.201086956522	0.788043478261	0.0	0.0108695652174
pia-	0.303953050603	0.546561842542	0.102978629166	0.046506477688
lah-	0.0487902572887	0.913967223174	0.010397225134	0.0268452944034
sid-	0.416708989335	0.473590655155	0.0632300660234	0.0464702894871
sur-	0.630335365854	0.205792682927	0.0365853658536	0.127286585366
bel-	0.627670998508	0.280359287976	0.0261184521859	0.0658512613301
ing-	0.195938024081	0.0175034001011	0.0013255135115	0.785233062306
zio-	0.0	0.994318181818	0.0	0.00568181818182
wal-	0.113207868035	0.115347769401	0.0419619069213	0.729482455643
jef-	0.0	1.0	0.0	0.0
leo-	0.0137795275591	0.879921259843	0.106299212598	0.0
pru-	0.752252252252	0.157657657658	0.027027027027	0.0630630630631
pa--	0.347542627884	0.525075225677	0.0361083249749	0.0912738214644
dut-	0.00938967136149	0.967136150235	0.0234741784038	0.0
tiu-	0.529880478088	0.332005312085	0.0610889774236	0.0770252324036
lih-	0.0958298032571	0.541278358279	0.208792243246	0.154099595218
pih-	0.305483028721	0.201044386423	0.164490861619	0.328981723238
meg-	0.7142483043	0.0986290557562	0.0497626573525	0.137359982591
lui-	0.0714285714286	0.902597402597	0.012987012987	0.012987012987
aya-	0.583041238426	0.254534189956	0.0909553837406	0.0714691878772
sar-	0.0657140259565	0.146767350271	0.322913053704	0.464605570068
mar-	0.0936098943627	0.310505274332	0.382692574568	0.213192256737
uma-	0.707547169811	0.292452830189	0.0	0.0
bee-	0.0796703296703	0.92032967033	0.0	0.0
ret-	0.285630310479	0.186528082082	0.0877732057928	0.440068401646
kah-	0.0597014925373	0.791044776119	0.149253731343	0.0
zad-	0.0	1.0	0.0	0.0
teu-	0.274509803922	0.725490196078	0.0	0.0
noe-	0.0	1.0	0.0	0.0
qui-	0.0521739130435	0.947826086957	0.0	0.0
nap-	0.0935779816513	0.803669724771	0.0715596330275	0.0311926605504
gaz-	0.025	0.575	0.05	0.35
art-	0.017026106697	0.976163450624	0.0	0.00681044267879
ido-	0.00473596968979	0.858710237588	0.123924540216	0.0126292525061
nab-	0.308771929825	0.301754385965	0.305263157895	0.0842105263158
bal-	0.371711542787	0.448663164189	0.018672063047	0.160953229977
mip-	0.539840546008	0.264328699933	0.10757930487	0.0882514491883
dec-	0.0	0.765550239234	0.0	0.234449760766
pei-	0.642982627367	0.26761663088	0.0374780402108	0.0519227015421
sad-	0.206887627471	0.463666456165	0.190515036534	0.13893087983
pub-	0.097235462345	0.419447092469	0.157292659676	0.32602478551
gub-	0.181818181818	0.38961038961	0.376623376623	0.0519480519481
top-	0.0	0.837209302326	0.162790697674	0.0
kub-	0.142180094787	0.836756187467	0.0210637177462	0.0
tun-	0.211843993633	0.10406880899	0.0783636072368	0.60572359014
isc-	0.0	0.996383363472	0.0	0.00361663652803
lut-	0.780487804878	0.170731707317	0.0	0.0487804878049
eur-	0.0397350993377	0.913907284768	0.0331125827814	0.0132450331126
sop-	0.08	0.84	0.08	0.0
dad-	0.71201525747	0.176414494596	0.0715193897012	0.0400508582327
tes-	0.0668438096819	0.887694096155	0.0118325998505	0.0336294943121
tas-	0.0971826838127	0.632865416708	0.174928830863	0.0950230686168
ku’-	0.663636363636	0.254545454545	0.0	0.0818181818182
amb-	0.228752978554	0.661636219222	0.0905480540111	0.0190627482129
set-	0.0	1.0	0.0	0.0
kaa-	0.0813953488372	0.232558139535	0.480620155039	0.205426356589
ele-	0.0	1.0	0.0	0.0
ais-	0.497041420118	0.23415046492	0.065934065934	0.202874049028
imb-	0.496621621622	0.432432432432	0.070945945946	0.0
