-ਨਦੇ	0.768015512481	0.0927485343897	0.0670333570753	0.0722025960537
-ਗਰੇ	0.795454545455	0.136363636364	0.0454545454545	0.0227272727273
-ਕੌਮ	0.0266670976501	0.923812910108	0.0116365517018	0.0378834405405
-ਨਦੀ	0.0276752767528	0.964944649447	0.00738007380073	0.0
-ਪਿਤ	0.536518444319	0.328034493271	0.0644571229476	0.0709899394626
-ਇੰਝ	0.269374141652	0.147930154993	0.0502256229154	0.53247008044
-ੱਲਾ	0.547772472301	0.204132090925	0.0259607806778	0.222134656097
-ਲੁਕ	0.762979683973	0.0948081264108	0.020316027088	0.121896162528
-ਬਿਲ	0.30815704876	0.120318436257	0.435798507295	0.135726007688
-ਆਇਆ	0.872702367071	0.0244101280702	0.0080320380956	0.0948554667627
-ੱਲਤ	0.588875453446	0.411124546554	0.0	0.0
-ਉਧਰ	0.278903085073	0.521657837333	0.0654409473356	0.133998130259
-ਪਿਸ	0.364604263981	0.0903160147177	0.0131520576185	0.531927663683
-ਬਿਨ	0.170119956379	0.140676117775	0.0806979280262	0.608505997819
-ੱਲਣ	0.396745230078	0.341750841751	0.0819304152638	0.179573512907
-ਕੌਲ	0.441666666667	0.491666666667	0.0416666666667	0.025
-ਭਠੇ	0.188057149835	0.666625961656	0.145316888509	0.0
-ਬਿਤ	0.664407988588	0.226818830243	0.0556348074179	0.0531383737518
-ਤੌਰ	0.247401471601	0.164746285743	0.115139901617	0.47271234104
-ਭਠੀ	0.319634703196	0.65905631659	0.0	0.0213089802131
-ਬਿਜ	0.920289855073	0.0434782608695	0.0144927536232	0.0217391304348
-ਪਿਉ	0.0232953166707	0.93157000728	0.00291191458384	0.0422227614657
-ੁਦਾ	0.463283352557	0.444444444444	0.0519031141868	0.040369088812
-ੁਦਰ	0.590909090909	0.204545454545	0.136363636364	0.0681818181818
-ਪਿਆ	0.516911981277	0.198183424746	0.0216126284618	0.263291965515
-ਬਿਕ	0.335036910846	0.377626348666	0.090857467348	0.19647927314
-ਿਡਰ	0.116237799468	0.489795918367	0.152617568767	0.241348713398
-ਤੌਣ	0.0436893203883	0.934466019418	0.0218446601941	0.0
-ਾਖੀ	0.417784821991	0.497385772529	0.0479612407908	0.0368681646895
-ਾਖੇ	0.275334608031	0.460803059273	0.103250478011	0.160611854685
-ਲੁਨ	0.0	1.0	0.0	0.0
-ਕੌਣ	0.0297274979356	0.0189925681255	0.0031195522525	0.948160381686
-ਬਿਆ	0.793650793651	0.111111111111	0.0	0.0952380952381
-ਪਿਓ	0.369426751592	0.605095541401	0.00545950864422	0.0200181983622
-ਖਾਣ	0.574121360367	0.368278545394	0.0307402608202	0.0268598334188
-ਾਖਲ	0.779400654747	0.0411735079325	0.0547720977084	0.124653739612
-ਖਾਦ	0.111374738311	0.835868806699	0.0527564549895	0.0
-ਖਾਨ	0.0701754385965	0.929824561404	0.0	0.0
-ਖਾਰ	0.0159744408946	0.977635782748	0.0	0.00638977635783
-ਗਰਜ	0.030303030303	0.949494949495	0.010101010101	0.010101010101
-ਖਾਹ	0.355555555555	0.591111111111	0.0355555555555	0.0177777777778
-ਖਾਸ	0.240561209129	0.220027699163	0.297645571145	0.241765520564
-ੁਦੇ	0.0692840646651	0.757505773672	0.173210161663	0.0
-ਖਾਂ	0.114949983421	0.735810975604	0.0822610818853	0.0669779590897
-ਗਰਦ	0.09375	0.259375	0.609375	0.0375
-ਖਾਊ	0.10505332252	0.821409351716	0.0735373257638	0.0
-ਖਾਉ	0.290322580645	0.41935483871	0.217741935484	0.0725806451613
-ਖਾਈ	0.640642216276	0.148118998898	0.0617031323784	0.149535652448
-ਖਾਏ	0.68968968969	0.178178178178	0.048048048048	0.0840840840841
-ਖਾਓ	0.552672582656	0.276970677272	0.0820620882056	0.0882946518668
-ੱਲੇ	0.395019384265	0.0836031927024	0.0525427594071	0.468834663626
-ੱਲੀ	0.458532252692	0.373820361941	0.0655046075275	0.102142777839
-ੋਏਲ	0.0	1.0	0.0	0.0
-ਨਿਆ	0.675411431605	0.133162272164	0.0889223146346	0.102503981596
-ਨਦਾ	0.626076833527	0.206752037253	0.13131548312	0.0358556461001
-ੱਲੋ	0.394457441065	0.498020514666	0.0737808169876	0.0337412272809
-ਯੁਮ	0.0118110236221	0.988188976378	0.0	0.0
-ਰਜੇ	0.12198780122	0.82801719828	0.0	0.0499950005
-ੱਝਣ	0.428571428571	0.571428571429	0.0	0.0
-ਟੋਂ	0.921603830042	0.0783961699581	0.0	0.0
-ਯੁਨ	0.0986842105263	0.901315789474	0.0	0.0
-ਹਣੇ	0.00820029882986	0.922097161116	0.0287010459045	0.0410014941492
-ੇਸ਼	0.355032188401	0.57757391031	0.017426568074	0.0499673332149
-ੇਸਹ	0.0	1.0	0.0	0.0
-ਯੁਸ	0.0399173393151	0.936556158044	0.00498083614462	0.0185456664959
-਼ੜੇ	0.706192358366	0.183135704875	0.0711462450593	0.0395256916996
-ੱਠਣ	0.403329065301	0.435339308579	0.0614596670934	0.0998719590269
-ਗੂਰ	0.0391381695987	0.874283455228	0.0403241747381	0.0462542004348
-ੀਦਾ	0.287728146572	0.0351394288432	0.0255556413982	0.651576783187
-ਬਣੇ	0.631175468484	0.14395229983	0.0851788756388	0.139693356048
-ਮਸਤ	0.265994976434	0.194677278243	0.539327745322	0.0
-ੀਰੀ	0.0342517032268	0.762334356517	0.134012128472	0.069401811784
-ੀਰੇ	0.103262217812	0.813011659638	0.0781443810469	0.00558174150337
-ੋਹਾ	0.185858585859	0.668686868687	0.0727272727273	0.0727272727273
-ੋਹਣ	0.546229237188	0.448653861293	0.00511690151931	0.0
-ਮਸਹ	0.482517482518	0.286713286713	0.230769230769	0.0
-ਢਹਿ	0.789757412399	0.145552560647	0.0107816711591	0.0539083557951
-ੱਠਾ	0.603524165811	0.14921338149	0.106748188731	0.140514263968
-ਿਲੀ	0.27012191023	0.161857704538	0.415275189952	0.152745195281
-ੀਦਣ	0.854217854218	0.145782145782	0.0	0.0
-ੱਠੀ	0.236886374063	0.491665392262	0.123872151705	0.14757608197
-ੱਠੇ	0.376794734121	0.0963687706319	0.0275424571451	0.499294038102
-ੱਠੋ	0.615581785675	0.288092458131	0.0270916189295	0.0692341372642
-ਬਣਨ	0.51145492413	0.181196072597	0.125855400178	0.181493603094
-ੋਹੇ	0.200230149597	0.799769850403	0.0	0.0
-ੀਰਾ	0.169424521376	0.614841588073	0.00338849042752	0.212345400124
-ੀਦੋ	0.849112426036	0.10650887574	0.00887573964497	0.0355029585799
-ੀਦੇ	0.40066877495	0.205531650163	0.0432889211468	0.35051065374
-ਬਣਾ	0.547200703425	0.130679320225	0.0442672407258	0.277852735625
-ੀਦੀ	0.373825881027	0.0653512983334	0.0651214060649	0.495701414574
-ੁਸੀ	0.565716716291	0.355168013611	0.0255210548703	0.0535942152276
-ਲੁਸ	0.033091855763	0.872915226182	0.00481907515662	0.0891738428981
-ਂਮੀ	0.474576271186	0.525423728814	0.0	0.0
-ਘੁਸ	0.720434432824	0.279565567176	0.0	0.0
-ਬਣਈ	0.632786885246	0.209836065574	0.0393442622951	0.118032786885
-ਧਾਰ	0.431126867087	0.337099329167	0.136580991493	0.0951928122528
-ਧਾਮ	0.107142857143	0.857142857143	0.0357142857143	0.0
-ਹਣਾ	0.680875997949	0.216582436095	0.0717790961693	0.0307624697868
-ੰਚੇ	0.803474045647	0.0880630175722	0.0181781458291	0.0902847909513
-ਧਾਨ	0.189146152522	0.635006025133	0.15828886211	0.0175589602341
-ੀਰਜ	0.0627333831217	0.724421209858	0.14787154593	0.0649738610903
-ਦਾਨ	0.401479736883	0.422747980825	0.088796107959	0.086976174333
-ਧਾਣ	0.25	0.708333333333	0.0	0.0416666666667
-ੀਰਕ	0.341569767442	0.348837209302	0.209302325581	0.100290697674
-ਾਊਦ	0.00046344571892	0.983431815549	0.00139033715676	0.0147144015757
-਼ਚੇ	0.3474663909	0.255429162358	0.124095139607	0.273009307136
-ਖਨਾ	0.716129032258	0.18064516129	0.103225806452	0.0
-ਬਕਾ	0.455696202532	0.308016877637	0.210970464135	0.0253164556962
-ੋਥੀ	0.0499294475198	0.867252794964	0.0179094757408	0.0649082817758
-ੜਿਆ	0.719883766933	0.159197584564	0.0319500494013	0.088968599102
-ਧਰਾ	0.110236220472	0.410660205936	0.428225317989	0.0508782556026
-ਧਰਸ	0.0131578947368	0.986842105263	0.0	0.0
-ਾਊਨ	0.0	1.0	0.0	0.0
-ਲਫਈ	0.0	1.0	0.0	0.0
-ਾਈਮ	0.0	1.0	0.0	0.0
-ਾਊਲ	0.623076923077	0.330769230769	0.0	0.0461538461538
-ੇਜੇ	0.87476931189	0.0616925916162	0.00632744529396	0.0572106511996
-ਿਜੀ	0.232558139535	0.046511627907	0.255813953488	0.46511627907
-ਧਰਮ	0.111884057971	0.800579710145	0.0440579710145	0.0434782608696
-ੇਜੋ	0.533039647577	0.440528634361	0.0264317180617	0.0
-ਧਰਨ	0.1875	0.0208333333333	0.6875	0.104166666667
-ਾਊਸ	0.0	1.0	0.0	0.0
-ਜ਼ਤ	0.340849086493	0.452529306157	0.139560671665	0.0670609356848
-ਆਖਣ	0.799103757325	0.0511547742158	0.0215098241986	0.128231644261
-ੜਿਤ	0.744597249509	0.14931237721	0.106090373281	0.0
-ਜ਼ਨ	0.261437908497	0.660130718954	0.0392156862745	0.0392156862745
-ਜ਼ਮ	0.276119402985	0.60447761194	0.0746268656716	0.044776119403
-ਦਇਆ	0.269951244547	0.596612779061	0.0846805234796	0.0487554529125
-ਪਿਟ	0.0779220779221	0.649350649351	0.233766233766	0.038961038961
-ਥੀਂ	0.48666035548	0.269723532377	0.0171560642355	0.226460047908
-ਿਤਾ	0.036271436064	0.953299171921	0.00333858724564	0.00709080476951
-ਾਸੇ	0.0867591994332	0.363501194934	0.0291532706934	0.52058633494
-ੂਤਾ	0.130841121495	0.785046728972	0.0280373831775	0.0560747663551
-ਾਸੀ	0.176072574717	0.588848450078	0.172917152231	0.0621618229736
-ਾਸ਼	0.193965926423	0.70859425926	0.0405292194847	0.056910594832
-ਜ਼ੀ	0.306736777806	0.420120482294	0.160682784408	0.112459955493
-ਜ਼ੇ	0.0949615217076	0.822854653695	0.0516915928561	0.030492231741
-ੂਤੀ	0.462323772484	0.344190568789	0.161400097229	0.0320855614973
-ਚਾਹ	0.399082568807	0.463302752294	0.137614678899	0.0
-ਲਹਿ	0.373529411765	0.105882352941	0.0970588235294	0.423529411765
-ਤਹਿ	0.277056277056	0.450216450217	0.103896103896	0.168831168831
-ਿਜਕ	0.484848484848	0.44696969697	0.0	0.0681818181818
-ਚਾਰ	0.578970519375	0.179645929801	0.0260137068586	0.215369843965
-ਪਭੂ	0.653543307087	0.322834645669	0.0236220472441	0.0
-ਹੇਠ	0.0658986870566	0.0781729463253	0.0422556466623	0.813672719956
-ਘਾਹ	0.011013215859	0.95154185022	0.0374449339207	0.0
-ਚਾਪ	0.379014989293	0.282655246253	0.218415417559	0.119914346895
-ਲਹਮ	0.0203389830508	0.971751412429	0.0	0.00790960451978
-ੀਂਘ	0.0	1.0	0.0	0.0
-ਚਾਣ	0.752613240418	0.18118466899	0.020905923345	0.0452961672474
-ਾਸਣ	0.0950226244344	0.837104072398	0.0407239819004	0.027149321267
-ਜ਼ੜ	0.163265306122	0.791383219955	0.0	0.0453514739229
-ਿਜ਼	0.37	0.455	0.135	0.04
-ਘਾਈ	0.348936170213	0.234042553191	0.246808510638	0.170212765957
-ਿਜਾ	0.519909972299	0.338296398892	0.109072022161	0.0327216066482
-ੀਂਦ	0.117764471058	0.766467065868	0.0499001996008	0.065868263473
-ਾਸਕ	0.0831408775981	0.87182448037	0.0277136258661	0.0173210161663
-ਚਾਓ	0.522580645161	0.445161290323	0.0225806451613	0.00967741935483
-ਚਾਏ	0.730407523511	0.222855514392	0.0364776289541	0.0102593331433
-ਹੇਂ	0.467329545455	0.264204545455	0.183238636364	0.0852272727272
-ਘਾਟ	0.373205741627	0.545454545455	0.0813397129186	0.0
-ੇਜਣ	0.762073270281	0.124218736113	0.00344569677595	0.11026229683
-ਧਰੀ	0.251102616877	0.483387239047	0.253160835049	0.0123493090268
-ਮੜੇ	0.0112359550562	0.988764044944	0.0	0.0
-ਚਾਈ	0.183681836818	0.589995899959	0.0742107421074	0.152111521115
-ੀਂਹ	0.267157125341	0.70062180319	0.0222214285998	0.00999964286989
-ਖਾੜ	0.63963963964	0.36036036036	0.0	0.0
-ਚਾਂ	0.123839009288	0.837977296182	0.0371517027864	0.00103199174407
-ਾਮੋ	0.0	0.851393188855	0.130030959752	0.0185758513932
-ਮਕੋ	0.276923076923	0.507692307692	0.215384615385	0.0
-ਾਮੀ	0.336301092675	0.541076487252	0.076183731283	0.0464386887899
-ਾਮੇ	0.274431057564	0.564257028112	0.0756358768406	0.0856760374833
-ਮਕੀ	0.60593220339	0.222457627119	0.0254237288135	0.146186440678
-ਰੋੜ	0.0422535211268	0.225352112676	0.0	0.732394366197
-ਲੈਂ	0.253521126761	0.704225352113	0.0422535211268	0.0
-ੌਕੇ	0.590998043053	0.3385518591	0.0469667318982	0.0234833659491
-ੀਜਾ	0.142969984202	0.150868878357	0.618483412322	0.0876777251186
-਼ਬਰ	0.332493702771	0.561712846348	0.0	0.105793450882
-ਰਮੀ	0.124776516155	0.405163551933	0.322155929952	0.14790400196
-ੈਂਤ	0.243697478992	0.378151260504	0.378151260504	0.0
-ਓਤਾ	0.374058780665	0.625941219335	0.0	0.0
-਼ਬਦ	0.107291666667	0.812760416667	0.0121527777778	0.0677951388889
-ੀਜਣ	0.106016432547	0.822422475484	0.0715610919694	0.0
-਼ਾਨ	0.219663033257	0.644772012396	0.0787985194587	0.0567664348882
-ਫਾਨ	0.208955223881	0.597014925373	0.10447761194	0.0895522388059
-ਮੰਦ	0.352916186199	0.399465922195	0.162044061419	0.0855738301875
-ਗਭਗ	0.342443729904	0.221864951768	0.0418006430868	0.393890675241
-ਕਲਾ	0.0225915806922	0.0475800336191	0.0690070101143	0.860821375574
-਼ਾਮ	0.247829212986	0.593164094906	0.0622200099552	0.0967866821526
-ਵਹੀ	0.0384838314458	0.874927547801	0.0384838314458	0.0481047893073
-ਢੱਕ	0.552407932011	0.192634560907	0.163172804533	0.0917847025496
-ਰੋਂ	0.172018858898	0.364409416106	0.0703961562143	0.393175568782
-ਮੰਨ	0.537641580795	0.354031907699	0.0102625116164	0.0980639998903
-਼ਾਦ	0.229327453142	0.141379017895	0.607412433212	0.021881095751
-਼ਾਹ	0.0174189766351	0.937358680178	0.0206012896742	0.0246210535131
-਼ਾਸ	0.0843989769821	0.869565217391	0.0	0.0460358056266
-ਰੋਜ	0.30035335689	0.249116607774	0.185512367491	0.265017667845
-ਰਮਰ	0.0	0.647388059702	0.307835820895	0.044776119403
-ਰਮਲ	0.290556900726	0.273607748184	0.27602905569	0.1598062954
-ੀਜੇ	0.104225161363	0.055710623848	0.723159605462	0.116904609327
-਼ਾਰ	0.398226370489	0.108843222707	0.0519683076784	0.440962099125
-਼ਾਲ	0.0695957820738	0.789103690685	0.115992970123	0.0253075571177
-ਮੰਸ	0.306358381503	0.624277456647	0.0	0.0693641618497
-ਾਮਕ	0.0	1.0	0.0	0.0
-ੀਜੀ	0.0	0.00771456123432	0.969141755063	0.023143683703
-ੌਕਸ	0.371145596454	0.241304581834	0.24196232255	0.145587499162
-਼ਾਈ	0.439169139466	0.375206066601	0.108473458622	0.0771513353115
-ਫਾਈ	0.27027027027	0.648648648649	0.0486486486487	0.0324324324324
-ਾਮਨ	0.0386597938145	0.65206185567	0.309278350515	0.0
-ਰੋਪ	0.625	0.267857142857	0.107142857143	0.0
-ਰੋਨ	0.0379746835443	0.95253164557	0.00949367088607	0.0
-ੌਕਿ	0.745945945946	0.221621621622	0.0	0.0324324324324
-ੌਕਰ	0.0189669699388	0.890210424008	0.0184198458059	0.072402760247
-ਰੋਧ	0.221390764738	0.444424164994	0.165723672203	0.168461398065
-ਰੋਤ	0.154981549816	0.845018450184	0.0	0.0
-਼ਾਂ	0.150946851764	0.662656379553	0.0376110099197	0.148785758763
-ਾਮਦ	0.0	0.329479768786	0.658959537572	0.0115606936416
-ਾਮਤ	0.166666666667	0.716666666667	0.0833333333333	0.0333333333333
-ਮਕਾ	0.248636859324	0.450381679389	0.300981461287	0.0
-ਮੰਗ	0.723087525844	0.136090052837	0.0482425913164	0.0925798300023
-ਾਮਾ	0.0982992666562	0.834295521922	0.0168513028554	0.0505539085661
-ਰੋਹ	0.432098765432	0.534979423868	0.00823045267489	0.0246913580247
-਼ਾਓ	0.573248407643	0.184713375796	0.203821656051	0.0382165605096
-਼ਾਕ	0.404381423963	0.404681521494	0.0896541375948	0.101282916948
-ਰੋਰ	0.0645161290323	0.935483870968	0.0	0.0
-ਾਗਰ	0.671814671815	0.258687258687	0.023166023166	0.0463320463321
-ਾਗਲ	0.208333333333	0.0625	0.6875	0.0416666666667
-ਰਕਸ	0.634525660964	0.253499222395	0.0	0.111975116641
-ਾਗਾ	0.396748362048	0.173744236836	0.225673380248	0.203834020869
-ਖਿਰ	0.423841059603	0.417218543046	0.0794701986755	0.0794701986755
-ੁਦੀ	0.42744383728	0.33211900425	0.0	0.24043715847
-ਖਿਲ	0.619777158774	0.233983286908	0.0940111420613	0.0522284122563
-ਾਗਣ	0.387096774194	0.0430107526882	0.010752688172	0.559139784946
-ਾਗਤ	0.807928913192	0.0608339029392	0.102529049897	0.0287081339713
-ੋਸੇ	0.211869436202	0.496142433234	0.224332344214	0.0676557863502
-ਜਾਦ	0.178399228544	0.752169720347	0.069431051109	0.0
-666	0.0333333333333	0.0	0.0	0.966666666667
-ਬੀਂ	0.853658536585	0.0487804878049	0.0243902439024	0.0731707317073
-ਖੜਨ	0.502446982055	0.246329526917	0.251223491028	0.0
-ਖਿਆ	0.923187069972	0.0438883130163	0.00696075151851	0.0259638654936
-ਠਣਾ	0.418880928224	0.478857061129	0.0550641595788	0.0471978510675
-ਵਕਤ	0.107643931491	0.474495260424	0.00740573559674	0.410455072489
-ਹਾਬ	0.0248138957817	0.975186104218	0.0	0.0
-ਨੀਂ	0.41726618705	0.302158273381	0.258992805755	0.021582733813
-ਭਣਾ	0.661764705882	0.152941176471	0.0838235294118	0.101470588235
-ਖਿਏ	0.6	0.3	0.0	0.1
-ਂਡਾ	0.0808936825886	0.797765793529	0.056625577812	0.0647149460709
-ੈਮਾ	0.269461077844	0.461077844311	0.0898203592815	0.179640718563
-ਅਖੀ	0.0645161290323	0.870967741935	0.0	0.0645161290323
-ਖਿਝ	0.0	0.0740740740741	0.925925925926	0.0
-ਂਡਰ	0.0	0.922413793103	0.0775862068966	0.0
-ਘਣਾ	0.586564033669	0.178090642393	0.0525388643654	0.182806459573
-ਖੜੋ	0.814889336016	0.0885311871227	0.0241448692153	0.0724346076458
-ਗੁਟ	0.130434782609	0.869565217391	0.0	0.0
-ਖੜੀ	0.0692080996293	0.74046962639	0.19032227398	0.0
-ੈਮੇ	0.172413793103	0.793103448276	0.0344827586207	0.0
-ਲੈਣ	0.649080283248	0.152248590506	0.0146111553521	0.184059970894
-ਗੁਆ	0.707913669065	0.0672147995889	0.0361767728674	0.188694758479
-ਭਣੀ	0.745454545454	0.218181818182	0.0	0.0363636363636
-ਸਮੇ	0.280403611259	0.691980881572	0.0276155071694	0.0
-ਗੁਲ	0.252951096121	0.696458684654	0.0303541315346	0.0202360876897
-ਸੀਏ	0.393358876117	0.177522349936	0.0804597701149	0.348659003831
-ੋਸ਼	0.242484439147	0.297605909446	0.29076354861	0.169146102797
-ੋਸਾ	0.343991748324	0.377514182568	0.205260443528	0.0732336255802
-ਗੁਸ	0.0173913043478	0.982608695652	0.0	0.0
-ਮਹਲ	0.333333333333	0.666666666667	0.0	0.0
-ਹੋਣ	0.553078897666	0.0818330127062	0.0224536455014	0.342634444126
-ਾਗੂ	0.157894736842	0.460268317854	0.1217750258	0.260061919505
-ੋਸਤ	0.0459348697304	0.855128487773	0.0530017727658	0.0459348697304
-ਗਰਭ	0.0779625779626	0.613305613306	0.261954261954	0.0467775467775
-਼ਚਾ	0.522889114954	0.30518819939	0.0986775178027	0.0732451678535
-ਮਹਾ	0.301818181818	0.458181818182	0.0763636363636	0.163636363636
-ਗਰਮ	0.0111856823266	0.089485458613	0.879194630873	0.0201342281879
-ਗੁਨ	0.0	1.0	0.0	0.0
-ਵੱਲ	0.0898750999631	0.0175760868461	0.00822926609556	0.884319547095
-ੂਥਾ	0.0	1.0	0.0	0.0
-ਡਦਾ	0.722669735328	0.0690448791714	0.018411967779	0.189873417722
-ੂਥਲ	0.200278164117	0.695410292072	0.00834492350486	0.095966620306
-ਵੱਸ	0.299003322259	0.40009492169	0.146179401993	0.154722354058
-ਂਝਾ	0.483687518707	0.406764441784	0.0670457946722	0.0425022448369
-ਵੱਢ	0.613968853233	0.0533270410571	0.0	0.33270410571
-ਰਾਤ	0.0238707486294	0.905196254427	0.00582213381204	0.0651108631314
-ਵੱਧ	0.0932480962419	0.0268551770547	0.387995852588	0.491900874115
-ਹਰੀ	0.124477856811	0.417277407795	0.37248912539	0.0857556100035
-ਹਰੇ	0.377778729601	0.559258148799	0.0449736582859	0.0179894633143
-ਬੀਜ	0.117560391556	0.844406644731	0.0226412605961	0.0153917031168
-ਵੱਖ	0.216427923906	0.313349658894	0.408016204461	0.0622062127383
-ਾਅਦ	0.149972727723	0.0388423331846	0.0156195765359	0.795565362556
-ਵੱਜ	0.661417322835	0.291338582677	0.0472440944882	0.0
-਼ਗਾ	0.0970873786408	0.893203883495	0.00970873786408	0.0
-ਏਥੇ	0.126213592233	0.378640776699	0.0388349514563	0.456310679612
-ਭਿਆ	0.863113496932	0.0759202453988	0.0391104294479	0.0218558282209
-ਭਿਅ	0.189189189189	0.52972972973	0.27027027027	0.0108108108108
-ਸੇਥ	0.0	1.0	0.0	0.0
-ਸੇਸ	0.00442477876106	0.871681415929	0.0	0.12389380531
-ਆਪੇ	0.204374572796	0.556390977444	0.103896103896	0.135338345865
-ਸੇਰ	0.0	0.856	0.144	0.0
-ਭਿਤ	0.504504504504	0.135135135135	0.324324324324	0.036036036036
-ਹਰਾ	0.427342689	0.442594978584	0.0564125779155	0.0736497545008
-ਜੀਅ	0.524825325613	0.273531259809	0.03734137307	0.164302041508
-ਹਰਰ	0.916230366492	0.0628272251309	0.0	0.0209424083769
-ੋਪੀ	0.0256959314775	0.89721627409	0.0256959314775	0.051391862955
-ਂਝੀ	0.458152388472	0.305467824714	0.0695815238847	0.166798262929
-ਂਝੇ	0.121856866538	0.549323017408	0.282398452611	0.046421663443
-ੁਰੋ	0.117924528302	0.438679245283	0.330188679245	0.11320754717
-ਹਰਣ	0.178873239437	0.775352112676	0.0183098591549	0.0274647887324
-ਲਬਧ	0.703448275862	0.151724137931	0.0413793103448	0.103448275862
-ਡਦੇ	0.451997072148	0.36188648638	0.132940315338	0.0531761261351
-ਾਹਰ	0.0529931633465	0.0234192776503	0.0576982670534	0.86588929195
-ਸੂਰ	0.0963196635121	0.886014721346	0.015141955836	0.002523659306
-ਗੂਓ	0.109375	0.619791666667	0.270833333333	0.0
-ਚਿਰ	0.0493027496973	0.12259656956	0.195670287861	0.632430392881
-ਘਿਰ	0.88	0.06	0.02	0.04
-ੱਘਾ	0.211764705882	0.329411764706	0.247058823529	0.211764705882
-ਾਹਤ	0.508771929825	0.348891095664	0.0701754385965	0.0721615359153
-ਤਦਾ	0.650435674013	0.242952332137	0.0451050743209	0.0615069195284
-ਚਿਤ	0.312783168553	0.188381605738	0.11060770035	0.388227525359
-ਦਕੋ	0.293333333333	0.706666666667	0.0	0.0
-ਤਰਕ	0.329801324503	0.296688741722	0.333774834437	0.0397350993378
-ਆਣੇ	0.0647372429551	0.154988575781	0.739908606245	0.0403655750191
-ਆਣੀ	0.176699029126	0.629126213592	0.170873786408	0.0233009708738
-ੋਤਮ	0.0359712230216	0.151079136691	0.726618705036	0.0863309352518
-ਜਪਲ	0.161290322581	0.661290322581	0.0	0.177419354839
-ਾਹਟ	0.605863192182	0.273615635179	0.0814332247557	0.0390879478827
-ਚਿਓ	0.014335360556	0.702432667246	0.218505647263	0.0647263249348
-ਸਪਰ	0.234482758621	0.51724137931	0.0827586206896	0.165517241379
-ਚਿਆ	0.685320800087	0.112034102088	0.0252486610558	0.177396436769
-ਸਪੀ	0.2625	0.4625	0.175	0.0999999999999
-ੋਤੇ	0.714668901928	0.119225786787	0.108496532805	0.0576087784805
-ੋਤੀ	0.0679978413384	0.893865803202	0.0100737542723	0.0280626011873
-ਗੱਲ	0.314536497338	0.169512483273	0.0169255386484	0.49902548074
-ਆਣਪ	0.0312438593044	0.88602868933	0.0689722931814	0.0137551581843
-ਂਕੇ	0.692810457516	0.176470588235	0.0196078431373	0.111111111111
-ਝਿਆ	0.688790682306	0.146828019164	0.0784734842227	0.0859078143069
-ਥੱਕ	0.44847605225	0.275761973875	0.240928882438	0.0348330914369
-ਹਾਮ	0.01319657826	0.955686046375	0.023425878568	0.00769149679651
-ਅਦਾ	0.530497668665	0.421606876645	0.00666095727472	0.0412344974149
-ੀਵੀ	0.0613686534217	0.0768211920529	0.463796909492	0.398013245033
-ਆਣਾ	0.108944599195	0.142680284742	0.705663881152	0.0427112349117
-ੋਧਨ	0.163636363636	0.2	0.109090909091	0.527272727273
-ਵਸਤ	0.411834319527	0.308875739645	0.236686390533	0.0426035502958
-ਵਸਣ	0.419811320755	0.509433962264	0.0	0.0707547169811
-ਤਦੇ	0.497649050216	0.381606168892	0.0338536768855	0.0868911040059
-ਾਹੀ	0.183053260934	0.706707513302	0.0380872125502	0.0721520132139
-ਾਹੇ	0.409316497083	0.362519329963	0.118469859033	0.10969431392
-ਾਹੋ	0.588377723971	0.0629539951574	0.312348668281	0.0363196125908
-ਵਸਰ	0.33152173913	0.585144927536	0.0446859903381	0.0386473429952
-ਨੂੰ	0.0071087976852	0.00326582185683	0.00162164068995	0.988003739768
-ਮੱਚ	0.353887399464	0.581769436997	0.0482573726542	0.0160857908847
-ੰਮਤ	0.461538461539	0.369230769231	0.169230769231	0.0
-ਮੱਟ	0.0521998508576	0.805120556798	0.107879691772	0.0347999005717
-ੰਮਣ	0.118760757315	0.798623063683	0.0567986230637	0.025817555938
-ੁਰਣ	0.0352526439483	0.964747356052	0.0	0.0
-਼ਿਦ	0.12037037037	0.537037037037	0.324074074074	0.0185185185185
-਼ਿਧ	0.164383561644	0.301369863014	0.452054794521	0.0821917808219
-ਪੁੜ	0.185650248846	0.785788174409	0.0285615767455	0.0
-ੰਮਨ	0.15625	0.640625	0.1875	0.015625
-ਲਈਏ	0.6529318542	0.255150554675	0.0633914421553	0.0285261489699
-਼ੀਆ	0.751219512195	0.117073170732	0.0731707317073	0.0585365853659
-ੰਮਲ	0.353125	0.440625	0.13125	0.075
-਼ੀਏ	0.0	1.0	0.0	0.0
-ਮਤੀ	0.179534540081	0.432582194311	0.332471370521	0.0554118950868
-ੰਮਾ	0.379647333758	0.325047801147	0.208200552369	0.0871043127257
-਼ਿਰ	0.0523412130312	0.018331645658	0.00439959495792	0.924927546353
-ਭੈਣ	0.0345408593092	0.951558550969	0.00758213984837	0.00631844987362
-ਦਤਰ	0.238838820975	0.366913536183	0.364801760804	0.029445882038
-ਤਨਤ	0.0348221044663	0.956093868282	0.0	0.0090840272521
-਼ੀਲ	0.478370583994	0.202595529921	0.232516222062	0.0865176640231
-਼ੀਰ	0.310541310541	0.581196581197	0.108262108262	0.0
-਼ਿਆ	0.455578360944	0.301788594048	0.145873039144	0.0967600058642
-ੜਤੇ	0.311827956989	0.612903225806	0.0161290322581	0.0591397849462
-ੁੱਕ	0.662713046238	0.12855084712	0.0855760215594	0.123160085082
-ਗਾੜ	0.397727272727	0.346590909091	0.213068181818	0.0426136363636
-ਾਯਾ	0.0137395459976	0.977299880526	0.00358422939067	0.00537634408603
-ਤਨਾ	0.452649869678	0.482189400521	0.0521285838402	0.01303214596
-ਮੱਤ	0.335820895522	0.111940298507	0.291044776119	0.261194029851
-਼ੀਨ	0.0	1.0	0.0	0.0
-ਮਖੀ	0.653125	0.346875	0.0	0.0
-ਤਨੀ	0.0474349548182	0.92896615516	0.00865687925432	0.0149420107677
-ਗਾਦ	0.0	1.0	0.0	0.0
-276	0.0	0.1875	0.0	0.8125
-ਬਣੀ	0.336488589212	0.458635892116	0.146524896266	0.0583506224067
-ਕਾਓ	0.517604475156	0.4588680487	0.0	0.0235274761434
-ਪੁਆ	0.594827586207	0.0258620689655	0.275862068965	0.103448275862
-ੋਹਰ	0.345078263148	0.64706267601	0.00392953042111	0.00392953042111
-ਕਾਈ	0.20325203252	0.79674796748	0.0	0.0
-ਗਾਹ	0.470155355683	0.348323793949	0.0228945216681	0.1586263287
-ਕਾਅ	0.386666666667	0.613333333333	0.0	0.0
-ਗਾਲ	0.112800755709	0.467113671303	0.420085572987	0.0
-ਕਾਂ	0.0258154533639	0.622822853483	0.0277271923428	0.32363450081
-ਗਾਏ	0.452665941241	0.366702937976	0.156692056583	0.0239390642002
-ੰਮੇ	0.462557340171	0.213357899199	0.229150840849	0.0949339197804
-ੰਮੀ	0.284997211378	0.468209704406	0.155605131065	0.0911879531512
-ਗਾਈ	0.717948717949	0.247863247863	0.017094017094	0.017094017094
-ਮਤਾ	0.396186440678	0.578389830509	0.0254237288136	0.0
-ਮਤਲ	0.0576131687243	0.135802469136	0.80658436214	0.0
-ਕਾਰ	0.236450334383	0.483186132091	0.078637442254	0.201726091272
-ਪੁਸ	0.0	0.981927710843	0.0180722891566	0.0
-ਕਾਮ	0.511111111111	0.444444444444	0.0444444444444	0.0
-ਪੁਣ	0.498113207547	0.460377358491	0.0	0.0415094339623
-ੂਏਲ	0.0	1.0	0.0	0.0
-ਬਣੋ	0.671343001261	0.181431273644	0.0422446406053	0.104981084489
-ਕਾਤ	0.296296296296	0.333333333333	0.185185185185	0.185185185185
-ਗਾਓ	0.0665529010239	0.762798634812	0.0153583617747	0.155290102389
-ੰਨਣ	0.437552388936	0.313160100587	0.164124056999	0.0851634534787
-ਅਇਆ	0.343820224719	0.444943820225	0.0898876404494	0.121348314607
-ਫਿਰ	0.0864172801175	0.0278765419734	0.00951474785918	0.87619143005
-ੰਨਤ	0.519363811426	0.433278653448	0.036374010413	0.0109835247129
-਼ੂਕ	1.0	0.0	0.0	0.0
-ਾਰਸ	0.374309493997	0.579288502615	0.0232010016941	0.023201001694
-ਢੰਗ	0.14973729353	0.527527538327	0.0654554477878	0.257279720355
-ਜਕੇ	0.682051282051	0.174358974359	0.0717948717949	0.0717948717949
-ਆਚੇ	0.871870397644	0.0662739322533	0.0265095729014	0.0353460972017
-ਘਕੇ	0.625454545455	0.330909090909	0.0	0.0436363636364
-ਆਗਤ	0.757831924416	0.0546991546494	0.168075584286	0.0193933366485
-ੰਨਾ	0.0875221786725	0.607633768079	0.0490149256119	0.255829127636
-ਲਆਮ	0.00589390962672	0.876227897839	0.082514734774	0.0353634577603
-਼ੂਸ	0.0223880597014	0.955223880597	0.0223880597015	0.0
-ਮਚੀ	0.08	0.82	0.04	0.06
-਼ਰੀ	0.24273255814	0.526162790698	0.165697674419	0.0654069767442
-਼ੂਰ	0.730465320457	0.172958735733	0.0035118525022	0.0930640913082
-਼ੂਲ	0.205260443528	0.412583806086	0.326456936565	0.0556988138216
-ੋਟੇ	0.180608748236	0.179466505409	0.595310085332	0.0446146610226
-ੋਟੀ	0.092546860451	0.823691348528	0.0731549329987	0.0106068580219
-ਗਮਨ	0.312087912088	0.349450549451	0.259340659341	0.0791208791209
-਼ੂਦ	0.381937911571	0.486359360301	0.0658513640639	0.0658513640639
-ਕਮਰ	0.13486005089	0.750636132316	0.0839694656488	0.030534351145
-ਤਪਰ	0.303316257751	0.369102183877	0.230520355891	0.0970612024805
-ਲਤੀ	0.316277050011	0.384815806615	0.260548599551	0.0383585438228
-120	0.26455026455	0.547619047619	0.042328042328	0.145502645503
--ਸੜ	0.30828421742	0.485428945645	0.206286836935	0.0
-ੋਟਾ	0.223873628511	0.193019998444	0.470352501751	0.112753871294
-ਕਮੀ	0.439393939394	0.424242424242	0.030303030303	0.106060606061
-ਫਤੇ	0.075208913649	0.576601671309	0.025069637883	0.323119777159
-ੁੰਘ	0.404761904762	0.571428571429	0.0238095238095	0.0
-ਲੱਖ	0.511111111111	0.133333333333	0.0	0.355555555556
-ਲੱਗ	0.458905626938	0.149534780682	0.0787549844926	0.312804607887
-ੈਹਣ	0.867052023121	0.132947976879	0.0	0.0
-ੰਨੀ	0.274008600096	0.166746297181	0.0881509794554	0.471094123268
-ੰਨੇ	0.180706856999	0.198379418404	0.143992722185	0.476921002412
-ੰਨੋ	0.481425091352	0.33587088916	0.0840438489647	0.0986601705238
-ਲੱਤ	0.0	0.913043478261	0.0289855072464	0.0579710144927
-ਲੱਥ	0.203389830508	0.627118644068	0.101694915254	0.0677966101695
-ਰੂਥ	0.0	1.0	0.0	0.0
-ੌਆਂ	0.145833333333	0.770833333333	0.0833333333333	0.0
-ਆਗੀ	0.254180602007	0.321070234114	0.374581939799	0.0501672240803
-ਆਗੂ	0.147708986195	0.740154145846	0.0201575336665	0.0919793342931
-ਿਣਤ	0.10396039604	0.720297029703	0.14603960396	0.029702970297
-ਗਲੀ	0.0479510227192	0.478200863472	0.35777478944	0.116073324368
-ਮਨਾ	0.397526664215	0.462026480324	0.0671202648033	0.0733265906583
-ਗਲੇ	0.0443063005166	0.0853251600465	0.722248313024	0.148120226413
-ੜੋਂ	0.439024390244	0.560975609756	0.0	0.0
-ੱਰਸ	0.11320754717	0.849056603774	0.0377358490566	0.0
-ਕਿਈ	0.0408163265306	0.142857142857	0.816326530612	0.0
-ੱਰਥ	0.210191082803	0.464968152866	0.171974522293	0.152866242038
-ੁਤਾ	0.269789983845	0.166397415186	0.235864297254	0.327948303716
-ਖਮਈ	0.249235474006	0.443425076453	0.160550458716	0.146788990826
-ਖ਼ੋ	0.121212121212	0.818181818182	0.0606060606061	0.0
-ਣਕੇ	0.702134471718	0.0808964781217	0.0350053361793	0.181963713981
-ਖ਼ੀ	0.782108626198	0.171884984026	0.0	0.0460063897764
-ਖਮਾ	0.216904802892	0.667412635566	0.115682561542	0.0
-ਤਕੀ	0.437810945274	0.318407960199	0.109452736318	0.134328358209
-ਤਕੇ	0.327543424318	0.426799007444	0.0	0.245657568238
-ਟੱਕ	0.417475728155	0.242718446602	0.0776699029126	0.26213592233
-ਨਰਕ	0.0200377010238	0.954915172696	0.0217075094425	0.00333961683731
-ਲ੍ਹ	0.6807854861	0.215043024479	0.0646855343832	0.0394859550376
-ਖ਼ਤ	0.089552238806	0.537313432836	0.34328358209	0.0298507462687
-ਖਮੀ	0.583183411635	0.255620778633	0.13528934031	0.0259064694211
-ਬੁਝ	0.639534883721	0.186046511628	0.0348837209302	0.139534883721
-ਲਕਿ	0.48743718593	0.268006700167	0.105527638191	0.139028475712
-ੁਤੇ	0.108930890203	0.147164911268	0.665993363151	0.0779108353773
-ਿਣੇ	0.428526547282	0.405592208608	0.052780395853	0.113100848256
-ਠਕੇ	0.745819773314	0.125126248457	0.0173942318483	0.111659746381
-ਿਣੀ	0.128047710928	0.682950359586	0.0131555867392	0.175846342747
-ਗਲਤ	0.162148296877	0.255755946116	0.372599662117	0.20949609489
-ਖੁਸ	0.0707204230007	0.851949768672	0.0654329147389	0.0118968935889
-ਿਰਫ	0.330170777989	0.214421252372	0.157495256167	0.297912713473
-ੇਜੀ	0.519049415315	0.182949830253	0.181063749528	0.116937004904
-ੋਲਕ	0.206546541821	0.70808088756	0.0	0.0853725706191
-ਖੁਦ	0.138159752753	0.117006529878	0.142894888418	0.601938828951
-ਹਿਆ	0.830981079154	0.0766747734341	0.0321133856459	0.0602307617657
-ਬੁਸ	0.027027027027	0.918918918919	0.054054054054	0.0
-ਮਨੀ	0.0683371298406	0.53986332574	0.384965831435	0.00683371298406
-ਖਲੇ	0.30890052356	0.596858638744	0.0942408376963	0.0
-ਮਾਊ	0.555555555556	0.111111111111	0.269841269841	0.0634920634921
-ਮਾਈ	0.499640995224	0.322417506946	0.0693035307339	0.108637967096
-ਮਾਏ	0.615278257864	0.263740062219	0.0207397165572	0.10024196336
-ਭੋਜ	0.703910614525	0.262569832402	0.0	0.0335195530726
-ਮਾਂ	0.0807893240863	0.824387799871	0.0340906643074	0.0607322117354
-ਣਇਆ	0.0645161290323	0.483870967742	0.0	0.451612903226
-ਖਲੋ	0.704776820674	0.0485512920908	0.00626468285042	0.240407204385
-ਆਗਣ	0.639097744361	0.338345864662	0.0225563909774	0.0
-ਂਬਾ	0.296803652968	0.703196347032	0.0	0.0
-ਹਡੀ	0.990825688073	0.0091743119266	0.0	0.0
-ਜੋੜ	0.618773677564	0.170478462186	0.174266872457	0.0364809877929
-ਦਗੀ	0.158690546095	0.626508775364	0.123719579826	0.0910810987147
-ਭੋਂ	0.68085106383	0.255319148936	0.063829787234	0.0
-ਿਰਣ	0.580547112462	0.382978723404	0.0364741641337	0.0
-ਮਾਗ	0.0266140956136	0.894529324791	0.0473139477576	0.0315426318383
-ਘੱਟ	0.0588419405321	0.102034428795	0.544287949922	0.294835680751
-ਮਾਫ	0.528	0.392	0.08	0.0
-ਮਾਪ	0.295384615385	0.64	0.0369230769231	0.0276923076923
-ਮਾਨ	0.297371941568	0.46994310269	0.179404965494	0.0532799902473
-ਮਾਮ	0.189781021898	0.656934306569	0.0510948905109	0.102189781022
-ਮਾਣ	0.334015628079	0.436609818574	0.162839051963	0.0665355013837
-ਧਾਂ	0.0401158903499	0.94205482505	0.0	0.0178292845999
-ੰਝੇ	0.843956043956	0.010989010989	0.112087912088	0.032967032967
-ਪੀਣ	0.644769725098	0.294448411282	0.053552302749	0.00722956087111
-ੱਦਦ	0.450980392157	0.470588235294	0.0	0.078431372549
-ਮਾਤ	0.154285714286	0.651428571429	0.102857142857	0.0914285714285
-ੋਵੇ	0.613310405299	0.0736427139463	0.0212910722447	0.29175580851
-ੀਲੀ	0.104186690605	0.639442197616	0.219295020501	0.0370760912774
-ਮਾਹ	0.0	1.0	0.0	0.0
-ਮਾਸ	0.233773756655	0.720850688219	0.0133782031832	0.0319973519433
-ੌੜੇ	0.736486486486	0.162162162162	0.0608108108108	0.0405405405405
-ੱਦਾ	0.795778273554	0.163320176191	0.0214518620216	0.0194496882329
-ਿਹੀ	0.22071991404	0.309336198663	0.219675262655	0.250268624642
-ਮਾਲ	0.40573286624	0.34964290553	0.0574641453926	0.187160082838
-ੱਦਲ	0.00286123032904	0.991416309013	0.0	0.00572246065809
-ਮਾਰ	0.524837124579	0.122514634917	0.281240130153	0.0714081103513
-ੋਵੋ	0.708992063988	0.166656251953	0.0202045449812	0.104147139078
-ਜੋਈ	0.835185185185	0.0712962962962	0.074074074074	0.0194444444444
-ਪਟੇ	0.27626459144	0.552529182879	0.147859922179	0.023346303502
-ਮੌਤ	0.104583877007	0.691921484087	0.163555908549	0.0399387303568
-ਜੋਂ	0.344958640733	0.219092331768	0.108987256875	0.326961770624
-ੌੜਾ	0.0352319436289	0.603640634175	0.361127422196	0.0
-ੱਦੇ	0.581478183437	0.282279608192	0.0747996438112	0.0614425645592
-ਰਜਾ	0.522994198387	0.230451393802	0.207329842932	0.039224564879
-ਹਚੇ	0.58	0.1	0.06	0.26
-ਠੋਰ	0.299860529986	0.29009762901	0.326359832636	0.0836820083682
-ਬਥਾ	0.0	1.0	0.0	0.0
-ਥਾਨ	0.111277917093	0.817376828499	0.0230579590334	0.0482872953748
-ੌੜਨ	0.75956284153	0.153005464481	0.0218579234973	0.0655737704919
-ਜੋਗ	0.304812834225	0.326203208556	0.272727272727	0.0962566844919
-ੀਲਮ	0.0	1.0	0.0	0.0
-ਇਹੋ	0.173307309194	0.0782406784224	0.254139184278	0.494312828106
-ਇਹੇ	0.0666666666667	0.577777777778	0.266666666667	0.0888888888889
-ਂਬੇ	0.166262613026	0.494332328659	0.310739090552	0.0286659677631
-ਜੋਤ	0.193317422434	0.54892601432	0.236276849642	0.0214797136038
-ਇਹੀ	0.103731537768	0.0583167125127	0.0709872015251	0.766964548194
-ਂਬੜ	0.122807017544	0.80701754386	0.0701754385965	0.0
-ਜੋਰ	0.364464692483	0.4715261959	0.00683371298406	0.157175398633
-ਮੌਜ	0.437665782493	0.411140583554	0.137931034483	0.0132625994695
-ਜਾਉ	0.555102040816	0.248979591837	0.14693877551	0.0489795918367
-ਸੀਲ	0.56976744186	0.197674418605	0.0813953488372	0.151162790698
-ਜਾਊ	0.276602028968	0.546372672493	0.177025298539	0.0
-ਜਾਏ	0.347443536095	0.333171677983	0.0429541360677	0.276430649855
-ਗਦੇ	0.511301565833	0.282305051241	0.124460281954	0.0819331009728
-ਸੀਹ	0.00804808464546	0.942489518448	0.00235785917588	0.0471045377308
-ਜਾਂ	0.0310840142512	0.0664755767999	0.00420366942107	0.898236739528
-ੋਧੀ	0.376506024096	0.379518072289	0.168674698795	0.0753012048193
-ਜਾਇ	0.488597097443	0.134761575674	0.179682100898	0.196959225985
-ਆਲੇ	0.178426571466	0.292611353059	0.0291583334891	0.499803741986
-ਜਾਚ	0.616822429907	0.383177570093	0.0	0.0
-ਆਲੂ	0.0172537742631	0.393242271747	0.494608195543	0.0948957584472
-ੇਮਲ	0.451612903226	0.306451612903	0.145161290323	0.0967741935484
-ਜਾਓ	0.467351673848	0.374544249254	0.0046403712297	0.153463705668
-ਜਾਕ	0.736641221374	0.206106870229	0.0572519083969	0.0
-ਸੀਮ	0.222950819672	0.344262295082	0.363934426229	0.0688524590164
-ਜਾਗ	0.314102564103	0.320512820513	0.0	0.365384615385
-ਸੀਬ	0.565934065934	0.368131868132	0.0	0.0659340659341
-ਸੀਓ	0.0916615719063	0.810646489615	0.0343730894649	0.0633188490142
-ਜਾਨ	0.108510622932	0.864176169654	0.00356259227137	0.0237506151425
-ਾਈਏ	0.533216783217	0.212995337995	0.02331002331	0.230477855478
-ਟੇਏ	0.372881355932	0.627118644068	0.0	0.0
-ਜਾਮ	0.15272909364	0.747120681021	0.0600901352028	0.0400600901352
-ਜਾਣ	0.756540552488	0.0348121039007	0.0167472148192	0.191900128792
-ਸੀਟ	0.883239418163	0.116760581837	0.0	0.0
-ਜਾਤ	0.323943661972	0.450704225352	0.183098591549	0.0422535211268
-ਾਈਂ	0.451561248999	0.344275420336	0.0480384307446	0.15612489992
-ਜਾਹ	0.312328767123	0.395068493151	0.0164383561644	0.276164383562
-ਸੀਂ	0.0100688305233	0.013509592625	0.0060309364366	0.970390640415
-ੱਟੀ	0.203918142785	0.734744707347	0.0345718481069	0.0267653017602
-ੱਟੇ	0.15974551039	0.246591657003	0.559814460777	0.0338483718306
-ਸੀਆ	0.0	1.0	0.0	0.0
-ੱਟੋ	0.3546237481	0.229648104127	0.104750399439	0.310977748334
-ਜਾਰ	0.562711864407	0.264406779661	0.0508474576271	0.122033898305
-ਚਮਕ	0.297327394209	0.449888641425	0.207126948775	0.0456570155902
-ਜਾਲ	0.0263918562272	0.790121905241	0.180344350886	0.0031418876461
-ਟੇਕ	0.388409371147	0.308261405672	0.0147965474723	0.288532675709
-ਂਕਿ	0.03437687185	0.0269511118054	0.00306318777624	0.935608828568
-ੇਬੀ	0.101694915254	0.830508474576	0.0677966101695	0.0
-ੱਟਰ	0.46875	0.140625	0.390625	0.0
-ਅਖਰ	0.0	0.861351819757	0.103986135182	0.0346620450607
-ਜਰਮ	0.418181818182	0.436363636364	0.145454545455	0.0
-ੱਟਾ	0.154834347532	0.0689655172414	0.759972954699	0.0162271805274
-ੱਟਣ	0.79737770882	0.16262297318	0.0104346046956	0.0295647133041
-ਚੁਗ	0.923732189272	0.0762678107277	0.0	0.0
-ਜੜੀ	0.074959113211	0.899145920407	0.00136289296747	0.0245320734145
-ਜਾੜ	0.0200047630388	0.958799714218	0.0161943319838	0.00500119075971
-ਜਰਾ	0.172297297297	0.787162162162	0.0405405405405	0.0
-ਪਾਠ	0.183381088825	0.36676217765	0.309455587393	0.140401146132
-ਚੁਣ	0.573476702509	0.249103942652	0.139784946236	0.0376344086021
-ਲਕੋ	0.604255319149	0.382978723404	0.0127659574468	0.0
-ਆਲਾ	0.0581516095535	0.941848390447	0.0	0.0
-ਆਲਸ	0.185185185185	0.351851851852	0.333333333333	0.12962962963
-ਧੀਆ	0.115134661383	0.139562890389	0.575128751083	0.170173697145
-ਪਗੀ	0.164383561644	0.835616438356	0.0	0.0
-ਥਾਲ	0.0333333333333	0.9	0.0333333333333	0.0333333333333
-ਖੋਹ	0.355867485926	0.246885087924	0.0827598804479	0.314487545702
-ਆੜੀ	0.492911668484	0.403489640131	0.0817884405671	0.0218102508179
-ਪੀਓ	0.269284712483	0.583450210379	0.0154277699859	0.131837307153
-ੁਆਓ	0.22305996159	0.597695426417	0.113521587595	0.0657230243972
-ਫਨੇ	0.0462962962963	0.953703703704	0.0	0.0
-ਖੌਲ	0.591133004926	0.36157635468	0.0295566502463	0.0177339901478
-ਿਰਝ	0.0377358490566	0.962264150943	0.0	0.0
-ਪੀਂ	0.914285714286	0.0857142857143	0.0	0.0
-ਾਲਚ	0.110311750599	0.833333333333	0.0563549160671	0.0
-ਕਿਉ	0.951219512195	0.0487804878049	0.0	0.0
-ਿਰਛ	0.0851440044312	0.849360607545	0.065495388024	0.0
-ਕਿਆ	0.603388464747	0.11206333514	0.0624720262525	0.22207617386
-ਲਕੀ	0.0	1.0	0.0	0.0
-ਪੇਟ	0.633989332352	0.11035497517	0.183924958617	0.0717307338605
-ਿਰਨ	0.699626865672	0.227611940298	0.0279850746269	0.044776119403
-ਬਾੜ	0.146341463415	0.829268292683	0.0	0.0243902439024
-ਕਿਸ	0.0937232025316	0.0645554790633	0.00362331968549	0.83809799872
-ਪੀਹ	0.763210815788	0.0536185884234	0.0	0.183170595789
-ਿਰਦ	0.401826484018	0.1128506197	0.0978473581213	0.387475538161
-ੜਕਣ	0.698679471789	0.222088835534	0.0	0.0792316926771
-ਕਿਲ	0.173241035784	0.377101417427	0.227227777167	0.222429769622
-ਗਿਆ	0.718214158101	0.0247763317453	0.00847929254529	0.248530217608
-ਿਰਾ	0.279648609078	0.491459248414	0.135187896535	0.0937042459736
-ਪਾੜ	0.833333333333	0.114130434783	0.0199275362319	0.0326086956522
-ੜਕਾ	0.520295202952	0.435424354243	0.0	0.0442804428044
-ਗਿਓ	0.560975609756	0.170731707317	0.0	0.268292682927
-ਪਾਰ	0.15109817412	0.51521566552	0.0396930404869	0.293993119873
-ਿਖੋ	0.716467189434	0.0758660872521	0.00611784127601	0.201548882037
-ਬਾਹ	0.763584280727	0.164801718736	0.0152179751141	0.056396025423
-ਬਾਸ	0.069097660248	0.885321210102	0.0121390998024	0.0334420298479
-ਇੱਕ	0.00912444422619	0.0283538314284	0.0194653043396	0.943056420006
-ਪਾਪ	0.149774098352	0.767382861321	0.0669683663076	0.0158746740189
-ਿਰੋ	0.797074954296	0.170018281536	0.0109689213894	0.0219378427788
-ੜਕੀ	0.243066884176	0.694942903752	0.0391517128874	0.0228384991843
-ਬਾਰ	0.285991947799	0.364153824795	0.1006525059	0.249201721505
-ਲੀਓ	0.237341772152	0.753164556962	0.0	0.00949367088607
-ਿਰੇ	0.530420746149	0.303483337608	0.0823690919788	0.0837268242643
-ਿਰੀ	0.210173083716	0.302013422819	0.256446485341	0.231367008124
-ਪੀੜ	0.307926829268	0.682926829268	0.00914634146341	0.0
-ੜਕੇ	0.63749253628	0.217732932961	0.0546387559601	0.090135774799
-ਉਤਾ	0.48275862069	0.503448275862	0.0137931034483	0.0
-ਬਾਨ	0.260848205154	0.519745753853	0.149364466667	0.0700415743257
-਼ਰਕ	0.174963314144	0.448018963766	0.129811491139	0.247206230951
-ਬਾਪ	0.0658959537573	0.921387283237	0.0104046242775	0.00231213872833
-ਬਾਬ	0.0936454849498	0.85618729097	0.0100334448161	0.0401337792642
-ਲੀਏ	0.258364591148	0.714628657164	0.0216054013503	0.00540135033758
-ਪਾਸ	0.277291151104	0.297430753673	0.039987612807	0.385290482415
-ਬਾਣ	0.0	1.0	0.0	0.0
-਼ਰਜ	0.43183742591	0.140558848434	0.0254022015241	0.402201524132
-ਪਾਲ	0.0953841392215	0.880812031344	0.00911636020877	0.0146874692253
-ਉਤਰ	0.0562884784521	0.394019349164	0.0316622691293	0.518029903254
-ਬਾਦ	0.125687275675	0.0433907125439	0.0209860158605	0.809935995921
-ਪਾਏ	0.461173131778	0.339154105672	0.0780446838394	0.121628078711
-ੂਤਕ	0.0	0.959866220736	0.0401337792642	0.0
-਼ਰਤ	0.879783174637	0.101815199173	0.00267465496951	0.0157269712207
-਼ਰਣ	0.407407407407	0.222222222222	0.259259259259	0.111111111111
-ਬਾਜ	0.259820600062	0.62326012991	0.103928240025	0.0129910300031
-ਪਾਈ	0.640860215054	0.218637992832	0.0645161290322	0.0759856630824
-਼ਰਮ	0.157425223019	0.382543291936	0.418051425573	0.0419800594717
-ਪਾਅ	0.694915254237	0.152542372881	0.0	0.152542372881
-ਲੀਲ	0.0166808214107	0.947932318547	0.027220661571	0.00816619847129
-ਪਾਂ	0.0636464440879	0.862030934106	0.0540528158589	0.0202698059471
-ਬਾਗ	0.0661243252366	0.872812335649	0.0431104669435	0.0179528721704
-ਪਾਟ	0.65696969697	0.288484848485	0.0254545454545	0.0290909090909
-ਬਾਈ	0.576519916143	0.25786163522	0.134171907757	0.0314465408805
