-ꞌoo	0.329632774702	0.164681616191	0.050752901144	0.454932707963
-hew	0.0210526315789	0.978947368421	0.0	0.0
-eus	0.0279441117765	0.950543357729	0.00266134397872	0.0188511865159
-hes	0.0212765957447	0.893617021277	0.0425531914894	0.0425531914894
-hem	0.0	0.994152046784	0.00584795321636	0.0
-hen	0.0814272644099	0.699908508692	0.0164684354986	0.2021957914
-ive	0.0336	0.952	0.0	0.0144
-rbe	0.00798934753661	0.992010652463	0.0	0.0
-ꞌow	0.0434782608695	0.260869565217	0.583850931677	0.111801242236
-hea	0.208487084871	0.426199261992	0.321033210332	0.0442804428044
-aus	0.0483870967742	0.806451612903	0.0967741935484	0.0483870967742
-zin	0.0285374554102	0.871581450654	0.0428061831153	0.0570749108204
-aum	0.02487135506	0.933962264151	0.0	0.041166380789
-aul	0.0660146919916	0.798373171774	0.00240655063082	0.133205585604
-puu	0.229941133039	0.0438951257011	0.0407399205127	0.685423820748
-tzi	0.373647667875	0.317048144096	0.057728105865	0.251576082164
-pus	0.0325497287523	0.934900542495	0.0108499095841	0.0216998191682
-tze	0.258186067715	0.38535201873	0.120398972043	0.236062941511
-tza	0.281558803062	0.366736256089	0.0887961029924	0.262908837857
ALL	0.258528514009	0.314656195446	0.0597579841218	0.367057306423
-wma	0.195394277739	0.792393579902	0.0122121423587	0.0
-zua	0.132701421801	0.838862559242	0.0284360189573	0.0
-pua	0.47782546495	0.37339055794	0.00572246065807	0.143061516452
-sha	0.0	0.962414578588	0.0375854214123	0.0
-ama	0.370755359197	0.314502189608	0.105702583392	0.209039867803
-opu	0.274995615609	0.466737487471	0.157449672056	0.100817224864
-yra	0.0	1.0	0.0	0.0
-opo	0.3	0.571428571429	0.111428571429	0.0171428571429
-ope	0.197543099032	0.590244396218	0.0442857685132	0.167926736237
-opa	0.503063042994	0.320171530408	0.0798618846069	0.0969035419915
-dea	0.0864362336114	0.875661501788	0.0057210965435	0.0321811680572
-dee	0.0	0.989033584647	0.00822481151473	0.00274160383824
-oku	0.434856548988	0.356029351557	0.0563726262086	0.152741473247
-dek	0.204582651391	0.652794014496	0.0935234977788	0.0490998363339
-400	0.280561122244	0.0240480961923	0.0	0.695390781563
-ima	0.12962962963	0.740740740741	0.111111111111	0.0185185185185
-oko	0.122952397474	0.111217288355	0.0165067524456	0.749323561725
-kim	0.0	1.0	0.0	0.0
-hee	0.270725622711	0.356448690965	0.0595044113622	0.313321274962
-oke	0.482594959059	0.329911809437	0.117336296561	0.0701569349423
-oka	0.293104880476	0.169967988607	0.0508759290123	0.486051201905
-imo	0.265007675527	0.478710511433	0.173870889553	0.0824109234871
-lak	0.254952817173	0.690414436289	0.0546327465372	0.0
-lla	0.0	0.994475138122	0.0	0.00552486187844
-ech	0.0	1.0	0.0	0.0
-oba	0.179659649985	0.568257865602	0.0428363132867	0.209246171127
-ece	0.0	0.941176470588	0.0294117647059	0.0294117647059
-ida	0.0	0.980099502488	0.0	0.0199004975124
-bia	0.0472440944882	0.811023622047	0.0	0.141732283465
-idu	0.206914523469	0.474293025039	0.0839885889347	0.234803862557
-obu	0.068082788671	0.358115468409	0.272058823529	0.30174291939
-ter	0.0811909411917	0.886879483594	0.00738784794502	0.0245417272688
-uta	0.353601496726	0.337464920486	0.0909728718429	0.217960710945
-ute	0.387650553824	0.390172909238	0.0741996480515	0.147976888886
-uth	0.0	1.0	0.0	0.0
-rim	0.0	1.0	0.0	0.0
-tea	0.149606299213	0.755905511811	0.0472440944882	0.0472440944881
-ris	0.0598752598752	0.573388773389	0.0	0.366735966736
-utu	0.387579055716	0.439364312046	0.118898918852	0.0541577133854
-eꞌa	0.383436655782	0.323852704004	0.0467598457815	0.245950794433
-sia	0.0184971098266	0.978034682081	0.00346820809249	0.0
-eꞌe	0.0773996036836	0.57055520013	0.0136217454747	0.338423450711
-mew	0.0	0.979899497487	0.0	0.0201005025125
-ara	0.074653394952	0.850693210096	0.0	0.0746533949519
-mes	0.0148243045388	0.963213762811	0.00549048316253	0.0164714494876
-lus	0.136307311028	0.852540272615	0.0111524163569	0.0
-ark	0.0756972111554	0.894422310757	0.0	0.0298804780876
-mee	0.116819568476	0.0131538246719	0.00162547781556	0.868401129037
-mea	0.574948667944	0.171925504575	0.0131011906718	0.24002463681
-ary	0.0176545525674	0.688667984071	0.00225697404981	0.291420489312
-yda	0.335135135135	0.372972972973	0.27027027027	0.0216216216216
-pha	0.585365853659	0.414634146341	0.0	0.0
-aya	0.774167649595	0.0893754522297	0.0151651815361	0.121291716639
-ayi	0.36911549366	0.384444029037	0.165747577655	0.0806928996479
-ayu	0.619963138304	0.217231036103	0.0146362617903	0.148169563803
-gon	0.0	1.0	0.0	0.0
-xad	0.0	1.0	0.0	0.0
-ubo	0.691959229898	0.188750471876	0.0	0.119290298226
-uba	0.265589131344	0.542656232666	0.143367952142	0.0483866838481
-umu	0.0635815644666	0.195131124179	0.0141693032113	0.727118008143
-ota	0.389851750787	0.359605620017	0.0957809160301	0.154761713165
-ote	0.466892356614	0.350531026413	0.105044080998	0.0775325359749
-oam	0.0285261489699	0.94294770206	0.0095087163233	0.0190174326466
-oto	0.261273637203	0.359431249475	0.203762517061	0.17553259626
-ume	0.18828888223	0.161174707821	0.0220077914294	0.62852861852
-uma	0.21263396659	0.483994584071	0.0266261908083	0.27674525853
-otu	0.197471372262	0.441563820399	0.0918416948349	0.269123112504
-umo	0.485286945212	0.241424158673	0.121281092505	0.152007803609
-umi	0.346248316298	0.443110688535	0.0226606449569	0.18798035021
-nah	0.0778581413724	0.920683158087	0.0	0.00145870054093
-nai	0.0136674259681	0.986332574032	0.0	0.0
-nan	0.0199071001991	0.980092899801	0.0	0.0
-nam	0.0	1.0	0.0	0.0
-sis	0.137931034483	0.862068965517	0.0	0.0
-ake	0.239337518642	0.6369292202	0.0689713983277	0.0547618628302
-naa	0.182943521817	0.67155261125	0.0117492416975	0.133754625236
-aka	0.514511566857	0.311238320899	0.0545533945021	0.119696717743
-470	0.150684931507	0.479452054795	0.0	0.369863013699
-nas	0.0154162384378	0.739465570401	0.234326824255	0.0107913669065
-aku	0.502700837243	0.345602292567	0.0659093954281	0.0857874747619
-mow	0.565598178315	0.227360308285	0.0227710632335	0.184270450166
-dyu	0.342742437016	0.28431155765	0.0271908124767	0.345755192858
-mos	0.0	0.988560533842	0.0114394661582	0.0
-mor	0.0	1.0	0.0	0.0
-goo	0.305583551703	0.331399622941	0.0689495713625	0.294067253993
-nth	0.0	1.0	0.0	0.0
-goe	0.459026494147	0.383857054837	0.0850277264326	0.0720887245841
-god	0.205316141891	0.431467475386	0.0180854630402	0.345130919683
-wue	0.327709780571	0.403021281288	0.14466865145	0.124600286691
-dya	0.411485668783	0.368960784817	0.0611817273087	0.158371819092
-moo	0.495170789164	0.252767962309	0.216725559482	0.0353356890459
-mon	0.0120236937494	0.979488993016	0.0	0.0084873132349
-dyi	0.58340552984	0.3050941855	0.0135151860194	0.0979850986411
-gow	0.249277373107	0.280379234594	0.304543877905	0.165799514395
-eoy	0.319327731092	0.428571428571	0.218487394958	0.0336134453781
-eow	0.409628126306	0.357577747269	0.111920253089	0.120873873336
-cob	0.0183414634146	0.93912195122	0.0	0.0425365853658
-yae	0.427083333333	0.572916666667	0.0	0.0
-eon	0.162743091095	0.819856704196	0.0	0.0174002047083
-yaa	0.314473043619	0.215326437202	0.0189079490201	0.451292570158
-bel	0.0821917808219	0.907534246575	0.0102739726027	0.0
-bea	0.486629667003	0.404894046418	0.0428859737639	0.0655903128153
-bed	0.262295081967	0.737704918033	0.0	0.0
-upu	0.290265559251	0.449297160143	0.0782499814591	0.182187299147
-ise	0.0725056438394	0.0271624467172	0.00767576566786	0.892656143776
-rea	0.00472394449365	0.97933274284	0.00531443755536	0.0106288751107
-red	0.0	1.0	0.0	0.0
-ree	0.0	0.648484848485	0.0	0.351515151515
-rez	0.0	1.0	0.0	0.0
-eve	0.205882352941	0.720588235294	0.0147058823529	0.0588235294117
-upe	0.0954689230687	0.793259688775	0.0239705148527	0.0873008733038
-eva	0.0	1.0	0.0	0.0
-upa	0.150837988827	0.807262569832	0.0	0.0418994413408
-upo	0.314814814815	0.648148148148	0.037037037037	0.0
-evi	0.138972809668	0.861027190332	0.0	0.0
-ret	0.104575163399	0.862745098039	0.0	0.0326797385621
-reu	0.0	1.0	0.0	0.0
-hab	0.013856812933	0.986143187067	0.0	0.0
-hah	0.0	1.0	0.0	0.0
-kwa	0.382957397702	0.113131465582	0.0375435895783	0.466367547138
-mas	0.00642398286939	0.965310492505	0.0256959314775	0.00256959314775
-mar	0.0	1.0	0.0	0.0
-ham	0.0257720239326	0.94588901748	0.0162230270174	0.0121159315699
-han	0.0	1.0	0.0	0.0
-mah	0.0607902735563	0.939209726444	0.0	0.0
-har	0.0	0.949152542373	0.0338983050848	0.0169491525424
-has	0.0116926503341	0.776726057907	0.208240534521	0.00334075723831
-hat	0.0	1.0	0.0	0.0
-gog	0.076923076923	0.903846153846	0.0192307692308	0.0
-man	0.0774177264752	0.58068957595	0.301528696737	0.0403640008381
-maa	0.127167630058	0.508670520231	0.364161849711	0.0
-haz	0.0	1.0	0.0	0.0
-uno	0.400843454518	0.353801216973	0.13824632761	0.107109000899
-uni	0.477019003163	0.361230722309	0.0734236151876	0.08832665934
-une	0.3333067856	0.285321758522	0.181188276521	0.200183179357
-una	0.323453205394	0.361948932488	0.081422649901	0.233175212217
-unu	0.262644878094	0.11851531464	0.13964054943	0.479199257836
-666	0.0615384615384	0.138461538462	0.0461538461539	0.753846153846
-eoo	0.532404538579	0.0482877908722	0.00644350927194	0.412864161277
-tra	0.0	1.0	0.0	0.0
-500	0.140468227425	0.250836120401	0.100334448161	0.508361204013
-gaa	0.232383808096	0.224887556222	0.542728635682	0.0
-ada	0.341240875912	0.474452554745	0.0656934306569	0.118613138686
-gai	0.0	1.0	0.0	0.0
-adi	0.264900662252	0.368913128165	0.237631476432	0.128554733152
-144	0.0	0.0720658888126	0.0	0.927934111187
-adu	0.306354599273	0.390527272679	0.0814815036862	0.221636624362
-gar	0.0	0.619389587074	0.380610412926	0.0
-seh	0.0	1.0	0.0	0.0
--mu	0.839285714286	0.0964285714286	0.0642857142857	0.0
-ina	0.329140327231	0.409688385335	0.0859472392193	0.175224048214
-see	0.045911142579	0.905411983361	0.00453579962828	0.0441410744314
-apa	0.218314407402	0.198873273044	0.0686299616885	0.514182357866
-sea	0.339540093618	0.340481008207	0.0926306145332	0.227348283642
-ohe	0.249454872962	0.447969994312	0.0642894387562	0.23828569397
--mi	0.0636477987421	0.714968553459	0.221383647799	0.0
-oha	0.223963565632	0.533360733067	0.064538713821	0.17813698748
-ohn	0.0912183695423	0.816845449336	0.0202207052784	0.0717154758434
-oho	0.393546944858	0.376810730253	0.0847540983606	0.144888226528
-ses	0.0519430917598	0.889286737325	0.0162322161749	0.0425379547408
-ohi	0.367485182049	0.555461473328	0.0770533446232	0.0
-ooa	0.349503693168	0.447263530041	0.082166101286	0.121066675504
-eda	0.288647947219	0.378681873613	0.159645570808	0.173024608361
-ooe	0.213462136031	0.175560447536	0.0432500686677	0.567727347765
-ooi	0.300983606557	0.406885245902	0.210491803279	0.0816393442622
-ian	0.0666666666667	0.866666666667	0.0666666666666	0.0
-nes	0.103211009174	0.896788990826	0.0	0.0
-ooo	0.242269296323	0.607986364743	0.0383491599708	0.111395178963
-fus	0.111111111111	0.851851851852	0.037037037037	0.0
-kua	0.207736389685	0.422636103152	0.32664756447	0.0429799426934
-edu	0.22524727111	0.450375260869	0.139263692208	0.185113775813
-aoh	0.132075471698	0.792452830189	0.0754716981132	0.0
-aoo	0.474343675418	0.290871121718	0.0865155131264	0.148269689738
-nea	0.57015742642	0.38574361983	0.0132003520094	0.0308986017405
-eka	0.313406423666	0.187360856937	0.0476486291365	0.45158409026
-eke	0.416747597892	0.290505217481	0.0653476598822	0.227399524744
-hoe	0.208479559897	0.127572797117	0.106231622878	0.557716020108
-aꞌw	0.524079320113	0.169971671388	0.237960339943	0.0679886685553
-noo	0.153231925958	0.587738790506	0.172330937264	0.0866983462723
-hon	0.0	1.0	0.0	0.0
-hoo	0.383429282831	0.303835164074	0.0722201623602	0.240515390735
-baa	0.372686153982	0.323200564056	0.0561270016045	0.247986280357
-hor	0.0	1.0	0.0	0.0
-hos	0.078947368421	0.921052631579	0.0	0.0
-how	0.271162992856	0.189264755749	0.0351159900262	0.504456261369
-eku	0.486455853022	0.336396105893	0.0801094778277	0.0970385632573
-aꞌe	0.374947444477	0.317437720043	0.124034675252	0.183580160227
-bas	0.116625310174	0.823370178209	0.0123317542672	0.0476727573501
-job	0.27027027027	0.72972972973	0.0	0.0
-aꞌa	0.229203798422	0.291370467443	0.0460227606247	0.43340297351
-ase	0.513261976068	0.232170886179	0.0446492887606	0.209917848993
-zoo	0.0689094783615	0.0419558110891	0.0220128400421	0.867121870507
-zoi	0.43047212475	0.312549861987	0.0933527717919	0.163625241471
-asa	0.374311467201	0.543064596895	0.0375563345018	0.0450676014021
-zoe	0.517391304348	0.208695652174	0.247826086957	0.0260869565217
-ias	0.060119760479	0.802275449102	0.0332934131736	0.104311377245
-asu	0.069545995579	0.843734058834	0.0071416425778	0.0795783030097
-lta	0.0	0.875	0.0625	0.0625
-zor	0.0	1.0	0.0	0.0
-wga	0.24948623099	0.235922729141	0.039457459926	0.475133579943
-ꞌno	0.130047742255	0.0979109165019	0.03175679387	0.740284547373
-ꞌna	0.367255240535	0.518000705546	0.0289645184649	0.0857795354537
-430	0.0	0.0	0.0	1.0
-ꞌne	0.227369259362	0.490085150448	0.079033070449	0.203512519742
-ras	0.0944055944056	0.802447552448	0.0	0.103146853147
-ran	0.405405405405	0.594594594595	0.0	0.0
-eri	0.0	1.0	0.0	0.0
-ram	0.0	1.0	0.0	0.0
-rak	0.0	1.0	0.0	0.0
-rah	0.0308177991582	0.839897775105	0.0473541791942	0.0819302465424
-rae	0.0782608695652	0.895652173913	0.0260869565217	0.0
-ugu	0.39204968003	0.299796912741	0.105021353487	0.203132053742
-ꞌwe	0.432719657722	0.356870491811	0.0844298610089	0.125979989458
-ꞌwa	0.489084005695	0.279425723778	0.110109159943	0.121381110584
-pow	0.292479108635	0.674094707521	0.0	0.033426183844
-uge	0.0926243567753	0.373927958833	0.382504288165	0.150943396226
-ꞌwu	0.630271010664	0.233734468252	0.0602680755307	0.0757264455533
-poo	0.36	0.586666666667	0.0	0.0533333333333
-uga	0.416274888349	0.120712773121	0.0303762269905	0.43263611154
-ozu	0.336060077779	0.201823789728	0.402038353225	0.0600777792678
-aze	0.110240963855	0.889759036145	0.0	0.0
-aza	0.0	0.96062992126	0.0	0.0393700787401
-ugi	0.172397841172	0.632228218967	0.0781804163454	0.117193523516
-ike	0.57223796034	0.084985835694	0.192634560907	0.150141643059
-ika	0.585178746882	0.177310860857	0.0374121381604	0.2000982541
-nor	0.0	1.0	0.0	0.0
-nos	0.0	1.0	0.0	0.0
-lah	0.0	1.0	0.0	0.0
-now	0.300457684606	0.386477871767	0.0375342241837	0.275530219443
-aam	0.046904315197	0.923076923077	0.0187617260788	0.0112570356473
-iku	0.371519022289	0.390955439804	0.0496953856914	0.187830152215
-aan	0.0818181818182	0.918181818182	0.0	0.0
--na	0.281287970838	0.471445929526	0.0868772782503	0.160388821385
-las	0.0591027771184	0.911464514598	0.00142416330406	0.0280085449798
-noa	0.462450592885	0.292490118577	0.245059288538	0.0
-ppa	0.0125156445557	0.941712855355	0.0257464688003	0.0200250312891
--no	0.2036596681	0.450150994511	0.0452444184362	0.300944918952
-noe	0.359375	0.234375	0.125	0.28125
-aac	0.0199908613205	0.973155129084	0.00685400959561	0.0
-dow	0.372319578971	0.357258832092	0.0352723811657	0.235149207771
-boa	0.603658536585	0.396341463415	0.0	0.0
-gea	0.773723196035	0.157960548791	0.0199403003667	0.0483759548072
-aha	0.227282241044	0.176628559036	0.112645632112	0.483443567808
-ypt	0.212863705972	0.693721286371	0.0367534456355	0.0566615620214
-ahe	0.0286030302191	0.159444260668	0.129142069392	0.682810639721
-bow	0.11274060495	0.720592728384	0.0265811182402	0.140085548427
-don	0.00761421319799	0.992385786802	0.0	0.0
-doo	0.441736709253	0.222752465458	0.060244950803	0.275265874486
-dom	0.00781249999999	0.9921875	0.0	0.0
-dok	0.0	1.0	0.0	0.0
-sar	0.0481927710843	0.469879518072	0.0722891566265	0.409638554217
-dda	0.213953488372	0.730232558139	0.0	0.0558139534884
-sau	0.0375	0.625	0.3	0.0375
-ibu	0.254839834304	0.487536553066	0.0912263661503	0.16639724648
-ddi	0.0	1.0	0.0	0.0
-oli	0.135135135135	0.837837837838	0.027027027027	0.0
-saa	0.140404506094	0.668830783878	0.102618257808	0.08814645222
-sae	0.0	1.0	0.0	0.0
-iba	0.0693718967521	0.87886328689	0.0158463723545	0.0359184440036
-sam	0.0	1.0	0.0	0.0
-lon	0.0105124835742	0.942181340342	0.0157687253614	0.0315374507227
-iel	0.0176404177251	0.97177533164	0.00846740050802	0.00211685012701
-loi	0.0	0.933333333333	0.0	0.0666666666667
-loe	0.0571428571429	0.828571428571	0.0571428571429	0.0571428571429
-der	0.0	1.0	0.0	0.0
-rod	0.108278298264	0.793426508985	0.0308708339733	0.0674243587775
-ron	0.0403846153846	0.936538461538	0.0115384615385	0.0115384615385
-los	0.0760425183974	0.839125102208	0.0521259198692	0.0327064595258
-ꞌma	0.320041790005	0.437576179697	0.0679087584887	0.174473271809
-ewu	0.188118811881	0.415841584158	0.346534653465	0.0495049504951
-ꞌme	0.252430480968	0.289530395737	0.250677347155	0.207361776139
-ipe	0.480978846237	0.230063332041	0.0407996208694	0.248158200853
-ꞌmu	0.159342877312	0.0768617757005	0.0435460742189	0.720249272768
-ewa	0.145497241789	0.261032100812	0.249700607928	0.343770049471
-ipu	0.287224702487	0.377835742171	0.170978222734	0.163961332608
-awi	0.851893725269	0.0960994912379	0.00678349349915	0.0452232899943
-awa	0.539149888143	0.337807606264	0.089485458613	0.0335570469799
-wdu	0.88679245283	0.0377358490566	0.0	0.0754716981132
-awe	0.492847854356	0.345903771131	0.0234070221066	0.137841352406
-too	0.343306174962	0.36411827801	0.0524678794217	0.240107667606
-nge	0.373925399645	0.441278863233	0.0939253996448	0.0908703374779
-276	0.0	0.123287671233	0.0	0.876712328767
-wke	0.605263157895	0.0868421052631	0.276315789474	0.0315789473684
-wka	0.618037135278	0.167108753316	0.0318302387268	0.183023872679
-hys	0.0	1.0	0.0	0.0
-sse	0.0	1.0	0.0	0.0
-eyi	0.385864810377	0.333029023546	0.172315417095	0.108790748982
--wi	0.236973933205	0.595696230167	0.053835461441	0.113494375188
-200	0.0697674418605	0.645348837209	0.046511627907	0.238372093023
-cus	0.0184977578475	0.981502242152	0.0	0.0
-ois	0.0583941605839	0.664233576642	0.0802919708029	0.197080291971
-lem	0.0229952830189	0.953125	0.0	0.0238797169811
-lea	0.0	1.0	0.0	0.0
-lee	0.0137651821862	0.980026990553	0.00323886639677	0.0029689608637
-leg	0.0	1.0	0.0	0.0
-oic	0.0927835051547	0.458762886598	0.448453608247	0.0
-mus	0.0828462515883	0.700127064803	0.0213468869123	0.195679796696
-ios	0.0	1.0	0.0	0.0
-les	0.0430107526881	0.84229390681	0.0430107526882	0.0716845878136
-iot	0.0880872483222	0.89177852349	0.0	0.0201342281879
-eel	0.0	1.0	0.0	0.0
-eek	0.0	0.106194690265	0.893805309735	0.0
-aly	0.0131578947368	0.967105263158	0.00657894736842	0.0131578947368
-oꞌa	0.247063806106	0.483690329091	0.178773586087	0.0904722787166
-rrh	0.570552147239	0.39263803681	0.0368098159509	0.0
-gia	0.0	0.89010989011	0.10989010989	0.0
-126	0.0588235294118	0.078431372549	0.0392156862745	0.823529411765
-120	0.0454545454545	0.0454545454545	0.0	0.909090909091
-yow	0.528856072167	0.127251100947	0.0100132758314	0.333879551054
-obe	0.220233975616	0.514010905351	0.0352655796138	0.230489539419
-yoo	0.233054565243	0.305136459556	0.156413928805	0.305395046396
-gwa	0.0962472080187	0.804736676942	0.0369925977886	0.0620235172503
-chi	0.0	1.0	0.0	0.0
-gwe	0.366108043156	0.269085955995	0.102804577506	0.262001423343
-pea	0.00382908363067	0.886084761988	0.0	0.110086154382
-cho	0.0	1.0	0.0	0.0
-gwi	0.455432436198	0.208873232896	0.149672631614	0.186021699292
-ogu	0.0972014739568	0.852006772234	0.00896325067223	0.0418285031371
-che	0.205128205128	0.794871794872	0.0	0.0
-153	0.0	0.0	0.0260756192959	0.973924380704
-eli	0.0384615384615	0.961538461538	0.0	0.0
-iyi	0.554752342704	0.375278893351	0.0	0.0699687639446
-ogo	0.142686840899	0.567996331958	0.0330123796424	0.256304447501
-oga	0.410065871849	0.396183787903	0.0687027056455	0.125047634602
-oge	0.286660834721	0.185381098852	0.0897296610886	0.438228405339
-abu	0.312436265659	0.503724424403	0.109805499163	0.0740338107757
-cca	0.10033444816	0.819397993311	0.0802675585284	0.0
-itu	0.28704818129	0.448469866756	0.0889574890799	0.175524462874
-tes	0.051724137931	0.0862068965517	0.862068965517	0.0
-esa	0.136148496197	0.207414413801	0.108936891266	0.547500198736
-ese	0.448409355782	0.268581903826	0.0654613774152	0.217547362978
-oꞌe	0.348395365055	0.223216705476	0.0670603210034	0.361327608466
-udu	0.194858094833	0.434482173641	0.0867201035217	0.283939628003
-ria	0.00654001868575	0.991591404547	0.0	0.00186857676736
-uda	0.18240519122	0.268078781441	0.157514543258	0.392001484081
-ude	0.0	0.97619047619	0.0238095238095	0.0
-uoo	0.242513785184	0.183842238924	0.0526491312813	0.520994844611
-hum	0.0	1.0	0.0	0.0
-uoe	0.402515723271	0.188679245283	0.056603773585	0.352201257861
-hua	0.209118957833	0.693177922523	0.0205690778197	0.0771340418237
-wow	0.146693778213	0.239863125627	0.26143474834	0.352008347819
-oah	0.0	1.0	0.0	0.0
-abe	0.165019897488	0.666792003308	0.0581631601539	0.110024939049
-aba	0.188281231425	0.550920081994	0.122371885678	0.138426800903
-huu	0.297976103389	0.18678371129	0.20580346257	0.309436722751
-lot	0.0319607339554	0.962046628428	0.0	0.00599263761666
-hus	0.0642529321774	0.929627740949	0.0	0.00611932687404
-koe	0.700444122179	0.248799057373	0.0507568204477	0.0
-tua	0.0273597811217	0.972640218878	0.0	0.0
-tui	0.403111739745	0.038189533239	0.502121640736	0.05657708628
-koo	0.249346260978	0.405514795716	0.125733104286	0.21940583902
-ael	0.0195348837209	0.980465116279	0.0	0.0
-och	0.0378082191781	0.955616438356	0.00328767123288	0.00328767123288
-soo	0.21832498	0.134640148617	0.0496678622073	0.597367009175
-tus	0.0407393316847	0.915985035825	0.0242533764504	0.0190222560396
-tuu	0.228915662651	0.509036144578	0.207831325301	0.0542168674699
-lix	0.0616754617414	0.921503957784	0.0	0.0168205804749
-wse	0.390065735839	0.475484140728	0.0467768819104	0.0876732415234
-rus	0.0637074851107	0.79071987383	0.0940048558799	0.0515677851792
-lip	0.0	0.997081002189	0.0	0.00291899781075
-omu	0.253743025486	0.543223253548	0.0958818511482	0.107151869818
-lis	0.0362537764351	0.963746223565	0.0	0.0
-lio	0.143801652892	0.81652892562	0.0396694214876	0.0
-jew	0.117026187691	0.688922950398	0.0761591260299	0.117891735882
-vne	0.162895927602	0.443438914027	0.0678733031674	0.325791855204
-rum	0.0	0.970802919708	0.0	0.029197080292
-sow	0.169872887636	0.24209791186	0.271365284949	0.316663915555
-oma	0.0282109433367	0.801244018957	0.0865775601336	0.0839674775729
-rug	0.0	1.0	0.0	0.0
-ica	0.0	1.0	0.0	0.0
-eas	0.0397350993378	0.960264900662	0.0	0.0
-rns	0.0	1.0	0.0	0.0
-odu	0.233488750815	0.563545627816	0.0494116829641	0.153553938405
-abi	0.608445297505	0.153550863724	0.0374280230326	0.200575815739
-oda	0.453382084095	0.220541798238	0.252285191956	0.0737909257105
-rna	0.0	1.0	0.0	0.0
-eak	0.0349388570003	0.965061143	0.0	0.0
-odo	0.20059988412	0.560730443787	0.0675547657408	0.171114906352
-zer	0.0	1.0	0.0	0.0
-eho	0.108695652174	0.858695652174	0.0	0.0326086956522
-res	0.409836065574	0.524590163934	0.0655737704918	0.0
-ber	0.0	1.0	0.0	0.0
-owe	0.36342699217	0.346077076616	0.0414555504375	0.249040380777
-ehe	0.115473441108	0.815242494226	0.0461893764434	0.0230946882217
-rga	0.0	1.0	0.0	0.0
-eha	0.220406672349	0.727870449288	0.0429562888104	0.00876658955314
-zea	0.709740160406	0.104897397233	0.0630258528377	0.122336589523
-dus	0.184931506849	0.633561643836	0.0	0.181506849315
-ape	0.359747441506	0.29732418005	0.104071719016	0.238856659428
-paa	0.274147727273	0.600852272727	0.0909090909091	0.0340909090909
-api	0.225785340314	0.520942408377	0.0196335078534	0.233638743455
-dua	0.164197357605	0.649852643397	0.0217526413922	0.164197357605
-apu	0.338844787043	0.41600828706	0.0790146234557	0.166132302441
-pas	0.0568761849205	0.929998541636	0.0131252734432	0.0
-pau	0.448275862069	0.413793103448	0.0344827586207	0.103448275862
-kea	0.619883854366	0.330041381229	0.0375560733039	0.0125186911013
-air	0.105263157895	0.842105263158	0.0	0.0526315789474
-suu	0.0	0.821052631579	0.178947368421	0.0
-sus	0.0687896583024	0.732699860878	0.00642061553078	0.192089865289
-ens	0.170103092783	0.788659793814	0.0103092783505	0.0309278350515
-sui	0.246597024375	0.398227287116	0.315289648623	0.039886039886
-nus	0.184126984127	0.730158730159	0.0095238095238	0.0761904761904
-sua	0.207503667994	0.767344372249	0.0125759798784	0.0125759798784
-uhe	0.537878787879	0.340909090909	0.0606060606061	0.0606060606061
-dia	0.110236220472	0.779527559055	0.0	0.110236220472
-ino	0.398148508304	0.436150764324	0.0695476292349	0.0961530981368
-kow	0.202394431811	0.169058101718	0.0530828796805	0.57546458679
--tu	0.398340248963	0.340248962656	0.236514522822	0.0248962655601
-son	0.0428061831153	0.946492271106	0.0107015457788	0.0
-dis	0.0	1.0	0.0	0.0
-rew	0.0	1.0	0.0	0.0
-tse	0.262304723565	0.234335683941	0.0864366304222	0.416922962072
-sli	0.0	1.0	0.0	0.0
-uku	0.310273030704	0.43747186728	0.0627596592751	0.18949544274
-iho	0.0967741935484	0.709677419355	0.0967741935484	0.0967741935484
-nni	0.283625730994	0.330409356725	0.0350877192982	0.350877192983
-nno	0.506990074294	0.32044834438	0.0489202723959	0.12364130893
-uke	0.347492625369	0.500884955752	0.0595870206489	0.0920353982301
-nna	0.100661278472	0.623561107029	0.0264511388685	0.249326475631
-nne	0.549496872854	0.225561324285	0.0639405685734	0.161001234287
-ngu	0.470583612799	0.0976234044479	0.0115491269209	0.420243855832
-ais	0.0677966101695	0.932203389831	0.0	0.0
-tis	0.0239043824701	0.464541832669	0.334661354582	0.176892430279
-nga	0.593378104715	0.217072023586	0.0276471168448	0.161902754854
-aia	0.0	0.974576271186	0.0	0.0254237288136
-tia	0.0	1.0	0.0	0.0
-ono	0.348764591771	0.482089984004	0.0667052377225	0.102440186502
-aim	0.259552992069	0.480894015862	0.0	0.259552992069
-ain	0.0268907563025	0.92268907563	0.0	0.0504201680673
-ngo	0.339071658219	0.46023387771	0.0552370084599	0.145457455611
-eme	0.403848543483	0.455736424476	0.0782844868904	0.0621305451511
-gee	0.776223776224	0.0839160839161	0.0979020979021	0.041958041958
-ema	0.343441959968	0.405716472001	0.117215685996	0.133625882035
-uwa	0.78947368421	0.0	0.0263157894737	0.184210526316
-emo	0.470347249317	0.323839250878	0.0790089738587	0.126804525946
-emu	0.187265502636	0.541742419283	0.040365022688	0.230627055393
-mmo	0.089552238806	0.756002595717	0.0794938351719	0.074951330305
--ga	0.321518020642	0.386336430149	0.0829939007661	0.209151648442
-mme	0.190195054364	0.10886846414	0.0241019720736	0.676834509423
-mma	0.629579087573	0.152275280524	0.0165600004913	0.201585631411
-jah	0.0229110512129	0.957681940701	0.00566037735849	0.0137466307278
-uꞌi	0.610995850622	0.155601659751	0.110995850622	0.122406639004
-ana	0.270044278996	0.359773089484	0.0729616255557	0.297221005965
--ma	0.262616459969	0.470794292016	0.0797845207877	0.186804727227
-cia	0.00432744320231	0.982690227191	0.00432744320231	0.00865488640463
-uꞌa	0.247001489275	0.443333243918	0.134420985237	0.175244281569
-uꞌe	0.378464534695	0.427894560904	0.117337570793	0.0763033336079
-zar	0.0	1.0	0.0	0.0
-uꞌu	0.0839313537057	0.857202970579	0.0211761762331	0.0376894994825
-etu	0.401749263533	0.254418863242	0.0435279864584	0.300303886767
-000	0.190288997365	0.20411248866	0.00604777744178	0.599550736533
-eta	0.47873895191	0.402950796854	0.0477880622636	0.0705221889716
-ete	0.0192307692308	0.961538461538	0.0192307692308	0.0
-eth	0.0103247606533	0.928853012953	0.00675802515488	0.054064201239
-uyi	0.343283582089	0.470149253731	0.0111940298508	0.175373134328
-atu	0.264322913137	0.44810388011	0.0740006861137	0.213572520639
-uya	0.291792114695	0.521541218638	0.0978494623656	0.0888172043011
-bua	0.230029539312	0.345735654579	0.0452517126516	0.378983093457
-bue	0.362867515172	0.37733150144	0.0843612078858	0.175439775502
-ate	0.270387889956	0.606366370543	0.0513573698776	0.0718883696231
-ata	0.454675272586	0.398371740423	0.0340500823518	0.11290290464
-ato	0.188368502316	0.549922799794	0.199948533196	0.0617601646938
-ath	0.0	1.0	0.0	0.0
-ose	0.508071103832	0.305625175777	0.0588819289326	0.127421791458
-osa	0.438026532391	0.387673089958	0.123462767503	0.0508376101482
-oso	0.110921604086	0.800629087138	0.050652656479	0.0377966522965
-iah	0.0414970247416	0.920137801441	0.00422799874726	0.0341371750705
-nia	0.00759814267622	0.984803714648	0.00759814267624	0.0
-ice	0.352941176471	0.386029411765	0.128676470588	0.132352941176
-edo	0.534050179211	0.244922341696	0.0465949820789	0.174432497013
-lia	0.0	1.0	0.0	0.0
-oꞌi	0.479186440678	0.172338983051	0.00813559322034	0.340338983051
-ome	0.0342107924096	0.452728437089	0.0171896592403	0.495871111261
-oꞌo	0.252974329724	0.143689128382	0.0474108477138	0.55592569418
-yre	0.0	1.0	0.0	0.0
-fig	0.30779753762	0.410396716826	0.107387140903	0.174418604651
-wpa	0.0547717842323	0.920331950207	0.00995850622409	0.0149377593361
-vid	0.0205831903945	0.941190884587	0.006076941926	0.0321489830924
-ila	0.0	1.0	0.0	0.0
-iga	0.329341317365	0.359281437126	0.203592814371	0.107784431138
-bus	0.0	1.0	0.0	0.0
-kwu	0.418724307876	0.320642056349	0.0779800239023	0.182653611873
-eba	0.0576997545058	0.885439498636	0.0268961880164	0.0299645588418
-amu	0.174361203906	0.614701426502	0.0624877864862	0.148449583106
-ebe	0.294682025636	0.484510152389	0.123989632105	0.0968181898694
-ami	0.148026315789	0.851973684211	0.0	0.0
-kwo	0.246334310851	0.718475073314	0.0351906158358	0.0
-kwi	0.309539145388	0.450868721901	0.0552495972859	0.184342535425
-oaz	0.0181818181818	0.981818181818	0.0	0.0
-amo	0.343993737371	0.454414010218	0.0757417403386	0.125850512072
-kwe	0.397866342084	0.238455350227	0.0597525612214	0.303925746468
-ame	0.376677238351	0.252256647963	0.266406440595	0.104659673091
-ebu	0.133591817694	0.590928695285	0.209112673949	0.0663668130726
-him	0.0	1.0	0.0	0.0
-ein	0.0	1.0	0.0	0.0
-gus	0.0	0.975903614458	0.0240963855422	0.0
-hia	0.0	0.934065934066	0.0659340659341	0.0
-ira	0.131756756757	0.648648648649	0.00675675675675	0.212837837838
-use	0.470580714184	0.31194007647	0.0534584957594	0.164020713587
-ppi	0.0	0.935235158057	0.0138781804163	0.0508866615266
-epe	0.491235222177	0.32735426009	0.0403587443946	0.141051773339
-epa	0.209588336576	0.668321370273	0.093915610116	0.0281746830348
-ees	0.0451127819549	0.887218045113	0.0676691729323	0.0
-eph	0.087429891125	0.887495875949	0.00758825470142	0.017485978225
-epu	0.212725184887	0.466540570858	0.0718019873064	0.248932256949
-uzu	0.185981680605	0.730386300279	0.0	0.0836320191159
-cee	0.0627090301004	0.911371237458	0.0158862876254	0.010033444816
-nix	0.0293070965041	0.860791291606	0.0	0.10990161189
-cea	0.0421052631579	0.957894736842	0.0	0.0
-pia	0.0	0.895953757225	0.104046242775	0.0
-oas	0.0	1.0	0.0	0.0
-ius	0.0848173831138	0.837449047534	0.0391055101742	0.0386280591779
-ium	0.0	0.996515679443	0.00348432055749	0.0
-iud	0.0	1.0	0.0	0.0
-ꞌyi	0.535864978903	0.301687763713	0.0253164556962	0.137130801688
-ꞌya	0.483773006543	0.171207283749	0.0408646029631	0.304155106744
-uel	0.0118168389955	0.955686853767	0.0324963072378	0.0
-ꞌyu	0.487756678851	0.399022317316	0.043832278387	0.0693887254464
-ean	0.148044692737	0.554469273743	0.297486033519	0.0
-uhu	0.223966686362	0.701190174728	0.0320756309614	0.0427675079486
-iia	0.284263959391	0.41116751269	0.284263959391	0.0203045685279
-tsu	0.107181261396	0.129868156529	0.384338912525	0.37861166955
-uka	0.302080826539	0.115366524042	0.0201381531554	0.562414496264
-uhi	0.198865652823	0.48292965726	0.0229422154776	0.29526247444
-aga	0.16059761166	0.425506816995	0.0470753669339	0.366820204412
-tsa	0.311512185026	0.424246744159	0.045716010047	0.218525060768
-ꞌni	0.430107526882	0.548387096774	0.0215053763441	0.0
-age	0.326604735629	0.422281204163	0.114605015017	0.136509045191
-uha	0.174357150313	0.3445349561	0.290968981609	0.190138911979
-ege	0.0371859296482	0.0150753768844	0.314572864321	0.633165829146
-one	0.385228904131	0.411731194312	0.102545404826	0.10049449673
-ega	0.422631831535	0.416824174052	0.0567694463977	0.103774548015
-ona	0.253766336875	0.335459751884	0.0720961042709	0.33867780697
-ego	0.0353312302839	0.556593059937	0.381577287066	0.0264984227129
-any	0.0	1.0	0.0	0.0
-thy	0.00609343263372	0.984766418416	0.00203114421124	0.00710900473934
-das	0.155833358993	0.791175293284	0.00431074298734	0.0486806047357
-450	0.0745341614907	0.0931677018634	0.0	0.832298136646
-dam	0.0311501597444	0.850239616613	0.00718849840255	0.11142172524
-dan	0.00769230769231	0.992307692308	0.0	0.0
-dah	0.0264378979173	0.950901046725	0.0	0.0226610553577
-ane	0.34509647933	0.261308790172	0.0977455990224	0.295849131475
-tha	0.00442559468929	0.741102710677	0.00221279734464	0.252258897289
-ani	0.495457410191	0.150016968051	0.0339361031658	0.320589518592
-dab	0.0	1.0	0.0	0.0
-ano	0.23265578062	0.32680013325	0.0432120420623	0.397332044067
-tan	0.0685463601883	0.862907279623	0.0109674176301	0.0575789425582
-mia	0.0392156862745	0.960784313725	0.0	0.0
-ent	0.113924050633	0.886075949367	0.0	0.0
-min	0.0	0.978835978836	0.021164021164	0.0
-mis	0.0410309013976	0.921784844211	0.0371842543916	0.0
-eno	0.136357099285	0.495705099477	0.139749303241	0.228188497996
-eni	0.457711442786	0.183175033921	0.182722749887	0.176390773406
-ene	0.0759151414309	0.855189267887	0.0317179700499	0.0371776206323
-ena	0.340614381451	0.338238619284	0.0838763651776	0.237270634088
-oel	0.0	1.0	0.0	0.0
