-cac	0.453537175317	0.140913917778	0.028149072092	0.377399834814
-'ja	0.0746537687386	0.925346231261	0.0	0.0
-caa	0.262409154167	0.347147054276	0.0316993969383	0.358744394619
-euy	0.233231707317	0.327743902439	0.439024390244	0.0
-ua'	0.205702906533	0.569739852555	0.0247860350818	0.19977120583
-lan	0.80981595092	0.153374233129	0.0368098159509	0.0
-jãc	0.309695290859	0.0930747922438	0.0797783933518	0.517451523546
-can	0.278918918919	0.437837837838	0.127567567568	0.155675675676
-loi	0.0	0.985714285714	0.0142857142857	0.0
-cal	0.134382873215	0.45528346908	0.269032352667	0.141301305037
-cas	0.0337901257744	0.921156373193	0.0225267505162	0.0225267505162
-iva	0.23997726228	0.333479763344	0.0519543308304	0.374588643546
-pu'	0.69676112601	0.0356144858498	0.0381650756738	0.229459312466
-caw	0.124006359301	0.802861685215	0.0190779014308	0.054054054054
-ive	0.070936568315	0.929063431685	0.0	0.0
-rbe	0.0167014613778	0.983298538622	0.0	0.0
-oty	0.205255959359	0.675459163736	0.0322391559203	0.0870457209847
-yjí	0.492957746479	0.422535211268	0.0	0.0845070422535
-cay	0.171995176203	0.136352673188	0.0468712314083	0.644780919201
-jãs	0.901960784314	0.0980392156863	0.0	0.0
-ivo	0.0	0.947058823529	0.0529411764706	0.0
-aus	0.0857142857143	0.704761904762	0.0571428571429	0.152380952381
-naĩ	0.737171807566	0.088234869589	0.0218241653556	0.152769157489
-ãja	0.467685076381	0.273795534665	0.0540540540541	0.2044653349
-gãj	0.179978184463	0.732153678342	0.0106047751788	0.0772633620167
-lao	0.295774647887	0.647887323944	0.0	0.056338028169
-nsu	0.165538318339	0.589380124398	0.0491400453798	0.195941511883
-gãa	0.205882352941	0.647058823529	0.117647058824	0.0294117647059
-gte	0.0896616814288	0.77080005808	0.117395092203	0.022143168288
-bte	0.126027965974	0.32565432077	0.0118365147647	0.536481198491
-ang	0.333509591996	0.366864781404	0.116626832209	0.182998794391
-nso	0.0754716981132	0.924528301887	0.0	0.0
-gãy	0.69859560677	0.230464530068	0.0583363341735	0.0126035289881
-ple	0.112987424707	0.326446158723	0.401547078094	0.159019338476
-aum	0.0755728912725	0.905411994149	0.0	0.0190151145783
-nsa	0.066694897311	0.737666737243	0.0711412237984	0.124497141647
-ũni	0.182509505703	0.794676806084	0.0228136882129	0.0
-zva	0.20849707334	0.752240490772	0.0230159106933	0.0162465251953
-lec	0.225011842729	0.499289436286	0.0909521553766	0.184746565609
-ca'	0.149350735199	0.782721703239	0.0107351459689	0.0571924155929
-nto	0.0288742441742	0.653237312317	0.0332903050479	0.28459813846
-pus	0.361271676301	0.209537572254	0.368497109827	0.0606936416185
-nta	0.0668326054207	0.076579147702	0.0174325782648	0.839155668612
-ũus	0.172200997173	0.37582683891	0.0404563422435	0.411515821674
-nyu	0.0375078963992	0.799431459255	0.00868603916614	0.15437460518
-nte	0.0797462154321	0.630375174579	0.0114593301167	0.278419279873
-ijũ	0.298107768568	0.364312216302	0.0881312409289	0.2494487742
-uan	0.0311458642647	0.844336665677	0.0122735821043	0.112243887954
-gcu	0.813559322034	0.101694915254	0.0	0.0847457627119
-ñte	0.234215885947	0.187372708758	0.446028513238	0.132382892057
-aju	0.131036624384	0.575441336997	0.109534384763	0.183987653856
-ũuc	0.400478369384	0.252287853577	0.050540765391	0.296693011647
-sva	0.29436421197	0.458889873437	0.0703083984253	0.176437516167
-ntu	0.316279069767	0.2	0.344186046512	0.139534883721
-dro	0.0148621869933	0.927940911548	0.0081066474509	0.0490902540083
-puj	0.32293986637	0.227171492205	0.106904231626	0.3429844098
-ẽna	0.165605095541	0.176220806794	0.365180467091	0.292993630573
-eña	0.235697940503	0.633867276888	0.020594965675	0.109839816934
-pre	0.00486223662885	0.980551053485	0.00243111831442	0.0121555915721
-car	0.0	1.0	0.0	0.0
-das	0.0472320975115	0.947689182326	0.00152361604876	0.00355510411376
-más	0.0	1.0	0.0	0.0
-csũ	0.129310344828	0.715517241379	0.155172413793	0.0
-uul	0.378921962993	0.563153660499	0.0289621882542	0.0289621882542
-itu	0.0362405949982	0.934717284353	0.0179713635471	0.0110707571022
-zor	0.0	1.0	0.0	0.0
-ysũ	0.202918888577	0.28795958462	0.0370474319393	0.472074094864
-ĩ'j	0.0816527192082	0.878034391592	0.0181353376887	0.0221775515109
-smo	0.235543887684	0.753909371076	0.0	0.0105467412396
-ope	0.00906344410876	0.945619335347	0.0108761329305	0.0344410876133
-opa	0.397956843793	0.517497017101	0.059457244168	0.0250888949379
-dea	0.00635348479015	0.981709664998	0.00500577589526	0.00693107431652
-msa	0.310917276308	0.327518289252	0.340461451885	0.0211029825549
-twe	0.399962563467	0.340602260231	0.1499859613	0.109449215003
-jga	0.33801648608	0.178962102753	0.114832287833	0.368189123335
-dej	0.0	0.85347985348	0.03663003663	0.10989010989
-'ts	0.343148357871	0.559456398641	0.0543601359003	0.0430351075878
-'tu	0.285084959094	0.274386406545	0.300818124607	0.139710509755
-deo	0.000886786875553	0.988471770618	0.0	0.0106414425066
-'tj	0.466904097273	0.166589479041	0.0532743250663	0.31323209862
-des	0.0155642023346	0.952566240504	0.0185288123031	0.0133407448583
-te'	0.154507508686	0.16344087048	0.0253673927314	0.656684228103
-'ta	0.38071346637	0.287092951604	0.0647329952126	0.267460586813
-'te	0.268342756857	0.663220113082	0.0560858299461	0.0123513001151
-imo	0.157370517928	0.770916334661	0.0119521912351	0.0597609561753
-vio	0.0449286065977	0.918143771541	0.00369276218611	0.033234859675
-ecj	0.0143040153414	0.0183122833767	0.234444383316	0.732939317966
-lla	0.0596390151685	0.905252734393	0.018904442544	0.0162038078949
-ech	0.0738741777181	0.117905942708	0.0522196196617	0.756000259912
-obo	0.0	0.997659449971	0.0	0.00234055002926
-rpo	0.0	1.0	0.0	0.0
-rpa	0.211930926217	0.788069073783	0.0	0.0
-ji'	0.403528296443	0.243394748774	0.0807880961214	0.272288858662
-eca	0.167800767269	0.28183776098	0.0538465148698	0.496514956881
-oba	0.0307692307692	0.657692307692	0.161538461538	0.15
-llo	0.107354184277	0.87573964497	0.0169061707523	0.0
-ida	0.0258620689655	0.969435736677	0.0	0.00470219435737
-me'	0.338243324647	0.223570985334	0.0855718632178	0.352613826801
-ẽjẽ	0.0198266668669	0.876083332082	0.0198266668669	0.0842633341845
-bia	0.0	1.0	0.0	0.0
-eng	0.373204840263	0.348488840974	0.101477912882	0.176828405881
-jĩi	0.1893033855	0.203540078297	0.0662937903409	0.540862745863
-iũ'	0.355638745905	0.588207767899	0.0561534861956	0.0
-lu'	0.169618202352	0.664819862702	0.110926496414	0.0546354385322
-ãte	0.82	0.12	0.0	0.06
-ter	0.0235432607416	0.929370217775	0.0470865214832	0.0
-uta	0.226435536295	0.213517793149	0.265647137261	0.294399533294
-tar	0.0	1.0	0.0	0.0
-ute	0.221914016255	0.572878009487	0.0653992200976	0.13980875416
-a's	0.163807644403	0.440605139479	0.0471577682849	0.348429447833
-tey	0.304524953234	0.118796075063	0.0340142253161	0.542664746387
-rim	0.0	1.0	0.0	0.0
-a'w	0.351034729347	0.257001302396	0.0751801492688	0.316783818989
-dni	0.588394062078	0.271255060729	0.0444306031351	0.0959202740579
-ejn	0.394246137453	0.397975492808	0.111880660629	0.0958977091103
-a'j	0.337938816458	0.333915889205	0.057953210291	0.270192084045
-tec	0.357424261126	0.394317343768	0.0654689534244	0.182789441681
-jú'	0.46875	0.145833333333	0.1875	0.197916666667
-eju	0.185783644364	0.543334150298	0.0550575960226	0.215824609316
-a'l	0.556718292172	0.250453467281	0.138412166876	0.054416073671
-a'c	0.29457609174	0.251450810773	0.0725020812695	0.381471016218
-ejy	0.293992415136	0.0532721363495	0.108349421826	0.544386026689
-uty	0.215769857674	0.148913888524	0.0524518763729	0.582864377429
-tel	0.0615671641791	0.88526119403	0.0307835820895	0.0223880597015
-ten	0.0818181818182	0.690909090909	0.00991735537189	0.217355371901
-teo	0.0112464854733	0.988753514527	0.0	0.0
-lux	0.267059814659	0.682392586352	0.0	0.050547598989
-are	0.0	1.0	0.0	0.0
-nze	0.336765362656	0.230448899779	0.0690670754524	0.363718662112
-pga	0.627575277338	0.301109350238	0.0522979397781	0.0190174326466
-e'c	0.413630900312	0.329936608625	0.0781926653096	0.178239825753
-ara	0.106944981317	0.854722329597	0.00386548125242	0.0344672078341
-mes	0.565717151257	0.216585874278	0.0955742814721	0.122122692992
-jii	0.649458903327	0.102170102504	0.0129082040925	0.235462790077
-'ty	0.331742615755	0.238032800888	0.0546931433221	0.375531440034
-dsa	0.0320699708455	0.819241982507	0.0	0.148688046647
-mey	0.364568500133	0.32800495024	0.0983503167281	0.209076232899
-e'j	0.511532500986	0.2741555112	0.0252454681319	0.189066519682
-rón	0.0143198090692	0.942720763723	0.0429594272076	0.0
-nzh	0.130714569951	0.330509919845	0.215507930192	0.323267580012
-mee	0.238335435057	0.635561160151	0.0252206809584	0.100882723834
-luj	0.231989799532	0.589856201743	0.0899624566126	0.0881915421123
-ram	0.0	1.0	0.0	0.0
-e's	0.121662069175	0.570147742494	0.0553799531498	0.252810235181
-lum	0.046332046332	0.953667953668	0.0	0.0
-lun	0.330748615033	0.393627539106	0.0235260521153	0.252097793746
-cja	0.251769946703	0.534165937475	0.109776469652	0.10428764617
-mem	0.299500831947	0.680532445923	0.0	0.0199667221298
-raj	0.160779923799	0.228969898319	0.104278026345	0.505972151537
-meo	0.0	1.0	0.0	0.0
-men	0.4878695323	0.31995868949	0.0860109588713	0.106160819338
-mei	0.0	1.0	0.0	0.0
-mej	0.0897608817886	0.284594729506	0.462371080004	0.163273308701
-aya	0.0256849315069	0.96404109589	0.0	0.0102739726027
-tya	0.329931285368	0.287489894907	0.0343573160873	0.348221503638
-ayo	0.0	1.0	0.0	0.0
-ero	0.0903225806451	0.827956989247	0.0559139784946	0.0258064516129
-tyi	0.188138698751	0.352061373887	0.0515926733485	0.408207254013
-tyj	0.304546494923	0.495193274684	0.0691657687829	0.13109446161
-ãcy	0.159680638722	0.0785096473719	0.374584165003	0.387225548902
-ũva	0.512801010832	0.199038237423	0.209772194757	0.078388556988
-eec	0.32651917235	0.298619855758	0.0891072234845	0.285753748408
-ilo	0.0701775922743	0.664129634176	0.156845895736	0.108846877813
-rá'	0.338294642593	0.360972098987	0.0541661951507	0.246567063269
-bás	0.0416666666666	0.930555555556	0.0277777777778	0.0
-juy	0.351418616227	0.470632155301	0.0883524141364	0.0895968143355
-plo	0.113600951868	0.774072919913	0.0254964729879	0.0868296552311
-ẽec	0.428917609047	0.063408723748	0.29281098546	0.214862681745
-ito	0.106499608457	0.867658574785	0.0140955364135	0.0117462803446
-yuu	0.303234027298	0.124157177309	0.0257710944748	0.546837700919
-ũty	0.607187112763	0.27385377943	0.0520446096654	0.0669144981412
-í'c	0.389380530974	0.557522123894	0.0	0.0530973451328
-na'	0.147916114099	0.266954967789	0.0778376067084	0.507291311403
-ja'	0.251714009231	0.232171341658	0.0344194900256	0.481695159086
-pja	0.37125748503	0.413173652695	0.0778443113772	0.137724550898
-ira	0.0	1.0	0.0	0.0
-xad	0.0	1.0	0.0	0.0
-vit	0.30764615315	0.147534302405	0.00769822940724	0.537121315039
-ega	0.465645613219	0.258106576811	0.0423814716571	0.233866338313
-lpí	0.2	0.8	0.0	0.0
-rru	0.0376792811233	0.94830362581	0.0	0.0140170930663
-dáa	0.586989409985	0.403933434191	0.0	0.00907715582451
-ẽga	0.0579641098936	0.0500743499791	0.0206808436918	0.871280696436
-umu	0.109819121447	0.867786391042	0.0129198966408	0.00947459086993
-swe	0.373691695983	0.212984701433	0.0818031573297	0.331520445254
-tán	0.0	1.0	0.0	0.0
-ote	0.048994259201	0.817795706889	0.0926245469431	0.040585486967
-ã'c	0.737470167064	0.0954653937948	0.0715990453461	0.0954653937948
-ijc	0.67366720517	0.239095315024	0.00969305331179	0.0775444264944
-eno	0.0237623762376	0.726732673267	0.225742574258	0.0237623762376
-otj	0.389477914129	0.490974003895	0.0448981484344	0.0746499335414
-zíi	0.175310265472	0.163201008192	0.10602449248	0.555464233857
-nee	0.135080431511	0.0725261216964	0.0426000890151	0.749793357777
-ã'j	0.267151958983	0.27763106662	0.0965857082476	0.35863126615
-ijt	0.461176542354	0.121490491823	0.0192942462931	0.398038719531
-nda	0.100678350182	0.463647199046	0.0624494180315	0.37322503274
-ã's	0.213553837857	0.0953722012503	0.0363512892724	0.65472267162
-umb	0.289581777446	0.710418222554	0.0	0.0
-eví	0.0	1.0	0.0	0.0
-umi	0.0	0.966367713004	0.0	0.0336322869955
-ráa	0.272671719411	0.308727360516	0.107996324887	0.310604595186
-ĩ'c	0.147133321316	0.133929217583	0.00626323206458	0.712674229037
ALL	0.219955299883	0.260526279069	0.0486689072854	0.470849513763
-nai	0.05	0.85	0.0	0.1
-nan	0.0	1.0	0.0	0.0
-ejc	0.544645983612	0.0268926395406	0.0200294138245	0.408431963023
-yni	0.379313723845	0.450648828244	0.0567852616454	0.113252186266
-mañ	0.432298958837	0.179746964336	0.193086067765	0.194868009062
-nac	0.427461850099	0.151091575677	0.0255680460429	0.395878528181
-ysu	0.175962592568	0.283576078932	0.0444548851153	0.496006443385
-naa	0.136195652146	0.0987476840029	0.00477296909055	0.760283694761
-csu	0.874458874459	0.0808080808081	0.00577200577201	0.038961038961
-omé	0.0	1.0	0.0	0.0
-aul	0.0	1.0	0.0	0.0
-ĩ's	0.371367824238	0.355776045358	0.0510276399717	0.221828490432
-nay	0.426931525616	0.430817015849	0.017183551031	0.125067907504
-sio	0.0337078651685	0.966292134831	0.0	0.0
-ees	0.440862763688	0.272931974402	0.0571817966343	0.229023465276
-xa'	0.112515802781	0.82806573957	0.00379266750948	0.055625790139
-csa	0.245786516854	0.648876404494	0.0772471910112	0.0280898876405
-nas	0.0126592616792	0.955896765763	0.00367526951976	0.0277687030382
-sia	0.00484783194183	0.993536224078	0.0	0.00161594398061
-dá'	0.181818181818	0.818181818182	0.0	0.0
-'wẽ	0.0988395079679	0.0269644037641	0.00453969491207	0.869656393356
-ysa	0.122696785488	0.190127672778	0.0682444783207	0.618931063414
-jch	0.347582581293	0.182882980431	0.251748330079	0.217786108197
-itj	0.628283034262	0.1578884411	0.0327478672116	0.181080657426
-mos	0.0281917035844	0.971808296416	0.0	0.0
-mor	0.0	0.959183673469	0.0408163265306	0.0
-uá'	0.574298293891	0.273527793066	0.011557512383	0.14061640066
-jca	0.237887323944	0.202042253521	0.0695774647888	0.490492957746
-goc	0.0599250936329	0.397003745318	0.498127340824	0.0449438202247
-ynu	0.453179016985	0.217646174658	0.0360739516008	0.293100856756
-gog	0.0274599542334	0.945080091533	0.0274599542334	0.0
-jcy	0.373922326302	0.270956056011	0.0424197869179	0.31270183077
-sá'	0.255585414345	0.499330726151	0.131463153525	0.113620705978
-yna	0.331379158741	0.198857165291	0.050619975079	0.419143700889
-mon	0.00786926137826	0.98369726605	0.000712687822938	0.00772078474848
-níi	0.256294901975	0.253065296847	0.321448084805	0.169191716374
-jcu	0.437723269719	0.178806808413	0.0559917473781	0.32747817449
-yat	0.140681905396	0.408766734486	0.0186803559404	0.431871004178
-con	0.1302672148	0.80035971223	0.0231243576567	0.0462487153134
-u's	0.103023146017	0.708137429793	0.0263211945167	0.162518229673
-yap	0.0760456273764	0.923954372624	0.0	0.0
-ha'	0.0827536193863	0.245870073521	0.0311451623257	0.640231144767
-ber	0.0	1.0	0.0	0.0
-suc	0.257836230854	0.525980740645	0.043947521489	0.172235507012
-eor	0.0	1.0	0.0	0.0
-bet	0.0	0.610271903323	0.0	0.389728096677
-cob	0.0	0.997011952191	0.0	0.00298804780877
-bej	0.0317300428104	0.553764794762	0.40543943591	0.00906572651724
-eon	0.00899550224887	0.955022488756	0.0179910044978	0.0179910044978
-u'c	0.51321853283	0.134795488701	0.0650319317766	0.286954046692
-ju'	0.496569596578	0.144031843927	0.0729203030186	0.286478256476
-yac	0.650314161431	0.208554857419	0.0149830836153	0.126147897535
-u'n	0.508875739645	0.455621301775	0.0355029585799	0.0
-yan	0.667244367418	0.150779896014	0.0636915077989	0.118284228769
-rla	0.111731843575	0.724860335195	0.129888268156	0.0335195530726
-u'j	0.479058024095	0.121057307171	0.028505524991	0.371379143743
-ma'	0.0171698383174	0.982830161683	0.0	0.0
-yaj	0.110435986377	0.0626017603058	0.00847510952752	0.81848714379
-iso	0.0444444444444	0.955555555556	0.0	0.0
-reo	0.0239846498241	0.887005649718	0.0762178872188	0.0127918132395
-ĩij	0.534090909091	0.426136363636	0.0397727272727	0.0
-ejũ	0.237047949042	0.333526983007	0.0942382305952	0.335186837355
-rea	0.00102235550709	0.92639040349	0.0	0.0725872410032
-wu'	0.424969249692	0.452029520295	0.0615006150061	0.0615006150061
-zcu	0.0867469879518	0.204819277108	0.0	0.70843373494
-isa	0.261179979941	0.355557226749	0.0917453061854	0.291517487125
-upy	0.492682926829	0.351219512195	0.0	0.156097560976
-mo'	0.0825892857143	0.533482142857	0.0416666666667	0.342261904762
-eve	0.127973748975	0.175553732568	0.103363412633	0.593109105824
-sáa	0.134106933691	0.293453970129	0.065908868555	0.506530227625
-upe	0.165803108808	0.704663212435	0.129533678756	0.0
-eva	0.303244431327	0.271227290328	0.0747546105531	0.350773667792
-híi	0.333271802789	0.454783440452	0.0352402208387	0.17670453592
-res	0.01655832209	0.701827548142	0.0251441187293	0.256470011039
-isu	0.272752735081	0.516800909855	0.124383598849	0.086062756215
-jã'	0.244826388889	0.674965277778	0.0580555555555	0.0221527777778
-upj	0.245714285714	0.72	0.0342857142857	0.0
-evi	0.0291262135922	0.933333333333	0.00258899676375	0.0349514563107
-ret	0.0643255661306	0.921890383984	0.0	0.0137840498851
-dia	0.0493150684932	0.897260273973	0.0164383561644	0.0369863013699
-haa	0.373427301107	0.41514520859	0.00709488222494	0.204332608079
-hac	0.521593572146	0.188483428189	0.198192166053	0.0917308336123
-juu	0.90243902439	0.0243902439024	0.0243902439024	0.0487804878049
-wcu	0.341091370004	0.183941956774	0.311064490046	0.163902183177
-ava	0.158023450298	0.151445644494	0.0375973525953	0.652933552612
-co'	0.344714379514	0.61195009849	0.00393959290873	0.0393959290873
-u'p	0.402383456011	0.0231335436383	0.0234840518752	0.550998948475
-han	0.0212967030042	0.943563737039	0.0331429940502	0.00199656590664
-juc	0.43425186249	0.30275558747	0.123268407982	0.139724142058
-ya'	0.322487324455	0.161962752315	0.0427894484038	0.472760474826
-maj	0.502092050209	0.309623430962	0.0	0.188284518828
-mal	0.123218776194	0.679798826488	0.1743503772	0.0226320201174
-we'	0.422558844803	0.124893757753	0.016322896135	0.436224501308
-man	0.0566037735849	0.688679245283	0.254716981132	0.0
-maa	0.199028506648	0.154255798495	0.0112740730561	0.635441621801
-ĩjc	0.636570130608	0.116978989211	0.0670073821692	0.179443498013
-dwe	0.371917060749	0.592288104765	0.0104765369225	0.0253182975627
-jun	0.0	0.873333333333	0.126666666667	0.0
-dio	0.0638246140131	0.72342667261	0.0	0.212748713377
-uni	0.326926643939	0.287739335057	0.102829545236	0.282504475767
-tat	0.0	1.0	0.0	0.0
-se'	0.324673789713	0.422158661119	0.0347484871407	0.218419062027
-une	0.025641025641	0.785256410257	0.150641025641	0.0384615384616
-ung	0.568113177555	0.220473692577	0.0858369098713	0.125576219997
-una	0.471955260269	0.139811065158	0.0324991946123	0.355734479961
-vyu	0.197786305407	0.581009350817	0.0260394605749	0.195164883201
-pte	0.160804441665	0.208565305593	0.0381133600769	0.592516892665
-iro	0.0546333663291	0.924046295591	0.00456864387421	0.0167516942054
-u'y	0.0204624373036	0.649603152731	0.0111613294383	0.318773080527
-wni	0.43399905278	0.381486766596	0.0326145121509	0.151899668473
-pto	0.0108091878096	0.974778561778	0.00540459390482	0.00900765650803
-unu	0.335380835381	0.380835380835	0.0888615888616	0.194922194922
-ẽcy	0.219451371571	0.152119700748	0.0	0.628428927681
-hũu	0.559796437659	0.12213740458	0.106870229008	0.211195928753
-ui'	0.116390106932	0.0437406172467	0.0212795648801	0.818589710941
-wna	0.210639132301	0.131563608916	0.0433255005812	0.614471758202
-igo	0.133356606738	0.725257462035	0.0675510560307	0.0738348751964
-ia'	0.391175436983	0.328748429302	0.046365124485	0.23371100923
-'jy	0.127728085868	0.717203339296	0.142546213476	0.0125223613596
-gac	0.354898844814	0.137338793472	0.0452804433307	0.462481918383
-asá	0.269022040093	0.560416435929	0.16170118507	0.00886033890796
-snu	0.378100423472	0.398064125832	0.120992135511	0.102843315184
-yíi	0.688269898538	0.167725195077	0.0152854369906	0.128719469394
-amb	0.0508040359451	0.722371117768	0.0287718745073	0.19805297178
-tro	0.0478506478018	0.386493609248	0.00122171866728	0.564434024283
-'ni	0.025565024083	0.875138940348	0.0600222304557	0.039273805113
-gai	0.0	1.0	0.0	0.0
-'ju	0.395912273574	0.433624053898	0.0353400296705	0.135123642858
-gau	0.0	1.0	0.0	0.0
-sna	0.187368566914	0.234606166594	0.026013794191	0.552011472301
-'jn	0.572323462415	0.251708428246	0.0882687927108	0.0876993166286
-'ng	0.435606696196	0.287484513381	0.0707155220169	0.206193268406
-yaa	0.480605709737	0.33124072801	0.0334696240547	0.154683938199
-sni	0.277456150612	0.405935393922	0.0238852932961	0.292723162169
-aaw	0.581138487681	0.359388275276	0.0424808836024	0.016992353441
-gay	0.363636363636	0.236363636364	0.145454545455	0.254545454545
-beo	0.0	0.975	0.025	0.0
-seo	0.0235261272491	0.948466578407	0.0212855437016	0.00672175064261
-ini	0.367787446143	0.418264763031	0.0988426121484	0.115105178677
-sem	0.0	1.0	0.0	0.0
-nos	0.0825825825825	0.692192192192	0.18018018018	0.045045045045
-ate	0.196577391234	0.299113681462	0.0830078106445	0.42130111666
-bel	0.24	0.745454545454	0.0	0.0145454545454
-ywe	0.365082827153	0.254002904968	0.0484056829149	0.332508584964
-ũjc	0.661754319883	0.148500400207	0.0268374217242	0.162907858185
-ina	0.27169497726	0.376678661058	0.0732694105586	0.278356951123
-hsu	0.234701732021	0.378431013606	0.0387206909557	0.348146563417
-sec	0.127103078392	0.678568804643	0.0945926089193	0.099735508045
-chj	0.258091115234	0.249845392703	0.0645227788085	0.427540713255
-sea	0.0327868852459	0.967213114754	0.0	0.0
-ing	0.690661097696	0.139659335639	0.0391568230765	0.130522743588
-uii	0.171354069659	0.499906872788	0.303594710374	0.0251443471782
-inz	0.598639455782	0.231292517007	0.170068027211	0.0
-uim	0.134507303788	0.24167801436	0.0108937855905	0.612920896262
-eĩ'	0.903903903904	0.054054054054	0.0	0.042042042042
-uin	0.140010887316	0.0363636363636	0.0568317909636	0.766793685357
-set	0.0544959128065	0.945504087193	0.0	0.0
-ses	0.0309478896487	0.946700856716	0.00147370903089	0.0208775446043
-ũjy	0.309747147834	0.486415477067	0.0484770834763	0.155360291623
-hsa	0.087199391473	0.398547211355	0.0576053309186	0.456648066254
-ga'	0.380215827338	0.346582733813	0.0910071942446	0.182194244604
-ñal	0.318944844125	0.556354916067	0.0863309352518	0.0383693045564
-blo	0.0935076958685	0.804767966671	0.00682791343594	0.094896424025
-dón	0.301685891748	0.504880212955	0.102040816327	0.0913930789707
-ẽ'y	0.124823029731	0.0703161868806	0.186880604059	0.61798017933
-són	0.0189214758751	0.9394512772	0.00189214758751	0.0397350993378
-eoc	0.0	1.0	0.0	0.0
-ian	0.1	0.848148148148	0.0296296296296	0.0222222222222
-ẽ's	0.197547683924	0.59901318212	0.0592827159584	0.144156417998
-nes	0.188524987702	0.113489132619	0.0133720406565	0.684613839023
-rso	0.0	1.0	0.0	0.0
-neo	0.0	0.900662251656	0.0	0.0993377483444
-aan	0.15038845727	0.527192008879	0.0360710321864	0.286348501665
-cos	0.0308823529411	0.942647058824	0.0176470588235	0.00882352941178
-ias	0.0110969882434	0.954158869994	0.010304346226	0.0244397955361
-'nz	0.0399637190881	0.0356180066122	0.0231701183339	0.901248155966
-mta	0.653846153846	0.115384615385	0.0384615384615	0.192307692308
-wé'	0.74713411241	0.0714524207012	0.00534223706177	0.176071229828
-nec	0.841549295775	0.0915492957747	0.0176056338028	0.0492957746479
-mte	0.0123456790123	0.975308641975	0.0123456790123	0.0
-ban	0.0766467065868	0.880239520958	0.0	0.043113772455
-uní	0.407239819005	0.122868082144	0.208840932823	0.261051166029
-ẽtj	0.185396266698	0.0990900165164	0.0373074873799	0.678206229406
-uuj	0.31	0.66	0.03	0.0
-aaj	0.556712887616	0.10955449949	0.016361782002	0.317370830892
-bac	0.158527954706	0.336164189667	0.416135881104	0.0891719745223
-uuc	0.575543492548	0.0584566651771	0.0958505296916	0.270149312584
-guc	0.713333333333	0.14	0.0666666666666	0.08
-uí'	0.291666666667	0.0694444444445	0.472222222222	0.166666666667
-wní	0.792	0.088	0.0	0.12
-mga	0.163671944494	0.138587439957	0.00426970289984	0.693470912649
-ra'	0.502709749884	0.118177979612	0.0267652861419	0.352346984362
-yũ'	0.641901106116	0.0987423607253	0.0199505025506	0.239406030608
-elu	0.0224751476732	0.95850741968	0.0121020025933	0.0069154300533
-gsa	0.26433915212	0.473538376281	0.19285120532	0.0692712662788
-bas	0.0483516483517	0.654945054945	0.296703296703	0.0
-uus	0.0571719282807	0.815119348807	0.0268947310527	0.10081399186
-ase	0.064065081988	0.838566162451	0.00711834244312	0.0902504131181
-noc	0.0	1.0	0.0	0.0
-que	0.093023255814	0.906976744186	0.0	0.0
-mbu	0.175186650554	0.32189150264	0.0502632145281	0.452658632278
-asa	0.104430708941	0.376509155069	0.0569616960367	0.462098439954
-qui	0.391280519153	0.333583921002	0.0987622585871	0.176373301258
-ish	0.12534347918	0.170788416825	0.703868103995	0.0
-ltu	0.152905198777	0.836901121305	0.0101936799184	0.0
-ash	0.0850054101002	0.75061665832	0.0125971872799	0.151780744299
-mba	0.11903347668	0.742759390815	0.0449048444962	0.0933022880087
-asu	0.1715676993	0.563617072177	0.034507401667	0.230307826856
-eli	0.0140845070422	0.971830985916	0.0	0.0140845070422
-lto	0.267002518892	0.267002518892	0.465994962217	0.0
-usu	0.107856286824	0.340190786439	0.10569483819	0.446258088546
-'jí	0.715189873418	0.208860759494	0.0	0.0759493670886
-lta	0.117647058824	0.821575862817	0.0282179292381	0.0325591491209
-jme	0.0827147401909	0.196535878402	0.641922940969	0.0788264404383
-po'	0.0	0.955555555556	0.0444444444444	0.0
-lte	0.161953279777	0.653756558466	0.0354864694228	0.148803692334
-au'	0.0928074245939	0.907192575406	0.0	0.0
-ũsh	0.64705882353	0.308823529412	0.0147058823529	0.0294117647059
-yũu	0.446307099513	0.0770787508214	0.0196823065936	0.456931843072
-ba'	0.0824385264437	0.646273827419	0.0381066417427	0.233181004395
-'íi	0.263414634146	0.453658536585	0.282926829268	0.0
-ãnu	0.587454764777	0.0723763570567	0.0144752714113	0.325693606755
-ras	0.0	0.827338129496	0.0863309352518	0.0863309352518
-eri	0.0	1.0	0.0	0.0
-yũn	0.299019607843	0.634803921569	0.0	0.0661764705882
-uía	0.00689655172412	0.977931034483	0.0	0.0151724137931
-ĩic	0.592652620205	0.223662884927	0.0680713128039	0.115613182064
-iwe	0.0820411158659	0.371570898024	0.00500049242461	0.541387493686
-yũj	0.196078431373	0.0	0.56862745098	0.235294117647
-era	0.0	0.95957641788	0.0404235821199	0.0
-uío	0.0	0.913043478261	0.0869565217392	0.0
-uíi	0.175644092528	0.22030102163	0.10025457659	0.503800309252
-rac	0.374225930731	0.244518079576	0.0358580745876	0.345397915105
-hsá	0.815533980583	0.0679611650486	0.0	0.116504854369
-ssũ	0.307163626751	0.433782712133	0.0148030663494	0.244250594766
-tũu	0.0381002314894	0.807190847761	0.0302420587447	0.124466862005
-ela	0.104626222819	0.801733307758	0.0622526025773	0.0313878668457
-bsu	0.153115971936	0.536937680561	0.0297152290548	0.280231118448
-'cj	0.540098942032	0.189062121712	0.0518509335613	0.218988002695
-pos	0.0	1.0	0.0	0.0
-gel	0.024761413464	0.914882641217	0.0036110394635	0.056744905855
-'ca	0.476274189264	0.0928942595651	0.0284644010154	0.402367150155
-zte	0.0168539325842	0.113061797753	0.870084269663	0.0
-'cy	0.314558103582	0.469518165421	0.0386498325174	0.17727389848
-uga	0.339522546419	0.120247568523	0.423519009726	0.116710875332
-dyi	0.592	0.24	0.12	0.048
-jĩc	0.339703340486	0.0664541832535	0.00084048660608	0.593001989655
-to'	0.0591826614313	0.756218379685	0.0194836692166	0.165115289667
-ujs	0.605363984675	0.095785440613	0.298850574712	0.0
-uju	0.209317801497	0.594641169483	0.0172977378547	0.178743291166
-jnz	0.0265674814028	0.060219624513	0.00354233085369	0.909670563231
-ĩsh	0.54469273743	0.45530726257	0.0	0.0
-aat	0.0981378963262	0.871665827881	0.0150981378963	0.0150981378963
-nor	0.0	1.0	0.0	0.0
-'ne	0.152941176471	0.752941176471	0.0117647058823	0.0823529411765
-ĩsa	0.0800218489691	0.801447494196	0.0499795165916	0.0685511402432
-'na	0.439810904724	0.280700697718	0.168601652297	0.110886745262
-aal	0.0	0.973333333333	0.0	0.0266666666666
-fos	0.0	1.0	0.0	0.0
-sa'	0.127763734277	0.213280041774	0.0210867387472	0.637869485202
-eón	0.0264666960741	0.873842082047	0.0652845169828	0.0344067048963
-non	0.0	1.0	0.0	0.0
-las	0.0120769108533	0.768472906404	0.0678531701891	0.151597012554
-ujc	0.43739220893	0.322205188572	0.0700128664897	0.170389736009
-'nu	0.564356435644	0.257425742574	0.0	0.178217821782
-ipy	0.0325412618518	0.933044597916	0.00772562331733	0.0266885169144
-noe	0.0	1.0	0.0	0.0
-aac	0.546422227697	0.28762203581	0.0352655940048	0.130690142489
-dee	0.21336109351	0.613741287227	0.1086267765	0.0642708427627
-cũj	0.505139500734	0.226138032305	0.0521292217328	0.216593245228
-ũa'	0.17225950783	0.733780760626	0.0	0.0939597315437
-dos	0.0617005267118	0.148984198646	0.0406320541761	0.748683220467
-há'	0.315878525336	0.351170137129	0.0894590159508	0.243492321584
-tva	0.392294978142	0.426046928341	0.103804624867	0.07785346865
-lo'	0.0261552120179	0.810656557828	0.00549597666324	0.157692253491
-fán	0.0	1.0	0.0	0.0
-ẽva	0.267377582624	0.211843807582	0.0851726976908	0.435605912102
-pã'	0.317829457364	0.511627906977	0.170542635659	0.0
-ro'	0.0259798691365	0.779717448034	0.00642747875718	0.187875204072
-yáa	0.517503805175	0.205479452055	0.0502283105023	0.226788432268
-doc	0.0	1.0	0.0	0.0
-don	0.118855465884	0.808510638298	0.029713866471	0.042920029347
-bed	0.299065420561	0.700934579439	0.0	0.0
-vá'	0.42328042328	0.140786749482	0.0501495284104	0.385783298827
-sas	0.0666666666667	0.933333333333	0.0	0.0
-ión	0.0	1.0	0.0	0.0
-vos	0.0407196969697	0.956439393939	0.0	0.00284090909091
-toc	0.280540678398	0.59143075746	0.023973476154	0.104055087988
-sau	0.0530973451328	0.946902654867	0.0	0.0
-jus	0.203703703704	0.187830687831	0.0714285714286	0.537037037037
-ton	0.439393939394	0.424242424242	0.0454545454545	0.0909090909091
-ũna	0.482625757335	0.0473201140587	0.0184442267381	0.451609901868
-say	0.393731215114	0.240875912409	0.128810648347	0.23658222413
-jyã	0.0461285008237	0.884678747941	0.0691927512356	0.0
-sac	0.2966331256	0.300947190639	0.11006245784	0.292357225921
-ges	0.0191387559808	0.980861244019	0.0	0.0
-saa	0.0799300996204	0.442169126922	0.0871601124806	0.390740660977
-pcu	0.498442367601	0.361370716511	0.102803738318	0.0373831775701
-tor	0.224308300395	0.755928853755	0.0197628458498	0.0
-tos	0.0474247654915	0.12177005963	0.0394044007393	0.79140077414
-hsũ	0.391304347826	0.55652173913	0.0	0.0521739130435
-saj	0.534100246508	0.141331142153	0.012325390304	0.312243221035
-san	0.280065897858	0.621087314662	0.0	0.0988467874794
-sam	0.0379394654751	0.907259084394	0.00252929769834	0.0522721524324
-no'	0.138529599284	0.745920263708	0.0587543069535	0.056795830055
-háa	0.00540054005401	0.97704770477	0.0	0.0175517551755
-bo'	0.138461538462	0.253846153846	0.184615384615	0.423076923077
-iel	0.0	0.984251968504	0.0	0.015748031496
-bée	0.352941176471	0.539215686275	0.0490196078431	0.0588235294118
-ien	0.0110155926838	0.0504559106522	0.0629462439077	0.875582252756
-yju	0.412726190537	0.487386237034	0.020832167512	0.0790554049173
-naí	0.100682593857	0.863481228669	0.00511945392491	0.0307167235495
-loc	0.484566963317	0.150596917734	0.0395051009334	0.325331018016
-aní	0.0627437680176	0.861963710361	0.036967949805	0.0383245718162
-oce	0.00634417129263	0.0244616604648	0.00902824376258	0.96016592448
-aĩ'	0.4151618734	0.39116273243	0.121516903198	0.0721584909712
-iez	0.0387596899225	0.0647891330631	0.0	0.896451177014
-nãy	0.708973322555	0.198868229588	0.00485044462409	0.0873080032336
-roc	0.0519480519479	0.463203463203	0.103896103896	0.380952380952
-rom	0.0	1.0	0.0	0.0
-ron	0.0359901574837	0.822178807699	0.0502584447701	0.0915725900472
-uts	0.642788229619	0.24686444766	0.0364809454896	0.0738663772311
-mas	0.0809338521401	0.895719844358	0.00233463035019	0.0210116731518
-fyu	0.130526315789	0.793684210526	0.0252631578947	0.0505263157895
-oju	0.38578680203	0.299492385787	0.0111675126903	0.303553299492
-ĩni	0.357032319498	0.350048387759	0.082304412226	0.210614880517
-mar	0.0947689420596	0.833919774806	0.037532254281	0.0337790288529
-ipo	0.0141509433962	0.985849056604	0.0	0.0
-sar	0.0541463414634	0.918048780488	0.0219512195122	0.00585365853657
-ĩna	0.222736700836	0.0564110683787	0.00343717032552	0.717415060459
-ipa	0.00490998363338	0.9852700491	0.00490998363339	0.00490998363339
-tyĩ	0.194013542917	0.492268636511	0.193466615057	0.120251205514
-ipe	0.0138185168125	0.937816674344	0.0	0.0483648088439
-noé	0.0194298270976	0.970855259354	0.0	0.00971491354883
-ewe	0.322475554381	0.230877159263	0.042716767172	0.403930519184
-la'	0.0713836168002	0.796950234685	0.0378528802918	0.0938132682232
-ajũ	0.182815767513	0.223027833685	0.0502861911541	0.543870207648
-wú'	0.589473684211	0.378947368421	0.0	0.0315789473684
-ué'	0.56525534701	0.165866433872	0.0584897424706	0.210388476648
-wẽc	0.428920829183	0.0466865898202	0.00415540059769	0.520237180399
-iá'	0.763656633222	0.108138238573	0.128205128205	0.0
-ite	0.09756719264	0.227127862711	0.119295081163	0.556009863486
-jty	0.491170769662	0.148449140263	0.0237829726989	0.336597117376
-wẽe	0.648330664038	0.0943698410743	0.0412714056918	0.216028089196
-nga	0.360246676317	0.277283217378	0.0359299391727	0.326540167132
-cu'	0.0160356347439	0.978619153675	0.00534521158129	0.0
-wẽn	0.340846122104	0.348293411409	0.189817452988	0.121043013499
-bva	0.0674698795181	0.81686746988	0.0975903614457	0.0180722891566
-yji	0.727231740307	0.0668770664262	0.0360685302073	0.16982266306
-wá'	0.69109947644	0.13612565445	0.109947643979	0.0628272251309
-mia	0.0	0.971962616822	0.0	0.0280373831776
-jtj	0.528536260754	0.255299715551	0.0497278739956	0.1664361497
-dva	0.145966709347	0.807938540333	0.0307298335467	0.0153649167734
-wẽy	0.113005183994	0.0719292576646	0.0560657652352	0.758999793106
-jta	0.455051710422	0.544948289578	0.0	0.0
-cor	0.0	1.0	0.0	0.0
-nva	0.241057255713	0.426630735723	0.0745690132525	0.257742995312
-píi	0.566041004075	0.201560868582	0.0444587721873	0.187939355155
-sẽc	0.623616236162	0.343173431734	0.0	0.0332103321033
-hú'	0.65306122449	0.285714285714	0.0	0.0612244897959
-ido	0.0642857142857	0.507142857143	0.0	0.428571428571
-jue	0.270606027871	0.284325375392	0.365129091498	0.0799395052393
-sẽj	0.272727272727	0.727272727273	0.0	0.0
-eo'	0.118189438391	0.872590108969	0.0	0.0092204526404
-sto	0.0266475965678	0.866363717628	0.00217254290489	0.104816142899
-ato	0.0865751334859	0.892829900839	0.00228832951945	0.0183066361556
-ste	0.237739657541	0.276894643009	0.0336932836455	0.451672415804
-yi'	0.248747502346	0.254001946478	0.0485388382589	0.448711712917
-hi'	0.589318949338	0.0832028961807	0.0155295921449	0.311948562336
-sta	0.095523354952	0.776188224607	0.0301011936231	0.0981872268181
-sẽy	0.0	0.377245508982	0.622754491018	0.0
-gá'	0.616746995964	0.260991463043	0.0546379231289	0.0676236178636
-ucy	0.33943910478	0.39607274668	0.0412989108568	0.223189237683
-ain	0.0613165013526	0.90261496844	0.00360685302075	0.0324616771866
-wẽ'	0.267740714828	0.323997571686	0.0221052832171	0.386156430269
-cuj	0.325853517848	0.106866769327	0.316001174247	0.251278538578
-loé	0.0	0.970986460348	0.0290135396518	0.0
-ssa	0.13642016733	0.128215099479	0.0233283786637	0.712036354527
-ank	0.299825682743	0.441603718768	0.103428239396	0.155142359094
-cue	0.304217440223	0.180390265899	0.0775473088025	0.437844985075
-tu'	0.0797160269319	0.837852236037	0.047193742575	0.035237994456
-cuc	0.137404580153	0.81679389313	0.0	0.0458015267176
-ũnz	0.0	0.665943600868	0.334056399132	0.0
-ucu	0.119752464334	0.582007999244	0.12809813246	0.170141403962
-'ga	0.284214584474	0.175138995538	0.0284397617141	0.512206658275
-ucj	0.498464426837	0.182714639857	0.159077755008	0.159743178297
-uch	0.102083138889	0.654182087272	0.022899956381	0.220834817458
-uco	0.0	0.37037037037	0.62962962963	0.0
-hva	0.154320957737	0.319032764739	0.0685494153624	0.458096862161
-red	0.0	1.0	0.0	0.0
-uca	0.0332969572118	0.115624534019	0.042881801615	0.808196707154
-ssu	0.149856226499	0.779362972794	0.0536385755364	0.0171422251714
-lli	0.0	0.955056179775	0.0449438202247	0.0
-tée	0.123310810811	0.58277027027	0.0557432432432	0.238175675676
-aon	0.0989010989011	0.835164835165	0.065934065934	0.0
-shu	0.120776267781	0.0862461001533	0.00962402834329	0.783353603723
-ion	0.162877276958	0.803882462439	0.0199441563622	0.0132961042415
-len	0.01563271351	0.952772749712	0.0167845976633	0.0148099391147
-lea	0.00633943126245	0.986596631045	0.0	0.00706393769245
-yte	0.161309209178	0.308370739289	0.0599946030508	0.470325448483
-leg	0.0	1.0	0.0	0.0
-ley	0.0461349959549	0.807546468832	0.0204898487372	0.125828686476
-esé	0.0693641618497	0.93063583815	0.0	0.0
-mus	0.0	1.0	0.0	0.0
-sju	0.388149939541	0.590084643289	0.0	0.0217654171705
-esá	0.126436781609	0.386206896552	0.363218390805	0.124137931034
-les	0.0350877192983	0.760233918129	0.169590643275	0.0350877192983
-ndy	0.0326442243273	0.0454272896797	0.00481151742266	0.91711696857
-eel	0.0	1.0	0.0	0.0
-rra	0.379120712062	0.187050651171	0.0452820700623	0.388546566704
-een	0.161009323927	0.38457179904	0.0402698396076	0.414149037426
-i'j	0.253705772631	0.311755166115	0.0385043548833	0.39603470637
-rre	0.0	1.0	0.0	0.0
-eej	0.405405405405	0.574324324324	0.0202702702703	0.0
-tju	0.494790782139	0.200058566662	0.0396553292376	0.265495321961
-rro	0.0	0.869154349406	0.130845650594	0.0
-ecy	0.138186325416	0.107132089377	0.200849403891	0.553832181316
-'ya	0.882140274765	0.0542299349241	0.0144613159798	0.0491684743312
-dcu	0.549843014129	0.13579277865	0.0141287284144	0.300235478807
-gio	0.0448179271709	0.921568627451	0.0336134453782	0.0
-und	0.299854224534	0.117418198294	0.0335086578807	0.549218919292
-all	0.0185873605948	0.793680297398	0.0	0.187732342007
-udá	0.0175824175824	0.970695970696	0.0	0.0117216117216
-eey	0.494117647059	0.294117647059	0.0470588235294	0.164705882353
-rva	0.146616541353	0.695488721805	0.112781954887	0.0451127819549
-ndo	0.0	1.0	0.0	0.0
-váa	0.296978357974	0.121895044766	0.0243954586302	0.55673113863
-tje	0.238444969305	0.449175556853	0.0507757903862	0.261603683456
-oam	0.0	1.0	0.0	0.0
-nde	0.37284800787	0.301524840138	0.173143138219	0.152484013773
-gia	0.0	0.914489311164	0.0855106888361	0.0
-ala	0.175626416585	0.0350036584035	0.155675736097	0.633694188915
-mu'	0.200852077374	0.593424735858	0.0162911547533	0.189432032015
-uva	0.27534034635	0.442219574202	0.0741365895017	0.208303489946
-tca	0.346478761051	0.182890489669	0.0736515671209	0.39697918216
-io'	0.123184195235	0.807669959326	0.0104590354445	0.0586868099941
-le'	0.31914893617	0.285460992908	0.297872340426	0.0975177304964
-lpi	0.197530864198	0.493827160494	0.283950617284	0.0246913580247
-re'	0.0	1.0	0.0	0.0
-abé	0.00836586726156	0.991634132738	0.0	0.0
-tcu	0.318880217407	0.174970385339	0.0290049473904	0.477144449864
-chi	0.0871416871417	0.866789516789	0.0350122850123	0.0110565110565
-íic	0.351911625341	0.20865641664	0.0535156084244	0.385916349595
-ãna	0.680473372781	0.319526627219	0.0	0.0
-gwe	0.680757459832	0.174636572303	0.00803366488142	0.136572302984
-ñu'	0.126315789474	0.284210526316	0.0	0.58947368421
-cho	0.122503328895	0.0186418109188	0.0510430537061	0.80781180648
-iyu	0.455806363884	0.0883872722328	0.0293717704651	0.426434593419
-cha	0.36141216989	0.239019601867	0.14955299953	0.250015228714
-ãni	0.448110377925	0.404919016197	0.0989802039592	0.0479904019196
-pej	0.352759552296	0.130065611733	0.163257429564	0.353917406407
-íin	0.380261761585	0.377431906615	0.0141492748496	0.228157056951
-cĩy	0.357142857143	0.539867109635	0.078073089701	0.0249169435216
-lsa	0.127243717591	0.585759872357	0.0975269246111	0.189469485441
-elo	0.00653594771241	0.993464052288	0.0	0.0
-ogo	0.0	1.0	0.0	0.0
-mi'	0.0289800170471	0.668434510844	0.0276541339142	0.274931338195
-oga	0.239192263936	0.760807736064	0.0	0.0
-aén	0.0	0.954545454545	0.0454545454545	0.0
-iya	0.617760617761	0.19305019305	0.00772200772201	0.181467181467
-chu	0.101818181818	0.767272727273	0.0916363636363	0.0392727272727
-ãjũ	0.265040650406	0.405691056911	0.0967479674797	0.232520325203
-ũpj	0.586885245902	0.206557377049	0.0	0.206557377049
-loe	0.0759493670886	0.886075949367	0.0379746835443	0.0
-pna	0.293663785769	0.336073413013	0.130813868206	0.239448933012
-láa	0.326807228916	0.507530120482	0.0210843373495	0.144578313253
-ity	0.400206876845	0.421380927403	0.0803502227303	0.0980619730218
-jẽc	0.216384107674	0.727966869419	0.0401190630258	0.015529959881
-hu'	0.515890490632	0.148228158365	0.149183664991	0.186697686012
-pni	0.25355450237	0.287458986511	0.0590594239883	0.399927087131
-its	0.0148537830729	0.96379390376	0.0	0.0213523131673
-esu	0.102608887906	0.465133760778	0.023833738669	0.408423612646
-jẽe	0.232279757902	0.124478816409	0.0554808338937	0.587760591796
-pnu	0.401913875598	0.277511961723	0.177033492823	0.143540669856
