-okù	0.133580705009	0.821892393321	0.0400742115028	0.00445269016697
-'mu	0.27835278573	0.577626073552	0.0722307861705	0.0717903545474
-imù	0.553571428571	0.294642857143	0.0535714285714	0.0982142857143
-àyi	0.0421813799337	0.809480767299	0.0295269659536	0.118810886813
-hew	0.0113493064313	0.988650693569	0.0	0.0
-eus	0.0196551724138	0.958620689655	0.00413793103449	0.0175862068966
-hes	0.229007633588	0.770992366412	0.0	0.0
-hel	0.112781954887	0.830827067669	0.0	0.0563909774435
-hem	0.0249406175772	0.954275534442	0.0	0.020783847981
-hen	0.187631384581	0.549883529345	0.180955627521	0.0815294585534
-ive	0.00916830386378	0.982973149967	0.00523903077931	0.00261951538965
-rbe	0.04	0.96	0.0	0.0
-hek	0.352564102564	0.544871794872	0.076923076923	0.025641025641
-okà	0.464215983303	0.348212482327	0.07163535986	0.11593617451
-lem	0.00465336722823	0.99172734715	0.000129260200784	0.00349002542117
-aus	0.225	0.758333333333	0.0166666666667	0.0
-nnà	0.308987599319	0.408287916192	0.0852622342984	0.19746225019
-plu	0.317100792752	0.445073612684	0.237825594564	0.0
-asu	0.187243565834	0.741141365162	0.0402834763148	0.0313315926893
-oyi	0.247069439993	0.564937320667	0.0451274287884	0.142865810552
-zin	0.0	1.0	0.0	0.0
-nse	0.600908384473	0.171353584716	0.096078123361	0.13165990745
-ple	0.126984126984	0.815873015873	0.0380952380952	0.0190476190476
-aum	0.00240673886883	0.993983152828	0.0	0.00361010830325
-aul	0.033189911595	0.890247782958	0.00271163929663	0.0738506661502
-pla	0.338346851458	0.213140142268	0.0721841614825	0.376328844791
-nth	0.0070148090413	0.978955572876	0.0	0.0140296180826
-utà	0.745254680343	0.0864979128416	0.0157277481987	0.152519658617
-nto	0.0493421052632	0.950657894737	0.0	0.0
-pus	0.0	1.0	0.0	0.0
-nta	0.155704337837	0.758960126442	0.0453403988614	0.0399951368597
ALL	0.215238740449	0.261851961884	0.0491107885069	0.47379850916
-dus	0.0815217391304	0.845108695652	0.0	0.0733695652174
-her	0.0	1.0	0.0	0.0
-yre	0.0	1.0	0.0	0.0
-pun	0.058167602274	0.717401279483	0.0508686652681	0.173562452975
-ntu	0.357966044524	0.368759838093	0.0536878794693	0.219586237913
-nyx	0.0	0.824817518248	0.175182481752	0.0
-cas	0.0	1.0	0.0	0.0
-ùyi	0.046651769463	0.657881796849	0.0156289961562	0.279837437532
-nma	0.598610038826	0.24970708093	0.0932281670326	0.0584547132115
-ape	0.2394106814	0.741979257536	0.00581564408258	0.0127944169817
-fig	0.0024519820188	0.95831630568	0.0392317123007	0.0
-àpù	0.759057802869	0.139668450431	0.0108674072264	0.0904063394735
-opo	0.0851751761413	0.342420440287	0.0501443349624	0.522260048609
-sma	0.540706605223	0.348694316436	0.0184331797235	0.0921658986175
-ùyu	0.482573726542	0.495978552279	0.0	0.0214477211796
-opa	0.148351648352	0.423076923077	0.428571428571	0.0
-dea	0.00546605293441	0.986334867664	0.00474683544304	0.00345224395857
-imu	0.217652526285	0.536397505857	0.0244535716174	0.22149639624
-dee	0.0	1.0	0.0	0.0
-dek	0.0668841761827	0.928221859706	0.00163132137031	0.00326264274062
-yuk	0.0682593856655	0.72866894198	0.118600682594	0.084470989761
-ùta	0.0769139133903	0.853785873737	0.00800215462545	0.0612980582474
-ima	0.570368010233	0.330909802334	0.050073338305	0.0486488491279
-oko	0.406113939809	0.390088066554	0.0872102597206	0.116587733917
-des	0.0392156862745	0.960784313725	0.0	0.0
-ime	0.618975903614	0.236445783132	0.0406626506024	0.103915662651
-aka	0.422680130833	0.476654888041	0.0514885869847	0.0491763941409
-oka	0.691344919913	0.184571998923	0.0697095961596	0.0543734850045
-pàk	0.0718876610473	0.0196899310124	0.0039492336529	0.904473174287
-lla	0.00268817204301	0.994623655914	0.0	0.00268817204301
-ech	0.0	1.0	0.0	0.0
-ece	0.0	1.0	0.0	0.0
-ida	0.0	1.0	0.0	0.0
-bia	0.0	1.0	0.0	0.0
-bim	0.0932642487046	0.751295336788	0.0310880829016	0.124352331606
-ter	0.0317252255136	0.928792621821	0.00404357627364	0.0354385763916
-uta	0.466791046999	0.345815043568	0.147015467632	0.0403784418013
-ria	0.00601190356907	0.930863108956	0.0607202260476	0.00240476142763
-ntà	0.168831732981	0.409316992167	0.232912463397	0.188938811455
-uth	0.0170068027211	0.364512471655	0.331065759637	0.287414965986
-rim	0.0	1.0	0.0	0.0
-ris	0.0	1.0	0.0	0.0
-utu	0.904739776952	0.0952602230483	0.0	0.0
-tei	0.879265463188	0.120734536812	0.0	0.0
-a'a	0.0687053216839	0.912231930103	0.0	0.0190627482129
-tek	0.0792270531401	0.738164251208	0.0714975845411	0.111111111111
-sia	0.00864100549882	0.991358994501	0.0	0.0
-ten	0.114767613203	0.706782744317	0.145908825322	0.0325408171581
-ard	0.0185434023112	0.891964525665	0.084654662725	0.00483740929857
-mew	0.0	0.854545454545	0.0	0.145454545455
-ara	0.135922330097	0.73786407767	0.0776699029126	0.0485436893204
-mes	0.00229147571036	0.994042163153	0.00274977085243	0.000916590284143
-inù	0.024941033605	0.906681301231	0.00994838980875	0.0584292753555
-arl	0.0	0.963718820862	0.031746031746	0.00453514739229
-àpa	0.542937719635	0.312568289874	0.0799988187698	0.0644951717214
-lus	0.0620871862616	0.902245706737	0.0257595772787	0.00990752972259
-ùyà	0.0339032360877	0.929585586587	0.0365111773252	0.0
-àpe	0.0780384882255	0.191782664722	0.0553108936688	0.674867953384
-ark	0.0114854517611	0.988514548239	0.0	0.0
-lui	0.218330359658	0.702788994272	0.0178420508968	0.0610385951733
-luk	0.0811308305561	0.897372966476	0.0	0.0214962029679
-mea	0.0	1.0	0.0	0.0
-lun	0.0	1.0	0.0	0.0
-mel	0.0212765957447	0.971631205674	0.0	0.00709219858155
-men	0.00778556334109	0.0696251807363	0.0	0.922589255923
-mei	0.116153648604	0.169791246285	0.0402832299959	0.673771875115
-ary	0.00487359122753	0.868717636308	0.0	0.126408772464
-àpu	0.0847457627119	0.779661016949	0.101694915254	0.0338983050847
-nwa	0.326359832636	0.584578601315	0.0298864315601	0.059175134489
-pha	0.00351493848857	0.949033391916	0.0474516695958	0.0
-rrh	0.0	0.994459833795	0.00554016620498	0.0
-aya	0.172131147541	0.655737704918	0.0	0.172131147541
-nwe	0.126910342863	0.760631737661	0.102973516629	0.0094844028474
-ayi	0.213146912998	0.670103040185	0.0623849325461	0.0543651142707
-ayu	0.00696864111498	0.533101045296	0.459930313589	0.0
-wùk	0.0510606131985	0.841015087988	0.014668282676	0.0932560161373
-wùi	0.205128205128	0.794871794872	0.0	0.0
-law	0.0137865083476	0.948559588795	0.0268026722981	0.0108512305588
-àwà	0.453471572178	0.125147531643	0.0153636400635	0.406017256115
-nùk	0.423416585562	0.155337788038	0.0433523768752	0.377893249525
-nùn	0.532111571333	0.124085736149	0.131361474567	0.212441217951
-na'	0.533480683265	0.0923103984949	0.00412987698321	0.370079041257
-xad	0.0	1.0	0.0	0.0
-wàn	0.610597140454	0.315391084945	0.0	0.0740117746005
-àwù	0.382253197682	0.560424399405	0.0376957106109	0.0196266923015
-umu	0.00234082397004	0.876482521848	0.00265293383271	0.11852372035
-ota	0.363228699552	0.582959641256	0.0	0.0538116591928
-'ma	0.374573513756	0.241000561459	0.0871877526317	0.297238172153
-kek	0.09612976496	0.50422358329	0.326011623243	0.0736350285067
-'mo	0.725338769259	0.274661230741	0.0	0.0
-oto	0.0912225379711	0.736232446887	0.0705151884331	0.102029826709
-uma	0.653643876784	0.256198347107	0.0450788880541	0.0450788880541
-upà	0.0461125205193	0.838083868079	0.0952096701985	0.0205939412028
-umi	0.0394736842105	0.802631578947	0.0	0.157894736842
-nak	0.0821040842683	0.280754096376	0.599483412705	0.0376584066511
-nah	0.00453363516303	0.980958732315	0.00226681758151	0.0122408149402
-nai	0.144878031141	0.303217949463	0.0349617784523	0.516942240944
-nan	0.203733415451	0.381650789582	0.0901689781641	0.324446816802
-nam	0.0	1.0	0.0	0.0
-sis	0.0	1.0	0.0	0.0
-sir	0.133333333333	0.866666666667	0.0	0.0
-yst	0.0	0.632352941177	0.367647058823	0.0
-kin	0.0270743394603	0.928939130951	0.0273710445503	0.0166154850386
-kim	0.0	1.0	0.0	0.0
-kiu	0.127659574468	0.723404255319	0.106382978723	0.0425531914894
-nas	0.0105708245243	0.976744186046	0.0063424947146	0.00634249471459
-aku	0.382585751979	0.324538258575	0.245382585752	0.0474934036939
-nau	0.0701031472627	0.852891658157	0.029841204578	0.047163990002
-mos	0.0294117647059	0.955882352941	0.0147058823529	0.0
-mor	0.0	0.953488372093	0.046511627907	0.0
-gon	0.0	1.0	0.0	0.0
-gog	0.0568181818182	0.920454545455	0.0227272727273	0.0
-cos	0.0952380952381	0.904761904762	0.0	0.0
-mon	0.00868582727208	0.987500882706	0.00169479556528	0.0021184944566
-moi	0.439694656489	0.47786259542	0.0	0.0824427480916
-yau	0.0390356584472	0.0167903424269	0.00539752372772	0.938776475398
-ber	0.0	1.0	0.0	0.0
-eor	0.0	1.0	0.0	0.0
-cob	0.00165198237885	0.994218061674	0.0	0.00412995594713
-eon	0.180876494024	0.797609561753	0.00717131474104	0.0143426294821
-ben	0.0	1.0	0.0	0.0
-bel	0.0448068070139	0.955193192986	0.0	0.0
-mùi	0.568033580885	0.320374556022	0.0844688408137	0.0271230222796
-mùk	0.034357784419	0.0600437215776	0.0011359887677	0.904462505236
-yan	0.459626539917	0.398400768233	0.0525025385465	0.0894701533032
-yai	0.0653307445262	0.0290630227986	0.00717417054377	0.898432062131
-yak	0.131211537826	0.049139685435	0.00845128632509	0.811197490413
-mùn	0.0176326530612	0.751510204082	0.203755102041	0.0271020408163
-'mà	0.176698532566	0.596200402628	0.048664513887	0.178436550919
-ish	0.0	0.979591836735	0.0204081632653	0.0
-ise	0.475391498882	0.429530201342	0.0581655480984	0.0369127516779
-rea	0.0340144688412	0.94732834116	0.000380758979566	0.0182764310192
-red	0.0	1.0	0.0	0.0
-rez	0.0	1.0	0.0	0.0
-eve	0.0506329113923	0.949367088608	0.0	0.0
-upe	0.823008849558	0.12389380531	0.0379266750948	0.0151706700379
-eva	0.0	0.962962962963	0.037037037037	0.0
-upa	0.370867385472	0.442094689	0.0210659315697	0.165971993959
-otù	0.357827476038	0.194888178914	0.387646432375	0.0596379126731
-'mù	0.150444374631	0.712675907467	0.118382458726	0.018497259176
-ist	0.00545642420061	0.964118327106	0.00246675844069	0.0279584902529
-evi	0.048399294177	0.90017645576	0.0211746912024	0.0302495588606
-ret	0.0872093023255	0.912790697674	0.0	0.0
-reu	0.0	1.0	0.0	0.0
-hab	0.035799522673	0.964200477327	0.0	0.0
-hah	0.0	1.0	0.0	0.0
-kwa	0.149828634803	0.425518409538	0.140586732982	0.284066222677
-mas	0.0100390407139	0.979921918572	0.00223089793642	0.00780814277747
-hak	0.271150612041	0.234968858045	0.401219819787	0.0926607101266
-ham	0.0174452413258	0.935568908703	0.0268269044388	0.0201589455321
-han	0.108789664306	0.704565111628	0.0656521974161	0.12099302665
-akà	0.531762113498	0.307468434418	0.0513598673678	0.109409584716
-mai	0.50874642875	0.331863064508	0.0799458673751	0.0794446393665
-mah	0.0	1.0	0.0	0.0
-mak	0.221443249124	0.483984044482	0.103831741811	0.190740964584
-has	0.0359023456199	0.945428434658	0.00718046912398	0.0114887505984
-hat	0.0	1.0	0.0	0.0
-ony	0.0	0.816901408451	0.183098591549	0.0
-akù	0.0480250104397	0.273235690912	0.415153780154	0.263585518495
-man	0.755851347071	0.0614069090941	0.0407661183817	0.141975625453
-haz	0.0	1.0	0.0	0.0
-àkà	0.506583380397	0.318859845517	0.0161321801777	0.158424593908
-ekà	0.322448979592	0.220408163265	0.359183673469	0.0979591836735
-'no	0.109762429225	0.13859575283	0.408204123055	0.343437694891
-und	0.0	0.762114537445	0.237885462555	0.0
-una	0.0900170565775	0.813991239122	0.0257302347218	0.0702614695792
-tài	0.616735291152	0.268591370695	0.0479870747088	0.0666862634451
-nka	0.495958584938	0.290973474433	0.0730996785981	0.139968262031
-hii	0.644474303511	0.0789185494707	0.023688768417	0.252918378601
-nki	0.314752694312	0.622011276854	0.0457497680394	0.0174862607951
-gad	0.0	0.954802259887	0.0	0.045197740113
-tra	0.0	1.0	0.0	0.0
-ika	0.5864856933	0.199901667646	0.0801247708377	0.133487868216
-gai	0.0	1.0	0.0	0.0
-144	0.102459016393	0.202868852459	0.0245901639344	0.670081967213
-gar	0.112	0.856	0.032	0.0
-àsà	0.1639124064	0.311233735533	0.227356279353	0.297497578713
-hia	0.00541125541126	0.983766233766	0.0108225108225	0.0
-nor	0.0	1.0	0.0	0.0
-sen	0.378158993669	0.325995574948	0.13706055476	0.158784876622
-'ne	0.151066145785	0.208631487438	0.122796631076	0.517505735702
-sek	0.218423520211	0.56691733367	0.029586968813	0.185072177305
-sei	0.272226379158	0.540371403306	0.126385960139	0.0610162573975
-seh	0.0	1.0	0.0	0.0
-ina	0.0103439176549	0.0109364201529	0.00218457027868	0.976535091913
-see	0.00166852057842	0.986999443826	0.000834260289209	0.0104977753059
-apa	0.218904107881	0.63996034888	0.0518457097613	0.0892898334777
-ine	0.0849576555989	0.233095846216	0.618631536497	0.0633149616884
-sea	0.0360902255639	0.945864661654	0.0	0.0180451127819
-uik	0.309466467434	0.292801265711	0.267645249187	0.130087017667
-iki	0.0774107932763	0.916396343262	0.0061928634621	0.0
-fus	0.0	0.962264150943	0.0377358490566	0.0
-ohn	0.0420994615678	0.912155000636	0.0116589646839	0.0340865731123
-'na	0.0588553646326	0.89311324584	0.0155594642132	0.0324719253145
-ses	0.0449841088746	0.945725694727	0.00146687311547	0.00782332328254
-our	0.402684563758	0.406040268456	0.0604026845638	0.130872483222
-ble	0.0	1.0	0.0	0.0
-ial	0.0	0.870535714286	0.102678571429	0.0267857142857
-ian	0.0398009950249	0.728026533997	0.228855721393	0.00331674958541
-nes	0.0283018867925	0.937735849057	0.0198113207547	0.0141509433962
-nen	0.207064393594	0.0869098689587	0.0434777185904	0.662548018857
-aan	0.0352112676056	0.711267605634	0.25352112676	0.0
-fur	0.159139784946	0.696774193548	0.118279569893	0.0258064516129
-nàk	0.660377358491	0.22641509434	0.0	0.11320754717
-ias	0.0303985588831	0.937851835172	0.0270209412295	0.00472866471515
-nei	0.536363636364	0.270454545455	0.0136363636364	0.179545454545
-ppo	0.639281607746	0.138368515171	0.0139182932617	0.208431583821
-aoh	0.0259365994237	0.974063400576	0.0	0.0
-kui	0.0656751662004	0.824159606083	0.0427995465126	0.0673656812037
-ban	0.248847926267	0.440092165899	0.269585253456	0.0414746543779
-eka	0.583837988031	0.219079509832	0.110163151895	0.0869193502422
-imà	0.0399002493765	0.950124688279	0.0	0.00997506234413
-eke	0.0442161881723	0.13147655034	0.547971321594	0.276335939893
-hon	0.0	1.0	0.0	0.0
-tùi	0.487506565619	0.286636152172	0.178584827793	0.0472724544158
-hor	0.0	1.0	0.0	0.0
-hos	0.0183486238532	0.981651376147	0.0	0.0
-nkà	0.16827761911	0.689904359227	0.0344211920709	0.107396829591
-pek	0.444431652338	0.379573413337	0.0543984342461	0.12159650008
-bas	0.0248663101604	0.960828877005	0.00828877005347	0.00601604278075
-job	0.0348837209303	0.686046511628	0.139534883721	0.139534883721
-ase	0.558584944972	0.298770513826	0.0572925844903	0.0853519567121
-asa	0.0983985407706	0.122449654517	0.0750477289082	0.704104075804
-yei	0.0272286460276	0.895188362551	0.00951137635211	0.068071615069
-yek	0.164652567976	0.371163937033	0.244951502624	0.219231992368
-àse	0.553607735523	0.321256806052	0.0613409109926	0.0637945474323
-ànà	0.675304149179	0.214365404027	0.0224459437922	0.0878845030017
-yen	0.222714954422	0.410938654841	0.0822862774083	0.284060113328
-lta	0.0612244897959	0.938775510204	0.0	0.0
-zor	0.0	1.0	0.0	0.0
-inà	0.0763897322861	0.121005091803	0.0302082219294	0.772396953982
-430	0.47619047619	0.047619047619	0.0	0.47619047619
-ras	0.0125786163522	0.981132075472	0.00628930817609	0.0
-ran	0.0740740740741	0.925925925926	0.0	0.0
-eri	0.0	1.0	0.0	0.0
-iwa	0.217864702496	0.0930471859374	0.263340455675	0.425747655892
-ram	0.0	1.0	0.0	0.0
-rak	0.0	1.0	0.0	0.0
-rah	0.0128597672994	0.983466013472	0.0	0.00367421922841
-'là	0.0989429917296	0.215216512543	0.00781662440055	0.678023871327
-kun	0.209490461241	0.629920309104	0.102632214441	0.0579570152138
-pok	0.101095966034	0.874330600858	0.0174600708929	0.00711336221561
-poi	0.0597578745526	0.0819519098225	0.00775082119897	0.850539394426
-pon	0.038818161797	0.530414169334	0.0360916750732	0.394675993796
-aza	0.0727272727273	0.854545454545	0.0363636363637	0.0363636363636
-umà	0.0805837853438	0.810466448855	0.0109803795321	0.0979693862696
-tàn	0.429251772674	0.419726955233	0.0826542491269	0.0683670229654
-ike	0.299754521769	0.207301094863	0.0573786539359	0.435565729432
-tàk	0.448794950173	0.380640041531	0.0607506468746	0.109814361421
-500	0.193103448276	0.186206896552	0.0344827586207	0.586206896552
-iko	0.115961199295	0.624779541446	0.194444444444	0.0648148148148
-lam	0.0487804878049	0.951219512195	0.0	0.0
-lan	0.099238701247	0.737280913559	0.1370621822	0.0264182029941
-nos	0.0	1.0	0.0	0.0
-lah	0.0	1.0	0.0	0.0
-lai	0.119660037804	0.200587756176	0.22097155825	0.45878064777
-ppu	0.0757622588549	0.887842146205	0.0111415086551	0.0252540862849
-lak	0.081917978459	0.855012427506	0.0304473902237	0.0326222038111
-aam	0.102649006622	0.842715231788	0.044701986755	0.00993377483443
-lau	0.0183947443588	0.943501856612	0.0169665809769	0.021136818052
-ppi	0.0666249609008	0.857053487645	0.0506725054738	0.0256490459806
-ipù	0.518329182955	0.36386873001	0.055352787884	0.0624492991511
-sa'	0.431434599156	0.161919831224	0.0574894514768	0.349156118143
-non	0.0845971585412	0.680208594233	0.104541599536	0.13065264769
-las	0.019768426998	0.973453826603	0.0	0.00677774639932
-tàu	0.495869705831	0.279429982255	0.101926962188	0.122773349725
-ppe	0.323337697344	0.103394712688	0.0223642406691	0.550903349299
-awà	0.251314096121	0.350577010571	0.0942281679615	0.303880725347
-ypt	0.00338715140567	0.931127921418	0.0505814609913	0.0149034661849
-rew	0.00902934537246	0.972911963883	0.0150489089541	0.00300978179082
-mya	0.0	1.0	0.0	0.0
-awù	0.519963399723	0.387642347774	0.0418722889002	0.0505219636026
-don	0.0	1.0	0.0	0.0
-ger	0.0357142857143	0.928571428571	0.0357142857143	0.0
-dom	0.00481927710843	0.995180722892	0.0	0.0
-dok	0.0	1.0	0.0	0.0
-kài	0.046444558467	0.920115359437	0.0297245174189	0.00371556467736
-lùn	0.11714039621	0.114556416882	0.768303186908	0.0
-lùi	0.454136690647	0.449940047962	0.0224820143885	0.0734412470024
-sau	0.11648299023	0.403673336273	0.0353313335295	0.444512339968
-lùk	0.245728487108	0.354147250699	0.0782851817334	0.32183908046
-ton	0.105098270676	0.250229118195	0.0229317646798	0.621740846449
-ddi	0.0	1.0	0.0	0.0
-tok	0.125889145944	0.346804110853	0.0377070207891	0.489599722415
-toi	0.0816347582109	0.544747483083	0.121926060406	0.2516916983
-ges	0.0147058823529	0.963235294118	0.0220588235294	0.0
-olo	0.279811471174	0.0934420424159	0.0275261155004	0.59922037091
-sak	0.546909396214	0.244116345292	0.0835548220231	0.125419436471
-ola	0.14798206278	0.369955156951	0.448430493274	0.0336322869955
-400	0.346153846154	0.142857142857	0.0164835164835	0.494505494506
-san	0.285497802819	0.414923599847	0.0779101809951	0.221668416339
-sam	0.0	1.0	0.0	0.0
-lon	0.139074940963	0.283354633852	0.0990712765003	0.478499148684
-lok	0.134254208787	0.233660500117	0.13184933975	0.500235951346
-ùla	0.0795556392532	0.0437638044047	0.0291058217068	0.847574734635
-loe	0.0733197556008	0.883910386965	0.030549898167	0.0122199592668
-àmà	0.736210507023	0.119331411995	0.0253967820486	0.119061298933
-der	0.0	1.0	0.0	0.0
-ùli	0.422286973182	0.385356001316	0.131505227625	0.0608517978764
-rod	0.0233170984212	0.907860991506	0.044116609021	0.0247053010517
-àmù	0.223880597015	0.619402985075	0.15671641791	0.0
-lot	0.00782812907715	0.986953118205	0.0052187527181	0.0
-los	0.00554802120577	0.985821723585	0.0	0.00863025520899
-ock	0.0981595092024	0.672801635992	0.0245398773006	0.204498977505
-ppù	0.672245187901	0.118315490831	0.0332893129918	0.176150008277
-mar	0.0	1.0	0.0	0.0
-ipo	0.282837528604	0.203203661327	0.0091533180778	0.504805491991
-sar	0.070652173913	0.905117753623	0.018115942029	0.00611413043478
-ipa	0.226471182525	0.632220339392	0.104142957124	0.0371655209585
-dda	0.0242424242424	0.975757575758	0.0	0.0
-'nà	0.169018871472	0.212096157972	0.0499165579952	0.568968412561
-ipe	0.860465116279	0.0348837209302	0.0348837209302	0.0697674418605
-ewa	0.21095890411	0.700456621005	0.075799086758	0.0127853881278
-ppà	0.164057078313	0.680381967465	0.0993053465186	0.0562556077032
-ikù	0.545956272198	0.270118888053	0.0687862487856	0.115138590963
-ipu	0.0134168157424	0.904293381038	0.0697674418605	0.0125223613596
-ite	0.0731707317073	0.813008130081	0.0325203252033	0.0813008130081
-awo	0.830769230769	0.0307692307692	0.138461538462	0.0
-ppa	0.386214996836	0.508952582838	0.0778056722788	0.0270267480471
-hea	0.0	1.0	0.0	0.0
-har	0.0	1.0	0.0	0.0
-ius	0.0366972477064	0.944869960441	0.00681760794546	0.0116151839071
-olù	0.0578660894103	0.854346689456	0.0678397999848	0.019947421149
-276	0.0	0.1875	0.0	0.8125
-lài	0.304691008045	0.581049863939	0.0321353797547	0.082123748262
-kùn	0.261547662863	0.601812661023	0.0331247699669	0.103514906146
-cum	0.0327868852459	0.934426229508	0.0	0.0327868852459
-ain	0.030271553643	0.957263688975	0.00519364890933	0.00727110847307
-ùlà	0.298850574713	0.333333333333	0.0919540229885	0.275862068966
-oli	0.234782608696	0.660869565217	0.0173913043478	0.0869565217391
-ssa	0.313067351548	0.583480936988	0.0802041358544	0.02324757561
-hys	0.0	1.0	0.0	0.0
-eyu	0.061461961401	0.781315445313	0.0874738218747	0.069748771411
-àma	0.135572272971	0.165520329572	0.146605767508	0.552301629948
-eyi	0.333615759373	0.503283202711	0.108027960178	0.0550730777378
-àmu	0.035839775123	0.606465214336	0.0498945888967	0.307800421644
-cus	0.0140227870289	0.979842243646	0.00262927256793	0.00350569675723
-ùlù	0.526572463122	0.279160506894	0.0454193330437	0.14884769694
-lei	0.0	0.879032258065	0.120967741935	0.0
-lek	0.0887761572606	0.649334178821	0.223842739379	0.0380469245403
-ois	0.0	1.0	0.0	0.0
-ion	0.0125	0.9375	0.0291666666667	0.0208333333333
-len	0.235184754822	0.18754357425	0.573088542877	0.0041831280502
-mum	0.0	1.0	0.0	0.0
-lea	0.0	1.0	0.0	0.0
-mun	0.2085948817	0.464992757122	0.197778850797	0.128633510381
-mui	0.333333333333	0.119047619048	0.261904761905	0.285714285714
-lee	0.00252407216977	0.981770589885	0.0157053379452	0.0
-leg	0.0	1.0	0.0	0.0
-oic	0.155844155844	0.272727272727	0.571428571429	0.0
-mus	0.0194652773802	0.957806148738	0.0	0.0227285738822
-ios	0.0	0.92	0.04	0.04
-ùpù	0.509030507004	0.395116286277	0.0531922823133	0.0426609244057
-ryl	0.0	0.784482758621	0.215517241379	0.0
-les	0.07	0.93	0.0	0.0
-oik	0.126750742827	0.190600597734	0.0180535182662	0.664595141173
-ità	0.630924850389	0.176531855173	0.0233022048829	0.169241089555
-iot	0.0181818181818	0.975	0.0	0.00681818181818
-eel	0.0	1.0	0.0	0.0
-pe'	0.579661016949	0.362711864407	0.0305084745762	0.0271186440678
-eek	0.05323978539	0.382996285596	0.551382583574	0.0123813454395
-aly	0.00793650793651	0.892857142857	0.0992063492064	0.0
-nds	0.148606811146	0.814241486068	0.0185758513932	0.0185758513932
-alu	0.0872524385177	0.858734147162	0.0332390241972	0.0207743901232
-ole	0.20987654321	0.358024691358	0.222222222222	0.20987654321
-alm	0.0	0.980582524272	0.0	0.0194174757282
-ali	0.207361299449	0.684312251222	0.0263845707065	0.081941878623
-eet	0.137055837563	0.776649746193	0.0609137055838	0.0253807106599
-ald	0.0178571428571	0.684523809524	0.297619047619	0.0
-ale	0.167106492877	0.622961905238	0.0947712070837	0.115160394802
-ulà	0.304951988192	0.106148302756	0.0382121620716	0.55068754698
-gia	0.0611111111111	0.877777777778	0.0611111111111	0.0
-ala	0.0822880282036	0.586573025303	0.235191436747	0.0959475097464
-gpt	0.444444444444	0.5	0.0185185185185	0.037037037037
-120	0.029702970297	0.059405940594	0.0	0.910891089109
-npù	0.306220095694	0.301435406699	0.311004784689	0.0813397129187
-yok	0.559044753667	0.212297856337	0.00789770590447	0.220759684092
-yoi	0.0	1.0	0.0	0.0
-mla	0.478589420655	0.209068010076	0.088161209068	0.224181360202
-yon	0.135446685879	0.455331412104	0.135446685879	0.273775216138
-ùik	0.489044475078	0.279873757527	0.0787564390917	0.152325328303
-mle	0.110393258427	0.499157303371	0.0337078651685	0.356741573034
-mlo	0.192757456883	0.0459569349242	0.0111277644102	0.750157843782
-iel	0.0464486316376	0.943034697048	0.0105166713142	0.0
-chi	0.415372004751	0.131738641853	0.0160809697604	0.436808383636
-cho	0.0153249955963	0.943456050731	0.0	0.0412189536727
-cha	0.0332858652129	0.795900535315	0.0297092211172	0.141104378355
-pen	0.128405093554	0.0966173615686	0.017634406534	0.757343138343
-loi	0.0541935483871	0.829677419355	0.00903225806452	0.107096774194
-che	0.552224776117	0.186178192917	0.0397615952135	0.221835435753
-elu	0.192113427708	0.448946515397	0.0853674253906	0.273572631505
-153	0.0	0.0192307692308	0.0769230769231	0.903846153846
-eli	0.147783251231	0.852216748769	0.0	0.0
-iyi	0.0353132733278	0.761507458394	0.183731378619	0.0194478896588
-pùn	0.127466035761	0.598398344725	0.0932822594183	0.180853360097
-per	0.0372093023256	0.925581395349	0.0372093023256	0.0
-iya	0.0780528511861	0.090305685615	0.1523241463	0.679317316899
-ele	0.0113704991774	0.962618963327	0.0168058476853	0.00920468981029
-cca	0.21349009901	0.724628712871	0.0433168316832	0.0185643564356
-aac	0.0071283095723	0.988798370672	0.0040733197556	0.0
-itu	0.644564598748	0.295674445077	0.0256118383608	0.0341491178145
-bba	0.0817610062893	0.836477987421	0.0	0.0817610062893
-tes	0.0	1.0	0.0	0.0
-ùna	0.0212903225807	0.964677419355	0.0	0.0140322580645
-esa	0.0	1.0	0.0	0.0
-nài	0.421947790885	0.396436749535	0.0769938289911	0.104621630589
-ese	0.72504091653	0.0589198036007	0.117839607201	0.0981996726678
-ita	0.431496062992	0.39842519685	0.103937007874	0.0661417322835
-alù	0.0337152554318	0.891408272369	0.0464007011443	0.0284757710554
-666	0.0	0.0	0.0	1.0
-uda	0.0377358490566	0.88679245283	0.0	0.0754716981132
-ude	0.020979020979	0.944055944056	0.034965034965	0.0
-pùi	0.216917270985	0.655549941048	0.0309101420774	0.09662264589
-bbi	0.42774566474	0.398843930636	0.0	0.173410404624
-alà	0.189964136969	0.143761653852	0.116021889529	0.55025231965
-hum	0.0	1.0	0.0	0.0
-wou	0.146341463415	0.707317073171	0.0975609756098	0.0487804878049
-hua	0.023746701847	0.960422163588	0.0	0.0158311345646
-woi	0.199910880661	0.162784574253	0.027140889573	0.610163655513
-wok	0.115704442861	0.655737704918	0.0978854834878	0.130672368734
-won	0.116563273198	0.15531550554	0.0424044678896	0.685716753372
-ron	0.0	0.977528089888	0.0224719101123	0.0
-win	0.0657380374796	0.0765011199346	0.0300964486994	0.827664393886
-hus	0.0348204570185	0.956474428727	0.00870511425462	0.0
-elù	0.0187102750594	0.962212581743	0.00605332428392	0.0130238189139
-tui	0.507082152975	0.351274787535	0.0574666127074	0.0841764467827
-kon	0.126423531342	0.0705483152755	0.0321318442351	0.770896309148
-koi	0.331896551724	0.383620689655	0.129310344828	0.155172413793
-ael	0.0236613659061	0.95982177153	0.010755166321	0.00576169624337
-sos	0.0357142857143	0.928571428571	0.0	0.0357142857143
-och	0.00837554341321	0.972360706736	0.00502532604794	0.0142384238025
-tus	0.0398079110325	0.935549096424	0.0136484266397	0.0109945659042
-àik	0.346343795374	0.177306825208	0.0476268556825	0.428722523735
-iyà	0.438596491228	0.421052631579	0.105263157895	0.0350877192982
-ore	0.210526315789	0.605263157895	0.184210526316	0.0
-lix	0.0046403712297	0.988399071926	0.00232018561485	0.00464037122969
-rus	0.0235778443114	0.935628742515	0.0061751497006	0.0346182634731
-lip	0.00116279069767	0.998837209302	0.0	0.0
-lis	0.0454545454545	0.847402597403	0.0	0.107142857143
-lim	0.0	1.0	0.0	0.0
-lin	0.179598508454	0.765847678398	0.0459723144506	0.00858149869744
-lio	0.0	0.9875	0.0	0.0125
-jew	0.0288958362243	0.767674211691	0.129149695124	0.0742802569607
-lik	0.219946091644	0.608625336927	0.139083557951	0.0323450134771
-oma	0.436841858542	0.323676685545	0.0896713074829	0.149810148429
-rug	0.0	1.0	0.0	0.0
-ome	0.0137772675086	0.906314580941	0.0716417910448	0.00826636050517
-rue	0.0	1.0	0.0	0.0
-ùma	0.607881294089	0.265142301143	0.0627584529311	0.0642179518366
-eas	0.00583090379007	0.99416909621	0.0	0.0
-ear	0.0	0.8875	0.1125	0.0
-eat	0.032345013477	0.805929919137	0.161725067385	0.0
-ikà	0.23503077784	0.520984890879	0.217123670957	0.0268606603246
-àlà	0.183634956646	0.0600030202255	0.0197333228787	0.73662870025
-oda	0.024077046549	0.975922953451	0.0	0.0
-ùmu	0.0437100213219	0.828091684435	0.0141257995736	0.114072494669
-àlù	0.142328896094	0.682361835532	0.0404339434895	0.134875324884
-ùpo	0.203953246912	0.0198191226698	0.00954769533109	0.766679935087
-rni	0.0	1.0	0.0	0.0
-ean	0.0	0.560975609756	0.414634146341	0.0243902439024
-zer	0.0	1.0	0.0	0.0
-res	0.0320284697509	0.839857651246	0.0960854092526	0.0320284697509
-klù	0.144827586207	0.8	0.0137931034483	0.0413793103448
-bed	0.297650130548	0.702349869452	0.0	0.0
-ukù	0.202234065854	0.736438636198	0.0160619113674	0.045265386581
-rga	0.0	0.986666666667	0.0	0.0133333333333
-ono	0.0237154150197	0.229249011858	0.711462450593	0.0355731225296
-ukà	0.502392344498	0.346889952153	0.104066985646	0.0466507177033
-tai	0.159352283987	0.265410877029	0.0495428052765	0.525694033708
-urs	0.0	1.0	0.0	0.0
-klà	0.394402719036	0.441306931334	0.112938586212	0.0513517634182
-opù	0.748201438849	0.219424460432	0.0215827338129	0.0107913669065
-pai	0.0424644084181	0.0384981022128	0.00719457262944	0.91184291674
-wau	0.0124464668094	0.00361349036402	0.000802997858672	0.983137044968
-pak	0.0693450742983	0.367638965327	0.473858007705	0.0891579526692
-nmà	0.606060606061	0.187878787879	0.0363636363636	0.169696969697
-pan	0.291898849384	0.209368573852	0.0959435242459	0.402789052518
-bya	0.0810810810811	0.851351351351	0.054054054054	0.0135135135135
-kkà	0.581939929736	0.234942115149	0.0429271572203	0.140190797894
-api	0.0808574652125	0.876269274163	0.0338473110192	0.00902594960512
-/10	0.0576923076923	0.826923076923	0.115384615385	0.0
-kkù	0.159302837492	0.508693780531	0.0792241959463	0.252779186031
-paz	0.0	0.939130434783	0.0608695652174	0.0
-àka	0.445870629961	0.305860496538	0.19760175646	0.0506671170411
-apu	0.37501921205	0.514319381116	0.0768481991906	0.0338132076438
-wan	0.107030684187	0.69520968743	0.052200384806	0.145559243577
-pas	0.0489840348331	0.929245283019	0.021770682148	0.0
-wak	0.043604955871	0.738370264774	0.15534265529	0.0626821240645
-wai	0.374465485644	0.583995113012	0.0158827122785	0.0256566890654
-ùsà	0.400662251656	0.33940397351	0.0579470198676	0.201986754967
-omù	0.348162441179	0.515152143829	0.0383016297372	0.0983837852553
-ken	0.0584012625019	0.0386759123399	0.100942602557	0.801980222601
-sus	0.00939644221005	0.702225259768	0.00306200068731	0.285316297335
-sop	0.0579710144928	0.913043478261	0.0	0.0289855072464
-1/3	0.0	0.210013003901	0.789986996099	0.0
-1/2	0.564516129032	0.247311827957	0.0752688172043	0.112903225806
-suk	0.434346567411	0.51664598842	0.00403225806452	0.0449751861042
-tun	0.381632613982	0.579016908259	0.0118721636061	0.0274783141528
-1/4	0.0405405405405	0.324324324324	0.635135135135	0.0
-yik	0.04552848281	0.78143284116	0.0130765629518	0.159962113079
-aen	0.0	0.934210526316	0.0394736842105	0.0263157894737
-600	0.169413919414	0.311355311355	0.0686813186813	0.450549450549
-ùmà	0.105425467064	0.522716678022	0.321296661527	0.0505611933876
-dia	0.0761589403973	0.918874172185	0.0	0.00496688741722
-àli	0.0793120400296	0.297590144465	0.416198746155	0.206899069351
-ino	0.124008258832	0.137840659608	0.108811230837	0.629339850723
-son	0.0301369863013	0.958904109589	0.00547945205479	0.00547945205482
-màk	0.0234925606891	0.628817541112	0.319498825372	0.0281910728269
-dis	0.0	1.0	0.0	0.0
-ùmù	0.573768690251	0.212549496161	0.0927501722124	0.120931641376
-àlu	0.175097276265	0.477140077821	0.303988326848	0.0437743190662
-sli	0.0	1.0	0.0	0.0
-uku	0.448194042944	0.437620500991	0.0391101314912	0.0750753245738
-veh	0.0	1.0	0.0	0.0
-uka	0.697064313256	0.161970486184	0.0555654377416	0.0853997628177
-klo	0.457399103139	0.542600896861	0.0	0.0
-ves	0.428571428571	0.542857142857	0.0	0.0285714285714
-uke	0.0825688073394	0.807339449541	0.0412844036697	0.0688073394495
-nna	0.521247171235	0.328388232336	0.0082977118431	0.142066884586
-kla	0.525862068966	0.0517241379311	0.396551724138	0.0258620689655
-nne	0.791304347826	0.0521739130435	0.0521739130435	0.104347826087
-kko	0.105090824043	0.290013253294	0.553441958369	0.0514539642941
-tis	0.127058823529	0.844705882353	0.0141176470588	0.0141176470588
-kka	0.488105385373	0.229707200931	0.0416673006592	0.240520113037
-kke	0.0770722306462	0.127704917548	0.512205935818	0.283016915988
-aia	0.0	0.994481912937	0.0	0.00551808706316
-tia	0.0	0.958944281525	0.0293255131965	0.0117302052786
-tic	0.321428571429	0.630952380952	0.047619047619	0.0
-aim	0.0	1.0	0.0	0.0
-ùse	0.0451515866863	0.0160569783771	0.00538844521537	0.933402989721
-apù	0.508044717372	0.264499695388	0.0928816981961	0.134573889044
-kku	0.145182569111	0.165944162246	0.0406888365311	0.648184432112
-aik	0.283835494183	0.200920720633	0.047015620287	0.468228164897
-tik	0.802675033025	0.154227212682	0.00346763540291	0.0396301188904
-eme	0.760563380282	0.112676056338	0.056338028169	0.0704225352113
-uwe	0.4453125	0.5078125	0.046875	0.0
-ema	0.651264445834	0.263297669018	0.0330638563901	0.0523740287577
-uwa	0.342574827321	0.461147352264	0.0130468150422	0.183231005372
-emo	0.444444444444	0.456790123457	0.0246913580247	0.074074074074
-260	0.0	0.0848484848485	0.0242424242424	0.890909090909
-emu	0.265310447129	0.710673165219	0.01554001554	0.00847637211271
-'lù	0.520715861731	0.194165236578	0.0860505025741	0.199068399117
-das	0.0428635213573	0.883911296324	0.000892990028277	0.0723321922905
-jah	0.00681959082455	0.985740855549	0.00123992560446	0.00619962802232
-ttà	0.582641643364	0.241199303838	0.0551930943885	0.12096595841
-ana	0.170631714003	0.525957736996	0.247176781967	0.0562337670349
-int	0.087295401403	0.869056897896	0.0436477007015	0.0
-cia	0.0219333874899	0.943135662063	0.0300568643379	0.00487408610886
-zar	0.0	1.0	0.0	0.0
-liu	0.28021978022	0.494505494506	0.225274725275	0.0
-ttù	0.365168539326	0.399678972713	0.138844301766	0.0963081861959
-ane	0.191902964093	0.14491123785	0.023455699253	0.639730098803
-uyi	0.125757262699	0.730325759705	0.0597984072287	0.0841185703672
-iku	0.680279506233	0.245876880324	0.0164522040315	0.0573914094122
-000	0.036677832112	0.191105499059	0.00940457233641	0.762812096493
-eta	0.531011622247	0.398302859299	0.025076252901	0.0456092655527
-ilà	0.210631926687	0.246181443402	0.0745345159001	0.46865211401
-ete	0.0	0.968838526912	0.0084985835694	0.0226628895184
-eth	0.00192926045016	0.961575562701	0.00289389067524	0.0336012861736
-amù	0.617712397527	0.238290620035	0.0687706211548	0.075226361283
-bul	0.0208333333333	0.979166666667	0.0	0.0
-uya	0.0779752711518	0.0106439243744	0.000744088062489	0.910636716411
-wek	0.223599564604	0.691288343063	0.0699650250534	0.0151470672796
-bub	0.20172068159	0.79827931841	0.0	0.0
-wei	0.0192618275866	0.890428944129	0.00779282382571	0.0825164044589
-ate	0.259743009515	0.503209072743	0.0243492529808	0.212698664761
-wen	0.274336283186	0.29203539823	0.345132743363	0.0884955752212
-ata	0.0818644209575	0.688409778953	0.0234017035552	0.206324096534
-bus	0.0192307692308	0.980769230769	0.0	0.0
-rtz	0.0	0.812154696133	0.187845303867	0.0
-kwà	0.136267198472	0.234609986425	0.400768798914	0.228354016189
-ath	0.0392798690671	0.960720130933	0.0	0.0
-ose	0.317292132769	0.229177460289	0.0535802559158	0.399950151026
-ùnù	0.050418739956	0.822297229358	0.00805927032553	0.11922476036
-kai	0.490356571644	0.268604760561	0.0763947690281	0.164643898767
-uli	0.177343827837	0.762877353791	0.0179336455116	0.0418451728605
-osa	0.0	1.0	0.0	0.0
-kan	0.0622572834016	0.233693251907	0.618735056272	0.0853144084187
-'li	0.0564102564103	0.534615384615	0.408974358974	0.0
-nix	0.0803571428572	0.625	0.1875	0.107142857143
-ula	0.261904761905	0.47619047619	0.261904761905	0.0
-iah	0.018581789846	0.951980392549	0.00586092296216	0.0235768946433
-ost	0.05	0.95	0.0	0.0
-ace	0.0342857142857	0.822857142857	0.142857142857	0.0
-nia	0.0111893907998	0.961458765023	0.0230004144219	0.00435142975549
-ice	0.00884955752213	0.991150442478	0.0	0.0
-kau	0.149635036496	0.523519870235	0.228304947283	0.0985401459854
-ulu	0.0686048179926	0.491542114446	0.0567629986175	0.383090068944
-300	0.193846153846	0.123076923077	0.332307692308	0.350769230769
-tta	0.172778379126	0.673977066578	0.0277908411513	0.125453713145
-tti	0.0832789334169	0.787773040647	0.0782898728895	0.0506581530462
-lia	0.0	1.0	0.0	0.0
-ica	0.0128755364807	0.982832618026	0.00429184549356	0.0
-ttu	0.759390084826	0.0949428758911	0.0393554018355	0.106311637448
-sha	0.0	0.946627131208	0.0533728687917	0.0
-yra	0.0769230769231	0.903846153846	0.0	0.0192307692308
-nek	0.170512016846	0.24921642495	0.49409351778	0.0861780404234
-ùwa	0.708860759494	0.151898734177	0.0632911392405	0.0759493670886
-ilu	0.0651369356032	0.921909696521	0.00222057735011	0.0107327905255
-vil	0.12962962963	0.722222222222	0.111111111111	0.037037037037
-etù	0.130912516538	0.741017249423	0.0538861023969	0.0741841316418
-ka'	0.431173610198	0.103035878565	0.0170850308845	0.448705480352
-vid	0.0059652029826	0.97729908865	0.003314001657	0.0134217067109
-ile	0.170157068063	0.297556719023	0.270506108202	0.261780104712
-upo	0.279051987768	0.183868501529	0.200688073395	0.336391437309
-ila	0.0	0.99711815562	0.0	0.0028818443804
-ill	0.0431876606683	0.913624678663	0.0431876606684	0.0
-ilk	0.0	0.543859649123	0.456140350877	0.0
-ili	0.0935995137687	0.397073261957	0.465566412642	0.0437608116322
-oam	0.018779342723	0.93427230047	0.0	0.0469483568075
-oah	0.0	0.995004608843	0.0	0.00499539115696
-eba	0.0	0.949109414758	0.0	0.0508905852417
-amu	0.284328937161	0.597362296354	0.0577967416602	0.0605120248255
-ebe	0.02	0.98	0.0	0.0
-atù	0.0580956247864	0.768530964888	0.0102244913444	0.163148918981
-lms	0.0422535211268	0.957746478873	0.0	0.0
-oaz	0.03125	0.96875	0.0	0.0
-amo	0.123928850915	0.653946089557	0.0549742812823	0.167150778245
-ama	0.544319686553	0.202217580805	0.0280073434739	0.225455389169
-oas	0.0	1.0	0.0	0.0
-kak	0.0932246206012	0.599755628886	0.0316865059652	0.275333244548
-eik	0.48029721528	0.461129953588	0.0445153516601	0.0140574794716
-him	0.0	1.0	0.0	0.0
-hin	0.123299217301	0.458162997657	0.218681630684	0.199856154358
-ein	0.0	1.0	0.0	0.0
-gus	0.0	0.990521327014	0.00947867298577	0.0
-ire	0.0	0.75	0.25	0.0
-ira	0.0	1.0	0.0	0.0
-use	0.448337292161	0.348574821853	0.102929532858	0.100158353127
-nus	0.010989010989	0.967032967033	0.021978021978	0.0
-sàk	0.080586080586	0.754578754579	0.0686813186813	0.0961538461538
-hiu	0.922147059633	0.0564667872124	0.00468108931702	0.0167050638372
-sàn	0.30303030303	0.060606060606	0.560606060606	0.0757575757576
-'le	0.274247491639	0.136231884058	0.405351170569	0.184169453735
-uza	0.0	1.0	0.0	0.0
-epe	0.827374872319	0.131767109295	0.0301327885598	0.0107252298264
-epa	0.668088657984	0.154709393087	0.0365735241616	0.140628424767
-anù	0.443748901309	0.499913351478	0.0402921862981	0.0160455609151
-eph	0.0190141407686	0.974754334106	0.00287608851962	0.00335543660622
-epi	0.0248756218906	0.945273631841	0.0	0.0298507462686
-ais	0.12987012987	0.87012987013	0.0	0.0
-epu	0.163140842386	0.813988946064	0.0	0.0228702115494
-cee	0.0430809399478	0.950391644909	0.0065274151436	0.0
-cea	0.0	1.0	0.0	0.0
-onù	0.427346214511	0.368592271293	0.106466876972	0.097594637224
-npe	0.049674472705	0.0815219946404	0.0134598876195	0.855343645035
-pia	0.011826544021	0.930354796321	0.0499342969776	0.00788436268068
-npa	0.124669003952	0.450753829373	0.0616095688256	0.362967597849
-rna	0.0	1.0	0.0	0.0
-làn	0.207317073171	0.591463414634	0.182926829268	0.0182926829268
-npo	0.302325581395	0.651162790698	0.046511627907	0.0
-pik	0.175398107547	0.703054081083	0.0876990537734	0.0338487575968
-làk	0.0423753679275	0.0595262730369	0.756702998706	0.14139536033
-ùkù	0.544759825328	0.31768558952	0.117903930131	0.0196506550218
-kok	0.0401949884546	0.934148635936	0.0076969126828	0.0179594629266
-làu	0.25621414914	0.68068833652	0.0286806883365	0.0344168260038
-ium	0.0450819672131	0.909836065574	0.0368852459016	0.00819672131147
-ùkà	0.0990049124575	0.882352941176	0.0052903388336	0.0133518075324
-nok	0.0814961972031	0.800896171492	0.104843166683	0.0127644646222
-ule	0.0722441917944	0.764508156204	0.104992585269	0.0582550667325
-iud	0.0	1.0	0.0	0.0
-:00	0.0253378378379	0.344172297297	0.336570945946	0.293918918919
-àtà	0.75572519084	0.137404580153	0.0458015267176	0.06106870229
-uel	0.00757575757577	0.973484848485	0.0	0.0189393939394
-100	0.00316088558578	0.0256570181805	0.109577366974	0.86160472926
-àtù	0.5915916479	0.299712542351	0.0663284049471	0.042367404802
-iik	0.375099548712	0.316564905761	0.0894611096363	0.218874435891
-sse	0.475010127059	0.379730201735	0.082395063949	0.0628646072564
-sda	0.0	0.970588235294	0.0	0.0294117647059
-min	0.093477826039	0.485345732902	0.334020610292	0.0871558307673
-age	0.0322580645161	0.967741935484	0.0	0.0
-one	0.015	0.955	0.0	0.03
