-ɨma	0.0668150259249	0.419274376662	0.00698067435037	0.506929923062
-uŋə	0.0434427126871	0.745701194027	0.019072410448	0.191783682838
-eɗə	0.373694309131	0.474776902392	0.099070535622	0.0524582528545
-ɨbə	0.0927746707559	0.748015515064	0.0874977449035	0.0717120692765
-ɨmu	0.717607973422	0.0797342192691	0.0265780730897	0.176079734219
-əwə	0.0645168999135	0.713892583953	0.0394601026789	0.182130413454
-adə	0.31242835429	0.248526710922	0.0571769815652	0.381867953222
-unə	0.124955489389	0.719458144874	0.0823010659818	0.0732852997553
-ufi	0.525152439024	0.374237804878	0.100609756097	0.0
-ənə	0.149380919701	0.104477546834	0.0180192606027	0.728122272863
-ile	0.00548123374211	0.967530657748	0.0175120772947	0.00947603121516
-ɨje	0.25770962455	0.655432687175	0.0553598452737	0.0314978430006
-ɨji	0.501754385965	0.349122807017	0.149122807018	0.0
-edə	0.333000869206	0.500539551851	0.0520909669849	0.114368611958
-əva	0.199467901617	0.554974956409	0.158295389968	0.0872617520069
-əve	0.08	0.92	0.0	0.0
-ɨci	0.578795643818	0.313901345291	0.0331955040475	0.0741075068429
-əvi	0.187103391531	0.566731664431	0.198509935641	0.0476550083971
-ɨce	0.486304215809	0.315370601208	0.0986032537475	0.0997219292359
-she	0.175135653017	0.670840523183	0.0785745271664	0.0754492966338
-inə	0.0359591540929	0.171378212137	0.00565662281181	0.787006010958
-aɗə	0.274861951364	0.344599851904	0.0633423191885	0.317195877544
-əvu	0.5	0.35	0.0	0.15
-əma	0.372665905109	0.355658175873	0.153507189439	0.11816872958
-əme	0.688295165394	0.0674300254453	0.0152671755725	0.229007633588
-ɨti	0.35141509434	0.415094339623	0.14858490566	0.0849056603773
-əmi	0.370361387339	0.47950521465	0.0970167353868	0.0531166626243
-mbə	0.347194388778	0.264529058116	0.255511022044	0.132765531062
-ɨte	0.133878083193	0.0633387091451	0.0587305238757	0.744052683786
-ima	0.0398794753634	0.936192839419	0.0132931584545	0.0106345267635
-ime	0.0	1.0	0.0	0.0
-ɨtu	0.382183908046	0.362068965517	0.126436781609	0.129310344828
-asə	0.518259196928	0.359511350261	0.0383058743366	0.0839235784742
-eci	0.378919380816	0.351464905911	0.205074500057	0.0645412132159
-ɨɗi	0.41160009509	0.418426386986	0.0206859266682	0.149287591256
-idi	0.22619047619	0.726190476191	0.0	0.047619047619
-ece	0.629319015305	0.218927714565	0.0974595507373	0.054293719393
-ida	0.363801157255	0.359273903002	0.0478985984645	0.229026341278
-ekə	0.22106930304	0.0976158633828	0.0201612104457	0.661153623131
-zhə	0.635233036123	0.205547261039	0.0456612121769	0.113558490661
-uta	0.0286209603559	0.934842339396	0.0335928300406	0.00294387020803
-eje	0.131147540984	0.770491803279	0.0983606557377	0.0
-ute	0.0145705521472	0.967024539877	0.00766871165644	0.010736196319
-dzu	0.672847682119	0.254966887417	0.0370860927152	0.0350993377483
-ədu	0.152866242038	0.847133757962	0.0	0.0
-dzi	0.455377098752	0.206092302561	0.0675384481197	0.270992150567
-utu	0.683901292597	0.160987074031	0.0	0.155111633373
-dza	0.383683199278	0.333691407625	0.07577052854	0.206854864558
-əda	0.492757502703	0.203300599947	0.0501417445939	0.253800152756
-erə	0.196897920746	0.634755013531	0.0512624871492	0.117084578574
-ɨŋu	0.479507369271	0.277104784979	0.0989299414496	0.1444579043
-ara	0.107696504985	0.607309040264	0.0884623577673	0.196532096984
-ari	0.0842755606642	0.769074762819	0.0970050307056	0.0496446458108
-aru	0.291450777202	0.397668393782	0.0906735751295	0.220207253886
-ɨŋe	0.385085574572	0.372860635697	0.0220048899755	0.220048899756
-ɨŋa	0.0279792746114	0.953367875648	0.0	0.0186528497409
-ɨlə	0.592883497579	0.227358888803	0.0929058919358	0.0868517216817
-ɨŋi	0.542483660131	0.300653594771	0.117647058824	0.0392156862745
-eɓə	0.315384615385	0.594871794872	0.051282051282	0.0384615384615
-aya	0.107121599073	0.26491601215	0.0757695562465	0.55219283253
-ətə	0.120062906131	0.635842007976	0.0178637214409	0.226231364453
-əkə	0.140279834011	0.46272350202	0.0381190120902	0.358877651879
-ahə	0.502262898412	0.257576081112	0.0614598473262	0.17870117315
-əpə	0.117373742583	0.746349359658	0.108915556452	0.027361341307
-ujə	0.089647814214	0.489121577896	0.228477657884	0.192752950007
-arə	0.198648305659	0.226161768171	0.0440639767515	0.531125949418
-anə	0.0723214121284	0.187640969487	0.020719182134	0.719318436251
-uba	0.0355300859599	0.943266475645	0.01776504298	0.00343839541547
-ikə	0.144620811287	0.622895622896	0.209395542729	0.023088023088
-ufa	0.104286161226	0.598758994681	0.238554593805	0.0584002502868
-hwi	0.174930362117	0.426740947075	0.206128133705	0.192200557103
-aɓa	0.0447699399282	0.0755736386388	0.0485014931104	0.831154928323
-hwa	0.238000091976	0.466499305313	0.155061567274	0.140439035437
-aɓi	0.256091413208	0.642076961855	0.0816669467317	0.0201646782053
-hwe	0.265738690288	0.64884530212	0.0854160075925	0.0
-uma	0.0798817435595	0.245162575602	0.108317305804	0.566638375035
-əsi	0.572265345969	0.314395923615	0.0385732653936	0.0747654650222
-umi	0.166368515206	0.665474060823	0.0576923076923	0.110465116279
-əsa	0.462322454986	0.310934576225	0.0599069749163	0.166835993872
ALL	0.217258539156	0.310070202988	0.057332613173	0.415338644683
-ibə	0.167441860465	0.807441860465	0.00837209302326	0.0167441860465
-aki	0.128995104465	0.38073533193	0.0330926047121	0.457176958894
-emə	0.378867556055	0.515627577726	0.0500665646747	0.0554383015442
-aka	0.437764356699	0.15863110131	0.0355048800105	0.368099661981
-əje	0.0947368421053	0.796992481203	0.00451127819549	0.103759398496
-ɨwə	0.510574018127	0.311178247734	0.138972809668	0.0392749244713
-əbə	0.217530732229	0.776055585249	0.0064136825227	0.0
-aku	0.265302104614	0.140877651192	0.0300519847007	0.563768259493
-abə	0.276966352916	0.449680839554	0.106696959862	0.166655847668
-awə	0.147399831079	0.225289539664	0.10828943472	0.519021194537
-ewə	0.625358589795	0.222733501642	0.0564534235637	0.0954544849987
-ipə	0.0145489815713	0.579372777239	0.396378920142	0.00969932104753
-yaa	0.419901320768	0.505998446155	0.0	0.0741002330767
-eyə	0.37096349981	0.53435226044	0.0791957684328	0.0154884713171
-ucə	0.649990689591	0.156414871827	0.193594438582	0.0
-isi	0.0234741784037	0.953051643193	0.0	0.0234741784037
-ise	0.0	0.994129158513	0.00587084148727	0.0
-isa	0.0617714217041	0.915514962144	0.0191082802548	0.00360533589712
-eve	0.0862068965517	0.870689655172	0.0	0.0431034482758
-upe	0.0213544844417	0.94874923734	0.00183038438072	0.0280658938377
-eva	0.366379310345	0.534482758621	0.0474137931035	0.051724137931
-upa	0.971153846154	0.0288461538461	0.0	0.0
-atə	0.500045059491	0.317978135869	0.0782313195697	0.10374548507
-evi	0.108404445326	0.824369914666	0.00669775749156	0.0605278825164
-upi	0.0132450331126	0.980132450331	0.00662251655628	0.0
-zlu	0.245114091362	0.124815801616	0.495735528333	0.134334578688
-avi	0.501234205295	0.294128942502	0.0721384005582	0.132498451645
-ŋgi	0.767857142857	0.1875	0.0178571428571	0.0267857142857
-ava	0.292786590613	0.2880328589	0.0694320447766	0.349748505711
-zle	0.406862745098	0.107843137255	0.333333333333	0.151960784314
-ɨhə	0.723808957837	0.0974731856386	0.0503910713635	0.128326785161
-zla	0.190632708417	0.218681977848	0.110617964147	0.480067349588
-ŋgu	0.596150887705	0.258918118363	0.0495088874808	0.0954221064516
-zli	0.364007577796	0.377651596812	0.215399918662	0.0429409067307
-avu	0.497917882126	0.07076231714	0.0180182966317	0.413301504103
-uni	0.0	0.821782178218	0.0	0.178217821782
-une	0.0	0.278195488722	0.721804511278	0.0
-iɗə	0.543352601156	0.222543352601	0.0867052023121	0.147398843931
-una	0.210090948274	0.618670300534	0.0895115611844	0.0817271900075
-əwa	0.0460367997063	0.642345124374	0.0406301356554	0.270987940265
-ade	0.00571428571428	0.994285714286	0.0	0.0
-əwe	0.183678370719	0.619546247818	0.154426245257	0.0423491362057
-ada	0.4962374215	0.26438939157	0.063872706176	0.175500480753
-ɨba	0.0515576504742	0.797117968003	0.0589687584821	0.0923556230406
-ivə	0.0398699319149	0.885373945745	0.0697723808512	0.00498374148936
-əwi	0.18345149692	0.371899650886	0.336114691629	0.108534160565
-ɨbe	0.142857142857	0.771428571429	0.0857142857143	0.0
-nə̌	0.0	0.098969072165	0.189690721649	0.711340206186
-adi	0.111111111111	0.641975308642	0.148148148148	0.0987654320988
-eɗe	0.327088212334	0.402029664325	0.12256049961	0.148321623731
-adu	0.711259708435	0.218548822528	0.0153673630436	0.0548241059933
-ɨmə	0.0664103305678	0.178352513576	0.0286451813418	0.726591974515
-eɗi	0.266571632217	0.563791874555	0.131147540984	0.0384889522452
-ini	0.0	1.0	0.0	0.0
-aɗi	0.189307633358	0.4503876659	0.0114698279966	0.348834872746
-ina	0.396119244614	0.0520351671214	0.0168559780755	0.534989610189
-aɗa	0.23861684872	0.291702896328	0.188806202848	0.280874052104
-ine	0.0	1.0	0.0	0.0
-izə	0.0533755673222	0.940005673222	0.000945537065052	0.00567322239031
-ɨcə	0.556146572104	0.292060677699	0.0576241134751	0.0941686367219
-əvə	0.203470449536	0.507168802008	0.0963945129966	0.192966235459
-aɗu	0.6875	0.3125	0.0	0.0
-rsa	0.027027027027	0.864864864865	0.0	0.108108108108
-eda	0.0	1.0	0.0	0.0
-ede	0.023646071701	0.908212560386	0.047292143402	0.0208492245105
-ɨjə	0.478574089505	0.365047028243	0.108507795848	0.0478710864037
-əgu	0.274714216922	0.165090698618	0.187350347874	0.372844736586
-edi	0.0	1.0	0.0	0.0
-ənu	0.490598290598	0.295726495727	0.059829059829	0.153846153846
-əni	0.0959716050944	0.185020755785	0.0198360855003	0.69917155362
-əna	0.115692906444	0.0711438392902	0.0150778414018	0.798085412864
-əne	0.0	0.091922005571	0.849582172702	0.058495821727
-eka	0.145638653025	0.147413624626	0.0448102935592	0.662137428789
-eke	0.155588842978	0.642061065092	0.140360137942	0.061989953987
-eki	0.130338544883	0.726239740594	0.0793018226406	0.0641198918824
-ecə	0.471653770106	0.391241596575	0.107539825882	0.029564807437
-ɨɗə	0.0713515637272	0.133732959862	0.1140805218	0.680834954611
-eku	0.297873573448	0.0905873440987	0.609800520741	0.00173856171273
-idə	0.448672119585	0.479493948728	0.0376345616359	0.0341993700512
-ase	0.0	1.0	0.0	0.0
-asa	0.115856127504	0.827545983201	0.0283058367435	0.0282920525523
-imə	0.0519823788546	0.904845814978	0.0105726872247	0.0325991189427
-asi	0.148893853531	0.791984524847	0.0228857890148	0.0362358326068
-mba	0.237163145924	0.590277078426	0.114216877564	0.0583428980863
-mbe	0.459757343216	0.496456243144	0.0218932068198	0.0218932068198
-ɨtə	0.472969811292	0.391346575961	0.0593954955818	0.0762881171653
-əmə	0.343343756736	0.368750048571	0.121413982519	0.166492212174
-mbi	0.349952776259	0.563801759706	0.0494606551673	0.0367848088681
-ɨle	0.277700147448	0.421324004527	0.137539232092	0.163436615934
-ɨla	0.317912218268	0.419928825623	0.23487544484	0.0272835112693
-ɨli	0.160443196418	0.712418619195	0.0940964172035	0.0330417671831
-ɨŋə	0.396464803635	0.437581689176	0.12293054086	0.0430229663285
-eri	0.272796302169	0.605238137994	0.0390289791479	0.0829365806893
-ɨlu	0.551765560029	0.297952987544	0.0580480307759	0.0922334216506
-era	0.0588432310073	0.905954773289	0.0158224193288	0.0193795763749
-ere	0.315034024608	0.45303837002	0.0877753191944	0.144152286177
-ugu	0.0	1.0	0.0	0.0
-ela	0.0317400340072	0.954657094275	0.0	0.0136028717174
-dzə	0.653475896902	0.0923353883542	0.128549670469	0.125639044275
-ədə	0.407597391972	0.41484513338	0.0467542908889	0.130803183759
-zhi	0.316210781896	0.542281573656	0.085739216207	0.0557684282408
-azi	0.169302274415	0.779475261956	0.0116195924205	0.0396028712082
-uga	0.0	1.0	0.0	0.0
-zha	0.114285714286	0.8	0.0666666666666	0.0190476190476
-ejə	0.0964408725602	0.274397244546	0.456946039036	0.172215843858
-utə	0.0223600657072	0.93350822566	0.0426606516782	0.00147105695442
-zhe	0.218589573699	0.211808786161	0.0672612235322	0.502340416608
-aza	0.0854352947597	0.811733083493	0.0761572536998	0.0266743680472
-ubə	0.00235571260306	0.978798586572	0.0141342756184	0.00471142520612
-ika	0.0226413375245	0.779121680106	0.165277208328	0.0329597740422
-iki	0.542651181418	0.335202242691	0.048057669203	0.074088906688
-iku	0.0	1.0	0.0	0.0
-uje	0.14940098661	0.245712943387	0.397932816538	0.206953253465
-uji	0.0704097149343	0.238075860444	0.45945685464	0.232057569981
-əpa	0.189492416577	0.69584617161	0.094845535987	0.0198158758261
-ɨfə	0.377358490566	0.132075471698	0.150943396226	0.339622641509
-əpe	0.426035502959	0.292899408284	0.0	0.281065088757
-əku	0.5440623297	0.252794660131	0.0684398555209	0.134703154649
-ahi	0.115183921517	0.718993362248	0.127673134148	0.0381495820867
-aha	0.556958868823	0.186550546779	0.0635967197793	0.192893864618
-əke	0.0974576271187	0.800847457627	0.0762711864407	0.0254237288136
-eɓi	0.326424870466	0.533678756477	0.124352331606	0.0155440414508
-əka	0.129113712032	0.174167329395	0.0536809202819	0.643038038291
-ayə	0.141456665284	0.204658777189	0.0367726380298	0.617111919498
-əki	0.275646373088	0.497306834324	0.150649371417	0.0763974211707
-ahu	0.536231884058	0.231884057971	0.0	0.231884057971
-ɨwi	0.118644067797	0.779661016949	0.101694915254	0.0
-əbi	0.102493074792	0.880886426593	0.0	0.016620498615
-əba	0.241796200345	0.587219343696	0.150259067357	0.020725388601
-ibi	0.208695652174	0.713043478261	0.0260869565218	0.0521739130435
-akə	0.0794747585349	0.053134265831	0.00751491581279	0.859876059821
-iba	0.531654898664	0.415426564641	0.0127004488069	0.0402180878883
-əsə	0.108212323663	0.572555948175	0.0298805885924	0.28935113957
-umə	0.0846113613393	0.204949380402	0.078499141278	0.631940116981
-əmu	0.194871794872	0.466666666667	0.215384615385	0.123076923077
-aɓə	0.327154772938	0.444856348471	0.151992585728	0.0759962928637
-ɨɓə	0.510355395186	0.391033562355	0.0103801097326	0.088230932727
-ipa	0.0316770186335	0.843685300207	0.110559006211	0.0140786749482
-ewe	0.370871661871	0.511123718442	0.0337156056246	0.0842890140617
-ewa	0.443476715251	0.479965466457	0.0460870448428	0.0304707734498
-ewi	0.491393008083	0.404387902185	0.0229281997409	0.0812908899904
-awi	0.347230498078	0.544513996475	0.0238815050836	0.0843740003638
-awa	0.350364084578	0.333105717527	0.221243597008	0.0952866008869
-awe	0.0	0.896551724138	0.103448275862	0.0
-ita	0.139986880923	0.13587762034	0.00896231619059	0.715173182547
-awu	0.389886892881	0.393878908849	0.180306054558	0.0359281437126
-ɨhi	0.243426737013	0.481092738221	0.130230703589	0.145249821177
-əya	0.326793237388	0.274947461052	0.246734990033	0.151524311526
-ɨhe	0.0722866611433	0.727009113505	0.194490472245	0.00621375310688
-əjə	0.405330784751	0.504406923649	0.038228735266	0.0520335563343
-avə	0.384588647585	0.32867117204	0.0721468791272	0.214593301248
-ɨhu	0.577006507592	0.323210412147	0.060737527115	0.0390455531453
-evə	0.578781963933	0.235265593734	0.101584846364	0.0843675959685
-upə	0.306784660767	0.536873156342	0.0619469026549	0.094395280236
-eyi	0.5078125	0.453125	0.0390625	0.0
-isə	0.17540814868	0.745436063581	0.0403856059893	0.0387701817498
-eya	0.15027027027	0.818378378378	0.0248648648649	0.00648648648648
-zlɨ	0.295336787565	0.505699481865	0.127461139896	0.0715025906735
-uce	0.86497743839	0.0	0.13502256161	0.0
-ndə	0.0351799034592	0.378554320286	0.0173553414639	0.568910434791
-eŋə	0.251134963132	0.523026852257	0.0964502348028	0.129387949807
-ɨɗe	0.278613480236	0.217688961379	0.10918212506	0.394515433325
-ɨrə	0.387362564654	0.501356798885	0.0318950859823	0.0793855504794
-ifa	0.100280103044	0.71283278973	0.171194909944	0.0156921972825
-apə	0.302025687695	0.474054396604	0.14249449181	0.0814254238912
-aŋi	0.533797381443	0.428415843928	0.0238653313445	0.0139214432843
-ifi	0.167045535697	0.7461871485	0.0636974177185	0.0230698980839
-əgə	0.300991127692	0.339936821867	0.292561125843	0.0665109245975
-alu	0.54410937272	0.300178894244	0.0760638852612	0.0796478477748
-ndi	0.51674413853	0.0820896053651	0.00681108259197	0.394355173513
-ulə	0.0742250413855	0.841652604649	0.0508794231317	0.0332429308341
-aŋə	0.0654737514575	0.746449458426	0.0425769630063	0.14549982711
-ali	0.518685598012	0.348127120935	0.0589792129392	0.0742080681138
-nda	0.323950447637	0.115701029133	0.021137953957	0.539210569273
-nde	0.19119226638	0.361976369495	0.440386680988	0.00644468313641
-uwə	0.157547937363	0.534588225841	0.101901423305	0.205962413492
-ala	0.175325127215	0.424266396346	0.0509109237522	0.349497552687
-uve	0.0286665062946	0.598281346056	0.332691845081	0.0403603025686
-uva	0.353242377436	0.601470138277	0.0392491530485	0.00603833123824
-uvi	0.09043671904	0.559074601014	0.330941482123	0.0195471978226
-ufə	0.115508948987	0.423835054798	0.382992982733	0.0776630134826
-əfa	0.13050124731	0.14403966814	0.0938406345749	0.631618449974
-əfe	0.139451192083	0.776878092668	0.0458839406208	0.0377867746288
-əfi	0.151565074135	0.190554640307	0.59857221307	0.0593080724876
-gwa	0.457203152419	0.157946305022	0.0926781517396	0.292172390819
-uɗe	0.267289560135	0.415621400231	0.0276248986731	0.289464140961
-uɗa	0.266763703754	0.183433446931	0.0720418612877	0.477760988028
-gwi	0.234605677982	0.663505044115	0.0132894971824	0.0885997807203
-etə	0.41249378538	0.500682206436	0.0215315565646	0.0652924516194
-elu	0.247706422018	0.412844036697	0.339449541284	0.0
-rki	0.0	0.923780487805	0.0	0.0762195121951
-eli	0.315049211001	0.629399720676	0.0202003884811	0.0353506798419
-iyi	0.445920303605	0.462998102467	0.0417457305503	0.0493358633776
-iye	0.0139405204461	0.986059479554	0.0	0.0
-vəa	0.450381679389	0.18320610687	0.0	0.36641221374
-iya	0.194867403055	0.666893889122	0.0415028881048	0.0967358197189
-ele	0.112456173594	0.150661004711	0.0532400396715	0.683642782023
-shə	0.193154833417	0.57543360452	0.0397863042922	0.19162525777
-əza	0.37402083154	0.400705862099	0.169320822932	0.0559524834294
-əɓə	0.366540379272	0.54692006125	0.0707072777259	0.0158322817516
-əzi	0.249756861898	0.317214177653	0.21482602118	0.218202939269
-esi	0.0392798690671	0.82651391162	0.0294599018003	0.104746317512
-ajə	0.283464566929	0.685039370079	0.0	0.0314960629921
-esa	0.0242326332795	0.890953150242	0.0605815831987	0.0242326332795
-əgi	0.309569100773	0.412694567035	0.0436785833254	0.234057748867
-ese	0.0489130434783	0.951086956522	0.0	0.0
-azə	0.214247455811	0.692019282271	0.0246384574183	0.0690948044992
-ɨgə	0.181548622278	0.588917065544	0.064644773876	0.164889538302
-ərə	0.0714282208807	0.551916818066	0.0716255453071	0.305029415746
-eza	0.00729749452688	0.98102651423	0.0	0.011675991243
-uda	0.20025413191	0.330186056694	0.17432826846	0.295231542935
-ude	0.0295389688112	0.937264856715	0.0219432339741	0.0112529404995
-ndá	0.0750472895651	0.137198335965	0.0078750919494	0.77987928252
-udi	0.0	1.0	0.0	0.0
-amə	0.293793751234	0.183120378532	0.0305513888794	0.492534481355
-uti	0.197725500685	0.0531990447955	0.703446492823	0.0456289616966
-ebə	0.571859993584	0.158524072709	0.0232695100241	0.246346423683
-nje	0.500561797753	0.238764044944	0.0168539325843	0.243820224719
-aba	0.0613408922141	0.176569195962	0.00337979217853	0.758710119645
-ɨde	0.0917122233587	0.842386777821	0.0411881242629	0.0247128745577
-abi	0.0467156039247	0.781267499331	0.015655053198	0.156361843547
-nji	0.277297608758	0.529386343993	0.119850187266	0.0734658599827
-əti	0.389860788742	0.448061736784	0.0575559213332	0.104521553141
-əte	0.0	1.0	0.0	0.0
-ilə	0.0430853544776	0.912884794776	0.0180736940298	0.0259561567164
-ətu	0.338238542136	0.215729492724	0.0549665298687	0.391065435271
-ələ	0.111406341332	0.800367262664	0.0220397986378	0.0661865973667
-əce	0.528665023292	0.275318038539	0.130933617168	0.0650833210021
-ədi	0.468715856945	0.531284143055	0.0	0.0
-əɗa	0.332684813091	0.314895399501	0.256917931982	0.0955018554259
-ɨve	0.197440818938	0.693154190659	0.0299424184261	0.079462571977
-uzə	0.0416875784191	0.934175031368	0.012139272271	0.0119981179423
-ice	0.642023827405	0.207477753395	0.0518476863165	0.0986507328833
-epə	0.475393242919	0.384332650025	0.0654851061002	0.0747890009559
-ize	0.0	1.0	0.0	0.0
-usə	0.0659947747188	0.903617412781	0.0149363824155	0.015451430085
-irə	0.132505544756	0.45619104515	0.198300559537	0.213002850556
-uri	0.62015503876	0.21796625627	0.0711354309165	0.0907432740538
-ehi	0.535590877678	0.267449896337	0.0794747753974	0.117484450587
-ura	0.290964777948	0.549319881092	0.122511485452	0.0372038555085
-ehe	0.390987210232	0.288394284572	0.128771982414	0.191846522782
-ure	0.049648324369	0.851055026893	0.0992966487381	0.0
-eha	0.271889813076	0.647616492264	0.0440032197478	0.0364904749128
-ehu	0.511899416255	0.389312977099	0.035922766053	0.0628648405927
-uɓi	0.343570057582	0.500959692898	0.138195777351	0.0172744721689
-apa	0.310524355793	0.500556665985	0.0572908977379	0.131628080485
-uɓa	0.263565891473	0.633299629255	0.0788675429727	0.0242669362993
-api	0.337321937322	0.392592592593	0.174358974359	0.0957264957265
-əŋe	0.205982893707	0.193763599934	0.329296142825	0.270957363534
-waf	0.402298850575	0.114942528736	0.0	0.48275862069
-ɨnə	0.823636536039	0.10239834276	0.021341589286	0.0526235319151
-ɨku	0.621077209595	0.247824918695	0.0424360910615	0.088661780648
-əŋa	0.137476301642	0.0944155518584	0.0315063326353	0.736601813864
-iwa	0.0801140669663	0.1741306611	0.673751115089	0.0720041568446
-ɨka	0.408913721934	0.403020473463	0.0301940511977	0.157871753405
-iyu	0.584891453725	0.250425847039	0.0358714790417	0.128811220195
-əta	0.0459579455161	0.284911913843	0.017159904205	0.651970236436
-egə	0.431660177976	0.295652576937	0.180304505006	0.0923827400815
-agə	0.051724137931	0.931034482759	0.0172413793103	0.0
-tsə	0.364012921362	0.379494537994	0.123346627756	0.133145912888
-əŋə	0.630807262808	0.214900690478	0.0575398516751	0.0967521950387
-sle	0.249656848035	0.674472354702	0.0586274342488	0.0172433630144
-ŋə́	0.105073307134	0.015946215421	0.000450476609321	0.878530000836
-sla	0.345796961172	0.518029240109	0.0567329640585	0.0794408346598
-əɗə	0.231376728991	0.596195423746	0.0833274957333	0.0891003515297
-sli	0.432847659228	0.401142532645	0.104392670755	0.0616171373724
-iha	0.0890381538379	0.860880894301	0.0356345234397	0.0144464284215
-enə	0.189532142943	0.0573668343988	0.0135551723958	0.739545850263
-ama	0.0445091193939	0.197560262759	0.033368640886	0.724561976961
-afi	0.250811504492	0.683135804333	0.0252887446214	0.0407639465539
-uka	0.0339366515837	0.966063348416	0.0	0.0
-ŋwi	0.584670322178	0.215534547115	0.108333359761	0.091461770946
-ihu	0.467413931145	0.336269015212	0.151481184948	0.044835868695
-ŋwe	0.0568422431294	0.127956167733	0.576001397044	0.239200192094
-afa	0.307676779341	0.570273441303	0.031702637061	0.0903471422954
-ŋwa	0.131601982699	0.585552296689	0.137107008774	0.145738711839
-efa	0.0493421052632	0.921319345661	0.0186699857752	0.0106685633001
-əhu	0.156522892478	0.782238724647	0.0376342809297	0.0236041019451
-efi	0.0	0.708737864078	0.0582524271845	0.233009708738
-əha	0.489193576133	0.296657461116	0.133483501304	0.0806654614472
-əhe	0.624069504211	0.375930495789	0.0	0.0
-əhi	0.244627769974	0.700627943712	0.0492354273135	0.00550885900011
-eme	0.478263480623	0.497289785682	0.0138240458395	0.0106226878556
-ema	0.0183913222985	0.971756183613	0.0033779979732	0.0064744961153
-uwa	0.140695686054	0.395946521209	0.0112556548843	0.452102137853
-alə	0.279654984779	0.407854992889	0.089180051979	0.223309970353
-emi	0.288079572698	0.529772394908	0.0806998151533	0.101448217241
-aŋa	0.0894342402789	0.406865269677	0.0386022292379	0.465098260806
-ɨri	0.506010928962	0.311475409836	0.100546448087	0.0819672131147
-əga	0.136979033547	0.672079742585	0.154145607232	0.0367956166362
-jaa	0.814159292035	0.159292035398	0.0265486725664	0.0
-ɨra	0.0405092592593	0.351851851852	0.440972222222	0.166666666667
-ifə	0.0189175138632	0.820110328096	0.141628639094	0.0193435189464
-aŋu	0.0408017031476	0.936108960963	0.016447198168	0.00664213772171
-ɨre	0.0	0.535714285714	0.357142857143	0.107142857143
-eŋe	0.265663425645	0.539766178108	0.105869186193	0.0887012100538
-eŋi	0.288461538462	0.615384615385	0.0384615384615	0.0576923076923
-ndɨ	0.803278688525	0.172131147541	0.0245901639344	0.0
-eŋu	0.0477751120727	0.146766357826	0.561289704479	0.244168825622
-elə	0.456378454147	0.283604953648	0.174617343946	0.0853992482591
-iyə	0.388810161995	0.449654781296	0.0492100107465	0.112325045962
-eta	0.117881380938	0.793744467395	0.0671289465919	0.0212452050752
-ete	0.0268224137779	0.118054652042	0.252510683393	0.602612250788
-uɗə	0.0732391346467	0.520913324377	0.0516375096941	0.354210031282
-atu	0.574994276409	0.268603551091	0.0963933571357	0.0600088153644
-iŋa	0.278797980857	0.290436608965	0.101089131785	0.329676278393
-əfə	0.124129088668	0.186516394666	0.114666726141	0.574687790525
-ate	0.00874125874126	0.991258741259	0.0	0.0
-ata	0.114000395763	0.279190139041	0.155854068233	0.450955396963
-uvə	0.108019639935	0.882160392799	0.00490998363337	0.00490998363339
-ati	0.365773166648	0.334361171903	0.214176913214	0.085688748234
-uli	0.540768667076	0.341974528439	0.0707070092431	0.0465497952417
-ezə	0.0520706455541	0.915651644336	0.0140073081608	0.0182704019489
-ula	0.346757577966	0.53747868628	0.0556177013199	0.0601460344342
-ɨgu	0.512820512821	0.299145299145	0.0974358974358	0.0905982905983
-ɨgi	0.0823869354726	0.796406522171	0.0176875906665	0.10351895169
-əri	0.290885011202	0.57741263467	0.0608015487022	0.0709008054265
-əre	0.0391521931116	0.793347070945	0.147188695908	0.0203120400353
-əra	0.142096250212	0.396014587814	0.11972165006	0.342167511914
-ɨge	0.122358116583	0.760914821097	0.0659889171408	0.0507381451794
-esə	0.0628717077315	0.881053525913	0.035683942226	0.0203908241291
-itə	0.0502907336385	0.920202894965	0.0295063713968	0.0
-əɓu	0.587786259542	0.412213740458	0.0	0.0
-shu	0.351851851852	0.351851851852	0.222222222222	0.0740740740741
-shi	0.163872291899	0.772406775217	0.0302817530946	0.0334391797892
-əɓi	0.566966649021	0.277395447327	0.133403917417	0.0222339862361
-sha	0.0203619909502	0.9592760181	0.0	0.0203619909502
-əzə	0.61887378614	0.193762188118	0.132455957087	0.054908068655
-əɓa	0.528326500186	0.33190458442	0.0838613492359	0.0559075661573
-əle	0.338748984565	0.485783915516	0.175467099919	0.0
-əla	0.493503627119	0.262211224513	0.0502310516429	0.194054096724
-zlə	0.298699349926	0.526744661275	0.0785825151251	0.0959734736739
-əli	0.276264404171	0.553775767914	0.109629622249	0.0603302056662
-əlu	0.535911550294	0.318401795539	0.0611678524053	0.0845188017615
-ila	0.137760653696	0.694182298475	0.125284862753	0.042772185077
-ili	0.0764331210191	0.923566878981	0.0	0.0
-ebi	0.750144092219	0.180403458213	0.00172910662824	0.0677233429395
-ɨdə	0.537925696594	0.315610859729	0.0988330554894	0.0476303881876
-are	0.0446545506737	0.936328244138	0.000717630384471	0.018299574804
-amu	0.30918645022	0.453410903631	0.147321009665	0.0900816364831
-ebe	0.515320334262	0.451253481894	0.0111420612813	0.0222841225627
-njə	0.37978163191	0.221348847992	0.0149037877701	0.383965732328
-ami	0.202500566959	0.604712307911	0.113639037678	0.0791480874518
-kwi	0.318161853939	0.507973941029	0.107339453753	0.0665247512782
-kwe	0.120035446709	0.102285238594	0.483632750611	0.294046564086
-kwa	0.324681048594	0.249479936301	0.0470269835072	0.378812031598
-usi	0.137931034483	0.793103448276	0.0689655172414	0.0
-iri	0.0133333333333	0.964444444444	0.0222222222222	0.0
-ire	0.0208333333333	0.958333333333	0.0	0.0208333333333
-usa	0.280446536948	0.64423253761	0.0250027586714	0.0503181667709
-ira	0.11532742666	0.517694743313	0.188458038731	0.178519791296
-uza	0.152758478236	0.746986141886	0.0482592856874	0.0519960941901
-epe	0.0882352941176	0.882352941177	0.0294117647059	0.0
-uze	0.0	0.959183673469	0.0	0.0408163265306
-uzi	0.568834691856	0.313592132438	0.0738716924452	0.0437014832607
-ɨvə	0.180021339891	0.471346127082	0.0534701767944	0.295162356233
-epi	0.180232558139	0.791860465116	0.0209302325581	0.00697674418604
-uzu	0.773943211905	0.0867342280653	0.0230073952342	0.116315164795
-əcə	0.0608628554643	0.136944754481	0.0598651037354	0.742327286319
-əru	0.879396984925	0.120603015075	0.0	0.0
-iza	0.0485355296886	0.941379165441	0.00126066310879	0.00882464176156
-udə	0.127953310401	0.400154023908	0.225178319853	0.246714345837
-ɨni	0.631115796228	0.196496092765	0.0409056534593	0.131482457547
-ɨne	0.222907892113	0.54526790009	0.0780177622394	0.153806445558
-ɨna	0.210364574956	0.653740996778	0.0580639829865	0.0778304452797
-ɨnu	0.204081632653	0.673469387755	0.0	0.122448979592
-ule	0.344457360797	0.489400608665	0.0138451692115	0.152296861326
-urə	0.185380289701	0.404562567681	0.122858370906	0.287198771712
-ehə	0.485807917469	0.253719465567	0.0457707926419	0.214701824322
-əŋu	0.13159658205	0.478698766974	0.0537595281044	0.335945122872
-əɗe	0.866625398791	0.133374601209	0.0	0.0
-əɗi	0.152147735461	0.599810025032	0.113728400192	0.134313839315
-uhu	0.159577256432	0.059839805243	0.0470233361913	0.733559602134
-slə	0.233923406617	0.531538313538	0.0851743005078	0.149363979337
-agu	0.0969940214892	0.714661984197	0.0413896902044	0.14695430411
-tsu	0.66265060241	0.130522088353	0.0602409638554	0.146586345382
-agi	0.202933324322	0.317292419993	0.47048088946	0.00929336622621
-tsi	0.407181276853	0.425967104754	0.0753778792635	0.0914737391297
-əɗu	0.390547263682	0.335820895522	0.258706467662	0.0149253731343
-aga	0.113075928062	0.44285905015	0.0269402245165	0.417124797272
-tsa	0.200528557533	0.361203300027	0.150100660259	0.288167482181
-əŋi	0.01189296333	0.485629335976	0.416253716551	0.0862239841427
-ege	0.158821121572	0.45558739255	0.338108882521	0.0474826033565
-anu	0.594312375028	0.219617862697	0.0527660519885	0.133303710287
-ɨkə	0.21085481154	0.430813721385	0.0518690178285	0.306462449246
-ana	0.230158374783	0.388234384226	0.0650980289693	0.316509212022
-egu	0.0990990990991	0.738738738739	0.162162162162	0.0
-ane	0.179104477612	0.810945273632	0.00995024875622	0.0
-ani	0.153104612374	0.77200905468	0.0361833786813	0.0387029542649
-ank	0.287690179806	0.445597049332	0.0700783771323	0.19663439373
-slɨ	0.810810810811	0.119691119691	0.0	0.069498069498
-əhə	0.582780355772	0.159598362776	0.17249669227	0.085124589182
-efə	0.454957711151	0.50032329597	0.0192675718954	0.0254514209834
-afə	0.058429194071	0.634903789884	0.277362890758	0.0293041252872
-ukə	0.0703910614525	0.79217877095	0.100558659218	0.0368715083799
-ene	0.155098526505	0.289806860654	0.10066923664	0.454425376201
-ena	0.125568933794	0.800025823945	0.0400271151425	0.0343781271184
