-het	0.36493679308	0.22754491018	0.119095143047	0.288423153693
-hew	0.0136054421769	0.972789115646	0.00680272108845	0.00680272108845
-hep	0.342465753425	0.256849315069	0.390410958904	0.0102739726027
-eus	0.00972689861579	0.967826412271	0.00785634118968	0.0145903479237
-hes	0.28125	0.6875	0.03125	0.0
-hel	0.534007712513	0.255639291687	0.0972017419791	0.113151253821
-hem	0.477672955975	0.428403129314	0.0350053689216	0.0589185457892
-hen	0.493178616638	0.254936869097	0.00938362166899	0.242500892596
-u-a	0.444759290521	0.16709933374	0.0708758316428	0.317265544097
-euh	0.0341364133854	0.199745874588	0.0240090234869	0.74210868854
-rbe	0.00990099009901	0.990099009901	0.0	0.0
-hek	0.564659136411	0.311782487976	0.0154447969515	0.108113578661
-lel	0.25156626506	0.211204819277	0.0756626506024	0.46156626506
-lzo	0.554774521466	0.279766410728	0.136260408781	0.0291986590245
-hea	0.00526315789473	0.989473684211	0.00526315789473	0.0
-lem	0.0200638195568	0.971368623508	0.00131136075534	0.00725619617957
-aus	0.247706422018	0.715596330275	0.0	0.0366972477064
-hun	0.0731381993184	0.745802759368	0.0170683460644	0.163990695249
-oes	0.0333333333333	0.8	0.0333333333333	0.133333333333
-zin	0.409040375949	0.375364335645	0.0186061687255	0.196989119681
-ang	0.188930804816	0.235345676352	0.0685858939126	0.50713762492
-mul	0.0612017804154	0.879451038576	0.0593471810089	0.0
-auh	0.198882426731	0.229900786863	0.433686851408	0.137529934998
-aum	0.00719424460434	0.990407673861	0.0	0.00239808153477
-aul	0.0342129828564	0.93093689342	0.00524529923395	0.0296048244899
-zia	0.256225582883	0.32295110679	0.0777415976524	0.343081712674
-nth	0.0150125104254	0.922435362802	0.0350291909925	0.0275229357798
--ua	0.370917971754	0.373306839192	0.0646030116681	0.191172177385
-nto	0.762081784387	0.0780669144981	0.0	0.159851301115
-pus	0.0153846153846	0.984615384615	0.0	0.0
-uai	0.208257356876	0.38172148757	0.313414993144	0.0966061624091
-uah	0.48638687551	0.304125293854	0.0600427148633	0.149445115773
-uak	0.556991774383	0.168049213938	0.0555398470988	0.21941916458
--un	0.424565845719	0.176010595099	0.0641930720113	0.33523048717
-uam	0.396878482786	0.181632469922	0.152868574709	0.268620472583
-ual	0.166038229184	0.699042764093	0.0520677373748	0.0828512693482
--uk	0.136088942197	0.256262397933	0.573880149467	0.0337685104027
-uan	0.304814188155	0.49283124835	0.058314650409	0.144039913086
-i-a	0.436246453514	0.158848158036	0.0360910844459	0.368814304005
-uap	0.258795384182	0.483675766958	0.24064171123	0.0168871376301
-wma	0.438572961373	0.273873390558	0.113733905579	0.173819742489
-dus	0.1008	0.8352	0.0192	0.0448
-uau	0.242873696408	0.217612977984	0.460254924681	0.079258400927
-pua	0.49540655423	0.185520361991	0.0581379404909	0.260935143288
-yre	0.00175438596491	0.998245614035	0.0	0.0
-pul	0.0	0.681818181818	0.318181818182	0.0
-pum	0.442702538687	0.260948720542	0.13249721857	0.163851522201
-pun	0.449746192893	0.285279187817	0.158375634518	0.106598984772
-sip	0.415335463259	0.328008519702	0.170394036209	0.0862619808306
-nyx	0.0	0.843137254902	0.156862745098	0.0
-puk	0.761118170267	0.144853875476	0.0121982210927	0.0818297331639
-cas	0.024	0.976	0.0	0.0
-glo	0.509005481598	0.23727486296	0.202036021926	0.051683633516
-nma	0.566727605119	0.271785496648	0.0274223034735	0.134064594759
-gdo	0.516218721038	0.097312326228	0.00278035217794	0.383688600556
-nmi	0.355263157895	0.197368421053	0.421052631579	0.0263157894737
-sis	0.0	1.0	0.0	0.0
-lte	0.178305453577	0.611033486474	0.114173406896	0.096487653053
-heh	0.337699623183	0.265027812668	0.333393145523	0.0638794186256
-opa	0.0218774499924	0.938552380243	0.0246988969784	0.0148712727864
-hei	0.607741072399	0.0511062258988	0.0981551099665	0.242997591736
-dea	0.010038093277	0.976526304952	0.00880263564296	0.00463296612787
-msa	0.274209693758	0.644366831615	0.0309472200468	0.0504762545802
-yst	0.0	0.6	0.4	0.0
-gka	0.211666666667	0.588333333333	0.18	0.02
-dee	0.00347222222222	0.996527777778	0.0	0.0
-deh	0.428571428571	0.56043956044	0.010989010989	0.0
-dei	0.0780233129899	0.829476759321	0.0654267781217	0.0270731495676
-gko	0.711427914463	0.155401725745	0.0401544214641	0.0930159383283
-dek	0.267831837506	0.598960793576	0.0774681152575	0.0557392536608
-dem	0.248315688162	0.411934552454	0.316650625602	0.0230991337825
-den	0.299530122504	0.160404430274	0.0369189461319	0.503146501091
-ima	0.132894643277	0.181782199758	0.104773247652	0.580549909313
-lep	0.245820433436	0.687306501548	0.0185758513932	0.0482972136223
-oko	0.6	0.222222222222	0.0888888888889	0.0888888888889
-des	0.0588235294118	0.882352941176	0.0588235294118	0.0
-det	0.144444444444	0.781481481482	0.0518518518518	0.0222222222222
-aka	0.322798701001	0.241596215344	0.112669675263	0.322935408392
-ohe	0.400471142521	0.599528857479	0.0	0.0
-te'	0.0	0.866703693419	0.133296306581	0.0
-sit	0.621695533273	0.223336371923	0.0783956244303	0.0765724703737
-oka	0.140350877193	0.385964912281	0.0701754385965	0.40350877193
-wpa	0.184712971773	0.23947986045	0.48345068189	0.0923564858865
-lak	0.459800308313	0.230702999532	0.0582783318726	0.251218360282
-ido	0.189855072464	0.571014492754	0.0869565217391	0.152173913043
-lla	0.0224719101124	0.964563526361	0.0103716508211	0.00259291270527
-ech	0.0	1.0	0.0	0.0
-lli	0.00746887966806	0.00248962655602	0.0	0.990041493776
-ide	0.259862241703	0.212899185974	0.500939261115	0.0262993112085
-ece	0.0272727272727	0.945454545455	0.0	0.0272727272727
-ida	0.0	0.989010989011	0.0	0.010989010989
-kpi	0.147371076661	0.377971625135	0.101187248483	0.373470049722
-kip	0.364750747946	0.367435903896	0.182594893111	0.0852184550463
-gso	0.385989010989	0.206043956044	0.391483516484	0.0164835164835
-bia	0.361904159017	0.602519465721	0.00683674115339	0.0287396341077
-kpa	0.269758362466	0.626858443993	0.0475861057872	0.0557970877534
-bil	0.0583177881537	0.919925190881	0.00403738533372	0.0177196356313
-oih	0.191715632864	0.0953476165941	0.629276234143	0.0836605163984
-tep	0.103915892122	0.879323480116	0.0	0.0167606277617
-dam	0.397561270071	0.428769769407	0.0906676325003	0.0830013280213
-ter	0.0113542371607	0.981577562223	0.00225580870742	0.00481239190917
-uta	0.330086448314	0.58395227079	0.0165591136004	0.0694021672957
-kiu	0.357950263753	0.540316503391	0.00904295403165	0.0926902788244
-hla	0.416177429876	0.497716894977	0.0861056751467	0.0
-ria	0.00638162093172	0.955966815571	0.0350989151244	0.00255264837268
-rin	0.0130081300813	0.943495934959	0.0341463414634	0.00934959349594
-uth	0.0	1.0	0.0	0.0
-rim	0.0	1.0	0.0	0.0
-uto	0.57717582946	0.199871774323	0.135438371534	0.0875140246835
-rii	0.206772964508	0.711336752519	0.0450396556354	0.0368506273381
-tea	0.325581395349	0.313953488372	0.104651162791	0.255813953488
-tee	0.5	0.16592920354	0.33407079646	0.0
-utu	0.607476635514	0.392523364486	0.0	0.0
-teh	0.298354460399	0.563101968374	0.0333544986497	0.105189072577
-tei	0.437510318639	0.252930493644	0.109295030543	0.200264157174
-tek	0.104645816879	0.0886489290219	0.138513951597	0.668191302503
-tel	0.69967722248	0.131402631129	0.0622599602679	0.106660186123
-tem	0.446808510638	0.0851063829787	0.340425531915	0.127659574468
-ten	0.482287601321	0.391323926749	0.0486340438307	0.0777544280997
-dan	0.100203538437	0.834708895301	0.0281822451855	0.0369053210763
-ard	0.0337078651685	0.806179775281	0.160112359551	0.0
-met	0.485491545603	0.428190427952	0.033823678074	0.0524943483709
-mew	0.0	0.941176470588	0.0	0.0588235294118
-ara	0.0317124735729	0.968287526427	0.0	0.0
-mes	0.00463535228677	0.987948084054	0.00185414091471	0.00556242274413
-lup	0.769805257598	0.155213710817	0.0199949417558	0.0549860898285
-lus	0.0390286209887	0.92974848222	0.0208152645273	0.0104076322636
-lut	0.758816891813	0.023632357168	0.0277307614516	0.189819989568
-ark	0.00721153846154	0.985576923077	0.00721153846156	0.0
-luh	0.624825194384	0.311405716843	0.0234938748112	0.0402752139621
-lui	0.289770497328	0.176798633957	0.490711193213	0.042719675503
-mea	0.0	1.0	0.0	0.0
-lum	0.208406841335	0.731058724567	0.0385267569126	0.0220076771852
-lun	0.198110240937	0.445650709034	0.0687321244066	0.287506925623
-mel	0.218361581921	0.553107344633	0.0853107344634	0.143220338983
-men	0.351725131456	0.0937117337752	0.012821436289	0.54174169848
-mei	0.0206348435943	0.819009573408	0.0118775302142	0.148478052783
-ary	0.00166204986149	0.938614958449	0.0	0.0597229916898
-mek	0.552631578947	0.373684210526	0.0368421052632	0.0368421052632
-pha	0.428479049699	0.236617026502	0.239547043032	0.0953568807662
-git	0.173237007224	0.77951653626	0.0314976376772	0.0157488188386
-phe	0.0	1.0	0.0	0.0
-phi	0.428571428571	0.126984126984	0.444444444444	0.0
-ila	0.107269503546	0.739952718676	0.122537431048	0.0302403467297
-pho	0.506586826347	0.287425149701	0.148502994012	0.0574850299401
-kia	0.310987168842	0.437246392705	0.0507606260477	0.201005812405
-pau	0.519391670134	0.285674663708	0.111542550733	0.0833911154255
-hsa	0.628171289084	0.217035010879	0.0389171725297	0.115876527507
-phu	0.777777777778	0.215873015873	0.0	0.00634920634921
-vua	0.475524475524	0.293706293706	0.188811188811	0.041958041958
-vun	0.467189764606	0.484232095557	0.0143935229147	0.0341846169223
-vul	0.546762589928	0.424460431655	0.0287769784173	0.0
-vum	0.0882240340304	0.90418291386	0.00216944345977	0.00542360864941
-ak–	0.0	0.964285714286	0.0357142857143	0.0
-vuk	0.253968253968	0.724867724868	0.0	0.021164021164
-vui	0.577899654682	0.406527185321	0.00812512695511	0.00744803304219
-gin	0.0938167491315	0.0473811620433	0.0135866926461	0.845215396179
-gue	0.0190898244418	0.967615476393	0.00306800749957	0.0102266916652
-xad	0.0	1.0	0.0	0.0
-lap	0.449893390192	0.452025586354	0.0703624733476	0.0277185501066
-ken	0.506081498003	0.0924680679786	0.0201244299528	0.381326004066
-nta	0.785714285714	0.142857142857	0.0476190476191	0.0238095238095
-dai	0.325517406388	0.256250747697	0.27252063644	0.145711209475
-umu	0.643356643357	0.111888111888	0.0	0.244755244755
-ota	0.118421052632	0.348684210526	0.217105263158	0.315789473684
-ote	0.0293945473757	0.0471498642375	0.0369726159788	0.886482972408
-kek	0.463253768844	0.443048576214	0.0219849246231	0.0717127303183
-ali	0.0216606498195	0.516245487365	0.00722021660651	0.454873646209
-oto	0.592342200038	0.171668667467	0.0142162128009	0.221772919694
-vet	0.50683756166	0.0814834601611	0.00404930142471	0.407629676754
-uma	0.592620913783	0.307589371057	0.0470273370293	0.0527623781304
-sup	0.121951219512	0.707317073171	0.0975609756098	0.0731707317073
-nak	0.196363698385	0.224846923982	0.0765806484624	0.502208729171
-nah	0.425839128952	0.334069518766	0.0454032524366	0.194688099846
-nai	0.19959272603	0.314256012987	0.0149238853367	0.471227375646
-nan	0.240320427236	0.694592790387	0.00500667556742	0.0600801068091
-nam	0.0960664915167	0.777972843568	0.0384879809463	0.0874726839689
-kik	0.178147383218	0.0823586631771	0.0252247825181	0.714269171087
-zuk	0.424778761062	0.504424778761	0.070796460177	0.0
-zui	0.5783843361	0.269539354253	0.0142229642116	0.137853345436
-kin	0.377096241084	0.183465209179	0.0879772350463	0.351461314691
-kim	0.214064142333	0.282026302971	0.203271207732	0.300638346963
-nsa	0.616518608128	0.181387249497	0.0495374814604	0.152556660915
-sik	0.47301004222	0.43008611025	0.0369129117668	0.0599909357632
-sii	0.204678362573	0.66081871345	0.0994152046784	0.0350877192982
-sih	0.577644096251	0.340095131505	0.0360940123111	0.0461667599328
-sin	0.716614251745	0.136227659738	0.0441819436987	0.102976144819
-sim	0.275771556572	0.521715584152	0.0624781069671	0.140034752309
-sil	0.797763733593	0.135148274186	0.0583373845406	0.00875060768108
-nas	0.040293040293	0.945054945055	0.010989010989	0.003663003663
-sia	0.468262999311	0.336928282153	0.0958768932919	0.0989318252441
-nat	0.225973699289	0.580124935366	0.175035286555	0.0188660787903
-nau	0.150942203111	0.676573500274	0.0883816027992	0.0841026938155
-mos	0.0705882352941	0.915294117647	0.0141176470588	0.0
-mor	0.0	0.958333333333	0.0416666666667	0.0
-zul	0.388888888889	0.611111111111	0.0	0.0
-gon	0.0	1.0	0.0	0.0
-kep	0.346359743041	0.586723768737	0.0273019271949	0.0396145610278
-gog	0.0666666666666	0.895238095238	0.0380952380953	0.0
-nek	0.781945788964	0.195256534366	0.0101645692159	0.012633107454
-lki	0.0	1.0	0.0	0.0
-cos	0.156862745098	0.725490196078	0.078431372549	0.0392156862745
-mon	0.00654878847413	0.992141453831	0.0	0.00130975769483
-gou	0.0308270676692	0.946616541353	0.0225563909774	0.0
-ber	0.0	1.0	0.0	0.0
-eor	0.0	1.0	0.0	0.0
-bet	0.464378698225	0.518579881657	0.0	0.0170414201183
-cob	0.0	0.995740797079	0.0	0.00425920292059
-tza	0.252459016393	0.586885245902	0.0459016393443	0.114754098361
-bek	0.0683479852354	0.0479904310394	0.0805333163434	0.803128267382
-beh	0.148696187498	0.663023241932	0.05878868773	0.12949188284
-bei	0.369382535623	0.336956521739	0.0723419802704	0.221318962368
-ben	0.0	1.0	0.0	0.0
-lpa	0.670430946017	0.213323449004	0.038694341238	0.0775512637418
--ul	0.0	1.0	0.0	0.0
-yal	0.0	0.866666666667	0.133333333333	0.0
-bed	0.273504273504	0.726495726496	0.0	0.0
-hhi	0.340425531915	0.297872340426	0.0425531914894	0.31914893617
-isi	0.24690360797	0.10070005385	0.591007000539	0.0613893376413
-ish	0.0384615384615	0.923076923077	0.0384615384615	0.0
-nte	0.177478146238	0.648250700623	0.0979102009855	0.0763609521542
-ise	0.866494512589	0.082375726275	0.0348612007747	0.0162685603615
-rea	0.0141583639224	0.940613529103	0.0381489250131	0.0070791819612
-isa	0.298675435953	0.207135089811	0.297666618628	0.196522855608
-rez	0.0	1.0	0.0	0.0
-eve	0.468203348632	0.361385969427	0.0281177625202	0.142292919421
-eva	0.0	0.849056603774	0.0	0.150943396226
-upa	0.382880756846	0.32124015397	0.199553192159	0.0963258970244
-ist	0.00159519216501	0.994917643567	0.00200326457932	0.00148389968838
-rew	0.0141176470588	0.968941176471	0.0084705882353	0.00847058823529
-ret	0.10650887574	0.869822485207	0.0	0.0236686390533
-upi	0.120528157093	0.234849339804	0.498137907685	0.146484595418
-haa	0.0401785714285	0.578125	0.368303571429	0.0133928571428
-hab	0.0253521126761	0.974647887324	0.0	0.0
-bat	0.367369385884	0.463244729606	0.0175985334556	0.151787351054
-hah	0.625427925872	0.204788205222	0.0469862607267	0.12279760818
-hai	0.203538938319	0.614415675297	0.147255823253	0.0347895631311
-mas	0.0240875912409	0.940875912409	0.0043795620438	0.0306569343066
-hak	0.247372051575	0.306878211367	0.310457404774	0.135292332284
-mau	0.0496026257605	0.0677019445202	0.103992390178	0.778703039541
-ham	0.067880132238	0.738972457827	0.102896842655	0.0902505672801
-han	0.186581364201	0.724722765535	0.0349297138568	0.0537661564078
-mai	0.258761987794	0.276024411508	0.0728857890148	0.392327811683
-mah	0.0729796817	0.127255345993	0.0384636619022	0.761301310405
-mak	0.461240310077	0.527131782946	0.00775193798449	0.00387596899225
-has	0.0117699809438	0.951238650376	0.00168142584912	0.0353099428315
-hat	0.0793138214245	0.0777072313127	0.0514296896463	0.791549257616
-hau	0.23820687667	0.365479572867	0.357489777745	0.038823772717
-man	0.414384521314	0.379817779256	0.0481327757766	0.157664923653
-haz	0.0	1.0	0.0	0.0
-uat	0.331879253184	0.434828127726	0.0978886756239	0.135403943465
-hza	0.476470588235	0.158823529412	0.0117647058823	0.352941176471
-hih	0.148879313529	0.0255215991071	0.00688297571246	0.818716111652
-uno	0.0312825860271	0.957768508863	0.00782064650677	0.00312825860271
-uni	0.0393137955683	0.753752680486	0.0343102215869	0.172623302359
-eih	0.347413223448	0.0500776805236	0.0278805974308	0.574628498598
-und	0.142857142857	0.767857142857	0.0	0.0892857142857
-ung	0.154561063223	0.446325333183	0.08014888068	0.318964722914
-una	0.249211852298	0.479184784079	0.122232142512	0.14937122111
-pte	0.239723646211	0.657369595483	0.0415309581232	0.0613758001821
-hzu	0.0451890856869	0.926280516994	0.0222115844902	0.0063188128291
-wng	0.62580983204	0.144371067823	0.100784256952	0.129034843184
-zum	0.0446711220542	0.402391839606	0.546605698206	0.00633134013366
-666	0.0	0.0	0.0333333333333	0.966666666667
-wna	0.172869538913	0.071053941914	0.021879779946	0.734196739227
-nla	0.269639185245	0.0984131150819	0.0142813392584	0.617666360415
-gad	0.0	1.0	0.0	0.0
-tra	0.0	1.0	0.0	0.0
-eon	0.054054054054	0.933933933934	0.0	0.012012012012
-gan	0.0690384869726	0.864171405899	0.0324031212803	0.0343869858484
-gam	0.0747452911774	0.715370545261	0.0288115635161	0.181072600046
-gal	0.0582675804722	0.244057506071	0.0504849159451	0.647189997512
-gak	0.504150811105	0.292965939502	0.0963664861494	0.106516763244
-gai	0.787730175942	0.15988670822	0.0277681371337	0.0246149787046
-gah	0.13647704267	0.0726086400232	0.00825983582445	0.782654481482
-gaw	0.650088809947	0.211367673179	0.138543516874	0.0
-iko	0.701536143891	0.0559220287143	0.0785190933784	0.164022734017
-144	0.133511348465	0.214953271028	0.00801068090788	0.6435246996
-gat	0.363489499192	0.442649434572	0.0775444264943	0.116316639742
-gar	0.054054054054	0.927927927928	0.018018018018	0.0
-kai	0.291280196958	0.422555394395	0.168181540724	0.117982867923
-gap	0.378787878788	0.530303030303	0.0606060606061	0.030303030303
-ana	0.0992720310428	0.113463139195	0.0463984994799	0.740866330282
-zak	0.844078040285	0.120571357698	0.0165848591962	0.0187657428214
-sen	0.257932826127	0.173872703656	0.21191315643	0.356281313787
-sem	0.373606224145	0.341816841805	0.072853763492	0.211723170558
-sel	0.5364083334	0.233515864522	0.156164752839	0.0739110492392
-lbi	0.0197044334975	0.953201970443	0.0221674876847	0.00492610837437
-bel	0.106289428408	0.861976677499	0.00573504110113	0.0259988529918
-inn	0.0704412131477	0.846083581327	0.0139193978626	0.0695558076623
-seh	0.449766810254	0.262608385926	0.199580369764	0.0880444340557
-ina	0.194471452209	0.495557270746	0.184889212183	0.125082064862
-see	0.015873015873	0.980952380952	0.0031746031746	0.0
-sea	0.0253164556962	0.93670886076	0.0253164556962	0.0126582278481
-ing	0.187492506907	0.0862222692336	0.0238031747603	0.702482049099
-uih	0.365543561617	0.512496468341	0.0252037150814	0.0967562549612
--mi	0.198218262806	0.149220489978	0.639198218263	0.0133630289532
-kno	0.171606864275	0.772230889236	0.0280811232449	0.0280811232449
-uin	0.434210526316	0.471052631579	0.0315789473684	0.0631578947368
-seu	0.117416829746	0.845401174168	0.00587084148728	0.0313111545988
-kna	0.206128762018	0.656530744503	0.0877049501832	0.0496355432954
-ses	0.0340044388079	0.962983512999	0.00206087507926	0.000951173113506
-inu	0.0598436651505	0.918673993513	0.0122756236206	0.00920671771545
-sep	0.495852687459	0.362143331121	0.0404777704048	0.101526211015
-lat	0.640897377596	0.129301197514	0.0930726087616	0.136728816129
-kut	0.766584766585	0.0491400491401	0.0663390663391	0.117936117936
-kup	0.371232876712	0.439726027397	0.0821917808219	0.106849315069
-iam	0.110165445481	0.104466406434	0.0142823845222	0.771085763563
-ial	0.373653074294	0.426214419128	0.125145700836	0.0749868057425
-neu	0.0635504640856	0.314992892382	0.508570950748	0.112885692784
-iai	0.297435897436	0.311111111111	0.176068376068	0.215384615385
-nes	0.0214285714286	0.946428571429	0.0107142857143	0.0214285714286
-iak	0.539130287202	0.271070861206	0.0352048656225	0.154593985969
-ng-	0.359223300971	0.257281553398	0.121359223301	0.26213592233
-nen	0.738205679375	0.231247878719	0.0	0.0305464419052
-iat	0.463248407119	0.178641162862	0.081768852473	0.276341577545
-nel	0.0694100148735	0.846306395637	0.0793257312841	0.00495785820526
-nem	0.16956029641	0.151023981891	0.659341832703	0.0200738889957
-ghi	0.109422492401	0.644376899696	0.191489361702	0.0547112462006
-neh	0.475792988314	0.325542570952	0.12020033389	0.0784641068447
-nei	0.69219899204	0.0757496554545	0.0179845841781	0.214066768327
-npa	0.159725715872	0.700041161544	0.0714413006417	0.0687918219424
-kun	0.46331686946	0.0638065928169	0.0153206262421	0.457555911481
-kum	0.134471123923	0.758672650441	0.0193271530121	0.0875290726243
-kul	0.322620140802	0.311243750638	0.0448933782267	0.321242730334
-kui	0.677777777778	0.288888888889	0.0333333333333	0.0
-mte	0.117289664223	0.725894838754	0.0566068734553	0.100208623567
-ban	0.38691394742	0.191801576836	0.132572037822	0.288712437923
-eka	0.32578987927	0.238222450552	0.0909838171076	0.34500385307
-aak	0.597676219985	0.237800154919	0.102246320682	0.0622773044152
-bai	0.30412371134	0.371134020619	0.324742268041	0.0
-hok	0.166666666667	0.427777777778	0.405555555556	0.0
-hoh	0.419540229885	0.235632183908	0.0114942528736	0.333333333333
-hoi	0.468026228719	0.456175178969	0.0252661974373	0.0505323948745
-hon	0.367298348851	0.442035578096	0.135595516928	0.0550705561255
-hol	0.527110056344	0.26068150842	0.09683707827	0.115371356966
-hom	0.0448827552516	0.942904250122	0.00442721055203	0.00778578407426
-hor	0.0	1.0	0.0	0.0
-hos	0.0277777777778	0.972222222222	0.0	0.0
-hop	0.465732819404	0.199962395412	0.05791106515	0.276393720034
-kil	0.262626262626	0.670033670034	0.0	0.06734006734
-gsi	0.157549234136	0.0722100656455	0.619256017505	0.150984682713
-hot	0.559713407417	0.239640011756	0.0614807812984	0.139165799528
-baw	0.256349595282	0.711374351522	0.00405562972101	0.0282204234754
-mka	0.345283018868	0.47358490566	0.0339622641509	0.147169811321
-gsa	0.443176504577	0.214373443423	0.310830099464	0.0316199525366
-bas	0.013780623608	0.981208240535	0.00334075723831	0.00167037861916
-job	0.0444444444444	0.955555555556	0.0	0.0
-zol	0.764995083579	0.19075712881	0.0176991150443	0.0265486725663
-zom	0.479292320064	0.21069561721	0.0932850824287	0.216726980298
-ase	0.270833333333	0.125	0.0	0.604166666667
-gnu	0.0255625562556	0.842484248425	0.0280828082808	0.103870387039
-asa	0.109760767103	0.26959716521	0.354804528124	0.265837539563
-ias	0.0255169379675	0.972283326001	0.000439947206334	0.00175978882534
-asi	0.10067114094	0.738255033557	0.161073825503	0.0
-ven	0.516654854713	0.18993621545	0.119064493267	0.17434443657
--la	0.735537190083	0.214876033058	0.0495867768595	0.0
-lsa	0.680743207927	0.14924789841	0.137103946503	0.0329049471607
-lto	0.560885608856	0.339483394834	0.0885608856089	0.0110701107011
-aac	0.0	0.996728462377	0.00327153762268	0.0
--um	0.25028356285	0.649708283751	0.0300024460199	0.0700057073796
-lta	0.175675675676	0.608108108108	0.195945945946	0.0202702702703
-zop	0.402555910543	0.185303514377	0.277955271565	0.134185303514
-zor	0.0	1.0	0.0	0.0
-opi	0.18091507491	0.677745022816	0.101764729637	0.0395751726366
-ihi	0.0349711488022	0.137553185289	0.0279769190417	0.799498746867
-l-a	0.425775127922	0.440301538073	0.0665826386988	0.0673406953063
-430	0.273195876289	0.0309278350515	0.0	0.69587628866
-ras	0.0	1.0	0.0	0.0
-iho	0.786143625435	0.0569440050617	0.00569440050618	0.151217968997
-ran	0.0	1.0	0.0	0.0
-eri	0.0	1.0	0.0	0.0
-ral	0.152173913043	0.54347826087	0.282608695652	0.0217391304348
-ram	0.0	0.978671541743	0.0127970749543	0.00853138330284
-rak	0.0	1.0	0.0	0.0
-rah	0.0634920634921	0.918253968254	0.0	0.018253968254
-epa	0.625302370586	0.213145345221	0.0285092266224	0.133043057571
-nni	0.0576923076923	0.942307692308	0.0	0.0
-poi	0.257142857143	0.166666666667	0.547619047619	0.0285714285714
-pom	0.684713375796	0.0955414012738	0.18152866242	0.0382165605095
-aza	0.193798449612	0.522702104098	0.241417497231	0.0420819490587
--nu	0.160392798691	0.637206764866	0.0229132569558	0.179487179487
-laa	0.187588152327	0.677009873061	0.101551480959	0.033850493653
-ika	0.413269550749	0.0886023294509	0.05615640599	0.44197171381
-nop	0.624140574613	0.13887097363	0.0680238996313	0.168964552125
-aat	0.0422866092404	0.955364134691	0.00234925606891	0.0
-nor	0.0	1.0	0.0	0.0
-nos	0.0	1.0	0.0	0.0
-lah	0.27638737384	0.253018723138	0.0490497345175	0.421544168505
-lai	0.244535558108	0.154184114596	0.0579170203811	0.543363306915
-oum	0.0412371134021	0.773195876289	0.020618556701	0.164948453608
-'na	0.48	0.333333333333	0.146666666667	0.04
-aam	0.646840148699	0.211980398783	0.0887124028388	0.052467049679
-lau	0.214676866911	0.298316139221	0.43675779888	0.0502491949874
-iku	0.413461538462	0.432692307692	0.125	0.0288461538462
-aan	0.144709074465	0.251875003845	0.45123144223	0.15218447946
-aai	0.282447881641	0.374579690652	0.30262273033	0.0403496973773
--na	0.255505488053	0.616308707771	0.0970054734303	0.0311803307455
-non	0.0	1.0	0.0	0.0
-las	0.0317616364805	0.959768593791	0.00423488486407	0.00423488486407
-imu	0.736298292902	0.0307726864331	0.153638814016	0.0792902066488
-ppa	0.103653585927	0.872801082544	0.00487144790257	0.0186738836265
-bok	0.816901408451	0.0338028169014	0.00845070422535	0.140845070423
--ni	0.639344262295	0.0983606557377	0.0819672131148	0.180327868852
-nof	0.193798449612	0.806201550388	0.0	0.0
-gek	0.0189960856551	0.958553994934	0.0189960856551	0.00345383375547
-dot	0.624075113538	0.20921569628	0.0153084655815	0.151400724601
-ahi	0.484962170779	0.0197342908656	0.00231444476757	0.492989093588
-bui	0.475531730935	0.239149230503	0.285319038561	0.0
-gen	0.758285395608	0.0896022062142	0.0111061801904	0.141006217988
-dop	0.085308056872	0.473933649289	0.440758293839	0.0
-gel	0.2818317997	0.122191311791	0.0787502674941	0.517226621014
-bom	0.0371024734982	0.962897526502	0.0	0.0
-aha	0.46555687893	0.240727917348	0.150513807717	0.143201396006
--im	0.83306836248	0.114467408585	0.0143084260731	0.0381558028617
-ypt	0.0107473131717	0.944513871532	0.0394901274681	0.00524868782804
-evi	0.0353535353535	0.942760942761	0.013468013468	0.00841750841751
-bot	0.953846153846	0.0461538461538	0.0	0.0
--ip	0.203045685279	0.778680203046	0.0	0.0182741116751
--it	0.52460496614	0.26388261851	0.0297968397291	0.181715575621
-pia	0.824344812516	0.0513702834358	0.0069422619866	0.117342642062
-don	0.304435842677	0.607692649938	0.0458266595479	0.0420448478377
-ger	0.0533333333333	0.893333333333	0.0533333333333	0.0
-dom	0.0141509433962	0.985849056604	0.0	0.0
-dok	0.14406779661	0.754237288136	0.101694915254	0.0
-get	0.768234158082	0.137978387349	0.0124221794132	0.0813652751561
-sar	0.0837247858525	0.901353965184	0.0149212489638	0.0
-dda	0.0907534246575	0.868150684932	0.0	0.041095890411
-sap	0.728463201827	0.140161195203	0.014335183197	0.117040419773
-vot	0.0	0.0166639832555	0.972065689905	0.0112703268394
-sau	0.0415704387991	0.892994611239	0.0320759558635	0.033358994098
-mpi	0.0369766874018	0.566832227063	0.324847700063	0.0713433854722
-ton	0.423986486487	0.398648648649	0.146959459459	0.0304054054054
-ibu	0.0808512080241	0.913049371421	0.0	0.00609942055505
-ddi	0.0	1.0	0.0	0.0
-tom	0.129589632829	0.191504679626	0.570914326854	0.107991360691
-toh	0.488846188489	0.178951371584	0.0525415077912	0.279660932136
-fus	0.0	0.876712328767	0.123287671233	0.0
-olh	0.584247828075	0.302126200274	0.0324645633288	0.0811614083219
-ges	0.00930232558137	0.976744186047	0.0139534883721	0.0
-tot	0.508163265306	0.185714285714	0.287755102041	0.0183673469388
-tor	0.0336322869955	0.865470852018	0.100896860987	0.0
-top	0.198830409357	0.597660818713	0.20350877193	0.0
-sak	0.606456531571	0.224396671003	0.0920579484625	0.0770888489634
-sai	0.317690841427	0.128165562313	0.0359444494871	0.518199146773
-vok	0.191037735849	0.805424528302	0.0	0.00353773584905
-vom	0.124970501626	0.422550095934	0.438114976966	0.0143644254743
-sam	0.631866497698	0.219068432214	0.0470697770651	0.101995293022
-sal	0.0629147724549	0.767474313135	0.115409761772	0.0542011526379
-lon	0.0159364925352	0.973135626869	0.00409795522333	0.00682992537223
-dep	0.263636363636	0.518181818182	0.0545454545454	0.163636363636
-lom	0.122699386503	0.783661608008	0.0645786244753	0.0290603810139
-iel	0.0149871538681	0.946046246075	0.0389666000571	0.0
-loh	0.127435807643	0.0536809642692	0.0205980366684	0.798285191419
-loi	0.0	0.960784313725	0.0	0.0392156862745
-loe	0.0	1.0	0.0	0.0
-der	0.0	1.0	0.0	0.0
-rod	0.0130293159609	0.926302931596	0.0443811074918	0.0162866449511
-ron	0.0183486238532	0.967537050106	0.0141143260409	0.0
-lua	0.252273330888	0.103959832551	0.139081055787	0.504685780774
-och	0.0153822952798	0.96199668225	0.00180968179762	0.0208113406726
-lop	0.392167465631	0.337672724712	0.252730144518	0.0174296651392
-deu	0.361655773421	0.374727668845	0.0413943355119	0.222222222222
-ipi	0.0800540036236	0.763957039098	0.0854034191681	0.0705855381098
-lee	0.00884691848906	0.973359840954	0.00954274353876	0.00825049701789
-gla	0.339285714286	0.464285714286	0.0178571428571	0.178571428571
-hal	0.592103899215	0.216252450399	0.136174221919	0.0554694284668
-ipa	0.0908901097146	0.717775999305	0.116717319937	0.0746165710426
-mat	0.699789473684	0.184842105263	0.0181052631579	0.0972631578948
-ein	0.0	1.0	0.0	0.0
-maw	0.327962176766	0.103885243793	0.00771902740258	0.560433552039
-hko	0.626728110599	0.364055299539	0.00921658986175	0.0
-h-a	0.435825154869	0.35255562516	0.105728405373	0.105890814598
-awk	0.484334360926	0.24566995621	0.128682152944	0.14131352992
-hap	0.542510121458	0.402834008097	0.0121457489878	0.0425101214575
-awi	0.250126310817	0.55069943474	0.0847862236815	0.114388030762
-awh	0.127599845425	0.0659701399395	0.0214162298116	0.785013784824
-awn	0.326735122257	0.131359903863	0.0680211001032	0.473883873776
-awm	0.329526383235	0.211448637997	0.122289896894	0.336735081875
-awl	0.675542832338	0.158173234796	0.0252241285368	0.141059804329
-sat	0.683482111965	0.206075704103	0.0470555670888	0.0633866168431
-har	0.0	0.97742744536	0.0150483697599	0.00752418487997
-awp	0.497449109119	0.24806849439	0.161148489622	0.0933339068695
-tol	0.637223974763	0.192429022082	0.170347003155	0.0
-mal	0.169706444329	0.701406982804	0.0340455098142	0.0948410630536
-elh	0.835480251233	0.113452162991	0.014890255425	0.0361773303502
-npi	0.0377612919424	0.768026208159	0.170968551829	0.0232439480696
-276	0.0	0.166666666667	0.0	0.833333333333
-kdo	0.383720930232	0.439534883721	0.148837209302	0.0279069767442
-bit	0.242619361901	0.25050706674	0.452013779337	0.0548597920222
-aim	0.0672268907563	0.743697478992	0.100840336134	0.0882352941176
-wka	0.609544468547	0.162689804772	0.0260303687635	0.201735357918
-mar	0.0	1.0	0.0	0.0
-mpa	0.154246352908	0.780903510505	0.0323002879314	0.0325498486549
-wki	0.340425531915	0.276595744681	0.127659574468	0.255319148936
-nap	0.564575645756	0.435424354244	0.0	0.0
-sac	0.0	1.0	0.0	0.0
-cum	0.05	0.85	0.0	0.1
-oli	0.0	1.0	0.0	0.0
-hys	0.0	1.0	0.0	0.0
-sse	0.00246305418719	0.997536945813	0.0	0.0
-sun	0.476091240983	0.312919704928	0.0722332077174	0.138755846371
-red	0.0	1.0	0.0	0.0
-cus	0.0050505050505	0.99494949495	0.0	0.0
-leh	0.114587182104	0.0359585544216	0.00784592651047	0.841608336964
-lei	0.280944341475	0.646661039033	0.0337658047823	0.0386288147101
-ois	0.124137931034	0.875862068966	0.0	0.0
-ion	0.0454076367389	0.928448572411	0.0123839009288	0.0137598899209
-len	0.299097452302	0.507768764995	0.0875699760082	0.105563806695
-mum	0.0	1.0	0.0	0.0
-lea	0.0	1.0	0.0	0.0
-mun	0.0940422936152	0.464030093534	0.0221228141521	0.419804798699
-muh	0.876867528754	0.0729244904546	0.00835542846457	0.041852552327
-muk	0.0866489832007	0.908045977012	0.0026525198939	0.0026525198939
-leg	0.0	1.0	0.0	0.0
-mut	0.541880616175	0.220795892169	0.0884146341463	0.14890885751
-oic	0.08	0.26	0.66	0.0
-mus	0.0141304347826	0.982608695652	0.00163043478261	0.00163043478261
-ios	0.0666666666667	0.9	0.0333333333333	0.0
-oin	0.0668231267016	0.0368662270386	0.0298351385918	0.866475507668
-les	0.0	1.0	0.0	0.0
-let	0.468121377429	0.353392430958	0.081316058643	0.0971701329697
-leu	0.126897289293	0.186170869154	0.0197441487392	0.667187692814
-iot	0.0263736263736	0.973626373626	0.0	0.0
-eem	0.361081081081	0.366486486486	0.201081081081	0.0713513513514
-eel	0.668150061292	0.205879703066	0.0447202527049	0.0812499829364
-sah	0.10625	0.55625	0.09375	0.24375
-eek	0.125125389367	0.298131518447	0.160594381596	0.416148710589
-aly	0.0	0.925754060325	0.0742459396752	0.0
-alu	0.0973236009732	0.442822384428	0.459854014599	0.0
-sum	0.129578267129	0.763703251442	0.0350595677058	0.071658913723
-san	0.301540718858	0.499232763533	0.118445408775	0.0807811088334
-alo	0.0451127819549	0.338345864662	0.616541353383	0.0
-gim	0.260473588343	0.300910746812	0.187613843352	0.251001821494
-gil	0.133441400551	0.2302155941	0.621818771276	0.0145242340736
-gik	0.216537072669	0.608107751918	0.128859484963	0.0464956904505
-k-a	0.475283793837	0.320753359536	0.079948399758	0.124014446869
-ndo	0.40221402214	0.423431734317	0.107933579336	0.0664206642067
-gih	0.00659340659341	0.0158555729984	0.0182103610675	0.959340659341
-eet	0.761589403974	0.119205298013	0.0397350993377	0.0794701986755
-ald	0.0	0.728813559322	0.271186440678	0.0
--en	0.608695652174	0.0869565217391	0.231884057971	0.072463768116
-hia	0.578081525158	0.126234542901	0.0419440552185	0.253739876723
-eep	0.49972299169	0.475900277008	0.0243767313019	0.0
-gia	0.0131291028446	0.931072210066	0.0557986870897	0.0
-ala	0.298561830865	0.379377021612	0.162988850149	0.159072297373
-le-	0.225	0.15625	0.4875	0.13125
-tpi	0.0862275449102	0.0467065868263	0.573652694611	0.293413173653
-any	0.0	0.991765782251	0.00274473924977	0.00548947849955
-mla	0.0441501103753	0.306843267108	0.0364238410596	0.612582781457
-yon	0.0	1.0	0.0	0.0
-lpi	0.026843222626	0.811845561513	0.150840200065	0.0104710157965
-mli	0.00725367721139	0.0151118275237	0.0	0.977634495265
-gpi	0.1160080517	0.756065261151	0.0696578027333	0.0582688844157
-lok	0.504285714286	0.341428571429	0.145714285714	0.00857142857145
-mgi	0.290155440414	0.60103626943	0.0310880829016	0.077720207254
-cho	0.0	1.0	0.0	0.0
-pel	0.229792192659	0.0586133229753	0.0573315206836	0.654262963682
-pen	0.271551312504	0.0976472831555	0.125013011103	0.505788393237
-peh	0.687697160883	0.237644584648	0.0115667718191	0.0630914826499
-pek	0.212905108314	0.688309336231	0.0386368438528	0.0601487116021
-pet	0.6	0.257142857143	0.0	0.142857142857
-153	0.0454545454545	0.0	0.0227272727273	0.931818181818
-eli	0.0490998363339	0.950900163666	0.0	0.0
-ell	0.0285367127619	0.925091129	0.00356708909522	0.0428050691428
-ela	0.734563520227	0.121717530163	0.0351312987935	0.108587650816
-alh	0.628281752849	0.226292738403	0.0938853534009	0.0515401553464
-pna	0.180272393413	0.73275199227	0.032571981305	0.054403633012
-cca	0.0576923076923	0.826923076923	0.0769230769231	0.0384615384615
-wha	0.590317043619	0.29584006462	0.0610864297254	0.0527564620355
-esu	0.00254745803882	0.838229570618	0.00301132353246	0.156211647811
-ito	0.331385642738	0.0781858653311	0.0133555926544	0.577072899277
-tes	0.0176991150442	0.982300884956	0.0	0.0
--te	0.0312256253925	0.872767135864	0.0612367496591	0.0347704890846
-unu	0.0	0.28	0.72	0.0
-huh	0.702035863557	0.228958044787	0.022675181095	0.0463309105617
-esa	0.0	1.0	0.0	0.0
-gei	0.165964868427	0.265644826842	0.0413249897741	0.527065314957
-ese	0.476190476191	0.333333333333	0.0952380952381	0.0952380952381
-ita	0.342992038511	0.415108313275	0.119144602851	0.122755045362
-ute	0.0358005422822	0.126459590344	0.0139250534931	0.823814813881
-uda	0.367272727273	0.48	0.0	0.152727272727
-jah	0.0127848804892	0.978877153974	0.00444691495275	0.00389105058366
-ude	0.030303030303	0.909090909091	0.0606060606061	0.0
-geh	0.0	0.588607594937	0.411392405063	0.0
-w-a	0.216317492761	0.388519843298	0.24186680293	0.153295861012
-bbi	0.00756620428751	0.948297604035	0.0	0.0441361916772
-hul	0.472173507376	0.454558189755	0.0659414725818	0.00732683028687
-hum	0.3139851662	0.132384056201	0.0871174580638	0.466513319535
--sa	0.133818729601	0.704996233995	0.103941752448	0.0572432839568
-ign	0.25	0.0681818181818	0.0454545454545	0.636363636364
-'ka	0.301587301587	0.222222222222	0.0952380952381	0.380952380952
-huk	0.179940978619	0.49849478441	0.110635979851	0.21092825712
-hua	0.231020302355	0.562486007518	0.0416534106308	0.164840279496
-cih	0.21846502433	0.0263245862015	0.0053242095742	0.749886179895
-hut	0.111220798226	0.839247286928	0.0100871911118	0.0394447237345
-huu	0.423684210526	0.568421052632	0.0	0.00789473684211
-hup	0.323121808899	0.429613420861	0.109409190372	0.137855579869
-lot	0.117723751821	0.799447810415	0.00460157987575	0.0782268578879
-law	0.484848484848	0.272727272727	0.0606060606061	0.181818181818
-hus	0.0265273311897	0.97347266881	0.0	0.0
-tua	0.0141610699176	0.0115847395194	0.00434308226992	0.969911108293
-tam	0.248583620039	0.173015455064	0.328047374836	0.250353550061
-vat	0.396782841823	0.058981233244	0.0911528150134	0.453083109919
-tuh	0.659505208333	0.242838541667	0.06640625	0.03125
-tui	0.0797941428501	0.839457794014	0.0315051510704	0.0492429120658
-tuk	0.609708737864	0.271844660194	0.0601941747573	0.0582524271844
-tul	0.0578356193973	0.302948482557	0.0517874500486	0.587428447997
-koh	0.487562189055	0.423596304193	0.0127931769723	0.0760483297797
-tun	0.630140400985	0.11364979238	0.0385037226362	0.217706083998
-aen	0.0	1.0	0.0	0.0
-tup	0.227993439038	0.518316019683	0.199015855659	0.0546746856205
-sol	0.113155789233	0.845696651046	0.0411475597211	0.0
-los	0.0197486535009	0.947935368043	0.0179533213644	0.0143626570916
-son	0.0783783783784	0.916216216216	0.0054054054054	0.0
-tut	0.64447695684	0.166788588149	0.0512070226774	0.137527432334
-kop	0.148606811145	0.726006191951	0.0464396284829	0.078947368421
-bba	0.118343195266	0.775147928994	0.0	0.10650887574
-vak	0.150459376522	0.681616522202	0.122871293616	0.0450528076593
-vah	0.7375	0.16875	0.05625	0.0375
-vai	0.361520704763	0.498845809582	0.0831017100862	0.0565317755689
-van	0.091132067691	0.784634082183	0.0649775729277	0.0592562771982
-cia	0.0534429843878	0.839411614873	0.0428062739029	0.0643391268358
-val	0.28801586318	0.23319700913	0.290824967984	0.187962159706
-ris	0.0	1.0	0.0	0.0
-tna	0.194197637424	0.686573866278	0.0726250558223	0.0466034404752
-iim	0.204314941103	0.752721636702	0.037234965902	0.00572845629261
-gma	0.162070514874	0.151392943742	0.054023504958	0.632513036426
-lix	0.0045871559633	0.979357798165	0.0091743119266	0.00688073394496
-min	0.295737607164	0.504874747281	0.0636650927016	0.135722552853
-rus	0.0224897773739	0.935938209905	0.0068150840527	0.0347569286688
-pak	0.17167263709	0.096720859741	0.668779278038	0.0628272251309
-lip	0.0144492400075	0.978232313755	0.00506661662601	0.00225182961156
-lis	0.00467289719626	0.855140186916	0.00467289719626	0.135514018692
-lim	0.0642902036228	0.793062316826	0.0632505761316	0.0793969034194
-lin	0.404518404286	0.32889788305	0.110305269839	0.156278442825
-lio	0.0133037694013	0.986696230599	0.0	0.0
-jew	0.0196967055953	0.720934286212	0.236360467143	0.0230085410494
-ici	0.643940883499	0.176343148178	0.037310527445	0.142405440878
-oma	0.334926763498	0.357725072011	0.133909419624	0.173438744867
-adi	0.0	1.0	0.0	0.0
-rug	0.0	1.0	0.0	0.0
-ome	0.0091256991463	0.67589049161	0.311451280542	0.00353252870179
-rue	0.0444444444444	0.955555555556	0.0	0.0
-izu	0.00580832526621	0.982575024201	0.0116166505324	0.0
-eas	0.0	1.0	0.0	0.0
-lno	0.132740565938	0.498535639788	0.289816902299	0.0789068919745
-lna	0.210464890899	0.66006310829	0.09261500788	0.0368569929318
--ap	0.561983471074	0.159090909091	0.194214876033	0.0847107438016
--at	0.508615897721	0.275986659255	0.152862701501	0.0625347415231
--ai	0.110236220472	0.666666666667	0.209973753281	0.01312335958
-ize	0.945307224848	0.0222822417286	0.0060769750169	0.0263335584065
--ak	0.254980079681	0.745019920319	0.0	0.0
--am	0.344354335621	0.509669369931	0.142233312539	0.00374298190892
-iza	0.75124745888	0.190537793384	0.0249491776012	0.0332655701349
-rna	0.0	1.0	0.0	0.0
--an	0.205111402359	0.773918741809	0.00262123197903	0.0183486238532
-tpa	0.375378154528	0.504822490959	0.0614908426333	0.0583085118793
-izo	0.378839590444	0.211604095563	0.0477815699659	0.361774744027
-eal	0.727876106195	0.245575221239	0.0	0.0265486725664
-zer	0.0	1.0	0.0	0.0
-lux	0.0721153846154	0.891826923077	0.0	0.0360576923077
-zep	0.394366197183	0.417564208782	0.127589063795	0.0604805302403
-zeu	0.258823529412	0.741176470588	0.0	0.0
-hna	0.178704392243	0.625699741911	0.106773193443	0.0888226724024
ALL	0.217119298169	0.305788187133	0.0583799796266	0.418712535071
-eha	0.09375	0.390625	0.46875	0.046875
-gto	0.805465659835	0.086659475009	0.0237324703344	0.084142394822
-zek	0.435051546392	0.183505154639	0.323711340206	0.0577319587629
-zen	0.35168010017	0.27168974766	0.108072417757	0.268557734413
-gte	0.140229013067	0.646581953054	0.142089462038	0.0710995718399
-zel	0.437249460376	0.343509096516	0.0218933086648	0.197348134443
-zem	0.672265453748	0.190596229724	0.103253324565	0.0338849919626
-pah	0.252647170825	0.138542778252	0.0587452562322	0.550064794691
