-بُن	0.208416833667	0.511022044088	0.280561122244	0.0
-مّل	0.542132286318	0.18803986711	0.0781636967684	0.191664149804
-زشی	0.312649264675	0.423387941509	0.0351950391754	0.22876775464
-ینا	0.327336331834	0.375062468766	0.263868065967	0.0337331334333
-ینت	0.328185328185	0.579150579151	0.0	0.0926640926641
-یند	0.611863348147	0.157030590087	0.0274689688916	0.203637092874
-حذر	0.437640029873	0.429424943988	0.0896191187453	0.0433159073936
-ریخ	0.0707964601769	0.761061946903	0.0663716814159	0.101769911504
-رید	0.530706102827	0.167914467044	0.0584151841053	0.242964246024
-ریج	0.428571428571	0.285714285714	0.214285714286	0.0714285714286
-ریح	0.15625	0.229166666667	0.0625	0.552083333333
-ریت	0.199069391058	0.668622294153	0.0133522152539	0.118956099535
-ریب	0.540346292062	0.378852226941	0.0546662310792	0.0261352499183
-ریا	0.0479929727428	0.873549297274	0.0135753833049	0.064882346678
-لبی	0.183566433566	0.621212121212	0.0874125874126	0.107808857809
-ریغ	0.419889502762	0.24861878453	0.298342541436	0.0331491712707
-نكر	0.768535262206	0.0632911392405	0.0307414104882	0.137432188065
-ریض	0.00776196636481	0.00388098318241	0.900388098318	0.0879689521346
-ریص	0.235756385069	0.646365422397	0.117878192534	0.0
-ریز	0.542398777693	0.430863254393	0.0152788388082	0.0114591291062
-ریس	0.102040816326	0.744897959184	0.0816326530612	0.0714285714286
-ریر	0.0221287895552	0.141402965258	0.814339455632	0.0221287895552
-رغی	0.138248847926	0.861751152074	0.0	0.0
-نكن	0.513584491238	0.0893377262092	0.0399178723201	0.357159910233
-نكه	0.268789397569	0.0601602949781	0.0176192000707	0.653431107382
-كمک	0.533133937751	0.18132535751	0.02467520329	0.260865501449
-شده	0.570636721362	0.0169914534308	0.00776325941801	0.404608565789
-رین	0.114086533253	0.268470366568	0.487563696506	0.129879403673
-ریه	0.339079229122	0.633832976445	0.0103854389722	0.0167023554604
-طرح	0.659340659341	0.175824175824	0.032967032967	0.131868131868
-ریم	0.266460764753	0.386886052423	0.0346844507612	0.311968732063
-ریق	0.144572945339	0.477211543181	0.0293374715404	0.34887803994
-هبر	0.0985915492958	0.539906103286	0.361502347418	0.0
-طرب	0.686597938144	0.0484536082474	0.203092783505	0.0618556701031
-طرس	0.0127185433463	0.948419240873	0.00240963855422	0.0364525772262
-طرز	0.225925925926	0.297037037037	0.241481481481	0.235555555556
-یدا	0.769306122449	0.129197278912	0.00478911564626	0.0967074829931
-ریِ	0.210526315789	0.503759398496	0.233082706767	0.0526315789474
-مّا	0.0147240351651	0.0169404223637	0.000883442109904	0.967452100361
-مّت	0.124763705104	0.875236294896	0.0	0.0
-لمی	0.202312138728	0.463036203225	0.234256160633	0.100395497414
-حذف	0.826295585413	0.173704414587	0.0	0.0
-بُز	0.0433070866142	0.885826771654	0.0708661417323	0.0
-بُر	0.283671036949	0.716328963051	0.0	0.0
-ینم	0.686218428232	0.111810261375	0.0268415031241	0.175129807269
-ینه	0.359662980516	0.548709847288	0.0505529225908	0.041074249605
-نشو	0.868055555556	0.131944444444	0.0	0.0
-آن‌	0.212790697674	0.413953488372	0.104651162791	0.268604651163
-حیِ	0.0819112627986	0.600682593857	0.225255972696	0.0921501706484
-ربی	0.198952879581	0.659685863874	0.0523560209424	0.0890052356021
-لما	0.00245283018868	0.941509433962	0.0560377358491	0.0
-شتر	0.0481011460539	0.0867405471254	0.251185674918	0.613972631903
-لمت	0.0	0.961832061069	0.0381679389313	0.0
-مّی	0.232786885246	0.304918032787	0.462295081967	0.0
-لمس	0.94581440623	0.0181700194679	0.00389357560025	0.0321219987021
-حیه	0.20490797546	0.739877300614	0.0147239263804	0.040490797546
-حیل	0.199395770393	0.800604229607	0.0	0.0
-حیم	0.0830889540567	0.178885630499	0.723362658847	0.0146627565982
-ینک	0.537572254335	0.364161849711	0.0173410404624	0.0809248554913
-ربن	0.094191522763	0.905808477237	0.0	0.0
-ربه	0.0835214446952	0.72460496614	0.0970654627539	0.0948081264108
-فّر	0.910593996746	0.0560067328688	0.00278327253209	0.0306159978529
-لبه	0.74126797533	0.161339151999	0.040580363613	0.0568125090581
-زئی	0.0728476821192	0.560706401766	0.258278145695	0.108167770419
-ریک	0.369103013816	0.323287278975	0.158350633546	0.149259073663
-ؤال	0.8022172949	0.127272727273	0.0039911308204	0.0665188470066
-كتر	0.245013368212	0.238935159361	0.305949335436	0.210102136991
-مُر	0.231404958678	0.768595041322	0.0	0.0
-هبی	0.0196078431373	0.725490196078	0.235294117647	0.0196078431373
-حیی	0.0204442394897	0.941818461302	0.0204442394897	0.0172930597187
-بعد	0.0485278627677	0.0435120629984	0.111852334855	0.796107739379
-رغر	0.275510204082	0.581632653061	0.102040816327	0.0408163265306
-هست	0.65477980666	0.0513426423201	0.050612244898	0.243265306122
-خطا	0.288288288288	0.414414414414	0.162162162162	0.135135135135
-خطر	0.176068990298	0.756737333812	0.0111390585699	0.0560546173195
-لبش	0.125	0.275	0.15	0.45
-بعل	0.258620689655	0.508620689655	0.103448275862	0.129310344828
-ثَل	0.0431013250578	0.888921727994	0.0502438303532	0.0177331165952
-بعه	0.4375	0.375	0.15625	0.03125
-جفا	0.968892261002	0.0159332321699	0.0151745068285	0.0
-گُم	0.665394402036	0.132315521628	0.0165394402036	0.185750636132
-طرف	0.188088182416	0.24147251739	0.0334775762235	0.536961723971
-لمه	0.129310344828	0.711822660099	0.0591133004926	0.0997536945812
-ظلم	0.560545308741	0.171611868484	0.158781074579	0.109061748196
-ربر	0.586614173228	0.259842519685	0.153543307087	0.0
-جفت	0.0254237288136	0.96186440678	0.0	0.0127118644068
-زشت	0.162884648444	0.470775313736	0.31476706206	0.0515729757607
-ربت	0.0877192982456	0.631578947368	0.0350877192982	0.245614035088
-صحن	0.122873345936	0.865784499055	0.0	0.0113421550094
-حیث	0.259414225941	0.301255230126	0.326359832636	0.112970711297
-ینی	0.290107339716	0.467853105649	0.177115532747	0.0649240218881
-حیح	0.203009436368	0.314970670747	0.354501402703	0.127518490181
-‌سر	0.367272727273	0.512727272727	0.0	0.12
-مثل	0.0708085883965	0.0361857132553	0.0247048640331	0.868300834315
-فسخ	0.717647058823	0.0705882352941	0.0	0.211764705882
-کتب	0.239043824701	0.565737051793	0.167330677291	0.0278884462151
-فسس	0.00218579234973	0.981420765027	0.00655737704918	0.00983606557378
-کتر	0.673076923077	0.0769230769231	0.230769230769	0.0192307692308
-فسر	0.42	0.34	0.0	0.24
-میق	0.105090311987	0.0492610837438	0.71921182266	0.126436781609
-مین	0.0690892305614	0.557352317548	0.105735419395	0.267823032496
-میه	0.0	0.953125	0.0	0.046875
-وزه	0.0990591805767	0.376024279211	0.0434597875569	0.481456752655
-وزن	0.144306282723	0.754908376963	0.059554973822	0.0412303664921
-داغ	0.748502994012	0.0718562874252	0.155688622755	0.0239520958084
-فكر	0.472068365248	0.190378224403	0.0808672258269	0.256686184523
-سّل	0.343173431734	0.370848708487	0.0608856088561	0.225092250923
-دار	0.32861609572	0.429219408404	0.140502081887	0.101662413989
-داس	0.0201149425287	0.979885057471	0.0	0.0
-داز	0.620407544883	0.328886069237	0.0104395500341	0.0402668358458
-ه‌‌	0.0932642487047	0.569948186529	0.29792746114	0.0388601036269
-داش	0.300874403816	0.653815580286	0.00834658187599	0.0369634340223
-داب	0.180287361581	0.742838839572	0.0494188706873	0.0274549281596
-داث	0.874047512326	0.125952487674	0.0	0.0
-دات	0.133725820017	0.6913372582	0.0630782169891	0.111858704794
-یسه	0.0743449606172	0.879199485613	0.0231474039543	0.0233081498152
-داد	0.265458714654	0.0792935337085	0.00940238176935	0.645845369868
-یسم	0.920432845321	0.054232972629	0.0080203691916	0.017313812858
-جست	0.646840148699	0.234200743494	0.0520446096654	0.0669144981413
-یسو	0.0	1.0	0.0	0.0
-جسد	0.0847343644923	0.850706119704	0.0181573638198	0.0464021519839
-ده‌	0.495945102932	0.372270742358	0.0514660012476	0.0803181534623
-سهٔ	0.0335731414868	0.929256594724	0.0287769784172	0.00839328537169
-سهم	0.193965517241	0.534482758621	0.237068965517	0.0344827586207
-داً	0.259063043972	0.198289563309	0.0535835919171	0.489063800802
-یسا	0.0112109051532	0.912414803491	0.0242053633989	0.0521689279572
-جسم	0.0291299046471	0.861902674266	0.0701275482244	0.0388398728628
-یست	0.297326326288	0.0401338754843	0.015324715179	0.647215083049
-داق	0.363043478261	0.519565217391	0.0260869565217	0.0913043478261
-دام	0.297868654417	0.510698491708	0.0311836323054	0.160249221569
-دال	0.0847457627119	0.761299435028	0.0776836158192	0.0762711864407
-دان	0.0845254566393	0.758129123753	0.0932988635511	0.0640465560568
-میع	0.0311098654709	0.0409192825112	0.030269058296	0.897701793722
-فسق	0.0718085106383	0.928191489362	0.0	0.0
-میز	0.217266404596	0.389779256123	0.289234956154	0.103719383127
-میس	0.0063559322034	0.993644067797	0.0	0.0
-میر	0.0218380345769	0.923566878981	0.0545950864422	0.0
-وزش	0.276283618582	0.533007334963	0.161369193154	0.0293398533007
-میش	0.309491059147	0.525447042641	0.165061898212	0.0
-ُهر	0.141001855288	0.854823747681	0.0	0.00417439703155
-مید	0.654618055936	0.293159734014	0.0230437211748	0.0291784888753
-وزد	0.489737852307	0.351239895521	0.0912318896923	0.0677903624798
-وزخ	0.195537228559	0.714675268531	0.0808087526188	0.00897875029099
-پدر	0.0380639087636	0.947105736187	0.000722732444879	0.0141076226046
-‌سو	0.171232876712	0.705479452055	0.0	0.123287671233
-اصل	0.349397590361	0.478915662651	0.0765920826162	0.0950946643718
-میا	0.0	0.962962962963	0.0	0.037037037037
-وزا	0.166965888689	0.811490125673	0.0215439856374	0.0
-ّفی	0.374670184697	0.532981530343	0.0211081794195	0.0712401055409
-رکت	0.494296577947	0.0494296577947	0.410646387833	0.0456273764259
-تعد	0.363636363636	0.242424242424	0.393939393939	0.0
-وزی	0.0861489474616	0.667020461112	0.0484698390236	0.198360752403
-رکس	0.0377967439035	0.340312568155	0.00774523440645	0.614145453535
-نرم	0.689655172414	0.310344827586	0.0	0.0
-رگی	0.155273009907	0.113955422593	0.626400769284	0.104370798216
-خّص	0.55550865344	0.0844238075137	0.00886449978896	0.351203039257
-رقه	0.582539516382	0.347848843295	0.00586203286926	0.0637496074532
-شای	0.153153153153	0.756756756757	0.036036036036	0.054054054054
-سّی	0.17523364486	0.591121495327	0.163551401869	0.0700934579439
-طرد	0.811320754717	0.0	0.0566037735849	0.132075471698
-اصر	0.561128526646	0.347962382445	0.0532915360501	0.0376175548589
-یسی	0.00261565385353	0.726210820844	0.00315505219321	0.268018473109
-كصد	0.0525486074619	0.0115606936416	0.00630583289542	0.929584866001
-ژاد	0.171033478894	0.559679767103	0.177583697234	0.0917030567686
-تام	0.0	1.0	0.0	0.0
-جشن	0.306401760621	0.511805551322	0.094737034621	0.0870556534356
-یهٔ	0.174115474608	0.702230499406	0.0359610323507	0.0876929936356
-رقص	0.28064516129	0.603225806452	0.0967741935484	0.0193548387097
-دای	0.051758475311	0.806919460394	0.0288826906976	0.112439373597
-رقس	0.00466200466201	0.986013986014	0.0	0.00932400932401
-قچه	0.029315960912	0.931596091205	0.0195439739414	0.0195439739414
-ریف	0.39968503937	0.117795275591	0.189921259842	0.292598425197
-رکه	0.0190355734255	0.242672142137	0.00134632739355	0.736945957044
-ظیم	0.159322944653	0.153412144009	0.605857066094	0.0814078452445
-وزک	0.0	1.0	0.0	0.0
-خمی	0.609206660137	0.14985308521	0.229187071498	0.0117531831538
-اصد	0.271000491239	0.640248894711	0.0510889143605	0.0376616996889
-تعل	0.149450549451	0.784615384615	0.065934065934	0.0
-هار	0.087034410689	0.127192655072	0.0203030529223	0.765469881317
-فخر	0.651844843898	0.235761589404	0.0590350047304	0.0533585619679
-زاد	0.412402977982	0.140028512593	0.394978615555	0.0525898938698
-وود	0.0	0.997149982187	0.0014250089063	0.00142500890631
-پیش	0.152627421828	0.0576644106822	0.0144031965804	0.77530497091
-زات	0.203210507114	0.679040496169	0.0985954031375	0.019153593579
-لان	0.102559924687	0.754010065899	0.0876240133246	0.0558059960895
-اشر	0.0721554116559	0.895467160037	0.0138760407031	0.0185013876041
-لال	0.135937142034	0.721104032872	0.130231389445	0.0127274356492
-لام	0.348853572242	0.570033878274	0.0146480340335	0.0664645154506
-لاق	0.450741880747	0.387834931534	0.128793259935	0.032629927785
-غیظ	0.0632318501171	0.728337236534	0.124121779859	0.0843091334895
-لاف	0.292845041053	0.261696859116	0.0544767366089	0.390981363222
-ضول	0.100166944908	0.799666110184	0.100166944908	0.0
-قّی	0.289473684211	0.51052631579	0.0631578947369	0.136842105263
-زاع	0.492991589908	0.441329595515	0.0344413295955	0.031237484982
-اشد	0.530536931521	0.0642483981141	0.0137817268102	0.391432943555
-مَل	0.3	0.614285714286	0.0857142857143	0.0
-کرد	0.520847531132	0.0482931664705	0.0360262685088	0.394833033889
-تاً	0.222335369993	0.378818737271	0.0475220638153	0.351323828921
-پشم	0.0196078431372	0.970588235294	0.00980392156863	0.0
-زار	0.261257599924	0.207041098124	0.0330214066818	0.49867989527
-پشه	0.473484848485	0.526515151515	0.0	0.0
-اشا	0.601702932829	0.324503311258	0.0510879848628	0.0227057710501
-لقه	0.463976945245	0.536023054755	0.0	0.0
-ّای	0.11583011583	0.444015444015	0.393822393822	0.0463320463321
-خنی	0.4	0.422727272727	0.0136363636364	0.163636363636
-ّاک	0.573248407643	0.350318471338	0.0764331210191	0.0
-لوی	0.160160011853	0.397140528928	0.0231128231721	0.419586636047
-ظمت	0.105882352941	0.454901960784	0.4	0.0392156862746
-لقب	0.581868640148	0.291396854764	0.0	0.126734505088
-لقت	0.178770949721	0.715704531347	0.0167597765363	0.088764742396
-ّری	0.171821305842	0.518900343643	0.0824742268042	0.226804123711
-خنک	0.941302027748	0.0586979722519	0.0	0.0
-لاخ	0.0149777117385	0.404635958395	0.569153046062	0.0112332838039
-لاح	0.434074074074	0.164444444444	0.19	0.211481481482
-ضور	0.0954785536015	0.307417725927	0.063483080852	0.533620639619
-سنگ	0.0652400416767	0.870161096417	0.0211589324357	0.0434399294702
-زان	0.0650197232065	0.68225579996	0.156114194023	0.0966102828107
-رصت	0.176174496644	0.644295302014	0.0422818791946	0.137248322148
-ضوع	0.342827105037	0.160756953073	0.0238937207302	0.47252222116
-زاف	0.293774319066	0.309338521401	0.284046692607	0.112840466926
-رصد	0.0352526439483	0.0105757931845	0.0	0.954171562867
-کره	0.111111111111	0.296296296296	0.37037037037	0.222222222222
-پشت	0.175837815474	0.189904840712	0.0136532892015	0.620604054613
-هام	0.366073798779	0.515529599151	0.0	0.118396602071
-هال	0.0656634746922	0.879616963064	0.0547195622435	0.0
-مَت	0.525	0.45	0.025	0.0
-لاع	0.579120698172	0.164663263626	0.0971513255393	0.159064712663
-لاش	0.469387755102	0.355102040816	0.0285714285714	0.14693877551
-لاص	0.218181818182	0.745454545455	0.0	0.0363636363636
-اشم	0.289076414214	0.0665762021881	0.030531761513	0.613815622085
-لار	0.353508302089	0.566148901982	0.0	0.0803427959293
-لای	0.0963103332962	0.443986177684	0.0550663248244	0.404637164196
-زشک	0.0	0.881355932203	0.0169491525424	0.101694915254
-سنه	0.0805622214603	0.0771340418238	0.842303736716	0.0
-اشک	0.345606694561	0.612552301255	0.0284518828452	0.0133891213389
-ضوی	0.072618254497	0.819453697535	0.0239840106595	0.0839440373084
-ببر	0.567843866171	0.267657992565	0.0139405204461	0.150557620818
-قّق	0.714285714286	0.0377069282649	0.20846106683	0.0395462906192
-قّف	0.646960865945	0.189841798501	0.0283097418817	0.134887593672
-ظمی	0.0588235294118	0.852941176471	0.0882352941176	0.0
-فزن	0.129139072848	0.327814569536	0.543046357616	0.0
-ّرع	0.328308207705	0.409045226131	0.0375209380234	0.225125628141
-صفا	0.166488794023	0.754535752401	0.034151547492	0.0448239060833
-ّاف	0.0916030534351	0.725190839695	0.163576881134	0.0196292257361
-ّان	0.322580645161	0.627956989247	0.0365591397849	0.0129032258064
-ّال	0.0934844192634	0.201133144476	0.671388101983	0.0339943342776
-کاس	0.0392156862745	0.862745098039	0.0588235294118	0.0392156862745
-کار	0.375564587014	0.345122577389	0.0790421819384	0.200270653659
-خنه	0.336898395722	0.631016042781	0.0320855614973	0.0
-پیچ	0.11301369863	0.58904109589	0.133561643836	0.164383561644
-ّرا	0.210656753408	0.250309789343	0.539033457249	0.0
-ائت	0.593679458239	0.396646243147	0.00967429861335	0.0
-ّات	0.20694259012	0.584779706275	0.124165554072	0.0841121495327
-حسب	0.744595138982	0.142607761515	0.040284678394	0.0725124211092
-ّاد	0.198347107438	0.768595041322	0.0330578512397	0.0
-کان	0.0235582359593	0.885789672069	0.0292122125895	0.0614398793818
-کام	0.172707889126	0.686567164179	0.089552238806	0.0511727078891
-بوت	0.298937784522	0.585735963581	0.0500758725341	0.0652503793626
-تاب	0.34341145507	0.609845845344	0.00687805489409	0.0398646446923
-ائن	0.322966507177	0.602870813397	0.00956937799042	0.0645933014354
-ّاغ	0.166666666667	0.833333333333	0.0	0.0
-ائل	0.403162055336	0.525691699605	0.0237154150198	0.0474308300395
-‌أی	0.459302325581	0.401162790698	0.139534883721	0.0
-چنگ	0.342004264392	0.642643923241	0.00511727078892	0.0102345415778
-ّار	0.0	1.0	0.0	0.0
-خند	0.892857142857	0.107142857143	0.0	0.0
-زای	0.686900958466	0.124600638978	0.140575079872	0.0479233226837
-سند	0.585793774844	0.26561347126	0.0636145354732	0.0849782184223
-سنج	0.0740740740741	0.851851851852	0.037037037037	0.037037037037
-لاک	0.716955394898	0.233938071204	0.0196426135588	0.0294639203383
-قّر	0.0722891566265	0.322289156627	0.515060240964	0.0903614457831
-قّت	0.285805017466	0.138139091775	0.130200063512	0.445855827247
-مَک	0.0	1.0	0.0	0.0
-قّب	0.832011892963	0.104063429138	0.0	0.063924677899
-گِل	0.261992619926	0.667281672817	0.0184501845018	0.0522755227552
-های	0.176218025998	0.71210302864	0.0589674091826	0.0527115361795
-جذب	0.885106382979	0.0382978723404	0.0255319148936	0.0510638297872
-رُف	0.434977578475	0.37668161435	0.0807174887893	0.107623318386
-هلی	0.454545454545	0.345454545455	0.2	0.0
-تبی	0.485013623978	0.190735694823	0.111716621253	0.212534059945
-‌آن	0.432960893855	0.259776536313	0.18156424581	0.125698324022
-ودی	0.228701495773	0.386913794349	0.0646000433557	0.319784666522
-ششی	0.293150684931	0.517808219178	0.139726027397	0.0493150684931
-‌ها	0.181311481785	0.650336970436	0.0656199190132	0.102731628766
-‌هد	0.269112478032	0.523286467487	0.207601054482	0.0
-مله	0.448582995951	0.275708502024	0.0886639676113	0.187044534413
-حشت	0.302352667133	0.343582576287	0.334847426042	0.0192173305381
-سست	0.541832669323	0.195219123506	0.207171314741	0.0557768924302
-وسط	0.189863234111	0.446661303299	0.0347546259051	0.328720836685
-ارم	0.364284435308	0.0587456995589	0.0435819034979	0.533387961635
-قتم	0.020202020202	0.550505050505	0.247474747475	0.181818181818
-قتل	0.609169668062	0.309743989098	0.00613258055096	0.0749537622895
-متر	0.0909872561328	0.286936829655	0.311108599386	0.310967314826
-وست	0.596183667208	0.17411410413	0.0721937472182	0.157508481444
-وسا	0.0	1.0	0.0	0.0
-هزا	0.380281690141	0.366197183098	0.253521126761	0.0
-متِ	0.018018018018	0.558558558559	0.423423423423	0.0
-وسن	0.0	1.0	0.0	0.0
-وسه	0.69183577159	0.267107126003	0.033978291647	0.00707881075979
-وسم	0.226289940676	0.679471060894	0.0715518321416	0.0226871662888
-وسف	0.0212950816879	0.975638426549	0.00306649176306	0.0
-كشی	0.324802233597	0.515123313169	0.107026523965	0.0530479292695
-رسا	0.0816326530612	0.163265306122	0.673469387755	0.0816326530612
-‌آب	0.338861497087	0.0744060959211	0.586732406992	0.0
-ودک	0.0350710900474	0.938388625592	0.0265402843602	0.0
-گون	0.152477174769	0.378041433007	0.445845112852	0.0236362793716
-حیف	0.6953125	0.28125	0.0	0.0234375
-هلو	0.0458015267176	0.229007633588	0.0	0.725190839695
-حفظ	0.689641513171	0.140423846306	0.134284016637	0.0356506238859
-كشد	0.675582728315	0.191440580818	0.0710737485671	0.0619029423003
-ودن	0.400458321398	0.326267545116	0.109997135491	0.163276997995
-وده	0.494274451715	0.155526151193	0.128338277841	0.221861119252
-كشت	0.827418593976	0.0975184053193	0.0207070346772	0.0543559660276
-ودم	0.2176055986	0.0610747313171	0.072048654503	0.649271015579
-زيز	0.577181208054	0.0805369127517	0.0	0.342281879195
-جیب	0.0427228709769	0.0529763600114	0.878667046425	0.0256337225861
-جید	0.424580510913	0.532341612432	0.018904679683	0.0241731969717
-تبه	0.0906148867314	0.252427184466	0.0323624595469	0.624595469256
-جیر	0.022815022815	0.9297999298	0.035451035451	0.011934011934
-جدا	0.488220901783	0.15288360713	0.0869626004893	0.271932890598
-بیا	0.40147124387	0.558181007579	0.0106999554169	0.0296477931342
-قتی	0.136490792955	0.00905092917395	0.0037038020223	0.850754475849
-بید	0.504585811821	0.374761918715	0.0491180004102	0.0715342690538
-بیخ	0.641848523748	0.304236200257	0.0539152759949	0.0
-بیث	0.397058823529	0.382352941176	0.205882352941	0.0147058823529
-ِرص	0.134146341463	0.768292682927	0.0975609756097	0.0
-بیب	0.0	0.879120879121	0.098901098901	0.021978021978
-بیش	0.052500231075	0.0249560957575	0.419816988631	0.502726684536
-نزد	0.0544498016769	0.00718476118092	0.00403771702729	0.934327720115
-بیه	0.488508406602	0.150856085146	0.0740397963906	0.286595711862
-بین	0.250638257319	0.0838938461461	0.0497815630157	0.615686333519
-بیم	0.311812755262	0.290606346214	0.158419729815	0.239161168709
-بیل	0.0899002668914	0.721871049305	0.0927096502317	0.0955190335721
-دغن	0.542372881356	0.381355932203	0.0	0.0762711864407
-متی	0.236030434427	0.641822793095	0.0642231857973	0.0579235866809
-ِرو	0.244349966435	0.755650033565	0.0	0.0
-نزن	0.793333333333	0.206666666667	0.0	0.0
-وسی	0.0436595138548	0.942180643814	0.00393328953647	0.0102265527948
-نزل	0.124094202898	0.80615942029	0.0108695652174	0.0588768115942
-مرگ	0.153912409726	0.617482718258	0.189778926213	0.0388259458027
-بیِ	0.113636363636	0.674242424243	0.0757575757575	0.136363636364
-بول	0.523705853895	0.195694242864	0.0624697629415	0.2181301403
-ارا	0.17227933357	0.320099255583	0.0248138957816	0.482807515066
-هلت	0.359641985354	0.484133441823	0.126932465419	0.0292921074044
-آقا	0.0507826720058	0.925737167819	0.0	0.0234801601747
-ودا	0.0804619109704	0.896070031663	0.00111752654125	0.0223505308251
-جیم	0.0243902439024	0.829268292683	0.0731707317073	0.0731707317073
-جیل	0.0144504106128	0.710439039798	0.246130764371	0.0289797852179
-ودت	0.105540664457	0.124969140157	0.163557170064	0.605933025323
-كشف	0.193548387097	0.516129032258	0.290322580645	0.0
-یفی	0.237360092628	0.391354689309	0.353531455037	0.0177537630259
-ودش	0.0737700659775	0.0889570020954	0.133513429269	0.703759502658
-تبر	0.18239939827	0.179516108813	0.511470477623	0.126614015294
-هزن	0.0230813618003	0.878245816503	0.069244085401	0.0294287362954
-تبش	0.224299065421	0.579439252336	0.0	0.196261682243
-صدد	0.786749482402	0.132505175983	0.0310559006211	0.0496894409938
-عیا	0.0181388012618	0.979495268139	0.0	0.00236593059937
-گتر	0.00858458007786	0.0143141131106	0.89257621066	0.0845250961513
-صدا	0.647970687711	0.286640360767	0.0186020293123	0.0467869222097
-عید	0.0453921577422	0.912998364327	0.0115125037752	0.0300969741552
-ّكی	0.417293233083	0.402255639098	0.0375939849624	0.142857142857
-عیت	0.372670807453	0.515527950311	0.111801242236	0.0
-اور	0.769194442566	0.131788961179	0.0281685144518	0.0708480818029
-اوز	0.438735177866	0.343873517787	0.0355731225296	0.181818181818
-اوس	0.0	0.948275862069	0.051724137931	0.0
-عیض	0.208923512748	0.540840415486	0.186496694995	0.0637393767705
-عیش	0.22962962963	0.42962962963	0.0814814814815	0.259259259259
-اوت	0.444563011519	0.410711053098	0.0683136903685	0.0764122450146
-عیر	0.0	1.0	0.0	0.0
-كوی	0.206523520734	0.31322733978	0.377806916899	0.102442222586
-رتن	0.609756097561	0.365853658537	0.0243902439024	0.0
-ها-	0.147053996389	0.774823568029	0.0367634990973	0.0413589364845
-خره	0.452244897959	0.468571428571	0.0485714285714	0.030612244898
-صدر	0.0368345660245	0.760575320841	0.202590113135	0.0
-تکب	0.39175257732	0.247422680412	0.0154639175258	0.345360824742
-رشد	0.752661064426	0.0967787114846	0.0201680672269	0.130392156863
-بخت	0.685253280533	0.0823115614969	0.23243515797	0.0
-رشت	0.240988671473	0.439752832132	0.282183316169	0.0370751802266
-ؤسا	0.27027027027	0.621621621622	0.027027027027	0.0810810810811
-ارت	0.249769876245	0.525113505485	0.184712667701	0.040403950569
-لكت	0.238200264667	0.41773268637	0.0	0.344067048963
-یری	0.267861394282	0.48570439149	0.193732008744	0.0527022054845
-مفت	0.190058479532	0.444444444444	0.078947368421	0.286549707602
-ئهٔ	0.220588235294	0.569852941176	0.0772058823529	0.132352941176
-پی‌	0.154222766218	0.573317013464	0.149082007344	0.123378212974
-چاک	0.348837209302	0.604651162791	0.0	0.046511627907
-سمی	0.213953488372	0.362790697674	0.297674418605	0.125581395349
-تکه	0.630450557598	0.306834465469	0.0231055178177	0.039609459116
-اصی	0.153307888041	0.323473282443	0.123091603053	0.400127226463
-جری	0.388451812307	0.527957291374	0.0147513346446	0.0688395616746
-لكه	0.0229572647858	0.0146429037079	0.00336987373003	0.959029957776
-عین	0.434975096846	0.148865522966	0.046762589928	0.36939679026
-عیف	0.0125786163522	0.0657958393808	0.914368650218	0.00725689404935
-رتش	0.319371727749	0.628272251309	0.0314136125654	0.020942408377
-خرس	0.0	0.787610619469	0.159292035398	0.0530973451327
-صدم	0.795180722892	0.144578313253	0.0240963855422	0.0361445783133
-رتر	0.263761763568	0.295346138971	0.246744875596	0.194147221864
-خرت	0.00648373277757	0.789278684728	0.0583535949983	0.145883987496
-خرد	0.769282271023	0.230717728977	0.0	0.0
-خرج	0.392627518217	0.501071581655	0.0600085726532	0.0462923274753
-اول	0.0542712735107	0.182865191814	0.331593338305	0.431270196371
-اوه	0.215	0.256923076923	0.110769230769	0.417307692308
-زتر	0.351981879955	0.132729331823	0.470894677237	0.0443941109853
-محل	0.109363831308	0.540385989993	0.0122944960686	0.33795568263
-چید	0.587898089172	0.320382165605	0.0191082802548	0.0726114649682
-چكی	0.0253868471953	0.0389264990328	0.84501934236	0.090667311412
-محو	0.602941176471	0.191176470588	0.0	0.205882352941
-رتی	0.134680446772	0.750845808036	0.0421745377022	0.0722992074894
-‌را	0.677069199457	0.192672998643	0.0244233378562	0.105834464043
-خری	0.0234375	0.9765625	0.0	0.0
-خها	0.152925531915	0.80274822695	0.0177304964539	0.0265957446808
-چیز	0.0869362109639	0.583747927032	0.0192932053348	0.31002265667
-سمت	0.169641066774	0.517946661319	0.0485261680369	0.26388610387
-بخر	0.692175531534	0.263726823681	0.0110244111962	0.0330732335887
-چاه	0.00927595980418	0.741819118784	0.0896676114404	0.159237309972
-یرم	0.567471772573	0.249461029707	0.0476851682684	0.135382029452
-جرا	0.633663881731	0.260664740637	0.06376721064	0.041904166992
-چرا	0.0422101019682	0.0128053118331	0.00124496087266	0.943739625326
-سمش	0.518024032043	0.340453938585	0.0373831775701	0.104138851802
-یرو	0.495994659546	0.30173564753	0.142189586115	0.060080106809
-جرت	0.314393939394	0.469696969697	0.0227272727273	0.193181818182
-شُل	0.565656565657	0.434343434343	0.0	0.0
-جرّ	0.48275862069	0.310344827586	0.172413793103	0.0344827586207
-رشی	0.318777292576	0.615720524018	0.032751091703	0.032751091703
-جرم	0.305613305613	0.305613305613	0.203742203742	0.185031185031
-یرا	0.0793229041436	0.0207277105774	0.00148756758375	0.898461817695
-لكی	0.0561317876754	0.885295912142	0.0	0.058572300183
-چار	0.366112228112	0.240541034546	0.0906598428075	0.302686894535
-یرد	0.702750235106	0.131679468524	0.0461139632156	0.119456333154
-عبد	0.00326059109858	0.986724736241	0.00046579872837	0.00954887393157
-یرت	0.704064654148	0.160922272403	0.0879486570002	0.0470644164488
-سمِ	0.0392156862745	0.849673202614	0.111111111111	0.0
-صدی	0.0756578947369	0.657894736842	0.128289473684	0.138157894737
-خهٔ	0.267857142857	0.732142857143	0.0	0.0
-سزا	0.333333333333	0.466666666667	0.0799999999999	0.12
-چین	0.0513112884834	0.839414671228	0.097871531737	0.0114025085519
-اوی	0.093115012823	0.809824422963	0.073387255869	0.0236733083448
-محض	0.128728836334	0.0658425154528	0.00779360386993	0.797635044343
-‌رو	0.619994551893	0.207572868428	0.0354126940888	0.13701988559
-َلی	0.0634573304158	0.909737417943	0.0213347921225	0.0054704595186
-هّز	0.667342799189	0.0892494929006	0.158215010142	0.0851926977688
-تیک	0.268656716418	0.731343283582	0.0	0.0
-نسل	0.115192675697	0.782747364076	0.00225132265206	0.0998086375746
-بِل	0.0909090909091	0.757575757576	0.0909090909091	0.0606060606061
-هّد	0.72	0.04	0.2	0.04
-وآس	0.0	0.983935742972	0.0160642570281	0.0
-ضرم	0.322580645161	0.0905306971904	0.415192507804	0.171696149844
-تای	0.261484731799	0.550461180263	0.0429837915286	0.145070296409
-ُلی	0.206278026906	0.210762331839	0.582959641256	0.0
-رَح	0.0	1.0	0.0	0.0
-رَد	0.875	0.0625	0.0	0.0625
-رَص	0.0	1.0	0.0	0.0
-رَض	0.203007518797	0.774436090226	0.0225563909774	0.0
-یهی	0.502384737679	0.243243243243	0.219395866455	0.0349761526232
-هید	0.311734660552	0.0856308462133	0.0217176595601	0.580916833674
-ضرت	0.230392156863	0.463235294118	0.213235294118	0.0931372549019
-وجی	0.476958525346	0.21198156682	0.248847926267	0.0622119815668
-تاک	0.013441362058	0.973117275884	0.0	0.013441362058
-ضرر	0.285714285714	0.528571428571	0.142857142857	0.0428571428571
-دعا	0.710204794042	0.278101000698	0.00104724226205	0.0106469629974
-لکه	0.309050772627	0.131223939171	0.226146676478	0.333578611724
-انا	0.108165023452	0.196420024888	0.61500909352	0.0804058581411
-دعت	0.121739130435	0.8	0.0260869565217	0.0521739130435
-هّل	0.397350993378	0.509933774834	0.092715231788	0.0
-ندم	0.0903473091364	0.780907775344	0.020875704005	0.107869211514
-كری	0.353098151523	0.531480517226	0.0577106656253	0.0577106656253
-نسب	0.13670886076	0.567088607595	0.167088607595	0.129113924051
-نست	0.553911082816	0.0680379353469	0.12268781488	0.255363166957
-تیا	0.0	1.0	0.0	0.0
-بقت	0.239043824701	0.557768924303	0.0836653386454	0.119521912351
-تید	0.623251020878	0.116077537771	0.0242032153617	0.23646822599
-تیب	0.210746873944	0.206961811423	0.0336600202771	0.548631294356
-عکس	0.268793706294	0.20979020979	0.109484265734	0.411931818182
-تیر	0.30665792063	0.69334207937	0.0	0.0
-تیس	0.0	1.0	0.0	0.0
-تیز	0.0312075983718	0.0542740841248	0.875169606513	0.0393487109905
-نسی	0.0122864498011	0.639597472502	0.331149075591	0.0169670021062
-گجو	0.156017830609	0.496285289747	0.347696879643	0.0
-تان	0.143471026447	0.637034881422	0.060615862271	0.15887822986
-تاه	0.245418326693	0.0276228419655	0.593094289509	0.133864541833
-تاق	0.342630810923	0.23944131749	0.211687860468	0.206240011118
-وجد	0.728323699422	0.0462427745665	0.190751445087	0.0346820809249
-شصت	0.0137457044674	0.0402552773687	0.0	0.945999018164
-ثیر	0.499317250797	0.233955393719	0.0928538916704	0.173873463814
-ِلک	0.0796460176991	0.362831858407	0.557522123894	0.0
-وجب	0.333937823834	0.281088082902	0.250259067358	0.134715025907
-وجه	0.238309859155	0.272535211268	0.0523943661972	0.43676056338
-تاج	0.258295142071	0.629514207149	0.0505957836847	0.0615948670944
-تاح	0.0	1.0	0.0	0.0
-تاخ	0.0252583237658	0.316877152698	0.602755453502	0.0551090700345
-تاد	0.566749296501	0.343431337977	0.00372892831101	0.0860904372112
-نچه	0.0588183305611	0.219838467709	0.00369385007954	0.71764935165
-تات	0.0	1.0	0.0	0.0
-یها	0.346544611153	0.461217955297	0.119825126742	0.0724123068082
-تار	0.435068257278	0.259511737288	0.0491861700063	0.256233835428
-تاز	0.467889908257	0.449541284404	0.0550458715597	0.0275229357798
-تاس	0.602161605764	0.397838394236	0.0	0.0
-چشم	0.202143393538	0.65560755175	0.020096126843	0.122152927869
-تیم	0.516565564383	0.118334406986	0.0375554720492	0.327544556581
-تین	0.0573961735885	0.178254783015	0.706952869809	0.0573961735884
-مره	0.0193548387097	0.974193548387	0.0	0.00645161290323
-تیق	0.330275229358	0.495412844037	0.091743119266	0.0825688073393
-بقه	0.443674176776	0.483535528596	0.0727902946274	0.0
-ود-	0.287081339713	0.425837320574	0.22966507177	0.0574162679425
-لشی	0.0	0.96875	0.03125	0.0
-ری‌	0.250746268657	0.474626865672	0.125373134328	0.149253731343
-سار	0.339333833375	0.580937300331	0.0522265744368	0.0275022918577
-شمن	0.149321266968	0.72850678733	0.0339366515837	0.0882352941177
-ساس	0.397824030274	0.218070009461	0.100756859035	0.28334910123
-ساز	0.263157894737	0.470588235294	0.136222910217	0.130030959752
-سله	0.03125	0.96875	0.0	0.0
-دهد	0.459218958503	0.103256555319	0.0175963702966	0.419928115881
-بخش	0.590109835842	0.238062868746	0.119567396098	0.0522598993147
-ساد	0.110520722635	0.83049946865	0.0398512221041	0.01912858661
-ین-	0.190201729107	0.602305475504	0.103746397695	0.103746397695
-ساب	0.390243902439	0.383397518186	0.0402225074882	0.186136071887
-دها	0.128408038339	0.637207522854	0.01751842455	0.216866014256
-سات	0.231958762887	0.384020618557	0.177835051546	0.20618556701
-‌خو	0.0437956204379	0.430656934307	0.525547445256	0.0
-اؤس	0.0370018975332	0.959440227704	0.00142314990512	0.00213472485768
-آیی	0.755102040816	0.0	0.0	0.244897959184
-سری	0.0876580898387	0.839075447013	0.0353249018753	0.0379415612734
-ّسل	0.0	0.919604402616	0.080395597384	0.0
-وری	0.252780832243	0.354207937191	0.0559676201206	0.337043610445
-آبی	0.0856453558504	0.870928829916	0.021712907117	0.021712907117
-صّر	0.467320261438	0.0588235294118	0.362745098039	0.111111111111
-شوا	0.0	0.89552238806	0.0	0.10447761194
-اری	0.283984016719	0.34214339706	0.239498619509	0.134373966712
-یخی	0.174922600619	0.784829721362	0.030959752322	0.00928792569661
-دهٔ	0.303793298065	0.496374318315	0.0778243189946	0.122008064626
-رچه	0.118507397448	0.210880548872	0.0445663099875	0.626045743693
-سام	0.0	0.838137472284	0.121951219512	0.039911308204
-سال	0.0102368765623	0.972562790144	0.00684442328294	0.0103559100107
-سان	0.0775644366624	0.72476314045	0.122082065122	0.0755903577654
-بگو	0.852724132517	0.0555817239755	0.0442769665568	0.0474171769508
-ساق	0.0090361445783	0.990963855422	0.0	0.0
-صّب	0.147211895911	0.469888475836	0.338289962825	0.0446096654275
-دهم	0.310682561035	0.0902008883859	0.0278306503596	0.571285900219
-آغل	0.51781627983	0.452762340634	0.0	0.0294213795358
-سلی	0.0333333333333	0.781481481482	0.0111111111111	0.174074074074
-یخت	0.633198200962	0.165018806839	0.025966180725	0.175816811474
-سوخ	0.612972972973	0.124324324324	0.155675675676	0.107027027027
-ُلِ	0.15234375	0.7421875	0.0937500000001	0.01171875
-كوف	0.232323232323	0.616161616162	0.0	0.151515151515
-كول	0.435233160622	0.471502590674	0.0310880829016	0.0621761658031
-كوم	0.633754419747	0.25939974436	0.0808751514749	0.0259706844176
-كوه	0.064540402871	0.817087288724	0.1055221116	0.0128501968048
-یخس	0.105263157895	0.894736842105	0.0	0.0
-صّی	0.184287099903	0.354995150339	0.321047526673	0.139670223084
-ورز	0.6	0.142857142857	0.0285714285714	0.228571428571
-ورس	0.0	0.980327868852	0.0196721311475	0.0
-ورش	0.374121322572	0.350429575631	0.0801874511846	0.195261650612
-آبش	0.491228070175	0.333333333333	0.0350877192982	0.140350877193
-سرت	0.155701754386	0.634502923977	0.0109649122807	0.198830409357
-وأم	0.1875	0.645833333333	0.0	0.166666666667
-سرد	0.336990551719	0.0728139299135	0.548302725832	0.0418927925355
-سرخ	0.0338345864661	0.298496240601	0.667669172932	0.0
-میل	0.373437954083	0.35520197617	0.101472440182	0.169887629565
-آبا	0.158192090395	0.378531073446	0.293785310735	0.169491525424
-ورا	0.0182572614108	0.889626556017	0.00746887966804	0.0846473029046
-ورت	0.229374655479	0.310018170311	0.0198546375125	0.440752536698
-میم	0.660164661178	0.188600379987	0.0410386320456	0.110196326789
-ورح	0.0617283950617	0.855967078189	0.0617283950617	0.0205761316872
-ورد	0.520559713798	0.126662655435	0.0317065768883	0.321071053879
-قرص	0.372093023256	0.627906976744	0.0	0.0
-سره	0.133333333333	0.866666666667	0.0	0.0
-سرم	0.184035476718	0.631929046563	0.0288248337029	0.155210643015
-مكن	0.196585756202	0.106961856495	0.399306481729	0.297145905575
-سرّ	0.175824175824	0.576923076923	0.247252747253	0.0
-سرِ	0.0763623741756	0.847275251649	0.0763623741757	0.0
-ورم	0.495851241961	0.172354766806	0.0438339216962	0.287960069537
-وره	0.156147732585	0.73819541842	0.0589060308555	0.0467508181393
-ّسی	0.212440191388	0.0306220095694	0.728229665072	0.0287081339713
-كوب	0.733274647887	0.256161971831	0.0	0.0105633802817
-كوت	0.244	0.426	0.144	0.186
-كود	0.22064516129	0.756129032258	0.0232258064516	0.0
-قفل	0.131736526946	0.868263473054	0.0	0.0
-‌من	0.178571428571	0.678571428571	0.0714285714286	0.0714285714286
-رقی	0.289555972483	0.375234521576	0.222639149468	0.112570356473
-بدر	0.41726618705	0.318944844125	0.223021582734	0.0407673860911
-دهی	0.51477610524	0.193839579998	0.035578478116	0.255805836646
-كور	0.063605108055	0.0373280943026	0.895383104126	0.0036836935167
-لّی	0.360629378661	0.44963822212	0.118525324452	0.0712070747674
-وحه	0.21897810219	0.715328467153	0.0656934306569	0.0
-قرب	0.193548387097	0.795698924731	0.010752688172	0.0
-طول	0.262969631211	0.135020090856	0.401340185289	0.200670092644
-طوف	0.516129032258	0.177419354839	0.0967741935484	0.209677419355
-دا‌	0.841328413284	0.158671586716	0.0	0.0
-بّر	0.186968838527	0.277620396601	0.518413597734	0.0169971671388
-بّس	0.698888888889	0.184444444444	0.103333333333	0.0133333333333
-بكن	0.718223583461	0.0643185298622	0.0275650842267	0.18989280245
-بّع	0.344262295082	0.385245901639	0.0983606557377	0.172131147541
-سها	0.120805369128	0.838926174497	0.0402684563758	0.0
-نجا	0.109690988168	0.0607593154685	0.00915069206109	0.820399004302
-اسی	0.381577695309	0.397341960859	0.110064389254	0.111015954579
-اتل	0.0298507462687	0.970149253731	0.0	0.0
-بّب	0.134693877551	0.457142857143	0.0734693877551	0.334693877551
-نجس	0.0444810543657	0.0741350906096	0.815485996705	0.0658978583196
-نجش	0.370517928287	0.492695883134	0.100929614874	0.0358565737052
-ُتا	0.0201342281879	0.939597315436	0.0	0.0402684563758
-وچه	0.218295218295	0.781704781705	0.0	0.0
-نجم	0.037037037037	0.0	0.962962962963	0.0
-نجه	0.507462686567	0.250746268657	0.125373134328	0.116417910448
-هشی	0.336363636364	0.609090909091	0.0545454545455	0.0
-بّه	0.822580645161	0.129032258065	0.0483870967742	0.0
-ذشت	0.531277225998	0.180519254225	0.0648196549922	0.223383864785
-ّصل	0.606741573034	0.292134831461	0.0842696629214	0.0168539325843
-وحا	0.0	0.913612565445	0.0157068062827	0.0706806282722
-نُه	0.0387409200968	0.00968523002421	0.266343825666	0.685230024213
-شزد	0.502717391304	0.334239130435	0.0652173913043	0.0978260869565
-ذّب	0.836012861736	0.135048231511	0.0289389067524	0.0
-ذّت	0.213076923077	0.471538461539	0.281538461538	0.0338461538462
-حكم	0.34121171771	0.464047936085	0.0141478029294	0.180592543276
-قوم	0.0150594140947	0.933958194439	0.0040001568689	0.0469822345974
-طور	0.117048288142	0.0969275577165	0.0765381346203	0.709486019522
-طوس	0.0	1.0	0.0	0.0
-گرش	0.774193548387	0.0752688172043	0.150537634409	0.0
-ذكر	0.495481927711	0.35843373494	0.0316265060241	0.114457831325
-وحی	0.181438998957	0.785714285714	0.0114702815433	0.0213764337852
-لّم	0.185190379356	0.661945165136	0.0995722600098	0.0532921954982
-شیر	0.0223744688232	0.958893417743	0.0150897580435	0.00364235538982
-لّه	0.204608938548	0.738826815642	0.0251396648045	0.0314245810056
-یلا	0.0	1.0	0.0	0.0
-لّق	0.516504854369	0.130545182972	0.0463032113517	0.306646751307
-لوت	0.150943396226	0.179245283019	0.169811320755	0.5
-شیث	0.0	1.0	0.0	0.0
-شید	0.540116017036	0.184218490183	0.0324739337349	0.243191559046
-شیح	0.14	0.86	0.0	0.0
-لوب	0.806834346308	0.155825682141	0.0281262123367	0.00921375921376
-گرد	0.188715388634	0.688918558077	0.00789458408313	0.114471469205
-حّت	0.313432835821	0.373134328358	0.268656716418	0.044776119403
-وچک	0.0435339308579	0.0449972562648	0.880921895006	0.0305469178709
-اسِ	0.147582697201	0.419847328244	0.376590330789	0.055979643766
-قفس	0.204081632653	0.448979591837	0.326530612245	0.0204081632653
-هشت	0.0638297872341	0.0942249240121	0.0334346504559	0.808510638298
-اسم	0.602938423845	0.336829195384	0.0211018204744	0.0391305602971
-اسه	0.450909090909	0.549090909091	0.0	0.0
-نجی	0.116847826087	0.789130434783	0.0701086956522	0.0239130434783
-اسش	0.235616438356	0.493150684932	0.18904109589	0.0821917808219
-اسط	0.037037037037	0.777777777778	0.037037037037	0.148148148148
-حّم	0.217601547389	0.643133462282	0.0986460348162	0.0406189555126
-موم	0.63829787234	0.176759410802	0.127659574468	0.0572831423895
-حّه	0.486486486486	0.486486486487	0.0	0.027027027027
-اسد	0.647839249879	0.14448022504	0.152918993592	0.054761531489
-اسخ	0.888042618721	0.0574353851916	0.000499438132102	0.0540225579557
-اسب	0.109350237718	0.624009508716	0.223851030111	0.0427892234549
-است	0.719827525062	0.0765652070068	0.0290288784213	0.17457838951
-سرا	0.081700331625	0.803738317757	0.0753693096171	0.0391920410009
-لّح	0.476091476092	0.455301455301	0.0	0.0686070686071
-یلو	0.0338983050847	0.728813559322	0.0169491525424	0.220338983051
-لّت	0.158962921662	0.312963479231	0.0218567047672	0.506216894341
-لّا	0.66935483871	0.254032258064	0.0403225806451	0.0362903225806
-یله	0.240744528534	0.139905911229	0.0194313765596	0.599918183678
-سّر	0.453471196455	0.280649926145	0.10635155096	0.15952732644
-یلم	0.229979466119	0.552361396304	0.0821355236139	0.135523613963
-لزم	0.377952755905	0.470866141732	0.0566929133858	0.0944881889763
-لزل	0.577669902913	0.211165048544	0.211165048544	0.0
