-xlu	0.509621836957	0.337363896889	0.0420788173177	0.110935448836
-xle	0.201296067961	0.593592796966	0.0216597358637	0.18345139921
-xlo	0.620626349892	0.234233261339	0.0204103671706	0.124730021598
-jne	0.045106672305	0.877442518014	0.0410172217938	0.0364335878875
-oya	0.111140073896	0.788045039415	0.0326560427151	0.0681588439737
-plu	0.530200048861	0.23039089455	0.069886499487	0.169522557103
-oyi	0.104600464105	0.819352958928	0.0256402251845	0.050406351783
-plo	0.523833545202	0.345631805861	0.0450809472884	0.0854537016486
-jri	0.189251263206	0.686724850712	0.0964630225081	0.0275608635738
-pli	0.0	1.0	0.0	0.0
-ple	0.112625871417	0.243609604957	0.149651432998	0.494113090627
-jre	0.103716508211	0.85738980121	0.0388936905791	0.0
-puu	0.126865671642	0.694029850746	0.179104477612	0.0
-nto	0.0	0.965941343425	0.0340586565752	0.0
-nte	0.0407719488992	0.959228051101	0.0	0.0
ALL	0.242224816833	0.343696136223	0.0650047949906	0.349074251953
-wma	0.0666002876424	0.0119482243611	0.0155990706937	0.905852417303
-pra	0.117764074	0.882235926	0.0	0.0
-pre	0.10674495008	0.191022453857	0.100382890624	0.601849705438
-nma	0.0870219813309	0.0162601626016	0.00662451068955	0.890093345378
-pri	0.0972663450602	0.489155586932	0.275914813507	0.137663254501
-pro	0.0947101574524	0.868581117229	0.0163790052429	0.0203297200754
-opo	0.0	1.0	0.0	0.0
-opi	0.12836970475	0.863928112965	0.00770218228496	0.0
-ope	0.00412371134021	0.936082474227	0.059793814433	0.0
-opa	0.287987977619	0.466965581989	0.0880813681049	0.156965072287
-gka	0.0334639059877	0.496810296586	0.0094012311136	0.460324566312
-jga	0.733749747084	0.149745778753	0.0205596130877	0.0959448610757
-jgi	0.274770328753	0.4676941766	0.209703135677	0.0478323589705
-ima	0.151164755582	0.793011466506	0.0304164152082	0.0254073627037
-oko	0.148211425475	0.203322196981	0.0299895227804	0.618476854763
-lge	0.273031203566	0.37147102526	0.179049034175	0.176448736999
-oki	0.00548112058466	0.985992691839	0.0	0.00852618757613
-lga	0.221961244862	0.739283617146	0.00352319436289	0.0352319436289
-imi	0.0	1.0	0.0	0.0
-rwe	0.00531914893616	0.994680851064	0.0	0.0
-oka	0.532140462361	0.181068002564	0.0519082541096	0.234883280965
-rwa	0.0877192982456	0.859649122807	0.0526315789474	0.0
-imo	0.00721192147391	0.980209145723	0.00402525849707	0.00855367430628
-lgi	0.0212514757969	0.978748524203	0.0	0.0
-yma	0.160657122464	0.332817204921	0.0467945023499	0.459731170265
-rpo	0.0	1.0	0.0	0.0
-tlu	0.609455351058	0.209194473763	0.0440510599124	0.137299115267
-tlo	0.534699089718	0.296478172024	0.0549315055711	0.113891232686
-rga	0.13089184137	0.721372434725	0.054873268879	0.092862455026
-tle	0.418198889853	0.285548138139	0.0687220306243	0.227530941384
-eno	0.182576984139	0.254601757392	0.169058584969	0.393762673499
-hle	0.158451861755	0.691643472353	0.0258607464551	0.124043919437
-uta	0.515837772949	0.196683053402	0.0863392676814	0.201139905968
-ute	0.0571030900125	0.126080812436	0.103652873251	0.713163224301
-hlo	0.756140350877	0.14649122807	0.0359649122807	0.0614035087719
-eji	0.0358660332733	0.789556555968	0.0297339277119	0.144843483047
-uto	0.288819062582	0.368551976957	0.229117570044	0.113511390416
-rii	0.684745762712	0.233898305085	0.0406779661017	0.0406779661016
-hlu	0.267183834353	0.321311211805	0.0407089169165	0.370796036926
-gre	0.0	0.916550764951	0.0751043115438	0.00834492350486
-gyo	0.0394088669951	0.931034482759	0.0295566502462	0.0
-are	0.00916284881299	0.985839233653	0.00499791753436	0.0
-pga	0.133987691828	0.827062397757	0.0202539534159	0.0186959569993
-ara	0.0647878198899	0.914156138646	0.012957563978	0.00809847748622
-pgi	0.334474514806	0.35794277404	0.164931450967	0.142651260187
-ari	0.027769866135	0.940900028482	0.00142409569923	0.0299060096839
-gya	0.303259043006	0.587856311416	0.0395745398588	0.0693101057195
-xwu	0.434965682766	0.157017137564	0.0488441618594	0.359173017811
-tye	0.0582725241806	0.0815281311469	0.0105788217583	0.849620522914
-aya	0.173782180153	0.493549839983	0.103432092323	0.229235887541
-tya	0.433026561505	0.269919605675	0.0640169135769	0.233036919243
-ayo	0.0161943319838	0.983805668016	0.0	0.0
-tyo	0.0152155536771	0.92561284869	0.0557903634827	0.00338123415046
-ayi	0.359385048219	0.470998063286	0.0504701362659	0.119146752229
-tyi	0.490892679564	0.272865598105	0.0922110769684	0.144030645362
-nwu	0.384617030931	0.333667696202	0.116141230552	0.165574042315
-sro	0.134346314945	0.252072007842	0.450494608324	0.163087068889
-mnu	0.157087923509	0.556952816462	0.127364373311	0.158594886718
-sru	0.117473491057	0.0888799460024	0.254184032092	0.539462530848
-ije	0.0730468213648	0.900590416037	0.0164767266236	0.00988603597419
-ote	0.0732432149735	0.633345536434	0.0703775372707	0.223033711322
-iji	0.0992366043918	0.648628366035	0.01878992695	0.233345102623
-oto	0.219910458492	0.419316419937	0.287062958646	0.0737101629248
-uma	0.020618556701	0.979381443299	0.0	0.0
-otu	0.0973783077294	0.093092544119	0.239961699662	0.56956744849
-jra	0.0875424048247	0.262344515643	0.0602148511119	0.589898228421
-hwu	0.0927357032457	0.248840803709	0.0556414219475	0.602782071097
-ako	0.193171534161	0.329094476707	0.0795968190489	0.398137170083
-pna	0.487630308776	0.311760250631	0.0559334803515	0.144675960241
-aka	0.251690500305	0.422432537044	0.0572376842569	0.268639278394
-twa	0.15	0.3625	0.00535714285714	0.482142857143
-twu	0.322692209884	0.201169788929	0.08254075895	0.393597242237
-nau	0.680412371134	0.226804123711	0.0721649484536	0.020618556701
-goo	0.684684684685	0.216216216216	0.0	0.0990990990991
-yni	0.0455329054507	0.0243334478936	0.00981675979266	0.920316886863
-lko	0.0142857142857	0.985714285714	0.0	0.0
-yno	0.424446981028	0.133403526726	0.0135007478548	0.428648744391
-yna	0.260003466765	0.447865115582	0.0484490122642	0.24368240539
-lka	0.738589211618	0.0373443983403	0.224066390041	0.0
-ixa	0.0793714289039	0.0276872679878	0.0061933380798	0.886747965028
-ixi	0.0976633618535	0.857481109738	0.0210835133529	0.0237720150556
-rla	0.0	0.857923497268	0.131147540984	0.0109289617486
-ixo	0.07077119937	0.0513148612957	0.687435405286	0.190478534049
-iso	0.00254777070064	0.987261146497	0.00254777070064	0.00764331210191
-lyo	0.0279394107324	0.942273944768	0.00277085065115	0.0270157938487
-nri	0.410548089951	0.275861761768	0.0553240862245	0.258266062057
-isi	0.048114992414	0.934083669312	0.0071024015184	0.0106989367554
-lye	0.0591133004926	0.940886699507	0.0	0.0
-ise	0.0	1.0	0.0	0.0
-lya	0.0577821222983	0.905832518736	0.0282393830781	0.0081459758879
-isa	0.0898876404495	0.902621722846	0.00749063670412	0.0
-upa	0.352280599519	0.318239520053	0.0814259614686	0.248053918959
-upo	0.524452494648	0.389099291948	0.0864482134036	0.0
-mat	0.790983606557	0.0614754098361	0.0245901639344	0.122950819672
-uno	0.449640669055	0.258018697929	0.230014203642	0.062326429374
-kgi	0.300699481351	0.15114241188	0.0515733911562	0.496584715613
-uni	0.239533333582	0.382627735595	0.286244661004	0.091594269819
-kge	0.838059231254	0.122243226213	0.0396975425331	0.0
-une	0.164084709645	0.521267267215	0.17944958168	0.13519844146
-una	0.50561622436	0.218374743953	0.0369281007488	0.239080930938
-wno	0.178125	0.35625	0.0	0.465625
-nka	0.567674113009	0.362680683311	0.00394218134034	0.065703022339
-pta	0.250421382133	0.682157476523	0.0	0.0674211413435
-wni	0.053620032662	0.729994556342	0.0680457267283	0.148339684268
-pto	0.10150484041	0.855171091728	0.00920157193521	0.0341224959264
-unu	0.143775393436	0.67817254723	0.104809791201	0.0732422681327
-nko	0.511087074094	0.169460969894	0.189291508924	0.130160447089
-wna	0.509641606316	0.231444362269	0.0822345744651	0.17667945695
-tre	0.707762557078	0.292237442922	0.0	0.0
-tra	0.0	1.0	0.0	0.0
-gaa	0.235565819861	0.166281755196	0.515011547344	0.0831408775981
-tro	0.00782177195302	0.979917910898	0.000829581873804	0.0114307352748
-tri	0.0242424242424	0.886868686869	0.0646464646464	0.0242424242424
-sna	0.366627497062	0.615746180964	0.0176263219742	0.0
-sne	0.206579954093	0.747513389441	0.0459066564652	0.0
-sni	0.222425146433	0.663128024157	0.0151271510169	0.0993196783935
-sno	0.0	1.0	0.0	0.0
-ini	0.37783596016	0.23932576231	0.098760290337	0.284077987193
-inn	0.417112299465	0.454545454545	0.0	0.128342245989
-ino	0.271556710598	0.435033389088	0.0912774299938	0.20213247032
-ina	0.645327407833	0.113448513847	0.0203863105847	0.220837767735
-ine	0.160217994734	0.569677969368	0.106030111041	0.164073924857
-knu	0.0874876110253	0.628490520982	0.192114166647	0.0919077013459
-kni	0.226722259292	0.221604815582	0.0914072482183	0.460265676907
-kno	0.566800549267	0.20475633412	0.0464951722287	0.181947944385
-ywu	0.389996665555	0.0396798932978	0.0188062687562	0.551517172391
-kna	0.510091015366	0.207423847672	0.0656969677625	0.216788169199
-inu	0.11013878444	0.76338278526	0.0669993846995	0.0594790456006
-rso	0.00928792569657	0.990712074303	0.0	0.0
-tka	0.482723938351	0.227580433101	0.0649426819399	0.224752946609
-mta	0.501396990284	0.260982715019	0.0336919397765	0.20392835492
-tko	0.441947862734	0.255846725459	0.0664995911278	0.23570582068
-eka	0.374784825218	0.0962120211864	0.0733096899182	0.455693463678
-eke	0.654761904762	0.321428571429	0.0238095238095	0.0
-eko	0.0691783224592	0.223968887779	0.120219883349	0.586632906413
-mko	0.00710664708391	0.969204529303	0.0	0.023688823613
-mga	0.562726266516	0.203426568589	0.0399497313626	0.193897433532
-mka	0.302484273549	0.195238269456	0.069005924724	0.433271532272
-wya	0.341648590022	0.593275488069	0.0650759219089	0.0
-lyi	0.150105165957	0.529814121309	0.226713863096	0.0933668496383
-ase	0.0	1.0	0.0	0.0
-nya	0.309558293636	0.280247466823	0.0289104632558	0.381283776285
-asa	0.0	0.949659737112	0.0111867250862	0.0391535378019
-aso	0.0109689213894	0.989031078611	0.0	0.0
-nyi	0.337052686319	0.238204116718	0.0240306445534	0.400712552409
-nyo	0.00685714285714	0.993142857143	0.0	0.0
-asi	0.0292112950341	0.970788704966	0.0	0.0
-asu	0.01477953855	0.957029860142	0.0250431069874	0.00314749432083
-iyi	0.297681959616	0.492004806636	0.105756947916	0.104556285832
-lta	0.0246406570842	0.691991786448	0.283367556468	0.0
-wga	0.0850815850816	0.863636363636	0.044289044289	0.00699300699302
-wge	0.130810261621	0.368808737618	0.388620777241	0.11176022352
-iwu	0.0643908905828	0.79032716254	0.0563893755031	0.0888925713745
-eru	0.152609868255	0.41348769609	0.15533188458	0.278570551075
-eri	0.150234741784	0.774647887324	0.075117370892	0.0
-iwa	0.31420673348	0.339344010224	0.0630403509911	0.283408905305
-sko	0.0196919969704	0.956071699066	0.0	0.0242363039636
-iwe	0.0	1.0	0.0	0.0
-ero	0.116339164068	0.731115642402	0.0742005980085	0.0783445955213
-era	0.00616016427105	0.966119096509	0.0277207392197	0.0
-iwi	0.128449573507	0.681886603111	0.0331159056698	0.156547917712
-iwo	0.0	0.790983606557	0.0368852459016	0.172131147541
-ere	0.0893620044041	0.837309600885	0.0344418172777	0.0388865774332
-swa	0.0320549513452	0.313489792024	0.0160274756726	0.638427780958
-iya	0.136184272071	0.657052629314	0.0456094583158	0.161153640299
-nru	0.503329562033	0.215592105455	0.0409172601983	0.240161072313
-nni	0.252664874237	0.429110036222	0.127367586135	0.190857503406
-gnu	0.163671685284	0.457160814787	0.221980973059	0.157186526869
-nro	0.232409703493	0.519264602902	0.0304336590896	0.217892034515
-uge	0.703101065459	0.156482962862	0.0486775368486	0.09173843483
-uga	0.325869298571	0.567875174715	0.0618991927432	0.0443563339704
-nre	0.326184515093	0.463838631962	0.0305871793661	0.179389673579
-nra	0.197657526784	0.316143090612	0.0762665698203	0.409932812784
-pne	0.133097501658	0.706831748839	0.122927260668	0.037143488835
-ike	0.091347815791	0.221945795578	0.0261304836589	0.660575904972
-ika	0.410386181917	0.278744417553	0.163644755252	0.147224645278
-iko	0.197211716658	0.355166449932	0.166313325874	0.281308507536
-uje	0.564831261101	0.213143872114	0.110124333925	0.11190053286
-uji	0.0442325858934	0.479533326915	0.278429247166	0.197804840025
-jru	0.206255378901	0.617529555646	0.070630067491	0.105584997962
-pya	0.337786259542	0.461832061069	0.0858778625954	0.114503816794
-nne	0.085409252669	0.690391459075	0.0907473309608	0.133451957295
-myi	0.197947214076	0.0175953079179	0.784457478006	0.0
-pyi	0.462956007836	0.350398402912	0.0967530378879	0.0898925513641
-pno	0.461576936153	0.319629224758	0.0615965164517	0.157197322636
-myo	0.0757795929977	0.396313976713	0.117796919348	0.410109510942
-wra	0.0351496329757	0.834697910785	0.0844155844156	0.0457368718238
-gle	0.16592305954	0.239632610145	0.155830670479	0.438613659836
-wre	0.0	1.0	0.0	0.0
-olu	0.227585700381	0.470790817898	0.212423112993	0.089200368728
-mpa	0.0	1.0	0.0	0.0
-oli	0.0373711340206	0.869845360825	0.0	0.0927835051546
-glu	0.257218191913	0.457000206922	0.0584270798548	0.227354521311
-wru	0.0706755515932	0.273775369856	0.102412874761	0.553136203789
-yko	0.0427553444181	0.197149643705	0.73729216152	0.0228028503563
-ole	0.0759143819195	0.382250109341	0.0294522930027	0.512383215737
-xyi	0.418444321271	0.341737271359	0.124528202286	0.115290205084
-xya	0.403352130326	0.256109022556	0.233395989975	0.107142857143
-esi	0.0247592847318	0.966987620358	0.0	0.00825309491057
-xni	0.24510490744	0.125022049967	0.0236123641092	0.606260678484
-roo	0.0829694323144	0.812227074236	0.0524017467249	0.0524017467249
-ewu	0.161879895561	0.182767624021	0.187989556136	0.467362924282
-ipi	0.0218603613652	0.842338149248	0.0537500643456	0.0820514250416
-ipo	0.0216216216216	0.978378378378	0.0	0.0
-ipa	0.439490871428	0.260125653824	0.0649777544067	0.235405720341
-xre	0.242424242424	0.757575757576	0.0	0.0
-ewe	0.461538461538	0.513846153846	0.0246153846154	0.0
-hke	0.223361208524	0.111950364176	0.643647154033	0.0210412732668
-ewa	0.345222953549	0.485614338371	0.119439270526	0.0497234375545
-hka	0.807543270473	0.154998708344	0.019374838543	0.0180831826401
-ewo	0.0859578156602	0.873591447558	0.0101126841953	0.0303380525859
-hko	0.258920231646	0.159723519522	0.470670651971	0.110685596862
-ewi	0.104421289778	0.152745705435	0.00202759785975	0.740805406928
-uxo	0.0165975103734	0.787109266943	0.00265560165975	0.193637621023
-awi	0.00283480265412	0.96912868758	0.0	0.0280365097661
-hga	0.00541516245487	0.953068592058	0.0415162454874	0.0
-awo	0.00852079072938	0.971938195865	0.0120427175642	0.00749829584185
-xka	0.0774737415088	0.0685609404149	0.0232188508528	0.830746467223
-xko	0.632500687409	0.250534063749	0.0414560375643	0.0755092112777
-awa	0.309963937057	0.328369421305	0.056154026539	0.305512615099
-awu	0.393010204581	0.348623414871	0.0584557217207	0.199910658828
-pko	0.150247939601	0.631852927951	0.0617302002069	0.15616893224
-pka	0.0889640351432	0.127551987864	0.238764932684	0.544719044308
-sto	0.00771152627065	0.972651676176	0.0018868628109	0.0177499347429
-sta	0.166365280289	0.466546112116	0.298372513562	0.0687160940325
-yyi	0.49345428768	0.195386639197	0.0810352790346	0.230123794088
-eyi	0.101976894949	0.687950701455	0.142767652929	0.0673047506665
-eyo	0.0368051882051	0.909832882391	0.0479921755015	0.00536975390226
-eya	0.182546728739	0.487073184184	0.0524579036745	0.277922183402
-olo	0.0298452355312	0.912156549029	0.0312298083136	0.0267684071259
-lee	0.522554395896	0.363523792677	0.0742968335398	0.0396249778878
-yta	0.0120448438803	0.98795515612	0.0	0.0
-hri	0.297609574128	0.440713304985	0.099055531416	0.162621589471
-hro	0.331039769818	0.46768736652	0.0843407983505	0.116932065312
-rya	0.063856427379	0.729131886478	0.0467445742905	0.160267111853
-ryo	0.0111992533831	0.938404106393	0.0503966402239	0.0
-xge	0.435238496466	0.159855825493	0.0552356878715	0.34966999017
-hre	0.216216216216	0.69111969112	0.0463320463321	0.0463320463321
-ryi	0.250835879348	0.392375080895	0.166206272339	0.190582767419
-alu	0.178505579886	0.679953854783	0.0532868705138	0.0882536948171
-alo	0.352182057967	0.443685242957	0.0955966428537	0.108536056223
-tji	0.444632809118	0.432278891935	0.0839525321021	0.0391357668446
-ali	0.405578197985	0.0576149709858	0.0336704478772	0.503136383152
-ale	0.0729030697184	0.167811129128	0.00394532874985	0.755340472403
-ala	0.124494342642	0.186374571845	0.022000070275	0.667131015238
-mlu	0.624318313378	0.152058008104	0.050726624623	0.172897053895
-mle	0.218050541516	0.637545126354	0.0707581227437	0.0736462093863
-gwa	0.0347720659554	0.886857419981	0.00785645004849	0.0705140640155
-chi	0.0848281840505	0.707387596688	0.0367079535614	0.1710762657
-cho	0.0508572792037	0.872618195453	0.0105668609606	0.0659576643829
-cha	0.071810012313	0.225926706984	0.0306668752848	0.671596405418
-che	0.357669539931	0.592481046838	0.0249247066154	0.0249247066154
-gwo	0.0	1.0	0.0	0.0
-ogi	0.0521876416157	0.848451181897	0.0201733740699	0.0791878024179
-iyo	0.00458544207058	0.989300635169	0.00509493563398	0.0010189871268
-gwu	0.18793828892	0.61407199626	0.0245441795232	0.173445535297
-ogo	0.0749882463564	0.0463877135245	0.013947657107	0.864676383012
-rko	0.0606287425149	0.86751497006	0.0	0.0718562874251
-oga	0.277997141924	0.560682946417	0.104827629647	0.0564922820127
-rka	0.550206327373	0.291609353508	0.0894085281981	0.0687757909216
-oje	0.0765682275446	0.124667544029	0.111114364854	0.687649863572
-oge	0.480111653873	0.293789253315	0.212142358688	0.0139567341242
-ele	0.0461538461538	0.953846153846	0.0	0.0
-jpa	0.137507489515	0.759436788496	0.0587177950869	0.0443379269023
-syo	0.0547081380486	0.919386450788	0.0146570089476	0.0112484022156
-sya	0.0155411133088	0.977137866372	0.00346785173007	0.00385316858897
-itu	0.206340803482	0.578103248828	0.155167343098	0.0603886045919
-pni	0.340440635858	0.292912326544	0.154088549416	0.212558488182
-pnu	0.253832114968	0.238154601031	0.101295489224	0.406717794776
-ito	0.0196095148777	0.950265723136	0.015062380993	0.015062380993
-xno	0.494835543184	0.21145378035	0.0444411886797	0.249269487787
-hgi	0.421875	0.484375	0.0703125	0.0234375
-eso	0.00346362429053	0.855465446042	0.00212410108425	0.138946828583
-iti	0.640186915888	0.266355140187	0.0654205607476	0.0280373831775
-esa	0.0	1.0	0.0	0.0
-ite	0.108678285144	0.639156439452	0.0181904236494	0.233974851754
-xna	0.429174764435	0.103960051937	0.0881037181616	0.378761465467
-ese	0.0	1.0	0.0	0.0
-ita	0.235300282845	0.0812294747901	0.00978621665881	0.673684025706
-xgi	0.44860091288	0.287953959119	0.104683468942	0.158761659059
-spe	0.0603015075377	0.889447236181	0.0502512562814	0.0
-gru	0.0610169491525	0.938983050847	0.0	0.0
-spo	0.0	1.0	0.0	0.0
-spu	0.52408056042	0.414623467601	0.0612959719789	0.0
-pwu	0.364575040702	0.343605376746	0.147564956679	0.144254625872
-pwa	0.613664269426	0.165321873356	0.111822487283	0.109191369935
-jyi	0.0742574257426	0.450495049505	0.445544554455	0.029702970297
-ema	0.426814849846	0.489950342871	0.0264838023173	0.0567510049657
-ori	0.00152632917833	0.789366573391	0.209107097431	0.0
-oro	0.0121749129156	0.983766782779	0.00202915215259	0.00202915215259
-ora	0.0191326530613	0.980867346939	0.0	0.0
-ore	0.0148804056288	0.92614909799	0.0358231987361	0.0231472976449
-tna	0.597513586446	0.207275944481	0.0553943339967	0.139816135077
-gma	0.106797821887	0.0215000878272	0.0120147549622	0.859687335324
-kre	0.023166023166	0.976833976834	0.0	0.0
-tni	0.309275250156	0.230295392627	0.132406960331	0.328022396887
-utu	0.212707768638	0.190805712018	0.230029276401	0.366457242943
-tno	0.476327597305	0.253000012897	0.110911663909	0.159760725889
-omi	0.0547445255474	0.840328467153	0.00912408759122	0.0958029197081
-omo	0.0	1.0	0.0	0.0
-oma	0.00968783638322	0.987082884822	0.0	0.0032292787944
-ome	0.0	1.0	0.0	0.0
-lni	0.233874214226	0.519168240795	0.174650853126	0.0723066918527
-rnu	0.305585656586	0.432962269727	0.119594128657	0.14185794503
-lno	0.287198549229	0.418238836177	0.210401867567	0.0841607470268
-lna	0.361653626684	0.435293252544	0.0468409906465	0.156212130125
-rna	0.188354474652	0.549049733626	0.0287109728754	0.233884818847
-rno	0.320471264145	0.483569806487	0.0805205644301	0.115438364939
-rni	0.319010589348	0.336198969266	0.150109984847	0.194680456539
-uri	0.0122762148337	0.987723785166	0.0	0.0
-hno	0.0521561217759	0.846248448733	0.0301532819785	0.0714421475129
-hni	0.0739902506964	0.710306406685	0.0465413184772	0.169162024141
-rgi	0.234042553191	0.617021276596	0.0425531914894	0.106382978723
-uro	0.242197939078	0.511983096736	0.151456130779	0.0943628334071
-ura	0.20079073708	0.775487150522	0.00338887319966	0.020333239198
-jnu	0.0779990704136	0.250390149257	0.386763346388	0.284847433941
-hna	0.760837798344	0.163175840234	0.014612761812	0.0613735996103
-ure	0.188319732201	0.557461500233	0.0288676019875	0.225351165579
-jno	0.267857142857	0.486607142857	0.0639880952381	0.181547619048
-kya	0.462834129101	0.209462435333	0.063884147397	0.26381928817
-jni	0.082996662568	0.630741700334	0.179826102231	0.106435534867
-tgi	0.597138535788	0.187769902973	0.0903285374341	0.124763023805
-kyi	0.513697849421	0.312381938266	0.0564947126265	0.117425499686
-tge	0.410985256548	0.202807103943	0.0896842008065	0.296523438702
-uru	0.168628326978	0.663844994458	0.0661079296777	0.101418748886
-jna	0.340450771056	0.492289442467	0.0818505338078	0.085409252669
-tga	0.13840417786	0.29743403048	0.512754525597	0.0514072660624
-apa	0.275667679493	0.312970363261	0.117263795952	0.294098161293
-paa	0.108210237032	0.86293369976	0.0	0.0288560632085
-api	0.105651326215	0.826373844866	0.0391988699425	0.028775958976
-apo	0.130991132563	0.685598832641	0.0280989261795	0.155311108617
-waa	0.0	0.124223602484	0.850931677019	0.0248447204969
-apu	0.0442371952595	0.896674044547	0.00566986494182	0.053418895252
-pji	0.0624348987289	0.771618124846	0.0166935501916	0.149253426234
-aro	0.0031007751938	0.996899224806	0.0	0.0
-wlu	0.115377166432	0.748813157893	0.0642329566784	0.0715767189961
-pje	0.12397494364	0.243830332406	0.0634458297009	0.568748894253
-luu	0.777777777778	0.111111111111	0.037037037037	0.0740740740741
-wle	0.145819683154	0.674567520884	0.0846709650617	0.0949418308996
-wlo	0.0434004566304	0.921982022749	0.00086389534525	0.0337536252751
-slu	0.274074074074	0.725925925926	0.0	0.0
-pso	0.046511627907	0.837209302326	0.116279069767	0.0
-sla	0.708333333333	0.229166666667	0.0625	0.0
-sli	0.0	1.0	0.0	0.0
-lmo	0.0746268656716	0.925373134328	0.0	0.0
-uku	0.215246636771	0.139013452915	0.0	0.645739910314
-ski	0.145143091599	0.774848702431	0.0461585803673	0.0338496256026
-klu	0.354378239393	0.226372614722	0.0404284479454	0.37882069794
-tpu	0.0409556313993	0.959044368601	0.0	0.0
-nnu	0.168057915343	0.678399940903	0.0976952057324	0.0558469380217
-tpo	0.112526539278	0.880396319887	0.00283085633404	0.00424628450106
-uka	0.306756967873	0.305309837862	0.0362230909287	0.351710103336
-klo	0.457014705245	0.431983689758	0.0341300481499	0.0768715568472
-nno	0.396188394871	0.383035127395	0.0441308819629	0.176645595771
-kle	0.178271548077	0.677241975702	0.0611576904691	0.0833287857522
-nna	0.336444336404	0.125780755354	0.0298255197571	0.507949388485
-uko	0.161989548663	0.273558200092	0.0771892868833	0.487262964362
-kla	0.240159111627	0.344161763487	0.0820419325433	0.333637192343
-tpa	0.252951096121	0.310286677909	0.43676222597	0.0
-nga	0.107435921939	0.829379308052	0.0254484113959	0.0377363586128
-nge	0.45643153527	0.298755186722	0.0124481327801	0.232365145228
-ngi	0.463261047676	0.306194772177	0.0983481100242	0.132196070123
-eme	0.0	1.0	0.0	0.0
-wwu	0.2	0.576923076923	0.184615384615	0.0384615384615
-uwa	0.376142902091	0.2619866481	0.0387504166628	0.323120033146
-nwa	0.381205734524	0.117062968909	0.0366523270692	0.465078969498
-emo	0.00361445783133	0.996385542169	0.0	0.0
-wwa	0.0168918918919	0.861486486486	0.0	0.121621621622
-uwu	0.0670290015693	0.728160160302	0.093095835513	0.111715002616
-yge	0.420681986657	0.39831974302	0.0444773906598	0.136520879664
-ygi	0.641508983009	0.10044192055	0.0260993640072	0.231949732434
-kta	0.133302245793	0.207123483547	0.0272315166953	0.632342753965
-etu	0.164794000545	0.161004471033	0.579991803415	0.0942097250065
-eta	0.467184027341	0.307048863032	0.0759824616731	0.149784647954
-ete	0.188119879258	0.623490728762	0.0832794307892	0.10510996119
-eti	0.0	0.995041322314	0.00495867768595	0.0
-eto	0.162556826009	0.726592276255	0.0670432107269	0.0438076870092
-uyi	0.18163303092	0.338826143307	0.326791334938	0.152749490835
-atu	0.0654179890765	0.129645317215	0.0946293512697	0.710307342439
-xje	0.146585051546	0.423969072165	0.382731958763	0.0467139175258
-oxa	0.106509053324	0.0149241399609	0.0105104288005	0.868056377915
-uya	0.163576150498	0.639197754004	0.110121900308	0.0871041951907
-ate	0.0436710531876	0.581964736552	0.107422244319	0.266941965942
-ata	0.402405652769	0.179134415301	0.0870882355962	0.331371696334
-ato	0.0620421408141	0.453936516729	0.0892545090475	0.39476683341
-pma	0.15276006687	0.0379529750723	0.015589775588	0.79369718247
-ati	0.0	1.0	0.0	0.0
-ose	0.0	1.0	0.0	0.0
-osa	0.0351346829513	0.954826836205	0.0	0.0100384808432
-wti	0.0	1.0	0.0	0.0
-oso	0.0196078431373	0.980392156863	0.0	0.0
-osi	0.00858292355834	0.986052749218	0.00107286544479	0.00429146177917
-aji	0.0988909333987	0.466671860689	0.252593881209	0.181843324703
-aje	0.347732181425	0.593952483801	0.0129589632829	0.0453563714903
-shi	0.100821793727	0.838353358137	0.0423930759731	0.0184317721622
-yro	0.0	0.99378238342	0.00621761658032	0.0
-sha	0.156649257778	0.651903580964	0.0915401370228	0.0999070242353
-mri	0.204678362573	0.184210526316	0.502923976608	0.108187134503
-mro	0.331217991539	0.228456913828	0.340959697172	0.0993653974615
-ile	0.00633178556353	0.979878992543	0.00534684114254	0.00844238075137
-mru	0.12	0.828333333333	0.0516666666667	0.0
-ila	0.0	1.0	0.0	0.0
-ilo	0.0	0.928084784254	0.0264950794852	0.0454201362604
-oji	0.109316132908	0.664778261734	0.0774142574944	0.148491347864
-ili	0.0270948195526	0.929101888837	0.0397390686772	0.0040642229329
-iga	0.173716766678	0.257559405238	0.331978612264	0.23674521582
-yle	0.309210526316	0.355263157895	0.296052631579	0.0394736842105
-ige	0.552126819361	0.266783256234	0.0755951709353	0.105494753469
-kwu	0.313200949396	0.171027123005	0.0534216295545	0.462350298045
-ylo	0.120953605236	0.435316115461	0.0458104475867	0.397919831717
-igi	0.14194732717	0.200788990602	0.0207686941264	0.636494988101
-yli	0.0	1.0	0.0	0.0
-ami	0.0117016089712	0.982447586543	0.0	0.00585080448561
-ylu	0.561883651962	0.123952015926	0.0297078471816	0.284456484931
-amo	0.0125287116308	0.981206932554	0.00626435581541	0.0
-ama	0.139861917894	0.760488176964	0.0691388448826	0.0305110602593
-tma	0.23629489603	0.105860113422	0.0189035916824	0.638941398866
-kwa	0.279247973147	0.648808615637	0.0606188148764	0.0113245963393
-gje	0.176845819761	0.127985884908	0.222855591748	0.472312703583
-iro	0.0682682080163	0.640399409626	0.164785329694	0.126547052664
-iri	0.0669012625762	0.645588898184	0.251324935121	0.036184904118
-ire	0.0873969221256	0.633452619894	0.0964792509304	0.18267120705
-usa	0.0784955028618	0.906786590352	0.0107931316435	0.00392477514309
-ira	0.0384862091084	0.915330339962	0.0461834509301	0.0
-iru	0.114429453434	0.541094574458	0.0919267698948	0.252549202214
-usu	0.0	0.945454545455	0.0545454545455	0.0
-epe	0.199598555673	0.0385626547688	0.0350718345351	0.726766955023
-epa	0.353869028086	0.418320651023	0.098473352803	0.129336968088
-epo	0.133682830931	0.288335517693	0.483617300131	0.0943643512451
-epi	0.0559710652504	0.0359925044597	0.129780861824	0.778255568466
-kaa	0.290849673203	0.523692810458	0.18545751634	0.0
-wil	0.0	1.0	0.0	0.0
-wii	0.289575289575	0.633204633205	0.0	0.0772200772201
-axa	0.0702210663199	0.461638491547	0.468140442133	0.0
-owi	0.141498216409	0.826397146254	0.0178359096314	0.0142687277051
-owo	0.0	0.997958975406	0.00204102459435	0.0
-ota	0.41604336754	0.43017994445	0.0657608669336	0.0880158210769
-owa	0.124697774607	0.598353864934	0.112909716187	0.164038644272
-owe	0.0695652173913	0.908695652174	0.0	0.0217391304348
-agi	0.439740367165	0.333126226353	0.0639601750274	0.163173231454
-tsi	0.217818657507	0.570052269898	0.0663758855086	0.145753187087
-ago	0.0746014613085	0.849247204694	0.0383731872025	0.037778146795
-aga	0.169635828601	0.706238550894	0.0643775291612	0.0597480913436
-tsa	0.257662162542	0.692313192889	0.0253545370269	0.0246701075423
-age	0.198666840936	0.675859364789	0.0509737289243	0.074500065351
-tse	0.0	1.0	0.0	0.0
-ktu	0.585142857143	0.260571428571	0.113142857143	0.0411428571428
-ege	0.458386316717	0.269358375034	0.082522954384	0.189732353865
-one	0.0489417756922	0.801897018564	0.110854724745	0.0383064809996
-rta	0.0	0.998571428571	0.0	0.00142857142857
-anu	0.251561230848	0.174663085043	0.0456002745302	0.528175409579
-ega	0.042463862582	0.908841685518	0.00920210114642	0.0394923507534
-ona	0.48340171139	0.345175265762	0.0602979123233	0.111125110524
-ono	0.0752327539419	0.863245056153	0.0234465674882	0.0380756224167
-rto	0.0	0.206896551724	0.0689655172414	0.724137931035
-rti	0.0	1.0	0.0	0.0
-egi	0.0984393125586	0.0136354065693	0.00813913299116	0.879786147881
-oni	0.084096557887	0.777709256041	0.0717099797663	0.0664842063059
-ana	0.428675587543	0.319595448746	0.0538756018427	0.197853361869
-onu	0.0672797392437	0.648694272856	0.114699945593	0.169326042307
-ane	0.211271299239	0.0848750953167	0.0135169114695	0.690336693975
-rge	0.379156293482	0.431789678603	0.0643574240808	0.124696603835
-ani	0.222815965307	0.294214702267	0.0662323256111	0.416737006814
-ank	0.36231884058	0.400966183575	0.0772946859903	0.159420289855
-ano	0.507093653769	0.247313360848	0.0618768529564	0.183716132427
-ksa	0.0	1.0	0.0	0.0
-gno	0.239027234113	0.414091779795	0.195302740068	0.151578246023
-gni	0.0455479452215	0.0296998539603	0.000823596652144	0.923928604166
-wta	0.0657894736842	0.934210526316	0.0	0.0
-gne	0.0618049434975	0.676099938078	0.102439043218	0.159656075206
-taa	0.261266094421	0.34397353362	0.34111230329	0.0536480686695
-gna	0.444656185485	0.349293314277	0.0663014133715	0.139749086867
-mne	0.0251396648044	0.325418994413	0.0	0.649441340782
-ksu	0.132530120482	0.806681270537	0.0312157721796	0.0295728368017
-mna	0.202980837473	0.440738112136	0.122072391767	0.234208658623
-mno	0.7841191067	0.029776674938	0.0	0.186104218362
-mni	0.443568260227	0.511253491046	0.0156070313784	0.0295712173484
-enu	0.0948203964658	0.726219493467	0.0638525590088	0.115107551058
-rma	0.0	1.0	0.0	0.0
-eni	0.20574781623	0.379395879176	0.122265665254	0.29259063934
-ene	0.0802985938594	0.632634322517	0.0465949780415	0.240472105582
-rmi	0.0	1.0	0.0	0.0
-ena	0.188805672826	0.437527490261	0.0547688032423	0.318898033671
