-àya	0.357413650447	0.150307885217	0.0648599044072	0.427418559929
-épi	0.0	0.981986618631	0.00772002058672	0.0102933607823
-eus	0.0	1.0	0.0	0.0
-imá	0.215863283354	0.100957424117	0.110185502824	0.572993789706
-car	0.0	0.979274611399	0.0	0.020725388601
-ive	0.291442048518	0.708557951482	0.0	0.0
-rbe	0.036858974359	0.963141025641	0.0	0.0
-caz	0.0	1.0	0.0	0.0
-ivo	0.122065345648	0.765024209627	0.104976197257	0.00793424746715
-áwi	0.0851193190455	0.792521659827	0.107729138167	0.0146298829609
-dío	0.106386555476	0.626331241827	0.110233918895	0.157048283802
-áwa	0.335911726723	0.345443686128	0.101234418997	0.217410168152
-sài	0.149070910846	0.111623862579	0.567591823973	0.171713402602
-plo	0.0227610659957	0.904811468222	0.0282511723665	0.0441762934157
-nso	0.0664136622391	0.889310562935	0.044275774826	0.0
-lto	0.088385386535	0.721593803697	0.0538938442808	0.136126965487
-ufo	0.0	0.986984815618	0.0130151843818	0.0
-aum	0.00847115772489	0.972166196047	0.0121016538927	0.00726099233563
-bre	0.0288461538462	0.971153846154	0.0	0.0
-utá	0.331338541725	0.077608772509	0.0411007179441	0.549951967822
-nto	0.00629276347334	0.921371901903	0.0489252186567	0.0234101159667
-nta	0.0752748863008	0.295064529084	0.0183981156856	0.611262468929
-nte	0.0642249609443	0.629838569693	0.0334143377886	0.272522131574
-uan	0.0490625627794	0.812765381719	0.0250447911727	0.113127264329
-dro	0.018345471127	0.895465179291	0.0038990734744	0.0822902761073
-pra	0.257279764099	0.652782897162	0.0899373387394	0.0
-lía	0.576743339547	0.100918801396	0.0191211564264	0.303216702631
-pre	0.0	0.992167101828	0.00783289817232	0.0
-líi	0.55625	0.3	0.05625	0.0875
-más	0.0259419394688	0.91723285979	0.0	0.0568252007412
-ùya	0.822884012539	0.051724137931	0.0117554858934	0.113636363636
-aré	0.0	1.0	0.0	0.0
-nmi	0.238916846393	0.568176371915	0.149772346034	0.0431344356578
-mái	0.342847571189	0.402412060301	0.193634840871	0.0611055276382
-opo	0.0	0.895746455379	0.104253544621	0.0
-luì	0.736107356158	0.186472337602	0.00614446874924	0.0712758374912
-tín	0.08	0.82	0.1	0.0
-mán	0.0546448087432	0.945355191257	0.0	0.0
-máa	0.493737957611	0.388246628131	0.0818882466281	0.03612716763
-ope	0.0254403131115	0.972602739726	0.0	0.00195694716242
-àsi	0.092027249046	0.310231666396	0.0102807403092	0.587460344248
-opa	0.0	1.0	0.0	0.0
-smi	0.296516820482	0.554133174556	0.100228242532	0.0491217624293
-héi	0.116758933065	0.671867136387	0.126824358329	0.0845495722194
-dec	0.0922457534787	0.804250153051	0.0163427516005	0.0871613418695
-éni	0.498718786604	0.296696813744	0.0589480473574	0.145636352295
-ité	0.315840224338	0.122674997315	0.0240086376295	0.537476140717
-del	0.0294117647059	0.941176470588	0.0294117647059	0.0
-ùta	0.00868410664945	0.987631726893	0.00368416645734	0.0
-ima	0.391537737625	0.357786561265	0.0489666854884	0.201709015622
-des	0.053928195884	0.788504870524	0.0398654972787	0.117701436313
-eón	0.0713403335391	0.8786287832	0.0444718962323	0.00555898702904
-imi	0.145893208924	0.551048842627	0.139127907799	0.16393004065
-imo	0.125903526423	0.495823824994	0.0861652258956	0.292107422687
-nìa	0.384385643933	0.387460497675	0.105473557849	0.122680300543
-ido	0.0384615384615	0.769230769231	0.0384615384615	0.153846153846
-obo	0.0105803384334	0.941808138616	0.0476115229504	0.0
-lle	0.137166478767	0.813979706877	0.0319428786171	0.0169109357384
-rpa	0.032967032967	0.967032967033	0.0	0.0
-eca	0.336293951535	0.417216998813	0.105174729816	0.141314319836
-ide	0.197225697528	0.0674304872613	0.0196523288945	0.715691486316
-llo	0.073172577691	0.911781178572	0.00959689992886	0.00544934380819
-ida	0.440677057803	0.22347162832	0.0728074899074	0.26304382397
-bia	0.0537634408602	0.907594086022	0.0235215053764	0.0151209677419
-ále	0.196022983248	0.601175500246	0.154284407294	0.048517109212
-ùwi	0.671014153702	0.316703708036	0.0122821382618	0.0
-eja	0.0671387283237	0.911011560694	0.00728323699423	0.0145664739884
-ter	0.0	0.956834532374	0.0431654676258	0.0
-uta	0.308568272493	0.422759518245	0.0175864786405	0.251085730622
-ria	0.043420351625	0.927543953117	0.00159829515184	0.0274374001066
-rio	0.0310425521754	0.894455322604	0.0477577725775	0.0267443526434
-rim	0.0	1.0	0.0	0.0
-uto	0.117878192534	0.764243614931	0.117878192534	0.0
-eru	0.0745131244707	0.889923793395	0.0203217612193	0.0152413209145
-tea	0.0	1.0	0.0	0.0
-ris	0.0552147239264	0.944785276074	0.0	0.0
-gre	0.061099796334	0.908350305499	0.030549898167	0.0
-puí	0.209375	0.653125	0.11875	0.01875
-gro	0.0	1.0	0.0	0.0
-teo	0.0182613742912	0.943385274814	0.00267893021387	0.0356744206814
-lux	0.196911196911	0.756756756757	0.046332046332	0.0
-àpi	0.0521739130435	0.852173913043	0.0260869565217	0.0695652173913
-ara	0.260087574931	0.219911734717	0.0347649757728	0.485235714579
-mes	0.0	1.0	0.0	0.0
-idé	0.229988139578	0.546057970411	0.087253861573	0.136700028437
-ral	0.278055395818	0.675365251379	0.0304440214399	0.0161353313632
-rón	0.051731509192	0.906370243694	0.0384779820436	0.00342026507054
-ram	0.0	1.0	0.0	0.0
-mea	0.0	1.0	0.0	0.0
-mec	0.0	1.0	0.0	0.0
-meo	0.239401496259	0.760598503741	0.0	0.0
-ìsi	0.0	0.95951417004	0.0404858299595	0.0
-mei	0.0	1.0	0.0	0.0
-nwa	0.389754240222	0.47455867082	0.12114918657	0.0145379023884
-aya	0.0	1.0	0.0	0.0
-bái	0.0878025799655	0.714126341755	0.180551784154	0.0175192941246
-ayo	0.0161290322581	0.983870967742	0.0	0.0
-bás	0.0355142162562	0.925377867033	0.0126836486629	0.0264242680477
-écá	0.389993972272	0.0629897528631	0.235081374322	0.311934900543
-éta	0.322053379139	0.205373063344	0.0837512360517	0.388822321465
-àba	0.362386044574	0.507317028669	0.0205815880534	0.109715338704
-nùa	0.59248339939	0.214023621604	0.0649865632114	0.128506415795
-ìná	0.654911838791	0.345088161209	0.0	0.0
-aón	0.0376007162041	0.962399283796	0.0	0.0
-énu	0.0375379848657	0.948161830424	0.0143001847107	0.0
-dán	0.0260877387628	0.955620858197	0.00869591292093	0.00959549011966
-xad	0.0	1.0	0.0	0.0
-wàa	0.647513213173	0.245471382753	0.0373582689615	0.0696571351131
-uba	0.0542681138163	0.892930478146	0.0528014080376	0.0
-ota	0.033300108735	0.645195270025	0.17958272925	0.14192189199
-tán	0.0700636942676	0.916707496325	0.00734933855953	0.00587947084762
-tái	0.188686563423	0.534965322266	0.160913041056	0.115435073255
-aín	0.0303890465854	0.833736850893	0.0	0.135874102521
-oto	0.0	0.868613138686	0.043795620438	0.0875912408759
-ume	0.0492230479683	0.852330856095	0.0637004150178	0.0347456809188
-yéi	0.136064704982	0.338995834431	0.235756711187	0.2891827494
-ába	0.373777221135	0.12782269046	0.0404207272096	0.457979361195
-rái	0.112012140786	0.628767891957	0.0476202242283	0.211599743029
-yée	0.0486448922864	0.119179986101	0.540305767894	0.291869353718
-eví	0.0680654427377	0.883851629824	0.0	0.0480829274385
-lèe	0.00164771791069	0.985170538804	0.0	0.0131817432856
-umi	0.280664057397	0.604909749723	0.0270831225752	0.0873430703048
ALL	0.221137318754	0.260054430199	0.0492767077161	0.469531543331
-ale	0.335613062445	0.515319684583	0.0190568931357	0.130010359837
-úwa	0.308438758026	0.0144159409775	0.0249407602739	0.652204540722
-nam	0.0	1.0	0.0	0.0
-dea	0.0139221556886	0.979790419162	0.00449101796407	0.00179640718563
-yàa	0.617149758454	0.228260869565	0.0672302737521	0.0873590982287
-úwi	0.0720078492695	0.693817167211	0.0576430728664	0.176531910653
-aús	0.550617283951	0.449382716049	0.0	0.0
-aúl	0.674753601213	0.294920394238	0.0	0.0303260045489
-ícá	0.0418604651163	0.944186046512	0.0	0.0139534883721
-sio	0.0555555555556	0.944444444444	0.0	0.0
-íwa	0.231042544527	0.243018017615	0.0561612304075	0.46977820745
-nas	0.0267857142857	0.944642857143	0.00892857142857	0.0196428571428
-sia	0.0046887210211	0.990622557958	0.0	0.0046887210211
-mos	0.174409258962	0.812275625569	0.0105020629052	0.0028130525639
-mor	0.0	0.961038961039	0.038961038961	0.0
-ínu	0.429465575349	0.2383245065	0.259990370727	0.0722195474242
-cái	0.0347757641468	0.0656198532191	0.00988228512997	0.889722097504
-gog	0.0	0.975308641975	0.0246913580247	0.0
-aán	0.119133574007	0.848375451264	0.0216606498195	0.0108303249097
-lúa	0.109857917094	0.402665885455	0.44441189395	0.0430643035008
-cáu	0.138175115679	0.528425418077	0.0966329815489	0.236766484695
-été	0.392587939699	0.298366834171	0.0640703517588	0.244974874372
-mol	0.0	0.935205183585	0.0647948164146	0.0
-éca	0.466167240967	0.221023201732	0.0415581678437	0.271251389457
-étá	0.250470809793	0.504708097928	0.0146474157773	0.230173676501
-ìni	0.634615384615	0.288461538462	0.0	0.0769230769231
-àwa	0.218560829628	0.108984454831	0.0340686708303	0.63838604471
-ìna	0.75811971949	0.0791986788253	0.0470788157296	0.115602785955
-àwi	0.0729715642555	0.746047373603	0.0697862975618	0.11119476458
-eor	0.0	1.0	0.0	0.0
-bet	0.011090573013	0.901417128774	0.00924214417745	0.0782501540357
-cob	0.0037311112493	0.987252036565	0.0	0.0090168521858
-ubè	0.202145214521	0.690594059406	0.107260726073	0.0
-nàa	0.651997873025	0.0919306924464	0.0402858715638	0.215785562965
-bel	0.0202326757714	0.946383409206	0.0333839150227	0.0
-ùcu	0.341872292334	0.658127707666	0.0	0.0
-rla	0.0	0.949969369001	0.0500306309985	0.0
-pìa	0.555480522454	0.19389996884	0.0155201970636	0.235099311642
-cor	0.0	1.0	0.0	0.0
-iso	0.04	0.96	0.0	0.0
-otá	0.428806133625	0.367880613363	0.0484665936473	0.154846659365
-tca	0.493975903614	0.325301204819	0.10843373494	0.0722891566264
-èni	0.260947354619	0.215175720334	0.147413879434	0.376463045613
-reo	0.0168383301625	0.954077281375	0.0290843884625	0.0
-rel	0.0756938603869	0.251471825063	0.622371740959	0.0504625735913
-ìwa	0.344430284727	0.4504826912	0.144336015921	0.0607510081526
-ène	0.238587731812	0.587553495007	0.0695435092724	0.104315263909
-ise	0.149533025785	0.198432243553	0.0543788751657	0.597655855497
-rea	0.00897358072263	0.933252395154	0.0204280925862	0.0373459315368
-túa	0.0510044737191	0.870727122719	0.0248406403679	0.0534277631944
-isa	0.365133668616	0.509023333879	0.0823288213276	0.0435141761774
-ìwi	0.159420289855	0.724637681159	0.0579710144928	0.0579710144928
-eve	0.077975376197	0.417236662107	0.0225718194254	0.482216142271
-rey	0.0674842313436	0.773012339355	0.0212137773293	0.138289651972
-eva	0.0113636363636	0.823863636364	0.130681818182	0.0340909090909
-res	0.13316892725	0.516646115906	0.0117139334155	0.338471023428
-sái	0.510534846029	0.128038897893	0.097244732577	0.264181523501
-ret	0.0402902631864	0.952561464313	0.00389905772772	0.0032492147731
-dia	0.110731004681	0.759632697155	0.0108030248469	0.118833273316
-càu	0.0642836271549	0.456998149411	0.449498392909	0.029219830525
-hab	0.0302412096484	0.969758790352	0.0	0.0
-ápa	0.31995791286	0.618346166723	0.0401740877134	0.0215218327036
-úni	0.136332950224	0.622788800497	0.00693807106421	0.233940178215
-naí	0.064935064935	0.922238255572	0.0	0.0128266794933
-mas	0.0556586270872	0.862708719852	0.00742115027829	0.0742115027829
-ápi	0.0888362120776	0.879855871772	0.00665293218203	0.0246549839687
-ham	0.0419981706713	0.907273038028	0.0219303283321	0.0287984629682
-mai	0.00469851213782	0.971808927173	0.0	0.0234925606891
-ber	0.0	1.0	0.0	0.0
-íca	0.488642625904	0.224636019816	0.0492327414625	0.237488612817
-bèe	0.0	0.988739370038	0.0112606299616	0.0
-ápu	0.154244306418	0.533126293996	0.266045548654	0.0465838509317
-màu	0.304761904762	0.695238095238	0.0	0.0
-uni	0.137553467627	0.637882499177	0.0307096113771	0.193854421819
-ìru	0.0	1.0	0.0	0.0
-ùca	0.232860066781	0.126679532125	0.0362987477938	0.604161653299
-pto	0.0167805637297	0.900775797077	0.0282108027919	0.0542328364016
-lìa	0.490946618819	0.261698862683	0.0572055403256	0.190148978173
-ade	0.22798495669	0.125386624503	0.0304313115364	0.61619710727
-tra	0.0166358595194	0.883086876155	0.0919593345657	0.0083179297597
-ada	0.426898501199	0.439870788928	0.0430949634453	0.0901357464283
-ado	0.00416129991083	0.966511443575	0.00535024274249	0.023977013772
-tro	0.081985520431	0.438418251448	0.0256252417347	0.453970986387
-gai	0.0	1.0	0.0	0.0
-íni	0.291822789164	0.102223558957	0.0172147623867	0.588738889493
-gau	0.0	1.0	0.0	0.0
-àna	0.269425884019	0.549416016903	0.0568538916118	0.124304207467
-gar	0.105474635861	0.812908086389	0.0439477649422	0.0376695128076
-lam	0.0	1.0	0.0	0.0
-ana	0.130609046064	0.687252414368	0.0693948447162	0.112743694852
-àni	0.394988741047	0.214691385352	0.0354929617879	0.354826911813
-sùa	0.641688199828	0.190353143842	0.0387596899225	0.129198966408
-seo	0.026583119719	0.951770625653	0.00455710623754	0.0170891483908
-ini	0.169316740978	0.344343265864	0.161316171177	0.325023821981
-sem	0.0	1.0	0.0	0.0
-nos	0.0829015544041	0.914877868246	0.00222057735011	0.0
-pìi	0.175617146319	0.539310215084	0.0130257045699	0.272046934028
-ino	0.0505263157895	0.520842105263	0.426105263158	0.00252631578947
-ina	0.102040816327	0.569849047799	0.23863371206	0.0894764238149
-uis	0.0	1.0	0.0	0.0
-mài	0.0869114022571	0.728888312362	0.11233623038	0.0718640550007
-sec	0.0	1.0	0.0	0.0
-sea	0.0	1.0	0.0	0.0
-ira	0.370840226117	0.521987557468	0.0379060822263	0.0692661341886
-uim	0.0	1.0	0.0	0.0
-set	0.0	1.0	0.0	0.0
-inu	0.137229746947	0.779969182111	0.0474803343865	0.0353207365558
-blo	0.038038798797	0.802448225649	0.00233748063547	0.157175494918
-eda	0.0804076343072	0.872172478794	0.0371112158341	0.010308671065
-dón	0.0	0.968309859155	0.0	0.0316901408451
-són	0.0231839258114	0.972179289026	0.00463678516229	0.0
-isí	0.263464327053	0.136496998378	0.0219841607984	0.57805451377
-bla	0.37216828479	0.60355987055	0.0242718446602	0.0
-nes	0.0879481975452	0.640958732	0.0260945201508	0.244998550304
-rso	0.0183486238532	0.981651376147	0.0	0.0
-neo	0.0	0.92523364486	0.0	0.0747663551402
-bed	0.260869565217	0.739130434783	0.0	0.0
-ias	0.0661864025214	0.921206663665	0.00540297163441	0.0072039621792
-átá	0.216346935342	0.393034258353	0.0700680718305	0.320550734474
-ooz	0.017094017094	0.982905982906	0.0	0.0
-áté	0.453283431964	0.220888969016	0.0564457522344	0.269381846786
-ban	0.0435815174368	0.701637431774	0.0158326736386	0.238948377151
-uní	0.151589595376	0.801685934489	0.0209537572254	0.0257707129095
-tùa	0.0935180603662	0.862642256309	0.028995546759	0.0148441365661
-pèe	0.0750828273603	0.666579684347	0.00671006463097	0.251627423661
-èmi	0.101054481547	0.688049209139	0.210896309315	0.0
-tuí	0.135673064379	0.684946947545	0.0453020668976	0.134077921178
-ími	0.076716917923	0.364489112228	0.542713567839	0.01608040201
-rùa	0.335195530726	0.606340132519	0.0168896972847	0.0415746394699
-bas	0.0	1.0	0.0	0.0
-job	0.238907849829	0.516496018202	0.210466439135	0.0341296928327
-isi	0.186081026391	0.328041826838	0.0661212753821	0.419755871389
-asa	0.371327173188	0.349357187362	0.115623173599	0.16369246585
-qui	0.0	1.0	0.0	0.0
-ída	0.372013651877	0.464163822526	0.112627986348	0.0511945392492
-íba	0.128816841325	0.803879878669	0.0124593338331	0.0548439461734
-asi	0.29579421079	0.569753875215	0.0811156175342	0.0533362964609
-adé	0.510475423046	0.120646432089	0.0725221595487	0.296355985317
-uái	0.205243325583	0.352200753628	0.00921991501644	0.433336005772
-asu	0.0339346184876	0.0361345499814	0.013455395654	0.916475435877
-sná	0.0	0.00818330605564	0.991816693944	0.0
-ìri	0.0921455567709	0.679478448881	0.0389918409214	0.189384153426
-aac	0.0249609297616	0.8972287645	0.0593207281371	0.0184895776012
-àsa	0.409638554217	0.590361445783	0.0	0.0
-lta	0.149285033365	0.770638703527	0.0686367969495	0.0114394661582
-ìra	0.281817557895	0.619517209214	0.0774312647276	0.0212339681635
-zor	0.0	1.0	0.0	0.0
-ídu	0.020890059367	0.716645092175	0.0107128509575	0.2517519975
-iní	0.271416348644	0.0697429865929	0.112594527858	0.546246136905
-iná	0.25949670885	0.268179778579	0.058241269899	0.414082242672
-ras	0.109527622098	0.828983186549	0.0211369095276	0.0403522818254
-eri	0.138955995854	0.345785536565	0.17398844891	0.341270018671
-iwa	0.186413650577	0.309385874084	0.0697746367577	0.434425838581
-mìa	0.473079424045	0.216040173211	0.0407554310251	0.27012497172
-uía	0.019535197036	0.96800269451	0.002020882452	0.010441226002
-red	0.0	1.0	0.0	0.0
-ero	0.0178128872367	0.971000275368	0.00705631281839	0.00413052457662
-era	0.15695818967	0.501176172937	0.0400951999906	0.301770437402
-uío	0.0	1.0	0.0	0.0
-rac	0.0	1.0	0.0	0.0
-edá	0.27424044569	0.08301392942	0.0595005851822	0.583245039708
-swa	0.569482288828	0.152588555858	0.0326975476839	0.245231607629
-pos	0.0189573459716	0.981042654028	0.0	0.0
-nás	0.0690282136062	0.83233297531	0.041277931049	0.0573608800342
-áta	0.227555899523	0.145869834691	0.0728978819423	0.553676383844
-aza	0.0481927710843	0.86308871851	0.0536692223439	0.0350492880613
-éré	0.214880738749	0.026655022206	0.00728723513092	0.751177003914
-tài	0.230647310402	0.43852653437	0.192257575776	0.138568579452
-lac	0.0	1.0	0.0	0.0
-aat	0.0	1.0	0.0	0.0
-nor	0.0	1.0	0.0	0.0
-lao	0.243654822335	0.756345177665	0.0	0.0
-tàa	0.240488373471	0.168200406978	0.0565185609578	0.534792658593
-aam	0.0820216380893	0.867671757216	0.0503066046948	0.0
-aal	0.0508474576271	0.949152542373	0.0	0.0
-fos	0.0	1.0	0.0	0.0
-dùa	0.851705595698	0.107965047891	0.0352881868594	0.00504116955133
-áca	0.340767920559	0.208406311142	0.0583072988498	0.392518469449
-las	0.0035527980647	0.780807806356	0.128364138773	0.0872752568069
-noc	0.056657223796	0.920679886686	0.0226628895184	0.0
-ewé	0.0	1.0	0.0	0.0
-uná	0.269073721597	0.57630733009	0.0181132554051	0.136505692908
-dor	0.085993763969	0.866490990867	0.00703622968461	0.0404790154797
-dos	0.0297450424929	0.241501416431	0.0184135977337	0.710339943343
-gel	0.0358454949561	0.850320701484	0.0152739156028	0.0985598879574
-fán	0.0	1.0	0.0	0.0
-fás	0.0129384703853	0.969810235768	0.0172512938471	0.0
-pía	0.0762856166765	0.0432017564392	0.00264045640679	0.877872170478
-yáa	0.661097796496	0.167298787724	0.047001884729	0.124601531051
-doc	0.0	1.0	0.0	0.0
-ges	0.0413793103448	0.958620689655	0.0	0.0
-yái	0.0885960502728	0.0128996917842	0.00012219348133	0.898382064462
-ùra	0.0	1.0	0.0	0.0
-sas	0.232558139535	0.744186046512	0.0232558139535	0.0
-ión	0.149729765489	0.360949762582	0.00867107712191	0.480649394807
-vos	0.0265369305617	0.973463069438	0.0	0.0
-íri	0.0984569300588	0.282517193692	0.257063667326	0.361962208924
-tol	0.021280025794	0.821699177817	0.0536837014348	0.103337094954
-lùa	0.751533742331	0.122699386503	0.0	0.125766871166
-mpa	0.141372141372	0.804573804574	0.0457380457381	0.00831600831599
-lfa	0.0187061574435	0.981293842557	0.0	0.0
-oli	0.030612244898	0.948979591837	0.0204081632653	0.0
-tor	0.111806311208	0.847388465724	0.028563656148	0.0122415669206
-tos	0.0566888645368	0.19539745427	0.0535277754362	0.694385905757
-àdá	0.913043478261	0.0745341614907	0.0	0.0124223602484
-olo	0.132275656916	0.666355974219	0.129578582053	0.0717897868121
-ibe	0.0996930089025	0.71939431734	0.0278676384612	0.153045035296
-deo	0.0	0.996664813785	0.00333518621457	0.0
-iba	0.0544705821846	0.0803498606749	0.0753187363883	0.789860820752
-sam	0.0	1.0	0.0	0.0
-èri	0.415850798634	0.399331548334	0.064477887545	0.120339765488
-ùle	0.594879105214	0.307034376885	0.0230275782664	0.0750589396349
-iel	0.05305298336	0.929819675555	0.00668384042332	0.0104435006614
-cué	0.348089435867	0.229910412754	0.0681848338761	0.353815317502
-ien	0.0052975454706	0.0503266819707	0.079463182059	0.8649125905
-hái	0.2153223231	0.376127319021	0.0234208178466	0.385129540032
-loe	0.0681818181818	0.897727272727	0.0340909090909	0.0
-loc	0.0321888412017	0.967811158798	0.0	0.0
-ùli	0.20929972615	0.645950930532	0.144749343319	0.0
-oce	0.00190991564539	0.0405857074646	0.0	0.95750437689
-iez	0.0143843498274	0.012082853855	0.0	0.973532796318
-oca	0.159217116022	0.479602606645	0.0621991181634	0.298981159169
-rom	0.0	1.0	0.0	0.0
-lot	0.118966689327	0.619306594154	0.253795603898	0.00793111262179
-los	0.0645123106061	0.926017992424	0.0	0.00946969696972
-húa	0.233561053645	0.379780614694	0.123895129935	0.262763201725
-mar	0.0396607632826	0.928909952607	0.0314292841108	0.0
-éri	0.207867098547	0.609442481351	0.149931291716	0.0327591283863
-mpo	0.0	0.989361702128	0.0106382978723	0.0
-ipa	0.013201320132	0.971947194719	0.00660066006602	0.0082508250825
-húm	0.0	1.0	0.0	0.0
-ipe	0.0296396745447	0.961449050756	0.00116234017823	0.0077489345215
-noé	0.0	1.0	0.0	0.0
-ácá	0.234258705927	0.214320638887	0.380290107025	0.171130548161
-cùa	0.372303021194	0.317970626206	0.0970134608557	0.212712891744
-ewi	0.194851155205	0.163757436373	0.0290766577098	0.612314750713
-—yá	0.323907455013	0.363753213368	0.0822622107969	0.230077120823
-iwi	0.0514208389715	0.948579161028	0.0	0.0
-awa	0.423250868126	0.184004074497	0.0523491202468	0.340395937131
-úma	0.317517712893	0.25809208448	0.238404824225	0.185985378402
-ìda	0.440860215054	0.505376344086	0.0537634408602	0.0
-bài	0.643002028398	0.131845841785	0.0	0.225152129818
-bàa	0.209702909944	0.356099104383	0.0376192282068	0.396578757466
-saú	0.15085932527	0.780076384469	0.0	0.069064290261
-uéi	0.295818088019	0.468522805372	0.0585601630111	0.177098943598
-sto	0.0650445907528	0.675355790481	0.00536053645625	0.25423908231
-lài	0.235075475992	0.355306076007	0.0113782902223	0.398240157779
-ste	0.0	0.774760383387	0.129392971246	0.0958466453674
-sta	0.112620820577	0.737693780445	0.0860611761605	0.0636242228178
-saí	0.00024871703463	0.999751282965	0.0	0.0
-cum	0.0159574468085	0.744680851064	0.143617021277	0.0957446808511
-rpo	0.0	1.0	0.0	0.0
-cas	0.221231043711	0.495093666369	0.114183764496	0.169491525424
-loé	0.0140416569155	0.915750058507	0.0	0.0702082845776
-ián	0.043795620438	0.934306569343	0.021897810219	0.0
-àma	0.207133058985	0.285322359396	0.385916780979	0.12162780064
-cua	0.0386842714848	0.939772990503	0.000463284688443	0.0210794533241
-wáa	0.156295224313	0.843704775687	0.0	0.0
-púa	0.488558352403	0.37414187643	0.102974828375	0.0343249427917
-uca	0.289369108708	0.428153660418	0.191208133565	0.0912690973088
-wái	0.134506599623	0.606536769327	0.104965430547	0.153991200503
-ìca	0.452356020942	0.369633507853	0.0554973821989	0.122513089005
-lem	0.0	1.0	0.0	0.0
-lea	0.010199521247	0.907758615412	0.0459407007426	0.0361011625985
-leg	0.0	1.0	0.0	0.0
-ìcu	0.0527226530999	0.0743714020739	0.00665463575178	0.866251309074
-ios	0.140381433771	0.453370756233	0.00297791239896	0.403269897598
-èpi	0.500328731098	0.34188034188	0.157790927022	0.0
-les	0.0	1.0	0.0	0.0
-itá	0.249956302082	0.233812290592	0.0665429787449	0.449688428581
-eel	0.0	1.0	0.0	0.0
-rra	0.00434153400868	0.984081041968	0.0115774240231	0.0
-oré	0.290780141844	0.709219858156	0.0	0.0
-pùa	0.296991921373	0.165797997096	0.0966270801534	0.440583001378
-úra	0.123456790123	0.679012345679	0.0679012345679	0.12962962963
-alu	0.119965577077	0.666409381092	0.174312917014	0.0393121248165
-rro	0.04480017356	0.874060529048	0.0414374486681	0.0397018487238
-úái	0.101348398642	0.340157234372	0.00854515939072	0.549949207595
-gio	0.0552486187845	0.944751381216	0.0	0.0
-udá	0.0	1.0	0.0	0.0
-sìa	0.818181818182	0.0369318181818	0.144886363636	0.0
-ndo	0.0	1.0	0.0	0.0
-ali	0.0838377860343	0.390372700659	0.00622110905223	0.519568404255
-nda	0.268464097835	0.404850725719	0.0840989022068	0.242586274239
-áni	0.463877800805	0.303833597431	0.0906286414488	0.141659960315
-udé	0.458934517203	0.157232704403	0.117462079171	0.266370699223
-sìi	0.166412425461	0.772569685203	0.0194147829705	0.0416031063653
-gia	0.00671140939597	0.96644295302	0.0268456375839	0.0
-ala	0.289365210223	0.560593569662	0.0346248969497	0.115416323166
-huí	0.0	0.922580645161	0.0387096774194	0.0387096774193
-zca	0.497041420118	0.325443786982	0.0591715976332	0.118343195266
-uva	0.0846907266452	0.834932595716	0.0044119327968	0.0759647448419
-ìma	0.261075949367	0.675632911392	0.0632911392405	0.0
-osé	0.0539819439705	0.914993950299	0.0103930754196	0.0206310303106
-áli	0.0880911475598	0.391334566435	0.00365534504958	0.516918940955
-abé	0.0595083547558	0.661018637532	0.0394440874036	0.240028920308
-cla	0.00153727901614	0.998462720984	0.0	0.0
-chi	0.113433462871	0.799390820292	0.0850750971537	0.00210061968281
-idu	0.16439737771	0.726172465961	0.0489157841654	0.0605143721634
-cho	0.0307632941378	0.0530907999528	0.191332683052	0.724813222857
-cha	0.111346309895	0.0361213073776	0.00982067259291	0.842711710134
-uez	0.0270574971815	0.921645997745	0.0293122886133	0.02198421646
-che	0.457070707071	0.542929292929	0.0	0.0
-eli	0.117436813888	0.737043655859	0.140413581823	0.00510594842992
-elo	0.0225563909774	0.96992481203	0.00751879699247	0.0
-ogo	0.0	1.0	0.0	0.0
-ela	0.301993154822	0.528890678478	0.114757398832	0.054358767868
-iya	0.08984375	0.39453125	0.17578125	0.33984375
-chu	0.0804122308766	0.860256453862	0.0233325397096	0.0359987755519
-muí	0.0386477615101	0.849788712736	0.0303214069133	0.0812421188406
-itu	0.0105009531532	0.954836140679	0.0176710462628	0.0169918599048
-ito	0.0592761648209	0.755795004822	0.120327413615	0.0646014167415
-esi	0.113600071497	0.754492107262	0.0677338307346	0.0641739905065
-mín	0.0	1.0	0.0	0.0
-eso	0.0365654587006	0.952007835455	0.00750897812602	0.00391772771793
-lás	0.0	1.0	0.0	0.0
-esa	0.155047796689	0.801585451154	0.0	0.0433667521566
-ite	0.0961538461538	0.862368024133	0.0339366515837	0.0075414781297
-mía	0.264705882353	0.669117647059	0.0220588235294	0.0441176470588
-ese	0.0319030705802	0.0134609090219	0.00555073227445	0.949085288123
-ita	0.131119005492	0.132753637205	0.0438109510832	0.69231640622
-ámi	0.158253287844	0.756520935472	0.0156995215652	0.0695262551186
-apu	0.083693193502	0.77236273905	0.0616903146206	0.0822537528275
-spe	0.0266075388027	0.933481152993	0.039911308204	0.0
-uel	0.145913645293	0.847181923542	0.00690443116529	0.0
-fté	0.0	1.0	0.0	0.0
-spo	0.0	1.0	0.0	0.0
-áná	0.133670305926	0.355799300568	0.0338664221698	0.476663971337
-bra	0.254224121189	0.491357545154	0.11458535638	0.139832977277
-alí	0.195718778635	0.150893215361	0.0359478732719	0.617440132733
-fat	0.0	1.0	0.0	0.0
-alé	0.225338803923	0.348722514587	0.0269071347929	0.399031546697
-alá	0.219535120528	0.551530342491	0.126892122114	0.102042414867
-gad	0.0	1.0	0.0	0.0
-íná	0.238149518835	0.0718234097328	0.00912565000825	0.680901421424
-nja	0.176276165993	0.823723834007	0.0	0.0
-abo	0.0208	0.96	0.0	0.0192
-nco	0.0126310191238	0.00613823210051	0.003323952401	0.977906796375
-zwa	0.532786885246	0.360655737705	0.0614754098361	0.0450819672131
-iyú	0.0578102469104	0.0256398352592	0.00124733540476	0.915302582426
-chá	0.341576506955	0.463678516229	0.0370942812983	0.157650695518
-ael	0.0338068435629	0.901920843384	0.00964888769767	0.0546234253551
-ená	0.156326599783	0.321748771458	0.0277316056037	0.494193023155
-oro	0.0309553095531	0.886458150296	0.0615006150061	0.021085925145
-elí	0.0	0.977843426883	0.0	0.0221565731167
-ora	0.0191646191646	0.923341523342	0.00540540540541	0.0520884520885
-iyá	0.214940098661	0.418604651163	0.0140944326991	0.352360817477
-así	0.916083916084	0.0839160839159	0.0	0.0
-ruz	0.369505981089	0.489683890322	0.00728283406285	0.133527294526
-ísa	0.18215142327	0.615015612979	0.157577951758	0.0452550119927
-nuí	0.253784505788	0.341347580884	0.191748293262	0.213119620065
-lix	0.0588427590716	0.878391631252	0.015037593985	0.0477280156914
-íse	0.212704570073	0.31382521867	0.0178612386841	0.455608972572
-ísi	0.0728052650134	0.912386884475	0.0148078505112	0.0
-íso	0.0	0.849030470914	0.0734072022161	0.0775623268698
-rut	0.0	1.0	0.0	0.0
-lis	0.0339976553341	0.79366940211	0.010550996483	0.161781946073
-ico	0.0397303154346	0.933180833133	0.0270888514327	0.0
-lim	0.0	1.0	0.0	0.0
-omi	0.174683544304	0.567088607595	0.0354430379747	0.222784810127
-lio	0.106391585761	0.832928802589	0.0212378640777	0.0394417475728
-sué	0.0220588235294	0.977941176471	0.0	0.0
-émi	0.133766836972	0.414305620065	0.0552717138876	0.396655829076
-oma	0.0554570220857	0.908943147608	0.0	0.0355998303066
-adi	0.0	1.0	0.0	0.0
-lia	0.150267379679	0.761434413338	0.0604592639194	0.0278389430639
-ica	0.210486591514	0.336811233426	0.0740748427711	0.378627332289
-ipo	0.0442655935613	0.949698189135	0.0	0.00603621730383
-ùma	0.149154322958	0.660677136282	0.0335522069713	0.156616333789
-hàa	0.505779531999	0.0992387933466	0.0	0.394981674655
-cma	0.0131147540984	0.822950819672	0.0131147540983	0.150819672131
-éde	0.498263626755	0.228823795863	0.0396346066737	0.233277970708
-yca	0.136363636364	0.80303030303	0.0606060606061	0.0
-iza	0.0	0.916859122402	0.0831408775981	0.0
-rna	0.0	1.0	0.0	0.0
-rno	0.19884706652	0.644979467872	0.0288346807701	0.127338784838
-izo	0.0594574507618	0.823485693051	0.0947603121516	0.0222965440357
-rni	0.0	1.0	0.0	0.0
-zer	0.0	1.0	0.0	0.0
-uri	0.124584328603	0.817807128472	0.0368835183364	0.020725024589
-lwa	0.0626038781163	0.930747922438	0.0	0.00664819944598
-ura	0.0104302477184	0.981747066493	0.00782268578879	0.0
-sía	0.728571428571	0.1	0.171428571429	0.0
-nio	0.056625416007	0.72946891122	0.152137387315	0.0617682854589
-ára	0.324324324324	0.603603603604	0.0540540540541	0.018018018018
-pan	0.0197940022421	0.962805960389	0.00315302690583	0.0142470104634
-ape	0.0541871921182	0.783251231527	0.162561576355	0.0
-api	0.122775706783	0.694546436829	0.0200812107072	0.162596645681
-mca	0.0488953277798	0.875769648678	0.013763129301	0.0615718942412
-nce	0.0293551491819	0.447545717036	0.0409047160731	0.482194417709
-hùa	0.339622641509	0.641509433962	0.0188679245283	0.0
-pas	0.013986013986	0.986013986014	0.0	0.0
-aro	0.0254310344828	0.872413793103	0.0181034482759	0.0840517241379
-ewa	0.251806071503	0.271609416238	0.0494575582009	0.427126954058
-álu	0.0	0.879194630872	0.120805369128	0.0
-icó	0.0274725274725	0.961538461538	0.00610500610499	0.00488400488402
-sur	0.0	0.485689379631	0.156908324858	0.357402295511
-nca	0.234812284274	0.399345060443	0.0681476816166	0.297694973666
-omé	0.0	1.0	0.0	0.0
-lìi	0.0815105600139	0.839325549729	0.0234666975693	0.0556971926876
-rdo	0.0309810671256	0.817555938038	0.151462994836	0.0
-icá	0.415303093441	0.193205540803	0.0485370511573	0.342954314599
-zín	0.0	1.0	0.0	0.0
-fes	0.327586206897	0.6	0.051724137931	0.0206896551724
-àli	0.0974678434667	0.786703178015	0.0918820436173	0.0239469349014
-àle	0.234270171785	0.620076913098	0.0579323713258	0.0877205437916
-dio	0.0539130434782	0.672463768116	0.00579710144927	0.267826086956
-aña	0.0	1.0	0.0	0.0
-àla	0.0417391304348	0.506086956522	0.410434782609	0.0417391304348
-ìsa	0.0947603121516	0.855629877369	0.0217391304348	0.0278706800446
-izá	0.622629083246	0.252239199157	0.0302950474183	0.0948366701791
-dis	0.0	1.0	0.0	0.0
-feo	0.0	1.0	0.0	0.0
-sli	0.0	1.0	0.0	0.0
-xca	0.271186440678	0.610169491525	0.0734463276836	0.045197740113
-èwi	0.682432432432	0.277027027027	0.0405405405406	0.0
-sús	0.0346216940243	0.510509302347	0.0028901754549	0.451978828174
-wéi	0.386763136045	0.396702645001	0.162732771913	0.0538014470407
-loi	0.0	0.980769230769	0.0192307692308	0.0
-wée	0.104526386539	0.813892043479	0.0815815699817	0.0
-èwa	0.0676183320812	0.855747558227	0.0360631104433	0.0405709992486
-ìya	0.254633798902	0.152330522312	0.0558644569425	0.537171221843
-sca	0.0620755570089	0.230066306438	0.00505506995944	0.702803066594
-súa	0.673755437409	0.25471242146	0.0425326244563	0.0289995166747
-avo	0.0690713737529	0.930928626247	0.0	0.0
-éya	0.474237547378	0.475842710793	0.0207998924288	0.0291198494004
-tia	0.103448275862	0.896551724138	0.0	0.0
-tio	0.138461538462	0.746153846154	0.0923076923077	0.0230769230769
-lón	0.0	1.0	0.0	0.0
-ásí	0.139610317351	0.0175191525208	0.00679150139405	0.836079028734
-ngo	0.0192837465565	0.786042240588	0.0275482093664	0.167125803489
-ulé	0.200233759571	0.180268555188	0.016403238957	0.603094446284
-ema	0.0509683995922	0.802242609582	0.0448521916412	0.101936799185
-uwa	0.165988309773	0.393044180647	0.0630530842241	0.377914425356
-ulí	0.0338660905017	0.0307420566213	0.000830470304404	0.934561382573
-emo	0.0394588500563	0.919954904171	0.0202931228861	0.0202931228861
-emi	0.1658011621	0.40002861518	0.0470623910825	0.387107831638
-uwi	0.150482712169	0.791984732824	0.0238549618321	0.0336775931746
-fas	0.0726172465961	0.863842662632	0.018154311649	0.0453857791225
-ùni	0.543973941368	0.377850162866	0.0651465798045	0.0130293159609
-àca	0.238612406567	0.65463489427	0.0649076854277	0.0418450137354
-rug	0.0	1.0	0.0	0.0
-acá	0.188471676463	0.0979898899707	0.0267815239748	0.686756909591
-ùna	0.166253101737	0.833746898263	0.0	0.0
-das	0.100049057802	0.782904799007	0.00173145182236	0.115314691369
-cio	0.287108871037	0.666491985128	0.0064507250615	0.0399484187737
-cúa	0.367288199224	0.387435865348	0.19021399074	0.0550619446878
-cia	0.00882352941177	0.951540616246	0.034593837535	0.00504201680672
-bín	0.212008757932	0.637325119679	0.0311723011838	0.119493821205
-ser	0.0	1.0	0.0	0.0
-zar	0.0	1.0	0.0	0.0
-cis	0.0	1.0	0.0	0.0
-icu	0.0737487548569	0.792004614451	0.0112124725409	0.123034158151
-ìpi	0.187327823691	0.807162534435	0.0	0.00550964187328
-aén	0.0	0.951219512195	0.0	0.0487804878049
-ési	0.385382868267	0.391142115509	0.0876054510058	0.135869565217
-éná	0.405240647917	0.289183692162	0.0594456184258	0.246130041495
-màa	0.390277302294	0.369736391647	0.121876069839	0.118110236221
-ésa	0.0462962962963	0.953703703704	0.0	0.0
-rca	0.141283112223	0.818979804504	0.0122922105846	0.027444872689
-eta	0.204550738973	0.617764482778	0.0534435467766	0.124241231472
-rce	0.0	0.0291262135922	0.0	0.970873786408
-ete	0.0104822935691	0.159395701179	0.00151290835017	0.828609096902
-úca	0.501511324583	0.227692435096	0.191710488179	0.0790857521428
-tes	0.01875	0.98125	0.0	0.0
-ùlu	0.104015566956	0.462586237396	0.396249778879	0.0371484167699
-eto	0.0	1.0	0.0	0.0
-rco	0.00990099009901	0.990099009901	0.0	0.0
-uya	0.0727902946274	0.927209705373	0.0	0.0
-ebá	0.589936074131	0.270248079292	0.0700252184622	0.0697906281157
-ías	0.041536	0.901344	0.00416000000001	0.05296
-ede	0.205812231961	0.12441874205	0.0382987300947	0.631470295894
-níi	0.534574468085	0.0864361702128	0.0	0.378989361702
-mén	0.030907701452	0.0965441114035	0.00356627324445	0.8689819139
-ebú	0.173002236083	0.826997763917	0.0	0.0
-íté	0.329363357766	0.317914524259	0.0908280937821	0.261894024194
-ata	0.261268903195	0.147466527122	0.0640529284242	0.527211641259
-amá	0.0680989055533	0.931901094447	0.0	0.0
-ato	0.0701338681841	0.836167731704	0.03899435608	0.0547040440319
-ítá	0.414781297134	0.177978883861	0.211161387632	0.196078431372
-úli	0.0357106930892	0.882242732119	0.0015089025249	0.0805376722664
-acu	0.311377245509	0.362275449102	0.149700598802	0.176646706587
-uli	0.0624607454573	0.895981991003	0.0187275221959	0.0228297413436
-emá	0.238095238095	0.537414965986	0.0612244897959	0.163265306122
-ulo	0.0515573670763	0.778455408201	0.00365007908504	0.166337145638
-tam	0.0	1.0	0.0	0.0
-uwí	0.0	0.980392156863	0.0196078431373	0.0
-uwé	0.278459179762	0.226715216558	0.0191644308164	0.475661172863
-ule	0.766773162939	0.113418530351	0.0479233226837	0.0718849840256
-lén	0.0155553357892	0.904257423295	0.00440906206475	0.0757781788513
-nia	0.00860030101053	0.96800182124	0.0177065020805	0.00569137566874
-léi	0.624676546573	0.0610863044958	0.00305649843796	0.311180650494
-aca	0.457813322547	0.151429057063	0.0391606781966	0.351596942193
-aco	0.0594989561586	0.940501043841	0.0	0.0
-lée	0.06	0.0	0.0	0.94
-ave	0.159202542618	0.749525103432	0.0216515949762	0.0696207589738
-ice	0.0555408622058	0.904787093362	0.0158688177731	0.0238032266596
-áde	0.129793510325	0.644542772861	0.212389380531	0.0132743362832
-nós	0.0264900662252	0.973509933775	0.0	0.0
-nón	0.0745341614907	0.888198757764	0.0372670807453	0.0
-ría	0.0369106553908	0.731192862373	0.0250968946686	0.206799587568
-fil	0.0409556313993	0.696245733788	0.262798634812	0.0
-fia	0.0	1.0	0.0	0.0
-lni	0.273348519362	0.671981776765	0.0	0.0546697038724
-dca	0.45822956758	0.267828843106	0.0747113425401	0.199230246774
-éna	0.189573459716	0.781990521327	0.0284360189574	0.0
-lda	0.0688073394495	0.598623853211	0.332568807339	0.0
-eas	0.097158719791	0.888145003266	0.00979751796211	0.00489875898105
-vid	0.0152307501236	0.942678348562	0.00052613626643	0.0415647650479
-fre	0.00932642487046	0.99067357513	0.0	0.0
-etá	0.211973162646	0.427312862466	0.101352153239	0.259361821649
-ila	0.00492004920048	0.9950799508	0.0	0.0
-ilo	0.0	0.930294906166	0.0375335120644	0.0321715817695
-eté	0.176643980144	0.0588090895792	0.00906616986159	0.755480760415
-ojo	0.0791273200912	0.852491045262	0.0683816346467	0.0
-oam	0.0	1.0	0.0	0.0
-nía	0.152042705778	0.0528530602751	0.00866261089644	0.786441623051
-igo	0.0414937759336	0.94874298267	0.0	0.00976324139616
-ebe	0.359447004608	0.640552995392	0.0	0.0
-lmo	0.0	0.93762993763	0.0	0.0623700623701
-ami	0.204532440156	0.255074919095	0.0680473963778	0.472345244372
-nís	0.0363636363636	0.854545454545	0.109090909091	0.0
-amo	0.0	1.0	0.0	0.0
-atá	0.312200315599	0.304742958428	0.0713856138588	0.311671112114
-ama	0.143884244922	0.220020426739	0.089994186646	0.546101141693
-íta	0.235303748411	0.156760338023	0.0624546582287	0.545481255338
-oas	0.0139778683751	0.986022131625	0.0	0.0
-até	0.461986234639	0.217671481025	0.0572948721591	0.263047412177
-usi	0.342480125509	0.507491642847	0.014496802693	0.135531428951
-iro	0.0538851351351	0.885304054054	0.00608108108108	0.0547297297297
-iri	0.131799929475	0.466213902056	0.122341927788	0.279644240681
-hia	0.513274336283	0.362831858407	0.106194690265	0.0176991150442
-usa	0.0333333333333	0.966666666667	0.0	0.0
-món	0.013158907272	0.974951904579	0.00669488264717	0.00519430550211
-mós	0.0	1.0	0.0	0.0
-sàa	0.626720584804	0.324286491951	0.0272182906913	0.0217746325531
-agé	0.051724137931	0.918719211823	0.0	0.0295566502463
-wía	0.130898080407	0.0182153114139	0.00994892112267	0.840937687057
-osa	0.0180412371134	0.813027179007	0.101686972821	0.067244611059
-eis	0.0453335252213	0.0287831906166	0.0323810894438	0.893502194718
-cos	0.0989872590657	0.868343678536	0.0	0.0326690623979
-uza	0.0	1.0	0.0	0.0
-eni	0.335091999362	0.0950090061333	0.0204063020133	0.549492692492
-uda	0.0501462599248	0.949853740075	0.0	0.0
-ása	0.415402393125	0.348209215094	0.0965056773053	0.139882714476
-oná	0.0	0.0196506550218	0.980349344978	0.0
-útá	0.263794772507	0.096321393998	0.0188770571152	0.621006776379
-ási	0.139569260051	0.745011414852	0.0814349015532	0.0339844235434
-epi	0.185013262599	0.472811671088	0.0358090185676	0.306366047745
-ceo	0.0105882352941	0.968235294118	0.0211764705882	0.0
-aná	0.220350256602	0.280372718379	0.118604553291	0.380672471728
-dta	0.0869565217391	0.565217391304	0.0869565217391	0.260869565217
-ros	0.0737628384687	0.767507002801	0.0186741363212	0.140056022409
-bén	0.0	1.0	0.0	0.0
-aní	0.438977212186	0.308601128493	0.102027534266	0.150394125054
-cea	0.0	1.0	0.0	0.0
-ode	0.0375	0.9625	0.0	0.0
-làa	0.481260710826	0.328738544073	0.0838238581328	0.106176886968
-wia	0.525792584632	0.135679742074	0.338527673294	0.0
-pio	0.0	1.0	0.0	0.0
-éwa	0.247838097722	0.131884581972	0.0265805996795	0.593696720626
-rés	0.00558375634519	0.994416243655	0.0	0.0
-iud	0.0	1.0	0.0	0.0
-núa	0.107747753485	0.11934400045	0.00315411893645	0.769754127128
-tés	0.0	1.0	0.0	0.0
-uem	0.0	1.0	0.0	0.0
-ení	0.347826086957	0.445652173913	0.20652173913	0.0
-ueo	0.223383909218	0.749840622211	0.0	0.0267754685707
-téi	0.576158940397	0.397350993378	0.0	0.0264900662252
-irí	0.0137161976749	0.00778422904181	0.00100446293917	0.977495110344
-lca	0.144032778622	0.396654824522	0.0208183274123	0.438494069443
-iré	0.116161792269	0.543707133657	0.0447751913902	0.295355882684
-owa	0.147309604151	0.785929392983	0.0384601429556	0.0283008599107
-lco	0.0975609756098	0.90243902439	0.0	0.0
-ùba	0.120246915947	0.137711234867	0.501787648452	0.240254200734
-ago	0.0	0.996449704142	0.00101437024514	0.00253592561285
-ucu	0.114285714286	0.8	0.0857142857143	0.0
-ote	0.0125832372976	0.880715486141	0.095261969927	0.0114393066342
-rte	0.135255210007	0.786414651171	0.0573903987414	0.0209397400813
-lsa	0.0916030534351	0.908396946565	0.0	0.0
-rta	0.015113350126	0.981108312343	0.0037783375315	0.0
-anu	0.216265080043	0.719305742743	0.0220900036159	0.0423391735972
-ega	0.0153944836433	0.938422065427	0.04618345093	0.0
-ona	0.0134816312774	0.967644084934	0.0148297944051	0.00404448938323
-ego	0.138834858582	0.177513472147	0.606868403431	0.0767832658397
-ono	0.0226700251889	0.808564231738	0.130982367758	0.0377833753149
-rto	0.0	1.0	0.0	0.0
-úta	0.446115288221	0.124597207304	0.0519155030433	0.377372001432
-oni	0.388765199521	0.42113375578	0.106182565508	0.0839184791916
-dam	0.0	1.0	0.0	0.0
-nfa	0.0	1.0	0.0	0.0
-rge	0.0	0.993103448276	0.0	0.00689655172414
