-caa	0.209302325581	0.762790697674	0.0	0.0279069767442
-ũri	0.480280869218	0.232178489367	0.0505818298202	0.236958811595
-cae	0.555910543131	0.376996805112	0.0143769968051	0.052715654952
-jãa	0.361690377308	0.154634620482	0.026287885482	0.457387116727
-jãe	0.361853832442	0.450980392157	0.0534759358289	0.133689839572
-eus	0.0228571428571	0.977142857143	0.0	0.0
-car	0.0	1.0	0.0	0.0
-hei	0.416770144712	0.21796615381	0.0522909053639	0.312972796115
-rbe	0.0829493087558	0.806451612903	0.110599078341	0.0
-hee	0.771097046414	0.114451476793	0.0458860759493	0.0685654008439
-hea	0.320673999383	0.478165778782	0.0367488888182	0.164411333017
-ugʉ	0.4765283075	0.225907057433	0.0625696228523	0.234995012215
-ivo	0.0351951032899	0.928079571538	0.0122417750574	0.0244835501148
-hbi	0.537735849057	0.330188679245	0.0188679245283	0.11320754717
-yei	0.766559291304	0.0748138158132	0.0223474171176	0.136279475765
-oye	0.321095173934	0.296007240961	0.041524950005	0.3413726351
-oya	0.575296489113	0.251202518567	0.057583391861	0.115917600459
-hba	0.390594037606	0.360033466907	0.0473380598001	0.202034435686
-hbe	0.475063705861	0.455769930834	0.0582453585729	0.0109210047324
-erʉ	0.399468934827	0.377890085884	0.109397936959	0.11324304233
-oyu	0.56529209622	0.134879725086	0.284364261168	0.0154639175257
-hdʉ	0.368198713639	0.192573610565	0.0485493549164	0.39067832088
-ũre	0.305431069285	0.490249964562	0.0548460910924	0.14947287506
-iha	0.441231687041	0.440271245064	0.0292485049313	0.0892485629641
-idõ	0.009900990099	0.990099009901	0.0	0.0
-igʉ	0.330178645612	0.35664053625	0.0454872875339	0.267693530604
-zia	0.0	1.0	0.0	0.0
-uaa	0.428191489362	0.316489361702	0.159574468085	0.0957446808511
-ejã	0.0	1.0	0.0	0.0
-uae	0.259259259259	0.595679012346	0.0246913580247	0.12037037037
-teõ	0.862068965517	0.0344827586207	0.0344827586207	0.0689655172414
-nto	0.0176100426885	0.909203069653	0.0371529602357	0.0360339274227
-ẽne	0.225167747993	0.558084148452	0.0534783899792	0.163269713576
-nta	0.0603648482716	0.142540284466	0.0226253081341	0.774469559129
-nte	0.0210526315789	0.733333333334	0.0	0.245614035088
-nah	0.349258649094	0.260845689182	0.225151015925	0.164744645799
-asʉ	0.0134418662947	0.973077192218	0.00293063945378	0.0105503020336
-ẽbo	0.1043219076	0.619970193741	0.230998509687	0.0447093889717
-nai	0.0357142857143	0.892857142857	0.0	0.0714285714286
-ʉcʉ	0.042233839474	0.762180438932	0.160837939338	0.0347477822555
-dro	0.0279278915954	0.94801984191	0.00358928859493	0.0204629778996
-eña	0.566206932718	0.246840421627	0.0763018511721	0.110650794483
-cjõ	0.107674684994	0.77892325315	0.0996563573883	0.0137457044673
-pre	0.0	0.988235294118	0.0117647058823	0.0
-aré	0.0	1.0	0.0	0.0
-opo	0.0	0.902040816326	0.0979591836735	0.0
-cjã	0.179495772096	0.136222918451	0.0867442920188	0.597537017435
-mán	0.0396650506831	0.643014543852	0.317320405465	0.0
-ope	0.0772555283118	0.335089555218	0.0807350094982	0.506919906972
-ive	0.0232438016529	0.976756198347	0.0	0.0
-dea	0.0174534574468	0.963430851064	0.0114694148936	0.00764627659574
-ẽno	0.479461002968	0.29400347138	0.0553927698251	0.171142755828
-ñaʉ	0.859464170487	0.048102305391	0.0284926547612	0.0639408693612
-dʉa	0.630692313376	0.0823830751423	0.0310321897397	0.255892421742
-dei	0.156050955414	0.603503184713	0.164012738853	0.0764331210191
-edʉ	0.381291539282	0.219166920571	0.0706207923691	0.328920747777
-deo	0.0	0.993440667859	0.00178890876565	0.00477042337508
-ima	0.0692958646016	0.874820373623	0.0424716589494	0.0134121028261
-hra	0.274896210013	0.431599385767	0.0462797239511	0.24722468027
-bʉe	0.149470840898	0.28450604437	0.51819953062	0.0478235841119
-ime	0.0521739130435	0.478260869565	0.469565217391	0.0
-caz	0.0	1.0	0.0	0.0
-imi	0.461471931918	0.245838305669	0.0950318832194	0.197657879193
-pje	0.130871376919	0.521568552456	0.0253307485687	0.322229322056
-imo	0.00936348045497	0.968656981214	0.0058152141773	0.0161643241538
-ĩgã	0.1024126424	0.817038088297	0.0805492693031	0.0
-ido	0.111627906977	0.502325581395	0.139534883721	0.246511627907
-eco	0.108482949776	0.645290972519	0.00788940645916	0.238336671246
-rpo	0.0	1.0	0.0	0.0
-idi	0.257070691872	0.0917322338354	0.00535757618811	0.645839498104
-rpa	0.0915912602074	0.868682410064	0.026484219819	0.0132421099095
-nsõ	0.0	1.0	0.0	0.0
-eca	0.0643883110451	0.903235925376	0.0229651642727	0.00941059930659
-oba	0.0	1.0	0.0	0.0
-llo	0.175720121683	0.607252414598	0.18555520312	0.0314722605999
-ida	0.0172413793103	0.98275862069	0.0	0.0
-aho	0.00685427059137	0.993145729409	0.0	0.0
-bia	0.028024287716	0.934609995329	0.028024287716	0.00934142923867
-ẽpe	0.608815426997	0.36914600551	0.0220385674931	0.0
-dio	0.0423202586649	0.699249215478	0.122647425996	0.135783099861
-eno	0.247578842123	0.268199725688	0.0848866305231	0.399334801665
-eja	0.0282803684304	0.931786703925	0.0302442829047	0.00968864474002
-ñoa	0.36451031444	0.36210694973	0.27338273583	0.0
-uta	0.477598403773	0.326274260838	0.0646199891166	0.131507346272
-eje	0.493967579464	0.351501910741	0.0570825102146	0.0974479995805
-ñoe	0.416243654822	0.370558375634	0.159898477157	0.0532994923858
-ria	0.346667138627	0.457401431789	0.128512731354	0.0674186982303
-rio	0.130225874534	0.730701872558	0.125600610714	0.0134716421932
-uti	0.490977520094	0.208881655125	0.0320823982636	0.268058426518
-rra	0.0139185302032	0.963811821472	0.0222696483251	0.0
-adʉ	0.227821062771	0.448647254362	0.291225335374	0.0323063474932
-ũñe	0.165163472379	0.429537767756	0.255167230365	0.1501315295
-tea	0.416373681567	0.553490708187	0.0120542440985	0.0180813661477
-ũña	0.579951803203	0.199368515363	0.0315454232488	0.189134258186
-tee	0.233490488279	0.186739639313	0.0580264415944	0.521743430813
-ñou	0.600936934059	0.373106268839	0.0	0.0259567971024
-utu	0.148800485879	0.800853485064	0.0302076174341	0.0201384116227
-tei	0.380459252589	0.117514633048	0.159837910851	0.342188203512
-ijo	0.061099796334	0.0356415478616	0.667006109979	0.236252545825
-gro	0.0	1.0	0.0	0.0
-teo	0.0120395585495	0.981080693708	0.00515981080694	0.00171993693565
-lux	0.127962085308	0.739336492891	0.0758293838863	0.0568720379147
-are	0.185556071013	0.28886679573	0.0548688383905	0.470708294866
-ara	0.0630336562559	0.846670264398	0.0334973270251	0.0567987523207
-mes	0.0	0.84126984127	0.15873015873	0.0
-jii	0.508113804004	0.295258166491	0.0347734457323	0.161854583772
-aro	0.22029370701	0.169058366169	0.109482882305	0.501165044516
-ari	0.336122945774	0.188957705633	0.0523955322243	0.422523816369
-jia	0.162360927777	0.0710918348105	0.110729775599	0.655817461814
-mee	0.402366863905	0.455621301775	0.0887573964496	0.0532544378698
-mea	0.525581395349	0.348837209302	0.111627906977	0.0139534883721
-mec	0.0	1.0	0.0	0.0
-meo	0.0940630836116	0.874111224593	0.00950637547137	0.0223193163241
-mei	0.0449438202247	0.438202247191	0.0224719101124	0.494382022472
-aye	0.193350090562	0.594907781699	0.0556745353408	0.156067592399
-lãa	0.0757281553398	0.889320388349	0.0349514563107	0.0
-aya	0.575049676835	0.277711849136	0.0324052916346	0.114833182394
-ayo	0.199478487614	0.757496740548	0.0117340286832	0.0312907431551
-ohã	0.47655329432	0.101549159914	0.00534292504284	0.416554620723
-ucʉ	0.0661353230456	0.847380023741	0.0356113277938	0.0508733254197
-tʉa	0.210386961733	0.789613038267	0.0	0.0
-ʉye	0.179365771568	0.407607785041	0.261501461994	0.151524981397
-ʉya	0.417475728155	0.441747572816	0.0145631067961	0.126213592233
-ʉpo	0.0878378378379	0.878378378378	0.00675675675675	0.027027027027
-coã	0.361696427531	0.179695053057	0.179287369978	0.279321149433
-ʉpe	0.490439770555	0.323135755258	0.169216061185	0.0172084130019
-ẽgo	0.166666666667	0.666666666667	0.0666666666667	0.0999999999999
-dán	0.0312078597573	0.917934887305	0.0196493931805	0.0312078597573
-xad	0.0	1.0	0.0	0.0
-ena	0.440802243529	0.172162487333	0.0332318715398	0.353803397598
-mʉa	0.0667694212565	0.81587651757	0.0579560586985	0.0593980024749
-ota	0.328565766866	0.223163826202	0.0726900318012	0.375580375131
-tán	0.0	1.0	0.0	0.0
-ote	0.200006888966	0.770753349585	0.00830478431691	0.0209349771322
-oti	0.425402613188	0.169654613593	0.113947128532	0.290995644687
-caĩ	0.12093411176	0.75562969141	0.123436196831	0.0
-raʉ	0.686591276252	0.261712439418	0.0387722132472	0.0129240710824
-iji	0.288665822234	0.0857901539583	0.0394144121584	0.586129611649
-mʉo	0.415171426165	0.431934967568	0.0214809198888	0.131412686378
-oto	0.126416173353	0.282383940681	0.288847246326	0.30235263964
-ume	0.416225749559	0.243386243386	0.179894179894	0.16049382716
-otu	0.273346190487	0.200873666845	0.131398564026	0.394381578642
-hnʉ	0.604257617355	0.291777307709	0.0378054817949	0.066159593141
-eví	0.0742157736889	0.883910188863	0.0187241630866	0.0231498743617
-isõ	0.616379310345	0.297413793103	0.0387931034483	0.0474137931034
-umi	0.467736927657	0.369227865749	0.0585660450874	0.104469161507
ALL	0.229962987291	0.271604331971	0.0519026658167	0.446530014921
-ipʉ	0.159538294379	0.658016235819	0.0327435511573	0.149701918645
-nam	0.0	1.0	0.0	0.0
-ʉgʉ	0.141282263075	0.725059838932	0.0756262933218	0.0580316046714
-naa	0.140778977006	0.612857813233	0.23228531206	0.0140778977006
-nae	0.0	1.0	0.0	0.0
-sii	0.72285409888	0.109850557171	0.0241872786432	0.143108065306
-sio	0.0964630225081	0.710610932476	0.0868167202572	0.106109324759
-sia	0.0584614274195	0.90423556915	0.0240664538262	0.0132365496044
-sie	0.135796354992	0.281794770206	0.334786053883	0.247622820919
-nau	0.0143198090692	0.985680190931	0.0	0.0
-mou	0.534333312788	0.337524324419	0.0122040345517	0.115938328241
-mor	0.0	0.959183673469	0.0408163265306	0.0
-ʉhʉ	0.054359524814	0.0578430985197	0.00287912071577	0.88491825595
-gog	0.0165289256198	0.950413223141	0.0330578512397	0.0
-hcã	0.111060441925	0.0697207339031	0.0421627175955	0.777056106577
-cár	0.0	1.0	0.0	0.0
-moa	0.12397229015	0.737433047016	0.108078406797	0.0305162560368
-tʉã	0.575943540964	0.146670757901	0.00920527769254	0.268180423443
-ũmi	0.550314465409	0.393081761006	0.0566037735849	0.0
-mol	0.0	0.888888888889	0.111111111111	0.0
-coo	0.210325047801	0.639442775198	0.0	0.150232177001
-hgʉ	0.115068493151	0.693150684932	0.175342465753	0.0164383561644
-coe	0.884615384615	0.115384615385	0.0	0.0
-eou	0.537695590327	0.28093883357	0.0	0.181365576102
-coa	0.411937788987	0.150028022979	0.0665545747513	0.371479613283
-arĩ	0.502169197397	0.202096890817	0.216196673897	0.0795372378886
-ʉoe	0.128729055987	0.337147527585	0.014303228443	0.519820187985
-cob	0.0	0.996850944717	0.00104968509447	0.00209937018894
-yae	0.645374919889	0.314035462508	0.0192266609699	0.0213629566332
-sua	0.218943802955	0.478387069932	0.227338361911	0.075330765202
-bel	0.0	1.0	0.0	0.0
-saʉ	0.634536753913	0.139231589593	0.0301642208659	0.196067435628
-ẽgã	0.0972447325768	0.850891410049	0.0518638573743	0.0
-ʉou	0.245819983307	0.438760399558	0.0148084327293	0.300611184405
-cor	0.0	1.0	0.0	0.0
-iso	0.05	0.95	0.0	0.0
-õri	0.20044501817	0.63408071965	0.0923612585826	0.0731130035976
-ahʉ	0.0	1.0	0.0	0.0
-reo	0.048032936871	0.782851097896	0.163111848124	0.00600411710887
-isi	0.413100297778	0.19732750506	0.0530969826252	0.336475214537
-ise	0.0628604508913	0.857567284166	0.0103766165676	0.0691956483747
-rea	0.0876603543067	0.731521075137	0.078497251069	0.102321319487
-õre	0.21409813407	0.257360055287	0.030407740152	0.498134070491
-red	0.0	1.0	0.0	0.0
-eve	0.0142112742776	0.0961629559451	0.211984841307	0.67764092847
-eva	0.220568335589	0.735678845287	0.0045105999098	0.0392422192151
-res	0.0534793814433	0.233891752577	0.190077319588	0.522551546392
-isu	0.782608695652	0.173913043478	0.0108695652174	0.0326086956521
-põo	0.493062966916	0.204909284952	0.0522945570971	0.249733191035
-dia	0.175845387133	0.737552682334	0.0150466674671	0.0715552630659
-haa	0.681414928171	0.0578511061196	0.0142203836272	0.246513582082
-hab	0.0212483399734	0.978751660027	0.0	0.0
-hae	0.375559820857	0.422904670505	0.0908509277031	0.110684580934
-naí	0.0	1.0	0.0	0.0
-mar	0.0	1.0	0.0	0.0
-mau	0.367647058824	0.573529411765	0.0	0.0588235294118
-siõ	0.427603725656	0.514182895851	0.012701100762	0.0455122777308
-mai	0.0433843085107	0.886303191489	0.0403922872341	0.0299202127659
-ber	0.0	1.0	0.0	0.0
-jua	0.875829272589	0.087770797863	0.0152644865849	0.0211354429636
-jue	0.364485981308	0.515887850467	0.0	0.119626168224
-maa	0.54400536525	0.127682624845	0.0247626908791	0.303549319026
-ʉoa	0.0588235294118	0.380952380952	0.47619047619	0.0840336134454
-cjũ	0.0553064275037	0.675635276532	0.233183856502	0.0358744394619
-uno	0.237507865952	0.219386719014	0.0793238916843	0.46378152335
-uni	0.0	0.819277108434	0.0	0.180722891566
-ẽco	0.04	0.34	0.54	0.0799999999999
-una	0.417261706419	0.328423985809	0.112463408578	0.141850899195
-dii	0.0108913461862	0.980090341685	0.00790836602058	0.00110994610815
-ãmi	0.16777831259	0.716702193495	0.086639620436	0.0288798734786
-pta	0.147058823529	0.852941176471	0.0	0.0
-pto	0.0113600504891	0.762070053645	0.213947617545	0.0126222783212
-unu	0.280701754386	0.572620074777	0.0172562553926	0.129421915444
-cjʉ	0.344117476551	0.480820293538	0.0686118731472	0.106450356764
-drõ	0.0	1.0	0.0	0.0
-gad	0.0	1.0	0.0	0.0
-tra	0.099609375	0.818359375	0.064453125	0.017578125
-orẽ	0.855218855219	0.119528619529	0.020202020202	0.00505050505049
-tro	0.0313848092676	0.366972032378	0.0307789249188	0.570864233435
-tri	0.0	0.981132075472	0.0	0.0188679245283
-gai	0.0	1.0	0.0	0.0
-adi	0.0	1.0	0.0	0.0
-gau	0.0	1.0	0.0	0.0
-gar	0.0135135135135	0.932432432432	0.054054054054	0.0
-aat	0.0	1.0	0.0	0.0
-ʉte	0.720349927099	0.0668610706103	0.0124973963758	0.200291605915
-ʉta	0.352403274179	0.356353484072	0.0817553790667	0.209487862683
-seo	0.0184169570295	0.966835089099	0.000863294860756	0.0138846590105
-ini	0.386281088287	0.27611328235	0.0745557817593	0.263049847604
-sem	0.0	1.0	0.0	0.0
-lao	0.375	0.525	0.0	0.1
-sei	0.981613891726	0.0	0.0	0.0183861082737
-ino	0.356810693763	0.245227587695	0.0410868297395	0.356874888802
-dúu	0.804859173096	0.0516169883446	0.0	0.143523838559
-ina	0.138395005968	0.1920000274	0.0784658755238	0.591139091108
-see	0.760115606936	0.172447013487	0.0289017341041	0.0385356454721
-hsu	0.376811594203	0.539855072464	0.0	0.0833333333333
-sec	0.0	1.0	0.0	0.0
-ine	0.41280189237	0.165609658445	0.0295607777186	0.392027671467
-sea	0.0258617635597	0.931625748397	0.00425124880434	0.038261239239
-món	0.048231511254	0.951768488746	0.0	0.0
-ohe	0.405981927013	0.379707910772	0.0369760491146	0.1773341131
-uim	0.0	1.0	0.0	0.0
-oha	0.0962199906987	0.852545112385	0.0216719792134	0.029562917703
-ẽpʉ	0.015258837906	0.94329573596	0.00410939645943	0.0373360296741
-uia	0.0139607934384	0.986039206562	0.0	0.0
-eñe	0.270620623779	0.382705556933	0.144291372271	0.202382447016
-hse	0.13824925861	0.103686442654	0.00742244753511	0.750641851201
-ser	0.0	1.0	0.0	0.0
-hsa	0.348887098982	0.488599871548	0.127688808869	0.0348242206008
-̃hʉ	0.0267474125985	0.018999702588	0.0310013555356	0.923251529278
-blo	0.0618932622491	0.818470279205	0.00348000322063	0.116156455325
-ahĩ	0.330093118236	0.533902850215	0.0453346771827	0.0906693543654
-iaa	0.525823112184	0.131280063675	0.155761348759	0.187135475382
-són	0.0	1.0	0.0	0.0
-ñae	0.394695787831	0.312012480499	0.213728549142	0.0795631825273
-rla	0.0	1.0	0.0	0.0
-edi	0.438574781019	0.334699915133	0.052849480503	0.173875823345
-ñaa	0.145439827307	0.653318942256	0.0979492714517	0.103291958985
-dʉʉ	0.320150659134	0.471437539234	0.0112994350282	0.197112366604
-rso	0.0	1.0	0.0	0.0
-ʉñe	0.394799054374	0.463356973995	0.127659574468	0.0141843971631
-neo	0.0	0.85552407932	0.0	0.14447592068
-ʉña	0.429328621908	0.339222614841	0.047703180212	0.183745583039
-bed	0.260115606936	0.739884393064	0.0	0.0
-nei	0.223618191485	0.232817589213	0.147932034367	0.395632184935
-ooz	0.031746031746	0.968253968254	0.0	0.0
-nea	0.692831144168	0.150815002374	0.0142427599304	0.142111093528
-hoa	0.1108033241	0.171745152355	0.717451523546	0.0
-bah	0.686230248307	0.0812641083521	0.0541760722348	0.178329571106
-hoe	0.44031881804	0.319466044583	0.0590979782271	0.18111715915
-bae	0.0685871056241	0.643347050754	0.082304526749	0.205761316872
-hoo	0.265060240964	0.313253012048	0.144578313253	0.277108433735
-baa	0.365997638725	0.350649350649	0.17119244392	0.112160566706
-rei	0.580071174377	0.151245551601	0.017793594306	0.250889679715
-opʉ	0.163580294708	0.363087237111	0.0507599800398	0.422572488142
-hou	0.691649237503	0.135698159203	0.0565812983919	0.116071304902
-joe	0.134635276662	0.730809539047	0.0881016087617	0.046453575529
-joa	0.528790635852	0.143455560461	0.0126647468213	0.315089056865
-ʉ̃a	0.458636629297	0.489028213166	0.0159396418894	0.0363955156474
-ase	0.0	1.0	0.0	0.0
-que	0.415027045098	0.372481071431	0.0293334767286	0.183158406742
-asa	0.0633492162827	0.192500307288	0.00913791684267	0.735012559587
-elẽ	0.0167597765363	0.966480446927	0.0167597765363	0.0
-aso	0.320073159579	0.529949702789	0.0731595793324	0.076817558299
-asi	0.253149045867	0.203637541741	0.0781845638519	0.465028848541
-dre	0.0	0.996195307546	0.0	0.00380469245403
-asu	0.0	0.995125913891	0.0	0.00487408610885
-eli	0.06704922984	0.901540320145	0.00362428269404	0.0277861673211
-yea	0.141828005403	0.850067537145	0.0081044574516	0.0
-lta	0.0	1.0	0.0	0.0
-yee	0.349132468453	0.271087449838	0.0959006441298	0.283879437579
-ʉtã	0.0795481183414	0.835837163643	0.0461289732437	0.0384857447723
-ʉca	0.424238562216	0.339249233514	0.0226938896423	0.213818314627
-ohõ	0.548837783138	0.0462039470788	0.00489857248101	0.400059697302
-hrẽ	0.394766631836	0.245167189133	0.112330198537	0.247735980495
-ũsi	0.448601052467	0.351326004272	0.167248476007	0.0328244672537
-ĩgʉ	0.19315403423	0.293887530562	0.218581907091	0.294376528117
-eru	0.130666788399	0.758469534846	0.0391482085344	0.0717154682203
-uri	0.389275065945	0.165282301159	0.0507886857749	0.394653947121
-ehã	0.354426175054	0.440292310247	0.0225876100315	0.182693904667
-hdo	0.38724668285	0.398600497574	0.0981007597596	0.116052059817
-eri	0.284990460088	0.30564371727	0.127891118769	0.281474703873
-ram	0.0	1.0	0.0	0.0
-uía	0.102846648301	0.897153351699	0.0	0.0
-isa	0.510202217194	0.44679426606	0.00637089136976	0.0366326253761
-ero	0.149379056237	0.0853419077053	0.01488872067	0.750390315388
-ĩmi	0.718181818182	0.0363636363636	0.0272727272727	0.218181818182
-era	0.309841723102	0.322288804093	0.214442338569	0.153427134236
-seõ	0.91407678245	0.0749542961609	0.0109689213894	0.0
-rae	0.0469351092401	0.896094940843	0.0113595122305	0.045610437686
-ere	0.193442964005	0.401316931769	0.0435796834555	0.36166042077
-raa	0.428421604615	0.351337178815	0.0314630309386	0.188778185632
-jãʉ	0.585987261147	0.324840764331	0.0127388535032	0.0764331210191
-alẽ	0.0178748758689	0.967458559316	0.0032083110534	0.0114582537621
-ĩdi	0.505606761066	0.238139543899	0.0709446689734	0.185309026062
-iya	0.482229614689	0.31605938076	0.0613609295253	0.140350075026
-caʉ	0.80324424273	0.108505631199	0.0226928895613	0.0655572365103
-ãgʉ	0.486433678227	0.126115724499	0.0981393489942	0.289311248279
-wʉa	0.356961597023	0.566909152428	0.01015056674	0.0659786838098
-pou	0.309375	0.203125	0.421875	0.065625
-ucũ	0.0270024570024	0.690933660934	0.212837837838	0.069226044226
-ẽhe	0.321070234114	0.23745819398	0.394648829431	0.0468227424749
-ugo	0.6646884273	0.281899109792	0.0178041543027	0.0356083086053
-poa	0.155224757614	0.743120164528	0.0558221525805	0.0458329252767
-aza	0.178717733069	0.588715085907	0.135794260061	0.0967729209631
-poe	0.338028169014	0.492957746479	0.0422535211268	0.12676056338
-ʉgã	0.138226461756	0.825560854973	0.0229641406112	0.0132485426603
-uju	0.726843966985	0.113105375781	0.0432333289663	0.116817328268
-ĩsi	0.496416938111	0.198697068404	0.101628664495	0.20325732899
-lac	0.0888888888889	0.911111111111	0.0	0.0
-haʉ	0.699987979686	0.0666676683595	0.0201340265048	0.21321032545
-ápʉ	0.0	0.975409836066	0.0	0.0245901639344
-hia	0.0130044712002	0.722460475175	0.255603612028	0.00893144159677
-nou	0.80701754386	0.105263157895	0.0526315789474	0.0350877192982
-ĩsa	0.500174677805	0.335286334026	0.0858464286101	0.0786925595593
-aal	0.0863309352517	0.762589928058	0.129496402878	0.021582733813
-ãdʉ	0.672075726842	0.317782285328	0.0	0.0101419878296
-rdã	0.0	1.0	0.0	0.0
-noa	0.26939803854	0.273772686768	0.0864363415196	0.370392933173
-juʉ	0.574257425743	0.341254125412	0.0422442244225	0.0422442244224
-aac	0.0	0.997444089457	0.00255591054312	0.0
-ahi	0.0773901654959	0.863078937969	0.0223836170973	0.0371472794381
-boa	0.439707384897	0.3907064685	0.10285768457	0.0667284620327
-gel	0.0566470837189	0.882380368274	0.0206948001176	0.0402777478893
-dʉe	0.403466826061	0.195008965929	0.0881649731022	0.313359234907
-aha	0.177733224273	0.0412351103373	0.00966204537519	0.771369620015
-cũe	0.171992481203	0.640037593985	0.144736842105	0.0432330827067
-bou	0.777100492378	0.115072166575	0.0297454733924	0.0780818676552
-tĩa	0.0851747995977	0.754122344479	0.0914383248499	0.0692645310738
-pia	0.311277273357	0.595671869127	0.0864043676933	0.00664648982256
-doa	0.114219662239	0.868931468203	0.00235100505466	0.0144978645037
-don	0.0	1.0	0.0	0.0
-ãre	0.136840159366	0.362702160864	0.0316898414798	0.46876783829
-cũu	0.65820777161	0.186712485682	0.0704907921402	0.0845889505683
-upʉ	0.142492539658	0.802340191613	0.0205159415737	0.0346513271557
-ión	0.047619047619	0.952380952381	0.0	0.0
-dʉo	0.377117000646	0.126050420168	0.121784098255	0.375048480931
-íre	0.141592920354	0.811946902655	0.0464601769912	0.0
-ũno	0.339604986534	0.19999228378	0.115470458641	0.344932271045
-ũna	0.378608525039	0.204610543636	0.0360181051763	0.380762826149
-ãri	0.31079015742	0.406383412298	0.085154618167	0.197671812115
-hĩe	0.97147848086	0.00575249224467	0.0	0.0227690268951
-mpa	0.0	1.0	0.0	0.0
-ges	0.485294117647	0.275735294118	0.0	0.238970588235
-saa	0.414604691713	0.2987003342	0.108132194579	0.178562779509
-tou	0.844547563805	0.0951276102088	0.0	0.0603248259861
-tor	0.0760233918129	0.900584795322	0.0233918128655	0.0
-tos	0.0209374256483	0.0875565072567	0.0528194147038	0.838686652391
-sae	0.283108310831	0.330453045305	0.172217221722	0.214221422142
-olo	0.0317772349034	0.932723872051	0.00801587907475	0.0274830139705
-ola	0.151260504202	0.848739495798	0.0	0.0
-yaʉ	0.251748251748	0.692307692308	0.055944055944	0.0
-sam	0.0	1.0	0.0	0.0
-irʉ	0.352697095436	0.278008298755	0.282157676349	0.0871369294606
-ʉha	0.596307023896	0.376538740043	0.0	0.0271542360608
-iel	0.00817067635041	0.983658647299	0.00817067635041	0.0
-loi	0.0	0.977777777778	0.0222222222222	0.0
-avo	0.0338983050847	0.864406779661	0.101694915254	0.0
-ʉho	0.410962256943	0.132087642385	0.10423495398	0.352715146691
-loa	0.0309395637938	0.91175980909	0.0310783062323	0.0262223208835
-oce	0.0113832528583	0.0383402967151	0.00112581621676	0.94915063421
-iez	0.014283255894	0.0386623071187	0.0137669936328	0.933287443355
-oca	0.340349843949	0.535602048625	0.0142543274598	0.109793779967
-roa	0.125564425182	0.826141565133	0.0120735024213	0.036220507264
-apo	0.251456172752	0.539707344793	0.0696121608183	0.139224321637
-sur	0.0142517814727	0.588281868567	0.166270783848	0.231195566112
-rom	0.0	1.0	0.0	0.0
-oco	0.417385876972	0.466406193525	0.048821082809	0.0673868466941
-ahu	0.238661969208	0.194484842838	0.00544885913498	0.561404328819
-nʉo	0.69696969697	0.208556149733	0.0320855614973	0.0623885918003
-ĩni	0.0331141635744	0.919720938307	0.0152659332075	0.0318989649111
-õsi	0.532994923858	0.197969543147	0.208121827411	0.0609137055838
-ipo	0.0241935483871	0.966129032258	0.0	0.00967741935483
-hĩi	0.434426229508	0.122950819672	0.344262295082	0.0983606557377
-ére	0.0663012268338	0.907073871052	0.0161837640303	0.0104411380841
-ipa	0.0430176456695	0.951246668241	0.00573568608928	0.0
-húm	0.0	1.0	0.0	0.0
-ĩne	0.37966015939	0.296060531234	0.176594621813	0.147684687563
-ipe	0.131619470874	0.571925723622	0.0413835366117	0.255071268893
-noé	0.0	1.0	0.0	0.0
-eaʉ	0.694444444444	0.25	0.0	0.0555555555556
-úna	0.539756239118	0.251305861869	0.0348229831689	0.174114915844
-raĩ	0.0	1.0	0.0	0.0
-rdo	0.0117096018735	0.63700234192	0.351288056206	0.0
-̃pʉ	0.271738594437	0.395199574017	0.0726297089505	0.260432122596
-awi	0.0	0.373449966356	0.626550033644	0.0
-rʉa	0.166422152943	0.62176783422	0.0302585732624	0.181551439575
-ahã	0.0999357976482	0.81699691301	0.0462608726243	0.0368064167172
-toa	0.148604509912	0.520503880645	0.0472544237717	0.283637185671
-̃no	0.109825167162	0.160960208826	0.0217111858524	0.70750343816
-ila	0.00902911890848	0.969150510396	0.00526698602994	0.0165533846655
-ese	0.34147923848	0.36536823947	0.0340757187933	0.259076803257
-oñe	0.341876627204	0.358928002195	0.21011494772	0.0890804228809
-oña	0.392918500168	0.366885965351	0.0401959874028	0.199999547078
-ʉpʉ	0.0596566155194	0.724349454134	0.0146711235292	0.201322806817
-ópʉ	0.0899653979239	0.799307958477	0.0	0.110726643599
-uji	0.751647661889	0.0885727237856	0.0357429298741	0.124036684451
-sto	0.0490494525466	0.858002864456	0.00498092152305	0.0879667614747
-ẽgʉ	0.299748110831	0.4080604534	0.141057934509	0.151133501259
-̃ri	0.106125970664	0.859246476848	0.022548173713	0.0120793787748
-ste	0.0204081632653	0.908163265306	0.0612244897959	0.0102040816327
-̃re	0.112391005025	0.526285919221	0.0170127059741	0.344310369781
-sta	0.0	1.0	0.0	0.0
-saí	0.0	0.996930161167	0.0	0.00306983883345
-ʉri	0.158771143498	0.710598999452	0.0792898595985	0.0513399974514
-cum	0.0	0.868995633188	0.0436681222707	0.0873362445415
-ñai	0.646170442287	0.243797195253	0.0517799352751	0.0582524271845
-oli	0.0063829787234	0.81914893617	0.00638297872342	0.168085106383
-cue	0.320354877096	0.351356432102	0.234143323332	0.0941453674705
-rie	0.219589257504	0.654730559944	0.0695102685624	0.0561699139898
-ayʉ	0.0524649479874	0.918588873813	0.00542740841249	0.0235187697874
-ucu	0.468189654945	0.250582681928	0.124772619972	0.156455043155
-ẽdi	0.577008768882	0.31179608773	0.031273634078	0.0799215093106
-apu	0.0290211738484	0.948690564636	0.00905460624071	0.0132336552749
-ocã	0.0	0.99535962877	0.0046403712297	0.0
-hyo	0.134741943793	0.181358892016	0.349046393641	0.334852770551
-eya	0.498176854187	0.224218055855	0.113602238578	0.164002851379
-hya	0.704864269489	0.21560458506	0.0113170369437	0.0682141085074
-cuu	0.509137055838	0.202538071066	0.0416243654822	0.246700507614
-eye	0.197560245883	0.265960750925	0.235615156614	0.300863846578
-tʉʉ	0.742506911863	0.128654909517	0.00989653150133	0.118941647118
-urĩ	0.259946949602	0.0795755968169	0.440318302387	0.220159151194
-rac	0.0	1.0	0.0	0.0
-oaʉ	0.664544507466	0.186364162519	0.0632017594629	0.0858895705521
-lea	0.00203307129303	0.973841149363	0.0204662510165	0.00365952832746
-sõu	0.608515671201	0.269071555293	0.0798344175044	0.0425783560024
-ʉjʉ	0.223498892334	0.569557688838	0.0993328410375	0.107610577791
-leg	0.0	1.0	0.0	0.0
-hri	0.0907973685261	0.233717188309	0.0128226706851	0.66266277248
-õho	0.171149144254	0.646291768541	0.182559087205	0.0
-sʉo	0.206540447504	0.74182444062	0.0516351118761	0.0
-hro	0.432448251257	0.306220829705	0.0914230012244	0.169907917814
-esã	0.383333333333	0.466666666667	0.0833333333333	0.0666666666667
-sʉa	0.182558139535	0.377906976744	0.432558139535	0.00697674418604
-hre	0.395328610806	0.372665945724	0.0488219748228	0.183183468648
-iou	0.375	0.0328947368421	0.0	0.592105263158
-eel	0.0	1.0	0.0	0.0
-úri	0.0736196319018	0.889570552147	0.0368098159509	0.0
-úro	0.642857142857	0.314285714286	0.0	0.0428571428571
-tju	0.253350083752	0.721524288107	0.0125628140704	0.0125628140704
-ári	0.130850528435	0.856208210511	0.0	0.012941261054
-rro	0.16784574837	0.773338881953	0.0504924400055	0.00832292967126
-gio	0.078	0.91	0.012	0.0
-udá	0.0	1.0	0.0	0.0
-dos	0.140424590889	0.15092879257	0.0431225121628	0.665524104379
-ndo	0.0	1.0	0.0	0.0
-hño	0.491799024188	0.290875116786	0.075625454168	0.141700404858
-tja	0.39506999579	0.226113091805	0.0665415050784	0.312275407327
-gia	0.0	0.872521246459	0.110481586402	0.0169971671388
-ala	0.0	1.0	0.0	0.0
-hmo	0.123293971991	0.72523745695	0.042382302872	0.109086268187
-fat	0.0	1.0	0.0	0.0
-emi	0.345859519131	0.304813187143	0.223875448096	0.12545184563
-uaʉ	0.290043290043	0.248917748918	0.405844155844	0.0551948051948
-you	0.613855763771	0.214366837024	0.0695627484384	0.102214650767
-arʉ	0.462962962963	0.333333333333	0.0462962962963	0.157407407408
-bui	0.0537419169238	0.0533599946715	0.06190116504	0.830996923365
-abá	0.00727713765921	0.978775015161	0.00303214069133	0.0109157064888
-ãpʉ	0.24534376995	0.544202958892	0.0521830849086	0.158270186249
-yoa	0.465336602764	0.205639768168	0.128956754347	0.200066874721
-abé	0.0209628147056	0.964921521121	0.00716317286421	0.00695249130939
-pee	0.279273227907	0.426400548344	0.0529909383927	0.241335285356
-ãna	0.293586994374	0.399823809539	0.0667189955556	0.239870200531
-pea	0.0123926401487	0.913251518959	0.0165235201983	0.057832320694
-htʉ	0.0974976492217	0.153242670484	0.00364896916621	0.745610711128
-cho	0.0514608233732	0.0756972111553	0.25962815405	0.613213811421
-apũ	0.0336134453781	0.550420168067	0.415966386555	0.0
-ãno	0.252490048355	0.298614268904	0.11795546587	0.330940216871
-oré	0.0	0.959731543624	0.0402684563758	0.0
-elo	0.0377358490566	0.962264150943	0.0	0.0
-ogo	0.255948926291	0.441091120139	0.282066163668	0.0208937899013
-iye	0.165069419952	0.270074878433	0.0611122180875	0.503743483527
-ela	0.0	1.0	0.0	0.0
-quẽ	0.478206911688	0.119757087111	0.0421934459353	0.359842555265
-acʉ	0.0202978194495	0.939387874544	0.00199955609697	0.0383147499093
-ʉbʉ	0.00487606663959	0.921982933767	0.0731409995938	0.0
-loe	0.0923076923077	0.846153846154	0.0	0.0615384615385
-itu	0.0977767798733	0.847854703773	0.0106671623817	0.0437013539718
-ter	0.0	0.931428571429	0.0685714285714	0.0
-esu	0.0194459323165	0.591240906043	0.00373492624548	0.385578235395
-jẽe	0.678184281843	0.243902439024	0.0677506775067	0.010162601626
-ito	0.14991867619	0.817551799731	0.0155575984725	0.0169719256064
-esi	0.334480123528	0.286269161494	0.0851049592883	0.29414575569
-tes	0.0	0.915584415584	0.0844155844156	0.0
-eso	0.0443622920517	0.933456561922	0.00369685767097	0.0184842883549
-iti	0.388972888185	0.213015866886	0.069147319074	0.328863925855
-ágã	0.38566131026	0.443757725587	0.0964153275649	0.0741656365884
-esa	0.441919053262	0.0984530194562	0.0367999225333	0.422828004749
-ite	0.28122923588	0.232392026578	0.0209302325581	0.465448504983
-cãe	0.739726027397	0.205479452055	0.0547945205479	0.0
-ita	0.294518335022	0.146626723382	0.0544019310893	0.504453010507
-ʉro	0.156908042982	0.675916826943	0.0473989067072	0.119776223368
-spe	0.0487144790257	0.835588633288	0.0811907983762	0.0345060893099
-ʉdʉ	0.19906323185	0.484777517564	0.175644028103	0.140515222482
-fté	0.0	1.0	0.0	0.0
-ʉre	0.141689630158	0.15336650855	0.023830392136	0.681113469156
-spo	0.0677966101695	0.898305084746	0.0338983050847	0.0
-bra	0.00970873786408	0.990291262136	0.0	0.0
-alí	0.0	1.0	0.0	0.0
-bre	0.101265822785	0.801687763713	0.0759493670886	0.0210970464135
-deõ	0.0	1.0	0.0	0.0
-õpʉ	0.180739606361	0.181161979803	0.0300156846278	0.608082729208
-pjĩ	0.222114608555	0.719235942965	0.0204465967178	0.0382028517621
-úye	0.578331351318	0.263316016774	0.013769794079	0.144582837829
-hue	0.522038327002	0.155680114632	0.0265507504651	0.295730807902
-abe	0.237040419296	0.4821280133	0.036333266989	0.244498300415
-aba	0.0	1.0	0.0	0.0
-ʉmʉ	0.545038485542	0.240690659455	0.110255876846	0.104014978157
-huu	0.616495982232	0.10607369249	0.0452827860635	0.232147539214
-úya	0.742081447964	0.257918552036	0.0	0.0
-ron	0.06132879046	0.928449744463	0.0	0.0102214650767
-cãʉ	0.731381285805	0.110757479313	0.0636537237428	0.0942075111393
-tua	0.296550761974	0.2609583405	0.118878355907	0.323612541618
-nco	0.079096837529	0.0521001332305	0.102657597644	0.766145431597
-tue	0.596715328467	0.150851581509	0.0638686131387	0.188564476886
-nce	0.0586062941554	0.346901091843	0.0405427103404	0.553949903661
-ada	0.0944881889764	0.826771653543	0.0787401574803	0.0
-hmʉ	0.347026510628	0.301488734973	0.130960910756	0.220523843643
-ufo	0.0	0.942307692308	0.0576923076923	0.0
-ori	0.386313845846	0.338053256321	0.0880733483788	0.187559549454
-oro	0.144533393723	0.413578309517	0.0802615385493	0.361626758211
-elí	0.035799522673	0.935560859189	0.0	0.0286396181384
-ẽña	0.577665715613	0.281600424657	0.0179152013801	0.12281865835
-elã	0.0	1.0	0.0	0.0
-ogã	0.195478753844	0.225152412272	0.200105486842	0.379263347042
-ora	0.417603401525	0.417768894886	0.0131121663081	0.151515537281
-ẽñe	0.378917247427	0.386901739973	0.200950754604	0.0332302579961
-ore	0.157652470072	0.342243681212	0.0377343134849	0.462369535231
-ʉnʉ	0.465423748579	0.364770706393	0.0311944258185	0.138611119209
-ehi	0.291745055752	0.520488230166	0.0484559262148	0.139310787868
-hãʉ	0.700767263427	0.0843989769821	0.0997442455243	0.115089514066
-ũgʉ	0.578407783241	0.314886494403	0.0303379014541	0.0763678209017
-jei	0.344262295082	0.655737704918	0.0	0.0
-íso	0.0639269406392	0.575342465754	0.103500761035	0.257229832572
-rut	0.0	1.0	0.0	0.0
-jʉa	0.269116613017	0.336543084926	0.188689101031	0.205651201027
-uña	0.389579910819	0.453180004694	0.1149964797	0.0422436047876
-lim	0.0	0.956834532374	0.0431654676259	0.0
-omi	0.396806508146	0.455779369235	0.101978262908	0.0454358597113
-lio	0.0689880304679	0.910990206746	0.00609357997824	0.0139281828074
-uñe	0.175887432043	0.606651742885	0.0831467860569	0.134314039015
-enʉ	0.0	0.97972972973	0.0	0.0202702702703
-sué	0.109433962264	0.890566037736	0.0	0.0
-lie	0.158959537572	0.806358381503	0.0	0.0346820809248
-oma	0.478155104572	0.367505960342	0.110300246167	0.0440386889186
-rua	0.166406212591	0.54027606681	0.0376316236228	0.255686096976
-lia	0.00584663818304	0.979986507758	0.00269844839217	0.0114684056667
-ome	0.0937010991497	0.802134198073	0.0566542863068	0.0475104164704
-abo	0.00900630441308	0.926748724107	0.0105073551486	0.0537376163314
-taʉ	0.755952942685	0.105196995084	0.0259253258027	0.112924736429
-diã	0.075	0.85	0.075	0.0
-ĩno	0.162080637688	0.647226117703	0.0858319209859	0.104861323623
-asõ	0.00966183574879	0.980676328502	0.00966183574881	0.0
-abi	0.270858524788	0.0181378476421	0.71100362757	0.0
-oda	0.0	1.0	0.0	0.0
-õpe	0.464172479391	0.294863665187	0.202916930881	0.0380469245403
-avi	0.0137205124976	0.96361081468	0.00536889619472	0.0172997766274
-tjũ	0.344537815126	0.0	0.495798319328	0.159663865546
-ode	0.0261333193255	0.897502232495	0.0424830593055	0.0338813888744
-rna	0.328125	0.65625	0.0	0.015625
-ĩna	0.25794888052	0.403176379692	0.180683102205	0.158191637583
-rno	0.0	0.848101265823	0.151898734177	0.0
-tía	0.0	1.0	0.0	0.0
-eoe	0.460753207339	0.378534970341	0.0641467788661	0.0965650434542
-zer	0.0	1.0	0.0	0.0
-ihã	0.138793103448	0.800862068966	0.0482758620689	0.0120689655172
-hno	0.368090302597	0.209524660472	0.350607576841	0.0717774600905
-apʉ	0.173867639388	0.353032748714	0.0166129900561	0.456486621842
-hni	0.567148966472	0.27513391058	0.12121657653	0.0365005464172
-jio	0.754605133159	0.109666937449	0.0131732056996	0.122554723692
-hne	0.178278943107	0.744747450659	0.0236727075923	0.0533008986418
-rge	0.119047619048	0.880952380952	0.0	0.0
-ele	0.0097382836275	0.970410599747	0.00224729622173	0.0176038204036
-hna	0.0424489559301	0.0714203448414	0.0115712420743	0.874559457154
-ure	0.141008444983	0.420456885784	0.0281282130765	0.410406456157
-egʉ	0.18870565972	0.179921220677	0.0383385760891	0.593034543513
-hrĩ	0.115044247788	0.477876106195	0.336283185841	0.0707964601769
-lre	0.0112285336856	0.968956406869	0.0	0.0198150594452
-rim	0.0	1.0	0.0	0.0
-ihõ	0.273927392739	0.376237623762	0.250825082508	0.0990099009902
-anʉ	0.371456849343	0.321686769688	0.147424991882	0.159431389087
-uru	0.0560586459681	0.631220353601	0.284950409659	0.0277705907719
-unʉ	0.403649782616	0.517710221511	0.0598544943871	0.0187855014851
-cõo	0.486206896552	0.0965517241379	0.268965517241	0.148275862069
-áre	0.427119720546	0.525246109876	0.0	0.0476341695776
-apa	0.357418676579	0.43211996482	0.0361675462912	0.17429381231
-ẽna	0.0561062241603	0.158393880491	0.0262458140978	0.759254081251
-ape	0.133359767577	0.27035048423	0.260205848754	0.336083899439
-paa	0.216705058414	0.646634093937	0.0650765941183	0.0715842535301
-api	0.808928571429	0.0125	0.128571428571	0.05
-ẽni	0.0	0.632420091324	0.367579908676	0.0
-dua	0.510149180729	0.30398630472	0.0782587429689	0.107605771582
-agʉ	0.312904931002	0.365059529659	0.0823543268396	0.239681212499
-ãja	0.251525946768	0.273195525402	0.178348573892	0.296929953938
-ago	0.0989923232456	0.834415531044	0.00361645817238	0.062975687538
-cõu	0.594202898551	0.36231884058	0.0	0.0434782608696
-bʉa	0.0183060776178	0.904808396388	0.0768855259946	0.0
-rpʉ	0.105788423154	0.644710578842	0.195608782435	0.0538922155688
-jie	0.426324208734	0.241412223261	0.0204862831696	0.311777284836
-ʉsʉ	0.154580152672	0.0343511450382	0.776717557252	0.0343511450382
-liõ	0.0	0.986928104575	0.0	0.0130718954248
-icó	0.0986547085201	0.90134529148	0.0	0.0
-ecʉ	0.102431098817	0.844719568644	0.0161957631972	0.036653569341
-omé	0.0	1.0	0.0	0.0
-sue	0.411568409344	0.463848720801	0.0	0.124582869855
-õgʉ	0.432113341204	0.407910271547	0.0841204250295	0.0758559622196
-ũta	0.736842105263	0.178137651822	0.0	0.085020242915
-año	0.423076923077	0.5	0.0	0.0769230769231
-ãto	0.222076215506	0.718791064389	0.0302233902759	0.0289093298292
-zín	0.0	0.954545454545	0.0	0.0454545454545
-ãti	0.756232686981	0.177285318559	0.0332409972299	0.0332409972299
-añe	0.25481533581	0.271704940889	0.21660233662	0.256877386681
-idʉ	0.20721091145	0.721797845207	0.0534522302815	0.0175390130611
-aña	0.370326454942	0.27434077398	0.0809746610959	0.274358109983
-ãta	0.329200371304	0.366397029572	0.0647129027981	0.239689696327
-dis	0.00710670830192	0.992893291698	0.0	0.0
-feo	0.0	1.0	0.0	0.0
-uha	0.736020486915	0.197502280222	0.0228022170771	0.0436750157861
-sli	0.0	1.0	0.0	0.0
-tuu	0.570025910269	0.170189554071	0.0432974226101	0.216487113051
-uẽe	0.742424242424	0.257575757576	0.0	0.0
-raõ	0.222776392352	0.655860349127	0.0448877805486	0.0764754779717
-ihi	0.600155256688	0.286845301649	0.0188560961514	0.0941433455123
-iho	0.440933789495	0.233849869189	0.0358220970014	0.289394244315
-epʉ	0.109511191199	0.671214479453	0.0641537417151	0.155120587633
-urú	0.041846503084	0.946579249989	0.00679520303469	0.00477904389253
-afo	0.034188034188	0.940170940171	0.025641025641	0.0
-rta	0.00984936268828	0.908458864426	0.0	0.0816917728853
-efe	0.615789473684	0.321052631579	0.0473684210526	0.0157894736842
-ʉrĩ	0.205382436261	0.674220963173	0.120396600567	0.0
-ʉaʉ	0.260400616333	0.560862865948	0.0462249614792	0.13251155624
-ãsi	0.542717497556	0.168132942327	0.0490713587488	0.240078201368
-tie	0.457254381997	0.271265791206	0.176306954836	0.0951728719616
-eta	0.364735116601	0.2876205459	0.0742389667129	0.273405370786
-aia	0.218313293891	0.750895943338	0.0118752253112	0.01891553746
-tia	0.181487466116	0.138570280699	0.0929114460544	0.587030807131
-tio	0.375	0.3625	0.225	0.0375
-lón	0.0103448275862	0.968965517241	0.0206896551724	0.0
-tii	0.499622037686	0.199773774381	0.0580185946423	0.24258559329
-ngo	0.0084388185654	0.84388185654	0.0443037974683	0.103375527426
-hye	0.563780694198	0.108151257933	0.0296109182371	0.298457129632
-hme	0.170362950587	0.325724144023	0.124979186674	0.378933718717
-ema	0.146892655367	0.846327683616	0.00677966101694	0.0
-hma	0.132556510165	0.370729707378	0.394782769858	0.101931012599
-jiã	0.328042328042	0.021164021164	0.650793650794	0.0
-rĩa	0.462679538498	0.200612196845	0.105957146221	0.230751118437
-cãa	0.540372670808	0.0988612836439	0.00621118012423	0.354554865424
-emo	0.230141843972	0.423758865248	0.106028368794	0.240070921986
-hsi	0.0984848484849	0.901515151515	0.0	0.0
-htã	0.847328244275	0.06106870229	0.06106870229	0.030534351145
-hmi	0.297395983473	0.435476121841	0.193139233208	0.0739886614779
-rĩi	0.69056261343	0.185117967332	0.02722323049	0.0970961887478
-ĩñe	0.153259021349	0.725326628784	0.0679620398494	0.0534523100176
-dúe	0.0	0.635135135135	0.283783783784	0.0810810810811
-jae	0.38112078346	0.500544069641	0.0816104461371	0.0367247007617
-ĩña	0.522997477649	0.39985039353	0.0428763470003	0.0342757818203
-doc	0.0	1.0	0.0	0.0
-jaa	0.342260732572	0.0448995667586	0.00984639621899	0.602993304451
-ejẽ	0.516822736876	0.198215111192	0.0261289254447	0.258833226487
-osé	0.0428174504437	0.933482624202	0.00186613585469	0.0218337894999
