-het	0.0	1.0	0.0	0.0
-eus	0.0	0.75	0.25	0.0
-hes	0.0	1.0	0.0	0.0
-hel	0.130782811996	0.801766210164	0.0628169411949	0.00463403664552
-hem	0.0207134917872	0.0241853246491	0.00177335387658	0.953327829687
-hen	0.0	1.0	0.0	0.0
-eun	0.0	1.0	0.0	0.0
-700	0.132641291811	0.227220299884	0.069204152249	0.570934256056
-815	0.0	0.428571428572	0.142857142857	0.428571428571
-aam	0.0	1.0	0.0	0.0
-hed	0.458653824876	0.236301876453	0.0534937813945	0.251550517276
-eud	0.0	1.0	0.0	0.0
-fiu	0.166666666667	0.5	0.166666666667	0.166666666666
-eua	0.0	1.0	0.0	0.0
-hea	0.0734126984127	0.894146825397	0.0276785714286	0.00476190476191
-heb	0.0	1.0	0.0	0.0
-lem	0.707991306398	0.225501701827	0.0200085194449	0.0464984723302
-fok	0.111111111111	0.888888888889	0.0	0.0
-lti	0.2	0.586666666667	0.213333333333	0.0
-eil	0.0817307692308	0.822115384615	0.0480769230769	0.0480769230769
-bta	0.0	1.0	0.0	0.0
-ufa	0.0	1.0	0.0	0.0
-lea	0.0126582278481	0.962025316456	0.0126582278481	0.0126582278481
-ple	0.8	0.2	0.0	0.0
-nsa	0.409303360783	0.504451368796	0.0578677943468	0.0283774760739
-nti	0.0506024096385	0.18734939759	0.101204819277	0.660843373494
-bab	0.0506329113924	0.93670886076	0.0126582278481	0.0
-pus	0.866013071895	0.12091503268	0.0130718954248	0.0
-nta	0.0896551724138	0.820689655172	0.0758620689655	0.0137931034483
-250	0.0	0.212121212121	0.0454545454545	0.742424242424
-uam	0.122448979592	0.836734693878	0.0	0.0408163265306
-kia	0.0655737704919	0.934426229508	0.0	0.0
-254	0.0	0.0	0.0	1.0
-vam	0.354810238305	0.269196822595	0.0688437775816	0.307149161518
-uap	0.657357679914	0.161654135338	0.151629072682	0.0293591120659
-svi	0.0	1.0	0.0	0.0
-pua	0.0377991500783	0.135651979423	0.819838962201	0.00670990829792
-pul	0.0798898071626	0.881542699724	0.0165289256198	0.0220385674931
-sva	0.0	1.0	0.0	0.0
-puk	0.0	0.75	0.25	0.0
-eum	0.0	1.0	0.0	0.0
-928	0.0	0.6	0.0	0.4
-iva	0.0258758602918	0.961830421852	0.00724738825602	0.00504632960048
-pri	0.0	0.1	0.9	0.0
-gan	0.0	1.0	0.0	0.0
-812	0.0	0.0	0.0	1.0
-nab	0.0	1.0	0.0	0.0
-opi	0.0821018062396	0.868637110017	0.0492610837438	0.0
-sma	0.0	1.0	0.0	0.0
-880	0.666666666667	0.333333333333	0.0	0.0
-345	0.0	0.0843373493975	0.0160642570281	0.899598393574
-opa	0.0631543397501	0.918946301925	0.00979398851739	0.00810536980749
-dea	0.167759137873	0.249972225308	0.0149983335185	0.5672703033
-fon	0.0	0.894736842105	0.0	0.105263157895
-naa	0.0	1.0	0.0	0.0
-ded	0.385064177363	0.39089848308	0.180280046674	0.0437572928821
-das	0.0516220218064	0.923879391574	0.000807645712748	0.0236909409072
-msi	0.0	1.0	0.0	0.0
-dek	0.0732807215333	0.870349492672	0.0473506200677	0.00901916572717
-gki	0.0538720538721	0.939748360801	0.00637958532695	0.0
-dem	0.878117181542	0.0878157988794	0.0127135696777	0.0213534499014
-oks	0.0653063236237	0.890334664104	0.0377051604317	0.00665385184089
-400	0.0389441800086	0.0938987451321	0.0181739506707	0.848983124189
-ima	0.0	1.0	0.0	0.0
-818	0.0	0.0	0.0	1.0
-oko	0.0	1.0	0.0	0.0
-des	0.0317880794702	0.956291390728	0.0119205298013	0.0
-det	0.0	1.0	0.0	0.0
-kim	0.888681209106	0.0741468662219	0.0106958379416	0.0264760867303
-fut	0.190082644628	0.793388429752	0.0165289256198	0.0
-950	0.0	0.0	0.0	1.0
-kil	0.485742139898	0.359249329759	0.121374603948	0.0336339263953
-mre	0.0181818181818	0.981818181818	0.0	0.0
-ido	0.0541035162844	0.850304720954	0.0648531475986	0.0307386151632
-bit	0.0	1.0	0.0	0.0
-obi	0.0	1.0	0.0	0.0
-bis	0.0505809979494	0.896103896104	0.0225563909774	0.0307587149692
-idi	0.263157894737	0.315789473684	0.315789473684	0.105263157895
-oba	0.0	0.975	0.025	0.0
-ida	0.0492486543062	0.869262111244	0.0632974481659	0.0181917862839
-bib	0.0263157894737	0.947368421053	0.0263157894737	0.0
-bia	0.0861808285455	0.777744179014	0.120955548836	0.0151194436045
-bin	0.893208596256	0.0248426812861	0.0057234292349	0.0762252932234
-tla	0.0	1.0	0.0	0.0
-318	0.0	0.333333333333	0.333333333333	0.333333333333
-bik	0.243004982752	0.218327092609	0.412477518648	0.126190405991
-oab	0.00949424867629	0.981924411174	0.00748584991784	0.00109549023188
-tep	0.58936718905	0.305098194803	0.100773656021	0.00476096012697
-eja	0.00869445211152	0.983853160364	0.00165608611648	0.00579630140767
-rid	0.732984293194	0.230366492147	0.0366492146597	0.0
-uta	0.0	1.0	0.0	0.0
-rib	0.0510948905109	0.924574209246	0.0243309002433	0.0
-sim	0.57562261975	0.193038626031	0.0345580692843	0.196780684934
-ria	0.042602704807	0.89597643048	0.0332248381676	0.0281960265452
-rin	0.0433797345419	0.858853998058	0.072839106507	0.0249271608935
-185	0.0	0.357142857143	0.0	0.642857142857
-ril	0.0	0.813953488372	0.186046511628	0.0
-rim	0.49630764679	0.434624977949	0.0190491409296	0.0500182343313
-rij	0.428571428571	0.52380952381	0.0	0.047619047619
-rik	0.113166132921	0.614983267965	0.256377964089	0.0154726350257
-eru	0.0	1.0	0.0	0.0
-hob	0.0	1.0	0.0	0.0
-rit	0.0709531609217	0.888025481661	0.0362948676202	0.00472648979721
-riu	0.0	1.0	0.0	0.0
-ris	0.0733011608192	0.265008240748	0.641948373786	0.0197422246463
-rip	0.428571428571	0.571428571429	0.0	0.0
-gre	0.0930296377607	0.432628979144	0.467755214051	0.00658616904501
-rsa	0.0	1.0	0.0	0.0
-gri	0.576963132681	0.332430743595	0.0556134138721	0.0349927098521
-tel	0.0707488622259	0.914356640463	0.0099296648738	0.00496483243691
-tem	0.324642533837	0.111146657785	0.026883018911	0.537327789466
-ten	0.0927917668397	0.849281918259	0.0469072925893	0.0110190223122
-133	0.0	0.285714285714	0.0	0.714285714286
-met	0.247706422018	0.752293577982	0.0	0.0
-ara	0.0885769269133	0.326501493563	0.245762114432	0.339159465092
-mes	0.0103530088432	0.976274354734	0.0120785103171	0.0012941261054
-jif	0.0	1.0	0.0	0.0
-bma	0.0	1.0	0.0	0.0
-lus	0.709204744944	0.177803484632	0.0378499599176	0.0751418105066
-lut	0.0	1.0	0.0	0.0
-ari	0.397819838059	0.367227984529	0.177679547653	0.05727262976
-jia	0.0365853658537	0.908536585366	0.0426829268292	0.0121951219512
-gua	0.0	1.0	0.0	0.0
-med	0.0	1.0	0.0	0.0
-luj	0.0	1.0	0.0	0.0
-luk	0.697294339198	0.217495855398	0.0281672005022	0.0570426049027
-mea	0.0	1.0	0.0	0.0
-lum	0.623467841895	0.296653353533	0.0413166230547	0.0385621815177
-lun	0.0	1.0	0.0	0.0
-eed	0.0	1.0	0.0	0.0
-mem	0.601419878296	0.186612576065	0.151115618661	0.0608519269776
-mel	0.0571449560588	0.797289851819	0.143827676567	0.00173751555584
-lub	0.0	1.0	0.0	0.0
-jiu	0.0222547581086	0.817797663347	0.14809732145	0.0118502570939
-lud	0.0	1.0	0.0	0.0
-jis	0.227277282293	0.651601696897	0.0930620970705	0.0280589237399
-jip	0.00537547359218	0.953628444675	0.0392474336971	0.00174864803601
-dal	0.0	1.0	0.0	0.0
-alu	0.0833333333333	0.916666666667	0.0	0.0
-sad	0.174081237911	0.730965359592	0.0949534024969	0.0
-oha	0.0	1.0	0.0	0.0
-623	0.0	0.2	0.0	0.8
-621	0.0	0.0	0.0	1.0
-vis	0.0835025148515	0.349533805423	0.534291913008	0.0326717667174
-vum	0.58081705151	0.238010657194	0.0852575488455	0.0959147424511
-745	0.0	0.4	0.2	0.4
-628	0.0	0.0	0.0	1.0
-sbi	0.1	0.8	0.0999999999999	0.0
-sro	0.0	1.0	0.0	0.0
-760	0.111111111111	0.333333333333	0.111111111111	0.444444444444
-sri	0.3	0.7	0.0	0.0
-wul	0.0493421052632	0.950657894737	0.0	0.0
-730	0.0	0.0	0.0	1.0
-807	0.0	0.75	0.0	0.25
-ira	0.0	1.0	0.0	0.0
-vit	0.0	1.0	0.0	0.0
-ken	0.0	0.888888888889	0.111111111111	0.0
-uba	0.0	1.0	0.0	0.0
-joa	0.0	1.0	0.0	0.0
-ota	0.0197363326683	0.974031141226	0.00623252610578	0.0
-kel	0.0417910447761	0.913432835821	0.0447761194031	0.0
-ote	0.251618871415	0.712611779217	0.0209682392846	0.0148011100832
-oan	0.0416666666666	0.958333333333	0.0	0.0
-oti	0.0655372269282	0.688215187992	0.043394263635	0.202853321445
-vna	0.0829081632654	0.891581632653	0.00382653061225	0.0216836734694
-372	0.0	0.0	0.0	1.0
-600	0.0715695952616	0.131293188549	0.00740375123397	0.789733464955
-962	0.0	0.25	0.0	0.75
-ots	0.0	0.814814814815	0.185185185185	0.0
-uma	0.0	1.0	0.0	0.0
-otu	0.19689119171	0.782383419689	0.0	0.020725388601
-969	0.0	0.2	0.0	0.8
-mat	0.146700294241	0.795292139554	0.0428751576293	0.015132408575
-umi	0.0532523627656	0.0448389086943	0.01030381193	0.89160491661
-ako	0.26	0.710793650794	0.00285714285714	0.0263492063492
-nak	0.0	1.0	0.0	0.0
ALL	0.223734806922	0.278175497378	0.0481264917686	0.449963203931
-nan	0.0219804134929	0.908813928183	0.0620239390642	0.00718171926007
-nao	0.404222168836	0.0280767495173	0.000845093008153	0.566855988639
-aki	0.0	1.0	0.0	0.0
-nam	0.273737551917	0.696114434164	0.0176397953784	0.012508218541
-sis	0.130128500572	0.831024070298	0.0283080731343	0.0105393559957
-ake	0.279792746114	0.41450777202	0.20207253886	0.103626943005
-sip	0.0843185513461	0.893784621217	0.0113863502669	0.0105104771695
-naf	0.227930740846	0.344308827704	0.178824865172	0.248935566279
-kin	0.061385798359	0.876899064966	0.0582785629394	0.00343657373599
-aka	0.315265668818	0.557948893138	0.0595818673669	0.0672035706778
-nae	0.0116822429907	0.964953271028	0.0146028037383	0.00876168224298
-sik	0.180206794682	0.337555391433	0.435856720827	0.0463810930576
-sij	0.368966237019	0.599477001397	0.0158291151351	0.0157276464483
-ego	0.177142857143	0.728571428571	0.0257142857143	0.0685714285714
-sio	0.0	1.0	0.0	0.0
-sin	0.220930117478	0.714988726739	0.0471193759758	0.0169617798073
-kiu	0.368985173163	0.549863179106	0.0682144285277	0.0129372192035
-sil	0.0519951632406	0.928657799274	0.00483675937121	0.0145102781137
-kub	0.0	1.0	0.0	0.0
-nas	0.0363793850152	0.937635339974	0.0129926375054	0.0129926375054
-sia	0.0163395334498	0.963313123009	0.0169561196177	0.00339122392354
-aks	0.0471462579109	0.939035011322	0.013818730767	0.0
-sif	0.08054385576	0.860858641838	0.0278947757334	0.0307027266681
-nat	0.0	0.891891891892	0.108108108108	0.0
-sid	0.124459137643	0.82179184621	0.0274229674217	0.0263260487248
-280	0.0	0.142857142857	0.0	0.857142857143
-mot	0.0	0.985849056604	0.0141509433962	0.0
-mos	0.0654545454546	0.898181818182	0.0290909090909	0.00727272727272
-gol	0.0227972438059	0.804574109368	0.170429555784	0.00219909104237
-gon	0.0528634361233	0.947136563877	0.0	0.0
-goa	0.0	1.0	0.0	0.0
-288	0.2	0.0	0.4	0.4
-360	0.0	0.230769230769	0.0	0.769230769231
-gob	0.0	1.0	0.0	0.0
-god	0.0293029406976	0.890395796497	0.0131022137627	0.067199049043
-gog	0.00956937799042	0.956937799043	0.0191387559809	0.0143540669856
-wud	0.149087221095	0.826572008114	0.0121703853955	0.0121703853955
-out	0.142857142857	0.285714285714	0.571428571429	0.0
-127	0.0	0.0588235294118	0.0	0.941176470588
-moa	0.0994859402162	0.0666151741173	0.0788729847628	0.755025900904
-mon	0.0106451612903	0.981059907834	0.00718894009216	0.00110599078341
-mol	0.060241458818	0.829659071652	0.0789029080844	0.0311965614457
-mok	0.0489591364688	0.930223592907	0.00693909020818	0.0138781804164
-got	0.0335278778095	0.942133366447	0.01688811623	0.00745063951321
-ofa	0.0196078431373	0.980392156863	0.0	0.0
-lka	0.0	1.0	0.0	0.0
-650	0.0	0.0	0.0	1.0
-bes	0.06	0.841818181818	0.0654545454547	0.0327272727273
-652	0.0	0.0769230769231	0.0	0.923076923077
-eot	0.021978021978	0.956043956044	0.021978021978	0.0
-mfa	0.037037037037	0.962962962963	0.0	0.0
-bet	0.0934813870039	0.246695519589	0.323379320839	0.336443772568
-moj	0.0	1.0	0.0	0.0
-eon	0.0449290593799	0.919600630583	0.0306095638465	0.00486074619023
-bei	0.272439281943	0.44878563886	0.21858500528	0.0601900739177
-ben	0.121644774415	0.749857224443	0.114791547687	0.0137064534552
-beo	0.046875	0.953125	0.0	0.0
-bel	0.0906837555166	0.902061544042	0.00362735022067	0.00362735022066
-bem	0.602176541717	0.332527206771	0.0652962515115	0.0
-yam	1.0	0.0	0.0	0.0
-bea	0.0183585313175	0.910367170626	0.0712742980561	0.0
-212	0.2	0.6	0.0	0.2
-beg	0.571428571429	0.428571428571	0.0	0.0
-bed	0.0628403492091	0.915895928775	0.0145215662546	0.00674215576109
-222	0.0	0.25	0.0	0.75
-iso	0.0518244315177	0.898995240613	0.0174510840825	0.0317292437864
-rek	0.597583643123	0.270136307311	0.0786864931846	0.0535935563816
-rei	0.0	1.0	0.0	0.0
-ren	0.0820912361169	0.674139655825	0.144617397818	0.0991517102396
-328	0.0	0.0	0.0	1.0
-isi	0.295988360008	0.321970484307	0.229058407815	0.152982747869
-rem	0.67496828895	0.164892434318	0.036493236551	0.123646040181
-rat	0.0117647058823	0.976470588235	0.0117647058823	0.0
-bdi	0.0	1.0	0.0	0.0
-067	0.0	0.0	0.0	1.0
-rea	0.524385612445	0.442695332771	0.0194238368166	0.0134952179673
-ref	0.0	1.0	0.0	0.0
-red	0.0431720942069	0.766616444539	0.163091808542	0.0271196527119
-ual	0.0625000000001	0.6875	0.25	0.0
-eve	0.0541386071385	0.925559415185	0.0203019776769	0.0
-eva	0.0656295639045	0.126925268736	0.239790627796	0.567654539564
-upa	0.0	1.0	0.0	0.0
-res	0.283924118557	0.661469019286	0.044032700988	0.0105741611692
-rep	0.0794244246347	0.889811119512	0.0187299389437	0.0120345169097
-ist	0.0647788629207	0.737607587037	0.175307335169	0.022306214873
-rev	0.0847085398757	0.867791930727	0.0352638514149	0.012235677982
-evi	0.189109467179	0.542269875457	0.22562037644	0.0430002809252
-ret	0.104768608856	0.389828098954	0.323493601576	0.181909690615
-dia	0.0598458603973	0.807632103081	0.0569928260485	0.0755292104727
-hab	0.0343959731543	0.96182885906	0.0	0.00377516778523
-nub	0.0	1.0	0.0	0.0
-had	0.442891782085	0.189899150602	0.230807531738	0.136401535574
-hae	0.356464975918	0.450264284959	0.157172495963	0.0360982431606
-haf	0.0575449703818	0.646263120072	0.18466944673	0.111522462815
-map	0.684762164125	0.129972854326	0.0318875863444	0.153377395204
-mas	0.359900782157	0.0779364219457	0.0596499403197	0.502512855577
-hal	0.0	1.0	0.0	0.0
-ave	0.524886203712	0.0570360368639	0.0443144895764	0.373763269848
-han	0.138347444824	0.826519307339	0.00688228935158	0.0282509584847
-hao	0.149276133912	0.150010450804	0.0581932334	0.642520181883
-kri	0.0294117647059	0.926470588235	0.014705882353	0.0294117647059
-mak	0.175228043959	0.785545281903	0.0247501634445	0.0144765106939
-has	0.0230769230769	0.969230769231	0.00461538461538	0.00307692307692
-mam	0.0	1.0	0.0	0.0
-mal	0.0	1.0	0.0	0.0
-man	0.0360924833435	0.652834448553	0.0541655574315	0.256907510672
-maa	0.21052631579	0.526315789473	0.263157894737	0.0
-490	0.25	0.5	0.0	0.25
-220	0.0624999999999	0.6875	0.0	0.25
-mae	0.0200668896321	0.973244147157	0.00668896321069	0.0
-mad	0.207729468599	0.753623188406	0.0386473429951	0.0
-ohi	0.0	1.0	0.0	0.0
-sib	0.0	1.0	0.0	0.0
-kgo	0.428571428571	0.571428571429	0.0	0.0
-uni	0.0	1.0	0.0	0.0
-lae	0.360235194879	0.592874686779	0.0255538740169	0.0213362443248
-une	0.0	1.0	0.0	0.0
-eik	0.0189873417722	0.932941531043	0.0271247739602	0.0209463532248
-nap	0.674603157508	0.117879036639	0.0164966970496	0.191021108804
-efe	0.0	1.0	0.0	0.0
-hil	0.0541141961261	0.908410458706	0.0201284579982	0.0173468871694
-psi	0.0525547445255	0.757664233577	0.186861313869	0.00291970802918
-667	0.0	0.142857142857	0.0	0.857142857143
-666	0.04	0.0533333333333	0.0266666666667	0.88
-laa	0.0	1.0	0.0	0.0
-gag	0.0851063829786	0.829787234043	0.0425531914893	0.0425531914893
-gae	0.0262773722628	0.973722627737	0.0	0.0
-ade	0.268656716418	0.676616915423	0.00995024875622	0.044776119403
-tra	0.0726744186046	0.898255813954	0.0290697674418	0.0
-lab	0.0173661360347	0.982633863965	0.0	0.0
-ada	0.0205607476636	0.942056074766	0.0336448598131	0.00373831775702
-ado	0.0670765790945	0.75852431526	0.0771380659587	0.0972610396869
-gam	0.636627906977	0.278343023256	0.0370639534884	0.0479651162791
-gal	0.00899550224888	0.982008995502	0.00899550224886	0.0
-tri	0.0307288012212	0.741384101947	0.151426679401	0.0764604174312
-nlo	0.0258662756571	0.94009915111	0.0149752122225	0.0190593610105
-adi	0.0314459641805	0.954660719921	0.00607358072052	0.00781973517767
-tru	0.175060271177	0.332032553281	0.246609338101	0.246297837441
-147	0.0	0.0	0.0	1.0
-144	0.00684931506849	0.212328767123	0.0	0.780821917808
-sna	0.0	1.0	0.0	0.0
-gas	0.0268817204301	0.951612903226	0.0215053763441	0.0
-140	0.0	0.666666666667	0.0	0.333333333333
-aat	0.0546018158644	0.900080250507	0.031628141178	0.0136897924502
-hio	0.0	1.0	0.0	0.0
-lan	0.146502618394	0.811278400775	0.0211094904156	0.0211094904156
-148	0.0	0.0	0.0	1.0
-ini	0.0472910797064	0.874401450543	0.0702121386635	0.00809533108732
-sem	0.271336200714	0.0574128946486	0.0421389709316	0.629111933706
-sel	0.479416424499	0.453228389152	0.00915013852294	0.0582050478264
-sek	0.695523522545	0.208784645872	0.0658305508049	0.0298612807775
-lpa	0.0625	0.9375	0.0	0.0
-sei	0.933264949768	0.0175726798143	0.00108916677043	0.0480732036472
-sef	0.0873343658578	0.841550507658	0.0356651178799	0.0354500086044
-uis	0.0206679441555	0.961880646044	0.00923898165892	0.00821242814125
-apa	0.0	0.64	0.32	0.04
-lba	0.0	1.0	0.0	0.0
-uit	0.211923005046	0.300317697627	0.435432629415	0.0523266679125
-sea	0.0470914127424	0.930055401662	0.0228531855956	0.0
-ing	0.148795469335	0.531272935251	0.0487115808646	0.271220014549
-ohe	0.2	0.8	0.0	0.0
-uik	0.172727272727	0.0363636363636	0.6	0.190909090909
-800	0.0947752126368	0.258045478216	0.0460336747092	0.601145634438
-uim	0.772272516976	0.123544483702	0.0207121340112	0.0834708653105
-aas	0.210459183673	0.695153061225	0.0752551020408	0.0191326530612
-saf	0.0194174757282	0.970873786408	0.0	0.00970873786409
-uin	0.0782347041123	0.788699431628	0.0320962888666	0.100969575393
-uia	0.0336134453781	0.966386554622	0.0	0.0
-sev	0.604651162791	0.383720930233	0.0116279069767	0.0
-bha	0.0	1.0	0.0	0.0
-ins	0.133612326851	0.650182736994	0.0247033343861	0.191501601769
-ses	0.0296150049359	0.949654491609	0.0118460019743	0.00888450148075
-inu	0.0	1.0	0.0	0.0
-omi	0.0331491712708	0.883977900552	0.0110497237569	0.0718232044199
-aos	0.0396067161034	0.929041703464	0.0147366875766	0.0166148928559
-ous	0.06	0.94	0.0	0.0
-eda	0.0326752893125	0.963240299523	0.00408441116405	0.0
-kus	0.00778210116732	0.906614785992	0.0856031128403	0.0
-aot	0.572833718864	0.187633773186	0.066895436502	0.172637071448
-iam	0.0703781512605	0.861869747899	0.0456932773109	0.0220588235294
-net	0.0291139240506	0.891772151899	0.0791139240506	0.0
-edi	0.391543497906	0.291822600037	0.277377948622	0.0392559534347
-bla	0.0	1.0	0.0	0.0
-nes	0.303010890455	0.651505445227	0.0211402946829	0.0243433696349
-ooo	0.0631578947368	0.326315789474	0.115789473684	0.494736842105
-182	0.0	0.0	0.0	1.0
-iat	0.0	1.0	0.0	0.0
-aoa	0.0975365150113	0.756510086029	0.0735706260149	0.0723827729447
-mti	0.249701116803	0.360778748676	0.383396673892	0.00612346063004
-sae	0.0148367952522	0.967359050445	0.0	0.0178041543027
-nek	0.0791221212264	0.863066924128	0.0299062779635	0.0279046766825
-ias	0.0987669967953	0.858865492205	0.02634390107	0.0160236099292
-aod	0.328421389836	0.474292382674	0.180262224561	0.0170240029289
-blu	0.0949742777997	0.297981796597	0.607043925603	0.0
-iks	0.137990102779	0.400076132471	0.304910544347	0.157023220403
-kum	0.0557620817843	0.810408921933	0.0223048327137	0.111524163569
-kul	0.121580547112	0.568389057751	0.29179331307	0.0182370820669
-kuk	0.258064516129	0.677419354839	0.0645161290324	0.0
-aon	0.39230230653	0.443130194186	0.0263477538987	0.138219745385
-aom	0.304347826087	0.347826086957	0.347826086957	0.0
-aol	0.245491350754	0.747883695252	0.0	0.00662495399337
-ban	0.0238460660333	0.935564885399	0.0225776582656	0.0180113903017
-eka	0.00963236474555	0.954246267459	0.026007384813	0.0101139829828
-hoa	0.0147058823529	0.985294117647	0.0	0.0
-bak	0.0	1.0	0.0	0.0
-eke	0.541858932103	0.320808613492	0.118655240606	0.0186772137992
-bad	0.0291262135923	0.956310679612	0.0145631067961	0.0
-bae	0.0981570383603	0.0212523370824	0.00240821175156	0.878182412806
-eko	0.0709736480182	0.900272540096	0.0269508295597	0.00180298232594
-hol	0.105539637058	0.807736389685	0.0804202483285	0.00630372492837
-hom	0.183835364452	0.697056794665	0.0682915612786	0.0508162796045
-eks	0.0749242480231	0.0987362353115	0.743921365753	0.0824181509127
-hos	0.0429152486096	0.937162779115	0.00647464098946	0.0134473312858
-jon	0.0145252440334	0.953902199804	0.0125636355145	0.0190089206483
-mga	0.0	1.0	0.0	0.0
-hot	0.274208144796	0.396983408748	0.314328808446	0.0144796380091
-iru	0.0	1.0	0.0	0.0
-gse	0.711546299418	0.0992004588933	0.02966201903	0.159591222659
-bat	0.0259717146798	0.0594940258648	0.00608944465204	0.908444814803
-bas	0.0381447767664	0.932875100625	0.0234070221066	0.00557310050158
-job	0.118691966088	0.794913201453	0.0411788453775	0.0452159870811
-905	0.0	0.5	0.0	0.5
-dru	0.00385728061717	0.994696239151	0.0	0.00144648023144
-151	0.0	0.2	0.0	0.8
-ase	0.00634544608486	0.993654553915	0.0	0.0
-mbu	0.251903112461	0.505011191007	0.168795012538	0.0742906839946
-asa	0.0102444284687	0.976815240834	0.00539180445722	0.00754852624011
-aso	0.0	1.0	0.0	0.0
-yes	0.0700389105058	0.15953307393	0.0233463035019	0.747081712062
-180	0.0	0.287878787879	0.030303030303	0.681818181818
-ask	0.677331252439	0.170113148654	0.024580569645	0.127975029263
-yet	0.234464663846	0.111772029326	0.0344157156994	0.619347591128
-asi	0.00805785806281	0.990224893498	0.00118886430435	0.000528384135266
-930	0.0	0.16	0.0	0.84
-mba	0.157409538577	0.674084483155	0.0776508497984	0.0908551284691
-del	0.0	1.0	0.0	0.0
-ast	0.0565310492505	0.827837259101	0.100214132762	0.0154175588865
-130	0.0	0.0645161290324	0.0967741935484	0.838709677419
-lta	0.00825609624249	0.964223582949	0.0139567341242	0.0135635866841
-ahu	0.0	1.0	0.0	0.0
-dri	0.122820830053	0.848835901473	0.0094477561579	0.0188955123158
-vem	0.606431908359	0.329334824679	0.04036756517	0.023865701792
-157	0.0	0.5	0.0	0.5
-gej	1.0	0.0	0.0	0.0
-181	0.0	0.333333333333	0.0	0.666666666667
-430	0.414985590778	0.0489913544668	0.0	0.536023054755
-pes	0.266666666667	0.133333333333	0.2	0.4
-ras	0.0743906711882	0.886673324803	0.0353066751282	0.00362932888044
-rap	0.171871464132	0.776759447839	0.0432224485178	0.0081466395112
-afu	0.0	1.0	0.0	0.0
-ran	0.582828733508	0.36388552489	0.0270253043534	0.026260437249
-eri	0.017291349413	0.821633836027	0.0036842363806	0.15739057818
-ral	0.0689655172413	0.672413793104	0.258620689655	0.0
-ram	0.0315778090192	0.951768141019	0.00951659997838	0.00713744998378
-rak	0.0286168521463	0.971383147854	0.0	0.0
-rah	0.0	1.0	0.0	0.0
-raf	0.189190020611	0.446119297382	0.327775556034	0.0369151259729
-era	0.046075663467	0.926143421796	0.0155844155844	0.012196499153
-rad	0.0	1.0	0.0	0.0
-rae	0.533666804264	0.371342544254	0.0665161191106	0.0284745323718
-rab	0.0	0.931818181818	0.0681818181818	0.0
-ere	0.257684520523	0.5913859746	0.122216086876	0.0287134180011
-swe	0.393882676075	0.0904956888183	0.00593103756677	0.50969059754
-sed	0.0	0.666666666667	0.333333333333	0.0
-pos	0.0542755611223	0.0438439736398	0.00512967340784	0.89675079183
-gel	0.0	1.0	0.0	0.0
-vet	0.0	0.966101694915	0.0338983050848	0.0
-pot	0.11441712033	0.757461986109	0.105594143045	0.0225267505162
-245	0.0	0.2	0.4	0.4
-bsa	0.0	1.0	0.0	0.0
-uge	0.216216216216	0.675675675676	0.0540540540541	0.0540540540541
-pon	0.0662809047869	0.908469226723	0.0189374013677	0.00631246712256
-240	0.1875	0.5625	0.25	0.0
-pol	0.0429227957169	0.772673612379	0.0218152883488	0.162588303556
-242	0.0	1.0	0.0	0.0
-324	0.0	0.333333333333	0.0	0.666666666667
-poa	0.102564102564	0.897435897436	0.0	0.0
-lga	0.0	1.0	0.0	0.0
-323	0.0	0.2	0.0	0.8
-320	0.0	0.333333333333	0.0	0.666666666667
-lad	0.0402514916864	0.932925628615	0.0167256625011	0.0100972171978
-foa	0.236344516785	0.227552457286	0.152834252232	0.383268773698
-laf	0.426338022035	0.521926577538	0.0459870226016	0.0057483778252
-lag	0.0527086383602	0.92093704246	0.0175695461201	0.00878477306005
-119	0.0	0.0	0.0	1.0
-dni	0.0	1.0	0.0	0.0
-500	0.0373613543491	0.161704611792	0.00700525394044	0.793928779918
-iko	0.0110523786641	0.986064392119	0.00288322921672	0.0
-lam	0.36270010075	0.615358782044	0.0152244486735	0.00671666853241
-oui	0.121212121212	0.848484848485	0.0	0.030303030303
-nos	0.0135135135135	0.986486486486	0.0	0.0
-not	0.0631414836949	0.605404703131	0.175393010264	0.15606080291
-110	0.2	0.08	0.0	0.72
-oum	0.704204545455	0.253522727273	0.0354545454545	0.00681818181819
-lak	0.14848137066	0.566606549985	0.275874082879	0.00903799647496
-lat	0.0313961527512	0.906462239213	0.0424580096791	0.019683598357
-aal	0.0196420776953	0.948930597992	0.0235704932344	0.00785683107814
-lav	0.100455926195	0.851330864907	0.0354202241872	0.0127929847104
-fos	0.0	1.0	0.0	0.0
-lap	0.519901367325	0.152752587291	0.289582264283	0.0377637811008
-nom	0.0459770114943	0.908045977011	0.0459770114943	0.0
-non	0.00404312668463	0.984725965858	0.0112309074573	0.0
-las	0.0703313750255	0.596015872331	0.300127834913	0.0335249177297
-aae	0.0	1.0	0.0	0.0
-noa	0.0373333333333	0.962666666667	0.0	0.0
-nob	0.044776119403	0.955223880597	0.0	0.0
-aaf	0.166666666667	0.833333333333	0.0	0.0
-nod	0.0	1.0	0.0	0.0
-agi	0.0	1.0	0.0	0.0
-boe	0.1345702486	0.7822672153	0.0542852382887	0.0288772978115
-eti	0.0743087557604	0.146313364055	0.044930875576	0.734447004608
-ahi	0.0	1.0	0.0	0.0
-boa	0.0	1.0	0.0	0.0
-gem	0.580230438745	0.305526624137	0.0989454498112	0.0152974873063
-bou	0.0958013010052	0.890005913661	0.00709639266706	0.00709639266705
-bol	0.149928628015	0.683944406517	0.127483872852	0.0386430926156
-bon	0.327935298275	0.510450759289	0.133369462012	0.0282444804235
-aha	0.0	1.0	0.0	0.0
-188	0.0	0.2	0.0	0.8
-bok	0.0	1.0	0.0	0.0
-bot	0.0354013319313	0.957237995093	0.00315457413249	0.00420609884332
-dog	0.0363778095362	0.922112511368	0.0395608678706	0.00194881122516
-023	0.0	0.0	0.454545454545	0.545454545455
-bos	0.0909093961602	0.817151338104	0.0308960872635	0.0610431784722
-don	0.0183673469388	0.974489795918	0.00306122448979	0.00408163265306
-dol	0.080392406676	0.59996402689	0.0491632504703	0.270480315964
-dom	0.0203974731674	0.967170658311	0.000690659362328	0.0117412091596
-186	0.0	0.0	0.0	1.0
-dok	0.0117302052786	0.976539589443	0.0117302052786	0.0
-get	0.584118438762	0.260430686406	0.0942126514132	0.0612382234186
-sas	0.00985195206975	0.746800347588	0.00366413274583	0.239683567597
-gla	0.0	0.916666666667	0.0833333333333	0.0
-vos	0.0913705583756	0.868020304569	0.0406091370558	0.0
-reb	0.025974025974	0.909090909091	0.025974025974	0.038961038961
-mia	0.0401613083943	0.904286223108	0.0468949409395	0.00865752755806
-sat	0.589447650454	0.155812036274	0.185490519373	0.0692497938994
-ton	0.0606571221749	0.896613850237	0.0302219898657	0.0125070377222
-403	0.347826086957	0.391304347826	0.0	0.260869565217
-tol	0.0588132329774	0.879222825136	0.0514615788552	0.0105023630317
-doa	0.0370421182604	0.955686651118	0.00274386061189	0.00452737000961
-olt	0.0933983071902	0.811887916504	0.0868209616134	0.00789281469212
-tok	0.579586732778	0.349855827728	0.0136535445789	0.0569038949144
-toi	0.111111111111	0.888888888889	0.0	0.0
-lfa	0.0597701149425	0.894252873563	0.0459770114942	0.0
-oli	0.0318771858671	0.664835205028	0.297811511712	0.00547609739366
-tot	0.0	1.0	0.0	0.0
-tou	0.0	0.615384615385	0.128205128205	0.25641025641
-sag	0.125	0.875	0.0	0.0
-den	0.0873612618039	0.374380641275	0.023678957271	0.51457913965
-top	0.453140578265	0.196410767697	0.0407111997341	0.309737454304
-olo	0.0570909881052	0.733351090301	0.16953465062	0.0400232709737
-sak	0.0264173948384	0.953464742938	0.0128022759602	0.00731558626295
-ola	0.0793157076205	0.505443234837	0.415241057543	0.0
-vol	0.06376320006	0.85872304939	0.06795629808	0.0095574524704
-san	0.00749628256321	0.980416382163	0.00570226292111	0.00638507235295
-sam	0.175675675676	0.806306306306	0.009009009009	0.00900900900901
-sal	0.0	1.0	0.0	0.0
-lon	0.0405309315003	0.908272102394	0.0127992415264	0.0383977245793
-rou	0.613651167014	0.25820266368	0.0773805714653	0.0507655978402
-lol	0.0	1.0	0.0	0.0
-lom	0.553616886511	0.157116504274	0.0502199777955	0.23904663142
-rop	0.349530542775	0.610444020499	0.0321699771818	0.00785545954438
-iel	0.0380827473982	0.932165106197	0.0142810302743	0.0154711161305
-ros	0.198526096017	0.585846122997	0.148947354991	0.0666804259942
-log	0.357142857143	0.642857142857	0.0	0.0
-lod	0.0132721942092	0.929265732174	0.00913823207846	0.0483238415387
-loa	0.0113636363636	0.954545454545	0.0113636363636	0.0227272727273
-rod	0.0527303888909	0.888680290119	0.0240041322563	0.0345851887336
-roe	0.409090909091	0.5	0.0	0.0909090909091
-rog	0.0224215246637	0.964125560538	0.0134529147982	0.0
-eab	0.0	1.0	0.0	0.0
-roa	0.019801980198	0.940594059406	0.0396039603961	0.0
-603	0.0	0.25	0.0	0.75
-ava	0.435941265273	0.0813621287808	0.149919048237	0.33277755771
-rol	0.172622319956	0.790654205608	0.0195711929632	0.0171522814733
-rom	0.072374155369	0.0961242589313	0.026350088876	0.805151496824
-ron	0.0128617363344	0.97714209553	0.00759708778302	0.00239908035253
-lou	0.280234761311	0.267957545789	0.388804165319	0.0630035275814
-los	0.0521739130435	0.927717391304	0.0086956521739	0.0114130434783
-roj	0.0	1.0	0.0	0.0
-rok	0.0288461538462	0.913461538462	0.0576923076922	0.0
-efo	0.0	1.0	0.0	0.0
-vsa	0.0	1.0	0.0	0.0
-win	0.167363755929	0.780790879455	0.0308080209937	0.0210373436224
-ipa	0.0735612289052	0.883600173085	0.0207702293379	0.0220683686716
-mso	0.0	1.0	0.0	0.0
-ham	0.0209761046689	0.942331273069	0.0276361735104	0.00905644875171
-973	0.0	0.0	0.0	1.0
-sap	0.183794152816	0.116708507829	0.0906715931565	0.608825746199
-tob	0.0	1.0	0.0	0.0
-284	0.0	0.0	0.0	1.0
-toa	0.234611055157	0.68718525979	0.0355471295693	0.0426565554831
-awe	0.105815276687	0.732650907825	0.0158878482107	0.145645967277
-lao	0.491228070175	0.491228070176	0.0175438596491	0.0
-440	0.0	0.777777777778	0.0	0.222222222222
-830	0.0	0.833333333334	0.0	0.166666666666
-gli	0.0	1.0	0.0	0.0
-hat	0.0262390670554	0.956268221574	0.00349854227406	0.0139941690962
-kad	0.0	1.0	0.0	0.0
-tia	0.0417421137901	0.93881635376	0.0171542933384	0.00228723911179
-kde	0.0304332905882	0.898676106706	0.0454241696317	0.0254664330739
-tom	0.106611368626	0.802634788973	0.0396844758884	0.0510693665122
-put	0.0	0.666666666667	0.333333333333	0.0
-276	0.0	0.206349206349	0.0	0.793650793651
-272	0.0	0.0	0.25	0.75
-273	0.272727272727	0.454545454546	0.0	0.272727272727
-aim	0.85940341423	0.120745303767	0.0089259361522	0.0109253458503
-sti	0.0755208333333	0.171875	0.0416666666667	0.7109375
-dot	0.0	1.0	0.0	0.0
-725	0.0	0.333333333333	0.0	0.666666666667
-sta	0.0135513327558	0.970995730034	0.00518139193605	0.0102715452745
-tka	0.0	1.0	0.0	0.0
-ain	0.0	1.0	0.0	0.0
-fea	0.0	1.0	0.0	0.0
-610	0.0	0.333333333333	0.0	0.666666666667
-209	0.0	0.4	0.0	0.6
-isa	0.0188007657232	0.939227363971	0.0309446578839	0.0110272124217
-200	0.0312075983718	0.17842605156	0.0780189959294	0.712347354138
-sss	0.2	0.6	0.2	0.0
-maf	0.0	1.0	0.0	0.0
-205	0.0	0.666666666667	0.0	0.333333333333
-207	0.0	1.0	0.0	0.0
-ibi	0.38255033557	0.570469798658	0.0134228187919	0.0335570469798
-iok	0.0691141704909	0.899874843554	0.0066750104297	0.0243359755249
-lei	0.259414225942	0.556485355648	0.167364016736	0.0167364016736
-mug	0.0555555555555	0.722222222222	0.111111111111	0.111111111111
-lek	0.0537634408602	0.818329582396	0.11217936063	0.0157276161146
-ois	0.035294117647	0.941176470588	0.0235294117647	0.0
-ion	0.0473707083877	0.903737505432	0.0182529335072	0.0306388526727
-len	0.452995616171	0.433511933756	0.0582886832278	0.0552037668452
-mum	0.0	1.0	0.0	0.0
-mul	0.0	1.0	0.0	0.0
-ioa	0.0	1.0	0.0	0.0
-mun	0.037403740374	0.920163444916	0.034889203206	0.00754361150401
-led	0.047619047619	0.904761904762	0.047619047619	0.0
-lef	0.234962406015	0.624060150376	0.12969924812	0.0112781954887
-leg	0.0	1.0	0.0	0.0
-mut	0.0897196261683	0.685981308411	0.157009345795	0.0672897196262
-muv	0.609737248841	0.211746522411	0.0944358578052	0.0840803709428
-fsa	0.0	1.0	0.0	0.0
-mus	0.0	1.0	0.0	0.0
-ios	0.0295778585407	0.92703382723	0.0248532289628	0.018535085267
-uga	0.0	0.555555555556	0.444444444444	0.0
-les	0.132038954507	0.503064394905	0.062295886831	0.302600763757
-let	0.0669941938365	0.879410451094	0.0133988387673	0.0401965163019
-fsi	0.0687022900764	0.885496183206	0.0458015267176	0.0
-lev	0.073271752717	0.884303298659	0.0359102561386	0.00651469248534
-iot	0.0141803743619	0.985819625638	0.0	0.0
-fta	0.531073446328	0.439265536723	0.0254237288135	0.00423728813559
-eel	0.0	1.0	0.0	0.0
-fti	0.0146029814421	0.250380285975	0.00486766048068	0.730149072102
-giv	0.122641509434	0.537735849057	0.0943396226415	0.245283018868
-giu	0.2	0.4	0.4	0.0
-git	0.025	0.975	0.0	0.0
-ole	0.758620689655	0.241379310345	0.0	0.0
-alo	0.388579903597	0.551300386673	0.0274908628635	0.0326288468669
-gim	0.587806548396	0.289220801809	0.0608340942691	0.0621385555266
-kva	0.0	1.0	0.0	0.0
-ftu	0.0	1.0	0.0	0.0
-ndo	0.0442930153322	0.932708688245	0.0127768313458	0.0102214650767
-ali	0.0166175745256	0.972976274437	0.00992214401282	0.000484007025017
-nda	0.0663714269281	0.882670961063	0.0304825444297	0.0204750675792
--el	0.0	1.0	0.0	0.0
-nua	0.0	1.0	0.0	0.0
-ale	0.0	1.0	0.0	0.0
-nde	0.205147152972	0.12238297312	0.566180643059	0.10628923085
-gia	0.0	1.0	0.0	0.0
-ala	0.0496410414549	0.0757528769968	0.0728791438727	0.801726937676
-kan	0.063157894737	0.894736842105	0.0421052631579	0.0
-diu	0.11320754717	0.88679245283	0.0	0.0
-655	0.0	0.2	0.0	0.8
-120	0.0477453580902	0.124668435013	0.0	0.827586206897
-122	0.0	1.0	0.0	0.0
-123	0.0	0.0	0.0	1.0
-128	0.0	0.0	0.0	1.0
-you	1.0	0.0	0.0	0.0
-una	0.0384615384615	0.961538461538	0.0	0.0
-fwe	0.0	1.0	0.0	0.0
-mla	0.0	1.0	0.0	0.0
-365	0.25	0.25	0.0	0.5
-782	0.0	0.25	0.0	0.75
-rel	0.0	1.0	0.0	0.0
-iem	0.0	1.0	0.0	0.0
-550	0.166666666667	0.583333333333	0.0	0.25
-lok	0.0641185398666	0.423274197263	0.285804980895	0.226802281975
-bim	0.0	1.0	0.0	0.0
-gwe	0.276797829037	0.253731343284	0.116010854817	0.353459972863
-ead	0.0316342036193	0.965602983838	0.00276281254317	0.0
-rie	0.0	1.0	0.0	0.0
-pel	0.01303214596	0.940052128584	0.0417028670721	0.00521285838402
-pem	0.524384714598	0.254994402161	0.0696523764037	0.150968506837
-pen	0.5696923922	0.232021278134	0.0719148874659	0.126371442201
-loi	0.0	0.962962962963	0.0185185185185	0.0185185185185
-pei	0.27598944591	0.674670184697	0.0253298153034	0.0240105540897
-pej	0.0	1.0	0.0	0.0
-pet	0.26801826891	0.727971482678	0.00401024841262	0.0
-150	0.0725806451614	0.104838709677	0.0	0.822580645161
-153	0.0965517241379	0.0344827586207	0.0413793103448	0.827586206897
-eli	0.0487838394943	0.347395904906	0.0950941321973	0.508726123403
-elo	0.162663755459	0.782751091703	0.0545851528384	0.0
-ogo	0.287145818936	0.570145127851	0.0172771250864	0.125431928127
-156	0.0	0.2	0.0	0.8
-oga	0.0	1.0	0.0	0.0
-ela	0.107273169545	0.816832887375	0.0729749452688	0.00291899781076
-ele	0.0539061423864	0.678661114466	0.0809095436388	0.186523199508
-rif	0.301507537688	0.285175879397	0.285175879397	0.128140703518
-nui	0.047619047619	0.952380952381	0.0	0.0
-100	0.0311949685535	0.161257861635	0.0377358490566	0.769811320755
-est	0.143069328557	0.715390328077	0.0530776287624	0.0884627146039
-ito	0.0	0.666666666667	0.333333333333	0.0
-esi	0.294600810426	0.626546928047	0.059139196145	0.0197130653817
-721	0.0	0.333333333333	0.0	0.666666666667
-iti	0.0778379845487	0.825615773097	0.0540891598732	0.0424570824811
-tet	0.0	1.0	0.0	0.0
-esa	0.036447212025	0.94029599554	0.02221544352	0.001041348915
-832	0.0	0.25	0.0	0.75
-oeg	0.0476190476192	0.857142857143	0.0952380952382	0.0
-ese	0.0305882352941	0.964705882353	0.0	0.00470588235295
-ita	0.0380530621445	0.91927977619	0.013603638244	0.0290635234218
-spa	0.0276243093923	0.935543278085	0.0331491712707	0.0036832412523
-bru	0.00366598778004	0.937474541751	0.0525458248473	0.00631364562118
-fae	0.0585365853658	0.941463414634	0.0	0.0
-fak	0.0	1.0	0.0	0.0
-105	0.25	0.0	0.0	0.75
-fan	0.353912478755	0.551588343397	0.0852136905667	0.00928548728082
-fal	0.0	1.0	0.0	0.0
-fam	0.0434782608696	0.913043478261	0.0434782608696	0.0
-fas	0.0399225132654	0.299713635981	0.593994778068	0.0663690726859
-uda	0.00414879403699	0.993390056958	0.001828282118	0.000632866886998
-fat	0.087885709861	0.789771187425	0.104146501994	0.0181966007201
-ude	0.0578728840626	0.798147556691	0.0304056212073	0.113573938039
-434	0.0	0.818181818182	0.181818181818	0.0
-bri	0.0	1.0	0.0	0.0
-udi	0.0	1.0	0.0	0.0
-hul	0.0	1.0	0.0	0.0
-hum	0.12	0.88	0.0	0.0
-uti	0.0	1.0	0.0	0.0
-tal	0.0	0.333333333333	0.666666666667	0.0
-225	0.0	0.714285714286	0.285714285714	0.0
-125	0.0	0.111111111111	0.0	0.888888888889
-huk	0.619883040936	0.380116959064	0.0	0.0
-hud	0.0397350993378	0.953642384106	0.00662251655629	0.0
-wos	0.107558139535	0.479651162791	0.366279069767	0.046511627907
-hua	0.0	1.0	0.0	0.0
-abe	0.0	1.0	0.0	0.0
-gad	0.046614872364	0.923418423973	0.0199778024417	0.00998890122086
-wom	0.0967413441955	0.87067209776	0.010183299389	0.0224032586558
-wol	0.00907635146402	0.942856738365	0.0358759701629	0.012190940008
-nja	0.0933014354067	0.842105263158	0.0645933014354	0.0
-woa	0.0403036933677	0.927453351938	0.0241822160206	0.00806073867354
-lot	0.119834618803	0.773523564465	0.0709113111263	0.0357305056063
-hus	0.0	1.0	0.0	0.0
-aea	0.109141946809	0.789878145381	0.0792649937785	0.0217149140317
-tua	0.0	1.0	0.0	0.0
-vap	0.518953068592	0.228855079938	0.137313047963	0.114878803507
-aeb	0.0533525594809	0.926424815798	0.00597886296095	0.0142437617599
-koa	0.0	1.0	0.0	0.0
-aed	0.373324400037	0.428346709003	0.14176753038	0.0565613605799
-aeg	0.207749381698	0.745259686727	0.0222588623248	0.0247320692498
-kob	0.00559511698881	0.987919633774	0.00648524923703	0.0
-187	0.0	0.0	0.0	1.0
-kol	0.133361674257	0.712602559777	0.145766129283	0.00826963668396
-aek	0.663262654236	0.138440165872	0.0544893636409	0.143807816251
-wel	0.0374812593703	0.733133433283	0.00599700149925	0.223388305847
-aem	0.119138537012	0.21278355902	0.0387919586864	0.629285945282
-ael	0.0153415003461	0.932745076159	0.0471821447072	0.00473127878799
-sos	0.0937499999999	0.859375	0.0	0.046875
-aen	0.155386643593	0.406421236085	0.120194632918	0.317997487403
-som	0.788093937739	0.17463134899	0.0144729655926	0.0228017476789
-aep	0.097244732577	0.504051863857	0.388978930308	0.0097244732577
-aes	0.160989269327	0.758543528642	0.0615532703517	0.0189139316796
-ori	0.53523008166	0.377870257367	0.0393851297849	0.0475145311883
-aet	0.157525857481	0.330273163612	0.134823951493	0.377377027414
-kos	0.03651219558	0.0432789629274	0.00847864713482	0.911730194358
-aev	0.0486058779201	0.105124340618	0.437452901281	0.408816880181
-pid	0.475247524753	0.287128712871	0.0	0.237623762376
-sod	0.0	1.0	0.0	0.0
-ora	0.0746268656716	0.877883310719	0.023066485753	0.0244233378562
-soa	0.162031481556	0.691278888132	0.101336964794	0.0453526655185
-tro	0.0	1.0	0.0	0.0
-ore	0.230805887704	0.557656775616	0.190264538845	0.021272797835
-tna	0.333333333333	0.666666666667	0.0	0.0
-tni	0.0	1.0	0.0	0.0
-liu	0.254990917389	0.323006570207	0.337005539941	0.084996972463
-liv	0.402283227482	0.559078663465	0.024557190399	0.0140809186547
-lip	0.34063199333	0.52498950021	0.0328157615952	0.101562744864
-jel	0.0113645902613	0.964876313224	0.0128981642312	0.0108609322838
-jem	0.479676119288	0.485328984558	0.0206187244045	0.0143761717495
-jes	0.431086066169	0.164042757138	0.113864118279	0.291007058413
-lin	0.326380161999	0.0716303144169	0.574989735103	0.0269997884809
-lio	0.0299401197605	0.934131736527	0.0239520958084	0.0119760479042
-lij	0.0548860698247	0.881760587871	0.0308450640338	0.0325082782708
-rum	0.0563329159846	0.808737559738	0.102400152519	0.0325293717588
-lid	0.142857142857	0.857142857143	0.0	0.0
-dak	0.0735321930296	0.74566334057	0.15750414186	0.0233003245402
-lif	0.193871923899	0.75167160681	0.0379127317846	0.016543737506
-rua	0.0	1.0	0.0	0.0
-ruf	0.10888252149	0.862464183381	0.0229226361032	0.0057306590258
-lia	0.348126666839	0.223885105685	0.188360391152	0.239627836324
-ome	0.101694915254	0.847457627119	0.0338983050847	0.0169491525424
-eap	0.22893481717	0.593004769475	0.158982511924	0.0190779014309
-eas	0.0411899313501	0.938489702517	0.00549199084668	0.014828375286
-530	0.0	0.4	0.6	0.0
-eat	0.012	0.952	0.036	0.0
-lno	0.0	0.666666666667	0.333333333333	0.0
-ohu	0.0	1.0	0.0	0.0
-lne	0.0	1.0	0.0	0.0
-wod	0.297777777778	0.288888888889	0.106666666667	0.306666666667
-kun	0.0	1.0	0.0	0.0
-oda	0.0838803792851	0.806710430343	0.0729394602479	0.036469730124
-232	0.25	0.0	0.0	0.75
-gat	0.0	1.0	0.0	0.0
-lma	0.5	0.5	0.0	0.0
-172	0.0	0.117647058824	0.0	0.882352941176
-995	0.0	0.0	0.333333333333	0.666666666667
-odi	0.0592092264013	0.853274928641	0.0381829290906	0.0493329158675
-eam	0.0120481927711	0.964859437751	0.00602409638555	0.0170682730924
-eal	0.0	1.0	0.0	0.0
-337	0.063829787234	0.489361702128	0.0	0.446808510638
-ean	0.0792146242383	0.902843601896	0.0169262017603	0.00101557210562
-uri	0.0382522671063	0.918219291014	0.0356141797197	0.00791426215992
-170	0.0	0.973509933775	0.0264900662251	0.0
-ehi	0.0	1.0	0.0	0.0
-160	0.125	0.875	0.0	0.0
