kud-	0.497307213942	0.251714206771	0.10158546912	0.149393110167
siu-	0.106824925816	0.0207715133531	0.195845697329	0.676557863501
fig-	0.0	1.0	0.0	0.0
viu-	0.110367436143	0.726540090152	0.0759459090288	0.0871465646769
kih-	0.159785860359	0.648706012603	0.0577224789259	0.133785648112
uuh-	0.723860589812	0.235924932976	0.0	0.0402144772118
nyu-	0.108574335712	0.668582135045	0.0115533223366	0.211290206906
mpy-	0.0200118018318	0.0284013649075	0.945429355774	0.00615747748672
ḍid-	0.478726363617	0.378474575062	0.0459353623829	0.0968636989379
myu-	0.167533593411	0.707628955353	0.101430429129	0.0234070221066
hat-	0.0642413520801	0.0207678340198	0.00768283555659	0.907307978343
kuv-	0.408786035494	0.356969127518	0.10127984898	0.132964988008
ayu-	0.179943251599	0.0586541311989	0.00254097319273	0.75886164401
tib-	0.0101694915254	0.908474576271	0.0	0.0813559322034
swa-	0.229074889868	0.528634361234	0.0155879362927	0.226702812606
uit-	0.294545454545	0.418181818182	0.12	0.167272727273
iit-	0.469184890656	0.469184890656	0.0556660039761	0.00596421471172
paf-	0.0	1.0	0.0	0.0
ong-	0.296270477518	0.62704775183	0.0	0.0766817706518
her-	0.0514176741508	0.568472941854	0.0970782959125	0.283031088083
ate-	0.00312969454181	0.996870305458	0.0	0.0
naw-	0.19415691733	0.12673544018	0.0311920525795	0.64791558991
pat-	0.0180868167203	0.965836012862	0.016077170418	0.0
bvi-	0.289603960396	0.584158415842	0.111386138614	0.0148514851485
noy-	0.257425742574	0.742574257426	0.0	0.0
zia-	0.682027649769	0.0276497695852	0.0138248847926	0.276497695853
vig-	0.428020565553	0.237789203085	0.120822622108	0.213367609255
niu-	0.791854426217	0.0881561766756	0.00831541640897	0.111673980699
rek-	0.0275229357798	0.926605504587	0.045871559633	0.0
mwi-	0.271272539569	0.389353532577	0.13947176545	0.199902162405
kiv-	0.116676389699	0.695703808651	0.0509417451454	0.136678056505
ifa-	0.522727272727	0.0909090909091	0.386363636364	0.0
nge-	0.0993571245104	0.535348790006	0.0354682541572	0.329825831327
nai-	0.601900373449	0.203770630045	0.027255752319	0.167073244187
miu-	0.0469543552561	0.877215958092	0.0389689206886	0.0368607659629
nkw-	0.385526436936	0.224552827836	0.155558159584	0.234362575645
zis-	0.305466221333	0.27213126948	0.303079766479	0.119322742708
yac-	0.0	0.628571428571	0.171428571429	0.2
asi-	0.284063358569	0.480175819668	0.0658649293209	0.169895892442
mpe-	0.110980466107	0.505069272665	0.194068840057	0.189881421171
hid-	0.264037250068	0.0769652150096	0.013147082991	0.645850451931
mue-	0.0	0.971744471744	0.0135135135135	0.014742014742
amu-	0.52548101916	0.314141144527	0.0492424536677	0.111135382645
tol-	0.0242424242424	0.975757575758	0.0	0.0
hah-	0.00694160881992	0.00639716891248	0.852320675105	0.134340547162
mus-	0.190218354552	0.691781184023	0.04786829898	0.0701321624451
pud-	0.0	1.0	0.0	0.0
gij-	0.478580990629	0.184887698944	0.0847835787595	0.251747731667
hur-	0.252863749555	0.153966559943	0.539879046603	0.053290643899
fwe-	0.115648569334	0.805047365343	0.0211477507528	0.0581563145702
kev-	0.627593360996	0.258298755187	0.051867219917	0.0622406639004
aiu-	0.733618233618	0.195156695157	0.02849002849	0.0427350427351
zam-	0.0	0.0	1.0	0.0
uba-	0.214421580494	0.646377312813	0.0700328549196	0.0691682517725
wor-	0.432654272152	0.409612341772	0.0390625	0.118670886076
hiz-	0.0940521288876	0.0555225781665	0.0205386640177	0.829886628928
aki-	0.49383914813	0.22264031721	0.0444812555464	0.239039279114
zit-	0.645514223195	0.243763676149	0.100218818381	0.0105032822757
uni-	0.665384860465	0.193237825842	0.0296717818861	0.111705531806
ḍya-	0.0544046485732	0.0418361161398	0.00568653981173	0.898072695475
apa-	0.220027462074	0.0837924131885	0.0114149585587	0.684765166179
san-	0.0472425854056	0.933352498682	0.00431220353601	0.015092712376
ith-	0.0	0.957142857143	0.0428571428571	0.0
nii-	0.409122909251	0.19529918612	0.0822023567109	0.313375547919
mae-	0.0151596219012	0.789548778313	0.0909577314072	0.104333868379
viḍ-	0.28170212766	0.570599613153	0.114274661509	0.033423597679
ḍiv-	0.481944839352	0.287745237418	0.136479954507	0.0938299687233
hoḍ-	0.974329720479	0.0256702795208	0.0	0.0
uḍi-	0.644700893039	0.28189862578	0.0256901684133	0.0477103127676
nke-	0.483522569925	0.234284131819	0.114372749931	0.167820548325
ḅaḍ-	0.309210526316	0.355263157895	0.0197368421053	0.315789473684
yuh-	0.245467224547	0.677824267782	0.0167364016737	0.0599721059972
mii-	0.121746213303	0.73059859277	0.04783196423	0.0998232296974
lum-	0.0339230119842	0.888878899781	0.0075897144912	0.069608373744
mes-	0.0970481705258	0.0811222766093	0.0120210250085	0.809808527857
dzy-	0.393009377664	0.404092071611	0.0750213128729	0.127877237852
adi-	0.068790731354	0.913106444605	0.0181028240405	0.0
ami-	0.0929849448588	0.0938543907015	0.0074131698165	0.805747494623
win-	0.0384662203286	0.764820450396	0.0939744370054	0.10273889227
gid-	0.0	1.0	0.0	0.0
uke-	0.844593381605	0.144934474298	0.0	0.0104721440967
t̯o-	0.130020059849	0.766391110749	0.023516435289	0.0800723941129
uhi-	0.322253543978	0.544302257194	0.0127765722282	0.1206676266
wan-	0.130640302863	0.438580166754	0.0308812831455	0.399898247237
umi-	0.0916245081506	0.44406970208	0.42383361439	0.0404721753794
ili-	0.118143848305	0.0467221256995	0.000644337310582	0.834489688685
kaj-	0.350862811001	0.380128704349	0.101815797024	0.167192687626
yem-	0.178217821782	0.326732673267	0.435643564356	0.0594059405941
eya-	0.638655462185	0.201680672269	0.159663865546	0.0
the-	0.468603561387	0.531396438613	0.0	0.0
ani-	0.703438511076	0.152873690832	0.0231495947783	0.120538203314
upi-	0.320158102767	0.620553359684	0.0237154150197	0.0355731225296
afw-	0.385533900631	0.280812517156	0.243068899259	0.0905846829536
sun-	0.0210023866348	0.961336515513	0.0	0.017661097852
hag-	0.0212765957447	0.968085106383	0.0106382978723	0.0
ahu-	0.439131288022	0.285686250689	0.0816940631162	0.193488398172
ban-	0.0134228187919	0.986577181208	0.0	0.0
ḍug-	0.248942401562	0.0671705481092	0.287850972254	0.396036078075
ḍiḍ-	0.208960694286	0.383689125923	0.0935484269812	0.31380175281
ise-	0.0467207704725	0.851531773832	0.006229436063	0.0955180196326
wen-	0.27785440772	0.117613709039	0.25800552427	0.346526358971
ḅwi-	0.194855305466	0.0456591639871	0.0347266881029	0.724758842444
dzo-	0.16814159292	0.398230088496	0.345132743363	0.0884955752212
ale-	0.0	0.886605783866	0.113394216134	0.0
ugw-	0.76724137931	0.215517241379	0.0172413793103	0.0
sid-	0.487183913006	0.360559247432	0.0400448778804	0.112211961681
eky-	0.563440860215	0.193548387097	0.0	0.243010752688
luc-	0.525044722719	0.319320214669	0.0509838998211	0.104651162791
kue-	0.125157782309	0.82095349063	0.0364113020681	0.0174774249927
imu-	0.473899790436	0.328761033848	0.0979551660634	0.0993840096526
wiḍ-	0.189105744845	0.460855662146	0.093395082148	0.256643510861
jab-	0.0734535293998	0.261205495843	0.62679393309	0.0385470416675
vit-	0.197500574807	0.67323534125	0.0721818760321	0.0570822079107
siv-	0.22424562911	0.104273391281	0.0371814786661	0.634299500942
ukw-	0.410351147703	0.383190294708	0.0806446920548	0.125813865534
ina-	0.449586383146	0.216473500243	0.151532162723	0.182407953887
uwe-	0.156948009249	0.528583246717	0.0870047868542	0.22746395718
umu-	0.48579383737	0.365729655976	0.0392768838347	0.10919962282
ḍie-	0.228818800247	0.455782312925	0.284477427335	0.0309214594929
vyu-	0.178640980767	0.549176446161	0.0609390750231	0.211243498048
pfa-	0.105829081405	0.123092397415	0.0260371875179	0.745041333663
efu-	0.0160128102482	0.983987189752	0.0	0.0
ḍow-	0.106644096487	0.893355903513	0.0	0.0
ang-	0.278986434605	0.575121576657	0.0691067315076	0.0767852572306
iky-	0.675644164626	0.101667249621	0.0139909059112	0.208697679841
mbi-	0.016981693037	0.807147790771	0.0533612379837	0.122509278208
zab-	0.0638445523942	0.930603747398	0.00555170020819	0.0
nav-	0.379577003528	0.210653087959	0.1044180101	0.305351898413
kow-	0.0367231638418	0.115819209039	0.83615819209	0.0112994350282
kuw-	0.527852681368	0.182871522292	0.0411237226912	0.248152073648
iho-	0.642262417456	0.227103072064	0.0875681883434	0.0430663221361
vif-	0.156898517674	0.188825541619	0.030330672748	0.623945267959
kie-	0.0	0.970798182998	0.029201817002	0.0
kiw-	0.280836731944	0.485392707989	0.0886455769066	0.14512498316
nti-	0.160465116279	0.741860465116	0.0697674418605	0.0279069767442
nah-	0.426558516783	0.305426363704	0.0893992783982	0.178615841116
uvo-	0.147058823529	0.833333333333	0.0196078431372	0.0
zir-	0.46172993155	0.274424393279	0.233976353454	0.0298693217175
hik-	0.230887848306	0.162402787987	0.0518121398722	0.554897223836
ot̯-	0.304899362914	0.609263122287	0.0325590573378	0.0532784574618
ḍik-	0.504373694554	0.308889306077	0.0775620213913	0.109174977977
ḅei-	0.132605304212	0.773790951638	0.0468018720749	0.0468018720748
fuf-	0.253807106599	0.725888324873	0.0	0.0203045685279
nof-	0.671875	0.328125	0.0	0.0
iro-	0.347222222222	0.402777777778	0.0555555555556	0.194444444444
eba-	0.0	1.0	0.0	0.0
uyu-	0.0	1.0	0.0	0.0
hay-	0.111039224547	0.0606500238926	0.00533145056156	0.822979300999
hao-	0.333471933472	0.148856548857	0.153014553015	0.364656964657
ran-	0.195633249601	0.551146260311	0.218423093709	0.0347973963799
was-	0.391725645238	0.289037620571	0.199419014311	0.11981771988
at̯-	0.496990947976	0.194892072018	0.0857952849896	0.222321695016
mup-	0.170185390941	0.428278473302	0.043029018355	0.358507117402
moj-	0.224052774277	0.39649987978	0.0902658265503	0.289181519393
hiy-	0.106704541603	0.107190852005	0.0122484013629	0.773856205029
kew-	0.42	0.23	0.35	0.0
eḍi-	0.319634703196	0.190258751903	0.384322678843	0.105783866058
ofi-	0.0883534136545	0.887550200803	0.0	0.0240963855422
nik-	0.517614394598	0.271866271935	0.0564575044551	0.154061829011
maj-	0.0646895740569	0.22204486264	0.69940351172	0.0138620515836
kiy-	0.13938750605	0.492226555857	0.250812478625	0.117573459468
aun-	0.774381368268	0.0509461426492	0.0524017467248	0.122270742358
sek-	0.0	0.961538461538	0.0384615384615	0.0
yan-	0.207971480141	0.129467692205	0.0675227061818	0.595038121472
yun-	0.0347900517019	0.0836065686931	0.209568644775	0.67203473483
min-	0.0910060938968	0.334615653926	0.13460708422	0.439771167957
ech-	0.461165897711	0.353271525303	0.0721688933593	0.113393683627
lul-	0.0	0.991847826087	0.00815217391305	0.0
adh-	0.300493531743	0.544530023181	0.0917894264563	0.0631870186196
kay-	0.546907255354	0.233216998029	0.0410037898755	0.178871956741
hwo-	0.107320683623	0.0476382721033	0.0168214237653	0.828219620509
huo-	0.363834464222	0.163892969414	0.0787912318523	0.393481334512
aon-	0.740395434817	0.115737019772	0.0305417135509	0.11332583186
wao-	0.164950051457	0.0249474062716	0.0156747909683	0.794427751303
kak-	0.641978943635	0.175539045112	0.0474406089817	0.135041402271
gog-	0.046511627907	0.953488372093	0.0	0.0
jup-	0.345415778252	0.107320540156	0.0355366027008	0.511727078891
nye-	0.235177938323	0.0846006366641	0.385474341597	0.294747083416
ut̯-	0.231702466189	0.642253381066	0.0735879077168	0.0524562450279
ipe-	0.462212943632	0.382045929019	0.130688935282	0.0250521920668
pic-	0.154228855721	0.666666666667	0.149253731343	0.0298507462687
sau-	0.0866921553273	0.762180048214	0.0995362906321	0.0515915058271
sag-	0.0176991150442	0.929203539823	0.0530973451327	0.0
juḅ-	0.784615384615	0.215384615385	0.0	0.0
ḅad-	0.372927915127	0.158188879416	0.0284171639671	0.440466041489
adz-	0.590192841684	0.212458703324	0.0750575957734	0.122290859219
ḍim-	0.382212723985	0.280371527207	0.134185434818	0.20323031399
kid-	0.374179631085	0.404895705746	0.153818028921	0.067106634248
men-	0.0624871046659	0.13632210334	0.613081026911	0.188109765084
nsw-	0.0198289269051	0.970839813375	0.0	0.00933125972007
nse-	0.250743247517	0.413751660447	0.320323866152	0.015181225884
kuf-	0.29083662365	0.563431582562	0.04273057718	0.103001216609
yaḍ-	0.135778811935	0.313988502601	0.0531070353134	0.497125650151
nig-	0.643405097748	0.157696114823	0.0479460529572	0.150952734472
laz-	0.0316083049272	0.807561202355	0.0771614502634	0.0836690424543
siw-	0.252379294336	0.119583720211	0.0519769421232	0.57606004333
uuf-	0.118811881188	0.178217821782	0.0594059405941	0.643564356436
nyw-	0.0344945772527	0.0629256646752	0.00655403574693	0.896025722325
ḍit-	0.337817638266	0.456651718984	0.100149476831	0.105381165919
mye-	0.0655823959965	0.655730421159	0.0460678624044	0.232619320441
pas-	0.00590034965035	0.965472027972	0.00721153846154	0.0214160839161
ḍoḍ-	0.198795180723	0.313253012048	0.361445783133	0.126506024096
ḍiz-	0.122377622378	0.877622377622	0.0	0.0
kuḅ-	0.689452520878	0.128673059078	0.0346427466749	0.147231673368
pet-	0.0142782289756	0.885413937647	0.00255436206445	0.0977534713125
viw-	0.396701112878	0.27853736089	0.0899244833068	0.234837042925
eot-	0.364705882353	0.0564705882353	0.0282352941176	0.550588235294
lot-	0.0798816568047	0.908974358974	0.0	0.0111439842209
ish-	0.156351092363	0.0496999869134	0.0265186863023	0.767430234421
awa-	0.565885710888	0.192157528566	0.0346250504658	0.20733171008
nay-	0.283299320557	0.141199966223	0.0520477656128	0.523452947607
bau-	0.00647249190939	0.493527508091	0.5	0.0
zic-	0.0679824561403	0.228070175439	0.131578947368	0.572368421053
d̯e-	0.0491958372753	0.884578997162	0.0662251655629	0.0
kot-	0.075444813854	0.85934017756	0.0345255927807	0.030689415805
che-	0.118379901708	0.168780286627	0.262106059044	0.450733752621
kup-	0.462027474684	0.301558364079	0.0593672972761	0.177046863961
vii-	0.137979941242	0.469557289028	0.0218822814304	0.370580488299
kif-	0.219274797478	0.505621645887	0.186463158324	0.0886403983104
rem-	0.076001752763	0.759810604216	0.131810214713	0.0323774283072
uih-	0.621848739496	0.100840336134	0.126050420168	0.151260504202
edz-	0.233795943267	0.512429464694	0.0593259112399	0.194448680799
vut-	0.026728805428	0.93831814132	0.0185045576041	0.016448495648
ngu-	0.100693411284	0.508642051717	0.137075484948	0.253589052052
ALL	0.224625016036	0.296685020356	0.0547280626124	0.423961900996
uja-	0.158906109986	0.706481696592	0.0796521854568	0.0549600079652
yaa-	0.529583249252	0.152672385456	0.0389502099809	0.278794155311
nak-	0.420376777219	0.19382225353	0.059639674182	0.326161295069
auy-	0.454545454545	0.426877470356	0.0	0.118577075099
niy-	0.477033199043	0.277639306769	0.0522549349419	0.193072559246
esi-	0.0	1.0	0.0	0.0
aya-	0.388471804495	0.219392238948	0.0462419982786	0.345893958278
ḍih-	0.349688814576	0.403127778441	0.149926350571	0.0972570564115
muc-	0.0794252251366	0.552802519561	0.264012597805	0.103759657497
ḍij-	0.292867264998	0.263108171941	0.444024563061	0.0
put-	0.0163934426229	0.983606557377	0.0	0.0
han-	0.213023054577	0.0708881883924	0.066815007108	0.649273749923
ayo-	0.479930609559	0.424358437519	0.0239277382306	0.0717832146917
evi-	0.379953379953	0.382284382284	0.0699300699301	0.167832167832
top-	0.0	1.0	0.0	0.0
tun-	0.0120967741935	0.798387096774	0.00806451612903	0.181451612903
fai-	0.343831390953	0.262071365988	0.0970390196478	0.297058223412
nku-	0.291203825822	0.235484825072	0.203075838645	0.270235510461
ais-	0.780408163265	0.13306122449	0.00489795918366	0.0816326530612
zao-	0.0731436284406	0.0309516467789	0.00907604679983	0.886828677981
mak-	0.0878742667144	0.13626900397	0.094481702099	0.681375027216
hup-	0.17308829264	0.165628891656	0.0249066002491	0.636376215455
kiz-	0.0850485084776	0.709684568965	0.13907778483	0.0661891377279
miy-	0.105188971215	0.139851568581	0.0768754634652	0.67808399674
jwo-	0.191486365983	0.409583704886	0.246397897405	0.152532031727
yao-	0.0558878647135	0.0204419503142	0.00834932979853	0.915320855174
gov-	0.861759425494	0.0754039497307	0.0628366247756	0.0
mio-	0.0833686130198	0.765200117237	0.039079037353	0.11235223239
may-	0.165262826891	0.671036274117	0.0442646748424	0.119436224149
wih-	0.747899159664	0.252100840336	0.0	0.0
uḍe-	0.126275510204	0.225446428571	0.0239158163265	0.624362244898
ara-	0.018018018018	0.981981981982	0.0	0.0
gad-	0.0	0.952631578947	0.0	0.0473684210526
amo-	0.0811284899869	0.825025581055	0.0497003362081	0.0441455927496
kaz-	0.357862563874	0.345953335788	0.0226115551688	0.273572545169
zoo-	0.0243902439024	0.20325203252	0.0162601626016	0.756097560976
ḅiz-	0.0307692307692	0.938461538462	0.0307692307692	0.0
hun-	0.329904734582	0.148987001167	0.0657624860679	0.455345778182
avy-	0.647977470558	0.216333845366	0.0595238095238	0.076164874552
ago-	0.820257925846	0.11794734014	0.0403009134874	0.0214938205266
t̯a-	0.221576605834	0.298306685167	0.125162944444	0.354953764556
wah-	0.300986058116	0.443708638617	0.0978162223663	0.157489080901
kal-	0.311034665255	0.484837258534	0.0854723471817	0.118655729029
ind-	0.385319987868	0.0841977555353	0.175310888687	0.35517136791
emw-	0.478804725504	0.354412786657	0.0416956219597	0.125086865879
jus-	0.221789883268	0.516536964981	0.162451361868	0.0992217898833
neh-	0.514150943396	0.287735849057	0.127358490566	0.0707547169812
ḍyu-	0.0415224913495	0.734058329214	0.106772120613	0.117647058823
war-	0.287459921253	0.34641615056	0.322259240305	0.0438646878819
iga-	0.482168330956	0.196861626248	0.0641940085592	0.256776034237
haḍ-	0.49587141136	0.24443889395	0.032911169228	0.226778525462
pee-	0.0716508352441	0.0736980019653	0.834998362267	0.0196528005241
ile-	0.684931506849	0.228310502283	0.0	0.0867579908676
sif-	0.248508946322	0.51888667992	0.0477137176938	0.184890656064
efe-	0.0100066711141	0.963308872582	0.0100066711141	0.0166777851902
epf-	0.615553923944	0.129740382532	0.0218796232361	0.232826070288
anw-	0.751540041068	0.244353182751	0.0	0.00410677618069
ore-	0.840417779937	0.145008501336	0.00728685936361	0.00728685936362
any-	0.430052942938	0.149334687015	0.0472028644551	0.373409505592
wep-	0.589304798809	0.15199398537	0.0268101260843	0.231891089736
mpi-	0.253955309085	0.630402870657	0.0595335181862	0.0561083020714
kug-	0.456218932543	0.276217144767	0.0664488948827	0.201115027808
iki-	0.148427307713	0.0470360088151	0.0291867564513	0.775349927021
jue-	0.347826086957	0.652173913043	0.0	0.0
kut-	0.292755415733	0.240270788769	0.0841049528831	0.382868842615
uhe-	0.605518512495	0.197701523283	0.0612565728845	0.135523391337
ahw-	0.531793343269	0.150273224044	0.21609538003	0.101838052658
vye-	0.0870680941062	0.606449189692	0.0715148184653	0.234967897737
iḍe-	0.214150838609	0.0848606020216	0.019771187382	0.681217371987
uts-	0.480364877503	0.338804232965	0.0757838997623	0.10504698977
fur-	0.35	0.476470588235	0.173529411765	0.0
mfw-	0.326086956522	0.647826086957	0.0260869565217	0.0
ber-	0.0	0.890507316102	0.00364975612993	0.105842927768
iis-	0.761415252211	0.195553430552	0.0	0.0430313172364
viv-	0.262443644137	0.147563651572	0.15580566463	0.434187039662
ane-	0.536047334234	0.193002765451	0.0240529937617	0.246896906553
ahi-	0.368507473499	0.318909521165	0.244609180692	0.0679738246444
liw-	0.0258152173913	0.95652173913	0.00407608695652	0.0135869565217
isi-	0.106282532629	0.714590571712	0.0834661527279	0.0956607429302
zuk-	0.18178264269	0.171357831639	0.401485535575	0.245373990096
bat-	0.0904471544716	0.724593495935	0.0213414634146	0.163617886179
gha-	0.149799563964	0.240171601378	0.542513538223	0.0675152964344
zib-	0.289695130363	0.546144295765	0.1062215478	0.0579390260726
iha-	0.44489465154	0.381685575365	0.115072933549	0.0583468395462
tam-	0.0	1.0	0.0	0.0
imi-	0.784482758621	0.112068965517	0.0	0.103448275862
miḍ-	0.0945485519591	0.864565587734	0.00511073253833	0.0357751277683
uye-	0.0647948164147	0.738969453872	0.0527614933663	0.143474236347
jan-	0.05	0.908333333333	0.0416666666667	0.0
vih-	0.288087102286	0.539650559299	0.0913091131814	0.0809532252345
niv-	0.480240605323	0.28682024562	0.0731450693755	0.159794079681
eny-	0.0923076923077	0.8	0.0153846153846	0.0923076923077
fel-	0.0	0.988888888889	0.0	0.0111111111111
nto-	0.141369047619	0.58418715847	0.0270784543325	0.247365339578
mpu-	0.264207377866	0.206879361914	0.454137587238	0.0747756729811
ḍii-	0.163154726069	0.42865743528	0.263696568332	0.144491270319
hii-	0.186691239903	0.0484835923232	0.0101952788017	0.754629888972
koḍ-	0.0761904761904	0.706666666667	0.194285714286	0.0228571428571
tim-	0.0233174350821	0.914679385268	0.00381558028617	0.0581875993641
zen-	0.05788240827	0.0848339046206	0.00759706608543	0.849686621024
shi-	0.293103448276	0.543103448276	0.163793103448	0.0
kwi-	0.31696921073	0.101154927982	0.0579521643101	0.523923696978
rah-	0.256230892792	0.528472977875	0.0987097777086	0.116586351624
mol-	0.0541237113402	0.94587628866	0.0	0.0
ham-	0.145705500253	0.652106921061	0.0721353103312	0.130052268355
ḍea-	0.0659279778394	0.716897506925	0.207202216067	0.00997229916899
zan-	0.0125356796045	0.423800135362	0.0285436836065	0.535120501427
tes-	0.0	1.0	0.0	0.0
aip-	0.575657894737	0.189967105263	0.148026315789	0.0863486842105
ḅuḅ-	0.46002621232	0.0353866317169	0.504587155963	0.0
oga-	0.15083890265	0.418212833575	0.299224190307	0.131724073468
ivi-	0.0952380952381	0.904761904762	0.0	0.0
dok-	0.0	1.0	0.0	0.0
nzo-	0.660838932742	0.296627307717	0.0122643355731	0.0302694239676
zyo-	0.401234567901	0.376543209876	0.148148148148	0.0740740740741
nij-	0.710280373832	0.14953271028	0.0332294911734	0.106957424714
mah-	0.160099703418	0.636035896246	0.0409603894799	0.162904010856
eno-	0.0	1.0	0.0	0.0
yal-	0.246896551724	0.697931034483	0.0	0.0551724137931
naḍ-	0.413992347624	0.249927873471	0.0643468122064	0.271732966698
wii-	0.278145695364	0.384105960265	0.298013245033	0.0397350993377
one-	0.0814196242171	0.68006263048	0.0255741127349	0.212943632568
tse-	0.261267065501	0.474526767909	0.192784169351	0.0714219972389
sij-	0.443661971831	0.443661971831	0.0422535211268	0.0704225352112
mil-	0.10899589399	0.761478163494	0.0757745427398	0.0537513997761
yer-	0.0163262613686	0.941724317059	0.000618418991235	0.0413310025809
hwi-	0.385940870314	0.261094265657	0.0811407444041	0.271824119625
aḍa-	0.456857402362	0.392370572207	0.0708446866485	0.0799273387829
zon-	0.0951442835076	0.126859044677	0.0224988246883	0.755497847127
it̯-	0.267766497462	0.316649746193	0.237817258883	0.177766497462
uad-	0.0534918276375	0.784546805349	0.0267459138187	0.135215453195
hum-	0.175677926358	0.0607498738477	0.013195292152	0.750376907642
wai-	0.353190383413	0.492986390799	0.0587278450645	0.0950953807232
kam-	0.680136606354	0.0760581750683	0.0195099059712	0.224295312607
saw-	0.306196390779	0.123136576539	0.203955993383	0.366711039299
nza-	0.293632808583	0.228386643939	0.348531033791	0.129449513687
uzi-	0.349210119967	0.533198717187	0.0570138971374	0.0605772657085
por-	0.0	1.0	0.0	0.0
yod-	0.0	1.0	0.0	0.0
say-	0.011952191235	0.988047808765	0.0	0.0
epa-	0.0	0.991947389612	0.00805261038788	0.0
nis-	0.689825438159	0.123865670196	0.0522143110744	0.134094580571
geg-	0.0	1.0	0.0	0.0
nsu-	0.25330235594	0.241887859763	0.309543420153	0.195266364145
mel-	0.0398863011187	0.958738309188	0.0	0.00137538969375
jwi-	0.278398377462	0.544928776283	0.0975529886496	0.0791198576054
wec-	0.410280559135	0.364925151185	0.15440666204	0.0703876276396
ḅah-	0.0199301151805	0.919891290281	0.00776497994046	0.0524136145981
nev-	0.203862660944	0.18669527897	0.459227467811	0.150214592275
siy-	0.371466393372	0.165129387651	0.0322401571441	0.431164061833
jud-	0.462114803625	0.420060422961	0.0791540785499	0.038670694864
uud-	0.623906705539	0.376093294461	0.0	0.0
umb-	0.124917932332	0.76837221517	0.0811485096512	0.0255613428459
raḅ-	0.166666666667	0.578231292517	0.0	0.255102040816
nyi-	0.142175570242	0.0735198298762	0.629348264513	0.154956335369
ump-	0.193959061408	0.446330504244	0.211932101847	0.147778332501
and-	0.309918615059	0.452256637652	0.0298407400795	0.207984007209
viy-	0.302740076373	0.564903740156	0.0407439743895	0.0916122090819
per-	0.0	1.0	0.0	0.0
sok-	0.118072289157	0.795983935743	0.0248995983936	0.0610441767068
big-	0.555946021929	0.389232499297	0.0463874051167	0.00843407365757
lid-	0.0	1.0	0.0	0.0
zim-	0.469570150874	0.294105657016	0.110510005232	0.125814186878
guy-	0.380288028803	0.385688568857	0.01800180018	0.21602160216
mvw-	0.0195121951219	0.0	0.980487804878	0.0
uin-	0.228787780726	0.0440748171639	0.0271827066209	0.699954695489
eoh-	0.0504201680673	0.739495798319	0.210084033613	0.0
kur-	0.277997196966	0.554116391451	0.157645532493	0.0102408790901
nsi-	0.0673895656878	0.619320031643	0.015671916138	0.297618486531
laf-	0.125683060109	0.0837887067395	0.692167577413	0.0983606557377
vik-	0.232390503997	0.545004533987	0.125193311971	0.0974116500449
tal-	0.0	0.838383838384	0.121212121212	0.0404040404041
mua-	0.223744292237	0.219178082192	0.383561643836	0.173515981735
kit-	0.1413868091	0.666923860028	0.0506640241711	0.141025306702
chi-	0.318976277607	0.248670029213	0.104500805116	0.327852888064
nga-	0.136147898947	0.767348195882	0.0893964162462	0.00710748892416
kij-	0.262221313152	0.512783800368	0.113724688075	0.111270198405
ḍin-	0.323119700851	0.286032440319	0.110365368313	0.280482490517
hac-	0.0778758257678	0.330270932308	0.103820842587	0.488032399337
yud-	0.0189066138394	0.927084419421	0.00125117297466	0.052757793765
hih-	0.113143957631	0.171663675756	0.0350155381451	0.680176828468
evy-	0.506250965003	0.280314360305	0.054836477998	0.158598196694
hiḍ-	0.0873192219233	0.0297461085673	0.0101427633295	0.87279190618
mom-	0.100935499754	0.241752831118	0.539143279173	0.118168389956
hal-	0.369987009871	0.115562505688	0.0522252835902	0.462225200851
ter-	0.0	1.0	0.0	0.0
zai-	0.0537337040843	0.0429889782184	0.33036631808	0.572910999617
dab-	0.018018018018	0.981981981982	0.0	0.0
nam-	0.221298527285	0.169269815149	0.0523230661646	0.557108591401
kiḅ-	0.145519947678	0.487410071942	0.0703073904512	0.296762589928
oli-	0.0425531914894	0.957446808511	0.0	0.0
iḅa-	0.553159096676	0.221009895965	0.0659731032733	0.159857904085
won-	0.0499946267457	0.0926333462603	0.0415531664042	0.81581886059
ula-	0.862745098039	0.0980392156863	0.0	0.0392156862745
kon-	0.273348474232	0.114879532116	0.0513135136813	0.560458479971
yul-	0.00369003690036	0.9963099631	0.0	0.0
ḍye-	0.0729936125384	0.149818036459	0.0205697915539	0.756618559448
fwa-	0.389261744966	0.288590604027	0.201342281879	0.120805369128
aum-	0.557646637093	0.255410673478	0.0789532643277	0.107989425102
nim-	0.625309584856	0.166143691015	0.0538906769952	0.154656047133
avi-	0.533027929659	0.181641298458	0.043717058273	0.24161371361
yam-	0.491477183564	0.17835431467	0.0516063418364	0.27856215993
kiḍ-	0.108099383644	0.409695251738	0.0388929799962	0.443312384623
mai-	0.12718760531	0.522777540041	0.0508918505551	0.299143004094
ese-	0.741573033708	0.258426966292	0.0	0.0
ape-	0.156069364162	0.791907514451	0.0520231213873	0.0
yur-	0.428646656135	0.459189046867	0.0236966824644	0.088467614534
iba-	0.593175853018	0.178102737158	0.206224221972	0.0224971878515
mim-	0.0781027020617	0.0298280807106	0.00243292552591	0.889636291702
yes-	0.011990086732	0.61940382809	0.0026563954398	0.365949689739
zom-	0.0646766169154	0.0232172470978	0.0572139303483	0.854892205638
gaf-	0.431818181818	0.0454545454545	0.0	0.522727272727
avw-	0.633302151544	0.173994387278	0.187090739008	0.00561272217025
tur-	0.0	1.0	0.0	0.0
kan-	0.538986690846	0.156504782	0.0237950584771	0.280713468677
agi-	0.366111442116	0.496852576225	0.03186280859	0.105173173069
ad̯-	0.047751184866	0.872003960272	0.00596732775884	0.0742775271035
juu-	0.415641476274	0.27855887522	0.0421792618629	0.263620386643
uhu-	0.332850162867	0.48315960912	0.102394136808	0.0815960912052
waj-	0.257317216904	0.0749597307526	0.603737509985	0.0639855423581
eey-	0.555066079295	0.233480176211	0.0	0.211453744493
uka-	0.457634528509	0.354985458946	0.0724454948077	0.114934517738
uḅa-	0.0914259869484	0.557795438392	0.324933772695	0.0258448019642
ken-	0.475038966319	0.0468567168899	0.0120400280106	0.46606428878
ufa-	0.288692862871	0.566960705694	0.0656120142888	0.0787344171466
ilu-	0.0	0.955223880597	0.0	0.044776119403
ipf-	0.34788498625	0.198882947088	0.137576764102	0.31565530256
sih-	0.0756302521008	0.294117647059	0.0	0.63025210084
bye-	0.311737089202	0.318309859155	0.336150234742	0.0338028169014
mem-	0.0875166947297	0.460736063838	0.379163342149	0.0725838992829
ala-	0.405422162101	0.370533198061	0.16880847706	0.0552361627775
muḅ-	0.123138033764	0.285998013903	0.424031777557	0.166832174777
upe-	0.226681127983	0.574837310195	0.133405639913	0.0650759219089
yoe-	0.0	1.0	0.0	0.0
mow-	0.0912382331644	0.0832729905865	0.134685010862	0.690803765387
eye-	0.566799934593	0.176988200394	0.0504608943261	0.205750970687
tha-	0.0880878167773	0.140579120929	0.73700140037	0.0343316619235
anu-	0.730588482851	0.239952304131	0.0196394753455	0.00981973767273
aam-	0.658847676294	0.283682744466	0.0205248497288	0.0369447295118
ajw-	0.481081081081	0.275675675676	0.0810810810811	0.162162162162
lug-	0.137120109106	0.82694115262	0.0143754953095	0.0215632429643
ser-	0.159171882523	0.748387096774	0.0539239287434	0.0385170919595
ney-	0.0333333333333	0.9	0.0	0.0666666666667
dza-	0.119606147605	0.0624785989818	0.021912426387	0.796002827026
wed-	0.888059701493	0.111940298507	0.0	0.0
siz-	0.483050847458	0.516949152542	0.0	0.0
luu-	0.0	1.0	0.0	0.0
kua-	0.34145887607	0.588760699665	0.0362858206178	0.0334946036472
mbw-	0.400683214241	0.254293594083	0.0692616271782	0.275761564498
bit-	0.0940766550522	0.886759581882	0.00348432055749	0.0156794425087
uri-	0.340915840114	0.432499851517	0.00623626536795	0.220348043001
t̯u-	0.129724414848	0.318421254724	0.0297619896546	0.522092340773
utu-	0.101408450704	0.0	0.830985915493	0.0676056338028
jug-	0.499124343257	0.290718038529	0.0	0.210157618214
ḍak-	0.0408163265306	0.918367346939	0.0408163265306	0.0
sur-	0.0667490729295	0.887515451174	0.0457354758961	0.0
eow-	0.260162601626	0.154471544715	0.573170731707	0.0121951219512
ḍiy-	0.411794966011	0.326743829996	0.120031845183	0.14142935881
bet-	0.0338510782835	0.941566591058	0.0	0.0245823306582
law-	0.0258964143426	0.970119521912	0.0	0.00398406374502
sal-	0.0572493967975	0.724720333406	0.0236894055714	0.194340864225
mbe-	0.101484562554	0.840598327217	0.0281732125196	0.0297438977101
uiy-	0.504347826087	0.44347826087	0.0521739130435	0.0
bad-	0.0555555555555	0.213850837138	0.730593607306	0.0
pfe-	0.217034915052	0.511245993703	0.105794593981	0.165924497263
gho-	0.450104941805	0.307193283724	0.103606182026	0.139095592444
guz-	0.251306203547	0.608727647362	0.0198690117007	0.12009713739
vij-	0.181717944912	0.490744471067	0.0683827739022	0.259154810119
sul-	0.0	1.0	0.0	0.0
naz-	0.104743773561	0.745671890755	0.089000248031	0.0605840876526
zum-	0.0315789473684	0.768421052632	0.2	0.0
kus-	0.524531822123	0.309897264239	0.0621394343212	0.103431479316
mfu-	0.0869897341307	0.124494624858	0.0571236934772	0.731391947534
imo-	0.118881118881	0.398601398601	0.146853146853	0.335664335664
ud̯-	0.0948081264108	0.817155756208	0.0744920993228	0.0135440180587
ugo-	0.311170212766	0.688829787234	0.0	0.0
mun-	0.187757044145	0.339759840681	0.0379751011032	0.434508014071
nd̯-	0.135860162666	0.453496927635	0.291924354207	0.118718555492
ihu-	0.348361716445	0.276774160153	0.174802008385	0.200062115016
niz-	0.430368697203	0.428229294706	0.0665882032563	0.0748138048351
saf-	0.0733560180423	0.451847748675	0.464508981562	0.0102872517211
ija-	0.197608312096	0.728288570868	0.0658694373652	0.00823367967065
nek-	0.0	0.961325966851	0.0147329650092	0.02394106814
idh-	0.705882352941	0.125319693095	0.168797953964	0.0
iny-	0.575017205781	0.270130763937	0.0447350309704	0.110116999312
kwo-	0.657130157191	0.215581686669	0.0363680446115	0.0909201115287
ela-	0.034500904595	0.0124772009443	0.0018909314925	0.951130962968
iyo-	0.266288628231	0.185718471073	0.0974470822414	0.450545818454
idz-	0.295887045519	0.541103419054	0.0447358495764	0.118273685851
sho-	0.0647693817468	0.870461236506	0.0	0.0647693817468
itu-	0.407134071341	0.363468634686	0.0190651906519	0.210332103321
uso-	0.0941467942227	0.265363077019	0.0104958315391	0.62999429722
neḍ-	0.0993883792049	0.717125382263	0.183486238532	0.0
gul-	0.190333750295	0.116024002466	0.0605500262867	0.633092220953
nal-	0.495724520453	0.328634157615	0.043910330483	0.131730991449
man-	0.157192358898	0.600554298762	0.0400823892271	0.202170953113
ivy-	0.456760287394	0.310418027433	0.0991835401698	0.133638145003
kes-	0.494651601784	0.294832161519	0.118116160096	0.092400076601
ain-	0.116646239487	0.480797444892	0.206455391266	0.196100924355
woo-	0.111111111111	0.0976645435244	0.0283085633404	0.762915782024
tsu-	0.213739962338	0.338683145386	0.0832774182377	0.364299474037
yum-	0.0115606936416	0.884393063584	0.0231213872832	0.0809248554913
ijw-	0.755102040816	0.178571428571	0.0255102040816	0.0408163265306
nil-	0.215189873418	0.395569620253	0.322784810127	0.0664556962025
mon-	0.145018915511	0.457124842371	0.0290037831022	0.368852459016
yaj-	0.392857142857	0.3125	0.214285714286	0.0803571428571
kig-	0.73512503593	0.18654785858	0.028743891923	0.0495832135671
ḅur-	0.149078726968	0.2797319933	0.0753768844221	0.49581239531
wiy-	0.386120548391	0.323637166593	0.139200924668	0.151041360349
wik-	0.487305589012	0.268435660156	0.0997269456061	0.144531805226
ḍun-	0.3125	0.363636363636	0.119318181818	0.204545454545
eeh-	0.0431654676259	0.870503597122	0.0	0.0863309352518
huk-	0.289185538145	0.152520570879	0.0270916943909	0.531202196585
d̯a-	0.0465392733242	0.853912776264	0.0659070508415	0.0336408995706
yus-	0.033402179332	0.939249341215	0.00897371982053	0.0183747596325
zeb-	0.0	1.0	0.0	0.0
yep-	0.585293019783	0.213139231056	0.0238895110116	0.177678238149
rad-	0.192546583851	0.503105590062	0.229813664596	0.0745341614907
amb-	0.0912799619885	0.0285716029789	0.0103002983394	0.869848136693
way-	0.232542604689	0.549105959552	0.0776496717071	0.140701764052
gag-	0.101123595506	0.674157303371	0.112359550562	0.112359550562
yot-	0.0	1.0	0.0	0.0
nus-	0.0311004784689	0.481658692185	0.0255183413078	0.461722488038
kao-	0.754143646409	0.0503780168654	0.0220994475138	0.173378889212
rub-	0.0	1.0	0.0	0.0
yef-	0.0	1.0	0.0	0.0
dhe-	0.249128919861	0.242160278746	0.174216027875	0.334494773519
ḅag-	0.281222320638	0.556392087393	0.0339533510481	0.128432240921
jut-	0.641592920354	0.172566371681	0.0575221238938	0.128318584071
wak-	0.340774775442	0.390305774137	0.0707587640594	0.198160686361
ḍuḍ-	0.275477226699	0.608250384223	0.0586748251246	0.0575975639534
sii-	0.306569343066	0.627737226277	0.021897810219	0.043795620438
buw-	0.183600220872	0.234676974047	0.0552181115406	0.52650469354
nzu-	0.0773926724655	0.541871925312	0.188459078614	0.192276323609
boa-	0.0177514792899	0.976331360947	0.00591715976331	0.0
ant-	0.0201592286904	0.936308523848	0.0	0.0435322474618
mar-	0.0367805996061	0.770344269157	0.0479657446356	0.144909386601
aaj-	0.316742081448	0.573906485671	0.0754147812971	0.0339366515837
wes-	0.451124567474	0.206098615917	0.142733564014	0.200043252595
ḅan-	0.178152492669	0.75293255132	0.0425219941349	0.0263929618768
wee-	0.529508196721	0.280327868852	0.077868852459	0.112295081967
kub-	0.341946220548	0.434264693002	0.110361741263	0.113427345187
kii-	0.11499619937	0.782024830781	0.0541137293228	0.0488652405256
kaa-	0.727868023803	0.126829492452	0.0294097373803	0.115892746364
juf-	0.317399617591	0.527724665392	0.126195028681	0.0286806883365
mpf-	0.94	0.06	0.0	0.0
hen-	0.416193956033	0.358519894221	0.0720673436017	0.153218806145
uup-	0.360983102919	0.608294930876	0.0	0.0307219662058
era-	0.0	1.0	0.0	0.0
sus-	0.0697674418604	0.883720930233	0.0465116279069	0.0
myo-	0.124702842721	0.561212734646	0.0418184360704	0.272265986562
sam-	0.0297882618147	0.949681990178	0.0108686901216	0.00966105788585
aro-	0.795454545455	0.0944055944055	0.0	0.11013986014
swi-	0.0208559153171	0.00719046137005	0.00257568765494	0.969377935658
lib-	0.0612516644474	0.854860186418	0.0359520639148	0.0479360852197
zio-	0.461279461279	0.252525252525	0.185185185185	0.10101010101
vim-	0.406495483299	0.249868055715	0.248687568681	0.0949488923054
weḍ-	0.415254237288	0.340586349061	0.12734768667	0.116811726981
awo-	0.0411214953271	0.936448598131	0.022429906542	0.0
sum-	0.579585518961	0.193223836959	0.185914524035	0.0412761200447
mvu-	0.29159084257	0.582220893091	0.0234789580178	0.102709306321
afi-	0.269784172662	0.569424460432	0.128417266187	0.0323741007194
nso-	0.420814573809	0.392711708024	0.00874095553906	0.177732762627
kul-	0.0838718154975	0.131263174156	0.0116059300223	0.773259080324
fum-	0.264705882353	0.735294117647	0.0	0.0
muo-	0.603622655388	0.0913938948142	0.102703199706	0.202280250092
imb-	0.30888030888	0.578507078507	0.00772200772201	0.104890604891
ngo-	0.0351871283666	0.810772997552	0.10717033928	0.0468695348024
mwo-	0.349101492879	0.386725967592	0.0819530061972	0.182219533332
kil-	0.106731130927	0.767873343217	0.0819153408714	0.0434801849844
res-	0.0	1.0	0.0	0.0
bva-	0.278250660405	0.66099207514	0.0208394481949	0.0399178162606
kaḍ-	0.593434031657	0.118954592198	0.0319234187635	0.255687957381
aso-	0.274897516277	0.684108994454	0.0	0.0409934892693
pil-	0.0372004744958	0.866144721234	0.03871886121	0.0579359430605
ako-	0.586187429432	0.25009409108	0.0790365073391	0.0846819721491
idu-	0.0	1.0	0.0	0.0
hab-	0.0402010050251	0.959798994975	0.0	0.0
asa-	0.550978372812	0.387229660144	0.00926879505664	0.0525231719876
nao-	0.0312860273123	0.0100094028491	0.0194341857087	0.93927038413
gis-	0.933774834437	0.0264900662252	0.0397350993377	0.0
ziy-	0.584298584299	0.335263835264	0.0572715572715	0.0231660231661
gum-	0.154566744731	0.807962529274	0.00936768149881	0.0281030444965
aio-	0.925619834711	0.0743801652893	0.0	0.0
zak-	0.199983322964	0.514604166266	0.030756303599	0.254656207172
uby-	0.380952380952	0.547619047619	0.0238095238095	0.047619047619
nko-	0.111008899746	0.811728397065	0.0103610730073	0.0669016301811
260-	0.279673714	0.0699184285001	0.0699184285001	0.580489428999
kol-	0.328358208955	0.567164179105	0.0	0.10447761194
moo-	0.0316255534472	0.62302340291	0.0607210626186	0.284629981025
wiz-	0.264508928571	0.515625	0.219866071429	0.0
ḍiw-	0.579903219318	0.1345346127	0.0920954555673	0.193466712415
yak-	0.174673542276	0.352019431148	0.0351141838588	0.438192842717
mwa-	0.0890471686283	0.486381515645	0.0265756677918	0.397995647934
nio-	0.523907402776	0.0492372139552	0.0250875328248	0.401767850444
mao-	0.377483443709	0.211920529801	0.211920529801	0.198675496689
fot-	0.0431654676259	0.956834532374	0.0	0.0
viḅ-	0.340124309392	0.511395027624	0.0932320441988	0.0552486187845
ifw-	0.494183578161	0.132631400187	0.269593275028	0.103591746625
waz-	0.221987817925	0.490504811532	0.17460615884	0.112901211703
huj-	0.0397138959357	0.149299301793	0.0379473010569	0.773039501215
atu-	0.509417808219	0.333618721461	0.0570776255707	0.0998858447489
mic-	0.0434782608696	0.95652173913	0.0	0.0
yup-	0.201544817676	0.422771946932	0.0251481947189	0.350535040673
api-	0.0	1.0	0.0	0.0
yay-	0.319641747715	0.299059720747	0.109322425157	0.271976106381
gor-	0.398496240602	0.601503759398	0.0	0.0
elo-	0.0	0.980769230769	0.0192307692308	0.0
iya-	0.336529086773	0.238259668508	0.206451088723	0.218760155996
hir-	0.0	1.0	0.0	0.0
rag-	0.0	1.0	0.0	0.0
upu-	0.0527086383602	0.617862371889	0.276720351391	0.0527086383602
gar-	0.124927554897	0.254298409427	0.479210938674	0.141563097001
wad-	0.520236008211	0.248436113092	0.104437965819	0.126889912878
kap-	0.509207607835	0.320933633908	0.0433939115562	0.126464846701
t̯e-	0.0625119742977	0.830016555234	0.0414617731295	0.0660096973389
uhw-	0.558665231432	0.139935414424	0.0193756727664	0.282023681378
keh-	0.186567164179	0.634328358209	0.044776119403	0.134328358209
are-	0.0170659810723	0.975176754804	0.00465435847426	0.0031029056495
uḍa-	0.254459274043	0.646126980167	0.0707247099913	0.0286890357989
ḍyi-	0.171187443057	0.545514121765	0.00719274970831	0.276105685469
naj-	0.320610687023	0.534351145038	0.10941475827	0.0356234096692
una-	0.455197718458	0.208384522487	0.0753025831768	0.261115175878
afu-	0.716302046577	0.126793695601	0.0762173606209	0.0806868972007
ezo-	0.383340240365	0.510291476723	0.033153750518	0.073214532394
aju-	0.475899192562	0.308783949107	0.0293613897724	0.185955468559
mas-	0.0845259239406	0.720518175046	0.112709063834	0.0822468371797
juw-	0.595744680851	0.0653495440729	0.13829787234	0.200607902736
njw-	0.759260427841	0.115416167098	0.0295324036095	0.0957910014514
wet-	0.559543230016	0.275693311582	0.0668841761827	0.0978792822186
eḍy-	0.569036001583	0.2001846235	0.0896742713965	0.141105103521
ora-	0.568818040435	0.353615863142	0.00408242612753	0.0734836702955
gon-	0.60822147651	0.366610738255	0.0	0.0251677852349
