-cac	0.888888888889	0.0	0.0	0.111111111111
-ua'	0.172044402641	0.0640898455617	0.00880049586705	0.755065255931
-cas	0.0329444063143	0.854495538778	0.0439258750858	0.0686341798215
-car	0.0160213618157	0.943925233645	0.00801068090788	0.0320427236315
-euo	0.534949557282	0.278511462076	0.0506198554048	0.135919125238
-ive	0.112354439592	0.887645560408	0.0	0.0
-rbe	0.0102040816326	0.989795918367	0.0	0.0
-caz	0.0	1.0	0.0	0.0
-ádi	0.0480524208228	0.925737167819	0.0174736075719	0.00873680378593
-eua	0.397769516729	0.602230483271	0.0	0.0
-ódi	0.0978276506977	0.625953100273	0.0345274061286	0.2416918429
-dío	0.0202888095944	0.785093199706	0.155998402659	0.0386195880406
-aua	0.0907705596061	0.70954562966	0.0532205609918	0.146463249742
-aue	0.320959795035	0.220746968742	0.0610107769059	0.397282459317
-ufo	0.0	1.0	0.0	0.0
-aum	0.00536886060848	0.993438059256	0.0	0.00119308013521
-auo	0.114873686558	0.642854205418	0.0287166379974	0.213555470027
-uac	0.185185185185	0.39886039886	0.0621082621083	0.353846153846
-lec	0.0524315773218	0.244026769926	0.138180173194	0.565361479559
-nto	0.00853759294961	0.929725511797	0.0348847883962	0.0268521068576
-ate	0.0611961710135	0.897064572786	0.00577928162772	0.0359599745725
-nta	0.0237402316133	0.0903903540082	0.0123662942809	0.873503120098
-nte	0.0548780487804	0.63262195122	0.0	0.3125
-ual	0.0925309120774	0.763334397956	0.114477346352	0.0296573436146
-uan	0.0583523381334	0.911405052019	0.0127277861037	0.0175148237441
-uaq	0.051221475456	0.902396487072	0.0266021844549	0.0197798530172
-uat	0.241607324517	0.172431332655	0.561546286877	0.0244150559512
-óte	0.57433808554	0.12016293279	0.0244399185336	0.281059063136
-óta	0.182762515493	0.231717448033	0.255379983917	0.330140052557
-pre	0.0	1.0	0.0	0.0
-más	0.059773828756	0.936995153473	0.0	0.0032310177706
-aré	0.0	1.0	0.0	0.0
-'in	0.0662795165193	0.185409133583	0.58348515692	0.164826192977
-'il	0.568493150685	0.328767123288	0.102739726027	0.0
-opi	0.033949571158	0.836088721778	0.0822426839095	0.0477190231547
-tín	0.0	0.939393939394	0.0606060606061	0.0
-mán	0.0257289879931	0.58833619211	0.385934819897	0.0
-ope	0.0100713386488	0.984892992027	0.0	0.0050356693244
-'ic	0.104319924871	0.862811081546	0.00763030208171	0.025238691501
-opa	0.543761096413	0.26386306061	0.112392193739	0.0799836492375
-dea	0.01622352411	0.980621901758	0.0013519603425	0.00180261378999
-óỹi	0.411501266253	0.375416865659	0.09235451834	0.120727349748
-dec	0.212579237506	0.658383302932	0.0897941084584	0.0392433511041
-ño'	0.33696780893	0.342852197992	0.0449982692974	0.27518172378
-oes	0.0985915492957	0.845070422535	0.0281690140845	0.0281690140845
-óỹa	0.519736842105	0.35197368421	0.0197368421053	0.108552631579
-del	0.301139136477	0.634202758673	0.0502896371055	0.0143684677444
-dem	0.369230769231	0.464615384615	0.0553846153846	0.110769230769
-den	0.451265845139	0.28783193696	0.114263460119	0.146638757782
-deo	0.00415584415584	0.994285714286	0.0	0.00155844155844
-ima	0.037900898826	0.163916648099	0.0559956448853	0.742186808189
-des	0.0190129449838	0.928263214671	0.0401833872708	0.0125404530744
-det	0.542435424354	0.154981549816	0.125461254613	0.177121771218
-te'	0.274731171798	0.314428141876	0.233991239709	0.176849446617
-'ta	0.345686169193	0.293936289275	0.0616971386251	0.298680402907
-'te	0.223531888067	0.292944236472	0.0348429799116	0.44868089555
-imo	0.0593792172739	0.911605937922	0.00404858299595	0.0249662618084
-ho'	0.355217579274	0.28302652156	0.045581430104	0.316174469062
-ido	0.137404580153	0.770992366412	0.0	0.0916030534351
-eco	0.379969992498	0.392348087022	0.178169542386	0.0495123780946
-obo	0.0	0.999018163967	0.000981836033381	0.0
-rpo	0.0	1.0	0.0	0.0
-idi	0.13916765718	0.105435625454	0.0110987237126	0.744297993653
-rpa	0.0	1.0	0.0	0.0
-eca	0.155844155844	0.766233766234	0.0519480519481	0.025974025974
-ide	0.625	0.206611570248	0.00774793388431	0.160640495868
-ida	0.216755405435	0.161346620647	0.0287319035221	0.593166070395
-álo	0.0	1.0	0.0	0.0
-me'	0.568274130419	0.384092755336	0.00775422790046	0.0398788863452
-bia	0.013986013986	0.986013986014	0.0	0.0
-ỹoq	0.350261375798	0.317085673907	0.208678913561	0.123974036733
-ála	0.043844856661	0.156829679595	0.794266441821	0.00505902192244
-tep	0.145575642245	0.826831588963	0.0247383444339	0.00285442435776
-ter	0.0103448275862	0.979310344828	0.0103448275862	0.0
-uta	0.18357996735	0.277476433725	0.101743114435	0.437200484491
-tet	0.45487620474	0.229872699745	0.131988366696	0.18326272882
-ria	0.0061293984109	0.945629965948	0.00590238365494	0.0423382519864
-a's	0.11912144911	0.782697992091	0.0324583799805	0.0657221788191
-rio	0.0139228673151	0.92620880323	0.0515146090658	0.00835372038907
-rim	0.0	1.0	0.0	0.0
-a'u	0.21107952975	0.488439861461	0.0742786032506	0.226202005538
-a't	0.403708539766	0.266611086643	0.0945750484885	0.235105325102
-a'j	0.372934414519	0.475712051549	0.0650638259777	0.0862897079544
-tec	0.581133255108	0.26473346308	0.0573594479097	0.0967738339028
-a'n	0.569407210765	0.267977873387	0.105075259255	0.0575396565929
-ñot	0.616907844631	0.299314546839	0.0	0.08377760853
-tel	0.193161096045	0.499034395044	0.0316159473989	0.276188561512
-tem	0.645907207777	0.150970345999	0.0363266843373	0.166795761887
-ten	0.666917754226	0.121629012787	0.0979584535578	0.113494779429
-teo	0.0069654051544	0.987462270722	0.0	0.00557232412352
-lux	0.0	0.985815602837	0.0	0.0141843971631
-qte	0.126278214394	0.763600548285	0.0473342235402	0.0627870137807
-ara	0.0476556495004	0.940814757879	0.00461183704843	0.00691775557264
-mes	0.0	1.0	0.0	0.0
-qta	0.417074483745	0.0415455687294	0.0502719640109	0.491107983514
-e'n	0.466178243812	0.283759481998	0.0825137934474	0.167548480742
-e'm	0.511457825451	0.432959531936	0.0351048269137	0.0204778156997
-e'l	0.103225271536	0.819666694304	0.0621838985159	0.0149241356438
-e'j	0.563981759089	0.259756619889	0.121387720138	0.0548739008843
-rón	0.0235063663075	0.950048971596	0.026444662096	0.0
-e'u	0.10320449055	0.523944862868	0.0456515560608	0.327199090522
-e't	0.451690883429	0.322319146723	0.123635146074	0.102354823774
-mea	0.0	1.0	0.0	0.0
-mec	0.174882061148	0.683364871127	0.064971020937	0.0767820467878
-meo	0.0	1.0	0.0	0.0
-men	0.85444517215	0.102424078356	0.00559374908118	0.0375370004132
-mei	0.0	1.0	0.0	0.0
-bán	0.248275862069	0.503448275862	0.21724137931	0.0310344827586
-aya	0.00183710961421	0.998162890386	0.0	0.0
-ayo	0.0162601626016	0.983739837398	0.0	0.0
-ilo	0.462102762991	0.317868972708	0.121163855891	0.0988644084101
-mos	0.0	0.935897435897	0.0641025641025	0.0
-bás	0.0	0.98273155416	0.00784929356358	0.0094191522763
-qpi	0.115483465817	0.449939513633	0.41975002946	0.0148269910904
-éta	0.405510864796	0.143970217667	0.072543127679	0.377975789858
-ndi	0.547505126452	0.265664160401	0.0483025746184	0.138528138528
-xoi	0.181233005976	0.489227699375	0.253617359714	0.0759219349357
-xat	0.240975510191	0.369123283565	0.0417141993819	0.348187006863
-í'i	0.0939986678395	0.788476303305	0.0407351288687	0.0767898999863
-ána	0.193263157895	0.297263157895	0.00421052631579	0.505263157895
-cte	0.446224256293	0.356979405034	0.187643020595	0.00915331807778
-q'a	0.552526721903	0.216682546451	0.0805482504014	0.150242481245
-na'	0.025240204792	0.0547305882047	0.00724798389799	0.912781223105
-dán	0.0116443189838	0.984121383204	0.00317572335921	0.00105857445307
-xac	0.208206420157	0.62318456056	0.0711810317934	0.0974279874894
-ega	0.576864806916	0.178950400988	0.0431422038475	0.201042588249
-xai	0.100691506759	0.723565371462	0.150976012263	0.0247671095167
-si'	0.452054794521	0.219178082192	0.0365296803653	0.292237442922
-xam	0.538157393293	0.30654535061	0.0986089939025	0.0566882621952
-xan	0.534644426667	0.30807116783	0.075471632863	0.0818127726398
-ota	0.318414663667	0.30927985729	0.0700971113026	0.30220836774
-'ma	0.449683297501	0.298048001221	0.0532256514695	0.199043049809
-ote	0.357225271731	0.0622800073884	0.356275148982	0.224219571899
-'me	0.124413065505	0.0628928066422	0.00871387141913	0.803980256433
-'mi	0.0108049303728	0.0212799079879	0.00916242264217	0.958752738997
-oam	0.0	1.0	0.0	0.0
-oto	0.485955948781	0.392425520476	0.0391373918481	0.0824811388949
-rán	0.0771704180064	0.922829581994	0.0	0.0
-eví	0.0055354808949	0.965249481049	0.0107634350734	0.018451602983
-umi	0.0	0.752475247525	0.148514851485	0.0990099009901
ALL	0.205637138922	0.248740475029	0.0456545568461	0.499967829203
-ale	0.28701797126	0.188465407224	0.0446757998458	0.479840821671
-nal	0.0695087602044	0.877691316179	0.0507948632262	0.00200506039051
-nam	0.0384384384384	0.21021021021	0.714114114114	0.0372372372373
-nac	0.857991744966	0.0394810784486	0.00922832898633	0.0932988475987
-aús	0.0384615384615	0.961538461538	0.0	0.0
-aúl	0.0666666666667	0.866666666667	0.0666666666667	0.0
-sio	0.0731707317073	0.890243902439	0.0	0.0365853658537
-nas	0.00880960246667	0.855082039423	0.112983151635	0.023125206475
-sia	0.0147468002226	0.985253199777	0.0	0.0
-naq	0.417960891285	0.396693677731	0.035292035469	0.150053395515
-lñi	0.103448275862	0.793103448276	0.0344827586207	0.0689655172414
-nat	0.748447961206	0.130400060746	0.012096869215	0.109055108833
-mot	0.551166965889	0.153201675643	0.114901256732	0.180730101735
-aỹa	0.217226821681	0.192286015554	0.0339277622445	0.556559400521
-mor	0.0252100840336	0.924369747899	0.0504201680672	0.0
-aỹo	0.0681818181818	0.931818181818	0.0	0.0
-aỹi	0.236543556541	0.20950736202	0.0710645111108	0.482884570328
-gog	0.0	0.960784313726	0.0196078431373	0.0196078431372
-aán	0.0143884892086	0.769784172662	0.215827338129	0.0
-vlo	0.424545028438	0.158299235866	0.0662899986683	0.350865737028
-cos	0.0247422680412	0.967010309278	0.00824742268041	0.0
-goq	0.273858921162	0.709543568465	0.0165975103734	0.0
-mol	0.22357251457	0.768297575809	0.00812990962075	0.0
-éca	0.043769855277	0.0942463819273	0.709495234734	0.152488528062
-coi	0.576576576576	0.117117117117	0.279279279279	0.027027027027
-ha'	0.358187134503	0.58918128655	0.0219298245614	0.030701754386
-ber	0.0	1.0	0.0	0.0
-axa	0.0704527885156	0.106957124279	0.0229966801872	0.799593407018
-eor	0.0	1.0	0.0	0.0
-bet	0.00858369098712	0.991416309013	0.0	0.0
-cob	0.0	1.0	0.0	0.0
-uai	0.466142466966	0.421086527027	0.0645839886034	0.0481870174036
-beo	0.0	0.84	0.04	0.12
-u'a	0.750639386189	0.0383631713555	0.0	0.210997442455
-cot	0.47363613012	0.370161826792	0.0734675193803	0.0827345237076
-—sa	0.310178193899	0.207641196013	0.0289942615524	0.453186348535
-coq	0.100682593857	0.428327645051	0.435153583618	0.0358361774744
-lpi	0.067915015423	0.579540969975	0.208590407624	0.143953606979
-cor	0.0	1.0	0.0	0.0
-iso	0.551773738762	0.0897349819182	0.0379838942739	0.320507385046
-agé	0.0465838509317	0.916149068323	0.0	0.0372670807453
-reo	0.0	0.860068259386	0.139931740614	0.0
-rem	0.47489150651	0.35275883447	0.0148791072536	0.157470551767
-ñii	0.669356902188	0.142693492528	0.0322181395126	0.155731465771
-ise	0.219939552669	0.651566239636	0.0121888143217	0.116305393374
-rea	0.00617134884219	0.962032788645	0.00362231345086	0.0281735490622
-isa	0.216216216216	0.332972972973	0.126486486486	0.324324324324
-mo'	0.302683201804	0.385073280722	0.126899661781	0.185343855693
-eve	0.00450894779852	0.0102859582272	0.0428350040858	0.942370089888
-eva	0.0654761904762	0.880952380952	0.0297619047619	0.0238095238095
-poc	0.46719820494	0.397807338858	0.127951267182	0.0070431890192
-res	0.00734116390817	0.0621329418046	0.255539241858	0.674986652429
-ret	0.0130912162162	0.983108108108	0.00380067567568	0.0
-upi	0.375	0.4375	0.104166666667	0.0833333333333
-hab	0.0	1.0	0.0	0.0
-ápa	0.0	0.958041958042	0.041958041958	0.0
-naí	0.0231839258114	0.976816074189	0.0	0.0
-maq	0.777384826922	0.131367970433	0.0286710245798	0.0625761780655
-co'	0.8957590867	0.0552325059994	0.00487230956889	0.0441360977316
-mar	0.0	1.0	0.0	0.0
-mat	0.562316669787	0.096361480372	0.0265867815016	0.314735068339
-haq	0.279483037157	0.282714054927	0.35056542811	0.0872374798061
-maa	0.140495867769	0.380165289256	0.294515401953	0.184823441022
-íco	0.209540034072	0.50936967632	0.231686541738	0.0494037478705
-qa'	0.124380824024	0.553236981015	0.155856182645	0.166526012316
-íñi	0.616761930241	0.244337294467	0.0541904402518	0.0847103350405
-se'	0.280332739156	0.491899386017	0.0701128936423	0.157654981184
-mle	0.251175069719	0.0288545433049	0.00200881354095	0.717961573435
-una	0.0812182741116	0.819796954315	0.0685279187817	0.0304568527919
-i'n	0.345826070114	0.298566724772	0.196978500872	0.158628704242
-óuo	0.380591201302	0.383872140468	0.0772251338456	0.158311524383
-pta	0.0909090909092	0.909090909091	0.0	0.0
-pto	0.00606004958222	0.926544853549	0.0426039849417	0.0247911119273
-aqa	0.283270790391	0.585043321434	0.0321725401982	0.099513347977
-ó'o	0.474283892771	0.312204376065	0.0545516883813	0.158960042783
-ó'i	0.339666537418	0.194261341605	0.440480806514	0.0255913144629
-ui'	0.180597137837	0.69853277261	0.0584271203003	0.0624429692522
-i's	0.28330287844	0.665228954462	0.00800390787545	0.0434642592224
-ia'	0.0591662931421	0.804751232631	0.136082474227	0.0
-gad	0.0	1.0	0.0	0.0
-tra	0.047742068823	0.925390100238	0.0	0.0268678309393
-é'e	0.623023299343	0.203821180166	0.0510270867396	0.122128433751
-ada	0.198648648649	0.677027027027	0.0324324324324	0.0918918918919
-ado	0.112159515756	0.823749332384	0.0640911518604	0.0
-tro	0.00578918461561	0.107500705093	0.0294654652872	0.857244645004
-gai	0.111111111111	0.681992337165	0.183908045977	0.0229885057471
-adi	0.127244927048	0.809650918703	0.0408168554176	0.0222872988312
-oqo	0.109807754969	0.135549038775	0.039100684262	0.715542521994
-gau	0.0	1.0	0.0	0.0
-i'p	0.937655860349	0.0623441396509	0.0	0.0
-gar	0.0	0.991023339318	0.00897666068223	0.0
-gaq	0.0255550900712	0.705488060327	0.258902387935	0.0100544616674
-noq	0.27244819647	0.586339217191	0.0452801227935	0.0959324635457
-cpi	0.118533946505	0.744540572199	0.0828890894394	0.0540363918569
-lan	0.191891891892	0.402702702703	0.105405405405	0.3
-seo	0.0417681865646	0.921684650191	0.018273581622	0.0182735816221
-sen	0.247576374745	0.0975967413442	0.0426883910387	0.612138492872
-sem	0.0	1.0	0.0	0.0
-sel	0.399808474982	0.519990423749	0.0418960976777	0.0383050035911
-bel	0.0404994937563	0.913938575768	0.00759365507931	0.0379682753966
-ino	0.0400972053463	0.737545565006	0.222357229647	0.0
-uip	0.093477000325	0.373570286166	0.482868921924	0.0500837915852
-uis	0.0	0.92	0.0	0.08
-i't	0.209040158835	0.565786419061	0.0742247443192	0.150948677785
-sec	0.195146890818	0.675630094667	0.0572574683564	0.0719655461589
-sea	0.0	1.0	0.0	0.0
-món	0.00731384382166	0.990248208238	0.0	0.00243794794055
-ỹim	0.0871840405975	0.0164901625437	0.00258430971678	0.893741487142
-ỹin	0.493058833261	0.0900380997795	0.018441655759	0.3984614112
-uim	0.0	1.0	0.0	0.0
-uic	0.0653950953679	0.869209809264	0.0653950953679	0.0
-set	0.295640251074	0.364582492184	0.166275283658	0.173501973084
-ser	0.0	1.0	0.0	0.0
-ỹic	0.539710471634	0.293003703448	0.0732638649277	0.0940219599905
-sep	0.0	0.430569430569	0.569430569431	0.0
-ga'	0.244097678843	0.104104270011	0.00733508271539	0.64446296843
-ooc	0.0296479308215	0.0420012353304	0.817171093267	0.111179740581
-ñan	0.328044797014	0.371441903873	0.0307979468035	0.26971535231
-dón	0.0	0.986790606654	0.0	0.0132093933464
-iac	0.200747924714	0.50090408482	0.253554697132	0.0447932933345
-són	0.0257423682979	0.962244526496	0.00514847365958	0.0068646315461
-rla	0.0	0.984962406015	0.00751879699247	0.00751879699247
-edi	0.524207746479	0.201584507042	0.0514964788733	0.222711267606
-nes	0.0167597765363	0.837988826816	0.0	0.145251396648
-rso	0.017316017316	0.982683982684	0.0	0.0
-neo	0.0213903743316	0.935828877005	0.0	0.0427807486631
-nem	0.727944608084	0.122680188826	0.0177195174729	0.131655685618
-iaq	0.0132932608947	0.971101606751	0.0156051323546	0.0
-bed	0.295336787565	0.704663212435	0.0	0.0
-ias	0.0113421550095	0.985349716446	0.00141776937618	0.00189035916824
-uii	0.270417569012	0.526077302551	0.0906628741424	0.112842254294
-ooz	0.0364741641337	0.963525835866	0.0	0.0
-nec	0.148974751235	0.744076423134	0.0615253580996	0.0454234675315
-eón	0.0723830734966	0.927616926503	0.0	0.0
-ban	0.0480712166172	0.891988130564	0.0	0.059940652819
-bas	0.0	1.0	0.0	0.0
-job	0.0	1.0	0.0	0.0
-sús	0.0100593919877	0.737834045255	0.0032679609734	0.248838601784
-ase	0.0669931003784	0.756732695304	0.107277987981	0.0689962163366
-ídi	0.422764227642	0.528455284553	0.0243902439024	0.0243902439024
-que	0.527659685433	0.162450667736	0.0437684795381	0.266121167293
-asa	0.0427275263062	0.0329365932546	0.0100262880386	0.914309592401
-qui	0.0636662731702	0.882491912545	0.0298003613032	0.0240414529818
-'on	0.478035151683	0.341351774427	0.153565696396	0.0270473774942
-opo	0.0	0.925531914894	0.0744680851064	0.0
-dro	0.00993799982029	0.978129211969	0.00366609758289	0.00826669062809
-po'	0.462996718921	0.384341961356	0.0751913962814	0.0774699234415
-zor	0.0	1.0	0.0	0.0
-xop	0.0307766024105	0.949246249677	0.00847738749033	0.0114997604217
-'ii	0.630329996292	0.169447534297	0.111234705228	0.0889877641824
-xot	0.104726075397	0.603283028922	0.0724356536033	0.219555242078
-ras	0.0637583892617	0.936241610738	0.0	0.0
-xoc	0.204895851613	0.467727025951	0.0890056753954	0.238371447041
-ram	0.0	1.0	0.0	0.0
-uía	0.0229497131286	0.969962875464	0.0	0.00708741140736
-go'	0.770253621416	0.0447553067139	0.0114245889398	0.173566482931
-uío	0.0	1.0	0.0	0.0
-jo'	0.113154362816	0.129807542674	0.0226648941538	0.734373200356
-xon	0.578012616578	0.237225634273	0.0549676576031	0.129794091545
-rac	0.493269739524	0.302989567274	0.0327842291402	0.170956464063
-xol	0.585106382979	0.271276595745	0.0478723404255	0.0957446808511
-xom	0.350220264317	0.4140969163	0.105726872247	0.129955947137
-ría	0.0122382376938	0.951536578733	0.0179494152842	0.0182757682894
-aén	0.0	1.0	0.0	0.0
-pos	0.0	0.976842917792	0.0115785411038	0.0115785411038
-añi	0.448353648876	0.308912306957	0.15749749937	0.0852365447967
-pon	0.277693474962	0.685887708649	0.0182094081942	0.0182094081943
-áta	0.27289246866	0.0942072310831	0.0384362311442	0.594464069112
-áto	0.360824742268	0.340206185567	0.0824742268041	0.216494845361
-aza	0.0	0.964705882353	0.0352941176471	0.0
-ouc	0.0833333333333	0.625	0.270833333333	0.0208333333333
-to'	0.520620532548	0.131594287957	0.0458030859779	0.301982093517
-oua	0.0688409212304	0.856478775882	0.0485515442863	0.0261287586012
-'al	0.0323770669676	0.940931383186	0.0084631743414	0.0182283755045
-laa	0.161073825503	0.838926174497	0.0	0.0
-oue	0.4974367518	0.285698838405	0.0480020268484	0.168862382946
-lac	0.228439425051	0.727070499658	0.0273785078713	0.0171115674196
-aat	0.699961943491	0.21319057752	0.0076789471523	0.0791685318371
-nor	0.0	1.0	0.0	0.0
-lao	0.333333333333	0.622222222222	0.0	0.0444444444444
-ouo	0.26326773352	0.62641813732	0.0504074284631	0.0599067006963
-lai	0.119038734234	0.379058138667	0.0201507575192	0.48175236958
-'na	0.185028674917	0.525203742831	0.247811651071	0.0419559311802
-aam	0.0	1.0	0.0	0.0
-aal	0.0	1.0	0.0	0.0
-ppi	0.102272727273	0.880681818182	0.0170454545454	0.0
-fos	0.0	1.0	0.0	0.0
-laq	0.535340698031	0.187267326399	0.0878877283004	0.18950424727
-las	0.01904340124	0.941541186891	0.0194862710363	0.0199291408326
-áco	0.064	0.792	0.048	0.096
-noc	0.0979667282809	0.887245841035	0.0147874306839	0.0
-aac	0.554355258072	0.168551831436	0.0765576819447	0.200535228547
-dot	0.201277955272	0.581469648562	0.0447284345047	0.172523961661
-dos	0.00848366385688	0.0102822005945	0.0186640604851	0.962570075063
-lo'	0.0322349717998	0.67939466009	0.00371144274024	0.28465892537
-nỹi	0.47124267508	0.313457795848	0.0771601886765	0.138139340395
-íỹa	0.817624122734	0.121720083427	0.00958693398072	0.0510688598588
-fás	0.00431034482759	0.993534482759	0.00215517241379	0.0
-doc	0.0176991150442	0.929203539823	0.0530973451327	0.0
-íỹi	0.48445669237	0.319729303098	0.0963760384622	0.0994379660692
-dol	0.0380348652932	0.88589540412	0.0190174326466	0.0570522979398
-íuo	0.260869565217	0.144927536232	0.333333333333	0.260869565217
-doi	0.125	0.875	0.0	0.0
-sas	0.0	1.0	0.0	0.0
-ión	0.0179640718563	0.966638152267	0.0153977758768	0.0
-saq	0.507299270073	0.339416058394	0.0	0.153284671533
-la'	0.091532253283	0.753894371628	0.0865634092301	0.0680099658586
-ou'	0.0306122448979	0.571428571429	0.0	0.397959183673
-mpi	0.186725414181	0.457678837385	0.291059314962	0.0645364334727
-ton	0.771937213137	0.142762307895	0.0184877188725	0.0668127600951
-tom	0.712765957447	0.117021276596	0.0425531914894	0.127659574468
-sac	0.165781083953	0.640807651435	0.187035069075	0.00637619553666
-ges	0.0408163265306	0.918367346939	0.0408163265306	0.0
-tot	0.434067198143	0.3744811099	0.0828890467094	0.108562645248
-'uo	0.370323649735	0.172238277582	0.0271742113942	0.430263861289
-tos	0.0360485268631	0.0360485268631	0.0568457538994	0.871057192374
-sad	0.0	1.0	0.0	0.0
-ola	0.098814229249	0.724637681159	0.171277997365	0.00527009222661
-aa'	0.537709497207	0.416201117318	0.0	0.0460893854749
-ole	0.0629319180842	0.373781363888	0.0803751187061	0.482911599322
-'ue	0.401695579239	0.409510511989	0.0885960242284	0.100197884544
-no'	0.394381576621	0.19928085791	0.0689129912831	0.337424574187
-rot	0.102739726027	0.0205479452055	0.0924657534247	0.784246575342
-éga	0.617903544465	0.0982698779661	0.026634637452	0.257191940117
-iel	0.071465491249	0.911951356085	0.0118451090468	0.00473804361871
-loi	0.0119930222416	0.856083733101	0.0119930222416	0.119930222416
-avo	0.0	1.0	0.0	0.0
-loc	0.200657785456	0.416830005648	0.228231620212	0.154280588685
-oce	0.00713195159263	0.03372544084	0.00125857969282	0.957884027875
-do'	0.406754283813	0.35568125104	0.098818832141	0.138745633006
-iez	0.0131392502898	0.0962256859461	0.00309158830349	0.887543475461
-éuo	0.457213509468	0.312097351467	0.0974490791956	0.133240059869
-rom	0.0	1.0	0.0	0.0
-oco	0.222664895972	0.556883576804	0.148738379814	0.0717131474103
-mas	0.0465717981889	0.953428201811	0.0	0.0
-loq	0.223818829751	0.390849522934	0.0926543280837	0.292677319232
-mñi	0.510067114094	0.44966442953	0.0402684563759	0.0
-ipi	0.0302928167488	0.636082624749	0.0228409626254	0.310783595876
-ipo	0.0	1.0	0.0	0.0
-'to	0.397019581262	0.212193125877	0.0284021643841	0.362385128476
-húm	0.0	1.0	0.0	0.0
-ipe	0.0177470907132	0.967066344099	0.0	0.0151865651874
-noé	0.0	1.0	0.0	0.0
-vos	0.0108794197643	0.989120580236	0.0	0.0
-rdo	0.0376175548589	0.736677115987	0.225705329154	0.0
-íta	0.259004416209	0.132665136868	0.0953860410579	0.512944405865
-sat	0.0138180924891	0.742983479703	0.243198427808	0.0
-áqa	0.351782654473	0.525237928116	0.0806168583167	0.0423625590949
-oñi	0.196863091545	0.64242644146	0.0997812437554	0.06092922324
-saú	0.134146341463	0.823170731707	0.0	0.0426829268292
-sto	0.0104765162116	0.924940719623	0.00471323313194	0.0598695310333
-'ña	0.289787107952	0.22712758755	0.0453459801451	0.437739324353
-ma'	0.822134648045	0.0914637162597	0.0293501739575	0.0570514617376
-éua	0.0214354930839	0.807092473258	0.0089895667601	0.162482466898
-hi'	0.44080492886	0.49740702983	0.0390053632375	0.0227826780728
-sta	0.0802792321117	0.720767888307	0.193717277487	0.00523560209424
-saí	0.0	1.0	0.0	0.0
-ain	0.646357002201	0.228541642534	0.0834009035098	0.0417004517549
-loé	0.0543478260869	0.869565217391	0.0217391304348	0.0543478260869
-ián	0.0	0.925925925926	0.0740740740741	0.0
-cua	0.623188405797	0.260869565217	0.115942028986	0.0
-'ga	0.610748959102	0.185331345022	0.0283677760619	0.175551919814
-spi	0.122753408539	0.820878371961	0.0139326939959	0.042435525504
-red	0.0	1.0	0.0	0.0
-tor	0.135371179039	0.786026200873	0.0786026200873	0.0
-áxa	0.190573897036	0.545498000007	0.132424767832	0.131503335125
-'go	0.103317691611	0.857413353091	0.0293899728328	0.00987898246481
-ñi'	0.129700603762	0.152222139549	0.00836983782301	0.709707418866
-oit	0.140845070423	0.605633802817	0.169014084507	0.0845070422535
-qo'	0.230018324163	0.326727223059	0.0350431160043	0.408211336774
-lem	0.305637310392	0.680778809147	0.0	0.0135838804618
-len	0.19921875	0.66796875	0.0	0.1328125
-lea	0.00300018751172	0.9855615976	0.00928183011439	0.00215638477405
-éna	0.239107681629	0.550051764242	0.0481710689563	0.162669485173
-éla	0.130660727543	0.864884929473	0.0	0.00445434298441
-leg	0.0	1.0	0.0	0.0
-oic	0.129472421818	0.637350088723	0.117018500033	0.116158989425
-ios	0.0313199663822	0.884759434508	0.00737680578936	0.0765437933201
-oin	0.495081967213	0.377049180328	0.0786885245901	0.0491803278688
-ioq	0.0	1.0	0.0	0.0
-les	0.0384615384615	0.961538461538	0.0	0.0
-leu	0.55663102053	0.142982863016	0.265544114305	0.0348420021484
-iot	0.322033898305	0.440677966102	0.237288135593	0.0
-eem	0.296903460838	0.415300546448	0.164845173042	0.122950819672
-eel	0.0252293577981	0.93004587156	0.0217889908257	0.0229357798165
-rra	0.0057273768614	0.980526918671	0.0137457044673	0.0
-ỹaq	0.0675193358291	0.866802683117	0.0280694325483	0.0376085485056
-fas	0.0330237358101	0.929824561404	0.0123839009288	0.0247678018576
-rro	0.0560747663551	0.943925233645	0.0	0.0
-eec	0.356580990229	0.450484978253	0.0912171662042	0.101716865314
-san	0.49285175369	0.325840088216	0.0689481727961	0.112359985297
-gio	0.0	0.906574394464	0.0934256055363	0.0
-alo	0.568874751008	0.207400900509	0.0564505980861	0.167273750397
-udá	0.00562324273664	0.994376757263	0.0	0.0
-ỹaa	0.496124031008	0.162790697674	0.062015503876	0.279069767442
-sam	0.0835266821345	0.216550657386	0.69528228925	0.0046403712297
-ndo	0.0344827586207	0.931034482759	0.0344827586207	0.0
-ali	0.595912679981	0.21272642824	0.177426846261	0.0139340455179
-ỹam	0.456149357757	0.110217946773	0.0232644481188	0.410368247352
-ỹan	0.509452782126	0.298008163766	0.0351410244606	0.157398029647
-ỹai	0.330750069195	0.332865446206	0.0163101498557	0.320074334744
-gia	0.0	0.965986394558	0.0340136054421	0.0
-ala	0.199487852946	0.76577681377	0.00785347075997	0.0268818625238
-lon	0.844660194175	0.0970873786407	0.0	0.0582524271845
-uva	0.0110643947776	0.983624695729	0.00442575791105	0.000885151582209
-ñic	0.289269051322	0.688958009331	0.0217729393468	0.0
-ñim	0.578165058543	0.228363365447	0.0472430592583	0.146228516752
-ñil	0.270833333333	0.552536231884	0.0353260869565	0.141304347826
-qoi	0.31861151403	0.384284499575	0.242584904717	0.0545190816786
-io'	0.203632920519	0.44714387612	0.150427169315	0.198796034046
-le'	0.0293179941874	0.934316416869	0.0248075335432	0.0115580554008
-oi'	0.689640023774	0.143421970695	0.120681189756	0.0462568157738
-ína	0.366425125714	0.325761258401	0.0682081126716	0.239605503213
-qot	0.447515844852	0.375812682485	0.0902814573962	0.0863900152671
-abé	0.0260438197602	0.968582058702	0.00413393964448	0.00124018189334
-chi	0.0628918925974	0.0447931152417	0.0246706015216	0.867644390639
-cho	0.0392697209783	0.022735101619	0.132621426111	0.805373751292
-cha	0.23603909649	0.157333571727	0.0622504320877	0.544376899696
-pen	0.327868852459	0.327868852459	0.0983606557377	0.245901639344
-ien	0.031897338997	0.0882677270022	0.12197778709	0.75785714691
-mga	0.50895140665	0.268542199488	0.173913043478	0.0485933503836
-pet	0.553137853257	0.429348547167	0.0175135995754	0.0
-ỹa'	0.0292834156122	0.791949588044	0.0770837896581	0.101683206686
-oré	0.0	0.92828685259	0.0239043824701	0.0478087649402
-elo	0.38425997655	0.37022585977	0.111769565256	0.133744598425
-ogo	0.0	1.0	0.0	0.0
-uet	0.509158530672	0.278380377649	0.0919586381787	0.120502453501
-ela	0.453703703704	0.435185185185	0.0888888888889	0.0222222222222
-ele	0.474832214765	0.293624161074	0.124161073826	0.107382550336
-ỹat	0.0672417963396	0.908248004515	0.0167701362574	0.00774006288801
-uo'	0.0829590733018	0.884138229916	0.00305361455054	0.0298490822315
-itu	0.0038437730876	0.960688684331	0.0337702921268	0.00169725045427
-ito	0.046704084559	0.918063009546	0.019664877709	0.0155680281864
-tes	0.0	0.979933110368	0.0200668896321	0.0
-eso	0.00791599353796	0.984814216478	0.0043618739903	0.00290791599354
-lás	0.021528525296	0.94617868676	0.032292787944	0.0
-esa	0.0993293858953	0.167183383368	0.0705968296021	0.662890401135
-ite	0.00419210764646	0.938271214906	0.049362067537	0.00817460991058
-ỹi'	0.481869397712	0.417768571041	0.037751921476	0.062610109771
-ita	0.150103756034	0.124075509976	0.0340086698411	0.69181206415
-'di	0.286689419795	0.276450511945	0.0682593856655	0.368600682594
-spe	0.0309428467419	0.898070622497	0.0600655260284	0.0109210047324
-'do	0.0198700802445	0.953381734811	0.0229270156668	0.0038211692778
-fté	0.0	1.0	0.0	0.0
-'da	0.363636363636	0.545454545455	0.0	0.0909090909091
-o's	0.0880829015544	0.0725388601036	0.80829015544	0.0310880829016
-de'	0.211845102506	0.116742596811	0.473234624146	0.198177676538
-o'u	0.448687350835	0.408114558473	0.0572792362768	0.0859188544152
-o't	0.192931380552	0.645219932317	0.0350361978812	0.126812489249
-m'a	0.629730784237	0.235271166602	0.046820132657	0.0881779165041
-spo	0.0	1.0	0.0	0.0
-n'a	0.326996197719	0.593155893536	0.0570342205323	0.0228136882129
-o'j	0.35672840543	0.549961063352	0.00192392847872	0.0913866027393
-o'm	0.417664670659	0.420658682635	0.0538922155689	0.107784431138
-o'l	0.0451620693819	0.890320688644	0.0	0.0645172419742
-bre	0.0431965442765	0.956803455724	0.0	0.0
-o'n	0.543738066615	0.305211795488	0.0551587582208	0.0958913796762
-so'	0.0848036795049	0.011904726647	0.0042864093956	0.899005184452
-nqa	0.238345223673	0.571409341769	0.0574325840176	0.132812850541
-áuo	0.271701768307	0.336598193484	0.144318989488	0.247381048721
-mii	0.687098907083	0.228190268757	0.00770098401462	0.0770098401462
-uol	0.0930163151611	0.8595636026	0.047420082239	0.0
-hue	0.379310344828	0.206896551724	0.252873563218	0.16091954023
-uoc	0.898734177215	0.0759493670886	0.0253164556962	0.0
-d'a	0.308581272655	0.118646848611	0.0443599038151	0.528411974918
-ait	0.0445269016697	0.910946196661	0.0445269016698	0.0
-abo	0.0	1.0	0.0	0.0
-lot	0.0206682741991	0.948329314502	0.0310024112986	0.0
-uoq	0.519754768392	0.455722070845	0.0102179836512	0.0143051771117
-vas	0.14945294672	0.837917226796	0.0126298264834	0.0
-nco	0.0209922133534	0.0503464412619	0.0131811572219	0.915480188163
-oo'	0.450943396226	0.469811320755	0.0509433962264	0.0283018867925
-tea	0.0243407707911	0.975659229209	0.0	0.0
-sou	0.162162162162	0.675675675676	0.0540540540541	0.108108108108
-sot	0.154256303521	0.807784832084	0.0271134745675	0.010845389827
-soq	0.155966855107	0.409148403418	0.274916750561	0.159967990914
-sop	0.427426533518	0.241292727586	0.111889981014	0.219390757882
-los	0.0213371266003	0.955547652916	0.0106685633002	0.0124466571835
-som	0.197462213048	0.757932639445	0.0164212161839	0.0281839313227
-sol	0.348684210526	0.527960526316	0.0575657894737	0.0657894736842
-óvi	0.0509708737864	0.919902912621	0.0291262135922	0.0
-oro	0.000549131457081	0.758931290343	0.239421315286	0.00109826291416
-óma	0.523958333333	0.345833333333	0.090625	0.0395833333333
-elí	0.0238568588469	0.940357852883	0.0238568588469	0.0119284294235
-ora	0.0	0.985294117647	0.0147058823529	0.0
-soc	0.916666666667	0.0833333333333	0.0	0.0
-ris	0.0	1.0	0.0	0.0
-jec	0.668597179479	0.0229739991822	0.00656399976634	0.301864821573
-áỹa	0.0330224612154	0.260009180974	0.282162178481	0.42480617933
-l'a	0.173745173745	0.741312741313	0.0617760617761	0.023166023166
-áỹo	0.517928286853	0.470119521912	0.011952191235	0.0
-a'l	0.272985781991	0.212322274881	0.477725118483	0.0369668246445
-áỹi	0.411195097928	0.237425873942	0.0731266789326	0.278252349198
-rut	0.0	1.0	0.0	0.0
-lis	0.0128342245989	0.88449197861	0.0	0.102673796791
-ico	0.191674264963	0.623206134058	0.119414060203	0.0657055407768
-lim	0.0	1.0	0.0	0.0
-lio	0.00759032486589	0.978747090375	0.00910838983907	0.00455419491955
-lii	0.329847908745	0.428707224335	0.188212927757	0.0532319391635
-sué	0.0162866449511	0.983713355049	0.0	0.0
-oma	0.100641062602	0.843377346326	0.0154106627109	0.0405709283614
-lia	0.0636913063691	0.823337982334	0.0404463040446	0.0725244072525
-ica	0.00869250271641	0.982614994567	0.00434625135821	0.00434625135821
-lic	0.533101175023	0.410667019881	0.0152821679542	0.0409496371419
-eas	0.0162162162162	0.854054054054	0.054054054054	0.0756756756756
-uot	0.840909090909	0.113636363636	0.0	0.0454545454545
-áñi	0.393549246478	0.285155090923	0.111209814846	0.210085847752
-édi	0.674418604651	0.0930232558139	0.162790697674	0.0697674418605
-tán	0.0	1.0	0.0	0.0
-ỹet	0.432496813606	0.23954521836	0.134055332851	0.193902635183
-éda	0.0830858214788	0.155580740972	0.0302876348288	0.73104580272
-oda	0.132217161147	0.631170749723	0.166440970085	0.0701711190447
-ỹem	0.0185198487589	0.91242906493	0.0467044987037	0.0223465876069
-ode	0.0	1.0	0.0	0.0
-rna	0.0	1.0	0.0	0.0
-ỹen	0.53199247236	0.384968242766	0.0275229357798	0.0555163490943
-odi	0.105633802817	0.771126760563	0.12323943662	0.0
-ỹec	0.590625	0.234375	0.04375	0.13125
-odo	0.00864312535414	0.982713749292	0.0	0.00864312535413
-zer	0.0	1.0	0.0	0.0
-ipa	0.0	0.993335801555	0.00666419844501	0.0
-lỹi	0.424107142857	0.486607142857	0.0	0.0892857142857
-rge	0.0	0.986666666667	0.0	0.0133333333333
-sda	0.0327868852459	0.967213114754	0.0	0.0
-á'i	0.305788590604	0.414010067114	0.0629194630873	0.217281879195
-ne'	0.388812530375	0.273895996943	0.074355934022	0.26293553866
-á'a	0.182444793246	0.0565149084376	0.0159300653876	0.745110232928
-á'e	0.443655723159	0.179236912156	0.1685891748	0.208518189885
-nio	0.0173745173745	0.982625482625	0.0	0.0
-pai	0.255570117955	0.689384010485	0.0550458715596	0.0
-pal	0.414201183432	0.473372781065	0.0177514792899	0.094674556213
-pan	0.0138475791116	0.979423667658	0.00146277244136	0.00526598078892
-ape	0.4403436127	0.353174350692	0.102721701432	0.103760335175
-api	0.110434999168	0.720632365422	0.136579069053	0.0323535663576
-nce	0.020554344441	0.428526938648	0.0270943631268	0.523824353784
-paq	0.073295245411	0.804999439884	0.0288059916463	0.0928993230592
-pas	0.114061557031	0.885938442969	0.0	0.0
-pat	0.215050577824	0.680943371242	0.0625293176314	0.0414767333033
-cda	0.315789473684	0.655502392345	0.0	0.0287081339713
-fat	0.0	1.0	0.0	0.0
-ó'e	0.0536341779175	0.906232661365	0.0345847974847	0.00554836323284
-aro	0.0106032906764	0.953199268738	0.00219378427788	0.0340036563072
-icó	0.00606060606061	0.993939393939	0.0	0.0
-r'a	0.459699833241	0.141930702242	0.00963498239763	0.38873448212
-'o'	0.327233263821	0.462569689748	0.111886623824	0.0983104226071
-ael	0.0161037958222	0.973664959766	0.00121921482565	0.00901202958628
-omé	0.00217391304348	0.971739130435	0.0130434782609	0.0130434782609
-íga	0.133333333333	0.866666666667	0.0	0.0
-t'e	0.0109677419355	0.935806451613	0.00266129032258	0.050564516129
-aga	0.357250850828	0.309060885968	0.066935758473	0.266752504731
-lel	0.449367088608	0.382911392405	0.129746835443	0.0379746835443
-t'a	0.181890729108	0.535944495431	0.0336008207308	0.24856395473
-zín	0.0	1.0	0.0	0.0
-dia	0.0306905370844	0.851662404092	0.0102301790281	0.107416879795
-dic	0.10947012016	0.725229998399	0.116714250259	0.0485856311823
-i'j	0.344002154713	0.435094885924	0.172983042859	0.0479199165049
-i'i	0.186002522068	0.344262295082	0.321563682219	0.148171500631
-dio	0.0	0.941307993292	0.0288801937768	0.0298118129309
-aña	0.0	1.0	0.0	0.0
-dii	0.228292719113	0.456437075776	0.053410481807	0.261859723304
-i'm	0.469565217391	0.426086956522	0.0	0.104347826087
-i'l	0.530931871574	0.409553641347	0.0172278778387	0.0422866092404
-dit	0.0416666666667	0.916666666667	0.0416666666667	0.0
-fes	0.25641025641	0.615384615385	0.0512820512821	0.0769230769231
-ai'	0.24938186716	0.206280184959	0.0989496770215	0.445388270859
-son	0.0	1.0	0.0	0.0
-dis	0.0	1.0	0.0	0.0
-feo	0.0	1.0	0.0	0.0
-mit	0.393644129267	0.54239187961	0.0267211964187	0.0372427947038
-sli	0.0	1.0	0.0	0.0
-'oi	0.374178056802	0.111893227157	0.0366984459194	0.477230270122
-'om	0.480710615693	0.246277105286	0.249934686058	0.0230775929635
-'ol	0.314450867052	0.528323699422	0.0531791907515	0.104046242775
-lta	0.230519480519	0.589285714286	0.146103896104	0.0340909090909
-ovi	0.373540856031	0.261997405966	0.224383916991	0.140077821012
-'oc	0.321971273666	0.507769782513	0.0398528349405	0.130406108881
-nno	0.03125	0.90625	0.0625	0.0
-tpi	0.221955801511	0.585734751613	0.114320542732	0.0779889041439
-'ot	0.330597092379	0.182586871284	0.060640203086	0.42617583325
-—ỹa	0.468472165231	0.122828614417	0.00820681165367	0.400492408699
-qam	0.38198757764	0.0931677018634	0.0372670807453	0.487577639752
-qal	0.0294097312706	0.922194508411	0.0397589784772	0.00863678184149
-di'	0.103155727122	0.0169544943237	0.00362628288045	0.876263495674
-qai	0.266861362374	0.454280755291	0.141693590343	0.137164291991
-oỹa	0.494532538973	0.200218934702	0.291781679576	0.0134668467497
-'vi	0.247616107797	0.605223424886	0.0452956294751	0.101864837842
-ỹii	0.332114361702	0.435449911347	0.153479609929	0.0789561170213
-eta	0.311157962747	0.197366382461	0.0643980400229	0.427077614768
-tia	0.037037037037	0.962962962963	0.0	0.0
-aic	0.109600466648	0.396999863398	0.361177185599	0.132222484356
-ail	0.182884756575	0.261516853243	0.265389158038	0.290209232144
-tio	0.0338983050847	0.898305084746	0.0677966101695	0.0
-lón	0.0	1.0	0.0	0.0
-eme	0.246679316888	0.599620493359	0.0853889943074	0.0683111954459
-ema	0.577433126724	0.132523039654	0.0307456275358	0.259298206086
-emo	0.0145454545454	0.945454545455	0.0145454545455	0.0254545454545
-osé	0.0249011278746	0.971436941556	0.00073238611396	0.00292954445584
-rug	0.0	1.0	0.0	0.0
-'ỹa	0.517973862494	0.264303226084	0.0771558940414	0.14056701738
-lix	0.0559284116331	0.921700223714	0.0	0.0223713646532
-das	0.0614645858343	0.915006002401	0.000960384153662	0.0225690276111
-'a'	0.0392890551918	0.906454630496	0.0430308699719	0.0112254443405
-mdi	0.108695652174	0.471014492754	0.405797101449	0.0144927536232
-cio	0.0534326424871	0.931994818653	0.00971502590674	0.00485751295337
-ana	0.647606029093	0.267893720522	0.0354081402662	0.049092110119
-cia	0.0016724738676	0.96181184669	0.0340069686411	0.00250871080139
-zar	0.0	1.0	0.0	0.0
-cis	0.0740740740741	0.925925925926	0.0	0.0
-blo	0.019465581313	0.932507520793	0.00322066890816	0.044806228986
-ésa	0.0366524129505	0.743433109346	0.128283445327	0.0916310323763
-ja'	0.247874072734	0.533743441288	0.164103491949	0.0542789940293
-eda	0.343280777068	0.478822528636	0.104453104908	0.0734435893885
-iqa	0.150755663931	0.50590973665	0.285189635759	0.0581449636598
-rce	0.0111111111111	0.188888888889	0.0111111111111	0.788888888889
-ete	0.142461962758	0.17546753238	0.033529170282	0.64854133458
-qto	0.160305343511	0.748091603053	0.0	0.0916030534351
-eto	0.166745171926	0.651436646255	0.0301460197833	0.151672162035
-rco	0.00793650793651	0.992063492063	0.0	0.0
-'ac	0.523253023017	0.249124752738	0.128195790537	0.0994264337087
-'an	0.201960784314	0.71568627451	0.0235294117647	0.0588235294118
-ías	0.0115757896594	0.968801835186	0.00988177166049	0.00974060349391
-ede	0.119203581292	0.829011256344	0.0168895003938	0.0348956619707
-'ai	0.356400274996	0.292355093787	0.0171895661799	0.334055065037
-'au	0.0773121932804	0.691506228766	0.0940732351831	0.137108342771
-'at	0.608785175017	0.259437199725	0.0408373369938	0.0909402882635
-'as	0.205882352941	0.352941176471	0.235294117647	0.205882352941
-ata	0.269170895565	0.368313135151	0.126709155975	0.235806813309
-ato	0.0335399939018	0.894196564691	0.0414676288241	0.0307958125826
-'am	0.0682540873784	0.0548197613011	0.0218203610962	0.855105790224
-ose	0.653194765204	0.10103926097	0.156274056967	0.0894919168592
-'la	0.0582524271845	0.922330097087	0.0	0.0194174757281
-oxo	0.321119812247	0.514763991666	0.118542998779	0.0455731973082
-osa	0.311345646438	0.360158311346	0.241424802111	0.0870712401055
-'le	0.323160895745	0.0724051956107	0.0173998954154	0.587034013229
-not	0.566764274793	0.278933633101	0.0679593380298	0.0863427540763
-pee	0.0094152626363	0.891476709613	0.0589692765113	0.0401387512389
-'li	0.461344319373	0.0207336708019	0.00383899067986	0.514083019145
-oso	0.215979381443	0.741237113402	0.0154639175258	0.0273195876288
-ula	0.838082901554	0.136010362694	0.0259067357513	0.0
-vi'	0.459212827215	0.201372368508	0.0167409560488	0.322673848228
-'lo	0.222547584187	0.338213762811	0.0702781844802	0.368960468521
-lén	0.0102829912636	0.957864816286	0.00296785520211	0.0288843372487
-nia	0.0119143753558	0.970028726883	0.0135559115159	0.00450098624552
-aca	0.140106844068	0.840237879246	0.0196552766858	0.0
-aco	0.234053329378	0.612218401546	0.08654946291	0.0671788061664
