jer-	0.00719068225365	0.984886649874	0.000904217528905	0.00701845034339
ivi-	0.659555942534	0.154984762734	0.0365694383979	0.148889856334
vas-	0.164921465968	0.814659685864	0.00314136125655	0.017277486911
ají-	0.45867768595	0.154958677686	0.188016528926	0.198347107438
cao-	0.0314685314685	0.937062937063	0.0	0.0314685314685
son-	0.486651424206	0.243066797048	0.0741413427861	0.19614043596
maa-	0.0	1.0	0.0	0.0
ica-	0.0527326670831	0.449227045596	0.153536851968	0.344503435353
jac-	0.0296627572674	0.932642723497	0.00766668187833	0.0300278373568
fal-	0.274074074074	0.288888888889	0.274074074074	0.162962962963
aot-	0.336538461538	0.192307692308	0.0	0.471153846154
ẍoc-	0.100122755869	0.815866196103	0.0748043578334	0.00920669019486
oje-	0.255474452555	0.464872262774	0.160583941606	0.119069343066
ogo-	0.239316239316	0.48717948718	0.0512820512821	0.222222222222
ver-	0.233581584293	0.563303994584	0.0406228842248	0.162491536899
júp-	0.0	1.0	0.0	0.0
ond-	0.417822233706	0.238868126005	0.229346926579	0.113962713709
nij-	0.493761071156	0.371490062885	0.0732911678871	0.061457698072
jné-	0.236842105263	0.631578947368	0.131578947368	0.0
abí-	0.0	0.928571428571	0.0714285714286	0.0
mah-	0.3738170347	0.351735015773	0.0520504731861	0.222397476341
alm-	0.221738587572	0.591460235984	0.0668068674006	0.119994309044
joe-	0.648191846746	0.0870075673917	0.00523091587524	0.259569669987
eno-	0.0689655172414	0.931034482759	0.0	0.0
diẍ-	0.630071305631	0.175682321121	0.0688468158348	0.125399557413
coá-	0.800316693058	0.0979248270689	0.0220018334861	0.0797566463872
ite-	0.490677966102	0.410169491525	0.0177966101695	0.0813559322034
xex-	0.0221402214022	0.665682656827	0.290036900369	0.0221402214022
lis-	0.101814785921	0.383132228252	0.452699970959	0.0623530148679
tea-	0.28146742568	0.543959519292	0.123339658444	0.0512333965844
toc-	0.350958208266	0.389286538906	0.0519510505657	0.207804202263
san-	0.315755717163	0.546350198456	0.0679512885408	0.0699427958401
pre-	0.161297549173	0.752677091268	0.0537658497244	0.0322595098347
jis-	0.509594882729	0.37526652452	0.0597014925373	0.0554371002132
roa-	0.0612308284817	0.210623617614	0.691979976847	0.0361655770564
icj-	0.272326334011	0.194822006472	0.0716489802062	0.461202679311
seg-	0.171710721388	0.322483504452	0.104686186779	0.401119587382
jim-	0.187340334942	0.43135585202	0.218374491437	0.162929321601
caq-	0.0603318250377	0.864253393665	0.0754147812971	0.0
sij-	0.573315648228	0.190596204291	0.0395888325642	0.196499314917
pró-	0.0	1.0	0.0	0.0
abi-	0.0106080697102	0.97878386058	0.0	0.0106080697102
ayu-	0.378823529412	0.522352941176	0.0564705882353	0.0423529411765
gál-	0.0877192982456	0.842105263158	0.0701754385965	0.0
mil-	0.0442359435011	0.571666084516	0.0772661468119	0.306831825171
dis-	0.329489291598	0.237232289951	0.39373970346	0.0395387149918
tib-	0.0	0.979661016949	0.0	0.0203389830508
gan-	0.0	0.918918918919	0.0608108108108	0.0202702702702
rro-	0.54674621199	0.197533865477	0.0462417051215	0.209478217411
ono-	0.801123536726	0.0952953911654	0.0520923457049	0.0514887264035
jij-	0.348958333333	0.495442708333	0.06640625	0.0891927083333
sen-	0.620678392393	0.252324525322	0.0426238786568	0.084373203628
ini-	0.492063492063	0.222222222222	0.285714285714	0.0
rep-	0.069056234157	0.835817135999	0.0524439355099	0.0426826943341
mig-	0.168831168831	0.831168831169	0.0	0.0
mas-	0.0962589809819	0.0504428365878	0.0398410702984	0.813457112132
lor-	0.0360777058279	0.807585568918	0.0481036077705	0.108233117484
jiẍ-	0.482526714325	0.266271452412	0.209231075796	0.0419707574663
tai-	0.270812437312	0.245737211635	0.393179538616	0.0902708124373
ont-	0.427091043671	0.425610658771	0.0821613619541	0.0651369356033
paf-	0.0	1.0	0.0	0.0
hum-	0.614285714286	0.271428571429	0.0857142857143	0.0285714285714
abr-	0.0450782034469	0.925512869532	0.022476567553	0.00693235946785
iri-	0.476823961221	0.341747843459	0.155874928373	0.0255532669465
zaq-	0.130340724716	0.790156841536	0.0308274743104	0.0486749594375
nor-	0.0712871287128	0.673267326733	0.0772277227722	0.178217821782
nen-	0.00627393788652	0.988706911804	0.00501915030922	0.0
has-	0.0915077991931	0.0300277489388	0.0311771236644	0.847287328204
ong-	0.38267228008	0.446709505872	0.0572789718591	0.113339242189
her-	0.0427530973227	0.79800352532	0.0631150759898	0.0961283013677
ate-	0.0785241248817	0.910122989593	0.0	0.0113528855251
jid-	0.59136136958	0.237568431936	0.0885349813198	0.0825352171644
har-	0.200729927007	0.773722627737	0.0255474452555	0.0
jur-	0.213450292398	0.652046783626	0.0745614035088	0.0599415204679
jat-	0.00924214417744	0.0998151571164	0.890942698706	0.0
sin-	0.477045261436	0.229942345748	0.0534384150607	0.239573977756
aut-	0.111918604651	0.65988372093	0.104651162791	0.123546511628
urí-	0.0	1.0	0.0	0.0
dor-	0.00986842105263	0.990131578947	0.0	0.0
teẍ-	0.345163288427	0.530408078305	0.0716987369324	0.0527298963362
pat-	0.0103743797925	0.93549842129	0.00811907983762	0.0460081190798
toe-	0.157054243104	0.409924772337	0.118252606572	0.314768377986
alt-	0.119621605127	0.855813243821	0.0227342081172	0.00183094293561
urb-	0.0	1.0	0.0	0.0
jor-	0.00933237616653	0.990667623833	0.0	0.0
daq-	0.677063339731	0.276871401152	0.00575815738963	0.0403071017275
naí-	0.0344827586207	0.862068965517	0.0	0.103448275862
joí-	0.818893943321	0.0529076885954	0.00960739277702	0.118590975307
raz-	0.172112771739	0.695957880435	0.0433650362319	0.0885643115942
olé-	0.17511669081	0.815226138741	0.00965717044905	0.0
jam-	0.159943591236	0.105491087059	0.062098784687	0.672466537018
vig-	0.553719008264	0.347107438017	0.0	0.099173553719
aji-	0.539256198347	0.380165289256	0.0309917355372	0.0495867768595
boc-	0.0	1.0	0.0	0.0
nig-	0.330445699646	0.365911844017	0.0907481237729	0.212894332564
por-	0.222248348186	0.365327188507	0.0549037127607	0.357520750547
tsé-	0.340098738343	0.326553863032	0.252331321997	0.0810160766278
euf-	0.0344827586207	0.948275862069	0.0	0.0172413793103
alf-	0.0	1.0	0.0	0.0
cji-	0.410999451232	0.277977653763	0.0290624193711	0.281960475633
cos-	0.21870171103	0.525683817872	0.0349793429313	0.220635128166
noe-	0.595409266481	0.27845644902	0.0484207802769	0.0777135042229
sig-	0.504437946417	0.191877535504	0.0313661774804	0.272318340598
och-	0.390008393659	0.186493734438	0.103173446202	0.320324425702
qui-	0.0907966510119	0.776491570184	0.107463460183	0.0252483186215
aci-	0.0	0.929084001688	0.0709159983115	0.0
oxa-	0.675824175824	0.258241758242	0.032967032967	0.032967032967
ẍoẍ-	0.00551977920883	0.779208831647	0.215271389144	0.0
ped-	0.0186948216998	0.894794627683	0.00589571207268	0.0806148385447
rat-	0.149506744755	0.237434592674	0.0100511257261	0.603007536844
che-	0.185878441859	0.502710125027	0.309387873094	0.00202356002024
dih-	0.402666966822	0.546721577404	0.0355948699953	0.0150165857793
epa-	0.209973753281	0.669291338583	0.0577427821522	0.0629921259843
oro-	0.0145833333333	0.635416666667	0.33591954023	0.0140804597701
víx-	0.236286919831	0.616033755274	0.0126582278481	0.135021097046
asi-	0.0655788655789	0.895571095571	0.0211344211344	0.0177156177156
dia-	0.0415171706817	0.909789851358	0.0328036904152	0.0158892875449
nan-	0.0449108142019	0.523818203398	0.0763081148903	0.35496286751
oto-	0.369665061051	0.164893021172	0.0520891676935	0.413352750084
seq-	0.27397260274	0.236301369863	0.428082191781	0.0616438356164
uva-	0.0296662546353	0.948084054388	0.0222496909765	0.0
goe-	0.472913358038	0.486324333863	0.0151755779072	0.0255867301923
ses-	0.00323485011861	0.0409747681691	0.0	0.955790381712
tér-	0.262543757293	0.714119019837	0.0233372228705	0.0
mue-	0.0948957584471	0.764917325665	0.114306254493	0.0258806613947
iná-	0.163284299044	0.0883042929779	0.133945997457	0.614465410522
hor-	0.0289156626506	0.895763699961	0.0103381267003	0.0649825106879
xiv-	0.137351539145	0.697826613881	0.0654439686515	0.0993778783227
mel-	0.0467860906217	0.941833508957	0.00252897787144	0.00885142255005
pal-	0.239533903817	0.599365640346	0.0593425441624	0.101757911675
cue-	0.0825616456021	0.734526670144	0.042453243451	0.140458440803
mir-	0.00826446280991	0.979338842975	0.0082644628099	0.00413223140497
isa-	0.0601802333444	0.903674743973	0.0180725113414	0.0180725113414
oxi-	0.469960624921	0.227740378509	0.0821372623735	0.220161734197
eut-	0.0	1.0	0.0	0.0
pud-	0.0	1.0	0.0	0.0
dio-	0.0838921160701	0.765573483996	0.00929259152851	0.141241808406
yah-	0.410313901345	0.394618834081	0.134529147982	0.060538116592
bab-	0.0187969924812	0.960526315789	0.0206766917293	0.0
ita-	0.085308056872	0.724170616114	0.150710900474	0.0398104265403
chá-	0.443797769196	0.391727658195	0.0907445917843	0.0737299808248
oja-	0.53531598513	0.334572490706	0.111524163569	0.0185873605948
láz-	0.0764947245017	0.842321219226	0.00791324736225	0.0732708089097
cac-	0.103292597949	0.874573273919	0.022134128132	0.0
sor-	0.24	0.64	0.072	0.048
moi-	0.078895648065	0.886515308946	0.0048230547119	0.0297659882775
xid-	0.0123531184092	0.937270262127	0.0438083760169	0.00656824344682
rio-	0.118242088716	0.440913129656	0.0604880049211	0.380356776707
opo-	0.25725308642	0.618364197531	0.0589506172839	0.0654320987655
xim-	0.0588859582855	0.861329018463	0.0570430763842	0.0227419468675
jud-	0.034897559133	0.826430898945	0.100764845353	0.0379066965686
joi-	0.625464222647	0.202116899708	0.0434305526595	0.128988324986
oni-	0.553930530165	0.202925045704	0.140767824497	0.102376599634
non-	0.205289495248	0.646621879088	0.0306472861268	0.117441339537
gro-	0.165745856354	0.325966850829	0.408839779006	0.0994475138121
jañ-	0.173567176285	0.120590217796	0.0348594868621	0.670983119056
uzí-	0.0	1.0	0.0	0.0
cis-	0.0	1.0	0.0	0.0
mal-	0.17328042328	0.767195767196	0.0436507936508	0.015873015873
adá-	0.0692056583243	0.852448313384	0.0126224156692	0.0657236126224
iyó-	0.0182704019488	0.204019488429	0.0426309378806	0.735079171742
sab-	0.0	0.963718312685	0.0362816873148	0.0
ñah-	0.642141924249	0.207662168045	0.0261210274271	0.124074880279
chó-	0.0703597501995	0.09183028733	0.103124921601	0.73468504087
nin-	0.153656556652	0.54551634932	0.180901287621	0.119925806408
jní-	0.0140708393984	0.970111596312	0.0146530810286	0.00116448326055
veg-	0.311320754717	0.433962264151	0.254716981132	0.0
paj-	0.0127118644068	0.726694915254	0.260593220339	0.0
veq-	0.346858168761	0.354039497307	0.155834829443	0.143267504488
cie-	0.0259208073267	0.0549883550019	0.0518416146535	0.867249223018
coh-	0.219444764428	0.108858426449	0.334178090082	0.337518719042
toy-	0.528723608509	0.410101759102	0.0218480829962	0.0393265493932
sir-	0.224019040965	0.708892945016	0.0306015502544	0.0364864637648
cjá-	0.771428571429	0.194285714286	0.0342857142857	0.0
sós-	0.040404040404	0.959595959596	0.0	0.0
ova-	0.539191956805	0.229938558927	0.0904327472937	0.140436736974
esr-	0.0	1.0	0.0	0.0
iyá-	0.254308337215	0.181648812296	0.348858872846	0.215183977643
egi-	0.00872678451556	0.929738196465	0.0615350190199	0.0
and-	0.210526315789	0.676946603798	0.0386134828597	0.0739135975532
apa-	0.170616113744	0.322274881516	0.0142180094787	0.492890995261
ALL	0.229466354456	0.284789927992	0.0540998210489	0.431643896503
ana-	0.0426799007444	0.909677419355	0.00893300248139	0.0387096774193
ic̈-	0.273815222594	0.173288654859	0.205361416946	0.347534705601
nue-	0.169924212206	0.299162345433	0.205823693658	0.325089748704
mae-	0.0190719622493	0.930593786866	0.0164176169878	0.033916633897
cil-	0.0051282051282	0.989743589744	0.0051282051282	0.0
per-	0.0337986584532	0.0306999422256	0.00615131906006	0.929350080261
arm-	0.0460122699386	0.852760736196	0.0644171779141	0.0368098159509
deo-	0.0350877192982	0.754385964912	0.0	0.210526315789
mor-	0.0125332915557	0.0278865737114	0.9548801504	0.00469998433337
zor-	0.0	1.0	0.0	0.0
raj-	0.102345209202	0.69070630415	0.0332159526852	0.173732533963
últ-	0.0779768177029	0.139796276783	0.778011942395	0.00421496311907
lid-	0.0471264367816	0.880459770115	0.0275862068965	0.0448275862069
div-	0.215926493109	0.71056661562	0.0643185298621	0.00918836140887
sot-	0.391053391053	0.463924963925	0.0487012987013	0.0963203463203
gas-	0.367346938776	0.632653061224	0.0	0.0
lev-	0.031710548104	0.916438979964	0.0490561351217	0.00279433681073
tie-	0.124950180192	0.364357477543	0.0652488606834	0.445443481582
far-	0.015306122449	0.968112244898	0.0140306122449	0.00255102040816
ces-	0.058158856763	0.887005649718	0.0169491525424	0.0378863409771
dat-	0.525204342418	0.324598170087	0.0656048993194	0.0845925881762
tac-	0.7265625	0.234375	0.0390625	0.0
mes-	0.186668627794	0.715244390105	0.00364034160377	0.0944466404979
num-	0.158520475561	0.455746367239	0.0792602377807	0.306472919419
arc-	0.153	0.787	0.024	0.036
nej-	0.0489909533751	0.847599164927	0.0850382741824	0.0183716075157
adi-	0.71927851956	0.260623096744	0.00365425158117	0.0164441321152
saú-	0.492063492064	0.47619047619	0.031746031746	0.0
ami-	0.178834352318	0.776308526087	0.0115856141867	0.0332715074081
ján-	0.0967412956277	0.051101400023	0.0147147520847	0.837442552265
voc-	0.26213592233	0.359223300971	0.0485436893204	0.330097087379
ome-	0.264150943396	0.261006289308	0.0283018867924	0.446540880503
cai-	0.0318459450984	0.0808942709142	0.0270741491451	0.860185634842
cás-	0.107142857143	0.767857142857	0.0714285714286	0.0535714285714
ram-	0.106561093864	0.80030695176	0.0261606613415	0.0669712930342
sec-	0.656586870784	0.213078367797	0.0978833458556	0.0324514155629
tsa-	0.533143656177	0.239315135081	0.160079715798	0.0674614929439
ult-	0.0471698113208	0.127358490566	0.353773584906	0.471698113208
coa-	0.627096867236	0.164379969715	0.0608329127035	0.147690250346
jai-	0.231500965223	0.15303917497	0.0427898898893	0.572669969917
dec-	0.438983294635	0.409990342532	0.0353833192924	0.115643043541
tal-	0.0731707317073	0.926829268293	0.0	0.0
vay-	0.722872233383	0.177246738713	0.0132537929462	0.0866272349579
ẍoi-	0.144628099174	0.572314049587	0.183884297521	0.099173553719
iní-	0.19512195122	0.731707317073	0.0487804878049	0.0243902439024
ndé-	0.661971830986	0.338028169014	0.0	0.0
tja-	0.436960860625	0.409839276307	0.0771807840956	0.0760190789729
jeh-	0.0977106619968	0.0251277374563	0.0107348962311	0.866426704316
rod-	0.0181818181818	0.981818181818	0.0	0.0
naa-	0.0100806451613	0.873991935484	0.115927419355	0.0
cal-	0.0416666666667	0.958333333333	0.0	0.0
zaf-	0.136363636364	0.863636363636	0.0	0.0
pue-	0.180599308951	0.506012476756	0.0201158028568	0.293272411436
taz-	0.0597014925373	0.880597014925	0.0597014925373	0.0
pon-	0.0693641618497	0.895953757226	0.0	0.0346820809248
lom-	0.662790697675	0.267441860465	0.0697674418605	0.0
gól-	0.0	1.0	0.0	0.0
hig-	0.0708534621578	0.834675254965	0.0944712828771	0.0
feo-	0.444399582318	0.286578489384	0.124295161852	0.144726766446
nga-	0.0330112366714	0.0996859851925	0.0128939526419	0.854408825494
ben-	0.0	1.0	0.0	0.0
dió-	0.384164222874	0.545454545455	0.0439882697947	0.0263929618768
veh-	0.744780464775	0.0422598751508	0.0269527356659	0.186006924409
goc-	0.0664206642066	0.380073800738	0.509225092251	0.0442804428044
osé-	0.169460508015	0.218505233877	0.164702437596	0.447331820511
nip-	0.111037123356	0.839021142001	0.00998834692857	0.0399533877144
goa-	0.642277436015	0.152933288134	0.0465866376861	0.158202638165
pis-	0.0813084112149	0.61308411215	0.255140186916	0.0504672897196
tse-	0.544121675183	0.305897594252	0.0431450658286	0.106835664737
yun-	0.157002676182	0.664585191793	0.0133809099019	0.165031222123
der-	0.285229841748	0.60851544838	0.0576488319518	0.0486058779201
lam-	0.056098892278	0.922864023118	0.0210370846042	0.0
nar-	0.272818055572	0.392212401089	0.284534538758	0.0504350045806
its-	0.393750573646	0.4496058415	0.0927011840052	0.0639424008485
die-	0.0895237337365	0.117892810249	0.0596824891577	0.732900966856
idi-	0.391135688346	0.423407065038	0.123060415979	0.0623968306372
cua-	0.0578727089046	0.379780632126	0.0676143743686	0.494732284601
dám-	0.0	1.0	0.0	0.0
ans-	0.10911128604	0.679717928534	0.0400076768104	0.171163108616
goñ-	0.210702341137	0.264214046823	0.47491638796	0.0501672240803
enc-	0.197452229299	0.764331210191	0.0	0.0382165605096
sat-	0.554911619664	0.295612666951	0.0249713603357	0.124504353049
pur-	0.31335542429	0.330067713586	0.230154156462	0.126422705662
sió-	0.0176056338028	0.975352112676	0.0	0.00704225352113
esl-	0.0	1.0	0.0	0.0
ani-	0.394157205774	0.146408094013	0.0571297895529	0.40230491066
orr-	0.492996042489	0.259387524192	0.0733678320946	0.174248601225
evo-	0.0740740740741	0.925925925926	0.0	0.0
nad-	0.544229149115	0.334456613311	0.0593934288122	0.0619208087616
cjó-	0.406644998194	0.511014806789	0.0390032502709	0.0433369447454
neg-	0.139652420642	0.685006206774	0.114825323639	0.0605160489448
eub-	0.196721311475	0.803278688525	0.0	0.0
irr-	0.333806619678	0.393779919385	0.0827343054502	0.189679155487
ded-	0.163003663004	0.771062271062	0.0512820512821	0.014652014652
cau-	0.240534161026	0.629416868701	0.0361177468068	0.0939312234665
mom-	0.440828402367	0.195266272189	0.12426035503	0.239644970414
doc-	0.370944992948	0.390691114245	0.138928067701	0.0994358251058
ban-	0.211267605634	0.788732394366	0.0	0.0
adr-	0.122969837587	0.800464037123	0.0626450116009	0.0139211136891
jna-	0.0359396184114	0.941186272505	0.00901330788399	0.0138608011998
ise-	0.277890418454	0.188380298784	0.189888382926	0.343840899836
odi-	0.306142506143	0.439770679771	0.132088452089	0.121998361998
jma-	0.0341386158526	0.925387767415	0.0330827823726	0.00739083435984
ter-	0.453266966896	0.313265386742	0.141818756419	0.0916488899424
esq-	0.1	0.785858585859	0.0777777777777	0.0363636363636
noj-	0.426626739118	0.209121636524	0.137130023288	0.22712160107
tra-	0.0368954182599	0.888139800094	0.065405514188	0.00955926745824
dañ-	0.238095238095	0.497354497354	0.185185185185	0.0793650793651
tto-	0.166604536816	0.552477278115	0.102128899624	0.178789285446
arq-	0.130434782609	0.836956521739	0.0108695652174	0.0217391304348
ale-	0.00667160859896	0.882134914752	0.111193476649	0.0
sid-	0.00182592818016	0.990870359099	0.0	0.00730371272065
oli-	0.0353982300885	0.716814159292	0.212389380531	0.0353982300885
luc-	0.16149068323	0.755989352263	0.0425909494232	0.0399290150843
jec-	0.218005295675	0.718887908208	0.0114739629303	0.0516328331862
teh-	0.0772800900663	0.195583994853	0.0623800935127	0.664755821568
net-	0.754716981132	0.0754716981132	0.169811320755	0.0
niẍ-	0.464884277734	0.499201915403	0.0119712689545	0.023942537909
eli-	0.0411548294569	0.743094094906	0.00530024318763	0.21045083245
ats-	0.523305192003	0.307779840958	0.0485768532661	0.120338113773
jir-	0.340400471143	0.567726737338	0.0182567726737	0.0736160188457
noẍ-	0.0846023688663	0.813874788494	0.0507614213198	0.0507614213198
col-	0.0363637412548	0.916100201123	0.0312610006061	0.0162750570166
ove-	0.654706235557	0.154023908732	0.0947979402827	0.0964719154278
vit-	0.634097723187	0.226407595375	0.0434452479512	0.0960494334873
yát-	0.00697200896854	0.00502301555233	0.00756621427836	0.980438761201
var-	0.27679010995	0.530386740332	0.120890542093	0.0719326076255
joc-	0.250652741514	0.608355091384	0.0939947780679	0.0469973890339
ene-	0.0	1.0	0.0	0.0
pan-	0.0430226144512	0.943739658025	0.0132377275235	0.0
uni-	0.240601503759	0.453634085213	0.125313283208	0.18045112782
ẍeh-	0.0245901639344	0.926229508197	0.0491803278689	0.0
vez-	0.105726872247	0.348017621145	0.466960352423	0.079295154185
nim-	0.330648966624	0.193541791186	0.0546572713832	0.421151970808
tor-	0.278709282309	0.57426840572	0.0893389168432	0.0576833951271
roj-	0.0773286467486	0.847100175747	0.0755711775044	0.0
teq-	0.287980190068	0.276067460849	0.272832731004	0.163119618079
efr-	0.0	1.0	0.0	0.0
oc̈-	0.613623911852	0.386376088148	0.0	0.0
suf-	0.296296296296	0.654320987654	0.0493827160494	0.0
ina-	0.537657350117	0.327928312353	0.012801365479	0.12161297205
cre-	0.00592007893438	0.982239763197	0.00592007893438	0.00592007893438
mai-	0.0	1.0	0.0	0.0
pen-	0.0	0.987179487179	0.0128205128205	0.0
sao-	0.140845070422	0.844709281329	0.0144456482485	0.0
ape-	0.0	1.0	0.0	0.0
jon-	0.129111769712	0.831670530239	0.0275976407759	0.0116200592741
fre-	0.183179723502	0.632488479263	0.161290322581	0.0230414746544
aja-	0.613010446344	0.15811965812	0.045584045584	0.183285849953
vet-	0.704683508542	0.237639358872	0.0218179415401	0.0358591910461
isr-	0.0439675568414	0.869755566194	0.0202596285272	0.0660172484372
coe-	0.697917233763	0.183389169159	0.0250886219248	0.0936049751537
ber-	0.0518939918547	0.91001596576	0.0217024660104	0.0163875763752
afe-	0.72972972973	0.108108108108	0.135135135135	0.027027027027
tia-	0.0	1.0	0.0	0.0
tir-	0.00455465587045	0.989372469636	0.00455465587044	0.00151821862348
car-	0.202204010995	0.643057110862	0.0447504156911	0.109988462452
alb-	0.0927835051546	0.690721649485	0.154639175258	0.0618556701031
ple-	0.222222222222	0.343434343434	0.272727272727	0.161616161616
bas-	0.0959343794579	0.901925820257	0.0	0.00213980028531
dir-	0.555680440069	0.217490079269	0.161577164307	0.0652523163548
yex-	0.75	0.159090909091	0.0454545454545	0.0454545454545
mañ-	0.0192307692308	0.942307692308	0.0384615384615	0.0
veẍ-	0.52	0.44	0.04	0.0
ẍat-	0.516798935513	0.168666539942	0.0178206529487	0.296713871596
pól-	0.0454545454545	0.931818181818	0.0	0.0227272727273
sah-	0.11293453032	0.137738840255	0.261348890047	0.487977739378
ito-	0.219160104987	0.643044619423	0.0918635170604	0.0459317585302
ac̈-	0.66083244397	0.208537886873	0.0614727854856	0.0691568836712
day-	0.517621102177	0.340272602471	0.0594920572661	0.0826142380859
tah-	0.539740947895	0.203758218036	0.126484152684	0.130016681385
ẍao-	0.317652453003	0.248968363136	0.352315451628	0.081063732233
anc-	0.473084941466	0.115571711124	0.153953065697	0.257390281713
dej-	0.364541832669	0.408366533865	0.191235059761	0.0358565737052
sod-	0.00603894923806	0.989431838833	0.00452921192855	0.0
táj-	0.048	0.952	0.0	0.0
cum-	0.108208955224	0.80223880597	0.0	0.089552238806
era-	0.0130718954248	0.986928104575	0.0	0.0
zab-	0.0	1.0	0.0	0.0
xix-	0.0861673719254	0.831143815694	0.0272973985637	0.055391413817
diy-	0.555555555556	0.288888888889	0.155555555556	0.0
nav-	0.498727735369	0.367684478371	0.12213740458	0.0114503816794
óni-	0.0	0.846153846154	0.153846153846	0.0
sey-	0.393442622951	0.311475409836	0.295081967213	0.0
tso-	0.441664463434	0.291816754161	0.116168265888	0.150350516517
osi-	0.333041599999	0.480712567583	0.131015741645	0.0552300907729
cja-	0.381990409033	0.0944231254604	0.0458635733822	0.477722892125
fue-	0.190898345154	0.699172576832	0.0709219858156	0.0390070921986
jes-	0.020149287372	0.613242527163	0.00450546446317	0.362102721002
met-	0.167710672497	0.725032502068	0.0390024819761	0.0682543434582
vir-	0.0795454545454	0.204545454545	0.681818181818	0.0340909090909
noi-	0.0878829499066	0.21946892526	0.232631337988	0.460016786845
mna-	0.0677966101695	0.728813559322	0.169491525424	0.0338983050847
nef-	0.0	1.0	0.0	0.0
nox-	0.328358208955	0.328358208955	0.0746268656716	0.268656716418
rej-	0.0945945945946	0.810810810811	0.0945945945946	0.0
inv-	0.481376328042	0.422880313895	0.0957433580636	0.0
azu-	0.0102249488752	0.846625766871	0.143149284254	0.0
des-	0.17616474323	0.100491712865	0.0392023842507	0.684141159655
juz-	0.257264316946	0.682434533134	0.0143610933229	0.0459400565974
cob-	0.295004144375	0.641699947253	0.00904227262452	0.0542536357472
mat-	0.0186538162599	0.96269236748	0.00932690812995	0.00932690812996
fie-	0.0384615384615	0.865384615385	0.0961538461538	0.0
ijo-	0.416642978965	0.266948550313	0.120096645822	0.1963118249
nit-	0.228626281013	0.575948566654	0.0549827608727	0.14044239146
ged-	0.078431372549	0.921568627451	0.0	0.0
sih-	0.829919400663	0.123899413842	0.0073112498079	0.0388699356876
tró-	0.0615384615385	0.917948717949	0.0205128205128	0.0
aor-	0.0260956841753	0.895617263299	0.0782870525259	0.0
nif-	0.0720576461169	0.803042433947	0.0192153722978	0.105684547638
cul-	0.495205381423	0.453270359239	0.0343495062258	0.0171747531129
par-	0.0299828147805	0.0377555636667	0.00616924224516	0.926092379308
chi-	0.206492264769	0.465467065837	0.0798392869272	0.248201382467
ala-	0.574307304786	0.309823677582	0.115869017632	0.0
jul-	0.0	1.0	0.0	0.0
cop-	0.0395592955669	0.844885920014	0.101500824152	0.0140539602672
dig-	0.603886360601	0.26989661187	0.0843162088386	0.0419008186905
nah-	0.119937981897	0.0807450553134	0.0319937981898	0.767323164599
sol-	0.333577344299	0.350227504342	0.239834072543	0.0763610788156
coí-	0.814490694209	0.0822271514227	0.0291130904932	0.0741690638755
acj-	0.337605501719	0.352922788371	0.253204126289	0.0562675836199
pom-	0.04	0.88	0.08	0.0
mío-	0.119047619048	0.785714285714	0.0	0.095238095238
rag-	0.0	1.0	0.0	0.0
feb-	0.0	1.0	0.0	0.0
pec-	0.145728643216	0.78391959799	0.0100502512563	0.0603015075377
amé-	0.0582276128073	0.155118732283	0.00390352711557	0.782750127794
saq-	0.398002305033	0.394160583942	0.087975412985	0.119861698041
tre-	0.0360037045612	0.105753646677	0.0299259087752	0.828316739986
xec-	0.545632729918	0.230068044678	0.179543801087	0.0447554243163
gay-	0.0161290322581	0.983870967742	0.0	0.0
org-	0.40516188149	0.255803298717	0.308768812129	0.0302660076637
via-	0.390174521412	0.390251403091	0.108710694242	0.110863381256
gob-	0.150137026887	0.748389008222	0.0355529220058	0.0659210428857
ona-	0.405535499398	0.204572803851	0.350180505415	0.0397111913357
dan-	0.515313866199	0.303627083733	0.0614197783485	0.119639271719
lug-	0.127517217112	0.589614437239	0.0265671341678	0.256301211481
exp-	0.209756097561	0.482926829268	0.307317073171	0.0
pas-	0.0176991150442	0.940634218289	0.007866273353	0.0338003933137
oat-	0.446428571429	0.339285714286	0.214285714286	0.0
ser-	0.228513184718	0.651476293812	0.07299270073	0.0470178207404
cri-	0.0474629204937	0.828405725283	0.0134690514331	0.11066230279
mis-	0.193766147514	0.158894124014	0.0537288154095	0.593610913062
ted-	0.498325009673	0.309056565023	0.127248425981	0.0653699993227
elm-	0.0	1.0	0.0	0.0
saẍ-	0.427927927928	0.572072072072	0.0	0.0
sac-	0.709180004221	0.0993792401796	0.02809449123	0.16334626437
din-	0.504716502837	0.228728294174	0.0591981901807	0.207357012808
nac-	0.0594586045155	0.353506427749	0.0978926103224	0.489142357413
vot-	0.621212121212	0.212121212121	0.0	0.166666666667
agr-	0.00766283524903	0.963601532567	0.0210727969349	0.00766283524904
gre-	0.0	0.96875	0.03125	0.0
sos-	0.0	1.0	0.0	0.0
ngá-	0.122813857636	0.223719876722	0.0209795403067	0.632486725335
don-	0.330777903044	0.355242390079	0.160766629087	0.15321307779
cad-	0.0728853404367	0.172752662494	0.0306348190977	0.723727177971
fél-	0.0849256900212	0.887473460722	0.00530785562632	0.0222929936306
tat-	0.620208067355	0.216754080259	0.0433042338083	0.119733618578
bit-	0.0	1.0	0.0	0.0
leg-	0.0161290322581	0.903225806452	0.0	0.0806451612903
nom-	0.0691101270797	0.858005111293	0.0195594699282	0.053325291699
nc̈-	0.0431147639204	0.497509325742	0.0405544337007	0.418821476637
nia-	0.15943877551	0.776785714286	0.0255102040816	0.0382653061225
lap-	0.0	0.958333333333	0.0	0.0416666666667
esa-	0.205867192577	0.705945630981	0.0121019251025	0.0760852513391
joh-	0.296396396396	0.263063063063	0.121621621622	0.318918918919
sia-	0.331785048313	0.453907441939	0.0505509408375	0.16375656891
imp-	0.0610756828535	0.408628828715	0.467214175618	0.0630813128142
oji-	0.43389870625	0.341544131632	0.0986479232795	0.125909238839
mag-	0.00552740672501	0.991708889912	0.00276370336251	0.0
sis-	0.838433292534	0.0734394124847	0.0440636474908	0.0440636474908
vaq-	0.301299389402	0.570342643986	0.0875090265048	0.0408489401067
ẍoa-	0.5843866171	0.218587360595	0.0743494423792	0.122676579926
naẍ-	0.174019607843	0.46568627451	0.220588235294	0.139705882353
glo-	0.090508807481	0.791149618807	0.109552279113	0.00878929459931
aug-	0.201127819549	0.759398496241	0.0	0.0394736842105
mos-	0.0	0.946571682992	0.0427426536064	0.0106856634016
xib-	0.38255033557	0.563758389262	0.0	0.0536912751678
sur-	0.0	0.390485629336	0.375371655104	0.23414271556
fri-	0.025	0.9375	0.0375	0.0
reg-	0.164979119061	0.691838704594	0.0376250886455	0.1055570877
pla-	0.0221811460259	0.912661737523	0.065157116451	0.0
coi-	0.745048307692	0.168580691253	0.0326032544727	0.0537677465821
hna-	0.497662057179	0.221847196883	0.0506624218991	0.229828324039
mac-	0.00972342264476	0.974881158168	0.0153954191876	0.0
ico-	0.330837552562	0.473032695443	0.0946108298293	0.101518922166
bet-	0.035699460357	0.951847239518	0.0016604400166	0.0107928601079
vis-	0.395152792413	0.359325605901	0.148577449947	0.0969441517386
ovi-	0.576426678331	0.231315988639	0.0675965387349	0.124660794295
vix-	0.570433681545	0.158805529176	0.0216313179276	0.249129471352
oní-	0.5	0.416666666667	0.0	0.0833333333333
asu-	0.209187858901	0.439704675964	0.272354388843	0.078753076292
nih-	0.0631049435294	0.766321722105	0.131386820942	0.0391865134235
vey-	0.120350109409	0.739241429614	0.0437636761487	0.0966447848285
cim-	0.299528301887	0.134433962264	0.566037735849	0.0
tec-	0.346220506951	0.43535834923	0.133463070538	0.0849580732806
gab-	0.0	1.0	0.0	0.0
jiq-	0.258875906146	0.248757556443	0.265917330793	0.226449206618
cam-	0.183545130271	0.776216763902	0.0277049253239	0.0125331805037
tta-	0.199194273969	0.64066915284	0.154277918074	0.00585865511677
oẍa-	0.535312180143	0.294779938588	0.078812691914	0.0910951893552
act-	0.197802197802	0.802197802198	0.0	0.0
coñ-	0.26915341013	0.26284512708	0.343755714024	0.124245748766
ẍaj-	0.0935141474974	0.234564072184	0.365892988548	0.306028791771
ñao-	0.540525744873	0.176240103	0.0108981052504	0.272336046877
xeh-	0.140052633171	0.636710124323	0.148824828337	0.0744124141686
lic-	0.0911062906724	0.687635574837	0.22125813449	0.0
jie-	0.173233781635	0.171267741953	0.454419999681	0.201078476731
vij-	0.816326530612	0.0	0.122448979592	0.0612244897959
ich-	0.0946550568049	0.0854956202262	0.195839840856	0.624009482113
ren-	0.128964568486	0.359281670544	0.344066099413	0.167687661557
lla-	0.0	1.0	0.0	0.0
pru-	0.442834562698	0.512118018967	0.00526870389884	0.0397787144362
co--	0.0	0.722222222222	0.277777777778	0.0
das-	0.446331848338	0.215217460979	0.306720938431	0.0317297522515
tab-	0.0538079470198	0.907166508988	0.0248344370861	0.0141911069063
vac-	0.287529108235	0.504758884936	0.040102162296	0.167609844532
naz-	0.00733985765125	0.981983985765	0.00266903914591	0.00800711743772
gal-	0.00357659882483	0.976156007834	0.0149024951035	0.00536489823725
jic-	0.442018645146	0.373428439948	0.118003993188	0.0665489217174
ida-	0.401012658228	0.362025316456	0.209620253165	0.0273417721519
cui-	0.359032720086	0.306605082883	0.18741603473	0.146946162301
soa-	0.326335318817	0.425479282622	0.165348436025	0.0828369625362
rin-	0.481277231343	0.233359991171	0.0598588908192	0.225503886668
aẍa-	0.534088689197	0.295565540144	0.0398515335027	0.130494237156
tej-	0.380466539906	0.542920743867	0.0233733710523	0.0532393451746
jih-	0.0860531826799	0.0431857716668	0.0107882991867	0.859972746467
ray-	0.0580645161291	0.941935483871	0.0	0.0
jah-	0.0660118156116	0.0289595870893	0.00525804321464	0.899770554084
aon-	0.610497237569	0.149171270718	0.0828729281768	0.157458563536
qué-	0.457805907173	0.460970464135	0.0748945147679	0.00632911392405
vax-	0.315928565708	0.265436053496	0.377192279971	0.0414431008248
vaj-	0.534238241378	0.28162558979	0.076858599105	0.107277569727
mun-	0.0419718930711	0.870825553591	0.0587927880432	0.0284097652947
cer-	0.317579915996	0.668953797813	0.0134662861906	0.0
xiy-	0.0	0.0839160839161	0.916083916084	0.0
cax-	0.0999329703678	0.840107247412	0.0599597822207	0.0
sue-	0.166118421053	0.833881578947	0.0	0.0
ché-	0.356376638856	0.347834723878	0.25288041319	0.0429082240763
one-	0.0	1.0	0.0	0.0
ixe-	0.644444444445	0.188888888889	0.0	0.166666666667
aso-	0.480988593156	0.302281368821	0.0228136882129	0.19391634981
gog-	0.0701754385965	0.912280701754	0.0175438596491	0.0
sén-	0.516094247048	0.185366905699	0.209360004313	0.0891788429396
tes-	0.133218629138	0.791782473787	0.0289701622035	0.0460287348716
ẍax-	0.483410683817	0.259388814526	0.0610355111891	0.196164990468
rot-	0.133913652784	0.75738414779	0.00790077235519	0.100801427071
toi-	0.189121298488	0.074875609874	0.0231872856384	0.712815806
cot-	0.0523707709909	0.0395783573985	0.00359887920619	0.904451992404
sil-	0.0612651629841	0.886687235307	0.0230726481805	0.0289749535289
jas-	0.0341685649203	0.95444191344	0.0113895216401	0.0
iẍa-	0.449694274597	0.260144524736	0.176764869372	0.113396331295
yoi-	0.191582002903	0.166908563135	0.589259796807	0.0522496371553
did-	0.195402298851	0.804597701149	0.0	0.0
nis-	0.251156189434	0.24389876724	0.465981609327	0.0389634340002
ndá-	0.0665737550488	0.805246925529	0.0983701753707	0.0298091440517
más-	0.503496503497	0.188811188811	0.0	0.307692307692
ído-	0.0496915695682	0.862577107608	0.0822481151473	0.00548320767649
cár-	0.128319094897	0.847841145232	0.00692680674209	0.0169129531286
gen-	0.110409566917	0.751076612768	0.0120446800274	0.126469140287
jno-	0.0323552999087	0.104836702525	0.862807997566	0.0
gra-	0.296060082677	0.633034146894	0.0632751005153	0.00763066991336
acu-	0.41104110411	0.328532853285	0.0750075007501	0.185418541854
rei-	0.0121493359145	0.963551992256	0.0	0.024298671829
ẍac-	0.934738466995	0.0505979941713	0.00720750213849	0.00745603669499
sau-	0.0365249690466	0.842653735039	0.00247626908791	0.118345026826
sín-	0.230769230769	0.609467455621	0.100591715976	0.0591715976331
esm-	0.00980392156863	0.843137254902	0.147058823529	0.0
vec-	0.644455065433	0.120515432296	0.0945897355977	0.140439766674
pri-	0.0168067226891	0.955182072829	0.0	0.0280112044818
dij-	0.363026819923	0.482519157088	0.0730363984674	0.081417624521
ocj-	0.591761677087	0.250275836705	0.107576314822	0.0503861713866
xem-	0.246616541353	0.275187969925	0.428571428571	0.0496240601504
nie-	0.143790849673	0.83660130719	0.0196078431373	0.0
tex-	0.52543270929	0.188272695161	0.146767926528	0.139526669022
ela-	0.0	1.0	0.0	0.0
fin-	0.0435995746	0.50464839749	0.449161954172	0.00259007373862
daẍ-	0.379746835443	0.569620253165	0.0506329113924	0.0
són-	0.307207207207	0.681981981982	0.0108108108108	0.0
tti-	0.0982708489696	0.0477209769105	0.00927997879803	0.844728195322
nag-	0.754457324927	0.226786884505	0.0031636273247	0.0155921632432
arp-	0.0104529616725	0.982578397213	0.006968641115	0.0
itu-	0.0	0.95625	0.04375	0.0
doñ-	0.285751112962	0.387052956166	0.314108093637	0.0130878372349
oda-	0.0	0.438016528926	0.264462809917	0.297520661157
fen-	0.0162601626016	0.947154471545	0.020325203252	0.0162601626016
rui-	0.060592459605	0.923698384201	0.0130161579892	0.00269299820467
tam-	0.0915431560593	0.845684394072	0.0470793374019	0.0156931124673
que-	0.109056687741	0.0277348160592	0.00425770781694	0.858950788383
dic-	0.435300640527	0.3087582493	0.197684148497	0.0582569616753
yoa-	0.0283911671924	0.299684542587	0.671924290221	0.0
man-	0.139504463516	0.7444992314	0.0805263605542	0.0354699445298
toj-	0.464808043876	0.259597806216	0.275594149909	0.0
men-	0.375165125495	0.466754733598	0.0893879348305	0.0686922060766
rob-	0.0	1.0	0.0	0.0
ric-	0.0467435947585	0.131820848817	0.803246626247	0.018188930178
sie-	0.17	0.35	0.16	0.32
fle-	0.00702576112413	0.674473067916	0.309133489462	0.00936768149881
ceb-	0.0	0.97385620915	0.0	0.0261437908497
áni-	0.16091954023	0.632183908046	0.0689655172414	0.137931034483
dom-	0.0389150943397	0.713443396226	0.0353773584906	0.212264150943
xif-	0.0211924483248	0.970748451608	0.000671591672263	0.00738750839489
lib-	0.116118955135	0.644963725672	0.22124257558	0.0176747436135
ced-	0.0574712643678	0.942528735632	0.0	0.0
iso-	0.339869281046	0.402777777778	0.113562091503	0.143790849673
mar-	0.0117443213836	0.779543814745	0.00961138409197	0.199100479779
nch-	0.289033684684	0.431226974327	0.0832079349801	0.19653140601
coé-	0.966101694915	0.0	0.0	0.0338983050847
xiẍ-	0.511627906977	0.395348837209	0.0697674418605	0.0232558139535
com-	0.221982906561	0.440309823167	0.133861239796	0.203846030475
laz-	0.015444015444	0.444015444015	0.285714285714	0.254826254826
job-	0.075	0.8	0.05	0.075
cef-	0.291005291005	0.613756613757	0.0	0.0952380952381
esp-	0.0511166907285	0.867528622063	0.0637593294336	0.0175953577749
aqu-	0.0113378684807	0.984126984127	0.0	0.00453514739229
chí-	0.052575677111	0.822092405736	0.0817843866171	0.0435475305364
dru-	0.0	0.964912280702	0.0350877192982	0.0
lag-	0.0209980237154	0.931324110672	0.014081027668	0.0335968379447
dob-	0.0824742268041	0.0927835051546	0.474226804124	0.350515463918
leb-	0.0	0.948717948718	0.0512820512821	0.0
mon-	0.275557758702	0.604634520123	0.0958461769398	0.0239615442349
ofr-	0.349609375	0.52734375	0.087890625	0.03515625
ano-	0.605369807497	0.253292806484	0.063829787234	0.0775075987842
sáb-	0.0307692307692	0.861538461538	0.0461538461538	0.0615384615384
tey-	0.692567567568	0.266891891892	0.0101351351351	0.0304054054054
las-	0.0653266331659	0.284757118928	0.195979899497	0.453936348409
eti-	0.0	0.972602739726	0.027397260274	0.0
vin-	0.617163956973	0.218954708575	0.0533975924701	0.110483741981
elí-	0.00723140495867	0.99152892562	0.0	0.00123966942149
gad-	0.0627450980392	0.913725490196	0.0196078431372	0.00392156862745
ent-	0.14744354593	0.203804851978	0.135648062256	0.513103539837
ẍon-	0.111708131663	0.158153276227	0.0314651858559	0.698673406254
pad-	0.0151936366724	0.932272433138	0.0139060403442	0.038627889845
tíq-	0.102893890675	0.897106109325	0.0	0.0
xet-	0.54303030303	0.231515151515	0.138181818182	0.0872727272727
toñ-	0.402237613213	0.386432250044	0.151964888246	0.0593652484968
diq-	0.514320021219	0.320056510188	0.111500085106	0.0541233834866
sea-	0.134813639968	0.559873116574	0.162569389374	0.142743854084
jio-	0.357024793388	0.444628099174	0.0743801652892	0.123966942149
reb-	0.193760262726	0.747126436782	0.0394088669951	0.0197044334975
bar-	0.109132793748	0.859948822256	0.0123839022425	0.0185344817527
ẍan-	0.245300937432	0.520070823645	0.0563297155346	0.178298523389
zeb-	0.00661157024792	0.993388429752	0.0	0.0
yey-	0.0876794634436	0.269221364446	0.581618751528	0.061480420582
amó-	0.0	1.0	0.0	0.0
rri-	0.633818359193	0.183507698228	0.0639019182426	0.118772024336
his-	0.437774524158	0.421669106881	0.0527086383601	0.0878477306003
anf-	0.0727272727273	0.927272727273	0.0	0.0
apo-	0.400639750684	0.284855027338	0.0284595780169	0.286045643962
fan-	0.0	1.0	0.0	0.0
amb-	0.329545454545	0.556818181818	0.113636363636	0.0
von-	0.595238095238	0.333333333333	0.0714285714286	0.0
río-	0.0405020473562	0.944365319566	0.0053409293217	0.00979170375646
quí-	0.0	1.0	0.0	0.0
heb-	0.00345343616899	0.9666167837	0.0178427535398	0.0120870265915
nín-	0.0128760298908	0.987123970109	0.0	0.0
jit-	0.544811009505	0.315154152716	0.0585812788427	0.0814535589358
soe-	0.449693607617	0.385348416694	0.141225123059	0.0237328526303
seh-	0.592224202028	0.09366621877	0.0707040572305	0.243405521972
caj-	0.074272348019	0.887325472039	0.0308061443488	0.00759603559285
sed-	0.0	0.875	0.125	0.0
sel-	0.233272394881	0.739305301645	0.0274223034735	0.0
arf-	0.0	1.0	0.0	0.0
neh-	0.845272206304	0.137535816619	0.0171919770774	0.0
rub-	0.0	1.0	0.0	0.0
jng-	0.228051709024	0.688676593101	0.0318449960995	0.0514267017756
fes-	0.0322882545625	0.943378568086	0.00280767430979	0.0215255030417
dix-	0.460195967705	0.325864989851	0.153843805803	0.0600952366417
lep-	0.00430848772081	0.952606635071	0.0404997845756	0.00258509263249
paz-	0.345762711864	0.572881355932	0.0	0.0813559322034
jeo-	0.0685697423393	0.0496528802399	0.0333141783279	0.848463199093
cox-	0.0733716436575	0.8766959437	0.0296751804845	0.0202572321582
dav-	0.00749361339767	0.955719557196	0.00102185637241	0.0357649730343
van-	0.516307597228	0.307474757349	0.0667650024798	0.109452642943
say-	0.515025954757	0.186470783638	0.0551123376469	0.243390923959
dot-	0.29486215309	0.536438175248	0.077407047343	0.0912926243191
jop-	0.0147679324894	0.96835443038	0.0168776371308	0.0
tan-	0.420879934508	0.350516597115	0.126295129649	0.102308338728
vag-	0.28847198422	0.500308475819	0.132791828587	0.078427711374
ari-	0.355002995806	0.537447573397	0.0440383463152	0.0635110844817
jax-	0.246756847617	0.116782949994	0.0229952617851	0.613464940604
roc-	0.329949238579	0.593908629442	0.0253807106599	0.0507614213198
cas-	0.365467205531	0.494249403516	0.0633977698787	0.0768856210742
ema-	0.0393442622951	0.931147540984	0.0295081967213	0.0
yox-	0.0116825567343	0.0710353162347	0.84047267356	0.0768094534712
abo-	0.230897598964	0.651116265301	0.0875381007062	0.0304480350282
aga-	0.0523377529658	0.88206559665	0.0404745289602	0.0251221214236
