gôà-	0.0	1.0	0.0	0.0
ris-	0.225255972696	0.631399317406	0.110921501706	0.0324232081911
vas-	0.0	0.988538681948	0.0	0.0114613180516
fig-	0.0421545667447	0.901639344262	0.0562060889929	0.0
del-	0.0	1.0	0.0	0.0
voi-	0.0	0.739130434783	0.260869565217	0.0
000-	0.0858030491572	0.0644623341884	0.00711074993017	0.842623866724
eho-	1.0	0.0	0.0	0.0
kee-	0.333333333333	0.666666666667	0.0	0.0
amô-	0.00175644028103	0.985948477752	0.00585480093676	0.00644028103044
fog-	0.0	1.0	0.0	0.0
1.1-	0.0	0.142857142857	0.0	0.857142857143
2.3-	0.0	1.0	0.0	0.0
der-	0.26267707216	0.687576284351	0.0171986536968	0.0325479897918
hat-	0.312833542563	0.155522015672	0.044847410821	0.486797030944
45.-	0.0	0.111111111111	0.148148148148	0.740740740741
neg-	0.038496791934	0.769019248396	0.148487626031	0.0439963336389
ziz-	0.0	1.0	0.0	0.0
tib-	0.0052310374891	0.98256320837	0.0	0.0122057541412
otr-	0.268135503004	0.543437761387	0.145179073835	0.0432476617747
hed-	0.0	1.0	0.0	0.0
paf-	0.0	1.0	0.0	0.0
eôn-	0.0309278350515	0.969072164948	0.0	0.0
abr-	0.019912299619	0.959204945726	0.0152756811157	0.00560707353893
bik-	0.0	0.525	0.475	0.0
saô-	0.222222222222	0.777777777778	0.0	0.0
eor-	0.0198675496689	0.864238410596	0.0860927152318	0.0298013245033
ong-	0.814441825584	0.185558174416	0.0	0.0
dah-	0.123601895735	0.167488151659	0.0290047393365	0.67990521327
erỳ-	0.240441801189	0.128009062588	0.10365335599	0.527895780232
her-	0.0552928515799	0.825611863745	0.0501249322122	0.0689703524625
ate-	0.441599336168	0.452890235099	0.0267763140539	0.0787341146789
sko-	0.0	1.0	0.0	0.0
ety-	0.169319826339	0.151953690304	0.651230101302	0.027496382055
ret-	0.0	1.0	0.0	0.0
dor-	0.118178318676	0.334902727192	0.482070415445	0.064848538687
pat-	0.139037433155	0.769786096257	0.0588235294118	0.0323529411765
kov-	0.234466888264	0.750191766812	0.0153413449246	0.0
roy-	0.136363636363	0.772727272728	0.090909090909	0.0
rôb-	0.025641025641	0.974358974359	0.0	0.0
eld-	0.0	1.0	0.0	0.0
oma-	0.109963099631	0.848708487085	0.0191881918819	0.0221402214022
apî-	0.0	1.0	0.0	0.0
boî-	0.25	0.75	0.0	0.0
jam-	0.0254450554572	0.0853139466244	0.870351384099	0.0188896138192
kid-	0.0692307692308	0.930769230769	0.0	0.0
rek-	0.723279416429	0.058039961941	0.00285442435776	0.215826197272
nig-	0.641025641026	0.194444444444	0.068376068376	0.0961538461539
ifa-	0.382151297928	0.351192452683	0.15307537551	0.113580873879
ent-	0.602977285583	0.245863272396	0.0569340019691	0.0942254400517
nai-	0.678514747717	0.173079802366	0.0918101512202	0.0565952986974
obd-	0.0	1.0	0.0	0.0
eso-	0.60743401544	0.152466910462	0.0706529726552	0.169446101443
dih-	0.0518358531318	0.948164146868	0.0	0.0
asi-	0.26764485083	0.542103757959	0.0508819942882	0.139369396923
hid-	0.645168476254	0.131828465306	0.0180563836196	0.204946674821
nog-	0.357466063349	0.511312217194	0.131221719457	0.0
tol-	0.0723059143578	0.671115474693	0.181265915994	0.0753126949549
haz-	0.202803390344	0.728775159092	0.0404598017711	0.0279616487931
hah-	0.614515822151	0.158578876044	0.0710406090671	0.155864692738
27--	0.0	0.142857142857	0.857142857143	0.0
rit-	0.459445585216	0.2659137577	0.116016427105	0.158624229979
zem-	0.0	0.571428571428	0.428571428572	0.0
enj-	0.846900901098	0.0783725488049	0.0375548815871	0.0371716685097
asà-	0.0294695481336	0.901768172888	0.0176817288801	0.0510805500982
kod-	0.030612244898	0.946428571429	0.0114795918367	0.0114795918368
joi-	0.0769230769231	0.910256410256	0.0	0.0128205128205
oni-	0.227377844088	0.701007086908	0.0555016784782	0.0161133905259
daf-	0.0	1.0	0.0	0.0
dod-	0.457547169811	0.167452830189	0.297169811321	0.0778301886793
hiz-	0.7289144124	0.188486793828	0.0225533141907	0.0600454795816
rao-	0.154241645244	0.321336760925	0.462724935733	0.0616966580977
aki-	0.0394435101667	0.952300871426	0.00550374560463	0.00275187280232
efo-	0.0	1.0	0.0	0.0
oel-	0.0	1.0	0.0	0.0
zoi-	0.439236111111	0.458333333333	0.0920138888889	0.0104166666667
apa-	0.0	1.0	0.0	0.0
san-	0.120466227467	0.404305123193	0.252057240764	0.223171408576
nii-	0.0	0.0512820512821	0.0	0.948717948718
aos-	0.0	1.0	0.0	0.0
arm-	0.0	1.0	0.0	0.0
320-	0.0	1.0	0.0	0.0
tel-	0.0335424798453	0.0420968153796	0.0160507788276	0.908309925948
mii-	0.0625814863103	0.582790091265	0.0156453715776	0.338983050847
sôp-	0.0539568345324	0.946043165468	0.0	0.0
mes-	0.0215350635008	0.950027609056	0.00110436223081	0.0273329652126
53.-	0.0	0.0	0.0	1.0
sed-	0.0436722983742	0.950589735416	0.00382531080651	0.00191265540325
adi-	0.295974414239	0.555725509282	0.0558297990683	0.0924702774109
ami-	0.0309532009552	0.0414475994493	0.0104989201406	0.917100279455
làl-	0.252758274824	0.550651955868	0.118355065196	0.0782347041123
dàn-	0.11320754717	0.849056603774	0.0377358490565	0.0
gid-	0.0	1.0	0.0	0.0
sôs-	0.0143198090692	0.957040572792	0.0143198090692	0.0143198090692
jôg-	0.0	1.0	0.0	0.0
arb-	0.0	1.0	0.0	0.0
zòv-	1.0	0.0	0.0	0.0
agò-	0.0	1.0	0.0	0.0
foh-	0.2394114138	0.161861205011	0.42394114138	0.174786239809
ged-	0.0	1.0	0.0	0.0
veh-	0.0136343576522	0.78191995912	0.0176062063039	0.186839476924
157-	0.0	0.5	0.0	0.5
ili-	0.0	0.977695167286	0.0	0.0223048327138
gat-	0.0	0.96	0.04	0.0
hôz-	0.0254041570439	0.919168591224	0.013856812933	0.041570438799
kaj-	0.272727272727	0.545454545455	0.181818181818	0.0
128-	0.0	0.0	0.0	1.0
sat-	0.0854814704944	0.103719965621	0.0057962081998	0.805002355685
ani-	0.329400904967	0.367104093931	0.0306743541292	0.272820646972
12.-	0.0547714345903	0.0752053928797	0.0	0.87002317253
ele-	0.0	1.0	0.0	0.0
sov-	0.75	0.25	0.0	0.0
ban-	0.118969150143	0.835647522827	0.014587497974	0.0307958290561
hôt-	0.0	1.0	0.0	0.0
ise-	0.257703081232	0.344537815126	0.221288515406	0.176470588235
16.-	0.0	0.428571428572	0.190476190476	0.380952380952
sev-	0.050736497545	0.903436988543	0.0458265139116	0.0
ale-	0.34222402	0.256936503946	0.11500473828	0.285834737775
sid-	0.0060486522025	0.988823142669	0.000394477317555	0.00473372781066
môl-	0.0	0.981785063752	0.0	0.0182149362477
745-	0.0	1.0	0.0	0.0
10.-	0.0	0.0359712230216	0.0	0.964028776978
voz-	0.0778340415117	0.79741824812	0.0239899443016	0.100757766066
net-	0.52364990689	0.0731843575419	0.0983240223464	0.304841713222
voh-	0.122339878688	0.78904320508	0.0661070479916	0.0225098682402
eis-	0.307958477509	0.429065743945	0.207612456747	0.0553633217993
fif-	0.202514728344	0.627927485635	0.110189831988	0.059367954033
azb-	0.0	1.0	0.0	0.0
jab-	0.0163710777626	0.950886766712	0.0163710777626	0.0163710777626
vit-	0.334460067768	0.169538066164	0.280871977869	0.2151298882
peu-	0.230769230769	0.769230769231	0.0	0.0
var-	0.0741451893038	0.896290738384	0.0179546512292	0.0116094210828
omp-	0.1952	0.6832	0.0928	0.0288
siv-	0.0294539874264	0.149992574625	0.154893322113	0.665660115836
àty-	0.0535714285714	0.56737012987	0.335227272727	0.0438311688312
ina-	0.324102564103	0.290256410256	0.151794871795	0.233846153846
ool-	0.0	1.0	0.0	0.0
fof-	0.274825431827	0.573269631263	0.117358814161	0.034546122749
1.0-	0.0506329113924	0.253164556962	0.0	0.696202531646
aha-	0.402715028485	0.264474305075	0.100266862732	0.232543803707
fad-	0.194007087427	0.405149598529	0.329071905979	0.0717714080653
fot-	0.0959717971397	0.511310232303	0.171092204085	0.221625766473
kni-	0.104046242775	0.658959537572	0.0	0.236994219653
vet-	0.0935537473881	0.274986467846	0.318546908558	0.312912876208
jeh-	0.0116807268008	0.976638546398	0.0116807268008	0.0
tia-	0.618846386946	0.122777639595	0.0287084414955	0.229667531964
ino-	0.076320223251	0.18636481896	0.0094168603619	0.727898097428
eng-	0.392546583851	0.148819875776	0.0566459627329	0.40198757764
sah-	0.233874914528	0.391354600895	0.0764021700271	0.29836831455
hôf-	0.0	1.0	0.0	0.0
iky-	0.298056155508	0.254859611231	0.0388768898488	0.408207343413
sod-	0.164464023495	0.765051395007	0.0704845814978	0.0
ont-	0.0961538461538	0.576923076923	0.25	0.0769230769231
evỳ-	0.0	1.0	0.0	0.0
zab-	0.00746268656716	0.988805970149	0.00373134328358	0.0
abg-	0.0	1.0	0.0	0.0
aid-	0.735537190083	0.115702479339	0.0247933884297	0.123966942149
nav-	0.591255483934	0.18019701445	0.0495467398398	0.179000761776
mot-	0.25	0.75	0.0	0.0
osi-	0.104166666667	0.854166666667	0.0138888888889	0.0277777777778
log-	0.72	0.28	0.0	0.0
jel-	0.0	1.0	0.0	0.0
tao-	0.159184146716	0.18789518116	0.0101316635272	0.642789008597
nef-	0.169824113345	0.0367914439925	0.00649569899691	0.786888743665
iho-	0.58883248731	0.365482233503	0.015228426396	0.0304568527918
vad-	0.043279301439	0.889308572131	0.0138019923749	0.0536101340549
omb-	0.12783477225	0.664269330745	0.0587466390489	0.149149257956
rej-	0.0847457627118	0.915254237288	0.0	0.0
fep-	0.445214979196	0.384188626907	0.0249653259362	0.145631067961
jal-	0.0	1.0	0.0	0.0
lai-	0.140715109573	0.579584775086	0.194204152249	0.0854959630911
ijo-	0.508710311885	0.316591739253	0.0861899409946	0.0885080078674
nit-	0.734706117406	0.130993568156	0.0283937489312	0.105906565507
nif-	0.472415668622	0.222244033628	0.075545016838	0.229795280912
ôme-	0.0236220472441	0.905511811024	0.0708661417323	0.0
245-	0.0	0.5	0.0	0.5
nah-	0.650067846186	0.126400905785	0.0456133578534	0.177917890175
ity-	0.059929328518	0.0507980488262	0.00750131912406	0.881771303532
soà-	0.0	0.923076923077	0.0	0.0769230769231
feb-	0.339622641509	0.660377358491	0.0	0.0
eod-	0.0	1.0	0.0	0.0
hik-	0.575531435554	0.28281655632	0.0652138008887	0.0764382072377
tre-	0.576354679803	0.187192118227	0.147783251232	0.0886699507389
lod-	0.0434782608695	0.956521739131	0.0	0.0
beb-	0.178720910765	0.117277749874	0.315377532228	0.388623807132
nof-	0.277923152232	0.553610446362	0.0926625163351	0.0758038850711
iro-	0.247583018075	0.321563682219	0.140815468684	0.290037831022
zez-	0.0665311776422	0.886755442311	0.0467133800467	0.0
eba-	0.0	1.0	0.0	0.0
hay-	0.272516428295	0.272902976421	0.243138770777	0.211441824507
gôz-	0.0	1.0	0.0	0.0
hao-	0.751594896332	0.177432216906	0.0470494417863	0.0239234449761
ran-	0.0737852360955	0.886773274575	0.0139359928965	0.0255054964333
zel-	0.00373599003736	0.988792029888	0.0	0.00747198007472
agr-	0.0	1.0	0.0	0.0
eni-	0.0185040257863	0.149889241136	0.0378039236493	0.793802809428
stà-	0.0	0.80204778157	0.0819112627987	0.116040955631
efô-	0.0	0.971929824561	0.021052631579	0.00701754385966
oza-	0.0	0.944444444445	0.0555555555555	0.0
ron-	0.0445874201386	0.681971564834	0.261293080176	0.0121479348511
621-	0.0	0.272727272727	0.0	0.727272727273
zie-	0.0	1.0	0.0	0.0
721-	0.0	0.2	0.0	0.8
joh-	0.0324324324324	0.881081081081	0.0864864864865	0.0
akj-	0.0	1.0	0.0	0.0
5.0-	0.0	0.0857142857143	0.0285714285714	0.885714285714
obô-	0.0	1.0	0.0	0.0
kok-	0.0514815630429	0.0315642663143	0.366072083976	0.550882086667
etỳ-	0.0475836026905	0.412716377936	0.0845798537824	0.455120165591
ofi-	0.0	1.0	0.0	0.0
30.-	0.0416666666666	0.375	0.0	0.583333333334
maj-	0.139823538208	0.564827276806	0.272917601316	0.0224315836698
nih-	0.67608540318	0.18203632408	0.062852602728	0.0790256700118
teb-	0.143426294821	0.489243027888	0.295617529881	0.0717131474104
jem-	0.0410256410257	0.897435897436	0.0	0.0615384615388
2.7-	0.333333333333	0.0	0.0	0.666666666667
tsy-	0.14302538208	0.0366644592625	0.00784122317283	0.812468935485
323-	0.0	0.5	0.0	0.5
min-	0.762492269944	0.169803722903	0.0202876118996	0.0474163952537
est-	0.0	1.0	0.0	0.0
see-	0.0	1.0	0.0	0.0
rin-	0.321863608073	0.626567084556	0.0186716457722	0.0328976615986
gor-	0.162162162162	0.837837837838	0.0	0.0
amn-	0.0	0.971631205674	0.0141843971631	0.0141843971631
zoh-	0.0502092050209	0.928870292887	0.0125523012552	0.00836820083681
irî-	0.505112606782	0.29556044525	0.0765596686513	0.122767279317
aon-	0.84	0.16	0.0	0.0
gie-	0.0574712643678	0.850574712644	0.0	0.0919540229886
ebà-	0.0	1.0	0.0	0.0
550-	0.0	0.625	0.0	0.375
jôd-	0.0	0.862068965517	0.0	0.137931034483
kak-	0.1875	0.8125	0.0	0.0
siz-	0.0	1.0	0.0	0.0
ajà-	0.0	1.0	0.0	0.0
gog-	0.132821075741	0.858946212953	0.0	0.00823271130626
iet-	0.183574879227	0.589371980676	0.227053140097	0.0
ipe-	0.36216751772	0.48510022102	0.117064248152	0.0356680131088
ozà-	0.0	1.0	0.0	0.0
màn-	0.0630541871921	0.84236453202	0.0	0.0945812807881
kôn-	0.161431513903	0.703141091658	0.0911431513903	0.0442842430484
onô-	0.0	1.0	0.0	0.0
sag-	0.0	1.0	0.0	0.0
soz-	0.064	0.92	0.016	0.0
iez-	0.695568400771	0.206165703275	0.0115606936416	0.0867052023121
iza-	0.0878583999566	0.0598667418386	0.00620907231475	0.84606578589
4.0-	0.0967741935482	0.58064516129	0.129032258065	0.193548387097
bai-	0.514326923077	0.352692307692	0.0210576923077	0.111923076923
arp-	0.0	1.0	0.0	0.0
138-	0.0	0.666666666666	0.0	0.333333333333
oda-	0.0	1.0	0.0	0.0
orj-	0.0134153158189	0.963107881498	0.0167691447736	0.00670765790944
16--	0.0	0.0	1.0	0.0
men-	0.119351147337	0.222156417926	0.557075746321	0.101416688416
sie-	0.294117647059	0.705882352941	0.0	0.0
deb-	0.0	1.0	0.0	0.0
bos-	0.0	1.0	0.0	0.0
kiv-	0.572479764533	0.133186166299	0.238410596027	0.0559234731419
laz-	0.566382745518	0.162153007959	0.0283815231243	0.243082723398
aza-	0.317678014444	0.0767685122978	0.0357393108552	0.569814162403
rim-	0.0	0.809523809524	0.0	0.190476190476
jôr-	0.000842105263158	0.994105263158	0.0	0.00505263157895
pit-	0.177954847278	0.346613545817	0.0929614873838	0.382470119522
ara-	0.251967878838	0.142179062249	0.0556941651044	0.550158893809
foe-	1.0	0.0	0.0	0.0
eti-	0.0642784032753	0.831320368475	0.0884339815762	0.0159672466735
fos-	0.0559139784946	0.931182795699	0.0129032258064	0.0
bes-	0.078916976774	0.341716925446	0.537662004363	0.0417040934172
hor-	0.419309523595	0.490871541241	0.0304191055626	0.0593998296013
pad-	0.0	0.854545454545	0.145454545455	0.0
sem-	0.0174867135265	0.976341505229	0.00411452082976	0.00205726041488
di--	0.222222222222	0.777777777778	0.0	0.0
40.-	0.136363636364	0.0757575757575	0.030303030303	0.757575757576
fai-	0.220938281371	0.15276384749	0.0434389523796	0.582858918759
6.7-	0.0	0.285714285714	0.0	0.714285714286
pet-	0.0239269543334	0.905279902988	0.00407475380338	0.066718388875
sai-	0.159411026457	0.270505729833	0.0670064298371	0.503076813874
62.-	0.0	0.0	0.0	1.0
eot-	0.0454545454545	0.954545454545	0.0	0.0
heb-	0.0142455153007	0.949876890609	0.0321843123461	0.00369328174464
soe-	0.0	1.0	0.0	0.0
ere-	0.0	1.0	0.0	0.0
fes-	0.0093592512599	0.989200863931	0.0	0.00143988480922
kot-	0.10965492365	0.832511722977	0.0333052783456	0.0245280750271
375-	0.0	0.6	0.4	0.0
ony-	0.0225894859231	0.962959887053	0.00348808238519	0.0109625446391
dav-	0.00122317034103	0.989311821068	0.00157264758132	0.00789236100999
eof-	0.0	1.0	0.0	0.0
tan-	0.110771054783	0.544719646028	0.0314294365083	0.313079862681
bôa-	0.0	1.0	0.0	0.0
nea-	0.0	1.0	0.0	0.0
rem-	0.0756880733945	0.542048929664	0.373088685015	0.00917431192661
lah-	0.117135301299	0.510303063766	0.066625727387	0.305935907549
220-	0.5	0.3	0.0	0.2
jao-	0.0	1.0	0.0	0.0
ifo-	0.496062992126	0.385826771654	0.11811023622	0.0
vai-	0.114893617021	0.621985815603	0.224822695035	0.0382978723404
ton-	0.577325188533	0.304376119244	0.0227379703483	0.0955607218747
dif-	0.333333333333	0.555555555556	0.0277777777778	0.0833333333332
242-	0.0	1.0	0.0	0.0
nak-	0.703204476094	0.125453066367	0.0227248994496	0.14861755809
hij-	0.715612580425	0.15868352209	0.0616442671882	0.0640596302978
bee-	0.0212014134275	0.83038869258	0.148409893993	0.0
elz-	0.0	1.0	0.0	0.0
noe-	0.598553345389	0.151898734177	0.0298372513562	0.219710669078
ask-	0.0	1.0	0.0	0.0
tin-	0.304733727811	0.532544378698	0.156382079459	0.00633981403212
6.8-	0.25	0.25	0.0	0.5
ido-	0.0	0.984	0.0	0.016
etè-	1.0	0.0	0.0	0.0
han-	0.57896855279	0.193402265522	0.0589353808396	0.168693800848
rai-	0.142018308133	0.647258179646	0.0455606679237	0.165162844297
evi-	0.0	0.7	0.3	0.0
mok-	0.317654245571	0.627367135003	0.0183262064753	0.0366524129505
top-	0.611111111111	0.388888888889	0.0	0.0
273-	0.0	0.2	0.0	0.8
dad-	0.113425925926	0.697337962963	0.0	0.189236111111
lef-	0.26913155632	0.5864144454	0.0941530524506	0.0503009458298
zao-	0.0	1.0	0.0	0.0
koz-	0.0	0.950980392157	0.0490196078431	0.0
rom-	0.542190856091	0.279226756674	0.141761276465	0.0368211107702
kep-	0.475	0.257142857143	0.160714285714	0.107142857143
fàk-	0.0	1.0	0.0	0.0
keb-	0.0	1.0	0.0	0.0
lei-	0.666666666667	0.0	0.0	0.333333333333
jes-	0.00678484857012	0.79242383282	0.00277876042161	0.198012558188
nôa-	0.0	1.0	0.0	0.0
ahô-	0.0	1.0	0.0	0.0
ieg-	0.0	1.0	0.0	0.0
mak-	0.574182618348	0.232255174965	0.0481958210815	0.145366385606
hon-	0.506631547713	0.346523264274	0.0479430617711	0.0989021262412
nik-	0.556528474162	0.328457785684	0.0523161914916	0.0626975486629
iôd-	0.220779220779	0.506493506494	0.116883116883	0.155844155844
160-	0.0	0.478260869565	0.0	0.521739130435
gov-	0.0249258959849	0.963891134465	0.00323362974939	0.00794933980059
mio-	0.371356950985	0.377407198156	0.176659874671	0.0745759761879
may-	0.772563176895	0.145607701564	0.0505415162455	0.0312876052948
adô-	0.0	0.897810218978	0.102189781022	0.0
ing-	0.230769230769	0.769230769231	0.0	0.0
iso-	0.295412844037	0.566972477064	0.0440366972477	0.0935779816514
284-	0.0	0.0	0.0	1.0
sef-	0.00564042303173	0.942655699177	0.0310223266745	0.0206815511163
gad-	0.0488446593664	0.938731013314	0.00438505670122	0.0080392706189
amo-	0.146290084665	0.630402715755	0.03833175049	0.18497544909
oen-	0.0	1.0	0.0	0.0
olô-	0.0	1.0	0.0	0.0
làn-	0.03300330033	0.57095709571	0.39603960396	0.0
hìt-	0.615384615385	0.0	0.0	0.384615384615
frô-	0.0	0.913043478261	0.086956521739	0.0
avy-	0.235903848302	0.011515440249	0.00715752598788	0.745423185462
400-	0.0689655172414	0.103448275862	0.0	0.827586206897
soh-	0.0	1.0	0.0	0.0
kal-	0.0361928683082	0.93518951489	0.0164598057422	0.0121578110596
trô-	0.181489841986	0.813995485327	0.00451467268623	0.0
god-	0.0	1.0	0.0	0.0
jôe-	0.0	1.0	0.0	0.0
eze-	0.00356718192628	0.986920332937	0.00475624256837	0.00475624256837
jos-	0.0100793750787	0.984880937382	0.00251984376969	0.00251984376969
hol-	0.684582509861	0.144996275617	0.0318687125459	0.138552501976
sav-	0.36	0.586666666667	0.0	0.0533333333333
akì-	0.0	1.0	0.0	0.0
iga-	0.184615384615	0.553846153846	0.261538461538	0.0
gav-	0.0	1.0	0.0	0.0
izr-	0.0	1.0	0.0	0.0
poa-	0.111951588502	0.295763993948	0.43343419062	0.158850226929
kôm-	0.0316622691293	0.920844327177	0.0474934036939	0.0
bav-	0.0	1.0	0.0	0.0
azr-	0.0	1.0	0.0	0.0
ile-	0.2	0.8	0.0	0.0
bol-	0.158562367865	0.816067653277	0.0253699788584	0.0
phe-	0.0	1.0	0.0	0.0
efe-	0.00128980249899	0.995324465941	0.00241837968561	0.000967351874245
tôh-	0.0	1.0	0.0	0.0
bah-	0.264367816092	0.715517241379	0.0201149425287	0.0
ore-	0.0	0.95	0.0	0.0499999999999
139-	0.0	0.333333333333	0.0	0.666666666667
sep-	0.0	1.0	0.0	0.0
lià-	0.0213903743316	0.967914438503	0.0	0.0106951871658
pôd-	0.0	1.0	0.0	0.0
any-	0.0716435127657	0.0163440710441	0.00110285461269	0.910909561577
rib-	0.0821917808219	0.917808219178	0.0	0.0
jaï-	0.0	1.0	0.0	0.0
fih-	0.18874342892	0.662260016323	0.0891662722151	0.0598302825416
845-	0.0	0.333333333333	0.0	0.666666666667
arà-	0.0	0.966666666667	0.0333333333333	0.0
bor-	0.132375189107	0.82223903177	0.0249621785174	0.0204236006051
rôs-	0.0	1.0	0.0	0.0
vov-	0.0576534277314	0.908576549089	0.0206619220771	0.0131081011027
vat-	0.052573702347	0.844286148527	0.0516396517977	0.0515004973281
omr-	0.0	1.0	0.0	0.0
nyv-	0.754098360656	0.0737704918033	0.172131147541	0.0
okr-	0.0	1.0	0.0	0.0
mby-	0.383743737593	0.109414878533	0.0319028263541	0.47493855752
jôs-	0.0370052976005	0.927391710813	0.00467435338111	0.030928638205
fod-	0.00976153953423	0.985357690699	0.00488076976711	0.0
faf-	0.601246105919	0.230529595016	0.0373831775702	0.130841121495
zam-	0.0	1.0	0.0	0.0
642-	0.0	0.0	0.0	1.0
ved-	0.0	1.0	0.0	0.0
pak-	0.00955752212389	0.974513274336	0.00371681415929	0.0122123893805
for-	0.669941060904	0.203339882122	0.0559921414538	0.0707269155206
ber-	0.00755456071628	0.935366536094	0.0243424734191	0.0327364297706
fah-	0.0961433344146	0.682016110789	0.159626798549	0.0622137562473
baz-	0.0	1.0	0.0	0.0
lay-	0.0383537064035	0.936974318717	0.0100930806325	0.0145788942469
viv-	0.0	1.0	0.0	0.0
pes-	0.307924376508	0.576226870475	0.0834674175382	0.0323813354787
ane-	0.197563305303	0.0831265012143	0.0231006074561	0.696209586027
ahi-	0.210101725185	0.625330515287	0.10839245586	0.0561753036687
zar-	0.0887847061967	0.128556853791	0.010510846066	0.772147593947
hav-	0.125927086149	0.678477658351	0.0784970907248	0.117098164775
att-	0.5	0.0	0.0	0.5
ote-	0.0	1.0	0.0	0.0
àna-	0.216111915099	0.48673420164	0.297153883261	0.0
bat-	0.704936424705	0.264895875077	0.0216094873902	0.00855821282781
fer-	0.185254115963	0.646957766643	0.152612741589	0.0151753758053
loi-	0.0	0.985507246377	0.0144927536232	0.0
jen-	0.01407259934	0.819810728993	0.114489868274	0.0516268033926
abe-	0.0224578914535	0.956955708047	0.0205864004991	0.0
vod-	0.109319011964	0.680059691651	0.161792137707	0.0488291586774
iha-	0.154161658638	0.063099844134	0.0887892885646	0.693949208663
nov-	0.727632191201	0.148766646389	0.0240428656108	0.0995582967998
tam-	0.117398984453	0.0398873507641	0.00955595786743	0.833157706915
fiz-	0.322198138468	0.565599897998	0.0777763610863	0.034425602448
jan-	0.0135631534332	0.949703306019	0.0296693981351	0.00706414241311
vih-	0.0	0.790697674418	0.209302325582	0.0
niv-	0.550444555395	0.103391423818	0.0302635424259	0.315900478362
rôa-	0.0	1.0	0.0	0.0
toa-	0.13916720637	0.137529048726	0.0770315059621	0.646272238942
edo-	0.0	1.0	0.0	0.0
eny-	0.0800764867528	0.0811637563637	0.0281804592411	0.810579297642
nod-	0.513050948418	0.193953218022	0.0594622378361	0.233533595724
vah-	0.030284360849	0.857610655273	0.0271546817629	0.0849503021149
fel-	0.039446366782	0.943944636678	0.00519031141868	0.0114186851211
die-	0.227577733674	0.122149765303	0.0311669764462	0.619105524578
bàn-	0.25	0.75	0.0	0.0
250-	0.0	0.0740740740742	0.0617283950616	0.864197530864
bed-	0.316725978648	0.320284697509	0.288256227758	0.0747330960854
asl-	0.0	1.0	0.0	0.0
tim-	0.00991553433713	0.985677561513	0.00110172603746	0.00330517811238
tri-	0.374727851281	0.557444314185	0.0351699882767	0.0326578462569
zen-	0.223255813953	0.637209302326	0.111627906977	0.0279069767442
shi-	0.448275862069	0.241379310345	0.0	0.310344827586
rah-	0.0582062685085	0.18389656106	0.00780788835653	0.750089282075
mol-	0.0557798165138	0.870091743119	0.0239755351682	0.0501529051987
tos-	0.5	0.5	0.0	0.0
ena-	0.0	1.0	0.0	0.0
lop-	0.0	1.0	0.0	0.0
623-	0.0	1.0	0.0	0.0
tes-	0.0045871559633	0.995412844037	0.0	0.0
naj-	0.583840844499	0.33089727974	0.0560292326431	0.0292326431181
oba-	0.0	1.0	0.0	0.0
elo-	0.259259259259	0.740740740741	0.0	0.0
fàh-	0.5	0.0	0.333333333333	0.166666666667
oga-	0.0	1.0	0.0	0.0
180-	0.0	0.1875	0.125	0.6875
lee-	0.0	1.0	0.0	0.0
rol-	0.333333333333	0.666666666667	0.0	0.0
jon-	0.00819672131147	0.983606557377	0.00819672131148	0.0
jer-	0.0794084173497	0.901091542414	0.00485704760481	0.0146429926311
lob-	0.00657894736841	0.805921052632	0.1875	0.0
ivi-	0.818181818182	0.181818181818	0.0	0.0
37.-	0.285714285714	0.142857142857	0.0	0.571428571429
gôi-	0.0	1.0	0.0	0.0
26--	0.0	0.0	1.0	0.0
dok-	0.0196917808219	0.963796477495	0.00917318982388	0.0073385518591
35.-	0.0	0.0	0.142857142857	0.857142857143
fàf-	0.111111111111	0.861111111111	0.0277777777778	0.0
nij-	0.770627007828	0.120985174494	0.0188794072458	0.0895084104317
mah-	0.385827497304	0.246834121064	0.251272733061	0.116065648571
kop-	0.030534351145	0.893129770992	0.0458015267175	0.030534351145
hoi-	0.783882783883	0.120879120879	0.062271062271	0.032967032967
928-	0.0	1.0	0.0	0.0
ite-	0.696928668139	0.168602579634	0.0419012328084	0.0925675194185
tea-	0.0663900414937	0.717842323651	0.0	0.215767634855
esd-	0.015873015873	0.984126984127	0.0	0.0
8.6-	0.0	0.142857142857	0.0	0.857142857143
seg-	0.0	1.0	0.0	0.0
tse-	0.0544251041922	0.922039715617	0.0176513851434	0.0058837950478
ski-	0.0	1.0	0.0	0.0
mil-	0.642510089957	0.211305552705	0.032722003887	0.113462353451
kik-	1.0	0.0	0.0	0.0
mai-	0.170689383532	0.169651072677	0.149321861527	0.510337682265
zon-	0.162234042553	0.726063829787	0.00797872340425	0.103723404255
kel-	0.0855803298836	0.122574974428	0.455262308407	0.336582387281
oko-	0.0145161290323	0.985483870968	0.0	0.0
kam-	0.0678180407483	0.439064340929	0.470703181126	0.0224144371965
evô-	0.0714285714286	0.928571428571	0.0	0.0
112-	0.153846153846	0.153846153846	0.0769230769231	0.615384615385
jôb-	0.0799333888425	0.89342214821	0.00499583680267	0.0216486261449
azà-	0.0	1.0	0.0	0.0
jor-	0.00167574361123	0.989275240888	0.00100544616674	0.00804356933391
kôl-	0.0346153846154	0.907692307692	0.0	0.0576923076923
2.6-	0.0588235294118	0.294117647059	0.117647058823	0.529411764706
tôg-	0.0	0.888888888889	0.111111111111	0.0
ija-	0.2625	0.6	0.0625	0.075
èty-	0.0	0.131920710868	0.868079289132	0.0
435-	0.0	0.0526315789474	0.0	0.947368421053
ior-	0.325495530509	0.359696851924	0.055382821609	0.259424795958
por-	0.402855489099	0.396102643257	0.103800887517	0.0972409801273
kôz-	0.0	1.0	0.0	0.0
alf-	0.00296833773087	0.975263852243	0.0217678100264	0.0
ezr-	0.0	1.0	0.0	0.0
bak-	0.0900047370914	0.888678351492	0.0213169114164	0.0
123-	0.0	0.0	0.0	1.0
epa-	0.00620261888352	0.993797381116	0.0	0.0
oak-	0.0	0.897959183673	0.102040816327	0.0
arv-	0.0	1.0	0.0	0.0
goe-	0.0	1.0	0.0	0.0
kib-	0.111518689778	0.7219395004	0.0889152953941	0.0776265144273
sôk-	0.0	1.0	0.0	0.0
nie-	0.562295328941	0.233965286203	0.0256904303147	0.178048954542
jaî-	0.05078125	0.817708333333	0.0078125	0.123697916667
650-	0.0	0.75	0.25	0.0
mel-	0.155284812291	0.630199904265	0.182033689681	0.0324815937635
59.-	0.0	0.0	0.0	1.0
pàt-	0.0	1.0	0.0	0.0
fik-	0.223541218758	0.681222285676	0.0521008297501	0.0431356658156
môs-	0.0	1.0	0.0	0.0
jôp-	0.00532247964934	0.992798998121	0.0	0.00187852222918
ian-	0.050900501809	0.0452371726772	0.0110992913126	0.892763034201
lov-	0.214418785399	0.746074863245	0.0195207853759	0.0199855659801
fak-	0.148832320929	0.779646222634	0.0474731460534	0.0240483103835
and-	0.048149573701	0.812443243685	0.0108994929096	0.128507689704
azg-	0.0	1.0	0.0	0.0
per-	0.0163743925629	0.977683287555	0.00435770124657	0.00158461863512
sok-	0.293325250892	0.575335084529	0.086212702903	0.0451269616758
itỳ-	0.242990654206	0.271028037383	0.467289719626	0.018691588785
675-	0.0	0.121951219512	0.0	0.878048780488
liv-	0.0419580419581	0.818181818182	0.0559440559441	0.0839160839161
lid-	0.0594713656388	0.874449339207	0.00660792951541	0.0594713656387
div-	0.0260061455445	0.924229933298	0.0373978865323	0.0123660346249
sot-	0.301534120966	0.629694939164	0.0317404337859	0.0370305060836
ata-	0.520100330593	0.120930698421	0.0509347543496	0.308034216636
reo-	0.0	1.0	0.0	0.0
dat-	0.0	1.0	0.0	0.0
loh-	0.0706460109213	0.851619745477	0.0526860039195	0.0250482396821
lev-	0.2657021581	0.617925406309	0.0287418199868	0.0876306156042
2.8-	0.0	1.0	0.0	0.0
abd-	0.018018018018	0.882882882883	0.0990990990989	0.0
prô-	0.165780141844	0.754432624114	0.063829787234	0.0159574468085
ôpa-	0.142857142857	0.857142857143	0.0	0.0
ome-	0.699701572047	0.131686255125	0.0523004286791	0.116311744149
saa-	0.0612244897959	0.938775510204	0.0	0.0
dev-	0.0065487132353	0.988970588235	0.00379136029412	0.000689338235293
laf-	0.104381987208	0.731269142109	0.0607785630026	0.103570307681
jai-	0.188775510204	0.729591836735	0.030612244898	0.0510204081632
tal-	0.334289132421	0.177453051165	0.134779658741	0.353478157673
vay-	0.0154639175258	0.635738831615	0.328178694158	0.020618556701
edn-	0.0	1.0	0.0	0.0
450-	0.0138888888889	0.125	0.0277777777778	0.833333333333
nem-	0.0799999999999	0.84	0.0266666666667	0.0533333333333
taz-	0.227281752598	0.6609967569	0.0309749156132	0.0807465748891
vak-	0.630898915221	0.17515373454	0.0704069646928	0.123540385546
esk-	0.0	0.979865771812	0.0201342281879	0.0
feo-	0.0773733641691	0.866499180417	0.0264105090833	0.0297169463302
nga-	0.237082066869	0.218844984802	0.471124620061	0.0729483282675
kij-	0.0796460176992	0.867256637168	0.0530973451329	0.0
beg-	0.0	1.0	0.0	0.0
mpa-	0.0690737192951	0.820069116089	0.0650895904267	0.0457675741894
til-	0.0559560345442	0.911069873671	0.025979587467	0.00699450431804
idi-	0.399957774171	0.410685773854	0.0563450905876	0.133011361387
an--	0.0919541422212	0.784356733291	0.0414234921777	0.0822656323096
hih-	0.671652010282	0.195761101559	0.0508947944404	0.0816920937184
amì-	0.714285714286	0.285714285714	0.0	0.0
ray-	0.01165625217	0.980457987549	0.00300677184093	0.00487898844054
asm-	0.0	1.0	0.0	0.0
rak-	0.150259285601	0.720304762866	0.0526217370646	0.0768142144688
mom-	0.141549440339	0.08623157872	0.0434061541121	0.728812826829
hal-	0.451335748813	0.317237618082	0.132803458627	0.0986231744778
ter-	0.513791119395	0.35439556658	0.0509303740492	0.0808829399765
zai-	0.454545454545	0.272727272727	0.0	0.272727272727
dab-	0.0	1.0	0.0	0.0
did-	0.139217884971	0.778920832507	0.0139018410431	0.0679594414787
nam-	0.585873116485	0.257194160768	0.0544730460337	0.102459676713
osr-	0.0	1.0	0.0	0.0
ker-	0.0388688598468	0.91465750338	0.0202794051374	0.0261942316359
dro-	0.0	0.959459459459	0.0405405405405	0.0
oli-	0.0919519300802	0.795460063122	0.050072833212	0.0625151735858
ohô-	0.0	1.0	0.0	0.0
led-	0.153846153846	0.846153846154	0.0	0.0
26.-	0.0	0.4	0.0	0.6
kon-	0.0	0.948717948718	0.0512820512821	0.0
atà-	0.0	1.0	0.0	0.0
ìty-	0.307692307692	0.692307692308	0.0	0.0
had-	0.324964251911	0.447424803444	0.147472048997	0.080138895647
nim-	0.709471443774	0.20858460447	0.0446967009578	0.0372472507981
tor-	0.414062438963	0.292372737903	0.11206642864	0.181498394494
avi-	0.470401158356	0.495339426769	0.0220423782498	0.0122170366252
lin-	0.0	1.0	0.0	0.0
hoh-	0.613349837019	0.213070714287	0.103552744164	0.0700267045306
22.-	0.0	0.124223602484	0.0	0.875776397516
24.-	0.0	0.256338028169	0.0	0.743661971831
324-	0.0	0.5	0.0	0.5
14.-	0.0	0.0	0.333333333333	0.666666666667
ese-	0.0	1.0	0.0	0.0
ape-	0.459355931787	0.425912511817	0.0610182809296	0.0537132754662
aja-	0.43178807947	0.464900662252	0.087417218543	0.0158940397351
ato-	0.293427914451	0.164200481145	0.0514196456124	0.490951958792
148-	0.0	0.2	0.0	0.8
oaz-	0.0384615384615	0.923076923077	0.0384615384615	0.0
arg-	0.0	1.0	0.0	0.0
iba-	0.333333333333	0.666666666667	0.0	0.0
mim-	0.280343387115	0.423216954739	0.259217031388	0.0372226267582
800-	0.0	0.410714285714	0.0	0.589285714286
gôm-	0.00175644028103	0.992388758782	0.00468384074941	0.00117096018735
jol-	0.0	1.0	0.0	0.0
amm-	0.0	1.0	0.0	0.0
ndr-	0.25974025974	0.315230224321	0.0	0.425029515939
kan-	0.123257585841	0.129603897217	0.0234063935524	0.723732123389
agi-	0.0	1.0	0.0	0.0
nyf-	0.0	1.0	0.0	0.0
n’i-	0.204968944099	0.496894409938	0.167701863354	0.130434782609
ias-	0.475794376976	0.320412576942	0.0765263683247	0.127266677757
pôt-	0.0	0.833333333333	0.166666666667	0.0
100-	0.0	0.182432432432	0.0	0.817567567568
mna-	0.113636363636	0.863636363636	0.0227272727273	0.0
naì-	0.0322580645161	0.806451612903	0.0	0.161290322581
ken-	0.329705763805	0.496170898831	0.0753728335348	0.0987505038291
sih-	0.0	1.0	0.0	0.0
bob-	0.265432098765	0.262345679012	0.444444444444	0.0277777777778
sol-	0.213914098106	0.675615454892	0.0533345328073	0.0571359141952
mem-	0.0369881109642	0.919418758256	0.0317040951123	0.0118890356671
ala-	0.201106939101	0.25144854149	0.0671907122291	0.48025380718
122-	0.0	1.0	0.0	0.0
tha-	0.0714285714285	0.764285714286	0.0428571428571	0.121428571429
saz-	0.214960953555	0.574188244965	0.106452938759	0.104397862721
geh-	0.0572775058908	0.903570781222	0.0391517128875	0.0
ser-	0.054234769688	0.906389301634	0.0260029717682	0.0133729569094
ooz-	0.0	1.0	0.0	0.0
288-	0.0	0.0	0.2	0.8
àry-	0.158536849528	0.0428773944793	0.00929030270501	0.789295453287
28.-	0.333333333333	0.0	0.0	0.666666666667
vot-	0.188679245283	0.0668953687822	0.627787307033	0.116638078902
vav-	0.123466616519	0.76463648168	0.0392183905407	0.07267851126
afe-	0.628984466194	0.233635628984	0.0929334650265	0.0444464397953
fij-	0.194982610307	0.575137645686	0.143269262219	0.0866104817872
isi-	0.0100558349178	0.00894227335463	0.00276279087724	0.97823910085
ahy-	0.0261544467789	0.0139913338001	0.00553503683436	0.954319182587
bit-	0.0853782488746	0.756062146072	0.109772034267	0.0487875707855
17--	0.0	1.0	0.0	0.0
gez-	0.0	1.0	0.0	0.0
heo-	0.0	0.333333333333	0.0	0.666666666667
pai-	0.153846153846	0.247252747253	0.574175824176	0.0247252747253
iao-	0.0	0.0	0.0	1.0
fri-	0.0	0.952542372881	0.0474576271186	0.0
390-	0.0	0.0	0.0	1.0
map-	0.0	1.0	0.0	0.0
haì-	0.228571428571	0.685714285714	0.0	0.0857142857143
bet-	0.0418527307038	0.57313951533	0.357280319874	0.0277274340913
ovi-	0.164091026345	0.116191353644	0.0132433188057	0.706474301205
sal-	0.0368079022615	0.899012217312	0.0374837535742	0.0266961268521
môr-	0.0	1.0	0.0	0.0
hob-	0.342086068563	0.382202771699	0.210065645514	0.0656455142233
isk-	0.0	1.0	0.0	0.0
mbe-	0.140410958904	0.517123287671	0.0410958904109	0.301369863014
bad-	0.0373134328359	0.783582089552	0.134328358209	0.044776119403
hôb-	0.327272727273	0.672727272727	0.0	0.0
efi-	0.0554166963013	0.815929640129	0.0738889284016	0.0547647351683
eme-	0.00841514726508	0.814866760168	0.176718092567	0.0
jok-	0.0	1.0	0.0	0.0
ren-	0.492706602551	0.411365466808	0.0130935984596	0.0828343321816
lok-	0.121554063705	0.856163405228	0.0128553063848	0.0094272246822
naz-	0.230348833578	0.671403141688	0.0402860622716	0.0579619624622
46.-	0.0	0.0	0.0	1.0
neb-	0.0	1.0	0.0	0.0
imo-	0.6	0.266666666667	0.133333333333	0.0
223-	0.0	0.2	0.0	0.8
jah-	0.0118343195266	0.988165680473	0.0	0.0
lae-	0.0	1.0	0.0	0.0
not-	0.650804453608	0.217568682263	0.0515141999068	0.0801126642218
arô-	0.0176470588235	0.947058823529	0.0352941176471	0.0
tak-	0.418896146229	0.400715893575	0.11258103005	0.067806930145
nob-	0.547541422893	0.313563485329	0.057612433567	0.0812826582108
niz-	0.556142258115	0.251514210281	0.0649945643733	0.127348967231
saf-	0.217898345413	0.622669567804	0.079129032763	0.0803030540206
jaz-	0.0350877192983	0.964912280702	0.0	0.0
hoy-	0.928590788786	0.0130136037291	0.00045510951452	0.0579404979707
3.7-	0.181818181818	0.454545454545	0.0	0.363636363636
nek-	0.503373629463	0.36870958673	0.0806859713241	0.0472308124825
bef-	0.201923076923	0.519230769231	0.221153846154	0.0576923076923
44.-	0.0	0.2	0.6	0.2
asn-	0.0	1.0	0.0	0.0
iny-	0.18844317946	0.0913160781523	0.0218802810638	0.698360461324
hio-	0.458363117065	0.34600031563	0.111986830176	0.0836497371296
raj-	0.0	1.0	0.0	0.0
tro-	0.259258469428	0.713974431958	0.0178765980026	0.00889050061092
beh-	0.0	1.0	0.0	0.0
zek-	0.0	1.0	0.0	0.0
ela-	0.0792887858898	0.443038711961	0.275611376029	0.202061126121
jiz-	0.0	1.0	0.0	0.0
ho'-	0.960784313725	0.0392156862745	0.0	0.0
aen-	0.0	1.0	0.0	0.0
zah-	0.752790383483	0.187847715384	0.00698375307444	0.0523781480584
fen-	0.320091217363	0.115066353382	0.3297468125	0.235095616755
nàh-	0.2	0.533333333333	0.0133333333333	0.253333333333
nal-	0.641898190053	0.156414155142	0.0863717768205	0.115315877984
oti-	0.0	1.0	0.0	0.0
jeb-	0.0	0.987841945289	0.0121580547112	0.0
lek-	0.0	1.0	0.0	0.0
rob-	0.227409336806	0.766579843719	0.00601081947506	0.0
ivy-	0.0	1.0	0.0	0.0
kes-	0.00766283524904	0.926245210728	0.00670498084291	0.0593869731801
ain-	0.165042664342	0.712439461793	0.0409090286832	0.0816088451818
dom-	0.138075313807	0.841004184101	0.020920502092	0.0
jet-	0.0164899882214	0.983510011779	0.0	0.0
teg-	0.111111111111	0.777777777778	0.111111111111	0.0
job-	0.0149625935162	0.970074812968	0.0149625935162	0.0
5.4-	0.0	0.5	0.0	0.5
hok-	0.672487967967	0.254850852821	0.0490244100708	0.0236367691413
nil-	0.725769443334	0.103671915396	0.0151944088705	0.155364232399
mon-	0.312311667448	0.195295922963	0.0539519075853	0.438440502003
736-	0.0	0.0	0.0	1.0
man-	0.455625817996	0.217237903373	0.107278969897	0.219857308734
esf-	0.0	1.0	0.0	0.0
esp-	0.0	1.0	0.0	0.0
hoe-	0.552928518842	0.025288352582	0.00463271472921	0.417150413846
mpo-	0.29527470612	0.60150018503	0.0137676978303	0.0894574110203
mib-	0.559434506636	0.307425984287	0.0722402237117	0.0608992853655
sea-	0.0	1.0	0.0	0.0
zeb-	0.00214830096673	0.995703398067	0.00143220064449	0.000716100322243
gôl-	0.00373599003736	0.996264009963	0.0	0.0
his-	0.430222606159	0.179085988827	0.0296896037196	0.361001801294
rad-	0.0526315789473	0.947368421053	0.0	0.0
ozò-	0.0526315789475	0.947368421053	0.0	0.0
asr-	0.0	1.0	0.0	0.0
amb-	0.153610530096	0.20361591024	0.0882141291754	0.554559430488
172-	0.0	0.0	0.0	1.0
gia-	0.0	1.0	0.0	0.0
gag-	0.744956359994	0.0590213192159	0.115109457719	0.0809128630705
pap-	0.010989010989	0.945054945055	0.043956043956	0.0
kao-	0.236633469926	0.697314369092	0.0346292882819	0.0314228727002
arf-	0.0	1.0	0.0	0.0
300-	0.0454436773816	0.574693788608	0.0407827873938	0.339079746617
aer-	0.0	1.0	0.0	0.0
zob-	0.0	1.0	0.0	0.0
gis-	0.0	1.0	0.0	0.0
beô-	0.0	1.0	0.0	0.0
jop-	0.01261829653	0.869610935857	0.117770767613	0.0
ive-	0.107720687512	0.147148866672	0.213391721351	0.531738724465
pob-	0.00221114019814	0.994472149505	0.00276392524767	0.000552785049534
alv-	0.0	1.0	0.0	0.0
ôte-	0.0089974293059	0.979236701602	0.00177971129128	0.00998615780108
bon-	0.0193548387097	0.903225806452	0.0774193548387	0.0
boa-	0.0553745928339	0.901194353963	0.043431053203	0.0
652-	0.0	0.0	0.0	1.0
mej-	0.0	0.333333333333	0.666666666667	0.0
ant-	0.123412419617	0.259375101607	0.0814248777886	0.535787600987
aià-	0.0	1.0	0.0	0.0
32.-	0.0	0.127906976744	0.0	0.872093023256
pol-	0.628318584071	0.106194690265	0.159292035398	0.106194690265
121-	0.0	1.0	0.0	0.0
mar-	0.0819701440807	0.346668097863	0.418166981676	0.15319477638
110-	0.0	0.142857142857	0.0	0.857142857143
ske-	0.0	1.0	0.0	0.0
orf-	0.0	1.0	0.0	0.0
art-	0.0168	0.9736	0.0	0.0096
foa-	0.235789639083	0.194892432053	0.216881773464	0.352436155401
nes-	0.572513118232	0.200960142905	0.0537010159652	0.172825722898
vos-	0.0883327199117	0.399337504601	0.457121825543	0.0552079499448
rir-	0.0105605199025	0.951665312754	0.0219333874898	0.0158407798538
ngà-	0.0	0.6	0.4	0.0
fim-	0.3	0.580898876405	0.0988764044943	0.0202247191011
nda-	0.824110671937	0.0869565217391	0.0	0.0889328063241
kaa-	0.018018018018	0.972972972973	0.00900900900901	0.0
17.-	0.181818181818	0.090909090909	0.0	0.727272727273
jôn-	0.0103089866695	0.983585691128	0.0	0.0061053222023
hen-	0.276551449562	0.319224890968	0.345144409105	0.0590792503654
ajì-	0.0	1.0	0.0	0.0
era-	0.199668453259	0.257003460617	0.0900073161184	0.453320770006
ial-	0.339484541536	0.389992330274	0.0696556557615	0.200867472429
bla-	0.273556231003	0.699088145897	0.00911854103344	0.0182370820669
fam-	0.193817178621	0.718377939627	0.051696061148	0.0361088206042
inj-	0.312637526018	0.252334225394	0.152294578254	0.282733670334
pah-	0.4	0.2	0.4	0.0
ves-	0.618687550635	0.189576019444	0.155279503106	0.0364569268161
lav-	0.182375407779	0.204736755617	0.213380671414	0.39950716519
aze-	0.578066914498	0.323420074349	0.0446096654276	0.0539033457249
sam-	0.158441204439	0.429817001007	0.0984934827201	0.313248311834
aro-	0.531217946597	0.320550574066	0.0866889455051	0.0615425338319
lit-	0.0178571428571	0.946428571429	0.0357142857143	0.0
bag-	0.0	1.0	0.0	0.0
oha-	0.226233794874	0.527968117449	0.122237449396	0.123560638281
emb-	0.0325993708894	0.945095796397	0.00686302545039	0.0154418072634
lib-	0.0334597979613	0.933628925355	0.0219408511222	0.0109704255611
zio-	0.0495867768595	0.930578512397	0.0198347107438	0.0
lad-	0.0	1.0	0.0	0.0
jak-	0.00261949251698	0.86841415923	0.116811902974	0.0121544452788
hel-	0.258761469965	0.5953401099	0.0616020750829	0.0842963450527
aia-	0.0	1.0	0.0	0.0
dar-	0.0	0.977055449331	0.0	0.0229445506692
dit-	0.124916350658	0.742917689048	0.132165960294	0.0
gri-	0.0177554816527	0.405332281157	0.561129586833	0.0157826503579
afi-	0.307081403044	0.520847121112	0.0727994705493	0.0992720052945
ado-	0.0	0.994071146245	0.00592885375493	0.0
ody-	0.0459392945037	0.835931091058	0.118129614438	0.0
voa-	0.482488931388	0.256604214834	0.147684233371	0.113222620407
nos-	0.607228300567	0.306983423265	0.0489102628564	0.0368780133113
noa-	0.187250103957	0.203510006504	0.589514761859	0.0197251276802
imb-	0.131802296555	0.475786320519	0.113829256116	0.27858212681
foà-	0.0	1.0	0.0	0.0
3.6-	0.172413793103	0.758620689655	0.0	0.0689655172414
ngo-	0.125	0.875	0.0	0.0
kil-	0.245451302176	0.529551670829	0.17933166845	0.0456653585444
res-	0.53527420135	0.243383927955	0.126678489992	0.0946633807034
tob-	0.0200956937799	0.966985645933	0.0114832535885	0.00143540669857
ros-	0.275862068966	0.51724137931	0.0	0.206896551724
let-	0.61744966443	0.10067114094	0.241610738255	0.0402684563758
aso-	0.0527752502275	0.894449499545	0.0327570518654	0.0200181983621
