-mue	0.213909994155	0.604909409702	0.153126826417	0.0280537697253
-nyi	0.473919813157	0.480342545738	0.000973141300116	0.0447644998054
-can	0.0	0.96875	0.03125	0.0
-eus	0.0452923901689	0.898929775115	0.0208920511658	0.0348857835504
-aja	0.186658476048	0.17085029476	0.213247191894	0.429244037298
-hel	0.109011627907	0.890988372093	0.0	0.0
-hem	0.0786578657866	0.904840484048	0.00660066006601	0.00990099009901
-rbe	0.045045045045	0.954954954955	0.0	0.0
-mua	0.642105263158	0.157894736842	0.168421052632	0.0315789473684
-kho	0.0	0.987603305785	0.0123966942149	0.0
-lem	0.0257823111397	0.96336638211	0.00120570074999	0.00964560599997
-aus	0.135914055666	0.799493125799	0.00403705115842	0.0605557673761
-aut	0.175438596491	0.678362573099	0.0409356725146	0.105263157895
-oya	0.0425531914894	0.851063829787	0.106382978723	0.0
-oyo	0.0915700206048	0.20719615303	0.0843224155448	0.616911410821
-nsu	0.339124205248	0.128055878929	0.0608937046656	0.471926211158
-oyu	0.0519620884602	0.940451446625	0.00384519454606	0.00374127036913
-nso	0.154532374636	0.361368052664	0.204409429723	0.279690142977
-aud	0.00725030651702	0.972236631142	0.00447986418938	0.0160331981515
-aum	0.00883256528417	0.97619047619	0.0028801843318	0.0120967741936
-aul	0.525821596244	0.417840375587	0.0281690140845	0.0281690140845
-zia	0.0	1.0	0.0	0.0
-nti	0.464135021097	0.184448462929	0.177951912129	0.173464603844
-nto	0.0129825594771	0.0379729061012	0.0175933411822	0.93145119324
-pus	0.0282939813674	0.948752074399	0.0123560243834	0.0105979198502
-nta	0.242110272319	0.622820126657	0.0646519599162	0.0704176411078
-uak	0.350011201553	0.301471137331	0.26092151445	0.0875961466657
-nte	0.0863857024382	0.844248240648	0.0265243351908	0.0428417217233
-kia	0.00911546252532	0.985820391627	0.00303848750844	0.00202565833896
-uan	0.222972972973	0.698648648649	0.05	0.0283783783784
-pue	0.0785358826729	0.701523844414	0.0164841258661	0.203456147047
-apa	0.140724022925	0.052128659739	0.0139101977182	0.793237119618
-pul	0.638800255265	0.30376515635	0.0414805360562	0.0159540523293
-ntu	0.135450581615	0.771554493593	0.0157491557544	0.0772457690369
-puk	0.195969268456	0.785658612627	0.0183721189177	0.0
-opu	0.0555555555556	0.509259259259	0.305555555555	0.12962962963
-opo	0.124209576956	0.297595160634	0.113322935409	0.464872327
-opi	0.436363636364	0.432727272727	0.0727272727273	0.0581818181818
-ope	0.0312308634415	0.952235150031	0.00367421922841	0.0128597672995
-opa	0.0869565217391	0.550724637681	0.144927536232	0.217391304348
-gke	0.104265402844	0.763033175355	0.132701421801	0.0
-dea	0.0195953818451	0.949369770151	0.0105920982947	0.0204427497087
-api	0.52244339426	0.341158070643	0.0370697589435	0.0993287761534
-imu	0.176677885082	0.690966419217	0.0484927135816	0.0838629821194
-das	0.325609716307	0.629204082466	0.0170388245621	0.028147376665
-oku	0.63161576125	0.152949405456	0.0195849848449	0.195849848449
-gko	0.265711071888	0.379138614945	0.0929339971611	0.262216316006
-dek	0.237033366369	0.738602576809	0.0119755533532	0.0123885034688
-ima	0.418797964584	0.311890530587	0.0613951361453	0.207916368684
-oko	0.728097111083	0.189345972127	0.0273046580362	0.0552522587531
-des	0.0256268979921	0.895788219315	0.0463846853657	0.0322001973271
-ime	0.775510204082	0.142857142857	0.0408163265306	0.0408163265306
-kim	0.0	1.0	0.0	0.0
-imi	0.262026612078	0.45957011259	0.278403275333	0.0
-nae	0.255962871578	0.590529902479	0.115321348843	0.0381858771002
-oka	0.727452245439	0.0831385730098	0.0270560097349	0.162353171816
-imo	0.493729539	0.301283051717	0.0673678519989	0.137619557284
-ido	0.0740740740741	0.888888888889	0.037037037037	0.0
-bit	0.0	0.980676328502	0.0193236714976	0.0
-obo	0.171333364188	0.72383949646	0.096496505762	0.00833063359097
-oba	0.271012237759	0.645727474143	0.0567749033496	0.0264853847484
-ida	0.146437906307	0.805643053415	0.0261376583339	0.0217813819449
-bia	0.0347222222222	0.913194444445	0.0381944444444	0.0138888888889
-eja	0.0561512648955	0.0352138891213	0.0700170022823	0.838617843701
-ter	0.0315494969938	0.860557176022	0.0785761057206	0.0293172212632
-uta	0.0517925026291	0.110222236772	0.796124053212	0.0418612073869
-ria	0.052381876541	0.225031902513	0.0299374640119	0.692648756934
-ril	0.0	0.862331191819	0.137668808181	0.0
-uti	0.297836048028	0.551071942205	0.123666343356	0.0274256664102
-a'u	0.216959258032	0.726730705532	0.00662471016893	0.049685326267
-ras	0.576902757722	0.387965343571	0.0240376149051	0.0110942838024
-tea	0.0	1.0	0.0	0.0
-a'i	0.263210648705	0.539531713576	0.0549274316414	0.142330206078
-riu	0.523382602375	0.396656166707	0.029076811243	0.0508844196753
-ris	0.080842795911	0.897599125179	0.0215580789096	0.0
-utu	0.734473447345	0.255862428348	0.00966412430717	0.0
-a'a	0.225666760335	0.548666479329	0.158537761766	0.0671289985698
-sia	0.252264701251	0.621728775325	0.045009971994	0.0809965514305
-ten	0.105263157895	0.578947368421	0.253588516746	0.0622009569378
-are	0.155141273094	0.125688923453	0.0316884522774	0.687481351176
-e'e	0.466356124668	0.270967866634	0.0624943223	0.200181686398
-ara	0.114579954207	0.193290672632	0.0353275288905	0.65680184427
-mes	0.0	0.95652173913	0.0434782608696	0.0
-eri	0.0	1.0	0.0	0.0
-pat	0.0	1.0	0.0	0.0
-aro	0.509552396729	0.37484450418	0.0779225554218	0.0376805436685
-ari	0.202093105948	0.214371340593	0.408347449519	0.17518810394
-aru	0.0543806646526	0.827039274924	0.0498489425982	0.0687311178248
-mea	0.125729638754	0.276516350969	0.574502638726	0.0232513715505
-lua	0.0605187319884	0.870317002882	0.0691642651297	0.0
-men	0.0357142857143	0.964285714286	0.0	0.0
-mei	0.0	1.0	0.0	0.0
-aya	0.245579192855	0.290624793438	0.0445589195141	0.419237094193
-iwe	0.0	1.0	0.0	0.0
-o’a	0.714423563642	0.165576405255	0.0261724943102	0.093827536792
-o’o	0.766750464674	0.0802122140811	0.0212554012159	0.131781920029
-gis	0.437118044387	0.438818177641	0.0661673482517	0.0578964297202
-ayo	0.0806977647015	0.840043038808	0.0360036180976	0.0432555783931
-oje	0.641849529781	0.10736677116	0.184952978056	0.0658307210031
-o’i	0.718585380464	0.138355287499	0.096195068094	0.0468642639433
-ayu	0.26312730443	0.207239769693	0.103438254899	0.426194670977
-o’u	0.12502987734	0.0869050365335	0.0863359734192	0.701729112708
-gom	0.130940511798	0.750083084081	0.0744433366567	0.0445330674643
-gol	0.232258064516	0.406451612903	0.341935483871	0.0193548387097
-nuh	0.0180681028492	0.981931897151	0.0	0.0
-ubu	0.667602304624	0.311715172108	0.00945486777958	0.0112276554883
-sra	0.805687203791	0.194312796209	0.0	0.0
-uba	0.0883760893581	0.885847551246	0.018411685283	0.00736467411316
-nsi	0.183173974552	0.715312938601	0.020071520729	0.0814415661178
-umu	0.169287334821	0.468766220014	0.10190094128	0.260045503885
-ota	0.170155968046	0.565433077229	0.0438864739364	0.220524480789
-ija	0.238956388285	0.280368333546	0.167284819031	0.313390459138
-oti	0.0991965243379	0.73455804693	0.143222855394	0.0230225733383
-ijo	0.875	0.025	0.025	0.075
-iji	0.593495934959	0.276422764228	0.0	0.130081300813
-oto	0.12812048518	0.579809987423	0.166705085066	0.125364442331
-otu	0.598785582599	0.303029277946	0.0238485868444	0.0743365526106
-umo	0.324175204276	0.306166601904	0.131860091834	0.237798101986
-nua	0.0464515669747	0.903725284002	0.00344493786808	0.0463782111549
-ulu	0.546640525841	0.128571612646	0.0419554137703	0.282832447743
-ako	0.075350221025	0.0149118230552	0.00239989524324	0.907338060677
ALL	0.22704761651	0.265936235615	0.0508152282762	0.456200919598
-nai	0.0552055824226	0.917321341857	0.0246792036134	0.00279387210717
-nan	0.0171428571429	0.982857142857	0.0	0.0
-aki	0.115406479632	0.322149019912	0.490315450685	0.0721290497703
-nam	0.0356394129979	0.687631027254	0.0628930817609	0.213836477987
-sis	0.0	1.0	0.0	0.0
-sir	0.0239162929746	0.893871449925	0.0679051889814	0.0143070681187
-kii	0.245947146347	0.602487230735	0.10326449034	0.0483011325783
-naa	0.385492062223	0.400987723437	0.128144119647	0.0853760946935
-kio	0.882358380078	0.0711952166677	0.0152869382975	0.0311594649571
-aka	0.432015090867	0.191883021934	0.0484151942588	0.327686692939
-nsa	0.0255694361066	0.909284087552	0.00466920137598	0.0604772749651
-kis	0.0	1.0	0.0	0.0
-kir	0.0359447004608	0.945253456221	0.0121658986175	0.00663594470046
-sio	0.0116450516053	0.0773628622152	0.221165708783	0.689826377396
-sim	0.0	0.818409600422	0.0403534221284	0.14123697745
-nas	0.072979547707	0.893323722858	0.0120731597441	0.021623569691
-aku	0.0400465200195	0.0224901392442	0.00114424341012	0.936319097326
-aun	0.0434108527132	0.937984496124	0.0186046511628	0.0
-nat	0.590163934426	0.0983606557377	0.229508196721	0.0819672131148
-mou	0.0925491248072	0.907450875193	0.0	0.0
-mos	0.0163191296464	0.961922030825	0.00543970988213	0.0163191296464
-mor	0.197644858336	0.711995679606	0.0193627418697	0.0709967201887
-gon	0.0	1.0	0.0	0.0
-goa	0.606159313	0.287237192775	0.0	0.106603494226
-wua	0.153023047863	0.780966299923	0.0428483845965	0.0231622676171
-gog	0.0408163265306	0.959183673469	0.0	0.0
-ebe	0.153846153846	0.846153846154	0.0	0.0
-moa	0.105263157895	0.883040935673	0.0116959064327	0.0
-mon	0.0207180003355	0.971313537997	0.00130011742996	0.00666834423754
-gou	0.104152227333	0.828208682503	0.0532732657047	0.0143658244597
-wuu	0.268062827225	0.643979057592	0.0753926701571	0.0125654450262
-yau	0.327617771667	0.0265665727077	0.002075264521	0.643740391104
-yat	0.544117647059	0.279411764706	0.0588235294118	0.117647058824
-u'u	0.382566069906	0.495204603581	0.0213128729753	0.100916453538
-pur	0.756097560976	0.170731707317	0.0365853658537	0.0365853658537
-yar	0.485141768142	0.385739360843	0.0502359594626	0.0788829115528
-ber	0.11102484472	0.878881987578	0.00504658385094	0.00504658385093
-eor	0.043956043956	0.956043956044	0.0	0.0
-bet	0.0325073274714	0.814015454303	0.00319744204636	0.150279776179
-beu	0.319091370587	0.381671832996	0.225446916969	0.0737898794482
-eon	0.122338315038	0.824758629811	0.0297579685227	0.0231450866287
-eom	0.385026737968	0.262032085561	0.0320855614973	0.320855614973
-ben	0.0	0.914285714286	0.0	0.0857142857143
-u'a	0.0266272189349	0.585798816568	0.352071005917	0.0355029585798
-yam	0.599315068493	0.178082191781	0.0	0.222602739726
-yal	0.0584371016766	0.564172958133	0.314442592411	0.0629473477792
-yan	0.0335545991684	0.943832518783	0.0153184039682	0.0072944780801
-yai	0.753008730137	0.0810635895459	0.011153644901	0.154774035416
-bed	0.233333333333	0.766666666667	0.0	0.0
-upu	0.30412371134	0.502577319588	0.127577319588	0.0657216494846
-uis	0.611214953271	0.322429906542	0.0532710280374	0.0130841121495
-pol	0.302593659942	0.688760806916	0.0	0.00864553314121
-isi	0.0525086787576	0.916785159099	0.0123488789964	0.0183572831467
-rea	0.0554994954592	0.916194468162	0.0101425651375	0.0181634712412
-red	0.0	1.0	0.0	0.0
-upa	0.0	1.0	0.0	0.0
-res	0.0373993095512	0.828826237054	0.0215765247411	0.112197928654
-isu	0.556514503344	0.253901874393	0.0551649828776	0.134418639385
-ret	0.0262165769261	0.965600310624	0.00350704819269	0.00467606425692
-upi	0.3173739572	0.604642727602	0.0652883569097	0.012694958288
-hab	0.0201342281879	0.979865771812	0.0	0.0
-juu	0.0	0.961290322581	0.0387096774194	0.0
-oas	0.106552089573	0.819011196609	0.0277841773027	0.0466525365157
-mas	0.0313256443116	0.89036024491	0.0509753666524	0.0273387441265
-hak	0.00720435142826	0.986311732286	0.00576348114261	0.000720435142826
-ham	0.0575916848569	0.904549311027	0.0305100090126	0.00734899510373
-mai	0.689059618931	0.0772792460561	0.00860479409957	0.225056340914
-rlu	0.11320754717	0.849056603774	0.0377358490566	0.0
-har	0.0	0.95	0.0	0.05
-has	0.0	1.0	0.0	0.0
-mal	0.0621301775148	0.889053254438	0.0355029585799	0.0133136094674
-man	0.027027027027	0.621621621622	0.351351351351	0.0
-uno	0.225833083158	0.375450315221	0.360439807866	0.0382767937556
-uni	0.394937161719	0.0848968031628	0.0337042063256	0.486461828792
-ung	0.478880610853	0.344586436159	0.112103764748	0.0644291882403
-una	0.448060888855	0.347191412326	0.171090542849	0.0336571559703
-luu	0.486993909117	0.287129145712	0.118324150637	0.107552794533
-nka	0.378290899633	0.126491922666	0.392046932347	0.103170245354
-pta	0.0	1.0	0.0	0.0
-kgu	0.235294117647	0.549019607843	0.117647058823	0.0980392156863
-unu	0.25107723992	0.332318548959	0.188723677116	0.227880534005
-him	0.0	1.0	0.0	0.0
-ade	0.0903446374947	0.258582087748	0.357597063787	0.29347621097
-tra	0.0963405526513	0.83644510829	0.067214339059	0.0
-gaa	0.364822546973	0.358037578288	0.122129436326	0.155010438413
-ada	0.162898797535	0.710311287232	0.0522916700781	0.0744982451544
-gan	0.476720145687	0.321096416639	0.126662709854	0.0755207278198
-yag	0.673085320059	0.235285127937	0.0233604052048	0.0682691467994
-gai	0.403751504534	0.4395147355	0.0945622251617	0.062171534804
-adi	0.0	1.0	0.0	0.0
-gau	0.701418167881	0.0696307652996	0.221285294493	0.00766577232658
-gas	0.65082382763	0.268060836502	0.0354879594424	0.0456273764259
-gar	0.272200772201	0.600386100386	0.0926640926641	0.0347490347491
-hia	0.0666872969209	0.909794213214	0.00928361442055	0.0142348754448
-yaa	0.0837724139834	0.892793496222	0.00934986507454	0.0140842247203
-seo	0.0495100288854	0.875401560349	0.042801608941	0.0322868018249
-sem	0.0	1.0	0.0	0.0
-lao	0.448946515397	0.376012965964	0.0680713128038	0.106969205835
-bel	0.13416236199	0.654945393289	0.0371930037594	0.173699240961
-sei	0.237885462555	0.581497797357	0.0220264317181	0.15859030837
-ino	0.02476236469	0.89314220353	0.0510210705702	0.0310743612103
-ina	0.318831572405	0.435052827843	0.0559353635799	0.190180236172
-see	0.163869805097	0.0296820588053	0.00397055429142	0.802477581806
-sea	0.147585690605	0.759294766514	0.0	0.0931195428815
-ing	0.015163524412	0.808070020815	0.168165295968	0.00860115880515
-set	0.0	1.0	0.0	0.0
-ses	0.0272314674735	0.824508320726	0.0	0.1482602118
-inu	0.549043210145	0.352936834715	0.0756272107167	0.0223927444231
-bea	0.226163413196	0.40723923096	0.344194184098	0.022403171746
-kus	0.0518509207466	0.940607127145	0.00565646408145	0.00188548802715
-kur	0.685672155321	0.314327844679	0.0	0.0
-lau	0.698124964595	0.270945448366	0.030929587039	0.0
-ial	0.0357142857143	0.785714285714	0.142857142857	0.0357142857143
-ian	0.0896551724137	0.779310344828	0.0689655172414	0.0620689655172
-oom	0.81715384846	0.0588954868172	0.01230216858	0.111648496142
-edo	0.159574468085	0.265957446808	0.414893617021	0.159574468085
-iat	0.80701754386	0.0964912280702	0.078947368421	0.0175438596491
-oos	0.294387020803	0.368329563933	0.19878133119	0.138502084073
-tka	0.461077844311	0.538922155689	0.0	0.0
-kub	0.00159087896063	0.988598700782	0.00291661142781	0.00689380882938
-ias	0.0649032073427	0.842249432736	0.0650463010283	0.0278010588933
-kum	0.0314960629921	0.858267716536	0.0314960629921	0.0787401574803
-kul	0.441879637263	0.298433635614	0.244847485573	0.0148392415499
-eka	0.515351877371	0.269709752721	0.122137496316	0.0928008735927
-bak	0.671474541139	0.156563129926	0.0241134344589	0.147848894477
-eke	0.378107848583	0.580210971259	0.0119089086168	0.0297722715419
-jot	0.313725490196	0.607843137255	0.078431372549	0.0
-bae	0.177025415357	0.172034001542	0.426401262235	0.224539320867
-eko	0.644472650297	0.213340626031	0.100831284002	0.0413554396703
-hor	0.0	1.0	0.0	0.0
-kil	0.468427095293	0.41561423651	0.0516647531573	0.0642939150402
-i’i	0.188215169687	0.0460464156732	0.0159914675883	0.749746947051
-eku	0.0813968895695	0.409705381162	0.00776529099812	0.501132438271
-jok	0.646341463415	0.256097560976	0.0975609756098	0.0
-i’e	0.116666666667	0.816666666667	0.0666666666667	0.0
-joe	0.839285714286	0.160714285714	0.0	0.0
-bau	0.0358566535126	0.923559223573	0.00641012800224	0.034173994912
-i’a	0.0576876444705	0.130881483987	0.025531103439	0.785899768104
-bas	0.0564083820663	0.912158869396	0.0214424951267	0.0099902534113
-pet	0.224185408358	0.772020198271	0.00379439337136	0.0
-ase	0.0482897384305	0.927565392354	0.0	0.0241448692153
-nya	0.234403938965	0.435130479936	0.119139864467	0.211325716632
-mbu	0.434773196668	0.395009352053	0.120362651105	0.0498548001747
-asa	0.181996531941	0.595626527917	0.0906891180396	0.131687822103
-yer	0.0	0.979310344828	0.0	0.0206896551724
-asi	0.0149043446176	0.0266881789329	0.013443205181	0.944964271268
-mba	0.261553449111	0.320217312463	0.0165380882614	0.401691150165
-asu	0.12583610822	0.747640154554	0.11139589908	0.0151278381466
-mbe	0.179399346349	0.490368735849	0.309663839876	0.0205680779253
-mbi	0.303240740741	0.662037037037	0.0347222222222	0.0
-lta	0.101382488479	0.870967741936	0.0	0.0276497695852
-ake	0.308433168271	0.321952851133	0.0756625256829	0.293951454913
-zor	0.0	1.0	0.0	0.0
-mbo	0.323492969383	0.333784971177	0.018490128922	0.324231930517
-iwu	0.844755079612	0.0898934575874	0.0122619144936	0.0530895483074
-rat	0.0	1.0	0.0	0.0
-gur	0.128200213774	0.827478549154	0.0314805048362	0.0128407322358
-eru	0.648556876061	0.210950764007	0.0700339558574	0.0704584040747
-ran	0.0244439941233	0.950744718577	0.00113987537362	0.0236714119256
-rao	0.200179324458	0.498354039193	0.189802277989	0.11166435836
-iwa	0.215212764644	0.299590779658	0.0609913937921	0.424205061906
-ram	0.0	1.0	0.0	0.0
-rak	0.0	1.0	0.0	0.0
-rah	0.0691244239631	0.875576036866	0.00921658986175	0.0460829493088
-rai	0.409992652461	0.473426402155	0.0724957139358	0.0440852314475
-era	0.0360931623454	0.918435622871	0.0402269091439	0.00524430563992
-iwi	0.156105100464	0.7171561051	0.106259659969	0.0204791344668
-rab	0.0127931769723	0.955223880597	0.0	0.0319829424307
-ere	0.363636363636	0.418181818182	0.145454545455	0.0727272727273
-raa	0.0222115277829	0.97445674305	0.00185096064858	0.00148076851886
-a’e	0.235277628862	0.43752056816	0.108871127259	0.218330675719
-a’a	0.119537921008	0.270701204614	0.144955180761	0.464805693617
-por	0.334951456311	0.558252427185	0.0485436893204	0.0582524271845
-pos	0.0	1.0	0.0	0.0
-a’o	0.244012652508	0.665047446905	0.0101671938545	0.0807727067329
-a’i	0.477886418821	0.405363702388	0.0244396869477	0.0923101918427
-a’u	0.144037645373	0.0443705194231	0.0127745599534	0.79881727525
-pok	0.114611075397	0.803104049959	0.0558361649371	0.026448709707
-poi	0.180356481726	0.541175226107	0.261014439097	0.0174538530703
-uga	0.0403793669617	0.805564254151	0.10179389127	0.0522624876175
-ugi	0.0845201068796	0.444111578422	0.432022495846	0.0393458188524
-ike	0.434951456311	0.499029126214	0.0252427184466	0.0407766990291
-uju	0.721993833505	0.179342240493	0.0462487153134	0.0524152106886
-ika	0.554684945455	0.162033362156	0.054716159716	0.228565532673
-aat	0.0	1.0	0.0	0.0
-nor	0.0	1.0	0.0	0.0
-nos	0.0	1.0	0.0	0.0
-lah	0.134066368772	0.815826499534	0.0102498311499	0.0398573005441
-lai	0.117408906883	0.400809716599	0.404858299595	0.076923076923
-iki	0.041095890411	0.650684931507	0.308219178082	0.0
-lak	0.0245174073592	0.967777121756	0.00140099470624	0.0063044761781
-uja	0.408987228473	0.386490284207	0.0502680384589	0.154254448861
-iku	0.143524526343	0.253309109785	0.0119387490267	0.591227614846
-iks	0.0917431192661	0.855176933159	0.0275229357798	0.0255570117955
-non	0.0744680851064	0.86170212766	0.063829787234	0.0
-las	0.498459841258	0.350114237123	0.0264675307096	0.12495839091
-gka	0.288440670889	0.538480244277	0.0895299140398	0.0835491707941
-epi	0.521004345727	0.146788990826	0.030902945437	0.301303718011
-gei	0.2317233809	0.196048298573	0.545334796926	0.0268935236004
-dos	0.0	0.952380952381	0.047619047619	0.0
-ato	0.386956196013	0.0974875306073	0.220508353853	0.295047919527
-boo	0.665914882659	0.183535930244	0.091634775042	0.0589144120546
-bok	0.911495134655	0.0461097428029	0.0	0.0423951225421
-bou	0.117523206065	0.0638310527088	0.775048870526	0.0435968707003
-dod	0.037037037037	0.962962962963	0.0	0.0
-don	0.0	1.0	0.0	0.0
-doo	0.379931369693	0.481508582229	0.0244059647811	0.114154083297
-dol	0.00900900900901	0.747747747748	0.243243243243	0.0
-dom	0.00819286391799	0.991807136082	0.0	0.0
-dok	0.331019703668	0.666532830871	0.0024474654615	0.0
-doi	0.179373575531	0.741007546917	0.0171824274941	0.0624364500582
-mpo	0.177539477673	0.112721479925	0.0114987966052	0.698240245797
-sau	0.149198588195	0.703646639887	0.0837964673422	0.0633583045758
-mpi	0.409255242227	0.393347794649	0.167028199566	0.0303687635575
-ibu	0.404687070002	0.556278153561	0.0246954708072	0.01433930563
-mpe	0.165291446543	0.128717069809	0.0542431577645	0.651748325883
-tul	0.0	0.96875	0.03125	0.0
-mpa	0.129239970992	0.554821046357	0.0480689005425	0.267870082109
-oli	0.4091702515	0.194329566591	0.0524269752001	0.344073206709
-saa	0.0838352230815	0.202337916555	0.013991522687	0.699835337677
-sae	0.0748521593673	0.323765150822	0.345269643292	0.256113046519
-sad	0.0	1.0	0.0	0.0
-sak	0.298299782648	0.615673688273	0.0223445530074	0.063681976071
-sai	0.594272257534	0.246027096117	0.0654239853531	0.0942766609955
-mpu	0.151923334865	0.80348566096	0.0289092398268	0.0156817643483
-ole	0.0542741169338	0.872895811562	0.0129666723429	0.0598633991615
-sam	0.0673476259962	0.490402963296	0.278370187451	0.163879223257
-lon	0.0530973451328	0.794690265487	0.0176991150442	0.134513274336
-gku	0.22944584028	0.508147582338	0.0585720622928	0.20383451509
-rop	0.200526191676	0.305070952647	0.0387708014482	0.455632054228
-iel	0.0785665058581	0.886285320469	0.026878015162	0.00827015851139
-ros	0.0351559853412	0.464735951596	0.360286458408	0.139821604655
-loe	0.320338186942	0.626585251292	0.0164396430249	0.0366369187412
-der	0.0490797546012	0.950920245399	0.0	0.0
-roe	0.515645203	0.18282906646	0.287561417119	0.0139643134213
-roa	0.070613566423	0.860451769402	0.030274245501	0.0386604186737
-rom	0.0423649641517	0.0243757256011	0.0059729413367	0.927286368911
-lot	0.0	0.982142857143	0.0178571428571	0.0
-roo	0.39950797803	0.124099236369	0.0294675362564	0.446925249345
-lor	0.0	0.212903225806	0.787096774194	0.0
-los	0.232787033208	0.620242438156	0.0527844039825	0.0941861246538
-okh	0.130514705882	0.854779411765	0.00919117647058	0.00551470588235
-mar	0.0	1.0	0.0	0.0
-ipo	0.917618838823	0.0395656547419	0.00722189265172	0.0355936137835
-sar	0.0754309250286	0.707189363237	0.186679160191	0.0307005515434
-ipa	0.022414853012	0.961091198545	0.0139564179132	0.00253753052967
-mat	0.0248447204969	0.801242236025	0.0124223602484	0.16149068323
-ewa	0.171627654445	0.0470623785674	0.0206579801185	0.760651986869
-ewo	0.510638297872	0.148936170213	0.106382978723	0.234042553191
-rdi	0.0	0.957805907173	0.042194092827	0.0
-ewi	0.0780611781792	0.862258328038	0.0351729145866	0.0245075791958
-ipu	0.354493995197	0.420593731757	0.108433215185	0.116479057862
-awi	0.12410770475	0.80639198059	0.0595716982801	0.00992861638001
-awo	0.158996715613	0.168492864191	0.145738397867	0.526772022328
-awa	0.116269736648	0.266924208764	0.118696854845	0.498109199744
-toa	0.127659574468	0.489361702128	0.382978723404	0.0
-mak	0.0	0.947795823666	0.0522041763341	0.0
-awe	0.0916553452862	0.249115018848	0.0227703258644	0.636459310002
-awu	0.189877937803	0.736986803257	0.0238801484242	0.0492551105154
-nge	0.826909051698	0.0905704116097	0.00793502477779	0.0745855119149
-’at	0.410751481759	0.453956487158	0.0987266172773	0.0365654138064
-’ap	0.709359605911	0.0689655172414	0.0	0.221674876847
-’as	0.607662582063	0.256583011306	0.0193934866616	0.11636091997
-stu	0.0590551181102	0.502952755906	0.423228346457	0.0147637795275
-’am	0.297888386124	0.109351432881	0.58371040724	0.00904977375566
-’an	0.0391280044718	0.654369293833	0.259921743991	0.0465809577044
-sta	0.0	1.0	0.0	0.0
-’ak	0.626476592042	0.15978984707	0.0696717197068	0.144061841181
-isa	0.0	1.0	0.0	0.0
-tik	0.0611057225994	0.663918525703	0.274975751697	0.0
-iok	0.425479435161	0.540482210027	0.0	0.0340383548129
-ois	0.0	0.984126984127	0.015873015873	0.0
-ion	0.0203106332139	0.979689366786	0.0	0.0
-leo	0.0416666666667	0.572916666667	0.364583333333	0.0208333333333
-lea	0.0934981170944	0.853618394162	0.0266563302142	0.0262271585292
-olo	0.138461538462	0.3	0.253846153846	0.307692307692
-lee	0.00745119070051	0.987581348832	0.004967460467	0.0
-leg	0.0	1.0	0.0	0.0
-mut	0.678832116788	0.321167883212	0.0	0.0
-mus	0.040791676379	0.87809116145	0.0237757199466	0.0573414422242
-mur	0.0445584661085	0.92438563327	0.0148528220362	0.0162030785849
-ios	0.22366269382	0.700376391298	0.0189902287206	0.0569706861616
-les	0.0377358490566	0.962264150943	0.0	0.0
-iot	0.0	1.0	0.0	0.0
-eel	0.0	1.0	0.0	0.0
-bka	0.228971962617	0.602803738318	0.0841121495327	0.0841121495326
-alu	0.480770411354	0.465024343395	0.0160249633779	0.0381802818734
-ndu	0.160157964019	0.622641509434	0.207985958754	0.00921456779289
-iba	0.479307025987	0.470003208213	0.0224574911774	0.028232274623
-ndi	0.0468459447861	0.891646402518	0.0411243026749	0.0203833500215
-alo	0.493812470252	0.300333174679	0.157068062827	0.0487862922418
-ndo	0.220800298337	0.482687626385	0.207967457879	0.0885446173979
-ali	0.125223768088	0.0402371273672	0.00771385439819	0.826825250147
-nda	0.708257704929	0.221601616979	0.0208879837346	0.0492526943573
--eo	0.10502283105	0.753424657534	0.0639269406393	0.0776255707762
-ale	0.423187798621	0.500974407306	0.0323767861908	0.043461007883
-nde	0.218508963488	0.561700419706	0.191238434182	0.0285521826248
-gia	0.0397923875432	0.88062283737	0.0657439446366	0.0138408304498
-ala	0.225707962579	0.510635788104	0.140844737021	0.122811512296
-fat	0.0	1.0	0.0	0.0
-loo	0.146269025403	0.767754279107	0.0572377442039	0.0287389512856
-suk	0.459770114943	0.1969348659	0.174712643678	0.168582375479
-obe	0.612903225806	0.236559139785	0.0430107526882	0.10752688172
-yot	0.0	1.0	0.0	0.0
-rut	0.0	1.0	0.0	0.0
-yol	0.0	1.0	0.0	0.0
-yoa	0.239961139896	0.396049222798	0.123704663212	0.240284974093
-pea	0.535501355013	0.261246612466	0.050406504065	0.152845528455
-loi	0.0	0.974025974026	0.00649350649351	0.0194805194805
-pei	0.0578010519305	0.00780633375627	0.00125671843479	0.933135895878
-ogi	0.0824742268041	0.734536082474	0.0747422680412	0.10824742268
-eli	0.621127392955	0.29846116168	0.0583697293767	0.0220417159884
-elo	0.301724137931	0.379310344828	0.0977011494252	0.221264367816
-ogo	0.0735574680968	0.0381754544641	0.281308442033	0.606958635407
-pes	0.52690084482	0.437527790129	0.0088928412628	0.0266785237883
-oga	0.143403441683	0.743467176546	0.0223072020395	0.0908221797323
-ela	0.150487915276	0.727494856123	0.0457564607256	0.0762607678761
-iya	0.0456534293908	0.181683812805	0.0232574074255	0.749405350378
-ele	0.0390157685045	0.936212314985	0.0204368311214	0.00433508538939
-u’i	0.64631043257	0.29262086514	0.0610687022901	0.0
-abu	0.208620802944	0.642782048755	0.116400551942	0.0321965963598
-u’a	0.0563234990716	0.88271095523	0.0278522797607	0.0331132659377
-itu	0.00881858407012	0.840026379122	0.0164195169335	0.134735519874
-u’e	0.0187603723212	0.920388676432	0.0440147196768	0.0168362315703
-esu	0.00883574691596	0.667287347668	0.00347669781739	0.320400207599
-san	0.0882352941176	0.852941176471	0.0	0.0588235294118
-esi	0.0203822835466	0.00705281666075	0.00399549848571	0.968569401307
-eso	0.259385665529	0.686006825939	0.0409556313993	0.0136518771331
-iti	0.210024764114	0.747155261591	0.0131657314818	0.0296542428137
-esa	0.402857789207	0.46223823831	0.0523952657324	0.0825087067505
-u’u	0.279795170992	0.102807009759	0.108385245092	0.509012574157
-ese	0.116712981342	0.822548630409	0.0333465660977	0.0273918221517
-ita	0.339167332195	0.063060076118	0.016696844158	0.581075747529
-udu	0.348570431251	0.152587820899	0.0888522197188	0.409989528131
-ute	0.415561450044	0.457117595049	0.0424403183024	0.0848806366048
-o'u	0.488664987406	0.352644836272	0.0982367758187	0.0604534005038
-hud	0.0	1.0	0.0	0.0
-uda	0.0262831066054	0.953499119083	0.0161742194495	0.00404355486237
-o'o	0.508123232885	0.259862879243	0.0966510892017	0.13536279867
-udi	0.050479797492	0.772956248238	0.104800682095	0.0717632721742
-hum	0.0	1.0	0.0	0.0
-nju	0.363731998361	0.464662698602	0.130949714547	0.0406555884904
-rim	0.197802197802	0.714285714286	0.0	0.087912087912
-lpa	0.0189263075675	0.968456154054	0.0126175383783	0.0
-uog	0.210810810811	0.778378378378	0.0108108108108	0.0
-e’i	0.387135181446	0.215812689492	0.0572563390636	0.339795789998
-abe	0.533735857905	0.277214373644	0.0685854973914	0.120464271059
-gad	0.0	1.0	0.0	0.0
-aba	0.0617931599344	0.178247637148	0.0060001278095	0.753959075108
-nja	0.584263828882	0.254475566409	0.0134738691515	0.147786735557
-e’a	0.0120914160575	0.667426908147	0.0118218008644	0.308659874932
-abo	0.418416801292	0.327140549273	0.186591276252	0.0678513731825
-e’e	0.41943368757	0.0755693943053	0.0149717980488	0.490025120076
-ron	0.0242587601078	0.959568733154	0.00808625336929	0.00808625336926
-nji	0.166213261538	0.738905157764	0.0200987748694	0.0747828058283
-hus	0.00856042231416	0.981167070909	0.0	0.010272506777
-tua	0.13661002656	0.672471038528	0.147763347208	0.0431555877037
-sou	0.76081329265	0.213807464823	0.0225593266909	0.00281991583636
-tui	0.626865671642	0.171641791045	0.15671641791	0.044776119403
-aem	0.0824684862011	0.0840843751294	0.810252876926	0.023194261744
-ael	0.0278204029574	0.924304323854	0.0163414974392	0.0315337757495
-tun	0.0283729009844	0.938042848871	0.0324261725536	0.0011580775912
-oru	0.329598524391	0.247046819199	0.274322043876	0.149032612535
-aes	0.670411911044	0.275848938391	0.0174289136969	0.0363102368686
-ori	0.379947229552	0.572559366755	0.0474934036939	0.0
-soi	0.525	0.35	0.025	0.1
-oro	0.0977076981969	0.693884042615	0.1374191665	0.0709890926881
-sok	0.630596562529	0.210269841654	0.111631029902	0.0475025659155
-ora	0.386471753952	0.496785622296	0.0409905434742	0.075752080278
-soa	0.0630063006301	0.47104710471	0.04500450045	0.420942094209
-ore	0.617227458369	0.158876123483	0.0345250756671	0.189371342481
-tna	0.0	0.666666666667	0.333333333333	0.0
-jea	0.583955907956	0.341718558901	0.0371054292633	0.0372201038792
-woo	0.464	0.424	0.112	0.0
-lit	0.4420707937	0.541556213941	0.0163729923593	0.0
-rus	0.0563968671013	0.900001031259	0.00719785604553	0.036404245594
-rup	0.260869565217	0.586956521739	0.119565217391	0.0326086956522
-lir	0.499106631157	0.465495735428	0.0283181067323	0.00707952668307
-lis	0.679026268139	0.225186107906	0.033769611316	0.0620180126394
-njo	0.358375365012	0.361782143173	0.024334129723	0.255508362092
-omi	0.0116081675114	0.0188692984041	0.00605279042004	0.963469743664
-ipi	0.107273678702	0.871794871795	0.00523286237572	0.0156985871272
-run	0.0083857442348	0.974842767296	0.0167714884696	0.0
-gmu	0.338449524214	0.615659014876	0.0	0.0458914609103
-rub	0.206552706553	0.537037037037	0.0569800569801	0.19943019943
-oma	0.07207228422	0.67857588595	0.203015610245	0.0463362195843
-lia	0.0119339045288	0.924418604651	0.0582925336597	0.00535495716035
-ome	0.0	1.0	0.0	0.0
-eas	0.452711352254	0.313083020961	0.04685771256	0.187347914225
-woe	0.431444241316	0.349177330896	0.0658135283364	0.153564899452
-abi	0.204877674802	0.154197492647	0.141132441843	0.499792390709
-oda	0.502528418589	0.415475593447	0.0520310932798	0.029964894684
-rne	0.136363636364	0.863636363636	0.0	0.0
-ode	0.245145631068	0.633495145631	0.0485436893204	0.0728155339806
-rna	0.0	1.0	0.0	0.0
-kek	0.169811320755	0.622641509434	0.207547169811	0.0
-odi	0.178409235672	0.196802534057	0.343717525306	0.281070704965
-eam	0.217205155367	0.751897951978	0.0262623587571	0.0046345338983
-rni	0.0	1.0	0.0	0.0
-odo	0.131738746732	0.789710204892	0.0595996871734	0.0189513612023
-uri	0.075545126767	0.838178904596	0.066531219596	0.0197447490414
-jio	0.490196078431	0.450980392157	0.0392156862745	0.0196078431372
-ura	0.358246069183	0.470979016889	0.048076974263	0.122697939664
-ure	0.233331627381	0.618307222262	0.0809242638313	0.0674368865262
-ehu	0.0	1.0	0.0	0.0
-uru	0.117063621007	0.805060585682	0.0247387005154	0.0531370927948
-wau	0.234693877551	0.642857142857	0.122448979592	0.0
-dus	0.0224299065421	0.958878504673	0.0	0.018691588785
-was	0.872340425532	0.0425531914894	0.0425531914894	0.0425531914894
-e'a	0.182608695652	0.817391304348	0.0	0.0
-pan	0.0	1.0	0.0	0.0
-ape	0.5340661246	0.403514956523	0.00752370897179	0.0548952099053
-paa	0.160857908847	0.839142091153	0.0	0.0
-j’u	0.659574468085	0.0851063829787	0.212765957447	0.0425531914894
-pae	0.0700004544008	0.839630572091	0.067887490344	0.0224814831644
-dua	0.130581590432	0.070571054365	0.113253093581	0.685594261622
-sop	0.0	0.918311776719	0.0816882232811	0.0
-waa	0.017578125	0.10400390625	0.87841796875	0.0
-apu	0.107877749353	0.835894569046	0.037917226209	0.0183104553916
-dui	0.0562236918833	0.877070233001	0.0667060751158	0.0
-par	0.478991596639	0.414565826331	0.0854341736695	0.0210084033613
-pas	0.326016252658	0.543029872041	0.10986992716	0.0210839481408
-wak	0.641732283465	0.251968503937	0.0314960629921	0.0748031496063
-dum	0.0550458715597	0.902140672783	0.0366972477064	0.00611620795106
-wai	0.414768491045	0.410660215152	0.096179303419	0.0783919903836
-lus	0.0597365325371	0.869561019108	0.00858968750498	0.0621127608499
-kea	0.12603688011	0.532613236259	0.292116727338	0.0492331562929
-keo	0.159449742067	0.80733156167	0.0332186962639	0.0
-ken	0.109315589354	0.683460076046	0.178707224335	0.0285171102662
-kem	0.0	1.0	0.0	0.0
-nue	0.0431829209122	0.863658418244	0.0101892285299	0.0829694323145
-sus	0.015037593985	0.960902255639	0.00651629072682	0.0175438596491
-sup	0.0436881819812	0.939976456847	0.00482818556786	0.0115071756034
-amo	0.308293254083	0.169440977915	0.0665581114149	0.455707656587
-sul	0.0532544378698	0.423076923077	0.505917159763	0.0177514792899
-kes	0.172661870504	0.827338129496	0.0	0.0
-sos	0.0	0.942857142857	0.0	0.0571428571429
-sui	0.510720796319	0.389015885876	0.0891229491594	0.0111403686449
-nur	0.127212586384	0.823175138139	0.0179516019114	0.031660673565
-nus	0.0906186267844	0.8632676184	0.0276455925674	0.0184681622479
-sua	0.640472619503	0.0401605826516	0.0108841901365	0.308482607709
-i'a	0.194537735251	0.423737405741	0.031366833534	0.350358025474
-dia	0.0650298606503	0.86595885866	0.00132714001327	0.0676841406768
-lio	0.0975272615573	0.446436799263	0.0818230686531	0.374212870527
-dim	0.05	0.95	0.0	0.0
-i'i	0.20010338716	0.302112051989	0.0853436392281	0.412440921623
-dik	0.414746543779	0.493087557604	0.0921658986175	0.0
-diu	0.695473251029	0.255144032922	0.0246913580247	0.0246913580247
-son	0.0326295585413	0.959692898273	0.00767754318618	0.0
-dis	0.0	0.943977591036	0.0532212885154	0.00280112044818
-sli	0.0	1.0	0.0	0.0
-tuu	0.386939041617	0.456372921873	0.0130392263392	0.143648810171
-ska	0.421875	0.521875	0.05625	0.0
-kos	0.0	1.0	0.0	0.0
-uku	0.263336700049	0.522995637912	0.0931757223766	0.120491939662
-uka	0.472349330926	0.278057988141	0.0680539628409	0.181538718093
-uke	0.329325191593	0.318183292992	0.307975834345	0.0445156810704
-ggu	0.0291885580852	0.892002335085	0.0192644483362	0.0595446584939
-uki	0.0284277279685	0.9584517822	0.00918434288212	0.00393614694949
-uko	0.818897637795	0.133858267716	0.0	0.0472440944882
-ngu	0.691803940598	0.196514318394	0.0521844723208	0.0594972686875
-ais	0.12	0.88	0.0	0.0
-tis	0.579560602349	0.356891030847	0.03185276235	0.0316956044541
-nga	0.226787454243	0.536021914809	0.154098712386	0.0830919185617
-tia	0.0311850311851	0.882882882883	0.07623007623	0.00970200970201
-ono	0.682133716623	0.131527344958	0.0443475048476	0.141991433572
-aim	0.0	1.0	0.0	0.0
-ngi	0.262981344684	0.62736769877	0.0590578300975	0.0505931264484
-tin	0.0582989349233	0.836439099243	0.077731913231	0.0275300526027
-ain	0.147657948621	0.797036286492	0.0409515969012	0.014354167986
-ngo	0.25805099597	0.353625863731	0.0924270232068	0.295896117093
-eme	0.111398218752	0.713743688288	0.16345782993	0.0114002630306
-jau	0.0599989510672	0.800912571459	0.139088477474	0.0
-ema	0.0947360214791	0.184250159411	0.00824890327452	0.712764915835
-oni	0.55363202678	0.383223626178	0.0343489428146	0.0287954042271
-uwa	0.313370273312	0.298741766327	0.175394555935	0.212493404426
-emo	0.569994810713	0.0548772519196	0.0703752837127	0.304752653655
-emu	0.209324190644	0.520483307985	0.0870775833434	0.183114918028
-hmu	0.209003215434	0.541264737406	0.00964630225081	0.240085744909
-uwu	0.307862922282	0.491804582764	0.0645515574834	0.13578093747
-jam	0.0123227383863	0.882836185819	0.0224938875306	0.082347188264
-jak	0.450555880632	0.176711527209	0.114686951434	0.258045640726
-gga	0.425563114977	0.411284633958	0.095422132332	0.0677301187324
-ana	0.0907281701135	0.763973368856	0.0560529335761	0.089245527454
-ser	0.0	1.0	0.0	0.0
-ica	0.0	1.0	0.0	0.0
-liu	0.282424910733	0.0869959042218	0.0175252047889	0.613053980256
-ane	0.149716830638	0.0184192604479	0.00733156504006	0.824532343874
-etu	0.253962529473	0.0218450323333	0.00669946837803	0.717492969815
-eta	0.0169704588309	0.673790069139	0.290383406662	0.0188560653677
-omu	0.328922715246	0.435427274133	0.0509875540627	0.184662456559
-ete	0.193587836396	0.164701771193	0.0251532616408	0.61655713077
-eti	0.114094500887	0.814949201742	0.0193517174649	0.0516045799065
-eto	0.0682926829268	0.931707317073	0.0	0.0
-buk	0.409836065574	0.590163934426	0.0	0.0
-atu	0.0886005933125	0.645484331183	0.0428489631457	0.223066112358
-bul	0.0296463961393	0.964424324633	0.00592927922787	0.0
-lim	0.0	1.0	0.0	0.0
-uya	0.268039940918	0.407306685103	0.243821085009	0.0808322889695
-ede	0.434509126788	0.313681960204	0.19507482322	0.0567340897879
-bue	0.0841392584359	0.86523486476	0.0140288574275	0.0365970193761
-wes	0.658227848101	0.251582278481	0.0522151898734	0.0379746835443
-tem	0.170362273579	0.0788569643972	0.644597126796	0.106183635228
-rui	0.123207744229	0.808473269635	0.0683189861362	0.0
-dab	0.0	1.0	0.0	0.0
-’om	0.455682071891	0.391940165215	0.0435365036838	0.10884125921
-ata	0.513756214885	0.188559165959	0.0430535026359	0.25463111652
-omo	0.767089525491	0.0614263056047	0.0154348351879	0.156049333716
-wea	0.300788281298	0.626590528211	0.0654832102291	0.00713798026195
-uyu	0.18947870737	0.134362855995	0.0683821401889	0.607776296445
-ati	0.666666666667	0.333333333333	0.0	0.0
-ose	0.14799154334	0.339376855233	0.386849467188	0.125782134239
-nis	0.0	1.0	0.0	0.0
-kai	0.235535999651	0.532120093113	0.0208765137043	0.211467393532
-uli	0.398113000494	0.184604717748	0.285611317009	0.131670964749
-osa	0.0612572310516	0.85649604216	0.0661142986201	0.0161324281683
-ulo	0.181469316075	0.728609060457	0.0507333571824	0.0391882662851
-kam	0.437146092865	0.291053227633	0.0339750849377	0.237825594564
-kal	0.42181614655	0.3971137701	0.132663711861	0.0484063714887
-oso	0.340640693197	0.230876228197	0.288530242013	0.139952836592
-ula	0.661024474456	0.230155644756	0.0327070835341	0.0761127972545
-osi	0.6807209698	0.168013611229	0.100489153552	0.050776265419
-nes	0.0883274594275	0.839589192312	0.0213475799806	0.05073576828
-a'e	0.246444162794	0.639698633995	0.0793550204197	0.0345021827911
-nia	0.0596617816979	0.904790064148	0.0245025570207	0.0110455971331
-kas	0.329350984824	0.477881821117	0.00968679367129	0.183080400387
-kar	0.0	0.807692307692	0.0	0.192307692308
-nii	0.0933436075516	0.719754019204	0.075032648997	0.111869724247
-kau	0.439059475817	0.506258552231	0.0140316445575	0.0406503273946
-nim	0.44089456869	0.136581469649	0.288338658147	0.134185303514
-aji	0.70940379768	0.118426035647	0.089078107757	0.0830920589157
-neo	0.0	0.0421052631579	0.873684210526	0.0842105263158
-khi	0.0	1.0	0.0	0.0
-wei	0.160761416258	0.142553045963	0.189422604506	0.507262933274
-rug	0.0	1.0	0.0	0.0
-ate	0.407811105903	0.354694946147	0.0974166311791	0.14007731677
-rud	0.017094017094	0.720797720798	0.262108262108	0.0
-aju	0.166594603517	0.410703979734	0.127386750726	0.295314666024
-fia	0.0	1.0	0.0	0.0
-yui	0.327941176471	0.610294117647	0.0352941176471	0.0264705882353
-ilu	0.0815217391304	0.725543478261	0.160326086956	0.0326086956521
-oju	0.162790697674	0.837209302326	0.0	0.0
-yua	0.343748063446	0.627250101716	0.0183169483186	0.0106848865192
-yub	0.0340909090909	0.897727272727	0.0340909090909	0.0340909090909
-ile	0.00776196636481	0.930789133247	0.0575679172056	0.00388098318241
-ila	0.172232746925	0.665782707416	0.129568095465	0.0324164501934
-ilo	0.240306862948	0.398092473564	0.318473978851	0.0431266846361
-yus	0.0302640051513	0.956857694784	0.0	0.0128783000644
-ojo	0.123517281561	0.0291916474665	0.0830863895373	0.764204681436
-ili	0.658878274595	0.14786335077	0.0176630976776	0.175595276957
-oam	0.0	0.935064935065	0.0	0.0649350649351
-oal	0.0979376287731	0.836770618711	0.0652917525154	0.0
-bus	0.0687443233424	0.921586436573	0.00529821374508	0.00437102633969
