jer-	0.411933174224	0.499284009546	0.0343675417661	0.054415274463
neu-	0.130371743484	0.0480582092418	0.00997712729983	0.811592919974
agu-	0.0811566581266	0.909938761482	0.00187464850341	0.00702993188776
ni'-	0.0389263436717	0.622002268637	0.318461500317	0.020609887374
omo-	0.212098035225	0.0272597639514	0.0617732841079	0.698868916716
kud-	0.0472647099352	0.882733912085	0.0148821827201	0.0551191952598
son-	0.208333333333	0.708333333333	0.0555555555556	0.0277777777778
dok-	0.0657268676904	0.0766297181853	0.00897102927615	0.848672384848
ris-	0.0	1.0	0.0	0.0
uju-	0.0848614973073	0.886276442223	0.0151349829292	0.0137270775404
tut-	0.133933630529	0.632209033028	0.0195523548218	0.214304981621
yeh-	0.00591715976334	0.991124260355	0.0	0.00295857988166
é'é-	0.171113155474	0.803127874885	0.0147194112236	0.0110395584177
été-	0.219512195122	0.780487804878	0.0	0.0
mah-	0.278804636812	0.329418781789	0.151791904	0.2399846774
tum-	0.159806295399	0.726392251816	0.0847457627118	0.0290556900726
nyu-	0.51036759218	0.438866962879	0.0105558211191	0.0402096238212
ite-	0.252410585576	0.0704814580886	0.0186774919747	0.658430464361
bis-	0.148815165877	0.680568720379	0.145023696682	0.0255924170616
lis-	0.0199347589706	0.954693729612	0.0217470097862	0.00362450163102
ism-	0.69387755102	0.122448979592	0.122448979592	0.0612244897959
rib-	0.180722891566	0.746987951807	0.0481927710843	0.0240963855422
ana-	0.082782346034	0.807328489901	0.0502623509912	0.0596268130742
duy-	0.0465444287729	0.953455571227	0.0	0.0
sak-	0.212936097489	0.266329543353	0.441183035003	0.0795513241549
méé-	0.0864938439646	0.178184742931	0.448864690961	0.286456722143
jaj-	0.189944120873	0.769600242048	0.0228338565107	0.0176217805681
seg-	0.22855655343	0.3972406612	0.312768449824	0.061434335546
der-	0.0657894736842	0.929824561404	0.00438596491228	0.0
kat-	0.266320677411	0.553400710189	0.102431029773	0.0778475826276
neg-	0.523987206823	0.0762260127932	0.0319829424307	0.367803837953
ayu-	0.211267605634	0.788732394366	0.0	0.0
mil-	0.0191082802548	0.980891719745	0.0	0.0
tib-	0.14412136536	0.821744627054	0.0151706700379	0.0189633375474
yer-	0.101779064957	0.870500620604	0.00744724865538	0.020273065784
nné-	0.325581395349	0.46511627907	0.0	0.209302325581
nug-	0.658227848101	0.164556962025	0.177215189873	0.0
bay-	0.506666666667	0.413333333333	0.0533333333333	0.0266666666667
mig-	0.0715738104921	0.723058153721	0.035786905246	0.169581130541
tus-	0.203969855907	0.481654978503	0.190505793751	0.12386937184
uga-	0.0716669840728	0.23316327042	0.67796966933	0.0172000761775
tai-	0.459022308833	0.0193258860346	0.00258790121878	0.519063903914
mar-	0.225562807896	0.333934563601	0.386515908177	0.0539867203265
dek-	0.199492814877	0.525781910397	0.0896027049873	0.185122569738
abr-	0.0268756524929	0.938348240738	0.0296972433058	0.00507886346322
bik-	0.710597826087	0.195652173913	0.0397418478261	0.0540081521739
oko-	0.259248120301	0.455037593985	0.0824060150376	0.203308270677
nen-	0.743180462957	0.0882825580886	0.0318194528199	0.136717526134
adm-	0.0	1.0	0.0	0.0
rep-	0.0540128166005	0.171498321636	0.768996032957	0.00549282880683
ané-	0.341681093667	0.416475009866	0.181292816577	0.0605510798904
dah-	0.0188190789159	0.968666711247	0.0107947000888	0.00171950974866
her-	0.0487915356793	0.883913058175	0.054801744245	0.0124936619004
mul-	0.573068489617	0.380110924803	0.0158648265188	0.030955759061
gaw-	0.0334708849152	0.961027051811	0.0	0.00550206327373
ate-	0.160424400217	0.65878858273	0.0800746148594	0.100712402194
euo-	0.0689655172414	0.931034482759	0.0	0.0
naw-	0.151990185387	0.698405125409	0.138699563795	0.0109051254089
kam-	0.370397111913	0.463176895307	0.043321299639	0.123104693141
sin-	0.256407448756	0.180409794883	0.0384117508037	0.524771005557
ja'-	0.124800199359	0.185123023264	0.461363507453	0.228713269924
dor-	0.252293577982	0.733944954129	0.0	0.0137614678899
tag-	0.383741781231	0.417214584579	0.0642558278542	0.134787806336
pat-	0.12721055217	0.331221724004	0.220303949111	0.321263774715
mur-	0.478916546491	0.314251996198	0.147537568312	0.0592938889993
laj-	0.14089347079	0.811855670103	0.036941580756	0.0103092783505
kem-	0.215633425351	0.544178233322	0.134460149397	0.10572819193
nye-	0.524573010575	0.363238144219	0.0587922106822	0.0533966345235
ahé-	0.298805825141	0.282866019662	0.322710291152	0.0956178640451
gen-	0.0840538910114	0.560024130304	0.339030766137	0.0168912125478
saw-	0.026602681133	0.89280684367	0.0623337332429	0.018256741954
olé-	0.36322329801	0.58249599756	0.026835404437	0.0274452999924
jam-	0.717207368841	0.0525662899705	0.024350854935	0.205875486254
kid-	0.0412371134021	0.958762886598	0.0	0.0
rek-	0.411155571443	0.364499129372	0.154637392036	0.0697079071484
kiv-	0.533074023304	0.109211682778	0.039156796622	0.318557497296
por-	0.0	1.0	0.0	0.0
pas-	0.0701502241385	0.888786230024	0.0215583615645	0.0195051842726
sig-	0.0958735563527	0.190513149753	0.0326910764807	0.680922217414
jum-	0.104862245596	0.347186127892	0.0391586123589	0.508793014153
nge-	0.509038667646	0.292004445909	0.0904414836671	0.108515402778
zer-	0.0	1.0	0.0	0.0
tiw-	0.75	0.204545454545	0.0454545454545	0.0
bak-	0.0617237794759	0.819068220632	0.0375980322657	0.0816099676261
sey-	0.0	1.0	0.0	0.0
276-	0.0	0.2	0.0	0.8
ped-	0.253402838112	0.316536345207	0.388792354474	0.0412684622068
kéh-	0.464330941325	0.474883917265	0.0379907133812	0.0227944280287
say-	0.464928895725	0.462926965283	0.0133600257392	0.0587841132526
epa-	0.014440433213	0.949458483754	0.028880866426	0.00722021660649
216-	0.060606060606	0.333333333333	0.0606060606061	0.545454545455
sap-	0.198637381355	0.720869218829	0.026235903353	0.0542574964629
asi-	0.00752464971458	0.979242345615	0.00311364815776	0.0101193565127
gun-	0.248714931566	0.366569641419	0.310893664458	0.0738217625565
tip-	0.246316345392	0.340005281225	0.210298389226	0.203379984156
oto-	0.546719681909	0.353876739563	0.0874751491053	0.0119284294235
uva-	0.195289477495	0.779014538625	0.0154175903285	0.0102783935523
ses-	0.0	0.957528957529	0.034749034749	0.00772200772201
153-	0.111111111111	0.0277777777778	0.0277777777778	0.833333333333
avé-	0.404716020866	0.0549221879957	0.0221042585588	0.51825753258
usi-	0.0777940739965	0.608345992003	0.112010895186	0.201849038814
bu'-	0.163374960711	0.333223065279	0.299206283679	0.204195690331
tol-	0.231197771588	0.309192200557	0.426183844011	0.033426183844
mel-	0.234499168745	0.716181986793	0.0239315762386	0.0253872682239
tab-	0.402921369629	0.559707863037	0.00711372474627	0.0302570425875
kri-	0.00944204753528	0.956467605735	0.00540991645559	0.0286804302739
mir-	0.0	1.0	0.0	0.0
isa-	0.0772946859903	0.92270531401	0.0	0.0
luv-	0.107577700344	0.756059937198	0.102006475419	0.0343558870396
eut-	0.0	0.969230769231	0.0	0.0307692307692
pud-	0.0727272727273	0.927272727273	0.0	0.0
dio-	0.12962962963	0.851851851852	0.0185185185185	0.0
yah-	0.0412251440288	0.790549311543	0.11767709999	0.0505484444376
bab-	0.0295492302117	0.671145663774	0.0454359131211	0.253869192894
ita-	0.126128823476	0.710387126583	0.108110420122	0.0553736298187
tuh-	0.0571350036575	0.801838240304	0.0128250704005	0.128201685638
ne'-	0.390956132824	0.216735574798	0.0653197077255	0.326988584653
sor-	0.0	1.0	0.0	0.0
kom-	0.0613311331133	0.890814081408	0.0247524752476	0.023102310231
akw-	0.0	1.0	0.0	0.0
ali-	0.195960464117	0.54684142673	0.0	0.257198109153
tua-	0.860160916386	0.050923246653	0.00877761466738	0.0801382222935
oni-	0.0	0.86	0.14	0.0
non-	0.112554112554	0.800865800866	0.051948051948	0.034632034632
uba-	0.0840366614134	0.0323677073889	0.00307740431109	0.880518226887
mi'-	0.103825136612	0.628415300547	0.262295081967	0.00546448087432
tau-	0.05960502693	0.881149012567	0.0129263913824	0.0463195691203
mal-	0.347954591254	0.405521596023	0.173574259421	0.0729495533015
pét-	0.0303730232169	0.916767148056	0.018052787522	0.0348070412048
pek-	0.39093545656	0.187028336507	0.0910835761081	0.330952630825
sab-	0.0881740337885	0.906271696367	0.0	0.00555426984494
nyi-	0.614927003976	0.175645734058	0.101981971044	0.107445290922
aki-	0.0	1.0	0.0	0.0
nin-	0.0130394287488	0.986960571251	0.0	0.0
use-	0.124254079403	0.809964349148	0.0657815714487	0.0
tik-	0.288455388551	0.555164694595	0.0450911416693	0.111288775184
su'-	0.0	0.933894230769	0.0440705128205	0.0220352564103
roh-	0.0400852417585	0.0637013102179	0.00590263152061	0.890310816503
paj-	0.605429400717	0.179443401058	0.0399521939559	0.175175004268
sét-	0.0	1.0	0.0	0.0
ure-	0.0253841015364	0.934981073258	0.0342908038299	0.00534402137608
sir-	0.0649581324537	0.888353209845	0.019791930982	0.0268967267191
lim-	0.0408805031446	0.723270440252	0.216981132075	0.0188679245283
ta'-	0.532641596722	0.380278897627	0.032066618201	0.0550128874496
vam-	0.299017514037	0.436179002961	0.111769478378	0.153034004625
red-	0.0250375019023	0.660026233215	0.0243019573457	0.290634307537
and-	0.00532150776054	0.986696230599	0.0	0.0079822616408
apa-	0.137052341598	0.676997245179	0.00619834710744	0.179752066116
ALL	0.208328364086	0.249512885143	0.046171298639	0.495987452131
san-	0.0397350993377	0.920529801325	0.0	0.0397350993377
puk-	0.460164559502	0.288380493679	0.240216736906	0.0112382099137
ine-	0.0846206512604	0.338420890754	0.0326019618699	0.544356496116
ojo-	0.0499403168048	0.935993805852	0.00193567119399	0.012130206149
uku-	0.285880801202	0.570688015705	0.0938928253735	0.0495383577191
per-	0.289577304426	0.60986261766	0.0689795345056	0.0315805434086
ger-	0.110294117647	0.66281512605	0.207983193277	0.0189075630252
ra'-	0.10991356312	0.073204567282	0.172446910682	0.644434958916
sok-	0.291588785047	0.411214953271	0.151401869159	0.145794392523
nes-	0.745620819875	0.134269802584	0.0432974712559	0.076811906285
nea-	0.0	1.0	0.0	0.0
kui-	0.0779220779221	0.902597402597	0.0194805194805	0.0
liv-	0.18997683315	0.688678823934	0.0446979930353	0.076646349881
tel-	0.134818409658	0.42136766864	0.0835021911816	0.36031173052
lid-	0.0258899676375	0.974110032362	0.0	0.0
div-	0.0978117585025	0.465067229106	0.380964935407	0.0561560769839
gas-	0.0327868852459	0.770491803279	0.0	0.196721311475
ata-	0.0798816568047	0.884615384615	0.0355029585799	0.0
mék-	0.00821150044533	0.969891165034	0.0218973345209	0.0
si'-	0.128883394505	0.242402137691	0.477179538369	0.151534929435
pig-	0.305903215906	0.651127101593	0.0293285134536	0.0136411690482
rud-	0.19298245614	0.456140350877	0.315789473684	0.0350877192982
baw-	0.0841784989858	0.879310344828	0.0243407707911	0.0121703853955
dat-	0.291964558143	0.145739977385	0.039845166231	0.52245029824
loh-	0.541214252944	0.367028597645	0.0660651475761	0.0256920018351
lum-	0.19777247084	0.138403787348	0.482901840236	0.180921901576
mes-	0.394023435324	0.481002252879	0.100256017762	0.0247182940344
sed-	0.467289719626	0.168224299065	0.308411214953	0.0560747663551
num-	0.595890410959	0.239726027397	0.164383561644	0.0
kla-	0.151898734177	0.813578826237	0.0	0.0345224395857
nej-	0.49667405765	0.250554323725	0.150776053215	0.10199556541
adi-	0.0	1.0	0.0	0.0
ami-	0.00830438880357	0.160334020972	0.00415219440179	0.827209395823
kur-	0.203300631429	0.227378767671	0.308613147076	0.260707453824
riy-	0.698129251701	0.146258503401	0.107142857143	0.0484693877551
kei-	0.0916663924985	0.0927522163499	0.0190876403332	0.796493750818
ely-	0.0	1.0	0.0	0.0
tek-	0.273061459637	0.146017687713	0.149090110292	0.431830742358
gaj-	0.175830157866	0.716385410996	0.0653238976592	0.0424605334785
nuj-	0.549618320611	0.235114503817	0.169465648855	0.0458015267175
saa-	0.0623140562119	0.357938158955	0.14478920897	0.434958575863
pu'-	0.6850745129	0.0130564029987	0.00222124232475	0.299647841777
ien-	0.502403846154	0.307211538462	0.0173076923077	0.173076923077
tal-	0.22834702185	0.614773344817	0.108508413055	0.0483712202775
gid-	0.0666666666667	0.933333333333	0.0	0.0
alp-	0.0	1.0	0.0	0.0
pa'-	0.27829787234	0.550638297872	0.0995744680851	0.0714893617021
kos-	0.0425531914894	0.957446808511	0.0	0.0
lem-	0.0378868357748	0.0246909973982	0.0469211866746	0.890500980152
rod-	0.0393700787401	0.929133858268	0.0314960629921	0.0
paw-	0.0969327702001	0.761406909922	0.109534030326	0.032126289552
nem-	0.149051490515	0.146542206163	0.249924721469	0.454481581853
mua-	0.589210945731	0.261028120695	0.0907642021664	0.0589967314082
pon-	0.0223325062035	0.960297766749	0.00992555831267	0.00744416873449
ené-	0.0	1.0	0.0	0.0
sik-	0.0915119363395	0.793103448276	0.051724137931	0.0636604774536
nga-	0.0500596982427	0.0382474039326	0.00390868414516	0.90778421368
ben-	0.425529508851	0.312963241112	0.0125172878019	0.248989962235
péh-	0.126200479578	0.0592284179579	0.0363095896212	0.778261512843
nip-	0.546146527117	0.202664129401	0.196955280685	0.0542340627973
pin-	0.0598308514576	0.397414499994	0.42016673425	0.122587914298
bun-	0.0	1.0	0.0	0.0
ili-	0.0555555555556	0.888888888889	0.0	0.0555555555556
lam-	0.0904271649633	0.785333942729	0.014819980579	0.109418911729
til-	0.631016042781	0.368983957219	0.0	0.0
gat-	0.0200803212851	0.963855421687	0.0160642570281	0.0
nut-	0.511796733212	0.359346642468	0.0635208711434	0.065335753176
yud-	0.0386208440613	0.937870816075	0.0105227807008	0.0129855591627
nér-	0.342214820982	0.595337218984	0.0574521232307	0.00499583680266
sat-	0.434782608696	0.521739130435	0.0144927536232	0.0289855072464
pur-	0.488199686598	0.435064470199	0.0327322478265	0.0440035953769
gur-	0.0545281834493	0.904725664798	0.0177205486149	0.0230256031375
peg-	0.443872275224	0.288368024544	0.0672940388147	0.200465661417
upi-	0.0541516245487	0.907942238267	0.0379061371841	0.0
nya-	0.420470191626	0.394881247524	0.149208130584	0.0354404302662
kis-	0.0	1.0	0.0	0.0
abi-	0.0182926829268	0.975609756098	0.00609756097561	0.0
ele-	0.0	1.0	0.0	0.0
sav-	0.526950337439	0.285162244029	0.0395473915099	0.148340027022
ahu-	0.0	0.971428571429	0.0	0.0285714285714
ban-	0.0418086555324	0.0493642835654	0.00715483910107	0.901672221801
adr-	0.0431034482759	0.844827586207	0.0948275862068	0.0172413793103
ise-	0.132346136048	0.867653863952	0.0	0.0
ter-	0.236601630032	0.678933069894	0.0607557421585	0.0237095579155
lia-	0.459473871312	0.540526128688	0.0	0.0
noj-	0.508196721312	0.293635486982	0.0882352941177	0.109932497589
nam-	0.0506756756757	0.679054054054	0.261824324324	0.00844594594594
ebe-	0.0	1.0	0.0	0.0
ale-	0.0443349753694	0.835796387521	0.113300492611	0.00656814449918
juh-	0.0803075408452	0.856520006563	0.0522725674504	0.010899885141
ker-	0.247642897587	0.529843673396	0.129531207931	0.0929822210863
ké'-	0.00827673728004	0.0339636668238	0.00274763237587	0.95501196352
sid-	0.0301291870177	0.918513915783	0.0227835419015	0.028573355298
oli-	0.0	1.0	0.0	0.0
mod-	0.762166092719	0.134454703857	0.0142000631114	0.089179140313
tok-	0.0597417181359	0.918697361033	0.0101066816395	0.0114542391915
ula-	0.375202380431	0.287117665077	0.116964949897	0.220715004595
net-	0.772859158518	0.115274682657	0.0193501009873	0.0925160578372
kon-	0.667356225493	0.204995100503	0.0906977420553	0.0369509319484
eli-	0.0187263134428	0.953853013302	0.000891729211564	0.026528944044
yul-	0.10989010989	0.791208791209	0.0	0.0989010989011
pi'-	0.159259259259	0.188888888889	0.0222222222222	0.62962962963
mut-	0.400307759947	0.356726753133	0.15195647395	0.0910090129699
jul-	0.463414634146	0.463414634146	0.0162601626016	0.0569105691057
tuk-	0.160637791528	0.511185149929	0.292241789624	0.0359352689195
pan-	0.763821870052	0.156228325802	0.0217721954382	0.0581776087082
nim-	0.037037037037	0.962962962963	0.0	0.0
tor-	0.06953125	0.84140625	0.0867187500001	0.00234375
all-	0.0517302998596	0.865523398991	0.015131521669	0.06761477948
sen-	0.550543201234	0.31455228087	0.0793254808146	0.0555790370809
tul-	0.190238388948	0.654201547314	0.113777797079	0.0417822666585
nah-	0.359577139852	0.0174278009894	0.00509207919874	0.61790297996
tup-	0.667920861158	0.263306089903	0.0318947473338	0.0368783016047
yam-	0.0711111111111	0.742222222222	0.0977777777778	0.0888888888888
tét-	0.247933884298	0.677685950413	0.0743801652892	0.0
ina-	0.117997405018	0.0258103919905	0.0030013138672	0.853190889125
baa-	0.113291521297	0.807773764823	0.0133689383631	0.0655657755177
mai-	0.343396794449	0.0955853508658	0.0373374553493	0.523680399336
pen-	0.184190767804	0.677458920287	0.0785953461229	0.0597549657865
ka'-	0.215539944396	0.0984256022022	0.00840349449465	0.677630958907
ape-	0.1	0.9	0.0	0.0
kni-	0.0983606557377	0.836065573771	0.0	0.0655737704918
aja-	0.123976090325	0.776400265663	0.0597741864069	0.0398494576046
isr-	0.0606675255142	0.900410236731	0.0235726228654	0.0153496148891
lab-	0.465478841871	0.378619153675	0.120267260579	0.0356347438753
tia-	0.0	1.0	0.0	0.0
tir-	0.00597907324365	0.991031390135	0.00298953662182	0.0
kau-	0.0	0.967213114754	0.0	0.0327868852459
iba-	0.0	0.858156028369	0.106382978723	0.0354609929078
ple-	0.0	1.0	0.0	0.0
bas-	0.602564102564	0.24358974359	0.051282051282	0.102564102564
de'-	0.361403714107	0.166003433209	0.0949399188514	0.377652933833
dir-	0.0786535038032	0.723579867292	0.0171548794303	0.180611749474
jeb-	0.445365095805	0.41791817711	0.118073537027	0.018643190057
yes-	0.0172043010753	0.955197132616	0.00430107526882	0.0232974910394
mid-	0.105263157895	0.815789473684	0.0789473684211	0.0
ked-	0.219178082192	0.616873233312	0.101761252446	0.0621874320505
sah-	0.0757636609204	0.777605999191	0.0672753521159	0.0793549877731
pun-	0.458934467007	0.420265930985	0.0620053367103	0.0587942652978
yar-	0.0	1.0	0.0	0.0
ito-	0.0	0.721774193548	0.254032258065	0.0241935483871
tur-	0.527233115468	0.265250544662	0.045751633987	0.161764705882
day-	0.218579234973	0.513661202186	0.169398907104	0.0983606557377
tah-	0.035640721553	0.70157917733	0.0767742338181	0.186005867299
666-	0.0196078431372	0.0	0.0	0.980392156863
kes-	0.182774827094	0.483472653995	0.243486273835	0.0902662450761
sod-	0.00526315789474	0.994736842105	0.0	0.0
kun-	0.639965359933	0.104660371912	0.00509485308812	0.250279415067
har-	0.0311688311688	0.963636363636	0.0051948051948	0.0
kan-	0.240168910003	0.603721298496	0.0936922670889	0.0624175244128
mij-	0.223695111848	0.736536868268	0.039768019884	0.0
juk-	0.223634709228	0.0213881619264	0.00678310036134	0.748194028485
nav-	0.364417865819	0.484208559148	0.0953092879835	0.0560642870491
nup-	0.522123893805	0.318584070796	0.106194690265	0.0530973451327
mot-	0.326230394808	0.588101676582	0.0292049756625	0.0564629529476
sio-	0.166128126971	0.381476933773	0.0360269007371	0.416368038519
juu-	0.0520646097014	0.29536748937	0.131773047887	0.520794853041
daw-	0.140605762128	0.38832799803	0.373799556759	0.097266683083
kum-	0.712198233722	0.267305874763	0.00947156227242	0.0110243292426
jel-	0.0899786933604	0.292549143602	0.0868919253944	0.530580237643
met-	0.554925615312	0.256095511956	0.103912937031	0.0850659357013
tuy-	0.246307623452	0.31247202745	0.365582574966	0.075637774131
pék-	0.336592283006	0.515635495186	0.1280692589	0.0197029629077
bub-	0.479481641469	0.24838012959	0.246220302376	0.0259179265659
jal-	0.078029715842	0.265111066822	0.0263466193477	0.630512597988
mat-	0.353553722248	0.387068224414	0.210763196599	0.0486148567392
sih-	0.137082601054	0.636203866432	0.105448154657	0.121265377856
aka-	0.451203501094	0.439387308534	0.0516411378556	0.0577680525164
kin-	0.25838135997	0.0509923725481	0.0107438157795	0.679882451703
éra-	0.0824742268041	0.896907216495	0.0	0.020618556701
mem-	0.627618709649	0.292048253779	0.0288045091093	0.0515285274629
par-	0.0574048295723	0.88846875937	0.0379850757079	0.0161413353497
too-	0.432601880878	0.266457680251	0.0564263322884	0.244514106583
ala-	0.789802109063	0.0485515718355	0.0242306357176	0.137415683384
but-	0.027070127712	0.884013883491	0.0846276517335	0.00428833706329
yoe-	0.04	0.96	0.0	0.0
mét-	0.127272727273	0.764646464647	0.0929292929293	0.0151515151515
baj-	0.170101647786	0.812888187435	0.0170101647786	0.0
raw-	0.126525495045	0.0913218953407	0.0142305116183	0.767922097996
amé-	0.0331832035296	0.0220397403773	0.0124658073822	0.932311248711
gay-	0.135765550239	0.599880382775	0.180023923445	0.0843301435407
ipa-	0.37149817296	0.619366626066	0.00913520097442	0.0
ira-	0.0345159967551	0.050887179105	0.00641838889251	0.908178435247
dan-	0.232169407282	0.187954779844	0.090515512648	0.489360300226
yér-	0.0124614022851	0.977659214299	0.00122370562537	0.00865567779015
tio-	0.305258652731	0.060902309272	0.0162936766268	0.61754536137
ser-	0.25822968666	0.50183668079	0.101330152227	0.138603480323
tev-	0.502702702703	0.374054054054	0.0972972972973	0.0259459459459
lug-	0.195402298851	0.662068965517	0.133333333333	0.00919540229887
mis-	0.154566744731	0.824355971897	0.0	0.0210772833724
ted-	0.21534226121	0.69063506136	0.0272969063506	0.0667257710793
lay-	0.167979844795	0.457437579474	0.105648448548	0.268934127182
mak-	0.200916564858	0.397934309052	0.109155578525	0.291993547566
agr-	0.00754084625053	0.921240050272	0.0485965647256	0.0226225387516
réh-	0.0974531535879	0.0366708530421	0.000777039313982	0.865098954056
sos-	0.0120481927711	0.987951807229	0.0	0.0
mup-	0.291716915927	0.317228513322	0.391054570751	0.0
ule-	0.0249379130136	0.0313574286762	0.00589921245251	0.937805445858
kua-	0.196901948259	0.382146279144	0.128712871287	0.29223890131
béé-	0.353754667404	0.135879388694	0.0693529564473	0.441012987454
tat-	0.262450935299	0.431675590228	0.196678559786	0.109194914687
bit-	0.0	1.0	0.0	0.0
sté-	0.0	0.805970149254	0.0298507462687	0.164179104478
tov-	0.116171862115	0.113623618671	0.0132497663423	0.756954752873
meb-	0.115667483842	0.0755515934923	0.800757744595	0.00802317806997
rig-	0.126844677402	0.718694138413	0.0517131297218	0.102748054464
pot-	0.515305440449	0.372410105601	0.0581473065098	0.0541371474402
mam-	0.321692080669	0.0836202656173	0.560747663552	0.0339399901623
utu-	0.33068914229	0.502726822013	0.0624690133862	0.10411502231
pej-	0.40218206563	0.460947167472	0.0750851169401	0.0617856499578
sia-	0.564606741573	0.384831460674	0.0337078651685	0.0168539325843
gil-	0.816568047337	0.0887573964497	0.0828402366864	0.0118343195266
pri-	0.055900621118	0.88198757764	0.0207039337474	0.0414078674948
né'-	0.365990639626	0.263338533541	0.0599063962559	0.310764430577
pai-	0.04329004329	0.904761904762	0.051948051948	0.0
ama-	0.12183516971	0.795297905986	0.0320775190852	0.0507894052181
nai-	0.0333333333333	0.833333333333	0.0	0.133333333333
sur-	0.259664877382	0.683693159135	0.00631397143645	0.0503279920468
kas-	0.131093106654	0.771682826405	0.0780980209855	0.0191260459556
ji'-	0.352941176471	0.316176470588	0.0220588235294	0.308823529412
reg-	0.179487179487	0.641025641026	0.179487179487	0.0
apé-	0.169571361281	0.610927932171	0.185586434291	0.0339142722562
lo'-	0.165587524226	0.467729740747	0.321796251381	0.0448864836461
jaa-	0.546277665996	0.160965794769	0.0407444668008	0.252012072435
bet-	0.550945658475	0.238012557534	0.0240156501732	0.187026133818
maj-	0.48696612213	0.444960603205	0.033144291035	0.0349289836292
epr-	0.0535714285714	0.934523809524	0.0119047619048	0.0
sal-	0.275380878781	0.483017001546	0.161254139987	0.0803479796865
asu-	0.0	1.0	0.0	0.0
nih-	0.184809976348	0.756864673319	0.0399291279174	0.0183962224162
jéé-	0.492127199753	0.313368323557	0.0259339302254	0.168570546465
isk-	0.0105633802817	0.989436619718	0.0	0.0
gab-	0.112483458315	0.752536391707	0.0820467578297	0.0529333921482
sek-	0.239686518228	0.704428134254	0.0404584417016	0.0154269058169
400-	0.0405953991881	0.476319350473	0.083897158322	0.399188092016
soh-	0.232448492094	0.648114031502	0.0384689693328	0.0809685070705
rai-	0.603360139911	0.0611962574548	0.014566374911	0.320877227723
yan-	0.0137142857143	0.913142857143	0.0274285714286	0.0457142857143
é'e-	0.246153846154	0.661538461539	0.0923076923077	0.0
bav-	0.103218645949	0.820199778024	0.0599334073252	0.0166481687014
rug-	0.357894736842	0.621052631579	0.0	0.0210526315789
min-	0.0	0.64238410596	0.0397350993378	0.317880794702
oo--	0.063829787234	0.574468085106	0.0851063829787	0.276595744681
pik-	0.369737381892	0.440944535338	0.0726259260471	0.116692156723
ren-	0.165153329594	0.618290409132	0.103836650548	0.112719610726
sul-	0.612903225806	0.0322580645161	0.290322580645	0.0645161290323
age-	0.511363636364	0.193181818182	0.295454545455	0.0
tu'-	0.479736098021	0.254476908577	0.0735155513666	0.192271442036
mui-	0.274129069103	0.720159908624	0.00571102227298	0.0
ma'-	0.50000746681	0.168466167884	0.198766482983	0.132759882323
gal-	0.0152532031727	0.959273947529	0.0227272727273	0.00274557657108
nul-	0.635264819732	0.303085945271	0.0549844528356	0.00666478216191
mih-	0.68159264024	0.141417069411	0.0370137800523	0.139976510297
ibl-	0.119266055046	0.532110091743	0.348623853211	0.0
ida-	0.292416803055	0.0605564648117	0.140752864157	0.506273867976
kar-	0.0457237621417	0.269604359157	0.675076995973	0.00959488272921
ark-	0.18	0.81	0.01	0.0
kay-	0.125564147974	0.502578591201	0.337320238695	0.0345370221297
neb-	0.649969786802	0.269182998647	0.0429609331365	0.0378862814138
bii-	0.326294184365	0.593626290535	0.0645417067974	0.0155378183031
tej-	0.150368306733	0.649400321088	0.165950514685	0.0342808574936
jih-	0.122807017544	0.754385964912	0.0701754385965	0.0526315789474
tér-	0.0905999115452	0.864736780709	0.029775538497	0.0148877692485
lu'-	0.0699181696211	0.0291775233033	0.010548925231	0.890355381845
ari-	0.0537848605577	0.902390438247	0.0119521912351	0.0318725099601
not-	0.232118758435	0.604138551507	0.156545209177	0.00719748088169
kej-	0.687982282421	0.184583692535	0.0498684541258	0.077565570918
tak-	0.464448168542	0.276274838401	0.0244194397893	0.234857553268
mer-	0.0754234078297	0.732389234715	0.121521189392	0.0706661680635
giw-	0.101694915254	0.862412761715	0.0	0.0358923230309
mun-	0.437209302326	0.516279069767	0.0279069767442	0.0186046511628
tay-	0.664948453608	0.10824742268	0.185567010309	0.041237113402
pav-	0.522222222222	0.188888888889	0.277777777778	0.0111111111111
jek-	0.556715938303	0.207101542416	0.168701799486	0.0674807197943
kak-	0.0303797468354	0.589873417721	0.0683544303797	0.311392405063
nel-	0.588221153846	0.28125	0.0622596153846	0.0682692307692
are-	0.0	0.991935483871	0.00806451612903	0.0
sto-	0.16	0.333333333333	0.506666666667	0.0
gog-	0.0	0.964912280702	0.0350877192982	0.0
kap-	0.0888840380173	0.85047575807	0.0307155815469	0.0299246223654
iri-	0.455486542443	0.300808692113	0.0251750396678	0.218529725776
buh-	0.590256365078	0.145339617655	0.0422870231698	0.222116994097
sil-	0.113200246557	0.863088890988	0.00611893224632	0.0175919302082
ake-	0.0995009376448	0.024498873381	0.00370159612354	0.872298592851
lal-	0.0	0.75	0.25	0.0
bua-	0.163652114739	0.725102164185	0.0321720816597	0.0790736394157
ngi-	0.18338745294	0.300017986888	0.0865410392448	0.430053520927
ri'-	0.559111953629	0.209823435772	0.0286780163562	0.202386594243
mep-	0.447482014389	0.168345323741	0.237410071942	0.146762589928
gus-	0.532335907336	0.262548262548	0.0883204633204	0.116795366795
him-	0.016129032258	0.806451612903	0.0	0.177419354839
hem-	0.0	1.0	0.0	0.0
bé'-	0.159048386216	0.0375415278592	0.0106368328077	0.792773253117
ga'-	0.0814318896024	0.485722093182	0.382224347589	0.050621669627
dau-	0.0232513353807	0.872411591206	0.015129729941	0.089207343472
run-	0.328398717	0.39378238342	0.223538119911	0.0542807796694
gel-	0.312056737589	0.47695035461	0.11170212766	0.0992907801419
sau-	0.106862547796	0.877440128799	0.00482994566311	0.010867377742
sag-	0.00987000481464	0.422123254694	0.540202214733	0.0278045257583
tro-	0.0295469468155	0.966513460276	0.0	0.00393959290873
bi'-	0.365937859609	0.44418872267	0.162255466053	0.0276179516686
gol-	0.0	0.992920353982	0.0070796460177	0.0
ela-	0.0	1.0	0.0	0.0
uri-	0.210504111027	0.692973635915	0.0477050822631	0.048817170795
luy-	0.315649867374	0.604774535809	0.079575596817	0.0
o'o-	0.205607476635	0.78816199377	0.00623052959501	0.0
nag-	0.0	1.0	0.0	0.0
aen-	0.0573770491803	0.934426229508	0.00819672131148	0.0
keh-	0.0548439622746	0.0301124910943	0.00616037631427	0.908883170317
itu-	0.364032961706	0.319922443044	0.02811439651	0.28793019874
iah-	0.0881968639189	0.0782213236759	0.0041630389823	0.829418773423
klo-	0.122807017544	0.842105263158	0.0	0.0350877192982
aye-	1.0	0.0	0.0	0.0
éné-	0.364649681529	0.365787079163	0.0395814376706	0.229981801638
éli-	0.0698012603005	0.872031022782	0.0	0.0581677169171
nal-	0.643614690157	0.199491629415	0.0411955473749	0.115698133053
man-	0.636439791997	0.0999772168578	0.022027790718	0.241555200427
toj-	0.511111111111	0.414814814815	0.0222222222222	0.0518518518518
lek-	0.583824977732	0.139199919784	0.219053850568	0.0579212519164
ava-	0.325581395349	0.674418604651	0.0	0.0
iko-	0.0873786407767	0.912621359223	0.0	0.0
bus-	0.221322556296	0.713003094655	0.0367776354676	0.0288967135817
ain-	0.0	1.0	0.0	0.0
mug-	0.618128685962	0.187911181098	0.0699528348311	0.12400729811
tap-	0.0853347957092	0.779715459536	0.0336554054105	0.101294339345
ibr-	0.0279329608938	0.893854748603	0.0782122905027	0.0
aho-	0.160493827161	0.740740740741	0.0987654320988	0.0
dom-	0.0442074527812	0.928162889231	0.00566582860011	0.0219638293881
koo-	0.361054766734	0.334685598377	0.283975659229	0.0202839756592
teg-	0.226093790935	0.700812156144	0.0573749017553	0.0157191511658
mos-	0.58357771261	0.379032258064	0.0307917888563	0.00659824046921
pam-	0.00813008130083	0.991869918699	0.0	0.0
mag-	0.259836914315	0.632992492881	0.0788247476055	0.028345845198
map-	0.629662204857	0.219222634435	0.109096855424	0.0420183052841
tuj-	0.000974732383743	0.00268051405529	0.00292419715123	0.99342055641
ket-	0.323978912799	0.208338086596	0.261965257973	0.205717742632
dru-	0.0294117647059	0.970588235294	0.0	0.0
sye-	0.0	0.964071856287	0.0	0.0359281437126
taw-	0.519624247957	0.347437493318	0.0650245561304	0.0679137025943
leb-	0.130579348264	0.604633525268	0.0684661847569	0.196320941711
vih-	0.1453125	0.7890625	0.0375	0.028125
ram-	0.22966507177	0.732057416268	0.0382775119617	0.0
asy-	0.0384615384615	0.961538461538	0.0	0.0
pit-	0.72636591219	0.0775229169776	0.0213296293919	0.174781541441
lap-	0.614814814815	0.282962962963	0.00592592592593	0.0962962962963
sun-	0.480232840165	0.3196701431	0.146252728596	0.0538442881397
ara-	0.0309533635989	0.920896959692	0.0368001100564	0.0113495666529
las-	0.173675130289	0.778191634491	0.0164945555565	0.0316386796639
nas-	0.275606727416	0.504528770475	0.182976936141	0.0368875659685
pem-	0.108137255077	0.159268366433	0.0392270313499	0.69336734714
eti-	0.0	0.727272727273	0.272727272727	0.0
laa-	0.384779345296	0.334331732639	0.203933053007	0.0769558690592
esa-	0.0783410138249	0.847926267281	0.0	0.073732718894
bes-	0.347008704007	0.424369807268	0.145714406828	0.0829070818968
sip-	0.00729927007301	0.963503649635	0.00973236009734	0.0194647201947
pad-	0.0129550617831	0.942121128165	0.0302931235108	0.0146306865407
yus-	0.0602102866728	0.9263097984	0.00629062696582	0.00718928796094
yos-	0.0285035629453	0.933491686461	0.0190023752969	0.0190023752969
gah-	0.292557460502	0.167065405988	0.406675889902	0.133701243608
sea-	0.0	1.0	0.0	0.0
bar-	0.493925284727	0.111797495666	0.0234933179059	0.370783901701
nil-	0.0602409638554	0.722891566265	0.204819277108	0.0120481927711
pis-	0.563523394449	0.165932190793	0.0206546045346	0.249889810223
rup-	0.0	0.945945945946	0.054054054054	0.0
lih-	0.242125984252	0.73188976378	0.0188976377953	0.00708661417322
ten-	0.222444243624	0.243426478538	0.215890907307	0.318238370531
yod-	0.0	1.0	0.0	0.0
pet-	0.475097737632	0.303665468695	0.102432806874	0.118803986798
his-	0.014742014742	0.985257985258	0.0	0.0
sai-	0.0283110514872	0.93283064255	0.0360827126798	0.00277559328307
apo-	0.0377054581397	0.924735512684	0.0221839879928	0.0153750411832
yas-	0.046762589928	0.953237410072	0.0	0.0
suw-	0.111058376839	0.128618889416	0.669197911723	0.0911248220218
bie-	0.213333333333	0.28	0.213333333333	0.293333333333
rit-	0.487781954887	0.271616541353	0.0836466165413	0.156954887218
lot-	0.229641693811	0.444625407166	0.28664495114	0.0390879478827
ish-	0.0301148711581	0.950015523129	0.0127289661596	0.00714063955293
rab-	0.281323877069	0.541371158392	0.0	0.177304964539
aro-	0.0653907094497	0.608840545733	0.115742452588	0.210026292229
awa-	0.20176196556	0.115406604968	0.0648296397231	0.618001789749
ima-	0.00884058430242	0.789188504072	0.19550682848	0.00646408314586
nay-	0.956043956044	0.021978021978	0.0	0.021978021978
sa'-	0.0946051032429	0.286377951656	0.528643072563	0.0903738725384
sua-	0.64794037506	0.278129507934	0.034360474435	0.0395696425709
bau-	0.106360539071	0.148716749435	0.201518715695	0.5434039958
mik-	0.520919269299	0.46317030053	0.0159104301709	0.0
tis-	0.05	0.86875	0.08125	0.0
lep-	0.784750723706	0.0453202385008	0.017852983846	0.152076053947
iap-	0.103232533889	0.896767466111	0.0	0.0
bul-	0.245398773006	0.717791411043	0.0368098159509	0.0
ilo-	0.0	1.0	0.0	0.0
eii-	0.502717391304	0.3125	0.0597826086957	0.125
éno-	0.0	1.0	0.0	0.0
dav-	0.0995550611791	0.89043381535	0.00333704115684	0.00667408231369
sev-	0.401038867992	0.518538420204	0.0675980655562	0.0128246462475
rat-	0.0751818916734	0.890864995958	0.0218270008084	0.0121261115602
tan-	0.0406071886624	0.793325680843	0.0162159408865	0.149851189608
dep-	0.0909090909091	0.75	0.0227272727273	0.136363636364
aha-	0.00298618887644	0.994774169466	0.0	0.00223964165734
bil-	0.255204109219	0.600432549338	0.0973236009732	0.0470397404704
suh-	0.18116179849	0.71324253364	0.091811617985	0.0137840498851
aga-	0.129290406143	0.805162364696	0.0408918493848	0.0246553797761
raj-	0.0556523305377	0.902503402907	0.0231433911082	0.0187008754476
nod-	0.449345845606	0.459552024111	0.0479484896226	0.0431536406603
niw-	0.886075949367	0.113924050633	0.0	0.0
mit-	0.693686671863	0.270459859704	0.0280592361653	0.00779423226812
rem-	0.0580997780883	0.693276896523	0.226596531602	0.0220267937865
mu'-	0.259902019642	0.0974863875976	0.180674607114	0.461936985646
lah-	0.234834770795	0.11887900763	0.0661851300305	0.580101091544
ngu-	0.557654789935	0.354863361528	0.0453540458279	0.042127802709
sii-	0.136637642331	0.13194909578	0.659075686537	0.0723375753516
bel-	0.0928457422119	0.178205132044	0.0607262959625	0.668222829781
ing-	0.113671274962	0.711213517665	0.0645161290322	0.110599078341
nuy-	0.54531310774	0.350836250486	0.0501750291715	0.0536756126021
ton-	0.0141944235694	0.00364574601856	0.00194961404557	0.980210216366
mej-	0.579420602601	0.346002575615	0.0467555369926	0.0278212847911
ant-	0.0371041262465	0.944762278219	0.00502161107096	0.013111984463
mek-	0.276172575075	0.319764392184	0.301886173887	0.102176858854
nak-	0.172767203514	0.590043923865	0.224011713031	0.01317715959
nan-	0.317185632151	0.188022997666	0.0570956907839	0.437695679399
pol-	0.274796293509	0.128944596134	0.0727280545224	0.523531055834
déh-	0.136352935241	0.115988699615	0.0109304320043	0.736727933139
mus-	0.137912861507	0.558227430628	0.0111915623823	0.292668145482
peb-	0.523346806411	0.371527940969	0.0496721812285	0.0554530713917
meg-	0.592863564271	0.160313991478	0.0316476512765	0.215174792975
nép-	0.0	0.5625	0.4375	0.0
aya-	0.112812960236	0.637879234168	0.0554933726068	0.19381443299
rum-	0.0484930736003	0.728902202876	0.194303305142	0.028301418381
sar-	0.0713858254253	0.797383944601	0.122253569291	0.00897666068224
lao-	0.0	0.988505747126	0.0114942528736	0.0
oo'-	0.111168616085	0.201635441466	0.0850843597971	0.602111582652
yep-	0.0	1.0	0.0	0.0
kio-	0.267329466998	0.404584368959	0.161005247169	0.167080916874
bee-	0.0865507000424	0.913449299958	0.0	0.0
ret-	0.0892265814402	0.580525698592	0.0663958780175	0.26385184195
ske-	0.0	1.0	0.0	0.0
kah-	0.404979860857	0.220065909923	0.309044306115	0.0659099231051
teu-	0.375075672403	0.378016085791	0.147885496843	0.0990227449624
yés-	0.00625138705486	0.655998963486	0.0037236128408	0.334026036619
dam-	0.0371125611745	0.953099510604	0.00978792822186	0.0
put-	0.445901179605	0.351042013566	0.115243720751	0.0878130860778
tin-	0.0235694731922	0.966615477065	0.003605528477	0.00620952126594
art-	0.0428954423592	0.951742627346	0.00536193029491	0.0
rad-	0.427631578947	0.513157894737	0.0394736842105	0.0197368421053
ido-	0.077160948314	0.914298336033	0.0	0.00854071565307
nab-	0.036173226753	0.945072346453	0.0101841546089	0.00857027218456
bal-	0.0385278012691	0.797001789452	0.114917217042	0.0495531922374
uvu-	0.0293398533007	0.970660146699	0.0	0.0
han-	0.025974025974	0.944805194805	0.0292207792208	0.0
mip-	0.847821606694	0.104145198742	0.00615528351401	0.0418779110506
ayo-	0.452205882353	0.525735294118	0.0	0.0220588235294
pei-	0.655828707375	0.282315622522	0.0523394131642	0.00951625693895
sad-	0.107020127639	0.84421534937	0.0245459008346	0.0242186221568
pub-	0.063063063063	0.846846846847	0.036036036036	0.054054054054
mok-	0.672683248954	0.129517939687	0.0208085699611	0.176990241397
ku'-	0.0685227323163	0.0408971534576	0.00290491515493	0.887675199071
top-	0.0	0.720588235294	0.279411764706	0.0
kub-	0.478212290503	0.237616387337	0.154934823091	0.129236499069
rii-	0.421052631579	0.302631578947	0.225563909774	0.0507518796992
tun-	0.18793314309	0.754586220954	0.0171218915614	0.0403587443946
yua-	0.0	1.0	0.0	0.0
lut-	0.0704674913847	0.853027309635	0.0488806190239	0.027624579956
sop-	0.600276625173	0.27316735823	0.0622406639004	0.0643153526971
nol-	0.401137482737	0.252634087058	0.0496062385438	0.296622191661
sta-	0.0	1.0	0.0	0.0
lip-	0.119949799719	0.740417193596	0.120454497333	0.0191785093519
tas-	0.475367064	0.417199570267	0.0721338312785	0.0352995344554
amp-	0.0196078431372	0.980392156863	0.0	0.0
épa-	0.02	0.98	0.0	0.0
hag-	0.194244604316	0.647482014389	0.107913669065	0.0503597122302
mé'-	0.0175210004674	0.0152456479339	0.00647802494291	0.960755326656
gut-	0.025787965616	0.799426934097	0.174785100287	0.0
boh-	0.0749852453937	0.0195258503564	0.00380870656846	0.901680197682
adu-	0.0588235294118	0.0392156862745	0.823529411765	0.078431372549
kep-	0.0997496488001	0.0773734192331	0.040886744027	0.78199018794
hen-	0.0851063829787	0.914893617021	0.0	0.0
keb-	0.280220921407	0.381092208476	0.17878520152	0.159901668597
muk-	0.571777306306	0.107487027428	0.267695099819	0.0530405664477
sit-	0.133203131133	0.433512899913	0.0359007191791	0.397383249775
law-	0.0599747384134	0.85885806146	0.0330840665413	0.048083133585
era-	0.0592592592592	0.925925925926	0.0	0.0148148148148
sus-	0.0327868852459	0.967213114754	0.0	0.0
bia-	0.261398176292	0.282674772036	0.0547112462006	0.401215805471
rip-	0.0696613683483	0.816171389081	0.108776779544	0.00539046302695
koh-	0.295545656595	0.127242136589	0.0198669494102	0.557345257405
to'-	0.629834254144	0.169556105925	0.105734425605	0.0948752143265
bla-	0.130952380952	0.75	0.0714285714286	0.0476190476191
dua-	0.057517733103	0.0755591491378	0.0507389303376	0.816184187422
pah-	0.159471412062	0.110062438542	0.0485566649887	0.681909484407
lav-	0.636409736308	0.23275862069	0.0349898580122	0.0958417849899
pep-	0.47496752148	0.322262278867	0.0887600017356	0.114010197917
get-	0.054347826087	0.902173913043	0.0326086956522	0.0108695652174
sam-	0.031565103025	0.936650591846	0.00854888206927	0.0232354230601
buy-	0.0547945205479	0.849315068493	0.0547945205479	0.041095890411
nik-	0.02276957551	0.962050707483	0.00758985850335	0.00758985850335
lit-	0.0281690140845	0.896713615024	0.018779342723	0.056338028169
teb-	0.431942630231	0.517700360562	0.0130604358725	0.0372965733348
yun-	0.0682489241477	0.667606775567	0.256457561388	0.00768673889718
jip-	0.0	0.89150401837	0.10849598163	0.0
144-	0.0847457627118	0.16384180791	0.0	0.751412429379
rut-	0.0	1.0	0.0	0.0
jas-	0.0392156862745	0.921568627451	0.0392156862745	0.0
pie-	0.163822525597	0.266211604096	0.0716723549488	0.498293515358
lib-	0.0652173913043	0.891304347826	0.0217391304348	0.0217391304348
yot-	0.0	1.0	0.0	0.0
uta-	0.600791826486	0.348393657647	0.0292568424688	0.0215576733981
jak-	0.17313815263	0.338926116868	0.0460314134687	0.441904317034
hes-	0.0	1.0	0.0	0.0
uya-	0.0483870967742	0.58064516129	0.370967741935	0.0
des-	0.254901960784	0.745098039216	0.0	0.0
ned-	0.248466257669	0.659509202454	0.0920245398773	0.0
dar-	0.151515151515	0.770202020202	0.0757575757575	0.00252525252525
gam-	0.218806509946	0.737793851718	0.0325497287523	0.0108499095841
yop-	0.0818128310772	0.903472630959	0.00529723366688	0.00941730429665
000-	0.0847457627118	0.16384180791	0.0	0.751412429379
ebu-	0.0919540229885	0.908045977012	0.0	0.0
gad-	0.0	1.0	0.0	0.0
sem-	0.147390060457	0.228584736762	0.0464829836682	0.577542219113
kuy-	0.0964912280701	0.842105263158	0.0614035087719	0.0
