xrí-	0.459840290055	0.119460342193	0.0294399664399	0.391259401312
jer-	0.00482311741146	0.987501834882	0.000754922725271	0.00692012498165
kén-	0.182424380817	0.102228596508	0.116216883464	0.599130139211
vas-	0.0461292802649	0.900644627122	0.0408066710036	0.0124194216098
fig-	0.0408163265306	0.959183673469	0.0	0.0
xìn-	0.0495867768595	0.644628099174	0.0	0.305785123967
maa-	0.0	1.0	0.0	0.0
tíh-	0.145463401931	0.111316558589	0.012352037127	0.730868002353
jac-	0.000607305889854	0.99281354697	0.00475722947053	0.00182191766956
yaá-	0.0123702965178	0.0216387873417	0.000553893873932	0.965437022267
ton-	0.0758396533045	0.780065005417	0.131094257855	0.0130010834236
kán-	0.0595869647594	0.0575691549829	0.206915498295	0.675928381963
tít-	0.673977026831	0.175258972141	0.0641585213569	0.0866054796704
júp-	0.0	1.0	0.0	0.0
nij-	0.0826049577303	0.184661126236	0.0154929072933	0.717241008741
abí-	0.0144230769231	0.927884615385	0.0576923076923	0.0
mah-	0.0	1.0	0.0	0.0
isó-	0.302933333333	0.639466666667	0.0448	0.0128
joe-	0.107692307692	0.830769230769	0.0307692307692	0.0307692307692
tóh-	0.0259665320254	0.591171379111	0.0790536641662	0.303808424697
eno-	0.0	0.981744421907	0.0121703853955	0.00608519269776
ite-	0.0716394215266	0.0386971944534	0.00223253044923	0.887430853571
tóy-	0.168880854016	0.243823722254	0.130188274886	0.457107148844
ìná-	0.085684430512	0.690177638453	0.00626959247648	0.217868338558
ana-	0.0289781392984	0.923741738688	0.0122013218099	0.0350788002034
méx-	0.107605267007	0.0793077204018	0.00725386861893	0.805833143973
xje-	0.0328714102286	0.92306909889	0.00297687290088	0.0410826179802
sak-	0.245833333333	0.579166666667	0.0249999999999	0.15
elí-	0.00797382948272	0.989981598855	0.000817828664895	0.00122674299734
nun-	0.150393029643	0.111279477223	0.022729425135	0.715598067999
tse-	0.302884309787	0.480912017806	0.147554133148	0.0686495392591
der-	0.029702970297	0.970297029703	0.0	0.0
azo-	0.0	0.965217391304	0.0173913043478	0.0173913043478
kat-	0.587112171838	0.348448687351	0.0644391408115	0.0
pró-	0.0	1.0	0.0	0.0
neg-	0.0	1.0	0.0	0.0
gál-	0.333333333333	0.589743589744	0.051282051282	0.025641025641
mil-	0.0142268627912	0.28673932676	0.0138557272401	0.685178083209
dis-	0.106783455946	0.686538887385	0.0	0.206677656669
tib-	0.0103412616339	0.987590486039	0.00206825232678	0.0
gan-	0.118959107807	0.814126394052	0.0669144981413	0.0
xèn-	0.690970274818	0.261918115536	0.0	0.0471116096467
sen-	0.112047472553	0.0895553579152	0.114258775959	0.684138393573
tje-	0.353665056622	0.250388818032	0.0749125996938	0.321033525652
ína-	0.0894588301472	0.0690636312425	0.105712757041	0.735764781569
kjí-	0.159599285192	0.336129035098	0.218040529239	0.28623115047
mig-	0.0	1.0	0.0	0.0
nka-	0.0352553439014	0.643287106113	0.0736758447704	0.247781705215
tam-	0.378579003181	0.521739130435	0.050901378579	0.0487804878049
paf-	0.0	1.0	0.0	0.0
mar-	0.0105095919634	0.981255280006	0.00211760435083	0.0061175236802
abr-	0.0587461123896	0.904675425891	0.0274246557213	0.00915380599813
ták-	0.631172839506	0.202932098765	0.0733024691358	0.0925925925926
nor-	0.031779661017	0.688559322034	0.114406779661	0.165254237288
nen-	0.0927193023325	0.79726089716	0.0471411931783	0.0628786073289
has-	0.119323024473	0.148179715086	0.0364056982832	0.696091562158
zac-	0.0536968194961	0.905915829088	0.020193675708	0.0201936757079
jóh-	0.206896551724	0.508620689655	0.284482758621	0.0
kìc-	0.496183206107	0.0916030534351	0.0	0.412213740458
her-	0.0169391584026	0.923291342804	0.0461538461539	0.01361565264
ate-	0.0	1.0	0.0	0.0
nta-	0.171352475643	0.594276520671	0.0779550268431	0.156415976844
har-	0.0825	0.91375	0.00375	0.0
kam-	0.337777777778	0.608888888889	0.0177777777778	0.0355555555556
kji-	0.215526518063	0.240891621829	0.493620292083	0.0499615680246
sin-	0.508155927669	0.33268226264	0.0592198066583	0.0999420030321
yás-	0.126315789474	0.0	0.873684210526	0.0
urí-	0.0	1.0	0.0	0.0
dor-	0.0526315789473	0.947368421053	0.0	0.0
zab-	0.0	1.0	0.0	0.0
pat-	0.0559006211179	0.944099378882	0.0	0.0
alt-	0.0176672664813	0.96957304106	0.0107966628497	0.00196302960903
tjó-	0.090564882349	0.164803328948	0.694042775929	0.0505890127746
ité-	0.0939376588719	0.690189593403	0.0343037817837	0.181568965941
y'á-	0.0473684210526	0.194736842105	0.0	0.757894736842
jor-	0.0	1.0	0.0	0.0
ìné-	0.0250219910942	0.951277762332	0.00565159725989	0.0180486493138
tió-	0.1080271278	0.0244725639294	0.00358415783448	0.863916150436
ókj-	0.157622592193	0.317931287418	0.201323422302	0.323122698087
tòy-	0.044035176335	0.802528137183	0.0138581290231	0.139578557459
gen-	0.0596026490066	0.913907284768	0.0132450331126	0.0132450331126
síh-	0.491428571429	0.2	0.274285714286	0.0342857142857
naa-	0.00919963201474	0.871205151794	0.119595216191	0.0
jam-	0.184357541899	0.698324022346	0.117318435754	0.0
ji̱-	0.434343434343	0.474747474747	0.0909090909091	0.0
por-	0.318181818182	0.681818181818	0.0	0.0
tsé-	0.488659751056	0.320531518229	0.0706592219513	0.120149508764
alf-	0.0	1.0	0.0	0.0
pas-	0.0275176762851	0.944104720046	0.00735715650678	0.0210204471622
cos-	0.0188679245283	0.981132075472	0.0	0.0
it'-	0.224245476946	0.688331949304	0.0191254747675	0.0682970989831
hor-	0.00574962975869	0.946162557714	0.0116734907222	0.0364143218051
och-	0.0466321243523	0.139896373057	0.0544041450777	0.759067357513
qui-	0.012574662056	0.183904432568	0.0396101854762	0.763910719899
táh-	0.263098860115	0.242137879786	0.0582420817969	0.436521178302
ped-	0.00719089868346	0.980681167716	0.00311247853463	0.00901545506583
che-	0.468887940555	0.416084907043	0.0347589837477	0.0802681686543
fué-	0.199071263312	0.516302118373	0.224668952956	0.0599576653595
oro-	0.00309525651938	0.719569759344	0.276561170007	0.000773814129845
ínc-	0.526595744681	0.31914893617	0.0	0.154255319149
asi-	0.0113722517058	0.979529946929	0.00568612585292	0.00341167551175
gaz-	0.0	0.946902654867	0.0	0.0530973451327
nan-	0.131043031698	0.713830352399	0.0658756862051	0.0892509296972
óna-	0.199367088608	0.174050632911	0.0759493670886	0.550632911393
hac-	0.047619047619	0.904761904762	0.0	0.047619047619
uva-	0.0121281855923	0.979475378228	0.0	0.00839643617931
imé-	0.21875	0.5	0.0	0.28125
ses-	0.00620796689084	0.0186239006725	0.0	0.975168132437
tér-	0.229571984436	0.75486381323	0.0155642023346	0.0
t'ó-	0.397938348642	0.429180921731	0.0636414743204	0.109239255307
íso-	0.591567567568	0.128216216216	0.0934054054054	0.186810810811
tol-	0.024	0.976	0.0	0.0
mel-	0.0359613943854	0.958750165264	0.0	0.00528844035079
yóx-	0.0192420969959	0.0944433536226	0.858629491459	0.0276850579227
cue-	0.0252579650514	0.916074086221	0.0251182055124	0.0335497432152
nòn-	0.734429176833	0.0309490175934	0.0485424425325	0.186079363041
kaá-	0.201112537441	0.242618741977	0.517757809157	0.0385109114249
jeé-	0.016620498615	0.164819944598	0.0	0.818559556787
isa-	0.00665434380776	0.98573012939	0.00295748613678	0.00465804066543
eut-	0.0344827586207	0.965517241379	0.0	0.0
tjé-	0.476750869955	0.254198054057	0.0383428557265	0.230708220261
dio-	0.087302400896	0.722147779937	0.0130319420651	0.177517877102
bab-	0.0205735660848	0.943266832918	0.0286783042394	0.0074812967581
ita-	0.191169912294	0.557455031961	0.173925969972	0.0774490857738
ách-	0.406102433709	0.186342172176	0.027243007628	0.380312386487
koá-	0.684371807967	0.223697650664	0.070480081716	0.0214504596527
láz-	0.0198546357029	0.945931572416	0.00886367665309	0.0253501152278
hyé-	0.205784204672	0.432703003337	0.279199110122	0.0823136818687
fla-	0.180299032542	0.809146877748	0.0105540897098	0.0
sor-	0.401739421308	0.16976082957	0.0	0.428499749122
moi-	0.0410607699395	0.943716700717	0.00320474301967	0.0120177863238
kom-	0.707189353392	0.0599161001013	0.0113409518299	0.221553594677
t'i-	0.377755288173	0.259299842512	0.138892882866	0.224051986449
cor-	0.0919700235838	0.876647993351	0.0206780508572	0.0107039322084
kol-	0.0241220580729	0.964599560065	0.00562312486	0.00565525700205
jud-	0.0380396444603	0.840816469322	0.0979582523354	0.0231856338827
ikj-	0.375873960102	0.289341970154	0.0303178763754	0.304466193368
kòr-	0.171052631579	0.789473684211	0.0	0.0394736842104
ihy-	0.380080670183	0.242631089047	0.290102389078	0.087185851691
non-	0.159726060017	0.689099041375	0.0180176584064	0.133157240201
inè-	0.442307692308	0.557692307692	0.0	0.0
xìa-	0.298210735586	0.542743538767	0.00397614314116	0.155069582505
uzí-	0.0	1.0	0.0	0.0
cis-	0.0	1.0	0.0	0.0
mal-	0.0175953079179	0.982404692082	0.0	0.0
adá-	0.0197238658777	0.936883629191	0.0216962524655	0.0216962524655
iyó-	0.0531901307724	0.0546204536167	0.00191561095218	0.890273804659
sab-	0.0	1.0	0.0	0.0
chó-	0.385596451115	0.130676800652	0.0834550413628	0.40027170687
nin-	0.086642064831	0.334528642098	0.0164211469048	0.562408146166
iy'-	0.037109375	0.18359375	0.01171875	0.767578125
jní-	0.0791717939609	0.38461923785	0.500221789116	0.0359871790731
lis-	0.14872868148	0.678630271185	0.145923320123	0.026717727212
ces-	0.0137420718816	0.929175475687	0.00317124735729	0.053911205074
cie-	0.020572450805	0.0305605247466	0.0392069171139	0.909660107335
chá-	0.0663895807225	0.688595586719	0.206624680743	0.0383901518156
tsí-	0.399660397153	0.348430128685	0.114146701127	0.137762773034
síc-	0.282209891157	0.533865580722	0.0978416367928	0.0860828913279
sós-	0.0	1.0	0.0	0.0
i̱n-	0.564401981599	0.00743099787686	0.194621372965	0.233545647558
esr-	0.0	1.0	0.0	0.0
xja-	0.0713416471899	0.547494754082	0.0381999533696	0.342963645359
kók-	0.343437919488	0.375698839079	0.212712601968	0.0681506394654
mús-	0.0901639344262	0.877049180328	0.0327868852459	0.0
and-	0.00135501355013	0.99864498645	0.0	0.0
ALL	0.22092789057	0.291237470916	0.0534814895533	0.434353148961
lóc-	0.110006626905	0.524850894632	0.266401590457	0.0987408880053
a̱s-	0.0872614772912	0.431113915709	0.022557076142	0.459067530857
ine-	0.630534720542	0.281635615775	0.0413743043794	0.0464553593032
kix-	0.339102790533	0.257152949488	0.0752384316497	0.328505828329
mae-	0.00608024588247	0.946814552501	0.0285972004142	0.0185080012027
cil-	0.0	1.0	0.0	0.0
per-	0.00190754752972	0.988554714822	0.00572264258918	0.00381509505945
arm-	0.0	1.0	0.0	0.0
cal-	0.0251748251748	0.916083916084	0.0545454545454	0.0041958041958
kui-	0.572708714994	0.193792238442	0.0433993686038	0.190099677961
mor-	0.043795620438	0.204379562044	0.751824817518	0.0
lo̱-	0.094247309059	0.286836277489	0.537801926147	0.0811144873049
zor-	0.0	1.0	0.0	0.0
nke-	0.184530393841	0.203268435314	0.00681043254135	0.605390738303
níh-	0.174955404923	0.0770602925437	0.663289332858	0.0846949696753
tón-	0.39927430243	0.347083145815	0.0959861611161	0.157656390639
ico-	0.0	0.993399339934	0.006600660066	0.0
kóh-	0.282492246969	0.717507753031	0.0	0.0
ata-	0.0	1.0	0.0	0.0
tie-	0.199944502682	0.647900351483	0.0735339458594	0.0786211999753
far-	0.0232626581644	0.965986221441	0.00672730925294	0.00402381114195
nox-	0.194485241863	0.159662671152	0.215189273701	0.430662813285
kíe-	0.821832704682	0.0800976259153	0.0252939871311	0.072775682272
nté-	0.792430514488	0.0922531046718	0.0	0.11531638084
tot-	0.0117924528302	0.98820754717	0.0	0.0
mes-	0.0989272943981	0.829956297179	0.00238379022646	0.0687326181963
sed-	0.0	0.605633802817	0.394366197183	0.0
arc-	0.161504424779	0.798672566372	0.0132743362832	0.0265486725663
med-	0.0625	0.865384615385	0.0144230769231	0.0576923076923
nej-	0.0502392344498	0.838516746412	0.0717703349282	0.0394736842105
adi-	0.0	1.0	0.0	0.0
ríc-	0.127931769723	0.139658848614	0.694029850746	0.0383795309168
ami-	0.0650557620818	0.922552664188	0.0123915737299	0.0
kax-	0.253456221198	0.718894009217	0.0276497695853	0.0
tán-	0.293014666367	0.282510772598	0.387539939224	0.036934621811
tro-	0.07310498802	0.901029187541	0.0239599215857	0.00190590285341
iku-	0.668571813496	0.20483099573	0.022777591039	0.103819599735
cás-	0.0774193548387	0.806451612903	0.0774193548387	0.0387096774194
tek-	0.264753907161	0.126428738045	0.594821553534	0.0139958012596
sec-	0.367816091954	0.609195402299	0.0229885057471	0.0
tsa-	0.392427929458	0.446314398661	0.0599383488343	0.101319323047
jai-	0.0185185185185	0.944444444444	0.037037037037	0.0
ìnt-	0.125794885002	0.840725846392	0.00713167851978	0.026347590087
tal-	0.0	1.0	0.0	0.0
saú-	0.25	0.6875	0.0625	0.0
k'o-	0.598842065847	0.298902554944	0.060777140882	0.0414782383271
n'ó-	0.115384615385	0.152519893899	0.557029177719	0.175066312997
tja-	0.187417955802	0.365053268555	0.0457157883625	0.401812987281
kos-	0.0580270793036	0.857511283043	0.00967117988394	0.0747904577692
lem-	0.0	1.0	0.0	0.0
rod-	0.0490196078431	0.93137254902	0.0	0.0196078431372
xík-	0.527429084047	0.247266990441	0.0459368329879	0.179367092523
in'-	0.0131826741996	0.00684814244136	0.0332134908406	0.946755692518
zaf-	0.0	1.0	0.0	0.0
pue-	0.142354614176	0.811840431105	0.0327819773969	0.0130229773221
xét-	0.735329341317	0.167664670659	0.0431137724551	0.0538922155689
pon-	0.0620078740157	0.915354330709	0.0	0.0226377952756
gól-	0.0	1.0	0.0	0.0
hig-	0.0119539230602	0.960334709846	0.0260812866768	0.0016300804173
na̱-	0.206658634523	0.0660738264162	0.0196669809971	0.707600558064
sik-	0.699542782495	0.227302416721	0.018288700196	0.0548661005877
ben-	0.0	1.0	0.0	0.0
dió-	0.103448275862	0.810344827586	0.051724137931	0.0344827586207
kuá-	0.744049958514	0.156338704747	0.0220533647758	0.0775579719638
ni̱-	0.0348855892353	0.765718401509	0.160443496105	0.0389525131514
kia-	0.0842716233193	0.828781463732	0.0262876285302	0.0606592844182
kóy-	0.187764697915	0.374738476646	0.328799858747	0.108696966692
euf-	0.0	1.0	0.0	0.0
már-	0.0	0.872592592593	0.127407407407	0.0
ósé-	0.232252472362	0.243890693985	0.117877545227	0.405979288426
nká-	0.659367396594	0.234793187348	0.0334549878345	0.0723844282239
nar-	0.0296442687747	0.750988142293	0.219367588933	0.0
its-	0.387347147309	0.204137136801	0.271897548907	0.136618166983
die-	0.058798466127	0.581593523647	0.0	0.359608010226
kie-	0.805050952592	0.0926007975188	0.0186087727071	0.0837394771821
nát-	0.624321389794	0.0988056460368	0.130293159609	0.14657980456
kaj-	0.0367780339635	0.957967961185	0.00525400485193	0.0
chr-	0.438689534535	0.275090528292	0.096938414544	0.189281522629
sat-	0.151990934178	0.777160702082	0.0181662471129	0.0526821166273
ìch-	0.470760233918	0.27485380117	0.105263157895	0.149122807018
xi̱-	0.185518868575	0.0581159445319	0.029026679978	0.727338506915
sió-	0.0	1.0	0.0	0.0
esl-	0.0	1.0	0.0	0.0
saf-	0.180672268908	0.781512605042	0.0	0.0378151260504
tjí-	0.34178855147	0.114332069499	0.0262294460927	0.517649932939
evo-	0.0	1.0	0.0	0.0
ik'-	0.678463522955	0.210940949347	0.0460995056748	0.0644960220239
vec-	0.0193249863908	0.610506260207	0.0122482308111	0.357920522591
eub-	0.0	1.0	0.0	0.0
ded-	0.135542168675	0.855421686747	0.00903614457832	0.0
t'á-	0.344009386407	0.430864643372	0.111024581066	0.114101389155
ban-	0.0154793056426	0.984520694357	0.0	0.0
sáx-	0.52277992278	0.213127413127	0.0324324324324	0.23166023166
adr-	0.160194174757	0.718446601942	0.121359223301	0.0
tey-	0.0434205149162	0.0511851246425	0.00735594605639	0.898038414385
kac-	0.177737143284	0.732314909709	0.0899479470062	0.0
ter-	0.0	1.0	0.0	0.0
tók-	0.114678899083	0.327217125382	0.512232415902	0.045871559633
esq-	0.0444268147561	0.911146370488	0.044426814756	0.0
tra-	0.104927007299	0.88594890511	0.0	0.00912408759122
nít-	0.1	0.8	0.1	0.0
dañ-	0.775510204082	0.224489795918	0.0	0.0
yóe-	0.180055401662	0.537396121884	0.14404432133	0.138504155125
arq-	0.185393258427	0.769662921348	0.0	0.0449438202247
ale-	0.0230618758365	0.850097807063	0.126840317101	0.0
tue-	0.219653179191	0.71098265896	0.0	0.0693641618497
sid-	0.00350877192983	0.987719298246	0.0	0.00877192982456
oli-	0.00221975582686	0.986681465039	0.0110987791343	0.0
jaí-	0.34188034188	0.17735042735	0.0	0.480769230769
xín-	0.171188579117	0.253067040943	0.0214850844594	0.55425929548
jec-	0.0185185185185	0.981481481482	0.0	0.0
dec-	0.008547008547	0.752136752137	0.0	0.239316239316
kue-	0.169902724489	0.144866875945	0.303298066116	0.38193233345
kon-	0.196626873959	0.761660188784	0.0125624652971	0.02915047196
eli-	0.0444098169069	0.953252824309	0.00116867939229	0.00116867939229
col-	0.0364741641338	0.826747720365	0.136778115501	0.0
var-	0.0168776371308	0.983122362869	0.0	0.0
kàr-	0.04125	0.95125	0.0075	0.0
ene-	0.0	1.0	0.0	0.0
isé-	0.182779525047	0.241806828023	0.372396189434	0.203017457496
pan-	0.0505594108483	0.910777510268	0.0327149129018	0.00594816598214
yeé-	0.0932642487046	0.79792746114	0.0777202072539	0.0310880829016
diá-	0.0347826086956	0.84347826087	0.0869565217391	0.0347826086956
vez-	0.147902869757	0.236754966887	0.00662251655629	0.608719646799
aná-	0.0196078431372	0.960784313726	0.0147058823529	0.00490196078431
kjé-	0.0848007187764	0.747979023274	0.133269245541	0.0339510124087
tor-	0.0	0.98003992016	0.0	0.0199600798403
ari-	0.00792079207921	0.992079207921	0.0	0.0
lin-	0.0411668291196	0.69810991979	0.26072325109	0.0
yam-	0.41309603857	0.339833187885	0.110158943619	0.136911829926
tét-	0.488934174965	0.290953998316	0.0725217246592	0.14759010206
ina-	0.166666666667	0.163580246914	0.0246913580247	0.645061728395
cre-	0.0145161290323	0.963709677419	0.00725806451615	0.0145161290322
tóx-	0.406402337827	0.287752162993	0.143236358058	0.162609141123
lat-	0.0416666666667	0.791666666667	0.104166666667	0.0625
pen-	0.0125	0.975	0.0125	0.0
rab-	0.0571428571428	0.771428571429	0.0	0.171428571429
lùk-	0.383783783784	0.421621621622	0.0	0.194594594595
éfe-	0.0258486989488	0.971049457177	0.00310184387385	0.0
jon-	0.0	0.978475563434	0.0121549759433	0.00936946062294
fre-	0.218045112782	0.624060150376	0.142857142857	0.015037593985
isr-	0.041513162601	0.900010730381	0.0139494956721	0.0445266113456
jeh-	0.105185484624	0.0538117322136	0.023132580643	0.81787020252
xèh-	0.122448979592	0.244897959184	0.30612244898	0.326530612245
tia-	0.115606936416	0.849710982659	0.0173410404624	0.0173410404624
yoa-	0.0	0.641255605381	0.312620115311	0.0461242793082
car-	0.102586206897	0.86724137931	0.0172413793104	0.0129310344828
t'à-	0.611311960321	0.134572290777	0.0122501419224	0.24186560698
xri-	0.331532730413	0.545688721082	0.0460527615849	0.0767257869203
yex-	0.281818181818	0.390909090909	0.190909090909	0.136363636364
t'é-	0.560266001663	0.318370739817	0.0781379883624	0.0432252701579
tóc-	0.463201613302	0.342846972261	0.125838538427	0.0681128760094
pól-	0.120805369127	0.879194630873	0.0	0.0
oné-	0.105154639175	0.641237113402	0.117525773196	0.136082474227
pun-	0.315768463074	0.47744510978	0.206786427146	0.0
áku-	0.251497005988	0.385229540918	0.0758483033933	0.287425149701
ito-	0.354800238521	0.197972570066	0.296958855098	0.150268336315
tah-	0.371503254832	0.351396184683	0.119888405761	0.157212154724
cai-	0.00112676056338	0.94985915493	0.049014084507	0.0
sod-	0.0116099071208	0.988390092879	0.0	0.0
amé-	0.125775006272	0.0692577859012	0.00215030641866	0.802816901408
náx-	0.27339882676	0.289717900381	0.23280143249	0.204081840369
kan-	0.136766809728	0.814020028612	0.0457796852647	0.00343347639485
nhi-	0.913461538462	0.0288461538461	0.0	0.0576923076923
noó-	0.00461650603386	0.0293188628817	0.180772657326	0.785291973759
si̱-	0.559614316297	0.242706275305	0.107502945204	0.0901764631934
tih-	0.40014787143	0.226671336291	0.0054478947778	0.367732897502
níy-	0.532	0.213882352941	0.0176470588235	0.236470588235
tso-	0.458690667118	0.279223501186	0.0639559690264	0.198129862669
hoz-	0.0	0.988560533842	0.0114394661583	0.0
fue-	0.163067216695	0.344819218636	0.206745935453	0.285367629216
koh-	0.165915930233	0.107335603977	0.0257983805452	0.700950085245
ne̱-	0.970372952248	0.0296270477518	0.0	0.0
xró-	0.68253968254	0.0952380952381	0.222222222222	0.0
met-	0.194122885129	0.743544078362	0.013357079252	0.0489759572574
sa̱-	0.073802785639	0.174360071979	0.517570770609	0.234266371773
noi-	0.244625648629	0.289328649241	0.301672736649	0.164372965482
mna-	0.260869565217	0.695652173913	0.0	0.0434782608696
nef-	0.0	1.0	0.0	0.0
tju-	0.368578447534	0.416275066316	0.114252609177	0.100893876973
ken-	0.666666666667	0.176470588235	0.109803921569	0.0470588235294
azu-	0.0213178294574	0.829457364341	0.149224806201	0.0
así-	0.0	1.0	0.0	0.0
juz-	0.0775862068966	0.637931034483	0.051724137931	0.23275862069
cob-	0.25459688826	0.728429985856	0.0	0.016973125884
mat-	0.0356043956044	0.951208791209	0.00263736263736	0.0105494505495
nit-	0.0171228627441	0.962031913046	0.0126560289848	0.00818919522545
ged-	0.0	1.0	0.0	0.0
tró-	0.0	1.0	0.0	0.0
hué-	0.254742547425	0.69647696477	0.0379403794038	0.0108401084011
kós-	0.342391304348	0.407608695652	0.197826086956	0.0521739130435
náy-	0.48627268497	0.296184271754	0.217543043276	0.0
par-	0.0572102624595	0.776024771454	0.0632556767914	0.103509289295
chi-	0.163028276972	0.689774997938	0.0473022377566	0.0998944873333
jul-	0.0133333333333	0.986666666667	0.0	0.0
cop-	0.344183242917	0.655816757083	0.0	0.0
nti-	0.171681924764	0.180065398829	0.0104910066612	0.637761669745
to̱-	0.178961339891	0.692124921444	0.0528313012626	0.076082437402
nah-	0.0	1.0	0.0	0.0
yám-	0.543856471463	0.26195673934	0.0600577698548	0.134129019342
xit-	0.281471757261	0.0990205761579	0.148405491402	0.471102175179
iká-	0.145691939758	0.58671061987	0.0349040139616	0.232693426411
rag-	0.0	1.0	0.0	0.0
feb-	0.04	0.96	0.0	0.0
t'ò-	0.230031948882	0.348242811502	0.230031948882	0.191693290735
tre-	0.015335235378	0.130349500713	0.160128388017	0.694186875892
xec-	0.483352831441	0.314288424447	0.139279729345	0.0630790147659
gay-	0.0161290322581	0.983870967742	0.0	0.0
boo-	0.031746031746	0.968253968254	0.0	0.0
kin-	0.0291109736955	0.687485135328	0.269133805832	0.0142700851448
jié-	0.120966306299	0.213343725793	0.43520830627	0.230481661639
mòl-	0.296875	0.671875	0.03125	0.0
ntó-	0.0709726279347	0.507194633777	0.104619712215	0.317213026074
cap-	0.00976592776314	0.970082157805	0.00837079522555	0.0117811192063
lug-	0.296875	0.5390625	0.09375	0.0703125
xìy-	0.0549898167006	0.794297352342	0.150712830957	0.0
apó-	0.0473840078973	0.906924270202	0.025384289945	0.020307431956
sás-	0.274747474748	0.248484848485	0.371717171717	0.105050505051
gre-	0.0	0.984126984127	0.015873015873	0.0
yóy-	0.185819070905	0.168704156479	0.0146699266504	0.630806845966
ser-	0.107954545455	0.721590909091	0.159090909091	0.0113636363636
nás-	0.621761658031	0.188255613126	0.0690846286701	0.120898100173
cri-	0.0213167944028	0.92746081128	0.00897935749192	0.0422430368254
tót-	0.451949054419	0.250096487843	0.233886530297	0.0640679274411
elm-	0.0	1.0	0.0	0.0
a̱n-	0.15800764251	0.081861450688	0.298816312297	0.461314594505
ran-	0.221476510067	0.778523489933	0.0	0.0
enó-	0.02734375	0.97265625	0.0	0.0
nac-	0.0902923192897	0.728871764804	0.0113912387972	0.169444677109
nóx-	0.486815415822	0.0811359026369	0.229208924949	0.202839756592
jnk-	0.105420889334	0.165240057629	0.146036870533	0.583302182504
agr-	0.0183333333333	0.978333333333	0.00333333333333	0.0
nòe-	0.0335570469799	0.697986577181	0.134228187919	0.134228187919
nuè-	0.211694161609	0.744507046333	0.0291991947047	0.0145995973524
ché-	0.549713810931	0.225443131462	0.0900110782865	0.134831979321
sos-	0.0	1.0	0.0	0.0
cad-	0.193548387097	0.791666666667	0.0147849462365	0.0
fél-	0.0357010040908	0.936407586463	0.006693938267	0.0211974711789
tat-	0.104121475054	0.0629067245119	0.82863340564	0.00433839479392
nch-	0.119495421065	0.646744616496	0.166900163723	0.0668597987157
bit-	0.0188679245283	0.981132075472	0.0	0.0
xrá-	0.492442992011	0.159385965086	0.0364273284277	0.311743714476
ích-	0.241961907735	0.0671019972511	0.101407188493	0.589528906521
náj-	0.142857142857	0.514285714286	0.171428571429	0.171428571429
jín-	0.194417412438	0.139654244013	0.420231793559	0.245696549989
cef-	0.171662125341	0.66485013624	0.0	0.16348773842
séc-	0.582474226804	0.201030927835	0.216494845361	0.0
esa-	0.0	0.987096774194	0.0	0.0129032258064
sad-	0.0	0.989886219975	0.00758533501896	0.00252844500632
lic-	0.0647482014388	0.784172661871	0.151079136691	0.0
chà-	0.432352941176	0.250735294118	0.183928571429	0.132983193277
kàm-	0.0946372239748	0.905362776025	0.0	0.0
aug-	0.0414364640884	0.941988950276	0.0165745856353	0.0
mos-	0.0312296681848	0.900455432661	0.0527000650618	0.0156148340924
kok-	0.322016379105	0.573189154806	0.0465929871989	0.05820147889
sur-	0.0194707735576	0.451573211461	0.257176467407	0.271779547575
mis-	0.0196078431372	0.980392156863	0.0	0.0
fri-	0.0	0.947368421053	0.0526315789474	0.0
reg-	0.0444444444444	0.955555555556	0.0	0.0
rei-	0.0239043824701	0.97609561753	0.0	0.0
pla-	0.0520365494812	0.881833668887	0.0642713334366	0.00185844819575
mac-	0.00242358960549	0.980611283156	0.0153494008348	0.00161572640366
lam-	0.0356947394561	0.921775358213	0.00860724213835	0.0339226601923
yáy-	0.0392447241762	0.124028137727	0.0388744909293	0.797852647168
ika-	0.454088752442	0.499581356405	0.0429807423946	0.00334914875802
bet-	0.0143581081081	0.981418918919	0.0	0.00422297297297
jia-	0.690476190476	0.0357142857143	0.27380952381	0.0
tén-	0.0730411686587	0.780876494024	0.0	0.146082337317
pér-	0.0	1.0	0.0	0.0
sal-	0.0166703711936	0.978661924872	0.0	0.00466770393421
neá-	0.0	1.0	0.0	0.0
k'ú-	0.576395242452	0.28087831656	0.0768526989936	0.0658737419945
gab-	0.0	1.0	0.0	0.0
cam-	0.0790195263814	0.886705442459	0.0249272953885	0.00934773577066
sán-	0.178723404255	0.336170212766	0.485106382979	0.0
t'í-	0.321448249744	0.318553505631	0.138723419471	0.221274825153
yun-	0.0552995391705	0.847926267281	0.0552995391705	0.0414746543779
cua-	0.0231074091489	0.38543695842	0.114260764425	0.477194868006
jie-	0.162326023323	0.381426517114	0.103489038548	0.352758421015
ich-	0.149183577131	0.150345879167	0.00914620161485	0.691324342087
dám-	0.0	1.0	0.0	0.0
ren-	0.0	0.922680412371	0.0	0.0773195876289
lla-	0.0	1.0	0.0	0.0
pañ-	0.0526315789474	0.947368421053	0.0	0.0
tád-	0.021207177814	0.835599057459	0.127424324814	0.015769439913
hnk-	0.0	0.455184534271	0.474516695958	0.0702987697715
tab-	0.0157894736842	0.963157894737	0.0210526315789	0.0
naz-	0.00867052023121	0.973988439306	0.0122832369942	0.00505780346821
gal-	0.00169497271094	0.985197238324	0.0117518107958	0.00135597816875
ejé-	0.0378548895899	0.92429022082	0.0	0.0378548895899
sím-	0.438320209974	0.320209973753	0.241469816273	0.0
cui-	0.673003802281	0.167300380228	0.159695817491	0.0
nòa-	0.0458229947054	0.326074670726	0.556494813477	0.0716075210912
nue-	0.0289156626506	0.0180722891566	0.301204819277	0.651807228916
kay-	0.120921743098	0.484827743555	0.0889801505818	0.305270362765
noé-	0.0	1.0	0.0	0.0
nón-	0.830188679245	0.169811320755	0.0	0.0
xik-	0.480991490313	0.262069432895	0.0761585886301	0.180780488162
xre-	0.461150353179	0.175580221998	0.15438950555	0.208879919273
itj-	0.333108101772	0.34722546616	0.0397368464034	0.279929585665
k'ó-	0.458093201416	0.393622666871	0.0265950634808	0.121689068233
kju-	0.468500495438	0.330478181609	0.0493247233411	0.151696599612
jah-	0.0252392729116	0.0513407216362	0.00721914232658	0.916200863126
ntá-	0.230211399745	0.0251286739252	0.00159081505782	0.743069111272
tak-	0.519790547759	0.348408362476	0.0593327540917	0.072468335673
xíj-	0.183447105208	0.743439918078	0.0731129767134	0.0
toc-	0.37633443976	0.213091713764	0.0165963936485	0.393977452827
cax-	0.357142857143	0.178571428571	0.0178571428571	0.446428571429
sue-	0.117924528302	0.882075471698	0.0	0.0
are-	0.0	0.993839835729	0.00616016427103	0.0
kòn-	0.131274131274	0.416988416988	0.0810810810811	0.370656370656
one-	0.0	1.0	0.0	0.0
tjo-	0.402150578897	0.221103285303	0.0447609691506	0.331985166649
naí-	0.0384615384615	0.961538461538	0.0	0.0
exí-	0.518987341772	0.145569620253	0.145569620253	0.189873417722
gog-	0.0243902439024	0.926829268293	0.0487804878049	0.0
tes-	0.0672287552696	0.876414466386	0.0	0.0563567783448
sil-	0.0534778663492	0.908411470275	0.0313490940668	0.00676156930853
jas-	0.032632342277	0.945612762872	0.0217548948513	0.0
vie-	0.233009708738	0.650485436893	0.0582524271845	0.0582524271845
koí-	0.331410899365	0.138944611613	0.0671458820907	0.462498606932
nòé-	0.130735076468	0.297977306364	0.520966946226	0.0503206709423
xíc-	0.189217710806	0.759244391309	0.00441753410441	0.0471203637804
him-	0.225598855917	0.712191633894	0.0	0.0622095101895
kua-	0.53146344128	0.186932048083	0.0373246299413	0.244279880695
kóf-	0.162162162162	0.493243243243	0.263513513514	0.081081081081
egi-	0.00710647873978	0.926329503731	0.0630107781594	0.00355323936989
sau-	0.0765500519571	0.893199399607	0.00623484586075	0.0240157025748
ték-	0.590339468884	0.293582545661	0.0583706441144	0.0577073413403
esm-	0.0208333333333	0.822916666667	0.15625	0.0
pri-	0.0584905660377	0.935849056604	0.0	0.00566037735849
síx-	0.331748236053	0.534079591522	0.0905469286987	0.0436252437262
gue-	0.218106995885	0.732510288066	0.0246913580247	0.0246913580247
xìí-	0.0143540669857	0.985645933014	0.0	0.0
kót-	0.472770564067	0.237711399503	0.202175677984	0.0873423584462
k'á-	0.0466938263867	0.882795361955	0.038545910373	0.0319649012848
ela-	0.0	1.0	0.0	0.0
iyo-	0.212765957447	0.276595744681	0.340425531915	0.170212765957
són-	0.0160857908847	0.847184986595	0.120643431635	0.0160857908847
jna-	0.0410653650255	0.94853565365	0.00382003395585	0.00657894736842
nag-	0.0	1.0	0.0	0.0
leg-	0.0	0.886075949367	0.0	0.113924050633
arp-	0.0117302052786	0.988269794721	0.0	0.0
itu-	0.0	1.0	0.0	0.0
nán-	0.0293894198089	0.841062217602	0.0861739773682	0.0433743852213
des-	0.130306021718	0.212569924317	0.0335636722606	0.623560381704
fen-	0.0	0.967857142857	0.0214285714286	0.0107142857143
rui-	0.155227032735	0.787750791975	0.0190073917635	0.0380147835269
lóx-	0.4	0.375	0.225	0.0
que-	0.328220858896	0.131901840491	0.19018404908	0.349693251534
tir-	0.00645161290323	0.993548387097	0.0	0.0
man-	0.015518913676	0.928225024248	0.0407371483996	0.0155189136761
koy-	0.826086956522	0.0521739130435	0.0521739130435	0.0695652173913
men-	0.167832167832	0.601398601399	0.230769230769	0.0
rob-	0.0	1.0	0.0	0.0
ric-	0.0938286580743	0.0445185746778	0.841273692191	0.0203790750569
iko-	0.116191383732	0.73216772924	0.0215709564417	0.130069930586
fle-	0.144230769231	0.697115384616	0.144230769231	0.0144230769231
ceb-	0.0	0.986666666667	0.0	0.0133333333333
sol-	0.077767562598	0.878859985939	0.0147098588502	0.0286625926126
bib-	0.4375	0.354166666667	0.166666666667	0.0416666666667
dom-	0.0853658536585	0.560975609756	0.0853658536585	0.268292682927
yóh-	0.172642947836	0.135041693715	0.0273456891912	0.664969669258
iso-	0.100981427042	0.0854300700141	0.0776782782776	0.735910224667
kaó-	0.142857142857	0.339285714286	0.517857142857	0.0
com-	0.0182105135365	0.850795192424	0.11472623528	0.0162680587593
mag-	0.0582411931088	0.812548212908	0.109925430702	0.019285163281
job-	0.115942028986	0.768115942029	0.115942028986	0.0
kié-	0.48883979768	0.309033184853	0.0534047972573	0.14872222021
kór-	0.279589934762	0.516309412861	0.1761416589	0.0279589934763
aqu-	0.0503597122302	0.943165467626	0.0	0.00647482014388
dru-	0.0	1.0	0.0	0.0
gob-	0.0802040979033	0.883440963087	0.0207286932951	0.0156262457147
leb-	0.0	0.958333333333	0.0416666666667	0.0
tsi-	0.549836307376	0.270595520115	0.0447600799936	0.134808092516
teé-	0.175282234106	0.435234699941	0.352049910873	0.0374331550802
ofr-	0.153994225216	0.797882579403	0.0384985563041	0.00962463907603
ram-	0.0	1.0	0.0	0.0
nts-	0.0763681726963	0.390790258719	0.370342246569	0.162499322015
sáb-	0.101694915254	0.833220338983	0.0406779661017	0.024406779661
kox-	0.0322062098912	0.933172114476	0.034621675633	0.0
nén-	0.0878431372549	0.868235294118	0.0	0.0439215686275
las-	0.00711743772242	0.792947266257	0.0278227110968	0.172112584924
ìnc-	0.0203426815506	0.905107121904	0.00553157321566	0.0690186233297
áxr-	0.422535211268	0.480885311871	0.0301810865191	0.066398390342
eti-	0.0466472303206	0.766763848397	0.157434402332	0.0291545189504
nkí-	0.361937128292	0.505522514868	0.0407816482583	0.0917587085811
vin-	0.0331788241034	0.939009514516	0.0146377165162	0.0131739448646
esp-	0.00328272466147	0.995896594173	0.000820681165368	0.0
bes-	0.00507442489851	0.970568335589	0.0040595399188	0.020297699594
xíx-	0.455405405405	0.148648648649	0.262162162162	0.133783783784
tíq-	0.00790513833992	0.98418972332	0.00790513833994	0.0
xet-	0.650700934579	0.0987149532711	0.122663551402	0.127920560748
arf-	0.0	1.0	0.0	0.0
cle-	0.014598540146	0.970802919708	0.014598540146	0.0
cum-	0.0449438202247	0.820224719101	0.0	0.134831460674
yax-	0.546439628483	0.114551083591	0.320433436533	0.0185758513932
bar-	0.00658926890492	0.980232193285	0.00753059303421	0.00564794477565
sií-	0.132491088361	0.125266955721	0.040678779676	0.701563176242
zeb-	0.0	1.0	0.0	0.0
pis-	0.0306382978723	0.647659574468	0.27829787234	0.0434042553191
amó-	0.0	1.0	0.0	0.0
xra-	0.225279091614	0.433174067011	0.0828056303697	0.258741211006
his-	0.0	1.0	0.0	0.0
anf-	0.0740740740741	0.925925925926	0.0	0.0
apo-	0.0184785956267	0.97228210656	0.0	0.00923929781336
fan-	0.0	1.0	0.0	0.0
tjà-	0.303614691346	0.448880705495	0.0631844170947	0.184320186065
río-	0.534482758621	0.362068965517	0.0344827586207	0.0689655172414
quí-	0.0	0.933481152993	0.0665188470067	0.0
heb-	0.0110341445473	0.967817078404	0.021148777049	0.0
nín-	0.364243264478	0.406952273912	0.0486751509588	0.180129310651
caj-	0.081447963801	0.823529411765	0.0678733031674	0.0271493212669
fir-	0.578947368421	0.27485380117	0.111111111111	0.0350877192982
ch'-	0.11762286045	0.0567389012101	0.00524109055465	0.820397147786
neh-	0.262922321686	0.228125902397	0.04909038406	0.459861391857
ája-	0.265671641791	0.211940298507	0.370149253731	0.15223880597
rub-	0.0	1.0	0.0	0.0
bau-	0.0270613107822	0.959408033827	0.00507399577167	0.00845665961945
xro-	0.265852355557	0.648479626873	0.0410856595205	0.0445823580499
fes-	0.00421348314607	0.977528089888	0.00280898876405	0.0154494382022
níx-	0.0584708755829	0.102583080453	0.766042483902	0.0729035600622
lep-	0.138686131387	0.715328467153	0.14598540146	0.0
reb-	0.178571428571	0.670634920635	0.150793650794	0.0
kot-	0.1053001053	0.745794745795	0.120825120825	0.02808002808
dav-	0.00891835498418	0.973278589217	0.00235579188262	0.015447263916
pát-	0.145833333333	0.635416666667	0.0	0.21875
jop-	0.010889292196	0.979310344828	0.0010889292196	0.00871143375679
káx-	0.564341085271	0.412403100775	0.0	0.0232558139535
tan-	0.119142949897	0.659578689175	0.161833134942	0.0594452259856
ya̱-	0.0225292817556	0.839077961272	0.0210076962775	0.117385060695
réy-	0.311239193084	0.28530259366	0.299711815562	0.103746397695
ley-	0.0113525035084	0.968153414356	0.00698361002992	0.0135104721053
cas-	0.136363636364	0.829545454545	0.0	0.0340909090909
ema-	0.0193236714976	0.942028985507	0.0193236714976	0.0193236714976
ihn-	0.068260546186	0.819376302237	0.0306420087087	0.0817211428687
abo-	0.0	0.931034482759	0.0344827586207	0.0344827586207
hno-	0.100185528757	0.877551020408	0.0	0.0222634508349
epa-	0.114864864865	0.858108108108	0.0135135135135	0.0135135135135
ama-	0.0	0.931034482759	0.0689655172413	0.0
tji-	0.401629254396	0.187267318979	0.0685770709361	0.342526355688
móh-	0.222222222222	0.201388888889	0.125	0.451388888889
caí-	0.0	0.986455981941	0.0135440180587	0.0
pac-	0.0054963929921	0.984197870148	0.00412229474407	0.00618344211611
coc-	0.104887142788	0.884462778098	0.00774551208286	0.00290456703106
tox-	0.0629370629371	0.664335664336	0.272727272727	0.0
ijn-	0.0272311481346	0.0615368022255	0.0112769331666	0.899955116473
sák-	0.712774837531	0.0947942302821	0.0192407881659	0.173190144021
bel-	0.0104239054899	0.985406532314	0.0	0.00416956219598
boa-	0.0294117647059	0.941176470588	0.0294117647059	0.0
naá-	0.234375	0.128125	0.084375	0.553125
jef-	0.160401002506	0.769423558897	0.0	0.0701754385965
t'è-	0.599109714585	0.291699397748	0.0298507462687	0.0793401413982
kùe-	0.50243902439	0.380487804878	0.0	0.117073170732
pru-	0.707882534776	0.259659969088	0.0185471406491	0.0139103554868
sít-	0.26424117478	0.611948244386	0.0839030822949	0.0399074985393
lid-	0.00711743772241	0.992882562278	0.0	0.0
dia-	0.0433025404157	0.932448036952	0.0207852193995	0.00346420323326
zet-	0.0324382771671	0.954586411966	0.0	0.0129753108668
luc-	0.0162601626016	0.975609756098	0.0	0.00813008130081
ven-	0.0168381665108	0.677268475211	0.154349859682	0.151543498597
pol-	0.0445186421814	0.935818957522	0.00779076238175	0.0118716379151
cué-	0.094169929108	0.777166437414	0.085493598561	0.0431700349169
tué-	0.172970918076	0.087435848698	0.0275993157194	0.711993917506
iké-	0.124235621952	0.804873958253	0.041089351601	0.0298010681941
sar-	0.0137572607765	0.967899724855	0.0183430143687	0.0
lao-	0.0	1.0	0.0	0.0
bee-	0.0414364640884	0.958563535912	0.0	0.0
ret-	0.16621253406	0.735694822888	0.032697547684	0.0653950953678
xìi-	0.00502455178714	0.961402306726	0.0102774922919	0.023295649195
kah-	0.119619171617	0.829115469119	0.0512653592644	0.0
teu-	0.314285714286	0.685714285714	0.0	0.0
noe-	0.545951995559	0.117599080314	0.17527610235	0.161172821777
put-	0.0377358490566	0.962264150943	0.0	0.0
tin-	0.243058131436	0.446604000126	0.039113676198	0.271224192241
tok-	0.285714285714	0.45670995671	0.244588744589	0.012987012987
art-	0.131147540984	0.83606557377	0.0	0.0327868852459
sát-	0.600446189539	0.192847282366	0.0311734904549	0.175533037641
sir-	0.0367132867133	0.902097902098	0.0506993006993	0.0104895104895
bal-	0.103359173127	0.867109634551	0.0221483942414	0.00738279808049
nto-	0.11946332403	0.588274336902	0.135095105494	0.157167233573
efa-	0.0188679245283	0.981132075472	0.0	0.0
xám-	0.503420102603	0.169390081702	0.297263917917	0.0299258977769
net-	0.628571428572	0.214285714286	0.0428571428571	0.114285714286
pub-	0.0439560439561	0.923076923077	0.021978021978	0.010989010989
hya-	0.794117647059	0.191176470588	0.0147058823529	0.0
top-	0.0	0.900452488688	0.0995475113122	0.0
noa-	0.435332318908	0.500516718674	0.0139188148762	0.0502321475421
ts'-	0.481542633709	0.266264426286	0.0559138476944	0.19627909231
isc-	0.0	1.0	0.0	0.0
iní-	0.0327358213341	0.0366735233617	0.025036732295	0.905553923009
asó-	0.0288461538462	0.932692307692	0.0	0.0384615384615
mue-	0.236389684814	0.60888252149	0.141833810888	0.012893982808
dam-	0.0175588865096	0.979871520343	0.0	0.00256959314775
amp-	0.0	1.0	0.0	0.0
set-	0.0	0.238769230769	0.0196923076923	0.741538461539
nku-	0.149611251623	0.136657433056	0.0822995704364	0.631431744885
ele-	0.0101522842639	0.862944162437	0.126903553299	0.0
kuà-	0.535980148883	0.223325062035	0.186104218362	0.0545905707196
cés-	0.0312012480499	0.96879875195	0.0	0.0
est-	0.0779650164762	0.550165313433	0.00999056140331	0.361879108687
kuè-	0.0519125314059	0.0493182553792	0.0348863368694	0.863882876346
eun-	0.0395256916996	0.889328063241	0.0632411067194	0.00790513833991
abi-	0.0	0.988876529477	0.0	0.0111234705228
rom-	0.0390167364017	0.686924686193	0.237866108787	0.0361924686193
lot-	0.0727013542409	0.851746258019	0.0669992872416	0.00855310049893
era-	0.0	1.0	0.0	0.0
sus-	0.0	1.0	0.0	0.0
koc-	0.0947590645139	0.87881153654	0.00612388512164	0.0203055138244
jes-	0.0123478746735	0.801814707912	0.00371620688615	0.182121210528
bro-	0.0218181818182	0.978181818182	0.0	0.0
bla-	0.29702970297	0.495049504951	0.016501650165	0.191419141914
inj-	0.00762066045724	0.0838272650296	0.402624894157	0.505927180356
yat-	0.00407090153507	0.0134000508863	0.00127215672971	0.981256890849
xít-	0.466360856269	0.365443425076	0.0733944954128	0.0948012232416
ir'-	0.0488220757543	0.843179560698	0.0284413166139	0.0795570469338
cin-	0.0838275547445	0.211051551095	0.120323905109	0.584796989051
get-	0.0	1.0	0.0	0.0
sam-	0.0321682963568	0.925706553652	0.0160841481784	0.0260410018126
chè-	0.529411764706	0.0588235294117	0.117647058824	0.294117647059
jua-	0.040231650068	0.93625235818	0.0111876453297	0.0123283464221
dío-	0.0181818181818	0.818181818182	0.145454545455	0.0181818181818
lit-	0.0746268656717	0.776119402985	0.0696517412935	0.0796019900497
isl-	0.0438667749797	0.89520714866	0.0243704305443	0.0365556458164
ta̱-	0.298570672313	0.579671784013	0.103758602435	0.0179989412387
sáo-	0.238805970149	0.761194029851	0.0	0.0
inc-	0.372827898119	0.577184003809	0.0	0.0499880980719
rut-	0.0	1.0	0.0	0.0
kjó-	0.245241655774	0.0968894140773	0.0216293017179	0.636239628431
ima-	0.196428571429	0.303571428571	0.107142857143	0.392857142857
ruf-	0.0	0.980769230769	0.0192307692308	0.0
lib-	0.00979965156794	0.982360627178	0.0065331010453	0.00130662020906
mir-	0.0463678516229	0.888717156105	0.064914992272	0.0
lad-	0.368181818182	0.275757575758	0.080303030303	0.275757575758
