-cab	0.0918342381001	0.0669315823654	0.0616136093258	0.779620570209
-cad	0.0	1.0	0.0	0.0
-cak	0.0200545414597	0.372126987683	0.568915676146	0.0389027947113
-caj	0.283367064572	0.370789980325	0.181768221474	0.164074733629
-cai	0.0	1.0	0.0	0.0
-cao	0.0857142857144	0.851948051948	0.0623376623375	0.0
-can	0.288259759902	0.377233197845	0.0606153700728	0.273891672181
-cam	0.389319419088	0.534260704574	0.0243793470527	0.0520405292856
-cal	0.268539325843	0.677528089888	0.0134831460674	0.0404494382022
-cas	0.157390796869	0.611690623109	0.0793654848118	0.15155309521
-iva	0.142857142857	0.571428571429	0.285714285714	0.0
-rba	0.0	0.974358974359	0.025641025641	0.0
-eun	0.0	1.0	0.0	0.0
-caw	0.0	1.0	0.0	0.0
-ive	0.06064652786	0.909649050331	0.0148522109045	0.0148522109045
-rbe	0.0321100917431	0.967889908257	0.0	0.0
-cat	0.0201342281879	0.644295302013	0.255033557047	0.0805369127517
-caz	0.00406779661016	0.99593220339	0.0	0.0
-cay	0.0	1.0	0.0	0.0
-cax	0.121200964397	0.860125675219	0.013429471509	0.00524388887495
-ivo	0.0177260881976	0.940698177666	0.0377082239841	0.00386751015221
-fca	0.0	1.0	0.0	0.0
-rpá	0.666666666667	0.0	0.333333333333	0.0
-zeo	0.0	0.992907801418	0.0	0.00709219858157
-ecú	0.0	1.0	0.0	0.0
-ufa	0.0	1.0	0.0	0.0
-'i'	0.0234755290009	0.942546731656	0.021622197764	0.0123555415794
-ufo	0.0	0.962264150943	0.0377358490566	0.0
-aum	0.0115696104898	0.978403393752	0.000771307365987	0.00925568839184
-xb'	0.36170212766	0.478723404255	0.127659574468	0.031914893617
-eur	0.0	1.0	0.0	0.0
-lta	0.153981225096	0.74336462484	0.0945498750591	0.00810427500506
-kor	0.0	1.0	0.0	0.0
-bac	0.0	1.0	0.0	0.0
-'ix	0.587096774193	0.354838709677	0.058064516129	0.0
-'it	0.166778749159	0.203093476799	0.605917955615	0.0242098184264
-'is	0.241779497099	0.601547388781	0.104448742747	0.0522243713733
-'ir	0.380451465921	0.449529532318	0.0592078951819	0.110811106579
-'iq	1.0	0.0	0.0	0.0
-o̱p	0.180071066319	0.705056012064	0.0605411343658	0.0543317872514
-o̱n	0.331731205526	0.515731677647	0.114344379348	0.0381927374784
-'im	0.669501599452	0.187050194145	0.0561793073882	0.0872688990147
-'il	0.261405794159	0.531333633152	0.117152501274	0.0901080714146
-'ik	0.492245773479	0.281474564004	0.114030656386	0.112249006131
-'ij	0.498583569405	0.316507854751	0.147823847541	0.0370847283029
-'ih	0.143569516056	0.242466562502	0.106233582537	0.507730338904
-'ic	0.358050520778	0.271804046636	0.110052270237	0.260093162348
-o̱b	0.17613349442	0.0685159471312	0.0939820041136	0.661368554335
-hén	0.0	1.0	0.0	0.0
-úba	0.0	1.0	0.0	0.0
-ho'	0.0	1.0	0.0	0.0
-ido	0.05	0.916666666667	0.0	0.0333333333333
-ech	0.187636354943	0.287564517657	0.112791279073	0.412007848326
-rpo	0.0	1.0	0.0	0.0
-rpa	0.0730300493069	0.913480323751	0.00976835054424	0.0037212763978
-eca	0.0450076166736	0.682869408669	0.0457000415455	0.226422933112
-ida	0.0139494333043	0.978204010462	0.00784655623365	0.0
-tla	0.0	1.0	0.0	0.0
-uta	0.0	1.0	0.0	0.0
-utz	0.438563327032	0.425330812854	0.136105860113	0.0
-ec'	0.404308916142	0.448326151806	0.124693404044	0.022671528008
-lut	0.0	1.0	0.0	0.0
-ui̱	0.357458075905	0.609443954104	0.0330979699912	0.0
-z'e	0.607142857143	0.142857142857	0.178571428571	0.0714285714286
-fos	0.0363636363636	0.963636363636	0.0	0.0
-dán	0.0106737825217	0.959083833667	0.0280186791194	0.00222370469202
-ije	0.671641791045	0.328358208955	0.0	0.0
-nub	0.0	1.0	0.0	0.0
-ijn	0.275696733593	0.669163919688	0.0551393467186	0.0
-ijo	0.0	1.0	0.0	0.0
-rán	0.00523560209424	0.989528795812	0.00523560209424	0.0
-o̱'	0.153566421311	0.127672625307	0.270767613039	0.447993340344
-aús	0.0545454545455	0.872727272727	0.0727272727273	0.0
-aúl	0.0251677852349	0.969798657718	0.00251677852349	0.00251677852349
-cán	0.1	0.84	0.06	0.0
-yas	0.0437719966246	0.910943256427	0.00887068557433	0.0364140613744
-yón	0.0617283950617	0.41975308642	0.0493827160494	0.469135802469
-yax	0.0804971049286	0.904674481006	0.0148284140658	0.0
-lpa	0.00952380952381	0.990476190476	0.0	0.0
-yam	0.524647337463	0.277809588257	0.142626620166	0.0549164541149
-yal	0.0681818181818	0.818181818182	0.0795454545454	0.0340909090909
-yan	0.131707317073	0.785365853659	0.0390243902439	0.0439024390244
-yak	0.324593625434	0.598122178034	0.0318797310694	0.0454044654625
-yaj	0.555555555556	0.0	0.222222222222	0.222222222222
-mah	0.0429082240763	0.824791418355	0.0858164481526	0.0464839094159
-ya'	0.137931034483	0.51724137931	0.0344827586207	0.310344827586
-fod	0.0670391061452	0.932960893855	0.0	0.0
-666	0.0	0.0	0.0	1.0
-ui'	0.0	0.697754749568	0.302245250432	0.0
-ade	0.0	1.0	0.0	0.0
-lab	0.0	1.0	0.0	0.0
-ada	0.0393671817513	0.933406916851	0.0132450331126	0.0139808682855
-qué	0.0	1.0	0.0	0.0
-ado	0.0404979812682	0.917009974427	0.0249771813405	0.0175148629647
-lac	0.180465164331	0.125162922945	0.0278044623367	0.666567450388
-adi	0.0	0.943573667712	0.0564263322884	0.0
-lam	0.353916545029	0.486283362921	0.0761186690744	0.0836814229756
-lan	0.103901135605	0.848537074148	0.0201068804275	0.0274549098196
-seo	0.00962287494845	0.959961966732	0.00166109150896	0.0287540668103
-sen	0.0	1.0	0.0	0.0
-sem	0.0776932477356	0.879695783823	0.0266754048159	0.015935563626
-sel	0.0	1.0	0.0	0.0
-ohp	0.0945945945946	0.905405405405	0.0	0.0
-sej	0.479156309038	0.416935965	0.0590384806603	0.0448692453018
-ohr	0.0882352941176	0.582507739938	0.00232198142415	0.32693498452
-sef	0.0	1.0	0.0	0.0
-uis	0.0650406504064	0.875338753388	0.0596205962059	0.0
-sed	0.0	0.888888888889	0.111111111111	0.0
-lba	0.0	1.0	0.0	0.0
-uit	0.0	1.0	0.0	0.0
-sea	0.0	1.0	0.0	0.0
-uih	0.0746449217874	0.18140019482	0.614750934769	0.129203948624
-uij	0.669005847953	0.185964912281	0.0350877192982	0.109941520468
-uim	0.61415184722	0.312787043241	0.0298590602605	0.0432020492783
-oha	0.0	1.0	0.0	0.0
-uin	0.212819175482	0.708167517415	0.0376730114035	0.0413402956995
-ohl	0.145242172211	0.758745107632	0.075831702544	0.0201810176125
-ohm	0.190476190476	0.619047619048	0.190476190476	0.0
-uic	0.5234282263	0.203959448318	0.0707005747766	0.201911750605
-lak	0.109321563175	0.179211201505	0.0637574240036	0.647709811317
-ses	0.037599506483	0.932511047689	0.00452424759886	0.0253651982292
-ser	0.00560154353643	0.983195369391	0.0112030870729	0.0
-ohk	0.904761904762	0.0190476190476	0.0	0.0761904761905
-lat	0.0599078341014	0.926267281106	0.0	0.0138248847926
-blo	0.0394803421304	0.893581091379	0.00570014204632	0.0612384244442
-o̱x	0.0455827588062	0.443024913228	0.395439746628	0.115952581338
-bla	0.0	1.0	0.0	0.0
-'xa	0.396825396825	0.333333333333	0.0	0.269841269841
-law	0.0320286826575	0.944211547419	0.0115380177685	0.0122217521548
-rdá	0.0	1.0	0.0	0.0
-mta	0.0	1.0	0.0	0.0
-laq	0.204348644578	0.393731174699	0.36031626506	0.0416039156626
-uum	0.0971387188869	0.0474526769851	0.0103850988055	0.845023505322
-uul	0.135795454545	0.594318181818	0.239204545455	0.0306818181818
-uun	0.046435782547	0.815421419167	0.0231222021967	0.115020596089
-uuh	0.658971668416	0.263378803777	0.0713536201469	0.00629590766002
-uuk	0.278810408922	0.345724907063	0.100371747212	0.275092936803
-uuj	0.300213809688	0.424939709395	0.0414076517061	0.233438829211
-las	0.0635414031156	0.918988927844	0.00662642618763	0.0108432428525
-o̱r	0.0166346769034	0.930902111324	0.0524632117723	0.0
-wyo	0.12	0.88	0.0	0.0
-uuy	0.345305390873	0.609885564594	0.0160278505446	0.0287811939887
-uux	0.185527747552	0.751360174102	0.0614798694232	0.00163220892274
-lhi	0.0	1.0	0.0	0.0
-uut	0.0718755463385	0.66075766984	0.0515442164978	0.215822567324
-fón	0.0	1.0	0.0	0.0
-uuq	0.0578321216127	0.310641110377	0.589557171183	0.0419695968275
-uup	0.334494773519	0.540069686411	0.104529616725	0.020905923345
-uus	0.501779926254	0.47026686948	0.00549507434278	0.0224581299227
-uur	0.251308900524	0.65445026178	0.0314136125654	0.0628272251309
-zol	0.0386597938144	0.953608247423	0.00773195876289	0.0
-zom	0.571428571429	0.428571428571	0.0	0.0
-que	0.00829875518672	0.983402489627	0.00829875518672	0.0
-'in	0.0	1.0	0.0	0.0
-qui	0.026835911102	0.0810376128222	0.00132038196215	0.890806094114
-úal	0.0	1.0	0.0	0.0
-quj	1.0	0.0	0.0	0.0
-qum	0.0551441256677	0.768794933628	0.167190281941	0.00887065876361
-o̱m	0.112709982052	0.346619343827	0.271094167221	0.269576506901
-naz	0.021052631579	0.978947368421	0.0	0.0
-o̱l	0.271502973289	0.544834538183	0.0735696042558	0.110092884272
-ihk	0.0856505695449	0.825274468791	0.0718510846372	0.0172238770265
-zot	0.0	1.0	0.0	0.0
-o̱k	0.125275646135	0.49028485428	0.079614564792	0.304824934793
-zor	0.0284360189574	0.962085308057	0.0	0.00947867298578
-o̱j	0.433264809955	0.307646305734	0.0570767297323	0.202012154578
-bod	0.0	1.0	0.0	0.0
-xoq	0.0243145192834	0.530525567811	0.039544707815	0.40561520509
-xow	0.571129707113	0.294142259414	0.0845188284518	0.0502092050209
-rax	0.10557624194	0.724956861321	0.140518572337	0.0289483244029
-raw	0.0	1.0	0.0	0.0
-rat	0.0	1.0	0.0	0.0
-rar	0.354260089686	0.608071748879	0.0	0.037668161435
-ras	0.0613572559859	0.811215138538	0.0439733248153	0.0834542806608
-ran	0.0209916453251	0.934086233679	0.0245602250304	0.0203618959654
-eri	0.0	1.0	0.0	0.0
-ral	0.292971950728	0.47317391382	0.0213833824238	0.212470753028
-ram	0.638089172587	0.286795305968	0.0158119550908	0.0593035663549
-raj	0.378283555869	0.194714632524	0.0362294841686	0.390772327438
-rak	0.540263827973	0.184500264358	0.0651695011255	0.210066406543
-iwe	0.197273885971	0.791766453698	0.0	0.0109596603317
-ero	0.0198183319571	0.980181668043	0.0	0.0
-xoj	0.148240144253	0.257159602194	0.012715858875	0.581884394677
-era	0.0528497409326	0.922279792746	0.0217616580311	0.00310880829016
-rad	0.0	1.0	0.0	0.0
-ihm	0.387556707712	0.536616979909	0.0758263123785	0.0
-rab	0.221601489758	0.71322160149	0.0372439478585	0.0279329608938
-rac	0.0	1.0	0.0	0.0
-xol	0.242603550296	0.301775147929	0.402366863905	0.0532544378698
-swe	0.0355731225296	0.909090909091	0.0	0.0553359683794
-oza	0.0	1.0	0.0	0.0
-oze	0.0	1.0	0.0	0.0
-o̱c	0.332627126703	0.535577219321	0.106691719886	0.0251039340908
-azo	0.0	1.0	0.0	0.0
-aza	0.00860832137734	0.974175035868	0.0	0.0172166427547
-noq	0.19190494181	0.0419505890486	0.00882345584947	0.757321013292
-nor	0.0	1.0	0.0	0.0
-nos	0.0	1.0	0.0	0.0
-not	0.0	0.666666666667	0.333333333333	0.0
-iki	0.41700320861	0.140924784797	0.015057128399	0.427014878194
-noj	0.335794022326	0.349117752971	0.103303925099	0.211784299604
-nok	0.254653804557	0.068336284784	0.019453399537	0.657556511122
-nol	0.166859226554	0.603245281658	0.0845333123103	0.145362179477
-eón	0.043507817811	0.93303874915	0.00611828687967	0.0173351461591
-non	0.0	1.0	0.0	0.0
-noa	0.013698630137	0.986301369863	0.0	0.0
-nob	0.0	1.0	0.0	0.0
-noc	0.00833472245375	0.986664444074	0.0	0.00500083347224
-nod	0.0	1.0	0.0	0.0
-bot	0.0	1.0	0.0	0.0
-e̱c	0.455445544554	0.049504950495	0.468316831683	0.0267326732673
-e̱b	0.404505400338	0.173077117018	0.0607036066653	0.361713875978
-e̱h	0.18871466173	0.505584581679	0.139265860016	0.166434896575
--ik	0.857142857143	0.142857142857	0.0	0.0
-e̱j	0.0	0.7890625	0.2109375	0.0
-e̱m	0.459183673469	0.0244897959183	0.510204081633	0.00612244897959
-e̱l	0.123591960472	0.684724377177	0.117421470184	0.0742621921667
-e̱n	0.120171490558	0.759550584664	0.0189646427259	0.101313282052
-pya	0.0	1.0	0.0	0.0
-e̱s	0.0522527251438	0.845729369278	0.0280012395951	0.0740166659832
-e̱r	0.0	1.0	0.0	0.0
-e̱t	0.149917588559	0.167927197879	0.352724292365	0.329430921197
-e̱w	0.0761394181505	0.873665295454	0.0141081426259	0.0360871437694
-e̱y	0.21802662037	0.64453125	0.0303819444444	0.107060185185
-e̱x	0.170497955962	0.42406595978	0.340995911925	0.0644401723323
-pyo	0.0	0.882352941176	0.0	0.117647058824
-ik'	0.274498066477	0.214316392	0.115263122193	0.39592241933
-gla	0.0	1.0	0.0	0.0
-tob	0.0819667594557	0.554655198222	0.340379097678	0.0229989446448
-toa	0.0	1.0	0.0	0.0
-gli	0.0	1.0	0.0	0.0
-tol	0.175566401982	0.688934217236	0.103445763823	0.0320536169593
-tom	0.544164037855	0.32334384858	0.123028391167	0.00946372239748
-toj	0.258765590836	0.557981271757	0.126353338308	0.0568997990994
-tok	0.200820252658	0.180921700929	0.0243022140332	0.59395583238
-toh	0.0	1.0	0.0	0.0
-toi	0.0	1.0	0.0	0.0
-tow	0.452762678633	0.363187452003	0.0849460935523	0.0991037758109
-tot	0.0	1.0	0.0	0.0
-qan	0.00595148125756	0.95933154474	0.0198382708585	0.0148787031439
-tor	0.0427631578947	0.907894736842	0.0394736842105	0.00986842105263
-rid	0.0	1.0	0.0	0.0
-toq	0.166086477843	0.0802606799016	0.0138508149055	0.73980202735
-no'	0.0497336160469	0.138146159033	0.0154383423736	0.796681882546
-rot	0.004329004329	0.982683982684	0.0	0.012987012987
-dom	0.0182157870154	0.97337692667	0.0	0.00840728631481
-roq	0.537091231409	0.302156220283	0.0741344125894	0.0866181357186
-e̱'	0.143725221046	0.339889503911	0.177402462173	0.338982812871
-ros	0.0	0.971014492754	0.0289855072464	0.0
-tis	0.0	1.0	0.0	0.0
-roz	0.0	0.833333333333	0.0	0.166666666667
-rod	0.0	1.0	0.0	0.0
-roe	0.0	1.0	0.0	0.0
-roa	0.0	1.0	0.0	0.0
-rob	0.0	1.0	0.0	0.0
-roc	0.00901984365602	0.978953698136	0.0120264582081	0.0
-rol	0.0909937548674	0.835058044506	0.0213052556563	0.0526429449707
-rom	0.422447378846	0.151640316159	0.020262529229	0.405649775765
-ron	0.00870259816699	0.968784158749	0.0203691246952	0.00214411838896
-roj	0.333333333333	0.210526315789	0.0350877192982	0.421052631579
-rok	0.327315127845	0.335607787349	0.059376470522	0.277700614284
-vsa	0.0	1.0	0.0	0.0
-noé	0.00318133616119	0.995227995758	0.0	0.00159066808059
-la'	0.0429092674963	0.0175782024994	0.0113586301622	0.928153899842
-hki	0.308578745198	0.391805377721	0.02304737516	0.276568501921
-eán	0.0	0.35	0.65	0.0
-’ap	0.333333333333	0.5	0.166666666667	0.0
-276	0.0	0.355555555556	0.0	0.644444444444
-hk'	0.320312120574	0.534959770766	0.0464619319745	0.0982661766848
-uir	0.0	1.0	0.0	0.0
-uén	0.0	1.0	0.0	0.0
-leh	0.277571251549	0.312019826518	0.278810408922	0.131598513011
-lej	0.454943677577	0.383737292204	0.0869717740764	0.0743472561423
-lel	0.208800507722	0.651576052465	0.107044637191	0.0325788026232
-lem	0.514655068593	0.330755738332	0.0745488102075	0.0800403828678
-len	0.0806923867973	0.867612234131	0.00815460007625	0.0435407789956
-i̱t	0.201567430659	0.537121862759	0.13302098677	0.128289719812
-lea	0.00616399704824	0.970308633937	0.0135434301341	0.00998393888093
-leb	0.140823354063	0.758852855014	0.0390604923678	0.0612632985558
-lec	0.0289977954892	0.92725114465	0.038663727319	0.00508733254198
-led	0.0	1.0	0.0	0.0
-muh	0.229723474653	0.737360923008	0.0267439269	0.00617167543845
-lef	0.0	0.9375	0.0625000000001	0.0
-leg	0.0	1.0	0.0	0.0
-lex	0.460502207409	0.433228052419	0.0622960545832	0.0439736855882
-mut	0.0	1.0	0.0	0.0
-fsa	0.0	1.0	0.0	0.0
-mus	0.0310880829015	0.968911917098	0.0	0.0
-ola	0.171428571429	0.755714285714	0.0728571428572	0.0
-esá	0.0	1.0	0.0	0.0
-les	0.0136054421769	0.986394557823	0.0	0.0
-let	0.0314960629921	0.952755905512	0.0	0.0157480314961
-mux	0.651162790698	0.215644820296	0.0634249471459	0.0697674418604
-muz	0.0	1.0	0.0	0.0
-pe'	0.543467100548	0.088676067057	0.0202069572947	0.347649875101
-ue̱	0.0	0.965957446809	0.0340425531915	0.0
-udá	0.00428348909658	0.993769470405	0.00116822429907	0.000778816199376
-120	0.037037037037	0.0	0.0	0.962962962963
-lah	0.316463059918	0.683536940082	0.0	0.0
-hmi	0.0	1.0	0.0	0.0
-pee	0.235239852398	0.191127138544	0.0674270379067	0.506205971151
-pel	0.109355432781	0.874806629834	0.0114180478821	0.00441988950277
-pem	0.158653846154	0.759615384615	0.0528846153846	0.0288461538462
-pen	0.6	0.3	0.1	0.0
-peh	0.0131030375223	0.984514592019	0.0011911852293	0.0011911852293
-pej	0.772104607721	0.179078455791	0.0338729763387	0.0149439601495
-pew	0.503182566019	0.207106259607	0.264297913465	0.0254132609101
-ogo	0.0	1.0	0.0	0.0
-pes	0.28337236534	0.604215456674	0.0843091334895	0.0281030444965
-oga	0.0	1.0	0.0	0.0
-mmi	0.0	1.0	0.0	0.0
-lso	0.0	0.903225806451	0.0967741935485	0.0
-ccc	0.0	0.0769230769232	0.0	0.923076923077
-jaa	0.201585503964	0.465458663647	0.258210645527	0.0747451868629
-ter	0.013986013986	0.962703962704	0.018648018648	0.004662004662
-ito	0.0554097956941	0.826240563759	0.103573695028	0.0147759455184
-tes	0.0025602730958	0.993599317261	0.00384040964369	0.0
-eso	0.0151623260792	0.966107741705	0.00321084552266	0.0155190866928
-iti	0.0	0.846153846154	0.153846153846	0.0
-tet	0.0	1.0	0.0	0.0
-esa	0.0	1.0	0.0	0.0
-ite	0.0572085274175	0.798920198774	0.131612303647	0.0122589701609
-xna	0.304553627124	0.551792463215	0.080358125711	0.0632957839504
-ita	0.07866396899	0.716150949334	0.0484384045505	0.156746677126
-spa	0.0	1.0	0.0	0.0
-jam	0.539656412465	0.270230387591	0.107882827854	0.0822303720898
-spe	0.037541060535	0.922571562647	0.0398873768184	0.0
-fad	0.0	1.0	0.0	0.0
-mma	0.0	1.0	0.0	0.0
-fai	0.0	1.0	0.0	0.0
-fan	0.0435684647303	0.95643153527	0.0	0.0
-fal	0.0	1.0	0.0	0.0
-spo	0.0	1.0	0.0	0.0
-far	0.0974729241876	0.815884476535	0.0649819494583	0.0216606498195
-fas	0.0170297029703	0.947722772277	0.0245544554455	0.0106930693069
-uda	0.0	1.0	0.0	0.0
-fat	0.00480769230769	0.991987179487	0.0	0.00320512820513
-faz	0.0632911392406	0.930379746835	0.0	0.00632911392406
-udi	0.0	1.0	0.0	0.0
-set	0.00944881889765	0.950393700787	0.0188976377953	0.0212598425197
-a'p	0.126849894292	0.69978858351	0.173361522199	0.0
-it'	0.276315789474	0.654605263158	0.0197368421053	0.0493421052632
-oco	0.0	1.0	0.0	0.0
-tea	0.016415868673	0.983584131327	0.0	0.0
-ael	0.00728495153561	0.98038383819	0.00513556268164	0.00719564759304
-aen	0.0	1.0	0.0	0.0
-tee	0.425776560228	0.119729453232	0.0578377365003	0.396656250039
-tni	0.0	1.0	0.0	0.0
-gre	0.0	1.0	0.0	0.0
-eas	0.075327510917	0.898471615721	0.00655021834061	0.0196506550218
-eat	0.0	1.0	0.0	0.0
-cma	0.0	1.0	0.0	0.0
-̱xa	0.303521995798	0.669962979021	0.00350198445786	0.0230130407231
-eab	0.0	1.0	0.0	0.0
-ten	0.522159159522	0.390049510929	0.0388841927304	0.0489071368192
-rna	0.00670640834575	0.979880774963	0.0134128166915	0.0
-eah	0.0	1.0	0.0	0.0
-eam	0.0485714285715	0.917142857143	0.0171428571429	0.0171428571429
-eal	0.0	1.0	0.0	0.0
-uri	0.0	1.0	0.0	0.0
-ihá	0.0	1.0	0.0	0.0
-ura	0.0353550017934	0.964644998207	0.0	0.0
-hún	0.0	1.0	0.0	0.0
-zni	0.0	1.0	0.0	0.0
-tná	0.0	1.0	0.0	0.0
-zín	0.0	0.955096714768	0.0449032852319	0.0
-zía	0.0	1.0	0.0	0.0
-izá	0.0	1.0	0.0	0.0
-̱na	0.0294326241135	0.879078014184	0.0244680851064	0.0670212765957
-iha	0.0	1.0	0.0	0.0
-̱ne	0.0409332787556	0.932050757266	0.014735980352	0.0122799836267
-̱ni	0.0323974082073	0.902807775378	0.0	0.0647948164147
-ihl	0.213714285714	0.786285714286	0.0	0.0
-̱no	0.0942275042444	0.84974533107	0.0365025466893	0.0195246179966
-ihs	0.472560205988	0.497904781138	0.0295350128742	0.0
-ihq	0.247974930527	0.644533790575	0.0798202566074	0.0276710222905
-iht	0.122254766681	0.609472625103	0.203862168481	0.0644104397348
-ihy	0.143468221221	0.780356083835	0.0638730110661	0.0123026838778
-ahí	0.0	1.0	0.0	0.0
-lón	0.012912482066	0.982783357245	0.00430416068867	0.0
-000	0.0851967414628	0.142487621341	0.00404456199899	0.768271075197
-vía	0.0	1.0	0.0	0.0
-qik	0.311540538689	0.475959064696	0.18580872712	0.0266916694951
-ría	0.00709957330848	0.691383699667	0.00666929613827	0.294847430887
-rín	0.111111111111	0.777777777778	0.111111111111	0.0
-gía	0.0	1.0	0.0	0.0
-qij	0.266666666667	0.266666666667	0.0666666666666	0.4
-yu'	0.203925630078	0.125759018526	0.0324671461636	0.637848205232
-ajo	0.162467361467	0.710995558928	0.0468655850387	0.0796714945658
-cru	0.0	1.0	0.0	0.0
-aja	0.0	1.0	0.0	0.0
-nós	0.0	1.0	0.0	0.0
-nóm	0.0	1.0	0.0	0.0
-nón	0.00508905852416	0.964376590331	0.030534351145	0.0
-cri	0.0172910662824	0.965417867435	0.0172910662824	0.0
-ajt	0.0796087638407	0.31604966075	0.215498951661	0.388842623748
-iún	0.0	1.0	0.0	0.0
-mra	0.0	1.0	0.0	0.0
-yuj	0.195431759074	0.384682070031	0.28287663488	0.137009536014
-yum	0.383072723388	0.284686478669	0.147495914813	0.18474488313
-yul	0.0484745032399	0.0755373626555	0.875988134105	0.0
-mri	0.0260869565217	0.973913043478	0.0	0.0
-lda	0.0189075630252	0.754201680672	0.189075630252	0.0378151260504
-fre	0.0281030444965	0.971896955504	0.0	0.0
-sga	0.0	1.0	0.0	0.0
-fra	0.0289855072464	0.95652173913	0.0144927536232	0.0
-hob	0.0	1.0	0.0	0.0
-yur	0.0	1.0	0.0	0.0
-yut	0.541666666667	0.36217948718	0.0769230769231	0.0192307692308
-yuw	0.509345794392	0.291277258567	0.1246105919	0.0747663551402
-̱'l	0.0	0.974276527331	0.0	0.0257234726688
-íta	0.0135637716036	0.976591555458	0.00853204987967	0.00131262305841
-usi	0.0	0.950617283951	0.0493827160494	0.0
-usa	0.0384615384616	0.942307692308	0.0192307692308	0.0
-món	0.00847771618335	0.986960903914	0.00262624903506	0.00193513086794
-mós	0.0340909090909	0.920454545455	0.0454545454546	0.0
-sq'	0.238805970149	0.507462686567	0.20895522388	0.0447761194031
-bén	0.0212121212121	0.978787878788	0.0	0.0
-win	0.289634146341	0.641768292683	0.0228658536585	0.0457317073171
-wil	0.485013371437	0.314522304673	0.084093532952	0.116370790938
-wik	0.540719447187	0.288908869885	0.0731782205849	0.0971934623432
-wii	0.23352165725	0.468926553672	0.0998116760829	0.197740112994
-wih	0.0519079252278	0.887043220953	0.0522073940273	0.00884145979157
-wic	0.418400261792	0.395773923613	0.16759384788	0.018231966715
-xih	0.668263950357	0.130608064583	0.193342385637	0.00778559942165
-éwa	0.035294117647	0.905882352941	0.0235294117647	0.0352941176471
-xik	0.324763159314	0.375065124371	0.128150109755	0.17202160656
-xil	0.172043010753	0.787634408602	0.0403225806452	0.0
-xim	0.694727036501	0.257225504376	0.0274556909273	0.0205917681955
-wiy	0.00779446577023	0.952024267831	0.00100214559903	0.0391791208002
-wix	0.5	0.5	0.0	0.0
-xib	0.0557141961992	0.0919499073519	0.0972760556068	0.755059840842
-xic	0.380987297159	0.357566762593	0.0984469114084	0.162999028839
-iud	0.0	1.0	0.0	0.0
-uey	0.200458190149	0.733104238259	0.0343642611684	0.0320733104238
-uet	0.399223047395	0.344760359782	0.119414099833	0.13660249299
-uev	0.0238473767886	0.780604133545	0.157392686805	0.0381558028617
-uer	0.615331776343	0.277922791592	0.0789943673582	0.0277510647067
-uem	0.328344166294	0.539323339199	0.0925223983403	0.0398100961666
-uel	0.111551275464	0.498756858	0.0524605923986	0.337231274138
-ueo	0.0228136882129	0.967241883592	0.00818952910208	0.0017548990933
-uen	0.108634934364	0.34333414421	0.0176275553874	0.530403366039
-ueh	0.0444556948448	0.0207104056595	0.00892601128022	0.925907888216
-uej	0.425681352677	0.392118030146	0.104075919666	0.07812469751
-ued	0.0	1.0	0.0	0.0
-axa	0.0306365596278	0.930216725292	0.00510609327131	0.0340406218087
-iim	0.332841589796	0.327610704822	0.0752457851073	0.264301920274
-iil	0.158888510841	0.484979796456	0.14706035154	0.209071341163
-iin	0.272978196101	0.225051532219	0.328443385505	0.173526886175
-iih	0.0721405160532	0.857014959576	0.0288426121029	0.0420019122674
-iik	0.429161797296	0.338159254509	0.089299531855	0.14337941634
-iij	0.182834041065	0.466487751485	0.0243538510846	0.326324356366
-usá	0.0	1.0	0.0	0.0
-ta'	0.52	0.4	0.0266666666666	0.0533333333333
-iib	0.371696291613	0.301890213721	0.26037608245	0.0660374122155
-iix	0.0618152112226	0.868566473969	0.0529147961945	0.0167035186144
-iit	0.052309533672	0.637620183429	0.0616478770763	0.248422405823
-iiw	0.363861386139	0.502475247525	0.0816831683168	0.0519801980198
-iip	0.0	1.0	0.0	0.0
-iis	0.0974983208973	0.703334345875	0.0615092899839	0.137658043244
-tal	0.153051337475	0.638264500201	0.0313655978805	0.177318564444
-tam	0.505910956986	0.315277459968	0.0974124040112	0.0813991790351
-tan	0.0451251196499	0.899357308902	0.0522357445645	0.00328182688363
-tah	0.230769230769	0.74358974359	0.0256410256411	0.0
-cuy	0.480262536651	0.246676114846	0.0634010523118	0.209660296191
-taj	0.4499158873	0.226931942537	0.047907468171	0.275244701992
-tak	0.0996949802983	0.0357210996962	0.00836048759205	0.856223432413
-qim	0.630850362558	0.131839156229	0.118655240606	0.118655240607
-qil	0.0961534883547	0.854944921367	0.0300479651109	0.0188536251676
-ii'	0.136079166493	0.279263943499	0.0196397988948	0.565017091114
-taa	0.318758999869	0.276214164158	0.0353449404373	0.369681895536
-tab	0.477272727273	0.431818181818	0.0454545454545	0.0454545454545
-tac	0.172413793103	0.827586206897	0.0	0.0
-qis	0.272206303725	0.676217765043	0.0515759312321	0.0
-qir	0.086956521739	0.913043478261	0.0	0.0
-tat	0.0	1.0	0.0	0.0
-taq	0.0581961682571	0.0560340752437	0.0159634604994	0.869806296
-tar	0.127790982942	0.445357032625	0.171123011668	0.255728972765
-tas	0.0	1.0	0.0	0.0
-eno	0.00568181818182	0.982954545455	0.0	0.0113636363636
-̱ya	0.0252683132702	0.860545803418	0.0198554273628	0.0943304559485
-eni	0.0	1.0	0.0	0.0
-dma	0.0	1.0	0.0	0.0
-ene	0.0101351351351	0.987331081081	0.00253378378378	0.0
-̱yo	0.0573296758554	0.892602048263	0.0140766546109	0.0359916212703
-rmi	0.0	1.0	0.0	0.0
-ena	0.284968179509	0.482763153963	0.0408736442678	0.191395022259
-het	0.0	0.989795918367	0.0	0.0102040816326
-hep	0.0392200606818	0.950963769409	0.00356951633054	0.00624665357844
-her	0.187667560322	0.245308310992	0.398123324397	0.16890080429
-hes	0.0	1.0	0.0	0.0
-hel	0.0710917711169	0.231051950741	0.0606589738218	0.63719730432
-hem	0.379520013883	0.388335975113	0.0559361627746	0.176207848229
-hen	0.063829787234	0.936170212766	0.0	0.0
-heh	0.00477200424179	0.976139978791	0.00318133616119	0.015906680806
-hej	0.454754183774	0.319858410768	0.0854416754601	0.139945729998
-hee	0.26741389263	0.122474504522	0.0252068501058	0.584904752742
-biú	0.0	1.0	0.0	0.0
-ioc	0.173913043478	0.782608695652	0.0434782608696	0.0
-óna	0.0428954423592	0.906166219839	0.029490616622	0.0214477211796
-nse	0.0	1.0	0.0	0.0
-nsa	0.023430635556	0.970711705555	0.00585765888901	0.0
-put	0.0	0.777777777778	0.0	0.222222222222
-naj	0.0309321569094	0.0282233660843	0.0333396533376	0.907504823669
-pur	0.806896551724	0.193103448276	0.0	0.0
-puc	0.0	0.333333333333	0.666666666667	0.0
-pul	0.0999999999999	0.8	0.0999999999999	0.0
-zuf	0.0	1.0	0.0	0.0
-pun	0.0	0.0	1.0	0.0
-he'	0.6723996724	0.254709254709	0.048321048321	0.02457002457
-puh	0.826567827187	0.093995784226	0.0579670943742	0.0214692942126
-puj	0.134146341463	0.682926829268	0.182926829268	0.0
-hoo	0.346382230042	0.138552892017	0.307895315593	0.207169562349
-gdo	0.0	1.0	0.0	0.0
-nab	0.0	1.0	0.0	0.0
-nac	0.0	1.0	0.0	0.0
-dea	0.00203399680372	0.989394159523	0.00348685166352	0.0050849920093
-dec	0.0657074340527	0.887769784173	0.0220623501199	0.0244604316547
-oes	0.0	1.0	0.0	0.0
-msi	0.0	1.0	0.0	0.0
-del	0.0	1.0	0.0	0.0
-deo	0.0277059475434	0.953454008127	0.00775766531216	0.0110823790174
-der	0.0	1.0	0.0	0.0
-des	0.025201901598	0.91786471161	0.0446760982874	0.0122572885045
-lga	0.0	1.0	0.0	0.0
-ldo	0.1875	0.8125	0.0	0.0
-mre	0.0	1.0	0.0	0.0
-zur	0.0	1.0	0.0	0.0
-bit	0.0	1.0	0.0	0.0
-bir	0.0841836734694	0.869897959184	0.030612244898	0.015306122449
-bis	0.216106795054	0.748440748441	0.0	0.035452456505
-ji'	0.110764430577	0.16848673947	0.655226209048	0.0655226209048
-bib	0.0	1.0	0.0	0.0
-bic	0.465411928463	0.34093341367	0.104862125296	0.0887925325706
-bia	0.0490196078431	0.936274509804	0.014705882353	0.0
-bil	0.22968832847	0.409864685245	0.198355102576	0.162091883709
-bim	0.0	1.0	0.0	0.0
-bik	0.852320675106	0.084388185654	0.0632911392404	0.0
-bih	0.250046953379	0.269172945493	0.0143651393488	0.466414961779
-lu'	0.36326852857	0.149610184546	0.0159873680055	0.471133918879
-100	0.0	0.111801242236	0.0665483584738	0.82165039929
-rún	0.0	1.0	0.0	0.0
-ifa	0.0	1.0	0.0	0.0
-rúa	0.0	1.0	0.0	0.0
-̱te	0.0	1.0	0.0	0.0
-ok'	0.135628390822	0.561323312251	0.142573208261	0.160475088666
-lux	0.0215053763441	0.94623655914	0.0	0.0322580645161
-met	0.0	1.0	0.0	0.0
-jil	0.302129810507	0.530132829169	0.0207077903642	0.14702956996
-jim	0.707535121328	0.0868454661558	0.0370370370371	0.168582375479
-e'c	0.595592499517	0.336555190412	0.0	0.0678523100715
-jik	0.450677061944	0.267163609514	0.0974291701288	0.184730158413
-mes	0.0421560856093	0.817323629027	0.112416228291	0.0281040570728
-mer	0.0116959064327	0.976608187135	0.0116959064327	0.0
-̱ta	0.0957845744883	0.848683137098	0.026903841592	0.0286284468222
-e'k	0.527091309897	0.437173686042	0.0	0.0357350040608
-jic	0.457057144947	0.284303451609	0.0794466969651	0.179192706479
-med	0.0	1.0	0.0	0.0
-luj	0.328125	0.25	0.328125	0.09375
-luk	0.117647058823	0.764705882353	0.117647058823	0.0
-mea	0.0	1.0	0.0	0.0
-lum	0.418851335459	0.289953741967	0.0656489066405	0.225546015934
-mec	0.0	0.975286849073	0.0	0.0247131509267
-ifi	0.0	1.0	0.0	0.0
-mem	0.512242302926	0.284567388321	0.0998626841949	0.103327624558
-mel	0.214828106939	0.729986691279	0.0212857206875	0.0338994810949
-meo	0.0	0.885496183206	0.114503816794	0.0
-luc	0.0	1.0	0.0	0.0
-mei	0.018691588785	0.97507788162	0.00623052959502	0.0
-meh	0.0	1.0	0.0	0.0
-mej	0.465760008393	0.327208571951	0.0998606076159	0.10717081204
-zej	0.25	0.75	0.0	0.0
-aya	0.0227518959913	0.956121343445	0.00812567713976	0.0130010834236
-ayo	0.0268576544315	0.897045658013	0.0384959713518	0.0376007162041
-ayu	0.117425895465	0.864849441069	0.00886233173319	0.00886233173318
-tón	0.0	0.980392156863	0.0	0.0196078431373
-éta	0.157251132989	0.776566651039	0.0382872323801	0.0278949835912
-zpa	0.0	1.0	0.0	0.0
-ak'	0.133025404104	0.507476960125	0.319648739229	0.0398488965416
-q'a	0.0	1.0	0.0	0.0
-sra	0.0	1.0	0.0	0.0
-ojl	0.0	1.0	0.0	0.0
-uba	0.0	1.0	0.0	0.0
-tán	0.00367647058823	0.994852941176	0.0	0.00147058823529
-bús	0.0	1.0	0.0	0.0
-aki	0.428571428571	0.4	0.0	0.171428571429
-eeq	0.502626623055	0.342551293488	0.124293785311	0.0305282981465
-ake	0.0584538802898	0.0638537668885	0.00142450104237	0.876267851779
-gia	0.0	0.935897435897	0.0641025641025	0.0
-csa	0.338235294118	0.463235294118	0.0661764705882	0.132352941177
-ub'	0.116002980365	0.176106678849	0.0647109028854	0.6431794379
-goa	0.0	1.0	0.0	0.0
-gob	0.0	1.0	0.0	0.0
-gog	0.036866359447	0.944700460829	0.00921658986175	0.00921658986176
-ayú	0.3	0.7	0.0	0.0
-com	0.0664934863524	0.90229528536	0.0312112282878	0.0
-col	0.132710280374	0.723364485981	0.0766355140187	0.0672897196262
-ixp	0.165957446808	0.101063829787	0.732978723404	0.0
-con	0.0	1.0	0.0	0.0
-coh	0.00997605746209	0.966679968077	0.0119712689545	0.0113727055068
-eq'	0.262450120201	0.677369395638	0.0406909619379	0.0194895222227
-coj	0.550795211191	0.207767419973	0.0518192089022	0.189618159934
-cod	0.0	1.0	0.0	0.0
-eos	0.0	0.978260869565	0.0217391304348	0.0
-eor	0.0469483568075	0.943661971831	0.00938967136149	0.0
-coc	0.0	1.0	0.0	0.0
-cob	0.0	0.964549329452	0.00311882732093	0.0323318432269
-ixa	0.417322834646	0.417322834646	0.0787401574803	0.0866141732283
-zel	0.0178571428572	0.982142857143	0.0	0.0
-cot	0.184642567916	0.656224692631	0.126334388574	0.0327983508798
-cow	0.187988551572	0.432780236373	0.230661627223	0.148569584832
-rla	0.00733608436496	0.948647409445	0.0440165061898	0.0
-cop	0.0528930909175	0.842531557257	0.0746173993389	0.0299579524864
-cos	0.00934065934065	0.926373626374	0.056043956044	0.00824175824175
-cor	0.0	1.0	0.0	0.0
-tca	0.0	1.0	0.0	0.0
-zem	0.0	1.0	0.0	0.0
-upa	0.0	1.0	0.0	0.0
-sán	0.0	0.987755102041	0.0122448979592	0.0
-eqa	0.51724137931	0.48275862069	0.0	0.0
-haj	0.158122142773	0.0725176555624	0.0178563168848	0.75150388478
-pta	0.0523201494861	0.947679850514	0.0	0.0
-pto	0.00411384755014	0.945184041664	0.0416474050952	0.00905470569025
-iri	0.0	1.0	0.0	0.0
-gag	0.0975609756097	0.878048780488	0.0	0.0243902439025
-gad	0.00336511497475	0.986539540101	0.0100953449243	0.0
-tra	0.00947439657117	0.983758177307	0.00676742612227	0.0
-gab	0.0	1.0	0.0	0.0
-gan	0.0	1.0	0.0	0.0
-tro	0.0	0.877824267782	0.00669456066945	0.115481171548
-gal	0.0397111913357	0.945848375451	0.0072202166065	0.00722021660649
-tri	0.0	1.0	0.0	0.0
-gai	0.0	1.0	0.0	0.0
-gau	0.0	1.0	0.0	0.0
-gat	0.0	1.0	0.0	0.0
-gar	0.0412249705536	0.712603062426	0.00942285041225	0.236749116608
-gur	0.0	1.0	0.0	0.0
-beo	0.0	1.0	0.0	0.0
-̱lo	0.00709751192776	0.982847679508	0.0100548085643	0.0
-yac	0.337837837838	0.662162162162	0.0	0.0
-̱li	0.0211714890614	0.978828510939	0.0	0.0
-ina	0.0369529983793	0.934846029173	0.0272285251215	0.000972447325768
-̱la	0.015756302521	0.983823529412	0.0	0.000420168067227
-inu	0.0	1.0	0.0	0.0
-dón	0.0	0.988031914894	0.00398936170213	0.00797872340425
-són	0.0238055877004	0.952719457762	0.0115721606877	0.0119027938502
-ma'	0.148190767192	0.0408006997032	0.0247021211678	0.786306411937
-ofa	0.0	1.0	0.0	0.0
-och	0.215512621148	0.687192614991	0.0685671503689	0.0287276134918
-iru	0.0	1.0	0.0	0.0
-yex	0.262120016989	0.694193313513	0.0218433347491	0.0218433347491
-yeq	0.0	1.0	0.0	0.0
-ída	0.0	1.0	0.0	0.0
-iyo	0.0358115998443	0.948618139354	0.00622810432074	0.00934215648112
-yew	0.514926887883	0.1637070499	0.056533427129	0.264832635088
-lti	0.0	0.857142857143	0.142857142857	0.0
-yej	0.579196192766	0.329271837529	0.0723123576145	0.0192196120899
-yem	0.51326521261	0.252321603128	0.168927174976	0.0654860092864
-yel	0.0373639464992	0.95126441761	0.011371635891	0.0
-yen	0.621359223301	0.315533980583	0.0582524271844	0.00485436893204
-dro	0.0364377002592	0.923627370591	0.00827216475834	0.0316627643915
-yeb	0.377944004291	0.200248494258	0.0452011153913	0.37660638606
-yee	0.333118023977	0.240634042993	0.165448015709	0.260799917321
-hdo	0.0	1.0	0.0	0.0
-ihc	0.0710447761194	0.912835820896	0.0143283582089	0.00179104477612
-cón	0.0	0.888888888889	0.111111111111	0.0
-ye'	0.426551641505	0.302659956865	0.121016055595	0.149772346034
-ces	0.0	0.90977443609	0.0902255639098	0.0
-'na	0.291145134777	0.0758399798129	0.011686594687	0.621328290723
-sa'	0.0246913580247	0.390946502058	0.584362139918	0.0
-ahk	0.152254241116	0.577642893745	0.1030094668	0.167093398339
-ájo	0.191489361702	0.709219858156	0.0	0.0992907801418
-ahn	0.075860252589	0.807640073792	0.0463509072285	0.0701487663902
-ahl	0.0378158609461	0.227467330213	0.0651646695592	0.669552139282
-ahm	0.0496277389594	0.86332338376	0.0725230649209	0.0145258123601
-ahc	0.150510419047	0.544298487562	0.135210420387	0.169980673005
-a̱'	0.481618507612	0.332509582005	0.0833808804942	0.102491029889
-aha	0.0	1.0	0.0	0.0
-ahx	0.0	1.0	0.0	0.0
-ahs	0.133333333333	0.752380952381	0.114285714286	0.0
-ahp	0.0768032433042	0.90022335254	0.0148651438653	0.00810826029017
-ahq	0.0304487179487	0.856913919414	0.111263736264	0.00137362637363
-aht	0.145338417202	0.450636866849	0.0725921926099	0.331432523339
-sas	0.0803571428572	0.839285714286	0.0803571428571	0.0
-sar	0.0116279069767	0.972868217054	0.0077519379845	0.0077519379845
-saq	0.108162345182	0.230000795636	0.637835161824	0.0240016973576
-sat	0.0	1.0	0.0	0.0
-ddo	0.0	1.0	0.0	0.0
-íro	0.0652173913043	0.934782608696	0.0	0.0
-sac	0.016	0.976	0.00799999999999	0.0
-oli	0.0357142857143	0.928571428571	0.0357142857143	0.0
-sag	0.129032258065	0.870967741935	0.0	0.0
-saf	0.0169902912621	0.97572815534	0.00728155339807	0.0
-sak	0.0338543180764	0.267615634005	0.674415719266	0.024114328653
-saj	0.570174333932	0.249297502432	0.086796276607	0.093731887029
-sai	0.0108695652174	0.967391304348	0.0	0.0217391304348
-sah	0.350169436824	0.450540584154	0.0588994674843	0.140390511538
-san	0.0844496670584	0.823580101841	0.0538190364277	0.0381511946729
-sam	0.60064446351	0.254017308132	0.0626440875693	0.0826941407881
-sal	0.139015037572	0.798428195521	0.0625567669074	0.0
-a̱m	0.2647620123	0.292874207676	0.0793130139754	0.363050766048
-a̱l	0.226280280671	0.665168097498	0.0731295136549	0.0354221081766
-a̱n	0.027784273544	0.929283949876	0.00975423961005	0.0331775369696
-a̱h	0.0797101449275	0.507246376812	0.0108695652174	0.402173913044
-a̱k	0.174194732173	0.585589379991	0.173489252326	0.06672663551
-a̱j	0.344619971047	0.362372383782	0.0561704228097	0.236837222361
-a̱c	0.166535742341	0.792615868028	0.0267085624509	0.0141398271799
-a̱b	0.284294186364	0.482994900201	0.0762711471259	0.15643976631
-hah	0.409090909091	0.590909090909	0.0	0.0
-a̱y	0.234927154868	0.730479430075	0.0191900391502	0.0154033759066
-a̱x	0.0256091741591	0.967073918938	0.00292676276103	0.00439014414155
-a̱t	0.168043242493	0.603784298592	0.0438022332683	0.184370225647
-a̱w	0.0315853648651	0.841101966285	0.00663586391072	0.12067680494
-ván	0.0	0.972222222222	0.0277777777778	0.0
-mas	0.0238539722049	0.903719836825	0.0547949941229	0.0176311968471
-a̱s	0.533118218809	0.39495235593	0.0266964953701	0.0452329298912
-a̱r	0.0793574441727	0.886341536002	0.0191853161736	0.015115703652
-hak	0.10819834302	0.44104735996	0.45075429702	0.0
-húd	0.0	1.0	0.0	0.0
-húm	0.0	1.0	0.0	0.0
-ígo	0.105263157895	0.842105263158	0.0526315789473	0.0
-ham	0.214123105151	0.715639795299	0.0326084768476	0.0376286227028
-hús	0.0	1.0	0.0	0.0
-juc	0.246130571395	0.728267194228	0.0162923309671	0.00930990340975
-úma	0.0	1.0	0.0	0.0
-har	0.0139103554869	0.976816074189	0.00927357032457	0.0
-xki	0.586666666667	0.325333333333	0.072	0.016
-ahú	0.0	1.0	0.0	0.0
-has	0.0232558139535	0.883720930233	0.0697674418605	0.0232558139535
-hat	0.114331857915	0.0807771607728	0.00595360947993	0.798937371833
-uc'	0.238331752608	0.244746168821	0.24926371487	0.2676583637
-saú	0.0284605433376	0.954721862872	0.0012936610608	0.0155239327296
-haw	0.0215053763441	0.978494623656	0.0	0.0
-juj	0.0192307692308	0.143028846154	0.0841346153846	0.753605769231
-uq'	0.0654012193404	0.838488738583	0.0295408799558	0.0665691621211
-mac	0.0	1.0	0.0	0.0
-saí	0.00441501103753	0.991169977925	0.0	0.00441501103752
-xk'	0.747252747253	0.241758241758	0.010989010989	0.0
-bi̱	0.0	0.750830564784	0.249169435216	0.0
-ssa	0.0	1.0	0.0	0.0
-uch	0.102182547081	0.732784545911	0.114807350593	0.0502255564157
-púa	0.0	1.0	0.0	0.0
-maf	0.0	1.0	0.0	0.0
-uce	0.0	1.0	0.0	0.0
-̱mi	0.0759493670886	0.772151898734	0.0	0.151898734177
-car	0.0341185448269	0.945020931841	0.0050065255996	0.0158539977321
-xin	0.584086243223	0.0402586957076	0.0342872628125	0.341367798257
-̱mo	0.0515267175573	0.935114503817	0.00190839694656	0.0114503816794
-̱ma	0.0859970777792	0.770112452057	0.122281459668	0.0216090104953
-rya	0.0221066319896	0.955353272648	0.00130039011704	0.0212397052449
-ios	0.0484263028557	0.884180388242	0.00817080474506	0.0592225041576
-ryo	0.0	0.968253968254	0.031746031746	0.0
-iot	0.0	0.985185185185	0.0148148148148	0.0
-ch'	0.204487875865	0.610748955081	0.0903885517949	0.094374617259
--el	0.00226757369614	0.997732426304	0.0	0.0
-nu'	0.06	0.79	0.084	0.066
-qoj	0.194233687405	0.578148710167	0.172989377845	0.0546282245827
-qoh	0.0580072781192	0.0448745510444	0.0161047514674	0.881013419369
-qom	0.406869452654	0.285178897402	0.17357274815	0.134378901794
-qor	0.0769230769231	0.717948717949	0.0	0.205128205128
-qoq	0.5	0.277777777778	0.222222222222	0.0
-qop	0.497273769984	0.421680446782	0.0486274699402	0.0324183132935
-qox	0.12344227604	0.806019280508	0.0370326828121	0.0335057606396
-chi	0.0760764988451	0.00791939707703	0.00171146207726	0.914292642001
-xux	0.0	1.0	0.0	0.0
-núa	0.0	1.0	0.0	0.0
-cho	0.305433633898	0.00968425069704	0.00285851402368	0.682023601381
-cha	0.237917692896	0.130825400876	0.030855880186	0.600401026042
-che	0.285092034525	0.152172170275	0.0379215769157	0.524814218283
-xul	0.464964834592	0.535035165408	0.0	0.0
-xum	0.721513663298	0.177420302584	0.031466098445	0.069599935673
-xun	0.0765391670544	0.842379422653	0.0615387114015	0.019542698891
-eli	0.0	1.0	0.0	0.0
-elo	0.0	1.0	0.0	0.0
-xuj	0.526932084309	0.289461358314	0.088056206089	0.095550351288
-nún	0.09375	0.90625	0.0	0.0
-ela	0.0249591442579	0.955430099539	0.0160451641658	0.00356559203683
-iya	0.246808510638	0.753191489362	0.0	0.0
-chu	0.534290271132	0.247208931419	0.175438596491	0.0430622009569
-xuc	0.423312883436	0.539877300614	0.0	0.0368098159508
-hu'	0.886714727086	0.0597322348095	0.0226570545829	0.0308959835221
-núi	0.047619047619	0.952380952381	0.0	0.0
-hga	0.0	1.0	0.0	0.0
-ko'	0.571428571429	0.428571428571	0.0	0.0
-̱ca	0.20672882043	0.52492906364	0.191325496554	0.0770166193757
-tu'	0.0301507537688	0.834170854271	0.105527638191	0.0301507537688
-̱co	0.0392869898373	0.638884379363	0.317932400403	0.00389623039709
-̱ch	0.129640812442	0.826207547602	0.0241288392571	0.0200228006982
-nqa	0.130521432305	0.12566431434	0.0359383167799	0.707875936574
-axo	0.255813953488	0.56146179402	0.182724252492	0.0
-hul	0.101123595506	0.775280898876	0.101123595506	0.0224719101124
-hum	0.17176159549	0.794839139888	0.0111189688819	0.0222802957405
-huh	0.158680282797	0.650432050275	0.172034564022	0.0188531029065
-huj	0.324781952178	0.554477059024	0.0451051144418	0.0756358743564
-huk	0.647397637546	0.200726376133	0.086786277898	0.0650897084235
-huc	0.618013527946	0.268066927732	0.0765396938412	0.0373798504806
