-cac	0.518561198453	0.3435673718	0.0633797020331	0.0744917277142
-sa̱	0.111653328128	0.0790552410696	0.0304509076713	0.778840523131
-ñum	0.823899371069	0.062893081761	0.0440251572327	0.0691823899371
-ɨmi	0.48275862069	0.23197492163	0.28526645768	0.0
-cam	0.224360447933	0.181023064377	0.189725570042	0.404890917649
-eum	0.502909937432	0.197728167467	0.148211634351	0.15115026075
-car	0.0824742268041	0.747422680412	0.0876288659794	0.0824742268041
-hen	0.664634146342	0.301219512195	0.0292682926829	0.00487804878048
-ive	0.369704749679	0.630295250321	0.0	0.0
-rbe	0.093023255814	0.901162790698	0.00581395348837	0.0
-cat	0.569506726457	0.403587443946	0.0	0.0269058295964
-caz	0.0	1.0	0.0	0.0
-xaŋ	0.191615442445	0.0702250917614	0.23543979127	0.502719674523
-ŋum	0.517006802721	0.319727891156	0.0204081632653	0.142857142857
-ivo	0.31691942262	0.363877215421	0.154942444729	0.16426091723
-́ay	0.12676056338	0.260563380282	0.612676056338	0.0
-oya	0.107954545455	0.674242424242	0.147727272727	0.0700757575758
-dío	0.0389948006932	0.857885615251	0.100519930676	0.00259965337955
-oyo	0.172101449275	0.480072463768	0.0380434782609	0.309782608696
-día	0.0115034350535	0.936571337274	0.00495286787026	0.0469723598019
-oyi	0.161761700494	0.591514428184	0.0523642123776	0.194359658945
-́am	0.0599906499827	0.292357255775	0.0199755892084	0.627676505034
-mum	0.212339171812	0.0856935045605	0.0206147053767	0.681352618251
-nso	0.0878378378378	0.900900900901	0.00675675675676	0.00450450450452
-asɨ	0.455790784558	0.32503113325	0.191780821918	0.0273972602739
-́aj	0.351097178683	0.648902821317	0.0	0.0
-ŋóy	0.117647058823	0.882352941177	0.0	0.0
-ɨ̱ŋ	0.393017423442	0.181626187962	0.383447729673	0.041908658923
-aum	0.183673469388	0.753327417924	0.00709849157054	0.055900621118
-put	0.528126231632	0.129895105817	0.0424214084685	0.299557254082
-puu	0.0461538461539	0.738461538462	0.0492307692307	0.166153846154
-suu	0.00899815216518	0.850405720254	0.00224953804129	0.13834658954
-nto	0.0957294946444	0.689692500459	0.0527109813592	0.161867023537
-nta	0.219432629803	0.243344987314	0.0905899912664	0.446632391617
-nte	0.0773784608025	0.248041619327	0.0470609340429	0.627518985828
-puy	0.0299041072626	0.818124200091	0.010172298782	0.141799393864
-óts	0.638218923933	0.267161410019	0.0834879406307	0.0111317254174
-cxi	0.240566814961	0.645081562037	0.064260998517	0.0500906244851
-wat	0.389726964236	0.138756158965	0.0579268166436	0.413590060155
-cne	0.403781749145	0.302549908471	0.108004302377	0.185664040006
-aiñ	0.50874516136	0.257701086294	0.110076563606	0.12347718874
-pun	0.0421545667448	0.857142857143	0.0796252927401	0.0210772833724
-muj	0.545670225385	0.311981020166	0.0948991696322	0.0474495848161
-dro	0.0256684491979	0.967914438503	0.0	0.00641711229948
-puj	0.324860151366	0.56803224745	0.0536360644949	0.0534715366896
-pam	0.391422914929	0.186100340682	0.0924674934506	0.330009250938
-pra	0.237373737374	0.378787878788	0.277777777778	0.106060606061
-lía	0.0120513104876	0.683191009575	0.00155262282355	0.303205057114
-pre	0.140894979735	0.16804471825	0.0537462072478	0.637314094767
-gɨy	0.608043490636	0.0213753059714	0.0174332555359	0.353147947857
-ɨch	0.0801174970052	0.0213642918665	0.00546317349164	0.893055037637
-eñi	0.0703766453799	0.845171380164	0.0750684217385	0.00938355271732
-más	0.169355407347	0.056050845863	0.211189822568	0.563403924222
-aré	0.0	1.0	0.0	0.0
-eño	0.339387060159	0.381384790011	0.215664018161	0.0635641316685
-ñúc	0.568449590165	0.183729467192	0.0648400692503	0.182980873393
-o̱n	0.793650793651	0.206349206349	0.0	0.0
-o̱m	0.127255484202	0.536188712753	0.0276448379715	0.308910965074
-opo	0.0805369127517	0.919463087248	0.0	0.0
-neɨ	0.304054054054	0.472972972973	0.101351351351	0.121621621622
-mán	0.0470193115029	0.741393786734	0.211586901763	0.0
-smo	0.22513380688	0.0764440199766	0.0853578463559	0.613064326787
-ope	0.00963391136803	0.97302504817	0.00770712909441	0.00963391136802
-o̱c	0.429906542056	0.532710280374	0.0373831775701	0.0
-opa	0.0319749216301	0.965517241379	0.0	0.0025078369906
-jiñ	0.517517752502	0.266227047895	0.0750643798218	0.141190819782
-dea	0.00381558028617	0.983306836248	0.0066772655008	0.00620031796502
-̱su	0.262148337596	0.737851662404	0.0	0.0
-júp	0.171662125341	0.509536784741	0.0980926430518	0.220708446866
-das	0.0740892066734	0.84480762683	0.00163432073544	0.079468845761
-oes	0.0845070422535	0.830985915493	0.0281690140845	0.056338028169
-den	0.0510440835267	0.68909512761	0.092807424594	0.167053364269
-deo	0.00136475297971	0.99863524702	0.0	0.0
-ima	0.0721376571807	0.927862342819	0.0	0.0
-des	0.0351335311573	0.857210682493	0.046884272997	0.0607715133531
-imi	0.246785988108	0.431947567915	0.210546243908	0.11072020007
-lgo	0.22683449384	0.310560614176	0.0742367434386	0.388368148545
-tɨŋ	0.664015140314	0.143256350356	0.0615075258006	0.131220983529
-yaŋ	0.0413484236545	0.112532919512	0.673281740475	0.172836916358
-vio	0.184986595174	0.734584450402	0.0643431635389	0.0160857908847
-nɨm	0.504844935795	0.142748352197	0.0492371523857	0.303169559623
-ido	0.390168475762	0.159697271288	0.0719431642603	0.37819108869
-lla	0.0862125699244	0.880223757815	0.0236920039486	0.00987166831195
-obo	0.00621047598862	0.988466258878	0.00354884342207	0.00177442171104
-lle	0.0400181900864	0.856298317417	0.0668485675307	0.0368349249659
-pay	0.344988344988	0.503496503497	0.137529137529	0.013986013986
-rpa	0.0216998191682	0.978300180832	0.0	0.0
-eca	0.206261510129	0.672191528545	0.0773480662983	0.0441988950276
-oba	0.501856246867	0.251318698883	0.0867473849637	0.160077669287
-llo	0.266891089433	0.722788739547	0.00860014251665	0.00172002850333
-mca	0.731816208842	0.150989024617	0.0911514850871	0.0260432814535
-ece	0.174576271186	0.316949152542	0.386440677966	0.122033898305
-ida	0.167726426514	0.771175642073	0.0244735213673	0.0366244100462
-jɨy	0.451712288186	0.272544140301	0.125014812182	0.150728759332
-ɨa̱	0.312271208022	0.0783065414611	0.203406016234	0.406016234283
-bia	0.0155844155844	0.984415584416	0.0	0.0
-bio	0.354927007299	0.539233576642	0.0839416058394	0.021897810219
-moŋ	0.376185458377	0.417983842641	0.1215314366	0.0842992623815
-yuc	0.121066133652	0.346679152633	0.367924706475	0.16433000724
-cmɨ	0.102441947664	0.419769389666	0.0199982578005	0.457790404869
-ter	0.0	1.0	0.0	0.0
-tes	0.113309048802	0.114129254819	0.00506597833691	0.767495718042
-ria	0.0596210137113	0.869819750424	0.0400554614081	0.0305037744569
-rio	0.132909716706	0.796664019063	0.0402435795605	0.0301826846704
-ril	0.184343138404	0.71510605883	0.0	0.100550802766
-haŋ	0.233607925105	0.20142975076	0.474592942582	0.0903693815537
-uto	0.0667408231368	0.488320355951	0.418242491657	0.0266963292547
-ejo	0.23123650108	0.374257559395	0.244330453564	0.150175485961
-ños	0.145161290323	0.508064516129	0.0725806451613	0.274193548387
-uts	0.258469497909	0.020859561113	0.0108493781235	0.709821562854
-ŋiñ	0.510470938837	0.306870476615	0.0654813793663	0.117177205182
-ris	0.0	1.0	0.0	0.0
-tej	0.094547746612	0.820359281437	0.0283643239836	0.0567286479673
-tel	0.0418410041841	0.853091585309	0.0297536029753	0.0753138075313
-gro	0.127339911479	0.724205140699	0.106874568563	0.0415803792585
-teo	0.0998597475456	0.831206171108	0.0210378681627	0.0478962131837
-lux	0.0197368421053	0.960526315789	0.0	0.0197368421053
-ara	0.0837058576332	0.123631061335	0.0231580847409	0.769504996291
-nza	0.206640237859	0.683349851338	0.0862239841427	0.02378592666
-uáŋ	0.455882352941	0.397058823529	0.0882352941176	0.0588235294118
-aro	0.124077616835	0.796392456955	0.0163979229298	0.0631320032796
-mex	0.195145660561	0.043288070719	0.0427311481718	0.718835120548
-rón	0.109339919174	0.804894476875	0.0660080826223	0.0197575213291
-ñáy	0.743012557144	0.145304091198	0.0190961171229	0.0925872345351
-mec	0.362264150943	0.592452830189	0.0226415094339	0.022641509434
-ŋcɨ	0.0678114186787	0.713621268574	0.0201135563877	0.198453756359
-meo	0.0	1.0	0.0	0.0
-mei	0.0	1.0	0.0	0.0
-ɨ̱p	0.298755186722	0.651452282158	0.0497925311203	0.0
-́ec	0.635593220339	0.237288135593	0.0762711864407	0.0508474576271
-ién	0.0585058505851	0.356435643564	0.100810081008	0.484248424843
-aya	0.0457665903891	0.936498855835	0.00343249427917	0.0143020594966
-ayo	0.0163265306122	0.983673469388	0.0	0.0
-ayi	0.822328931573	0.129651860744	0.0240096038415	0.0240096038415
-éts	0.648099644957	0.158518130493	0.0165880914964	0.176794133054
-mot	0.636513157895	0.245065789474	0.0888157894737	0.0296052631579
-́aŋ	0.203773584906	0.484905660377	0.0849056603773	0.22641509434
-báy	0.567002556776	0.274627763573	0.052789893217	0.105579786434
-mos	0.2032390105	0.754048763125	0.0106780565937	0.0320341697811
-ɨ̱m	0.299049748463	0.548351034097	0.0670765790945	0.0855226383455
-ɨ̱n	0.853446850719	0.111836667218	0.0	0.0347164820631
-plo	0.214087025631	0.664216173257	0.0298032982317	0.091893502881
-cto	0.238805970149	0.761194029851	0.0	0.0
-dáy	0.549571411807	0.178621150313	0.0506093388855	0.221198098995
-íps	0.816632383191	0.183367616809	0.0	0.0
-aón	0.00507185122569	0.96449704142	0.0304311073542	0.0
-cta	0.494902632143	0.216237834861	0.041293694001	0.247565838995
-dán	0.0188151538266	0.923976608187	0.0183066361556	0.0389016018306
-dab	0.0	1.0	0.0	0.0
-ia̱	0.465857359636	0.224582701062	0.113808801214	0.195751138088
-ñal	0.00527673545965	0.99472326454	0.0	0.0
-xaj	0.0	1.0	0.0	0.0
-ña̱	0.454022988506	0.421455938697	0.0210727969349	0.103448275862
-xam	0.297872340426	0.276595744681	0.0	0.425531914894
-ŋne	0.608982936216	0.238975686419	0.0598083912749	0.0922329860891
-umu	0.0468619246862	0.71589958159	0.237238493724	0.0
-ota	0.0	1.0	0.0	0.0
-tán	0.0726106743898	0.875465453041	0.0345469590401	0.0173769135292
-ote	0.0128449096099	0.946241674596	0.0	0.0409134157945
-iga	0.0966773945648	0.0140625969708	0.00275895865343	0.886501049811
-oto	0.0	1.0	0.0	0.0
-ume	0.0216606498195	0.899819494585	0.0568592057761	0.0216606498195
-ots	0.108187320803	0.835998725709	0.0137623446957	0.0420516087927
-cám	0.495037262366	0.326204975886	0.0441142194625	0.134643542286
-eví	0.041880969875	0.936076414401	0.00220426157237	0.0198383541513
-̱pɨ	0.549913265949	0.135130682534	0.00881876944247	0.306137282075
-umi	0.127433628319	0.670796460177	0.100884955752	0.100884955752
-aám	0.755162241888	0.0973451327434	0.0176991150442	0.129793510324
ALL	0.211152994255	0.264437423865	0.0490976916997	0.47531189018
-ufo	0.0	0.957446808511	0.0425531914894	0.0
-̱yu	0.106096975516	0.885261641863	0.00576092174747	0.00288046087374
-a̱ɨ	0.488194973344	0.324447829398	0.0319878141661	0.155369383092
-nal	0.271028037383	0.476635514019	0.14953271028	0.102803738318
-nam	0.175893647941	0.0681769324035	0.0381923245595	0.717737095096
-nac	0.0375939849624	0.924812030075	0.0375939849624	0.0
-zín	0.0	1.0	0.0	0.0
-omé	0.0	1.0	0.0	0.0
-aús	0.173728813559	0.64406779661	0.0762711864406	0.10593220339
-aúl	0.270491803279	0.714754098361	0.0147540983607	0.0
-nay	0.53985172295	0.284952961009	0.0489423024634	0.126253013577
-sio	0.0	1.0	0.0	0.0
-sin	0.164944580124	0.236708622957	0.018222806688	0.580123990231
-ga̱	0.209580838323	0.236526946108	0.494011976048	0.059880239521
-pos	0.0	1.0	0.0	0.0
-nas	0.0865491372162	0.761794863207	0.0354303683237	0.116225631253
-sia	0.0159090909091	0.97196969697	0.00151515151515	0.0106060606061
-ocɨ	0.803278688525	0.0983606557377	0.0393442622951	0.0590163934426
-nti	0.0	0.996980372421	0.0	0.00301962757927
-́pa	0.489223094041	0.218583631336	0.076174584633	0.216018689989
-aáy	0.558825270108	0.396984263722	0.022095233085	0.022095233085
-mor	0.0	1.0	0.0	0.0
-wum	0.447903053946	0.311562541392	0.117343938636	0.123190466026
-jca	0.401361947998	0.215332232769	0.328105654148	0.0552001650846
-jóy	0.135657501276	0.246590328933	0.59441324484	0.0233389249508
-̱wu	0.0485175202156	0.862533692722	0.00808625336926	0.0808625336927
-goy	0.604282655246	0.289079229122	0.0321199143469	0.0745182012848
-̱wi	0.0334728033473	0.794979079498	0.171548117155	0.0
-aán	0.095652173913	0.852173913044	0.0521739130434	0.0
-moc	0.6953125	0.1796875	0.046875	0.078125
-̱ñɨ	0.695838877465	0.137050925366	0.0258860529817	0.141224144188
-yna	0.0529411764706	0.911764705882	0.035294117647	0.0
-mon	0.923841059603	0.0430463576159	0.0132450331126	0.0198675496689
-̱wa	0.100154294654	0.820562358071	0.0556558596766	0.0236274875985
-mol	0.0	0.931034482759	0.0689655172414	0.0
-cáy	0.700774440757	0.135837448393	0.0443886775142	0.118999433336
-̱we	0.120639147803	0.740878828229	0.0165113182423	0.121970705726
-com	0.316326391694	0.624207550338	0.0346885338149	0.0247775241536
-yat	0.0	1.0	0.0	0.0
-con	0.0126652874533	0.00390393093376	0.00618572159475	0.977245060018
-́áy	0.623906567686	0.354815830536	0.00992954749633	0.0113480542815
-tɨp	0.509256338309	0.359295356058	0.0559863188829	0.0754619867506
-ber	0.0	1.0	0.0	0.0
-yay	0.140186915888	0.252336448598	0.607476635514	0.0
-eor	0.0	1.0	0.0	0.0
-bet	0.103146139092	0.473331531574	0.00671094367737	0.416811385656
-cob	0.0037652965171	0.974898023219	0.0	0.0213366802636
-ipe	0.0176928520878	0.956121726822	0.0	0.0261854210899
-tɨc	0.0974401332387	0.67046031947	0.0260712511854	0.206028296106
-cox	0.730593607306	0.0182648401826	0.251141552511	0.0
-lpa	0.134402354946	0.625067782167	0.205670462468	0.0348594004183
-yam	0.469350171008	0.219152854512	0.232570376217	0.0789265982636
-cot	0.563495096166	0.238313590625	0.0761686409375	0.122022672271
-tɨm	0.0247170985153	0.950565802969	0.0211860844417	0.00353101407361
-rla	0.013923013923	0.954135954136	0.022113022113	0.009828009828
-cos	0.0	1.0	0.0	0.0
-yaj	0.401874747869	0.251539484368	0.0482755919449	0.298310175818
-iso	0.151338766007	0.496313542879	0.106325184323	0.246022506791
-upu	0.0883652430044	0.882179675994	0.0	0.0294550810015
-reo	0.0108499095841	0.937613019892	0.0433996383363	0.00813743218808
-ɨɨm	0.113058855829	0.533280882901	0.0283013216649	0.325358939605
-aa̱	0.151045701007	0.508133230054	0.0232378001549	0.317583268784
-sáy	0.696767573114	0.159662297682	0.0328373524885	0.110732776715
-rea	0.0278004905969	0.87217225402	0.0043608612701	0.0956663941128
-uám	0.46	0.1	0.02	0.42
-jo̱	0.130434782609	0.869565217391	0.0	0.0
-red	0.0660358762074	0.840134042973	0.0855509560418	0.00827912477824
-ual	0.397972116603	0.602027883397	0.0	0.0
-eve	0.0267459138187	0.27191679049	0.179791976226	0.521545319465
-rey	0.0539226247269	0.854944446154	0.0261610907636	0.0649718383552
-eva	0.127272727273	0.860606060606	0.0121212121212	0.0
-ɨɨs	0.381798941799	0.474497354497	0.0897354497354	0.0539682539683
-res	0.0311021836325	0.250469772565	0.0179809499125	0.70044709389
-ɨɨp	0.288968465687	0.267926735718	0.0974538988216	0.345650899773
-wɨ̱	0.426406658397	0.0603830887849	0.106641346136	0.406568906683
-ret	0.00999583506872	0.977509371095	0.00249895876718	0.00999583506872
-ba̱	0.0684931506849	0.0639269406393	0.867579908676	0.0
-may	0.442522323958	0.228400677574	0.193832375137	0.13524462333
-max	0.0184357541899	0.971508379888	0.0	0.0100558659218
-hab	0.054054054054	0.945945945946	0.0	0.0
-hac	0.594145113058	0.140588111851	0.046167567284	0.219099207807
-naí	0.0280373831776	0.971962616822	0.0	0.0
-ava	0.131350681537	0.629904997935	0.21726559273	0.0214787277985
-haj	0.168674698795	0.542168674699	0.144578313253	0.144578313253
-mar	0.0566331663728	0.883682940814	0.00937936107836	0.0503045317352
-mat	0.375430107294	0.396196444879	0.0307080377586	0.197665410068
-ucɨ	0.127551020408	0.792274052478	0.0255102040817	0.0546647230321
-mam	0.72	0.0	0.2	0.08
-mal	0.115967680024	0.324330248813	0.389004660762	0.170697410401
-gog	0.0	0.95818815331	0.0418118466899	0.0
-man	0.344133135024	0.075129637818	0.0168830646782	0.563854162479
-ích	0.786578657866	0.114411441144	0.0858085808581	0.013201320132
-jum	0.500132209399	0.160405983716	0.0552560323605	0.284205774525
-uno	0.14890013831	0.280102979372	0.0626275259845	0.508369356333
-caɨ	0.580168776371	0.314345991561	0.0316455696203	0.0738396624472
-ɨmɨ	0.137116564417	0.53148006135	0.259854294479	0.0715490797546
-una	0.109422907434	0.707171141648	0.124505021165	0.0589009297533
-pta	0.412547528517	0.324144486692	0.0979087452471	0.165399239544
-́im	0.304184750569	0.228007458808	0.105604905463	0.36220288516
-doŋ	0.671792393079	0.0757886983379	0.0323228659041	0.220096042679
-tre	0.0921170498656	0.0571812481338	0.12765004479	0.723051657211
-gad	0.0	1.0	0.0	0.0
-gac	0.0366547478483	0.206679135317	0.233195716258	0.523470400577
-ada	0.0569930812459	0.258915107261	0.0395846533982	0.644507158095
-ɨba	0.339550386497	0.309942557265	0.0635061343167	0.28700092192
-ado	0.204242867593	0.560395661716	0.0642473203778	0.171114150313
-gam	0.204101551491	0.200049223478	0.129484515639	0.466364709391
-uez	0.170993494615	0.78466812846	0.0032708638715	0.0410675130532
-gai	0.0	1.0	0.0	0.0
-oyɨ	0.333781013642	0.570580335053	0.0712518555171	0.0243867957871
-cpa	0.430651491985	0.268952577007	0.0482881556736	0.252107775334
-gau	0.0	1.0	0.0	0.0
-sna	0.132337526205	0.178459119497	0.0144129979036	0.674790356394
-nsɨ	0.706896551724	0.275862068966	0.0172413793103	0.0
-gar	0.187734668335	0.577338214121	0.0231492372985	0.211777880245
-sne	0.515042475255	0.190316434977	0.107194890083	0.187446199685
-ólo	0.113821138211	0.113821138211	0.0	0.772357723577
-seo	0.178175818996	0.788828658968	0.00659910440727	0.026396417629
-máy	0.78638125756	0.0469178546523	0.00929530396746	0.15740558382
-sem	0.0	1.0	0.0	0.0
-lao	0.463768115942	0.536231884058	0.0	0.0
-bel	0.0310600415702	0.96893995843	0.0	0.0
-a̱ŋ	0.00535953550692	0.857972309067	0.136668155427	0.0
-́ɨm	0.237838319882	0.709100637624	0.00187274267624	0.0511882998172
-́ɨc	0.712143577054	0.11674282497	0.00862185212732	0.162491745849
-uis	0.0	1.0	0.0	0.0
-sea	0.0384615384615	0.961538461538	0.0	0.0
-ayɨ	0.574607434186	0.227502314682	0.0624148338143	0.135475417318
-́ɨy	0.00317506133641	0.885553470919	0.0935199884543	0.0177514792899
-uim	0.0	0.987137607187	0.00428746427113	0.00857492854228
-́ɨp	0.564134169351	0.339613904704	0.0636241544381	0.0326277715067
-set	0.0	1.0	0.0	0.0
-ses	0.00254237288136	0.991101694915	0.00381355932203	0.00254237288136
-ser	0.0	1.0	0.0	0.0
-ñam	0.393634960183	0.356013205141	0.0998258259024	0.150526008774
-xa̱	0.439277306594	0.357143109248	0.111672296165	0.0919072879938
-blo	0.0570726207998	0.748846543283	0.00229647491101	0.191784361006
-eda	0.0	0.58064516129	0.41935483871	0.0
-dón	0.587667826292	0.360074388542	0.00592254898545	0.0463352361803
-cɨm	0.248780487805	0.253658536585	0.0292682926829	0.468292682927
-ɨcɨ	0.592506840665	0.196710466969	0.0838921129386	0.126890579427
-són	0.0188036706152	0.96057294871	0.00242628007938	0.0181971005953
-sóc	0.043795620438	0.912408759124	0.043795620438	0.0
-bla	0.0669456066945	0.916317991632	0.00836820083682	0.00836820083681
-toŋ	0.813293530003	0.0821127060153	0.0196571730345	0.0849365909474
-rso	0.0	1.0	0.0	0.0
-sóy	0.222557905337	0.651560926485	0.0211480362538	0.104733131923
-cɨy	0.120753531716	0.174387143366	0.142295021962	0.562564302956
-nel	0.0287269428485	0.868763229513	0.102509827638	0.0
-dóy	0.142857142857	0.0357142857142	0.785714285714	0.0357142857143
-ñay	0.625533934504	0.259136212624	0.0427147603228	0.0726150925487
-bed	0.276923076923	0.723076923077	0.0	0.0
-ias	0.0475825019187	0.892555640829	0.0214888718342	0.0383729854183
-nei	0.177720540889	0.706374758532	0.0231809401159	0.0927237604636
-saŋ	0.235453702092	0.166016584248	0.305231236179	0.293298477482
-ooz	0.0296296296296	0.97037037037	0.0	0.0
-iay	0.270462633452	0.729537366548	0.0	0.0
-ñas	0.200206118774	0.723948925188	0.0267146201431	0.0491303358954
-smɨ	0.205590622182	0.751127141569	0.0216411181244	0.0216411181244
-ban	0.0694798822374	0.721099116781	0.000785083415114	0.208635917566
-pxi	0.298642533937	0.67963800905	0.0	0.0217194570136
-bam	0.303678270134	0.217324154256	0.0405681084635	0.438429467147
-́iñ	0.409038232707	0.333773087071	0.0981168192871	0.159071860934
-́ts	0.62310866575	0.272352132049	0.0550206327373	0.0495185694635
-ɨtɨ	0.400763358779	0.43893129771	0.160305343511	0.0
-icɨ	0.0807597140762	0.879261363636	0.00652950879766	0.0334494134897
-bac	0.0743389791221	0.760205742921	0.00871979116653	0.156735486791
-jor	0.15625	0.75	0.09375	0.0
-jos	0.0705361790734	0.825871941697	0.0622071837585	0.041384695471
-xɨc	0.361602309636	0.165884758812	0.0168410922651	0.455671839288
-jon	0.217291874424	0.75166642923	0.0121467507442	0.018894945602
-uuy	0.205479452055	0.794520547945	0.0	0.0
-joj	0.0357238672145	0.868322170605	0.00103547441202	0.0949184877681
-hoz	0.0946859903382	0.838647342995	0.0434782608696	0.0231884057971
-imɨ	0.620981525189	0.237405387808	0.0765036217139	0.0651094652885
-hoy	0.0225563909775	0.977443609023	0.0	0.0
-bas	0.147518998659	0.839070183281	0.0134108180599	0.0
-job	0.0	0.878205128205	0.121794871795	0.0
-̱sɨ	0.48336537269	0.219676299144	0.0972032742156	0.19975505395
-ase	0.0526142716212	0.916146004604	0.00657678395266	0.0246629398224
-ecɨ	0.679758308157	0.271903323263	0.04833836858	0.0
-que	0.130563774614	0.0293514391768	0.00484181410628	0.835242972103
-asa	0.0	0.913907284768	0.00662251655628	0.0794701986754
-qui	0.370456253644	0.39736568037	0.0795317813676	0.152646284618
-ymɨ	0.192927905127	0.613710318895	0.0653698749006	0.127991901077
-asi	0.225512004295	0.145355526578	0.270767814681	0.358364654445
-iáy	0.174678899083	0.517064220183	0.0	0.308256880734
-ha̱	0.306875727092	0.318286799425	0.102691096968	0.272146376514
-lsa	0.246401434885	0.704734768219	0.0149214950253	0.0339423018708
-lto	0.0826229508196	0.786885245902	0.0655737704918	0.0649180327869
-lta	0.0176470588235	0.935294117647	0.0117647058823	0.0352941176471
-zor	0.0	1.0	0.0	0.0
-tín	0.0547945205479	0.808219178082	0.13698630137	0.0
-ñéc	0.26	0.0	0.64	0.1
-uiñ	0.548012324948	0.229635299563	0.0874939521173	0.134858423371
-wéc	0.803059273423	0.133914028751	0.0212449543233	0.0417817435026
-utɨ	0.467372134039	0.516754850088	0.00529100529099	0.010582010582
-ras	0.071755620857	0.808651677715	0.0143511241714	0.105241577257
-ran	0.0140186915888	0.705607476635	0.0280373831776	0.252336448598
-eri	0.0	1.0	0.0	0.0
-ral	0.0609026644916	0.939097335508	0.0	0.0
-ram	0.0	1.0	0.0	0.0
-uía	0.0178742419406	0.935205872965	0.00383019470156	0.0430896903926
-ero	0.0597798366211	0.0644524240832	0.00745845946676	0.868309279829
-uím	0.60733378075	0.135902895096	0.0368540417949	0.219909282359
-era	0.0966731898239	0.053228962818	0.850097847358	0.0
-uío	0.0	1.0	0.0	0.0
-rac	0.0	1.0	0.0	0.0
-mɨc	0.325577387108	0.1280592899	0.0174077904171	0.528955532575
-ugo	0.24800163968	0.606476737036	0.0778848124616	0.0676368108219
-poy	0.646973681219	0.201312528892	0.0673694101956	0.0843443796937
-ya̱	0.520328628608	0.36338740257	0.0947967137139	0.0214872551085
-yóy	0.488294314381	0.190635451505	0.267558528428	0.0535117056856
-por	0.129987396302	0.153313643974	0.0427020824319	0.673996877293
-iɨŋ	0.367149758454	0.072463768116	0.0144927536232	0.545893719807
-ozo	0.106800166875	0.813099707968	0.0470031984425	0.0330969267139
-ɨcs	0.61899651194	0.244164207137	0.136839280923	0.0
-ŋca	0.145926454178	0.546538776801	0.101711811213	0.205822957808
-yón	0.666726345001	0.273117894548	0.0451168203383	0.0150389401128
-azo	0.12543554007	0.637630662021	0.184668989547	0.0522648083624
-mtí	0.177514792899	0.405325443787	0.0887573964495	0.328402366864
-moj	0.384540762273	0.202990082102	0.0145194458123	0.397949709813
-poa	0.148274392842	0.652322113336	0.181508308479	0.017895185343
-aza	0.0357412598031	0.858056139639	0.0602495522396	0.0459530483183
-noy	0.325123152709	0.418719211823	0.197044334975	0.0591133004926
-mɨm	0.383381445067	0.207428261118	0.0529681605121	0.356222133303
-lac	0.0	1.0	0.0	0.0
-lam	0.0408163265306	0.959183673469	0.0	0.0
-nor	0.0	1.0	0.0	0.0
-nos	0.0852640996148	0.105822424276	0.0193533074072	0.789560168702
-not	0.608695652174	0.130434782609	0.260869565217	0.0
-aap	0.25463386272	0.476604266156	0.0957267393308	0.173035131793
-ua̱	0.413173652695	0.0359281437126	0.395209580838	0.155688622754
-aal	0.0	1.0	0.0	0.0
-fos	0.0	1.0	0.0	0.0
-eón	0.0135938827528	0.964316057774	0.0220900594732	0.0
-lar	0.0	0.96062992126	0.0393700787401	0.0
-las	0.0824091006246	0.826275916118	0.00783717671646	0.0834778065405
-ɨ̱ɨ	0.380952380952	0.528571428572	0.0714285714285	0.0190476190476
-ppa	0.589593253801	0.315354019359	0.0199205656365	0.075132161203
-doy	0.336223676399	0.0755003929024	0.0291989938954	0.559076936803
-yɨn	0.686736713383	0.281404366925	0.0212392797953	0.0106196398977
-̱ix	0.0307692307692	0.0769230769231	0.0	0.892307692308
-aac	0.109746612384	0.188630977699	0.163164610804	0.538457799113
-yɨm	0.0834845735027	0.500907441016	0.0725952813067	0.343012704174
-ɨ́c	0.644159875825	0.119518820334	0.0791618160652	0.157159487776
-dor	0.0776567679091	0.830210376784	0.0178583508084	0.0742745044984
-dos	0.0343593414459	0.0458124552613	0.123120973515	0.796707229778
-nix	0.573659961793	0.051073154287	0.0279244858973	0.347342398022
-gel	0.179640718563	0.784431137725	0.0359281437126	0.0
-vez	0.363837638376	0.247232472325	0.0206642066421	0.368265682657
-yáy	0.565369481697	0.240895188553	0.0703913247512	0.123344004999
-o̱ñ	0.542532090865	0.347232513753	0.0216908049848	0.0885445903971
-e̱n	0.0443733353063	0.0760025155372	0.0522343888725	0.827389760284
-fás	0.00293973542381	0.80989710926	0.185693287604	0.0014698677119
-ŋnɨ	0.509523809524	0.480952380952	0.00952380952383	0.0
-cel	0.110578057412	0.836728273693	0.0062917813606	0.0464018875344
-doc	0.0	1.0	0.0	0.0
-yác	0.30975869884	0.0499933342221	0.496933742168	0.14331422477
-ges	0.0206896551724	0.937931034483	0.0413793103448	0.0
-ger	0.0377358490566	0.962264150943	0.0	0.0
-dom	0.334413965087	0.208728179551	0.0982543640898	0.358603491272
-e̱t	0.704313032065	0.125972984305	0.0148021218805	0.15491186175
-sas	0.0	1.0	0.0	0.0
-mpo	0.11000927892	0.577057728543	0.0103035857617	0.302629406775
-vor	0.485436893204	0.364401294498	0.0233009708738	0.126860841424
-vos	0.0626803883269	0.726538584881	0.0848371767587	0.125943850034
-e̱m	0.247053250087	0.149950150961	0.0158385598224	0.58715803913
-ton	0.516129032258	0.445161290323	0.0387096774194	0.0
-ibu	0.0	0.972	0.002	0.026
-ooŋ	0.0236068388297	0.901280492167	0.0515058301738	0.0236068388297
-toj	0.374517374517	0.210424710425	0.133204633205	0.281853281853
-jup	0.229240282686	0.237632508834	0.0521201413427	0.481007067138
-mpa	0.462441179271	0.228465513855	0.0517562788406	0.257337028034
-sac	0.498792344851	0.214139564936	0.178379126796	0.108688963417
-oli	0.0	1.0	0.0	0.0
-̱pa	0.0983556137535	0.789181571805	0.0779843948492	0.0344784195925
-tor	0.137728085854	0.595101314004	0.0698801979307	0.197290402211
-tos	0.045045045045	0.0907502329917	0.0512581547064	0.812946567257
-ióy	0.492282643727	0.27013276243	0.089466548673	0.14811804517
-xóy	0.720546385885	0.10187820148	0.0443938531588	0.133181559476
-saj	0.693374422188	0.255264509502	0.0359527478172	0.015408320493
-̱pi	0.254318046456	0.731387730792	0.00714711137583	0.00714711137582
-umɨ	0.188095232133	0.301199041368	0.0488819715566	0.461823754943
-sam	0.273349525281	0.186796202252	0.461691322588	0.0781629498786
-toy	0.191919191919	0.296296296296	0.198653198653	0.313131313131
-a̱m	0.289752274945	0.0423390087312	0.0702958017875	0.597612914536
-́ɨŋ	0.76	0.194285714286	0.0	0.0457142857143
-ypa	0.49341597954	0.250620116729	0.0817363017568	0.174227601974
-iel	0.0421286031042	0.929046563193	0.0288248337029	0.0
-ros	0.0229007633588	0.961832061069	0.0	0.0152671755725
-loe	0.0	1.0	0.0	0.0
-́a̱	0.477607334123	0.21118227809	0.0378317921141	0.273378595673
-loc	0.0	1.0	0.0	0.0
-aní	0.0	1.0	0.0	0.0
-oce	0.0107061503417	0.0629840546697	0.00205011389522	0.924259681093
-csɨ	0.102834541859	0.868160843771	0.0158206987475	0.0131839156229
-ñec	0.785894206549	0.0705289672544	0.113350125945	0.0302267002519
-iez	0.0459164471208	0.0200157388716	0.00205289629452	0.932014917713
-a̱y	0.0771607402321	0.807509300803	0.0160269204362	0.0993030385286
-rom	0.0	1.0	0.0	0.0
-oco	0.189186059974	0.237929836749	0.166029871483	0.406854231793
-ier	0.210704607046	0.324638663053	0.124209575429	0.340447154471
-lor	0.164705882353	0.369411764706	0.465882352941	0.0
-mas	0.242575966851	0.700448895028	0.00776933701659	0.049205801105
-mñi	0.00431965442764	0.166738660907	0.823758099352	0.00518358531319
-yñe	0.381537350908	0.302835613062	0.146778467193	0.168848568837
-juy	0.926144909496	0.042995695244	0.0	0.0308593952596
-ipo	0.0718232044199	0.907458563536	0.0207182320442	0.0
-ɨ̱t	0.360655737705	0.590163934426	0.0	0.0491803278689
-ión	0.344943480626	0.512023212235	0.0386870579701	0.104346249169
-̱ñu	0.0	1.0	0.0	0.0
-eña	0.167451755052	0.795927670567	0.0234006989819	0.0132198753989
-ipa	0.00310719834283	0.996892801657	0.0	0.0
-ham	0.188916285689	0.677283650713	0.027524227054	0.106275836544
-rde	0.209312527417	0.498965971047	0.252867080278	0.0388544212571
-noé	0.0	1.0	0.0	0.0
-̱wɨ	0.0451804273103	0.668604902201	0.0313240495166	0.254890620973
-̱iñ	0.361407535624	0.274564891963	0.0676426826341	0.296384889779
-lén	0.0311271560369	0.949618933012	0.00120336943442	0.0180505415162
-ɨ́y	0.412128676075	0.256988899734	0.159438833296	0.171443590895
-rdo	0.431119224828	0.342788934138	0.0476056733605	0.178486167673
-ɨpɨ	0.0371110476734	0.930155105148	0.0114187838995	0.0213150632791
-awi	0.127596924587	0.787338459022	0.0850646163912	0.0
-ut́	0.0774749568802	0.369778586798	0.341755012838	0.210991443484
-uuŋ	0.0877659574468	0.835106382979	0.0771276595744	0.0
-eáy	0.684638860631	0.217700915565	0.0671414038657	0.0305188199389
-ɨts	0.305064389931	0.631675327301	0.0374567463762	0.0258035363925
-sat	0.645094038701	0.151106662029	0.0133232097865	0.190476089483
-e̱ñ	0.516842399925	0.38051693571	0.0306055799198	0.0720350844452
-otɨ	0.652996845426	0.246056782334	0.0914826498423	0.00946372239747
-imo	0.0779424585876	0.640540540541	0.164690496949	0.116826503923
-ñɨm	0.594206821873	0.0850027070926	0.091770438549	0.229020032485
-ñɨc	0.209820667715	0.208532959646	0.109549870282	0.472096502358
-ixɨ	0.278250303767	0.315917375456	0.142162818955	0.263669501823
-ita	0.0	1.0	0.0	0.0
-jta	0.763491005996	0.16255829447	0.0259826782145	0.0479680213191
-tol	0.0678149340278	0.872183591734	0.0405906779036	0.0194107963341
-gáy	0.640918558666	0.239895151202	0.0586810706323	0.0605052195004
-núc	0.677580593026	0.0948628598008	0.0116681514652	0.215888395708
-hɨc	0.428026361429	0.540756156781	0.0145681581686	0.0166493236212
-saú	0.0851063829787	0.814313346228	0.0	0.100580270793
-ave	0.0	0.989417989418	0.0	0.010582010582
-ŋñi	0.0299783135604	0.928179614747	0.0237275162648	0.018114555428
-sto	0.0714571163346	0.772497026319	0.0121476027495	0.143898254597
-hɨs	0.0993461295086	0.389791183295	0.00379666736975	0.507066019827
-ste	0.254464285714	0.499255952381	0.0543154761905	0.191964285714
-gui	0.397037644155	0.0549041976991	0.0507430136978	0.497315144448
-sta	0.13372702518	0.0996783488181	0.0283446394291	0.738249986573
-saí	0.0	1.0	0.0	0.0
-lfa	0.0233592880979	0.976640711902	0.0	0.0
-cum	0.572081693297	0.130312048112	0.0303525724639	0.267253686127
-ɨac	0.183311140701	0.628939192188	0.133155792277	0.0545938748336
-rpo	0.0	1.0	0.0	0.0
-cas	0.016348773842	0.979564032698	0.0	0.00408719346049
-loé	0.0	0.928571428571	0.0	0.0714285714285
-ucs	0.5981173063	0.386676321506	0.00506879073135	0.0101375814627
-ián	0.030303030303	0.878787878788	0.0909090909091	0.0
-ucu	0.416273584906	0.583726415094	0.0	0.0
-wɨs	0.0924369747899	0.151260504202	0.0	0.756302521008
-̱co	0.0216556060077	0.946908836884	0.0146699266504	0.0167656304576
-uch	0.0	0.316725978648	0.683274021352	0.0
-wác	0.851078753556	0.0817021055503	0.0141582345071	0.0530609063868
-cuy	0.181925534829	0.67411845904	0.0577817019038	0.0861743042279
-jɨ̱	0.0	0.0734463276836	0.0	0.926553672316
-xoŋ	0.580952380952	0.361904761905	0.0571428571429	0.0
-púc	0.0906095551894	0.830313014827	0.0395387149917	0.0395387149918
-a̱ñ	0.054468428485	0.921323381077	0.0193665523502	0.00484163808756
-hñe	0.223324342353	0.265059891528	0.304533194118	0.207082572
-̱mi	0.10742958927	0.586218331043	0.0758037997087	0.230548279978
-góy	0.471439144184	0.120029603714	0.119895041378	0.288636210725
-top	0.629441624366	0.192893401015	0.126903553299	0.0507614213198
-̱mo	0.0261001105399	0.439342745251	0.0187629376692	0.51579420654
-̱mɨ	0.228772053062	0.559644042084	0.088415268773	0.123168636081
-̱ma	0.0837979303605	0.501924873247	0.0637508366232	0.35052635977
-lea	0.00574680886335	0.989390506714	0.0	0.00486268442283
-olo	0.161231875852	0.808804678193	0.0	0.0299634459548
-leg	0.0	1.0	0.0	0.0
-ley	0.191056910569	0.532520325203	0.105691056911	0.170731707317
-ioy	0.34496124031	0.546511627907	0.0968992248062	0.0116279069768
-gón	0.0	0.996744438416	0.0	0.00325556158437
-mmɨ	0.113362541073	0.334702446148	0.522727272727	0.0292077400511
-ios	0.185017987587	0.590045156285	0.00822987969886	0.216706976429
-les	0.112866817156	0.7050413845	0.0963130173062	0.0857787810384
-i̱ɨ	0.643925206719	0.246593102653	0.0118124981993	0.0976691924285
-ɨɨt	0.0196078431373	0.941176470588	0.0	0.0392156862745
-eel	0.0	1.0	0.0	0.0
-rra	0.0673024750615	0.90358529154	0.0215993989733	0.00751283442547
-gún	0.417937766931	0.472239170226	0.0610128126907	0.0488102501526
-ife	0.184615384615	0.338461538462	0.415384615385	0.0615384615385
-rre	0.401867462923	0.563488790273	0.0346437468037	0.0
-̱ta	0.409548706102	0.227977384643	0.0698117413419	0.292662167913
-̱to	0.325079427467	0.604467590318	0.00854868821853	0.0619042939963
-rro	0.0892976588629	0.847491638796	0.0250836120401	0.038127090301
-̱cu	0.145816934375	0.732157479535	0.0886323950116	0.0333931910783
-iba	0.486348540504	0.127641075277	0.0300584707252	0.355951913493
-gio	0.0116959064328	0.988304093567	0.0	0.0
-alo	0.103294585316	0.271758116003	0.417394446787	0.207552851894
-udá	0.0	1.0	0.0	0.0
-bás	0.0310251798561	0.921762589928	0.0418165467625	0.00539568345324
-uda	0.272297860517	0.727702139483	0.0	0.0
-ndo	0.112552896798	0.0295785878588	0.00142560229227	0.856442913051
-nda	0.212775002657	0.761079817196	0.00318843660325	0.0229567435434
-ale	0.166852847596	0.538793543909	0.0975931750089	0.196760433486
-nde	0.158241020477	0.115676401477	0.0250083920779	0.701074185968
-gia	0.0650306748466	0.828220858896	0.106748466258	0.0
-ala	0.0361445783132	0.963855421687	0.0	0.0
-fat	0.0	1.0	0.0	0.0
-ñil	0.047619047619	0.619047619048	0.333333333333	0.0
-yoj	0.243733806441	0.638998041403	0.0665466330572	0.0507215190985
-ñip	0.791242350036	0.175030354566	0.0256327445025	0.0080945508955
-̱ŋi	0.499286733238	0.367094626724	0.0508796956729	0.0827389443652
-jɨp	0.0836820083682	0.844490934449	0.00906555090652	0.0627615062761
-abí	0.0233463035019	0.79766536965	0.011673151751	0.167315175097
-waŋ	0.00262812089356	0.99605781866	0.00131406044678	0.0
-abé	0.0391943385955	0.92533115587	0.00471783705316	0.0307566684812
-cla	0.256570713392	0.630788485607	0.0976220275344	0.0150187734668
-chi	0.41318160625	0.233615711964	0.0848450642732	0.268357617512
-noc	0.0126475548061	0.987352445194	0.0	0.0
-xuy	0.0439337614058	0.780331192971	0.175735045624	0.0
-cho	0.173132734049	0.3689736108	0.138366903998	0.319526751153
-cha	0.254367112371	0.699983927851	0.022737694794	0.0229112649833
-pen	0.164205039096	0.452649869679	0.355777584709	0.027367506516
-ien	0.0224655717731	0.176511985784	0.0480097589373	0.753012683506
-xáy	0.348387096774	0.335483870968	0.212903225806	0.103225806452
-che	0.282663316583	0.679020100503	0.0301507537689	0.00816582914573
-xus	0.672258064516	0.277419354839	0.00774193548387	0.0425806451613
-oré	0.0382165605096	0.96178343949	0.0	0.0
-elo	0.0396475770925	0.960352422908	0.0	0.0
-ogo	0.0	1.0	0.0	0.0
-uet	0.505481346439	0.168167986025	0.0263063038083	0.300044363727
-oga	0.00568763508133	0.982482083949	0.00375383915368	0.00807644181549
-́uŋ	0.314332247557	0.432410423453	0.0773615635179	0.175895765472
-aén	0.0	0.948051948052	0.0519480519481	0.0
-atɨ	0.480062260634	0.381694554242	0.0493579372069	0.0888852479161
-pne	0.466319895969	0.450715214564	0.0486345903771	0.0343302990897
-múc	0.0882352941176	0.911764705882	0.0	0.0
-jpi	0.223214285714	0.776785714286	0.0	0.0
-itu	0.0198589825656	0.884176825797	0.0229399714291	0.0730242202085
-jáy	0.609870753324	0.1467838071	0.0440879238889	0.199257515687
-ɨ́p	0.163688187909	0.0449144899504	0.0101143517979	0.781282970343
-ito	0.150154151239	0.710257641718	0.0467101491936	0.0928780578493
-uta	0.147919876733	0.842835130971	0.00924499229584	0.0
-eso	0.117177863663	0.833648548639	0.00542718526437	0.043746402434
-lás	0.0533333333333	0.946666666667	0.0	0.0
-tñe	0.614035087719	0.315789473684	0.0350877192982	0.0350877192982
-esa	0.173084402956	0.747569039284	0.0595099183197	0.0198366394399
-ite	0.0300378254098	0.920640806942	0.0348587109694	0.0144626566788
-ta̱	0.518444783332	0.301281263161	0.0582734357713	0.122000517736
-acɨ	0.534246575343	0.294117647059	0.0604351329573	0.111200644641
-spa	0.430844426978	0.218043995914	0.0639889624725	0.287122614636
-ajɨ	0.895652173913	0.104347826087	0.0	0.0
-spe	0.0377358490566	0.924528301887	0.0377358490566	0.0
-̱ca	0.15326883937	0.559157447031	0.0610289896671	0.226544723933
-uel	0.09361558573	0.90638441427	0.0	0.0
-fté	0.0	1.0	0.0	0.0
-̱ch	0.467889908257	0.504587155963	0.0	0.0275229357798
-eza	0.04846174789	0.727742989382	0.209093384155	0.0147018785734
-bra	0.0	0.899082568807	0.100917431193	0.0
-alí	0.0	1.0	0.0	0.0
-sɨm	0.525755846568	0.41785790278	0.00822097994081	0.048165270712
-bre	0.179979623277	0.524188745552	0.214103251908	0.081728379263
-oca	0.897129186603	0.0311004784689	0.0717703349282	0.0
-sɨc	0.0449890428294	0.0294851715848	0.00114140096786	0.924384384618
-bro	0.0862304954832	0.880919791952	0.0295647413085	0.0032849712565
-udo	0.216216216216	0.72972972973	0.0	0.0540540540541
-hum	0.0	1.0	0.0	0.0
-rim	0.0	1.0	0.0	0.0
-món	0.0417093516757	0.951704961218	0.00658568710669	0.0
-ela	0.132158590308	0.822026431718	0.031718061674	0.0140969162996
-ñiñ	0.644804882873	0.128005877533	0.0415383311198	0.185650908474
-aba	0.466538715714	0.304409403942	0.0807410133548	0.148310866989
-nja	0.112191473448	0.857890800299	0.0	0.0299177262527
-ññe	0.419997565232	0.277279552003	0.0941443817717	0.208578500994
-tra	0.216451309357	0.22209726653	0.0354593651741	0.525992058938
-abo	0.077304986578	0.864716273489	0.0138044618889	0.0441742780445
-ii̱	0.548578016286	0.10115853312	0.0451722374221	0.305091213172
-lot	0.0	0.979784609831	0.0202153901691	0.0
-vas	0.0461364789032	0.916070873485	0.0127611537392	0.025031493873
-nco	0.0369804437179	0.0298852208521	0.0	0.93313433543
-soy	0.702702702703	0.243243243243	0.0540540540541	0.0
-oso	0.0	0.807692307692	0.192307692308	0.0
-tea	0.0229885057471	0.977011494253	0.0	0.0
-nce	0.0381861575179	0.378944577035	0.0355343410236	0.547334924423
-tuj	0.112225705329	0.855799373041	0.0263322884013	0.00564263322883
-tum	0.475513644918	0.253278897428	0.101724239335	0.169483218319
-tun	0.0476190476191	0.952380952381	0.0	0.0
-a̱p	0.366493504882	0.240048479802	0.103725104843	0.289732910473
-amɨ	0.502067579693	0.296014574568	0.0877775983293	0.11414024741
-los	0.0679035331741	0.598427266554	0.113858892077	0.219810308195
-son	0.0	1.0	0.0	0.0
-oro	0.012521036688	0.747290474588	0.224840121171	0.015348367553
-elí	0.00666666666667	0.966666666667	0.0266666666667	0.0
-wom	0.106976744186	0.460465116279	0.0697674418604	0.362790697674
-ora	0.0468987725077	0.897856689168	0.00310196605563	0.0521425722684
-ion	0.172043010753	0.483870967742	0.322580645161	0.0215053763441
-tro	0.0585751123166	0.603362810885	0.0176089157523	0.320453161046
-náy	0.757444971947	0.138972809668	0.0776866637895	0.0258955545964
-jcɨ	0.0161943319838	0.943319838057	0.0404858299595	0.0
-tpa	0.458337252995	0.19764312036	0.0707170736386	0.273302553006
-tne	0.454021062471	0.229071415147	0.133878453379	0.183029069004
-jej	0.326833797586	0.450737645724	0.133911069844	0.0885174868462
-jpa	0.470971765105	0.237022821881	0.0861724014858	0.205833011529
-ics	0.424528301887	0.443396226415	0.103773584906	0.0283018867924
-rut	0.0	1.0	0.0	0.0
-lis	0.00541516245487	0.886281588448	0.0	0.108303249097
-ico	0.0420713612441	0.460250355982	0.435069716752	0.062608566022
-néc	0.795912351381	0.0409747469785	0.0363564901248	0.126756411516
-jmɨ	0.0989725185838	0.476135502631	0.212868347224	0.212023631561
-lio	0.0775843541801	0.887814313346	0.016548463357	0.0180528691167
-omo	0.185546745682	0.0954443200857	0.0228692409107	0.696139693322
-sué	0.0391644908616	0.953002610966	0.0	0.00783289817232
