-żen	0.648275862069	0.268965517241	0.0	0.0827586206897
-rbu	0.180283464567	0.772850393701	0.0136062992126	0.0332598425197
-caj	0.630701978763	0.265447402423	0.0740084869711	0.0298421318432
-rby	0.0573158116547	0.883491053983	0.00919504999809	0.0499980843646
-cam	0.698719258663	0.121993635912	0.0485438917688	0.130743213656
-ltu	0.0126582278481	0.816455696203	0.0569620253164	0.113924050633
-rbe	0.0122699386503	0.98773006135	0.0	0.0
-rbi	0.489795918367	0.479591836735	0.030612244898	0.0
-iją	0.721587905935	0.149386338186	0.0838745800672	0.0451511758119
-aus	0.258496888463	0.71565342269	0.0172331258976	0.00861656294879
-ufy	0.46493902439	0.144817073171	0.390243902439	0.0
-aua	0.0	1.0	0.0	0.0
-ufa	0.347728726807	0.3766261463	0.259650245255	0.0159948816379
-auk	0.196433470508	0.694101508916	0.0502057613169	0.0592592592593
-aum	0.0156813090484	0.974091750268	0.0	0.0102269406837
-iję	0.135464519366	0.642623883429	0.207452477424	0.0144591197809
-óty	0.178947368421	0.647368421053	0.0473684210526	0.126315789474
-eus	0.22641509434	0.77358490566	0.0	0.0
-boć	0.116154519279	0.0546877553021	0.0167750509243	0.812382674495
-złą	0.273901808785	0.43669250646	0.231266149871	0.0581395348837
-api	0.297052154195	0.272108843537	0.0702947845805	0.360544217687
-cją	0.260380502708	0.432370504097	0.138175253437	0.169073739758
-rpi	0.725359510269	0.163436809505	0.0340493353135	0.0771543449125
-ido	0.0	0.989247311828	0.0	0.010752688172
-eci	0.0461606747624	0.755597555513	0.158236410815	0.0400053589091
-ech	0.394026466437	0.191373408704	0.0156752424241	0.398924882435
-eco	0.341680541135	0.205899157702	0.113535132611	0.338885168552
-tad	0.395348837209	0.604651162791	0.0	0.0
-eca	0.541538087348	0.36892510223	0.0621741179332	0.0273626924889
-ece	0.193635347492	0.699191268328	0.0591754881978	0.0479978959827
-ida	0.000489250088337	0.997879916284	0.00163083362779	0.0
-ecz	0.0657553344296	0.0765227048349	0.00831065069678	0.849411310039
-ecy	0.0468011991459	0.793546323122	0.114738423713	0.0449140540191
-wad	0.271473075211	0.517133956386	0.198041833556	0.0133511348465
-idy	0.0246913580247	0.972944575781	0.00236406619385	0.0
-gań	0.266666666667	0.65	0.0	0.0833333333333
-tla	0.428476743733	0.403680455378	0.0573121759133	0.110530624976
-tle	0.0846141903431	0.824716658904	0.0490607048595	0.0416084458935
-uta	0.280103668262	0.679027113238	0.0169457735247	0.0239234449761
-ute	0.233445566779	0.17620650954	0.576879910213	0.013468013468
-uto	0.252336448598	0.691588785047	0.0560747663552	0.0
-mfę	0.0	1.0	0.0	0.0
-utu	0.0776314159474	0.354998554734	0.519056860883	0.0483131684354
-uty	0.296219244314	0.599760579259	0.0231285085018	0.0808916679257
-wal	0.0	1.0	0.0	0.0
-wak	0.0792079207921	0.415841584158	0.118811881188	0.386138613861
-ęgę	0.105728461885	0.845737483085	0.016599007668	0.0319350473613
-ęli	0.697498695895	0.108460446192	0.0332998755051	0.160740982408
-iże	0.0753040224509	0.130028063611	0.0261927034612	0.768475210477
-cał	0.743461721627	0.194471063439	0.021558474524	0.0405087404099
-zły	0.446351313245	0.159463281858	0.247580066617	0.14660533828
-gon	0.00769230769231	0.9	0.0	0.0923076923077
-złu	0.162921348315	0.325842696629	0.370786516854	0.140449438202
-wdą	0.0574171184783	0.753710781264	0.152608657008	0.0362634432495
-hwę	0.0363636363636	0.818181818182	0.0	0.145454545455
-zło	0.486979018296	0.180479527544	0.156241964646	0.176299489514
-żci	0.35500230521	0.153219609651	0.113723682188	0.378054402951
-zła	0.466798942375	0.199040819616	0.0993635955761	0.234796642433
-złe	0.0611817831621	0.16609090395	0.707834731656	0.0648925812311
-ije	0.536519161079	0.407216205134	0.0146864777107	0.0415781560759
-ija	0.336014434102	0.404053689464	0.163901254553	0.0960306218805
-ijo	0.0	1.0	0.0	0.0
-bór	0.0462351387054	0.932628797886	0.00528401585205	0.0158520475562
-kby	0.105708000463	0.0661340743314	0.00981822392035	0.818339701285
-iju	0.141509433962	0.787735849057	0.0707547169812	0.0
-cać	0.626907300148	0.221493606424	0.0452838635664	0.106315229861
-rbę	0.103958416633	0.866053578569	0.0	0.0299880047981
-aul	0.0135135135135	0.982432432432	0.0	0.00405405405405
-tyś	0.120698209373	0.087952731045	0.00631455504939	0.785034504533
-ótł	0.899022801303	0.100977198697	0.0	0.0
-ośm	0.0	0.0183486238532	0.0366972477064	0.94495412844
-pot	0.128467843632	0.812421185372	0.0118221941992	0.047288776797
-ofy	0.519906323185	0.444964871194	0.0	0.0351288056206
-kiń	0.122448979592	0.836734693878	0.0	0.0408163265306
-idź	0.653686401198	0.313833909492	0.000261230745117	0.0322184585645
-utę	0.408560311284	0.568093385214	0.00778210116732	0.0155642023346
-ofa	0.537121031272	0.376939603724	0.0429696825018	0.0429696825018
-łsz	0.0785012203971	0.649053367636	0.263209974273	0.00923543769377
-idą	0.730963074708	0.139781259643	0.0202283402475	0.109027325402
-ecą	0.218797982014	0.540332309717	0.174654529502	0.0662151787672
-ecę	0.0725932544114	0.88563770382	0.0	0.041769041769
-idę	0.880079373086	0.0458836299325	0.00331818473868	0.0707188122431
-ałą	0.094981159747	0.381568138543	0.182709435975	0.340741265735
-pod	0.109377193094	0.0592566127777	0.0270125429049	0.804353651223
-zże	0.239762178273	0.0652457387687	0.0329100561955	0.662082026763
-noż	0.14135122185	0.100622903689	0.628653569717	0.129372304744
-łom	0.0307612652698	0.918815629803	0.0293115443735	0.0211115605533
-łon	0.391810144253	0.45197101642	0.00319085288839	0.153027986439
-ieć	0.703849537553	0.146512079613	0.0402320519632	0.109406330871
-łok	0.0471793802315	0.941473680219	0.00776369548113	0.00358324406822
-łot	0.7242003621	0.194327097164	0.0	0.0814725407363
-pył	0.0202102083761	0.762530051581	0.0	0.217259740043
-roć	0.0555392300911	0.511987818235	0.0275265140384	0.404946437635
-łos	0.0919208308155	0.873574317351	0.00694348147781	0.0275613703558
-psi	0.174757281553	0.189320388349	0.349514563107	0.28640776699
-łką	0.238095238095	0.206349206349	0.539682539683	0.015873015873
-toć	0.125929719859	0.0809134636797	0.0165345388144	0.776622277647
-ade	0.107361357805	0.343299782909	0.0436155516084	0.505723307677
-ada	0.31414872957	0.456342985821	0.126837159238	0.10267112537
-ado	0.030142781597	0.957958751983	0.0103120042306	0.00158646218932
-zęd	0.442396313364	0.350230414747	0.0414746543779	0.165898617512
-lac	0.123720136519	0.651023890785	0.0921501706485	0.133105802048
-adu	0.328453275026	0.557784326774	0.0636942675159	0.0500681306842
-zęt	0.356723429243	0.515560775103	0.0660598943042	0.0616559013506
-żąć	0.823987538941	0.15015576324	0.017445482866	0.00841121495328
-adz	0.11769931157	0.803464357095	0.0555185431934	0.0233177881412
-ady	0.105696334068	0.825011548686	0.0252002675158	0.0440918497302
-sen	0.30737704918	0.418032786885	0.147540983607	0.127049180328
-ywa	0.672447784348	0.168733343757	0.0356265436498	0.123192328245
-sel	0.272288098375	0.397233201581	0.304128238911	0.0263504611331
-sek	0.166366539413	0.693414007539	0.0206487550722	0.119570697976
-oes	0.154838709677	0.825806451613	0.0193548387097	0.0
-ywe	0.299336547727	0.475948242985	0.203822266276	0.0208929430124
-ywd	0.482352941176	0.203921568627	0.274509803922	0.0392156862745
-óki	0.0507806774403	0.0494089953468	0.0295250742174	0.870285252995
-ywi	0.351403375263	0.0706089499679	0.479355984302	0.0986316904666
-ieł	0.166721698342	0.765977799575	0.0152955686552	0.0520049334278
-łóż	0.64909445528	0.255465775053	0.0234048481471	0.0720349215194
-ień	0.0558641820385	0.873964980142	0.0251897941894	0.0449810436299
-sea	0.0	1.0	0.0	0.0
-roś	0.578994614004	0.277183670283	0.00780579189759	0.136015923815
-roń	0.425317265285	0.411431258078	0.120080175274	0.0431713013634
-ieś	0.310332965821	0.269980154355	0.0668136714443	0.352873208379
-ywu	0.623370786517	0.24808988764	0.0948314606741	0.0337078651685
-kło	0.230924426943	0.471134446632	0.166921898928	0.131019227497
-ywy	0.170747177471	0.275402765445	0.494481796271	0.0593682608144
-set	0.0702315864337	0.11299284349	0.0222251855803	0.794550384496
-ses	0.0	1.0	0.0	0.0
-ser	0.0	1.0	0.0	0.0
-łan	0.00712210664417	0.831646518602	0.151297910224	0.00993346453003
-kuć	0.788617886179	0.186991869919	0.0243902439024	0.0
-łam	0.67155818209	0.181237039923	0.0180794804706	0.129125297516
-bli	0.283554001388	0.706168917837	0.00840852063425	0.00186856014094
-sły	0.34389915983	0.55041343299	0.0756734607304	0.03001394645
-ład	0.17179665201	0.643292447736	0.031782766335	0.15312813392
-słu	0.125179078889	0.750698701238	0.0500246600437	0.07409755983
-bla	0.0183550923727	0.981644907627	0.0	0.0
-sło	0.664309210072	0.271430618955	0.0305132166687	0.0337469543048
-fos	0.0	1.0	0.0	0.0
-łaz	0.0906040268456	0.895973154362	0.0	0.0134228187919
-mto	0.349680170576	0.2921108742	0.0127931769723	0.345415778252
-ław	0.773279352227	0.178137651822	0.0242914979757	0.0242914979757
-łat	0.00646434930711	0.858403654099	0.104474723233	0.0306572733607
-słe	0.225765306122	0.1875	0.450255102041	0.136479591837
-toś	0.0562565660184	0.462533520834	0.00445885845601	0.476751054692
-ikę	0.25223880597	0.667164179104	0.0805970149254	0.0
-sła	0.365169536659	0.544825137582	0.0511272856382	0.0388780401207
-fów	0.0823798627002	0.588100686499	0.329519450801	0.0
-los	0.0733994650777	0.790217918769	0.103993860807	0.0323887553464
-wyt	0.311838790932	0.627707808564	0.0302267002519	0.0302267002519
-jże	0.373099776217	0.209553206266	0.14325179412	0.274095223397
-wym	0.143551419278	0.318573272991	0.33873613837	0.199139169361
-zom	0.200529155688	0.691468442981	0.0808256554233	0.0271767459082
-zon	0.0	1.0	0.0	0.0
-żki	0.0855565061834	0.746830520339	0.10383448705	0.0637784864276
-żko	0.266667926748	0.271079000031	0.182420443564	0.279832629657
-pką	0.101323966496	0.744663604431	0.105376925155	0.0486355039179
-pkę	0.205429830916	0.750733677968	0.0232075541203	0.0206289369958
-zop	0.0554156171285	0.793450881612	0.151133501259	0.0
-zor	0.0	1.0	0.0	0.0
-żku	0.10490820532	0.782690146122	0.0269763956538	0.0854252529037
-ery	0.0661416141714	0.160859325351	0.0217690755643	0.751229984913
-erz	0.424514868819	0.491242186838	0.0246173135401	0.0596256308027
-raz	0.0451135381304	0.033282055534	0.00736698333351	0.914237423002
-iwu	0.411383699702	0.343536649411	0.184860079526	0.0602195713607
-erp	0.0839174454828	0.897975077882	0.00992990654205	0.00817757009346
-raw	0.388776281229	0.459191383715	0.040130971371	0.111901363685
-rat	0.0315000623764	0.911626062626	0.0105148723067	0.0463590026911
-rża	0.522786217118	0.397925157466	0.0192663949611	0.0600222304557
-eru	0.33422459893	0.353832442068	0.298573975045	0.0133689839572
-ągi	0.0	0.965384615385	0.0346153846154	0.0
-erw	0.0663852832822	0.114664748205	0.17471313093	0.644236837582
-ran	0.179824561403	0.785087719298	0.0263157894737	0.00877192982455
-ągu	0.218574514039	0.368466522678	0.089848812095	0.323110151188
-ram	0.215767477922	0.677767061894	0.0616478508349	0.0448176093493
-rży	0.576885387269	0.402536061461	0.0	0.02057855127
-rak	0.210943767897	0.392281049631	0.299521886884	0.0972532955887
-iwe	0.0978337190494	0.125436177766	0.649201385562	0.127528717622
-ero	0.19450252506	0.142608556722	0.0855811110262	0.577307807192
-raf	0.291512915129	0.575645756458	0.132841328413	0.0
-era	0.579533358448	0.32286892508	0.0293501528465	0.0682475636254
-rad	0.128932141889	0.754077082384	0.0415351866487	0.0754555890785
-erc	0.0328973733105	0.91136289118	0.0163940398557	0.0393456956537
-iwo	0.065808885624	0.807701308242	0.114524554203	0.0119652519316
-rac	0.0621176470588	0.868235294118	0.064	0.00564705882353
-swe	0.0719424460431	0.080444735121	0.0734139960759	0.77419882276
-ugu	0.539333869095	0.375837128315	0.0669702652023	0.0178587373873
-oza	0.108215641181	0.161646232205	0.0637724508656	0.666365675748
-azy	0.0943860680432	0.665118671467	0.07731648174	0.163178778749
-ęsę	0.0905028929223	0.884530791789	0.0124831576444	0.0124831576445
-azu	0.189492006377	0.390831834072	0.0327935992511	0.3868825603
-ozi	0.241935483871	0.420628183362	0.0	0.337436332767
-bol	0.4	0.533333333333	0.0285714285714	0.0380952380952
-azi	0.665486345834	0.224475561994	0.0751113257149	0.0349267664574
-uga	0.046318072795	0.726600918198	0.216507349082	0.0105736599247
-ozu	0.0159314190343	0.941584796874	0.0191177028411	0.0233660812502
-azd	0.0197945140918	0.977943255726	0.0	0.00226223018192
-ozy	0.0894454382826	0.759988073942	0.117769827072	0.0327966607036
-aza	0.0492452628198	0.847446740178	0.0422866930735	0.0610213039289
-ugi	0.0479616637797	0.341797935921	0.428665600685	0.181574799614
-ike	0.0	1.0	0.0	0.0
-adł	0.79147350162	0.112874928241	0.0134187454511	0.0822328246877
-ika	0.130368300588	0.732450181105	0.110724866661	0.0264566516462
-łać	0.725183761752	0.152359819728	0.0447335993175	0.0777228192026
-not	0.38419016031	0.510779436153	0.0718629076838	0.0331674958541
-iki	0.0638626041687	0.903567467705	0.0277802328134	0.00478969531266
-iku	0.239733909353	0.687366428995	0.0340412516965	0.0388584099555
-ikt	0.0245367054845	0.410427797172	0.00565336645193	0.559382130892
-iks	0.0112985839108	0.977854775535	0.00903886712866	0.00180777342573
-nom	0.0619022701021	0.866322109027	0.0379744260324	0.0338011948382
-non	0.0	1.0	0.0	0.0
-spę	0.00983606557376	0.955737704918	0.0147540983607	0.0196721311475
-kci	0.0960017434367	0.291691246369	0.0331403278713	0.579166682323
-noc	0.0516343650564	0.880604570437	0.00665316748626	0.0611078970205
-noe	0.00903750564844	0.984937490586	0.00301250188281	0.00301250188281
-mtą	0.184615384615	0.476923076923	0.0307692307692	0.307692307692
-łoń	0.201848249027	0.722276264591	0.068579766537	0.00729571984435
-jny	0.19083668251	0.332553846766	0.316668012589	0.159941458135
-ywą	0.177445816423	0.553579138244	0.24566099646	0.0233140488731
-ząc	0.719169960496	0.107825260879	0.0284945154889	0.144510263136
-iść	0.772736325402	0.140664721939	0.04055811338	0.0460408392788
-dyż	0.12649101404	0.0320586878645	0.00922521155479	0.83222508654
-eśń	0.186127570582	0.813872429418	0.0	0.0
-adź	0.57858223058	0.150968021121	0.0896665385332	0.180783209765
-pym	0.029032999885	0.144245142003	0.819822927446	0.00689893066575
-łoś	0.781098546042	0.0872374798061	0.0444264943457	0.0872374798061
-adą	0.164886515354	0.735091232755	0.0609701824655	0.0390520694259
-gle	0.283624771459	0.120106886691	0.0286906380385	0.567577703811
-łów	0.0460366600318	0.901370633054	0.0138740619274	0.038718644987
-ton	0.0	0.634632418069	0.0	0.365367581931
-gli	0.248929232122	0.0867803165993	0.177896966701	0.486393484578
-łań	0.132798797294	0.618641944375	0.241042345277	0.00751691305437
-tom	0.301098809074	0.553117906567	0.0667256825069	0.0790576018513
-łał	0.880523231315	0.0489259805829	0.0122375032587	0.0583132848436
-tok	0.134408602151	0.851478494624	0.00604838709677	0.00806451612902
-toi	0.566286572056	0.161777240356	0.167925633605	0.104010553983
-tot	0.0299120234604	0.941935483871	0.00351906158357	0.024633431085
-łód	0.0493849013187	0.598902557749	0.323037436941	0.0286751039915
-łaś	0.362090319626	0.380730841686	0.090486152309	0.166692686379
-top	0.0213534711253	0.965834446199	0.00854138845014	0.00427069422507
-bże	0.5	0.236842105263	0.157894736842	0.105263157895
-adę	0.359705828096	0.55217511049	0.0313736596367	0.0567454017777
-iei	0.112742594484	0.857954545455	0.00651174668028	0.022791113381
-tłu	0.0391085728475	0.700167608169	0.221615246136	0.0391085728475
-iek	0.0769466626116	0.589084665895	0.0240063867914	0.309962284702
-iej	0.116064149101	0.216142551508	0.1719571428	0.49583615659
-iem	0.203877306312	0.287141063575	0.0256690337091	0.483312596403
-iel	0.0852292157739	0.857797929314	0.00895168204938	0.048021172863
-ien	0.183683690474	0.095760924823	0.25396624215	0.466589142554
-iec	0.0383635136364	0.897310602346	0.0329882880219	0.0313375959954
-itę	0.110429447853	0.889570552147	0.0	0.0
-seł	0.0	0.622107969152	0.233933161954	0.143958868895
-ieg	0.120434918323	0.827801477474	0.0314743523046	0.0202892518989
-rod	0.0262741373852	0.923963279519	0.0425451092118	0.00721747388414
-tła	0.0901686910932	0.73463670382	0.156884717748	0.0183098873392
-rąś	0.263003032909	0.0969172966366	0.0126748449595	0.627404825495
-rom	0.0682848992152	0.893231514973	0.0307399374474	0.00774364836461
-tło	0.0334249781033	0.735535513194	0.220813169793	0.0102263389098
-ier	0.0248962655602	0.97510373444	0.0	0.0
-iet	0.0553049617572	0.911551284566	0.0200039223377	0.0131398313395
-iew	0.0352379677952	0.821223069718	0.123912752576	0.0196262099112
-rok	0.11473958184	0.796064330169	0.0438093326068	0.0453867553847
-swą	0.230636985665	0.143446173902	0.0530754569522	0.57284138348
-trą	0.453492167102	0.529373368146	0.0102806788512	0.00685378590078
-wyż	0.480198019802	0.20297029703	0.0445544554456	0.272277227723
-azę	0.188657737247	0.664576802508	0.136078654887	0.0106868053577
-dda	0.54611529191	0.165004117956	0.0048811138857	0.283999476249
-ugę	0.0929378661264	0.851757406472	0.0312817364368	0.0240229909652
-ęso	0.305785123967	0.52479338843	0.144628099173	0.0247933884298
-beł	0.0124952669443	0.980310488451	0.00302915562288	0.00416508898145
-ugą	0.0697230748095	0.622675767407	0.266390230651	0.0412109271327
-ęsk	0.0353634577603	0.96463654224	0.0	0.0
-azą	0.0984848484849	0.80303030303	0.0833333333333	0.0151515151515
-ozę	0.0	1.0	0.0	0.0
-ęsa	0.111021952198	0.882100074511	0.00687797329053	0.0
-erę	0.29711751663	0.543237250554	0.0266075388027	0.133037694013
-wyś	0.0526315789474	0.414473684211	0.453947368421	0.0789473684211
-rżą	0.52969762419	0.32505399568	0.0788336933046	0.066414686825
-iwę	0.117781155015	0.772986322188	0.0636398176292	0.0455927051672
-ila	0.131868131868	0.808379120879	0.0151098901099	0.0446428571429
-jną	0.629974982943	0.121673868547	0.0573118035024	0.191039345008
-rżę	0.798319327731	0.0756302521009	0.0756302521008	0.0504201680672
-mać	0.617444414642	0.203649722147	0.0475179927946	0.131387870416
-iwą	0.240543967575	0.378446170798	0.280040310301	0.100969551326
-rać	0.61984063701	0.183775691159	0.0853194165407	0.11106425529
-erą	0.181677018634	0.349378881988	0.340062111801	0.128881987578
-erć	0.136778954402	0.803808776746	0.014380964832	0.0450313040194
-raż	0.127675097276	0.707441634241	0.00437743190661	0.160505836576
-pki	0.17763115423	0.783435990048	0.0250282643925	0.0139045913292
-iły	0.479786247692	0.273210836589	0.127950902881	0.119052012838
-żką	0.373027259684	0.222381635581	0.335724533716	0.0688665710186
-żkę	0.340720221607	0.465373961219	0.0941828254847	0.0997229916897
-pku	0.135629709365	0.78256189451	0.0818083961249	0.0
-azł	0.887889977343	0.0375329453652	0.0040954639434	0.0704816133485
-ądę	0.679032433019	0.17778500922	0.104132769281	0.0390497884803
-ągł	0.710115752391	0.250880724711	0.00805234021138	0.0309511826874
-tii	0.0204117253484	0.960291679192	0.0115876540576	0.00770894140234
-hyi	0.00512820512821	0.994871794872	0.0	0.0
-hym	0.181488203267	0.107078039927	0.602540834846	0.10889292196
-wyć	0.611531190926	0.283553875236	0.0567107750473	0.0482041587902
-rań	0.120726751136	0.449199139374	0.375089648578	0.0549844609132
-rał	0.741609915159	0.118947380245	0.0487116922428	0.0907310123532
-ódl	0.491888160166	0.272523299966	0.0543665861236	0.181221953745
-lei	0.0156956969451	0.941336162511	0.0134802009548	0.0294879395887
-lej	0.234666108436	0.12267113251	0.0575675109902	0.585095248064
-ois	0.0	1.0	0.0	0.0
-lem	0.0744606643812	0.775668508452	0.0381923239955	0.111678503172
-len	0.177395511356	0.536352640774	0.28625184787	0.0
-bca	0.210081946859	0.775018624286	0.00297988577105	0.0119195430842
-mum	0.31013916501	0.500994035785	0.0755467196819	0.113320079523
-lea	0.052839391476	0.742916037626	0.00304842643131	0.201196144466
-leb	0.0495444433424	0.924716251258	0.000595128448556	0.0251441769515
-yte	0.651340996169	0.166123203174	0.149452460531	0.0330833401266
-yta	0.575925785818	0.328326610361	0.0418111807079	0.0539364231132
-rąm	0.119415251282	0.03596154804	0.0	0.844623200677
-znę	0.039086142108	0.647864664447	0.275843346812	0.0372058466331
-yty	0.448610557107	0.311468628581	0.143573303392	0.0963475109201
-lep	0.387900355872	0.46975088968	0.0213523131673	0.120996441281
-oim	0.0359988832415	0.0280739068195	0.0628968637614	0.873030346178
-ytu	0.284984678243	0.309159005788	0.122574055158	0.28328226081
-let	0.00517687661777	0.994823123382	0.0	0.0
-ódr	0.0102669404517	0.989733059548	0.0	0.0
-lew	0.0826810715466	0.886451328409	0.0242531143203	0.00661448572373
-dcz	0.532546574631	0.203518147406	0.0187040748163	0.245231203147
-bki	0.144938875306	0.650953545232	0.186503667482	0.0176039119804
-dcy	0.0770285901465	0.804997389729	0.0567094205198	0.0612645996049
-bko	0.175096940974	0.0735889702714	0.0152520465317	0.736062042223
-bka	0.0698913408061	0.865404566338	0.0627930015055	0.00191109135017
-tli	0.671537170501	0.187284035936	0.113041761279	0.0281370322835
-ole	0.120862222462	0.789265868528	0.0203858155675	0.0694860934428
-urę	0.122999659516	0.218505277494	0.647429349677	0.0110657133129
-dci	0.0747384155456	0.181863477828	0.17538614848	0.568011958147
-sam	0.0819348180893	0.029824420162	0.0957601750675	0.792480586681
-łąb	1.0	0.0	0.0	0.0
-dca	0.0356259219427	0.860376005689	0.0611317782989	0.0428662940696
-bku	0.0856164383562	0.832191780822	0.0684931506849	0.013698630137
-łąd	0.384587656916	0.354625284298	0.112812379362	0.147974679423
-dce	0.0429799426934	0.67335243553	0.025787965616	0.25787965616
-ocu	0.0903522205207	0.872894333844	0.0126339969372	0.0241194486983
-oło	0.0758763095371	0.117246292432	0.0119878927707	0.79488950526
-oła	0.131316876877	0.772180451549	0.0120745968273	0.084428074747
-ołd	0.194379391101	0.742388758782	0.00702576112412	0.056206088993
-ołe	0.196191575303	0.197922677438	0.558280438546	0.0476053087132
-rną	0.197799530782	0.567429819594	0.192702855756	0.0420677938678
-oły	0.0689631801324	0.89730226539	0.0245342214382	0.00920033303932
-ołu	0.229306998516	0.64008448453	0.0171252426076	0.113483274346
-jka	0.525862068965	0.129310344828	0.241379310345	0.103448275862
-krą	0.0239520958084	0.952095808383	0.0	0.0239520958084
-tną	0.276785422044	0.354893819489	0.322008237063	0.046312521405
-pem	0.209991765029	0.730990941532	0.0398023606917	0.0192149327477
-ogu	0.0255454198708	0.92526908731	0.00637171031092	0.0428137825086
-jko	0.0	1.0	0.0	0.0
-ogi	0.0515947527324	0.84995365305	0.0384489811896	0.0600026130278
-stu	0.0301599894335	0.129722768016	0.0142674741547	0.825849768396
-ecu	0.402985074627	0.482587064677	0.114427860697	0.0
-ogo	0.140537937275	0.345394842457	0.00731746471885	0.506749755549
-oga	0.00719046067612	0.930824515365	0.00923086031409	0.0527541636445
-lsi	0.0356703567036	0.343788437884	0.29581795818	0.324723247232
-krę	0.0	1.0	0.0	0.0
-esz	0.441638295016	0.247122778977	0.0381271199968	0.27311180601
-źby	0.218849840256	0.565495207668	0.201277955272	0.0143769968051
-ąda	0.520980418276	0.356467297189	0.0546156920208	0.0679365925137
-ity	0.692230434771	0.158663902487	0.0781719008552	0.0709337618871
-itw	0.203654848465	0.70111318448	0.0566244128434	0.0386075542114
-itu	0.147477360931	0.641655886158	0.019404915912	0.191461836999
-hał	0.575920955847	0.274983062501	0.024024372752	0.1250716089
-esu	0.20350877193	0.653801169591	0.102923976608	0.0397660818713
-est	0.856266755696	0.0217448999203	0.00375279401709	0.118235550367
-ccy	0.0827129859388	0.917287014061	0.0	0.0
-ito	0.404311421566	0.529768237961	0.00555118656613	0.0603691539066
-esi	0.963636363636	0.0	0.0272727272727	0.0090909090909
-tes	0.0111731843575	0.966480446927	0.0	0.0223463687151
-ądu	0.122448548036	0.740218291978	0.0785074192017	0.0588257407846
-ądz	0.182879377432	0.622568093385	0.171206225681	0.0233463035019
-hań	0.0416666666667	0.875	0.0833333333333	0.0
-esa	0.0236611720167	0.956621184636	0.016825722323	0.00289192102427
-ite	0.198771003988	0.333036049035	0.42703706018	0.0411558867972
-ita	0.144254378785	0.62851939761	0.180778359797	0.0464478638075
-spa	0.0133333333333	0.986666666667	0.0	0.0
-nnę	0.0562492684115	0.848968499777	0.0575779912873	0.0372042405241
-jam	0.121956050986	0.0363578034576	0.000608765645519	0.841077379911
-yza	0.0384615384615	0.961538461538	0.0	0.0
-udu	0.0274840487673	0.939310427463	0.0145732858041	0.0186322379654
-faj	0.446109231513	0.403093281779	0.136297728371	0.0144997583374
-mma	0.0	0.894736842105	0.105263157895	0.0
-yzn	0.00799874529486	0.939460476788	0.00752823086575	0.0450125470514
-udy	0.0672883456397	0.828315765169	0.0822962854761	0.022099603715
-fal	0.0947549644504	0.866239108436	0.0257586311127	0.0132472960008
-fam	0.334448160535	0.319397993311	0.125418060201	0.220735785953
-fas	0.0302629090221	0.9481747683	0.00680915452998	0.0147531681483
-uda	0.0801304464543	0.807997283839	0.0965607194293	0.0153115502779
-lcu	0.403361344538	0.529411764706	0.0672268907563	0.0
-fat	0.0	1.0	0.0	0.0
-spy	0.0615911035073	0.816509837468	0.0205303678358	0.101368691189
-móż	0.807157057654	0.113982770046	0.0119284294234	0.0669317428761
-nną	0.0895598643936	0.238616278331	0.302495559826	0.369328297449
-goż	0.14215591331	0.1379584474	0.215712745322	0.504172893968
-łne	0.145763254845	0.0719244107617	0.702473517327	0.0798388170655
-łna	0.104311289733	0.258494702229	0.538545853124	0.0986481549141
-łno	0.311377245509	0.59880239521	0.0299401197605	0.059880239521
-łni	0.341473515064	0.194032277708	0.22077789663	0.243716310599
-rii	0.0121374498768	0.948932803481	0.0206786183087	0.0182511283333
-łny	0.102858040201	0.310615577889	0.567682160804	0.0188442211055
-ael	0.0441700721676	0.929745239544	0.00991218154943	0.0161725067386
-aen	0.0	1.0	0.0	0.0
-ębę	0.030612244898	0.959183673469	0.0102040816327	0.0
-eju	0.0	0.983543609435	0.016456390565	0.0
-tna	0.151554938665	0.582436133098	0.186667667029	0.0793412612072
-tne	0.129152493652	0.140938053945	0.662262252671	0.0676471997317
-kra	0.0880236986881	0.704189589505	0.197630131189	0.0101565806179
-tni	0.119517901473	0.156311804307	0.665176829616	0.0589934646042
-zby	0.319424203079	0.594047272053	0.0493852513315	0.0371432735366
-tno	0.0309587217044	0.963382157124	0.00299600532623	0.00266311584554
-leż	0.0633912057753	0.132957460772	0.126185788437	0.677465545015
-ódź	0.113895658831	0.838811311482	0.0194128593475	0.0278801703395
-tny	0.122693420094	0.165773490863	0.338921159494	0.37261192955
-muż	0.103241013553	0.075073659399	0.0348850913376	0.78680023571
-ogą	0.19396171548	0.373747146836	0.128612894432	0.303678243253
-łąź	0.142969684591	0.777375776851	0.0673999941645	0.0122545443935
-rnu	0.0	1.0	0.0	0.0
-tek	0.104552652069	0.573487309193	0.133707648037	0.188252390701
-leń	0.0148841165214	0.849103409171	0.0640253266236	0.0719871476835
-izy	0.0461538461538	0.930769230769	0.0	0.0230769230769
-ódł	0.778623400519	0.122773270887	0.0150539432968	0.0835493852973
-tem	0.275992360187	0.124449844261	0.0176133756469	0.581944419905
-rne	0.141068225013	0.404625304179	0.383967743654	0.0703387271532
-leś	0.301776377298	0.288583399702	0.0290868797396	0.38055334326
-oił	0.577172091606	0.18822678109	0.145559335805	0.0890417914995
-rna	0.175077293249	0.604569033543	0.124367747694	0.0959859255139
-rno	0.0593457131452	0.89231375795	0.00925669702439	0.0390838318807
-izm	0.272703203601	0.645221074927	0.0450092666137	0.0370664548583
-rni	0.173532824203	0.408019459332	0.358971606215	0.0594761102501
-dcę	0.0886822479483	0.882765937529	0.0215308765251	0.00702093799732
-uro	0.304979253112	0.346473029046	0.319502074689	0.0290456431535
-ura	0.204261619728	0.569216339912	0.149233859923	0.0772881804375
-bką	0.0	0.111111111111	0.849673202614	0.0392156862745
-bkę	0.0896	0.87072	0.03968	0.0
-urz	0.0354929577465	0.723943661972	0.0	0.240563380282
-lkę	0.271689890692	0.684617290629	0.0293933507474	0.0142994679312
-urs	0.539434112809	0.434787945744	0.0	0.0257779414472
-uru	0.0548454566581	0.914478270974	0.00976063211714	0.020915640251
-dcą	0.0732587768969	0.786122121555	0.0251274065685	0.115491694979
-zno	0.0968888888889	0.215555555556	0.427555555556	0.26
-ros	0.0408163265306	0.877551020408	0.0408163265306	0.0408163265306
-muć	0.0740740740741	0.111111111111	0.666666666667	0.148148148148
-zni	0.391543739366	0.191179349217	0.362467814713	0.0548090967039
-zne	0.170711483611	0.206578539972	0.484637324669	0.138072651748
-ytą	0.633754457015	0.259057093806	0.0614077563058	0.0457806928732
-leą	0.0	1.0	0.0	0.0
-zna	0.499671403833	0.269206197723	0.097086735893	0.134035662551
-leć	0.284431855845	0.127594763375	0.0687612294381	0.519212151342
-oić	0.432130903682	0.366307177389	0.153960580141	0.0476013387876
-leę	0.0431137724551	0.898203592814	0.00718562874252	0.051497005988
-zny	0.182484800943	0.301803283819	0.453400031989	0.0623118832488
-ytę	0.128404669261	0.686770428016	0.184824902724	0.0
-fał	0.482424960506	0.402547393365	0.0187598736177	0.0962677725119
-ębi	0.217645185264	0.45588703684	0.178362883533	0.148104894362
-ęba	0.121065375303	0.661016949153	0.217917675545	0.0
-jcą	0.0586299730781	0.901884534849	0.0071791803769	0.0323063116961
-kób	0.0	0.995530726257	0.00223463687151	0.00223463687151
-ęby	0.127241464014	0.822647998035	0.0412675018423	0.00884303610906
-oży	0.171109341731	0.619692602629	0.011737393748	0.197460661892
-ądź	0.490125687924	0.242379456791	0.0326140137891	0.234880841495
-ęch	0.462686567164	0.492537313433	0.044776119403	0.0
-rdo	0.142857142857	0.177339901478	0.472906403941	0.206896551724
-łną	0.100083835682	0.24771447962	0.549003952254	0.103197732444
-jcę	0.0896686159844	0.731968810916	0.150097465887	0.0282651072125
-udź	0.308743169399	0.628415300546	0.0245901639344	0.0382513661202
-dyć	0.190175348118	0.143243940175	0.0580195977308	0.608561113976
-ewi	0.0746575342466	0.888356164384	0.0287671232877	0.00821917808218
-ókł	0.792452830189	0.207547169811	0.0	0.0
-łnę	0.188481675393	0.811518324607	0.0	0.0
-nny	0.0838342168425	0.219408609536	0.22500278519	0.471754388432
-fać	0.174978867287	0.360946745562	0.342349957735	0.121724429417
-mąż	0.147836711226	0.725791768483	0.021249580758	0.105121939533
-udę	0.0679166666666	0.88625	0.0075	0.0383333333333
-nni	0.0910849691504	0.513051004401	0.183114994575	0.212749031874
-nno	0.183906939816	0.371482876012	0.067702005317	0.376908178855
-kli	0.736606942564	0.0410177641597	0.0304690572143	0.191906236062
-tpi	0.700595909164	0.251087131583	0.0483169592527	0.0
-udą	0.0863930885529	0.740820734341	0.0950323974082	0.0777537796976
-kle	0.206438712258	0.521215756849	0.132973405319	0.139372125575
-nna	0.123311771994	0.569946522067	0.167898298543	0.138843407397
-zmą	0.600879949717	0.252042740415	0.0414833438089	0.105593966059
-nne	0.105812766928	0.189925624642	0.396931745851	0.30732986258
-źbę	0.672131147541	0.131147540984	0.0	0.196721311475
-lów	0.00893945550589	0.972694026818	0.00910199106054	0.00926452661521
-ądą	0.656985399229	0.263651868721	0.0545187463646	0.0248439856851
-ary	0.0956413758848	0.829536463785	0.0376280948242	0.0371940655065
-ępi	0.655887041676	0.289455704851	0.0409929401048	0.0136643133682
-itą	0.330380024896	0.370505967636	0.2434648898	0.0556491176686
-bań	0.370967741935	0.58064516129	0.0483870967742	0.0
-źbą	0.417860151643	0.385846672283	0.1550126369	0.0412805391744
-źże	0.475657044377	0.43472641103	0.0413614821198	0.048255062473
-yło	0.704273645136	0.0585196259628	0.0186273009445	0.218579427957
-yłe	0.904696132597	0.0455801104972	0.0	0.049723756906
-yła	0.703884938257	0.0639927477156	0.0215353973131	0.210586916715
-yły	0.706393792153	0.111892795877	0.0414954827237	0.140217929247
-yłu	0.0195205971006	0.0404765322233	0.000861202813262	0.939141667863
-gła	0.343471667485	0.126188086033	0.117794057968	0.412546188513
-opę	0.183406113537	0.615720524017	0.200873362445	0.0
-wić	0.789892971377	0.100758349285	0.0325334367799	0.0768152425575
-wią	0.593209425129	0.226058687239	0.0201703350678	0.160561552564
-yga	0.193548387097	0.629032258065	0.177419354839	0.0
-wię	0.614769917654	0.0400753854607	0.0107049346985	0.334449762187
-ygi	0.0097244732577	0.581847649919	0.369529983793	0.0388978930308
-buj	0.187707641196	0.667774086379	0.0747508305648	0.0697674418605
-ępy	0.100668444902	0.841967413311	0.0202461676897	0.0371179740977
-kód	0.444357366771	0.398119122257	0.0940438871473	0.0634796238244
-kój	0.0433107909438	0.914172302264	0.0182005292561	0.024316377536
-ępu	0.258355274081	0.651652079034	0.0554567233568	0.0345359235276
-kór	0.296296296296	0.417989417989	0.222222222222	0.0634920634921
-ków	0.0762937148985	0.796052259004	0.0396894292502	0.0879645968474
-zki	0.133808132909	0.695768346084	0.119856180773	0.0505673402333
-kóz	0.0	1.0	0.0	0.0
-ont	0.0	1.0	0.0	0.0
-sąg	0.0125	0.9875	0.0	0.0
-sąd	0.175409017952	0.761872648063	0.0216074776439	0.0411108563413
-sąc	0.785112359551	0.154494382022	0.0313670411985	0.0290262172285
-wił	0.755527683188	0.0818735824647	0.0280720518084	0.134526682538
-usą	0.0659340659341	0.89010989011	0.0	0.043956043956
-usę	0.267923133777	0.732076866223	0.0	0.0
-nyż	0.482352941177	0.141176470588	0.341176470588	0.0352941176471
-wiń	0.179243738746	0.820756261254	0.0	0.0
-enę	0.159927774553	0.760753208229	0.0573934352228	0.0219255819952
-cną	0.276740237691	0.211658177702	0.352009054895	0.159592529711
-kże	0.0815539789531	0.0579667357474	0.036793105314	0.823686179985
-łmi	0.061995718181	0.892605842521	0.0256281512165	0.0197702880813
-rmą	0.046511627907	0.953488372093	0.0	0.0
-eną	0.0904392764858	0.803617571059	0.0	0.105943152455
-nyć	0.181818181818	0.187878787879	0.618181818182	0.0121212121212
-aje	0.669272217777	0.161211672336	0.0465562213834	0.122959888504
-gną	0.469816768762	0.294870065035	0.0831152009067	0.152197965297
-aja	0.250060401063	0.705544817589	0.0184223242329	0.0259724571152
-nój	0.0545454545455	0.698181818182	0.225454545455	0.0218181818182
-gnę	0.44313112266	0.163684864094	0.0442671204526	0.348916892793
-aju	0.103129219183	0.717882087909	0.0664008767001	0.112587816208
-nóg	0.0417868448822	0.85008793528	0.0	0.108125219838
-sże	0.697674418605	0.116279069767	0.0	0.186046511628
-dba	0.529147982063	0.403587443946	0.0224215246637	0.0448430493274
-rfę	0.0199335548172	0.960132890366	0.0	0.0199335548173
-oju	0.0585341592062	0.886337989317	0.0269787931222	0.0281490583544
-myj	0.670827461244	0.2881014697	0.00241594523857	0.0386551238172
-mca	0.0329368709973	0.610247026533	0.323879231473	0.0329368709972
-fry	0.0	1.0	0.0	0.0
-taż	0.288461538462	0.336538461538	0.288461538462	0.0865384615384
-oja	0.0726757668058	0.0532094912195	0.00749570689028	0.866619035084
-oje	0.035160278243	0.0445158305895	0.0389946920935	0.881329199074
-óły	0.0	0.883495145631	0.0	0.116504854369
-tań	0.596540301435	0.183302976322	0.0125948239627	0.207561898281
-tał	0.773601097149	0.0632624301248	0.0237443678928	0.139392104833
-teł	0.0434782608696	0.934782608696	0.0217391304348	0.0
-ęki	0.126274078525	0.249120380343	0.0138698351871	0.610735705944
-ożu	0.184501845018	0.776752767528	0.0313653136531	0.00738007380073
-móc	0.523735382781	0.219134064332	0.0517441282671	0.20538642462
-śpi	0.572166724079	0.0434033758181	0.00103341370995	0.383396486393
-usi	0.151674157809	0.0521939708234	0.104036219229	0.692095652138
-nię	0.403883002894	0.402378194678	0.0213329830485	0.17240581938
-sąć	0.55737704918	0.0655737704918	0.0	0.377049180328
-mój	0.033585241488	0.0205455731099	0.00284913359666	0.943020051806
-usa	0.00848115861568	0.922685998281	0.00196447922617	0.0668683638771
-mól	0.0935222672065	0.906477732794	0.0	0.0
-ygł	0.411971830986	0.545774647887	0.0422535211268	0.0
-usy	0.315657828914	0.625312656328	0.0360180090045	0.0230115057529
-łą˙	0.23661971831	0.671785552022	0.0686960472512	0.022898682417
-mów	0.198331820528	0.699388494491	0.0309874684737	0.0712922165078
-usu	0.178403264623	0.696034320393	0.0523176729099	0.0732447420739
-ust	0.0829218368307	0.872479661739	0.0071716183205	0.0374268831101
-zmi	0.250631196502	0.569431615247	0.0794383890633	0.100498799187
-zmo	0.0980674935102	0.895875396596	0.0	0.00605710989328
-żmy	0.506222547584	0.256222547584	0.0702781844802	0.167276720351
-wąż	0.0190421234853	0.953260242354	0.0069244085401	0.0207732256203
-epi	0.0314843691988	0.183358261995	0.77433726888	0.0108200999268
-zmy	0.557424887592	0.314831909001	0.0443676860316	0.0833755173749
-ryn	0.0943852855759	0.886253630203	0.00484027105517	0.0145208131655
-epy	0.0158839229688	0.0975085948616	0.861552024322	0.0250554578476
-win	0.139493558418	0.6777728417	0.13682807641	0.0459055234711
-rmę	0.2109375	0.671875	0.0234375	0.09375
-wij	0.64070223447	0.230134029658	0.0559821936155	0.0731815422564
-wie	0.15443147638	0.681384461795	0.0333358445584	0.130848217266
-wid	0.00411381556394	0.993143640727	0.0	0.00274254370929
-wic	0.204178001334	0.688035723451	0.0431145100857	0.0646717651286
-wia	0.608525896673	0.272485746387	0.0512626910633	0.0677256658762
-ium	0.00340831629175	0.989093387866	0.00477164280845	0.0027266530334
-acy	0.18601493277	0.458638724469	0.108266614017	0.247079728744
-wiu	0.0601139823561	0.740338824264	0.159341088297	0.0402061050824
-iud	0.0	1.0	0.0	0.0
-cuj	0.487431751642	0.357476327381	0.155091920977	0.0
-ypu	0.455696202532	0.430379746835	0.0759493670886	0.0379746835443
-kół	0.176946475956	0.106400880202	0.022134489677	0.694518154165
-ówi	0.874925562007	0.0301287777282	0.00293099598035	0.0920146642847
-uem	0.0641509433962	0.935849056604	0.0	0.0
-uel	0.0214285714286	0.95	0.0285714285714	0.0
-ńże	0.220588235294	0.779411764706	0.0	0.0
-bać	0.724231832646	0.183567217904	0.0603787365017	0.031822212948
-ęść	0.0831556503198	0.536247334755	0.151217596229	0.229379418696
-śmy	0.387998285844	0.0997107030481	0.0290184510434	0.483272560064
-tsi	0.0517241379311	0.620689655172	0.327586206896	0.0
-nóż	0.884615384615	0.115384615385	0.0	0.0
-mrą	0.186813186813	0.549450549451	0.054945054945	0.208791208791
-oję	0.10775531979	0.101605021376	0.04017021209	0.750469446744
-ffy	0.0636889991729	0.839536807279	0.0198511166253	0.0769230769231
-ult	0.450391644909	0.549608355091	0.0	0.0
-oją	0.115212362319	0.0619678562519	0.0523405682616	0.770479213168
-ulu	0.0	1.0	0.0	0.0
-erś	0.182857142857	0.662857142857	0.0514285714286	0.102857142857
-ksa	0.0076714887453	0.976985533764	0.00600377380067	0.00933920368993
-tam	0.137354354785	0.0377826887122	0.00671813578627	0.818144820717
-tan	0.0961991345751	0.847493666287	0.0413309901549	0.0149762089833
-taj	0.232670433851	0.21300719095	0.0132579896559	0.541064385543
-tak	0.0776234322203	0.0844887873075	0.042187496563	0.795700283909
-ksi	0.285488958991	0.156151419558	0.227129337539	0.331230283912
-ają	0.593094770055	0.200982491309	0.0621877937583	0.143734944877
-rąż	0.0952380952381	0.047619047619	0.0	0.857142857143
-gna	0.0535714285714	0.946428571429	0.0	0.0
-ksu	0.0754716981132	0.817610062893	0.0125786163522	0.0943396226415
-aję	0.680986502914	0.150116864668	0.0306655165248	0.138231115894
-tat	0.051993067591	0.806882891805	0.0297103243377	0.111413716266
-taw	0.467487445503	0.41079623065	0.0539829720828	0.0677333517642
-cna	0.199746864573	0.187550339432	0.550569554712	0.0621332412841
-eny	0.0847551110457	0.869980879541	0.00959699955875	0.0356670098544
-rmu	0.253356582389	0.713164777681	0.0219703574542	0.011508282476
-ent	0.262900158728	0.677144787918	0.0327827631186	0.0271722902359
-enu	0.0491551459294	0.913978494624	0.00921658986175	0.0276497695853
-cni	0.231405735778	0.117912552891	0.576022566996	0.0746591443347
-cno	0.50702718128	0.289648284226	0.0881072982807	0.115217236213
-ens	0.0950323974082	0.69222462203	0.0323974082073	0.180345572354
-rma	0.22905027933	0.603351955307	0.167597765363	0.0
-eni	0.606593805665	0.223598282652	0.112488802234	0.0573191094491
-dma	0.0	0.855373284232	0.144626715768	0.0
-cny	0.198143981113	0.234721570818	0.429909201575	0.137225246494
-rmo	0.118138028403	0.194834316087	0.224026243667	0.463001411843
-tać	0.710216338573	0.115208374674	0.0392296394831	0.13534564727
-tóż	0.0525834476452	0.0408220291622	0.0074429710918	0.899151552101
-aką	0.161845900288	0.143826397473	0.12396648812	0.570361214119
-her	0.122291021672	0.800309597523	0.0216718266254	0.0557275541795
-hel	0.216387889054	0.765826804997	0.0	0.0177853059496
-hem	0.0655161939477	0.826766737121	0.0374905603861	0.0702265085452
-hen	0.0	1.0	0.0	0.0
-hei	0.0	1.0	0.0	0.0
-hej	0.0627724498693	0.325196163906	0.525719267655	0.0863121185702
-ątą	0.0452969070705	0.392030575412	0.51808337462	0.0445891428976
-rys	0.0	1.0	0.0	0.0
-nów	0.0496013338745	0.834473502213	0.0279800529104	0.0879451110022
-nsz	0.0279187817259	0.903553299492	0.0685279187817	0.0
-nsu	0.111821086262	0.397763578275	0.250798722045	0.239616613419
-ern	0.0	0.934065934066	0.0	0.0659340659341
-nsi	0.0439330543934	0.86820083682	0.0564853556485	0.0313807531381
