-cab	0.0086906141367	0.975666280417	0.0	0.0156431054461
-euz	0.0	1.0	0.0	0.0
-cai	0.720298577458	0.192473034235	0.0319290292325	0.0552993590746
-cao	0.177083333333	0.434027777778	0.118055555556	0.270833333333
-can	0.0449438202247	0.887640449438	0.0674157303371	0.0
-eus	0.0172735978565	0.698773300251	0.0198319105169	0.264121191375
-cal	0.168157423971	0.751341681574	0.0429338103757	0.0375670840787
-cas	0.113427620704	0.640175069352	0.220119517143	0.0262777928015
-iva	0.25218678404	0.546068986847	0.147782547053	0.0539616820596
-rba	0.088156424581	0.829162011173	0.0646927374301	0.0179888268156
-ive	0.559324973277	0.226670905178	0.0610428822101	0.152961239335
-rbe	0.228791213148	0.762881896945	0.00713733420567	0.00118955570095
-cat	0.0	1.0	0.0	0.0
-eue	0.0	1.0	0.0	0.0
-caz	0.0637844649125	0.772104047283	0.156910983769	0.00720050403528
-rbo	0.102336825141	0.607171635778	0.279613215149	0.0108783239323
-ivo	0.195514303576	0.596457248336	0.150689242977	0.0573392051107
-aus	0.0388921381472	0.263454156263	0.648474448459	0.0491792571305
-fca	0.0	1.0	0.0	0.0
-ecá	0.0	1.0	0.0	0.0
-idã	0.0	0.933333333333	0.0666666666667	0.0
-idá	0.0	1.0	0.0	0.0
-ufe	0.021978021978	0.978021978022	0.0	0.0
-ufa	0.0	1.0	0.0	0.0
-dra	0.0143056244947	0.957516630288	0.0117696274252	0.0164081177916
-ufo	0.0	0.98623853211	0.0137614678899	0.0
-aum	0.0041478651064	0.985859550774	0.0	0.00999258411997
-aul	0.0178655604789	0.976854907137	0.00282832092015	0.00245121146413
-utá	0.0	1.0	0.0	0.0
-i-a	0.606060606061	0.213204845389	0.10410619606	0.0766283524904
-svi	0.0	0.970873786408	0.0291262135922	0.0
-cam	0.620666166946	0.212581428365	0.0635447307936	0.103207673896
-eur	0.0	1.0	0.0	0.0
-lta	0.252329420025	0.173493016128	0.17665246714	0.397525096708
-i-o	0.608438038789	0.272107554815	0.0574876535062	0.0619667528898
-efá	0.0222222222223	0.977777777778	0.0	0.0
-eum	0.156862745098	0.843137254902	0.0	0.0
-iça	0.0572554950461	0.72424166042	0.14001561011	0.0784872344236
-car	0.645568248964	0.220637987924	0.0418909835832	0.0919027795289
-ape	0.629239766082	0.293567251462	0.0421052631579	0.0350877192982
-iço	0.212209695821	0.691914992362	0.043934793959	0.0519405178582
-hém	0.0	1.0	0.0	0.0
-caí	0.743925233645	0.165554072096	0.0144192256342	0.0761014686248
-apo	0.0930232558139	0.674418604651	0.186046511628	0.046511627907
-rbã	0.141603510172	0.517351416035	0.317112086159	0.0239329876346
-rbá	0.0	0.968253968254	0.031746031746	0.0
-ivã	0.0	1.0	0.0	0.0
-ivi	0.527352297593	0.280087527352	0.0940919037199	0.0984682713348
-ido	0.631027845621	0.206042472614	0.0824433907551	0.0804862910093
-eci	0.685685091566	0.131508998315	0.113724175814	0.0690817343053
-eco	0.135080058224	0.319941775837	0.537991266376	0.00698689956332
-rpo	0.0159004650842	0.957865088163	0.00785045110747	0.0183839956448
-idi	0.795282224094	0.128896377422	0.0101095197978	0.0657118786858
-rpa	0.0260690172543	0.967179294824	0.00450112528132	0.00225056264066
-eca	0.236708604656	0.526335508913	0.211291035661	0.0256648507692
-ide	0.453784119107	0.490637526245	0.0175606031685	0.0380177514793
-rpe	0.168991416309	0.281115879828	0.505364806867	0.0445278969957
-ece	0.735773703125	0.123025201891	0.0651784958405	0.0760225991431
-ida	0.214067649226	0.670482728633	0.0487615807533	0.0666880413883
-ufá	0.0	1.0	0.0	0.0
-ufã	0.0	1.0	0.0	0.0
-tla	0.0	1.0	0.0	0.0
-tiá	0.0	1.0	0.0	0.0
-uta	0.23607019873	0.681927560885	0.047421482803	0.034580757582
-ute	0.300606605257	0.510896427769	0.0366209840485	0.151875982925
-uto	0.133284029834	0.789278170252	0.0504836591129	0.0269541408012
-pés	0.0266572372607	0.922845610727	0.00105984989612	0.0494373021166
-svá	0.0	1.0	0.0	0.0
-iab	0.0	0.985611510791	0.0143884892086	0.0
-lão	0.0234293910171	0.950434573516	0.018269850035	0.00786618543172
-lãs	0.0378787878787	0.560606060606	0.386363636364	0.0151515151515
-dás	0.61220472441	0.133858267716	0.0879265091863	0.166010498688
-ofã	0.0	0.75	0.25	0.0
-ofá	0.0357142857142	0.892857142857	0.0714285714286	0.0
-ije	0.69696969697	0.242424242424	0.0606060606061	0.0
-goa	0.423076923077	0.538461538461	0.0230769230769	0.0153846153846
-ráz	1.0	0.0	0.0	0.0
-ija	0.425843694494	0.365008880995	0.171847246892	0.0373001776199
-èco	0.0	0.0	1.0	0.0
-nub	0.0	1.0	0.0	0.0
-ijo	0.32137677117	0.59182193462	0.0750864665849	0.0117148276247
-rás	0.562592457005	0.163109784819	0.0303531032185	0.243944654957
-nho	0.254982344448	0.552692860661	0.0195350120846	0.172789782807
-nhe	0.326533215348	0.224961933689	0.347898181586	0.100606669377
-nha	0.452824722428	0.134920818734	0.0268633592948	0.385391099543
-ian	0.0	0.666666666667	0.333333333333	0.0
-aús	0.0783699059561	0.915360501567	0.0	0.00626959247649
-gãs	0.254032258064	0.405241935484	0.296370967742	0.0443548387097
-xes	0.117594399594	0.870675351342	0.00485916136569	0.00687108769825
-cás	0.0	1.0	0.0	0.0
-pou	0.55711498521	0.148467493234	0.231732645226	0.0626848763295
-riá	0.0	1.0	0.0	0.0
-ofo	0.025	0.8375	0.1375	0.0
-lpe	0.501715313889	0.366427630179	0.0517393917448	0.0801176641867
-lpa	0.12328156934	0.589716491694	0.233724037941	0.0532779010254
-ofe	0.25	0.670454545455	0.0795454545454	0.0
-ofa	0.0	1.0	0.0	0.0
-ijá	0.0	1.0	0.0	0.0
-êni	0.0	1.0	0.0	0.0
-nhá	0.0	0.727272727273	0.0	0.272727272727
-nhã	0.0123650086314	0.902974828375	0.0302220081095	0.0544381548838
-neá	0.0	1.0	0.0	0.0
-óti	0.0	1.0	0.0	0.0
-se-	0.4	0.6	0.0	0.0
-rar	0.719094669838	0.154111403121	0.0318973108967	0.0948966161447
-vós	0.012629964591	0.0438933301075	0.00856469473828	0.934912010563
-666	0.0	0.0	0.0	1.0
-vóz	0.0	1.0	0.0	0.0
-ade	0.0938479040145	0.714267046169	0.0835793567146	0.108305693101
-ada	0.336211270423	0.345315305861	0.0745628682209	0.243910555496
-qué	0.0	0.916666666667	0.0833333333333	0.0
-ado	0.553778413766	0.283927027933	0.0866651305185	0.0756294277825
-quê	0.173484295106	0.159605551497	0.0127830533236	0.654127100073
-zoá	0.0	1.0	0.0	0.0
-adi	0.0193965517241	0.980603448276	0.0	0.0
-lam	0.553001528865	0.302552966661	0.0603748987254	0.084070605749
--to	0.551020408163	0.352040816327	0.0	0.0969387755102
-sen	0.0	1.0	0.0	0.0
-sem	0.370586337335	0.111499991372	0.0454762039271	0.472437467365
-uiz	0.0639194076007	0.914866123655	0.00464184118003	0.0165726275644
-sei	0.85999389331	0.0498636890372	0.0184134592062	0.0717289584462
-uis	0.488852022679	0.241085264252	0.0682733852296	0.20178932784
-uir	0.687236263102	0.144822603224	0.0305571026448	0.137384031029
-uiu	0.787813853938	0.0911908865998	0.0236309174981	0.0973643419645
-raó	0.00723091512566	0.986723565671	0.00177809388336	0.00426742532006
-sea	0.0	1.0	0.0	0.0
-fom	0.0	0.945205479452	0.0	0.0547945205479
-raí	0.767213114754	0.0360655737705	0.196721311475	0.0
-uim	0.0395654582245	0.865590486203	0.092470128079	0.00237392749347
-sez	0.0	0.833333333333	0.166666666667	0.0
-uio	0.0174927113702	0.959183673469	0.0233236151603	0.0
-uin	0.0	1.0	0.0	0.0
-uia	0.281402521509	0.634392078351	0.0168064498674	0.0673989502733
-erá	0.528561722708	0.0423867739074	0.0150610881174	0.413990415267
-seu	0.016278652243	0.0450464562946	0.0247584059328	0.91391648553
-set	0.0101066816395	0.973048848961	0.0168444693992	0.0
-ses	0.121612461227	0.538949600884	0.0456155683984	0.29382236949
-ser	0.718127454964	0.0577416991162	0.0128763792304	0.211254466689
-ozã	0.0	1.0	0.0	0.0
-lau	0.0300601202405	0.954909819639	0.0	0.0150300601202
-azô	0.0	1.0	0.0	0.0
-dão	0.0592837475476	0.867204855202	0.0449283681653	0.0285830290853
-ozé	0.0	1.0	0.0	0.0
-bla	0.0	1.0	0.0	0.0
-aao	0.0	1.0	0.0	0.0
-âni	0.0	1.0	0.0	0.0
-aan	0.0	1.0	0.0	0.0
-fot	0.0	1.0	0.0	0.0
-azá	0.0	1.0	0.0	0.0
-azã	0.0	1.0	0.0	0.0
-zol	0.222938490465	0.699167338168	0.0470051034112	0.0308890679559
-zom	0.0	1.0	0.0	0.0
-zon	0.0999999999999	0.8	0.1	0.0
-que	0.0922789680092	0.0253077591119	0.00107165091722	0.881341621962
-adã	0.0207509881423	0.863636363636	0.115612648221	0.0
-adá	0.00498753117206	0.965087281796	0.0299251870324	0.0
-qui	0.126218989811	0.0757945921833	0.0086208958459	0.78936552216
-adê	0.730769230769	0.076923076923	0.115384615384	0.0769230769231
-quo	0.174074074074	0.207407407407	0.562962962963	0.0555555555555
-ven	0.00864553314121	0.991354466859	0.0	0.0
-zou	0.696058445523	0.145720583213	0.114552397115	0.0436685741486
-ujo	0.161668912848	0.085804132974	0.0607030548068	0.691823899371
-zor	0.0	0.992926613616	0.00707338638373	0.0
-zos	0.0638220936539	0.892876514193	0.0245886819743	0.018712710179
-xos	0.276358768407	0.114270414993	0.555823293173	0.053547523427
-seí	0.0	1.0	0.0	0.0
-raz	0.63545400239	0.210573476702	0.060633213859	0.093339307049
-er~	0.104166666667	0.708333333333	0.0	0.1875
-xou	0.801077635541	0.0629853321829	0.0252152629818	0.110721769294
-rat	0.0	1.0	0.0	0.0
-rau	0.195435092725	0.593437945792	0.168330955777	0.0427960057062
-seã	0.0	0.446808510638	0.553191489362	0.0
-ras	0.137137790072	0.693588035248	0.106972732837	0.0623014418428
-ran	0.0	0.990188062142	0.00981193785772	0.0
-rao	0.0	1.0	0.0	0.0
-ral	0.150744512141	0.555997282248	0.227254206544	0.0660039990672
-ram	0.770467229042	0.0754753955077	0.0254578148569	0.128599560594
-rai	0.47062997322	0.408715387671	0.0427168355906	0.0779378035186
-raf	0.0	1.0	0.0	0.0
-era	0.78655781366	0.0743876202574	0.0229144638113	0.116140102272
-rad	0.0	1.0	0.0	0.0
-rab	0.0	1.0	0.0	0.0
-ere	0.40201137321	0.493646447627	0.0644130862118	0.0399290929514
-boa	0.0419314802484	0.107053831967	0.779615251868	0.0713994359166
-oza	0.3	0.525	0.175	0.0
-oze	0.00488992030882	0.0339018336394	0.00145245157688	0.959755794475
-ozi	0.142857142857	0.0	0.857142857143	0.0
-ozo	0.0141874007411	0.873478030704	0.0859714134463	0.0263631551085
-uge	0.608552631579	0.322368421053	0.0625	0.00657894736841
-azo	0.300355450237	0.340639810427	0.334123222749	0.0248815165877
-azi	0.0547945205481	0.917808219178	0.0	0.027397260274
-uga	0.318486137938	0.640995105799	0.0300623030338	0.0104564532292
-ugo	0.0857020979563	0.879978283631	0.0203590956684	0.013960522744
-s—e	0.282051282051	0.564102564103	0.102564102564	0.0512820512821
-aza	0.0195652173913	0.972608695652	0.00782608695652	0.0
-ugi	0.796875	0.151785714286	0.00223214285714	0.0491071428571
-nor	0.0213729581192	0.124921048772	0.731035989786	0.122670003323
-nos	0.137977603788	0.269636762252	0.0572676470678	0.535117986892
-not	0.0	0.826086956522	0.173913043478	0.0
-nou	0.726597035303	0.101120401911	0.0320151111797	0.140267451606
-nom	0.0	0.986584684181	0.0134153158189	0.0
-non	0.0162162162162	0.978378378378	0.00540540540539	0.0
-noa	0.0	0.988868274583	0.0111317254175	0.0
-nob	0.0	0.945945945946	0.054054054054	0.0
-noc	0.00809716599189	0.991902834008	0.0	0.0
-nod	0.0	1.0	0.0	0.0
--ia	0.317356667102	0.41230246833	0.0901136215227	0.180227243046
-fás	0.00214132762312	0.990007137759	0.00463954318344	0.00321199143469
--ir	0.0	1.0	0.0	0.0
-gla	0.0	1.0	0.0	0.0
-vor	0.188751917489	0.437609194177	0.0220930206745	0.351545867659
-vos	0.193260928742	0.230784955542	0.0357297428242	0.540224372893
-tob	0.0	1.0	0.0	0.0
-vou	0.553769307772	0.042853264179	0.0093651088507	0.394012319198
-efe	0.0338473212108	0.837863472535	0.105850789951	0.0224384163031
-ton	0.0	0.982608695652	0.0	0.0173913043478
-gli	0.0	1.0	0.0	0.0
-voz	0.0534278527237	0.912065880251	0.00567627895812	0.028829988067
-tom	0.10623556582	0.675134719015	0.0454195535027	0.173210161663
-toi	0.0	1.0	0.0	0.0
-voa	0.338541666667	0.536458333333	0.125	0.0
-tot	0.0	1.0	0.0	0.0
-tou	0.696889932554	0.0669114551491	0.028306177142	0.207892435155
-tor	0.101996606011	0.830449518056	0.0454042764983	0.0221495994346
-tos	0.113104629407	0.454579220472	0.329719834769	0.102596315351
-voo	0.779661016949	0.186440677966	0.0338983050847	0.0
-iei	0.871179990371	0.0767020488014	0.0166594068334	0.035458553994
-rou	0.792126980657	0.0854734146513	0.0278730887253	0.0945265159664
-dom	0.034508917513	0.925426781438	0.0175460325324	0.0225182685162
-iem	0.447009896359	0.350589834671	0.126883889547	0.0755163794238
-iel	0.0575590562748	0.63336508697	0.28595773169	0.0231181250651
-ror	0.0930652726233	0.779700092106	0.110977417145	0.0162572181256
-ros	0.0537053689697	0.55405842822	0.190979006865	0.201257195945
-clo	0.0041011619959	0.799043062201	0.196855775803	0.0
-roz	0.0776699029126	0.174757281553	0.747572815534	0.0
-rod	0.0	1.0	0.0	0.0
-ômi	0.0	1.0	0.0	0.0
-roa	0.0267296723229	0.949106226582	0.0220161809981	0.00214792009737
-roc	0.0	1.0	0.0	0.0
-rol	0.14	0.86	0.0	0.0
-rom	0.0068267152122	0.992831949027	0.0	0.00034133576061
-ron	0.0051575931232	0.991404011461	0.0	0.00343839541547
-ier	0.884519110427	0.0329257726004	0.00486719510499	0.0776879218681
-roi	0.477611940299	0.402985074627	0.0	0.119402985075
-sar	0.518097919022	0.271669797535	0.0331369218091	0.177095361633
-noé	0.0	1.0	0.0	0.0
-êmi	0.0	0.845070422535	0.0140845070423	0.140845070423
-noá	0.018779342723	0.981220657277	0.0	0.0
-noã	0.047619047619	0.952380952381	0.0	0.0
-sav	0.133333333333	0.866666666667	0.0	0.0
-tie	0.285714285714	0.285714285714	0.0	0.428571428571
-tia	0.370078821714	0.484465251812	0.0695343545976	0.0759215718769
-glá	0.0	1.0	0.0	0.0
-toá	0.0	1.0	0.0	0.0
-ués	0.0	1.0	0.0	0.0
-toí	0.0	1.0	0.0	0.0
-uém	0.0347864589955	0.453834609255	0.00399271610385	0.507386215645
-ngi	0.746887966805	0.165975103734	0.0622406639005	0.0248962655602
-voê	1.0	0.0	0.0	0.0
-toú	0.0	1.0	0.0	0.0
-sac	0.0	1.0	0.0	0.0
-clá	0.0	1.0	0.0	0.0
-clã	0.041782729805	0.874651810585	0.0835654596099	0.0
-roá	0.0	1.0	0.0	0.0
-roé	0.0	1.0	0.0	0.0
-lei	0.0364285183258	0.934166542201	0.0161808707557	0.0132240687174
-ois	0.0861599643598	0.0310408804084	0.00609575307237	0.876703402159
-ódi	0.0	1.0	0.0	0.0
-len	0.0	1.0	0.0	0.0
-leo	0.0461014095217	0.88545938459	0.0446755927324	0.0237636131555
-mum	0.138665908929	0.244228173617	0.511472614904	0.10563330255
-mul	0.0	0.958333333333	0.0416666666667	0.0
-leb	0.0	1.0	0.0	0.0
-lec	0.0291411042945	0.914110429448	0.0536809815951	0.00306748466258
-mui	0.165661785817	0.0634510479472	0.120298593167	0.650588573069
-lef	0.0	1.0	0.0	0.0
-leg	0.0	1.0	0.0	0.0
-mut	0.0	1.0	0.0	0.0
-lez	0.0	1.0	0.0	0.0
-fsa	0.0	1.0	0.0	0.0
-oia	0.108303249097	0.509025270758	0.223826714801	0.158844765343
-oio	0.0575287677903	0.921488095022	0.0118904444065	0.00909269278144
-jar	0.520589915964	0.369287187221	0.0663493734686	0.0437735233468
-oim	0.0	1.0	0.0	0.0
-les	0.0232353664899	0.0537530763329	0.0102713071251	0.912740250052
-let	0.0	1.0	0.0	0.0
-leu	0.241260462826	0.62136878385	0.111603479403	0.0257672739209
-itá	0.0	1.0	0.0	0.0
-spá	0.0	1.0	0.0	0.0
-spã	0.0	1.0	0.0	0.0
-san	0.0	1.0	0.0	0.0
-udà	0.0	0.5	0.0	0.5
-udá	0.000610125645208	0.998352660758	0.000671138209728	0.000366075387125
-lfo	0.0	0.6	0.4	0.0
-osé	0.00805683277412	0.970900128412	0.00360382751336	0.0174392113003
-pel	0.183279742765	0.747266881029	0.011575562701	0.0578778135048
-pem	0.482634338773	0.276454977808	0.214556843191	0.0263538402278
-pei	0.774124679761	0.182322801025	0.0128095644748	0.0307429547395
-peu	0.612811536966	0.20665410047	0.0452383089489	0.135296053616
-lsa	0.415114162961	0.440282546294	0.0816588806964	0.0629444100486
-per	0.413262854397	0.305622296973	0.111004324844	0.170110523787
-lse	0.636363636364	0.151515151515	0.212121212121	0.0
-oga	0.0286218967443	0.959727471867	0.00096641182029	0.0106842195688
-oge	0.602294659254	0.289206870214	0.0367357026212	0.0717627679111
-lso	0.376359878862	0.0989406917348	0.368675669704	0.156023759699
-pez	0.117647058823	0.882352941177	0.0	0.0
-leí	0.0	1.0	0.0	0.0
-leá	0.0	1.0	0.0	0.0
-leã	0.0	1.0	0.0	0.0
-rid	0.0	1.0	0.0	0.0
-ito	0.258515404367	0.469439409447	0.0856787561277	0.186366430058
-rie	0.671514114628	0.256344453949	0.0439121756487	0.0282292557742
-eso	0.221321760066	0.743443824674	0.0207024546514	0.0145319606084
-iti	0.692597239649	0.146800501882	0.0439146800502	0.116687578419
-tet	0.0	1.0	0.0	0.0
-esa	0.249002922028	0.681517404009	0.0203680729994	0.0491116009638
-ite	0.104954769649	0.809540751789	0.0464619234595	0.0390425551022
-ese	0.461538461539	0.492307692308	0.0	0.0461538461538
-ita	0.285721357151	0.35093115662	0.28981137946	0.0735361067695
-spa	0.0	1.0	0.0	0.0
-spe	0.0534188034188	0.90811965812	0.037037037037	0.0014245014245
-fad	0.0	0.967741935484	0.0322580645161	0.0
-spi	0.428571428571	0.428571428571	0.142857142857	0.0
-fai	0.102189781022	0.897810218978	0.0	0.0
-fan	0.0382165605096	0.949044585987	0.0127388535032	0.0
-fao	0.0	0.0	1.0	0.0
-fal	0.0	1.0	0.0	0.0
-fam	0.397260273973	0.602739726027	0.0	0.0
-far	0.534676128526	0.414236467229	0.0383155531842	0.0127718510614
-fas	0.113622813144	0.826073624857	0.0281075924569	0.0321959695416
-uda	0.272120916338	0.565789668279	0.0915661530595	0.0705232623241
-pùe	0.571428571429	0.428571428571	0.0	0.0
-fat	0.0	1.0	0.0	0.0
-ude	0.234315715168	0.580318538781	0.117201976529	0.0681637695226
-faz	0.743126308505	0.0897109050373	0.0186910501655	0.148471736292
-loz	0.483870967742	0.0645161290323	0.451612903226	0.0
-udi	0.674388233531	0.256246119591	0.0115609411462	0.0578047057312
-udo	0.0432414975495	0.372047353716	0.0227095650443	0.56200158369
-tac	0.0	1.0	0.0	0.0
-oco	0.493975903614	0.319678714859	0.0955823293172	0.0907630522088
-aeb	0.0	1.0	0.0	0.0
-aem	0.513384431059	0.252736792004	0.0489093863349	0.184969390602
-ael	0.00319639312271	0.991288426814	0.00247860659691	0.00303657346657
-lsã	0.0	1.0	0.0	0.0
-gra	0.182350251486	0.714220393233	0.0809327846365	0.0224965706447
-ogá	0.0	1.0	0.0	0.0
-tna	0.0	1.0	0.0	0.0
-gma	0.0706806282723	0.717277486911	0.0903141361256	0.121727748691
-tni	0.0	1.0	0.0	0.0
-eas	0.0872483221477	0.872483221477	0.0134228187919	0.0268456375838
-ear	0.644323762139	0.283224985131	0.0327085752614	0.0397426774682
-eat	0.0	0.978753541076	0.0212464589235	0.0
-cma	0.119926711454	0.66187329965	0.0	0.218199988896
-édi	0.0	0.828571428571	0.171428571429	0.0
-riz	0.0210711150132	0.96839332748	0.0105355575066	0.0
-eaz	0.0	1.0	0.0	0.0
-osá	0.0	1.0	0.0	0.0
-gro	0.202556701031	0.473896907216	0.29624742268	0.0272989690722
-ize	0.686135350967	0.187783112603	0.0546785321961	0.0714030042336
-rne	0.0724608480246	0.793793840205	0.107492562083	0.026252749687
-eab	0.0	1.0	0.0	0.0
-iza	0.646962314806	0.292482847768	0.0286367704087	0.031918067018
-rna	0.0876209362059	0.121324849544	0.704108725031	0.0869454892193
-çur	0.0	1.0	0.0	0.0
-rno	0.0606915043065	0.577273627337	0.287326850353	0.0747080180031
-izo	0.624061675796	0.355853114222	0.0060864272672	0.0139987827145
-eam	0.388059701493	0.55223880597	0.0597014925373	0.0
-eal	0.115396073171	0.6893773108	0.126014558839	0.0692120571899
-rni	0.0	1.0	0.0	0.0
-ean	0.0	1.0	0.0	0.0
-uri	0.0	1.0	0.0	0.0
-uro	0.0985229653569	0.549245626484	0.315721842467	0.036509565692
-ura	0.248025019091	0.468824969337	0.174808289296	0.108341722276
-ure	0.654168793688	0.198083802042	0.0703772915695	0.0773701127008
-sça	0.403914197258	0.133458646617	0.0301857585139	0.432441397612
-sço	0.25	0.25	0.0	0.5
--fé	0.196052631579	0.632894736842	0.157894736842	0.0131578947368
-zni	0.0	1.0	0.0	0.0
-zbi	0.0	1.0	0.0	0.0
-—oh	0.317073170732	0.292682926829	0.0975609756098	0.292682926829
-boc	0.0672268907563	0.932773109244	0.0	0.0
-—ou	0.624	0.256	0.0	0.12
-—os	0.0578063241107	0.0914031620553	0.0133399209486	0.837450592885
-údi	0.0	1.0	0.0	0.0
-tnã	0.0	1.0	0.0	0.0
-oés	0.0127478753541	0.936260623229	0.0297450424929	0.0212464589235
-tné	0.0	1.0	0.0	0.0
-rdi	0.714	0.214	0.028	0.044
-rnã	0.0416666666666	0.958333333333	0.0	0.0
-izá	0.0	1.0	0.0	0.0
--ta	0.606741573034	0.224719101124	0.168539325843	0.0
--te	0.573151795189	0.239611321993	0.050579089465	0.136657793353
-urá	0.0	1.0	0.0	0.0
-urã	0.0	1.0	0.0	0.0
-oço	0.0737239887183	0.653543158372	0.176974297202	0.0957585557076
-oça	0.214139428197	0.439501925125	0.0909314327845	0.255427213894
-cão	0.0133030499675	0.909149902661	0.0707332900714	0.00681375730046
-260	0.0	0.0983606557377	0.0	0.901639344262
-cãs	0.0348360655737	0.430327868853	0.522540983607	0.0122950819672
-êlo	0.00722673893405	0.903342366757	0.0894308943089	0.0
-crê	0.865910867866	0.0986079477853	0.0188241493014	0.0166570350478
-lra	0.6	0.4	0.0	0.0
-crã	0.0	1.0	0.0	0.0
-vre	0.151659465829	0.0958857030636	0.662460722702	0.0899941084053
-vra	0.109226332463	0.838320745311	0.0104929966283	0.0419599255975
-vro	0.0148194799686	0.978317031477	0.00131100343174	0.00555248512268
-ldá	0.0	1.0	0.0	0.0
-000	0.00867428075757	0.103657655053	0.00722856729796	0.880439496892
-zes	0.285192883839	0.429915146902	0.097417824592	0.187474144667
-bui	0.693444486548	0.172413793103	0.0204622963244	0.113679424024
-frá	0.0	1.0	0.0	0.0
-rot	0.0	1.0	0.0	0.0
-ten	0.0	1.0	0.0	0.0
-buz	0.0	1.0	0.0	0.0
-ajo	0.0833333333333	0.861111111111	0.0555555555556	0.0
-aje	0.341749418973	0.443165011621	0.167441369111	0.0476442002958
-cru	0.0	0.75	0.25	0.0
-aja	0.463829314266	0.0880691943372	0.0421809149731	0.405920576423
-nós	0.00759989532995	0.00444823269968	0.0014675463423	0.986484325628
-cro	0.0426677434552	0.929335756107	0.0201000515961	0.00789644884133
-cri	0.173795343801	0.598808879264	0.0	0.227395776936
-cre	0.0434782608696	0.869565217391	0.0	0.0869565217393
-lrã	0.0	1.0	0.0	0.0
-ldo	0.16512345679	0.783950617284	0.0416666666667	0.00925925925926
-lda	0.0399002493766	0.725685785536	0.230673316708	0.00374064837905
-lde	0.132366225623	0.165843030979	0.631489452149	0.0703012912482
-fre	0.222491205507	0.722358815297	0.0236789348262	0.0314710443696
-oja	0.836065573771	0.163934426229	0.0	0.0
-sga	0.372718674467	0.572109153326	0.040459592952	0.0147125792553
-fra	0.534384581691	0.371660096364	0.0361366622865	0.0578186596583
-oje	0.0239930139356	0.723525837481	0.0302153925843	0.222265755999
-fro	0.684681023974	0.215359609915	0.0414465664364	0.0585127996749
-sgo	0.485711858166	0.320003398567	0.14670480614	0.0475799371265
-ojo	0.182207931404	0.762057877813	0.02679528403	0.0289389067524
-fri	0.683774391874	0.234963913392	0.0417000801925	0.0395616145416
-vãs	0.0904475904476	0.242456742457	0.645645645646	0.02145002145
-íta	0.0190779014309	0.980922098569	0.0	0.0
-íte	0.0	1.0	0.0	0.0
-usi	0.0	0.975	0.025	0.0
-uso	0.2469600975	0.64609673728	0.0727529840818	0.0341901811382
-usa	0.102716204331	0.37180589458	0.0175826094404	0.507895291649
-use	0.487613441256	0.2744665195	0.100564140299	0.137355898945
-mós	0.016548463357	0.958628841608	0.0248226950355	0.0
-—na	0.422360248447	0.298136645963	0.0931677018633	0.186335403727
-epe	0.0	1.0	0.0	0.0
-bés	0.0	0.965183752418	0.0232108317215	0.0116054158607
-epa	0.354838709677	0.645161290323	0.0	0.0
-epo	0.0322580645161	0.860215053763	0.10752688172	0.0
-—no	0.17316017316	0.774891774892	0.0	0.0519480519481
-a-o	0.661214016518	0.226238152514	0.0541544382968	0.058393392671
-a-a	0.661090811803	0.172739239302	0.0482718318064	0.117898117089
-bém	0.048705481507	0.0196114309336	0.0260041141888	0.905678973371
-ssi	0.142857142857	0.714285714286	0.142857142857	0.0
-iur	0.0377358490566	0.952830188679	0.00943396226415	0.0
-taã	0.0	1.0	0.0	0.0
-ium	0.0	1.0	0.0	0.0
-iun	0.0	1.0	0.0	0.0
-iud	0.0	1.0	0.0	0.0
-uez	0.0988254353989	0.748076144188	0.148238153098	0.0048602673147
-ueu	0.106811145511	0.853926259499	0.00802139037433	0.0312412046158
-uet	0.0	1.0	0.0	0.0
-ues	0.605248719173	0.236990430315	0.0468152117373	0.110945638775
-uer	0.283127091284	0.166896771644	0.026469484434	0.523506652638
-uem	0.115881325695	0.123726602875	0.010127937403	0.750264134028
-uel	0.0116052692659	0.960352610712	0.0243473812355	0.0036947387867
-uen	0.0	1.0	0.0	0.0
-uei	0.651739658807	0.144255784818	0.0624996301226	0.141504926252
-ené	0.173913043478	0.826086956522	0.0	0.0
-enê	0.308823529412	0.691176470588	0.0	0.0
-axa	0.357142857143	0.428571428572	0.214285714286	0.0
-ená	0.0	1.0	0.0	0.0
-enã	0.0	0.877551020408	0.122448979592	0.0
-iim	0.0	1.0	0.0	0.0
-iin	0.492537313433	0.298507462686	0.0746268656718	0.134328358209
-usã	0.0466926070039	0.953307392996	0.0	0.0
-usá	0.0	1.0	0.0	0.0
-iia	0.0	1.0	0.0	0.0
-en-	0.0	0.818181818182	0.090909090909	0.0909090909091
-a-á	0.825260966371	0.080183905387	0.0693982592603	0.0251568689819
-tal	0.126086090235	0.246170889355	0.262442119022	0.365300901389
-gno	0.088886667	0.119748704361	0.718758852839	0.0726057758003
-tan	0.0	0.995065789474	0.00328947368421	0.00164473684211
-tao	1.0	0.0	0.0	0.0
-tai	0.495594046082	0.364949410128	0.0538590789807	0.0855974648086
-tad	0.0	0.888888888889	0.111111111111	0.0
-taf	0.0	1.0	0.0	0.0
-gna	0.137099284158	0.142934951758	0.618658574541	0.101307189542
-taz	0.086956521739	0.913043478261	0.0	0.0
-tat	0.037037037037	0.948148148148	0.0148148148148	0.0
-tau	0.6875	0.3125	0.0	0.0
-tar	0.588968932436	0.266049528746	0.0411456845209	0.103835854297
-tas	0.114422659795	0.503428823339	0.15899712829	0.223151388576
-u—e	0.643171806167	0.251101321586	0.0	0.105726872247
-ens	0.114743914056	0.725029513127	0.075073801112	0.0851527717058
-eno	0.158011033766	0.539585800526	0.233052193755	0.0693509719535
-eni	0.451807228916	0.41265060241	0.0813253012048	0.0542168674699
-rme	0.453283335807	0.115207190052	0.10757246453	0.323937009611
-ene	0.129477537047	0.774456641466	0.0652242378947	0.0308415835929
-rmi	0.490551484767	0.440030852295	0.00462784419591	0.0647898187428
-rmo	0.604308275691	0.199205078047	0.123196778207	0.0732898680552
-het	0.0	1.0	0.0	0.0
-heu	0.884678843877	0.0590484694373	0.0276219500359	0.02865073665
-her	0.0579544958771	0.850929824179	0.0105580035775	0.0805576763666
-hes	0.316675175417	0.0555811272557	0.0112212564259	0.616522440901
-hem	0.609944899897	0.273085810027	0.0426701313692	0.0742991587071
-hen	0.0	1.0	0.0	0.0
-u-a	0.626752809689	0.213250721898	0.0285019839209	0.131494484492
-hei	0.618631382932	0.0963871556984	0.0418876040802	0.243093857289
-u-o	0.70064616899	0.165357116666	0.0440728529642	0.0899238613795
-hec	0.0	1.0	0.0	0.0
-biú	0.0	1.0	0.0	0.0
-nso	0.136372373866	0.77288608969	0.0689466066623	0.0217949297813
-nsi	0.0	1.0	0.0	0.0
-biá	0.0	1.0	0.0	0.0
-nse	0.675369802069	0.188919739555	0.0579667787033	0.0777436796726
-aat	0.0	0.990476190476	0.0095238095238	0.0
-nsa	0.326768725205	0.558717581324	0.0661543766311	0.0483593168394
-put	0.514285714286	0.485714285714	0.0	0.0
-pur	0.0	1.0	0.0	0.0
-pus	0.664072942881	0.107390619283	0.0165181871812	0.212018250655
-pua	0.0	1.0	0.0	0.0
-puc	0.0	0.333333333333	0.666666666667	0.0
-pul	0.030303030303	0.969696969697	0.0	0.0
-óni	0.0	1.0	0.0	0.0
-meá	0.0	1.0	0.0	0.0
-luí	0.25	0.521739130435	0.163043478261	0.0652173913044
-dea	0.153846153846	0.846153846154	0.0	0.0
-msa	0.0	1.0	0.0	0.0
-dec	0.0312101910828	0.93821656051	0.0229299363057	0.00764331210191
-ded	0.266666666667	0.733333333333	0.0	0.0
-dei	0.729734800411	0.106951694607	0.0260729933452	0.137240511638
-del	0.111668757842	0.888331242158	0.0	0.0
-dem	0.462545121518	0.273229747327	0.0837177562123	0.180507374942
-den	0.0	1.0	0.0	0.0
-der	0.295829647845	0.583588720825	0.0402570617031	0.0803245696273
-des	0.23933067836	0.545849627139	0.14022079004	0.0745989044604
-deu	0.789268330352	0.121592519392	0.0129283240537	0.076210826202
-lga	0.380944585414	0.566751248261	0.0240648276991	0.0282393386265
-lgo	0.318422244083	0.483569924223	0.06307982477	0.134928006925
-dez	0.0155776524819	0.141671892729	0.0141293282735	0.828621126515
-de~	0.268292682927	0.682926829268	0.0487804878049	0.0
-naz	0.016077170418	0.951768488746	0.0321543408361	0.0
-bit	0.0	1.0	0.0	0.0
-biu	0.602653099355	0.0143434082123	0.00344931660415	0.379554175829
-bir	0.389794905091	0.102203719971	0.0139785356911	0.494022839247
-bis	0.0251046025105	0.974895397489	0.0	0.0
-bib	0.0	1.0	0.0	0.0
-éis	0.17851165507	0.463118986404	0.319857418578	0.0385119399478
-bia	0.732787394332	0.177984659485	0.0380002195945	0.0512277265888
-bin	0.046511627907	0.953488372093	0.0	0.0
-bio	0.0192980457881	0.195640854581	0.776274468328	0.00878663130319
-bil	0.0	0.644444444444	0.355555555556	0.0
-bim	0.0153104621491	0.981287212929	0.0	0.00340232492203
-lat	0.0420560747664	0.957943925234	0.0	0.0
-100	0.0654545454545	0.236363636364	0.0	0.698181818182
-ifa	0.252525971254	0.740500925004	0.00547886722642	0.00149423651629
-maá	0.0	1.0	0.0	0.0
-puá	0.0	1.0	0.0	0.0
-lux	0.0648210668467	0.890614449696	0.00810263335584	0.0364618501013
-met	0.0	1.0	0.0	0.0
-luz	0.0487765542095	0.778273728374	0.144929217781	0.0280204996351
-dsi	0.0	1.0	0.0	0.0
-mes	0.22191203151	0.601308082875	0.119631685021	0.0571482005937
-mer	0.790819283269	0.189926211397	0.00722043950035	0.0120340658339
-lus	0.0	0.869565217391	0.130434782609	0.0
-lut	0.0	1.0	0.0	0.0
-lui	0.742397137746	0.118067978533	0.0357781753131	0.103756708408
-mea	0.00527704485488	0.691292875989	0.298153034301	0.00527704485488
-lum	0.0125	0.9875	0.0	0.0
-mec	0.0167597765363	0.983240223464	0.0	0.0
-mem	0.0767884723646	0.802719085169	0.0260730925793	0.094419349887
-mel	0.0143048725972	0.980032782	0.00476829086574	0.000894054537326
-meo	0.0248447204969	0.962732919255	0.0124223602484	0.0
-men	0.00969461948618	0.079980610761	0.0	0.910324769753
-mei	0.607104092394	0.307051141312	0.0107305957867	0.075114170507
-giu	0.821877524082	0.096505573438	0.0237415021204	0.0578754003601
-goá	0.0	1.0	0.0	0.0
-rro	0.101194490214	0.813517805703	0.0649457176	0.0203419864834
-tói	0.0	1.0	0.0	0.0
-eeb	0.0	1.0	0.0	0.0
-gio	0.196479951358	0.716948422565	0.0558082974126	0.0307633286645
-—só	0.465517241379	0.0862068965517	0.0172413793103	0.431034482759
-sra	0.290598290598	0.615384615385	0.017094017094	0.0769230769231
-ubi	0.575663026521	0.0372186316024	0.00267439268999	0.384443949187
-ubo	0.376845533707	0.564115332678	0.00376845533708	0.0552706782771
-uba	0.636175353814	0.228167069382	0.01725923369	0.118398343114
-ube	0.736116875571	0.213663152652	0.0196729476218	0.0305470241554
-oan	0.0	1.0	0.0	0.0
-upá	0.0	1.0	0.0	0.0
-bré	0.0	1.0	0.0	0.0
-tás	0.526083942976	0.106820306785	0.0307604236453	0.336335326594
-—aí	0.269230769231	0.307692307692	0.0	0.423076923077
-csa	0.0	1.0	0.0	0.0
-gom	0.0246913580247	0.975308641975	0.0	0.0
-gol	0.0	1.0	0.0	0.0
-goo	1.0	0.0	0.0	0.0
-gon	0.0392156862747	0.960784313725	0.0	0.0
-ôni	0.0125786163522	0.861635220126	0.0	0.125786163522
-gob	0.0	1.0	0.0	0.0
-goe	0.68115942029	0.152173913043	0.108695652174	0.0579710144927
-gog	0.0	1.0	0.0	0.0
-gos	0.0463761190035	0.697594883719	0.225293406422	0.0307355908551
-gor	0.181649389354	0.331021771451	0.331459644406	0.155869194789
-gou	0.824087533625	0.0525443800103	0.0124758874812	0.110892198884
-com	0.0399428224918	0.00806745026243	0.00217607055684	0.949813656689
-col	0.0403726708075	0.94099378882	0.0186335403727	0.0
-con	0.0	0.913043478261	0.0869565217393	0.0
-cod	0.0	1.0	0.0	0.0
-eou	0.74651824185	0.209051960892	0.0164780841481	0.0279517131105
-eos	0.26249313564	0.52498627128	0.187808896211	0.0247116968699
-eor	0.0196078431373	0.97385620915	0.00130718954249	0.00522875816994
-coc	0.0	1.0	0.0	0.0
-cob	0.00122498979175	0.927623519804	0.00581870151081	0.0653327888936
-eon	0.0268714011516	0.969289827255	0.00383877159308	0.0
-eom	0.0492957746479	0.950704225352	0.0	0.0
-ixa	0.486859172415	0.380897506555	0.0411398923348	0.0911034286955
-ixe	0.35394308292	0.547635574065	0.0206129855337	0.0778083574816
-cou	0.808523740312	0.0546476950356	0.0354130265422	0.10141553811
-ubá	0.0	1.0	0.0	0.0
-rla	0.0611842105263	0.923026315789	0.0078947368421	0.00789473684211
-ixo	0.0770166544827	0.130790198463	0.0347098046796	0.757483342375
-cos	0.0568602769067	0.490472108684	0.431570739764	0.0210968746455
-cor	0.138428456232	0.596272735418	0.231699668488	0.033599139862
-põe	0.709709175246	0.174244573107	0.0526421170307	0.063404134617
-upe	0.511977618465	0.280643469138	0.142682287113	0.0646966252841
-upa	0.125795417196	0.801386714218	0.047602420601	0.0252154479847
-upo	0.252754742701	0.479722821765	0.0490741792571	0.218448256276
-úno	0.6	0.0	0.0	0.4
-vão	0.228143056311	0.238672109314	0.055884839645	0.47729999473
-—ai	0.0327817670934	0.630294515558	0.227651160371	0.109272556978
-oas	0.0542185201688	0.475318112077	0.21479443474	0.255668933014
-úne	0.711291279415	0.105991694681	0.00237294838837	0.180344077516
-úna	0.125	0.875	0.0	0.0
-csã	0.0	1.0	0.0	0.0
-—as	0.109363831308	0.0707648320228	0.0	0.819871336669
-pta	0.0872955627631	0.764888551515	0.129183631219	0.0186322545028
-lça	0.273015873016	0.707936507937	0.0190476190476	0.0
-pto	0.037372463602	0.890003439184	0.0559440559441	0.0166800412702
-lço	0.393382352941	0.198529411765	0.408088235294	0.0
-tre	0.053050871821	0.257801288009	0.0226608387341	0.666487001436
-gad	0.00353107344632	0.985875706215	0.010593220339	0.0
-tra	0.108055967789	0.0800828060889	0.0974387285175	0.714422497605
-gab	0.0	1.0	0.0	0.0
-gan	0.0	1.0	0.0	0.0
-tro	0.0962936172619	0.166768672297	0.176522699385	0.560415011056
-gal	0.0826535323996	0.814068031399	0.0815761120517	0.0217023241496
-tri	0.0	1.0	0.0	0.0
-gai	0.387144870407	0.503175997222	0.04779314148	0.0618859908907
-gat	0.0	1.0	0.0	0.0
-gas	0.146984081911	0.768687367636	0.0613360380681	0.0229925123851
-gar	0.35659449392	0.486619329084	0.0246440767361	0.13214210026
-gur	0.0	1.0	0.0	0.0
-dré	0.00275459098498	0.994741235392	0.0	0.00250417362271
-gaz	0.0	0.636363636364	0.242424242424	0.121212121212
-ini	0.0	1.0	0.0	0.0
-ino	0.0385588248554	0.916894079256	0.0286673584038	0.0158797374844
-ina	0.255617408292	0.637082505699	0.0653179843914	0.0419821016172
-rza	0.0	1.0	0.0	0.0
-ine	0.621161586821	0.292013766417	0.0416195510094	0.0452050957528
-rze	0.00202942668696	0.0409267715204	0.141890749197	0.815153052596
-bzã	0.0	0.833333333333	0.0	0.166666666667
-ins	0.0681428020881	0.781119714115	0.133862359715	0.0168751240818
-inu	0.0	1.0	0.0	0.0
-bea	0.0	1.0	0.0	0.0
--de	0.0520764517477	0.0150646986925	0.0031526103076	0.929706239252
-çãs	0.0222222222222	0.922222222222	0.0333333333333	0.0222222222222
-sós	0.133072407045	0.0508806262231	0.0684931506849	0.747553816047
-nrã	0.0	1.0	0.0	0.0
-ôde	0.278923753082	0.103627815807	0.186949663864	0.430498767247
-che	0.665914878138	0.225609312477	0.0587122590033	0.049763550382
-gub	0.0	1.0	0.0	0.0
-eis	0.479567494781	0.262793525931	0.0892471117457	0.168391867542
-nlá	0.0	0.833333333333	0.0	0.166666666667
-gaã	0.0	1.0	0.0	0.0
-ído	0.645537149865	0.169559401676	0.0405937051835	0.144309743276
-trã	0.0	1.0	0.0	0.0
-ída	0.652185541524	0.219074605504	0.0382388445941	0.0905010083779
-dre	0.022009569378	0.951515151515	0.0226475279107	0.00382775119617
-mba	0.949979499795	0.0352603526035	0.00861008610086	0.00615006150061
-lti	0.0	0.947368421053	0.0526315789474	0.0
-lto	0.249672031692	0.31063210297	0.318982792524	0.120713072814
-mbe	0.533333333333	0.266666666667	0.0	0.2
-dro	0.0045398269023	0.950434672358	0.00612321569319	0.0389022850462
-gaú	0.0	1.0	0.0	0.0
-lte	0.621316515472	0.142190045753	0.0718090908669	0.164684347908
-mbo	0.0238095238095	0.97619047619	0.0	0.0
-iné	0.0	1.0	0.0	0.0
-iná	0.0511945392491	0.948805460751	0.0	0.0
-inã	0.00900450225113	0.987993996998	0.00300150075038	0.0
--dã	0.0	1.0	0.0	0.0
-cós	0.0	1.0	0.0	0.0
-nro	0.343261269549	0.59981600736	0.0413983440662	0.0155243790248
-nri	0.0172786177106	0.982721382289	0.0	0.0
-nre	0.286125977769	0.685055578427	0.0164676821737	0.0123507616303
-nra	0.172734647721	0.721286690594	0.070246816461	0.0357318452234
-rté	0.0	1.0	0.0	0.0
-ori	0.0	1.0	0.0	0.0
-sas	0.07172413934	0.563758076663	0.064546312358	0.299971471639
-mpo	0.0279934013217	0.794149263841	0.0666410890055	0.111216245832
-æru	0.0	1.0	0.0	0.0
-cei	0.644658622582	0.211794475817	0.0844721883692	0.0590747132318
-saz	0.181818181818	0.181818181818	0.181818181818	0.454545454545
-mpe	0.48778693349	0.260594467334	0.167745732784	0.083872866392
-mpa	0.177958755527	0.281681830433	0.471011589537	0.0693478245033
-lfa	0.0	0.963735620979	0.0362643790213	0.0
-oli	0.133591481123	0.851887705712	0.0145208131655	0.0
-hac	0.015625	0.984375	0.0	0.0
-sag	0.162162162162	0.783783783784	0.054054054054	0.0
-saf	0.0125786163522	0.96855345912	0.0157232704403	0.00314465408805
-olo	0.0356709745063	0.885802463241	0.0548757779989	0.0236507842534
-ola	0.0874135321158	0.83439118614	0.0648606558836	0.0133346258603
-sai	0.454113437717	0.1990227418	0.0161938054977	0.330670014986
-sao	0.176470588235	0.697478991596	0.126050420168	0.0
-ole	0.353321364452	0.529802513465	0.0592459605027	0.0576301615799
-sam	0.481818267568	0.207573583254	0.0480116614411	0.262596487737
-sal	0.0398907143204	0.882782670228	0.0609100522508	0.0164165632011
-ssé	0.0075448088035	0.991130249163	0.0	0.00132494203379
-vás	0.812680115274	0.0835734870317	0.0172910662824	0.0864553314121
-não	0.1637488833	0.036296663514	0.0117530890397	0.788201364146
-ssá	0.0	0.97619047619	0.0238095238095	0.0
-ssã	0.4	0.0	0.6	0.0
-çào	0.466666666667	0.488888888889	0.0444444444444	0.0
-nãa	0.0	0.0	0.0	1.0
-naã	0.00321789764021	0.987741342323	0.00781489426908	0.00122586576769
-ucã	0.0	1.0	0.0	0.0
-ssó	0.0	1.0	0.0	0.0
-naá	0.0	1.0	0.0	0.0
-pôs	0.810148298153	0.0645101385708	0.0174031463615	0.107938416915
-pôr	0.645284346586	0.116386733579	0.0256476731912	0.212681246644
-hal	0.0414937759336	0.908713692946	0.0497925311203	0.0
-mat	0.0	1.0	0.0	0.0
-úma	0.0	1.0	0.0	0.0
-úme	0.158935879945	0.596180081855	0.218963165075	0.0259208731241
-jua	0.321428571429	0.172077922078	0.0	0.506493506494
-á-o	0.667938931298	0.293893129771	0.0	0.0381679389313
-saú	0.00392721560414	0.989789239429	0.00235632936248	0.00392721560414
-éus	0.00585889763268	0.966427220985	0.0205277347032	0.0071861466787
-í-o	0.849056603774	0.150943396226	0.0	0.0
-éum	0.484536082474	0.329896907216	0.0618556701031	0.123711340206
-olá	0.213572832848	0.565334164133	0.0676815315363	0.153411471482
-olã	0.0	1.0	0.0	0.0
-í-a	0.466666666667	0.333333333333	0.0666666666667	0.133333333333
-saí	0.532835949842	0.0738546603476	0.0159829186414	0.377326471169
-mãs	0.0124220173356	0.970463203224	0.00717716557169	0.00993761386849
-sso	0.0515150917928	0.0648693140293	0.00928618634255	0.874329407835
-ssa	0.119512962099	0.157956323458	0.0348922406833	0.687638473759
-sse	0.760069994418	0.0517564886189	0.0194846341258	0.168688882837
-ões	0.107687566731	0.819114772159	0.0392700785288	0.0339275825816
-mad	0.0	1.0	0.0	0.0
-õem	0.575118426972	0.27879958716	0.0725117103766	0.0735702754916
-uco	0.0653160859597	0.15771428439	0.516963712518	0.260005917132
-mãe	0.00463698327167	0.989667946759	0.000753981019784	0.00494108894965
-uca	0.160123793185	0.183976968188	0.545127325327	0.1107719133
-maf	0.0	1.0	0.0	0.0
-mão	0.0171854953508	0.95598554896	0.00843335163677	0.0183956040524
-uce	0.0	1.0	0.0	0.0
-ion	0.00980392156863	0.990196078431	0.0	0.0
-iom	0.0360065466448	0.963993453355	0.0	0.0
-ioc	0.181818181818	0.772727272727	0.0454545454545	0.0
-éia	0.0140012898662	0.969313666341	0.0092891172738	0.00739592651924
-ios	0.095083380963	0.632184041832	0.226923712827	0.0458088643787
-ior	0.0439919566918	0.126573317092	0.627101943149	0.202332783067
-iou	0.903420609974	0.0561021880923	0.0129502379069	0.0275269640272
-iot	0.0	0.983606557377	0.0163934426229	0.0
-sva	0.0	1.0	0.0	0.0
--el	0.0	1.0	0.0	0.0
--ei	0.647261520682	0.205255453363	0.0495160591323	0.0979669668224
--sã	0.0	1.0	0.0	0.0
-tca	0.0	1.0	0.0	0.0
-êra	0.0	1.0	0.0	0.0
-chi	0.195190947666	0.779349363508	0.025459688826	0.0
-el~	0.141592920354	0.805309734513	0.0530973451327	0.0
-cho	0.408133668956	0.447569325751	0.0754115002538	0.0688855050395
-vaú	0.0	1.0	0.0	0.0
-cha	0.273195692047	0.631314489959	0.0615905563655	0.0338992616282
-tuí	0.755304101839	0.173974540311	0.025459688826	0.045261669024
-elu	0.0	1.0	0.0	0.0
-eli	0.0090236001851	0.978482184174	0.00138824618232	0.0111059694586
-elo	0.040142650478	0.134993976718	0.0127754838915	0.812087888913
-mná	0.0	1.0	0.0	0.0
-aém	0.0	0.975669099757	0.0194647201946	0.00486618004866
-ela	0.0587553789376	0.0765738734202	0.0127855526123	0.85188519503
-ele	0.0262650513192	0.0956140904556	0.00225734427789	0.875863513947
-eís	0.666666666667	0.333333333333	0.0	0.0
-rmã	0.0166120340019	0.963720206678	0.0101672315129	0.0095005278071
-rês	0.0350100603622	0.0130361114053	0.0243354866038	0.927618341629
-rêm	0.76	0.04	0.1	0.1
-ázi	0.048780487805	0.926829268293	0.0	0.0243902439025
-hul	0.0	1.0	0.0	0.0
-hum	0.0473989470572	0.209361510925	0.0126273847735	0.730612157244
--se	0.630410389162	0.169390531964	0.0699791482242	0.13021993065
-hua	0.0	1.0	0.0	0.0
-hub	0.0	1.0	0.0	0.0
-hur	0.0203045685279	0.97461928934	0.00507614213198	0.0
-var	0.79340044736	0.0911331665956	0.0358302565531	0.0796361294914
-vas	0.118778868834	0.746104087592	0.11517663735	0.0199404062246
-tub	0.0	1.0	0.0	0.0
-nco	0.00934761367836	0.0662507417435	0.182780407251	0.741621237327
-nci	0.889422917344	0.0269322941907	0.0543691125022	0.0292756759627
-vat	0.0	1.0	0.0	0.0
