-cak	0.106957332359	0.1941384574	0.0231080656331	0.675796144608
-can	0.0662627792503	0.907989397955	0.00681560015146	0.018932222643
-cat	0.692991950868	0.157420737923	0.0939795500163	0.055607761193
-nsu	0.495826558266	0.183848238482	0.0	0.320325203252
-pu‘	0.471615720524	0.349344978166	0.122270742358	0.056768558952
-aua	0.768558951965	0.10480349345	0.0960698689956	0.0305676855895
-nso	0.0192307692308	0.0833333333333	0.269230769231	0.628205128205
-nsi	0.294657116357	0.193997700053	0.119808778304	0.391536405285
-auk	0.358241758242	0.641758241758	0.0	0.0
-aum	0.529100529101	0.380952380952	0.0582010582011	0.031746031746
-put	0.861635220126	0.100628930818	0.0	0.0377358490566
-ako	0.362229736653	0.39491751204	0.0450865867404	0.197766164566
-pup	0.0223523150612	0.937413517829	0.0	0.0402341671102
-nto	0.19012345679	0.627160493827	0.0592592592593	0.123456790124
-pus	0.0540906017579	0.914356547217	0.027045300879	0.0045075501465
-nta	0.155118924509	0.441571871768	0.341261633919	0.0620475698035
-a‘w	0.165235066553	0.485100827964	0.0936749304069	0.255989175076
--uk	0.213547922171	0.733125150132	0.0129714148451	0.0403555128513
-uan	0.778739238611	0.0429354646939	0.0758306361055	0.10249466059
-wat	0.53435471179	0.258286115446	0.0484121666523	0.158947006111
-uat	0.611579099129	0.29586225362	0.0406566020637	0.0519020451877
-pum	0.463352127114	0.315222962583	0.0922603792927	0.12916453101
-pun	0.0189189189189	0.981081081081	0.0	0.0
-he'	0.248910705026	0.491562292062	0.119355184623	0.140171818289
-ntu	0.0	1.0	0.0	0.0
-puk	0.164573794939	0.442685912266	0.178061661166	0.214678631629
-nma	0.569116495408	0.261048751355	0.0718257829247	0.0980089703125
-nmo	0.263163729077	0.231349074382	0.292650482208	0.212836714333
-'it	0.772167487685	0.190886699507	0.0	0.0369458128079
-nmi	0.339455637028	0.373579174676	0.116371229919	0.170593958378
-'in	0.235399889053	0.450197983817	0.0736461541405	0.24075597299
-cwa	0.0357697246699	0.0195151458556	0.0123249434161	0.932390186058
-opi	0.189481248835	0.398392377099	0.378589869846	0.0335365042187
-'ii	0.372365656976	0.0794199363014	0.0670868062614	0.481127600461
-ca‘	0.0	0.093023255814	0.0872093023256	0.81976744186
-'ic	0.507853403141	0.146596858639	0.0628272251309	0.282722513089
-'ia	0.268745379317	0.234802007808	0.429447852761	0.0670047601136
-oum	0.0	1.0	0.0	0.0
-yst	0.100592778876	0.883240524519	0.0	0.016166696605
-oku	0.508196721312	0.360655737705	0.0	0.131147540984
-msi	0.299354466183	0.126630187164	0.0971954690834	0.47681987757
-mso	0.387978142077	0.579234972677	0.0	0.0327868852459
-'tu	0.3145865434	0.640472521828	0.0179763739086	0.0269645608629
-ima	0.476210754932	0.280222295564	0.0705213512334	0.173045598271
-'ti	0.240405822673	0.647110719012	0.0330833700927	0.0794000882224
-oki	0.349212161533	0.066259555434	0.0216057336548	0.562922549378
-kim	0.212633663366	0.564198019802	0.0942574257426	0.128910891089
-'to	0.0203862848822	0.906221548107	0.0136352066384	0.0597569603719
-imi	0.100226182093	0.0313427754641	0.194053975908	0.674377066535
-'ta	0.596026490066	0.165562913907	0.0	0.238410596027
-twa	0.521707142677	0.31495646616	0.0777171576437	0.0856192335193
-oka	0.399500925702	0.177895838364	0.422603235933	0.0
-e'’	0.223264256542	0.414838904856	0.0389502344577	0.322946604145
-e'‘	0.277466838749	0.227754294394	0.0483902166778	0.446388650179
-sik	0.448424071345	0.284208942386	0.163482377431	0.103884608838
-oik	0.490781092859	0.265169292658	0.193094200469	0.0509554140128
-me'	0.326430684484	0.535244312965	0.085790064266	0.0525349382842
-kip	0.223474801061	0.430371352785	0.11074270557	0.235411140584
-hik	0.353297911774	0.213864300652	0.0566443248374	0.376193462736
-sio	0.0904079382579	0.854465270121	0.0551267916207	0.0
--ci	0.379619710766	0.572174611677	0.0482056775576	0.0
-utk	0.0985772357724	0.706300813008	0.164634146341	0.030487804878
-a'w	0.275605214153	0.428305400372	0.167597765363	0.128491620112
-uto	0.75495049505	0.0965346534653	0.0742574257426	0.0742574257426
-mci	0.380515011932	0.269687552028	0.1221210944	0.227676341639
-’uk	0.795454545455	0.113636363636	0.0909090909091	0.0
-ok’	0.312162162162	0.072972972973	0.614864864865	0.0
-e'a	0.965517241379	0.0	0.0	0.0344827586207
-e'o	0.33959282071	0.176971330413	0.0282214896379	0.455214359239
-e'n	0.264014537256	0.576992516473	0.0624471356881	0.0965458105835
-e'm	0.14268479455	0.73624827958	0.03615883816	0.0849080877098
-e'k	0.291824381161	0.290345632083	0.0813081210923	0.336521865664
-e'i	0.360066408809	0.0580292353816	0.0127003066113	0.569204049198
-e'w	0.102906976744	0.228837209302	0.122093023256	0.546162790698
-e't	0.355793623279	0.499540220509	0.0454174383732	0.0992487178394
-e's	0.0274103860413	0.949884379641	0.0173027723386	0.0054024619791
-e'p	0.399854245111	0.499331956759	0.0346167861047	0.0661970120248
-nwa	0.100064450404	0.0548446375647	0.0183412221552	0.826749689876
-nwi	0.319583244737	0.209228152243	0.0621487804137	0.409039822606
-ayi	0.0306905370844	0.953964194373	0.0153452685422	0.0
-o’w	0.318219983207	0.511335012594	0.0201511335013	0.150293870697
-ayt	0.0	0.985576923077	0.0144230769231	0.0
-an’	0.296296296296	0.0555555555555	0.0	0.648148148148
-nwu	0.498762376238	0.193069306931	0.10396039604	0.204207920792
-ki‘	0.19770773639	0.767908309456	0.0	0.0343839541547
-cto	0.276595744681	0.595744680851	0.127659574468	0.0
-cti	0.0417246175243	0.958275382476	0.0	0.0
-na'	0.902777777778	0.0972222222222	0.0	0.0
-umu	0.82538330494	0.144804088586	0.0298126064737	0.0
-ota	0.187779433681	0.45305514158	0.311475409836	0.0476900149031
-oti	0.235976851728	0.0537030307038	0.00139713735823	0.70892298021
-'mi	0.0	1.0	0.0	0.0
-oto	0.565310492505	0.134903640257	0.0	0.299785867238
-'ms	0.0	0.996699669967	0.003300330033	0.0
-uma	0.124446583489	0.701328199625	0.0330195976358	0.141205619249
-otu	0.492610837439	0.0886699507388	0.128078817734	0.290640394089
-swa	0.0	0.417307342013	0.0191745298789	0.563518128108
-umo	0.692307692308	0.272189349112	0.0	0.0355029585798
-kic	0.165617009274	0.293509443205	0.108330580843	0.432542966677
-nak	0.294795210687	0.318346010981	0.118822257028	0.268036521304
ALL	0.240094910527	0.315658211337	0.0487678688077	0.395479009328
-nan	0.543175175226	0.0905938399038	0.0185218675455	0.347709117325
-aki	0.322230431392	0.324436645733	0.037854533514	0.315478389361
-nam	0.457686264106	0.245189070057	0.188559884089	0.108564781748
-sis	0.0803992647153	0.829888293291	0.0401321455658	0.0495802964278
-nac	0.09461426492	0.730713245997	0.0	0.174672489083
-kii	0.0163822525597	0.712627986348	0.00819112627986	0.262798634812
-sip	0.00424628450106	0.995753715499	0.0	0.0
-siw	0.365358208248	0.43008665183	0.184667834651	0.0198873052701
-kin	0.197546160066	0.34683337337	0.0592135980812	0.396406868482
-aka	0.135007431	0.628109451878	0.109848565906	0.127034551217
-sit	0.219763421161	0.483698143659	0.177910999778	0.118627435401
-kis	0.0896262395118	0.209763539283	0.660564454615	0.0400457665904
-sii	0.315304555537	0.589148609452	0.0	0.095546835011
-‘ik	0.273318042813	0.554663608563	0.0248470948012	0.147171253823
-kiw	0.310892683738	0.0602602690811	0.0205022642672	0.608344782914
-sin	0.192037165909	0.648630849754	0.0611867643308	0.0981452200065
-sim	0.50079072694	0.252970135284	0.105285944373	0.140953193403
-kit	0.377609041914	0.327543334553	0.0836978608261	0.211149762706
-sic	0.373831775701	0.453630481668	0.0539180445722	0.118619698059
-nap	0.304274937133	0.201173512154	0.0	0.494551550713
-naw	0.320711851571	0.250473305566	0.218667171526	0.210147671337
-nat	0.591987466781	0.184555559011	0.0340994437346	0.189357530473
-wuk	0.285018661597	0.415804853785	0.0612685001684	0.237907984449
-ma‘	0.138996138996	0.791505791506	0.0694980694981	0.0
-mot	0.0816358675411	0.723841525742	0.127564656834	0.0669579498825
-wun	0.167795699329	0.678524934871	0.0458028583931	0.107876507407
-wum	0.103523270987	0.540234884732	0.173553719008	0.182688125272
-wuc	0.178948879303	0.418098857018	0.164988328436	0.237963935244
-wus	0.17266015718	0.492974517742	0.0214336746844	0.312931650393
-tci	0.258629024461	0.31886299913	0.0551097360533	0.367398240356
-moc	0.100379877979	0.125474847473	0.120870265915	0.653275008634
-swk	0.156157925751	0.792575132587	0.0159104301709	0.0353565114908
-ha‘	0.516086956522	0.240434782609	0.0	0.24347826087
-mon	0.609370053815	0.182739071628	0.105154105154	0.102736769403
-mom	0.76215098242	0.175801447777	0.0	0.0620475698035
-mok	0.510994151385	0.319210837202	0.0503079559118	0.119487055502
-wut	0.318672332602	0.490817351535	0.0845428124338	0.105967503429
-con	0.740907049843	0.0817242927706	0.0696003592276	0.107768298159
-coi	0.103302881237	0.0295151089248	0.00843288826422	0.858749121574
-yan	0.0328137817883	0.967186218212	0.0	0.0
-k‘o	0.89010989011	0.021978021978	0.0	0.0879120879121
-iso	0.517171717172	0.361616161616	0.0121212121212	0.109090909091
-kik	0.0743619758485	0.808836865397	0.0481204510478	0.068680707707
-isk	0.533841110683	0.466158889317	0.0	0.0
-'‘i	0.0225563909774	0.887218045113	0.0902255639098	0.0
-isi	0.272764931396	0.206344988218	0.147324795711	0.373565284676
-ish	0.20427217779	0.11601026998	0.0213107599514	0.658406792278
-tmo	0.594167679222	0.332928311057	0.0145808019441	0.0583232077764
-isu	0.0780180673419	0.702710101287	0.00821242814127	0.21105940323
-upi	0.743267151563	0.108806762335	0.0230980931787	0.124827992923
-mas	0.178343949045	0.627388535032	0.0828025477707	0.111464968153
-hak	0.353191112685	0.157121359653	0.200230149597	0.289457378065
-mau	0.106038291605	0.184094256259	0.533136966127	0.176730486009
-mat	0.616499534599	0.227225909645	0.0447709006691	0.111503655087
-han	0.748728382503	0.195320447609	0.0101729399797	0.0457782299085
-mak	0.424631130767	0.416458618863	0.0536215957244	0.105288654646
-hat	0.482328482329	0.328482328482	0.0	0.189189189189
-’ik	0.392156862745	0.345098039216	0.0470588235294	0.21568627451
-man	0.469933990325	0.331795934228	0.0511564854129	0.147113590034
-maa	0.257111597374	0.163019693654	0.557986870897	0.0218818380744
-mac	0.150692520776	0.76620498615	0.0	0.0831024930747
-pci	0.182233291822	0.204234122042	0.151100041511	0.462432544624
-ptu	0.0859888720283	0.289327263531	0.30349013657	0.321193727871
-nkw	0.485861182519	0.282776349614	0.0	0.231362467866
-uni	0.236857457704	0.216697997018	0.435599922214	0.110844623063
-hii	0.32441860955	0.258556014173	0.0701923900664	0.34683298621
-se'	0.287422949869	0.52768906427	0.103522459648	0.0813655262137
-‘e'	0.319496855346	0.275471698113	0.34213836478	0.0628930817611
-wno	0.28292548804	0.642837503437	0.0164971130052	0.0577398955183
-‘wi	0.212685687338	0.173072388588	0.505776939401	0.108464984673
-wni	0.183750832078	0.228784640717	0.227446309078	0.360018218127
-pto	0.493921402318	0.319479785129	0.0593723494487	0.127226463104
-nko	0.322033898305	0.440677966102	0.0	0.237288135593
-nki	0.175837287951	0.108547428135	0.0391370752195	0.676478208695
-pti	0.204858399441	0.484401331744	0.034526696535	0.27621357228
-in’	0.498007968128	0.0836653386454	0.0	0.418326693227
-ne'	0.245846046007	0.457376741809	0.0858503131724	0.210926899012
-sni	0.622502053107	0.30522857925	0.039419655078	0.032849712565
-ini	0.17209748824	0.351574276374	0.0318835231846	0.444444712201
-ino	0.105675027013	0.0500894043851	0.0308564653235	0.813379103279
-ina	0.353532221836	0.21143977981	0.107406118511	0.327621879844
-uit	0.376	0.288	0.024	0.312
-uii	0.686800894855	0.223713646532	0.0	0.0894854586129
-uik	0.258373205742	0.488038277512	0.143540669856	0.11004784689
-kni	0.634782608696	0.260869565217	0.0521739130435	0.0521739130435
-kno	0.0	1.0	0.0	0.0
-uin	0.0341365461847	0.903614457831	0.0	0.0622489959839
-wci	0.131377811207	0.082195184993	0.00443022372713	0.781996780073
-kna	0.711150131694	0.157155399473	0.0526777875329	0.0790166812994
-aos	0.0222551928783	0.796735905044	0.0890207715134	0.0919881305638
-kus	0.0368219798895	0.951848180144	0.0	0.011329839966
-iac	0.634026794467	0.148676614748	0.110554405838	0.106742184947
-iam	0.211492254997	0.631767292061	0.0483104135781	0.108430039364
-ian	0.42074253537	0.293853353471	0.052836349531	0.232567761629
-iai	0.322580645161	0.567448680352	0.0439882697947	0.0659824046921
-iak	0.242147354701	0.423557915955	0.123912263995	0.210382465349
-iat	0.665027900556	0.125696055419	0.0274775989229	0.181798445103
-aan	0.380301882137	0.545254237132	0.0148887761463	0.0595551045851
-iap	0.425583266291	0.144810941271	0.0	0.429605792438
-ias	0.127199491202	0.653381386474	0.0	0.219419122324
-kun	0.159203980099	0.363184079602	0.0	0.477611940299
-kum	0.168987778635	0.634901944862	0.0759267530148	0.120183523489
-mta	0.342075256556	0.350057012543	0.0	0.307867730901
-kuk	0.284443901967	0.459360875539	0.0846733074258	0.171521915068
-tko	0.204545454545	0.727272727273	0.0	0.0681818181819
-hoc	0.207556348305	0.0788065509973	0.0408626560726	0.672774444625
-aak	0.658959537572	0.28901734104	0.0	0.0520231213873
-uuk	0.441057240149	0.29998378466	0.0951840441056	0.163774931085
-niw	0.10299126977	0.0700161601123	0.00678442033253	0.820208149785
-mki	0.371681415929	0.389380530973	0.0530973451327	0.185840707965
-wok	0.658873131468	0.0651590647757	0.0	0.275967803756
-aso	0.700346309241	0.179407426409	0.0201212082345	0.100125056115
-asm	0.169286577993	0.480048367594	0.181378476421	0.169286577993
-asi	0.417465837476	0.346300342405	0.0823087973944	0.153925022724
-ash	0.113010325847	0.158851287257	0.0228389131578	0.705299473738
-cka	0.564102564103	0.320512820513	0.0897435897436	0.025641025641
-asu	0.108597285068	0.674208144796	0.217194570136	0.0
-ast	0.0311041990668	0.712286158631	0.0233281493002	0.233281493002
-cki	0.580377706126	0.378166743436	0.0	0.0414555504376
-'ik	0.210362502967	0.621002839885	0.0627764052156	0.105858251932
-u‘k	0.84347826087	0.104347826087	0.0	0.0521739130435
-iwu	0.495587970466	0.126238069512	0.0378173960022	0.340356564019
-iwa	0.268986558918	0.57574008411	0.0300156675187	0.125257689453
-iwi	0.525220526463	0.367946653598	0.060277233268	0.0465555866704
-iwo	0.316959727737	0.103346568349	0.023823028928	0.555870674986
-'ci	0.157925634125	0.092991027463	0.0601195268967	0.688963811516
-cwi	0.0324675324675	0.590909090909	0.324675324675	0.051948051948
-swi	0.0276179516686	0.0448791714614	0.0517836593786	0.875719217491
-pow	0.916317991632	0.0627615062762	0.0209205020921	0.0
-pot	0.658270361041	0.125944584383	0.175482787573	0.0403022670026
-pok	0.254437869823	0.698224852071	0.0189349112426	0.0284023668639
-a’w	0.408182570652	0.427456544874	0.0319262149698	0.132434669504
-pon	0.206176427129	0.735574467864	0.0170573703135	0.0411917346931
-'cu	0.025641025641	0.65811965812	0.205128205128	0.111111111111
-ye'	0.0	0.961538461538	0.0384615384615	0.0
-'no	0.350260711857	0.534119247336	0.0	0.115620040807
-kcu	0.372093023256	0.403100775194	0.031007751938	0.193798449612
-'nk	0.0960451977401	0.90395480226	0.0	0.0
-ika	0.262557077626	0.230593607306	0.0753424657533	0.431506849315
-'ni	0.159683940844	0.240376162607	0.0362630224143	0.563676874135
-ouk	0.261123228825	0.062175527398	0.0368304500574	0.639870793719
-aat	0.556214584547	0.295636286607	0.0631520415188	0.0849970873273
-nos	0.0226928895613	0.476248108926	0.0	0.501059001513
-not	0.536848181643	0.339875569239	0.037970624078	0.0853056250401
-iki	0.301971549788	0.29017968555	0.142063888196	0.265784876466
-'na	0.347801892042	0.5061213133	0.0125208681135	0.133555926544
-ikw	0.696747370995	0.200538028858	0.0	0.102714600147
-noi	0.780434782609	0.117391304348	0.0239130434783	0.0782608695652
-nok	0.246723024805	0.362217737368	0.248344780008	0.142714457819
-iks	0.0810185185185	0.894943019943	0.0160256410256	0.00801282051282
-nom	0.0532319391635	0.920152091255	0.0	0.0266159695817
-non	0.41363491567	0.247142786231	0.113074099366	0.226148198732
-kci	0.15531534301	0.227698734624	0.145314827673	0.471671094692
-'nt	0.107644991213	0.760544815466	0.105448154657	0.0263620386643
-noc	0.0384381954279	0.332389237305	0.13251062108	0.496661946187
-kco	0.488549618321	0.511450381679	0.0	0.0
--ok	0.814814814815	0.148148148148	0.0	0.037037037037
-u’n	0.161073825503	0.718120805369	0.0402684563758	0.0805369127517
-ie'	0.417292855208	0.23092832846	0.0558964956489	0.295882320684
--in	0.499182179298	0.315445128125	0.0	0.185372692577
-yku	0.0	0.967637540453	0.0	0.0323624595469
-sap	0.127764127764	0.12285012285	0.279396279396	0.469989469989
-saw	0.0506756756757	0.878378378378	0.0202702702703	0.0506756756757
-toc	0.451559597245	0.37298956163	0.053885393466	0.121565447659
-sat	0.614725305606	0.247927497541	0.101517493326	0.0358297035268
-'us	0.0119693584424	0.964091924673	0.00478774337696	0.0191509735078
-tom	0.465308188837	0.330565751171	0.0493481837742	0.154777876218
-tok	0.429417963983	0.357054813938	0.0884825401521	0.125044681926
-'uk	0.0678650867454	0.8900091268	0.0121675537045	0.0299582327502
-tot	0.548093648173	0.20897459266	0.0657037510842	0.177228008083
-'um	0.12671594509	0.74656810982	0.12671594509	0.0
-sak	0.491643691072	0.377991082065	0.0146363048436	0.115728922019
-san	0.0662331730123	0.91751081495	0.00644866593223	0.00980734610527
-sam	0.153495299125	0.0285351243147	0.00961815908435	0.808351417476
-ocu	0.225325223105	0.0598499311815	0.0567197975403	0.658105048173
-oci	0.297513345739	0.086683000079	0.0132607191012	0.602542935081
-ipi	0.0240691302308	0.00837893772433	0.000580774058768	0.966971157986
-'’k	0.741293532338	0.0796019900498	0.0	0.179104477612
-ipo	0.0526315789474	0.947368421053	0.0	0.0
-win	0.230704136285	0.163310182431	0.032340277831	0.573645403454
-te'	0.3080892481	0.407396824245	0.0923567977763	0.192157129878
-hka	0.63025210084	0.0924369747899	0.0756302521008	0.201680672269
-hki	0.479308430141	0.242735359122	0.18421539701	0.0937408137268
-awi	0.109645507007	0.291838417148	0.0593569661996	0.539159109645
-'tc	0.856596558317	0.103250478011	0.0	0.0401529636711
-awa	0.484606302069	0.312618622261	0.0891205945605	0.113654481109
-ton	0.263363593853	0.576592352783	0.0688496669356	0.0911943864278
-mam	0.30269058296	0.495515695067	0.134529147982	0.067264573991
-npo	0.686403508772	0.0570175438597	0.0263157894737	0.230263157895
-awu	0.97037037037	0.0296296296296	0.0	0.0
-pko	0.281731909846	0.340450771056	0.0474495848161	0.330367734282
-’aw	0.46207630339	0.209606323149	0.0	0.328317373461
-aw’	0.210832847991	0.640652300524	0.0116482236459	0.136866627839
-aw‘	0.26577693041	0.387225929457	0.0400381315539	0.30695900858
-cum	0.135423306484	0.732456394507	0.0938749492959	0.0382453497132
-cuk	0.281133232629	0.500763780974	0.099590361167	0.118512625231
-uci	0.264929424539	0.537459283388	0.0673181324647	0.130293159609
-o‘w	0.449882014218	0.444932547751	0.0186996334278	0.0864858046037
-ium	0.178274686646	0.503888080105	0.0779835244825	0.239853708767
-iok	0.309989701339	0.411946446962	0.149330587024	0.128733264676
-ion	0.337382212753	0.447800206471	0.113339337097	0.10147824368
-mun	0.0768537722877	0.845089265252	0.00767033735161	0.0703866251088
-muk	0.0911261561646	0.739054968467	0.0462578485144	0.123561026854
-mut	0.549407114624	0.450592885376	0.0	0.0
-mup	0.727954971857	0.10631644778	0.0218886804252	0.143839899937
-mus	0.0253004427578	0.955724225174	0.00948766603415	0.00948766603416
-oin	0.176883430201	0.0704024564097	0.0146945937054	0.738019519684
-iow	0.371011850501	0.227894257065	0.0	0.401093892434
-oii	0.265726681128	0.104121475054	0.334056399132	0.296095444686
-iot	0.15625	0.84375	0.0	0.0
-pe'	0.0869266094496	0.835028637278	0.023047419205	0.0549973340672
-iit	0.219828886615	0.359015097854	0.0576171362611	0.36353887927
-wnu	0.225293449451	0.443392654298	0.331313896252	0.0
-iiw	0.137157107232	0.364089775561	0.0399002493765	0.458852867831
-mit	0.420890976782	0.403105011011	0.0471223945431	0.128881617663
--e'	0.555555555556	0.380952380952	0.031746031746	0.031746031746
-pna	0.74292819397	0.135840845508	0.0	0.121230960522
-uon	0.421348314607	0.38904494382	0.0210674157303	0.168539325843
-itw	0.272373540856	0.241245136187	0.346303501946	0.140077821012
-itu	0.00919557741697	0.971901797763	0.00110999869412	0.0177926261263
-pni	0.195369489375	0.564858864573	0.239771646051	0.0
-itp	0.445936639119	0.306990358127	0.132575757576	0.114497245179
-ito	0.556858751617	0.0808821850517	0.0168213042922	0.345437759039
-iti	0.16273714223	0.77249424279	0.0446183792082	0.0201502357715
-ita	0.478271645737	0.475462656973	0.0115664243225	0.0346992729676
-ae'	0.113924050633	0.73417721519	0.151898734177	0.0
-spi	0.649746192893	0.299492385787	0.0	0.0507614213198
-hum	0.180412371134	0.448453608247	0.154639175258	0.216494845361
-hun	0.675324675325	0.292207792208	0.0324675324675	0.0
-'ka	0.539325842697	0.244943820225	0.0808988764044	0.134831460674
-huk	0.211304098623	0.536402291277	0.0880075576162	0.164286052484
-'ko	0.190279535329	0.310123581642	0.0147685407516	0.484828342278
-'ki	0.338128179502	0.0474782763613	0.00867477238755	0.605718771749
-wot	0.480906921241	0.071599045346	0.381861575179	0.0656324582339
-'kw	0.151145841769	0.644789051745	0.0680217021621	0.136043404324
-pwa	0.281994840411	0.133484301863	0.0318394009061	0.552681456819
-won	0.644444444444	0.177777777778	0.0	0.177777777778
-pwi	0.633968906346	0.127981687173	0.0315618794926	0.206487526988
-nci	0.43452839424	0.291959650818	0.0574101624619	0.21610179248
-koc	0.321188878236	0.450623202301	0.178331735379	0.0498561840844
-kom	0.214206543853	0.125013064858	0.0261673906016	0.634613000688
-sot	0.497029059293	0.360361087178	0.0311702044333	0.111439649095
-kon	0.450338025199	0.274257994091	0.0616422142647	0.213761766445
-tum	0.287639717364	0.204905171412	0.235513826794	0.27194128443
-tun	0.165605095541	0.786624203822	0.00597133757962	0.0417993630573
-tup	0.207934685547	0.621125143513	0.0867457583875	0.0841944125526
-kot	0.202711778406	0.239156730885	0.0601182691419	0.498013221567
-son	0.612977186748	0.282471626734	0.00687836753412	0.0976728189843
-kop	0.265201465202	0.71282051282	0.021978021978	0.0
-sok	0.303250333101	0.511068734949	0.059041402325	0.126639529625
-tna	0.545634920635	0.0496031746033	0.238095238095	0.166666666667
-owi	0.24250763054	0.0542370028055	0.0400423474128	0.663213019241
-wsn	0.134271099744	0.742966751918	0.0153452685422	0.107416879795
-wsi	0.362342551227	0.194028413311	0.0862921002038	0.357336935258
-tni	0.416604886232	0.201858920318	0.237681687432	0.143854506018
-tnk	0.355805243446	0.576779026217	0.0	0.067415730337
-wa’	0.493506493506	0.350649350649	0.0	0.155844155844
-ico	0.599112426036	0.312130177515	0.0443786982249	0.0443786982249
-hku	0.382165605096	0.108280254777	0.398089171974	0.111464968153
-tnu	0.0	1.0	0.0	0.0
-ici	0.113622534746	0.041015771947	0.00334601829314	0.842015675014
-wsu	0.670545009186	0.29271279853	0.0	0.0367421922841
-wst	0.761538461539	0.238461538461	0.0	0.0
-oma	0.375939849624	0.533834586466	0.0	0.0902255639098
-ica	0.109070034443	0.672789896671	0.0631458094145	0.154994259472
-cma	0.570345858241	0.0816609735269	0.00880657557644	0.339186592656
-hni	0.0392584514722	0.149945474373	0.232824427481	0.577971646674
-e'c	0.391339748101	0.0659980496918	0.0907934724637	0.451868729743
-‘ow	0.346311677227	0.653688322773	0.0	0.0
-pak	0.466800804829	0.167002012072	0.0442655935614	0.321931589537
-pam	0.0527573843265	0.864938570169	0.00399942932119	0.0783046161834
-pan	0.0316811319979	0.960322487763	9.87207436965e-05	0.0078976594957
-wap	0.201238390093	0.6826625387	0.0	0.116099071207
-we'	0.271711583724	0.314909914975	0.17875790547	0.234620595831
-api	0.20886566959	0.0374149325844	0.0278893460734	0.725830051752
-apo	0.166744402985	0.673041044776	0.139225746269	0.0209888059701
-wac	0.461538461538	0.281065088757	0.195266272189	0.0621301775148
-apu	0.541935483871	0.212903225806	0.0516129032258	0.193548387097
-wao	0.497297297297	0.178378378378	0.0	0.324324324324
-wan	0.441743608786	0.32493254735	0.0495051615521	0.183818682312
-wam	0.156921761016	0.573103126997	0.0340947950706	0.235880316917
-pas	0.224852071006	0.715976331361	0.0	0.0591715976331
-pat	0.395139416296	0.40088966041	0.021699034393	0.182271888901
-tso	0.161727659083	0.168285225284	0.100526912944	0.569460202688
-nun	0.0964859080452	0.834044238162	0.0189463237616	0.0505235300309
-num	0.646326478048	0.17174496123	0.0377950451629	0.14413351556
-nuk	0.19919614289	0.572448036222	0.0858822442107	0.142473576678
-sut	0.335833061624	0.351157482882	0.194815780893	0.118193674601
-sus	0.0160143802598	0.946302802517	0.00232045101724	0.0353623662064
-sup	0.051597051597	0.705896805897	0.214987714988	0.0275184275184
-suo	0.178571428571	0.0214285714286	0.214285714286	0.585714285714
-sun	0.164252399086	0.791978145502	0.0116941293084	0.0320753261032
-sum	0.446550336386	0.329673333637	0.101523228089	0.122253101888
-suk	0.161076621796	0.613199812522	0.066217384861	0.159506180821
-kok	0.133137725964	0.781042097292	0.0262760450055	0.0595441317379
-‘uk	0.300632911392	0.495931283906	0.0	0.203435804702
-nut	0.117403372831	0.815089687791	0.037569079306	0.029937860072
-nus	0.0178442247408	0.924282613938	0.0482276344345	0.00964552688691
-nup	0.134581610187	0.0336172120126	0.0127280261834	0.819073151617
-som	0.539236861051	0.332834911669	0.0232596776873	0.104668549593
-pso	0.892125625853	0.0669094219389	0.0	0.0409649522076
-uk‘	0.420289855072	0.202898550725	0.173913043478	0.202898550725
-psi	0.645569620253	0.113924050633	0.0886075949367	0.151898734177
-tus	0.0568419480132	0.864542874216	0.0330519868539	0.0455631909173
-ipu	0.720744680851	0.199468085106	0.0	0.0797872340426
-ke'	0.179038218688	0.177704203999	0.043337327072	0.599920250241
-'ok	0.070945945946	0.662162162162	0.0810810810811	0.185810810811
--ot	0.672727272727	0.327272727273	0.0	0.0
-kos	0.169910328136	0.290223386105	0.0597151132801	0.480151172479
-'on	0.436293436293	0.517374517375	0.0	0.0463320463321
-tpu	0.501510574018	0.385196374622	0.11329305136	0.0
-sko	0.204081632653	0.775510204082	0.0204081632653	0.0
-a’a	0.812903225806	0.0709677419355	0.0387096774194	0.0774193548387
-uki	0.245977904752	0.310027794233	0.0600474349257	0.383946866089
-uko	0.440107156525	0.34404898584	0.200535782625	0.0153080750095
-'ot	1.0	0.0	0.0	0.0
-tpa	0.173333333333	0.826666666667	0.0	0.0
-tit	0.395604395604	0.307692307692	0.164835164835	0.131868131868
-ait	0.471074380165	0.380165289256	0.0	0.148760330579
-tiw	0.286453839517	0.572044866264	0.0509059534081	0.090595340811
-tis	0.424580357523	0.385757869867	0.133686241604	0.0559755310058
-nay	0.0024630541872	0.967980295566	0.0147783251232	0.0147783251231
-tin	0.244133164301	0.644234117022	0.0551341788263	0.0564985398505
-tii	0.447916666667	0.239583333333	0.0625	0.25
-tik	0.414804257473	0.302475429197	0.0331882270223	0.249532086307
-uwa	0.248075036443	0.518242793824	0.078280627578	0.155401542155
-uwn	0.700787401575	0.110236220472	0.0472440944882	0.141732283465
-uks	0.0632911392405	0.936708860759	0.0	0.0
-uwi	0.429863745034	0.168395319157	0.101449731265	0.300291204544
-cik	0.205337338508	0.555396996295	0.119611694972	0.119653970226
-cii	0.294688835531	0.449493347831	0.0365454023769	0.219272414262
-cin	0.186556180416	0.584791102609	0.135512349879	0.0931403670956
-cim	0.0699409387628	0.573826546472	0.286291576002	0.0699409387629
-cic	0.541401273885	0.382165605095	0.0	0.0764331210191
-onu	0.455954897815	0.399577167019	0.123326286117	0.0211416490486
-cis	0.166666666667	0.0	0.574074074074	0.259259259259
-oe'	0.141181591739	0.818190612077	0.0	0.0406277961839
-ciw	0.827749310209	0.0398108001576	0.132439889633	0.0
-cit	0.474273442157	0.217995933399	0.0249140542703	0.282816570173
-tno	0.0416666666667	0.958333333333	0.0	0.0
-kto	0.358880778589	0.324817518248	0.0	0.316301703163
-ats	0.0201005025125	0.673366834171	0.306532663317	0.0
-hci	0.0798224432811	0.0605750898505	0.0275728010516	0.832029665817
-'an	0.607411887191	0.130278347674	0.125662185749	0.136647579386
-'ak	0.509643916914	0.288668397626	0.0723293768546	0.129358308605
-'at	0.777057016047	0.127688630932	0.00614544213042	0.0891089108911
-pmi	0.215779958678	0.288352272727	0.0419679752066	0.453899793388
-ata	0.0980392156863	0.686274509804	0.176470588235	0.0392156862745
-ato	0.686274509804	0.270152505447	0.0	0.0435729847494
-pma	0.423175965665	0.0	0.0309012875536	0.545922746781
-ati	0.691287878788	0.0814393939394	0.227272727273	0.0
-hto	0.388429752066	0.305785123967	0.0247933884298	0.280991735537
-nis	0.0438770224565	0.823882507084	0.0383923946494	0.0938480758098
-nip	0.0	0.985037406484	0.00748129675811	0.00748129675811
-kao	0.0	1.0	0.0	0.0
-kan	0.171157246335	0.503026293276	0.0567198996179	0.269096560771
-kam	0.364777864024	0.43797086891	0.0657504223551	0.13150084471
-niu	0.0	1.0	0.0	0.0
-oso	0.534274193548	0.465725806452	0.0	0.0
-osi	0.448703363662	0.230993137809	0.111284411014	0.209019087515
-osh	0.298794515506	0.182663108494	0.476672494709	0.041869881292
-osu	0.481958762887	0.236597938144	0.0123711340206	0.269072164948
-nic	0.345858895706	0.377875766871	0.120207055215	0.156058282209
-nia	0.0721895128508	0.81852989772	0.033857405906	0.0754231835232
-aca	0.766208251473	0.115913555992	0.0	0.117878192534
-kas	0.543787941934	0.347356052884	0.0473455082273	0.0615104969546
-nik	0.146534691278	0.658105939005	0.110676909287	0.0846824604303
-acm	0.225048923679	0.262230919765	0.166340508806	0.34637964775
-kap	0.0427289923524	0.944343224519	0.0104907683559	0.00243701477295
-ack	0.446299810247	0.426185958254	0.127514231499	0.0
-nio	0.0243749286448	0.975625071355	0.0	0.0
-aci	0.303529785719	0.171897110827	0.0672856806658	0.457287422789
-kat	0.348031914279	0.247035459028	0.203139853976	0.201792772717
-sht	0.249968078315	0.472951691849	0.268142157906	0.00893807193022
-shu	0.290110806327	0.210138487064	0.039453388806	0.460297317803
-shi	0.0698660617699	0.0390672708938	0.00899476916866	0.882071898168
-shk	0.323557237465	0.635572374645	0.0295175023652	0.0113528855251
-sho	0.796878586183	0.177415652972	0.0257057608446	0.0
-sha	0.456210713046	0.349427326366	0.0680266862057	0.126335274382
-oot	0.977272727273	0.0	0.0227272727273	0.0
-yuk	0.016213712168	0.983786287832	0.0	0.0
-wpi	0.466666666667	0.35	0.0166666666667	0.166666666667
-'so	0.440154440154	0.208494208494	0.216216216216	0.135135135135
-'si	0.361819434872	0.421493519486	0.102149796581	0.114537249061
-'sh	0.0762639833819	0.138434623521	0.633110361519	0.152191031578
-yus	0.0374331550802	0.879679144385	0.0160427807486	0.0668449197861
-oan	0.592004882514	0.207354287458	0.00228867866952	0.198352151358
-tki	0.488169364882	0.474470734745	0.0	0.0373599003736
-oak	1.0	0.0	0.0	0.0
-oai	0.324324324324	0.554054054054	0.0	0.121621621622
-iay	0.0	1.0	0.0	0.0
-ni‘	0.273089490301	0.392028456013	0.033777728758	0.301104324928
-oac	0.205545774648	0.191461267606	0.0528169014085	0.550176056338
-ami	0.580562981601	0.259789275043	0.0993237930492	0.0603239503066
-kwo	0.137388325695	0.590427255474	0.097208721011	0.17497569782
-kwn	0.0161725067385	0.815363881402	0.16846361186	0.0
-kwi	0.350067453167	0.438699246649	0.0304131714926	0.180820128692
-amo	0.069536423841	0.235099337748	0.556291390729	0.139072847682
-tuk	0.294328473011	0.356842665042	0.0318565969607	0.316972264987
-ama	0.0974720888529	0.0446578353676	0.0329727540927	0.824897321687
-tma	0.489190858555	0.325509573811	0.0	0.185299567634
-oat	0.685230782416	0.192088495984	0.0179279519812	0.10475276962
-kwa	0.33072532664	0.179986139793	0.0412217769575	0.44806675661
-a‘o	0.592741935484	0.407258064516	0.0	0.0
-kak	0.335581413183	0.403931919909	0.194941214932	0.0655454519771
-usi	0.398308782751	0.293996769858	0.1141988884	0.19349555899
-ush	0.340050377834	0.305205709488	0.0302267002519	0.324517212426
-uso	0.269461077844	0.0	0.0	0.730538922156
-hin	0.366966878131	0.501410578941	0.0278849249295	0.103737617998
-hia	0.442449355433	0.346454880295	0.0200276243094	0.191068139963
-hic	0.210291540545	0.675003982794	0.0	0.114704476661
-aia	0.476190476191	0.485199485199	0.0386100386101	0.0
-tat	0.111868501297	0.698793337594	0.0120444122843	0.177293748825
-hit	0.442778778108	0.326493865416	0.0883547590134	0.142372597462
-hiw	0.0513717134346	0.0261486649465	0.00581702067316	0.916662600946
-taw	0.31598062954	0.217917675545	0.393462469734	0.0726392251816
-nit	0.37666301192	0.304940692512	0.07857737934	0.239818916228
-pi’	0.40243902439	0.368902439024	0.106707317073	0.121951219512
-sma	0.111534795043	0.677788369876	0.142040038132	0.0686367969495
-pia	0.638853083555	0.149809515625	0.152387499642	0.0589499011773
-wim	0.181656527843	0.684978942443	0.0832943378568	0.0500701918578
-pic	0.169972895392	0.0918236100138	0.00412870187932	0.734074792715
-wik	0.464114218948	0.259600176686	0.0894829084794	0.186802695886
-wii	0.149046793761	0.6568457539	0.0693240901213	0.124783362218
-ius	0.0277978808291	0.955055762772	0.0077937983633	0.00935255803595
-pik	0.0556339782446	0.919455285228	0.0	0.0249107365274
-wic	0.304902419722	0.165461789642	0.176627035321	0.353008755315
-iut	0.0	1.0	0.0	0.0
-pin	0.149616321773	0.190756637648	0.00968002292097	0.649947017658
-o‘u	0.211942809083	0.687132043734	0.0504625735913	0.0504625735913
-iuk	0.0758646889728	0.792405000307	0.0635206765759	0.0682096341439
-pis	0.225519713262	0.347096774194	0.247598566308	0.179784946237
-pit	0.253578771694	0.477915430151	0.107864855325	0.16064094283
-iun	0.19924748883	0.630429670441	0.0420767964524	0.128246044277
-wiw	0.701421800948	0.241706161138	0.0	0.0568720379147
-wit	0.463596436841	0.22101397909	0.0764831845599	0.23890639951
-wis	0.163355408389	0.3854644252	0.0804041433181	0.370776023094
-wip	0.357664233577	0.0693430656934	0.14598540146	0.42700729927
-ce'	0.315004921952	0.465569774528	0.0848450757042	0.134580227816
-iim	0.113647401651	0.716367168528	0.0971345313258	0.0728508984944
-iin	0.15423669143	0.71774884579	0.0390930101384	0.0889214526416
-iii	0.146982385215	0.247069015305	0.0109153912792	0.595033208201
-iik	0.407979269017	0.217243427091	0.0923176591265	0.282459644766
-own	0.1375	0.76875	0.09375	0.0
-owa	0.446525666098	0.387472728711	0.095124515334	0.0708770898568
-tsu	0.151515151515	0.212121212121	0.030303030303	0.606060606061
-tsi	0.340331189659	0.281166849793	0.19473057336	0.183771387187
-'pa	0.145762711864	0.671186440678	0.101694915254	0.0813559322033
-iiu	0.663923546589	0.196708255906	0.0557472790019	0.0836209185028
-mi‘	0.524590163934	0.0491803278689	0.0	0.426229508197
-hpi	0.0191877198593	0.73137192197	0.163095618804	0.0863447393668
-'pi	0.640746656019	0.28798163306	0.0083849071671	0.0628868037533
-'wa	0.102857142857	0.685714285714	0.125714285714	0.0857142857143
-ktu	0.676767676768	0.323232323232	0.0	0.0
-anu	0.828793774319	0.0998702983139	0.0194552529183	0.0518806744488
-ona	0.865196078431	0.0704656862745	0.0183823529412	0.0459558823529
-'wi	0.205541237975	0.0103945365077	0.0104499162482	0.773614309269
-nin	0.169695558964	0.535582350819	0.0340381986346	0.260683891582
-onk	0.146281499693	0.737553779963	0.0129071911494	0.103257529195
-oni	0.262467154321	0.121099353739	0.01014132519	0.60629216675
-ana	0.375450451464	0.363793824822	0.0746366020776	0.186119121636
-wak	0.347172692909	0.329670907298	0.0521927124975	0.270963687295
-'wu	0.326301075968	0.482560218444	0.191138705588	0.0
-kta	0.218435321456	0.625096824167	0.0116189000775	0.144848954299
-mwi	0.17746162486	0.0741295394983	0.119430924747	0.628977910895
-ani	0.432576144185	0.252819855367	0.207435804882	0.107168195566
-nim	0.712187958884	0.0969162995595	0.0	0.190895741557
-kti	0.0812588675352	0.773764994196	0.0908035599122	0.0541725783567
-mwa	0.359744347305	0.48883059464	0.0638015960279	0.0876234620275
-ano	0.109756097561	0.170731707317	0.0	0.719512195122
-tam	0.380652107044	0.356351891726	0.0369117194709	0.226084281759
-tan	0.436553003063	0.406398683673	0.0419502503591	0.115098062905
-tao	0.282303370786	0.415730337079	0.217696629214	0.0842696629214
-tak	0.587930192824	0.267085672443	0.0351476690261	0.109836465707
-ksi	0.274781946664	0.243268065874	0.0567014202546	0.425248567208
-ksh	0.625550660793	0.229074889868	0.0528634361233	0.0925110132158
-tac	0.178552837064	0.0562207183758	0.721499219157	0.0437272254034
-sci	0.226211849192	0.568607335214	0.0743780456527	0.130802769941
-yin	0.402985074627	0.597014925373	0.0	0.0
-ksu	0.0153846153846	0.0461538461538	0.230769230769	0.707692307692
-'w’	0.561224489796	0.285714285714	0.030612244898	0.122448979592
-mno	0.377781567056	0.245232614318	0.283485378123	0.0935004405036
-mni	0.548640681297	0.372093023256	0.0245660006551	0.0547002947921
-mia	0.248648648649	0.686486486487	0.0486486486487	0.0162162162162
-mik	0.149518847983	0.720568086749	0.0244718644287	0.105441200839
-cni	0.0	0.965317919075	0.0346820809249	0.0
-mim	0.756756756757	0.162162162162	0.0	0.081081081081
-mio	0.0	1.0	0.0	0.0
-min	0.289094412287	0.456048013346	0.0443633500745	0.210494224292
-ow‘	0.634615384615	0.293269230769	0.0288461538462	0.0432692307692
-ii’	0.439655172414	0.163793103448	0.0	0.396551724138
-ii‘	0.60294117647	0.191176470588	0.0	0.205882352941
-mco	0.352895752896	0.253281853282	0.046332046332	0.34749034749
-an-	0.65034965035	0.34965034965	0.0	0.0
