-'-a	0.423446945191	0.24633371532	0.077313700569	0.252905638921
-tui	0.21160839381	0.181666483006	0.0352628181919	0.571462304992
-ua'	0.286287273489	0.490129344058	0.0945428080803	0.129040574373
-'-i	0.398972592528	0.168952551423	0.0483791718013	0.383695684247
-can	0.10162601626	0.89837398374	0.0	0.0
-eus	0.0412525022071	0.940426216712	0.0	0.018321281081
-aja	0.0842853516121	0.75931391216	0.132124270119	0.0242764661082
-hel	0.0295566502463	0.970443349754	0.0	0.0
-hem	0.0120481927711	0.961847389558	0.00401606425703	0.0220883534137
-pu'	0.232846142528	0.608612487125	0.0783510716563	0.0801902986904
-u-a	0.361625839863	0.140579386384	0.0479609726419	0.449833801111
-hei	0.436551609138	0.269301317325	0.0175087543772	0.27663831916
-rbe	0.0407239819004	0.9592760181	0.0	0.0
-mua	0.108668429108	0.735494643106	0.0326979268123	0.123139000974
-kho	0.0	1.0	0.0	0.0
-u-i	0.429130084042	0.187721896648	0.0388950304541	0.344252988856
-hea	0.204898085956	0.536355711072	0.0369734348766	0.221772768095
-lem	0.034792726609	0.948461134813	0.0	0.0167461385777
-aus	0.0757492589746	0.889120649907	0.0131737841695	0.0219563069492
-li'	0.447244294138	0.126319924168	0.0528270608648	0.373608720829
-'-e	0.386968207345	0.326635419196	0.0768850712211	0.209511302238
-uru	0.10005887312	0.752294588231	0.0252641013596	0.12238243729
-aua	0.235182822194	0.266731200774	0.370924451093	0.127161525938
-zim	0.0	1.0	0.0	0.0
-aud	0.0191738265133	0.952805689044	0.00218435998253	0.02583612446
-aum	0.00455927051672	0.95896656535	0.0	0.0364741641337
-cai	0.619483047287	0.161213562912	0.0390644978282	0.180238891973
-zia	0.0	1.0	0.0	0.0
-uaa	0.0256539170566	0.575086050199	0.01211793067	0.387142102074
-ca'	0.825581395349	0.165697674419	0.0	0.00872093023253
-nto	0.507630789307	0.15468638923	0.0897820203037	0.247900801159
-pus	0.0111936788637	0.969805286426	0.00395071018719	0.0150503245226
-uai	0.584467620051	0.252677625135	0.043226879364	0.119627875449
-nte	0.0181391572105	0.0273333120532	0.0229022634046	0.931625267332
-nah	0.483606557377	0.516393442623	0.0	0.0
-i-a	0.440013792484	0.319057971469	0.0416503788197	0.199277857227
-apa	0.119532890226	0.15466071021	0.0140198938735	0.711786505691
-i-e	0.392027857088	0.145259753831	0.0299815679354	0.432730821146
-pua	0.0922480620154	0.696899224806	0.118604651163	0.0922480620156
-i-i	0.538007052223	0.207491670471	0.0609113661057	0.1935899112
-eu'	0.736333209372	0.103254624542	0.00827340684687	0.15213875924
-he'	0.257469728099	0.378667186292	0.068383959783	0.295479125826
-ntu	0.310658018325	0.200843567796	0.0789072607085	0.409591153171
-pui	0.547142749302	0.348078810297	0.0543519287386	0.0504265116631
-u-e	0.244461435769	0.0918975402672	0.020619160013	0.643021863951
-das	0.0290011657331	0.847288959654	0.000852975462739	0.12285689915
-aa'	0.153089475471	0.438641621296	0.0680429412884	0.340225961945
-opo	0.0754716981132	0.679245283019	0.0	0.245283018868
-au'	0.106948981082	0.294375769188	0.0468042365951	0.551871013135
-ope	0.118920458591	0.824966175319	0.0296945097202	0.0264188563697
-opa	0.467696629214	0.297752808989	0.0702247191012	0.164325842697
-'ia	0.262577425037	0.0816017275018	0.0219252552422	0.633895592219
-gke	0.374707259953	0.288641686183	0.155152224824	0.18149882904
-dea	0.0859007808485	0.723039105779	0.00581042445484	0.185249688918
-gka	0.334145981418	0.283145976945	0.206934497582	0.175773544055
-oia	0.0987804878049	0.729268292683	0.131707317073	0.040243902439
-oku	0.44268558952	0.516375545851	0.00818777292576	0.032751091703
-gko	0.322580102074	0.346651727911	0.193029979855	0.13773819016
-dek	0.0886241391445	0.870155331021	0.00653496204696	0.0346855677877
-gki	0.501777251185	0.225710900474	0.201421800948	0.0710900473934
-gku	0.247338031904	0.327051421963	0.136370158131	0.289240388002
-oko	0.528959227048	0.285481791217	0.0636528967778	0.121906084957
-des	0.016328467357	0.915217573339	0.0415189661429	0.0269349931616
-oki	0.407565634704	0.375308177284	0.0652488943258	0.151877293686
-kim	0.0	1.0	0.0	0.0
-te'	0.421885003853	0.384956080155	0.0627655974162	0.130393318576
-imi	0.480379329939	0.185656021427	0.0679960428499	0.265968605784
--hi	0.704545454545	0.25	0.0	0.0454545454545
-obu	0.0508574807806	0.239714454676	0.00704007209033	0.702387992453
-idi	0.368714440695	0.252722921412	0.1448899542	0.233672683694
-ji'	0.411049379414	0.532787438052	0.0327211585197	0.0234420240141
-ida	0.349618936677	0.343368127727	0.12395026762	0.183062667976
-me'	0.588204038257	0.319341126461	0.0318809776833	0.0605738575983
-ago	0.348733358735	0.383020425601	0.0490000808249	0.219246134839
-bia	0.0248815165877	0.971563981043	0.00355450236967	0.0
-uu'	0.0708678992597	0.0978014210781	0.305090026413	0.52624065325
-bii	0.407026044821	0.232586311326	0.360387643852	0.0
-ter	0.0359264888766	0.906038413707	0.0331629128091	0.0248721846069
-uta	0.0560538116592	0.719730941704	0.0	0.224215246637
-ea'	0.149215868796	0.61574284939	0.159958872756	0.075082409058
-ria	0.306798616729	0.174759191134	0.00913248923455	0.509309702903
-ril	0.0	0.955223880597	0.044776119403	0.0
-rim	0.0	1.0	0.0	0.0
-a'u	0.331279357543	0.134686937051	0.0124585416772	0.521575163729
-ejo	0.245575221239	0.150442477876	0.603982300885	0.0
-tea	0.025354969574	0.755143436685	0.201825557809	0.0176760359316
-a'i	0.0820668693009	0.439969604863	0.45820668693	0.0197568389058
-ris	0.0	1.0	0.0	0.0
-utu	0.152618278416	0.0751803337763	0.0134774847855	0.758723903022
-tei	0.914110429448	0.0245398773006	0.0613496932515	0.0
-a'a	0.148700858797	0.253504513021	0.347316596648	0.250478031533
-'ii	0.319141058867	0.0444279896335	0.0655312847094	0.57089966679
-a'e	0.157707445948	0.816412357794	0.0129400981291	0.0129400981291
-e'e	0.360664904655	0.0338218911776	0.00899062930037	0.596522574867
-ara	0.153759293847	0.525656221979	0.105017718973	0.215566765202
-mes	0.0	0.943217665615	0.0567823343848	0.0
-rao	0.448825503356	0.420302013423	0.0629194630872	0.0679530201343
-aro	0.557356094343	0.273379515091	0.0521606465446	0.117103744021
-ari	0.461335749643	0.407110439328	0.056204521084	0.0753492899453
-e'i	0.213681646245	0.117142015989	0.00734787118757	0.661828466578
-dum	0.0469068660775	0.928619986404	0.0	0.0244731475187
-bi'	0.178941360504	0.686192026381	0.0431234938486	0.091743119266
-ile	0.47206123098	0.234241984113	0.0631868615592	0.230509923348
-mea	0.0698693963416	0.147435862318	0.0495926853186	0.733102056021
-lua	0.359589041096	0.260273972603	0.184931506849	0.195205479452
-mei	0.0	1.0	0.0	0.0
-lue	0.433734939759	0.557228915663	0.00903614457831	0.0
-aya	0.406142110876	0.494904470112	0.0228837915514	0.0760696274606
-rah	0.0	0.989208633094	0.0107913669065	0.0
-red	0.0	1.0	0.0	0.0
-rai	0.418001140226	0.393067713558	0.0868881207197	0.102043025496
-kia	0.0421401993342	0.841697014343	0.00166342892109	0.114499357402
-aru	0.0115573533661	0.971106616585	0.0115573533661	0.00577867668304
--ka	0.367152335454	0.168613955233	0.0278316747038	0.436402034609
-ndi	0.349102773246	0.650897226754	0.0	0.0
-ki'	0.535933671417	0.243896892774	0.0760214109061	0.144148024903
-nuh	0.0	1.0	0.0	0.0
-iwo	0.322639127454	0.303596524427	0.0780018897038	0.295762458415
-na'	0.103356258026	0.715723620227	0.0165623209453	0.164357800802
-si'	0.336445801638	0.361553374641	0.122329447583	0.179671376138
-nsi	0.132996972755	0.70595358224	0.00242179616549	0.158627648839
-umu	0.0	0.633802816901	0.366197183099	0.0
-ota	0.303671305694	0.0958350979162	0.0531930429195	0.54730055347
-ote	0.406991336559	0.394035121124	0.110435076119	0.0885384661988
-oti	0.0645310272682	0.163610190015	0.00707669839275	0.764782084324
-oto	0.181697385298	0.151093017067	0.171029650554	0.496179947082
-ume	0.806451612903	0.18064516129	0.0	0.0129032258065
-uma	0.160360038461	0.0287616348599	0.0105499609427	0.800328365736
-otu	0.30612244898	0.544217687075	0.108843537415	0.0408163265306
-nua	0.0377949852508	0.911504424779	0.0350294985251	0.0156710914454
-umi	0.510329082911	0.232306921321	0.0736121164876	0.183751879281
-ako	0.30211239896	0.650406615215	0.0215238346016	0.0259571512232
ALL	0.229417609003	0.290106241696	0.0552731057987	0.425203043502
-nai	0.372323039104	0.373849189644	0.11242672359	0.141401047662
-nan	0.0182704019488	0.981729598051	0.0	0.0
-aki	0.096921322691	0.845730766651	0.0241464886981	0.0332014219599
-nam	0.0	0.922330097087	0.0776699029126	0.0
-sis	0.0	1.0	0.0	0.0
-sir	0.0111897693537	0.919844713405	0.042932176296	0.0260333409454
-kii	0.0	0.360693114455	0.106703146375	0.53260373917
-naa	0.269891949492	0.421917998574	0.118271838914	0.18991821302
-aka	0.410394681793	0.203130280684	0.0463401170853	0.340134920438
-nae	0.425952791612	0.313974702538	0.116034892924	0.144037612926
-kis	0.0	1.0	0.0	0.0
-sio	0.00200246971264	0.0267997196542	0.218269198678	0.752928611955
-kiu	0.150442477876	0.76814159292	0.0389380530973	0.0424778761061
-nas	0.0319488817891	0.955271565495	0.00638977635782	0.00638977635782
-sia	0.0148280823325	0.972839651173	0.00880876178172	0.00352350471268
-aun	0.051724137931	0.85	0.0206896551724	0.0775862068965
-goi	0.371049201443	0.490858891358	0.0996539536489	0.0384379535503
-nti	0.0	0.97225433526	0.0	0.0277456647399
-wui	0.566124936999	0.306922030868	0.0413667183354	0.0855863137975
-mos	0.0	1.0	0.0	0.0
-mor	0.0	0.957446808511	0.0425531914894	0.0
-gon	0.0	1.0	0.0	0.0
-goa	0.0199468085106	0.820478723404	0.119680851064	0.0398936170213
-wua	0.184018423568	0.552011818893	0.0860345876423	0.177935169897
-re'	0.433290707587	0.340038691062	0.154370778412	0.0722998229392
-gog	0.0122699386503	0.963190184049	0.0245398773006	0.0
-moe	0.507518796993	0.276315789474	0.0422932330827	0.173872180451
-mon	0.0133292941533	0.970571688233	0.0047604621976	0.0113385554161
-yat	0.122815304676	0.570146433633	0.108644307983	0.198393953708
-u'u	0.251766769102	0.117749195124	0.0620783757731	0.568405660001
-ha'	0.117051009597	0.64228473073	0.0379013586202	0.202762901052
-ber	0.0	1.0	0.0	0.0
-mfa	0.133333333333	0.866666666667	0.0	0.0
-bet	0.0126506024096	0.824698795181	0.0	0.16265060241
-nta	0.213477705917	0.610398909298	0.0438056534346	0.132317731351
-yaa	0.0166107363719	0.958978215244	0.000673408231292	0.0237376401531
-ju'	0.546105147261	0.360583539774	0.0437654830718	0.0495458298927
-u'a	0.152854661158	0.652859161649	0.135689790187	0.0585963870062
-bea	0.614564407066	0.160336195399	0.180817548839	0.0442818486953
-yai	0.468978942949	0.384073000712	0.032691814781	0.114256241558
-bed	0.279411764706	0.720588235294	0.0	0.0
-rei	0.192827218981	0.0693003406288	0.0111585294233	0.726713910967
-reo	0.435806308307	0.453872353028	0.0755219902266	0.0347993484377
-isi	0.0403475552567	0.903584679727	0.0044240740413	0.0516436909755
-ise	0.0641711229947	0.385026737968	0.550802139037	0.0
-rea	0.0295169804436	0.88476777067	0.0168852595551	0.0688299893315
-wu'	0.463668046393	0.324316265766	0.0550486908523	0.156966996989
-go'	0.120881938512	0.366447596149	0.0452950342592	0.46737543108
-ree	0.169705619371	0.0678937649266	0.00287151264905	0.759529103053
-mo'	0.333309982487	0.280616462347	0.105022767075	0.281050788091
-res	0.00940438871473	0.98275862069	0.00470219435736	0.00313479623824
-ret	0.026208434135	0.966676153883	0.00426924718943	0.00284616479294
-hab	0.0195227765727	0.980477223427	0.0	0.0
-hae	0.129742232637	0.184830915923	0.307967354854	0.377459496586
-hai	0.390818858561	0.219396195203	0.364971050455	0.0248138957816
-co'	0.492657856094	0.376651982379	0.130690161527	0.0
-hak	0.0184065211675	0.968445963713	0.00525900604787	0.00788850907179
-mau	0.103896103896	0.766233766234	0.12987012987	0.0
-ham	0.0294790404263	0.936330730274	0.00617992407521	0.028010305224
-han	0.0	1.0	0.0	0.0
-mai	0.631452925783	0.0175980771424	0.00913344721445	0.34181554986
-mah	0.087878978093	0.801644592304	0.0502165589104	0.0602598706924
-ya'	0.23202158654	0.69487572181	0.0731026916496	0.0
-has	0.0	1.0	0.0	0.0
-mam	0.00822102315191	0.693966048242	0.280056832648	0.0177560959585
-man	0.0279828993393	0.650213758259	0.321803342402	0.0
-eo'	0.289940990659	0.132730704613	0.0318378433941	0.545490461334
-jui	0.145408163265	0.558673469388	0.244897959184	0.0510204081632
-be'	0.180076628352	0.780842911877	0.0229885057471	0.016091954023
--ra	0.301547341103	0.304242525487	0.0654202138661	0.328789919544
-uno	0.24881775191	0.722080756639	0.0181884321571	0.0109130592943
-uni	0.421504122595	0.349254601482	0.194261680686	0.0349795952361
-to'	0.267673517834	0.327071878808	0.199394206106	0.205860397251
-se'	0.360209608525	0.320093355057	0.22722268704	0.0924743493768
-ung	0.0248962655602	0.91286307054	0.0248962655601	0.0373443983402
-una	0.0723541930707	0.412692642014	0.0108485907654	0.50410457415
-eor	0.0	1.0	0.0	0.0
-unu	0.320154043646	0.542747111682	0.0682926829268	0.0688061617459
-ui'	0.427992634465	0.365283373791	0.0454073142052	0.161316677538
-uju	0.31807790965	0.366734891881	0.0843290227403	0.230858175729
-ia'	0.121072287021	0.700486251085	0.0625458080553	0.115895653838
-gad	0.0	1.0	0.0	0.0
-tra	0.00662251655629	0.993377483444	0.0	0.0
-oo'	0.348870206836	0.560895868639	0.0317072878051	0.0585266367194
-ada	0.195279435242	0.472838994977	0.0659504624933	0.265931107288
-aul	0.194690265487	0.805309734513	0.0	0.0
-gai	0.493346286231	0.35097607343	0.0854137529626	0.0702638873768
-adi	0.269767719984	0.350258885608	0.139365063448	0.24060833096
-ku'	0.275997859625	0.19393804454	0.0209869745779	0.509077121257
-wi'	0.288707606228	0.217414983146	0.0302689811736	0.463608429453
-adu	0.390410958904	0.116438356164	0.493150684932	0.0
-ao'	0.271699596332	0.576270229541	0.0338959496403	0.118134224486
-gar	0.332103321033	0.553505535055	0.114391143911	0.0
-hia	0.154956789075	0.753123383837	0.0358676102536	0.0560522168335
-ne'	0.520933089695	0.273730749941	0.0434920046293	0.161844155734
-nor	0.0	1.0	0.0	0.0
-ohu	0.503699123723	0.184567085261	0.200919983796	0.110813807219
-sem	0.0	1.0	0.0	0.0
-bel	0.0376017656674	0.597863751605	0.0155360588686	0.348998423859
-ino	0.173010380623	0.510957324106	0.281430219146	0.0346020761245
-ina	0.310236579997	0.273914145629	0.0474621830962	0.368387091278
-see	0.179868011988	0.748897131779	0.043453262302	0.0277815939308
-ine	0.038178531554	0.617632516349	0.0142484980594	0.329940454038
-sea	0.0205128205128	0.938461538462	0.0205128205128	0.0205128205128
-ing	0.021978021978	0.714285714286	0.263736263736	0.0
-ohe	0.13212082015	0.286082113955	0.27721171828	0.304585347616
--mi	0.380431246439	0.170902809375	0.0677634203626	0.380902523824
-oha	0.174254768523	0.616984568197	0.0868398351385	0.121920828141
-oho	0.296237593142	0.266548114931	0.234268539011	0.202945752916
-ses	0.00709219858155	0.992907801418	0.0	0.0
-ohi	0.392013248075	0.430329966657	0.0665146093665	0.111142175902
-ga'	0.525539570252	0.301868636976	0.0182834482308	0.15430834454
--di	0.284410855	0.185418629998	0.0732808036321	0.456889711369
-kus	0.0412179725213	0.956554028964	0.0	0.00222799851467
-uja	0.111531934855	0.0875722667708	0.212829772073	0.588066026301
-ian	0.0	0.9	0.1	0.0
-iai	0.207317073171	0.405487804878	0.256097560976	0.131097560976
-nes	0.0357462721745	0.888332949626	0.00968377272955	0.0662370054701
-aoa	0.00498063087991	0.933038184837	0.0475926950747	0.0143884892087
-fos	0.0294117647059	0.911764705882	0.0	0.0588235294118
-kub	0.000871206621171	0.993756352548	0.000435603310586	0.00493683751997
-ias	0.0687638872647	0.868904221728	0.0468950999883	0.0154367910186
-nei	0.345284686277	0.346000084164	0.143184783066	0.165530446493
-iks	0.0698816419038	0.898640141022	0.00818433643918	0.0232938806346
-kum	0.0	0.911578947368	0.0126315789474	0.0757894736842
-kui	0.350576742621	0.306911360973	0.217188430887	0.125323465519
-nea	0.110809523514	0.736347959087	0.0185694894535	0.134273027945
-ska	0.0	1.0	0.0	0.0
-eka	0.0213623990844	0.936593306319	0.00917906523554	0.0328652293606
-hoa	0.244876600396	0.575692972018	0.087796482714	0.0916339448724
-eke	0.358260975908	0.386205209735	0.224715665892	0.0308181484652
-bai	0.433322673489	0.501918771986	0.00479692996482	0.0599616245603
-eki	0.770877944326	0.168094218415	0.0	0.0610278372591
-hoi	0.440404199751	0.257918353754	0.0980263273212	0.203651119174
-uua	0.247491638796	0.471571906355	0.280936454849	0.0
-hoo	0.549019607843	0.411764705882	0.0392156862745	0.0
-baa	0.337927514038	0.210821847882	0.0809086268505	0.37034201123
-hor	0.0	1.0	0.0	0.0
-ra'	0.131560129153	0.262151909023	0.0337755711417	0.572512390683
-bat	0.00911224630678	0.976114869529	0.00165677205578	0.0131161121082
-joa	0.269299820467	0.579892280072	0.150807899461	0.0
-nya	0.0212765957447	0.978723404255	0.0	0.0
-asa	0.212352595968	0.515425291273	0.0807289040747	0.191493208684
-yer	0.0	0.927203065134	0.0	0.0727969348659
-nyo	0.169186233516	0.178835638469	0.0578964297201	0.594081698295
-asi	0.31729718295	0.603691428974	0.0486020519691	0.0304093361069
--ni	0.165257358733	0.370309961463	0.0558272265787	0.408605453225
-asu	0.0	0.518518518519	0.481481481481	0.0
-iu'	0.541208464763	0.399479594262	0.0404077366806	0.018904204295
-nyu	0.367010309278	0.608247422681	0.0	0.0247422680412
-lta	0.041958041958	0.958041958042	0.0	0.0
-po'	0.21874408904	0.263871866891	0.0370201585583	0.48036388551
-zor	0.0	1.0	0.0	0.0
-ho'	0.31302685027	0.431120515054	0.120413220335	0.135439414341
-ba'	0.600978503975	0.247808613152	0.0271935974649	0.124019285408
-rat	0.0	1.0	0.0	0.0
-rau	0.335270451498	0.540902995083	0.0268216361198	0.0970049173
-eru	0.46898352545	0.402046005051	0.0831887443954	0.0457817251035
-uri	0.145328719723	0.5	0.333910034602	0.0207612456747
-ran	0.0774193548386	0.922580645161	0.0	0.0
-eri	0.0	1.0	0.0	0.0
-iwa	0.145768092687	0.0845173701872	0.0019841783345	0.767730358791
-ram	0.0	1.0	0.0	0.0
-rak	0.0	1.0	0.0	0.0
-iwe	0.282357128805	0.661315873633	0.0173313838652	0.0389956136968
-ero	0.356627717233	0.108339646833	0.452422926744	0.0826097091905
-era	0.188742294426	0.0547727261005	0.0032493100306	0.753235669443
-iwi	0.29957213159	0.194712248858	0.0203012639036	0.485414355649
-rae	0.458053341745	0.36091684473	0.10561808453	0.075411728994
-rab	0.0	1.0	0.0	0.0
-raa	0.0821084205496	0.825660087189	0.0514181063131	0.0408133859478
-ela	0.0822069041026	0.0636031441176	0.0199814783557	0.834208473424
-poi	0.32967032967	0.208791208791	0.0	0.461538461539
-uga	0.0107894652158	0.828264996989	0.127685298836	0.0332602389588
-poa	0.596610169492	0.159322033898	0.0203389830508	0.223728813559
-aza	0.0	1.0	0.0	0.0
-ugi	0.501700680272	0.37996031746	0.0821995464852	0.0361394557823
--nu	0.222864383323	0.480782700156	0.0422321685003	0.254120748021
-ike	0.00975609756098	0.990243902439	0.0	0.0
-laa	0.149134662597	0.415151039637	0.10830848768	0.327405810086
-ika	0.0514050760279	0.686758742043	0.186045317516	0.0757908644138
-ri'	0.12080543726	0.245176939633	0.445645304207	0.188372318901
-iko	0.0316956424384	0.0574950270096	0.0127216756636	0.898087654888
-aat	0.0	1.0	0.0	0.0
-oui	0.488555982894	0.477555740836	0.01506145612	0.0188268201501
-nos	0.0	1.0	0.0	0.0
-lah	0.0	1.0	0.0	0.0
-lai	0.397021919457	0.143639434328	0.0237262087824	0.435612437432
-iki	0.430272921088	0.251951018961	0.102708531307	0.215067528644
-lak	0.0458515283843	0.954148471616	0.0	0.0
-lau	0.217343984229	0.121807640443	0.0146655166985	0.646182858629
-iku	0.0504827917785	0.740013622341	0.144997796386	0.0645057894948
-aan	0.0405432799514	0.714169876343	0.212852219745	0.032434623961
-sa'	0.244009100848	0.502488764966	0.102059510091	0.151442624096
--na	0.200368143268	0.398853826853	0.0890616978126	0.311716332067
-non	0.577181208054	0.167785234899	0.0	0.255033557047
-las	0.0205864004991	0.901590767311	0.0	0.0778228321897
-noa	0.234927234927	0.367375067375	0.0300685300685	0.367629167629
-ibe	0.0	0.395577395577	0.457002457003	0.14742014742
-aaa	0.131067961165	0.509708737864	0.218446601942	0.140776699029
-noe	0.262839879154	0.401812688822	0.235649546828	0.0996978851964
-ahi	0.27652402411	0.276565280887	0.168622964133	0.27828773087
--ie	0.423548576859	0.260600027151	0.108602199195	0.207249196796
-aho	0.444816053512	0.44983277592	0.0526755852843	0.0526755852843
-lo'	0.157824830801	0.643293152573	0.0247855850185	0.174096431607
-gea	0.337078651685	0.348314606742	0.179775280899	0.134831460674
-aha	0.454808030864	0.379991752981	0.0596534369169	0.105546779238
-boi	0.669724770642	0.247706422018	0.0275229357798	0.0550458715596
-ie'	0.359319000445	0.297496616137	0.245918004848	0.0972663785699
-dod	0.0	1.0	0.0	0.0
-ro'	0.307636790623	0.376348562269	0.283152544635	0.0328621024732
-ke'	0.417176034972	0.387521203486	0.103364447934	0.0919383136081
-doa	0.298959262563	0.433184656557	0.212845673506	0.0550104073744
-don	0.00326708412742	0.996732915873	0.0	0.0
-doo	0.169650483779	0.393072552465	0.0857887412195	0.351488222537
-dom	0.00474130713322	0.995258692867	0.0	0.0
-dok	0.0	1.0	0.0	0.0
-doi	0.191266425474	0.599091851985	0.0209070046632	0.188734717878
-mpo	0.102772907416	0.370180497191	0.0358721807295	0.491174414664
-toe	0.158447837583	0.0215044311177	0.00117467634847	0.818873054951
-ou'	0.162826495039	0.564907481899	0.157570394208	0.114695628855
-sau	0.0	0.968847352025	0.0	0.0311526479751
-mpi	0.701219512195	0.216463414634	0.0823170731707	0.0
-dos	0.0	1.0	0.0	0.0
-mpe	0.257371201072	0.345845323032	0.190872718672	0.205910757223
-olu	0.0799670720697	0.10434436242	0.14811726592	0.667571299591
-mpa	0.256394219723	0.585573723863	0.0809974583239	0.0770345980906
-oli	0.62130153775	0.23665687861	0.0393980440444	0.102643539596
-saa	0.245901639344	0.53972257251	0.100882723834	0.113493064313
-ibo	0.102189781022	0.773722627737	0.124087591241	0.0
-olo	0.160044331681	0.135276466626	0.0305110511003	0.674168150593
-ola	0.165914532059	0.500509935063	0.302388590761	0.0311869421165
-sai	0.364370624502	0.423501741805	0.0603024119974	0.151825221696
-mpu	0.430746133963	0.270459303015	0.048762005552	0.250032557471
-ole	0.295763610529	0.375310723901	0.0609343404128	0.267991325157
-'ue	0.0631578947368	0.936842105263	0.0	0.0
-no'	0.28878180274	0.271869576456	0.103070418375	0.33627820243
-lon	0.0152413209145	0.944115156647	0.0203217612193	0.0203217612193
-ima	0.337198833854	0.369991156262	0.0290748159456	0.263735193939
-bo'	0.25088738211	0.428571013557	0.150745070043	0.16979653429
-iel	0.0212512613522	0.955923309788	0.018102926337	0.0047225025227
-loi	0.607296834716	0.232976579934	0.0554628767034	0.104263708647
-loe	0.139227177485	0.339103798168	0.360820685181	0.160848339166
-ge'	0.318539856136	0.427859575317	0.0992362273552	0.154364341192
-der	0.0	0.991266375546	0.0	0.00873362445417
-loa	0.428196436843	0.296184642986	0.204039616773	0.0715793033977
-roe	0.123135481562	0.679685085479	0.17404883127	0.0231306016884
-roa	0.255639097744	0.68045112782	0.0263157894737	0.0375939849624
-ime	0.694444444444	0.268518518519	0.0185185185185	0.0185185185185
-lot	0.00485019999415	0.990002648992	0.0	0.0051471510142
-lou	0.549307658785	0.0189942737625	0.00306880273374	0.428629264719
-oci	0.247311827957	0.462365591398	0.0645161290323	0.225806451613
-mas	0.0142640634751	0.957653561558	0.00133725595079	0.0267451190158
-okh	0.0304568527918	0.94923857868	0.0203045685279	0.0
-ewu	0.065866764247	0.922962848834	0.0111703869191	0.0
-mar	0.0562166897861	0.701759509382	0.196393370811	0.0456304300212
-ipo	0.114192726758	0.514787038347	0.0693363520589	0.301683882836
-sar	0.105771633214	0.884234196719	0.00832847505622	0.00166569501124
-ipa	0.0546235051907	0.886460204126	0.0510315826362	0.0078847080468
-ewe	0.150654714413	0.79584174215	0.0112639038814	0.0422396395551
-la'	0.425713172786	0.392607302999	0.0771339361503	0.104545588064
-ewa	0.119509520993	0.0597746856491	0.0270415558953	0.793674237463
-rdi	0.0	0.922659430122	0.0773405698779	0.0
-ewi	0.0198570293884	0.906473391581	0.0243248610008	0.0493447180301
-awi	0.0121089808274	0.930373360242	0.0544904137235	0.00302724520686
-awo	0.34967539136	0.198969338132	0.0912825628702	0.360072707637
-awa	0.106846268402	0.487366270645	0.232942233263	0.172845227691
-toa	0.104138344572	0.698624815159	0.149693583039	0.0475432572296
-har	0.0	1.0	0.0	0.0
-ila	0.0379726205997	0.834908735332	0.0977835723598	0.029335071708
-wo'	0.131678719347	0.749355878869	0.0380689285707	0.0808964732128
-awu	0.0619554758429	0.85095338775	0.0692212527247	0.0178698836821
-ahu	0.141806468431	0.761744279144	0.0620403299383	0.0344089224868
-maa	0.82880755608	0.0330578512397	0.0613931523022	0.0767414403778
-ma'	0.370584340556	0.46174717956	0.0564737040259	0.111194775858
-toi	0.316180743294	0.0181936583371	0.0164238791945	0.649201719175
-sta	0.0	1.0	0.0	0.0
-ain	0.0266476326433	0.944801332382	0.0	0.028551034975
-tu'	0.17930986656	0.118107259181	0.0263491916369	0.676233682622
-'ui	0.44347063979	0.319018404908	0.212971078002	0.0245398773006
-cua	0.503171247357	0.344608879493	0.0803382663847	0.0718816067653
-isa	0.395516084422	0.0957129847205	0.12658342621	0.382187504647
-cuu	0.246279390613	0.191240790208	0.097014706314	0.465465112866
-mue	0.544303797468	0.303797468354	0.151898734177	0.0
-lei	0.204682203946	0.401192884732	0.341312173205	0.0528127381171
-ois	0.0	1.0	0.0	0.0
-ion	0.00139606310205	0.97975708502	0.00418818930617	0.0146586625715
-leo	0.542056074766	0.0841121495327	0.373831775701	0.0
-lea	0.0671778293055	0.906720165668	0.0143050134307	0.0117969915954
-sad	0.0	1.0	0.0	0.0
-lee	0.397280966767	0.448640483384	0.0815709969788	0.0725075528701
-aga	0.0813238794102	0.0605412920972	0.011553860791	0.846580967702
-leg	0.0	1.0	0.0	0.0
-muu	0.0	0.926746552114	0.0	0.073253447886
-oie	0.416302982874	0.29015960835	0.110419131163	0.183118277613
-mus	0.0247657662593	0.970302997096	0.0	0.00493123664456
-mur	0.0241090146751	0.957023060797	0.0188679245283	0.0
-ios	0.0	1.0	0.0	0.0
-les	0.242424242424	0.757575757576	0.0	0.0
-'ua	0.213669265033	0.672188195991	0.0352635486266	0.078878990349
-oii	0.108963766554	0.235289891515	0.0273008118399	0.628445530091
-iot	0.00954400848356	0.986638388123	0.0	0.00381760339343
-fta	0.0	1.0	0.0	0.0
-eel	0.0	1.0	0.0	0.0
-pe'	0.167620087997	0.250112573039	0.342822079059	0.239445259906
-eei	0.491712707182	0.0939226519337	0.0	0.414364640884
-bka	0.161892901619	0.694894146949	0.143212951432	0.0
-giu	0.515409698117	0.309275871914	0.0689717351124	0.106342694856
-alu	0.0454271356784	0.652261306533	0.0273366834171	0.274974874372
-iba	0.0634146341464	0.89756097561	0.00975609756097	0.0292682926829
--ee	0.0703125	0.671875	0.1171875	0.140625
-alo	0.404903622531	0.296109424889	0.256415310024	0.0425716425559
-sam	0.0	1.0	0.0	0.0
-gii	0.211463154147	0.698113207547	0.0840156639374	0.0064079743681
-ali	0.165057467171	0.266754217474	0.175792182024	0.392396133331
-nda	0.125652767921	0.600977620376	0.0611272802088	0.212242331494
--eo	0.0811481755007	0.717849929262	0.190324503724	0.0106773915133
-ale	0.262090080063	0.471322621789	0.0876290336904	0.178958264457
-gia	0.22270542844	0.515844023882	0.122555931814	0.138894615864
-ala	0.0814909833171	0.503887445109	0.0203791776203	0.394242393953
-mu'	0.127399502455	0.842747808851	0.0210230202071	0.00882966848699
-o'o	0.0908031976113	0.0392616509925	0.0881859699254	0.781749181471
-io'	0.620648097913	0.150199239389	0.0368828002659	0.192269862432
-le'	0.443575390693	0.224552525838	0.0935004932426	0.238371590227
-oi'	0.151084896938	0.0830560768619	0.021461832029	0.744397194171
-yol	0.0	1.0	0.0	0.0
-yoa	0.0932386147406	0.342636052264	0.00837244703793	0.555752885957
-pea	0.593758937367	0.161794146621	0.0405160634275	0.203930852585
-ee'	0.447219983884	0.283642224013	0.225624496374	0.0435132957293
-ros	0.0327868852459	0.196721311475	0.770491803279	0.0
-pei	0.619006964065	0.167678451942	0.074072911725	0.139241672268
--e'	0.412677317226	0.238806500986	0.106096231976	0.242419949812
-eli	0.0437845998994	0.91847005536	0.00754906894816	0.0301962757926
-oga	0.238722331185	0.569066965537	0.0840571588681	0.10815354441
-lu'	0.157497365042	0.387809611271	0.0200150672387	0.434677956448
-ele	0.626971169838	0.197714359417	0.0535771259444	0.121737344801
-abu	0.0354033662217	0.0603598374927	0.903366221706	0.000870574579224
-uo'	0.230769230769	0.138461538462	0.6	0.0307692307692
-itu	0.0128173569082	0.0856895483367	0.0102708621582	0.891222232597
-sye	0.0	1.0	0.0	0.0
-iti	0.270588235294	0.441176470588	0.288235294118	0.0
-esa	0.0	1.0	0.0	0.0
-ite	0.117117117117	0.653153153153	0.148648648649	0.0810810810811
-ese	0.161816698395	0.593554528148	0.228447103617	0.0161816698395
-ita	0.294529765517	0.385074138853	0.0188295652394	0.301566530391
-ko'	0.30223195032	0.207399925945	0.031999083207	0.458369040528
-yar	0.348894348894	0.547911547912	0.0	0.103194103194
-ae'	0.336018276559	0.280473698583	0.0928747616077	0.290633263249
-udu	0.247746903756	0.218478165412	0.119865759905	0.413909170927
-de'	0.391728556866	0.375637104995	0.0859181593127	0.146716178826
-fan	0.0	1.0	0.0	0.0
-fas	0.0235069467308	0.955422400737	0.00526766313294	0.0158029893988
-uda	0.0949898185236	0.816621539976	0.0272997829443	0.0610888585558
-fat	0.0	1.0	0.0	0.0
-o'a	0.785992217899	0.214007782101	0.0	0.0
-so'	0.239626556017	0.557313278008	0.189056016598	0.0140041493776
-udi	0.142432036001	0.643273075467	0.107037273014	0.107257615517
-hum	0.0	1.0	0.0	0.0
-uti	0.769230769231	0.181318681319	0.0164835164835	0.032967032967
-hui	0.288468323525	0.278038867014	0.0369476551364	0.396545154325
-hud	0.0	1.0	0.0	0.0
-woi	0.609507726592	0.211702351914	0.0579859204848	0.12080400101
-abe	0.32585509134	0.581259428101	0.0237239252796	0.0691615552794
-rii	0.394246091846	0.186313890243	0.322088475063	0.097351542848
-woe	0.235521235521	0.328185328185	0.393822393822	0.042471042471
-ron	0.00862068965516	0.98275862069	0.00862068965517	0.0
-hus	0.00689259046526	0.99080987938	0.00229753015508	0.0
-koe	0.574038917893	0.289511153298	0.0151874703369	0.121262458472
-tua	0.127659823928	0.707454445868	0.0877880362003	0.0770976940032
-nco	0.176246931321	0.688431830429	0.0961020298185	0.0392192084307
-koa	0.0193897012079	0.953273998729	0.0228862047044	0.0044500953592
-gaa	0.388643080853	0.411264242641	0.0305530733586	0.169539603147
-aei	0.893106161902	0.0707275593263	0.0180831393861	0.0180831393861
-nce	0.442626560856	0.335366898025	0.0922444518755	0.129762089243
-koi	0.37545238073	0.253051318048	0.0754802178323	0.29601608339
-ael	0.0165487130735	0.94731699588	0.00748213091089	0.0286521601352
-aeo	0.0	0.806451612903	0.193548387097	0.0
-roi	0.438049560352	0.38689048761	0.0983213429256	0.0767386091127
-kou	0.0	1.0	0.0	0.0
-los	0.0388751634937	0.945865426537	0.00326987356489	0.0119895364046
-ori	0.455154869538	0.355942108701	0.0453206825031	0.143582339258
-oro	0.179879848595	0.257387922353	0.392749244713	0.169982984339
-kos	0.0528634361234	0.947136563877	0.0	0.0
-soe	0.808917197452	0.191082802548	0.0	0.0
-gi'	0.0844572021146	0.821004185442	0.0650854995537	0.0294531128893
-ora	0.350966454019	0.212251771262	0.096103582846	0.340678191872
-tee	0.198113207547	0.566037735849	0.141509433962	0.0943396226415
-tna	0.0	0.647058823529	0.352941176471	0.0
-min	0.0145754119138	0.191592733418	0.0	0.793831854668
-lit	0.0	0.933884297521	0.0661157024793	0.0
-liu	0.206236853025	0.10738296998	0.182276632248	0.504103544747
-omu	0.364930902212	0.302979349482	0.0378330093006	0.294256739005
-lis	0.00274977085243	0.876260311641	0.00549954170485	0.115490375802
-lim	0.251655629139	0.0993377483443	0.0	0.649006622517
-omi	0.10653123614	0.746811772862	0.00611699579516	0.140539995203
-ipi	0.429824545474	0.234250068293	0.0385925762394	0.297332809994
-run	0.0	0.988826815642	0.0111731843575	0.0
-rub	0.275177836017	0.724822163983	0.0	0.0
-oma	0.0883672764929	0.621792659073	0.193648602002	0.0961914624324
-rua	0.322182228809	0.503140659185	0.0959841908392	0.078692921166
-lia	0.14848229258	0.208708821787	0.233645528515	0.409163357117
-ome	0.0	1.0	0.0	0.0
-do'	0.501237184514	0.308964963476	0.069084932434	0.120712919575
-eas	0.0	0.993896236012	0.0	0.00610376398778
-odu	0.370872547456	0.346785771255	0.0430690700271	0.239272611262
-his	0.0	1.0	0.0	0.0
-cae	0.257452574526	0.644986449865	0.0975609756098	0.0
-abi	0.0826580464172	0.7775119494	0.0297369329237	0.110093071259
-wa'	0.407627879265	0.409743168825	0.0533177500491	0.12931120186
-oda	0.0	1.0	0.0	0.0
-ten	0.0622463138511	0.744401073749	0.0634134322358	0.129939180164
-rna	0.0	1.0	0.0	0.0
-du'	0.343810816998	0.505926049039	0.125607378162	0.0246557558007
-eai	0.539931890586	0.399099198067	0.0230693178073	0.0378995935406
-eam	0.0775193798449	0.897110641297	0.00845665961945	0.0169133192389
-rni	0.0	1.0	0.0	0.0
-odo	0.446615328725	0.261881171183	0.185491031065	0.106012469027
-zer	0.0	1.0	0.0	0.0
-aea	0.418604651163	0.327695560254	0.0443974630021	0.209302325581
-ta'	0.141816540285	0.0995956061627	0.0250129826148	0.733574870938
-ehi	0.522429175169	0.196628076282	0.0464400681628	0.234502680386
-uki	0.022759601707	0.971550497866	0.00568990042674	0.0
-ura	0.278212932244	0.550273522603	0.0212949852656	0.150218559888
-ehe	0.0569877883311	0.877883310719	0.0651289009498	0.0
-rga	0.00397350993379	0.822516556291	0.173509933775	0.0
-ehu	0.0	1.0	0.0	0.0
-ru'	0.407865820655	0.431407200663	0.10362119898	0.0571057797023
-nci	0.185748446818	0.689915293839	0.0456347926868	0.078701466656
-pai	0.347181275423	0.382351423894	0.205492727531	0.064974573151
-dus	0.0	0.928315412186	0.010752688172	0.0609318996416
-pal	0.104216014236	0.663314058358	0.00423699746183	0.228232929944
-pan	0.27467619473	0.558284948638	0.0	0.167038856632
-api	0.163097156521	0.684072360555	0.0627696626293	0.0900608202942
-pae	0.0856089986423	0.863650991306	0.020258197121	0.0304818129309
-dua	0.0392463761999	0.0780296488958	0.0841086819278	0.798615292977
-wae	0.125824349951	0.061097074021	0.0367188154047	0.776359760623
-sop	0.0	0.911894273128	0.0881057268723	0.0
-waa	0.0905432595574	0.637826961771	0.241448692153	0.0301810865191
-apu	0.189588775565	0.758046334733	0.0307021520606	0.0216627376407
-wao	0.422535211268	0.514084507042	0.0211267605634	0.0422535211268
-dui	0.363164721141	0.35149156939	0.181582360571	0.103761348898
-pas	0.0112866817156	0.954853273138	0.0338600451468	0.0
-pau	0.0472119214394	0.0674701277298	0.0801744265898	0.805143524241
-wai	0.551177697512	0.264663987384	0.0801241288091	0.104034186295
-lus	0.038837215182	0.841914976698	0.00294966191256	0.116298146208
-kea	0.108695652174	0.891304347826	0.0	0.0
-nui	0.441885463976	0.352389078498	0.0853578242993	0.120367633227
-tul	0.0	1.0	0.0	0.0
-nue	0.434001348877	0.410155120917	0.0561229405531	0.0997205896522
-sus	0.0249356786153	0.621824622112	0.00264289175741	0.350596807516
-luu	0.459624976324	0.33291243134	0.112222993876	0.0952395984595
-sos	0.0	0.925925925926	0.0	0.0740740740741
-kes	0.0	1.0	0.0	0.0
-tun	0.0133671352846	0.976953215027	0.00276561419682	0.00691403549204
-suf	0.0589318283492	0.900667607282	0.00103238239444	0.0393681819746
-oru	0.376149222065	0.282258583001	0.184277356307	0.157314838627
-nur	0.102088849662	0.722957732667	0.0138275963519	0.16112582132
-nus	0.0461499031599	0.790596476873	0.0126346997124	0.150618920255
-sua	0.0289296046288	0.927675988428	0.0	0.0433944069431
-die	0.250993147162	0.179231835571	0.0387462098761	0.531028807391
-i'a	0.0532302205479	0.0488194083807	0.00331292442258	0.894637446649
-dia	0.180387641528	0.474956822107	0.26597582038	0.0786797159854
-lui	0.910698496905	0.0760389036251	0.0132625994695	0.0
-lio	0.141435306443	0.796577614807	0.0187707351144	0.0432163436354
-dim	0.0504201680673	0.949579831933	0.0	0.0
-ai'	0.0908495132836	0.0263073565338	0.00866119152802	0.874181938655
-ti'	0.168377904601	0.695781875376	0.037427563452	0.0984126565706
-dis	0.0	0.939808481532	0.0574555403557	0.00273597811217
--ta	0.235823526378	0.398094598348	0.0667188099837	0.299363065291
-sli	0.0	1.0	0.0	0.0
-'oi	0.443624721604	0.259187082405	0.192789532294	0.104398663697
-iha	0.645161290323	0.177419354839	0.129032258065	0.0483870967742
-uku	0.349793150305	0.489092110549	0.106188272778	0.0549264663681
-ihe	0.751366120219	0.190346083789	0.00546448087434	0.0528233151184
-'oa	0.3269183321	0.585245497163	0.0266469282013	0.0611892425364
-nu'	0.130980303501	0.773786983921	0.050866137282	0.044366575296
-ihi	0.588136758414	0.208288671312	0.0903649860115	0.113209584262
-uka	0.603883288623	0.192616315485	0.0297805457403	0.173719850152
-uke	0.119402985075	0.880597014925	0.0	0.0
-ncu	0.30925401322	0.428444024761	0.114888259364	0.147413702655
-su'	0.295483870968	0.529032258065	0.129032258065	0.0464516129032
-doe	0.222443826545	0.749750695137	0.0	0.0278054783182
-nna	0.0450751252087	0.954924874791	0.0	0.0
-di'	0.29555722056	0.0953781833213	0.0439160577232	0.565148538395
-ngu	0.494491250498	0.331642639539	0.128959049141	0.0449070608227
-ais	0.0967741935483	0.903225806452	0.0	0.0
-tis	0.0	0.988505747126	0.0114942528736	0.0
-aie	0.539113713836	0.303032951665	0.0816362206101	0.0762171138887
-nga	0.258866575194	0.585630535113	0.101142215649	0.0543606740439
-tia	0.131316603644	0.789618425576	0.0405637676177	0.0385012031626
-ini	0.254601736818	0.424024597997	0.19734491212	0.124028753064
-aim	0.0	1.0	0.0	0.0
-ngi	0.343540945033	0.282611541786	0.0431743617109	0.33067315147
-tin	0.0	0.971428571429	0.0285714285714	0.0
-ore	0.529388476412	0.184002157374	0.0394466566448	0.247162709569
-aii	0.565312211504	0.28015413227	0.143294844864	0.0112388113619
-tii	0.291272777093	0.442115358268	0.118920400055	0.147691464584
-ngo	0.469525003089	0.287195147065	0.150528068534	0.0927517813119
-uwe	0.389080786169	0.54695690225	0.0435725790684	0.0203897325128
-jau	0.30837334934	0.313475390156	0.112545018007	0.265606242497
-ema	0.0783037440281	0.287839150755	0.00938532593411	0.624471779283
-uwo	0.376381453549	0.249796233492	0.0970551885325	0.276767124426
-uwu	0.412408247492	0.284028194445	0.0503328043604	0.253230753702
-jaa	0.0480490478361	0.832561905823	0.0176057579857	0.101783288355
-oni	0.179844614253	0.65070179365	0.156984365508	0.0124692265882
-cii	0.0851063829787	0.893617021277	0.0212765957447	0.0
-set	0.0	1.0	0.0	0.0
-son	0.0527665811653	0.920850128252	0.0219860754855	0.00439721509711
-ake	0.323712507074	0.64233163554	0.0	0.0339558573854
-bu'	0.10136831534	0.824409992468	0.0431521466231	0.0310695455687
-inu	0.521855385462	0.415194744998	0.0364064913702	0.0265433781703
-ica	0.0	1.0	0.0	0.0
-zar	0.0	1.0	0.0	0.0
-rus	0.0214915381934	0.881123825741	0.00388097040969	0.0935036656563
-we'	0.257179597085	0.193099014145	0.169462984508	0.380258404262
-ane	0.097859444597	0.0770108661808	0.00605919686629	0.819070492356
-ooa	0.247590808006	0.722757598221	0.0074128984433	0.0222386953299
-etu	0.0979190486365	0.0749205923351	0.0165964489215	0.810563910107
-ja'	0.196084365724	0.762704129315	0.0218680981824	0.0193434067783
-o-i	0.42149782307	0.152648437263	0.0308842872325	0.394969452434
-eta	0.0662699275925	0.749968923832	0.107741073371	0.0760200752043
-iri	0.339360830374	0.383283255941	0.0908416904047	0.18651422328
-rut	0.0	1.0	0.0	0.0
-ete	0.0319849482596	0.749764816557	0.0620884289746	0.156161806209
-o-a	0.450652249801	0.0783566030817	0.0437300166051	0.427261130513
-hu'	0.120675343388	0.440367116165	0.0250591238704	0.413898416577
-o-e	0.425048642247	0.320319769901	0.129007698164	0.125623889688
-bui	0.707459305918	0.0867665964731	0.0196541931044	0.186119904504
-bul	0.0	0.981117230527	0.0	0.0188827694728
-'aa	0.332788058481	0.506185461609	0.0869542991514	0.0740721807586
-'ao	0.191739130435	0.561739130435	0.24652173913	0.0
-ede	0.661800486618	0.21897810219	0.0486618004866	0.0705596107056
-ci'	0.768794326241	0.140425531915	0.0567375886525	0.0340425531914
-d-e	0.136363636364	0.590909090909	0.0	0.272727272727
-'ai	0.403830266617	0.193991738641	0.318813368382	0.0833646263612
-uya	0.0732538330494	0.926746166951	0.0	0.0
-'au	0.477451386016	0.131568059578	0.326437732727	0.0645428216798
-rui	0.297024815248	0.505200172607	0.100992745582	0.0967822665628
-weo	0.494472593275	0.376554583141	0.0806080147397	0.0483648088439
-ata	0.348802015392	0.328585021964	0.0252431450699	0.297369817574
-omo	0.19587162092	0.614434729253	0.129819040126	0.0598746097016
-ati	0.257636122178	0.435590969456	0.0823373173971	0.224435590969
-ose	0.151562016703	0.403417878132	0.395530467058	0.049489638107
-kai	0.0998768381481	0.0730667326846	0.0216039987063	0.805452430461
-uli	0.081011148169	0.775507632337	0.0403417539674	0.103139465526
-osa	0.0	1.0	0.0	0.0
-ulo	0.0114640842308	0.738377530395	0.0533984976016	0.196759887773
--pi	0.239580012002	0.110455524623	0.0860560768552	0.563908386519
-kaa	0.315774155995	0.630384167637	0.0451105937136	0.00873108265424
