-to̧	0.128965695125	0.824090791849	0.0469435130255	0.0
-imó	0.150851273503	0.410699931728	0.0317953615356	0.406653433234
-épi	0.260855556909	0.652535923039	0.0346647182984	0.0519438017536
-épo	0.62865497076	0.289473684211	0.0	0.0818713450292
-ȩné	0.299290886751	0.430885775252	0.217219621444	0.0526037165524
-deé	0.245489837863	0.16061505671	0.00700312095609	0.586891984471
-épa	0.201115928344	0.122366706361	0.0384742018187	0.638043163476
-okó	0.455592730845	0.298631320943	0.0632413228777	0.182534625334
-épe	0.445550947528	0.204447607754	0.0376452162448	0.312356228473
-hem	0.0	1.0	0.0	0.0
-sa̧	0.0731650809275	0.82337586662	0.0500364499732	0.0534226024788
-rbe	0.0103806228374	0.989619377163	0.0	0.0
-sȩ́	0.144998195369	0.801252473589	0.02645800404	0.0272913270019
-whé	0.0	0.483333333333	0.516666666667	0.0
-aut	0.491379310345	0.48275862069	0.0258620689655	0.0
-oya	0.1875	0.748670212766	0.0558510638297	0.00797872340425
-mor	0.260869565217	0.695652173913	0.0434782608695	0.0
-isó	0.155387818844	0.686621551275	0.0374804789172	0.120510150963
-áló	0.375	0.6	0.025	0.0
-tȩe	0.553191489362	0.446808510638	0.0	0.0
-ti̧	0.402777867711	0.0634571178814	0.041959400395	0.491805614012
-nse	0.0	0.0869565217391	0.913043478261	0.0
-tȩi	0.24649629019	0.346248969497	0.407254740313	0.0
-teó	0.218162562881	0.149060100609	0.391183478952	0.241593857559
-uae	0.577744021397	0.130934974671	0.0290135504023	0.262307453529
-fo̧	0.513513513514	0.418918918919	0.054054054054	0.0135135135135
-nta	0.485878410723	0.241263762566	0.157970320728	0.114887505984
-ótu	0.423209811619	0.280844726375	0.0529484865359	0.24299697547
-uté	0.306726012586	0.369734538113	0.150616051466	0.172923397836
-kia	0.0	1.0	0.0	0.0
-i-a	0.53948092348	0.278284446321	0.0967213413133	0.0855132888864
-utó	0.152667840378	0.597196417798	0.0344727571513	0.215662984673
-apa	0.334558190589	0.162254374962	0.0418425079046	0.461344926545
-óti	0.354900127853	0.330624419086	0.107609219532	0.206866233529
-óta	0.298351630607	0.451736547119	0.0777040483233	0.172207773951
-iró	0.298643532632	0.550031582129	0.0627704983613	0.0885543868777
-aió	0.451388888889	0.120138888889	0.0736111111111	0.354861111111
-rȩ́	0.5435595938	0.18172100481	0.213789417424	0.0609299839658
-róé	0.632691165238	0.301111771196	0.0	0.0661970635661
-ape	0.26842740124	0.273756651828	0.0216196542937	0.436196292639
-do̧	0.571326036246	0.349721873318	0.0161492912256	0.0628027992105
-opo	0.0521180133344	0.638713788355	0.19645273527	0.112715463041
-opi	0.30730296457	0.504699927693	0.105567606652	0.0824295010846
-aró	0.185137033261	0.316869540525	0.0445122106335	0.45348121558
-ope	0.352799329	0.302998532187	0.0372894387363	0.306912700077
-ósu	0.405748629785	0.303894414538	0.144041085477	0.1463158702
-opa	0.447011899433	0.376182884424	0.0580222002299	0.118783015913
-uói	0.445378151261	0.46218487395	0.0420168067226	0.0504201680672
-naa	0.0436363636363	0.367272727273	0.589090909091	0.0
-uóo	0.309063768055	0.300837085249	0.123168969878	0.266930176818
-u-ó	0.262468774227	0.462572142303	0.0258420191231	0.249117064347
-éni	0.354231516027	0.190149225691	0.109169359508	0.346449898774
-dei	0.237208864067	0.376345928166	0.246528640323	0.139916567444
-dek	0.0100125156446	0.949937421777	0.0325406758448	0.00750938673343
-400	0.240174672489	0.0960698689957	0.0	0.663755458515
-ima	0.0838672079364	0.0636242507858	0.00210847358325	0.850400067694
-oko	0.18534928371	0.335400974745	0.377713779353	0.101535962192
-des	0.0	1.0	0.0	0.0
-oki	0.0	0.576271186441	0.423728813559	0.0
-aka	0.0941512125535	0.786019971469	0.119828815977	0.0
-oke	0.448120590431	0.256254665415	0.0418984324207	0.253726311734
-épó	0.45288638262	0.37650132223	0.0709458936421	0.0996664015081
-oka	0.454446262957	0.323840698309	0.106601200218	0.115111838516
-imo	0.464334393458	0.359154929577	0.0286233530213	0.147887323944
-kis	0.0171725610322	0.976329713172	0.00440917107584	0.00208855472014
-aot	0.0	0.516339869281	0.392156862745	0.0915032679739
-ida	0.00828443217123	0.991715567829	0.0	0.0
-éné	0.384408602151	0.440860215054	0.0483870967742	0.126344086021
-oyó	0.230769230769	0.200668896321	0.428093645485	0.140468227425
-bia	0.0197195442594	0.953987730061	0.0131463628396	0.0131463628396
-sin	0.04093361725	0.95906638275	0.0	0.0
-i-ó	0.205468563707	0.459701136635	0.226134647484	0.108695652174
-uta	0.311629187312	0.48483885995	0.0880870706815	0.115444882056
-pée	0.329443133169	0.503838582821	0.09989683977	0.0668214442404
-ute	0.468148982081	0.063608218407	0.0406229477437	0.427619851768
-rin	0.0319886262662	0.949884485516	0.00426515016883	0.0138617380487
-ekȩ	0.333412806334	0.348550903966	0.10964213006	0.20839415964
-uti	0.255821073122	0.609336822223	0.0317696870975	0.103072417558
-rik	0.0654825102585	0.544578036673	0.372148411719	0.0177910413498
-ótó	0.0130048388627	0.952667699801	0.00727410734052	0.027053353996
-tea	0.0	1.0	0.0	0.0
-rit	0.0	1.0	0.0	0.0
-óté	0.454767726161	0.244498777506	0.154034229829	0.146699266504
-utu	0.27444387336	0.176016235228	0.0553609247539	0.494178966659
-mur	0.042194092827	0.957805907173	0.0	0.0
-tei	0.275542566841	0.20472260174	0.0729020475215	0.446832783898
-ard	0.00693641618496	0.939306358381	0.0520231213873	0.00173410404624
-are	0.102461978694	0.0637801282268	0.0168128638457	0.816945029234
-ara	0.153306721329	0.731038947028	0.0779372100551	0.0377171215881
-mes	0.0	1.0	0.0	0.0
-rói	0.366754617414	0.382585751979	0.0527704485488	0.197889182058
-aro	0.66935483871	0.282258064516	0.0	0.0483870967742
-asȩ	0.653157683025	0.299577634755	0.0048270313757	0.0424376508447
-opó	0.304809495803	0.172935844884	0.0358472231731	0.48640743614
-aru	0.309970420282	0.176155709064	0.0738152474062	0.440058623247
-luk	0.0123602118893	0.964096527369	0.0	0.0235432607416
-mea	0.0232319078947	0.962787828947	0.00555098684211	0.00842927631579
-opé	0.514131763839	0.221090951537	0.192469075671	0.0723082089534
-lun	0.02	0.98	0.0	0.0
-lua	0.0774936092871	0.628514655309	0.0195580913197	0.274433644084
-mei	0.238584376665	0.361973483678	0.0875459725905	0.311896167067
-mas	0.0839268607605	0.857595068516	0.000999625140571	0.0574784455829
-alu	0.625117190103	0.127257817264	0.0375349786234	0.21009001401
-aya	0.019780466789	0.960026973364	0.00370883752295	0.0164837223242
-étu	0.180840258196	0.148647982928	0.059087786021	0.611423972855
-́pó	0.111111111111	0.177055103884	0.076332429991	0.635501355014
-̧ló	0.224816363077	0.538451495684	0.0910602479176	0.145671893322
-tóo	0.38321702314	0.195334695963	0.0327031170158	0.388745163881
-ȩla	0.0597743050902	0.906049802986	0.0105878253411	0.0235880665827
-ó̧o	0.572351421189	0.193798449612	0.118863049096	0.114987080103
-moé	0.439024390244	0.463414634146	0.0487804878049	0.0487804878049
-éta	0.394788737178	0.34987210834	0.0774450209126	0.177894133569
-ópa	0.369883593037	0.299074941193	0.0643799559438	0.266661509827
-ia̧	0.0263090766569	0.0195202679055	0.00452915529432	0.949641500143
-rae	0.526980616072	0.282258182021	0.0775391073995	0.113222094508
-ópi	0.710306406685	0.189415041783	0.041782729805	0.058495821727
-só̧	0.0820668693009	0.817629179331	0.100303951368	0.0
-ópo	0.916955017301	0.0	0.0138408304498	0.0692041522491
-ku̧	0.187265917603	0.543071161049	0.23595505618	0.0337078651686
-ao̧	0.0377210463512	0.0304510860053	0.00841722604445	0.923410641599
-ópu	0.0849598908359	0.723137297831	0.141915922231	0.0499868891022
-ȩró	0.166971796714	0.420384232115	0.0991865773679	0.313457393803
-yaé	0.954545454545	0.0454545454545	0.0	0.0
-umu	0.10446529179	0.653481302901	0.034157909908	0.207895495401
-ota	0.332516753974	0.287089190213	0.0446838100438	0.335710245769
-kȩ́	0.0862366551164	0.121408660493	0.0284059026331	0.763948781758
-ija	0.0129905277402	0.973207036536	0.00811907983762	0.00568335588633
-ȩle	0.449897164875	0.352203795788	0.097966728281	0.0999323110567
-oti	0.0624940769978	0.918276976234	0.00824097718651	0.010987969582
-uma	0.11801242236	0.844720496894	0.0186335403727	0.0186335403727
-otu	0.525359632211	0.370458253003	0.0463443571111	0.0578377576746
-́li	0.150940244871	0.792046312552	0.0471530245702	0.00986041800662
-umo	0.700554796664	0.223551767031	0.00583795663886	0.0700554796664
-umi	0.202227105697	0.152500067826	0.0461066345925	0.599166191884
-ako	0.368804664723	0.34693877551	0.198250728863	0.0860058309038
ALL	0.230278351596	0.270680370311	0.0530894181932	0.4459518599
-nai	0.0	1.0	0.0	0.0
-nan	0.0575539568346	0.63309352518	0.273381294964	0.0359712230216
-sis	0.0444444444444	0.911111111111	0.0444444444444	0.0
-ake	0.213884718096	0.202198169632	0.0767611647197	0.507155947551
-sip	0.0272496171785	0.924817744357	0.028180177559	0.0197524609058
-kin	0.00520969002345	0.965355561344	0.0169314925762	0.0125032560563
-̧ai	0.497454080136	0.328756897977	0.0390552104716	0.134733811415
-nae	0.607422736371	0.246565118567	0.0875258676257	0.0584862774367
-maé	0.206456651914	0.542306690966	0.0156209320489	0.235615725072
-bóe	0.155571533428	0.457757386076	0.0173917504978	0.369279329998
-nas	0.033426183844	0.966573816156	0.0	0.0
-sia	0.0127296109228	0.970494602585	0.0115749554246	0.00520083106796
-aks	0.19786614937	0.615906886518	0.0232783705141	0.162948593598
-̧la	0.163121900871	0.227830287376	0.0238256269603	0.585222184792
-́pa	0.677080374893	0.117864243113	0.0426015336552	0.162453848338
-mos	0.0	0.96178343949	0.0382165605096	0.0
-̧le	0.295132774338	0.138064720159	0.0873490648636	0.479453440639
-̧li	0.273872768071	0.645776729339	0.0542673818215	0.0260831207687
-wua	0.528797246673	0.246246154783	0.0435537416624	0.181402856882
-́pi	0.61393707733	0.259041458395	0.0740958541605	0.0529256101147
-étó	0.436507936508	0.380952380952	0.0873015873016	0.0952380952381
-̧lo	0.00678789578234	0.012795167706	0.00717617174129	0.97324076477
-̧lu	0.438756855576	0.460694698355	0.0822669104204	0.018281535649
-ayó	0.4921875	0.125	0.0	0.3828125
-été	0.575471698113	0.367924528302	0.0377358490566	0.0188679245283
-mon	0.0165035191328	0.980098697516	0.0	0.00339778335086
-moi	0.0179072890806	0.0956819014285	0.886410809491	0.0
-ópé	0.406365071015	0.313519200421	0.0	0.280115728564
-eor	0.135135135135	0.864864864865	0.0	0.0
-bet	0.031746031746	0.968253968254	0.0	0.0
-o̧i	0.249102296728	0.37553008425	0.244725682437	0.130641936586
-eon	0.0676470588235	0.888235294118	0.035294117647	0.00882352941175
-bei	0.0807754442649	0.806138933764	0.0807754442649	0.032310177706
-yaa	0.281151089606	0.271146360098	0.322406956016	0.125295594281
-bel	0.130057803468	0.841040462428	0.0	0.0289017341041
-yó̧	0.796540362438	0.0971993410214	0.0864909390444	0.0197693574959
-p-ó	0.522144522145	0.386946386946	0.0	0.0909090909091
-bea	0.0	0.590062111801	0.409937888199	0.0
-sró	0.813186813187	0.153846153846	0.032967032967	0.0
-bed	0.0612244897959	0.938775510204	0.0	0.0
-iso	0.0157863207915	0.947725862116	0.00406572863423	0.0324220884583
-upu	0.289878640867	0.465219211604	0.0281826456399	0.216719501889
-isi	0.126431231757	0.338246185025	0.352701473332	0.182621109886
-̧su	0.546741518184	0.402001464486	0.0	0.0512570173298
-oté	0.483766233766	0.0941558441558	0.0	0.422077922078
-red	0.0348254480591	0.936719612673	0.000637050879128	0.0278178883887
-otó	0.0837581937364	0.85579024035	0.0415149308084	0.0189366351056
-upa	0.370003718596	0.146923389879	0.0578801639817	0.425192727544
-̧se	0.384632211481	0.229418744832	0.113436500829	0.272512542858
-res	0.0359985606075	0.931602734846	0.0	0.0323987045468
-ist	0.0280011487651	0.882107983917	0.064043653073	0.0258472142447
-̧sa	0.184691358025	0.782716049383	0.0325925925926	0.0
-ret	0.0118455342336	0.982468609334	0.0042643923241	0.00142146410803
-upi	0.0598404255319	0.556183510638	0.0797872340426	0.304188829787
-haa	0.276107594937	0.601265822785	0.0632911392404	0.059335443038
-hab	0.0	0.958904109589	0.0	0.041095890411
-hae	0.0780614832554	0.525338798011	0.00315360114149	0.393446117592
-ame	0.035877907212	0.745078027704	0.156729805189	0.0623142598945
-kié	0.510948905109	0.215328467153	0.273722627737	0.0
-ham	0.0436310395315	0.863543191801	0.0254758418741	0.0673499267936
-has	0.0	1.0	0.0	0.0
-man	0.137010909891	0.777634190243	0.0253913253406	0.0599635745249
-n-ó	0.144528203795	0.802443462438	0.0	0.0530283337666
-akó	0.489576949268	0.220561797753	0.0423646578141	0.247496595165
-kii	0.0	0.0847457627118	0.881355932203	0.0338983050847
-pua	0.451159298078	0.376557343591	0.172283358332	0.0
-owi	0.0649876423473	0.453245244157	0.30235107393	0.179416039565
-uni	0.250767277541	0.255387165581	0.116326237888	0.37751931899
-fóó	0.283582089552	0.417910447761	0.298507462687	0.0
-une	0.484146382295	0.207285632973	0.213747614424	0.0948203703083
-eké	0.444486432031	0.355925064486	0.0528360335772	0.146752469906
-ike	0.0556690500511	0.0863125638406	0.858018386108	0.0
-ekó	0.235937788639	0.294172542607	0.0435220250818	0.426367643673
-pta	0.0516986706056	0.939438700148	0.0	0.00886262924665
-unu	0.632478632479	0.102564102564	0.239316239316	0.025641025641
-nki	0.0178940123882	0.982105987612	0.0	0.0
-laa	0.487053821323	0.394226750812	0.0277269660546	0.0909924618097
-yae	0.478873233029	0.171356159071	0.0210974075643	0.328673200335
-ki̧	0.553201125813	0.261104461195	0.0504674711268	0.135226941865
-ua̧	0.32632463366	0.40944489374	0.098512013154	0.165718459446
-kȩi	0.294305818027	0.427724317186	0.05030819908	0.227661665707
-̧ru	0.152830188679	0.339622641509	0.490566037736	0.0169811320755
-pui	0.571380286451	0.257383074908	0.0983565000634	0.0728801385779
-iko	0.0	1.0	0.0	0.0
-̧wó	0.683438155136	0.255765199161	0.0251572327044	0.0356394129979
-ópó	0.367981578134	0.360112745687	0.0776302113905	0.194275464788
-asó	0.65676471106	0.0744359646226	0.0132679739608	0.255531350356
-bó̧	0.504273504274	0.376068376068	0.0	0.119658119658
-ana	0.0651420651421	0.86370986371	0.04158004158	0.0295680295681
-ólo	0.197356828194	0.555947136564	0.246696035242	0.0
-óli	0.220214190094	0.740294511379	0.0394912985275	0.0
-ȩ́e	0.72	0.265	0.0	0.015
-ini	0.17573534092	0.117603971281	0.0654835612598	0.641177126539
-sel	0.0203350842453	0.938431530645	0.0216690183431	0.0195643667667
-lpa	0.0190185090847	0.904567838343	0.0675836304975	0.00883002207505
-sei	0.340776182882	0.332270069112	0.215311004785	0.111642743222
-ȩre	0.178110262744	0.773542181301	0.0114155251142	0.0369320308406
-eró	0.167628971805	0.294028934621	0.0786236885994	0.459718404974
-ine	0.179104477612	0.720149253731	0.0335820895522	0.0671641791044
-sea	0.137905918892	0.857146783569	0.00494729753872	0.0
-eré	0.235721730764	0.494882005505	0.110644894032	0.158751369698
-800	0.0	0.393427404382	0.0	0.606572595618
-óku	0.0753573586202	0.743505534368	0.0209957337861	0.160141373226
-ȩru	0.0	0.510204081633	0.387755102041	0.102040816327
-int	0.0469728694897	0.95302713051	0.0	0.0
-inu	0.0476190476191	0.134920634921	0.81746031746	0.0
-sep	0.0222138554217	0.977786144578	0.0	0.0
-iae	0.491935483871	0.0967741935484	0.411290322581	0.0
--ta	0.115999774403	0.837031347973	0.022526482717	0.0244423949068
-kus	0.0493790656417	0.938202247191	0.00532229450029	0.00709639266706
-dóo	0.621413916935	0.309494914381	0.00651803478148	0.0625731339021
-sóo	0.580680376609	0.200695492252	0.0518864661878	0.166737664951
-noi	0.0540426689133	0.445016183473	0.344161418813	0.1567797288
-iam	0.00520381613183	0.991326973114	0.0	0.00346921075455
-ian	0.0579455662862	0.654082528534	0.28797190518	0.0
-nes	0.0210526315789	0.978947368421	0.0	0.0
-nen	0.0212444927274	0.910555857324	0.0645784295975	0.00362122035126
-aeé	0.184615384615	0.692307692308	0.123076923077	0.0
-kim	0.0	1.0	0.0	0.0
-kua	0.588563344959	0.269823289533	0.0157927735218	0.125820591985
-nei	0.5602579605	0.130390971382	0.123941958887	0.18540910923
-iks	0.00098961206895	0.99010387931	0.0	0.00890650862055
-kum	0.0601503759398	0.834586466165	0.0150375939849	0.0902255639097
-kul	0.0801611796982	0.65835048011	0.222908093278	0.0385802469136
--du	0.0873362445415	0.250363901019	0.574963609898	0.0873362445415
-bao	0.0904552129222	0.890161527166	0.0140969162996	0.00528634361235
-eka	0.228455499691	0.358736879245	0.373996648143	0.0388109729206
-uné	0.0312288743689	0.747145607651	0.00772091582043	0.21390460216
-eke	0.199238709213	0.618217861517	0.104627938589	0.0779154906807
-bai	0.0625	0.6625	0.025	0.25
-tyu	0.0124223602484	0.987577639752	0.0	0.0
-hos	0.0212625047928	0.970581058942	0.00711073930774	0.00104569695702
-jon	0.0277211257883	0.944118477613	0.014903831069	0.0132565655298
--ró	0.0821893930726	0.82920061976	0.0229858233355	0.0656241638314
-̧pa	0.453380052987	0.305315784975	0.0993504828648	0.141953679173
-́ta	0.186801958082	0.282781236633	0.0517323321135	0.478684473171
-fóo	0.228653552606	0.253777239254	0.0601088203639	0.457460387777
-bas	0.0337591240876	0.916058394161	0.0428832116788	0.00729927007299
-u-a	0.452830188679	0.415094339623	0.0754716981132	0.0566037735849
-unó	0.631115459883	0.0313111545988	0.239726027397	0.0978473581213
-dru	0.0204918032787	0.963114754098	0.0	0.0163934426229
-ase	0.146850168312	0.628051936156	0.00993840023816	0.215159495294
-umó	0.218609805125	0.616134386819	0.025675648253	0.139580159803
-asa	0.32355550734	0.445589129837	0.209700853542	0.0211545092812
-óló	0.354353662113	0.223637648057	0.0612112245787	0.360797465251
-aso	0.0842778262133	0.820401046208	0.0296425457716	0.0656785818076
-róȩ	0.0575373993096	0.790947449175	0.136555427695	0.0149597238204
-eus	0.00862068965515	0.991379310345	0.0	0.0
-asi	0.0651201997243	0.0604622170375	0.257204979782	0.617212603456
-yei	0.0984351337708	0.77284199899	0.128722867239	0.0
-mba	0.0250783699059	0.974921630094	0.0	0.0
-lta	0.158508158508	0.659673659674	0.125874125874	0.055944055944
-iné	0.274373623879	0.369108254672	0.104726381309	0.251791740139
-430	0.28947368421	0.0	0.0	0.71052631579
-eru	0.131953816164	0.324336482231	0.46603688709	0.0776728145149
--mó	0.136227473669	0.744855676814	0.0747926039361	0.0441242455814
-ran	0.15737704918	0.84262295082	0.0	0.0
-eri	0.115384615385	0.192307692308	0.692307692308	0.0
-ókó	0.357650511913	0.0912055273896	0.0258802656502	0.525263695047
-ram	0.0	1.0	0.0	0.0
-erl	0.00688778889479	0.59017656076	0.371940600319	0.0309950500266
-rak	0.0	1.0	0.0	0.0
-ero	0.0987960339944	0.785764872521	0.0247875354108	0.0906515580736
-era	0.0897180290516	0.880375961265	0.0199373397892	0.00996866989462
-inó	0.403434486003	0.339214302517	0.0790402258292	0.178310985651
-ere	0.20343846979	0.302521158325	0.0378145425953	0.45622582929
-raa	0.16744913928	0.55868544601	0.18779342723	0.0860719874805
-pos	0.0208333333333	0.979166666667	0.0	0.0
-yóo	0.112768358037	0.12983194099	0.0376567473938	0.719742953579
-ya̧	0.101500532835	0.0558950868704	0.00591234770553	0.83669203259
-poi	0.424696838458	0.436173668255	0.00649631875269	0.132633174534
-pol	0.0778236502523	0.867328825864	0.0153573066874	0.0394902171962
-epo	0.225938600654	0.228411560463	0.49743961232	0.0482102265631
-lae	0.536613708429	0.172229351522	0.0446125021684	0.246544437881
-̧-a	0.174991647177	0.216755763448	0.241563648513	0.366688940862
-ipé	0.245810055866	0.720670391061	0.0	0.0335195530726
-éré	0.503355704698	0.286912751678	0.0	0.209731543624
-ika	0.270919750014	0.566063823903	0.0478402743211	0.115176151762
-leé	0.446556141708	0.268167943714	0.0356501701238	0.249625744454
-aau	0.282051282051	0.59706959707	0.032967032967	0.0879120879121
-lam	0.0118110236221	0.982283464567	0.0	0.00590551181104
-nor	0.0	1.0	0.0	0.0
-iki	0.170475696699	0.473351310264	0.0205544330041	0.335618560033
-lat	0.0354706684857	0.946793997271	0.00818553888131	0.00954979536152
-̧té	0.845360824742	0.061855670103	0.0	0.0927835051547
-aao	0.0544571326891	0.0376240689488	0.00499643614364	0.902922362218
-épé	0.16095786602	0.163685965444	0.112458320703	0.562897847833
-aai	0.458648730002	0.208606144023	0.0553922550957	0.277352870879
-non	0.0458015267176	0.908396946565	0.0458015267176	0.0
-las	0.0641557853423	0.906030643822	0.0298135708356	0.0
-aae	0.152736496576	0.165894523095	0.039041491966	0.642327488363
-noa	0.121359719571	0.0388396517048	0.00412858375815	0.835672044966
-fȩ́	0.289803220036	0.597495527728	0.109123434705	0.00357781753132
-éró	0.104254494366	0.0446181150521	0.0297774544219	0.82134993616
-dou	0.0893727970643	0.860895176476	0.0259523924485	0.0237796340109
-ó-ó	0.253164556962	0.660036166365	0.0542495479204	0.0325497287522
-umé	0.359574468085	0.503191489362	0.031914893617	0.105319148936
--ne	0.0	1.0	0.0	0.0
-doa	0.139523003373	0.366146777144	0.121533813632	0.372796405852
-don	0.00373366521468	0.983198506534	0.00373366521469	0.00933416303672
-dom	0.00709779179811	0.978706624606	0.0141955835962	0.0
-dok	0.0	1.0	0.0	0.0
-doi	0.329332131212	0.454548213413	0.0758627153907	0.140256939984
-sas	0.0210526315789	0.936842105263	0.0421052631579	0.0
-sar	0.0	1.0	0.0	0.0
-ȩmó	0.246319184242	0.455275674459	0.01606186933	0.282343271968
-itu	0.247284660223	0.0916526217696	0.02714182903	0.633920888978
-saw	0.602510460251	0.330543933054	0.0669456066946	0.0
-lós	0.364485981308	0.579439252336	0.0	0.0560747663552
-rai	0.151306740028	0.738651994498	0.110041265475	0.0
-ȩne	0.0793401229877	0.298969807282	0.0710777136574	0.550612356073
-oli	0.030303030303	0.969696969697	0.0	0.0
-saa	0.135890920685	0.538044796676	0.086576446573	0.239487836066
-tóȩ	0.322741433022	0.134579439252	0.014953271028	0.527725856698
-sae	0.494516298635	0.117052856214	0.0289356381776	0.359495206974
-olo	0.228287686028	0.401446161192	0.107836783883	0.262429368896
-sak	0.0	0.990249187432	0.0	0.00975081256771
-ola	0.0650862673587	0.915556178987	0.0193575536541	0.0
-sai	0.24258176305	0.246913580247	0.471518301928	0.0389863547758
-old	0.0	0.792654181565	0.204760996264	0.00258482217038
-ole	0.108413997107	0.133881134813	0.0381344425087	0.71957042557
-sam	0.0638297872341	0.936170212766	0.0	0.0
-éli	0.180844432506	0.148130810206	0.59712198439	0.073902772899
-rot	0.0103244837758	0.97197640118	0.0117994100295	0.00589970501474
-iel	0.0701559020045	0.870824053452	0.0489977728285	0.0100222717149
-loi	0.123758947125	0.614176864465	0.164165319788	0.0978988686216
-eyó	0.359322033898	0.559322033898	0.0813559322035	0.0
-lóu	0.311320754717	0.688679245283	0.0	0.0
-wel	0.066639964242	0.87687860265	0.0438848545008	0.0125965786067
-rom	0.0354809066775	0.640570757607	0.294032060445	0.0299162752706
-ron	0.0	0.980551053485	0.0194489465154	0.0
-lou	0.181818181818	0.515151515152	0.242424242424	0.0606060606061
-roi	0.206384558278	0.653303637714	0.0913140311803	0.0489977728285
-wóo	0.432393097029	0.29609143887	0.0639283618191	0.207587102282
-ipi	0.199520497932	0.545078270513	0.0710662673419	0.184334964213
-ipo	0.298507462687	0.402985074627	0.283582089552	0.0149253731343
-win	0.0	1.0	0.0	0.0
-ére	0.287511321726	0.218555622704	0.101277760029	0.392655295541
-́mó	0.732965009208	0.14364640884	0.0	0.123388581952
-ipa	0.19104286593	0.0787951976238	0.0211658575878	0.708996078858
-̧tu	0.328109875348	0.444173366785	0.141463029178	0.0862537286896
-iké	0.264724509183	0.400886637112	0.0835972134263	0.250791640279
-̧-ó	0.10321940413	0.615243905635	0.00788821275637	0.273648477479
-imi	0.229934924078	0.744034707158	0.0260303687635	0.0
-ikó	0.44892172524	0.318410543131	0.0379792332269	0.194688498403
-ewa	0.169811320755	0.754716981132	0.0754716981132	0.0
-hó̧	0.43878804422	0.302306537464	0.141531322506	0.11737409581
-̧ta	0.267710870568	0.175018967905	0.0197552621417	0.537514899385
--né	0.0476276450134	0.907769701973	0.0271451129047	0.017457540109
-ipu	0.0994077834179	0.900592216582	0.0	0.0
-ó-u	0.450224215247	0.384753363229	0.105829596413	0.0591928251121
-awa	0.0592036892968	0.140247264899	0.396629994717	0.403919051087
-ó-a	0.577639751553	0.111801242236	0.0	0.310559006211
-ius	0.0349472151438	0.924281033855	0.0189297415362	0.0218420094649
-éló	0.0	0.867647058823	0.0441176470588	0.0882352941177
-276	0.0	0.246376811594	0.0	0.753623188406
-oló	0.478029942891	0.276219577034	0.0581249882718	0.187625491803
-róo	0.4562079048	0.363340012567	0.087400764201	0.0930513184325
-a̧i	0.229045271179	0.21515015688	0.515463917526	0.0403406544151
-a̧a	0.148614142535	0.814472483594	0.0268470191472	0.010066354724
-sta	0.0619271736438	0.789447609611	0.148625216745	0.0
-a̧e	0.394195888755	0.201934703748	0.123337363966	0.280532043531
-élé	0.210771204995	0.376209582791	0.0656964279036	0.34732278431
-fea	0.0445435295575	0.121461989704	0.0777935773235	0.756200903415
-loé	0.326885558858	0.191837530109	0.054887323542	0.426389587492
-a̧é	0.212178449361	0.242084907357	0.116028062601	0.42970858068
-éle	0.229085011488	0.443843762671	0.0716313015272	0.255439924314
-isa	0.639041326016	0.292865942435	0.00134393549109	0.0667487960578
-200	0.0474664768007	0.274712234484	0.0723863771212	0.605434911594
-roé	0.340277777778	0.0555555555555	0.0	0.604166666667
-tée	0.870451949747	0.0554739761788	0.00195790504161	0.0721161690325
-iok	0.0395334218062	0.939512467696	0.0094293497241	0.0115247607739
-lei	0.162766228958	0.395547660191	0.351652730407	0.0900333804432
-ion	0.0116279069767	0.988372093023	0.0	0.0
-wȩi	0.221351498657	0.545501130806	0.0133976507485	0.219749719788
-esó	0.792508619896	0.0238236527896	0.00199510942408	0.18167261789
-lea	0.166490486258	0.833509513742	0.0	0.0
-mui	0.0773195876289	0.420103092784	0.490979381443	0.0115979381443
-lee	0.120603015075	0.547738693467	0.0301507537688	0.301507537689
-aló	0.403762668598	0.29959575186	0.0964407224985	0.200200857043
-ȩ-a	0.686070686071	0.0810810810811	0.012474012474	0.220374220374
-esé	0.506760217743	0.211264080391	0.0779398274265	0.204035874439
-mus	0.0200668896321	0.959866220736	0.0	0.0200668896321
-ité	0.285635618613	0.396465996145	0.16008292438	0.157815460862
-ios	0.0	1.0	0.0	0.0
-ȩnó	0.174688057041	0.345811051693	0.4688057041	0.0106951871658
-oik	0.129032258065	0.645161290323	0.225806451613	0.0
-iot	0.0	1.0	0.0	0.0
-u̧ó	0.511326860841	0.265372168285	0.155339805825	0.0679611650485
-̧pó	0.409237415802	0.227461554203	0.048667634263	0.314633395732
-alo	0.395699475395	0.158066968351	0.0473012735033	0.398932282751
-ali	0.188983724927	0.696411216456	0.0413977098875	0.0732073487299
-ald	0.0378548895899	0.690851735016	0.271293375394	0.0
-ale	0.235010310344	0.196380059677	0.0446751590516	0.523934470928
-ala	0.337916358229	0.136793245891	0.0244804118694	0.500809984011
-lon	0.0157687253614	0.980289093298	0.00394218134033	0.0
-é-ó	0.0232558139535	0.837209302326	0.0	0.139534883721
-120	0.09375	0.1171875	0.0	0.7890625
-woó	0.403225806452	0.516129032258	0.0	0.0806451612903
-̧mo	0.233816434832	0.174577872477	0.0324274342687	0.559178258422
-ei̧	0.473756150902	0.431930016403	0.0369054127939	0.0574084199015
-hi̧	0.038934951468	0.150523166121	0.000928713865082	0.809613168546
-rei	0.0243902439024	0.512195121951	0.463414634146	0.0
-yon	0.0274524158126	0.900805270864	0.0563689604686	0.015373352855
-̧mu	0.673957123979	0.170514308949	0.0	0.155528567072
-́né	0.148574623725	0.162424383934	0.0181570725023	0.670843919839
-lok	0.0401913875598	0.721052631579	0.0598086124402	0.178947368421
-ómó	0.0992559864834	0.301936719113	0.030549384807	0.568257909596
-pel	0.266949152542	0.618644067797	0.0	0.114406779661
-oró	0.164460099786	0.277483320879	0.153949694431	0.404106884904
-pen	0.00976641945888	0.893263759065	0.0787723154672	0.018197506009
-pei	0.0134770889488	0.52440850554	0.453129679545	0.00898472596586
-eli	0.00379713914174	0.992561768531	0.00239271781535	0.00124837451235
-soé	0.537037037037	0.185185185185	0.166666666667	0.111111111111
-eme	0.16881051203	0.435959626334	0.22295728004	0.172272581596
-uȩ́	0.353861311516	0.152005178624	0.00764449921597	0.486489010645
-rka	0.0	1.0	0.0	0.0
-ela	0.218340611354	0.361197754211	0.180910792265	0.239550842171
-iya	0.57341818504	0.249538245537	0.15336258243	0.0236809869928
-ele	0.292176168297	0.397923843096	0.171601516903	0.138298471703
-ȩni	0.297306176084	0.512483574244	0.112023653088	0.0781865965835
-osó	0.123558568695	0.487573775684	0.356124765888	0.0327428897327
-sya	0.590656673527	0.125046923744	0.033814220807	0.250482181922
-ta̧	0.0268571625794	0.0729157376315	0.0441547894153	0.856072310374
-100	0.0276040679679	0.232076305982	0.102709873034	0.637609753016
-esu	0.0102560573985	0.82451028999	0.000480708507787	0.164752944104
-esi	0.0110294117647	0.988970588235	0.0	0.0
-tes	0.107839987298	0.392174617048	0.499985395654	0.0
-eso	0.606299212598	0.188976377953	0.0866141732283	0.11811023622
-muó	0.265589659562	0.181174570547	0.056866071387	0.496369698504
-iti	0.249653678116	0.337868078002	0.102653358434	0.309824885447
-leó	0.373264214416	0.578977554734	0.0019853306127	0.0457729002372
-ese	0.524456187784	0.175187415509	0.0936217279096	0.206734668797
-ita	0.275516809166	0.376329769341	0.0507412139075	0.297412207586
-ȩae	0.222703701073	0.269375577183	0.461035732045	0.0468849896995
-spa	0.0411416344386	0.940055352947	0.0188030126145	0.0
-bru	0.0	0.95679614809	0.0392998893877	0.00390396252195
-fae	0.642293026598	0.199529956891	0.00344249831748	0.154734518194
-puó	0.368958475153	0.612661674609	0.00204220558203	0.0163376446562
-ruk	0.0033768572715	0.989869428185	0.0	0.00675371454301
-fao	0.14371257485	0.640718562874	0.14371257485	0.0718562874252
-̧pé	0.682666666667	0.218666666667	0.0	0.0986666666667
-fas	0.168941979522	0.78156996587	0.0153583617747	0.0341296928327
-uda	0.0167124762586	0.817355616437	0.136701036636	0.029230870669
-kwȩ	0.642857142857	0.17800873825	0.161260426321	0.0178736925725
-alé	0.578959379279	0.263578274761	0.0136923779096	0.143769968051
-̧pi	0.391641388608	0.229356252107	0.0343781597573	0.344624199528
-kaȩ	0.50086282196	0.456635207397	0.0412237158866	0.00127825475617
-ólu	0.349597363923	0.304602562069	0.108544342831	0.237255731176
-wou	0.457816864017	0.0928857746488	0.103155366112	0.346141995223
-ipó	0.32323972608	0.19223973982	0.0738848344117	0.410635699688
-uto	0.22131147541	0.631147540984	0.0737704918033	0.0737704918033
-̧mó	0.101176428542	0.160272000953	0.0492376514353	0.689313919069
-tra	0.010989010989	0.974358974359	0.010989010989	0.003663003663
-rii	0.201731532782	0.425488344577	0.0830498640485	0.289730258592
-lot	0.0274524158126	0.778550512445	0.183016105417	0.010980966325
-ria	0.0407103873709	0.886384242058	0.0250839985067	0.0478213720645
-aea	0.036253776435	0.963746223565	0.0	0.0
-é-a	0.293427230047	0.518779342723	0.0117370892019	0.176056338028
-ómu	0.291989664083	0.607235142119	0.0658914728682	0.0348837209302
-eló	0.603123053652	0.261633597295	0.0120117448172	0.123231604235
-kon	0.0716234652114	0.712653478854	0.12278308322	0.0929399727149
-koi	0.0741695303551	0.535796105384	0.349369988545	0.0406643757159
-ael	0.0143080877722	0.964795805458	0.00459629232419	0.016299814446
-iyó	0.2977511717	0.49499705435	0.112023578838	0.0952281951112
-oru	0.334661354582	0.0478087649402	0.569721115538	0.0478087649402
-kou	0.0336134453782	0.966386554622	0.0	0.0
-sol	0.0543677458766	0.901649358583	0.0	0.0439828955406
-los	0.0615589385243	0.918476000333	0.00499126528575	0.0149737958573
-elé	0.229022486171	0.497051533801	0.115454153596	0.158471826433
-soi	0.67962529274	0.264168618267	0.00843091334895	0.047775175644
-kop	0.00228310502283	0.995433789954	0.00228310502283	0.0
-kos	0.049504950495	0.940594059406	0.009900990099	0.0
-fió	0.426891769671	0.187820319566	0.0509496533012	0.334338257462
-ómo	0.273724753302	0.246340739764	0.0803279048812	0.399606602053
-da̧	0.0111234480466	0.0130319124753	0.00118205578697	0.974662583691
-ore	0.120486305813	0.252858886903	0.216025902172	0.410628905112
-́re	0.787908367141	0.101772902194	0.0374953642533	0.0728233664111
-kó̧	0.538598219973	0.187169353306	0.0262706455387	0.247961781182
-rus	0.0303080217427	0.913523307528	0.0354142645363	0.0207544061934
-lip	0.01674522451	0.967862700435	0.0124320606211	0.00296001443359
-réȩ	0.363710333605	0.538649308381	0.0	0.0976403580146
-́ru	0.433432835821	0.099104477612	0.300895522388	0.166567164179
-omi	0.0	0.0248756218905	0.945273631841	0.0298507462687
-omo	0.436792549033	0.228389816105	0.0511574152758	0.283660219586
-́ni	0.729917216005	0.0900659205887	0.0416602790127	0.138356584394
-émi	0.377537653557	0.543774712505	0.0506172466874	0.0280703872506
-oma	0.265610129684	0.603721025222	0.0572245481466	0.0734442969468
-adi	0.0	0.67619047619	0.32380952381	0.0
-lia	0.140519761882	0.576388441063	0.126326564908	0.156765232148
-ome	0.0799682395645	0.847209618875	0.0224591651543	0.0503629764065
-eas	0.0952380952381	0.857142857143	0.047619047619	0.0
-144	0.109243697479	0.0806722689076	0.0	0.810084033613
-eaa	0.539325842697	0.308988764045	0.0842696629214	0.067415730337
-oda	0.306930693069	0.663366336634	0.029702970297	0.0
-rna	0.0	1.0	0.0	0.0
-foé	0.09009009009	0.855855855856	0.054054054054	0.0
-eam	0.00892857142857	0.983418367347	0.0	0.00765306122449
-óró	0.258035374113	0.198691696373	0.0890392407641	0.45423368875
-ukó	0.593300105934	0.171312134947	0.0371897955994	0.198197963519
-uri	0.47697368421	0.411184210526	0.111842105263	0.0
-noó	0.121951219512	0.878048780488	0.0	0.0
-tua	0.419671965575	0.370518060422	0.0998070429592	0.110002931044
-ura	0.0	1.0	0.0	0.0
-tu̧	0.197202619921	0.523255775898	0.0286977296351	0.250843874546
-ure	0.325159834524	0.275732015258	0.107376564767	0.291731585451
-laé	0.397845325125	0.323842503527	0.0487366936001	0.229575477748
-epe	0.0386306323038	0.862124452621	0.0529357481348	0.0463091669399
-uké	0.135869565217	0.719027015618	0.106057408189	0.0390460109751
-uru	0.241393205228	0.259920584951	0.470236146439	0.0284500633809
-róe	0.433070866142	0.18480778138	0.0	0.382121352478
-pai	0.102200684981	0.852109597027	0.0456897179917	0.0
-dus	0.1640625	0.5078125	0.046875	0.28125
-o-a	0.305678527842	0.191437938213	0.0198616860896	0.483021847855
-pan	0.0	1.0	0.0	0.0
-̧ti	0.32879486891	0.307752897491	0.0236300213795	0.33982221222
-paa	0.375094989614	0.548191397741	0.0101322255433	0.0665813871016
-api	0.294873859169	0.207653825937	0.1907117303	0.306760584594
-lim	0.0	1.0	0.0	0.0
-apo	0.248002201348	0.571743588197	0.0843598751564	0.0958943352985
-dua	0.124848945922	0.273303976477	0.0686186097699	0.533228467831
-wae	0.369374796819	0.408255955509	0.0864396087631	0.135929638909
-apu	0.227586206897	0.586206896552	0.165517241379	0.0206896551724
-dui	0.0	0.948830409357	0.046783625731	0.00438596491228
-pas	0.0415741165448	0.932476938229	0.00334825099689	0.022600694229
-aié	0.363457760314	0.306483300589	0.294695481336	0.0353634577603
-tié	0.487671232877	0.282191780822	0.164383561644	0.0657534246575
-émó	0.445184198846	0.448291167332	0.0399467376831	0.0665778961384
-lus	0.037037037037	0.944444444444	0.0185185185185	0.0
-kea	0.433566433566	0.552447552447	0.013986013986	0.0
-air	0.0	1.0	0.0	0.0
-omó	0.128241738983	0.139838954764	0.0493495655909	0.682569740662
-kem	0.0	1.0	0.0	0.0
-kel	0.20474137931	0.765086206897	0.0301724137931	0.0
-sus	0.0194805194805	0.973435655254	0.00177095631641	0.00531286894923
-kei	0.566130084838	0.312051337829	0.0402436371547	0.0815749401784
-sop	0.289377289377	0.710622710623	0.0	0.0
-lié	0.0123088399851	0.955240581872	0.0167847817978	0.0156657963446
-éru	0.183346864519	0.176408128913	0.0733744511369	0.56687055543
-500	0.065717415115	0.250821467689	0.026286966046	0.65717415115
-sor	0.0	1.0	0.0	0.0
-sua	0.378868584228	0.256740145866	0.036603021115	0.327788248791
-dia	0.0190277523291	0.952374240652	0.0186049133885	0.00999309363064
-lui	0.313996806812	0.267163384779	0.30761043108	0.111229377328
-óre	0.0722170207944	0.282004186321	0.589841909726	0.0559368831587
-tus	0.0208178438662	0.974721189591	0.00446096654275	0.0
-dis	0.0394343054985	0.933278563465	0.0272871310369	0.0
-arp	0.0504201680672	0.798319327731	0.151260504202	0.0
-óru	0.19216104926	0.411773676986	0.26795790758	0.128107366174
-lem	0.00130417335474	0.997040529695	0.0	0.00165529695024
-oro	0.710306406685	0.214484679666	0.00835654596101	0.066852367688
-epé	0.462535712616	0.22780624993	0.180061909654	0.1295961278
-uku	0.209659882241	0.470443917284	0.0675741586711	0.252322041804
-ka̧	0.0337078651685	0.953451043339	0.0128410914928	0.0
-uka	0.0690393433245	0.598228293562	0.0506808588096	0.282051504304
-kóo	0.407223067747	0.375467895191	0.147587511826	0.0697215252355
-mel	0.0263337834433	0.852530812717	0.110601890462	0.0105335133773
-s-ó	0.15092693566	0.730425299891	0.0929116684842	0.0257360959652
-uki	0.35058667676	0.515991672975	0.0283875851628	0.105034065102
-uró	0.148887825445	0.315895041898	0.205006870049	0.330210262609
-ait	0.224787422582	0.775212577418	0.0	0.0
-ora	0.0	0.990099009901	0.0	0.00990099009901
-ais	0.0371075166508	0.940057088487	0.022835394862	0.0
-tis	0.0	1.0	0.0	0.0
-apé	0.248827941866	0.616385372715	0.0609470229723	0.0738396624472
-apó	0.518248519835	0.140917368544	0.066898812018	0.273935299603
-aia	0.0212790848534	0.932157270644	0.0174613666886	0.0291022778142
-tia	0.0	1.0	0.0	0.0
-reu	0.0	1.0	0.0	0.0
-aim	0.0	1.0	0.0	0.0
-ain	0.0291354237313	0.942468630297	0.0139021818819	0.0144937640897
-lóo	0.593462877711	0.207149799628	0.052035819961	0.1473515027
-tik	0.32	0.56	0.0933333333333	0.0266666666666
-ra̧	0.255319148936	0.617021276596	0.127659574468	0.0
-ulé	0.260559649376	0.480229253961	0.216346385397	0.0428647112652
-ema	0.0442712583646	0.917271911213	0.00275420270932	0.0357026277134
-oni	0.260895513769	0.554671312756	0.0599662811895	0.124466892285
-̧ni	0.299090126645	0.272106438789	0.297117709742	0.131685724825
-emo	0.295050214643	0.457727345233	0.0491750357739	0.19804740435
-̧ne	0.320034289388	0.164910526128	0.387541522306	0.127513662178
-260	0.0	0.115384615385	0.032967032967	0.851648351648
-ems	0.00115340253749	0.994232987313	0.00230680507497	0.00230680507497
-uló	0.233005808796	0.447357790188	0.0226862883701	0.296950112646
-nié	0.558657360263	0.304501690769	0.0240834369962	0.112757511972
--pó	0.124155204802	0.76255047179	0.0425366527757	0.0707576706325
-eti	0.292765940307	0.194445563298	0.0957626777299	0.417025818665
-son	0.0	1.0	0.0	0.0
-ses	0.0886988199889	0.891225152451	0.00285103349964	0.0172249940603
-i̧é	0.521284271284	0.34126984127	0.00865800865799	0.128787878788
-ȩyó	0.342028380634	0.371243739566	0.236644407346	0.0500834724541
-ser	0.0269058295964	0.973094170404	0.0	0.0
-wa̧	0.351889088793	0.587973828541	0.0196099182609	0.0405271644058
-ani	0.348672177203	0.402048704754	0.0696510466204	0.179628071422
-pae	0.0866177540375	0.0213558592392	0.00826234738132	0.883764039342
-óné	0.0243425279546	0.86657835148	0.0122155846166	0.0968635359492
-kta	0.106761565836	0.829181494662	0.0384341637011	0.0256227758007
-sói	0.359797398359	0.544370424376	0.0920525366863	0.00377964057916
-kóe	0.0909090909091	0.324675324675	0.415584415584	0.168831168831
-etu	0.491496768812	0.287276606469	0.093188182023	0.128038442696
-000	0.0697466726172	0.295464685518	0.0150979556142	0.61969068625
-115	0.0795053003534	0.863957597173	0.0	0.0565371024735
-eta	0.280172728174	0.403941176351	0.0839556138942	0.231930481582
-ete	0.177946418728	0.502537358924	0.0433208200507	0.276195402298
-ȩpó	0.117916803144	0.277432034065	0.0786112020964	0.526039960694
-ésu	0.455465587045	0.15991902834	0.344129554656	0.0404858299595
-lis	0.0459770114942	0.78288633461	0.0153256704981	0.155810983397
-ilé	0.432940897364	0.494719610925	0.0295934284274	0.042746063284
-buk	0.176691729323	0.778195488722	0.0	0.0451127819548
-atu	0.618682223739	0.232216145503	0.0617897060427	0.0873119247151
-mée	0.518483801043	0.296092331127	0.0908078973578	0.0946159704727
-bul	0.533333333333	0.433333333333	0.0333333333333	0.0
-oaé	0.175706270302	0.175214095876	0.0289398562851	0.620139777537
-olȩ	0.612	0.388	0.0	0.0
-amó	0.124653179077	0.356716598647	0.0419397619227	0.476690460353
-fua	0.35871378735	0.185131416437	0.0786548503825	0.37749994583
-300	0.0137142857143	0.140571428571	0.212571428571	0.633142857143
-wei	0.419508878605	0.366484187841	0.0885166620165	0.125490271538
-ate	0.763623741756	0.160013884068	0.0	0.0763623741756
-ata	0.314935037726	0.260551443535	0.0381293388637	0.386384179876
-epó	0.47020403341	0.111414510676	0.0238470593299	0.394534396584
-ati	0.0941941700795	0.547819802457	0.0867260900987	0.271259937364
-ose	0.0321655239636	0.920560902938	0.0399632267427	0.00731034635535
-nis	0.0142857142857	0.985714285714	0.0	0.0
-ris	0.0408163265306	0.959183673469	0.0	0.0
-edi	0.0	1.0	0.0	0.0
-kao	0.162251655629	0.698675496689	0.0993377483444	0.0397350993378
-nit	0.0	0.214285714286	0.0952380952381	0.690476190476
-̧né	0.0577188250328	0.213687677546	0.0334603210433	0.695133176378
-kaa	0.227963525836	0.772036474164	0.0	0.0
-née	0.495751984108	0.242490799628	0.10509476276	0.156662453505
