jer-	0.0145449808961	0.977379298367	0.00130253560264	0.00677318513372
páp-	0.45038005408	0.241360955565	0.0709647199098	0.237294270445
agu-	0.0577176525484	0.357566114658	0.15944017308	0.425276059714
ris-	0.291844244851	0.521486882547	0.130946821079	0.0557220515229
tut-	0.540427154844	0.422959572845	0.0263157894737	0.0102974828375
atá-	0.47944148731	0.372444650158	0.0416570238371	0.106456838695
gin-	0.577012970569	0.239897932762	0.0712463085036	0.111842788165
muw-	0.194403396314	0.0584668152636	0.00904431715405	0.738085471268
fig-	0.0	1.0	0.0	0.0
dok-	0.0607902735562	0.90273556231	0.0364741641337	0.0
maa-	0.373008459776	0.190851856926	0.149622396456	0.286517286842
jac-	0.00167504187605	0.991066443328	0.000558347292013	0.00670016750419
ipu-	0.650505050505	0.207070707071	0.030303030303	0.112121212121
kak-	0.14895067195	0.417078961625	0.251741076797	0.182229289628
niy-	0.037037037037	0.962962962963	0.0	0.0
nas-	0.775163704211	0.122684075631	0.0447240301541	0.0574281900039
mah-	0.33163006459	0.167598198469	0.283790743274	0.216980993667
árs-	0.0808823529411	0.375	0.5	0.0441176470588
tum-	0.743254922535	0.123412543155	0.0469269947087	0.0864055396006
eno-	0.0528967254408	0.947103274559	0.0	0.0
áis-	0.501628664495	0.328990228013	0.0749185667752	0.0944625407166
mar-	0.106972204602	0.664257898198	0.0624563111279	0.166313586072
ite-	0.751219512195	0.160975609756	0.0585365853659	0.0292682926829
ruw-	0.154107242619	0.163514952197	0.198405169233	0.483972635951
lis-	0.0109090909091	0.963116883117	0.0212987012987	0.00467532467533
ana-	0.0295505133808	0.925255606591	0.0280855137311	0.0171083662969
paá-	0.818181818182	0.181818181818	0.0	0.0
sak-	0.0123706241779	0.00995300412507	0.0119177709714	0.965758600726
uwa-	0.188323917137	0.538606403013	0.273069679849	0.0
one-	0.0806818181818	0.820454545455	0.00340909090909	0.0954545454545
seg-	0.0	1.0	0.0	0.0
euf-	0.0	1.0	0.0	0.0
der-	0.0584795321637	0.941520467836	0.0	0.0
hat-	0.538595087486	0.392925617838	0.0398556741497	0.0286236205257
kat-	0.0744305425849	0.489616957953	0.268544174502	0.16740832496
táb-	0.661560384752	0.168061987887	0.0288564303527	0.141521197007
neg-	0.561302681992	0.367816091954	0.036398467433	0.0344827586207
ayu-	0.4041246507	0.108660476838	0.0265127706644	0.460702101798
mil-	0.0318664643399	0.790591805766	0.0	0.177541729894
dis-	0.0981060799911	0.810250463901	0.0214169529329	0.0702265031746
igi-	0.544107268878	0.231474947071	0.114326040932	0.110091743119
gan-	0.260803844375	0.206533632641	0.439034845289	0.0936276776952
teh-	0.279329023331	0.140539041035	0.0253036986677	0.554828236966
ámy-	0.237210631609	0.68848242355	0.0457273506716	0.0285795941698
imm-	0.576379805422	0.282717893547	0.0821575350418	0.0587447659884
sen-	0.132906770525	0.798449073269	0.0525785026254	0.01606565358
yau-	0.0310344827586	0.968965517241	0.0	0.0
asp-	0.0379746835443	0.607594936709	0.0759493670886	0.278481012658
ini-	0.574242379724	0.237707369194	0.0644134101377	0.123636840945
bay-	0.242390497402	0.547512991834	0.0850037119525	0.125092798812
mig-	0.0909090909091	0.909090909091	0.0	0.0
arn-	0.0	1.0	0.0	0.0
ked-	0.277545892389	0.0554102863467	0.00936052013434	0.65768330113
uga-	0.314190481614	0.513205455897	0.103635420184	0.0689686423054
tai-	0.265682656827	0.0738007380074	0.250922509225	0.409594095941
paf-	0.0	1.0	0.0	0.0
hum-	0.585452326339	0.190395324642	0.159102090537	0.0650502584821
uli-	0.174686882004	0.588002636783	0.197758734344	0.0395517468689
abr-	0.00439131495487	0.962755143531	0.0284622265593	0.00439131495487
bik-	0.0622870011336	0.816013781267	0.10061746337	0.0210817542298
ták-	0.410076157001	0.543057996485	0.0468658465142	0.0
nen-	0.0217607459108	0.00823185523467	0.000498911474839	0.96950848738
adm-	0.0	1.0	0.0	0.0
zac-	0.0190151145783	0.865919063871	0.030229156509	0.0848366650415
dah-	0.316435466343	0.331458160199	0.0326024419868	0.319503931471
her-	0.0240295748614	0.925035941672	0.0409735058534	0.00996097761348
mul-	0.138780306735	0.676714083154	0.0421154110035	0.142390199107
ate-	0.0101180438449	0.989881956155	0.0	0.0
euo-	0.148148148148	0.851851851852	0.0	0.0
tii-	0.774087290695	0.173208893769	0.0197639308262	0.0329398847104
bee-	0.0594159113797	0.94058408862	0.0	0.0
kam-	0.178326841494	0.113461654016	0.0163895095345	0.691821994955
dey-	0.0591938039864	0.310551203058	0.0038164679874	0.626438524968
ita-	0.6091387891	0.312605333911	0.0350558000993	0.0432000768901
sin-	0.477805235438	0.413942387817	0.0491158266079	0.0591365501368
ság-	0.780487804878	0.170731707317	0.0487804878049	0.0
tuw-	0.0803571428571	0.919642857143	0.0	0.0
dor-	0.133136094674	0.822485207101	0.0266272189349	0.0177514792899
tag-	0.0908256375248	0.84095495033	0.0405686276097	0.0276507845358
pat-	0.352391285387	0.218067907174	0.251026020542	0.178514786898
luw-	0.110787778009	0.289544793182	0.14778632301	0.451881105799
lál-	0.0563752484202	0.820214487439	0.0281337870016	0.0952764771392
alt-	0.0126582278481	0.985232067511	0.00210970464135	0.0
maw-	0.658147306333	0.110848832554	0.0626379896376	0.168365871475
jor-	0.0	1.0	0.0	0.0
ees-	0.0102966413337	0.0281318950723	0.282054425104	0.67951703849
inw-	0.906485671192	0.0512820512821	0.00603318250377	0.0361990950227
dya-	0.314481486325	0.100903150692	0.0402993910096	0.544315971973
saw-	0.706918779544	0.169316716803	0.0515685431886	0.0721959604641
430-	0.481481481481	0.111111111111	0.0	0.407407407407
lig-	0.725888324873	0.121827411168	0.0634517766498	0.0888324873096
jam-	0.0	0.752808988764	0.224719101124	0.0224719101123
meá-	0.464285714286	0.464285714286	0.0357142857143	0.0357142857143
kid-	0.062893081761	0.899371069182	0.0251572327044	0.0125786163522
rek-	0.304999475946	0.569227544283	0.0455927051672	0.0801802746044
set-	0.0	1.0	0.0	0.0
nig-	0.00340688927922	0.917099027539	0.0794940831817	0.0
por-	0.149171270718	0.75138121547	0.0552486187845	0.0441988950276
alf-	0.0	1.0	0.0	0.0
pas-	0.361044780262	0.370581341161	0.0980002187153	0.170373659861
cos-	0.018691588785	0.981308411215	0.0	0.0
dam-	0.0713264389984	0.829082565757	0.0616832374555	0.0379077577894
sig-	0.4114587501	0.210210450508	0.130591341922	0.24773945747
buu-	0.098446751059	0.217157579211	0.246835286249	0.437560383482
nai-	0.521747233753	0.125330274272	0.0405085132274	0.312413978747
bak-	0.0690627949218	0.0724203413831	0.0177778440395	0.840739019656
nák-	0.663900487651	0.193920165031	0.0638161869509	0.0783631603671
umm-	0.802278064161	0.0716276681433	0.0219218182743	0.104172449422
say-	0.249773995105	0.458117434348	0.235221484797	0.0568870857496
gug-	0.362742238614	0.300712511011	0.179745758723	0.156799491652
epa-	0.0	1.0	0.0	0.0
sap-	0.108258735568	0.170619394885	0.027288708294	0.693833161253
asi-	0.0117762512267	0.986261040236	0.00196270853778	0.0
bot-	0.0322580645161	0.854838709677	0.112903225806	0.0
nan-	0.387594430329	0.122071226231	0.0299884897485	0.460345853691
rer-	0.108108108108	0.756756756757	0.135135135135	0.0
ses-	0.31968031968	0.402597402597	0.214785214785	0.0629370629371
hid-	0.184921417466	0.0952136104214	0.00541302367698	0.714451948436
usi-	0.752882353575	0.138498127239	0.020765496315	0.0878540228712
ruk-	0.568965517241	0.288793103448	0.14224137931	0.0
ány-	0.0774678548931	0.123242209212	0.0138724200541	0.785417515841
bir-	0.213414634146	0.308943089431	0.365853658537	0.111788617886
tol-	0.0549167813936	0.760242080952	0.0571797786529	0.127661359001
mel-	0.372791584874	0.435164265343	0.0705581688211	0.121485980962
kri-	0.0	0.850421348315	0.149578651685	0.0
biy-	0.212281929073	0.660181745904	0.064401309716	0.0631350153069
mau-	0.266110132708	0.274888022964	0.409080193585	0.0499216507426
táp-	0.636641888938	0.20244862265	0.125929164845	0.034980323568
hus-	0.240745079663	0.135816932209	0.137749921899	0.485688066229
hah-	0.457142857143	0.2	0.285714285714	0.0571428571429
mir-	0.0148741418764	0.964530892448	0.0137299771167	0.00686498855837
isa-	0.11899232063	0.858911890722	0.00662873659437	0.0154670520535
joe-	0.0408163265306	0.959183673469	0.0	0.0
mus-	0.0	0.965183752418	0.0348162475822	0.0
eut-	0.21568627451	0.78431372549	0.0	0.0
pud-	0.0482342807924	0.707579672696	0.239018087855	0.00516795865633
dio-	0.0752688172043	0.860215053763	0.0215053763441	0.0430107526882
igu-	0.250859106529	0.701030927835	0.0274914089347	0.020618556701
bab-	0.168464384661	0.772093219776	0.0279345457618	0.0315078498005
sád-	0.624608501119	0.235794183445	0.0590604026846	0.0805369127517
áad-	0.0114285714286	0.148571428571	0.0228571428571	0.817142857143
siy-	0.0477986196953	0.0729586311455	0.0031386433597	0.8761041058
war-	0.21685338529	0.547881149537	0.0756941061861	0.159571358987
mág-	0.370033832706	0.333937791514	0.210454910397	0.0855734653832
okb-	0.725514660013	0.156581409856	0.0860885839052	0.0318153462258
sor-	0.421359223301	0.346601941748	0.11359223301	0.118446601942
moi-	0.0389641819942	0.949177153921	0.00048402710552	0.0113746369797
ura-	0.447117220313	0.401680030546	0.0412371134021	0.109965635739
kom-	0.274509803922	0.117647058824	0.55462184874	0.0532212885154
mee-	0.801166001841	0.0806996011046	0.0257747775391	0.0923596195152
opo-	0.03533915775	0.0828179706161	0.0235594385001	0.858283433134
ali-	0.0685809322384	0.793050178877	0.0884419702147	0.0499269186696
jud-	0.0314441685265	0.832196481522	0.102704345184	0.0336550047674
oni-	0.0215333420686	0.0240723480737	0.00373310522659	0.950661204631
káa-	0.454180900045	0.231100549532	0.0450022278331	0.26971632259
uba-	0.0642137519178	0.918253505694	0.0	0.0175327423883
cis-	0.0	0.958333333333	0.0416666666667	0.0
mal-	0.295475729639	0.260533915076	0.342994413797	0.100995941487
pek-	0.431720759339	0.282914880588	0.0612369871402	0.224127372933
sab-	0.169857556871	0.278105383299	0.356036209424	0.196000850407
ugs-	0.18320610687	0.770992366412	0.0	0.0458015267176
aki-	0.57249070632	0.223048327138	0.14312267658	0.0613382899628
nin-	0.0151003008445	0.902661137633	0.0212565773426	0.0609819841795
mán-	0.374020413864	0.498446323086	0.0626995186335	0.064833744416
ary-	0.84749251497	0.0839570858284	0.0124438622754	0.0561065369261
pád-	0.830381105743	0.145195920558	0.0	0.0244229736983
oml-	0.542553191489	0.436170212766	0.0	0.0212765957447
sir-	0.0998925886144	0.848012889366	0.0456498388829	0.00644468313643
inl-	0.698432129573	0.158811620133	0.0292857479166	0.113470502378
lim-	0.0563097651717	0.63514487168	0.0171624221304	0.291382941018
mab-	0.474049490687	0.235957635056	0.204453040584	0.0855398336723
das-	0.102004294918	0.870078740158	0.00966356478168	0.0182534001431
esr-	0.0	1.0	0.0	0.0
iyá-	0.12790398943	0.107728200179	0.0181274605982	0.746240349793
and-	0.00921052631579	0.981578947368	0.00526315789474	0.00394736842105
kás-	0.471556520226	0.340743541261	0.0420176488864	0.145682289627
ALL	0.217416656939	0.301809378699	0.0552832128887	0.425490751473
san-	0.166547029946	0.414903984497	0.0607853766394	0.357763608918
dud-	0.0893617021277	0.71914893617	0.00638297872341	0.185106382979
puk-	0.625076043314	0.135843776615	0.00182503954252	0.237255140528
ine-	0.402096236303	0.254883277751	0.0543115769414	0.288708909004
rah-	0.0265379975874	0.973462002413	0.0	0.0
mae-	0.248484848485	0.59393939394	0.10303030303	0.0545454545454
cil-	0.0	1.0	0.0	0.0
per-	0.0507078203296	0.0331654208669	0.00394605723398	0.91218070157
ger-	0.126863801529	0.815812554818	0.00798772083699	0.0493359228167
nef-	0.0	1.0	0.0	0.0
ánn-	0.0292935094773	0.350947731189	0.00861573808157	0.611143021252
arm-	0.136020151134	0.806884970613	0.0268681780017	0.0302267002519
cal-	0.0	1.0	0.0	0.0
big-	0.120758078886	0.0540212197295	0.572851704868	0.252368996517
gág-	0.656377276272	0.206619294619	0.0298097277758	0.107193701333
zor-	0.0	1.0	0.0	0.0
tel-	0.225225225225	0.765765765766	0.00900900900901	0.0
áoy-	0.190909090909	0.590909090909	0.181818181818	0.0363636363636
bág-	0.0337095611049	0.913755513442	0.0252821708286	0.0272527546246
lid-	0.0149253731343	0.985074626866	0.0	0.0
guy-	0.306818181818	0.602272727273	0.0909090909091	0.0
ata-	0.0238852204186	0.192510994628	0.0339315843572	0.749672200596
far-	0.00340909090909	0.996590909091	0.0	0.0
dap-	0.249815384407	0.0589286025496	0.0728711900375	0.618384823006
ibi-	0.644623115578	0.197386934673	0.078391959799	0.0795979899497
ins-	0.562443071227	0.333969086986	0.0447094228551	0.0588784189323
baw-	0.175814000195	0.1431436242	0.135492585779	0.545549789826
dat-	0.229311954313	0.0789083520949	0.432156388996	0.259623304596
agd-	0.020905923345	0.97212543554	0.00696864111497	0.0
lum-	0.597637078198	0.127804665118	0.0339291504194	0.240629106264
mes-	0.295878830574	0.407616361072	0.174856459817	0.121648348536
sed-	0.0	0.552795031056	0.447204968944	0.0
adi-	0.188571428571	0.770285714286	0.0205714285714	0.0205714285714
bin-	0.568213233226	0.293534525119	0.0860808972878	0.0521713443676
had-	0.532194902741	0.299159016499	0.0839057584901	0.0847403222699
tán-	0.0839912437654	0.0549403541158	0.00384586592036	0.857222536198
kur-	0.0284115368058	0.963839862247	0.0051657339647	0.00258286698235
iku-	0.521854304636	0.409271523179	0.00688741721854	0.0619867549669
áor-	0.607854630715	0.124267291911	0.0509964830012	0.216881594373
eub-	0.172413793103	0.827586206897	0.0	0.0
bug-	0.0255474452555	0.105839416058	0.521897810219	0.346715328467
jai-	0.0481540930979	0.901284109149	0.00963081861957	0.0409309791332
win-	0.670020120724	0.187122736418	0.0824949698189	0.0603621730382
tal-	0.240988597131	0.475113796265	0.073117166955	0.210780439649
gid-	0.0451127819549	0.954887218045	0.0	0.0
átt-	0.0626709773689	0.839840835613	0.0974881870182	0.0
alp-	0.00713552083895	0.980971944429	0.0118925347316	0.0
paa-	0.668695372534	0.207625165605	0.056527940681	0.0671515211803
ami-	0.148700408037	0.791253310444	0.0172099964631	0.0428362850562
kos-	0.0809248554913	0.809248554913	0.0809248554913	0.028901734104
lem-	0.0	0.929752066116	0.0578512396694	0.0123966942149
rod-	0.039344262295	0.960655737705	0.0	0.0
paw-	0.868852459016	0.0327868852459	0.0213827512473	0.0769779044904
naa-	0.580257424684	0.327880402907	0.0503811568405	0.041481015569
nem-	0.402173913043	0.391304347826	0.141304347826	0.0652173913044
kál-	0.29015122431	0.140413614624	0.029015122431	0.540420038636
wan-	0.1	0.8625	0.0375	0.0
pon-	0.116942471464	0.852986607303	0.0133648538816	0.016706067352
umi-	0.607892619422	0.255036355256	0.0469916991987	0.0900793261235
hig-	0.0721270265571	0.0556545124235	0.20798983083	0.664228630189
rap-	0.225806451613	0.774193548387	0.0	0.0
chi-	0.0	0.978723404255	0.0212765957447	0.0
sik-	0.201177331499	0.0790959399518	0.0240925440052	0.695634184544
nga-	0.247209234173	0.429491471605	0.018910501588	0.304388792633
ben-	0.232833105957	0.363953312112	0.0624526299833	0.340760951948
mat-	0.387022863052	0.314258106816	0.204704555116	0.0940144750158
ome-	0.0139255195696	0.967507121004	0.0185673594261	0.0
pin-	0.477602105293	0.373184815208	0.0757932262336	0.0734198532652
cyp-	0.0992907801418	0.900709219858	0.0	0.0
bun-	0.57835090558	0.341725820763	0.0140273500705	0.0658959235868
ili-	0.68505427801	0.228006060504	0.0174383564604	0.0695013050254
map-	0.406768608241	0.296606623541	0.195868512521	0.100756255696
nar-	0.579698600228	0.234804934479	0.0682102570562	0.117286208237
gat-	0.111103849422	0.843801058754	0.0333311548265	0.0117639369976
ápp-	0.0559551752859	0.0286969031574	0.00923752555463	0.906110396002
bák-	0.60681024447	0.273573923166	0.0218277066356	0.0977881257276
idi-	0.652808988764	0.239325842697	0.0337078651685	0.0741573033708
cua-	0.0	1.0	0.0	0.0
dám-	0.122725846926	0.0376411543287	0.0542659974906	0.785367001255
usu-	0.634738186462	0.280970625798	0.0689655172414	0.0153256704981
sat-	0.0707470747075	0.898469846985	0.0102610261026	0.0205220522052
pur-	0.229203562391	0.313536884643	0.315151909819	0.142107643147
gur-	0.0299625468164	0.955056179775	0.00749063670412	0.00749063670411
esl-	0.0	1.0	0.0	0.0
rak-	0.228962818004	0.691780821918	0.0146771037182	0.0645792563601
dik-	0.071521170431	0.0236139255729	0.0166979158138	0.888166988182
nad-	0.124104510622	0.0939846837029	0.0219748583403	0.759935947335
lot-	0.009944358944	0.92541730792	0.064638333136	0.0
kis-	0.109489051095	0.759124087591	0.043795620438	0.0875912408759
abi-	0.0204570586067	0.932546995945	0.0331736085514	0.0138223368964
keá-	0.316129032258	0.570967741935	0.112903225806	0.0
ele-	0.0	0.964809384164	0.0351906158358	0.0
fle-	0.0	1.0	0.0	0.0
mom-	0.0345679012345	0.945679012346	0.0	0.0197530864197
ban-	0.0689554226488	0.761223385156	0.135542774	0.0342784181954
hal-	0.126836585298	0.744547590647	0.0494676246365	0.0791481994184
dád-	0.185067236509	0.721697216142	0.0613824891166	0.0318530582324
ter-	0.136363636364	0.852272727273	0.0113636363636	0.0
nag-	0.571680979654	0.238572434656	0.0682697183299	0.12147686736
káe-	0.642857142857	0.0714285714286	0.0	0.285714285714
tra-	0.0764525993884	0.493883792049	0.420489296636	0.00917431192662
nam-	0.450275626385	0.316257663444	0.04568013601	0.187786574161
arq-	0.169230769231	0.789743589744	0.0102564102564	0.0307692307692
hen-	0.034626818239	0.819391018214	0.0759406510901	0.0700415124571
ale-	0.0	0.936675461741	0.0633245382586	0.0
ker-	0.42	0.436	0.132	0.012
tid-	0.612934676633	0.102372440689	0.0116997075073	0.272993175171
sid-	0.377781096013	0.550097058384	0.0322532477229	0.0398685978796
oli-	0.0102266916652	0.960115902506	0.0276120674962	0.00204533833305
luc-	0.00790513833992	0.98418972332	0.0	0.00790513833991
mea-	0.556187915095	0.21379850415	0.108847353962	0.121166226793
tok-	0.356664716969	0.500790710773	0.0715755724529	0.070968999805
dec-	0.00909090909091	0.759090909091	0.0	0.231818181818
net-	0.870704643745	0.0527339755973	0.0276951263465	0.048866254311
kon-	0.0700206604054	0.112990202072	0.0599762735527	0.757012863969
itu-	0.650370209059	0.223540940767	0.0359320557491	0.0901567944251
eli-	0.0315989847716	0.939720812183	0.00393401015229	0.0247461928934
imu-	0.480153649168	0.489116517285	0.02304737516	0.00768245838668
isi-	0.268295741968	0.564351261523	0.0343025564915	0.133050440018
but-	0.162346856121	0.50661775757	0.205470239778	0.125565146531
haá-	0.34811138419	0.126941707032	0.0424013934954	0.482545515283
hel-	0.15444015444	0.789092664093	0.0419884169884	0.0144787644788
tuk-	0.900042506544	0.0254368106669	0.0124835007495	0.0620371820399
ene-	0.0	0.981818181818	0.0	0.0181818181818
idá-	0.645421436004	0.222684703434	0.057232049948	0.074661810614
pan-	0.080856813838	0.824147121525	0.0406465221466	0.05434954249
mák-	0.540776826428	0.308762260932	0.0810779778893	0.0693829347505
nim-	0.0	1.0	0.0	0.0
tor-	0.0	1.0	0.0	0.0
ari-	0.309289743259	0.55548432622	0.0378768283648	0.0973491021555
tul-	0.454654744049	0.281173790087	0.0325620269976	0.231609438866
lin-	0.529639466744	0.356522408281	0.0403836422697	0.0734544827055
enn-	0.711711711712	0.288288288288	0.0	0.0
tug-	0.0852071005917	0.857988165681	0.0568047337278	0.0
yam-	0.0211267605634	0.30985915493	0.380281690141	0.288732394366
pug-	0.411261582324	0.24233784747	0.32074126871	0.0256593014968
ina-	0.489651128221	0.413878819393	0.0336412466277	0.0628288057586
cre-	0.00643776824034	0.99356223176	0.0	0.0
mai-	0.389543734854	0.484632314527	0.0665201056808	0.0593038449376
dip-	0.122443591433	0.205671494942	0.295225103788	0.376659809837
pen-	0.187420010065	0.56235955765	0.164262354371	0.0859580779146
sao-	0.183673469388	0.775510204082	0.0408163265306	0.0
ape-	0.0796460176991	0.690265486726	0.0973451327433	0.132743362832
umu-	0.559575418356	0.190313417841	0.0115945572624	0.238516606541
ipo-	0.162624821683	0.837375178317	0.0	0.0
dun-	0.112359550562	0.662921348315	0.224719101124	0.0
hul-	0.275084554679	0.625704622322	0.0236753100338	0.075535512965
ekl-	0.0741885625966	0.176197836167	0.707882534776	0.0417310664606
pae-	0.712460063898	0.249201277955	0.0	0.0383386581469
itá-	0.5719977094	0.2990606228	0.0287279363491	0.10021373145
lab-	0.198340272945	0.127593954081	0.184343450135	0.489722322839
upa-	0.424466649049	0.526037239931	0.0217482912057	0.0277478198142
isp-	0.0102516471211	0.92176283192	0.0553814637026	0.0126040572565
meh-	0.575969374438	0.161567239929	0.20011020562	0.0623531800122
nal-	0.416659258966	0.26889248822	0.209019208985	0.105429043828
kau-	0.0403926133521	0.900230354693	0.0381443142109	0.0212327177436
iba-	0.183150847345	0.244116923455	0.262249858752	0.310482370448
ino-	0.319277108434	0.524096385542	0.132530120482	0.0240963855422
bas-	0.459609649269	0.32175085971	0.079701095249	0.138938395772
dir-	0.246565437455	0.378163412871	0.110629067245	0.264642082429
mid-	0.0416666666667	0.875	0.0833333333333	0.0
teo-	0.210256410256	0.774358974359	0.0	0.0153846153846
tus-	0.0	1.0	0.0	0.0
kád-	0.445222202062	0.135492167779	0.00597165057567	0.413313979583
ang-	0.34065195996	0.539370338713	0.00920780516705	0.11076989616
pun-	0.236466210539	0.682811187132	0.0375105029408	0.0432120993878
inh-	0.708516460735	0.165021975288	0.0865743428145	0.0398872211626
yar-	0.0	0.872	0.112	0.016
ito-	0.657007640853	0.215460530269	0.0365097715916	0.091022057286
tur-	0.43638187594	0.48085604414	0.0714763417489	0.0112857381709
day-	0.367290748899	0.50234030837	0.0708975770925	0.0594713656387
tah-	0.190850607577	0.244460328806	0.4345961401	0.130092923517
pág-	0.231104174611	0.655694504634	0.0527027976924	0.0604985230623
666-	0.0333333333333	0.0333333333333	0.0	0.933333333333
jec-	0.0	1.0	0.0	0.0
cai-	0.0340760157274	0.963302752294	0.00262123197903	0.0
sod-	0.00882352941176	0.988235294118	0.0	0.0029411764706
amm-	0.261904761905	0.309523809524	0.285714285714	0.142857142857
ont-	0.15306122449	0.760932944606	0.0	0.0860058309038
kun-	0.0894578313253	0.527861445783	0.0	0.382680722892
har-	0.0452048311042	0.918621487545	0.0153136887128	0.0208599926376
kan-	0.525523967628	0.339074496784	0.0590371446358	0.0763643909525
zab-	0.0	0.988654781199	0.0113452188006	0.0
nei-	0.181818181818	0.335664335664	0.188811188811	0.293706293706
agi-	0.782852564103	0.135060541311	0.0299145299145	0.0521723646724
áub-	0.57104010877	0.162474507138	0.228416043508	0.0380693405846
bát-	0.402792336686	0.428596917724	0.0936726364387	0.0749381091509
diy-	0.025929021132	0.927920506912	0.0111830782273	0.0349673937283
gap-	0.0750679317096	0.0414692277117	0.00226054753909	0.88120229304
dak-	0.0352968406434	0.263626895035	0.666820969795	0.0342552945261
wád-	0.277995801771	0.117550424386	0.0470931824405	0.557360591403
sio-	0.0	1.0	0.0	0.0
bum-	0.543946900147	0.242736352219	0.132413435377	0.080903312257
mum-	0.0454545454545	0.954545454545	0.0	0.0
daw-	0.0762181290264	0.878050993558	0.0457308774159	0.0
kum-	0.386509184282	0.158399264303	0.0355714585846	0.419520092831
tod-	0.0958385876418	0.182219419924	0.59709962169	0.124842370744
met-	0.556912864735	0.215942966212	0.110605649483	0.11653851957
tao-	0.00882352941177	0.963294117647	0.00211764705882	0.0257647058824
lák-	0.0268551825561	0.946289634888	0.0201413869171	0.00671379563904
kuw-	0.0820247467652	0.118434685181	0.0691609233415	0.730379644712
ces-	0.00129589632829	0.984881209503	0.0	0.0138228941685
giy-	0.484375	0.328125	0.1875	0.0
zaq-	0.0	0.96265560166	0.0373443983402	0.0
kák-	0.166493114491	0.72691718353	0.0452696779436	0.0613200240351
hil-	0.117485400206	0.57025077293	0.287530058399	0.0247337684644
bub-	0.0600600600601	0.81981981982	0.12012012012	0.0
ilu-	0.278511404562	0.402160864346	0.276110444178	0.0432172869147
lai-	0.312991388993	0.197678771996	0.157618869337	0.331710969674
aka-	0.732024444156	0.0958913015212	0.0661162397608	0.105968014562
mad-	0.130569658636	0.240134280901	0.55283296121	0.0764630992534
kiw-	0.114832535885	0.344497607656	0.540669856459	0.0
bem-	0.594719132375	0.0713940595827	0.00720260545447	0.326684202588
has-	0.040404040404	0.828282828283	0.131313131313	0.0
mem-	0.63696369637	0.25302530253	0.1100110011	0.0
par-	0.112641656403	0.363792156996	0.0389412718537	0.484624914748
ala-	0.271216609853	0.470464392347	0.0399459216901	0.21837307611
jul-	0.0263157894737	0.875	0.0	0.0986842105263
dig-	0.0286502074241	0.952343898397	0.00759188610471	0.0114140080747
nah-	0.550792082364	0.282185318586	0.0669365377873	0.100086061263
duu-	0.377440347072	0.622559652928	0.0	0.0
zeu-	0.0	1.0	0.0	0.0
huw-	0.0250471566839	0.946194996753	0.0111320696373	0.0176257769257
pom-	0.828358208955	0.126865671642	0.044776119403	0.0
iká-	0.339710226474	0.350119566746	0.251090167393	0.0590800393867
feb-	0.0	1.0	0.0	0.0
tha-	0.289855072464	0.570048309179	0.0	0.140096618357
sag-	0.234389708189	0.444618763728	0.212111703797	0.108879824286
tre-	0.00676437429538	0.0766629086809	0.333709131905	0.582863585118
gay-	0.11190053286	0.862344582593	0.0	0.025754884547
ipa-	0.618973095118	0.24605687546	0.0463351010478	0.0886349283747
iuk-	0.837711906414	0.139089917716	0.0154654505799	0.00773272528997
kin-	0.8508962098	0.0714513321785	0.0112685385438	0.0663839194778
kái-	0.0884663733501	0.8961345066	0.0	0.0153991200503
iyu-	0.107454913062	0.0702448158407	0.0155717353125	0.806728535785
dan-	0.179654832261	0.570702353205	0.0553222816804	0.194320532854
lug-	0.108368732752	0.698946212078	0.0280832930983	0.164601762072
lib-	0.0682074689173	0.606528843582	0.0158824409281	0.309381246572
sás-	0.505729590453	0.351759560618	0.0633645240033	0.0791463249254
gre-	0.0	0.963636363636	0.0363636363636	0.0
ser-	0.251454323633	0.562936093149	0.129615630739	0.0559939524791
kag-	0.460910184967	0.157241905243	0.0458315251947	0.336016384595
hay-	0.153989979404	0.590178062782	0.129142990695	0.126688967119
cri-	0.0158946683207	0.944972538989	0.00748510647	0.0316476862202
mis-	0.24590810491	0.254387694735	0.125419049497	0.374285150858
naw-	0.709901826243	0.180861395545	0.0499524965692	0.0592842816426
elm-	0.0	1.0	0.0	0.0
yum-	0.237794371051	0.31763354394	0.410109132682	0.0344629523263
din-	0.462986200521	0.476408155105	0.0258071110495	0.0347985333248
she-	0.0290934280024	0.869079573989	0.0727335700061	0.0290934280024
nac-	0.0	1.0	0.0	0.0
rin-	0.459405940594	0.421782178218	0.0	0.118811881188
yin-	0.528761061947	0.404867256637	0.0398230088495	0.0265486725664
beg-	0.138549155074	0.565960227803	0.179441695453	0.116048921669
was-	0.458196965189	0.479321630467	0.0089259149063	0.0535554894377
miy-	0.181095922421	0.111812127585	0.0392569225377	0.667835027457
jon-	0.00792848086073	0.988602808763	0.0	0.00346871037657
sos-	0.00602409638554	0.969879518072	0.0120481927711	0.0120481927711
ngá-	0.796929964822	0.154141349536	0.00191877198592	0.0470099136553
ume-	0.919875889761	0.05822230334	0.021901806899	0.0
nep-	0.585979684786	0.301097146792	0.0433537320207	0.0695694364015
hiw-	0.339169584792	0.493746873437	0.064032016008	0.103051525763
tat-	0.178643180195	0.247950487979	0.332949297786	0.24045703404
jan-	0.0280373831776	0.845794392523	0.035046728972	0.0911214953271
bit-	0.0307083866465	0.951145748517	0.0160521112016	0.00209375363499
uri-	0.0	1.0	0.0	0.0
meb-	0.539034107973	0.258806175321	0.0690237297388	0.133135986968
rig-	0.0415704387991	0.870669745959	0.0854503464203	0.00230946882217
dág-	0.223477016065	0.467154445682	0.213933513599	0.095435024654
káb-	0.234527687296	0.234527687296	0.342019543974	0.188925081433
mam-	0.517312115445	0.322790986855	0.076366571054	0.0835303266464
utu-	0.235018192817	0.690624824742	0.0281832457792	0.0461737366619
esa-	0.0197368421053	0.980263157895	0.0	0.0
jua-	0.0229051751247	0.915824543809	0.0108364001054	0.0504338809611
sad-	0.0635974257938	0.218013401938	0.284619714236	0.433769458032
imp-	0.624638261624	0.264916411851	0.034262079732	0.076183246793
cus-	0.0	1.0	0.0	0.0
sis-	0.319444444444	0.152777777778	0.361111111111	0.166666666667
gil-	0.053	0.522	0.02625	0.39875
mag-	0.484524855804	0.266493771678	0.137596497035	0.111384875483
aug-	0.0555555555556	0.944444444444	0.0	0.0
pai-	0.545552668444	0.307473553014	0.0727870141349	0.0741867644068
ama-	0.0383000628944	0.952365888466	0.00264270433971	0.00669134429987
abu-	0.210049108998	0.598095011917	0.153815489266	0.0380403898186
kea-	0.460772104608	0.288916562889	0.164383561644	0.0859277708592
dub-	0.117283950617	0.179012345679	0.518518518519	0.185185185185
reg-	0.116182572614	0.883817427386	0.0	0.0
ink-	0.375	0.5	0.0833333333334	0.0416666666667
pla-	0.291171262332	0.560333923602	0.046293953959	0.102200860106
mac-	0.00195950359242	0.985303723057	0.0107772697583	0.00195950359242
lam-	0.0936292695646	0.852967369276	0.0122527192269	0.0411506419321
ico-	0.0	0.993377483444	0.00662251655628	0.0
ika-	0.239822384067	0.56760240077	0.16161386358	0.0309613515826
bet-	0.123230641132	0.842908687205	0.00111018595615	0.0327504857063
law-	0.435582822086	0.472392638037	0.0	0.0920245398773
sal-	0.153119954785	0.712001152205	0.0523969534946	0.0824819395158
asu-	0.0291852452372	0.945683015809	0.0202675314147	0.00486420753953
áol-	0.0769230769231	0.793621013133	0.0450281425891	0.0844277673546
neá-	0.312598840274	0.288877174486	0.358987875593	0.0395361096468
isk-	0.0289855072464	0.95652173913	0.0144927536232	0.0
gab-	0.0159574468085	0.984042553191	0.0	0.0
sek-	0.261844945331	0.351756838045	0.18258377269	0.203814443933
400-	0.0305010893246	0.360929557008	0.120551924473	0.488017429194
den-	0.0	0.885298133819	0.0764679107874	0.0382339553937
ind-	0.641020897085	0.1979825099	0.0464909947744	0.114505598241
yan-	0.629032258065	0.112903225806	0.0322580645161	0.225806451613
bad-	0.114966739373	0.633852568623	0.171522957936	0.0796577340684
áar-	0.321428571429	0.0	0.607142857143	0.0714285714286
hud-	0.118770250974	0.19892523255	0.153652014314	0.528652502162
min-	0.450037041929	0.315296306719	0.154177123594	0.0804895277585
tun-	0.229158100054	0.128756708739	0.107603526574	0.534481664633
est-	0.130909090909	0.757024793388	0.0376859504132	0.0743801652893
ame-	0.0070148090413	0.0678098207327	0.0	0.925175370226
ren-	0.0	1.0	0.0	0.0
inr-	0.490196078431	0.43137254902	0.0588235294117	0.0196078431372
ant-	0.0253609355887	0.933734329591	0.017998083321	0.0229066514995
nee-	0.765544041451	0.166062176166	0.0116580310881	0.0567357512954
kát-	0.140473965819	0.0843715193279	0.0228656330669	0.752288881786
tab-	0.176241900648	0.747948164147	0.0	0.0758099352052
lok-	0.492819843342	0.226501305483	0.263272410792	0.0174064403829
igo-	0.00908697533534	0.954132410212	0.0341843357854	0.00259627866725
gal-	0.0429303971062	0.930198354335	0.0228167110546	0.00405453750447
ida-	0.406953811931	0.291903797109	0.215738683274	0.0854037076871
use-	0.025641025641	0.538461538462	0.384615384615	0.0512820512821
kar-	0.141747059893	0.647096170279	0.159541713562	0.0516150562667
sel-	0.047619047619	0.952380952381	0.0	0.0
kay-	0.101808032125	0.124949119835	0.0254405297547	0.747802318286
neb-	0.521084872159	0.235850941051	0.131436434659	0.111627752131
kob-	0.033386327504	0.966613672496	0.0	0.0
lil-	0.0698689956332	0.150655021834	0.0742358078603	0.705240174673
ist-	0.139260135893	0.647350486645	0.173111061234	0.0402783162276
ubu-	0.581818181818	0.290909090909	0.127272727273	0.0
áel-	0.324650265316	0.364206464062	0.199710564399	0.111432706223
taw-	0.541548100262	0.117423302737	0.104591377608	0.236437219393
not-	0.181818181818	0.672727272727	0.109090909091	0.0363636363636
jot-	0.0	1.0	0.0	0.0
tak-	0.0565716055375	0.0446698226168	0.0179287487838	0.880829823062
lob-	0.0123152709359	0.958128078818	0.0	0.0295566502463
luk-	0.592329545455	0.0681818181818	0.186079545455	0.153409090909
tay-	0.365714285714	0.285714285714	0.28	0.0685714285714
mei-	0.825352112676	0.0985915492957	0.00845070422534	0.0676056338028
imb-	0.659952408714	0.185950519023	0.0580304876807	0.0960665845824
peg-	0.770491803279	0.131147540984	0.0655737704918	0.0327868852459
dál-	0.298470519955	0.0869721074733	0.0611109214434	0.553446451128
nel-	0.596667263931	0.232664397061	0.0561428656752	0.114525473332
are-	0.0103806228374	0.98615916955	0.00346020761245	0.0
ihu-	0.86	0.02	0.04	0.08
gog-	0.0	0.962264150943	0.0377358490566	0.0
ani-	0.279206064047	0.637032116739	0.0729538425413	0.0108079766728
tes-	0.0909690177983	0.897165458141	0.0118655240606	0.0
ibá-	0.500640204866	0.364916773367	0.0307298335467	0.10371318822
unu-	0.645914396887	0.330739299611	0.0	0.0233463035019
sil-	0.0121217153898	0.951300476767	0.0310486043318	0.00552920351115
ake-	0.0	1.0	0.0	0.0
upi-	0.0263157894737	0.894736842105	0.0263157894737	0.0526315789474
lal-	0.173017760257	0.146046444312	0.18499591289	0.495939882541
ngi-	0.648317307692	0.265865384615	0.0362980769231	0.0495192307692
ipe-	0.681247890037	0.228985173592	0.0307041302552	0.0590628061159
kib-	0.703703703704	0.271604938272	0.0	0.0246913580247
kaá-	0.020498392283	0.0924437299035	0.814710610932	0.0723472668811
mep-	0.518989114452	0.264366392149	0.134601608325	0.0820428850742
gus-	0.674592099308	0.0618211787201	0.0371195216173	0.226467200355
lad-	0.0	1.0	0.0	0.0
him-	0.0728657389996	0.799454682211	0.123260624295	0.00441895449417
nau-	0.454935082823	0.235596731207	0.238700506419	0.0707676795503
áas-	0.213389121339	0.723849372385	0.0376569037657	0.0251046025104
nuw-	0.0	0.0199637023593	0.424682395644	0.555353901996
egi-	0.00298618887645	0.941769316909	0.0522583053378	0.00298618887645
iny-	0.805100762667	0.0971263403299	0.016735782289	0.0810371147144
háu-	0.856640580696	0.1227174776	0.0	0.0206419417035
sau-	0.0431685732787	0.932441182819	0.00453270019426	0.0198575437082
esm-	0.0132450331126	0.794701986755	0.192052980132	0.0
pri-	0.0941336971351	0.830150068213	0.0470668485675	0.0286493860846
tro-	0.00449749178343	0.993772703684	0.00138384362567	0.000345960906418
rob-	0.0	1.0	0.0	0.0
kit-	0.0329134925743	0.0228314413173	0.00550597459421	0.938749091514
gol-	0.0	1.0	0.0	0.0
iyo-	0.413431269675	0.495278069255	0.0535152151102	0.0377754459601
yud-	0.784662265109	0.215337734891	0.0	0.0
tiy-	0.0917381974248	0.770922746781	0.0606223175966	0.0767167381974
bai-	0.552	0.208	0.144	0.096
eff-	0.030303030303	0.969696969697	0.0	0.0
sáp-	0.355102040816	0.644897959184	0.0	0.0
ids-	0.384916748286	0.429970617042	0.0293829578844	0.155729676787
nán-	0.55990160973	0.295031583249	0.0753466721122	0.069720134909
kad-	0.111265952277	0.543980613586	0.218190991178	0.126562442959
oda-	0.0571379325204	0.803938466842	0.0162020080148	0.122721592623
fen-	0.0203389830508	0.886440677966	0.00677966101694	0.0864406779661
tam-	0.0770955029672	0.0419291652545	0.0530371751165	0.827938156662
gul-	0.325773195876	0.647422680412	0.0164948453608	0.0103092783505
tir-	0.00814663951121	0.985743380855	0.0061099796334	0.0
las-	0.256504448117	0.361230637203	0.234518352564	0.147746562116
men-	0.16594231529	0.202214380759	0.0230248368507	0.6088184671
ald-	0.0226504221675	0.887104145803	0.0140065110589	0.0762389209709
kes-	0.139240506329	0.778481012658	0.0569620253164	0.0253164556962
bus-	0.906542056075	0.0560747663551	0.0373831775701	0.0
lub-	0.399296394019	0.268249780123	0.142480211082	0.189973614776
tap-	0.234415988317	0.416826676042	0.225004732672	0.123752602969
lup-	0.227325357005	0.397787212145	0.315965521678	0.0589219091727
sol-	0.364173292669	0.444537499086	0.0173711281	0.173918080145
bib-	0.132902630364	0.768804799262	0.0124596215967	0.0858329487771
new-	0.217391304348	0.492753623188	0.0144927536232	0.275362318841
kaw-	0.0386130811663	0.405743805271	0.524472463007	0.031170650556
iso-	0.353798449612	0.509457364341	0.0325581395349	0.104186046512
alá-	0.0696852168155	0.816827430085	0.101541315931	0.0119460371683
bos-	0.0410667334419	0.938650306748	0.0180292976086	0.00225366220107
pam-	0.0933217243177	0.195865561851	0.0160679924285	0.694744721403
sál-	0.111753371869	0.273603082852	0.0712909441232	0.543352601156
laz-	0.0255601136005	0.873777216788	0.0501735563269	0.050489113285
agw-	0.0588235294117	0.764705882353	0.0	0.176470588235
job-	0.0	1.0	0.0	0.0
cef-	0.240566037736	0.702830188679	0.0	0.0566037735849
hem-	0.0433212996389	0.956678700361	0.0	0.0
aqu-	0.0	1.0	0.0	0.0
ket-	0.863500156513	0.0495384970022	0.0250850037936	0.0618763426909
káp-	0.892857142857	0.0	0.0357142857143	0.0714285714286
dru-	0.0	1.0	0.0	0.0
sye-	0.159392789374	0.263757115749	0.0189753320683	0.557874762809
ipá-	0.698612665111	0.172900699714	0.0635304929819	0.0649561421932
meg-	0.389189189189	0.145945945946	0.421621621622	0.0432432432432
yop-	0.997487437186	0.00251256281407	0.0	0.0
ram-	0.0	1.0	0.0	0.0
pit-	0.00404826162883	0.0654865851723	0.00881092236863	0.92165423083
lap-	0.0871670702179	0.615012106538	0.297820823245	0.0
sun-	0.298021114357	0.633704282977	0.0433518989757	0.0249227036908
pea-	0.576923076923	0.221153846154	0.0	0.201923076923
man-	0.554306177827	0.236421361931	0.0978636375649	0.111408822678
apd-	0.292775665399	0.661596958175	0.0342205323194	0.0114068441065
eti-	0.0	0.878787878788	0.121212121212	0.0
laa-	0.755438365195	0.168094924192	0.0237310481213	0.0527356624918
esp-	0.0500667556742	0.854806408545	0.0100133511348	0.0851134846462
bes-	0.0629921259843	0.71062992126	0.108267716535	0.11811023622
ent-	0.0483870967742	0.338709677419	0.5	0.112903225806
pad-	0.130291346543	0.730010403619	0.0432488114874	0.0964494383502
huk-	0.037037037037	0.759259259259	0.203703703704	0.0
abá-	0.0574712643678	0.934865900383	0.0	0.00766283524903
arf-	0.0	1.0	0.0	0.0
cle-	0.0146699266504	0.977995110024	0.00733496332518	0.0
reb-	0.0810810810811	0.837837837838	0.0540540540541	0.027027027027
inn-	0.760697305864	0.239302694136	0.0	0.0
dum-	0.712593567445	0.106004898518	0.0274649186883	0.153936615349
bar-	0.0758546160793	0.888022338854	0.0104666145225	0.0256564305444
adr-	0.154362416107	0.778523489933	0.0536912751678	0.0134228187919
dib-	0.118210068365	0.524922311995	0.0318831572405	0.324984462399
zeb-	0.0	1.0	0.0	0.0
ing-	0.591363396055	0.234790196335	0.0852320908905	0.0886143167196
rup-	0.078460620525	0.91437947494	0.0035799522673	0.0035799522673
lih-	0.0621246634914	0.691240422448	0.21619382895	0.0304410851108
amo-	0.0	1.0	0.0	0.0
ten-	0.013658810194	0.00579942395005	0.00454264298218	0.975999122874
tiw-	0.133928571429	0.644642857143	0.174107142857	0.0473214285714
pet-	0.585572842999	0.315417256011	0.0	0.0990099009901
sai-	0.243005795015	0.139462191323	0.0504107766255	0.567121237036
apo-	0.0467408764116	0.892552298562	0.0280820687195	0.0326247563065
fan-	0.0	1.0	0.0	0.0
pum-	0.503018117086	0.234558058882	0.0492338077735	0.213190016259
suw-	0.250288616948	0.509120295544	0.207342415147	0.033248672362
igá-	0.551773049645	0.212765957447	0.109219858156	0.126241134752
gag-	0.633165829146	0.140703517588	0.0686767169179	0.157453936348
atu-	0.0642234530686	0.423652049953	0.0194031549926	0.492721341986
awa-	0.152677918145	0.0545135758992	0.0162034370287	0.776605068927
ima-	0.665505226481	0.104529616725	0.0	0.229965156794
nay-	0.436790310371	0.317940953823	0.177138531416	0.0681302043906
idd-	0.0909644411362	0.0433314449762	0.0141562348282	0.851547879059
kao-	0.297960960083	0.33318003183	0.0883952060801	0.280463802007
neh-	0.713000406143	0.154120463741	0.0764348978548	0.0564442322619
pák-	0.434053772541	0.270984961917	0.0487858863355	0.246175379207
rub-	0.0	1.0	0.0	0.0
bau-	0.0458181818182	0.277818181818	0.641454545455	0.0349090909091
bál-	0.557413140227	0.316927250126	0.0555802119591	0.0700793976875
fes-	0.00561797752808	0.991573033708	0.0	0.00280898876405
guw-	0.0460358056266	0.937223901418	0.0	0.0167402929551
tis-	0.105428302479	0.770316912457	0.0379667398808	0.0862880451835
meu-	0.816666666667	0.0833333333333	0.0333333333333	0.0666666666667
ped-	0.0285678896823	0.931846870886	0.00111765306404	0.0384675863678
kot-	0.155251778491	0.844748221509	0.0	0.0
bul-	0.105232708672	0.704268772353	0.143085265191	0.0474132537837
ilo-	0.75723830735	0.0200445434298	0.22271714922	0.0
tág-	0.161073951498	0.293064323981	0.123415458208	0.422446266313
dav-	0.0	0.996918335901	0.000770416024654	0.00231124807396
wak-	0.0958904109589	0.876712328767	0.027397260274	0.0
jop-	0.0	0.995495495495	0.0045045045045	0.0
tan-	0.484926596645	0.211786620096	0.106882085238	0.196404698021
kuk-	0.441580819005	0.0865931004142	0.229863987975	0.241962092605
ema-	0.0196078431373	0.941176470588	0.0392156862745	0.0
bil-	0.0996445625081	0.624761122811	0.0207583646934	0.254835949988
nea-	0.646946583704	0.212610071886	0.0543580085001	0.0860853359103
aga-	0.228571428571	0.771428571429	0.0	0.0
ipi-	0.548703421225	0.404227500545	0.0209195903247	0.0261494879059
inu-	0.681423709792	0.152206443149	0.10355967542	0.0628101716391
lah-	0.0338933950555	0.897252035111	0.0269011600999	0.0419534097333
ngu-	0.0244585236482	0.943568587005	0.00265212907028	0.029320760277
sák-	0.120006009934	0.798202184413	0.0482705738281	0.0335212318251
urá-	0.142959256612	0.835596854896	0.0142959256612	0.00714796283059
