-ینش	0.226682408501	0.672772974826	0.0251361541684	0.0754084625053
-زشی	0.328077622802	0.408126137053	0.0545785324439	0.209217707702
-حیۀ	0.509090909091	0.454545454545	0.0	0.0363636363636
-ینا	0.304100790514	0.333498023715	0.337203557312	0.0251976284585
-ربۀ	0.407862407862	0.238329238329	0.14742014742	0.206388206388
-ینت	0.400196656834	0.599803343166	0.0	0.0
-حیی	0.0183501006036	0.942535211268	0.0264788732394	0.0126358148893
-طره	0.0	0.978021978022	0.021978021978	0.0
-رید	0.533765225602	0.169325525615	0.0528474965262	0.244061752257
-ریج	0.751879699248	0.0902255639098	0.112781954887	0.0451127819549
-ریح	0.349315068493	0.157534246575	0.123287671233	0.369863013699
-ریت	0.139393939394	0.492424242424	0.305303030303	0.0628787878789
-ریب	0.69288718399	0.198733650691	0.0681702638998	0.0402089014189
-ریا	0.0629320619786	0.892014302741	0.0414779499404	0.00357568533969
-لبی	0.208955223881	0.595866819747	0.0941446613089	0.101033295063
-ریغ	0.437219730942	0.152466367713	0.248878923767	0.161434977578
-دلم	0.316614420063	0.329153605016	0.0282131661442	0.326018808777
-ریض	0.00669642857144	0.09375	0.819196428571	0.0803571428571
-ئمی	0.591111111111	0.133333333333	0.182222222222	0.0933333333333
-ریص	0.21897810219	0.671532846715	0.109489051095	0.0
-ریز	0.646003262643	0.324089178902	0.0179445350734	0.0119630233823
-ریس	0.0816326530612	0.809523809524	0.0408163265306	0.0680272108843
-ریر	0.0168499882986	0.190966534051	0.777907793119	0.0142756845308
-رغی	0.159630785937	0.840369214063	0.0	0.0
-رین	0.112421015907	0.265224260467	0.520797923543	0.101556800084
-ریه	0.361301937746	0.603970246838	0.0228834036102	0.0118444118065
-طرح	0.645348837209	0.191860465116	0.0406976744186	0.122093023256
-ریم	0.236995420331	0.378919013376	0.037455035823	0.34663053047
-ریق	0.106342780027	0.470310391363	0.0296896086369	0.393657219973
-هبر	0.246981339188	0.6048298573	0.121844127333	0.02634467618
-ریف	0.483321087436	0.136370315944	0.208082292432	0.172226304188
-فدا	0.63168647286	0.2939635682	0.04034493896	0.0340050199806
-طرز	0.178743961353	0.351851851852	0.311594202899	0.157809983897
-یدا	0.767246802265	0.129586915496	0.00880687775215	0.0943594044873
-بعۀ	0.158415841584	0.683168316832	0.128712871287	0.029702970297
-لمۀ	0.291935483871	0.401612903226	0.137096774193	0.16935483871
-ینِ	0.368974925295	0.272443809276	0.296219306223	0.0623619592049
-بُت	0.115845539281	0.796271637816	0.0878828229028	0.0
-لمی	0.256563245823	0.477326968974	0.212410501193	0.0536992840096
-هین	0.539170506912	0.400921658986	0.0276497695852	0.0322580645161
-ینم	0.686882655077	0.0933425523508	0.031706835243	0.188067957329
-ینه	0.239701410008	0.65551562068	0.0599944705557	0.0447884987559
-نشو	0.772151898734	0.170886075949	0.0189873417722	0.0379746835443
-ربی	0.295774647887	0.532863849765	0.075117370892	0.0962441314554
-لما	0.021568627451	0.9	0.0470588235295	0.0313725490196
-شتر	0.0738531824205	0.0890085979141	0.246394051642	0.590744168024
-لمت	0.0	0.952380952381	0.047619047619	0.0
-شوا	0.0	0.867491166078	0.0	0.132508833922
-لمس	0.960645812311	0.020517995291	0.00201816347125	0.016818028927
-حین	0.824324324324	0.155405405405	0.0	0.0202702702703
-حیه	0.114523121387	0.792268786127	0.0184248554913	0.0747832369942
-حیل	0.196261682243	0.803738317757	0.0	0.0
-حیم	0.0874233128834	0.153374233129	0.75	0.00920245398772
-ینک	0.369047619048	0.361111111111	0.0	0.269841269841
-ربن	0.107481784254	0.749209170073	0.143309045673	0.0
-ربه	0.279441117764	0.601463739188	0.0831669993347	0.0359281437126
-صحت	0.382165605096	0.292993630573	0.248407643312	0.0764331210191
-لبه	0.779232111693	0.164921465969	0.0314136125654	0.0244328097731
-ریگ	0.00446428571428	0.946428571429	0.0446428571428	0.00446428571429
-کفن	0.223039215686	0.767156862745	0.0	0.00980392156863
-ریک	0.432529101905	0.309163035703	0.14333094882	0.114976913572
-ؤال	0.801950805768	0.138252756573	0.00127226463104	0.058524173028
-طری	0.163636363636	0.636363636364	0.163636363636	0.0363636363636
-مُس	0.0131578947368	0.973684210526	0.0	0.0131578947368
-مُر	0.0	1.0	0.0	0.0
-خطِ	0.447058823529	0.223529411765	0.235294117647	0.0941176470588
-یند	0.602261194838	0.161169993551	0.0247497262148	0.211819085396
-بعد	0.0448450098996	0.0499978139619	0.116671975616	0.788485200522
-ُلک	0.192743764172	0.807256235828	0.0	0.0
-اصۀ	0.0995850622407	0.626556016598	0.0	0.273858921162
-ریخ	0.05359317905	0.7856272838	0.0876979293545	0.0730816077954
-خطا	0.240663900415	0.435684647303	0.201659751037	0.121991701245
-ریۀ	0.0294117647059	0.941176470588	0.0	0.0294117647059
-خطر	0.207937028534	0.736962938669	0.0157428665136	0.039357166284
-لبش	0.106382978723	0.191489361702	0.127659574468	0.574468085106
-کفر	0.485798816568	0.347928994083	0.0834319526628	0.0828402366864
-ُلش	0.167832167832	0.825174825175	0.0	0.00699300699301
-بعل	0.0	0.925925925926	0.0	0.0740740740741
-ثَل	0.0520939924463	0.893132895496	0.041303094011	0.0134700180468
-صَح	0.00530839231547	0.972699696663	0.00606673407482	0.0159251769464
-جفا	0.944099378882	0.0508187464709	0.00508187464709	0.0
-گُم	0.455555555556	0.333333333333	0.122222222222	0.0888888888889
-طرف	0.209541586292	0.251762840902	0.0205780016105	0.518117571195
-لمه	0.257219121572	0.629944188304	0.0509585052172	0.0618781849066
-ظلم	0.641428571429	0.154285714286	0.131428571429	0.0728571428571
-جفت	0.0247933884298	0.95041322314	0.0	0.0247933884298
-زشت	0.15206185567	0.395189003437	0.40764604811	0.0451030927835
-ربت	0.138888888889	0.703703703704	0.0833333333333	0.0740740740741
-ینۀ	0.358678367395	0.589375110431	0.0408151245656	0.0111313976088
-صحن	0.203125	0.765625	0.0	0.03125
-حیت	0.246212121212	0.503787878788	0.174242424242	0.0757575757576
-حیث	0.334140435835	0.384987893462	0.222760290557	0.0581113801453
-ینی	0.358980998932	0.388642518801	0.165085941799	0.0872905404676
-لشی	0.0	1.0	0.0	0.0
-کتا	0.048439181916	0.0775026910656	0.463939720129	0.410118406889
-مثل	0.0749013675061	0.027824745632	0.0160185102785	0.881255376583
-فسد	0.10094637224	0.0378548895899	0.652996845426	0.208201892744
-فسخ	0.510638297872	0.109422492401	0.0364741641337	0.343465045593
-کتب	0.495826377296	0.373956594324	0.0651085141903	0.0651085141903
-کتر	0.219210623093	0.247249306736	0.349862341096	0.183677729075
-میق	0.117734724292	0.0581222056632	0.730253353204	0.0938897168405
-مین	0.0586631746717	0.523891233052	0.107686570035	0.309759022241
-میه	0.0	1.0	0.0	0.0
-وزه	0.0953469048608	0.473826339842	0.0465309513918	0.384295803905
-وزن	0.128958100427	0.742083799147	0.0694389771528	0.0595191232739
-یسِ	0.0151770657673	0.935919055649	0.0134907251265	0.035413153457
-داغ	0.396078431373	0.470588235294	0.117647058823	0.0156862745098
-رقۀ	0.051266883565	0.83469716389	0.0190607644024	0.0949751881429
-دار	0.374311235804	0.351796219151	0.169414090656	0.104478454389
-داس	0.0615679590967	0.778653600341	0.130379207499	0.0293992330634
-داز	0.612980678575	0.350588945178	0.001583929402	0.0348464468441
-لپی	0.0	0.990243902439	0.009756097561	0.0
-داب	0.20823740087	0.738040419545	0.0306983883346	0.023023791251
-داث	0.803921568627	0.176470588235	0.0	0.0196078431372
-دات	0.190199637024	0.578584392015	0.0744101633394	0.156805807622
-یسه	0.0664286682634	0.907948845407	0.0183017759501	0.00732071038004
-داد	0.216207239633	0.0735171777741	0.00573346531548	0.704542117277
-یسم	0.952762209768	0.0293568187884	0.00987456631972	0.0080064051241
-جست	0.794952681388	0.110410094637	0.0567823343848	0.0378548895899
-یسو	0.0	0.9875	0.0	0.0125
-جسد	0.0683411214953	0.901869158879	0.00700934579439	0.0227803738318
-یسر	0.424	0.144	0.12	0.312
-شفه	0.0704845814978	0.84140969163	0.0484581497797	0.0396475770925
-ُلب	0.114285714286	0.8	0.0	0.0857142857143
-داً	0.276339247814	0.159521181764	0.039477035402	0.52466253502
-یسا	0.0109055262835	0.907731895601	0.0183801004779	0.0629824776375
-جسم	0.0313758869743	0.854232858432	0.0849763605555	0.0294148940385
-یست	0.290734228856	0.0417587413805	0.0144691274082	0.653037902355
-داق	0.345098039216	0.513725490196	0.0470588235294	0.0941176470588
-دام	0.217519374699	0.316851701267	0.0342687399393	0.431360184094
-دال	0.189830508475	0.427118644068	0.230508474576	0.152542372881
-دان	0.0782850550487	0.812172188067	0.0584293168903	0.0511134399943
-کتم	0.217391304348	0.391304347826	0.0	0.391304347826
-میع	0.0351519589894	0.0710362504577	0.0285609666789	0.865250823874
-فسق	0.0363636363636	0.890909090909	0.0	0.0727272727272
-میز	0.183522061695	0.520109332292	0.233502538071	0.0628660679422
-رکی	0.497899159664	0.306722689076	0.0882352941177	0.107142857143
-میر	0.0617944147356	0.877599524658	0.0606060606061	0.0
-وزش	0.270072992701	0.554744525548	0.14598540146	0.0291970802919
-میش	0.285923753666	0.538123167156	0.175953079179	0.0
-میت	0.231702385766	0.464213505863	0.158916295997	0.145167812374
-ایب	0.0398230088495	0.890012642225	0.0701643489254	0.0
-میخ	0.302013422819	0.446308724832	0.0251677852349	0.226510067114
-مید	0.627652325723	0.326695076002	0.0191707764441	0.0264818218315
-وزد	0.520619877049	0.277663934426	0.0902920081968	0.111424180328
-فسِ	0.137195121951	0.52743902439	0.262195121951	0.0731707317073
-پدر	0.0406104999239	0.946385393835	0.000775237149796	0.0122288690911
-اصل	0.323045423523	0.548646394176	0.04754682642	0.0807613558808
-میا	0.0	0.962962962963	0.0	0.037037037037
-وزا	0.186046511628	0.784053156146	0.0299003322259	0.0
-ُلِ	0.117511520737	0.86866359447	0.0138248847926	0.0
-اکش	0.223844282238	0.411192214112	0.350364963504	0.014598540146
-رکب	0.131086142322	0.831460674157	0.0374531835206	0.0
-رکت	0.588321753073	0.273124888651	0.0349189381792	0.103634420096
-رکش	0.222222222222	0.243986254295	0.455899198167	0.077892325315
-وزی	0.101061548359	0.661376796054	0.0349560368861	0.2026056187
-رکس	0.106954959903	0.33923113777	0.00951955140501	0.544294350922
-رکز	0.257142857143	0.657142857143	0.0428571428571	0.0428571428571
-وزۀ	0.170529728782	0.738684660211	0.0723831222889	0.0184024887175
-نرو	0.55585106383	0.18085106383	0.231382978723	0.031914893617
-اید	0.398088227785	0.064428182835	0.0230868666915	0.514396722689
-هیِ	0.154516640254	0.667194928685	0.0	0.178288431062
-رقه	0.471128514993	0.413311660575	0.02222304316	0.0933367812721
-ایز	0.2493777999	0.12543554007	0.518168242907	0.107018417123
-سّی	0.0	1.0	0.0	0.0
-یسۀ	0.0599078341014	0.807987711214	0.0276497695852	0.1044546851
-َکی	0.0	1.0	0.0	0.0
-اصر	0.482678983834	0.378752886836	0.0831408775982	0.0554272517321
-ِنس	0.121951219512	0.878048780488	0.0	0.0
-ژاد	0.202923473775	0.559759243336	0.196044711952	0.0412725709372
-تام	0.059829059829	0.931623931624	0.00854700854701	0.0
-جشن	0.217821782178	0.673267326733	0.0816831683168	0.0272277227723
-حمق	0.0971223021583	0.438848920863	0.425899280576	0.0381294964029
-رقص	0.273927392739	0.646864686469	0.0792079207921	0.0
-دای	0.0426150206206	0.83371175398	0.0263973517252	0.0972758736744
-طرب	0.700843608047	0.143413367943	0.0778715120052	0.0778715120052
-رکه	0.0265126940881	0.26402925513	0.0175308426215	0.69192720816
-گند	0.430423384925	0.486892663483	0.0188530182785	0.0638309333142
-کتی	0.187056037885	0.701657458564	0.0307813733228	0.0805051302289
-گنج	0.0286843260647	0.95492463047	0.0163910434655	0.0
-خمی	0.55400460767	0.294213308036	0.144192980079	0.00758910421466
-میک	0.0799716212903	0.0534865644546	0.0131460199381	0.853395794317
-نرا	0.287845303867	0.0988950276243	0.0211786372007	0.592081031308
-اصد	0.251828631139	0.685475444096	0.0407523510972	0.0219435736677
-تعل	0.186528497409	0.683937823834	0.113989637306	0.0155440414508
-هار	0.0794322369319	0.113416132114	0.0107820390337	0.79636959192
-کرش	0.565217391304	0.322463768116	0.101449275362	0.0108695652174
-زاد	0.44411222609	0.139176735613	0.396149907844	0.0205611304526
-غیر	0.0595214026348	0.565574632237	0.073026938287	0.301877026841
-پیش	0.0582488039999	0.0308442142369	0.0071640108869	0.903742970876
-زات	0.168034834749	0.707545149547	0.103719037761	0.0207009779428
-لان	0.105471709108	0.707732649613	0.131460870579	0.055334770701
-جزء	0.62462006079	0.145896656535	0.080547112462	0.148936170213
-لال	0.108512593836	0.769002321665	0.112603399087	0.00988168541177
-لام	0.35135530548	0.595211873091	0.0128043921981	0.0406284292301
-لاق	0.331712672522	0.483531994981	0.113237139272	0.0715181932246
-غیظ	0.0511363636363	0.772727272727	0.176136363636	0.0
-لاف	0.26989869754	0.284515195369	0.0885672937771	0.357018813314
-ضول	0.0864553314121	0.815561959654	0.0979827089337	0.0
-اشت	0.60848244624	0.0655029024252	0.0205220473549	0.30549260398
-زاع	0.343121608682	0.607724225982	0.0229811682094	0.0261729971274
-اشد	0.580140098561	0.0479025618258	0.0112568551031	0.36070048451
-کرد	0.154006575599	0.0176220543931	0.00167829089458	0.826693079114
-هات	0.131086142322	0.846441947565	0.00749063670413	0.0149812734083
-پشم	0.00930232558139	0.972093023256	0.0186046511628	0.0
-زار	0.227982087122	0.231698615385	0.0246893043657	0.515629993127
-پشه	0.744759102611	0.222140492828	0.0	0.0331004045605
-اشا	0.511434511435	0.413721413721	0.037422037422	0.037422037422
-لقه	0.268845545598	0.699525566684	0.0158144438587	0.0158144438587
-لِج	0.0	1.0	0.0	0.0
-ّای	0.166259168704	0.771393643032	0.0623471882641	0.0
-خنی	0.300626304802	0.549060542797	0.0125260960334	0.137787056367
-لوی	0.222846920521	0.555328392538	0.0506005622285	0.171224124713
-ظمت	0.194318181818	0.539772727273	0.197727272727	0.0681818181818
-لقب	0.695159789016	0.220446788706	0.0	0.0843934222774
-لقت	0.194059405941	0.755115511551	0.0217821782179	0.0290429042904
-ائی	0.289019429606	0.39611712152	0.0649808784685	0.249882570405
-لاخ	0.0152020219246	0.395086210917	0.574509745234	0.0152020219246
-لاد	0.167589897662	0.789691108816	0.013144305699	0.0295746878227
-لاح	0.423994546694	0.201090661213	0.188820722563	0.18609406953
-ضور	0.100976371094	0.295996515553	0.0520489274437	0.55097818591
-سنگ	0.0607742284786	0.885219274499	0.015836491608	0.0381700054142
-ببی	0.653778558875	0.261862917399	0.0843585237258	0.0
-ثبت	0.215053763441	0.668010752688	0.0161290322581	0.100806451613
-رصت	0.1608040201	0.680737018426	0.0442211055277	0.114237855946
-ضوع	0.375047402351	0.207811907471	0.0233219567691	0.393818733409
-زاف	0.111111111111	0.314814814815	0.296296296296	0.277777777778
-رصد	0.0800627943485	0.0125588697017	0.0	0.90737833595
-کرم	0.225505443235	0.707102125454	0.0	0.0673924313116
-کره	0.0160750167448	0.910582719357	0.0683188211655	0.00502344273275
-غین	0.025137470542	0.0230426813302	0.943964388583	0.00785545954438
-هام	0.377037037037	0.545925925926	0.0325925925926	0.0444444444444
-هال	0.0771208226221	0.899742930591	0.0231362467866	0.0
-پیه	0.0813397129186	0.732057416268	0.143540669856	0.0430622009569
-لاع	0.523461195361	0.18501338091	0.0892060660125	0.202319357716
-هاً	0.276315789474	0.679824561404	0.00877192982456	0.0350877192982
-لاص	0.461403508772	0.357894736842	0.114035087719	0.0666666666666
-اشم	0.35282181357	0.105770450222	0.0700063411541	0.471401395054
-لار	0.33164556962	0.592405063291	0.0	0.0759493670886
-لای	0.0832625318607	0.457731520816	0.052888700085	0.406117247239
-سنه	0.10133060389	0.101330603889	0.797338792221	0.0
-اشک	0.188118811881	0.759075907591	0.036303630363	0.016501650165
-ضوی	0.117903930131	0.81077147016	0.00436681222706	0.0669577874818
-ببر	0.569177699049	0.264683945553	0.0215364534776	0.144601901921
-ظمی	0.0826446280992	0.586776859504	0.247933884298	0.0826446280991
-کاء	0.520599250936	0.123595505618	0.265917602996	0.0898876404494
-صفا	0.24077046549	0.634028892456	0.0529695024077	0.0722311396469
-کات	0.31660812845	0.590065228299	0.0617160060211	0.0316106372303
-کاب	0.473684210526	0.333333333333	0.0350877192982	0.157894736842
-ّاه	0.0	1.0	0.0	0.0
-کاس	0.016875	0.97375	0.005625	0.00375
-کار	0.385200210828	0.343512100268	0.0944760038773	0.176811685027
-خنه	0.573913043478	0.4	0.0260869565217	0.0
-کاش	0.751968503937	0.0433070866142	0.00590551181102	0.198818897638
-ائت	0.571287860133	0.252647131248	0.0960354592465	0.0800295493721
-کاف	0.138996138996	0.559845559846	0.185328185328	0.11583011583
-حسب	0.83305284416	0.111410299562	0.0100976102322	0.0454392460451
-کاه	0.324519230769	0.639423076923	0.0216346153846	0.0144230769231
-کان	0.155030697041	0.506429724264	0.245469569557	0.0930700091385
-کام	0.216211326217	0.736023159037	0.0242446173331	0.0235208974127
-زرگ	0.0539496735149	0.0762462175506	0.79646440516	0.0733397037745
-نچه	0.058311217369	0.234606356553	0.0068885790467	0.700193847031
-ائن	0.353233830846	0.597014925373	0.00995024875621	0.0398009950248
-ائل	0.274436090226	0.5	0.157894736842	0.0676691729323
-ائم	0.270731118797	0.347060242902	0.366283278372	0.0159253599292
-ائف	0.333333333333	0.638888888889	0.0277777777778	0.0
-چنگ	0.286114221724	0.700447928331	0.003359462486	0.010078387458
-خند	0.572549019608	0.294117647059	0.101960784314	0.0313725490196
-زای	0.388059701492	0.515458422175	0.045842217484	0.0506396588486
-سند	0.597346665202	0.259847008061	0.0701832098232	0.0726231169132
-لاک	0.6802565539	0.222906924897	0.06802565539	0.0288108658123
-اشی	0.30237700387	0.359314538419	0.0880781278791	0.250230329832
-مَک	0.0	1.0	0.0	0.0
-گِل	0.0528052805281	0.881188118812	0.019801980198	0.0462046204621
-کری	0.324145310228	0.45334816326	0.0851568187886	0.137349707724
-های	0.128954957835	0.376675320308	0.0355542314119	0.458815490445
-جذب	0.820895522388	0.089552238806	0.0	0.089552238806
-ودۀ	0.35254691689	0.422252010724	0.112600536193	0.112600536193
-هلی	0.5625	0.270833333333	0.166666666667	0.0
-تبی	0.393939393939	0.121212121212	0.020202020202	0.464646464646
-تبۀ	0.0573520439292	0.873093349603	0.0622330689445	0.00732153752286
-ودی	0.198135333408	0.416155820112	0.0702526655787	0.315456180901
-ششی	0.312883435583	0.478527607362	0.0687116564417	0.139877300613
-سِر	0.223880597015	0.582089552239	0.194029850746	0.0
-هدی	0.0891395455438	0.85413528911	0.0324143801977	0.0243107851483
-حشت	0.376827896513	0.383577052868	0.19235095613	0.0472440944882
-سست	0.343465045593	0.373860182371	0.227963525836	0.0547112462006
-ملل	0.206422018349	0.660550458716	0.0779816513761	0.0550458715596
-وسط	0.262476396008	0.272997032641	0.0291340706772	0.435392500674
-ارم	0.364959085847	0.0597976080957	0.038202682419	0.537040623638
-قتم	0.0285714285714	0.647619047619	0.180952380952	0.142857142857
-قتل	0.585711125857	0.353240433532	0.00862641008626	0.0524220305242
-متر	0.110804746208	0.271833134042	0.322531653151	0.294830466599
-وست	0.641203411908	0.194440942897	0.0676919198286	0.0966637253666
-وسا	0.0	1.0	0.0	0.0
-مته	0.39603960396	0.544554455446	0.0594059405941	0.0
-وسِ	0.00589390962671	0.808447937132	0.0943025540275	0.0913555992141
-وسن	0.18018018018	0.81981981982	0.0	0.0
-وسه	0.590208522212	0.345421577516	0.0540948927168	0.0102750075552
-وسل	0.288888888889	0.444444444444	0.133333333333	0.133333333333
-وسم	0.195180117987	0.708798795029	0.0809589556922	0.0150621312916
-وسف	0.0190220621954	0.975882742574	0.00407615618472	0.00101903904618
-هلک	0.0899999999999	0.835	0.075	0.0
-ردی	0.122455082583	0.625919038807	0.0524454544813	0.199180424129
-ودک	0.0538780343398	0.937240970989	0.0071047957371	0.00177619893428
-رُخ	0.448548812665	0.306068601583	0.166226912929	0.0791556728232
-رُس	0.00543750447163	0.962152107033	0.00343421335051	0.0289761751449
-ِهر	0.0898876404494	0.792134831461	0.0421348314607	0.0758426966292
-غرب	0.0209217526451	0.963735628749	0.00836870105803	0.00697391754836
-هلو	0.0344827586207	0.293103448276	0.0	0.672413793103
-حفظ	0.735172981878	0.119439868204	0.116968698517	0.0284184514003
-ودن	0.4088794926	0.283298097252	0.0397463002115	0.268076109937
-وده	0.543984165937	0.150846380769	0.0944398912589	0.210729562036
-ششم	0.0	0.0636942675159	0.885350318471	0.0509554140127
-ودم	0.250184321819	0.0837574790805	0.0640809535947	0.601977245506
-جیب	0.0487875707855	0.219398867431	0.701321330042	0.030492231741
-جید	0.46741447174	0.483361077835	0.0296217931764	0.0196026572491
-تبه	0.0802139037433	0.262032085561	0.0249554367201	0.632798573975
-جیر	0.0110073382255	0.958972648432	0.0290193462308	0.00100066711141
-جدا	0.50446546998	0.129984967725	0.09461490848	0.270934653816
-جیع	0.304964539007	0.439716312057	0.255319148936	0.0
-بیا	0.769521043606	0.144928851546	0.00601860034105	0.0795315045069
-قتی	0.142647518473	0.0119262640265	0.0045214104892	0.840904807011
-بید	0.500685703716	0.328596199664	0.0694668646517	0.101251231969
-بیخ	0.480891719745	0.235668789809	0.207006369427	0.0764331210191
-بیث	0.168674698795	0.650602409639	0.168674698795	0.0120481927711
-بیت	0.150593990217	0.759958071279	0.0153738644305	0.0740740740742
-بیب	0.0	0.99036918138	0.00963081861958	0.0
-بیش	0.0487849610271	0.0258596973865	0.419715726731	0.505639614856
-نزد	0.0826286542643	0.022503710351	0.0115279743209	0.883339661064
-قدم	0.7005674378	0.127455259712	0.0471409864688	0.124836316019
-بیه	0.428191489362	0.205082742317	0.0712174940898	0.295508274232
-بین	0.272425171965	0.119887525562	0.0151050381112	0.592582264361
-بیم	0.34551041311	0.183680437009	0.255377261864	0.215431888016
-بیل	0.100660732915	0.599001851556	0.12072708817	0.179610327359
-َین	0.684210526316	0.315789473684	0.0	0.0
-متی	0.166772690218	0.768708444658	0.0271137562024	0.0374051089215
-نزه	0.461538461538	0.179487179487	0.128205128205	0.230769230769
-نزن	0.761235955056	0.22191011236	0.0	0.0168539325843
-وسی	0.0462187564938	0.941138010746	0.00587007235302	0.00677316040733
-آئی	0.791666666667	0.0	0.0208333333333	0.1875
-مرگ	0.160603683211	0.625774217524	0.178503592369	0.0351185068957
-بول	0.621765308737	0.155457340507	0.0634127594158	0.15936459134
-وسۀ	0.0760233918129	0.865497076023	0.0584795321637	0.0
-ارا	0.116144975288	0.243822075783	0.0222405271829	0.617792421746
-هلت	0.35644830434	0.48051256094	0.115086448038	0.0479526866824
-آقا	0.0568720379147	0.913962814437	0.0	0.0291651476486
-جین	0.0758426966292	0.921348314607	0.0	0.00280898876404
-جیل	0.0194509803922	0.712	0.242117647059	0.026431372549
-ودت	0.0703754521642	0.157602594487	0.168317325683	0.603704627666
-ودش	0.077288618852	0.0974848104273	0.15396626048	0.671260310241
-تبر	0.284916201117	0.614525139665	0.0335195530726	0.0670391061453
-غرق	0.685164631891	0.244543100259	0.0303366629671	0.0399556048835
-تبش	0.3	0.563636363636	0.0	0.136363636364
-چیک	0.0997920997921	0.485446985447	0.0280665280665	0.386694386694
-عیا	0.010593220339	0.983050847458	0.0	0.00635593220339
-گتر	0.00808537781916	0.00915619916192	0.894396793995	0.0883616290237
-صدت	0.526315789474	0.105263157895	0.157894736842	0.210526315789
-صدا	0.658026755853	0.289018952062	0.0200668896321	0.0328874024526
-عید	0.0274269776091	0.923762299527	0.026187340203	0.0226233826606
-عیت	0.0285812320227	0.87724306093	0.0545343047789	0.039641402269
-اور	0.731137523535	0.187222765631	0.029883214909	0.051756495925
-اوز	0.515519568151	0.287449392712	0.0283400809717	0.168690958165
-اوس	0.00292255236239	0.992693619094	0.0	0.00438382854359
-عیض	0.162872154116	0.653239929947	0.120840630473	0.0630472854641
-عیش	0.235294117647	0.411764705882	0.0882352941177	0.264705882353
-اود	0.0	0.99791086351	0.00139275766017	0.000696378830085
-اوت	0.4052998071	0.447071712027	0.0699898814614	0.0776385994119
-عیر	0.0	1.0	0.0	0.0
-خره	0.342701968771	0.507535641548	0.0750848608282	0.0746775288527
-صدر	0.135660010174	0.620151971511	0.189924014244	0.0542640040698
-خرم	0.125	0.0625	0.0	0.8125
-هبی	0.016393442623	0.770491803279	0.180327868852	0.0327868852459
-تکب	0.626855750055	0.146465765566	0.141812541547	0.0848659428318
-رشد	0.765076754386	0.092927631579	0.0197368421053	0.12225877193
-بخت	0.561268209083	0.134532990574	0.282776349614	0.0214224507284
-رشت	0.15347137637	0.566382460414	0.243605359318	0.0365408038977
-ؤسا	0.214285714286	0.657142857143	0.0285714285714	0.1
-ارت	0.264751093434	0.523933813642	0.185282169599	0.0260329233252
-یرۀ	0.0410074265418	0.892476590249	0.027445915402	0.0390700678076
-یری	0.266568574733	0.476121645524	0.182029119818	0.0752806599248
-مفت	0.234627040766	0.256525564571	0.0791866262587	0.429660768404
-سمی	0.479338842975	0.297520661157	0.173553719008	0.0495867768595
-تکه	0.490241102181	0.475315729047	0.0137772675086	0.0206659012629
-اصی	0.181698917678	0.274188258445	0.16857986225	0.375532961627
-جری	0.228317470006	0.723615694203	0.0160222785969	0.0320445571938
-عین	0.358245149912	0.26278659612	0.134038800705	0.244929453263
-نجش	0.378706199461	0.464959568733	0.0956873315364	0.0606469002695
-عیف	0.0186843129623	0.0587777345271	0.91553133515	0.00700661736084
-رتش	0.333333333333	0.627450980392	0.0294117647059	0.00980392156863
-خرس	0.0	0.756097560976	0.19512195122	0.0487804878049
-صدم	0.520383693046	0.302158273381	0.0479616306954	0.129496402878
-رتر	0.259448574969	0.235594795539	0.305142503098	0.199814126394
-خرت	0.22965302736	0.137249437757	0.617137092827	0.0159604420559
-تپه	0.038854805726	0.926380368098	0.0224948875256	0.0122699386503
-رتب	0.786650774732	0.0131108462455	0.200238379023	0.0
-خرد	0.879120879121	0.120879120879	0.0	0.0
-خرج	0.460837887067	0.462659380692	0.0655737704918	0.0109289617486
-اول	0.0457496828122	0.158967087096	0.38278976043	0.412493469662
-رتا	0.00556586270872	0.930426716141	0.0	0.0640074211503
-یقه	0.0287631831256	0.773729626079	0.0862895493768	0.111217641419
-محل	0.129254760834	0.542210226421	0.0160443844654	0.31249062828
-چید	0.531599416626	0.363393291201	0.048128342246	0.0568789499271
-محو	0.569014084507	0.317370892019	0.0798122065727	0.0338028169014
-رتی	0.152110602618	0.659711332288	0.0441322366947	0.144045828399
-چیز	0.103986421699	0.727816781105	0.0175514972502	0.150645299946
-سمت	0.120332792208	0.570819805195	0.0543831168832	0.254464285714
-چاق	0.306215444438	0.608724709885	0.0850598456771	0.0
-چاه	0.0200474808757	0.760485360063	0.0580321814825	0.161434977578
-یرم	0.536186678249	0.255537568603	0.0615943459549	0.146681407194
-جرا	0.683375455678	0.211794976079	0.0560979851676	0.0487315830749
-چرا	0.0258449910091	0.0140806436866	0.00128005851696	0.958794306787
-چرب	0.534351145038	0.376590330789	0.089058524173	0.0
-سمش	0.45013477089	0.412398921833	0.0404312668464	0.0970350404312
-یرو	0.451256558962	0.310135321734	0.124275062138	0.114333057167
-جرت	0.314189189189	0.391891891892	0.0202702702703	0.273648648649
-شُل	0.48322147651	0.51677852349	0.0	0.0
-رشی	0.317427385892	0.589211618257	0.0684647302904	0.0248962655602
-جرم	0.229787234043	0.33829787234	0.248936170213	0.182978723404
-جره	0.169811320755	0.748427672956	0.0377358490566	0.0440251572327
-چار	0.416338582677	0.243897637795	0.112992125984	0.226771653543
-یرد	0.693513594249	0.134289904995	0.0366588641674	0.135537636588
-خرچ	0.284622731614	0.4517669532	0.206303724928	0.0573065902579
-عبد	0.0996677740864	0.880398671096	0.0	0.0199335548173
-یرت	0.626329787234	0.236258865248	0.108156028369	0.0292553191489
-صدی	0.0807017543859	0.624561403509	0.147368421053	0.147368421053
-گنگ	0.3030961434	0.0945138511679	0.602390005432	0.0
-سزا	0.293694068678	0.472049947971	0.0786680541103	0.15558792924
-چین	0.223371251293	0.58841778697	0.154084798345	0.034126163392
-اوی	0.0889656661628	0.856618440942	0.0246167134528	0.0297991794429
-محض	0.214087737743	0.237790308707	0.0444423205581	0.503679632992
-لبس	0.582627118644	0.222457627119	0.182203389831	0.0127118644068
-قَل	0.0	1.0	0.0	0.0
-تیک	0.110091743119	0.889908256881	0.0	0.0
-لکت	0.0877107494396	0.614072702466	0.0	0.298216548095
-نسل	0.0925006532532	0.867520250849	0.00156780768226	0.0384112882153
-بِل	0.0271047227926	0.887474332649	0.0246406570842	0.0607802874743
-ضرم	0.264803725882	0.0951430472389	0.550898203593	0.0891550232867
-تای	0.244156928214	0.553283249861	0.037979966611	0.164579855314
-ُلی	0.250671441361	0.570277529096	0.179051029543	0.0
-رَح	0.0	1.0	0.0	0.0
-حسی	0.0991379310345	0.629310344828	0.219827586207	0.051724137931
-ِلس	0.037037037037	0.962962962963	0.0	0.0
-یهی	0.760869565217	0.0326086956522	0.163043478261	0.0434782608695
-ِله	0.0294117647059	0.911764705882	0.0588235294118	0.0
-هید	0.26466079623	0.078861998067	0.0190162826207	0.637460923082
-ضرت	0.338954468803	0.505902192243	0.0404721753794	0.114671163575
-ضرب	0.333333333333	0.575757575758	0.0681818181818	0.0227272727273
-وجی	0.21101992966	0.524032825322	0.229777256741	0.0351699882767
-تاک	0.0	1.0	0.0	0.0
-حیر	0.647058823529	0.250773993808	0.0557275541795	0.0464396284829
-یاه	0.0425659766391	0.730174995542	0.19695782411	0.0303012037093
-دعا	0.683098931903	0.278986032575	0.00483301918709	0.0330820163356
-بِر	0.0	1.0	0.0	0.0
-لکه	0.0220217081239	0.023812173139	0.0055635918549	0.948602526882
-بقۀ	0.149122807018	0.824561403509	0.0263157894737	0.0
-دعت	0.0851063829787	0.81914893617	0.031914893617	0.063829787234
-اخه	0.00430879712747	0.969838420108	0.0	0.0258527827648
-بِت	0.00389863547758	0.966861598441	0.0	0.0292397660819
-نسب	0.12188365651	0.691135734072	0.0775623268698	0.109418282548
-نست	0.519756815388	0.0717513064623	0.082421515547	0.326070362602
-تیا	0.0	1.0	0.0	0.0
-تید	0.636749997818	0.119814226571	0.0251835553793	0.218252220231
-دعی	0.355072463768	0.572463768116	0.0579710144927	0.0144927536232
-تیب	0.260156412209	0.199044916603	0.0318361132258	0.508962557963
-عکس	0.39021027232	0.273698724578	0.0875560151672	0.248534987935
-تیر	0.440677966102	0.305084745763	0.101694915254	0.152542372881
-تیس	0.178571428571	0.767857142857	0.0535714285715	0.0
-تیز	0.0266497461929	0.0748730964467	0.883248730964	0.015228426396
-نسی	0.0252100840336	0.510665804783	0.438914027149	0.0252100840336
-گجو	0.16	0.448	0.392	0.0
-تان	0.0681660816064	0.515015283199	0.0268922791929	0.389926356002
-تاه	0.300771208226	0.025706940874	0.560411311054	0.113110539846
-تاق	0.4046692607	0.338521400778	0.023346303502	0.23346303502
-وجد	0.666666666667	0.0833333333333	0.194444444444	0.0555555555556
-شصت	0.0123839009288	0.0743034055728	0.0	0.913312693498
-ثیر	0.561038961039	0.212987012987	0.038961038961	0.187012987013
-بکن	0.683658170915	0.0749625187406	0.0359820089955	0.205397301349
-تاً	0.165919282511	0.392376681614	0.0134529147982	0.428251121076
-وجه	0.490946627587	0.245854414516	0.106174817709	0.157024140188
-شند	0.625879770647	0.135958998589	0.033975020989	0.204186209775
-تاج	0.245071380014	0.653297076819	0.0649218218899	0.036709721278
-تاح	0.0	1.0	0.0	0.0
-تاخ	0.0460358056266	0.13810741688	0.72378516624	0.0920716112532
-تاد	0.562358331421	0.345911309987	0.00244744820151	0.089282910391
-تاب	0.143826578699	0.831479736098	0.0052780395853	0.0194156456174
-تات	0.0	1.0	0.0	0.0
-یها	0.160297695721	0.723772720767	0.0729927007299	0.0429368827823
-تار	0.455567164795	0.262795749185	0.0590810981729	0.222555987847
-تاز	0.387096774194	0.540322580645	0.0483870967742	0.0241935483871
-تاس	0.585994097129	0.398980413201	0.0	0.01502548967
-چشم	0.19700156487	0.628048375048	0.0275339231049	0.147416136977
-بکس	0.0	0.986486486486	0.0135135135135	0.0
-بکش	0.745526838966	0.184890656064	0.0337972166998	0.0357852882704
-تیم	0.562334265766	0.123467740101	0.0440290191263	0.270168975006
-تیل	0.153844708888	0.780409689023	0.0631157780053	0.00262982408355
-تیه	0.0	0.959044368601	0.0409556313994	0.0
-تین	0.0656763096169	0.523846755278	0.358874120407	0.051602814699
-لکۀ	0.0	1.0	0.0	0.0
-مره	0.14	0.776703296703	0.0714285714286	0.0118681318681
-تیق	0.387559808612	0.33014354067	0.239234449761	0.0430622009569
-لکی	0.0496630010642	0.893579283434	0.0141894288755	0.0425682866264
-بقه	0.254007398274	0.723797780518	0.0221948212084	0.0
-حیح	0.231847133758	0.28152866242	0.371974522293	0.114649681529
-سار	0.357096878017	0.562077566785	0.0613936272932	0.0194319279047
-شمن	0.148316307227	0.745365115399	0.0336738554673	0.0726447219069
-ساس	0.426920298579	0.17385022875	0.124247531905	0.274981940766
-ساز	0.354489164087	0.450464396285	0.0650154798761	0.130030959752
-ُسن	0.333333333333	0.387387387387	0.144144144144	0.135135135135
-دهد	0.445680438244	0.0948557604065	0.0176799679384	0.441783833412
-بخش	0.721555212599	0.139365179667	0.0812361011532	0.0578435065803
-ساد	0.0659920809503	0.834139903212	0.077430708315	0.0224373075231
-بخر	0.737219066436	0.227216596691	0.00592738947889	0.0296369473944
-ساب	0.448675496689	0.366100993377	0.0198675496689	0.165355960265
-دها	0.133236434109	0.617369186046	0.0207122093023	0.228682170543
-سات	0.163636363636	0.434090909091	0.211363636364	0.190909090909
-اتب	0.188966678375	0.163147567194	0.313379522523	0.334506231907
-اؤس	0.34435261708	0.6391184573	0.0165289256198	0.0
-قتش	0.862745098039	0.137254901961	0.0	0.0
-نکر	0.81709039548	0.0720338983051	0.0218926553672	0.0889830508474
-فکر	0.487203630324	0.26678174899	0.0477330090104	0.198281611676
-سری	0.10255839822	0.81957730812	0.0120133481646	0.065850945495
-ورۀ	0.281888653982	0.574348132488	0.076109936575	0.0676532769556
-نکش	0.126315789474	0.105263157895	0.705263157895	0.0631578947368
-وری	0.247869449153	0.340686146547	0.0539165877549	0.357527816545
-آبی	0.220485175202	0.750404312669	0.0129380053908	0.0161725067385
-سلح	0.376146788991	0.596330275229	0.0183486238532	0.0091743119266
-اری	0.263218191218	0.365989791379	0.236287573393	0.13450444401
-یخی	0.127243066884	0.784665579119	0.0880913539967	0.0
-رچه	0.119594538811	0.237993486936	0.0395553992692	0.602856574984
-سام	0.0	0.856236786469	0.131078224101	0.0126849894292
-سال	0.00601178309486	0.979920644463	0.00468919081399	0.00937838162798
-سان	0.0684772563066	0.753707184367	0.11323289668	0.064582662646
-ساق	0.0	1.0	0.0	0.0
-سلط	0.348525469169	0.549597855228	0.0697050938338	0.0321715817694
-دهم	0.232764299809	0.0727586089581	0.0233819736118	0.671095117621
-دهن	0.102362204724	0.865870214499	0.017648655987	0.0141189247896
-سلی	0.287940935193	0.579163248564	0.0516817063166	0.0812141099261
-یخت	0.622630153476	0.15869194503	0.0114354498947	0.2072424516
-سوخ	0.620535714286	0.125	0.174107142857	0.0803571428572
-سلۀ	0.721893491124	0.14201183432	0.0532544378698	0.0828402366864
-ِمِ	0.0	1.0	0.0	0.0
-قفس	0.0689655172414	0.459770114943	0.459770114943	0.0114942528736
-ورز	0.589743589744	0.128205128205	0.025641025641	0.25641025641
-ورس	0.0	1.0	0.0	0.0
-ورش	0.365648517043	0.429393536963	0.0880920761399	0.116865869854
-آبش	0.54	0.26	0.04	0.16
-سرت	0.167172955391	0.584631613905	0.0348704324129	0.213324998291
-سرد	0.307389685171	0.0853723989818	0.571038934277	0.0361989815706
-سرخ	0.00714285714286	0.0857142857144	0.907142857143	0.0
-تَح	0.051724137931	0.948275862069	0.0	0.0
-ورأ	0.31914893617	0.148936170213	0.0	0.531914893617
-میل	0.28971028971	0.537795537796	0.127206127206	0.045288045288
-آبا	0.154639175258	0.381443298969	0.247422680412	0.216494845361
-ورا	0.0290226205719	0.872385830132	0.0128040973111	0.0857874519847
-ورت	0.262031649633	0.335857016212	0.0315884936365	0.370522840519
-سوا	0.436385255648	0.331747919144	0.171224732461	0.0606420927467
-ورح	0.128571428571	0.764285714286	0.0428571428571	0.0642857142857
-ورد	0.48115856507	0.125954933659	0.0310898123978	0.361796688873
-ورِ	0.223076923077	0.230769230769	0.230769230769	0.315384615385
-مرت	0.414519906323	0.28337236534	0.133489461358	0.168618266979
-سرم	0.182764641569	0.604771462607	0.0456911603923	0.166772735432
-ورم	0.527933849253	0.157214035832	0.0381638927171	0.276688222199
-وره	0.089156626506	0.835341365462	0.0377510040161	0.037751004016
-رچۀ	0.0141955835962	0.96214511041	0.0236593059937	0.0
-قفل	0.0995064165843	0.900493583416	0.0	0.0
-ِمش	0.191489361702	0.68085106383	0.0851063829787	0.0425531914894
-رقی	0.298352124892	0.377276669558	0.180398959237	0.143972246314
-دهی	0.469072164948	0.151268834258	0.0428231562252	0.336835844568
-سای	0.0236604036186	0.956854558107	0.00417536534446	0.0153096729297
-آغل	0.514787130322	0.450113747156	0.0	0.0350991225219
-شفا	0.840939824206	0.0547667342799	0.0124239350913	0.0918695064233
-بدش	0.281260702859	0.409605912016	0.0050677604119	0.304065624713
-طول	0.2206750059	0.219966957753	0.359924474864	0.199433561482
-نُس	0.00824175824176	0.983516483516	0.0	0.00824175824176
-وحِ	0.615384615385	0.179487179487	0.102564102564	0.102564102564
-پَر	0.45	0.49	0.06	0.0
-نجا	0.0992253471363	0.0676054658517	0.0119024485037	0.821266738508
-اسی	0.450453347052	0.320879686194	0.0813452511092	0.147321715645
-قُس	0.00232738557021	0.99767261443	0.0	0.0
-نجر	0.615546218487	0.182773109244	0.201680672269	0.0
-نجس	0.29667812142	0.0114547537228	0.651775486827	0.0400916380298
-اسۀ	0.0352941176471	0.941176470588	0.0235294117647	0.0
-ُتا	0.0	1.0	0.0	0.0
-وچه	0.0890346104383	0.876670576652	0.0276996565808	0.00659515632876
-سپر	0.0566037735849	0.905660377359	0.0	0.0377358490566
-نجم	0.0	0.0	1.0	0.0
-نجه	0.543103448276	0.251436781609	0.114942528736	0.0905172413793
-داء	0.537572254335	0.393063583815	0.0346820809248	0.0346820809248
-هشی	0.511904761905	0.392857142857	0.0714285714286	0.0238095238095
-نجِ	0.152336311703	0.790537571408	0.0571261168888	0.0
-ذشت	0.49402546523	0.18041136141	0.0419196865818	0.283643486778
-وحا	0.0	0.93288590604	0.0	0.0671140939597
-یلی	0.128733773526	0.687193999012	0.0775277366034	0.106544490859
-شزد	0.465648854962	0.389312977099	0.0687022900763	0.0763358778626
-یلۀ	0.0478398509527	0.0907101761373	0.00424877161645	0.857201201294
-وحش	0.0232558139535	0.883720930233	0.0	0.093023255814
-سبی	0.415913200723	0.272453285111	0.123568414708	0.188065099458
-طور	0.101166388496	0.237557013026	0.0524543164476	0.60882228203
-طوس	0.0	1.0	0.0	0.0
-اسپ	0.0264462809917	0.950413223141	0.0099173553719	0.0132231404959
-وحی	0.142052836726	0.828064097012	0.00649631875271	0.0233867475098
-شیر	0.0345835362884	0.942847864913	0.0191589543757	0.0034096444228
-یلا	0.0	1.0	0.0	0.0
-لحم	0.207317073171	0.573170731707	0.195121951219	0.0243902439024
-شیت	0.0	1.0	0.0	0.0
-اوه	0.186744476865	0.265944143393	0.110879533139	0.436431846603
-شید	0.587923720724	0.136816139836	0.0356485635888	0.239611575852
-لوب	0.814469869858	0.148908283476	0.0279868007155	0.00863504595077
-گرد	0.194303062672	0.668548867861	0.0114788270871	0.12566924238
-وچک	0.0151542486018	0.0391484755548	0.910337362439	0.0353599134043
-اسِ	0.120689655172	0.81724137931	0.0206896551724	0.0413793103448
-هشت	0.105375199574	0.0989888238424	0.0553485896753	0.740287386908
-ولی	0.0659287927117	0.0518595048764	0.0513790606973	0.830832641715
-اسم	0.633676788482	0.314941229482	0.0235801079887	0.0278018740478
-اسه	0.383916990921	0.600518806745	0.0	0.0155642023346
-نجی	0.191436464088	0.732872928177	0.0563535911601	0.0193370165746
-اسش	0.14983713355	0.390879478827	0.13680781759	0.322475570033
-اسر	0.148553777029	0.146026397079	0.126930637461	0.57848918843
-موم	0.215166230855	0.632424355622	0.103100485618	0.0493089279044
-زبر	0.874066168623	0.0138740661686	0.0	0.112059765208
-اسد	0.706073960529	0.134508526538	0.13757424794	0.0218432649933
-اسب	0.173316173316	0.208065208065	0.516516516516	0.102102102102
-است	0.75217495438	0.0696432508922	0.0301058187189	0.148075976009
-سرا	0.0	1.0	0.0	0.0
-یله	0.238747196579	0.246961873468	0.0319459656809	0.482344964273
-کلم	0.568079350767	0.19477006312	0.166816952209	0.0703336339044
-لزم	0.131578947368	0.315789473684	0.513157894737	0.0394736842105
-لزل	0.499684542587	0.500315457413	0.0	0.0
-شیه	0.386473429952	0.429951690821	0.154589371981	0.0289855072464
-شین	0.508609197698	0.386408290098	0.0682790429787	0.0367034692257
-شیم	0.276110694007	0.146230772063	0.0497537127187	0.527904821212
-توب	0.188679245283	0.415094339623	0.150943396226	0.245283018868
-یشع	0.0	1.0	0.0	0.0
-زنی	0.0116524652247	0.766586555968	0.00990459544098	0.211856383366
-دُر	0.0	1.0	0.0	0.0
-تشی	0.0817518248175	0.877372262774	0.036496350365	0.0043795620438
-دُس	0.0756302521008	0.823529411765	0.100840336134	0.0
-یشب	0.288288288288	0.351351351351	0.261261261261	0.0990990990991
-یشد	0.539877300614	0.269938650307	0.042944785276	0.147239263804
-تور	0.118021730985	0.753465717497	0.120644436118	0.00786811539903
-خول	0.169491525424	0.474576271186	0.305084745763	0.0508474576271
-توس	0.0313536328007	0.956285800422	0.00693397648478	0.00542659029243
-شبی	0.213235294118	0.588235294118	0.0	0.198529411765
-یشا	0.335714285714	0.342857142857	0.0428571428571	0.278571428571
-ندم	0.0965521442495	0.778265107212	0.031067251462	0.0941154970761
-شکر	0.456708407871	0.509838998211	0.00983899821109	0.0236135957066
-تنگ	0.219830067868	0.177207460265	0.521311303802	0.0816511680653
-سدش	0.551020408163	0.244897959184	0.0	0.204081632653
-زون	0.476821192053	0.158550837554	0.240747954811	0.123880015582
-یسد	0.834586466165	0.078947368421	0.0864661654135	0.0
-چکی	0.0344332855093	0.0634146341463	0.836728837877	0.0654232424678
-وعه	0.375	0.54375	0.0	0.08125
-وعظ	0.579661016949	0.310169491525	0.0254237288136	0.0847457627119
-بحث	0.632487059403	0.15651959576	0.00739462657135	0.203598718265
