-cak	0.252204096619	0.0634421971277	0.150554996678	0.533798709575
-cam	0.161752507352	0.412713973305	0.163109871051	0.262423648292
-cap	0.719152854512	0.280847145488	0.0	0.0
-asi	0.390019849513	0.443798181231	0.127867793011	0.0383141762452
-cau	0.558372456964	0.306885758998	0.10641627543	0.0283255086072
-cat	0.11572638975	0.429634221947	0.433285114004	0.0213542742991
-rbi	0.0934065934066	0.898351648352	0.00824175824176	0.0
-btu	0.292655991165	0.690778575373	0.0	0.0165654334622
-aus	0.0490571289402	0.435321132837	0.509359126018	0.00626261220513
-aut	0.0990574363681	0.84061143079	0.0263352984785	0.033995834363
-nsu	0.0481545645922	0.441115204884	0.43630953979	0.0744206907334
-ghi	0.103863819404	0.239735990308	0.0285446759717	0.627855514316
-aud	0.00209059233449	0.990592334495	0.00104529616725	0.00627177700348
-aui	0.353815569667	0.337293115259	0.12773492827	0.181156386804
-auh	0.564971751413	0.237288135593	0.197740112994	0.0
-auk	0.70057825208	0.118988293921	0.0777584504724	0.102675003526
-aum	0.0380455054084	0.959716523685	0.00223797090638	0.0
-aul	0.211624441133	0.456035767511	0.308494783905	0.0238450074516
-pla	0.363054607508	0.370733788396	0.161262798635	0.104948805461
-aun	0.0271839292296	0.944342056764	0.00801695539993	0.0204570586067
-nti	0.513615906245	0.176231854379	0.0472123578719	0.262939881504
-pur	0.452616487455	0.452759856631	0.0520430107527	0.0425806451613
-pus	0.0657475880308	0.916989078799	0.00477496449385	0.0124883686762
-uai	0.26582278481	0.458860759494	0.167721518987	0.107594936709
-uak	0.197217849844	0.123886876493	0.109658941378	0.569236332285
-uam	0.0142517814726	0.900237529691	0.0142517814727	0.0712589073634
-kia	0.0760595001591	0.539809230717	0.0204775577351	0.363653711388
-uan	0.634707418884	0.245343514727	0.0495021196878	0.0704469467012
-uas	0.161058601134	0.606805293006	0.186011342155	0.0461247637051
-wat	0.44966442953	0.510067114094	0.0134228187919	0.0268456375839
-uau	0.0934111458679	0.327063382511	0.143435609381	0.43608986224
-uat	0.530466231727	0.168940371434	0.0936341269931	0.206959269845
-pul	0.415	0.3	0.09	0.195
-pal	0.148172980221	0.773829478154	0.0257011956643	0.0522963459604
-ntu	0.238555280734	0.597289554461	0.0907830547587	0.0733721100462
-puk	0.27829119442	0.684045335658	0.0146469049695	0.023016564952
-nal	0.315527950311	0.233540372671	0.301863354037	0.149068322981
-'il	0.045045045045	0.900900900901	0.036036036036	0.018018018018
-au'	0.484945547726	0.284433055733	0.0922485586163	0.138372837924
-wau	0.16419277634	0.657858546272	0.0575113735309	0.120437303857
-gka	0.565537811488	0.294210509097	0.0875869987058	0.0526646807096
-gki	0.199009948095	0.137702370271	0.0223028390106	0.640984842624
-'tu	0.61744966443	0.342281879195	0.0	0.0402684563758
-gku	0.028175573623	0.0205111791938	0.000955895025168	0.950357352158
-kim	0.0379598987736	0.927973525404	0.0311465836091	0.00291999221335
-imi	0.57759463666	0.316957316853	0.0497619994661	0.0556860470215
-kil	0.520351526364	0.354764107308	0.0832562442183	0.0416281221092
-kis	0.0047885075818	0.985634477255	0.0095770151636	0.0
-lla	0.727291975439	0.215540969723	0.047639212365	0.009527842473
-bir	0.0625	0.931818181818	0.0	0.00568181818181
-bis	0.450281915382	0.209419404088	0.0724428318123	0.267855848717
-eca	0.441176470588	0.352941176471	0.0196078431373	0.186274509804
-ida	0.0408781226344	0.942089326268	0.0113550340651	0.00567751703255
-bid	0.279411764706	0.720588235294	0.0	0.0
-bia	0.0564620720857	0.0828834263308	0.391343688735	0.469310812849
-tla	0.450961585356	0.301285907044	0.125827060946	0.121925446654
-lu'	0.357142857143	0.607142857143	0.0357142857143	0.0
-rid	0.0	1.0	0.0	0.0
-uta	0.0582733979147	0.872060340977	0.00716144830666	0.0625048128013
-hla	0.446368771306	0.299654014462	0.102048960829	0.151928253404
-ria	0.0257307399761	0.824339889167	0.0196674997283	0.130261871129
-ril	0.0	1.0	0.0	0.0
-uti	0.436311277793	0.449857874215	0.0262114176861	0.0876194303063
-rik	0.069176882662	0.147548161121	0.760070052539	0.0232049036778
-hli	0.113069016153	0.447870778267	0.400881057269	0.0381791483113
-a'i	0.666011934475	0.151655411474	0.0281096174996	0.154223036552
-ris	0.0240963855422	0.863453815261	0.0305220883534	0.0819277108433
-rip	0.10571074459	0.544122413957	0.0594622938316	0.290704547621
-utu	0.138539454112	0.178530620039	0.0244608496053	0.658469076243
-lau	0.112697315535	0.0954351207861	0.0786604911402	0.713207072538
-sia	0.202120040109	0.452991452991	0.252860940012	0.0920275668879
-ten	0.0203813111117	0.913263331699	0.0282758442765	0.0380795129124
-jin	0.0847679947533	0.200688637482	0.235120511559	0.479422856206
-jil	0.17640218709	0.6326438886	0.0178134045869	0.173140519723
-pas	0.155411069074	0.775129698013	0.0437688316984	0.0256904012143
-ara	0.070607696326	0.608654013582	0.289395786175	0.0313425039178
-lup	0.0	0.225269343781	0.774730656219	0.0
-pat	0.34820133768	0.147363634747	0.0754425957357	0.428992431837
-lus	0.0390434648252	0.833283810927	0.0213936793563	0.106279044891
-lut	0.0588615562587	0.868837399204	0.034704501378	0.0375965431595
-ari	0.371246673955	0.296260753286	0.0680398708494	0.26445270191
-dum	0.0725125416839	0.920742105601	0.00674535271479	0.0
-lui	0.198764830164	0.203803022916	0.00390053632374	0.593531610597
-luk	0.21577386486	0.766709437624	0.0175166975163	0.0
-lum	0.306391985805	0.0406559716872	0.00683061104112	0.646121431467
-lun	0.0478468899522	0.8995215311	0.0239234449761	0.0287081339713
-lua	0.0671894446427	0.125536340612	0.0131854933463	0.794088721399
-jis	0.0715447154472	0.159349593496	0.70406504065	0.0650406504065
-git	0.147251913533	0.720884661196	0.0624383489214	0.0694250763502
-aya	0.00570843667572	0.968308334318	0.00944844691153	0.0165347820952
-gis	0.614924893135	0.340453187184	0.0257279536897	0.0188939659909
-ayi	0.108413325805	0.833992094862	0.0101637492942	0.0474308300395
-ayu	0.299168903237	0.595939165273	0.0128359718387	0.0920559596509
-mar	0.0	1.0	0.0	0.0
-ak'	0.367521367521	0.427350427351	0.0820512820512	0.123076923077
-na'	0.135149171908	0.802527554966	0.0266605112817	0.0356627618443
-uba	0.636049970256	0.264485425342	0.064009518144	0.0354550862582
-iar	0.519264757865	0.312124425592	0.0212089077413	0.147401908802
-nsi	0.294803817603	0.511134676564	0.0922587486744	0.101802757158
-umu	0.0	0.995726495726	0.0	0.00427350427351
-ija	0.0848742043043	0.906032130949	0.0090936647469	0.0
-uma	0.0452038129014	0.90482523527	0.00297566633671	0.0469952854919
-nua	0.622643173959	0.269385203341	0.0708904593483	0.0370811633514
-umi	0.484854397347	0.488880467369	0.0136578703478	0.0126072649364
-nak	0.511170182605	0.408881019273	0.00754875964421	0.072400038478
ALL	0.210735699544	0.265732185813	0.0494220013192	0.474110113324
-nai	0.0565177757521	0.831358249772	0.0	0.112123974476
-nan	0.228404140167	0.538052045192	0.1345456126	0.0989982020405
-aki	0.260221594916	0.626886477404	0.0513145125819	0.0615774150984
-nam	0.263243148275	0.218019273286	0.145732771797	0.373004806643
-sis	0.0	1.0	0.0	0.0
-sir	0.0116776956014	0.924678863371	0.0478785519658	0.0157648890619
-sip	0.286282473807	0.209033989895	0.0743744158755	0.430309120423
-kin	0.435462842243	0.250760538896	0.227727075185	0.0860495436767
-aka	0.533149342086	0.199027949516	0.0601767226571	0.207645985741
-sit	0.565656565657	0.29797979798	0.030303030303	0.106060606061
-sik	0.0477453580902	0.930655551345	0.0159151193634	0.00568397120121
-kir	0.584525702173	0.278749337573	0.0317965023847	0.10492845787
-sih	0.410430839002	0.426303854875	0.0	0.163265306122
-sin	0.0882352941176	0.485294117647	0.404411764706	0.0220588235294
-sim	0.0480289698548	0.899939646136	0.0160096566183	0.0360217273911
-kit	0.135946842952	0.46663092095	0.212709638448	0.18471259765
-nas	0.117617161573	0.742295532554	0.128501137718	0.0115861681549
-aku	0.0589903538241	0.0334035138383	0.00254628758866	0.905059844749
-nat	0.443790350656	0.434889860733	0.101740802553	0.0195789860583
-nau	0.0776412051664	0.180596628156	0.0392127055413	0.702549461136
-put	0.196016430065	0.723228413954	0.0552820530874	0.0254731028932
-amu	0.033037454915	0.0217048096795	0.00554547914964	0.939712256256
-wua	0.0777642770352	0.314644448302	0.120928079616	0.486663195047
-lku	0.629671034925	0.211979587189	0.0438378568619	0.114511521023
-lki	0.0	1.0	0.0	0.0
-wus	0.0333333333333	0.866666666667	0.0999999999999	0.0
-lka	0.573731823231	0.230086097096	0.0380164052226	0.158165674451
-yau	0.371791525239	0.327076811233	0.0586607603607	0.242470903167
-yat	0.098560837331	0.82817269952	0.0212240151185	0.0520424480302
-yap	0.0405727923627	0.923627684964	0.0214797136038	0.0143198090692
-ha'	0.314410480349	0.403930131004	0.196506550218	0.0851528384279
-bet	0.00980926430518	0.705722070845	0.0	0.28446866485
-nta	0.12583181479	0.786684872265	0.0145171032795	0.0729662096656
-ben	0.0	1.0	0.0	0.0
-bel	0.0657190510567	0.934280948943	0.0	0.0
-yam	0.0362081971335	0.940658788031	0.00301734976113	0.0201156650742
-yal	0.324675324675	0.571428571429	0.0779220779221	0.025974025974
-yan	0.102240454402	0.83338592616	0.0416535184601	0.0227201009782
-rla	0.496069251833	0.239819803904	0.261814327356	0.00229661690663
-yak	0.0744640115767	0.382794535215	0.431776514909	0.110964938299
-sil	0.374381827702	0.435893184864	0.0984983384242	0.0912266490104
-isi	0.110898192086	0.840218921088	0.0167393497489	0.0321435370773
-isa	0.187747035573	0.318181818182	0.375494071146	0.118577075099
-ual	0.785821019426	0.17665615142	0.0295533787149	0.00796945043998
-pak	0.0429985135567	0.701533367167	0.0136632853653	0.241804833911
-upa	0.224626864194	0.731167493031	0.0188818072156	0.0253238355598
-isu	0.297127937337	0.043864229765	0.615143603133	0.043864229765
-upi	0.218980282812	0.699462258514	0.053774148576	0.0277833100976
-jur	0.103888731195	0.274765824581	0.514618223105	0.106727221118
-hab	0.0272108843537	0.959183673469	0.0	0.0136054421769
-jut	0.245130406075	0.536975899637	0.0771706833939	0.140723010895
-hai	0.774821220689	0.125727590221	0.026941626476	0.0725095626143
-mas	0.0868266699509	0.695921917576	0.199516603291	0.0177348091815
-yar	0.586122288743	0.395917165571	0.00382765727746	0.0141328884091
-hal	0.0842064415987	0.57819169577	0.337601862631	0.0
-ham	0.0208262002449	0.934209953633	0.0343512613235	0.0106125847991
-han	0.0500155618769	0.901020320685	0.0140160613603	0.0349480560777
-hap	0.625161290323	0.210322580645	0.0832258064516	0.0812903225806
-ya'	0.840898876404	0.121348314607	0.0161797752809	0.0215730337079
-jua	0.0260810532395	0.0218490460252	0.0896861289462	0.862383771789
-mam	0.015205705352	0.665517315229	0.296704002741	0.0225729766774
-hau	0.108497695629	0.642709092036	0.0321133923864	0.216679819948
-man	0.158377695598	0.416594202823	0.0675091777732	0.357518923806
-jui	0.546304163127	0.361937128292	0.0586236193713	0.0331350892099
-jun	0.913669064748	0.0	0.0	0.0863309352518
-pua	0.339673913044	0.185839371981	0.454559178744	0.0199275362319
-nku	0.121290746724	0.595895100529	0.0568984889451	0.225915663802
-ptu	0.274894583198	0.522149112645	0.0715907511236	0.131365553033
-uni	0.217642022384	0.352245606495	0.0566363547407	0.37347601638
-ung	0.527917814626	0.274647230598	0.0784091947893	0.119025759987
-una	0.0892857142857	0.857142857143	0.0133928571429	0.0401785714286
-wia	0.217078900097	0.557229054396	0.202570125743	0.0231219197642
-nka	0.521315922413	0.322506476487	0.0663802016766	0.0897973994231
-pta	0.0	1.0	0.0	0.0
-hak	0.292328645748	0.45427513339	0.137314592287	0.116081628575
-nla	0.57668806775	0.241489153387	0.0505128234526	0.13130995541
-ia'	0.0	0.896551724138	0.0	0.103448275862
-gad	0.0	1.0	0.0	0.0
-ada	0.0610488843722	0.399085361847	0.0115935934445	0.528272160336
-gan	0.0436384659195	0.0324941914019	0.00993371791931	0.913933624759
-gal	0.353973987189	0.235962056204	0.165985567117	0.24407838949
-gak	0.624430417792	0.136453027334	0.0460845612515	0.193031993623
-gai	0.161016949153	0.771186440678	0.0508474576271	0.0169491525424
-adi	0.407762645305	0.07620664508	0.0122370607486	0.503793648867
-ku'	0.4	0.317647058824	0.0352941176471	0.247058823529
-gau	0.14929448214	0.561048918002	0.125882550785	0.163774049073
-gat	0.601693366632	0.249260590309	0.113012933748	0.0360331093108
-gas	0.25050951087	0.556725543478	0.0959578804348	0.0968070652174
-gar	0.508404600413	0.384842229431	0.0663521085225	0.0404010616337
-gap	0.60162601626	0.202737470413	0.0739940310796	0.121642482248
-ini	0.192619762341	0.111563597231	0.0154352937362	0.680381346692
-lpa	0.0	1.0	0.0	0.0
-ina	0.0160832544939	0.957426679281	0.00946073793756	0.0170293282876
-uis	0.0204081632653	0.979591836735	0.0	0.0
-ing	0.206770449618	0.569711998012	0.142534223824	0.0809833285457
-kni	0.143426294821	0.832669322709	0.0	0.0239043824701
-uil	0.0242214532872	0.955017301038	0.00692041522491	0.0138408304498
-kut	0.438819459942	0.183441196162	0.203548315108	0.174191028788
-kus	0.0198747617751	0.976858154097	0.00326708412741	0.0
-kur	0.685703334611	0.262935990801	0.0321962437716	0.0191644308164
-tku	0.195843869046	0.521037308845	0.03887848115	0.244240340958
-iam	0.18090742703	0.263365764377	0.451786918409	0.103939890184
-ial	0.225529303467	0.55538508745	0.188708192697	0.0303774163854
-ian	0.205436677546	0.239024052436	0.16466951306	0.390869756958
-iah	0.0483870967742	0.427419354839	0.16935483871	0.354838709677
-iak	0.522346895499	0.24043660465	0.0532369972961	0.183979502555
-mtu	0.286291478863	0.544756114199	0.0742090346761	0.0947433722627
-iau	0.12029690354	0.11425972048	0.0112707834913	0.754172592489
-iat	0.138686131387	0.729927007299	0.0656934306569	0.0656934306569
-tka	0.650426234779	0.219812998685	0.048431319413	0.0813294471232
-kub	0.0	0.996632996633	0.00084175084175	0.00252525252525
-ias	0.128613462304	0.647075660382	0.168820629039	0.055490248275
-edu	0.00853080568721	0.991469194313	0.0	0.0
-kun	0.117670472921	0.712540736871	0.120158220763	0.0496305694455
-kum	0.258247204443	0.659392822454	0.0282170697084	0.0541429033945
-kul	0.439407786511	0.371595686346	0.130140742095	0.0588557850485
-gha	0.0682868749124	0.747419375694	0.118027196224	0.0662665531695
-ban	0.307995293382	0.654303739004	0.0229567675404	0.014744200073
-bal	0.868826718122	0.0850258205015	0.00530101099992	0.0408464503763
-bak	0.121499538651	0.358613531669	0.0267060390772	0.493180890602
-bai	0.515721300451	0.420048458272	0.0139294499157	0.0503007913622
-bad	0.107594936709	0.784810126582	0.107594936709	0.0
-mku	0.248815165877	0.684834123223	0.0	0.0663507109005
-gsi	0.0	0.903225806452	0.0967741935484	0.0
-eku	0.59756097561	0.274390243902	0.128048780488	0.0
-bat	0.241339518503	0.69848032322	0.0455783309066	0.0146018273697
-bau	0.497210478141	0.318201630127	0.13566229351	0.0489255982217
-bar	0.230412712425	0.62392407857	0.124475833149	0.0211873758552
-bas	0.0814787900808	0.696702697793	0.206830774821	0.0149877373058
-bap	0.142857142857	0.4	0.428571428571	0.0285714285714
-nya	0.0	1.0	0.0	0.0
-mbu	0.255112370925	0.696294796518	0.0485928325572	0.0
-asa	0.0538951793756	0.778644798993	0.0307972453575	0.136662776274
-hit	0.0849537474042	0.80177458939	0.0339814989616	0.0792901642439
-nyi	0.711563534249	0.259853575368	0.00401163373784	0.0245712566443
-ltu	0.18034858064	0.570709180418	0.0759589042852	0.172983334657
-mba	0.380930221499	0.321960034375	0.0884501856299	0.208659558496
-nyu	0.684674438442	0.291441569519	0.0	0.0238839920387
-lta	0.0	1.0	0.0	0.0
-wan	0.233470156255	0.166669409708	0.0658264181251	0.534034015912
-ba'	0.046511627907	0.953488372093	0.0	0.0
-rat	0.141220552337	0.814510441754	0.0132079972011	0.0310610087083
-rau	0.207465187448	0.420240898916	0.0634586676289	0.308835246008
-gur	0.134374962614	0.821828753275	0.0250086735976	0.0187876105136
-ras	0.08	0.729166666667	0.173333333333	0.0175
-rap	0.0348669888942	0.75593107774	0.209201933365	0.0
-ran	0.127877968761	0.744098971436	0.0663857469595	0.0616373128435
-eri	0.0583065838322	0.823980953936	0.0158298417644	0.101882620467
-iwa	0.0564746149458	0.854535082715	0.0222475755847	0.0667427267542
-ram	0.201246105919	0.27445482866	0.494392523365	0.0299065420561
-rak	0.0796069570701	0.851557984341	0.0593768062634	0.00945825232514
-rai	0.644859295369	0.223354752936	0.0581653002437	0.0736206514513
-era	0.0601750547046	0.886413367814	0.0319275910086	0.021483986473
-iwi	0.0385612991687	0.953460501003	0.0	0.00797819982801
-rab	0.00425531914893	0.970212765957	0.0	0.0255319148936
-as'	0.413033501606	0.297843047269	0.289123451124	0.0
-ugu	0.405467670097	0.594532329903	0.0	0.0
-ata	0.332073689183	0.514879546528	0.0779404818139	0.0751062824752
-uka	0.606722345199	0.216064355972	0.0628402426594	0.114373056169
-ugi	0.254545454545	0.627272727273	0.109090909091	0.00909090909092
-ugh	0.212915763089	0.649576139916	0.0487931957079	0.088714901287
-uju	0.63695349915	0.199907307276	0.0519079252279	0.111231268345
-ika	0.524763836761	0.335949355364	0.0545550346186	0.0847317732564
-lal	0.422351233672	0.211901306241	0.300435413643	0.0653120464441
-lam	0.0509713691861	0.223903636703	0.0138714462003	0.711253547911
-lan	0.25166605458	0.565530874884	0.0257001794238	0.157102891112
-lah	0.0264726804345	0.681130410921	0.00999738125617	0.282399527388
-lai	0.583453298332	0.117473960539	0.0181711688825	0.280901572247
-iki	0.0249221183801	0.968847352025	0.00623052959502	0.0
-lak	0.29607116115	0.490207917536	0.121669146376	0.0920517749387
-lat	0.171281792401	0.7788303069	0.0220338228089	0.0278540778905
-uja	0.907284768212	0.0794701986755	0.0	0.0132450331126
-iku	0.178480208228	0.393873732896	0.073220518486	0.35442554039
-aan	0.0631730078966	0.786073223259	0.0818377602297	0.0689160086145
-lap	0.315262124465	0.350529563494	0.256230433913	0.0779778781286
-las	0.127365213808	0.241238093079	0.0805136722762	0.550883020837
-uji	0.532335947476	0.360345595178	0.0429156413129	0.0644028160331
-epi	0.0281927710844	0.512771084337	0.010843373494	0.448192771084
-ahi	0.65273872397	0.188537375792	0.0399472903286	0.11877660991
-aha	0.615383259601	0.150519061635	0.0787845673899	0.155313111374
-gla	0.570360556688	0.215458923364	0.15203314873	0.0621473712176
-sap	0.237016700984	0.724548158316	0.0301990391215	0.00823610157858
-sau	0.123818364529	0.404820506731	0.0403814678362	0.430979660904
-mpi	0.223388743074	0.729367162438	0.0122484689414	0.0349956255468
-ibu	0.018525763271	0.262239377978	0.00903967966838	0.710195179083
-mpa	0.351247757299	0.598352634154	0.023487196216	0.0269124123308
-sad	0.0	1.0	0.0	0.0
-sak	0.0751960619163	0.363065491231	0.396413174362	0.16532527249
-ibe	0.386363636364	0.613636363636	0.0	0.0
-sai	0.0962772785622	0.903722721438	0.0	0.0
-mpu	0.118480575534	0.773786514373	0.0486132132437	0.0591196968501
-san	0.28900136055	0.485639654192	0.17117304312	0.0541859421367
-sam	0.148154543492	0.49492769264	0.350183466436	0.00673429743147
-sal	0.295782868817	0.303224865023	0.140960163432	0.260032102729
-ima	0.0509009009009	0.930630630631	0.00135135135135	0.0171171171171
-ais	0.101694915254	0.898305084746	0.0	0.0
-ah'	0.413625304136	0.47201946472	0.00486618004865	0.109489051095
-hku	0.515283842795	0.163755458515	0.0	0.32096069869
-sar	0.0568720379147	0.923093494184	0.0155105557949	0.00452391210685
-mau	0.080563293835	0.261047333518	0.0206614348325	0.637727937814
-ipa	0.0	1.0	0.0	0.0
-mat	0.148129987789	0.728006143034	0.0847480859482	0.0391157832292
-la'	0.114649681529	0.877304726785	0.0	0.00804559168621
-hka	0.580320299059	0.244616513389	0.0820493194296	0.0930138681222
-rdi	0.0	0.815789473684	0.184210526316	0.0
-ipu	0.367268536304	0.509412216673	0.0783711102575	0.0449481367653
-mai	0.0255693534344	0.921550657563	0.0460065068964	0.00687348210603
-awi	0.00545950864422	0.954504094631	0.0345768880801	0.00545950864422
-awa	0.0699099560439	0.317138783849	0.043647485784	0.569303774323
-sat	0.467993698983	0.196906773593	0.165831304597	0.169268222827
-mak	0.0712566201252	0.704220831327	0.178783501846	0.045739046702
-has	0.24939732632	0.39513477975	0.335744028052	0.0197238658777
-hat	0.255020637508	0.510162672124	0.130415178107	0.104401512261
-awu	0.0251572327044	0.909329140461	0.0110062893082	0.0545073375262
-stu	0.267807983035	0.500713622828	0.0673952058337	0.164083188303
-bit	0.970961887477	0.016333938294	0.0	0.0127041742287
-pka	0.589955604327	0.27865843167	0.0466285047567	0.0847574592469
-til	0.0584313952814	0.905048982668	0.0146078488203	0.0219117732305
-sti	0.366250233357	0.0217003323003	0.0200425643132	0.59200687003
-ma'	0.244318181818	0.710227272727	0.0	0.0454545454545
-pku	0.215568862275	0.440718562874	0.0610778443114	0.282634730539
-nap	0.40243902439	0.340056285178	0.156191369606	0.101313320825
-cun	0.105348460292	0.495948136143	0.388978930308	0.0097244732577
-cul	0.517915309446	0.28338762215	0.0635179153094	0.135179153094
-cuk	0.342857142857	0.485714285714	0.0285714285714	0.142857142857
-ucu	0.0315789473684	0.915789473684	0.0315789473684	0.0210526315789
-uci	0.0620813159117	0.381242952842	0.463686409763	0.092989321483
-pit	0.250383259731	0.626547002435	0.113874872364	0.00919486547036
-cut	0.138271604938	0.0296296296297	0.832098765432	0.0
-cur	0.234094903339	0.724428822496	0.0372583479789	0.00421792618629
-mua	0.20444191344	0.388952164009	0.343394077449	0.0632118451025
-mum	0.239130434783	0.347826086957	0.0434782608696	0.369565217391
-mun	0.0854062442115	0.106527308089	0.0035820597965	0.804484387903
-mui	0.782608695652	0.0760869565217	0.0108695652174	0.130434782609
-mut	0.754789272031	0.120689655172	0.0306513409962	0.0938697318008
-mus	0.0621312915778	0.91113342538	0.00564829923434	0.0210869838082
-mur	0.0921622054817	0.684110701501	0.171768980072	0.0519581129454
-sah	0.163265306122	0.285714285714	0.489795918367	0.0612244897959
-bka	0.348383500557	0.425863991081	0.147714604236	0.0780379041248
-alu	0.420459290188	0.14683368128	0.0217118997912	0.41099512874
-ndu	0.315862068965	0.430344827586	0.0827586206896	0.171034482759
-gir	0.0	0.962962962963	0.037037037037	0.0
-ndi	0.29579375848	0.645861601086	0.0352781546811	0.0230664857531
-gin	0.0844923141274	0.814807068911	0.0764404475583	0.0242601694029
-gil	0.314960629921	0.678596993558	0.00429491768074	0.00214745884037
-ali	0.162371807976	0.308340037386	0.246354882879	0.282933271759
-nda	0.41626429479	0.47166454892	0.10292249047	0.00914866581958
-gia	0.0812821566371	0.892879806816	0.0201859660523	0.00565207049463
-ala	0.493004260786	0.277359254458	0.0991615833217	0.130474901434
-mu'	0.336898395722	0.522727272727	0.0	0.140374331551
-mla	0.408939421247	0.402383927126	0.09139812866	0.0972785229672
-bil	0.0381287678495	0.953834285986	0.00579407746732	0.00224286869703
-rku	0.0981452733067	0.415801944603	0.0654301822043	0.420622599886
-eli	0.772327374921	0.190278938193	0.0158948641804	0.0214988227056
-gi'	0.772151898734	0.0379746835443	0.0379746835443	0.151898734177
-rka	0.604413500187	0.320325745564	0.0410463998525	0.0342143543972
-ela	0.394378900974	0.14859347557	0.050097465575	0.406930157881
-hum	0.0576764625103	0.747560990172	0.157147463071	0.0376150842458
-itu	0.132576974771	0.084170736795	0.0162326952019	0.767019593232
-hun	0.361016735875	0.0226500566251	0.00402667673336	0.612306530766
-esi	0.0511945392491	0.931058020478	0.017747440273	0.0
-iti	0.505117306041	0.328003583981	0.10527943851	0.0615996714684
-esa	0.281121751026	0.614911080711	0.0615595075239	0.0424076607387
-ita	0.0	0.972065181244	0.0	0.0279348187562
-udu	0.0263157894737	0.815789473684	0.157894736842	0.0
-uda	0.232779097387	0.69026128266	0.0555819477435	0.021377672209
-udi	0.024790922451	0.794182359683	0.14484145243	0.0361852654358
-abu	0.0209716882209	0.737504369102	0.215309332401	0.0262146102761
-nju	0.360902255639	0.447368421053	0.0225563909774	0.169172932331
-rim	0.0	1.0	0.0	0.0
-hud	0.0	1.0	0.0	0.0
-aba	0.0415957478016	0.0269125409746	0.00358662640891	0.927905084815
-hut	0.119047619048	0.753968253968	0.047619047619	0.0793650793651
-hup	0.318367346939	0.681632653061	0.0	0.0
-abi	0.0467428567777	0.923153848857	0.00456246066156	0.0255408337034
-nji	0.216757185574	0.702508085678	0.0190394825166	0.0616952462318
-hus	0.128668171558	0.573363431151	0.148984198646	0.148984198646
-tua	0.230465320456	0.535118525022	0.147497805092	0.0869183494293
-nci	0.206448513728	0.67758989788	0.0397297158375	0.0762318725547
-tul	0.190476190476	0.68253968254	0.126984126984	0.0
-rit	0.0211927057664	0.964760965993	0.00517496303598	0.00887136520454
-tun	0.00341685649203	0.978359908884	0.00683371298406	0.0113895216401
-tup	0.520576131687	0.297325102881	0.148148148148	0.0339506172839
-tur	0.270333803479	0.567465914433	0.131170662905	0.031029619182
-tus	0.0224310111762	0.901056096451	0.00852989782561	0.0679829945473
-tut	0.460401974231	0.318846997073	0.154223321417	0.0665277072781
-ncu	0.87037037037	0.0925925925926	0.0	0.037037037037
-tna	0.0	0.629213483146	0.370786516854	0.0
-lit	0.174957118353	0.77358490566	0.0205831903945	0.0308747855918
-rus	0.0335391436121	0.876476260849	0.0103698323043	0.0796147632347
-rup	0.0814479638008	0.504977375566	0.402714932127	0.0108597285068
-dus	0.0606060606061	0.927272727273	0.0	0.0121212121212
-lip	0.399642808078	0.505563951092	0.0103036131337	0.0844896276962
-lir	0.0	0.517482517483	0.0	0.482517482517
-lis	0.441351940869	0.44082867426	0.0502636025874	0.0675557822836
-lil	0.0	1.0	0.0	0.0
-lim	0.0155417972432	0.952397937952	0.0265824182357	0.00547784656934
-ipi	0.0106382978723	0.968085106383	0.0	0.0212765957447
-run	0.0237020316027	0.945823927765	0.00338600451467	0.0270880361174
-rum	0.03546277666	0.68083501006	0.247484909457	0.036217303823
-rub	0.272727272727	0.618181818182	0.0727272727273	0.0363636363636
-rua	0.010453865003	0.93083722914	0.0477030767816	0.0110058290751
-lia	0.425352064725	0.379796646599	0.0753496427151	0.119501645961
-ica	0.0	1.0	0.0	0.0
-lni	0.563829787234	0.255319148936	0.0	0.18085106383
-dut	0.654676258993	0.129496402878	0.201438848921	0.0143884892086
-pa'	0.148349352277	0.765566234852	0.0501462599248	0.0359381529461
-adu	0.601730466702	0.192798461807	0.0411641321447	0.164306939346
-hur	0.0	1.0	0.0	0.0
-rna	0.0	1.0	0.0	0.0
-du'	0.0150334075724	0.934855233853	0.00334075723831	0.0467706013363
-rni	0.0	1.0	0.0	0.0
-uri	0.237145855194	0.610703043022	0.0944386149003	0.0577124868835
-rgi	0.939393939394	0.0606060606061	0.0	0.0
-ura	0.124940842404	0.427354472314	0.342640795078	0.105063890204
-dku	0.441860465116	0.46511627907	0.0	0.093023255814
-gtu	0.0571891078158	0.064557196143	0.00586947097906	0.872384225062
-ehu	0.0	1.0	0.0	0.0
-uru	0.0379089335075	0.913429118192	0.032441298867	0.0162206494335
-dup	0.398948638075	0.464179345525	0.0697658515435	0.0671061648569
-pai	0.460864472697	0.0507324735018	0.171990564214	0.316412489587
-dur	0.737704918033	0.147540983606	0.0218579234973	0.0928961748634
-apa	0.360553633218	0.602076124568	0.0166089965398	0.0207612456747
-was	0.605970149254	0.188059701492	0.0985074626866	0.107462686567
-pan	0.121794766135	0.398828067052	0.204305328916	0.275071837896
-api	0.100897718911	0.851596762325	0.0298454746137	0.0176600441501
-dud	0.0	1.0	0.0	0.0
-wab	0.35838150289	0.138728323699	0.225433526012	0.277456647399
-apu	0.256459723807	0.0700243360851	0.00931211986274	0.664203820245
-dui	0.705416399058	0.152215799615	0.0717191179619	0.0706486833655
-duk	0.308068074378	0.648755121336	0.0223763000315	0.0208005042546
-wak	0.155172413793	0.706896551724	0.0229885057471	0.114942528736
-pau	0.124470852313	0.164376536953	0.0364674945251	0.674685116209
-dun	0.0	1.0	0.0	0.0
-nun	0.529456848136	0.424809337739	0.0211079142114	0.0246258999133
-num	0.658254883258	0.325882304151	0.0103678513665	0.00549496122423
-nuk	0.207865168539	0.780898876405	0.0	0.0112359550562
-nui	0.688622754491	0.22754491018	0.0239520958084	0.0598802395209
-jib	0.554545454546	0.390909090909	0.0272727272727	0.0272727272727
-sut	0.910447761194	0.089552238806	0.0	0.0
-sus	0.00574983400314	0.615748980256	0.00286541171542	0.375635774026
-sur	0.114649681529	0.662420382166	0.133757961783	0.0891719745223
-sup	0.0237168141593	0.972566371681	0.00265486725664	0.00106194690266
-sun	0.0735589908626	0.871444169875	0.0150566059422	0.0399402333199
-sul	0.0624887707068	0.877609687736	0.028279851953	0.0316216896044
-kes	0.0294117647059	0.913865546218	0.0462184873949	0.0105042016807
-sui	0.372093023256	0.448504983389	0.139534883721	0.0398671096346
-jia	0.66301369863	0.221917808219	0.115068493151	0.0
-nur	0.05	0.928078817734	0.00960591133004	0.012315270936
-nus	0.0232099659999	0.9489380748	0.010994194421	0.0168577647789
-sua	0.380938344387	0.545369688037	0.0563006632277	0.0173913043478
-dia	0.0328290037111	0.910362546389	0.0391093348558	0.0176991150443
-bi'	0.516853932584	0.40074906367	0.0112359550562	0.0711610486892
-dil	0.0444264943457	0.267366720517	0.457996768982	0.230210016155
-dim	0.215695830417	0.0241531296725	0.00740773952828	0.752743300382
-i'i	0.616922181254	0.241412769261	0.0500679215991	0.0915971278866
-dik	0.0526315789473	0.933014354067	0.0	0.0143540669856
-dit	0.163948138854	0.709326641573	0.0941028858218	0.0326223337516
-sla	0.311711134502	0.475044620384	0.0833646057388	0.129879639376
-dir	0.459459459459	0.432432432432	0.027027027027	0.0810810810811
-dis	0.0335530729928	0.820259218342	0.0856169272777	0.0605707813875
-sli	0.0773405698779	0.257801899593	0.640434192673	0.0244233378562
-ska	0.534718798723	0.313366219486	0.0831262484168	0.0687887333742
-uku	0.239134216602	0.37448649026	0.0575204543089	0.328858838829
-ihi	0.5	0.321428571429	0.0595238095238	0.119047619048
-nni	0.466226905053	0.366325403695	0.132973166582	0.0344745246694
-sku	0.0882352941176	0.573529411765	0.0	0.338235294118
-su'	0.0	1.0	0.0	0.0
-ggu	0.362931193933	0.408871266069	0.0813808925283	0.14681664747
-uki	0.337763693139	0.629800444071	0.0065926550385	0.0258432077509
-kla	0.404986198387	0.206269983761	0.157108178929	0.231635638923
-di'	0.0702479338843	0.929752066116	0.0	0.0
-ngu	0.0222897669706	0.0	0.977710233029	0.0
-tir	0.00694444444444	0.772222222222	0.0291666666667	0.191666666667
-tis	0.720873423401	0.273592900942	0.00314073483224	0.00239294082457
-kka	0.657847103026	0.1407413072	0.034289342586	0.167122247188
-bni	0.254335260116	0.722543352601	0.0115606936416	0.0115606936416
-nga	0.162712044952	0.472184495752	0.0436739367793	0.321429522516
-tia	0.105387877276	0.346844599651	0.522698927413	0.0250685956597
-aim	0.0425531914894	0.957446808511	0.0	0.0
-ail	0.0181672348105	0.951914978945	0.0132344094646	0.0166833767796
-tin	0.0895353020952	0.755417785281	0.0657607041045	0.0892862085189
-ain	0.0583754133121	0.266038582706	0.213817960692	0.46176804329
-kku	0.0645579818518	0.558497173891	0.0279914947643	0.348953349492
-jat	0.0	0.949404761905	0.0238095238095	0.0267857142857
-jau	0.180910339689	0.474320970408	0.031598798631	0.313169891272
-yub	0.0	1.0	0.0	0.0
-rti	0.763096572981	0.119949557967	0.0598583231018	0.0570955459507
-emi	0.321371752702	0.181645633349	0.0127928441968	0.484189769752
-emu	0.906176157161	0.0385951906593	0.0119538525692	0.0432747996108
-egi	0.690618564573	0.0301219305113	0.0597458365956	0.21951366832
-jan	0.230805687204	0.762085308057	0.0042654028436	0.00284360189574
-jam	0.075976003078	0.525690291506	0.351617607243	0.0467160981727
-jak	0.0274181752418	0.00944345849092	0.00384803419857	0.959290332069
-gga	0.61474609375	0.250244140625	0.109375	0.025634765625
-cin	0.0223048327138	0.899628252788	0.0780669144981	0.0
-ana	0.0323241879533	0.880085146641	0.0267265846736	0.0608640807316
-at'	0.138939670932	0.64168190128	0.17550274223	0.0438756855576
-hir	0.869418702612	0.0901432181971	0.0252737994945	0.0151642796967
-liu	0.0	0.987096774194	0.0	0.0129032258065
-cit	0.46323907455	0.462724935733	0.0678663239074	0.00616966580976
-etu	0.0690516646759	0.300977720204	0.0126666218043	0.617303993316
-ang	0.290883809345	0.323258307589	0.0610567293195	0.324801153746
-iri	0.0663758704601	0.600994410822	0.0353583876238	0.297271331094
-rut	0.359448274674	0.123225259133	0.08384399075	0.433482475443
-eti	0.230890233823	0.492708027835	0.0855040392461	0.190897699096
-atu	0.226762532765	0.451819270693	0.0612806632212	0.260137533321
-bun	0.0755266261185	0.82136436614	0.0658511309944	0.0372578767468
-bul	0.287765089723	0.508646003263	0.0394779771615	0.164110929853
-uya	0.152777777778	0.759259259259	0.0138888888889	0.074074074074
-'an	0.277960807851	0.496206690658	0.0785563649783	0.147276136512
-'al	0.0	1.0	0.0	0.0
-'au	0.235040982361	0.597756761634	0.0446031799942	0.122599076011
-'at	0.164065738937	0.282986151852	0.479731015835	0.0732170933753
-ghu	0.174088050314	0.604528301887	0.194213836478	0.0271698113207
-bur	0.100478468899	0.836523125997	0.0311004784689	0.0318979266348
-bus	0.205068882112	0.775686192029	0.0154590388053	0.00378588705437
-but	0.644201070547	0.235225012267	0.0552986759673	0.0652752412191
-ati	0.350886226954	0.348798383646	0.205356751969	0.0949586374304
-kak	0.596738731768	0.131429686405	0.159536483921	0.112295097906
-nis	0.0266994335222	0.894410196601	0.0228257247584	0.0560646451183
-kai	0.397680322102	0.179255868159	0.047937117016	0.375126692723
-bua	0.217492615293	0.559129870143	0.0296178967981	0.193759617766
-kan	0.251938171913	0.16098607133	0.0259260418059	0.561149714951
-nit	0.772907348243	0.184153354633	0.0429392971246	0.0
-kal	0.233447551674	0.527136067205	0.125345418371	0.11407096275
-ula	0.303090897045	0.16317966736	0.0922857814461	0.441443654149
-nes	0.112903225806	0.854838709677	0.0322580645161	0.0
-nia	0.0730734630612	0.878209028112	0.0334789364025	0.0152385724241
-aca	0.0504201680672	0.949579831933	0.0	0.0
-kas	0.139903514817	0.813921433494	0.0310130944176	0.0151619572708
-kar	0.342727272727	0.641818181818	0.0136363636364	0.00181818181818
-htu	0.265955100367	0.50487543679	0.0757806846542	0.153388778189
-kap	0.61131813646	0.244846887863	0.0282992391169	0.11553573656
-kau	0.277301595501	0.391689790716	0.134962297469	0.196046316313
-kat	0.130917403755	0.814198181969	0.0216634589285	0.033220955348
-lig	0.0	1.0	0.0	0.0
-aji	0.209230769231	0.495384615385	0.258461538462	0.0369230769231
-tak	0.613094232788	0.0822100090147	0.0440069629324	0.260688795265
-rug	0.0	1.0	0.0	0.0
-ttu	0.207501049995	0.604854336592	0.107549259623	0.08009535379
-aju	0.369054023705	0.164530637416	0.0389870540394	0.42742828484
-am'	0.647703906785	0.256339958876	0.0	0.0959561343386
-iap	0.203053435115	0.114503816794	0.670229007634	0.012213740458
-yuk	0.494623655914	0.0537634408602	0.344086021505	0.10752688172
-ilu	0.0772399588054	0.876416065911	0.00926879505664	0.0370751802265
-yul	0.0	0.964912280702	0.0175438596491	0.0175438596491
-'ap	0.508357168395	0.316767965677	0.077270289596	0.0976045763317
-ka'	0.322221824815	0.549912371687	0.117636539218	0.0102292642798
-ila	0.417167699831	0.254768031938	0.0523425841217	0.27572168411
-yus	0.016	0.976	0.00800000000002	0.0
-yut	0.406080347448	0.277958740499	0.117263843648	0.198697068404
-ili	0.554139912765	0.414410602969	0.0160392369756	0.0154102472903
-iga	0.0	1.0	0.0	0.0
-ngi	0.385135505612	0.281628346544	0.0836833111756	0.249552836668
-rtu	0.157113762002	0.678041481358	0.121950205744	0.0428945508957
-u'a	0.486800337526	0.442560372885	0.00699160204123	0.0636476875477
-igi	0.0	0.995708812261	0.00429118773946	0.0
-igh	0.215138292885	0.31535105117	0.153979301143	0.315531354801
-aat	0.0	1.0	0.0	0.0
-ami	0.0234827990391	0.0190393846072	0.00531248746529	0.952165328888
-lmu	0.114807566862	0.622961513373	0.223091976517	0.0391389432485
-ama	0.0	0.989953114535	0.0	0.0100468854655
-ebu	0.0608182823442	0.80648728345	0.0	0.132694434206
-usi	0.0321250244762	0.94667245937	0.0102800078324	0.0109225083219
-hil	0.0	1.0	0.0	0.0
-him	0.0833333333333	0.872950819672	0.0136612021858	0.0300546448087
-gus	0.0236966824644	0.890995260664	0.0473933649289	0.0379146919431
-hia	0.368871415356	0.202127659575	0.109158186864	0.319842738205
-usa	0.0370039763045	0.952527793557	0.00121723606265	0.00925099407612
-gup	0.43302844626	0.0285942633869	0.0438090163692	0.494568273984
-ira	0.0800631246712	0.768963703314	0.0135718043135	0.137401367701
-gut	0.118861783407	0.13239824763	0.0424817003667	0.706258268596
-gui	0.381679389313	0.490076335878	0.0732824427481	0.0549618320611
-uli	0.195262267344	0.200338409475	0.580033840947	0.0243654822335
-gun	0.432292595897	0.0824264049956	0.0160570918822	0.469223907226
-gul	0.721231580758	0.157158419815	0.0818760392179	0.0397339602087
-gua	0.173354417869	0.336034789484	0.412532120973	0.0780786716742
-yai	0.339622641509	0.400943396226	0.141509433962	0.117924528302
-gug	0.0	0.98125	0.01875	0.0
-wal	0.242355605889	0.665911664779	0.0237825594564	0.0679501698754
-kam	0.657142857143	0.342857142857	0.0	0.0
-dtu	0.568181818182	0.25	0.0	0.181818181818
-tap	0.485707508006	0.302573834658	0.136994425335	0.0747242320009
-sta	0.0	1.0	0.0	0.0
-nca	0.828571428571	0.142857142857	0.0285714285714	0.0
-pia	0.00952380952381	0.966666666667	0.0238095238095	0.0
-iup	0.26301369863	0.383561643836	0.328767123288	0.0246575342466
-ius	0.0309350364235	0.946612114559	0.00628679772478	0.0161660512923
-iur	0.116279069767	0.883720930233	0.0	0.0
-pil	0.655172413793	0.344827586207	0.0	0.0
-iut	0.0	0.996396396396	0.0	0.0036036036036
-pin	0.362535612536	0.488247863248	0.0601851851851	0.0890313390314
-hi'	0.0602409638554	0.795180722891	0.0	0.144578313253
-pir	0.17183770883	0.183770883055	0.1861575179	0.458233890215
-pis	0.125283018868	0.767547169811	0.0588679245283	0.0483018867924
-ium	0.182707993475	0.78955954323	0.021207177814	0.00652528548123
-iun	0.0573637103336	0.922294548413	0.00610252237591	0.0142392188771
-gu'	0.26267281106	0.31797235023	0.138248847926	0.281105990783
-iud	0.0	1.0	0.0	0.0
-wai	0.10542140374	0.771586958564	0.0651132199568	0.0578784177394
-iil	0.044434470377	0.940754039497	0.0148114901257	0.0
-ta'	0.455237703231	0.458324758181	0.063387528298	0.0230500102902
-sda	0.0	0.935483870968	0.0	0.0645161290322
-agu	0.430127041742	0.390199637024	0.141560798548	0.038112522686
-agi	0.106645571518	0.115213129524	0.122425240049	0.655716058909
-agh	0.476461714857	0.226201311967	0.108749124448	0.188587848729
-uhi	0.56393442623	0.225458052073	0.130761812922	0.0798457087753
-aga	0.425977653631	0.188547486034	0.293296089385	0.0921787709497
-mka	0.555693846968	0.233360346583	0.136078335258	0.0748674711904
-ktu	0.204885820307	0.561697196285	0.143919413141	0.0894975702672
-rta	0.0	0.927245168624	0.0	0.0727548313755
-anu	0.711538461538	0.25	0.0384615384615	0.0
-ega	0.689189189189	0.162162162162	0.0405405405405	0.108108108108
-dat	0.140546333178	0.653881149281	0.149766463797	0.0558060537437
-dau	0.287603041489	0.0930214419245	0.0196837686667	0.59969174792
-sib	0.434389140272	0.565610859728	0.0	0.0
-dap	0.288857153885	0.211959808046	0.0540352773168	0.445147760752
-dar	0.104522613065	0.895477386935	0.0	0.0
-das	0.0476314759233	0.859715516116	0.0297533603028	0.0628996476576
-dal	0.466666666667	0.48	0.0266666666667	0.0266666666667
-dam	0.622314670495	0.255834710573	0.0382132703347	0.0836373485978
-dan	0.0862138944996	0.7965772296	0.0695536741779	0.0476552017228
-dai	0.282540113847	0.278080752008	0.0921599039989	0.347219230146
-dak	0.166456424757	0.0994801929535	0.0196906596398	0.714372722649
-ggi	0.0904536178208	0.504194966041	0.347906836121	0.0574445800175
-ani	0.422545455404	0.290532359347	0.120703647283	0.166218537965
-ulu	0.0591002175861	0.530952685695	0.223985664917	0.185961431802
-kti	0.450081833061	0.476268412439	0.0441898527004	0.0294599018003
-dab	0.0	1.0	0.0	0.0
-tal	0.431061376738	0.481586978637	0.0341810783316	0.0531705662936
-tam	0.472629293843	0.416962613779	0.105979960331	0.00442813204726
-tan	0.130613756096	0.20630224448	0.0496587939446	0.61342520548
-tai	0.085421814331	0.82386163078	0.0645958348041	0.0261207200847
-gni	0.315690866511	0.324121779859	0.0580796252928	0.302107728337
-ksi	0.322580645161	0.462365591398	0.0860215053763	0.129032258065
-yit	0.015873015873	0.460317460317	0.52380952381	0.0
-tab	0.0777347871966	0.865986633837	0.00826591628562	0.0480126626803
-rga	0.0	0.986842105263	0.0	0.0131578947368
-eka	0.376543209876	0.567901234568	0.0308641975309	0.0246913580247
-u'i	0.781131771317	0.123754486267	0.0371919120986	0.0579218303175
-tat	0.537764350453	0.336480362538	0.0781722054381	0.047583081571
-tau	0.372835160096	0.177622636366	0.0345863007635	0.414955902774
-yia	0.316433385174	0.592016588906	0.0385692068429	0.0529808190772
-tar	0.0891624014948	0.520269721342	0.336948574214	0.0536193029491
-tas	0.213075275879	0.199625091504	0.381749892248	0.205549740369
-mia	0.00781250000002	0.9765625	0.0	0.015625
