-hôm	0.732504558301	0.118459471386	0.0194020468855	0.129633923428
-ɨtê	0.568965517241	0.224137931035	0.181034482759	0.0258620689655
-ɨmi	0.477856634905	0.231308463285	0.14988482087	0.140950080939
-hel	0.0534521158129	0.730512249443	0.175946547884	0.0400890868597
-iva	0.0914044811594	0.893361438647	0.0101560534621	0.00507802673108
-lel	0.0567221072865	0.874653156749	0.0306525268651	0.0379722090997
-ɨtô	0.520059394743	0.393937649908	0.0512452320899	0.034757723259
-ɨma	0.581221719457	0.198190045249	0.0957013574661	0.124886877828
-xel	0.400049214917	0.370525500133	0.0995031387599	0.129922146189
-ecê	0.5994297933	0.169636493229	0.105488239487	0.125445473984
-xen	0.357264340566	0.408493531928	0.12111529145	0.113126836056
-xed	0.297872340426	0.297872340426	0.340425531915	0.063829787234
-umi	0.0350877192982	0.789473684211	0.0350877192982	0.140350877193
-tôn	0.025781892114	0.935718302548	0.0287234502747	0.00977635506337
-xeb	0.0307692307692	0.907692307692	0.0615384615385	0.0
-xec	0.067611075338	0.916934964585	0.0154539600773	0.0
-aua	0.0843491938655	0.861974046402	0.0536767597326	0.0
-tôv	0.188052578142	0.720125887151	0.0458243063979	0.0459972283088
-zid	0.129834443079	0.773040872621	0.0591297224375	0.0379949618624
-aul	0.13829787234	0.702127659575	0.148936170213	0.0106382978723
-ôcê	0.503755754786	0.435182941604	0.0	0.0610613036103
-êbê	0.567263499072	0.00851911117408	0.00117763139165	0.423039758362
-uac	0.245066632024	0.609564112793	0.0561470630288	0.0892221921548
-lec	0.103085147275	0.02245153585	0.00789989670725	0.866563420168
-pup	0.428645806216	0.247132121969	0.27727738151	0.0469446903039
-nta	0.0919540229885	0.896551724138	0.0	0.0114942528736
-pux	0.325301204819	0.373493975904	0.301204819277	0.0
-pue	0.102710413695	0.854493580599	0.00855920114124	0.0342368045649
-pul	0.642958199357	0.31459807074	0.0174919614148	0.0249517684887
-pum	0.0870112171087	0.835761959674	0.0258587552853	0.0513680679316
-oên	0.202920240519	0.455344179644	0.281469425832	0.0602661540047
-cxe	0.504091653028	0.216039279869	0.0736497545008	0.206219312602
-duu	0.650458578255	0.322274606566	0.0203050751328	0.00696174004551
-hem	0.0991787744789	0.880606443462	0.0113708149084	0.00884396715098
-edɨ	0.0983606557377	0.77868852459	0.122950819672	0.0
-môô	0.345679012346	0.259259259259	0.345679012346	0.0493827160494
-gên	0.387374975145	0.150939367277	0.0677065757899	0.393979081789
-gêm	0.199289177978	0.611772381156	0.0725233208047	0.116415120061
-gêg	0.188313691615	0.673179939084	0.0219882542336	0.116518115068
-dea	0.018691588785	0.981308411215	0.0	0.0
-dec	0.338038393289	0.220519438619	0.114534602355	0.326907565736
-dee	0.71052631579	0.210526315789	0.0526315789473	0.0263157894737
-dek	0.127455880657	0.804875235495	0.0457533930563	0.0219154907917
-k10	0.31391633851	0.599152983134	0.0289768927855	0.0579537855709
-inê	0.192941288013	0.545213207234	0.20325203252	0.0585934722321
-den	0.423481612668	0.242316908011	0.304823419106	0.0293780602146
-400	0.266409266409	0.260617760618	0.121621621622	0.351351351351
-ima	0.287009063444	0.444662638469	0.186555891239	0.0817724068479
-ime	0.137059705376	0.404265731667	0.0945944271678	0.36408013579
-heê	0.402985074627	0.477611940299	0.0	0.119402985075
-vin	0.523778793886	0.389444699437	0.0354588050949	0.0513177015826
-ɨtu	0.377730891268	0.397197088348	0.152623165002	0.072448855383
-bit	0.189573459716	0.810426540284	0.0	0.0
-let	0.0574063326946	0.912932203489	0.0123676590137	0.0172938048027
-ida	0.0409638554217	0.95421686747	0.0	0.00481927710843
-nug	0.155027440596	0.588866925036	0.0623041723434	0.193801462025
-bia	0.0533333333333	0.902222222222	0.0177777777778	0.0266666666666
-bin	0.481614535619	0.396428259826	0.0558063953235	0.0661508092309
-bio	0.063492063492	0.936507936508	0.0	0.0
-tla	0.0	1.0	0.0	0.0
-iên	0.217074127864	0.520297567257	0.176682411685	0.0859458931939
-bii	0.190650843199	0.36160700689	0.0540712210864	0.393670928825
-tep	0.122916666667	0.864583333333	0.0	0.0125
-100	0.0753833240426	0.256578820906	0.103704130865	0.564333724186
-uta	0.0439754148052	0.0871020994414	0.413266305412	0.455656180341
-êba	0.412260020209	0.293027955541	0.0333445604581	0.261367463792
-kic	0.779636430885	0.172303789129	0.0480597799861	0.0
-tee	0.240506329114	0.53164556962	0.227848101266	0.0
-utu	0.0393203372198	0.839090483078	0.012523298382	0.10906588132
-sia	0.0746867512696	0.89527805482	0.0190299320196	0.0110052618908
-ten	0.0757870244589	0.842135328499	0.0794304304514	0.00264721659108
-mes	0.134328358209	0.850746268657	0.0149253731343	0.0
-lup	0.15859030837	0.700440528634	0.140969162996	0.0
-môp	0.190975184101	0.480945843793	0.0443440731093	0.283734898996
-lut	0.0	1.0	0.0	0.0
-luu	0.13759008248	0.0542295143717	0.254909183566	0.553271219582
-luk	0.234104046243	0.702312138728	0.0202312138729	0.0433526011561
-lul	0.183673469388	0.66255339345	0.128144280968	0.0256288561937
-xwo	0.128119680906	0.22318663741	0.569022619609	0.0796710620757
-lun	0.306798701839	0.621586086378	0.0553882000499	0.0162270117334
-luo	0.505376344086	0.301075268817	0.172043010753	0.0215053763441
-mel	0.023667805445	0.708097066178	0.220899517487	0.04733561089
-lub	0.281399046105	0.623211446741	0.0763116057234	0.0190779014308
-luc	0.381054914414	0.562590039501	0.0313376190845	0.0250174270003
-mek	0.176733629949	0.81585097299	0.0074153970608	0.0
-ôpê	0.479674796748	0.317073170732	0.154471544715	0.0487804878049
-vuv	0.797608095676	0.14995400184	0.0496780128795	0.00275988960442
-vuu	0.782794395343	0.127290230399	0.00811479714403	0.0818005771144
-aya	0.199488491049	0.557544757033	0.164961636829	0.0780051150895
-tya	0.295191031554	0.180376724548	0.118338075043	0.406094168854
-tyo	0.145724872162	0.218191786845	0.0186855855391	0.617397755453
-vux	0.175487904569	0.636798091756	0.126001622636	0.0617123810398
-tyu	0.0416221985059	0.951974386339	0.00640341515475	0.0
-ked	0.0348837209302	0.953488372093	0.0116279069767	0.0
-vun	0.544037079604	0.217053403944	0.101420543467	0.137488972985
-ɨpê	0.725263316848	0.246876061762	0.0069651553475	0.0208954660426
-vum	0.0767995181206	0.859200883446	0.0	0.0639995984339
-vip	0.215575744942	0.386388377399	0.391145236193	0.00689064146661
-ɨpu	0.119336691864	0.757455492415	0.094022848135	0.029184967586
-xax	0.227852097295	0.734937991291	0.0154189697542	0.0217909416604
-cta	0.0190369540873	0.756998880179	0.188129899216	0.0358342665173
-xad	0.380151721014	0.44435009058	0.0752943840579	0.100203804348
-xag	0.454611776967	0.487545596665	0.0322042730589	0.025638353309
-zôô	0.618055555556	0.326388888889	0.0555555555556	0.0
-tae	0.093795515042	0.773959745869	0.118778564613	0.0134661744764
-xam	0.062547128012	0.0539618833679	0.00883339287659	0.874657595744
-yaê	0.495798319328	0.453781512605	0.0504201680672	0.0
-ota	0.0149253731343	0.962686567164	0.0223880597015	0.0
-nue	0.0726479391461	0.369295866008	0.0168648372607	0.541191357585
-ija	0.00768709021026	0.989599819127	0.00271309066245	0.0
-ebi	0.0897959183674	0.902040816327	0.00816326530612	0.0
-oti	0.0795025333948	0.814923998158	0.0191616766467	0.086411791801
-oam	0.0294117647059	0.933823529412	0.00735294117647	0.0294117647059
-oto	0.0710808304649	0.211397136662	0.145047827643	0.57247420523
-ume	0.140394196121	0.511931456292	0.0352665055447	0.312407842042
-nda	0.05798138869	0.929133858268	0.0128847530422	0.0
-xev	0.400843881857	0.599156118143	0.0	0.0
-uma	0.44275060026	0.358761116551	0.0925540904884	0.1059341927
-ênê	0.469756760975	0.259079660223	0.190399750295	0.0807638285065
-upê	0.632389703398	0.245996892102	0.0486453617999	0.0729680426997
-ple	0.170454545455	0.795454545455	0.0340909090909	0.0
-zub	0.0625975521422	0.873302929956	0.0141982700747	0.0499012478274
ALL	0.228648078542	0.334634716321	0.0626649177781	0.374052287359
-nai	0.0710635579687	0.856275950176	0.0391248802299	0.0335356116257
-nan	0.130500517228	0.754913662768	0.0954881833374	0.0190976366675
-nam	0.0	0.634615384615	0.365384615385	0.0
-sis	0.04	0.856	0.064	0.04
-nac	0.290176169501	0.558874338104	0.114946162114	0.0360033302814
-sip	0.146008958902	0.804993003312	0.0296989031926	0.0192991345937
-siv	0.0632368638472	0.759345318144	0.155854807292	0.0215630107164
-kim	0.0	1.0	0.0	0.0
-nae	0.490500863558	0.284974093264	0.117443868739	0.107081174439
-kis	0.0139458307777	0.965393679181	0.014849727217	0.00581076282403
-sii	0.168039620709	0.431062268956	0.104953736161	0.295944374174
-maê	0.150778210117	0.324254215305	0.0243190661479	0.50064850843
-sin	0.372450522851	0.573374855644	0.0135436553764	0.0406309661291
-sil	0.126562661432	0.85008781899	0.0134311395805	0.00991837999793
-nas	0.0531679220204	0.906956136464	0.0252547629597	0.0146211785556
-nap	0.640301318268	0.327414581652	0.0322841000807	0.0
-ala	0.00768245838669	0.979513444302	0.00256081946222	0.0102432778489
-dlu	0.010989010989	0.989010989011	0.0	0.0
-gok	0.0327868852459	0.934426229508	0.0327868852459	0.0
-mos	0.0244565217391	0.951086956522	0.0163043478261	0.00815217391306
-gol	0.0193452202517	0.71589705465	0.264757725098	0.0
-goo	0.740177439797	0.139416983523	0.0785804816223	0.041825095057
-gon	0.0	1.0	0.0	0.0
-êpê	0.628845479004	0.219557843023	0.0168440753304	0.134752602644
-tyê	0.340983606557	0.47868852459	0.160655737705	0.0196721311476
-moo	0.586977186312	0.290399239544	0.0484790874525	0.074144486692
-mon	0.0936360113361	0.868805576218	0.00855176160305	0.0290066508428
-ɨpi	0.897381571057	0.043413951629	0.0206276234259	0.0385768538877
-com	0.275000503675	0.243672739367	0.069805485532	0.411521271426
-kau	0.296547821166	0.670628183362	0.022637238257	0.0101867572156
-yap	0.499429439887	0.0721478803327	0.0477663786803	0.3806563011
-kêd	0.314313242693	0.555079755915	0.10491382079	0.0256931806016
-yax	0.715524649975	0.229748541548	0.0381848605486	0.0165419479283
-bet	0.0672335376706	0.746490013842	0.00237294838837	0.183903500099
-yae	0.317343173432	0.511685116851	0.0738007380073	0.0971709717097
-yad	0.331026528258	0.405797101449	0.18534677298	0.077829597312
-ubê	0.104336895035	0.719673161534	0.0301697045883	0.145820238843
-yaa	0.428031207947	0.343627926042	0.12764065899	0.100700207021
-yôp	0.0864790667995	0.585476472542	0.293324690167	0.0347197704919
-bel	0.0969559893835	0.861491443738	0.0257230175915	0.0158295492871
-ixe	0.519271198318	0.281009110021	0.119831814997	0.0798878766643
-yam	0.29241689023	0.581333473477	0.0375013566645	0.0887482796277
-yal	0.469763365469	0.309377738826	0.0841367221736	0.136722173532
-bea	0.0	0.833333333333	0.166666666667	0.0
-bed	0.0726117325964	0.135942727009	0.101325859231	0.690119681164
-iso	0.0820385332505	0.77750155376	0.0323182100683	0.108141702921
-pol	0.0652097344984	0.834395563233	0.00670882042164	0.0936858818465
-isi	0.00786750925385	0.9707970556	0.00371239392351	0.0176230412222
-isa	0.093611511677	0.856499718627	0.0358750703433	0.0140136993528
-êno	0.081261618087	0.0431652805331	0.100708463999	0.774864637381
-eva	0.121221647574	0.319775796168	0.201536157674	0.357466398585
-êna	0.105064634798	0.0352155189058	0.0114850600076	0.848234786289
-umê	0.136943666355	0.623404917523	0.219109866169	0.0205415499533
-hac	0.173594135993	0.746835468686	0.0273213857316	0.0522490095897
-jut	0.0363636363636	0.909090909091	0.0545454545454	0.0
-atê	0.428387096774	0.189677419355	0.30064516129	0.0812903225807
-mas	0.0656575190542	0.87376412846	0.0216203780174	0.0389579744685
-ham	0.0687251262328	0.890777552678	0.0367540440761	0.00374327701278
-han	0.671469740634	0.268011527378	0.0605187319885	0.0
-mav	0.143510652202	0.42203633512	0.365181022089	0.0692719905895
-hap	0.0795630245292	0.901059354935	0.0	0.0193776205362
-mak	0.27935272938	0.670156851384	0.0173819476058	0.0331084716302
-has	0.0	1.0	0.0	0.0
-mam	0.131542003066	0.804619714057	0.0105421017595	0.0532961811175
-man	0.10923992711	0.822666615588	0.0508191998677	0.017274257434
-mac	0.0844643883345	0.82043014727	0.0215188075139	0.0735866568813
-mae	0.132354203767	0.717148245903	0.0977929426231	0.0527046077065
-mad	0.293827647407	0.420232695721	0.19424176691	0.0916978899625
-mag	0.023385041965	0.928678432901	0.00255357167781	0.0453829534564
-yon	0.0488151778756	0.058458393922	0.183528925763	0.70919750244
-yêp	0.462644310587	0.134183944117	0.051779332647	0.351392412649
-vêê	0.412403100775	0.508527131783	0.046511627907	0.0325581395349
-uuê	0.686567164179	0.155223880597	0.0358208955224	0.122388059701
-ung	0.658911321364	0.237222855748	0.0400191278246	0.0638466950634
-yêx	0.217105954803	0.718548162665	0.0260330669787	0.0383128155535
-una	0.48883666275	0.319120362599	0.192042974652	0.0
-sek	0.0	1.0	0.0	0.0
-yêg	0.0535037878788	0.864109848485	0.0620265151515	0.0203598484848
-nka	0.419689119171	0.552677029361	0.013816925734	0.013816925734
-pta	0.0	1.0	0.0	0.0
-yêc	0.0120160213618	0.971962616822	0.0160213618158	0.0
-yêl	0.386585818587	0.530967702017	0.0745576042569	0.00788887513921
-vya	0.22189560008	0.59405440942	0.085656512671	0.0983934778291
-nki	0.113331856274	0.842027024195	0.016976200385	0.027664919146
-ɨbi	0.171045619525	0.301205882174	0.127217391229	0.400531107072
-gae	0.154047730463	0.219560131025	0.0482919981282	0.578100140384
-gac	0.524752475248	0.142857142857	0.123055162659	0.209335219236
-500	0.173076923077	0.0576923076923	0.100961538462	0.668269230769
-ɨba	0.696048632219	0.200607902735	0.048632218845	0.0547112462006
-daa	0.164470574581	0.795672920739	0.0371484843269	0.00270802035281
-pên	0.394695509388	0.438887699008	0.0838866281145	0.0825301634897
-yag	0.689328535796	0.218660284767	0.0469203118641	0.0450908675736
-gai	0.0	1.0	0.0	0.0
-lal	0.0229885057471	0.701149425287	0.275862068965	0.0
-144	0.202380952381	0.183673469388	0.0289115646258	0.585034013605
-gat	0.0	1.0	0.0	0.0
-gas	0.0266666666667	0.946666666667	0.0266666666666	0.0
-ben	0.0679678107067	0.803359017624	0.016027014814	0.112646156855
-jôg	0.110552763819	0.693467336683	0.195979899498	0.0
-ɨsa	0.671499190763	0.24595554286	0.0334111792478	0.049134087129
-ɨbu	0.602795206321	0.254788699665	0.0788987373989	0.0635173566157
-gax	0.483630952381	0.427083333333	0.0625	0.0267857142857
-sen	0.0837449392712	0.87020242915	0.0234817813765	0.0225708502024
-sel	0.0854756098413	0.83821998309	0.0539266723033	0.0223777347653
-ɨmu	0.647693292904	0.181627771431	0.0501091047404	0.120569830924
-yac	0.285190523045	0.377489986976	0.230636383308	0.106683106671
-ina	0.259689059343	0.175223720566	0.0327766093447	0.532310610747
-sec	0.0091142356233	0.0239176119541	0.125044990654	0.841923161769
-ɨlê	0.562690659311	0.309858155732	0.0621238108353	0.0653273741213
-sea	0.446924327019	0.0643967418432	0.0251141206581	0.46356481048
-ing	0.114398289146	0.83290920197	0.022798834339	0.0298936745453
-ɨlô	0.259083185835	0.388656391217	0.0700636380578	0.28219678489
-sev	0.419392867669	0.387562628942	0.154730327144	0.0383141762452
-set	0.0	1.0	0.0	0.0
-ses	0.0389865286823	0.914185429352	0.0235351922695	0.0232928496957
-sep	0.0630604570437	0.917847844952	0.00781024009257	0.0112814579115
-lat	0.061145588652	0.863085064573	0.0403067333266	0.0354626134484
-iac	0.396714942304	0.320292184325	0.154683490506	0.128309382865
-iam	0.0754716981132	0.824528301887	0.0622641509434	0.0377358490566
-ian	0.135986733002	0.578772802654	0.24543946932	0.0398009950249
-nen	0.0344827586207	0.862068965517	0.0	0.103448275862
-iat	0.0	1.0	0.0	0.0
-ias	0.0862440945753	0.842835488975	0.0354048880874	0.0355155283626
-cên	0.176186142451	0.595771171571	0.171410067467	0.0566326185116
-kun	0.803906836965	0.173553719008	0.0225394440271	0.0
-ban	0.0	1.0	0.0	0.0
-vên	0.454802259887	0.390536723164	0.0932203389831	0.0614406779661
-uuo	0.162425554954	0.615592853276	0.0	0.22198159177
-vêl	0.176287200113	0.0976038316965	0.071369475362	0.654739492828
-unê	0.0493308517467	0.794879768532	0.103320183529	0.0524691961919
-bai	0.557603686636	0.304147465438	0.0	0.138248847926
-vêg	0.0521739130435	0.852173913043	0.095652173913	0.0
-las	0.115981521093	0.820472802706	0.0281477491897	0.0353979270113
-jop	0.117647058824	0.823529411765	0.0588235294118	0.0
-hoo	0.217311233886	0.530386740332	0.0783711888684	0.173930836914
-hol	0.619047619048	0.30303030303	0.0	0.0779220779221
-jon	0.0289537621008	0.917167063207	0.0149594437521	0.0389197309399
-êac	0.64312267658	0.267657992565	0.0223048327138	0.0669144981413
-vêx	0.0262842591689	0.540785188036	0.0216357654237	0.411294787372
-bat	0.00874125874125	0.971328671329	0.0118881118881	0.00804195804196
-bas	0.0704714470122	0.910108637293	0.00925301865454	0.0101668970402
-bap	0.364820846905	0.635179153095	0.0	0.0
-nya	0.259257293223	0.48808034236	0.0822217503735	0.170440614044
-asa	0.128452579035	0.797670549085	0.00798668885192	0.0658901830283
-yep	0.72300728988	0.129104855372	0.108451093482	0.0394367612662
-adê	0.0714285714285	0.464285714286	0.464285714286	0.0
-gaê	0.263586956522	0.521739130435	0.0163043478261	0.198369565217
-asi	0.0833333333333	0.892857142857	0.0	0.0238095238095
-yev	0.669403752459	0.220775085303	0.017840983035	0.0919801792027
-oel	0.271929824561	0.728070175439	0.0	0.0
-yel	0.0875977653632	0.826994413408	0.0678882681564	0.0175195530726
-yen	0.0946303943303	0.805025544177	0.0825490555133	0.0177950059789
-lta	0.0405238193442	0.922973809033	0.0241286863271	0.0123736852959
-yed	0.318637274549	0.528056112224	0.0901803607214	0.063126252505
-ɨle	0.342173586004	0.59340499357	0.0503481911048	0.0140732293208
-ɨla	0.751871482061	0.0679092954452	0.0208004457992	0.159418776694
-ɨlo	0.125200136487	0.851037210075	0.0160634137379	0.00769923970008
-dia	0.081547893314	0.658714541291	0.165062028682	0.094675536713
-430	0.627906976744	0.0697674418605	0.0232558139535	0.279069767442
-xoc	0.520142784294	0.231514533401	0.11320754717	0.135135135135
-ɨlu	0.185012598638	0.416020511777	0.141851590481	0.257115299104
-êvô	0.794262798147	0.159126640492	0.013418191907	0.0331923694543
-xog	0.757965056526	0.194244604317	0.0215827338129	0.0262076053443
-ova	0.0253103531397	0.94561694393	0.0198378443527	0.009234858578
-xon	0.391304347826	0.366459627329	0.167701863354	0.0745341614907
-xoo	0.603372891943	0.157401623985	0.189256714553	0.049968769519
-xom	0.456642579211	0.412729294052	0.0444691495275	0.0861589772096
-gem	0.100055809628	0.11184900141	0.0255856894969	0.762509499465
-edê	0.565161290323	0.10064516129	0.251612903226	0.0825806451613
-pos	0.0	1.0	0.0	0.0
-pop	0.80496150556	0.0735671514115	0.0598802395209	0.0615911035072
-opa	0.107575757576	0.870202020202	0.00555555555555	0.0166666666667
-uge	0.0926686282494	0.708648273939	0.0701007999603	0.128582297852
-edô	0.481076633756	0.344969440527	0.0662121924464	0.107741733271
-pob	0.0	0.977876106195	0.0221238938053	0.0
-ele	0.242975818826	0.640721731308	0.0533361553522	0.062966294513
-lag	0.0393569409862	0.832474800445	0.0874854887392	0.0406827698294
-ika	0.113712374582	0.831792248672	0.0200668896321	0.034428487114
-lac	0.205774959182	0.677095662623	0.0731443591175	0.0439850190765
-iko	0.0424242424243	0.957575757576	0.0	0.0
-lam	0.66745095661	0.0532486372612	0.00315389670035	0.276146509429
-lan	0.0594683886469	0.927316413876	0.0132151974771	0.0
-nos	0.0384615384615	0.961538461538	0.0	0.0
-lai	0.00753863550699	0.992461364493	0.0	0.0
-iki	0.141592920354	0.858407079646	0.0	0.0
-lak	0.0135412392286	0.986458760771	0.0	0.0
-êmê	0.435500879358	0.261718874645	0.117230532192	0.185549713806
-nok	0.0904109589041	0.735616438356	0.132876712329	0.041095890411
-iks	0.112852664577	0.84436658676	0.0132767840678	0.0295039645953
-non	0.0804289544236	0.742627345844	0.112600536193	0.0643431635389
-noo	0.517613735554	0.225471796008	0.103470974546	0.153443493893
-noc	0.479680213191	0.520319786809	0.0	0.0
-lax	0.526685830753	0.11315675534	0.0266181519701	0.333539261937
-suu	0.761091557343	0.165991680761	0.0285231064588	0.0443936554372
-dot	0.0357142857143	0.928571428571	0.0357142857143	0.0
-bog	0.172481161038	0.569076193134	0.105498185878	0.15294445995
-myu	0.0	1.0	0.0	0.0
-gen	0.10145339346	0.874518171247	0.00622959433528	0.0177988409579
-dop	0.335260115607	0.64161849711	0.0	0.0231213872832
-ɨxê	0.396694214876	0.553719008264	0.0	0.0495867768595
-gec	0.295267042987	0.406426400347	0.128528006947	0.169778549718
-bom	0.127575785715	0.738904037121	0.0464119793909	0.087108197773
-aha	0.231449464069	0.129836829667	0.569909087799	0.068804618465
-gee	0.317300692531	0.250492341396	0.0487940929222	0.38341287315
-mya	0.141194381691	0.765298104312	0.0210195462135	0.0724879677831
-don	0.0474469046544	0.894713059196	0.0528694080434	0.00497062810664
-dom	0.176975554678	0.352076531241	0.111568863552	0.359379050529
-dok	0.0	1.0	0.0	0.0
-get	0.147386964181	0.701702877275	0.107457428068	0.0434527304756
-sas	0.0614689502994	0.899443101818	0.0340443417043	0.00504360617842
-xôn	0.0568435621967	0.0247764886336	0.0238974262981	0.894482522872
-sap	0.759162303665	0.219895287958	0.0	0.020942408377
-toc	0.0937776088685	0.638847621257	0.192846249142	0.0745285207322
-toa	0.099025974026	0.881493506494	0.00974025974025	0.00974025974026
-too	0.467251344855	0.469404543894	0.0326556598375	0.0306884514135
-tol	0.0226586102719	0.841389728097	0.135951661631	0.0
-ɨwa	0.171428571429	0.828571428571	0.0	0.0
-nêx	0.822804516473	0.12673062963	0.0132940343021	0.0371708195947
-nêg	0.827917177957	0.108658091087	0.0101623436156	0.0532623873398
-nêe	0.253517619225	0.602664674387	0.0877848337691	0.0560328726186
-nêd	0.181780944467	0.537387554084	0.0802463177968	0.200585183652
-nêb	0.296759543359	0.044804082073	0.0171306536328	0.641305720935
-top	0.399317406143	0.307167235495	0.0477815699658	0.245733788396
-olo	0.416058394161	0.36496350365	0.043795620438	0.175182481752
-sak	0.0217461340206	0.956346649485	0.00837628865979	0.0135309278351
-nên	0.158329585678	0.658205048925	0.0969723324018	0.0864930329958
-nêm	0.298860995793	0.275438031328	0.0763024202251	0.349398552655
-nma	0.46762062007	0.334067143643	0.151164923867	0.0471473124197
-vol	0.189773136478	0.767014764134	0.00432120993879	0.038890889449
-iba	0.0139014607592	0.951344887343	0.0208521911387	0.0139014607592
-sam	0.0224719101124	0.950561797753	0.0067415730337	0.0202247191012
-ɨhô	0.227642276423	0.235772357724	0.536585365854	0.0
-lon	0.0975119704497	0.624188601268	0.0721085805904	0.206190847692
-loo	0.604207929331	0.272750011959	0.0352704361647	0.087771622546
-lom	0.0799739173795	0.663227340723	0.22688044187	0.0299183000269
-iem	0.0	1.0	0.0	0.0
-lok	0.178798241329	0.675622862726	0.0263800683927	0.119198827552
-loi	0.0	0.964285714286	0.0178571428571	0.0178571428571
-log	0.209302325581	0.790697674419	0.0	0.0
-loc	0.472309019367	0.104190429795	0.0226608564449	0.400839694393
-ucê	0.154197601371	0.133066818961	0.267275842376	0.445459737293
-lox	0.7653301911	0.199032285215	0.0224890018414	0.0131485218434
-ôma	0.179190864092	0.172876797755	0.121857582726	0.526074755427
-lot	0.0567191426225	0.866219792845	0.0591015298732	0.0179595346592
-los	0.129335403974	0.736272050332	0.021502807311	0.112889738383
-lop	0.346653512452	0.056704500401	0.0178872732973	0.57875471385
-ipi	0.101694915254	0.898305084746	0.0	0.0
-win	0.0120724346076	0.963782696177	0.0	0.0241448692153
-ipa	0.0404089581305	0.933300876339	0.014605647517	0.0116845180136
-pôm	0.586148648649	0.242983367983	0.0253378378378	0.14553014553
-êma	0.246320499235	0.62086424114	0.0819498410455	0.05086541858
-ême	0.0853096937601	0.849067464886	0.0500805894543	0.0155422518996
-geê	0.233870967742	0.556451612903	0.0887096774193	0.120967741935
-nga	0.585385838916	0.320528269147	0.0559116980768	0.0381741938594
-sat	0.0	1.0	0.0	0.0
-myê	0.4	0.342857142857	0.171428571429	0.0857142857143
-nge	0.0450461765562	0.0512769028971	0.0192172560059	0.884459664541
-ɨwê	0.127272727273	0.763636363636	0.0727272727273	0.0363636363636
-ɨhi	0.796610169492	0.135593220339	0.0338983050848	0.0338983050848
-sax	0.0942331288344	0.83509202454	0.0706748466258	0.0
-ɨha	0.206124786669	0.318835691105	0.333704414915	0.141335107311
-sto	0.046357615894	0.884105960265	0.023178807947	0.046357615894
-ibê	0.682288077188	0.235010337698	0.0	0.0827015851137
-mpa	0.0	1.0	0.0	0.0
-tov	0.905647766514	0.0715160966915	0.0116965578701	0.0111395789239
-ômê	0.390282131662	0.515673981191	0.0846394984326	0.00940438871473
-êcê	0.728813559322	0.203389830508	0.0338983050847	0.0338983050847
-200	0.0714285714286	0.421245421246	0.0860805860805	0.421245421245
-uce	0.504504504505	0.297297297297	0.036036036036	0.162162162162
-ocê	0.231094808126	0.768905191874	0.0	0.0
-iok	0.181574743963	0.782204265714	0.0133890820257	0.0228319082965
-mug	0.128454461655	0.112783993349	0.0847687385906	0.673992806406
-lek	0.0	1.0	0.0	0.0
-ois	0.0	1.0	0.0	0.0
-lem	0.0189420679836	0.970125342636	0.00298513965359	0.00794744972707
-len	0.309386964428	0.518873527719	0.156388490392	0.0153510174618
-ɨzi	0.16081548539	0.615073231766	0.207551335836	0.0165599470082
-lea	0.0901529692316	0.849430000582	0.0398417960798	0.0205752341069
-mun	0.691891891892	0.0972972972973	0.210810810811	0.0
-num	0.430984635718	0.437380519695	0.0882679190956	0.0433669254915
-lee	0.262390996001	0.256389995889	0.258992819763	0.222226188348
-muu	0.291781016797	0.18858624655	0.0452477855005	0.474384951153
-ola	0.301064898305	0.635296844865	0.0469763838102	0.0166618730195
-ios	0.0	1.0	0.0	0.0
-les	0.0193548387097	0.98064516129	0.0	0.0
-oik	0.0895522388059	0.55223880597	0.358208955224	0.0
-leu	0.0	1.0	0.0	0.0
-iot	0.120900829712	0.833227973133	0.0298696167523	0.016001580403
-nêl	0.851502960732	0.0383218148816	0.00126255129712	0.108912673089
-êên	0.623345816894	0.199314182972	0.0662526248486	0.111087375285
-lôt	0.517305660846	0.402535263779	0.063381594482	0.0167774808923
-ôhe	0.516393442623	0.434426229508	0.0	0.0491803278689
-lôm	0.319409998309	0.410855973466	0.0856642785767	0.184069749649
-ali	0.0059582919563	0.845084409136	0.142999006951	0.0059582919563
-gig	0.159487776484	0.840512223516	0.0	0.0
-ale	0.0544552838091	0.859947857792	0.0601138242193	0.02548303418
-lôg	0.267095370822	0.246496113524	0.130198788056	0.356209727599
-lôd	0.246557635501	0.518208826184	0.0838966421847	0.151336896129
-xlu	0.0219063382339	0.94596436569	0.0292084509785	0.00292084509785
-120	0.0333333333333	0.133333333333	0.0	0.833333333333
-uva	0.294117647059	0.660341555977	0.0426944971537	0.00284629981025
-yop	0.326732673267	0.0910891089109	0.0950495049505	0.487128712871
-yot	0.27397260274	0.712328767123	0.0	0.013698630137
-yoo	0.604116765177	0.245618721028	0.0762092674605	0.0740552463338
-ɨdê	0.102189781022	0.722627737226	0.160583941606	0.014598540146
-yoc	0.257279349071	0.321488292743	0.404819002583	0.0164133556026
-yob	0.297611604352	0.212204576716	0.47267725397	0.0175065649619
-yoe	0.458712191501	0.417702727779	0.0534421970681	0.0701428836519
-iel	0.0983125458547	0.869772560528	0.023110785033	0.00880410858401
-gwe	0.108844817655	0.404588620703	0.0778284646568	0.408738096984
-peb	0.139534883721	0.860465116279	0.0	0.0
-pec	0.673214976822	0.230265589217	0.0372761900882	0.0592432438724
-xuu	0.527866300889	0.390860769154	0.0467994964048	0.0344734335516
-che	0.216922231657	0.252717979455	0.141851056391	0.388508732498
-pet	0.127749576988	0.820854483926	0.00888324873096	0.0425126903553
-xun	0.184247716146	0.14792055721	0.126482612426	0.541349114218
-eli	0.0	0.950310559006	0.0310559006211	0.0186335403727
-elo	0.127022653722	0.809870550162	0.0485436893204	0.0145631067961
-ela	0.0231159696203	0.941949852315	0.0233525365609	0.0115816415042
-xuc	0.0341868883228	0.863252446709	0.102560664969	0.0
-esu	0.00645432411862	0.578376952518	0.00343920498845	0.411729518375
-esi	0.0393939393939	0.942424242424	0.0181818181818	0.0
-ôci	0.392922196201	0.286755139214	0.11891751236	0.201405152225
-eso	0.0	1.0	0.0	0.0
-iti	0.181395401618	0.405829284479	0.252341158695	0.160434155208
-esa	0.0568965517243	0.912068965517	0.0	0.0310344827587
-uên	0.23305944884	0.269308853961	0.178098523891	0.319533173308
-ita	0.0472019319808	0.894643486343	0.0147183860786	0.0434361955979
-spa	0.0602006688964	0.836120401338	0.0836120401337	0.0200668896321
-ôhô	0.058039344522	0.866436927837	0.0640930947094	0.0114306329313
-666	0.037037037037	0.0	0.0	0.962962962963
-uda	0.0701488125495	0.763801332567	0.134965458076	0.0310843968073
-alê	0.941176470588	0.0196078431373	0.0	0.0392156862745
-ken	0.469934310258	0.430015159171	0.0272865083376	0.0727640222334
-abu	0.478990415179	0.0864773338549	0.205065039855	0.229467211111
-lpa	0.133184107443	0.850027979855	0.0167879127028	0.0
-huk	0.194029850746	0.686567164179	0.119402985075	0.0
-ɨdu	0.382078261896	0.37963648402	0.0764409462998	0.161844307784
-huc	0.10549132948	0.714595375723	0.00433526011561	0.175578034682
-ait	0.0	0.842105263158	0.157894736842	0.0
-aba	0.13773845053	0.410361799047	0.179590554479	0.272309195944
-woo	0.465693728864	0.303706393699	0.16829705622	0.062302821217
-huu	0.284210526316	0.468899521531	0.235406698565	0.0114832535885
-ɨde	0.272517321016	0.716397228637	0.0110854503464	0.0
-abo	0.222131557698	0.167595264632	0.0971857319226	0.513087445747
-hup	0.390845070423	0.545774647887	0.0633802816901	0.0
-pwo	0.120332282072	0.45274405072	0.35879200811	0.0681316590974
-kem	0.0	0.972972972973	0.027027027027	0.0
-tua	0.0530606962599	0.934644752168	0.00345110219576	0.00884344937664
-tuc	0.255248654117	0.534886219489	0.0675613865168	0.142303739876
-sox	0.648516365861	0.214132762313	0.0397675130009	0.0975833588253
-tug	0.0386904761905	0.959523809524	0.00178571428571	0.0
-kom	0.050736497545	0.769230769231	0.161795651157	0.0182370820669
-kol	0.419848498789	0.354586438495	0.169442144325	0.0561229183918
-vax	0.346356169822	0.355450236967	0.218480930994	0.0797126622169
-cil	0.25522947237	0.327973774586	0.106931002185	0.309865750859
-tul	0.670638225546	0.255644720708	0.0208330804065	0.0528839733394
-sop	0.0933852140078	0.906614785992	0.0	0.0
-sos	0.0826446280991	0.834710743802	0.0	0.0826446280991
-zêc	0.145802965032	0.535213019283	0.212564455853	0.106419559832
-vac	0.040031028796	0.117503384939	0.0659585074429	0.776507078822
-soo	0.498911465893	0.38679245283	0.0653120464441	0.0489840348331
-son	0.0523364485981	0.943925233645	0.00373831775701	0.0
-kop	0.00267481849446	0.982549993631	0.0050948923704	0.00968029550376
-tuv	0.375939849624	0.563909774436	0.0451127819549	0.0150375939849
-vae	0.0979870869731	0.778199772123	0.0227876946449	0.101025446259
-vai	0.0861279091076	0.891515484699	0.0179585853033	0.00439802089061
-ion	0.0858360396107	0.806656001639	0.0436351877603	0.0638727709897
-val	0.797254903456	0.0477519283451	0.0179670941516	0.137026074047
-ɨvu	0.123507991798	0.825912544894	0.050579463308	0.0
-êge	0.120904041909	0.142896236981	0.0826307987854	0.653568922325
-gma	0.610278372591	0.145610278373	0.154175588865	0.0899357601713
-ɨdi	0.654987585885	0.171084277121	0.0359370573827	0.137991079611
-lit	0.0966290886877	0.739545732215	0.0688621091797	0.0949630699172
-liv	0.0551059066643	0.932495264336	0.00619941449974	0.00619941449974
-lip	0.0172244094488	0.97342519685	0.00688976377952	0.00246062992126
-lis	0.0822636637676	0.715363399387	0.175239980727	0.0271329561178
-lil	0.0	0.363636363636	0.636363636364	0.0
-lim	0.164979157558	0.696131412126	0.0345305213493	0.104358908967
-omi	0.0357142857142	0.928571428571	0.0357142857143	0.0
-lio	0.155313351499	0.811989100818	0.0245231607629	0.00817438692096
-ɨva	0.300632911392	0.648734177215	0.00632911392405	0.0443037974684
-lii	0.443973156501	0.492602106856	0.0323595595117	0.0310651771313
-ici	0.139159369835	0.142507121004	0.0556009775996	0.662732531561
-lik	0.0461100394966	0.66538072931	0.269220170846	0.0192890603472
-lie	0.0764766917105	0.583511057218	0.107604415386	0.232407835686
-yôô	0.373633799506	0.334616288636	0.192443295334	0.0993066165237
-lig	0.0940188914907	0.481745834306	0.0402143053158	0.384020968888
-ɨvi	0.17090488005	0.647945553256	0.0891734141865	0.0919761525071
-woc	0.141001038873	0.644764183031	0.122231375281	0.0920034028143
-lic	0.224830142063	0.757875231624	0.0172946263125	0.0
-eas	0.106951871658	0.860962566845	0.0	0.0320855614973
-kap	0.0415704387991	0.937066974596	0.0111624326405	0.0102001539646
-eat	0.0	1.0	0.0	0.0
-cma	0.334779869149	0.222106415134	0.0779329066369	0.365180809081
-oda	0.155096011817	0.836041358937	0.00886262924666	0.0
-eac	0.235315576915	0.381469990626	0.304047179681	0.0791672527784
-ɨda	0.0545618067353	0.282302388328	0.444888577995	0.218247226941
-eam	0.0126782884311	0.969360802958	0.00845219228738	0.00950871632329
-odo	0.0	0.555921052632	0.444078947368	0.0
-eho	0.0	1.0	0.0	0.0
-bua	0.0204906574064	0.764069568682	0.186121780176	0.0293179937357
-ehe	0.256538026604	0.374614179357	0.0613226046812	0.307525189358
-sda	0.0	0.952755905512	0.0	0.0472440944881
-ovô	0.79078340139	0.0751678991615	0.0241625129451	0.109886186503
-pai	0.0780757097792	0.893533123028	0.00709779179811	0.0212933753943
-apa	0.0468666309587	0.915640064274	0.037493304767	0.0
-ngô	0.872285200413	0.0799896944779	0.0059475543585	0.0417775507507
-gyi	0.321428571429	0.589285714286	0.0535714285714	0.0357142857143
-pan	0.0094117647059	0.830588235294	0.16	0.0
-bya	0.120722177311	0.698194556723	0.181083265966	0.0
-bêc	0.171789665973	0.0235002343025	0.00572677966974	0.798983320054
-paa	0.285509325681	0.494978479197	0.202295552367	0.0172166427547
-bêa	0.441780821918	0.260273972603	0.0308219178082	0.267123287671
-pac	0.527658529037	0.407789901311	0.0455208486943	0.0190307209583
-wax	0.230469813272	0.704937666721	0.0408568784365	0.02373564157
-ɨyê	0.739051094891	0.0967153284671	0.0492700729927	0.11496350365
-duc	0.793103448276	0.0967016491754	0.0697151424288	0.0404797601199
-waa	0.438241734953	0.139075303758	0.295351794292	0.127331166996
-dug	0.119047619048	0.619047619048	0.261904761905	0.0
-ngê	0.393297514997	0.391250659058	0.155223247328	0.0602285786164
-pas	0.0538641686183	0.919594067135	0.0202966432475	0.00624512099922
-pat	0.0255500354861	0.961674946771	0.0127750177431	0.0
-koo	0.0	1.0	0.0	0.0
-dun	0.206832298137	0.693256433008	0.0743566992015	0.025554569654
-bug	0.150201612903	0.798387096774	0.0151209677419	0.0362903225807
-yôn	0.657851703032	0.280474699808	0.0	0.0616735971593
-ɨvô	0.685714285714	0.2	0.0190476190476	0.0952380952381
-ɨku	0.485074626866	0.360074626866	0.142723880597	0.0121268656716
-keb	0.480378890392	0.17050067659	0.0162381596752	0.332882273342
-sux	0.402116402116	0.174603174603	0.116402116402	0.306878306878
-suv	0.843003412969	0.122866894198	0.0273037542662	0.00682593856654
-nud	0.365979381443	0.252577319588	0.157216494845	0.224226804124
-kel	0.251662404092	0.641943734015	0.0695652173913	0.0368286445013
-sus	0.1375	0.85	0.0125	0.0
-êgê	0.40260142459	0.253555196572	0.043524478334	0.300318900505
-tum	0.283247020594	0.576385244077	0.11901956087	0.0213481744586
-ket	0.144693508977	0.813237012642	0.0267714862424	0.0152979921385
-nux	0.375638355728	0.341827056998	0.169786043057	0.112748544217
-yôv	0.0229689930628	0.528371078805	0.375541030901	0.0731188972316
-cbê	0.0469374864686	0.0421746815968	0.0328624644796	0.878025367455
-aga	0.133245541004	0.25648686958	0.0447089058614	0.565558683554
-sua	0.0845364171538	0.872128028629	0.0	0.0433355542176
-lêd	0.503753753754	0.216966966967	0.117117117117	0.162162162162
-lêg	0.212663832444	0.72372823496	0.0301235142739	0.0334844183228
-bên	0.111134206605	0.376021648757	0.49492901404	0.0179151305985
-lêc	0.168082144446	0.0307118189501	0.0084748281521	0.792731208452
-dic	0.517857142857	0.375	0.0714285714285	0.0357142857143
-lêm	0.0497036404536	0.0657704244964	0.0135368719177	0.870989063132
-lên	0.362062751865	0.440071204692	0.141786888289	0.0560791551541
-dii	0.60399859879	0.282967061272	0.0421393173225	0.0708950226151
-kov	0.117647058824	0.882352941176	0.0	0.0
-dis	0.0689387067514	0.908902423221	0.00738629000906	0.0147725800182
-môn	0.145089495333	0.429126833574	0.290291681536	0.135491989557
-lêx	0.477789081044	0.468463886063	0.0111902339776	0.0425567989149
-têc	0.547667342799	0.245436105477	0.133874239351	0.0730223123732
-tuu	0.711641666334	0.267952837857	0.0204054958088	0.0
-kos	0.0938722294655	0.898305084746	0.0	0.0078226857888
-vea	0.0828409831585	0.730661676584	0.170097348668	0.0163999915897
-ven	0.268917155903	0.621656881931	0.057240704501	0.0521852576647
-ihi	0.142477409024	0.694988215413	0.0586396904286	0.103894685135
-seb	0.319494584838	0.3059566787	0.204873646209	0.169675090253
-vev	0.470588235294	0.222816399287	0.27183600713	0.0347593582888
-vet	0.751136445631	0.0955335882819	0.105707482502	0.0476224835847
-one	0.202206477828	0.663899493982	0.0945230016753	0.0393710265154
-lua	0.411764705882	0.426470588235	0.117647058824	0.0441176470588
-via	0.0906307409675	0.850581751378	0.035823637477	0.0229638701776
-tiv	0.648498694517	0.241840731071	0.0509138381201	0.0587467362924
-men	0.0451704931395	0.829836196498	0.113322465245	0.0116708451174
-tip	0.439464161983	0.333112633767	0.0846870428825	0.142736161367
-ais	0.164383561644	0.739726027397	0.0958904109589	0.0
-tis	0.0	0.995271867612	0.0047281323877	0.0
-apê	0.350649350649	0.116883116883	0.051948051948	0.48051948052
-sol	0.121739721766	0.800094608693	0.0195571723576	0.0586084971833
-ɨyi	0.187705744511	0.0563235067298	0.140197535089	0.61577321367
-aia	0.0346651895472	0.936953371151	0.0124479996937	0.015933439608
-tia	0.154804270463	0.813167259787	0.0266903914591	0.00533807829181
-ini	0.0536082474227	0.923711340206	0.0103092783505	0.0123711340206
-kwê	0.201602460343	0.310051796698	0.440110067983	0.0482356749757
-ɨya	0.229390311239	0.6851897225	0.0216222806559	0.0637976856048
-tin	0.257142857143	0.69010989011	0.0263736263736	0.0263736263736
-ain	0.0336564046369	0.945022796046	0.0121833138957	0.00913748542178
-tii	0.330410818382	0.0931056418641	0.0935274213047	0.482956118449
-ngo	0.233243967828	0.412868632708	0.233243967828	0.120643431635
-ema	0.0	1.0	0.0	0.0
-ông	0.40250784201	0.0323694450387	0.00551722060344	0.559605492348
-emo	0.047619047619	0.952380952381	0.0	0.0
-260	0.0688073394495	0.252293577982	0.0137614678899	0.665137614679
-ɨgê	0.220049475003	0.471928441906	0.0103853064053	0.297636776685
-ems	0.00842302292934	0.989705194197	0.000935891436592	0.000935891436592
-das	0.088528057733	0.848077640911	0.0146820953092	0.048712206047
-acê	0.40285668432	0.301011073664	0.138854116514	0.157278125502
-êga	0.362217247678	0.0653194389452	0.0162401222103	0.556223191166
-êle	0.32	0.36	0.04	0.28
-mwo	0.0782804865484	0.796389390513	0.116946220465	0.00838390247342
-oho	0.0	0.870967741935	0.129032258065	0.0
-ana	0.0740491417032	0.837091888253	0.0121171322787	0.076741837765
-zap	0.158273122103	0.589414855323	0.172147713976	0.0801643085978
-xta	0.109887227905	0.404930500918	0.435877261998	0.0493050091791
-dai	0.0	1.0	0.0	0.0
-lum	0.162601626016	0.364726129013	0.372381461041	0.10029078393
-ônê	0.326315012669	0.478605360192	0.0579327377565	0.137146889383
-ame	0.209213282021	0.559576203515	0.0600241312983	0.171186383166
-000	0.117394124631	0.275833833602	0.0143796016114	0.592392440156
-xin	0.598508188747	0.345062429058	0.0369709745419	0.0194584076536
-ete	0.0645027879685	0.892879732978	0.0235687942158	0.0190486848379
-ilê	0.274509803922	0.588235294118	0.137254901961	0.0
-dêm	0.257668711656	0.638036809816	0.0122699386503	0.0920245398773
-bun	0.0306384528586	0.836797692576	0.0516393794374	0.0809244751279
-bul	0.0590339892665	0.935599284437	0.00536672629696	0.0
-bum	0.507068223725	0.298626641806	0.0562462231358	0.138058911333
-dêe	0.271186440678	0.423728813559	0.0338983050847	0.271186440678
-buc	0.032551782047	0.573356414175	0.0129754423785	0.3811163614
-dêg	0.12919230213	0.77970521018	0.052282183657	0.0388203040328
-wep	0.181818181818	0.757575757576	0.0	0.0606060606061
-lin	0.114269141531	0.577001160093	0.27972737819	0.0290023201856
-dêc	0.148886158091	0.0808880494326	0.0255726368474	0.744653155629
-bue	0.181162372271	0.717520453542	0.0242726686356	0.0770445055505
-300	0.138957816377	0.44665012407	0.116625310174	0.29776674938
-uya	0.583732057416	0.301435406699	0.0287081339713	0.0861244019139
-amê	0.283035517317	0.535186410766	0.0467681447165	0.135009927201
-weo	0.370093457944	0.416822429907	0.0897196261682	0.123364485981
-wen	0.373893930332	0.486718344498	0.0749898004281	0.0643979247423
-wem	0.0531041807473	0.237423964468	0.708313218113	0.00115863667085
-ata	0.0197836982327	0.917699815352	0.0110788710103	0.0514376154049
-wec	0.0403551566007	0.905395648356	0.0215630793248	0.0326861157186
-wee	0.207792207792	0.792207792208	0.0	0.0
-ati	0.015637842429	0.178516126576	0.0634704991093	0.742375531886
