-gkä	0.245398773006	0.754601226994	0.0	0.0
-ua'	0.184466455765	0.37493031228	0.0682334477041	0.372369784251
-hum	0.21352101831	0.094744931515	0.0192634496647	0.67247060051
-lä'	0.248571428571	0.513333333333	0.122857142857	0.115238095238
-can	0.230769230769	0.74358974359	0.025641025641	0.0
-eus	0.00822368421052	0.96097729202	0.00079584040747	0.0300031833616
-aja	0.115611995314	0.577263084451	0.0988037483508	0.208321171884
-hel	0.2	0.711111111111	0.0888888888889	0.0
-hem	0.178245614035	0.797426900585	0.0243274853801	0.0
-pu'	0.348302935684	0.487174528824	0.104830174798	0.059692360694
-hia	0.400946722499	0.218923167264	0.0116160696657	0.368514040572
-hei	0.63353115727	0.345697329377	0.0207715133531	0.0
-rbe	0.032967032967	0.963893249608	0.00313971742543	0.0
-aan	0.027149321267	0.699095022624	0.185520361991	0.0882352941176
-kho	0.014245014245	0.980056980057	0.005698005698	0.0
-hea	0.00503340504264	0.984899784872	0.0100668100853	0.0
-lem	0.337552733662	0.536979347927	0.0131144479624	0.112353470448
-aus	0.109385550304	0.890614449696	0.0	0.0
-'ba	0.0846510142149	0.800830538253	0.00910397700048	0.105414470532
-llä	0.117646562525	0.441385536324	0.363570401056	0.0773975000949
-idä	0.137490608565	0.672051089407	0.119459053343	0.0709992486852
-'bi	0.168729094235	0.375339847419	0.149285702516	0.306645355831
-'bo	0.165745856354	0.621152328335	0.213101815312	0.0
-obä	0.590041802906	0.170564132279	0.0993336368528	0.140060427962
-aua	0.577439384739	0.012628841089	0.000393559872136	0.4095382143
-zim	0.0	0.957805907173	0.042194092827	0.0
-aud	0.00562464845947	0.977126429598	0.00112492969189	0.0161239922505
-'bu	0.02309769513	0.250164824462	0.0151884843734	0.711548996035
-aui	0.662219457495	0.210966872384	0.0263558531275	0.100457816993
-aum	0.218582947851	0.715488336532	0.0176454913218	0.0482832242955
-aul	0.38785046729	0.598130841122	0.0140186915888	0.0
-zia	0.0	1.0	0.0	0.0
-nti	0.385197429129	0.376178516694	0.118144543317	0.12047951086
-läi	0.554013809313	0.153848782078	0.0551067625256	0.237030646084
--ua	0.241911097672	0.73087390384	0.0	0.0272149984881
-läm	0.47619047619	0.285714285714	0.206349206349	0.031746031746
-pus	0.00706392855341	0.978354104647	0.00100913265049	0.0135728341491
-nta	0.118674266687	0.57412930834	0.0306285725823	0.27656785239
-uam	0.412731331618	0.368163315854	0.0755014784537	0.143603874074
-kia	0.0	1.0	0.0	0.0
-apa	0.169718336556	0.728117062815	0.034610864703	0.0675537359263
-pum	0.394281854858	0.237670252039	0.0823446963842	0.285703196719
-he'	0.395595461556	0.324318615671	0.105450676104	0.174635246669
-ntu	0.334631842474	0.405184567035	0.160504962625	0.0996786278652
-pui	0.439536031589	0.379812438302	0.0814412635736	0.0992102665351
-lus	0.0454382760563	0.836472210671	0.00376349462846	0.114326018644
-kko	0.151195773805	0.103182658027	0.0111900486637	0.734431519505
-meä	0.504927758109	0.495072241891	0.0	0.0
-'im	0.612498701304	0.16256709532	0.0245495498731	0.200384653503
-opi	0.260499652353	0.465116821125	0.06886524726	0.205518279262
-au'	0.456813984996	0.218316476179	0.112650415293	0.212219123532
-ope	0.0	0.989010989011	0.0	0.010989010989
-luä	0.364238410596	0.456953642384	0.0993377483444	0.0794701986755
-opa	0.33418204965	0.404201145767	0.0547422024189	0.206874602164
-imä	0.684065934066	0.10989010989	0.0164835164835	0.18956043956
-dea	0.00401965163019	0.97543546226	0.00535953550692	0.0151853506029
-gka	0.387663518901	0.184525377555	0.084738490229	0.343072613315
-dee	0.170425257732	0.100837628866	0.0335051546392	0.695231958763
-oku	0.0920024061718	0.462738732779	0.0499968532426	0.395262007807
-dei	0.59344206697	0.190366470293	0.0735707566746	0.142620706063
-gko	0.511882729076	0.278809465418	0.0623217123329	0.146986093173
-dek	0.055696481747	0.94264916731	0.0	0.00165435094298
-gki	0.190451590364	0.459082860434	0.0634668914285	0.286998657774
-dem	0.321279044015	0.20462286704	0.0502786860817	0.423819402864
-gku	0.153338719415	0.454978195993	0.0528173595559	0.338865725036
-hä'	0.276887971665	0.291763641577	0.203825416891	0.227522969868
-oko	0.415603955653	0.397205377117	0.0489861264269	0.138204540804
-des	0.0171209609479	0.930157349784	0.0391336250238	0.0135880642444
-oki	0.392864795372	0.447289479323	0.0439254338976	0.115920291408
-aka	0.124132852126	0.0451395495769	0.0203705615973	0.8103570367
-te'	0.0270124257158	0.863857374392	0.0270124257158	0.0821177741762
-oke	0.0212765957447	0.893617021277	0.0851063829787	0.0
-'ta	0.220164993094	0.607376161857	0.0696554555975	0.102803389451
-oka	0.404249699081	0.130583523959	0.104960480733	0.360206296228
-oim	0.783236437682	0.120687324082	0.0215096055753	0.074566632661
-lla	0.404347540553	0.459709726144	0.12806199514	0.00788073816247
-eä'	0.586239729137	0.143634090893	0.0491782342111	0.220947945759
-lle	0.204052595877	0.249824903873	0.372458673842	0.173663826409
-lli	0.784475913182	0.154314452091	0.0311011116993	0.030108523028
-llo	0.0439189431448	0.586334286189	0.0179630178913	0.351783752775
-obe	0.380218488742	0.312080985069	0.187905659873	0.119794866316
-me'	0.0681672025723	0.356270096463	0.52154340836	0.0540192926045
-täm	0.301937567277	0.265339074273	0.19052744887	0.24219590958
-llu	0.287980407608	0.0859522537809	0.0391885605081	0.586878778103
-bia	0.0301724137931	0.939655172414	0.0215517241379	0.00862068965516
-bim	0.109031699575	0.654561193784	0.183230965827	0.0531761408137
-bii	0.381910970226	0.529387730032	0.0201891261793	0.0685121735624
-eja	0.0762711864407	0.906779661017	0.0127118644068	0.00423728813558
-ter	0.0102739726027	0.958904109589	0.0308219178082	0.0
-uta	0.0412779135459	0.0518546368395	0.856585964322	0.0502814852925
-de'	0.548991335138	0.199884319967	0.0443712956186	0.206753049276
-ril	0.0	1.0	0.0	0.0
-rim	0.0	1.0	0.0	0.0
-ntä	0.363065055912	0.243741833972	0.0328273204063	0.36036578971
-puä	0.123082411702	0.675347841598	0.169461291473	0.0321084552265
-tea	0.0124481327801	0.98755186722	0.0	0.0
-a'i	0.586190509222	0.220153755396	0.0770567964785	0.116598938904
-ris	0.0	1.0	0.0	0.0
-utu	0.471115332365	0.260384350392	0.172042927042	0.0964573902009
-tei	0.633438107433	0.224591149748	0.0339486810462	0.108022061773
-tem	0.485051294577	0.11395538186	0.284399934864	0.116593388699
-aä'	0.427651238578	0.190756619723	0.0457511447927	0.335840996906
-jim	0.375533740473	0.196123086799	0.176031440847	0.25231173188
-ara	0.0512643163741	0.901539963789	0.0303110442053	0.0168846756311
-mes	0.0	0.963302752294	0.0366972477064	0.0
-jii	0.48631840796	0.404228855721	0.0646766169154	0.044776119403
-eäi	0.673890561127	0.180091454295	0.0908221828474	0.0551958017305
-e'i	0.53039016873	0.31348742162	0.0785271686614	0.0775952409884
-eäm	0.778481012658	0.126582278481	0.0506329113924	0.0443037974684
-bi'	0.30293544537	0.105286854509	0.0324286617897	0.559349038331
-ile	0.709664536741	0.144568690096	0.033945686901	0.111821086262
-mea	0.0	1.0	0.0	0.0
-lum	0.192415120104	0.437030600211	0.129725032586	0.240829247098
-mem	0.579186647568	0.245189014137	0.175624338295	0.0
-lua	0.0892143808256	0.352197070573	0.534620505992	0.0239680426098
-nau	0.333333333333	0.166666666667	0.0	0.5
-mei	0.443928847641	0.46094354215	0.0827532869297	0.0123743232792
-aya	0.00452147701583	0.985143718377	0.0	0.0103348046076
-rah	0.025641025641	0.945512820513	0.00961538461538	0.0192307692308
-ägä	0.592891383141	0.183327487431	0.0501578393546	0.173623290074
-ila	0.0607752231369	0.867789447125	0.0280695114644	0.0433658182736
-mos	0.0	1.0	0.0	0.0
-'na	0.185797369823	0.557791174388	0.0641908119227	0.192220643867
-ki'	0.407570832155	0.3306204058	0.123679674381	0.138129087664
-alo	0.577850701961	0.269892146081	0.0941391138344	0.0581180381229
-na'	0.430060356919	0.290063108608	0.0754128091413	0.204463725332
-dab	0.0	1.0	0.0	0.0
-ubo	0.481346184752	0.291228491715	0.0861081091781	0.141317214355
-uba	0.316711590296	0.666442048518	0.00876010781671	0.00808625336929
-si'	0.391902999686	0.452002554125	0.133869323333	0.0222251228555
-ube	0.475806451613	0.458525345622	0.0345622119816	0.0311059907834
-nsi	0.0391451544647	0.874100719424	0.0089928057554	0.0777613203555
-ota	0.0452167706248	0.76832262475	0.028833308014	0.157627296611
-ndo	0.0844271288431	0.0501848853928	0.00585103949357	0.85953694627
-ä'i	0.31474676285	0.153556272861	0.0464686807212	0.485228283567
-oti	0.0222142170989	0.952349503682	0.0143291706692	0.0111071085495
-hhä	0.262327562721	0.453847487431	0.20816306313	0.0756618867177
-'i'	0.391304347826	0.234782608696	0.0	0.373913043478
-uma	0.300587614886	0.604489980413	0.0	0.094922404701
-'mu	0.206565133574	0.455794667373	0.0437188865205	0.293921312533
-nua	0.0517833792412	0.865656473051	0.00351910893204	0.0790410387762
-ako	0.071962955937	0.0280091529839	0.0110299408382	0.888997950241
ALL	0.214814665153	0.270875461879	0.0507979868276	0.46351188614
-nai	0.444988504584	0.282243444416	0.1162961848	0.1564718662
-nan	0.0181050090525	0.981894990948	0.0	0.0
-aki	0.150744655297	0.247416393093	0.459380254624	0.142458696987
-nam	0.362379386499	0.305346554414	0.0763983191396	0.255875739947
-sis	0.0	1.0	0.0	0.0
-sir	0.019197805965	0.909267512284	0.0537081476403	0.0178265341104
-ake	0.148622230906	0.165259529525	0.266236864245	0.419881375324
-ebo	0.568372803667	0.136745607334	0.0664629488159	0.228418640183
-kim	0.168929110105	0.79939668175	0.00904977375565	0.0226244343891
-sii	0.464433930363	0.291327932213	0.0559488244319	0.188289312992
-sih	0.0437384898711	0.901012891344	0.0	0.0552486187846
-sim	0.130583333646	0.142549816624	0.0573647246587	0.669502125071
-äju	0.0909090909091	0.136363636364	0.0	0.772727272727
-nas	0.0396600566573	0.929178470255	0.014164305949	0.0169971671388
-sia	0.141958106381	0.596776793837	0.0781964324786	0.183068667304
-aun	0.0571428571429	0.908571428571	0.0114285714286	0.0228571428571
-ub'	0.0	1.0	0.0	0.0
-goi	0.381147540984	0.545081967213	0.0737704918032	0.0
-gom	0.617532565508	0.177920836896	0.0264547603481	0.178091837248
-mor	0.0	0.972972972973	0.027027027027	0.0
-gon	0.0	1.0	0.0	0.0
-gog	0.0277777777778	0.953703703704	0.0185185185185	0.0
-dam	0.405151324175	0.208755358619	0.174419659613	0.211673657592
-mon	0.016586714367	0.969834945931	0.00146353362062	0.0121148060818
-mom	0.304359068767	0.214888873279	0.0681764314037	0.41257562655
-moi	0.0734968690932	0.0816759459001	0.0185050611399	0.826322123867
-ha'	0.405166153257	0.379809718857	0.120115032802	0.0949090950841
-ber	0.0	1.0	0.0	0.0
-mfa	0.0	1.0	0.0	0.0
-bet	0.022933588151	0.680363115146	0.0	0.296703296703
--um	0.265217726949	0.391166853229	0.0567132246307	0.286902195191
-bei	0.730597189659	0.152309550454	0.0592481103021	0.0578451495845
-ben	0.0	1.0	0.0	0.0
-bel	0.0351768046282	0.594400782999	0.020466504511	0.349955907862
-bem	0.392789774974	0.448671661567	0.0775661435447	0.0809724199142
-yan	0.0	0.91637630662	0.0836236933798	0.0
-bed	0.272727272727	0.727272727273	0.0	0.0
-hho	0.525387082659	0.194457803273	0.0163825183556	0.263772595712
-amo	0.276333515374	0.0365207063584	0.0537166698163	0.633429108452
-isi	0.0196585161134	0.960020321163	0.0053011728845	0.0150199898394
-ish	0.0	1.0	0.0	0.0
-nte	0.343008588957	0.588142331288	0.0482355828221	0.0206134969325
-hha	0.592923553144	0.231976823218	0.0762502794559	0.0988493441814
-rea	0.00727435510044	0.967489228359	0.0101281405629	0.0151082759778
-hhe	0.436290860574	0.439626417612	0.104069379586	0.0200133422282
-mo'	0.0671516508114	0.932848349189	0.0	0.0
-umä	0.250756572726	0.56057310384	0.148950255343	0.0397200680915
-upa	0.102262610994	0.299154913145	0.388278351117	0.210304124744
-res	0.0134932533733	0.941529235382	0.00599700149925	0.0389805097451
-isu	0.517710049423	0.113261943987	0.00988467874793	0.359143327842
-ret	0.00876062870394	0.986292192734	0.00371038392167	0.00123679464056
-upi	0.285999500874	0.154388910316	0.0637066951017	0.495904893709
-hab	0.0130548302872	0.97911227154	0.00783289817234	0.0
-hai	0.104571890343	0.0360101869651	0.00502675302732	0.854391169664
-mas	0.0223880597015	0.974978050922	0.0	0.00263388937665
-mar	0.0	1.0	0.0	0.0
-ham	0.332958942894	0.259801830673	0.0424645533419	0.364774673091
-ebu	0.132757023773	0.502751393858	0.0648348255634	0.299656756806
-mai	0.136799032771	0.0351105450825	0.0307724137	0.797318008446
-har	0.0	1.0	0.0	0.0
-has	0.0	1.0	0.0	0.0
-mam	0.435616438356	0.15626223092	0.220450097847	0.187671232877
-ugi	0.218894009217	0.557603686636	0.154377880184	0.0691244239631
-man	0.028659160696	0.584442169908	0.386898669396	0.0
-jui	0.424293853801	0.386471087404	0.142562734877	0.046672323918
-be'	0.274405339595	0.644289374599	0.0158283835499	0.065476902256
-siä	0.023766298069	0.548605380426	0.377455025582	0.0501732959234
-kä'	0.547131228753	0.281055833099	0.0448207664735	0.126992171675
-uni	0.422028158973	0.250757440741	0.183567991445	0.14364640884
-hoä	0.0191082802548	0.842179759377	0.125973106865	0.0127388535032
-se'	0.604776323933	0.264847272567	0.0939074794448	0.0364689240562
-ung	0.0	0.878787878788	0.121212121212	0.0
-una	0.106253670395	0.151151991915	0.550729981836	0.191864355854
-dii	0.467654834507	0.267894401695	0.0275091079122	0.236941655885
-unu	0.495856298822	0.418097466196	0.0491692771324	0.0368769578492
-ui'	0.392273402675	0.484398216939	0.0475482912333	0.075780089153
-ia'	0.437390355494	0.242415783594	0.0689677927631	0.251226068149
-gad	0.0	1.0	0.0	0.0
-tra	0.00664451827243	0.993355481728	0.0	0.0
-oo'	0.017430693564	0.303604933885	0.664364778897	0.0145995936539
-ada	0.329179895842	0.240832817191	0.0564932008329	0.373494086134
-äim	0.589983329709	0.250924113938	0.045299702834	0.113792853519
-gam	0.259300990185	0.432813917828	0.0684395985573	0.23944549343
-pi'	0.27965795626	0.507808983808	0.0935001617299	0.119032898202
-äii	0.440860215054	0.408602150538	0.150537634409	0.0
-gai	0.447960020581	0.314023303461	0.0673199765753	0.170696699383
-adi	0.332219236267	0.0783029487513	0.0102796566748	0.579198158307
-ku'	0.161073996418	0.190810081237	0.0641749361222	0.583940986223
-adu	0.0521299562951	0.827602548576	0.0219051129482	0.0983623821811
-mbä	0.173852903672	0.673128876786	0.0535996023255	0.0994186172167
-gar	0.00662983425414	0.909392265193	0.0707182320442	0.0132596685083
-lam	0.256153938738	0.31786975781	0.0472945734839	0.378681729968
-ne'	0.35991153435	0.552315922347	0.0317569000897	0.0560156432138
-sem	0.114671163575	0.860033726813	0.0202360876897	0.00505902192243
-nos	0.0	1.0	0.0	0.0
-sei	0.542819545839	0.306235631025	0.0797301657727	0.071214657363
-ino	0.0435798168453	0.884171130052	0.0214515808242	0.0507974722784
-ina	0.237623762376	0.613861386139	0.148514851485	0.0
-ine	0.0531396771225	0.547900672725	0.0144420401441	0.384517610008
-sea	0.0212765957447	0.978723404255	0.0	0.0
-uii	0.877192982456	0.0877192982456	0.0350877192982	0.0
-ohe	0.51724137931	0.221415607985	0.0	0.261343012704
--mi	0.511111111111	0.466666666667	0.0222222222222	0.0
-oha	0.0212765957447	0.851063829787	0.127659574468	0.0
-oho	0.128238626269	0.223983863045	0.616736865208	0.0310406454782
-ses	0.0264900662252	0.973509933775	0.0	0.0
-ohi	0.350978856695	0.0873923257635	0.08942834769	0.472200469851
-ga'	0.117063946295	0.261353057891	0.195172407184	0.42641058863
-äi'	0.0400076204992	0.367927224233	0.438464469423	0.153600685845
-kus	0.021241149521	0.978758850479	0.0	0.0
-lau	0.590117133113	0.0772478189227	0.0136037911786	0.319031256786
-iam	0.294217585612	0.196198352705	0.0479469102453	0.461637151438
-iä'	0.4303651133	0.289136608876	0.0506425437304	0.229855734094
-ian	0.0	0.9	0.1	0.0
-oom	0.118571700188	0.101120948342	0.0160784994503	0.76422885202
-nes	0.0373592947272	0.911434154796	0.0112520006013	0.0399545498758
-äna	0.105224753403	0.625194683467	0.0423062507403	0.22727431239
-nem	0.322947872978	0.274415817855	0.38106650689	0.0215698022768
-fus	0.0	1.0	0.0	0.0
-ias	0.00951126719345	0.962637791435	0.0251682762657	0.00268266510585
-nei	0.516095534787	0.234683281412	0.151609553479	0.0976116303219
-sa'	0.270015151049	0.388346891008	0.164307814708	0.177330143235
-kum	0.22404296007	0.682917766209	0.0351761388678	0.0578631348532
-kui	0.669999572704	0.159829936333	0.0268128017775	0.143357689185
-ke'	0.475104446555	0.33224335995	0.140726988983	0.0519252045111
-bä'	0.392168521965	0.494554730776	0.05061824281	0.0626585044493
-bam	0.230682736568	0.40390269042	0.154225767283	0.211188805728
-eke	0.0374531835206	0.865168539326	0.0861423220974	0.0112359550562
-bai	0.581455138303	0.226484610213	0.0294720825901	0.162588168894
-eki	0.0554822384193	0.150858415866	0.0354868392377	0.758172506477
-hoi	0.505578915813	0.300734850756	0.0817032762239	0.111982957207
-eko	0.47917560548	0.279265649014	0.0580245550564	0.18353419045
-hom	0.529106922292	0.208823371462	0.0963965415392	0.165673164706
-hor	0.0	1.0	0.0	0.0
-jom	0.221757322176	0.502092050209	0.0125523012552	0.26359832636
-joi	0.272360457297	0.264963012777	0.246133154001	0.216543375925
-eku	0.0441592692868	0.444873851063	0.00684329702375	0.504123582626
-uuu	0.80078125	0.19921875	0.0	0.0
-otä	0.0801901163853	0.511181524587	0.377917250625	0.0307111084029
-bau	0.0306855277475	0.952992383025	0.00848748639825	0.00783460282916
-bas	0.0326968349463	0.930944284593	0.00653936698928	0.0298195134711
-ase	0.153322820539	0.466637382886	0.287347163264	0.092692633311
-nya	0.0	1.0	0.0	0.0
-mbu	0.288819875776	0.692546583851	0.0186335403726	0.0
-asa	0.139810124239	0.609474692102	0.142256690206	0.108458493452
-yer	0.0	1.0	0.0	0.0
-asi	0.00931057415204	0.739303923742	0.242074927954	0.00931057415206
-gä'	0.224355830535	0.659071188743	0.0965782623458	0.0199947183763
-näi	0.4	0.428571428571	0.0	0.171428571429
-mba	0.18538684166	0.247372773548	0.059924190748	0.507316194044
-asu	0.0389711613406	0.961028838659	0.0	0.0
-mbe	0.199961599746	0.657295386232	0.044910642167	0.0978323718557
-lta	0.0456273764259	0.863117870722	0.0456273764259	0.0456273764259
-po'	0.0452214635429	0.0219801885918	0.00885260813572	0.92394573973
-zor	0.0	1.0	0.0	0.0
-mbo	0.672179562906	0.28529238039	0.0425280567041	0.0
-ho'	0.449567149248	0.358843883574	0.0503224185941	0.141266548584
-bäm	0.275174423267	0.231094121735	0.0711058836109	0.422625571387
-ba'	0.680733668391	0.138532556923	0.0171993168461	0.16353445784
-rat	0.0	1.0	0.0	0.0
-bäi	0.541479108558	0.243392891663	0.0697647123802	0.145363287399
-ras	0.0465116279069	0.94315245478	0.0103359173127	0.0
-ran	0.093896713615	0.906103286385	0.0	0.0
-eri	0.0	1.0	0.0	0.0
-ram	0.0	1.0	0.0	0.0
-rak	0.0	1.0	0.0	0.0
-iwe	0.014243278239	0.985756721761	0.0	0.0
-era	0.0238095238095	0.630952380952	0.345238095238	0.0
-rab	0.00869565217392	0.991304347826	0.0	0.0
-aho	0.304478707203	0.304670054366	0.332233909084	0.0586173293459
-gäi	0.536873814571	0.353341515118	0.0515452415486	0.0582394287627
-ugu	0.296424452134	0.565167243368	0.110726643599	0.0276816608996
-ela	0.251363015413	0.0978793015596	0.100080496726	0.550677186302
-gäm	0.12585968057	0.0589413328684	0.0112723781835	0.803926608378
-poi	0.459043511653	0.400708176913	0.0625723235627	0.0776759878708
-änä	0.101754385965	0.251461988304	0.597660818714	0.0491228070175
-uga	0.00641133213713	0.904126918559	0.064999720311	0.024462028993
-pom	0.304474894596	0.320285550019	0.108997700268	0.266241855117
-poa	0.0696864111498	0.261324041812	0.668989547038	0.0
-aza	0.0	1.0	0.0	0.0
-nä'	0.238136680279	0.525881195366	0.0777276887701	0.158254435585
-to'	0.295450168381	0.388382505753	0.120368969963	0.195798355902
-ike	0.00530035335689	0.994699646643	0.0	0.0
-aha	0.107283876663	0.547527597538	0.0382252020581	0.306963323741
-uju	0.434840686756	0.32936523527	0.0688851346927	0.166908943281
-ika	0.0747154873825	0.795535763374	0.0467315410413	0.0830172082027
-iko	0.220180745624	0.106746811815	0.0198105020733	0.653261940488
-aat	0.0	1.0	0.0	0.0
-nor	0.0	1.0	0.0	0.0
-lao	0.255389510645	0.0766435722489	0.0234789641218	0.644487952985
-lah	0.0	1.0	0.0	0.0
-lai	0.421183390662	0.189099231699	0.0536601316386	0.336057246
-lak	0.0872727272725	0.912727272727	0.0	0.0
-aam	0.17374828271	0.147752728525	0.0408921643698	0.637606824395
-noi	0.361554396195	0.13329241471	0.167254871874	0.337898317222
-ppi	0.39190897598	0.524057410575	0.0490815795345	0.0349520339109
-fos	0.0	1.0	0.0	0.0
-iks	0.0547368421052	0.922105263158	0.018947368421	0.00421052631579
-nom	0.370666666667	0.377333333333	0.216	0.036
-non	0.0	1.0	0.0	0.0
-las	0.0476950071782	0.903493380124	0.0019141808901	0.0468974318073
-uji	0.468689769107	0.372005664162	0.0521181607206	0.10718640601
-ppa	0.324215633687	0.0772454127879	0.0332315919308	0.565307361594
-epi	0.260509302391	0.108367917337	0.100223031535	0.530899748737
-uki	0.00541516245488	0.986462093863	0.00812274368231	0.0
-ujo	0.637065637066	0.03861003861	0.0	0.324324324324
--ia	0.647600262985	0.0565417488494	0.0131492439185	0.282708744247
-gei	0.235702914356	0.109668114234	0.0162569609008	0.638372010509
-ahi	0.528586272737	0.323708919307	0.0862596078461	0.0614452001096
-dos	0.0	1.0	0.0	0.0
-gem	0.630794701987	0.0943708609271	0.145695364238	0.129139072848
-lo'	0.346556634582	0.307822493396	0.0770166247255	0.268604247297
-boo	0.876019575856	0.109298531811	0.0	0.0146818923328
-boi	0.477606905751	0.22201054875	0.133085969243	0.167296576256
-ahe	0.262572969152	0.471348965131	0.171131185235	0.0949468804825
-dod	0.0	0.877551020408	0.0612244897959	0.061224489796
-epu	0.231774918941	0.184342641983	0.562702646167	0.0211797929087
-eim	0.565348238306	0.235678625233	0.0649825561272	0.133990580333
-ätä	0.127894527894	0.748382708979	0.0364459948455	0.0872767682816
-don	0.0	1.0	0.0	0.0
-dom	0.21815769546	0.43522612572	0.23297433807	0.11364184075
-dok	0.0	1.0	0.0	0.0
-doi	0.326148440469	0.362189635325	0.0927944339014	0.218867490304
-mpo	0.219872003435	0.510634007317	0.243175145944	0.026318843304
-la'	0.369636044249	0.341143206972	0.0525969023198	0.236623846459
-mia	0.0	0.990747879722	0.0	0.00925212027755
-sau	0.0806451612903	0.870967741936	0.0376344086021	0.0107526881721
-mpi	0.277091898995	0.214207661358	0.0356751599383	0.473025279709
-too	0.199220513882	0.0161044862827	0.000688307610833	0.783986692224
-mpe	0.379771764762	0.095456199169	0.0285218437081	0.496250192361
-toi	0.166717860464	0.0663555766876	0.0191450776112	0.747781485237
-lfa	0.00351900261411	0.958475769153	0.0380052282325	0.0
-oli	0.632706426632	0.21261188776	0.0796540279594	0.0750276576486
-ibi	0.323462414579	0.526195899772	0.0956719817767	0.0546697038725
-'um	0.433905802851	0.154834834212	0.0616471325604	0.349612230377
-olo	0.185039265586	0.247724536543	0.242347137456	0.324889060415
-ola	0.0703364173512	0.0382284306522	0.0143068192569	0.87712833274
-aa'	0.241958293797	0.477604230925	0.0516302197601	0.228807255518
-mpu	0.42408835888	0.391218696434	0.0679403659204	0.116752578766
-ole	0.055760485214	0.0535892382502	0.0627991429539	0.827851133582
-sam	0.358482126866	0.375713260247	0.0518920205394	0.213912592347
-no'	0.628510392385	0.247274474537	0.0424656022129	0.0817495308655
-lon	0.0162601626016	0.891598915989	0.0108401084011	0.0813008130081
-ima	0.40067336989	0.265660370666	0.0282028561817	0.305463403262
-bo'	0.117736010146	0.755933739957	0.0769006852574	0.0494295646391
-iel	0.0163844893501	0.9781540142	0.00546149645005	0.0
-loi	0.429453280884	0.315733953823	0.0948358095431	0.15997695575
-loe	0.170454545455	0.736570247934	0.0619834710744	0.0309917355371
-ge'	0.751679406996	0.192726430391	0.0416956219597	0.0138985406532
-der	0.0	1.0	0.0	0.0
-ämu	0.120510396975	0.727079395085	0.134688090737	0.0177221172023
-do'	0.514542041899	0.410265367596	0.0276425386858	0.0475500518188
-lot	0.0368298286536	0.875146880864	0.0368298286536	0.0511934618285
-ahu	0.110464094816	0.0411054956639	0.731256796177	0.117173613342
-los	0.0114358322745	0.97331639136	0.00381194409149	0.0114358322744
-okh	0.0122324159022	0.981651376147	0.00611620795107	0.0
-hak	0.00210452472817	0.991581901087	0.00420904945633	0.00210452472817
-ipo	0.384615384615	0.487179487179	0.102564102564	0.0256410256411
-ipa	0.00367197062424	0.982252141983	0.00305997552019	0.0110159118727
-ida	0.0	1.0	0.0	0.0
-ipe	0.150494632709	0.286255525153	0.219953693959	0.343296148179
-ewa	0.0	1.0	0.0	0.0
-rdi	0.0	0.65034965035	0.34965034965	0.0
-ewi	0.0519906323185	0.942388758782	0.00421545667448	0.00140515222482
-ppä	0.404494382022	0.561797752809	0.00674157303371	0.0269662921348
-boä	0.155660377358	0.702830188679	0.141509433962	0.0
-awi	0.0	0.783439490446	0.171974522293	0.0445859872612
-awa	0.0566037735849	0.943396226415	0.0	0.0
-toa	0.195121951219	0.414634146341	0.390243902439	0.0
-ämä	0.227777777778	0.138888888889	0.633333333333	0.0
-äta	0.108569212873	0.781310585498	0.0984877859636	0.011632415665
-ngi	0.568568350916	0.305696555275	0.0174373123996	0.10829778141
-hau	0.599033816425	0.188405797101	0.183574879227	0.0289855072464
-äbä	0.215120003203	0.114113971349	0.0314687297743	0.639297295674
-tom	0.261070243762	0.356844079042	0.177917207558	0.204168469638
-stu	0.0344827586207	0.913793103448	0.051724137931	0.0
-mpä	0.463948063489	0.404297598183	0.0734368443139	0.0583174940139
-ma'	0.419348950633	0.431151365145	0.0637469106733	0.0857527735492
-mpa	0.304068522484	0.489275810019	0.122863060343	0.0837926071542
-olä	0.522496371553	0.433962264151	0.0145137880987	0.0290275761974
-sta	0.0137931034483	0.986206896552	0.0	0.0
-obo	0.127272727273	0.8	0.0727272727273	0.0
-ssi	0.278426959295	0.54788874773	0.0988878292857	0.074796463689
-'bä	0.136404413574	0.471185787957	0.347930098391	0.0444797000784
-sso	0.475169825367	0.335091038804	0.106610006514	0.0831291293154
-ssa	0.379222753505	0.177073128642	0.0822997095762	0.361404408277
-aii	0.772785622593	0.134788189987	0.0924261874198	0.0
-lui	0.35841342552	0.332020463643	0.154033863476	0.155532247362
-'do	0.352517985611	0.63309352518	0.0	0.0143884892086
-sse	0.340579710145	0.268115942029	0.217391304348	0.173913043478
-red	0.0	1.0	0.0	0.0
-hya	0.0498269896194	0.950173010381	0.0	0.0
-jum	0.355916328442	0.434904776772	0.018732438339	0.190446456447
-ssu	0.105151819578	0.393916595489	0.479024955855	0.0219066290787
-lei	0.482583912233	0.197523729577	0.050862766595	0.269029591595
-ioi	0.367911438224	0.243876689189	0.0452461389961	0.342965733591
-ois	0.0	1.0	0.0	0.0
-ion	0.00408441116406	0.955071477195	0.0122532334922	0.0285908781484
-iom	0.437052707386	0.161452941441	0.0549129045326	0.34658144664
-leo	0.408046453129	0.114317776154	0.34478343714	0.132852333577
-mum	0.780358695806	0.150577889803	0.0203049110007	0.0487585033899
-lea	0.0180765797849	0.931435217325	0.0366941046007	0.0137940982897
-sad	0.0	1.0	0.0	0.0
-mui	0.616047186593	0.150360453141	0.0435352495085	0.190057110757
-leg	0.0	1.0	0.0	0.0
-uno	0.553571428571	0.317857142857	0.0857142857143	0.0428571428571
-mus	0.037771042201	0.925856843087	0.00279785497785	0.0335742597342
-mur	0.0	0.970331588133	0.0296684118673	0.0
-ios	0.0	1.0	0.0	0.0
-täi	0.344129554656	0.623481781377	0.0323886639675	0.0
-les	0.0	1.0	0.0	0.0
-sai	0.278055732635	0.386060523138	0.107349070157	0.22853467407
-oii	0.420634920635	0.436507936508	0.0	0.142857142857
-iot	0.0260663507109	0.973933649289	0.0	0.0
-eem	0.344777789852	0.0952250740634	0.0161351316652	0.543862004419
-eel	0.0	1.0	0.0	0.0
-pe'	0.240371429691	0.312091055127	0.0478979743761	0.399639540806
-bka	0.0423814328961	0.901109989909	0.0282542885974	0.0282542885975
-alu	0.0974853599725	0.751200583575	0.0501003019189	0.101213754534
-ndu	0.095029239766	0.772660818714	0.0263157894737	0.105994152047
-ndi	0.226196014363	0.243969267986	0.0465285345049	0.483306183146
-äam	0.404109589041	0.328767123288	0.246575342466	0.0205479452055
-gim	0.405086451377	0.0623215480839	0.00652417797765	0.526067822562
-gii	0.671499669169	0.155202669659	0.0279048358793	0.145392825293
-ali	0.396635704153	0.23296059339	0.107576884851	0.262826817606
-nda	0.238993516367	0.506451922405	0.0589847457636	0.195569815465
-ale	0.218536028692	0.327926312357	0.0609082346122	0.392629424338
-nde	0.190003947752	0.12315073809	0.0338951134845	0.652950200673
-gia	0.0	0.933601609658	0.0543259557344	0.0120724346076
-ala	0.153781006992	0.496778410699	0.024130805204	0.325309777105
-io'	0.793733681462	0.10182767624	0.0731070496083	0.0313315926893
-le'	0.257955881426	0.0934047997962	0.0299616312101	0.618677687568
-oi'	0.0942944768107	0.830080697712	0.0153578808237	0.060266944654
-häm	0.403890365151	0.219926551817	0.25802406473	0.118159018302
-lom	0.341873711779	0.445646474422	0.0887234092995	0.123756404499
-tä'	0.148358814361	0.0625841309905	0.011494979983	0.777562074666
-häi	0.428911175146	0.247197090763	0.036805878874	0.287085855218
-yol	0.0	1.0	0.0	0.0
-häe	0.562198224013	0.168976787561	0.144899175411	0.123925813014
-emu	0.0531381158199	0.373716478603	0.0113873720877	0.56175803349
-ähä	0.391521624358	0.306419830636	0.111155295186	0.190903249821
-ros	0.0294117647059	0.338235294118	0.632352941176	0.0
-pei	0.675990675991	0.221445221445	0.0815850815851	0.020979020979
-'du	0.28736284674	0.691863935423	0.0	0.0207732178366
-rki	0.124876114965	0.847373637265	0.02775024777	0.0
-eli	0.0130151843818	0.973969631236	0.0	0.0130151843818
-elo	0.159800249688	0.621722846442	0.0836454431959	0.134831460674
-mi'	0.0458245876753	0.0617179115884	0.0667227624676	0.825734738269
-gi'	0.140405145067	0.702500867604	0.0398890688829	0.117204918446
-äa'	0.410844046954	0.295935478719	0.0699512896271	0.2232691847
-iya	0.0759276861908	0.0300535756394	0.000196990611796	0.893821747558
-ele	0.378393998027	0.272182447108	0.094394743193	0.255028811672
-dä'	0.204758517098	0.620650628484	0.0815715902013	0.0930192642159
-isa	0.0	1.0	0.0	0.0
-itu	0.0203007234026	0.0863159489452	0.0145438018407	0.878839525811
-leä	0.019801980198	0.980198019802	0.0	0.0
-sye	0.0	1.0	0.0	0.0
-ssä	0.0612244897959	0.724489795918	0.214285714286	0.0
-eso	0.45057553882	0.24917724464	0.0838645066198	0.21638270992
-esa	0.0332424753504	0.057573316828	0.0545828657569	0.854601342065
-ite	0.0714285714286	0.928571428571	0.0	0.0
-aku	0.278632715821	0.316274889021	0.0466845357765	0.358407859381
-ita	0.588951903054	0.0846815861362	0.0247827257156	0.301583785094
-'di	0.665570175439	0.169407894737	0.0444078947368	0.120614035088
-ko'	0.538111888933	0.319275220768	0.051906259205	0.0907066310939
-mäi	0.569965870307	0.332764505119	0.00511945392491	0.0921501706484
-ae'	0.740740740741	0.254814814815	0.00444444444444	0.0
-udu	0.638363028953	0.228145879733	0.0420378619154	0.0914532293987
-'da	0.307440823307	0.0962962067694	0.0615606814158	0.534702288508
-ute	0.151174668029	0.210418794688	0.564862104188	0.073544433095
-fan	0.0	1.0	0.0	0.0
-lu'	0.566718444629	0.209300256042	0.133860684273	0.0901206150553
-o'i	0.51711119502	0.246067539102	0.0778344365915	0.158986829287
-fas	0.00487804878048	0.987804878049	0.0	0.00731707317075
-uda	0.119412271856	0.37896091529	0.350707228989	0.150919583866
-fat	0.0222531293463	0.977746870654	0.0	0.0
-so'	0.693408597304	0.153126664754	0.0480473712248	0.105417366717
-udi	0.0851210949035	0.692262263177	0.124389323766	0.0982273181527
-ndä	0.276733411572	0.406442443154	0.296242033276	0.0205821119983
-loa	0.0428571428571	0.685714285714	0.25	0.0214285714286
-abu	0.0245373683673	0.957059605357	0.0184030262755	0.0
-hui	0.520249942143	0.264984957186	0.128211062254	0.086554038417
-hud	0.0	1.0	0.0	0.0
-däi	0.800256081946	0.0998719590268	0.0	0.0998719590269
-'ki	0.320429785071	0.34057687455	0.0528161674084	0.286177172971
-hua	0.375410463781	0.173572514301	0.0753628905933	0.375654131325
-däm	0.359569881727	0.428001299259	0.168578833438	0.0438499855764
-'ku	0.266488473015	0.37208898218	0.0329872433086	0.328435301496
-abe	0.20446980504	0.618640038041	0.174037089872	0.00285306704707
-aba	0.211378537993	0.546824466589	0.0407195423639	0.201077453055
-abo	0.0331109830147	0.0240960872242	0.033916299614	0.908876630147
-ron	0.00787401574805	0.984251968504	0.00787401574802	0.0
-ria	0.0102881724888	0.779283715145	0.0164818078159	0.193946304551
-hus	0.0134303301623	0.979854504757	0.0	0.00671516508114
-peä	0.509675316208	0.0880166905725	0.059590559395	0.342717433824
-tua	0.0651397583987	0.63241777621	0.195970372983	0.106472092408
-kom	0.295230896701	0.249979156864	0.0396253858404	0.415164560594
-tui	0.430679576397	0.327012790906	0.126531886487	0.11577574621
-iäi	0.115448504983	0.299833887043	0.522425249169	0.062292358804
-koi	0.481304179066	0.269375080864	0.0530469659723	0.196273774098
-ael	0.0274424106048	0.941977872979	0.00843827080358	0.0221414456128
-tun	0.00938289426199	0.926741248647	0.0519667989896	0.0119090581018
-som	0.45897093052	0.332342891101	0.0890902788095	0.119595899569
-'de	0.529295534655	0.117751274675	0.0809343849643	0.272018805705
-son	0.00532197977647	0.978712080894	0.010643959553	0.00532197977648
-soi	0.480486183648	0.28306903428	0.156205488558	0.0802392935144
-kos	0.0454545454544	0.954545454546	0.0	0.0
-uai	0.655177410404	0.115872838956	0.0318053449278	0.197144405712
-ora	0.0	1.0	0.0	0.0
-elä	0.31064360576	0.16996028541	0.476527291236	0.0428688175948
-tna	0.0	0.754545454545	0.245454545455	0.0
-lit	0.0	1.0	0.0	0.0
-äei	0.266684716394	0.31501286043	0.138080411534	0.280222011642
-äem	0.278085168343	0.202661230707	0.249994399767	0.269259201183
-omu	0.242944527641	0.48369431206	0.0352455506173	0.238115609682
-bu'	0.177117770676	0.660837434211	0.109946135931	0.0520986591828
-lim	0.459773170535	0.304424923379	0.117856518708	0.117945387377
-ipi	0.329013976811	0.445872055819	0.0641317790332	0.160982188337
-run	0.0	0.981308411215	0.018691588785	0.0
-lii	0.408585435848	0.253856271673	0.180437641995	0.157120650484
-rub	0.0851996105162	0.824488802337	0.0647517039922	0.0255598831549
-oma	0.0445906285243	0.745572438472	0.184882503425	0.0249544295794
-lia	0.00389357560026	0.970311486048	0.0228747566515	0.00292018170019
-ome	0.0	1.0	0.0	0.0
-eas	0.0025706940874	0.997429305913	0.0	0.0
-his	0.0	1.0	0.0	0.0
-abi	0.0248936016429	0.945484925659	0.00234692879707	0.0272745439007
-lis	0.0	1.0	0.0	0.0
-oda	0.0	1.0	0.0	0.0
-ode	0.0	1.0	0.0	0.0
-rna	0.0642768129778	0.88879091088	0.0198952040169	0.0270370721256
-du'	0.319930432511	0.50012687662	0.0776146308596	0.102328060009
-eai	0.139534883721	0.441860465116	0.395348837209	0.0232558139535
-ao'	0.777777777778	0.222222222222	0.0	0.0
-eam	0.179363721459	0.507790259996	0.110317880172	0.202528138373
-rni	0.0	1.0	0.0	0.0
-odo	0.122955890899	0.297697756169	0.113792891335	0.465553461596
-zer	0.0	1.0	0.0	0.0
-eho	0.105228561107	0.622470127747	0.220094472105	0.0522068390416
-uhu	0.242663257584	0.623461905464	0.0243608670294	0.109513969922
-ihä	0.116504854369	0.699029126214	0.106796116505	0.0776699029126
-äe'	0.317484551072	0.399418393312	0.0607778989458	0.22231915667
-ehe	0.287119646882	0.480324943651	0.123262584523	0.109292824944
-rga	0.0	1.0	0.0	0.0
-eha	0.0119788322108	0.0147410506628	0.120786558125	0.852493559001
-li'	0.433386806418	0.277231289226	0.148061546223	0.141320358132
-nnä	0.247066699987	0.159598876558	0.162839415901	0.430495007554
-pai	0.591917634997	0.181181579078	0.0838165190665	0.143084266858
-dus	0.0	0.872844827586	0.051724137931	0.0754310344827
-pam	0.203941825006	0.0983470320245	0.0433434583712	0.654367684598
-pao	0.0	0.026418026418	0.973581973582	0.0
-api	0.18629594312	0.477148160453	0.205791106082	0.130764790345
-apo	0.29699896516	0.70300103484	0.0	0.0
-älä	0.53711790393	0.122270742358	0.0786026200873	0.262008733625
-dua	0.100475617604	0.116239077115	0.0293763813894	0.753908923892
-ngä	0.325617586217	0.45745636545	0.144947119529	0.0719789288037
-ea'	0.306884654121	0.284964417977	0.356484461687	0.051666466215
-apu	0.40210824721	0.401378892757	0.0776143228701	0.118898537163
-dui	0.67746080699	0.286815728605	0.0110511436649	0.0246723207402
-pas	0.103519668737	0.865424430642	0.0103519668737	0.0207039337474
-dum	0.306911068773	0.283838321759	0.0694743203655	0.339776289103
--a'	0.561983471074	0.438016528926	0.0	0.0
-num	0.66078184111	0.228247162673	0.0655737704918	0.0453972257251
-nuh	0.00986031224322	0.985209531635	0.0	0.00493015612161
-nui	0.382313829787	0.480053191489	0.0757978723404	0.061835106383
-tul	0.0	0.966666666667	0.0333333333333	0.0
-kem	0.365033718787	0.433929403188	0.03614897021	0.164887907815
-sus	0.0246577655639	0.773484039664	0.00366080219256	0.198197392579
-kei	0.486906012635	0.294528844095	0.114929887957	0.103635255313
-sop	0.0	0.888521882742	0.0867052023121	0.0247729149463
-sum	0.409980471185	0.443029874933	0.101466738688	0.0455229151951
-kes	0.146341463415	0.853658536585	0.0	0.0
-sos	0.012	0.91	0.0	0.078
-sui	0.44346752582	0.478124717714	0.0531149317997	0.0252928246666
-suf	0.0289086966996	0.964345940737	0.00385449289328	0.00289086966996
-nur	0.0285171102661	0.954372623574	0.0048886474742	0.0122216186855
-nus	0.0175942346167	0.873951752	0.0015756031	0.106878410283
-sua	0.714651479724	0.108290954214	0.0090493078905	0.168008258171
-dia	0.281308193669	0.316573556797	0.0535381750465	0.348580074488
-aru	0.0327868852459	0.868852459016	0.0327868852459	0.0655737704918
-dim	0.3361419805	0.187688556929	0.0666604041918	0.409509058379
-i'i	0.431720344568	0.11907996005	0.0388486889259	0.410351006456
-dio	0.073713366697	0.0125399848014	0.0153384876809	0.898408160821
-bom	0.337357075083	0.254052043713	0.328610114869	0.0799807663355
-fes	0.313432835821	0.597014925373	0.089552238806	0.0
-ai'	0.215553056212	0.0687676452361	0.0329951568848	0.682684141667
-tus	0.0144299522476	0.923260393544	0.0070601440089	0.0552495101994
-dis	0.0	0.93997271487	0.0572987721692	0.00272851296044
-ipu	0.373908421292	0.555091502772	0.0322727617891	0.0387273141469
-sli	0.0	1.0	0.0	0.0
-ska	0.0	1.0	0.0	0.0
-iha	0.0717465559387	0.313826429022	0.0461366616483	0.568290353391
-omo	0.0	1.0	0.0	0.0
-nu'	0.307255850808	0.151569176783	0.0435379347426	0.497637037666
-ehä	0.28082844391	0.592798756331	0.0561656887819	0.0702071109774
-ihi	0.191226748566	0.610013327925	0.152401923857	0.0463579996524
-nnu	0.258024349751	0.538426950747	0.0778223574986	0.125726342003
-käi	0.723586521988	0.199885779554	0.0182752712736	0.0582524271844
-nni	0.479511871155	0.226422653253	0.0541141432015	0.23995133239
-nno	0.187070212861	0.0695266934172	0.233371619505	0.510031474217
-su'	0.12425918174	0.347286787548	0.171924915728	0.356529114984
-rta	0.00261390451987	0.918097658377	0.000871301506625	0.0784171355964
-nna	0.0819900721575	0.228870949467	0.0340516604772	0.655087317898
-uko	0.413500864359	0.183412741915	0.0518615339208	0.351224859805
-nne	0.345409731692	0.532974658079	0.037447621918	0.0841679883111
-di'	0.292890504929	0.218688758106	0.355722157664	0.132698579301
-ngu	0.8	0.2	0.0	0.0
-ais	0.301075268817	0.698924731183	0.0	0.0
-tis	0.266497461929	0.710659898477	0.00380710659899	0.0190355329949
-kka	0.587934654608	0.234009426133	0.0786152172252	0.0994407020335
-kke	0.382069365629	0.231433906848	0.239316859148	0.147179868376
-nga	0.420608692666	0.248039437059	0.0532819303829	0.278069939891
-aia	0.102257607634	0.0425820113603	0.0106135803774	0.844546800629
-tia	0.419123864606	0.0881247673958	0.01847864693	0.474272721069
-aim	0.665376764093	0.162060242779	0.0161904415622	0.156372551566
-uim	0.712270488133	0.16144200627	0.0832960143305	0.0429914912674
-tin	0.0	0.980392156863	0.0196078431373	0.0
-ain	0.0	0.954664341761	0.0139494333043	0.0313862249346
-kku	0.447966797651	0.376661221246	0.0413263278732	0.13404565323
-tii	0.856826331101	0.0679926933225	0.0147994046411	0.0603815709357
-ngo	0.674257425743	0.246534653465	0.0435643564356	0.0356435643564
-ää'	0.33172849438	0.156687437224	0.0339310620594	0.477653006336
-oni	0.231559418696	0.706599786993	0.0494726354485	0.0123681588621
-mmu	0.177740028877	0.427493415626	0.0435421010856	0.351224454411
-säe	0.11110395001	0.24612702155	0.255539085023	0.387229943417
-emo	0.101803883124	0.112187945829	0.0245062991482	0.761501871899
-wwa	0.0725639253628	0.795438838977	0.0946786454734	0.0373185901866
-mmo	0.139534883721	0.497147871874	0.00789820096534	0.35541904344
-mmi	0.504272926319	0.175119455877	0.0579045212139	0.26270309659
-mme	0.577519379845	0.352713178295	0.0232558139535	0.046511627907
-jam	0.603440307566	0.324818055774	0.00497712048187	0.0667645161782
-mma	0.0412607449856	0.0756446991404	0.819484240688	0.0636103151863
-jai	0.390206823405	0.311967473926	0.033091744741	0.264733957928
-'a'	0.406921405495	0.306504714419	0.159927344228	0.126646535857
-set	0.0	1.0	0.0	0.0
-äkä	0.423361387401	0.164753889314	0.0790614639123	0.332823259373
-ttä	0.081015719468	0.240628778718	0.542321644498	0.136033857316
-uku	0.315589353612	0.593155893536	0.0912547528517	0.0
