-euo	0.352272727273	0.579545454546	0.0340909090909	0.0340909090909
-rbe	0.0	1.0	0.0	0.0
-hee	0.32931878058	0.267971396312	0.0451637184795	0.357546104629
-úba	0.0132110784329	0.932843684633	0.00330276960823	0.0506424673262
-eua	0.210466439135	0.577929465301	0.0409556313993	0.170648464164
-hea	0.490231084619	0.342938883082	0.0897773649665	0.0770526673327
-úku	0.158188585608	0.738833746898	0.0620347394541	0.0409429280397
-xee	0.584415584416	0.155844155844	0.0892857142857	0.170454545455
-xea	0.564740815617	0.219003695865	0.0703162017879	0.14593928673
-aua	0.426674155076	0.266906736265	0.138755822789	0.16766328587
-úka	0.275224053195	0.0707975972503	0.0158041823263	0.638174167229
-óna	0.248259860789	0.208816705337	0.092343387471	0.450580046404
-aue	0.489328968831	0.263841218058	0.0167487402025	0.230081072908
-aui	0.0752351097179	0.335423197492	0.58934169279	0.0
-úki	0.201754385965	0.798245614035	0.0	0.0
-auo	0.47619047619	0.418767507003	0.0420168067227	0.0630252100841
-uaa	0.429708222812	0.178603006189	0.131741821397	0.259946949602
-nto	0.0	1.0	0.0	0.0
-nta	0.596184419714	0.232511923688	0.0119236883943	0.159379968204
-nte	0.372712491784	0.397931296918	0.0944407928876	0.134915418411
-kia	0.423467238875	0.286397295406	0.0939128287492	0.196222636969
-pue	0.0774193548387	0.574193548387	0.348387096774	0.0
-óti	0.0	1.0	0.0	0.0
-ntu	0.17640373991	0.584905883552	0.0792692691236	0.159421107415
-ósi	0.507836990596	0.253918495298	0.0	0.238244514107
-óni	0.160973646254	0.296521573845	0.230665160951	0.31183961895
-pre	0.00534759358291	0.994652406417	0.0	0.0
-opo	0.0	1.0	0.0	0.0
-ope	0.261363636364	0.625	0.0909090909091	0.0227272727273
-uki	0.234581497797	0.573788546255	0.102422907489	0.0892070484581
-dea	0.000422297297298	0.994087837838	0.00295608108108	0.00253378378378
-imu	0.024525603777	0.130061739604	0.235024741238	0.61038791538
-deo	0.00512941453923	0.971876658216	0.00707505453688	0.015918872708
-ima	0.0801971532853	0.069783829521	0.00169674697079	0.848322270223
-oki	0.29625884732	0.67947421638	0.00606673407482	0.0182002022245
-deu	0.0287769784173	0.757793764988	0.172661870504	0.0407673860911
-ïia	0.344595891726	0.448070646957	0.0287963140718	0.178537147245
-imi	0.0	0.987063389392	0.012936610608	0.0
-oka	0.219541857936	0.0239150207819	0.00414508292048	0.752398038362
-imo	0.256292906178	0.564454614798	0.0167810831426	0.162471395881
-idi	0.0103785103785	0.952991452991	0.0128205128205	0.0238095238095
-rpe	0.422578974625	0.332729155878	0.147591921284	0.0970999482134
-ida	0.00991189427313	0.980176211454	0.0	0.00991189427313
-nsï	0.864048338369	0.11329305136	0.0226586102719	0.0
-llu	0.617647058824	0.382352941176	0.0	0.0
-bia	0.0	1.0	0.0	0.0
-úpi	0.903448275862	0.0344827586207	0.0620689655173	0.0
-kpe	0.453484893808	0.498953036195	0.0	0.047562069997
-obu	0.0410891089109	0.908415841584	0.0	0.050495049505
-100	0.127150435023	0.0531109736354	0.116093875456	0.703644715886
-uta	0.269005751849	0.635727198028	0.0304026294166	0.0648644207066
-teu	0.0	1.0	0.0	0.0
-ute	0.425373134328	0.335820895522	0.238805970149	0.0
-rio	0.136106651776	0.776645494521	0.0279193131849	0.0593285405179
-uti	0.0944513136151	0.694226992937	0.0679792200003	0.143342473448
-rra	0.300771208226	0.691516709512	0.00771208226221	0.0
-tea	0.0437636761488	0.750547045952	0.00875273522976	0.196936542669
-gre	0.0677966101695	0.898305084746	0.0338983050848	0.0
-íli	0.0304074599635	0.0327242188179	0.00173756914077	0.935130752078
-aku	0.438362077487	0.301942125068	0.0929313764902	0.166764420954
-teo	0.00334746708324	0.987725954028	0.00223164472216	0.00669493416648
-are	0.302857142857	0.535714285714	0.0585714285715	0.102857142857
-ara	0.601251740937	0.226532746953	0.010402279255	0.161813232855
-ósï	0.0441125207505	0.873116441905	0.007730195907	0.0750408414372
-ari	0.10251034587	0.193519968681	0.02345597743	0.680513708019
-aru	0.141514236566	0.33307753561	0.176418621422	0.348989606402
-mea	0.0	0.967032967033	0.0	0.032967032967
-ïga	0.598591549296	0.056338028169	0.176056338028	0.169014084507
-meo	0.0	1.0	0.0	0.0
-mei	0.0	1.0	0.0	0.0
-éti	0.0194841292662	0.0717859402085	0.0107621402693	0.897967790256
-éta	0.119913662163	0.726596850268	0.030378127748	0.123111359821
-ndi	0.42226167091	0.263827729577	0.0891391718734	0.22477142764
-ópe	0.0	1.0	0.0	0.0
-p'i	0.875751503006	0.124248496994	0.0	0.0
-xaa	0.839285714286	0.0714285714285	0.0178571428571	0.0714285714286
-uba	0.0356788899901	0.96432111001	0.0	0.0
-exe	0.545466188525	0.278304303279	0.0257428278688	0.150486680328
-ipi	0.421768707483	0.285714285714	0.0612244897959	0.231292517007
-tsï	0.19329275758	0.170061054162	0.0376019782362	0.599044210022
-umu	0.12925349512	0.188868372461	0.164864151939	0.51701398048
-ota	0.0	0.983798379838	0.010801080108	0.00540054005401
-ote	0.00450112528132	0.941485371343	0.00675168792198	0.0472618154539
-ebi	0.0404564315353	0.953319502075	0.0	0.00622406639005
-oti	0.0	1.0	0.0	0.0
-oto	0.203389830509	0.423728813559	0.0677966101695	0.305084745763
-iju	0.525114155251	0.401826484018	0.0730593607306	0.0
-–na	0.38127090301	0.120401337793	0.177257525084	0.321070234114
-nhi	0.168224299065	0.817757009346	0.0	0.0140186915888
-–ne	0.369951534733	0.130856219709	0.0387722132472	0.46042003231
-nhe	0.140102571223	0.17543844425	0.549736629728	0.134722354799
-–ni	0.173112338858	0.80847145488	0.0	0.0184162062615
-nha	0.341247019805	0.499288103228	0.085595117784	0.0738697591834
-–no	0.327127659574	0.063829787234	0.00265957446809	0.606382978723
ALL	0.235923865489	0.29962668136	0.0555747910419	0.408874662109
-nai	0.0	1.0	0.0	0.0
-aki	0.363102932603	0.253345753175	0.0324856474793	0.351065666743
-aka	0.46553853499	0.216210637141	0.0650289464924	0.253221881377
-ïri	0.035436510926	0.533358606595	0.015820380931	0.415384501548
-sio	0.109547356409	0.853936858121	0.0	0.0365157854698
-sia	0.0260533514742	0.938050919828	0.0211321628624	0.0147635658354
-ïra	0.189189189189	0.567567567568	0.0	0.243243243243
-nti	0.453832177073	0.361744301288	0.037578460522	0.146845061117
-ïmu	0.0	0.985829003307	0.0141709966934	0.0
-lki	0.0	1.0	0.0	0.0
-lko	0.0761904761905	0.92380952381	0.0	0.0
-óbi	0.0714285714286	0.928571428571	0.0	0.0
-ïma	0.83836589698	0.140319715808	0.0213143872114	0.0
-ïme	0.518181818182	0.218181818182	0.0454545454545	0.218181818182
-ixu	0.151326071583	0.0423047439074	0.00980514502701	0.796564039482
-beo	0.0	0.901907356948	0.0653950953679	0.0326975476839
-bea	0.427037271004	0.238155401137	0.167403663929	0.167403663929
-rla	0.0264317180617	0.854625550661	0.0925110132159	0.0264317180617
-upu	0.126623376623	0.853896103896	0.0	0.0194805194805
-uáe	0.0	1.0	0.0	0.0
-reo	0.0	0.948275862069	0.0443349753695	0.00738916256158
-isi	0.0555877243775	0.795599305153	0.0636942675159	0.0851187029531
-ise	0.0533854166666	0.916666666667	0.0299479166667	0.0
-rea	0.139184512452	0.833913365851	0.0146738845616	0.0122282371346
-isa	0.0	1.0	0.0	0.0
-ree	0.450199203187	0.390438247012	0.0996015936255	0.0597609561753
-akï	0.484083424808	0.389681668496	0.0	0.126234906696
-haa	0.454142720307	0.35159243295	0.125119731801	0.0691451149425
-úni	0.45789451459	0.124192390524	0.0745618850555	0.343351209831
-ápi	0.500106814783	0.114505447554	0.0179448835719	0.367442854091
-hao	0.048445700444	0.811465482439	0.0916431166734	0.048445700444
-jua	0.873443285089	0.0760686637496	0.040390440929	0.0100976102322
-mao	0.0384615384615	0.826923076923	0.134615384615	0.0
-ápu	0.263222632226	0.687576875769	0.0	0.0492004920049
-maa	0.498845265589	0.0900692840647	0.0357967667437	0.375288683603
-nku	0.410356347439	0.27561247216	0.120267260579	0.193763919822
-ptu	0.00900335839559	0.977602756584	0.010059307837	0.00333457718355
-uni	0.154338432482	0.321648193956	0.0320819682133	0.491931405349
-una	0.00872093023255	0.991279069767	0.0	0.0
-nka	0.313277616004	0.34530877737	0.23287826646	0.108535340166
-pta	0.0	1.0	0.0	0.0
-nki	0.502621705324	0.314760175079	0.06450021884	0.118117900757
-pti	0.590673662349	0.171143690605	0.0415772900701	0.196605356976
-tra	0.0251497005988	0.974850299401	0.0	0.0
-500	0.298507462687	0.611940298507	0.0298507462687	0.0597014925373
-ada	0.0	0.707792207792	0.146103896104	0.146103896104
-asï	0.164905718052	0.459702353708	0.0882710644941	0.287120863746
-–jo	0.0111317254174	0.0417439703154	0.0	0.947124304267
-gai	0.0	1.0	0.0	0.0
-adi	0.0	1.0	0.0	0.0
-tru	0.0	1.0	0.0	0.0
-gau	0.0	1.0	0.0	0.0
-adu	0.0134073379947	0.927340877964	0.0	0.059251784041
-hia	0.201295743584	0.631192539585	0.024392582737	0.143119134093
-seo	0.0261356565028	0.944928438083	0.00280024891101	0.0261356565028
-ini	0.265318137716	0.341510985023	0.0596519366326	0.333518940629
-sei	0.215231788079	0.26821192053	0.417218543046	0.0993377483444
-jka	0.472922255722	0.277163025287	0.076242648106	0.173672070885
-ina	0.140403366797	0.646486311122	0.0312888632554	0.181821458825
-sea	0.0209371884347	0.946161515454	0.0239282153539	0.00897308075772
-uia	0.372640396413	0.418239735724	0.0796366210477	0.129483246815
-inu	0.126463700234	0.234192037471	0.0281030444965	0.611241217799
-áiu	0.0	0.921568627451	0.078431372549	0.0
-óru	0.0935405090491	0.0355416898641	0.00446112389058	0.866456677196
-tku	0.195804168757	0.170459965311	0.149099589651	0.484636276281
-edi	0.12908777969	0.87091222031	0.0	0.0
-mtu	0.157480314961	0.11811023622	0.0629921259842	0.661417322835
-neo	0.0	0.834782608696	0.0	0.165217391304
-kue	0.33831814545	0.457593075572	0.0631490352144	0.140939743763
-mti	0.242714106919	0.564187377079	0.126050420168	0.0670480958341
-áia	0.218712029162	0.59659781288	0.0510328068044	0.133657351154
-rsu	0.0	1.0	0.0	0.0
-kua	0.131171460694	0.579257046377	0.102303511941	0.187267980987
-cha	0.0632493622599	0.515066926356	0.0419766304179	0.379707080966
-blu	0.0198660837806	0.894361131094	0.00166011842178	0.0841126667035
-tki	0.18334362741	0.194114013855	0.051671813705	0.57087054503
-nea	0.467889908257	0.201834862385	0.311926605505	0.0183486238532
-rha	0.511402657068	0.309801785587	0.128827527411	0.0499680299335
-eka	0.269135007155	0.294494600376	0.074212416006	0.362157976463
-rhe	0.440195359916	0.349101196793	0.0929581873286	0.117745255963
-eke	0.361374407583	0.315165876777	0.295023696683	0.0284360189573
-rhi	0.358579850254	0.365589495704	0.145190321825	0.130640332217
-eki	0.100684261975	0.872922776149	0.0205278592376	0.00586510263928
-che	0.311766447723	0.381608700334	0.221532787768	0.0850920641758
-mki	0.75286379425	0.117434040352	0.0746434114256	0.0550587539723
-rhu	0.107485366834	0.732264800148	0.054818958658	0.10543087436
-eku	0.549096853728	0.366484429437	0.0450233156456	0.0393954011899
-mka	0.399407794614	0.212623238272	0.0797905776484	0.308178389466
-nkï	0.718309859155	0.197183098592	0.0845070422535	0.0
-gua	0.22322175129	0.54525271747	0.0505723265	0.18095320474
-dru	0.0184365781711	0.910628687316	0.0	0.0709347345133
-ído	0.143415906128	0.765319426336	0.0	0.0912646675358
-asa	0.027397260274	0.890410958904	0.0	0.0821917808219
-úaa	0.587697233021	0.288817745255	0.0548822318774	0.0686027898468
-aso	0.0	0.905660377359	0.0	0.0943396226415
-asi	0.0322310631845	0.888186064755	0.0296446198426	0.049938252218
-mba	0.0514965503236	0.606975618524	0.0175131051204	0.324014726032
-mbe	0.14591593342	0.209422429785	0.00689158553984	0.637770051256
-mbi	0.0933074146071	0.397667314635	0.364065537351	0.144959733407
-lta	0.0	1.0	0.0	0.0
-mbo	0.0506246144637	0.0348809204032	0.00767602742418	0.906818437709
-eru	0.154440453813	0.070272237274	0.151466103779	0.623821205134
-eri	0.0833545279423	0.460750104767	0.0627608526565	0.393134514634
-era	0.333366747278	0.422607039483	0.113523876352	0.130502336888
-ere	0.374839812046	0.394489534387	0.117471166168	0.113199487399
-raa	0.384972022382	0.466666666667	0.0223820943245	0.125979216627
-úsï	0.654135338346	0.206229860365	0.00644468313641	0.133190118153
-ílu	0.0277777777778	0.694444444444	0.0833333333333	0.194444444444
-áte	0.00559110044673	0.985814315395	0.000831733950753	0.00776285020703
-áta	0.0350073036821	0.852730065985	0.0911071374603	0.0211554928726
-áto	0.0421052631579	0.842105263158	0.0947368421053	0.021052631579
-áti	0.205576865061	0.559367323191	0.134206783606	0.100849028143
-ika	0.376114805649	0.357314387345	0.10943217945	0.157138627556
-iko	0.0	1.0	0.0	0.0
-lao	0.0642857142857	0.892857142857	0.0	0.0428571428571
-ouo	0.167064439141	0.787372532003	0.0195270123671	0.0260360164894
-iki	0.464912280702	0.0263157894737	0.0	0.508771929824
-iku	0.41315890039	0.466879151794	0.0170259128865	0.10293603493
-noo	0.341085271318	0.111434108527	0.0872093023256	0.460271317829
-noe	0.0	1.0	0.0	0.0
-boe	0.288461538462	0.548076923077	0.0865384615385	0.0769230769231
-íra	0.0957446808511	0.872340425532	0.0	0.031914893617
-ibu	0.0591647331786	0.864269141531	0.0591647331786	0.0174013921114
-mpe	0.463049493339	0.236802081615	0.203947006762	0.0962014182838
-íro	0.0	1.0	0.0	0.0
-'ui	0.375838926175	0.395973154362	0.0536912751678	0.174496644295
-ibe	0.0103199174407	0.989680082559	0.0	0.0
-sai	0.0	1.0	0.0	0.0
-iós	0.1	0.128571428571	0.0	0.771428571429
-loi	0.0	0.979381443299	0.0	0.020618556701
-ámu	0.141876983483	0.167218271462	0.089575853289	0.601328891766
-sïo	0.0325753910659	0.89801644896	0.0194807289147	0.0499274310595
-sïn	0.0561797752809	0.943820224719	0.0	0.0
-oca	0.427835051546	0.262886597938	0.103092783505	0.20618556701
-roa	0.44262295082	0.16393442623	0.371584699454	0.0218579234973
-áma	0.508438009824	0.136933788591	0.0682440202904	0.286384181295
-ime	0.378151260504	0.319327731092	0.302521008403	0.0
-sïa	0.469221837527	0.263756122277	0.0947116196588	0.172310420537
-hku	0.114140773621	0.246248150497	0.209997886282	0.429613189601
-éri	0.0721325010053	0.141686411181	0.166289971155	0.619891116659
-ïsí	0.283185840708	0.106194690265	0.132743362832	0.477876106195
-ïsï	0.209260158387	0.165179083311	0.0632120060019	0.562348752301
-ipa	0.0541025641026	0.900256410256	0.0271794871795	0.0184615384615
-éra	0.485938170889	0.234006011164	0.148024903392	0.132030914556
-ipe	0.0221743147521	0.970434246997	0.0	0.0073914382507
-hka	0.343153708723	0.249188065613	0.0767659606098	0.330892265054
-úda	0.108108108108	0.765765765766	0.018018018018	0.108108108108
-ipu	0.139810903239	0.605977829305	0.130229012483	0.123982254974
-úmi	0.0714285714286	0.285714285714	0.642857142857	0.0
-uxi	0.297872340426	0.0992907801418	0.459219858156	0.143617021277
-jtu	0.18062168799	0.297975606	0.0441685963615	0.477234109648
-jti	0.384768947242	0.339745042601	0.132071137769	0.143414872388
-íri	0.176578529028	0.774125520222	0.0177878861852	0.0315080645641
-jta	0.477329974811	0.157430730479	0.146095717884	0.219143576826
-úmu	0.102236158596	0.0623239818568	0.0531028838422	0.782336975705
-pki	0.458164197877	0.316753685087	0.0673631156515	0.157719001384
-stu	0.0422202930703	0.746889242567	0.0166590304404	0.194231433923
-276	0.0	0.191489361702	0.0	0.808510638298
-man	0.54844606947	0.424131627057	0.0	0.0274223034735
-pka	0.543481266055	0.231296820203	0.0563204931289	0.168901420613
-sti	0.405444519189	0.301617025385	0.102723569364	0.190214886062
-éua	0.555555555556	0.374269005848	0.0	0.0701754385965
-ste	0.278673835125	0.586917562724	0.0931899641577	0.0412186379928
-pku	0.345609065156	0.399433427762	0.0934844192635	0.161473087819
-sta	0.217484580316	0.61839635291	0.131938857602	0.0321802091714
-saa	0.472148016226	0.446720094984	0.00593647966758	0.0751954091224
-áxe	0.0907715582451	0.773071104387	0.0	0.136157337368
-mue	0.159329140461	0.702306079665	0.0125786163522	0.125786163522
-mua	0.438679245283	0.165094339623	0.0778301886793	0.318396226415
-lea	0.00417432788351	0.981513690802	0.00775232321225	0.00655965810267
-éia	0.0803212851406	0.277108433735	0.0937081659973	0.548862115127
-esï	0.203750188026	0.272196525271	0.0343618381468	0.489691448556
-oia	0.0933333333333	0.786666666667	0.08	0.04
-úri	0.238264360716	0.126974322774	0.0261956234007	0.608565693109
-ánu	0.0363623526089	0.865635811622	0.00374214502577	0.0942596907435
-tju	0.0662139219015	0.254668930391	0.365025466893	0.314091680815
-úra	0.375054513738	0.466855647623	0.0632359354557	0.0948539031835
-ndu	0.0712464799054	0.241396808387	0.0414509531286	0.645905758579
-ïni	0.177138547886	0.264031219411	0.0311854021442	0.527644830559
-gio	0.0	1.0	0.0	0.0
-ána	0.0	1.0	0.0	0.0
-ali	0.0377358490566	0.962264150943	0.0	0.0
-nda	0.177742544323	0.666614170697	0.0450775083015	0.110565776678
-áni	0.200469265017	0.0708403130864	0.0663104418418	0.662379980055
-nde	0.270213111582	0.145540223098	0.017635700251	0.566610965069
-osï	0.230213104053	0.124412131362	0.0296341972349	0.61574056735
-gia	0.371707763951	0.3570501565	0.131632185663	0.139609893885
-áno	0.0705202312139	0.167630057803	0.478998073218	0.282851637765
-gpe	0.448275862069	0.297805642633	0.0188087774294	0.235109717868
-íni	0.118679030522	0.0391873885563	0.00509873085305	0.837034850068
-íia	0.264882577826	0.434188967777	0.0824685963954	0.218459858001
-chi	0.147270300711	0.232711576894	0.0338995723617	0.586118550034
-pea	0.43757431629	0.170035671819	0.202140309156	0.190249702735
-cho	0.0842761230016	0.638636447939	0.0821618012537	0.194925627805
-jki	0.373669538136	0.216853345818	0.0722606675376	0.337216448508
-rku	0.149611329129	0.210410471526	0.102498442439	0.537479756906
-elu	0.0	1.0	0.0	0.0
-eli	0.0207324621305	0.935129373506	0.0155641979318	0.028573966432
-jku	0.214399562822	0.18302512776	0.0907967065007	0.511778602917
-rka	0.326827242525	0.453073089701	0.15780730897	0.062292358804
-ela	0.0709359605912	0.810837438424	0.118226600985	0.0
-chu	0.137884309819	0.508420684198	0.0905778654657	0.263117140518
-jpa	0.0420704211839	0.884630144872	0.00743547922864	0.0658639547155
-jpe	0.252439420268	0.5614772098	0.084401076973	0.10168229296
-itu	0.014279593583	0.936952085304	0.0322830530954	0.0164852680181
-bba	0.042216358839	0.920844327177	0.0	0.0369393139842
-esu	0.00236593059936	0.988170347003	0.00236593059937	0.0070977917981
-esi	0.147357447737	0.239987147145	0.205137083812	0.407518321305
-jpu	0.0188087774295	0.95269307495	0.0068395554289	0.0216585921915
-iti	0.0928197910884	0.394724667449	0.314477119931	0.197978421532
-esa	0.0	1.0	0.0	0.0
-ite	0.27145811789	0.592812823164	0.0	0.135729058945
-mía	0.773674806432	0.194163192376	0.0107206670637	0.0214413341275
-ese	0.0	1.0	0.0	0.0
-ita	0.112680984355	0.72195471434	0.0419867042103	0.123377597094
-spe	0.424280513884	0.376034541863	0.075417489675	0.124267454578
-spi	0.386031783264	0.403741277195	0.0826833988154	0.127543540726
-gru	0.102469784551	0.763531266421	0.119548081976	0.014450867052
-spo	0.0	1.0	0.0	0.0
-áua	0.0967741935483	0.529032258065	0.225806451613	0.148387096774
-uda	0.00618556701031	0.99381443299	0.0	0.0
-eji	0.0	1.0	0.0	0.0
-udi	0.0	1.0	0.0	0.0
-úia	0.451063829787	0.472340425532	0.0	0.0765957446809
-abe	0.0241581259151	0.945095168375	0.00219619326501	0.0285505124451
-abo	0.0	1.0	0.0	0.0
-abi	0.0169811320755	0.944339622641	0.00188679245283	0.0367924528302
-ria	0.141597041353	0.66817017636	0.0364795131011	0.153753269186
-–ka	0.418326693227	0.139442231076	0.0717131474103	0.370517928287
-tua	0.14967491575	0.619191884808	0.0946318548524	0.136501344589
-ómu	0.321884565813	0.155368938296	0.16367609151	0.359070404382
-tue	0.353909465021	0.489711934156	0.082304526749	0.074074074074
-áme	0.346436370856	0.288266825491	0.194560254119	0.170736549534
-tuo	0.099173553719	0.685950413223	0.115702479339	0.099173553719
-ori	0.385099874033	0.266176508393	0.0242936836423	0.324429933931
-óma	0.0955398528411	0.218688211079	0.0855077631195	0.60026417296
-ïpa	0.931147540984	0.0491803278688	0.0196721311475	0.0
-t'ú	0.203923593185	0.204956117708	0.167785234899	0.423335054207
-káa	0.120805369128	0.778523489933	0.10067114094	0.0
-utu	0.33199195171	0.65291750503	0.0	0.0150905432596
-omu	0.0	1.0	0.0	0.0
-éma	0.202380952381	0.390873015873	0.121031746032	0.285714285714
-lio	0.0839736553238	0.912733260154	0.0	0.0032930845225
-ïki	0.0298995279022	0.884275511439	0.0567727877981	0.0290521728604
-ruo	0.20350877193	0.754385964912	0.0210526315789	0.0210526315789
-oma	0.109909590498	0.798794539975	0.0372274419429	0.0540684275838
-–ji	0.0790568654646	0.00499306518724	0.0	0.915950069348
-ïka	0.0848093665566	0.653519963975	0.200155734014	0.0615149354548
-lia	0.0228082679972	0.951532430506	0.00855310049891	0.0171062009979
-ome	0.0	0.950762016413	0.0	0.0492379835874
-éka	0.188205771644	0.61104140527	0.137083210977	0.0636696121092
-144	0.0	0.0691823899371	0.0	0.930817610063
-oda	0.0	1.0	0.0	0.0
-–ju	0.809001097695	0.146542261251	0.0	0.0444566410538
-ode	0.0	1.0	0.0	0.0
-rna	0.0	1.0	0.0	0.0
-rni	0.250127616131	0.523566445465	0.119108388634	0.10719754977
-uri	0.196702077497	0.462821401825	0.0691884170527	0.271288103625
-ché	0.173076923077	0.75	0.0384615384615	0.0384615384615
-ure	0.0802919708029	0.686131386861	0.0583941605839	0.175182481752
-skï	0.336898395722	0.663101604278	0.0	0.0
-uru	0.146603004254	0.242705593702	0.0367147370836	0.57397666496
-ásï	0.214110073468	0.130285682948	0.0547908370586	0.600813406525
-áre	0.0	1.0	0.0	0.0
-apa	0.885714285714	0.0307692307692	0.0	0.0835164835165
-ára	0.128383604022	0.365815931941	0.162412993039	0.343387470998
-paa	0.624184428012	0.155067420618	0.00761200521967	0.21313614615
-api	0.256791389031	0.473619814487	0.0973032853293	0.172285511152
-ári	0.0367159411136	0.11856840929	0.0115392090176	0.833176440579
-je–	0.21472392638	0.723926380368	0.0613496932515	0.0
-due	0.117647058824	0.0980392156863	0.0	0.78431372549
-apu	0.0172777749432	0.122129563321	0.0335579601019	0.827034701634
-aía	0.0333333333333	0.55	0.394444444444	0.0222222222222
-óka	0.682432432432	0.236486486487	0.0405405405406	0.0405405405406
-keo	0.0200333889816	0.969949916528	0.0100166944908	0.0
-t'u	0.0640183261143	0.0425994815012	0.00285849270091	0.890523699684
-ísï	0.123169681743	0.045768467245	0.00535265035679	0.825709200656
-suo	0.0	0.857142857143	0.142857142857	0.0
-umi	0.0035964035964	0.983216783217	0.0011988011988	0.011988011988
-sue	0.048465266559	0.951534733441	0.0	0.0
-oru	0.131426920855	0.166088965916	0.702484113229	0.0
-feu	0.00815217391304	0.991847826087	0.0	0.0
-dia	0.404978115109	0.384815313843	0.127849221472	0.0823573495763
-óri	0.174291017797	0.131881049129	0.021944938922	0.671882994152
-dio	0.145451364017	0.576468593988	0.202292226007	0.0757878159877
-aña	0.0628272251309	0.895287958115	0.0	0.0418848167539
-atá	0.0	1.0	0.0	0.0
-feo	0.0	1.0	0.0	0.0
-hki	0.368852459016	0.401639344262	0.0655737704918	0.163934426229
-sli	0.0	1.0	0.0	0.0
-ska	0.316250737864	0.147537277879	0.0374214312843	0.498790552973
-ïta	0.563136880996	0.324235742804	0.060067933973	0.0525594422263
-uku	0.567961434033	0.330636670915	0.0282595445226	0.0731423505292
-ski	0.474882562241	0.218333158702	0.0848515947671	0.22193268429
-ïti	0.155170501033	0.545603306014	0.165751411019	0.133474781933
-uka	0.464257082682	0.221791561927	0.0566846706072	0.257266684784
-sku	0.282348158832	0.232926831717	0.119314956564	0.365410052887
-uke	0.883160237389	0.116839762611	0.0	0.0
-úti	0.547008547008	0.232478632479	0.148717948718	0.0717948717949
-tpe	0.487035518264	0.294681723551	0.0775976279099	0.140685130276
-ngu	0.378498445136	0.501110617503	0.0342070191026	0.0861839182586
-áki	0.181438229871	0.124892440074	0.0228641671789	0.670805162876
-áke	0.040864151229	0.675531653917	0.248328303622	0.0352758912319
-áka	0.375993967645	0.175349602413	0.0802029064986	0.368453523444
-áru	0.09817732917	0.102050202116	0.0175247500787	0.782247718636
-nga	0.263651845138	0.0759125103572	0.02175826519	0.638677379315
-aia	0.364110278772	0.299875944878	0.0558134754775	0.280200300872
-tia	0.407485305586	0.308701673269	0.0986827406964	0.185130280449
-íju	0.142665273163	0.795610159673	0.0104815302732	0.0512430368911
-áku	0.537790697675	0.331395348837	0.0174418604651	0.113372093023
-tio	0.368876080692	0.500480307397	0.0691642651296	0.0614793467819
-ema	0.097535733212	0.357096761341	0.0127779417127	0.532589563735
-emo	0.41065830721	0.51724137931	0.0	0.0721003134796
-emi	0.0	1.0	0.0	0.0
-emu	0.0	1.0	0.0	0.0
-ému	0.7	0.24	0.0	0.06
-5/6	0.579831932773	0.336134453782	0.0210084033613	0.063025210084
-ísi	0.0494296577947	0.874524714829	0.0190114068441	0.0570342205323
-ési	0.194591573017	0.115662746108	0.150377713213	0.539367967663
-etu	0.207447712974	0.568100663153	0.0459105594286	0.178541064445
-000	0.236941078145	0.0929795236105	0.038027580443	0.632051817802
-eta	0.122862193617	0.414740072729	0.122954795555	0.339442938098
-eti	0.0333050762204	0.327803550086	0.0235223745338	0.61536899916
-atu	0.018730703259	0.857770154374	0.05269296741	0.0708061749571
-300	0.0606060606061	0.166666666667	0.0	0.772727272727
-ate	0.437167553192	0.440492021277	0.0412234042553	0.0811170212766
-ata	0.269367673032	0.570683741509	0.0594004811753	0.100548104284
-666	0.233128834356	0.368098159509	0.0	0.398773006135
-ati	0.383389898712	0.275991208031	0.114414553113	0.226204340144
-ose	0.0468521229868	0.94729136164	0.0	0.00585651537335
-eso	0.538116591928	0.434977578475	0.0269058295964	0.0
-ulo	0.0340909090909	0.965909090909	0.0	0.0
-kaa	0.36651395252	0.453144523115	0.057892544773	0.122448979592
-osi	0.0248667850799	0.97513321492	0.0	0.0
-nia	0.270480437202	0.53792605413	0.0499041397052	0.141689368963
-–ma	0.560344827586	0.284482758621	0.051724137931	0.103448275862
-nio	0.0944279416645	0.687323231525	0.0266278500213	0.191620976789
-ulu	0.0457089552239	0.874416977612	0.00419776119403	0.0756763059702
-áde	0.43	0.42	0.0	0.15
-aji	0.0	1.0	0.0	0.0
-ino	0.0	1.0	0.0	0.0
-tka	0.584937430638	0.30637939612	0.0665875779725	0.04209559527
-ica	0.13698630137	0.368884540117	0.0489236790606	0.445205479452
-fia	0.195121951219	0.804878048781	0.0	0.0
-ésï	0.159951456311	0.102184466019	0.0983009708739	0.639563106796
-éni	0.22012708125	0.240130611284	0.0864270165323	0.453315290934
-ilu	0.0	0.97489539749	0.0251046025105	0.0
-éna	0.156267272767	0.0747943814615	0.00897039698583	0.759967948786
-edu	0.228571428571	0.0857142857143	0.5	0.185714285714
-éne	0.243318707619	0.54128440367	0.0957319505385	0.119664938173
-ila	0.00443458980044	0.986696230599	0.00443458980044	0.00443458980044
-ilo	0.316768142175	0.648675333224	0.034556524601	0.0
-ípa	0.0746951219513	0.354420731707	0.482850609756	0.0880335365854
-lma	0.108663729809	0.873715124816	0.00881057268723	0.00881057268722
-iga	0.719101123596	0.213483146067	0.0449438202247	0.0224719101123
-eba	0.0	0.857142857143	0.142857142857	0.0
-amu	0.252360365251	0.385342147948	0.141964418423	0.220333068378
-ítu	0.0142857142857	0.985714285714	0.0	0.0
-ami	0.136294416244	0.828680203046	0.00913705583754	0.0258883248731
-jsï	0.358949416343	0.365758754864	0.137159533074	0.13813229572
-ama	0.487921713543	0.295148155752	0.0999110381167	0.117019092589
-ame	0.443390634262	0.273266152934	0.0450503852993	0.238292827504
-ebu	0.0434782608696	0.95652173913	0.0	0.0
-íte	0.437021866153	0.139810854768	0.0370459610867	0.386121317993
-tin	0.403587443946	0.434977578475	0.0269058295964	0.134529147982
-usi	0.0127333344616	0.676146152414	0.00203083484236	0.309089678282
-iro	0.0279792746114	0.953367875648	0.00621761658031	0.0124352331606
-iri	0.0961623712056	0.717075155645	0.0633044817932	0.123457991357
-eia	0.33836976187	0.37191335387	0.0552540218083	0.234462862452
-ire	0.608444187392	0.296124927704	0.0381723539618	0.0572585309428
-ira	0.181620157777	0.705345578712	0.0618156128577	0.0512186506534
-guo	0.268292682927	0.390243902439	0.243902439024	0.0975609756097
-gun	0.238805970149	0.592039800995	0.169154228856	0.0
-iru	0.202462053305	0.503047687343	0.133022588741	0.161467670611
-íka	0.66472303207	0.131195335277	0.0	0.204081632653
-eiu	0.0373692077728	0.387144992526	0.530642750374	0.0448430493274
-gue	0.552811550152	0.321808510638	0.0	0.12537993921
-epe	0.346153846154	0.179487179487	0.333333333333	0.141025641026
-ása	0.0	0.913043478261	0.0869565217392	0.0
-ási	0.076923076923	0.923076923077	0.0	0.0
-epi	0.440350877193	0.391228070175	0.0561403508772	0.112280701754
-ímu	0.0262108262108	0.135422602089	0.307312440646	0.531054131054
-pia	0.309779825909	0.524449564772	0.0940860215053	0.0716845878136
-ksï	0.172562699298	0.195240378074	0.0406417271554	0.591555195473
-pio	0.0	0.956989247312	0.0	0.0430107526882
-iua	0.581846392552	0.219840961986	0.0867920868891	0.111520558573
-iue	0.43048202842	0.530509891335	0.0222903315687	0.0167177486765
-axu	0.226864093072	0.243257535695	0.00634584875727	0.523532522475
-axa	0.42994687915	0.340969455511	0.0996015936255	0.129482071713
-isï	0.196798234633	0.189486822874	0.0653807380676	0.548334204425
-éke	0.123456790123	0.512345679012	0.0370370370371	0.327160493827
-usï	0.188771781855	0.522438744294	0.0700399404716	0.218749533379
-ïue	0.00647948164148	0.194384449244	0.0172786177106	0.781857451404
-iia	0.438367568546	0.277585738847	0.0700389105059	0.214007782101
-agu	0.0	0.998076306508	0.0019236934915	0.0
-tsu	0.256297340144	0.347366566849	0.354060243086	0.0422758499207
-oue	0.716535433071	0.188976377953	0.0	0.0944881889764
-tsi	0.318181818182	0.521561771562	0.0961538461538	0.0641025641026
-ïsi	0.20494446435	0.606950913651	0.11465424579	0.0734503762093
-hpe	0.442179293154	0.408706489807	0.090358764355	0.058755452684
-tsa	0.193236714976	0.723027375201	0.0193236714976	0.0644122383252
-age	0.0704500978474	0.929549902153	0.0	0.0
-tse	0.118851309252	0.21180087634	0.0413072454811	0.628040568927
-ktu	0.78	0.12	0.1	0.0
-rta	0.0198949829116	0.799558047165	0.0	0.180546969923
-anu	0.0602813127931	0.855324849297	0.0763563295378	0.00803750837241
-ona	0.135593220339	0.830508474576	0.0	0.0338983050847
-ego	0.0917992656059	0.761321909425	0.0734394124847	0.0734394124847
-úta	0.0892261001517	0.723216995448	0.15842185129	0.0291350531107
-oni	0.113322058451	0.798686805928	0.0370633852459	0.050927750375
-rtu	0.225404732254	0.356164383562	0.0448318804483	0.373599003736
-ana	0.0157100963553	0.833682446586	0.0205278592375	0.130079597821
-egu	0.0175097276265	0.406614785992	0.56420233463	0.011673151751
-ani	0.218057377659	0.345027904268	0.0530574206836	0.383857297389
-daa	0.532435091969	0.233517523276	0.154568162895	0.0794792218606
-ano	0.26053181954	0.304750522856	0.0851508813863	0.349566776218
-aio	0.0194174757282	0.980582524272	0.0	0.0
-ípi	0.241071428571	0.366071428571	0.375	0.0178571428571
-ksi	0.597857556456	0.260277938622	0.0723798494499	0.0694846554719
-ípe	0.516323108788	0.215405858566	0.207712792189	0.0605582404577
-taa	0.540167116258	0.295633484659	0.0745224466522	0.0896769524311
-rga	0.031914893617	0.904255319149	0.0	0.0638297872341
-ípu	0.00864553314121	0.893371757925	0.0979827089337	0.0
-mia	0.375171154724	0.424463715199	0.039707895938	0.16065723414
-ena	0.111536010198	0.788809979059	0.0477556223254	0.0518983884185
-eni	0.257891260881	0.375345200488	0.0640470903407	0.30271644829
-ene	0.0290853690206	0.970914630979	0.0	0.0
-oeo	0.0285714285714	0.971428571429	0.0	0.0
-pía	0.5875	0.1125	0.0	0.3
