jer-	0.0270042839657	0.954788861689	0.00642594859241	0.0117809057528
kud-	0.0987693824498	0.201146399877	0.0851654264119	0.614918791261
agu-	0.376455029738	0.317404816768	0.118453522288	0.187686631206
ivi-	0.475739263946	0.0288059903425	0.00766018226845	0.487794563443
tut-	0.565542543867	0.28467906552	0.11007420517	0.0397041854427
wav-	0.0981828010076	0.40566045013	0.0368629843533	0.459293764509
dok-	0.0576923076923	0.903846153846	0.0384615384615	0.0
ris-	0.210157618214	0.737302977233	0.0525394045533	0.0
ipu-	0.212096367306	0.272089429869	0.399612134208	0.116202068618
niy-	0.156512221817	0.686975556366	0.156512221817	0.0
ver-	0.462274605573	0.173625273232	0.0351031342749	0.32899698692
poy-	0.348837209302	0.432284541724	0.077975376197	0.140902872777
ior-	0.241802770089	0.026869971997	0.0270857950652	0.704241462849
mah-	0.0	1.0	0.0	0.0
eda-	0.478142076503	0.169398907104	0.0327868852459	0.319672131148
gin-	0.505723204995	0.306971904266	0.149843912591	0.0374609781478
eno-	0.416159434518	0.282839191047	0.131945807972	0.169055566464
aku-	0.0133759237062	0.0181493654032	0.00359112280498	0.964883588086
ite-	0.485245195113	0.169014250133	0.0717956003516	0.273944954402
ruw-	0.0607644615521	0.0575196657954	0.0454485365306	0.836267336122
lis-	0.00879443019421	0.991205569806	0.0	0.0
ism-	0.518583552824	0.17559262511	0.261925665789	0.0438981562774
ana-	0.0421991286222	0.0595074552894	0.00809550396489	0.890197912124
iuv-	0.898630136986	0.0904109589041	0.0054794520548	0.00547945205479
duy-	0.12972972973	0.87027027027	0.0	0.0
pid-	0.5625	0.40625	0.0	0.03125
bap-	0.70297029703	0.0	0.0	0.29702970297
apa-	0.564710347445	0.24690335714	0.104958078874	0.0834282165407
vus-	0.21211996477	0.3268302741	0.394580209123	0.0664695520066
uwa-	0.267201068804	0.589178356714	0.063460253841	0.0801603206412
nun-	0.343709398493	0.263451699327	0.0378126036039	0.355026298576
kat-	0.201184018177	0.196599201539	0.13520999901	0.467006781275
abi-	0.240545166812	0.561072893453	0.128185253367	0.0701966863676
hem-	0.0	1.0	0.0	0.0
ruy-	0.566090244847	0.366299786638	0.0245556786371	0.0430542898771
mil-	0.137254901961	0.742296918768	0.0420168067226	0.078431372549
tib-	0.610193487494	0.247286455875	0.0755073147712	0.0670127418593
gan-	0.216	0.763428571429	0.0137142857143	0.00685714285716
yut-	0.11826544021	0.507227332457	0.315374507227	0.0591327201051
sen-	0.0424497015256	0.917090426708	0.0225514039355	0.0179084678311
ini-	0.382632990255	0.0665588608983	0.0185900595076	0.532218089339
bay-	0.165914310604	0.788944325651	0.00712758374912	0.0380137799953
gig-	0.38359648082	0.209066539547	0.369851981507	0.0374849981257
ked-	0.406386975579	0.383218534753	0.154038822793	0.0563556668754
tai-	0.0805125725339	0.879593810445	0.0169245647969	0.0229690522244
mey-	0.133689306527	0.141275158596	0.0363649866955	0.688670548181
mar-	0.0763506099436	0.454187518428	0.0260395811677	0.443422290461
dek-	0.0348330914369	0.738751814224	0.0	0.22641509434
abr-	0.0229746735685	0.936945366662	0.0299473856708	0.0101325740991
bik-	0.0772653354356	0.10340017005	0.819334494515	0.0
muy-	0.14912707735	0.540738623422	0.29262671782	0.017507581408
nor-	0.365822924726	0.48561954239	0.135558748756	0.0129987841273
eor-	0.250493096647	0.335305719921	0.0710059171598	0.343195266272
nen-	0.28468876882	0.129625206729	0.06624337003	0.519442654421
aig-	0.336150234742	0.356807511737	0.211267605634	0.0957746478873
agh-	0.432793107142	0.272875441899	0.0824877951731	0.211843655786
her-	0.0208527855587	0.909637929246	0.0496939516547	0.0198153335408
ira-	0.36247824236	0.120604406497	0.222702937215	0.294214413927
gaw-	0.159303758509	0.589668986741	0.0306456098725	0.220381644877
ate-	0.355607233661	0.482783282583	0.0508555510998	0.110753932656
naw-	0.0670625656994	0.902242634592	0.00790163160809	0.0227931681002
kam-	0.110637728587	0.11534724048	0.0274841812112	0.746530849721
ibi-	0.238789621218	0.175621361317	0.306404082513	0.279184934953
whi-	0.0722936463574	0.906465436929	0.00223588596982	0.0190050307435
bod-	0.113989637306	0.654576856649	0.231433506045	0.0
kim-	0.100751229657	0.795608744366	0.052105326205	0.0515346997716
tag-	0.540626333483	0.254238522944	0.100538076455	0.104597067119
mew-	0.297661233168	0.702338766832	0.0	0.0
pat-	0.236867575552	0.208794680346	0.0775011663964	0.476836577705
jem-	0.00491626978031	0.989092026425	0.00184360116761	0.00414810262713
mur-	0.140970749624	0.148684242271	0.11501341893	0.595331589175
ror-	0.369391463461	0.132451046419	0.0665209601383	0.431636529982
vog-	0.537512019938	0.256431893557	0.084188629629	0.121867456875
kem-	0.139356825651	0.807088396302	0.0218795221392	0.0316752559073
aid-	0.433266264252	0.32729711603	0.0402414486921	0.199195171026
gen-	0.181286549708	0.80701754386	0.0	0.0116959064327
saw-	0.223240805251	0.500595871072	0.0645374207033	0.211625902974
ake-	0.041095890411	0.95258166491	0.0	0.0063224446786
jek-	0.0413793103448	0.937931034483	0.0206896551724	0.0
jam-	0.0623916811092	0.837088388215	0.0589254766031	0.0415944540728
vig-	0.221550368847	0.627161688233	0.089853670335	0.0614342725844
ium-	0.530018416206	0.307918968692	0.127808471455	0.0342541436464
kid-	0.415492957747	0.422535211268	0.0721830985915	0.0897887323943
rek-	0.554634682158	0.273692678126	0.141488439326	0.0301842003896
kiv-	0.140315837778	0.659817895388	0.0100716714255	0.189794595409
por-	0.0751782242384	0.887880751782	0.0155541153597	0.0213869086196
alf-	0.0	0.947267863966	0.0527321360336	0.0
pas-	0.00631959073127	0.929882636172	0.025729762263	0.0380680108336
mor-	0.216418656043	0.559545468137	0.138006099505	0.0860297763151
sig-	0.0	1.0	0.0	0.0
zer-	0.0	1.0	0.0	0.0
tiw-	0.220615964802	0.371464487744	0.272155876807	0.135763670647
276-	0.0	0.33962264151	0.0	0.66037735849
say-	0.0	1.0	0.0	0.0
che-	0.137714285714	0.802285714286	0.048	0.012
gug-	0.166076173605	0.79406554473	0.0318866253322	0.00797165633304
epa-	0.39391912232	0.463926146436	0.0919824731578	0.0501722580861
500-	0.283783783784	0.243243243243	0.121621621622	0.351351351351
sap-	0.0	1.0	0.0	0.0
asi-	0.0	1.0	0.0	0.0
eve-	0.438710410331	0.275641756606	0.114950427587	0.170697405476
tip-	0.398683591914	0.288669487541	0.233662435355	0.0789844851904
oto-	0.617283950617	0.222222222222	0.135802469136	0.0246913580247
rer-	0.294770937641	0.619514762642	0.0340700864282	0.0516442132882
153-	0.0363636363636	0.0727272727273	0.0363636363636	0.854545454545
pok-	0.279747541099	0.577946101038	0.103993107669	0.038313250194
geg-	0.0967978440931	0.839793128047	0.0580192604923	0.00538976736814
bor-	0.354045785242	0.489332997402	0.0113658358023	0.145255381554
eyo-	0.279569892473	0.602150537634	0.118279569892	0.0
ruk-	0.593146953522	0.32035244909	0.0444860215141	0.0420145758745
bir-	0.186666666667	0.76547008547	0.0205128205128	0.0273504273504
yis-	0.0349444066258	0.91513501248	0.0417517585659	0.00816882232812
mel-	0.032900749406	0.962986656918	0.00274172911717	0.00137086455859
kri-	0.0544135429262	0.876058041112	0.0477629987908	0.0217654171705
lid-	0.087114337568	0.695099818512	0.0	0.21778584392
isa-	0.313794279589	0.563416654485	0.0716269551236	0.0511621108025
tum-	0.615454729683	0.263015841976	0.0206174401166	0.100911988224
pud-	0.0425531914894	0.957446808511	0.0	0.0
igu-	0.290389220151	0.174061380033	0.378421522137	0.157127877678
bab-	0.186391681973	0.643551456995	0.0336525512093	0.136404309823
ita-	0.285684371491	0.0422226087236	0.0100869972516	0.662006022533
zus-	0.0	1.0	0.0	0.0
nev-	0.178669407395	0.340557731169	0.270267489824	0.210505371612
siy-	0.249109835972	0.534138006973	0.0690059608204	0.147746196235
war-	0.126615362277	0.847776443101	0.0134641023272	0.0121440922951
eka-	0.400307688998	0.442546072804	0.0639144500792	0.0932317881189
sor-	0.342767016172	0.61236004976	0.0173271725609	0.027545761507
ura-	0.42052238806	0.432089552239	0.0615671641791	0.0858208955224
kom-	0.394944948446	0.33279492071	0.102537404252	0.169722726592
ivu-	0.310402684564	0.625	0.0595637583893	0.00503355704697
kod-	0.180661499027	0.647941694203	0.0741175380624	0.097279268707
ede-	0.122651813019	0.622651813019	0.235692442114	0.019003931848
jud-	0.0248690231448	0.947476623118	0.00510643941907	0.0225479143179
kev-	0.441118776225	0.240523129756	0.0559619024484	0.262396191571
non-	0.162391626817	0.10168251115	0.126851955069	0.609073906964
uba-	0.0	1.0	0.0	0.0
sou-	0.0	0.890566037736	0.101886792453	0.00754716981131
dod-	0.546152906413	0.252180723503	0.119195777845	0.0824705922386
tau-	0.0254670215397	0.168137673376	0.0102339026813	0.796161402403
gey-	0.513888888889	0.329861111111	0.09375	0.0625
mal-	0.0800781249999	0.908203125	0.0	0.01171875
pek-	0.538775789276	0.234099106029	0.121062167752	0.106062936943
sab-	0.181818181818	0.6	0.218181818182	0.0
aki-	0.287241412925	0.0920500358593	0.0260763001595	0.594632251057
nin-	0.12590229419	0.87409770581	0.0	0.0
tik-	0.418851195066	0.37634926754	0.0644757131843	0.14032382421
eko-	0.460770328103	0.389602155651	0.0932001902044	0.0564273260422
gog-	0.550243343831	0.202691096479	0.0188949327226	0.228170626968
wiv-	0.0980840126694	0.769458435017	0.0305311802274	0.101926372086
tuw-	0.377145220056	0.400104843305	0.0285612050432	0.194188731596
sir-	0.165683646113	0.786058981233	0.0450402144772	0.00321715817695
yav-	0.0951631021709	0.0355804021378	0.0207562166661	0.848500279025
ghi-	0.624060150376	0.0601503759398	0.315789473684	0.0
mab-	0.186910578343	0.729576184524	0.0835132371321	0.0
vip-	0.170158380112	0.399508821171	0.346882518043	0.0834502806736
pey-	0.0964535741403	0.141853136243	0.150518649988	0.611174639628
red-	0.0447139067829	0.937350006316	0.00303145130731	0.0149046355943
and-	0.00548947849954	0.972552607502	0.0	0.0219579139982
viy-	0.0639385536835	0.308566069771	0.127818601914	0.499676774631
ALL	0.238392735232	0.3107405782	0.0573653444258	0.393501342142
san-	0.0387137059007	0.849516078676	0.0210219585805	0.0907482568426
puk-	0.417654808959	0.534914361001	0.0158102766798	0.0316205533597
ine-	0.595697004664	0.118416710083	0.0257553160394	0.260130969214
top-	0.0	0.84126984127	0.15873015873	0.0
per-	0.0357165569269	0.937419095828	0.00498928397636	0.0218750632691
ger-	0.291046809438	0.591248433328	0.0484987194158	0.0692060378181
kui-	0.761363636364	0.170454545455	0.0681818181818	0.0
big-	0.188176698275	0.61249845943	0.055197273845	0.14412756845
rur-	0.555048154105	0.342267724348	0.0434596697004	0.0592244518467
liv-	0.0381609195402	0.941149425287	0.0124137931035	0.00827586206896
mii-	0.285989501922	0.363193945919	0.0424773261523	0.308339226007
gas-	0.0275229357798	0.711009174312	0.206422018349	0.0550458715596
ata-	0.117219618219	0.0342236954693	0.00489164014692	0.843665046165
yov-	0.211764705882	0.594117647059	0.123529411765	0.070588235294
fra-	0.0	1.0	0.0	0.0
ego-	0.615692903562	0.252372902818	0.09818358595	0.0337506076703
ins-	0.0615835777127	0.901270772238	0.0293255131965	0.00782013685239
rud-	0.675424498637	0.138005729858	0.136957585074	0.04961218643
baw-	0.264154562894	0.638010413812	0.0391340093176	0.0587010139764
ire-	0.587637142093	0.282312014985	0.0813486754081	0.0487021675141
gos-	0.407665505226	0.376306620209	0.216027874564	0.0
kog-	0.427307001702	0.345077117542	0.145805060996	0.0818108197607
mes-	0.091743119266	0.908256880734	0.0	0.0
sed-	0.0	0.980327868852	0.0196721311475	0.0
num-	0.11346962312	0.775739776253	0.017426131661	0.093364468966
iwu-	1.0	0.0	0.0	0.0
ken-	0.497502582021	0.353641182991	0.0491525108885	0.0997037241001
adi-	0.490439199283	0.31147296086	0.0277860770839	0.170301762773
ami-	0.0383495126764	0.0440881751183	0.00951747853503	0.90804483367
kur-	0.0365815304672	0.0256256888712	0.00788286690396	0.929909913758
riy-	0.396594200937	0.430408533449	0.0609145301459	0.112082735468
iku-	0.61856452156	0.210256866395	0.0620405725649	0.10913803948
tek-	0.0813773074896	0.836459552652	0.0314332947385	0.0507298451196
dev-	0.0127986348123	0.950298634812	0.00767918088737	0.0292235494881
elu-	0.0	1.0	0.0	0.0
vuv-	0.0554528650647	0.889094269871	0.0554528650647	0.0
jai-	0.0954169797145	0.870773854245	0.0135236664162	0.0202854996243
gis-	0.107522906683	0.188308088467	0.272060477605	0.432108527246
vik-	0.0811433976765	0.873954299566	0.016199119099	0.028703183659
gid-	0.0	1.0	0.0	0.0
rov-	0.358695652174	0.510869565217	0.108695652174	0.0217391304348
kos-	0.313469894475	0.551210428305	0.090626939789	0.0446927374302
rod-	0.274193548387	0.665898617512	0.00460829493086	0.0552995391705
kab-	0.366503838102	0.362456385206	0.126308443824	0.144731332868
450-	0.0387096774194	0.148387096774	0.0387096774194	0.774193548387
pon-	0.136511375948	0.796858071506	0.0601300108342	0.00650054171181
ged-	0.0	1.0	0.0	0.0
rap-	0.468437908401	0.283854753382	0.0643656219761	0.183341716241
sik-	0.130188640154	0.853573389411	0.00769167020604	0.00854630022894
ari-	0.0627627325097	0.878470664017	0.0587666034735	0.0
ben-	0.0291557311021	0.96289270587	0.0	0.00795156302784
bog-	0.145622964345	0.215234195325	0.250393678739	0.388749161591
ion-	0.604255319149	0.2	0.0	0.195744680851
vib-	0.245225060906	0.567285757467	0.0839634900911	0.103525691536
tol-	0.030303030303	0.969696969697	0.0	0.0
nip-	0.483339415274	0.455080532112	0.0322833070285	0.0292967455854
mat-	0.172388637649	0.532510839643	0.132156953126	0.162943569582
kei-	0.0106257378985	0.922077922078	0.060212514758	0.00708382526564
pin-	0.0950369588173	0.699049630412	0.158394931362	0.0475184794087
biw-	0.497303531399	0.244366113295	0.021116922777	0.237213432529
bun-	0.0762691666004	0.872725828236	0.0166838801938	0.0343211249702
map-	0.0548542832855	0.904245593212	0.0115482701653	0.0293518533369
idi-	0.68064752581	0.221018498963	0.0268352983563	0.0714986768707
egh-	0.365365836733	0.424366644691	0.0988881894291	0.111379329146
pur-	0.409415835686	0.474659680502	0.0607223486636	0.0552021351486
gur-	0.18608566682	0.213599676512	0.17196331667	0.428351339998
eya-	0.316681605312	0.510684225321	0.0772213058675	0.0954128634997
peg-	0.0	0.991935483871	0.0	0.00806451612903
tow-	0.390635134398	0.383664565728	0.151579787194	0.0741205126806
ani-	0.144367330933	0.062074956182	0.0165136227217	0.777044090164
evo-	0.567186799698	0.230753035356	0.0568767391142	0.145183425832
yad-	0.204081632653	0.795918367347	0.0	0.0
kis-	0.535019455253	0.234435797665	0.0466926070039	0.183852140078
bei-	0.0854922279793	0.873056994819	0.0336787564767	0.0077720207254
kae-	0.182849562754	0.677855169482	0.0444924013757	0.0948028663879
neg-	0.117305190402	0.352362629911	0.47507773296	0.0552544467272
aka-	0.439673212081	0.261878159088	0.123989593018	0.174459035813
ghu-	0.718124084025	0.247679531021	0.0341963849536	0.0
aiv-	0.441765578635	0.324554896142	0.178041543027	0.0556379821958
mom-	0.224158348841	0.621045508374	0.109118592455	0.0456775503299
ban-	0.0690625	0.85125	0.04828125	0.03140625
adr-	0.125	0.8125	0.03125	0.03125
ise-	0.491525423729	0.508474576271	0.0	0.0
tey-	0.176470588235	0.735294117647	0.0411764705882	0.0470588235294
ter-	0.417194081966	0.281941745163	0.0727316012002	0.228132571671
wen-	0.0580703914005	0.023196785771	0.0141589379125	0.904573884916
iyi-	0.0787235410409	0.246117976301	0.0394328756543	0.635725607003
dab-	0.440413598268	0.481526888108	0.0473824285033	0.0306770851207
did-	0.0556926726072	0.798304378486	0.0496826719662	0.0963202769408
puy-	0.192142583879	0.615194120633	0.132142851826	0.0605204436618
nam-	0.468038272123	0.0864025410272	0.0249008358759	0.420658350974
ebe-	0.483822272606	0.219078470128	0.0840766052176	0.213022652049
ale-	0.0490654205607	0.950934579439	0.0	0.0
ker-	0.0347264210308	0.851648495934	0.0164562678572	0.0971688151779
igi-	0.514156938625	0.195938940045	0.104611007399	0.18529311393
bon-	0.301333075404	0.518368902873	0.0871022252061	0.0931957965168
oli-	0.0183112919634	0.905391658189	0.0722278738555	0.00406917599186
par-	0.0443662160047	0.884846379114	0.0241303343502	0.0466570705316
tok-	0.0543030619455	0.276691316461	0.0224593683472	0.646546253246
ero-	0.0	0.968181818182	0.0318181818182	0.0
net-	0.0694444444444	0.101851851852	0.0277777777778	0.800925925926
gib-	0.385016595543	0.286865813182	0.289710763395	0.0384068278805
rir-	0.161011295563	0.307265555298	0.0473241429419	0.484399006197
kon-	0.306144447809	0.122695279974	0.0247493552339	0.546410916983
koi-	0.464558450831	0.343814356221	0.0947111255185	0.0969160674292
eli-	0.058835546476	0.828804902962	0.00245148110317	0.109908069459
eis-	0.00361119470358	0.996388805296	0.0	0.0
imu-	0.137534271203	0.419299743809	0.426985482494	0.0161805024945
iav-	0.364430525795	0.434151969672	0.0840613153124	0.11735618922
mut-	0.284409183796	0.705493448732	0.0	0.010097367472
eto-	0.250847457627	0.538983050848	0.11186440678	0.0983050847458
vit-	0.19081116786	0.606966130268	0.0668146224944	0.135408079377
var-	0.0866600383198	0.75545629203	0.0553339659812	0.102549703669
tuk-	0.375	0.46875	0.03125	0.125
ene-	0.478213233848	0.183733607609	0.0132837009402	0.324769457603
pan-	0.608360009633	0.104528221243	0.0283977065046	0.258714062619
aum-	0.180634662327	0.794955248169	0.0244100895037	0.0
nim-	0.417196103346	0.20584498094	0.0707327403643	0.306226175349
koa-	0.714213454729	0.0897403473276	0.0364609677963	0.159585230147
rik-	0.574655115509	0.284772398704	0.0702862428935	0.0702862428935
jod-	0.0	1.0	0.0	0.0
nah-	0.0	1.0	0.0	0.0
aek-	0.39605734767	0.345878136201	0.16009557945	0.0979689366786
tug-	0.485170512952	0.341427051574	0.114018039764	0.0593843957101
yam-	0.3261077355	0.567288770274	0.060273705596	0.0463297886297
pug-	0.116255144033	0.507458847737	0.265174897119	0.111111111111
ina-	0.191228286642	0.0192655561994	0.00167672514366	0.787829432015
ruv-	0.300636863818	0.333736378515	0.146500750065	0.219126007603
lat-	0.0	0.98	0.02	0.0
pen-	0.0242424242424	0.951515151515	0.0121212121212	0.0121212121212
rab-	0.343879931429	0.33324350054	0.222411469388	0.100465098643
ape-	0.648106904232	0.347438752784	0.0044543429844	0.0
iuw-	0.446556376863	0.479877977238	0.0456881379796	0.0278775079198
epo-	0.338888888889	0.127777777778	0.391666666667	0.141666666667
umu-	0.0	0.0875912408759	0.883211678832	0.0291970802919
ipo-	0.21408689338	0.406874016701	0.307878494494	0.0711605954254
got-	0.0878018187519	0.831713180725	0.065851364064	0.0146336364586
nuk-	0.339628306523	0.572735197354	0.0637356335439	0.023900862579
vur-	0.0	1.0	0.0	0.0
tia-	0.183246073298	0.51832460733	0.298429319372	0.0
kau-	0.0955781378742	0.886294973908	0.00988739357322	0.00823949464435
iba-	0.593697766613	0.173649159138	0.0635322217773	0.169120852472
ino-	0.582229931109	0.226639224117	0.0557604925001	0.135370352274
bas-	0.14840483634	0.577686541866	0.0237297073336	0.25017891446
mim-	0.160850068239	0.0984549833801	0.00156926895843	0.739125679422
dir-	0.555643251776	0.316495659037	0.0662983425415	0.0615627466456
yes-	0.00739128649448	0.688222630242	0.00314422981035	0.301241853453
mid-	0.0344827586207	0.931034482759	0.0344827586207	0.0
tus-	0.329773378484	0.495181036728	0.0875227923938	0.0875227923938
pun-	0.113967664988	0.516034985423	0.197190564537	0.172806785052
kuk-	0.436146250753	0.501650035358	0.031036379351	0.0311673345381
dug-	0.325965600624	0.456069449561	0.0828659538935	0.135098995921
ito-	0.305935202601	0.245708092171	0.351746416753	0.0966102884753
ivo-	0.586974579738	0.0920258821698	0.0233330851961	0.297666452896
tur-	0.158490044547	0.406270057669	0.119217973213	0.316021924571
ava-	0.179969287278	0.419874643735	0.0870193141164	0.31313675487
waw-	0.0844403783421	0.380498875051	0.0240598460931	0.511000900514
666-	0.0	0.0	0.0	1.0
jiu-	0.0295131714384	0.771775380275	0.144134802333	0.0545766459533
sod-	0.0351796407185	0.942365269461	0.0224550898204	0.0
kun-	0.172959992486	0.331254432334	0.0576527163088	0.438132858871
ide-	0.463879657163	0.290886828756	0.0769634423648	0.168270071716
har-	0.142857142857	0.857142857143	0.0	0.0
kan-	0.102683963863	0.256720516044	0.0272682689687	0.613327251124
nei-	0.0222831373242	0.799451764082	0.144840392608	0.0334247059864
agi-	0.635465059178	0.237231789282	0.018056448639	0.109246702901
sle-	0.0610659032253	0.798045326978	0.0977336511205	0.0431551186766
kek-	0.569756167468	0.241080021755	0.0399249990388	0.149238811738
diy-	0.287401574803	0.665354330709	0.0236220472441	0.0236220472441
uya-	0.255839838985	0.680120151256	0.0457886069773	0.0182514027812
mum-	0.177269478199	0.32952108649	0.435310936383	0.0578984989278
gir-	0.401327324427	0.382374054402	0.0307768657117	0.185521755459
kum-	0.27734375	0.5400390625	0.01171875	0.1708984375
kow-	0.258384051734	0.615201479736	0.0787686772926	0.0476457912376
met-	0.0	1.0	0.0	0.0
vir-	0.17901796752	0.293057420326	0.34110434056	0.186820271594
100-	0.00881704628949	0.060984570169	0.147685525349	0.782512858192
oke-	0.127941431927	0.842399417945	0.0	0.0296591501285
vad-	0.681818181818	0.227272727273	0.0227272727273	0.0681818181818
tuy-	0.705882352941	0.25	0.0441176470588	0.0
pib-	0.0	1.0	0.0	0.0
oko-	0.112953675241	0.836191554765	0.0129428895001	0.037911880494
keg-	0.159277565407	0.0429231277787	0.017951960407	0.779847346407
ipa-	0.68387923399	0.166968834805	0.0462150914872	0.102936839718
bub-	0.255731981495	0.214784677366	0.0899082924401	0.439575048699
eta-	0.469115307464	0.392750916511	0.0644670401882	0.0736667358373
iek-	0.69378234889	0.208810005109	0.0221027611791	0.0753048848213
lai-	0.0790273556231	0.799392097264	0.115501519757	0.00607902735562
eku-	0.430107526882	0.329749103943	0.175627240143	0.0645161290322
lay-	0.00903614457832	0.898343373494	0.0881024096386	0.00451807228916
mad-	0.0199228993577	0.922166904575	0.0136814805678	0.0442287154992
ewi-	0.494117647059	0.0705882352941	0.270588235294	0.164705882353
seb-	0.0	1.0	0.0	0.0
rog-	0.264864864865	0.393004769475	0.10492845787	0.23720190779
but-	0.415156507414	0.238879736409	0.118616144975	0.227347611203
jot-	0.0	1.0	0.0	0.0
dig-	0.225736000699	0.436708307854	0.282694155674	0.0548615357736
tiv-	0.342105263158	0.367598684211	0.100328947368	0.189967105263
baj-	0.0111524163569	0.944237918216	0.0223048327138	0.0223048327137
pom-	0.188531711555	0.32493483927	0.453084274544	0.0334491746308
hib-	0.0268370607029	0.939936102236	0.0332268370607	0.0
ane-	0.0498072655356	0.91474061677	0.0116913059742	0.0237608117197
eye-	0.831932773109	0.0504201680672	0.117647058824	0.0
anu-	0.519427574954	0.268835000023	0.14792166323	0.0638157617919
yar-	0.186970545133	0.228094994737	0.514216381414	0.0707180787156
wai-	0.089552238806	0.898331870061	0.00737489025461	0.00474100087797
gay-	0.079803475508	0.837570537827	0.0189564693193	0.0636695173453
wid-	0.472483215864	0.377103216857	0.113135617875	0.0372779494044
kin-	0.119706805072	0.233225867079	0.0485766745218	0.598490653327
lot-	0.014679497635	0.921709345947	0.0636111564182	0.0
reu-	0.0	1.0	0.0	0.0
egu-	0.571638501102	0.353416605437	0.0617193240264	0.0132255694342
pii-	0.583333333333	0.404761904762	0.0119047619048	0.0
aim-	0.277862807847	0.647001530541	0.041046333658	0.0340893279532
ona-	0.614035087719	0.245614035088	0.140350877193	0.0
dan-	0.0417080436941	0.916583912612	0.0417080436941	0.0
iro-	0.489876506734	0.345863529572	0.126476194805	0.0377837688884
gre-	0.0550331290702	0.812232204863	0.0146755010854	0.118059164981
kuv-	0.471871607207	0.149642690655	0.035371633904	0.343114068234
ser-	0.144380881095	0.729763686912	0.0284431137724	0.0974123182207
uyu-	0.631713554987	0.306905370844	0.0613810741688	0.0
wer-	0.537727069043	0.251663162249	0.210609768708	0.0
mis-	0.0560747663551	0.943925233645	0.0	0.0
riw-	0.325471698113	0.108490566038	0.566037735849	0.0
zel-	0.0170454545455	0.971590909091	0.0113636363636	0.0
yon-	0.521718740841	0.360552591985	0.0261836371808	0.0915450299938
vot-	0.508962547193	0.223064701063	0.0969685388199	0.171004212925
kob-	0.4240534297	0.224165023275	0.0882720628946	0.26350948413
agr-	0.0109140518417	0.966348340155	0.00773078672123	0.0150068212824
vav-	0.397922952105	0.481547295146	0.0192932731263	0.101236479622
iwi-	0.544048846245	0.37110459123	0.0194274839426	0.0654190785821
eni-	0.490752487147	0.465179942579	0.0160245710089	0.0280429992655
pig-	0.0	1.0	0.0	0.0
sos-	0.0	1.0	0.0	0.0
dey-	0.7580231467	0.0608070065687	0.145136065061	0.0360337816703
don-	0.0508121615993	0.919200333194	0.00749687630155	0.0224906289046
kua-	0.688353936239	0.131641726307	0.0474951203644	0.13250921709
tat-	0.405899920805	0.36605330016	0.138642678832	0.0894041002034
jan-	0.0137772675086	0.892078071183	0.052812858783	0.0413318025258
bit-	0.0	1.0	0.0	0.0
dog-	0.422321276528	0.381552376183	0.0954027847065	0.100723562582
koe-	0.794570236973	0.136878605327	0.017976702194	0.0505744555056
rig-	0.127865329513	0.60888252149	0.248209169054	0.0150429799427
wek-	0.20672656927	0.0458127712348	0.0255373155904	0.721923343905
kag-	0.298441584898	0.51424303127	0.0480426442129	0.139272739619
api-	0.780241729292	0.0883091887443	0.00517516070723	0.126273921256
nom-	0.227272727273	0.742424242424	0.030303030303	0.0
eim-	0.0	1.0	0.0	0.0
kip-	0.45652173913	0.478260869565	0.0217391304348	0.0434782608696
pot-	0.167415614266	0.568709485809	0.216613723819	0.047261176106
sin-	0.167495970285	0.725979395893	0.0609713364637	0.0455532973579
mam-	0.101224730347	0.872842363161	0.00427655370815	0.0216563527847
utu-	0.198630136986	0.205479452055	0.595890410959	0.0
esa-	0.240384615385	0.298076923077	0.264423076923	0.197115384615
tit-	0.237613118039	0.48683290365	0.0423768618159	0.233177116495
sad-	0.0210323446807	0.973432827772	0.00553482754754	0.0
boi-	0.0477777777778	0.594	0.0826666666667	0.275555555556
sis-	0.37894618693	0.274790049327	0.0118566936404	0.334407070102
yuy-	0.00525394045534	0.994746059545	0.0	0.0
pai-	0.0223218637294	0.911541085876	0.0391851057608	0.026951944634
mos-	0.0576615854799	0.85959147472	0.0124491747747	0.0702977650258
kok-	0.481014506224	0.338346611651	0.0717470069577	0.108891875168
sur-	0.290476190476	0.595238095238	0.114285714286	0.0
vok-	0.371040207428	0.479831473526	0.0728696235648	0.0762586954816
tuv-	0.477806955742	0.401994064775	0.0920173359807	0.0281816435022
epu-	0.402483186756	0.488877392654	0.0869115364717	0.021727884118
yaw-	0.357929055211	0.446403422751	0.0479020758605	0.147765446178
reg-	0.0363636363636	0.927272727273	0.0363636363636	0.0
ink-	0.046875	0.953125	0.0	0.0
vow-	0.558861086908	0.261462050813	0.0413205979229	0.138356264357
lam-	0.0	1.0	0.0	0.0
ika-	0.503390086259	0.308314480447	0.109452051059	0.0788433822348
bet-	0.0260310702111	0.947937859578	0.0073566067988	0.0186744634123
vis-	0.324549763033	0.325118483412	0.215355450237	0.134976303318
epr-	0.0	1.0	0.0	0.0
sal-	0.0330578512397	0.96694214876	0.0	0.0
asu-	0.586886420638	0.127194553923	0.0601934790398	0.225725546399
kiy-	0.371511779536	0.573719899157	0.0109536642615	0.043814657046
ogh-	0.278735834448	0.669001196593	0.052262968959	0.0
vey-	0.657575757576	0.0969696969696	0.245454545454	0.0
kov-	0.347835250296	0.184479572483	0.0976195513904	0.370065625831
isk-	0.0	1.0	0.0	0.0
gab-	0.158880711009	0.554683314785	0.0391622793593	0.247273694846
nub-	0.112994187155	0.68083065538	0.178073738524	0.0281014189409
400-	0.288888888889	0.0666666666666	0.0148148148148	0.62962962963
wak-	0.0871263768122	0.837126904883	0.0412898442508	0.0344568740541
pip-	0.676237495343	0.257028541301	0.0	0.0667339633563
yan-	0.759121345094	0.16288068479	0.0118771846472	0.066120785469
bad-	0.0522868543021	0.548369029218	0.0338346284094	0.36550948807
eme-	0.0635179153094	0.843648208469	0.0732899022801	0.0195439739414
rug-	0.370144568774	0.553028123173	0.0216673574339	0.0551599506199
diu-	0.0057251908397	0.885496183206	0.100190839695	0.00858778625954
ame-	0.0968600327455	0.455969482746	0.03551534534	0.411655139168
nai-	0.078125	0.203125	0.71875	0.0
ant-	0.0502966939813	0.923424696242	0.0104549307714	0.0158236790054
joe-	0.0	1.0	0.0	0.0
age-	0.0	0.833333333333	0.166666666667	0.0
mui-	0.0954572370052	0.734841008319	0.00636381580035	0.163337938876
tab-	0.341808434295	0.162121942738	0.0646969526785	0.431372670288
igo-	0.639397089866	0.285704077472	0.0569782530675	0.0179205795938
ida-	0.503139882834	0.290850086399	0.066759388039	0.139250642728
kar-	0.303388509935	0.287142502908	0.0769113945262	0.332557592631
sel-	0.0	1.0	0.0	0.0
kay-	0.451221429377	0.211756639403	0.0708663327976	0.266155598423
ibe-	0.488883150204	0.121633497997	0.0592537674	0.330229584399
neb-	0.604494382022	0.242696629214	0.125842696629	0.0269662921348
bii-	0.175947778883	0.174687974722	0.459473102207	0.189891144187
vob-	0.489361702128	0.392097264438	0.0911854103343	0.0273556231003
ati-	0.102398575324	0.0908045337339	0.0283822138127	0.778414677129
imo-	0.398377647589	0.336638125282	0.179810725552	0.0851735015773
ete-	0.332807254654	0.367711557745	0.119021668047	0.180459519554
aon-	0.688524590164	0.311475409836	0.0	0.0
not-	0.332357776422	0.36666548454	0.0665619190083	0.234414820029
was-	0.21875	0.78125	0.0	0.0
jor-	0.0	1.0	0.0	0.0
mer-	0.030229174681	0.67989819783	0.00135771722477	0.288514910264
luk-	0.0133333333333	0.973333333333	0.0	0.0133333333333
tay-	0.12103071317	0.792555960437	0.0468505986465	0.039562727746
kop-	0.545421560377	0.29814987337	0.0835744228095	0.0728541434439
kak-	0.33280710116	0.230877102418	0.0390987436674	0.397217052754
abb-	0.0719424460432	0.834532374101	0.0	0.0935251798561
one-	0.103180212014	0.620494699647	0.0727915194347	0.203533568904
kik-	0.0820844917625	0.681591347948	0.104714281273	0.131609879017
rep-	0.0	1.0	0.0	0.0
saf-	0.0	0.71875	0.28125	0.0
poi-	0.0656049441407	0.115759448538	0.806512954599	0.0121226527217
kap-	0.29253523671	0.515194221792	0.125059157066	0.0672113844321
unu-	0.0470037006088	0.257341530381	0.69565476901	0.0
sil-	0.0224343675418	0.864677804296	0.102863961814	0.0100238663484
430-	0.46511627907	0.0232558139535	0.0	0.511627906977
gud-	0.50327615941	0.315510231955	0.0849082631653	0.0963053454693
jas-	0.0281690140845	0.971830985915	0.0	0.0
ipe-	0.231346303391	0.0994089201092	0.476620217596	0.192624558904
kib-	0.312581011825	0.513689752129	0.116477555985	0.0572516800606
yeb-	0.134782010728	0.320313574474	0.488791087883	0.0561133269151
nau-	0.0	1.0	0.0	0.0
nuw-	0.248992779832	0.42932926401	0.117263488184	0.204414467974
rei-	0.0107238605898	0.98927613941	0.0	0.0
egi-	0.367159612443	0.372768995411	0.0458949515553	0.214176440592
run-	0.530166885666	0.372271882966	0.04546542821	0.0520958031573
sag-	0.0478201445978	0.0971564099967	0.0628497855615	0.792173659844
tro-	0.0	1.0	0.0	0.0
dag-	0.233946451321	0.434822434433	0.276798029038	0.0544330852083
kit-	0.619769989722	0.157147054016	0.0500639329283	0.173019023334
pop-	0.395932267301	0.465491439143	0.0816610301309	0.0569152634246
gol-	0.00337328007101	0.732356857523	0.258233466489	0.00603639591656
ela-	0.00129996079483	0.998700039205	0.0	0.0
iyo-	0.442773748452	0.481337343004	0.0387404917743	0.0371484167699
uwu-	0.130434782609	0.608695652174	0.260869565217	0.0
sow-	0.0192307692308	0.615384615385	0.182692307692	0.182692307692
tov-	0.328188752883	0.246549583112	0.0765655490509	0.348696114955
nag-	0.190114068441	0.77566539924	0.0114068441065	0.0228136882129
iak-	0.771870304174	0.0806286951148	0.0408005016961	0.106700499016
itu-	0.57506439735	0.238022069389	0.0524765356284	0.134436997633
kad-	0.179082406214	0.624497376894	0.0892445795365	0.107175637356
aye-	0.373820228575	0.216803377149	0.335381130521	0.073995263754
rui-	0.740792192369	0.0876938853242	0.0157700768619	0.155743845444
yek-	0.740579710145	0.198550724638	0.0086956521739	0.0521739130434
ras-	0.304635761589	0.298013245033	0.397350993378	0.0
tir-	0.338469697933	0.404912753308	0.220115914669	0.0365016340907
man-	0.110498876539	0.304773204304	0.261159695406	0.323568223751
koy-	0.224411414953	0.593730662849	0.0499369248423	0.131920997355
men-	0.172821825677	0.221976169941	0.02497232564	0.580229678742
voy-	0.181718649645	0.347401147675	0.383991593852	0.0868886088278
kes-	0.512987012987	0.37012987013	0.0	0.116883116883
eri-	0.0862196020634	0.901989683124	0.0	0.0117907148121
bus-	0.737856497082	0.240568751541	0.00862990055069	0.012944850826
ain-	0.32697898771	0.375214748249	0.104664992732	0.19314127131
mug-	0.240229885057	0.586206896552	0.125287356322	0.0482758620689
tap-	0.099340634166	0.575432985845	0.163344263635	0.161882116355
deb-	0.501610851885	0.191208091624	0.0656581815241	0.241522874967
sol-	0.0755832534356	0.872283477149	0.00139821029082	0.0507350591243
mow-	0.318770226537	0.464401294498	0.0873786407767	0.129449838188
ike-	0.546458499423	0.294932636379	0.062764048854	0.0958448153439
kre-	0.0	1.0	0.0	0.0
iso-	0.317746538539	0.52772792134	0.113222113219	0.0413034269024
nig-	0.303404994567	0.696595005433	0.0	0.0
mag-	0.148159136393	0.409223128461	0.056199349319	0.386418385827
avo-	0.554153310976	0.110394320854	0.05172807228	0.28372429589
job-	0.0	0.866666666667	0.133333333333	0.0
siw-	0.629798222782	0.206131856293	0.0362680877836	0.127801833142
wap-	0.378840778656	0.31167155234	0.111105111518	0.198382557486
ket-	0.217185985765	0.512882526412	0.0425291513297	0.227402336493
iam-	0.525786163522	0.349685534591	0.0490566037736	0.0754716981132
akw-	0.372507931305	0.595181512743	0.00561922712214	0.0266913288301
dob-	0.0644728180416	0.575229347516	0.0212307169157	0.339067117527
taw-	0.50870282351	0.24691216368	0.0477496081623	0.196635404647
mon-	0.49821492488	0.369811121614	0.066782000569	0.0651919529364
vop-	0.357462099944	0.430140370578	0.137158899495	0.0752386299832
tou-	0.431646305992	0.442990110529	0.0305410122164	0.0948225712624
alo-	0.0	0.935483870968	0.0322580645161	0.0322580645161
ano-	0.547724729344	0.225200870123	0.0548227690528	0.17225163148
iut-	0.311731577695	0.510192750059	0.0618703894662	0.116205282779
pit-	0.037547216027	0.899940697959	0.0133429591718	0.0491691268419
zek-	0.0195212642343	0.929351615152	0.0357889844294	0.0153381361841
las-	0.0048	0.9088	0.0096	0.0768
bra-	0.0324324324324	0.837837837838	0.12972972973	0.0
iyu-	0.480386015424	0.202229272181	0.136778283736	0.180606428659
rin-	0.235807860262	0.489082969432	0.275109170306	0.0
eti-	0.532289931118	0.322769564462	0.0753202059483	0.0696202984712
vin-	0.272145364803	0.505027731017	0.0997936442032	0.123033259977
sip-	0.0367177377047	0.932044019618	0.00737427368127	0.0238639689963
evu-	0.181360201511	0.788413098237	0.0302267002519	0.0
ome-	0.0	0.830682881197	0.169317118803	0.0
reb-	0.107883817427	0.784232365145	0.0829875518672	0.0248962655602
dum-	0.0466009204094	0.108221912967	0.0769993679531	0.768177798671
ema-	0.647573640197	0.109840939197	0.0209317140748	0.221653706531
diw-	0.0850077279753	0.879919153489	0.0142670312686	0.0208060872667
zeb-	0.00280701754386	0.994385964912	0.0	0.00280701754386
pis-	0.818524647521	0.0423895342601	0.00601176294789	0.133074055271
rup-	0.408517856324	0.400220052262	0.108467427681	0.0827946637326
ten-	0.112697220135	0.646882043576	0.0525920360631	0.187828700225
yod-	0.143835616438	0.77397260274	0.041095890411	0.041095890411
his-	0.0	0.914893617021	0.0851063829787	0.0
sai-	0.0117213492348	0.979065363157	0.000921328760813	0.00829195884731
viw-	0.413400758533	0.411414123171	0.0260068629221	0.149178255373
yas-	0.0974007093332	0.713567852129	0.171635379046	0.0173960594919
suw-	0.313841521584	0.543510016695	0.0538471857858	0.0888012759361
psa-	0.0479338842975	0.942148760331	0.0	0.0099173553719
von-	0.295272826681	0.457346400228	0.0600594375705	0.187321335521
way-	0.328555162761	0.536403096613	0.0626482301875	0.0723935104389
gag-	0.120902973736	0.294117647059	0.526372910788	0.0586064684176
atu-	0.603533310717	0.198455155137	0.0708749771666	0.127136556979
aro-	0.034278850596	0.0375589023376	0.041578120669	0.886584126397
ere-	0.178758238788	0.104968284539	0.0531189490284	0.663154527644
ima-	0.416602021678	0.324712638914	0.0283778789584	0.23030746045
tig-	0.198347107438	0.35458480913	0.157418339237	0.289649744195
ebi-	0.342255785263	0.337956559124	0.0595910127481	0.260196642865
kao-	0.297777777778	0.562962962963	0.0325925925926	0.106666666667
ibo-	0.344827586207	0.467672413793	0.135775862069	0.051724137931
kuy-	0.602357680461	0.169048173352	0.0430322427567	0.18556190343
kor-	0.16579039771	0.683310390057	0.0651815925715	0.0857176196614
rub-	0.570612364489	0.381043070612	0.0329622033402	0.0153823615587
bau-	0.0	1.0	0.0	0.0
mik-	0.0751312477427	0.0307489672949	0.00788275056953	0.886237034393
tis-	0.384983187834	0.35049511059	0.0731097880741	0.191411913502
lep-	0.12	0.88	0.0	0.0
ewa-	0.24	0.16	0.48	0.12
kot-	0.267313830519	0.156962963713	0.0374831841406	0.538240021628
wiw-	0.126976118399	0.485368314834	0.247225025227	0.14043054154
edu-	0.109803921569	0.772549019608	0.117647058824	0.0
dav-	0.00948280560248	0.96048830999	0.00555888604283	0.024469998365
van-	0.134831460674	0.865168539326	0.0	0.0
rat-	0.0298507462687	0.194029850746	0.746268656716	0.0298507462687
keo-	0.206008583691	0.43991416309	0.0	0.354077253219
now-	0.715601896957	0.160792275525	0.0347192985669	0.0888865289509
tan-	0.305966689427	0.500878776827	0.047407772258	0.145746761488
wab-	0.0227272727273	0.977272727273	0.0	0.0
edi-	0.548682703322	0.193012600229	0.104238258877	0.154066437572
bar-	0.355393062866	0.33993296112	0.0480950660579	0.256578909956
moy-	0.107477468827	0.164871946117	0.69507126298	0.0325793220757
kav-	0.165273797817	0.0820256423709	0.0427335748809	0.709966984931
kup-	0.114900284349	0.621144747277	0.0908060429039	0.17314892547
aga-	0.062309850724	0.826193273224	0.0772643944779	0.0342324815743
voe-	0.351524879615	0.22150882825	0.0802568218298	0.346709470305
ipi-	0.708687624047	0.0808528309229	0.0323810273613	0.178078517669
oir-	0.0321586169377	0.820250256906	0.0578855104878	0.0897056156682
pob-	0.189189189189	0.702702702703	0.0540540540541	0.0540540540541
inu-	0.472101827477	0.32043595931	0.114112478306	0.0933497349074
rop-	0.338394793926	0.23535791757	0.357917570499	0.0683297180044
mau-	0.0568702057094	0.867336765215	0.0192280301951	0.0565649988809
jep-	0.0	1.0	0.0	0.0
sid-	0.936037441498	0.0171606864275	0.0	0.0468018720749
gwe-	0.22125813449	0.501084598698	0.140997830803	0.136659436009
bel-	0.0422535211268	0.830985915493	0.105633802817	0.0211267605634
aru-	0.434206465731	0.430484508992	0.0854273236512	0.0498817016262
ton-	0.205016752694	0.708050348637	0.0619396903016	0.0249932083673
rav-	0.285082753771	0.413211282674	0.110062589617	0.191643373937
ori-	0.0	1.0	0.0	0.0
nak-	0.0569553639105	0.0579450587057	0.0447463171962	0.840353260188
nan-	0.0350624039436	0.0159973394268	0.0178098257097	0.93113043092
pol-	0.0290641806887	0.857348980093	0.00363671843817	0.10995012078
esi-	0.364976958525	0.38801843318	0.0995391705069	0.147465437788
geb-	0.0	1.0	0.0	0.0
aya-	0.329520126493	0.287524050826	0.265082963443	0.117872859238
rum-	0.638912294549	0.203179495931	0.120950968994	0.036957240526
sar-	0.279611650485	0.685436893204	0.0349514563107	0.0
lao-	0.0	1.0	0.0	0.0
kio-	0.0	0.95652173913	0.0434782608696	0.0
wes-	0.0	0.705882352941	0.270588235294	0.0235294117647
zad-	0.0	1.0	0.0	0.0
teu-	0.0	1.0	0.0	0.0
gub-	0.204513311543	0.39564021402	0.332015376095	0.067831098342
dam-	0.124998654961	0.251612970934	0.0331520228893	0.590236351216
put-	0.0	1.0	0.0	0.0
nap-	0.0	0.975155279503	0.0248447204969	0.0
igh-	0.342957328527	0.145018439438	0.154680093889	0.357344138145
rad-	0.177631578947	0.782894736842	0.0394736842105	0.0
ido-	0.825904919228	0.15283129116	0.01014862686	0.0111151627515
igw-	0.536951996568	0.230928129916	0.125848124196	0.106271749321
bal-	0.088346655448	0.911653344552	0.0	0.0
wir-	0.450991189427	0.0765418502202	0.472466960352	0.0
idu-	0.47258163894	0.249537892791	0.165126309304	0.112754158965
han-	0.0273556231003	0.188449848024	0.0273556231003	0.756838905775
ayo-	0.024	0.976	0.0	0.0
pei-	0.210911232053	0.722690390841	0.0252742209629	0.0411241561431
rai-	0.292671961636	0.688445976322	0.0	0.0188820620411
evi-	0.421252311718	0.292727081197	0.130314409951	0.155706197134
mok-	0.113636363636	0.522727272727	0.363636363636	0.0
ekw-	0.618111005998	0.282073260088	0.0660829928131	0.0337327411012
iag-	0.0618892508143	0.85993485342	0.0195439739414	0.0586319218241
kub-	0.145439206112	0.0646129069886	0.0057566144565	0.784191272443
vos-	0.25	0.718085106383	0.031914893617	0.0
tun-	0.310950758511	0.0232598142466	0.00660865105719	0.659180776186
sop-	0.226507799373	0.706152044056	0.0406267060301	0.0267134505404
dad-	0.391194102998	0.274324589889	0.303848118095	0.0306331890178
kuo-	0.488372093023	0.0	0.0	0.511627906977
iru-	0.664577313634	0.188955973575	0.0578838170572	0.0885828957336
tas-	0.151975683891	0.784194528875	0.063829787234	0.0
