-cab	0.0	0.987206823028	0.0	0.0127931769723
-cad	0.0	1.0	0.0	0.0
-caj	0.0940278615058	0.156287078211	0.118189747163	0.63149531312
-cai	0.0	1.0	0.0	0.0
-épa	0.0471718341267	0.925168317681	0.00771902740254	0.0199408207899
-cao	0.25	0.625	0.125	0.0
-can	0.536902637223	0.174068898282	0.0493429918501	0.239685472646
-eus	0.00498427579659	0.988785379458	0.00623034474574	0.0
-cal	0.0	1.0	0.0	0.0
-cas	0.0	0.996662958843	0.0	0.00333704115684
-car	0.373147938237	0.158265457587	0.0419736512884	0.426612952889
-rba	0.0	0.954372623574	0.045627376426	0.0
-eun	0.0	1.0	0.0	0.0
-700	0.3125	0.275914634146	0.0914634146341	0.32012195122
-ive	0.0434549356223	0.913090128755	0.0144849785408	0.0289699570816
-rbe	0.0146699266504	0.9804400978	0.0	0.00488997555012
-cat	0.0	1.0	0.0	0.0
-caz	0.0	1.0	0.0	0.0
-cay	0.104244869299	0.177720079352	0.0233696574251	0.694665393923
-ivo	0.0826245443499	0.720534629405	0.182260024301	0.0145808019441
-idä	0.319188191882	0.477859778598	0.125461254613	0.0774907749077
-rpä	0.317968534364	0.353574385868	0.151807894011	0.176649185758
-ecú	0.0	1.0	0.0	0.0
-zem	0.0	1.0	0.0	0.0
-rpö	0.574468085107	0.425531914893	0.0	0.0
-utë	0.167701863354	0.795031055901	0.0	0.0372670807453
-utï	0.103825136612	0.79781420765	0.0	0.0983606557377
-cam	0.0771349862259	0.812672176309	0.0936639118457	0.0165289256198
-lta	0.114130631496	0.79588402238	0.0281743256235	0.0618110205006
-eum	0.0	1.0	0.0	0.0
-cwa	0.0	1.0	0.0	0.0
-tín	0.109940448923	0.719651855245	0.0879523591388	0.0824553366926
-hén	0.0	1.0	0.0	0.0
-öja	0.0	1.0	0.0	0.0
-rbë	0.3461613091	0.474031433931	0.125477006662	0.0543302503072
-úba	0.0	1.0	0.0	0.0
-ido	0.0482543286971	0.869429463525	0.0	0.0823162077775
-oyä	0.44065387349	0.319829424307	0.196872778962	0.0426439232409
-rpa	0.0536700178975	0.91501909619	0.0122732191871	0.0190376667259
-eca	0.0	0.790604026846	0.0	0.209395973154
-ida	0.0108467222561	0.989153277744	0.0	0.0
-úpa	0.175824175824	0.582417582418	0.21978021978	0.021978021978
-ufá	0.0	1.0	0.0	0.0
-aím	0.0	0.695181907571	0.0393313667649	0.265486725664
-tla	0.0	1.0	0.0	0.0
-rpu	0.27554261514	0.32080465855	0.194547379566	0.209105346744
-uta	0.15140346508	0.65766885117	0.0276431312712	0.163284552479
-inä	0.443544439464	0.306353794706	0.0899558413587	0.160145924472
-uti	0.155383099711	0.386153216839	0.0194252880185	0.439038395431
-üju	0.0746837984341	0.694037341899	0.127685203774	0.103593655892
-num	0.0	1.0	0.0	0.0
-dán	0.0348205982222	0.923546077816	0.0187079611567	0.0229253628047
-lpä	0.212676831325	0.202115763503	0.137915120964	0.447292284208
-bpa	0.0278528558944	0.954220033221	0.00739366720106	0.0105334436837
-rán	0.0155239327296	0.98447606727	0.0	0.0
-845	0.0	1.0	0.0	0.0
-aús	0.202007835455	0.577619980411	0.0587659157688	0.161606268364
-aúl	0.00417827298048	0.927576601671	0.00278551532034	0.0654596100279
-aúm	0.00556328233658	0.986091794159	0.0	0.00834492350487
-aún	0.0256211180124	0.958074534162	0.0	0.0163043478261
-280	0.0	0.0	0.0	1.0
-284	0.0	0.0	0.0	1.0
-288	0.0	0.0	0.25	0.75
-cán	0.0567375886525	0.943262411348	0.0	0.0
-yau	0.0	1.0	0.0	0.0
-ïdu	0.305555555556	0.138888888889	0.527777777778	0.0277777777778
-yas	0.505399568035	0.300215982721	0.0	0.194384449244
-yar	0.432952233029	0.131976224166	0.0340861369577	0.400985405847
-yay	0.226214682401	0.241865677691	0.141960660712	0.389958979196
-318	0.0	0.5	0.5	0.0
-lpa	0.0581384228659	0.864942516001	0.0258754193195	0.0510436418138
-yam	0.280499519693	0.535062439962	0.0115273775216	0.172910662824
-yan	0.361738656621	0.280088272415	0.0783886677885	0.279784403176
-yaj	0.228171246016	0.385126794171	0.125675868542	0.261026091271
-067	0.0	0.25	0.0	0.75
-242	0.0	1.0	0.0	0.0
-ual	0.0	0.555555555556	0.444444444444	0.0
-iti	0.207631273959	0.48506730855	0.0870999375947	0.220201479896
-440	0.0	1.0	0.0	0.0
-444	0.0	0.812227074236	0.0262008733624	0.161572052402
-laf	0.0	1.0	0.0	0.0
-ïsa	0.0357142857143	0.964285714286	0.0	0.0
-667	0.0	0.2	0.0	0.8
-666	0.113334832471	0.352597256578	0.0	0.534067910951
-ade	0.01259181532	0.97481636936	0.0	0.01259181532
-052	0.0	0.25	0.0	0.75
-ada	0.0460329056112	0.155505422515	0.0151021040986	0.783359567776
-quë	0.206026804295	0.232498127029	0.07720802464	0.484267044036
-lac	0.0	0.925465838509	0.0372670807454	0.0372670807454
-quí	0.0	1.0	0.0	0.0
-quï	0.149576945631	0.151545614476	0.090474993717	0.608402446176
-adi	0.0	0.949367088608	0.0506329113925	0.0
-cpa	0.172852673014	0.427345826464	0.0937253978401	0.306076102681
-adu	0.0261897027773	0.905595257431	0.012790319961	0.0554247198311
-lam	0.104702912797	0.4549231538	0.107898315339	0.332475618065
-uiy	0.632946788387	0.249033637635	0.0546919976972	0.063327576281
-ohu	0.0	1.0	0.0	0.0
-ywa	0.0642629560959	0.438770183428	0.235000810037	0.261966050438
-sej	0.120421475163	0.621174109383	0.198193677873	0.0602107375814
-sef	0.0	1.0	0.0	0.0
-uis	0.122970391595	0.60482330468	0.175501432665	0.0967048710601
-uir	0.413322339923	0.170436689311	0.0442902977182	0.371950673048
-lba	0.0	1.0	0.0	0.0
-sea	0.0743801652892	0.925619834711	0.0	0.0
-uij	0.231420805327	0.478117954445	0.0922901873195	0.198171052909
-uim	0.342394374164	0.359146286976	0.0888685941396	0.20959074472
-ipä	0.38961038961	0.47012987013	0.116883116883	0.0233766233766
-uin	0.122830022255	0.159934644433	0.0845708692925	0.63266446402
-lbu	0.310344827586	0.689655172414	0.0	0.0
-seu	0.0345789180145	0.924707194646	0.0178471834914	0.0228667038483
-set	0.0	0.99699549324	0.00300450676015	0.0
-ses	0.0	1.0	0.0	0.0
-ohi	0.0	1.0	0.0	0.0
-aam	0.0352753755121	0.943104233045	0.0193445607647	0.0022758306782
-blo	0.061430247052	0.741119326977	0.00242676501193	0.195023660959
-änu	0.15990810769	0.459338943238	0.102359257634	0.278393691438
-uja	0.0655021834062	0.934497816594	0.0	0.0
-ble	0.25	0.5	0.0	0.25
-bla	0.0	1.0	0.0	0.0
-äna	0.204044895174	0.613378276613	0.0687168519644	0.113859976249
-äni	0.148694223452	0.573244552058	0.235904531304	0.0421566931857
-mta	0.0800258064516	0.391867096774	0.0120806451613	0.516026451613
-äno	0.2832883068	0.392490407266	0.109165753799	0.215055532135
-lar	0.329541745666	0.367802177261	0.116579730528	0.186076346546
-fón	0.0	0.956834532374	0.0	0.0431654676259
-que	0.0	0.777777777778	0.222222222222	0.0
-qui	0.393374165608	0.279811495909	0.0598038124637	0.267010526019
-úal	0.0	1.0	0.0	0.0
-adí	0.0	1.0	0.0	0.0
-rdë	0.358974358975	0.641025641025	0.0	0.0
-ümi	0.2850418585	0.37846862153	0.108644594488	0.227844925482
-zor	0.00924499229585	0.990755007704	0.0	0.0
-bod	0.0	1.0	0.0	0.0
-raz	0.0	1.0	0.0	0.0
-ray	0.225462017299	0.532285672532	0.0856163059455	0.156636004223
-rat	0.0	1.0	0.0	0.0
-rar	0.262029670413	0.241352533368	0.057309168983	0.439308627236
-eru	0.374844903023	0.524586952263	0.100568144714	0.0
-bén	0.0	0.995861151487	0.0	0.00413884851321
-ran	0.591409616551	0.140314083904	0.0274820026176	0.240794296928
-eri	0.13948358635	0.493317763072	0.324380433372	0.0428182172052
-ral	0.0921689571527	0.707705581735	0.170001948287	0.0301235128255
-ram	0.0334662138885	0.906737536296	0.0418327673606	0.0179634824549
-raj	0.249451059631	0.270863909327	0.10812829093	0.371556740113
-rai	0.0159744408946	0.964856230032	0.0	0.0191693290735
-era	0.0686265762404	0.80755869875	0.12381472501	0.0
-rad	0.125	0.75	0.0	0.125
-rab	0.0	0.75	0.25	0.0
-rac	0.0	1.0	0.0	0.0
-oze	0.0	1.0	0.0	0.0
-azo	0.0	1.0	0.0	0.0
-änä	0.313839467128	0.43324086998	0.140991890316	0.111927772575
-uga	0.162311471671	0.534517028779	0.117946731906	0.185224767644
-áta	0.0	1.0	0.0	0.0
-änë	0.0179396989989	0.784925181665	0.0	0.197135119336
-aza	0.0702576112412	0.887587822014	0.0140515222482	0.0281030444965
-änï	0.0082280788633	0.710741125701	0.00114278873101	0.279888006704
-nor	0.0	1.0	0.0	0.0
-nos	0.194256756757	0.660472972973	0.0801158301158	0.0651544401544
-not	0.0	0.870967741935	0.129032258065	0.0
-noj	0.0	1.0	0.0	0.0
-eón	0.0766550522648	0.845528455284	0.00619434765776	0.0716221447929
-noa	0.0	1.0	0.0	0.0
-nob	0.0	1.0	0.0	0.0
-noc	0.0490196078431	0.9376114082	0.0	0.0133689839572
-nod	0.0	1.0	0.0	0.0
-bot	0.0	1.0	0.0	0.0
-fán	0.0	0.959748634329	0.0402513656713	0.0
-dod	0.0	0.96178343949	0.0	0.0382165605096
-fás	0.0302521008403	0.952941176471	0.00336134453782	0.0134453781513
--ir	0.0	1.0	0.0	0.0
-gla	0.0	1.0	0.0	0.0
-vos	0.0137535816619	0.975931232092	0.0	0.0103151862464
-tob	0.0	1.0	0.0	0.0
-toa	0.0	1.0	0.0	0.0
-tol	0.113556338028	0.696009389671	0.0246478873239	0.165786384977
-toj	0.742857142857	0.180952380952	0.0761904761906	0.0
-toi	0.090909090909	0.909090909091	0.0	0.0
-tot	0.0	1.0	0.0	0.0
-tor	0.188735177866	0.803853754941	0.00741106719368	0.0
-tos	0.0540257929592	0.835482746602	0.10003485535	0.0104566050889
-180	0.0	0.0	0.0	1.0
-ngu	0.116682023819	0.385988735009	0.103920576967	0.393408664205
-rot	0.0	1.0	0.0	0.0
-éga	0.05	0.95	0.0	0.0
-dom	0.0279069767442	0.962126245847	0.0	0.00996677740865
-iel	0.0462106202782	0.944318651891	0.0035923450393	0.00587838279157
-ros	0.0	0.896907216495	0.103092783505	0.0
-clo	0.0751879699249	0.887218045113	0.0375939849624	0.0
-187	0.0	0.2	0.0	0.8
-rod	0.0	1.0	0.0	0.0
-roa	0.0	1.0	0.0	0.0
-rom	0.0	1.0	0.0	0.0
-ñej	0.592592592593	0.407407407407	0.0	0.0
-ëwa	0.0469483568075	0.859154929577	0.0	0.093896713615
-roj	0.2383314295	0.543081473109	0.0241860462666	0.194401051124
-noé	0.01359300284	0.98640699716	0.0	0.0
-ïju	0.0386284722222	0.538194444444	0.0182291666667	0.404947916667
-eán	0.0	0.625	0.375	0.0
-glä	0.0	1.0	0.0	0.0
-ddo	0.0	1.0	0.0	0.0
-276	0.0	0.317273795535	0.0	0.682726204465
-273	0.25	0.0	0.0	0.75
-öga	0.200810002708	0.373698591039	0.0631675187922	0.36232388746
-clä	0.26912522494	0.1973474776	0.228695040218	0.304832257242
-sac	0.0	1.0	0.0	0.0
-3.5	0.0	0.176470588235	0.0882352941178	0.735294117647
-apü	0.188679245283	0.675471698113	0.101886792453	0.0339622641509
-hya	0.298692694278	0.170790039268	0.167251102888	0.363266163567
-lej	0.208956077747	0.390008438336	0.0600695090032	0.340965974914
-lem	0.0	1.0	0.0	0.0
-leo	0.243037974684	0.712658227848	0.0253164556962	0.0189873417722
-itö	1.0	0.0	0.0	0.0
-mul	0.0	1.0	0.0	0.0
-leb	0.0	1.0	0.0	0.0
-mun	0.460067781625	0.320358599626	0.0702969026847	0.149276716064
-led	0.0	1.0	0.0	0.0
-lef	0.0	1.0	0.0	0.0
-muj	0.383642264977	0.259897544189	0.0560339433756	0.300426247458
-mut	0.0	1.0	0.0	0.0
-esé	0.0	1.0	0.0	0.0
-fsa	0.0	1.0	0.0	0.0
-esí	0.0	1.0	0.0	0.0
-saj	0.104853089794	0.380312885234	0.141177342991	0.37365668198
-ćhä	0.523255813954	0.232988802756	0.0387596899224	0.204995693368
-jar	0.394171779141	0.414110429448	0.0306748466257	0.161042944785
-esá	0.0	1.0	0.0	0.0
-les	0.0	1.0	0.0	0.0
-let	0.0147239263804	0.98527607362	0.0	0.0
-leu	0.0	1.0	0.0	0.0
-muz	0.0	1.0	0.0	0.0
-mpu	0.191932945771	0.633174884017	0.00941727070373	0.165474899508
-faí	0.0	1.0	0.0	0.0
-udá	0.00764561118514	0.980521895314	0.0	0.0118324935008
-udä	0.123011889036	0.66011448701	0.0118361955086	0.205037428446
-470	0.483870967742	0.193548387097	0.0	0.322580645161
-udí	0.0	1.0	0.0	0.0
-125	0.0	0.0526315789474	0.0	0.947368421053
-655	0.0	0.2	0.0	0.8
-120	0.0	0.0450281425891	0.0	0.954971857411
-lah	0.0653696498055	0.75953307393	0.0	0.175097276265
-650	0.0	0.3	0.3	0.4
-123	0.0	0.0	0.0	1.0
-128	0.0	0.0	0.0	1.0
-ogu	0.256776034237	0.166904422254	0.576319543509	0.0
-pej	0.25573942431	0.318028201841	0.223109194732	0.203123179117
-lsa	0.0	1.0	0.0	0.0
-oga	0.0944343483206	0.261701586293	0.00785452731535	0.636009538071
-ćhu	0.178046527034	0.292402339529	0.0537940695231	0.475757063914
-ytä	0.0544389119602	0.669242368242	0.00791838719421	0.268400332604
-itu	0.0127579156376	0.944703669619	0.0261843158095	0.0163540989337
-ito	0.184114521374	0.464350860497	0.104092315013	0.247442303117
-720	0.0	0.76	0.0	0.24
-721	0.0	0.2	0.0	0.8
-eso	0.0161780973451	0.973866150442	0.0041482300885	0.0058075221239
-ćhi	0.396148930958	0.293102416416	0.0991285755096	0.211620077116
-725	0.0	0.333333333333	0.0	0.666666666667
-tet	0.0	1.0	0.0	0.0
-esa	0.0	1.0	0.0	0.0
-ite	0.0	0.992350841407	0.00764915859255	0.0
-xna	0.0133481646274	0.886540600667	0.100111234705	0.0
-ćha	0.238430867472	0.358483805158	0.266955018178	0.136130309192
-ita	0.20561241315	0.368140961006	0.0706608389672	0.355585786877
-spa	0.0473203637256	0.311359314492	0.00964010282777	0.631680218955
-spe	0.053755576684	0.877130110437	0.0665545235135	0.00255978936591
-fad	0.0	1.0	0.0	0.0
-ulö	0.28635477432	0.304056354155	0.0142161944698	0.395372677054
-gru	0.362032405594	0.232757283132	0.315219399026	0.0899909122478
-fal	0.0	1.0	0.0	0.0
-fam	0.0	1.0	0.0	0.0
-far	0.105882352941	0.894117647059	0.0	0.0
-fas	0.118337637943	0.834702981921	0.00469593801361	0.0422634421226
-uda	0.0979431929481	0.799216454456	0.0440744368266	0.0587659157689
-fat	0.00770218228498	0.992297817715	0.0	0.0
-ñoj	0.196132532093	0.169382935441	0.0957513971052	0.538733135361
-faz	0.0344827586207	0.965517241379	0.0	0.0
-lot	0.0171684346066	0.975473664848	0.0	0.00735790054572
-ael	0.0577413814588	0.713759506176	0.0861348445692	0.142364267796
-cyu	0.621468926553	0.152542372882	0.225988700565	0.0
-zga	0.112262521589	0.627288428325	0.0207253886011	0.239723661485
-tna	0.0642857142857	0.935714285714	0.0	0.0
-tni	0.0	1.0	0.0	0.0
-750	0.272727272727	0.545454545455	0.0	0.181818181818
-tno	0.0	1.0	0.0	0.0
-eas	0.0174717368962	0.970195272354	0.0	0.0123329907503
-eat	0.0	1.0	0.0	0.0
-cma	0.345679012346	0.0905349794238	0.123456790123	0.440329218107
-ëpu	0.0	1.0	0.0	0.0
-cmi	0.135992456344	0.234797489882	0.114437456059	0.514772597716
-eab	0.0	1.0	0.0	0.0
-iza	0.0	1.0	0.0	0.0
-rna	0.345376678322	0.328214572372	0.0640153779241	0.262393371382
-rno	1.0	0.0	0.0	0.0
-eah	0.0	1.0	0.0	0.0
-teo	0.102578436168	0.670463279994	0.00419257913493	0.222765704703
-eam	0.0298507462686	0.970149253731	0.0	0.0
-eal	0.0	1.0	0.0	0.0
-rni	0.0425531914893	0.914893617021	0.0	0.0425531914893
-uri	0.0580570469997	0.402489087354	0.480658479967	0.0587953856786
-ura	0.0612743640831	0.0193777017703	0.00528011766903	0.914067816477
-nnë	0.115737934994	0.864167012216	0.0	0.0200950527894
-nnï	0.0	0.56050955414	0.108280254777	0.331210191083
-ihú	0.0	0.846153846154	0.153846153846	0.0
-uru	0.243203471272	0.6383480828	0.0246500819902	0.0937983639369
-zno	0.0	1.0	0.0	0.0
-zni	0.0	1.0	0.0	0.0
-zna	0.0350318471337	0.964968152866	0.0	0.0
-zín	0.0	1.0	0.0	0.0
-üpa	0.0496490326999	0.918507104948	0.00616332819723	0.0256805341552
-zía	0.0	1.0	0.0	0.0
-rnï	0.716226415094	0.137735849057	0.0328301886792	0.11320754717
-rní	0.0	1.0	0.0	0.0
--ta	0.107207439938	0.84241797985	0.0348747093774	0.0154998708344
-rnë	0.160985169235	0.111533157525	0.0443713255752	0.683110347664
-urë	0.0995024875622	0.850746268657	0.0	0.0497512437811
-urï	0.404027529952	0.481646698955	0.0203925567168	0.0939332143767
-urä	0.426184774606	0.242682524435	0.0576429637543	0.273489737205
-nno	0.257777879401	0.228082132915	0.0455172990343	0.468622688649
-tpi	0.133644463301	0.633008061095	0.205770046669	0.0275774289351
-nna	0.277669762851	0.478037896987	0.0928892008246	0.151403139337
-tpa	0.0357373084325	0.957345793161	0.000988128343752	0.00592877006254
-znë	0.0311418685121	0.885813148789	0.0	0.083044982699
-yñi	1.0	0.0	0.0	0.0
-lón	0.00922704320342	0.983303445632	0.00483321310655	0.00263629805811
-260	0.0	0.085201793722	0.0448430493273	0.869955156951
-ajä	0.0448526270824	0.888509184109	0.0153780435711	0.0512601452371
-yún	0.0	1.0	0.0	0.0
-dpa	0.02047843293	0.944770286946	0.00558502716273	0.029166252961
-yga	0.173891068463	0.12876315569	0.0199894145654	0.677356361282
-crä	0.895652173913	0.0	0.104347826087	0.0
-mrä	0.0955070537723	0.48801369863	0.0777448374566	0.338734410141
-000	0.0881617586381	0.254052721304	0.0158065288755	0.641978991182
-005	0.0	1.0	0.0	0.0
-ldä	0.222222222222	0.0	0.777777777778	0.0
-sgä	0.437632135307	0.319238900634	0.0	0.243128964059
-392	0.0	0.0	0.0	1.0
-390	0.0	0.0	0.0	1.0
-ldö	0.0	0.857142857143	0.0	0.142857142857
-vía	0.0	1.0	0.0	0.0
-468	0.0	0.142857142857	0.0	0.857142857143
-ría	0.0341789992953	0.751321353066	0.0149753347428	0.199524312896
-río	0.0	1.0	0.0	0.0
-137	0.0	0.0	0.0	1.0
-gía	0.0	1.0	0.0	0.0
-642	0.0	0.142857142857	0.0	0.857142857143
-133	0.0	0.2	0.0	0.8
-130	0.0	0.0441176470588	0.0	0.955882352941
-648	0.0	0.2	0.0	0.8
-139	0.0	0.5	0.0	0.5
-138	0.0	0.5	0.0	0.5
-480	0.0	1.0	0.0	0.0
-hca	0.129776768823	0.100495030276	0.503100233201	0.2666279677
-488	0.0	0.538461538461	0.0	0.461538461539
-buz	0.0	1.0	0.0	0.0
-cru	0.174259122383	0.456576831366	0.103870845816	0.265293200436
-aja	0.577287066246	0.170347003155	0.0914826498422	0.160883280757
-nós	0.0184615384615	0.981538461538	0.0	0.0
-nón	0.0	1.0	0.0	0.0
-cri	0.0	1.0	0.0	0.0
-amí	0.0	1.0	0.0	0.0
-cra	0.0480609856231	0.646437150332	0.0891604914346	0.21634137261
-sgu	0.451376146789	0.460550458716	0.0440366972477	0.0440366972477
-mra	0.162004104929	0.438327663283	0.0618550903928	0.337813141395
-ldi	0.305158214131	0.163849154746	0.48620141598	0.0447912151424
-yuj	0.125750032993	0.576586063886	0.116262828059	0.181401075062
-mre	0.0	1.0	0.0	0.0
-yun	0.107569404573	0.692412059121	0.0361999329419	0.163818603364
-mri	0.232352240604	0.319257371678	0.0894803309559	0.358910056762
-lda	0.00838691641039	0.723231758457	0.268381325133	0.0
-yuy	0.0	1.0	0.0	0.0
-bur	0.0	1.0	0.0	0.0
-sga	0.0903141075516	0.53952693941	0.00747043480463	0.362688518234
-fra	0.0816326530611	0.918367346939	0.0	0.0
-736	0.0	0.625	0.0	0.375
-730	0.0	0.28	0.0	0.72
-fri	0.0540540540541	0.926640926641	0.00772200772201	0.011583011583
-íta	0.169690501601	0.815368196371	0.00213447171825	0.0128068303095
-usi	0.173267326733	0.742574257426	0.0	0.0841584158416
-ush	0.348858029864	0.333577675134	0.14092392749	0.176640367513
-usa	0.0860420650096	0.889374487845	0.0245834471456	0.0
-món	0.0199469566962	0.960161804364	0.00657469522387	0.0133165437162
-mós	0.0273348519362	0.931662870159	0.0410022779043	0.0
-myu	0.0789963517236	0.0735239371603	0.722768222768	0.124711488348
-zmi	0.204654426383	0.746228511285	0.0491170623319	0.0
-epa	0.0902267996056	0.33893941054	0.389229757861	0.181604031993
-ñuj	0.28125	0.369642857143	0.234821428571	0.114285714286
-epi	0.0	1.0	0.0	0.0
-ñur	0.254857922572	0.496349710666	0.0427726263159	0.206019740446
-hoa	0.0	1.0	0.0	0.0
-ñuy	0.172872340426	0.541441402163	0.0703043250785	0.215381932333
-win	0.212630742751	0.614060638157	0.0328346352443	0.140473983847
-wij	0.185979971388	0.814020028612	0.0	0.0
-wiy	0.32	0.626666666667	0.0533333333334	0.0
-iud	0.0	1.0	0.0	0.0
-uez	0.143299246502	0.726184068891	0.0	0.130516684607
-uet	0.0	1.0	0.0	0.0
-uev	0.0	0.809045226131	0.1608040201	0.0301507537688
-äña	0.357142857143	0.428571428572	0.0	0.214285714286
-uer	0.0	1.0	0.0	0.0
-uem	0.00709219858157	0.992907801418	0.0	0.0
-uel	0.0549117060993	0.925849155997	0.00480978447584	0.0144293534276
-ueo	0.042568618508	0.907495117473	0.013098036464	0.036838227555
-uej	0.3987090992	0.383905407318	0.121582100347	0.0958033931351
-äñu	0.4	0.44	0.0	0.16
-rmï	0.764705882353	0.235294117647	0.0	0.0
-iim	0.0	1.0	0.0	0.0
-lab	0.0	1.0	0.0	0.0
-aín	0.0261919547971	0.941663969771	0.00734721724148	0.02479685819
--ga	0.0	1.0	0.0	0.0
-tal	0.152542372881	0.516949152542	0.330508474576	0.0
-tam	0.359140992534	0.314816591198	0.111497826666	0.214544589602
-tan	0.137293937917	0.554967318345	0.0934297506256	0.214308993113
-tai	0.0233463035019	0.976653696498	0.0	0.0
-taj	0.181747852914	0.125059358239	0.0281289352357	0.665063853611
-tad	0.444444444444	0.333333333333	0.0	0.222222222222
-tac	0.030911901082	0.969088098918	0.0	0.0
-tay	0.193473228117	0.7234507634	0.0203988773358	0.0626771311471
-tat	0.0	1.0	0.0	0.0
-tar	0.31083439732	0.404319620976	0.0442496063414	0.240596375363
-cna	0.120782486579	0.461953840694	0.177619426982	0.239644245745
-cno	0.115322337185	0.764607404561	0.06051541016	0.059554848094
-rma	0.0	0.958333333333	0.0416666666666	0.0
-eni	0.0	1.0	0.0	0.0
-fis	0.0	1.0	0.0	0.0
-ene	0.0129905707898	0.985772231992	0.00123719721808	0.0
-rmi	0.248056392199	0.290124767479	0.056517208969	0.405301631353
-ena	0.0	0.995517370191	0.0	0.00448262980949
-ösa	0.228061477442	0.55610642869	0.0720542059164	0.143777887952
-het	0.0	1.0	0.0	0.0
-lgü	0.484536082474	0.219931271478	0.123711340206	0.171821305842
-ösi	0.113163972286	0.802925327175	0.0479856299718	0.0359250705671
-hes	0.0	1.0	0.0	0.0
-hel	0.0	1.0	0.0	0.0
-ösu	0.0983453937624	0.519203588507	0.276551986797	0.105899030934
-812	0.0	1.0	0.0	0.0
-815	0.0	0.2	0.2	0.6
-hej	0.366875063053	0.310563530731	0.0640321881918	0.258529218024
-818	0.0	1.0	0.0	0.0
-heb	0.0	1.0	0.0	0.0
-äcü	0.255736307452	0.235632592172	0.0	0.508631100377
-nsu	0.0965640423032	0.82052173913	0.0276380728555	0.0552761457109
-biú	0.0	1.0	0.0	0.0
-nsi	0.331392715077	0.253328497269	0.111731187409	0.303547600245
-nsa	0.338512763596	0.295227524972	0.34961154273	0.0166481687014
-pur	0.439300359378	0.319153711923	0.0538101547811	0.187735773918
-pus	0.0613496932515	0.914110429448	0.0245398773006	0.0
-252	0.666666666667	0.0	0.333333333333	0.0
-250	0.0	0.485714285715	0.00519480519483	0.50909090909
-puy	0.453285195869	0.345042151298	0.0899331906579	0.111739462175
-254	0.0	0.25	0.0	0.75
-puc	0.0	0.333333333333	0.666666666667	0.0
-pul	0.0	1.0	0.0	0.0
-zuf	0.0	1.0	0.0	0.0
-pun	0.22797354464	0.550958834424	0.153855861611	0.0672117593257
-puj	0.39445494644	0.476370510397	0.0233144297416	0.105860113422
-eña	0.0	1.0	0.0	0.0
-928	0.0	1.0	0.0	0.0
-üsi	0.283990536278	0.431466876972	0.0738958990536	0.210646687697
-nmi	0.298942278598	0.338579187674	0.0655204659468	0.296958067781
-üsu	0.0606755645987	0.676085534485	0.107416816834	0.155822084083
-meí	0.0	1.0	0.0	0.0
-ydä	0.391972615612	0.193838512652	0.125109067723	0.289079804014
-dea	0.0185036816604	0.935218038228	0.00602800350998	0.0402502766014
-msa	0.0327196318179	0.100977106494	0.164662549473	0.701640712215
-lgu	0.144220143334	0.577044696099	0.0729799223152	0.205755238252
-ded	0.6	0.4	0.0	0.0
-jga	0.302934678476	0.461501163314	0.0897530646958	0.145811093515
-dej	0.352981969487	0.375173370319	0.140083217753	0.131761442441
-deo	0.120330940504	0.879669059496	0.0	0.0
-der	0.0	1.0	0.0	0.0
-des	0.0297622949745	0.885015274482	0.0291067378165	0.0561156927272
-lga	0.0602583679487	0.825948747626	0.018520121224	0.0952727632013
-840	0.0	1.0	0.0	0.0
-naz	0.0	1.0	0.0	0.0
-bit	0.0	1.0	0.0	0.0
-bir	0.29106029106	0.391891891892	0.0956340956341	0.221413721414
-bis	0.0	1.0	0.0	0.0
-biy	0.633510735915	0.15947880345	0.00825839603598	0.198752064599
-bib	0.0	1.0	0.0	0.0
-bia	0.0802964793083	0.869260860614	0.0164710726786	0.0339715873996
-bin	0.510471666319	0.343807674407	0.0292083259777	0.116512333296
-bil	0.0	1.0	0.0	0.0
-äca	0.161073825503	0.838926174497	0.0	0.0
-lat	0.0	1.0	0.0	0.0
-100	0.00929056026122	0.124685440912	0.0607499412637	0.805274057563
-rún	0.0	1.0	0.0	0.0
-105	0.0	1.0	0.0	0.0
-108	0.0	0.75	0.0	0.25
-lau	0.182323699611	0.38549728918	0.0628005925816	0.369378418628
-lux	0.252600297177	0.747399702823	0.0	0.0
-met	0.0	1.0	0.0	0.0
-jil	0.0653564651667	0.765773922472	0.00918948224451	0.159680130117
-mes	0.0187475589116	0.821117042052	0.160135399037	0.0
-mer	0.0122235157159	0.987776484284	0.0	0.0
-lur	0.113216710128	0.751649581402	0.12700457132	0.00812913715015
-ïgu	0.162212287117	0.676213995499	0.0235647806441	0.13800893674
-íga	0.197640117994	0.802359882006	0.0	0.0
-luh	0.0	1.0	0.0	0.0
-med	0.0	1.0	0.0	0.0
-034	0.0	0.333333333333	0.0	0.666666666667
-mea	0.0	1.0	0.0	0.0
-lum	0.107771575784	0.808930871619	0.0197509660798	0.0635465865178
-lun	0.0731165675019	0.740914550686	0.0482555378642	0.137713343948
-ïga	0.2629512842	0.479540055117	0.0789180410011	0.178590619682
-mel	0.0	1.0	0.0	0.0
-meo	0.115552779513	0.809494066209	0.0562148657089	0.0187382885696
-luc	0.0	1.0	0.0	0.0
-lud	0.0	1.0	0.0	0.0
-rri	0.0639999999999	0.936	0.0	0.0
-ërä	0.2	0.4	0.2	0.2
-aya	0.0798399178782	0.784242869826	0.0185606480968	0.117356564199
-rro	0.0	0.815724815725	0.184275184275	0.0
-ayo	0.0393442622951	0.808899297424	0.106791569087	0.0449648711943
-ayu	0.0638712144919	0.675689301484	0.128194429957	0.132245054066
-tón	0.0	1.0	0.0	0.0
-önä	0.0	1.0	0.0	0.0
-743	0.0	0.666666666667	0.0	0.333333333333
-745	0.0	1.0	0.0	0.0
-éta	0.0662983425414	0.913812154696	0.0	0.0198895027624
-gio	0.0369336482714	0.948035215804	0.00858922052823	0.00644191539617
-yur	0.0978426077473	0.521335874953	0.163828857765	0.216992659535
-fga	0.0	1.0	0.0	0.0
-sra	0.0	1.0	0.0	0.0
-tca	0.4	0.15	0.45	0.0
-ldu	0.0693977268703	0.897886201891	0.0118967531778	0.0208193180611
-rlä	0.365853658536	0.0487804878048	0.0	0.585365853659
-upö	0.0	1.0	0.0	0.0
-tán	0.0200974421437	0.978989037759	0.000913520097441	0.0
-ndo	0.0	1.0	0.0	0.0
-bús	0.00886262924668	0.991137370753	0.0	0.0
-upü	0.0470535514228	0.858839345732	0.0941071028455	0.0
-äga	0.199400769076	0.180168842212	0.0444510972016	0.575979291511
-csu	0.219870642066	0.356866261209	0.323122343678	0.100140753048
-ünö	0.0909090909091	0.0	0.454545454545	0.454545454545
-csi	0.34008097166	0.178137651822	0.164372469636	0.317408906883
-ees	0.0	1.0	0.0	0.0
-csa	0.0555555555556	0.611111111111	0.0	0.333333333333
-ayä	0.396867533847	0.554021767985	0.0252190071675	0.0238916910008
-goj	0.107968715949	0.497219464555	0.314301395514	0.0805104239812
-ëra	0.0	1.0	0.0	0.0
-goa	0.0	1.0	0.0	0.0
-gob	0.0	1.0	0.0	0.0
-gog	0.0524068322982	0.887034161491	0.0256211180125	0.0349378881987
-goy	0.3	0.66	0.04	0.0
-öna	0.279610560589	0.316233530863	0.106887819414	0.297268089133
-ëru	0.06990237125	0.170799132906	0.104724552136	0.654573943707
-öni	0.205188402395	0.381148022068	0.183120084517	0.23054349102
-gor	0.491124260355	0.264299802761	0.0788954635109	0.165680473373
-öno	0.153308054393	0.707685015691	0.119557400627	0.0194495292887
-com	0.107142857143	0.892857142857	0.0	0.0
-col	0.0	1.0	0.0	0.0
-coj	0.269281751912	0.404841964015	0.0994304688471	0.226445815226
-apä	0.148729904667	0.650883305176	0.0126834385631	0.187703351594
-eos	0.303921568627	0.261437908497	0.434640522876	0.0
-eor	0.0	1.0	0.0	0.0
-coc	0.0	1.0	0.0	0.0
-cob	0.0279518888701	0.867355581908	0.000508216161273	0.104184313061
-ubí	0.0	1.0	0.0	0.0
-cot	0.0	1.0	0.0	0.0
-cos	0.0276536312849	0.930446927374	0.0418994413408	0.0
-cor	0.0	1.0	0.0	0.0
-upu	0.438056831836	0.346035752619	0.0664783050589	0.149429110486
-upa	0.198400185935	0.280328803563	0.0768024895717	0.44446852093
-sán	0.0	0.98243559719	0.0175644028103	0.0
-upi	0.0388349514564	0.611650485437	0.349514563106	0.0
-üni	0.596582239854	0.212694537687	0.126640219713	0.0640830027464
-csï	0.470774091627	0.292259083728	0.199052132701	0.0379146919431
-üna	0.256667665568	0.327596968176	0.0822867139141	0.333448652342
-csä	0.0	1.0	0.0	0.0
-guy	0.292026842584	0.484190172884	0.098669244768	0.125113739763
-pta	0.044776119403	0.955223880597	0.0	0.0
-pto	0.0411822425738	0.840534031102	0.0640678738862	0.0542158524377
-gad	0.00221913422064	0.997780865779	0.0	0.0
-üri	0.011387051296	0.978364602538	0.0	0.0102483461664
-gan	0.20715223154	0.168766242538	0.0314781468542	0.592603379067
-gam	0.110477213002	0.0682760631739	0.00898459262369	0.8122621312
-gal	0.0	1.0	0.0	0.0
-üra	0.0447821290148	0.850282651811	0.0350132950839	0.06992192409
-gaj	0.273083162208	0.365633819985	0.119623618105	0.241659399702
-gai	0.0456852791878	0.954314720812	0.0	0.0
-tru	0.0153301309958	0.890888991068	0.0405999002123	0.0531809777239
-gau	0.0	1.0	0.0	0.0
-gat	0.0	1.0	0.0	0.0
-gas	0.0426483494228	0.861658678188	0.0159488287315	0.0797441436576
-gar	0.44828698324	0.285602256781	0.107289149539	0.15882161044
-üru	0.148555708391	0.560681409375	0.290762882235	0.0
-gay	0.294830255558	0.315827901266	0.131303523318	0.258038319857
-örä	0.468590272053	0.162077493817	0.0276999175598	0.34163231657
-218	0.0	1.0	0.0	0.0
-ino	0.264458080578	0.469807496757	0.0887843192258	0.17695010344
-ina	0.25734939937	0.396208388287	0.111035574787	0.235406637556
-800	0.0697471665214	0.738448125545	0.095902353967	0.0959023539668
-807	0.0	1.0	0.0	0.0
-inu	0.185217794831	0.643854114815	0.0453851336342	0.12554295672
-dón	0.00145695529645	0.982121077148	0.00622328048055	0.0101986870751
-són	0.0138418948016	0.980006151953	0.00461396493388	0.00153798831129
-bed	0.194568301581	0.805431698419	0.0	0.0
-ofa	0.0	1.0	0.0	0.0
-gum	0.212703962704	0.34324009324	0.30303030303	0.141025641026
-iru	0.110903834422	0.676686677217	0.0408462783029	0.171563210058
-ptï	0.333577961927	0.266355563042	0.069510996872	0.330555478159
-ptë	0.367368826773	0.281279525136	0.0707071932838	0.280644454807
-dru	0.0072463768116	0.971014492754	0.0	0.0217391304348
-trä	0.236827257159	0.0673740963279	0.0291022836384	0.666696362874
-ürä	0.119760479042	0.880239520958	0.0	0.0
-ltu	0.0204039991838	0.277698428892	0.537645378494	0.16425219343
-930	0.0	0.8	0.0	0.2
-lti	0.0	1.0	0.0	0.0
-dro	0.0616623736226	0.837230743939	0.00478325326583	0.0963236291721
-öra	0.127810746822	0.234504085433	0.0092962373962	0.628388930349
-rtä	0.0	0.636363636364	0.363636363636	0.0
-vpa	0.0	0.825581395349	0.174418604651	0.0
-hdo	0.0	1.0	0.0	0.0
-öru	0.293032599763	0.543968587344	0.0862934891791	0.0767053237147
-inö	0.304347826087	0.0869565217391	0.0	0.608695652174
-ela	0.0	0.991489361702	0.00510638297873	0.00340425531915
-245	0.0	0.1	0.3	0.6
-247	0.0	0.25	0.0	0.75
-nri	0.232435033686	0.358878729548	0.279355149182	0.129331087584
-cón	0.0	0.771428571429	0.228571428571	0.0
-nra	0.124156940942	0.198737121967	0.585029226047	0.0920767110434
-119	0.0	0.0	0.0	1.0
-110	0.0	0.0967741935483	0.0	0.903225806452
-112	0.0	0.888888888889	0.111111111111	0.0
-ñun	0.292168003565	0.417335115865	0.0253453654189	0.265151515151
-023	0.0	0.0	0.0	1.0
-sas	0.129963898917	0.584837545126	0.119133574007	0.166064981949
-sar	0.246643679847	0.300198077911	0.0208715428068	0.432286699435
-mpi	0.138966092274	0.559940707801	0.0778210116731	0.223272188253
-say	0.145454545455	0.787878787879	0.030303030303	0.0363636363636
-hau	0.23305588585	0.445897740785	0.0	0.321046373365
-äbi	0.222085132634	0.574336829118	0.0	0.203578038248
-mpa	0.0651933458434	0.654173155552	0.0359176980096	0.244715800595
-äbu	0.365200764819	0.279158699809	0.325047801147	0.0305927342256
-oli	0.0355731225296	0.954545454545	0.00988142292489	0.0
-ïja	0.134240819416	0.596567272866	0.0248594110029	0.244332496715
-sag	0.0	1.0	0.0	0.0
-saf	0.03125	0.953125	0.0	0.015625
-olo	0.10060362173	0.720631481195	0.00928648815973	0.169478408915
-ola	0.0	0.980392156863	0.0196078431373	0.0
-sai	0.0	0.992019457323	0.0	0.00798054267689
-sah	0.0	1.0	0.0	0.0
-fpa	0.0	1.0	0.0	0.0
-san	0.218162839248	0.301931106472	0.0194415448852	0.460464509395
-sam	0.0	1.0	0.0	0.0
-sal	0.0	1.0	0.0	0.0
-ucü	0.271794871795	0.666666666667	0.0615384615385	0.0
-ucö	0.274568642161	0.716429107277	0.00900225056264	0.0
-ván	0.0	1.0	0.0	0.0
-haj	0.400445269065	0.245689757787	0.0633961715293	0.290468801619
-húa	0.0	1.0	0.0	0.0
-yru	0.0	1.0	0.0	0.0
-húm	0.0	1.0	0.0	0.0
-mat	0.0	0.954545454545	0.00699300699303	0.0384615384616
-hús	0.0	0.5	0.5	0.0
-ahí	0.0	1.0	0.0	0.0
-úma	0.0	1.0	0.0	0.0
-has	0.0606060606062	0.878787878788	0.0606060606062	0.0
-hat	0.0	1.0	0.0	0.0
-äpa	0.136944121338	0.505102432156	0.076040973277	0.281912473229
-saú	0.00674763832658	0.952091767881	0.0411605937922	0.0
-mpö	0.229885057471	0.425287356322	0.252873563219	0.0919540229886
-saí	0.0335758254057	0.966424174594	0.0	0.0
-ssa	0.0	1.0	0.0	0.0
-ucu	0.156559464303	0.54201641045	0.233896067151	0.0675280580967
-púa	0.0	1.0	0.0	0.0
-uca	0.117162805716	0.306628069521	0.50368250198	0.0725266227822
-ryu	0.0	1.0	0.0	0.0
-ioc	0.333333333333	0.666666666667	0.0	0.0
-ëmi	0.354133485308	0.242160156442	0.0743698708461	0.329336487405
-rya	0.0	0.666666666667	0.333333333333	0.0
-ios	0.128774200829	0.273706736737	0.00452984701691	0.592989215418
-ior	0.0	1.0	0.0	0.0
-iot	0.0	1.0	0.0	0.0
-mec	0.0	1.0	0.0	0.0
-wir	0.124567474048	0.875432525952	0.0	0.0
--el	0.0	1.0	0.0	0.0
-ësa	0.103092783505	0.850515463918	0.0463917525773	0.0
-ücu	0.411861539049	0.588138460951	0.0	0.0
-ësi	0.485204825928	0.323532310847	0.0629263099791	0.128336553247
-ñil	0.0669642857142	0.702380952381	0.230654761905	0.0
-ñin	0.0739103931729	0.911612313319	0.0114294422432	0.00304785126486
-üdö	0.0	1.0	0.0	0.0
-ësu	0.29978551001	0.194923736892	0.0257149666349	0.479575786463
-gpa	0.0331491712707	0.966850828729	0.0	0.0
-ömi	0.231998395155	0.291301851331	0.0626493208203	0.414050432694
-ñiy	0.68085106383	0.31914893617	0.0	0.0
-öma	0.091509913574	0.832231825114	0.0762582613116	0.0
-chi	0.248182624449	0.333443811995	0.0432634480501	0.375110115506
-cho	0.13746865964	0.494991060125	0.0370426243297	0.330497655905
-iyu	0.183978309926	0.148378296453	0.394774510794	0.272868882827
-cha	0.159467529486	0.398929553113	0.0753937498623	0.366209167538
-ncü	0.62913152496	0.288807841349	0.0512878960566	0.0307727376339
-eli	0.0	1.0	0.0	0.0
-elo	0.0	1.0	0.0	0.0
-ncö	0.666666666667	0.333333333333	0.0	0.0
-aén	0.0	1.0	0.0	0.0
-iya	0.141576788698	0.52316572991	0.223302445693	0.111955035698
-chu	0.417598247346	0.284242449174	0.106291610267	0.191867693212
-hgu	0.145596535993	0.590994613263	0.147039872162	0.116368978582
-hga	0.0260165914497	0.10147633574	0.0687372021908	0.803769870619
-832	0.0	0.666666666667	0.0	0.333333333333
-830	0.0	1.0	0.0	0.0
-hul	0.0	1.0	0.0	0.0
-hum	0.213903743316	0.732620320856	0.0	0.0534759358288
-hun	0.373200314497	0.272481894872	0.0744668063773	0.279850984254
-huj	0.106097349732	0.122423350078	0.475814134765	0.295665165425
-hud	0.0	1.0	0.0	0.0
-huy	0.087788941193	0.332989355723	0.39743246329	0.181789239795
-rmë	0.0	0.866666666667	0.0	0.133333333333
-hut	0.0	1.0	0.0	0.0
-hur	0.567577612769	0.344167075614	0.0639276606357	0.0243276509819
-öcu	0.388602791706	0.383453042418	0.114107602656	0.11383656322
-chë	0.37336548886	0.408969621877	0.0804433922606	0.137221497002
-vat	0.0	1.0	0.0	0.0
-chï	0.373204335124	0.476185441803	0.0341147317365	0.116495491337
-tuh	0.0	1.0	0.0	0.0
-900	0.276923076923	0.476923076923	0.0	0.246153846154
-tul	0.0	1.0	0.0	0.0
-nca	0.0870120036121	0.150453408593	0.0143966221013	0.748137965693
-tun	0.0961642740081	0.203008418483	0.227730705498	0.473096602011
-905	0.0	1.0	0.0	0.0
-tur	0.536544850498	0.433554817276	0.0299003322259	0.0
-tus	0.0529411764706	0.770588235294	0.176470588235	0.0
-chü	0.584432717678	0.389182058047	0.0263852242744	0.0
-vad	0.0	1.0	0.0	0.0
-elí	0.00282167042889	0.963600451467	0.0251128668172	0.0084650112867
-tuy	0.245647356759	0.579930357708	0.102880658436	0.0715416270972
-vai	0.0	1.0	0.0	0.0
-chö	0.1534424205	0.710404445817	0.110219203458	0.0259339302254
-lix	0.109492273731	0.808388520971	0.00264900662251	0.0794701986755
-liy	0.558669656203	0.181240657698	0.0269058295964	0.233183856502
-345	0.0	0.0	0.0	1.0
-lir	0.379932241729	0.214422251532	0.0941216906044	0.311523816135
-lis	0.0121712083305	0.840421935222	0.0	0.147406856447
-lim	0.064085447263	0.409434801958	0.0645304850912	0.461949265688
-lin	0.397333643697	0.217866840826	0.158695940642	0.226103574836
-lio	0.103386153903	0.812971065113	0.0417294753483	0.0419133056362
-oma	0.0867460464027	0.42976987834	0.198164071473	0.285320003784
-sbe	0.0	1.0	0.0	0.0
-lia	0.00182481751825	0.960462287105	0.0340632603406	0.0036496350365
-sba	0.0	1.0	0.0	0.0
-äpu	0.0	1.0	0.0	0.0
-230	0.0	0.625	0.375	0.0
-232	0.285714285714	0.428571428571	0.0	0.285714285714
-slí	0.0	1.0	0.0	0.0
-bga	0.0195813639433	0.814314652262	0.00162052667117	0.164483457123
-lwa	0.181487107985	0.555365950097	0.037458639419	0.225688302499
-160	0.0	1.0	0.0	0.0
-162	0.0	0.2	0.0	0.8
-irü	0.591886782813	0.408113217187	0.0	0.0
-paj	0.333094490157	0.284225383495	0.0629231569763	0.319756969371
-äsi	0.465201880775	0.272321597398	0.134616596705	0.127859925122
-pam	0.337048121923	0.424491649837	0.143076136944	0.0953840912961
-pan	0.143245641992	0.120529010048	0.0428790928029	0.693346255157
-äsa	0.0958044268252	0.805468730147	0.0480292749867	0.0506975680415
-pay	0.137411419645	0.191273807245	0.0837445350558	0.587570238055
-byu	0.569464899362	0.371624938635	0.0294550810015	0.0294550810015
-öbu	0.0	0.0	1.0	0.0
-par	0.348356175031	0.334332035106	0.047396312023	0.26991547784
-pas	0.247574099314	0.147771426247	0.044551132087	0.560103342352
-pat	0.0	1.0	0.0	0.0
-pau	0.0	1.0	0.0	0.0
-dun	0.144581628327	0.477854514048	0.0275357300662	0.350028127559
-äsu	0.277316506144	0.722683493856	0.0	0.0
-seo	0.0599363479216	0.781175786362	0.0101778704018	0.148709995315
-760	0.230769230769	0.346153846154	0.0	0.423076923077
-sen	0.0	1.0	0.0	0.0
-chä	0.304618501591	0.197005654823	0.129837394121	0.368538449466
-sem	0.0	1.0	0.0	0.0
-omé	0.0266362252664	0.935312024353	0.0129375951294	0.0251141552512
-did	0.133333333333	0.866666666667	0.0	0.0
-fet	0.0	1.0	0.0	0.0
-fer	0.0	0.951807228916	0.0481927710843	0.0
-dia	0.0223573600429	0.962439635128	0.00268288320515	0.012520121624
-dim	0.0	0.923076923077	0.076923076923	0.0
-din	0.788815339236	0.211184660764	0.0	0.0
-dio	0.00383141762452	0.996168582375	0.0	0.0
-feg	0.0	1.0	0.0	0.0
-luz	0.0	0.9	0.0	0.0999999999999
-fec	0.0	1.0	0.0	0.0
-dir	0.348112227226	0.495323865604	0.0630412192588	0.0935226879113
-dis	0.0	1.0	0.0	0.0
-fel	0.0	0.974683544304	0.0253164556962	0.0
-diy	0.418181818182	0.563636363636	0.0	0.0181818181818
-sed	0.0	0.853658536585	0.146341463415	0.0
-sec	0.0	1.0	0.0	0.0
-ncu	0.114559477616	0.667920550894	0.104978971169	0.11254100032
-byä	0.321525885559	0.365122615804	0.0980926430517	0.215258855586
-ais	0.292682926829	0.365853658537	0.341463414634	0.0
-air	0.0	1.0	0.0	0.0
-017	0.0	0.0	0.0	1.0
-raí	0.0	1.0	0.0	0.0
-aim	0.0204053870222	0.948306352877	0.0231261052918	0.00816215480888
-ail	0.105263157895	0.736842105263	0.0	0.157894736842
-oha	0.0	1.0	0.0	0.0
--pï	0.432142857143	0.175	0.0214285714286	0.371428571429
-ema	0.0	1.0	0.0	0.0
-übu	0.0	1.0	0.0	0.0
-úta	0.0	1.0	0.0	0.0
-emo	0.00703812316715	0.982404692082	0.0105571847507	0.0
-emi	0.459183673469	0.540816326531	0.0	0.0
-tba	0.0	1.0	0.0	0.0
-üba	0.059678256357	0.706798131811	0.0622729631552	0.171250648677
-gga	0.225	0.675	0.0	0.0999999999998
-cio	0.0442149781671	0.928642700867	0.0194527595456	0.00768956142036
-cim	0.0	1.0	0.0	0.0
-cia	0.0207574678585	0.943703231111	0.018084157604	0.0174551434265
-ser	0.0	0.988433177503	0.0115668224975	0.0
-cis	0.0	1.0	0.0	0.0
-xta	0.734939759036	0.265060240964	0.0	0.0
-ilö	0.0	1.0	0.0	0.0
-bli	0.0634573304158	0.846827133479	0.0503282275711	0.0393873085339
-dga	0.0338867572704	0.944597841288	0.00430308028829	0.0172123211532
-jes	0.0	0.874345549738	0.0	0.125654450262
-omi	0.216101694915	0.672669491526	0.0476694915254	0.0635593220339
-emá	0.0	1.0	0.0	0.0
-hti	0.0476920456481	0.94038494294	0.011923011412	0.0
-emí	0.0	0.696498054475	0.0	0.303501945525
-hta	0.207585017092	0.323546459884	0.183568915076	0.285299607947
-lén	0.0452755842858	0.901437678835	0.00649931410275	0.0467874227768
-tta	0.0	1.0	0.0	0.0
-khi	0.0	1.0	0.0	0.0
-üta	0.33459701791	0.4187968595	0.0345439585368	0.212062164053
-öba	0.0426241843979	0.755690650403	0.0499014841731	0.151783681026
-ütu	0.0851063829787	0.872340425532	0.0425531914894	0.0
-ifa	0.0	1.0	0.0	0.0
-éna	0.0	1.0	0.0	0.0
-ënu	0.25	0.0	0.75	0.0
-blu	0.10539664647	0.476116669015	0.290122587009	0.128364097506
-ëno	0.0644237652112	0.768432355047	0.140300644238	0.0268432355046
-ila	0.0384751147194	0.864807624426	0.0	0.0967172608542
-ilo	0.0291847109772	0.95386932781	0.0112973074751	0.00564865373752
-ëna	0.214114048503	0.560847716845	0.152938606074	0.0720996285777
-pán	0.0	1.0	0.0	0.0
-lva	0.0	1.0	0.0	0.0
-910	0.0	0.666666666667	0.0	0.333333333333
-912	0.0	0.666666666667	0.0	0.333333333333
-äru	0.127047169961	0.779467379781	0.0176115954871	0.0758738547716
-dén	0.0	0.988962472406	0.0110375275938	0.0
-oní	0.0	0.830188679245	0.0	0.169811320755
-aná	0.00809883419414	0.990702325218	0.000639381646906	0.000559458941041
-dta	0.0247082195182	0.943009684629	0.0131611621555	0.0191209336975
-anä	0.254598815576	0.307848583593	0.0737166938469	0.363835906985
-anë	0.0550761887278	0.0788813414112	0.0135854598862	0.852457009975
-aní	0.0463141644153	0.953685835585	0.0	0.0
-anï	0.102149829627	0.311914599417	0.017572305717	0.568363265239
-npa	0.186808901565	0.380861393085	0.0743320403608	0.357997664989
-rén	0.0	1.0	0.0	0.0
-ngä	0.6	0.4	0.0	0.0
-öpa	0.250696784771	0.283923854632	0.0281810729575	0.43719828764
-350	0.0	1.0	0.0	0.0
-rés	0.00277577672181	0.979181674586	0.00370103562908	0.0143415130627
-odi	0.0	1.0	0.0	0.0
-223	0.0	0.0588235294117	0.0	0.941176470588
-222	0.0	1.0	0.0	0.0
-220	0.0833333333332	0.583333333333	0.0	0.333333333334
-172	0.0	0.294117647059	0.0	0.705882352941
-175	0.0	0.0	0.0	1.0
-vén	0.0	1.0	0.0	0.0
-ärö	0.0769230769231	0.923076923077	0.0	0.0
