cpr-	0.441141498216	0.516052318668	0.0142687277051	0.0285374554102
ris-	0.056420233463	0.924124513619	0.0194552529183	0.0
vas-	0.0151846452867	0.978255587949	0.00583090379008	0.00072886297376
fig-	0.0	1.0	0.0	0.0
xwu-	0.543959915447	0.327331089016	0.0450951225241	0.0836138730134
jac-	0.113150240252	0.290248908976	0.0238584759646	0.572742374807
rkc-	0.302084464228	0.606720225817	0.0455976549778	0.0455976549778
oje-	0.245433290141	0.272416421616	0.21936133118	0.262788957062
cju-	0.137733887734	0.685550935551	0.101871101871	0.0748440748441
xp'-	0.412079270211	0.157911292859	0.102233406732	0.327776030198
kpx-	0.0782296650717	0.788995215311	0.0308612440191	0.101913875598
rju-	0.0553085120379	0.606314958558	0.218655440074	0.11972108933
ctz-	0.437522960341	0.31413258227	0.055696161356	0.192648296033
oxl-	0.0	0.0	0.0366972477064	0.963302752294
kba-	0.479463087248	0.338255033557	0.0837583892618	0.0985234899329
xex-	0.559468939328	0.271820738035	0.0356552743717	0.133055048265
jbe-	0.1325842137	0.0594878678059	0.243774745612	0.564153172882
rli-	0.0083968153705	0.924428661665	0.0	0.067174522964
inb-	0.460943148001	0.152693606392	0.0426960571873	0.34366718842
inp-	0.131386861314	0.78102189781	0.0875912408759	0.0
crt-	0.464716006885	0.535283993115	0.0	0.0
icj-	0.32852692926	0.462972266881	0.136153536978	0.072347266881
imj-	0.41095890411	0.291585127202	0.20939334638	0.0880626223092
der-	0.043254376931	0.950566426365	0.00617919670443	0.0
neg-	0.08	0.78	0.126666666667	0.0133333333333
ayu-	0.220558002937	0.27107195301	0.0405286343612	0.467841409692
tib-	0.0	0.985869565217	0.0108695652174	0.00326086956522
xuy-	0.705674969511	0.0585264095415	0.014943733904	0.220854887044
c'o-	0.402793505582	0.165774421402	0.0182075485002	0.413224524515
swa-	0.0797899089233	0.875621612561	0.0422417164888	0.00234676202716
bay-	0.338345864662	0.171052631579	0.0	0.490601503759
paf-	0.0	1.0	0.0	0.0
abr-	0.0226291288348	0.948970555111	0.022297768803	0.00610254725135
bik-	0.534226190476	0.263392857143	0.108630952381	0.09375
tzu-	0.51032029721	0.386925738808	0.0331885895871	0.0695653743944
zaq-	0.0930612244898	0.871020408163	0.014693877551	0.0212244897959
qˈu-	0.0732864398933	0.238589317849	0.60936744947	0.0787567927877
cul-	0.61507847724	0.29071212097	0.0385311351329	0.0556782666573
zac-	0.0505847766345	0.907202658657	0.0198121045568	0.0224004601521
her-	0.0183914849539	0.927191563875	0.0430367794466	0.0113801717243
xuw-	0.15219610108	0.0613433662504	0.0673811056723	0.719079426997
naw-	0.107697392159	0.825246427521	0.046317155479	0.0207390248413
urí-	0.0	1.0	0.0	0.0
dor-	0.0389150943396	0.715801886793	0.0	0.245283018868
pat-	0.0920518211991	0.781664387469	0.0898438364375	0.0364399548942
roy-	0.0562906220984	0.68632002476	0.238122872176	0.0192664809656
kjn-	0.223684210526	0.539473684211	0.078947368421	0.157894736842
laj-	0.0686488894629	0.229894146224	0.0118776320498	0.689579332263
yo'-	0.71748658335	0.119852943896	0.0204902116705	0.142170261084
júp-	0.0	1.0	0.0	0.0
cbi-	0.727241804835	0.140646753576	0.0328281230224	0.0992833185672
chw-	0.072388355375	0.0669657438956	0.0230428713162	0.837603029413
jam-	0.127305906057	0.0787888875287	0.00647818397934	0.787427022435
rek-	0.292372643704	0.584442863286	0.08036783571	0.0428166573007
muc-	0.544194519246	0.255425312846	0.100586092191	0.0997940757168
cji-	0.463018780431	0.453512636216	0.0695571527939	0.0139114305588
hor-	0.0198925879347	0.874554097557	0.0194575611608	0.0860957533477
nai-	0.0	0.90243902439	0.0	0.0975609756098
miu-	0.554187192118	0.142857142857	0.258620689655	0.0443349753695
che-	0.0531532312199	0.050930611324	0.00587715146071	0.890039005995
ujc-	0.659470068695	0.137389597645	0.0618253189401	0.14131501472
yac-	0.318424840633	0.60836931935	0.0633353896772	0.0098704503393
asi-	0.0600551282474	0.927648301588	0.00239329217971	0.00990327798502
kˈu-	0.0355850422195	0.922999597909	0.0271411338963	0.0142742259751
wuj-	0.222815306627	0.680247003646	0.00777743736462	0.0891602523625
blu-	0.383561643836	0.575342465753	0.0	0.041095890411
pij-	0.465040041311	0.0912124983069	0.0239993904917	0.41974806989
tzä-	0.309012875536	0.333690987124	0.328326180258	0.0289699570815
tér-	0.27690540023	0.693220988127	0.0252776713903	0.00459594025277
leˈ-	0.388520971302	0.101545253863	0.509933774834	0.0
xch-	0.173958268312	0.149584194896	0.0165688357553	0.659888701037
bu'-	0.216666666667	0.733333333333	0.05	0.0
tol-	0.032460436413	0.903564140365	0.0620845240132	0.00189089920852
mus-	0.679824561404	0.283625730994	0.0248538011696	0.0116959064327
pud-	0.00721153846154	0.992788461538	0.0	0.0
xip-	0.572211085829	0.185050649822	0.0915378614645	0.151200402885
war-	0.0896037020878	0.166761544547	0.0206797954545	0.722954957911
moi-	0.0492415256882	0.927905612086	0.00395780011237	0.0188950621137
bo'-	0.0943297816854	0.857983756799	0.0432158557485	0.00447060576708
uxl-	0.0333857069421	0.906942094105	0.0523091880558	0.0073630108966
joi-	0.0	1.0	0.0	0.0
oni-	0.0	0.843137254902	0.156862745098	0.0
uba-	0.464326502135	0.0918311670521	0.0452625251129	0.3985798057
uzí-	0.0	1.0	0.0	0.0
rao-	0.0326086956522	0.967391304348	0.0	0.0
rsa-	0.10640548261	0.784602272229	0.0636244096579	0.0453678355027
ism-	0.262008733624	0.397379912664	0.0786026200873	0.262008733624
uni-	0.190476190476	0.752380952381	0.0571428571427	0.0
ryo-	0.0	1.0	0.0	0.0
ta'-	0.0775990237818	0.88749355073	0.00705438036134	0.0278530451267
ktc-	0.291262135922	0.446601941748	0.203883495146	0.0582524271845
kct-	0.21546961326	0.685082872928	0.0994475138121	0.0
apa-	0.129897084802	0.216275711789	0.0284381705916	0.625389032818
san-	0.0171193278175	0.959498175651	0.0102137828254	0.0131687137057
yaq-	0.607196912168	0.281041986352	0.0841088701864	0.0276522312941
kix-	0.518248175182	0.372262773723	0.0875912408759	0.021897810219
top-	0.0	0.894595951146	0.105404048854	0.0
arm-	0.0	1.0	0.0	0.0
cal-	0.31569888975	0.547742149011	0.0643812230523	0.0721777381867
psi-	0.426229508197	0.180327868852	0.0	0.393442622951
plo-	0.111053467592	0.702759410861	0.133869284528	0.0523178370193
tel-	0.401606530309	0.362809038517	0.0760548163633	0.159529614811
jwi-	0.0164053955523	0.40831206708	0.0131243164419	0.562158220926
ajm-	0.0408012391748	0.781877068225	0.159790185172	0.017531507428
xpa-	0.403942015699	0.112553715694	0.0682977138601	0.415206554747
mki-	0.188547486033	0.811452513967	0.0	0.0
mes-	0.224458088637	0.726285830802	0.0209054102162	0.0283506703457
xni-	0.522921640869	0.293646056315	0.118956343652	0.0644759591635
sed-	0.0269058295964	0.771300448431	0.201793721973	0.0
adi-	0.0	1.0	0.0	0.0
ami-	0.0	1.0	0.0	0.0
kax-	0.536193029491	0.222520107239	0.152815013405	0.0884718498659
rpl-	0.0795455294233	0.839708754771	0.0229635661067	0.0577821496986
win-	0.0317990633396	0.722220648796	0.0372708002321	0.208709487632
uwä-	0.0167369631207	0.942042598563	0.0230201242488	0.0182003140674
iaw-	0.515850144092	0.276657060519	0.172910662824	0.0345821325648
biˈ-	0.374995218539	0.592744697794	0.0105018273875	0.0217582562794
in'-	0.122448979592	0.367346938776	0.510204081633	0.0
wan-	0.110834706587	0.275567938621	0.00870767880837	0.604889675983
rpa-	0.105140356537	0.745849534431	0.0892099994861	0.0598001095457
ajs-	0.183080808081	0.286111111111	0.372222222222	0.158585858586
gól-	0.00711462450592	0.981027667984	0.0118577075099	0.0
ged-	0.0526315789474	0.947368421053	0.0	0.0
ctk-	0.366549080975	0.450919025011	0.0474763281436	0.13505556587
rso-	0.484952316293	0.204419362025	0.0280055586791	0.282622763003
ptz-	0.0	1.0	0.0	0.0
ili-	0.124517374517	0.765444015444	0.0752895752896	0.034749034749
nut-	0.68215892054	0.24287856072	0.0	0.0749625187406
kaj-	0.0703417514582	0.777769285083	0.01464202413	0.137246939329
sat-	0.0865712477285	0.900021098339	0.0080990396853	0.0053086142475
saf-	0.145363408521	0.731829573935	0.0	0.122807017544
upi-	0.465240641711	0.47192513369	0.0588235294117	0.00401069518717
ctn-	0.695652173913	0.260869565217	0.0	0.0434782608696
icä-	0.0757097791798	0.92429022082	0.0	0.0
bix-	0.574687711586	0.227315055589	0.0181853418246	0.179811891001
ban-	0.529676885552	0.207232718219	0.0913022365375	0.171788159692
xuj-	0.563536689312	0.225864095437	0.0507047095232	0.159894505728
wen-	0.0700888726906	0.371961647369	0.030138215257	0.527811264684
cq'-	0.522244575399	0.28342207239	0.115687977543	0.0786453746672
atb-	0.0845070422535	0.345070422535	0.0	0.570422535211
arq-	0.15415821501	0.837728194726	0.0	0.00811359026369
ale-	0.018933066043	0.886958458626	0.092994765564	0.00111370976724
'ac-	0.0340909090909	0.318181818182	0.630681818182	0.0170454545455
sid-	0.000614536212559	0.993444947066	0.0	0.0059405167214
luc-	0.00916030534351	0.981679389313	0.0	0.00916030534351
mea-	0.551724137931	0.293103448276	0.155172413793	0.0
dec-	0.00966183574879	0.753623188406	0.0	0.236714975845
xli-	0.0501672240803	0.0802675585284	0.869565217391	0.0
jät-	0.642312579416	0.331003811944	0.00095298602287	0.0257306226175
jab-	0.330451421206	0.541806014879	0.0613724055114	0.0663701584032
rjy-	0.0425531914894	0.914893617021	0.0	0.0425531914894
rkb-	0.122448979592	0.619047619048	0.258503401361	0.0
rcd-	0.279661016949	0.508474576271	0.203389830508	0.00847457627118
noˈ-	0.113737734166	0.598815110732	0.244763991778	0.0426831633247
mäq-	0.463803488339	0.243883988467	0.184550826411	0.107761696783
aná-	0.0208333333333	0.971354166667	0.0078125	0.0
rpw-	0.157562440897	0.811509150581	0.00283695833565	0.0280914501864
juc-	0.0609935171249	0.872932994863	0.0169671027649	0.0491063852476
ina-	0.424242424242	0.228438228438	0.268065268065	0.0792540792541
cre-	0.467234164224	0.369784997813	0.0500084650806	0.112972372882
utq-	0.107146828486	0.107305682197	0.223666025957	0.56188146336
täu-	0.675521821632	0.210626185958	0.0	0.11385199241
umu-	0.296296296296	0.62037037037	0.0833333333333	0.0
bep-	0.772277227723	0.188118811881	0.039603960396	0.0
yaˈ-	0.308871720047	0.288428572568	0.215769289034	0.186930418351
xck-	0.257668711656	0.705521472393	0.0	0.0368098159509
imk-	0.270642201835	0.674311926606	0.0275229357798	0.0275229357798
tia-	0.00935794125293	0.96880686249	0.0218351962568	0.0
jo'-	0.575026722066	0.227270170137	0.0292536305845	0.168449477212
tco-	0.266918513709	0.597556296668	0.0818109376385	0.0537142519848
wi'-	0.149607367548	0.691669076118	0.0518760771627	0.106847479171
xux-	0.452933036011	0.263662019495	0.198619747759	0.0847851967343
oné-	0.0426054895534	0.616960262188	0.140106513724	0.200327734535
xaw-	0.483298663443	0.27407524925	0.122289799238	0.120336288068
oc'-	0.0991207343998	0.393577875044	0.0257194871596	0.481581903397
cni-	0.0746411483253	0.541626794258	0.11004784689	0.273684210526
mäc-	0.419838996217	0.242144837849	0.196220082206	0.141796083727
sod-	0.00660050328838	0.99174937089	0.0	0.00165012582209
bij-	0.730149819837	0.215710221885	0.00798786269676	0.0461520955813
'il-	0.150684931507	0.534246575342	0.150684931507	0.164383561644
cum-	0.21381914065	0.211715437961	0.0703867753261	0.504078646063
pyu-	0.628482972136	0.352941176471	0.0185758513932	0.0
zab-	0.0103181427343	0.971625107481	0.00257953568358	0.0154772141015
rox-	0.0	0.264302686894	0.651252056297	0.0844452568087
csq-	0.691275167785	0.125279642058	0.0268456375839	0.156599552573
pwa-	0.11422407908	0.797857331404	0.0597926508469	0.0281259386691
xme-	0.40036900369	0.184501845018	0.321033210332	0.0940959409594
jel-	0.112849473089	0.0297002003596	0.0125659101292	0.844884416422
rte-	0.130787159988	0.824533996538	0.0324937043448	0.0121851391293
xcy-	0.515521345014	0.334076062187	0.0769737175267	0.0734288752722
nef-	0.0	1.0	0.0	0.0
jäb-	0.159728829686	0.801498572788	0.0285442435776	0.0102283539486
rcr-	0.479809121433	0.420433075542	0.0174900044265	0.0822677985986
'el-	0.224353628023	0.28023352794	0.435362802335	0.0600500417015
cwi-	0.332190606788	0.51217003771	0.108330476517	0.0473088789852
kta-	0.0593500415741	0.697040749036	0.00338964692239	0.240219562468
usq-	0.724040276904	0.251415984896	0.0	0.0245437382001
moˈ-	0.0392156862745	0.941176470588	0.0196078431373	0.0
jal-	0.21403616401	0.4776539087	0.249090712521	0.0592192147688
rkp-	0.27990430622	0.633971291866	0.0717703349282	0.0143540669856
ijo-	0.508541392904	0.199737187911	0.212877792378	0.0788436268068
nit-	0.126363772725	0.329299975539	0.521007555234	0.023328696503
ksu-	0.41592920354	0.58407079646	0.0	0.0
ru'-	0.0882918692669	0.791201660517	0.042952801265	0.0775536689507
kiw-	0.452218430034	0.32252559727	0.204778156997	0.0204778156997
xtn-	0.438356164384	0.506849315068	0.0	0.0547945205479
xiu-	0.639622605841	0.159481806841	0.0443484353332	0.156547151985
nah-	0.0	1.0	0.0	0.0
usc-	0.604026845638	0.323266219239	0.0615212527964	0.0111856823266
amé-	0.0154332700822	0.0741935483871	0.000189753320683	0.91018342821
tre-	0.0317124735729	0.238900634249	0.345665961945	0.383720930233
xec-	0.44887875002	0.149026537697	0.0605714405909	0.341523271692
tiˈ-	0.31488240555	0.669889536149	0.0152280583017	0.0
iyu-	0.332989158493	0.371880915505	0.206504904491	0.088625021511
rs'-	0.366972477064	0.597128041484	0.0358994814519	0.0
mub-	0.494178569591	0.287299164938	0.0783621118332	0.140160153638
ate-	0.00219619326501	0.989019033675	0.00878477306002	0.0
wuk-	0.0106850325063	0.0120175415017	0.00540299756923	0.971894428423
tio-	0.123752128354	0.578963014587	0.257116334573	0.040168522487
eba-	0.160642570281	0.502008032129	0.144578313253	0.192771084337
uyu-	0.618123049575	0.183096076766	0.149430282279	0.04935059138
elm-	0.0	1.0	0.0	0.0
iyc-	0.0852575488455	0.368561278863	0.519538188277	0.0266429840142
ran-	0.150920589218	0.46426507779	0.055997946358	0.328816386634
saˈ-	0.773088023088	0.146464646465	0.017316017316	0.0631313131313
puc-	0.121555285369	0.296165964339	0.0296632063118	0.55261554398
xik-	0.649951138539	0.138043667421	0.00763041994083	0.204374774099
agr-	0.019700682074	0.96283358718	0.00496655850607	0.0124991722403
moj-	0.40382244143	0.274969173859	0.225030826141	0.0961775585697
ser-	0.0153846153846	0.96	0.0184615384615	0.00615384615384
leg-	0.0516931029708	0.873998061509	0.00969245680703	0.0646163787135
ron-	0.0437966632703	0.247034225557	0.0682545034946	0.640914607678
m'a-	0.698113207547	0.188679245283	0.0754716981132	0.0377358490566
joh-	0.0	1.0	0.0	0.0
kok-	0.533333333333	0.377777777778	0.0444444444444	0.0444444444444
'ol-	0.822222222222	0.133333333333	0.0444444444444	0.0
kcu-	0.478025693036	0.371872887086	0.0567951318458	0.0933062880324
ac'-	0.0647672692962	0.807349773283	0.0969138348767	0.0309691225442
maj-	0.159627146065	0.150086560778	0.0330367335213	0.657249559636
pxa-	0.0195543290159	0.957212993528	0.00423105364671	0.0190016238098
isb-	0.422712933754	0.520504731861	0.0	0.0567823343849
neá-	0.0	1.0	0.0	0.0
tec-	0.105747126437	0.848275862069	0.0367816091954	0.00919540229885
cam-	0.151342371152	0.307212788357	0.153289253718	0.388155586773
itk-	0.699368625546	0.206896551724	0.0174842156387	0.0762506070908
mix-	0.417892785907	0.306409204377	0.20830614654	0.0673918631763
min-	0.239254924019	0.44934921833	0.260800730349	0.0505951273016
apr-	0.0625	0.9375	0.0	0.0
est-	0.0593970957196	0.831597354216	0.0404850604425	0.0685204896222
je'-	0.086845961555	0.465671062839	0.345336608913	0.102146366693
ro'-	0.0	0.918367346939	0.0408163265306	0.0408163265306
ixc-	0.405186721992	0.365975103734	0.141078838174	0.0877593360996
rin-	0.182637496213	0.291110307045	0.0943815623046	0.431870634437
kay-	0.463100295198	0.205702354381	0.15407876737	0.177118583051
me'-	0.176646150033	0.501869216788	0.263549239921	0.0579353932584
rxa-	0.0754716981132	0.849056603774	0.0754716981132	0.0
baˈ-	0.468152735489	0.0561458203189	0.0065893206797	0.469112123512
max-	0.167660670834	0.55183930531	0.244000190849	0.0364998330073
xbn-	0.490209888717	0.273137061558	0.124665445837	0.111987603888
kak-	0.218770654329	0.647719762062	0.0429610046266	0.0905485789822
gog-	0.0	1.0	0.0	0.0
rje-	0.512048192771	0.126506024096	0.361445783133	0.0
ctj-	0.495252086327	0.0980670984703	0.0338704669689	0.372810348234
ipe-	0.0168776371308	0.793248945148	0.0506329113924	0.139240506329
pic-	0.202121652833	0.231989738798	0.0265287038575	0.539359904511
mep-	0.802631578947	0.0921052631579	0.0	0.105263157895
k'e-	0.0591822555279	0.718686761232	0.211746811259	0.0103841719807
xt'-	0.790931431934	0.0987781662109	0.0401232217646	0.0701671800907
fél-	0.106872540115	0.874053890403	0.00454132606722	0.0145322434151
run-	0.026650828864	0.421756779022	0.0310193104044	0.520573081709
sau-	0.0250075142771	0.939464983469	0.00324616771867	0.0322813345356
pri-	0.0198922503108	0.944467467882	0.00994612515542	0.0256941566514
cmi-	0.204713057657	0.0652658383299	0.0281261287293	0.701894975284
pop-	0.0478762293342	0.949647413976	0.0	0.0024763566897
rbu-	0.379424778761	0.620575221239	0.0	0.0
yoj-	0.53449310138	0.188362327535	0.0791841631674	0.197960407918
arp-	0.0370868046224	0.962913195378	0.0	0.0
men-	0.174672489083	0.472707423581	0.339519650655	0.0131004366812
ric-	0.127812754742	0.496780558655	0.02562486064	0.349781825962
sie-	0.0183440186319	0.305828378234	0.0780266708005	0.597800932334
rnu-	0.12962962963	0.555555555556	0.314814814815	0.0
squ-	0.333109919571	0.141420911528	0.497765862377	0.0277033065236
bos-	0.0	1.0	0.0	0.0
laz-	0.0309988518944	0.948335246843	0.00459242250287	0.0160734787601
r'y-	0.282608695652	0.45652173913	0.217391304348	0.0434782608696
rim-	0.246587807097	0.715195632393	0.0272975432211	0.0109190172884
rwa-	0.22584775282	0.678126941688	0.0421758204515	0.0538494850408
chä-	0.092657798005	0.79995971516	0.0995327398282	0.00784974700707
rcc-	0.225997690596	0.540621098187	0.15748068456	0.0759005266567
'an-	0.0110192837466	0.603784884417	0.385195831836	0.0
jub-	0.149790717794	0.123134259464	0.306807639295	0.420267383447
mäp-	0.317405653609	0.381259865117	0.206629358588	0.0947051226862
mq'-	0.350364963504	0.266423357664	0.372262773723	0.0109489051095
tze-	0.525136911895	0.281724921885	0.0835750523569	0.109563113864
iut-	0.501639344262	0.340983606557	0.118032786885	0.0393442622951
pit-	0.253426743832	0.720986902224	0.0127931769723	0.0127931769723
cxu-	1.0	0.0	0.0	0.0
eti-	0.114785992218	0.811932555123	0.0635538261997	0.00972762645914
bki-	0.105691292302	0.776907466958	0.0420972646333	0.0753039761065
elí-	0.00671964161911	0.992000426644	0.0	0.00127993173697
mäb-	0.431781409639	0.335370952788	0.0951242569127	0.137723380661
a'n-	0.0955414012739	0.904458598726	0.0	0.0
xet-	0.618471320483	0.208795469254	0.0419732246972	0.130759985566
kˈe-	0.0624795066859	0.660999372388	0.262170555925	0.014350565001
cle-	0.0845817008528	0.889836367827	0.0145194745333	0.0110624567873
ble-	0.127118644068	0.406779661017	0.0	0.466101694915
inn-	0.380875202593	0.18152350081	0.0729335494327	0.364667747164
msa-	0.421011673152	0.185214007782	0.247470817121	0.146303501945
pet-	0.641124965072	0.0465699728919	0.00879113706673	0.303513924969
anf-	0.0	1.0	0.0	0.0
rka-	0.101667765947	0.715207764063	0.0735889946292	0.10953547536
'al-	0.292668166947	0.354639838121	0.131857637247	0.220834357685
heb-	0.00886065006916	0.960343188105	0.0282028008299	0.00259336099585
atu-	0.414835164835	0.417582417582	0.0164835164835	0.151098901099
pch-	0.137514019735	0.0206705456162	0.0382939498199	0.803521484829
c'm-	0.192840589715	0.745525368572	0.0197228933485	0.0419111483654
tu'-	0.142776203966	0.701983002833	0.148441926346	0.00679886685552
awa-	0.0900879016589	0.695711337916	0.0711758377588	0.143024922666
teˈ-	0.3423197153	0.165379309812	0.0794535527572	0.412847422131
xop-	0.852807293774	0.0441303238745	0.00815843639498	0.0949039459564
cun-	0.50917212517	0.346503913587	0.0869176813445	0.0574062798991
bau-	0.677298392311	0.294771777079	0.0232748588423	0.00465497176846
chu-	0.232669951169	0.27058653811	0.116427803776	0.380315706945
lep-	0.0556265984655	0.831202046036	0.113171355499	0.0
dav-	0.0105193423403	0.965832212475	0.00289081163552	0.0207576335495
pát-	0.269230769231	0.647435897436	0.0	0.0833333333333
tan-	0.442846328539	0.406510219531	0.108251324754	0.0423921271764
usb-	0.768707482993	0.176870748299	0.0136054421769	0.0408163265306
'ax-	0.0602802872178	0.742438772797	0.0210336296308	0.176247310355
dep-	0.244897959184	0.571428571429	0.0612244897959	0.122448979592
rni-	0.165813131135	0.381766123641	0.201667780866	0.250752964357
nea-	0.0	1.0	0.0	0.0
jka-	0.405	0.42	0.12	0.055
cqu-	0.502229432766	0.313804604466	0.0894676058906	0.094498356877
caí-	0.0	1.0	0.0	0.0
jay-	0.0530487804878	0.100609756098	0.0347560975609	0.811585365854
okˈ-	0.685779816514	0.275229357798	0.00917431192661	0.0298165137614
xcj-	0.772882344077	0.133367424327	0.0372283528369	0.0565218787596
ton-	0.0	0.882675009777	0.0586624951115	0.0586624951114
riq-	0.0865731401675	0.129584632312	0.111406565193	0.672435662327
usl-	0.6375	0.2625	0.075	0.025
uja-	0.683706070287	0.201277955272	0.0170394036209	0.0979765708201
ok'-	0.398625429553	0.552405498282	0.0257731958763	0.0231958762887
nak-	0.257160963908	0.372013973634	0.0666209258842	0.304204136573
xto-	0.712216942544	0.125789775991	0.061441526117	0.100551755348
iuy-	0.296202531646	0.384810126582	0.212658227848	0.106329113924
aya-	0.867841509742	0.0355556944652	0.00316730478008	0.0934354910124
xeb-	0.712504983409	0.111541193199	0.0297396481453	0.146214175247
kek-	0.345991561181	0.253164556962	0.388185654008	0.0126582278481
bee-	0.034965034965	0.961038961039	0.003996003996	0.0
täj-	0.429799426934	0.220630372493	0.286532951289	0.0630372492837
iwl-	0.427371541502	0.276803359684	0.0771986166008	0.218626482213
co'-	0.321104098759	0.40795709365	0.0878470536561	0.183091753936
noe-	0.0	0.990521327014	0.0	0.00947867298577
put-	0.23624970991	0.465189139011	0.0950336504989	0.20352750058
tin-	0.0727112324022	0.761829797824	0.00598892668478	0.159470043089
wul-	0.268380253284	0.689685332141	0.0167737658302	0.0251606487454
pub-	0.209100511292	0.695771267114	0.0411867998521	0.0539414217417
mok-	0.15	0.85	0.0	0.0
xij-	0.383812941093	0.488724663166	0.0715728441414	0.0558895516004
xba-	0.668096883647	0.180745570748	0.0273117900701	0.123845755535
usi-	0.615106520336	0.269464170432	0.0247901872175	0.0906391220142
tun-	0.300573300573	0.682227682228	0.00900900900901	0.00819000819001
jiy-	0.533333333333	0.244444444444	0.133333333333	0.0888888888889
ubo-	0.621925509487	0.258257203092	0.0709768095573	0.0488404778636
wop-	0.448132780083	0.410788381743	0.0912863070539	0.0497925311203
pq'-	0.0930200604756	0.386584378975	0.452180849534	0.0682147110154
tc'-	0.653408347507	0.26730341489	0.0321863142745	0.0471019233285
cux-	0.292989991805	0.598981266616	0.0622703524818	0.045758389097
uxn-	0.128564638783	0.842918250951	0.0121197718631	0.016397338403
jea-	0.0889351938752	0.0359375062402	0.0243706892765	0.850756610608
rom-	0.0584072910214	0.698036171467	0.230718129772	0.0128384077389
ti'-	0.131853307574	0.741406302045	0.0957631070549	0.0309772833255
keb-	0.111776275705	0.553519170507	0.0351978387603	0.299506715027
ulo-	0.416291611099	0.0136904956321	0.0085960099623	0.561421883307
jes-	0.00847860577259	0.722635343569	0.00246730389547	0.266418746763
kml-	0.462962962963	0.194444444444	0.1875	0.155092592593
to'-	0.275029111922	0.566155330554	0.0901378813068	0.0686776762173
epr-	0.0	1.0	0.0	0.0
con-	0.077338052605	0.138280626461	0.0957981317414	0.688583189192
prb-	0.214233577644	0.557768771249	0.0253548721692	0.202642778938
mak-	0.314877430262	0.328613693998	0.174344885883	0.182163989856
'e'-	0.106563706564	0.027027027027	0.780694980695	0.0857142857142
wa'-	0.238633972689	0.088166396717	0.015629198746	0.657570431848
miy-	0.513962856999	0.310959131168	0.102190096641	0.0728879151923
xxo-	0.789473684211	0.19298245614	0.0175438596491	0.0
yun-	0.0879163817525	0.753834131093	0.158249487154	0.0
ujo-	0.442256042972	0.157564905998	0.330349149508	0.0698299015219
pli-	0.0090051457976	0.972555746141	0.0	0.0184391080617
ajc-	0.107224288319	0.778961692998	0.0639817157608	0.0498323029218
may-	0.150219624646	0.701635548314	0.120894392496	0.0272504345436
cap-	0.114438251607	0.862107972446	0.0128052225002	0.0106485534475
ucˈ-	0.212181099533	0.0515630614445	0.00485088034495	0.731404958678
xno-	0.641336763932	0.258376703117	0.0681246710718	0.0321618618794
ara-	0.103746397694	0.896253602306	0.0	0.0
gad-	0.0	0.97798972854	0.00978234287112	0.0122279285889
jik-	0.164943324056	0.432857918373	0.364548650993	0.037650106578
amo-	0.0	1.0	0.0	0.0
cu'-	0.420412626283	0.413058498201	0.0596650622284	0.106863813287
xbo-	0.416005587986	0.386419198723	0.0592725639874	0.138302649304
kal-	0.116279069767	0.294573643411	0.015503875969	0.573643410853
x'a-	0.760460251046	0.148535564854	0.0	0.0910041841004
suˈ-	0.146422628952	0.82612312812	0.0274542429285	0.0
jle-	0.102006095309	0.589790762489	0.135418848003	0.1727842942
ocb-	0.194856577646	0.684470820969	0.114737883284	0.00593471810089
cti-	0.214172982166	0.658708494493	0.0708930226321	0.0562255007082
uca-	0.154464721161	0.113673740204	0.702798035591	0.0290635030453
ajq-	0.179847294209	0.744078470713	0.0526667781307	0.023407456947
jus-	0.0133928571429	0.986607142857	0.0	0.0
teó-	0.125	0.801136363636	0.0170454545454	0.0568181818182
ébe-	0.0	1.0	0.0	0.0
c'y-	0.154696132597	0.71270718232	0.132596685083	0.0
eze-	0.0	1.0	0.0	0.0
jos-	0.0798067529538	0.854165552839	0.0537553402966	0.0122723539104
meq-	0.372844827586	0.323275862069	0.244612068965	0.0592672413793
kel-	0.111731843575	0.525139664805	0.0251396648045	0.337988826816
ner-	0.00706713780919	0.992932862191	0.0	0.0
kto-	0.648019309953	0.179185006389	0.055090160443	0.117705523215
r'j-	0.0	1.0	0.0	0.0
bur-	0.021472939638	0.966936131007	0.00312063482628	0.00847029452849
cor-	0.0418132532543	0.917932085194	0.0254211681096	0.0148334934424
bol-	0.296601441812	0.666323377961	0.0370751802266	0.0
atz-	0.202170880108	0.729346692944	0.0527362204981	0.0157462064504
cmj-	0.226618705036	0.539568345324	0.23381294964	0.0
yok-	0.300178677784	0.508900800741	0.0545959896764	0.136324531798
jni-	0.0802675585285	0.612040133779	0.247491638796	0.0602006688963
sep-	0.0724637681159	0.739130434783	0.13768115942	0.0507246376811
meo-	0.510204081633	0.408163265306	0.0	0.0816326530612
t'o-	0.208805031447	0.508176100629	0.245283018868	0.0377358490566
rib-	0.182916968361	0.0420571292159	0.0213676156287	0.753658286794
cnu-	0.15796460177	0.377433628319	0.436725663717	0.0278761061947
äwa-	0.258656083208	0.364361900241	0.30238387674	0.0745981398104
aca-	0.0150794951647	0.970168824783	0.00885100803147	0.00590067202098
oxi-	0.0179206643102	0.111220333277	0.213048308366	0.657810694047
cˈo-	0.452244140413	0.212461995351	0.0157998174557	0.319494046781
bor-	0.270401948843	0.554202192448	0.0	0.175395858709
tow-	0.247058823529	0.582352941177	0.0176470588235	0.152941176471
uqu-	0.701492537313	0.217096336499	0.0	0.0814111261872
mie-	0.233276157804	0.528301886792	0.142367066895	0.0960548885077
t'a-	0.0731707317073	0.926829268293	0.0	0.0
ril-	0.699112265456	0.0920854089291	0.0209160374758	0.187886288139
rcb-	0.7928802589	0.2071197411	0.0	0.0
tzj-	0.31984356402	0.545485461656	0.0	0.134670974324
mäs-	0.450676344441	0.310128670406	0.171890465193	0.0673045199604
ced-	0.0571428571429	0.942857142857	0.0	0.0
urk-	0.446687247685	0.274281643315	0.035383519354	0.243647589646
cxo-	0.349831047505	0.499105545617	0.109322202345	0.0417412045319
acˈ-	0.0661424365432	0.718463750305	0.160756523616	0.0546372895349
xtˈ-	0.893304535637	0.0665226781857	0.0103671706263	0.0298056155508
cir-	0.0403765775271	0.921884510814	0.0336809641683	0.00405794749016
pak-	0.115426105717	0.365753879346	0.242154178076	0.27666583686
xct-	0.334630350194	0.548638132296	0.0	0.11673151751
for-	0.0	1.0	0.0	0.0
xmu-	0.452024913931	0.5084229061	0.010643609892	0.028908570077
kps-	0.483870967742	0.225806451613	0.0414746543779	0.248847926267
ctu-	0.527893875246	0.296262354498	0.101880617407	0.0739631528503
oxw-	0.155172413793	0.606896551724	0.237931034483	0.0
xes-	0.495097315931	0.287199366876	0.0845059087068	0.133197408485
ber-	0.0269997312469	0.949367416049	0.013852938674	0.00977991403026
uwi-	0.259933967116	0.283327526421	0.173626665339	0.283111841123
rq'-	0.103234341064	0.431893555184	0.426519544483	0.0383525592691
cbx-	0.550632911392	0.259493670886	0.132911392405	0.0569620253165
xau-	0.388059701493	0.492537313433	0.119402985075	0.0
iqu-	0.173771676301	0.507044797688	0.102962427746	0.216221098266
pes-	0.0070323488045	0.992967651195	0.0	0.0
álo-	0.0	0.930463576159	0.0198675496689	0.0496688741722
tne-	0.0656366193635	0.0600275066007	0.0374046911871	0.836931182849
c'b-	0.513789581205	0.270684371808	0.101123595506	0.114402451481
zar-	0.0	1.0	0.0	0.0
att-	0.366822429907	0.565420560748	0.0140186915888	0.053738317757
rml-	0.782334384858	0.0851735015772	0.0567823343848	0.0757097791798
xut-	0.747188413814	0.129062441738	0.0293371794987	0.0944119649499
bat-	0.611676589207	0.171323858908	0.0975769797068	0.119422572178
cht-	0.489143244086	0.350504494763	0.0992656854745	0.0610865756766
am'-	0.17966868857	0.142761279457	0.0462362337338	0.63133379824
loi-	0.00653594771242	0.993464052288	0.0	0.0
jen-	0.143939393939	0.795454545455	0.0151515151515	0.0454545454545
oso-	0.0	0.767441860465	0.232558139535	0.0
pay-	0.567441860465	0.432558139535	0.0	0.0
awl-	0.909023117077	0.0193885160328	0.00671140939597	0.0648769574944
sub-	0.350662739679	0.417818774042	0.171196387244	0.0603220990339
siˈ-	0.356382978723	0.563829787234	0.0797872340425	0.0
nov-	0.0456639621641	0.954336037836	0.0	0.0
cpe-	0.71010711478	0.10240218852	0.0232612239347	0.164229472765
rcp-	0.208333333333	0.614583333333	0.03125	0.145833333333
rix-	0.0300213294799	0.696117866174	0.0113198629221	0.262540941424
'ay-	0.17502787068	0.82497212932	0.0	0.0
tam-	0.437274060609	0.488359602553	0.025284554525	0.0490817823132
jan-	0.0998973018393	0.46316870507	0.136775277752	0.300158715339
rel-	0.138846724563	0.755223359979	0.0537688625162	0.0521610529413
toa-	0.0185185185185	0.981481481481	0.0	0.0
xcm-	0.617248469354	0.114873501883	0.200978583827	0.0668994449354
chj-	0.326930181012	0.372306366211	0.0517177687477	0.249045684029
cca-	0.414930813185	0.281476515489	0.0771336231561	0.22645904817
ijc-	0.430379746835	0.26582278481	0.170886075949	0.132911392405
etz-	0.0753028948833	0.41297940337	0.469907895116	0.0418098066308
ebo-	0.104347826087	0.895652173913	0.0	0.0
iwm-	0.187817431912	0.248559839111	0.0596516344548	0.503971094522
xea-	0.72002832223	0.213285700492	0.00811045669595	0.0585755205819
pus-	0.274975751697	0.577109602328	0.111542192047	0.0363724539282
wum-	0.260806061436	0.244648318043	0.0862659181158	0.408279702405
tim-	0.0484530625992	0.90357503729	0.0143386421595	0.0336332579512
tri-	0.0161168510632	0.980379485662	0.00093431020656	0.00256935306804
pua-	0.101198120823	0.835596808398	0.0387457863802	0.0244592843987
zen-	0.0993377483444	0.87417218543	0.0	0.0264900662252
xkm-	0.658536585366	0.30487804878	0.0	0.0365853658537
ja'-	0.204980287498	0.755730998065	0.0104076064735	0.028881107964
kwi-	0.245762451073	0.507855658784	0.087753868268	0.158628021875
rah-	0.0425985090522	0.948881789137	0.00851970181043	0.0
mol-	0.386565966711	0.497630866537	0.0566519089146	0.0591512578373
csl-	0.634118322803	0.208500861574	0.0930499712808	0.0643308443423
iya-	0.552508435508	0.231875807101	0.0545704486441	0.161045308747
jix-	0.478771255402	0.480963731106	0.0110672551051	0.0291977583871
arw-	0.1875	0.75	0.0625	0.0
tes-	0.0355159648311	0.947825080981	0.0090236001851	0.00763535400277
ubn-	0.546368867048	0.0467893334389	0.0208730206745	0.385968778838
naj-	0.141812084152	0.268347823373	0.198976898894	0.390863193581
ojr-	0.333333333333	0.349206349206	0.222222222222	0.0952380952381
cuy-	0.470150208304	0.148268476272	0.055410782147	0.326170533276
oyo-	0.209477652127	0.583737210555	0.155088852989	0.0516962843296
cyo-	0.78417266187	0.188848920863	0.0	0.0269784172662
uxi-	0.671310629515	0.18524251806	0.0356037151703	0.107843137255
jon-	0.011852963639	0.965823954841	0.00829707454727	0.0140260069728
jer-	0.0353033884949	0.695218485472	0.0109001245583	0.258578001474
xwä-	0.707252968384	0.289358993445	0.00338803817191	0.0
kec-	0.075105858541	0.502065755996	0.03996000843	0.382868377033
csk-	0.189392971246	0.571373801917	0.0996805111821	0.139552715655
ixs-	0.37881508079	0.366247755835	0.168761220826	0.0861759425494
cya-	0.440209615242	0.312117038673	0.127398980297	0.120274365789
xtz-	0.649426471006	0.178245903652	0.0295841416897	0.142743483653
mah-	0.0	1.0	0.0	0.0
kop-	0.450879980177	0.421902646587	0.102283418533	0.0249339547033
eno-	0.00944568729803	0.985582898335	0.0	0.0049714143674
jpu-	0.0438968040046	0.876010781671	0.0477474008471	0.0323450134771
cco-	0.126072327284	0.583261844848	0.188146573636	0.102519254232
xot-	0.0287081339712	0.942583732057	0.0287081339713	0.0
xtt-	0.229411764706	0.611764705882	0.123529411765	0.0352941176471
pr'-	0.423282763501	0.295136892388	0.0741961165908	0.20738422752
seg-	0.0	0.987341772152	0.0126582278481	0.0
euf-	0.0	1.0	0.0	0.0
caq-	0.512579936404	0.268617043176	0.127569335769	0.0912336846503
mil-	0.0272984616514	0.232110331665	0.0149568041989	0.725634402485
yer-	0.0	1.0	0.0	0.0
jij-	0.8	0.08	0.12	0.0
'ye-	0.142274349821	0.806986231515	0.0219275879654	0.0288118306986
pso-	0.666666666667	0.316666666667	0.0166666666667	0.0
así-	0.0	1.0	0.0	0.0
ya'-	0.47041417248	0.207949705548	0.168759034859	0.152877087113
kam-	0.299191374663	0.566037735849	0.088948787062	0.0458221024259
jur-	0.336131419803	0.605018503475	0.0203989529741	0.0384511237476
rdi-	0.0983606557377	0.737704918033	0.0983606557377	0.0655737704918
xqˈ-	0.598702422145	0.210034602076	0.10821799308	0.083044982699
alt-	0.0687158072786	0.663979702408	0.202024473399	0.0652800169147
uxu-	0.847457627119	0.152542372881	0.0	0.0
jor-	0.0630681952848	0.735822505485	0.0817972856027	0.119312013627
cin-	0.0356118310416	0.091898308438	0.391730141458	0.480759719062
ixe-	0.538461538462	0.358974358974	0.102564102564	0.0
saw-	0.024696952532	0.929194516823	0.000679732638495	0.0454287980062
iej-	0.350835322196	0.649164677804	0.0	0.0
uzi-	0.0	1.0	0.0	0.0
kca-	0.104832461747	0.827619601007	0.0312318419524	0.0363160952934
boc-	0.553279903417	0.312974630671	0.0737580778165	0.0599873880963
por-	0.117543168773	0.838780892373	0.0383059463717	0.00536999248201
äcˈ-	0.258426966292	0.730337078652	0.00374531835206	0.00749063670412
r'i-	0.0413700683671	0.865464374134	0.0312853476276	0.0618802098712
alf-	0.00243947244074	0.992681582678	0.00487894488146	0.0
cos-	0.302283798608	0.526880407731	0.130515749592	0.0403200440703
bak-	0.0587252883831	0.907872761875	0.0175554433526	0.0158465063891
ped-	0.019867762458	0.974241526301	0.00199927169388	0.00389143954702
upj-	0.467457052988	0.214130171788	0.223566416647	0.0948463585773
epa-	0.122408509104	0.812691544979	0.0277627546422	0.0371371912745
áfr-	0.108796296296	0.835648148148	0.0347222222222	0.0208333333333
mch-	0.0686779494726	0.748589649252	0.160657346088	0.0220750551877
ajp-	0.0495139439151	0.922888120132	0.0129872639777	0.014610671975
cxe-	0.23166023166	0.70398970399	0.0643500643501	0.0
raˈ-	0.306012884753	0.59735146743	0.0966356478167	0.0
mel-	0.053351147553	0.904050294667	0.0171583879351	0.0254401698452
wec-	0.0651881963954	0.505884987283	0.0284353670356	0.400491449286
rle-	0.302584896097	0.59401926001	0.0831221490117	0.0202736948809
cmu-	0.272293440629	0.519977542809	0.190886123327	0.0168428932348
tˈo-	0.0827531853408	0.862078024432	0.0	0.0551687902272
rca-	0.0896761725823	0.540923239268	0.309405755658	0.0599948324918
rtr-	0.0166260657735	0.983373934227	0.0	0.0
láz-	0.0359945411123	0.898157625384	0.00426475605595	0.0615830774479
rio-	0.0613675807012	0.06088163832	0.0209649427282	0.856785838251
jud-	0.0281387685133	0.882864528513	0.0604130414487	0.0285836615253
dia-	0.0362801377727	0.909070034443	0.0450057405281	0.00964408725603
mi'-	0.350190869798	0.450105688235	0.0369120106004	0.162791431366
cis-	0.0	0.972972972973	0.027027027027	0.0
cna-	0.500310954018	0.329722363472	0.0867213644542	0.0832453180559
mär-	0.549652118912	0.22770398482	0.199873497786	0.022770398482
kdi-	0.0308219178082	0.892123287671	0.0616438356165	0.0154109589041
xsi-	0.530236167014	0.335434750982	0.0523737937054	0.0819552882983
paj-	0.256695131159	0.665748875422	0.0478437425465	0.0297122508724
cie-	0.0186444456831	0.0811641863144	0.0548278616948	0.845363506308
pix-	0.0859372895683	0.855579228741	0.0266450365745	0.0318384451164
xqu-	0.690009051902	0.111967779814	0.0390349870914	0.158988181193
ca'-	0.354942492462	0.41612818325	0.139158297176	0.0897710271123
xer-	0.691947084865	0.156931636587	0.0291543616764	0.121966916872
yu'-	0.133903743315	0.863529411765	0.00256684491978	0.0
uwj-	0.033491012299	0.918921475875	0.00113528855251	0.0464522232734
and-	0.00471698113208	0.985849056604	0.00943396226415	0.0
rko-	0.65625	0.0703125	0.1328125	0.140625
pim-	0.209289380914	0.530954295256	0.162533242625	0.0972230812048
xat-	0.46362218725	0.333249318705	0.0757510743214	0.127377419724
per-	0.00696968188381	0.956091004132	0.023696918405	0.0132423955792
rmo-	0.248720600324	0.28592262615	0.285047596319	0.180309177207
awc-	0.10623556582	0.866050808314	0.027713625866	0.0
suq-	0.0794446822824	0.704054797872	0.105070026298	0.111430493548
lid-	0.00657894736842	0.993421052632	0.0	0.0
ps'-	0.0	1.0	0.0	0.0
ata-	0.0253012048193	0.903614457831	0.0710843373494	0.0
baw-	0.0692302697789	0.889053014317	0.0116871733273	0.030029542577
spo-	0.117647058824	0.441176470588	0.441176470588	0.0
lev-	0.064358508062	0.903501624999	0.017172772041	0.0149670948981
arc-	0.069848661234	0.902211874272	0.0279394644936	0.0
rma-	0.0567399665745	0.0420252527627	0.0033003573339	0.897934423329
awm-	0.514900662252	0.203642384106	0.0397350993378	0.241721854305
suc-	0.140554014626	0.135727270184	0.296182367138	0.427536348052
rgo-	0.0	1.0	0.0	0.0
saú-	0.619718309859	0.330985915493	0.0140845070422	0.0352112676056
uyj-	0.658088235294	0.0220588235294	0.319852941177	0.0
cäc-	0.431971820712	0.212934485945	0.109913921319	0.245179772024
pu'-	0.189101907027	0.316241336962	0.0775272073617	0.41712954865
jai-	0.101145408658	0.872451951077	0.0116482236459	0.0147544166181
tal-	0.206373292868	0.781487101669	0.0	0.0121396054628
rco-	0.224944320713	0.599745466115	0.13378937321	0.0415208399618
450-	0.0	0.165094339623	0.0424528301887	0.792452830189
noc-	0.0838509316769	0.767080745342	0.055900621118	0.0931677018633
xcl-	0.58118556701	0.155927835052	0.216494845361	0.0463917525773
q'u-	0.0904486208785	0.25075412157	0.563294337753	0.0955029197982
chi-	0.165118565622	0.122206635837	0.0418158526254	0.670858945916
xti-	0.418796617728	0.434809725343	0.0502791598534	0.0961144970751
kij-	0.610523305691	0.254503860452	0.100085787818	0.0348870460395
iun-	0.579365079365	0.293650793651	0.0476190476191	0.0793650793651
pin-	0.228322726817	0.427076496835	0.0779162942579	0.266684482089
ela-	0.233011710729	0.706759229824	0.0489737002638	0.0112553591834
til-	0.116564417178	0.819018404908	0.0644171779141	0.0
nuˈ-	0.534195933457	0.362292051756	0.0757855822551	0.0277264325324
'a'-	0.146806583924	0.792734245992	0.0356895541469	0.0247696159378
uts-	0.144628099174	0.359504132231	0.396694214876	0.099173553719
ray-	0.232366989113	0.522271935526	0.0812163065196	0.164144768841
pur-	0.0497461928934	0.950253807107	0.0	0.0
kˈi-	0.0773218535573	0.769634659406	0.0674890747993	0.0855544122377
rak-	0.0942218900069	0.804465294243	0.0368792895938	0.0644335261559
evo-	0.0512820512821	0.948717948718	0.0	0.0
abb-	0.053974484789	0.828263002944	0.0	0.117762512267
eln-	0.343047289572	0.196971473805	0.173414641297	0.286566595327
ter-	0.567962674961	0.293623639191	0.0419906687403	0.0964230171073
cuz-	0.0521739130435	0.930434782609	0.0173913043478	0.0
itz-	0.116088670508	0.354541651764	0.421528742017	0.107840935711
roc-	0.240526315789	0.403684210526	0.327368421053	0.0284210526316
ker-	0.632034632035	0.255411255411	0.0865800865801	0.025974025974
i'a-	0.334377447142	0.284259984338	0.102584181676	0.278778386844
oli-	0.0605092634846	0.929268960482	0.00365063429771	0.00657114173587
paˈ-	0.542857142857	0.371428571429	0.0571428571429	0.0285714285714
won-	0.985714285714	0.0	0.0142857142857	0.0
jec-	0.259314658689	0.423443024205	0.287598585804	0.0296437313027
ula-	0.226749732762	0.631402260898	0.106386004755	0.0354620015849
kon-	0.061861734443	0.107059855929	0.0196723208517	0.811406088776
cut-	0.605203951493	0.265723761671	0.0496213698095	0.0794509170265
pi'-	0.359925986756	0.425421667575	0.1249583298	0.0896940158689
