-aja	0.290858725762	0.193905817174	0.027700831025	0.487534626039
-cas	0.0	0.948314606742	0.00449438202247	0.047191011236
-car	0.0	1.0	0.0	0.0
-ive	0.396048590835	0.603951409165	0.0	0.0
-rbe	0.0152671755725	0.984732824427	0.0	0.0
-pqa	0.614349775785	0.179372197309	0.0	0.206278026906
-ash	0.0529450694904	0.27068166777	0.541363335539	0.135009927201
-aus	0.149659863946	0.687074829932	0.163265306123	0.0
-nsi	0.0125612642015	0.274351468659	0.0126397721028	0.700447495037
-ufo	0.0	1.0	0.0	0.0
-pla	0.269905757767	0.215125378801	0.153984481668	0.360984381764
-nti	0.0302598789605	0.173549305803	0.272338910644	0.523851904593
-puq	0.22304420196	0.302015905308	0.159792861106	0.315147031626
-pur	0.211362536548	0.201153457828	0.0214472617174	0.566036743907
-nta	0.164278152196	0.44762929991	0.0689295944043	0.319162953489
-nte	0.0	1.0	0.0	0.0
-puy	0.129411796337	0.72147103345	0.0669079313525	0.0822092388601
-uan	0.0929064961902	0.877873563218	0.00339015885316	0.0258297817384
-apa	0.390068708796	0.263307396423	0.0600558157023	0.28656807908
-aju	0.252592878379	0.139118988721	0.484374645394	0.123913487506
-pun	0.168282751129	0.737108109851	0.0234352913168	0.0711738477028
-ntu	0.0141483852542	0.910397687959	0.0433027274728	0.032151199314
-lta	0.280278012724	0.642496230648	0.0221380502335	0.055087706395
-pre	0.0	1.0	0.0	0.0
-pan	0.190370303497	0.545915042942	0.123584964909	0.140129688653
-arí	0.0732703599694	0.0582078121011	0.0168496298187	0.851672198111
-más	0.00413223140496	0.995867768595	0.0	0.0
-nmi	0.197872641185	0.137371107984	0.0324509490262	0.632305301805
-sma	0.14953271028	0.85046728972	0.0	0.0
-mán	0.037037037037	0.716049382716	0.246913580247	0.0
-ope	0.0465976331361	0.940088757396	0.00887573964497	0.0044378698225
-smi	0.257338823791	0.452471067755	0.0725302147273	0.217659893727
-dea	0.00322061191626	0.987922705314	0.00724637681159	0.00161030595813
-msa	0.0178472017553	0.0484003012739	0.299505517896	0.634246979075
-dec	0.0122324159021	0.984709480122	0.0	0.00305810397554
-tqa	0.00466345406498	0.995336545935	0.0	0.0
-deo	0.00216841344416	0.997831586556	0.0	0.0
-ima	0.00929551096234	0.0214366810891	0.00616404998167	0.963103757967
-des	0.0713153724247	0.909667194929	0.0190174326466	0.0
-imi	0.270944225236	0.31116918241	0.0648280414294	0.353058550925
-yji	0.314177618059	0.590690174836	0.0271580478243	0.0679741592809
-imo	0.0	1.0	0.0	0.0
-rpi	0.023060052893	0.221731277817	0.00290266400052	0.752306005289
-ido	0.1875	0.5625	0.125	0.125
-lla	0.123401425017	0.103284730163	0.0386439959018	0.734669848918
-bir	0.531480347879	0.193646665219	0.0294224677072	0.245450519195
-obo	0.0204429301533	0.979557069847	0.0	0.0
-aúm	0.0110701107011	0.935424354244	0.0	0.0535055350554
-rpa	0.0593990674786	0.839745818226	0.0184785345431	0.0823765797522
-lli	0.366904337493	0.299897369416	0.0340841570788	0.299114136013
-biy	0.723200110444	0.134948574584	0.00414164423276	0.137709670739
-kpi	0.159153818066	0.571443715474	0.0743825015606	0.195019964899
-llu	0.146901996445	0.791509940892	0.0305873599802	0.0310007026826
-bia	0.110091743119	0.779816513761	0.0	0.110091743119
-bin	0.162426837548	0.203407722387	0.0728527037274	0.561312736338
-kpa	0.127200546332	0.661107760465	0.0408466143016	0.170845078902
-rpu	0.458760974403	0.446024483739	0.00865586744157	0.0865586744156
-qmi	0.342278875841	0.265759470527	0.0837650686563	0.308196584976
-bba	0.050505050505	0.858585858586	0.0	0.0909090909091
-uta	0.119348483431	0.719228809373	0.0293491124167	0.13207359478
-hla	0.0359281437126	0.239520958084	0.688622754491	0.0359281437126
-ria	0.0297582145071	0.925604463732	0.0	0.0446373217606
-rin	0.566198256469	0.281482123796	0.0310332951473	0.121286324588
-rio	0.0	0.984652590457	0.0153474095433	0.0
-ril	0.0875370919881	0.229970326409	0.557863501484	0.124629080119
-uti	0.0551018400079	0.656794253665	0.0135786677162	0.274525238611
-lki	0.387559808612	0.593301435407	0.0191387559808	0.0
-wpi	0.32944919744	0.366066436989	0.0939095053858	0.210574860185
-tea	0.0	1.0	0.0	0.0
-rir	0.471956400464	0.0792713757699	0.00652089952964	0.442251324237
-ris	0.0124783362218	0.342287694974	0.159445407279	0.485788561525
-riq	0.360247606806	0.379009798284	0.0154472369741	0.245295357936
-gri	0.259092950157	0.356982487652	0.197575213291	0.1863493489
-kiy	0.202545035936	0.320494072991	0.0849382408761	0.392022650198
-teo	0.0895404900128	0.820591032832	0.00885565285841	0.0810128242973
-lux	0.192200963926	0.61968745436	0.188111581715	0.0
-luy	0.239068246833	0.477727829996	0.283203923171	0.0
-ara	0.0784543992695	0.794641305987	0.0634521473716	0.0634521473716
-qta	0.31629132361	0.272977635647	0.070230882733	0.34050015801
-lur	0.722145804677	0.121045392022	0.0495185694635	0.107290233838
-aro	0.0452488687783	0.807692307692	0.0135746606335	0.133484162896
-ari	0.319859087375	0.307794853988	0.0950246886591	0.277321369978
-rón	0.0263157894737	0.947368421053	0.0263157894737	0.0
-qti	0.385435168739	0.557726465364	0.056838365897	0.0
-aru	0.203840859933	0.385724585436	0.222193091696	0.188241462935
-lun	0.112282207428	0.658112845185	0.0140787287951	0.215526218592
-meo	0.04	0.96	0.0	0.0
-aya	0.0041841004184	0.97280334728	0.00836820083682	0.0146443514644
-tya	0.0938050053615	0.732605660874	0.173589333765	0.0
-qna	0.281256183069	0.362430955443	0.149617001727	0.206695859761
-hqu	0.0104302477184	0.535853976532	0.438070404172	0.0156453715776
-ayo	0.0417956656347	0.865325077399	0.0	0.0928792569659
-bás	0.0295566502463	0.961998592541	0.00844475721322	0.0
-wun	0.262848751836	0.362701908957	0.132158590308	0.242290748899
-zpa	0.0134529147982	0.986547085202	0.0	0.0
-cta	0.095827562327	0.887551939058	0.0103878116344	0.00623268698061
-dán	0.107164916615	0.652151533869	0.00216182828907	0.238521721227
-fri	0.0500792922126	0.929888990902	0.0200317168851	0.0
-bpa	0.0	1.0	0.0	0.0
-uba	0.0931905501512	0.892095152457	0.0	0.0147142973923
-rru	0.0722224358728	0.840672230127	0.0317271084106	0.0553782255894
-ota	0.0	1.0	0.0	0.0
-ote	0.00337952010815	0.994367466486	0.0	0.00225301340543
-icó	0.0	1.0	0.0	0.0
-oto	0.0350877192982	0.789473684211	0.0350877192982	0.140350877193
-rán	0.105263157895	0.894736842105	0.0	0.0
-iju	0.19960315424	0.292998751304	0.360120422162	0.147277672294
-uma	0.0	1.0	0.0	0.0
-eví	0.0340909090909	0.886363636364	0.0113636363636	0.0681818181818
-umi	0.172523359936	0.195472409761	0.029258955271	0.602745275031
ALL	0.230384651387	0.268626597219	0.0516311907241	0.44935756067
-nan	0.241500297138	0.328676577637	0.0539521762686	0.375870948957
-aki	0.146820809249	0.420809248555	0.356069364162	0.0763005780346
-sis	0.179080824089	0.725832012678	0.0760697305864	0.0190174326466
-sir	0.363310308183	0.300478214665	0.0560573857598	0.280154091392
-siq	0.611462808049	0.137124123898	0.114628080488	0.136784987565
-kin	0.103680654519	0.12266863069	0.119628172108	0.654022542683
-aka	0.0431726907631	0.536144578313	0.191767068273	0.228915662651
-aúl	0.0380710659899	0.96192893401	0.0	0.0
-kir	0.41171060699	0.243507842013	0.102054943534	0.242726607464
-kiq	0.407292659676	0.409556720686	0.131315538608	0.0518350810295
-nay	0.230095529903	0.239963352379	0.111222409581	0.418718708137
-sio	0.0535714285715	0.946428571429	0.0	0.0
-sin	0.224792122014	0.559360238611	0.0378302019093	0.178017437466
-ysi	0.0139850520427	0.0525012609474	0.432390297584	0.501123389426
-nar	0.358288233401	0.221823431948	0.123016498056	0.296871836594
-nas	0.0146277295449	0.979058142594	0.0063141278611	0.0
-aku	0.0610160057561	0.735972902893	0.000746663770516	0.20226442758
-naq	0.072750813052	0.528455535176	0.108329865339	0.290463786433
-dya	0.0	0.532981530343	0.0870712401055	0.379947229552
-dyu	0.38747036294	0.61252963706	0.0	0.0
-mos	0.0697318007663	0.898084291188	0.032183908046	0.0
-mor	0.0	1.0	0.0	0.0
-gon	0.0	0.989159891599	0.0	0.0108401084011
-laq	0.232628599442	0.57184979268	0.0417813802324	0.153740227646
-ynu	0.21426122839	0.0225684244641	0.00229688122762	0.760873465918
-aán	0.0	1.0	0.0	0.0
-qnu	0.565733763904	0.305920344456	0.026982418371	0.101363473269
-yna	0.196762860791	0.0974437353773	0.0196067222269	0.686186681605
-yaq	0.431858617963	0.297540731204	0.073406689991	0.197193960842
-nto	0.00459066564652	0.938026013772	0.00918133129303	0.0482019892884
-yar	0.47138882953	0.219095663088	0.0865333579334	0.222982149448
-yay	0.295034202554	0.494518013681	0.181512977815	0.0289348059503
-bet	0.0925925925925	0.777777777778	0.111111111111	0.0185185185185
-bel	0.121299638989	0.852707581227	0.0	0.0259927797834
-yan	0.469408554884	0.258031096342	0.0649435131722	0.207616835602
-rla	0.390643417022	0.366624497003	0.105342558988	0.137389526987
-cos	0.0269865067466	0.973013493253	0.0	0.0
-upu	0.0	0.923404255319	0.0765957446809	0.0
-reo	0.0047365736355	0.948626393646	0.0247759236319	0.0218611090869
-isi	0.0	0.865384615385	0.134615384615	0.0
-ish	0.324963680912	0.268894960139	0.0701988334526	0.335942525496
-rea	0.0247644164281	0.96249959798	0.000192969478661	0.0125430161129
-isa	0.281438186327	0.62929507616	0.0892667375133	0.0
-upa	0.059658320683	0.703540047174	0.0836379411189	0.153163691024
-res	0.122618061309	0.529411764706	0.0	0.347970173985
-isu	0.137159780759	0.738076412806	0.0175888824862	0.107174923949
-qqa	0.31831392403	0.334652240568	0.0874938085877	0.259540026814
-ret	0.01004604437	0.93972373378	0.00251151109251	0.0477187107577
-upi	0.105117871173	0.491225108909	0.0262939880565	0.377363031861
-may	0.37986405813	0.313970763948	0.0607930989879	0.245372078934
-hab	0.00319284802044	0.99680715198	0.0	0.0
-naí	0.0	1.0	0.0	0.0
-maq	0.112266408015	0.239166061707	0.28382701268	0.364740517597
-map	0.198711063373	0.711063372717	0.077336197637	0.0128893662728
-mas	0.1452477133	0.0661662087131	0.253068177635	0.535517900352
-hak	0.43910806175	0.56089193825	0.0	0.0
-ham	0.00496414782126	0.947049089906	0.0165471594043	0.0314396028682
-kñu	0.0	0.581643543223	0.418356456777	0.0
-haq	0.357773682452	0.230639346329	0.128806429715	0.282780541504
-har	0.359301099352	0.368823752346	0.065691159366	0.206183988936
-eqa	0.134969325153	0.754601226994	0.0613496932515	0.0490797546013
-mal	0.462990600372	0.346398554709	0.124630167832	0.0659806770875
-man	0.24422819102	0.380697459701	0.033101744387	0.341972604892
-hay	0.0283966581948	0.00517275563659	0.00343529349615	0.962995292672
-guy	0.0208986415883	0.979101358412	0.0	0.0
-jun	0.120726211676	0.521068226779	0.278099500957	0.0801060605877
-nku	0.0204831258822	0.145836006673	0.0611125368921	0.772568330553
-uni	0.394437647131	0.289704039523	0.0542297672248	0.261628546121
-una	0.118410973125	0.448553437869	0.0551551749522	0.377880414054
-nap	0.0	1.0	0.0	0.0
-ush	0.646719038817	0.249306839187	0.0785582255083	0.025415896488
-nka	0.0304624757685	0.826917751316	0.109387981169	0.0332317917474
-pta	0.260284694027	0.142497839521	0.073688630175	0.523528836276
-pto	0.00244698205547	0.997553017945	0.0	0.0
-unu	0.232618025751	0.527467811159	0.156223175966	0.0836909871244
-nki	0.498395891936	0.218565644765	0.0343658494049	0.248672613894
-nla	0.11555349459	0.286825918675	0.442612960263	0.155007626473
-tra	0.0044438096145	0.982335856782	0.0132203336031	0.0
-500	0.0982800982801	0.0737100737101	0.0614250614251	0.766584766585
-ada	0.0469658219019	0.354219948849	0.108811904208	0.490002325041
-gan	0.199315654405	0.656971770744	0.107784431138	0.0359281437126
-abé	0.215189873418	0.689873417722	0.0	0.0949367088607
-tru	0.0111095854502	0.241227796432	0.0890015104044	0.658661107713
-cpa	0.0	0.9880425155	0.00132860938884	0.0106288751107
-144	0.0	0.0945083014048	0.0	0.905491698595
-sna	0.255096560698	0.222010280912	0.250421377524	0.272471780865
-gar	0.195407987981	0.614124251018	0.0471033522969	0.143364408704
-gaq	0.462537192318	0.456315931837	0.0324587503381	0.0486881255071
-gay	0.16975308642	0.590020576132	0.0231481481481	0.2170781893
-seo	0.00644274953811	0.981903453503	0.00113695580084	0.0105168411578
-ini	0.398604902568	0.163929121565	0.0384333413528	0.399032634515
-nos	0.0490196078431	0.950980392157	0.0	0.0
-lpa	0.120949949841	0.703157806572	0.0132601606981	0.162632082888
-ino	0.0	1.0	0.0	0.0
-ina	0.299841502955	0.456927001692	0.0605806521142	0.182650843238
-sea	0.0	1.0	0.0	0.0
-knu	0.365398811143	0.20132872295	0.090407552741	0.342864913167
-kna	0.347843856536	0.276261488467	0.112482306266	0.263412348731
-inu	0.142422070942	0.405589394482	0.385704048728	0.0662844858472
-ñal	0.400811530434	0.53544617783	0.0302138462828	0.033528445453
-blo	0.104518329071	0.700426257459	0.00153452685422	0.193520886615
-eda	0.0301821709604	0.752883475261	0.216934353778	0.0
-dón	0.00112739571589	0.960541149944	0.0135287485908	0.0248027057497
-kur	0.368346373025	0.319801914774	0.0880832103313	0.22376850187
-kuq	0.251918952794	0.514015503138	0.0669673786399	0.167098165428
-són	0.0267379679145	0.96256684492	0.0	0.0106951871658
-rsi	0.00543330616679	0.0040749796251	0.0190165715838	0.971475142624
-nes	0.0978336827393	0.881201956674	0.020964360587	0.0
-kuy	0.147272189283	0.118620008209	0.0107478849957	0.723359917512
-rso	0.020202020202	0.979797979798	0.0	0.0
-neo	0.00421052631579	0.972631578947	0.0231578947369	0.0
-fos	0.0	1.0	0.0	0.0
-ñay	0.0	0.963917525773	0.0	0.0360824742268
-lpi	0.081295439524	0.744216787839	0.0118968935889	0.162590879048
-ias	0.0476720165263	0.883680279676	0.0591133004926	0.00953440330525
-zqa	0.0	1.0	0.0	0.0
-blu	0.0643906234802	0.634471354927	0.0635152222547	0.237622799339
-kun	0.24358681544	0.558090960826	0.110514129513	0.0878080942203
-tki	0.426719379382	0.264060868268	0.134484234833	0.174735517516
-ñaq	0.225688073394	0.524770642202	0.128440366973	0.121100917431
-nea	0.051724137931	0.258620689655	0.689655172414	0.0
-ban	0.380776340111	0.573012939002	0.0462107208872	0.0
-qru	0.350289017341	0.153757225434	0.461271676301	0.0346820809249
-bal	0.414036661248	0.218622120074	0.304557430349	0.0627837883289
-qra	0.196727754407	0.31884015779	0.168124717973	0.316307369831
-hiq	0.489873924126	0.35836752889	0.082756295221	0.0690022517631
-bar	0.464799334416	0.480923893665	0.00950833960621	0.0447684323125
-qri	0.559241706161	0.36018957346	0.042654028436	0.0379146919432
-baq	0.479509173219	0.182153919466	0.150107219442	0.188229687872
-nya	0.11496167944	0.876707764079	0.00333222259248	0.00499833388871
-que	0.0	1.0	0.0	0.0
-asa	0.0094383436456	0.782708355181	0.140526449834	0.0673268513386
-asi	0.167768174886	0.623792577529	0.00381291306558	0.20462633452
-qun	0.328200293317	0.47485857951	0.188560653677	0.00838047349676
-quq	0.139505566318	0.832593320418	0.00908408338818	0.0188170298755
-asu	0.589429471474	0.353867693385	0.0357017850892	0.0210010500525
-qur	0.415434029245	0.115248077086	0.0169047417801	0.452413151889
-quy	0.55632031767	0.253077432164	0.160158835208	0.030443414957
-dro	0.0523684032705	0.852861679843	0.00202716399757	0.0927427528887
-iro	0.0	0.992537313433	0.00746268656717	0.0
-ray	0.495231969665	0.200272250707	0.0320770915561	0.272418688072
-dia	0.0818040166204	0.91819598338	0.0	0.0
-430	0.217731421121	0.0391134289439	0.0	0.743155149935
-rar	0.279190320009	0.207974125305	0.0380337941451	0.474801760541
-ras	0.21249920448	0.627124037421	0.0320753516197	0.128301406479
-raq	0.231828506624	0.227918664814	0.136078588393	0.404174240169
-ran	0.663228026175	0.126003820709	0.0221741677241	0.188593985391
-iwa	0.0	0.985294117647	0.0147058823529	0.0
-uía	0.0296262534184	0.970373746582	0.0	0.0
-era	0.0127659574468	0.987234042553	0.0	0.0
-uío	0.0	1.0	0.0	0.0
-pos	0.012987012987	0.987012987013	0.0	0.0
-aza	0.0	1.0	0.0	0.0
-uju	0.164266458074	0.368747468257	0.359039544077	0.107946529592
-ika	0.00275532696547	0.223043717854	0.754913666422	0.0192872887583
-lan	0.166764288606	0.135987877364	0.059132622625	0.638115211404
-lao	0.0463678516229	0.953632148377	0.0	0.0
-iki	0.194467886211	0.658514948828	0.0309510838907	0.11606608107
-aam	0.111869031378	0.888130968622	0.0	0.0
-aal	0.0	0.782608695652	0.217391304348	0.0
-iku	0.0225988700565	0.954802259887	0.0225988700565	0.0
-law	0.0537359446176	0.289878141893	0.528511345845	0.127874567644
-eón	0.109375	0.71484375	0.140625	0.03515625
-lar	0.267982939986	0.311058606881	0.0698383468117	0.351120106321
-las	0.164646958925	0.503813937423	0.127457471	0.204081632653
-lay	0.219332923365	0.106611223364	0.0162279032085	0.657827950062
-aac	0.0	0.996632996633	0.00336700336701	0.0
-ceo	0.0167558761927	0.958110309518	0.0139632301606	0.0111705841285
-pyu	0.213028169014	0.602112676056	0.18485915493	0.0
-gel	0.0738835950084	0.905738738914	0.00815106643119	0.0122265996468
-fán	0.0	1.0	0.0	0.0
-mya	0.115852739957	0.60531524184	0.00130907050799	0.277522947694
-pya	0.0917673466693	0.535749653397	0.235822275038	0.136660724896
-ypi	0.222305286683	0.204790384006	0.0169631546056	0.555941174705
-ges	0.0	0.943661971831	0.056338028169	0.0
-ypa	0.0829430136733	0.185479265184	0.0579533085906	0.673624412552
-sas	0.104651162791	0.755813953488	0.0	0.139534883721
-ión	0.0278730703259	0.964408233276	0.0	0.00771869639794
-yku	0.308815406525	0.276931459844	0.0677967479725	0.346456385658
-vos	0.0362948960302	0.961436672968	0.0	0.00226843100189
-mpi	0.314953413777	0.533679547885	0.0473499312662	0.104017107072
-ibu	0.0675267083249	0.747228381375	0.151985486797	0.0332594235033
-say	0.0732942430703	0.854744136461	0.0479744136461	0.023987206823
-mpa	0.0417330338068	0.466814136459	0.0397101977769	0.451742631957
-lfa	0.0	0.989741424278	0.0102585757222	0.0
-oli	0.0	0.917808219178	0.0821917808219	0.0
-ĉha	0.185162919322	0.697006132019	0.0504989779968	0.0673319706625
-ibi	0.107255832345	0.123789047054	0.224891261368	0.544063859233
-yka	0.041257367387	0.203071977139	0.343096981604	0.41257367387
-mpu	0.215389190677	0.157049345259	0.0278095033204	0.599751960744
-iba	0.151936657393	0.823810542835	0.0106997646052	0.0135530351665
-yki	0.40643912079	0.244695762009	0.0477687520414	0.301096365159
-iel	0.1535915005	0.802756178305	0.0436523211949	0.0
-loi	0.0	0.980392156863	0.0196078431373	0.0
-npi	0.166345828564	0.511377577658	0.0250844729936	0.297192120784
-lot	0.020618556701	0.917525773196	0.0412371134021	0.020618556701
-los	0.0720079457043	0.90067869558	0.0	0.0273133587154
-rdu	0.461538461538	0.425101214575	0.113360323887	0.0
-ipi	0.187193177193	0.445712643965	0.0169199867758	0.350174192066
-uqu	0.0	0.928571428571	0.0714285714285	0.0
-ipo	0.0142857142857	0.928571428571	0.0	0.0571428571428
-sar	0.444297345601	0.273780366717	0.0333620176077	0.248560270073
-ipa	0.108674003044	0.72842459962	0.0284164573691	0.134484939967
-saq	0.287031843411	0.490414494532	0.0921788734174	0.130374788639
-ipe	0.0	1.0	0.0	0.0
-uqa	0.0932755116348	0.383100718449	0.0214091579082	0.502214612008
-noé	0.23698352042	0.76301647958	0.0	0.0
-han	0.150369230548	0.277676190146	0.0456320150765	0.526322564229
-lén	0.00546565212732	0.946308005573	0.00192905369199	0.0462972886078
-hka	0.10286440729	0.130628289745	0.497993344595	0.26851395837
-rdo	0.0283687943262	0.666666666667	0.304964539007	0.0
-rdi	0.0	0.704096669614	0.236958443855	0.0589448865311
-hki	0.0668570234696	0.574343617244	0.298210181768	0.0605891775193
-awi	0.0	1.0	0.0	0.0
-awn	0.236842105263	0.368421052632	0.105263157895	0.289473684211
-rwa	0.0	0.388086642599	0.611913357401	0.0
-ñar	0.397602397602	0.38961038961	0.0469530469531	0.165834165834
-yma	0.319371727749	0.104712041885	0.065445026178	0.510471204189
-stu	0.181442080378	0.410756501182	0.353132387707	0.0546690307329
-276	0.0	0.201834862385	0.0	0.798165137615
-sto	0.091577959491	0.663379795677	0.00694016012604	0.238102084706
-mar	0.274988057806	0.450518561708	0.0228033111486	0.251690069337
-sta	0.0613866480003	0.464929908819	0.0491899959288	0.424493447251
-loé	0.0	0.936996849843	0.0	0.0630031501575
-biq	0.189688516757	0.465381902573	0.173261131715	0.171668448955
-cua	0.00703642384106	0.935223509934	0.00724337748345	0.0504966887417
-ymi	0.0300599340646	0.0256704239099	0.00235850501083	0.941911137015
-uco	0.0	0.528619528619	0.471380471381	0.0
-hya	0.0851063829787	0.851063829787	0.0638297872341	0.0
-tos	0.0625	0.910714285714	0.0267857142857	0.0
-ryu	0.0333024976873	0.798334875116	0.13506012951	0.0333024976873
-lem	0.0192431045542	0.980756895446	0.0	0.0
-lea	0.0113663272555	0.985792090931	0.00142079090694	0.00142079090694
-mun	0.345010695702	0.404840694739	0.145169561413	0.104979048145
-yta	0.248471508457	0.376115633535	0.0367146972367	0.338698160772
-muq	0.122913414947	0.776829714005	0.0180631016008	0.0821937694466
-mus	0.273224043716	0.617486338798	0.109289617486	0.0
-mur	0.593665700381	0.12700987878	0.0299250518072	0.249399369032
-ida	0.00534600534601	0.994653994654	0.0	0.0
-muy	0.697253323191	0.136647403134	0.0429858167212	0.123113456954
-rra	0.0	0.978391356543	0.00720288115244	0.0144057623049
-rri	0.0	0.972972972973	0.0	0.027027027027
-alu	0.0213333333333	0.181333333333	0.309333333333	0.488
-rro	0.1	0.8	0.1	0.0
-san	0.404381181255	0.245863758203	0.0912592044859	0.258495856056
-gio	0.142857142857	0.857142857143	0.0	0.0
-alo	0.0694789081886	0.531017369727	0.36476426799	0.0347394540943
-udá	0.0423572744015	0.924493554328	0.0331491712707	0.0
-ndo	0.0	1.0	0.0	0.0
-nda	0.602555003549	0.397444996451	0.0	0.0
-gia	0.0	1.0	0.0	0.0
-ala	0.152963702009	0.0637815031783	0.0919970716252	0.691257723188
-120	0.0346820809248	0.554913294798	0.0	0.410404624277
-osé	0.0	1.0	0.0	0.0
-mla	0.40951719347	0.227509551928	0.0208405696422	0.34213268496
-gpa	0.0	1.0	0.0	0.0
-qla	0.168950925692	0.300336320691	0.272218874136	0.258493879482
-gpi	0.238410596026	0.721854304636	0.0397350993378	0.0
-chi	0.197132616487	0.59229390681	0.0910991636798	0.119474313023
-iyu	0.0154248366013	0.982745098039	0.00183006535948	0.0
-cha	0.211999243438	0.473250235709	0.0808568349921	0.233893685861
-dqa	0.18356374808	0.800307219662	0.0	0.016129032258
-153	0.202702702703	0.0506756756757	0.0337837837838	0.712837837838
-oré	0.0779220779222	0.87012987013	0.0	0.051948051948
-rka	0.367041198502	0.47191011236	0.0	0.161048689139
-aén	0.0	0.930232558139	0.0697674418605	0.0
-iya	0.0789624260919	0.455296817113	0.0220207029286	0.443720053867
-chu	0.382617052111	0.262073099578	0.101257279023	0.254052569287
-sya	0.154353946219	0.622852150277	0.0	0.222793903505
-itu	0.0624812030368	0.765761327281	0.0950208168045	0.0767366528779
-ter	0.0187608880154	0.953097779962	0.028141332023	0.0
-ito	0.131764705882	0.762352941177	0.0282352941176	0.0776470588235
-tes	0.0	0.953667953668	0.0	0.046332046332
-eso	0.0166551006246	0.980569049271	0.00277585010409	0.0
-iti	0.0150300991363	0.00644035854184	0.0372248051149	0.941304737207
-ite	0.0	0.99710982659	0.0028901734104	0.0
-syu	0.0420493907004	0.598838208604	0.255824251376	0.10328814932
-ita	0.236375345631	0.251996764437	0.0592415532901	0.452386336641
-spa	0.0258278992754	0.258615586569	0.00815344149583	0.70740307266
-bru	0.0574712643678	0.942528735632	0.0	0.0
-udu	0.185258964143	0.241035856574	0.561752988048	0.011952191235
-spi	0.236299561283	0.48418768086	0.0224228349303	0.257089922927
-spo	0.0	0.920529801324	0.0794701986756	0.0
-fas	0.106529209622	0.817869415808	0.061855670103	0.0137457044674
-uda	0.0113460616334	0.722651826738	0.00630336757413	0.259698744054
-bri	0.741721854305	0.0496688741722	0.0993377483444	0.109271523179
-nqa	0.350796436694	0.259493137712	0.0465719205487	0.343138505045
-abu	0.0	0.944751381216	0.0	0.0552486187845
-hun	0.491468156994	0.251317807558	0.0680047449822	0.189209290465
-huy	0.423452844986	0.299598506397	0.0385106109023	0.238438037715
-abo	0.0	1.0	0.0	0.0
-kqa	0.135629237485	0.46714219374	0.0366824556515	0.360546113123
-hur	0.515461027629	0.237048033417	0.0617690953167	0.185721843637
-snu	0.442351013721	0.342617243498	0.11673151751	0.0983002252713
-tul	0.0061475409836	0.763319672131	0.030737704918	0.199795081967
-ael	0.0702640949307	0.787056262977	0.0717706674227	0.070908974669
-tun	0.0803151843367	0.510886362861	0.197933585755	0.210864867047
-tur	0.0656205420827	0.878744650499	0.0556348074179	0.0
-tus	0.0286498598513	0.123545802568	0.0399361682776	0.807868169303
-oro	0.0	0.716430358632	0.0	0.283569641368
-elí	0.0	0.969696969697	0.020202020202	0.010101010101
-tuy	0.0349680795225	0.813831800038	0.00762917722884	0.14357094321
-lix	0.12	0.678181818182	0.0109090909091	0.190909090909
-liy	0.885654885655	0.0935550935551	0.02079002079	0.0
-kra	0.0137551581843	0.986244841816	0.0	0.0
-mqa	0.0679928819952	0.229086434181	0.0153161049286	0.687604578896
-utu	0.0215208034433	0.634146341464	0.344332855093	0.0
-lip	0.170154840905	0.322783733197	0.0272247745448	0.479836651353
-liq	0.256728778468	0.395445134576	0.0621118012422	0.285714285714
-rut	0.0	1.0	0.0	0.0
-lis	0.0466926070039	0.953307392996	0.0	0.0
-ico	0.0870460501685	0.910146012729	0.00280793710221	0.0
-lim	0.0	1.0	0.0	0.0
-lin	0.200544670268	0.12079232012	0.401964454684	0.276698554928
-hku	0.0716408055464	0.736216573127	0.0970617365467	0.0950808847804
-run	0.183142316028	0.684967881758	0.0539859812172	0.077903820997
-sué	0.37072243346	0.62927756654	0.0	0.0
-oma	0.0622967653602	0.790480537015	0.0559073535285	0.0913153440964
-lia	0.00347403161368	0.935730415147	0.0	0.0607955532395
-ica	0.0165289256198	0.96694214876	0.0	0.0165289256198
-eas	0.0	1.0	0.0	0.0
-lna	0.539130434783	0.35652173913	0.0	0.104347826087
-cmi	0.0	0.831058588549	0.151464713715	0.0174766977364
-huq	0.0849224238946	0.0486183736316	0.712133606806	0.154325595668
-adu	0.286198197498	0.62593711645	0.0573976741701	0.0304670118818
-ode	0.148148148148	0.851851851852	0.0	0.0
-rna	0.393145666038	0.328161131495	0.0804203804852	0.198272821982
-riy	0.678811258751	0.239177025289	0.00257179597086	0.0794399199886
-ira	0.0968002151116	0.767948373219	0.109169131487	0.0260822801828
-uri	0.210236864803	0.490714870215	0.177777613954	0.121270651028
-ura	0.11319244932	0.463441385915	0.0488351525206	0.374531012244
-rga	0.254201680672	0.635504201681	0.110294117647	0.0
-sda	0.0234375	0.9765625	0.0	0.0
-rgu	0.0529688693895	0.583840674373	0.100416553696	0.262773902541
-uru	0.0164714802482	0.872777423987	0.101338821337	0.00941227442756
-nio	0.017094017094	0.982905982906	0.0	0.0
-dur	0.0839355197332	0.844913841023	0.0277932184547	0.0433574207893
-dus	0.112556053812	0.238565022422	0.0269058295964	0.62197309417
-war	0.00548696844993	0.9890260631	0.0	0.00548696844993
-waq	0.436149312378	0.563850687622	0.0	0.0
-bya	0.0	0.965517241379	0.0344827586207	0.0
-api	0.194173216301	0.501554060488	0.0625015808151	0.241771142396
-pay	0.114052204367	0.0456365963839	0.0136693078147	0.826641891435
-byu	0.569349315069	0.0171232876712	0.41352739726	0.0
-apu	0.0	0.705882352941	0.294117647059	0.0
-paq	0.301064306273	0.333144080159	0.0751810753989	0.29061053817
-par	0.465815292871	0.210713523107	0.0168991652569	0.306572018765
-wak	0.321857485989	0.105044035228	0.044195356285	0.528903122498
-dun	0.231902225008	0.692886242557	0.075211532435	0.0
-nun	0.183704073982	0.761309672582	0.00249937515621	0.0524868782804
-suy	0.261092811471	0.738907188529	0.0	0.0
-400	0.691588785047	0.196261682243	0.0	0.11214953271
-sur	0.29297267407	0.217354038984	0.0620893046403	0.427583982305
-suq	0.169841783025	0.487494970522	0.0685326492906	0.274130597162
-sun	0.639204545455	0.127840909091	0.0596590909091	0.173295454545
-omé	0.0	1.0	0.0	0.0
-sul	0.0838252656436	0.47520661157	0.405548996458	0.0354191263282
-nuy	0.124418112569	0.674566229369	0.103681760474	0.0973338975879
-nur	0.265850106771	0.283842819895	0.153277655307	0.297029418028
-nuq	0.232570266465	0.475934713459	0.0724826615216	0.219012358555
-zín	0.0	0.828121269993	0.114585820005	0.0572929100024
-fes	0.370967741935	0.532258064516	0.0967741935484	0.0
-dio	0.0	1.0	0.0	0.0
-aña	0.182505399568	0.731101511879	0.0755939524838	0.0107991360691
-cqa	0.0690897697008	0.890333698888	0.00657997806674	0.0339965533448
-sia	0.00551014785563	0.982367526862	0.0121223252824	0.0
-nás	0.040199472917	0.959800527083	0.0	0.0
-sla	0.152860605316	0.189812423469	0.0823017767937	0.575025194421
-dir	0.539629005059	0.371838111299	0.0505902192243	0.0379426644182
-dis	0.0	1.0	0.0	0.0
-añu	0.0756321707861	0.887036931332	0.0108453678863	0.026485529996
-diy	0.4662027833	0.5337972167	0.0	0.0
-yqa	0.205355038763	0.155806627081	0.0238575624811	0.614980771675
-sús	0.2054261587	0.428366842637	0.00574372274923	0.360463275913
-uku	0.00574126052564	0.865271752998	0.110614952794	0.0183720336821
-ski	0.954887218045	0.0451127819549	0.0	0.0
-nnu	0.360370303209	0.328767594405	0.0712155224702	0.239646579917
-hqa	0.379888268156	0.184357541899	0.234636871508	0.201117318436
-nno	0.0	0.976	0.024	0.0
-nna	0.407702215641	0.354639945563	0.0676843300875	0.169973508709
-kla	0.0266203275779	0.096683550856	0.00443672126299	0.872259400303
-tpa	0.0188977032022	0.95493624621	0.0	0.0261660505877
-anu	0.248865035122	0.117066972167	0.0431926270635	0.590875365648
-qam	0.0484285867029	0.0459757102336	0.008616514777	0.896979188287
-qan	0.137958168457	0.233476540418	0.0110797060486	0.617485585076
-tiq	0.378802760877	0.281003195541	0.0938884716069	0.246305571975
-tir	0.308115349969	0.263700103852	0.0221301646135	0.406054381566
-ĉhi	0.196557785242	0.182583034536	0.0346637326886	0.586195447533
-tiy	0.440001150489	0.257768085096	0.0763464528562	0.225884311559
-eta	0.047782406273	0.919137466307	0.00735113942661	0.0257289879931
-qay	0.0988372093023	0.447674418605	0.0	0.453488372093
-tia	0.0	1.0	0.0	0.0
-til	0.347826086957	0.547826086956	0.104347826087	0.0
-tin	0.363876911859	0.270240338291	0.0527520075348	0.313130742315
-tio	0.185185185185	0.391534391534	0.396825396825	0.026455026455
-qaq	0.587310195228	0.28931670282	0.0447396963124	0.0786334056399
-qap	0.161484536433	0.43115422651	0.217094481762	0.190266755295
-qar	0.606627656276	0.178654364902	0.0347126356674	0.180005343155
-jar	0.425400523042	0.211425620289	0.0112080522163	0.351965804452
-jaq	0.556003304571	0.273076923077	0.115017440793	0.0559023315586
-emo	0.0254237288135	0.923728813559	0.0169491525424	0.0338983050847
-emi	0.402581182348	0.597418817652	0.0	0.0
-jay	0.73396115362	0.100058858152	0.0164802825191	0.149499705709
-mmi	0.155892448513	0.132804838182	0.0093984962406	0.701904217064
-gqa	0.0	1.0	0.0	0.0
-jan	0.559877175026	0.270214943705	0.0184237461617	0.151484135107
-das	0.13592069313	0.428638762114	0.0455546997444	0.389885845011
-rtu	0.220939183988	0.571208622017	0.207852193995	0.0
-cio	0.0400222345748	0.959977765425	0.0	0.0
-cia	0.0442377524368	0.890029942027	0.0356756068039	0.0300566987322
-dpa	0.0132803594551	0.982071514736	0.00199205391826	0.00265607189101
-rur	0.543296089386	0.282122905028	0.174581005587	0.0
-xta	0.11214953271	0.504672897196	0.271028037383	0.11214953271
-rsa	0.0	0.952	0.048	0.0
-000	0.105500651114	0.239196050918	0.0115888190105	0.643714478957
-ñan	0.529230519744	0.459417822103	0.0113516581529	0.0
-iqa	0.202113403911	0.468489032148	0.0519958102894	0.277401753651
-lir	0.188988095238	0.516369047619	0.0446428571429	0.25
-eto	0.0	1.0	0.0	0.0
-rco	0.0	1.0	0.0	0.0
-atu	0.325058089764	0.336309159838	0.039623333741	0.299009416656
-uya	0.0661610878661	0.800331241283	0.104218967922	0.0292887029288
-ías	0.0150432493419	0.957314779992	0.00789770590447	0.0197442647612
-tku	0.0	0.9625	0.0375	0.0
-300	0.312115298003	0.63421408197	0.0536706200271	0.0
-ebú	0.00396458305801	0.996035416942	0.0	0.0
-lio	0.0134529147982	0.915919282511	0.030269058296	0.0403587443946
-pmi	0.635193823387	0.04954157954	0.0	0.315264597073
-ata	0.200962323799	0.34130225507	0.0701348130254	0.387600608106
-amá	0.0302093073437	0.969790692656	0.0	0.0
-ato	0.11964492474	0.840988035508	0.0	0.039367039753
-666	0.0	0.0	0.0	1.0
-ati	0.200668896321	0.42474916388	0.374581939799	0.0
-nir	0.0257233379681	0.0313393215699	0.000512036782406	0.94242530368
-niq	0.352699112177	0.259769295574	0.0239777072128	0.363553885037
-kan	0.469882148993	0.128050723394	0.0732697248361	0.328797402777
-ula	0.261846256382	0.445225521937	0.104879193798	0.188049027883
-ace	0.0	0.825757575758	0.174242424242	0.0
-nia	0.0152668435475	0.973968074464	0.00173981123048	0.00902527075811
-ena	0.0	1.0	0.0	0.0
-kar	0.365576849877	0.147189650918	0.0332636356541	0.453969863552
-kaq	0.13531375841	0.111431193915	0.0592443269846	0.694010720691
-nin	0.216306290188	0.514939201628	0.0585641289284	0.210190379256
-ice	0.162436548223	0.756345177665	0.0507614213198	0.0304568527919
-dmi	0.160293347302	0.717129387114	0.0628601361969	0.0597171293871
-tta	0.126984126984	0.537918871252	0.243386243386	0.0917107583774
-shu	0.0531914893617	0.925531914894	0.0	0.0212765957447
-shi	0.377164074488	0.301901250829	0.101030013049	0.219904661635
-nón	0.0	1.0	0.0	0.0
-ría	0.0111441307578	0.745078008915	0.00547919762258	0.238298662704
-sha	0.499301680033	0.200775427046	0.0797202127486	0.220202680172
-fia	0.0	1.0	0.0	0.0
-yra	0.063982040129	0.881296478182	0.00841868949068	0.0463027921986
-mra	0.0825688073394	0.435779816514	0.112130479103	0.369520897044
-ilu	0.209224871666	0.608782700282	0.136162218068	0.045830209984
-yun	0.212095191364	0.77073110893	0.00245338567223	0.0147203140334
-lda	0.0110294117647	0.669117647059	0.319852941177	0.0
-rnu	0.113915530877	0.738179370688	0.00908632004036	0.138818778395
-vid	0.0627615062762	0.844142259414	0.00313807531381	0.0899581589958
-ila	0.137891559517	0.405073239602	0.204040882999	0.252994317882
-yuq	0.904761904762	0.0588235294117	0.0196078431373	0.0168067226891
-ilo	0.00645994832042	0.93669250646	0.00516795865633	0.0516795865633
-yus	0.220913645388	0.438753193891	0.0111894683263	0.329143692396
-fás	0.0	1.0	0.0	0.0
-ldu	0.0412723041117	0.773002327386	0.0716834755625	0.11404189294
-wan	0.149197982095	0.384813917125	0.044326304984	0.421661795795
-lma	0.382978723404	0.446808510638	0.0212765957447	0.148936170213
-iga	0.54347826087	0.434782608696	0.0217391304348	0.0
-mta	0.121915820029	0.453171689576	0.00691539315291	0.417997097242
-yla	0.076477302375	0.26665124651	0.0952475849535	0.561623866161
-lmi	0.286524822695	0.432624113475	0.0	0.28085106383
-ebe	0.1125	0.8875	0.0	0.0
-rqa	0.414775685556	0.128610970857	0.0266398318567	0.42997351173
-ami	0.211036225487	0.209170206687	0.0453363758614	0.534457191965
-igu	0.0966521052741	0.314542166377	0.543444041281	0.0453616870687
-ama	0.276260565627	0.0608415134673	0.0150148073468	0.647883113559
-íta	0.0	1.0	0.0	0.0
-kwa	0.175166965167	0.126341161308	0.550524747669	0.147967125856
-mna	0.53963011889	0.361294583884	0.0	0.0990752972258
-xpa	0.0	0.923766816144	0.0	0.0762331838565
-hik	0.130185518519	0.668236241587	0.0320458202494	0.169532419644
-iri	0.316676175911	0.257837137188	0.0883720580481	0.337114628853
-hin	0.413520234768	0.372617566377	0.152996484648	0.0608657142069
-gus	0.0	0.930399755252	0.0573628390782	0.01223740567
-usa	0.149547273758	0.0648086618727	0.0600138500836	0.725630214286
-món	0.0190623770169	0.971221959858	0.00233667847304	0.00737898465171
-hiy	0.580011237341	0.260350002056	0.086459004262	0.0731797563415
-agé	0.178851174935	0.716710182768	0.0261096605744	0.0783289817232
-qpa	0.249408340673	0.561658943821	0.0411748937311	0.147757821775
-gun	0.135002883623	0.769959920169	0.0782049952446	0.0168322009632
-iru	0.0372110877563	0.0373427428187	0.00492198069157	0.920524188733
-hir	0.449013941693	0.258468851753	0.0452121075304	0.247305099023
-qpi	0.202732360907	0.564752859238	0.100805355841	0.131709424013
-usu	0.0610063360164	0.154936490063	0.736971746794	0.0470854271268
-ulo	0.013065569804	0.954270505686	0.0	0.0326639245101
-uza	0.0	0.931034482759	0.0	0.0689655172414
-epa	0.00533807829182	0.989323843416	0.0	0.00533807829181
-aqa	0.215470931553	0.257063778686	0.0391995126842	0.488265777078
-ñun	0.0	1.0	0.0	0.0
-ñuq	0.187308780755	0.446612734505	0.324760371338	0.0413181134018
-aná	0.020067728584	0.979932271416	0.0	0.0
-dta	0.0116308050178	0.831353327241	0.139569660214	0.0174462075268
-aqu	0.0149253731343	0.880597014925	0.0746268656717	0.0298507462686
-tay	0.0324817371	0.564532640019	0.00963646371263	0.393349159168
-amo	0.0	1.0	0.0	0.0
-aní	0.0	1.0	0.0	0.0
-cea	0.0	1.0	0.0	0.0
-niy	0.301015101897	0.419930722089	0.0398505568305	0.239203619183
-npa	0.0944728525162	0.762624322768	0.0484787428991	0.0944240818172
-oas	0.0	1.0	0.0	0.0
-pil	0.868613138686	0.0875912408759	0.043795620438	0.0
-siy	0.133760703121	0.340483849046	0.0788293390115	0.446926108821
-pin	0.170616113744	0.241706161137	0.587677725118	0.0
-pio	0.0	0.957537154989	0.0	0.0424628450106
-pir	0.0869882479453	0.802404178508	0.0	0.110607573546
-pis	0.251748191713	0.3152049953	0.0586357366222	0.374411076365
-rés	0.0	1.0	0.0	0.0
-wiy	0.216	0.384	0.24	0.16
-usi	0.0205270192859	0.0519381325186	0.0149178919229	0.912616956273
-wis	0.0279162512463	0.902293120638	0.00997008973079	0.0598205383849
-sqa	0.0512655638724	0.601616758845	0.0075559415542	0.339561735728
-tés	0.0	1.0	0.0	0.0
-kay	0.113530201978	0.107607647774	0.0250331854105	0.753828964837
-uel	0.103531151784	0.87058606027	0.0258827879459	0.0
-ueo	0.0	1.0	0.0	0.0
-bqa	0.117021276596	0.882978723404	0.0	0.0
-ián	0.18	0.76	0.06	0.0
-xqa	0.0328663793103	0.918642241379	0.0	0.0484913793104
-bay	0.66595005788	0.33404994212	0.0	0.0
-lco	0.0526315789474	0.947368421053	0.0	0.0
-agu	0.0516129032258	0.354838709677	0.374193548387	0.21935483871
-hpa	0.107125062282	0.729446935725	0.145490782262	0.0179372197309
-ago	0.0139175505111	0.960167010606	0.0	0.0259154388828
-kmi	0.21844819769	0.500616784025	0.0393738558571	0.241561162427
-hpi	0.0130775937227	0.272013949433	0.549258936356	0.165649520488
-ija	0.0	0.756906077348	0.0	0.243093922652
-rte	0.568181818182	0.359090909091	0.0727272727273	0.0
-aín	0.0631483987371	0.882724402345	0.0270635994587	0.0270635994588
-rta	0.275703563833	0.627499785426	0.0310416845478	0.0657549661927
-day	0.351851851852	0.212962962963	0.0	0.435185185185
-ega	0.0111638291934	0.972369522746	0.0164666480603	0.0
-ona	0.0841121495327	0.728971962617	0.0	0.18691588785
-ego	0.0711718913716	0.265074548093	0.618116622556	0.0456369379788
-kaw	0.0268873330838	0.568806843507	0.205518120698	0.198787702711
-bmi	0.0	1.0	0.0	0.0
-rti	0.10518312001	0.301736155113	0.510074768724	0.0830059561526
-daq	0.406169365818	0.503066530088	0.0108916924912	0.0798724116022
-dar	0.586440485	0.251892753458	0.0677406500825	0.093926111459
-oni	0.0	0.857142857143	0.0	0.142857142857
-450	0.0	0.29104477612	0.0559701492538	0.652985074627
-ana	0.292093589816	0.121097630041	0.0335949661339	0.553213814009
-dan	0.293620449949	0.358182191608	0.160744754803	0.18745260364
-eno	0.0909090909091	0.863636363636	0.0	0.0454545454545
-kta	0.218839175372	0.438717270833	0.0719059309648	0.27053762283
-rge	0.0	1.0	0.0	0.0
-ani	0.438328918445	0.0674820169299	0.029886192545	0.46430287208
-ank	0.293768545994	0.328972214729	0.0798489344484	0.297410304829
-ano	0.0250223413763	0.322609472743	0.61364313375	0.0387250521299
-tal	0.0	0.664828982898	0.30603060306	0.0291404140414
-tan	0.2323593328	0.678258316644	0.0213434945558	0.0680388560002
-yiy	0.551107934239	0.233023588277	0.0200142959257	0.195854181558
-wta	0.215370074444	0.433838718478	0.0671161866157	0.283675020462
-yiq	0.0767268258285	0.474075793291	0.0236026997079	0.425594681173
-yis	0.091574646106	0.0244199056283	0.0124045337355	0.87160091453
-yir	0.272499881016	0.283985806527	0.067133436629	0.376380875828
-yil	0.03861003861	0.474903474903	0.486486486487	0.0
-yin	0.061463242696	0.0995984529149	0.0577767193491	0.78116158504
-jur	0.501870324189	0.241583541147	0.0374064837905	0.219139650873
-sco	0.0169491525424	0.969491525424	0.0	0.0135593220339
-200	0.10498687664	0.488188976378	0.0262467191601	0.380577427822
-tap	0.163934426229	0.606557377049	0.0983606557377	0.131147540984
-taq	0.123396251659	0.0745139904904	0.0276277637469	0.774461994104
-tar	0.422744360247	0.280964277595	0.0341574363489	0.262133925809
-mia	0.025974025974	0.948051948052	0.0	0.025974025974
-lqu	0.122261844116	0.603667855324	0.077941925624	0.196128374936
-sés	0.0443118777813	0.879417646834	0.0130150630446	0.06325541234
-mil	0.0113312289622	0.0319940582463	0.000999814320196	0.955674898471
-min	0.0222435045877	0.908400012357	0.00633322005623	0.0630232629986
-mis	0.0	0.926362297496	0.0736377025037	0.0
-rma	0.423137050547	0.294163626889	0.237102657634	0.0455966649296
-lqa	0.0414464822298	0.831761820882	0.0221047905226	0.104686906366
-260	0.0	0.130916414904	0.0604229607251	0.808660624371
-ene	0.0209302325582	0.979069767442	0.0	0.0
-rmi	0.320384709867	0.250651821804	0.0387234750621	0.390239993267
-pía	0.0	0.725	0.275	0.0
-oel	0.0	1.0	0.0	0.0
