-caj	0.0336185523836	0.0210647071636	0.00544721072646	0.939869529726
-cai	0.149985725862	0.217208628676	0.00955905882593	0.623246586636
-can	0.104569940103	0.0741481769572	0.0250753765519	0.796206506388
-eus	0.1	0.9	0.0	0.0
-cas	0.0	1.0	0.0	0.0
-car	0.293302540416	0.692840646651	0.0	0.013856812933
-ive	0.0	1.0	0.0	0.0
-rbe	0.0127659574468	0.987234042553	0.0	0.0
-caz	0.0	1.0	0.0	0.0
-ivo	0.216538504402	0.655299231026	0.103644266132	0.0245179984398
-dío	0.13020926489	0.713110355929	0.0955106421034	0.0611697370775
-día	0.0416666666667	0.583333333333	0.354166666667	0.0208333333333
-ri	0.447340149075	0.386044177096	0.0670998604991	0.0995158133306
-nso	0.0896564741412	0.607870894677	0.253869384673	0.0486032465081
-ri	0.443282597722	0.2894877435	0.103195569753	0.164034089025
-dra	0.0	1.0	0.0	0.0
-aum	0.03125	0.9296875	0.0	0.0390625
-iźi	0.148514851485	0.792079207921	0.0594059405941	0.0
-nti	0.0386164640027	0.752794114866	0.137105467199	0.0714839539326
-nto	0.0426766437684	0.740763002944	0.116952894995	0.0996074582924
-–ri	0.108856088561	0.752767527675	0.0	0.138376383764
-nta	0.169803231133	0.352309510569	0.0572950365434	0.420592221754
-uaj	0.399835119538	0.504534212696	0.0774938169827	0.0181368507832
-nte	0.154947916667	0.470052083333	0.3515625	0.0234375
-ca-	0.428982444047	0.267491186645	0.0610663675052	0.242460001803
-uan	0.155783457163	0.356156432238	0.0710364313767	0.417023679223
-uar	0.0928794375894	0.879116711881	0.00700096263236	0.0210028878971
-pun	0.765993265993	0.234006734007	0.0	0.0
-pui	0.74261487965	0.17943107221	0.0369256017505	0.0410284463895
-puj	0.299184123954	0.588246984382	0.0558230979158	0.0567457937491
-pra	0.153390987711	0.553482020938	0.279472007283	0.0136549840692
-lía	0.0	1.0	0.0	0.0
-pre	0.090909090909	0.857493857494	0.007371007371	0.044226044226
-iva	0.140845070423	0.816901408451	0.0422535211268	0.0
-eza	0.068359375	0.833984375	0.09765625	0.0
-más	0.0597276419527	0.855459106475	0.00238910567811	0.0824241458947
-eño	0.287234042553	0.414893617021	0.117021276596	0.18085106383
-nmi	0.348149743314	0.302847413128	0.0663862408232	0.282616602735
-ca–	0.398191983361	0.254528793386	0.0517055692266	0.295573654026
-opo	0.153191489362	0.753191489362	0.0936170212766	0.0
-opi	0.117413270924	0.720315538698	0.049118446372	0.113152744006
-tín	0.0161725067385	0.878706199461	0.105121293801	0.0
-mán	0.0429009193054	0.70684371808	0.250255362615	0.0
-smo	0.0384615384615	0.961538461538	0.0	0.0
-ope	0.00319897632758	0.982725527831	0.0140754958413	0.0
-smi	0.124660862729	0.571013540702	0.0111923599439	0.293133236626
-dea	0.0417462482947	0.925784447476	0.00654843110503	0.0259208731241
-msa	0.0391885367245	0.0906298922491	0.193615020477	0.67656655055
-dec	0.0113116078643	0.957716132507	0.00807971990304	0.0228925397253
-ri-	0.417100755204	0.314555166697	0.084833302634	0.183510775465
-deo	0.008	0.950857142857	0.0	0.0411428571429
-ima	0.239047294723	0.0540645594982	0.00328529286552	0.703602852913
-der	0.114762138303	0.852869053458	0.00882785679253	0.0235409514468
-des	0.0247170120851	0.833105484771	0.014764586865	0.127412916279
-imi	0.266529583405	0.235651962055	0.042952832651	0.454865621889
-imo	0.635488308116	0.288858321871	0.0	0.0756533700137
-yul	0.0204081632653	0.744897959184	0.132653061224	0.102040816327
-pu	0.765432098765	0.16049382716	0.0	0.0740740740741
-ido	0.0870827285922	0.492743105951	0.0653120464441	0.354862119013
-lla	0.221772756867	0.342715325831	0.13586202757	0.299649889732
-obo	0.00358959018845	0.991923422076	0.0	0.00448698773557
-rpo	0.0184469649757	0.937803814035	0.00336532469151	0.0403838962981
-aúm	0.0265486725664	0.973451327434	0.0	0.0
-rpa	0.0425410172527	0.851230828555	0.0238826763524	0.0823454778401
-eca	0.0604446331961	0.912670568902	0.0104326310542	0.0164521668482
-oba	0.430817610063	0.418238993711	0.0943396226415	0.0566037735849
-llo	0.139652076018	0.641756238776	0.0394027930415	0.179188892165
-ida	0.0408924001335	0.906921108268	0.0175253143429	0.034661177256
-ri–	0.448149064508	0.308765104527	0.0724320527368	0.170653778229
-llu	0.180963513209	0.46504037255	0.0497767770599	0.304219337181
-bia	0.0	1.0	0.0	0.0
-güi	0.356958762887	0.353092783505	0.156572164948	0.13337628866
-bij	0.300480151752	0.607194372542	0.0414945958228	0.050830879883
-eja	0.06242675209	0.90684168034	0.0260437013308	0.00468786623956
-bba	0.019305019305	0.94851994852	0.0	0.0321750321749
-uta	0.168441624004	0.688122540954	0.0235034408754	0.119932394167
-ria	0.0179738562091	0.95600338901	0.0214839022029	0.00453885257809
-rin	0.370143178862	0.308683425311	0.111688140727	0.209485255099
-rio	0.0757413077289	0.833878627777	0.0880986998031	0.00228136469064
-ril	0.0582766754544	0.698903843486	0.106840571666	0.135978909394
-uti	0.625464433889	0.124344200125	0.0438656278727	0.206325738113
-rij	0.211632205702	0.381457548195	0.172207850029	0.234702396074
-ejo	0.406326034063	0.498783454988	0.0729927007299	0.0218978102189
-tea	0.0625	0.875	0.0625	0.0
-gra	0.252829227608	0.597988191219	0.0342948462467	0.114887734926
-ris	0.00911854103344	0.990881458967	0.0	0.0
-utu	0.0430368989874	0.782038930935	0.00832972238464	0.166594447693
-gri	0.473327952684	0.346985680326	0.100899787506	0.0787865794833
-tel	0.157894736842	0.842105263158	0.0	0.0
-teo	0.0	0.995513180034	0.0	0.00448681996635
-lux	0.346153846154	0.538461538462	0.115384615385	0.0
-luz	0.0301452452727	0.824472458208	0.135790627569	0.00959166895041
-ara	0.171659555356	0.777326147167	0.0282955311027	0.0227187663747
-mes	0.0	0.878048780488	0.121951219512	0.0
-aro	0.0196838651953	0.930808231435	0.00357888458097	0.0459290187891
-ari	0.333728055018	0.299928345777	0.0994799225344	0.266863676671
-rón	0.0791556728232	0.888805126272	0.0207312476442	0.0113079532605
-ca	0.449144625852	0.308422681706	0.117995622046	0.124437070396
-luj	0.0733944954129	0.917431192661	0.0091743119266	0.0
-ram	0.0	1.0	0.0	0.0
-lun	0.0605827708347	0.875091893337	0.038595201497	0.0257301343313
-ca	0.430084929716	0.254167190869	0.0674263620561	0.248321517359
-raj	0.210438497133	0.141295331211	0.0691914982758	0.57907467338
-gyu	0.264919941776	0.612809315866	0.0349344978166	0.0873362445415
-bán	0.0750991215113	0.460157039571	0.334136671072	0.130607167846
-aya	0.0325222567034	0.849149262625	0.0257224732623	0.0926060074096
-ij-	0.495883638583	0.31944335429	0.0409292463416	0.143743760786
-ayo	0.0446055199331	0.938667410092	0.0	0.0167270699749
-ma	0.309844559585	0.39585492228	0.0241796200346	0.2701208981
-ayu	0.118644067797	0.668405041286	0.103433289874	0.109517601043
-ha	0.354315103627	0.455749715437	0.0572226501083	0.132712530828
-ha	0.443937959525	0.391979369022	0.0593847591413	0.104697912312
-sés	0.0813198027099	0.895549634333	0.0	0.0231305629571
-na–	0.400558127321	0.324131736994	0.110267168456	0.16504296723
-bás	0.0983965014577	0.87973760933	0.0145772594752	0.00728862973761
-ndi	0.318357557746	0.298515821899	0.0325877815015	0.350538838854
-cto	0.141843971631	0.503546099291	0.269503546099	0.0851063829787
-na-	0.392816820974	0.310983821069	0.126311409405	0.169887948552
-aón	0.23602484472	0.689440993789	0.0745341614907	0.0
-ti–	0.848287112561	0.078303425775	0.0	0.0734094616639
-cta	0.0841612189221	0.893189890359	0.0102949503269	0.0123539403922
-?-	0.671641791045	0.119402985075	0.0	0.208955223881
-dán	0.00653770718763	0.984809445064	0.00461485213245	0.00403799561589
-ij–	0.452724310397	0.338392315853	0.0676672855411	0.141216088208
-bta	0.0884955752212	0.911504424779	0.0	0.0
-aj–	0.24012756777	0.50286089485	0.0318919425945	0.225119594785
-ota	0.0961757096586	0.807633190924	0.0245092251257	0.0716818742915
-tán	0.0	1.0	0.0	0.0
-ote	0.065138721351	0.848009650181	0.0	0.0868516284681
-ya	0.274888558692	0.456166419019	0.0	0.268945022288
-oto	0.018018018018	0.72972972973	0.0720720720721	0.18018018018
-rán	0.186528497409	0.813471502591	0.0	0.0
-hu	0.51662642669	0.278865148241	0.0683861518201	0.136122273249
-uma	0.0138342798893	0.91791660599	0.00242706664725	0.0658220474734
-eví	0.0825147347741	0.882121807466	0.0117878192534	0.0235756385069
-umi	0.13906985984	0.754471705857	0.0604197862378	0.0460386480644
-naj	0.0639673710773	0.815045217763	0.0962599263573	0.0247274848027
ALL	0.231384897567	0.28520469852	0.0541010278046	0.429309376109
-nai	0.386961457792	0.365198483711	0.0552252304258	0.192614828071
-nan	0.182103857777	0.179068626576	0.0553521098009	0.583475405845
-zuj	0.154556650246	0.315886699507	0.190886699507	0.338669950739
-zui	0.162381596752	0.591339648173	0.165087956698	0.0811907983762
-aús	0.04	0.96	0.0	0.0
-sij	0.463181651184	0.395843174303	0.0360048286359	0.104970345877
-ha–	0.634547043947	0.255307432322	0.0290579991305	0.0810875246007
-sio	0.0346820809248	0.965317919075	0.0	0.0
-sin	0.376545210819	0.477246315062	0.0242902257321	0.121918248386
-lmi	0.0743838300228	0.863911829442	0.0323571541829	0.029347186352
-nas	0.0808438155136	0.797300838574	0.0759958071279	0.0458595387841
-sia	0.0105031134229	0.977743402509	0.00725214974437	0.0045013343241
-mos	0.035294117647	0.934453781513	0.0201680672269	0.0100840336134
-jca	0.329812664691	0.242605831364	0.0558489310201	0.371732572925
-ma–	0.0948275862069	0.362068965517	0.0517241379311	0.491379310345
-gog	0.0294450736127	0.929784824462	0.0407701019253	0.0
-si	0.142566191446	0.653767820774	0.142566191446	0.0610997963341
-aán	0.0918367346939	0.609693877551	0.298469387755	0.0
-na	0.380207592777	0.390160671122	0.148585241007	0.0810464950946
-na	0.292690883273	0.518360741722	0.0545801111687	0.134368263837
-eos	0.0413793103448	0.265517241379	0.631034482759	0.0620689655172
-ha-	0.641269244381	0.227891081225	0.0309679702708	0.0998717041231
-bet	0.0097244732577	0.786061588331	0.17017828201	0.0340356564019
-cob	0.0	0.964391691395	0.0	0.0356083086053
-ij	0.308398334207	0.353691370433	0.0776232917953	0.260287003565
-uai	0.548902531699	0.333075592048	0.033731613778	0.0842902624751
-rlo	0.379032258065	0.620967741935	0.0	0.0
-ma-	0.041095890411	0.856164383562	0.0410958904109	0.0616438356164
-beo	0.0	0.826086956522	0.0434782608696	0.130434782609
-lpa	0.0659639693908	0.732576406279	0.0232677140708	0.178191910259
-yan	0.525802494634	0.0911882586403	0.0209244492574	0.362084797468
-yai	0.289217063087	0.252058480051	0.151842161022	0.30688229584
-cos	0.029197080292	0.810827250608	0.14902676399	0.0109489051095
-yaj	0.267375952453	0.397484234887	0.135242614746	0.199897197914
-ua	0.287749287749	0.598290598291	0.0854700854702	0.02849002849
-upu	0.131868131868	0.835164835165	0.0	0.032967032967
-reo	0.018358124647	0.953398606665	0.0197702880813	0.00847298060628
-ish	0.182757390643	0.337623046055	0.0462902852182	0.433329278084
-rea	0.0412884518406	0.935073121533	0.00472768532526	0.0189107413011
-isa	0.175371223758	0.722222222222	0.0576036866359	0.0448028673835
-eva	0.0	0.869565217391	0.130434782609	0.0
-upa	0.173540693446	0.314576760898	0.153412102193	0.358470443463
-zca	0.159354084041	0.525716896115	0.182416578417	0.132512441427
-ret	0.0283865581298	0.954080567731	0.0	0.017532874139
-upi	0.13552506511	0.461643898251	0.0383702249043	0.364460811735
-hab	0.0155440414508	0.984455958549	0.0	0.0
-naí	0.00503778337531	0.994962216625	0.0	0.0
-hai	0.0819637801515	0.0142584460775	0.00212834634583	0.901649427425
-mas	0.0367872470877	0.963212752912	0.0	0.0
-ham	0.0299829642249	0.9066439523	0.0163543441227	0.0470187393526
-han	0.579569690176	0.229959163411	0.0330566099782	0.157414536434
-mai	0.352271618871	0.201593696406	0.0458049536014	0.400329731121
-maj	0.0905630291521	0.619853476717	0.141242966393	0.148340527738
-mal	0.138142747506	0.731389102072	0.0138142747506	0.116653875672
-man	0.238228155624	0.378966838961	0.0380019688627	0.344803036552
-ña	0.464718460442	0.115466856736	0.166785459729	0.253029223093
-in-	0.351215433038	0.387463560237	0.108709538797	0.152611467927
--ri	0.120689655172	0.862068965517	0.0172413793103	0.0
-una	0.271108845837	0.321300116763	0.0600628478896	0.347528189511
-ui-	0.493792716413	0.244256041262	0.0343281288624	0.227623113463
-pta	0.0709939148073	0.929006085193	0.0	0.0
-pto	0.0577089962395	0.645791148395	0.220566965577	0.0759328897888
-ús–	0.0526315789474	0.157894736842	0.0	0.789473684211
-tra	0.0	1.0	0.0	0.0
-ús-	0.696	0.24	0.0	0.064
-ada	0.0675422699301	0.21234540856	0.0186256547109	0.701486666799
-ado	0.035955147477	0.527260908426	0.383562200374	0.0532217437231
-tro	0.0242800296756	0.893100424901	0.0495717272543	0.0330478181696
-gaj	0.549513477925	0.304721292901	0.0460875356949	0.0996776934796
-gai	0.50409369014	0.247819796811	0.182458153839	0.0656283592102
-gar	0.121212121212	0.878787878788	0.0	0.0
-in–	0.539738292294	0.239952073597	0.087270780076	0.133038854034
-0mi	0.0519521410579	0.255352644836	0.0	0.692695214106
-seo	0.00196804273464	0.957687081205	0.0226324914484	0.0177123846118
-un-	0.352430486097	0.369553910782	0.126305261052	0.151710342068
-to-	0.578246924219	0.257551821533	0.0201062760305	0.144094978218
-ij	0.36876190407	0.226790961306	0.104675950205	0.299771184419
-ino	0.137605960391	0.792830805489	0.068422853233	0.00114038088722
-ina	0.164474965072	0.15700608462	0.0245004185302	0.654018531779
-rza	0.0496179692534	0.885022553622	0.0653594771242	0.0
-sea	0.0505617977528	0.949438202247	0.0	0.0
-món	0.00611859638267	0.988291031383	0.0	0.00559037223452
-ai-	0.562212901937	0.278809666467	0.0615138805672	0.0974635510286
-uij	0.253637706213	0.508695005095	0.140585467492	0.0970818212
-ga–	0.348544073344	0.135478196651	0.0363249727242	0.47965275728
-uin	0.155232542647	0.0805182496261	0.271836641122	0.492412566605
-uia	0.181818181818	0.796363636364	0.0	0.0218181818182
-ser	0.0	1.0	0.0	0.0
-ñal	0.318208603418	0.57572186211	0.0707130229817	0.0353565114909
-blo	0.100959526514	0.760541838544	0.0139495027999	0.124549132142
-ñan	0.266282172188	0.615952571643	0.011278925943	0.106486330226
-dón	0.00957854406131	0.961685823755	0.0175606641124	0.0111749680715
-ñaj	0.231838889118	0.637396337718	0.0952575252142	0.0355072479495
-źuj	0.290936404607	0.338507761642	0.232849273911	0.13770655984
-ial	0.124137931035	0.8	0.0551724137931	0.0206896551724
-ga-	0.417034010507	0.220809674717	0.0799658003528	0.282190514423
-źui	0.37558685446	0.276995305164	0.112676056338	0.234741784038
-źun	0.434065934066	0.296703296703	0.137362637363	0.131868131868
-nes	0.0370370370371	0.925925925926	0.037037037037	0.0
-źul	0.0	0.238709677419	0.761290322581	0.0
-rso	0.010498687664	0.734908136483	0.238845144357	0.015748031496
-ate	0.136876006441	0.796296296296	0.0281803542673	0.0386473429952
-lpi	0.0889801760454	0.860786868747	0.0248766203824	0.025356334825
-ias	0.095	0.862083333333	0.0229166666667	0.02
-mta	0.0133451957295	0.919928825623	0.00266903914591	0.0640569395017
--¿	0.558139534884	0.22480620155	0.093023255814	0.124031007752
-un–	0.482328184036	0.273692804875	0.0783668003526	0.165612210736
-ban	0.407534246575	0.369863013699	0.195205479452	0.0273972602739
-baj	0.0277648423932	0.0719151768092	0.0125333859376	0.88778659486
-non	0.401624777862	0.301345519167	0.29702970297	0.0
-bai	0.668965517241	0.331034482759	0.0	0.0
-las	0.0836905689789	0.852007014809	0.00681995323461	0.0574824629774
-jmi	0.316557527328	0.276398878159	0.0913405217577	0.315703072755
-ús	0.514403292181	0.192386831276	0.0	0.293209876543
-idi	0.571207430341	0.428792569659	0.0	0.0
-job	0.25197328476	0.644808743169	0.0121432908318	0.0910746812386
-zpi	0.146393077117	0.822536063745	0.00570084865841	0.0253700104798
-que	0.0	1.0	0.0	0.0
-mbu	0.221453287197	0.520184544406	0.253748558247	0.00461361014993
-asa	0.0681635926223	0.793905372895	0.137931034483	0.0
-aso	0.109271244852	0.747667479196	0.0791796251155	0.0638816508363
-ui	0.516325362187	0.347122421547	0.0194576743723	0.117094541894
-ui	0.342430806066	0.464534944897	0.0293234172403	0.163710831796
-asi	0.0974559199851	0.62077572941	0.0246658346157	0.257102515989
-mba	0.219928106044	0.609211413166	0.0616715344866	0.109188946304
-asu	0.0538116591928	0.822122571002	0.0568011958147	0.067264573991
-lto	0.0975609756097	0.577235772358	0.195121951219	0.130081300813
-dro	0.0896142890138	0.766186773424	0.00184771729925	0.142351220263
-in	0.313811167709	0.425270984719	0.118122782029	0.142795065543
-zor	0.0	1.0	0.0	0.0
-ñun	0.324414715719	0.140468227425	0.478260869565	0.0568561872909
-iná	0.553571428571	0.197284003422	0.00962360992301	0.239520958084
-430	0.202985074627	0.0179104477612	0.0	0.779104477612
-ras	0.0703884186829	0.787808839873	0.0299506996096	0.111852041834
-ran	0.543424175516	0.181796779058	0.0450753695302	0.229703675895
-ral	0.554347826087	0.445652173913	0.0	0.0
-ga	0.365132565555	0.293973763522	0.0224218511131	0.31847181981
-uía	0.153013910355	0.765069551777	0.0618238021638	0.0200927357032
-ga	0.383255028243	0.296837882067	0.0662513857361	0.253655703954
-ero	0.047844829906	0.945374013099	0.00678115699455	0.0
-era	0.0792602377807	0.235138705416	0.257595772787	0.428005284016
-uío	0.0	0.963167587477	0.036832412523	0.0
-aén	0.0	1.0	0.0	0.0
-pos	0.0137033230558	0.898937992463	0.0154162384378	0.0719424460432
-as-	0.0	0.977777777778	0.0	0.0222222222222
-azi	0.0921866216976	0.165823496346	0.151770657673	0.590219224283
-nri	0.411726940654	0.232400891855	0.0522462404529	0.303625927039
-un	0.383379158922	0.403818789388	0.10213477498	0.11066727671
-aza	0.0456449475154	0.903872732814	0.0421719623784	0.00831035729221
-un	0.511066898781	0.221379424687	0.0509823427008	0.216571333831
-500	0.0501002004008	0.0885103540414	0.0691382765531	0.792251169005
-lac	0.172811059908	0.827188940092	0.0	0.0
-lam	0.0	1.0	0.0	0.0
-lan	0.413172529007	0.27989564501	0.0326795889878	0.274252236996
-lao	0.479289940828	0.378698224852	0.0	0.142011834319
-lai	0.172689833191	0.244755781793	0.376042816463	0.206511568553
-laj	0.110460562738	0.482671577554	0.110009892884	0.296857966824
-aam	0.0149476831091	0.925261584454	0.0	0.0597907324365
-uja	0.0251930719052	0.748069280948	0.226737647147	0.0
-noj	0.593769089798	0.0543677458766	0.0	0.351863164325
-fos	0.0	1.0	0.0	0.0
-eón	0.197260273973	0.74011741683	0.0164383561644	0.0461839530332
-lar	0.399989931028	0.561244524996	0.0176207018074	0.0211448421689
-6mi	0.0753985351141	0.090478242137	0.0	0.834123222749
-cu	0.155555555556	0.822222222222	0.0222222222222	0.0
-aac	0.030612244898	0.948979591837	0.0	0.0204081632653
-gel	0.0150017425255	0.930893174508	0.0121509441016	0.0419541388653
-zta	0.137756576457	0.803636334035	0.032109961048	0.0264971284602
-mya	0.118002047524	0.722398836144	0.0480629344253	0.111536181906
-fás	0.0	1.0	0.0	0.0
-to–	0.0731707317073	0.140243902439	0.0	0.786585365854
-ges	0.0942269409423	0.882548108825	0.0232249502322	0.0
-ger	0.0442804428044	0.955719557196	0.0	0.0
-doc	0.0	1.0	0.0	0.0
-sas	0.0	1.0	0.0	0.0
-ión	0.0688534736191	0.906390221259	0.0154726907009	0.00928361442054
-vos	0.0608185852829	0.907621500192	0.0164374554819	0.0151224590434
-mpi	0.0588764044944	0.898876404494	0.00539325842696	0.0368539325842
-la-	0.584235470676	0.285759660903	0.0256320278291	0.104372840592
-tol	0.0258397932817	0.917657192076	0.038931955211	0.0175710594315
-rai	0.239221820736	0.382121287395	0.0799381179852	0.298718773884
-mpa	0.0801057064993	0.909984309192	0.0	0.00990998430919
-oli	0.0	0.99203187251	0.00796812749003	0.0
-tor	0.108303249097	0.850782190132	0.0120336943442	0.028880866426
-rvi	0.765660007781	0.170680333257	0.0165689523324	0.0470907066289
-saj	0.148100301557	0.296805756089	0.042918598121	0.512175344233
-sai	0.207949887866	0.428427809141	0.0188693836517	0.344752919341
-rla	0.0	0.720588235294	0.235294117647	0.0441176470588
-san	0.204600434622	0.318032719669	0.0675509450982	0.409815900611
-lon	0.720987654321	0.279012345679	0.0	0.0
-iel	0.140827897336	0.680546241541	0.178625861123	0.0
-loi	0.0	0.98	0.02	0.0
-avo	0.249089214606	0.590782004575	0.0948911293739	0.0652376514445
-loc	0.0	1.0	0.0	0.0
-mín	0.0	0.992337164751	0.00766283524902	0.0
-oca	0.0608847661028	0.787101821495	0.0209926896444	0.131020722758
-ta	0.416326530612	0.485714285714	0.0489795918367	0.0489795918367
-la–	0.502194649141	0.317532752334	0.0548879908665	0.125384607658
-rom	0.0	1.0	0.0	0.0
-lot	0.0	1.0	0.0	0.0
-cho	0.368421052632	0.0	0.225563909774	0.406015037594
-haj	0.305252106942	0.30691253143	0.15163007452	0.236205287108
-ro	0.478354978355	0.391774891775	0.0	0.12987012987
-ipi	0.164767512537	0.364694740903	0.0232397064357	0.447298040125
-ipo	0.0	0.977358490566	0.0	0.022641509434
-sar	0.13258286429	0.852407754847	0.00750469043153	0.0075046904315
-ipa	0.096856125992	0.0663496063738	0.264142297923	0.572651969711
-ipe	0.00471142520612	0.995288574794	0.0	0.0
-rde	0.0243506493506	0.232954545455	0.742694805195	0.0
-noé	0.00480763727522	0.985577088174	0.0	0.00961527455043
-rdo	0.0218579234973	0.75956284153	0.218579234973	0.0
-–pi	0.561381074169	0.131713554987	0.0306905370844	0.276214833759
-to	0.137755102041	0.770408163265	0.0612244897959	0.030612244898
-eda	0.0	0.56420233463	0.43579766537	0.0
-:¿	0.535714285714	0.392857142857	0.0	0.0714285714286
-jta	0.25629291064	0.311813126948	0.0684264079398	0.363467554472
-rpi	0.046055937029	0.919402110199	0.0131887456038	0.021353207168
-saú	0.165191740413	0.53883972468	0.215339233038	0.0806293018682
-ato	0.0623556581986	0.848036951501	0.0124711316397	0.0771362586605
-min	0.755339805825	0.201941747573	0.0116504854369	0.0310679611651
-sto	0.0289578900247	0.902749075567	0.00467888614302	0.0636141482649
-sta	0.120455544529	0.465443243355	0.00779997847325	0.406301233643
-ezu	0.286130196809	0.535460579946	0.0270175847211	0.151391638523
-cun	0.47304434377	0.227612695126	0.0588451661443	0.24049779496
-uj	0.650980111262	0.349019888738	0.0	0.0
-cuj	0.272770237864	0.342277985332	0.136642736354	0.24830904045
-cui	0.0951893590356	0.113264905546	0.0615698422788	0.729975893139
-loé	0.0257566001287	0.877656149388	0.0	0.0965872504829
-ián	0.0888888888889	0.844444444444	0.0666666666667	0.0
-ucu	0.100208322843	0.545651377995	0.0999454656711	0.254194833491
-la	0.535633527322	0.334063504412	0.0297031361375	0.100599832129
-uco	0.00605510142294	0.942476536482	0.0514683620951	0.0
-la	0.513142453486	0.325486979078	0.0600819575629	0.101288609874
-200	0.131186929361	0.580249879865	0.0218644882268	0.266698702547
-uca	0.0259702013897	0.0765342014561	0.0326428480346	0.86485274912
-aij	0.0903249490067	0.607980060888	0.211853062216	0.0898419278891
-lli	0.120248491684	0.0566051107166	0.173367017341	0.649779380258
-–ña	0.33269441402	0.267524644031	0.0985761226725	0.301204819277
-ion	0.0163043478261	0.983695652174	0.0	0.0
-leo	0.188811188811	0.685314685315	0.0	0.125874125874
-lea	0.0136450547541	0.958282635147	0.00391100295498	0.0241613071441
-mun	0.466914163069	0.16245126014	0.0595211417701	0.311113435021
-mui	0.580325053909	0.140294305567	0.0270046322179	0.252376008306
-muj	0.401020610892	0.181627004704	0.0730101648746	0.344342219529
-gón	0.0259579728059	0.901112484549	0.0506798516687	0.0222496909765
-ios	0.142844640157	0.303304515802	0.00630686563826	0.547543978403
-agé	0.118677042802	0.881322957198	0.0	0.0
-lma	0.0322580645161	0.880588568195	0.0130164119977	0.0741369552915
-uni	0.447379554363	0.188071610538	0.0695567819829	0.294992053116
-rra	0.0	0.994199535963	0.00580046403712	0.0
-rre	0.0363746589875	0.821157926644	0.127311306457	0.0151561079115
-in	0.319200522209	0.270049112555	0.347106089335	0.0636442759006
-rro	0.144113921884	0.744291924828	0.00479238695102	0.106801766337
-gio	0.027397260274	0.941291585127	0.0313111545988	0.0
-udá	0.0568867436648	0.905878296845	0.01913463196	0.0181003275298
-ndo	0.0	0.933259176863	0.0667408231369	0.0
-nda	0.336941728246	0.254100929892	0.27780133751	0.131156004351
-dca	0.0612730277744	0.893981537469	0.0	0.0447454347563
-hu	0.58743240277	0.244327819129	0.0686249077086	0.0996148703929
-ala	0.0377168720141	0.82977118431	0.0	0.132511943676
-ocu	0.424581005586	0.307262569832	0.0670391061453	0.201117318436
-uva	0.136844963345	0.851751289709	0.00228074938909	0.00912299755634
-emi	0.227087820053	0.710098109596	0.0143575017947	0.0484565685571
-tca	0.193331475238	0.243463807918	0.0703470560511	0.492857660793
-abí	0.0565463244889	0.861678990866	0.0	0.0817746846456
-abé	0.126919140225	0.842374616172	0.0184237461617	0.0122824974411
-tcu	0.216856670682	0.683426234559	0.0509789641747	0.0487381305845
-chi	0.419253853492	0.274012419102	0.138684028363	0.168049699043
-źaj	0.0627632648105	0.898500032689	0.0156908162026	0.0230458862976
-iyu	0.0	0.984227129338	0.0157728706625	0.0
-cha	0.0803046700793	0.524517308727	0.198754738976	0.196423282218
-uez	0.0976258432798	0.872080954852	0.00908147379346	0.0212117280747
-153	0.0458015267176	0.0286259541985	0.0190839694657	0.906488549618
-oré	0.0462962962963	0.884259259259	0.0	0.0694444444445
-as–	0.0	1.0	0.0	0.0
-elo	0.132029339853	0.54706601467	0.302567237164	0.018337408313
-oga	0.163543441227	0.72402044293	0.112436115843	0.0
-ela	0.0106382978723	0.989361702128	0.0	0.0
-chu	0.411638590204	0.252220608087	0.0947483569408	0.241392444768
-hu-	0.43926326195	0.269317481216	0.0826430657455	0.208776191089
-jpi	0.414879639191	0.201037485561	0.0272714783658	0.356811396881
-sya	0.0671518359246	0.853192193186	0.0622891167714	0.0173668541184
-itu	0.0145664929629	0.901590688386	0.0632411472652	0.0206016713854
-ter	0.0443360673909	0.949013522501	0.00665041010862	0.0
-ito	0.114828266599	0.793215839645	0.0115170295013	0.0804388642547
-tes	0.0	0.977272727273	0.0227272727273	0.0
-eso	0.0133848899464	0.8750743605	0.0	0.111540749554
-meo	0.0	1.0	0.0	0.0
-ite	0.0	0.963336696939	0.0366633030609	0.0
-ita	0.120837610353	0.42971676131	0.0648512421579	0.384594386179
-spa	0.136674259681	0.699316628702	0.136674259681	0.0273348519362
-apu	0.0221017765733	0.894429388738	0.00578139114724	0.0776874435411
-spe	0.0522496371553	0.913884857281	0.0338655055636	0.0
-spi	0.118909912059	0.425017893587	0.0183601116621	0.437712082692
-gru	0.313492737898	0.578654255945	0.107853006157	0.0
-spo	0.175349428208	0.748411689962	0.0762388818298	0.0
-fas	0.0106473594549	0.966354344123	0.0127768313458	0.0102214650767
-bra	0.117386770384	0.72534595981	0.122600828613	0.0346664411939
-alí	0.00744324525493	0.992556754745	0.0	0.0
-bre	0.167106420405	0.731750219877	0.0703605980651	0.0307827616535
-bro	0.296949946908	0.574896561825	0.0435721870309	0.0845813042364
-hu–	0.468191201143	0.265517890795	0.0556190846639	0.210671823398
-hun	0.479060988598	0.206624432743	0.0415367333578	0.272777845301
-hui	0.20309651064	0.479026112928	0.120793621359	0.197083755073
-huj	0.0410909340551	0.0312553727617	0.122603661491	0.805050031693
-ri	0.136612021858	0.863387978142	0.0	0.0
-hua	0.0432053913677	0.693959383514	0.0523760326258	0.210459192492
-nja	0.04	0.96	0.0	0.0
-njo	0.0	0.916142557652	0.083857442348	0.0
-abo	0.0	1.0	0.0	0.0
-oco	0.215955983494	0.428817056396	0.178129298487	0.177097661623
-var	0.302521008403	0.621848739496	0.0252100840336	0.0504201680673
-vas	0.0770176732378	0.881380327525	0.00622784419713	0.0353741550397
-tui	0.895161290323	0.0564516129032	0.0322580645161	0.0161290322581
-tuj	0.18315018315	0.71102971103	0.09361009361	0.01221001221
-uí	0.311764705882	0.688235294118	0.0	0.0
-nca	0.206280749479	0.249869029286	0.0424613407529	0.501388880482
-tun	0.0870832882208	0.208244914639	0.157952348152	0.546719448988
-los	0.0114285714286	0.96	0.0	0.0285714285714
-chú	0.300492610837	0.354679802956	0.0591133004926	0.285714285714
-son	0.396694214876	0.388429752066	0.0	0.214876033058
-oro	0.0466477636513	0.641757370652	0.311594865697	0.0
-jón	0.0260555141976	0.967669892587	0.00148888652558	0.00478570668934
-elí	0.0	0.95881383855	0.0313014827018	0.00988467874794
-ora	0.110461931714	0.794595581523	0.0127807193719	0.0821617673909
-ui–	0.429651150336	0.164024731735	0.042570533491	0.363753584439
-ruz	0.12525856125	0.819007124799	0.0103424500115	0.0453918639393
-ai	0.521337110029	0.338268334005	0.0586142278466	0.0817803281199
-uñu	0.249388753056	0.606356968215	0.0146699266504	0.129584352078
-ai	0.433059870833	0.432754407401	0.0462558910805	0.087929830686
-icu	0.288838479627	0.518122613169	0.117312944611	0.0757259625939
-gre	0.26213592233	0.660194174757	0.0776699029127	0.0
-íso	0.009	0.991	0.0	0.0
-lis	0.0532701982835	0.717865246128	0.0	0.228864555588
-ico	0.0993975903615	0.769578313253	0.131024096386	0.0
-lim	0.0422535211268	0.957746478873	0.0	0.0
-omi	0.0656624651339	0.823347340901	0.034391730527	0.0765984634377
-rui	0.415954415954	0.51566951567	0.0	0.0683760683761
-run	0.331235247836	0.299671402786	0.0495209885685	0.319572360809
-lij	0.0456695622259	0.207706201084	0.59697256386	0.14965167283
-oma	0.274105251787	0.655680595046	0.0502301249581	0.0199840282091
-lia	0.0167482607575	0.797732543159	0.17778922958	0.00772996650348
-ica	0.219813124292	0.258062431753	0.0316152760853	0.49050916787
-eas	0.0113170179658	0.971707455086	0.00848776347432	0.00848776347432
-cma	0.217946238639	0.692709340553	0.0406111003674	0.0487333204409
-cmi	0.144752714113	0.746682750302	0.108564535585	0.0
-oda	0.0291828793774	0.907587548638	0.0226977950713	0.0405317769131
-ode	0.0655021834061	0.934497816594	0.0	0.0
-rna	0.0	1.0	0.0	0.0
-rno	0.288778877888	0.529702970297	0.181518151815	0.0
-dia	0.0	1.0	0.0	0.0
-izo	0.409893992933	0.551236749117	0.0247349823321	0.0141342756184
-izi	0.118764845606	0.845605700713	0.0356294536817	0.0
-uri	0.0455951848389	0.760117412438	0.156885808031	0.0374015946921
-res	0.0521739130435	0.878260869565	0.031304347826	0.0382608695652
-hni	0.0171102661597	0.977186311787	0.00570342205324	0.0
-160	0.0	0.723982628277	0.0643397136882	0.211677658034
-ura	0.117726120237	0.527789966856	0.0756658746407	0.278818038266
-hna	0.135243745152	0.0376684620925	0.00715840046629	0.819929392289
-rga	0.212926608276	0.469193597101	0.238598610692	0.0792811839323
-sda	0.0270880361174	0.972911963883	0.0	0.0
-nio	0.0234636871508	0.976536312849	0.0	0.0
-pai	0.123125694687	0.0509601919789	0.0158400727986	0.810074040535
-paj	0.0912136404343	0.334544617823	0.0509131637013	0.523328578041
-apa	0.0671994287911	0.288844949745	0.485198000769	0.158757620695
-pan	0.32174688057	0.326203208556	0.0570409982174	0.295008912656
-api	0.139289434221	0.576220779116	0.0467115131485	0.237778273514
-mi–	0.385293241659	0.252297546681	0.113286341735	0.249122869925
-li–	0.571428571429	0.222222222222	0.0396825396825	0.166666666667
-i.	0.383333333333	0.538888888889	0.0166666666667	0.0611111111111
-mca	0.0254896022613	0.841573288916	0.0140066626287	0.118930446194
-i-	0.706713780919	0.250883392226	0.0	0.0424028268551
-nce	0.173228346457	0.811023622047	0.0	0.0157480314961
-duj	0.723076923077	0.230769230769	0.0	0.0461538461538
-fat	0.0	1.0	0.0	0.0
-nuj	0.388349514563	0.466019417476	0.0278868002479	0.117744267713
-ai–	0.431495780212	0.411534087508	0.0439935356437	0.112976596636
-ini	0.347218365957	0.0972276609037	0.0227245372345	0.532829435905
-icó	0.303102625298	0.696897374702	0.0	0.0
-ael	0.102124780079	0.805575856002	0.0387061848694	0.0535931790499
-omé	0.00269723533378	0.997302764666	0.0	0.0
-mí–	0.665480427046	0.142348754448	0.0	0.192170818505
-pa	0.00734410468688	0.786531357101	0.166955979882	0.03916855833
-zín	0.0	1.0	0.0	0.0
-fes	0.285714285714	0.587301587302	0.126984126984	0.0
-aru	0.0874560206793	0.389148177401	0.0867858596013	0.436609942318
-din	0.809045226131	0.175879396985	0.0	0.0150753768844
-dio	0.067651262506	0.683182467842	0.19771319676	0.0514530728918
-aña	0.0342617502769	0.938439626523	0.0142427599304	0.0130558632695
-nzu	0.0	0.108108108108	0.891891891892	0.0
-dij	0.146930059492	0.55764767489	0.164379652032	0.131042613586
-dis	0.0	1.0	0.0	0.0
-añu	0.29347826087	0.576086956522	0.130434782609	0.0
-ti-	0.827586206897	0.155172413793	0.0	0.0172413793103
-lem	0.0117647058823	0.988235294118	0.0	0.0
-xca	0.100328456256	0.851298895193	0.00358315915199	0.0447894893998
-ea	0.210526315789	0.578947368421	0.0	0.210526315789
-sús	0.129986570256	0.378679775976	0.00167365648201	0.489659997286
-lta	0.0831595985756	0.78977662674	0.0444480414374	0.082615733247
-nno	0.0408163265306	0.897959183673	0.0408163265306	0.0204081632653
-nna	0.0418118466899	0.927990708479	0.00929152148663	0.0209059233449
-os	0.31432748538	0.597953216374	0.0	0.0877192982456
-ngu	0.128026722143	0.471142943089	0.139186869932	0.261643464836
-jsa	0.102588147037	0.638784696174	0.117591897974	0.141035258815
-li	0.255268199234	0.201149425287	0.217911877395	0.325670498084
-li	0.688925081433	0.112377850163	0.0977198697068	0.100977198697
-nga	0.37041609218	0.138655858753	0.041295575348	0.449632473719
-tia	0.0	1.0	0.0	0.0
-uim	0.0	1.0	0.0	0.0
-tin	0.0546366108018	0.130898495601	0.0398624634715	0.774602430126
-tio	0.323299888517	0.529914529915	0.091044221479	0.0557413600892
-lón	0.00489955903967	0.99510044096	0.0	0.0
-tij	0.34711578654	0.41720078027	0.0607844503274	0.174898982862
-ngo	0.0	0.840631730079	0.0258435032304	0.133524766691
-bca	0.0	1.0	0.0	0.0
-emo	0.0	0.957345971564	0.0142180094787	0.0284360189573
-osé	0.0295857988166	0.963104768535	0.0	0.0073094326488
-hmi	0.290227560541	0.464975513321	0.0871817473493	0.157615178788
-260	0.0105913503972	0.11120917917	0.0105913503972	0.867608120035
-mmi	0.0	1.0	0.0	0.0
-jan	0.0795316407123	0.152633691054	0.0114434015413	0.756391266693
-lix	0.221146085553	0.655367231638	0.0532687651331	0.0702179176755
-cca	0.13426092314	0.824664989475	0.00924166966164	0.0318324177235
-das	0.0277029960921	0.930612244898	0.0020842379505	0.0396005210595
-jaj	0.261085180863	0.68057176196	0.0525087514586	0.00583430571764
-jai	0.186691312384	0.48752310536	0.0	0.325785582255
-ava	0.0	0.774951076321	0.225048923679	0.0
-cio	0.0414816260797	0.879361670977	0.0762285881607	0.0029281147821
-ana	0.23297134482	0.0714715851599	0.0120839616979	0.683473108322
-cia	0.0104549854792	0.948886737657	0.0302032913843	0.0104549854792
-gia	0.0299401197605	0.922155688623	0.0479041916168	0.0
-zaj	0.0289891605747	0.884043357701	0.00756238971515	0.0794050920091
-pi	0.100502512563	0.507537688442	0.21608040201	0.175879396985
-zai	0.729585006694	0.0963855421687	0.0374832663989	0.136546184739
-zar	0.0	1.0	0.0	0.0
-shí	0.358778625954	0.343511450382	0.0	0.297709923664
-cis	0.0816882232812	0.877467665078	0.0	0.0408441116405
-én	0.135922330097	0.660194174757	0.0	0.203883495146
-xta	0.105263157895	0.624060150376	0.240601503759	0.0300751879699
-buj	0.0482654600301	0.936220642103	0.00258564964447	0.0129282482224
-rcu	0.0863609291245	0.850506253722	0.0214413341275	0.0416914830256
-fán	0.0	0.954604409857	0.0453955901427	0.0
-000	0.0854700854701	0.126262626263	0.040404040404	0.747863247863
-rca	0.584156838654	0.0948848256381	0.0190795467112	0.301878788996
-eta	0.086014840641	0.857752173943	0.0323125662393	0.0239204191769
-0ta	0.0497822028625	0.166148102054	0.0	0.784069695084
-aj	0.36914600551	0.388429752066	0.0	0.242424242424
-ñai	0.055873553038	0.176671469677	0.485324379464	0.282130597821
-ni–	0.529005969069	0.227754064271	0.0418424132212	0.20139755344
-aj	0.570652173913	0.320652173913	0.0	0.108695652174
-rco	0.0875034181023	0.775772491113	0.0827180749249	0.05400601586
-ni	0.320102943144	0.221161816329	0.0414893814146	0.417245859112
-ni	0.379184930175	0.282308778893	0.0308574558735	0.307648835058
-uya	0.0671835531855	0.13468285153	0.742001122649	0.0561324726354
-ías	0.0226582213296	0.942067047737	0.0217570420722	0.0135176888614
-són	0.0110987791343	0.91490935997	0.0628930817609	0.0110987791343
-lin	0.29586394284	0.614571802355	0.0744691556808	0.0150950991245
-hca	0.367704865068	0.220820904214	0.095502243727	0.315971986992
-300	0.312615285909	0.257438447349	0.0720587055898	0.357887561152
-jsi	0.206896551724	0.684210526316	0.043557168784	0.065335753176
-ebú	0.18536625112	0.791819441049	0.0114071539151	0.0114071539151
-lio	0.0414697226434	0.93489699456	0.0142691518773	0.00936413091947
-amí	0.283616703842	0.0574619259347	0.0155102884914	0.643411081732
-ata	0.199943018595	0.383834857708	0.0636249501551	0.352597173542
-amá	0.0595765807298	0.904677470832	0.0	0.0357459484379
-omo	0.0803966233418	0.899504220823	0.0120594935013	0.00803966233418
-ta–	0.178072111847	0.42825607064	0.14348785872	0.250183958793
-uyu	0.0941462497955	0.872405857005	0.0130328303202	0.0204150628792
-ati	0.147966248777	0.124259153265	0.307361385499	0.420413212459
-acu	0.123679015213	0.603933768925	0.0119186597314	0.260468556131
-edi	0.545454545455	0.155844155844	0.194805194805	0.103896103896
-sué	0.0909090909091	0.885375494071	0.0	0.0237154150198
--pi	0.482544608223	0.161365399535	0.088440651668	0.267649340574
-oso	0.108157653529	0.503208065994	0.335472043996	0.0531622364803
-hta	0.162224797219	0.524913093859	0.104287369641	0.208574739282
-lén	0.0229714709151	0.946152896134	0.0101272076078	0.0207484253427
-nia	0.0446540379499	0.917628690235	0.0305797632514	0.00713750856341
-aca	0.229900963814	0.259802514234	0.0326542762329	0.477642245719
-nij	0.235340217592	0.203149284792	0.0930560311899	0.468454466426
-htu	0.16617613765	0.414081956079	0.376726284809	0.0430156214626
-iaj	0.143617021277	0.800531914894	0.0398936170213	0.0159574468085
-nin	0.535565550558	0.103823088456	0.0179077128103	0.342703648176
-ice	0.045429260152	0.789727424439	0.125903949564	0.0389393658446
-dmi	0.104930046636	0.88507661559	0.00999333777482	0.0
-tta	0.108910891089	0.356435643564	0.0	0.534653465347
-ajo	0.0718436344427	0.679873217116	0.198626518753	0.0496566296883
-gca	0.0	1.0	0.0	0.0
-aja	0.756756756757	0.019656019656	0.034398034398	0.189189189189
-shi	0.250219773551	0.244112791677	0.0936096852843	0.412057749488
-nón	0.0	0.84140969163	0.15859030837	0.0
-ría	0.0429112697154	0.443210855582	0.00634417129263	0.50753370341
-cri	0.573448063921	0.226183159189	0.0983405039951	0.102028272895
-sha	0.528695654146	0.213611038304	0.0552097587587	0.202483548791
-fia	0.0	1.0	0.0	0.0
-vij	0.0599208003335	0.748020008337	0.0812838682784	0.110775323051
-yuj	0.0906123013176	0.664839952045	0.151812773905	0.0927349727326
-vio	0.0401819225505	0.921402393253	0.006623393827	0.0317922903696
-lda	0.00754005655041	0.660697455231	0.331762488219	0.0
-via	0.0438095238095	0.910476190476	0.0	0.0457142857143
-vid	0.111391062193	0.881845909031	0.00477390266543	0.0019891261106
-rcá	0.673170731707	0.248780487805	0.0	0.0780487804878
-fre	0.0	0.340532757379	0.659467242621	0.0
-ila	0.198087431694	0.757203179334	0.0260804769001	0.0186289120715
-ilo	0.0456341983462	0.840787352436	0.103437516251	0.0101409329658
-ojo	0.115452930728	0.587329780935	0.261693309651	0.0355239786856
-ni-	0.539942827901	0.225850964338	0.0296694958621	0.204536711899
-aj-	0.542590431739	0.317386231038	0.0700116686114	0.0700116686114
-oam	0.0	1.0	0.0	0.0
-bel	0.357916005195	0.564150671093	0.00865925819021	0.0692740655217
-ba	0.0	1.0	0.0	0.0
-igo	0.0341792572104	0.917352919489	0.0288289130798	0.0196389102203
-ebe	0.751479289941	0.177514792899	0.0710059171598	0.0
-ami	0.286856808918	0.220024356244	0.0557347668942	0.437384067944
-tmi	0.0	0.978911851539	0.0210881484606	0.0
-amo	0.0711497115808	0.81009293926	0.0106193599374	0.108137989222
-atá	0.0	1.0	0.0	0.0
-ama	0.283178935432	0.172576512338	0.0320086059202	0.51223594631
-nea	0.0384615384615	0.269230769231	0.692307692308	0.0
-oas	0.0	1.0	0.0	0.0
-(¡	0.0910064239829	0.87687366167	0.0	0.0321199143469
-hij	0.316631646579	0.269501325398	0.0452779552376	0.368589072785
-iro	0.00484672240398	0.926006704633	0.0570297669534	0.0121168060099
-iri	0.486450258661	0.207917842839	0.194534491626	0.111097406874
-hin	0.409511410368	0.271794183852	0.104818155269	0.213876250512
-usa	0.0553131220334	0.717462869392	0.0304317868627	0.196792221712
-ira	0.12143597324	0.816685969431	0.0277731214093	0.0341049359199
-ndu	0.0584980237154	0.922529644269	0.00948616600791	0.00948616600791
-gui	0.426493665178	0.260651636445	0.0419081684124	0.270946529965
-mi	0.376354601757	0.400643093764	0.105399683134	0.117602621345
-mi	0.369694635528	0.326785931866	0.0619149751817	0.241604457424
-his	0.0101052131011	0.00628391402926	0.0131282852557	0.970482587614
-ulo	0.0688017237158	0.915772978796	0.00367268987807	0.0117526076098
-uza	0.0	0.913669064748	0.0	0.0863309352518
-zmi	0.0386715195632	0.700864422202	0.251364877161	0.0090991810737
-uda	0.0605969551281	0.832857572115	0.00525841346153	0.101287059295
-ñui	0.142471459426	0.723310706572	0.0547670472076	0.0794507867942
-ñuj	0.19004784689	0.167272727273	0.48038277512	0.162296650718
-ces	0.0	0.903010033445	0.0969899665552	0.0
-cer	0.0	0.77868852459	0.172131147541	0.0491803278689
