-caj	0.0888128237422	0.137162550191	0.127414674756	0.646609951311
-can	0.625678038056	0.0894662321803	0.0458587491732	0.23899698059
-eus	0.0473684210526	0.952631578947	0.0	0.0
-cas	0.0627465041233	0.835066332019	0.0358551452133	0.0663320186447
-car	0.0	1.0	0.0	0.0
-rba	0.045652173913	0.954347826087	0.0	0.0
-ive	0.0372894146893	0.962710585311	0.0	0.0
-hej	0.145964771473	0.698057578556	0.0668314186208	0.0891462313503
-cay	0.133177253908	0.0749866274966	0.00665063106954	0.785185487525
-yku	0.261136532337	0.207201396049	0.0427395361807	0.488922535433
-ion	0.354838709677	0.561290322581	0.0	0.0838709677419
-quq	0.234888200727	0.304076954963	0.174099631806	0.286935212504
-dío	0.0351541256064	0.796863103396	0.105462376819	0.0625203941787
-día	0.0486815415822	0.481744421907	0.44523326572	0.0243407707911
-qus	0.120630877009	0.7312029371	0.05375941258	0.0944067733114
-plo	0.120461581762	0.748944553898	0.0320855614974	0.0985083028427
-jri	0.391158639907	0.314093633143	0.150547009191	0.144200717759
-nso	0.0231157085687	0.526994813413	0.429952179378	0.0199372986405
-bta	0.0473636728147	0.938602646351	0.0105252606255	0.0035084202085
-jra	0.0902336189683	0.299889030606	0.242613168061	0.367264182364
-aum	0.00294550810015	0.988217967599	0.0	0.00883652430044
-nsa	0.170886075949	0.575949367089	0.253164556962	0.0
-pla	0.525641025641	0.448717948718	0.025641025641	0.0
-khu	0.0612557427259	0.142419601838	0.620214395099	0.176110260337
-nti	0.0615913734636	0.656473646487	0.113822355823	0.168112624226
-naj	0.0494675331768	0.718364609195	0.0414670178637	0.190700839764
-bbá	0.00577367205541	0.910508083141	0.0	0.0837182448036
-puq	0.157659974499	0.73959328334	0.0835044194239	0.0192423227368
-nto	0.0360903858744	0.688572471206	0.197856116819	0.0774810261008
-nta	0.215761802148	0.333462907935	0.0465555347952	0.404219755121
-nte	0.186948857892	0.343786596321	0.131562889704	0.337701656083
ALL	0.236288631509	0.283963696672	0.0540031041543	0.425744567664
-uan	0.0532774717118	0.832580081153	0.00371127898921	0.110431168146
-pum	0.453441295547	0.0971659919028	0.0607287449393	0.388663967611
-pun	0.594067864927	0.215969352033	0.0565206476209	0.133442135419
-ntu	0.0	1.0	0.0	0.0
-lta	0.146791454106	0.728804674415	0.0471149297432	0.077288941736
-pam	0.323331533151	0.168016468339	0.0491116746963	0.459540323814
-pra	0.0696347031963	0.768264840183	0.148401826484	0.013698630137
-lía	0.0	1.0	0.0	0.0
-smu	0.331509659771	0.578731407078	0.0179517866302	0.0718071465207
-pre	0.0	1.0	0.0	0.0
-waq	0.230675675312	0.371786903023	0.100344954701	0.297192466964
-'iy	0.23164958143	0.698887456012	0.0382505300431	0.0312124325151
-hem	0.0	0.909433962264	0.0452830188679	0.0452830188679
-arí	0.12734801968	0.102903950255	0.0161229602897	0.753625069775
-más	0.0	1.0	0.0	0.0
-arï	0.121732373781	0.162562669972	0.107875603574	0.607829352672
-eño	0.0960731986275	0.873427373237	0.0228745711018	0.00762485703393
-nmi	0.283194810001	0.374783227113	0.102595602053	0.239426360832
-'in	0.393328743976	0.23243006446	0.107015457788	0.267225733776
-'im	0.119755244755	0.23951048951	0.567307692308	0.0734265734265
-opo	0.0909090909091	0.909090909091	0.0	0.0
-itu	0.0264044186986	0.92401993803	0.0107773137545	0.0387983295164
-opi	0.0785469569823	0.700942174378	0.0192784417723	0.201232426867
-tín	0.0	0.980769230769	0.0192307692308	0.0
-mán	0.0	0.354144241119	0.645855758881	0.0
-smo	0.204582651391	0.581014729951	0.171849427169	0.0425531914894
-ope	0.0	0.994953742641	0.0	0.00504625735913
-igu	0.0368751707184	0.944004370391	0.0	0.019120458891
-opa	0.100166944908	0.849749582638	0.0	0.0500834724541
-smi	0.285591349076	0.475871931351	0.0407673715207	0.197769348053
-dea	0.0124403116361	0.964940939935	0.00263885398341	0.0199798944458
-msa	0.0479614767255	0.0722632423756	0.160593900482	0.719181380417
-dec	0.0106038620382	0.979350373926	0.00223239200804	0.00781337202814
-rbe	0.0127684271619	0.987231572838	0.0	0.0
-dej	0.232335329341	0.561676646706	0.124550898204	0.0814371257485
-wqi	0.342857142857	0.288095238095	0.0857142857142	0.283333333333
-deo	0.0247461928934	0.838197969543	0.00761421319797	0.129441624366
-ima	0.163634641667	0.107870062717	0.00323128806296	0.725264007553
-oko	0.265969802555	0.339140534263	0.394889663182	0.0
-des	0.0246340006734	0.917807709292	0.0248708660645	0.0326874239704
-zul	0.0474308300395	0.359683794466	0.592885375494	0.0
-bqa	0.0	0.989583333333	0.0	0.0104166666667
-imi	0.106821044472	0.727255110939	0.103429900203	0.0624939443852
-ldo	0.277089783282	0.481424148607	0.0650154798762	0.176470588235
-oka	0.075897299925	0.167792238842	0.0185373539948	0.737773107239
-imo	0.0310313698939	0.804784473031	0.130331753554	0.0338524035206
-wpa	0.115217391304	0.516847826087	0.0157608695652	0.352173913044
-rpi	0.0610831639644	0.539742681884	0.0109438369644	0.388230317187
-ido	0.161624533775	0.680066307501	0.05055946954	0.107749689184
-lla	0.172296717274	0.322586514768	0.194162655809	0.310954112148
-les	0.046511627907	0.953488372093	0.0	0.0
-obo	0.274142017933	0.725857982067	0.0	0.0
-lle	1.0	0.0	0.0	0.0
-ymi	0.22941438614	0.294031976364	0.0435987537145	0.432954883782
-lli	0.0697755334255	0.438358153905	0.429039076597	0.0628272360718
-oba	0.0	0.898876404494	0.0	0.101123595506
-llo	0.0385686736662	0.926719520034	0.00385686736662	0.0308549389329
-ida	0.0211013200986	0.978898679901	0.0	0.0
-llu	0.0875981859833	0.556145059286	0.25653237358	0.0997243811503
-bia	0.0483163240152	0.930976679978	0.00690233200216	0.0138046640043
-bil	0.351900972591	0.361626878868	0.136162687887	0.150309460654
-qmi	0.295291809733	0.247192394421	0.103074737415	0.354441058432
-eja	0.0259636508888	0.87547433593	0.0551228280407	0.0434391851408
-ter	0.0	0.903743315508	0.096256684492	0.0
-uta	0.282044911999	0.467592195216	0.0412971902956	0.209065702489
-ria	0.0376836114743	0.891640390679	0.00261478120434	0.0680612166423
-rin	0.100404456899	0.814317608242	0.0118366730768	0.0734412617817
-rio	0.0719431075647	0.557021742059	0.228178281184	0.142856869192
-ril	0.142011834319	0.633136094675	0.0710059171598	0.153846153846
-uti	0.192685357046	0.368330087971	0.0366762211706	0.402308333812
-uto	0.0	0.43829787234	0.56170212766	0.0
-ejo	0.403041825095	0.551330798479	0.0456273764259	0.0
-ñor	0.0172645690473	0.919409961855	0.00133398011157	0.0619914889864
-ris	0.411707214912	0.562637439352	0.0256553457363	0.0
-riq	0.327177581434	0.409682123269	0.0687394210582	0.194400874239
-tej	0.415044328672	0.213188922402	0.188968101636	0.18279864729
-gro	0.108818011257	0.777485928706	0.113696060037	0.0
-ten	0.101853496773	0.770415112217	0.0667377272458	0.060993663765
-teo	0.00486694130121	0.985155829031	0.00340685891085	0.00657037075665
-lux	0.061373063574	0.911961398459	0.00888851265555	0.0177770253111
-luy	0.0609756097561	0.766260162602	0.040650406504	0.132113821138
-ara	0.0641843297353	0.810977240386	0.0871582591019	0.0376801707765
-mes	0.0137457044673	0.945017182131	0.0412371134021	0.0
-mer	0.075	0.183333333333	0.741666666667	0.0
-lur	0.00588235294118	0.994117647059	0.0	0.0
-aro	0.0654942389327	0.855063674955	0.0436628259551	0.0357792601577
-ari	0.206810016143	0.239463360892	0.0545293289353	0.49919729403
-rón	0.10787070925	0.610991254768	0.0121354547906	0.269002581192
-qti	0.00358583594801	0.99238009861	0.00403406544151	0.0
-aru	0.139802790267	0.336105590182	0.101306369759	0.422785249793
-qtu	0.0	1.0	0.0	0.0
-lum	0.0403780449926	0.27257398944	0.646048719883	0.0409992456849
-lun	0.077519379845	0.910554561717	0.0	0.0119260584377
-raj	0.202887302541	0.164025981095	0.199743760589	0.433342955775
-meo	0.0186335403726	0.900621118012	0.055900621118	0.0248447204969
-bán	0.217770034843	0.334494773519	0.212543554007	0.235191637631
-pha	0.536486982032	0.387788778878	0.030803080308	0.0449211587825
-aya	0.083670798558	0.828818707097	0.0301496370191	0.0573608573263
-ayo	0.0497525397239	0.941911956239	0.00416775201876	0.00416775201876
-ayj	0.508746355685	0.247813411079	0.243440233236	0.0
-ayu	0.0611042729031	0.827237559346	0.0109899771409	0.10066819061
-tón	0.777385159011	0.222614840989	0.0	0.0
-phu	0.0379340531077	0.512693317771	0.243069740298	0.206302888824
-bás	0.0156657963446	0.959268929504	0.0187989556136	0.00626631853785
-qpi	0.119547768896	0.537123101122	0.147683116794	0.195646013188
-q'i	0.145000291868	0.103204716596	0.64321989376	0.108575097776
-cto	0.0638998179458	0.679174687634	0.147451844052	0.109473650368
-sri	0.522485523928	0.25789067298	0.0746194914373	0.145004311655
-aón	0.0777957860616	0.922204213938	0.0	0.0
-cta	0.244518651962	0.697042928072	0.0230677973549	0.0353706226108
-dán	0.0100729776956	0.975023126734	0.00215849522048	0.0127454003495
-p'u	0.0716228971184	0.295291766143	0.390664038643	0.242421298096
-ota	0.175867999178	0.639247533874	0.0430356804603	0.141848786488
-tán	0.0684491978609	0.864171122995	0.0	0.0673796791443
-ote	0.0215497758286	0.932870737994	0.0175305716066	0.0280489145705
-jña	0.292001607717	0.208425442122	0.190288384244	0.309284565916
-iji	0.04	0.82	0.14	0.0
-oto	0.0701754385965	0.666666666667	0.0526315789474	0.210526315789
-ume	0.0	0.692307692308	0.307692307692	0.0
-nda	0.159856162144	0.584177835894	0.0676691729323	0.188296829029
-uma	0.19770522354	0.231158533243	0.131913105439	0.439223137778
-táy	0.014587121052	0.836116866094	0.0120502304342	0.137245782419
-eví	0.0112026359143	0.963097199341	0.00197693574959	0.023723228995
-umi	0.145716981037	0.493037679327	0.12616979532	0.235075544315
-ako	0.0282131661442	0.884012539185	0.025078369906	0.0626959247649
-siy	0.207246473994	0.481123851673	0.156351281879	0.155278392454
-nan	0.351084192459	0.243539013814	0.0456935663551	0.359683227372
-aki	0.247063165016	0.249830862907	0.292760932407	0.21034503967
-nam	0.162903416055	0.129709055461	0.0277437475315	0.679643780952
-siq	0.513841986774	0.267728999578	0.0190657098635	0.199363303785
-kin	0.0996036998782	0.0921386002512	0.191331661308	0.616926038563
-aka	0.24219726598	0.319232669549	0.0657466837821	0.372823380688
-aús	0.235294117647	0.718954248366	0.00653594771241	0.0392156862745
-aúl	0.367567567568	0.632432432432	0.0	0.0
-aúm	0.00721442885771	0.987975951904	0.0	0.00480961923848
-nay	0.361479236017	0.281696137068	0.0819627157249	0.274861911189
-sio	0.172379631464	0.789577967109	0.0	0.0380424014266
-sin	0.232909586198	0.62407575561	0.0224239011102	0.120590757082
-sim	0.316636851521	0.50626118068	0.0107334525939	0.166368515206
-lmi	0.0100137689323	0.933658780824	0.0488171235449	0.00751032669923
-nas	0.00553955240416	0.980426914839	0.0	0.0140335327572
-sia	0.0396263446871	0.891990261111	0.0292539315793	0.0391294626221
-naq	0.268871854691	0.231211464756	0.179136810532	0.320779870022
-qna	0.0	0.960504043634	0.0394959563664	0.0
-mos	0.0413793103449	0.935632183908	0.0229885057471	0.0
-gon	0.127978817299	0.796999117388	0.0258479384693	0.049174126844
-is'	0.478309232481	0.421579532814	0.0333704115684	0.0667408231368
-qni	0.0773053561567	0.922694643843	0.0	0.0
-t'i	0.198903570424	0.577347483835	0.119728703964	0.104020241777
-gog	0.0	0.977941176471	0.0220588235294	0.0
-goy	0.0364277320799	0.889541715629	0.021151586369	0.0528789659224
-aán	0.354679802956	0.625615763547	0.0197044334975	0.0
-lko	0.0	0.587412587413	0.244755244755	0.167832167832
-mon	0.0718085106384	0.837765957447	0.0265957446808	0.0638297872341
-yna	0.19249961755	0.196841330779	0.112126929549	0.498532122122
-gos	0.0271739130435	0.905797101449	0.0634057971015	0.00362318840579
-lka	0.15516372796	0.71435768262	0.00251889168765	0.127959697733
-jcu	0.2527522244	0.15412456643	0.0651485447142	0.527974664455
-lke	0.137546602961	0.654070293553	0.129474789156	0.0789083143302
-yaw	0.427234423272	0.282535214319	0.00358643465512	0.286643927753
-yaq	0.19190070354	0.577017674312	0.0177315106103	0.213350111537
-coj	0.379266981915	0.291972379802	0.143246440126	0.185514198158
-yay	0.170590394714	0.639682058321	0.127240515219	0.0624870317463
-moj	0.282131471853	0.176288402192	0.0495434629335	0.492036663022
-bej	0.0434782608695	0.95652173913	0.0	0.0
-eoj	0.041067761807	0.733059548255	0.0	0.225872689938
-lpa	0.125032691573	0.416520811958	0.267326533486	0.191119962983
-yam	0.100755667506	0.899244332494	0.0	0.0
-yan	0.246869618517	0.519044978255	0.108870143895	0.125215259333
-rla	0.176923076923	0.684615384615	0.0461538461538	0.0923076923077
-cos	0.0789858605558	0.834714773281	0.0511945392492	0.0351048269137
-yaj	0.293557348856	0.277814525731	0.0937624024342	0.334865722979
-iso	0.041835927196	0.899340543392	0.0385122658929	0.0203112635189
-k'o	0.0241935483871	0.866935483871	0.0725806451613	0.0362903225806
-upu	0.080173347779	0.789815817985	0.0	0.130010834236
-ren	0.112061633899	0.56856270949	0.0042023112712	0.31517334534
-reo	0.0411654521355	0.88282003572	0.0503133303877	0.0257011817565
-rel	0.168350387799	0.71237697973	0.119272632471	0.0
-k'e	0.525232687217	0.305695499957	0.128084706686	0.0409871061395
-fes	0.0863309352518	0.827338129496	0.0	0.0863309352518
-hha	0.0136785539814	0.863214460186	0.123106985833	0.0
-rea	0.0101813553929	0.929791070103	0.000212111570687	0.0598154629335
-voz	0.0600169061708	0.874894336433	0.0650887573965	0.0
-isa	0.013764722577	0.964949623953	0.0212856534696	0.0
-puy	0.445158907883	0.312234985924	0.0319474841175	0.210658622076
-rey	0.0425916365513	0.855123902943	0.0258131130614	0.0764713474445
-eva	0.0431137724551	0.899401197605	0.0574850299401	0.0
-upa	0.167095115681	0.66323907455	0.107969151671	0.0616966580977
-k'u	0.210520356788	0.431347365665	0.279868239024	0.0782640385235
-upo	0.296546546546	0.402402402403	0.274024024024	0.027027027027
-qqa	0.317001269377	0.376928853028	0.110722524816	0.195347352779
-ret	0.0177518994532	0.972875097635	0.00426045586878	0.00511254704253
-upi	0.130320305845	0.257488017759	0.0484124226863	0.563779253709
-may	0.165288580308	0.268333718746	0.049413138258	0.516964562688
-hab	0.00621600621601	0.993783993784	0.0	0.0
-avo	0.0494845360825	0.764948453608	0.0309278350515	0.154639175258
-maq	0.0729127879542	0.128578568058	0.247939813822	0.550568830166
-mas	0.0945282675877	0.904381021632	0.00109071077986	0.0
-ena	0.0720731278566	0.868744872847	0.0375014649009	0.0216805343959
-ham	0.173749381106	0.638426994573	0.040645443769	0.147178180552
-han	0.471342457382	0.332468235022	0.0817455448318	0.114443762764
-haq	0.212974021423	0.393025193918	0.043895447568	0.350105337091
-maj	0.0661875995344	0.101294802529	0.324854001654	0.507663596283
-eqa	0.0611105670356	0.841739300754	0.0278131426893	0.0693369895211
-mal	0.049223105207	0.910212311707	0.0334479895623	0.00711659352391
-man	0.166392673606	0.34150238876	0.0272929739984	0.464811963636
-hay	0.0473194998037	0.089754994697	0.0141525706219	0.848772934877
-haj	0.115228086547	0.234055353071	0.0964288624674	0.554287697915
-uni	0.406193841674	0.233289357808	0.0904740663155	0.270042734203
-eos	0.0195439739414	0.130293159609	0.85016286645	0.0
-una	0.110531888859	0.480087823137	0.0471906785046	0.362189609499
-nka	0.320411300304	0.202813457019	0.0298762547315	0.446898987946
-pta	0.0	1.0	0.0	0.0
-pto	0.0360225140713	0.888367729831	0.0491557223264	0.0264540337711
-unu	0.0757071792306	0.701822035146	0.018897359668	0.203573425956
-nko	0.0229500955454	0.764958372944	0.00691383631493	0.205177695196
-nki	0.470480653119	0.207856867742	0.0439752228035	0.277687256336
-ui'	0.717647058824	0.0	0.0	0.282352941176
-him	0.18022840828	0.625267665953	0.173090649536	0.0214132762313
-tre	0.220883534137	0.582329317269	0.0	0.196787148595
-dka	0.0916552667578	0.84268125855	0.0	0.0656634746922
-tra	0.0729817926744	0.138613559425	0.0249778889262	0.763426758974
-ada	0.107311320755	0.801886792453	0.0837264150943	0.00707547169813
-ado	0.0910640685354	0.212641073779	0.521028894499	0.175265963186
-tro	0.0818293913238	0.80204013003	0.0397937450958	0.07633673355
-gaj	0.515354935851	0.313372439537	0.0439160575928	0.127356567019
-sna	0.183622828784	0.637717121588	0.059553349876	0.119106699752
-gar	0.0986125933831	0.759658484525	0.0200640341516	0.12166488794
-sni	0.0	1.0	0.0	0.0
-sno	0.132467532468	0.836363636364	0.0311688311688	0.0
-gay	0.371282922685	0.337015009912	0.0991220617389	0.192580005664
-ubí	0.0	0.802259887006	0.197740112994	0.0
-uiy	0.195374158425	0.203524143929	0.0318912476243	0.569210450021
-eña	0.241985522234	0.553257497415	0.0558428128232	0.148914167528
-ywa	0.285006195787	0.563639582227	0.00796601168349	0.143388210303
-nos	0.0777202072539	0.867875647668	0.0233160621762	0.0310880829015
-sej	0.37216965191	0.230652247381	0.0405542412977	0.356623859412
-jka	0.451367408894	0.274241718029	0.0764771593106	0.197913713766
-ina	0.199838974555	0.156484989232	0.0380544755047	0.605621560708
-ine	0.0	0.988372093023	0.0116279069768	0.0
-sea	0.0288461538461	0.971153846154	0.0	0.0
-món	0.0118174539632	0.964419535628	0.00403522818255	0.0197277822258
-añu	0.708588957055	0.144171779141	0.110429447853	0.0368098159509
-niq	0.150950948841	0.394034957269	0.135870417758	0.319143676131
-iki	0.0664955669622	0.462785814279	0.470718618759	0.0
-uin	0.130116799071	0.0450743882284	0.16005386446	0.664754948241
-tum	0.363557105493	0.592850915432	0.0435919790758	0.0
-inu	0.0	1.0	0.0	0.0
-ñam	0.249352641369	0.185890669356	0.0573644216939	0.507392267581
-ñal	0.0448717948718	0.93315018315	0.00549450549451	0.0164835164835
-blo	0.0290778924657	0.820383945865	0.00132395125898	0.14921421041
-ñan	0.149119604594	0.615378134741	0.0374203150889	0.198081945576
-dón	0.0095553105476	0.959573686145	0.0	0.0308710033076
-kuq	0.310874454551	0.257936321909	0.118277448095	0.312911775445
-són	0.00438020148928	0.991239597021	0.0	0.00438020148927
-iam	0.357142857143	0.415966386555	0.126050420168	0.100840336134
-ian	0.191107343762	0.626261847885	0.085535948216	0.0970948601372
-nes	0.0119760479042	0.982035928144	0.00598802395208	0.0
-kuy	0.102104103008	0.182724114236	0.0497948666034	0.665376916153
-iaj	0.0293255131965	0.803519061584	0.16715542522	0.0
-nrï	0.183848663766	0.378379428216	0.0326289620882	0.405142945929
-neo	0.0365853658536	0.920731707317	0.0182926829269	0.0243902439024
-nrí	0.322171945701	0.274208144796	0.11221719457	0.291402714932
-nej	0.194666893849	0.431760095417	0.0630431078548	0.31052990288
-lpi	0.113964859492	0.763123958949	0.0257911987534	0.0971199828059
-ias	0.120509148767	0.796945107399	0.0283214001591	0.0542243436754
-kun	0.471467470682	0.220127561651	0.0572739527008	0.251131014966
-kum	0.235714511729	0.193983645843	0.0448617245894	0.525440117838
-ooz	0.0	1.0	0.0	0.0
-iay	0.351898734177	0.60253164557	0.0	0.0455696202532
-nea	0.105263157895	0.2	0.694736842105	0.0
-ban	0.197480698903	0.690369768387	0.0682649329541	0.0438845997562
-rej	0.27689225665	0.18229348254	0.073609627172	0.467204633639
-bal	0.116955243385	0.216269193074	0.334367853643	0.332407709899
-baj	0.264150943396	0.48427672956	0.0251572327044	0.22641509434
-bah	0.0456081081081	0.650337837838	0.0	0.304054054054
-hoj	0.529007540744	0.176660180005	0.0279737290197	0.266358550231
-'iq	0.228204276061	0.725268638529	0.0	0.0465270854104
-hiq	0.103331030985	0.791048380908	0.0349031433821	0.0707174447248
-k'i	0.084388185654	0.26582278481	0.447257383966	0.20253164557
-mka	0.0833715071003	0.797068254695	0.0	0.119560238204
-hoy	0.358443925521	0.417401836958	0.0476708106946	0.176483426827
-qri	0.452728656392	0.310926046817	0.0444346662531	0.191910630537
-job	0.497519804546	0.39364773821	0.0777374694603	0.0310949877841
-sús	0.0313391171902	0.556333706809	0.00153408265966	0.410793093341
-ase	0.152421652422	0.716524216524	0.0	0.131054131054
-noc	0.023346303502	0.976653696498	0.0	0.0
-que	0.0287898001851	0.971210199815	0.0	0.0
-isi	0.175805588465	0.185659920051	0.36541928041	0.273115211074
-asa	0.142348496466	0.762601943372	0.0558196595614	0.0392299006008
-aso	0.115984535395	0.746700439941	0.0199973336888	0.117317690975
-qum	0.598339866267	0.113442471755	0.0807009453539	0.207516716624
-asi	0.139297086323	0.498647533996	0.0312196155955	0.330835764086
-qun	0.410454825643	0.249592726312	0.0394064811553	0.30054596689
-cka	0.298507462687	0.670149253731	0.0089552238806	0.0223880597015
-kis	0.733333333333	0.166666666667	0.0	0.1
-asu	0.0405366870179	0.802537198845	0.125602310533	0.0313238036048
-lto	0.131678802174	0.137524356476	0.420572249	0.310224592349
-quy	0.432946882981	0.250215885498	0.127776654969	0.189060576552
-dro	0.0132746107562	0.88524285094	0.00186092674152	0.0996216115625
-dri	0.114285714286	0.8	0.0285714285714	0.0571428571429
-iwu	0.0	0.949543488707	0.0504565112927	0.0
-ray	0.321256547782	0.458835545738	0.0511982636409	0.16870964284
-k'a	0.06068972198	0.1784486099	0.381187639252	0.379674028868
-ras	0.0981308411215	0.859813084112	0.0140186915888	0.0280373831776
-raq	0.18432345129	0.145122424509	0.149588066959	0.520966057243
-ran	0.353834358352	0.504120261103	0.0332083772052	0.10883700334
-eri	0.0614934114202	0.428989751098	0.351390922401	0.158125915081
-ram	0.454185565688	0.27206577661	0.154825060504	0.118923597198
-uía	0.00862068965517	0.981034482759	0.0	0.0103448275862
-ero	0.190753712983	0.282317456944	0.199932974228	0.326995855846
-era	0.090509113765	0.886863607794	0.0226272784412	0.0
-uío	0.0	0.955882352941	0.0441176470589	0.0
-poy	0.051948051948	0.874458874459	0.0	0.0735930735931
-pos	0.0339412360689	0.945795339412	0.0101317122594	0.0101317122594
-swi	0.0	0.925426136364	0.0745738636364	0.0
-nqu	0.255566272537	0.215973397905	0.0448471930878	0.483613136471
-chu	0.428267125712	0.25959492934	0.0949887337559	0.217149211191
-poj	0.434753534142	0.463466856443	0.0367179603587	0.0650616490566
-pon	0.0148214870619	0.885399606944	0.0247707173272	0.0750081886669
-nri	0.389289898275	0.27001283298	0.0694194768738	0.271277791872
-ugo	0.0421052631579	0.446315789474	0.490526315789	0.021052631579
-aza	0.0590876861262	0.870361616639	0.0478610257622	0.0226896714725
-nra	0.653579676674	0.254041570439	0.0461893764434	0.0461893764434
-noy	0.245769540693	0.548751007252	0.0604351329573	0.145044319097
-uju	0.244580159272	0.695185734922	0.0327936244453	0.0274404813603
-ika	0.0723908030817	0.176423036315	0.0188971975916	0.732288963012
-lac	0.129496402878	0.870503597122	0.0	0.0
-nce	0.0664599025255	0.87948604342	0.0540540540541	0.0
-lam	0.245761593429	0.365455122138	0.134413989892	0.254369294541
-lan	0.404079745665	0.197381920432	0.0573868602044	0.341151473699
-lao	0.472906403941	0.364532019704	0.0	0.162561576355
-laj	0.360008179883	0.196827155853	0.0307678992211	0.412396765043
-aam	0.0390032502708	0.960996749729	0.0	0.0
-aal	0.226744186046	0.639534883721	0.0697674418604	0.0639534883721
-fos	0.0	0.994364609749	0.00563539025077	0.0
-eón	0.0361636777965	0.860794610126	0.0762904983653	0.0267512137125
-non	0.0288681988481	0.913982553263	0.000978583011798	0.0561706648772
-las	0.0	1.0	0.0	0.0
-epi	0.263291979956	0.676829056737	0.00887701541954	0.0510019478878
-lay	0.152293429361	0.382861462759	0.204118756813	0.260726351066
-aac	0.0	0.996228786926	0.00377121307353	0.0
-ujo	0.253785785343	0.425371209609	0.264102280682	0.0567407243653
-ñuq	0.336382333839	0.158800606192	0.309969690409	0.194847369561
-dor	0.0	0.982608695652	0.0	0.0173913043478
-gel	0.0130504533975	0.856170843438	0.00625105750973	0.124527645654
-zta	0.088533793997	0.877780177068	0.00388684949255	0.0297991794429
-jqa	0.259737704918	0.355540983607	0.0809836065575	0.303737704918
-lot	0.0	0.96837944664	0.0316205533597	0.0
-fás	0.00228310502283	0.993150684932	0.0	0.00456621004566
-ypi	0.14329876742	0.246527318771	0.0256913135823	0.584482600226
-hhu	0.458268386	0.316565112654	0.0	0.225166501346
-ges	0.13475177305	0.851063829787	0.0141843971631	0.0
-nña	0.542399170239	0.252938340446	0.03933831634	0.165324172975
-sas	0.0229885057471	0.977011494253	0.0	0.0
-ión	0.24209905586	0.395680417768	0.193963054296	0.168257472076
-vor	0.45529176836	0.170845351675	0.0465941868205	0.327268693144
-vos	0.039951328331	0.952139525451	0.0	0.0079091462178
-snu	0.326241134752	0.602836879433	0.0709219858156	0.0
-mpi	0.11997964955	0.515041242731	0.057005404784	0.307973702935
-ton	0.136246047715	0.277378557057	0.0	0.586375395229
-tol	0.132022110811	0.510605476282	0.0349659339247	0.322406478982
-tom	0.190907339626	0.555191677904	0.0115584665768	0.242342515893
-toj	0.81780915509	0.126964245047	0.0256205875655	0.0296060122979
-mpa	0.159563409563	0.641891891892	0.0550935550935	0.143451143451
-lfa	0.0	0.946091644205	0.0539083557952	0.0
-don	0.19061895129	0.705470580531	0.0916857072169	0.0122247609622
-huq	0.28069572391	0.547091984051	0.0883404372336	0.0838718548053
-tor	0.262644508671	0.6783477842	0.042148362235	0.016859344894
-tos	0.0542005420054	0.937669376694	0.0	0.00813008130082
-yka	0.161935349287	0.101245107915	0.014067029298	0.7227525135
-olo	0.00794701986754	0.984105960265	0.0	0.00794701986755
-saj	0.423666897661	0.212882187476	0.0436143093057	0.319836605557
-mpu	0.10264937835	0.862479301732	0.00147343605288	0.0333978838652
-qña	0.380154639175	0.612113402062	0.0	0.00773195876289
-san	0.315073720728	0.41941601619	0.0295114194854	0.235998843596
-von	0.25	0.725	0.0	0.025
-lon	0.0749259452866	0.88325492246	0.00766684091304	0.03415229134
-loj	0.063829787234	0.936170212766	0.0	0.0
-iel	0.0829490083601	0.498965174454	0.2965956684	0.121490148787
-loi	0.0	0.98615916955	0.0138408304498	0.0
-qku	0.410899261554	0.339553711155	0.112761348476	0.136785678815
-naí	0.0263262863981	0.968887116075	0.0	0.00478659752692
-loc	0.0	0.960287443268	0.0397125567322	0.0
-anu	0.504215912367	0.352010665898	0.0176563851254	0.12611703661
-loy	0.126738250308	0.771871149445	0.0253476500616	0.0760429501849
-oco	0.207500768521	0.332001229634	0.314786351061	0.145711650784
-los	0.0	0.984829329962	0.0	0.0151706700379
-ipi	0.120689352352	0.368075305985	0.0244454452409	0.486789896422
-uqu	0.123474937528	0.786858738792	0.0867264442158	0.00293987946495
-ipo	0.0	0.989565217391	0.0	0.0104347826087
-mpo	0.0942948717949	0.587371794872	0.0230769230769	0.295256410256
-ipa	0.0228300574013	0.691033223169	0.264937380414	0.0211993390155
-'uy	0.0976755731281	0.115909292388	0.38991625444	0.396498880044
-ipe	0.00597609561753	0.989043824701	0.0	0.00498007968128
-rde	0.0	0.21052631579	0.0947368421051	0.694736842105
-noé	0.00273224043716	0.994535519126	0.0	0.00273224043716
-hka	0.0198755912837	0.0749815239564	0.0139552023907	0.891187682369
-rdo	0.0272108843538	0.768707482993	0.204081632653	0.0
-ewi	0.0909090909091	0.123320158103	0.785770750988	0.0
-tem	0.0398671096346	0.910299003322	0.0	0.0498338870432
-awi	0.0	0.972540045767	0.0	0.0274599542334
-iwi	0.0650684931506	0.366438356164	0.568493150685	0.0
-awa	0.0733188735595	0.246143820046	0.0553575120816	0.625179794313
-zka	0.310496118799	0.233884576443	0.404994937563	0.0506243671954
-lqa	0.0561599321843	0.810092304794	0.0694640670623	0.0642836959593
-oñi	0.044286979628	0.725420726307	0.203720106289	0.0265721877768
-mam	0.17898007199	0.216196786583	0.106627923345	0.498195218082
-jta	0.284710751291	0.270780686232	0.0921332420951	0.352375320382
-say	0.116190961369	0.750603228191	0.018561004671	0.114644805769
-oña	0.138225389616	0.166340355549	0.453441929673	0.241992325162
-saú	0.183899418277	0.735410020642	0.0206417714393	0.0600487896415
-sto	0.0405764754909	0.761156772427	0.0520283548856	0.146238397197
-ste	0.157894736842	0.736842105263	0.105263157895	0.0
-sta	0.173919749964	0.423758795287	0.0311769368905	0.371144517858
-cun	0.397204286938	0.253738334076	0.0785661313815	0.270491247604
-cum	0.0	0.858823529412	0.0	0.141176470588
-loí	0.0	0.980582524272	0.0194174757282	0.0
-rpo	0.0516535433071	0.776692913386	0.0390551181102	0.132598425197
-loé	0.0587067736435	0.870845097984	0.0	0.070448128372
-qaq	0.0905811219404	0.676132467841	0.00368019646668	0.229606213752
-ián	0.118421052631	0.802631578947	0.0789473684211	0.0
-ucu	0.0942408376964	0.418848167539	0.193717277487	0.293193717277
-rpa	0.369924024103	0.535761068902	0.0157191511658	0.0785957558292
-emá	0.0	1.0	0.0	0.0
-cuy	0.0895859894288	0.162410642675	0.0484944042434	0.699508963652
-uca	0.0221955608878	0.25374925015	0.715656868626	0.00839832033593
-eca	0.194585448393	0.703891708968	0.0253807106599	0.0761421319797
-'un	0.683707932196	0.189572415818	0.0486642009526	0.078055451033
-lej	0.0434782608695	0.586956521739	0.260869565217	0.108695652174
-góy	0.0794871794872	0.889743589744	0.0	0.0307692307692
-lem	0.047253634895	0.923465266559	0.0252423263328	0.00403877221323
-len	0.21843003413	0.522184300341	0.136518771331	0.122866894198
-leo	0.0123864574732	0.987613542527	0.0	0.0
-lea	0.0122825980151	0.945858307949	0.0103173823327	0.0315417117029
-mun	0.51207386175	0.192688946347	0.0348819209822	0.260355270921
-yta	0.332572928634	0.19009328756	0.0287413467232	0.448592437082
-ley	0.0469461637277	0.808478337031	0.0238234263693	0.120752072872
-ioy	0.264705882353	0.541176470588	0.176470588235	0.0176470588235
-gón	0.00975609756098	0.985365853659	0.00487804878048	0.0
-muq	0.241530944028	0.15432909661	0.0378104254065	0.566329533955
-ios	0.150194897854	0.506819766988	0.00288331761445	0.340102017544
-biy	0.715768660405	0.0951557093425	0.0222441917944	0.166831438458
-muy	0.602960545595	0.223518101602	0.050157121892	0.12336423091
-itá	0.0	1.0	0.0	0.0
-rra	0.0558904109589	0.92602739726	0.0164383561644	0.00164383561644
-een	0.509532062392	0.258232235702	0.0450606585788	0.187175043328
-ñaq	0.53691376702	0.343948562784	0.0979576399395	0.0211800302572
-rre	0.0	0.969348659004	0.0	0.0306513409962
-eej	0.227366356057	0.166846493379	0.0435507601766	0.562236390387
-rro	0.0819184901735	0.834862726158	0.0130029349482	0.0702158487201
-gio	0.0300187617261	0.962476547842	0.00750469043152	0.0
-udá	0.0431703204047	0.952782462057	0.00404721753794	0.0
-eey	0.720044481512	0.175701973867	0.0222407561857	0.0820127884348
-yki	0.482290060134	0.265296489545	0.0492983439893	0.203115106332
-ndo	0.0456273764258	0.809885931559	0.041825095057	0.102661596958
-ali	0.0759734093067	0.439168513243	0.389363722697	0.0954943547536
-zpi	0.171257740764	0.725603245783	0.0	0.103139013453
-gia	0.0	0.939534883721	0.0604651162791	0.0
-ala	0.132147239264	0.670306748466	0.161963190184	0.0355828220859
-uva	0.0489975700392	0.79584345817	0.0766831888825	0.0784757829083
-lqi	0.15800591466	0.650134525159	0.012696506793	0.179163053388
-tpi	0.0	1.0	0.0	0.0
-emi	0.234636871508	0.68156424581	0.0	0.0837988826816
-sqa	0.253290493014	0.415470476485	0.0656497176264	0.265589312874
-yoj	0.186892640653	0.362658366271	0.209200669395	0.241248323681
-abé	0.0375335120643	0.949061662198	0.00268096514745	0.0107238605898
-cla	0.332516339869	0.242647058824	0.424836601307	0.0
-chi	0.146254468057	0.169943661263	0.137726025917	0.546075844763
-cho	0.00593723494487	0.395250212044	0.556403731976	0.0424088210347
-pel	0.705882352941	0.235294117647	0.0588235294118	0.0
-cha	0.139668249268	0.352639073188	0.0758956789047	0.431796998639
-uez	0.0590339892665	0.872987477639	0.0	0.0679785330948
-dqa	0.053613053613	0.834498834499	0.0	0.111888111888
-pej	0.617342487577	0.16758335546	0.135417061791	0.0796570951713
-oré	0.0	0.866814650388	0.0	0.133185349612
-elo	0.154761904762	0.845238095238	0.0	0.0
-rko	0.0	1.0	0.0	0.0
-oga	0.00878220140515	0.967505854801	0.00526932084309	0.0184426229508
-rka	0.0752195544587	0.819564960552	0.0249419116006	0.0802735733882
-ela	0.228135851614	0.743406453799	0.00711442364698	0.021343270941
-lso	0.189487345879	0.23339822626	0.365563486913	0.211550940947
-loe	0.0	0.897435897436	0.0512820512821	0.0512820512821
-jpi	0.13877905486	0.451799763125	0.136542578521	0.272878603495
-hu'	0.729411764706	0.0705882352941	0.0627450980392	0.137254901961
-ito	0.0940349157861	0.772703340927	0.071046170367	0.0622155729202
-tes	0.0	0.977859778598	0.0221402214022	0.0
-eso	0.0666709240693	0.839197905358	0.0088128232965	0.0853183472763
-lás	0.11320754717	0.88679245283	0.0	0.0
-esa	0.395209580838	0.500998003992	0.0119760479042	0.0918163672655
-ite	0.0833333333334	0.611111111111	0.0	0.305555555556
-aku	0.466330835166	0.236489691514	0.0452896979573	0.251889775363
-ita	0.26226042494	0.335351304929	0.0696576125861	0.332730657546
-spa	0.37104799736	0.125842332202	0.028563327211	0.474546343226
-jam	0.396153846154	0.557692307692	0.0	0.0461538461538
-spe	0.0737704918032	0.860655737705	0.0655737704918	0.0
-spi	0.121436765336	0.512130060067	0.0385002717533	0.327932902844
-spo	0.0	0.927710843373	0.0722891566265	0.0
-fas	0.0255102040816	0.942396313364	0.0123436471363	0.019749835418
-bra	0.168562144598	0.652721364744	0.0649878147847	0.113728675873
-uda	0.0195774532996	0.783016559263	0.0146830899747	0.182722897463
-bre	0.196537586785	0.184971271247	0.469535551832	0.148955590136
-ñoj	0.275289175888	0.255697313564	0.246449954547	0.222563556001
-nqa	0.32582676002	0.272145086978	0.0461498100484	0.355878342954
-bro	0.122249388753	0.847188264059	0.0305623471883	0.0
-alá	0.430224642614	0.384615384615	0.0	0.185159972771
-hum	0.143463621725	0.590835895184	0.220319133363	0.0453813497292
-hun	0.229555618818	0.154282498119	0.196462932479	0.419698950584
-rim	0.0660539919586	0.43940264216	0.376794945434	0.117748420448
-c'a	0.0269340974212	0.129321872015	0.491308500478	0.352435530086
-jyu	0.0396975425331	0.863894139887	0.0113421550094	0.0850661625709
-kiy	0.118032786885	0.718032786885	0.131147540984	0.0327868852459
-c'u	0.0	1.0	0.0	0.0
-abe	0.189453125	0.439453125	0.322265625	0.048828125
-ade	0.0	1.0	0.0	0.0
-eka	0.203611542995	0.512564789713	0.0608636481031	0.222960019189
-huy	0.307956913901	0.228664478255	0.0361605516549	0.427218056189
-abo	0.0	1.0	0.0	0.0
-ron	0.0987788504572	0.314941499904	0.241672527332	0.344607122307
-hus	0.140227747509	0.106000693125	0.0139438738591	0.739827685507
-vas	0.0944813193428	0.861170306272	0.00578457057202	0.0385638038134
-tea	0.00714796283059	0.992852037169	0.0	0.0
-chá	0.241224736764	0.325064993778	0.128300806207	0.305409463251
-kon	0.505320443539	0.150987566725	0.0715047398252	0.272187249911
-chä	0.391730706689	0.233814336132	0.0582503222076	0.316204634972
-nca	0.196748738551	0.171397211225	0.0125851844353	0.619268865788
-tun	0.0114690504301	0.969640748862	0.00101197503795	0.0178782256704
-oru	0.137781000725	0.579405366207	0.265409717186	0.0174039158811
-tuq	0.204509701101	0.732564237021	0.0629260618773	0.0
-cqa	0.665342601788	0.22542204568	0.0347567030784	0.0744786494538
-ori	0.0892737054472	0.589946200403	0.310692669805	0.0100874243443
-oro	0.233289646134	0.73001310616	0.0366972477064	0.0
-jón	0.0200892857142	0.966517857143	0.0133928571429	0.0
-soj	0.0411399506321	0.0893578427706	0.689187672975	0.180314533623
-vaj	0.290583477759	0.503755054882	0.0329289428076	0.172732524552
-ncu	0.518160828915	0.166432579937	0.0438720629476	0.2715345282
-ora	0.102577236211	0.719361621826	0.0207580740821	0.157303067882
-koy	0.511571568476	0.330910777795	0.0317509406732	0.125766713056
-rqa	0.155997848306	0.800968262507	0.0197238658777	0.02331002331
-ruz	0.1	0.725	0.025	0.15
-ruy	0.121212121212	0.777777777778	0.040404040404	0.060606060606
-lix	0.0738974970202	0.916567342074	0.0	0.00953516090584
-aén	0.11214953271	0.88785046729	0.0	0.0
-mqa	0.0156288968326	0.949788012304	0.00199517831906	0.0325879125447
-utu	0.569610145608	0.430389854392	0.0	0.0
-íso	0.19741697417	0.562730627306	0.184501845018	0.0553505535056
-liq	0.408921933085	0.549256505576	0.0139405204461	0.0278810408922
-rut	0.373056994819	0.626943005181	0.0	0.0
-lis	0.0412473189242	0.731067480614	0.0247483913545	0.202936809107
-uña	0.239759171731	0.290511002614	0.253096919961	0.216632905694
-lim	0.245666712161	0.353077657977	0.365770438106	0.0354851917565
-lin	0.227767794075	0.116250760062	0.335888729341	0.320092716522
-lio	0.152370929077	0.538794363562	0.0470092966146	0.261825410747
-omo	0.0204883045928	0.959023390814	0.0102441522964	0.0102441522964
-sué	0.0884955752213	0.873577749684	0.0	0.0379266750949
-uñi	0.168738898757	0.316163410302	0.421847246892	0.0932504440498
-oma	0.0952817903337	0.802206867148	0.049031193664	0.0534801488546
-lia	0.027534965035	0.955856643357	0.00262237762238	0.013986013986
-ica	0.144525539645	0.307001496046	0.0334029707202	0.515069993588
-eas	0.00842696629213	0.954494382023	0.0	0.0370786516854
-sam	0.142818176859	0.250013638099	0.412416125689	0.194752059353
-qhu	0.084922727539	0.466199998327	0.220720821806	0.228156452328
-yum	0.126560181548	0.742777341363	0.0224317011434	0.108230775945
-ode	0.0225563909775	0.954887218045	0.0225563909774	0.0
-rna	0.0	1.0	0.0	0.0
-rno	0.318377804162	0.552896331938	0.0687371117915	0.059988752109
-ycu	0.237777336905	0.18110390455	0.031157733567	0.549961024978
-izo	0.0309810671257	0.958691910499	0.0103270223752	0.0
-ean	0.0212765957447	0.968085106383	0.0	0.0106382978723
-uri	0.366614205346	0.348529479671	0.10737415055	0.177482164434
-res	0.0390625	0.799479166667	0.0	0.161458333333
-rgo	0.0384087791495	0.406035665295	0.238683127572	0.316872427984
-lwa	0.0721331194868	0.599719326383	0.018444266239	0.309703287891
-ura	0.127527781146	0.280756772387	0.0836954299717	0.508020016496
-rga	0.0	1.0	0.0	0.0
-gta	0.0676691729323	0.842105263158	0.0902255639098	0.0
-uru	0.359049943037	0.348172490158	0.180130318879	0.112647247926
-nio	0.00564263322884	0.994357366771	0.0	0.0
-uqa	0.0911526750796	0.226501412762	0.0251434382304	0.657202473928
-paj	0.185531676224	0.421633548576	0.0474388341298	0.345395941069
-apa	0.0457045070141	0.104835171611	0.0803589285107	0.769101392864
-pal	0.0387096774193	0.806451612903	0.0	0.154838709677
-war	0.0368541491028	0.932072744791	0.000722630374563	0.0303504757317
-pan	0.462327369135	0.258991854501	0.0581594663715	0.220521309992
-api	0.127277674974	0.441561939421	0.0417316362648	0.38942874934
-way	0.398271091503	0.332430265723	0.0312813526075	0.238017290166
-pay	0.0749518055264	0.132065821918	0.0203142785284	0.772668094027
-uqä	0.418145956608	0.267504930966	0.0604043392505	0.253944773175
-oqa	0.0640638585419	0.776102058933	0.0110099767979	0.148824105727
-apu	0.0374922365999	0.869616473792	0.0031908286468	0.0897004609608
-wan	0.195277223443	0.377784493071	0.0681851604416	0.358753123044
-wam	0.155733437459	0.200182220487	0.554145516074	0.0899388259794
-pas	0.169596908241	0.264729311515	0.04492906791	0.520744712334
-waj	0.101226728969	0.103187288262	0.144729597083	0.650856385685
-nun	0.594628357277	0.358734124505	0.0	0.0466375182178
-seo	0.0420298879203	0.947696139477	0.00840597758405	0.00186799501868
-num	0.210713439204	0.588528087224	0.180848542309	0.0199099312633
-ini	0.522962510952	0.144531512555	0.0223134551704	0.310192521323
-ken	0.127314395121	0.369976865114	0.0212637884645	0.481444951301
-t'u	0.104964931071	0.268228356885	0.538529753884	0.0882769581591
-icó	0.0034344590727	0.996565540927	0.0	0.0
-suq	0.0385272145144	0.110939167556	0.719477054429	0.131056563501
-ael	0.0210208186455	0.899240036495	0.00388794426243	0.0758512005971
-sun	0.437471859962	0.316938977461	0.0683450710764	0.1772440915
-omé	0.0125962211337	0.987403778866	0.0	0.0
-suj	0.290023201856	0.350348027842	0.162412993039	0.197215777262
-nuy	0.741833508957	0.110642781876	0.0	0.147523709168
-koj	0.183971186485	0.38201228202	0.126188687068	0.307827844428
-key	0.0445103857567	0.614243323442	0.0	0.341246290801
-t'a	0.313546953262	0.222891166617	0.293644475404	0.169917404717
-año	0.0	0.939393939394	0.030303030303	0.030303030303
-zín	0.0	1.0	0.0	0.0
-dia	0.0382030420941	0.90024761231	0.00424478245491	0.0573045631411
-dio	0.00881057268722	0.969162995595	0.0220264317181	0.0
-aña	0.194047125854	0.19339083313	0.134654796694	0.477907244322
-sor	0.0454545454546	0.954545454545	0.0	0.0
-son	0.222198017645	0.594815379588	0.0827796536325	0.100206949134
-sla	0.0975609756098	0.853658536585	0.0487804878049	0.0
-dis	0.0	1.0	0.0	0.0
-fen	0.0968342644321	0.785847299814	0.0614525139665	0.0558659217876
-diy	0.484913793103	0.3125	0.0689655172414	0.133620689655
-ska	0.348685630019	0.243885394316	0.0850085191627	0.322420456502
-'oj	0.277922077922	0.623376623377	0.0233766233766	0.0753246753246
-yqa	0.195246779002	0.136808772146	0.0133224818094	0.654621967042
-urí	0.385964912281	0.213032581454	0.0501253132832	0.350877192982
-kim	0.422118036068	0.325969839594	0.117403927782	0.134508196555
-ven	0.0	0.959558823529	0.0404411764706	0.0
-elí	0.0	0.965	0.035	0.0
-vej	0.300655241936	0.415070564516	0.101058467742	0.183215725806
-sko	0.0298507462686	0.298507462687	0.671641791045	0.0
-h'u	0.309391516466	0.22333649546	0.367258436103	0.100013551972
-hqa	0.0125666029959	0.0291545189504	0.00502664119835	0.953252236855
