-bwa	0.278384279476	0.650655021834	0.0491266375546	0.0218340611354
-eus	0.0	1.0	0.0	0.0
-ene	0.0469972681391	0.923832013706	0.0291707181553	0.0
-hen	0.0790513833992	0.920948616601	0.0	0.0
-ive	0.0924024640657	0.907597535934	0.0	0.0
-rbe	0.0097244732577	0.990275526742	0.0	0.0
-nós	0.0	1.0	0.0	0.0
-lem	0.0123609394314	0.987639060569	0.0	0.0
-oyu	0.413724286153	0.586275713847	0.0	0.0
-nso	0.617529880478	0.352589641434	0.0298804780877	0.0
-bta	0.00748502994011	0.99251497006	0.0	0.0
-aum	0.00717131474104	0.988047808765	0.0	0.00478087649402
-rge	0.0	1.0	0.0	0.0
-nti	0.262089967241	0.393309164454	0.0880288920844	0.25657197622
-nto	0.0221512092381	0.740939792287	0.0553417096376	0.181567288837
-nta	0.180066382272	0.321328951713	0.0479150251506	0.450689640864
-nte	0.198850574713	0.697701149425	0.0275862068965	0.0758620689655
-puy	0.469995311768	0.309071729958	0.0955227379278	0.125410220347
-uan	0.0472696653397	0.869284060295	0.00198681605632	0.0814594583088
-apa	0.237943768847	0.267066055365	0.0546715927179	0.44031858307
-pun	0.251820290168	0.49428294051	0.0610359024144	0.192860866908
-yta	0.0793837707257	0.10135885399	0.0110594974794	0.808197877805
-ntu	0.015444015444	0.651866151866	0.0	0.33268983269
-dro	0.0444704962876	0.839077764752	0.00375146541618	0.112700273544
-puk	0.369409986449	0.291827374127	0.0197018659439	0.319060773481
-smu	0.438133874239	0.436105476674	0.077079107505	0.0486815415821
-pre	0.0147463625639	0.902674007078	0.00294927251278	0.079630357845
-nma	0.14575599158	0.576769115679	0.0162337129525	0.261241179788
-arí	0.404411764706	0.181818181818	0.0367647058823	0.377005347594
-más	0.0	1.0	0.0	0.0
-aré	0.0	1.0	0.0	0.0
-nmi	0.287869771987	0.267049666326	0.0421942017375	0.402886359949
-sis	0.0	1.0	0.0	0.0
-opo	0.0	0.957893329769	0.0421066702312	0.0
-opi	0.0911822392856	0.757918457622	0.0311313274632	0.119767975629
-sma	0.539586419711	0.174515452938	0.00609310676761	0.279805020584
-mán	0.0540958268934	0.711488923235	0.234415249871	0.0
-ope	0.00540054005401	0.994599459946	0.0	0.0
-opa	0.114388214191	0.770748879432	0.0330352154388	0.0818276909376
-smi	0.144262023304	0.467444160194	0.011807793655	0.376486022846
-dea	0.0189114860965	0.970902794282	0.00509285981055	0.00509285981054
-msa	0.0784227499266	0.0802518705467	0.0799778211158	0.761347558411
-dek	0.432469304229	0.485675306958	0.0	0.0818553888131
-deo	0.0107238605898	0.98927613941	0.0	0.0
-ima	0.146636999625	0.141207971473	0.0427734811906	0.669381547711
-des	0.0737793851718	0.786618444846	0.00433996383362	0.135262206148
-aka	0.168209809123	0.337204889685	0.0362265788216	0.45835872237
-imi	0.330290072428	0.269165153127	0.0715314039799	0.329013370466
-oka	0.0436381642434	0.832313235049	0.018810972999	0.105237627709
-rwa	0.00722891566265	0.985542168675	0.0	0.00722891566266
-imo	0.673132183908	0.111350574713	0.0431034482759	0.172413793103
-wpa	0.247830508511	0.0782784479763	0.0358389828017	0.638052060711
-yma	0.312244531979	0.134305838121	0.0370409305374	0.516408699362
-ido	0.0814479638009	0.601809954751	0.0542986425339	0.262443438914
-lla	0.226251290896	0.349579575455	0.0965593106513	0.327609822998
-rpa	0.0728792165397	0.914628944505	0.0106637649619	0.00182807399347
-ida	0.0212014134276	0.962897526502	0.0017667844523	0.0141342756184
-kpi	0.407777876132	0.409164674987	0.0445546015166	0.138502847364
-llu	0.100728472494	0.738631909055	0.113190905527	0.047448712923
-bia	0.268121301775	0.674556213018	0.0221893491124	0.0351331360947
-kpa	0.280534661207	0.480655267733	0.0306354439013	0.208174627159
-rpu	0.225330395428	0.625759659634	0.0129921428469	0.135917802091
-ter	0.0	0.913043478261	0.0869565217391	0.0
-uta	0.127678230772	0.487878547425	0.0311770017819	0.35326622002
-ria	0.0274307843322	0.881133267894	0.0263550672996	0.0650808804744
-rin	0.409929219552	0.377340971261	0.10096442682	0.111765382367
-rio	0.0192926045016	0.980707395498	0.0	0.0
-uti	0.155222268797	0.173954847617	0.047459023964	0.623363859622
-lki	0.169375777278	0.700041454847	0.0397093797046	0.0908733881701
-rik	0.219669483905	0.44885550499	0.0708440518439	0.260630959261
-tea	0.0	0.951409135083	0.00971817298348	0.0388726919339
-gra	0.0	1.0	0.0	0.0
-ris	0.0	1.0	0.0	0.0
-aku	0.104535448859	0.504088224397	0.0192228058322	0.372153520912
-ten	0.162022703818	0.466460268318	0.247678018576	0.123839009288
-teo	0.00621214474297	0.972563027385	0.0	0.0212248278718
-lux	0.020979020979	0.979020979021	0.0	0.0
-ara	0.268797626303	0.114680717911	0.0449089848975	0.571612670888
-mes	0.0	0.816326530612	0.183673469388	0.0
-aro	0.0086455331412	0.978386167147	0.0129682997118	0.0
-ari	0.274507407678	0.266686569827	0.0412147277053	0.417591294789
-rón	0.178681877534	0.524774929558	0.086591986805	0.209951206103
-aru	0.0806239381441	0.47968063997	0.0766676018583	0.363027820027
-mea	0.0	1.0	0.0	0.0
-lun	0.143966856551	0.588468841706	0.0983946141895	0.169169687554
-meo	0.0184363263913	0.838170023899	0.0	0.14339364971
-mei	0.0	1.0	0.0	0.0
-mek	0.0	1.0	0.0	0.0
-nwa	0.159127366027	0.566281917977	0.0556485730665	0.21894214293
-aya	0.082112063253	0.245618002306	0.00827666521328	0.663993269228
-ndu	0.179408075397	0.0982133776316	0.404380106452	0.317998440519
-ayo	0.0520833333333	0.947916666667	0.0	0.0
-ayu	0.134999953189	0.395525454009	0.303707833425	0.165766759377
-law	0.146165126086	0.588657130087	0.160799270193	0.104378473634
-bás	0.0453436400146	0.709800703906	0.226718200073	0.0181374560058
-mar	0.104862753161	0.767451423872	0.0084301429012	0.119255680066
-sra	0.163265306122	0.696793002916	0.0	0.139941690962
-dán	0.0430372807018	0.946271929825	0.0	0.0106907894737
-xad	0.0	1.0	0.0	0.0
-bpa	0.0226041014189	0.927830278602	0.041940139982	0.00762547999675
-umu	0.383177570093	0.0	0.373831775701	0.242990654205
-ota	0.0831443550925	0.767372399234	0.0120793052176	0.137403940456
-tán	0.0	1.0	0.0	0.0
-ote	0.0329817101426	0.908196363835	0.00703246381552	0.0517894622073
-oti	0.146268656716	0.719402985075	0.0	0.134328358209
-oto	0.0540540540541	0.756756756757	0.0540540540541	0.135135135135
-rán	0.16	0.84	0.0	0.0
-uma	0.162056890475	0.296584217291	0.111423440862	0.429935451371
-eví	0.0	0.989177489177	0.0	0.0108225108225
-umi	0.2729968401	0.345077224976	0.0695952319751	0.312330702949
-nak	0.267259561023	0.459418279216	0.140281798571	0.13304036119
-kia	0.00680851063832	0.96	0.0	0.0331914893618
-nan	0.202603725783	0.380598549453	0.0448100497596	0.371987675004
-aki	0.406504065041	0.486178861789	0.00975609756099	0.0975609756097
-nam	0.0	1.0	0.0	0.0
-kik	0.649867374005	0.190981432361	0.0	0.159151193634
-kin	0.201012803629	0.19462083247	0.232433116352	0.371933247549
-kim	0.0	1.0	0.0	0.0
-aús	0.0684931506849	0.890410958904	0.041095890411	0.0
-sik	0.322421661089	0.411946050096	0.019267822736	0.246364466078
-nay	0.304456476468	0.252151881161	0.0791336942941	0.364257948077
-sio	0.0512242598095	0.943243520131	0.00553222005942	0.0
-sin	0.139587698349	0.724402572856	0.0302676883855	0.10574204041
-nas	0.0188996220076	0.971650566989	0.0	0.00944981100378
-kiy	0.276300504888	0.0819594089259	0.0133467934734	0.628393292713
-mos	0.248242293131	0.63998557779	0.0162249864792	0.0955471425996
-gog	0.0	1.0	0.0	0.0
-yni	0.238505204658	0.281267942696	0.0587526372346	0.421474215411
-aán	0.0314136125654	0.837696335079	0.123036649215	0.00785340314136
-lko	0.2	0.8	0.0	0.0
-yna	0.366588112071	0.452663582671	0.0473509644758	0.133397340781
-lka	0.0414367392474	0.820268143515	0.00972169651572	0.128573420722
-mol	0.0	0.651878749605	0.348121250395	0.0
-ber	0.0	1.0	0.0	0.0
-yay	0.244164779405	0.230612810443	0.197192519756	0.328029890396
-lpa	0.129851820874	0.47083626142	0.0301790479804	0.369132869726
-yan	0.395238411384	0.120306057179	0.0255709086001	0.458884622837
-lpi	0.154665427134	0.69568117055	0.0112164265071	0.138436975809
-upu	0.210923827945	0.249148015106	0.245187436677	0.294740720272
-reo	0.00841672121949	0.935752361358	0.0558309174226	0.0
-ise	0.111317254174	0.597402597403	0.139146567718	0.152133580705
-rea	0.0199504932205	0.942291351092	0.0255661876086	0.0121919680792
-red	0.0	1.0	0.0	0.0
-eva	0.175438596491	0.824561403509	0.0	0.0
-upa	0.0835204697292	0.61417823198	0.0400678612197	0.262233437071
-res	0.132471728594	0.828756058158	0.0387722132472	0.0
-ret	0.00877192982457	0.958698830409	0.00328947368421	0.0292397660819
-upi	0.128972371742	0.520155409133	0.0856898353773	0.265182383748
-may	0.301910687184	0.270785381886	0.0135436663886	0.413760264541
-hab	0.0125	0.9875	0.0	0.0
-naí	0.110481586402	0.829255730106	0.00927118207569	0.0509915014164
-kwa	0.0798765214139	0.18814577605	0.0518106638372	0.680167038699
-mas	0.0108401084011	0.981029810298	0.00813008130081	0.0
-hak	0.152469801157	0.256171732964	0.220981891112	0.370376574767
-ham	0.0350806672635	0.9139610093	0.0346238877419	0.0163344356946
-han	0.568856245928	0.24498897922	0.0688266303382	0.117328144514
-mak	0.283542753113	0.0520130965056	0.0170523238678	0.647391826513
-mal	0.0	0.991111111111	0.00888888888889	0.0
-man	0.474310388839	0.275609590011	0.00756805257107	0.242511968579
-hay	0.0565536792565	0.00469510370051	0.000804076005578	0.937947141037
-nku	0.10989010989	0.653435644815	0.0963117342428	0.140362511052
-uni	0.47333602259	0.201964787039	0.0539225792957	0.270776611075
-una	0.333526927444	0.26006801138	0.0371996511072	0.369205410069
-iro	0.0	0.996829841756	0.00317015824373	0.0
-nka	0.254323445099	0.267172609087	0.0437720848355	0.434731860978
-pto	0.128658277958	0.740986851407	0.0794570903435	0.0508977802913
-nki	0.487578726016	0.190562912033	0.032227826525	0.289630535425
-dka	0.0746739587716	0.824358435002	0.0	0.100967606226
-tra	0.0328798185941	0.967120181406	0.0	0.0
-gan	0.386694386694	0.449064449065	0.164241164241	0.0
-tro	0.0701480904131	0.823330735256	0.0415692387633	0.0649519355677
-gak	0.345238095238	0.290880503145	0.150494159928	0.213387241689
-gai	0.0	1.0	0.0	0.0
-adi	0.0	1.0	0.0	0.0
-tru	0.109589041096	0.890410958904	0.0	0.0
-gau	0.0	1.0	0.0	0.0
-sna	0.0579838169994	0.0188690326843	0.00568832826336	0.917458822053
-aat	0.0	1.0	0.0	0.0
-gay	0.297415816531	0.311418724739	0.0698427964597	0.32132266227
-seo	0.0464065089648	0.926874591934	0.00843754708452	0.0182813520165
-ini	0.397930782206	0.256950904909	0.0569386640292	0.288179648856
-ywa	0.166145646965	0.222840570686	0.0750339181808	0.535979864168
-sel	0.0713463751438	0.91829689298	0.0	0.0103567318757
-sek	0.0	1.0	0.0	0.0
-bel	0.0622648851991	0.87676741471	0.0181605915164	0.0428071085744
-ino	0.0114068441065	0.661596958175	0.326996197719	0.0
-ina	0.210963869431	0.336845835089	0.0830179186772	0.369172376803
-sea	0.0117164616286	0.988283538371	0.0	0.0
-ira	0.32261316541	0.238818080894	0.0584689490514	0.380099804645
-lbu	0.766564908967	0.233435091033	0.0	0.0
-kna	0.162303664921	0.044502617801	0.0837696335078	0.70942408377
-inu	0.0	1.0	0.0	0.0
-blo	0.0935067019825	0.673041863025	0.00481579581026	0.228635639182
-ñan	0.197603663509	0.621000165383	0.0233132403009	0.158082930807
-kus	0.026862026862	0.95115995116	0.0	0.021978021978
-ñak	0.330309392096	0.48823880963	0.0881284766386	0.093323321636
-són	0.278350515464	0.690721649484	0.0	0.0309278350515
-nes	0.20027155465	0.772572980312	0.0271554650373	0.0
-kuy	0.0874169192315	0.0933543257641	0.0238602341519	0.795368520852
-rso	0.219123505976	0.756972111554	0.0	0.0239043824701
-neo	0.0	0.906890130354	0.0	0.0931098696462
-oos	0.0300751879699	0.96992481203	0.0	0.0
-tka	0.265416084614	0.490659011713	0.114977818031	0.128947085642
-ñay	0.275532359913	0.46503057708	0.115037549053	0.144399513954
-yak	0.434226531329	0.291677839775	0.0862139940745	0.187881634822
-ias	0.00839704630471	0.954620962262	0.00493326470402	0.0320487267296
-kun	0.505023402361	0.273758761616	0.0583027009749	0.162915135049
-mta	0.0834324806663	0.879625223081	0.0116597263534	0.0252825698989
-kuk	0.486164423878	0.181249491224	0.0420295935428	0.290556491355
-ban	0.389743589744	0.379487179487	0.123076923077	0.107692307692
-eka	0.0833716197884	0.839303608574	0.0352880528172	0.0420367188207
-bay	0.279069767442	0.273255813953	0.174418604651	0.273255813953
-mka	0.0623111782477	0.848942598187	0.048284419508	0.040461804057
-job	0.345323741007	0.568345323741	0.0863309352518	0.0
-ase	0.0	0.722222222222	0.277777777778	0.0
-asa	0.165020686621	0.272404575749	0.144496884337	0.418077853293
-aso	0.209497206704	0.747672253259	0.00558659217876	0.0372439478586
-asi	0.166374001078	0.414179463455	0.062965415255	0.356481120213
-ash	0.0	0.553893045165	0.446106954835	0.0
-nyu	0.0309711286089	0.658792650919	0.300787401575	0.00944881889763
-lta	0.0762480147605	0.854385310587	0.0234276780047	0.0459389966483
-ray	0.2726650211	0.37251373517	0.0345568914723	0.320264352257
-ras	0.135044588358	0.122986523611	0.00435041685803	0.737618471173
-ran	0.124040443538	0.120668139357	0.062366751228	0.692924665876
-eri	0.0	1.0	0.0	0.0
-iwa	0.219233810566	0.454295427387	0.0637180277425	0.262752734304
-ram	0.0	1.0	0.0	0.0
-rak	0.225542355646	0.190010805437	0.151033033115	0.433413805802
-era	0.0689247735329	0.875935407641	0.0	0.0551398188263
-swa	0.138285399074	0.489542683106	0.00948493899899	0.362686978821
-pos	0.0264705882353	0.973529411765	0.0	0.0
-nra	0.371620391468	0.352649370339	0.0588216983784	0.216908539815
-ike	0.277777777778	0.722222222222	0.0	0.0
-ika	0.262995944238	0.357032377532	0.0685665926398	0.31140508559
-iko	0.038626609442	0.785407725322	0.175965665236	0.0
-lam	0.0	1.0	0.0	0.0
-lan	0.190751832149	0.166719988096	0.0380194189205	0.604508760835
-lao	0.6	0.275862068965	0.0	0.124137931035
-iki	0.259090304624	0.484986108894	0.178062755582	0.0778608309005
-lak	0.352053200967	0.522082160731	0.0995474866575	0.026317151645
-aam	0.109422492401	0.844984802431	0.0	0.0455927051672
-fos	0.0	1.0	0.0	0.0
-eón	0.115277425893	0.854319736509	0.0304028375982	0.0
-aak	0.00189214758751	0.9697256386	0.0	0.0283822138127
-las	0.159061814192	0.444083760058	0.383412582297	0.0134418434528
-epi	0.085452695829	0.763987792472	0.0528992878942	0.0976602238046
-lay	0.0	0.777777777778	0.126984126984	0.0952380952381
-gel	0.0760355589181	0.867221486665	0.0136183090599	0.0431246453565
-aha	0.2037875669	0.693289419514	0.102923013586	0.0
-fán	0.0	0.957625145518	0.0423748544819	0.0
-mya	0.151843817787	0.747071583514	0.0681127982646	0.0329718004338
-fás	0.20675944334	0.709741550696	0.0596421471173	0.0238568588469
-ypi	0.0973957869326	0.0362401845078	0.0120322205132	0.854331808046
-ges	0.0769230769231	0.894230769231	0.0288461538462	0.0
-ypa	0.0968873553991	0.166922135261	0.11677119881	0.61941931053
-dok	0.0	1.0	0.0	0.0
-ahu	0.395411605938	0.110661268556	0.0971659919028	0.396761133603
-ión	0.0205827318899	0.952686447474	0.0106923282545	0.0160384923817
-yku	0.202715690666	0.219722297156	0.0532252069854	0.524336805192
-vos	0.0531124814332	0.944186883918	0.0	0.00270063464914
-mpi	0.141392336751	0.654074473826	0.0420939017809	0.162439287642
-say	0.112274417964	0.243008678881	0.0633696101392	0.581347293016
-mpa	0.0701940973145	0.632943366126	0.272434193034	0.0244283435257
-oli	0.0168067226891	0.983193277311	0.0	0.0
-tor	0.0140186915888	0.901869158879	0.0280373831776	0.0560747663551
-tos	0.0	1.0	0.0	0.0
-yka	0.130864030309	0.092674176549	0.0146361762919	0.76182561685
-sak	0.0604006859799	0.145577186184	0.0188926379745	0.775129489861
-mpu	0.275780871584	0.249298618338	0.0332347002882	0.44168580979
-san	0.497652359229	0.243834687198	0.0171576192334	0.24135533434
-sam	0.0	1.0	0.0	0.0
-iel	0.0101867572156	0.979626485569	0.0101867572156	0.0
-loi	0.0	0.980769230769	0.0192307692308	0.0
-loe	0.0	0.833333333333	0.0	0.166666666667
-mín	0.0372670807453	0.521739130435	0.44099378882	0.0
-rom	0.0	1.0	0.0	0.0
-lot	0.0	0.921568627451	0.078431372549	0.0
-los	0.0273972602739	0.794520547945	0.164383561644	0.013698630137
-hku	0.103374360393	0.713594246992	0.0634075508229	0.119623841792
-ipo	0.0	0.990196078431	0.0	0.00980392156862
-sar	0.0	1.0	0.0	0.0
-ipa	0.317050825145	0.259348707863	0.0626997307281	0.360900736264
-húm	0.0	1.0	0.0	0.0
-ipe	0.0	0.993348115299	0.00221729490022	0.00443458980044
-noé	0.0	1.0	0.0	0.0
-ikó	0.0	1.0	0.0	0.0
-ewa	0.119813775161	0.804532383952	0.0359441325483	0.039709708339
-hka	0.292240443678	0.212166766338	0.188360174644	0.30723261534
-npa	0.318653816295	0.347670079484	0.0662366935023	0.267439410718
-rdo	0.0	0.961089494163	0.0389105058366	0.0
-hki	0.218754692248	0.347484955014	0.334660072693	0.0991002800453
-xka	0.01230228471	0.98769771529	0.0	0.0
-awa	0.178285086796	0.338377078351	0.0502136218119	0.433124213042
-kor	0.0	1.0	0.0	0.0
-tol	0.216387889054	0.57399957654	0.038111369892	0.171501164514
-rpi	0.181312420403	0.704604866278	0.0798981164957	0.0341845968228
-stu	0.0506001086585	0.741414578882	0.0164353743352	0.191549938125
-ñuy	0.192666252331	0.64781437746	0.109799047027	0.0497203231821
-sto	0.135893772586	0.781746365241	0.0747962013615	0.00756366081183
-wka	0.0281214848144	0.12879640045	0.803712035996	0.0393700787401
-wki	0.216456415566	0.365943823006	0.0249122234476	0.39268753798
-sta	0.0466399835686	0.48209157207	0.00546311827472	0.465805326087
-saí	0.0	1.0	0.0	0.0
-loé	0.0	0.935821250297	0.0	0.0641787497028
-ián	0.0	0.919463087248	0.0805369127517	0.0
-ymi	0.168301935688	0.137282514019	0.0217117055508	0.672703844742
-yyu	0.123417316994	0.419274684174	0.284593351272	0.172714647561
-tik	0.282664445565	0.407360322644	0.00657563071259	0.303399601078
-ryu	0.454935622317	0.321888412017	0.0429184549356	0.18025751073
-ion	0.0	1.0	0.0	0.0
-lea	0.0106940080481	0.948183672344	0.0	0.0411223196075
-mun	0.326005089058	0.231857506361	0.0451908396947	0.396946564885
-muk	0.437190900099	0.232278272338	0.208539399934	0.121991427629
-leg	0.0	1.0	0.0	0.0
-ios	0.207717825472	0.51665279997	0.00277838781525	0.272850986742
-muy	0.751325704717	0.0672620708903	0.0212112754675	0.160200948925
-eel	0.0	1.0	0.0	0.0
-rra	0.009942004971	0.990057995029	0.0	0.0
-bka	0.108456358456	0.85754985755	0.0203962703963	0.0135975135975
-alu	0.301960405867	0.565305503474	0.0474247270321	0.0853093636263
-rro	0.223495702006	0.541547277937	0.21776504298	0.0171919770774
-gio	0.0278637770898	0.941176470588	0.030959752322	0.0
-udá	0.0	1.0	0.0	0.0
-yki	0.391898461568	0.344137674137	0.0692608489484	0.194703015346
-rru	0.141337386018	0.74924012158	0.109422492401	0.0
-ali	0.23676800809	0.0475451051943	0.176675002889	0.539011883827
-gia	0.0	0.9625	0.0375	0.0
-ala	0.233215547703	0.677738515901	0.0551236749116	0.0339222614841
-uva	0.0350078864146	0.716002753557	0.0	0.248989360029
-gpa	0.0	1.0	0.0	0.0
-abé	0.112858464385	0.814061054579	0.0	0.0730804810361
-lok	0.0	1.0	0.0	0.0
-chi	0.350981904702	0.246725718633	0.0518516781937	0.350440698471
-iyu	0.389550278041	0.209824736539	0.16099722235	0.23962776307
-cha	0.102648253373	0.364367250503	0.0457372151602	0.487247280964
-rku	0.286886244321	0.385760137398	0.0123634237548	0.314990194526
-iyo	0.0	1.0	0.0	0.0
-elo	0.0	1.0	0.0	0.0
-rko	0.0105263157895	0.989473684211	0.0	0.0
-rka	0.636662567233	0.0849151277845	0.0228013272609	0.255620977721
-aén	0.0	1.0	0.0	0.0
-iya	0.611708482676	0.113500597372	0.131421744325	0.143369175627
-chu	0.401220166378	0.244344440438	0.0976710920202	0.256764301164
-isa	0.241916814569	0.685160892044	0.0243074311289	0.0486148622579
-sya	0.20368012829	0.745253936966	0.0510659347433	0.0
-itu	0.063192250269	0.780933532401	0.118606992813	0.0372672245176
-ito	0.374296841194	0.472090004327	0.123323236694	0.0302899177845
-tes	0.0	0.988764044944	0.0112359550562	0.0
-eso	0.00467653936087	0.994154325799	0.0	0.00116913484022
-iti	0.20932150959	0.79067849041	0.0	0.0
-esa	0.407955701209	0.559272234151	0.0	0.0327720646401
-ite	0.0754716981132	0.924528301887	0.0	0.0
-ita	0.187030555213	0.200492381249	0.0419861528004	0.570490910738
-spa	0.0311893413059	0.125389892329	0.0101934363503	0.833227330014
-spe	0.0693196405648	0.884467265725	0.0462130937099	0.0
-spi	0.318752507285	0.430834713716	0.0168302520664	0.233582526933
-gru	0.00921658986175	0.548387096774	0.423963133641	0.0184331797235
-spo	0.0	1.0	0.0	0.0
-fas	0.0554066130473	0.917783735478	0.0268096514745	0.0
-uda	0.0579710144928	0.942028985507	0.0	0.0
-fat	0.0	1.0	0.0	0.0
-nna	0.345750571097	0.412161270993	0.0803907489543	0.161697408956
-abu	0.020202020202	0.979797979798	0.0	0.0
-hun	0.462966950535	0.257181457439	0.0565008862542	0.223350705772
-rim	0.0	1.0	0.0	0.0
-huk	0.0384071554293	0.0559720836794	0.0225424395933	0.883078321298
-gad	0.0	1.0	0.0	0.0
-huy	0.759568384006	0.102771531919	0.083585883273	0.0540742008016
-abo	0.0	1.0	0.0	0.0
-kob	0.00881057268723	0.991189427313	0.0	0.0
-tuk	0.0	1.0	0.0	0.0
-ael	0.0456062943208	0.731168370949	0.0860080663927	0.137217268338
-tun	0.0176513444927	0.308281028488	0.148162790862	0.525904836157
-sor	0.0	1.0	0.0	0.0
-son	0.0912778904665	0.665314401623	0.182555780933	0.0608519269777
-oro	0.364261254419	0.441247242553	0.160219872538	0.0342716304895
-kos	0.149068322981	0.850931677019	0.0	0.0
-ado	0.149253731343	0.761194029851	0.044776119403	0.044776119403
-ruy	0.0377797151991	0.962220284801	0.0	0.0
-lix	0.0632124352332	0.762694300518	0.130569948186	0.0435233160621
-kra	0.0306103741804	0.917084520424	0.0315019384769	0.0208031669187
-rus	0.27766235379	0.484516469013	0.0	0.237821177197
-wsa	0.312514847722	0.392740057966	0.113792939611	0.180952154701
-rut	0.0	1.0	0.0	0.0
-lis	0.0312449927896	0.882230411793	0.0	0.0865245954174
-lim	0.0	1.0	0.0	0.0
-lin	0.434782608696	0.229813664596	0.105744058313	0.229659668395
-ipi	0.206076909048	0.426265954068	0.0406362777218	0.327020859162
-run	0.349431158579	0.650568841421	0.0	0.0
-sué	0.104674505305	0.895325494695	0.0	0.0
-lik	0.116964387302	0.303931050176	0.252872909318	0.326231653203
-oma	0.165379746927	0.709171236537	0.0335940259299	0.0918549906064
-rua	0.476213951196	0.427655903377	0.0	0.0961301454276
-rug	0.0	1.0	0.0	0.0
-eas	0.0351699882767	0.810082063306	0.0	0.154747948417
-lna	0.0203389830508	0.80790960452	0.0802259887006	0.0915254237289
-ode	0.181619256018	0.796498905908	0.0218818380744	0.0
-rna	0.0	1.0	0.0	0.0
-riy	0.477067563155	0.24290645634	0.025527230267	0.254498750238
-rni	0.0847831413869	0.804949767214	0.0294045577064	0.0808625336927
-uri	0.209090909091	0.790909090909	0.0	0.0
-hni	0.0	1.0	0.0	0.0
-lwa	0.0833675003416	0.785431187645	0.0820008200081	0.0492004920049
-ura	0.193612673777	0.170222994414	0.232518745002	0.403645586807
-hna	0.146380797847	0.153751780909	0.0178090865917	0.682058334653
ALL	0.21947243028	0.256787540779	0.0490268309362	0.474713198005
-eha	0.0726027190674	0.823520762485	0.00807576591589	0.0958007525317
-uru	0.0510935092319	0.948906490768	0.0	0.0
-pak	0.244024793999	0.312436621515	0.120021221299	0.323517363186
-war	0.056562627777	0.916178274499	0.0245331879515	0.00272590977239
-pan	0.379330523412	0.178109694823	0.0340061521215	0.408553629643
-ñor	0.596899224806	0.321705426357	0.0348837209302	0.046511627907
-api	0.141065150132	0.414048400818	0.0345181408524	0.410368308198
-way	0.439576851332	0.241620300693	0.0505192135413	0.268283634434
-pay	0.101453402745	0.160417419879	0.0588882844107	0.679240892966
-apu	0.0941092013613	0.546484139055	0.0312279667209	0.328178692862
-wan	0.100774536423	0.144788721401	0.0928738394292	0.661562902747
-pas	0.192309957595	0.285521220975	0.0563797888727	0.465789032558
-wak	0.39416523636	0.266580368409	0.0614096522891	0.277844742942
-keo	0.0	1.0	0.0	0.0
-kem	0.0	0.967032967033	0.0	0.032967032967
-sem	0.0	1.0	0.0	0.0
-sun	0.411462856546	0.335079273282	0.029245138866	0.224212731306
-omé	0.0	0.95865237366	0.0229709035222	0.0183767228178
-suk	0.115243411149	0.352270128302	0.0628405416677	0.469645918881
-dia	0.0206611570248	0.971074380165	0.0	0.00826446280992
-dio	0.0	1.0	0.0	0.0
-aña	0.577907827359	0.334308705194	0.0	0.087783467447
-sia	0.0118034721881	0.978360300989	0.00590173609404	0.00393449072935
-sla	0.250883822992	0.651834694624	0.0358405461417	0.0614409362427
-dis	0.0	1.0	0.0	0.0
-añu	0.156492375877	0.416926080304	0.0941803408432	0.332401202976
-sli	0.0	1.0	0.0	0.0
-ska	0.115249126758	0.505441460368	0.0120099032611	0.367299509613
-sús	0.183811718696	0.597505232164	0.00104755918709	0.217635489954
-uku	0.0834096649735	0.473672523385	0.2405140589	0.202403752741
-elí	0.0	0.979591836735	0.0204081632653	0.0
-sko	0.0263766774641	0.965293845442	0.0	0.00832947709393
-uka	0.0905110067849	0.302177150584	0.0381348384266	0.569177004205
-sku	0.0692538495515	0.141074066741	0.250544496398	0.53912758731
-ihu	0.0976387482689	0.0654610201445	0.0937634558764	0.74313677571
-uki	0.601316752012	0.296269202633	0.102414045355	0.0
-tpa	0.0	0.991477272727	0.0	0.00852272727273
-kka	0.21885213342	0.362058084608	0.112899226352	0.30619055562
-tiy	0.357044147898	0.33081913603	0.0422385146896	0.269898201382
-tia	0.0	1.0	0.0	0.0
-tin	0.112515802781	0.74420564686	0.130636325327	0.0126422250316
-tio	0.109756097561	0.780487804878	0.0731707317073	0.0365853658537
-lón	0.0	1.0	0.0	0.0
-ngo	0.0140077821012	0.67859922179	0.04046692607	0.266926070039
-ema	0.345754428833	0.545510079414	0.0586438607209	0.0500916310324
-uwa	0.150477230398	0.573715733826	0.0342868627032	0.241520173073
-emo	0.0	0.963414634146	0.0365853658537	0.0
-osé	0.0	0.998772522029	0.0	0.00122747797115
-mmi	0.390995260663	0.46682464455	0.0	0.142180094787
-set	0.0	1.0	0.0	0.0
-ana	0.167890972433	0.0777656124621	0.0187906062279	0.735552808877
-dpa	0.00806706183579	0.982813650872	0.0	0.00911928729264
-ser	0.0	1.0	0.0	0.0
-lra	0.392720306514	0.607279693486	0.0	0.0
-xta	0.484375	0.46875	0.046875	0.0
-eta	0.0501721422389	0.878313689726	0.0372018146849	0.0343123533502
-dón	0.00877192982455	0.965886939571	0.0	0.0253411306042
-kri	0.0203094777563	0.803675048356	0.1083172147	0.0676982591876
-eto	0.0	1.0	0.0	0.0
-atu	0.15387208006	0.28762541806	0.213424593607	0.345077908273
-uya	0.153947410666	0.300767329117	0.295823032716	0.249462227502
-omi	0.305137526579	0.647328348995	0.0302489882708	0.0172851361547
-ebú	0.0145631067961	0.985436893204	0.0	0.0
-lio	0.0237780713342	0.896961690885	0.0158520475562	0.0634081902245
-mwa	0.0551508844953	0.836628511967	0.0208116545265	0.0874089490114
-ata	0.17793205963	0.292262827828	0.0595834013893	0.470221711153
-amá	0.034188034188	0.897435897436	0.034188034188	0.034188034188
-ato	0.454292665972	0.503997219326	0.0	0.0417101147028
-uyu	0.0310568886191	0.760898070294	0.173376886349	0.0346681547376
-ati	0.0341546718711	0.965845328129	0.0	0.0
-kak	0.409344776681	0.440166598373	0.0526513726965	0.0978372522495
-tal	0.0	0.660980810234	0.0	0.339019189766
-osa	0.0863309352518	0.78417266187	0.0	0.129496402878
-kan	0.386594086906	0.289404260474	0.0620239863914	0.261977666229
-oso	0.0361300682457	0.855479727017	0.0361300682457	0.0722601364913
-niy	0.314270152505	0.299564270153	0.157407407407	0.228758169935
-hta	0.175024130165	0.160913728915	0.393804292871	0.270257848049
-lén	0.0156750826932	0.892871053387	0.0115061777216	0.0799476861982
-nia	0.0150343642612	0.942746686303	0.0310198821797	0.0111990672558
-kas	0.122559871201	0.859327832562	0.00603743207888	0.0120748641578
-nik	0.298539528423	0.27406286715	0.0290948992485	0.398302705179
-nin	0.166339031711	0.282654201538	0.441765547749	0.109241219001
-nio	0.0	1.0	0.0	0.0
-shu	0.180067808806	0.0804850258707	0.372644984716	0.366802180607
-lia	0.0207011686144	0.951252086811	0.012020033389	0.0160267111853
-shi	0.26349300382	0.261150180781	0.130886844757	0.344469970641
-nón	0.0266666666666	0.786666666667	0.186666666667	0.0
-saú	0.152935372472	0.457326097681	0.291070547607	0.0986679822397
-sha	0.442588926992	0.195914462752	0.040482255283	0.321014354973
-fia	0.0	1.0	0.0	0.0
-yra	0.205165064753	0.483727854814	0.0842236658813	0.226883414551
-rín	0.0139168084119	0.910313901345	0.0479356734189	0.0278336168239
-ilu	0.159010600707	0.755174154467	0.0272589601212	0.0585562847047
-kua	0.000616611514191	0.958173185621	0.00246644605677	0.0387437568084
-lda	0.0	0.537481318336	0.462518681664	0.0
-wpi	0.0741807909604	0.430621468927	0.11779661017	0.377401129943
--ku	0.2	0.535714285714	0.264285714286	0.0
-yuy	0.0559910414334	0.944008958567	0.0	0.0
-ila	0.0257244573747	0.912437315775	0.019293343031	0.0425448838189
-ilo	0.138396772496	0.751096298895	0.0578845816523	0.0526223469567
-lma	0.096859131089	0.810607485424	0.0483355275532	0.0441978559338
-oam	0.0	1.0	0.0	0.0
-lmi	0.318503538928	0.189416919447	0.138186720593	0.353892821031
-amu	0.219928107998	0.592058163586	0.168170590852	0.0198431375637
-ebe	0.537313432836	0.462686567164	0.0	0.0
-ami	0.24645422382	0.193038716267	0.0575132320286	0.502993827884
-igu	0.0748232678512	0.850645267747	0.0244385388985	0.0500929255033
-ama	0.257280346561	0.165487410725	0.0391638528157	0.538068389898
-sín	0.0	0.456310679612	0.427184466019	0.116504854369
-oas	0.00998890122086	0.956714761376	0.0	0.0332963374029
-xpa	0.330612244898	0.477551020408	0.0204081632653	0.171428571428
-hik	0.136012951544	0.512672059768	0.058064390093	0.293250598594
-iri	0.0412362421579	0.174544387994	0.709054574016	0.0751647958322
-hin	0.304911298848	0.413228318622	0.0627602740134	0.219100108517
-usa	0.27907814188	0.623694634498	0.0648181490817	0.0324090745409
-món	0.0115251632731	0.983250096043	0.0	0.00522474068382
-mós	0.0	1.0	0.0	0.0
-hiy	0.44360798124	0.320845222674	0.0565319715147	0.179014824572
-agé	0.0832735104092	0.895190236899	0.0	0.021536252692
-gun	0.00362680206727	0.931090760722	0.0326412186055	0.0326412186055
-iru	0.152741977251	0.100297603633	0.324626202665	0.42233421645
-his	0.0145147243815	0.0110069993226	0.00266103280328	0.971817243493
-usu	0.096820463782	0.307614152522	0.466770260579	0.128795123117
-ulo	0.0603248259861	0.923222948745	0.00506222315967	0.0113900021093
-vid	0.0234070221066	0.921326397919	0.00877763329002	0.046488946684
-epa	0.038775853503	0.922363793555	0.0309080168842	0.0079523360574
-ñuk	0.267648885515	0.403767855911	0.183596715202	0.144986543372
-ñun	0.611724723874	0.274992919853	0.0934579439252	0.0198244123478
-aná	0.0301717621229	0.968907966265	0.000920271611592	0.0
-dta	0.307453416149	0.636645962733	0.0	0.055900621118
-bén	0.0	0.619047619048	0.0	0.380952380952
-amo	0.0	1.0	0.0	0.0
-aní	0.0	1.0	0.0	0.0
-win	0.524044389642	0.187011919441	0.288943690917	0.0
-wik	0.21827009811	0.566577948038	0.163702573583	0.0514493802688
-pik	0.334376303713	0.283479349186	0.0100125156445	0.372131831456
-npi	0.173567324293	0.461289277869	0.035827011067	0.329316386771
-siy	0.0252206809584	0.808322824716	0.166456494325	0.0
-pin	0.482515894641	0.317665758401	0.133969118983	0.0658492279745
-pio	0.0	0.744463373084	0.0	0.255536626916
-rés	0.0	1.0	0.0	0.0
-nok	0.0	1.0	0.0	0.0
-piy	0.333838731909	0.25127498277	0.0317022742935	0.383184011027
-iud	0.0	1.0	0.0	0.0
-tés	0.0774193548386	0.890322580645	0.0322580645162	0.0
-kay	0.103780690053	0.0705700678879	0.00486523256534	0.820784009494
-uel	0.149833518313	0.771087680355	0.0291342952275	0.0499445061044
-owa	0.135840292858	0.753944459388	0.00762322130303	0.102592026452
-uhu	0.2313860252	0.479954180985	0.109965635739	0.178694158076
-hpa	0.223850556515	0.217639762805	0.0473687595746	0.511140921106
-ago	0.00451450284038	0.99435687145	0.0	0.00112862571009
-kmi	0.280368403678	0.447190049842	0.121472486495	0.150969059985
-kar	0.0	0.971359029774	0.028640970226	0.0
-kma	0.378543475063	0.390766514639	0.0284243048404	0.202265705458
-uha	0.0	0.904507474564	0.0954925254363	0.0
-rte	0.22770398482	0.77229601518	0.0	0.0
-aín	0.016835016835	0.983164983165	0.0	0.0
-rta	0.0550068305185	0.917912883688	0.0101551071727	0.0169251786211
-alí	0.0	1.0	0.0	0.0
-ego	0.0759437672041	0.290110106174	0.582088084939	0.0518580416831
-rto	0.101123595506	0.898876404494	0.0	0.0
-rti	0.0548285851442	0.211631354124	0.0929098119387	0.640630248793
-das	0.0840731070496	0.903394255875	0.0	0.0125326370757
-rtu	0.140927774516	0.728909767078	0.102759835584	0.0274026228224
-dam	0.0	1.0	0.0	0.0
-dan	0.716312056738	0.222222222222	0.0189125295508	0.0425531914893
-kta	0.163104658918	0.140358372524	0.0276106395294	0.668926329028
-dak	0.948717948718	0.0512820512821	0.0	0.0
-ani	0.475181759688	0.121786993878	0.0220959610542	0.38093528538
-dab	0.0	1.0	0.0	0.0
-ano	0.24788091107	0.367876048493	0.127852619713	0.256390420723
-ksa	0.199777513522	0.613870881123	0.121907246154	0.0644443592006
-tam	0.0	1.0	0.0	0.0
-tan	0.0690318565042	0.670023953677	0.214451423075	0.046492766744
-tak	0.411495766012	0.17024212783	0.0674764085011	0.350785697657
-ksi	0.88783269962	0.0836501901141	0.0285171102662	0.0
-iña	0.254505368098	0.480444785276	0.184528374233	0.0805214723925
-tay	0.450861946768	0.420603853409	0.0772426426491	0.0512915571742
-bed	0.239467849224	0.760532150776	0.0	0.0
-tat	0.0	1.0	0.0	0.0
-tar	0.346097201767	0.282768777614	0.164948453608	0.20618556701
-mia	0.045540796964	0.954459203036	0.0	0.0
-nos	0.0	0.985294117647	0.0147058823529	0.0
-nán	0.0209937018894	0.979006298111	0.0	0.0
-sés	0.0587716720541	0.860522228286	0.0167919063012	0.0639141933588
-min	0.113665983988	0.699497300317	0.0269968348538	0.159839880842
-eno	0.133451957295	0.813167259787	0.0	0.0533807829181
-miy	0.501201923077	0.372596153846	0.0180288461538	0.108173076923
-nás	0.117400419287	0.766596785465	0.0433263452131	0.0726764500349
-rmi	0.0410941033223	0.511459873456	0.0189299225952	0.428516100626
-ena	0.0	1.0	0.0	0.0
-oel	0.0805729632945	0.865711727842	0.0	0.053715308863
