-rba	0.322859613722	0.677140386278	0.0	0.0
-ltu	0.150122020361	0.360687258116	0.355892720684	0.133298000838
-rbi	0.016393442623	0.983606557377	0.0	0.0
-ufu	0.116504854369	0.747572815534	0.135922330097	0.0
-plu	0.463917525773	0.515463917526	0.0	0.020618556701
-nsi	0.0427215189874	0.0723892405063	0.119066455696	0.76582278481
-nti	0.380281690141	0.582159624413	0.0	0.037558685446
-puq	0.106067971892	0.0506916515667	0.727891457109	0.115348919432
-pur	0.250722311396	0.430497592295	0.0792937399679	0.23948635634
-pus	0.0152490681125	0.984750931888	0.0	0.0
-nta	0.144425690895	0.154632876059	0.390211193121	0.310730239926
ALL	0.232823404752	0.272842503245	0.0522046489289	0.442129443075
-aju	0.160153289577	0.43545965424	0.392375559464	0.0120114967183
-pum	0.234450171821	0.31323024055	0.0223367697595	0.429982817869
-pun	0.1783633525	0.559651193786	0.119568942538	0.142416511176
-ntu	0.0908974693867	0.690147001175	0.107991939634	0.110963589804
-war	0.0451513596716	0.954848640328	0.0	0.0
-smu	0.590277777778	0.409722222222	0.0	0.0
-waq	0.467710172279	0.134182584796	0.0555197553845	0.342587487541
-pri	0.0245231607629	0.975476839237	0.0	0.0
-arí	0.175448549748	0.10630451741	0.0205659173108	0.697681015531
-'iq	0.85181522814	0.135471111739	0.0	0.0127136601215
-nmi	0.266775072551	0.256011624254	0.0440337073086	0.433179595886
-opi	0.51539912005	0.244186046512	0.0282840980516	0.212130735387
-opa	0.346103038309	0.606340819022	0.0317040951123	0.0158520475561
-smi	0.278549641355	0.403988641811	0.052138841227	0.265322875607
-msa	0.0395057327868	0.0235029406523	0.144091962217	0.792899364344
-imu	0.150863508488	0.241782376615	0.432224065028	0.175130049869
-wqa	0.305853256389	0.284418796373	0.0741962077494	0.335531739489
-400	0.122324159021	0.0886850152905	0.0	0.788990825688
-ima	0.212060255399	0.222125172704	0.0391938890565	0.52662068284
-aka	0.0215622174306	0.356472143006	0.423036794881	0.198928844683
-rwa	0.0	0.0863131935881	0.913686806412	0.0
-rpi	0.216015006741	0.535728940735	0.0430857611819	0.205170291342
-lla	0.223685605595	0.383853788378	0.139549278982	0.252911327045
-bir	0.0	1.0	0.0	0.0
-bis	0.323654705519	0.317332800288	0.0626562202176	0.296356273976
-biq	0.0507300173224	0.782232120762	0.167037861915	0.0
-ymi	0.0389559988846	0.0302704070485	0.00371862551373	0.927054968553
-lli	0.298018205895	0.0862223295279	0.173895922335	0.441863542242
-ida	0.0291666666667	0.703571428572	0.2	0.0672619047619
-kpi	0.504504504505	0.441441441441	0.0540540540541	0.0
-bid	0.0525026251313	0.884494224711	0.0	0.0630031501575
-kip	0.208497763746	0.469218626677	0.0276243093923	0.294659300184
-llu	0.0332550661426	0.652373088315	0.254252926873	0.0601189186695
-bin	0.370179948586	0.311053984576	0.195372750643	0.123393316195
-kpa	0.0228990153423	0.918479505381	0.0206091138081	0.0380123654683
-bil	0.0784899511135	0.636338946225	0.205504254934	0.0796668477277
-bim	0.273747728564	0.401032586556	0.062258461382	0.262961223498
-rpu	0.376142975894	0.364089775561	0.120532003325	0.13923524522
-qmi	0.299420178932	0.331637321959	0.0814686864517	0.287473812657
-100	0.0221504383941	0.0696815874481	0.0166128287956	0.891555145362
-uta	0.148449744489	0.651933552817	0.0601246133395	0.139492089354
-hla	0.139993972272	0.100813743219	0.42646172393	0.332730560579
-gru	0.142429616493	0.73653291953	0.113056971847	0.00798049213036
-rin	0.229471176077	0.162515045187	0.0041220003457	0.60389177839
-ril	0.0	0.833333333333	0.0	0.166666666667
-uti	0.0700116686114	0.924987497916	0.0	0.00500083347225
-yud	0.0	1.0	0.0	0.0
-rit	0.0227272727273	0.965909090909	0.00378787878789	0.00757575757577
-ris	0.0	0.820473251029	0.110339506173	0.0691872427984
-riq	0.468610045627	0.181774963412	0.0384674248874	0.311147566073
-gri	0.0190476190476	0.924458874459	0.00324675324674	0.0532467532467
-kiy	0.222650174961	0.078983605495	0.259120658372	0.439245561172
-riy	0.502430126367	0.321136699108	0.00792041186141	0.168512762664
-luy	0.139211136891	0.327146171694	0.0881670533642	0.445475638051
-jil	0.0961673875868	0.818428729504	0.00301780504979	0.0823860778593
-duk	0.0	1.0	0.0	0.0
-ara	0.073907505057	0.809027152955	0.0877176142188	0.0293477277689
-qta	0.235030793476	0.385598500574	0.0720332015577	0.307337504392
-lur	0.0567375886525	0.921985815603	0.0212765957447	0.0
-lus	0.0559209277394	0.896290602875	0.0325956033962	0.0151928659898
-lut	0.480769230769	0.519230769231	0.0	0.0
-ari	0.319384300449	0.458323491589	0.0270976038632	0.195194604099
-dum	0.178085610882	0.366778984151	0.187819792837	0.26731561213
-aru	0.129099666477	0.499028569077	0.0135455393694	0.358326225076
-lum	0.200965253546	0.450366983516	0.0266046337518	0.322063129186
-lun	0.113945008744	0.650438416986	0.123624908534	0.111991665736
-yda	0.0191387559809	0.980861244019	0.0	0.0
-aya	0.151626240321	0.203641603263	0.108110909701	0.536621246715
-tya	0.0495867768595	0.246280991736	0.659504132231	0.0446280991736
-qna	0.306134218363	0.37548617386	0.112590687115	0.205788920662
-ayi	0.0695988400194	0.930401159981	0.0	0.0
-ayu	0.0285035629453	0.971496437055	0.0	0.0
-nuk	0.0	1.0	0.0	0.0
-sri	0.307802506634	0.375791640898	0.105669544886	0.210736307581
-ubu	0.0213296150315	0.924041720451	0.0185961109692	0.0360325535484
-bpa	0.0431719607892	0.956828039211	0.0	0.0
-ota	0.0492310577644	0.781976744186	0.149099774944	0.0196924231058
-uma	0.0600277478033	0.919623863111	0.0129489748728	0.00739941421303
-umi	0.0984542062521	0.696453767285	0.057065813815	0.148026212648
-siy	0.103849539194	0.208922284353	0.105978823651	0.581249352801
-nan	0.161110967551	0.121703729944	0.0187882522965	0.698397050208
-aki	0.51064871481	0.307515299878	0.116719706242	0.0651162790698
-nam	0.217198461203	0.177137380176	0.0479452759691	0.557718882652
-sis	0.0541621718806	0.933027687882	0.00134843581445	0.0114617044229
-sir	0.0	0.0759842048582	0.924015795142	0.0
-siq	0.440783916202	0.26081263727	0.058709241426	0.239694205102
-sip	0.509666080844	0.0474516695958	0.0913884007029	0.351493848858
-kin	0.101684275304	0.100528874735	0.13918089292	0.65860595704
-kim	0.390061418447	0.337265239747	0.103204044999	0.169469296808
-kis	0.196229318969	0.0996537129665	0.0	0.704116968065
-kir	0.671875	0.03125	0.15625	0.140625
-kiq	0.55795940373	0.181620697918	0.0426547740658	0.217765124286
-nay	0.216504507636	0.205966299387	0.0851923119516	0.492336881026
-sin	0.223123355518	0.530887891451	0.0436464943507	0.20234225868
-sim	0.0	0.961089494163	0.0	0.0389105058366
-nar	0.230766804204	0.306024529659	0.162654099002	0.300554567135
-nas	0.0333435405396	0.922595352319	0.0119084073356	0.0321526998061
-nap	0.0884210526316	0.861052631579	0.0505263157895	0.0
-naq	0.257159984995	0.396158457499	0.0503730474161	0.296308510091
-dyu	0.309728375173	0.551572918065	0.0462925672349	0.0924061395265
-ayá	0.211044316557	0.0615929834617	0.000349893865527	0.727012806115
-wun	0.0390995260664	0.951421800948	0.0	0.00947867298578
-wul	0.0	1.0	0.0	0.0
-lku	0.0533333333333	0.946666666667	0.0	0.0
-lki	0.00866658412777	0.960133713012	0.0	0.03119970286
-dya	0.0315015750787	0.57997899895	0.0210010500525	0.367518375919
-wus	0.111455108359	0.869969040248	0.0	0.0185758513932
-yna	0.41175678855	0.345922493174	0.0538334856186	0.188487232657
-lka	0.0	0.137620192308	0.862379807692	0.0
-yaq	0.292355922396	0.241121532376	0.135990260272	0.330532284956
-yap	0.567771084337	0.319277108434	0.0903614457831	0.0225903614458
-yas	0.0185321817629	0.970025764349	0.00288024115115	0.00856181273698
-yay	0.444539700537	0.324048599967	0.0371658689145	0.194245830582
-tqa	0.146632124352	0.332124352332	0.0310880829016	0.490155440414
-lpa	0.120887935413	0.753857544936	0.00730928231391	0.117945237338
-yam	0.153237009775	0.459412821483	0.0110100517863	0.376340116956
-yan	0.345112157769	0.384638186946	0.0799624482986	0.190287206987
-rla	0.010752688172	0.870967741935	0.118279569892	0.0
-lpi	0.204954233116	0.632506025332	0.00975911491718	0.152780626635
-nri	0.234957429526	0.106027557989	0.0350642317759	0.623950780709
-isi	0.136234983332	0.70790615762	0.119535819863	0.0363230391849
-ish	0.369978004827	0.235345816288	0.0805087593886	0.314167419496
-lya	0.0807257428346	0.914015251118	0.00525900604786	0.0
-isa	0.159705159705	0.64782964783	0.0491400491401	0.143325143325
-puy	0.0602011691241	0.807356258803	0.0249529483616	0.107489623712
-upa	0.0914797327987	0.727437197691	0.0537842156722	0.127298853838
-res	0.019801980198	0.443894389439	0.526402640264	0.00990099009897
-isu	0.0329957530219	0.952793204835	0.00343025155178	0.0107807905913
-qqa	0.331823828421	0.330777429649	0.0922485223086	0.245150219622
-upi	0.111691902054	0.712174320052	0.030034155545	0.146099622349
-may	0.173967070519	0.312973450904	0.0139794967381	0.499079981839
-jus	0.120659211301	0.28905892355	0.436269701131	0.154012164018
-maq	0.105323140583	0.375802153102	0.267168121939	0.251706584377
-mas	0.119692816617	0.0774915963813	0.159280475582	0.643535111421
-mar	0.273682513235	0.273508729498	0.0260938372465	0.426714920021
-mat	0.0	1.0	0.0	0.0
-han	0.316136919315	0.220660146699	0.135941320293	0.327261613692
-haq	0.495211355915	0.281637215864	0.0521511651586	0.171000263062
-mam	0.182189882804	0.312724339942	0.0401189980295	0.464966779224
-mal	0.0553554502369	0.803412322275	0.0176303317536	0.123601895735
-man	0.230880108666	0.404438202816	0.0335532490113	0.331128439506
-hay	0.0587909629373	0.00237726639524	0.000126133515443	0.938705637152
-jum	0.860869565217	0.139130434783	0.0	0.0
-nku	0.0424731474972	0.0267148875149	0.0101116524172	0.920700312571
-ptu	0.00380952380952	0.99619047619	0.0	0.0
-uni	0.369134106285	0.324957256615	0.0529910443613	0.252917592739
-una	0.125715731174	0.454918694163	0.0592517171884	0.360113857474
-ush	0.528213542919	0.369132847692	0.0491006573928	0.0535529519968
-nka	0.112924492637	0.0688962038856	0.0775635528754	0.740615750602
-pta	0.162573271559	0.0937236030408	0.0610169708449	0.682686154555
-unu	0.210225361588	0.150689539186	0.137487386478	0.501597712748
-psi	0.602067183463	0.198966408269	0.0	0.198966408269
-nki	0.310296846011	0.147959183674	0.0528756957329	0.488868274582
-wna	0.374592833876	0.625407166124	0.0	0.0
-tra	0.0243393900741	0.910240450361	0.0306496023156	0.0347705572488
-500	0.021897810219	0.0182481751825	0.021897810219	0.93795620438
-ada	0.0914726624706	0.263972093729	0.126810495185	0.517744748616
-gan	0.389707323693	0.386525731691	0.0379981604065	0.18576878421
-adi	0.0	1.0	0.0	0.0
-tru	0.366959095687	0.39610904957	0.0690675875678	0.167864267176
-sna	0.17633547938	0.17657908474	0.0356359839917	0.611449451888
-gar	0.109435078379	0.611357586513	0.0461401952085	0.233067139899
-gaq	0.438065612941	0.410843822752	0.0246422639973	0.126448300309
-guq	0.86875	0.02375	0.0	0.1075
-oqa	0.0394335189804	0.169732202132	0.00329939167983	0.787534887208
-diq	0.567133161177	0.184543819443	0.0647852782346	0.183537741145
-ini	0.176088553924	0.0694119688797	0.00945955372551	0.745039923471
-eru	0.128410914928	0.727126805778	0.0963081861958	0.0481540930979
-ina	0.216034729522	0.219484205194	0.0505096132823	0.513971452002
-800	0.494368463395	0.350764279968	0.0703942075623	0.0844730490748
-lbu	0.00485044462409	0.776879547292	0.0	0.218270008084
-set	0.0	1.0	0.0	0.0
-inu	0.0596140447985	0.684047687593	0.0974501213541	0.158888146254
-ñam	0.048	0.568	0.336	0.048
-rsa	0.054054054054	0.837837837838	0.108108108108	0.0
-ñan	0.311225793596	0.604411179882	0.0314308604922	0.0529321660294
-kus	0.0655021834061	0.908296943231	0.0	0.0262008733625
-kur	0.292942254812	0.182218148488	0.0216315307058	0.503208065995
-kuq	0.218520958342	0.414795941344	0.131771513097	0.234911587217
-kup	0.386740331492	0.314917127072	0.232044198895	0.0662983425415
-rsi	0.0	0.0343642611684	0.0	0.965635738832
-bla	0.0658668548577	0.934133145142	0.0	0.0
-kuy	0.137760392949	0.10848422785	0.0156948141308	0.738060565071
-sli	0.0	1.0	0.0	0.0
-qpa	0.184652076301	0.632025044607	0.0695701819291	0.113752697163
-ñay	0.0918367346939	0.69387755102	0.0	0.214285714286
-rsu	0.0897571277719	0.746568109821	0.151003167899	0.012671594509
-blu	0.144039607237	0.621058303514	0.0595157923324	0.175386296916
-kun	0.356110378491	0.350288346094	0.0806542405574	0.212947034857
-kum	0.241150856808	0.197178971767	0.0412548798582	0.520415291567
-mta	0.163301460401	0.202412046606	0.0291853096823	0.605101183311
-ñaq	0.754459434808	0.072651708029	0.0818362798519	0.0910525773113
-ban	0.302704787088	0.438742907508	0.214978240511	0.0435740648929
-qru	0.183673469388	0.336734693878	0.479591836735	0.0
-bal	0.374354561102	0.309380378657	0.25817555938	0.0580895008605
-bam	0.465757718226	0.404952201849	0.0376116596145	0.0916784203103
-dqa	0.168224299065	0.596795727637	0.0106809078772	0.224299065421
-qra	0.269554753309	0.10348977136	0.34055354994	0.286401925391
-hiq	0.229448120498	0.458385498899	0.0500733368475	0.262093043755
-qri	0.270961287367	0.434206029007	0.183735298501	0.111097385126
-baq	0.390240511505	0.293876223561	0.0586598562957	0.257223408638
-dru	0.0970712225427	0.66570519932	0.0110938540049	0.226129724133
-qpi	0.206098795994	0.443786804696	0.0549491767	0.29516522261
-mbu	0.796387520525	0.190476190476	0.0	0.0131362889984
-asa	0.027027027027	0.834834834835	0.0660660660661	0.0720720720721
-asi	0.0953830858137	0.560989249985	0.0577891008513	0.285838563351
-ash	0.342580756389	0.337076034139	0.0885168060432	0.231826403429
-mba	0.107790260639	0.647021125871	0.0548720871545	0.190316526335
-asu	0.138454461822	0.661453541858	0.107175712971	0.0929162833487
-mbi	0.172964626581	0.433561378463	0.0271991053915	0.366274889564
-lta	0.220434126575	0.544057677578	0.0594080526829	0.176100143164
-ray	0.505624092888	0.209947992259	0.100072568941	0.184355345912
-430	0.0723684210526	0.0	0.0	0.927631578947
-ras	0.21240391074	0.211508321517	0.0104485409359	0.565639226808
-rap	0.266229029905	0.53537563822	0.110867979577	0.0875273522976
-raq	0.258972406265	0.167643447043	0.0935750248772	0.479809121815
-ran	0.222992423187	0.325086299226	0.0244564243653	0.427464853222
-ram	0.243350817649	0.569762419007	0.0617402036408	0.125146559704
-rab	0.0327396032272	0.967260396773	0.0	0.0
-swi	0.0	1.0	0.0	0.0
-uga	0.0255253084538	0.959133723334	0.00489879657195	0.0104421716402
-uju	0.251132686084	0.44854368932	0.265372168285	0.0349514563107
-ika	0.113180022287	0.52564076588	0.210632717613	0.15054649422
-lam	0.211141820821	0.189770975993	0.0820723546187	0.517014848567
-lan	0.115016845204	0.0726072726138	0.0631605109032	0.749215371279
-iki	0.22431086565	0.31193935088	0.0658349075218	0.397914875949
-iku	0.0236966824645	0.970583428665	0.00408563490766	0.00163425396307
-lap	0.867237687366	0.0	0.132762312634	0.0
-laq	0.393307257714	0.225481674634	0.0898522381574	0.291358829494
-lar	0.215829687194	0.0957356494481	0.100633448704	0.587801214654
-las	0.121266120994	0.542662116041	0.0777734150835	0.258298347881
-lay	0.100239701383	0.0933610137522	0.0114759841304	0.794923300735
-myu	0.0371608336611	0.335233975619	0.62760519072	0.0
-pyu	0.14834022473	0.12666152732	0.683065853716	0.0419323942346
-yár	0.610837438424	0.064039408867	0.206896551724	0.118226600985
-mya	0.0239083185141	0.933412369097	0.0160047421458	0.026674570243
-ypi	0.244130889542	0.225422088358	0.0245497553107	0.505897266789
-ypa	0.137874986963	0.159224842615	0.0330356743473	0.669864496075
-sas	0.102820211516	0.207109283196	0.628378378378	0.0616921269095
-jur	0.0	1.0	0.0	0.0
-saq	0.423148411728	0.441199618212	0.0142333260771	0.121418643983
-ibu	0.100192918041	0.887049598606	0.00466737195843	0.00809011139461
-say	0.191460055096	0.400826446281	0.0977961432506	0.309917355372
-mpa	0.20618556701	0.628865979381	0.123711340206	0.041237113402
-ibi	0.031229806407	0.733927006524	0.0817923501137	0.153050836955
-yka	0.046465490237	0.342382792106	0.221363683826	0.389788033831
-sad	0.0	1.0	0.0	0.0
-sak	0.0	1.0	0.0	0.0
-mpu	0.136131966295	0.227110835489	0.159556983366	0.477200214849
-iba	0.100189547793	0.708141529019	0.102220417005	0.0894485061828
-yki	0.408317797972	0.307191175645	0.0744145972549	0.210076429129
-ngu	0.133745944992	0.638352721761	0.125324490626	0.102576842621
-loi	0.0	0.979274611399	0.0	0.020725388601
-fya	0.0	1.0	0.0	0.0
-kqa	0.351379381871	0.605061190624	0.00871188550091	0.0348475420038
-rdu	0.319640734381	0.292695812971	0.318980319641	0.0686831330076
-ipi	0.238998760412	0.503633557191	0.0685845185066	0.18878316389
-iñu	0.35907773718	0.572886481038	0.0453571878543	0.0226785939272
-sar	0.203157508261	0.760127279403	0.0110145637009	0.0257006486354
-ipa	0.142033084166	0.691809070286	0.0304033630517	0.135754482497
-yku	0.335182156177	0.313878385009	0.0742784753422	0.276660983472
-ham	0.223286773105	0.275231648662	0.0532894366161	0.448192141617
-uqa	0.109994896867	0.694589052741	0.0421546886008	0.153261361791
-ewa	0.0503597122302	0.94964028777	0.0	0.0
-hka	0.0967010350523	0.180962041876	0.416241423217	0.306095499855
-rdi	0.185633924708	0.408913890091	0.392470791865	0.0129813933362
-hki	0.100723026403	0.554477315231	0.19680749238	0.147992165987
-nqo	0.0880891340534	0.394760822813	0.0349926491137	0.48215739402
-awi	0.222560048647	0.722712070538	0.0547278808148	0.0
-awa	0.0561767112081	0.176165803109	0.0969457322062	0.670711753477
-wda	0.0	0.790055248619	0.193370165746	0.0165745856354
-stu	0.0574296463644	0.675911813362	0.0313002992407	0.235358241033
-276	0.0	0.08	0.0	0.92
-bit	0.808988764045	0.0898876404495	0.0	0.101123595505
-wka	0.0690883190883	0.174501424501	0.698717948718	0.0576923076923
-sti	0.0	0.87610619469	0.0973451327433	0.0265486725664
-ngi	0.337876432016	0.110561932209	0.0176892606513	0.533872375124
-sta	0.0690705212981	0.427480815287	0.0402189601307	0.463229703284
-idi	0.144486692015	0.74144486692	0.0855513307985	0.0285171102662
-rpa	0.0855246576493	0.798302948836	0.0341762580862	0.0819961354281
-200	0.0127959053103	0.281296651738	0.0170612070804	0.688846235871
-ryu	0.111908704839	0.688393502809	0.0432889201775	0.156408872175
-mul	0.0	1.0	0.0	0.0
-mun	0.123660950406	0.845439929268	0.00946774834419	0.0214313719815
-yta	0.247212579768	0.401652595606	0.0300970760177	0.321037748608
-muq	0.532744816955	0.279948144384	0.0605974278173	0.126709610843
-mus	0.00816072747058	0.986398787549	0.00544048498036	0.0
-rya	0.00911078717202	0.988702623907	0.0	0.00218658892128
-biy	0.0790305584826	0.562697576396	0.0948366701791	0.263435194942
-muy	0.694986755617	0.100323751594	0.0275090748553	0.177180417934
-rra	0.0518809913586	0.866363688193	0.0817553204486	0.0
-rri	0.0	0.904127829561	0.0798934753662	0.0159786950732
-alu	0.086405529954	0.166788856305	0.478424801006	0.268380812736
-ndu	0.171308516942	0.296988633303	0.405645639175	0.12605721058
-giq	0.463855421687	0.144578313253	0.198795180723	0.192771084337
-san	0.177076920371	0.66881849044	0.0182758438726	0.135828745317
-gim	0.315712187959	0.37738619677	0.0264317180617	0.28046989721
-gil	0.804034582133	0.195965417867	0.0	0.0
-sam	0.0	1.0	0.0	0.0
-rru	0.0497906698564	0.879560406699	0.0504635167464	0.0201854066985
-ali	0.0	1.0	0.0	0.0
-nda	0.205713580488	0.500185642515	0.0559129296058	0.238187847392
-ala	0.110797743755	0.677679290894	0.157131345689	0.0543916196616
-120	0.0285714285714	0.257142857143	0.0	0.714285714286
-ñil	0.257109466303	0.614335800545	0.105181145306	0.0233735878458
-qon	0.242113921448	0.313386798273	0.376557680444	0.0679415998355
-qoq	0.442780066929	0.38716506932	0.00409770756027	0.165957156191
-nqa	0.300867604783	0.360772071969	0.0743052365136	0.264055086735
-qoy	0.426667111007	0.397551682385	0.0177736305973	0.15800757601
-jay	0.34692862472	0.375777169858	0.0708778910719	0.20641631435
-gpi	0.015625	0.953125	0.03125	0.0
-chi	0.0414165144	0.854032889585	0.0906638823632	0.0138867136518
-idu	0.230186933057	0.44938615934	0.254671116883	0.0657557907203
-iyu	0.0477128783989	0.893595895569	0.0221923700791	0.0364988559525
-cha	0.136624118108	0.0450054350779	0.0520187079336	0.76635173888
-rku	0.0238327544264	0.304765249971	0.625739895146	0.0456621004566
-153	0.0	0.130841121495	0.0747663551402	0.794392523365
-eli	0.0663533314902	0.917058335637	0.0	0.0165883328726
-iyi	0.0	1.0	0.0	0.0
-rka	0.152630750118	0.648457594793	0.0416440657206	0.157267589369
-iya	0.0646252529495	0.716044442748	0.0254278187164	0.193902485587
-chu	0.350629808879	0.215719492164	0.0863517471808	0.347298951776
-pna	0.375	0.334631728045	0.0318696883853	0.258498583569
-abu	0.00834240116068	0.715995647443	0.275661951396	0.0
-lám	0.557218584347	0.180854381041	0.0	0.261927034612
-sya	0.0830936920223	0.48010783859	0.00173933209648	0.435059137291
-itu	0.0668319002643	0.735806996277	0.0246305999348	0.172730503523
-rid	0.0	1.0	0.0	0.0
-mír	0.727272727273	0.151515151515	0.0606060606061	0.0606060606061
-iti	0.0737358257645	0.0646673216388	0.00551273083565	0.856084121761
-aku	0.499891091266	0.325419298628	0.00653452406883	0.168155086038
-syu	0.0508172489675	0.641698471015	0.14001834592	0.167465934097
-ita	0.171518313511	0.234958374315	0.0852931304683	0.508230181706
-spa	0.0195097197789	0.266027670426	0.00960746693493	0.70485514286
-bru	0.353293413174	0.502994011976	0.0	0.14371257485
-udu	0.367292844813	0.258488072281	0.266028210517	0.108190872388
-spi	0.192518971989	0.431234617497	0.0204662033083	0.355780207205
-fan	0.0	1.0	0.0	0.0
-666	0.0180505415163	0.0	0.0	0.981949458484
-fas	0.0477683236304	0.929840274668	0.0134348410211	0.0089565606807
-bra	0.097399178688	0.327506932014	0.379944543891	0.195149345407
-uda	0.0	0.706118463875	0.0	0.293881536125
-spu	0.269709543569	0.618257261411	0.0871369294605	0.0248962655602
-fat	0.0	1.0	0.0	0.0
-bri	0.113238865152	0.359143024006	0.44416438693	0.0834537239111
-udi	0.0	1.0	0.0	0.0
-nna	0.485578663751	0.280591538675	0.0451031569934	0.18872664058
-hum	0.436681222707	0.301310043668	0.157205240175	0.10480349345
-hun	0.391564784959	0.349081011664	0.0855473249889	0.173806878388
-jyu	0.0	1.0	0.0	0.0
-'ki	0.0	0.152856789513	0.847143210487	0.0
-aba	0.0	1.0	0.0	0.0
-huq	0.32965451185	0.195162722418	0.21262243984	0.262560325892
-hur	0.410138248848	0.3133640553	0.19749835418	0.0789993416721
-tul	0.274039809364	0.409774787403	0.0635454630409	0.252639940193
-tum	0.278177719028	0.44145891037	0.0252565712479	0.255106799353
-tun	0.0473250394597	0.427205641171	0.184324845784	0.341144473585
-tur	0.0253541195206	0.894602296538	0.0134104433828	0.0666331405582
-tus	0.186059663509	0.653612328574	0.0346387671426	0.125689240775
-tuy	0.110210457693	0.791633353424	0.00861019200729	0.0895459968758
-huy	0.515862696658	0.219867377454	0.0117019893382	0.252567936549
-uñu	0.0	1.0	0.0	0.0
-liy	0.279966867826	0.380428351674	0.0390486332978	0.300556147202
-kra	0.161233788994	0.737118822292	0.0	0.101647388714
-mqa	0.17907903123	0.0678138942001	0.0148183556406	0.738288718929
-rus	0.0596603946765	0.707664066085	0.0468104635154	0.185865075723
-utu	0.135110461932	0.762643783093	0.0912908526566	0.0109549023188
-lip	0.191293291495	0.515152752342	0.212838428966	0.0807155271968
-liq	0.260222294099	0.216074539143	0.0805584223101	0.443144744448
-rut	0.0	1.0	0.0	0.0
-lis	0.0441537203598	0.852820932134	0.0932134096484	0.00981193785773
-uña	0.0908364286051	0.589684517373	0.00352625887442	0.315952795148
-lim	0.264904233519	0.147554608147	0.119462261218	0.468078897115
-lin	0.146458044023	0.319798129628	0.320567275411	0.213176550939
-run	0.293977416304	0.54420984878	0.0802110566341	0.0816016782817
-rum	0.0993504012227	0.748567061521	0.0794803209782	0.0726022162782
-káw	0.0456577071434	0.485773513282	0.325298043366	0.143270736209
-gaw	0.0	1.0	0.0	0.0
-rnu	0.0746696433959	0.743971117681	0.0225768820773	0.158782356845
-lna	0.0905172413793	0.793103448276	0.0129310344828	0.103448275862
-abi	0.062325108115	0.89862630374	0.00445179343679	0.0345967947087
-adu	0.279912806038	0.424717624508	0.157157923387	0.138211646067
-rna	0.217773319657	0.690365934596	0.0316761192229	0.0601846265235
-kyu	0.426273458445	0.573726541555	0.0	0.0
-ura	0.123378984042	0.464600949844	0.0639692058203	0.348050860294
-rgu	0.0336700336701	0.905723905724	0.020202020202	0.040404040404
-uru	0.133722468012	0.695994983569	0.156373822177	0.0139087262419
-dur	0.119792490866	0.755444018632	0.0166399482603	0.108123542241
-apa	0.39390792321	0.252102895764	0.0543612548068	0.299627926219
-was	0.0	1.0	0.0	0.0
-pam	0.384524824765	0.263206497559	0.0799355351524	0.272333142524
-pan	0.208767685178	0.358859440911	0.153989226101	0.278383647811
-bya	0.0330760749724	0.900771775083	0.0	0.0661521499449
-duy	0.0847457627119	0.610169491525	0.0338983050847	0.271186440678
-api	0.160793949932	0.448523186661	0.0402643114046	0.350418552003
-agi	0.188202891898	0.492770254762	0.227220564609	0.0918062887307
-way	0.49143016526	0.269663900704	0.0648943588313	0.174011575204
-pay	0.194159961282	0.124964725722	0.0252507666906	0.655624546305
-byu	0.0	0.0212242125817	0.871805756006	0.106970031412
-gay	0.125523012552	0.665271966527	0.108786610879	0.100418410042
-apu	0.252598346536	0.469924499062	0.173479254852	0.10399789955
-pap	0.0	1.0	0.0	0.0
-paq	0.262344643285	0.342113791924	0.0808704482832	0.314671116508
-par	0.333319269553	0.496174012435	0.113855253014	0.0566514649984
-pas	0.17890103649	0.82109896351	0.0	0.0
-jwi	0.18691588785	0.789719626168	0.0233644859813	0.0
-dun	0.0992161920825	0.779448241247	0.0935550328872	0.0277805337831
-nun	0.0448367931109	0.879104226301	0.016356770019	0.0597022105693
-num	0.191348600509	0.535114503817	0.181933842239	0.0916030534351
-wlu	0.00159489633174	0.996810207337	0.0	0.00159489633174
-suy	0.182137920174	0.634131830828	0.0293968398397	0.154333409158
-sus	0.192369174894	0.507778530871	0.00230190802599	0.297550386209
-sur	0.0306748466258	0.288343558282	0.374233128834	0.306748466258
-suq	0.0383042538267	0.0303322450065	0.0209966317694	0.910366869398
-sun	0.270366277234	0.560572571308	0.0502578675929	0.118803283865
-sul	0.0	0.309191020754	0.690808979246	0.0
-nuy	0.179145613229	0.820854386771	0.0	0.0
-nur	0.208225063555	0.0647273477735	0.563540679731	0.163506908941
-nus	0.201864919355	0.288558467742	0.418850806452	0.0907258064517
-dim	0.0643123743898	0.493540051679	0.422049956934	0.0200976169969
-din	0.109320766008	0.50882106523	0.233490424895	0.148367743866
-dik	0.0879396984924	0.844221105528	0.0301507537688	0.0376884422111
-sla	0.183385023862	0.703658773847	0.0144199407181	0.0985362615733
-dis	0.0465699874623	0.907599231226	0.0170017414545	0.0288290398576
-diy	0.928571428571	0.0571428571428	0.0	0.0142857142857
-yqa	0.181320556536	0.166714457578	0.0337592650073	0.618205720879
-uku	0.164046100836	0.264347102856	0.0764386708384	0.49516812547
-ski	0.0458111737138	0.0221157390343	0.160339107998	0.771733979253
-h'u	0.13889495523	0.43852369513	0.14086044988	0.28172089976
-hqa	0.50923776552	0.220370416573	0.0707725785467	0.19961923936
-uka	0.292737430168	0.398882681564	0.294972067039	0.013407821229
-h'i	0.28177851977	0.269154604237	0.0973008557282	0.351766020265
-sku	0.0423153931208	0.362997938021	0.00851686937812	0.58616979948
-tpi	0.078431372549	0.848039215686	0.0294117647059	0.0441176470588
-uki	0.308326463314	0.426215993405	0.108821104699	0.156636438582
-h'a	0.0	0.968487394958	0.0	0.031512605042
-tpa	0.0376790791399	0.518867143291	0.0	0.443453777569
-hqo	0.0344798253325	0.521970491772	0.427670815966	0.0158788669295
-qam	0.219172463766	0.273005969223	0.0425702639311	0.46525130308
-qan	0.660526215846	0.128652000436	0.0275614316009	0.183260352117
-tiq	0.634785600701	0.169532585736	0.0552680495166	0.140413764046
-tir	0.0	0.946914399469	0.0530856005308	0.0
-tis	0.0	1.0	0.0	0.0
-tiy	0.345188998235	0.320331130929	0.0755043615719	0.258975509264
-nga	0.020979020979	0.944055944056	0.034965034965	0.0
-qay	0.421854512365	0.168333139062	0.094423614094	0.315388734479
-tim	0.17394993636	0.66058549003	0.0636402206193	0.101824352991
-tin	0.346811460727	0.284637913819	0.0708801645192	0.297670460934
-qaq	0.535049158234	0.317481739494	0.0667439459866	0.0807251562853
-qap	0.269095771352	0.510479692462	0.0	0.220424536186
-qar	0.379581566795	0.36285969403	0.0983881881288	0.159170551045
-lyu	0.00781758957656	0.97654723127	0.0	0.0156351791531
-jap	0.0329282634261	0.753038024304	0.21403371227	0.0
-jaq	0.50172261197	0.200268017421	0.0516633581183	0.246346012491
-uwi	0.0410607356715	0.958939264328	0.0	0.0
-260	0.0876494023904	0.0717131474103	0.0239043824701	0.816733067729
-wmi	0.56654676259	0.379496402878	0.0539568345324	0.0
-jan	0.12592	0.7448	0.09088	0.0384
-das	0.0936765140434	0.213528451146	0.0150002424409	0.67779479237
-450	0.0425531914894	0.170212765957	0.0212765957447	0.765957446809
-dam	0.286443430572	0.401046778715	0.09629249893	0.216217291783
-dpa	0.00293183483998	0.988598420067	0.00260607541331	0.00586366967995
-rji	0.0	1.0	0.0	0.0
-ruq	0.717978848414	0.282021151586	0.0	0.0
-etu	0.47874938935	0.52125061065	0.0	0.0
-000	0.0483142045861	0.184039227851	0.0119759478871	0.755670619676
-eta	0.0517687661777	0.844693701467	0.103537532355	0.0
-iqa	0.244859093901	0.432642143613	0.0700873692981	0.252411393188
-lil	0.0	1.0	0.0	0.0
-atu	0.0345298626395	0.829956236877	0.0558296020845	0.0796842983987
-bun	0.0	1.0	0.0	0.0
-bum	0.408435664709	0.517885744795	0.0256273358249	0.0480512546716
-uya	0.287128712871	0.386138613861	0.326732673267	0.0
-'an	0.660240770035	0.183620666542	0.020846180658	0.135292382765
-jáy	0.0448717948718	0.544871794872	0.0	0.410256410256
-ank	0.222548061258	0.266536331052	0.0795861844249	0.431329423265
-300	0.0	0.0228245363766	0.206847360913	0.77032810271
-'aq	0.546543170493	0.0895838604287	0.0748083205914	0.289064648487
-ata	0.160334004091	0.440352163132	0.0653297457718	0.333984087006
-bur	0.542372881356	0.203389830508	0.254237288136	0.0
-bus	0.08	0.92	0.0	0.0
-buq	0.0	1.0	0.0	0.0
-'ay	0.582940738904	0.224646665014	0.102157203075	0.0902553930077
-ati	0.00523560209425	0.162303664921	0.832460732984	0.0
-nis	0.0804433321417	0.848051483733	0.0178762960314	0.0536288880944
-uli	0.0229182582124	0.931245225363	0.0458365164248	0.0
-kan	0.410610598853	0.323989350937	0.0745227044058	0.190877345805
-kam	0.22153406384	0.475464506908	0.0185802763221	0.28442115293
-niy	0.303654541052	0.306657961875	0.0614704587809	0.328217038292
-kay	0.13877765932	0.0671527940829	0.00565056071798	0.788418985879
-kas	0.0347903657449	0.920309247696	0.0264644662504	0.0184359203093
-kar	0.0220588235294	0.900735294118	0.0	0.0772058823529
-kaq	0.512474686811	0.203597789432	0.0659556784418	0.217971845316
-nin	0.350696301599	0.349936100487	0.0329707357303	0.266396862184
-nim	0.393815235139	0.252699796512	0.0787861871078	0.274698781241
-dmi	0.148571428571	0.697142857143	0.0342857142857	0.12
-tta	0.503377177391	0.400639886242	0.0426590828297	0.0533238535371
-aji	0.0666666666666	0.933333333333	0.0	0.0
-yru	0.0	0.987780040733	0.0122199592668	0.0
-shu	0.0732299645059	0.079394731926	0.768914627312	0.0784606762562
-shi	0.248368883806	0.404707135097	0.0769252533278	0.26999872777
-yri	0.283949086222	0.0566987605454	0.0100165956634	0.649335557569
-sha	0.225921835079	0.387961754304	0.183998839687	0.20211757093
-yra	0.18185187473	0.737228982643	0.0129717709556	0.0679473716721
-fus	0.0	1.0	0.0	0.0
-ldi	0.174276961671	0.400656101503	0.278167740068	0.146899196758
-ilu	0.1422264368	0.6069457615	0.0527772164099	0.198050585291
-yum	0.364677516576	0.499698613623	0.0373719107896	0.0982519590115
-wpa	0.211407907754	0.437246272985	0.127588441988	0.223757377273
-yun	0.108974358974	0.677557209815	0.0385304659498	0.174937965261
-lda	0.0	0.647058823529	0.352941176471	0.0
-wpi	0.127784290739	0.710220611745	0.0596824043483	0.102312693168
-yuy	0.793964016251	0.101567034243	0.0522344747534	0.0522344747534
-yuq	0.123966190236	0.549583535913	0.183684027912	0.142766245939
-yus	0.165510632455	0.224196570818	0.00259439461799	0.607698402109
-yur	0.207205286719	0.118098486463	0.612875719463	0.0618205073545
-fri	0.0891089108911	0.792079207921	0.118811881188	0.0
-wan	0.16232803159	0.468899083718	0.0471168229496	0.321656061743
-lma	0.137432959532	0.198683568991	0.133044856168	0.53083861531
-iga	0.337166824516	0.555495422361	0.0	0.107337753123
-lmi	0.165993867602	0.717810425077	0.0528864182825	0.0633092890389
-amu	0.0	1.0	0.0	0.0
-rqa	0.225247723698	0.637554108826	0.00361682339568	0.13358134408
-ami	0.483727810651	0.146449704142	0.0133136094674	0.35650887574
-tmi	0.0681818181818	0.357954545455	0.539772727273	0.0340909090909
-lmu	0.144157814871	0.673748103187	0.182094081942	0.0
-igu	0.14066631412	0.623479640402	0.178554764053	0.057299281426
-ama	0.293280526523	0.0523331512563	0.0214645312354	0.632921790985
-pár	0.393501805054	0.563176895307	0.043321299639	0.0
-kwa	0.0609155606847	0.852933256395	0.0158492017696	0.0703019811502
-sh'	0.360650662972	0.39417882176	0.0800725251885	0.165097990079
-guy	0.0690316395014	0.623202301055	0.178331735379	0.129434324065
-hik	0.759124087591	0.167883211679	0.0291970802919	0.0437956204379
-ula	0.0	1.0	0.0	0.0
-iri	0.16892622065	0.229442970822	0.22109244523	0.380538363297
-hin	0.329303302578	0.388955343185	0.0615543440923	0.220187010144
-gus	0.0434565434565	0.924075924076	0.0324675324675	0.0
-usa	0.334788937409	0.475982532751	0.174672489083	0.0145560407569
-ira	0.137177291207	0.776581298884	0.0345254555586	0.0517159543513
-hiy	0.516825895985	0.278022935858	0.0783613337662	0.12678983439
-niq	0.523731807534	0.204773242195	0.0316808110288	0.239814139242
-gun	0.123975625131	0.797226308048	0.0126076906913	0.0661903761294
-gum	0.0827097282395	0.773532886963	0.0413548641197	0.102402520678
-iru	0.0611893937525	0.0469769745619	0.00578592569806	0.886047705988
-his	0.094537815126	0.795168067227	0.0	0.110294117647
-usu	0.224430358061	0.540860030838	0.162754839815	0.0719547712866
-aqo	0.446452298698	0.497741163965	0.0	0.0558065373372
-aqa	0.249163724051	0.206336434452	0.0360991430045	0.508400698492
-ñun	0.193723156836	0.616279131652	0.0294310180578	0.160566693454
-ñuq	0.40189357291	0.356309606081	0.0452937111265	0.196503109883
-aná	0.0798852929127	0.778779188857	0.0	0.14133551823
-dta	0.0177514792899	0.974358974359	0.00788954635108	0.0
-ñur	0.131934032984	0.587706146927	0.0	0.28035982009
-ñuy	0.12407594086	0.664650537634	0.126008064516	0.0852654569892
-tay	0.13621564239	0.498415893224	0.00774362794761	0.357624836438
-wil	0.0	1.0	0.0	0.0
-pil	0.540019286403	0.40212150434	0.0578592092575	0.0
-pim	0.226312166279	0.285729073054	0.0449168654703	0.443041895197
-yñu	0.0242424242424	0.939393939394	0.0363636363636	0.0
-pir	0.335978835979	0.518518518519	0.00793650793651	0.137566137566
-pis	0.195816184594	0.332998081735	0.0587158225724	0.412469911099
-usi	0.0344543180972	0.282093066567	0.00256079391263	0.680891821423
-day	0.28155436958	0.691205247943	0.0	0.0272403824772
-sqa	0.10754541923	0.554305119705	0.00896223112943	0.329187229936
-sdi	0.358565737052	0.139442231076	0.133466135458	0.368525896414
-hín	0.583959899749	0.310776942356	0.0300751879699	0.0751879699249
-bay	0.0433662481055	0.103424722012	0.04179202336	0.811417006523
-sda	0.0	0.948892674617	0.0511073253833	0.0
-agu	0.0695905648998	0.913522750117	0.0168866849829	0.0
-hpa	0.279065653321	0.165575363952	0.0313175644322	0.524041418294
-kmi	0.258418915691	0.655600668737	0.042990207786	0.042990207786
-aga	0.0820512820513	0.764102564103	0.153846153846	0.0
-ktu	0.0390460025659	0.830428788857	0.0384882025292	0.0920370060481
-rta	0.239523546089	0.581633358689	0.0407993914667	0.138043703755
-anu	0.123107313488	0.426938625505	0.335060639471	0.114893421536
-ona	0.480132450331	0.495033112583	0.0	0.0248344370861
-bmi	0.287394107978	0.116607662157	0.0632191174611	0.532779112404
-rti	0.18634283113	0.262428630637	0.300425102086	0.250803436147
-daq	0.576076339182	0.160019682132	0.0358358106596	0.228068168026
-dar	0.240813701053	0.623944681193	0.0616708209375	0.073570796816
-bas	0.0561797752809	0.702247191011	0.241573033708	0.0
-rtu	0.0	0.255059741526	0.73762496952	0.00731528895391
-ana	0.275309083352	0.133710377152	0.0285931658891	0.562387373607
-dan	0.323123785466	0.294524798095	0.0508042434268	0.331547173012
-kta	0.0387720727012	0.854655476157	0.0365391261059	0.0700333250363
-ani	0.469687057549	0.0520261031472	0.021977995408	0.456308843896
-ulu	0.0292825768667	0.733528550513	0.237188872621	0.0
-dab	0.0	1.0	0.0	0.0
-tal	0.360110430274	0.517338899737	0.0659888223015	0.0565618476871
-tam	0.286047492834	0.250832534557	0.0944532907711	0.368666681838
-tan	0.243547113875	0.583267550215	0.0541244445883	0.119060891322
-yiy	0.413961875322	0.43019062339	0.0347758887171	0.121071612571
-wta	0.0	1.0	0.0	0.0
-yiq	0.0392504635613	0.48587832011	0.0252176221988	0.44965359413
-yis	0.0560717683773	0.168388407243	0.0255476926578	0.749992131722
-yil	0.086921482846	0.820400644716	0.00172691687773	0.0909509555607
-yin	0.106323062495	0.410921403067	0.0828087493295	0.399946785109
-mna	0.348845016183	0.148371241631	0.0	0.502783742186
-tat	0.0	1.0	0.0	0.0
-tap	0.0736315643234	0.75020839122	0.0533481522645	0.122811892192
-taq	0.138468651526	0.0925454044882	0.0284528807797	0.740533063206
-tar	0.336437505933	0.312453187662	0.112993738143	0.238115568261
-tas	0.022651659942	0.930629291428	0.0212359311956	0.0254831174347
-lqo	0.132699444171	0.682153045178	0.0747539756671	0.110393534984
-nám	0.257003808372	0.165416959514	0.0539893921316	0.523589839983
-mik	0.0	1.0	0.0	0.0
-mim	0.0812530592265	0.617719040627	0.014684287812	0.286343612335
-mil	0.00846295965193	0.311520352822	0.00208594075928	0.677930746767
-min	0.0814431912596	0.808854770422	0.0181095428335	0.091592495485
-miq	0.556390977444	0.248120300752	0.0	0.195488721804
-mir	0.262288795802	0.220409569898	0.033637347649	0.48366428665
-lqa	0.0377274249358	0.767541020203	0.0327045429178	0.162027011943
-rmi	0.175351857538	0.36342923984	0.0237617317223	0.437457170899
