-cag	0.0782643173097	0.0704571386411	0.0504699828516	0.800808561198
-ösa	0.617702448211	0.382297551789	0.0	0.0
-imö	0.322474942174	0.364751991776	0.0751734772552	0.237599588795
-öso	0.249319459638	0.633398631287	0.0816648434121	0.0356170656626
-can	0.59199259764	0.101760800805	0.0218146786334	0.284431922922
-her	0.306660957045	0.354584082219	0.100217428017	0.23853753272
-cas	0.0936170212766	0.906382978723	0.0	0.0
-car	0.274383411643	0.184641204249	0.0504080444544	0.490567339654
-lgä	0.643258714096	0.285188592456	0.0357763467239	0.0357763467239
-ive	0.11214953271	0.775700934579	0.0	0.11214953271
-rbe	0.00824175824175	0.991758241758	0.0	0.0
-gta	0.338027685615	0.283640780525	0.0838205045355	0.294511029325
-caz	0.0	1.0	0.0	0.0
-cay	0.0926479621659	0.0816690203928	0.0257463145721	0.799936702869
-heg	0.27397260274	0.345034246575	0.179794520548	0.201198630137
-udá	0.0113335851908	0.988666414809	0.0	0.0
-nsu	0.429989218767	0.277107545305	0.0944114241746	0.198491811753
-idä	0.395517549022	0.224585060299	0.104324606481	0.275572784198
-rpä	0.298734177215	0.589873417722	0.0523206751055	0.0590717299578
-plo	0.0757372654155	0.718292431429	0.0109300886781	0.195040214477
-biä	0.450648055832	0.375872382851	0.0	0.173479561316
-nso	0.0	0.945760960806	0.0542390391942	0.0
-bta	0.0289043861259	0.93897962929	0.0096347953753	0.022481189209
-nsi	0.211646286031	0.318475396356	0.0341671747537	0.435711142859
-ävo	0.131432896065	0.868567103935	0.0	0.0
-ndo	0.0	1.0	0.0	0.0
-aum	0.0145560407569	0.959243085881	0.0	0.0262008733625
-nsa	0.244357638889	0.123003472222	0.504947916667	0.127690972222
-rpö	0.296912114014	0.21377672209	0.406175771971	0.083135391924
-nti	0.0911012637852	0.668123517459	0.126925214655	0.1138500041
-teó	0.112359550562	0.744637385087	0.0306435137896	0.112359550562
-nto	0.24110787172	0.654227405248	0.0842565597668	0.0204081632653
-nta	0.245087337768	0.322589560803	0.0534851032939	0.378837998136
-nte	0.0491803278689	0.950819672131	0.0	0.0
-puy	0.532021642892	0.245745204132	0.124643384161	0.0975897688146
-uan	0.0556287569877	0.83190525569	0.0112271072267	0.101238880096
-öta	0.375017584266	0.528663170533	0.00545030441226	0.0908689407892
-apa	0.164548639573	0.370425011259	0.048631287004	0.416395062165
-eus	0.0	1.0	0.0	0.0
-grä	0.190843711629	0.178888993834	0.408120032923	0.222147261614
-snë	0.588235294117	0.310924369748	0.0	0.100840336135
-pun	0.320354906054	0.332045929019	0.0260960334029	0.321503131524
-yta	0.114725985094	0.294149369156	0.011822571295	0.579302074454
-ntu	0.0371342595776	0.82665478011	0.0382668042283	0.0979441560842
-lta	0.215375110837	0.669228222149	0.0284674890608	0.086929177954
-öto	0.0412371134021	0.896907216495	0.0618556701031	0.0
-pra	0.0683033543996	0.144020418085	0.74282936315	0.0448468643656
-pre	0.120507399577	0.860465116279	0.0	0.0190274841438
-pan	0.220483095354	0.181038598096	0.0421492229556	0.556329083595
-ösu	0.306606586397	0.33575761006	0.132370120181	0.225265683362
-más	0.0511572976107	0.0717471816174	0.14291224086	0.734183279912
-aré	0.0	1.0	0.0	0.0
-nmi	0.318200819999	0.251098842576	0.0515528811199	0.379147456305
-cwa	0.228191706109	0.481083283704	0.290725010187	0.0
-zor	0.0	1.0	0.0	0.0
-tín	0.145631067961	0.660194174757	0.194174757282	0.0
-ope	0.0	1.0	0.0	0.0
-smi	0.156536992943	0.361920343617	0.0887250107312	0.392817652709
-dea	0.0420038705137	0.93116643209	0.0039584799437	0.0228712174525
-msa	0.0265170898989	0.123360958071	0.187347559963	0.662774392067
-lgu	0.184840483096	0.530756244319	0.11731093892	0.167092333665
-imu	0.0	0.386233269598	0.405353728489	0.208413001912
-deg	0.404115717268	0.048464062034	0.520578586341	0.0268416343573
-csu	0.0920873124147	0.571282401092	0.336630286494	0.0
-del	0.0	1.0	0.0	0.0
-deo	0.0106382978723	0.86170212766	0.0	0.127659574468
-ima	0.147781882715	0.159300585057	0.0185551450618	0.674362387166
-des	0.0515736298112	0.734311259538	0.0431189363996	0.170996174251
-lga	0.187773989284	0.691670725767	0.0292255236239	0.0913297613249
-imi	0.306522482099	0.265058901839	0.0886105629778	0.339808053084
-pag	0.236733976061	0.521644408021	0.11094267153	0.130678944388
-rwa	0.192522321429	0.432477678571	0.375	0.0
-imo	0.294105151354	0.412772172066	0.219330855018	0.0737918215614
-lla	0.145587798356	0.76993166287	0.0659931993001	0.0184873394738
-rpo	0.0	0.297709923664	0.106870229008	0.595419847328
-ymi	0.0298963343208	0.0320041008222	0.00328065527708	0.93481890958
-lli	0.042492917847	0.957507082153	0.0	0.0
-ray	0.213214533715	0.241120606688	0.26657093257	0.279093927027
-llo	0.0	0.966813965058	0.0184366860788	0.0147493488631
-syä	0.618209640398	0.0784238714614	0.0367253251722	0.266641162969
-ida	0.0187630800318	0.981236919968	0.0	0.0
-llu	0.0792328857887	0.717660375275	0.0355581731344	0.167548565802
-bia	0.0	0.937805419814	0.0	0.0621945801865
-bin	0.330979699912	0.669020300088	0.0	0.0
-ëvi	0.107913669065	0.527877697842	0.107913669065	0.256294964029
-100	0.0655670934558	0.0650216240681	0.137264443617	0.732146838859
-tes	0.101410713389	0.889100858477	0.00421707917064	0.0052713489633
-hla	0.224452276835	0.204427762376	0.0635114423628	0.507608518426
-ria	0.082912004797	0.86475694681	0.0125376470107	0.0397934013818
-rin	0.0435012764128	0.781356217202	0.00908820336324	0.166054303022
-rio	0.0472069236821	0.831628638867	0.102281667978	0.0188827694728
-uti	0.106979171394	0.514974815084	0.0222353314879	0.355810682035
-äja	0.202637504021	0.797362495979	0.0	0.0
-ntä	0.242669868162	0.421590705721	0.0757919226869	0.25994750343
-eru	0.121273370389	0.878726629611	0.0	0.0
-ñor	0.0555284948856	0.891865562591	0.00584510472479	0.0467608377983
-rir	0.395122868537	0.250102647091	0.0352924477032	0.319482036668
-ötä	0.208529261139	0.0488849574002	0.0123376321058	0.730248149355
-teg	0.488179698936	0.316001951678	0.0819704718362	0.11384787755
-gro	0.47783933518	0.286703601108	0.0332409972299	0.202216066482
-teo	0.134523239099	0.649616674653	0.0259942501198	0.189865836128
-lux	0.14209375759	0.85790624241	0.0	0.0
-wal	0.713114754098	0.0491803278689	0.0	0.237704918033
-ara	0.1299929816	0.796669819861	0.00213603490891	0.0712011636304
-mes	0.0	0.836867862969	0.163132137031	0.0
-lur	0.544328266409	0.201651875934	0.254019857657	0.0
-aro	0.252637749121	0.575029308324	0.00879249706915	0.163540445486
-ïgu	0.250139490613	0.577763965472	0.0193850925561	0.152711451359
-ari	0.273282142154	0.175822012207	0.0165386887182	0.534357156921
-rón	0.13361278491	0.75635315693	0.0314383023317	0.0785957558292
-aru	0.200625473844	0.403241091736	0.0729719484458	0.323161485974
-mea	0.0	1.0	0.0	0.0
-lun	0.12518638904	0.476121040415	0.0552445690139	0.343448001531
-día	0.0	0.029315960912	0.625407166124	0.345276872964
-meo	0.0	0.113882507384	0.886117492616	0.0
-äsu	0.430710333756	0.276046671704	0.0840122934119	0.209230701128
-ycä	0.462269592348	0.167249350264	0.0387376171183	0.33174344027
-ërä	0.194603216802	0.572245114981	0.077761531304	0.155390136914
-aya	0.0856092230851	0.810209174943	0.0443470633484	0.0598345386234
-rro	0.0705009276437	0.929499072356	0.0	0.0
-ayo	0.0246812011518	0.79020979021	0.154257507199	0.0308515014397
-ila	0.327915751608	0.500555008874	0.0382966984032	0.133232541115
-ayi	0.329971312486	0.235432324727	0.00519231018862	0.429404052598
-ayu	0.0735886358644	0.719923848576	0.0571135681336	0.149373947426
-ynë	0.50395256917	0.385155906895	0.0878348704436	0.0230566534915
-era	0.40350877193	0.491228070175	0.105263157895	0.0
-bás	0.09791400596	0.857386121754	0.0446998722861	0.0
-zpa	0.0694759099834	0.774958465489	0.0	0.155565624528
-aón	0.435700789152	0.498721796154	0.0422363009892	0.0233411137046
-gon	0.0297914597815	0.868917576961	0.0	0.101290963257
-cta	0.0996694380447	0.474993853187	0.0208763989691	0.404460309799
-dán	0.0427798149118	0.899598393574	0.0303823991619	0.027239392352
-ïnu	0.161869465835	0.548753911364	0.288133862986	0.00124275981447
-bpa	0.00286396181384	0.622434367542	0.00429594272076	0.370405727924
-rlä	0.531380753138	0.119246861925	0.0774058577406	0.271966527197
-ota	0.0	1.0	0.0	0.0
-tán	0.0738379814077	0.825763612218	0.0111553784861	0.0892430278885
-ote	0.0474383301708	0.948766603416	0.00379506641368	0.0
-oto	0.568835520804	0.173135995532	0.0586428371963	0.199385646468
-evä	0.0	0.344410876133	0.0	0.655589123867
-upä	0.194417760879	0.561614491463	0.0617199240884	0.182247823569
-ayë	0.118516426621	0.399981172927	0.171797044149	0.309705356302
-eví	0.061703281801	0.86947382696	0.0261052346081	0.0427176566314
-umi	0.146273855585	0.613326433924	0.0460197954085	0.194379915083
-siy	0.404827828257	0.308388254104	0.153024217135	0.133759700503
-nan	0.206778455913	0.191277621262	0.037970263421	0.563973659404
-nal	0.279731281761	0.570491339029	0.143169553657	0.0066078255534
-sir	0.439133935807	0.343170627879	0.0497268866618	0.167968549653
-ysu	0.340519921708	0.260085796078	0.128414049802	0.270980232412
-zun	0.406009700698	0.43783272211	0.0585590914468	0.0975984857447
-nag	0.133000666596	0.471663201632	0.101983240833	0.29335289094
-aús	0.0506756756756	0.888513513514	0.0506756756757	0.0101351351351
-csi	0.153442622951	0.474098360656	0.348852459016	0.023606557377
-nay	0.173164340432	0.351734760905	0.0686277757897	0.406473122873
-sio	0.0	1.0	0.0	0.0
-sin	0.406209602521	0.4664224314	0.0472529961515	0.0801149699273
-nar	0.234784721175	0.290374690375	0.111251803462	0.363588784988
-nas	0.0220161220422	0.972783219208	0.0	0.00520065875011
-sia	0.0131554905902	0.97807418235	0.00328887264754	0.00548145441257
-ysa	0.380434782609	0.0652173913044	0.391304347826	0.163043478261
-tyä	0.823305889804	0.0826020085044	0.0560933683163	0.0379987333756
-ayä	0.361257481071	0.296866797071	0.0443439406725	0.297531781185
-mos	0.0221729490022	0.977827050998	0.0	0.0
-mor	0.0	1.0	0.0	0.0
-ëra	0.00387025433101	0.996129745669	0.0	0.0
-ëro	0.123777628935	0.852109845948	0.0	0.0241125251172
-cán	0.0460829493087	0.836405529954	0.0898617511521	0.0276497695853
-gog	0.142916896516	0.527203069779	0.290416638883	0.0394633948219
-äga	0.304842893399	0.264196501468	0.0629010870782	0.368059518055
-mog	0.314180432687	0.174041736083	0.0710272334982	0.440750597732
-öna	0.311721673226	0.393781807365	0.121864697924	0.172631821485
-aán	0.0995678191489	0.855551861702	0.0	0.0448803191489
-yno	0.0443408974097	0.0285896113425	0.00231645294552	0.924753038302
-yna	0.348396987269	0.292958075052	0.0642538159035	0.294391121776
-öni	0.489165140738	0.394894963976	0.0270526422334	0.0888872530525
-öno	0.464540243241	0.347703152839	0.0305019753661	0.157254628554
-yau	0.217029492044	0.773650223021	0.0	0.00932028493441
-dec	0.0470356350931	0.924742983851	0.0282213810559	0.0
-pur	0.438213737856	0.215016192262	0.0274416226351	0.319328447247
-yar	0.373352615446	0.256146463586	0.0319211042801	0.338579816688
-cog	0.208327211884	0.388344986523	0.0896390722719	0.313688729321
-yay	0.316238108407	0.266183297759	0.0868078915784	0.330770702255
-eor	0.3125	0.25	0.354166666667	0.0833333333333
-bet	0.0182555780933	0.692697768763	0.0	0.289046653144
-cob	0.154258267135	0.675780528358	0.0	0.169961204508
-yag	0.271114221112	0.427323369224	0.0968176490004	0.204744760664
-beo	0.0	0.927710843373	0.0	0.0722891566265
-lpa	0.110607838187	0.665503363678	0.0420521654761	0.181836632659
-yan	0.417996205235	0.286703031459	0.0752838673105	0.220016895995
-bed	0.0	1.0	0.0	0.0
-agé	0.0694087403599	0.60411311054	0.0385604113111	0.287917737789
-upu	0.53567964236	0.336637003922	0.0870903799925	0.0405929737253
-reo	0.00494685662597	0.933005427408	0.0504579375848	0.0115897783808
-rel	0.549525294034	0.396910868641	0.0535638373246	0.0
-ish	0.279533136562	0.288722052622	0.0653885663367	0.36635624448
-rea	0.00173570932654	0.968294376302	0.021291367739	0.00867854663273
-reg	0.425024541693	0.26850490599	0.079057129303	0.227413423014
-red	0.0	0.631067961165	0.368932038835	0.0
-rey	0.079569938794	0.686797935295	0.01712018243	0.216511943481
-eva	0.0	0.823529411765	0.0	0.176470588235
-upa	0.147562055939	0.26617487882	0.0471262867075	0.539136778533
-res	0.259615384615	0.605769230769	0.134615384615	0.0
-isu	0.485738053423	0.298069374682	0.0785371568962	0.137655414999
-ret	0.0277033065237	0.932082216265	0.0241286863271	0.0160857908847
-upi	0.232815964523	0.567627494457	0.0665188470067	0.133037694013
-may	0.266331742247	0.484854492312	0.0560598302148	0.192753935226
-zgä	0.387096774194	0.542521994135	0.0263929618768	0.0439882697947
-hab	0.0127458120903	0.949016751639	0.0	0.0382374362709
-hac	0.0204993102825	0.144365799055	0.0589651975306	0.776169693132
-hag	0.160508610813	0.373943088255	0.272528985484	0.193019315447
-mas	0.172228202368	0.748833871546	0.0502332256907	0.0287047003947
-mar	0.28903772756	0.502953743821	0.0402790189543	0.167729509665
-ham	0.0446286260759	0.917976508668	0.00735636693558	0.0300384983203
-han	0.380616212845	0.504147674643	0.0353091152545	0.0799269972578
-pog	0.109630629111	0.719176926969	0.0666216899983	0.104570753921
-juc	0.0340041831008	0.0516438530843	0.0394565779773	0.874895385838
-har	0.235628511984	0.361871528972	0.0307006765944	0.371799282449
-üno	0.322052401747	0.383187772926	0.229257641921	0.0655021834061
-man	0.206066431952	0.354512516826	0.035071819693	0.40434923153
-hay	0.362459546926	0.44120819849	0.0453074433657	0.151024811219
-guy	0.466315789474	0.129473684211	0.233684210526	0.17052631579
-jun	0.287725712027	0.564063928069	0.0	0.148210359904
-srä	0.26816	0.12544	0.04928	0.55712
-mag	0.206666633509	0.113136834102	0.0171411064567	0.663055425932
-gpa	0.272178734953	0.508416083525	0.0408995721654	0.178505609357
-uno	0.251059374638	0.497794348898	0.18553539801	0.0656108784534
-una	0.121708133483	0.314560289966	0.0313554748515	0.5323761017
-cyu	0.0252525252525	0.76430976431	0.210437710438	0.0
-iro	0.0198624904507	0.939393939394	0.0117137764197	0.0290297937357
-pta	0.139017608897	0.600423672713	0.111214087118	0.149344631272
-pto	0.0386597938145	0.777319587629	0.140721649484	0.0432989690721
-cya	0.426320272572	0.362265758092	0.0331345826235	0.178279386712
-666	0.210526315789	0.407894736842	0.0	0.381578947368
-gag	0.474280493376	0.311740520786	0.0175422567382	0.1964367291
-bar	0.302839116719	0.627760252366	0.00315457413249	0.0662460567823
-gad	0.0	1.0	0.0	0.0
-tra	0.00807754442649	0.968497576737	0.0234248788368	0.0
-ada	0.107717255496	0.102347342957	0.00770928037856	0.782226121169
-gan	0.584603651001	0.136481991961	0.0295984540477	0.24931590299
-gam	0.182605286111	0.128135777673	0.0142035224736	0.675055413743
-äpä	0.366408993928	0.277252814193	0.062654998373	0.293683193506
-üra	0.0263035038444	0.913486336539	0.0140163825891	0.0461937770275
-cpa	0.125086216146	0.737787961927	0.0400272826204	0.0970985393069
-144	0.0	0.250942211055	0.0235552763819	0.725502512563
-sna	0.52199457668	0.433263031033	0.0447423922868	0.0
-gas	0.0550819672131	0.92131147541	0.0	0.0236065573771
-gar	0.46622252375	0.306331073649	0.0855485861765	0.141897816425
-gap	0.0067648373419	0.949263719936	0.0	0.0439714427224
-üru	0.386554621849	0.453781512605	0.159663865546	0.0
-ana	0.194573510811	0.0614265995473	0.0171159795658	0.726883910076
-nor	0.0	1.0	0.0	0.0
-gay	0.246697813063	0.341354094302	0.0205545825846	0.39139351005
-seo	0.0139352314677	0.95637666671	0.00242351851611	0.0272645833063
-arä	0.255562883447	0.101020800119	0.0317318992994	0.611684417135
-ywa	0.182361376673	0.660372848948	0.117112810707	0.0401529636711
-örä	0.262992014463	0.481998175448	0.106611291391	0.148398518698
-bel	0.161656190216	0.769472533479	0.0459141842034	0.0229570921017
-öla	0.335699515242	0.27244540142	0.0665557479272	0.325299335411
-ino	0.274832781863	0.392051017498	0.0871596126391	0.245956588
-seg	0.239602851368	0.506662533367	0.12782333681	0.125911278455
-ina	0.258916948247	0.355998142533	0.0820780806742	0.303006828546
-uir	0.42433168781	0.271466070391	0.0440956352395	0.26010660656
-sea	0.0	0.935483870968	0.0645161290323	0.0
-món	0.0124559592868	0.967709408401	0.000711769102103	0.0191228632098
-ëlo	0.330763533531	0.438425801239	0.0542351198493	0.176575545381
-uim	0.0	1.0	0.0	0.0
-uin	0.0857075310215	0.169889944607	0.0767202819573	0.667682242414
-ïvu	0.0	0.847578242619	0.152421757381	0.0
-ser	0.0	1.0	0.0	0.0
-iag	0.0980392156862	0.24358974359	0.348416289593	0.309954751131
-ñan	0.182222222222	0.315555555555	0.368888888889	0.133333333333
-dón	0.00364586498146	0.990338457799	0.00528650422313	0.000729172996292
-són	0.0	1.0	0.0	0.0
-ëpä	0.329994643813	0.505409748259	0.157096946974	0.00749866095342
-ñag	0.949152542373	0.0	0.0169491525424	0.0338983050848
-ian	0.294505494505	0.303296703297	0.375824175824	0.0263736263736
-nes	0.0382946132244	0.851927495532	0.00255297421496	0.107224917028
-rso	0.0411522633744	0.958847736626	0.0	0.0
-äna	0.340375886709	0.380467307448	0.131394365141	0.147762440701
-neo	0.0	1.0	0.0	0.0
-rsu	0.412451807968	0.307127888189	0.100316747631	0.180103556212
-ias	0.0071275837491	0.990734141126	0.0	0.00213827512473
-iar	0.309349220898	0.351054078827	0.142529789184	0.197066911091
-äni	0.137423312884	0.287116564417	0.560736196319	0.0147239263804
-neg	0.721393034826	0.0562405364482	0.0352584901579	0.187107938568
-ooz	0.100840336134	0.899159663866	0.0	0.0
-äno	0.285122765159	0.338118558935	0.0732177154093	0.303540960497
-nea	0.0272108843538	0.272108843537	0.700680272109	0.0
-ban	0.17436661699	0.737704918033	0.0611028315946	0.026825633383
-hog	0.126509264095	0.0611890155973	0.511337506138	0.300964214169
-gsu	0.272248070355	0.23196084232	0.218782777076	0.277008310249
-unä	0.401880959638	0.125484390647	0.0	0.472634649715
-jor	0.225688073395	0.242201834862	0.0	0.532110091743
-urë	0.388808412695	0.249433029964	0.0622590113394	0.299499546002
-üda	0.189146588606	0.441342040081	0.163476694438	0.206034676875
-ptë	0.381713800056	0.27734005712	0.0754985525361	0.265447590287
-job	0.037037037037	0.888888888889	0.0740740740741	0.0
-sús	0.0495109157726	0.52936719176	0.00181588597581	0.419306006491
-trä	0.191547738892	0.060006711277	0.0456959001994	0.702749649632
-que	0.0	1.0	0.0	0.0
-asa	0.215571681614	0.383442015431	0.0733816012749	0.32760470168
-qui	0.400219830777	0.292885292482	0.0647008140046	0.242194062736
-ltu	0.0812536273942	0.489843296576	0.388276262333	0.0406268136971
-ash	0.323320051588	0.313171050753	0.0912760452925	0.272232852366
-asu	0.338514149796	0.367665189558	0.117563796499	0.176256864147
-usu	0.288958147818	0.507123775601	0.128227960819	0.0756901157614
-tró	0.0	1.0	0.0	0.0
-ümi	0.0131578947368	0.723684210526	0.263157894737	0.0
-dro	0.0169123046134	0.866995570358	0.00187167956846	0.11422044546
-yeg	0.760736196319	0.134969325153	0.0	0.104294478528
-öra	0.210090934882	0.218116796823	0.00866046497737	0.563131803318
-ywä	0.259868421053	0.690789473684	0.00986842105263	0.0394736842105
-dia	0.146300661547	0.517603224089	0.0441031100296	0.291993004334
-430	0.235417761429	0.740059555088	0.0245226834822	0.0
-rar	0.208248524735	0.25412885148	0.0622850540705	0.475337569714
-ras	0.395744680851	0.0	0.0425531914893	0.56170212766
-ran	0.233288814324	0.353003990365	0.0448017739214	0.368905421389
-eri	0.344132861421	0.49435066703	0.150081677103	0.011434794446
-ram	0.0	1.0	0.0	0.0
-uía	0.0175609756098	0.98243902439	0.0	0.0
-isa	0.0	1.0	0.0	0.0
-ero	0.300889328063	0.143280632411	0.0370553359684	0.518774703557
-rag	0.174891295532	0.427801534446	0.225795733919	0.171511436104
-uío	0.0956937799044	0.904306220096	0.0	0.0
-ela	0.14064516129	0.178064516129	0.634838709678	0.0464516129032
-swa	0.523062210343	0.250361688041	0.0755253672054	0.151050734411
-por	0.811152598239	0.0967888963279	0.0	0.0920585054334
-pos	0.0349752258816	0.956280967648	0.0	0.00874380647041
-bri	0.154106405919	0.291184890508	0.424210878537	0.130497825036
-änä	0.499305601481	0.22227365915	0.123669069506	0.154751669863
-änë	0.68934399616	0.119074508032	0.0244572122307	0.167124283577
-aza	0.0674157303371	0.696629213483	0.0674157303371	0.168539325843
-nra	0.124230134681	0.770864418255	0.013803348298	0.0911020987662
-lag	0.216020831192	0.428684003152	0.19837598931	0.156919176346
-500	0.0	0.195414309385	0.160917138123	0.643668552492
-lac	0.142857142857	0.857142857143	0.0	0.0
-zta	0.0791479382451	0.903263631034	0.0175884307211	0.0
-lan	0.136721742644	0.41908799412	0.21584854682	0.228341716417
-lao	0.332963374029	0.600443951165	0.0	0.0665926748058
-ipä	0.294608282842	0.305298762642	0.0710700112879	0.329022943228
-aam	0.0703971119134	0.897111913357	0.0108303249097	0.0216606498195
-uja	0.0173960585502	0.369914759313	0.51666293894	0.0960262431968
-fos	0.0	1.0	0.0	0.0
-eón	0.130572408335	0.805460300712	0.029675547349	0.0342917436033
-lar	0.331228171295	0.419999948238	0.0827165229461	0.166055357521
-las	0.0491380699211	0.5601739971	0.16433059449	0.226357338489
-noc	0.0	0.616033755274	0.383966244726	0.0
-lay	0.398170597518	0.347321258951	0.0481896890617	0.206318454469
-aac	0.144853875476	0.658195679797	0.0266836086404	0.170266836086
-nog	0.369757174393	0.313833701251	0.172921265636	0.14348785872
-awë	0.247159531287	0.653494393699	0.0342406375051	0.0651054375097
-ämi	0.374255359882	0.299163021038	0.0872728681067	0.239308750973
-dor	0.0893375944218	0.815151074956	0.0099869262057	0.085524404416
-gen	0.418439716312	0.0992907801419	0.418439716312	0.0638297872341
-äma	0.25267621658	0.312923411077	0.258468221544	0.175932150799
-fán	0.0	0.925604463732	0.0743955362678	0.0
-awä	0.324741623741	0.371463156302	0.21261520851	0.0911800114468
-üva	0.00507548099582	0.949809132375	0.0	0.0451153866294
-fás	0.0	0.984505363528	0.0	0.015494636472
-doc	0.0	1.0	0.0	0.0
-tía	0.135135135135	0.864864864865	0.0	0.0
-ges	0.0	0.952755905512	0.0472440944882	0.0
-ära	0.0958558451036	0.660705377545	0.104330904579	0.139107872772
-ypa	0.205793629799	0.167970732817	0.0809325406192	0.545303096765
-ämu	0.420323325635	0.579676674365	0.0	0.0
-sas	0.172413793103	0.568965517241	0.0	0.258620689655
-ión	0.0963004196283	0.689175301876	0.0366104307613	0.177913847735
-vos	0.154178418692	0.786395590008	0.00417872460186	0.0552472666981
-mpi	0.22185475162	0.715780237581	0.0340172786178	0.0283477321814
-say	0.0620471158707	0.0181555348627	0.000663166446094	0.91913418282
-ätä	0.29004799291	0.221635761329	0.0292674559469	0.459048789814
-mpa	0.104780888807	0.709051857346	0.0294517584523	0.156715495395
-äbu	0.426587301587	0.261904761905	0.210317460317	0.10119047619
-oli	0.0474576271186	0.952542372881	0.0	0.0
-ïja	0.137254901961	0.813725490196	0.0196078431372	0.0294117647059
-sag	0.28445640985	0.326993427825	0.27547707657	0.113073085755
-tos	0.112359550562	0.887640449438	0.0	0.0
-olo	0.27972027972	0.63986013986	0.041958041958	0.0384615384616
-stä	0.349740932642	0.142487046632	0.291450777202	0.216321243523
-400	0.530837004405	0.129955947137	0.0	0.339207048458
-ïjo	0.0947580645161	0.790322580645	0.0181451612903	0.0967741935483
-cla	0.183939689367	0.0283108042065	0.00585568929607	0.781893817131
-loi	0.0	0.980392156863	0.0196078431373	0.0
-log	0.269627279936	0.137589214909	0.521411578113	0.0713719270419
-naí	0.150078165711	0.812402292861	0.00625325690463	0.0312662845232
-loc	0.0	1.0	0.0	0.0
-clu	0.0	0.0280072703239	0.971992729676	0.0
-rog	0.340753487667	0.426360163209	0.0678809918071	0.165005357317
-rom	0.0	1.0	0.0	0.0
-lot	0.0	1.0	0.0	0.0
-hyä	0.0524344569288	0.0374531835206	0.842696629213	0.0674157303371
-los	0.0137732012855	0.958680396144	0.0137732012855	0.0137732012855
-ucä	0.364640883978	0.403314917127	0.0	0.232044198895
-rdu	0.0220588235294	0.75	0.227941176471	0.0
-cga	0.381856540084	0.409282700422	0.0316455696202	0.177215189873
-gna	0.329516609798	0.389745447306	0.158217522826	0.12252042007
-mpo	0.178083467892	0.348062352503	0.013973419451	0.459880760154
-ipa	0.137054030816	0.21215600792	0.0671735503773	0.583616410887
-ipe	0.0	0.988632672946	0.0	0.0113673270542
-noé	0.0837209302325	0.916279069767	0.0	0.0
-ewa	0.136892497879	0.762998424434	0.0916252575445	0.008483820143
-rdi	0.00202891199594	0.557697184885	0.371290895257	0.068983007862
-ëza	0.0	0.131149867821	0.788930681475	0.0799194507035
-awi	0.0333333333333	0.866666666667	0.05	0.05
-hga	0.336896372503	0.422169504869	0.100609359952	0.140324762676
-ätu	0.294881384157	0.453209895708	0.245981456131	0.00592726400316
-äta	0.317186084897	0.294900602013	0.0489013829654	0.339011930125
-äto	0.260525732305	0.362494148949	0.175901061812	0.201079056934
-tol	0.251542626873	0.372717541871	0.0314821810855	0.34425765017
-ypä	0.188226789415	0.353777661063	0.245013198279	0.212982351243
-äpa	0.23800015678	0.41369560807	0.130445474759	0.217858760391
-stu	0.250478522467	0.153408885711	0.300837143456	0.295275448367
-mpä	0.172122533437	0.168082037089	0.000913844085143	0.658881585389
-sto	0.102923201356	0.529385025055	0.00258036718197	0.365111406407
-mpö	0.292473118279	0.302150537635	0.125806451613	0.279569892473
-sta	0.0896728163772	0.285776938165	0.0148672900922	0.609682955365
-saí	0.16620498615	0.83379501385	0.0	0.0
-clä	0.25661167845	0.383084577114	0.206467661692	0.153836082744
-cun	0.314735695194	0.271239462448	0.153549857245	0.260474985113
-loé	0.0331262939959	0.910973084886	0.0	0.055900621118
-ián	0.17316017316	0.649350649351	0.0476190476191	0.12987012987
-cua	0.0122718691001	0.969162995595	0.0	0.0185651353052
-rpa	0.199951730339	0.728733049553	0.0236222322369	0.0476929878706
-uci	0.534809697955	0.258160639306	0.00975213327916	0.19727752946
-cuy	0.442375045988	0.336132507632	0.0558053812746	0.165687065105
-tor	0.0928486764124	0.836033188463	0.0355590675622	0.0355590675623
-uca	0.140082603993	0.363949257547	0.369308683253	0.126659455207
-ssu	0.471460563395	0.222368660731	0.17556191313	0.130608862744
-cur	0.356909226154	0.241499576876	0.0553003838709	0.3462908131
-lem	0.0	1.0	0.0	0.0
-lea	0.0458454457365	0.859798934108	0.00254360465116	0.0918120155039
-mun	0.404535142481	0.458974043131	0.0315527015393	0.104938112848
-leg	0.33418569791	0.369367780619	0.105105369897	0.191341151574
-ëmi	0.301325085666	0.316978914611	0.104141571003	0.27755442872
-mur	0.410234515278	0.224175381937	0.0547323873315	0.310857715454
-ios	0.391585303512	0.0676602812477	0.027518078957	0.513236336284
-itä	0.121253032793	0.0819245519292	0.0225405024654	0.774281912812
-äcu	0.329139160037	0.2851097444	0.0466061050612	0.339144990502
-muy	0.603085338698	0.24063896239	0.0392366872236	0.117039011688
-hgä	0.34666515209	0.394455762794	0.0886254770549	0.170253608062
-ëtu	0.190757352106	0.327580333825	0.171681616896	0.309980697173
-rra	0.0486377411784	0.928142794679	0.00290243301788	0.0203170311252
-spä	0.152251601406	0.46880508597	0.182054616385	0.196888696238
-ïna	0.179190751445	0.291907514451	0.528901734104	0.0
-rri	0.0	0.954751131222	0.0	0.0452488687783
-ndu	0.0	0.78584683284	0.200110336526	0.0140428306334
-san	0.181200643288	0.46386308538	0.0265236072106	0.328412664122
-gio	0.0541972290138	0.945802770986	0.0	0.0
-gin	0.624161073825	0.352348993289	0.0234899328859	0.0
-gil	0.0875320803972	0.719720955665	0.0174623193135	0.175284644624
-gun	0.257418511232	0.474525556904	0.035693670558	0.232362261306
-ëta	0.171733183642	0.497608586941	0.0173090453173	0.313349184099
-udä	0.12987012987	0.636363636364	0.207792207792	0.025974025974
-ali	0.133110465467	0.0820019293229	0.162113223726	0.622774381485
-nda	0.432494279176	0.395881006865	0.0755148741419	0.0961098398169
-gia	0.0	0.929133858268	0.0708661417323	0.0
-ala	0.259198650701	0.305718113078	0.125780673159	0.309302563062
-ësa	0.246449022624	0.495800928634	0.0353400778435	0.222409970899
-120	0.0	0.0	0.0	1.0
-yor	0.0474062034403	0.791683597454	0.0751275452616	0.0857826538444
-üdö	0.144329896907	0.731958762887	0.0	0.123711340206
-abä	0.48167539267	0.20942408377	0.198952879581	0.109947643979
-ësu	0.3372316267	0.164228238961	0.00925379325749	0.489286341082
-abá	0.0	1.0	0.0	0.0
-ömi	0.224857652197	0.247094290451	0.0583998797774	0.469648177575
-abí	0.379194630873	0.305369127517	0.0	0.315436241611
-yog	0.188061035987	0.394654180993	0.107980759344	0.309304023675
-abé	0.0898190045249	0.826696832579	0.0303167420814	0.0531674208145
-iel	0.234305419169	0.65470780333	0.102765534723	0.00822124277787
-chi	0.312468193384	0.42320610687	0.0549618320611	0.209363867684
-peg	0.40188172043	0.252688172043	0.256720430108	0.0887096774193
-cho	0.170371675652	0.375649431689	0.0379215373702	0.416057355289
-iyu	0.372574148663	0.34758330282	0.148022702307	0.13181984621
-cha	0.08554876241	0.490530533097	0.363780799526	0.0601399049672
-uez	0.0422620245522	0.873213926343	0.0070436707587	0.0774803783457
-mga	0.207037907052	0.169925383446	0.00587259914329	0.617164110359
-153	0.0	0.0422535211268	0.0	0.957746478873
-oré	0.0	0.850157728707	0.0	0.149842271293
-oga	0.0833622527011	0.235762643988	0.0202344068481	0.660640696463
-aén	0.0	1.0	0.0	0.0
-chu	0.18016194332	0.0	0.455465587044	0.364372469636
-loe	0.127659574468	0.787234042553	0.0425531914893	0.0425531914893
-ytä	0.0688433814046	0.48665685431	0.0110731305827	0.433426633703
-itu	0.0404210040231	0.825991683602	0.0219715830997	0.111615729275
-ter	0.0	1.0	0.0	0.0
-ito	0.183357738588	0.621188005348	0.0324695995416	0.162984656523
-uta	0.147182994309	0.527915569765	0.0202931990239	0.304608236901
-eso	0.0	0.987651780202	0.0	0.0123482197983
-iti	0.290085849223	0.401430717549	0.182550675103	0.125932758126
-ite	0.0	0.990712074303	0.00928792569659	0.0
-ita	0.228203994229	0.34259036195	0.0641901527779	0.365015491044
-spa	0.0771293427542	0.246045290566	0.0158698119007	0.660955554779
-spe	0.0478598715055	0.901621375239	0.0489993922556	0.00151936100017
-rrä	0.425239228852	0.288971604542	0.140950800134	0.144838366473
-tir	0.513879541015	0.380402843213	0.0448150762513	0.0609025395209
-gru	0.461538461539	0.230769230769	0.276923076923	0.0307692307692
-spo	0.0869565217391	0.913043478261	0.0	0.0
-fas	0.0416666666667	0.875	0.0833333333334	0.0
-bra	0.177090641668	0.785377976518	0.0375313818142	0.0
-uda	0.234375	0.501953125	0.087890625	0.17578125
-fat	0.0	1.0	0.0	0.0
-alä	0.257627118644	0.457142857143	0.0242130750605	0.261016949152
-bro	0.0804403048264	0.735393734124	0.0338696020322	0.150296359018
-nna	0.392925892425	0.341243941117	0.107804115146	0.158026051312
-hun	0.353994775569	0.329726271563	0.074219496698	0.24205945617
-yir	0.51870251315	0.0613676212741	0.00818234950321	0.411747516073
-özu	0.176663927691	0.43960558751	0.0221857025472	0.361544782251
-huc	0.0245499181669	0.779050736498	0.196399345336	0.0
-gpä	0.324886877828	0.520701357466	0.0588235294117	0.0955882352942
-huy	0.0513229927008	0.753649635037	0.112910583942	0.0821167883211
-sya	0.101141078838	0.488243430152	0.0890387275242	0.321576763485
-abo	0.0	1.0	0.0	0.0
-hur	0.350434223223	0.562319073657	0.0365873271148	0.0506593760051
-öcu	0.270332154441	0.396638218377	0.145372667371	0.18765695981
-tam	0.0	1.0	0.0	0.0
-tea	0.0	1.0	0.0	0.0
-chä	0.413712003219	0.401497887308	0.0766828875691	0.108107221903
-ael	0.033937710858	0.582310356008	0.0564843003063	0.327267632828
-tun	0.17774380885	0.228394404315	0.415817269441	0.178044517394
-tur	0.947916666667	0.0520833333333	0.0	0.0
-ori	0.050508774517	0.678513493585	0.240008848252	0.0309688836455
-oro	0.0626598465474	0.735933503836	0.182225063939	0.0191815856777
-iyë	0.333868056948	0.551834770403	0.0300782033286	0.0842189693202
-ado	0.147642877001	0.746316374757	0.0119146908138	0.0941260574288
-ncu	0.437019591476	0.286821589876	0.156165377296	0.119993441352
-sog	0.221900700579	0.477307340847	0.173621687481	0.127170271094
-van	0.16760337214	0.371336812525	0.304496186271	0.156563629065
-ïpa	0.0	1.0	0.0	0.0
-chö	0.207869750794	0.388862932666	0.00748331102857	0.395784005512
-zga	0.164361482814	0.0944563139548	0.18891262791	0.552269575321
-tan	0.139311930029	0.496316180164	0.0801348061217	0.284237083685
-lix	0.0520547945205	0.91095890411	0.00821917808218	0.0287671232877
-liy	0.554887218045	0.0436090225564	0.0541353383459	0.347368421053
-rur	0.242821861509	0.614652263258	0.0989763022453	0.043549572988
-asë	0.452548636776	0.35415940311	0.0412802454501	0.152011714664
-icu	0.543882202732	0.257804376155	0.111487953948	0.0868254671657
-rut	0.0	1.0	0.0	0.0
-lis	0.00792079207922	0.805940594059	0.0	0.186138613861
-ico	0.22159439036	0.556130437742	0.207978759616	0.0142964122813
-lim	0.0	0.955621301775	0.0443786982249	0.0
-lin	0.284437220642	0.212850908962	0.0692542798085	0.433457590587
-lio	0.0318802862719	0.884515289525	0.0211450878334	0.0624593363695
-run	0.209371025315	0.585709596685	0.19989332458	0.00502605341977
-sué	0.21158129176	0.654788418708	0.0	0.133630289532
-oma	0.112328828526	0.458436988727	0.229677939891	0.199556242856
-lia	0.00710900473932	0.945497630332	0.0142180094787	0.0331753554502
-ica	0.166831582089	0.399095321114	0.252744663808	0.181328432989
-eas	0.0424428200896	0.702900259373	0.0636642301344	0.190992690403
-lno	0.472362806391	0.336608117495	0.177136052397	0.0138930237174
-üga	0.0	0.52789815818	0.47210184182	0.0
-ïñu	0.921073401736	0.0315706393054	0.0473559589582	0.0
-yca	0.0754462782082	0.335171775008	0.383083529808	0.206298416975
-ode	0.0	1.0	0.0	0.0
-rna	0.281268510592	0.120964022716	0.02511898457	0.572648482123
-ëpo	0.464190981432	0.328288344516	0.185676392573	0.0218442814792
-rno	0.15	0.58125	0.26875	0.0
-ëpa	0.123097048253	0.626888534113	0.0510721795945	0.198942238039
-ycu	0.178935368089	0.322908845049	0.0659068637754	0.432248923087
-riy	0.390810567501	0.584374963932	0.00969495516084	0.0151195134056
-üju	0.094948727687	0.589568299785	0.231928092163	0.0835548803646
-hno	0.29544163202	0.416985363615	0.220474548862	0.0670984555035
-uro	0.0789473684211	0.0526315789473	0.197368421053	0.671052631579
-ura	0.288356747814	0.0698495169134	0.0927479223537	0.549045812919
-hna	0.322459390522	0.312390924956	0.153040676601	0.212109007921
ALL	0.229946835441	0.26964550594	0.0506763432966	0.449731315322
-nnë	0.223018933742	0.486676614794	0.0651150171509	0.225189434313
-yrä	0.149101476508	0.168168043697	0.518504702165	0.16422577763
-äzo	0.779661016949	0.186440677966	0.0338983050847	0.0
-hnu	0.747663551402	0.214953271028	0.0280373831776	0.00934579439252
-rgu	0.303768115942	0.166376811594	0.421449275362	0.108405797101
-uru	0.194556258386	0.389495878858	0.315315315315	0.100632547441
-tga	0.0659133709981	0.593220338983	0.340866290019	0.0
-nio	0.0203562340967	0.979643765903	0.0	0.0
-äsi	0.0661886376173	0.412575841147	0.279646993933	0.241588527303
-war	0.444247081309	0.134706540688	0.0229774695979	0.398068908405
-ngö	0.495264623956	0.176601671309	0.272423398329	0.0557103064066
-äsa	0.289932408396	0.443258626823	0.0	0.266808964781
-way	0.224484808992	0.408243056121	0.115907795064	0.251364339822
-sno	0.2288	0.592	0.0512	0.128
-wag	0.221112205387	0.125998060555	0.146601664337	0.506288069721
-pay	0.161267368059	0.128381257292	0.0510709914077	0.659280383241
-wac	0.00579374275782	0.571842410197	0.151989185013	0.270374662032
-aín	0.0329067641682	0.835466179159	0.0	0.131627056673
-wan	0.163298023704	0.414421215183	0.047240462711	0.375040298401
-par	0.282159264698	0.364056163779	0.0862663331488	0.267518238374
-pas	0.579310344828	0.296551724138	0.0	0.124137931035
-dun	0.0597014925373	0.880597014925	0.0597014925373	0.0
-mya	0.201572879285	0.551423990227	0.0343590135145	0.212644116973
-nun	0.0762544448834	0.848676412485	0.0355590675623	0.0395100750691
-icö	0.28033924441	0.162143407864	0.0511179645336	0.506399383192
-icó	0.0	0.988165680473	0.0	0.0118343195266
-sur	0.739644970414	0.133136094675	0.0295857988166	0.0976331360946
-nca	0.166680031766	0.116125035245	0.0113172210596	0.705877711929
-sun	0.339404980766	0.279157527479	0.11737611438	0.264061377375
-omé	0.0	0.989473684211	0.0	0.0105263157895
-nuy	0.0911136107986	0.4848143982	0.0	0.424071991001
-icä	0.29134720701	0.119386637459	0.00876232201534	0.580503833516
-nur	0.215596762048	0.236892884036	0.0197665662651	0.527743787651
-lnë	0.399637516991	0.543271409153	0.0	0.0570910738559
-zín	0.0319950876229	0.936009824754	0.0	0.0319950876229
-fes	0.0571428571429	0.942857142857	0.0	0.0
-räm	0.240038872692	0.701652089407	0.0583090379009	0.0
-din	0.0588235294118	0.911764705882	0.0	0.0294117647059
-dio	0.0	1.0	0.0	0.0
-izä	0.958656330749	0.015503875969	0.0258397932816	0.0
-nás	0.0941020394397	0.676781417939	0.0213612753806	0.207755267241
-sla	0.307469785437	0.370649724031	0.189575310132	0.1323051804
-dis	0.0	1.0	0.0	0.0
-ycö	0.295356629966	0.666347534706	0.0	0.0382958353279
-rnë	0.341000955391	0.0879694275005	0.027008157566	0.544021459543
-veg	0.16847826087	0.20652173913	0.559782608696	0.0652173913044
-hsu	0.673469387755	0.0510204081632	0.0	0.275510204082
-ïgo	0.133100062386	0.793799332737	0.00379743401958	0.0693031708573
-rgä	0.497838512743	0.184048962461	0.0471188239481	0.270993700848
-elí	0.0	0.96	0.02	0.02
-urä	0.342754130313	0.232210718987	0.0733140659465	0.351721084754
-200	0.0700053850296	0.642434033387	0.0323101777059	0.255250403877
-nno	0.248554500327	0.222151923376	0.0972894235087	0.432004152787
-iyä	0.603422952812	0.216226286773	0.0571288002663	0.123221960149
-rgö	0.60632183908	0.0603448275862	0.0	0.333333333333
-gtä	0.400529923139	0.185144633981	0.101626995423	0.312698447457
-tpa	0.0240842950326	0.963873557451	0.0	0.0120421475163
-day	0.149746192893	0.697969543147	0.0	0.152284263959
-äsë	0.562694300518	0.223242042931	0.0743153219837	0.139748334567
-apá	0.0749604468081	0.782195345114	0.00825613312746	0.134588074951
-znë	0.0557275541796	0.94427244582	0.0	0.0
-ngu	0.135954403543	0.607384012198	0.1677194511	0.0889421331591
-apä	0.268452666484	0.292394870535	0.0718802606505	0.367272202331
-äla	0.210834553441	0.560761346999	0.14055636896	0.0878477306003
-tiy	0.429990245633	0.40613638379	0.163873370577	0.0
-ceg	0.246268656716	0.261194029851	0.358208955224	0.134328358209
-nga	0.266682603435	0.127738937595	0.0419306223402	0.563647836629
-apö	0.645454545455	0.190909090909	0.0	0.163636363636
-til	0.587719298246	0.412280701754	0.0	0.0
-öga	0.139024980105	0.163549707617	0.055800664972	0.641624647307
-tin	0.340390422594	0.254670338878	0.0521219814901	0.352817257039
-tio	0.0763358778626	0.786259541985	0.0	0.137404580153
-lón	0.0298507462686	0.620895522388	0.0895522388059	0.259701492537
-ngo	0.00995437577767	0.708834508503	0.0547490667772	0.226462048942
-acö	0.390621016023	0.190027435262	0.0546563452967	0.364695203419
-quë	0.560903110882	0.327173808067	0.0232860101514	0.0886370708989
-uwa	0.227208313651	0.549834671705	0.0500708549835	0.17288615966
-emo	0.0	0.955692544789	0.0327489886342	0.0115584665767
-osé	0.0181474480151	0.956899810964	0.00226843100189	0.0226843100189
-hmi	0.338987794009	0.334488864986	0.110369661805	0.216153679199
-260	0.0	0.110537951363	0.0442151805453	0.845246868091
-jag	0.0621669626998	0.9378330373	0.0	0.0
-mmi	0.274498646654	0.409833292323	0.0355253444882	0.280142716535
-jan	0.427414330218	0.572585669782	0.0	0.0
-das	0.0697638163535	0.874373164965	0.00155896796321	0.0543040507184
-ulö	0.378514509096	0.213276199068	0.0462336490753	0.36197564276
-cio	0.0719606382839	0.370187554488	0.0313581622749	0.526493644953
-cin	0.209763221818	0.532402818031	0.257833960151	0.0
-cil	0.0455296891514	0.884441312773	0.00227648445757	0.0677525136183
-zan	0.0350877192982	0.964912280702	0.0	0.0
-cia	0.0451969535242	0.896869472848	0.02941798287	0.0285155907574
-dpa	0.059000103509	0.925473553462	0.00310526860574	0.0124210744229
-ëla	0.0323244196298	0.96767558037	0.0	0.0
-yga	0.162688060438	0.135085941286	0.0167265586586	0.685499439617
-zar	0.127706780263	0.767882499113	0.0655839545616	0.0388267660631
-cis	0.512780689834	0.357212191807	0.0801786060959	0.0498285122629
-cir	0.660613650595	0.200375704446	0.0262993112085	0.112711333751
-shä	0.457651311596	0.177525157433	0.055630250298	0.309193280674
-gmi	0.184948253924	0.365647166239	0.16310853447	0.286296045367
-xta	0.68115942029	0.304347826087	0.0144927536232	0.0
-mrä	0.502463054187	0.133004926108	0.0591133004927	0.305418719212
-rcu	0.296296296296	0.463580246913	0.0364197530864	0.203703703704
-000	0.0861252066382	0.242149649446	0.00991104089955	0.661814103016
-blo	0.0555376690277	0.77809858131	0.00494360550859	0.161420144154
-rca	0.118025660885	0.468824486512	0.0970538614408	0.316095991162
-ilä	0.436071276445	0.230086610819	0.092822660798	0.241019451938
-eta	0.0133037694013	0.90317812269	0.0295639320029	0.0539541759054
-lir	0.288988261599	0.398826159866	0.0388485187255	0.27333705981
-änu	0.426965578055	0.178488866292	0.279852080172	0.11469347548
-dga	0.124618204032	0.508857666463	0.109957238852	0.256566890654
-eto	0.0	1.0	0.0	0.0
-rco	0.0129077681296	0.930767425487	0.0	0.0563248063834
