-caj	0.876385336743	0.07757885763	0.0255754475703	0.0204603580562
-cai	0.104851729569	0.18028127164	0.00986022213064	0.705006776661
-can	0.105181002595	0.0521056666406	0.0186872227992	0.824026107965
-aja	0.041095890411	0.876712328767	0.0821917808219	0.0
-cas	0.0	0.994285714286	0.0	0.0057142857143
-car	0.0	0.954545454545	0.0454545454545	0.0
-ive	0.0656544932294	0.934345506771	0.0	0.0
-rbe	0.0127523910733	0.987247608927	0.0	0.0
-ivi	0.304025836628	0.664792026282	0.0	0.03118213709
-ivo	0.21174863388	0.610655737705	0.177595628415	0.0
-dío	0.036253776435	0.963746223565	0.0	0.0
-nso	0.0967741935485	0.903225806452	0.0	0.0
-ufa	0.535211267606	0.450704225352	0.0	0.0140845070423
-jra	0.212623274162	0.645857988166	0.141518737672	0.0
-ufo	0.0	0.974082073434	0.0259179265659	0.0
-aum	0.00240384615385	0.995192307692	0.0	0.00240384615384
-nto	0.0253883414064	0.863749234452	0.0226713434664	0.0881910806749
-uai	0.680929265813	0.180566685982	0.0245193706405	0.113984677564
-uaj	0.162050677666	0.779021803182	0.00883912787272	0.0500883912787
-nte	0.0634687759138	0.710403776233	0.0299802258085	0.196147222045
-uan	0.145537842256	0.342009284553	0.0888654646723	0.423587408518
-uar	0.20732187377	0.767747014827	0.0131216375804	0.0118094738223
-pun	0.674551386623	0.325448613377	0.0	0.0
-muj	0.613343389453	0.17046795274	0.0586100224339	0.157578635373
-pui	0.750252780586	0.149646107179	0.036400404449	0.0637007077856
-puj	0.268379696532	0.640579841041	0.072073699422	0.0189667630058
-pra	0.206872370266	0.666023842917	0.112640252454	0.0144635343619
-pre	0.00466562986003	0.96734059098	0.0	0.0279937791602
-más	0.0503597122302	0.83309352518	0.0	0.11654676259
-aré	0.0	1.0	0.0	0.0
-eño	0.0765379113019	0.866237482117	0.0	0.0572246065809
-nmi	0.356442215546	0.28857516986	0.0688713550276	0.286111259566
-opo	0.0	0.908695652174	0.0913043478261	0.0
-opi	0.0834134153373	0.475085687744	0.0206307258633	0.420870171055
-tín	0.0233918128655	0.883040935673	0.0701754385965	0.0233918128655
-mán	0.0271411338963	0.846200241255	0.126658624849	0.0
-ope	0.0277594183741	0.962326503635	0.0039656311963	0.00594844679445
-opa	0.5	0.220930232558	0.279069767442	0.0
-smi	0.281852288022	0.366151581427	0.00789030955586	0.344105820996
-dea	0.0102405822213	0.881665632224	0.0784062140438	0.029687571511
-msa	0.0284535680644	0.0415110273817	0.161009517004	0.76902588755
-dec	0.0106685633001	0.981330014225	0.0	0.0080014224751
-lu—	0.249046020873	0.305687094846	0.0763183301917	0.368948554089
-deo	0.0	1.0	0.0	0.0
-ima	0.257946738617	0.128163640273	0.0205355188993	0.59335410221
-des	0.0173650590206	0.88133876336	0.0609844334649	0.0403117441548
-caz	0.0	1.0	0.0	0.0
-imi	0.374007620843	0.210409565684	0.0371163518318	0.378466461641
-imo	0.0478723404255	0.71170212766	0.0287234042553	0.21170212766
-rpi	0.111602329092	0.839874919129	0.00646970023722	0.0420530515419
-ido	0.390667886551	0.51967063129	0.0230558096981	0.0666056724611
-lla	0.201054782624	0.371339836116	0.149816271764	0.277789109495
-obo	0.0	1.0	0.0	0.0
-rpo	0.0641972626548	0.708505322616	0.0353030632196	0.19199435151
-rpa	0.167497507478	0.784646061815	0.0478564307079	0.0
-eca	0.050655021834	0.91341235184	0.00524017467249	0.0306924516531
-llo	0.175939865291	0.784678776261	0.0131271194828	0.0262542389657
-ida	0.013769363167	0.984509466437	0.00172117039587	0.0
-ri—	0.43611177454	0.37067112491	0.0363212140141	0.156895886535
-llu	0.379124875115	0.275556931464	0.0876873552071	0.257630838214
-bia	0.0461006530925	0.953899346907	0.0	0.0
-bij	0.199831482576	0.750870882956	0.0440157450608	0.00528188940731
-ter	0.0139968895801	0.95800933126	0.0279937791602	0.0
-uta	0.166229937027	0.351717801232	0.124845579225	0.357206682516
-ria	0.0180372611843	0.947074878367	0.0109172896642	0.0239705707844
-rin	0.0992000256108	0.035983165868	0.0107838419769	0.854032966544
-rio	0.0677929310514	0.851614073992	0.0572538470956	0.0233391478606
-ril	0.0	0.668789808917	0.101910828026	0.229299363057
-uti	0.308923764702	0.0353490970445	0.0135749917643	0.642152146489
-rij	0.183422875666	0.323889291121	0.178205012177	0.314482821036
-uto	0.183215130024	0.767139479905	0.0496453900709	0.0
-tea	0.0237780713342	0.976221928666	0.0	0.0
-gra	0.326104786588	0.608444604836	0.0275581509794	0.0378924575965
-ris	0.0	1.0	0.0	0.0
-gri	0.505725760666	0.418617658809	0.0117753432723	0.0638812372521
-teo	0.0	1.0	0.0	0.0
-lux	0.155102040816	0.779591836735	0.065306122449	0.0
-ara	0.231161251309	0.195251750805	0.0585903122784	0.514996685608
-mes	0.0	1.0	0.0	0.0
-aro	0.0689045936396	0.782685512368	0.0173144876325	0.13109540636
-ari	0.312208811752	0.358058776122	0.104562097414	0.225170314713
-rón	0.00894187779433	0.982116244411	0.00894187779432	0.0
-aru	0.0622498405342	0.501838318028	0.0977746186402	0.338137222797
-ram	0.0	1.0	0.0	0.0
-mea	0.0	1.0	0.0	0.0
-lun	0.0389982615233	0.941737537001	0.0136258986045	0.00563830287085
-raj	0.19924576016	0.147141226156	0.283428886273	0.37018412741
-meo	0.0	1.0	0.0	0.0
-mei	0.0	1.0	0.0	0.0
-bán	0.179723502304	0.585253456221	0.235023041475	0.0
-aya	0.0978696915203	0.73617374464	0.105021441417	0.0609351224236
-ndu	0.392201834862	0.5	0.098623853211	0.0091743119266
-ayo	0.015761821366	0.984238178634	0.0	0.0
-rai	0.259871362632	0.293978803427	0.0542388432063	0.391910990734
-ayu	0.0709435847571	0.770766375901	0.102050139296	0.0562399000462
-bás	0.0170648464164	0.969283276451	0.0102389078498	0.00341296928327
-na—	0.208762947688	0.529320438977	0.0631681243926	0.198748488943
-ndi	0.151013013906	0.520281658629	0.111832503601	0.216872823863
-cta	0.0895006554642	0.45268740317	0.0980812775593	0.359730663806
-sra	0.653333333333	0.0	0.0	0.346666666667
-ij—	0.0396341463415	0.88262195122	0.0	0.077743902439
-dán	0.00607287449392	0.993927125506	0.0	0.0
-xad	0.0	1.0	0.0	0.0
-rru	0.0421052631579	0.803007518797	0.0	0.154887218045
-ota	0.0877773837979	0.820791976374	0.0246178664354	0.066812773393
-tán	0.0	1.0	0.0	0.0
-ote	0.0	1.0	0.0	0.0
-iji	0.137787385118	0.752984796862	0.103215277579	0.00601254044148
-oto	0.0392156862745	0.843137254902	0.0392156862745	0.078431372549
-rán	0.180234218795	0.819765781205	0.0	0.0
-nda	0.176557895021	0.223142540292	0.082870784849	0.517428779838
-uma	0.246235884567	0.45765370138	0.00188205771644	0.294228356336
-eví	0.00906686815263	0.97128825085	0.0	0.0196448809973
-umi	0.18930821704	0.638289906805	0.101138439264	0.0712634368915
-naj	0.215234102026	0.207547169811	0.0321453529001	0.545073375262
ALL	0.239135614694	0.293742623272	0.0554591300715	0.411662631963
-nai	0.261247110426	0.255379052812	0.251911564223	0.231462272539
-nan	0.161507451943	0.251303313994	0.118504414135	0.468684819928
-zuj	0.298746332355	0.250466791144	0.194185116031	0.256601760469
-zui	0.294797687861	0.352601156069	0.14450867052	0.208092485549
-zun	0.351063829787	0.117021276596	0.0212765957447	0.510638297872
-zul	0.0	0.380368098159	0.619631901841	0.0
-aús	0.0625	0.875	0.0625	0.0
-aúl	0.0	0.934782608696	0.0652173913044	0.0
-sij	0.360923965351	0.230991337825	0.0981713185756	0.309913378248
-sio	0.0	1.0	0.0	0.0
-sin	0.432646301067	0.479389032021	0.0136179609864	0.0743467059257
-nas	0.0379609544469	0.93899132321	0.0169468546638	0.00610086767896
-sia	0.00719041278296	0.992809587217	0.0	0.0
-bón	0.0252100840336	0.453781512605	0.319327731092	0.201680672269
-mos	0.0443458980044	0.944567627494	0.0110864745011	0.0
-mor	0.0	0.925465838509	0.0745341614907	0.0
-jca	0.306813579589	0.393184354488	0.0618628952328	0.238139170689
-ma—	0.0	0.971664698937	0.0	0.0283353010625
-gog	0.186234817814	0.740890688259	0.0728744939271	0.0
-aán	0.0155642023346	0.793774319066	0.190661478599	0.0
-ha—	0.451607377807	0.317944393518	0.0707551165229	0.159693112152
-gos	0.0152216655039	0.938479101922	0.0443965243864	0.00190270818799
-mol	0.0	0.902280130293	0.0977198697069	0.0
-ber	0.0	1.0	0.0	0.0
-eos	0.110091743119	0.299694189602	0.516819571865	0.0733944954129
-eor	0.0217391304348	0.978260869565	0.0	0.0
-bet	0.0	1.0	0.0	0.0
-nta	0.111195350013	0.788728834976	0.0	0.100075815011
-beo	0.0625	0.875	0.0	0.0625
-bel	0.037845705968	0.950509461426	0.00582241630276	0.00582241630277
-yan	0.743961352657	0.135265700483	0.0396135265701	0.0811594202898
-yai	0.346021378732	0.455809554401	0.121519710191	0.076649356675
-cos	0.058451047248	0.895275207014	0.0462737457379	0.0
-yaj	0.243763266735	0.46758266407	0.198563363022	0.0900907061733
-iso	0.0	1.0	0.0	0.0
-upu	0.0	0.834938101788	0.0825309491059	0.0825309491059
-reo	0.0237666546633	0.909974792942	0.0374504861361	0.0288080662585
-rea	0.000581564408257	0.980081419017	0.000436173306194	0.0189008432684
-isa	0.0377358490566	0.918238993711	0.0377358490566	0.0062893081761
-eva	0.0954907161804	0.7824933687	0.122015915119	0.0
-upa	0.125191197942	0.557967739693	0.0468608774248	0.269980184941
-res	0.0399619410086	0.941960038059	0.0180780209324	0.0
-ret	0.00687013152855	0.978827735921	0.00306474268931	0.0112373898608
-upi	0.133838949818	0.422884210115	0.0322022145039	0.411074625564
-avi	0.188618372527	0.719969102282	0.00766344718639	0.0837490780051
-hab	0.0234986945169	0.976501305483	0.0	0.0
-naí	0.0	1.0	0.0	0.0
-hai	0.126931151318	0.0120315680936	0.00349410400168	0.857543176587
-mas	0.0623342175066	0.929708222812	0.0	0.00795755968169
-mar	0.0	1.0	0.0	0.0
-ham	0.0157132543424	0.966450078566	0.00509619059754	0.0127404764938
-han	0.434731998886	0.105910141755	0.115763076266	0.343594783093
-mai	0.581143095536	0.195939368655	0.100542344597	0.122375191211
-maj	0.396462467644	0.437014667817	0.0586712683348	0.107851596204
-mal	0.0616966580976	0.856041131105	0.025706940874	0.0565552699229
-man	0.232990923	0.311359311042	0.0365308319428	0.419118934015
-juj	0.19036084011	0.434773849866	0.0594299963856	0.315435313638
-jui	0.314725261279	0.489816527827	0.0884738611113	0.106984349783
-jun	0.489677607188	0.231943914614	0.051764569017	0.226613909181
-uni	0.408940939731	0.164616700429	0.0474789329458	0.378963426894
-ung	0.251388888889	0.313514957265	0.135016025641	0.300080128205
-una	0.104321423687	0.402065439088	0.0544084228336	0.439204714392
-psh	0.182724252492	0.634551495017	0.116279069768	0.0664451827242
-pta	0.0	1.0	0.0	0.0
-pto	0.0	0.893540669856	0.0992822966507	0.00717703349283
-ús—	0.141891891892	0.289864864865	0.0	0.568243243243
-igo	0.0711426743121	0.887577008494	0.0131745693171	0.0281057478764
-gad	0.0	1.0	0.0	0.0
-tra	0.0	1.0	0.0	0.0
-ada	0.00616016427106	0.575975359343	0.0544147843942	0.363449691992
-ado	0.043769763785	0.229683261046	0.626842459954	0.0997045152149
-tro	0.0	0.987031700288	0.0129682997118	0.0
-ui—	0.437100259836	0.215042786223	0.0465955491154	0.301261404826
-gai	0.167205457723	0.361855873257	0.410917073949	0.0600215950712
-adi	0.0	1.0	0.0	0.0
-gau	0.0	1.0	0.0	0.0
-gar	0.0	0.987829614604	0.0121703853955	0.0
-lam	0.0	1.0	0.0	0.0
-in—	0.297866481156	0.338259306165	0.169989179521	0.193885033158
-lan	0.406264211005	0.400750341064	0.105445657117	0.087539790814
-seo	0.031499191237	0.944663582962	0.00255398847868	0.0212832373223
-ini	0.658552094072	0.0886605927822	0.0313765290576	0.221410784088
-sem	0.0	1.0	0.0	0.0
-lpa	0.111350341882	0.665458444214	0.0257528323736	0.197438381531
-ino	0.0822212656048	0.831252690486	0.0632802410676	0.0232458028412
-ina	0.0748283403574	0.0823955712005	0.015155126713	0.827620961729
-uis	0.0	1.0	0.0	0.0
-sea	0.0	1.0	0.0	0.0
-món	0.00678007143289	0.990314183667	0.0	0.00290574489981
-ga—	0.452839516554	0.241553001853	0.111641580742	0.193965900851
-uim	0.0	1.0	0.0	0.0
-uin	0.197793618197	0.104781254321	0.0971565459361	0.600268581546
-set	0.0	1.0	0.0	0.0
-ser	0.0	1.0	0.0	0.0
-blo	0.0576980923221	0.784615913378	0.0106198625145	0.147066131786
-ñan	0.0943047625282	0.611830870826	0.262578426471	0.0312859401753
-dón	0.0	1.0	0.0	0.0
-són	0.0111200345957	0.985173287206	0.0	0.00370667819854
-ial	0.046875	0.6953125	0.1171875	0.140625
-ian	0.410544159066	0.0808832031275	0.016754767364	0.491817870443
-iai	0.394153701084	0.408297972654	0.037246581801	0.16030174446
-nes	0.0118110236221	0.988188976378	0.0	0.0
-iaj	0.0699308392435	0.122252455097	0.00740746173423	0.800409243925
-neo	0.0	0.83185840708	0.0	0.16814159292
-bed	0.268156424581	0.731843575419	0.0	0.0
-ias	0.00217155266015	0.99457111835	0.00162866449511	0.00162866449511
-un—	0.52728726442	0.242656144541	0.0843694512227	0.145687139816
-ooz	0.0327868852459	0.967213114754	0.0	0.0
-ban	0.174750522163	0.726618705036	0.0307495938733	0.0678811789278
-baj	0.0389928530504	0.246970204252	0.0229748528734	0.691062089824
-bai	0.646601941748	0.240453074434	0.036569579288	0.0763754045307
-bas	0.0	1.0	0.0	0.0
-job	0.131868131868	0.571428571429	0.164835164835	0.131868131868
-sús	0.130803268326	0.373675754454	0.00193149626577	0.493589480954
-que	0.0740740740741	0.925925925926	0.0	0.0
-mbu	0.0873287671233	0.866438356164	0.0462328767123	0.0
-asa	0.209656925032	0.698856416773	0.0	0.0914866581956
-qui	0.135326669885	0.687324320062	0.0659443048702	0.111404705183
-asi	0.0730057457398	0.688094791304	0.0178716635838	0.221027799373
-ash	0.238138463702	0.37350017751	0.0614649225283	0.32689643626
-mba	0.0851134359857	0.534060300182	0.14793191064	0.232894353193
-dra	0.0576923076923	0.884615384615	0.0576923076923	0.0
-mbi	0.18299493865	0.379638221284	0.0849892269393	0.352377613126
-lta	0.136651362438	0.682957972235	0.0690048629411	0.111385802385
-zor	0.0	1.0	0.0	0.0
-dia	0.0435233160621	0.956476683938	0.0	0.0
-ca—	0.466360592204	0.248252378733	0.0690267543197	0.216360274743
-ras	0.0203591121165	0.726283048211	0.0183797539941	0.234978085678
-ran	0.352604026121	0.166139565006	0.106600464137	0.374655944735
-eri	0.0	1.0	0.0	0.0
-as—	0.027027027027	0.837837837838	0.0540540540541	0.0810810810811
-uía	0.0118968935889	0.970257766028	0.0	0.0178453403834
-red	0.0	1.0	0.0	0.0
-ero	0.0631995368584	0.917502894635	0.00627170976457	0.0130258587418
-uío	0.0	1.0	0.0	0.0
-rac	0.0	1.0	0.0	0.0
-ugu	0.268290445775	0.698689191668	0.00825509063923	0.0247652719177
-ela	0.219047619048	0.51746031746	0.244444444444	0.0190476190476
-pos	0.0	0.990950226244	0.0	0.00904977375565
-gel	0.0474582629901	0.926280247608	0.0061902082161	0.0200712811855
-uga	0.96878251821	0.0312174817898	0.0	0.0
-aza	0.0124125479576	0.906116000903	0.0293387497179	0.0521327014218
-nra	0.393071666143	0.360208826304	0.126834676419	0.119884831135
-ujp	0.281162136832	0.447047797563	0.253045923149	0.0187441424555
-uju	0.128728414443	0.815070643642	0.0348508634223	0.021350078493
-lac	0.126658624849	0.873341375151	0.0	0.0
-aat	0.0	1.0	0.0	0.0
-nor	0.0	1.0	0.0	0.0
-lao	0.334821428571	0.558035714286	0.0	0.107142857143
-lai	0.387430350705	0.272681088168	0.163307112422	0.176581448705
-laj	0.133459862371	0.423690533809	0.139669991224	0.303179612597
-aam	0.020316027088	0.979683972912	0.0	0.0
-uja	0.034354423132	0.567706842256	0.397938734612	0.0
-fos	0.0	1.0	0.0	0.0
-eón	0.0798403193612	0.85129740519	0.00598802395211	0.062874251497
-las	0.0579703657281	0.929495501142	0.00940059984782	0.0031335332826
-noa	0.0338600451467	0.939051918736	0.0270880361174	0.0
-noc	0.0	0.986870897155	0.0	0.0131291028446
-aac	0.0	1.0	0.0	0.0
-dro	0.0488305941845	0.860777496839	0.00474083438685	0.0856510745892
-zta	0.239115506112	0.727921988738	0.0123609394314	0.020601565719
-fás	0.0	1.0	0.0	0.0
-doc	0.0	1.0	0.0	0.0
-ges	0.0285714285714	0.95	0.0214285714286	0.0
-ger	0.0	1.0	0.0	0.0
-nña	0.413997627521	0.443653618031	0.0	0.142348754448
-sas	0.0	1.0	0.0	0.0
-ión	0.351090779409	0.580289726752	0.0435327971667	0.0250866966723
-vos	0.0363781200212	0.951672862454	0.00637280934679	0.00557620817844
-gli	0.622057001239	0.183395291202	0.0904584882281	0.104089219331
-oli	0.0	1.0	0.0	0.0
-tor	0.153518123667	0.722814498934	0.00852878464819	0.115138592751
-ibi	0.177419354839	0.290322580645	0.427419354839	0.104838709677
-rvi	0.295019157088	0.32183908046	0.0842911877395	0.298850574713
-saj	0.112277848349	0.231441359087	0.0769710208588	0.579309771705
-sai	0.235483870968	0.522580645161	0.0677419354838	0.174193548387
-san	0.4552310965	0.154708953781	0.0498936375943	0.340166312125
-sam	0.0	1.0	0.0	0.0
-lon	0.761821366025	0.238178633975	0.0	0.0
-iel	0.00427350427351	0.995726495726	0.0	0.0
-loi	0.0	0.973333333333	0.0266666666667	0.0
-loe	0.0	0.920353982301	0.0265486725664	0.0530973451327
-la—	0.539979493303	0.260459516404	0.0889031364479	0.110657853845
-mín	0.0	1.0	0.0	0.0
-oca	0.0654928156706	0.764215815942	0.0128593643715	0.157432004016
-rom	0.0	1.0	0.0	0.0
-lot	0.0309331500258	0.92438563327	0.0240591166867	0.0206221000172
-haj	0.210872053583	0.256840280395	0.172827841769	0.359459824254
-ipi	0.160091360229	0.391378731539	0.0249082213181	0.423621686913
-ipo	0.0	0.988405797101	0.0	0.0115942028986
-sar	0.0738786279684	0.883905013193	0.00791556728232	0.0343007915567
-ipa	0.132169351624	0.258617364584	0.290335437586	0.318877846205
-ipe	0.041332795296	0.946561365078	0.00172940566092	0.0103764339655
-rde	0.0168997082788	0.247962981591	0.481641685947	0.253495624183
-noé	0.0	1.0	0.0	0.0
-rdo	0.0266311584554	0.806924101198	0.166444740346	0.0
-jta	0.38383156539	0.274284152638	0.0864640146868	0.255420267286
-—ña	0.408751334045	0.294557097118	0.0384204909285	0.258271077908
-saú	0.0662983425414	0.46408839779	0.436464088398	0.0331491712707
-sto	0.0221898819902	0.927954928603	0.00293943891298	0.0469157504935
-sti	0.479605263158	0.378289473684	0.0552631578947	0.0868421052631
-gui	0.431840690755	0.212929737662	0.03999138542	0.315238186163
-sta	0.134382542183	0.400718239744	0.00798716046862	0.456912057605
-saí	0.0	1.0	0.0	0.0
-ezu	0.297501502533	0.516942846513	0.00729801665664	0.178257634298
-cun	0.544891979059	0.0848000568028	0.0793901343332	0.290917829805
-cuj	0.321982039408	0.524340538818	0.0696863458258	0.0839910759482
-cui	0.133178484614	0.121438977087	0.0428653272675	0.702517211031
-loé	0.0510396975425	0.875236294896	0.00567107750472	0.0680529300567
-ián	0.0281690140845	0.901408450704	0.0704225352113	0.0
-cua	0.0617587827255	0.855224882524	0.0134258223316	0.0695905124189
-uco	0.0160436999828	0.919781500086	0.0641747999312	0.0
-uca	0.0527356221901	0.112958223693	0.0438654646377	0.790440689479
-aij	0.131711346399	0.527020600235	0.196966283697	0.144301769668
-cus	0.252293577982	0.587155963303	0.103211009174	0.0573394495412
-lli	0.223341627154	0.17977559739	0.352114924182	0.244767851275
-ryu	0.391304347826	0.391304347826	0.0434782608696	0.173913043478
-lem	0.0235756385069	0.976424361493	0.0	0.0
-lea	0.00370187561698	0.986574531096	0.00261599210267	0.0071076011846
-mun	0.420163738721	0.251425593417	0.11970742763	0.208703240233
-mui	0.303875410995	0.381743539011	0.190843247069	0.123537802924
-leg	0.0	1.0	0.0	0.0
-gón	0.229838709677	0.423387096774	0.346774193548	0.0
-ios	0.131970703297	0.126386845912	0.0030050690304	0.738637381761
-les	0.0	1.0	0.0	0.0
-eel	0.0	1.0	0.0	0.0
-rra	0.0	1.0	0.0	0.0
-rre	0.0	0.987628865979	0.0	0.0123711340206
-rro	0.336161879895	0.624673629243	0.0	0.0391644908616
-gio	0.0481099656357	0.85910652921	0.0927835051546	0.0
-alo	0.641711229947	0.229946524064	0.128342245989	0.0
-udá	0.0330338006567	0.877155553808	0.0103230627052	0.0794875828303
-ndo	0.0	0.969696969697	0.030303030303	0.0
-ali	0.128105249208	0.0707382957106	0.214400113913	0.586756341168
-zpi	0.321386372588	0.632532493107	0.00118156754628	0.0448995667586
-dca	0.218340611354	0.708515283843	0.00545851528384	0.0676855895196
-gia	0.0	0.907079646018	0.0929203539823	0.0
-ala	0.00766283524904	0.983495431771	0.0	0.00884173297967
-zca	0.0973224733811	0.798055867734	0.0437951130215	0.0608265458632
-osé	0.00945179584121	0.990548204159	0.0	0.0
-tca	0.0191082802548	0.855095541401	0.0923566878981	0.0334394904458
-lpi	0.0571428571429	0.942857142857	0.0	0.0
-abí	0.0693739424704	0.84179357022	0.0	0.0888324873096
-abé	0.0328867235079	0.952496954933	0.014616321559	0.0
-chi	0.302679847386	0.264351788714	0.0344334870607	0.39853487684
-cho	0.0	1.0	0.0	0.0
-iyu	0.0806722315269	0.785474959738	0.0108163885846	0.12303642015
-cha	0.189880543505	0.290339618505	0.133568837918	0.386211000072
-uez	0.165137614679	0.831804281346	0.0	0.00305810397553
-ogu	0.246910239062	0.298421290032	0.315741993685	0.138926477221
-mga	0.0806887238353	0.734976367319	0.0482781904119	0.136056718433
-oré	0.0585365853659	0.882926829268	0.0585365853659	0.0
-elo	0.164835164835	0.821428571429	0.0137362637362	0.0
-ogo	0.0	1.0	0.0	0.0
-aén	0.123076923077	0.794871794872	0.0820512820513	0.0
-chu	0.427513273107	0.233730663415	0.0980217540535	0.240734309424
-io—	0.04	0.94	0.0	0.02
-jpi	0.275521093073	0.30148536509	0.0485107634355	0.374482778401
-itu	0.00501619813982	0.94739958895	0.0463301633748	0.00125404953495
-ito	0.0418326693227	0.889413773478	0.0533864541833	0.0153671030165
-tes	0.0	1.0	0.0	0.0
-eso	0.0	0.990448199853	0.0	0.00955180014693
-iti	0.280999107939	0.594112399643	0.0	0.124888492417
-esa	0.0	1.0	0.0	0.0
-ite	0.0314795383001	0.876705141658	0.0498426023084	0.0419727177335
-syu	0.0288473426103	0.94519004904	0.0144236713052	0.0115389370441
-ita	0.089469308336	0.578692581834	0.0534225849768	0.278415524853
-spa	0.0888119953864	0.576124567474	0.33506343714	0.0
-spe	0.0446927374302	0.916201117318	0.0391061452514	0.0
-fté	0.0	1.0	0.0	0.0
-spi	0.2786176056	0.576046274243	0.0811743547368	0.0641617654207
-spo	0.0	1.0	0.0	0.0
-fas	0.0666546568186	0.768510178346	0.0189155107188	0.145919654116
-bra	0.102912621359	0.741747572816	0.0912621359223	0.0640776699029
-alí	0.0	0.991836734694	0.0081632653061	0.0
-fat	0.0	1.0	0.0	0.0
-hu—	0.431540925634	0.312434024391	0.0693198935449	0.18670515643
-hum	0.0	1.0	0.0	0.0
-hun	0.439383549661	0.264963520205	0.046242237556	0.249410692578
-rim	0.0	1.0	0.0	0.0
-hui	0.37480277955	0.246399677733	0.343079660277	0.0357178824398
-huj	0.0388135689808	0.0482090834563	0.144464256256	0.768513091307
-hua	0.0293457385892	0.788955368825	0.0503702262978	0.131328666288
-abo	0.0	1.0	0.0	0.0
-vas	0.0381253900098	0.933280567483	0.00672801000172	0.0218660325056
-chá	0.233333333333	0.0	0.0	0.766666666667
-tuj	0.212234706617	0.730545151894	0.0322513524761	0.0249687890137
-ael	0.03888587448	0.852414541508	0.0122987882076	0.096400795804
-tun	0.0357508247037	0.461869612646	0.142228601971	0.360150960679
-los	0.0145337101332	0.980621719822	0.0	0.00484457004441
-oro	0.00690202300674	0.581356604522	0.411741372471	0.0
-jón	0.0873801422827	0.834982987937	0.0312403340551	0.0463965357253
-elí	0.0290909090909	0.949090909091	0.00727272727273	0.0145454545455
-ora	0.227702746787	0.462875970509	0.0137013114113	0.295719971292
-ion	0.0	0.990353697749	0.0	0.0096463022508
-ruz	0.0141242937853	0.918079096045	0.0	0.0677966101695
-lix	0.0880935994494	0.880935994494	0.0	0.0309704060564
-zaj	0.0178929287146	0.921092184369	0.0173561408531	0.0436587460636
-icu	0.0516781512076	0.914221300036	0.0316396844128	0.00246086434321
-íso	0.04	0.96	0.0	0.0
-rut	0.0	1.0	0.0	0.0
-lis	0.0112474437628	0.829243353783	0.00613496932515	0.153374233129
-ico	0.0587134104834	0.932351940095	0.0	0.00893464942137
-lim	0.0	1.0	0.0	0.0
-omi	0.0616557062748	0.837479336693	0.0320206212801	0.0688443357522
-lio	0.008835873647	0.980855607098	0.00147264560783	0.00883587364702
-omo	0.161684033702	0.799732276438	0.0110239113887	0.0275597784719
-lij	0.198675496689	0.500903070439	0.228175797712	0.0722456351596
-oma	0.0247243736913	0.766884476625	0.198299568585	0.0100915810985
-lia	0.00335101926836	0.967606813739	0.0240156380899	0.00502652890254
-ica	0.21799687154	0.256932800394	0.0353474229997	0.489722905067
-izu	0.120028578233	0.290545367945	0.467730412003	0.121695641819
-eas	0.0497237569061	0.792817679558	0.0911602209944	0.0662983425414
-cma	0.238374364986	0.534974599453	0.0468933177023	0.179757717859
-nri	0.159043659044	0.675051975052	0.116008316008	0.0498960498961
-ode	0.0898876404494	0.910112359551	0.0	0.0
-rna	0.0	1.0	0.0	0.0
-zer	0.0	1.0	0.0	0.0
-uri	0.0791514959633	0.85765394966	0.02843121735	0.0347633370271
-hni	0.0	1.0	0.0	0.0
-mzi	0.0961497337639	0.292726086864	0.462930094305	0.148194085067
-ura	0.194517108458	0.286092726743	0.0741965633762	0.445193601423
-hna	0.282310550089	0.134441291957	0.0370534944547	0.546194663499
-sda	0.0	1.0	0.0	0.0
-nio	0.0123076923077	0.987692307692	0.0	0.0
-pai	0.162397858062	0.0440279774937	0.0302130563905	0.763361108054
-paj	0.149065143638	0.243900582413	0.0462837527262	0.560750521223
-apa	0.197618498633	0.181231265852	0.464689219012	0.156461016503
-pan	0.606706792777	0.144861093145	0.0238253220615	0.224606792016
-apj	0.189873417722	0.379746835443	0.430379746835	0.0
-api	0.135694509723	0.504695716088	0.0537116933315	0.305898080857
-tui	0.337313432836	0.349253731343	0.170149253731	0.14328358209
-pas	0.0848999393572	0.915100060643	0.0	0.0
-mi—	0.350100851546	0.270597919694	0.123186782174	0.256114446586
-ai—	0.610352772113	0.271663303443	0.0470434311677	0.0709404932768
-icó	0.0	1.0	0.0	0.0
-amo	0.0887028575949	0.746959584836	0.00810371785434	0.156233839714
-omé	0.00904977375565	0.990950226244	0.0	0.0
-zín	0.0	0.803432137286	0.0561622464898	0.140405616225
-fes	0.11214953271	0.831775700935	0.0560747663551	0.0
-din	0.893669838643	0.106330161357	0.0	0.0
-dio	0.010460251046	0.979079497908	0.0	0.010460251046
-aña	0.17747440273	0.720136518771	0.0136518771331	0.0887372013651
-dij	0.307279236277	0.486873508353	0.187947494033	0.0178997613365
-dis	0.0	1.0	0.0	0.0
-feo	0.0	1.0	0.0	0.0
-rza	0.0	0.935039370079	0.0649606299213	0.0
-mec	0.0	1.0	0.0	0.0
-gyu	0.0296540362438	0.970345963756	0.0	0.0
-ngu	0.173546308205	0.445995536221	0.0645763042406	0.315881851334
-jsa	0.193347193347	0.719334719335	0.00623700623701	0.0810810810811
-nga	0.304467662222	0.206395201026	0.0467013615977	0.442435775154
-uij	0.13993780542	0.512661039538	0.159040426477	0.188360728565
-tia	0.0	1.0	0.0	0.0
-tin	0.0745572491885	0.0784247722011	0.0499125331022	0.797105445508
-tio	0.380952380952	0.52380952381	0.0571428571429	0.0380952380952
-lón	0.0283553875236	0.899810964083	0.00378071833648	0.0680529300567
-tij	0.155118426335	0.373263749498	0.207145724609	0.264472099558
-ngo	0.0147637795275	0.851377952756	0.0442913385827	0.0895669291338
-ema	0.0	0.889795918367	0.0734693877551	0.0367346938776
-emo	0.0	1.0	0.0	0.0
-emi	0.316359696641	0.413867822319	0.0108342361863	0.258938244854
-hmi	0.267599157357	0.446956865139	0.0653259140358	0.220118063468
-mmi	0.0718629076838	0.397457158651	0.0912106135986	0.439469320066
-jan	0.185832052536	0.112386962187	0.00832491202303	0.693456073254
-cca	0.439655172414	0.181034482759	0.275862068966	0.103448275862
-das	0.0839095496169	0.845636329658	0.00112128574098	0.0693328349841
-jaj	0.0803855046783	0.884607904575	0.0	0.035006590747
-jai	0.05439005439	0.804195804196	0.040404040404	0.10101010101
-cio	0.0948345164939	0.901186794021	0.00152607267921	0.00245261680588
-ana	0.311693019517	0.417940739117	0.0435691456617	0.226797095705
-cia	0.0106288751107	0.96899911426	0.0124003542958	0.00797165633303
-mda	0.276816608997	0.640138408305	0.0276816608996	0.0553633217993
-bín	0.590425531915	0.377659574468	0.031914893617	0.0
-zai	0.939202026599	0.0569981000634	0.00379987333756	0.0
-zar	0.0	1.0	0.0	0.0
-cis	0.0	1.0	0.0	0.0
-rcu	0.0799241397995	0.771742075318	0.0142237875914	0.134109997291
-rca	0.641668082548	0.104840786096	0.0269995029775	0.226491628379
-eda	0.0147468458135	0.442350756459	0.443497733355	0.0994046643727
-ñai	0.288642282867	0.150605820405	0.42011097271	0.140640924018
-eto	0.0264744815414	0.964700691278	0.00882482718046	0.0
-rco	0.0933544303798	0.849683544304	0.0379746835443	0.0189873417722
-buj	0.336419753086	0.565843621399	0.0	0.0977366255144
-ías	0.025661790317	0.953613723441	0.0138975966562	0.00682688958551
-ñaj	0.168397263621	0.690202785243	0.113913999511	0.0274859516247
-lin	0.395061728395	0.123456790123	0.481481481481	0.0
-hca	0.360883673798	0.30235604369	0.0650268921127	0.271733390399
-jsi	0.72641509434	0.169811320755	0.0566037735849	0.0471698113207
-eta	0.0564803045616	0.872287498217	0.0270484434	0.044183753821
-ría	0.0210857973825	0.560833737276	0.0414444983035	0.376635967038
-ata	0.166948215841	0.350392210945	0.0563878009898	0.426271772224
-ato	0.0335664335664	0.843356643357	0.0643356643357	0.0587412587413
-uyu	0.0342323009306	0.948022202505	0.00784103336566	0.00990446319873
-ati	0.0413999940507	0.152494060926	0.458003036466	0.348102908557
-acu	0.0852875041905	0.65810251629	0.0244833561484	0.232126623371
-uli	0.654664484452	0.345335515548	0.0	0.0
-osa	0.0	1.0	0.0	0.0
-ulo	0.0248528449967	0.952910398954	0.00196206671027	0.0202746893394
-bla	0.0346274921301	0.93389296957	0.0314795383001	0.0
-rug	0.0	1.0	0.0	0.0
-lén	0.0129113525429	0.96945362935	0.00850259801605	0.00913242009132
-nia	0.00914568503514	0.968347355699	0.0153618928325	0.0071450664337
-aca	0.224817810018	0.268093937102	0.0484674126259	0.458620840254
-nij	0.192987332724	0.292578326649	0.241432712544	0.273001628082
-htu	0.867256637168	0.132743362832	0.0	0.0
-rso	0.00904977375565	0.990950226244	0.0	0.0
-nin	0.479360852197	0.40878828229	0.0319573901465	0.0798934753662
-ice	0.0353866317169	0.914809960682	0.0419397116645	0.00786369593708
-ajo	0.0	0.667768595041	0.297520661157	0.0347107438016
-nbi	0.041530412034	0.92952910399	0.000981033355133	0.0279594506213
-ebú	0.0407589599438	0.959241040056	0.0	0.0
-nós	0.0	1.0	0.0	0.0
-shi	0.260965312854	0.421956014341	0.0552080718165	0.261870600989
-nón	0.0	1.0	0.0	0.0
-cri	0.239114917916	0.684511063526	0.032119914347	0.0442541042113
-sha	0.497961488911	0.230488947336	0.0652033945252	0.206346169228
-fia	0.0	1.0	0.0	0.0
-vij	0.0554390242732	0.827822230329	0.0505431104413	0.0661956349568
-epi	0.104253361952	0.776161899339	0.0229970651364	0.096587673573
-vio	0.241279987374	0.639954229798	0.0359059343434	0.0828598484849
-lda	0.02	0.68	0.3	0.0
-sh—	0.432432432432	0.527027027027	0.0405405405404	0.0
-vid	0.0	1.0	0.0	0.0
-ila	0.00154577202725	0.998454227973	0.0	0.0
-ilo	0.00869164416936	0.114347797458	0.876960558372	0.0
-lma	0.15562403698	0.784283513097	0.00462249614792	0.055469953775
-oam	0.0	1.0	0.0	0.0
-ni—	0.559049724072	0.240793417657	0.0388215665863	0.161335291685
-lmi	0.0782540967333	0.715847829075	0.0423341834787	0.163563890713
-amu	0.0254452926208	0.578880407125	0.395674300254	0.0
-ebe	0.571428571429	0.428571428571	0.0	0.0
-ami	0.290356664008	0.218477511927	0.0576857184869	0.433480105577
-igu	0.201085896352	0.65391117758	0.0799791924052	0.0650237336628
-ama	0.15303900373	0.202791066496	0.0154836749847	0.628686254789
-íta	0.0	1.0	0.0	0.0
-oas	0.0262295081967	0.973770491803	0.0	0.0
-hij	0.168616655143	0.629748685897	0.111624599589	0.0900100593708
-iro	0.00522875816994	0.940305010893	0.0078431372549	0.046623093682
-iri	0.510302336756	0.229368456325	0.239351512316	0.0209776946032
-hin	0.406885412663	0.342547998711	0.138586188019	0.111980400607
-usa	0.0606944276562	0.286202103227	0.581258310166	0.0718451589508
-ira	0.142378261213	0.671169828052	0.10265774568	0.0837941650557
-mós	0.0	1.0	0.0	0.0
-sca	0.117474533103	0.472378464509	0.0042766181399	0.405870384248
-agé	0.0514851485148	0.90099009901	0.0	0.0475247524753
-jmi	0.371874693337	0.377563864129	0.0759248751175	0.174636567416
-iru	0.0322580645161	0.961290322581	0.00645161290323	0.0
-his	0.0157337656146	0.0131114713455	0.00247926003624	0.968675503004
-—na	0.23762072666	0.0628545147938	0.0101180438449	0.689406714702
-uza	0.0	1.0	0.0	0.0
-gan	0.419191919192	0.116161616162	0.404040404041	0.060606060606
-oda	0.0757120103042	0.703310351966	0.0362258422508	0.184751795479
-ñui	0.417751884853	0.549691569568	0.0068540095956	0.0257025359835
-ñuj	0.167853509664	0.560868090878	0.261105459478	0.0101729399797
-ñun	0.345794392523	0.126168224299	0.0700934579439	0.457943925234
-ceo	0.0205479452055	0.958904109589	0.0205479452055	0.0
-aná	0.013197254971	0.965687137075	0.0	0.0211156079535
-dta	0.272870662461	0.717665615142	0.0	0.0094637223975
-bén	0.0	1.0	0.0	0.0
-aní	0.0	1.0	0.0	0.0
-cea	0.0	1.0	0.0	0.0
-pia	0.0	1.0	0.0	0.0
-pij	0.583299820743	0.175545082557	0.00976007136729	0.231395025333
-pin	0.374517374517	0.262548262548	0.281853281853	0.0810810810811
-pio	0.0	1.0	0.0	0.0
-rés	0.0491803278688	0.950819672131	0.0	0.0
-pel	0.836083608361	0.141914191419	0.02200220022	0.0
-iud	0.0	1.0	0.0	0.0
-tés	0.0161725067386	0.983827493261	0.0	0.0
-ace	0.0	1.0	0.0	0.0
-uem	0.0	0.928143712575	0.0718562874252	0.0
-uel	0.0403063280935	0.959693671906	0.0	0.0
-ueo	0.0375293197811	0.934323690383	0.0281469898358	0.0
-hi—	0.416377041263	0.308620097721	0.0464357551435	0.228567105873
-uda	0.0499999999999	0.9	0.05	0.0
-lca	0.0324532234417	0.741569643049	0.0222105568552	0.203766576654
-lco	0.472222222222	0.527777777778	0.0	0.0
-agu	0.115193606952	0.542908082512	0.0804145075416	0.261483802995
-hpa	0.341173463457	0.217354277966	0.0553442239606	0.386128034616
-ago	0.0102827763496	0.98971722365	0.0	0.0
-ucu	0.109133568992	0.651806801167	0.128078868427	0.110980761414
-sli	0.0	1.0	0.0	0.0
-aga	0.409090909091	0.318181818182	0.0194805194805	0.253246753247
-tsa	0.0508143322475	0.465798045603	0.0625407166124	0.420846905537
-lás	0.0	1.0	0.0	0.0
-gaj	0.333171442448	0.373603691112	0.0764934434191	0.216731423021
-rte	0.321637426901	0.590643274854	0.0	0.0877192982456
-aín	0.0	0.980626412657	0.0	0.0193735873426
-rta	0.0373638396042	0.906744993579	0.0218807972221	0.0340103695952
-ega	0.115942028986	0.0289855072464	0.826086956522	0.0289855072464
-ego	0.00835636690879	0.442855306293	0.501542713891	0.0472456129074
-rto	0.0	1.0	0.0	0.0
-oni	0.0655737704918	0.704918032787	0.0	0.229508196721
-dam	0.0	1.0	0.0	0.0
-dan	0.276657148065	0.469439212589	0.107175405553	0.146728233793
-cor	0.0	1.0	0.0	0.0
-dai	0.237971698113	0.542688679245	0.054716981132	0.164622641509
-daj	0.10219223838	0.609202648377	0.0573044907551	0.231300622487
-rge	0.0	0.995391705069	0.0	0.00460829493086
-ta—	0.372549019608	0.509803921569	0.0	0.117647058824
-ani	0.481381680604	0.13412312837	0.0299501561783	0.354545034847
-dab	0.0	1.0	0.0	0.0
-ano	0.0667878237165	0.68446160836	0.0974557019536	0.15129486597
-tal	0.171375155796	0.593685085168	0.056086414624	0.178853344412
-tam	0.0	1.0	0.0	0.0
-tan	0.472105410709	0.372582001682	0.0616764788337	0.0936361087749
-an—	0.420792759457	0.274936081232	0.0936919491962	0.210579210115
-tai	0.623316384271	0.272678005005	0.0333933723321	0.0706122383921
-scu	0.0196645624635	0.0400416090742	0.000427490488336	0.939866337974
-sco	0.0222222222222	0.977777777778	0.0	0.0
-ene	0.00656670679654	0.98029987961	0.0	0.0131334135931
-tat	0.0	1.0	0.0	0.0
-aal	0.285714285714	0.571428571429	0.0857142857143	0.0571428571429
-tar	0.0	1.0	0.0	0.0
-tas	0.0	1.0	0.0	0.0
-mia	0.0778431744826	0.755078792482	0.0259477248276	0.141130308208
-nán	0.0122199592668	0.987780040733	0.0	0.0
-sés	0.0578034682081	0.922593616487	0.00201055541594	0.0175923598894
-ena	0.0853994490358	0.876033057851	0.0	0.038567493113
-aso	0.0	0.971922787666	0.0280772123339	0.0
-eno	0.199004975124	0.681592039801	0.0	0.119402985075
-nás	0.0511906459433	0.926850135463	0.00684443176957	0.0151147868245
-rmi	0.0331335061568	0.590003240441	0.00777705767985	0.369086195723
-pía	0.0	0.775401069519	0.224598930481	0.0
