-cag	0.0743262271558	0.0708919330258	0.0400199028695	0.814761936949
-ösa	0.619307832423	0.380692167577	0.0	0.0
-imö	0.399126965851	0.307695433672	0.0680343524377	0.225143248039
-öso	0.228622579201	0.541475643833	0.121306051845	0.108595725121
-can	0.584234503153	0.11929903716	0.0312138242002	0.265252635487
-eus	0.0	1.0	0.0	0.0
-cas	0.134715025907	0.865284974093	0.0	0.0
-car	0.253500821459	0.183955493876	0.0533248731523	0.509218811513
-ive	0.165517241379	0.751724137931	0.0	0.0827586206897
-rbe	0.0153452685422	0.984654731458	0.0	0.0
-gta	0.358879024921	0.271362916992	0.0723494662019	0.297408591885
-caz	0.0	1.0	0.0	0.0
-cay	0.101807511188	0.0889721988689	0.0290166798511	0.780203610092
-heg	0.28849803872	0.40275844616	0.167025180311	0.14171833481
-udá	0.0109609061016	0.989039093898	0.0	0.0
-día	0.0285714285714	0.0	0.742857142857	0.228571428571
-idä	0.472597344671	0.255435453105	0.0680250158959	0.203942186328
-äcö	0.39786015052	0.28606866413	0.0295156648921	0.286555520458
-rpä	0.217616580311	0.547495682211	0.120898100173	0.113989637306
-plo	0.089201385245	0.729877216917	0.00734599643195	0.173575401406
-biä	0.463955637708	0.351201478743	0.0	0.184842883549
-nso	0.0	0.944898159992	0.0551018400079	0.0
-bta	0.0247473705919	0.959785522788	0.00618684264797	0.00928026397195
-ävo	0.124721603563	0.875278396437	0.0	0.0
-aum	0.00881057268723	0.970631424376	0.0	0.0205580029369
-rpö	0.367892976589	0.234113712374	0.319955406912	0.0780379041249
-nti	0.102375946173	0.597539949537	0.192388561817	0.107695542473
-pur	0.462075494024	0.326115252633	0.0414152171341	0.170394036209
-nta	0.23668001629	0.321300112839	0.0525441267736	0.389475744098
-nte	0.0483870967742	0.951612903226	0.0	0.0
ALL	0.227175587067	0.261642487017	0.0495032089522	0.461678716964
-uan	0.0543680555006	0.832302465372	0.00704844419454	0.106281034933
-öta	0.388682414495	0.529148285083	0.00536082606919	0.0768084743527
-apa	0.165718136067	0.374631184348	0.0497578004297	0.409892879155
-snë	0.625	0.267857142857	0.0	0.107142857143
-pun	0.296712993602	0.338517538054	0.0366203397309	0.328149128612
-yta	0.10919861582	0.321514745589	0.0111025576982	0.558184080893
-ntu	0.0338182253082	0.830774205612	0.0405354128686	0.0948721562113
-lta	0.254189528277	0.616141492503	0.0474456802722	0.0822232989473
-öto	0.0344827586207	0.862068965517	0.103448275862	0.0
-pra	0.0909514925374	0.160214552239	0.727845149254	0.0209888059701
-pre	0.119565217391	0.860869565217	0.0	0.0195652173913
-pan	0.238595840531	0.17795302946	0.0432516868539	0.540199443155
-ösu	0.215962441314	0.605633802817	0.150234741784	0.0281690140845
-más	0.0376796026721	0.0709963039821	0.145307451478	0.746016641867
-aré	0.0	1.0	0.0	0.0
-nmi	0.324009705056	0.251504926114	0.0532497386481	0.371235630182
-cwa	0.214260727612	0.457206156716	0.328533115672	0.0
-zor	0.0	1.0	0.0	0.0
-tín	0.0837988826816	0.713687150838	0.20251396648	0.0
-ope	0.0	0.996666666667	0.0	0.00333333333333
-smi	0.150220645496	0.377753742321	0.0952669377866	0.376758674396
-dea	0.0590902513145	0.896652356375	0.00434132458636	0.0399160677246
-msa	0.0263065990464	0.122066605424	0.187447804367	0.664178991163
-lgu	0.188043205225	0.620547601105	0.101984426024	0.0894247676464
-imu	0.0	0.422459893048	0.383244206774	0.194295900178
-deg	0.447212001132	0.0523634305123	0.466459099915	0.0339654684403
-csu	0.0631147540984	0.589754098361	0.347131147541	0.0
-deo	0.00881057268722	0.859030837004	0.0	0.132158590308
-ima	0.14712290022	0.163594487173	0.0394126874839	0.649869925124
-des	0.0454517075608	0.75405298537	0.0457846871033	0.154710619966
-lga	0.132994923858	0.775126903553	0.0258883248731	0.0659898477157
-imi	0.32080288217	0.272635595382	0.0854744952939	0.321087027154
-imo	0.360660090103	0.430759402301	0.194641953389	0.0139385542069
-lla	0.0489963970058	0.781536237659	0.0628755692901	0.106591796046
-bir	0.219239373602	0.202684563758	0.0536912751677	0.524384787472
-rpo	0.0	0.371179039301	0.0698689956332	0.558951965065
-ymi	0.0364234048557	0.0349442508403	0.00300806653948	0.925624277765
-lli	0.0333704115684	0.966629588432	0.0	0.0
-ray	0.232695791193	0.207068476714	0.245865126031	0.314370606062
-llo	0.0	0.981929265984	0.018070734016	0.0
-ida	0.0185608223872	0.981439177613	0.0	0.0
-llu	0.0340067556767	0.908966530958	0.0109867979878	0.0460399153776
-bia	0.0	0.874439461884	0.0	0.125560538116
-bin	0.249169435216	0.750830564784	0.0	0.0
-sio	0.0	1.0	0.0	0.0
-ëvi	0.194986072423	0.410399257196	0.111420612813	0.283194057567
-100	0.0680939613691	0.0468286550351	0.1967158884	0.688361495196
-uta	0.149188695116	0.540916436203	0.0246549937405	0.285239874941
-hla	0.324324324324	0.574324324324	0.0	0.101351351351
-ria	0.0854789599966	0.848433400216	0.0126282114243	0.053459428363
-rin	0.116348206546	0.670884358744	0.045310939753	0.167456494957
-rio	0.0909619744516	0.821933766352	0.0614915595539	0.0256126996428
-uti	0.113302077588	0.522614451186	0.0255102040816	0.338573267145
-äja	0.210246174318	0.789753825682	0.0	0.0
-eru	0.0433212996391	0.956678700361	0.0	0.0
-ñor	0.0298117154812	0.929393305439	0.00313807531381	0.0376569037657
-rir	0.41262100711	0.233260652905	0.043087452979	0.311030887006
-zga	0.18795188642	0.165636913369	0.165636913369	0.480774286841
-teg	0.472250028627	0.338477620872	0.0744678100332	0.114804540468
-lau	0.00857473064161	0.636766953734	0.232002386012	0.122655929613
-gro	0.516363636364	0.256727272727	0.0436363636363	0.183272727273
-teo	0.117049830785	0.671840354767	0.0220562492706	0.189053565177
-lux	0.190271683316	0.809728316684	0.0	0.0
-wal	0.773462783171	0.0388349514563	0.0	0.187702265372
-ara	0.0529493350738	0.305036577738	0.508892877539	0.133121209649
-mes	0.0469483568075	0.874804381847	0.0782472613458	0.0
-lur	0.496915030924	0.200504338354	0.268112536091	0.0344680946307
-aro	0.225883762732	0.562013181546	0.0287597363691	0.183343319353
-ïgu	0.256934070037	0.611961741733	0.0148315082874	0.116272679943
-ari	0.283199392753	0.290613480847	0.0863143912072	0.339872735193
-rón	0.109175981284	0.758253184299	0.0311931375097	0.101377696907
-aru	0.195621132794	0.38362684436	0.0761542122799	0.344597810566
-mea	0.0	1.0	0.0	0.0
-lun	0.132859837339	0.486369081052	0.0498366390401	0.330934442569
-meo	0.0	0.0776699029126	0.902912621359	0.0194174757281
-aya	0.0289840501566	0.957858691327	0.00717668646352	0.00598057205295
-ndu	0.00461419841453	0.982517314896	0.011843109264	0.00102537742545
-ayo	0.0350877192982	0.777777777778	0.146198830409	0.0409356725146
-ayi	0.366395216472	0.218048310629	0.0147608861535	0.400795586745
-ayu	0.0536797184996	0.770382570937	0.0561503331587	0.119787377405
-ynë	0.457951706911	0.417152373022	0.09367194005	0.0312239800167
-rag	0.247796937739	0.225930344643	0.11989694911	0.406375768508
-bás	0.103237916471	0.792351008916	0.104411074613	0.0
-zpa	0.0549934007919	0.768734418537	0.0	0.176272180672
-aón	0.43359375	0.498046875	0.0683593749999	0.0
-gon	0.0307234886026	0.859266600595	0.00891972249751	0.101090188305
-cta	0.129885190533	0.44560614646	0.0153539636988	0.409154699308
-dán	0.0468040516941	0.848410757946	0.0356269647223	0.0691582256374
-ïnu	0.165363049936	0.561719773556	0.268658169384	0.00425900712404
-bpa	0.00923834941491	0.69410798604	0.00769862451243	0.288955040033
-rlä	0.484486873508	0.155131264916	0.119331742243	0.241050119332
-rru	0.857385398981	0.101867572156	0.0305602716469	0.0101867572156
-rgö	0.534285714286	0.111428571429	0.0	0.354285714286
-ota	0.0	1.0	0.0	0.0
-tán	0.0588870880605	0.843868179363	0.00810372771474	0.0891410048622
-ndo	0.0	1.0	0.0	0.0
-oto	0.495344506518	0.230912476723	0.0782122905028	0.195530726257
-evä	0.0376175548589	0.341692789969	0.0	0.620689655172
-ayë	0.12725090036	0.374049619848	0.192577030812	0.30612244898
-eví	0.0360721442886	0.901074877027	0.0355255966479	0.0273273820368
-umi	0.147284768863	0.638688365432	0.0511874362409	0.162839429463
-siy	0.38730051393	0.33515462988	0.12149490578	0.15604995041
-nan	0.187785204777	0.195899029099	0.0517410174182	0.564574748707
-nal	0.153017220848	0.474476340443	0.0924479042623	0.280058534447
-sir	0.437234789369	0.362841893291	0.0547216804219	0.145201636919
-zun	0.519547217273	0.19065087517	0.25521433812	0.0345875694372
-nag	0.117915147902	0.413491404847	0.083514173328	0.385079273923
-aús	0.0327868852459	0.898360655738	0.0196721311475	0.0491803278689
-nay	0.148158563055	0.361661555226	0.0718472367462	0.418332644973
-ëño	0.388636363636	0.611363636364	0.0	0.0
-sin	0.369082609161	0.471083112736	0.0693745464579	0.0904597316454
-nar	0.228780861939	0.277889808273	0.101563473616	0.391765856172
-nas	0.0226768548189	0.971571768959	0.000821625174595	0.00492975104758
-sia	0.00870985302126	0.978588277989	0.00544365813827	0.00725821085103
-tyä	0.685220729367	0.0969289827255	0.0566218809981	0.16122840691
-ayä	0.34068627451	0.622549019608	0.0367647058823	0.0
-mos	0.0691244239631	0.930875576037	0.0	0.0
-mor	0.0	1.0	0.0	0.0
-ëra	0.0	1.0	0.0	0.0
-ëro	0.122448979592	0.800051666236	0.0	0.077499354172
-cán	0.114068441065	0.739543726236	0.117870722433	0.0285171102662
-gog	0.141217664357	0.565792752829	0.281214175348	0.0117754074665
-äga	0.29273245442	0.262650462017	0.0633062353683	0.381310848195
-mog	0.287875378702	0.187941703452	0.0726069088512	0.451576008995
-öna	0.389259017221	0.375306563589	0.0713580566463	0.164076362543
-aán	0.110127826942	0.870206489676	0.0	0.0196656833825
-yna	0.352220967462	0.299255276071	0.0580814241556	0.290442332311
-öni	0.277666390353	0.536765336415	0.101187875422	0.0843803978096
-öno	0.162275887303	0.812111233077	0.0	0.0256128796194
-dec	0.0480384307446	0.918334667734	0.0240192153723	0.00960768614891
-nto	0.220897615708	0.722300140252	0.0210378681627	0.0357643758765
-yar	0.358887206373	0.220509860246	0.0261770384835	0.394425894898
-cog	0.212195611835	0.39932158801	0.0910778273095	0.297404972846
-yay	0.0916501275872	0.248936773462	0.199603062092	0.459810036858
-eor	0.39552238806	0.179104477612	0.291044776119	0.134328358209
-bet	0.0199778024418	0.726970033296	0.0	0.253052164262
-cob	0.174533915113	0.686632288774	0.0	0.138833796113
-ïda	0.304344459072	0.64686749787	0.0	0.0487880430574
-yag	0.271589608599	0.421419090186	0.0901264711165	0.216864830099
-beo	0.0	0.927710843373	0.0	0.0722891566265
-lpa	0.110596478029	0.67287585102	0.0292210082256	0.187306662726
-yan	0.500049855419	0.298235118157	0.0579319972082	0.143783029215
-cos	0.0769315309375	0.906583141004	0.0065941312232	0.00989119683482
-upu	0.52342580868	0.30735581904	0.118567975135	0.0506503971452
-reo	0.00505949592429	0.934039164246	0.0421624660358	0.0187388737937
-rel	0.450938070729	0.381703470031	0.16735845924	0.0
-ish	0.0494296577947	0.950570342205	0.0	0.0
-rea	0.0103726000651	0.946021802799	0.0244874715262	0.0191181256102
-reg	0.399852795883	0.358304708403	0.0731605836259	0.168681912088
-isa	0.0	1.0	0.0	0.0
-puy	0.524638569319	0.336638903591	0.108638123625	0.0300844034653
-rey	0.0881239481584	0.691128962299	0.0158370491177	0.204910040425
-eva	0.0	1.0	0.0	0.0
-upa	0.14613759982	0.299947095817	0.0483090146096	0.505606289754
-res	0.230769230769	0.604395604395	0.164835164835	0.0
-ret	0.017693620984	0.952506596306	0.0186248641937	0.0111749185162
-upi	0.213032581454	0.486215538847	0.15037593985	0.15037593985
-may	0.278742897618	0.470973307815	0.0522140262684	0.198069768299
-zgä	0.40866873065	0.557275541796	0.0247678018576	0.00928792569659
-hab	0.0195685598472	0.941294320458	0.0	0.0391371196944
-hac	0.0166168739434	0.109022904653	0.0555246763473	0.818835545057
-hag	0.392906065116	0.227945918519	0.10336027051	0.275787745855
-mas	0.129314535732	0.751579970831	0.0884783665532	0.0306271268838
-mar	0.291344161843	0.516784992051	0.0363976968579	0.155473149248
-ham	0.0454432580084	0.913459150733	0.00595977154211	0.0351378197169
-han	0.421456074131	0.488773746731	0.0199929175148	0.0697772616233
-pog	0.138357117995	0.722415593456	0.0904977375565	0.048729550992
-juc	0.0325087688789	0.0553032052246	0.0365688406209	0.875619185276
-har	0.212923513897	0.683505782106	0.0259687563401	0.0776019476567
-mal	0.248091603053	0.379770992366	0.229007633588	0.143129770992
-man	0.199476413116	0.361119651059	0.0360713837166	0.403332552109
-üna	0.0818985574686	0.782224290368	0.00418799441603	0.131689157748
-hay	0.208514335361	0.599106367134	0.132803773117	0.0595755243887
-guy	0.314496881977	0.523442913234	0.128185387636	0.033874817153
-jun	0.265247203176	0.699566943342	0.0063154095994	0.0288704438831
-mag	0.218882532756	0.127884843306	0.0209001265467	0.632332497392
-gpa	0.325197311246	0.25715907277	0.0461841335154	0.371459482468
-ycä	0.439653276091	0.193557054058	0.0411060147719	0.325683655079
-una	0.11999464073	0.324404992347	0.0316349039627	0.523965462961
-cyu	0.0	0.913669064748	0.0863309352518	0.0
-iro	0.0161566707466	0.959363525092	0.0132190942473	0.0112607099143
-pta	0.243855235146	0.587071801819	0.0	0.169072963035
-pto	0.0430820215411	0.764705882353	0.145816072908	0.046396023198
-cya	0.476164383562	0.368219178082	0.0706849315067	0.0849315068493
-666	0.27397260274	0.256849315069	0.0	0.469178082192
-gag	0.361626878868	0.429652961981	0.0807913351016	0.12792882405
-bar	0.255319148936	0.638297872341	0.0330969267139	0.0732860520094
-gad	0.0	1.0	0.0	0.0
-tra	0.010854816825	0.929443690638	0.0244233378562	0.0352781546812
-ada	0.120761853303	0.0733486424423	0.00702417938672	0.798865324868
-gan	0.578139402516	0.136803411639	0.0300928277665	0.254964358078
-tro	0.154302027247	0.654211686481	0.166949734398	0.0245365518737
-üra	0.0213950752625	0.918236140875	0.0136080241056	0.0467607597564
-cpa	0.121592732309	0.76645833423	0.0289055879835	0.0830433454777
-144	0.0	0.228855721393	0.0233208955224	0.747823383085
-sna	0.398496240601	0.398496240602	0.0225563909774	0.18045112782
-gas	0.0736243864634	0.903125807285	0.0	0.0232498062516
-gar	0.488541630245	0.308096032527	0.0858815801961	0.117480757032
-üru	0.516393442623	0.352459016393	0.131147540984	0.0
-ana	0.205782056859	0.0745738778113	0.0152969093873	0.704347155943
-nor	0.0	1.0	0.0	0.0
-gay	0.232166085644	0.427025339508	0.035381653572	0.305426921276
-seo	0.0225844309724	0.93836126918	0.00236692726348	0.0366873725839
-ywa	0.333778371162	0.611148197597	0.0200267022697	0.035046728972
-nos	0.289931470743	0.527675276753	0.074327886136	0.108065366368
-bel	0.172586354205	0.755645062859	0.0307579641157	0.041010618821
-ino	0.0	1.0	0.0	0.0
-seg	0.255118848324	0.500990572825	0.129130531577	0.114760047274
-ina	0.267082371213	0.383680264028	0.0805956635561	0.268641701204
-uis	0.383275261324	0.242160278746	0.196864111498	0.177700348432
-uir	0.423432110484	0.25334734886	0.07194376855	0.251276772106
-sea	0.0	0.942857142857	0.0571428571429	0.0
-món	0.00920704338819	0.978363448038	0.000690528254113	0.0117389803199
-ëlo	0.258880317415	0.43372365469	0.0	0.307396027895
-uim	0.0	1.0	0.0	0.0
-uin	0.0804048578326	0.181303516478	0.0840891852373	0.654202440452
-ïvu	0.0	0.960564967205	0.0394350327954	0.0
-ser	0.0	1.0	0.0	0.0
-iag	0.102651839179	0.224123182207	0.413173652695	0.26005132592
-ñan	0.273231622746	0.148404993065	0.578363384189	0.0
-änu	0.390882376196	0.159429934375	0.366668423688	0.0830192657407
-són	0.0	1.0	0.0	0.0
-ena	0.0	1.0	0.0	0.0
-ñag	0.908536585366	0.0	0.0548780487805	0.0365853658537
-ian	0.309468822171	0.325635103926	0.33025404157	0.0346420323326
-nes	0.0397983550013	0.829663040594	0.0111435394004	0.119395065004
-rso	0.0313479623824	0.968652037618	0.0	0.0
-äna	0.396558811439	0.24650963063	0.0508691056433	0.306062452287
-neo	0.0	1.0	0.0	0.0
-bed	0.0663716814159	0.933628318584	0.0	0.0
-ias	0.0312255252495	0.93838321926	0.0214526509347	0.00893860455614
-iar	0.206069176831	0.328572270344	0.318519827942	0.146838724884
-äni	0.301181102362	0.295275590551	0.379921259843	0.0236220472441
-neg	0.765974683544	0.089924050633	0.0195443037975	0.124556962025
-ooz	0.0663716814159	0.933628318584	0.0	0.0
-äno	0.184210526316	0.736842105263	0.0394736842105	0.0394736842105
-nea	0.0529801324503	0.264900662252	0.682119205298	0.0
-ban	0.17921686747	0.734939759036	0.0632530120482	0.0225903614458
-hog	0.129165519141	0.0531267490516	0.502305416619	0.315402315189
-unä	0.38555816865	0.104595925913	0.0229328278751	0.486913077562
-jor	0.199819981998	0.241224122412	0.013501350135	0.545454545455
-üda	0.183848421972	0.414819263951	0.204106148302	0.197226165775
-ptë	0.367300103801	0.289999513375	0.0744236372417	0.268276745582
-job	0.0365853658537	0.926829268293	0.0365853658537	0.0
-sús	0.0488655903872	0.541646679983	0.00186670415439	0.407621025476
-trä	0.17246468065	0.0645389791822	0.0486993821573	0.71429695801
-que	0.0	1.0	0.0	0.0
-asa	0.173561079568	0.361419915072	0.363153458339	0.10186554702
-qui	0.395366132361	0.290206999505	0.06397767008	0.250449198054
-ltu	0.0618397320278	0.476165936614	0.353774800309	0.108219531049
-ash	0.0912083948951	0.407959793851	0.262631315658	0.238200495597
-nyu	0.3003003003	0.689445543104	0.0	0.0102541565956
-ümi	0.0143369175627	0.639187574671	0.346475507766	0.0
-dro	0.015100711615	0.890459534435	0.00173682306115	0.092702930889
-yeg	0.629972752044	0.311171662125	0.00435967302452	0.0544959128065
-öra	0.197454108622	0.328296346253	0.00997562294955	0.464273922176
-ywä	0.276595744681	0.666666666667	0.0141843971631	0.0425531914894
-dia	0.213550600343	0.542024013722	0.0771869639794	0.167238421955
-430	0.292604501608	0.683279742765	0.024115755627	0.0
-rar	0.189258498591	0.264368203091	0.0647845751546	0.481588723163
-ras	0.335820895522	0.0	0.0373134328358	0.626865671642
-ran	0.220464642725	0.344548859899	0.0546910730231	0.380295424353
-eri	0.338578404775	0.455778621812	0.181768855128	0.0238741182854
-öru	0.0675724506758	0.643925706439	0.249476042495	0.0390258003902
-ram	0.0	1.0	0.0	0.0
-uía	0.00606980273141	0.993930197269	0.0	0.0
-red	0.0	0.651376146789	0.348623853211	0.0
-ero	0.16393442623	0.0273224043716	0.0	0.808743169399
-era	0.339805825243	0.371874080612	0.288320094145	0.0
-uío	0.0927357032458	0.907264296754	0.0	0.0
-swa	0.582091890233	0.279075343341	0.0354466637682	0.103386102657
-por	0.85025513984	0.0794405701367	0.0	0.0703042900229
-pos	0.00899550224887	0.991004497751	0.0	0.0
-bri	0.117655191483	0.493916770358	0.319991704687	0.0684363334717
-änä	0.5	0.189655172414	0.137931034483	0.172413793103
-änë	0.734985487832	0.155615092655	0.0	0.109399419513
-aza	0.0789473684211	0.763157894737	0.0789473684211	0.0789473684211
-nra	0.10635591162	0.791227284598	0.0157564313511	0.0866603724309
-lag	0.52260559191	0.291493158834	0.0624628197502	0.123438429506
-500	0.0110469495355	0.221190057745	0.231985940246	0.535777052473
-lac	0.146208226221	0.853791773779	0.0	0.0
-fán	0.0	0.929292929293	0.0707070707071	0.0
-lan	0.162416981257	0.405560384494	0.184143724694	0.247878909555
-lao	0.335106382979	0.632978723404	0.0	0.031914893617
-aam	0.0850869167429	0.903934126258	0.0	0.0109789569991
-uja	0.0207919208536	0.392236159664	0.529394292504	0.0575776269793
-fos	0.0	1.0	0.0	0.0
-eón	0.123982952344	0.838563864135	0.015497869043	0.0219553144776
-lar	0.398926589448	0.370220808627	0.0825586100944	0.14829399183
-las	0.0765212046712	0.439459127228	0.241753738988	0.242265929113
-noc	0.0505475989891	0.540859309183	0.408593091828	0.0
-lay	0.433477499077	0.329374884114	0.0652986013192	0.17184901549
-aac	0.130982367758	0.676322418136	0.0226700251889	0.170025188917
-nog	0.178052084246	0.0693101975401	0.0208067930168	0.731830925197
-awë	0.00581502676758	0.943012737678	0.00465202141406	0.0465202141406
-üva	0.00953066516731	0.970613782401	0.0	0.0198555524319
-dor	0.0899883544482	0.837315170978	0.0070579101528	0.0656385644211
-gen	0.41447368421	0.171052631579	0.355263157895	0.0592105263158
-äma	0.0133333333334	0.886666666667	0.08	0.02
-zta	0.116961195118	0.873929677537	0.00910912734558	0.0
-awä	0.262802850932	0.378317659669	0.203737457536	0.155142031864
-mya	0.24990590892	0.52879187053	0.032367331577	0.188934888973
-fás	0.0	0.987745098039	0.0	0.0122549019608
-doc	0.0	1.0	0.0	0.0
-tía	0.115384615385	0.884615384615	0.0	0.0
-ges	0.0	1.0	0.0	0.0
-ära	0.118569865013	0.676821111517	0.0978961449591	0.106712878511
-ypa	0.222207048806	0.154001211198	0.0680511922557	0.555740547741
-tsë	0.480814098825	0.271039913341	0.0811807349388	0.166965252896
-ytä	0.02535867463	0.550534626423	0.0	0.424106698947
-sas	0.154696132597	0.696132596685	0.0	0.149171270718
-sar	0.144189705552	0.371431782423	0.0	0.484378512025
-vos	0.136775146002	0.826165302534	0.00579666094961	0.0312628905148
-mpi	0.09977827051	0.74889135255	0.104767184035	0.0465631929047
-say	0.0652185764553	0.0193491481484	0.00098923258817	0.914443042808
-mpa	0.0975880010277	0.709580549846	0.0336587872559	0.15917266187
-äbu	0.440776699029	0.233009708738	0.240776699029	0.0854368932039
-oli	0.0769230769231	0.923076923077	0.0	0.0
-ïja	0.114583333333	0.802083333333	0.0208333333333	0.0625
-sag	0.148656542056	0.208187305296	0.295609423676	0.347546728972
-tos	0.0502232142857	0.938616071429	0.0111607142857	0.0
-olo	0.328482328482	0.580041580042	0.049896049896	0.04158004158
-stä	0.348837209302	0.156976744186	0.261627906977	0.232558139535
-400	0.515021459227	0.167381974249	0.0515021459227	0.266094420601
-ïjo	0.235523286701	0.629891978041	0.0655215158491	0.0690632194085
-cla	0.180383181911	0.0337577505383	0.00651470093896	0.779344366612
-loi	0.0	0.980392156863	0.0196078431373	0.0
-log	0.369580668088	0.125799573561	0.334044065387	0.170575692964
-naí	0.125062034739	0.839205955335	0.00595533498759	0.0297766749379
-loc	0.0	1.0	0.0	0.0
-rog	0.279736116666	0.485668752765	0.0703254633493	0.16426966722
-rom	0.0	1.0	0.0	0.0
-lot	0.0	1.0	0.0	0.0
-hyä	0.142857142857	0.123626373626	0.642857142857	0.0906593406593
-los	0.0061855670103	0.971134020619	0.0103092783505	0.0123711340206
-ucä	0.452887537994	0.376899696049	0.0121580547112	0.158054711246
-rdu	0.0253378378378	0.569256756757	0.304054054054	0.101351351351
-cga	0.367609254499	0.323907455013	0.038560411311	0.269922879177
-ión	0.0740318652097	0.756139527608	0.0373176018413	0.132511005341
-ipa	0.138649632257	0.249690898056	0.0713076315693	0.540351838118
-ipe	0.0	0.995098039216	0.0	0.00490196078431
-noé	0.102519837129	0.888565394425	0.0	0.00891476844595
-ewa	0.18913923605	0.704893504665	0.098574194684	0.0073930646013
-rdi	0.0021184837709	0.565181206022	0.387682530075	0.0450177801316
-ëza	0.0	0.195405310182	0.755269077539	0.049325612279
-awi	0.0	0.909090909091	0.0545454545454	0.0363636363636
-hga	0.343956022186	0.26779941586	0.0872036147578	0.301040947196
-ätu	0.10516375499	0.344636648495	0.468472335494	0.0817272610207
-äta	0.312086673824	0.291459245838	0.0464378178201	0.350016262518
-äto	0.277714401602	0.404593505209	0.162243009608	0.15544908358
-tol	0.250142576516	0.370698941765	0.03887586338	0.340282618338
-ämö	0.495805281946	0.340225759248	0.0637001710468	0.100268787759
-äpa	0.229094345308	0.437486148845	0.119159032955	0.214260472892
-stu	0.208248916757	0.210570680706	0.269738690643	0.311441711894
-276	0.0	0.285714285714	0.0	0.714285714286
-eci	0.440828402367	0.405325443787	0.0828402366864	0.0710059171598
-sto	0.102176712961	0.548627122784	0.00204179755785	0.347154366697
-ibë	0.545109931766	0.398028809704	0.0341167551175	0.0227445034117
-mpö	0.285298398836	0.332848131975	0.129548762736	0.252304706453
-sta	0.0954759443806	0.298038593783	0.0144060513605	0.592079410476
-saí	0.0	1.0	0.0	0.0
-cun	0.38268872944	0.319508795316	0.105609324249	0.192193150995
-loé	0.0252365930599	0.917981072555	0.0	0.0567823343848
-ián	0.0535714285714	0.875	0.0714285714285	0.0
-cua	0.00786081123571	0.940257834609	0.00235824337071	0.049523110785
-rpa	0.213145921005	0.726614401982	0.0182641573922	0.0419755196206
-cuy	0.375505532041	0.298037030376	0.067371057843	0.25908637974
-tor	0.123564483214	0.84282341643	0.0	0.0336121003562
-uca	0.128923983906	0.355229468339	0.368246659638	0.147599888117
-cur	0.372032707414	0.237895268668	0.0457932294233	0.344278794494
-lem	0.723684210526	0.276315789474	0.0	0.0
-acö	0.380457102961	0.188015934946	0.0546120990595	0.376914863033
-lea	0.0507089344313	0.849544919819	0.00619156708563	0.0935545786639
-mun	0.427119683704	0.433377799006	0.024880351818	0.114622165472
-leg	0.328524684134	0.397119587284	0.0904487807208	0.183906947861
-ëmi	0.343125097677	0.310479865233	0.0793621035393	0.26703293355
-mur	0.407348889857	0.244329801688	0.0590608830094	0.289260425446
-ios	0.413105158436	0.0798419759243	0.0276472739297	0.47940559171
-agé	0.0938722294655	0.608865710561	0.039113428944	0.25814863103
-biy	0.398396000417	0.207270076034	0.0687428392875	0.325591084262
-muy	0.597719200689	0.262882076487	0.0379331993973	0.101465523427
-hgä	0.36337362747	0.393064555755	0.0912857393055	0.15227607747
-ëtu	0.101326899879	0.454523522316	0.190832328106	0.253317249698
-rra	0.044071801793	0.926772718146	0.00306746032705	0.0260880197339
-ïna	0.19209039548	0.186440677966	0.621468926554	0.0
-rri	0.0	0.955056179775	0.0	0.0449438202247
-rro	0.0458906967042	0.954109303296	0.0	0.0
-san	0.197476375501	0.472923447955	0.0275454953854	0.302054681158
-gio	0.00443786982248	0.995562130178	0.0	0.0
-gin	0.665505226481	0.320557491289	0.01393728223	0.0
-gil	0.0869572956903	0.699743667337	0.0167328266016	0.196566210371
-gun	0.217500065829	0.439423861811	0.0189588435105	0.324117228849
-ëta	0.178005548169	0.526403962367	0.0185174162759	0.277073073188
-udä	0.133333333333	0.626666666667	0.213333333333	0.0266666666667
-ali	0.121864319638	0.0792187162866	0.158780856186	0.640136107889
-nda	0.430167597765	0.414065067367	0.0591521524811	0.0966151823859
-gia	0.0	0.93023255814	0.0697674418605	0.0
-ala	0.240530378333	0.259044998845	0.107194524289	0.393230098534
-120	0.0	0.0	0.0	1.0
-yor	0.0436814668344	0.797366528851	0.0730720834082	0.085879920906
-abä	0.48	0.22	0.18	0.12
-ësu	0.283613375355	0.166879923265	0.00427747677015	0.54522922461
-abá	0.0	1.0	0.0	0.0
-ömi	0.187135641768	0.212851576123	0.0400608221076	0.559951960002
-abí	0.36553030303	0.280934343434	0.0	0.353535353535
-yog	0.188028143096	0.397618215788	0.117378605166	0.296975035949
-abé	0.0669386241424	0.873354348229	0.0185425551641	0.0411644724643
-iel	0.232033515952	0.680309378021	0.0799226554947	0.00773445053174
-chi	0.270842929526	0.423491478581	0.0586519269154	0.247013664978
-peg	0.322604242868	0.201901975128	0.3174835406	0.158010241404
-cho	0.170228351061	0.372000395991	0.0391420130312	0.418629239917
-iyu	0.252669892253	0.221584587457	0.2755735053	0.250172014991
-cha	0.0403873603649	0.467140330539	0.469804689821	0.0226676192754
-uez	0.00724346076458	0.891348088531	0.00724346076459	0.0941649899396
-mga	0.205945558739	0.190140031426	0.0107449856733	0.593169424161
-153	0.0	0.0491803278689	0.0	0.950819672131
-oré	0.0	0.904761904762	0.0	0.0952380952381
-oga	0.0875991509046	0.202251916643	0.0218041187268	0.688344813726
-aén	0.0	1.0	0.0	0.0
-chu	0.246965528403	0.387117656579	0.279063494632	0.0868533203863
-loe	0.121212121212	0.777777777778	0.020202020202	0.080808080808
-sya	0.0327868852459	0.632058287796	0.0655737704918	0.269581056466
-itu	0.0486394152728	0.823138321335	0.0228491777825	0.105373085609
-ter	0.0	1.0	0.0	0.0
-ito	0.172859670614	0.64135021097	0.0306247447938	0.155165373622
-tes	0.0	1.0	0.0	0.0
-eso	0.00398142003981	0.972130059721	0.0	0.0238885202389
-iti	0.247698169889	0.35556907528	0.288532912605	0.108199842227
-ite	0.0	0.990566037736	0.00943396226415	0.0
-ita	0.224637291815	0.333030309816	0.0651486236122	0.377183774756
-spa	0.0783628835382	0.253025723747	0.0172449268331	0.651366465881
-spe	0.0482779760471	0.896853721017	0.0533356687759	0.00153263416022
-tir	0.482857680272	0.350763495836	0.0574545578906	0.108924266001
-gru	0.444444444444	0.238095238095	0.285714285714	0.031746031746
-spo	0.0542986425339	0.918552036199	0.027149321267	0.0
-fas	0.0416666666667	0.916666666667	0.0416666666667	0.0
-bra	0.160304561595	0.800737503414	0.0377629063097	0.00119502868069
-uda	0.15873015873	0.619047619048	0.031746031746	0.190476190476
-fat	0.0	1.0	0.0	0.0
-alä	0.308032798781	0.530222770481	0.00761918583558	0.154125244902
-bro	0.0976679290412	0.72294199721	0.0338847917082	0.145505282041
-hun	0.372169221724	0.324066489142	0.0697720774856	0.233992211648
-özu	0.129081042612	0.459478694066	0.208833733654	0.202606529668
-huc	0.0387596899225	0.84496124031	0.116279069767	0.0
-huy	0.043152323238	0.762564592501	0.123013410135	0.071269674126
-abo	0.0	1.0	0.0	0.0
-hur	0.289121887287	0.619134993447	0.08125819135	0.0104849279161
-hus	0.125277654376	0.614837849845	0.11328298534	0.14660151044
-öcu	0.282142198647	0.402172833903	0.145446551406	0.170238416044
-tea	0.0	1.0	0.0	0.0
-chä	0.362956033676	0.353289678828	0.0436545057686	0.240099781727
-ael	0.0322972411648	0.598943480294	0.058889052392	0.30987022615
-tun	0.179814436511	0.236236109618	0.409959965341	0.17398948853
-tur	0.885416666667	0.114583333333	0.0	0.0
-oro	0.0869072359721	0.700547893444	0.195541280937	0.0170035896467
-iyë	0.310599078341	0.55668202765	0.0276497695853	0.105069124424
-ado	0.100994374209	0.7712316539	0.0139087832928	0.113865188599
-ncu	0.450588452517	0.276162373231	0.13916337849	0.134085795762
-sog	0.224389824682	0.482339291853	0.171450670333	0.121820213132
-van	0.178539224527	0.319206492335	0.357980162308	0.14427412083
-gam	0.189863427926	0.0603110254536	0.0158669502226	0.733958596398
-chö	0.0893930799773	0.405218377765	0.0136131593874	0.49177538287
-ris	0.0	1.0	0.0	0.0
-lix	0.0675584380489	0.895960005405	0.00810701256586	0.0283745439805
-liy	0.600938967136	0.0610328638497	0.0610328638498	0.276995305164
-rur	0.220321128739	0.673540396463	0.073738308807	0.032400165991
-icu	0.541901729212	0.259120108169	0.098353134588	0.100625028031
-rut	0.0	1.0	0.0	0.0
-lis	0.01171875	0.80859375	0.0	0.1796875
-ico	0.240509220182	0.533231383375	0.207491335909	0.0187680605344
-lim	0.0	1.0	0.0	0.0
-lin	0.299756447886	0.234996565291	0.073690126772	0.391556860051
-lio	0.0277966101695	0.903254237288	0.0281355932204	0.040813559322
-run	0.195499723637	0.71081319831	0.0460144498402	0.0476726282127
-sué	0.1285384171	0.810803004044	0.0	0.0606585788562
-oma	0.0755520758607	0.497441216192	0.225917532652	0.201089175295
-lia	0.00993377483443	0.960264900662	0.00993377483444	0.0198675496689
-ica	0.146599348773	0.448359126331	0.232173563092	0.172867961804
-eas	0.0515463917526	0.703608247423	0.0386597938144	0.20618556701
-üga	0.0	0.547543240685	0.452456759315	0.0
-ïñu	0.915479582146	0.0845204178537	0.0	0.0
-cmi	0.297080592105	0.672080592105	0.0	0.0308388157895
-slä	0.793774319066	0.11673151751	0.0350194552529	0.0544747081712
-ode	0.0	1.0	0.0	0.0
-rna	0.257601973756	0.101846591945	0.0186358192558	0.621915615043
-ëpo	0.541327124563	0.225844004657	0.209545983702	0.023282887078
-ëpa	0.119089927401	0.631063432836	0.0437038651849	0.206142774578
-ycu	0.176515402845	0.307460386587	0.0584240437182	0.45760016685
-riy	0.332115965132	0.259336395191	0.0860206565888	0.322526983088
-üju	0.073723693206	0.619482271207	0.229190148002	0.0776038875852
-uro	0.0675675675675	0.148648648649	0.121621621622	0.662162162162
-ura	0.255463861159	0.0781478599689	0.0896749171596	0.576713361713
-hna	0.463280713795	0.33081674674	0.123541523679	0.0823610157859
-rga	0.346476628055	0.200127902962	0.060024580483	0.393370888499
-nnë	0.212558777178	0.512998244692	0.0645748183833	0.209868159746
-äzo	0.64	0.36	0.0	0.0
-rgu	0.404494382022	0.258426966292	0.337078651685	0.0
-uru	0.227262186355	0.383145494179	0.311673855573	0.0779184638932
-tga	0.0812182741117	0.568527918782	0.350253807107	0.0
-nio	0.086793655854	0.615127122021	0.255519247629	0.0425599744959
-äsi	0.0831024930747	0.424035797997	0.271255060729	0.2216066482
-war	0.472517638357	0.128074648684	0.0196529154749	0.379754797485
-ngö	0.539655172414	0.117816091954	0.177586206896	0.164942528736
-äsa	0.179469948339	0.479062539376	0.0	0.341467512285
-way	0.241553544495	0.424057315234	0.134539969834	0.199849170437
-pag	0.328705190427	0.286009996643	0.07116238982	0.31412242311
-wag	0.21968207374	0.106438558497	0.118839198231	0.555040169532
-pay	0.16613121125	0.0897760196154	0.0329387657323	0.711154003403
-wac	0.0	0.458315519453	0.343492334942	0.198192145606
-aín	0.0349907918969	0.825046040516	0.0110497237569	0.12891344383
-wan	0.170249167625	0.372701374913	0.0482674345858	0.408782022876
-par	0.255145482598	0.401885089133	0.0890954730502	0.253873955218
-pas	0.345454545455	0.333333333333	0.106060606061	0.215151515151
-dun	0.0	0.948275862069	0.051724137931	0.0
-nun	0.112913608858	0.843311445861	0.0321874597657	0.0115874855157
-icö	0.288422792039	0.153836118802	0.0507762107003	0.506964878459
-icó	0.0117994100295	0.988200589971	0.0	0.0
-sur	0.732198142415	0.103715170279	0.102167182662	0.0619195046439
-nca	0.161047947352	0.119621435287	0.0142588530241	0.705071764337
-sun	0.333437672619	0.298213392287	0.119300203092	0.249048732003
-omé	0.0	0.989247311828	0.0	0.010752688172
-örä	0.394387001477	0.389955686854	0.0531757754801	0.162481536189
-nuy	0.0730897009967	0.544850498339	0.0	0.382059800664
-nur	0.176699411576	0.218996971711	0.0189575793387	0.585346037373
-lnë	0.529294715897	0.42427592306	0.0	0.0464293610436
-zín	0.0151480376406	0.954555887078	0.0	0.0302960752812
-fes	0.0	0.951219512195	0.0	0.0487804878049
-din	0.0560747663551	0.88785046729	0.0	0.0560747663551
-dio	0.0	1.0	0.0	0.0
-izä	0.958005249344	0.015748031496	0.0262467191601	0.0
-nás	0.0916196362985	0.698871271164	0.0294499686464	0.180059123891
-sla	0.311673592747	0.33786676741	0.195063594006	0.155396045838
-dis	0.0	1.0	0.0	0.0
-ycö	0.159904534606	0.794749403341	0.0	0.0453460620525
-rnë	0.422148244912	0.0787577430366	0.021238043066	0.477855968986
-ämi	0.525980966491	0.239271163251	0.067564421398	0.16718344886
-veg	0.244224422442	0.200220022002	0.489548954896	0.0660066006601
-urë	0.244830132939	0.287573855244	0.0618537666174	0.405742245199
-ïgo	0.141912898085	0.772134702302	0.0	0.0859523996133
-rgä	0.492035423138	0.193676467574	0.0435035706736	0.270784538615
-elí	0.0	0.96	0.02	0.02
-urä	0.352412784625	0.232922498433	0.155629830792	0.25903488615
-200	0.0615305067218	0.668562564633	0.0387797311272	0.231127197518
-nno	0.127659574468	0.782978723404	0.0765957446809	0.0127659574468
-nna	0.409896395515	0.31956121657	0.103481997934	0.16706038998
-tpa	0.0284931506849	0.951780821918	0.0	0.0197260273972
-apá	0.0708446967314	0.767002542194	0.00815944404768	0.153993317027
-znë	0.115384615385	0.861538461538	0.0	0.0230769230769
-ngu	0.0946514423077	0.556790865385	0.198317307692	0.150240384615
-apä	0.370282739856	0.381048148586	0.185377972318	0.0632911392404
-tiy	0.4	0.525531914894	0.0744680851065	0.0
-ïpa	0.0	1.0	0.0	0.0
-nga	0.266773654681	0.125869457507	0.0412571580839	0.566099729729
-apö	0.607476635514	0.224299065421	0.0	0.168224299065
-til	0.551111111111	0.448888888889	0.0	0.0
-öga	0.136158882245	0.1591676338	0.0566753275795	0.647998156375
-tin	0.358378187588	0.246273386858	0.0516425437707	0.343705881783
-tio	0.0685920577617	0.808664259928	0.0	0.122743682311
-lón	0.0124069478908	0.660669975186	0.0372208436725	0.289702233251
-mpo	0.168107132681	0.367777883307	0.00949757811757	0.454617405895
-ngo	0.00515596803299	0.721577726218	0.0541376643465	0.219128641402
-äyu	0.102040816327	0.746142359383	0.151816824291	0.0
-quë	0.564370598591	0.298217429578	0.00801056338029	0.129401408451
-uwa	0.212631578947	0.576842105263	0.0621052631579	0.148421052632
-emo	0.0	0.963902258423	0.0249907441688	0.0111069974083
-osé	0.02284843869	0.953160700685	0.002284843869	0.0217060167555
-hmi	0.230024213075	0.285714285714	0.25181598063	0.232445520581
-260	0.0	0.0907715582451	0.0453857791225	0.863842662632
-jag	0.0496688741722	0.950331125828	0.0	0.0
-mmi	0.26151179951	0.412461582204	0.036014568299	0.290012049987
-jan	0.358611456441	0.641388543559	0.0	0.0
-das	0.0654653876069	0.874902774177	0.00155561317086	0.0580762250454
-ulö	0.365633581797	0.222440172617	0.0470772852099	0.364848960377
-cio	0.0896167319608	0.407267828109	0.0304142806721	0.472701159259
-cin	0.202377128172	0.627007709605	0.170615162223	0.0
-cil	0.0552006939516	0.866756039219	0.00368004626345	0.0743632205662
-zan	0.0666666666667	0.916666666667	0.0166666666667	0.0
-cia	0.0510064391827	0.896552248644	0.0302945799321	0.0221467322416
-dpa	0.0578034682081	0.930956968529	0.00321130378934	0.00802825947333
-ëla	0.0367107195301	0.96328928047	0.0	0.0
-yga	0.177741613047	0.128444464536	0.0158839513986	0.677929971018
-zar	0.176715994962	0.747205604534	0.046048488665	0.0300299118388
-cis	0.538809344386	0.357573474001	0.0621703089676	0.041446872645
-cir	0.704545454545	0.168831168831	0.0487012987013	0.0779220779221
-gmi	0.308234532344	0.299972310332	0.0998619566907	0.291931200633
-xta	0.423423423423	0.504504504504	0.018018018018	0.0540540540541
-mrä	0.572727272727	0.109090909091	0.0	0.318181818182
-rcu	0.202140309156	0.634661117717	0.0457788347206	0.117419738407
-000	0.107376844211	0.219419140499	0.0161826170828	0.657021398207
-blo	0.0480611821048	0.80162240086	0.00532655704058	0.144989859995
-rca	0.123208213881	0.440702713514	0.0805237015801	0.355565371025
-ilä	0.332558093307	0.105750690759	0.124217305743	0.437473910191
-eta	0.00826787928895	0.879151164393	0.0186027284002	0.0939782279179
-lir	0.340012143291	0.380569093684	0.0479577938594	0.231460969166
-dón	0.0	0.995213823968	0.00385380407757	0.00093237195425
-dga	0.144372045484	0.570077935352	0.0977385971637	0.187811422001
-eto	0.0	1.0	0.0	0.0
-rco	0.0289715113472	0.942056977306	0.0	0.0289715113471
-ank	0.113531617935	0.093249118355	0.0207956262945	0.772423637415
-bul	0.195035460993	0.751773049645	0.0	0.0531914893617
-syä	0.627149574414	0.0603545882008	0.0503509917014	0.262144845684
-ías	0.0483726485518	0.888304966657	0.0092764009157	0.0540459838758
-mén	0.0129486597002	0.184915947297	0.00408905043162	0.798046342572
-uya	0.119502868069	0.564053537285	0.316443594646	0.0
-ría	0.0259755593601	0.704173800106	0.00690713737529	0.262943503158
-dab	0.0	1.0	0.0	0.0
-ata	0.152616941657	0.351964683686	0.0520216011789	0.443396773477
-amá	0.153189626874	0.800853485064	0.0	0.0459568880622
-ato	0.0425801546065	0.855404891649	0.0562666328729	0.0457483208719
-hcu	0.166092439706	0.640967301567	0.192940258727	0.0
-río	0.13680781759	0.791530944625	0.071661237785	0.0
-nir	0.236675321141	0.0414961281618	0.00247616240179	0.719352388295
-acu	0.342043462918	0.264380468966	0.0253776593104	0.368198408805
-ulo	0.101943114616	0.818924246691	0.00675865953253	0.0723739791608
-tam	0.0	1.0	0.0	0.0
-ula	0.207124701301	0.345955686645	0.273725839632	0.173193772423
-ëga	0.350358600208	0.263641033609	0.0695241632209	0.316476202963
-tan	0.126284014804	0.507828318413	0.0806009003864	0.285286766396
-hta	0.195149836843	0.339485666614	0.0351289757943	0.430235520749
-lén	0.0357877416701	0.801727684081	0.0765117235706	0.0859728506788
-nia	0.0465268676278	0.749475753604	0.0217562254259	0.182241153342
-aca	0.00653452406882	0.573731213243	0.135046830756	0.284687431932
-amö	0.286986885678	0.455626890234	0.0229230712644	0.234463152824
-nin	0.14569007657	0.509323536796	0.0640017840651	0.280984602569
-ice	0.122373300371	0.779975278121	0.070457354759	0.0271940667491
-ulu	0.14402468344	0.342635164667	0.317063034993	0.1962771169
-dmi	0.0	1.0	0.0	0.0
-tta	0.379642365887	0.467675378267	0.0852819807428	0.0674002751031
-üta	0.0695098963242	0.853911404336	0.0318096135721	0.0447690857681
-cru	0.31565103025	0.364313897413	0.0891421890984	0.230892883238
-shu	0.133271689314	0.850687464823	0.011819570636	0.00422127522714
-shi	0.276256146313	0.307601102395	0.0848692796255	0.331273471666
-nón	0.0	1.0	0.0	0.0
-fin	0.400645729381	0.414440857059	0.0	0.18491341356
-öba	0.0543267365153	0.840900271634	0.069848661234	0.034924330617
-saú	0.23982829414	0.577267637178	0.0261291526689	0.156774916013
-gcu	0.390914849335	0.371912044159	0.0361958193829	0.200977287123
-sha	0.149110776642	0.525461158329	0.21650655661	0.108921508418
-fia	0.0	1.0	0.0	0.0
-yra	0.154314864673	0.798923055123	0.00566813093381	0.0410939492702
-gla	0.315668213321	0.279357605685	0.085704269652	0.319269911342
-cra	0.107654357578	0.849717665873	0.00632125887986	0.036306717669
-mra	0.0623466807563	0.537079669397	0.0762350454769	0.32433860437
-ldi	0.183673469388	0.746355685131	0.0699708454811	0.0
-vio	0.0	0.981162117916	0.0	0.0188378820838
-yun	0.710681371808	0.109533162109	0.0317268469557	0.148058619127
-scu	0.095092965933	0.200909538748	0.0966283211121	0.607369174207
-lda	0.00649846306191	0.638252222887	0.355249314051	0.0
-vid	0.0421341861255	0.818919490163	0.0135086703609	0.125437653351
