-cag	0.204507167813	0.322698869462	0.292878259086	0.179915703639
-imü	0.39081413848	0.350764335616	0.0816905305388	0.176730995366
-cam	0.220538973952	0.106078825799	0.289180396773	0.384201803476
-hes	0.203233256351	0.588914549654	0.0	0.207852193995
-cas	0.0254452926208	0.898218829517	0.00848176420696	0.0678541136556
-car	0.330854829773	0.123890291202	0.0523610170535	0.492893861971
-ive	0.261658031088	0.738341968912	0.0	0.0
-rbe	0.0101180438449	0.989881956155	0.0	0.0
-aro	0.0933428227307	0.773239899266	0.0358589729552	0.0975583050477
-cay	0.115883603984	0.0437513358762	0.011252200847	0.829112859292
-äcü	0.504601545844	0.152083993445	0.0403249971684	0.302989463543
-nsu	0.0604744921693	0.930221739805	0.0	0.00930376802607
-ävu	0.0	1.0	0.0	0.0
-ävi	0.381332849101	0.605956055929	0.0	0.01271109497
-bta	0.0166282852411	0.921015645105	0.0374136417924	0.0249424278616
-nsi	0.268863945967	0.324175005821	0.0870256923735	0.319935355838
-tga	0.0776846915461	0.768469154608	0.0	0.153846153846
-aum	0.0132085855806	0.930654925702	0.0	0.0561364887176
-nsa	0.0	0.925619834711	0.0	0.0743801652893
-llü	0.0	0.880952380952	0.119047619048	0.0
-nti	0.0445177403672	0.791672227412	0.0697222169262	0.0940878152943
-pur	0.520812685828	0.210976214073	0.00805252725471	0.260158572844
-nta	0.253340777985	0.406574830634	0.0539549834221	0.286129407959
-puy	0.262504737669	0.492046131355	0.157669608533	0.087779522443
-can	0.472655860406	0.260583266335	0.0365793732155	0.230181500043
-öta	0.52657807309	0.440199335548	0.0332225913621	0.0
-äsi	0.352187426451	0.377046407491	0.0919101985084	0.17885596755
-öti	0.159316555068	0.766335719234	0.0	0.0743477256984
-pum	0.362406015038	0.284711779449	0.0200501253133	0.332832080201
-pun	0.333854870103	0.517894688134	0.0278361815411	0.120414260223
-ntu	0.0110394033424	0.930725937954	0.039575349346	0.0186593093579
-dro	0.0214611872146	0.869254185693	0.00502283105023	0.104261796043
-war	0.166791403828	0.49788837806	0.0706992408853	0.264620977227
-pra	0.448113207547	0.47641509434	0.0283018867925	0.0471698113207
-smu	0.185681402349	0.814318597651	0.0	0.0
-pre	0.0	0.976377952756	0.0	0.0236220472441
-pan	0.0502470867284	0.138936150498	0.0349239244153	0.775892838358
-ösu	0.121212121212	0.818181818182	0.030303030303	0.030303030303
-más	0.0340993328391	0.899184581171	0.0	0.0667160859896
-üsi	0.215140675722	0.393716137746	0.0567435541362	0.334399632396
-nmi	0.338700642092	0.270893080166	0.0483460761962	0.342060201546
-cwa	0.103970011169	0.183733480938	0.57530072847	0.136995779423
-mán	0.0410396716826	0.805061559508	0.15389876881	0.0
-arü	0.590080093409	0.314883458692	0.0380393709288	0.0569970769704
-ope	0.00569530137637	0.951589938301	0.00569530137637	0.0370194589464
-opa	0.0724512238522	0.85897233677	0.014008570761	0.0545678686172
-smi	0.168056002918	0.501724936946	0.0401934038749	0.290025656262
-imä	0.355117139334	0.313641968389	0.0100885550947	0.321152337182
-dea	0.00424757281553	0.986650485437	0.00546116504856	0.00364077669903
-dec	0.390410958904	0.609589041096	0.0	0.0
-äja	0.0	0.980861244019	0.0191387559809	0.0
-msi	0.233736447039	0.217264386989	0.0216847372811	0.527314428691
-deo	0.00452488687783	0.995475113122	0.0	0.0
-ima	0.182275899099	0.12390108435	0.0535995621473	0.640223454404
-ios	0.128406885781	0.354550019581	0.00367133578937	0.513371758848
-des	0.0655021834061	0.887918486172	0.0262008733625	0.0203784570597
-lga	0.0294978230131	0.82585504487	0.0238278570329	0.120819275084
-imi	0.36292388075	0.250332957689	0.00307345558857	0.383669705973
-lgo	0.0802174913105	0.555005367001	0.0277933960335	0.336983745655
-ïru	0.247274313127	0.493240296555	0.0	0.259485390318
-imo	0.0462427745664	0.791907514451	0.0578034682081	0.104046242775
-aúl	0.101757047149	0.883074200481	0.0151687523701	0.0
-lla	0.0762557410512	0.683376831669	0.107481227674	0.132886199606
-oyä	0.409090909091	0.227272727273	0.0	0.363636363636
-obo	0.0	0.872463768116	0.0	0.127536231884
-ymi	0.202799893308	0.189826112795	0.0494370124311	0.557936981465
-llo	0.00326264274062	0.986949429038	0.0	0.00978792822185
-ida	0.00978564771668	0.990214352283	0.0	0.0
-llu	0.0737955934634	0.880884286638	0.034892481692	0.0104276382068
-bia	0.0	0.94708994709	0.05291005291	0.0
-wac	0.175815121382	0.0569229690404	0.0218057949203	0.745456114658
-rpu	0.0784997819451	0.512865242041	0.0815525512429	0.327082424771
-sin	0.0	0.991869918699	0.00813008130081	0.0
-rig	0.296370066354	0.408551456586	0.042721799709	0.252356677351
-ter	0.110981925801	0.807631328612	0.0813867455871	0.0
-uta	0.235767155159	0.640874595049	0.0409527879063	0.0824054618865
-sim	0.0	0.8	0.165217391304	0.0347826086956
-hla	0.183673469388	0.15306122449	0.0	0.663265306123
-ria	0.0	1.0	0.0	0.0
-rin	0.471632791275	0.205201888439	0.0375634599483	0.285601860338
-inä	0.131855309218	0.37252042007	0.331971995333	0.163652275379
-ril	0.0	0.902102973169	0.032632342277	0.065264684554
-uti	0.0888363505537	0.635314327283	0.0830246266857	0.192824695477
-eru	0.293963254593	0.678477690289	0.0275590551181	0.0
-csa	0.00338218714769	0.983089064262	0.0	0.0135287485908
-riu	0.289237605682	0.68501423951	0.0257481548084	0.0
-rir	0.516015130532	0.280749236592	0.0781768972986	0.125058735577
-ris	0.0144566252648	0.0452455925516	0.0137763134877	0.926521468696
-tem	0.0	0.95020746888	0.0248962655602	0.0248962655602
-riy	0.406325951357	0.412240596903	0.0735251627377	0.107908289002
-luy	0.408504660963	0.507470310305	0.084025028732	0.0
-dsi	0.443394329379	0.508747235069	0.0168912125478	0.0309672230042
-oya	0.0938722294654	0.567144719687	0.250325945241	0.0886571056062
-lus	0.557795698925	0.442204301075	0.0	0.0
-ïgu	0.0515870364183	0.907651186101	0.00133645172068	0.03942532576
-rón	0.0896175766085	0.810646733295	0.0997356900966	0.0
-aru	0.121499688861	0.372510889857	0.132622899813	0.373366521469
-lum	0.0	0.31907142252	0.68092857748	0.0
-lun	0.0848134991119	0.742229129663	0.0468472468916	0.126110124334
-ïga	0.406486664367	0.316523274468	0.0689826695314	0.208007391633
-sga	0.102754086451	0.540730185252	0.00624017435525	0.350275553941
-meo	0.125748502994	0.685628742515	0.188622754491	0.0
-aya	0.0	1.0	0.0	0.0
-tya	0.146878824969	0.822521419829	0.0	0.030599755202
-ayo	0.0447019867549	0.658940397351	0.271523178808	0.0248344370861
-ayi	0.130425331498	0.400405767698	0.0644880805739	0.40468082023
-ayu	0.0377168720141	0.578325370882	0.0316821724919	0.352275584612
-num	0.112463281578	0.756609315988	0.0906420478388	0.040285354595
-mos	0.0515626644217	0.918972955909	0.0	0.0294643796696
-bás	0.0457142857143	0.954285714286	0.0	0.0
-zpa	0.0785083415112	0.709519136408	0.0	0.21197252208
-yur	0.558070111457	0.17588055248	0.0176069072315	0.248442428832
-aón	0.392405063291	0.553345388788	0.0542495479204	0.0
-cta	0.137160135686	0.242647359817	0.0662876978875	0.553904806609
-dán	0.0797574772635	0.812419914367	0.0143763477826	0.0934462605869
-ïnu	0.0192616372392	0.50217839945	0.444164182527	0.0343957807842
-fri	0.0	1.0	0.0	0.0
-bpa	0.0104712041885	0.948342059337	0.0	0.0411867364747
-rru	0.0265439745178	0.920368076447	0.0	0.0530879490355
-rpü	0.359207266722	0.371593724195	0.0276630883568	0.241535920727
-isï	0.755729166667	0.0	0.02734375	0.216927083333
-ota	0.122482287728	0.627531526983	0.00748259119899	0.24250359409
-ote	0.0494117647059	0.950588235294	0.0	0.0
-oto	0.0545454545455	0.727272727273	0.0545454545455	0.163636363636
-rán	0.0476106893677	0.952389310632	0.0	0.0
-iju	0.467922062732	0.147836397882	0.0578762054182	0.326365333968
-uma	0.790476190476	0.209523809524	0.0	0.0
-otu	0.0837354085603	0.893385214008	0.0	0.0228793774319
-eví	0.0447538538041	0.903033316758	0.0	0.0522128294381
-umi	0.288753014123	0.474638305202	0.0922321736135	0.144376507062
ALL	0.223605182092	0.272157671272	0.0516602113759	0.45257693526
-nan	0.218563892661	0.315730464385	0.0811263874666	0.384579255488
-nam	0.15666856805	0.12614309709	0.0225018825246	0.694686452335
-zun	0.362068965517	0.589655172414	0.00689655172415	0.0413793103448
-nag	0.350550023729	0.322963240833	0.0816359588826	0.244850776556
-zum	0.0291262135922	0.941747572816	0.0	0.0291262135923
-csi	0.0625531914894	0.556170212766	0.0365957446808	0.344680851064
-nay	0.262536391498	0.252757122841	0.0920810889386	0.392625396723
-sio	0.0	1.0	0.0	0.0
-ïro	0.0	0.99634591961	0.0	0.00365408038977
-ysi	0.212695798356	0.345103300628	0.0809286571118	0.361272243905
-nar	0.451223739284	0.298799741729	0.0660359776013	0.183940541386
-nas	0.153487324039	0.328952685085	0.0514621562574	0.466097834619
-sia	0.00257179597085	0.997428204029	0.0	0.0
-zuy	0.938271604938	0.0617283950617	0.0	0.0
-ayä	0.496018832374	0.102024268378	0.034963744975	0.366993154273
-gom	0.111377737423	0.320167758393	0.0296171390276	0.538837365156
-mor	0.0	0.945945945946	0.0540540540541	0.0
-önu	0.0	1.0	0.0	0.0
-gon	0.112305677668	0.376462886797	0.220894977605	0.29033645793
-ayï	0.0317594947169	0.661996030453	0.0135332554807	0.292711219349
-gog	0.258426966292	0.611423220974	0.0964419475656	0.0337078651685
-äga	0.316686812174	0.348951473379	0.0905846228264	0.24377709162
-goy	0.275260343372	0.301153954405	0.198423867155	0.225161835069
-ïmi	0.387168674631	0.281873745766	0.0818060138568	0.249151565746
-ëru	0.254164886801	0.243485689876	0.339598462196	0.162750961128
-oes	0.113350125945	0.811083123426	0.0755667506297	0.0
-gos	0.0688341570203	0.832892284093	0.066274209032	0.0319993498545
-gor	0.366138448707	0.207673060884	0.0	0.426188490409
-mom	0.0824742268041	0.917525773196	0.0	0.0
-com	0.00832177531204	0.991678224688	0.0	0.0
-nto	0.0	0.940425531915	0.0	0.0595744680851
-yas	0.57037037037	0.0444444444444	0.325925925926	0.0592592592592
-yar	0.340207740969	0.335565810253	0.0763947540692	0.24783169471
-eos	0.13847023361	0.545026375283	0.316503391108	0.0
-bet	0.0837666088966	0.844020797227	0.0231080300404	0.0491045638359
-cob	0.0	0.980595084088	0.019404915912	0.0
-ïda	0.0	0.888198757764	0.0	0.111801242236
-eom	0.0310175660706	0.968982433929	0.0	0.0
-bel	0.318687974654	0.672925499697	0.0083865256488	0.0
-yam	0.334507042254	0.535651408451	0.0594190140845	0.0704225352113
-yan	0.629381213672	0.125653184529	0.0258615251687	0.21910407663
-rla	0.155294117647	0.251764705882	0.0458823529412	0.547058823529
-cos	0.120082815735	0.646652864044	0.171152518979	0.0621118012422
-reo	0.0128893662728	0.935553168636	0.0257787325456	0.0257787325457
-isi	0.151970731282	0.337301077605	0.0141918965357	0.496536294577
-xsi	0.695021048048	0.304978951952	0.0	0.0
-rea	0.0167364016736	0.981171548117	0.0	0.0020920502092
-rey	0.0747945867569	0.709763170614	0.0190913484775	0.196350894152
-eva	0.0	1.0	0.0	0.0
-upa	0.145376183835	0.542303343041	0.132051853022	0.180268620102
-res	0.22113022113	0.58230958231	0.094185094185	0.102375102375
-uan	0.10162981418	0.861206270113	0.00124571784491	0.0359181978615
-ret	0.0266316579145	0.932108027007	0.00225056264066	0.0390097524381
-upi	0.0289843870769	0.644844643685	0.0879193074664	0.238251661772
-may	0.37367786769	0.211966447811	0.0478912629264	0.366464421572
-jus	0.381506331723	0.419084476402	0.0737365178959	0.125672673979
-hab	0.00488758553275	0.995112414467	0.0	0.0
-hag	0.470136647867	0.209233493316	0.03699518568	0.283634673137
-mas	0.0963244599233	0.17341408601	0.176502679812	0.553758774255
-mar	0.399937759988	0.189443751303	0.0667909563549	0.343827532355
-mau	0.288804227602	0.317930441195	0.103232149441	0.290033181762
-ham	0.380160831592	0.289557312723	0.128932378918	0.201349476768
-han	0.227572628834	0.383490915994	0.0642111760353	0.324725279136
-juc	0.0320781829196	0.0275215878544	0.0113110852122	0.929089144014
-har	0.523528933019	0.105395946936	0.056596402702	0.314478717344
-has	0.276640611951	0.475851701547	0.0861174349044	0.161390251598
-mam	0.267207782839	0.211666244413	0.100031964923	0.421094007825
-mal	0.0177955469609	0.948986098712	0.0282356011781	0.00498275314907
-man	0.144297163041	0.236473910474	0.0231007792791	0.596128147206
-hay	0.0478370954912	0.011280554166	0.00286826900822	0.938014081335
-jun	0.0732265446224	0.926773455378	0.0	0.0
-mag	0.187273273245	0.103359512212	0.0275982940204	0.681768920523
-jum	0.0935785065931	0.107493042732	0.0840073864079	0.714921064267
-uni	0.0	0.842105263158	0.0	0.157894736842
-cnï	0.723258096173	0.276741903827	0.0	0.0
-yay	0.295664946129	0.346741061362	0.109210605919	0.24838338659
-aán	0.244233378562	0.470827679783	0.033921302578	0.251017639077
-una	0.124164689169	0.398928038802	0.0512370794373	0.425670192592
-cyu	0.0745341614907	0.925465838509	0.0	0.0
-ush	0.487085247948	0.204438864334	0.0494143925486	0.259061495169
-pta	0.0	1.0	0.0	0.0
-pto	0.00537682588045	0.839591361233	0.130836096424	0.024195716462
-cya	0.0556070435589	0.0194624652456	0.605189990732	0.319740500463
-nla	0.137001181101	0.275821454161	0.361475820145	0.225701544592
-tra	0.0294594196494	0.955810870526	0.0	0.0147297098247
-gan	0.318195930208	0.246636548336	0.049506744452	0.385660777004
-gam	0.226822649056	0.139675876495	0.0302479397383	0.603253534711
-üra	0.181474084368	0.459098028027	0.0277311942066	0.331696693399
-yag	0.215925650192	0.238706122824	0.0655492321348	0.479818994849
-quï	0.313313514195	0.147453458471	0.0188172921208	0.520415735214
-gpi	0.106710931942	0.793692198245	0.00711406212948	0.0924828076832
-tru	0.0	0.68	0.168	0.152
-cpa	0.152088498059	0.715222882268	0.110587492399	0.0221011272744
-adu	0.331868131868	0.500366300366	0.0945054945055	0.0732600732601
-gas	0.158340127177	0.312891765175	0.0398597078939	0.488908399755
-gar	0.194401223661	0.0789314064189	0.0439357577995	0.682731612121
-gay	0.400850475958	0.344837583965	0.0933747982817	0.160937141795
-seo	0.0234575336079	0.968966120134	0.00233118346414	0.00524516279432
-arä	0.471502440758	0.222842687852	0.0443938335545	0.261261037836
-ywa	0.284960422164	0.294854881266	0.0	0.42018469657
-nos	0.145843461351	0.839572192513	0.0	0.0145843461352
-lpa	0.0478567959039	0.832859543091	0.0176775518979	0.101606109107
-ina	0.222042011439	0.485040511543	0.0343540759134	0.258563401104
-uis	0.26893148526	0.24946760851	0.0740419131618	0.407558993069
-uir	0.249336870027	0.666666666667	0.0839964633068	0.0
-sea	0.0207325501037	0.979267449896	0.0	0.0
-owä	0.04	0.92	0.0	0.04
-uim	0.479017864453	0.277947280025	0.0547028831776	0.188331972344
-uin	0.148157783487	0.159294154514	0.132066658586	0.560481403413
-ïvu	0.0	1.0	0.0	0.0
-inu	0.578231292517	0.331065759637	0.0907029478458	0.0
-uig	0.156850192061	0.225352112676	0.540973111396	0.0768245838668
-iag	0.117516629712	0.219142645972	0.559127864006	0.10421286031
-ñan	0.184463354378	0.815536645622	0.0	0.0
-dón	0.0140099626401	0.965753424657	0.00622665006227	0.0140099626401
-són	0.0	0.906883937479	0.0465580312604	0.0465580312604
-iam	0.00660792951543	0.971365638767	0.0	0.022026431718
-rsi	0.311968271025	0.264612708503	0.0751419131236	0.348277107348
-ñag	0.199607329843	0.669502617801	0.0621727748691	0.0687172774869
-ian	0.261075949367	0.576740506329	0.162183544304	0.0
-nes	0.175548589342	0.815047021944	0.00940438871474	0.0
-rso	0.0101437024514	0.989856297549	0.0	0.0
-äna	0.17966979605	0.646811265782	0.0990611848494	0.0744577533182
-neo	0.0967741935483	0.725806451613	0.177419354839	0.0
-ñay	0.359773167755	0.518627521355	0.111549781064	0.0100495298255
-ias	0.274686501693	0.664034711295	0.0166881228246	0.0445906641873
-iar	0.446687143484	0.268100043879	0.0157964019307	0.269416410707
-mta	0.134229516183	0.348917577566	0.0196388880431	0.497214018208
-iay	0.399024092711	0.35462031107	0.0526989935956	0.193656602623
-arï	0.339622641509	0.216981132076	0.0566037735849	0.38679245283
-hog	0.130637206759	0.101540062324	0.554549846312	0.213272884604
-unä	0.315034504382	0.283321826848	0.107881590729	0.293762078041
-gsi	0.310881681485	0.323430169467	0.109992645189	0.255695503859
-ptï	0.3937803837	0.334003469152	0.0743937978276	0.19782234932
-üda	0.00789889415481	0.701421800948	0.0	0.290679304897
-job	0.365323282111	0.363451856928	0.204802446032	0.0664224149292
-trä	0.229803025978	0.284898658293	0.0899229232087	0.395375392521
-asa	0.267657992565	0.323420074349	0.327137546468	0.0817843866171
-qui	0.399759870451	0.249749492614	0.0527012305374	0.297789406397
-ürä	0.182028985507	0.571014492754	0.0	0.246956521739
-ish	0.455178757589	0.353713129331	0.111265100877	0.0798430122033
-ltu	0.0263157894737	0.426315789474	0.515789473684	0.0315789473684
-ash	0.355917458012	0.337140078899	0.0909547225317	0.215987740558
-ümi	0.174530444051	0.266116158475	0.0357844483286	0.523568949145
-lta	0.139197488308	0.806676463526	0.0334975892501	0.0206284589167
-snï	0.00337837837838	0.91722972973	0.0337837837838	0.0456081081081
-ray	0.418892443117	0.270870447528	0.0901967048419	0.220040404513
-rau	0.525944467532	0.249519188951	0.0205661489693	0.203970194547
-rar	0.181213946412	0.54319347676	0.0478498313128	0.227742745515
-ras	0.323071558422	0.347970783372	0.116402505079	0.212555153127
-ran	0.244659025344	0.358935756152	0.0763221240819	0.320083094422
-eri	0.201836254647	0.52373725877	0.234590383691	0.039836102891
-öru	0.00481927710843	0.49156626506	0.503614457831	0.0
-ram	0.331106782369	0.156085015612	0.0579582818968	0.454849920122
-uía	0.0484773151025	0.926041019267	0.0	0.0254816656309
-rag	0.249873737666	0.24000719165	0.152992920541	0.357126150144
-uío	0.0	1.0	0.0	0.0
-rac	0.0207083643188	0.258875394509	0.0288209194128	0.69159532176
-gnï	0.450658100352	0.275058860731	0.0164724252337	0.257810613684
-aén	0.0	0.981623277182	0.0183767228178	0.0
-swa	0.40127388535	0.382165605095	0.114649681529	0.101910828026
-pos	0.0334946036472	0.933010792706	0.0055824339412	0.027912169706
-änä	0.346063777502	0.371924600306	0.162407123652	0.11960449854
-uga	0.123532732777	0.728647074151	0.0365343334326	0.111285859639
-bom	0.0338164251208	0.966183574879	0.0	0.0
-bsi	0.0518358531317	0.904967602592	0.00431965442764	0.0388768898488
-aza	0.398230088496	0.601769911504	0.0	0.0
-nra	0.0075322687359	0.570079621323	0.319949255133	0.102438854808
-lag	0.610327704659	0.257073101181	0.0660619641157	0.0665372300445
-lac	0.537560719973	0.420111664282	0.0169310462983	0.0253965694475
-lam	0.247261948837	0.286501490173	0.0876672878293	0.378569273161
-lan	0.238042694981	0.253977134495	0.142048459923	0.365931710602
-lao	0.330578512397	0.449035812672	0.110192837465	0.110192837466
-ïsi	0.400324456603	0.233203629149	0.0818709070698	0.284601007178
-ipä	0.494505494505	0.186813186813	0.192307692308	0.126373626374
-aam	0.0142721217888	0.971455756422	0.0	0.0142721217888
-fos	0.0833333333333	0.895833333333	0.0208333333333	0.0
-eón	0.351506456241	0.507890961262	0.0143472022956	0.126255380201
-lar	0.205837139114	0.507361186972	0.124026539847	0.162775134067
-las	0.232220202304	0.498287436257	0.0848910752529	0.184601286186
-noc	0.0	0.968944099379	0.0	0.0310559006211
-lay	0.185873367082	0.324263576813	0.0504534301194	0.439409625985
-aac	0.309756097561	0.653658536585	0.0	0.0365853658536
-ämi	0.567092468252	0.108493438149	0.0230507508925	0.301363342707
-dor	0.0	1.0	0.0	0.0
-gel	0.148093480935	0.754623728056	0.0123001230012	0.0849826680084
-äma	0.0	0.859818621333	0.0	0.140181378667
-zta	0.415879017013	0.536862003781	0.0283553875236	0.0189035916824
-awä	0.226130653266	0.590452261307	0.0	0.183417085427
-mya	0.0125260960334	0.799930410578	0.098469032707	0.089074460682
-fás	0.0	0.929245283019	0.0707547169811	0.0
-ges	0.0226586102719	0.977341389728	0.0	0.0
-anä	0.192293129942	0.546077073361	0.0337526518068	0.227877144891
-ypa	0.212715300334	0.227717971086	0.0565504198307	0.50301630875
-ytä	0.330115176152	0.542852303523	0.0355691056911	0.0914634146342
-sas	0.121119592875	0.601017811705	0.0	0.27786259542
-gla	0.225241394163	0.603072615672	0.0862198930327	0.0854660971321
-vos	0.0434348477284	0.941587618572	0.0	0.0149775336994
-niy	0.332556106091	0.155056834742	0.00349752258817	0.508889536578
-mpi	0.133037694013	0.607538802661	0.159645232816	0.09977827051
-say	0.274839174863	0.0837755320467	0.00692871869402	0.634456574397
-tom	0.0429815910585	0.877301117686	0.00308185404339	0.0766354372124
-mpa	0.0836141159781	0.547880829934	0.0275758113141	0.340929242774
-oli	0.0370828182942	0.962917181706	0.0	0.0
-sag	0.236027425722	0.192187824642	0.492831913567	0.078952836069
-tos	0.0918318028033	0.850894151764	0.0	0.0572740454326
-stä	0.0655226209048	0.636505460219	0.0561622464898	0.241809672387
-ola	0.193795459555	0.39982367203	0.0586841525237	0.347696715892
-mpu	0.318219001987	0.252103540961	0.0388570760781	0.390820380975
-sam	0.266457023061	0.203354297694	0.363312368973	0.166876310273
-sal	0.591439688716	0.408560311284	0.0	0.0
-lom	0.0357294768183	0.929391748192	0.0	0.0348787749894
-cla	0.265667648326	0.212482940669	0.124191926447	0.397657484557
-ros	0.630934150077	0.350689127106	0.0183767228178	0.0
-naí	0.0298083747338	0.936124911285	0.0	0.0340667139815
-ión	0.19053776527	0.565300068457	0.0273826728532	0.216779493421
-rom	0.0165048543689	0.972815533981	0.0	0.0106796116505
-lot	0.0	0.955	0.03	0.015
-lor	0.0	0.352941176471	0.647058823529	0.0
-los	0.016339869281	0.918300653595	0.0130718954248	0.0522875816993
-ucä	0.257801899593	0.742198100407	0.0	0.0
-cga	0.204851202609	0.331838565022	0.0189563799429	0.444353852426
-tog	0.0799238820171	0.920076117983	0.0	0.0
-ipa	0.167261148904	0.397298646702	0.0760484112358	0.359391793158
-ipe	0.0042735042735	0.991452991453	0.0	0.00427350427351
-noé	0.0	1.0	0.0	0.0
-ewa	0.33906356028	0.572721103823	0.0610721556209	0.027143180276
-rdi	0.0331125827814	0.576158940397	0.390728476821	0.0
-awi	0.0	0.935483870968	0.0	0.0645161290323
-ätu	0.345738295318	0.155662264906	0.498599439776	0.0
-ämä	0.0289495450786	0.822167080232	0.0330851943755	0.115798180314
-äta	0.355283267215	0.253463238013	0.0461352354019	0.345118259371
-ämü	0.607750487169	0.135594963263	0.036219328058	0.22043522151
-äpa	0.085816221103	0.367441560119	0.365278315898	0.18146390288
-uyä	0.465900925973	0.235217325305	0.0734099074027	0.22547184132
-glä	0.113924050633	0.73417721519	0.0	0.151898734177
-ido	0.0489130434783	0.739130434783	0.0163043478261	0.195652173913
-stu	0.23786407767	0.754854368932	0.0	0.00728155339806
-sto	0.0499787069763	0.812524780674	0.0023650327588	0.135131479591
-tim	0.141170156056	0.503194380998	0.0364935940068	0.319141868938
-sta	0.0800444513572	0.462731774753	0.017916027035	0.439307746855
-ssi	0.122959629688	0.658564897749	0.0240760114074	0.194399461156
-cun	0.484548104295	0.197089963175	0.061763604573	0.256598327957
-cum	0.0189513581807	0.37207833228	0.0779111391872	0.531059170352
-loé	0.228481386646	0.676974591294	0.0118180027575	0.0827260193027
-cug	0.28095021378	0.464881841628	0.0595108598018	0.19465708479
-ián	0.145454545455	0.790909090909	0.0636363636363	0.0
-cua	0.0104643557881	0.933507739263	0.00130804447351	0.0547198604753
-rpa	0.0422202657275	0.930966864095	0.0168080678726	0.0100048023051
-cuy	0.404554114222	0.281667951023	0.0500884230078	0.263689511747
-hya	0.146307742355	0.67119388419	0.182498373455	0.0
-uca	0.088237043312	0.192742746155	0.673784764278	0.0452354462549
-cus	0.159468438538	0.810631229236	0.0199335548173	0.00996677740864
-cur	0.429664405746	0.273234303956	0.0559690614744	0.241132228823
-mug	0.389222187586	0.270411338705	0.176561896565	0.163804577144
-lem	0.0	1.0	0.0	0.0
-iom	0.0	1.0	0.0	0.0
-ïwa	0.00258843830888	0.987057808456	0.0	0.0103537532355
-lea	0.00501819094217	0.981809057835	0.00790365073391	0.00526910048928
-mun	0.500281009513	0.251863028721	0.0394641474827	0.208391814283
-hru	0.13657345456	0.467376186885	0.0349907278287	0.361059630726
-yta	0.257271697506	0.346088467272	0.0324977736958	0.364142061526
-hri	0.46826983207	0.319216243701	0.0725848944301	0.139929029798
-ëmi	0.204560752573	0.767858022361	0.0183874833774	0.0091937416887
-mur	0.465062443943	0.207475458762	0.0517869473132	0.275675149982
-hra	0.14600019574	0.582917386465	0.115543325618	0.155539092177
-itä	0.0472440944882	0.299212598425	0.0472440944882	0.606299212599
-biy	0.471111111111	0.197530864197	0.0	0.331358024691
-muy	0.619236540205	0.231871259721	0.0519566674655	0.0969355326088
-rra	0.0714611525011	0.816025543561	0.0349703512239	0.0775429527139
-rri	0.0	0.973341796255	0.0	0.0266582037449
-rro	0.0	0.957446808511	0.0425531914893	0.0
-gio	0.0363967242948	0.963603275705	0.0	0.0
-udá	0.43358946213	0.533479692645	0.032930845225	0.0
-ëta	0.040128663816	0.845706843002	0.00186644947982	0.112298043702
-ndo	0.159680638723	0.780439121756	0.059880239521	0.0
-ali	0.120626259635	0.0555579779014	0.265180589843	0.558635172621
-nda	0.190272083489	0.459373835259	0.0698844576966	0.280469623556
-gia	0.12	0.7	0.18	0.0
-ala	0.243201027919	0.417473866143	0.144405194175	0.194919911763
-ïcu	0.100746268657	0.899253731343	0.0	0.0
-ësi	0.0503047305795	0.863596788237	0.00290219599496	0.083196285189
-yor	0.177752293578	0.0745412844037	0.747706422018	0.0
-gpa	0.20717807887	0.552448665935	0.120538987538	0.119834267657
-yom	0.0	1.0	0.0	0.0
-clä	0.204300468424	0.404198882555	0.0843727072635	0.307127941757
-yog	0.104213189088	0.667845159574	0.0600301000815	0.167911551257
-abé	0.278230500582	0.651920838184	0.0	0.069848661234
-öma	0.356923076923	0.553846153846	0.0	0.0892307692308
-chi	0.244728828302	0.316135417353	0.0461925379843	0.39294321636
-zón	0.424599831508	0.370401572592	0.0645885987082	0.140409997192
-cha	0.193703041073	0.372111210339	0.107085103851	0.327100644737
-ucü	0.354700854701	0.555555555556	0.0683760683761	0.0213675213675
-tir	0.130514761985	0.806558477772	0.0384552423707	0.0244715178722
-mga	0.0510833091833	0.10924525173	0.0119038465984	0.827767592488
-oré	0.393197066625	0.568575440786	0.0	0.0382274925885
-ogo	0.323878132973	0.605583070689	0.058532192706	0.012006603632
-pes	0.272727272727	0.622377622377	0.020979020979	0.0839160839161
-oga	0.0609730888893	0.484471960232	0.0125383506643	0.442016600215
-chr	0.356712715121	0.220251140669	0.106567923111	0.316468221098
-lsi	0.160372905358	0.809535048383	0.00472032098182	0.0253717252773
-chu	0.423341757939	0.271564868192	0.0937585083201	0.211334865549
-sya	0.0	0.966838931955	0.0331610680447	0.0
-itu	0.0319212712452	0.896100154935	0.0402519444725	0.0317266293473
-omé	0.00398406374502	0.948207171315	0.0398406374502	0.00796812749004
-loc	0.0	1.0	0.0	0.0
-ito	0.422552664188	0.524163568773	0.0495662949195	0.00371747211897
-esi	0.408212560386	0.458937198068	0.132850241546	0.0
-tes	0.0	0.928613920286	0.0713860797145	0.0
-eso	0.0	1.0	0.0	0.0
-hgo	0.344854508874	0.556049367887	0.0396384492958	0.0594576739437
-iti	0.266711229947	0.308823529412	0.180481283422	0.243983957219
-hga	0.0344091941367	0.1092698369	0.0200261509875	0.836294817975
-hrä	0.231980955275	0.482601428354	0.140049637846	0.145367978524
-ita	0.201725128229	0.363149203399	0.0699382930635	0.365187375309
-spa	0.0317846321229	0.289291652713	0.00628408560244	0.672639629561
-bru	0.0	1.0	0.0	0.0
-spi	0.0511628710647	0.861647717455	0.0650551197429	0.0221342917372
-xga	0.0843337925605	0.859574886833	0.00590434953749	0.0501869710687
-spo	0.0	1.0	0.0	0.0
-fas	0.118384401114	0.867688022284	0.0139275766017	0.0
-bra	0.0	0.955922865014	0.0	0.0440771349862
-alí	0.0	1.0	0.0	0.0
-rio	0.0478142076502	0.915300546448	0.0232240437159	0.0136612021858
-alä	0.132512290132	0.262336911222	0.203021076088	0.402129722558
-gag	0.304293637029	0.357345871553	0.226189141602	0.112171349815
-hun	0.416755998317	0.214442523939	0.05874886438	0.310052613364
-rim	0.0	1.0	0.0	0.0
-món	0.00478494337817	0.970492849168	0.00159498112605	0.0231272263278
-özu	0.27599479562	0.270248292313	0.322834218801	0.130922693267
-hug	0.010838150289	0.966040462428	0.0231213872832	0.0
-ösi	0.185185185185	0.277777777778	0.537037037037	0.0
-huc	0.12805416544	0.735060347365	0.0838975566677	0.0529879305269
-ela	0.25641025641	0.57264957265	0.119658119658	0.0512820512821
-huy	0.412341910161	0.312254688182	0.0431748800698	0.232228521587
-abo	0.0	1.0	0.0	0.0
-ron	0.0	0.913669064748	0.0	0.0863309352518
-hur	0.384292058427	0.284056376998	0.0581663410206	0.273485223554
-öcu	0.188395354751	0.353225396287	0.0430194117148	0.415359837247
-tea	0.0	1.0	0.0	0.0
-mgä	0.048	0.68	0.0	0.272
-chä	0.37	0.23	0.02	0.38
-ael	0.0535245134341	0.606028727713	0.0834744128527	0.256972346
-tun	0.0485923536372	0.31040659731	0.259441241184	0.381559807869
-eyä	0.393258426966	0.410112359551	0.0	0.196629213483
-gra	0.0100755667506	0.899244332494	0.0	0.0906801007556
-chü	0.0731452455591	0.582027168234	0.156739811912	0.188087774295
-oro	0.162629757786	0.302191464821	0.410611303345	0.124567474048
-jón	0.00806451612903	0.975806451613	0.0161290322581	0.0
-elí	0.0	0.941176470588	0.0392156862745	0.0196078431373
-tuy	0.414225941423	0.327754532775	0.174337517434	0.0836820083682
-ora	0.799232035107	0.13933077345	0.003291278113	0.0581459133297
-van	0.222222222222	0.454545454545	0.020202020202	0.30303030303
-ïpa	0.123683583178	0.586248965798	0.075227460764	0.21483999026
-vam	0.694444444445	0.15404040404	0.0	0.151515151515
-ruy	0.463948888986	0.439761339876	0.0303652390312	0.0659245321071
-lix	0.0	0.9625	0.0	0.0375
-liy	0.970873786408	0.0291262135922	0.0	0.0
-rur	0.533660060202	0.183584270426	0.0453549795925	0.23740068978
-liu	0.0	0.801136363636	0.198863636364	0.0
-icu	0.0	0.986781229346	0.0	0.0132187706543
-dga	0.0986842105263	0.864661654135	0.0	0.0366541353383
-ico	0.0840630472855	0.684763572679	0.210157618214	0.0210157618214
-lim	0.233458004003	0.0913845749266	0.161438777448	0.513718643622
-lin	0.308244925236	0.136914209339	0.118369392699	0.436471472726
-lio	0.0606673407483	0.921132457027	0.00606673407482	0.0121334681496
-run	0.655908870523	0.113645682427	0.0318598543635	0.198585592686
-sué	0.10101010101	0.89898989899	0.0	0.0
-awï	0.741656365884	0.165636588381	0.0185414091471	0.0741656365884
-oma	0.211427337042	0.469487497975	0.220527083221	0.0985580817627
-lig	0.068508451858	0.510387966341	0.156750316479	0.264353265321
-rug	0.652674180874	0.314769696699	0.0171252465554	0.0154308758715
-ica	0.199474096969	0.527840568344	0.0841444849379	0.188540849749
-eas	0.0	0.954665659237	0.0	0.0453343407631
-cma	0.260869565217	0.630434782609	0.108695652174	0.0
-üga	0.243300882975	0.379440654453	0.067617821488	0.309640641084
-cmi	0.0965186511671	0.30828299997	0.00849849758703	0.586699851276
-slä	0.18304033092	0.812823164426	0.00413650465356	0.0
-yum	0.283596140268	0.565780183573	0.101200282419	0.0494233937397
-ode	0.0	0.918367346939	0.0816326530613	0.0
-rna	0.0	0.850746268657	0.0	0.149253731343
-ëpa	0.0358057755007	0.951967862133	0.010479739171	0.00174662319516
-teo	0.0228588844864	0.950320024383	0.0	0.0268210911307
-eam	0.0	1.0	0.0	0.0
-bga	0.0	1.0	0.0	0.0
-uri	0.0155118924509	0.953464322647	0.0310237849018	0.0
-vas	0.0536488265754	0.907032843437	0.00620815736651	0.0331101726213
-äzu	0.85635359116	0.0773480662984	0.0	0.0662983425414
-ura	0.212817683391	0.0648334392211	0.0175970790349	0.704751798353
-rga	0.44004709837	0.174532056984	0.0485169309869	0.336903913659
-sda	0.0	1.0	0.0	0.0
-hnu	0.0950792326938	0.904920767306	0.0	0.0
-gta	0.35800455555	0.28620006976	0.109650339785	0.246145034905
-äza	0.374358974359	0.533333333333	0.0205128205128	0.0717948717948
-uru	0.169935184874	0.659114081338	0.0411861503846	0.129764583403
-ara	0.583229201452	0.0964483846991	0.0250599543795	0.295262459469
-irü	0.438726347805	0.321239200065	0.206120636288	0.0339138158426
-apa	0.118482407237	0.488560367543	0.0925178652337	0.300439359986
-was	0.371459104672	0.594984102683	0.0	0.0335567926451
-pam	0.267716819724	0.30060549848	0.0689461210584	0.362731560738
-ngö	0.354855461312	0.0380820495067	0.0773758005885	0.529686688593
-ygo	0.0946456343035	0.220987928609	0.00355476560764	0.68081167148
-chï	0.284612244448	0.558299590675	0.0778490020632	0.0792391628143
-way	0.469261248384	0.325122179365	0.0339453687452	0.171671203506
-pag	0.317021274249	0.302465987709	0.0788168666686	0.301695871373
-wag	0.13618166933	0.252674320455	0.0683389764066	0.542805033808
-pay	0.112748748336	0.0553979973382	0.0332027536599	0.798650500665
-ngä	0.312626935755	0.423872771382	0.100934520952	0.162565771911
-aín	0.0393700787401	0.803149606299	0.0	0.157480314961
-wan	0.167548233449	0.457427172534	0.0393760981157	0.335648495901
-par	0.304873573546	0.474811455667	0.083882489786	0.136432481001
-pas	0.2396594747	0.458108087885	0.0960630849398	0.206169352475
-dum	0.0773195876289	0.739046391753	0.0934278350516	0.090206185567
-dun	0.0	0.952718676123	0.047281323877	0.0
-äsu	0.11554426918	0.608243395029	0.18733212873	0.0888802070616
-nun	0.484756097561	0.503048780488	0.0121951219512	0.0
-uiy	0.441304347826	0.454347826087	0.0130434782609	0.0913043478261
-icü	0.479287090559	0.265414258189	0.126445086705	0.128853564547
-pya	0.224598930481	0.775401069519	0.0	0.0
-nug	0.113137327875	0.253814663193	0.331596576107	0.301451432825
-icó	0.00664451827244	0.993355481728	0.0	0.0
-sur	0.217391304348	0.521739130435	0.217391304348	0.0434782608696
-nca	0.143876175715	0.191813922467	0.0112139541258	0.653095947692
-sum	0.0	1.0	0.0	0.0
-nuy	0.218698915153	0.181550274158	0.0494343436075	0.550316467081
-ädu	0.275274294671	0.443573667712	0.130045062696	0.151106974922
-icä	0.411214953271	0.0747663551402	0.158878504673	0.355140186916
-nur	0.604562737643	0.256653992395	0.115969581749	0.0228136882129
-aga	0.148735088971	0.202601161591	0.0346138436508	0.614049905787
-dig	0.0246710526316	0.8828125	0.0	0.0925164473684
-zín	0.0	0.972093023256	0.0	0.0279069767442
-dia	0.0611620795107	0.938837920489	0.0	0.0
-üpa	0.137449142048	0.817972757828	0.0445781001238	0.0
-dim	0.0150943396226	0.932075471698	0.0	0.0528301886792
-dio	0.00789473684211	0.992105263158	0.0	0.0
-izä	0.433305012744	0.350042480884	0.0127442650807	0.203908241292
-tus	0.233607054731	0.277496865014	0.118927227863	0.369968852393
-sla	0.16472694718	0.174276335422	0.340196956133	0.320799761265
-dir	0.467153284672	0.46897810219	0.0	0.0638686131387
-dis	0.0807453416149	0.753623188406	0.124223602485	0.0414078674948
-rnï	0.682299182299	0.249398749399	0.0394420394421	0.02886002886
-ïta	0.203453130789	0.657170804002	0.0108484623935	0.128527602816
-sús	0.121601440375	0.433717619473	0.00135209635998	0.443328843792
-urï	0.0	0.963391036034	0.0366089639663	0.0
-urä	0.495088220526	0.183377252222	0.0407503707481	0.280784156504
-urü	0.608460749979	0.0423357820108	0.00939608781071	0.3398073802
-ncu	0.0	0.93971472145	0.00717681887503	0.0531084596753
-tpa	0.00659030284011	0.99340969716	0.0	0.0
-anu	0.354430379747	0.0675105485233	0.527426160338	0.0506329113923
-tiu	0.0	1.0	0.0	0.0
-apä	0.142792178263	0.401546157344	0.145520691223	0.31014097317
-tis	0.0857180634392	0.0213227002749	0.0131296562213	0.879829580065
-äla	0.249169435216	0.0598006644518	0.661129568106	0.0299003322259
-tiy	0.305206463196	0.492818671454	0.0	0.20197486535
-nga	0.310407109	0.207528251	0.0499267713075	0.432137868692
-tig	0.598446369884	0.274076287222	0.0	0.127477342894
-tia	0.580658964484	0.419341035516	0.0	0.0
-öga	0.191530317613	0.105871029836	0.226179018287	0.476419634264
-tin	0.342240166803	0.231886856868	0.0478852317197	0.377987744609
-tio	0.443181818182	0.556818181818	0.0	0.0
-lón	0.0	0.796829971182	0.151296829971	0.0518731988472
-ngo	0.288901282766	0.378927309909	0.0546569994423	0.277514407882
-äyu	0.112039222807	0.776284728527	0.002723806065	0.1089522426
-pug	0.613201875676	0.296621377901	0.0	0.090176746423
-uwa	0.0400734680247	0.957922858574	0.0	0.00200367340124
-emo	0.0	1.0	0.0	0.0
-acü	0.559298487927	0.294496952566	0.0520512964643	0.094153263043
-osé	0.0411585365854	0.753048780488	0.196646341463	0.00914634146341
-hmi	0.442244224422	0.485148514851	0.0726072607261	0.0
-jay	0.582677165354	0.244094488189	0.015748031496	0.157480314961
-mmi	0.18856290688	0.659009435315	0.0345579167742	0.117869741031
-äya	0.515084811602	0.484915188398	0.0	0.0
-ulü	0.0891089108911	0.148514851485	0.0594059405941	0.70297029703
-das	0.0389115950954	0.884664912379	0.018476009182	0.0579474833436
-vus	0.224425887265	0.775574112735	0.0	0.0
-zag	0.0286813571179	0.927480471027	0.00839454354669	0.0354436283083
-cio	0.0484949596346	0.951505040365	0.0	0.0
-ana	0.187260861778	0.148933039828	0.0100158463513	0.653790252043
-cia	0.0268500997289	0.902572495269	0.0327315501458	0.037845854856
-dpa	0.00665335994677	0.979547078682	0.00344989034277	0.0103496710283
-ëla	0.0	1.0	0.0	0.0
-yga	0.151670368141	0.14200029785	0.0348672887885	0.67146204522
-cis	0.0	1.0	0.0	0.0
-tum	0.0665982103565	0.879419099311	0.0121754437436	0.0418072465894
-shä	0.0903954802259	0.132169149118	0.325971580209	0.451463790447
-gmi	0.319059827196	0.33962421218	0.11528681797	0.226029142654
-ciu	0.0	0.929032258065	0.0709677419355	0.0
-fán	0.036129032258	0.963870967742	0.0	0.0
-blo	0.15679793044	0.69014084507	0.00603621730382	0.147025007186
-rca	0.0808359760173	0.67967654553	0.0275283072918	0.21195917116
-ilä	0.434747071111	0.171374080465	0.00999000999001	0.383888838434
-eta	0.214643721298	0.661473507481	0.0227149276579	0.101167843563
-lis	0.00545553737043	0.950900163666	0.0	0.0436442989634
-xmi	0.0	0.911202185792	0.0614754098361	0.0273224043716
-uyi	0.0	0.767422334173	0.205709487825	0.0268681780017
-ylä	0.300884955752	0.510324483776	0.0530973451327	0.135693215339
-ank	0.362745098039	0.441176470588	0.00980392156864	0.186274509804
-lmä	0.0741573033708	0.701123595506	0.143820224719	0.0808988764045
-amü	0.363636363636	0.450124343742	0.0812379110251	0.105001381597
-ías	0.0197655711331	0.951275568835	0.0137899333487	0.0151689266835
-öna	0.361445783132	0.551807228916	0.0	0.0867469879518
-hca	0.0485246612519	0.204603977763	0.633715363889	0.113155997096
-ebú	0.365079365079	0.603174603175	0.031746031746	0.0
-ría	0.0627349026478	0.579873965015	0.0160228332438	0.341368299093
-ata	0.169263854473	0.405426553457	0.0644108333808	0.360898758689
-amá	0.0424103198445	0.893974200389	0.0	0.0636154797668
-ato	0.0510314875136	0.891422366992	0.00325732899023	0.0542888165038
-uyu	0.227493074792	0.347299168975	0.0990304709141	0.326177285318
-amä	0.175383740762	0.740761796475	0.0369528140989	0.046901648664
-tug	0.56277056277	0.43722943723	0.0	0.0
-nir	0.216955729131	0.0262582328068	0.00112328738394	0.755662750678
-acu	0.0947634657304	0.792585320399	0.0173053563406	0.0953458575303
-osa	0.0	0.990064345193	0.00993565480696	0.0
-ulo	0.00956284153005	0.965846994536	0.00409836065573	0.0204918032787
-rum	0.123225069365	0.658070834013	0.199118655133	0.0195854414885
-ëga	0.0812482917982	0.818371555644	0.0119263547594	0.0884537977986
-tan	0.0841097019291	0.0616130683472	0.0290810379694	0.825196191754
-hta	0.0788990003139	0.691184381584	0.183070336666	0.0468462814363
-osu	0.110646668306	0.889353331694	0.0	0.0
-ace	0.0	0.779632721202	0.220367278798	0.0
-nia	0.0291714389707	0.947278701444	0.0235498595858	0.0
-nig	0.524232334443	0.230854605993	0.0266370699223	0.218275989641
-aca	0.721804511278	0.242105263158	0.0360902255639	0.0
-iyä	0.308076262172	0.23934211603	0.0125603469438	0.440021274855
-nin	0.368632780267	0.326488560464	0.0922433925565	0.212635266713
-ice	0.12467913458	0.79831316465	0.07700770077	0.0
-ulu	0.121951219512	0.50406504065	0.0691056910569	0.30487804878
-dmi	0.0256673511294	0.974332648871	0.0	0.0
-üta	0.199390879218	0.689412519035	0.0259196922337	0.0852769095135
-cru	0.121658986175	0.413824884793	0.0	0.464516129032
-shu	0.0695009446061	0.385881931133	0.468166085194	0.0764510390667
-lia	0.0380522348954	0.888311548388	0.00575925717336	0.0678769595431
-shi	0.401981473728	0.2457317821	0.0787091662895	0.273577577882
-nón	0.0	1.0	0.0	0.0
-fil	0.062481404344	0.595953585242	0.341565010414	0.0
-ygä	0.200170357751	0.748722316865	0.0511073253833	0.0
-sha	0.342038774317	0.324765101542	0.0884849447932	0.244711179347
-fia	0.0	1.0	0.0	0.0
-yra	0.901199717713	0.0564573041637	0.0	0.0423429781228
-ütu	0.092680608365	0.788498098859	0.118821292776	0.0
-cra	0.24704355083	0.510910889253	0.0171359688437	0.224909591073
-mra	0.217339502726	0.461256948569	0.0527788941328	0.268624654572
-vin	0.0694444444445	0.657407407407	0.259259259259	0.0138888888889
-yun	0.599703499541	0.07742420446	0.0427280826303	0.280144213369
-lda	0.0109090909091	0.661818181818	0.327272727273	0.0
-via	0.131348511383	0.831873905429	0.0	0.0367775831874
-vig	0.083144025443	0.678782371649	0.0449795547479	0.19309404816
-yug	0.145396937159	0.771636448982	0.0360265211524	0.0469400927067
-ënu	0.520833333333	0.347222222222	0.131944444444	0.0
-yuy	0.460039450154	0.433046027738	0.0486219309085	0.0582925911997
-rcä	0.580969399151	0.259995532723	0.0379718561537	0.121063211972
