-shu	0.0754780761058	0.150735395568	0.21199536411	0.561791164216
-ive	0.0985915492958	0.879499217527	0.0	0.0219092331769
-rbe	0.0108108108108	0.989189189189	0.0	0.0
-aro	0.0745170193192	0.628334866605	0.0450781968721	0.252069917203
-rbo	0.166340508806	0.0880626223092	0.745596868885	0.0
-ivo	0.539046928791	0.457148034064	0.00380503714441	0.0
-aus	0.15652173913	0.530434782609	0.208695652174	0.104347826087
-plu	0.131578947368	0.842105263158	0.0263157894737	0.0
-ufo	0.138888888889	0.861111111111	0.0	0.0
-aum	0.0187919463087	0.973154362416	0.0	0.00805369127517
-nsa	0.14354631768	0.849268668206	0.0071850141134	0.0
-nti	0.0707504454766	0.632109368153	0.182630794847	0.114509391523
-nto	0.0471514680148	0.806922029944	0.054054054054	0.0918724479875
-nta	0.175299258548	0.30434579501	0.0450196508035	0.475335295638
-nte	0.0452830188679	0.954716981132	0.0	0.0
-puy	0.543046357616	0.158940397351	0.0331125827815	0.264900662252
-utí	0.710204081633	0.220408163265	0.0326530612244	0.0367346938775
-pak	0.204214923945	0.529356101832	0.115536607838	0.150892366386
-pun	0.19064650068	0.539386921714	0.191481448858	0.0784851287471
-ntu	0.26118282798	0.228459921945	0.492344641249	0.0180126088262
-lta	0.0915383503217	0.805230246512	0.0280488686474	0.0751825345189
-puk	0.477625977828	0.309408825297	0.0231857270791	0.189779469795
-pre	0.00343170899108	0.996568291009	0.0	0.0
-ará	0.259968454576	0.102321703051	0.0323491294869	0.605360712886
-nmi	0.177465606956	0.402926500895	0.0540598918626	0.365548000286
-sis	0.0	1.0	0.0	0.0
-opo	0.177364864865	0.788851351351	0.0	0.0337837837838
-opi	0.112813106681	0.768454945783	0.0387092191865	0.0800227283489
-ope	0.00566037735848	0.971698113208	0.0	0.0226415094339
-opa	0.0904687427051	0.840141930062	0.0340235305103	0.0353657967225
-smi	0.32130430859	0.225877610773	0.0264712075483	0.426346873089
-uki	0.167304015296	0.612810707457	0.0350541746336	0.184831102613
-dea	0.0266654932676	0.95661357036	0.00246413799173	0.0142567983807
-msa	0.0595984484399	0.0552865263106	0.06624421621	0.818870809039
-dek	0.190251572327	0.76572327044	0.00628930817609	0.0377358490566
-den	0.169951062588	0.0321168190157	0.0217879238658	0.77614419453
-deo	0.00462249614792	0.902927580894	0.0	0.0924499229585
-ima	0.11527150718	0.123395079851	0.0552799623806	0.706053450588
-des	0.0512170584162	0.661296714879	0.0246939388792	0.262792287826
-imi	0.329774590264	0.25442266549	0.0573118966046	0.358490847641
-oka	0.0768433365319	0.805380644529	0.0456675375251	0.0721084814143
-imo	0.16607523066	0.456352022711	0.0255500354861	0.352022711143
-wpa	0.194475886928	0.101757947817	0.0589490328739	0.644817132381
-rpi	0.105376344086	0.816757963076	0.0236964901603	0.0541692026781
-ido	0.151630022745	0.537528430629	0.0227445034117	0.288097043215
-lla	0.179714355252	0.25928613712	0.0822878087144	0.478711698914
-obo	0.116947472745	0.764122893954	0.0237859266601	0.0951437066402
-rpa	0.0313435378289	0.921743362616	0.045891027669	0.00102207188573
-lli	0.267501152726	0.0633584840572	0.162319085467	0.50682127775
-llo	0.00319914689416	0.984004265529	0.0	0.0127965875766
-ida	0.0178491744757	0.982150825524	0.0	0.0
-kpi	0.288576740343	0.617021276596	0.0702334228465	0.0241685602148
-llu	0.0959220778693	0.662396935486	0.221738356211	0.0199426304339
-bia	0.0169491525424	0.983050847458	0.0	0.0
-kpa	0.0975314107882	0.694051973768	0.093576853806	0.114839761638
-idu	0.290052030241	0.268800717234	0.102129179259	0.339018073267
-rpu	0.1	0.383333333333	0.0666666666666	0.45
-bik	0.288503253796	0.711496746204	0.0	0.0
-eja	0.0574350378382	0.847661573459	0.0601465632296	0.0347568254729
-ter	0.0	1.0	0.0	0.0
-tes	0.0	1.0	0.0	0.0
-ntí	0.424625444767	0.211961261969	0.0979800699374	0.265433223327
-hla	0.0584453535944	0.766803039158	0.0409117475161	0.133839859731
-ria	0.00978260869565	0.988043478261	0.0	0.00217391304348
-rin	0.481129762258	0.164218065162	0.0930613308268	0.261590841754
-rio	0.039119804401	0.887530562347	0.0440097799511	0.0293398533007
-uti	0.198954247273	0.349731560876	0.0408802797033	0.410433912148
-rik	0.414359505552	0.203358058977	0.0768896683242	0.305392767147
-eru	0.0238236702297	0.177477690546	0.414289587383	0.384409051841
-ñor	0.0198133185491	0.923609659447	0.0	0.0565770220037
-eju	0.390708915145	0.0563909774436	0.446831364125	0.106068743287
-utu	0.0891089108911	0.752475247525	0.128712871287	0.029702970297
-tel	0.6	0.3125	0.0875	0.0
-aku	0.179161398926	0.535102362975	0.0141914687044	0.271544769395
-ten	0.123069498069	0.847972972973	0.0	0.0289575289575
-riy	0.381840859321	0.313138901753	0.18620020209	0.118820036836
-ara	0.249765163674	0.146065949864	0.0496668407077	0.554502045754
-mer	0.0740740740741	0.837037037037	0.088888888889	0.0
-lus	0.0290505258513	0.781201735677	0.134588512172	0.0551592262999
-ari	0.263109756294	0.637955355974	0.0560233701615	0.0429115175705
-aru	0.087711517104	0.481820794584	0.049390951379	0.381076736933
-luk	0.0335195530726	0.944134078212	0.0	0.0223463687151
-mea	0.0	1.0	0.0	0.0
-lun	0.131832490699	0.491748545264	0.00267099112849	0.373747972909
-meo	0.0	1.0	0.0	0.0
-yda	0.252631578947	0.684210526316	0.0	0.0631578947369
-aya	0.129514393893	0.143664006408	0.0257696779827	0.701051921716
-ayo	0.100342075256	0.885974914481	0.0	0.0136830102623
-fos	0.0	1.0	0.0	0.0
-mar	0.0	1.0	0.0	0.0
-bpa	0.0	1.0	0.0	0.0
-ota	0.11528789845	0.816475613903	0.0118782918643	0.0563581957825
-ote	0.0239818423194	0.859427861762	0.0287996231425	0.0877906727764
-oto	0.0302724520686	0.950807265389	0.00378405650858	0.0151362260343
-uma	0.16434671206	0.654910941897	0.0878337534764	0.0929085925661
-umi	0.346571438672	0.380607882424	0.0764887736868	0.196331905217
-nak	0.133227281766	0.485981308411	0.310399681845	0.0703917279777
ALL	0.220206521423	0.264755750613	0.0497214640071	0.465316263957
-nai	0.049896049896	0.912681912682	0.0	0.037422037422
-nan	0.231775779422	0.325378817018	0.124311345034	0.318534058526
-aki	0.389755011136	0.547884187082	0.0133630289532	0.0489977728285
-kik	0.347763145606	0.246894554964	0.0660782665546	0.339264032876
-kin	0.145640136967	0.377178296268	0.0901124826787	0.387069084086
-aka	0.121027122038	0.222004843365	0.0213376904853	0.635630344111
-sik	0.488088525515	0.237313222441	0.0497603608683	0.224837891176
-nay	0.232259535025	0.330496884972	0.298966722382	0.13827685762
-sio	0.100882723833	0.883704637803	0.0154126383635	0.0
-sin	0.139563037927	0.565228648444	0.141259576279	0.15394873735
-nas	0.104562116566	0.881874773291	0.0	0.0135631101428
-sia	0.0341111606148	0.930455001114	0.0146190688349	0.0208147694364
-dya	0.0155440414508	0.588082901555	0.0466321243523	0.349740932642
-gok	0.0304568527919	0.939086294416	0.0304568527919	0.0
-mos	0.0	0.9765625	0.0234375	0.0
-igo	0.0392510715092	0.906609519513	0.044665012407	0.00947439657118
-lku	0.170126054402	0.453985404227	0.0149748838972	0.360913657473
-yni	0.213023556877	0.341692779305	0.0581210717026	0.387162592115
-lki	0.11312818152	0.606706651745	0.170586003047	0.109579163689
-lko	0.173333333333	0.826666666667	0.0	0.0
-yna	0.266899406355	0.374918985117	0.216031205144	0.142150403384
-mon	0.0184824416804	0.948382370082	0.0124881362705	0.0206470519673
-lka	0.0508497270574	0.744886188073	0.0149036976002	0.18936038727
-yas	0.0374459604969	0.911045754785	0.0130980505601	0.0384102341578
-yay	0.249946353017	0.327611164137	0.0389824906366	0.383459992209
-eon	0.0928341726837	0.87986165888	0.0109216673746	0.0163825010618
-bel	0.130353817505	0.558997799221	0.0152361604876	0.295412222787
-yan	0.457341406844	0.0530623641106	0.0185675157926	0.471028713253
-yak	0.300150009084	0.33086983383	0.14705478298	0.221925374106
-upu	0.0	0.826270796948	0.173729203052	0.0
-reo	0.0167597765363	0.939944134078	0.0265363128492	0.0167597765363
-ish	0.251811111562	0.257588842025	0.067400709874	0.423199336539
-ise	0.104370515329	0.822787562514	0.0467492933246	0.0260926288323
-rea	0.0274395784118	0.948210067236	0.0112665818644	0.0130837724877
-eve	0.0373134328358	0.402985074627	0.246268656716	0.313432835821
-upa	0.0895614298384	0.732469470809	0.0421084854845	0.135860613868
-res	0.00313706563707	0.938787001287	0.0263030888031	0.0317728442728
-isu	0.459349593496	0.540650406504	0.0	0.0
-uan	0.157386496379	0.638774238766	0.00443890662721	0.199400358228
-evi	0.00537634408602	0.994623655914	0.0	0.0
-ret	0.0143655227454	0.96839584996	0.0114924181963	0.00574620909817
-upi	0.141320748479	0.546419703772	0.0700147954759	0.242244752273
-may	0.226573002038	0.430387522946	0.0308059783473	0.312233496668
-avi	0.0	1.0	0.0	0.0
-hab	0.058568329718	0.915401301518	0.0260303687635	0.0
-mas	0.0242708944999	0.974424218699	0.00130488680107	0.0
-hak	0.107739538551	0.248670904168	0.169870608132	0.473718949149
-ham	0.0358227312911	0.945727793366	0.00230618441788	0.0161432909252
-han	0.321617536915	0.173263804345	0.043006242337	0.462112416403
-mak	0.287226088457	0.319146488756	0.220394547651	0.173232875137
-mal	0.149016073306	0.445395823945	0.337990085624	0.0675980171248
-man	0.191397720281	0.178232634383	0.0391312091214	0.591238436214
-hay	0.0567547041077	0.00435457065954	0.000212480093071	0.93867824514
-avu	0.0	1.0	0.0	0.0
-nku	0.174592842137	0.512921008567	0.0281625195571	0.284323629739
-uni	0.343719592034	0.222368393396	0.136850838224	0.297061176346
-una	0.207029096977	0.299976423809	0.0418630249386	0.451131454275
-hik	0.448705825568	0.389584980807	0.0628880891632	0.0988211044614
-nka	0.230609059784	0.253459748444	0.0354109104404	0.480520281332
-pto	0.002331002331	0.883838383838	0.0905205905206	0.02331002331
-nko	0.312470938343	0.580768157723	0.041662791779	0.0650981121547
-nki	0.451512149657	0.200732192376	0.0612414675488	0.286514190418
-dka	0.106626870837	0.713513279695	0.0103815208928	0.169478328575
-tra	0.0099173553719	0.990082644628	0.0	0.0
-ada	0.0415825595479	0.43379087606	0.295316915624	0.229309648769
-ado	0.0486420753952	0.866234292663	0.0121605188488	0.0729631130929
-tro	0.0	0.632023868722	0.0596718050721	0.308304326206
-gak	0.53187250996	0.167330677291	0.0298804780876	0.270916334661
-tru	0.0202190395956	0.914032453024	0.0101095197978	0.0556389875829
-adu	0.33383090768	0.274602306713	0.114173131931	0.277393653676
-sni	0.0063424947146	0.993657505285	0.0	0.0
-gay	0.432339449541	0.384174311926	0.0286697247706	0.154816513762
-seo	0.0179340028694	0.93131276901	0.00511119081779	0.0456420373027
-ini	0.296812488785	0.291957275451	0.0679626288589	0.343267606905
-sel	0.19012345679	0.706172839506	0.0148148148148	0.0888888888889
-lay	0.423977446108	0.195686460875	0.0244619688919	0.355874124125
-lpa	0.0674085515018	0.588964974722	0.0468354454667	0.29679102831
-ino	0.158823529412	0.4	0.0352941176471	0.405882352941
-ina	0.15435889264	0.223298706737	0.0528417854692	0.569500615154
-lba	0.102272727273	0.897727272727	0.0	0.0
-sea	0.00747663551401	0.973831775701	0.0	0.018691588785
-kna	0.29880952381	0.339231601732	0.223430735931	0.138528138528
-ses	0.200216060497	0.616492617933	0.0217260833033	0.161565238267
-inu	0.0235232618923	0.976476738108	0.0	0.0
-rsa	0.244565217391	0.420289855072	0.335144927536	0.0
-eda	0.164995703237	0.276425093097	0.378115153251	0.180464050415
-ñak	0.525054693197	0.20512553391	0.0238661224181	0.245953650475
-tku	0.352941176471	0.541176470588	0.105882352941	0.0
-ian	0.119331742243	0.607100238664	0.0581742243437	0.215393794749
-nes	0.0595238095238	0.928571428571	0.0119047619048	0.0
-kuy	0.0784578032002	0.0642715794245	0.0188361256782	0.838434491697
-rso	0.00816326530612	0.991836734694	0.0	0.0
-neo	0.0603015075377	0.879396984925	0.0	0.0603015075377
-tka	0.126076851836	0.239519807084	0.0382686494137	0.596134691667
-ñay	0.0888888888889	0.666666666667	0.0	0.244444444444
-lpi	0.162300592221	0.671824147682	0.00544203169183	0.160433228405
-kua	0.0145376228294	0.959752321981	0.00201911428187	0.0236909409072
-blu	0.105493170953	0.568901964474	0.00496035988266	0.320644504691
-kun	0.250853632354	0.438756806547	0.105956805613	0.204432755486
-mta	0.0265782058712	0.919177385655	0.00575083986686	0.048493568607
-kuk	0.172364646435	0.470995696437	0.0996344620725	0.257005195056
-nea	0.0813008130081	0.503048780488	0.415650406504	0.0
-ban	0.31177531564	0.55655758825	0.0234475650605	0.108219531049
-eka	0.111134819873	0.75399196273	0.0312955652761	0.103577652121
-jon	0.272529069767	0.36773255814	0.130813953488	0.228924418605
-mka	0.0391451510048	0.925143483166	0.0	0.0357113658289
-bar	0.0	1.0	0.0	0.0
-bas	0.0290205562273	0.833131801693	0.13784764208	0.0
-job	0.0708382526565	0.74025974026	0.188902007084	0.0
-dru	0.106689902217	0.697308548746	0.0229935134088	0.173008035628
-asa	0.0207566048581	0.883071125966	0.0560428331169	0.0401294360591
-aso	0.597014925373	0.402985074627	0.0	0.0
-ltu	0.153467392672	0.303736050461	0.45033874243	0.0924578144374
-ash	0.306163417153	0.142237442036	0.0294173065552	0.522181834256
-asu	0.00773794170751	0.992262058292	0.0	0.0
-dra	0.0528846153846	0.947115384615	0.0	0.0
-yel	0.0948012232416	0.886850152905	0.0	0.0183486238532
-dro	0.0712365591398	0.904569892473	0.00806451612903	0.016129032258
-ray	0.456795029261	0.235423741059	0.0897695253233	0.218011704357
-dia	0.0110220440882	0.706412825651	0.0	0.28256513026
-ras	0.268051340415	0.189734024616	0.0448385601079	0.497376074861
-ran	0.107232593564	0.72358967812	0.00614760745677	0.163030120859
-iwa	0.123493449782	0.631965065502	0.0171179039301	0.227423580786
-rak	0.137214709672	0.149953453954	0.284182159756	0.428649676618
-ero	0.252460509738	0.653842806236	0.0312322280088	0.0624644560176
-era	0.0189907451957	0.880763026066	0.0336229587071	0.0666232700309
-iwi	0.084175084175	0.659932659933	0.215488215488	0.0404040404041
-pos	0.0583982202447	0.908231368187	0.0166852057842	0.0166852057842
-nri	0.298755186722	0.680497925311	0.0207468879668	0.0
-nra	0.438947863829	0.263400094127	0.110592330851	0.187059711193
-ika	0.305731372907	0.337734796719	0.0582792364215	0.298254593953
-iko	0.00430107526881	0.991397849462	0.0	0.00430107526881
-lam	0.138392857143	0.794642857143	0.0669642857142	0.0
-lan	0.165167356615	0.193296005378	0.208510243074	0.433026394933
-lao	0.525423728814	0.372881355932	0.0	0.101694915254
-iki	0.287696392736	0.378375997259	0.0727937937448	0.26113381626
-lak	0.449668362906	0.14471960601	0.0143763863592	0.391235644725
-uja	0.0605973164046	0.82224787188	0.117154811715	0.0
-aan	0.0	1.0	0.0	0.0
-non	0.146103896104	0.801948051948	0.051948051948	0.0
-las	0.0519444951616	0.630819791857	0.1529121782	0.164323534782
-ñun	0.329754601227	0.513803680982	0.110429447853	0.0460122699386
-noe	0.0	1.0	0.0	0.0
-dor	0.130148350576	0.791967597111	0.0	0.0778840523131
-gel	0.186088732554	0.605923068195	0.0211376051612	0.18685059409
-mya	0.0105078809107	0.943082311734	0.0175131348511	0.0288966725044
-ypi	0.185171430421	0.126000706414	0.0148935324468	0.673934330718
-ges	0.0151975683891	0.924012158055	0.0607902735562	0.0
-ypa	0.112775565795	0.175282489792	0.251753413849	0.460188530564
-sas	0.0	1.0	0.0	0.0
-sar	0.187086092715	0.793046357616	0.0	0.0198675496689
-yku	0.158271981205	0.129634326436	0.0231371558956	0.688956536464
-vos	0.0669291338583	0.930118110236	0.0	0.00295275590551
-saw	0.19198005402	0.18179929358	0.0872636609184	0.538956991481
-mpi	0.0663574741348	0.740991794506	0.0770602925437	0.115590438816
-say	0.176524390244	0.196951219512	0.0246951219512	0.601829268293
-ñan	0.249145411517	0.624506968183	0.0200499605575	0.106297659742
-mpa	0.0123322363189	0.910933848808	0.0423064218163	0.034427493057
-don	0.0100041684035	0.989995831596	0.0	0.0
-tor	0.0127388535032	0.978768577495	0.0	0.00849256900212
-tos	0.015748031496	0.984251968504	0.0	0.0
-yka	0.149337963802	0.0694104032393	0.00860221793314	0.772649415026
-sak	0.088967681352	0.177296430125	0.020685495237	0.713050393286
-mpu	0.103808373526	0.359082289283	0.0190052342807	0.51810410291
-san	0.618031809879	0.229309250603	0.0147674911263	0.137891448392
-yki	0.440879996619	0.289154877351	0.0645038970894	0.20546122894
-lon	0.0	1.0	0.0	0.0
-lok	0.0	0.914587852495	0.0854121475054	0.0
-loi	0.0	0.980769230769	0.0192307692308	0.0
-loe	0.0367872470877	0.880441446965	0.0	0.0827713059472
-yba	0.0650003515432	0.312662588765	0.209783449343	0.412553610349
-ron	0.215740432395	0.721639992948	0.0370232521695	0.0255963224875
-los	0.13430420712	0.671521035599	0.0776699029126	0.116504854369
-wpi	0.0767233238905	0.594192634561	0.0658640226629	0.263220018886
-ipi	0.149340569216	0.400259638242	0.0587815155336	0.391618277008
-ipo	0.0180722891566	0.963855421687	0.0	0.0180722891566
-ipa	0.29533966843	0.308560838737	0.0622768899955	0.333822602838
-hka	0.399869071044	0.233294189239	0.0449023011518	0.321934438565
-rdo	0.530542862935	0.254401696739	0.215055440326	0.0
-hki	0.272351615327	0.359504132231	0.00751314800901	0.360631104433
-awi	0.244323342416	0.730245231608	0.0254314259764	0.0
-xka	0.175471698113	0.784905660377	0.00566037735849	0.0339622641509
-awa	0.265053763441	0.634946236559	0.00322580645161	0.0967741935483
-wda	0.392491467577	0.300341296928	0.102389078498	0.204778156997
-stu	0.0418130170947	0.598110162622	0.00904755993369	0.351029260349
-sto	0.0567514677104	0.90345727332	0.0104370515329	0.0293542074364
-wka	0.108392452102	0.166739056995	0.706288306549	0.0185801843541
-wki	0.365728900256	0.0920716112531	0.104859335038	0.437340153453
-sta	0.0643451175922	0.416498027026	0.00788749601614	0.511269359365
-oli	0.0	0.9625	0.0375	0.0
-ymi	0.144460006392	0.10540035855	0.032795664306	0.717343970752
-tik	0.459813975674	0.345575959933	0.0193179108037	0.175292153589
-lek	0.125307125307	0.217854217854	0.656838656839	0.0
-ion	0.00671140939598	0.97567114094	0.0	0.0176174496644
-len	0.0207722267635	0.915324325624	0.0167331826706	0.047170264942
-lea	0.0105733526339	0.976461703065	0.0	0.0129649443011
-mun	0.73705640124	0.165317170222	0.00925368990887	0.0883727386296
-muk	0.478759396886	0.150364455002	0.0951323201494	0.275743827962
-yta	0.25020187739	0.155833789666	0.0379950764074	0.555969256536
-ití	0.0919065919066	0.0876750876751	0.01302001302	0.807398307398
-ios	0.240214930003	0.156875496138	0.00290469781999	0.600004876039
-muy	0.703401919431	0.117249713327	0.0358996522812	0.143448714961
-rra	0.0985576923077	0.880837912088	0.0	0.0206043956044
-rre	0.0	0.955752212389	0.0	0.0442477876106
-bka	0.0	1.0	0.0	0.0
-ndu	0.0	1.0	0.0	0.0
-gio	0.0813008130082	0.918699186992	0.0	0.0
-rru	0.275400074432	0.601786378861	0.0893189430592	0.0334946036472
-ali	0.0487804878049	0.934959349594	0.0	0.0162601626016
-nda	0.0	0.961627482032	0.019186258984	0.019186258984
-gia	0.03125	0.875	0.05625	0.0375
-uva	0.0926080161308	0.843368102753	0.00649019665464	0.057533684462
-yor	0.233382466484	0.132799887696	0.358672001123	0.275145644697
-iel	0.0731707317073	0.905923344948	0.0209059233449	0.0
-chi	0.370362165806	0.276272114935	0.059412080112	0.293953639147
-iyu	0.036520369847	0.750168234613	0.116246753072	0.0970646424678
-cha	0.21079837297	0.352118405035	0.0449422523084	0.392140969686
-rku	0.0906715753222	0.756873107298	0.0532925598243	0.0991627575559
-elu	0.0915555555556	0.672	0.0302222222223	0.206222222222
-iyo	0.0	1.0	0.0	0.0
-eli	0.0	0.970873786408	0.0291262135922	0.0
-elo	0.0839160839161	0.916083916084	0.0	0.0
-rko	0.0113636363636	0.973484848485	0.0151515151515	0.0
-rka	0.122283609576	0.838674033149	0.0103130755065	0.028729281768
-ela	0.434718320272	0.234067721425	0.310513085909	0.0207008723939
-iya	0.0950468220955	0.472368234009	0.0138724134854	0.41871253041
-chu	0.38545148251	0.275592843178	0.0982829800105	0.240672694301
-sya	0.242792109257	0.570055639858	0.156803237228	0.030349013657
-itu	0.343488346006	0.516771895807	0.0231357215541	0.116604036633
-ito	0.238551879085	0.523110702614	0.0796364379085	0.158700980392
-uta	0.114812313517	0.566845038126	0.0256483280636	0.292694320294
-eso	0.0672251814148	0.89588635439	0.00629156929715	0.0305968948977
-iti	0.242082928575	0.0980009202924	0.0671046577023	0.59281149343
-esa	0.0938362465501	0.795768169273	0.110395584177	0.0
-ite	0.184838558727	0.744969583528	0.0	0.0701918577445
-ita	0.216408393018	0.215173613933	0.0460749971806	0.522342995868
-spa	0.025161982134	0.194925591112	0.0122145033782	0.767697923376
-spe	0.065502183406	0.884111521666	0.0503862949278	0.0
-udu	0.232363869049	0.362390543238	0.180473575966	0.224772011747
-spi	0.312299465241	0.442313276906	0.0142649714913	0.231122286362
-gru	0.582524271845	0.165048543689	0.252427184466	0.0
-spo	0.0	0.967741935484	0.0322580645161	0.0
-fas	0.128304220127	0.763487401453	0.021641675684	0.0865667027361
-bra	0.165986949429	0.608686786297	0.0471044045677	0.178221859706
-uda	0.0694724704526	0.6376477371	0.0198904583453	0.272989334102
-hun	0.193458006406	0.417976908943	0.00914687881753	0.379418205834
-huk	0.231766317603	0.165655625861	0.367078304323	0.235499752212
-kiy	0.130578512397	0.44958677686	0.203856749311	0.215977961433
-abe	0.443455031166	0.356188780053	0.0320569902048	0.168299198575
-huy	0.408976720817	0.262770055267	0.0485680790487	0.279685144867
-abo	0.0	0.952941176471	0.0	0.0470588235294
-lot	0.238450074516	0.48435171386	0.232488822653	0.0447093889717
-tea	0.0	1.0	0.0	0.0
-chá	0.178571428571	0.196428571429	0.410714285714	0.214285714286
-ael	0.0670414636139	0.804837875364	0.0192208216493	0.108899839373
-tun	0.0352258869243	0.723450904382	0.0861838669452	0.155139341748
-aen	0.0	0.975	0.025	0.0
-son	0.0111794298491	0.934786659214	0.0	0.0540339109372
-oro	0.190594572198	0.622954215869	0.024860161591	0.161591050342
-kos	0.0252808988764	0.974719101124	0.0	0.0
-gan	0.448122215149	0.460216422661	0.0611075747931	0.0305537873966
-vak	0.542105263158	0.142105263158	0.18947368421	0.126315789474
-ora	0.259662493195	0.394665215025	0.0097985846489	0.335873707131
-ris	0.0	1.0	0.0	0.0
-lix	0.0128205128205	0.961538461538	0.025641025641	0.0
-kra	0.161372494077	0.356382301246	0.290782535599	0.191462669078
-lis	0.0370179948586	0.802570694087	0.0	0.160411311054
-lim	0.0	1.0	0.0	0.0
-lin	0.363496989404	0.321299192641	0.249774359862	0.0654294580927
-hku	0.0328709639818	0.639585033221	0.25760578156	0.0699382212379
-run	0.270833333333	0.709635416667	0.0195312500001	0.0
-lik	0.475438319381	0.409835202443	0.0760280103196	0.0386984678566
-oma	0.0799388060454	0.686801270952	0.0378259334599	0.195433989543
-lia	0.0	0.95464362851	0.0410367170626	0.00431965442764
-ome	0.0410396716827	0.934336525308	0.00820793433652	0.016415868673
-eas	0.0	1.0	0.0	0.0
-oda	0.36036036036	0.579579579579	0.0600600600601	0.0
-sna	0.745537567455	0.127853881279	0.024906600249	0.101701951017
-rna	0.179079843202	0.751598927172	0.0346606148133	0.0346606148133
-teo	0.0574374079529	0.814643383127	0.00126236061435	0.126656848306
-uri	0.0201612903226	0.850806451613	0.129032258064	0.0
-kyu	0.264808362369	0.337979094077	0.0278745644599	0.369337979094
-lwa	0.0875245966155	0.826210153483	0.0	0.0862652499016
-rge	0.0	1.0	0.0	0.0
-hna	0.0152654249398	0.0112448446022	0.0036401278244	0.969849602634
-rga	0.426045016077	0.188102893891	0.289389067524	0.0964630225081
-uru	0.272478065091	0.380868466401	0.13531838519	0.211335083318
-apa	0.406461531383	0.239104618136	0.060976236033	0.293457614448
-war	0.085108295138	0.843443875258	0.066055540577	0.0053922890267
-pan	0.26035052571	0.391107500335	0.128690418911	0.219851555044
-api	0.144013785603	0.469355505706	0.0365558342536	0.350074874437
-way	0.424701472486	0.236802947637	0.0574472100366	0.281048369841
-pay	0.213782508376	0.383822983486	0.0913774723683	0.311017035769
-byu	0.0495704949635	0.0193303746385	0.608890913135	0.322208217263
-wan	0.142186537444	0.341986759983	0.0738624743644	0.441964228209
-pas	0.101449275362	0.898550724638	0.0	0.0
-wak	0.420483151413	0.206777426667	0.0298590268536	0.342880395066
-dun	0.324658804417	0.370838665512	0.0910110321821	0.213491497889
-nun	0.548689138577	0.174157303371	0.164794007491	0.112359550562
-ydu	0.428571428571	0.571428571429	0.0	0.0
-keo	0.0	0.986282578875	0.0137174211248	0.0
-kem	0.0493827160494	0.950617283951	0.0	0.0
-sus	0.171604563449	0.3454387706	0.00144962841272	0.481507037538
-sun	0.75313283208	0.18671679198	0.0	0.0601503759398
-suk	0.0402078636215	0.0394052794541	0.0150271611115	0.905359695813
-sue	0.365942028985	0.634057971015	0.0	0.0
-fes	0.0967741935484	0.806451612903	0.0	0.0967741935484
-dio	0.0	1.0	0.0	0.0
-aña	0.105448154657	0.894551845343	0.0	0.0
-dik	0.119486948695	0.227722772277	0.485486048605	0.167304230423
-law	0.0155536210256	0.571811134602	0.144509389379	0.268125854993
-dis	0.0	0.977934995797	0.0	0.0220650042028
-añu	0.164475328701	0.0654068556383	0.770117815661	0.0
-lem	0.0	1.0	0.0	0.0
-diy	0.18853974122	0.789279112754	0.0	0.0221811460259
-ska	0.101634350749	0.481332583382	0.00654641195769	0.410486653911
-uku	0.0986784140969	0.697797356828	0.0819383259911	0.121585903084
-sko	0.0	1.0	0.0	0.0
-uka	0.0717110062692	0.274100544121	0.0214555482902	0.632732901319
-sku	0.0598224207312	0.217712615033	0.00561003765198	0.716854926584
-rta	0.193486467464	0.756286390684	0.0239938575725	0.0262332842792
-nna	0.342702383593	0.253642751084	0.0580120163169	0.345642849006
-kla	0.477406679764	0.126945745806	0.39564757443	0.0
-tpa	0.0	0.971339861476	0.0	0.028660138524
-kka	0.167533199699	0.566869205713	0.108995239288	0.156602355299
-tiy	0.425276715404	0.313080408029	0.0826240662844	0.179018810283
-tia	0.0	1.0	0.0	0.0
-tin	0.292081447522	0.221155378988	0.0519947992655	0.434768374225
-tio	0.215053763441	0.741935483871	0.0430107526882	0.0
-ngo	0.020979020979	0.758741258741	0.0	0.22027972028
-uwa	0.14874951382	0.686165319768	0.07497978108	0.0901053853325
-emo	0.139534883721	0.641196013289	0.0132890365449	0.205980066445
-hmi	0.579889807163	0.0275482093664	0.0137741046832	0.378787878788
-vio	0.0959913257008	0.692253723252	0.0267882769397	0.184966674108
-mmi	0.130434782609	0.163043478261	0.326086956522	0.380434782609
-jan	0.15274747074	0.84725252926	0.0	0.0
-das	0.0991715098306	0.829355756152	0.00939779893657	0.062074935081
-jak	0.490806097393	0.184145481657	0.037440132256	0.287608288694
-dpi	0.0207756232687	0.249307479224	0.09972299169	0.630193905817
-dpa	0.00306826898491	0.993096394784	0.00306826898492	0.000767067246227
-ser	0.0322580645161	0.967741935484	0.0	0.0
-dak	0.179981965735	0.483678990081	0.0223624887286	0.313976555455
-eta	0.10067589019	0.84478241079	0.0224110957683	0.0321306032521
-eti	0.0	0.37865497076	0.612573099415	0.00877192982455
-eto	0.0148148148148	0.985185185185	0.0	0.0
-atu	0.133716160788	0.227235438884	0.0328137817883	0.60623461854
-uya	0.320753315945	0.166655837827	0.431560188236	0.0810306579913
-lio	0.0563442768411	0.884649511979	0.0297249334516	0.0292812777285
-ata	0.139611470274	0.36464094578	0.0371335159509	0.458614067995
-ato	0.143200549451	0.682692307692	0.0257554945055	0.148351648352
-uyu	0.0196058717072	0.953247536698	0.0	0.0271465915946
-ati	0.140369937427	0.129629374957	0.0196658186069	0.710334869009
-ose	0.0325708786734	0.960766896143	0.00444148345547	0.00222074172774
-osa	0.0	1.0	0.0	0.0
-kan	0.481889621848	0.11490202259	0.0364695110303	0.366738844532
-hta	0.0913415794482	0.582302568982	0.0152235965747	0.311132254995
-kay	0.138833513506	0.0341457482725	0.00610800234671	0.820912735875
-nia	0.024586561178	0.931665842536	0.0232816878193	0.0204659084666
-kas	0.135771681906	0.524799113328	0.0983651981158	0.24106400665
-nik	0.215592107136	0.398069494405	0.0199314736952	0.366406924763
-nin	0.0889622600692	0.401181496294	0.345721223721	0.164135019916
-nio	0.0314685314685	0.968531468531	0.0	0.0
-ulu	0.114441416894	0.773452705333	0.0210198520825	0.0910860256909
-tta	0.505813953488	0.494186046512	0.0	0.0
-aja	0.0648640942785	0.915177722867	0.0	0.019958182855
-shi	0.450650364256	0.273247286889	0.0872168262063	0.188885522649
-ate	0.0	1.0	0.0	0.0
-sha	0.410301535677	0.199340498543	0.0661090555493	0.32424891023
-fia	0.0351582119538	0.912104470116	0.0	0.0527373179307
-yra	0.233469661748	0.690928980769	0.025478910533	0.05012244695
-vik	0.100361300683	0.819349658772	0.0	0.080289040546
-yuk	0.164054590568	0.403103281406	0.292662428814	0.140179699211
-ilu	0.0892414476946	0.797967278136	0.0384234010907	0.0743678730788
-vin	0.0	0.958750736594	0.041249263406	0.0
-ias	0.0	0.94739314232	0.0469704086425	0.0056364490371
-yun	0.394137921962	0.452995500829	0.108664193438	0.0442023837714
-lda	0.0387096774194	0.677419354839	0.283870967742	0.0
-via	0.315789473684	0.385964912281	0.263157894737	0.0350877192983
-rnu	0.347260273973	0.545205479452	0.0458904109589	0.0616438356164
-vid	0.036855036855	0.845208845209	0.00491400491401	0.113022113022
-yuy	0.317428427926	0.204419889503	0.454043194375	0.0241084881969
-viy	0.291390728477	0.629139072848	0.0596026490066	0.0198675496689
-ila	0.303797468354	0.322784810127	0.0	0.373417721519
-ilo	0.128878281623	0.6276849642	0.128878281623	0.114558472554
-yus	0.234833659491	0.647749510763	0.117416829746	0.0
-ojo	0.156862745098	0.21568627451	0.627450980392	0.0
-amu	0.249621785174	0.659606656581	0.0	0.0907715582452
-ebe	0.514285714286	0.485714285714	0.0	0.0
-lmo	0.191245218869	0.808754781131	0.0	0.0
-ami	0.252270220406	0.175052296382	0.0347307166558	0.537946766556
-igu	0.030167890871	0.939445610353	0.0139909059112	0.0163955928646
-atá	0.324324324324	0.305019305019	0.0	0.370656370656
-ama	0.283177911507	0.067016892177	0.0200040843166	0.629801111999
-iña	0.519191919192	0.380986333927	0.0998217468808	0.0
-atí	0.158247218249	0.0725778797561	0.0281613621438	0.741013539851
-oas	0.0	0.893465909091	0.0	0.106534090909
-ebu	0.0568695876955	0.935375468528	0.0	0.00775494377665
-asi	0.237420217793	0.322051147846	0.05859176226	0.381936872101
-kak	0.46171183199	0.361902636965	0.0479383920789	0.128447138966
-iro	0.00292124328115	0.983641037626	0.00116849731245	0.0122692217808
-iri	0.165917711396	0.722546346368	0.0752814294636	0.0362545127728
-hin	0.468293131796	0.395267199068	0.0680363270791	0.0684033420574
-usa	0.19931939718	0.73456490034	0.0624696159456	0.00364608653379
-ira	0.34772154086	0.249182138884	0.0761275805096	0.326968739746
-hiy	0.487803089814	0.268415815659	0.132888190626	0.110892903901
-his	0.0191051881548	0.0236857353148	0.0158948901452	0.941314186385
-ulo	0.0997109826589	0.89161849711	0.00289017341041	0.0057803468208
-epa	0.0716787493828	0.757095883647	0.154893500022	0.016331866948
-ñuk	0.360034931724	0.177516671959	0.242735789139	0.219712607177
-epi	0.494176372712	0.435385468663	0.0537992235163	0.0166389351082
-dta	0.393939393939	0.424242424242	0.111111111111	0.0707070707071
-ñuy	0.154712789591	0.537131069502	0.270072992701	0.0380831482069
-amo	0.0406696337126	0.816986648293	0.0	0.142343717994
-win	0.530167797215	0.253034630489	0.216797572296	0.0
-npa	0.316139168386	0.340514150542	0.075411064399	0.267935616673
-pik	0.235258420148	0.574592899767	0.0505714574694	0.139577222616
-npi	0.157164442596	0.526447318649	0.037820167413	0.278568071342
-pin	0.452006096407	0.481732771628	0.061843723168	0.00441740879773
-pio	0.0	1.0	0.0	0.0
-yñu	0.33527638191	0.56824120603	0.0361809045226	0.0603015075377
-nok	0.196399345336	0.713584288052	0.0245499181669	0.0654664484452
-piy	0.813038591233	0.131884600974	0.0393405769951	0.0157362307981
-ues	0.309218203034	0.189031505251	0.396732788798	0.105017502917
-uel	0.190455148034	0.798497569598	0.00441891294742	0.00662836942112
-owa	0.105633802817	0.880281690141	0.0	0.0140845070423
-irá	0.375	0.0892857142857	0.0	0.535714285714
-hpa	0.303504402346	0.235947818433	0.0647891543826	0.395758624839
-ago	0.0274423710209	0.914928649835	0.01317233809	0.0444566410538
-kmi	0.139476580217	0.399096470888	0.230539392559	0.230887556335
-kar	0.0	1.0	0.0	0.0
-age	0.125628140703	0.844221105528	0.0	0.0301507537688
-ktu	0.646242774567	0.228901734104	0.0277456647399	0.0971098265896
-ant	0.6	0.4	0.0	0.0
-anu	0.0615821849651	0.528978077978	0.297040376323	0.112399360733
-ona	0.0566037735849	0.943396226415	0.0	0.0
-ego	0.00551217271475	0.329964783341	0.636962180371	0.0275608635737
-rti	0.134262655906	0.433602347762	0.278063096112	0.15407190022
-dar	0.161894103118	0.446009570855	0.0468894720593	0.345206853967
-oni	0.0	0.824324324324	0.0	0.175675675676
-rtu	0.0415728390784	0.917547202494	0.0311796293088	0.0097003291183
-ana	0.2221921777	0.0826833065314	0.0228333334938	0.672291182275
-dan	0.0760162601626	0.744004065041	0.0271341463415	0.152845528455
-kta	0.115034484767	0.302929608136	0.174753684828	0.407282222268
-ura	0.388770059318	0.449422663069	0.0273757114298	0.134431566183
-ani	0.501099973613	0.184644582397	0.0384216273005	0.27583381669
-ank	0.276907529055	0.426478019202	0.078069732188	0.218544719555
-ano	0.145410498739	0.465119227031	0.171481288469	0.21798898576
-tal	0.0738370662072	0.36820083682	0.32291410288	0.235047994093
-tan	0.261370505598	0.503330754165	0.0130268152912	0.222271924946
-yiy	0.2	0.8	0.0	0.0
-tak	0.426280522798	0.453770237393	0.0271583184475	0.0927909213621
-wta	0.0	0.890909090909	0.0	0.109090909091
-yin	0.196889477167	0.70549305096	0.0794176042356	0.0181998676373
-ksu	0.019801980198	0.973597359736	0.006600660066	0.0
-tay	0.41761579347	0.225512528474	0.182232346242	0.174639331815
-yik	0.121074517729	0.345127788063	0.0430802880488	0.490717406159
-tar	0.0753489168593	0.852727117048	0.0	0.071923966093
-tas	0.148205928237	0.758190327613	0.0	0.0936037441498
-mia	0.0530973451328	0.946902654867	0.0	0.0
-nos	0.0474777448071	0.940652818991	0.0118694362018	0.0
-mik	0.607900943396	0.374410377358	0.0	0.0176886792453
-min	0.0749963337732	0.800439947206	0.00982548760816	0.114738231412
-eno	0.121827411167	0.847715736041	0.0304568527918	0.0
-ene	0.0295420974889	0.961595273264	0.0	0.0088626292467
-rmi	0.0379069277059	0.410747595335	0.0236168107573	0.527728666202
-ena	0.00467471756916	0.995325282431	0.0	0.0
-oel	0.0	1.0	0.0	0.0
