-cac	0.461831539617	0.124649182078	0.0189616424951	0.39455763581
-ićh	0.394688565705	0.306371724811	0.153755207692	0.145184501791
-imü	0.287800291731	0.380964725274	0.235087461357	0.096147521638
-cam	0.252467965804	0.188281111177	0.279590909988	0.279660013031
-cal	0.477663845714	0.224447833056	0.058641660313	0.239246660917
-imá	0.417665855295	0.351834600475	0.0798499464095	0.15064959782
-car	0.0	0.984008528785	0.0	0.0159914712154
-cap	0.137942621707	0.404035363344	0.0114977261585	0.44652428879
-imä	0.311319269521	0.257005667506	0.342726700252	0.0889483627203
-rbe	0.00436681222708	0.995633187773	0.0	0.0
-cat	0.427010489511	0.23666958042	0.207459207459	0.128860722611
-caz	0.0	1.0	0.0	0.0
-cay	0.0959836901533	0.0621164322569	0.0159327554944	0.825967122095
-imí	0.449468085106	0.316489361702	0.170212765957	0.063829787234
-ion	0.00358615743231	0.996413842568	0.0	0.0
-ymá	0.300282154361	0.333541411771	0.143324427576	0.222852006292
-llá	0.253605256484	0.405176149981	0.0962003661959	0.245018227339
-len	0.018909052709	0.922262783307	0.00157575439242	0.0572524095911
-äcü	0.681626187962	0.222808870116	0.0343189017951	0.0612460401267
-llä	0.586415775229	0.342269192765	0.0532714696911	0.0180435623147
-nsu	0.150957236118	0.652901048925	0.147363016211	0.0487786987457
-llï	0.0366699702676	0.216055500496	0.733399405352	0.0138751238851
-zin	0.0	1.0	0.0	0.0
-biä	0.900662251656	0.0993377483444	0.0	0.0
-bta	0.0	0.981412639405	0.0111524163569	0.00743494423791
-mul	0.522131337745	0.159309772266	0.0291107520506	0.289448137939
-llú	0.115341405567	0.845337660716	0.0	0.0393209337161
-äcá	0.574278727342	0.197837446539	0.0558282187635	0.172055607356
-aum	0.0321794246709	0.956118966358	0.0	0.0117016089712
-nsa	0.0362349021241	0.730528946272	0.12078300708	0.112453144523
-pla	0.119097686867	0.152998152042	0.70649334098	0.0214108201109
-nti	0.0690565238869	0.381977277539	0.409385364477	0.139580834098
-imú	0.34021338337	0.409312067724	0.164946654157	0.0855278947483
-pup	0.111236802413	0.696455505279	0.12443438914	0.0678733031675
-nto	0.123166565409	0.822547129394	0.0311925741825	0.0230937310143
-nta	0.248588427251	0.409707072198	0.0504809619303	0.291223538621
-puy	0.340044325207	0.382993117928	0.0747113029278	0.202251253937
-can	0.407060443909	0.276101110307	0.0537215898606	0.263116855923
-eus	0.0	1.0	0.0	0.0
-puc	0.295583238958	0.500566251416	0.203850509626	0.0
-pul	0.457767218995	0.338782914116	0.0811992808646	0.122250586024
-pum	0.123595505618	0.584269662921	0.0112359550562	0.280898876405
-pun	0.302620126625	0.32330151986	0.0771293606753	0.29694899284
-ntu	0.163851516435	0.758160406554	0.0318109261492	0.0461771508616
-dro	0.0189239503362	0.911888240996	0.000461559764297	0.0687262489038
-pam	0.245154578085	0.220232871116	0.0600346000679	0.474577950731
-pra	0.12486481172	0.662766689608	0.212368498673	0.0
-cas	0.0677966101695	0.932203389831	0.0	0.0
-pre	0.175539568345	0.824460431655	0.0	0.0
-pan	0.110503780149	0.195081452092	0.0496322067971	0.644782560961
-pri	0.149873640259	0.124381936051	0.319305570816	0.406438852873
-wap	0.107865597556	0.717449408171	0.0343642611684	0.140320733104
-nmi	0.30359197158	0.224702817583	0.0430104184411	0.428694792396
-ydï	0.0571091833993	0.342743927275	0.177263785498	0.422883103828
-opi	0.054054054054	0.902839548409	0.0	0.0431063975368
-üsu	0.0911058954191	0.184830000738	0.682383156689	0.0416809471542
-ope	0.00489396411093	0.975530179445	0.00978792822186	0.00978792822186
-smi	0.175722867909	0.541897777763	0.00900237899731	0.273376975331
-ive	0.0	1.0	0.0	0.0
-dea	0.00620957309185	0.990685640362	0.0	0.00310478654593
-msa	0.0427432686428	0.0887984329355	0.223453882561	0.645004415861
-dec	0.0284167794317	0.890392422192	0.0	0.0811907983762
-deo	0.0134228187919	0.986577181208	0.0	0.0
-ima	0.127766879246	0.102834204939	0.0111412439736	0.758257671841
-ios	0.155923404279	0.384447220779	0.00468804443959	0.454941330503
-des	0.0387130075706	0.823927506309	0.0498967653132	0.0874627208075
-imi	0.568945573633	0.158577072724	0.117475626061	0.155001727583
-ncu	0.160033558807	0.738660793875	0.0198206701274	0.0814849771905
-rbï	0.316495166822	0.519800436545	0.0	0.163704396632
-imo	0.197724810401	0.421993499458	0.0	0.380281690141
-lla	0.23661061143	0.327928113469	0.104537620206	0.330923654894
-obo	0.0	0.993541442411	0.00645855758882	0.0
-pay	0.190998620994	0.195103844086	0.0375835218577	0.576314013062
-rpa	0.0874552552916	0.798946458839	0.0524268200417	0.0611714658278
-lli	0.165123608786	0.195077809515	0.217201812272	0.422596769428
-ray	0.29963041063	0.612375575358	0.059995918645	0.0279980953676
-üla	0.535125306409	0.192552071945	0.183887586744	0.0884350349022
-biy	0.483342610324	0.148263729109	0.0	0.368393660567
-plï	0.105571847507	0.0953079178885	0.799120234604	0.0
-llu	0.179350939505	0.510469179652	0.191715360526	0.118464520318
-bia	0.317589576547	0.672638436482	0.0	0.00977198697068
-bin	0.1909875022	0.661151205774	0.0	0.147861292026
-sio	0.03125	0.96875	0.0	0.0
-bil	0.277901785714	0.671875	0.0167410714286	0.0334821428571
-äca	0.394022868263	0.410218711851	0.0637071499669	0.132051269919
-fop	0.0	1.0	0.0	0.0
-lña	0.250268297918	0.486370465765	0.0890749087787	0.174286327538
-äcú	0.47420172851	0.161983128914	0.043471510635	0.320343631941
-ter	0.0	1.0	0.0	0.0
-uta	0.129361421988	0.673469387755	0.0286372613562	0.168531928901
-ntï	0.609555555555	0.367111111111	0.0	0.0233333333333
-ria	0.00915016482551	0.828491598052	0.00985549003081	0.152502747092
-ntá	0.20950798214	0.280833972976	0.0603109551764	0.449347089708
-rio	0.0	0.993896236012	0.00610376398779	0.0
-ril	0.315537399634	0.299901394563	0.0788843499085	0.305676855895
-uti	0.0898264596361	0.256235509028	0.0321436099206	0.621794421415
-aus	0.153153153153	0.801801801802	0.036036036036	0.009009009009
-wpi	0.0520336070269	0.487938387117	0.0358029406149	0.424225065241
-tea	0.0443786982249	0.733727810651	0.221893491124	0.0
-riu	0.10582010582	0.767195767196	0.126984126984	0.0
-ris	0.0	1.0	0.0	0.0
-rip	0.441595441595	0.106837606838	0.237891737892	0.213675213675
-utu	0.0750331452434	0.0695889989816	0.145204988119	0.710172867656
-a'a	0.0620059387871	0.0521309515179	0.00141763080726	0.884445478888
-sia	0.341161928307	0.640296662546	0.0185414091471	0.0
-gru	0.506773707978	0.419217260411	0.0551931761164	0.0188158554942
-teo	0.0192170818505	0.919928825623	0.00213523131673	0.0587188612099
-jin	0.0546875	0.9453125	0.0	0.0
-luy	0.0462577182284	0.073007224128	0.0045950424413	0.876140015202
-jil	0.0301990391215	0.896362388469	0.0123541523679	0.0610844200412
-wal	0.438730413821	0.245078344717	0.0441944556047	0.271996785858
-ara	0.135117234071	0.723142138032	0.00794807259239	0.133792555305
-e'a	0.0381679389313	0.961832061069	0.0	0.0
-nmá	0.300640419696	0.36899779604	0.0603319911539	0.27002979311
-lup	0.118444350953	0.626358514343	0.0874321076436	0.16776502706
-lur	0.033309922745	0.939600682251	0.00902979833451	0.018059596669
-aro	0.15922158337	0.808934099956	0.0	0.031844316674
-ïgu	0.239910313901	0.701793721973	0.0336322869955	0.02466367713
-ari	0.326771346681	0.271848408267	0.0736278332983	0.327752411754
-aru	0.0	0.899592944369	0.0759837177747	0.0244233378562
-lul	0.589411752318	0.158344047854	0.0910010891959	0.161243110631
-lum	0.108695652174	0.763427109974	0.127877237852	0.0
-lun	0.50657814169	0.242849736712	0.0645660468858	0.186006074713
-opä	0.597701149425	0.310344827586	0.0459770114942	0.0459770114943
-meo	0.0	0.954207212364	0.0457927876359	0.0
-yda	0.144144144144	0.855855855856	0.0	0.0
-aya	0.191343963553	0.667425968109	0.0615034168565	0.0797266514807
-amú	0.421848039266	0.306994421129	0.0503622709767	0.220795268629
-api	0.179874860621	0.30125996422	0.0497895594781	0.469075615681
-ayo	0.0351246926589	0.494204425711	0.165086055497	0.305584826133
-ila	0.421998292371	0.108859632494	0.0180137215945	0.45112835354
-iñä	0.424405576811	0.217621078768	0.0508683793677	0.307104965053
-ayu	0.126319678187	0.427313401646	0.191523311267	0.254843608899
-tyu	0.0691644929254	0.84230495613	0.0110663188681	0.0774642320765
-icü	0.120590238309	0.767394616398	0.0329023305074	0.0791128147862
-yní	0.326165310154	0.398566274436	0.0634238541895	0.211844561221
-yup	0.0705008495293	0.725622630024	0.0529401083994	0.150936412048
-mos	0.361437600055	0.417748432065	0.00464871511325	0.216165252766
-ïmá	0.343519753118	0.306005153635	0.203635433431	0.146839659816
-zpa	0.0	1.0	0.0	0.0
-npä	0.385997215826	0.272366681195	0.0526707352262	0.288965367753
-lpü	0.10346215781	0.471819645733	0.348228663446	0.0764895330112
-cta	0.195400010832	0.44113222542	0.056644858898	0.30682290485
-ïdá	0.0	0.0265957446809	0.973404255319	0.0
-lpä	0.349184782609	0.101902173913	0.426630434783	0.122282608696
-ïdä	0.53440964214	0.192693995982	0.272896361878	0.0
-lpá	0.609507640068	0.338015125791	0.00926068837783	0.0432165457632
-bpa	0.00868621064064	0.989866087586	0.00144770177344	0.0
-rlä	0.0	0.0539702233251	0.927419354839	0.0186104218362
-rru	0.00640548399331	0.993594516007	0.0	0.0
-isï	0.229278794402	0.424111948332	0.0932902762828	0.253318980983
-ota	0.0103359173126	0.974160206718	0.015503875969	0.0
-isí	0.302466639709	0.183043536865	0.0781776519746	0.436312171452
-ija	0.179392142328	0.572275759822	0.148257968866	0.100074128984
-wsá	0.517123287671	0.143835616438	0.0	0.33904109589
-isä	0.032896293842	0.948643915369	0.00709991953425	0.0113598712548
-sop	0.00509943906171	0.979602243753	0.0152983171851	0.0
-oto	0.247422680412	0.381443298969	0.0618556701031	0.309278350516
-upä	0.259952890719	0.574760792608	0.0622068396146	0.103079477059
-uma	0.145776347546	0.542075623492	0.104585679807	0.207562349155
-táy	0.107939949565	0.487992269803	0.00989842332257	0.39416935731
-upá	0.237906423473	0.329896907216	0.43219666931	0.0
-eví	0.0761793143861	0.884266041606	0.00878992089071	0.0307647231175
-umi	0.0571161048689	0.791198501873	0.0224719101123	0.129213483146
-ë'a	0.250976017847	0.24595649749	0.352481873954	0.150585610708
ALL	0.222739159976	0.275846592467	0.0524532652033	0.448960982353
-nai	0.0	1.0	0.0	0.0
-nan	0.210503166505	0.233755606647	0.0388308090497	0.516910417798
-nal	0.230790479575	0.284169177255	0.0636024171658	0.421437926004
-nam	0.149811653299	0.0853855220117	0.0262805526326	0.738522272057
-nac	0.519352308899	0.171472067168	0.150574341468	0.158601282465
-sip	0.120493902672	0.637715509003	0.00860124622501	0.2331893421
-äja	0.0	1.0	0.0	0.0
-ron	0.0273348519362	0.945330296128	0.0273348519362	0.0
-siu	0.0297782583264	0.72082882819	0.197280961412	0.0521119520712
-ïru	0.245534797783	0.627386573599	0.0609731061384	0.0661055224799
-nay	0.207913932546	0.465651951445	0.0567302670635	0.269703848946
-üní	0.361847100973	0.325933513742	0.179226484423	0.132992900862
-sin	0.160603891812	0.714365526534	0.0355422720617	0.0894883095922
-sim	0.0237968044291	0.612452042154	0.190374435433	0.173376717984
-sil	0.224002135896	0.64689055438	0.112198129819	0.0169091799048
-csa	0.0863636363636	0.792424242424	0.0530303030303	0.0681818181818
-nas	0.0464257999314	0.951679269459	0.00189493060945	0.0
-nap	0.118046203413	0.493156662407	0.0632097924455	0.325587341734
-ïra	0.154206559381	0.821348543492	0.0244448971277	0.0
-hcä	0.77479338843	0.111570247934	0.0309917355372	0.0826446280992
-ayä	0.168110443061	0.499529426239	0.175025862112	0.157334268588
-ayá	0.585638852126	0.073993695111	0.00959753624175	0.330769916521
-wjá	0.0141975830305	0.0304233922082	0.848897152032	0.106481872729
-ynu	0.158311184539	0.0377849721402	0.0158218864548	0.788081956866
-gog	0.0	1.0	0.0	0.0
-äga	0.215922798552	0.442702050663	0.312424607961	0.0289505428227
-ïmi	0.327559001366	0.314235365789	0.0691365227803	0.289069110065
-cos	0.0591570125708	0.877988661573	0.00369731328568	0.0591570125709
-mon	0.0120535714286	0.970089285714	0.0	0.0178571428571
-mom	0.238907849829	0.738339021615	0.0227531285552	0.0
-mol	0.0	0.791154791155	0.208845208845	0.0
-com	0.1	0.9	0.0	0.0
-yat	0.286536927186	0.190776008603	0.260432927464	0.262254136747
-lpu	0.105368790768	0.67921057033	0.0632212744606	0.152199364442
-utä	0.568421052632	0.431578947368	0.0	0.0
-yay	0.130084901661	0.160011634993	0.224694612347	0.485208850999
-ctá	0.219899907199	0.330089709298	0.128081258685	0.321929124818
-bet	0.0117218025527	0.863245636885	0.0312581401406	0.093774420422
-eop	0.0453258960851	0.909410184898	0.00834624522259	0.036917673794
-ïda	0.644120832832	0.26922614033	0.0361054278493	0.050547598989
-eom	0.110817941952	0.825857519789	0.0316622691293	0.0316622691293
-ben	0.0	1.0	0.0	0.0
-beo	0.0	0.977777777778	0.0222222222222	0.0
-lpa	0.113738856689	0.714378521312	0.0385169204083	0.13336570159
-yam	0.169172932331	0.0864661654135	0.548872180451	0.195488721804
-yal	0.333747918733	0.144864126701	0.0190299972845	0.502357957281
-yan	0.586550978538	0.12323599587	0.0186816528026	0.271531372789
-lpi	0.383445642983	0.48444105665	0.0211381280586	0.110975172308
-upu	0.201342281879	0.798657718121	0.0	0.0
-reo	0.0	1.0	0.0	0.0
-ish	0.0665356463495	0.132988504256	0.0755453348392	0.724930514555
-umü	0.175438596491	0.338118022329	0.48644338118	0.0
-rea	0.0234003066247	0.944013059481	0.0	0.0325866338938
-isa	0.0056258790436	0.994374120956	0.0	0.0
-umä	0.0739652475354	0.0517089061719	0.0450800282102	0.829245818082
-umá	0.348916256915	0.423680610469	0.0416616426167	0.185741489999
-l'a	0.419308493515	0.198679212663	0.0695026074766	0.312509686346
-res	0.00250156347717	0.98248905566	0.0100062539087	0.00500312695435
-uan	0.0432360742706	0.837798408488	0.00238726790451	0.116578249337
-ret	0.0033287540949	0.970701680228	0.00665750818979	0.0193120574871
-upi	0.151378780595	0.401520503134	0.189656150334	0.257444565938
-may	0.370544966488	0.315019374061	0.0419116706805	0.272523988771
-sic	0.443974630021	0.300211416491	0.192389006343	0.0634249471459
-jup	0.0142196942766	0.839238456373	0.0687285223368	0.0778133270135
-hac	0.054069939839	0.127863568671	0.0180516176658	0.800014873824
-cmá	0.381169845502	0.370969929426	0.121448615378	0.126411609693
-u'a	0.0956711205146	0.124503140866	0.0396012904075	0.740224448211
-map	0.167980636238	0.785975103734	0.0353941908714	0.0106500691563
-mas	0.162707737504	0.0599486535976	0.194675426012	0.582668182886
-mar	0.241706284938	0.431769500026	0.00156731623217	0.324956898804
-hal	0.497917506382	0.213086121188	0.0794034663442	0.209592906086
-ham	0.333836083152	0.37878959345	0.0984555977314	0.188918725667
-han	0.31901200579	0.318963286431	0.0523790143686	0.309645693411
-hap	0.0913302177189	0.677454270334	0.104101582061	0.127113929885
-juc	0.0391364189192	0.0327598323978	0.0543630212629	0.87374072742
-üca	0.243021001065	0.596958497084	0.0597522297985	0.100268272053
-mam	0.291785970035	0.15623952846	0.035863117128	0.516111384377
-lñá	0.475033071085	0.233669846132	0.0578500313305	0.233447051452
-man	0.2509593861	0.358469738006	0.0377271680261	0.352843707868
-hay	0.0941547286492	0.0144887790585	0.00109950166265	0.89025699063
-wca	0.0638208330707	0.659628165972	0.0794195003715	0.197131500585
-jum	0.0243902439024	0.975609756098	0.0	0.0
-uni	0.0	0.914807302231	0.0	0.0851926977688
-una	0.108589185675	0.455704007267	0.0660528456918	0.369653961366
-lcá	0.411156946012	0.195102507142	0.0225244563951	0.371216090451
-üpi	0.147922257461	0.450435065463	0.072375376108	0.329267300968
-pta	0.0	1.0	0.0	0.0
-pto	0.0665968586387	0.815706806283	0.0284816753927	0.0892146596859
-unu	0.37923971486	0.493659798677	0.102197846622	0.0249026398415
-cob	0.0141843971631	0.985815602837	0.0	0.0
-666	0.324384787472	0.10067114094	0.0	0.574944071588
-nla	0.101011226565	0.358525782099	0.393208346101	0.147254645235
-asä	0.331609818946	0.24935580118	0.198311520987	0.220722858887
-tra	0.336513666839	0.635636926251	0.0185662712739	0.00928313563692
-hin	0.420868481374	0.386704069408	0.0700952775937	0.122332171624
-nyä	0.0119940029985	0.51724137931	0.0369815092454	0.433783108446
-eon	0.18956043956	0.682692307692	0.0	0.127747252747
-nli	0.190476190476	0.0865800865801	0.590187590188	0.132756132756
-ado	0.0271370420624	0.972862957938	0.0	0.0
-gam	0.0	0.525460455038	0.032502708559	0.442036836403
-äpä	0.356206765955	0.347356894795	0.102303413915	0.194132925335
-üra	0.120013806765	0.386229252334	0.0436864063391	0.450070534562
-äpá	0.441708761631	0.339343160158	0.128552438562	0.0903956396489
-tru	0.0600772421685	0.742669146045	0.0758117579746	0.121441853812
-cpa	0.0518904055332	0.635026934253	0.0299364003364	0.283146259878
-144	0.0106269925611	0.0584484590861	0.0	0.930924548353
-ycü	0.339188532235	0.258034793652	0.117547951405	0.285228722708
-gar	0.137825421133	0.774885145482	0.0459418070444	0.04134762634
-üru	0.0837378640776	0.560679611651	0.355582524272	0.0
-cpi	0.265162174235	0.419207594486	0.0680784364421	0.247551794838
-ltá	0.162790697674	0.66976744186	0.0	0.167441860465
-gay	0.319276463663	0.680723536337	0.0	0.0
-seo	0.016570008285	0.961681855841	0.0155343827672	0.00621375310688
-ywa	0.125738396624	0.713080168776	0.0675105485232	0.0936708860759
-ipá	0.306948125359	0.279333543377	0.274255425617	0.139462905647
-bel	0.261111334972	0.637345368094	0.0	0.101543296934
-dab	0.0	1.0	0.0	0.0
-uip	0.244188150717	0.457701251713	0.0873963813922	0.210714216178
-sea	0.0582524271845	0.941747572816	0.0	0.0
-uim	0.48885112022	0.324348765947	0.0730511846107	0.113748929222
-uil	0.58990577848	0.336298346182	0.0368979376689	0.0368979376689
-uio	0.275972840768	0.632036212309	0.0	0.0919909469227
-uin	0.157371593697	0.167584105944	0.0193199047034	0.655724395656
-lbu	0.736389684814	0.263610315186	0.0	0.0
-ses	0.0885634588563	0.852626685263	0.00139470013947	0.0574151557415
-inu	0.346851032332	0.47648707813	0.0228750964612	0.153786793077
-ñam	0.300447213951	0.249602784158	0.0798743246768	0.370075677214
-rsa	0.187274909964	0.668667466987	0.0	0.144057623049
-blo	0.0238594651285	0.892326516343	0.00104876769795	0.0827652508302
-aop	0.557142857143	0.4	0.0	0.0428571428572
-änu	0.288696022726	0.19524411947	0.0778910546176	0.438168803187
-üña	0.331318084082	0.376634595086	0.0813711947269	0.210676126104
-iam	0.0061855670103	0.863917525773	0.0	0.129896907216
-ial	0.275214373214	0.0763576970192	0.0734993875051	0.574928542262
-ian	0.200956937799	0.751196172249	0.0478468899521	0.0
-nes	0.194805194805	0.788961038961	0.0162337662338	0.0
-ñac	0.450942670258	0.549057329742	0.0	0.0
-rso	0.0483870967742	0.951612903226	0.0	0.0
-äna	0.258853909237	0.203102776965	0.378466162987	0.159577150811
-iyu	0.192428300705	0.391599507692	0.191017010151	0.224955181452
-aan	0.111940298507	0.888059701493	0.0	0.0
-ñay	0.117805110356	0.200939524711	0.286031772162	0.395223592771
-iap	0.0534018987342	0.884606690778	0.0309109403255	0.0310804701627
-ias	0.0153725561821	0.949925039763	0.012328485651	0.0223739184037
-ooz	0.0714285714286	0.928571428571	0.0	0.0
-iay	0.373101952278	0.340563991323	0.225596529284	0.0607375271149
-aon	0.147058823529	0.852941176471	0.0	0.0
-nea	0.0952380952381	0.247619047619	0.657142857143	0.0
-ban	0.302936630603	0.548686244204	0.115919629057	0.032457496136
-bal	0.195210247842	0.405179615706	0.218602060707	0.181008075745
-ïta	0.209797918153	0.422040953298	0.0664947454349	0.301666383114
-unä	0.585915492958	0.188419405321	0.154616588419	0.071048513302
-uná	0.352963448256	0.20400165518	0.0379973854557	0.405037511108
-ptí	0.350959682108	0.289379825975	0.0855516439802	0.274108847937
-bas	0.0156107714323	0.976583842852	0.00780538571615	0.0
-job	0.0	1.0	0.0	0.0
-cyä	0.481430536451	0.0852819807428	0.405777166437	0.0275103163686
-nlá	0.367124585505	0.350544765514	0.154429180483	0.127901468498
-nya	0.0	1.0	0.0	0.0
-nlä	0.348188232702	0.417875472138	0.0664088826614	0.167527412498
-äpi	0.253227323304	0.309223402871	0.0748494476173	0.362699826208
-aso	0.0509646887513	0.850746268657	0.0	0.0982890425918
-ürá	0.225688073394	0.743119266055	0.00366972477064	0.0275229357798
-äpa	0.159715869008	0.507147890415	0.0696788347931	0.263457405785
-ash	0.299632657985	0.215637934306	0.129040527559	0.35568888015
-cpá	0.444134565104	0.332490848876	0.102884782988	0.120489803033
-cpä	0.313054496983	0.353226530349	0.0898359176065	0.243883055061
-urá	0.176704496489	0.0320716844761	0.00573589741591	0.785487921619
-ümi	0.195066964207	0.181883793836	0.0441427733293	0.578906468628
-lta	0.147247378583	0.628212102787	0.0922696192945	0.132270899335
-zor	0.0	1.0	0.0	0.0
-sní	0.231766260567	0.503394218063	0.129251823827	0.135587697543
-atä	0.831799820467	0.109290843806	0.0	0.0589093357271
-ywä	0.0102739726027	0.729452054794	0.013698630137	0.246575342466
-iná	0.298982750995	0.329500221141	0.15258735073	0.218929677134
-430	0.0617283950617	0.0	0.0	0.938271604938
-inä	0.482861400894	0.0894187779434	0.00894187779434	0.418777943368
-rap	0.020979020979	0.979020979021	0.0	0.0
-ran	0.131970854183	0.21593012027	0.0168448775349	0.635254148012
-iwa	0.0	0.910447761194	0.089552238806	0.0
-ram	0.10961387893	0.682119751102	0.0177195368195	0.190546833148
-pña	0.104838709677	0.582949308756	0.201612903226	0.110599078341
-üñä	0.396788403843	0.486304884353	0.0674195738988	0.0494871379052
-pos	0.0	1.0	0.0	0.0
-pop	0.0	1.0	0.0	0.0
-chu	0.423040735937	0.291222312378	0.10069421575	0.185042735935
-änä	0.580882352941	0.375	0.0441176470588	0.0
-mtá	0.341836734694	0.204081632653	0.0561224489796	0.397959183673
-äní	0.51662851536	0.109856298433	0.0158404470364	0.357674739171
-ïsa	0.294871794872	0.705128205128	0.0	0.0
-uju	0.124681851864	0.751602822256	0.081188182609	0.0425271432714
-500	0.093023255814	0.372093023256	0.0775193798449	0.457364341085
-lac	0.410610989131	0.322244226047	0.0971946075936	0.169950177229
-lal	0.352050328667	0.344636880611	0.118285969753	0.185026820969
-lam	0.249527984678	0.385479021028	0.116872864433	0.24812012986
-lan	0.219001851185	0.268462663957	0.133539629291	0.378995855566
-upa	0.285398693114	0.512754924075	0.196963002581	0.00488338022929
-ipä	0.35350979869	0.305326982097	0.0828096482894	0.258353570923
-ïsu	0.253890271309	0.310753808744	0.103858723778	0.331497196169
-fos	0.04243281471	0.95756718529	0.0	0.0
-lap	0.217601718907	0.461967543454	0.172011497051	0.148419240588
-las	0.205439248679	0.7277929955	0.0	0.0667677558207
-ñun	0.0988826815642	0.796927374302	0.0245810055866	0.0796089385475
-lay	0.251043425436	0.227172149504	0.0656944697122	0.456089955348
-aac	0.396551724138	0.544334975369	0.0	0.0591133004926
-ämi	0.368252906466	0.323466302985	0.0925215363923	0.215759254157
-awí	0.368349889324	0.482618935982	0.0566738269962	0.0923573476976
-ñup	0.93006993007	0.0699300699301	0.0	0.0
-awá	0.711206896552	0.224137931034	0.0	0.0646551724138
-hat	0.226890756303	0.329831932773	0.186974789916	0.256302521009
-awä	0.28640776699	0.582524271845	0.0	0.131067961165
-mya	0.0850213525485	0.686289229036	0.0134330460674	0.215256372349
-ätá	0.409933000656	0.3476696535	0.10296297465	0.139434371194
-ypi	0.240815647229	0.165223681942	0.0783744710776	0.515586199751
-bop	0.0	0.992562982244	0.0	0.00743701775587
-doc	0.0	1.0	0.0	0.0
-don	0.0	1.0	0.0	0.0
-ära	0.172254750762	0.660637552781	0.0559937119917	0.111113984465
-nña	0.364493094253	0.40964256568	0.0622806778329	0.163583662235
-sas	0.0	1.0	0.0	0.0
-sar	0.0	0.996061700033	0.00393829996718	0.0
-'uy	0.145372460497	0.551241534989	0.0758465011287	0.227539503386
-sap	0.0111982082867	0.767637178052	0.0195968645017	0.20156774916
-ïju	0.0927811722108	0.614166100928	0.0475220638153	0.245530663046
-hic	0.196194607318	0.462036445426	0.0359080430085	0.305860904248
-ibu	0.164239953407	0.605707629587	0.195107746069	0.0349446709376
-say	0.15300400534	0.721495327103	0.0120160213618	0.113484646195
-'up	0.152173913043	0.847826086957	0.0	0.0
-äli	0.269662921348	0.0	0.0	0.730337078652
-mpa	0.111790514623	0.600260812401	0.0274977674298	0.260450905547
-äbu	0.0	1.0	0.0	0.0
-ges	0.0432276657061	0.884726224784	0.0720461095101	0.0
-tos	0.0416666666667	0.958333333333	0.0	0.0
-top	0.245721271394	0.743132460808	0.00970803969508	0.00143822810298
-sus	0.0331222696783	0.583291440887	0.00184579560431	0.38174049383
-mpu	0.250865127341	0.391428005153	0.0496680210088	0.308038846497
-stá	0.139855480555	0.114116424611	0.129956453801	0.616071641033
-sam	0.116297036902	0.177013270315	0.473095800764	0.23359389202
-sal	0.512942524576	0.266853627646	0.036982087932	0.183221759846
-lon	0.0	1.0	0.0	0.0
-ucú	0.533684820774	0.17458789556	0.03215891316	0.259568370506
-ypa	0.171891534879	0.251715094036	0.0261320564174	0.550261314667
-rop	0.0815552054991	0.743770585708	0.0710654446513	0.103608764141
-iel	0.195939230442	0.708220928582	0.0830611955133	0.0127786454636
-ucü	0.345109226621	0.324333698073	0.115132478799	0.215424596506
-ïdu	0.547363849904	0.222320917471	0.188863228124	0.0414520045005
-loe	0.0881889763779	0.911811023622	0.0	0.0
-cli	0.23173391494	0.735550708833	0.0	0.0327153762268
-clu	0.235087719298	0.159844054581	0.495126705653	0.109941520468
-láw	0.0939021311889	0.427608092027	0.280083660885	0.198406115899
-oca	0.0587084148728	0.941291585127	0.0	0.0
-rom	0.0249708673215	0.741801231896	0.151073747295	0.0821541534875
-ucá	0.388181004201	0.221296232523	0.216957090709	0.173565672567
-hyä	0.378859857482	0.194774346793	0.309976247031	0.116389548694
-los	0.011639185257	0.891367604268	0.0	0.0969932104752
-lop	0.113152676801	0.684864507601	0.0190350297422	0.182947785856
-ipi	0.287428019706	0.465612323153	0.0989012169194	0.148058440221
-win	0.20321239065	0.613796070558	0.0189301591854	0.164061379607
-ünu	0.153785911545	0.543402992457	0.0489056510449	0.253905444953
-ipa	0.143960015535	0.494280301681	0.251208810964	0.110550871819
-ida	0.0	1.0	0.0	0.0
-ipe	0.0	0.963674321503	0.0237995824635	0.0125260960334
-noé	0.0119837451252	0.988016254875	0.0	0.0
-rda	0.019164330878	0.942637376964	0.000782217586857	0.0374160745714
-npa	0.199099896745	0.183371704348	0.0483403917626	0.569188007144
-rdo	0.0156985871272	0.733124018838	0.251177394035	0.0
-rdi	0.062294197031	0.565236167341	0.195951417004	0.176518218623
-ïnu	0.111881610721	0.661168573751	0.200755427442	0.0261943880862
-awi	0.0432560192502	0.621944100352	0.236726325232	0.0980735551664
-ätu	0.3708043544	0.389590263078	0.020411248866	0.219194133656
-ämá	0.302754210203	0.442859414609	0.139303854897	0.115082520291
-awa	0.065322189577	0.0648230025387	0.0365404912	0.833314316684
-mpi	0.193746057493	0.482562854826	0.0108137334415	0.31287735424
-ämä	0.646733831654	0.278518037049	0.0	0.0747481312967
-y'a	0.270972034272	0.0929733872292	0.0339330424825	0.602121536016
-láy	0.169517255339	0.633404176365	0.0313733427791	0.165705225517
-äta	0.243120220468	0.38303802747	0.0710011772866	0.302840574775
-ämü	0.469837022622	0.386645585016	0.0486499635125	0.0948674288494
-rbí	0.664335664336	0.020979020979	0.013986013986	0.300699300699
-wda	0.204572803851	0.590854392299	0.0601684717208	0.14440433213
-ypá	0.299330105098	0.511590158951	0.0619679927039	0.127111743247
-ypä	0.190354109129	0.266051290035	0.11728007788	0.426314522956
-mal	0.627316586587	0.223631775692	0.0228140261818	0.126237611539
-npi	0.281210435893	0.407480221534	0.0848378291955	0.226471513378
-276	0.0	0.283018867925	0.0	0.716981132075
-mpá	0.20718670807	0.0423992575936	0.0759360388335	0.674477995503
-sto	0.042999648794	0.936441797787	0.00860590608245	0.0119526473368
-mpú	0.437395192845	0.399105645612	0.134153158189	0.0293460033538
-ste	0.328125	0.373697916667	0.0455729166666	0.252604166667
-sta	0.0922385443829	0.407450031804	0.0221471009148	0.478164322898
-saí	0.512820512821	0.487179487179	0.0	0.0
-clä	0.59934318555	0.147783251232	0.0459770114942	0.206896551724
-sac	0.0995575221239	0.325221238938	0.396017699115	0.179203539823
-cum	0.386171572812	0.409199890536	0.063758786745	0.140869749907
-cul	0.456645364699	0.196493518093	0.0355848022638	0.311276314944
-oli	0.0520833333333	0.947916666667	0.0	0.0
-cuc	0.586535883931	0.116140392155	0.010583990172	0.286739733742
-ymi	0.0597495946842	0.0523251084962	0.00944810438296	0.878477192437
-cuy	0.354739902056	0.368474407217	0.0538289583028	0.222956732424
-200	0.0577140093503	0.490085442528	0.0693212961471	0.382879251975
-uca	0.143666744982	0.482078738214	0.191268502104	0.1829860147
-'un	0.0744574802546	0.374204432175	0.0728471742965	0.478490913274
-itú	0.369649805447	0.568093385214	0.0622568093385	0.0
-lem	0.0643776824034	0.935622317597	0.0	0.0
-muc	0.467840960054	0.269025563305	0.0456830026446	0.217450473996
-ccá	0.670021370629	0.209067026637	0.0332793798724	0.0876322228615
-lea	0.0353324877695	0.863562239536	0.0210183004167	0.0800869722776
-mun	0.409860064809	0.331414438004	0.0564823241008	0.202243173086
-yta	0.179124719927	0.471946349262	0.0257016033824	0.323227327429
-ilä	0.203389685622	0.462696646502	0.157703299929	0.176210367947
-ëmi	0.0	1.0	0.0	0.0
-ćhä	0.125582525716	0.35622293997	0.219932768762	0.298261765551
-iop	0.104022191401	0.791955617198	0.0208044382802	0.0832177531207
-muy	0.593118688404	0.257861931804	0.0537068384897	0.0953125413019
-ćhá	0.380792290642	0.312746352553	0.0910969799665	0.215364376839
-itá	0.246571904747	0.24420388374	0.0454714447129	0.463752766801
-spá	0.0972515856237	0.558139534884	0.127319708715	0.217289170778
-rra	0.0	0.990245488538	0.00975451146153	0.0
-spä	0.144651221003	0.48815721799	0.0729011458635	0.294290415144
-jap	0.0	0.722772277228	0.277227722772	0.0
-ïyá	0.381909547739	0.195979899497	0.422110552764	0.0
-ïna	0.0966981132076	0.72641509434	0.0707547169811	0.106132075472
-n'ú	0.364181091878	0.196404793608	0.239680426099	0.199733688415
-alu	0.347996384453	0.407954203073	0.0253088279602	0.218740584513
-ndu	0.279875907934	0.659935724768	0.0234065872824	0.0367817800152
-san	0.326252790501	0.4301529254	0.104875069141	0.138719214959
-gio	0.109953901314	0.878094587673	0.0119515110125	0.0
-n'á	0.152	0.412	0.06	0.376
-udá	0.0	1.0	0.0	0.0
-gun	0.0833861093519	0.853282668356	0.0379987333756	0.025332488917
-ëta	0.0609212481427	0.921248142645	0.0	0.0178306092125
-ndo	0.0	0.959032383925	0.0409676160749	0.0
-nda	0.0	0.387218045113	0.323308270677	0.28947368421
-ala	0.578315589647	0.126895182459	0.0132044500618	0.281584777833
-acü	0.160857230346	0.556885482932	0.062157230549	0.220100056173
-ïcu	0.0958247775495	0.235455167693	0.555783709788	0.112936344969
-ücu	0.393805309735	0.382005899705	0.171091445428	0.0530973451328
-uña	0.261845006851	0.116090153186	0.311960669715	0.310104170248
-hmi	0.293178893179	0.377992277992	0.147361647362	0.181467181467
-mla	0.0413407821229	0.255865921788	0.106517690875	0.596275605214
-öpa	0.801587301587	0.198412698413	0.0	0.0
-gpa	0.0	1.0	0.0	0.0
-jay	0.352836969175	0.491977526953	0.0132105076682	0.141974996204
-abé	0.0345489443378	0.852847088932	0.0172744721689	0.0953294945617
-cla	0.0444672481615	0.593466735078	0.274841799213	0.0872242175474
-chi	0.0688631053736	0.833524729735	0.0712786599611	0.0263335049301
-idu	0.325925925926	0.435710337203	0.219789939193	0.0185737976783
-ncä	0.505822416303	0.249636098981	0.233624454148	0.0109170305677
-cha	0.181294383786	0.190944953039	0.0720819955899	0.555678667585
-loi	0.0	0.986577181208	0.013422818792	0.0
-ncá	0.265956572112	0.316978734537	0.100145756251	0.316918937101
-150	0.167512690355	0.63959390863	0.00761421319797	0.185279187817
-153	0.0	0.0326797385621	0.130718954248	0.83660130719
-tta	0.447131997236	0.497581202488	0.0138217000691	0.0414651002073
-ïpä	0.235636748742	0.563674874239	0.108022239873	0.0926661371458
-ïpá	0.617161716172	0.247524752475	0.118811881188	0.0165016501651
-acá	0.293973297497	0.351489327535	0.0942396909118	0.260297684057
-cca	0.361445783133	0.416867469879	0.0481927710844	0.173493975904
-ćhu	0.169774943424	0.350195585779	0.0321929329177	0.447836537879
-itu	0.0315677688716	0.882035466461	0.0583930987329	0.0280036659344
-omé	0.0199501246883	0.870324189526	0.0	0.109725685785
-loc	0.0	1.0	0.0	0.0
-pnu	0.412790697674	0.290697674419	0.0	0.296511627907
-ito	0.0905149463755	0.898836236404	0.0106488172207	0.0
-tes	0.0	1.0	0.0	0.0
-eso	0.0	1.0	0.0	0.0
-ćhi	0.0666666666667	0.738888888889	0.161111111111	0.0333333333333
-iti	0.483289124669	0.306631299735	0.0572944297082	0.152785145889
-ite	0.0	1.0	0.0	0.0
-ćha	0.323452127272	0.254351172289	0.0982578694321	0.323938831006
-ytá	0.177671203039	0.462488255226	0.0313019976105	0.328538544125
-ita	0.330032127631	0.403556671383	0.0483161549038	0.218095046082
-spa	0.02435409104	0.281860487623	0.00460352333557	0.689181898001
-alü	0.554073540014	0.234318673396	0.0205479452054	0.191059841384
-n'u	0.329438867862	0.478031923647	0.0789863419451	0.113542866546
-bru	0.0923091731639	0.328231783617	0.0	0.579459043219
-spi	0.195908328754	0.382565430873	0.0146825235565	0.406843716816
-ïní	0.336753485925	0.360168376743	0.168376742962	0.13470139437
-fan	0.0	1.0	0.0	0.0
-m'a	0.288033293679	0.0587254664019	0.049017462471	0.604223777448
-spo	0.0	1.0	0.0	0.0
-n'a	0.36506529533	0.157405686806	0.0382622377491	0.439266780115
-alí	0.0518381602166	0.93779420774	0.0	0.0103676320433
-fat	0.0	1.0	0.0	0.0
-o'a	0.275748686374	0.557944618162	0.100415847329	0.0658908481351
-bri	0.0795871417025	0.296151215569	0.544052726481	0.080208916247
-ndä	0.0739566825145	0.499735868991	0.00475435816165	0.421553090333
-alá	0.347139095044	0.163970734777	0.0448354050541	0.444054765125
-hum	0.0285986653956	0.264061010486	0.592945662536	0.114394661582
-hun	0.374393466403	0.221174058405	0.0522202416848	0.352212233507
-rim	0.419729206963	0.135396518375	0.0338491295938	0.411025145068
-c'a	0.348688521936	0.393425117675	0.0823975521047	0.175488808284
-huc	0.298365783938	0.107383636266	0.0777735828704	0.516476996926
-ücá	0.470883082935	0.275268664018	0.064045763717	0.18980248933
-huy	0.195205183585	0.154600431965	0.327948164147	0.322246220302
-mlä	0.359075535513	0.471815107103	0.112739571589	0.0563697857948
-d'a	0.267504008552	0.268973810796	0.0	0.463522180652
-lot	0.0	1.0	0.0	0.0
-gil	0.11031765575	0.382664368382	0.295001231224	0.212016744644
-vap	0.701125895599	0.2835209826	0.0153531218014	0.0
-chí	0.475911696548	0.21929503598	0.0389071838029	0.265886083669
-chï	0.38568989906	0.40848905033	0.0977781949635	0.108042855646
-chá	0.164279349265	0.0321378491562	0.00373749379676	0.799845307782
-snu	0.876288659794	0.0618556701031	0.0618556701031	0.0
-chä	0.165619398056	0.356656288329	0.158826304368	0.318898009246
-nca	0.216348506482	0.379342427864	0.0342245839552	0.370084481698
-tun	0.0642319509776	0.221717904486	0.22806505779	0.485985086746
-aen	0.0	0.958620689655	0.0413793103448	0.0
-tup	0.0480892917219	0.817577328769	0.0235251627713	0.110808216738
-son	0.0	0.968186638388	0.0	0.0318133616119
-chü	0.422405876951	0.353535353535	0.224058769513	0.0
-ïpi	0.302124621483	0.499864595386	0.0954725621014	0.10253822103
-elí	0.0	0.96644295302	0.013422818792	0.0201342281879
-tuy	0.467181467181	0.51833976834	0.0144787644788	0.0
-iyá	0.28075325224	0.239332300597	0.021212174556	0.458702272607
-así	0.10753462877	0.459855089484	0.175886096708	0.256724185038
-cña	0.479265199808	0.321132359997	0.0697100555213	0.129892384673
-vam	0.533333333333	0.34358974359	0.0	0.123076923077
-tan	0.191493784515	0.224368942167	0.0492993915975	0.534837881721
-gal	0.46735395189	0.0601374570447	0.16323024055	0.309278350515
-lix	0.00571973307912	0.95328884652	0.00571973307913	0.0352716873213
-liy	0.413585025408	0.287003238199	0.0595383611757	0.239873375217
-quí	0.0802987861811	0.046685340803	0.0354808590103	0.837535014006
-rup	0.00553403431101	0.961261759823	0.0	0.0332042058661
-lmi	0.330637005147	0.173464127005	0.030074729115	0.465824138733
-lip	0.0	1.0	0.0	0.0
-lis	0.0466542255398	0.817382031458	0.0159957344708	0.119968008531
-ico	0.0707381370826	0.695957820738	0.226713532513	0.00659050966608
-lin	0.132537635796	0.230655635908	0.180534424095	0.456272304201
-lio	0.00335519089306	0.97614086476	0.000372798988116	0.0201311453583
-run	0.222035155232	0.597959633616	0.0897921552122	0.0902130559397
-quï	0.288798133022	0.343640606768	0.0	0.36756126021
-sué	0.155555555556	0.711111111111	0.0	0.133333333333
-rum	0.0156877392847	0.879167055748	0.0528527406854	0.0522924642823
-ice	0.0128507174984	0.941100878132	0.0460484043693	0.0
-lia	0.0108069164265	0.801873198847	0.1765129683	0.0108069164265
-ica	0.145261912586	0.565540322051	0.0448809727243	0.244316792639
-lic	0.272890746501	0.0601914852255	0.0101655650596	0.656752203214
-eap	0.00988033812713	0.967285102646	0.00329344604238	0.0195411131848
-eas	0.0	0.986633994208	0.0133660057919	0.0
-üpä	0.232529931041	0.411015521463	0.0893101821694	0.267144365327
-äcu	0.0828192941652	0.619880675498	0.0	0.297300030337
-üpá	0.125902165196	0.497193263833	0.0	0.37690457097
-ümá	0.257254593305	0.447670019923	0.0734692672849	0.221606119487
-añä	0.523933039727	0.143078114665	0.0209033191807	0.312085526427
-añá	0.400907715582	0.334341906203	0.219364599092	0.0453857791225
-cmi	0.211604946617	0.334811951775	0.0548893439343	0.398693757673
-slä	0.727366255144	0.249485596708	0.0102880658436	0.0128600823045
-añü	0.564838990426	0.0417754569191	0.0818102697998	0.311575282855
-ode	0.0839160839161	0.916083916084	0.0	0.0
-rna	0.0	0.912663755458	0.0873362445415	0.0
-ëpa	0.0233974924951	0.969980575667	0.00529754547062	0.00132438636765
-ycu	0.210222980969	0.380333476083	0.0401792119874	0.369264330961
-riy	0.0950704225352	0.549882629108	0.0821596244131	0.272887323944
-ïña	0.287714215749	0.348393978509	0.0235331227665	0.340358682975
-ïbu	0.501051998798	0.105199879772	0.114217012323	0.279531109107
-ïtá	0.301034441157	0.308594851664	0.113047917172	0.277322790007
-lwa	0.0763187429854	0.839057239057	0.0329966329966	0.0516273849607
-alä	0.255674034734	0.268045201663	0.105171490217	0.371109273387
-śhü	0.0634364222311	0.0833945835925	0.722564595466	0.130604398711
-rga	0.0469914040114	0.873925501433	0.0232091690544	0.0558739255014
-lil	0.477774450353	0.238326814012	0.0615151674216	0.222383568214
-śhá	0.126357337031	0.231095715894	0.169742195676	0.472804751399
-śhä	0.445164614072	0.213526403681	0.0446334528062	0.296675529441
-nní	0.714564052606	0.285435947394	0.0	0.0
-hnu	0.892510402219	0.0866851595007	0.0104022191401	0.0104022191401
-gta	0.0	1.0	0.0	0.0
-nnä	0.109842210792	0.700374858338	0.114479993026	0.0753029378433
-dup	0.153443341655	0.549655970286	0.0428667113194	0.25403397674
-dur	0.147653366145	0.852346633855	0.0	0.0
-apa	0.0904473041867	0.155311437382	0.0308145890689	0.723426669363
-pal	0.114612791774	0.742111010273	0.0603853312276	0.0828908667252
-war	0.0425101214575	0.891700404858	0.0080971659919	0.0576923076923
-älí	0.368497527016	0.347109040654	0.0758974434144	0.208495988915
-bya	0.0318057690984	0.888679808156	0.0	0.0795144227459
-älá	0.565407481089	0.291987631759	0.0335731414868	0.109031745665
-äsa	0.473290495828	0.465618106838	0.0157763498609	0.0453150474729
-way	0.028142087604	0.731377786142	0.142656433439	0.097823692815
-älä	0.316599632284	0.359374448358	0.177303452565	0.146722466793
-tiä	0.0852272727273	0.318181818182	0.532670454545	0.0639204545455
-älú	0.610778080008	0.0307524385384	0.00919108092656	0.349278400527
-y'á	0.106661482633	0.671073094868	0.140616899948	0.0816485225505
-byu	0.166666666667	0.0370370370371	0.796296296296	0.0
-pap	0.325027563396	0.50033076075	0.0441014332966	0.130540242558
-wan	0.194921498492	0.43689273997	0.0575004241779	0.31068533736
-wam	0.0599201065246	0.880159786951	0.0	0.0599201065246
-pas	0.0254237288136	0.949152542373	0.0254237288136	0.0
-dum	0.306200076075	0.156452073032	0.426849562571	0.110498288323
-dun	0.0237047070776	0.226831470821	0.725759115024	0.0237047070775
-äsu	0.237351875607	0.273602870122	0.025814705504	0.463230548767
-nun	0.00948324696306	0.874703648532	0.0	0.115813104505
-uiy	0.551138096426	0.198508414428	0.0873326124927	0.163020876653
-älï	0.260083234194	0.384741256759	0.271297087662	0.083878421385
-num	0.209445200019	0.507386390283	0.139520705342	0.143647704357
-icú	0.382896574386	0.201963361538	0.214408937813	0.200731126263
-suy	0.343698854337	0.424936765362	0.158458562714	0.0729058175868
-wsä	0.153473344103	0.690899299946	0.0912762520194	0.0643511039311
-aśh	0.163001315601	0.586094359874	0.141055243144	0.109849081381
-icó	0.0	1.0	0.0	0.0
-sup	0.0898862283859	0.438408823769	0.45100575881	0.0206991890354
-uñá	0.208107635855	0.463218591648	0.166171588328	0.162502184169
-sun	0.167422140648	0.511560873786	0.0976822553353	0.223334730231
-sum	0.148322227511	0.528914802475	0.0853760114231	0.237386958591
-sul	0.0	0.857539315449	0.142460684551	0.0
-s'a	0.185481315688	0.426304328774	0.0163314973742	0.371882858164
-uñä	0.34817344758	0.31179523786	0.0562871838693	0.283744130691
