-cac	0.440607485084	0.447839450371	0.0370638220937	0.0744892424516
-cai	0.179768356848	0.142599320687	0.0326434121653	0.6449889103
-can	0.109341604271	0.0590387070873	0.00794503633456	0.823674652307
-aja	0.844370860927	0.155629139073	0.0	0.0
-cas	0.170072130811	0.371730369382	0.0175193161691	0.440678183638
-car	0.0	1.0	0.0	0.0
-rba	0.165165824731	0.697342411597	0.0161432022842	0.121348561388
-ive	0.0188788085374	0.943363574388	0.0	0.0377576170748
-cau	0.802631578947	0.118421052632	0.0526315789474	0.0263157894737
-caz	0.0	1.0	0.0	0.0
-rbi	0.0684365781711	0.762831858407	0.0141592920354	0.154572271386
-ion	0.018244013683	0.966172557963	0.0	0.0155834283542
-aus	0.027027027027	0.972972972973	0.0	0.0
-len	0.030980481162	0.880390376759	0.0251929187472	0.0634362233319
-nsu	0.083210745123	0.500607611129	0.344547489607	0.0716341541414
-auc	0.197306378897	0.199155719266	0.0423075404301	0.561230361406
-nso	0.0	1.0	0.0	0.0
-bta	0.182926829268	0.552845528455	0.20325203252	0.0609756097561
-nsi	0.931818181818	0.0681818181818	0.0	0.0
-nsa	0.0565018207447	0.724069070833	0.0963232702925	0.12310583813
-aun	0.442391905393	0.299193567111	0.0661428187699	0.192271708727
-uac	0.264812778792	0.559279980602	0.0704419233873	0.105465317218
-nto	0.00847697089573	0.987284543656	0.0	0.00423848544786
-nta	0.279498883339	0.411938860006	0.110543913783	0.198018342872
-nte	0.0	1.0	0.0	0.0
-uan	0.167912936622	0.367241497476	0.0449788787215	0.41986668718
-uas	0.211806675663	0.39545309887	0.0622530088608	0.330487216607
-apa	0.125594130847	0.0684401968105	0.0850715206768	0.720894151666
-puc	0.359439740199	0.580792323132	0.0115773242943	0.048190612375
-pun	0.564334085779	0.312766491096	0.0551793328317	0.0677200902935
-ntu	0.121951219512	0.0914634146341	0.75	0.0365853658536
-pui	0.204951202095	0.53915734349	0.00714115686741	0.248750297548
-pra	0.0899283920766	0.780340370129	0.129731237794	0.0
-smu	0.4375	0.3125	0.0833333333333	0.166666666667
-pre	0.0	0.984293193717	0.0	0.0157068062827
-nma	0.185026722645	0.561298056644	0.039025397576	0.214649823135
-arí	0.626398210291	0.20581655481	0.0	0.167785234899
-aré	0.0	1.0	0.0	0.0
-nmi	0.374147549887	0.334303546354	0.103634928365	0.187913975394
-opo	0.38	0.6	0.02	0.0
-sma	0.277359882818	0.438385885307	0.0422912146609	0.241963017214
-meí	0.0	1.0	0.0	0.0
-ope	0.0246069719754	0.947368421053	0.0136705399863	0.0143540669856
-opa	0.0	0.992743105951	0.00725689404934	0.0
-smi	0.172166203069	0.517680327774	0.0223672605009	0.287786208656
-dea	0.012354576341	0.966436734274	0.00350046329661	0.0177082260887
-msa	0.103450329548	0.0519336139125	0.199267450171	0.645348606369
-dec	0.0674356699201	0.921916592724	0.00532386867791	0.00532386867791
-rbe	0.0125786163522	0.987421383648	0.0	0.0
-júu	0.0805369127516	0.664429530202	0.147651006711	0.107382550336
-bba	0.0	1.0	0.0	0.0
-deo	0.0612244897959	0.892857142857	0.0	0.0459183673469
-ima	0.178439037215	0.203023753483	0.0239999419339	0.594537267368
-des	0.0681967372541	0.85862245022	0.0561620189151	0.0170187936107
-lga	0.0567848272748	0.811244073154	0.0190787988259	0.112892300745
-imi	0.388673098973	0.252963840209	0.0586949792685	0.29966808155
-imo	0.00392464678179	0.9784144427	0.017660910518	0.0
-ido	0.14371257485	0.435129740519	0.311377245509	0.109780439122
-lla	0.239623190098	0.316214751927	0.161693460528	0.282468597447
-obo	0.0	1.0	0.0	0.0
-rpa	0.0605574850832	0.741740137145	0.13091103393	0.0667913438418
-eca	0.294642857143	0.651785714286	0.0267857142857	0.0267857142857
-oba	0.0119521912351	0.983665338645	0.00438247011952	0.0
-llo	0.0395846384991	0.894052879311	0.0134720828505	0.0528903993392
-ida	0.0230303030303	0.949696969697	0.00363636363637	0.0236363636364
-bic	0.276218676802	0.535068723207	0.0426481636982	0.146064436293
-llu	0.168717219212	0.48521538946	0.241005983342	0.105061407986
-bia	0.0	1.0	0.0	0.0
-bin	0.113753877973	0.834539813857	0.0206825232678	0.0310237849018
-güi	0.229813015773	0.520630941189	0.00905324001531	0.240502803022
-yuc	0.147496504229	0.459949414044	0.289808482838	0.102745598889
-bii	0.451612903226	0.427419354839	0.108870967742	0.0120967741935
-eja	0.00975540788916	0.957443800368	0.00339318535274	0.0294076063905
-100	0.00786525854956	0.0232222799054	0.112298413735	0.85661404781
-uta	0.235241523635	0.48903673086	0.0715122510968	0.204209494407
-ric	0.206342956579	0.309580512656	0.0814818410752	0.402594689689
-ria	0.0183526090025	0.860020633111	0.0172666558071	0.10436010208
-rin	0.566153441016	0.237887674283	0.0598696469821	0.136089237718
-rio	0.0324324324324	0.902702702703	0.0405405405405	0.0243243243243
-uti	0.0751858839197	0.0838921741152	0.0589676110151	0.78195433095
-ñor	0.0231091463989	0.886004992342	0.00153315691382	0.0893527043451
-riu	0.0759591413591	0.0804455218121	0.0457041155717	0.797891221257
-ris	0.144421502839	0.596194970872	0.118722808052	0.140660718236
-utu	0.117415152554	0.759170380528	0.044566335276	0.0788481316421
-gri	0.166506495144	0.528863467894	0.225137274542	0.0794927624201
-tel	0.232415902141	0.730886850153	0.0183486238532	0.0183486238532
-gro	0.0579710144928	0.864734299517	0.0	0.0772946859903
-gru	0.0765550239234	0.837320574163	0.0	0.0861244019139
-teo	0.0977570884469	0.815065594583	0.0177740160813	0.0694033008887
-lux	0.254901960784	0.675070028011	0.0280112044818	0.0420168067227
-dsi	0.153464892152	0.286645250115	0.102340523176	0.457549334557
-ara	0.531250582827	0.102185908677	0.0183269183669	0.348236590129
-aro	0.0716497125166	0.904467049978	0.0079610791685	0.015922158337
-ñáa	0.0809786523998	0.0228817434637	0.00219080522524	0.893948798911
-ari	0.264342904208	0.397653078378	0.0517027386754	0.286301278738
-rón	0.0176991150442	0.964601769912	0.0176991150442	0.0
-aru	0.0309903282932	0.594265086501	0.142351178314	0.232393406893
-mea	0.0	1.0	0.0	0.0
-lun	0.0129533678756	0.870466321244	0.116580310881	0.0
-meo	0.0	1.0	0.0	0.0
-aya	0.0839325910715	0.594155313025	0.0135854599764	0.308326635928
-rro	0.0500476644423	0.920757864633	0.00166825548141	0.0275262154433
-ayo	0.0216346153846	0.978365384615	0.0	0.0
-ero	0.0683111954459	0.931688804554	0.0	0.0
-ayu	0.175970362886	0.741517218153	0.0218910499284	0.0606213690326
-tyu	0.0864864864865	0.567567567567	0.118918918919	0.227027027027
-era	0.215313463515	0.618191161357	0.0431654676259	0.123329907503
-ndi	0.0933176117008	0.174300804773	0.0336856663483	0.698695917178
-cta	0.261337342561	0.286370362136	0.082986102324	0.369306192979
-ctu	0.0772394064009	0.817986769176	0.038262113356	0.0665117110674
-umu	0.458579881657	0.0295857988166	0.476331360947	0.0355029585798
-ota	0.0971506592212	0.693645278904	0.0134415994902	0.195762462384
-tán	0.224032586558	0.755600814664	0.020366598778	0.0
-ote	0.07903402854	0.92096597146	0.0	0.0
-oan	0.0	1.0	0.0	0.0
-sus	0.0254095759238	0.558268803294	0.00211721961176	0.41420440117
-tác	0.406779661017	0.210922787194	0.0998116760829	0.282485875706
-rán	0.0	1.0	0.0	0.0
-uma	0.196196746564	0.392847137129	0.0282102397344	0.382745876572
-eví	0.155217965654	0.818141787759	0.0	0.0266402465874
-umi	0.223433379891	0.210691071854	0.0458230974989	0.520052450755
ALL	0.216543474608	0.253646200318	0.0481384028566	0.481671922218
-nai	0.181976639195	0.594693074281	0.045553052091	0.177777234433
-nan	0.245330519892	0.108443412932	0.0181115462167	0.628114520959
-nac	0.347981591386	0.437877146836	0.0797621093243	0.134379152454
-sio	0.0	1.0	0.0	0.0
-sin	0.738461538462	0.175	0.0288461538462	0.0576923076923
-eba	0.0	1.0	0.0	0.0
-csa	0.204942736588	0.714687562789	0.00602772754673	0.0743419730761
-nas	0.150774658665	0.601412668512	0.0724833333263	0.175329339497
-sia	0.00950796291894	0.990492037081	0.0	0.0
-mos	0.0571015331212	0.90645067978	0.0121492623662	0.0242985247324
-gon	0.178913738019	0.447284345048	0.239616613419	0.134185303514
-igo	0.0276291659198	0.937623236766	0.0180977069343	0.0166498903796
-gog	0.0345821325649	0.953890489914	0.0115273775216	0.0
-mon	0.0137134080562	0.977510010788	0.0	0.00877658115595
-lún	0.0385852090032	0.932475884244	0.00964630225079	0.0192926045016
-yau	0.372027972028	0.437762237762	0.109090909091	0.0811188811189
-coi	0.306247374422	0.594610814379	0.0268859149013	0.0722558962973
-ber	0.0	1.0	0.0	0.0
-uai	0.296902626523	0.346957998076	0.0376186286201	0.318520746781
-lpa	0.107669493296	0.519466143114	0.0238522912402	0.34901207235
-yan	0.461558655484	0.164576553166	0.0379315830347	0.335933208316
-yai	0.206600003573	0.357961753092	0.204634653294	0.23080359004
-cos	0.161637931034	0.8125	0.0129310344827	0.0129310344827
-cor	0.0	1.0	0.0	0.0
-agé	0.12101910828	0.87898089172	0.0	0.0
-upu	0.161225019465	0.168362315079	0.0455489229172	0.624863742538
-reo	0.0277400054392	0.838999184118	0.0794125645907	0.0538482458525
-rea	0.0270491803279	0.955327868852	0.0102459016393	0.00737704918033
-isa	0.0	1.0	0.0	0.0
-eve	0.0	0.0289855072464	0.434782608696	0.536231884058
-sáa	0.750443374715	0.114644033443	0.017101596149	0.117810995693
-rey	0.0509501847247	0.819742592906	0.0176273150943	0.111679907276
-upa	0.227447525434	0.0887538823	0.105716052708	0.578082539558
-res	0.00847457627118	0.819209039548	0.123163841808	0.0491525423729
-gio	0.0588235294117	0.941176470588	0.0	0.0
-ret	0.0459520463354	0.951492696222	0.0	0.00255525744219
-upi	0.353023745126	0.313477792183	0.0595662989774	0.273932163713
-sic	0.550696854049	0.266670517098	0.102162313458	0.0804703153948
-hab	0.053164556962	0.946835443038	0.0	0.0
-hac	0.27704168754	0.340926186425	0.178388363036	0.203643762999
-naí	0.0703624733475	0.894456289979	0.0	0.0351812366738
-hai	0.150002028394	0.581304004559	0.052499010941	0.216194956105
-mas	0.123259704839	0.103673401777	0.190989106446	0.582077786938
-mar	0.027475297439	0.888334341601	0.00604960677556	0.0781407541843
-mau	0.27868852459	0.655737704918	0.0	0.0655737704918
-han	0.297647960719	0.367322309702	0.130556966164	0.204472763415
-mai	0.0339019210803	0.902522217705	0.0418654192826	0.0217104419318
-has	0.290900076706	0.32246356476	0.140167630166	0.246468728368
-mal	0.105550699301	0.843312937063	0.0314685314685	0.0196678321678
-man	0.741784972458	0.0445264429715	0.00860910810304	0.205079476468
-mac	0.15256142144	0.312898087816	0.19728954429	0.337250946454
-jun	0.144466917076	0.663873639603	0.0471925262448	0.144466917076
-hza	0.352760736196	0.303680981595	0.0337423312883	0.30981595092
-uni	0.499309287776	0.214462153966	0.058153518063	0.228075040196
-una	0.108186851076	0.293215600295	0.0278360600181	0.570761488611
-pta	0.0	1.0	0.0	0.0
-pto	0.034358974359	0.940256410256	0.0169230769231	0.00846153846154
-unu	0.0740389803747	0.255838265137	0.142766943159	0.527355811329
-666	0.399164054336	0.235109717868	0.0	0.365726227795
-gac	0.616309991136	0.182347726985	0.0911738634924	0.110168418387
-ada	0.0779271381258	0.854536008832	0.0246769270732	0.0428599259691
-gan	0.398518518518	0.548148148148	0.0533333333333	0.0
-tro	0.0612612612613	0.713513513513	0.0252252252252	0.2
-gai	0.394117647059	0.521568627451	0.0490196078432	0.0352941176471
-adi	0.0	1.0	0.0	0.0
-cpa	0.0961584233827	0.602465844718	0.169157899748	0.132217832151
-gau	0.0	1.0	0.0	0.0
-sna	0.0904881267566	0.018637614457	0.00143986160933	0.889434397177
-gar	0.191228921163	0.196450480783	0.492766855936	0.119553742118
-cpi	0.301845478243	0.143009802512	0.03477956508	0.520365154165
-lan	0.334272997033	0.276928783383	0.264169139466	0.124629080119
-seo	0.00841514726508	0.95652173913	0.00210378681627	0.0329593267882
-ini	0.50181920618	0.0705532904634	0.0209280382114	0.406699465145
-sem	0.0	1.0	0.0	0.0
-nos	0.0818181818181	0.918181818182	0.0	0.0
-lbi	0.0992215331838	0.788824383164	0.00474996701412	0.107204116638
-bel	0.0101653564652	0.856668473841	0.0	0.133166169694
-ino	0.0630539377057	0.715370979995	0.173714864523	0.0478602177766
-ina	0.257093047378	0.489662499012	0.107285195062	0.145959258547
-uis	0.138376383764	0.792947929479	0.0399753997539	0.0287002870029
-uiu	0.321911632101	0.454463480613	0.110009017133	0.113615870153
-sea	0.0327868852459	0.967213114754	0.0	0.0
-ira	0.424340017748	0.113528646876	0.0197855542056	0.442345781171
-uin	0.0834999471301	0.074178408218	0.394699303839	0.447622340813
-lbu	0.696312364425	0.303687635575	0.0	0.0
-uic	0.395950658832	0.513834796651	0.0483641150208	0.0418504294962
-set	0.0	1.0	0.0	0.0
-ses	0.0573847236661	0.824287937391	0.0229874666649	0.0953398722775
-ser	0.0322580645161	0.967741935484	0.0	0.0
-rsa	0.442244224422	0.19801980198	0.320132013201	0.039603960396
-blo	0.0471739685043	0.695642090127	0.00333974998261	0.253844191386
-ñan	0.596390460365	0.207284392919	0.180188833287	0.0161363134287
-dón	0.0161355385236	0.967728922953	0.0	0.0161355385236
-dac	0.0405207017846	0.216160231783	0.00576924944446	0.737549816988
-iac	0.100748106644	0.850763499784	0.0258604765717	0.0226279170002
-són	0.0	1.0	0.0	0.0
-rla	0.0254093732355	0.901185770751	0.0734048560135	0.0
-ian	0.214054927302	0.557350565428	0.139337641357	0.0892568659127
-iai	0.369426751592	0.467697907188	0.0755232029117	0.0873521383076
-nes	0.0447204968944	0.955279503106	0.0	0.0
-ñac	0.143341376537	0.55072963346	0.117488222452	0.188440767551
-rso	0.0449438202247	0.955056179775	0.0	0.0
-neo	0.0121089808274	0.866801210898	0.0121089808274	0.108980827447
-fos	0.0234375	0.9765625	0.0	0.0
-bed	0.0	1.0	0.0	0.0
-ias	0.0520096505868	0.864109616487	0.00692263283524	0.0769581000905
-ñau	0.0	0.195685670262	0.71186440678	0.0924499229584
-ooz	0.0681818181818	0.931818181818	0.0	0.0
-aon	0.0139953348884	0.986004665112	0.0	0.0
-ñas	0.142857142857	0.833333333333	0.0238095238095	0.0
-ban	0.264246588507	0.67016625024	0.0100903325005	0.0554968287526
-uun	0.415598348881	0.452657610969	0.104376920699	0.0273671194516
-bai	0.121943267036	0.750896641669	0.0215194000652	0.105640691229
-bag	0.661654135338	0.157894736842	0.135338345865	0.0451127819549
-bac	0.190651494448	0.519927024792	0.12902408207	0.16039739869
-uuc	0.610568586292	0.311399105595	0.0123208907548	0.0657114173588
-bas	0.0834016506398	0.150907532322	0.0225397468405	0.743151070198
-nya	0.378039451575	0.272636926517	0.176002144534	0.173321477374
-que	0.0	1.0	0.0	0.0
-mbu	0.138794084187	0.300113765643	0.105119453925	0.455972696246
-asa	0.183183183183	0.660660660661	0.0	0.156156156156
-qui	0.0987345281778	0.666080831882	0.125859433995	0.109325205945
-153	0.0335195530726	0.0670391061453	0.167597765363	0.731843575419
-asi	0.162348480922	0.608082992099	0.0086413079697	0.220927219009
-mba	0.0347736704819	0.0994670103652	0.0111804358378	0.854578883315
-asu	0.0578386605784	0.942161339422	0.0	0.0
-mbi	0.1964017991	0.629685157421	0.0614692653673	0.112443778111
-lta	0.132586548047	0.753868360513	0.0894901414251	0.0240549500151
-zor	0.0	1.0	0.0	0.0
-dia	0.0661359461114	0.933864053889	0.0	0.0
-430	0.219001610306	0.0	0.0	0.780998389694
-ras	0.13773355174	0.205292043067	0.00690745900212	0.65006694619
-ran	0.111823627485	0.0911003562752	0.0312454140782	0.765830602162
-eri	0.0	1.0	0.0	0.0
-ram	0.0	1.0	0.0	0.0
-red	0.0	1.0	0.0	0.0
-rai	0.196413655152	0.550758060367	0.0198908069866	0.232937477494
-rag	0.263157894737	0.112781954887	0.511278195489	0.112781954887
-uín	0.0	1.0	0.0	0.0
-rac	0.172785631012	0.325621664417	0.112941183907	0.388651520665
-aén	0.0	1.0	0.0	0.0
-ñug	0.188405797101	0.217391304348	0.507246376812	0.0869565217391
-pos	0.0191907884215	0.980809211578	0.0	0.0
-gel	0.0921347963118	0.814033331508	0.0113868316297	0.0824450405499
-zhu	0.401229350426	0.241174300639	0.112890791224	0.244705557711
-zhi	0.105098855359	0.0837669094693	0.30768612241	0.503448112761
-uga	0.195973283902	0.518014064554	0.113441445641	0.172571205903
-zha	0.133821866821	0.522903771465	0.00526993238999	0.338004429324
-aza	0.0194331983805	0.914979757085	0.0242914979757	0.0412955465587
-sec	0.0	1.0	0.0	0.0
-uju	0.0089837170129	0.876473891072	0.114542391915	0.0
-500	0.0488400488401	0.230769230769	0.04477004477	0.675620675621
-lac	0.196465468097	0.108259534559	0.176922268795	0.51835272855
-aat	0.0	1.0	0.0	0.0
-nor	0.16091954023	0.632183908046	0.0591133004926	0.147783251232
-lao	0.333333333333	0.571428571429	0.0	0.0952380952381
-lai	0.260010017297	0.270889004697	0.0747059763025	0.394395001704
-aam	0.0	1.0	0.0	0.0
-uja	0.0	0.325019719791	0.651316530819	0.0236637493896
-aan	0.0296296296296	0.703703703704	0.266666666667	0.0
-áca	0.288292253521	0.200264084507	0.485035211268	0.0264084507042
-las	0.112705123271	0.723008050477	0.0701521420451	0.0941346842068
-noc	0.0	0.966037735849	0.0339622641509	0.0
-noe	0.0	1.0	0.0	0.0
-aac	0.0	1.0	0.0	0.0
-dro	0.02763988394	0.814519418967	0.0	0.157840697093
-zta	0.0722891566265	0.927710843373	0.0	0.0
-doc	0.0	1.0	0.0	0.0
-yác	0.44776119403	0.477611940298	0.0	0.0746268656716
-don	0.0	1.0	0.0	0.0
-sas	0.312825366777	0.542830099385	0.0941788925698	0.0501656412683
-ión	0.0	0.952904238619	0.0470957613815	0.0
-vos	0.0400288496213	0.946988820772	0.0108186080058	0.00216372160116
-sac	0.135906964032	0.289284270711	0.0285217343863	0.546287030871
-oli	0.0	0.945454545455	0.0545454545455	0.0
-ibo	0.0	0.897832817337	0.046439628483	0.0557275541796
-tor	0.137390670554	0.782434402332	0.0255102040816	0.0546647230321
-ibi	0.158436494814	0.378316508548	0.0296099243015	0.433637072337
-sai	0.244683154274	0.409022214885	0.0676277051397	0.278666925701
-mpu	0.323966942149	0.218181818182	0.094214876033	0.363636363636
-san	0.473493721889	0.275698088456	0.0532116754123	0.197596514243
-sam	0.0	1.0	0.0	0.0
-hác	0.500962463908	0.361886429259	0.137151106833	0.0
-iel	0.128270042194	0.816033755274	0.0506329113924	0.00506329113924
-loi	0.0732831464127	0.759256414196	0.0875710554617	0.07988938393
-loe	0.0246812011518	0.901275195393	0.0123406005759	0.0617030028794
-loc	0.0	1.0	0.0	0.0
-hán	0.159338442921	0.805566760791	0.0242033077854	0.0108914885034
-aní	0.0	1.0	0.0	0.0
-lot	0.0442571127503	0.878819810327	0.0516332982086	0.0252897787144
-roi	0.244708994709	0.747354497355	0.00793650793651	0.0
-ipi	0.8	0.0666666666667	0.0	0.133333333333
-cga	0.0	1.0	0.0	0.0
-ipo	0.0366972477064	0.94495412844	0.0	0.0183486238532
-sar	0.0445670628183	0.917232597623	0.0	0.0382003395585
-ipa	0.055429458846	0.769800501732	0.149325050771	0.0254449886513
-ipe	0.00609343263372	0.986797562627	0.0	0.00710900473933
-rdo	0.0	0.716814159292	0.283185840708	0.0
-rdi	0.0612244897959	0.889795918367	0.0489795918367	0.0
-stu	0.202378581987	0.203702098652	0.151103438098	0.442815881263
-276	0.0	0.263157894737	0.0	0.736842105263
-sto	0.0554265015151	0.759962062866	0.00534155626846	0.179269879351
-sta	0.0492541609195	0.411850828717	0.00682369539944	0.532071314964
-saí	0.0	1.0	0.0	0.0
-bis	0.291946129444	0.501307570751	0.0636727057256	0.14307359408
-cun	0.343197234289	0.19296783623	0.0432779809275	0.420556948553
-ain	0.0123026450687	0.926184129588	0.0	0.0615132253434
-cui	0.0520945835631	0.107182211683	0.0217581526883	0.818965052066
-ank	0.184486746131	0.238747553816	0.0431417897171	0.533623910336
-cuc	0.333518116854	0.457893849485	0.025938992674	0.182649040986
-cua	0.0138855054811	0.905724725944	0.0540803897686	0.0263093788064
-200	0.0945026847353	0.557555612375	0.147481462542	0.200460240348
-uca	0.0302487599218	0.0188476781486	0.0116413902118	0.939262171718
-cus	0.0	0.926900584795	0.0730994152047	0.0
-tos	0.604519774011	0.372881355932	0.0225988700565	0.0
-lem	0.0	1.0	0.0	0.0
-muc	0.534883312656	0.141976830888	0.0256392312019	0.297500625253
-leo	0.0	1.0	0.0	0.0
-lea	0.0304489449086	0.955530378133	0.00212434499363	0.0118963319643
-mun	0.471301913206	0.351376574895	0.0457302846477	0.131591227251
-mui	0.824437259806	0.0749100225706	0.0240956505825	0.0765570670408
-leg	0.0	1.0	0.0	0.0
-ios	0.119536977132	0.431824485538	0.00378958894707	0.444848948383
-ága	0.0	1.0	0.0	0.0
-eel	0.0	1.0	0.0	0.0
-rra	0.024427480916	0.930788804071	0.0417302798982	0.0030534351145
-alu	0.218244472097	0.561118024313	0.0555183306212	0.165119172968
-ndu	0.0547407716649	0.809730818797	0.0550584163747	0.0804699931631
-áuc	0.515901060071	0.462897526502	0.0212014134275	0.0
-iba	0.250299376682	0.376283225694	0.0666305026458	0.306786894978
-zpa	0.0	1.0	0.0	0.0
-udá	0.0	1.0	0.0	0.0
-ali	0.133297829765	0.0638180864792	0.198203952678	0.604680131078
-nda	0.170312920874	0.30595206195	0.0620296253249	0.461705391851
-gia	0.0	0.956204379562	0.0437956204379	0.0
-ala	0.0736842105263	0.921052631579	0.00526315789473	0.0
-120	0.0674157303371	0.0	0.0674157303371	0.865168539326
-uva	0.295454545455	0.607954545454	0.0681818181818	0.0284090909091
-gpa	0.0	1.0	0.0	0.0
-abí	0.349593495935	0.325203252033	0.0	0.325203252033
-chi	0.196328236453	0.103176126631	0.0237751562957	0.67672048062
-cho	0.0595463137996	0.9404536862	0.0	0.0
-cha	0.134971697556	0.516182745809	0.0855606742796	0.263284882355
-ros	0.107038976149	0.730075625363	0.0	0.162885398488
-mga	0.0941915227629	0.905808477237	0.0	0.0
-iyo	0.076433121019	0.770700636943	0.0764331210191	0.0764331210192
-oré	0.119402985075	0.731343283582	0.0	0.149253731343
-elo	0.310243616085	0.663340181978	0.0176108012914	0.00880540064575
-oga	0.10597993408	0.700556581791	0.0333466140268	0.160116870103
-ela	0.218855218855	0.710437710438	0.0707070707071	0.0
-iya	0.38405484991	0.231521118094	0.0658726321804	0.318551399815
-chu	0.420205232071	0.252511291076	0.0887636258307	0.238519851022
-iyú	0.157071339174	0.137046307885	0.0	0.705882352941
-rig	0.396825396825	0.380952380952	0.222222222222	0.0
-cca	0.302923484512	0.238997099883	0.0690633699907	0.389016045614
-ter	0.013201320132	0.93399339934	0.052805280528	0.0
-ito	0.197168177308	0.642743033952	0.0765130240301	0.0835757647098
-tes	0.0	0.939660590823	0.0527969830295	0.00754242614707
-eso	0.00701902936852	0.987911671643	0.00311956860822	0.00194973038014
-iti	0.345976700081	0.425088052019	0.172040097534	0.0568951503658
-esa	0.337226129977	0.432571601656	0.0121159088614	0.218086359506
-ite	0.0337078651685	0.955056179775	0.0112359550562	0.0
-ita	0.124588594909	0.235972585636	0.0442265023514	0.595212317104
-spa	0.0130338101309	0.223716685968	0.0104217163295	0.752827787571
-spe	0.0558510638298	0.896276595745	0.0478723404255	0.0
-udu	0.43794341771	0.0919681177191	0.352719628624	0.117368835946
-fté	0.0	1.0	0.0	0.0
-spi	0.343985411285	0.38069057595	0.0160052536743	0.259318759091
-xga	0.0648148148148	0.814814814815	0.0555555555555	0.0648148148148
-aló	0.0	1.0	0.0	0.0
-spo	0.0	1.0	0.0	0.0
-fas	0.050303555941	0.918473547268	0.0104076322637	0.0208152645273
-bra	0.276315789474	0.486842105263	0.131578947368	0.105263157895
-uda	0.0	1.0	0.0	0.0
-fat	0.0	1.0	0.0	0.0
-ndá	0.128682315534	0.0927709716637	0.027868699149	0.750678013654
-alá	0.0732758620689	0.836206896552	0.0387931034483	0.051724137931
-hun	0.443232617168	0.269806718786	0.0568560906385	0.230104573407
-rim	0.0	1.0	0.0	0.0
-hui	0.10206818299	0.405023466914	0.416473258033	0.0764350920625
-hug	0.0896358543417	0.450980392157	0.109243697479	0.350140056022
-hua	0.230920811497	0.21227136397	0.0379283102706	0.518879514262
-huc	0.0350733678563	0.0324384711802	0.0612875307728	0.871200630191
-abe	0.0804195804195	0.853146853147	0.0034965034965	0.0629370629371
-aba	0.136054421769	0.761904761905	0.102040816327	0.0
-tra	0.0	1.0	0.0	0.0
-abo	0.0545454545455	0.809090909091	0.00909090909091	0.127272727273
-ron	0.257039055404	0.577202543142	0.152134423252	0.0136239782016
-vas	0.301427371956	0.691015952981	0.00755667506296	0.0
-tea	0.0251046025104	0.949790794979	0.0	0.0251046025105
-tui	0.133728830411	0.749444867928	0.0705929141948	0.0462333874656
-ael	0.0791883385296	0.580370945678	0.0671972952031	0.273243420589
-tun	0.0312917258929	0.173726233068	0.205778737656	0.589203303383
-los	0.0668802563076	0.871712721933	0.0	0.0614070217594
-gra	0.0394490006511	0.833377508666	0.00648476723031	0.120688723453
-oro	0.142180094787	0.81990521327	0.0379146919431	0.0
-elí	0.0	0.972307692308	0.0276923076923	0.0
-ncu	0.304225352113	0.329577464789	0.16338028169	0.202816901408
-gma	0.322534763094	0.251258276089	0.0239031823595	0.402303778458
-lix	0.0251021599533	0.932866316404	0.00700525394045	0.0350262697023
-rus	0.283015815458	0.516320325793	0.0724108114139	0.128253047335
-gmi	0.275921806156	0.473293431604	0.139009369337	0.111775392904
-dga	0.063436123348	0.888986784141	0.0211453744493	0.0264317180617
-ico	0.0468299711816	0.941642651297	0.00936599423632	0.0021613832853
-omi	0.18132299422	0.665770715889	0.025530632795	0.127375657097
-rui	0.12447257384	0.139240506329	0.194092827004	0.542194092827
-sbi	0.176470588235	0.735294117647	0.0882352941177	0.0
-ruc	0.0	1.0	0.0	0.0
-oma	0.139820619355	0.770593714351	0.0448974892989	0.0446881769945
-lig	0.208845208845	0.449631449631	0.110565110565	0.230958230958
-lia	0.00269058295964	0.99730941704	0.0	0.0
-ica	0.114188095666	0.831864772523	0.0188814961338	0.035065635677
-lic	0.106172388059	0.142906619106	0.368263523058	0.382657469777
-rnu	0.262648008611	0.544671689989	0.0936490850377	0.0990312163617
-cma	0.118513347296	0.832618596456	0.0209434526778	0.0279246035704
-cmi	0.285062713797	0.509692132269	0.205245153934	0.0
-nri	0.0893561103811	0.764783180026	0.11038107753	0.0354796320631
-rna	0.0	1.0	0.0	0.0
-rni	0.0	1.0	0.0	0.0
-zer	0.0	1.0	0.0	0.0
-uri	0.107512505988	0.79447471135	0.00711179443757	0.0909009882237
-hni	0.0130576713819	0.986942328618	0.0	0.0
-ura	0.556613318742	0.111180816516	0.0335022255788	0.298703639163
-rga	0.296821141325	0.630984297204	0.0105323630793	0.0616621983914
-uru	0.243369615208	0.611375134141	0.0659205886862	0.0793346619653
-pai	0.0940917409664	0.0683344624773	0.0102755096375	0.827298286919
-dur	0.172235294118	0.568	0.0338823529412	0.225882352941
-dus	0.5	0.261363636364	0.136363636364	0.102272727273
-pan	0.345067076068	0.469971122565	0.0932119749973	0.0917498263699
-api	0.0995140013885	0.133996760009	0.7074751215	0.0590141171025
-hiú	0.622572815534	0.260922330097	0.0	0.116504854369
-apu	0.414738341047	0.275542897828	0.0320398718405	0.277678889284
-dui	0.0985605911297	0.56069802478	0.0388162707652	0.301925113325
-pas	0.175813179842	0.384242735468	0.03228025897	0.407663825721
-pau	0.56610366919	0.241700640652	0.0873616773442	0.104834012813
-dsa	0.102272277685	0.384625529165	0.253339839371	0.259762353779
-liú	0.0967741935484	0.767741935484	0.116129032258	0.0193548387097
-400	0.367875647668	0.290155440415	0.0	0.341968911917
-nuc	0.111940298507	0.865671641791	0.0223880597015	0.0
-nua	0.0598205383848	0.9222333001	0.0	0.0179461615154
-íga	0.00390117035111	0.996098829649	0.0	0.0
-sue	0.0510752688172	0.948924731183	0.0	0.0
-suc	0.322953195867	0.433440875298	0.115958292421	0.127647636415
-nus	0.275103163686	0.683631361761	0.0	0.041265474553
-sua	0.0462962962963	0.760802469136	0.192901234568	0.0
-zín	0.0443951165371	0.908990011099	0.046614872364	0.0
-fes	0.346153846154	0.557692307692	0.0961538461539	0.0
-lui	0.864417568428	0.135582431572	0.0	0.0
-dio	0.0	1.0	0.0	0.0
-aña	0.115782219159	0.834596829773	0.00827015851136	0.0413507925568
-diu	0.213976041072	0.73313503382	0.0367533208377	0.0161356042702
-tus	0.635761589404	0.28476821192	0.0794701986755	0.0
-sla	0.326864147089	0.614913176711	0.00919305413687	0.0490296220633
-dis	0.0197011984896	0.965522902643	0.0147758988672	0.0
-añu	0.382352941176	0.529411764706	0.0882352941176	0.0
-odé	0.496221662468	0.332493702771	0.0	0.171284634761
-sli	0.0	1.0	0.0	0.0
-mec	0.0	1.0	0.0	0.0
-lba	0.0434672625322	0.823306210211	0.0358362494203	0.0973902778364
-igu	0.850746268657	0.119402985075	0.0	0.0298507462686
-sca	0.0807923656667	0.638904187862	0.00910751052314	0.271195935948
-tpa	0.0236468733578	0.976353126642	0.0	0.0
-anu	0.0	1.0	0.0	0.0
-tiu	0.377990430622	0.363636363636	0.0645933014354	0.193779904306
-ngu	0.092869243801	0.560080086247	0.0399892191591	0.307061450793
-ais	0.294514994164	0.527688164282	0.0663793352333	0.111417506321
-avo	0.0	1.0	0.0	0.0
-nga	0.303023921023	0.163860918775	0.0471327032089	0.485982456993
-eta	0.060881378959	0.904021963715	0.00934023944977	0.0257564178766
-tia	0.0	1.0	0.0	0.0
-tic	0.140596851257	0.548131902561	0.018798464792	0.29247278139
-tin	0.104428826533	0.430236322434	0.0415626729602	0.423772178072
-tio	0.11170212766	0.728723404255	0.159574468085	0.0
-lón	0.0794701986755	0.801324503311	0.0132450331126	0.105960264901
-ngo	0.0	0.828671328671	0.041958041958	0.129370629371
-ema	0.0466926070039	0.88560311284	0.011673151751	0.0560311284046
-jas	0.0	0.9609375	0.0390625	0.0
-rti	0.0929563437172	0.312897692691	0.570906877663	0.0232390859293
-emo	0.0527086383601	0.9121522694	0.01756954612	0.0175695461201
-260	0.0	0.136882129278	0.0	0.863117870722
-uia	0.018711018711	0.975051975052	0.0	0.006237006237
-jad	0.0	1.0	0.0	0.0
-das	0.199878413668	0.561035022485	0.0840268373119	0.155059726536
-rtu	0.192926406278	0.361702801897	0.118920725278	0.326450066547
-cio	0.156341568234	0.792608123771	0.0136741896415	0.0373761183534
-son	0.0430107526882	0.956989247312	0.0	0.0
-cia	0.0347368421053	0.754385964912	0.0120175438597	0.198859649123
-dpa	0.342857142857	0.615763546798	0.0177339901478	0.023645320197
-zar	0.0	1.0	0.0	0.0
-liu	0.479591836735	0.438775510204	0.0204081632653	0.061224489796
-cis	0.0	1.0	0.0	0.0
-shá	0.718468468468	0.0	0.281531531532	0.0
-icu	0.201984263353	0.311380809761	0.0555319796843	0.431102947201
-xta	0.0512820512821	0.615384615385	0.25641025641	0.076923076923
-rcu	0.140743932213	0.725549332184	0.0373641629566	0.0963425726458
-fán	0.0	1.0	0.0	0.0
-000	0.0915323827434	0.353149121125	0.0195612290263	0.535757267105
-eda	0.0	0.639004149378	0.360995850622	0.0
-xma	0.487179487179	0.461538461538	0.0512820512821	0.0
-ete	0.250688705234	0.749311294766	0.0	0.0
-ñai	0.0601120224045	0.173368006935	0.470460758818	0.296059211842
-lis	0.0376372190277	0.771040250915	0.0	0.191322530057
-eto	0.0	1.0	0.0	0.0
-rco	0.0860286028603	0.827634763476	0.0401320132013	0.046204620462
-atu	0.214120723872	0.442137577653	0.225606126685	0.118135571791
-dic	0.12	0.487272727273	0.36	0.0327272727273
-yac	0.0843059999233	0.110562082589	0.0962833449351	0.708848572552
-uya	0.110411751963	0.781944934849	0.0154643659457	0.0921789472427
-ías	0.0087744954665	0.9736765136	0.017548990933	0.0
-lin	0.251522276482	0.416591306445	0.113944655453	0.217941761621
-hca	0.320028653076	0.25024901235	0.124389092897	0.305333241677
-300	0.15666965085	0.429722470904	0.0376007162041	0.376007162041
-ebú	0.0547088706526	0.937475576397	0.0	0.00781555295036
-lio	0.0399809614469	0.905759162304	0.0285578296049	0.0257020466444
-ata	0.188894308768	0.262176220367	0.043559436724	0.505370034141
-amá	0.10824742268	0.89175257732	0.0	0.0
-ato	0.0635237773436	0.835989951373	0.0603799086221	0.0401063626614
-hcu	0.127768313458	0.782793867121	0.0	0.0894378194208
-uyu	0.127436281859	0.701042335975	0.0178482187478	0.153673163418
-ati	0.662420382166	0.299363057325	0.0	0.0382165605096
-ose	0.0488104374521	0.92018419033	0.00644666155026	0.0245587106677
-nis	0.148571428571	0.594285714286	0.142857142857	0.114285714286
-acu	0.0748386446971	0.752284562428	0.0116235705322	0.161253222342
-pac	0.25326530267	0.450206808307	0.0865042779519	0.210023611071
-ulo	0.101548214068	0.762525905157	0.00365719858589	0.132268682189
-oso	0.0	0.864253393665	0.135746606335	0.0
-ula	0.570667957406	0.264762826718	0.00968054211037	0.154888673766
-nic	0.348974088918	0.193889134936	0.0941844433351	0.362952332811
-ace	0.0	1.0	0.0	0.0
-nia	0.0309192337265	0.947977162301	0.0125967248515	0.00850687912052
-aca	0.450551092737	0.311230438947	0.0788097630564	0.15940870526
-nin	0.350481204367	0.122965004988	0.0147628726333	0.511790918011
-ice	0.0795420307321	0.692678517626	0.227779451642	0.0
-nbi	0.139992021929	0.405408240208	0.019077995968	0.435521741895
-dma	0.142378559464	0.523450586265	0.158291457286	0.175879396985
-shu	0.176000507389	0.209424747891	0.0799137438955	0.534661000824
-nba	0.0611149742574	0.880867592417	0.0334337751368	0.0245836581888
-shi	0.317919354885	0.351176941368	0.143571100434	0.187332603313
-nón	0.181818181818	0.818181818182	0.0	0.0
-ría	0.333333333333	0.635658914729	0.031007751938	0.0
-ome	0.0	0.947368421053	0.0323886639677	0.0202429149797
-iúc	0.372340425532	0.627659574468	0.0	0.0
-sha	0.288145325828	0.124714583341	0.0294698875641	0.557670203266
-fia	0.0	1.0	0.0	0.0
-fus	0.0	1.0	0.0	0.0
-yui	0.0758263123785	0.865845755023	0.0583279325988	0.0
-ilu	0.0	0.278029812054	0.721970187946	0.0
-dba	0.019313304721	0.951716738197	0.0	0.0289699570815
-lda	0.0189873417722	0.696202531646	0.284810126582	0.0
-ían	0.0	0.820051413882	0.179948586118	0.0
-eas	0.0130434782609	0.960869565217	0.0130434782609	0.0130434782609
-yug	0.221169036335	0.712480252765	0.0473933649289	0.0189573459716
-fre	0.0196078431373	0.418300653595	0.562091503268	0.0
-sga	0.0587084148728	0.829745596869	0.0880626223092	0.0234833659491
-ila	0.0292023707437	0.788388617799	0.113846923624	0.068562087833
-ilo	0.0933203118945	0.858934412253	0.0151916786805	0.0325535971725
-yus	0.0676532769556	0.932346723044	0.0	0.0
-ili	0.0	0.780487804878	0.219512195122	0.0
-lma	0.190853814097	0.706830712315	0.0202604898193	0.0820549837681
-iga	0.226448114154	0.260124361065	0.0426316992702	0.470795825511
-bus	0.0	0.97867803838	0.0	0.0213219616204
-nín	0.295918367347	0.65306122449	0.0	0.0510204081633
-lmi	0.0407882676443	0.840054995417	0.0916590284142	0.0274977085243
-amu	0.0476040817764	0.24736495725	0.0233506228714	0.681680338102
-ebe	0.327272727273	0.672727272727	0.0	0.0
-ami	0.364359912063	0.261435711134	0.0659531773185	0.308251199485
-amo	0.0	1.0	0.0	0.0
-ama	0.220054928491	0.240094779288	0.030548645101	0.50930164712
-tma	0.101167315175	0.677042801556	0.15953307393	0.0622568093385
-oas	0.0	1.0	0.0	0.0
-usi	0.703081232493	0.226890756303	0.0420168067227	0.0280112044818
-iro	0.0168905535348	0.937731839954	0.0136132819534	0.0317643245579
-iri	0.391427225624	0.220207253886	0.268016957136	0.120348563354
-hin	0.369551244217	0.332104114277	0.0660998972255	0.232244744281
-usa	0.276450511945	0.655290102389	0.0682593856656	0.0
-hic	0.180012856645	0.587033903168	0.0624969932282	0.170456246959
-món	0.0	0.854251012146	0.0728744939271	0.0728744939271
-eon	0.0980151923548	0.789267336437	0.0300171526586	0.0827003185493
-gui	0.418660108245	0.263338897512	0.0547330776993	0.263267916544
-uli	0.659003831418	0.268199233716	0.0114942528736	0.0613026819923
-iru	0.157597936931	0.254630669962	0.337966678437	0.249804714669
-his	0.0146151542378	0.00598981731057	0.0516921233902	0.927702905061
-hiu	0.384766103355	0.498897869214	0.0236754020736	0.0926606253572
-usu	0.18152173913	0.292391304348	0.39347826087	0.132608695652
-vid	0.0763655819836	0.875966729899	0.0	0.0476676881172
-uza	0.0	1.0	0.0	0.0
-ñuc	0.123415264861	0.42491882904	0.0191387748037	0.432527131295
-ása	0.289904291448	0.557579499846	0.152516208706	0.0
-ñui	0.133385335413	0.573322932917	0.0842433697347	0.209048361935
-ces	0.0625	0.9375	0.0	0.0
-ñun	0.562603237529	0.261645193261	0.0165180046251	0.159233564585
-ceo	0.0	0.991011235955	0.00898876404494	0.0
-aná	0.0138017565872	0.978670012547	0.0	0.00752823086575
-dta	0.180871212121	0.696022727273	0.0	0.123106060606
-cel	0.170854271357	0.789949748744	0.0241206030151	0.0150753768844
-ñuu	0.432835820896	0.216417910448	0.126865671642	0.223880597015
-íba	0.0	1.0	0.0	0.0
-cea	0.0	1.0	0.0	0.0
-pia	0.0166666666667	0.929166666667	0.05	0.00416666666667
-pic	0.45038314014	0.220587679116	0.0717170605318	0.257312120211
-pin	0.539094650206	0.41007020092	0.0217864923747	0.0290486564996
-pio	0.256653718889	0.434038267875	0.296360235937	0.0129477772983
-pis	0.349572690739	0.361410863979	0.116626843105	0.172389602176
-piu	0.666666666667	0.333333333333	0.0	0.0
-iun	0.490167922653	0.210927682415	0.107215343093	0.191689051838
-taz	0.078313253012	0.903614457831	0.0180722891566	0.0
-iuc	0.391661522033	0.446875260708	0.0492066140523	0.112256603207
-iud	0.0	1.0	0.0	0.0
-uba	0.0	1.0	0.0	0.0
-uem	0.0	0.961165048544	0.0388349514563	0.0
-uel	0.0651171968597	0.928963057971	0.00591974516907	0.0
-ueo	0.0890410958904	0.821917808219	0.0	0.0890410958904
-lca	0.343014521783	0.541812719079	0.115172759139	0.0
-iii	0.380952380952	0.261904761905	0.214285714286	0.142857142857
-lco	0.145569620253	0.854430379747	0.0	0.0
-tsu	0.47671127123	0.181034482759	0.211657231086	0.130597014925
-hpa	0.0700692041522	0.929930795848	0.0	0.0
-ago	0.0127531882971	0.968492123031	0.00337584396099	0.0153788447112
-ucu	0.0849256900212	0.525911986103	0.263301807888	0.125860515988
-lcu	0.0641025641025	0.910256410256	0.025641025641	0.0
-aga	0.24032452061	0.274411417264	0.0453931428582	0.439870919268
-tái	0.44496124031	0.263178294574	0.251162790698	0.0406976744186
-rte	0.363157894737	0.557894736842	0.0157894736842	0.0631578947368
-rta	0.332435084228	0.337783121208	0.0733662230698	0.256415571494
-alí	0.0	0.983240223464	0.0167597765363	0.0
-ega	0.0283360790775	0.943657331137	0.0138385502471	0.0141680395387
-ego	0.0542304230423	0.343834383438	0.539603960396	0.0623312331233
-rto	0.107239411235	0.687894262541	0.142385100631	0.0624812255933
-úta	0.25	0.75	0.0	0.0
-mis	0.429577464789	0.279929577465	0.177816901408	0.112676056338
-nio	0.0253431890179	0.89651531151	0.065469904963	0.012671594509
-450	0.0504201680672	0.252100840336	0.0	0.697478991597
-ana	0.221336686428	0.0970393212494	0.0125262991846	0.669097693138
-dan	0.0631910091868	0.888139147879	0.0125378986482	0.0361319442861
-dai	0.432120993878	0.391429600288	0.079222182211	0.0972272236226
-rge	0.0	0.986301369863	0.0	0.013698630137
-ani	0.46715204622	0.140895232401	0.0495155510432	0.342437170336
-dag	0.0727272727273	0.463636363636	0.0272727272727	0.436363636364
-dab	0.0	1.0	0.0	0.0
-ano	0.137016560086	0.58320940242	0.219303041702	0.0604709957922
-tal	0.139064475348	0.453223767383	0.176991150442	0.230720606827
-tan	0.234486545854	0.251917592248	0.108572035925	0.405023825973
-tai	0.14433391975	0.216791082095	0.00900939305056	0.629865605105
-tag	0.324675324675	0.523809523809	0.0865800865801	0.0649350649351
-scu	0.0779154040648	0.131644341935	0.0506986933277	0.739741560672
-tac	0.312573737085	0.392954607748	0.0500518394051	0.244419815762
-iña	0.010292879199	0.82876391878	0.107295468014	0.0536477340071
-sco	0.0236956973602	0.97630430264	0.0	0.0
-tat	0.0	1.0	0.0	0.0
-oto	0.0333333333333	0.766666666667	0.0333333333333	0.166666666667
-aal	0.376569037657	0.422594142259	0.100418410042	0.100418410042
-éba	0.0	1.0	0.0	0.0
-tar	0.350849404652	0.102183399265	0.108405440267	0.438561755815
-tas	0.240379699659	0.472891205515	0.0724295348984	0.214299559928
-mia	0.0757174842255	0.767351923468	0.0690006106249	0.0879299816812
-nán	0.0	1.0	0.0	0.0
-mii	0.263736263736	0.556443556444	0.0	0.17982017982
-min	0.0	1.0	0.0	0.0
-aso	0.0	1.0	0.0	0.0
-pín	0.16548463357	0.763593380615	0.0	0.0709219858156
-rma	0.330733229329	0.625585023401	0.00624024960997	0.0374414976599
-ene	0.0192061459667	0.96542893726	0.0153649167734	0.0
-rmi	0.0459332663124	0.457781607545	0.0112499401599	0.485035185983
-ena	0.0146082337317	0.985391766268	0.0	0.0
-oel	0.223970137315	0.421410478603	0.0373283562192	0.317291027863
