-cru	0.290889010364	0.320954049019	0.269458606187	0.11869833443
-ösa	0.352302845427	0.143871580737	0.0230034505176	0.480822123318
-imü	0.653229858245	0.146550331958	0.0516104432084	0.148609366589
-cam	0.163764373206	0.65145066582	0.0967206728896	0.0880642880845
-shu	0.0720275050088	0.614150733384	0.106050112543	0.207771649064
-cas	0.0359431837866	0.95279750563	0.000866100814137	0.0103932097696
-car	0.364370878633	0.116751984671	0.0359199939152	0.48295714278
-caq	0.0747563123747	0.109765807814	0.147258913986	0.668218965825
-rwï	0.497942386831	0.225514403292	0.00493827160494	0.271604938272
-ive	0.0	1.0	0.0	0.0
-rbe	0.0141843971631	0.985815602837	0.0	0.0
-imë	0.59234988247	0.25357456609	0.040487214189	0.113588337251
-qun	0.3292494748	0.495064046552	0.0468497276394	0.128836751009
-imï	0.680412371134	0.0927835051546	0.226804123711	0.0
-ion	0.151968102858	0.632344158924	0.0720803400488	0.14360739817
-oye	0.0	1.0	0.0	0.0
-oya	0.0321766561514	0.739116719243	0.0548895899053	0.1738170347
-llä	0.193677261506	0.581342208899	0.0301387174514	0.194841812144
-llë	0.38475177305	0.389801597989	0.0917497082323	0.133696920729
-nsu	0.27265917603	0.412734082397	0.125842696629	0.188764044944
-plu	0.042409033877	0.887578419072	0.0060225846926	0.0639899623589
-ecä	0.378929455933	0.082619382289	0.0113558655913	0.527095296186
-bta	0.0133630289532	0.986636971047	0.0	0.0
-nsi	0.251766784452	0.589222614841	0.159010600707	0.0
-ecü	0.286836253085	0.24752986216	0.0387527797848	0.42688110497
-aum	0.0051085568327	0.989782886335	0.0	0.0051085568327
-nsa	0.078125	0.48046875	0.42578125	0.015625
-nti	0.122408498942	0.641521993537	0.140303410958	0.0957660965633
-pur	0.599613187336	0.250333253987	0.0497798143299	0.100273744347
-nta	0.284259116123	0.356644054526	0.0564016993709	0.30269512998
-utï	0.0	0.945945945946	0.0	0.0540540540541
-can	0.526505719618	0.137862202253	0.0520699490421	0.283562129087
-eus	0.033153750518	0.560712805636	0.406133443846	0.0
-pum	0.291662162371	0.34222867409	0.0122516846066	0.353857478933
-pun	0.137920250196	0.793160165639	0.0259461963919	0.042973387774
-syä	0.626269702277	0.0357267950963	0.161821366025	0.176182136602
-ntu	0.0352223731347	0.667974237512	0.0633245115347	0.233478877819
-lta	0.177611768926	0.74442277134	0.0265943008709	0.0513711588632
-war	0.485817318234	0.104391797301	0.00283363525043	0.406957249215
-pra	0.0	0.977695167286	0.0	0.0223048327138
-eum	0.0182707993475	0.981729200653	0.0	0.0
-qtä	0.0976630624345	0.902336937565	0.0	0.0
-pre	0.0	1.0	0.0	0.0
-mcu	0.830708661417	0.0551181102362	0.0	0.114173228346
-hem	0.0	0.936815501264	0.0631844987363	0.0
-pri	0.222014267502	0.310901348089	0.107413133697	0.359671250712
-opu	0.0309653916211	0.969034608379	0.0	0.0
-arï	0.376885114197	0.473338689315	0.0939974750373	0.0557787214507
-nmi	0.310026075398	0.342987564503	0.0565925055445	0.290393854554
-cwa	0.141356831191	0.205163963163	0.511332671487	0.142146534159
-ope	0.0324754901961	0.944240196078	0.00551470588236	0.0177696078431
-opa	0.20152492142	0.152841385858	0.0425166418983	0.603117050824
-smi	0.116655355723	0.600512034225	0.0377191745816	0.245113435471
-imä	0.419155509784	0.53964984552	0.0411946446962	0.0
-dea	0.0245190494153	0.967748019615	0.00264051301396	0.0050924179555
-dec	0.0509138381201	0.941253263708	0.0	0.00783289817231
-imu	0.118647385238	0.324699225472	0.354447497592	0.202205891698
-das	0.0664913598798	0.888429752066	0.00422614575507	0.040852742299
-oes	0.0454545454545	0.871212121212	0.0378787878788	0.0454545454545
-mur	0.476463979072	0.206453749665	0.0346248658438	0.28245740542
-del	0.191527446301	0.517601431981	0.284904534606	0.00596658711218
-deo	0.0	1.0	0.0	0.0
-ima	0.119735348071	0.115239047998	0.093755911768	0.671269692163
-deq	0.0705259772762	0.619949592639	0.108579204839	0.200945225246
-der	0.60101010101	0.19696969697	0.020202020202	0.181818181818
-ime	0.284582608174	0.325591630159	0.034007481646	0.355818280022
-eqï	0.352728131643	0.223814397816	0.00826706558539	0.415190404955
-imi	0.191292908275	0.598429675703	0.124383812074	0.0858936039479
-imo	1.0	0.0	0.0	0.0
-rpi	0.264150943396	0.0566037735849	0.603773584906	0.0754716981132
-lla	0.233808709977	0.260569745582	0.117805511958	0.387816032483
-biu	0.472406181015	0.359823399559	0.0794701986755	0.0883002207505
-lle	0.328801091535	0.547285993949	0.0167764133594	0.107136501157
-rpa	0.100797038429	0.782163446054	0.0247416055267	0.0922979099899
-lli	0.198789495952	0.0777947374061	0.173101847427	0.550313919215
-oba	0.172764227642	0.563008130081	0.182926829268	0.0813008130081
-äcu	0.605045648534	0.166927772676	0.182648155151	0.04537842364
-plï	0.315422191207	0.403698534543	0.0854849965108	0.195394277739
-llu	0.0851366763281	0.755068610572	0.0385185346612	0.121276178438
-bia	0.0721153846154	0.831730769231	0.0240384615384	0.0721153846154
-nsä	0.428194993412	0.438076416337	0.0	0.13372859025
-bil	0.502277163305	0.211450878334	0.039037085231	0.24723487313
-idu	0.20898730722	0.424946544743	0.308982757836	0.0570833902007
-rpu	0.287338174929	0.503631196716	0.0985159456899	0.110514682665
-ecu	0.420949214027	0.360262998791	0.0	0.218787787183
-qmi	0.29146657105	0.365921470759	0.121270316548	0.221341641643
-teq	0.421604429261	0.202942369864	0.0593578618081	0.316095339066
-100	0.0	0.0508999941223	0.0919539943917	0.857146011486
-uta	0.13661166325	0.645469397355	0.0401978927816	0.177721046613
-teu	0.0910217025072	0.636953721138	0.0044594192845	0.267565157071
-ntï	0.529411764706	0.0647058823529	0.0176470588235	0.388235294118
-ute	0.0574277204928	0.916992003118	0.00170535175925	0.0238749246295
-rin	0.119050662481	0.709920526827	0.0280427206326	0.142986090059
-rio	0.0	0.976419213974	0.00262008733624	0.02096069869
-uti	0.139900785727	0.569992894937	0.0500161187107	0.240090200626
-rpë	0.523733455043	0.277727065267	0.0273847558192	0.17115472387
-eru	0.0794186655623	0.0294896919687	0.00562400144417	0.885467641025
-nar	0.327493898863	0.145508701346	0.0252348491059	0.501762550685
-riu	0.0232580676422	0.952127144103	0.00910940982653	0.0155053784281
-rir	0.491489806904	0.202819219426	0.0550496559165	0.250641317753
-ris	0.041095890411	0.958904109589	0.0	0.0
-utu	0.219178082192	0.390008058018	0.294117647059	0.0966962127317
-gri	0.288888888889	0.611111111111	0.0999999999999	0.0
-par	0.379923658169	0.300078691433	0.103418975675	0.216578674723
-gru	0.15768302494	0.632341110217	0.144810941271	0.065164923572
-teo	0.0	1.0	0.0	0.0
-jin	0.0	0.979144942649	0.0208550573514	0.0
-are	0.146850044366	0.618456078083	0.168145519077	0.0665483584738
-naq	0.214611511507	0.391655269569	0.139551675656	0.254181543268
-ara	0.163417748377	0.591281928218	0.0411497285189	0.204150594885
-qta	0.349354488711	0.249039896029	0.0536317910819	0.347973824179
-lur	0.286283815852	0.586568580921	0.0720645467489	0.0550830564784
-aro	0.309278350515	0.615745079663	0.0749765698219	0.0
-ari	0.479070157615	0.127368646714	0.0399302804627	0.353630915209
-jia	0.148854961832	0.446564885496	0.36641221374	0.0381679389313
-aru	0.135800726451	0.325531503946	0.0690658172211	0.469601952382
-lum	0.0528127950242	0.777336591326	0.0453990114955	0.124451602155
-lun	0.0640644957949	0.697775492261	0.0157590033674	0.222401008576
-aqi	0.0545454545455	0.0	0.654545454546	0.290909090909
-men	0.0239568776203	0.365741665003	0.0479137552406	0.562387702136
-jir	0.710743801653	0.256198347107	0.0165289256198	0.0165289256198
-rri	0.0	0.981132075472	0.0	0.0188679245283
-aya	0.162366186575	0.383216689511	0.0863803046957	0.368036819219
-qna	0.255703428467	0.344876211377	0.237018850727	0.16240150943
-ila	0.0650406504065	0.918699186992	0.0	0.0162601626016
-ayi	0.175258762938	0.48797439872	0.0250012500625	0.311765588279
-qnï	0.686103674681	0.153306255317	0.0283545869989	0.132235483004
-ayu	0.0367357479501	0.899993543805	0.00903867260638	0.0542320356382
-icü	0.438267079258	0.111267233895	0.124233187821	0.326232499026
-ewä	0.470347648262	0.137014314928	0.0327198364008	0.359918200409
-cto	0.108108108108	0.891891891892	0.0	0.0
-ank	0.336245572609	0.356552538371	0.0982290436836	0.208972845336
-cta	0.221626558674	0.422412273042	0.0391464604447	0.316814707839
-ubi	0.0	0.862190812721	0.137809187279	0.0
-lpä	0.352461043779	0.647538956221	0.0	0.0
-fri	0.0552995391705	0.944700460829	0.0	0.0
-bpa	0.00240635277132	0.996390470843	0.00120317638566	0.0
-rlä	0.586363636364	0.0863636363636	0.129545454545	0.197727272727
-tsï	0.459891363863	0.4028404328	0.0711271120328	0.0661410913038
-ota	0.156905316973	0.819361815824	0.00501871573995	0.0187141514631
-ote	0.0	1.0	0.0	0.0
-lma	0.371543778802	0.397465437788	0.147465437788	0.0835253456221
-oti	0.0152221712132	0.925338874526	0.0130475753256	0.0463913789354
-isä	0.569334021683	0.235518843573	0.0	0.195147134744
-iga	0.61757719715	0.20783847981	0.0	0.17458432304
-oto	0.151898734177	0.392405063291	0.0759493670886	0.379746835443
-iju	0.081081081081	0.82972972973	0.05	0.0391891891892
-uma	0.310978554183	0.661752591961	0.0272688538559	0.0
-gog	0.0167785234899	0.98322147651	0.0	0.0
-upï	0.432345876701	0.288230584468	0.231385108086	0.0480384307446
-ëri	0.193188322839	0.707212364053	0.00686891814539	0.0927303949628
-umi	0.19803272907	0.25100009661	0.0408517774754	0.510115396845
-upë	0.0531388382391	0.58218286012	0.0817921333681	0.282886168273
ALL	0.239657615243	0.288722207906	0.0546208148466	0.416999362004
-nai	0.0401785714286	0.959821428571	0.0	0.0
-nan	0.238069592227	0.279662197708	0.0399546230493	0.442313587016
-nal	0.0553481221172	0.804744124753	0.121458379091	0.0184493740391
-nam	0.190889079615	0.200014662621	0.0259111838719	0.583185073892
-sir	0.487988134001	0.326763200989	0.071060523045	0.114188141965
-csu	0.1344	0.2188	0.6468	0.0
-siu	0.0699527047833	0.705236186605	0.115477745221	0.109333363391
-qcu	0.400001301713	0.289644220068	0.124014223387	0.186340254832
-sio	0.0385604113111	0.961439588689	0.0	0.0
-sin	0.297627423289	0.467110026961	0.151018102452	0.0842444472975
-sim	0.1096163428	0.696063776781	0.194319880418	0.0
-sil	0.17920760013	0.367375580266	0.272050091763	0.181366727842
-sic	0.229181962457	0.346471406045	0.0471380943716	0.377208537127
-nas	0.0842111464593	0.771038058207	0.0416519382585	0.103098857076
-sia	0.0588953173025	0.896921894775	0.0197749050805	0.0244078828422
-ïra	0.47619047619	0.15873015873	0.301587301587	0.0634920634921
-cse	0.468271883622	0.235766240281	0.233258088789	0.0627037873087
-ayä	0.419783052893	0.119015555647	0.0258288650275	0.435372526433
-mos	0.0757234291895	0.92427657081	0.0	0.0
-mor	0.569491525424	0.389830508475	0.0406779661017	0.0
-moq	0.346721142101	0.213134264333	0.0426613795503	0.397483214016
-ayï	0.493267186393	0.442948263643	0.0637845499646	0.0
-ayë	0.445974298144	0.254253190881	0.0446829188923	0.255089592083
-qno	0.370534869159	0.36501124929	0.139627717668	0.124826163883
-yni	0.380733944954	0.114678899083	0.443425076453	0.0611620795107
-ïmi	0.330232227556	0.391602447662	0.0604171867515	0.217748138031
-cos	0.023832221163	0.820463933905	0.155703844932	0.0
-mon	0.0205069539422	0.941612544811	0.000690829809964	0.0371896714364
-rqa	0.436226231797	0.212292046006	0.0621813317741	0.289300390423
-yaq	0.428255518747	0.238534908166	0.057780448859	0.275429124228
-nto	0.0226510067114	0.871644295302	0.015100671141	0.0906040268456
-yar	0.450887190623	0.294903774138	0.0238633968098	0.230345638429
-bes	0.214356505734	0.393458870168	0.141582896786	0.250601727311
-beq	0.669706840391	0.224755700326	0.0390879478828	0.0664495114007
-eor	0.183454987835	0.0880778588808	0.629197080292	0.0992700729927
-cob	0.0	0.931034482759	0.0	0.0689655172414
-eon	0.0526748971193	0.932510288066	0.0148148148148	0.0
-eom	0.0252047889099	0.97479521109	0.0	0.0
-bel	0.0173829068083	0.866731047803	0.0144857556736	0.101400289715
-yor	0.125074949035	0.133529200144	0.255786065476	0.485609785346
-yam	0.0470966821854	0.686746683106	0.0642447049298	0.201911929779
-yan	0.456060272538	0.23667140743	0.0564257628587	0.250842557174
-coq	0.214828509305	0.430982104271	0.119111642804	0.235077743619
-bed	0.289855072464	0.710144927536	0.0	0.0
-iso	0.0	1.0	0.0	0.0
-upu	0.230704697986	0.769295302014	0.0	0.0
-igu	0.0666699128402	0.814033208356	0.0149973219068	0.104299556897
-ish	0.43451316248	0.255916357584	0.0851065526511	0.224463927284
-rea	0.0601089129386	0.889225890949	0.000206796718826	0.0504583993934
-heq	0.609035136643	0.0619074177356	0.0	0.329057445622
-lya	0.0939226519337	0.254143646409	0.585635359116	0.0662983425414
-isa	0.875273522976	0.124726477024	0.0	0.0
-ual	0.360839160839	0.538461538462	0.0839160839161	0.0167832167832
-rey	0.177057449097	0.548826169195	0.0124615213441	0.261654860364
-eva	0.10329757648	0.820421136273	0.0762812872467	0.0
-upa	0.0730176075263	0.73696513126	0.0559025868605	0.134114674354
-res	0.00350446819695	0.879095847205	0.0508147888558	0.0665848957421
-isu	0.150527325024	0.390220517737	0.171620325983	0.287631831256
-uan	0.0481131830121	0.832124001977	0.00468128267145	0.11508153234
-qqa	0.274775564172	0.270357758819	0.0701937688842	0.384672908125
-evi	0.0	0.986784140969	0.0	0.0132158590308
-ret	0.0246832318578	0.967418133948	0.00394931709727	0.00394931709725
-reu	0.00919681177193	0.93868792152	0.0429184549357	0.00919681177196
-eqa	0.289112572945	0.311386751892	0.0560620192232	0.34343865594
-hab	0.00556615776082	0.994433842239	0.0	0.0
-hac	0.0107948801425	0.205822381385	0.0161923202139	0.767190418259
-enï	0.244481054366	0.429236683141	0.189895661724	0.136386600769
-qor	0.41935483871	0.287841191067	0.0215053763441	0.271298593879
-maq	0.153675343577	0.106676717683	0.0243178109754	0.715330127764
-ame	0.134875429366	0.672724901083	0.0906561154833	0.101743554068
-mas	0.104765978903	0.0526426105871	0.165589605499	0.677001805011
-mar	0.201970441107	0.612509900262	0.0458983473377	0.139621311294
-ham	0.0565384615385	0.678076923077	0.0946153846153	0.170769230769
-han	0.402410751125	0.354396117288	0.0891601625659	0.154032969021
-üni	0.371859296482	0.628140703518	0.0	0.0
-juc	0.0419925139753	0.0268137921507	0.0286465472586	0.902547146615
-har	0.291069169787	0.213674277055	0.0454556839956	0.449800869162
-mam	0.33526535048	0.407534866872	0.0398478536497	0.217351928998
-mal	0.121317157712	0.420566146736	0.378971692663	0.0791450028885
-man	0.22305537708	0.370211914476	0.0260293413146	0.380703367129
-siä	0.701030927835	0.041237113402	0.0	0.257731958763
-ptu	0.0250987797158	0.937959789561	0.0231886747146	0.0137527560086
-uno	0.312543588232	0.465001718972	0.129372329453	0.0930823633417
-uni	0.599159074982	0.052557813595	0.117028731605	0.231254379818
-une	0.124685939026	0.331268742348	0.0458134445824	0.498231874043
-una	0.147276107782	0.426131795411	0.0430735819639	0.383518514844
-cyu	0.502512562814	0.371859296482	0.0251256281407	0.100502512563
-iro	0.0	0.9955588453	0.0	0.00444115470022
-pta	0.425141242938	0.426553672316	0.0	0.148305084746
-unu	0.111929307806	0.275405007364	0.079528718704	0.533136966127
-666	0.0902255639098	0.0451127819549	0.0	0.864661654135
-iri	0.511015076553	0.276398394164	0.141447576699	0.0711389525838
-äpï	0.141065830721	0.84012539185	0.0	0.0188087774295
-oru	0.0	0.896024464832	0.103975535168	0.0
-ade	0.224217687075	0.734965986395	0.00544217687074	0.0353741496599
-tra	0.146819744506	0.774373009777	0.0404383524867	0.0383688932308
-ada	0.0663849999656	0.110744064322	0.0828257764447	0.740045159268
-gan	0.151221995927	0.802953156823	0.0458248472505	0.0
-quë	0.458359037631	0.340222085133	0.0587600246761	0.14265885256
-asë	0.313725490196	0.482352941176	0.164705882353	0.0392156862745
-quï	0.403354237723	0.22079363333	0.058684123666	0.317168005281
-tru	0.0377167209545	0.867268682355	0.0177413147347	0.0772732819555
-cpa	0.149244711542	0.309032365851	0.077398581431	0.464324341176
-144	0.0	0.037558685446	0.0	0.962441314554
-adu	0.253160494802	0.467404541873	0.160120527902	0.119314435424
-gar	0.431826312494	0.402267239066	0.0586933190233	0.107213129416
-140	0.0	0.828162291169	0.0	0.171837708831
-lam	0.196861383515	0.211507922799	0.0939175367012	0.497713156985
-üru	0.331882911392	0.177610759494	0.393196202532	0.0973101265823
-ana	0.223568706164	0.0899005215306	0.0415288231495	0.645001949156
-lan	0.163315294325	0.39138827884	0.140645182829	0.304651244006
-oqa	0.11781433838	0.200660852756	0.0291660160357	0.652358792828
-seo	0.0309917355372	0.927685950413	0.0413223140496	0.0
-arä	0.42471042471	0.362934362934	0.166023166023	0.046332046332
-örä	0.662771958098	0.24053182917	0.0241740531829	0.0725221595487
-lpa	0.150397789276	0.754767518312	0.0254007278585	0.0694339645535
-ino	0.403694915123	0.424979319505	0.116206905926	0.0551188594464
-ina	0.086556923231	0.127114054233	0.0407960430779	0.745532979458
-uis	0.245788571667	0.186556869958	0.409647619446	0.158006938929
-uir	0.464160464779	0.286572920045	0.0582048603209	0.191061754855
-smu	0.307651800543	0.61578968688	0.0425325069875	0.03402600559
-sea	0.112956810631	0.887043189369	0.0	0.0
-owä	0.0	0.806818181818	0.0	0.193181818182
-rnï	0.405758109201	0.324657317737	0.0424108427728	0.227173730289
-800	0.0802905754158	0.518256547505	0.0	0.401452877079
-uim	0.482852568588	0.273882419281	0.0674293126713	0.17583569946
-uio	0.0	1.0	0.0	0.0
-uin	0.142786354734	0.113682371342	0.0963204937321	0.647210780192
-uia	0.0268509378085	0.967028627838	0.0	0.0061204343534
-seu	0.0149859448592	0.973304540462	0.0104063890389	0.00130312563993
-ses	0.0712401055409	0.86817536026	0.00121777958189	0.0593667546174
-inu	0.0567712231892	0.82747172093	0.0805709904367	0.0351860654439
-seq	0.435835075243	0.431551191146	0.0759559637809	0.0566577698298
-ñal	0.357370772176	0.245054243778	0.0089342693044	0.388640714742
-eda	0.0	0.52846975089	0.47153024911	0.0
-iam	0.114285714286	0.684210526316	0.0210526315789	0.180451127819
-ial	0.00657894736841	0.976973684211	0.0164473684211	0.0
-usa	0.048128342246	0.951871657754	0.0	0.0
-ian	0.39135021097	0.388788426763	0.192736588306	0.0271247739602
-nes	0.0620048225973	0.739924216328	0.0430589045814	0.155012056493
-neq	0.44373906001	0.0833921153695	0.0214227865298	0.451446038091
-äna	0.536503551697	0.239147592739	0.0911602209945	0.13318863457
-oos	0.205949656751	0.794050343249	0.0	0.0
-fos	0.0	1.0	0.0	0.0
-iaq	0.299210206561	0.490886998785	0.156439854192	0.0534629404617
-rsu	0.0164609053498	0.98353909465	0.0	0.0
-ias	0.134978993708	0.803127826804	0.0118801133737	0.0500130661145
-zqa	0.0	1.0	0.0	0.0
-blu	0.0828698390277	0.695947735499	0.00282510814867	0.218357317324
-mta	0.0617298719943	0.398253379591	0.00574231367389	0.534274434741
-ñaq	0.258175023357	0.527250077857	0.186546247275	0.0280286515104
-aon	0.0123966942149	0.987603305785	0.0	0.0
-äno	0.356662014106	0.471967292086	0.0518781111427	0.119492582665
-ñar	0.507608985388	0.164586715778	0.049615915865	0.278188382969
-ban	0.125899280575	0.538369304556	0.10071942446	0.235011990408
-bal	0.109657838639	0.152111861835	0.536618853199	0.201611446327
-unï	0.311138225553	0.41171343908	0.090639707164	0.186508628203
-lar	0.464505127955	0.174318782425	0.0260756931062	0.335100396514
-unä	0.373054118353	0.106189145088	0.0416568112459	0.479099925313
-jor	0.647778541059	0.0848666010657	0.0935742002562	0.173780657619
-dqa	0.0744577533182	0.915830365814	0.0	0.00971188086757
-hoq	0.122676896776	0.0530573542296	0.59812045511	0.226145293885
-ptï	0.40423584988	0.274362885043	0.0854846780818	0.235916586995
-bar	0.5544239338	0.254296626353	0.069064290261	0.122215149586
-bas	0.0649495188534	0.920289226862	0.0	0.0147612542849
-job	0.31914893617	0.457446808511	0.223404255319	0.0
-baq	0.533156498674	0.364721485411	0.0623342175066	0.0397877984085
-dru	0.0381283806786	0.869198471839	0.00340431970344	0.0892688277792
-trä	0.264580369843	0.24466571835	0.0192034139402	0.471550497866
-adä	0.298232511825	0.597211849639	0.104555638536	0.0
-his	0.00820223428862	0.00287078200102	0.0307993897538	0.958127593957
-que	0.0964760664555	0.0524219171278	0.00964800568075	0.841454010736
-asa	0.113028753514	0.520774768312	0.14275267418	0.223443803995
-nye	0.375543140906	0.363749224084	0.142768466791	0.117939168219
-qui	0.357550209561	0.205213929097	0.0443159122294	0.392919949112
-qum	0.42363877822	0.270916334661	0.196547144754	0.108897742364
-ltu	0.0295566502463	0.142857142857	0.753694581281	0.0738916256157
-ash	0.312737734754	0.256218324384	0.107760706882	0.32328323398
-asu	0.256073329391	0.0984636309875	0.053648728563	0.591814311059
-qur	0.164229853791	0.230261815709	0.00761645698743	0.597891873512
-aac	0.0	1.0	0.0	0.0
-iwa	0.0	0.94708994709	0.0529100529101	0.0
-ümi	0.277435070071	0.667204454146	0.0509316377211	0.00442883806271
-äpu	0.308862433863	0.178571428571	0.472883597884	0.0396825396825
-snï	0.540166204986	0.360110803324	0.0	0.0997229916898
-inë	0.166666666667	0.833333333333	0.0	0.0
-öra	0.260181045795	0.2278122521	0.00815521600203	0.503851486103
-inï	0.26729396532	0.504947511176	0.0257839837929	0.201974539711
-dia	0.0589001447178	0.765991316932	0.17510853835	0.0
-430	0.0109529025192	0.0	0.0	0.989047097481
-rar	0.259773342047	0.211011109832	0.0444106611029	0.484804887018
-ras	0.267012881905	0.131449382883	0.0546300667701	0.546907668443
-uri	0.22598479613	0.145127850726	0.0642709053213	0.564616447823
-raq	0.225321773986	0.211238387291	0.0910971367561	0.472342701967
-ran	0.222276093689	0.255251609729	0.0709568561609	0.451515440422
-eri	0.145803698435	0.668918918919	0.0679231863442	0.117354196302
-ral	0.0138781804163	0.826522744796	0.0624518118736	0.0971472629144
-ram	0.147745275469	0.149907772221	0.0204475916205	0.68189936069
-ero	0.308457711443	0.63184079602	0.0	0.0597014925373
-era	0.0471567267684	0.522884882108	0.243180767453	0.186777623671
-por	0.211706102117	0.477584059776	0.156911581569	0.153798256538
-pos	0.0	1.0	0.0	0.0
-poq	0.306365258774	0.484235574063	0.1249256395	0.0844735276621
-edï	0.690265486726	0.274336283186	0.0176991150442	0.0176991150442
-upe	0.193288590604	0.542281879195	0.130201342282	0.13422818792
-änä	0.386292834891	0.193146417446	0.168224299065	0.252336448598
-nri	0.493333333333	0.333333333333	0.0666666666667	0.106666666667
-aza	0.0	0.898305084746	0.101694915254	0.0
-änï	0.0250231632303	0.514293985504	0.00866186419511	0.452020987071
-ïsa	0.647058823529	0.0401069518717	0.200534759358	0.112299465241
-uju	0.326638477801	0.490486257928	0.0940803382664	0.0887949260042
-noq	0.289637952559	0.465667915106	0.154806491885	0.0898876404494
-nor	0.0	0.276595744681	0.595744680851	0.127659574468
-nos	0.151633986928	0.796078431372	0.0366013071896	0.0156862745098
-110	0.0	0.783042394015	0.0	0.216957605985
-aam	0.0564971751412	0.887005649718	0.0564971751412	0.0
-lau	0.0455527789099	0.584898324717	0.231517728823	0.13803116755
-aan	0.0	0.974358974359	0.0	0.025641025641
-laq	0.136898209693	0.170989824697	0.620067338394	0.0720446272162
-non	0.0	1.0	0.0	0.0
-las	0.161377229377	0.477611940298	0.0511881028072	0.309822727518
-nca	0.191358986925	0.0916865063054	0.0166313072094	0.70032319956
-ewë	0.46955624355	0.374613003096	0.0123839009288	0.143446852425
-noe	0.034742327736	0.960914881297	0.0	0.004342790967
-uqï	0.600326264274	0.277324632953	0.122349102773	0.0
-ujo	0.0	1.0	0.0	0.0
-sgä	0.223231542327	0.172013915732	0.137997680711	0.466756861229
-ämi	0.528786405715	0.186326076848	0.0513508898001	0.233536627637
-req	0.477675028055	0.358197303103	0.0462511223806	0.117876546461
-awï	0.722591362126	0.277408637874	0.0	0.0
-äma	0.723120837298	0.276879162702	0.0	0.0
-aus	0.147887323944	0.767605633803	0.0528169014085	0.0316901408451
-awä	0.348977272727	0.441136363636	0.165909090909	0.0439772727273
-mya	0.176169341072	0.77978832366	0.00716968248551	0.0368726527825
-doc	0.0	1.0	0.0	0.0
-don	0.00361444227864	0.980722974514	0.0	0.0156625832075
-ypa	0.113555423021	0.607020533356	0.222169208486	0.0572548351367
-qyë	0.679648241206	0.119346733668	0.201005025126	0.0
-sas	0.260888313928	0.329452350151	0.0517464424321	0.357912893489
-sar	0.318050590363	0.481553460284	0.0406773867342	0.159718562618
-saq	0.153034683448	0.208214185502	0.381290926689	0.257460204362
-tiu	0.262121212121	0.514393939394	0.0359848484848	0.1875
-tol	0.0941013322767	0.517111584369	0.0438314100342	0.34495567332
-olu	0.0220315556135	0.96044334333	0.00657191289608	0.0109531881601
-mpa	0.0715805882964	0.72380900894	0.0364010500211	0.168209352742
-oli	0.110429447853	0.815950920245	0.0	0.0736196319019
-qan	0.601646848649	0.14732112869	0.0311515349747	0.219880487686
-tor	0.0161290322581	0.817204301075	0.0698924731183	0.0967741935484
-tos	0.0265721877768	0.973427812223	0.0	0.0
-toq	0.0796661608498	0.885696377911	0.034637461239	0.0
-stä	0.415171288744	0.274877650897	0.0734094616639	0.236541598695
-ola	0.210871602624	0.559512652296	0.173383317713	0.0562324273665
-sai	0.0714285714286	0.928571428571	0.0	0.0
-mpu	0.263685062218	0.289576474527	0.0268958205457	0.41984264271
-san	0.149582155955	0.248331629892	0.0623158780737	0.539770336079
-sam	0.231675190757	0.255266415482	0.122987222254	0.390071171507
-ngu	0.0148551621689	0.653379549393	0.0396137657836	0.292151522654
-ocu	0.285985509857	0.312922031855	0.266005506401	0.135086951887
-lom	0.0714285714286	0.928571428571	0.0	0.0
-iel	0.262443438914	0.669683257919	0.0	0.0678733031674
-loi	0.0349854227405	0.921282798834	0.00874635568512	0.0349854227405
-loe	0.042735042735	0.88603988604	0.0	0.0712250712251
-eyï	0.39367290717	0.526063684572	0.0114662011797	0.0687972070782
-rom	0.0	1.0	0.0	0.0
-ron	0.178208535251	0.618571205252	0.0492418321088	0.153978427388
-rpï	0.442424242424	0.448484848485	0.0	0.109090909091
-loq	0.527772547543	0.20702315948	0.23413669742	0.0310675955564
-rdu	0.26183542724	0.328230302022	0.0962642482736	0.313670022464
-ipi	0.0106595602931	0.98092499737	0.0	0.00841544233669
-iñu	0.456973293769	0.172106824926	0.204747774481	0.166172106825
-ipo	0.0508474576271	0.923728813559	0.0	0.0254237288136
-pia	0.137529137529	0.834498834499	0.013986013986	0.013986013986
-ipa	0.215592435521	0.433295573371	0.109089959054	0.242022032055
-rde	0.477941176471	0.210784313725	0.00980392156863	0.301470588235
-rda	0.0	0.885204081633	0.114795918367	0.0
-pan	0.0400054117758	0.151861532124	0.0441753201133	0.763957735987
-uqi	0.121769575409	0.620093166781	0.0124617986529	0.245675459158
-rdi	0.15612489992	0.460902054977	0.128102481985	0.254870563117
-ämë	0.45578562245	0.257277438139	0.0795858264399	0.207351112971
-haq	0.378396142846	0.207522174661	0.103583730997	0.310497951496
-awa	0.170368795834	0.638325007971	0.102029971304	0.0892762248911
-awe	0.103562551781	0.637945318973	0.0248550124275	0.233637116819
-äta	0.434206897471	0.243085976183	0.0502661942158	0.27244093213
-ämü	0.327175065035	0.372579246556	0.0986366701994	0.20160901821
-äpa	0.261536282183	0.27273907757	0.0154525386313	0.450272101616
-uyä	0.382384874083	0.338294097397	0.0703333951222	0.208987633398
-stu	0.0505359932889	0.691763964385	0.0356554416714	0.222044600655
-276	0.0	0.118811881188	0.0	0.881188118812
-mpü	0.179372197309	0.412556053812	0.228699551569	0.179372197309
-sto	0.0144752714113	0.985524728589	0.0	0.0
-sti	0.0	0.483606557377	0.516393442623	0.0
-ste	0.255319148936	0.727659574468	0.0170212765958	0.0
-sta	0.0753738433202	0.438451843142	0.0122197335136	0.473954580024
-cun	0.367188556183	0.349138421706	0.0811486890143	0.202524333096
-cum	0.108467155101	0.650574884215	0.19132677389	0.0496311867949
-üqa	0.296028880866	0.537906137184	0.101083032491	0.0649819494585
-ocü	0.362139917696	0.275720164609	0.263374485597	0.0987654320988
-eyu	0.19982078853	0.529569892473	0.195340501792	0.0752688172043
-cua	0.0254452926209	0.945558908811	0.00177525297355	0.0272205455944
-ymi	0.251258917331	0.593264792279	0.0012589173311	0.154217373059
-200	0.0411339633129	0.520289049472	0.0305725403002	0.408004446915
-uca	0.0767431841959	0.246661333005	0.661825343098	0.014770139701
-cur	0.384693026286	0.317263606306	0.0561834877926	0.241859879616
-syë	0.133920704846	0.583259911894	0.229955947137	0.0528634361233
-lem	0.0	1.0	0.0	0.0
-len	0.0171595263971	0.924212091746	0.0	0.0586283818567
-mum	0.0262812089356	0.973718791064	0.0	0.0
-lea	0.0246913580247	0.935535535536	0.00934267600934	0.0304304304304
-mun	0.364444393484	0.292381388193	0.114213507507	0.228960710816
-yta	0.0529295904218	0.446961198796	0.00188949351375	0.498219717269
-itï	0.514619883041	0.415204678363	0.0	0.0701754385964
-rye	0.681481481482	0.118518518518	0.155555555556	0.0444444444444
-ëmi	0.378614520491	0.438776783857	0.0445600166424	0.13804867901
-rya	0.0302071346375	0.945627157652	0.02416570771	0.0
-ios	0.0808840582242	0.427110939058	0.00236782359869	0.48963717912
-leq	0.270230046405	0.215755505281	0.155486547561	0.358527900753
-ida	0.0997487641665	0.695203942066	0.157414869906	0.0476324238614
-rra	0.00759493670886	0.986329113924	0.00607594936708	0.0
-nqü	0.171785528371	0.190525767829	0.291514836023	0.346173867777
-ïna	0.312829708468	0.427707080056	0.0918324849607	0.167630726516
-ïno	0.0440835266822	0.872389791183	0.0835266821346	0.0
-giu	0.00381436745073	0.996185632549	0.0	0.0
-ndu	0.246311600857	0.639057239057	0.0332108968473	0.0814202632385
-iba	0.0681818181818	0.918181818182	0.0	0.0136363636364
-zpa	0.0	1.0	0.0	0.0
-ëte	0.0658251334223	0.647296114076	0.00719229486325	0.279686457638
-ëta	0.20497946242	0.638286373135	0.0416156229733	0.115118541471
-ali	0.0	1.0	0.0	0.0
-nda	0.135458167331	0.516600265604	0.196547144754	0.151394422311
-oam	0.0	1.0	0.0	0.0
-nqä	0.472713898885	0.35759464613	0.079752722456	0.0899387325291
-ala	0.377500889997	0.173525572564	0.0548237807049	0.394149756734
-lon	0.0	0.994649817839	0.0	0.00535018216096
-120	0.043321299639	0.043321299639	0.0	0.913357400722
-ïcu	0.746376811594	0.159420289855	0.0144927536232	0.0797101449276
-ñil	0.226513182325	0.506126995915	0.26735982176	0.0
-yoq	0.25411129952	0.403174838759	0.183095346484	0.159618515237
-qon	0.412015536929	0.321444105017	0.0912382455556	0.175302112499
-bin	0.246716718712	0.278364671229	0.35532522756	0.119593382499
-qoq	0.447137138844	0.304928716378	0.066357896234	0.181576248544
-490	0.338028169014	0.0	0.0211267605634	0.640845070423
-gpa	0.0	1.0	0.0	0.0
-ömi	0.345620158338	0.368349365796	0.00893845237081	0.277092023495
-roq	0.362172884718	0.111390859846	0.0	0.526436255436
-chi	0.277058110378	0.345468435421	0.0744729370549	0.303000517146
-cho	0.138660318668	0.458581904298	0.0362473459671	0.366510431067
-cha	0.137733535711	0.557026303267	0.207171660687	0.0980685003351
-ucü	0.600124701237	0.293186462988	0.0994145969725	0.00727423880288
-che	0.07443579253	0.790946284809	0.0554309093308	0.0791870133298
-qpa	0.151464607229	0.712656196845	0.0293226096361	0.10655658629
-elu	0.23287250384	0.425806451613	0.192012288786	0.14930875576
-153	0.0	0.0	0.0	1.0
-peq	0.289084803676	0.33362052753	0.133526863396	0.243767805398
-ela	0.225527364635	0.525420433557	0.144065325168	0.10498687664
-iya	0.208457415128	0.555290847727	0.111177288068	0.125074449077
-chu	0.0177087400301	0.299751798762	0.63847676948	0.0440626917285
-orä	0.0469762419006	0.391468682506	0.048596112311	0.512958963283
-abu	0.124766175423	0.71080879525	0.0448695062424	0.119555523085
-yeq	0.493338081249	0.418795809965	0.0629395531024	0.0249265556842
-ytä	0.437262357414	0.174904942966	0.0228136882129	0.365019011407
-itu	0.105159286765	0.793539667619	0.0413562656841	0.0599447799318
-ntë	0.585365853658	0.219512195122	0.0975609756098	0.0975609756098
-esu	0.553840173266	0.212639529072	0.00610873549175	0.22741156217
-ito	0.52380952381	0.31746031746	0.0	0.15873015873
-esi	0.544715447155	0.422764227642	0.0325203252032	0.0
-tes	0.180482947473	0.732387353747	0.034851879512	0.0522778192681
-eso	0.00878798974734	0.984621017942	0.00219699743683	0.00439399487367
-iti	0.459518599562	0.37636761488	0.0	0.164113785558
-esa	0.0792425645776	0.838633323042	0.0648348255634	0.0172892868169
-ite	0.0801094663516	0.747107849235	0.00261226520712	0.170170419206
-ita	0.250615764656	0.400284731038	0.0683972121707	0.280702292135
-spa	0.0664744255554	0.334173597486	0.00748819128611	0.591863785672
-400	0.0	0.84243106359	0.0	0.15756893641
-bru	0.0349344978165	0.965065502183	0.0	0.0
-udu	0.452920143027	0.197854588796	0.3063170441	0.0429082240763
-spi	0.0509337860781	0.904499151104	0.0445670628183	0.0
-ria	0.0270180808085	0.762370575673	0.0173348006467	0.193276542871
-nqu	0.17290412368	0.328351435573	0.147339122016	0.351405318731
-far	0.0309278350515	0.907216494845	0.0618556701031	0.0
-fas	0.0135043889264	0.958136394328	0.0243079000675	0.00405131667792
-bra	0.280599903241	0.411062731818	0.233349459764	0.0749879051766
-uda	0.032334119232	0.82017691585	0.00478630054422	0.142702664374
-spu	0.0	1.0	0.0	0.0
-fat	0.0	1.0	0.0	0.0
-bri	0.182731958763	0.102577319588	0.377835051546	0.336855670103
-nqa	0.38729901088	0.201341968638	0.0523856269711	0.35897339351
-bro	0.16872252942	0.652630086488	0.178647384092	0.0
-nqe	0.347732181425	0.161987041037	0.360691144708	0.129589632829
-hum	0.356403132104	0.357160899217	0.0742611770649	0.212174791614
-hun	0.366964838798	0.276717168065	0.0680043281447	0.288313664992
-rim	0.159168182177	0.423143828576	0.245987190638	0.171700798608
-ëcü	0.301886792453	0.303983228511	0.238993710692	0.155136268344
-äcü	0.50531107739	0.261001517451	0.0768841679312	0.156803237228
-ntä	0.659365221279	0.162568916704	0.0290567724631	0.149009089554
-abe	0.0647573269244	0.861806529141	0.0293744575739	0.044061686361
-nnï	0.24144418563	0.372872245117	0.0658484142626	0.31983515499
-asä	0.687703318152	0.227716330514	0.0	0.0845803513337
-lot	0.0	0.983638488508	0.016361511492	0.0
-hur	0.569841036777	0.307362385144	0.0962898277448	0.0265067503342
-chë	0.775978407557	0.191632928475	0.0	0.0323886639676
-tea	0.0	1.0	0.0	0.0
-mio	0.361904761905	0.419047619048	0.0857142857143	0.133333333333
-tir	0.538039753256	0.299748686315	0.0182773589217	0.143934201508
-soq	0.124779052698	0.411785853381	0.131489858893	0.331945235028
-tum	0.173220782603	0.507527560523	0.0282356350637	0.29101602181
-tun	0.059585031687	0.282610873133	0.411277580107	0.246526515073
-sor	0.0	1.0	0.0	0.0
-tur	0.093106827834	0.817869977132	0.0449199607971	0.0441032342372
-son	0.139026812314	0.630197314451	0.189974526143	0.0408013470921
-chü	0.164596273292	0.191770186335	0.375776397516	0.267857142857
-oro	0.344550669216	0.299043977055	0.25621414914	0.100191204589
-iyë	0.429874437337	0.343825092226	0.102700781805	0.123599688632
-ado	0.213513513514	0.672972972973	0.0324324324324	0.0810810810811
-ncu	0.273074627976	0.505731455532	0.0865175092142	0.134676407278
-ora	0.138727594042	0.702044938147	0.13342590255	0.0258015652613
-oqu	0.103427350202	0.534207540698	0.066489010844	0.295876098256
-eju	0.375	0.467592592593	0.157407407407	0.0
-lix	0.0291734197731	0.907617504052	0.0534846029173	0.00972447325768
-mqa	0.103738462732	0.161353706145	0.00830554047415	0.726602290649
-liu	0.0239068069199	0.901590889333	0.0571155350778	0.017386768669
-icu	0.408377757594	0.157247297106	0.312779211585	0.121595733715
-jel	0.106183573689	0.760009359721	0.019950984618	0.113856081971
-lis	0.0300687285224	0.735395189003	0.0	0.234536082474
-ico	0.0	1.0	0.0	0.0
-lim	0.202178978112	0.125939356151	0.175540642536	0.496341023201
-lin	0.25225803464	0.164944490094	0.369760912712	0.213036562554
-lio	0.0	0.850249584027	0.149750415973	0.0
-run	0.193633341014	0.637488889621	0.031602857425	0.13727491194
-ona	0.314110516122	0.453306157302	0.11772859815	0.114854728426
-ici	0.0	1.0	0.0	0.0
-rum	0.172964161041	0.680419586388	0.077131859034	0.0694843935372
-oma	0.0827025256569	0.686622024893	0.095931290487	0.134744158964
-lia	0.0	0.981875492514	0.0133963750985	0.00472813238771
-ome	0.0652173913043	0.925465838509	0.00931677018634	0.0
-rnu	0.0628932796376	0.777435187516	0.150862068966	0.00880946388123
-lna	0.0124150162577	0.9201891812	0.0124150162578	0.0549807862844
-cmi	0.266594520987	0.265937207566	0.0379578428183	0.429510428628
-abi	0.16	0.504	0.0	0.336
-ode	0.18085106383	0.81914893617	0.0	0.0
-rna	0.362272701391	0.427418517489	0.101285834386	0.109022946734
-rno	0.0365408038977	0.89646772229	0.0669914738124	0.0
-ëpa	0.159670299973	0.747770471129	0.0706693090713	0.021889919827
-rni	0.422413793104	0.474137931034	0.0517241379311	0.051724137931
-xqa	0.0516746411483	0.931100478469	0.0	0.0172248803828
-hno	0.0	0.77626459144	0.22373540856	0.0
-gaq	0.329599826011	0.563832100914	0.0517616354937	0.0548064375816
-lwa	0.482921083628	0.296819787986	0.0235571260306	0.196702002356
-ura	0.0937290966428	0.105455368684	0.111463568967	0.689351965706
-shï	0.137404677922	0.596733497786	0.0331184183899	0.232743405902
-ure	0.290807207381	0.364281918748	0.120887879812	0.224022994058
-ono	0.177251040116	0.667754494446	0.106767433872	0.0482270315661
-hqä	0.422495464624	0.299637169925	0.0912114493045	0.186655916146
-hnu	0.784007352941	0.174632352941	0.0	0.0413602941177
-rgu	0.557432432432	0.341216216216	0.101351351351	0.0
-uru	0.283040961351	0.671518797433	0.0186986336458	0.0267416075702
-uqa	0.587912087912	0.0494505494506	0.164835164835	0.197802197802
-wau	0.737226277372	0.262773722628	0.0	0.0
-apa	0.141519963555	0.26084026029	0.0819087819365	0.515730994219
-iñe	0.0459531993032	0.651678515938	0.245962615942	0.0564056688168
-pam	0.191467859001	0.177172195742	0.04439525302	0.586964692237
-waq	0.285771713808	0.256576967258	0.0320555880138	0.42559573092
-ape	0.0716702992448	0.08760193048	0.0347447403915	0.805983029884
-sno	0.229505169867	0.528803545052	0.142171344165	0.0995199409158
-wac	0.110213383054	0.369794903667	0.262378288792	0.257613424487
-ciu	0.0128241664292	0.987175833571	0.0	0.0
-apu	0.305970149254	0.526119402985	0.0783582089552	0.089552238806
-paq	0.321183292078	0.303645408579	0.0701308199122	0.305040479431
-wam	0.208568915693	0.569669556477	0.0339238597814	0.187837668049
-pas	0.208620141904	0.12548978079	0.0216033040348	0.644286773271
-dum	0.271517577404	0.484686036954	0.172200183458	0.0715962021848
-dun	0.0932182490752	0.391450883683	0.184463625154	0.330867242088
-äsu	0.203883495146	0.73786407767	0.0	0.0582524271845
-nun	0.258024306638	0.723278279838	0.0	0.0186974135244
-num	0.125697127122	0.41063652398	0.315926884278	0.14773946462
-chä	0.427672955975	0.359888190077	0.0167714884696	0.195667365479
-sus	0.078071050619	0.507119425756	0.00286500692959	0.411944516695
-sur	0.294157608696	0.268342391304	0.172554347826	0.264945652174
-yun	0.207468879668	0.674336728279	0.118194392053	0.0
-ael	0.0308891576101	0.784447275765	0.0771322960018	0.107531270623
-sun	0.209028282944	0.132072539557	0.0364421100102	0.622457067489
-sum	0.153889950791	0.774777339461	0.0461181829273	0.0252145268209
-sul	0.0173010380623	0.290657439446	0.692041522491	0.0
-ädu	0.492829914685	0.190597204574	0.0766019241242	0.239970956616
-sue	0.0	0.586206896552	0.0	0.413793103448
-icä	0.352784651819	0.347351681153	0.0573036750423	0.242559991986
-nur	0.21687376005	0.352928892137	0.0689151091156	0.361282238697
-fer	0.198237885463	0.801762114537	0.0	0.0
-fes	0.0781758957655	0.882736156352	0.0390879478827	0.0
-üpa	0.124283336416	0.839652302571	0.0120214536712	0.0240429073423
-dim	0.118858954041	0.56735340729	0.206814580032	0.106973058637
-din	0.190275952694	0.110643889619	0.367936925099	0.331143232589
-dio	0.153846153846	0.769230769231	0.0	0.0769230769231
-aña	0.0	1.0	0.0	0.0
-cqa	0.175808158674	0.320443991872	0.022185848432	0.481562001022
-diu	0.113292154184	0.813535665499	0.0270238165944	0.0461483637227
-ori	0.199223803364	0.800776196636	0.0	0.0
-ëcä	0.300114057599	0.254348445965	0.0670088394639	0.378528656972
-sla	0.548953758719	0.262206148282	0.0687160940325	0.120123998967
-dir	0.367636602308	0.187523929333	0.0319969370453	0.412842531313
-dis	0.0307765961085	0.858555893718	0.025903635058	0.0847638751153
-añu	0.24363762703	0.480630591505	0.066880917224	0.20885086424
-tse	0.0571084281627	0.00572978554992	0.000516620008599	0.936645166279
-ïta	0.229453011253	0.551559554255	0.0468706484012	0.172116786091
-urë	0.703170028818	0.132564841499	0.00494030465212	0.159324825031
-yqa	0.117418854261	0.752230699599	0.0527608948662	0.0775895512737
-urï	0.173928762888	0.380064247215	0.0575980850507	0.388408904847
-urä	0.420612237871	0.145518405014	0.0425834739391	0.391285883177
-ine	0.574368018812	0.258083480306	0.0617283950618	0.10582010582
-hqa	0.392242294083	0.295553522972	0.0947423012242	0.217461881721
-nno	0.307271057548	0.344113960866	0.0983802973153	0.250234684271
-iyä	0.49176350733	0.265829779151	0.147492790911	0.094913922608
-nna	0.37028500299	0.353713904799	0.0661285205293	0.209872571682
