-caj	0.1484798202	0.343273689166	0.230139435549	0.278107055085
-lgü	0.484098939929	0.254416961131	0.127208480565	0.134275618375
-épa	0.0464782186166	0.928803819665	0.00760552668271	0.0171124350361
-imü	0.319286871961	0.552674230146	0.0129659643436	0.115072933549
-eus	0.0343698854337	0.922667757774	0.0429623567921	0.0
-shu	0.0443957735224	0.426406606091	0.468819368396	0.0603782519904
-cas	0.103311628774	0.815102021788	0.0391614477303	0.0424249017079
-car	0.382031831303	0.181519630814	0.0461953957198	0.390253142163
-ive	0.0112326404647	0.988767359535	0.0	0.0
-rbe	0.0195121951219	0.970731707317	0.0	0.00975609756098
-cay	0.111939426336	0.240141057884	0.0259624173528	0.621957098427
-imï	0.239624934885	0.235110262198	0.405452335475	0.119812467442
-äcü	0.306141497107	0.212867898699	0.0354676124697	0.445522991724
-llä	0.361545799856	0.32248070157	0.0235869698402	0.292386528733
-nsu	0.493492407809	0.354663774403	0.0	0.151843817788
-rpä	0.350282485876	0.401129943503	0.214689265537	0.0338983050848
-jru	0.0756903626484	0.498114672286	0.426194965066	0.0
-jri	0.0683060109289	0.852459016393	0.0792349726776	0.0
-bta	0.0579240037071	0.89515755329	0.0	0.0469184430028
-nsi	0.323407953019	0.262952139633	0.108665006955	0.304974900392
-jra	0.00824742268041	0.694845360825	0.0494845360825	0.247422680412
-nsa	0.3046875	0.1875	0.484375	0.0234375
-llü	0.144876325088	0.593639575972	0.0388692579505	0.222614840989
-nti	0.0582745651152	0.859685002351	0.0601786553831	0.0218617771509
-mun	0.357663594862	0.427776749954	0.0584526303684	0.156107024816
-pur	0.417316257874	0.262997398205	0.0532330347357	0.266453309185
-pus	0.0612244897959	0.914285714286	0.0244897959184	0.0
-nta	0.199336960296	0.333365396911	0.049859135883	0.417438506911
-nte	0.0	1.0	0.0	0.0
-puy	0.585562543255	0.252775855324	0.0226431558993	0.139018445521
-bbí	0.471428571429	0.271428571428	0.0	0.257142857143
-can	0.399598083639	0.255314521805	0.0901426489308	0.254944745625
-apa	0.15268378948	0.384967006054	0.081457261588	0.380891942878
-cam	0.379562043796	0.043795620438	0.532846715328	0.0437956204379
-pun	0.283009954808	0.331066120319	0.307952647009	0.0779712778643
-muj	0.372713548312	0.281582178143	0.0565943003346	0.289109973211
-ntu	0.030385559808	0.85427779309	0.0668032635188	0.0485333835834
-dro	0.0786144673333	0.831445786933	0.00832833843339	0.0816114072999
-puj	0.39817232376	0.473237597911	0.0241514360314	0.104438642298
-war	0.317553719265	0.177213884841	0.0317432017612	0.473489194133
-pra	0.0823260976813	0.0817094227923	0.699525160335	0.136439319191
-lía	0.0	1.0	0.0	0.0
-pre	0.0132841328413	0.933579335793	0.0	0.0531365313653
-ará	0.60907504363	0.0942408376964	0.104712041885	0.191972076789
-más	0.00507503806279	0.994924961937	0.0	0.0
-üsi	0.28124752632	0.436000949893	0.0759914509618	0.206760072825
-lín	0.0	1.0	0.0	0.0
-nmi	0.289012802535	0.324557303333	0.071733947429	0.314695946704
-tín	0.0	0.962264150943	0.0377358490566	0.0
-üsu	0.0654985194941	0.67032122902	0.104118099115	0.160062152371
-meí	0.0	1.0	0.0	0.0
-ope	0.0	0.969211032713	0.0	0.0307889672867
-smi	0.093972494724	0.456109835571	0.0185533059672	0.431364363738
-imä	0.505113294566	0.116703428915	0.184078604371	0.194104672148
-dea	0.0204026332149	0.942219105153	0.00478186715973	0.0325963944722
-msa	0.0498545062369	0.109679913721	0.14552767773	0.694937902312
-lgu	0.213599190625	0.497006997724	0.0828344996206	0.206559312031
-imu	0.238939130964	0.268993027009	0.376967814622	0.115100027405
-jga	0.293968633695	0.457428450617	0.100022475249	0.148580440439
-äja	0.117514633048	0.882485366952	0.0	0.0
-deo	0.189665296535	0.810334703465	0.0	0.0
-ima	0.185258662558	0.185097749526	0.0385070349074	0.591136553008
-ćhä	0.52807646356	0.241338112306	0.0191158900836	0.21146953405
-des	0.0471350013094	0.87049777418	0.0323755564549	0.0499916680553
-way	0.319949326448	0.448199831733	0.0350073012465	0.196843540573
-lga	0.169644554267	0.734366090097	0.0760311727808	0.019958182855
-imi	0.225806451613	0.715053763441	0.0376344086021	0.0215053763441
-aús	0.141704035874	0.562331838565	0.0538116591928	0.242152466368
-imo	0.239361702128	0.476063829787	0.0106382978723	0.273936170213
-ido	0.0974251913709	0.794711203897	0.0	0.107863604732
-lla	0.215348153067	0.33290755199	0.0970598612081	0.354684433735
-bir	0.382926829268	0.170731707317	0.080487804878	0.365853658537
-obo	0.24496124031	0.75503875969	0.0	0.0
-ymi	0.0620210875358	0.0413831688626	0.00695393241708	0.889641811184
-lli	0.195115679562	0.0797685812651	0.14747904556	0.577636693612
-ide	0.0225409836066	0.977459016393	0.0	0.0
-ida	0.00408858603067	0.995911413969	0.0	0.0
-úpa	0.199291408326	0.347209920283	0.426926483614	0.0265721877768
-llu	0.173457999123	0.617972892573	0.0950279890042	0.1135411193
-bia	0.265791918254	0.673246632606	0.0243845796563	0.0365768694844
-bin	0.107580098984	0.783884692194	0.0668576886342	0.0416775201876
-wac	0.438430311231	0.439783491204	0.0372124492557	0.0845737483085
-rpu	0.061287027579	0.560776302349	0.183861082738	0.194075587334
-100	0.0	0.0499565645362	0.102680357381	0.847363078083
-uta	0.169365599385	0.672904894848	0.0348756745298	0.122853831237
-rib	0.0	1.0	0.0	0.0
-ntï	0.287258687259	0.415444015444	0.011583011583	0.285714285714
-ria	0.0416270470153	0.829265715795	0.00760697305865	0.121500264131
-rin	0.330695162411	0.33845978806	0.0971747498353	0.233670299693
-rio	0.0231863692253	0.959423853856	0.0115931846127	0.00579659230634
-uti	0.142221186342	0.343876005128	0.0178300897331	0.496072718797
-rij	0.252572908784	0.56121136271	0.0774201059433	0.108795622562
-tea	0.0128479657387	0.987152034261	0.0	0.0
-rir	0.463106003242	0.208046247786	0.0511290218208	0.277718727152
-ris	0.0	1.0	0.0	0.0
-wam	0.122253194289	0.0596125818913	0.0152816492862	0.802852574533
-riy	0.348766367403	0.370920873509	0.045663705068	0.23464905402
-jil	0.0620179278716	0.787888263498	0.00891181988743	0.141181988743
-ara	0.103329506315	0.778032912361	0.0497512437811	0.068886337543
-mes	0.0146061554512	0.821074595722	0.164319248826	0.0
-aro	0.12656558998	0.748187211602	0.0191166776533	0.106130520765
-ïgu	0.098427007635	0.761291509521	0.0450740502254	0.0952074326189
-ari	0.163273590919	0.0720285610222	0.00603241569794	0.758665432361
-íga	0.244712990937	0.755287009063	0.0	0.0
-aru	0.109128447132	0.475003686772	0.154844418227	0.261023447869
-mea	0.0	1.0	0.0	0.0
-lum	0.127865511971	0.776362710138	0.0234335201222	0.0723382577687
-lun	0.130979498861	0.664822648877	0.119589977221	0.0846078750407
-ïga	0.344776281607	0.370219526584	0.111121748761	0.173882443048
-raj	0.277190920627	0.299071728988	0.122469822838	0.301267527547
-meo	0.0	1.0	0.0	0.0
-aya	0.0984382715452	0.72161924034	0.0278845502164	0.152057937899
-ayo	0.051094890511	0.751824817518	0.138686131387	0.0583941605839
-ayu	0.112748491742	0.532093759272	0.188655919296	0.16650182969
-ynï	0.112683723462	0.738160043549	0.0185084376701	0.130647795318
-bás	0.164871400308	0.525170367114	0.283578808529	0.0263794240492
-éta	0.0627615062761	0.924686192469	0.0	0.0125523012552
-zpa	0.0	1.0	0.0	0.0
-aón	0.0430107526882	0.956989247312	0.0	0.0
-cta	0.163136333072	0.464781780316	0.0585103357087	0.313571550903
-dán	0.0425727411945	0.897090352221	0.024808575804	0.035528330781
-udá	0.0	0.993337986168	0.0066620138316	0.0
-xad	0.0	1.0	0.0	0.0
-uga	0.23554782451	0.511753140422	0.131124319363	0.121574715705
-bpa	0.0545663767184	0.925079498633	0.0125589279749	0.00779519667404
-paj	0.341036518929	0.30491076867	0.0724910307132	0.281561681688
-ota	0.0136054421769	0.986394557823	0.0	0.0
-tán	0.0	1.0	0.0	0.0
-ote	0.0239043824701	0.96812749004	0.0	0.00796812749006
-upü	0.0458665501802	0.86240034946	0.0917331003603	0.0
-oto	0.0638297872341	0.840425531915	0.031914893617	0.063829787234
-rán	0.05	0.95	0.0	0.0
-uma	0.1977191732	0.733178902352	0.0691019244476	0.0
-eví	0.040059347181	0.951038575668	0.0	0.00890207715134
-umi	0.0960954943608	0.698603080094	0.0472891738707	0.158012251675
-naj	0.0994758193747	0.655879829815	0.0372568808341	0.207387469977
ALL	0.244274590837	0.296826973502	0.0554457668926	0.403452668768
-nan	0.241810004874	0.319324644839	0.0556541560785	0.383211194208
-nal	0.0	0.504373177843	0.495626822157	0.0
-nam	0.268502239263	0.284920755132	0.0561246022833	0.390452403322
-sir	0.381628227873	0.558249556475	0.0275970825941	0.0325251330574
-csu	0.241116241719	0.353342702269	0.279060429633	0.12648062638
-ray	0.397038635027	0.319631300255	0.178407530888	0.10492253383
-ïru	0.127792059412	0.704827192231	0.00285632676379	0.164524421594
-csi	0.28582866293	0.187349879904	0.190552441954	0.336269015212
-sij	0.271988580213	0.54518502251	0.0	0.182826397277
-aún	0.0254826254826	0.953667953668	0.0	0.0208494208494
-nay	0.17807533714	0.231674471238	0.0645399175534	0.525710274069
-sin	0.253786026032	0.531249181732	0.0548409497246	0.160123842511
-ysi	0.115811412283	0.141327763499	0.0211242294573	0.721736594761
-sil	0.134261561412	0.820984584784	0.0029835902536	0.0417702635505
-nar	0.261417919189	0.0647647899822	0.0350331911124	0.638784099716
-nas	0.0180987051669	0.977557605593	0.0	0.00434368924006
-sia	0.0166603559258	0.977281332828	0.0	0.00605831124575
-ïra	0.0	0.9734948883	0.0151457781144	0.0113593335858
-ysa	0.0	0.537914691943	0.462085308057	0.0
-ayä	0.219190140845	0.700704225352	0.0404929577464	0.0396126760564
-mos	0.191063319137	0.675521776983	0.0	0.13341490388
-gog	0.0883977900552	0.874769797422	0.036832412523	0.0
-äga	0.161801014702	0.0651827404289	0.0316908552079	0.741325389662
-ïmi	0.268633943626	0.409598249838	0.0324208725868	0.289346933949
-aán	0.287313432836	0.404850746269	0.179104477612	0.128731343284
-yna	0.402116613351	0.143755057194	0.0288398549938	0.425288474461
-dec	0.14657980456	0.739413680782	0.0325732899023	0.0814332247557
-nto	0.128829771335	0.558361978777	0.00807054251981	0.304737707368
-yar	0.446328275379	0.106223996879	0.0192612993641	0.428186428378
-ber	0.0	1.0	0.0	0.0
-eos	0.266903914591	0.29537366548	0.437722419929	0.0
-cob	0.0	0.970873786408	0.00182038834952	0.0273058252427
-bel	0.0416987875814	0.843016329105	0.00735860957321	0.10792627374
-yam	0.333333333333	0.484848484848	0.0113636363636	0.170454545455
-yan	0.319638560845	0.26318095422	0.0721971737376	0.344983311198
-cos	0.0263702171665	0.892967942089	0.0806618407445	0.0
-yaj	0.214216075413	0.482276702341	0.12678891885	0.176718303397
-iso	0.0	0.842105263158	0.157894736842	0.0
-upu	0.435513358049	0.359943851556	0.0590553278859	0.145487462509
-reo	0.0193040052528	0.936572554169	0.0275771503611	0.0165462902167
-isi	0.346205238749	0.294940983221	0.131730835983	0.227122942047
-ish	0.325074893723	0.282123259799	0.0828786515701	0.309923194908
-rea	0.0410227592021	0.912896881146	0.00224782242203	0.0438325372296
-isa	0.0344827586207	0.931034482759	0.0344827586207	0.0
-utï	0.106145251397	0.826815642458	0.0	0.0670391061453
-umä	0.309352517986	0.107913669065	0.0	0.58273381295
-eva	0.446153846154	0.553846153846	0.0	0.0
-upa	0.226009903625	0.401140488993	0.113024728231	0.259824879151
-res	0.133470225873	0.866529774127	0.0	0.0
-uan	0.0722098440349	0.798258051448	0.00263317804334	0.126898926474
-ret	0.0296280948928	0.961359162955	0.00372941054594	0.00528333160675
-may	0.344397630963	0.382378048274	0.069699797237	0.203524523525
-hab	0.29304029304	0.391025641026	0.0	0.315934065934
-ápa	0.0	1.0	0.0	0.0
-naí	0.0667160859896	0.844329132691	0.0	0.0889547813195
-yta	0.17724913889	0.331523035291	0.0136333963016	0.477594429517
-mas	0.0710384600695	0.0503761982966	0.211740442272	0.666844899362
-mar	0.339484938811	0.371660682568	0.0598735077305	0.228980870891
-ham	0.125817804449	0.764765600325	0.0302305644543	0.079186030772
-han	0.292678908144	0.41429383517	0.0588257908505	0.234201465835
-üni	0.606545454546	0.220363636364	0.116363636364	0.0567272727273
-juc	0.0518812578223	0.0380944931164	0.0328209741343	0.877203274927
-har	0.420814153324	0.324671904703	0.0156606957201	0.238853246254
-maj	0.140896594778	0.053514297129	0.0497776468147	0.755811461279
-änï	0.00814185357664	0.669444269401	0.00105738358138	0.321356493441
-csï	0.466876971609	0.296529968454	0.198738170347	0.0378548895899
-man	0.252052491697	0.325503281682	0.0572031336296	0.365241092991
-üna	0.275004437671	0.330082433268	0.0786135925009	0.31629953656
-hay	0.131391531865	0.0677477341899	0.029366591218	0.771494142727
-ycä	0.403011336936	0.196565143327	0.0442228618421	0.356200657895
-yay	0.182489923869	0.144200626959	0.215853112405	0.457456336767
-una	0.146469887626	0.356255778232	0.0336365585272	0.463637775615
-iro	0.0226817878586	0.956415388036	0.00800533689127	0.0128974872137
-pta	0.142197599261	0.528162511542	0.0387811634349	0.290858725762
-pto	0.0289820923657	0.891965127238	0.0361687087653	0.0428840716305
-666	0.103703703704	0.497777777778	0.0	0.398518518518
-him	0.247297822254	0.329150383654	0.0601587739016	0.36339302019
-ade	0.0129032258064	0.98064516129	0.0	0.00645161290322
-üri	0.0110636952742	0.978978978979	0.0	0.00995732574679
-ada	0.057512580877	0.881380301941	0.0107836089144	0.0503235082674
-asï	0.0569666562141	0.644925263928	0.163269572489	0.134838507369
-gan	0.343549416913	0.200034344894	0.0132355721759	0.443180666017
-gam	0.568950696875	0.194234665684	0.0885368698963	0.148277767545
-üra	0.0451294655811	0.832616450748	0.0539795517777	0.0682745318928
-gaj	0.367249402591	0.351653880015	0.091183498931	0.189913218463
-quï	0.157163834697	0.150073421439	0.101405496119	0.591357247745
-tru	0.0157480314961	0.623359580053	0.10498687664	0.255905511811
-cpa	0.195629642425	0.350233200898	0.131974434272	0.322162722405
-gau	0.0	1.0	0.0	0.0
-sna	0.0502745985645	0.735579627313	0.00331287933223	0.21083289479
-gas	0.0581048311882	0.867468755829	0.0195858981533	0.0548405148293
-gar	0.329038513992	0.446438119636	0.145796359957	0.0787270064152
-aat	0.0	1.0	0.0	0.0
-üru	0.518518518518	0.481481481482	0.0	0.0
-hij	0.370297731356	0.365976408212	0.0384314375896	0.225294422843
-gay	0.25335068612	0.351393931091	0.235198757906	0.160056624883
-uiy	0.342975206611	0.578512396694	0.0289256198347	0.0495867768595
-arä	0.507536292111	0.151312572892	0.0201536169978	0.320997518
-ywa	0.128998288798	0.677504278004	0.156640779255	0.0368566539423
-lao	0.245649948823	0.631525076766	0.0	0.122824974412
-lpa	0.0842892175321	0.810936146779	0.0353367285461	0.0694379071431
-ino	0.0	1.0	0.0	0.0
-ina	0.26911760379	0.379843610031	0.108102946284	0.242935839896
-uis	0.180586907449	0.319977426637	0.253950338601	0.245485327314
-uir	0.511350332883	0.195098012164	0.0283807594218	0.265170895531
-sea	0.108108108108	0.891891891892	0.0	0.0
-món	0.0229351716824	0.955455389102	0.00357947766141	0.0180299615538
-uij	0.250839656674	0.467719865655	0.10697847991	0.174461997761
-uim	0.357040783525	0.34104719626	0.0850899857992	0.216822034416
-laj	0.27177587971	0.435117220517	0.0739579162774	0.219148983496
-uin	0.14083483939	0.162274504387	0.0826832422669	0.614207413956
-seu	0.0353007097497	0.926410160628	0.0212924915951	0.0169966380277
-set	0.0	1.0	0.0	0.0
-inu	0.141180718541	0.671601372089	0.0514533309262	0.135764578444
-ïsu	0.432794457275	0.389838337182	0.0193995381063	0.157967667436
-blo	0.0514814973105	0.754241789641	0.00256430608046	0.191712406968
-ñan	0.157315646621	0.519580272096	0.0455254282825	0.277578653
-änu	0.117966683349	0.485236290841	0.111710874383	0.285086151426
-rdä	0.318573787865	0.492390702078	0.0361502170627	0.152885292994
-rsi	0.315122073602	0.204507849882	0.0783051896713	0.402064886844
-agé	0.0828571428572	0.882857142857	0.0	0.0342857142857
-rso	0.0	1.0	0.0	0.0
-äna	0.11293207734	0.786134119377	0.0262394273596	0.0746943759238
-bed	0.0	1.0	0.0	0.0
-ias	0.0214899713467	0.974212034384	0.0	0.00429799426935
-äni	0.0564373897707	0.0881834215167	0.820105820106	0.0352733686067
-mta	0.069876609442	0.864806866953	0.024678111588	0.0406384120172
-gun	0.230090974429	0.195122102862	0.0457469771316	0.529039945577
-ban	0.383076923077	0.46	0.0	0.156923076923
-ipü	0.408163265306	0.469387755102	0.0408163265306	0.0816326530612
-unä	0.237218735745	0.0953745578665	0.0277431807361	0.639663525652
-jor	0.0	1.0	0.0	0.0
-ími	0.0385438972163	0.948608137045	0.0	0.0128479657388
-ptï	0.345670042483	0.263381060973	0.0677955978055	0.323153298739
-üda	0.0373406193078	0.8014571949	0.0163934426229	0.144808743169
-bas	0.120343839542	0.839090821287	0.032452271337	0.00811306783429
-sús	0.0893751049115	0.406154917573	0.00153191184228	0.502938065674
-nya	0.0453686200378	0.931947069943	0.0226843100189	0.0
-asa	0.401322587311	0.207274230213	0.271130398843	0.120272783633
-qui	0.375627644414	0.281470787572	0.0634143855728	0.279487182441
-adí	0.0	1.0	0.0	0.0
-äpa	0.14593948239	0.467085697811	0.0735787212726	0.313396098527
-ash	0.253837168712	0.359155964325	0.119612215481	0.267394651482
-ral	0.0693069306931	0.477887788779	0.43894389439	0.0138613861386
-ümi	0.291748533119	0.347293270141	0.123396637421	0.237561559319
-lta	0.124850184341	0.752310626866	0.0372192107983	0.0856199779949
-ywä	0.048231511254	0.852090032154	0.0192926045016	0.08038585209
-430	0.119718309859	0.0	0.0	0.880281690141
-rar	0.298290815001	0.196827237663	0.0537551014823	0.451126845854
-ras	0.0899742930591	0.910025706941	0.0	0.0
-ran	0.611149024059	0.146683948364	0.0329995896675	0.209167437909
-iwa	0.113268608414	0.862459546926	0.0	0.0242718446602
-ram	0.162446249403	0.561156235069	0.175585284281	0.100812231247
-uía	0.0768323256157	0.887184781006	0.0	0.0359828933786
-red	0.0	1.0	0.0	0.0
-jnï	0.291393284446	0.525279814743	0.0270165959089	0.156310304902
-pos	0.0	0.930081300813	0.0243902439024	0.0455284552845
-änä	0.474655696655	0.338293686281	0.110677875156	0.0763727419066
-nri	0.283638743455	0.318455497382	0.288612565445	0.109293193717
-áta	0.0	1.0	0.0	0.0
-aza	0.230769230769	0.596153846154	0.0576923076922	0.115384615385
-nra	0.339117314221	0.155601659751	0.358166729536	0.147114296492
-ñuj	0.237812128419	0.416171224732	0.213634562029	0.13238208482
-500	0.0	0.19413202934	0.0146699266503	0.79119804401
-lam	0.108448568881	0.301135672581	0.12566219383	0.464753564708
-lan	0.26512093343	0.307259882321	0.0761597455801	0.351459438669
-nos	0.173913043478	0.733695652174	0.0923913043478	0.0
-ïsi	0.256287885707	0.307722555245	0.0779187317031	0.358070827345
-ipä	0.41127694859	0.436152570481	0.12271973466	0.0298507462687
-aam	0.120930232558	0.818604651163	0.0604651162791	0.0
-lau	0.192715046052	0.396262597772	0.0521489623343	0.358873393842
-fos	0.0	1.0	0.0	0.0
-eón	0.120061570036	0.842996408415	0.0123140071832	0.0246280143663
-lar	0.335212110391	0.336437118902	0.114502531663	0.213848239044
-las	0.124352331606	0.875647668394	0.0	0.0
-noc	0.0830618892507	0.892508143323	0.0	0.0244299674267
-lay	0.26729187402	0.561594078549	0.0326331926188	0.138480854812
-aac	0.0499355670103	0.917203608247	0.0328608247423	0.0
-ämi	0.242551416687	0.290541812522	0.0803107315751	0.386596039215
-awï	0.582275951644	0.328404436008	0.0518533320012	0.0374662803476
-ato	0.108458860111	0.800305360568	0.0586515724208	0.0325842069004
-äma	0.332710280374	0.543925233645	0.0	0.123364485981
-zta	0.0272727272727	0.972727272727	0.0	0.0
-awä	0.247134962424	0.103679311413	0.0293432013433	0.61984252482
-mya	0.101845388593	0.782180382779	0.0206045583858	0.0953696702429
-fás	0.0190597204574	0.971410419314	0.00952986022872	0.0
-ges	0.043795620438	0.92700729927	0.029197080292	0.0
-anä	0.268722160356	0.346464365256	0.0924972160356	0.292316258352
-ypa	0.212083860706	0.29939947027	0.0763274622425	0.412189206781
-sas	0.196245733788	0.211035267349	0.080204778157	0.512514220705
-sar	0.139498018494	0.552443857332	0.0697490092469	0.238309114927
-mpi	0.111597374179	0.468271334792	0.0656455142232	0.354485776805
-say	0.163265306122	0.775510204082	0.0204081632653	0.0408163265306
-äbi	0.144230769231	0.759615384615	0.0	0.0961538461539
-mpa	0.0791461412151	0.769095151672	0.0796819635294	0.0720767435831
-oli	0.0	1.0	0.0	0.0
-hac	0.118672665917	0.0739595050619	0.0354330708662	0.771934758155
-tos	0.0786516853932	0.859550561798	0.061797752809	0.0
-olo	0.103270223752	0.719136285401	0.00938820215929	0.168205288687
-saj	0.238828560649	0.280181189052	0.0554132696211	0.425576980678
-400	0.527881040892	0.368029739777	0.0	0.104089219331
-san	0.375823762003	0.539446431934	0.0282432686876	0.0564865373753
-éga	0.0491803278689	0.950819672131	0.0	0.0
-bna	0.00854700854701	0.991452991453	0.0	0.0
-ros	0.0	1.0	0.0	0.0
-mín	0.0	1.0	0.0	0.0
-lot	0.0	0.984430027803	0.0	0.0155699721965
-haj	0.401813090807	0.274797317539	0.0664340937816	0.256955497873
-ipo	0.0	0.979797979798	0.0	0.020202020202
-ión	0.0172239108409	0.976697061803	0.0	0.00607902735562
-ipa	0.0686795460406	0.118878811459	0.0122144692777	0.800227173223
-húm	0.0	1.0	0.0	0.0
-ipe	0.0328719723183	0.958477508651	0.00346020761246	0.00519031141869
-noé	0.0	1.0	0.0	0.0
-rda	0.026854880358	0.903942158719	0.00258220003443	0.0666207608883
-rdi	0.0	0.870254856532	0.129745143468	0.0
-awi	0.0	0.948275862069	0.0258620689655	0.0258620689655
-awa	0.1542180249	0.428875787321	0.0554242816304	0.361481906149
-äta	0.340997402647	0.306679656077	0.0531747992861	0.29914814199
-ämü	0.412335235766	0.285993341487	0.0505333605109	0.251138062237
-jta	0.328657384361	0.377243560352	0.141211252997	0.15288780229
-hau	0.212765957447	0.489361702128	0.0	0.297872340426
-uyä	0.134989926125	0.385493619879	0.0362659503022	0.443250503694
-stu	0.0125786163522	0.924413950829	0.00137221269297	0.0616352201258
-276	0.0	0.325301204819	0.0	0.674698795181
-444	0.0	0.778846153846	0.0288461538462	0.192307692308
-ñuy	0.173370546708	0.589230011492	0.0650139550156	0.172385486784
-sto	0.0409262495239	0.954329928087	0.00129376974259	0.00345005264691
-sta	0.0654391848344	0.373506341214	0.014048274956	0.547006198996
-clä	0.257773433836	0.188151899734	0.225119828612	0.328954837818
-cun	0.36280452813	0.298312565865	0.0946939922625	0.244188913742
-cum	0.466729525862	0.471982758621	0.0	0.0612877155173
-loí	0.0	0.981308411215	0.0186915887851	0.0
-cuj	0.136187997503	0.688755653194	0.0546108523998	0.120445496904
-loé	0.0271616115889	0.918515165233	0.0	0.0543232231779
-ián	0.0326086956522	0.913043478261	0.0543478260869	0.0
-cua	0.0303206997085	0.892905733722	0.00583090379009	0.0709426627794
-rpa	0.13557444262	0.812969537195	0.014831108128	0.0366249120565
-tij	0.377197579685	0.103006336653	0.0607461051027	0.45904997856
-cuy	0.307516004354	0.451552075199	0.0657494144074	0.17518250604
-hya	0.27965880582	0.127666833919	0.175815353738	0.416859006523
-uca	0.139069251586	0.321439155317	0.49980391287	0.0396876802271
-hiy	0.468958495661	0.418464250378	0.0483533511879	0.0642239027735
-cur	0.378357102809	0.216168152207	0.0444251241848	0.361049620799
-lem	0.0	1.0	0.0	0.0
--pï	0.457402234637	0.179469273743	0.0209497206704	0.34217877095
-ïwa	0.0	0.759825327511	0.0786026200873	0.161572052402
-lea	0.0320161996498	0.911704611792	0.00437828371278	0.0519009048453
-lec	0.0	1.0	0.0	0.0
-syä	0.733393239787	0.0141010575793	0.0153452685422	0.237160434091
-esé	0.0	1.0	0.0	0.0
-esí	0.0	1.0	0.0	0.0
-mur	0.390205656064	0.229680410215	0.0443180165525	0.335795917169
-ios	0.204402515723	0.533542976939	0.157232704403	0.104821802935
-biy	0.821911632101	0.0676284941389	0.0541027953111	0.056357078449
-muy	0.564175456811	0.234504230317	0.0497723399249	0.151547972947
-itá	0.0	1.0	0.0	0.0
-eel	0.0	1.0	0.0	0.0
-rra	0.0	1.0	0.0	0.0
-ïna	0.645161290323	0.222873900293	0.0	0.131964809384
-rro	0.0	0.714285714286	0.285714285714	0.0
-gio	0.063492063492	0.912698412698	0.0119047619048	0.0119047619048
-ána	0.0	0.813471502591	0.0	0.186528497409
-ïnu	0.032174320126	0.636549346725	0.288377239648	0.0428990935013
-ndo	0.0	1.0	0.0	0.0
-gia	0.0	0.926470588235	0.0735294117647	0.0
-ala	0.0886365241133	0.877654341328	0.0146797844046	0.0190293501541
-120	0.0	0.157894736842	0.0	0.842105263158
-ïcu	0.536332179931	0.311202422145	0.12651384083	0.0259515570934
-ücu	0.409252059831	0.590747940169	0.0	0.0
-abé	0.0312048540884	0.872291245305	0.0254261774053	0.0710777232014
-iel	0.134589502019	0.865410497981	0.0	0.0
-chi	0.253633279689	0.31486404481	0.0428079067392	0.388694768762
-cha	0.182651736848	0.369478052066	0.0787323402745	0.369137870812
-ucü	0.280423280423	0.656084656085	0.0634920634921	0.0
-mga	0.106637194576	0.659179162435	0.0230001792222	0.211183463767
-ncü	0.662731220846	0.232555895126	0.0540453594982	0.0506675245295
-153	0.0512820512821	0.0	0.034188034188	0.91452991453
-tta	0.0	1.0	0.0	0.0
-iya	0.216072782411	0.054586808188	0.530705079606	0.198635329795
-chu	0.405425047958	0.296290537161	0.105275928131	0.19300848675
-jpa	0.227957392757	0.537194510647	0.0433010152024	0.191547081394
-ćhu	0.1778279946	0.289438565029	0.0546690968777	0.478064343494
-ytä	0.315315315315	0.0720720720721	0.0	0.612612612613
-itu	0.0168237968995	0.940483668187	0.0240797043966	0.0186128305166
-cla	0.228758169935	0.679738562092	0.0915032679738	0.0
-hgu	0.0	0.960828203693	0.0391717963066	0.0
-ito	0.28186204939	0.347715015612	0.138731195004	0.231691739994
-tes	0.0	0.723951285521	0.276048714479	0.0
-eso	0.0203584478859	0.966069253524	0.00417609187402	0.00939620671654
-ćhi	0.396066910676	0.296757404959	0.0962264237785	0.210949260587
-iti	0.213858424726	0.364905284148	0.256729810568	0.164506480558
-esa	0.0	1.0	0.0	0.0
-hga	0.0347109932518	0.0924476640149	0.0325550309381	0.840286311795
-xna	0.0133481646274	0.886540600667	0.100111234705	0.0
-ćha	0.214082634374	0.348887614196	0.315745173011	0.121284578419
-ita	0.229337083732	0.311352551221	0.0611719659179	0.398138399128
-spa	0.0638159174459	0.399878201745	0.013557085108	0.522748795701
-bru	0.0298556791892	0.954720722706	0.0121185413683	0.0033050567368
-tir	0.506863642306	0.244084194012	0.0339913714211	0.21506079226
-rmi	0.231338199005	0.35011648884	0.0531708887181	0.365374423437
-fas	0.126984126984	0.801587301587	0.0	0.0714285714286
-uda	0.0731707317073	0.853658536585	0.0	0.0731707317073
-hun	0.319564150131	0.278398865912	0.0768403896394	0.325196594318
-rim	0.0	1.0	0.0	0.0
-huj	0.104867274247	0.112468659211	0.490448521511	0.292215545031
-gad	0.0	1.0	0.0	0.0
-huy	0.0753141266422	0.17488130875	0.53854367266	0.211260891948
-tra	0.00657894736842	0.976973684211	0.0	0.016447368421
-abo	0.0	1.0	0.0	0.0
-hur	0.440119760479	0.349426147705	0.15369261477	0.0567614770459
-chï	0.334659587323	0.51239643838	0.0353335914217	0.117610382875
-chä	0.243088244623	0.187959144833	0.104225084058	0.464727526486
-ael	0.0907836338785	0.65468180211	0.103277762825	0.151256801186
-tun	0.10554883377	0.153088660348	0.259309672649	0.482052833232
-tur	0.711111111111	0.222222222222	0.0666666666667	0.0
-chü	0.57908496732	0.39477124183	0.0261437908497	0.0
-oro	0.0	0.622857142857	0.0	0.377142857143
-elí	0.00971502590674	0.961787564767	0.0284974093265	0.0
-tuy	0.385917400135	0.412660798917	0.145565335139	0.0558564658091
-ïpa	0.0708987784474	0.410552426897	0.0157289751803	0.502819819475
-aba	0.0	0.973913043478	0.0	0.0260869565217
-tna	0.0	1.0	0.0	0.0
-ruy	0.30112923463	0.69887076537	0.0	0.0
-lix	0.117279124316	0.831899921814	0.00469116497265	0.0461297888976
-rur	0.219541851077	0.365595058606	0.0729536501143	0.341909440202
-rus	0.0993150684931	0.801369863014	0.0102739726027	0.0890410958904
-icu	0.161538461539	0.838461538461	0.0	0.0
-lir	0.352171335871	0.19989704873	0.114431896175	0.333499719224
-lis	0.0170116246102	0.846895378509	0.0	0.136092996881
-ruj	0.222193943717	0.338660679549	0.0245104396317	0.414634937103
-lim	0.0858003010537	0.337180130457	0.0592072252885	0.517812343201
-lin	0.214210974232	0.550232292088	0.23555673368	0.0
-lio	0.0560432140446	0.875759621877	0.0546927751519	0.0135043889264
-run	0.251945489752	0.476599320449	0.144130649227	0.127324540572
-gai	0.0	1.0	0.0	0.0
-sué	0.18320610687	0.725190839695	0.0	0.0916030534351
-rum	0.328534031414	0.63612565445	0.0	0.0353403141361
-ruc	0.0	1.0	0.0	0.0
-oma	0.0731323066906	0.436311527349	0.141904579199	0.348651586762
-lia	0.0024154589372	0.987922705314	0.00966183574879	0.0
-ica	0.0430270366576	0.48360874794	0.240189746559	0.233174468843
-eas	0.0294117647059	0.957983193277	0.0	0.0126050420168
-cma	0.0763358778626	0.330788804071	0.0763358778626	0.516539440204
-üga	0.210901911588	0.376291787062	0.240773684048	0.172032617302
-lna	0.0177437629604	0.898561258738	0.0256536331958	0.0580413451055
-144	0.016849199663	0.105307497894	0.0	0.877843302443
-cmi	0.245004148911	0.258810978083	0.239857002926	0.25632787008
-rna	0.300869109247	0.507461063013	0.0755003793288	0.116169448411
-slí	0.0	1.0	0.0	0.0
-teo	0.123727663425	0.665912689437	0.00814295408279	0.202216693056
-uri	0.0402221029269	0.456568942447	0.502535915453	0.000673039172482
-lwa	0.21573736321	0.495049504951	0.0250130276186	0.264200104221
-ura	0.0992823047664	0.0393990643318	0.00790438456245	0.853414246339
-hna	0.0208594075928	0.922820191907	0.0458906967042	0.0104297037964
-rga	0.306479723687	0.290635106802	0.0745203500254	0.328364819486
-sda	0.0	0.971246662559	0.0	0.0287533374409
-nnï	0.0	0.451219512195	0.134146341463	0.414634146341
-uru	0.228958530549	0.673881945418	0.00506919255827	0.0920903314752
-jna	0.246159439303	0.604187623841	0.0757246624165	0.0739282744394
-dur	0.0	0.929750223015	0.0	0.0702497769848
-äsi	0.430161706117	0.317670494493	0.121865479259	0.130302320131
-pam	0.327958278677	0.439613231004	0.118974783171	0.113453707148
-pan	0.116081990511	0.103200399117	0.0410403382663	0.739677272107
-api	0.213559322034	0.325423728814	0.101694915254	0.359322033898
-ngü	0.0663032671672	0.0397682471117	0.0209126127053	0.873015873016
-zna	0.0485651214128	0.951434878587	0.0	0.0
-pay	0.155705873861	0.35220124303	0.150621010539	0.34147187257
-aím	0.0	0.644484958979	0.0683682771194	0.287146763902
-apu	0.441254886132	0.236472850102	0.211856305235	0.110415958532
-wan	0.207413178772	0.473411593021	0.0488140562754	0.270361171932
-par	0.325718889617	0.339554853736	0.0450155654138	0.289710691233
-wal	0.0760636283298	0.0433657366494	0.0520767579851	0.828493877036
-waj	0.251906764559	0.362534749448	0.105923444294	0.279635041699
-dun	0.103388705294	0.850858821674	0.0228762365161	0.0228762365161
-nun	0.183673469388	0.767346938775	0.0	0.0489795918368
-seo	0.0	1.0	0.0	0.0
-icü	0.356427652891	0.143005922975	0.0500969359689	0.450469488165
-icó	0.0	1.0	0.0	0.0
-sem	0.0	1.0	0.0	0.0
-nca	0.168452256471	0.137150438655	0.0138390352215	0.680558269652
-sun	0.372730165947	0.55448965674	0.0135849056604	0.0591952716527
-omé	0.0518638573744	0.880064829822	0.0194489465154	0.0486223662885
-sul	0.0	0.741293532338	0.258706467662	0.0
-rón	0.11928005964	0.858354929177	0.0223650111825	0.0
-nuy	0.146303062144	0.10320434151	0.0466108260984	0.703881770248
-ädu	0.0971099123541	0.786862659898	0.111576247655	0.00445118009263
-icä	0.30615517454	0.0499568274331	0.0185025286789	0.625385469348
-dia	0.0628272251309	0.937172774869	0.0	0.0
-dio	0.00761421319797	0.992385786802	0.0	0.0
-aña	0.0	1.0	0.0	0.0
-nás	0.0476002600797	0.86542771111	0.0869720288108	0.0
-rnï	0.736526946108	0.125748502994	0.0299401197605	0.107784431138
-rní	0.0	1.0	0.0	0.0
-ïta	0.112217008406	0.193150902683	0.0165251803833	0.678106908527
-mec	0.0	1.0	0.0	0.0
-urï	0.405638811278	0.483997967996	0.0320040640081	0.0783591567183
-urä	0.312837267677	0.279322008588	0.077398145093	0.330442578642
-rgü	0.495535714286	0.357142857143	0.0133928571428	0.133928571429
-tpi	0.145161290323	0.658986175115	0.165898617511	0.0299539170507
-ncu	0.172639048805	0.505768733698	0.100242028338	0.221350189158
-nna	0.236649045903	0.538813493236	0.0863098245407	0.138227636321
-tpa	0.0918836140888	0.908116385911	0.0	0.0
-day	0.134020618557	0.39175257732	0.381443298969	0.0927835051547
-ngu	0.0997072986498	0.346001321877	0.108960438108	0.445330941365
-apä	0.147383690809	0.562553103305	0.0208683038027	0.269194902083
-tiy	0.395491020252	0.598777225831	0.0	0.0057317539167
-dna	0.00868306801734	0.991316931983	0.0	0.0
-nga	0.214236370716	0.123616035859	0.0300107271303	0.632136866294
-tia	0.0	1.0	0.0	0.0
-xpa	0.698275862069	0.301724137931	0.0	0.0
-lón	0.0221025786342	0.915273448569	0.0405213941627	0.0221025786341
-apü	0.166344294004	0.671179883946	0.116054158607	0.0464216634429
-äyu	0.0499286733238	0.917974322397	0.0320970042796	0.0
-íos	0.0722891566264	0.927710843374	0.0	0.0
-uwa	0.0664397990601	0.250397018311	0.0115054286177	0.671657754011
-rti	0.159042714329	0.840957285671	0.0	0.0
-emo	0.0136674259681	0.952164009112	0.0341685649203	0.0
-acü	0.340361987365	0.28164722841	0.156604181841	0.221386602384
-osé	0.076836158192	0.897740112994	0.0169491525424	0.00847457627117
-mmi	0.431070561647	0.143132167071	0.0937473842805	0.332049887001
-äya	0.256809338521	0.704280155642	0.0389105058365	0.0
-jan	0.0571172583716	0.661552245492	0.107178855415	0.174151640721
-jam	0.463190184049	0.276073619632	0.0766871165644	0.184049079754
-üba	0.0445609436435	0.715334207077	0.0629095674967	0.177195281782
-cio	0.0739064856712	0.907993966818	0.0	0.0180995475113
-ana	0.212520115852	0.0631031530219	0.0154433053716	0.708933425754
-ajä	0.00709219858156	0.950354609929	0.0	0.0425531914893
-cia	0.0356863966855	0.921829797737	0.0195425505659	0.0229412550121
-dpa	0.00721401580213	0.983510821024	0.00103057368602	0.00824458948816
-ser	0.0	1.0	0.0	0.0
-yga	0.229915517554	0.0955847338883	0.0209929829781	0.65350676558
-cis	0.0	1.0	0.0	0.0
-shä	0.380466549366	0.392677358979	0.121670222168	0.105185869487
-quí	0.0	1.0	0.0	0.0
-mrä	0.105923824263	0.610437623592	0.0564869744648	0.22715157768
-rcu	0.580291970803	0.116788321168	0.204379562044	0.0985401459854
-000	0.0941333876937	0.278464970585	0.00355333009851	0.623848311623
-rca	0.144032719409	0.181406129202	0.0189049572486	0.65565619414
-eta	0.0116054158607	0.92746615087	0.0290135396518	0.031914893617
-dón	0.00141653091578	0.885969261279	0.0509951129683	0.0616190948367
-eto	0.0816135084427	0.867729831145	0.0168855534709	0.0337711069418
-rco	0.0	1.0	0.0	0.0
-ico	0.182093163944	0.746763460375	0.0660617059891	0.00508166969149
-amü	0.366923581502	0.277222040013	0.104952443424	0.250901935061
-bul	0.0762131725894	0.836452419336	0.00490642741992	0.0824279806547
-uya	0.06753714543	0.615038271049	0.317424583521	0.0
-ías	0.0661129744982	0.873811425225	0.0132673161902	0.0468082840867
-són	0.0	1.0	0.0	0.0
-hca	0.107039740851	0.0487077768127	0.530550926035	0.313701556302
-300	0.305263157895	0.136842105263	0.178947368421	0.378947368421
-jsi	0.599221789883	0.190661478599	0.0	0.210116731518
-ría	0.0457779567727	0.651631091422	0.0171835145657	0.28540743724
-íam	0.00704225352112	0.528169014084	0.0	0.464788732395
-ata	0.180362975714	0.406180257173	0.0820268329238	0.331429934189
-amá	0.0608557844692	0.908716323296	0.00760697305862	0.0228209191759
-bus	0.0183209836333	0.974350622913	0.00244279781777	0.00488559563554
-hcu	0.220301308965	0.722894541862	0.0197579649296	0.037046184243
-uyu	0.181058277427	0.186076449571	0.235005496749	0.397859776253
-amä	0.0449057714959	0.884128386337	0.00294464075383	0.0680212014134
-ati	0.10592528855	0.593745363914	0.287867548883	0.012461798653
-nir	0.0828569258954	0.0259512687081	0.00154946851725	0.889642336879
-acu	0.101426568813	0.657022700232	0.0261517982306	0.215398932724
-ulo	0.041964491584	0.92806087157	0.00415033433249	0.0258243025133
-hti	0.0122196037357	0.975560792529	0.0122196037357	0.0
-nix	0.360730593607	0.529680365297	0.054794520548	0.054794520548
-tan	0.151397428731	0.710536612633	0.0361934041364	0.1018725545
-hta	0.259979475548	0.24947687301	0.227966261006	0.262577390436
-lén	0.0640406557887	0.887398263172	0.00338798239807	0.0451730986409
-nia	0.0218764144234	0.782776903679	0.0493781925556	0.145968489342
-ena	0.0	0.993158494869	0.0	0.00684150513111
-nij	0.574203993524	0.199136535348	0.135995682677	0.0906637884511
-iyä	0.373599003736	0.318804483188	0.165628891656	0.14196762142
-nin	0.298928152594	0.368284020653	0.0960523092896	0.236735517463
-nio	0.0	0.982017982018	0.017982017982	0.0
-üti	0.109100130803	0.753476949361	0.0237847361256	0.113638183711
-fir	0.407142857143	0.592857142857	0.0	0.0
-üta	0.347225962833	0.380302797122	0.0252318110115	0.247239429033
-cru	0.163260219342	0.487256979063	0.109203639083	0.240279162513
-aja	0.6	0.186206896552	0.0482758620689	0.165517241379
-nós	0.0431654676259	0.956834532374	0.0	0.0
-shi	0.352426960891	0.330930394903	0.0711327671934	0.245509877013
-nón	0.0	1.0	0.0	0.0
-saú	0.0227272727273	0.566666666667	0.410606060606	0.0
-sha	0.391582538882	0.289438025601	0.0611871159199	0.257792319597
-fia	0.0	1.0	0.0	0.0
-yra	0.165450427781	0.778875188727	0.023590840463	0.0320835430297
-cra	0.037194012211	0.698276611223	0.0403224805278	0.224206896038
-sgu	0.4440433213	0.469314079422	0.043321299639	0.043321299639
-mra	0.213646368305	0.400440205429	0.0801173881145	0.305796038151
-yuj	0.138361547184	0.561376401208	0.119906242221	0.180355809387
-yun	0.374302803582	0.544954292221	0.0495355240472	0.0312073801497
-éna	0.0	1.0	0.0	0.0
-rcü	0.333825701625	0.1329394387	0.0871491875923	0.446085672083
-vid	0.0119090581018	0.853121616745	0.0064958498737	0.12847347528
-sga	0.11520603527	0.630321164699	0.0246141845267	0.229858615504
-ila	0.0778816199376	0.809968847352	0.0	0.11214953271
-ilo	0.118055555556	0.756944444444	0.0833333333334	0.0416666666666
-yur	0.106759818731	0.486489803625	0.198640483384	0.20810989426
-ldu	0.0521739130435	0.947826086956	0.0	0.0
-lma	0.191176470588	0.705882352941	0.0735294117647	0.0294117647059
-iga	0.278985691569	0.419712561894	0.099062673418	0.202239073119
-ooz	0.0	1.0	0.0	0.0
-lmi	0.114141368305	0.774560965649	0.0642858223291	0.0470118437174
-hcä	0.48049425852	0.222923444826	0.0559175839324	0.240664712721
-ebe	0.242778119238	0.646588813768	0.0368776889982	0.0737553779963
-rcä	0.662698412698	0.047619047619	0.0119047619048	0.277777777778
-amo	0.0	1.0	0.0	0.0
-atá	0.0164835164835	0.961538461539	0.0	0.021978021978
-ama	0.285575997821	0.0653638875878	0.0266214858213	0.62243862877
-íta	0.172523961661	0.808306709265	0.00638977635782	0.0127795527157
-asi	0.270582004084	0.379997420216	0.0761504541959	0.273270121505
-tin	0.342495564582	0.237548952743	0.0544502635766	0.365505219098
-guy	0.338137472284	0.468957871397	0.0332594235033	0.159645232816
-ush	0.365954584407	0.314343073355	0.137713521237	0.181988821001
-iri	0.13216957606	0.755610972569	0.0523690773068	0.0598503740648
-hin	0.370433569547	0.30365176901	0.107426300777	0.218488360666
-gus	0.030959752322	0.927760577915	0.0371517027864	0.00412796697626
-gur	0.525378893271	0.113364876901	0.0935555890611	0.267700640767
-usa	0.382352941177	0.617647058823	0.0	0.0
-ira	0.0856462029032	0.632550161738	0.0145045988788	0.26729903648
-mós	0.0	1.0	0.0	0.0
-guj	0.290163428924	0.13752698119	0.472864631514	0.0994449583719
-gui	0.173686105111	0.492710583154	0.285007199424	0.048596112311
-jmi	0.265643164066	0.281769772854	0.205147098843	0.247439964237
-yca	0.010741588081	0.186568829864	0.332989230512	0.469700351543
-gum	0.206158663883	0.328288100209	0.260960334029	0.204592901879
-hpä	0.241999279194	0.30187941855	0.0282209316649	0.427900370592
-iru	0.10052277683	0.738784931619	0.0934976780681	0.0671946134827
-hir	0.421113638067	0.356078661038	0.0657405483732	0.157067152521
-his	0.0037982582273	0.00786782061369	0.00325564990912	0.98507827125
-agä	0.568665377176	0.2166344294	0.214700193424	0.0
-ceu	0.0296052631579	0.916118421053	0.0394736842105	0.0148026315789
-oní	0.0	0.830188679245	0.0	0.169811320755
-cer	0.0	1.0	0.0	0.0
-ñun	0.328690807799	0.520891364903	0.08356545961	0.066852367688
-aná	0.0	1.0	0.0	0.0
-dta	0.0132391879965	0.970873786408	0.0158870255958	0.0
-ñur	0.264084507042	0.385403329065	0.093896713615	0.256615450277
-ära	0.0474757031048	0.646770448095	0.0915971445773	0.214156704223
-bén	0.0	1.0	0.0	0.0
-tay	0.287948184003	0.632829720539	0.0143441034105	0.0648779920471
-aní	0.0896860986547	0.910313901345	0.0	0.0
-cea	0.0	1.0	0.0	0.0
-anï	0.0976647536117	0.327962063664	0.0143859702538	0.559987212471
-win	0.175794714669	0.686710072769	0.0229797012639	0.114515511298
-npa	0.201967735006	0.341526427932	0.0742902446696	0.382215592393
-wij	0.0709406200736	0.897530215449	0.0315291644771	0.0
-pij	0.331500320777	0.357987352213	0.173219686555	0.137292640455
-npi	0.26582278481	0.73417721519	0.0	0.0
-pim	0.290909090909	0.672727272727	0.0	0.0363636363636
-pin	0.563805688397	0.396551724138	0.0396425874654	0.0
-pio	0.0	1.0	0.0	0.0
-pir	0.617791077258	0.26795429815	0.0489662676822	0.0652883569097
-pis	0.226308550615	0.345393055796	0.0658769346583	0.362421458931
