-ntï	0.504322766571	0.154178674352	0.103746397695	0.237752161383
-ris	0.0	0.96878251821	0.0	0.0312174817898
-cag	0.144065802655	0.24628602219	0.282198555655	0.327449619499
-ösa	0.11320322089	0.674309761131	0.175476457021	0.0370105609582
-lan	0.141078343022	0.251370317563	0.109119032917	0.498432306498
-épa	0.0199547391974	0.968134523273	0.00119107375299	0.0107196637769
-can	0.5123912578	0.13564346613	0.046519904708	0.305445371362
-cam	0.220616321685	0.548134000929	0.115624838693	0.115624838693
-shu	0.230602278893	0.648670645686	0.0997015735214	0.0210255018991
-cas	0.165168539326	0.657865168539	0.0	0.176966292135
-car	0.315943856805	0.135666019643	0.0467788021387	0.501611321413
-ive	0.132734327139	0.867265672861	0.0	0.0
-rbe	0.00875912408761	0.991240875912	0.0	0.0
-cat	0.33962979419	0.0471460075085	0.0199532860759	0.593270912226
-caz	0.0	1.0	0.0	0.0
-cay	0.0983620596782	0.0690877026292	0.00850996333086	0.824040274362
-ion	0.0882643784491	0.872180930811	0.00574180994608	0.0338128807937
-aus	0.150313152401	0.837160751566	0.0	0.0125260960334
-len	0.261203084028	0.35427184846	0.12563109076	0.258893976752
-llä	0.251845950253	0.559194641748	0.0275069543846	0.161452453615
-idä	0.225323624595	0.592637540453	0.0424757281553	0.139563106796
-ävu	0.00808625336929	0.955525606469	0.0283018867925	0.00808625336925
-rpä	0.701227830832	0.130513869941	0.100045475216	0.0682128240109
-zin	0.0	1.0	0.0	0.0
-bta	0.439289805269	0.506300114548	0.0085910652921	0.0458190148912
-rpü	0.0148148148148	0.955555555556	0.0	0.0296296296296
-idö	0.196787148594	0.682730923695	0.0240963855422	0.0963855421686
-nse	0.603351955307	0.279329608939	0.117318435754	0.0
-aum	0.0130208333333	0.90234375	0.0	0.0846354166667
-nsa	0.249326145553	0.588948787062	0.161725067385	0.0
-llü	0.0407244973515	0.839665090847	0.119610411801	0.0
-nti	0.09291925759	0.346715672971	0.39021958443	0.170145485009
-öso	0.161221497659	0.490976993887	0.159923118444	0.18787839001
-nto	0.0254061198675	0.683959390382	0.236168710886	0.0544657788642
-nta	0.2626291079	0.370191073653	0.0387809088915	0.328398909555
-nte	0.19577627259	0.477328521991	0.0873140288088	0.23958117661
-puy	0.738486842105	0.131990131579	0.0164473684211	0.113075657895
-uan	0.0674740242487	0.825826119789	0.00580346529807	0.100896390664
-öta	0.365317058721	0.174896619795	0.0750616300097	0.384724691474
-apa	0.0870009521921	0.307938547909	0.0465982804768	0.558462219422
-öte	0.11320754717	0.88679245283	0.0	0.0
-siy	0.488027189865	0.412019156496	0.036304650085	0.0636490035532
-öti	0.015625	0.929934210526	0.0152960526316	0.0391447368421
-pum	0.357601874953	0.41279201633	0.0340213200272	0.19558478869
-pun	0.166547099047	0.579800034508	0.0644757035571	0.189177162887
-leg	0.193548387097	0.420585019136	0.129715691635	0.256150902132
-ntu	0.221842955372	0.611787144496	0.0436985790396	0.122671321092
-dro	0.0294616362866	0.798431538788	0.00204889077292	0.170057934153
-war	0.385191916623	0.115307948615	0.0115091375088	0.487990997253
-pra	0.138692787387	0.0944522885045	0.728026826686	0.0388280974232
-pre	0.0	0.997745208568	0.00225479143179	0.0
-ïgü	0.386108273749	0.388661899898	0.0	0.225229826353
-ösu	0.13989769821	0.605882352941	0.217774936061	0.0364450127877
-pri	0.457844183565	0.230522945571	0.00640341515475	0.30522945571
-nmi	0.339584411633	0.286459784596	0.0507160215005	0.323239782271
-cwa	0.350991059092	0.142760218845	0.2911836325	0.215065089564
-arü	0.269565217391	0.139130434783	0.347826086957	0.24347826087
-ope	0.00801710315339	0.973810796366	0.018172100481	0.0
-opa	0.0421062633192	0.454391428513	0.0149096410217	0.488592667147
-smi	0.124217714784	0.526761760365	0.0732186275027	0.275801897348
-dea	0.0272268513085	0.912216875954	0.0281657082502	0.0323905644877
-msa	0.0159478124075	0.207971019722	0.108676042922	0.667405124948
-dec	0.00302709247768	0.962161344029	0.0	0.0348115634932
-imu	0.0438733939204	0.569100595425	0.324573577472	0.0624524331826
-das	0.015	0.925	0.0	0.06
-mur	0.508165427141	0.174186660437	0.0693461804988	0.248301731923
-dem	0.00939282120094	0.131946774013	0.778821424578	0.079838980208
-deo	0.00243309002433	0.924574209246	0.0	0.0729927007299
-ima	0.215107317621	0.129549315714	0.0223104671762	0.633032899489
-des	0.109017220446	0.741052037553	0.0332181883476	0.116712553654
-lga	0.216834840344	0.741230943957	0.0152885161403	0.0266456995588
-lgo	0.142003413231	0.570458424127	0.0717605305272	0.215777632115
-imo	0.0921352583587	0.802621580547	0.040273556231	0.0649696048633
-ido	0.482417388231	0.195971019615	0.094009542322	0.227602049832
-lla	0.278349119409	0.258053362473	0.101853031371	0.361744486747
-dag	0.350976507218	0.349702802151	0.036088310218	0.263232380413
-obo	0.0153452685422	0.696930946292	0.102301790281	0.185421994885
-rpa	0.08638771206	0.818807311628	0.00863877120599	0.086166205106
-lli	0.185378389402	0.109085002984	0.177351160497	0.528185447117
-ray	0.239001859618	0.275463414672	0.270110392162	0.215424333548
-llo	0.0957740288718	0.803553196525	0.0665945434261	0.0340782311775
-ida	0.00566388866413	0.994336111336	0.0	0.0
-úpa	0.2	0.8	0.0	0.0
-llu	0.107421424286	0.717265888217	0.0138920939678	0.161420593529
-bia	0.0816326530612	0.832653061224	0.0244897959184	0.0612244897961
-sio	0.0	1.0	0.0	0.0
-bil	0.00341880341879	0.390028490029	0.58603988604	0.0205128205128
-idu	0.649867374005	0.0901856763926	0.259946949602	0.0
-rpu	0.00845070422537	0.928169014085	0.0169014084507	0.0464788732394
-ltu	0.122280817403	0.324983520106	0.096572181938	0.456163480554
-rig	0.219943192662	0.523076577639	0.0406034002073	0.216376829492
-100	0.131307364631	0.296649246849	0.0228360634141	0.549207325106
-uta	0.187108332787	0.626996546621	0.0530208547534	0.132874265839
-hla	0.043583535109	0.762711864407	0.116222760291	0.0774818401937
-ria	0.0608851674641	0.873923444976	0.0194377990431	0.0457535885167
-rin	0.0489980332059	0.8016573183	0.00902532964112	0.140319318853
-rio	0.221809858425	0.710935071541	0.00593427088534	0.0613207991485
-rim	0.407117314068	0.332527399343	0.173198592752	0.0871566938367
-ñon	0.0910470409712	0.708649468892	0.182094081942	0.0182094081942
-vig	0.231103598165	0.214923931417	0.255976817194	0.297995653224
-ñor	0.00415064727606	0.67090074364	0.000856515267396	0.324092093817
-gra	0.17250447039	0.0896181760808	0.658988114021	0.0788892395077
-rir	0.428750448408	0.201776514273	0.0480809087229	0.321392128595
-lde	0.122188281033	0.231214923152	0.28469115232	0.361905643494
-nap	0.419016921837	0.420225624497	0.0423045930701	0.118452860596
-gru	0.27298245614	0.398245614035	0.195438596491	0.133333333333
-teo	0.0156140855488	0.951514155401	0.0	0.03287175905
-jin	0.189691132845	0.584723110886	0.0469546767711	0.178631079498
-jim	0.343251859724	0.452709883103	0.0541976620616	0.149840595112
-ara	0.232666262381	0.690856411293	0.00235833164881	0.0741189946768
-lur	0.543873517786	0.347826086957	0.0845849802371	0.0237154150198
-aro	0.0794701986755	0.76821192053	0.00467471756913	0.147643163226
-ïgu	0.165537682942	0.725745804516	0.0291071669735	0.0796093455685
-ari	0.402535860656	0.378073770492	0.0746670081968	0.144723360656
-íga	0.0109920307777	0.989007969222	0.0	0.0
-aru	0.168793900976	0.398578036663	0.0973316772314	0.33529638513
-üja	0.103252452246	0.52503871967	0.302013422819	0.0696954052659
-lum	0.048971596474	0.0	0.951028403526	0.0
-lun	0.0906249201496	0.58782554135	0.017240596103	0.304308942397
-ïga	0.412026786883	0.0935998809237	0.017117380401	0.477255951793
-sga	0.161501554857	0.266038026371	0.0461200671573	0.526340351615
-meo	0.0	1.0	0.0	0.0
-men	0.368983957219	0.171122994652	0.0320855614973	0.427807486631
-plu	0.129773038047	0.693220001237	0.0379987768929	0.139008183823
-aya	0.171750646818	0.12338551981	0.0027811703265	0.702082663046
-önö	0.0788277342676	0.698983569962	0.166879841494	0.0553088542765
-ndu	0.136477115118	0.548127600555	0.0918169209432	0.223578363384
-ayo	0.0343347639485	0.965665236052	0.0	0.0
-say	0.0586292887916	0.0114461826621	0.00149325343937	0.928431275107
-ynö	0.097271073391	0.0283062882487	0.00299058225638	0.871432056104
-ayu	0.0925037686721	0.751678772098	0.0	0.15581745923
-800	0.0	0.842931937173	0.0	0.157068062827
-num	0.501897160801	0.234920842601	0.11010074578	0.153081250818
-ynï	0.29080928329	0.505237685349	0.0864015071541	0.117551524207
-vun	0.149302347433	0.698024492225	0.110990181186	0.0416829791566
-mos	0.033760972316	0.966239027684	0.0	0.0
-önï	0.589600742804	0.285051067781	0.0974930362118	0.0278551532034
-éta	0.0	1.0	0.0	0.0
-zpa	0.160252215811	0.716019273095	0.0118969722206	0.111831538873
-ëra	0.274509803922	0.104575163399	0.62091503268	0.0
-cta	0.254016947215	0.354091612832	0.0551827560692	0.336708683884
-dás	0.0736915561759	0.845080251221	0.00251221214236	0.0787159804605
-dán	0.111226207432	0.781950019423	0.033018257154	0.0738055159912
-lpä	0.292252107587	0.707747892413	0.0	0.0
-bpa	0.020193366785	0.90392852772	0.0	0.0758781054951
-rlä	0.730158730159	0.11746031746	0.0	0.152380952381
-ota	0.0753471373744	0.39952542547	0.00739759077565	0.51772984638
-lia	0.0105543549279	0.972294818314	0.0	0.0171508267578
-ote	0.0151597184624	0.97509474824	0.00324851109908	0.00649702219818
-ali	0.0	1.0	0.0	0.0
-oam	0.0	1.0	0.0	0.0
-oto	0.125654450262	0.560209424084	0.0628272251309	0.251308900524
-uma	0.0	0.971764705882	0.0282352941177	0.0
-eví	0.0446153846154	0.955384615385	0.0	0.0
-umi	0.119017991092	0.215542271894	0.00773372719132	0.657706009823
-ceo	0.0596026490066	0.900662251656	0.0198675496689	0.0198675496689
ALL	0.233003338758	0.281138356515	0.0535685709136	0.432289733813
-nan	0.18737461641	0.247060406657	0.0328327801813	0.532732196752
-nal	0.0319467988004	0.794627721998	0.0547659408007	0.118659538401
-nam	0.210390255305	0.178566568975	0.026880747356	0.584162428365
-sir	0.457166225643	0.272633714925	0.0721837297825	0.198016329649
-csu	0.106499873214	0.408334037697	0.485166089088	0.0
-nag	0.13297007033	0.457859962179	0.173680607501	0.235489359989
-zul	0.0266328471782	0.973367152822	0.0	0.0
-ünö	0.226090873449	0.326223504976	0.0346843953587	0.413001226216
-nay	0.210371742633	0.126556462689	0.0139970396149	0.649074755063
-ëño	0.493254797644	0.446893406802	0.0598517955539	0.0
-sin	0.319501187476	0.489234796558	0.120740245903	0.0705237700621
-sim	0.0668293200382	0.918319719953	0.0148509600085	0.0
-lmi	0.209160009499	0.314716816451	0.322844798827	0.153278375223
-sic	0.245560759605	0.357087754842	0.0563491314121	0.341002354141
-nas	0.0512936318472	0.890315504226	0.0187108845732	0.0396799793535
-sia	0.0115115115115	0.983483483484	0.00500500500501	0.0
-sig	0.449938713484	0.433985992956	0.0793945165656	0.0366807769945
-ayä	0.456146310649	0.121199051111	0.0259246041364	0.396730034104
-gom	0.0723497955332	0.46555520604	0.372444164832	0.0896508335954
-mor	0.0	1.0	0.0	0.0
-gon	0.305768485347	0.531560932636	0.0693712339226	0.0932993480942
-ëro	0.132332347907	0.665493231679	0.140909444531	0.061264975883
-360	0.0246964395966	0.482609590451	0.021609384647	0.471084585306
-gog	0.263420124974	0.456546809949	0.13014977274	0.149883292337
-äga	0.268378021677	0.396967896382	0.0832431567701	0.251410925172
-goy	0.226537997587	0.342305703946	0.258486989488	0.172669308978
-ïmi	0.356247805926	0.462258708161	0.0457686668042	0.135724819109
-aán	0.0354400472534	0.964559952747	0.0	0.0
-mcu	0.851190476191	0.0773809523809	0.0	0.0714285714285
-yna	0.442073170732	0.246273712737	0.0732228476131	0.238430268918
-mon	0.0215241928428	0.978475807157	0.0	0.0
-gos	0.0139790314528	0.948077883175	0.037943085372	0.0
-gor	0.483210208193	0.234721289456	0.162301320797	0.119767181554
-öno	0.0	0.991661703395	0.0	0.00833829660511
-ïma	0.765957446809	0.170212765957	0.0	0.0638297872341
-com	0.0442338072669	0.936808846761	0.00947867298581	0.00947867298578
-yat	0.452643633215	0.422115465185	0.0501633941289	0.0750775074714
-icä	0.729483282675	0.0881458966565	0.0182370820669	0.164133738602
-ïdu	0.105376220026	0.34803271168	0.344491784995	0.202099283299
-yar	0.510614549424	0.233834790401	0.0630977377151	0.192452922459
-eos	0.0583333333333	0.2125	0.729166666667	0.0
-eor	0.0816670681764	0.0826306913996	0.615032522284	0.22066971814
-cob	0.0	0.970853206147	0.0	0.0291467938527
-ofo	0.214559386973	0.302681992337	0.48275862069	0.0
-eom	0.139231148349	0.820847708231	0.0177427304091	0.0221784130113
-lpa	0.179521793098	0.636627085517	0.0351853535684	0.148665767817
-yam	0.35207556681	0.235602334674	0.0052652901254	0.40705680839
-yan	0.504048655089	0.218973200252	0.061426342613	0.215551802046
-rla	0.0950570342206	0.448669201521	0.0	0.456273764259
-cos	0.0278268551237	0.805212014134	0.166961130742	0.0
-ïdo	0.429272486299	0.160977182362	0.281871261239	0.127879070101
-iso	0.0757257046698	0.899032393774	0.0	0.0252419015566
-reo	0.00565482922416	0.950237502827	0.0373218728794	0.00678579506901
-ish	0.183493518785	0.107122002922	0.0894003630809	0.619984115212
-rea	0.0125493008247	0.986733596271	0.000717102904263	0.0
-isa	0.0	1.0	0.0	0.0
-utï	0.0	0.726205997392	0.0	0.273794002608
-eve	0.138613861386	0.524752475248	0.0	0.336633663366
-rey	0.113533337983	0.609771456468	0.0134455470728	0.263249658477
-eva	0.0	1.0	0.0	0.0
-upa	0.112540514613	0.685229170771	0.0724795511276	0.129750763489
-res	0.0161917098446	0.378886010363	0.357512953368	0.247409326425
-rep	0.196454948301	0.648449039882	0.0	0.155096011817
-ret	0.0254361426654	0.961663863005	0.00198461451226	0.0109153798174
-dia	0.179691653376	0.690058479532	0.123870281765	0.00637958532697
-may	0.292620368835	0.330227570686	0.0267860490189	0.350366011461
-hab	0.0341599190284	0.965840080972	0.0	0.0
-ápa	0.0	1.0	0.0	0.0
-hag	0.479801666735	0.179577206625	0.063030277728	0.277590848911
-yta	0.397262504845	0.250718746404	0.0303805372438	0.321638211508
-mas	0.0704052291387	0.0200048937504	0.0889404654301	0.820649411681
-mar	0.316228262032	0.459204111903	0.0419101655563	0.182657460509
-ünu	0.0905446040762	0.0604744403608	0.183093885733	0.66588706983
-ham	0.0373271889401	0.878187403994	0.00368663594469	0.0807987711214
-han	0.460806021356	0.298505996418	0.125369344588	0.115318637638
-juc	0.0482900098704	0.027748469162	0.010294286006	0.913667234962
-har	0.515473176792	0.282767706117	0.0599678839108	0.14179123318
-mal	0.164363982849	0.55979037637	0.161505478799	0.114340161982
-man	0.214565444094	0.337611251521	0.0268163748253	0.42100692956
-hay	0.352913588932	0.545081486692	0.0703482237074	0.0316567006683
-ysä	0.410714285714	0.107142857143	0.107142857143	0.375
-mag	0.131519504028	0.0410551475535	0.0100319857217	0.817393362697
-jum	0.0882352941176	0.852941176471	0.0588235294118	0.0
-uno	0.0703125	0.75	0.1796875	0.0
-tsu	0.431826495812	0.276064905824	0.106848220343	0.185260378021
-uni	0.0	0.814814814815	0.0	0.185185185185
-yay	0.383206246094	0.302152248229	0.0737299280402	0.240911577637
-imü	0.57304526749	0.270061728395	0.0308641975309	0.126028806584
-una	0.135510267788	0.471681342373	0.0440571493355	0.348751240503
-iro	0.000836495085589	0.976159890061	0.0125474262839	0.0104561885699
-pta	0.478149100257	0.352185089974	0.0771208226221	0.0925449871466
-pto	0.0160233066278	0.937120660354	0.0381160475843	0.00873998543337
-unu	0.216981132075	0.630188679245	0.0396226415094	0.11320754717
-666	0.0721417069243	0.0	0.0	0.927858293076
-gag	0.454780209942	0.196367420936	0.0925742518856	0.256278117236
-ügö	0.0166297117517	0.772727272727	0.194013303769	0.0166297117517
-üro	0.0	1.0	0.0	0.0
-tra	0.0979938271604	0.814236111111	0.024112654321	0.0636574074074
-ada	0.0965579010006	0.0474507855298	0.0415616124065	0.814429701063
-gan	0.583947069009	0.123332669107	0.0250117776886	0.267708484196
-tro	0.0529848110208	0.750735900153	0.0936064994701	0.102672789356
-üra	0.128246232767	0.849631292081	0.0105803142033	0.011542160949
-yag	0.430104310076	0.228721930886	0.0722030249056	0.268970734133
-quï	0.346343163676	0.0460685715257	0.0178527403957	0.589735524403
-äbo	0.561643835616	0.301369863014	0.13698630137	0.0
-tru	0.0214346273718	0.92053067122	0.00429886677095	0.0537358346369
-cpa	0.17264481951	0.369033730004	0.0918407323867	0.366480718099
-144	0.0380228136882	0.256653992396	0.0	0.705323193916
-adu	0.0734394124847	0.477356181151	0.363525091799	0.0856793145654
-gas	0.0196286472148	0.783023872679	0.0190981432361	0.17824933687
-gar	0.482162714904	0.2987519723	0.045802831515	0.173282481282
-üru	0.190079479077	0.260078521498	0.257301541703	0.292540457723
-ebú	0.0555555555556	0.944444444444	0.0	0.0
-nor	0.0	0.40157480315	0.51968503937	0.0787401574802
-gay	0.21844591661	0.138806074237	0.0255396559928	0.61720835316
-uiy	0.863879598662	0.103790412486	0.015607580825	0.0167224080268
-ïvo	0.0	1.0	0.0	0.0
-örä	0.0782331027141	0.143693453965	0.0638637573177	0.714209686003
-bel	0.0311993938404	0.859602727718	0.0717586058328	0.0374392726084
-ino	0.0	1.0	0.0	0.0
-ina	0.191786737554	0.301172781404	0.0937095956723	0.41333088537
-uir	0.498186610117	0.169626085485	0.0350995202663	0.297087784131
-uit	0.7488	0.2512	0.0	0.0
-nöm	0.442105263158	0.515789473684	0.0421052631579	0.0
-ïva	0.219312602291	0.677577741408	0.0	0.103109656301
-yca	0.17672615418	0.0397657574365	0.0143822062205	0.769125882163
-uim	0.459230780113	0.266193578121	0.072338509731	0.202237132036
-uin	0.233115521953	0.186115480975	0.0243667966231	0.556402200449
-uia	0.0	0.976312849162	0.00268156424581	0.0210055865922
-inu	0.166952054795	0.721746575342	0.0599315068493	0.0513698630136
-uig	0.189712020431	0.451409403648	0.198784043912	0.160094532009
-ñal	0.0437226733292	0.762648344784	0.186133666458	0.00749531542787
-iag	0.2	0.3	0.4	0.1
-ñan	0.230984573232	0.603907320269	0.0650425874084	0.10006551909
-änu	0.160563486954	0.390994811982	0.342333472185	0.106108228879
-lau	0.0493057131049	0.583225387026	0.227414386717	0.140054513152
-ble	0.170528266914	0.454124189064	0.233240654927	0.142106889095
-ial	0.0207756232687	0.0831024930748	0.757617728532	0.138504155125
-ñag	0.426666666667	0.573333333333	0.0	0.0
-ian	0.185656412204	0.725408279529	0.0496898341562	0.0392454741106
-nes	0.132067561092	0.742153809296	0.0251557259223	0.100622903689
-rso	0.0	1.0	0.0	0.0
-äna	0.204063282534	0.583442873692	0.0402409078612	0.172252935913
-neo	0.0	1.0	0.0	0.0
-ñay	0.0280076384469	0.937619350732	0.0	0.0343730108211
-bed	0.0306748466257	0.969325153374	0.0	0.0
-ias	0.0382403680276	0.920231934062	0.0173758865248	0.0241518113859
-iar	0.454880116251	0.366161298135	0.125250666021	0.0537079195931
-ñau	0.991936103218	0.00806389678212	0.0	0.0
-agï	0.950331125828	0.0496688741722	0.0	0.0
-ooz	0.027027027027	0.972972972973	0.0	0.0
-iay	0.182186234818	0.37044534413	0.376518218623	0.0708502024291
-aon	0.127272727273	0.872727272727	0.0	0.0
-äno	0.0997865528282	0.454642475987	0.416755602988	0.0288153681964
-ñar	0.453909681398	0.230224274459	0.0989329864913	0.216933057652
-ban	0.22371967655	0.630727762803	0.0161725067385	0.129380053908
-bal	0.183448275862	0.379310344828	0.36275862069	0.0744827586206
-hog	0.129566657948	0.0854283527577	0.484930392071	0.300074597223
-unä	0.317936491279	0.0975761638915	0.0153841216922	0.569103223137
-bag	0.362089434112	0.372774040364	0.158290463	0.106846062525
-jor	0.14371257485	0.22754491018	0.48502994012	0.14371257485
-ptï	0.344381691347	0.246319603384	0.0639900897339	0.345308615535
-unö	0.217538188833	0.540090019637	0.0818327164034	0.160539075126
-ïgö	0.0	1.0	0.0	0.0
-bar	0.42974561178	0.375248816633	0.033000942884	0.162004628704
-bas	0.0772303595206	0.882822902796	0.0119840213049	0.0279627163781
-job	0.0346620450606	0.861351819757	0.103986135182	0.0
-sús	0.056967840735	0.481010719755	0.000918836140887	0.461102603369
-trä	0.213758843896	0.126975763962	0.0470419990968	0.612223393045
-nya	0.151303709144	0.562982005141	0.0117517443996	0.273962541315
-snö	0.240565883026	0.52821579939	0.132713563627	0.0985047539567
-nlä	0.1043758967	0.852582496413	0.0430416068866	0.0
-asa	0.0	0.974413646055	0.0255863539446	0.0
-qui	0.443812590042	0.234483622074	0.0557771352527	0.265926652631
-äpa	0.139067768704	0.0206336280349	0.0478483530078	0.792450250253
-ash	0.241333544993	0.329761074334	0.105094170568	0.323811210106
-ven	0.203943496174	0.230282519129	0.517216009417	0.0485579752796
-ümi	0.234847525068	0.51519587832	0.0614216604025	0.188534936209
-lta	0.158048466598	0.763258499739	0.0262898911563	0.0524031425063
-snï	0.200403373671	0.680234690136	0.0	0.119361936194
-zor	0.0	1.0	0.0	0.0
-orï	0.726384994682	0.273615005318	0.0	0.0
-ñun	0.865979381443	0.134020618557	0.0	0.0
-öra	0.148761616552	0.204950314425	0.00633142317516	0.639956645848
-ywä	0.641118881119	0.187132867133	0.020979020979	0.150769230769
-rat	0.287167630058	0.624971098266	0.0184971098266	0.0693641618497
-rar	0.293220231927	0.202316865595	0.0360074801831	0.468455422295
-ras	0.398436836293	0.540905615496	0.0428170928553	0.0178404553564
-ran	0.259691285536	0.314877264313	0.0264840171742	0.398947432977
-ral	0.183348924228	0.286248830683	0.320860617399	0.209541627689
-ram	0.157738771902	0.299232854176	0.0229249637886	0.520103410133
-ero	0.0392584741233	0.0151292538617	0.000733095281005	0.944879176734
-era	0.249261665682	0.424909952167	0.0951785321334	0.230649850017
-uío	0.0	0.876712328767	0.123287671233	0.0
-inö	0.330899571746	0.471594101162	0.116084885721	0.0814214413708
-swa	0.427861089187	0.572138910813	0.0	0.0
-anö	0.242013832147	0.28914685936	0.130160300926	0.338679007568
-änö	0.261507665338	0.54646167814	0.0672893269619	0.12474132956
-pos	0.0246276533365	0.963058519995	0.0123138266682	0.0
-edï	0.228543876567	0.207328833173	0.0	0.56412729026
-uge	0.0804232804233	0.782716049383	0.0677248677249	0.0691358024691
-nás	0.0186263096624	0.981373690338	0.0	0.0
-änä	0.523162159524	0.263960753685	0.104559211169	0.108317875622
-uga	0.193437989118	0.585412993217	0.112367109321	0.108781908344
-aza	0.0	0.935828877005	0.0641711229947	0.0
-nra	0.0573054732575	0.274130672072	0.635817869952	0.0327459847185
-lag	0.295343176929	0.287311533017	0.169777003423	0.247568286632
-lac	0.0336134453781	0.966386554622	0.0	0.0
-lam	0.104762754732	0.105618981052	0.0508922868709	0.738725977346
-ïso	0.0584586017657	0.90813648294	0.0334049152946	0.0
-nos	0.0720838794233	0.592070773263	0.286697247706	0.0491480996068
-aam	0.170255383075	0.769654481723	0.0600901352028	0.0
-aal	0.367965367965	0.458874458874	0.04329004329	0.12987012987
-fos	0.0	1.0	0.0	0.0
-eón	0.0657894736842	0.823684210526	0.0315789473684	0.078947368421
-lar	0.412516351131	0.184287984751	0.0283144729316	0.374881191187
-las	0.0789836744079	0.601763952304	0.110107413855	0.209144959432
-noc	0.13856812933	0.421093148576	0.378752886836	0.0615858352579
-lay	0.243719442526	0.589668108373	0.0508149461003	0.115797503001
-aac	0.0	1.0	0.0	0.0
-ämi	0.492573301121	0.245543285493	0.0603073112306	0.201576102155
-awï	0.211576846307	0.159680638722	0.369261477046	0.259481037924
-gen	0.149198725569	0.780897807789	0.0242522231204	0.0456512435209
-gel	0.0533343585012	0.813906402173	0.00881644369265	0.123942795633
-äma	0.402618657938	0.351882160393	0.0	0.245499181669
-geg	0.294396062098	0.411207875805	0.0615297235895	0.232866338508
-awä	0.545851528384	0.192139737991	0.0	0.262008733624
-üva	0.17665615142	0.535317514744	0.0	0.288026333836
-ñur	0.339685837237	0.221609819176	0.0405952557607	0.398109087826
-doc	0.0	1.0	0.0	0.0
-don	0.0	1.0	0.0	0.0
-ger	0.298420615129	0.259351620948	0.0232751454697	0.418952618454
-ypa	0.194916246933	0.236448738781	0.0581644566252	0.51047055766
-ytä	0.00606259144509	0.756485910289	0.0	0.237451498266
-sas	0.318451121456	0.171090018741	0.0422888579892	0.468170001814
-ión	0.0868037614963	0.882194895112	0.00310013433916	0.0279012090524
-vos	0.0396323361785	0.931607915444	0.0	0.0287597483772
-sau	0.334117647059	0.468705882353	0.0889411764705	0.108235294118
-ïju	0.0645585510192	0.793472413175	0.048717795445	0.093251240361
-ton	0.291045239228	0.378813892394	0.0390956291501	0.291045239228
-voz	0.00865800865799	0.98828622358	0.0	0.00305576776165
-tom	0.14648055117	0.432283622793	0.0426510693268	0.37858475671
-mpa	0.28685011429	0.128200105001	0.0117360871793	0.573213693529
-äbu	0.255116193059	0.351826881588	0.12755809653	0.265498828823
-ges	0.0	1.0	0.0	0.0
-hac	0.0750315942905	0.0945696586266	0.0132967382287	0.817102008854
-sag	0.136873985601	0.221732828784	0.148615964847	0.492777220768
-tos	0.0	0.953416149068	0.0465838509317	0.0
-stä	0.435185185185	0.518518518519	0.0	0.0462962962963
-ago	0.0297872340426	0.958865248227	0.00425531914894	0.00709219858157
-mpu	0.0800538176926	0.582408341742	0.0238255409799	0.313712299585
-san	0.234821587485	0.283667153562	0.0164971737543	0.465014085199
-sam	0.104080110791	0.838393522957	0.0	0.0575263662512
-lon	0.0	1.0	0.0	0.0
-éga	0.0143146844805	0.968984850292	0.0	0.0167004652272
-dom	0.400263222835	0.371614237535	0.128426891033	0.0996956485975
-iel	0.0	0.990654205608	0.0093457943925	0.0
-ros	0.0	1.0	0.0	0.0
-log	0.134362934363	0.301158301158	0.545945945946	0.0185328185328
-naí	0.0	1.0	0.0	0.0
-mín	0.0	1.0	0.0	0.0
-rom	0.126474958483	0.72563587099	0.0157328904816	0.132156280045
-ron	0.222740943574	0.713291735871	0.0101001032455	0.0538672173093
-lor	0.0808566433566	0.82736013986	0.0557255244755	0.0360576923077
-los	0.0442641091848	0.907783105865	0.0	0.0479527849502
-rdu	0.338461538462	0.298974358974	0.0876923076923	0.274871794872
-cga	0.131788140602	0.158671569021	0.0680531362801	0.641487154097
-ipo	0.0	1.0	0.0	0.0
-gna	0.349121967366	0.290098538252	0.135696969155	0.225082525227
-sar	0.326576883817	0.376495270172	0.0361404977727	0.260787348239
-rag	0.207608076778	0.230749307373	0.140229560857	0.421413054992
-ipa	0.152617138984	0.45317701664	0.0791276146265	0.31507822975
-öpo	0.0	0.905764966741	0.0942350332595	0.0
-mat	0.0634640810929	0.178933450859	0.0	0.757602468048
-rde	0.00747663551402	0.566355140187	0.426168224299	0.0
-noé	0.0	0.993897566291	0.0	0.00610243370868
-rda	0.0212992545261	0.605963791267	0.117145899894	0.255591054313
-pan	0.0160702024102	0.0905821545397	0.0219352357619	0.871412407288
-ewa	0.294117647059	0.687306501548	0.0	0.0185758513932
-rdo	0.0224646983312	0.605263157895	0.372272143774	0.0
-nar	0.326509701466	0.209741575106	0.050462936436	0.413285786992
-awi	0.0080971659919	0.991902834008	0.0	0.0
-hga	0.379681911394	0.270917476608	0.0845650802706	0.264835531727
-ätu	0.0250809810273	0.705043961129	0.111614993059	0.158260064785
-äjü	0.176470588235	0.151960784314	0.671568627451	0.0
-awa	0.205317577548	0.63121614968	0.0157557853274	0.147710487445
-sat	0.841101694915	0.127118644068	0.0	0.031779661017
-ämä	0.445893089961	0.554106910039	0.0	0.0
-äta	0.348409691888	0.222209467527	0.0499986556208	0.379382184965
-ämü	0.559312238116	0.295477532149	0.0249241439098	0.120286085826
-tol	0.211202707081	0.528528744735	0.0467979408906	0.213470607293
-uyä	0.291933321802	0.270276600651	0.0785479546831	0.359242122863
-glä	0.30501975366	0.682779456193	0.0122007901464	0.0
-stu	0.00338524035207	0.972494922139	0.0241198375085	0.0
-270	0.0	0.540792540793	0.0	0.459207459207
-sto	0.101746215066	0.358503504918	0.00819113107068	0.531559148945
-sti	0.0	0.608589290568	0.391410709432	0.0
-tim	0.207058967458	0.397235135796	0.0275263029117	0.368179593834
-sta	0.114644962254	0.449745778351	0.0325774299117	0.403031829483
-saí	0.00815660685153	0.979608482871	0.0	0.0122349102773
-clä	0.0913427059507	0.326202732006	0.075925839483	0.50652872256
-cun	0.289206637028	0.274972054427	0.090848780772	0.344972527773
-cum	0.239048447581	0.435530764553	0.0728266781233	0.252594109743
-ain	0.0482897384305	0.686116700201	0.0	0.265593561368
-loé	0.0484904462275	0.870692143393	0.0	0.0808174103792
-cug	0.174413303452	0.429864649211	0.107116964029	0.288605083307
-cua	0.00419899224187	0.954610893386	0.00279932816124	0.0383907862113
-ymi	0.094168063383	0.0365503581093	0.00530255960372	0.863979018904
-ïja	0.151260504202	0.718487394958	0.0672268907563	0.063025210084
-uco	0.0	0.890577507599	0.109422492401	0.0
-ïrä	0.322222222222	0.266666666667	0.277777777778	0.133333333333
-cuy	0.162397264874	0.678647148648	0.0361566232265	0.122798963251
-tor	0.0744157441575	0.833333333333	0.0184501845019	0.0738007380074
-uca	0.0359544779906	0.236417607498	0.701612615038	0.0260152994737
-cut	0.720338983051	0.279661016949	0.0	0.0
-cur	0.414225155092	0.223147109855	0.0577261485225	0.304901586531
-rés	0.0	0.997551020408	0.0	0.00244897959184
-mug	0.401949986123	0.164814219915	0.0858273618696	0.347408432093
-lem	0.0	1.0	0.0	0.0
-iom	0.0	0.975396665997	0.0246033340028	0.0
-cis	0.0	1.0	0.0	0.0
-lea	0.0239480563285	0.897461843326	0.00809511763218	0.0704949827135
-mun	0.353517292345	0.297314515547	0.0605164839677	0.28865170814
-syä	0.666525603047	0.0423190859077	0.00761743546337	0.283537875582
-ley	0.0145156476352	0.869846908691	0.0634058630403	0.0522315806332
-ëmi	0.54054054054	0.367567567568	0.0432432432432	0.0486486486487
-dor	0.106743193793	0.687757178214	0.00668093958305	0.19881868841
-ios	0.0441587408921	0.556968269002	0.00169454212922	0.397178447977
-jar	0.303138129988	0.389522143819	0.173652574232	0.133687151961
-ága	0.0	1.0	0.0	0.0
-les	0.0	1.0	0.0	0.0
-muy	0.526675641595	0.276238562266	0.0395136020485	0.15757219409
-ycä	0.493322076332	0.181215087447	0.0411939387733	0.284268897448
-itá	0.0412371134021	0.917525773196	0.0412371134021	0.0
-plï	0.583734015345	0.311611253197	0.05452685422	0.0501278772378
-rra	0.021809233353	0.978190766647	0.0	0.0
-giy	0.708333333333	0.291666666667	0.0	0.0
-ïna	0.177383974246	0.654282254276	0.0796417843552	0.0886919871229
-ïyï	0.492537313433	0.507462686567	0.0	0.0
-ïno	0.0695380408243	0.5103037406	0.401113389979	0.0190448285966
-rro	0.318939136348	0.640258415505	0.0408024481469	0.0
-gir	0.417095541984	0.537981198106	0.02731078021	0.0176124796999
-gio	0.070969922271	0.929030077729	0.0	0.0
-udá	0.0	1.0	0.0	0.0
-gun	0.345425095114	0.209326854258	0.0395524918069	0.40569555882
-ëta	0.0692766374801	0.82525372413	0.0286061519218	0.0768634864681
-ndo	0.0263157894737	0.973684210526	0.0	0.0
-brä	0.359223300971	0.339805825243	0.165048543689	0.135922330097
-nda	0.319490131579	0.450246710526	0.0540413533834	0.176221804511
-ëto	0.451282051282	0.133333333333	0.138461538462	0.276923076923
-ëti	0.201322314049	0.763966942149	0.0347107438017	0.0
-gia	0.0	0.857707509881	0.142292490119	0.0
-ala	0.284938941655	0.290956285765	0.0722671228836	0.351837649696
-ësa	0.326255380201	0.660832137733	0.012912482066	0.0
-ocu	0.499717673631	0.364765669114	0.0254093732355	0.11010728402
-yor	0.140265177948	0.630844382415	0.101186322401	0.127704117237
-ömu	0.57630612062	0.42369387938	0.0	0.0
-abä	0.754385964912	0.228070175439	0.0	0.0175438596491
-lom	0.0171401737497	0.902559286217	0.00281756280817	0.0774829772247
-ësu	0.368574472319	0.15903583428	0.00444855480502	0.467941138596
-abá	0.0	0.712900820283	0.164056674124	0.123042505593
-ömi	0.244056894327	0.301204689557	0.0586937297784	0.396044686338
-jay	0.0901960784314	0.545098039216	0.329411764706	0.0352941176471
-yog	0.251303341183	0.368993400525	0.236733261181	0.142969997111
-bri	0.244462358103	0.157085438306	0.369293362427	0.229158841164
-cla	0.197683532178	0.53278759906	0.269528868762	0.0
-umï	0.0409836065574	0.454918032787	0.114754098361	0.389344262295
-chi	0.315428162597	0.217373708338	0.241093830996	0.226104298069
-cha	0.184594745091	0.524845902302	0.129474315617	0.16108503699
-ien	0.209477232321	0.0704426783922	0.0121143459655	0.707965743322
-sca	0.113669306678	0.0366142143164	0.41753539664	0.432181082366
-mga	0.0478289938145	0.0938345949029	0.00967800754603	0.848658403737
-elu	0.354358198534	0.503898522053	0.0488769929012	0.0928662865122
-153	0.182370820669	0.182370820669	0.0	0.635258358663
-oré	0.173661360347	0.782923299566	0.0	0.0434153400868
-elo	0.0	1.0	0.0	0.0
-oga	0.180034590609	0.167952426515	0.00455464445261	0.647458338423
-ori	0.0499583680266	0.557035803497	0.344712739384	0.0482930890924
-ela	0.0431362598325	0.590205531591	0.253742704897	0.112915503679
-pur	0.616150748155	0.219596084311	0.0794308727989	0.084822294735
-chu	0.419009703906	0.266981836278	0.16969395372	0.144314506096
-loe	0.0496688741722	0.801324503311	0.0827814569536	0.0662251655629
-hum	0.244100895037	0.565500406835	0.190398698129	0.0
-sya	0.257530120482	0.478915662651	0.0587349397591	0.204819277108
-itu	0.0076113637661	0.947066136408	0.0217589861664	0.0235635136592
-cnï	0.453590192644	0.283712784588	0.0	0.262697022767
-ito	0.0437424058323	0.839611178615	0.0218712029162	0.0947752126367
-tes	0.0	1.0	0.0	0.0
-eso	0.00506329113924	0.960759493671	0.0	0.0341772151899
-ite	0.0	1.0	0.0	0.0
-rtä	0.339331619537	0.154241645244	0.0822622107969	0.424164524422
-ita	0.231226685686	0.373008324549	0.0747336624915	0.321031327274
-gnï	0.534035558968	0.160930022951	0.0169574398541	0.288076978227
-spa	0.0845399936076	0.338729445692	0.0184808164659	0.558249744234
-400	0.0	0.679266895762	0.0	0.320733104238
-spe	0.0456621004566	0.899543378995	0.054794520548	0.0
-bru	0.579237713139	0.3944332999	0.00877632898695	0.0175526579739
-ëtü	0.187908496732	0.53431372549	0.277777777778	0.0
-tir	0.477520855495	0.278259895862	0.0138290129332	0.230390235709
-xga	0.6	0.078431372549	0.0	0.321568627451
-fan	0.233362143474	0.707865168539	0.0242005185825	0.0345721694037
-spo	0.0	0.890909090909	0.109090909091	0.0
-ïnö	0.178022261748	0.714699638534	0.102759768202	0.00451833151644
-fas	0.023332831552	0.940538913142	0.0180641276532	0.0180641276531
-bra	0.0254712175242	0.932501273561	0.0420275089149	0.0
-uda	0.0876712328767	0.797260273973	0.0164383561644	0.0986301369863
-fat	0.0	1.0	0.0	0.0
-rga	0.459257374105	0.175560192712	0.0492350636914	0.315947369492
-alä	0.746944083225	0.0525357607282	0.0572171651495	0.143302990897
-ndä	0.338164251208	0.574879227053	0.0	0.0869565217391
-nna	0.4011261181	0.404566102839	0.0680534214327	0.126254357628
-abu	0.0848416289593	0.113122171946	0.0339366515837	0.768099547511
-hun	0.339857389993	0.248625703892	0.0637912288833	0.347725677232
-uti	0.0335815663033	0.550144782064	0.0704351826567	0.345838468976
-món	0.0137172516065	0.977014335146	0.00074147305981	0.00852694018784
-ípa	0.0124887710611	0.935255581604	0.0246488902522	0.0276067570824
-gua	0.133885878228	0.866114121772	0.0	0.0
-hug	0.255376344086	0.366487455197	0.0824372759857	0.295698924731
-abe	0.134589502019	0.700538358008	0.0302826379542	0.134589502019
-äda	0.12633609609	0.581527503175	0.160335895321	0.131800505414
-huy	0.3257	0.45185	0.0376	0.18485
-nja	0.0218446601942	0.686893203883	0.291262135922	0.0
-njo	0.0	0.974182444062	0.025817555938	0.0
-abo	0.233576642336	0.737226277372	0.014598540146	0.014598540146
-lot	0.016650148662	0.969474727453	0.013875123885	0.0
-hur	0.589809118871	0.286389542247	0.068391532477	0.0554098064049
-var	0.654338549075	0.117749328276	0.0169116484906	0.211000474158
-öcu	0.26651415499	0.264512439234	0.211038032599	0.257935373177
-nco	0.126984126984	0.380952380952	0.0	0.492063492064
-tea	0.0	1.0	0.0	0.0
-chä	0.175059952038	0.359712230216	0.148681055156	0.31654676259
-tum	0.219797349961	0.568026327185	0.132501948558	0.0796743742963
-tun	0.0330401698739	0.108850018799	0.217052756605	0.641057054722
-och	0.362637362637	0.241758241758	0.0	0.395604395604
-zta	0.0916721890877	0.895074000442	0.0132538104705	0.0
-yri	0.257248286769	0.632894043226	0.0228782287823	0.0869794412231
-tur	0.709963157482	0.235165007447	0.0525201849964	0.00235165007447
-son	0.0	0.92487255165	0.0657365173061	0.00939093104373
-chü	0.369727047146	0.531017369727	0.014888337469	0.0843672456575
-oro	0.0197926484449	0.792233741753	0.177417530631	0.0105560791706
-ado	0.120955118536	0.741355266528	0.0517118706777	0.0859777442582
-ncu	0.37912619739	0.3785142908	0.0761434309047	0.166216080905
-ora	0.152087266625	0.662890706944	0.13467589679	0.0503461296412
-gam	0.187021354332	0.151610407049	0.0436156740693	0.61775256455
-chö	0.157066350929	0.446891530185	0.0413286622037	0.354713456682
-zga	0.0646637485078	0.796060485475	0.00397930760048	0.135296458416
-tna	0.275520568817	0.432960893855	0.255967496191	0.0355510411376
-ruy	0.159292035398	0.309734513274	0.477876106195	0.0530973451327
-lix	0.0743243243243	0.872747747748	0.0	0.0529279279279
-liy	0.460199004975	0.0945273631841	0.0273631840796	0.417910447761
-rur	0.0268240343347	0.973175965665	0.0	0.0
-icu	0.600144504677	0.228558230252	0.0870818346567	0.0842154304147
-lir	0.283323846478	0.162194809314	0.00729980924903	0.547181534959
-lis	0.021164021164	0.783068783069	0.0	0.195767195767
-ico	0.0151186139909	0.983246941253	0.00163444475577	0.0
-lim	0.136213851486	0.115746264417	0.262627123459	0.485412760639
-omi	0.430939226519	0.337016574586	0.0331491712707	0.198895027624
-lio	0.0486193927162	0.945876525089	0.0	0.00550408219429
-run	0.232307632577	0.731757610792	0.00241578195842	0.0335189746731
-sué	0.129732592004	0.714588297591	0.111199364575	0.04447974583
-rum	0.148058614044	0.482148092256	0.103348344091	0.266444949609
-émi	0.702205882353	0.1875	0.0	0.110294117647
-oma	0.172082141929	0.575590557577	0.043073336366	0.209253964128
-lig	0.162062615101	0.0662983425414	0.650092081031	0.121546961326
-rug	0.318657973775	0.256647864625	0.0774668522452	0.347227309355
-ica	0.0883585951739	0.413679373	0.328335480635	0.169626551191
-eas	0.0	1.0	0.0	0.0
-ear	0.727272727273	0.272727272727	0.0	0.0
-äcu	0.475201293065	0.275674219522	0.15337184591	0.0957526415038
-ïda	0.252116304748	0.35038645565	0.309164519691	0.0883327199117
-üga	0.0627615062761	0.874476987448	0.0	0.0627615062761
-lna	0.0	0.716535433071	0.283464566929	0.0
-añä	0.454106280193	0.368760064412	0.177133655395	0.0
-cmi	0.312509104902	0.196505091874	0.0379808419114	0.453004961313
-gro	0.0643776824034	0.871244635193	0.0643776824034	0.0
-nri	0.0521008403361	0.927731092437	0.0	0.0201680672269
-yum	0.0725925925926	0.865185185185	0.0622222222222	0.0
-ode	0.0	1.0	0.0	0.0
-rna	0.241775772912	0.656562878204	0.0500605127077	0.0516008361756
-tog	0.0407768969753	0.959223103025	0.0	0.0
-rno	0.388313609468	0.611686390532	0.0	0.0
-ëpa	0.216572504708	0.628060263654	0.0564971751412	0.0988700564972
-ycu	0.250175338813	0.298268382935	0.0401702410617	0.411386037191
-riy	0.521100468219	0.210912874499	0.201150656425	0.0668360008568
-bga	0.0101078167116	0.868598382749	0.0	0.121293800539
-uri	0.346480239231	0.236725127293	0.141194536491	0.275600096985
-rgo	0.0816326530612	0.845804988662	0.0725623582766	0.0
-hni	0.0254957507082	0.974504249292	0.0	0.0
-lwa	0.149845552544	0.591628317468	0.0549076467251	0.203618483263
-ura	0.134105216475	0.0317311070538	0.127604061674	0.706559614798
-hna	0.296009803171	0.598529524393	0.0202956268668	0.0851650455694
-nnö	0.325199593648	0.365605681305	0.0688963012446	0.240298423803
-ana	0.208727516787	0.0559188712251	0.0211228377706	0.714230774218
-ëla	0.168205804749	0.779023746702	0.0131926121372	0.0395778364116
-nnï	0.294096682083	0.324194001501	0.110946652522	0.270762663894
-úga	0.420212765957	0.558510638298	0.0212765957447	0.0
-hnu	0.659513590844	0.323319027182	0.0171673819742	0.0
-gta	0.305706584889	0.216818789832	0.0548033085077	0.422671316772
-ipe	0.0	0.986627043091	0.0	0.0133729569094
-äza	0.0	0.977711738484	0.0222882615156	0.0
-uru	0.468263418399	0.482946177047	0.0278802311736	0.0209101733802
-tga	0.210579228211	0.652192405846	0.0465547908128	0.0906735751295
-wau	0.647058823529	0.25	0.0661764705883	0.0367647058824
-äsi	0.19549197928	0.198391675629	0.227426643003	0.378689702088
-pam	0.178778689265	0.0906922260089	0.0295508490467	0.700978235679
-ngö	0.459074733096	0.220640569395	0.249110320285	0.0711743772242
-wap	0.762013729977	0.210526315789	0.0	0.0274599542334
-tug	0.269188337273	0.730811662727	0.0	0.0
-way	0.314756690706	0.571435417016	0.0265951074586	0.0872127848192
-pag	0.330266400071	0.27186715073	0.0714506141551	0.326415835044
-wag	0.222575339677	0.500179739966	0.0118023942	0.265442526158
-pay	0.0808261131514	0.175970269743	0.0370239090661	0.706179708039
-ngä	0.446749045163	0.326813154718	0.08991473393	0.136523066189
-ciu	0.326431814452	0.624138851974	0.0104061754892	0.0390231580844
-wan	0.164019382875	0.486423723365	0.0605273487402	0.28902954502
-wam	0.141493542953	0.652177180828	0.087025337442	0.119303938776
-wal	0.348446179252	0.264975228945	0.0788169944453	0.307761597358
-dum	0.267644645055	0.547189167009	0.0241075092327	0.161058678703
-dun	0.0166473988439	0.689248554913	0.0721387283237	0.221965317919
-mya	0.11831976039	0.648011089383	0.00594074110747	0.227728409119
-nun	0.275383077948	0.656995336442	0.0209860093271	0.0466355762824
