-cag	0.0848873643396	0.0747510974519	0.0894159482768	0.750945589932
-ösa	0.333025617355	0.22097853681	0.0542349411493	0.391760904685
-lgü	0.196252927401	0.457142857143	0.309133489461	0.0374707259953
-imü	0.356775557365	0.184854480826	0.0482613847181	0.41010857709
-cam	0.0715051464397	0.605123002283	0.240530523085	0.0828413281923
-aja	0.230203223546	0.243517869657	0.367379117029	0.158899789769
-cas	0.00444225074038	0.482230997038	0.0222112537019	0.491115498519
-car	0.367261340139	0.162823203975	0.043477625597	0.42643783029
-lgä	0.26425642937	0.586656727544	0.0969064480059	0.0521803950802
-ive	0.139199175116	0.860800824884	0.0	0.0
-rbe	0.0203389830508	0.979661016949	0.0	0.0
-caz	0.0	1.0	0.0	0.0
-cay	0.124874575993	0.058385746641	0.0170104666427	0.799729210723
-heg	0.321824854343	0.147059325017	0.322817800414	0.208298020226
-lem	0.746980013178	0.253019986822	0.0	0.0
-aus	0.149847094801	0.795107033639	0.0366972477065	0.0183486238532
-oya	0.0659340659341	0.252747252747	0.0	0.681318681319
-llä	0.259277922056	0.498201911357	0.0463652768626	0.196154889724
-llë	0.299932218708	0.663917758699	0.00903750564846	0.0271125169454
-plu	0.105013266304	0.5969836615	0.0242982823628	0.273704789834
-ävu	0.205985289777	0.56445812526	0.110477269031	0.119079315932
-rpä	0.37542662116	0.551194539249	0.0383959044368	0.0349829351536
-zin	0.0498169604106	0.950183039589	0.0	0.0
-bta	0.0586128296971	0.893845652882	0.0182351025725	0.0293064148486
-aum	0.0591397849462	0.909677419355	0.0	0.0311827956989
-nti	0.0670214038024	0.812985770656	0.0769460719838	0.0430467535574
-ötu	0.0	0.537153376384	0.462846623616	0.0
-nto	0.0288952832715	0.810989447135	0.0482235316837	0.11189173791
-nta	0.260569120022	0.338707601	0.0575349927392	0.343188286239
-nte	0.0	1.0	0.0	0.0
-puy	0.60294673215	0.305440120892	0.0283339629769	0.0632791839818
-can	0.524459629044	0.15046846036	0.0302359532298	0.294835957367
-öta	0.26458516564	0.123424215772	0.272647317502	0.339343301085
-apa	0.159927876338	0.394847064328	0.0623065000801	0.382918559254
-eus	0.0	1.0	0.0	0.0
-grä	0.279474151539	0.314062572543	0.243550942477	0.162912333442
-sha	0.136652757788	0.788135259243	0.0322762690997	0.0429357138691
-öti	0.0434381841226	0.855928102316	0.00921765180319	0.0914160617583
-pun	0.312632614242	0.373361824073	0.0728660652325	0.241139496453
-yta	0.128932566573	0.355685479688	0.012305849296	0.503076104443
-ntu	0.14852227082	0.528069828781	0.0287170689426	0.294690831456
-lta	0.229928326984	0.660689610641	0.0506231032479	0.058758959127
-war	0.397604708145	0.122306441641	0.00360667750579	0.476482172708
-arä	0.242643650502	0.151777452002	0.0389067494184	0.566672148077
-eum	0.290237467018	0.709762532982	0.0	0.0
-pre	0.0151802656546	0.954459203036	0.0	0.0303605313093
-pan	0.103602194533	0.114111899969	0.0252261881477	0.75705971735
-ösu	0.133431914061	0.472607605213	0.196581568303	0.197378912423
-wap	0.366240491989	0.0638857420295	0.0190160220101	0.550857743972
-nmi	0.328993353231	0.290098001807	0.0608248016035	0.320083843358
-cwa	0.204850682836	0.586048620162	0.173400578002	0.0357001190004
-zor	0.0	1.0	0.0	0.0
-ope	0.0	1.0	0.0	0.0
-smi	0.258279953044	0.392409712911	0.0270681402774	0.322242193768
-dea	0.0255821580846	0.934186071936	0.000655952771399	0.0395758172078
-msa	0.0150555955406	0.159604001116	0.155329680821	0.670010722522
-lgu	0.103512101403	0.609826386448	0.0337386659169	0.252922846231
-imu	0.17029972752	0.273387829246	0.542688465032	0.0136239782016
-das	0.079263803681	0.858773006135	0.0	0.0619631901841
-deg	0.0738923619025	0.354625418972	0.110119236676	0.461362982449
-csu	0.0469667318982	0.61252446184	0.340508806262	0.0
-öja	0.416666666667	0.311594202899	0.271739130435	0.0
-deo	0.00210084033613	0.997899159664	0.0	0.0
-ima	0.147266330153	0.0971282474401	0.0199044062969	0.73570101611
-des	0.0409963674105	0.775298391282	0.0386611312922	0.145044110016
-siu	0.00549048316252	0.994509516837	0.0	0.0
-lga	0.128538313363	0.771882856117	0.0418992893445	0.0576795411756
-imi	0.169222268269	0.422468573007	0.0809849426717	0.327324216052
-vin	0.077578051088	0.445127719962	0.386944181646	0.0903500473037
-imo	0.263195347499	0.49440286199	0.121575226775	0.120826563737
-lla	0.28694008922	0.260688443777	0.0894624319412	0.362909035061
-ugi	0.119605005533	0.390823188899	0.0532050736358	0.436366731932
-rpa	0.113605750795	0.804791860997	0.0323798107931	0.0492225774154
-lli	0.163280629573	0.0573264281972	0.162254680398	0.617138261832
-ywä	0.836206896552	0.146551724138	0.0	0.0172413793103
-ida	0.00331367221155	0.996686327788	0.0	0.0
-plï	0.101075268817	0.744086021505	0.0903225806452	0.0645161290323
-llu	0.0806953221306	0.700329851736	0.0586601195008	0.160314706633
-bia	0.0980392156864	0.901960784314	0.0	0.0
-bin	0.0899486007995	0.880068532267	0.0	0.0299828669332
-ngä	0.392119128627	0.36629066193	0.0901655729962	0.151424636446
-bim	0.159292035398	0.840707964602	0.0	0.0
-430	0.285368003526	0.683781401498	0.0	0.0308505949758
-100	0.0248517933552	0.0560883140119	0.184021612702	0.735038279931
-uta	0.159975050531	0.569146736108	0.0259012140122	0.244976999349
-ria	0.0561829161581	0.677133531947	0.029944456633	0.236739095262
-rin	0.0756209655535	0.712599765897	0.00722508783918	0.20455418071
-inä	0.535110350258	0.205623339721	0.0621564423447	0.197109867676
-uti	0.122699386503	0.669498190971	0.00566304860783	0.202139373918
-ntä	0.405149850268	0.320615907001	0.0738050885426	0.200429154189
-ras	0.405383695295	0.175829072658	0.0504245039636	0.368362728083
-ñor	0.0447795752037	0.477693639817	0.000926154606076	0.476600630373
-riu	0.0508661092131	0.848133558824	0.0267138559177	0.074286476045
-rir	0.412872977171	0.263929310795	0.046445188852	0.276752523183
-ötä	0.253182027296	0.0585288554925	0.0240249450493	0.664264172162
-teg	0.352913089476	0.493731918997	0.0884740335733	0.0648809579537
-tel	0.0	0.875	0.0	0.125
-gru	0.238081910626	0.354230805112	0.053176602295	0.354510681967
-teo	0.0859616126543	0.731385030864	0.0112123842593	0.171440972222
-lux	0.0317508315694	0.968249168431	0.0	0.0
-ara	0.243518693272	0.715045553592	0.0162139903574	0.0252217627781
-mes	0.0570342205323	0.942965779468	0.0	0.0
-mer	0.0873556205716	0.66222493379	0.174711241143	0.0757082044954
-aro	0.0544662309368	0.814814814815	0.0305010893246	0.100217864924
-ïgu	0.183792102869	0.465585221547	0.0311021661684	0.319520509416
-öru	0.201849748499	0.603439883174	0.194710368327	0.0
-aru	0.160264563724	0.269905876367	0.0457898753498	0.524039684559
-lum	0.0579275793428	0.877882400304	0.0140904922726	0.0500995280803
-lun	0.112345993602	0.492640622678	0.0180722525973	0.376941131123
-ïga	0.723310618966	0.0275411697899	0.0574957410562	0.191652470187
-sga	0.22571060025	0.309452089855	0.029923560479	0.434913749416
-meo	0.0	1.0	0.0	0.0
-men	0.0276752767528	0.190036900369	0.0332103321033	0.749077490775
-idä	0.144161999138	0.614663219876	0.139235961511	0.101938819474
-aya	0.052959746515	0.90231147258	0.0267115053236	0.0180172755813
-önö	0.0	0.928084784254	0.0719152157457	0.0
-ayo	0.0206825232678	0.777662874871	0.149948293692	0.0517063081696
-ayi	0.211456299276	0.291120377032	0.0303181571259	0.467105166566
-ynö	0.0657619557944	0.0169775057798	0.00149543098516	0.915765107441
-ayu	0.0651649235719	0.796460176991	0.031375703942	0.106999195495
-ynï	0.29104120514	0.577953035002	0.054709791759	0.0762959680992
-vun	0.0	0.748019017433	0.0190174326466	0.232963549921
-rga	0.338486999677	0.211522698175	0.0695615113864	0.380428790762
-zpa	0.0303356621316	0.929768345853	0.0	0.0398959920155
-gon	0.0311859081587	0.889394754833	0.0183275393097	0.0610917976988
-cta	0.242199456829	0.327281370673	0.0793511313429	0.351168041155
-bpa	0.0385067921703	0.868435126752	0.0930580810782	0.0
-rlä	0.040899795501	0.372869802318	0.0	0.586230402181
-rru	0.317700453858	0.591527987897	0.0	0.0907715582451
-utä	0.375	0.583333333333	0.0416666666667	0.0
-ota	0.0	1.0	0.0	0.0
-ote	0.011988011988	0.984681984682	0.00333000333001	0.0
-sus	0.0372938334518	0.554898360626	0.00180243629455	0.406005369627
-oto	0.645283018868	0.139332365747	0.125979680697	0.0894049346881
-upä	0.254796516671	0.302848419665	0.0487457932901	0.393609270374
-uma	0.311027725662	0.688972274338	0.0	0.0
-ëri	0.0	0.843373493976	0.156626506024	0.0
-umi	0.111086961772	0.176386775822	0.0159385640803	0.696587698326
-nah	0.0170697012802	0.98293029872	0.0	0.0
-nai	0.104666375927	0.725250763192	0.00784997819451	0.162232882686
-nan	0.225961315844	0.270474896163	0.0507839615513	0.452779826442
-nal	0.0335975295934	0.530326299537	0.0517550180134	0.384321152856
-nam	0.216549667339	0.138224033927	0.0302593946676	0.614966904066
-sir	0.395763696392	0.408953688319	0.0662261979666	0.129056417323
-äja	0.119387584719	0.831161936404	0.0494504788777	0.0
-nag	0.0945333275522	0.449416785769	0.101209360291	0.354840526388
-ëñu	0.424731182796	0.416666666667	0.0161290322581	0.14247311828
-nay	0.202220011816	0.211050766352	0.037743595681	0.548985626151
-sio	0.0367647058823	0.963235294118	0.0	0.0
-sin	0.441770767694	0.411126458516	0.0610737443064	0.086029029484
-nar	0.201480911729	0.152516405419	0.0575061441718	0.58849653868
-nas	0.116286777109	0.646904087113	0.0449774176625	0.191831718115
-sia	0.0138257231217	0.983991267964	0.0	0.00218300891395
-ayä	0.49542992589	0.151782803828	0.0404377081844	0.312349562098
-mos	0.167441860465	0.832558139535	0.0	0.0
-mor	0.0	1.0	0.0	0.0
-önu	0.0689655172414	0.896551724138	0.0	0.0344827586207
-ëra	0.0063211125158	0.826548672566	0.159544879899	0.00758533501898
-ayï	0.283687943262	0.259193038918	0.081053698075	0.376065319745
-nuy	0.105962521295	0.642078364566	0.120783645656	0.131175468484
-jin	0.729241877256	0.270758122744	0.0	0.0
-gog	0.384470207603	0.507684011863	0.103801563764	0.00404421677002
-äga	0.3406532128	0.333129361599	0.0992097178521	0.227007707749
-mog	0.264701190269	0.288303448618	0.0434916906609	0.403503670452
-öna	0.269136640172	0.380078475298	0.0822910081565	0.268493876373
-ëru	0.238173240753	0.257018615439	0.122586425099	0.382221718708
-yna	0.20790073168	0.194093043803	0.0345723563636	0.563433868153
-mon	0.011913079178	0.976418729608	0.0	0.0116681912143
-gor	0.356639247944	0.493537015276	0.114571092832	0.0352526439483
-yat	0.559175344779	0.233957219251	0.177314945117	0.0295524908528
-450	0.100562672094	0.0269364300251	0.0201125344188	0.852388363462
-dec	0.0580241258207	0.902275156512	0.0	0.0397007176668
-pur	0.372797356828	0.366189427313	0.0	0.261013215859
-yar	0.387922059791	0.198532343096	0.0658453745862	0.347700222527
-hyä	0.0527987003397	0.58167183577	0.0	0.36552946389
-srä	0.254377938346	0.135471555233	0.0773041365602	0.532846369861
-yay	0.337285440337	0.31324056686	0.084304723752	0.265169269051
-cob	0.0765334147086	0.81849252365	0.00732377174246	0.0976502898993
-ïda	0.0826219041934	0.679987660365	0.092802103103	0.144588332339
-yag	0.312097132969	0.429649166163	0.0831021655531	0.175151535315
-ben	0.0	1.0	0.0	0.0
-lpa	0.0933413968995	0.681353475253	0.0414523483603	0.183852779487
-yor	0.11204917358	0.335095630539	0.486265972724	0.0665892231562
-yam	0.171821305842	0.40206185567	0.0137457044674	0.412371134021
-yan	0.409783824763	0.278159066385	0.0766490625653	0.235408046287
-rla	0.0	0.743243243243	0.22972972973	0.027027027027
-cos	0.103183315038	0.879253567508	0.0175631174534	0.0
-reo	0.184615384615	0.396923076923	0.418461538462	0.0
-apä	0.251376258333	0.280866183302	0.0844452040319	0.383312354333
-ish	0.352443832233	0.514558495226	0.096423312592	0.0365743599487
-rea	0.0458781106073	0.924131529151	0.00214216858867	0.0278481916527
-reg	0.332877407226	0.223755654917	0.0864485827522	0.356918355104
-isa	0.0	1.0	0.0	0.0
-rey	0.106551201521	0.500750129219	0.0176307743524	0.375067894907
-eva	0.0	0.881188118812	0.0	0.118811881188
-upa	0.136264464737	0.431103222263	0.0429118674801	0.38972044552
-res	0.0198527288478	0.941163730869	0.00433150447589	0.0346520358071
-uan	0.0524376490948	0.821511741995	0.00844033487087	0.117610274039
-evi	0.0658025922233	0.910269192423	0.0209371884347	0.00299102691924
-ret	0.0160012177759	0.970836056913	0.00376077866028	0.00940194665066
-reu	0.0148956914696	0.91658412777	0.0327705212331	0.0357496595271
-may	0.300866087797	0.328334255002	0.071208999371	0.29959065783
-sic	0.183449586508	0.443276226252	0.052439328233	0.320834859007
-hab	0.0224215246637	0.977578475336	0.0	0.0
-hac	0.0442242798537	0.134839961452	0.042257397264	0.778678361431
-hag	0.249462754105	0.262832263834	0.197798595302	0.289906386759
-mas	0.0319610087283	0.071806489899	0.135780426769	0.760452074603
-mar	0.33609095844	0.386633059946	0.053551673621	0.223724307994
-ham	0.0217798229536	0.94704207776	0.0226182583941	0.00855984089225
-han	0.304246916353	0.421453572164	0.0579419893812	0.216357522102
-aza	0.0618556701031	0.752577319588	0.0618556701031	0.123711340206
-mah	0.0896478121665	0.86552828175	0.0	0.0448239060832
-har	0.308106666027	0.406817105413	0.0426166509793	0.242459577581
-mam	0.177051202961	0.237507711289	0.576187538556	0.00925354719309
-änï	0.070435272841	0.51168726419	0.0	0.41787746297
-tum	0.123838933532	0.436277964288	0.0711688476936	0.368714254487
-man	0.212412545982	0.322314815691	0.0304776567475	0.43479498158
-üna	0.331034482759	0.627586206897	0.0	0.0413793103447
-hay	0.422893561885	0.290750588227	0.14283124716	0.143524602728
-guy	0.418890433691	0.19417410414	0.0117728842445	0.375162577925
-cog	0.208832015844	0.371938292309	0.087148950513	0.332080741333
-mag	0.208041071221	0.0886476699346	0.0125213384587	0.690789920385
-ycä	0.42585510381	0.225852774418	0.039326826023	0.308965295749
-una	0.108313686264	0.330112246664	0.0343241182673	0.527249948805
-cyu	0.26702194797	0.602832900919	0.0712432508239	0.0589019002875
-ush	0.540860659836	0.173126854083	0.0246024205297	0.261410065552
-pta	0.184931506849	0.589041095891	0.0	0.22602739726
-pto	0.0323974082073	0.840570649085	0.0690576332841	0.0579743094236
-666	0.208955223881	0.223880597015	0.089552238806	0.477611940298
-gag	0.352720497205	0.335788512761	0.268160616254	0.0433303737792
-gad	0.0	1.0	0.0	0.0
-tra	0.173480976718	0.795002839296	0.0315161839864	0.0
-ada	0.0893123941698	0.149374149208	0.0598736124484	0.701439844174
-gan	0.569751362842	0.155055950548	0.0341616548112	0.241031031798
-gam	0.273118596304	0.206978516022	0.0713057329038	0.44859715477
-äpä	0.34365238661	0.290384030673	0.0755337424993	0.290429840218
-tri	0.0675528187218	0.731397125559	0.00965040267458	0.191399653045
-quï	0.259853439643	0.0638237253481	0.0539650484135	0.622357786595
-tru	0.0	1.0	0.0	0.0
-cpa	0.254184865113	0.402488278306	0.0980695205903	0.245257335991
-144	0.00799573560768	0.262260127932	0.023987206823	0.705756929638
-adu	0.0459205467748	0.889069841948	0.00587355830842	0.0591360529688
-gas	0.0511231603407	0.828040278854	0.0	0.120836560806
-gar	0.517210503553	0.171397795305	0.195555006214	0.115836694928
-üru	0.109550561798	0.159550561798	0.306741573034	0.424157303371
-lan	0.235019341965	0.444681434924	0.0659301871211	0.25436903599
-gay	0.248295049317	0.156235406524	0.0471817480836	0.548287796075
-seo	0.0260267124957	0.958010237174	0.010063662165	0.0058993881657
-pra	0.236286177054	0.15270617083	0.473307001537	0.137700650579
-örä	0.266266893228	0.443846365037	0.10823263235	0.181654109386
-bel	0.0619487822639	0.769550529978	0.0162836799094	0.152217007848
-gra	0.123499142367	0.753001715266	0.123499142367	0.0
-ino	0.047619047619	0.952380952381	0.0	0.0
-seg	0.426457806223	0.374216288255	0.135479747381	0.0638461581409
-ëlu	0.0957484816006	0.746695248303	0.0128617363344	0.144694533762
-uir	0.455118858981	0.216611219642	0.0517488797206	0.276521041657
-sea	0.206896551724	0.793103448276	0.0	0.0
-ïva	0.393939393939	0.545454545455	0.030303030303	0.030303030303
-peg	0.241463194882	0.486935759978	0.106721326246	0.164879718894
-uim	0.392209791539	0.303242797859	0.0894273892594	0.215120021343
-uio	0.0868306801737	0.826338639653	0.0868306801737	0.0
-uin	0.0920301810087	0.0953610288514	0.0786932819314	0.733915508208
-uia	0.00196206671027	0.99803793329	0.0	0.0
-ïvu	0.0151095441954	0.973558297658	0.0113321581466	0.0
-ses	0.184136508205	0.575741675463	0.0152531898778	0.224868626455
-inu	0.227380388441	0.758408337281	0.0142112742776	0.0
-ïsu	0.250569476082	0.161731207289	0.544419134396	0.0432801822324
-iag	0.102430206869	0.244828278771	0.381602731472	0.271138782888
-ñan	0.0	1.0	0.0	0.0
-änu	0.318565228073	0.259274424699	0.235443452625	0.186716894603
-uja	0.123339658444	0.838709677419	0.0379506641366	0.0
-iam	0.81746031746	0.031746031746	0.150793650794	0.0
-ñag	0.595706618962	0.330053667263	0.0697674418604	0.00447227191413
-ian	0.160325147008	0.649515738499	0.147786233137	0.0423728813559
-nes	0.0643086816719	0.91961414791	0.016077170418	0.0
-rso	0.0446927374301	0.95530726257	0.0	0.0
-äna	0.380350949767	0.414555081355	0.0719578765425	0.133136092336
-neo	0.0	0.927381707106	0.0	0.0726182928938
-fos	0.0	1.0	0.0	0.0
-ñay	0.0156936597614	0.757689893283	0.128688010044	0.0979284369115
-bed	0.0	1.0	0.0	0.0
-ias	0.0404955129909	0.909145730698	0.0282303399497	0.0221284163617
-äni	0.216071428571	0.647321428571	0.0607142857142	0.0758928571429
-neg	0.460686600221	0.12292358804	0.0132890365448	0.403100775194
-ooz	0.0857142857143	0.914285714286	0.0	0.0
-aon	0.215773481879	0.660927385618	0.123299132503	0.0
-ñar	0.146625905797	0.612205615942	0.1171875	0.123980978261
-ban	0.139130434783	0.740579710145	0.036231884058	0.0840579710145
-hog	0.106383870465	0.148513410622	0.416432464905	0.328670254009
-bah	0.0	0.963140846644	0.0	0.0368591533564
-ïta	0.171671650772	0.382928316699	0.0454680304668	0.399932002063
-unä	0.392646786589	0.225852147835	0.0543953264327	0.327105739143
-jor	0.33671777149	0.0757816486524	0.0638887600315	0.523611819827
-jon	0.193513119534	0.73360058309	0.0	0.0728862973761
-ptï	0.330978549445	0.304948418203	0.0549278002336	0.309145232118
-üda	0.255283878989	0.53087443017	0.109407376709	0.104434314132
-bar	0.328254847645	0.220221606648	0.124653739612	0.326869806094
-bas	0.0162381596752	0.937753721245	0.0297699594046	0.0162381596752
-job	0.102272727273	0.693181818182	0.204545454545	0.0
-trä	0.345532392069	0.103980834905	0.0728885264284	0.477598246598
-snö	0.349907918969	0.375690607735	0.222836095764	0.0515653775323
-nlä	0.298013245033	0.668874172185	0.0331125827814	0.0
-asa	0.0338345864662	0.884398496241	0.0592105263158	0.0225563909775
-qui	0.402616414973	0.283298668907	0.070507863672	0.243577052448
-ltu	0.0559776089564	0.860055977609	0.0	0.0839664134346
-ash	0.16596456605	0.662640353774	0.0772436185551	0.0941514616209
-cpä	0.287065617996	0.297739124413	0.0821352340061	0.333060023585
-aac	0.024024024024	0.952952952953	0.0	0.023023023023
-ümi	0.293213137485	0.365444166501	0.0728286296943	0.26851406632
-dro	0.021925081113	0.861960475863	0.000294956248156	0.115819486776
-cia	0.0543206113518	0.703881909821	0.0186366506281	0.223160828199
-yeg	0.309187279152	0.664310954064	0.0265017667845	0.0
-öra	0.168883606712	0.152142429871	0.009917199257	0.66905676416
-ray	0.0984215504621	0.237915080845	0.333961292589	0.329702076104
-rat	0.717619603267	0.136522753792	0.0933488914819	0.0525087514586
-rar	0.278689250612	0.197805630075	0.0835388538072	0.439966265505
-eru	0.0717109019281	0.0467017874405	0.00911140771962	0.872475902912
-ran	0.260303277633	0.377579848417	0.0606283211695	0.30148855278
-eri	0.120481927711	0.752548656163	0.110750695088	0.016218721038
-ral	0.217682451476	0.707557918724	0.0747596297999	0.0
-ram	0.254390072478	0.129836676775	0.0249289831417	0.590844267605
-rag	0.159021524143	0.293475237646	0.0920523288992	0.455450909312
-inö	0.285723943053	0.400927190322	0.126841198377	0.186507668248
-noe	0.00384911470363	0.996150885296	0.0	0.0
-swa	0.430841513048	0.534371211009	0.0	0.0347872759428
-änö	0.459290155596	0.321209605628	0.0683298720612	0.151170366715
-por	0.827661699298	0.116359435052	0.00684756766362	0.0491312979865
-pos	0.03007518797	0.947368421053	0.0	0.0225563909775
-änä	0.475841152648	0.262156251986	0.0994692357395	0.162533359626
-mal	0.174880763116	0.329093799682	0.464228934817	0.0317965023847
-geb	0.191844531185	0.110538991778	0.604600946765	0.0930155302716
-pog	0.335302354778	0.452542291039	0.142864040947	0.0692913132355
-nra	0.286180594026	0.425312140453	0.107026888823	0.181480376699
-lag	0.158180391928	0.199872868968	0.496988905685	0.144957833419
-500	0.0641742085074	0.232340339142	0.228499075746	0.474986376604
-lac	0.187353629977	0.812646370023	0.0	0.0
-lam	0.22598829834	0.196969289871	0.0767818579111	0.500260553879
-nor	0.0	1.0	0.0	0.0
-nos	0.0756302521008	0.882352941176	0.0231092436975	0.0189075630252
-ipä	0.280414154992	0.294335653879	0.0693998309167	0.355850360213
-aam	0.0581613508443	0.923076923077	0.0187617260788	0.0
-lau	0.0897646367781	0.389269123934	0.156033831715	0.364932407573
-aan	0.179012345679	0.759259259259	0.0	0.0617283950616
-lar	0.372121605954	0.276653520483	0.103419232144	0.247805641419
-las	0.106034592707	0.822955194302	0.00412051526064	0.0668896977307
-noc	0.725490196078	0.254901960784	0.0196078431373	0.0
-lay	0.225616418483	0.59909043871	0.0477633993851	0.127529743422
-rdë	0.576412690043	0.337463749011	0.0	0.0861235609455
-nog	0.327564373153	0.275432672014	0.313423385395	0.0835795694386
-ämi	0.361338972842	0.307346290507	0.0961922275881	0.235122509063
-dor	0.284719458814	0.600875447672	0.0407879029049	0.0736171906088
-gen	0.0	1.0	0.0	0.0
-gel	0.104617728472	0.77083422741	0.0119412913332	0.112606752784
-äma	0.218651685393	0.470831460674	0.22808988764	0.0824269662921
-geg	0.380544166977	0.386507640701	0.137905329855	0.0950428624673
-awä	0.6845657277	0.0146713615024	0.0176056338028	0.283157276995
-üva	0.0212241119212	0.969679840113	0.0	0.00909604796623
-doc	0.0	1.0	0.0	0.0
-ätä	0.412543453828	0.143286546956	0.0517133223555	0.39245667686
-don	0.0399915984037	0.905608065532	0.00588111741231	0.0485192186516
-ypa	0.296361009944	0.157857676897	0.0780789243239	0.467702388834
-ytä	0.498756865949	0.0977695972524	0.00375460701318	0.399718929785
-sas	0.0604026845638	0.697986577181	0.0	0.241610738255
-tog	0.108054335895	0.852325740944	0.0396199231613	0.0
-vos	0.0396908293295	0.9277209108	0.0	0.0325882598705
-sau	0.0240867121638	0.919710959454	0.0562023283821	0.0
-ïju	0.183515775917	0.684159690921	0.0840309079201	0.0482936252414
-say	0.0623468458789	0.0195441614012	0.00130699836426	0.916801994356
-mpa	0.113793609932	0.505569857062	0.0227587219864	0.357877811019
-äbu	0.486420753952	0.230847182813	0.1869679773	0.0957640859343
-ges	0.0387096774194	0.922580645161	0.0387096774194	0.0
-ïja	0.179211469534	0.680026067123	0.0821114369502	0.058651026393
-sag	0.156873228894	0.514730257178	0.126824573598	0.20157194033
-tos	0.0	1.0	0.0	0.0
-mpu	0.362041936116	0.251747338167	0.0137174211248	0.372493304592
-san	0.229998034205	0.462523519335	0.0321267095397	0.27535173692
-sam	0.0389098619227	0.804221957904	0.0819154987848	0.074952681388
-lon	0.0	1.0	0.0	0.0
-iel	0.27615780446	0.713550600343	0.0102915951973	0.0
-ucü	0.560247623259	0.16117621048	0.0	0.278576166261
-log	0.134425377015	0.268330733229	0.404836193448	0.192407696308
-loe	0.0442412623507	0.884972717888	0.0176965049403	0.0530895148209
-loc	0.23832221163	0.76167778837	0.0	0.0
-rog	0.354089836035	0.334688715987	0.0902726429018	0.220948805076
-rom	0.0	1.0	0.0	0.0
-ron	0.0983130141224	0.802693604875	0.00612330191767	0.0928700790845
-lor	0.0412735849056	0.752358490566	0.185731132075	0.0206367924529
-los	0.0217951258173	0.929463047355	0.0118882504458	0.036853576382
-rdu	0.0143149284254	0.850715746421	0.134969325153	0.0
-cga	0.266321449327	0.271291793925	0.0635303252231	0.398856431525
-gna	0.258785991462	0.34009166615	0.236221700547	0.16490064184
-sar	0.185645351267	0.315488177109	0.073584356042	0.425282115582
-ipa	0.263815408074	0.462514083377	0.0769807653376	0.196689743211
-ipe	0.00206398348813	0.99484004128	0.00206398348813	0.00103199174406
-ewa	0.0	0.990118577075	0.0	0.0098814229249
-npa	0.212281519912	0.376392175065	0.0984088378335	0.312917467189
-rdi	0.0	0.454140747074	0.364250125299	0.181609127628
-ëza	0.0583194477505	0.601761485361	0.236610330874	0.103308736015
-awi	0.0	0.964071856287	0.0	0.0359281437126
-hga	0.337950167173	0.303982549003	0.0898018059118	0.268265477912
-ätu	0.210914454277	0.407243526713	0.152409046214	0.229432972796
-juc	0.037405046905	0.0286608239643	0.0215162749192	0.912417854212
-awa	0.236908300938	0.53898925223	0.160073176309	0.0640292705237
-mpi	0.24024024024	0.723723723724	0.0	0.036036036036
-äta	0.368739948011	0.235399850175	0.0378460975757	0.358014104238
-ämü	0.342235183772	0.426978186194	0.0671755448928	0.163611085141
-ese	0.0	1.0	0.0	0.0
-gga	0.196232194381	0.244457423134	0.0422815102959	0.517028872189
-hat	0.172684458399	0.56043956044	0.172684458399	0.094191522763
-äti	0.0	0.0372670807453	0.962732919255	0.0
-tol	0.0913082399079	0.548275715077	0.035807152905	0.32460889211
-ypä	0.216737775189	0.443296383432	0.180294534872	0.159671306507
-äpa	0.229655751567	0.20190403248	0.137717781829	0.430722434123
-stu	0.0668917978789	0.71019679875	0.0811338702296	0.141777533142
-mpä	0.0829561568464	0.119379333562	0.0211853599981	0.776479149593
-ato	0.0453033198839	0.762228357047	0.0560628583563	0.136405464713
-mpü	0.334081976418	0.0488489612577	0.0117911285795	0.605277933745
-sto	0.0513567466581	0.528721195778	0.00147093099788	0.418451126566
-nim	0.041055718475	0.112903225807	0.846041055718	0.0
-öga	0.190649345068	0.151746026129	0.0564670449435	0.601137583859
-sta	0.0794218066258	0.422770338523	0.0128955489275	0.484912305923
-clä	0.0849032557062	0.207646854362	0.020159888773	0.687290001159
-cun	0.266943994177	0.385964601372	0.093991140562	0.253100263889
-cum	0.10165184244	0.822856715749	0.0142013603408	0.0612900814709
-ain	0.11011011011	0.763096429763	0.0	0.126793460127
-oli	0.0	1.0	0.0	0.0
-eyu	0.214780600462	0.180138568129	0.498845265589	0.10623556582
-cua	0.0113900021093	0.882725163468	0.0191942628138	0.0866905716093
-ymi	0.0499909601057	0.0485904335845	0.00631621307918	0.895102393231
-ïrä	0.216163471473	0.707898059924	0.0542417632879	0.0216967053151
-cuy	0.441104581976	0.33325741195	0.0442297003666	0.181408305707
-tor	0.0820526178692	0.835894764262	0.0820526178692	0.0
-uca	0.0526591166096	0.291785515367	0.573022329491	0.0825330385323
-cur	0.337474717808	0.252594270173	0.0488293607943	0.361101651225
-ion	0.0907893540236	0.617197054889	0.080512906514	0.211500684574
-len	0.027332545976	0.829930825038	0.0322254091446	0.110511219841
-lea	0.0289611123281	0.852980850156	0.0166019115256	0.10145612599
-mun	0.327121925146	0.464524863193	0.0874093339478	0.120943877713
-leg	0.271344641113	0.187279449225	0.0986431599464	0.442732749716
-ley	0.0315504462954	0.863105481747	0.0866203161929	0.0187237557651
-mur	0.36146064945	0.228555073104	0.0617824725599	0.348201804885
-ios	0.177124145141	0.126232977087	0.00393518899877	0.692707688774
-ema	0.0449438202247	0.910112359551	0.0449438202247	0.0
-itä	0.156823979592	0.0580994897959	0.00510204081632	0.779974489796
-äcu	0.325219722379	0.276256518227	0.106507209832	0.292016549563
-muy	0.513418423213	0.308691168589	0.0803912276545	0.0974991805436
-rra	0.022673113226	0.962830961925	0.0144959248494	0.0
-spä	0.204108816963	0.524813524094	0.0281829537242	0.242894705218
-giy	0.691228070175	0.161403508772	0.0421052631579	0.105263157895
-ïna	0.427408412483	0.348710990502	0.223880597015	0.0
-rri	0.0	0.929824561403	0.0	0.0701754385965
-ndu	0.152323298429	0.358925065445	0.0879008507853	0.40085078534
-gir	0.512033853478	0.0899233007141	0.185136207352	0.212906638455
-iud	0.0	1.0	0.0	0.0
-gio	0.0379426644182	0.93676222597	0.0252951096121	0.0
-gin	0.0487316712352	0.899524769516	0.0172252921241	0.034518267125
-gim	0.592222424132	0.301471924405	0.106305651463	0.0
-ïnu	0.160641779243	0.438899003059	0.391173565719	0.00928565197939
-gun	0.195010953768	0.471723468166	0.0772297129436	0.256035865122
-ëta	0.195288673742	0.735925352941	0.0112563906356	0.0575295826818
-ndo	0.0	1.0	0.0	0.0
-ali	0.0	1.0	0.0	0.0
-nda	0.222150676111	0.539600772698	0.173857050869	0.064391500322
-ëti	0.102060298891	0.60852585354	0.0437401280961	0.245673719473
-gia	0.109253065775	0.752285395764	0.124414715719	0.0140468227425
-ala	0.272727272727	0.727272727273	0.0	0.0
-ësa	0.0827024898263	0.895243512887	0.022053997287	0.0
-acü	0.417878118239	0.3821506942	0.0951659416394	0.104805245922
-120	0.0	0.0722891566265	0.0	0.927710843373
-ïcu	0.0424327678576	0.122546010238	0.617694342739	0.217326879165
-ñil	0.334461746784	0.563981042654	0.101557210562	0.0
-ësu	0.368154442913	0.194827234216	0.00121216761088	0.43580615526
-gpa	0.363913507596	0.362978069561	0.0394376442818	0.233670778561
-ömi	0.207793835345	0.212434104933	0.0553653790309	0.524406680691
-yog	0.275002177698	0.384977017688	0.0903388954107	0.249681909203
-bri	0.0750978807284	0.161575344032	0.708470419882	0.0548563553575
-öma	0.40625	0.317708333333	0.213541666667	0.0625
-chi	0.309384438486	0.347515027575	0.110693437474	0.232407096465
-idu	0.0	0.664335664336	0.0	0.335664335664
-cha	0.0683019329482	0.509168578515	0.380054905392	0.0424745831447
-ogu	0.0896860986547	0.165919282511	0.744394618834	0.0
-mga	0.175559340224	0.140914075076	0.00979866084968	0.67372792385
-153	0.0	0.0	0.0248344370861	0.975165562914
-eli	0.0	0.978260869565	0.0	0.0217391304348
-oga	0.106322744978	0.181052381359	0.014007846278	0.698617027385
-ela	0.152552317622	0.261881478584	0.550361822805	0.0352043809896
-iya	0.229586311458	0.524583062595	0.0985488412389	0.147281784709
-chu	0.264538653367	0.580149625935	0.107730673317	0.0475810473815
-orä	0.201369863014	0.658904109589	0.0986301369863	0.041095890411
-nnö	0.235073582122	0.206659573459	0.0886114051982	0.469655439221
-sya	0.0566223341466	0.749468796726	0.0768474069409	0.117061462186
-itu	0.0136654760438	0.907808330254	0.0249060844932	0.0536201092088
-ter	0.0	1.0	0.0	0.0
-ito	0.142295940637	0.580969009166	0.0593627237014	0.217372326495
-tes	0.0395908940944	0.854833388321	0.0956779940614	0.00989772352357
-eso	0.0196721311476	0.93893442623	0.0	0.0413934426229
-ite	0.0	0.984	0.016	0.0
-syu	0.0835033448783	0.465365089908	0.167599753286	0.283531811928
-ita	0.226035282358	0.332721044901	0.0668157119283	0.374427960813
-gnï	0.613328827791	0.170743297466	0.00903183984203	0.2068960349
-spa	0.0557448793332	0.136672485368	0.0121647621227	0.795417873176
-rrä	0.316331724726	0.425673382214	0.0925682864265	0.165426606633
-spi	0.0605392572494	0.870137357979	0.0669492962523	0.00237408851959
-xga	0.604003481288	0.104438642298	0.0	0.291557876414
-fan	0.0563153660499	0.94368463395	0.0	0.0
-spo	0.0	1.0	0.0	0.0
-ïnö	0.167123287671	0.750684931507	0.0164383561644	0.0657534246575
-fas	0.01171875	0.953125	0.00781249999999	0.02734375
-bra	0.0774723413863	0.842938586588	0.0465680740573	0.0330209979679
-uda	0.0402716361339	0.950252684776	0.0	0.00947567909031
-fat	0.0	1.0	0.0	0.0
-rio	0.0317292437863	0.912744579588	0.0237969328398	0.0317292437864
-alä	0.450013473457	0.226084613312	0.156292104554	0.167609808677
-ser	0.0	1.0	0.0	0.0
-nna	0.380345340471	0.352855687138	0.111090928648	0.155708043744
-hun	0.371217609135	0.270097652853	0.0746391733128	0.284045564699
-rim	0.418848167539	0.172026925954	0.108451757666	0.300673148841
-özu	0.418867924528	0.392452830189	0.0754716981132	0.11320754717
-gpä	0.347948513016	0.443263752256	0.104951135479	0.103836599248
-abe	0.0080328454124	0.970546233488	0.00267761513745	0.0187433059621
-huy	0.0864301192472	0.701582053201	0.0492582577336	0.162729569818
-abo	0.0	1.0	0.0	0.0
-lot	0.0514184397163	0.710992907801	0.22695035461	0.0106382978723
-hur	0.454672428838	0.281669504827	0.0986779364606	0.164980129874
-var	0.47983014862	0.392781316348	0.0	0.127388535032
-iyü	0.0662251655629	0.397350993378	0.0	0.536423841059
-tea	0.0	1.0	0.0	0.0
-ëwa	0.0589721988206	0.901713001966	0.0	0.0393147992137
-chä	0.347086018751	0.392852129412	0.0867948238029	0.173267028033
-nca	0.136221793119	0.0996140889935	0.0137338087922	0.750430309095
-tun	0.163808505199	0.255212713005	0.323273126133	0.257705655663
-aen	0.0	0.952380952381	0.0476190476189	0.0
-zta	0.0908032596042	0.898719441211	0.0104772991851	0.0
-tur	0.969696969697	0.030303030303	0.0	0.0
-son	0.089697590979	0.825730394669	0.0691952844695	0.0153767298821
-chü	0.418075920911	0.460328002861	0.085832524396	0.0357635518315
-vag	0.824704142012	0.158653846154	0.0166420118343	0.0
-ncu	0.276745585165	0.490851824327	0.125526418233	0.106876172276
-sog	0.240055079559	0.426407588739	0.244033047736	0.0895042839657
-van	0.332928311057	0.434993924666	0.0498177399757	0.182260024301
-ïpa	0.143441517384	0.384481328867	0.106284799187	0.365792354562
-chö	0.199672702493	0.352786509197	0.0444184745855	0.403122313724
-ore	0.0	0.862842892768	0.0748129675809	0.0623441396509
-ruz	0.148148148148	0.703703703704	0.0	0.148148148148
-gma	0.0	0.682515337423	0.225460122699	0.0920245398773
-ruy	0.0328317373461	0.893296853625	0.0	0.0738714090288
-lix	0.00490986883636	0.938275934629	0.0126253770078	0.0441888195272
-liy	0.332395561955	0.355376509659	0.171995039245	0.14023288914
-rur	0.219671096847	0.381823003104	0.195732579883	0.202773320166
-üra	0.21165590268	0.721006530856	0.0467939021187	0.0205436643448
-gmi	0.195930379907	0.409071374157	0.134939571314	0.260058674622
-rut	0.0	1.0	0.0	0.0
-lis	0.00791569160214	0.88918031757	0.0	0.102903990828
-ico	0.0874893737603	0.831396996316	0.0768631340323	0.00425049589119
-lim	0.182537742766	0.115907424467	0.0942864126041	0.607268420162
-lin	0.195423941572	0.354102476321	0.237646924569	0.212826657538
-lio	0.149364917734	0.745323972346	0.0174178680529	0.0878932418672
-run	0.0697307733563	0.913750938539	0.0165182881047	0.0
-ici	0.0	0.829787234043	0.170212765957	0.0
-rum	0.328054298643	0.554722850679	0.0462386877828	0.0709841628959
-oma	0.229144574759	0.360563851925	0.139049456639	0.271242116677
-lia	0.0	0.98347107438	0.00330578512397	0.0132231404959
-ome	0.0	1.0	0.0	0.0
-eas	0.0157521659228	0.984247834077	0.0	0.0
-lna	0.0897975569869	0.752977016312	0.0504602050998	0.106765221601
-añä	0.61310782241	0.221987315011	0.093023255814	0.0718816067653
-ïñu	0.179551122194	0.715710723192	0.0523690773067	0.0523690773067
-cmi	0.308878762326	0.277446290466	0.0721253298723	0.341549617336
-sna	0.326846156432	0.171546054474	0.198424702811	0.303183086283
-ode	0.0	1.0	0.0	0.0
-rna	0.448304870577	0.34179550575	0.0532309557892	0.156668667884
-ycu	0.701086956522	0.0489130434783	0.25	0.0
-riy	0.541218094516	0.394389689159	0.0343694718221	0.0300227445034
-üju	0.048941989348	0.804232042608	0.0993234489707	0.047502519073
-hni	0.197513151602	0.802486848398	0.0	0.0
-lwa	0.114285714286	0.528571428571	0.3	0.0571428571429
-ura	0.129158106143	0.0380895219188	0.0736397423763	0.759112629562
-hna	0.361852506277	0.50423137729	0.0	0.133916116433
ALL	0.224199729343	0.264738626703	0.0499513191895	0.461110324764
-yrä	0.175125491455	0.161784819264	0.607758242652	0.055331446629
-afë	0.629940523896	0.177964314338	0.146538996921	0.0455561648459
-nnï	0.211664620123	0.486713296202	0.0238122697638	0.277809813911
-hnu	0.570506912442	0.352073732719	0.0	0.0774193548387
-gta	0.261203909611	0.209855325848	0.0488783572818	0.480062407259
-äza	0.110438089872	0.665586702353	0.0346527679955	0.18932243978
-uru	0.400463620736	0.514866371514	0.0143161848853	0.0703538228647
-tga	0.14347937484	0.439405585447	0.417115039713	0.0
-äsi	0.0448239060832	0.177161152615	0.778014941302	0.0
-pam	0.240801353841	0.183653534697	0.0590637383239	0.516481373138
-mcu	0.85910652921	0.0721649484536	0.0	0.0687285223367
-dnö	0.686274509804	0.137254901961	0.0	0.176470588235
-pac	0.0	1.0	0.0	0.0
-ngü	0.389087200408	0.269760326364	0.0	0.341152473228
-way	0.339703039063	0.337525575808	0.0848459820172	0.237925403112
-pag	0.339604964754	0.325086741056	0.082573608751	0.252734685439
-wag	0.189286836965	0.109893519033	0.0881141324416	0.61270551156
-pay	0.105010662198	0.218053617001	0.0665036976212	0.61043202318
-paz	0.357142857143	0.353858784893	0.0328407224959	0.256157635468
-wac	0.558645707376	0.368802902056	0.0725513905682	0.0
-ciu	0.0544299969761	0.859389174478	0.0861808285455	0.0
-wan	0.180205905882	0.415859716311	0.0636489960532	0.340285381754
-par	0.284107706669	0.265682658532	0.0839378552074	0.366271779591
-wal	0.104627441475	0.11066674746	0.189460502131	0.595245308934
-dum	0.148317309302	0.746062788619	0.0853948144467	0.0202250876321
-dun	0.10834073361	0.543176420083	0.0817168550342	0.266765991273
-äsu	0.270005827685	0.188939668129	0.0128822500997	0.528172254087
-nun	0.0587025153311	0.919261946964	0.00976083978573	0.0122746979197
-uiy	0.802030456853	0.197969543147	0.0	0.0
-zga	0.025747915645	0.440841098578	0.0	0.533410985777
-icü	0.295992861778	0.235074626866	0.084766385464	0.384166125892
-zul	0.0	0.345147985315	0.654852014685	0.0
-400	0.536041939712	0.169069462647	0.0	0.294888597641
-sur	0.271566981533	0.33410869961	0.0399279920711	0.354396326786
-ari	0.0989815679151	0.0591453713413	0.0060472404666	0.835825820277
-gnö	0.392206520611	0.338159737613	0.19380023522	0.0758335065563
-sun	0.283808203324	0.304148407437	0.0998632831349	0.312180106104
-sum	0.0847457627119	0.838983050848	0.0508474576271	0.0254237288136
-yca	0.143750646864	0.139801920916	0.0602061899084	0.656241242311
-sue	0.03125	0.921875	0.0	0.046875
-icä	0.257337184496	0.132780587369	0.0113835483758	0.598498679759
-nur	0.207808031621	0.289974919504	0.0951090938781	0.407107954997
-pia	0.0451637184795	0.92058712834	0.0342491531803	0.0
-rnö	0.248290539342	0.640294007527	0.0197055983605	0.0917098547697
-dia	0.0822407628129	0.713945172825	0.0393325387366	0.164481525626
-dim	0.0990099009901	0.80198019802	0.0	0.0990099009901
-dio	0.0	1.0	0.0	0.0
-aña	0.390022675737	0.530612244898	0.079365079365	0.0
-iyï	0.591503267974	0.147058823529	0.045751633987	0.21568627451
-ycü	0.337691032959	0.372491253913	0.15098508562	0.138832627509
-sla	0.125573394495	0.52121559633	0.0940366972477	0.259174311927
-dir	0.324626865672	0.216417910448	0.15671641791	0.30223880597
-dis	0.0	1.0	0.0	0.0
-rnï	0.501818866031	0.346011038635	0.0696312092323	0.0825388861013
--ta	0.100149031297	0.261400894188	0.0	0.638450074516
-ëpä	0.378300330033	0.536303630363	0.0721947194719	0.013201320132
-oro	0.0	1.0	0.0	0.0
-veg	0.0	0.860302677532	0.0698486612342	0.069848661234
-urï	0.0623742454728	0.189805499665	0.0704225352112	0.677397719651
-rgä	0.506195886901	0.229771440917	0.0529750187839	0.211057653398
-urä	0.322006289312	0.294458788921	0.074888047106	0.308646874661
-rgü	0.610065797068	0.0	0.0343991688792	0.355535034053
-200	0.0690933602964	0.517863161443	0.0353892821031	0.377654196158
-iyä	0.569487266553	0.177371816638	0.0406451612903	0.212495755518
-rgö	0.531855406061	0.228193944421	0.0569071926928	0.183043456825
-hnö	0.0618290187067	0.938170981293	0.0	0.0
-gtä	0.222847448775	0.248294414821	0.0869133180617	0.441944818343
-tpa	0.00345701774602	0.996542982254	0.0	0.0
-tiu	0.0061099796334	0.924643584521	0.00814663951124	0.061099796334
-ngu	0.0887525338301	0.557333041144	0.0454719772092	0.308442447817
-tir	0.385100666523	0.204382598469	0.0183911497283	0.39212558528
-tis	0.130325814536	0.141783029001	0.0214822771214	0.706408879341
-zgä	0.0813559322034	0.349152542373	0.0813559322034	0.48813559322
-tiy	0.530554845308	0.469445154692	0.0	0.0
-nga	0.284299419627	0.191541831062	0.0445789401366	0.479579809173
-tim	0.0633574165618	0.599570011993	0.0566882148185	0.280384356627
-tin	0.295766780764	0.214144810138	0.0577092814239	0.432379127674
-tio	0.380952380952	0.523809523809	0.0952380952381	0.0
-apü	0.59009009009	0.274774774775	0.135135135135	0.0
-äyu	0.0382165605096	0.96178343949	0.0	0.0
-jau	0.262592513251	0.189898347718	0.05555632338	0.491952815651
-jar	0.263188490045	0.30518819939	0.184566196774	0.247057113792
-hma	0.141732283464	0.702755905512	0.0777559055118	0.0777559055118
-emo	0.0	0.976058144506	0.0119709277469	0.0119709277469
-htä	0.417384391149	0.0371008347688	0.357228037631	0.188286736452
-hmi	0.268644747394	0.306335204491	0.220529270249	0.204490777867
-jag	0.2957503451	0.333267600079	0.296785643857	0.0741964109643
-mmi	0.199179408052	0.236127086548	0.0221910506382	0.542502454762
-äya	0.221217264996	0.237496777232	0.129636004791	0.411649952981
-ulü	0.276151579906	0.279129313288	0.00920505266354	0.435514054143
-jan	0.144816310187	0.57536120658	0.199472788548	0.0803496946845
-jam	0.204188481675	0.235602094241	0.497382198953	0.0628272251309
