-cac	0.0355478341552	0.0833176260301	0.00205622879426	0.87907831102
-cai	0.108419233306	0.188153132394	0.0129908764927	0.690436757807
-can	0.428817836371	0.0350508783012	0.0108728026105	0.525258482717
-cas	0.0	1.0	0.0	0.0
-car	0.0	0.963636363636	0.0	0.0363636363636
-ive	0.0	1.0	0.0	0.0
-rbe	0.00574712643678	0.994252873563	0.0	0.0
-caz	0.0	1.0	0.0	0.0
-ivo	0.169172932331	0.671052631579	0.15977443609	0.0
-dío	0.0292682926829	0.243902439024	0.112195121951	0.614634146341
-nso	0.0274750435021	0.956589431267	0.0159355252312	0.0
-lto	0.145714285714	0.674285714286	0.0942857142857	0.0857142857142
-ic—	0.459258017339	0.321546022855	0.0552480490919	0.163947910714
-nti	0.0230221850147	0.702956733514	0.166901328057	0.107119753415
-uac	0.174008020323	0.23237525389	0.123429642789	0.470187082998
-nto	0.128164549773	0.761480366427	0.0240109764464	0.0863441073535
-nta	0.175826668739	0.334410678932	0.0649364381984	0.424826214131
-uaj	0.162818235642	0.794552989935	0.0426287744227	0.0
-nte	0.274509803922	0.607843137255	0.117647058823	0.0
-uan	0.153402174215	0.372229697579	0.074562331167	0.399805797039
-uar	0.0865775711796	0.908773968623	0.00116211504939	0.00348634514818
-puc	0.255964720967	0.637622979305	0.0546441539144	0.0517681458136
-pun	0.321123933768	0.446562970396	0.116909182137	0.115403913698
-pui	0.496551724138	0.503448275862	0.0	0.0
-pra	0.145445044417	0.813621320328	0.035708064797	0.0052255704581
-pre	0.0	0.935064935065	0.0	0.0649350649351
-más	0.0955779674166	0.787121799845	0.0	0.117300232739
-nmi	0.339616265718	0.305115218013	0.0659630855623	0.289305430707
-opo	0.0	0.91061452514	0.0893854748603	0.0
-opi	0.0892117295095	0.391646945806	0.0197808583843	0.499360466301
-tín	0.0	0.87643020595	0.12356979405	0.0
-ca—	0.453812626259	0.262560977986	0.0915497989594	0.192076596795
-ope	0.0	0.984095427435	0.00397614314115	0.0119284294235
-smi	0.0950024442824	0.722297465159	0.00989734013993	0.172802750419
-dea	0.00776900168328	0.985325219043	0.00388450084164	0.00302127843239
-msa	0.0414053426249	0.0926538908246	0.161846689895	0.704094076655
-dec	0.0795228628231	0.887673956262	0.0178926441352	0.0149105367793
-deo	0.0	0.837837837838	0.0	0.162162162162
-ima	0.146133632613	0.0914760830663	0.00797564473166	0.754414639589
-der	0.402714932127	0.364253393665	0.0701357466064	0.162895927602
-des	0.136194029851	0.761194029851	0.0335820895522	0.0690298507463
-imi	0.358325414398	0.218152943432	0.049348241232	0.374173400939
-imo	0.276480173819	0.623030961434	0.0814774579033	0.0190114068441
-rpi	0.0616860863605	0.819054146676	0.00205620287869	0.117203564085
-ido	0.193548387097	0.390681003584	0.10752688172	0.308243727599
-lla	0.217842902762	0.368647971661	0.170448207362	0.243060918215
-obo	0.0	0.93028024607	0.0	0.0697197539302
-rpo	0.0226124861161	0.911373305111	0.0208521072155	0.0451621015571
-rpa	0.060606060606	0.813913785745	0.089628681178	0.0358514724712
-eca	0.0627720504009	0.916838487972	0.00481099656357	0.015578465063
-llo	0.298601245766	0.639820784614	0.0353513277238	0.026226641897
-ida	0.0162491536899	0.98375084631	0.0	0.0
-ri—	0.475377352785	0.258919328502	0.0353607040835	0.230342614629
-bic	0.312496046233	0.631299628906	0.0157372109614	0.0404671139006
-llu	0.209795216956	0.556494343405	0.203637405127	0.0300730345124
-bia	0.185112248917	0.80307207562	0.0118156754628	0.0
-güi	0.268936982813	0.202737110121	0.0572883513685	0.471037555697
-idu	0.111111111111	0.777777777778	0.111111111111	0.0
-yuc	0.127828717381	0.555178818219	0.239487719443	0.0775047449573
-eja	0.126165660998	0.770707624794	0.00109709270434	0.102029621503
-ter	0.0	1.0	0.0	0.0
-uta	0.125049996292	0.725264830178	0.046634106273	0.103051067258
-ric	0.243315522782	0.35975906465	0.109926457541	0.286998955027
-ria	0.0181748368105	0.967234097018	0.0	0.0145910661718
-rin	0.39929933667	0.282193902374	0.086715577415	0.23179118354
-rio	0.0265604249668	0.698244060794	0.239781614284	0.0354138999557
-ril	0.0721525511079	0.422779591135	0.0	0.505067857757
-uti	0.591214522114	0.318523718784	0.00300872530338	0.0872530337981
-uto	0.263157894737	0.684210526316	0.0526315789474	0.0
-ejo	0.192307692308	0.644230769231	0.134615384615	0.0288461538462
-tea	0.00346020761245	0.996539792388	0.0	0.0
-gra	0.122891566265	0.727710843373	0.0192771084337	0.130120481928
-ris	0.0243902439024	0.975609756098	0.0	0.0
-gre	0.233128834356	0.509202453988	0.257668711657	0.0
-gri	0.455377255351	0.278463830006	0.223528289565	0.042630625078
-tel	0.224299065421	0.691588785047	0.0	0.0841121495326
-teo	0.0	0.98933901919	0.0106609808102	0.0
-lux	0.192592592593	0.807407407407	0.0	0.0
-luz	0.0347222222222	0.777576489533	0.187701288245	0.0
-ara	0.154775039843	0.820706141964	0.0024518818193	0.0220669363737
-nzo	0.0559322033898	0.845762711865	0.0152542372881	0.0830508474576
-aro	0.0699300699301	0.821678321678	0.0419580419581	0.0664335664336
-ari	0.338630165197	0.375378074576	0.0902540725642	0.195737687662
-rón	0.0606617647058	0.884191176471	0.0551470588235	0.0
-aru	0.144995549802	0.385656876231	0.0804272190307	0.388920354937
-ram	0.0	1.0	0.0	0.0
-mea	0.0	1.0	0.0	0.0
-lun	0.0503268351941	0.87852143229	0.0676809162956	0.00347081622028
-lua	0.0269841269841	0.944444444444	0.0190476190476	0.0095238095238
-meo	0.0	1.0	0.0	0.0
-aya	0.095054206356	0.434623416002	0.0711404788467	0.399181898796
-ndu	0.0728	0.8456	0.0384	0.0432
-ayo	0.0412186379928	0.76164874552	0.145161290323	0.0519713261649
-ero	0.0182410423453	0.981758957655	0.0	0.0
-ayu	0.116772823779	0.575371549894	0.0530785562633	0.254777070064
-tón	0.0851063829787	0.702127659574	0.127659574468	0.0851063829787
-bás	0.211267605634	0.271126760563	0.517605633803	0.0
-na—	0.362127252143	0.323887694624	0.12174264538	0.192242407852
-ndi	0.127919274003	0.369778219381	0.311501134623	0.190801371993
-cto	0.0375	0.54375	0.30625	0.1125
-aón	0.241106719368	0.521739130435	0.166007905138	0.0711462450593
-cta	0.24357011052	0.242990877011	0.0589451487514	0.454493863717
-dán	0.0203633530474	0.958387930729	0.0212487162234	0.0
-ota	0.109248758522	0.769537197258	0.0210457200668	0.100168324153
-tán	0.0	1.0	0.0	0.0
-ote	0.0345974717232	0.953426480373	0.00399201596806	0.00798403193612
-oam	0.0	1.0	0.0	0.0
-oto	0.125	0.5625	0.0625	0.25
-rán	0.251409244645	0.748590755355	0.0	0.0
-zpi	0.319763215287	0.623117665386	0.0164087651885	0.0407103541385
-ac—	0.551783812567	0.337726304579	0.0	0.110489882854
-uma	0.29328821207	0.538183869148	0.00406091370559	0.164467005076
-eví	0.0	1.0	0.0	0.0
-umi	0.1747686778	0.640902136341	0.101069384517	0.0832598013422
-zuc	0.218561813673	0.319164009919	0.365568544102	0.0967056323061
ALL	0.226477243268	0.28484417809	0.0531105584805	0.435568020162
-nai	0.343535429597	0.303572144668	0.139285571066	0.213606854668
-nan	0.171201323978	0.239852655578	0.0686763981063	0.520269622338
-sis	0.410212029424	0.292081350065	0.276936391173	0.0207702293379
-nac	0.192938603343	0.65107014529	0.118340884237	0.0376503671301
-zui	0.302158273381	0.31654676259	0.338129496403	0.0431654676259
-zun	0.415540540541	0.364864864865	0.0405405405405	0.179054054054
-zul	0.0956022944551	0.636711281071	0.267686424474	0.0
-aús	0.257037943696	0.691554467564	0.0146878824969	0.0367197062423
-aúm	0.00475624256837	0.990487514863	0.0	0.00475624256837
-sin	0.659685863874	0.267015706806	0.0418848167539	0.0314136125654
-csa	0.129820542192	0.548682703322	0.224131347843	0.0973654066437
-nas	0.0166481687014	0.916759156493	0.0499445061044	0.0166481687015
-sia	0.0120391271633	0.984951091046	0.0	0.00300978179083
-mos	0.0	0.98250728863	0.0174927113703	0.0
-gog	0.0789473684211	0.873684210526	0.0473684210526	0.0
-aán	0.0683544303797	0.643037974684	0.288607594937	0.0
-ha—	0.553123963502	0.233365634125	0.0701078933163	0.143402509056
-eos	0.146341463415	0.162601626016	0.691056910569	0.0
-bet	0.0	0.721854304636	0.238410596026	0.0397350993378
-uai	0.36132024333	0.138228031079	0.0895922423659	0.410859483226
-rlo	0.285714285714	0.714285714286	0.0	0.0
-beo	0.0	1.0	0.0	0.0
-yac	0.255595738779	0.357012208474	0.0494788936327	0.337913159114
-yan	0.460434075486	0.0884414783243	0.0439683696932	0.407156076496
-yai	0.197203650881	0.423873496921	0.221558852906	0.157363999292
-cos	0.130678917815	0.744767738642	0.0939254721798	0.0306278713629
-reo	0.0	0.968960863698	0.0310391363023	0.0
-ish	0.17555267054	0.359884591479	0.0497294985161	0.414833239464
-rea	0.00592801693719	0.939167254764	0.00508115737473	0.0498235709244
-isa	0.441558441558	0.431818181818	0.0487012987013	0.0779220779221
-upa	0.145975253719	0.257802724871	0.116519532879	0.47970248853
-res	0.0489578962093	0.951042103791	0.0	0.0
-isu	0.051085568327	0.612601106854	0.310770540655	0.0255427841635
-ret	0.00737497119152	0.972574325882	0.00967964968886	0.0103710532381
-upi	0.113700657939	0.473110301106	0.0388590534873	0.374329987467
-sic	0.590662183135	0.193352302121	0.147439213658	0.0685463010864
-hac	0.264876161989	0.376004321498	0.109689921775	0.249429594738
-naí	0.00956937799043	0.99043062201	0.0	0.0
-hai	0.060689500354	0.0123927744564	0.0028684299505	0.924049295239
-mas	0.234567901235	0.765432098765	0.0	0.0
-mar	0.0	1.0	0.0	0.0
-ham	0.0103329506314	0.977611940299	0.00344431687715	0.00861079219288
-han	0.597558844306	0.22109480443	0.0575702702425	0.123776081021
-mai	0.241914375264	0.157108436969	0.0656044671441	0.535372720622
-mal	0.035143769968	0.796592119276	0.0212992545261	0.14696485623
-man	0.256187654286	0.343708850056	0.0427963319126	0.357307163745
-mac	0.0966098541567	0.571709828774	0.100071445022	0.231608872047
-uni	0.420936529322	0.207160216782	0.0733887562762	0.298514497619
-una	0.180333157572	0.390066278872	0.0592085143006	0.370392049255
-pta	0.0	1.0	0.0	0.0
-pto	0.00190688066105	0.892737962816	0.0948673128873	0.0104878436358
-ús—	0.100840336134	0.126050420168	0.0	0.773109243697
-tra	0.0	1.0	0.0	0.0
-ada	0.0489649188051	0.483699020702	0.0539233915954	0.413412668898
-ado	0.0659790370401	0.317993903203	0.486804192592	0.129222867165
-tro	0.15636714148	0.61550819321	0.128520938203	0.0996037271072
-ui—	0.439848140112	0.192940674272	0.0367107352613	0.330500450355
-gai	0.290732120186	0.434193821413	0.234447735929	0.0406263224714
-gar	0.331288343558	0.668711656442	0.0	0.0
-cpi	0.374164722895	0.32354305728	0.0566391393489	0.245653080476
-in—	0.525896641786	0.361211411934	0.0669359327501	0.0459560135299
-seo	0.133362969549	0.866637030451	0.0	0.0
-ini	0.305365369583	0.132309363358	0.0221521140465	0.540173153012
-lpa	0.100581514599	0.710013248998	0.0270079992904	0.162397237113
-ino	0.0660036166365	0.73869801085	0.149186256781	0.0461121157323
-ina	0.123061635817	0.0983737014218	0.0174327498084	0.761131912952
-rza	0.104716981132	0.772641509434	0.122641509434	0.0
-sea	0.0416666666667	0.958333333333	0.0	0.0
-món	0.00681766532838	0.98318309219	0.0	0.00999924248162
-ga—	0.239240466535	0.209657644063	0.0880882769028	0.4630136125
-uim	0.0	1.0	0.0	0.0
-uin	0.109089026826	0.0939140487169	0.272248079403	0.524748845054
-uic	0.226130016041	0.440111844483	0.104521332243	0.229236807233
-inu	0.0	0.221476510067	0.778523489933	0.0
-ñal	0.0724946695096	0.735607675906	0.0	0.191897654584
-blo	0.119920816837	0.520967909981	0.0338612210877	0.325250052094
-ñan	0.506541429051	0.378564240188	0.0436095270044	0.0712848037571
-dón	0.0	0.993371996686	0.0	0.006628003314
-iac	0.520869565217	0.417391304348	0.00521739130434	0.0565217391304
-lau	0.800800800801	0.199199199199	0.0	0.0
-ian	0.465069860279	0.437125748503	0.0499001996008	0.0479041916168
-bla	0.423423423423	0.54954954955	0.027027027027	0.0
-nes	0.296819787986	0.703180212014	0.0	0.0
-ñac	0.274618019684	0.568946767441	0.0648007177424	0.0916344951334
-rso	0.00896860986546	0.991031390135	0.0	0.0
-neo	0.0	0.88589540412	0.0	0.11410459588
-lpi	0.18910506819	0.738041369714	0.0106040225153	0.0622495395807
-ias	0.0972222222222	0.888888888889	0.0138888888889	0.0
-un—	0.445340911828	0.3030233697	0.0716330959702	0.180002622502
-ooz	0.264705882353	0.735294117647	0.0	0.0
-ban	0.530612244898	0.265306122449	0.132653061224	0.0714285714285
-bac	0.035282549598	0.0703530182969	0.0127248539534	0.881639578152
-job	0.102564102564	0.794871794872	0.102564102564	0.0
-asa	0.0262927256792	0.947414548642	0.0262927256792	0.0
-aso	0.0	0.965133025089	0.0221329492913	0.0127340256196
-asi	0.104145252189	0.614060893914	0.0326268032467	0.24916705065
-mba	0.188537600275	0.301145382009	0.0973789198233	0.412938097894
-asu	0.0	1.0	0.0	0.0
-dra	0.0714285714286	0.880952380952	0.047619047619	0.0
-dro	0.0476510723631	0.799259005649	0.00220097331931	0.150888948668
-zor	0.0	1.0	0.0	0.0
-ñun	0.451292246521	0.333996023857	0.143141153082	0.0715705765407
-ras	0.17896986636	0.697254386171	0.00422763463842	0.119548112831
-ran	0.409164364878	0.537884952608	0.014441095231	0.0385095872826
-ral	0.353240318164	0.591993741035	0.0547659408006	0.0
-as—	0.030612244898	0.918367346939	0.0	0.0510204081632
-uía	0.00989010989011	0.98021978022	0.0	0.00989010989011
-rai	0.308278098359	0.117703253739	0.0658871368504	0.508131511052
-era	0.19014084507	0.33661971831	0.194366197183	0.278873239437
-uío	0.0	0.870503597122	0.129496402878	0.0
-rac	0.214683356921	0.106824280232	0.057594186592	0.620898176254
-aén	0.0	0.97521685254	0.0247831474597	0.0
-pos	0.0	0.990639625585	0.0	0.00936037441497
-zhu	0.0997586484312	0.572003218021	0.173773129525	0.154465004022
-zha	0.0762162404978	0.631112397742	0.0153231079456	0.277348253815
-aza	0.192308360577	0.715320637388	0.0393680985802	0.0530029034544
-lac	0.176010333328	0.362444634152	0.160536098451	0.301008934069
-lam	0.0363636363636	0.963636363636	0.0	0.0
-lan	0.45943845556	0.212006494156	0.0646337803836	0.2639212699
-lao	0.429824561404	0.30701754386	0.0	0.263157894737
-lai	0.225193035579	0.22479333838	0.272163512491	0.27785011355
-aam	0.0582524271844	0.941747572816	0.0	0.0
-uja	0.0	0.922879177378	0.0771208226221	0.0
-fos	0.0	1.0	0.0	0.0
-eón	0.162083936324	0.794500723589	0.0	0.0434153400868
-lar	0.0980392156863	0.901960784314	0.0	0.0
-las	0.0884549109707	0.852383687536	0.0281447443998	0.0310166570936
-noa	0.0866141732283	0.653543307087	0.149606299213	0.110236220472
-noc	0.454545454545	0.5	0.0454545454545	0.0
-aac	0.0110497237569	0.988950276243	0.0	0.0
-ujo	0.328859060403	0.0604026845638	0.174496644295	0.436241610738
-dor	0.483412322275	0.516587677725	0.0	0.0
-dos	0.112299465241	0.831550802139	0.0561497326203	0.0
-gel	0.0192436514219	0.895804153218	0.0263686742586	0.058583521101
-zta	0.173503946686	0.725165924672	0.0511430366263	0.0501870920165
-mya	0.0513775130305	0.845867460909	0.0260610573343	0.0766939687266
-doc	0.0	1.0	0.0	0.0
-ger	0.0	1.0	0.0	0.0
-ión	0.0309702234896	0.953776775648	0.00895284833212	0.00630015253002
-vos	0.0249056603773	0.961509433962	0.011320754717	0.0022641509434
-tol	0.0218543046358	0.91059602649	0.00794701986754	0.0596026490066
-mpa	0.14373491332	0.78384902348	0.0724160631995	0.0
-sac	0.110751864082	0.200707641423	0.0423756664949	0.646164828
-oli	0.0	1.0	0.0	0.0
-ibo	0.162377791967	0.445209210781	0.0	0.392412997253
-tor	0.254901960784	0.686274509804	0.0588235294118	0.0
-rvi	0.886243386243	0.0740740740741	0.0079365079365	0.031746031746
-sai	0.197993301359	0.455645015445	0.0663353516063	0.28002633159
-san	0.396144336167	0.442806330905	0.0305438390036	0.130505493924
-iel	0.269349845201	0.646026831785	0.0722394220846	0.0123839009288
-tes	0.0	0.954716981132	0.045283018868	0.0
-avo	0.0	1.0	0.0	0.0
-loc	0.0	1.0	0.0	0.0
-la—	0.590315781424	0.272321449908	0.0378536230983	0.0995091455692
-oca	0.0742065264974	0.754346187429	0.0210097306982	0.150437555375
-rom	0.0	1.0	0.0	0.0
-lot	0.0	1.0	0.0	0.0
-los	0.105863192182	0.835504885994	0.029315960912	0.0293159609121
-ipi	0.159788454327	0.364984258096	0.0190104354563	0.456216852121
-ipo	0.0	0.987603305785	0.0	0.0123966942149
-sar	0.169014084507	0.788732394366	0.0422535211268	0.0
-ipa	0.156072620131	0.0901252220633	0.287534121929	0.466268035877
-ipe	0.0132450331126	0.9646799117	0.0	0.0220750551876
-rde	0.0932642487047	0.274611398964	0.632124352332	0.0
-noé	0.00473250101411	0.995267498986	0.0	0.0
-rdo	0.00918836140888	0.830015313936	0.160796324655	0.0
-ila	0.0483870967742	0.905241935484	0.0241935483871	0.0221774193548
-—ña	0.674661508704	0.03249516441	0.00464216634429	0.288201160542
-saú	0.0825763831544	0.65235342692	0.240297274979	0.0247729149463
-sto	0.0376915493596	0.838713610412	0.00334416704114	0.120250673188
-sta	0.0867461723413	0.405489588304	0.00423262948154	0.503531609873
-saí	0.377049180328	0.622950819672	0.0	0.0
-spe	0.0462427745664	0.924855491329	0.0289017341041	0.0
-cun	0.43900460887	0.241215786069	0.0600558709691	0.259723734092
-loí	0.0	0.981481481481	0.0185185185185	0.0
-lle	0.869565217391	0.0652173913043	0.0652173913043	0.0
-cui	0.0928869156747	0.121994530149	0.0550892069963	0.73002934718
-loé	0.045584045584	0.897435897436	0.0	0.05698005698
-ián	0.089552238806	0.873134328358	0.0373134328358	0.0
-cuc	0.306149124868	0.337799649109	0.0993939315747	0.256657294449
-cua	0.014818413701	0.920077735941	0.0235637070327	0.0415401433257
-uco	0.0358923230309	0.892323030907	0.0717846460618	0.0
-uca	0.0323935428796	0.0708324710334	0.0628337789972	0.83394020709
-ngo	0.0248447204969	0.950310559006	0.0	0.0248447204969
-lli	0.164217526876	0.0463555468852	0.141850318002	0.647576608238
-lem	0.0	1.0	0.0	0.0
-muc	0.524641432115	0.105282617738	0.0180554913651	0.352020458782
-lea	0.0138204655711	0.947613854312	0.00669399420856	0.0318716859087
-mun	0.365999460064	0.22480620155	0.0956458019977	0.313548536388
-mui	0.829662134411	0.0701670953935	0.0293551803895	0.0708155898056
-gón	0.0	1.0	0.0	0.0
-ios	0.13627547955	0.316592700399	0.0069220811473	0.540209738903
-agé	0.128401100581	0.844084377866	0.0	0.027514521553
-rra	0.0	0.995138551288	0.00486144871172	0.0
-rre	0.0	0.849731663685	0.0	0.150268336315
-rro	0.340004751158	0.582788929802	0.0130656847607	0.0641406342796
-gio	0.00928792569659	0.990712074303	0.0	0.0
-udá	0.00831024930748	0.958448753463	0.0	0.0332409972299
-ali	0.10989010989	0.142857142857	0.637362637363	0.10989010989
-nda	0.317785362154	0.424345847554	0.212362533182	0.0455062571103
-dca	0.0785997357992	0.883751651255	0.0	0.0376486129459
-gia	0.0	0.935483870968	0.0645161290322	0.0
-ala	0.0	1.0	0.0	0.0
-zca	0.151046440574	0.566911090743	0.140352887259	0.141689581424
-fat	0.0	0.964285714286	0.0	0.0357142857143
-osé	0.00692840646651	0.993071593533	0.0	0.0
-tca	0.157125334265	0.19601717242	0.0317366631825	0.615120830132
-—ri	0.348314606742	0.494382022472	0.0	0.157303370786
-abá	0.0	0.961379310345	0.0	0.0386206896552
-abí	0.59765625	0.296875	0.0	0.10546875
-abé	0.29746835443	0.639240506329	0.0253164556962	0.0379746835443
-tcu	0.033698399326	0.698399326032	0.0859309182814	0.18197135636
-chi	0.311003728394	0.2020116853	0.265730619953	0.221253966354
-iyu	0.00324675324675	0.904220779221	0.0876623376623	0.00487012987013
-cha	0.062790833016	0.319319755242	0.132539974907	0.485349436834
-uez	0.0985272764987	0.851690520639	0.0373366521468	0.0124455507156
-oré	0.0	0.872	0.096	0.032
-ela	0.0	1.0	0.0	0.0
-chu	0.415680045758	0.254511893531	0.0986400190695	0.231168041642
-io—	0.0204081632653	0.755102040816	0.0	0.224489795918
-cca	0.345878150325	0.270863520268	0.0444847412842	0.338773588123
-itu	0.00906557432092	0.907497565725	0.0733639995971	0.0100728603566
-ito	0.0889671758649	0.853915703612	0.0098744852429	0.0472426352797
-mín	0.0	0.968641114983	0.0313588850174	0.0
-eso	0.00924340979117	0.956864087641	0.0195138651147	0.0143786374529
-iti	0.563421828909	0.259587020649	0.159292035398	0.0176991150442
-ite	0.0	0.970072239422	0.0299277605779	0.0
-ita	0.153375808557	0.330332265344	0.101621921313	0.414670004787
-spa	0.269230769231	0.391025641026	0.301282051282	0.0384615384615
-ezu	0.195787521526	0.678632931514	0.00953768711087	0.116041859849
-spi	0.422813982323	0.495967512598	0.0291961946363	0.0520223104427
-fas	0.12987012987	0.831168831169	0.0194805194805	0.0194805194805
-bra	0.118183284931	0.618021942562	0.0677637947725	0.196030977735
-uda	0.022344840166	0.907884536459	0.00273610287747	0.067034520498
-bre	0.222707423581	0.397379912664	0.0	0.379912663755
-hu—	0.426605427714	0.269681914213	0.0816469718112	0.222065686262
-hun	0.497398942157	0.189979504136	0.0405278159012	0.272093737805
-hui	0.192200568484	0.370485935664	0.347028804208	0.0902846916442
-hua	0.0513988881801	0.672544178687	0.0530889870177	0.222967946116
-huc	0.038539923009	0.0435166066154	0.118371537723	0.799571932652
-abo	0.0	1.0	0.0	0.0
-vas	0.0707533238092	0.880086899259	0.0137831150278	0.0353766619046
-tuc	0.188503830988	0.730708812875	0.0807873561376	0.0
-nca	0.231400535572	0.251899347019	0.0439100773306	0.472790040078
-tun	0.0750497057491	0.213666175722	0.217520105519	0.49376401301
-oro	0.169211973121	0.363469761759	0.467318265119	0.0
-jón	0.10843373494	0.880722891566	0.0	0.010843373494
-gan	0.144300987323	0.309750540399	0.214698837413	0.331249634866
-ora	0.0436941410129	0.851042701092	0.0	0.105263157895
-ruz	0.18989378822	0.62986803991	0.0	0.18023817187
-uñu	0.0926243567753	0.797598627787	0.00686106346484	0.102915951973
-icu	0.317630888417	0.368736723729	0.205672872673	0.107959515182
-lis	0.00929080210594	0.835862496129	0.0	0.154846701765
-ico	0.332603938731	0.417943107221	0.210065645514	0.0393873085339
-lim	0.08	0.92	0.0	0.0
-omi	0.0996671083612	0.760801297383	0.027375892516	0.112155701739
-lio	0.00638637573179	0.939329430548	0.00319318786589	0.0510910058541
-run	0.325492078733	0.315890542487	0.0273643783005	0.33125300048
-sué	0.121951219512	0.878048780488	0.0	0.0
-oma	0.160901580758	0.631156397001	0.143947075348	0.0639949468925
-lia	0.024083196497	0.893814997263	0.072249589491	0.00985221674876
-ica	0.253264594843	0.233294414607	0.03466643995	0.4787745506
-lic	0.0532150776054	0.256319290466	0.621286031042	0.0691796008869
-eas	0.0	0.915690866511	0.0843091334894	0.0
-cma	0.0550458715596	0.48623853211	0.0825688073395	0.376146788991
-cmi	0.280590785844	0.303806364885	0.0964096817754	0.319193167496
-oda	0.012394743055	0.971078932872	0.0165263240733	0.0
-ode	0.0	1.0	0.0	0.0
-rna	0.0	1.0	0.0	0.0
-izo	0.563172043011	0.436827956989	0.0	0.0
-uri	0.079829358506	0.721300687558	0.147586738978	0.0512832149584
-hni	0.0	0.963819095477	0.0	0.0361809045226
-ura	0.130614717969	0.628203390324	0.0798717597643	0.161310131943
-hna	0.0834377455508	0.0351009853598	0.00808078324269	0.873380485847
-sda	0.0	0.975409836066	0.0	0.0245901639344
-nio	0.00594059405941	0.994059405941	0.0	0.0
-pai	0.101388059731	0.0567686072146	0.0201960043659	0.821647328689
-apa	0.146155925397	0.361895200216	0.376105340387	0.115843534
-pan	0.397834912043	0.407307171854	0.0297699594046	0.165087956698
-li—	0.814814814815	0.037037037037	0.0	0.148148148148
-api	0.140607810568	0.442688732576	0.0359131337689	0.380790323088
-mca	0.122799664711	0.738160100587	0.0433780385583	0.0956621961442
-duc	0.408284023669	0.437869822485	0.10650887574	0.0473372781065
-aín	0.0186625194401	0.860031104199	0.0	0.121306376361
-mi—	0.407021564324	0.273038116138	0.0938691888477	0.22607113069
-ti—	0.577777777778	0.407407407407	0.0	0.0148148148148
-ai—	0.535082240267	0.284613783052	0.0620445554861	0.118259421195
-icó	0.0	1.0	0.0	0.0
-ael	0.182862126608	0.673522785086	0.0388109600989	0.104804128207
-omé	0.0	1.0	0.0	0.0
-año	0.253488372093	0.33023255814	0.253488372093	0.162790697674
-zín	0.0	1.0	0.0	0.0
-dia	0.0	1.0	0.0	0.0
-dic	0.1921875	0.2140625	0.48125	0.1125
-din	0.410088743578	0.316207379729	0.178421298459	0.0952825782344
-dio	0.0	1.0	0.0	0.0
-aña	0.0165585759625	0.966882848075	0.0	0.0165585759625
-sla	0.116861435726	0.83305509182	0.0	0.0500834724541
-dis	0.0	0.980263157895	0.0197368421052	0.0
-xca	0.094064949608	0.862262038074	0.0	0.043673012318
-sús	0.0948943639245	0.391726551296	0.00107245466858	0.51230663011
-lta	0.167402669387	0.776857159958	0.0109294452266	0.0448107254289
-elí	0.0	0.960784313725	0.0392156862745	0.0
-ngu	0.119227801519	0.557929724596	0.0821314102564	0.240711063628
-tir	0.749042145594	0.250957854406	0.0	0.0
-nga	0.389277794529	0.141765215439	0.0395554036089	0.429401586423
-eta	0.0827582488678	0.837233124865	0.0604737258285	0.0195349004385
-tia	0.0	1.0	0.0	0.0
-tic	0.300044341528	0.450066512292	0.0449327486821	0.204956397497
-tin	0.0658893517114	0.151397777507	0.0298014841196	0.752911386662
-pac	0.131196345398	0.363341791587	0.0333070920764	0.472154770939
-mpo	0.3125	0.375	0.0982142857143	0.214285714286
-aij	0.0678378045779	0.514705882353	0.171230207564	0.246226105505
-bca	0.0	1.0	0.0	0.0
-jas	0.0	0.952380952381	0.047619047619	0.0
-emo	0.0	1.0	0.0	0.0
-emi	0.131239569109	0.773175542406	0.0659990896677	0.0295857988166
-hmi	0.236369780715	0.520227382554	0.1133533376	0.130049499131
-bed	0.0	1.0	0.0	0.0
-mmi	0.431578947368	0.221052631579	0.231578947368	0.115789473684
-jac	0.161635369622	0.674352270026	0.149750415973	0.0142619443784
-jan	0.0884383547658	0.119990058053	0.0330846226162	0.758486964565
-lix	0.0973451327434	0.796460176991	0.0	0.106194690266
-das	0.0809140288443	0.804457763626	0.00449522382468	0.110132983705
-jai	0.132530120482	0.542168674699	0.0	0.325301204819
-cio	0.0644202831863	0.910626717326	0.0249529994873	0.0
-zac	0.145254470426	0.776066024759	0.0101788170564	0.0685006877579
-cia	0.0115727984129	0.957786840075	0.0165325691612	0.0141077923509
-zar	0.0	1.0	0.0	0.0
-zas	0.0268456375839	0.563758389262	0.409395973154	0.0
-rcu	0.093896713615	0.711374306445	0.102432778489	0.0922962014511
-fán	0.0	1.0	0.0	0.0
-rca	0.470814580249	0.0971429884873	0.0202496658989	0.411792765365
-eda	0.0	0.575	0.425	0.0
-ñai	0.0823010248118	0.137869412465	0.531897218947	0.247932343776
-eto	0.0	1.0	0.0	0.0
-rco	0.170951156812	0.807197943445	0.0115681233933	0.0102827763496
-uya	0.0938346883469	0.47933604336	0.372205284553	0.0546239837399
-buc	0.0137931034483	0.986206896552	0.0	0.0
-ías	0.0190236361823	0.929490375985	0.0139623017852	0.0375236860477
-són	0.181818181818	0.818181818182	0.0	0.0
-lin	0.301221051437	0.387347014026	0.142952363394	0.168479571143
-hca	0.335763805753	0.268734738655	0.102794728717	0.292706726875
-ría	0.0505914925749	0.464132897055	0.0551220739995	0.430153536371
-ata	0.193551191017	0.391981205865	0.0548067277455	0.359660875373
-amá	0.105355575066	0.894644424934	0.0	0.0
-omo	0.311697208426	0.659530741565	0.0	0.0287720500086
-ano	0.391738840773	0.486120364202	0.0732844770154	0.0488563180102
-uyu	0.103013171167	0.870408199661	0.0148280773272	0.0117505518442
-ati	0.671145273836	0.180005355427	0.0132310551766	0.135618315561
-acu	0.166682167178	0.491355881411	0.0345661406826	0.307395810728
-edi	0.44170771757	0.467980295567	0.0	0.0903119868637
-ulo	0.0351040433091	0.884960243614	0.0012688208425	0.0786668922348
-iai	0.481746330448	0.44298080542	0.00752728641324	0.0677455777192
-oso	0.632124352332	0.181347150259	0.186528497409	0.0
-nic	0.159626509114	0.513521471926	0.109758066814	0.217093952145
-lén	0.028318252145	0.909794176942	0.00365699282667	0.0582305780861
-nia	0.00645734118977	0.96560120537	0.0220222240159	0.00591922942395
-aca	0.255497800941	0.261450369644	0.0361467234948	0.44690510592
-htu	0.0313111545988	0.138943248532	0.571428571429	0.25831702544
-nin	0.548062754616	0.117188177169	0.0150819103753	0.31966715784
-ice	0.0508474576272	0.872881355932	0.0508474576271	0.0254237288135
-dmi	0.314285714286	0.628571428571	0.0571428571429	0.0
-aja	0.159212880143	0.314847942755	0.504472271914	0.0214669051878
-shi	0.188776419685	0.524204218781	0.0761573192624	0.210862042271
-nón	0.0	1.0	0.0	0.0
-cri	0.230769230769	0.747252747253	0.021978021978	0.0
-sha	0.467490389225	0.244739267572	0.081101655832	0.206668687371
-fia	0.238532110092	0.761467889908	0.0	0.0
-vio	0.0395389921763	0.877176747708	0.0067300412215	0.0765542188946
-vic	0.13241369652	0.647433653106	0.122820530775	0.0973321195994
-lda	0.0212389380531	0.66017699115	0.318584070796	0.0
-via	0.0	0.988593155894	0.0114068441065	0.0
-lde	0.0	0.38026013772	0.61973986228	0.0
-fre	0.0721262208866	0.921863260706	0.00601051840721	0.0
-ato	0.041052085734	0.784887070754	0.0438465084121	0.1302143351
-ilo	0.0430401366354	0.952860802733	0.00409906063194	0.0
-lma	0.064935064935	0.493506493506	0.034632034632	0.406926406926
-iga	0.320102432778	0.587708066581	0.0	0.0921895006402
-mta	0.0201680672269	0.979831932773	0.0	0.0
-ni—	0.620108212797	0.188797327429	0.0184272008048	0.17266725897
-bel	0.303501945525	0.52140077821	0.0	0.175097276265
-lmi	0.137225102807	0.745366231599	0.0566183920377	0.0607902735563
-igo	0.0387488919843	0.932759275674	0.0239331391668	0.00455869317463
-ebe	0.169230769231	0.830769230769	0.0	0.0
-ami	0.280194830223	0.232162944231	0.0582817439547	0.429360481592
-tmi	0.0318725099601	0.896414342629	0.0478087649402	0.0239043824701
-amo	0.0531346482935	0.667588710129	0.012324447963	0.266952193614
-ama	0.289334261051	0.133544695616	0.0277035269346	0.549417516398
-oas	0.0	1.0	0.0	0.0
-usi	0.3125	0.254807692308	0.331730769231	0.100961538462
-iro	0.011570397931	0.969372476065	0.0190571260039	0.0
-iri	0.436422465833	0.222147100014	0.302892741585	0.0385376925677
-hin	0.472541397358	0.275747639058	0.0845353460001	0.167175617584
-usa	0.0308949049589	0.843430905378	0.0	0.125674189663
-hic	0.266489556396	0.322350573645	0.0393176489193	0.371842221039
-ira	0.201270645435	0.719186337497	0.0498707904762	0.0296722265916
-gui	0.414249852752	0.28076453312	0.0378507201303	0.267134893998
-gun	0.0625	0.9375	0.0	0.0
-iru	0.580377189044	0.419622810956	0.0	0.0
-his	0.0133239951487	0.0083702020806	0.0125723851659	0.965733417605
-tio	0.259352217043	0.522289948608	0.0677662244532	0.150591609896
-vid	0.108916816278	0.815679233992	0.00359066427289	0.0718132854578
-ñuc	0.127325581395	0.556976744186	0.266860465116	0.0488372093023
-zmi	0.151515151515	0.368210405946	0.171526586621	0.308747855918
-ñui	0.0123992560446	0.910725356479	0.0396776193428	0.0371977681339
-epi	0.031744561631	0.922409900784	0.00416777614413	0.041677761441
-aná	0.0348499515973	0.959341723136	0.0	0.00580832526623
-dta	0.0315789473684	0.968421052632	0.0	0.0
-cel	0.054424778761	0.927433628319	0.00707964601772	0.0110619469026
-aní	0.0	1.0	0.0	0.0
-cea	0.0	1.0	0.0	0.0
-pic	0.182460478401	0.4448415608	0.117851522115	0.254846438684
-npi	0.0414376270493	0.828415747501	0.0110660716648	0.119080553785
-pin	0.511111111111	0.395555555556	0.0933333333333	0.0
-pio	0.0	1.0	0.0	0.0
-rés	0.0	0.873015873016	0.0	0.126984126984
-iud	0.0	1.0	0.0	0.0
-tés	0.0	1.0	0.0	0.0
-ace	0.0	0.890510948905	0.109489051095	0.0
-uem	0.0451127819549	0.954887218045	0.0	0.0
-uel	0.0829694323144	0.877729257642	0.0393013100436	0.0
-ueo	0.0230326295585	0.930902111324	0.0460652591171	0.0
-hi—	0.345075485263	0.547088425593	0.0531991373112	0.0546369518332
-lca	0.0865633074936	0.78583371333	0.0183158534732	0.109287125703
-lco	0.0803571428572	0.919642857143	0.0	0.0
-hpa	0.368635592863	0.205117918955	0.0479172291747	0.378329259007
-ago	0.0	1.0	0.0	0.0
-ucu	0.118137250608	0.513245912936	0.0919753681205	0.276641468336
-lcu	0.162995594714	0.810572687225	0.0264317180617	0.0
-rte	0.26714801444	0.513838748496	0.0962695547533	0.12274368231
-rta	0.0548017389013	0.797523382953	0.068809555175	0.0788653229702
-ona	0.12539184953	0.680250783699	0.156739811912	0.0376175548588
-ego	0.0167464114833	0.0905673274094	0.743677375256	0.149008885851
-rto	0.0875684128225	0.569976544175	0.24863174355	0.0938232994527
-bmi	0.0	1.0	0.0	0.0
-oni	0.0	0.776397515528	0.0	0.223602484472
-ana	0.212668255357	0.115924377646	0.0189957722021	0.652411594795
-dan	0.339178082192	0.177534246575	0.0197260273972	0.463561643836
-dai	0.266769088495	0.425532866966	0.0877049058068	0.219993138732
-rge	0.0	1.0	0.0	0.0
-ta—	0.28139183056	0.567322239032	0.0	0.151285930408
-ani	0.502720996192	0.110391750976	0.0241415555023	0.362745697329
-dab	0.0	1.0	0.0	0.0
-dac	0.0936137814085	0.486898632525	0.0726352334525	0.346852352615
-tal	0.0950048971596	0.760039177277	0.0352595494613	0.109696376102
-tam	0.0	1.0	0.0	0.0
-tan	0.107951247824	0.638338446232	0.179089627726	0.0746206782191
-an—	0.352479172745	0.32300065062	0.0533070353843	0.271213141251
-tai	0.374636294529	0.431911714593	0.0912212639911	0.102230726887
-scu	0.0417413572343	0.0312419974392	0.00717029449423	0.919846350832
-tac	0.125385679001	0.102378545548	0.0521571183349	0.720078657116
-iña	0.299112801014	0.605830164766	0.0722433460076	0.0228136882129
-sco	0.0053222945003	0.991129509166	0.0	0.00354819633353
-ene	0.035390199637	0.937386569873	0.010889292196	0.016333938294
-sca	0.0793634438504	0.550763437844	0.0044290044657	0.36544411384
-aal	0.393939393939	0.424242424242	0.121212121212	0.0606060606061
-tar	0.0	1.0	0.0	0.0
-tas	0.0333333333333	0.966666666667	0.0	0.0
-mia	0.0	1.0	0.0	0.0
-sés	0.0535139651893	0.914306540793	0.00337795793553	0.0288015360819
-qui	0.118542304049	0.566760947625	0.193640521373	0.121056226953
-eno	0.0725274725274	0.808791208791	0.105494505494	0.0131868131868
-—pi	0.686363636364	0.122727272727	0.0	0.190909090909
-nás	0.0086779474244	0.976497225726	0.0021694868561	0.0126553399939
-rmi	0.034424957318	0.539909979823	0.0137823995033	0.411882663356
-pía	0.0	0.571428571429	0.428571428571	0.0
-oel	0.0	1.0	0.0	0.0
