-eus	0.0	1.0	0.0	0.0
-eur	0.306956708053	0.119873247855	0.0267487623623	0.54642128173
-ank	0.305145592341	0.388113282808	0.0885520542481	0.218189070602
-rbi	0.0627615062762	0.937238493724	0.0	0.0
-ion	0.0104950905516	0.914454446477	0.0722447284726	0.00280573449869
-aup	0.0502092050209	0.758517632995	0.153616258219	0.0376569037657
-aus	0.0907715582451	0.909228441755	0.0	0.0
-aur	0.559958419959	0.247442827443	0.145821205821	0.0467775467776
-aut	0.30286962144	0.289136880623	0.0536553494869	0.35433814845
-aen	0.0201680672269	0.961680672269	0.0181512605042	0.0
-ang	0.112816765621	0.349627964922	0.0678526578975	0.46970261156
-mul	0.231292517007	0.197278911565	0.551020408163	0.0204081632653
-aum	0.0196993260757	0.969932607569	0.0082944530845	0.00207361327113
-aul	0.0508040561303	0.885998156304	0.054081737171	0.00911605039434
-aun	0.381271499167	0.504454279893	0.0577089370692	0.056565283871
-uaa	0.427891241699	0.393559704298	0.114647287307	0.0639017666959
-pur	0.51343632351	0.443146248936	0.0181747371154	0.0252426904381
-pus	0.0	0.964912280702	0.0350877192982	0.0
-uai	0.650554250628	0.174722874686	0.0309061688713	0.143816705814
-led	0.00460593654043	0.707778915046	0.287615148413	0.0
-uak	0.758318739054	0.120840630473	0.0577933450088	0.0630472854641
-nte	0.407219743586	0.290630753155	0.0821405469955	0.220008956264
-kia	0.0224821787607	0.962712484007	0.0032900749406	0.0115152622921
-uan	0.0793596621476	0.718701429758	0.0429331897475	0.159005718347
-uar	0.443541102078	0.426377597109	0.108401084011	0.0216802168022
-pua	0.543022826372	0.362356739498	0.00998355929376	0.0846368748362
--11	0.0	0.593188268685	0.406811731315	0.0
--10	0.0	0.596330275229	0.403669724771	0.0
-pun	0.408376963351	0.130890052356	0.429319371728	0.0314136125654
--12	0.0	0.292452830189	0.707547169811	0.0
--14	0.127659574468	0.297872340426	0.574468085106	0.0
-puk	0.585742078933	0.335742078933	0.0576709282935	0.020844913841
-pro	0.0	0.989821882952	0.0101781170483	0.0
-nmi	0.0858652575958	0.106784762977	0.0677826623644	0.739567317063
-opo	0.0383260953424	0.861067904384	0.100606000274	0.0
-opi	0.456880733945	0.267889908257	0.209174311927	0.0660550458715
-iks	0.0	0.693251533742	0.306748466258	0.0
-ope	0.0364422483014	0.952439777641	0.00370599135269	0.00741198270537
-dea	0.0769230769231	0.923076923077	0.0	0.0
-naa	0.143937976686	0.193934955573	0.00513049724706	0.656996570494
-imu	0.817161492502	0.112577360868	0.0110356840973	0.0592254625325
-oia	0.0405643738977	0.913580246914	0.021164021164	0.0246913580247
-oku	0.315520135475	0.0812506927823	0.0324431911105	0.570785980632
-dek	0.29648951764	0.342929571555	0.20985993453	0.150720976275
-gki	0.0203790503362	0.975545139597	0.00407581006725	0.0
-den	0.063829787234	0.936170212766	0.0	0.0
-400	0.483870967742	0.153225806452	0.0322580645161	0.33064516129
-ima	0.066028708134	0.169186602871	0.212440191387	0.552344497608
-oio	0.112132352941	0.694852941177	0.0799632352941	0.113051470588
-der	0.58124515629	0.344613794885	0.0276414363214	0.0464996125032
-des	0.0250569476082	0.91583143508	0.0515945330296	0.00751708428246
-oki	0.531948881789	0.26357827476	0.14696485623	0.0575079872204
-kim	0.151777105429	0.796522259534	0.0237723177179	0.0279283173189
-imi	0.684949311152	0.220171562256	0.0610865609566	0.0337925656356
-imo	0.0412303664922	0.884162303665	0.00785340314136	0.0667539267016
-ido	0.105263157895	0.536842105263	0.021052631579	0.336842105263
-obi	0.0	0.95818815331	0.0	0.0418118466899
-obo	0.0117492463477	0.96552523769	0.00973950684084	0.0129860091211
-rpo	0.0	1.0	0.0	0.0
-aot	0.64437111143	0.2195860018	0.0277824879022	0.108260398868
-ida	0.091073855913	0.844132306298	0.04168554599	0.0231082917988
-bia	0.03125	0.9375	0.015625	0.015625
-bin	0.236802413273	0.58371040724	0.0316742081448	0.147812971342
-bil	0.190737475475	0.627698448506	0.145908976248	0.0356550997712
-bik	0.893617021277	0.0744680851064	0.00709219858155	0.0248226950355
-100	0.0960421901666	0.168378864991	0.153369699026	0.582209245816
-uta	0.464669800048	0.457540030272	0.0530948777185	0.0246952919621
-ria	0.0269745488127	0.837888289454	0.0535149790636	0.0816221826692
-rin	0.457312274996	0.23187454585	0.0203881072053	0.290425071948
-rio	0.00632911392406	0.962025316456	0.0253164556962	0.00632911392404
-ril	0.0	0.980392156863	0.0196078431373	0.0
-uti	0.530695187166	0.3935828877	0.0265240641711	0.0491978609626
-rik	0.0348241720724	0.454079890748	0.498805052919	0.0122908842608
-riu	0.291666666667	0.62037037037	0.074074074074	0.0138888888889
-ris	0.0	0.972222222222	0.0277777777778	0.0
-rip	0.0166890732928	0.168327847573	0.0166890732928	0.798294005841
-utu	0.583594179351	0.10836061265	0.0267616066522	0.281283601348
-tei	0.323560486001	0.589276281035	0.0633914421553	0.0237717908083
-tem	0.32183908046	0.442528735632	0.153735632184	0.0818965517242
-ten	0.210526315789	0.750962772786	0.023106546855	0.01540436457
-ara	0.142140410688	0.632526093583	0.0583140022298	0.167019493499
-mes	0.0160857908847	0.954423592493	0.029490616622	0.0
-lur	0.336025848142	0.58366028156	0.0692360950843	0.0110777752135
-aro	0.0466595970307	0.911983032874	0.016967126193	0.0243902439024
-lut	0.0	0.0390015600624	0.917316692668	0.0436817472699
-ari	0.308399657405	0.405688067225	0.0399160747932	0.245996200577
-aru	0.0097248655206	0.921155517474	0.0552007904643	0.0139188265415
-luk	0.603103458058	0.27179370798	0.0338997475249	0.0912030864372
-lum	0.963768115942	0.036231884058	0.0	0.0
-mel	0.016713091922	0.949860724234	0.033426183844	0.0
-men	0.0141547370114	0.123049702429	0.00257358854753	0.860221972012
-mek	0.0	1.0	0.0	0.0
-alu	0.400267210917	0.526848707943	0.0337223248578	0.0391617562821
-rai	0.877883872741	0.0585366449503	0.0208300179783	0.0427494643304
-mos	0.0	1.0	0.0	0.0
-mor	0.0	0.971428571429	0.0285714285714	0.0
-ndi	0.14828273235	0.67568571989	0.124002518866	0.0520290288947
-alo	0.232044198895	0.72744014733	0.0257826887661	0.0147329650092
-wul	0.236413043478	0.298913043478	0.334239130435	0.130434782609
-ubu	0.231889801261	0.684023055852	0.0509290685012	0.0331580743858
-oti	0.0434686672551	0.902250661959	0.0183142100618	0.0359664607237
-oto	0.461837660075	0.425737486671	0.072248862235	0.0401759910189
-uma	0.0588908183727	0.89901976943	0.00839979891116	0.0336896132863
-otu	0.194827970464	0.747317347636	0.0367003649942	0.0211543169055
-umi	0.801074612285	0.164122603492	0.0274758822811	0.00732690194163
-ako	0.231362467866	0.359897172237	0.393316195373	0.0154241645244
ALL	0.225786590398	0.313540915433	0.0578221277074	0.402850366461
-nai	0.495739698009	0.318075729245	0.0796404509922	0.106544121754
-aki	0.448208354414	0.461263500583	0.0356899320296	0.0548382129738
-sis	0.0	1.0	0.0	0.0
-ake	0.020942408377	0.895287958115	0.0732984293193	0.0104712041885
-sip	0.0130385487528	0.98050758765	0.00392464678179	0.00252921681493
-kio	0.108108108108	0.891891891892	0.0	0.0
-kin	0.193370765772	0.685133095127	0.0678453902712	0.0536507488298
-aka	0.383977009587	0.336165542762	0.18537234592	0.0944851017306
-kil	0.203595492219	0.678244191362	0.0670800787073	0.0510802377119
-kis	0.0	0.98	0.02	0.0
-kir	0.0674664509959	0.0970171840019	0.024811339661	0.810705025341
-kip	0.132260321903	0.823652904129	0.0440867739678	0.0
-sio	0.109090909091	0.890909090909	0.0	0.0
-sin	0.137535816619	0.719197707737	0.131805157593	0.0114613180516
-kit	0.12901378504	0.0861505528657	0.245181342317	0.539654319777
-sia	0.0105383081743	0.984334947308	0.00512674451723	0.0
-wui	0.0379487179487	0.944957264957	0.014358974359	0.00273504273504
-gom	0.192157648473	0.174353051178	0.591393920822	0.0420953795263
-gol	0.062015503876	0.714728682171	0.223255813953	0.0
-gon	0.1659341542	0.761992653689	0.0226045389558	0.0494686531554
-god	0.0250548381181	0.903958833062	0.0149342232924	0.0560521055272
-gog	0.0363636363636	0.945454545455	0.0181818181818	0.0
-lki	0.0	1.0	0.0	0.0
-lko	0.0588235294118	0.941176470588	0.0	0.0
-wur	0.0833798554129	0.665994290951	0.129954601473	0.120671252164
-gop	0.555962982364	0.201676270299	0.215121354985	0.027239392352
-gor	0.505829819925	0.239722928729	0.16301754877	0.0914297025761
-got	0.325714285714	0.211428571429	0.36	0.102857142857
-mol	0.0619834710743	0.473140495868	0.464876033058	0.0
-nto	0.0160965794769	0.915995975855	0.0135814889336	0.0543259557344
-ber	0.0	1.0	0.0	0.0
-eor	0.037037037037	0.962962962963	0.0	0.0
-bet	0.0508762012437	0.864330130017	0.0101752402487	0.0746184284907
-bek	0.068	0.908	0.012	0.012
-eol	0.625850340136	0.307823129252	0.0187074829932	0.0476190476191
-ben	0.891311632485	0.0399254685998	0.0161168016198	0.0526460972952
-bel	0.145431047062	0.783069408062	0.0423160571719	0.0291834877047
-bea	0.133333333333	0.666666666667	0.2	0.0
-bed	0.290816326531	0.709183673469	0.0	0.0
-iso	0.642131962436	0.329545686366	0.0216242681409	0.00669808305623
-upu	0.108108108108	0.621621621622	0.260442260442	0.00982800982801
-ren	0.0941176470588	0.729411764706	0.152941176471	0.0235294117647
-rem	0.0560131795716	0.894563426689	0.0197693574959	0.0296540362439
-isa	0.0	1.0	0.0	0.0
-upa	0.831350618412	0.11752080727	0.0388577164818	0.0122708578363
-res	0.0349090909091	0.910545454545	0.024	0.0305454545454
-ret	0.00541516245487	0.990974729242	0.00361010830325	0.0
-upi	0.0313155388417	0.0265653482164	0.00326568554308	0.938853427399
-mai	0.177123508806	0.0826572499429	0.0127769070618	0.72744233419
-man	0.384241607227	0.548203740405	0.0185108801722	0.0490437721954
-maa	0.227017454072	0.0667077624977	0.0224054526858	0.683869330744
-uni	0.0892441401618	0.0383290495976	0.0142736111112	0.858153199129
-ung	0.184570930397	0.500115112337	0.0304548052327	0.284859152033
-una	0.0981949277675	0.286657683556	0.0715193868629	0.543628001814
-pto	0.00329163923634	0.919684002633	0.0750493745885	0.0019749835418
-unu	0.255927937475	0.593853490529	0.0612001589614	0.0890184130348
-666	0.0344827586207	0.0	0.0	0.965517241379
-ika	0.00358305540526	0.967752501353	0.0286644432421	0.0
-gaa	0.257126699967	0.321741819125	0.100351265639	0.320780215268
-ada	0.614693877551	0.322857142857	0.0220408163266	0.0404081632653
-ado	0.0996811106833	0.478325267103	0.29351061152	0.128483010694
-tri	0.0	1.0	0.0	0.0
-gai	0.330271697283	0.237047629524	0.10433395666	0.328346716533
-pui	0.705714285714	0.248571428571	0.0342857142857	0.0114285714286
-iko	0.0584088620342	0.870090634441	0.0594159113797	0.012084592145
-144	0.0229885057471	0.0459770114942	0.0	0.931034482759
-nip	0.0243592996701	0.353209845217	0.571936056838	0.0504947982746
-ini	0.262115300256	0.532634543901	0.11243737446	0.092812781382
-sem	0.0	1.0	0.0	0.0
-sel	0.0585322098189	0.848880476467	0.0718349847779	0.0207523289358
-sek	0.0	1.0	0.0	0.0
-ino	0.368000803495	0.218952443128	0.129730996502	0.283315756876
-ina	0.120302718938	0.340662339134	0.27251537796	0.266519563968
-aap	0.0596179802004	0.214026671724	0.0626045885549	0.66375075952
-aas	0.0256789441073	0.951664857448	0.0111697649256	0.0114864335189
-uin	0.146525679758	0.585095669688	0.0619335347432	0.206445115811
-uia	0.0913461538462	0.908653846154	0.0	0.0
-aar	0.250012034925	0.311498926548	0.0638211308586	0.374667907669
-ses	0.0528545504833	0.912201407206	0.00593643962034	0.0290076026903
-ser	0.0	1.0	0.0	0.0
-sep	0.00973301187606	0.980087507813	0.00535762121618	0.00482185909456
-aos	0.038404096437	0.948794538084	0.012801365479	0.0
-kut	0.00381767700139	0.991670522906	0.00381767700139	0.000694123091162
-iaa	0.333861580206	0.404124770772	0.165243337251	0.0967703117717
-kur	0.116915384176	0.664866771444	0.155584602856	0.0626332415231
-kup	0.0889509544059	0.055172105723	0.0151497236539	0.840727216217
-ian	0.315754351795	0.456186371022	0.14338340011	0.0846758770729
-iai	0.771217712177	0.140221402214	0.0553505535055	0.0332103321034
-nes	0.0202760419008	0.956188463786	0.014229195702	0.00930629861079
-nep	0.645988947592	0.230764559422	0.0323880083399	0.0908584846461
-iat	0.16775826959	0.112747936624	0.0145490552128	0.704944738573
-nem	0.462208976628	0.307567575276	0.0801430850056	0.15008036309
-kua	0.0108303249098	0.880866425993	0.043321299639	0.0649819494585
-kun	0.16810989659	0.534435502364	0.194426548151	0.103028052895
-kum	0.0981266352196	0.047854595606	0.0603878126288	0.793630956546
-kul	0.726694418429	0.219247905873	0.0111031325603	0.0429545431373
-kui	0.416342412451	0.326848249027	0.140077821012	0.11673151751
-aol	0.0603015075377	0.924623115578	0.0100502512563	0.00502512562814
-mon	0.0267344683682	0.965155074936	0.00270348556532	0.00540697113064
-bal	0.0	0.975	0.0142857142857	0.0107142857143
-aak	0.455576777954	0.332204324859	0.0860079627365	0.126210934451
-eke	0.155672032946	0.656832646949	0.047472856608	0.140022463497
-eki	0.444924406047	0.221382289417	0.105831533477	0.227861771058
-baa	0.0337034960355	0.00897583481702	0.00195272878481	0.955367940363
-tdi	0.215384615385	0.169230769231	0.54358974359	0.0717948717948
-ase	0.0	1.0	0.0	0.0
-asa	0.0	0.857142857143	0.0	0.142857142857
-aso	0.0112359550562	0.980337078652	0.00561797752809	0.00280898876405
-e-9	0.0	0.642857142857	0.357142857143	0.0
-430	0.372093023256	0.0232558139535	0.0	0.604651162791
-eru	0.00676937441645	0.0329131652661	0.869047619048	0.0912698412699
-eri	0.462377317339	0.362050163577	0.0218102508179	0.153762268266
-iwa	0.0441453566622	0.874293405114	0.0751009421266	0.00646029609691
-red	0.00314462873223	0.995162109643	0.000483789035726	0.00120947258932
-iwe	0.0262516407275	0.973748359272	0.0	0.0
-ero	0.00770705804262	0.982152076112	0.00508887086068	0.00505199498488
-iwi	0.417512322412	0.526819367933	0.0382719628878	0.0173963467672
-ere	0.196044711952	0.0193465176268	0.758813413586	0.0257953568358
-raa	0.0730396598147	0.0852790749372	0.0831799674143	0.758501297834
-pot	0.276927979605	0.210962396431	0.427660930529	0.0844486934353
-poi	0.030482641829	0.949195596952	0.0	0.0203217612193
-uga	0.178320118264	0.428053577028	0.151200107512	0.242426197196
-pom	0.101167315175	0.805447470817	0.0933852140077	0.0
-ike	0.0274678111588	0.890128755365	0.0309012875536	0.0515021459228
-laa	0.396879903717	0.490269417993	0.0672527694479	0.0455979088416
-500	0.0569105691057	0.333333333333	0.0243902439024	0.585365853659
-aau	0.0972035047938	0.0700332846469	0.00671043588209	0.826052774677
-aat	0.163873738296	0.169053843474	0.0439441154413	0.623128302789
-nor	0.0	1.0	0.0	0.0
-nos	0.0	1.0	0.0	0.0
-not	0.380042024462	0.13916655533	0.35581115713	0.124980263078
-lai	0.437149246804	0.35904468543	0.119625300646	0.0841807671209
-oum	0.0	0.842105263158	0.0	0.157894736842
-lak	0.816543847741	0.116782444281	0.0401181554999	0.0265555524774
-aam	0.468640361281	0.369495088578	0.0387337834534	0.123130766687
-lau	0.840801886792	0.0955188679246	0.0283018867924	0.0353773584906
-aao	0.00781249999999	0.9921875	0.0	0.0
-aan	0.441808518451	0.35892729403	0.0512346883946	0.148029499125
-aai	0.195515589695	0.143543894303	0.0408468589262	0.620093657076
-nom	0.858064516129	0.0838709677419	0.058064516129	0.0
-lar	0.117432467645	0.805697906714	0.0472509337271	0.0296186919135
-aad	0.0375880971026	0.887235708692	0.0751761942051	0.0
-aab	0.0378006872852	0.955326460481	0.0	0.00687285223367
-gen	0.187138765406	0.179892078683	0.168943539262	0.46402561665
-ato	0.137529228625	0.600204518957	0.0404478574359	0.221818394982
-bon	0.171568627451	0.210784313725	0.617647058824	0.0
-boi	0.765804976288	0.128101068318	0.0183659387438	0.087728016651
-bok	0.0249350649351	0.93696969697	0.0277056277056	0.0103896103896
-bot	0.0892857142857	0.267857142857	0.0535714285714	0.589285714286
-bop	0.0938652363392	0.21153201475	0.657056654375	0.0375460945357
-bor	0.640506329114	0.224683544304	0.100632911392	0.0341772151899
-don	0.0123287671233	0.982191780822	0.0	0.0054794520548
-ger	0.261363636363	0.6875	0.0227272727273	0.0284090909091
-dom	0.00921330445035	0.979270064987	0.00921330445035	0.00230332611259
-dok	0.312056256117	0.644156299678	0.0340569010483	0.00973054315665
-get	0.746223564955	0.0876132930513	0.0181268882175	0.148036253776
-tol	0.811764705882	0.164705882353	0.0235294117647	0.0
-tom	0.805825242718	0.116504854369	0.0194174757282	0.0582524271845
-toi	0.476227815598	0.336810087187	0.0605158406659	0.126446256549
-lfa	0.121900826446	0.857438016529	0.0165289256199	0.00413223140496
-oli	0.027397260274	0.926940639269	0.0182648401827	0.027397260274
-saa	0.0	0.965944272446	0.0185758513932	0.015479876161
-top	0.183767228178	0.774119448698	0.0283307810107	0.0137825421133
-olo	0.122267057987	0.730219266307	0.101077123007	0.0464365526997
-ibe	0.292883211679	0.674270072993	0.0164233576642	0.0164233576642
-iba	0.303295867151	0.288939021786	0.386186458778	0.0215786522853
-lon	0.044877934364	0.783409237505	0.0742948730478	0.097417955083
-lol	0.646900269542	0.191374663073	0.0808625336927	0.0808625336927
-lom	0.133443163097	0.138385502471	0.708401976936	0.0197693574959
-rop	0.109589041096	0.86301369863	0.0	0.027397260274
-iel	0.0103368957128	0.974157760718	0.0103368957128	0.00516844785641
-ror	0.191780821918	0.561643835616	0.246575342466	0.0
-loi	0.425660728839	0.459308417744	0.052858307137	0.0621725462801
-loe	0.0909090909091	0.878787878788	0.0	0.030303030303
-oko	0.599495854122	0.363165934866	0.0244926157369	0.0128455952748
-rom	0.0207109464242	0.0274884624407	0.0132061281163	0.938594463019
-lot	0.123164706701	0.814209171248	0.0626261220513	0.0
-doi	0.59839527027	0.287584459459	0.0899493243243	0.024070945946
-lor	0.0670212765957	0.874468085106	0.036170212766	0.0223404255319
-roi	0.909076771769	0.0625810826335	0.00453572399262	0.0238064216045
-lop	0.358565737052	0.31627874467	0.0420773048158	0.283078213462
-rok	0.695986717606	0.230067483129	0.0380262077338	0.0359195915307
-ipi	0.477941176471	0.522058823529	0.0	0.0
-ipo	0.0053447354356	0.993586317477	0.00106894708712	0.0
-win	0.0388888888889	0.894444444444	0.0	0.0666666666667
-ipa	0.430394659336	0.491458865109	0.0622422933438	0.0159041822109
-ewe	0.234146341463	0.707317073171	0.0292682926829	0.0292682926829
-ewa	0.826086956522	0.0434782608696	0.0	0.130434782609
-ewi	0.0389167502508	0.914142427282	0.0409227683049	0.00601805416249
-ipu	0.47150781644	0.445284921836	0.0416036308624	0.0416036308623
-awi	0.0	0.842857142857	0.157142857143	0.0
-awo	0.148846960168	0.123689727463	0.69392033543	0.0335429769392
-awa	0.168669476219	0.441772635657	0.0320027222993	0.357555165825
-awu	0.0	0.222772277228	0.777227722772	0.0
-tia	0.0692416391898	0.879415920867	0.0456900612341	0.00565237870938
-wid	0.00764034990588	0.975860923486	0.0028789724283	0.01361975418
-276	0.0	0.205882352941	0.0	0.794117647059
-aim	0.234923363415	0.716373012462	0.0171895143962	0.0315141097264
-sto	0.0588235294117	0.930238210987	0.00875060768109	0.00218765192027
-wia	0.542492024225	0.32931841205	0.0568404586245	0.0713491051011
-tin	0.145385452915	0.729403727504	0.0297816015883	0.0954292179928
-ain	0.110552181421	0.487327750034	0.0452847638541	0.356835304691
-200	0.0137378362908	0.256439610761	0.121923297081	0.607899255867
-iok	0.078984394986	0.645689434638	0.136224098235	0.139102072141
-lei	0.552961508248	0.191987431265	0.0908719560095	0.164179104478
-lek	0.0288461538462	0.634615384615	0.0384615384615	0.298076923077
-lel	0.0	1.0	0.0	0.0
-lem	0.00802967002826	0.973605441095	0.0102159663231	0.00814892255344
-iom	0.207106598985	0.640609137056	0.0578680203046	0.0944162436548
-mum	0.631578947368	0.245614035088	0.0877192982456	0.0350877192982
-lea	0.0	1.0	0.0	0.0
-mun	0.330749164125	0.375133188816	0.16147995738	0.132637689679
-mui	0.79165751921	0.166159636193	0.02634467618	0.0158381684177
-muk	0.0867511140452	0.508788578973	0.34813913187	0.0563211751114
-mut	0.492677824268	0.460251046025	0.00627615062761	0.0407949790795
-mus	0.00607287449392	0.96963562753	0.0242914979757	0.0
-mur	0.361159564684	0.0962723968313	0.073351686816	0.469216351669
-ios	0.0	0.941176470588	0.0588235294118	0.0
-ior	0.588235294118	0.348416289593	0.0361990950226	0.027149321267
-iop	0.0681198910082	0.859945504087	0.0457765667575	0.0261580381471
-let	0.182840339805	0.0905637404064	0.0765320869908	0.650063832797
-iot	0.123097535956	0.844243934097	0.00251219461134	0.0301463353361
-git	0.48748180038	0.455626730926	0.0345810888141	0.0223103798801
-ole	0.544208361892	0.220013708019	0.134338588074	0.101439342015
-gio	0.0591715976331	0.91124260355	0.0295857988166	0.0
-gin	0.2	0.688888888889	0.111111111111	0.0
-gil	0.525172754195	0.341559723593	0.0414610069101	0.0918065153011
-ndo	0.0	1.0	0.0	0.0
-ali	0.0771250095808	0.813558672492	0.105292404384	0.00402391354334
-ale	0.479408062676	0.34384202457	0.101557874264	0.07519203849
-gia	0.0	0.961038961039	0.025974025974	0.012987012987
-ala	0.152410658681	0.306131940823	0.413943860099	0.127513540398
-120	0.0645161290323	0.0967741935484	0.0	0.838709677419
-mlu	0.684210526316	0.263157894737	0.0175438596491	0.0350877192982
-lok	0.453506097561	0.546493902439	0.0	0.0
-pen	0.228471001757	0.577328646749	0.105448154657	0.0887521968366
-elu	0.681818181818	0.109625668449	0.208556149733	0.0
-pet	0.167507075713	0.639953970801	0.0962346335951	0.0963043198914
-peu	0.575757575758	0.034632034632	0.38961038961	0.0
-153	0.0769230769231	0.0	0.0	0.923076923077
-eli	0.0186335403727	0.981366459627	0.0	0.0
-elo	0.0024065514825	0.98835653768	0.00573325500244	0.00350365583483
-ogo	0.254807692308	0.600961538462	0.125	0.0192307692308
-rko	0.00580551523948	0.985486211901	0.00870827285923	0.0
-ele	0.537830051407	0.332663467432	0.0523746190311	0.0771318621299
-itu	0.00946747992524	0.983878586244	0.00394307189945	0.00271086193087
-ter	0.0	1.0	0.0	0.0
-esu	0.00395520091678	0.761663996265	0.00320978746432	0.231171015354
-ito	0.00769581136625	0.967294727021	0.00369662990573	0.0213128317065
-eso	0.0113802741914	0.982630107813	0.00399307866365	0.00199653933183
-iti	0.28502058329	0.246637096306	0.230184959703	0.2381573607
-aku	0.0502667833102	0.034520275622	0.00733342293256	0.907879518135
-ese	0.0043795620438	0.986861313869	0.0	0.00875912408758
-ita	0.178021978022	0.789010989011	0.0131868131868	0.0197802197802
-udu	0.253244035161	0.643156132273	0.0973210548346	0.00627877773127
-spo	0.0	1.0	0.0	0.0
-uda	0.0187617260788	0.969981238274	0.0	0.0112570356473
-udi	0.0452574995665	0.068146349922	0.1451361193	0.741460031212
-abu	0.281081872127	0.509012347158	0.117209321555	0.0926964591603
-rim	0.293224083962	0.602053028908	0.0789449456821	0.0257779414472
-wor	0.543442622951	0.254918032787	0.132786885246	0.0688524590164
-wot	0.0957639547925	0.390000862738	0.494176516263	0.0200586662065
-woi	0.0659031932917	0.0526281927556	0.0128031911471	0.868665422806
-aba	0.122558091713	0.782301734183	0.0856809925287	0.00945918157516
-won	0.0924584576054	0.387835534725	0.477844056242	0.0418619514273
-abo	0.847825684316	0.101455374617	0.0081247440438	0.042594197023
-ron	0.0766233766234	0.912987012987	0.0051948051948	0.0051948051948
-uop	0.580310880829	0.40414507772	0.0	0.0155440414508
-tua	0.114285714286	0.857142857143	0.0285714285714	0.0
-kob	0.00385604113111	0.989203084833	0.00385604113111	0.00308483290488
-kom	0.034749034749	0.954171562867	0.0100721839852	0.00100721839852
-tui	0.443031637966	0.265618742491	0.23728474169	0.0540648778534
-kon	0.0837432858068	0.0333761523573	0.00641033742318	0.876470224413
-tul	0.139671871572	0.430735884503	0.0265219213082	0.403070322617
-ael	0.0390246447414	0.927441811933	0.0170863250706	0.016447218255
-tun	0.101306494959	0.82994384689	0.0120642737814	0.05668538437
-los	0.0258367586612	0.958308866706	0.00704638872578	0.00880798590722
-tup	0.347727272727	0.403977272727	0.227840909091	0.0204545454545
-kot	0.321524405827	0.570949399438	0.0411129568106	0.0664132379249
-tur	0.636283173691	0.120595368217	0.0210189356429	0.222102522449
-ori	0.0152963671128	0.929254302103	0.019120458891	0.0363288718929
-tut	0.503048780488	0.259146341463	0.173780487805	0.0640243902439
-oro	0.505473109913	0.106815519272	0.352601540959	0.0351098298555
-kos	0.0	0.990196078431	0.00980392156863	0.0
-kor	0.0312404059179	0.892280757072	0.0427740484745	0.033704788536
-ora	0.29797979798	0.217171717172	0.0227272727273	0.462121212121
-rur	0.328202500314	0.536049580864	0.0930608061725	0.0426871126495
-liu	0.344827586207	0.568965517241	0.0344827586207	0.051724137931
-lip	0.0576096302665	0.920034393809	0.00343938091144	0.0189165950129
-rut	0.28237533179	0.380819757458	0.295877650123	0.0409272606296
-lis	0.0420403587444	0.851457399103	0.00896860986548	0.097533632287
-ruk	0.767229431775	0.084157532233	0.051761790769	0.0968512452228
-omi	0.0771246751443	0.0395366508722	0.00722104646691	0.876117627517
-rui	0.417053903346	0.451672862454	0.0906133828996	0.0406598513011
-omo	0.342857142857	0.6	0.0571428571428	0.0
-rum	0.0331491712707	0.907557221784	0.0168705603789	0.0424230465667
-adi	0.070845664066	0.296924042687	0.211191821361	0.421038471886
-lia	0.181222707423	0.759825327511	0.0131004366812	0.0458515283843
-ome	0.0188679245283	0.962264150943	0.0188679245283	0.0
-abi	0.195001759944	0.645312683327	0.055614220345	0.104071336384
-eaa	0.0395430579965	0.881370826011	0.0263620386643	0.0527240773286
-oda	0.0	1.0	0.0	0.0
-rni	0.0	1.0	0.0	0.0
-odo	0.362068965517	0.287356321839	0.33908045977	0.0114942528736
-uri	0.50962536901	0.187764957778	0.0545898839764	0.248019789235
-lwa	0.0192221725525	0.92981671882	0.0509611086276	0.0
-rge	0.0	0.986666666667	0.0	0.0133333333333
-ure	0.404713114754	0.260245901639	0.270491803279	0.0645491803278
-uru	0.192774860904	0.731682470026	0.026330224904	0.0492124441658
-pai	0.595127610209	0.135730858469	0.12180974478	0.147331786543
-dur	0.219478838858	0.356827740361	0.387518014176	0.0361754066057
-apa	0.387035858517	0.381111976828	0.158713637418	0.0731385272373
-paa	0.245282628473	0.0515937067032	0.0106565106802	0.692467154144
-api	0.114886803998	0.750267183357	0.0231049017608	0.111741110885
-pad	0.0	1.0	0.0	0.0
-apo	0.0439915689291	0.841956215329	0.1010176768	0.013034538942
-sop	0.0	0.927710843373	0.0722891566265	0.0
-waa	0.077547091984	0.839818506806	0.0426234016225	0.0400109995876
-apu	0.699304370652	0.208820055125	0.0275626722667	0.0643129019556
-wan	0.0522825915568	0.502315371912	0.139606967693	0.305795068839
-duk	0.210904711617	0.125163019962	0.0746003552398	0.589331913181
-dum	0.504858142246	0.43218033424	0.0373105324524	0.025650991061
-wai	0.198658091142	0.104709651426	0.0197065185486	0.676925738883
-nun	0.0389172396317	0.112587524447	0.0152168342907	0.833278401631
-num	0.0683069522067	0.121688153336	0.0198310506407	0.790173843817
-nuk	0.489181934037	0.304985942834	0.148363196229	0.0574689269
-sen	0.117511036367	0.843388690351	0.0189194870717	0.0201807862098
-koi	0.364797599005	0.329770880609	0.0140912085499	0.291340311837
-kem	0.0	1.0	0.0	0.0
-kel	0.133185349612	0.866814650388	0.0	0.0
-sus	0.0	0.969387755102	0.015306122449	0.015306122449
-nua	0.0432925079848	0.840958642147	0.0156290642544	0.100119785614
-ket	0.30115146147	0.605845881311	0.0318866253322	0.0611160318866
-ker	0.0916030534351	0.862595419847	0.0458015267175	0.0
-sor	0.0	1.0	0.0	0.0
-nur	0.379152932727	0.589035214952	0.0181394060724	0.013672446249
-sua	0.0811403508771	0.892543859649	0.0	0.0263157894737
-dia	0.0896739130434	0.891304347826	0.0	0.0190217391304
-lui	0.852065504239	0.0685468076773	0.0233435016044	0.056044186479
-din	0.816153501202	0.031907393959	0.0152527957297	0.136686309109
-dio	0.025974025974	0.961038961039	0.012987012987	0.0
-dik	0.375945643293	0.513450567568	0.0794085033121	0.0311952858268
-son	0.0283018867924	0.967924528302	0.00377358490566	0.0
-dis	0.150121065375	0.842615012107	0.00726392251816	0.0
-soi	0.952054794521	0.0273972602739	0.013698630137	0.00684931506848
-sli	0.0	1.0	0.0	0.0
-uku	0.652890700323	0.295928966764	0.0267818158812	0.0243985170321
-sko	0.0249338874197	0.966377030601	0.0	0.0086890819796
-uka	0.663953845479	0.294520247444	0.0175273110165	0.0239985960602
-lua	0.21290095171	0.279168135354	0.488896721889	0.0190341910469
-uki	0.684344949696	0.164409734137	0.0376243874988	0.113620928668
-ing	0.419806031694	0.495155536241	0.0479792397186	0.0370591923461
-aip	0.0768591607811	0.875502008032	0.00830909846282	0.039329732724
-tir	0.0549084858569	0.435940099834	0.499168053245	0.0099833610649
-tis	0.0	1.0	0.0	0.0
-sol	0.0214450676344	0.969976905312	0.00857802705377	0.0
-nga	0.258016177189	0.16157305187	0.109618726031	0.47079204491
-aia	0.218816280721	0.577369772116	0.148104056553	0.0557098906102
-nge	0.370967741935	0.41935483871	0.209677419355	0.0
-til	0.116628379572	0.692525181127	0.1908464393	0.0
-ngi	0.59304659436	0.186029115292	0.0438858487382	0.17703844161
-aio	0.0126064819348	0.973236724436	0.00922027481314	0.00493651881589
-tio	0.0272727272727	0.954545454545	0.0121212121212	0.00606060606062
-aik	0.278748078804	0.623445577756	0.058683806064	0.039122537376
-ngo	0.493916093772	0.317498473151	0.106057284245	0.0825281488326
-uwa	0.155555555556	0.622222222222	0.133333333333	0.0888888888888
-emi	0.729311905642	0.0782580346565	0.0618903601587	0.130539699543
-260	0.025	0.135	0.03	0.81
-uwu	0.0105991461799	0.983218018549	0.00529957308995	0.000883262181657
-set	0.0	1.0	0.0	0.0
-int	0.0	0.749351771824	0.250648228176	0.0
-lit	0.0167348456675	0.964206024544	0.019059129788	0.0
-rus	0.0	1.0	0.0	0.0
-000	0.0702536721386	0.159834526475	0.0108161811944	0.759095620192
-atu	0.041791367868	0.933876193728	0.017617280274	0.0067151581304
-lir	0.396449704142	0.514053254438	0.0562130177515	0.0332840236686
-ete	0.684693877551	0.207142857143	0.0183673469388	0.0897959183673
-kus	0.04	0.96	0.0	0.0
-eto	0.00977198697067	0.990228013029	0.0	0.0
-buk	0.111592824752	0.820821285102	0.00919223479335	0.0583936553527
-bui	0.122023324091	0.460528461915	0.353225411841	0.064222802153
-bun	0.345575959933	0.429048414023	0.12020033389	0.105175292154
-bul	0.325336816057	0.43009348364	0.19851525983	0.0460544404729
-bum	0.257982767359	0.64166244298	0.0243284338571	0.0760263558034
-wer	0.29078219827	0.671639577571	0.0093656410336	0.0282125831256
-bua	0.524672708963	0.451158106747	0.0181268882175	0.0060422960725
-lin	0.211267605634	0.760563380282	0.0	0.0281690140845
-weu	0.0215439856374	0.976301615799	0.00215439856374	0.0
-wet	0.588	0.16	0.186	0.066
-300	0.102272727273	0.0454545454545	0.153409090909	0.698863636364
-lio	0.03517397882	0.905068078669	0.0378214826021	0.0219364599092
-wel	0.120343839542	0.502046663938	0.0417519443308	0.33585755219
-bur	0.564470342149	0.333183923502	0.0503511131032	0.0519946212461
-run	0.0384615384615	0.92735042735	0.034188034188	0.0
-but	0.67912542473	0.281282316443	0.0239326340671	0.0156596247599
-ati	0.6755884813	0.177867299387	0.0687059385829	0.0778382807299
-nir	0.760089686099	0.10201793722	0.097533632287	0.0403587443946
-kai	0.662579835443	0.154219205114	0.134080543306	0.0491204161366
-uli	0.340054329112	0.500860848605	0.0227264031832	0.136358419099
-osa	0.0	1.0	0.0	0.0
-kan	0.542372881356	0.0338983050847	0.0847457627118	0.338983050847
-nit	0.0349822355835	0.887400929216	0.0229570921017	0.0546597430992
-kaa	0.536883744781	0.342648890191	0.0569555343931	0.0635118306352
-lik	0.0758833940585	0.639471525516	0.16491543648	0.119729643946
-tan	0.741935483871	0.129032258065	0.0645161290323	0.0645161290323
-nia	0.0160245856657	0.95006036659	0.0240368784985	0.00987816924597
-nin	0.103566009105	0.852427921093	0.0269347496206	0.0170713201821
-nio	0.129477772982	0.791972378075	0.044022442814	0.0345274061286
-nil	0.0	0.919732441472	0.0802675585285	0.0
-ulu	0.531219279021	0.198855488514	0.0879127321266	0.182012500338
-rua	0.588271888288	0.333693708929	0.0561702744491	0.021864128334
-nbi	0.47595668813	0.0726272024157	0.00810323702854	0.443312872426
-neo	0.0151515151515	0.757575757576	0.0	0.227272727273
-ate	0.0989194755251	0.116638465415	0.0323669112596	0.7520751478
-fig	0.00399467376831	0.949067909454	0.0469374167776	0.0
-ldi	0.0112803158489	0.0700991056321	0.37708484409	0.541535734429
-ias	0.0322580645161	0.935483870968	0.0193548387097	0.0129032258065
-ata	0.598089024883	0.332534688144	0.0384408136559	0.0309354733175
-ila	0.0678496868477	0.763048016701	0.150313152401	0.0187891440501
-ilo	0.242718446602	0.687378640777	0.0466019417476	0.0233009708738
-ili	0.429347631814	0.144995531725	0.0235924932976	0.402064343163
-iga	0.0846153846154	0.876923076923	0.00769230769232	0.0307692307692
-bus	0.0883747087652	0.8887282076	0.0151843817787	0.00771270185586
-igi	0.355509355509	0.507276507277	0.108108108108	0.029106029106
-oaa	0.0227988274889	0.972641407013	0.0	0.00455976549777
-ami	0.715470369258	0.108544441863	0.0272396579957	0.148745530883
-tmi	0.115702479339	0.487603305785	0.338842975207	0.0578512396694
-tuk	0.124005182306	0.130596170851	0.028919119008	0.716479527834
-ama	0.283361588762	0.613102446113	0.0599418745459	0.0435940905788
-ame	0.0250521920668	0.974947807933	0.0	0.0
-ose	0.0	1.0	0.0	0.0
-usi	0.1328125	0.8515625	0.0	0.015625
-iro	0.0532986675333	0.929151771206	0.00779980500488	0.0097497562561
-eim	0.0	1.0	0.0	0.0
-iri	0.961865883516	0.0221036114493	0.00337206342822	0.0126584416068
-ein	0.105605913931	0.831470562351	0.0277215524069	0.0352019713104
-gur	0.0720130932897	0.916530278232	0.00163666121113	0.00981996726678
-ira	0.196634532462	0.327259459195	0.0350096505162	0.441096357827
-gut	0.354803950913	0.589524094582	0.0229871296019	0.0326848249027
-e-7	0.0397196261682	0.0280373831775	0.92523364486	0.00700934579439
-e-6	0.0	0.019305019305	0.980694980695	0.0
-gun	0.322300604089	0.100681433277	0.0726773260078	0.504340636627
-gum	0.0	0.854838709677	0.016129032258	0.129032258064
-gul	0.377777777778	0.622222222222	0.0	0.0
-gua	0.11946108651	0.812349859628	0.0340076987641	0.0341813550983
-noi	0.277115734195	0.408200363563	0.136538073117	0.178145829125
-e-8	0.0196078431372	0.0980392156863	0.882352941177	0.0
-ulo	0.0153568202349	0.947472314229	0.00271002710027	0.0344608384355
-epe	0.473684210526	0.421052631579	0.0902255639098	0.0150375939849
-gan	0.811258278146	0.188741721854	0.0	0.0
-iud	0.0	1.0	0.0	0.0
-ges	0.0169491525424	0.949152542373	0.0338983050848	0.0
-ais	0.0223463687151	0.932960893855	0.0446927374302	0.0
-tum	0.45110695418	0.389890435176	0.141735358809	0.0172672518346
-pia	0.0635378174988	0.826033367298	0.0565844556023	0.0538443596008
-wim	0.211678832117	0.788321167883	0.0	0.0
-ula	0.523449344615	0.0389925851161	0.241055744107	0.196502326162
-wik	0.0364333652924	0.89837008629	0.00575263662512	0.0594439117929
-ius	0.0161290322581	0.983870967742	0.0	0.0
-iur	0.538188277087	0.351687388988	0.0492895204263	0.0608348134991
-pim	0.472972972973	0.344594594595	0.141891891892	0.0405405405405
-pin	0.227251943301	0.66849565615	0.0727023319616	0.0315500685871
-pio	0.143979057592	0.842931937173	0.0130890052356	0.0
-pip	0.106666666667	0.853333333333	0.04	0.0
-pir	0.505260498426	0.329930024015	0.0182977307056	0.146511746853
-ium	0.166241198621	0.715989488579	0.0326575472463	0.0851117655532
-nok	0.119565217391	0.869565217391	0.0108695652174	0.0
-wit	0.0406703910615	0.942793296089	0.00268156424581	0.0138547486033
-wir	0.107169393127	0.376125530495	0.498318788016	0.0183862883625
-len	0.184940554822	0.614266842801	0.0620871862615	0.138705416116
-uel	0.0150753768844	0.969849246231	0.00753768844223	0.0075376884422
-uek	0.438356164384	0.369863013699	0.0	0.191780821918
-owo	0.765198370795	0.174083572183	0.0202393523407	0.0404787046814
-agu	0.729179424372	0.19090630741	0.0110226576852	0.0688916105328
-ago	0.0535714285714	0.914285714286	0.0321428571428	0.0
-age	0.01401179941	0.908554572271	0.0674778761062	0.00995575221239
-ong	0.27776044691	0.207824765454	0.0634962534431	0.450918534193
-ege	0.537427325581	0.258720930233	0.155886627907	0.0479651162791
-one	0.0	1.0	0.0	0.0
-anu	0.0306798899386	0.0465364562413	0.0185086708108	0.904274983009
-ona	0.0461454940282	0.921281216069	0.00814332247558	0.0244299674267
-ono	0.142567867242	0.736225363193	0.039489131809	0.0817176377564
-uro	0.0346268656716	0.825671641791	0.139701492537	0.0
-rti	0.201923076923	0.740384615385	0.0384615384615	0.0192307692308
-oni	0.237632985243	0.150445475493	0.0453498063441	0.56657173292
-450	0.0	0.113636363636	0.0681818181818	0.818181818182
-ana	0.193676921878	0.532950983345	0.104847338251	0.168524756525
-non	0.0	0.961538461538	0.0384615384615	0.0
-mir	0.088051848239	0.130233967395	0.0246086995078	0.757105484858
-ane	0.19298245614	0.719298245614	0.0409356725146	0.046783625731
-ura	0.643129877512	0.26563484591	0.0532542086331	0.0379810679448
-ani	0.272579122542	0.649596974281	0.0489682299546	0.0288556732224
-nim	0.328285012955	0.554123159216	0.0846247898354	0.0329670379936
-daa	0.151520505912	0.754513288871	0.0939662052169	0.0
-ano	0.104033970276	0.818683651805	0.0123142250531	0.0649681528663
-iki	0.301225947233	0.595167625471	0.0274945447332	0.076111882563
-tai	0.742131209708	0.190620654784	0.0422196940968	0.0250284414107
-tad	0.0	0.944	0.048	0.00799999999999
-taa	0.319833285061	0.105192322918	0.0177962011361	0.557178190885
-aal	0.162472817244	0.767938296209	0.0347619284783	0.034826958068
-mia	0.30622406639	0.683817427386	0.00497925311203	0.00497925311202
-tus	0.0	0.928571428571	0.0357142857143	0.0357142857143
-min	0.0841764563436	0.238162316684	0.103763193177	0.573898033796
-mis	0.00680272108843	0.993197278912	0.0	0.0
-eno	0.10752688172	0.752688172043	0.118279569892	0.0215053763441
-eni	0.776193870278	0.106200997862	0.0705630791161	0.0470420527441
-rme	0.151187904967	0.740820734341	0.086393088553	0.0215982721382
-ene	0.0855537190082	0.849123966942	0.0420495867769	0.0232727272727
-eng	0.292718785185	0.438403011281	0.157991085337	0.110887118197
-ena	0.0663414457781	0.460625503584	0.11801975945	0.355013291187
-oel	0.0	1.0	0.0	0.0
