neu-	0.613781472112	0.278400192748	0.030719190459	0.0770991446814
vas-	0.0647288474788	0.0892905963278	0.00960297671774	0.836377579476
fig-	0.0	1.0	0.0	0.0
viu-	0.0768246531604	0.202275799242	0.15942320305	0.561476344547
yën-	0.424242424242	0.424242424242	0.0606060606061	0.0909090909091
geu-	0.860372340426	0.0598404255319	0.0	0.0797872340426
nyu-	0.094062467678	0.799176357101	0.0275715621563	0.0791896130651
edë-	0.0607902735562	0.939209726444	0.0	0.0
mpy-	0.126491646778	0.0143198090692	0.847732696897	0.0114558472554
veu-	0.512571359164	0.353819992712	0.0655896999878	0.0680189481355
ënd-	0.412023460411	0.526392961877	0.0131964809384	0.0483870967742
neg-	0.210497032641	0.357381305638	0.293026706231	0.13909495549
ayu-	0.0214827295703	0.868576242628	0.0711878685763	0.0387531592249
tib-	0.0	1.0	0.0	0.0
rëa-	0.422378881056	0.386380680966	0.159742012899	0.0314984250787
uuv-	0.0194805194805	0.0	0.0	0.980519480519
ëtë-	0.461607755365	0.171661596668	0.0586225773146	0.308108070652
fes-	0.0	1.0	0.0	0.0
suu-	0.305084745763	0.694915254237	0.0	0.0
aig-	0.387811634349	0.501385041551	0.0277008310249	0.0831024930748
ong-	0.566348370102	0.214027000329	0.189990121831	0.0296345077379
dah-	0.189277710739	0.724357869333	0.0625754180313	0.0237890018962
her-	0.0362322806633	0.911663291555	0.0376553007498	0.0144491270319
ate-	0.401680479088	0.367996437494	0.0421276429629	0.188195440455
naw-	0.5595463138	0.230623818526	0.0409577819786	0.168872085696
bee-	0.0288461538461	0.971153846154	0.0	0.0
üku-	0.110402042119	0.803446075303	0.0516911295469	0.0344607530313
ëch-	0.230188679245	0.188679245283	0.581132075472	0.0
dor-	0.0	1.0	0.0	0.0
pat-	0.411290322581	0.588709677419	0.0	0.0
gwi-	0.34233436497	0.0844509399358	0.0553616460339	0.51785304906
vae-	0.296783252489	0.378989022211	0.301250957365	0.0229767679347
teu-	0.113821138211	0.788617886179	0.0487804878049	0.0487804878049
chw-	0.0843806104129	0.879712746858	0.0359066427289	0.0
guu-	0.353181290985	0.307749528753	0.100332836724	0.238736343538
mij-	0.0254721443907	0.955241803428	0.00982496997927	0.00946108220225
ngw-	0.640606302353	0.124185613615	0.0107698444356	0.224438239596
vig-	0.521516322572	0.289755349383	0.0929431754959	0.0957851525495
kid-	0.0	1.0	0.0	0.0
rek-	0.600795958978	0.24659421399	0.0561763355273	0.0964334915047
mwi-	0.131810435925	0.0723478382725	0.0172856274811	0.778556098321
nig-	0.197614991482	0.235093696763	0.488926746167	0.0783645655878
ulü-	0.0	0.964285714286	0.0357142857143	0.0
ifa-	0.153684715205	0.669112438882	0.109953909964	0.0672489359489
hor-	0.76132147168	0.113281773884	0.0301756895704	0.0952210648665
nge-	0.208095054322	0.625723608041	0.0417499912289	0.124431346408
nai-	0.350773343517	0.396219209471	0.104067214054	0.148940232958
miu-	0.435294117647	0.552941176471	0.0	0.0117647058824
nkw-	0.219562955255	0.619146722164	0.0228928199792	0.138397502601
lëë-	0.650485436893	0.0873786407766	0.0291262135922	0.233009708738
gug-	0.575464171707	0.217684791624	0.0650463077257	0.141804728943
asi-	0.0947770347879	0.502338662969	0.0244006840967	0.378483618146
mpe-	0.0839550326012	0.59422636985	0.180503320093	0.141315277456
mue-	0.586956521739	0.173913043478	0.0434782608696	0.195652173913
amu-	0.528163900415	0.344533195021	0.0510580912863	0.076244813278
chü-	0.548092598631	0.397130746658	0.0547766547114	0.0
yin-	0.259286764372	0.518027917128	0.0526919365676	0.169993381933
mus-	0.0686760111721	0.876801450126	0.0229795272316	0.03154301147
gël-	0.0291416331435	0.315093255316	0.639256047228	0.0165090643122
hol-	0.0524677634505	0.730102267675	0.118719430858	0.0987105380169
gij-	0.422830725462	0.267425320057	0.21906116643	0.0906827880512
hur-	0.366666666667	0.191666666667	0.0416666666667	0.4
utü-	0.25974025974	0.556913674561	0.137509549274	0.0458365164248
kod-	0.042328042328	0.936507936508	0.021164021164	0.0
roo-	0.152171533513	0.129963635479	0.197633265631	0.520231565377
ëgh-	0.416325244248	0.189410652379	0.202017018594	0.192247084778
oni-	0.545023696683	0.223027599665	0.131586283803	0.100362419849
nëu-	0.542154948932	0.208596393697	0.11145974023	0.137788917141
uka-	0.190095414687	0.63109050875	0.0626476609881	0.116166415575
rao-	0.417867435158	0.398655139289	0.028818443804	0.154658981748
aki-	0.123113700881	0.694606305095	0.123711340206	0.0585686538174
uni-	0.362611590701	0.516820364751	0.0680592793377	0.0525087652102
tën-	0.452554744526	0.204379562044	0.00729927007299	0.335766423358
ryo-	0.371941272431	0.168026101142	0.460032626427	0.0
mbü-	0.0	1.0	0.0	0.0
gër-	0.151025860711	0.598359831408	0.196954897522	0.0536594103594
ana-	0.0652963321942	0.747641092241	0.0818252807909	0.105237294774
nii-	0.227135678392	0.320100502513	0.411557788945	0.0412060301508
mae-	0.716049382716	0.135802469136	0.0740740740741	0.0740740740741
nëk-	0.446243920199	0.0797110924797	0.064028603588	0.410016383733
nke-	0.220077220077	0.247104247104	0.162162162162	0.370656370656
tel-	0.0	1.0	0.0	0.0
mii-	0.207308858201	0.437352643988	0.211350623105	0.143987874705
waa-	0.530016924395	0.321023354412	0.0480239477833	0.10093577341
mes-	0.10737527115	0.860086767896	0.00650759219089	0.0260303687635
adi-	0.0411891117478	0.862106017192	0.0376074498567	0.0590974212034
ami-	0.0285373371781	0.203838122701	0.00894899075271	0.758675549369
win-	0.361871698533	0.0930076039875	0.0345853310652	0.510535366415
gid-	0.292447513034	0.467873749472	0.124277863886	0.115400873609
uke-	0.470335675254	0.201795472287	0.107488140275	0.220380712184
mpë-	0.109828835983	0.73472111924	0.026020985756	0.12942905902
uëk-	0.130909090909	0.869090909091	0.0	0.0
uhi-	0.34448296961	0.253314297369	0.10320212115	0.29900061187
giv-	0.472671622212	0.337122868387	0.13117621338	0.059029296021
umi-	0.103844116089	0.869920135005	0.00886952767803	0.017366221228
veh-	0.28311965812	0.619658119658	0.0331196581197	0.0641025641026
der-	0.0	0.907692307692	0.0307692307692	0.0615384615385
gat-	0.0244483450351	0.131073776886	0.772525911066	0.0719519670122
nut-	0.185022026432	0.255506607929	0.211453744493	0.348017621145
mül-	0.416666666667	0.183333333333	0.383333333333	0.0166666666667
the-	0.0141955835962	0.108044164038	0.754731861199	0.123028391167
saf-	0.0775623268698	0.90027700831	0.0221606648199	0.0
akü-	0.135946966093	0.599200685127	0.195959019253	0.0688933295271
abi-	0.00326797385621	0.988562091503	0.00816993464052	0.0
ivë-	0.0817647483052	0.152333044858	0.217438338382	0.548463868455
ahu-	0.192072683874	0.611870802901	0.0540422420386	0.142014271186
ban-	0.0225	0.94	0.0225	0.015
ise-	0.724946695096	0.275053304904	0.0	0.0
wen-	0.690429547518	0.0964690142864	0.00974724067084	0.203354197525
waw-	0.0667823070251	0.0481714368315	0.0128649898815	0.872181266262
ale-	0.196890907345	0.522819679029	0.233547832371	0.0467415812558
ugw-	0.682636772447	0.18293514631	0.0705441060506	0.0638839751923
sid-	0.0	1.0	0.0	0.0
mea-	0.0796812749004	0.262948207171	0.0159362549801	0.641434262948
net-	0.359023456199	0.487793202489	0.0382958353279	0.114887505984
rir-	0.0455362492511	0.113241461953	0.733373277412	0.107849011384
uee-	0.939393939394	0.0	0.0	0.0606060606061
adu-	0.377944129998	0.33540259266	0.155194449516	0.131458827825
imu-	0.235603758471	0.0738979516587	0.0370252641483	0.653473025722
fët-	0.272802944011	0.621396652939	0.0315429773066	0.0742574257426
vit-	0.100625028659	0.427399363366	0.0499496455944	0.422025962381
var-	0.49944831056	0.271077525442	0.0664144420589	0.163059721939
ugy-	0.829875518672	0.0663900414937	0.0746887966805	0.0290456431535
afi-	0.506359924623	0.338567839196	0.0565326633166	0.0985395728643
ukw-	0.617976003976	0.163773808955	0.048814819674	0.169435367395
ëru-	0.614657210402	0.170212765957	0.174940898345	0.0401891252955
ina-	0.237243893541	0.109310768079	0.0398908864782	0.613554451903
gev-	0.304568527919	0.365482233503	0.329949238579	0.0
fad-	0.00791765637371	0.341250989707	0.599932134374	0.0508992195453
umu-	0.575893110249	0.253192663617	0.0405874118127	0.130326814322
uit-	0.561003420753	0.363740022805	0.054732041049	0.0205245153934
küü-	0.633802816901	0.103286384977	0.00938967136148	0.253521126761
vet-	0.185804168305	0.482697601258	0.138812426268	0.192685804168
wau-	0.579860762795	0.228858616054	0.082458921012	0.108821700138
uoy-	0.986013986014	0.013986013986	0.0	0.0
tia-	0.333333333333	0.496296296296	0.0	0.17037037037
ëng-	0.0779053168814	0.144801423571	0.314241576879	0.463051682669
ino-	0.193663748701	0.0217832383622	0.0912236547814	0.693329358156
eng-	0.152521525215	0.39647396474	0.233702337023	0.217302173022
efu-	0.0	1.0	0.0	0.0
ang-	0.141549052334	0.596942027342	0.148855724618	0.112653195707
eha-	0.548387096774	0.16935483871	0.112903225806	0.16935483871
mbi-	0.0530120481928	0.568674698795	0.257831325301	0.120481927711
zab-	0.0	1.0	0.0	0.0
üwü-	0.418118466899	0.542682926829	0.0261324041812	0.0130662020906
guv-	0.593346379648	0.225875190259	0.0888019134595	0.0919765166341
ësa-	0.439614462634	0.168282299273	0.0422408113779	0.349862426715
amf-	0.0	1.0	0.0	0.0
güt-	0.861045130641	0.103325415677	0.0356294536817	0.0
ëva-	0.467305151916	0.423712021136	0.0495376486129	0.0594451783356
iho-	0.235360572397	0.294671436641	0.361890416117	0.108077574845
vad-	0.499021455494	0.113046407313	0.0246235055344	0.363308631658
rej-	0.338028169014	0.605633802817	0.056338028169	0.0
uik-	0.58790593505	0.167133258679	0.225363941769	0.0195968645017
ëum-	0.286985539488	0.463848720801	0.0333704115684	0.215795328142
vif-	0.139836780666	0.735153295438	0.101326129265	0.0236837946306
ijo-	0.0303548525011	0.931167165455	0.0218041898247	0.0166737922189
nit-	0.302832244009	0.305010893246	0.215444202372	0.176712660373
fif-	0.180725317654	0.0981152211997	0.035339602505	0.685819858642
nif-	0.212305025996	0.683708838822	0.051993067591	0.051993067591
too-	0.378667724029	0.307295796986	0.154639175258	0.159397303727
nti-	0.58192824451	0.145394871082	0.0880926258314	0.184584258576
guh-	0.61697848842	0.122179180747	0.0540179675266	0.206824363307
nah-	0.536907596058	0.265560984387	0.0621297475362	0.135401672019
uvo-	0.769230769231	0.157018239492	0.035685963521	0.0380650277557
jën-	0.450719822813	0.332225913621	0.203765227021	0.0132890365448
hik-	0.135360266556	0.0816326530612	0.0416493127863	0.741357767597
iuk-	0.772881355932	0.145762711864	0.0	0.0813559322034
ira-	0.135896924557	0.786854751491	0.0194885365504	0.0577597874019
iyu-	0.046875	0.953125	0.0	0.0
mub-	0.043072132849	0.636299948106	0.310897768552	0.00973015049299
wuk-	0.484147386461	0.463581833762	0.00514138817479	0.0471293916024
uyu-	0.0943637365232	0.237462815771	0.0649154009601	0.603258046746
hay-	0.562937062937	0.265734265734	0.15034965035	0.020979020979
ran-	0.0554139263195	0.046630533359	0.0227082842392	0.875247256082
gëm-	0.172766002332	0.567663070549	0.163378201785	0.0961927253336
zel-	0.0	1.0	0.0	0.0
was-	0.10617444838	0.0749758899919	0.00519092632314	0.813658735305
tuo-	0.142961876833	0.5857771261	0.0879765395894	0.183284457478
hoo-	0.286868686869	0.191919191919	0.145454545455	0.375757575758
mup-	0.35593220339	0.135593220339	0.203389830508	0.305084745763
aru-	0.0531944581108	0.803269062947	0.0935714020709	0.0499650768712
leg-	0.422535211268	0.505030181087	0.0241448692153	0.0482897384306
nët-	0.316494133435	0.35483454931	0.0959596042048	0.23271171305
air-	0.10854816825	0.667571234735	0.0	0.223880597015
ëya-	0.227932034811	0.440530460008	0.258599254041	0.0729382511397
hiy-	0.0999449460471	0.259469279894	0.219610218014	0.420975556045
ëgi-	0.301072761194	0.461520522388	0.0289179104478	0.20848880597
unë-	0.339008771079	0.0141481040541	0.00397365036902	0.642869474498
mër-	0.125652054544	0.708428662945	0.129678777341	0.0362405051707
ofi-	0.03125	0.96875	0.0	0.0
gës-	0.286293782666	0.238890189042	0.0912707699508	0.383545258341
kho-	0.400791518053	0.442126349734	0.104314261983	0.0527678702302
maj-	0.054887969834	0.7045781101	0.192005079078	0.0485288409884
kiy-	0.0412371134021	0.144329896907	0.79381443299	0.020618556701
aun-	0.104674308463	0.727846797996	0.123550003432	0.0439288901091
yui-	0.246268656716	0.597014925373	0.15671641791	0.0
nëj-	0.423227150421	0.0939443914013	0.0157393744756	0.467089083702
sek-	0.0	1.0	0.0	0.0
yan-	0.116109944002	0.217792902498	0.0303555409156	0.635741612584
min-	0.128670907701	0.356791891056	0.371361632201	0.143175569041
wio-	0.640625	0.203125	0.125	0.03125
üfü-	0.117757009346	0.72523364486	0.157009345794	0.0
goy-	0.740305522914	0.105757931845	0.153936545241	0.0
lul-	0.0	0.98814229249	0.0118577075099	0.0
naë-	0.599571734475	0.323340471092	0.051391862955	0.0256959314775
see-	0.114310954064	0.0425795053004	0.00830388692579	0.83480565371
kay-	0.00216919739696	0.997830802603	0.0	0.0
ëha-	0.585362459997	0.259496312787	0.0486990399332	0.106442187283
gak-	0.1638596696	0.420616888671	0.0348934320495	0.38063000968
aon-	0.708342702946	0.0825275466607	0.0539689678434	0.15516078255
asë-	0.0738851204488	0.661389939222	0.00588915591499	0.258835784414
igë-	0.134146341463	0.633208255159	0.0487804878049	0.183864915572
gie-	0.237879063011	0.473397494098	0.250590157981	0.0381332849101
wëm-	0.489392720692	0.375879750654	0.0150814397748	0.11964608888
wao-	0.459294732259	0.0944871732856	0.0216062819458	0.424611812509
vëa-	0.476190476191	0.329472329472	0.139961389961	0.0543758043758
kak-	0.0	1.0	0.0	0.0
aan-	0.0722581131019	0.829464828432	0.0609995535306	0.0372775049353
smu-	0.0	1.0	0.0	0.0
vek-	0.4	0.395041322314	0.127272727273	0.0776859504132
avë-	0.0961902876375	0.0658568317448	0.210566507339	0.627386373278
gee-	0.5317769131	0.126134889754	0.00972762645913	0.332360570688
irü-	0.278745644599	0.229965156794	0.303135888502	0.188153310105
nye-	0.0331028370102	0.0204651283203	0.00828350365733	0.938148531012
iet-	0.613636363636	0.295454545455	0.0454545454545	0.0454545454545
emë-	0.64	0.32	0.0	0.04
akë-	0.170860051183	0.0638352934411	0.0166297648829	0.748674890493
gau-	0.443140794224	0.464801444043	0.0487364620938	0.043321299639
run-	0.744408945687	0.231629392971	0.0	0.0239616613419
sau-	0.0264296011533	0.944978375781	0.00192215281115	0.0266698702547
mta-	0.636251541307	0.166461159063	0.19728729963	0.0
sag-	0.0302701007972	0.94845498249	0.00686769241269	0.0144072243005
twe-	0.142857142857	0.326530612245	0.530612244898	0.0
jam-	0.0661886376172	0.933811362383	0.0	0.0
vët-	0.459150373698	0.213942874134	0.131835248156	0.195071504012
ugë-	0.315454913102	0.519800523607	0.0837870966369	0.0809574666548
ëdw-	0.659528907923	0.0963597430407	0.244111349036	0.0
maë-	0.154109589041	0.649923896499	0.068493150685	0.127473363775
uet-	0.637627432808	0.198331788693	0.0278035217794	0.136237256719
ëhë-	0.813953488372	0.132135306554	0.00634249471458	0.0475687103594
ëkü-	0.666666666667	0.2	0.0666666666667	0.0666666666667
men-	0.120867124142	0.698222083593	0.148159700561	0.032751091703
voy-	0.5	0.188679245283	0.0990566037736	0.212264150943
bus-	0.0428571428571	0.922857142857	0.0	0.0342857142857
sëg-	0.720823798627	0.210526315789	0.0	0.0686498855835
ntü-	0.293664383562	0.275684931507	0.206335616438	0.224315068493
fii-	0.667774086379	0.272425249169	0.0199335548173	0.0398671096346
new-	0.573858549687	0.261414503133	0.0859444941808	0.0787824529991
rim-	0.456264775414	0.451536643026	0.0780141843972	0.0141843971631
vau-	0.142321221185	0.717546600717	0.0324178899964	0.107714288101
jub-	0.804753820034	0.118845500849	0.0764006791172	0.0
ikh-	0.237644073063	0.431785326676	0.109784043802	0.220786556459
nyw-	0.108995612381	0.290238043241	0.586471837837	0.0142945065417
yij-	0.351498637602	0.138964577657	0.472752043597	0.0367847411444
fag-	0.107723577236	0.512195121951	0.355691056911	0.0243902439024
vee-	0.0380252671142	0.0354847726886	0.0121911776526	0.914298782545
eti-	0.417439703154	0.207792207792	0.209647495362	0.165120593692
ndü-	0.0720720720721	0.531531531531	0.324324324324	0.0720720720721
gië-	0.691964285714	0.120535714286	0.00892857142857	0.178571428571
mpu-	0.544130248501	0.121108254784	0.229077406455	0.10568409026
fëi-	0.206896551724	0.758620689655	0.0	0.0344827586207
rëo-	0.0569286634649	0.729061731287	0.0445121236968	0.169497481551
ilë-	0.268215781972	0.619055845895	0.0127413294173	0.0999870427158
pet-	0.00994200497102	0.956089478045	0.006628003314	0.0273405136702
müs-	0.0333333333333	0.966666666667	0.0	0.0
kwë-	0.602230483271	0.397769516729	0.0	0.0
lot-	0.0	1.0	0.0	0.0
uut-	0.726148409894	0.0989399293286	0.0583038869258	0.116607773852
atu-	0.111061429159	0.691976288985	0.139325158532	0.0576371233241
ere-	0.2109375	0.5390625	0.1328125	0.1171875
nay-	0.448836219131	0.220124893557	0.139559087898	0.191479799413
haa-	0.176336002615	0.117829710737	0.0328485046576	0.67298578199
guw-	0.566136095086	0.25126850629	0.0699937443526	0.112601654271
kuu-	0.0853935910581	0.0701524975811	0.00823862405591	0.836215287305
kot-	0.10534351145	0.829770992366	0.0603053435114	0.00458015267176
hëh-	0.0478287399337	0.582939884042	0.225501546343	0.143729829682
tan-	0.162299651568	0.0645296167247	0.184668989547	0.58850174216
che-	0.0610181311018	0.872733612273	0.0191771269177	0.0470711297071
gya-	0.162790697674	0.372093023256	0.46511627907	0.0
nea-	0.443188241945	0.206331260599	0.137554173733	0.212926323723
vii-	0.113547627067	0.103692314857	0.0251843402532	0.757575717823
kif-	0.229007633588	0.725190839695	0.0458015267176	0.0
rem-	0.651147098516	0.0269905533064	0.0688259109311	0.253036437247
uih-	0.243506493506	0.433847402597	0.0	0.322646103896
itë-	0.127622897626	0.64287356011	0.158523065275	0.0709804769888
ngu-	0.577825204048	0.208705072872	0.0699476729312	0.143522050149
gwe-	0.35944962073	0.111883076467	0.0611731886301	0.467494114173
ifo-	0.472175881792	0.341515729266	0.0510605338417	0.1352478551
abu-	0.0717703349282	0.928229665072	0.0	0.0
vai-	0.157489141096	0.190071692121	0.618383463329	0.0340557034546
gui-	0.369078520441	0.630921479559	0.0	0.0
uja-	0.348748136343	0.184746285538	0.252840470927	0.213665107192
yaa-	0.575242718447	0.395631067961	0.0145631067961	0.0145631067961
nak-	0.467081850534	0.317912218268	0.0993475682088	0.115658362989
auy-	0.225877192982	0.542763157895	0.135964912281	0.0953947368421
nan-	0.0324595124199	0.0173093046288	0.0500750632661	0.900156119685
aya-	0.0614332628143	0.45206146176	0.114330753303	0.372174522122
itw-	0.0444489547392	0.867972396996	0.00476963669576	0.0828090115689
urë-	0.197429135979	0.582342673744	0.0276320397455	0.192596150531
muc-	0.209738332884	0.601429727543	0.156460749933	0.0323711896412
ask-	0.132653061224	0.420918367347	0.415816326531	0.030612244898
tin-	0.325892606129	0.423784087714	0.146415518696	0.103907787461
gëb-	0.194886618084	0.689288767659	0.0940438871473	0.0217807271099
han-	0.595575334523	0.144983848013	0.0824918487059	0.176948968758
ayo-	0.0754235988653	0.180858506479	0.00991911370083	0.733798780955
rai-	0.160098522168	0.642857142857	0.12315270936	0.0738916256158
evi-	0.0	1.0	0.0	0.0
top-	0.0	0.641025641026	0.358974358974	0.0
tun-	0.469626168224	0.235981308411	0.0560747663551	0.238317757009
fai-	0.465517241379	0.431034482759	0.103448275862	0.0
ubo-	0.583941605839	0.233576642336	0.0729927007299	0.109489051095
nku-	0.225539040642	0.553304373505	0.0718928391225	0.149263746731
ais-	0.269841269841	0.603174603175	0.031746031746	0.0952380952381
udo-	0.383311603651	0.361147327249	0.219035202086	0.0365058670143
aëm-	0.0666666666667	0.933333333333	0.0	0.0
rom-	0.302924947747	0.606884732272	0.0137432868543	0.076447033127
ryi-	0.513513513514	0.202702702703	0.027027027027	0.256756756757
mës-	0.0372964454561	0.90982314831	0.0346699352127	0.0182104710208
jes-	0.032	0.936	0.0	0.032
uda-	0.0913567050353	0.597721099422	0.0893946662564	0.221527529287
uno-	0.335246619321	0.0424165774881	0.148555306936	0.473781496255
anc-	0.0294438386042	0.882224645583	0.0425299890949	0.0458015267175
mak-	0.168262425438	0.578724566798	0.0967176505909	0.156295357174
hon-	0.655629139073	0.28476821192	0.0	0.0596026490066
nik-	0.242404507315	0.622572925817	0.0347590343198	0.100263532548
yun-	0.0718562874252	0.68622754491	0.0934131736526	0.148502994012
nëi-	0.303651458868	0.219616447053	0.134232778903	0.342499315175
ujo-	0.0809061488673	0.82740021575	0.0431499460625	0.0485436893204
yao-	0.057516951134	0.0441898527005	0.0144961421557	0.88379705401
ega-	0.328125	0.203125	0.0703125	0.3984375
mio-	0.0885608856088	0.867158671587	0.0	0.0442804428044
may-	0.153362512998	0.783159625662	0.0507822890722	0.012695572268
wih-	0.206023570493	0.649061545177	0.103011785247	0.0419030990834
mëm-	0.37239165329	0.401284109149	0.0417335473515	0.184590690209
ara-	0.257873668147	0.566853886168	0.135128523731	0.0401439219542
gad-	0.364864864865	0.52027027027	0.0405405405405	0.0743243243243
amo-	0.0	1.0	0.0	0.0
küm-	0.587969244686	0.120307553143	0.067842605156	0.223880597015
wëb-	0.68	0.18	0.0	0.14
hun-	0.367330677291	0.227888446215	0.0844621513944	0.3203187251
uag-	0.268041237113	0.731958762887	0.0	0.0
gif-	0.530409650666	0.253644131691	0.0796054284996	0.136340789143
ago-	0.730384807596	0.0812093953023	0.0659670164917	0.12243878061
wah-	0.589175513678	0.141670410391	0.0364914603678	0.232662615563
ëmd-	0.407079646018	0.504424778761	0.0	0.0884955752212
ëti-	0.341904260576	0.299220613196	0.164766989665	0.194108136562
kal-	0.0	0.955555555556	0.0	0.0444444444444
vej-	0.635179153094	0.169381107492	0.0162866449511	0.179153094463
ëre-	0.28785046729	0.469158878505	0.134579439252	0.108411214953
ëar-	0.617021276596	0.382978723404	0.0	0.0
alu-	0.348684210526	0.342105263158	0.309210526316	0.0
neh-	0.430555555556	0.0902777777778	0.0	0.479166666667
ürü-	0.09375	0.649038461538	0.228365384615	0.0288461538461
kel-	0.0	0.960396039604	0.039603960396	0.0
war-	0.623820674893	0.19794389984	0.0569929227476	0.121242502519
mün-	0.100663716814	0.79314159292	0.0398230088495	0.0663716814159
yoy-	0.507042253521	0.492957746479	0.0	0.0
gav-	0.0354321990109	0.0710120321842	0.806968332472	0.0865874363328
tëë-	0.267372296364	0.150943396226	0.0404970087437	0.541187298665
uns-	0.541912851738	0.305840787792	0.0168383071488	0.135408053321
afy-	0.373936014089	0.453478133255	0.0986204872322	0.0739653654241
ëtw-	0.0	0.981132075472	0.0	0.0188679245283
efe-	0.00401203610832	0.971915747242	0.00702106318957	0.0170511534604
bah-	0.432458912249	0.0507472349235	0.128319974243	0.388473878585
gef-	0.020979020979	0.979020979021	0.0	0.0
meo-	0.132203389831	0.213559322034	0.603389830508	0.0508474576271
sav-	0.312267657993	0.565055762082	0.0	0.122676579926
ade-	0.0909090909091	0.890909090909	0.0181818181818	0.0
iga-	0.619541240856	0.285296950913	0.0494743675658	0.0456874406657
web-	0.136260408781	0.44360333081	0.0	0.420136260409
chë-	0.379101463907	0.361433619384	0.107016658253	0.152448258455
eke-	0.259860788863	0.199535962877	0.317865429234	0.222737819026
nev-	0.368312239518	0.257249745671	0.158504435718	0.215933579094
niv-	0.308108108108	0.497297297297	0.0972972972973	0.0972972972973
vov-	0.142259414226	0.497907949791	0.163179916318	0.196652719665
vat-	0.520026575821	0.224495254522	0.0433618033484	0.212116366309
iki-	0.133254367782	0.618004145692	0.0177672490376	0.230974237489
nje-	0.0799423880751	0.120322925901	0.310314528705	0.489420157319
nee-	0.0499054005428	0.0275716578492	0.00432251500764	0.9182004266
uhe-	0.33097519477	0.49961809744	0.0144596210473	0.154947086742
ahw-	0.586139089172	0.320802444631	0.0814261579224	0.0116323082746
ufü-	0.107317073171	0.434146341463	0.429268292683	0.0292682926829
vëv-	0.650275901741	0.19283294629	0.130046658287	0.026844493683
ume-	0.330532405287	0.57423985713	0.00908202826877	0.0861457093141
yir-	0.818897637795	0.133858267717	0.0	0.0472440944882
faf-	0.174401634559	0.309398715703	0.203882078225	0.312317571512
vye-	0.296560674886	0.164828033744	0.0389357560025	0.499675535367
ved-	0.0307692307692	0.0564102564102	0.0	0.912820512821
vev-	0.0648090438662	0.0174933778365	0.00144539482856	0.916252183469
uba-	0.325175975265	0.603907637655	0.0309190184856	0.0399973685942
ute-	0.459684119544	0.33308338814	0.021485512255	0.185746980062
for-	0.545654565457	0.390539053905	0.0572057205721	0.00660066006602
ber-	0.0	1.0	0.0	0.0
uwi-	0.508108108108	0.333783783784	0.0770270270271	0.0810810810811
mür-	0.0978348035284	0.485164394547	0.392943063352	0.0240577385726
rën-	0.210368336552	0.208646485329	0.213463015101	0.367522163017
iis-	0.59880239521	0.161676646707	0.239520958084	0.0
viv-	0.170671668034	0.351689503915	0.261708073959	0.215930754092
ane-	0.0122047508545	0.08208740528	0.00547502842073	0.900232815445
ahi-	0.139564337677	0.730874774112	0.0448687916059	0.0846920966056
ile-	0.247787610619	0.667256637168	0.0	0.0849557522124
isi-	0.0567116380007	0.875381881773	0.0118339455147	0.0560725347117
sif-	0.124675324675	0.742857142857	0.132467532468	0.0
uii-	0.401360544218	0.557823129252	0.0408163265306	0.0
bat-	0.0	1.0	0.0	0.0
gha-	0.178285714286	0.821714285714	0.0	0.0
fer-	0.0	1.0	0.0	0.0
igü-	0.280821917808	0.595890410959	0.102739726027	0.0205479452055
jen-	0.713615023474	0.173708920188	0.0	0.112676056338
abe-	0.0115008625647	0.988499137435	0.0	0.0
dau-	0.000698974836906	0.990214352283	0.00209692451072	0.00698974836906
iha-	0.134634034373	0.552072992282	0.166424698017	0.146868275328
vaf-	0.619861639199	0.179361409765	0.0751819533304	0.125594997706
tam-	0.0	1.0	0.0	0.0
uye-	0.0114466585711	0.935500567356	0.00119443393785	0.051858340135
ëna-	0.382089552239	0.0925373134328	0.214925373134	0.310447761194
jan-	0.0	1.0	0.0	0.0
nkë-	0.0387096774194	0.922580645161	0.0387096774194	0.0
vih-	0.602160808718	0.228201886846	0.0520691491308	0.117568155305
kig-	0.527777777778	0.472222222222	0.0	0.0
këe-	0.276150627615	0.28870292887	0.133891213389	0.301255230126
ëuy-	0.025	0.6	0.225	0.15
vah-	0.666839950614	0.227998353803	0.0592414495202	0.0459202460632
fel-	0.00526777875329	0.981562774363	0.00263388937665	0.0105355575066
adë-	0.294713317969	0.66966966967	0.0167609469935	0.0188560653677
nto-	0.115506786024	0.795336413514	0.088073924343	0.00108287611897
guj-	0.197335553705	0.0830789157184	0.15468590989	0.564899620686
ëko-	0.185909980431	0.305283757339	0.146771037182	0.362035225049
hii-	0.315265045835	0.549222797928	0.0318852132323	0.103626943005
wum-	0.386503067485	0.521472392638	0.0920245398773	0.0
tim-	0.00317949549842	0.954124422094	0.0236191094168	0.0190769729905
uhë-	0.50038491147	0.355914806261	0.112907364639	0.0307929176289
etë-	0.477430555556	0.225694444444	0.244791666667	0.0520833333333
ikü-	0.133145244425	0.252509359232	0.414681786121	0.199663610222
rah-	0.27848522596	0.356135298834	0.029300962746	0.336078512459
mol-	0.0	1.0	0.0	0.0
ham-	0.11961722488	0.806220095694	0.0741626794258	0.0
fur-	0.0	1.0	0.0	0.0
ëmy-	0.264150943396	0.735849056604	0.0	0.0
naj-	0.866337707743	0.0288686251294	0.00520713873925	0.0995865283882
elo-	0.0	0.975609756098	0.0	0.0243902439024
ëgo-	0.761278195489	0.107142857143	0.046992481203	0.0845864661654
jer-	0.116785265802	0.868145667643	0.0	0.0150690665551
tëk-	0.16726618705	0.224820143885	0.0215827338129	0.586330935252
isü-	0.691927512356	0.250411861614	0.0	0.0576606260297
ünë-	0.253846153846	0.684615384615	0.0	0.0615384615384
nëh-	0.609179881443	0.145247194054	0.0469187253634	0.198654199139
nij-	0.648774795799	0.177362893816	0.0805134189031	0.0933488914819
aul-	0.48	0.28	0.0	0.24
mah-	0.0973720065163	0.731344563541	0.104494176985	0.0667892529582
tum-	0.58971291866	0.313397129187	0.0430622009569	0.0538277511962
eno-	0.110526315789	0.863157894737	0.0157894736842	0.0105263157895
ite-	0.135259273338	0.703981754253	0.0665209541005	0.0942380183092
vëo-	0.699164345404	0.150417827298	0.0111420612813	0.139275766017
wii-	0.361423220974	0.50234082397	0.0472846441948	0.0889513108614
anë-	0.0869718516778	0.0461891050126	0.011165305283	0.855673738027
euf-	0.0	1.0	0.0	0.0
müü-	0.217198118139	0.49921589127	0.115002613696	0.168583376895
mën-	0.108254955596	0.391763780118	0.401244051411	0.0987372128752
mil-	0.0	1.0	0.0	0.0
yer-	0.00961367277908	0.983977212035	0.00213637172868	0.00427274345736
yië-	0.631425800194	0.232783705141	0.0581959262852	0.0775945683802
gig-	0.346054788106	0.349859517677	0.232088503863	0.0719971903536
hum-	0.765625	0.0	0.234375	0.0
agh-	0.147423310027	0.442872440358	0.121624915443	0.288079334171
wai-	0.668657130954	0.100472156645	0.0531176225525	0.177753089849
gaw-	0.135532113767	0.392442248631	0.233676058219	0.238349579383
kam-	0.082095803823	0.0620668646714	0.0201050948138	0.835732236692
ëfa-	0.0918367346939	0.80612244898	0.0816326530612	0.0204081632653
vëg-	0.679875406143	0.11164931148	0.0483777289454	0.160097553432
nwe-	0.204081632653	0.67032967033	0.0	0.125588697017
tëe-	0.5625	0.0625	0.107142857143	0.267857142857
saw-	0.627753303965	0.0602055800293	0.0440528634361	0.26798825257
alf-	0.00873108265423	0.839930151339	0.133876600698	0.0174621653085
sig-	0.0689915174364	0.802827521206	0.0197926484449	0.108388312912
buu-	0.182608695652	0.130434782609	0.0521739130435	0.634782608696
bak-	0.760765550239	0.239234449761	0.0	0.0
say-	0.207919470764	0.258745924923	0.203215940257	0.330118664056
ryë-	0.108736882033	0.287225523665	0.514477177899	0.0895604164032
duv-	0.491076885466	0.306930693069	0.123151204009	0.0788412174551
hëë-	0.149685534591	0.727044025157	0.0528301886792	0.0704402515724
ëdu-	0.100238663484	0.105011933174	0.207637231504	0.587112171838
geg-	0.330434782609	0.373913043478	0.269565217391	0.0260869565217
nsu-	0.314126394052	0.663568773234	0.0223048327138	0.0
mel-	0.0627515471502	0.911282295408	0.0155796944649	0.0103864629766
uer-	0.162790697674	0.0	0.209302325581	0.627906976744
sës-	0.31891223733	0.347342398022	0.217552533993	0.116192830655
mwë-	0.254811054822	0.554876171642	0.0556188438714	0.134693929665
vaw-	0.0645137560689	0.0881271149036	0.064955127262	0.782404001766
ëjë-	0.755395683453	0.158273381295	0.0431654676259	0.0431654676259
rio-	0.0758533501896	0.692793931732	0.155499367889	0.0758533501897
vëu-	0.60387499293	0.205947420202	0.0567051288565	0.133472458011
üvë-	0.142857142857	0.619047619048	0.176870748299	0.0612244897959
utr-	0.0	0.951612903226	0.0	0.0483870967742
gey-	0.22	0.76	0.02	0.0
umb-	0.145131092293	0.794535576563	0.0282352632028	0.0320980679407
nyi-	0.0706237612563	0.518076436943	0.268478490737	0.142821311064
veg-	0.564271188231	0.271135409239	0.0763806354489	0.0882127670813
yëd-	0.129940443963	0.729290741743	0.140768814293	0.0
ian-	0.15777262181	0.619489559165	0.0278422273782	0.194895591647
uur-	0.332775919732	0.435977066412	0.0998566650741	0.131390348782
ump-	0.180194242109	0.197941958608	0.260145681582	0.361718117701
mpw-	0.0	0.863636363636	0.136363636364	0.0
sak-	0.0651465798045	0.919012984695	0.0158404355004	0.0
viy-	0.146999325691	0.653405259609	0.0701281186783	0.129467296022
dud-	0.171428571429	0.685714285714	0.114285714286	0.0285714285714
rëm-	0.213003444857	0.156972804884	0.0630843954382	0.56693935482
per-	0.0	1.0	0.0	0.0
sok-	0.126721763085	0.218051080917	0.0299761871411	0.625250968856
lid-	0.0	1.0	0.0	0.0
div-	0.0614775115384	0.918814290455	0.00522870559369	0.0144794924133
ata-	0.290383939029	0.143122880495	0.0685445229237	0.497948657552
reo-	0.0686498855835	0.708656583133	0.0407434280293	0.181950103254
uin-	0.62489954826	0.0863533872718	0.0129436455984	0.27580341887
yik-	0.626221079692	0.25501285347	0.0	0.118766066838
rün-	0.293103448276	0.603448275862	0.103448275862	0.0
suc-	0.911764705882	0.0882352941177	0.0	0.0
afë-	0.520231213873	0.405450041288	0.0247729149463	0.0495458298927
kur-	0.240155415713	0.432327421815	0.0376620900076	0.289855072464
riy-	0.43579766537	0.259403372244	0.0972762645915	0.207522697795
ome-	0.0	0.601581954006	0.398418045994	0.0
uen-	0.683242791475	0.0777267028834	0.0576681989136	0.181362306728
ëuh-	0.445585215606	0.424677991413	0.0504013440359	0.0793354489453
vik-	0.571389790471	0.167740230175	0.153104840918	0.107765138436
tal-	0.105720013839	0.77225952966	0.0158347157292	0.106185740772
vay-	0.543085226457	0.287303248579	0.0686449547497	0.100966570215
nem-	0.212544946065	0.300039952057	0.113863363963	0.373551737915
mua-	0.443137254902	0.523921568628	0.0235294117647	0.00941176470588
vak-	0.130644070837	0.100404958849	0.0314015577463	0.737549412568
ümu-	0.360955770208	0.547534316218	0.0	0.091509913574
jëk-	0.0175438596491	0.543859649123	0.0701754385965	0.368421052632
chi-	0.115601023018	0.686956521739	0.0618925831202	0.135549872123
nga-	0.438602845831	0.451651135047	0.0435813205622	0.0661646985598
ëmë-	0.601742160279	0.24668989547	0.0742160278746	0.0773519163763
mpa-	0.172336793275	0.441751244354	0.0290289352935	0.356883027077
idi-	0.0	1.0	0.0	0.0
ikë-	0.481888745149	0.262613195343	0.0485122897801	0.206985769728
ray-	0.513527441381	0.176243236279	0.0896676114404	0.220561710899
rak-	0.150347580035	0.0581321202666	0.0203680192208	0.771152280478
mom-	0.0945129955368	0.719611446574	0.0441060645838	0.141769493305
hal-	0.0679611650485	0.932038834951	0.0	0.0
ter-	0.0	0.987068965517	0.0129310344827	0.0
nëy-	0.4370450484	0.317278943894	0.154278428236	0.0913975794707
guk-	0.528429911811	0.171515725043	0.128357427616	0.171696935529
jag-	0.0449438202247	0.955056179775	0.0	0.0
nam-	0.473990745253	0.0787819105375	0.0298442971769	0.417383047032
isë-	0.272348860258	0.606342913776	0.0773042616452	0.0440039643212
oli-	0.0	1.0	0.0	0.0
won-	0.603773584906	0.298349056604	0.00707547169811	0.0908018867924
ula-	0.631699515906	0.250302558783	0.016856846473	0.101141078838
yul-	0.0	1.0	0.0	0.0
nëo-	0.31975308642	0.255555555555	0.325925925926	0.0987654320988
abë-	0.0927152317881	0.480794701987	0.283443708609	0.143046357616
wër-	0.549098196393	0.450901803607	0.0	0.0
uyë-	0.484627696424	0.146819235088	0.358519863357	0.0100332051313
fwa-	0.519654427646	0.14211663067	0.245788336933	0.0924406047516
aum-	0.780405405405	0.0405405405405	0.0912162162162	0.0878378378378
nim-	0.0993184031159	0.246725508057	0.0565379903886	0.597418098439
avi-	0.69696969697	0.030303030303	0.030303030303	0.242424242424
yam-	0.405648677841	0.0986918430211	0.0596071528584	0.436052326279
uso-	0.0770944696744	0.230810700642	0.0153856774798	0.676709152204
nki-	0.152068126521	0.636253041363	0.0802919708029	0.131386861314
mai-	0.10842913965	0.348948400806	0.479962403967	0.0626600555767
ese-	0.436293436293	0.214285714286	0.0926640926642	0.256756756757
wij-	0.400331674959	0.158872305141	0.374461028192	0.0663349917081
aja-	0.290669483601	0.0392408132165	0.099097773006	0.570991930177
auc-	0.9375	0.0416666666667	0.0208333333333	0.0
vëb-	0.714285714286	0.285714285714	0.0	0.0
urü-	0.0	0.843953185956	0.156046814044	0.0
ugü-	0.646315789474	0.202105263158	0.0568421052631	0.0947368421052
iba-	0.0874740734061	0.841284155469	0.0568130579855	0.0144287131391
yes-	0.00382093885513	0.758663716261	0.001629624395	0.235885720489
gaf-	0.29757126655	0.592598033743	0.036610233236	0.0732204664719
gëv-	0.0164496230295	0.198766278273	0.630568882796	0.154215215901
fir-	0.0834688346883	0.887262872629	0.00325203252033	0.0260162601626
wur-	0.384281656632	0.0613237403665	0.0107507387157	0.543643864286
tur-	0.0121130551817	0.979811574697	0.00807537012113	0.0
tië-	0.246815985946	0.230566534914	0.0878348704435	0.434782608696
kük-	0.192710738517	0.69290611346	0.0323256722674	0.0820574757557
kan-	0.0391167061085	0.171168406547	0.0366811885326	0.753033698812
agi-	0.565972118175	0.197491664649	0.0241408946782	0.212395322498
ukü-	0.134263426343	0.47104710471	0.164630748789	0.230058720158
nju-	0.76016313356	0.128173253075	0.0233359504493	0.0883276629155
uëg-	0.637254901961	0.362745098039	0.0	0.0
uhu-	0.206818414887	0.71886808081	0.0350150275703	0.0392984767329
uak-	0.181818181818	0.75	0.0454545454544	0.0227272727273
waj-	0.801732876169	0.0460102421267	0.0124280539078	0.139828827797
vëf-	0.466083343088	0.25137539506	0.0766709586796	0.205870303172
udu-	0.343199312312	0.367245601011	0.0506714075463	0.238883679131
mëo-	0.165354330709	0.555046528275	0.0591267000715	0.220472440945
ken-	0.238773337936	0.270446765053	0.196628405397	0.294151491614
igw-	0.0703734781439	0.838592213796	0.0159903741114	0.0750439339487
ufa-	0.16792330339	0.764854285998	0.0253042251263	0.0419181854862
afw-	0.569173015347	0.155901512642	0.0397482610136	0.235177210997
ühu-	0.703172978506	0.296827021494	0.0	0.0
ala-	0.090909090909	0.762121212121	0.128787878788	0.0181818181818
yoe-	0.0769230769231	0.923076923077	0.0	0.0
ëtu-	0.536127539213	0.309591154538	0.154281306248	0.0
eye-	0.164705882353	0.0196078431373	0.0470588235294	0.76862745098
geh-	0.605263157895	0.263157894737	0.131578947368	0.0
wid-	0.528455284553	0.132791327913	0.0813008130081	0.257452574526
egu-	0.372679725156	0.370936314224	0.0656342939186	0.190749666701
vië-	0.198312236287	0.751054852321	0.0506329113924	0.0
ser-	0.0262071565288	0.9292735956	0.0164325667457	0.0280866811259
wer-	0.0552330977189	0.707028800473	0.207537988432	0.0302001133758
ooh-	0.450819672131	0.0819672131147	0.262295081967	0.204918032787
vaë-	0.618471387306	0.189476149582	0.121789366851	0.0702630962604
rin-	0.181320704727	0.718982401824	0.0159801639341	0.0837167295154
vav-	0.154737035218	0.0845558863041	0.0114335087024	0.749273569776
afe-	0.463571428572	0.315714285714	0.00642857142859	0.214285714286
mbw-	0.0303617070715	0.932460692433	0.0139416001859	0.0232360003098
bit-	0.0	1.0	0.0	0.0
uri-	0.616908453675	0.21440684743	0.055719933342	0.112964765553
yii-	0.46718333737	0.290627270526	0.125938483894	0.11625090821
uwü-	0.385161519347	0.380546680866	0.0212992545261	0.212992545261
utu-	0.372946712895	0.475799909788	0.0795340675725	0.0717193097445
ëri-	0.184438040346	0.409221902017	0.138328530259	0.268011527378
yig-	0.169332079022	0.577845719662	0.198730009407	0.0540921919097
sur-	0.0	1.0	0.0	0.0
uus-	0.198065764023	0.439845261122	0.11837524178	0.243713733075
ili-	0.0	1.0	0.0	0.0
fri-	0.0	1.0	0.0	0.0
bet-	0.0142433234421	0.967952522255	0.0106824925816	0.00712166172106
law-	0.0354679802956	0.949753694581	0.00295566502463	0.0118226600985
sal-	0.028180039139	0.971819960861	0.0	0.0
müt-	0.0456407255705	0.342890579286	0.558806319485	0.0526623756583
wap-	0.0	1.0	0.0	0.0
mbe-	0.0659563156206	0.0686244265026	0.00804644177437	0.857372816102
rël-	0.482352941176	0.254901960784	0.262745098039	0.0
emw-	0.349162011173	0.240223463687	0.209497206704	0.201117318436
efi-	0.0612244897959	0.234693877551	0.704081632653	0.0
gho-	0.379140938387	0.429305449137	0.0914950196061	0.10005859287
diu-	0.0439597887204	0.566876810359	0.0886011245528	0.300562276367
vij-	0.223450328135	0.121086519471	0.175288501563	0.480174650831
ren-	0.514598540146	0.215328467153	0.138686131387	0.131386861314
dui-	0.620067643743	0.188275084555	0.124013528749	0.0676437429538
sul-	0.679841897233	0.0592885375494	0.118577075099	0.142292490119
hëm-	0.0379746835443	0.743670886076	0.208860759494	0.00949367088608
kus-	0.0	1.0	0.0	0.0
loi-	0.0	1.0	0.0	0.0
oof-	0.232804232804	0.291005291005	0.430839002268	0.0453514739228
imo-	0.364620938628	0.173285198556	0.129963898917	0.332129963899
ugo-	0.623244293073	0.211247783376	0.0577025923945	0.107805331157
vaj-	0.403913397995	0.0642940453225	0.0517543726245	0.480038184058
mun-	0.0679646626354	0.448334759265	0.031967311322	0.451733266777
fub-	0.0386266094421	0.909871244635	0.0515021459227	0.0
ihu-	0.163416224859	0.559691365817	0.122996086847	0.153896322477
ani-	0.0816993464052	0.288048552754	0.602240896359	0.0280112044818
ija-	0.12532766724	0.050579119369	0.468191738744	0.355901474647
wuo-	0.121951219512	0.414634146341	0.170731707317	0.292682926829
tik-	0.00990099009901	0.980198019802	0.00990099009901	0.0
iny-	0.109371598838	0.762526378355	0.0998173881421	0.0282846346655
nyë-	0.120906801008	0.879093198992	0.0	0.0
raj-	0.554399297198	0.194691845641	0.0719943433016	0.17891451386
ëye-	0.357786357786	0.452380952381	0.0160875160875	0.173745173745
ela-	0.0	1.0	0.0	0.0
iyo-	0.183838548901	0.429038320124	0.0444480758232	0.342675055152
gëa-	0.355987055016	0.444290337494	0.0443828016644	0.155339805825
tiy-	0.600818833163	0.337768679631	0.0614124872057	0.0
itu-	0.0901907701186	0.209811986098	0.0136159127732	0.686381331011
fen-	0.507162494574	0.440746635798	0.0282158877152	0.0238749819129
gul-	0.436393888973	0.320526395402	0.122069278475	0.12101043715
ivy-	0.403141361257	0.422338568935	0.139616055846	0.0349040139616
jol-	0.01912858661	0.96174282678	0.00637619553666	0.0127523910733
oyi-	0.694117647059	0.141176470588	0.164705882353	0.0
ain-	0.497868437916	0.280986312724	0.0760685630087	0.145076686351
woo-	0.151906209292	0.0968302214502	0.160052105949	0.591211463309
