-iok	0.0968945261824	0.797925147064	0.0590299488305	0.0461503779226
-eus	0.0219967766294	0.386127537084	0.00222993749202	0.589645748794
-deõ	0.0434782608696	0.95652173913	0.0	0.0
-hek	0.341463414634	0.213414634146	0.0	0.445121951219
-aus	0.259557344064	0.740442655936	0.0	0.0
-naĩ	0.111731843575	0.754189944134	0.100558659218	0.0335195530726
-akĩ	0.0	1.0	0.0	0.0
-ziy	0.382449374734	0.385846712697	0.0	0.231703912569
-nha	0.131868131868	0.351648351648	0.131868131868	0.384615384615
-ziu	0.353146285207	0.333954084697	0.086764288164	0.226135341933
-zik	0.428923519212	0.197283586771	0.0387237683946	0.335069125623
-auk	0.470656431445	0.238008145686	0.0480328191333	0.243302603735
-idõ	0.00580832526621	0.982575024201	0.0	0.0116166505324
-riã	0.0549000851129	0.868239795729	0.0411750638347	0.0356850553234
-pus	0.055944055944	0.944055944056	0.0	0.0
-uak	0.430804026756	0.345145615746	0.0570959420962	0.166954415402
-nte	0.205245153934	0.794754846066	0.0	0.0
ALL	0.225646520805	0.285640780638	0.0531347349536	0.435577963603
-uas	0.102362204724	0.803149606299	0.0	0.0944881889764
-zãk	0.0897435897436	0.346153846154	0.0384615384616	0.525641025641
-yre	0.496768410624	0.351795065339	0.108977685522	0.042458838515
-puk	0.294151294151	0.375947375947	0.172315172315	0.157586157586
-meõ	0.317854361371	0.645151869159	0.0107087227414	0.0262850467289
-naũ	0.0126448893572	0.966982788901	0.0126448893572	0.00772743238497
-ysy	0.571428571429	0.428571428571	0.0	0.0
-arã	0.0855397148676	0.914460285132	0.0	0.0
-ota	0.420276095736	0.358388589135	0.0658734841606	0.155461830968
-arõ	0.112570356473	0.84990619137	0.0375234521576	0.0
-opo	0.459109311741	0.44028340081	0.0127530364373	0.0878542510122
-wãk	0.422936152908	0.46319642131	0.089467263115	0.0244001626677
-ope	0.0673724735323	0.825954443375	0.106673083093	0.0
-opa	0.0125082290981	0.922317314022	0.0394996708361	0.0256747860435
-imu	0.169325952458	0.583414740041	0.0638228590036	0.183436448497
-rwy	0.560283687943	0.312056737589	0.0425531914894	0.0851063829787
-isĩ	0.463414634146	0.512195121951	0.0121951219512	0.0121951219512
-imy	0.0945174401691	0.0741907512304	0.00390897864203	0.827382829958
-dek	0.0404041255182	0.928098351815	0.0194647611986	0.0120327614682
-byk	0.542376873553	0.278103374535	0.0813536649535	0.0981660869587
-yje	0.263143231332	0.586489207907	0.0313265751585	0.119040985602
-oko	0.400420461612	0.190236170162	0.0325794858587	0.376763882367
-des	0.0304080903949	0.83985072392	0.0391043435193	0.0906368421659
-oki	0.136395267919	0.4150741395	0.24131470478	0.2072158878
-deu	0.0846133474577	0.719412076271	0.118379237288	0.077595338983
-oke	0.11662082196	0.734184008006	0.0592789948366	0.0899161751974
-oka	0.130156925975	0.815292009462	0.0157910976367	0.0387599669263
-rỹk	0.0376761482255	0.550437833449	0.411886018325	0.0
-imo	0.018018018018	0.981981981982	0.0	0.0
-kpy	0.602399396559	0.297027094982	0.0804588067671	0.0201147016918
-biu	0.0	1.0	0.0	0.0
-obo	0.182788635244	0.159664969617	0.0231565117425	0.634389883396
-idi	0.048465266559	0.951534733441	0.0	0.0
-haĩ	0.308922466086	0.348626888717	0.13510532701	0.207345318187
-ide	0.0766283524904	0.908045977012	0.0	0.0153256704981
-kpu	0.399822619433	0.348740427419	0.219201446334	0.0322355068138
-ida	0.0339277946934	0.966072205307	0.0	0.0
-siu	0.304043726365	0.345132016938	0.118288761577	0.23253549512
-kpo	0.43742164533	0.275897523206	0.0888371879148	0.197843643548
-ymy	0.395151205889	0.353977588792	0.166019833342	0.0848513719776
-kpa	0.359968756929	0.152621851198	0.0891614326549	0.398247959218
-idu	0.292008196721	0.196721311475	0.015368852459	0.495901639344
-kpe	0.0930586443641	0.775674641975	0.0277351990017	0.103531514659
-eja	0.0307286115038	0.92480632947	0.0164123788584	0.0280526801682
-uta	0.137381894178	0.0701920307625	0.00886367580631	0.783562399253
-teu	0.0	1.0	0.0	0.0
-ute	0.0	1.0	0.0	0.0
-rio	0.0761500353857	0.784430290163	0.0962491153574	0.0431705590941
-rik	0.23375398474	0.636074378525	0.0942061891462	0.0359654475896
-eru	0.0557663125948	0.808801213961	0.0770106221547	0.0584218512898
-riu	0.0	1.0	0.0	0.0
-ris	0.0284966112138	0.920979667283	0.00924214417745	0.0412815773259
-utu	0.307165381049	0.355160638721	0.103416944465	0.234257035765
-uty	0.385000605039	0.37973210712	0.093967290633	0.141299997207
-sia	0.0399070674129	0.926765525034	0.0257464951051	0.00758091244761
-teo	0.078406362545	0.819534063625	0.00731542617047	0.0947441476591
-meu	0.081106514792	0.902425157331	0.0	0.0164683278766
-are	0.323183518716	0.48861379176	0.0866278160475	0.101574873476
-apy	0.289948835859	0.325055700974	0.101198222951	0.283797240216
-ara	0.272359828275	0.252183418397	0.0683892151647	0.407067538163
-mes	0.0	1.0	0.0	0.0
-ydy	0.276389899153	0.649352341056	0.0176204853741	0.0566372744167
-aro	0.243993900227	0.55776237549	0.0537087192496	0.144535005033
-ari	0.165949306552	0.764662405982	0.0235641928612	0.0458240946046
-ydo	0.089552238806	0.726075504829	0.105355575066	0.0790166812994
-tsĩ	0.343238157081	0.517886455579	0.0925250684304	0.0463503189101
-mei	0.0	1.0	0.0	0.0
-oni	0.229783968749	0.310056710775	0.0914531536083	0.368706166868
-rai	0.0559585492228	0.906735751295	0.0373056994818	0.0
-tyk	0.166557569136	0.513571441814	0.180586272665	0.139284716385
-sri	0.0	1.0	0.0	0.0
-ubu	0.786885245902	0.0655737704918	0.131147540984	0.016393442623
-uba	0.210467538897	0.0615837061919	0.0557491791961	0.672199575715
-umu	0.68387367961	0.112326957447	0.0282521243239	0.175547238619
-ije	0.0198855076831	0.925278698403	0.00180777342574	0.0530280204881
-hwi	0.114134701124	0.70392011999	0.0296362129658	0.152308965921
-ija	0.0855770641728	0.82337287376	0.028189905095	0.0628601569719
-kek	0.385001706458	0.470082746244	0.0594118484666	0.0855036988317
-ijo	0.161101506634	0.739446854624	0.0248629096853	0.0745887290559
-umy	0.39242704956	0.517253358036	0.0173691523853	0.0729504400186
-oto	0.527104661946	0.322639263593	0.0881097201341	0.0621463543266
-kbe	0.274246343681	0.530328708328	0.169368288259	0.0260566597322
-uma	0.0889841865452	0.605467703029	0.217099973198	0.0884481372287
-otu	0.382879425651	0.0495914100469	0.0182601984202	0.549268965882
-kba	0.410819276167	0.305731446378	0.080058802033	0.203390475422
-kbo	0.749257038353	0.10302987673	0.0320045017321	0.115708583185
-umo	0.0759259155282	0.0561193974394	0.0101803232965	0.857774363736
-umi	0.0	0.901639344262	0.0245901639344	0.0737704918033
-õrõ	0.217772039856	0.553127049379	0.212993511368	0.0161073993976
-kbi	0.171168167167	0.682116260976	0.0733577859287	0.0733577859286
-ako	0.0262721591634	0.955362836373	0.0	0.0183650044637
-kia	0.135944983651	0.192467632981	0.0343395862431	0.637247797126
-nai	0.0	1.0	0.0	0.0
-nao	0.884324679592	0.0893854748604	0.0	0.0262898455472
-aki	0.455568720379	0.537322274882	0.0	0.00710900473933
-kik	0.37326899555	0.220449009426	0.0574077214691	0.348874273555
-zuk	0.425279806747	0.264783802727	0.0301627044826	0.279773686043
-ake	0.0391671401899	0.928545336472	0.0201112103255	0.0121763130124
-maõ	0.0192582187281	0.973922106169	0.0	0.00681967510252
-aka	0.324134841866	0.232832146336	0.053420215611	0.389612796187
-nae	0.0	0.939393939394	0.0606060606061	0.0
-sik	0.359270028989	0.331617061512	0.0684858089052	0.240627100593
-bik	0.210297698127	0.350613719677	0.0877070968491	0.351381485347
-sio	0.0726329442282	0.910505836576	0.00907911802854	0.00778210116732
-aky	0.376503988103	0.429904015141	0.101662836285	0.0919291604705
-nas	0.0688774379057	0.86599826971	0.0463657823647	0.0187585100196
-aku	0.111108897727	0.473451505258	0.0358662140114	0.379573383004
-yny	0.623084514611	0.149121197988	0.0234489865086	0.204345300892
-mos	0.0	1.0	0.0	0.0
-yni	0.177702320317	0.709111488399	0.0452744765138	0.0679117147708
-ũdo	0.0	1.0	0.0	0.0
-yso	0.457762062314	0.202411287847	0.051827680693	0.287998969146
-orĩ	0.0	1.0	0.0	0.0
-beu	0.0400545071643	0.861667423711	0.00825866127098	0.090019407854
-ẽhe	0.0397234044265	0.928944383211	0.00229289524284	0.0290393171195
-srõ	0.0	1.0	0.0	0.0
-iso	0.046511627907	0.953488372093	0.0	0.0
-rek	0.315100838211	0.516036538266	0.0701944473166	0.098668176206
-upu	0.773115096639	0.169423646178	0.0156712519589	0.0417900052237
-reo	0.479820302877	0.426635751032	0.0696326353162	0.0239113107746
-isi	0.306162270547	0.622112078218	0.0	0.0717256512345
-ise	0.0305738610033	0.610183272208	0.0101912870011	0.349051579787
-dẽs	0.0	1.0	0.0	0.0
-isa	0.283582089552	0.716417910448	0.0	0.0
-upe	0.337951807229	0.512048192771	0.0686746987951	0.0813253012048
-upa	0.0198325253416	0.667254297047	0.312913177611	0.0
-upo	0.18947368421	0.684210526316	0.126315789474	0.0
-reu	0.0400726410422	0.925107685842	0.00765432469344	0.0271653484219
-naã	0.152570638464	0.724781778073	0.0177321807416	0.104915402721
-mas	0.130260521042	0.810871743487	0.00375751503006	0.0551102204409
-mao	0.0273348519362	0.962034927866	0.0083523158694	0.00227790432802
-siã	0.0408163265306	0.918367346939	0.0408163265306	0.0
-uno	0.141843971631	0.682785299807	0.167633784655	0.00773694390715
-arĩ	0.0	0.945945945946	0.0540540540541	0.0
-ĩha	0.488321167883	0.232481751825	0.213503649635	0.065693430657
-666	0.0	0.0	0.0	1.0
-kmo	0.635706095087	0.166710770045	0.0626267972126	0.134956337655
-ade	0.0111124902289	0.986109387214	0.0	0.00277812255723
-500	0.090909090909	0.102639296188	0.41788856305	0.388563049853
-orẽ	0.489728243287	0.319192817858	0.142955354254	0.0481235846004
-ado	0.175697822973	0.600366494174	0.0907847362919	0.133150946561
-adi	0.265567773506	0.652149603194	0.0310076847393	0.0512749385611
-iko	0.0695472150105	0.798098144962	0.0385083084556	0.0938463315722
-asõ	0.00552995391705	0.994470046083	0.0	0.0
-adu	0.302494331066	0.615797430083	0.0351473922902	0.0465608465608
-hia	0.192405063291	0.650632911392	0.111392405063	0.0455696202532
-ini	0.325693310972	0.34005027096	0.0558911768612	0.278365241207
-ywa	0.339733983637	0.377598034197	0.0911231698577	0.191544812309
-kny	0.137452530873	0.13658750443	0.0251995658721	0.700760398825
-sek	0.0	0.983461962514	0.0165380374862	0.0
-oes	0.110344827586	0.724137931034	0.0827586206897	0.0827586206897
-iwõ	0.0	0.941198431958	0.0588015680418	0.0
-ino	0.0544801908638	0.0178490669853	0.0121873232691	0.915483418882
-ina	0.166642976346	0.690520186785	0.117630336245	0.0252065006238
-ywe	0.701244813278	0.154910096819	0.143845089903	0.0
-erõ	0.176782557454	0.787860931055	0.0	0.0353565114909
-sea	0.0752688172043	0.740740740741	0.0334528076464	0.150537634409
-knu	0.0288154780282	0.949572913451	0.0	0.0216116085211
-iny	0.534235787949	0.100811283201	0.0436590235319	0.321293905318
-kni	0.376414602949	0.395693616854	0.0630918451744	0.164799935023
-oha	0.345152439568	0.303739597358	0.141488223883	0.209619739191
-ẽza	0.331995103034	0.408725952847	0.163871442207	0.0954075019114
-ywy	0.207499725156	0.641217387944	0.088223707198	0.0630591797019
-oho	0.207997341416	0.233425272135	0.0395982978054	0.518979088644
-ses	0.0302735615666	0.907253547023	0.0184288327952	0.044044058615
-ohi	0.233877392059	0.18424658512	0.0375299014157	0.544346121405
-kus	0.0287873335732	0.959817680221	0.00719683339331	0.00419815281276
-ede	0.153110047847	0.846889952153	0.0	0.0
-neu	0.0337457817773	0.880764904387	0.0854893138357	0.0
-nes	0.0258843830889	0.919758412425	0.00258843830889	0.0517687661777
-iak	0.354635008841	0.497297297297	0.0437484213185	0.104319272544
-ias	0.0655234357071	0.879715432035	0.00981268843922	0.0449484438184
-aok	0.327400940228	0.37239758227	0.29516453996	0.00503693754196
-kuk	0.296703088978	0.503092401506	0.123591518635	0.0766129908807
-eka	0.269496699924	0.0887032792876	0.0197128323759	0.622087188413
-eke	0.344466726035	0.47505764199	0.10597353612	0.0745020958548
-hok	0.315864284088	0.481365545741	0.112975180155	0.0897949900168
-eki	0.0	1.0	0.0	0.0
-eko	0.0830628222265	0.131945770479	0.756349054802	0.0286423524919
-otã	0.0	1.0	0.0	0.0
-wyk	0.564131626671	0.326267344271	0.0258318923707	0.0837691366877
-bay	0.399006996163	0.512976754683	0.0528097494923	0.0352064996615
-eky	0.216608634966	0.244819282443	0.0843280189018	0.454244063689
-bas	0.0448388603456	0.924334423167	0.00700607192902	0.0238206445586
-õwy	0.208955223881	0.358208955224	0.119402985075	0.313432835821
-tão	0.306341172968	0.684727597499	0.0	0.0089312295326
-ase	0.0	1.0	0.0	0.0
-adã	0.113385826772	0.754330708661	0.0377952755905	0.0944881889764
-asa	0.154033361604	0.102274247066	0.0481947595319	0.695497631798
-zok	0.44645340751	0.464534075104	0.0500695410292	0.038942976356
-aso	0.405509650718	0.223374458975	0.0409868537191	0.330129036588
-asi	0.295126973233	0.262868908717	0.182566918325	0.259437199725
-kis	0.0	0.98	0.02	0.0
-asu	0.571428571429	0.14	0.134285714286	0.154285714286
-adõ	0.0	1.0	0.0	0.0
-ery	0.480938994158	0.363705727899	0.0824948568921	0.0728604210506
-õsĩ	0.0783679562135	0.492059543061	0.387278683087	0.042293817639
-õkõ	0.380341549199	0.51701376257	0.0733176344507	0.0293270537803
-iwy	0.346495992773	0.44101630354	0.122221512675	0.090266191013
-ras	0.064193734384	0.906496252162	0.0136940226792	0.0156159907746
-rao	0.0458265139116	0.954173486088	0.0	0.0
-iwa	0.144162115698	0.0952299440062	0.0179173319182	0.742690608377
-ypy	0.131086142322	0.841448189763	0.0	0.0274656679151
-rak	0.728673445533	0.105047762772	0.0309787117677	0.135300079927
-ero	0.0466654171479	0.44154752024	0.0337666565241	0.478020406088
-era	0.00648403306856	0.978926892527	0.0	0.0145890744043
-iwi	0.862745098039	0.0392156862745	0.0980392156863	0.0
-iwo	0.0916030534351	0.81679389313	0.018320610687	0.0732824427481
-ere	0.182244225514	0.190375150849	0.0331648637351	0.594215759902
-oza	0.29727465226	0.242723731466	0.400969931861	0.0590316844129
-azy	0.182868478964	0.637566085206	0.0342315379341	0.145333897896
-oze	0.353489462101	0.349477048155	0.0728805518565	0.224152937887
-pos	0.124882334484	0.809852525886	0.0131785378099	0.05208660182
-yhỹ	0.378496600891	0.107504267228	0.0207450354469	0.493254096435
-ozo	0.483851173206	0.199358825289	0.0588095060136	0.257980495492
-iaõ	0.0	1.0	0.0	0.0
-pok	0.260490822505	0.580104345813	0.0989810645074	0.0604237671749
-poi	0.646551724138	0.129310344828	0.0	0.224137931034
-azi	0.758337543201	0.177672464256	0.0168394717217	0.0471505208208
-edõ	0.0	1.0	0.0	0.0
-aze	0.222531137762	0.158486927248	0.0413078303614	0.577674104628
-aza	0.329081536868	0.369612065763	0.136540257764	0.164766139606
-ike	0.210233518771	0.3236283687	0.376594823279	0.0895432892501
-sje	0.247510668563	0.705547652916	0.0256045519204	0.0213371266003
-ika	0.178850355306	0.586621980697	0.0505058676018	0.184021796396
-ouk	0.342799188641	0.223123732251	0.434077079108	0.0
-nos	0.000648088139986	0.968243681141	0.0136098509397	0.0174983797797
-iki	0.363299809403	0.399830618049	0.112597218206	0.124272354342
-uja	0.22153240688	0.364496039768	0.128665121385	0.285306431967
-iku	0.38107729654	0.397308939869	0.107150985875	0.114462777715
-nok	0.0	1.0	0.0	0.0
-ewã	0.229690668277	0.639156132706	0.0116484749126	0.119504724104
-ỹja	0.572133168927	0.30867242088	0.032881216605	0.0863131935882
-res	0.0156412930135	0.874608967675	0.025417101147	0.0843326381648
-ypu	0.0676001931434	0.543698696282	0.0	0.388701110575
-noe	0.00579150579152	0.994208494208	0.0	0.0
-iky	0.194684499699	0.134142638296	0.033041296122	0.638131565883
-ahi	0.155755374453	0.0908512021104	0.0292292542004	0.724164169236
-boa	0.253865073788	0.50808151792	0.202916373858	0.0351370344343
-ori	0.146883268722	0.826195311058	0.0269214202203	0.0
-aha	0.359407288456	0.22369100153	0.0574776182126	0.359424091801
-bok	0.244135826854	0.49251524868	0.0244975743689	0.238851350097
-oku	0.29139836617	0.202210475733	0.321864488227	0.18452666987
-myi	0.319878692736	0.383784364671	0.183097997856	0.113238944737
-pyk	0.317953005016	0.241050336359	0.0691599667826	0.371836691842
-awõ	0.23208272905	0.649448262816	0.110700548584	0.00776845954977
-ahu	0.273991655076	0.52016689847	0.13073713491	0.0751043115438
-yku	0.499952593154	0.133876931829	0.0995543756519	0.266616099365
-sau	0.0598669623059	0.838137472284	0.0	0.10199556541
-tok	0.162296791202	0.246808670625	0.124111166083	0.46678337209
-yky	0.413968093115	0.337187961705	0.0819085118947	0.166935433285
-ibo	0.122676110051	0.04515896127	0.0123464888372	0.819818439842
-ibi	0.109561752988	0.890438247012	0.0	0.0
-yka	0.395423214778	0.259387923904	0.0887786049077	0.25641025641
-sak	0.277151444958	0.258282658318	0.0559587262675	0.408607170457
-iba	0.456700576931	0.157466980975	0.0652483319333	0.320584110161
-ybo	0.166964162539	0.0604468844181	0.0136072078405	0.758981745202
-ros	0.0875279642058	0.684563758389	0.0209731543624	0.206935123043
-ybe	0.667228306655	0.105307497894	0.227464195451	0.0
-yba	0.40460484346	0.333063644671	0.140328860563	0.122002651305
-roe	0.0375	0.9625	0.0	0.0
-yby	0.278327062874	0.32335688372	0.248888932886	0.14942712052
-pão	0.72549979293	0.0734159105455	0.079703324423	0.121380972102
-ype	0.254522765482	0.44296781957	0.0279529264953	0.274556488453
-ieu	0.0262368815592	0.962651027427	0.0111120910133	0.0
-roi	0.0	1.0	0.0	0.0
-rok	0.458291154474	0.389315413784	0.0600275423627	0.0923658893792
-ipi	0.00405277615166	0.993245373081	0.0	0.00270185076778
-ipo	0.671291573148	0.249132830035	0.00612119975516	0.0734543970618
-ipa	0.381150718592	0.449016943127	0.0369253896047	0.132906948677
-ewy	0.429696202458	0.360760148943	0.09442908687	0.115114561729
-ipe	0.267191304334	0.0575161481146	0.00349191517995	0.671800632372
-ewe	0.167617206668	0.832382793332	0.0	0.0
-ewa	0.0554187192118	0.713183821623	0.124449053669	0.106948405497
-ewi	0.0316130775466	0.840313428803	0.0643069440692	0.0637665495812
-ipu	0.278142076503	0.465573770492	0.134426229508	0.121857923497
-awi	0.0114658879059	0.963766788438	0.00113150209598	0.0236358215603
-õze	0.23631277131	0.61615939189	0.0429171888872	0.104610647913
-boã	0.0	1.0	0.0	0.0
-awa	0.196777596099	0.151971760434	0.0183216112515	0.632929032216
-awe	0.0976439048845	0.689762646847	0.194285216103	0.0183082321658
-õzo	0.320379709285	0.45120142391	0.0593295757935	0.169089291012
-awy	0.29482017276	0.441505538826	0.0609131733039	0.202761115111
-ãrã	0.372670807453	0.534161490683	0.0	0.0931677018633
-ẽhĩ	0.38772617607	0.31162625664	0.113967478018	0.186680089272
-ety	0.538651410078	0.351951301608	0.0645163495184	0.0448809387954
-kda	0.395352491803	0.221357756886	0.0953630045255	0.287926746785
-ido	0.420731333211	0.14592919811	0.0101233204491	0.42321614823
-stu	0.014787899315	0.905521660372	0.00362442706478	0.076066013248
-wky	0.19298245614	0.754385964912	0.0526315789474	0.0
-kdi	0.165949512335	0.509896729776	0.30694205393	0.0172117039587
-kdu	0.59842519685	0.125984251969	0.181102362205	0.0944881889764
-sto	0.0925666199158	0.873772791024	0.0336605890603	0.0
-ehỹ	0.417112299465	0.24064171123	0.165775401069	0.176470588235
-ste	0.100644772453	0.795517260199	0.025072493255	0.0787654740935
-sta	0.104300338186	0.21137585649	0.159560803642	0.524763001682
-yza	0.171959743624	0.650284069774	0.159699973126	0.0180562134759
-paỹ	0.5032599837	0.0448247758761	0.451915240424	0.0
-hyk	0.467086922027	0.388228918094	0.0484991541961	0.0961850056831
-roã	0.0	0.931350114417	0.0	0.0686498855835
-tos	0.1506007107	0.0900784026172	0.00846071408429	0.750860172599
-mue	0.0731707317073	0.907317073171	0.0	0.0195121951219
-yto	0.207750631845	0.384161752317	0.39797809604	0.0101095197978
-oba	0.370170505262	0.509507726113	0.0656512951139	0.0546704735112
-ois	0.154613466334	0.400665004156	0.0232751454696	0.42144638404
-erẽ	0.0	1.0	0.0	0.0
-ĩwy	0.165396307222	0.815735485707	0.0188682070711	0.0
-ĩkĩ	0.351941019319	0.387030273103	0.0885219511277	0.17250675645
-yta	0.277501301145	0.504445809667	0.0584958341348	0.159557055053
-mus	0.0	1.0	0.0	0.0
-yty	0.289747014426	0.381145765531	0.104195197609	0.224912022434
-ios	0.0518358531317	0.857451403888	0.0518358531317	0.0388768898488
-ytu	0.282791659577	0.225775206482	0.217083993246	0.274349140696
-oik	0.211204540527	0.67986995936	0.0535538723276	0.0553716277852
-ryk	0.342099475998	0.328479269928	0.0522612135194	0.277160040555
-uwa	0.0518653321201	0.46669699727	0.169335759782	0.312101910828
-eza	0.174714763497	0.592900015444	0.168524561431	0.0638606596291
-eze	0.158129574156	0.122560974991	0.0129789411777	0.706330509675
-zyk	0.306321328111	0.44556618381	0.136475124086	0.111637363993
-idy	0.287390892838	0.136333999369	0.0500578399411	0.526217267852
-rky	0.364877161056	0.0673339399454	0.404003639672	0.163785259327
-pek	0.0609137055838	0.675126903553	0.121827411168	0.142131979695
-peu	0.338034405155	0.463704864173	0.0187614254605	0.179499305211
-iyk	0.430999367205	0.444537039278	0.0721801703361	0.052283423181
-pes	0.093023255814	0.767441860465	0.093023255814	0.046511627907
-orã	0.0	0.964071856287	0.0179640718563	0.0179640718563
-syk	0.535534164065	0.383874227656	0.00819575677408	0.0723958515042
-ity	0.29793785459	0.180483209322	0.0563113649179	0.46526757117
-itu	0.212836317854	0.539149874373	0.0851685653923	0.162845242381
-oty	0.408674840582	0.209862912263	0.0260324554473	0.355429791707
-bão	0.211009174312	0.678899082569	0.0550458715595	0.0550458715597
-ito	0.0284897476341	0.825611198738	0.0491259200841	0.0967731335436
-tes	0.0	0.823529411765	0.176470588235	0.0
-eso	0.0695737383635	0.82671892863	0.037073330067	0.0666340029398
-esa	0.195996333276	0.722608990082	0.0622021818663	0.0191924947766
-ite	0.0	1.0	0.0	0.0
-ese	0.0	1.0	0.0	0.0
-ita	0.267963048201	0.405829918996	0.18095738594	0.145249646863
-yze	0.230068528686	0.11757085099	0.0226537925758	0.629706827749
-spe	0.239976659858	0.0414256593109	0.00585737221341	0.712740308618
-udu	0.931125827815	0.0635761589404	0.00529801324503	0.0
-spi	0.177263969171	0.747591522158	0.0462427745665	0.028901734104
-ria	0.0138235112746	0.916863655985	0.0144298957841	0.0548829369566
-yzu	0.0	0.84738372093	0.15261627907	0.0
-uda	0.0641379746568	0.891458812119	0.0296021421494	0.0148010710747
-spu	0.0881222371709	0.882354197365	0.0175646528712	0.0119589125932
-ude	0.0	1.0	0.0	0.0
-ezi	0.0745252597635	0.182730204228	0.0128986026514	0.729845933357
-udi	0.0449438202247	0.433707865168	0.45393258427	0.067415730337
-ezo	0.356114084428	0.308377042661	0.0676803961509	0.26782847676
-duk	0.555555555556	0.109649122807	0.203216374269	0.131578947368
-uok	0.0	0.953416149068	0.0465838509317	0.0
-ĩsĩ	0.0	0.0	0.0	1.0
-huk	0.269336923672	0.560877217853	0.0886478548249	0.0811380036496
-hue	0.124028951143	0.735029058922	0.140941989935	0.0
-aby	0.612793043636	0.17671614	0.0316853262713	0.178805490093
-hua	0.534476969888	0.234057286749	0.106914279719	0.124551463645
-abe	0.0711670399204	0.896923427577	0.0118562941867	0.0200532383157
-wok	1.0	0.0	0.0	0.0
-aba	0.203929485266	0.161363047226	0.0696274911302	0.565079976378
-nja	0.093023255814	0.860465116279	0.046511627907	0.0
-ỹwy	0.328	0.416	0.096	0.16
-abo	0.109465843065	0.0765938422172	0.0147847561187	0.799155558599
-rão	0.019473220036	0.929893407374	0.0402816608604	0.0103517117295
-tua	0.289412801586	0.274319709155	0.0374573096838	0.398810179575
-koa	0.036119193338	0.876592756095	0.00451489916725	0.0827731513996
-ada	0.087163315187	0.728922089769	0.176166744806	0.00774785023883
-kok	0.546600856534	0.257043338538	0.0464656511795	0.149890153748
-tus	0.0620947967338	0.878508455208	0.0283295110977	0.0310672369601
-oro	0.180893462967	0.594186249861	0.0481054906938	0.176814796479
-kos	0.128952859971	0.758681577399	0.0449462250522	0.0674193375782
-soe	0.09375	0.86875	0.0375	0.0
-ora	0.0966972510053	0.834083458687	0.0402730416335	0.0289462486741
-ore	0.609849696194	0.205582712778	0.0426584129015	0.141909178126
-yhu	0.319064908059	0.37208307829	0.100368100217	0.208483913434
-rus	0.0610687022901	0.801526717557	0.137404580153	0.0
-yhy	0.467736150136	0.270194215345	0.0630791064245	0.198990528094
-uka	0.301839549936	0.449521794073	0.0967420540008	0.15189660199
-ruk	0.274886590085	0.149424754463	0.0244247728312	0.551263882621
-yha	0.402429936607	0.390070536012	0.093135655234	0.114363872148
-omo	0.536142725315	0.166102737619	0.141494924639	0.156259612427
-oma	0.0708312702866	0.578450789459	0.214969466909	0.135748473345
-yhi	0.348733243802	0.240532519664	0.0628951675677	0.347839068967
-ome	0.00304259634888	0.942190669371	0.0	0.0547667342799
-eas	0.0	1.0	0.0	0.0
-rãk	0.371325425477	0.628674574523	0.0	0.0
-owo	0.518933185617	0.286296616106	0.134500399159	0.0602697991169
-diã	0.0888888888889	0.866666666667	0.0444444444444	0.0
-ize	0.336775147005	0.410316701708	0.106442465137	0.14646568615
-iza	0.181420927017	0.414875780821	0.174619288045	0.229084004116
-izo	0.357909571166	0.431953139531	0.02917866484	0.180958624463
-izi	0.254041570439	0.621247113164	0.0277136258661	0.0969976905311
-odo	0.664577967253	0.225155733248	0.00894051077024	0.101325788729
-eho	0.490774907749	0.354243542435	0.154981549815	0.0
-õta	0.0829493087558	0.529953917051	0.338709677419	0.0483870967742
-ehi	0.32716568545	0.318755256518	0.140454163162	0.21362489487
-ĩko	0.0158036075002	0.159865966396	0.0434183321847	0.780912093919
-odõ	0.0	0.833687931734	0.135580490434	0.0307315778318
-ehe	0.316220015866	0.440948686681	0.143355026985	0.0994762704674
-ure	0.518272425249	0.347650688182	0.0700047460845	0.064072140484
-eha	0.558657069181	0.183172776864	0.0371410432443	0.22102911071
-ury	0.184105181767	0.648045743577	0.0771105367596	0.0907385378965
-õse	0.245939675174	0.0804331013148	0.0371229698376	0.636504253674
-kyk	0.374502267909	0.341681318692	0.0897940178385	0.194022395561
-zek	0.593098490295	0.32063263839	0.0647016534867	0.0215672178289
-õty	0.229508196721	0.770491803279	0.0	0.0
-uru	0.234545926404	0.631219237908	0.0161062116635	0.118128624025
-hyỹ	0.226632141312	0.327370601717	0.029778340422	0.416218916549
-apa	0.170518659343	0.428652300327	0.290340353169	0.110488687161
-ẽna	0.175506252571	0.251598562149	0.259815083954	0.313080101326
-ape	0.24017944859	0.168465485963	0.059023390794	0.532331674653
-apo	0.0	1.0	0.0	0.0
-byi	0.242167344512	0.299100709363	0.121258542481	0.337473403644
-dua	0.0617184995191	0.92144918243	0.0168323180507	0.0
-byu	0.652888476985	0.224158171146	0.0531356194007	0.0698177324683
-uão	0.0731225821301	0.835168775064	0.00898540204142	0.0827232407645
-apu	0.314823422661	0.498636528599	0.0949514564105	0.0915885923292
-pas	0.0384988521175	0.716758445135	0.234243015806	0.0104996869412
-wak	0.410635619887	0.436438011328	0.0648206419131	0.0881057268722
-tso	0.88780683031	0.0828441835646	0.0	0.0293489861259
-õte	0.0	1.0	0.0	0.0
-tuk	0.0714748239771	0.0706614396733	0.0201249362081	0.837738800141
-nue	0.368421052632	0.631578947368	0.0	0.0
-sus	0.0156232637579	0.573951294721	0.00114847285998	0.409276968661
-keu	0.0360439080334	0.951941455955	0.0	0.0120146360111
-suk	0.386662369198	0.418576777133	0.0727461616539	0.122014692015
-sos	0.397058823529	0.602941176471	0.0	0.0
-sui	0.075	0.925	0.0	0.0
-azo	0.155271108366	0.594219010886	0.041670754733	0.208839126016
-sue	0.176772664428	0.70472052143	0.0118506814142	0.106656132728
-nus	0.0	0.977981651376	0.0	0.0220183486239
-dia	0.0197044334975	0.980295566502	0.0	0.0
-aru	0.174979009236	0.704450041982	0.0534005037784	0.0671704450041
-dio	0.248727272727	0.693090909091	0.032	0.0261818181818
-ãta	0.230878186969	0.167138810198	0.100566572238	0.501416430595
-dik	0.377579589072	0.438925265297	0.0564235719124	0.127071573719
-ahỹ	0.358276643991	0.164399092971	0.443310657596	0.0340136054422
-dão	0.0586411899419	0.905387587036	0.00589881792315	0.0300724050985
-dis	0.0395569620253	0.93670886076	0.0237341772152	0.0
-uha	0.254523349818	0.598574094172	0.0827814356478	0.0641211203621
-iha	0.164896524092	0.510282234576	0.166104192932	0.1587170484
-ske	0.197915091433	0.543125179584	0.03212719601	0.226832532973
-sok	0.412165470252	0.391630657235	0.132753728078	0.0634501444347
-uku	0.399278681011	0.326462544359	0.073293322426	0.200965452204
-uky	0.234113929329	0.654959271238	0.0681129470202	0.0428138524127
-ihi	0.106228013788	0.0482757370577	0.0245897135418	0.820906535612
-sko	0.0321356839991	0.930819013613	0.0	0.0370453023878
-ĩsẽ	0.0	1.0	0.0	0.0
-uke	0.470008566044	0.309670035977	0.0946020215864	0.125719376392
-ihu	0.325550367678	0.319744529068	0.232033950216	0.122671153038
-uki	0.0319999999999	0.608	0.237333333333	0.122666666667
-urõ	0.0	1.0	0.0	0.0
-ẽto	0.0234146341463	0.103414634146	0.0	0.873170731707
-tia	0.0	1.0	0.0	0.0
-ãso	0.0625	0.8125	0.125	0.0
-aio	0.0	1.0	0.0	0.0
-tio	0.114980093705	0.37427475542	0.048749180686	0.461995970189
-aik	0.395935377659	0.413690950134	0.083883981525	0.106489690683
-ẽta	0.332777813401	0.302574249975	0.147659118116	0.216988818509
-ema	0.0	1.0	0.0	0.0
-jas	0.0907049577498	0.853453879336	0.0242273828517	0.0316137800626
-osã	0.0	1.0	0.0	0.0
-spa	0.11338028169	0.768309859155	0.118309859155	0.0
-emo	0.158345221113	0.66512125535	0.0320970042796	0.144436519258
-iro	0.0475046231189	0.919607560876	0.0172744084069	0.0156134075985
-ẽte	0.0	1.0	0.0	0.0
-seu	0.0604266863979	0.903715719476	0.00796835425025	0.0278892398759
-uwy	0.209670668402	0.501455716013	0.150719940614	0.138153674971
-ana	0.0994043098872	0.0805365048888	0.0086579499513	0.811401235273
-zak	0.16955017301	0.83044982699	0.0	0.0
-etu	0.348932846998	0.232318827796	0.121078569829	0.297669755377
-ĩhĩ	0.231869013353	0.351625536734	0.352097390648	0.0644080592649
-eta	0.204868991827	0.572235867898	0.0941715030341	0.128723637241
-ete	0.0724236515094	0.0919992385556	0.0115383521753	0.82403875776
-eto	0.123377004876	0.838787380295	0.0378356148287	0.0
-atu	0.188531927633	0.085812416685	0.0379196316642	0.687736024017
-õtõ	0.142020565316	0.741780790335	0.116198644349	0.0
-ank	0.177814115413	0.232935963709	0.0523789429265	0.536870977951
-weu	0.0	1.0	0.0	0.0
-aty	0.163593071932	0.262012966611	0.0262897012565	0.5481042602
-300	0.135802469136	0.37037037037	0.283950617284	0.20987654321
-tõs	0.0989010989011	0.901098901099	0.0	0.0
-ata	0.183452496229	0.389684449169	0.0546159739603	0.372247080642
-ato	0.0	1.0	0.0	0.0
-000	0.315352452741	0.118091260368	0.0	0.566556286891
-ose	0.0541942322236	0.535642190636	0.00687774290937	0.403285834232
-nis	0.0	0.822311109402	0.177688890598	0.0
-kai	0.0	1.0	0.0	0.0
-osa	0.0	1.0	0.0	0.0
-õni	0.182425978988	0.643744030564	0.0420248328558	0.131805157593
-niu	0.15	0.4875	0.0	0.3625
-oso	0.0928831331495	0.760486628955	0.0446665812218	0.101963656673
-niy	0.209634405501	0.040612534252	0.0	0.749753060247
-ião	0.0	0.820512820513	0.179487179487	0.0
-nia	0.158579181955	0.607087268939	0.141989187317	0.0923443617899
-kas	0.042328042328	0.903174603175	0.0015873015873	0.05291005291
-nio	0.135051226327	0.770568146538	0.0254579323192	0.0689226948153
-kau	0.0	1.0	0.0	0.0
-sty	0.229087671038	0.098201930594	0.0540549579642	0.618655440404
-yry	0.426654718671	0.262460762768	0.0956647893597	0.215219729201
-aje	0.063292886999	0.845753868984	0.00264270926927	0.0883105347481
-aja	0.358329424358	0.293105449045	0.053516919944	0.295048206653
-ate	0.0149255599811	0.985074440019	0.0	0.0
-yri	0.311124237941	0.43694095581	0.107010337793	0.144924468456
-khy	0.0280373831776	0.775700934579	0.0280373831776	0.168224299065
-yra	0.118948232837	0.804380315876	0.0236463354436	0.0530251158432
-ĩto	0.111111111111	0.888888888889	0.0	0.0
-oja	0.203138435082	0.518486672399	0.165520206363	0.112854686156
-oje	0.0080836783186	0.861475148813	0.00661391862431	0.123827254244
-ĩte	0.0459770114943	0.141762452107	0.0287356321839	0.783524904215
-ĩta	0.0317376355461	0.074054482941	0.0309441946575	0.863263686855
-amy	0.247972342791	0.249947640407	0.0489401642044	0.453139852598
-atõ	0.615734188142	0.271631509149	0.0563171513545	0.0563171513544
-kwy	0.17634213521	0.561935764484	0.0602468857368	0.20147521457
-anu	0.278601998548	0.532204616644	0.0557692154828	0.133424169325
-ebo	0.390909090909	0.527272727273	0.0	0.0818181818182
-eba	0.553766018085	0.204451272541	0.0428519787508	0.198930730624
-amu	0.391247367189	0.398080973555	0.0688041188861	0.14186754037
-ebe	0.0301906779661	0.960275423729	0.00953389830509	0.0
-ami	0.0	0.980066445183	0.0	0.0199335548173
-atã	0.0	1.0	0.0	0.0
-amo	0.132806013995	0.135917015628	0.0244044849513	0.706872485426
-atá	0.333333333333	0.490196078431	0.0392156862745	0.137254901961
-ama	0.00800851190409	0.905499559532	0.086491928564	0.0
-kwa	0.457787972833	0.425043853731	0.065218369091	0.0519498043449
-ebu	0.14698332928	0.85301667072	0.0	0.0
-kak	0.400574443849	0.362995174731	0.13953533175	0.0968950496691
-hik	0.341666537219	0.459699483006	0.0710209942508	0.127612985524
-uso	0.0	0.833333333333	0.166666666667	0.0
-iri	0.164610467553	0.658646929407	0.0738504239263	0.102892179113
-ire	0.0129084693902	0.974948007554	0.0121435230559	0.0
-usa	0.188940696488	0.205988634708	0.0334401865074	0.571630482296
-kzu	0.69696969697	0.230303030303	0.0727272727273	0.0
-ira	0.106842879285	0.718593436135	0.0155993079837	0.158964376596
-use	0.142857142857	0.857142857143	0.0	0.0
-tsõ	0.542895685055	0.382392660616	0.0186986899045	0.056012964425
-kzo	0.438863643062	0.306041771188	0.101035852137	0.154058733613
-iry	0.0472854640981	0.248686514886	0.60945709282	0.0945709281961
-kzi	0.275325843623	0.270679315253	0.066691977071	0.387302864053
-iru	0.118949176261	0.830163475606	0.00381655110997	0.0470707970231
-eis	0.286835222319	0.111944202267	0.0418482999128	0.559372275501
-kze	0.35830230857	0.264475426986	0.0790321996715	0.298190064772
-usu	0.588442232972	0.242770494019	0.0700204671213	0.0987668058876
-kza	0.281594217924	0.494533770801	0.065628552722	0.158243458553
-uza	0.244792497368	0.58319244633	0.0452965006858	0.126718555616
-epe	0.284776415211	0.545026631983	0.123126470953	0.0470704818531
-uze	0.289206472471	0.341465094659	0.0463282646809	0.323000168189
-oda	0.0401227283455	0.840689166863	0.114467783809	0.00472032098184
-ỹzo	0.567088607595	0.326582278481	0.0455696202532	0.0607594936709
-uzo	0.297430455057	0.452408432502	0.0951823669227	0.154978745518
-yzo	0.273697236775	0.48568124881	0.0403029470235	0.200318567392
-atĩ	0.109827616847	0.84538830638	0.0	0.0447840767727
-pia	0.0208913649025	0.91782729805	0.050139275766	0.0111420612813
-oas	0.0347826086956	0.965217391304	0.0	0.0
-ius	0.120116618076	0.790087463557	0.0489795918367	0.0408163265307
-pik	0.588062454085	0.0919466579189	0.0177298170805	0.302261070916
-iuk	0.320470964351	0.314954610904	0.240489126209	0.124085298536
-piu	0.216339962799	0.639433395336	0.0961510945772	0.0480755472886
-szo	0.215419501134	0.701436130008	0.0680272108844	0.0151171579743
-ehu	0.313673523272	0.27976744997	0.0292630435757	0.377295983181
-zoi	0.106387290265	0.60253708357	0.0936208154333	0.197454810732
-ipỹ	0.210743801653	0.363636363636	0.307851239669	0.117768595041
-ĩze	0.357327848301	0.363956430025	0.176772188483	0.101943533192
-ĩza	0.88717948718	0.0820512820513	0.0307692307692	0.0
-ĩzo	0.040404040404	0.39898989899	0.378787878788	0.181818181818
-tsy	0.105963209635	0.774453606055	0.061372050536	0.0582111337735
-kmy	0.526802218115	0.177449168207	0.0	0.295748613678
-uri	0.652695845881	0.203003176437	0.024256425065	0.120044552617
-uhu	0.128017499075	0.128886277917	0.0419346987696	0.701161524238
-owe	0.157657657658	0.368243243243	0.0	0.474099099099
-sda	0.0258231116849	0.954809554551	0.0	0.0193673337637
-tsu	0.583783783784	0.24972972973	0.127567567568	0.0389189189189
-owy	0.394374089212	0.384431397917	0.107374485429	0.113820027442
-uho	0.113384155634	0.886615844366	0.0	0.0
-tsi	0.29255701148	0.475918360966	0.109291909947	0.122232717607
-õje	0.0357142857143	0.72619047619	0.220238095238	0.0178571428571
-uhi	0.1125	0.8125	0.0375	0.0375
-irõ	0.104473070291	0.475707475403	0.0152145247997	0.404604929506
-eri	0.433243232321	0.430224329469	0.0289889856316	0.107543452578
-tsa	0.175324497245	0.375072566082	0.0782858838231	0.37131705285
-kma	0.0862745098039	0.870588235294	0.0313725490196	0.0117647058823
-tse	0.0885310991345	0.645816959355	0.0256655046909	0.23998643682
-ktu	0.376513968678	0.356353155469	0.121746613273	0.14538626258
-epã	0.0	1.0	0.0	0.0
-ona	0.0231421959373	0.918488043199	0.0308562612497	0.0275134996143
-any	0.713098456386	0.102872088866	0.0297307299082	0.15429872484
-uro	0.0724246716558	0.712536124622	0.0311089922147	0.183930211508
-kty	0.559310504187	0.296400186885	0.0393840458943	0.104905263034
-das	0.0814398694451	0.824927818227	0.000941501380868	0.0926908109466
-kte	0.175990888051	0.545567022314	0.169418931311	0.109023158324
-kta	0.253427325387	0.277897816519	0.0576712248498	0.411003633244
-uzu	0.517657192076	0.141257536606	0.341085271318	0.0
-ani	0.269211691292	0.21910866314	0.20125689928	0.310422746288
-mwe	0.0635390053873	0.757188831804	0.0605816659865	0.118690496822
-kto	0.494714895826	0.213449905833	0.0277464907012	0.26408870764
-ano	0.0101867572156	0.949066213922	0.0407470288625	0.0
-kaĩ	0.0	1.0	0.0	0.0
-kse	0.373052982522	0.332642397309	0.0772543603743	0.217050259795
-ksi	0.555344912134	0.180763524313	0.0473561579107	0.216535405642
-kso	0.3129883386	0.199007648565	0.193188964759	0.294815048075
-õto	0.0	1.0	0.0	0.0
-ksu	0.398821218075	0.499017681729	0.0196463654224	0.082514734774
-yik	0.466853726973	0.123362205685	0.0282786385263	0.381505428815
-tau	0.0	0.969863013699	0.0301369863014	0.0
-kby	0.641891891892	0.358108108108	0.0	0.0
-tas	0.0282574568289	0.9284144427	0.015070643642	0.0282574568289
-mia	0.103448275862	0.896551724138	0.0	0.0
-ubẽ	0.0	1.0	0.0	0.0
-mis	0.078431372549	0.921568627451	0.0	0.0
-eno	0.028125	0.596875	0.375	0.0
-miu	0.0560123613487	0.104795541085	0.000827768886927	0.838364328679
-eni	0.198994821705	0.144333151722	0.28962567317	0.367046353404
-oek	0.428233268776	0.558855175382	0.0	0.0129115558425
-ene	0.0132596685083	0.982320441989	0.00441988950277	0.0
-ena	0.0360201168955	0.921503330162	0.0135924969417	0.0288840560011
