-her	0.0724290717655	0.849583289787	0.0124927996267	0.065494838821
-hel	0.718638954853	0.103951652933	0.0666612076051	0.110748184609
-iva	0.528603344391	0.255500643152	0.0938325096473	0.12206350281
-hen	0.527469735067	0.2179229507	0.129328431264	0.125278882969
-hei	0.0296623540549	0.694225307668	0.0971915430735	0.178920795204
-rbe	0.325684706911	0.418428531276	0.0705006089754	0.185386152837
-ivi	0.630302317835	0.0943788083623	0.0550559376164	0.220262936186
-hea	0.0761635117111	0.439829655802	0.388188220979	0.0958186115076
-lem	0.417035877629	0.405260806481	0.0246565472182	0.153046768672
-aus	0.037037037037	0.888888888889	0.0740740740741	0.0
-ziu	0.558087891538	0.3203599813	0.0262973352034	0.0952547919588
-zin	0.502082438074	0.326986901071	0.0693218791246	0.101608781731
-zil	0.577649923527	0.308098201267	0.0616826758167	0.0525691993897
-lea	0.229502742543	0.290753167514	0.0275436016122	0.452200488331
-nse	0.0937499999999	0.75625	0.13125	0.01875
-ufo	0.0	0.943396226415	0.0566037735849	0.0
-aum	0.0345734348737	0.944006067433	0.00338218384634	0.0180383138471
-nsa	0.0512820512821	0.948717948718	0.0	0.0
-zia	0.795454545455	0.159090909091	0.0454545454545	0.0
-puv	0.0258483533224	0.866048289321	0.0247441080628	0.0833592492934
-nto	0.0321222574603	0.64324264174	0.313989502773	0.0106455980267
-nta	0.308559861191	0.398785425101	0.260844418739	0.0318102949682
-nte	0.0890731190051	0.41350556707	0.477755820119	0.0196654938063
-kia	0.0450281425891	0.928705440901	0.00187617260788	0.0243902439024
-uao	0.0	0.508771929825	0.438596491228	0.0526315789474
-uan	0.0349630012602	0.921349403819	0.00794907422367	0.0357385206967
-duo	0.00476821192053	0.954304635762	0.0259713024283	0.0149558498896
-eus	0.0185185185185	0.981481481482	0.0	0.0
-dro	0.0122060105673	0.954668641477	0.0162501706951	0.0168751772603
-pra	0.00768245838668	0.923175416133	0.0614596670935	0.00768245838668
-pre	0.125068368277	0.297538742024	0.0758432087511	0.501549680948
-rba	0.500747646339	0.211697193732	0.0114083669153	0.276146793014
-sme	0.5	0.375	0.0833333333333	0.0416666666667
-opo	0.0189738524718	0.953890939336	0.0228725892811	0.00426261891147
-ope	0.207983334453	0.714904912304	0.0624958000134	0.0146159532289
-ive	0.0278053097454	0.827895187447	0.0268868450632	0.117412657744
-dea	0.312912213223	0.606605273864	0.035122107573	0.0453604053404
-dei	0.00816864295125	0.952700922266	0.00830039525692	0.0308300395257
-dek	0.10546875	0.88671875	0.00390625	0.00390625
-del	0.221162656345	0.667153974115	0.0119685733867	0.0997147961533
-dem	0.664553125442	0.0998303264285	0.038745832359	0.19687071577
-den	0.629942724685	0.166533557249	0.052126945212	0.151396772854
-deo	0.0031612223393	0.996838777661	0.0	0.0
-oko	0.07287199608	0.828364216617	0.0834360281584	0.0153277591444
-des	0.0166408147909	0.521317806111	0.0326446605945	0.429396718503
-ime	0.576704857894	0.259849712723	0.121013902339	0.042431527045
-aka	0.0411077279242	0.0448646461374	0.00341437542791	0.91061325051
-oke	0.105916485475	0.178427067292	0.0126780574027	0.70297838983
-vin	0.576262615317	0.225540553232	0.0523756890112	0.14582114244
-oka	0.105960264901	0.874172185431	0.00993377483441	0.00993377483444
-imo	0.137457044674	0.659793814433	0.167239404353	0.0355097365407
-rpi	0.145056726094	0.738249594814	0.097244732577	0.0194489465154
-ido	0.0530936454849	0.935618729097	0.00627090301004	0.00501672240803
-lla	0.504536189601	0.315135286359	0.0250989169098	0.15522960713
-obi	0.501858863949	0.435529185655	0.020228476282	0.0423834741146
-obo	0.0380952380952	0.939682539683	0.0222222222222	0.0
-lle	0.0531914893617	0.414893617021	0.095744680851	0.436170212766
-rpa	0.0294117647059	0.911764705882	0.0588235294118	0.0
-lli	0.640940640216	0.297213301564	0.0183362685175	0.0435097897027
-oba	0.0682435052346	0.73749515316	0.141915471113	0.0523458704925
-rpe	0.0325203252032	0.967479674797	0.0	0.0
-obe	0.104216011369	0.895783988631	0.0	0.0
-bie	0.0774965666078	0.899744948009	0.00549342750638	0.0172650578772
-tlo	0.953020134228	0.00671140939597	0.0402684563759	0.0
-siu	0.724075416969	0.20062847474	0.0221174764322	0.0531786318588
-bia	0.0376758204957	0.922638981916	0.0286336235767	0.0110515740121
-bin	0.295167242282	0.615787891331	0.0577142652508	0.0313306011361
-bil	0.590605918768	0.301484800173	0.0584289277926	0.0494803532658
-tle	0.65306122449	0.285714285714	0.0204081632653	0.0408163265306
-rig	0.0906283773352	0.565138181257	0.0330399876486	0.311193453759
-hle	0.744862930909	0.0216603007301	0.000580186626698	0.232896581734
-rie	0.0969696969696	0.721212121212	0.141414141414	0.040404040404
-hla	0.926076841446	0.0277543468205	0.00122445647737	0.0449443552556
-ute	0.101937193397	0.056017474129	0.368360368103	0.473684964371
-rin	0.141758323425	0.244983650416	0.148576843044	0.464681183115
-rio	0.0576060984501	0.848405004079	0.0682177481646	0.0257711493066
-ril	0.380583139093	0.469448010182	0.0416420225303	0.108326828195
-uti	0.719064861461	0.132163098237	0.0495906801008	0.0991813602015
-uto	0.0	0.0128205128205	0.987179487179	0.0
-tea	0.205281445448	0.766087560806	0.0169562195969	0.0116747741487
-riu	0.628052598622	0.176581089543	0.0958046336882	0.0995616781465
-ris	0.295366269165	0.638534923339	0.0248722316866	0.0412265758092
-gre	0.0596745027125	0.690777576854	0.249547920434	0.0
-tel	0.773522267206	0.0695546558705	0.00485829959514	0.152064777328
-tem	0.273764258555	0.133079847909	0.0627376425855	0.530418250951
-ten	0.459287282228	0.485785426295	0.0105865450054	0.044340746472
-teo	0.00842696629214	0.988061797753	0.00210674157303	0.00140449438202
-ard	0.574468085106	0.148936170213	0.0212765957447	0.255319148936
-are	0.155034187556	0.183850121111	0.164963803101	0.496151888232
-duk	0.209960743048	0.628387194709	0.0768413028679	0.0848107593754
-ara	0.276577419403	0.555174410834	0.104709612272	0.063538557491
-mes	0.0	0.846153846154	0.153846153846	0.0
-aro	0.0266159966351	0.23141678412	0.222652634526	0.519314584719
-ari	0.149778471412	0.397166938746	0.194966981815	0.258087608027
-jia	0.0117647058824	0.976470588235	0.0117647058823	0.0
-mee	0.0106007067138	0.989399293286	0.0	0.0
-mea	0.0973146095097	0.736634639074	0.0362158167036	0.129834934713
-arr	0.0261397230434	0.964057880815	0.0014003423059	0.0084020538354
-mel	0.650227550717	0.20546581341	0.0715050849485	0.0728015509238
-meo	0.173913043478	0.704347826087	0.121739130435	0.0
-men	0.0305728273841	0.0391173275472	0.00896244528795	0.921347399781
-rro	0.0905498444361	0.532312196317	0.296200234876	0.0809377243709
-ndi	0.628712871287	0.158415841584	0.19801980198	0.0148514851485
-alo	0.171549187352	0.164010502244	0.573738351174	0.0907019592302
-ubi	0.0872483221476	0.778523489933	0.120805369128	0.0134228187919
-ubo	0.990384615385	0.00961538461538	0.0	0.0
-ili	0.494441331921	0.262628740053	0.0581633364527	0.184766591573
-ota	0.0	1.0	0.0	0.0
-ote	0.114618721994	0.111573402097	0.0123394780243	0.761468397885
-oam	0.0	1.0	0.0	0.0
-oto	0.101111669739	0.82276047674	0.0559285219031	0.020199331618
-ume	0.106007067138	0.883392226148	0.0106007067138	0.0
-uma	0.208333333333	0.791666666667	0.0	0.0
-end	0.0902366863905	0.85650887574	0.0221893491125	0.0310650887574
-umi	0.0481927710843	0.831325301205	0.0	0.120481927711
-ako	0.0678276289948	0.392151231566	0.0787332890356	0.461287850404
-nak	0.562513797925	0.383913459416	0.028846861432	0.0247258812275
ALL	0.244473865723	0.312850429034	0.0586626178511	0.384013087391
-nai	0.369327317462	0.0810956984392	0.0188229087988	0.5307540753
-aki	0.111809194181	0.659383482479	0.0786038117357	0.150203511605
-ake	0.116737004918	0.569556491466	0.0582971846867	0.255409318929
-kio	0.0	1.0	0.0	0.0
-kin	0.650517403575	0.224365004704	0.0362182502352	0.0888993414864
-kim	0.0	1.0	0.0	0.0
-kil	0.822774659182	0.0521251002406	0.0144346431435	0.110665597434
-sio	0.0545454545455	0.789800443459	0.143680709534	0.0119733924612
-sin	0.314634344475	0.640904021248	0.0246262828321	0.0198353514448
-sil	0.479988678905	0.351867337356	0.118614195109	0.04952978863
-nas	0.0707505356453	0.91609712119	0.00997763964229	0.00317470352255
-sia	0.0253292806484	0.955082742317	0.0111448834853	0.00844309354947
-nau	0.484535930066	0.225940688486	0.00994955204038	0.279573829408
-mos	0.034188034188	0.931623931624	0.017094017094	0.017094017094
-gol	0.365510777882	0.347703842549	0.134957825679	0.151827553889
-aga	0.0419587847886	0.907343400173	0.0270464610809	0.0236513539573
-gon	0.0969507427678	0.893666927287	0.00938232994526	0.0
-gog	0.00854700854701	0.957264957265	0.034188034188	0.0
-vli	0.0621324469445	0.823830222449	0.0595755561238	0.0544617744822
-lko	0.0393700787401	0.96062992126	0.0	0.0
-moa	0.02	0.92	0.06	0.0
-vla	0.116904699223	0.792130117151	0.0564367513492	0.0345284322759
-mon	0.0138828442202	0.975909182089	0.00163327579061	0.00857469790069
-mol	0.126981896366	0.639529862732	0.170108876107	0.0633793647944
-vle	0.0614962549935	0.833185225731	0.0659147526713	0.0394037666044
-gor	0.571428571429	0.142857142857	0.196428571429	0.0892857142857
-bes	0.350322464578	0.584363177619	0.0336467903832	0.0316675674195
-bet	0.0	0.994202898551	0.0	0.00579710144927
-eon	0.0797636632201	0.911373707533	0.0	0.00886262924667
-lpe	0.478659902382	0.273808578186	0.0747942516068	0.172737267825
-rli	0.5625	0.28125	0.0625	0.09375
-bel	0.295774647887	0.622263702698	0.0605803495673	0.0213812998473
-rle	0.366827909704	0.446734828496	0.0665127528584	0.119924508942
-bea	0.0	1.0	0.0	0.0
-rla	0.0759493670886	0.822784810127	0.0759493670886	0.0253164556962
-bed	0.417910447761	0.582089552239	0.0	0.0
-bee	0.136752136752	0.826210826211	0.022792022792	0.014245014245
-iso	0.127031178259	0.608407526333	0.0653267308667	0.199234564541
-rek	0.2	0.763636363636	0.0363636363637	0.0
-ren	0.567998622851	0.248703848004	0.053547663393	0.129749865752
-reo	0.0260047281324	0.931442080378	0.0378250591016	0.00472813238771
-rel	0.661312229029	0.14896489824	0.0507176815658	0.139005191165
-ise	0.00645855758882	0.961248654467	0.0322927879441	0.0
-rea	0.151338377135	0.54392717619	0.120815939791	0.183918506884
-isa	0.039016115352	0.925784563189	0.0139949109415	0.0212044105174
-eve	0.122763726095	0.0573719925971	0.764342998149	0.0555212831586
-upe	0.0443037974683	0.892405063291	0.0506329113924	0.0126582278481
-eva	0.0585161964472	0.919540229885	0.0219435736677	0.0
-res	0.077185080283	0.155606039745	0.00803157556565	0.759177304406
-evo	0.0626810095159	0.130740587505	0.778030616467	0.0285477865122
-evi	0.0628119293974	0.276445526476	0.650030432136	0.0107121119903
-ret	0.0127982646421	0.982646420824	0.00455531453362	0.0
-dia	0.707672892554	0.0734958779769	0.0116998715161	0.207131357953
-avi	0.232363159756	0.319449934467	0.0564836582271	0.39170324755
-hab	0.0277777777778	0.972222222222	0.0	0.0
-avo	0.0431791822974	0.792718833898	0.0215320700355	0.142569913769
-ava	0.142822414439	0.292288350087	0.0230852837801	0.541803951695
-mas	0.0366094485797	0.927388728543	0.0268874373386	0.00911438553851
-mar	0.0	1.0	0.0	0.0
-hal	0.690596612285	0.197355526601	0.0699124626085	0.0421353985062
-ham	0.0108662843344	0.989133715666	0.0	0.0
-han	0.604090481419	0.291562902976	0.043449326872	0.0608972887326
-mai	0.0996700221328	0.0685131731342	0.290540811775	0.541275992958
-har	0.106177472613	0.340289922306	0.0406867860863	0.512845818995
-mam	0.713695284614	0.119105767424	0.0338155175653	0.133383430396
-mal	0.125292862047	0.837119279339	0.0100982306724	0.0274896279416
-mao	0.341240875912	0.0894160583942	0.547445255474	0.021897810219
-man	0.0779965832021	0.0245891807352	0.00248614108956	0.894928094973
-uno	0.0665937993672	0.411257291529	0.475317102748	0.0468318063556
-uni	0.13141294145	0.401152638857	0.321043229004	0.14639119069
-une	0.151095181203	0.603982477101	0.223815213063	0.021107128634
-una	0.688935281837	0.136743215031	0.118997912317	0.0553235908142
-nke	0.064631956912	0.924596050269	0.0	0.0107719928187
-iro	0.126869414063	0.587561339548	0.206639285	0.0789299613888
-nka	0.0310701956271	0.810126582279	0.158803222094	0.0
-pta	0.0810810810811	0.918918918919	0.0	0.0
-pto	0.00593912397921	0.988121752042	0.0	0.00593912397921
-hil	0.413675836522	0.357381429526	0.19250622457	0.0364365093824
-nko	0.0	1.0	0.0	0.0
-nla	0.592852064439	0.177727296374	0.117987757296	0.111432881891
-ade	0.231684920954	0.360939609568	0.209663688853	0.197711780625
-nle	0.514404864943	0.252466255331	0.0749616011367	0.158167278589
-ada	0.514468738027	0.200664411526	0.0334888655502	0.251377984897
-ado	0.265657843641	0.5978303624	0.070220095454	0.0662916985056
-tro	0.0370227535673	0.557269571924	0.384882375627	0.0208252988817
-dan	0.490237449942	0.410542346025	0.0410756909025	0.058144513131
-tri	0.76153091266	0.15014720314	0.0765456329735	0.0117762512267
-rlo	0.173076923077	0.442307692308	0.0384615384615	0.346153846154
-adi	0.497748281583	0.264069948118	0.0842748413263	0.153906928972
-iko	0.066215431896	0.511130823444	0.0437644938222	0.378889250838
-gau	0.32608213216	0.0675042265796	0.0186884086137	0.587725232647
-gar	0.317112086159	0.512165935381	0.13163143199	0.0390905464699
-sne	0.181262729124	0.52749490835	0.217922606925	0.0733197556008
-ben	0.258620689655	0.725862068965	0.0	0.0155172413793
-sno	0.0386881100315	0.605114463126	0.344190772005	0.0120066548374
-seo	0.0749378703881	0.887593194418	0.0107054100554	0.0267635251386
-ini	0.461952496173	0.392375685151	0.121228581305	0.024443237371
-sem	0.788587121946	0.0397942665818	0.00390851988157	0.167710091591
-sel	0.688022801908	0.173864551707	0.0307330070017	0.107379639383
-ino	0.456328355671	0.338533995999	0.145191487719	0.0599461606116
-ina	0.278421933219	0.575610119417	0.0412596126037	0.10470833476
-see	0.0490797546012	0.950920245399	0.0	0.0
-lba	0.0583478571506	0.751236779718	0.135531571712	0.05488379142
-ine	0.391466596215	0.285558601103	0.12390607972	0.199068722962
-sea	0.690586258362	0.163847105578	0.013436047604	0.132130588456
-ing	0.292026085431	0.161232201795	0.0114801409506	0.535261571823
-uil	0.661776581427	0.278196500673	0.0297442799462	0.0302826379542
-uin	0.613505958511	0.31293217596	0.0161836104164	0.0573782551126
-uia	0.118333859262	0.331334805933	0.0113600504891	0.538971284317
-uie	0.0110932475884	0.0480707395498	0.00192926045016	0.938906752412
-rsa	0.308139534884	0.383720930233	0.203488372093	0.104651162791
-iag	0.0257868790292	0.959044368601	0.00910125142209	0.00606750094804
-eda	0.481481481482	0.324074074074	0.194444444444	0.0
-kus	0.214285714286	0.410714285714	0.160714285714	0.214285714286
-lau	0.479814452291	0.447119425855	0.0158876533375	0.0571784685167
-iam	0.482371808227	0.14959883705	0.0310024728163	0.337026881906
-ial	0.151842633962	0.245152778194	0.11149959519	0.491504992654
-iao	0.330085959885	0.669914040115	0.0	0.0
-ian	0.624134654088	0.13278684516	0.0215098241672	0.221568676584
-nes	0.0363636363636	0.939393939394	0.0242424242424	0.0
-iak	0.00522029867566	0.96345790927	0.0	0.031321792054
-rso	0.0	1.0	0.0	0.0
-nen	0.515369197744	0.300068393125	0.0256883352534	0.158874073878
-iat	0.0887117510928	0.780791977372	0.0361275392132	0.094368732322
-oos	0.0	1.0	0.0	0.0
-fos	0.0181818181818	0.981818181818	0.0	0.0
-ias	0.0174053653896	0.95368929566	0.0106563461569	0.0182489927936
-iar	0.315315315315	0.531531531532	0.027027027027	0.126126126126
-nol	0.925619834711	0.0743801652892	0.0	0.0
-aon	0.423105360444	0.287245841035	0.150554528651	0.139094269871
-aol	0.57094437219	0.256039963571	0.110040987973	0.0629746762659
-ban	0.0352422907489	0.84140969163	0.114537444934	0.00881057268722
-bao	0.280935960591	0.585467980296	0.0896551724138	0.0439408866995
-bal	0.167018859688	0.822564163616	0.0041667906783	0.00625018601744
-aak	0.0177690029615	0.973346495558	0.00592300098718	0.00296150049358
-eke	0.0481742848183	0.221315098142	0.0253314796762	0.705179137364
-jou	0.946428571429	0.0178571428571	0.0	0.0357142857143
-eki	0.0441876533439	0.663687381913	0.0325683750017	0.259556589742
-eko	0.0450712537353	0.552487231584	0.0160127639859	0.386428750694
-che	0.0855807270063	0.351343705381	0.306127777127	0.256947790485
-hor	0.324158517736	0.611185712783	0.0540997254839	0.0105560439969
-jon	0.736728060672	0.168085435691	0.0951865036372	0.0
-bau	0.840390879479	0.120521172638	0.00488599348534	0.0342019543974
-bar	0.0	0.965616045845	0.0	0.0343839541547
-bas	0.10835214447	0.871331828442	0.020316027088	0.0
-job	0.0	0.883333333333	0.116666666667	0.0
-zol	0.38784067086	0.308176100629	0.262054507338	0.041928721174
-ase	0.140144791446	0.444338896798	0.0310277769364	0.38448853482
-isi	0.362447095037	0.574066948826	0.0230858022316	0.0404001539053
-asa	0.236328819047	0.109744541399	0.0212026690883	0.632723970466
-aso	0.161749097856	0.824877945235	0.00573126724687	0.00764168966249
-vea	0.20067151286	0.61117449555	0.138475079049	0.0496789125403
-dre	0.419953077868	0.130962038435	0.0253473826512	0.423737501046
-ven	0.71478686514	0.155902827844	0.043900416426	0.0854098905896
-dra	0.196078431373	0.078431372549	0.725490196078	0.0
-lta	0.0	1.0	0.0	0.0
-dri	0.133874239351	0.553752535497	0.158215010142	0.15415821501
-zor	0.143729808599	0.679617828917	0.0979506892667	0.0787016732168
-rat	0.010704114701	0.98752823333	0.0	0.00176765196897
-rau	0.651675263906	0.115398978758	0.0375577299134	0.195368027423
-ras	0.0	1.0	0.0	0.0
-ran	0.317289763929	0.296684890813	0.371962203331	0.0140631419271
-eri	0.122009569378	0.791866028708	0.0861244019139	0.0
-ral	0.0973909478554	0.222535474086	0.0296432603418	0.650430317717
-ram	0.0	1.0	0.0	0.0
-rak	0.291678422663	0.643724149832	0.0423224525035	0.0222749750018
-ero	0.0497512437811	0.937810945274	0.00248756218906	0.00995024875621
-era	0.341708423939	0.345230216508	0.0378179067789	0.275243452775
-rab	0.573333333333	0.186666666667	0.0933333333333	0.146666666667
-ere	0.276140797249	0.185759451325	0.153047727285	0.385052024141
-dos	0.243797856049	0.374272588055	0.231546707504	0.150382848392
-pos	0.0300166759311	0.949972206782	0.0200111172874	0.0
-ozi	0.588073424196	0.231927223283	0.0764026028683	0.103596749652
-uge	0.128658475677	0.745579862152	0.0939966037359	0.0317650584357
-azi	0.0544533358587	0.914531938065	0.0084284293764	0.0225862966996
-uga	0.0393778336336	0.890727756225	0.0485875671636	0.0213068429775
-ugo	0.343689320388	0.516504854369	0.0	0.139805825243
-aze	0.107142857143	0.0892857142857	0.755952380952	0.047619047619
-bon	0.756013745705	0.216494845361	0.020618556701	0.00687285223367
-ike	0.551301684533	0.159264931087	0.073506891271	0.215926493109
-ori	0.0112410541207	0.96118654898	0.0173918195829	0.0101805773168
-ika	0.077192509767	0.650141452243	0.0153576721002	0.25730836589
-lal	0.169928041888	0.288931120151	0.0651631677406	0.47597767022
-lam	0.505779140024	0.182253379347	0.0484359870807	0.263531493548
-lan	0.615293742305	0.205898330827	0.0490340120159	0.129773914852
-lao	0.123461691147	0.419849146487	0.432393807066	0.0242953552998
-lai	0.0288115246098	0.927971188475	0.0432172869148	0.0
-lak	0.282051282051	0.564102564103	0.0769230769231	0.0769230769231
-aam	0.0301980266912	0.938281913191	0.00347903533308	0.0280410247846
-aal	0.025974025974	0.922077922078	0.0519480519481	0.0
-aan	0.131672597865	0.775800711744	0.0818505338078	0.0106761565836
-iks	0.0256073539068	0.951411687459	0.00525279054498	0.0177281680893
-ide	0.817626758694	0.139899123971	0.00424741173347	0.0382267056013
-lar	0.686956521739	0.229565217391	0.0782608695652	0.00521739130435
-las	0.0744089012517	0.913769123783	0.0	0.0118219749652
-noa	0.126984126984	0.809523809524	0.031746031746	0.031746031746
-noe	0.0164383561644	0.978082191781	0.0	0.00547945205479
-gen	0.579288748327	0.264512702057	0.0528798511447	0.103318698471
-gel	0.440001914524	0.275462403808	0.0983425929321	0.186193088735
-bol	0.466992665037	0.447432762836	0.080684596577	0.00488997555011
-gea	0.613138686131	0.0569343065693	0.167883211679	0.16204379562
-bok	0.0309881649047	0.766039354969	0.164237273995	0.0387352061309
-don	0.391235018407	0.397145951464	0.15865645319	0.0529625769394
-dol	0.612301818887	0.196506180977	0.0858664140508	0.105325586086
-dok	0.0	1.0	0.0	0.0
-sas	0.0	1.0	0.0	0.0
-sar	0.19011279712	0.110489152063	0.0104988638559	0.688899186961
-vos	0.0488647258421	0.88700032149	0.0290134309688	0.035121521699
-gle	0.520365333259	0.189341918102	0.0480337810066	0.242258967633
-sau	0.341115434501	0.431906614786	0.0700389105058	0.156939040208
-ton	0.595653691744	0.124236341421	0.253840111712	0.0262698551231
-gli	0.522842639594	0.171394446103	0.293221857271	0.012541057032
-tol	0.300316992426	0.553424732042	0.0651894028085	0.0810688727235
-mpe	0.43530834341	0.518742442564	0.0274083031036	0.018540910923
-usa	0.0744404455299	0.78740529875	0.0937453844817	0.0444088712384
-mpa	0.251189343482	0.708848715509	0.0399619410085	0.0
-rvo	0.0113197496338	0.0799041150619	0.810893594353	0.0978825409509
-oli	0.334423153466	0.45533632797	0.122334679024	0.0879058395406
-tou	0.603491114459	0.193872802278	0.0739870167772	0.128649066486
-tor	0.0616869492237	0.892992026857	0.0314729332774	0.0138480906421
-sae	0.137614678899	0.477064220183	0.357798165138	0.0275229357798
-olo	0.0310946255229	0.823297293031	0.139689053745	0.00591902770104
-ola	0.258636035849	0.185120877109	0.0735197503426	0.482723336699
-sai	0.194253637344	0.0790048142099	0.0757357415057	0.651005806941
-sao	0.450295807946	0.338017537681	0.138791800938	0.072894853434
-san	0.666626134019	0.132002021507	0.00497061016907	0.196401234305
-sam	0.555482658329	0.0580604683941	0.0158761469365	0.37058072634
-lon	0.00510594126765	0.974470293662	0.0204237650706	0.0
-rou	0.278260869565	0.721739130435	0.0	0.0
-iek	0.0168883999625	0.0227740848235	0.014488343788	0.945849171426
-iem	0.471827576837	0.135463741728	0.0385574353481	0.354151246087
-iel	0.34833600419	0.418207403527	0.00708480008523	0.226371792197
-ien	0.447862241871	0.384868232187	0.0468890547549	0.120380471187
-iea	0.165519133387	0.747263256962	0.0281199632688	0.0590976463819
-loe	0.0	0.972350230415	0.0138248847926	0.0138248847926
-loa	0.647614162753	0.167930244114	0.0491432784626	0.135312314671
-oki	0.0957477310877	0.809132953721	0.0532439650201	0.0418753501714
-lot	0.0321285140562	0.823293172691	0.144578313253	0.0
-roi	0.334394904459	0.646496815287	0.0191082802548	0.0
-hak	0.323442136499	0.476261127597	0.169139465875	0.0311572700297
-ipo	0.0181818181818	0.981818181818	0.0	0.0
-gla	0.311478737657	0.207695940272	0.0233767177293	0.457448604342
-ipa	0.00327332242226	0.986906710311	0.00654664484452	0.00327332242226
-ida	0.0323353293413	0.953293413174	0.0	0.014371257485
-ipe	0.128399366756	0.66362293006	0.165456540584	0.0425211625994
-rde	0.672290101417	0.134723991969	0.0666302273766	0.126355679238
-sap	0.0255754475703	0.948849104859	0.0255754475703	0.0
-rda	0.757778163424	0.113388466826	0.0388080347043	0.0900253350452
-hka	0.0	1.0	0.0	0.0
-rdo	0.403577760042	0.418741535439	0.134690256589	0.0429904479302
-rdi	0.450405794904	0.196624493598	0.276087419915	0.0768822915821
-vou	0.0568260901391	0.0350478904076	0.00616724879523	0.901958770658
-nga	0.411593866171	0.198681459108	0.0130692379182	0.376655436803
-jto	0.00477960701009	0.0562931492299	0.168348380244	0.770578863516
-aia	0.530743669851	0.189409715147	0.0419776837519	0.237868931251
-rus	0.0654825593837	0.77616092446	0.084742135673	0.0736143804836
-hau	0.743774521579	0.14845063656	0.0406757946993	0.0670990471615
-sto	0.113622393396	0.49335055054	0.107759579641	0.285267476423
-sti	0.186247020394	0.100932830155	0.156089775739	0.556730373712
-ste	0.419900092937	0.206726301115	0.117100371747	0.256273234201
-glo	0.367991139416	0.399695417417	0.157690710231	0.0746227329365
-sta	0.156272931916	0.782579364043	0.0105760469074	0.0505716571339
-vto	0.0	0.0384615384615	0.961538461538	0.0
-bis	0.0276679841897	0.0691699604743	0.0118577075099	0.891304347826
-lfa	0.0121028744327	0.975794251135	0.0121028744327	0.0
-ain	0.00375469336671	0.983729662078	0.0	0.0125156445557
-uch	0.11921834043	0.218284953469	0.621721703674	0.0407750024271
-ngo	0.0846307393381	0.508779114076	0.0921883729296	0.314401773656
-iok	0.177427515824	0.1255596819	0.0421014444328	0.654911357843
-ioi	0.0889679715302	0.400355871886	0.371886120997	0.138790035587
-lek	0.353846153846	0.415384615385	0.0	0.230769230769
-lel	0.76212454628	0.0962932730993	0.0188686390166	0.122713541604
-ion	0.446674423114	0.439402753539	0.0639906922629	0.049932131084
-len	0.192379062087	0.261388660485	0.0546652946386	0.491566982789
-iol	0.547733413389	0.281709696788	0.106199339538	0.0643575502852
-llo	0.303738317757	0.696261682243	0.0	0.0
-mui	0.0468621821165	0.902994257588	0.00123051681706	0.0489130434782
-muk	0.725196468384	0.166938174554	0.0460103641705	0.0618549928915
-mut	0.167307692308	0.211538461538	0.361538461538	0.259615384615
-oia	0.237061704226	0.393782262341	0.116487255366	0.252668778067
-voi	0.0294746149879	0.0894063321298	0.00319308329035	0.877925969592
-ios	0.132279320848	0.0847432069724	0.142532947315	0.640444524865
-oin	0.307189542484	0.581699346405	0.0718954248366	0.0392156862745
-oil	0.438914027149	0.475113122172	0.0452488687783	0.0407239819004
-rve	0.0320723684211	0.316611842105	0.529194078947	0.122121710526
-fta	0.00730892384797	0.0542948628707	0.00438535430879	0.934010858973
-rra	0.0683999133348	0.844952139914	0.0727504378579	0.0138975088931
-fte	0.0	1.0	0.0	0.0
-rre	0.07576333152	0.323214334556	0.17258722812	0.428435105804
-eza	0.0465772759351	0.815808045166	0.135497529993	0.00211714890614
-vol	0.635294117647	0.258823529412	0.0	0.105882352941
-rri	0.0160305343512	0.690076335878	0.161450381679	0.132442748092
-eea	0.106299212598	0.787401574803	0.0826771653543	0.0236220472441
-ole	0.130311945846	0.208537184038	0.0593435144585	0.601807355657
-rrs	0.243161094225	0.604863221885	0.0455927051672	0.106382978723
-gin	0.457373148068	0.242968582507	0.250090736136	0.0495675332882
-von	0.0405345198778	0.0516971782202	0.00835007660225	0.8994182253
-ndo	0.0594752618762	0.0350201716246	0.0117585150257	0.893746051474
-ali	0.270072390538	0.503681399138	0.163548992513	0.062697217811
-nda	0.87520664807	0.0257412981966	0.00272017617909	0.0963318775539
-ale	0.240454772882	0.202400421842	0.145901264066	0.41124354121
-nde	0.13873797971	0.0237081631335	0.00745707065191	0.830096786505
-gia	0.0587905358138	0.110271254922	0.0241214189927	0.806816790272
-ala	0.195497589841	0.122720117905	0.0302408697502	0.651541422504
-uve	0.287398673544	0.66838614591	0.0442151805453	0.0
-uva	0.02256366176	0.961641775008	0.015794563232	0.0
-mla	0.633342981187	0.170940665702	0.0680752532562	0.127641099855
-mle	0.526260504202	0.247478991597	0.126470588235	0.0997899159664
-lok	0.0	1.0	0.0	0.0
-chi	0.0834130914034	0.485141754352	0.273810858991	0.157634295253
-pea	0.410728337588	0.454212344196	0.0231265955849	0.111932722631
-cho	0.0465767626666	0.366974908551	0.306232248713	0.28021608007
-cha	0.16171454007	0.611594511668	0.116391848666	0.110299099597
-pen	0.730894693593	0.170870788615	0.0233073532707	0.0749271645211
-loi	0.0	0.963636363636	0.0181818181818	0.0181818181818
-pei	0.00498753117207	0.995012468828	0.0	0.0
-rki	0.0505263157895	0.416842105263	0.330526315789	0.202105263158
-eli	0.327062725142	0.348561953228	0.0548916461776	0.269483675453
-elo	0.480638955206	0.342495768538	0.0834093448419	0.0934559314133
-ogo	0.12140433664	0.302153850182	0.025624016315	0.550817796863
-rko	0.0543881334982	0.895756077462	0.0313143798929	0.0185414091471
-rka	0.0543314216722	0.894053727739	0.0108662843344	0.0407485662541
-ela	0.628230357902	0.149937873025	0.0370634926407	0.184768276432
-rke	0.25282631038	0.49434737924	0.234326824255	0.0184994861254
-ele	0.562704240514	0.187343816078	0.0724693398946	0.177482603514
-pne	0.15625	0.489583333333	0.25	0.104166666667
-bba	0.110091743119	0.788990825688	0.0	0.100917431193
-ito	0.0128781684383	0.261753883892	0.701757972199	0.0236099754702
-tes	0.0	1.0	0.0	0.0
-eso	0.149614352347	0.637947207963	0.0206113036454	0.191827136045
-iti	0.0570253843404	0.805327136217	0.118519842689	0.0191276367537
-esa	0.0755933855788	0.839589035959	0.0135738122914	0.0712437661705
-ite	0.0	0.95256916996	0.0474308300395	0.0
-ese	0.149050288341	0.783199580594	0.0503286687905	0.0174214622737
-ita	0.0168539325843	0.879213483146	0.10393258427	0.0
-ria	0.0361551715301	0.899952292522	0.0425490250195	0.0213435109287
-fan	0.0	1.0	0.0	0.0
-spo	0.0	1.0	0.0	0.0
-fas	0.0924369747899	0.864899806076	0.0232708468003	0.0193923723336
-uda	0.25332963374	0.689442286349	0.0389150943396	0.0183129855716
-eze	0.0276243093923	0.961325966851	0.0	0.0110497237569
-bre	0.0659767141009	0.751617076326	0.0232858990944	0.159120310479
-ude	0.81664910432	0.120126448894	0.0300316122234	0.0331928345627
-bri	0.0945626477541	0.791962174941	0.113475177305	0.0
-udi	0.330741460705	0.345737295196	0.244376562066	0.0791446820327
-bro	0.063492063492	0.904761904762	0.031746031746	0.0
-udo	0.189795918367	0.668934240363	0.108843537415	0.0324263038549
-tre	0.224137931035	0.568965517241	0.206896551724	0.0
-uoa	0.508695652174	0.282608695652	0.182608695652	0.0260869565217
-abe	0.0489759572574	0.788780053428	0.0587711487088	0.103472840605
-gad	0.0	0.916916685899	0.0830833141011	0.0
-aba	0.304109589041	0.54794520548	0.147945205479	0.0
-rom	0.0991900612978	0.680791526031	0.013842034893	0.206176377779
-njo	0.0	0.796296296296	0.203703703704	0.0
-tra	0.102822982398	0.867685154434	0.00876785121222	0.0207240119562
-abo	0.0	1.0	0.0	0.0
-ron	0.412562364078	0.49149290009	0.0211078418831	0.0748368939491
-nch	0.0133992662307	0.0140373265274	0.00765672356038	0.964906683682
-vlo	0.0753348214286	0.215401785714	0.69921875	0.0100446428571
-kob	0.00246002460025	0.9975399754	0.0	0.0
-sou	0.125874125874	0.0624708624709	0.10675990676	0.704895104895
-kol	0.434814723624	0.308465673602	0.184660839591	0.0720587631827
-kon	0.528637261356	0.321995464853	0.0800234072124	0.0693438665789
-ael	0.0221309279271	0.959989282844	0.00750200946682	0.0103777797624
-ema	0.440029997858	0.127204582887	0.0371826064618	0.395582812793
-sor	0.0	1.0	0.0	0.0
-kou	0.910714285714	0.0178571428571	0.0357142857143	0.0357142857143
-sol	0.925925925926	0.037037037037	0.0	0.037037037037
-gra	0.0118694362018	0.973887240356	0.00237388724035	0.0118694362018
-tut	0.0398490261703	0.0310372618236	0.00845403348535	0.920659678521
-oro	0.0249792878228	0.921510903051	0.00627397987501	0.0472358292512
-kos	0.00771208226221	0.953727506427	0.0102827763496	0.0282776349614
-zao	0.07868681605	0.745179781136	0.143824908807	0.0323084940073
-ora	0.0445195376405	0.915681068469	0.0206506289055	0.0191487649851
-ore	0.0685902303215	0.781068084029	0.107061503417	0.0432801822324
-kre	0.00694227509942	0.971793793392	0.00617091119948	0.0150930203087
-kro	0.0639431616341	0.920071047957	0.00761228114691	0.00837350926161
-rup	0.00488997555012	0.916870415648	0.0782396088019	0.0
-ruv	0.382939538227	0.592354685114	0.00988231066391	0.0148234659959
-rut	0.0335195530726	0.966480446927	0.0	0.0
-lis	0.0144346431435	0.85084202085	0.00481154771451	0.129911788292
-lil	0.442404564662	0.49373313916	0.0339484804355	0.0299138157423
-jes	0.038961038961	0.954545454545	0.00649350649351	0.0
-omi	0.0216176470588	0.965588235294	0.00308823529412	0.00970588235294
-lio	0.0627951129352	0.852234877512	0.0253206100545	0.0596493994979
-omo	0.146341463415	0.0853658536585	0.664634146342	0.103658536585
-lik	0.0908862587511	0.125325715003	0.0460867108279	0.737701315418
-lie	0.235218768635	0.430932228902	0.0339122070698	0.299936795393
-oma	0.087432103016	0.429997071401	0.0326568843816	0.449913941201
-lia	0.309380550219	0.516894983877	0.0497625903132	0.123961875591
-ome	0.360768520849	0.499958050172	0.113096736303	0.0261766926756
-eas	0.0220858895706	0.941104294479	0.0220858895706	0.0147239263804
-lno	0.36170212766	0.200607902736	0.29179331307	0.145896656535
-lne	0.170302013423	0.409395973154	0.359899328859	0.0604026845638
-abi	0.272061622428	0.0756649379679	0.061552971224	0.59072046838
-oda	0.420906569177	0.315672883729	0.0202714779153	0.243149069179
-rne	0.133922653285	0.684355745272	0.160925070885	0.020796530558
-ode	0.198618244731	0.529564387075	0.0186532470519	0.253164121143
-rna	0.0	1.0	0.0	0.0
-rno	0.0443678023282	0.686008236194	0.203044700344	0.0665792611334
-odi	0.253560760782	0.153699798429	0.464312561952	0.128426878838
-rni	0.0493566893271	0.854781651847	0.0368529946975	0.0590086641288
-odo	0.368044242476	0.412844036697	0.0797393466518	0.139372374175
-uri	0.0872093023255	0.313953488372	0.575581395349	0.0232558139535
-rgo	0.0469096348773	0.0348711015139	0.0281443841827	0.890074879426
-jio	0.01	0.99	0.0	0.0
-ura	0.0543520938018	0.879319549367	0.0425344601287	0.0237938967029
-ure	0.0436645149109	0.857441259426	0.0911054203005	0.00778880536247
-zea	0.198965827338	0.562949640288	0.202338129496	0.0357464028777
-tud	0.0	0.856858846919	0.131212723658	0.0119284294234
-urs	0.00597609561753	0.956080440144	0.0300701954088	0.00787326882945
-zen	0.244008714597	0.755991285403	0.0	0.0
-pai	0.0230189447953	0.942147076798	0.0134446934203	0.0213892849868
-dur	0.0591234240999	0.180492431727	0.120301940481	0.640082203691
-apa	0.0909901873327	0.812667261374	0.0963425512934	0.0
-ape	0.322965619087	0.573693896303	0.0408647893102	0.0624756952999
-api	0.290456431535	0.485477178423	0.0165975103735	0.207468879668
-kom	0.389819987585	0.320918684047	0.0844196151459	0.204841713222
-hke	0.0251836306401	0.8740818468	0.0671563483735	0.0335781741868
-tui	0.104895104895	0.853146853147	0.041958041958	0.0
-dui	0.0418627112945	0.0405306429264	0.0220744287847	0.895532216994
-pas	0.015177411636	0.902372325152	0.00861420660422	0.0738360566076
-kau	0.579579984133	0.178349574146	0.0324816261769	0.209588815543
-fat	0.0	1.0	0.0	0.0
-kea	0.0666666666667	0.866666666667	0.0333333333333	0.0333333333333
-sen	0.621754731639	0.196027308675	0.0376807881613	0.144537171524
-keo	0.0628019323671	0.917874396135	0.0	0.0193236714976
-ken	0.656037103344	0.172849637218	0.0492933848456	0.121819874592
-kem	0.0	1.0	0.0	0.0
-kel	0.603268880281	0.128565285963	0.0573269110179	0.210838922739
-sus	0.0123057038091	0.719605488611	0.00211978806978	0.26596901951
-sur	0.0546568762767	0.52547893778	0.255893557114	0.16397062883
-sun	0.324873096447	0.558375634518	0.0710659898477	0.0456852791878
-sui	0.0143884892086	0.985611510791	0.0	0.0
-sue	0.0816326530612	0.877551020408	0.0	0.0408163265306
-nus	0.0822613977045	0.730524211936	0.0632779982342	0.123936392126
-die	0.57874045771	0.163445050719	0.0268429664674	0.230971525103
-a単i	0.277920741122	0.722079258878	0.0	0.0
-fes	0.125	0.8125	0.0625	0.0
-dil	0.516843598808	0.371948431078	0.0274981456156	0.0837098244983
-din	0.532343322569	0.385055225323	0.0535593080895	0.0290421440178
-dio	0.0113636363636	0.902272727273	0.0784090909091	0.00795454545454
-a単a	0.0	1.0	0.0	0.0
-dik	0.688796680498	0.276122218031	0.0124481327801	0.0226329686911
-diu	0.539156626506	0.271084337349	0.0605421686747	0.12921686747
-son	0.0282671776636	0.761927548122	0.197870243645	0.0119350305691
-sla	0.200189214759	0.676064333018	0.0692526017029	0.0544938505203
-slo	0.523123714107	0.339207442526	0.0367653636282	0.100903479739
-sli	0.739756866277	0.132823052679	0.0351193156236	0.0923007654209
-uks	0.0352941176471	0.964705882353	0.0	0.0
-ovo	0.163265306122	0.702947845805	0.0521541950113	0.0816326530612
-ske	0.26687847498	0.594916600477	0.0619539316918	0.0762509928514
-tuv	0.00335570469799	0.996644295302	0.0	0.0
-ovi	0.17094017094	0.632478632479	0.034188034188	0.162393162393
-ski	0.0409356725146	0.859649122807	0.0175438596491	0.0818713450292
-uiu	0.892086330935	0.0215827338129	0.0647482014389	0.021582733813
-vel	0.801279556909	0.0930513947063	0.0183868326602	0.0872822157243
-ove	0.181645760593	0.707106628159	0.0573659784186	0.053881632829
-sko	0.0380013568884	0.717950268987	0.177519086428	0.066529287697
-ova	0.497265767408	0.0991615020052	0.0317170980678	0.371855632519
-uka	0.313238168069	0.604200300224	0.0362534341632	0.0463080975444
-klo	0.438570552525	0.323915877965	0.102820672095	0.134692897415
-ver	0.0276561528265	0.206172614598	0.204979049797	0.561192182779
-kli	0.338036357596	0.299944975654	0.276367562629	0.0856511041206
-uke	0.126227877313	0.0562063981291	0.0357053170946	0.781860407464
-kle	0.723366435603	0.0591418761816	0.0127773311024	0.204714357113
-uki	0.212274368231	0.462815884477	0.303249097473	0.0216606498195
-uko	0.0486008836525	0.783808368708	0.143940050247	0.0236506973923
-kla	0.864960403365	0.0505713424492	0.0120708081002	0.0723974460855
-ukl	0.78431372549	0.176470588235	0.0	0.0392156862745
-kki	0.5	0.142857142857	0.336734693878	0.0204081632653
-tiu	0.733198536492	0.0559406893895	0.137203928365	0.0736568457539
-kka	0.278059690902	0.602369778475	0.0292329510177	0.0903375796053
-kke	0.14588907341	0.105587757634	0.0178843259711	0.730638842985
-aie	0.803092654945	0.175084175084	0.00723282204763	0.0145903479237
-tie	0.594185342217	0.191399152029	0.125378558449	0.0890369473046
-dne	0.379591836735	0.232653061224	0.171428571429	0.216326530612
-tia	0.195641739464	0.686474032831	0.0593261015647	0.05855812614
-ono	0.0323867195224	0.910666977553	0.0346571073506	0.022289195574
-til	0.558567564698	0.393589389075	0.0242803459601	0.0235627002667
-ngi	0.105988429071	0.575498718793	0.143185080841	0.175327771296
-aio	0.261312217194	0.704751131222	0.0169683257919	0.0169683257919
-tio	0.611842105263	0.345394736842	0.0197368421053	0.0230263157894
-dno	0.0310880829015	0.0590673575129	0.838341968912	0.0715025906736
-tik	0.509433962264	0.22641509434	0.0	0.264150943396
-eme	0.0401500205953	0.805406811629	0.0471741062718	0.107269061504
-jau	0.680020894533	0.256510488644	0.00906694526044	0.0544016715627
-jar	0.036604709806	0.727091552446	0.230609671778	0.00569406596981
-emo	0.0	1.0	0.0	0.0
-rzi	0.344827586207	0.551724137931	0.0804597701149	0.0229885057471
-jan	0.69915036554	0.246670618455	0.00948429164197	0.0446947243628
-jal	0.804165527955	0.150885318528	0.00575349165024	0.0391956618673
-oni	0.134817563389	0.273345701917	0.502782931354	0.0890538033396
-ana	0.179896103366	0.056240098516	0.0149059263066	0.748957871811
-ses	0.0766576418751	0.897011201359	0.00254817646122	0.0237829803047
-azd	0.442922374429	0.557077625571	0.0	0.0
-zai	0.0126138752628	0.271899088998	0.692361597758	0.0231254379818
-sle	0.652034664657	0.129238884702	0.120384325546	0.0983421250942
-zar	0.37	0.625	0.0	0.005
-liu	0.368544706195	0.41603383438	0.121443620385	0.0939778390397
-rje	0.0327868852459	0.934426229508	0.0	0.0327868852459
-ane	0.237353706586	0.583990182167	0.125530010856	0.0531261003911
-ame	0.156368334298	0.827593887825	0.00534592595892	0.0106918519178
-単al	0.410714285714	0.589285714286	0.0	0.0
-nor	0.0	1.0	0.0	0.0
-blo	0.0345400072515	0.899146995401	0.00343491784821	0.0628780794992
-vri	0.0317618857371	0.0302636835797	0.105373551738	0.832600878945
-eta	0.0	0.98288973384	0.0	0.0171102661597
-ete	0.0944667052507	0.0734670460527	0.0205539949464	0.81151225375
-ibo	0.132492113565	0.806782334385	0.0559936908517	0.00473186119875
-jem	0.0	1.0	0.0	0.0
-ach	0.359550561798	0.415730337079	0.0	0.224719101124
-eto	0.0401238658682	0.92075536491	0.0202727940911	0.0188479751304
-u単a	0.0278175973985	0.972182402601	0.0	0.0
-bun	0.177304964539	0.184397163121	0.439716312057	0.198581560284
-biu	0.272727272727	0.579545454546	0.0795454545454	0.0681818181818
-bul	0.443858901621	0.240508600004	0.112947473071	0.202685025303
-lim	0.0	0.95652173913	0.0434782608696	0.0
-nge	0.0704684129258	0.184128445284	0.0315005324657	0.713902609324
-lin	0.541516814576	0.291370165154	0.115604373117	0.0515086471535
-ate	0.132137022218	0.103582656478	0.0316354108568	0.732644910447
-ska	0.28125	0.5078125	0.078125	0.1328125
-ata	0.122925629994	0.779348494161	0.0313460356484	0.0663798401967
-ato	0.0308451086727	0.817656506962	0.117424570211	0.0340738141536
-hto	0.0	0.0673076923077	0.932692307692	0.0
-but	0.0669434712633	0.0501151496369	0.495189521671	0.387751857429
-ati	0.566666666667	0.1	0.306666666667	0.0266666666667
-ose	0.0280999107939	0.92908117752	0.00133809099019	0.0414808206958
-kai	0.0579948254129	0.0172442565399	0.000770875947929	0.923990042099
-uli	0.310200129116	0.188185926404	0.458037443512	0.0435765009684
-osa	0.037037037037	0.962962962963	0.0	0.0
-ulo	0.342641811418	0.437034185675	0.185528005207	0.0347959977005
-kam	0.0294742432289	0.938661710037	0.0310674455656	0.000796601168348
-kal	0.373551465576	0.393319700068	0.130879345603	0.102249488753
-oso	0.00921255505332	0.883174120701	0.0876750408457	0.0199382834004
