-cab	0.0	1.0	0.0	0.0
-caa	0.0	1.0	0.0	0.0
-cad	0.674941815361	0.283941039566	0.0256012412723	0.0155159038014
-cai	0.0241218789674	0.966991112992	0.00888700804063	0.0
-cah	0.0	1.0	0.0	0.0
-can	0.0420168067227	0.90756302521	0.0504201680672	0.0
-cam	0.0589375727026	0.176618844513	0.0104691740985	0.753974408686
-cal	0.00538793103448	0.994612068966	0.0	0.0
-cas	0.0	1.0	0.0	0.0
-eul	0.0181872804585	0.968362913662	0.00381308929562	0.00963671658347
-rba	0.136505770652	0.71089885724	0.0623116720678	0.0902837000398
-cap	0.0471818053398	0.916089843198	0.00423788670717	0.0324904647549
-ive	0.101957806822	0.706057812246	0.135039861164	0.0569445197679
-rbe	0.146961967665	0.572447340039	0.0174221042312	0.263168588065
-cat	0.6565344943	0.146458823888	0.0455334772646	0.151473204547
-aan	0.0110429447853	0.963190184049	0.0257668711656	0.0
-ivi	0.522464172137	0.234118111016	0.182495293859	0.0609224229873
-rbi	0.54114411745	0.0868092388739	0.347291836161	0.024754807515
-aus	0.313186813187	0.612637362637	0.032967032967	0.0412087912088
-aur	0.00275008594019	0.75747679615	0.239429357167	0.000343760742523
-aut	0.745061052061	0.0713422417006	0.034157526742	0.149439179496
-ijă	0.450663589152	0.319215233699	0.112867859204	0.117253317946
-auz	0.240480961924	0.667334669339	0.0921843687375	0.0
-ţes	0.768436273497	0.231563726503	0.0	0.0
-ţer	0.0	1.0	0.0	0.0
-maz	0.0714285714286	0.892857142857	0.0357142857143	0.0
-aua	0.102189073332	0.866591873905	0.0296677954834	0.00155125728017
-ţem	0.0	1.0	0.0	0.0
-ţel	0.0205882352941	0.944117647059	0.0352941176471	0.0
-aud	0.862050645171	0.0987892886887	0.01243596695	0.0267240991904
-ţei	0.0985537617986	0.857849149781	0.0222822628006	0.0213148256201
-ţef	0.0	1.0	0.0	0.0
-aum	0.00362464760371	0.996375352396	0.0	0.0
-aul	0.0166432969579	0.980796195818	0.000853502408095	0.00170700481619
-ţea	0.32252559727	0.455204778157	0.124146757679	0.0981228668942
-aun	0.309037900875	0.533527696793	0.069970845481	0.0874635568513
-i-s	0.0	1.0	0.0	0.0
-i-a	0.0906382126832	0.0390188639812	0.00583487769787	0.864508045638
-i-e	0.467101685699	0.218325176726	0.165851005981	0.148722131593
-eus	0.0	0.989949748744	0.0	0.0100502512563
-i-i	0.352522587124	0.176635066855	0.0443874489598	0.426454897061
-eur	0.0	1.0	0.0	0.0
-i-l	0.35821049871	0.181485788186	0.045935951573	0.414367761531
-i-o	0.400786328642	0.292833926207	0.0359144930001	0.27046525215
--vă	0.510799887773	0.340540207935	0.0879845349965	0.0606753692947
-lși	0.00380455459536	0.0621772922441	0.930213598565	0.00380455459536
-iva	0.0498194613032	0.0421953505524	0.0437902370819	0.864194951063
-eun	0.157215421767	0.139062369889	0.025480889333	0.678241319011
-cau	0.831758743665	0.115935681662	0.0192704748796	0.0330350997935
-ă-o	0.682591093117	0.165182186235	0.0825910931174	0.0696356275303
-ă-l	0.0833734005788	0.045672899951	0.00397717118593	0.866976528284
-ă-i	0.107026016866	0.0391774041385	0.00667486352519	0.847121715471
-caz	0.165764778409	0.540310980204	0.0506884033153	0.243235838071
-rpi	0.0618955512572	0.917214700193	0.0208897485493	0.0
-ido	0.0	1.0	0.0	0.0
-eci	0.067525087129	0.0970116699446	0.016739948686	0.81872329424
-erț	0.206896551724	0.758620689655	0.0344827586207	0.0
-eco	0.0392156862745	0.921568627451	0.0392156862745	0.0
-şef	0.0	1.0	0.0	0.0
-rpo	0.192967409949	0.202401372213	0.566037735849	0.0385934819897
-idi	0.939482961222	0.0364277320799	0.0135135135135	0.0105757931845
-rpa	0.734939759036	0.144578313253	0.0	0.120481927711
-eca	0.759309274445	0.187523678003	0.0305400417955	0.022627005756
-ide	0.718310627485	0.240758552377	0.020465410069	0.0204654100691
-rpe	0.0709003583136	0.780056415339	0.139894793017	0.00914843333078
-şen	0.0	1.0	0.0	0.0
-ece	0.248246028931	0.0883985054881	0.0281398450777	0.635215620503
-ida	0.0312925170068	0.955782312925	0.00408163265306	0.00884353741497
-şes	0.0	1.0	0.0	0.0
-şer	0.0	0.994220766712	0.00577923328837	0.0
-şet	0.0	0.978947368421	0.0105263157895	0.0105263157895
-şez	0.629139072848	0.139072847682	0.23178807947	0.0
-tla	0.0	1.0	0.0	0.0
-îde	0.316352824579	0.658671952428	0.0249752229931	0.0
-ecu	0.0	1.0	0.0	0.0
-ect	0.281906553779	0.310964774747	0.203825650674	0.203303020801
-uta	0.818580586675	0.121684147951	0.0285644145198	0.031170850854
-ute	0.452133949624	0.116427562287	0.0696277071645	0.361810780925
-uti	0.857142857143	0.0769230769229	0.043956043956	0.021978021978
-aad	0.0	1.0	0.0	0.0
-uto	1.0	0.0	0.0	0.0
-mfă	0.385526315789	0.492105263158	0.0789473684211	0.0434210526316
-lpă	0.333333333333	0.666666666667	0.0	0.0
-ţez	0.742424242424	0.136363636364	0.10101010101	0.020202020202
-cuş	0.0746268656717	0.865671641791	0.0	0.0597014925373
-ziv	0.0	1.0	0.0	0.0
-caţ	0.0	1.0	0.0	0.0
-ţet	0.0143369175627	0.623655913979	0.347670250896	0.0143369175627
-roș	0.199524940618	0.384798099763	0.308788598575	0.106888361045
-num	0.0	1.0	0.0	0.0
-euţ	0.0454545454546	0.954545454545	0.0	0.0
-euş	0.0	0.875	0.125	0.0
-caş	0.0407067019178	0.89550547652	0.0537160602627	0.0100717612993
--va	0.125	0.125	0.625	0.125
-ufa	0.0	1.0	0.0	0.0
-ija	0.33019335647	0.520079325731	0.0604858701041	0.0892414476947
-iji	0.19404915912	0.639068564036	0.0892626131953	0.0776196636481
-noș	0.0384615384615	0.961538461538	0.0	0.0
-fân	0.0	1.0	0.0	0.0
-rbă	0.394878149525	0.49921520033	0.0553490293268	0.0505576208178
-ivă	0.137450644416	0.440624301572	0.0985621694107	0.323362884601
-şta	0.0	1.0	0.0	0.0
-cţi	0.2	0.8	0.0	0.0
-jin	0.076923076923	0.846153846154	0.0	0.076923076923
-țau	0.648148148148	0.0925925925926	0.0740740740741	0.185185185185
-s'o	0.084091751431	0.0235555738582	0.00914219824568	0.883210476465
-iah	0.0	1.0	0.0	0.0
-ută	0.507307260077	0.153733305341	0.0795901342301	0.259369300352
-mfe	0.236789297659	0.213377926421	0.513712374582	0.0361204013378
-mfa	0.14552238806	0.613805970149	0.22947761194	0.0111940298507
-lpe	0.0	1.0	0.0	0.0
-lpa	0.00696864111497	0.993031358885	0.0	0.0
-v'o	0.455209024552	0.223623092236	0.0318513603185	0.289316522893
-v'a	0.337462380599	0.0143935098356	0.00261700178829	0.645527107777
-ofe	0.0	0.352941176471	0.647058823529	0.0
-lpi	0.0583732057417	0.918660287081	0.0191387559808	0.00382775119617
-ofa	0.0	1.0	0.0	0.0
-ecă	0.328089375285	0.62129502964	0.0280437756498	0.0225718194254
-rpă	0.116094986807	0.160949868074	0.693931398417	0.0290237467018
-idă	0.648848767623	0.261081245562	0.0687696520945	0.0213003347196
-îdă	0.347962382445	0.388714733542	0.263322884013	0.0
-naş	0.28	0.6	0.12	0.0
-clă	0.00565504241281	0.802073515551	0.186616399623	0.00565504241281
-laf	0.0	1.0	0.0	0.0
-foc	0.046212380301	0.934977770178	0.015261627907	0.00354822161423
-fod	0.0	1.0	0.0	0.0
-ade	0.435049057159	0.484290065389	0.0415622299712	0.0390986474809
-ada	0.0926041203498	0.827004594635	0.0563213279976	0.0240699570179
-adi	0.0	1.0	0.0	0.0
-adu	0.678848283499	0.293097083795	0.0191952750092	0.00885935769655
-aat	0.0	1.0	0.0	0.0
-fli	0.363636363636	0.454545454545	0.0	0.181818181818
-sen	0.0	1.0	0.0	0.0
-sem	0.585337243402	0.308357771261	0.0325513196481	0.0737536656891
-sel	0.25	0.0	0.5	0.25
-lbi	0.219718309859	0.349295774648	0.380281690141	0.050704225352
-sei	0.0210254888637	0.94952145029	0.0067333693675	0.0227196914787
-seh	0.0	1.0	0.0	0.0
-fla	0.693396683797	0.12799379424	0.0351013284205	0.143508193542
-roş	0.00919732441471	0.516722408027	0.46906354515	0.00501672240803
-fle	0.74479789524	0.150203300646	0.0468787371442	0.0581200669696
-uit	0.651881837437	0.115061903265	0.0784049029967	0.154651356302
-sea	0.157882597163	0.351747203321	0.292930457848	0.197439741668
-uii	0.172063818837	0.558167781781	0.228265568708	0.0415028306742
-uim	0.628808624403	0.207697886112	0.0188334109039	0.144660078581
-uil	0.0357142857143	0.928571428571	0.0357142857143	0.0
-uia	0.205823857803	0.182985300525	0.0581750866764	0.553015754996
-seu	0.00518268981601	0.977973568282	0.00777403472402	0.00906970717802
-set	0.110311015781	0.885092691895	0.00459629232419	0.0
-flu	0.589743589744	0.194871794872	0.0576923076923	0.157692307692
-ohi	0.0	1.0	0.0	0.0
-âng	0.501256281407	0.344221105528	0.124371859297	0.0301507537688
-aam	0.00219142058839	0.974616044851	0.0223159663252	0.000876568235357
-âne	0.548054053102	0.345531105199	0.0221991226061	0.084215719093
-ând	0.303536600824	0.0655235413517	0.0220068115219	0.608933046303
-ânc	0.261693917156	0.465057660994	0.203921393678	0.0693270281725
-âna	0.140978769803	0.679430440639	0.00769674812391	0.171894041434
-aal	0.0	0.982187036121	0.0178129638793	0.0
-ble	0.617733268197	0.278212017587	0.0131900341964	0.0908646800195
-bla	0.779441997063	0.164757709251	0.00969162995596	0.0461086637298
-lav	0.0181417649346	0.900868213036	0.0550732149799	0.0259168070494
-âni	0.0620563780166	0.88065301156	0.0439059014399	0.013384708984
-ânt	0.0366047765133	0.81557827719	0.102750576842	0.0450663694548
-âns	0.57248	0.10528	0.05568	0.26656
-blu	0.546395705522	0.123849693252	0.0833972392638	0.246357361963
-caș	0.328358208955	0.582089552239	0.089552238806	0.0
-mta	0.5	0.5	0.0	0.0
-ânz	0.0208333333333	0.9375	0.0416666666667	0.0
-mte	0.474048442907	0.22491349481	0.228373702422	0.0726643598615
-uui	0.0	1.0	0.0	0.0
-rîş	0.0	1.0	0.0	0.0
-răţ	1.0	0.0	0.0	0.0
-zon	0.0	1.0	0.0	0.0
-şia	0.14274611399	0.780829015544	0.0681347150259	0.00829015544041
-laz	0.0444444444445	0.874074074074	0.0	0.0814814814814
-zot	0.0272727272727	0.959090909091	0.0136363636364	0.0
-zor	0.135746606335	0.819004524887	0.0361990950226	0.00904977375566
-raz	0.161875945537	0.788199697428	0.0317700453858	0.018154311649
-eţă	0.0293724966622	0.654873164219	0.270360480641	0.045393858478
-dia	0.0556985526815	0.922106417992	0.00827039115574	0.0139246381704
-rat	0.474627421488	0.174672886281	0.185889480138	0.164810212094
-rau	0.860621039047	0.041678882316	0.0120010192647	0.0856990593722
-rar	0.0556360475225	0.809910170965	0.0880904085772	0.0463633729354
-ras	0.544010416667	0.31015625	0.0325520833333	0.11328125
-răş	0.0783446157193	0.0513144659217	0.0126417094854	0.857699208874
-ran	0.0	0.98961338719	0.0103866128102	0.0
-eri	0.246204587159	0.622167118283	0.0975242906417	0.0341040039168
-ral	0.285714285714	0.142857142857	0.285714285714	0.285714285714
-ram	0.506797838807	0.247159023171	0.00872679411919	0.237316343903
-raj	0.310344827586	0.451410658307	0.222570532915	0.0156739811912
-rak	0.0	1.0	0.0	0.0
-rah	0.0	1.0	0.0	0.0
-rai	0.421707317073	0.429268292683	0.0407317073171	0.108292682927
-raf	0.214659685864	0.738219895288	0.0471204188481	0.0
-rag	0.533389687236	0.29416737109	0.0887573964497	0.083685545224
-rad	0.114285714286	0.885714285714	0.0	0.0
-erc	0.719051148999	0.19347664937	0.0385470719051	0.0489251297257
-erd	0.760204718512	0.0999875171639	0.0559231057296	0.0838846585944
-ere	0.316137423339	0.525974687789	0.101221411479	0.0566664773927
-erg	0.742319027525	0.137726784996	0.037049141449	0.0829050460294
-oza	0.0	1.0	0.0	0.0
-oze	0.0	1.0	0.0	0.0
-ozi	0.15924474528	0.271820448878	0.553972212326	0.0149625935162
-uge	0.783245316152	0.159037793588	0.0321510194068	0.0255658708536
-azo	0.0	1.0	0.0	0.0
-azi	0.19138818318	0.433391961436	0.0574555403557	0.317764315028
-uga	0.852594906295	0.103676117251	0.0172993753003	0.0264296011533
-aze	0.0	1.0	0.0	0.0
-ață	0.140592517352	0.491447435246	0.0513018452683	0.316658202133
-aza	0.27374640206	0.611119527344	0.0599909104681	0.0551431601272
-ugi	0.769330669331	0.185114885115	0.0203796203796	0.0251748251748
-sec	0.0	0.5	0.5	0.0
-aha	0.0	1.0	0.0	0.0
-ână	0.121935944304	0.165601013705	0.0400821450939	0.672380896896
-nop	0.0454545454545	0.863636363636	0.0909090909091	0.0
-nor	0.093577600696	0.722480374904	0.0447867439147	0.139155280486
-nos	0.105833174995	0.534486034581	0.314269428083	0.0454113623409
-not	0.64	0.266666666667	0.0666666666667	0.0266666666667
-nou	0.0343480178988	0.0322997416021	0.286884729312	0.646467511187
-blă	0.69044196459	0.236160152567	0.0329976806627	0.0404002021802
-noh	0.0154109589041	0.984589041096	0.0	0.0
-noi	0.0072285569329	0.00850599561142	0.0176538735829	0.966611573873
-îia	0.0627032048304	0.470041802137	0.415699024617	0.0515559684162
-nom	0.110344827586	0.848275862069	0.0413793103448	0.0
-non	0.00498753117208	0.982543640898	0.0124688279302	0.0
-îie	0.144155844156	0.833884297521	0.0148760330579	0.00708382526565
-mtă	0.269120411596	0.158009300485	0.525378450579	0.0474918373404
-nob	0.046511627907	0.953488372093	0.0	0.0
-îii	0.0389610389611	0.701298701299	0.181818181818	0.0779220779224
-nod	0.0	1.0	0.0	0.0
-noe	0.0	1.0	0.0	0.0
-nof	0.0	1.0	0.0	0.0
-nog	0.365296803653	0.328767123288	0.305936073059	0.0
-vez	0.610169491525	0.118644067797	0.152542372881	0.118644067797
-flă	0.414893714276	0.377766085067	0.0866050632371	0.120735137419
-dod	0.0	1.0	0.0	0.0
-lbă	0.014950166113	0.0199335548173	0.96511627907	0.0
--ir	0.0	1.0	0.0	0.0
-gla	0.0	1.0	0.0	0.0
-vor	0.0447280548923	0.0279324025816	0.00238242676726	0.924957115759
-ri-	0.0	1.0	0.0	0.0
-vot	0.134020618557	0.809278350515	0.0257731958763	0.0309278350516
-adă	0.702966979173	0.227541498021	0.027858379365	0.0416331434413
-efe	0.0	1.0	0.0	0.0
-ton	0.0487408610886	0.939073923639	0.0121852152721	0.0
-gli	0.0	1.0	0.0	0.0
-tol	0.00787401574803	0.935531496063	0.0255905511811	0.0310039370079
-tom	0.0	1.0	0.0	0.0
-toi	0.0714285714286	0.928571428571	0.0	0.0
-tot	0.031500722413	0.133220933461	0.136377092063	0.698901252063
-vod	0.0210526315789	0.915789473684	0.0631578947368	0.0
-tos	0.00554180531784	0.972481850747	0.0130305594615	0.00894578447403
-top	0.0934065934066	0.804029304029	0.0915750915751	0.010989010989
-voi	0.00757079877976	0.0214939812389	0.0035047184732	0.967430501508
-vol	0.0567823343848	0.917981072555	0.0	0.0252365930599
-vom	0.0153274987619	0.00647080726032	0.0029281306597	0.975273563318
-von	0.0	1.0	0.0	0.0
-iei	0.0929551248059	0.817974458975	0.0697031659933	0.0193672502259
-rov	0.0133333333333	0.96	0.0266666666667	0.0
-dom	0.0122699386503	0.98773006135	0.0	0.0
-iem	0.72526368659	0.0904068307383	0.0532395781014	0.131089904571
-iel	0.00867379156688	0.975313054771	0.00834018419892	0.007672969463
-ror	0.015843004303	0.10868431347	0.00629156343721	0.86918111879
-ros	0.118967030212	0.410179265388	0.325184906606	0.145668797794
-ied	0.0	1.0	0.0	0.0
-şfa	0.0	1.0	0.0	0.0
-rod	0.0472807050539	0.916722767709	0.0260825710116	0.00991395622507
-clu	0.0	1.0	0.0	0.0
-rof	0.0	1.0	0.0	0.0
-rog	0.70007243979	0.068683652754	0.00348784174142	0.227756065715
-roa	0.0	1.0	0.0	0.0
-rob	0.0451812946909	0.883946086186	0.0491678795165	0.0217047396064
-roc	0.0122255679255	0.970816386242	0.00757196465065	0.00938608118152
-rol	0.429326287979	0.41215323646	0.0554821664465	0.103038309115
-rom	0.0	1.0	0.0	0.0
-ies	0.612046632124	0.166197341744	0.0295674701509	0.192188555981
-ier	0.268078610952	0.64911276474	0.0656363289449	0.0171722953635
-roi	0.0716723549489	0.915529010239	0.00255972696246	0.0102389078498
-mpo	1.0	0.0	0.0	0.0
-şna	0.0	1.0	0.0	0.0
-ugă	0.72157487742	0.14059895431	0.0585456289996	0.0792805392703
-ați	0.501860631074	0.194923519744	0.0755918224566	0.227624026725
-ațe	0.105555555556	0.894444444444	0.0	0.0
-ața	0.0593855836017	0.833261145234	0.0123154637346	0.09503780743
-ază	0.566324836073	0.238536401355	0.0627666983587	0.132372064213
-rîu	0.0461691212974	0.925202713884	0.0211815323515	0.00744663246734
-rît	0.587845294479	0.10221690609	0.0245962151686	0.285341584262
-rîs	0.29906542056	0.663551401869	0.0186915887851	0.0186915887851
-tră	0.0804881811133	0.12306978619	0.0161461536655	0.780295879032
-tie	0.456263093728	0.493376809479	0.0193360567602	0.0310240400331
-eţa	0.0603588907014	0.722675367047	0.164763458401	0.0522022838498
-sat	0.729663425052	0.159109761909	0.0151432252599	0.0960835877795
-eţe	0.620778494244	0.332523628655	0.0390130436063	0.00768483349527
-rîd	0.2	0.5	0.0999999999999	0.2
-rîn	0.0415879017013	0.0141776937618	0.893194706994	0.0510396975425
-rîm	0.696016771489	0.222222222222	0.00943396226415	0.0723270440251
-eră	0.715546181381	0.16875968383	0.0581051575303	0.0575889772593
-nge	0.426851373276	0.483220878203	0.0292363954299	0.0606913530909
-şec	0.0	1.0	0.0	0.0
-şea	0.525738957157	0.121886416473	0.0239123214879	0.328462304882
-ngi	0.43944152129	0.245245199084	0.222518380516	0.092794899109
-raţ	0.0	0.9375	0.0625000000001	0.0
-sac	0.0527740189445	0.86400541272	0.0832205683356	0.0
-răt	0.79113018598	0.0701001430615	0.0658082975679	0.0729613733905
-rău	0.0857116510673	0.21603885226	0.650114497364	0.0481349993084
-șit	0.502317087396	0.0705830749341	0.0598165770775	0.367283260593
-şed	0.638039295119	0.289041928296	0.0	0.072918776585
-șim	0.472727272727	0.170629370629	0.293706293706	0.0629370629371
-șii	0.0844690162764	0.743050480211	0.10601618187	0.0664643216426
-răe	0.1	0.9	0.0	0.0
-șie	0.157849722696	0.73512325739	0.0545266745176	0.052500345397
-răi	0.465093490742	0.102968057468	0.406379963518	0.0255584882716
-șia	0.215947874651	0.708656531182	0.0307167235495	0.0446788706174
-răm	0.661956797967	0.162388818297	0.0996188055908	0.0760355781449
-lei	0.0841629784174	0.793086684829	0.0702877340814	0.0524626026717
-lej	0.264192744392	0.629742453614	0.0299086125727	0.0761561894212
-oit	0.704642373532	0.146607651731	0.0594191475171	0.0893308272197
-ois	0.0322580645161	0.94623655914	0.0215053763441	0.0
-lem	0.0	1.0	0.0	0.0
-len	0.0	1.0	0.0	0.0
-lea	0.0485192535778	0.479715349188	0.336167700096	0.135597697138
-leb	0.0	1.0	0.0	0.0
-mun	0.233333333333	0.193333333333	0.573333333333	0.0
-znă	0.248427672956	0.440251572327	0.279874213836	0.0314465408805
-eaş	0.055957099557	0.0268127768711	0.574259734204	0.342970389368
-leg	0.675382942083	0.238964923412	0.0520257409589	0.0336263935466
-mut	0.338115775324	0.0908870505012	0.547884133086	0.023113041089
-lez	0.8203125	0.0390625	0.0234375	0.1171875
-şem	0.0	1.0	0.0	0.0
-oia	0.324848167277	0.314950819855	0.0298509126687	0.3303501002
-mur	0.3781278962	0.579471733086	0.0424003707136	0.0
-oim	0.536697247706	0.256880733945	0.0366972477064	0.169724770642
-les	0.75832553163	0.0468904640899	0.0263742142571	0.168409790023
-let	0.117144070937	0.807064799834	0.0610125369465	0.0147785922826
-leu	0.00187711175072	0.913652859467	0.0844700287823	0.0
-oii	0.140952645466	0.767185113179	0.0116650465213	0.0801971948341
-muz	0.0	1.0	0.0	0.0
-âma	0.72744014733	0.178637200737	0.0165745856353	0.0773480662984
-âmf	0.481355932203	0.0813559322034	0.315254237288	0.122033898305
-ură	0.285696661662	0.501920708912	0.098815740979	0.113566888446
-san	0.0	1.0	0.0	0.0
-âmp	0.027391701329	0.937607791417	0.0258699401441	0.00913056710969
-sam	0.0434782608695	0.942028985507	0.0144927536232	0.0
-lon	0.00848033370232	0.979796852062	0.0112239710766	0.00049884315896
-ăti	0.861061180285	0.0661427519471	0.0426438503493	0.0301522174187
-ăte	0.545765027322	0.32718579235	0.0703551912568	0.0566939890711
-ăta	0.850381762062	0.056749878161	0.047002761683	0.0458655980939
-rnă	0.280330280039	0.655931466815	0.0380659011843	0.0256723519615
-cât	0.0468194609005	0.0367853969194	0.0287877665877	0.887607375592
-pea	0.64470046083	0.250230414746	0.058064516129	0.0470046082949
-pel	0.714420358153	0.26013195099	0.00848256361922	0.0169651272385
-pem	0.654377880184	0.241167434716	0.0460829493088	0.0583717357911
-pei	0.0594979857453	0.92066935234	0.0123954136969	0.00743724821817
-ogi	0.0754582889154	0.853472962522	0.0430593005999	0.0280094479631
-lsa	0.14381270903	0.301003344482	0.555183946488	0.0
-ăuș	0.10780669145	0.289962825279	0.579925650558	0.0223048327138
-lse	0.250596658711	0.272076372315	0.291169451074	0.1861575179
-oga	0.0509259259259	0.922558922559	0.0189393939394	0.00757575757576
-mmi	0.0	1.0	0.0	0.0
-oge	0.2	0.8	0.0	0.0
-căc	0.0	1.0	0.0	0.0
-şur	0.0	1.0	0.0	0.0
-şuv	0.0	0.421052631579	0.578947368421	0.0
-eja	0.11736038987	0.0479348086602	0.0191739234641	0.815530878006
-cca	0.0	1.0	0.0	0.0
-şti	0.505692452707	0.267935133722	0.104539061795	0.121833351776
-itu	0.375	0.25	0.0	0.375
-rid	0.0	1.0	0.0	0.0
-est	0.0592445880677	0.0528597241044	0.0153757948504	0.872519892978
-ito	0.185328185328	0.189189189189	0.625482625483	0.0
-şua	0.0	1.0	0.0	0.0
-rie	0.258453663688	0.591574857363	0.0849854939336	0.0649859850152
-şug	0.190080711194	0.430927593871	0.139665457948	0.239326236987
-iti	0.793577981651	0.110091743119	0.0137614678899	0.0825688073395
-esc	0.650136441991	0.180528380298	0.0965571250917	0.0727780526195
-tet	0.368421052631	0.631578947369	0.0	0.0
-esa	0.0	1.0	0.0	0.0
-ite	0.497017161923	0.233112016392	0.212100006265	0.0577708154201
-ese	0.796910890403	0.116931501788	0.0246467702336	0.0615108375757
-ita	0.410476824856	0.491804027213	0.0578136373037	0.0399055106267
-fac	0.868967164029	0.0342309734541	0.0106196136094	0.0861822489074
-spe	0.333333333333	0.666666666667	0.0	0.0
-spi	0.6	0.4	0.0	0.0
-fah	0.0	1.0	0.0	0.0
-ria	0.0556252594847	0.839273479683	0.0716727658512	0.0334284949808
-fan	0.0333279039756	0.914049089747	0.0464836555448	0.00613935073233
-fal	0.0	1.0	0.0	0.0
-fam	0.0	1.0	0.0	0.0
-far	0.0454545454545	0.954545454545	0.0	0.0
-n'a	0.354213186038	0.03871530984	0.00661484478619	0.600456659336
-uda	0.126951460723	0.83440664749	0.0211478178241	0.0174940739631
-fat	0.169057136139	0.740653656243	0.0564307547613	0.0338584528568
-ude	0.713230934946	0.238576318878	0.027352639721	0.0208401064541
-faz	0.06	0.94	0.0	0.0
-udi	0.0833333333333	0.916666666667	0.0	0.0
-tez	0.661182491727	0.257224775252	0.0557081418562	0.0258845911655
-n'o	0.157783018868	0.0811320754717	0.0134433962264	0.747641509434
--tă	0.0357142857143	0.928571428571	0.0	0.0357142857143
-âpă	0.0284360189573	0.587677725119	0.36018957346	0.0236966824645
-oco	0.0	1.0	0.0	0.0
-ses	0.0	1.0	0.0	0.0
-lți	0.0467767158992	0.175847089488	0.732163336229	0.045212858384
-ţui	0.352380952381	0.495238095238	0.0380952380952	0.114285714286
-lor	0.032702824231	0.58683216882	0.0525858102588	0.327879196691
-lța	0.809210526316	0.0394736842105	0.0394736842105	0.111842105263
-ael	0.00179750680947	0.99640174763	0.00170034427923	0.00010040128125
-lțe	0.725373134328	0.089552238806	0.185074626866	0.0
-riu	0.632846087704	0.31418744626	0.0414445399828	0.0115219260533
-şiş	0.0	1.0	0.0	0.0
-ţur	0.0	1.0	0.0	0.0
-ser	0.0555555555555	0.833333333333	0.111111111111	0.0
-tee	0.101694915254	0.847457627119	0.0254237288136	0.0254237288136
-tna	0.0	1.0	0.0	0.0
-şel	0.166666666667	0.333333333333	0.333333333333	0.166666666667
-tni	0.0	1.0	0.0	0.0
-leţ	0.095238095238	0.904761904762	0.0	0.0
-lsă	0.107481559536	0.114857744995	0.692307692308	0.0853530031612
-vna	0.110946745562	0.75	0.0966469428008	0.0424063116371
-ogă	0.0175791733763	0.972893183038	0.00281803542673	0.00670960815888
-eas	0.0355648535565	0.890864714086	0.0418410041841	0.0317294281729
-ear	0.0	1.0	0.0	0.0
-eau	0.715262380598	0.102448384315	0.0501719875163	0.132117247571
-eat	0.710397253556	0.211623344777	0.0691515448749	0.00882785679255
-eaz	0.242018131652	0.244777296019	0.406779661017	0.106424911313
-cmi	1.0	0.0	0.0	0.0
-lăm	0.675230382575	0.092990784697	0.02303825747	0.208740575258
-eac	0.00966435940968	0.312916285752	0.0489747943059	0.628444560533
-eab	0.0	1.0	0.0	0.0
-iza	0.106719367589	0.869565217391	0.0	0.0237154150198
-rna	0.294590444191	0.683895720044	0.0112894385699	0.0102243971954
-lău	0.0	1.0	0.0	0.0
-eai	0.552242545728	0.237785016287	0.0701578551741	0.139814582811
-eah	0.0	0.993808049536	0.00619195046437	0.0
-haş	0.0294117647059	0.941176470588	0.0294117647059	0.0
-eam	0.304217997435	0.575227811797	0.0371933768183	0.0833608139507
-izi	0.371450037566	0.596994740796	0.0252441773103	0.00631104432757
-rni	0.601171112557	0.297332465843	0.0234222511386	0.0780741704619
-ean	0.0496262119879	0.631008054776	0.303983438745	0.0153822944907
-uri	0.101297045813	0.777469619647	0.0405216610269	0.0807116735128
-urn	0.011068068622	0.955727725512	0.0332042058661	0.0
-ura	0.2175826833	0.696032122739	0.04427111653	0.0421140774308
-urd	0.0184501845018	0.162361623616	0.80073800738	0.0184501845018
-ure	0.563046826712	0.338399783246	0.0712223269562	0.0273310630853
-urg	0.39552238806	0.559701492537	0.0447761194029	0.0
-haţ	0.0	1.0	0.0	0.0
-dcă	0.142439816319	0.0474954506601	0.0133137275889	0.796751005432
-urs	0.306402439024	0.620426829268	0.0548780487805	0.0182926829268
-urt	0.0777385159011	0.229681978799	0.459363957597	0.233215547703
-zni	0.642857142857	0.081881533101	0.177700348432	0.0975609756097
-zne	0.0	1.0	0.0	0.0
-zna	0.402033633164	0.504106374658	0.0281579976535	0.0657019945248
-uşi	0.331835860319	0.355774630311	0.245627170816	0.0667623385537
-uşe	0.235416049748	0.643174415161	0.0858750370152	0.0355344980752
-uşa	0.0079296424452	0.978373702422	0.00648788927333	0.00720876585929
-a'n	0.090909090909	0.363636363636	0.0	0.545454545455
-r'o	0.0478964100898	0.0275218713016	0.0261759450491	0.89840577356
-lță	0.942252165544	0.046198267565	0.0115495668912	0.0
-r'a	0.45	0.142857142857	0.0	0.407142857143
-faş	0.0	0.153846153846	0.846153846154	0.0
-taș	0.291629162916	0.646264626463	0.040504050405	0.021602160216
--ta	0.115555555556	0.724444444444	0.0237037037037	0.136296296296
--te	0.54000609135	0.295315220835	0.0456655906324	0.119013097183
-şie	0.168116717976	0.69093829474	0.083924508098	0.0570204791862
-iha	0.0	1.0	0.0	0.0
-şib	0.0	1.0	0.0	0.0
-urî	0.95794949352	0.0385025453933	0.00354796108711	0.0
-şin	0.533333333333	0.333333333333	0.133333333333	0.0
-şim	0.586647727273	0.279829545454	0.0113636363636	0.122159090909
-şii	0.0934550050925	0.809728091377	0.0553582990383	0.0414586044926
-udă	0.681190644343	0.247219256092	0.0485475859456	0.0230425136191
-şit	0.497064255154	0.0720296296595	0.0549096367872	0.375996478399
-şir	0.112554112554	0.502164502165	0.333333333333	0.0519480519481
-ihu	0.027397260274	0.945205479452	0.027397260274	0.0
-nna	0.0	1.0	0.0	0.0
-esă	0.108695652174	0.891304347826	0.0	0.0
-ită	0.50605065809	0.202815289664	0.186826311854	0.104307740392
-uța	0.715517241379	0.0862068965517	0.198275862069	0.0
-ăul	0.0417493568541	0.33789048144	0.606688717383	0.0136714443219
-uți	0.50734851373	0.175687005735	0.150635132582	0.166329347953
-gag	0.102564102564	0.897435897436	0.0	0.0
-ăut	0.707403891789	0.139534883721	0.140958709065	0.0121025154248
-baş	0.0350877192982	0.736842105263	0.228070175439	0.0
-iuă	0.0564669314453	0.838887929546	0.0673458815403	0.0372992574685
-vre	0.282352941176	0.235294117647	0.0	0.482352941176
-zmă	0.0121758737317	0.776550169109	0.196392333709	0.0148816234498
-d-o	0.5703125	0.248697916667	0.0846354166666	0.0963541666667
-usă	0.555338876381	0.252575035013	0.0491960217703	0.142890066836
-ş'a	0.666666666667	0.0	0.0	0.333333333333
-'le	0.0	0.0	1.0	0.0
-tîi	0.0196683153913	0.109824459315	0.571874696926	0.298632528368
-rmă	0.0742941118814	0.199120562592	0.512620131421	0.213965194106
-tîr	0.347058823529	0.652941176471	0.0	0.0
-tît	0.103833003419	0.109231599784	0.137664207306	0.649271189491
-pți	0.0737868463653	0.114181380115	0.71716297105	0.0948688024696
-bue	0.19014084507	0.535211267606	0.19014084507	0.0845070422535
-enă	0.0103727756517	0.944979190022	0.0446480343268	0.0
-ăga	0.692307692308	0.192307692308	0.0384615384615	0.0769230769232
-aji	0.0	1.0	0.0	0.0
-ajd	0.4	0.6	0.0	0.0
-cru	0.115793645193	0.450797200975	0.0431036822705	0.390305471562
-ăgi	0.896103896104	0.0649350649351	0.038961038961	0.0
-aja	0.316455696203	0.506329113924	0.145569620253	0.0316455696202
-cri	0.0	1.0	0.0	0.0
-cre	0.0	0.2	0.0	0.8
-cra	0.402187631468	0.568784181742	0.0138830458561	0.015145140934
-mra	0.0645161290324	0.903225806452	0.0322580645161	0.0
-mre	0.0	1.0	0.0	0.0
-mri	0.0180995475113	0.981900452489	0.0	0.0
-lda	0.0316314815249	0.881206213829	0.0400665432648	0.0470957613815
-lde	0.0825688073394	0.895406067075	0.00965717044907	0.0123679551365
-sga	0.0	1.0	0.0	0.0
-fra	0.0	0.994129158513	0.00587084148728	0.0
-hob	0.0	1.0	0.0	0.0
-oji	0.25	0.75	0.0	0.0
-ers	0.85260742063	0.0521484125972	0.0243529261762	0.0708912405967
-taş	0.116601101495	0.818568056648	0.0525570416995	0.0122738001574
-but	0.0619012527634	0.924834193073	0.0132645541636	0.0
-lae	0.0444444444444	0.955555555556	0.0	0.0
-âlp	0.0425531914894	0.914893617021	0.0425531914894	0.0
-usi	0.0	1.0	0.0	0.0
-ert	0.378393454816	0.44579769431	0.134808478988	0.0410003718854
-usa	0.046511627907	0.918604651163	0.0348837209303	0.0
-use	0.713312126531	0.174179873393	0.0575688640209	0.0549391360552
-act	0.0931677018633	0.614906832298	0.10248447205	0.189440993789
-ust	0.102267002519	0.654408060454	0.231234256927	0.0120906801008
-l-a	0.116983617354	0.0582654153289	0.00239771136906	0.822353255948
-epe	0.707978156338	0.0774337457589	0.0202047235038	0.194383374399
-osc	0.913406169039	0.023291226176	0.0176463013338	0.0456563034509
-epa	0.931034482759	0.0	0.0689655172414	0.0
-zma	0.396366639141	0.52931461602	0.0619322873658	0.0123864574732
-epi	0.767088607595	0.111392405063	0.0354430379747	0.0860759493671
-a-i	0.437820903316	0.28761639544	0.0474284222435	0.227134279001
-ept	0.146549711832	0.161715922055	0.411210436509	0.280523929604
-a-l	0.575074590442	0.163248758138	0.0495957552331	0.212080896187
-a-o	0.650136332652	0.149625085208	0.0817995910021	0.118438991138
-lag	0.0	1.0	0.0	0.0
-năm	0.538400883142	0.375492824476	0.0305945434474	0.0555117489355
-ius	0.0497305242528	0.942920137188	0.000734933855952	0.00661440470358
-iut	0.844005156854	0.0395358831113	0.103996562097	0.0124623979372
-iui	0.741013477428	0.233256887939	0.0102918538532	0.0154377807797
-ium	0.0909090909091	0.909090909091	0.0	0.0
-iul	0.0122081100041	0.964147120154	0.0175940408882	0.00605072895367
-iun	0.0958792329662	0.140350877193	0.0456956344349	0.718074255406
-iua	0.00767407190165	0.821891471353	0.00140121058077	0.169033246165
-m-a	0.0705954795188	0.0153732593844	0.00413396952137	0.909897291575
-iud	0.0	1.0	0.0	0.0
-năr	0.003663003663	0.080586080586	0.910256410256	0.00549450549451
-şva	0.0	1.0	0.0	0.0
-uță	0.723404255319	0.063829787234	0.212765957447	0.0
-ţeţ	0.0	1.0	0.0	0.0
-rio	0.0366972477064	0.889908256881	0.0550458715596	0.0183486238532
-uel	0.00696422918646	0.990503323837	0.00253244697689	0.0
-axe	0.00555555555556	0.992592592593	0.0	0.00185185185185
-iim	0.0	1.0	0.0	0.0
-iil	0.0	1.0	0.0	0.0
-iin	0.0714285714286	0.553571428572	0.375	0.0
-iii	0.0121422212119	0.921028205565	0.00477354094448	0.0620560322782
-iia	0.041237113402	0.958762886598	0.0	0.0
-iit	0.395209580838	0.347305389222	0.209580838323	0.0479041916168
-ldă	0.0525280805253	0.866813318668	0.051594840516	0.0290637602906
-goț	0.13133640553	0.841013824885	0.0276497695852	0.0
-fca	0.0	1.0	0.0	0.0
-ult	0.0511363473751	0.0562388919576	0.341351396215	0.551273364453
-tal	0.0486815415822	0.2738336714	0.243407707911	0.434077079107
-tam	0.28125	0.660552536232	0.0165307971014	0.0416666666667
-tan	0.0360997039442	0.951007544647	0.00945468436634	0.00343806704231
-tah	0.0	1.0	0.0	0.0
-tai	0.612460703058	0.233209488425	0.0197199199771	0.13460988854
-gni	0.868085106383	0.131914893617	0.0	0.0
-tad	0.0	0.833333333333	0.166666666667	0.0
-tae	0.222222222222	0.777777777778	0.0	0.0
-ajă	0.10486528397	0.795503004458	0.0263616980035	0.0732700135685
-tat	0.758552291056	0.0957091521638	0.0764200945771	0.0693184622035
-tau	0.804762489808	0.129116638558	0.023008276278	0.0431125953559
-tav	0.129973474801	0.45225464191	0.399204244032	0.0185676392573
-tar	0.0298122996001	0.9574701877	0.00882660229851	0.00389091040098
-ent	0.18968882765	0.346423240326	0.334137099552	0.129750832472
-cni	0.821538461538	0.0976923076923	0.0	0.0807692307692
-ens	0.0684150513113	0.897377423033	0.0342075256556	0.0
-rma	0.476153410699	0.242782337956	0.0225728842344	0.25849136711
-eni	0.256724326506	0.482956856784	0.0232303846859	0.237088432024
-rme	0.413301662708	0.368171021378	0.0134600158353	0.205067300079
-ene	0.305520814722	0.664850217379	0.0218867250313	0.0077422428682
-rmi	0.241240806248	0.519930795567	0.123032811186	0.115795586999
-ena	0.00513456090652	0.983179886686	0.00956090651557	0.00212464589235
-făt	0.0	1.0	0.0	0.0
-hez	0.8	0.0	0.2	0.0
-het	0.0	1.0	0.0	0.0
-heu	0.0358030830432	0.955246146196	0.0	0.00895077076081
-her	0.0	1.0	0.0	0.0
-hes	0.104347826087	0.860869565217	0.0347826086957	0.0
-hel	0.0	0.9	0.1	0.0
-hem	0.489113924051	0.422911392405	0.0559493670886	0.0320253164557
-hen	0.111111111111	0.888888888889	0.0	0.0
-hei	0.0346232179226	0.951120162933	0.0081466395112	0.0061099796334
-u-l	0.357876767387	0.0984785195015	0.026591562141	0.51705315097
-hef	0.278571428571	0.442857142857	0.264285714286	0.0142857142857
-u-i	0.360439258081	0.110439416138	0.0348560924887	0.494265233292
-hea	0.114187469913	0.790495839351	0.0184856612337	0.0768310295028
-heb	0.0	0.833333333333	0.166666666667	0.0
-inț	0.037037037037	0.962962962963	0.0	0.0
-nse	0.464357362579	0.25868218091	0.24294503143	0.0340154250814
-ţaş	0.166666666667	0.666666666667	0.166666666667	0.0
-put	0.688079706139	0.17958451578	0.0332436516419	0.0990921264389
-pur	0.0220588235294	0.911764705882	0.0661764705882	0.0
-pus	0.831440790308	0.055878970987	0.0153931972059	0.0972870414996
--un	0.0815749964871	0.0849696404931	0.0388646062139	0.794590756806
-pua	0.0	1.0	0.0	0.0
-puc	0.750670241287	0.184986595174	0.0563002680965	0.00804289544235
-pul	0.035057872708	0.854596061166	0.0196382084516	0.0907078576745
-pun	0.893369939082	0.0303741458178	0.0178989887187	0.0583569263812
-ubă	0.111888111888	0.856643356643	0.0174825174825	0.013986013986
-pui	0.657022534171	0.164240857037	0.0703361654968	0.108400443295
-gaș	0.0465772759351	0.953422724065	0.0	0.0
-șor	0.0176662838972	0.0519094308512	0.852692636104	0.0777316491476
-zue	0.672619047619	0.178571428571	0.0357142857143	0.113095238095
-șon	0.0	1.0	0.0	0.0
-eoş	0.0	1.0	0.0	0.0
-dea	0.689779631794	0.216771788353	0.0117458649732	0.0817027148793
-dec	0.554097749794	0.419940345079	0.0171860498726	0.00877585525412
-ded	0.166666666667	0.75	0.0833333333333	0.0
-def	0.0	0.666666666667	0.333333333333	0.0
-dei	0.0062912865681	0.924530774877	0.0571982803817	0.0119796581734
-goţ	0.395353044038	0.570880147931	0.00844170200793	0.0253251060238
-dek	0.0	1.0	0.0	0.0
-del	0.0	1.0	0.0	0.0
-dem	0.748176095594	0.091648261469	0.0232794636485	0.136896179289
-den	0.0	0.925925925926	0.074074074074	0.0
-der	0.807807807808	0.138138138138	0.0	0.054054054054
-des	0.0562131795131	0.579238371219	0.0287046023045	0.335843846963
-deu	0.00744416873449	0.863262374298	0.112054329372	0.0172391275957
-lga	0.0	1.0	0.0	0.0
-dez	0.333333333333	0.0	0.666666666667	0.0
-lgi	0.733333333333	0.133333333333	0.0666666666667	0.0666666666667
-naz	0.0	1.0	0.0	0.0
-bit	0.806498207412	0.0731165174804	0.0501124202924	0.0702728548156
-bir	0.098703888335	0.859421734796	0.0418743768694	0.0
-coţ	0.0	1.0	0.0	0.0
-bie	0.026957564681	0.951967559541	0.0054828945114	0.0155919812668
-bib	0.0	0.909090909091	0.090909090909	0.0
-upă	0.223903679379	0.0211933208199	0.0126756940427	0.742227305758
-bia	0.13170203208	0.833839811854	0.00671194144227	0.0277462146236
-bin	0.0267857142857	0.964285714286	0.00892857142855	0.0
-bil	0.112511017784	0.192259610676	0.60550284302	0.0897265285195
-bim	0.797047105695	0.0608155612843	0.0217951722522	0.120342160769
-bii	0.0325191801024	0.867934845648	0.0775489237601	0.0219970504897
-ăvi	0.814847654993	0.128096530944	0.0339863152361	0.0230694988269
-eel	0.0	1.0	0.0	0.0
-ăva	0.343461030383	0.146631439894	0.0792602377807	0.430647291942
-şca	0.557377049181	0.327868852459	0.0655737704918	0.0491803278688
-rlă	0.16393442623	0.819672131148	0.0	0.0163934426229
-meu	0.00279291599553	0.0310086521673	0.00583282456209	0.960365607275
-met	0.897801948788	0.0614094720145	0.00543847722638	0.0353501019715
-luz	0.0	1.0	0.0	0.0
-jim	0.705840957073	0.224489795918	0.027445460943	0.0422237860661
-așa	0.0492279998922	0.0719591767012	0.0348266728553	0.843986150551
-mes	0.972802246008	0.0224600807159	0.000736971398491	0.00400070187752
-jii	0.0331950207469	0.398340248963	0.526970954357	0.0414937759336
-lup	0.0	0.666666666667	0.333333333333	0.0
-jie	0.0272502064409	0.0817506193228	0.886044591247	0.00495458298926
-ași	0.112010898358	0.215682901825	0.53824401588	0.134062183937
-mez	0.413919413919	0.208791208791	0.032967032967	0.344322344322
-mee	0.0	1.0	0.0	0.0
-lui	0.015232554866	0.387815618093	0.0163161444173	0.580635682623
-uţi	0.367272282993	0.242383105709	0.169164915959	0.221179695339
-lul	0.0638971132197	0.835688192604	0.0421250199287	0.0582896742481
-lum	0.0126582278481	0.987341772152	0.0	0.0
-mec	0.0	0.507042253521	0.408450704225	0.0845070422535
-mem	0.605348460292	0.217990275527	0.10453808752	0.0721231766612
-lua	0.731072772257	0.0372415038823	0.0148234941806	0.21686222968
-jit	0.76672826216	0.136911522878	0.0771356400563	0.0192245749063
-jiu	0.0415384615384	0.0953846153846	0.863076923077	0.0
-mei	0.0170032126818	0.478125352426	0.0233288126379	0.481542622254
-meh	0.0135135135135	0.97972972973	0.0	0.00675675675676
-uţe	0.155555555555	0.666666666667	0.133333333333	0.0444444444446
-lug	0.731092436975	0.268907563025	0.0	0.0
-ndu	0.492624050067	0.146401430487	0.0569959767546	0.303978542691
-ţai	0.0	1.0	0.0	0.0
-ţah	0.0	1.0	0.0	0.0
-ţan	0.0	1.0	0.0	0.0
-ţam	0.366860772896	0.477501323452	0.0444679724722	0.111169931181
-ţar	0.0	0.985380116959	0.0116959064328	0.00292397660819
-ţap	0.00651465798045	0.908794788274	0.084690553746	0.0
-ţau	0.764976958525	0.152073732719	0.036866359447	0.0460829493087
-ţat	0.677179741333	0.139299234508	0.0964925898946	0.0870284342645
-băț	0.543859649123	0.456140350877	0.0	0.0
-gio	0.0425531914894	0.957446808511	0.0	0.0
-olț	0.0384615384615	0.807692307692	0.0384615384615	0.115384615385
-ubt	0.0588510042036	0.10135450724	0.035030359645	0.804764128912
-sra	0.0	1.0	0.0	0.0
-ubi	0.896973099482	0.0697880037466	0.00190845340315	0.0313304433684
-mâi	0.627140974967	0.263504611331	0.0566534914361	0.0527009222661
-ube	0.0423529411765	0.901176470588	0.0282352941176	0.0282352941176
-mân	0.886414253898	0.0334075723831	0.0244988864142	0.0556792873051
-gîn	0.190812720848	0.809187279152	0.0	0.0
-măr	0.0809426229508	0.583902550091	0.264344262295	0.070810564663
-lma	0.244680851064	0.627659574468	0.106382978723	0.0212765957447
-gît	0.106135857786	0.816303323063	0.0449036321401	0.032657187011
-măn	0.110694183865	0.889305816135	0.0	0.0
-măm	0.362416107382	0.58389261745	0.0134228187919	0.0402684563758
-nsă	0.106700630064	0.0480328826935	0.0194356893393	0.825830797903
-ake	0.0	1.0	0.0	0.0
-puş	0.340872374798	0.620355411955	0.0387722132472	0.0
-țăm	0.673960612692	0.177242888403	0.0853391684902	0.0634573304157
-cîm	0.0120481927711	0.963855421687	0.0240963855422	0.0
-cît	0.0612982734855	0.0387414433568	0.0293301092603	0.870630173897
-csa	0.0	1.0	0.0	0.0
-goi	0.101744186047	0.188953488372	0.59011627907	0.119186046512
-gol	0.126437169156	0.164503186217	0.664553761084	0.044505883543
-așă	0.401606425703	0.550200803213	0.0481927710843	0.0
-gon	0.0107526881721	0.989247311828	0.0	0.0
-biş	0.0	1.0	0.0	0.0
-gob	0.0	1.0	0.0	0.0
-gog	0.00636942675159	0.971337579618	0.0222929936306	0.0
-uţă	0.383177570094	0.392523364486	0.168224299065	0.0560747663551
-gor	0.06	0.90972972973	0.00648648648649	0.0237837837838
-com	0.124651162791	0.260465116279	0.586976744186	0.0279069767442
-col	0.159266685763	0.702663993125	0.022916069894	0.115153251217
-con	0.0	0.909090909091	0.090909090909	0.0
-eot	0.00687348210604	0.916693396875	0.0761581817349	0.000274939284241
-coa	0.0	1.0	0.0	0.0
-eor	0.0418848167539	0.947643979058	0.0104712041885	0.0
-coc	0.0	0.666666666667	0.333333333333	0.0
-eon	0.0050747110234	0.992387933465	0.0	0.0025373555117
-eom	0.0	1.0	0.0	0.0
-rli	0.507042253521	0.239436619718	0.0845070422535	0.169014084507
-eoi	0.351893095768	0.00668151447661	0.614699331849	0.0267260579065
-rle	0.195121951219	0.804878048781	0.0	0.0
-cot	0.396179007258	0.190918781186	0.117552231048	0.295349980508
-cov	0.000921906810585	0.995159989244	0.00184381362117	0.00207429032382
-rla	0.153846153846	0.846153846154	0.0	0.0
-cop	0.19168356998	0.651115618661	0.106490872211	0.050709939148
-cos	0.479788543881	0.0444351879644	0.035283523942	0.440492744213
-deş	0.0	0.985964912281	0.0140350877193	0.0
-upt	0.285143769968	0.0655945702187	0.0220737728725	0.627187886941
-luc	0.0454545454545	0.954545454545	0.0	0.0
-luş	0.0	0.833333333333	0.166666666667	0.0
-îmt	0.111111111111	0.0	0.888888888889	0.0
-meş	0.00625978090767	0.887323943662	0.100156494523	0.00625978090767
-uvi	0.0	0.6	0.4	0.0
-upe	0.605982826209	0.288174351316	0.0411610976293	0.064681724846
-upa	0.423940149626	0.216957605985	0.359102244389	0.0
-upi	0.313555588192	0.36877661918	0.286826259363	0.0308415332648
-orţ	0.0433386837881	0.927768860353	0.00963081861958	0.0192616372392
