-ivu	0.198096730467	0.285370033444	0.0966790149894	0.419854221099
-iva	0.545879841259	0.239844166838	0.046208170133	0.16806782177
-u-a	0.444291929663	0.170658322836	0.0585021037197	0.326547643781
-ive	0.369436013012	0.212363182453	0.0672797703772	0.350921034158
-eue	0.43670886076	0.278481012658	0.189873417722	0.0949367088608
-ivi	0.178521110107	0.264501700077	0.0995177211958	0.45745946862
-eua	0.241379310345	0.630541871921	0.128078817734	0.0
-ivo	0.524489842235	0.242056192883	0.102523892938	0.130930071944
-auu	0.201118648102	0.67124836368	0.0502796620254	0.077353326193
-aua	0.173320762141	0.501349650723	0.0502052182401	0.275124368896
-r-a	0.0	1.0	0.0	0.0
-aue	0.20244952843	0.0369305089037	0.00853325241462	0.752086710252
-aul	0.124087591241	0.678832116788	0.197080291971	0.0
-auo	0.31318398352	0.507081241149	0.0727436590704	0.106991116261
-aun	0.00724754388791	0.833306490578	0.159445965534	0.0
-puu	0.27027027027	0.15444015444	0.57528957529	0.0
-nto	0.24938230934	0.476774831165	0.126832482293	0.147010377203
-uai	0.105900731768	0.330734234111	0.17934698203	0.384018052092
ALL	0.218831854678	0.262317121949	0.0499239374102	0.468927085963
-uao	0.0991895488086	0.795572759163	0.0108866577961	0.0943510342324
-i-a	0.310417241231	0.183644615893	0.0321470525776	0.473791090298
-pue	0.00722021660651	0.985559566787	0.0	0.00722021660649
-apa	0.212226981406	0.2290417597	0.119488369843	0.439242889051
-pua	0.0937947067239	0.772085121602	0.0849427753934	0.0491773962804
-sva	0.780968006563	0.196062346185	0.0	0.0229696472518
-pui	0.0829493087558	0.640552995392	0.0829493087558	0.193548387097
-pra	0.0357142857142	0.803571428572	0.160714285714	0.0
-hem	0.0	1.0	0.0	0.0
-ape	0.330558692536	0.27376315447	0.153656066924	0.24202208607
-opo	0.360336479	0.372829017214	0.174592702504	0.0922418012812
-opi	0.185565756673	0.689791451329	0.0863379339698	0.0383048580288
-ope	0.416514498028	0.254858130073	0.222375998364	0.106251373535
-opa	0.275622847083	0.392033850603	0.137764894051	0.194578408263
-10t	0.0	0.812558575445	0.187441424555	0.0
-oku	0.759202453988	0.125766871166	0.0	0.115030674847
-dek	0.0695699477168	0.930430052283	0.0	0.0
-400	0.328530259366	0.308357348703	0.0489913544669	0.314121037464
-oio	0.380695300085	0.217885364739	0.236301891721	0.165117443455
-oko	0.0613026077304	0.659535456946	0.151009064324	0.128152871
-oki	0.110015917901	0.774934140558	0.00858191140397	0.106468030137
-nad	0.126377187297	0.615035644848	0.219701879456	0.0388852883992
-oke	0.205741626794	0.631578947368	0.143540669856	0.0191387559808
-oka	0.438724443648	0.309652684706	0.0892234487372	0.162399422909
-ida	0.00883002207507	0.991169977925	0.0	0.0
-siu	0.508050089446	0.191413237925	0.139534883721	0.161001788909
-bia	0.0	0.881422924901	0.0	0.118577075099
-bio	0.0	1.0	0.0	0.0
-tep	0.0	0.990506329114	0.0	0.00949367088608
-100	0.0202177489232	0.458283626135	0.10284680974	0.418651815202
-uta	0.330603871433	0.467014947191	0.0580174812495	0.144363700127
-tet	0.0	0.977011494253	0.0221043324492	0.000884173297966
-ute	0.132356534951	0.0847880829181	0.226813434342	0.556041947788
-rin	0.0107526881721	0.967741935484	0.0107526881721	0.010752688172
-rio	0.411883476427	0.50433079481	0.0247757293983	0.0590099993648
-ril	0.0	0.959785522788	0.0402144772118	0.0
-rim	0.0	1.0	0.0	0.0
-uto	0.0525219595688	0.841417173713	0.0171691275488	0.0888917391691
-rii	0.118100578237	0.563974066935	0.223585070965	0.0943402838619
-tea	0.336770877387	0.542779530889	0.0737662253164	0.0466833664075
-rit	0.0	0.989699570815	0.0103004291845	0.0
-riu	0.491803278689	0.0	0.0	0.508196721311
-ris	0.0143876185802	0.964938583694	0.0188585374381	0.00181526028816
-utu	0.15349082317	0.0233914387581	0.0377525468993	0.785365191173
-tei	0.265306122449	0.392857142857	0.045918367347	0.295918367347
-sia	0.162790123982	0.535885106222	0.124034112489	0.177290657307
-ten	0.0500195516163	0.857713112617	0.0782471976017	0.0140201381648
-teo	0.378830083565	0.392757660167	0.114206128134	0.114206128134
-are	0.194294346055	0.0577038778123	0.0195192670884	0.728482509045
-ara	0.133029410328	0.336459982172	0.0541274718277	0.476383135672
-mes	0.0666666666667	0.933333333333	0.0	0.0
-mer	0.0174927113703	0.98250728863	0.0	0.0
-aro	0.192653070712	0.470814603137	0.0611066194809	0.275425706669
-ari	0.142976968926	0.0896428262755	0.0191633100538	0.748216894745
-aru	0.19493622394	0.061978846767	0.0273331440144	0.715751785279
-luk	0.101145038168	0.875954198473	0.0	0.0229007633588
-vei	0.438164403747	0.0941655264358	0.029470582044	0.438199487773
-mel	0.0	0.944350758853	0.0404721753794	0.0151770657673
-men	0.138005233739	0.81156977701	0.0238855212241	0.0265394680268
-mek	0.0	1.0	0.0	0.0
-vuu	0.23549826475	0.536440257809	0.161130391671	0.0669310857709
-rai	0.303810077121	0.298731670579	0.0424449971481	0.355013255152
-tyu	0.0	1.0	0.0	0.0
-vua	0.239669791055	0.468360235567	0.175442823389	0.116527149989
-vuo	0.0759264838806	0.790850657829	0.0618660239028	0.0713568343878
-vui	0.302391835511	0.100854063587	0.0590388481664	0.537715252735
-sro	0.076167076167	0.923832923833	0.0	0.0
-gon	0.0	1.0	0.0	0.0
-nta	0.221932114883	0.605744125326	0.130548302872	0.0417754569191
-ili	0.00291869353718	0.970396108409	0.0170952050035	0.00958999305072
-kro	0.0	0.866332497911	0.0	0.133667502089
--va	0.173461635857	0.653145790649	0.0560556182232	0.117336955271
-ota	0.39047035544	0.268864126318	0.23371438985	0.106951128391
-ija	0.00311284046693	0.996887159533	0.0	0.0
-kl0	0.26724137931	0.422413793103	0.137931034483	0.172413793103
-oam	0.0124378109453	0.925373134328	0.0	0.0621890547263
-oto	0.131794142199	0.47313967831	0.286658315998	0.108407863493
-otu	0.183713022899	0.721437646983	0.0705998250071	0.0242495051111
-mat	0.395629238885	0.559155990957	0.0452147701582	0.0
-umi	0.0	0.828571428571	0.0	0.171428571429
-ako	0.137812366366	0.707018011593	0.0830520733864	0.0721175486554
-kia	0.187259449324	0.466964373828	0.0261521760584	0.31962400079
-nai	0.0363814858661	0.963618514134	0.0	0.0
-nan	0.0435729847495	0.738562091503	0.217864923747	0.0
-aki	0.19772172498	0.603742880391	0.0878763222132	0.110659072417
-nam	0.0	1.0	0.0	0.0
-sis	0.0300935339569	0.941439609597	0.0264335095568	0.00203334688898
-sir	0.146341463415	0.780487804878	0.0	0.0731707317073
-ake	0.12936896113	0.0529530535477	0.0135819258003	0.804096059522
-sip	0.0453272560847	0.946223257538	0.000625887879811	0.00782359849766
-kio	0.128768917988	0.418336102868	0.0324887285734	0.42040625057
-kim	0.0	1.0	0.0	0.0
-nsa	0.611987381703	0.369085173502	0.0	0.018927444795
-kis	0.0395914878301	0.877581320016	0.0767534979979	0.00607369415576
-sii	0.022887809361	0.016949745905	0.00442740860161	0.955735036132
-sio	0.106162618978	0.747251076391	0.0646744112052	0.0819118934263
-sin	0.0467493437468	0.885389902513	0.044486081867	0.0233746718734
-kiu	0.742171189979	0.101252609603	0.0344467640918	0.122129436326
-nas	0.0328075709779	0.921766561514	0.0302839116719	0.015141955836
-aku	0.555530910358	0.26290440128	0.0437276212808	0.137837067081
-gok	0.051724137931	0.931034482759	0.0172413793103	0.0
-mos	0.0	1.0	0.0	0.0
-gol	0.00914169629254	0.795835449467	0.192991366176	0.00203148806501
-goo	0.350315806149	0.210806631585	0.119204767743	0.319672794523
-uve	0.449715370019	0.228566499914	0.166120407107	0.15559772296
-goa	0.229823039035	0.162348757918	0.0147726791806	0.593055523866
-ort	0.286682808717	0.594188861986	0.0227602905569	0.0963680387409
-goe	0.290375203915	0.650897226754	0.0391517128875	0.0195758564437
-gog	0.0	0.996947419297	0.0	0.00305258070261
-mon	0.0101527750919	0.987429897505	0.00120866370141	0.00120866370141
-eou	0.182778229082	0.61819658814	0.0609260763607	0.138099106418
-bet	0.0474209650583	0.947587354409	0.00499168053244	0.0
-bek	0.210175145955	0.67597998332	0.070058381985	0.0437864887406
-ben	0.0	0.953757225434	0.0	0.0462427745665
-sua	0.325471698113	0.579402515723	0.0	0.0951257861635
-bel	0.038304392237	0.923391215526	0.0306435137896	0.00766087844738
-bea	0.0	0.809523809524	0.190476190476	0.0
-eoa	0.297339358414	0.292017613786	0.0344823210328	0.376160706766
-iso	0.0941795364807	0.0085573762518	0.00144141880453	0.895821668463
-evu	0.271029691579	0.562480640736	0.0402672684632	0.126222399221
-upu	0.311881188119	0.658415841584	0.029702970297	0.0
-reo	0.185448774936	0.420361061778	0.0255742155667	0.368615947719
-isi	0.220410416441	0.220513600948	0.0407604455358	0.518315537075
-rea	0.416246762415	0.301420357332	0.0745719443547	0.207760935898
-isa	0.477024919734	0.358517756807	0.0431519253049	0.121305398154
-eve	0.454062770027	0.252014900051	0.0704390359042	0.223483294017
-upe	0.311796170396	0.448647160827	0.118044278073	0.121512390704
-eva	0.579722152691	0.121216896027	0.0335515944339	0.265509356849
-upa	0.11808003609	0.586769220312	0.0867006825502	0.208450061048
-rer	0.183673469388	0.489795918367	0.0204081632653	0.30612244898
-res	0.165126038895	0.792522697973	0.0423512631319	0.0
-rep	0.0315789473684	0.968421052632	0.0	0.0
-evo	0.395227087983	0.197430157368	0.06941623529	0.337926519358
-evi	0.181065700983	0.32850491464	0.239006725297	0.251422659079
-ret	0.0128578704361	0.96226966461	0.00725551260322	0.0176169523507
-upi	0.394740325641	0.581167541808	0.0240921325508	0.0
-avi	0.308068025025	0.291518442384	0.137538997469	0.262874535122
-jut	0.0666666666666	0.848148148148	0.0185185185185	0.0666666666666
-avo	0.405735022994	0.346977460858	0.0682053072189	0.179082208929
-ava	0.0683859868288	0.0615394052059	0.0124893977991	0.857585210166
-mas	0.0272975432211	0.93913126766	0.00718356400555	0.0263876251137
-ham	0.00477041303104	0.956459139244	0.0333928912172	0.00537755650771
-hap	0.0200445434298	0.906458797327	0.0267260579065	0.0467706013363
-mak	0.0162916989915	0.983708301009	0.0	0.0
-has	0.0	1.0	0.0	0.0
-mam	0.308008213552	0.691991786448	0.0	0.0
-man	0.0667060635364	0.690376419183	0.0791518928405	0.16376562444
-kii	0.0	0.96875	0.03125	0.0
-lva	0.0150837988827	0.911173184358	0.0703910614525	0.00335195530727
--re	0.175492974132	0.670719040061	0.0379338712492	0.115854114558
-oua	0.328088754521	0.375819940951	0.0526708473279	0.243420457201
-nka	0.578680203046	0.314720812183	0.0456852791879	0.0609137055837
-pta	0.0	1.0	0.0	0.0
-nki	0.00915431560593	0.980383609416	0.0	0.0104620749782
-tra	0.0	1.0	0.0	0.0
-500	0.303430079156	0.12598944591	0.187994722955	0.382585751979
-gaa	0.666314119514	0.161290322581	0.0877842411422	0.0846113167636
-gai	0.0255121994087	0.0179876347865	0.000706764665231	0.95579340114
-aau	0.2587890625	0.294921875	0.169921875	0.2763671875
-gau	0.349470127357	0.534531464602	0.0606349107254	0.0553634973156
-gat	0.0	1.0	0.0	0.0
-gas	0.0	0.997148288973	0.00285171102662	0.0
-oui	0.260223048327	0.594795539034	0.0446096654275	0.100371747212
-sen	0.174960648989	0.805666545587	0.0175566049159	0.00181620050853
-sel	0.0387000351931	0.903998734908	0.0198872166268	0.0374140132721
-sek	0.0	1.0	0.0	0.0
-eoi	0.438057199914	0.334284287854	0.11054846302	0.117110049212
-ino	1.0	0.0	0.0	0.0
-ina	0.109858688007	0.82608140387	0.0373007059959	0.0267592021275
-sea	0.654343098375	0.234361008059	0.0921069463988	0.0191889471664
-ing	0.0340508218073	0.89899442637	0.0170847328929	0.0498700189303
-uio	0.185797121796	0.681454721921	0.0352079007193	0.0975402555641
-uia	0.109086104523	0.739549365915	0.0495781438804	0.101786385682
-seu	0.22514619883	0.67738791423	0.0292397660819	0.0682261208577
-set	0.0544959128065	0.945504087194	0.0	0.0
-ses	0.0612065652961	0.924442632078	0.00274468902674	0.0116061135988
-sep	0.0208631622009	0.975455103293	0.00245448967069	0.00122724483534
-iae	0.192216252199	0.58685987352	0.0486781417907	0.17224573249
-kuu	0.322384428224	0.361313868613	0.14598540146	0.170316301703
-kus	0.440594059406	0.5	0.0	0.0594059405941
-aou	0.205300153511	0.518138482669	0.0197947806415	0.256766583179
-iam	0.104982206406	0.862989323843	0.0213523131673	0.0106761565836
-net	0.552631578947	0.447368421053	0.0	0.0
-edi	0.00225563909775	0.996240601504	0.0	0.0015037593985
-iai	0.405385879398	0.209053682021	0.060364028757	0.325196409824
-iku	0.0923076923078	0.439842209073	0.266666666667	0.201183431953
-ooo	0.791044776119	0.141791044776	0.0	0.0671641791045
-nen	0.0333333333333	0.833333333333	0.0	0.133333333333
-iat	0.0	1.0	0.0	0.0
-kue	0.0838568821748	0.891532945883	0.0142192104557	0.0103909614869
-oou	0.501002004008	0.234023602761	0.18481407259	0.0801603206413
-fus	0.0	1.0	0.0	0.0
-kua	0.353568320279	0.458442123586	0.0922541340296	0.0957354221062
-kuo	0.157291097761	0.630802839978	0.0251228836701	0.186783178591
-iks	0.0382845573348	0.923062764587	0.00552181115406	0.0331308669243
-aoi	0.33436237126	0.287762520745	0.0877901964337	0.290084911561
-kui	0.0676941938874	0.829494701813	0.0409843243717	0.0618267799282
-ban	0.0392156862745	0.960784313725	0.0	0.0
-eka	0.281282316443	0.58221302999	0.0589451913133	0.0775594622544
-eke	0.282644455968	0.243508080709	0.0249572327972	0.448890230526
-bai	0.585537918871	0.361552028219	0.0	0.05291005291
-eko	0.0865384615385	0.673076923077	0.144230769231	0.0961538461539
-hos	0.0158538111727	0.975384872127	0.00625808335767	0.00250323334306
-jon	0.0187311950601	0.946928280663	0.0113567088159	0.0229838154609
-rei	0.164538704962	0.407731204195	0.094131626804	0.333598464038
-eku	0.162305905367	0.262746056975	0.453906345519	0.121041692138
-bat	0.00245318505193	0.990323547851	0.0	0.00722326709734
-bas	0.0207427471666	0.967709744102	0.00940908118896	0.00213842754295
-dru	0.0	0.995778611632	0.0	0.00422138836774
-ase	0.231909242112	0.318794528709	0.0694834049103	0.379812824268
-rel	0.0	0.981707317073	0.0109756097561	0.00731707317074
-asa	0.40048763691	0.255594774689	0.0658968768066	0.278020711594
-aso	0.332	0.452	0.036	0.18
-vea	0.2811166521	0.625931828698	0.0559354274844	0.0370160917176
-ias	0.0159616556466	0.971896572109	0.00477485425326	0.00736691799075
-asi	0.310595751717	0.285707936014	0.0486855020636	0.355010810205
-eli	0.0	0.948717948718	0.025641025641	0.025641025641
-lto	0.0273015701332	0.932002956393	0.0167649126602	0.0239305608134
-yen	0.0	0.928571428571	0.0714285714286	0.0
-lta	0.101612903226	0.782258064516	0.0193548387097	0.0967741935484
-e-a	0.248373197327	0.243718489858	0.0471919334037	0.460716379411
-430	0.340425531915	0.0425531914894	0.0	0.617021276596
-rau	0.464621698691	0.209391573168	0.065080084215	0.260906643925
-ras	0.0325327882814	0.945494804974	0.00970873786408	0.0122636688809
-rao	0.366675507109	0.29360469102	0.0524035428423	0.287316259029
-ral	0.0213371266003	0.669274537696	0.309388335704	0.0
-ram	0.0405338606031	0.845773603559	0.0444883835887	0.0692041522491
-rak	0.041095890411	0.917808219178	0.0410958904109	0.0
-ero	0.329500402954	0.444892320656	0.0701987935402	0.155408482849
-era	0.101967161415	0.0587813648493	0.0109097297295	0.828341744006
-rae	0.49513591591	0.27304131426	0.123281472973	0.108541296857
-ere	0.440951271134	0.269484010563	0.0657271538208	0.223837564482
-raa	0.329193433485	0.0538911249672	0.0157585426195	0.601156898928
-ugu	0.615384615385	0.217194570136	0.113122171946	0.0542986425339
-n-a	0.131333970714	0.691038091883	0.120263674332	0.0573642630705
-pou	0.568993779253	0.159272360405	0.013047606715	0.258686253627
-poi	0.0971659919028	0.334008097166	0.273279352227	0.295546558704
-pol	0.033525951377	0.879769899526	0.00691640079428	0.0797877483026
-poa	0.283063938212	0.507325423999	0.0795246436818	0.130085994108
-eri	0.464992808067	0.223469634776	0.0692533450983	0.242284212059
-ugi	0.0739953866699	0.821961879325	0.0315648901299	0.0724778438753
-poe	0.128339274966	0.163850178249	0.707810546785	0.0
-ike	0.216870445844	0.543287637397	0.102754106459	0.1370878103
-ika	0.0222457627119	0.835805084746	0.0127118644068	0.129237288136
-iko	0.295040125797	0.635271096664	0.0282882837952	0.0414004937431
-lam	0.0162748643761	0.983725135624	0.0	0.0
-lan	0.0	1.0	0.0	0.0
-nos	0.0428265524625	0.957173447538	0.0	0.0
-ouo	0.303601108033	0.461772853186	0.0825484764543	0.152077562327
-lai	0.0	1.0	0.0	0.0
-iki	0.394280110541	0.249783833057	0.0760981997528	0.279837856649
-lak	0.0381194409149	0.961880559085	0.0	0.0
-lat	0.0468422398364	0.876502173357	0.0455126566096	0.0311429301969
-aao	0.0657954579909	0.840135229374	0.0171310754677	0.0769382371669
-nok	0.0137299771167	0.986270022883	0.0	0.0
-aai	0.289749812693	0.170603467511	0.0672939933385	0.472352726457
-aak	0.200267022697	0.703604806409	0.0480640854473	0.0480640854472
-las	0.0540261632318	0.92138889732	0.017300512945	0.00728442650318
-aae	0.457692307692	0.332692307692	0.0942307692308	0.115384615385
-noa	0.0	1.0	0.0	0.0
-isu	0.774607148036	0.111654671867	0.0774103442749	0.0363278358226
-agi	0.457542677119	0.245219429995	0.210052018463	0.087185874423
--ia	0.17062108508	0.351551657549	0.0428944001641	0.434932857207
-gei	0.0308050952082	0.0386184425845	0.00596911111555	0.924607351092
-myu	0.0	0.888324873096	0.0	0.111675126904
-bol	0.0444887871593	0.928431081526	0.0	0.0270801313144
-aka	0.306232161879	0.493270772889	0.0482817634623	0.15221530177
-don	0.00300300300301	0.996996996997	0.0	0.0
-dom	0.010757507844	0.989242492156	0.0	0.0
-dok	0.0	1.0	0.0	0.0
-get	0.0	1.0	0.0	0.0
-sas	0.00722102088018	0.820234768356	0.00290585937287	0.169638351391
-toe	0.559130241846	0.187929886843	0.199689372088	0.0532504992234
-vou	0.282012482531	0.207826812156	0.036926714621	0.473233990692
-toa	0.141029485453	0.546057492031	0.12315926202	0.189753760496
-too	0.126583011042	0.808489234395	0.0360671065565	0.0288606480071
-tol	0.216494845361	0.752577319588	0.0309278350515	0.0
-toi	0.413407821229	0.368715083799	0.150837988827	0.0670391061452
-lfa	0.0381536819636	0.952508004269	0.00933831376734	0.0
-voa	0.28887121036	0.081557621578	0.0192580806907	0.610313087371
-tou	0.171546962213	0.38915662844	0.0444634884565	0.394832920891
-ibi	0.0805369127517	0.919463087248	0.0	0.0
-sak	0.0125178826896	0.983190271817	0.00429184549356	0.0
-voi	0.465566134388	0.220001508859	0.0724994577133	0.241932899039
-iba	0.0	0.987190435525	0.0	0.0128095644748
-sam	0.106646058733	0.874806800618	0.0	0.0185471406491
-lon	0.00605938194305	0.937891335084	0.0282771157342	0.0277721672389
-rou	0.171024129767	0.119943579669	0.062465366984	0.646566923581
-oro	0.418180961604	0.237358376149	0.0684456659902	0.276014996257
-iem	0.0	1.0	0.0	0.0
-iel	0.0442154255319	0.941821808511	0.0104720744681	0.00349069148936
-ieo	0.903381642512	0.0289855072464	0.0676328502415	0.0
-loi	0.0	0.975308641975	0.0	0.0246913580247
-iea	0.181401072859	0.280312507507	0.0362824319854	0.502003987649
-tis	0.0	0.949840764331	0.0501592356688	0.0
-roe	0.383997430438	0.383769917102	0.110643327414	0.121589325046
-roa	0.133771145801	0.292619992939	0.227395987208	0.346212874052
-rom	0.174232598357	0.439256377	0.31560743623	0.0709035884134
-lot	0.0144752714113	0.942098914355	0.0376357056695	0.00579010856454
-roo	0.448700630201	0.312684436633	0.0841664644403	0.154448468726
-ieu	0.419237749546	0.0508166969147	0.437386569873	0.092558983666
-roi	0.392705138902	0.181383958586	0.117656347441	0.308254555071
-ipo	0.243032311482	0.647429046924	0.026872627894	0.0826660136999
-win	0.0527310150842	0.894537969832	0.0527310150841	0.0
-ipa	0.14228523698	0.226703736236	0.0561971715684	0.574813855216
-ipe	0.308542268051	0.334239547499	0.105994676803	0.251223507647
-wik	0.0662865288668	0.784034212402	0.0	0.149679258731
-ipu	0.280184473571	0.438960609262	0.182441923912	0.0984129932549
-det	0.131782945736	0.449612403101	0.0	0.418604651163
-sat	0.0	1.0	0.0	0.0
-pii	0.347041345952	0.327701911341	0.279846468067	0.0454102746397
-nva	0.364620938628	0.592057761733	0.0	0.043321299639
-276	0.0	0.0869565217391	0.0	0.913043478261
-sto	0.0273821639219	0.817011801881	0.148043609048	0.00756242514885
-mpa	0.0	1.0	0.0	0.0
-sta	0.0791640278658	0.798395609035	0.122440363099	0.0
-avu	0.118393100393	0.190624378431	0.06024667037	0.630735850806
-200	0.0771661400299	0.636786961583	0.126392815566	0.15965408282
-voe	0.248275862069	0.524137931034	0.0413793103448	0.186206896552
-iok	0.0	0.993325917686	0.0	0.00667408231368
-ioi	0.387277382948	0.420786583937	0.100302056015	0.0916339771004
-lek	0.0	1.0	0.0	0.0
-ois	0.0	1.0	0.0	0.0
-lem	0.0248298293264	0.966535895114	0.0020118700332	0.00662240552594
-len	0.0	0.858333333333	0.0	0.141666666667
-ioa	0.234887166339	0.665220551461	0.0490078077996	0.0508844744003
-ioe	0.548148148148	0.340740740741	0.0296296296297	0.0814814814814
-oie	0.0874675413421	0.872215388821	0.0	0.0403170698373
-oia	0.49815498155	0.321033210332	0.00738007380074	0.173431734317
-ios	0.0388349514563	0.961165048544	0.0	0.0
-let	0.288143599433	0.702409069438	0.00944733112895	0.0
-iou	0.813769641196	0.0380341671154	0.0204366341965	0.127759557492
-iot	0.000901713255184	0.999098286745	0.0	0.0
-eei	0.470790772409	0.400665671984	0.00803397222542	0.120509583381
-giu	0.518641652814	0.462835431014	0.0	0.0185229161719
-gio	0.121748754842	0.34144991699	0.420586607637	0.116214720531
-ali	0.0048231511254	0.908360128617	0.0868167202572	0.0
-nda	0.0106984563656	0.9510927709	0.0382087727342	0.0
--ei	0.606711409396	0.2	0.112751677852	0.0805369127517
-gia	0.0915867944622	0.720979765708	0.176783812566	0.010649627263
-ala	0.0	1.0	0.0	0.0
-rot	0.0144073346431	0.923451939169	0.0454049334206	0.0167357927672
-120	0.0588235294118	0.176470588235	0.0	0.764705882353
-uva	0.108983191254	0.0376724183444	0.00542769148727	0.847916698914
-uvo	0.269430051814	0.575129533679	0.0621761658031	0.0932642487047
-uvi	0.242166851977	0.673714525272	0.0556841587226	0.0284344640286
-uvu	0.345279225831	0.444374414335	0.118064602485	0.0922817573495
-gpa	0.0185902401239	0.944229279628	0.0	0.0371804802479
-lok	0.0	0.830508474576	0.0336810082573	0.135810517166
-pea	0.104651162791	0.0968992248062	0.798449612403	0.0
-pel	0.0434993253697	0.939476028486	0.000859567507304	0.0161650786374
-pen	0.0612244897959	0.816326530612	0.0	0.122448979592
-peo	0.697508896797	0.142348754448	0.0	0.160142348754
-ogu	0.537037037037	0.425925925926	0.0	0.037037037037
-pei	0.0496277915633	0.354838709677	0.595533498759	0.0
-153	0.0	0.0	0.0196078431372	0.980392156863
-lsa	0.320987654321	0.432098765432	0.172839506173	0.0740740740741
-ogo	0.12523428182	0.75208723803	0.0920088601124	0.0306696200375
-oga	0.256453689274	0.602615353344	0.0609797411749	0.0799512162071
-ela	0.0	1.0	0.0	0.0
-itu	0.26413403432	0.343820333426	0.126063771892	0.265981860362
-ito	0.0854068512046	0.699966651825	0.122302346928	0.0923241500425
-esi	0.410522668717	0.258762220502	0.0480554757943	0.282659634986
-eso	0.0	1.0	0.0	0.0
-k20	0.0813179850037	0.748653500898	0.125673249551	0.0443552645475
-esa	0.619845258897	0.11195893381	0.0193733774597	0.248822429832
-ite	0.0103356625188	0.966510274233	0.0017433647622	0.0214106984858
-ese	0.0	0.252513579106	0.747486420894	0.0
-ita	0.261615014371	0.178046977456	0.0276585757541	0.532679432419
-spa	0.104909213181	0.870880968393	0.0242098184263	0.0
-bru	0.0249296340973	0.934057096904	0.0361881785284	0.00482509047045
-ria	0.188618774399	0.505704527886	0.0970376782389	0.208639019476
-fan	0.0	1.0	0.0	0.0
-666	0.0181818181818	0.0363636363636	0.0	0.945454545455
-fas	0.00667273278738	0.971489232636	0.0109190172884	0.0109190172884
-uda	0.026348291478	0.948126801153	0.00658707286948	0.0189378344998
-fat	0.0660146699267	0.867970660147	0.0	0.0660146699267
-uoo	0.2	0.778181818182	0.0218181818182	0.0
-lpa	0.107821349744	0.872545365648	0.0125582270917	0.00707505751643
-uoi	0.262886597938	0.0721649484536	0.664948453608	0.0
-uoa	0.113970175129	0.845706855868	0.0198243896175	0.0204985793859
-rik	0.0358315915199	0.705583756345	0.231710958495	0.0268736936399
-geo	0.395814376706	0.494995450409	0.0	0.109190172884
-uou	0.355489614243	0.486350148368	0.0866468842729	0.0715133531157
-ron	0.00661886376171	0.980143408715	0.0132377275235	0.0
-ioo	0.340611353712	0.659388646288	0.0	0.0
-aea	0.208551960893	0.668640463903	0.0458839743255	0.0769236008782
-tua	0.23624123453	0.638849314999	0.0671186345957	0.0577908158751
-koa	0.241267469822	0.593098569449	0.116978344559	0.0486556161696
-tue	0.550933786078	0.193123938879	0.0619694397284	0.193972835314
-vau	0.472419234725	0.340942941239	0.0688410936558	0.117796730381
-aei	0.402879620505	0.381399388665	0.0621356628639	0.153585327966
-tui	0.193293615119	0.751954166603	0.0236430033471	0.0311092149304
-koo	0.381656823678	0.266014688713	0.108767339063	0.243561148545
-koi	0.0374103709862	0.831653330562	0.0935259274654	0.0374103709862
-ael	0.423875432526	0.541522491349	0.0	0.0346020761245
-aeo	0.194244604317	0.618705035971	0.0762589928057	0.110791366906
-oru	0.338930546958	0.370633099694	0.141455236005	0.148981117342
-kou	0.0815711573843	0.699634573403	0.0245618381982	0.194232431014
-sol	0.0073418650869	0.988101115204	0.000759503284852	0.00379751642426
-los	0.019247248039	0.97152461934	0.00395491398062	0.00527321864083
-son	0.034509202454	0.951687116564	0.00920245398773	0.00460122699386
-aeu	0.625	0.375	0.0	0.0
-kop	0.0	0.998001998002	0.0	0.001998001998
-kos	0.598214285714	0.401785714286	0.0	0.0
-vae	0.029213559066	0.374142224324	0.0151632282771	0.581480988333
-ora	0.0912784871545	0.0470256000603	0.0245178443037	0.837178068482
-soa	0.794794079556	0.0137968179189	0.02334091124	0.168068191285
-vao	0.0585931368954	0.0603671060731	0.00341946821192	0.87762028882
-ore	0.348161116948	0.19763977621	0.0468772695306	0.407321837311
-rus	0.0545454545455	0.909090909091	0.0181818181818	0.0181818181818
-liv	0.0780875402425	0.872594013289	0.0452085759298	0.00410987053908
-lip	0.0172811059908	0.982718894009	0.0	0.0
-rut	0.0	1.0	0.0	0.0
-lis	0.0376995437222	0.919908694667	0.0122968468793	0.030094914731
-omi	0.0	1.0	0.0	0.0
-rui	0.144932171251	0.696853775754	0.0196682917799	0.138545761215
-ruo	0.309703287891	0.555813953488	0.0595028067361	0.0749799518846
-rua	0.160484832248	0.693895508061	0.0635123888867	0.0821072708041
-lia	0.00538599640934	0.994614003591	0.0	0.0
-rue	0.329164297897	0.312109152928	0.323194997158	0.0355315520182
-eas	0.142857142857	0.801242236025	0.0186335403726	0.0372670807453
-uua	0.333906317147	0.498639163444	0.101561380891	0.0658931385189
-eau	0.463917525773	0.298969072165	0.237113402062	0.0
-eat	0.0	1.0	0.0	0.0
-144	0.0114285714286	0.0857142857143	0.0	0.902857142857
-eaa	0.298186173075	0.632838377637	0.0212232151655	0.0477522341224
-oda	0.0	0.991833877741	0.0	0.00816612225854
-eae	0.466019417476	0.330097087379	0.0291262135922	0.174757281553
-eai	0.308446248022	0.185363505055	0.0637595432974	0.442430703625
-eam	0.0	1.0	0.0	0.0
-eao	0.0482755671871	0.122868302631	0.0114565592788	0.817399570903
-uri	0.203997197321	0.36956650352	0.219802671897	0.206633627262
-uro	0.28105804315	0.377514704841	0.0811768684506	0.260250383558
-ura	0.245771806151	0.380059914822	0.0600212489379	0.314147030089
-ure	0.196905764107	0.464030567288	0.0848868523751	0.25417681623
-ion	0.070001891943	0.821751939242	0.0486499635125	0.0595962053028
-gto	0.314285714286	0.595238095238	0.052380952381	0.0380952380952
-uru	0.436684547745	0.300636222722	0.089831432311	0.172847797222
-pai	0.40543517626	0.162701549405	0.104237680199	0.327625594136
-pak	0.200171485776	0.583316498997	0.216512015227	0.0
-pao	0.532640912512	0.223047726552	0.056540848318	0.187770512618
-paa	0.323447363435	0.189718838202	0.0414333611732	0.44540043719
-api	0.241688864294	0.201187184311	0.0348694208052	0.52225453059
-apo	0.0130172452777	0.00317933325951	0.00958990497876	0.974213516484
-apu	0.573298429319	0.235602094241	0.19109947644	0.0
-par	0.0701754385965	0.789473684211	0.046783625731	0.093567251462
-pas	0.0408935377083	0.9298967925	0.00584193395832	0.0233677358333
-pat	0.0	0.975490196078	0.0245098039216	0.0
-pau	0.107146340963	0.0549089448577	0.0179398121164	0.820004902062
-kea	0.548239488932	0.276868221661	0.0850839399792	0.0898083494281
-ini	0.0284210526316	0.965263157895	0.00631578947368	0.0
-keo	0.242512389571	0.63897866839	0.0829562594268	0.0355526826115
-ken	0.0	0.995327102804	0.0	0.00467289719625
-kel	0.0307167235495	0.969283276451	0.0	0.0
-sus	0.0	1.0	0.0	0.0
-kei	0.516807579845	0.181154656935	0.132941949815	0.169095813405
-sop	0.114754098361	0.819672131148	0.0327868852459	0.0327868852459
-keu	0.526041666667	0.177083333333	0.140625	0.15625
-ket	0.0145688070646	0.851883794843	0.0145688070646	0.118978591028
-kes	0.0806451612904	0.858870967742	0.0604838709677	0.0
-sos	0.255319148936	0.744680851064	0.0	0.0
-tuo	0.433922861059	0.145663381844	0.311427266201	0.108986490896
-lel	0.0	1.0	0.0	0.0
-fet	0.00601384767556	0.991928783383	0.0	0.00205736894164
-dia	0.0114039189658	0.974657957854	0.00506840842924	0.00886971475118
-koe	0.340579710145	0.659420289855	0.0	0.0
-ori	0.43461463568	0.282902447315	0.0935498111448	0.18893310586
-dis	0.335826963734	0.610505773297	0.0487884208814	0.00487884208816
-tuu	0.35965214457	0.110494013765	0.0410565019017	0.488797339764
-ovo	0.274465311383	0.414658708487	0.0761514046839	0.234724575446
-uku	0.41346292971	0.352067105354	0.0476708513048	0.186799113632
-ovi	0.214815824244	0.492256196291	0.102760241	0.190167738465
-ven	0.0853273137698	0.906546275395	0.0	0.00812641083521
-veo	0.643493761141	0.163992869875	0.0427807486631	0.149732620321
-ove	0.587485399633	0.199403470716	0.0827215084265	0.130389621225
-ova	0.25502586559	0.294562632861	0.0495390075028	0.400872494046
-uka	0.164594001463	0.13021214338	0.700804681785	0.00438917337234
-veu	0.257308036805	0.539125478381	0.144939337187	0.0586271476265
-uke	0.597622585438	0.246656760773	0.109955423477	0.045765230312
-uki	0.0658428790475	0.754487237305	0.118336790836	0.0613330928114
-ovu	0.131539858221	0.426651065733	0.0763718078583	0.365437268187
-uko	0.0953174240899	0.759458701138	0.0912876516485	0.0539362231239
-aiu	0.559782608696	0.222826086957	0.103260869565	0.114130434783
-ait	0.0	0.950166112957	0.0498338870432	0.0
-jiu	0.0310930596935	0.768223275463	0.135198743065	0.0654849217784
-ais	0.00661501089665	0.979977617703	0.00348873862357	0.00991863277692
-air	0.826422372228	0.0	0.173577627772	0.0
-aie	0.258362168397	0.489042675894	0.110726643599	0.141868512111
-aia	0.148446801729	0.669259984003	0.0493034214985	0.132989792769
-tia	0.0609523809524	0.91619047619	0.0152380952381	0.00761904761905
-reu	0.516483304585	0.231560289687	0.00778824030723	0.244168165421
-aim	0.0307692307692	0.842307692308	0.115384615385	0.0115384615385
-ngi	0.00558659217876	0.905027932961	0.0893854748603	0.0
-aio	0.303302517169	0.331001033236	0.0426130911748	0.32308335842
-ain	0.0163325599572	0.922073518807	0.0253140650606	0.0362798561753
-eme	0.0851882254124	0.909791754162	0.0	0.00502002042609
-ema	0.014652014652	0.941391941392	0.0439560439561	0.0
-jas	0.476139978791	0.207847295864	0.0636267232238	0.252386002121
-emo	0.0392156862745	0.921568627451	0.0392156862745	0.0
-260	0.0	0.123167155425	0.0351906158358	0.841642228739
-ems	0.0	0.998895434462	0.00110456553755	0.0
-das	0.0273348519362	0.957420711407	0.00157701068863	0.0136674259681
-ins	0.034191642043	0.948923596454	0.0168847615028	0.0
-ana	0.0326625838437	0.953339165938	0.00349956255468	0.010498687664
-uie	0.750479846449	0.201535508637	0.0479846449136	0.0
-pae	0.253969536584	0.584016807402	0.113126742354	0.04888691366
-lre	0.155870445344	0.737854251012	0.00607287449394	0.10020242915
-ooa	0.178098964411	0.713503577739	0.055689074637	0.0527083832136
-000	0.109006956078	0.252672874076	0.0102558657268	0.628064304119
-eta	0.520217644014	0.29858621474	0.0511139893934	0.130082151852
-ete	0.702308147564	0.129129129129	0.0808290041866	0.0877337191206
-o-a	0.27628288512	0.379991490585	0.100506097487	0.243219526809
-ruu	0.0912366147379	0.698985889182	0.182923574741	0.0268539213397
-eto	0.0664459918554	0.825568823897	0.048633033347	0.059352150901
-iei	0.297393510611	0.149599309984	0.0545764482483	0.498430731156
-atu	0.255257432922	0.701232777375	0.0217548948514	0.0217548948513
-bul	0.0692974013474	0.930702598653	0.0	0.0
-lin	0.0	0.986607142857	0.0133928571429	0.0
-300	0.0214804845222	0.514239569314	0.249475100942	0.214804845222
-ooi	0.407134071341	0.489544895449	0.0590405904059	0.0442804428044
-lio	0.0133928571428	0.986607142857	0.0	0.0
-wel	0.025420464758	0.748619848504	0.220310694569	0.00564899216843
-ato	0.0786635201429	0.78529349613	0.088908636618	0.0471343471094
-iao	0.544715447155	0.0731707317073	0.0487804878049	0.333333333333
-nis	0.0	0.951710261569	0.0160965794769	0.0321931589537
-kai	0.0967260658548	0.773313784125	0.0466269240531	0.0833332259673
-ian	0.0177935943061	0.822064056939	0.160142348754	0.0
-osa	0.0886646866329	0.0392357286938	0.00807127774906	0.864028306924
-kan	0.216666666667	0.761111111111	0.0222222222222	0.0
-kam	0.117073170732	0.882926829268	0.0	0.0
-niu	0.444674250259	0.263702171665	0.0124095139607	0.279214064116
-kaa	0.653001464129	0.208394338702	0.0478282088824	0.0907759882869
-osi	0.296933729729	0.0878327585099	0.12769389428	0.487539617481
-kae	0.223101200993	0.486646249258	0.0695170574072	0.220735492342
--pa	0.0952984583071	0.794804213746	0.0515485254807	0.0583488024665
-nia	0.17550238721	0.743292880021	0.0350575498299	0.0461471829393
-kas	0.018448023426	0.980673499268	0.0	0.000878477306002
-ave	0.406170945486	0.298360004436	0.124726764647	0.170742285431
-kau	0.115117395104	0.687481198161	0.0754938616471	0.121907545089
-fis	0.223404255319	0.712765957447	0.0638297872341	0.0
-aoa	0.234604804653	0.554206496615	0.0594505118731	0.151738186859
-fik	0.0124109400138	0.953573891059	0.0340151689267	0.0
-ate	0.289393216193	0.477722919961	0.097878941559	0.135004922288
-p-a	0.0320085356095	0.962656708456	0.0053347559349	0.0
-vii	0.0193735873426	0.113231938476	0.00441024752514	0.862984226656
-vio	0.425873333203	0.27464684393	0.0957986094825	0.203681213384
-via	0.240374480052	0.525505326839	0.174205786468	0.0599144066413
-ata	0.38995563699	0.273608853777	0.0899257565822	0.24650975265
-mro	0.0	0.942804085422	0.0571959145775	0.0
-upo	0.443721300213	0.408395704523	0.0325414904003	0.115341504863
-ila	0.0174927113703	0.968513119534	0.0069970845481	0.00699708454811
-ilo	0.145454545455	0.745454545455	0.0363636363636	0.0727272727273
-yus	0.111111111111	0.888888888889	0.0	0.0
-vit	0.00172167839048	0.987825274239	0.00110679325102	0.00934625411973
-viu	0.397207137316	0.427463149728	0.0791311093872	0.0961986035687
-ebi	0.0	1.0	0.0	0.0
-iga	0.181599229287	0.407032755299	0.40655105973	0.00481695568401
-oai	0.455950020673	0.141472711202	0.0344674198204	0.368109848305
-vaa	0.285809661029	0.448924373628	0.0704612720444	0.194804693299
-oae	0.350576851507	0.481950130257	0.0260513583923	0.141421659844
-igo	0.090579710145	0.283413848631	0.626006441224	0.0
-ebe	0.0	1.0	0.0	0.0
-oaa	0.0297091574375	0.180035536549	0.0424255200608	0.747829785953
-ami	0.182457212714	0.563875305623	0.216992665037	0.0366748166259
-igu	0.328903654485	0.172757475083	0.174418604651	0.323920265781
-ama	0.0184667334986	0.959373186303	0.0221600801984	0.0
-oas	0.0225846925972	0.977415307403	0.0	0.0
-eii	0.368715083799	0.312849162011	0.184357541899	0.134078212291
-usi	0.313968156288	0.48567794774	0.0494855795059	0.150868316466
-iro	0.174081699257	0.23240052571	0.249397460677	0.344120314356
-uso	0.711684370258	0.242792109256	0.0455235204856	0.0
-iri	0.41765013904	0.181939509825	0.100214968839	0.300195382296
-eio	0.625428040309	0.183445846786	0.0580667253694	0.133059387535
-eia	0.305855417657	0.395972648493	0.16537627165	0.1327956622
-ire	0.0863607717014	0.049486930643	0.00796241553956	0.856189882116
-usa	0.402627639918	0.09936627817	0.0266156496486	0.471390432263
-eie	0.800613496933	0.177914110429	0.0	0.0214723926381
-ira	0.299365906869	0.192516847119	0.084587869055	0.423529376957
-gui	0.0332493184303	0.949485541346	0.00167082002162	0.0155943202018
-—ia	0.096	0.712	0.096	0.096
-bal	0.04	0.96	0.0	0.0
-iru	0.374663821044	0.529535122633	0.0345329389069	0.0612681174156
-l-a	0.00821917808218	0.902739726027	0.0356164383561	0.0534246575343
-eru	0.185152452497	0.627485638533	0.141405214317	0.0459566946531
-epe	0.47136989611	0.272724738417	0.098890478934	0.157014886539
-epa	0.621274413447	0.165463837927	0.0620755145046	0.151186234121
-epi	0.034965034965	0.713286713287	0.251748251748	0.0
-a-i	0.263307984791	0.679657794677	0.0	0.0570342205322
-kao	0.461226196669	0.413114653774	0.0285588976265	0.0971002519302
-ros	0.0408163265306	0.959183673469	0.0	0.0
-s-a	0.106905470063	0.784921763869	0.0147096857623	0.0934630803052
-a-a	0.275343722193	0.221853568597	0.0494160050573	0.453386704153
-t-a	0.0673970783533	0.875524568393	0.028818061089	0.0282602921647
-pia	0.372312780534	0.324828726671	0.154815339791	0.148043153004
-npa	0.162989704506	0.759459820832	0.0454606230779	0.0320898515844
-pie	0.162295466579	0.48422310955	0.0131170695103	0.340364354361
-jop	0.0580270793037	0.941972920696	0.0	0.0
-iuu	0.0683760683761	0.74358974359	0.0	0.188034188034
-iua	0.016831126655	0.853578566075	0.0333343742193	0.0962559330502
-wit	0.135249253526	0.818639356316	0.0198084140819	0.0263029760759
-m-a	0.0479621226419	0.927913216868	0.00172319003504	0.0224014704555
-k-a	0.00994365263507	0.990056347365	0.0	0.0
-ueu	0.397260273973	0.0	0.557077625571	0.0456621004566
-uel	0.0180045011253	0.960990247562	0.0120030007502	0.00900225056263
-ueo	0.238532110092	0.422018348624	0.146788990826	0.192660550459
-uei	0.418389001454	0.161353028949	0.0702673013705	0.349990668226
-uea	0.25427650028	0.487731351655	0.222237801458	0.0357543466069
-owi	0.0	1.0	0.0	0.0
-iio	0.469594304829	0.37001458101	0.0780512908483	0.0823398233125
-eho	0.0	1.0	0.0	0.0
-k50	0.171073094868	0.506220839813	0.0466562986003	0.276049766719
-iia	0.0917407748135	0.557293263825	0.329960134928	0.0210058264336
-sda	0.0	0.927710843374	0.0	0.0722891566265
-agu	0.270884520884	0.213554463554	0.515561015561	0.0
-oue	0.0	1.0	0.0	0.0
-ago	0.0	0.909090909091	0.0909090909091	0.0
-aga	0.313656334397	0.0537855352874	0.123816617279	0.508741513036
-ens	0.0554748765611	0.900668022074	0.0334011036886	0.0104559976764
-age	0.530250233402	0.337203645018	0.0	0.13254612158
-ote	0.384428498785	0.04051076332	0.575060737895	0.0
-ege	0.0723888314374	0.800930713547	0.126680455015	0.0
-kap	0.0231223574218	0.928799664332	0.018707032889	0.0293709453571
-ant	0.0344827586207	0.810344827586	0.155172413793	0.0
-ega	0.127412800542	0.755756857433	0.0736539112767	0.0431764307484
-ona	0.0	0.967025293154	0.0	0.032974706846
-ego	0.126582278481	0.648382559775	0.225035161744	0.0
-dap	0.0	1.0	0.0	0.0
-oea	0.0716160551483	0.0774694174582	0.00533622483117	0.845578302562
-egi	0.742424242424	0.212121212121	0.0454545454545	0.0
-oni	0.231629532547	0.523514635212	0.123219746614	0.121636085627
-450	0.171717171717	0.676767676768	0.0	0.151515151515
-dam	0.0695811398489	0.897230487526	0.0077821011673	0.025406271458
-dan	0.0014164305949	0.998583569405	0.0	0.0
-dai	0.0	1.0	0.0	0.0
-oti	0.00447041542931	0.988823961427	0.00191589232685	0.00478973081713
-ani	0.0	1.0	0.0	0.0
-ank	0.302404761266	0.449880700249	0.100050936972	0.147663601512
-tam	0.0	1.0	0.0	0.0
-tan	0.0	1.0	0.0	0.0
-tao	0.141363886431	0.580453034181	0.0499916281962	0.228191451192
-tai	0.274750430264	0.116268053234	0.0603743998808	0.548607116621
-tae	0.487891907322	0.283537117211	0.0738220974674	0.154748877999
-taa	0.0830495226397	0.844369381944	0.0351739154709	0.0374071799453
-yis	0.0117527227141	0.957337616548	0.0309096607381	0.0
-vai	0.180593064453	0.0792149049004	0.00659343490266	0.733598595744
-tat	0.0	1.0	0.0	0.0
-tau	0.0909059944395	0.413706162842	0.0931815808237	0.402206261895
-yia	0.745098039216	0.078431372549	0.0196078431373	0.156862745098
-tas	0.0327753680738	0.946606390128	0.0149673162686	0.00565092552997
-mia	0.0	1.0	0.0	0.0
-aoe	0.5375	0.15	0.275	0.0375
-min	0.0	1.0	0.0	0.0
-mis	0.0	1.0	0.0	0.0
-oei	0.413533906217	0.365794638264	0.0692224148772	0.151449040642
-ena	0.106409931594	0.874081580948	0.0	0.0195084874588
-oel	0.134110787172	0.865889212828	0.0	0.0
