-het	0.205616052857	0.766242505812	0.0183531139117	0.00978832741955
-hel	0.026323727001	0.738407962927	0.205654117195	0.0296141928762
-hem	0.0379394385955	0.93088716648	0.0288353903051	0.00233800461933
-hen	0.549107142857	0.424107142857	0.0267857142857	0.0
-hed	0.0296758696775	0.954655271133	0.00712220872261	0.00854665046713
-heb	0.047619047619	0.952380952381	0.0	0.0
-aus	0.0600912953474	0.866440583054	0.0100326196884	0.0634355019102
-aud	0.00864893198794	0.980605425239	0.00235879963308	0.00838684313982
-auk	0.14	0.86	0.0	0.0
-aul	0.593578369244	0.27460920997	0.0675961132235	0.0642163075623
-aun	0.0757657684862	0.795732700057	0.028473259456	0.100028272001
-nth	0.163783734831	0.743841695345	0.0434703857997	0.0489041840246
-nta	0.130434782609	0.75429726997	0.0940343781597	0.0212335692619
ALL	0.221620135613	0.260037451378	0.0484874407652	0.469854972243
-pul	0.0576816323832	0.524937702228	0.0215358268074	0.395844838582
-pum	0.54374318445	0.248895459298	0.144798821823	0.0625625344291
-nts	0.00107372942019	0.975304223336	0.00858983536148	0.0150322118826
-nmo	0.168341437061	0.110210696921	0.117125877904	0.604321988115
-wap	0.529972492573	0.0922902632349	0.0353218133304	0.342415430861
-nmi	0.286448736999	0.252630014859	0.0533432392274	0.407578008915
-opi	0.143344709898	0.754266211604	0.0921501706485	0.0102389078498
-opa	0.172932330827	0.743859649123	0.0340852130326	0.0491228070176
-deb	0.0	1.0	0.0	0.0
-ded	0.404673432427	0.348988098234	0.110678845969	0.135659623371
-das	0.0789907546568	0.879090950494	0.0160313339709	0.0258869608781
-def	0.103448275862	0.51724137931	0.0689655172414	0.310344827586
-dei	0.211511951473	0.229791641643	0.0458041889995	0.512892217885
-dek	0.0707376058041	0.892986698912	0.0217654171705	0.0145102781137
-gki	0.0405898449377	0.934478564913	0.00182426269383	0.0231073274551
-oks	0.0573219883565	0.910434393193	0.0214957456337	0.0107478728169
-400	0.339262062441	0.212298959319	0.0113528855251	0.437086092715
-ima	0.0	0.974683544304	0.0253164556962	0.0
-det	0.00364896939262	0.00338424190213	0.000839636856845	0.992127151848
-aka	0.0	1.0	0.0	0.0
-gks	0.385713153096	0.544557202886	0.0514152065329	0.0183144374851
-kil	0.682877406282	0.308004052685	0.00607902735564	0.00303951367781
-imo	0.0662485930214	0.218041485769	0.186203569706	0.529506351503
-ido	0.12	0.12	0.72	0.04
-bit	0.659024334685	0.0885743377261	0.054545566996	0.197855760593
-oil	0.0231123298404	0.849182254432	0.115953383606	0.0117520321222
-bis	0.257180806907	0.655155238253	0.0567823343848	0.0308816204549
-idi	0.32375523116	0.462879362046	0.169044716117	0.0443206906779
-oba	0.481569553833	0.312609425058	0.0283002597457	0.177520761363
-ida	0.0769432441618	0.696631548284	0.0260853522358	0.200339855319
-bif	0.232812370793	0.629421979658	0.106797320764	0.0309683287853
-big	0.276619931792	0.433497536946	0.252368321334	0.037514209928
-bid	0.0394300820374	0.921723157882	0.0220917677138	0.0167549923672
-bin	0.446293217234	0.0457543514421	0.00417677198607	0.503775659338
-tep	0.180722891566	0.722891566265	0.0963855421687	0.0
-100	0.0487804878049	0.192073170732	0.0	0.759146341463
-tes	0.545132743363	0.182300884956	0.233628318584	0.0389380530973
-rin	0.202273305008	0.64702037259	0.0907869412064	0.0599193811962
-uth	0.0553505535055	0.937269372694	0.0	0.00738007380075
-rim	0.784275579273	0.147599127948	0.00692328905811	0.0612020037206
-rij	0.0108695652174	0.815217391304	0.173913043478	0.0
-rik	0.0681186283596	0.449644732777	0.435588507878	0.0466481309855
-rit	0.100875996386	0.835981478869	0.0394135464246	0.0237289783202
-ris	0.189189189189	0.810810810811	0.0	0.0
-rip	0.479806138934	0.437802907916	0.0145395799677	0.0678513731826
-eid	0.106796116505	0.844660194175	0.0291262135922	0.0194174757281
-gri	0.397330820474	0.297124816169	0.274705497638	0.0308388657194
-gro	0.637157605507	0.233543615825	0.0951244420717	0.0341743365962
-ten	0.308853809197	0.540837336994	0.098833218943	0.0514756348662
-jin	0.0217886500941	0.945528374765	0.0272358126176	0.00544716252352
-met	0.234832648142	0.386519578478	0.123888836235	0.254758937145
-jim	0.45317721613	0.136542888752	0.0445939435716	0.365685951546
-ara	0.00677966101694	0.972881355932	0.0203389830508	0.0
-jif	0.231481481481	0.731481481482	0.0	0.037037037037
-pat	0.127762256635	0.802252605868	0.0470318126584	0.0229533248381
-luk	0.887985988427	0.0716368064624	0.00910688224902	0.0312703228615
-lum	0.226345168939	0.0499150915739	0.0178038051925	0.705935934294
-mel	0.181132075472	0.558490566038	0.249056603774	0.011320754717
-men	0.0546492226412	0.734895079602	0.0486888274587	0.161766870298
-jis	0.101833447646	0.0581596318952	0.0256950326671	0.814311887792
-jip	0.0286701208981	0.842141623489	0.124352331606	0.00483592400691
-aya	0.0	1.0	0.0	0.0
-153	0.0	0.0344827586207	0.0344827586207	0.931034482759
-rro	0.04753673293	0.881590319793	0.0397579948142	0.0311149524633
-wul	0.0273224043716	0.945355191257	0.0163934426229	0.0109289617486
-fri	0.283399270174	0.407175804455	0.282538387917	0.0268865374538
-dai	0.510488756229	0.36198425696	0.0776145948897	0.0499123919207
-ija	0.086519734851	0.314979050498	0.104026313289	0.494474901361
-otj	0.301225919439	0.651488616463	0.031523642732	0.015761821366
-nak	0.075	0.9	0.025	0.0
-dli	0.512195121951	0.146341463415	0.0	0.341463414634
-nai	0.121418826739	0.823328785812	0.0245566166439	0.030695770805
-nan	0.0032154340836	0.990353697749	0.0064308681672	0.0
-aki	0.137096774194	0.491935483871	0.0967741935484	0.274193548387
-kid	0.127659574468	0.531914893617	0.297872340426	0.0425531914893
-sis	0.0746003552398	0.903140642661	0.00437590828354	0.0178830938156
-naf	0.265120489718	0.232573177566	0.269646937104	0.232659395612
-kin	0.364398256788	0.522628226618	0.0442507542742	0.0687227623198
-kim	0.806384707634	0.116589206257	0.0163932107274	0.0606328753817
-nsa	0.381979867287	0.378955446215	0.0320498352368	0.207014851262
-sik	0.0555448884988	0.578599445923	0.339194119099	0.0266615464794
-sin	0.685053079951	0.205162402269	0.0675966604878	0.0421878572923
-sim	0.579532802921	0.282561648096	0.0820036685087	0.055901880474
-kit	0.111864787714	0.843658850905	0.0222381806902	0.0222381806902
-nas	0.0619069136919	0.905558065974	0.0162675101672	0.0162675101672
-nap	0.513198253309	0.331440921696	0.0697009000704	0.0856599249247
-nat	0.53813619061	0.296630480756	0.0462427745665	0.118990554067
-sid	0.114171192321	0.848578567635	0.0227296418821	0.014520598162
-mos	0.03125	0.9375	0.015625	0.015625
-gol	0.0198456449835	0.928702682837	0.0514516721794	0.0
-gon	0.474196966242	0.140444921179	0.0606569418263	0.324701170752
-god	0.0660440833263	0.845951761003	0.00978774802867	0.0782164076423
-gog	0.0523560209424	0.926701570681	0.020942408377	0.0
-wud	0.142296368989	0.840039254171	0.01766437684	0.0
-mof	0.595678661975	0.105195444053	0.0196768456503	0.279449048322
-mob	0.0826510570017	0.0755600211726	0.0232955246864	0.818493397139
-mon	0.710844089296	0.201152583659	0.0538416979815	0.0341616290641
-mok	0.0340852130326	0.941854636591	0.0	0.0240601503759
-yat	0.0713969829493	0.867180973908	0.00589651614171	0.0555255270011
-yap	0.729166666667	0.141865079365	0.0932539682539	0.0357142857143
-yas	0.0664369047342	0.896498459198	0.0229373821112	0.0141272539568
-mfa	0.037037037037	0.962962962963	0.0	0.0
-yad	0.190268912624	0.656719200792	0.125922166115	0.0270897204683
-ben	0.0647388864911	0.379339046797	0.346168074481	0.209753992231
-bel	0.27307558342	0.687913618948	0.0195053988157	0.0195053988157
-yam	0.0285714285714	0.925170068027	0.0187755102041	0.0274829931973
-yal	0.0886486486487	0.774594594595	0.112432432432	0.0243243243243
-yan	0.122395833333	0.785026041667	0.0729166666667	0.0196614583333
-yai	0.102378490176	0.773526370217	0.124095139607	0.0
-beg	0.0416021954281	0.941756926401	0.0166408781712	0.0
-bed	0.250614250614	0.55773955774	0.0810810810811	0.110565110565
-ofa	0.272727272727	0.121212121212	0.545454545455	0.0606060606061
-rei	0.61317292325	0.373073178858	0.00400851679673	0.00974538109542
-ren	0.0970645906153	0.724158947076	0.0980858076231	0.0806906546854
-nri	0.0917404186771	0.764620668075	0.0866025658359	0.0570363474116
-isi	0.292831105711	0.240583232078	0.171324422843	0.295261239368
-rem	0.0604838709677	0.903225806452	0.0	0.0362903225806
-reg	0.163123412221	0.711859874315	0.108971787672	0.0160449257922
-red	0.038842345773	0.949733434882	0.0	0.011424219345
-res	0.0	1.0	0.0	0.0
-rep	0.748387096774	0.193548387097	0.0451612903226	0.0129032258065
-ist	0.24819435325	0.311884438608	0.426789231779	0.0131319763624
-ret	0.225563909774	0.744360902256	0.0	0.0300751879699
-jus	0.40503997105	0.437444484653	0.157515544297	0.0
-haf	0.181314902689	0.688879719414	0.0754762395984	0.0543291382986
-hai	0.4329004329	0.32683982684	0.030303030303	0.209956709957
-mas	0.102559819602	0.843111872051	0.016285964839	0.0380423435086
-hal	0.0659642693542	0.871736142923	0.0206138341732	0.0416857535501
-mat	0.653030818005	0.124448201455	0.0388774974433	0.183643483097
-han	0.190404714254	0.712864131643	0.061429842117	0.0353013119858
-hap	0.164383561644	0.657534246575	0.150684931507	0.027397260274
-mak	0.2228	0.7328	0.0108	0.0336
-has	0.0952380952381	0.869841269841	0.00634920634922	0.0285714285714
-mam	0.0	1.0	0.0	0.0
-hau	0.181618627652	0.204860769588	0.0549046149273	0.558615987833
-man	0.599052758104	0.307305547257	0.0276696014622	0.0659720931764
-juk	0.379830348728	0.620169651272	0.0	0.0
-mad	0.151776948753	0.83447869625	0.013744354997	0.0
-jul	0.0176656301711	0.959643536493	0.0112398451726	0.0114509881627
-eik	0.254641856339	0.650001008004	0.0427897506199	0.0525673850372
-hil	0.0361661628037	0.954764304109	0.00403090359422	0.00503862949278
-666	0.236842105263	0.0263157894737	0.0	0.736842105263
-him	0.525972998417	0.342885777456	0.0576695958166	0.0734716283112
-tra	0.0	1.0	0.0	0.0
-ika	0.0880893300248	0.849875930521	0.0570719602978	0.00496277915633
-bek	0.61954971712	0.163790053669	0.0387612179405	0.17789901127
-gan	0.0372772558591	0.927117114105	0.0170505833974	0.0185550466384
-gam	0.0	0.980371997383	0.0	0.0196280026171
-tri	0.0406361959897	0.862341165379	0.0177235758331	0.0792990627986
-gai	0.0	1.0	0.0	0.0
-adi	0.151541741695	0.809967041899	0.0227301890755	0.0157610273307
-144	0.0	0.0977443609022	0.0	0.902255639098
-gat	0.805490419645	0.137630124194	0.0166592529407	0.0402202032197
-gas	0.0172413793103	0.948275862069	0.0344827586207	0.0
-gap	0.306532663317	0.643216080402	0.0502512562814	0.0
-ini	0.0673428591854	0.842798490208	0.0820978722288	0.00776077837767
-inj	0.76437629018	0.152462400472	0.0336184016514	0.0495429076968
-ink	0.0322580645161	0.967741935484	0.0	0.0
-sek	0.340579710145	0.442028985507	0.217391304348	0.0
-sei	0.291094373062	0.523704031901	0.13026140895	0.0549401860877
-dab	0.968819599109	0.0311804008908	0.0	0.0
-sef	0.0275354198351	0.958296646122	0.00504282398143	0.00912511006164
-lba	0.00330715171559	0.946258784622	0.0504340636627	0.0
-ing	0.133975335111	0.607568567345	0.0474180737056	0.211038023839
-800	0.0	0.467554076539	0.0	0.532445923461
-set	0.176788685524	0.689683860233	0.0981697171381	0.0353577371049
-ses	0.0430107526882	0.688172043011	0.182795698925	0.0860215053763
-aam	0.0206896551724	0.965517241379	0.0	0.0137931034483
-blo	0.485331632653	0.180484693878	0.238520408163	0.0956632653061
-eda	0.253010992268	0.300498176077	0.100826799805	0.34566403185
-bli	0.173371912113	0.105679260103	0.241781803017	0.479167024767
-net	0.0172955974843	0.889752127266	0.0929522752498	0.0
-edi	0.13653494338	0.713113297786	0.0733957919231	0.0769559669108
-edo	0.522238163558	0.348637015782	0.111908177905	0.0172166427547
-fut	0.0451008209538	0.940821026274	0.00532686861659	0.00875128415583
-oup	0.424301494477	0.513320337882	0.0116959064327	0.0506822612086
-nek	0.11970074813	0.88029925187	0.0	0.0
-iks	0.0258543165468	0.421537769784	0.422661870504	0.129946043165
-kum	0.658969304421	0.264995775838	0.0506899464939	0.025344973247
-kul	0.296155928533	0.480779642664	0.116946399567	0.106118029237
-bal	0.0	1.0	0.0	0.0
-gum	0.675414364641	0.23135359116	0.0849447513812	0.00828729281769
-bai	0.172707589178	0.227628511095	0.0425584020562	0.557105497671
-hok	0.444673185795	0.335563561503	0.144107050952	0.0756562017499
-out	0.124981063475	0.827965459779	0.016805534515	0.030247942231
-hon	0.0118577075099	0.96837944664	0.0197628458498	0.0
-hol	0.0686079600826	0.86239426188	0.0631505087125	0.00584726932522
-eks	0.0490381526821	0.82461900853	0.112423712481	0.0139191263071
-hos	0.0261133795461	0.957743804007	0.0104453518184	0.00569746462823
-jon	0.0261230635851	0.917099297537	0.00936197731256	0.0474156615654
-hot	0.197511923423	0.312210252476	0.403428609545	0.0868492145549
-hou	0.09375	0.78125	0.125	0.0
-bat	0.267996775937	0.143705836357	0.0340881768466	0.55420921086
-bas	0.0736879100281	0.873594189316	0.0183926897844	0.0343252108716
-bap	0.473671186776	0.346431752945	0.111847965951	0.0680490943284
-dru	0.0250593510947	0.965444473754	0.0	0.00949617515169
-mbu	0.125603864734	0.864734299517	0.00966183574879	0.0
-asa	0.0237154150198	0.916996047431	0.0355731225296	0.0237154150198
-ish	0.0763232487551	0.754216275809	0.130211261362	0.0392492140734
-yet	0.1340943006	0.10000785402	0.0455533157054	0.720344529675
-asi	0.0250409761428	0.943695744552	0.022157469799	0.00910580950646
-ash	0.0192307692308	0.980769230769	0.0	0.0
-mba	0.0378492251178	0.586387188771	0.246019963266	0.129743622846
-lti	0.257948283171	0.387028401865	0.304154302671	0.0508690122933
-ast	0.115979381443	0.884020618557	0.0	0.0
-dra	0.0751879699248	0.875939849624	0.0187969924812	0.0300751879699
-nyu	0.506545820745	0.396106075864	0.0503524672709	0.0469956361195
-lta	0.245967741935	0.70564516129	0.0	0.0483870967741
-430	0.536231884058	0.0434782608696	0.0	0.420289855073
-ras	0.0891657042147	0.872731509391	0.0121306830153	0.0259721033788
-rap	0.390557939914	0.296995708155	0.151072961373	0.161373390558
-ran	0.256520554343	0.181764123775	0.030479532744	0.531235789138
-eri	0.0196486731806	0.766458433445	0.00256287041486	0.211330022959
-ral	0.299684542587	0.394321766561	0.287066246057	0.0189274447949
-ram	0.225015745808	0.0273752830454	0.0100732760483	0.737535695098
-rak	0.0	1.0	0.0	0.0
-ern	0.334448160535	0.623931623932	0.0371609067261	0.00445930880713
-rai	0.640888330441	0.213715246614	0.0623454297054	0.0830509932388
-raf	0.206088992974	0.416081186573	0.326307572209	0.0515222482436
-era	0.161833489242	0.734331150608	0.0785781103835	0.0252572497661
-erd	0.0724028862311	0.926114460809	0.00148265296036	0.0
-pol	0.0464746627295	0.894145110284	0.0065841322413	0.052796094745
-lad	0.0359619118055	0.949893685865	0.0119256725525	0.0022187297772
-laf	0.581268882175	0.328096676737	0.0580060422961	0.0326283987915
-500	0.00561797752808	0.0	0.0112359550562	0.983146067416
-oud	0.101160165888	0.824820200535	0.0188986298493	0.0551210037273
-iko	0.0828188205237	0.848626783053	0.0600383223334	0.00851607408984
-lam	0.0821428571428	0.910714285714	0.00714285714287	0.0
-lan	0.0127970749543	0.974405850091	0.0127970749543	0.0
-fol	0.461538461538	0.516483516484	0.021978021978	0.0
-lai	0.288224956063	0.627416520211	0.0351493848858	0.04920913884
-oum	0.656928271639	0.188955132292	0.0612667426055	0.0928498534636
-lak	0.0740740740741	0.925925925926	0.0	0.0
-lat	0.0490549869079	0.885960485599	0.0394191859081	0.0255653415854
-lau	0.0561712075654	0.855667508743	0.0476117509755	0.0405495327158
-aan	0.134671478413	0.0509516310943	0.0364611966234	0.777915693869
-lap	0.598436246993	0.181660986367	0.151488572574	0.0684141940658
-las	0.0728034719011	0.810451462973	0.088029350471	0.0287157146547
-gka	0.452596867271	0.537510305029	0.00989282769992	0.0
-bod	0.219559446079	0.645547822343	0.017220348712	0.117672382866
-ahi	0.0939947780678	0.859007832898	0.0313315926893	0.0156657963446
-myu	0.0	1.0	0.0	0.0
-gel	0.0377926212922	0.622673175223	0.0534774102596	0.286056793226
-bon	0.649528549298	0.25685219746	0.0481818958052	0.0454373574365
-boi	0.152237371191	0.66886671903	0.143022942287	0.0358729674916
-ged	0.0	1.0	0.0	0.0
-dof	0.705490848586	0.159733777038	0.0698835274542	0.0648918469218
-dog	0.0344497607656	0.965550239234	0.0	0.0
-bos	0.0391660101611	0.887283576164	0.0121182351489	0.0614321785257
-dok	0.0	1.0	0.0	0.0
-get	0.564245810056	0.243016759777	0.145251396648	0.0474860335196
-sas	0.00369118581392	0.646419178493	0.00398648067904	0.345903155014
-sap	0.419778369685	0.304239119509	0.241154889939	0.0348276208664
-sau	0.139055793991	0.740772532189	0.0669527896996	0.0532188841202
-sat	0.485074626866	0.34328358209	0.0746268656717	0.0970149253731
-ton	0.0156867841164	0.937716969573	0.0265283011863	0.0200679451241
-gli	0.115685252736	0.0343929129755	0.0171964564878	0.832725377801
-tom	0.209944751381	0.624309392265	0.132596685083	0.0331491712707
-olt	0.271272934419	0.463459210558	0.238897723766	0.0263701312573
-tok	0.867592772822	0.047529416453	0.00288778099857	0.0819900297259
-oli	0.00860174005689	0.920503921426	0.0634320606441	0.00746227787268
-ibi	0.139475160138	0.716813767453	0.0963337957907	0.0473772766184
-top	0.120053298676	0.428995267445	0.0289466947601	0.422004739119
-ola	0.0117143918631	0.0262337540911	0.0102790869015	0.951772767144
-san	0.0308684020407	0.942618359866	0.00670303935388	0.0198101987391
-sal	0.4	0.530769230769	0.0461538461538	0.0230769230769
-lon	0.0778238490689	0.457178652744	0.030719940422	0.434277557765
-lom	0.0178571428571	0.928571428571	0.0357142857143	0.0178571428571
-lok	0.204861111111	0.694444444445	0.03125	0.0694444444444
-ros	0.308020843412	0.626297530028	0.0120250452667	0.0536565812934
-rod	0.0244565682133	0.932274118794	0.0360862649861	0.00718304800671
-rog	0.162162162162	0.747747747748	0.09009009009	0.0
-map	0.664574536147	0.20350514459	0.0511423405125	0.0807779787502
-rom	0.0340758006853	0.0128494664601	0.00255026152397	0.950524471331
-lot	0.0189757053004	0.0491558852188	0.0303153330672	0.901553076413
-los	0.110313869134	0.784603145928	0.0775251560072	0.0275578289311
-rok	0.223728813559	0.749152542373	0.0271186440678	0.0
-atj	0.227172390027	0.198267874733	0.284526282595	0.290033452644
-ipi	0.0	0.918367346939	0.0816326530612	0.0
-ipa	0.0682263756372	0.894915697294	0.0243105476409	0.0125473794275
-ham	0.0	1.0	0.0	0.0
-aid	0.155406289034	0.282506750265	0.165469648875	0.396617311825
-awa	0.0601210889198	0.799415817617	0.0877544758703	0.0527086175933
-mpi	0.0291262135922	0.956310679612	0.00970873786408	0.00485436893203
-hat	0.124888805211	0.786046543764	0.0435417202849	0.0455229307405
-276	0.0	0.133333333333	0.0	0.866666666667
-til	0.211873511262	0.0534331986395	0.0440454397745	0.690647850324
-sti	0.0155440414508	0.445595854922	0.528497409326	0.0103626943005
-tim	0.417196805205	0.470882216782	0.0417684591367	0.0701525188761
-sta	0.0514312431815	0.8943321731	0.0305340537171	0.0237025300016
-ngk	0.217799560725	0.627557004469	0.0896483680032	0.0649950668022
-hyu	0.0622222222222	0.928888888889	0.00888888888889	0.0
-eya	0.106113826175	0.0808254577956	0.0102560271076	0.802804688922
-200	0.118226600985	0.174876847291	0.0443349753694	0.662561576355
-lei	0.504823151125	0.456591639871	0.0257234726688	0.0128617363344
-lek	0.0267857142857	0.973214285714	0.0	0.0
-ois	0.229293824842	0.725030114433	0.0347138061513	0.0109622545741
-lem	0.0249947545111	0.939073646664	0.00377675199328	0.0321548468317
-len	0.316152494225	0.600095060186	0.0638561275133	0.0198963180758
-mul	0.0363531054928	0.918244488215	0.0171875747812	0.028214831511
-mun	0.0135004821601	0.915139826422	0.00771456123433	0.0636451301832
-hru	0.202999325374	0.0812349032472	0.0278857159132	0.687880055465
-leg	0.0164473684211	0.93201754386	0.0230263157895	0.0285087719298
-hri	0.00366225839267	0.0461851475076	0.235401831129	0.714750762971
-les	0.0740740740741	0.925925925926	0.0	0.0
-fta	0.146728304716	0.0590529894357	0.0247589874296	0.769459718418
-rra	0.285691891925	0.0164144824757	0.00199267188116	0.695900953719
-lja	0.0945165717531	0.839535580761	0.0351469451499	0.0308009023363
-jap	0.194674024383	0.126624354777	0.0479021470606	0.630799473779
-git	0.602917341977	0.163695299838	0.17017828201	0.063209076175
-gis	0.421465968586	0.507853403141	0.0706806282722	0.0
-ifo	0.100304309429	0.122904166644	0.0898056736434	0.686985850284
-ndi	0.429649559548	0.0545674659979	0.0402370783991	0.475545896055
-gin	0.147742572505	0.15515267372	0.139946712923	0.557158040853
-gim	0.571176916677	0.119124350073	0.0176759122782	0.292022820972
-alk	0.934782608696	0.0401337792642	0.0	0.0250836120401
-ndo	0.214545454545	0.752727272727	0.0218181818182	0.0109090909091
-ali	0.0130674896658	0.947239452988	0.0202479191408	0.0194451382057
-nda	0.0907564097113	0.754262511161	0.0267868531825	0.128194225945
-tja	0.0427200163251	0.902732103194	0.0302956573608	0.0242522231205
-ala	0.126135860977	0.263052578008	0.239312232217	0.371499328798
-120	0.0298507462687	0.194029850746	0.0	0.776119402985
-you	0.388888888889	0.185185185185	0.425925925926	0.0
-mgo	0.797654502983	0.134523968634	0.034518183686	0.0333033446971
-pel	0.25031869278	0.634951906362	0.0451964306409	0.0695329702168
-elp	0.182998707436	0.121183086593	0.0891558267669	0.606662379204
-pei	0.417819307563	0.478514016303	0.0443068533613	0.0593598227726
-elt	0.229308276689	0.770691723311	0.0	0.0
-pek	0.372245997781	0.511380567443	0.0916310033286	0.0247424314471
-ogi	0.649444712699	0.260743602125	0.0753259295026	0.0144857556736
-iyo	0.0333333333334	0.933333333333	0.0	0.0333333333333
-eli	0.05317577548	0.481536189069	0.465288035451	0.0
-ela	0.0	1.0	0.0	0.0
-iya	0.163689841384	0.629694366374	0.0289831929059	0.177632599336
-isa	0.129992169146	0.827721221613	0.0281910728269	0.0140955364135
-rid	0.0422535211268	0.93661971831	0.0	0.0211267605634
-esi	0.0108695652174	0.983695652174	0.0	0.00543478260869
-esh	0.0	0.446215139442	0.446215139442	0.107569721115
-itj	0.036958255783	0.218027120447	0.706726934326	0.0382876894443
-ith	0.236342502906	0.396358000775	0.07206509105	0.295234405269
-esa	0.0	1.0	0.0	0.0
-ita	0.0744661434568	0.740463588246	0.0361379813835	0.148932286914
-bru	0.0352811466373	0.916942300625	0.0257258360897	0.0220507166483
-fai	0.0849056603774	0.169811320755	0.0	0.745283018868
-fan	0.336939230035	0.476614699332	0.113903913459	0.0725421571746
-fam	0.120722666798	0.820364279052	0.0309293534292	0.0279837007217
-fas	0.0528978840846	0.927782888684	0.00827966881325	0.0110395584177
-uda	0.0858995137763	0.884927066451	0.0243111831443	0.00486223662884
-bri	0.0812878427421	0.380083405637	0.0897217013257	0.448907050295
-hum	0.727941176471	0.121323529412	0.150735294118	0.0
-wok	0.704324620227	0.206651156425	0.0134117969071	0.0756124264404
-aba	0.171698113208	0.633241367035	0.140703987184	0.0543565325739
-nja	0.0424028706053	0.922441964572	0.0141379014154	0.0210172634068
-abi	0.652366295514	0.0686199292986	0.0215374849815	0.257476290206
-nji	0.409597867066	0.303171429608	0.241988959335	0.045241743991
-kob	0.00528761416439	0.980291619933	0.00865245954175	0.00576830636115
-kol	0.152671755725	0.251908396947	0.549618320611	0.0458015267176
-ada	0.339805825243	0.631067961165	0.00970873786408	0.0194174757282
-tul	0.0277777777778	0.885416666667	0.0868055555555	0.0
-tum	0.502816607553	0.325474650532	0.099937408721	0.0717713331943
-sos	0.21052631579	0.763157894737	0.0	0.0263157894737
-kot	0.350970271907	0.572792018685	0.0311409705602	0.0450967388484
-ori	0.204167810471	0.577736699727	0.117187825388	0.100907664414
-oro	0.360780911063	0.606420824295	0.0	0.0327982646421
-kos	0.0993914807302	0.650101419878	0.241379310345	0.00912778904665
-ora	0.188650306748	0.713190184049	0.0475460122699	0.0506134969325
-wol	0.157478400415	0.812533432754	0.0188033910943	0.0111847757371
-lit	0.477272727273	0.5	0.0227272727273	0.0
-rup	0.0266666666667	0.96	0.0	0.0133333333333
-jei	0.14932885906	0.245525727069	0.0134228187919	0.591722595078
-lip	0.212103503133	0.588422453816	0.0885685529691	0.110905490081
-rut	0.398706896552	0.471982758621	0.129310344828	0.0
-lil	0.0408163265306	0.510204081633	0.408163265306	0.0408163265306
-lim	0.55983030629	0.0450057489152	0.00544285165382	0.389721093141
-lin	0.204726660048	0.693278575082	0.0505460781659	0.0514486867046
-omo	0.15644914284	0.0387416960233	0.0160571330664	0.78875202807
-rul	0.959459459459	0.0405405405405	0.0	0.0
-rum	0.5378493017	0.262392665594	0.0376539527441	0.162104079962
-rub	0.590230664858	0.246947082768	0.122116689281	0.0407055630936
-lif	0.255205570859	0.537016442247	0.185193423101	0.0225845637928
-ruf	0.59690924763	0.306304642286	0.0443295160694	0.0524565940155
-rug	0.0	1.0	0.0	0.0
-lib	0.484719686697	0.487305862074	0.0165522969915	0.0114221542372
-oda	0.0751066723474	0.517638974824	0.321049814022	0.0862045388068
-odi	0.0987476469313	0.464148111625	0.0348082568603	0.402295984584
-ard	0.00621118012422	0.844720496894	0.149068322981	0.0
-kyu	0.448387096774	0.324193548387	0.15	0.0774193548387
-ura	0.0	1.0	0.0	0.0
-dsi	0.0369799691833	0.926040061633	0.0369799691834	0.0
-pai	0.194181326116	0.728687415426	0.020297699594	0.0568335588633
-apa	0.241880884436	0.722931065138	0.0112365203039	0.0239515301214
-pam	0.713297738919	0.158992367506	0.062260364783	0.0654495287921
-bya	0.078431372549	0.294117647059	0.578431372549	0.0490196078431
-pab	0.0882352941176	0.764705882353	0.0	0.147058823529
-wad	0.0	0.876712328767	0.0821917808219	0.041095890411
-pap	0.50284738041	0.28701594533	0.0666287015946	0.143507972665
-wan	0.118597469474	0.32760164292	0.351877772954	0.201923114653
-wam	0.0	0.975	0.0	0.025
-wal	0.0678865352395	0.023673999793	0.0031339892821	0.905305475685
-dul	0.0991270761653	0.59259474725	0.0537817115365	0.254496465048
-dum	0.732559689838	0.103140908595	0.0397508151842	0.124548586383
-wai	0.0668758404303	0.154908112954	0.0417749887943	0.736441057822
-nun	0.104	0.484	0.268	0.144
-sen	0.51912568306	0.349726775956	0.0	0.131147540984
-ken	0.673213608916	0.0688711516307	0.0347089197076	0.223206319746
-sus	0.0366972477064	0.94495412844	0.0	0.0183486238532
-sup	0.153846153846	0.846153846154	0.0	0.0
-sum	0.43653110945	0.215190694405	0.0603415541871	0.287936641958
-sul	0.291162449578	0.702236890356	0.00660066006601	0.0
-did	0.196721311475	0.606557377049	0.16393442623	0.0327868852459
-fet	0.0	0.950819672131	0.0	0.0491803278689
-fes	0.504219409283	0.470464135021	0.0	0.0253164556962
-sol	0.0987769365171	0.883517763541	0.00209668025626	0.0156086196855
-dim	0.676519034857	0.154339557464	0.0434026020189	0.12573880566
-din	0.225604371115	0.430169644547	0.32278942547	0.0214365588681
-dij	0.0316850696111	0.939510321651	0.0230436869899	0.00576092174748
-dik	0.116104868914	0.865168539326	0.0112359550562	0.00749063670413
-dit	0.457229456668	0.235883475528	0.0140323304894	0.292854737315
-dip	0.206349206349	0.507936507937	0.126984126984	0.15873015873
-dis	0.102976323641	0.100515439615	0.0519795821958	0.744528654549
-ait	0.141958592243	0.54286361423	0.135149233256	0.180028560271
-ais	0.113254279091	0.825627094322	0.0142881309073	0.0468304956804
-tis	0.0497758782446	0.907571493103	0.0298829007262	0.0127697279266
-nga	0.00673023267046	0.00385688653102	0.00168994803969	0.987722932759
-aif	0.0778979126999	0.855615340843	0.030506960609	0.0359797858479
-mek	0.0	1.0	0.0	0.0
-aib	0.0364026410905	0.787360495497	0.0787652651524	0.0974715982604
-aim	0.128856834447	0.560897683919	0.104847939142	0.205397542492
-ail	0.115605282245	0.627312640545	0.223036756195	0.034045321015
-tin	0.0645926075553	0.844937663724	0.0756408157143	0.0148289130065
-ain	0.103097990108	0.328713323161	0.107401694281	0.46078699245
-aik	0.0658867637066	0.0783070912002	0.0381167137057	0.817689431388
-tik	0.0980856389096	0.893289589393	0.00456605560441	0.00405871609282
-jat	0.0739184658831	0.16275778391	0.0470020380608	0.716321712146
-ema	0.137566137566	0.828042328042	0.0343915343915	0.0
-uwa	0.0976645435244	0.885350318471	0.0	0.0169851380042
-260	0.421052631579	0.0526315789474	0.0	0.526315789474
-jag	0.0557939914163	0.828326180258	0.103004291845	0.0128755364807
-emp	0.0859543051259	0.872846734521	0.0161289546914	0.0250700056617
-jan	0.148082861133	0.34745971463	0.0854303124105	0.419027111826
-jam	0.815227934045	0.162463627546	0.00800193986421	0.0143064985451
-tbi	0.31190618912	0.176772066537	0.04255956841	0.468762175933
-gga	0.0458000913315	0.932656405297	0.00257877347086	0.0189647299003
-ins	0.0325443786982	0.934911242604	0.00295857988166	0.0295857988165
-dam	0.140375909302	0.29620995202	0.15827174586	0.405142392818
-int	0.065934065934	0.89010989011	0.021978021978	0.021978021978
-ron	0.108644436303	0.184276199559	0.523369429536	0.183709934602
-kta	0.0375123395854	0.787759131293	0.162882527147	0.0118460019743
-000	0.0827546554877	0.111555665857	0.0134155998878	0.792274078768
-dad	0.0357142857143	0.928571428571	0.0357142857143	0.0
-etj	0.028065042863	0.898387535719	0.04239522384	0.0311521975779
-eth	0.0265538817066	0.949639189867	0.0128191153066	0.01098781312
-eti	0.16393442623	0.83606557377	0.0	0.0
-buk	0.0890484822064	0.857260858592	0.0234036206778	0.0302870385242
-ank	0.155892226909	0.240724799862	0.0441594215374	0.559223551692
-bul	0.24068908499	0.656933272333	0.0563988470088	0.0459787956682
-bum	0.496653531651	0.188534630707	0.0437659936486	0.271045843993
-wes	0.134039613082	0.734684477199	0.120221096269	0.01105481345
-jes	0.164179104478	0.805970149254	0.0298507462687	0.0
-wet	0.197802197802	0.78021978022	0.021978021978	0.0
-wek	0.356393692426	0.500732340768	0.0635482646671	0.0793257021393
-uya	0.0571840461317	0.622777510812	0.305622296972	0.0144161460836
-wei	0.313852174928	0.318776274853	0.127280700805	0.240090849414
-wen	0.0424118747388	0.0416651749684	0.00528361879113	0.910639331502
-wem	0.0785597381341	0.877250409165	0.0196399345336	0.0245499181669
-wel	0.0261683157817	0.942692911116	0.0197186851672	0.0114200879347
-weg	0.16617386162	0.782968657599	0.0499704316972	0.000887049083381
-ful	0.27363952142	0.362022385179	0.30181397144	0.0625241219606
-but	0.222342911688	0.689032619071	0.0782561469339	0.0103683223067
-wed	0.123544005178	0.71916510248	0.0270606509445	0.130230241397
-kak	0.602649006623	0.264900662252	0.132450331126	0.0
-nis	0.161319073084	0.687738731856	0.066653934301	0.0842882607589
-kai	0.0645946074354	0.913885812075	0.0123737587813	0.00914582170795
-osa	0.0	1.0	0.0	0.0
-kan	0.0785340314136	0.670157068063	0.0314136125654	0.219895287958
-kam	0.729234678727	0.168789827522	0.0687503955369	0.0332250982148
-ula	0.373257287706	0.60773130545	0.0126742712294	0.0063371356147
-nes	0.0851063829787	0.813829787234	0.0	0.101063829787
-lid	0.162790697674	0.604651162791	0.232558139535	0.0
-nij	0.556695579273	0.140115435463	0.0802244220166	0.222964563248
-kap	0.413020514091	0.383612201515	0.144550659242	0.0588166251516
-nin	0.447105025932	0.386877114687	0.0664269515759	0.0995909078047
-kat	0.441631504923	0.416315049226	0.0886075949368	0.0534458509142
-nbo	0.108843537415	0.857142857143	0.0204081632653	0.0136054421769
-300	0.159090909091	0.477272727273	0.0681818181818	0.295454545455
-aji	0.0534265043101	0.017159090387	0.002184633502	0.927229771801
-aja	0.0278533844668	0.879947755987	0.0266827283473	0.0655161311993
-fit	0.37030411449	0.44603458557	0.0578413834228	0.125819916518
-fil	0.448211508554	0.369206842924	0.147744945568	0.0348367029549
-sho	0.422045729226	0.217916779715	0.258663641072	0.101373849986
-sha	0.0309665655407	0.938821384221	0.0158762594904	0.0143357907478
-fig	0.0	0.921847246892	0.0781527531083	0.0
-yul	0.0263965012921	0.961420498112	0.0	0.0121830005964
-yun	0.153846153846	0.641025641026	0.17094017094	0.0341880341881
-lda	0.459183673469	0.428571428571	0.0918367346939	0.0204081632653
-ata	0.01875	0.94375	0.0375	0.0
-ild	0.0833333333333	0.783333333333	0.116666666667	0.0166666666666
-ila	0.0626525630594	0.914157851912	0.00732302685109	0.0158665581774
-yus	0.138929971892	0.600349870674	0.208695902095	0.0520242553384
-ilk	0.113934894346	0.769845802399	0.0939463163907	0.0222729868647
-ldu	0.409090909091	0.333333333333	0.0454545454545	0.212121212121
-ili	0.0945709892274	0.792492692638	0.0440140614994	0.0689222566354
-ebi	0.0742857142857	0.925714285714	0.0	0.0
-iga	0.0538469450149	0.0988169766729	0.0426083929441	0.804727685368
-ina	0.252304244098	0.226648207925	0.0536900332309	0.467357514746
-eba	0.126972343976	0.204619776131	0.212056904373	0.45635097552
-igi	0.0562293274532	0.933508608261	0.00585192095666	0.00441014332966
-ami	0.0304057213213	0.933555000117	0.0248583696338	0.011180908928
-kis	0.502331778814	0.457472795914	0.0233177881412	0.0168776371308
-ath	0.0121827411168	0.987817258883	0.0	0.0
-ama	0.121840935043	0.813703663132	0.013971093885	0.0504843079395
-usi	0.0104226983208	0.970469021424	0.0121598147076	0.00694846554719
-ush	0.223809749846	0.687900507903	0.0484169554279	0.039872786823
-eim	0.269583388519	0.424989990546	0.102138547079	0.203288073856
-eil	0.0987939061178	0.859207828625	0.0187104385483	0.023287826709
-ein	0.21047981739	0.72046944538	0.0364518771783	0.0325988600518
-gus	0.15354013946	0.775612372609	0.014601585315	0.0562459026163
-usa	0.184615384615	0.815384615385	0.0	0.0
-eib	0.0789497777997	0.877865058689	0.022626592713	0.0205585707984
-ira	0.043659043659	0.950103950104	0.0	0.006237006237
-eig	0.0	1.0	0.0	0.0
-tfo	0.153597145617	0.0868996277639	0.0163489870034	0.743154239616
-gul	0.421348314607	0.477528089888	0.101123595506	0.0
-hip	0.216483622825	0.756218825588	0.0108566262311	0.0164409253558
-eip	0.0842288701714	0.833155839546	0.0522799883822	0.0303353019008
-eis	0.114945357998	0.680512683846	0.0297662861347	0.174775672021
-his	0.142552366175	0.789523128394	0.0165462567882	0.0513782486424
-eit	0.216597483721	0.604396663161	0.0878369155914	0.0911689375266
-gud	0.284324102928	0.318650056379	0.261344318033	0.135681522659
-epa	0.0287769784172	0.913669064748	0.0287769784172	0.0287769784173
-epi	0.424643861719	0.406587424009	0.120860176028	0.0479085382451
-win	0.594706492732	0.299042275543	0.0304678542769	0.0757833774486
-wim	0.755376922695	0.174213951024	0.0443316721029	0.0260774541782
-hoi	0.429032258065	0.329032258064	0.00967741935483	0.232258064516
-wik	0.0667533890182	0.579967136793	0.124264001095	0.229015473093
-pin	0.619007496788	0.195483901884	0.0667148405803	0.118793760748
-pit	0.780200418456	0.213192379694	0.00330360092501	0.00330360092501
-yak	0.0819615317969	0.891006757928	0.00935713047998	0.0176745797955
-nok	0.805035506779	0.1885087153	0.00645577792123	0.0
-wit	0.593497698281	0.200555054402	0.101174349822	0.104772897495
-wis	0.020618556701	0.958762886598	0.020618556701	0.0
-wip	0.440134907251	0.494097807757	0.0126475548061	0.0531197301855
-ost	0.225	0.775	0.0	0.0
-hop	0.209013353116	0.734730464886	0.0415430267062	0.0147131552918
-iba	0.105983302412	0.857142857143	0.0192486085343	0.0176252319109
-owa	0.135205231379	0.31106569758	0.251431692318	0.302297378724
-kas	0.0612602967854	0.87361346537	0.0454991524668	0.0196270853778
-agi	0.0929503916449	0.866318537859	0.0313315926893	0.00939947780679
-ago	0.297702297702	0.397269397269	0.187812187812	0.117216117216
-aga	0.201128348038	0.72663320853	0.0266453076783	0.0455931357538
-ens	0.285240385506	0.619543313063	0.0386521619668	0.0565641394637
-amp	0.745200475705	0.105249745158	0.137827047231	0.0117227319062
-ong	0.126398670926	0.425003020221	0.338933866421	0.109664442432
-ans	0.0410490307868	0.712656784493	0.0684150513113	0.177879133409
-ant	0.0159521435693	0.620139581256	0.0558325024925	0.308075772682
-ega	0.0	1.0	0.0	0.0
-ona	0.0339892665474	0.923076923077	0.00715563506261	0.035778175313
-dat	0.48396307643	0.211077070944	0.0577481428085	0.247211709818
-dap	0.476487113789	0.121808744789	0.028278989048	0.373425152373
-oni	0.0899713052152	0.380837391263	0.0765782939693	0.452613009552
-450	0.04	0.12	0.04	0.8
-ana	0.130013662421	0.789730178926	0.0491987999606	0.0310573586926
-dan	0.651934531607	0.121044347749	0.013692530776	0.213328589867
-job	0.257755013054	0.498487905312	0.155425307497	0.0883317741366
-tha	0.0902958887054	0.817559831139	0.0230065744306	0.0691377057248
-ang	0.0573244816553	0.74189183475	0.182037295446	0.0187463881489
-ggi	0.140625	0.785714285714	0.046875	0.0267857142857
-ani	0.123067577718	0.731638980925	0.0641723447193	0.0811210966378
-nim	0.217865799322	0.150604997242	0.0223695141712	0.609159689264
-thi	0.0983929719305	0.80701378473	0.0240982786944	0.0704949646453
-eni	0.115945079808	0.197164019192	0.0441978515202	0.64269304948
-tan	0.242424242424	0.69696969697	0.0	0.0606060606061
-ims	0.00345250882307	0.990793309805	0.00230167254872	0.00345250882308
-tak	0.591715976331	0.204142011834	0.0798816568047	0.12426035503
-yim	0.637529841516	0.288118042972	0.0383026049606	0.0360495105512
-eka	0.0597014925373	0.880597014925	0.0298507462687	0.0298507462686
-tat	0.775202035166	0.0962923609763	0.0194321560294	0.109073447828
-pas	0.426349892009	0.467386609071	0.0247660187185	0.0814974802016
-tap	0.670510708402	0.133690280066	0.0465403624382	0.149258649094
-tas	0.097707306621	0.865223912578	0.0145703878294	0.0224983929719
-ent	0.143913305759	0.790946987424	0.0390080802452	0.026131626572
-mim	0.605177289537	0.0881009353926	0.280617794214	0.0261039808571
-min	0.239534060468	0.627045638062	0.0625319012117	0.0708884002589
-mis	0.240435661928	0.721569714171	0.0197314210831	0.0182632028174
-mit	0.202380952381	0.797619047619	0.0	0.0
-ena	0.0927756653992	0.865399239544	0.0182509505703	0.0235741444867
