iam-	0.105094121485	0.0256703731083	0.013346663913	0.855888841494
koi-	0.539494751209	0.317968008554	0.0674972820119	0.0750399582252
ni'-	0.50508284347	0.27286651511	0.0885492406459	0.133501400774
tut-	0.570207144304	0.145140753966	0.174719053718	0.109933048011
eho-	0.372326235921	0.0324305469509	0.0159184170713	0.579324800057
eir-	0.741173173921	0.148795068186	0.0244722585466	0.0855594993461
mou-	0.683308368903	0.201592467875	0.0890835989323	0.02601556429
ure-	0.0	1.0	0.0	0.0
ipu-	0.52622557422	0.196091875214	0.061707233459	0.215975317107
aot-	0.148003590804	0.442137309238	0.344678193669	0.0651809062878
pao-	0.218592964824	0.570351758794	0.158291457286	0.0527638190955
ṉub-	0.168224299065	0.303738317757	0.0373831775701	0.490654205608
oio-	0.204237763709	0.0506243094892	0.00920681128666	0.735931115515
mah-	0.108468730542	0.618395905339	0.166743843762	0.106391520357
eak-	0.517205422315	0.335418839068	0.0973236009732	0.0500521376434
tum-	0.467369718551	0.407998356502	0.0886804081353	0.0359515168116
'ak-	0.147653357411	0.339929521327	0.15840486315	0.354012258112
eno-	0.549768647875	0.290520151105	0.020229340367	0.139481860652
eka-	0.37105413951	0.0813841159434	0.0224306152691	0.525131129277
mar-	0.0702267158008	0.765900819743	0.0475125630221	0.116359901434
emu-	0.0914856264285	0.0622904514066	0.0110226215016	0.835201300663
no'-	0.308136375646	0.368721740041	0.169597144467	0.153544739846
mo'-	0.418725250361	0.488005585491	0.0317115158105	0.061557648338
tea-	0.59614623722	0.0945250583739	0.0291384894899	0.280190214917
peo-	0.201628052599	0.415153412649	0.0150281778334	0.368190356919
ana-	0.0539419087137	0.699010533036	0.174273858921	0.0727736993297
eha-	0.60935524735	0.198641434736	0.0529348522557	0.139068465658
sak-	0.0129745314753	0.965401249399	0.0187409899087	0.00288322921672
iud-	0.0391233069112	0.797771317304	0.104619318904	0.0584860568807
bap-	0.142273745225	0.679488868397	0.127124226057	0.0511131603214
aub-	0.0650533790222	0.82094490931	0.0705989363681	0.0434027753
aoh-	0.254098360656	0.467213114754	0.106557377049	0.172131147541
nun-	0.3125	0.40625	0.21875	0.0625
euf-	0.115942028986	0.826086956522	0.0	0.0579710144928
der-	0.0868965517241	0.908965517241	0.00413793103448	0.0
hat-	0.100442914419	0.71585405715	0.0812809432848	0.102422085146
kat-	0.503288176178	0.222034433359	0.0764689114216	0.198208479041
bao-	0.463561880121	0.335201954866	0.103492884864	0.0977432801495
abi-	0.106298033064	0.488763250646	0.206068787219	0.198869929072
mil-	0.0	0.993421052632	0.0	0.00657894736841
tib-	0.442845863737	0.327243937588	0.114347899895	0.115562298779
teh-	0.428378392096	0.163859811166	0.0311061325686	0.376655664169
'ev-	0.285714285714	0.714285714286	0.0	0.0
eua-	0.2	0.6	0.133333333333	0.0666666666667
ari-	0.0806204857081	0.607233531166	0.0	0.312145983126
puo-	0.44279661017	0.530431432974	0.0163713405239	0.0104006163328
ṉao-	0.448979591837	0.30612244898	0.201166180758	0.0437317784256
oeo-	0.0618130373272	0.86745021221	0.0153444335619	0.0553923169006
tus-	0.225	0.489285714286	0.232142857143	0.0535714285714
'au-	0.240962247949	0.178646219981	0.0393076420449	0.541083890025
tai-	0.149277538442	0.14791971492	0.0334740843345	0.669328662303
kup-	0.0443734807489	0.837052925659	0.07722735464	0.0413462389523
paf-	0.0350877192982	0.964912280702	0.0	0.0
hum-	0.0	0.92380952381	0.0	0.0761904761905
dek-	0.030303030303	0.621212121212	0.0	0.348484848485
kum-	0.0	0.321052631579	0.615789473684	0.0631578947368
onu-	0.342723004695	0.37558685446	0.0845070422535	0.197183098592
oko-	0.366573033708	0.426966292135	0.109550561798	0.0969101123595
eor-	0.412687886826	0.183244916004	0.0932802829355	0.310786914235
nen-	0.571258253644	0.170780514634	0.0588504711152	0.199110760606
adm-	0.0	1.0	0.0	0.0
aig-	0.0523542970036	0.847217648996	0.0846229832071	0.0158050707936
wai-	0.0530982767879	0.0806670719436	0.0130930040212	0.853141647247
ira-	0.185916195921	0.731544499648	0.0567730665396	0.0257662378911
ate-	0.139936952024	0.706482119988	0.0399960595015	0.113584868486
euo-	0.223404255319	0.776595744681	0.0	0.0
naw-	0.0374095706152	0.910473762871	0.0245729532472	0.0275437132666
kam-	0.50425754472	0.191970437434	0.0344021309598	0.269369886886
ibi-	0.394175335307	0.505571634114	0.00335720310252	0.0968958274761
ies-	0.00357463753131	0.661229255153	0.00300478899684	0.332191318319
sin-	0.0452114902916	0.91126467819	0.0286013749978	0.0149224565206
ioi-	0.525139664805	0.31843575419	0.106145251397	0.0502793296089
dor-	0.0413793103448	0.958620689655	0.0	0.0
ṯei-	0.396505240113	0.383045144027	0.149398958059	0.0710506578014
pat-	0.433882442946	0.302291661111	0.0947385137262	0.169087382218
iar-	0.129862991109	0.85282194341	0.0115433769874	0.00577168849374
ṯoe-	0.288778877888	0.686468646865	0.0247524752475	0.0
ror-	0.0876494023905	0.840637450199	0.0	0.0717131474104
aoa-	0.164970801287	0.652238310872	0.0936904550679	0.0891004327735
eap-	0.63881487627	0.0474934984125	0.177597045168	0.136094580149
eok-	0.163568773234	0.836431226766	0.0	0.0
kem-	0.691294746657	0.0756323604973	0.01943626071	0.213636632135
uam-	0.0963414634146	0.108536585366	0.217073170732	0.578048780488
ṉae-	0.651162790698	0.348837209302	0.0	0.0
gen-	0.0961538461539	0.891025641026	0.0	0.0128205128205
430-	0.129032258064	0.0322580645161	0.0	0.838709677419
kid-	0.0357142857143	0.892857142857	0.0	0.0714285714286
rek-	0.293333333333	0.666666666667	0.0	0.04
a'u-	0.523131672598	0.241992882562	0.170818505338	0.0640569395018
ior-	0.0	1.0	0.0	0.0
por-	0.129990714949	0.496798466158	0.359825875146	0.0133849437471
bua-	0.214892515606	0.701961653561	0.0385421526699	0.0446036781639
uho-	0.110782759606	0.808555875964	0.0462483368424	0.0344130275871
hor-	0.282987944786	0.422551626179	0.216884583166	0.0775758458681
nai-	0.234507784654	0.164363422523	0.0447501093652	0.556378683457
bak-	0.26216735268	0.519536457173	0.0329231985161	0.185372991631
276-	0.0	0.333333333333	0.0	0.666666666667
epa-	0.365327546311	0.331899650948	0.175114062725	0.127658740015
oro-	0.225181359623	0.486831595418	0.278795969057	0.00919107590297
sap-	0.0	1.0	0.0	0.0
asi-	0.0158127767236	0.965211891208	0.0	0.0189753320683
dia-	0.0	0.878787878788	0.0606060606061	0.0606060606061
nan-	0.64893125768	0.143464274813	0.023049770285	0.184554697222
oto-	0.291044776119	0.261194029851	0.44776119403	0.0
ṉat-	0.169811320755	0.169811320755	0.660377358491	0.0
rer-	0.359541677834	0.562181720718	0.0437818279282	0.0344947735191
pok-	0.0511493171953	0.165710450806	0.00735352943295	0.775786702565
usi-	0.0	1.0	0.0	0.0
mue-	0.158378739594	0.112523009688	0.0422787141767	0.686819536542
mek-	0.560809661704	0.316182558724	0.0687785434165	0.0542292361553
bir-	0.125326609233	0.385863732593	0.47396749076	0.0148421674131
tol-	0.143835616438	0.856164383562	0.0	0.0
mel-	0.0561797752809	0.912565279316	0.00949517328691	0.0217597721159
iat-	0.160701241782	0.712198685172	0.122717311907	0.00438276113951
kri-	0.00666666666666	0.906666666667	0.0866666666665	0.0
tew-	0.529801324503	0.285802980132	0.11630794702	0.0680877483444
fug-	0.0	1.0	0.0	0.0
hah-	0.217385611043	0.592684576962	0.0301639007592	0.159765911236
mir-	0.0	1.0	0.0	0.0
isa-	0.0131764051604	0.957757318884	0.00565688598509	0.0234093899708
mep-	0.261662032746	0.485325919061	0.16218721038	0.0908248378127
mus-	0.0560747663551	0.943925233645	0.0	0.0
eut-	0.463267545535	0.281049507432	0.0813050375501	0.174377909482
pud-	0.08	0.92	0.0	0.0
dio-	0.225531914894	0.757446808511	0.0170212765957	0.0
bab-	0.0967364293315	0.542201238337	0.0301398805525	0.330922451779
ita-	0.283962621506	0.646884463517	0.0284299346314	0.0407229803458
obo-	0.181113108867	0.348125812653	0.102362509724	0.368398568757
tuh-	0.507157477013	0.276068301171	0.131225627961	0.0855485938547
ṯam-	0.451720774697	0.126793925038	0.0898704193953	0.331614880869
war-	0.193876500637	0.68371784809	0.0839005622965	0.0385050889766
aku-	0.0333333333333	0.966666666667	0.0	0.0
hur-	0.46511095433	0.210965504246	0.104293564474	0.21962997695
ne'-	0.502484650001	0.307733191424	0.1020957053	0.0876864532755
sor-	0.0	1.0	0.0	0.0
moi-	0.581579960643	0.242159475365	0.0466619081464	0.129598655845
ura-	0.0804159997192	0.189654156676	0.695841883004	0.0340879606011
kom-	0.546929348039	0.353275309288	0.0394992060956	0.0602961365777
bo'-	0.0571922593883	0.102478198574	0.726560592928	0.113768949109
obi-	0.0144976386672	0.914487651351	0.0187455833635	0.0522691266178
aea-	0.156468210677	0.0379490090769	0.0110208329941	0.794561947252
tow-	0.611380145278	0.217917675545	0.090799031477	0.0799031476998
'oa-	0.4125	0.5125	0.05	0.025
eao-	0.514821032211	0.0459941970461	0.0161701767559	0.423014593987
tua-	0.479182299554	0.29863899678	0.0642597539589	0.157918949707
'ep-	0.123134328358	0.809701492537	0.0671641791045	0.0
non-	0.797579948142	0.0981849611063	0.0129645635264	0.0912705272256
uba-	0.614850798057	0.385149201943	0.0	0.0
tau-	0.345840130506	0.508972267537	0.10277324633	0.0424143556281
pou-	0.248525872643	0.317778977773	0.0450610290807	0.388634120503
mal-	0.0958904109589	0.904109589041	0.0	0.0
pek-	0.353863367374	0.458320128833	0.0986036644914	0.0892128393018
rao-	0.238724216975	0.527833768262	0.0543271548314	0.179114859931
ṯat-	0.523376591028	0.307744040651	0.00896704610556	0.159912322216
aki-	0.178682026508	0.592778397126	0.209959123003	0.0185804533631
nin-	0.31303690317	0.505068761395	0.141022245181	0.040872090254
oap-	0.0	1.0	0.0	0.0
eko-	0.672675657949	0.170846314668	0.0528587972452	0.103619230139
hui-	0.24148756339	0.670852451099	0.00796908959188	0.0796908959189
ian-	0.0334603279775	0.709789630611	0.193804869968	0.0629451714427
iki-	0.225466342255	0.498783454988	0.0129764801298	0.262773722628
ena-	0.0299219098477	0.024704184804	0.0149191862343	0.930454719114
tae-	0.271397273948	0.261941031049	0.0455397068031	0.421121988201
emo-	0.402777777778	0.430555555556	0.0833333333333	0.0833333333333
ta'-	0.248048768636	0.56975965278	0.0896787078958	0.092512870688
ba'-	0.184728445911	0.575129069952	0.0264338159981	0.213708668139
and-	0.0	1.0	0.0	0.0
apa-	0.116518525011	0.355020924165	0.268787110602	0.259673440222
ius-	0.0176991150442	0.975663716814	0.00663716814159	0.0
puk-	0.130095014221	0.613048081323	0.00538324196776	0.251473662489
ṉak-	0.884615384615	0.0384615384615	0.0	0.0769230769231
mae-	0.0424965688059	0.565126818124	0.0360698998043	0.356306713265
per-	0.238604464644	0.532014436573	0.0701777837188	0.159203315065
ger-	0.0266666666667	0.96	0.0133333333333	0.0
ire-	0.50613154961	0.377369007804	0.0379041248607	0.0785953177257
deo-	0.0	1.0	0.0	0.0
mor-	0.287082988696	0.554039150813	0.0730631375792	0.0858147229114
rur-	0.647058823529	0.256684491979	0.0882352941176	0.00802139037433
gas-	0.131578947368	0.578947368421	0.0263157894737	0.263157894737
ata-	0.234328765757	0.497710122188	0.0325164674613	0.235444644593
tie-	0.394008928199	0.404480787684	0.0963744837081	0.105135800409
ins-	0.0	0.897172236504	0.102827763496	0.0
rud-	0.0846560846561	0.904761904762	0.0	0.010582010582
oka-	0.65296803653	0.239269406393	0.0611872146119	0.0465753424657
idf-	0.0	1.0	0.0	0.0
wae-	0.0208331254325	0.942308268033	0.0304484140938	0.00641019244079
muh-	0.0441899404347	0.955810059565	0.0	0.0
uan-	0.159440559441	0.683916083916	0.156643356643	0.0
ṯem-	0.332428333352	0.120893620205	0.0310435924313	0.515634454012
'io-	0.442984868884	0.316643585062	0.0739431871451	0.166428358909
num-	0.0	1.0	0.0	0.0
kla-	0.010752688172	0.989247311828	0.0	0.0
elu-	0.339827820571	0.660172179429	0.0	0.0
eio-	0.57516737675	0.219111381619	0.0787177926557	0.127003448975
ami-	0.466020910209	0.226014760148	0.00984009840098	0.298124231242
'ei-	0.520754716981	0.298113207547	0.011320754717	0.169811320755
kur-	0.0774766091104	0.904375716684	0.0181476742061	0.0
au'-	0.688152427283	0.290564507956	0.0	0.0212830647613
kei-	0.625704683434	0.243820468343	0.0563204683435	0.0741543798786
nou-	0.477951635846	0.120910384068	0.298719772404	0.102418207681
tek-	0.560256398195	0.13118612389	0.069164165718	0.239393312197
eub-	0.764561618639	0.095646842428	0.0662170447578	0.0735744941753
haw-	0.0790170123887	0.836311457371	0.0437981404264	0.0408733898137
pu'-	0.275943396226	0.674528301887	0.0283018867924	0.0212264150943
aom-	0.166004836817	0.267668785971	0.026172054092	0.54015432312
eat-	0.397045577373	0.426049360476	0.158529994596	0.0183750675554
ien-	0.152542372881	0.847457627119	0.0	0.0
ehe-	0.538538433209	0.394065344347	0.0228863050455	0.0445099173989
pa'-	0.206734467069	0.576915509254	0.0431607370466	0.17318928663
bin-	0.0241919859118	0.962306695169	0.0026153498283	0.0108859690905
kos-	0.0	1.0	0.0	0.0
meh-	0.561332099907	0.194449583719	0.101757631822	0.142460684551
rod-	0.0462427745665	0.953757225433	0.0	0.0
paw-	0.508710801394	0.0871080139373	0.0452961672474	0.358885017422
nem-	0.529896479937	0.0867248395551	0.0101426573762	0.373236023132
aih-	0.282944779346	0.0700158904216	0.0195161073184	0.627523222913
lud-	0.0200668896321	0.979933110368	0.0	0.0
'ub-	0.129414155999	0.172707642063	0.202729626137	0.4951485758
pon-	0.209152433129	0.646793425717	0.0783113116339	0.0657428295198
rap-	0.297872340426	0.432624113475	0.0	0.269503546099
eta-	0.398590549406	0.123597577121	0.199384651461	0.278427222012
bui-	0.194427185394	0.737982124934	0.0383405821345	0.0292501075372
ben-	0.0868473252432	0.0224375581385	0.00720122888364	0.883513887735
ion-	0.151588315413	0.75876468698	0.0209891513649	0.0686578462425
nip-	0.285157590314	0.343733150336	0.116955051223	0.254154208127
mat-	0.0851148764923	0.327170084101	0.0282808175948	0.559434221812
iku-	0.142901412254	0.163020078348	0.0896887265335	0.604389782864
pin-	0.165532048298	0.657223019168	0.0346687186698	0.142576213864
mob-	0.50193784179	0.294509874052	0.0406315605976	0.162920723561
bun-	0.220458882619	0.451031490517	0.177137543897	0.151372082967
lam-	0.14055636896	0.815519765739	0.0395314787701	0.00439238653001
nar-	0.582221722183	0.163666429929	0.0801508556535	0.173960992235
nut-	0.520984081042	0.266280752533	0.121562952243	0.0911722141823
ṉap-	0.664359861592	0.18339100346	0.0899653979238	0.0622837370242
ioa-	0.0243882576326	0.924520700016	0.0134585463913	0.0376324959603
aek-	0.153127175102	0.746842994929	0.0741771900169	0.0258526399523
sat-	0.0815802975885	0.889858046862	0.0138532580811	0.0147083974688
pur-	0.323943661972	0.613849765258	0.0246478873239	0.037558685446
ani-	0.348814793213	0.42560085553	0.0561506740294	0.169433677228
nad-	0.0993377483443	0.582781456954	0.278145695364	0.0397350993377
nib-	0.53257459373	0.276981566778	0.0856533674659	0.104790472026
bei-	0.102917708329	0.868234593988	0.0108770007654	0.0179706969168
aut-	0.887429083309	0.103613018811	0.00895789787997	0.0
aka-	0.305182294513	0.301314944267	0.0382325067818	0.355270254438
ele-	0.0	0.892857142857	0.107142857143	0.0
eup-	0.0	0.898305084746	0.0338983050848	0.0677966101695
ahu-	0.291283448772	0.517580712312	0.055637561031	0.135498277885
mom-	0.51020027946	0.232324173265	0.0212389380531	0.236236609222
ban-	0.121901274168	0.302560546719	0.190245792261	0.385292386852
'ir-	0.0341692789969	0.671159874608	0.0	0.294670846395
adr-	0.256114443932	0.522381172127	0.179972311952	0.0415320719889
ter-	0.46298483011	0.158776763615	0.0363378793359	0.341900526939
hae-	0.0737344997338	0.127905678074	0.0851900216283	0.713169800564
'et-	0.0373525557012	0.821428571429	0.0920707732635	0.0491480996068
tra-	0.0	0.99173553719	0.00826446280992	0.0
o'i-	0.656198072955	0.0713846603325	0.0474533303306	0.224963936382
nam-	0.143813018594	0.222466977376	0.476435155148	0.157284848882
ebe-	0.530200275932	0.0744013478252	0.0989705715345	0.296427804708
ale-	0.0125403762113	0.916777503325	0.0684020520615	0.00228006840205
ker-	0.0932669884779	0.797697752278	0.0181630053552	0.0908722538892
sid-	0.0	1.0	0.0	0.0
i'a-	0.067705248056	0.768129045043	0.00950124568346	0.154664461218
oli-	0.04036598493	0.908503767492	0.037674919268	0.01345532831
mea-	0.308669639456	0.465682210321	0.125036412934	0.100611737289
tok-	0.479189713212	0.336239676139	0.0960322274957	0.0885383831534
ero-	0.3127815564	0.303860083031	0.341665930572	0.0416924299974
net-	0.708870551831	0.177153171738	0.0440948942754	0.0698813821557
rir-	0.514722930675	0.233480176211	0.0463714351959	0.205425457918
kon-	0.539703679334	0.295539917134	0.0639514987395	0.100804904793
'ok-	0.314285714286	0.171428571429	0.342857142857	0.171428571429
eli-	0.00173598553345	0.987848101266	0.00260397830018	0.00781193490055
e'o-	0.560192082387	0.148834921967	0.23557574092	0.0553972547261
ea'-	0.59724030135	0.0476451342155	0.0122128350363	0.342901729398
eto-	0.543114089226	0.130190379945	0.0401007172479	0.286594813581
aop-	0.22837219725	0.294583657382	0.363550083703	0.113494061664
peu-	0.319467554077	0.610648918469	0.00998336106488	0.0599001663893
hel-	0.032230462065	0.490872789504	0.448659440958	0.0282373074729
tuk-	0.346371723024	0.49172272062	0.0780331697847	0.0838723865713
'am-	0.133073479202	0.36045024514	0.227507133062	0.278969142597
ṯab-	0.51464192009	0.317971538754	0.0567514332504	0.110635107906
pan-	0.335913380006	0.493542635996	0.0917510979694	0.0787928860286
ṯot-	0.250880902044	0.517970401691	0.0704721634954	0.160676532769
aum-	0.425655976676	0.262390670554	0.241982507289	0.0699708454811
nim-	0.666550858384	0.110980525209	0.0519264436452	0.170542172762
nie-	0.73074811256	0.128002745367	0.0461221688401	0.0951269732327
tor-	0.36776280135	0.374318630793	0.0402762189472	0.21764234891
moh-	0.624004068268	0.207613881564	0.0244319053184	0.143950144849
sen-	0.046875	0.8125	0.015625	0.125
'ob-	0.0672762193308	0.863743338653	0.0397651959856	0.0292152460303
hoh-	0.020368903474	0.790652936517	0.188978160009	0.0
eah-	0.436720142603	0.239750445633	0.0591577540107	0.264371657754
ina-	0.235960955122	0.301586684297	0.37110134557	0.0913510150113
baa-	0.190751445087	0.687861271676	0.104046242775	0.0173410404624
mai-	0.0122061235722	0.0227052562906	0.0195758245831	0.945512795554
pen-	0.273847229649	0.243860803751	0.0917280243511	0.390563942248
hiu-	0.180995475113	0.819004524887	0.0	0.0
ka'-	0.570722099637	0.183738975792	0.0689946438867	0.176544280684
ape-	0.0196078431372	0.980392156863	0.0	0.0
aro-	0.243457303517	0.574867626311	0.0978630576204	0.0838120125507
epo-	0.653794874327	0.253370203941	0.0543183052689	0.0385166164634
umu-	0.0353634577603	0.941060903733	0.0235756385069	0.0
ieb-	0.161744997458	0.658718055363	0.126161098017	0.0533758491612
lus-	0.0021645021645	0.995670995671	0.0	0.0021645021645
ipo-	0.128205128205	0.74358974359	0.0512820512821	0.0769230769231
kab-	0.533112124949	0.303357804484	0.0430060300721	0.120524040495
ṯom-	0.588136227545	0.124251497006	0.0224550898204	0.265157185629
pae-	0.285123966942	0.0289256198347	0.0247933884298	0.661157024793
tia-	0.396143954078	0.366634983351	0.0918389058695	0.145382156702
'ik-	0.0833333333333	0.9	0.0	0.0166666666667
kau-	0.736019557051	0.187229616478	0.0222600584326	0.0544907680382
iba-	0.190855211842	0.421094261624	0.295653194077	0.0923973324573
hoa-	0.177775952415	0.487899036707	0.0614805851895	0.272844425688
mid-	0.0434782608696	0.847826086957	0.108695652174	0.0
teo-	0.680502566673	0.0918525532132	0.0621014230415	0.165543457072
po'-	0.151239123819	0.38912114935	0.368037299635	0.091602427196
pun-	0.295652173913	0.652173913044	0.0313043478261	0.0208695652174
au—-	0.229508196721	0.426229508197	0.0	0.344262295082
ito-	0.678571428571	0.241071428571	0.0401785714286	0.0401785714285
riu-	0.0462962962963	0.935185185185	0.0185185185185	0.0
tur-	0.48939281713	0.353410730241	0.0400577832955	0.117138669334
spe-	0.0	1.0	0.0	0.0
tah-	0.277820520906	0.17265560951	0.0411805511761	0.508343318408
'ut-	0.716666666667	0.283333333333	0.0	0.0
666-	0.0823798627002	0.0686498855835	0.0	0.848970251716
sod-	0.00478468899521	0.995215311005	0.0	0.0
kun-	0.740740740741	0.212962962963	0.0462962962963	0.0
obu-	0.176521660528	0.734239897058	0.0383524766554	0.0508859657585
har-	0.219032412278	0.141289011644	0.0999165404246	0.539762035654
kan-	0.22522472834	0.659162017	0.0595966321836	0.0560166224764
nei-	0.0794243152956	0.040951334701	0.0116092954936	0.86801505451
eih-	0.805393745562	0.0211115323214	0.0139221852625	0.159572536854
tih-	0.377034184344	0.349875295159	0.102155642106	0.170934878391
nup-	0.331439393939	0.522727272727	0.0113636363636	0.13446969697
amf-	0.0416666666667	0.958333333333	0.0	0.0
'op-	0.206150843344	0.398777085906	0.340662757257	0.0544093134926
sio-	0.0331730769231	0.966826923077	0.0	0.0
ain-	0.0765825254025	0.0432084874698	0.0100960420728	0.870112945055
mum-	0.03	0.97	0.0	0.0
uhu-	0.38964378801	0.27099913119	0.015325803649	0.32403127715
ṉuh-	0.40490797546	0.233128834356	0.288343558282	0.0736196319019
kow-	0.523489932886	0.201342281879	0.154362416107	0.120805369128
met-	0.251636385423	0.582702994173	0.0429878825098	0.122672737894
tao-	0.751481111973	0.139193733141	0.0493170257055	0.0600081291801
ṯob-	0.391987318057	0.370226257386	0.134025075659	0.103761348898
iho-	0.147385348099	0.0853776876865	0.112090263504	0.65514670071
kol-	0.0125	0.9625	0.0125	0.0125
'um-	0.0432513049962	0.48023862789	0.476510067114	0.0
ken-	0.502037336152	0.170078219231	0.109648329098	0.218236115518
wa'-	0.134527439024	0.198932926829	0.251524390244	0.415015243903
mes-	0.0269058295964	0.955156950673	0.00896860986546	0.00896860986546
ilu-	0.101694915254	0.694915254237	0.0	0.203389830509
iek-	0.0	1.0	0.0	0.0
aob-	0.0309165368864	0.678952529273	0.262905923747	0.027225010094
nit-	0.365668542168	0.351945690081	0.130523592596	0.151862175156
nya-	0.17067833698	0.231947483589	0.0262582056893	0.571115973742
eku-	0.584562996595	0.269880483408	0.0974828069707	0.0480737130266
ios-	0.0252106597246	0.958073576762	0.00739878057135	0.0093169829417
mem-	0.318529512501	0.282452334742	0.239753396506	0.159264756251
par-	0.105881530753	0.738018634998	0.0207700403158	0.135329793933
seb-	0.00718248840922	0.983240860378	0.00718248840922	0.00239416280307
eik-	0.0701754385965	0.140350877193	0.0175438596491	0.771929824561
but-	0.0714285714286	0.928571428571	0.0	0.0
pah-	0.396948246471	0.258019690137	0.149846887219	0.195185176173
nah-	0.275901233135	0.546773552542	0.0423909162328	0.13493429809
sol-	0.0	0.996394230769	0.0	0.00360576923077
aem-	0.12889808811	0.72866658165	0.0635661804377	0.0788691498023
pom-	0.561734213007	0.183788878416	0.0113100848256	0.243166823751
anu-	0.497593483895	0.235838578304	0.0836727138097	0.182895223991
wit-	0.0365214671151	0.903456635646	0.0418393681082	0.0181825291311
bib-	0.0139534883721	0.762790697675	0.195348837209	0.0279069767442
'ue-	0.443268976461	0.456757471568	0.0364982808781	0.0634752710923
beb-	0.610149488592	0.324940991345	0.0259638080252	0.0389457120378
ipa-	0.820895522388	0.0298507462687	0.0	0.149253731343
kin-	0.179080723873	0.741201507687	0.0452913153499	0.0344264530902
reu-	0.0	1.0	0.0	0.0
ona-	0.612837837838	0.273648648649	0.0141891891892	0.0993243243243
ṉa'-	0.234091489905	0.239969332992	0.0245336059289	0.501405571173
ubi-	0.359816778908	0.317910407067	0.0408975652317	0.281375248793
iro-	0.39357197814	0.471712420582	0.0949291283622	0.0397864729165
o'e-	0.339130434783	0.608695652174	0.0347826086957	0.0173913043478
tio-	0.597687274076	0.238106177879	0.105436042068	0.0587705059777
ser-	0.00681818181818	0.972727272727	0.0204545454545	0.0
ṉoh-	0.68085106383	0.234042553191	0.0	0.0851063829787
bam-	0.276386267408	0.644034076417	0.0431566596949	0.0364229964801
hos-	0.0209895052474	0.925037481259	0.0179910044978	0.0359820089955
hao-	0.321545398436	0.166665891004	0.153786927597	0.358001782962
eiw-	0.217094017094	0.526495726496	0.0820512820513	0.174358974359
ran-	0.0415442165942	0.204512243355	0.00545259880475	0.748490941246
bla-	0.245170876672	0.368499257058	0.261515601783	0.124814264487
ioe-	0.04	0.96	0.0	0.0
rin-	0.0	1.0	0.0	0.0
ṉau-	0.238938053097	0.469026548672	0.115044247788	0.176991150442
eu'-	0.665511932255	0.180010264306	0.0372722607133	0.117205542725
agr-	0.00537634408602	0.983870967742	0.00716845878136	0.00358422939068
tuo-	0.731098160902	0.124101814997	0.070671793519	0.074128230582
'ai-	0.118861724194	0.238818840749	0.578460391078	0.0638590439788
oat-	0.241071428571	0.633928571428	0.0714285714286	0.0535714285715
sos-	0.0	1.0	0.0	0.0
kle-	0.0	0.981132075472	0.0	0.0188679245283
don-	0.0551020408163	0.914285714286	0.0122448979592	0.0183673469388
nep-	0.286369894447	0.509866911427	0.187241854062	0.0165213400642
iun-	0.0	0.774193548387	0.225806451613	0.0
tat-	0.163734515658	0.625754878728	0.0285752767434	0.181935328871
moa-	0.458567122596	0.440903293819	0.0191182894424	0.081411294142
eba-	0.603093133633	0.193113149202	0.0499159441712	0.153877772994
meb-	0.448365112821	0.33318323375	0.131381281951	0.0870703714775
hak-	0.43515280523	0.360346662612	0.0630986772085	0.141401854949
ṯo'-	0.789326184964	0.113196052151	0.0266845375899	0.0707932252955
air-	0.464016250725	0.281485780615	0.0400464306442	0.214451538015
nom-	0.402518684164	0.344847878538	0.0353086565056	0.217324780792
kip-	0.0767155460548	0.0615499832889	0.101096889279	0.760637581378
pot-	0.526315789474	0.274047186933	0.116152450091	0.0834845735027
mam-	0.0543671314813	0.879517634493	0.0192943289957	0.0468209050296
utu-	0.16	0.391111111111	0.288888888889	0.16
esa-	0.157983193277	0.820168067227	0.0	0.0218487394958
kew-	0.608638172996	0.173228346457	0.077456876931	0.140676603616
ṯau-	0.521866960676	0.213524439544	0.0330760749724	0.231532524807
boi-	0.43653964237	0.258060105554	0.0187938616662	0.28660639041
wat-	0.315352697096	0.286307053942	0.323651452282	0.0746887966805
'ar-	0.193893443361	0.404017408313	0.190773470778	0.211315677549
ṯoi-	0.733296405381	0.125219920597	0.0573928703024	0.0840908037198
a'i-	0.173277537452	0.133454848086	0.0171516734725	0.676115940989
pai-	0.207352425177	0.421564884205	0.304096591442	0.0669860991762
ama-	0.735311360081	0.0903699480895	0.0177001966319	0.156618495198
kok-	0.341889941573	0.468571878461	0.0572056714973	0.132332508468
sur-	0.036875	0.90125	0.054375	0.00750000000001
ṯah-	0.469151399456	0.229277177097	0.048541561221	0.253029862226
kea-	0.381034308957	0.110424983518	0.0597559387872	0.448784768737
epu-	0.308301042406	0.0819734759591	0.0585602794302	0.551165202205
reg-	0.173553719008	0.826446280992	0.0	0.0
map-	0.347086948822	0.350451567204	0.235523286701	0.0669381972729
mew-	0.412658227848	0.412658227848	0.0987341772152	0.0759493670886
bet-	0.0223573249657	0.962345557953	0.00588350656992	0.00941361051187
ku'-	0.228878648233	0.715821812596	0.0184331797235	0.036866359447
sal-	0.0375069629263	0.943461038559	0.00371356068577	0.0153184378288
asu-	0.0	1.0	0.0	0.0
nih-	0.423024060364	0.180735399602	0.0902929283853	0.305947611649
'in-	0.401681109478	0.182321946882	0.0524472313053	0.363549712334
aun-	0.215408351842	0.726776419525	0.0247537342534	0.0330614943795
wap-	0.0569639164784	0.815363285405	0.0297966940371	0.0978761040793
gab-	0.0	1.0	0.0	0.0
nub-	0.516069599346	0.244631671877	0.0875869332098	0.151711795568
ṉah-	0.313158218396	0.26166388474	0.226425371168	0.198752525696
her-	0.0509851776656	0.0573283736769	0.0115128191978	0.88017362946
eme-	0.0193548387097	0.716129032258	0.264516129032	0.0
min-	0.099733018432	0.863428659444	0.00718796529238	0.0296503568312
ket-	0.423075336773	0.134845502797	0.18705435724	0.25502480319
ren-	0.0905172413794	0.844827586207	0.0581896551724	0.00646551724136
ro'-	0.0863537188257	0.787982287361	0.075398396288	0.0502655975254
eṉa-	0.192307692308	0.615384615385	0.0384615384615	0.153846153846
kut-	0.0979483785573	0.832561217737	0.0282373703949	0.0412530333113
tab-	0.150575163657	0.334439567086	0.0247362424571	0.490249026799
gal-	0.0069915857079	0.973497012317	0.015121336531	0.00439006544449
euh-	0.863133018759	0.0379341991408	0.00689999476617	0.0920327873335
kre-	0.0	0.992628992629	0.00737100737101	0.0
kar-	0.355251892953	0.495821343081	0.0570745378552	0.091852226111
nue-	0.293577981651	0.623853211009	0.0550458715596	0.0275229357798
ibe-	0.132862276172	0.690793248181	0.101760425159	0.0745840504877
kus-	0.0	1.0	0.0	0.0
maw-	0.31	0.282857142857	0.0171428571429	0.39
kob-	0.539761383393	0.290991942937	0.0820836017284	0.0871630719421
mia-	0.359688187366	0.290355184485	0.0623470367731	0.287609591375
me'-	0.626601045287	0.254681897034	0.064014099729	0.0547029579502
bea-	0.472922619654	0.42695888025	0.0532275570133	0.0468909430831
ati-	0.462964554612	0.202942895452	0.0990906590574	0.235001890879
e'u-	0.0534049227979	0.0435019609264	0.013141761191	0.889951355085
ṯon-	0.673968759465	0.0604069877628	0.0305497646953	0.235074488077
ete-	0.202127659574	0.797872340426	0.0	0.0
ae'-	0.0456261101243	0.205373001776	0.00333037300178	0.745670515098
aon-	0.1231755956	0.0476095206587	0.00937422943787	0.819840654303
not-	0.704262467883	0.13762434943	0.0553396139403	0.102773568746
eop-	0.223443223443	0.172161172161	0.589743589744	0.014652014652
oma-	0.802388059701	0.08	0.0202985074627	0.0973134328359
luk-	0.0654885654886	0.803534303534	0.112266112266	0.018711018711
mon-	0.217215455792	0.715069109242	0.0264867058175	0.0412287291479
tet-	0.617740966901	0.0676065573343	0.0572295517094	0.257422924056
imb-	0.0344827586207	0.896551724138	0.0	0.0689655172414
kop-	0.168149652453	0.751188152643	0.0788007596367	0.00186143526701
kak-	0.286199963353	0.513728165309	0.0357917518573	0.16428011948
ṯan-	0.570014485756	0.0915016900048	0.0409222597779	0.297561564462
one-	0.00865800865802	0.865800865801	0.008658008658	0.116883116883
eob-	0.135874521247	0.606966988875	0.144993616633	0.112164873245
kik-	0.110217577663	0.818753316733	0.0342899130506	0.0367391925542
sto-	0.117647058823	0.482352941176	0.4	0.0
gog-	0.0	0.955555555556	0.0444444444444	0.0
kap-	0.255575493987	0.432065169719	0.0581886329738	0.254170703321
'ou-	0.0613538858727	0.819734993736	0.094308819621	0.0246023007707
sil-	0.0393170074141	0.91780873212	0.0224668613795	0.0204073990864
ake-	0.0777202072538	0.844559585492	0.0	0.0777202072539
ear-	0.416873985938	0.168199026501	0.286857760952	0.128069226609
abe-	0.160120454096	0.727742416203	0.0497688673873	0.0623682623146
mio-	0.0965374408091	0.74083390324	0.0405606522834	0.122068003668
kib-	0.33734939759	0.590361445783	0.0722891566266	0.0
aeh-	0.134234534935	0.0267578994214	0.00801068090788	0.830996884735
ṯen-	0.558647248664	0.181813250888	0.0848859599164	0.174653540531
aib-	0.218451161202	0.236168032787	0.509520150273	0.0358606557377
kis-	0.0	0.959183673469	0.0408163265306	0.0
o'a-	0.188073261037	0.247175675453	0.31398671546	0.250764348049
nau-	0.603608299595	0.238041497976	0.0910425101214	0.0673076923078
'ia-	0.242512783053	0.0226442658875	0.658144631118	0.0766983199415
nuw-	0.139534883721	0.13488372093	0.66976744186	0.0558139534884
pe'-	0.581116332269	0.166759990503	0.0397484885272	0.212375188701
ohi-	0.114542981532	0.0545543993754	0.0166547811376	0.814247837955
hio-	0.0	0.967951163678	0.032048836322	0.0
sau-	0.0203619909502	0.88543809132	0.0	0.0941999177294
ṯa'-	0.658656937122	0.0820849942137	0.143853671081	0.115404397583
ao'-	0.155708143788	0.206116639302	0.0367043198975	0.601470897012
pri-	0.00317796610169	0.996822033898	0.0	0.0
tro-	0.0129032258064	0.987096774194	0.0	0.0
iha-	0.151309599063	0.674710128062	0.0570001245346	0.116980148341
beh-	0.242425969732	0.279761735116	0.219055490638	0.258756804514
bit-	0.110182474657	0.368173701311	0.252271071319	0.269372752713
pop-	0.169609361556	0.713302357598	0.0462570986061	0.0708311822405
gol-	0.00561129059684	0.713824179561	0.278013943207	0.00255058663492
ela-	0.0	1.0	0.0	0.0
re'-	0.146679372526	0.176696965254	0.0252895469872	0.651334115232
o'o-	0.375297630296	0.456215276465	0.102724970709	0.0657621225292
nag-	0.0	1.0	0.0	0.0
bai-	0.132760652576	0.330032344884	0.0899962912232	0.447210711317
ias-	0.0327421555252	0.967257844475	0.0	0.0
itu-	0.100927358781	0.778240333064	0.0160583293635	0.104773978792
ara-	0.191628880008	0.567064794986	0.1772175556	0.0640887694062
'eu-	0.230825681783	0.15983910261	0.054760437156	0.554574778451
tam-	0.360036587267	0.477931996777	0.0348374272563	0.127193988699
upa-	0.331903662158	0.49736060706	0.13856812933	0.0321676014517
tir-	0.0434947003651	0.804292174197	0.00751594061349	0.144697184824
oti-	0.392156862745	0.470588235294	0.0196078431372	0.117647058824
men-	0.379315203607	0.324785120473	0.266309708327	0.0295899675919
rob-	0.126676212607	0.536540211429	0.0918174851987	0.244966090766
hau-	0.0800438551978	0.145841206467	0.00547935282337	0.768635585511
iko-	0.050810357987	0.10762050219	0.0193756156682	0.822193524155
eib-	0.50272479564	0.350136239782	0.114441416894	0.0326975476839
noi-	0.512707257407	0.249286490894	0.0606482739875	0.177357977711
tap-	0.408490787466	0.425155498181	0.114599225443	0.0517544889097
moe-	0.897567221511	0.0512163892446	0.0192061459667	0.0320102432778
uru-	0.204488712304	0.629574788264	0.0827414719936	0.0831950274391
ua'-	0.266354911968	0.143647285781	0.0715489243242	0.518448877927
aho-	0.432589266805	0.369350671354	0.0895421237664	0.108517938074
ame-	0.00323261928365	0.0941769751304	0.0135770009913	0.889013404595
iak-	0.0	0.997825097365	0.000606949572607	0.00156795306257
lai-	0.0	0.908706677937	0.0912933220626	0.0
'it-	0.521636018681	0.397548161121	0.0182428488033	0.0625729713953
ṯou-	0.264633140973	0.296784830998	0.370981038747	0.0676009892828
a'e-	0.435233160622	0.483937823834	0.0559585492228	0.0248704663213
pam-	0.276319425256	0.54628350373	0.0348162475822	0.142580823432
mag-	0.0326086956522	0.963137996219	0.0	0.00425330812854
ika-	0.335327894747	0.509505138164	0.0961663538549	0.0590006132347
hob-	0.366834349446	0.518727807879	0.0479462898166	0.0664915528589
ehi-	0.454365463148	0.0335693920389	0.0050939215835	0.50697122323
'an-	0.0837498343185	0.620990945869	0.022497504513	0.2727617153
eai-	0.370020964361	0.446540880503	0.170859538784	0.0125786163522
adi-	0.0	1.0	0.0	0.0
'ae-	0.227848838476	0.634656172788	0.109210305339	0.0282846833971
dru-	0.0	0.968253968254	0.031746031746	0.0
tim-	0.279616058257	0.471522970296	0.143418787523	0.105442183923
iot-	0.0	1.0	0.0	0.0
hal-	0.0714285714286	0.915178571429	0.0	0.0133928571428
leb-	0.0276752767527	0.941420664207	0.0115313653137	0.019372693727
opa-	0.419161676647	0.550898203593	0.0	0.0299401197604
tou-	0.28406743702	0.579645873542	0.0738903737914	0.0623963156461
roi-	0.0461174615687	0.934962554198	0.0189199842333	0.0
ano-	0.743523316062	0.0777202072539	0.0155440414508	0.163212435233
iut-	0.26137463698	0.665053242982	0.0619554695063	0.0116166505324
ṯet-	0.535947712418	0.234606123151	0.0206398348813	0.208806329549
aur-	0.00550206327373	0.98211829436	0.00687757909216	0.00550206327374
sun-	0.0810810810811	0.918918918919	0.0	0.0
ebu-	0.678745470449	0.235036861177	0.0464825690366	0.0397350993377
las-	0.0389369592089	0.918417799753	0.00185414091471	0.0407911001236
pem-	0.547515251175	0.0825224249002	0.0246399980674	0.345322325857
eti-	0.846548964908	0.022224242866	0.00305055378502	0.128176238441
200-	0.117359413203	0.437652811736	0.112469437653	0.332518337408
hoe-	0.182001410864	0.633880882798	0.146024387786	0.0380933185529
i'u-	0.600513259196	0.291702309666	0.0307955517536	0.076988879384
sea-	0.0	1.0	0.0	0.0
reb-	0.0785340314135	0.82722513089	0.0314136125654	0.0628272251309
bar-	0.152258421083	0.20413142898	0.0418691019562	0.601741047981
hot-	0.119828378793	0.830983757279	0.0317192767392	0.0174685871897
ṯep-	0.348462664714	0.610541727672	0.0409956076135	0.0
ṉam-	0.0520231213873	0.774566473988	0.0693641618497	0.104046242775
pis-	0.0478087649402	0.95219123506	0.0	0.0
hua-	0.118514430836	0.787999620241	0.034652995348	0.0588329535745
amo-	0.0	1.0	0.0	0.0
ten-	0.534758081402	0.185590196525	0.126562876845	0.153088845229
tiw-	0.427929119281	0.329806929384	0.128537423962	0.113726527374
pet-	0.0544281364785	0.846838972322	0.0201301559057	0.0786027352933
apo-	0.00322754168907	0.987089833244	0.0	0.00968262506723
pum-	0.439950194071	0.314582396023	0.0542559994248	0.191211410482
rit-	0.295454545455	0.272727272727	0.431818181818	0.0
eaw-	0.631578947368	0.342105263158	0.0263157894737	0.0
heb-	0.00844178684488	0.967639817095	0.0239183960605	0.0
obe-	0.558442705677	0.14751060186	0.0671995743674	0.226847118096
e'i-	0.846900246948	0.0505610167726	0.0283797012309	0.0741590350487
rab-	0.0453266057828	0.839321970522	0.0276109253536	0.0877404983418
tu'-	0.735197442478	0.136836417668	0.0445465051706	0.0834196346826
awa-	0.224340586202	0.632508754031	0.0724062209436	0.0707444388235
ere-	0.728700700454	0.184843881851	0.0375157277439	0.0489396899516
ima-	0.158333295574	0.488951962244	0.0151002067802	0.337614535401
'im-	0.249893747906	0.470514079168	0.14887215764	0.130720015286
ebi-	0.307972112761	0.337678084268	0.256138223704	0.0982115792664
kao-	0.463931414574	0.31157379057	0.0769136558481	0.147581139008
nuh-	0.507260111694	0.32546962261	0.0559147063801	0.111355559316
neh-	0.621727476007	0.227175085531	0.0266547223881	0.124442716073
toa-	0.574529005422	0.150870997029	0.0409501065825	0.233649890966
rub-	0.0209497206704	0.867318435754	0.104748603352	0.00698324022346
bau-	0.0692375849121	0.84964769419	0.0457786591283	0.0353360617695
mik-	0.25211152946	0.625114480513	0.0807723618602	0.0420016281673
fes-	0.0053715308863	0.994628469114	0.0	0.0
oah-	0.412946428571	0.422433035714	0.164620535714	0.0
ṯek-	0.18823638772	0.607840858916	0.144663149822	0.0592596035416
ewa-	0.674934117352	0.136390527241	0.0559688782919	0.132706477116
kot-	0.412757098372	0.281446501978	0.230756723703	0.0750396759473
ihi-	0.303089968129	0.594968757247	0.0409552619554	0.0609860126679
dav-	0.00502512562814	0.98458961474	0.00100502512563	0.00938023450586
na'-	0.594087635369	0.0986736794764	0.11401186564	0.193226819514
uah-	0.069120329616	0.695068746439	0.0536490237459	0.182161900199
keo-	0.652603586612	0.166280221189	0.0390196464342	0.142096545765
tan-	0.578587699317	0.218109339408	0.0569476082005	0.146355353075
'un-	0.20253164557	0.591008293322	0.167612396333	0.0388476647752
aug-	0.0679886685552	0.915014164306	0.0169971671388	0.0
hub-	0.459006293183	0.497865598733	0.0369669497866	0.00616115829774
ṯeb-	0.19112827753	0.672042785977	0.0999540108637	0.0368749256294
ema-	0.41150852788	0.0543294662654	0.0380123743801	0.496149631474
nea-	0.0	1.0	0.0	0.0
eom-	0.769230769231	0.230769230769	0.0	0.0
mos-	0.0534397825717	0.87344997452	0.00611516901646	0.0669950738916
niw-	0.365204703649	0.167672279026	0.0881657054034	0.378957311922
pob-	0.532500578302	0.256303492945	0.106407587324	0.104788341429
rem-	0.200445434298	0.708240534521	0.0512249443207	0.0400890868597
inu-	0.30828119982	0.519939223947	0.142114025145	0.0296655510881
rop-	0.36520683484	0.578239880539	0.000598447456313	0.0559548371653
mau-	0.174065780571	0.671127611561	0.0368566026279	0.11795000524
'ua-	0.255202075849	0.157699188809	0.130592129318	0.456506606024
ṯap-	0.383933197666	0.341678618898	0.17030990696	0.104078276476
sab-	0.020202020202	0.979797979798	0.0	0.0
abu-	0.29745063905	0.169677853589	0.0568900171925	0.475981490169
bon-	0.253433208489	0.746566791511	0.0	0.0
bel-	0.0569105691057	0.936991869919	0.0060975609756	0.0
boa-	0.182256235828	0.681866496599	0.0912344104309	0.0446428571428
aru-	0.04696676827	0.905242485069	0.0355611726514	0.0122295740094
ton-	0.613235111271	0.295994813139	0.0365228706516	0.0542472049384
ALL	0.233640550577	0.276265628077	0.050952450278	0.439141371067
iu'-	0.306818181818	0.522727272727	0.0340909090909	0.136363636364
ant-	0.0899492152755	0.870073355713	0.00867931024589	0.0312981187655
ori-	0.419601328904	0.416279069767	0.0970099667774	0.0671096345515
nak-	0.456493895117	0.340175198509	0.0360231920741	0.1673077143
tip-	0.29541255345	0.599271498707	0.0582009185451	0.0471150292985
tak-	0.326289164491	0.510607049608	0.0482212793734	0.114882506527
peb-	0.502856733045	0.305897540102	0.0621548612273	0.129090865626
hia-	0.0789613843027	0.680993613183	0.0428199582504	0.197225044264
pih-	0.124797177774	0.826508665104	0.0229633872763	0.0257307698455
poe-	0.114892410996	0.692384835074	0.0204931435174	0.172229610412
sar-	0.0493962678376	0.914379802415	0.006586169045	0.0296377607025
lao-	0.0	1.0	0.0	0.0
olu-	0.0	1.0	0.0	0.0
kio-	0.043795620438	0.868613138686	0.043795620438	0.043795620438
fel-	0.0831733845169	0.9072296865	0.00191938579655	0.00767754318619
iuh-	0.0693086953112	0.83006466055	0.0291934897448	0.071433154394
ske-	0.0	1.0	0.0	0.0
kah-	0.419189062784	0.230394923594	0.0926931878398	0.257722825782
