-мах	0.101553466392	0.838997536574	0.0405962495601	0.0188527474737
-дов	0.0391433338186	0.920519938039	0.0182589331532	0.0220777949892
-был	0.864500169705	0.0109061966892	0.00193864226863	0.122654991337
-цех	0.086402745553	0.752513534416	0.033594354215	0.127489365816
-мас	0.0356525894071	0.964347410593	0.0	0.0
-быи	0.142259414226	0.280334728034	0.0251046025105	0.55230125523
-дой	0.138675922841	0.586217731223	0.169817357795	0.105288988141
-маю	0.736798128342	0.11331499383	0.0775143973673	0.0723724804607
-дол	0.0564516129032	0.854011579818	0.0572787427626	0.0322580645161
-док	0.133715057975	0.733662596379	0.0865188665729	0.0461034790734
-дон	0.029941949282	0.932172318973	0.00458295142071	0.0333027803239
-сса	0.0457610459668	0.864956913301	0.0777617774121	0.0115202633203
-маш	0.0	1.0	0.0	0.0
-тув	0.0	1.0	0.0	0.0
-бым	0.108112778274	0.180413558736	0.65625089998	0.0552227630101
-туд	0.175398633257	0.469248291572	0.355353075171	0.0
-туи	0.0571428571427	0.942857142857	0.0	0.0
-дое	0.0787128578393	0.155339478241	0.380493184319	0.385454479601
-тук	0.0471590909091	0.526704545454	0.405681818182	0.0204545454545
-тул	0.150684931507	0.849315068493	0.0	0.0
-воё	0.124266090892	0.103788214831	0.0658079729283	0.706137721348
-туп	0.253935064181	0.581692513214	0.0348492768775	0.129523145728
-аод	0.0	1.0	0.0	0.0
-бый	0.106656286493	0.350330868042	0.491630984819	0.0513818606462
-опо	0.461538461538	0.461538461539	0.076923076923	0.0
-аон	0.0610583446404	0.904115784713	0.0131162369968	0.0217096336499
-мар	0.0	1.0	0.0	0.0
-аои	0.0	1.0	0.0	0.0
-аол	0.0	1.0	0.0	0.0
-мая	0.565392067075	0.230663297337	0.114570399257	0.0893742363316
-баю	0.699115044248	0.247787610619	0.0	0.0530973451328
-цим	0.0	1.0	0.0	0.0
-бые	0.362816602573	0.392520885824	0.155814878663	0.0888476329399
-гра	0.0	1.0	0.0	0.0
-идо	0.0	1.0	0.0	0.0
-ций	0.02023618519	0.97789196768	0.00187184713008	0.0
-дом	0.0937357982573	0.792867702773	0.0193232371548	0.0940732618145
-аоф	0.0248699403629	0.96028422789	0.00228397411496	0.0125618576323
-бке	0.0328467153285	0.813868613139	0.0	0.153284671533
-тур	0.0	1.0	0.0	0.0
-тут	0.289223374606	0.159380755893	0.0311348257546	0.520261043746
-дян	0.0	1.0	0.0	0.0
-гфе	0.0	1.0	0.0	0.0
-тух	0.0109805090326	0.988502761131	0.000516729836827	0.0
-туч	0.0	0.333333333333	0.666666666667	0.0
-туш	0.0	0.933333333333	0.0666666666667	0.0
-иди	0.724755416569	0.202353084852	0.00366438240135	0.0692271161768
-тую	0.192127543532	0.323306264315	0.442417837858	0.0421483542946
-туя	0.601602330663	0.219227967953	0.0655498907502	0.113619810634
-дос	0.0	1.0	0.0	0.0
-дор	0.107033639144	0.82874617737	0.045871559633	0.0183486238532
-сся	0.590196933476	0.186997251186	0.0256192619472	0.197186553392
-циц	0.0	1.0	0.0	0.0
-дох	0.645188606234	0.0498414461319	0.00729950850813	0.297670439126
-мав	0.639671361502	0.214788732394	0.0328638497653	0.112676056338
-ссы	0.0264400377714	0.955933270381	0.0176266918477	0.0
-быч	0.114285714286	0.809523809524	0.0285714285714	0.047619047619
-йти	0.840939494138	0.0522586019308	0.0142440311131	0.092557872818
-ман	0.0893145378241	0.853653287421	0.0521898202948	0.00484235446034
-цию	0.0907151084842	0.849141756519	0.0241705534679	0.0359725815284
-мал	0.568913192585	0.154287754508	0.131728537738	0.145070515169
-быт	0.884086444008	0.0569744597249	0.0589390962672	0.0
-май	0.585945350232	0.242844640368	0.0951995073093	0.0760105020907
-жом	0.232793522267	0.450067476383	0.0377867746289	0.279352226721
-юща	0.665548387097	0.192	0.0301935483871	0.112258064516
-юще	0.610589991241	0.131207007299	0.0528064467153	0.205396554745
-ыее	0.125	0.625	0.25	0.0
-ющи	0.581136496778	0.125170865065	0.0300722515134	0.263620386643
-кра	0.0	1.0	0.0	0.0
-ача	0.502384801804	0.344208074378	0.0992911138823	0.0541160099358
-аче	0.0879103458746	0.0528259349643	0.102191575123	0.757072144038
-ачи	0.11448196909	0.385136424346	0.500381606564	0.0
-усь	0.577349070551	0.154747865777	0.103520684212	0.164382379461
-щей	0.324279869843	0.437276007727	0.159825989321	0.0786181331094
-щеи	0.394812680115	0.397694524496	0.0	0.207492795389
-щен	0.619221746498	0.151986193893	0.161747249271	0.0670448103383
-щем	0.385487986124	0.378809274605	0.116752160695	0.118950578575
-щее	0.395572750505	0.266928950281	0.22799761475	0.109500684464
-тун	0.0967741935484	0.838709677419	0.0322580645161	0.0322580645161
-юму	0.0	1.0	0.0	0.0
-суа	0.0	1.0	0.0	0.0
-ла́	0.0540540540541	0.837837837838	0.108108108108	0.0
-юмы	0.173076923077	0.0769230769231	0.692307692308	0.0576923076923
-тца	0.00331042649385	0.986202344537	0.0015920371688	0.00889519180026
-щею	0.323174784012	0.481565872338	0.118991107313	0.0762682363366
-щер	0.201257861635	0.752920035939	0.0134770889488	0.0323450134771
-жое	0.273913043478	0.628260869565	0.0391304347826	0.0586956521739
-щет	0.721220591224	0.127798495874	0.0318695700334	0.119111342868
-щех	0.066411238825	0.761174968072	0.145593869732	0.0268199233717
-ачу	0.703131028343	0.164801899392	0.0368007122718	0.0952663599941
-кру	0.0588235294118	0.941176470588	0.0	0.0
-кры	0.586937400381	0.366604651659	0.0223893725112	0.0240685754495
-ачя	0.835880933226	0.139983909895	0.00965406275141	0.0144810941271
-ачь	0.481508744321	0.494885397365	0.00609183440364	0.0175140239105
-еая	0.0	1.0	0.0	0.0
-ющу	0.5745411771	0.228963655077	0.0637606769058	0.132734490917
-опе	0.918367346939	0.0612244897959	0.0204081632653	0.0
-ющя	0.526746087363	0.349451062836	0.0280308339173	0.0957720158841
-ющь	0.76271428164	0.19655437976	0.0107818249237	0.0299495136769
-ойв	0.231254379818	0.187105816398	0.042046250876	0.539593552908
-сло	0.242164651954	0.639921260096	0.0576173435831	0.0602967443673
-пяв	0.82391782832	0.15407190022	0.004402054292	0.017608217168
-сли	0.0744484557785	0.0433816133191	0.00421778025262	0.87795215065
-пяй	0.297520661157	0.661157024793	0.0	0.0413223140496
-брю	0.374596340151	0.625403659849	0.0	0.0
-сле	0.132131850531	0.0655289677003	0.0126627387557	0.789676443013
-еих	0.204488778055	0.30174563591	0.288279301746	0.205486284289
-еир	0.0	1.0	0.0	0.0
-сла	0.474198387271	0.416356513625	0.0612107930196	0.0482343060853
-вма	0.0	1.0	0.0	0.0
-фан	0.0415982484948	0.920634920635	0.0114942528736	0.0262725779967
-фам	0.00531914893617	0.936170212766	0.0372340425532	0.0212765957447
-фал	0.0	1.0	0.0	0.0
-тиу	0.43661971831	0.281690140845	0.105633802817	0.176056338028
-фай	0.00980392156863	0.990196078431	0.0	0.0
-фаи	0.0	1.0	0.0	0.0
-фаз	0.047619047619	0.952380952381	0.0	0.0
-фае	0.0	1.0	0.0	0.0
-ьфа	0.00717102904267	0.962352097526	0.0304768734313	0.0
-дле	0.0897155361051	0.169037199125	0.14715536105	0.59409190372
-пам	0.0991584339553	0.830589096231	0.0307354555433	0.03951701427
-ёзд	0.00430416068866	0.995695839311	0.0	0.0
-риг	0.526864474739	0.388933440257	0.0441058540497	0.0400962309543
-низ	0.13278132482	0.0530726256983	0.00359138068636	0.810554668795
-еян	0.260654490107	0.627473363775	0.0890410958904	0.0228310502283
-ние	0.220800396771	0.652373744905	0.0733263855869	0.0534994727372
-еял	0.68882885173	0.272995988874	0.0240844908057	0.01409066859
-ниг	0.154627539503	0.831828442438	0.0	0.0135440180587
-рие	0.0769071820833	0.618786111089	0.183267502205	0.121039204622
-дых	0.122539692205	0.156713805124	0.662140562922	0.05860593975
-рил	0.84080493092	0.0838006396709	0.014363017842	0.0610314115667
-рик	0.365407616035	0.562483120491	0.0388903892897	0.033218874185
-ним	0.0553860418218	0.126875569565	0.0171813308242	0.800557057789
-рии	0.0351632299938	0.915452233684	0.0292226843123	0.0201618520101
-ник	0.0738407297006	0.764224603777	0.130111458854	0.0318232076679
-нил	0.718693972771	0.1413190346	0.0518992994623	0.0880876931659
-нии	0.235185925103	0.603493016373	0.0848828127276	0.0764382457962
-рим	0.589504987123	0.24167271382	0.0105291615088	0.158293137548
-ниц	0.142561265607	0.57433770875	0.022922429236	0.260178596407
-рит	0.834931366711	0.0752106918529	0.0152153669357	0.0746425744999
-рис	0.0344827586207	0.965517241379	0.0	0.0
-них	0.0436337199079	0.0775240159883	0.0329769976617	0.845865266442
-нит	0.663674747981	0.201939248069	0.0632392689667	0.0711467349827
-риц	0.184615384615	0.261538461538	0.553846153846	0.0
-рих	0.486117364551	0.0522287257992	0.0126069338136	0.449046975837
-дые	0.119254075449	0.188501009936	0.630261359231	0.0619835553832
-нию	0.246682606725	0.641610237238	0.058496668094	0.0532104879438
-ния	0.213464724065	0.675450643054	0.0610425183603	0.0500421145206
-еях	0.17232777713	0.750646928546	0.0359016202355	0.0411236740879
-дый	0.157007381152	0.176754614369	0.0225159756048	0.643722028874
-рия	0.0301569173569	0.924840633212	0.0235629067511	0.0214395426801
-рию	0.0357008136245	0.918855967176	0.0130375756085	0.0324056435906
-дым	0.0740574793574	0.698896315871	0.0700889713883	0.156957233383
-нищ	0.0495578005776	0.0171036218773	0.933338577545	0.0
-ёзы	0.651183172656	0.348816827344	0.0	0.0
-жею	0.568430203676	0.28564331843	0.108668653751	0.0372578241431
-евы	0.0301510761368	0.940018603856	0.011226464519	0.0186038554887
-фая	0.0	1.0	0.0	0.0
-фаю	0.0	0.904761904762	0.0	0.095238095238
-ояю	0.0	0.454545454545	0.0	0.545454545455
-фах	0.0899742930591	0.910025706941	0.0	0.0
-фаф	0.0	1.0	0.0	0.0
-фат	0.0	1.0	0.0	0.0
-фар	0.0	0.98224852071	0.01775147929	0.0
-сля	0.00956937799044	0.99043062201	0.0	0.0
-слю	0.971928920937	0.0157095029616	0.0	0.012361576101
-лжа	0.109004739336	0.85308056872	0.0379146919431	0.0
-сль	0.213531752898	0.587471880948	0.115937013324	0.0830593528292
-пях	0.159123213885	0.820677788584	0.0157103314132	0.00448866611805
-еил	0.0	1.0	0.0	0.0
-еии	0.0	1.0	0.0	0.0
-иял	0.621818078968	0.287815363729	0.0427084511823	0.0476581061206
-щью	0.194383952397	0.232509278287	0.115633530657	0.457473238659
-еиз	0.505681818182	0.255681818182	0.204545454545	0.0340909090909
-лжи	0.180796093625	0.723443606271	0.0771582147796	0.0186020853242
-сше	0.706268221574	0.117346938775	0.115160349854	0.0612244897959
-слу	0.179120879121	0.692307692308	0.0161172161172	0.112454212454
-оят	0.817409270781	0.0889724164497	0.0306419041171	0.0629764086521
-раб	0.0290799361227	0.90989131901	0.0276454998117	0.0333832450557
-яно	0.452109084474	0.367125704821	0.157630400658	0.0231348100468
-ияй	0.33018133274	0.635554566693	0.0	0.0342641005673
-ойс	1.0	0.0	0.0	0.0
-вих	0.769414478436	0.0870593443463	0.0856264125445	0.057899764673
-хрь	0.031746031746	0.603174603175	0.365079365079	0.0
-ежд	0.103869756212	0.722427148654	0.173703095134	0.0
-еже	0.133398981208	0.0541755202554	0.0117599946481	0.800665503889
-пая	0.563258676697	0.160910696985	0.135350772212	0.140479854106
-ежа	0.503723111682	0.406851235221	0.0695532857422	0.0198723673549
-иям	0.170252581663	0.727234774013	0.0682325379874	0.0342801063364
-уфы	0.0179640718563	0.982035928144	0.0	0.0
-лхи	0.0	1.0	0.0	0.0
-ежи	0.12289352479	0.827038742888	0.0149552966676	0.0351124356543
-ыет	0.708427848543	0.211306927238	0.0628162624324	0.0174489617868
-уфу	0.0578034682081	0.942196531792	0.0	0.0
-дьи	0.135363790186	0.773265651438	0.0152284263959	0.0761421319798
-йдя	0.644920482203	0.0876702968139	0.0188301110688	0.248579109914
-иши	0.736841531515	0.123415484649	0.0244506350957	0.115292348741
-иша	0.775876889536	0.116687861816	0.0311290069062	0.0763062417418
-йду	0.70451301431	0.091738654767	0.0170885696903	0.186659761233
-ише	0.1	0.2	0.666666666667	0.0333333333333
-жым	0.467005076142	0.228426395939	0.0761421319797	0.228426395939
-ьею	0.261849096706	0.702444208289	0.0238044633369	0.0119022316684
-исо	0.0	0.511111111111	0.466666666667	0.0222222222222
-тбы	0.0	1.0	0.0	0.0
-ьзя	0.251368613139	0.13079379562	0.189461678832	0.428375912409
-пло	0.344827586207	0.0862068965517	0.241379310345	0.327586206897
-риа	0.00736497545008	0.99263502455	0.0	0.0
-жек	0.133136094675	0.837278106509	0.0	0.0295857988165
-ьзы	0.320528122654	0.39670723154	0.215580356594	0.0671842892124
-исп	0.0403225806452	0.927419354839	0.0322580645161	0.0
-жеи	0.3	0.7	0.0	0.0
-йди	0.652019043914	0.214999996932	0.0151085440512	0.117872415103
-ишь	0.600207151439	0.108933958353	0.0309223798383	0.259936510369
-ишу	0.884222067619	0.0610921340383	0.0121494965263	0.0425363018168
-йде	0.65998917163	0.179209528966	0.0319436924743	0.12885760693
-вуе	0.0	1.0	0.0	0.0
-уфи	0.0338983050847	0.966101694915	0.0	0.0
-ежу	0.5973631317	0.229278330781	0.0581450995405	0.115213437979
-таи	0.322314049587	0.553719008264	0.0495867768595	0.0743801652893
-уфе	0.206666666667	0.78	0.0133333333333	0.0
-ежя	0.520408163265	0.190476190476	0.0680272108843	0.221088435374
-уфа	0.0034965034965	0.984848484848	0.00699300699301	0.00466200466201
-мык	0.23273657289	0.76726342711	0.0	0.0
-вуй	0.340058504772	0.432563115967	0.146622081579	0.0807562976824
-фки	0.0	1.0	0.0	0.0
-гар	0.0	1.0	0.0	0.0
-гас	0.9	0.0999999999999	0.0	0.0
-гат	0.00931401537552	0.102897693672	0.878917800118	0.00887049083382
-вул	0.211633663366	0.77103960396	0.009900990099	0.00742574257426
-гах	0.0653923909866	0.890844188025	0.0187421118889	0.0250213090995
-йку	0.376470588235	0.463529411765	0.16	0.0
-вёт	0.66764062146	0.207565008684	0.0329558774848	0.091838492371
-бре	0.0400343642612	0.0730240549828	0.200515463918	0.686426116839
-вшь	0.551724137931	0.275862068965	0.172413793103	0.0
-гаю	0.589639416991	0.225066004412	0.08511253903	0.100182039566
-гая	0.25888080183	0.202292502119	0.377635140782	0.161191555268
-ужи	0.145824953403	0.474792224935	0.15751814314	0.221864678522
-ужа	0.0842553402143	0.86614192718	0.013068983441	0.0365337491646
-ужб	0.0	0.982142857143	0.0178571428571	0.0
-666	0.0	0.0350877192982	0.0	0.964912280702
-ужд	0.258398950131	0.400918635171	0.119553805774	0.221128608924
-уже	0.402384605759	0.0455719156901	0.0605169219907	0.49152655656
-тту	0.0	1.0	0.0	0.0
-яих	0.5	0.0	0.5	0.0
-яиц	1.0	0.0	0.0	0.0
-имс	0.4	0.422222222222	0.0444444444444	0.133333333333
-мте	0.783529108042	0.154511423777	0.00193623338066	0.0600232348005
-ипа	0.11521395023	0.86610270649	0.0186833432805	0.0
-нта	0.0976859457145	0.776588624153	0.0217079879366	0.104017442196
-пку	0.119776832742	0.841442003823	0.0	0.0387811634349
-сцы	0.182245811742	0.801026311818	0.0167278764401	0.0
-нте	0.0924242424242	0.882575757576	0.0	0.025
-яжи	0.526178010471	0.403141361257	0.0235602094242	0.0471204188482
-ьбу	0.416628213132	0.476154284629	0.0323009690291	0.0749165332103
-яже	0.150884071678	0.193046847761	0.00743250719764	0.648636573364
-чён	0.708496947462	0.179146722463	0.0235747656855	0.0887815643899
-яжа	0.837696335079	0.162303664921	0.0	0.0
-ьбы	0.155744213034	0.694985647102	0.0837964942283	0.0654736456361
-цпа	0.0	1.0	0.0	0.0
-ьбе	0.184395128259	0.700048650874	0.0622897512984	0.0532664695683
-пка	0.0378181818182	0.224727272727	0.676363636364	0.0610909090909
-нту	0.351754055074	0.481610712938	0.00820445115051	0.158430780837
-ьба	0.279223300971	0.60427184466	0.0256310679611	0.0908737864077
-яжы	0.0300493668169	0.969950633183	0.0	0.0
-́ли	0.545454545455	0.379446640316	0.0	0.0750988142292
-сца	0.0871369294605	0.854771784232	0.0248962655602	0.0331950207469
-имы	0.494083850949	0.313936266469	0.132960279234	0.059019603349
-пки	0.312385464095	0.503872966693	0.106707317073	0.0770342521396
-нты	0.0297265160523	0.833531510107	0.136741973841	0.0
-пко	0.448274836407	0.189440809042	0.115903232203	0.246381122348
-сце	0.0424904101505	0.939805252287	0.0141634700501	0.00354086751254
-ийц	0.14079477631	0.787787583533	0.0438708360965	0.0275468040606
-бше	0.936507936508	0.0	0.015873015873	0.0476190476191
-бам	0.0539942207308	0.906273303505	0.0213227069351	0.0184097688292
-фке	0.0	1.0	0.0	0.0
-дьв	0.166666666667	0.833333333333	0.0	0.0
-утк	0.515463917526	0.113402061856	0.288659793814	0.0824742268041
-мты	0.25	0.25	0.0	0.5
-яим	0.615384615385	0.230769230769	0.0	0.153846153846
-яин	0.0639945962301	0.780702211249	0.00430611968739	0.150997072834
-тто	0.725527831094	0.0729366602687	0.0	0.201535508637
-пня	0.2	0.0	0.8	0.0
-ужы	0.080090722234	0.8539939046	0.0014175349068	0.0644978382593
-ужя	0.228033472803	0.502092050209	0.0502092050209	0.219665271967
-айи	0.0	0.961165048544	0.0	0.0388349514563
-ужу	0.345472847409	0.507997483217	0.0470194485532	0.0995102208203
-йты	0.00743678730788	0.933068914229	0.0	0.0594942984631
-айн	0.161616161616	0.747474747475	0.0631313131312	0.0277777777778
-зур	0.0	1.0	0.0	0.0
-вша	0.571828358209	0.174307036247	0.061433901919	0.192430703625
-гав	0.0415759255593	0.927737081766	0.00395961195802	0.0267273807167
-пер	0.903474903475	0.04158004158	0.046035046035	0.00891000891001
-йка	0.407643312102	0.414012738854	0.178343949045	0.0
-гае	0.0	1.0	0.0	0.0
-гаи	0.333333333333	0.666666666667	0.0	0.0
-вши	0.508076708841	0.156839341131	0.0408211983767	0.294262751651
-йко	0.55822689707	0.14969947408	0.132419233659	0.159654395192
-гал	0.641552561354	0.233934117853	0.0517848549805	0.0727284658121
-гам	0.0703339596223	0.831766256704	0.0118671105229	0.0860326731507
-ган	0.117249485748	0.692330296797	0.0775786071114	0.112841610344
-дед	0.666666666667	0.333333333333	0.0	0.0
-дуи	0.36013400335	0.556113902848	0.0837520938023	0.0
-и́т	0.557077625571	0.442922374429	0.0	0.0
-зки	0.113287512138	0.390632675209	0.307362488814	0.188717323839
-зко	0.084558489606	0.109061004969	0.0165273411503	0.789853164274
-ьку	0.275856293443	0.14088016079	0.085838706976	0.497424838791
-пие	0.0677816901408	0.845950704225	0.0704225352113	0.0158450704225
-зка	0.367346938775	0.397174254317	0.0470957613815	0.188383045526
-тик	0.0	1.0	0.0	0.0
-зке	0.0	1.0	0.0	0.0
-чим	0.321733378298	0.358232379569	0.106150613505	0.213883628628
-чин	0.0325154115798	0.870905354769	0.0107578871026	0.085821346549
-ынь	0.138457619614	0.68237718347	0.130419817726	0.0487453791899
-чии	0.0807468412158	0.508485612625	0.349994025075	0.0607735210842
-чий	0.117696924082	0.499942561746	0.317772188001	0.06458832617
-чик	0.286832360408	0.582995100338	0.042636223002	0.0875363162519
-чил	0.779665868071	0.140634651871	0.0192067523334	0.0604927277247
-чие	0.136372941448	0.64907160995	0.142340074306	0.072215374296
-дуй	0.865738407258	0.0965221774194	0.0163810483871	0.0213583669355
-чив	0.646827904346	0.152464838527	0.0489315960096	0.151775661118
-быя	0.235741444867	0.0988593155893	0.254752851711	0.410646387833
-йша	0.140176838473	0.15462583567	0.427000215657	0.278197110201
-ацы	0.107485107485	0.574721574722	0.108003108003	0.20979020979
-йше	0.205816791047	0.157675725531	0.377330783585	0.259176699837
-циз	0.163636363636	0.618181818182	0.145454545455	0.0727272727272
-йши	0.200314012822	0.162501635483	0.517466963234	0.11971738846
-ацу	0.0	1.0	0.0	0.0
-жно	0.292288489151	0.116875371091	0.177225893594	0.413610246164
-мад	0.0	1.0	0.0	0.0
-жни	0.375988700565	0.160451977401	0.0525423728814	0.411016949152
-ойя	1.0	0.0	0.0	0.0
-жне	0.369565217391	0.630434782609	0.0	0.0
-жна	0.309849179235	0.122531455712	0.0974085492876	0.470210815765
-ием	0.232986078799	0.606454263088	0.0815014683817	0.0790581897307
-жны	0.204748662942	0.0966986163456	0.0513284504343	0.647224270279
-зуб	0.0	1.0	0.0	0.0
-жну	0.69343231261	0.18589545314	0.0894937622435	0.0311784720074
-чно	0.181940447812	0.191087957919	0.135618527936	0.491353066333
-уее	0.0255319148936	0.689361702128	0.285106382979	0.0
-йшу	0.0976933514247	0.0814111261873	0.766621438263	0.0542740841248
-аци	0.0	1.0	0.0	0.0
-аце	0.0630114566285	0.873158756138	0.0196399345335	0.0441898527004
-ямь	0.389261744966	0.295302013423	0.174496644295	0.140939597315
-ядя	0.556328233658	0.256189151599	0.0561891515994	0.131293463143
-жги	0.938461538462	0.0307692307692	0.0	0.0307692307692
-жой	0.0948379351741	0.433673469388	0.406962785114	0.0645258103241
-чию	0.0785779477596	0.173845017167	0.0244686861663	0.723108348907
-чия	0.0867331372289	0.758728628224	0.102530958653	0.0520072758947
-чищ	0.0	1.0	0.0	0.0
-чих	0.202036092671	0.486634247851	0.209995420661	0.101334238817
-вут	0.626353266654	0.238060255083	0.0492927714686	0.0862937067949
-чит	0.626440699331	0.136355663276	0.0335903968122	0.203613240582
--за	0.0897253278546	0.174928784028	0.0233527536807	0.711993134437
-пла	0.473895582329	0.518072289157	0.00803212851405	0.0
-рсы	0.0	1.0	0.0	0.0
-ссу	0.0481927710843	0.951807228916	0.0	0.0
-зку	0.420731707317	0.579268292683	0.0	0.0
-дою	0.0980298477699	0.832560429323	0.0397686377191	0.0296410851884
-шуй	0.0	1.0	0.0	0.0
-вёл	0.805361915521	0.0796480496698	0.0159351206385	0.0990549141708
-яся	0.486205456384	0.229241483955	0.169263601197	0.115289458463
-ясь	0.50916376471	0.274418814392	0.0993072578789	0.117110163018
-ясы	0.0491803278688	0.877049180328	0.0737704918033	0.0
-рлы	0.153238913397	0.756210819596	0.0208962154632	0.069654051544
-щие	0.427063590201	0.303144886853	0.126106406813	0.143685116133
-щик	0.100349603421	0.861666975579	0.0170753894957	0.0209080315048
-щил	0.856211812627	0.057433808554	0.016700610998	0.0696537678208
-щии	0.449656710768	0.205571844586	0.0784042016708	0.266367242974
-щий	0.477692477642	0.254470373846	0.178618204982	0.0892189435297
-юга	0.00256884661845	0.634367497974	0.0881970672334	0.274866588174
-яст	0.949388443695	0.0177140447069	0.00253057781527	0.0303669337832
-щим	0.48175790106	0.238396341582	0.154882477183	0.124963280175
-щин	0.00813508764992	0.978730135415	0.00169480992707	0.0114399670077
-кас	0.0	1.0	0.0	0.0
-кар	0.0	1.0	0.0	0.0
-кат	0.168831168831	0.619047619048	0.212121212121	0.0
-ках	0.109830771644	0.804629334402	0.0608297464646	0.0247101474892
-каф	0.0	1.0	0.0	0.0
-кач	0.0	1.0	0.0	0.0
-кая	0.136077015199	0.315533221589	0.251137479987	0.297252283226
-каю	0.609561752988	0.306772908366	0.0358565737052	0.0478087649403
-кои	0.482654600302	0.426847662142	0.0542986425339	0.0361990950226
-прь	0.420289855072	0.405797101449	0.115942028986	0.0579710144928
-прю	0.625	0.375	0.0	0.0
-пря	0.386714921209	0.485033551987	0.060167382945	0.0680841438589
-сию	0.0640941248207	0.280829274039	0.0111558422661	0.643920758874
-сия	0.0485167570712	0.341894689288	0.00527574672703	0.604312806914
-рьи	1.0	0.0	0.0	0.0
-оих	0.036093106178	0.0667437569969	0.0716230468664	0.825540089959
-рье	0.0	0.928934010152	0.0507614213198	0.0203045685279
-вуя	0.471484643212	0.298137919019	0.136760983408	0.09361645436
-сиц	0.0	0.984466019417	0.0	0.0155339805825
-сиф	0.0497782956274	0.888468136065	0.00970968055151	0.0520438877561
-сих	0.0434176811593	0.481468287058	0.0116523980436	0.463461633739
-оин	0.129471539247	0.116277179837	0.648902867792	0.105348413124
-оим	0.0567029134538	0.0671806914575	0.0646107693255	0.811505625763
-про	0.414629663665	0.168718985481	0.031428046315	0.38522330454
-сий	0.0740425833422	0.876359513941	0.0357813441032	0.0138165586141
-при	0.120705373655	0.102129405329	0.0215024354666	0.755662785549
-жою	0.25223880597	0.532835820896	0.107462686567	0.107462686567
-оил	0.778188483396	0.164570433437	0.0406346749226	0.0166064082446
-оик	0.0251256281407	0.43216080402	0.527638190955	0.0150753768844
-сив	0.723203111357	0.182160995983	0.0451405058502	0.0494953868095
-пре	0.453074433657	0.320388349515	0.0323624595469	0.194174757282
-сиа	0.055568622839	0.87754322004	0.0267552628484	0.0401328942726
-геш	0.0280373831776	0.943925233645	0.0280373831776	0.0
-пра	0.00776866637894	0.979715148899	0.0125161847216	0.0
-сие	0.0845060117671	0.101633666481	0.00718719601153	0.80667312574
-дуг	0.179451090781	0.78536242083	0.0351864883885	0.0
-зеи	0.0	1.0	0.0	0.0
-ёда	0.0	0.925925925926	0.0740740740741	0.0
-ыих	0.36	0.4	0.08	0.16
-вис	0.0	0.93023255814	0.0697674418604	0.0
-кав	0.414651244304	0.154924640729	0.304241149667	0.1261829653
-кае	0.0	1.0	0.0	0.0
-кад	0.0	1.0	0.0	0.0
-каз	0.396262446978	0.429039500051	0.100314587838	0.0743834651322
-кай	0.214700854701	0.486495726496	0.283076923077	0.0157264957265
-кал	0.674579524251	0.143658311335	0.103910305976	0.0778518584376
-как	0.0877235075435	0.024450279862	0.00611571780641	0.881710494788
-кан	0.126830741356	0.809753887966	0.0465046051638	0.0169107655141
-кам	0.0758848697605	0.827654377923	0.0330937999992	0.0633669523175
-вых	0.05473403189	0.345565682285	0.546904236876	0.0527960489493
-щит	0.402290013455	0.570416540817	0.00999478294297	0.0172986627859
-ясо	0.218855788761	0.717670954638	0.050778605281	0.0126946513202
-вва	0.0193634542622	0.910527487202	0.00133541063877	0.0687736478967
-щиц	0.8	0.2	0.0	0.0
-уще	0.63719832738	0.0936208248715	0.0435620913914	0.225618756357
-рли	0.834335017145	0.0217912318867	0.0783894399174	0.0654843110505
-щих	0.423812403203	0.373553719121	0.0727749612918	0.129858916385
-ясе	0.196535244922	0.73715651135	0.0143369175627	0.0519713261649
-вви	0.0107254580664	0.933710710562	0.00268136451661	0.0528824668554
-щию	0.0637827597095	0.813703820651	0.0164193242817	0.106094095358
-щия	0.463736165854	0.318814438729	0.0954750929699	0.121974302447
-рла	0.517969976465	0.108728871336	0.329490926853	0.0438102253463
-яса	0.115180965916	0.869003140257	0.00825177069246	0.00756412313475
-оуз	0.368421052632	0.561403508772	0.0526315789474	0.0175438596491
-вык	0.759295499022	0.0978473581213	0.0332681017612	0.109589041096
-жел	0.0	0.0384615384615	0.653846153846	0.307692307692
-ред	0.0635960816249	0.172571436754	0.0103898950053	0.753442586616
-хаз	0.00588812561334	0.994111874387	0.0	0.0
-рез	0.0590892439835	0.0311012673141	0.00279057149248	0.90701891721
-лся	0.667720621127	0.134917823224	0.064291754136	0.133069801513
-реб	0.184349495919	0.614018242919	0.178588574172	0.0230436869899
-рев	0.611769280408	0.232283203998	0.0166288862783	0.139318629316
-рег	0.252242962952	0.56393528844	0.028549430132	0.155272318475
-рем	0.155998864063	0.714334693521	0.0293647969734	0.100301645443
-рен	0.246216655839	0.279335127198	0.379974823833	0.094473393129
-хам	0.038633741057	0.916362797138	0.0318486037387	0.013154858066
-хан	0.00910010111224	0.973710819009	0.00404448938322	0.0131445904955
-хак	0.00182315405652	0.998176845943	0.0	0.0
-рей	0.0372097897606	0.833340356728	0.108878407984	0.0205714455268
-рек	0.532234217647	0.163323755591	0.108051812797	0.196390213965
-рел	0.653892462689	0.169829979467	0.0656619164043	0.11061564144
-вве	0.0	1.0	0.0	0.0
-езу	0.500142389292	0.479923109782	0.0	0.0199345009255
-езя	0.0345622119814	0.744239631337	0.00691244239632	0.214285714286
-езю	0.0	0.974248927039	0.0	0.0257510729614
-езь	0.0233333333333	0.45	0.0	0.526666666667
-езы	0.51582755502	0.447995176364	0.0108531805849	0.0253240880313
-огл	0.369515011547	0.131639722864	0.180138568129	0.31870669746
-ейи	0.311688311688	0.454545454545	0.0779220779221	0.155844155844
-дду	0.0	1.0	0.0	0.0
-лзе	0.426643447976	0.238136700044	0.161079669134	0.174140182847
-тим	0.339794114557	0.132466672662	0.0497293228423	0.478009889938
-лау	0.833333333334	0.166666666667	0.0	0.0
-гее	0.0	1.0	0.0	0.0
-кку	0.0	1.0	0.0	0.0
-сый	0.500428298875	0.0519799088891	0.03806019546	0.409531596776
-эла	0.0	1.0	0.0	0.0
-276	0.0	0.14	0.0	0.86
-ейц	0.285714285714	0.714285714286	0.0	0.0
-езе	0.184185226726	0.759734016985	0.00680980612081	0.0492709501682
-езд	0.00213219616205	0.997867803838	0.0	0.0
-езв	0.0260663507109	0.279620853081	0.654028436019	0.0402843601896
-еза	0.291387133169	0.476776983828	0.00827985296437	0.223556030038
-езо	0.131640235111	0.799600754131	0.028834423866	0.0399245868914
-рах	0.146273558126	0.734701272389	0.0668082287852	0.0522169406998
-ези	0.0631932773109	0.675294117647	0.0981512605042	0.163361344538
-реф	0.106043329533	0.842645381984	0.023945267959	0.0273660205245
-рех	0.0758984888312	0.622878118413	0.0351633447658	0.26606004799
-рец	0.0735979970217	0.762974357296	0.124022648055	0.0394049976272
-хах	0.0398268575463	0.872210226866	0.0535800169868	0.0343828986011
-рес	0.850295768239	0.0769604125588	0.0185651448506	0.0541786743516
-рет	0.674010432536	0.282523355075	0.0230663808955	0.0203998314932
-реу	0.0	1.0	0.0	0.0
-хаю	0.818181818182	0.0	0.0	0.181818181818
-хая	0.343759677919	0.253638897491	0.377825952307	0.0247754722824
-рею	0.0459903381642	0.708792270531	0.238260869565	0.00695652173912
-рея	0.0250830294726	0.965162459066	0.00836100982418	0.00139350163736
-пур	0.0944881889764	0.283464566929	0.622047244094	0.0
-фра	0.196721311476	0.754098360655	0.0491803278689	0.0
-жин	0.120094655886	0.780122263853	0.0962334845198	0.00354959574048
-юбо	0.498927038627	0.225321888412	0.0611587982832	0.214592274678
-тме	0.00843486410496	0.873945641987	0.116213683224	0.00140581068416
-цпы	0.0	1.0	0.0	0.0
-рух	0.0	0.94574227581	0.0542577241899	0.0
-рут	0.762956111447	0.176664665549	0.0237267327935	0.0366524902108
-гчу	0.457943925234	0.252336448598	0.14953271028	0.140186915888
-тьу	0.28	0.28	0.0	0.44
-рус	0.146400522859	0.800724288301	0.0135000482145	0.0393751406255
-рую	0.181855839232	0.0628573580424	0.104824441018	0.650462361707
-руя	0.795898797669	0.11079147304	0.0446263922697	0.0486833370214
-оею	0.110119398958	0.102509401825	0.118850869353	0.668520329865
-ахе	0.166623093682	0.600958605665	0.192679738562	0.0397385620915
-шши	0.5	0.338709677419	0.161290322581	0.0
-аха	0.0904629127291	0.662032072067	0.185051539888	0.0624534753151
-ахв	0.666666666667	0.333333333333	0.0	0.0
-ахм	0.0810460341474	0.818024637994	0.0337151502053	0.0672141776529
-шша	0.714876033058	0.0	0.285123966942	0.0
-ахи	0.0236503856041	0.919059860448	0.0132207124495	0.0440690414983
-иец	0.0554528650647	0.916820702403	0.0277264325323	0.0
-шше	0.192115354534	0.093772959752	0.295207307304	0.41890437841
-рар	0.0	1.0	0.0	0.0
-кти	0.0857142857143	0.514285714286	0.114285714286	0.285714285714
-цыи	0.0199833050869	0.0427912545637	0.0608774104335	0.876348029916
-кто	0.0349829208054	0.165139836802	0.00317194376058	0.796705298632
-лку	0.208498023715	0.751976284585	0.0276679841897	0.0118577075099
-кте	0.0482573726541	0.782841823056	0.0563002680965	0.112600536193
-иес	0.0	1.0	0.0	0.0
-сён	0.846214719071	0.0702980743867	0.0458981798998	0.0375890266421
-сём	0.061539114924	0.400259067357	0.017582604264	0.520619213455
-вею	0.740166865316	0.125148986889	0.0143027413587	0.120381406436
-вея	0.356968215159	0.442542787286	0.0977995110025	0.102689486553
-сёк	0.463223140496	0.0235537190083	0.0	0.513223140496
-вет	0.332655263125	0.52852740355	0.0771354230854	0.0616819102397
-вер	0.0	0.867346938776	0.102040816327	0.030612244898
-нку	0.130528013634	0.796455934506	0.0558445877208	0.0171714641387
-вец	0.02146579151	0.952940380151	0.0226724484292	0.00292137990965
-веф	0.0	1.0	0.0	0.0
-вех	0.0885515496521	0.854522454143	0.0126502213789	0.044275774826
-век	0.0398469138381	0.70762088628	0.0143851723904	0.238147027491
-вел	0.230966748549	0.68173039268	0.00511766171811	0.0821851970522
-веи	0.0333333333333	0.966666666667	0.0	0.0
-вей	0.0113993484593	0.938035651724	0.0135955532083	0.0369694466087
-убр	0.0	1.0	0.0	0.0
-вем	0.724321978991	0.0541796341816	0.0518604260649	0.169637960762
-вен	0.482528959502	0.216940649833	0.250364408193	0.050165982471
-нка	0.0360126140519	0.872433703827	0.0719041482294	0.0196495338919
-юти	0.969696969697	0.030303030303	0.0	0.0
-нке	0.230642252538	0.714891358097	0.0244335204631	0.0300328689025
-вед	0.610682309355	0.252238345168	0.0203766594628	0.116702686014
-сёт	0.586699954607	0.136511708633	0.0485968331954	0.228191503565
-лко	0.316384180791	0.468926553672	0.214689265537	0.0
-выя	0.19190336022	0.221173082559	0.519642697861	0.0672808593601
-ктя	0.0277469478357	0.797447280799	0.0545689974103	0.120236773955
-лки	0.165022943241	0.753001373916	0.0503641450151	0.0316115378286
-габ	0.0	1.0	0.0	0.0
-лке	0.209356975005	0.752189703055	0.0320444349498	0.00640888698996
-лка	0.0588991490675	0.676406486222	0.256069441148	0.00862492356287
-дыш	0.0	0.375	0.541666666667	0.0833333333333
-оем	0.0880706963974	0.0915243393336	0.095456855947	0.724948108322
-оен	0.645767327614	0.17241287245	0.107329749742	0.074490050194
-оек	0.595147839272	0.222896133434	0.0909780136467	0.0909780136467
-оел	0.724250681199	0.162397820163	0.0479564032697	0.0653950953678
-оеи	0.333333333333	0.0	0.666666666667	0.0
-аху	0.729102835349	0.120626743936	0.0390240795907	0.111246341124
-шув	0.0	1.0	0.0	0.0
-оев	0.141983884412	0.694637399278	0.112809113643	0.0505696026674
-руз	0.150666666667	0.640444444444	0.0302222222222	0.178666666667
-руд	0.181032967585	0.679363246039	0.0910186556858	0.0485851306902
-жжи	0.333333333333	0.666666666667	0.0	0.0
-руг	0.0601666659101	0.119041776488	0.0245424884856	0.796249069116
-руа	0.0	1.0	0.0	0.0
-руб	0.907798668993	0.0805711701234	0.00775344058926	0.00387672029463
-руп	0.128801431127	0.742397137746	0.0874009711219	0.0414004600051
-рун	0.0862068965517	0.913793103448	0.0	0.0
-рук	0.111852186336	0.815380971064	0.0252426178297	0.0475242247703
-руи	0.0339943342776	0.872521246459	0.0679886685552	0.0254957507082
-руй	0.498831229547	0.363721365124	0.00701262272089	0.130434782609
-оле	0.0841447447192	0.565894071708	0.050488391764	0.299472791809
-еку	0.185388339925	0.597493851492	0.0344105348712	0.182707273712
-ола	0.528737353735	0.38517659766	0.0229501350135	0.0631359135914
-сед	0.527789100151	0.0857649794998	0.0213992854917	0.365046634857
-олг	0.485182178252	0.380915634194	0.0482047875195	0.0856974000347
-сей	0.0593906609164	0.351126199051	0.051102504005	0.538380636027
-сеи	0.007468642243	0.973016518348	0.000361385914984	0.0191534534941
-сел	0.761308932275	0.11882813407	0.0139636411093	0.105899292545
-олп	0.0249137071412	0.930935031065	0.0441512617934	0.0
-сен	0.617990596045	0.145887698895	0.153979391526	0.0821423135339
-сем	0.0360963335942	0.176268272458	0.0326764312118	0.754958962736
-олк	0.203823005417	0.750578449362	0.0216779969086	0.023920548313
-хея	0.0196292257361	0.980370774264	0.0	0.0
-фов	0.0108813928183	0.972977874501	0.0155966630395	0.000544069640914
-фод	0.0	0.957446808511	0.0425531914893	0.0
-ьте	0.633888112087	0.184857367767	0.0405064853356	0.140748034811
-хеф	0.0	1.0	0.0	0.0
-фон	0.0	1.0	0.0	0.0
-фом	0.198136958711	0.686304128902	0.0657099697885	0.0498489425982
-хет	0.0	1.0	0.0	0.0
-яцу	0.027027027027	0.954954954955	0.018018018018	0.0
-оют	0.733480928229	0.219459999789	0.0231599621275	0.0238991098549
-дче	0.16	0.72	0.04	0.08
-рое	0.122673439074	0.0744606318239	0.297102038601	0.505763890501
-еса	0.0652095228087	0.865821336416	0.0516071783016	0.0173619624739
-роз	0.264150943396	0.603773584906	0.0943396226415	0.0377358490566
-рож	0.131691257164	0.824411657115	0.0263382514328	0.0175588342885
-есе	0.111451235782	0.821543564154	0.0147530958893	0.0522521041751
-жже	0.885608856089	0.114391143911	0.0	0.0
-рог	0.112992156558	0.558515182108	0.214335637183	0.114157024152
-ров	0.161033745951	0.710632020253	0.0381667991294	0.0901674346667
-рон	0.0814039238581	0.712032755151	0.0400221235539	0.166541197437
-ром	0.121320297214	0.548073327151	0.0785688619828	0.252037513652
-есл	0.14561734213	0.758246936852	0.0424128180962	0.0537229029217
-еск	0.141565017994	0.75699863053	0.0880601293034	0.0133762221727
-рой	0.131180540429	0.291134082223	0.234540937549	0.343144439799
-бая	0.362244339932	0.361478726895	0.13846658646	0.137810346713
-рок	0.0331955527155	0.691093416064	0.0574872735279	0.218223757692
-рох	0.607317073171	0.153658536585	0.0512195121951	0.187804878049
-роф	0.0	1.0	0.0	0.0
-есу	0.358343752529	0.510374386268	0.0535359573174	0.0777459038859
-ест	0.439604002526	0.494586503377	0.0071778858336	0.0586316082632
-яют	0.551336048714	0.269487338875	0.0858186102014	0.0933580022098
-баз	0.076923076923	0.846153846154	0.0	0.076923076923
-рот	0.0952403937528	0.687957233835	0.0224480129843	0.194354359428
-бал	0.771217712177	0.206642066421	0.0221402214022	0.0
-есы	0.0771808807753	0.850452623086	0.0420438525716	0.0303226435671
-рою	0.203338580658	0.515942739662	0.0242317447623	0.256486934918
-дщи	0.0	0.953927161036	0.0131636682756	0.0329091706889
-есь	0.346711853519	0.221270722152	0.158161291845	0.273856132484
-еся	0.557624090773	0.253097973299	0.111037796426	0.0782401395011
-бан	0.0916515992269	0.587567803479	0.30768751169	0.0130930856038
-оюй	0.666666666667	0.333333333333	0.0	0.0
-кка	0.0225409836066	0.922131147541	0.030737704918	0.0245901639344
-оюв	0.0	0.763157894737	0.157894736842	0.0789473684209
-оюз	0.148154565933	0.750476520534	0.0389880436666	0.0623808698666
-фос	0.0116279069767	0.96511627907	0.0232558139535	0.0
-хем	0.00519705500217	0.994802944998	0.0	0.0
-хей	0.0125827814569	0.98178807947	0.0	0.00562913907285
-хеи	0.263157894737	0.473684210526	0.105263157895	0.157894736842
-хее	0.128205128205	0.820512820513	0.0	0.0512820512821
-бон	0.0	1.0	0.0	0.0
-фою	0.0	1.0	0.0	0.0
-ека	0.0526714213173	0.750566302674	0.0337995226519	0.162962753357
-сер	0.0994318181818	0.857954545455	0.0284090909091	0.0142045454546
-хба	0.0	1.0	0.0	0.0
-сет	0.753316143361	0.139585071468	0.0289590231367	0.0781397620341
-сех	0.0187881579154	0.12099452835	0.00755710179202	0.852660211942
-еке	0.133343784262	0.738587729016	0.0610232287826	0.0670452579388
-олт	0.705179282869	0.145418326693	0.0597609561753	0.089641434263
-олу	0.193725201335	0.688507748759	0.0296811263989	0.0880859235066
-еки	0.0752878337523	0.324791891592	0.0250919192963	0.57482835536
-олю	0.477888309106	0.163778748761	0.0154184293002	0.342914512832
-оля	0.543025625301	0.19292610346	0.0156518220827	0.248396449156
-сея	0.0398814256701	0.829471265304	0.0196985227904	0.110948786236
-олы	0.0731893277064	0.846585214474	0.029796087972	0.0504293698478
-афь	0.0	1.0	0.0	0.0
-кке	0.0485829959514	0.63967611336	0.137651821862	0.174089068826
-аза	0.151825244361	0.761445718532	0.013195143182	0.0735338939245
-ксы	0.0	1.0	0.0	0.0
-ыте	0.755977002912	0.186321212574	0.0376315985963	0.020070185918
-мвы	0.0	0.0	1.0	0.0
-сув	0.0	1.0	0.0	0.0
-рку	0.174672489083	0.781659388646	0.0	0.0436681222707
-лца	0.156022514071	0.806153846154	0.0283677298311	0.0094559099437
-кки	0.199438202247	0.733146067416	0.0168539325843	0.0505617977528
-июи	0.314685314685	0.643356643357	0.0	0.041958041958
-фян	0.0289505428227	0.916767189385	0.0	0.0542822677925
-тыл	0.404255319149	0.553191489361	0.0	0.0425531914893
-ёрд	0.538908246225	0.15331010453	0.247386759582	0.0603948896632
-шну	0.438112199466	0.46571682992	0.0106856634016	0.0854853072128
-бык	0.0	1.0	0.0	0.0
-шню	0.0258864654659	0.925065494704	0.0490480398301	0.0
-шня	0.0	0.983268709832	0.0	0.0167312901684
-зти	0.625523012552	0.144351464435	0.0606694560669	0.169456066946
-шны	0.500027799467	0.188313587654	0.27172407458	0.0399345382992
-шне	0.282248923147	0.403763318975	0.194967127635	0.119020630243
-шна	0.238062283737	0.498731257209	0.22675893887	0.0364475201845
-зву	0.54128440367	0.348623853211	0.0963302752294	0.0137614678899
-зот	0.0	1.0	0.0	0.0
-шно	0.249670111777	0.33297833032	0.101607701396	0.315743856507
-шни	0.336956521739	0.51231884058	0.133333333333	0.0173913043478
-нфе	0.00761793143861	0.992382068561	0.0	0.0
-лцу	0.0	0.981132075472	0.0	0.0188679245283
-йже	0.16512455516	0.103487544484	0.24	0.491387900356
-виц	0.0685341310851	0.861299972804	0.0391623606201	0.0310035354909
-лцы	0.063679245283	0.872641509434	0.0495283018868	0.0141509433962
-июс	1.0	0.0	0.0	0.0
-иют	0.758426966292	0.163904030853	0.015574591167	0.0620944116883
-звы	0.210946124698	0.552000556953	0.221389002158	0.0156643161904
-апы	0.0575880758808	0.861111111111	0.0813008130081	0.0
-́ре	0.0371621621621	0.881756756757	0.0405405405406	0.0405405405406
-апу	0.0558533145274	0.0236953455571	0.0358251057828	0.884626234133
-удо	0.114869488709	0.656564669078	0.195131488904	0.0334343533092
-уди	0.513171373687	0.338066457064	0.0337039289705	0.115058240279
-уде	0.131302871625	0.787317109038	0.0505455933671	0.0308344259697
-ent	0.289884247609	0.196779063915	0.264217413186	0.24911927529
-уда	0.132400936436	0.377900137504	0.0255707895518	0.464128136508
-увы	0.050139275766	0.640668523677	0.0	0.309192200557
-ьна	0.303058304927	0.323497200433	0.260845756842	0.112598737799
-мре	0.760433604336	0.0341463414634	0.19891598916	0.00650406504066
-дма	0.0	1.0	0.0	0.0
-ьне	0.0222686151705	0.963117606124	0.0146137787056	0.0
-хло	0.760393873085	0.135667396061	0.0875273522976	0.0164113785558
-мра	0.0	1.0	0.0	0.0
-ьни	0.146524793454	0.561165643847	0.222007262809	0.0703022998895
-ьно	0.292027681933	0.159966527611	0.16932293699	0.378682853467
-мри	0.387096774193	0.612903225807	0.0	0.0
-яда	0.0484566876867	0.742781281115	0.18884832393	0.0199137072685
-пих	0.84375	0.0931122448979	0.0114795918367	0.0516581632653
-зуя	0.477816695855	0.415061295972	0.0545826036194	0.0525394045534
-зую	0.699181446112	0.154843110505	0.0600272851296	0.0859481582537
-пир	0.0802090826303	0.88664129651	0.0202797680556	0.0128698528045
-яде	0.75	0.15625	0.0520833333333	0.0416666666666
-пит	0.609290569816	0.124826931713	0.0790138473958	0.186868651076
-яди	0.74457160401	0.1648686704	0.0368845082948	0.0536752172946
