-rro	0.0662983425415	0.900552486188	0.0331491712707	0.0
-hel	0.475747225055	0.0713580366827	0.0560924675829	0.396802270679
-hem	0.0	1.0	0.0	0.0
-ank	0.144056911372	0.142080822053	0.0299673945262	0.683894872048
-oye	0.259926117377	0.443805387979	0.0856895934579	0.210578901186
-oya	0.419276408891	0.2513276335	0.0602107441398	0.269185213469
-oyo	0.463919295031	0.238195683948	0.109875622507	0.188009398513
-oyi	0.37755936716	0.332507529994	0.0753043981772	0.214628704669
-plo	0.0987797791981	0.847928944966	0.0373536980161	0.0159375778202
-mbe	0.13110843458	0.811242209151	0.0373025246442	0.0203468316241
-pus	0.00624349635795	0.965660770031	0.0280957336108	0.0
-dlo	0.0913064594463	0.827586206897	0.0257406508013	0.0553666828557
-dro	0.103396603397	0.812187812188	0.0314685314685	0.0529470529471
-pro	0.0977603981515	0.853181656594	0.0319943121223	0.0170636331319
-opi	0.295744680851	0.664893617021	0.0138297872341	0.0255319148936
-opa	0.00128164049984	0.995834668376	0.00288369112464	0.0
-imu	0.199198017107	0.517560748779	0.234859144943	0.0483820891707
-oku	0.478272819591	0.251990163041	0.0660525174716	0.203684499897
-dek	0.0515520234674	0.868459650383	0.00974317528736	0.0702451508621
-400	0.246791707799	0.172205769442	0.0380607656027	0.542941757157
-oko	0.189958730399	0.277845927238	0.0635857522963	0.468609590067
-des	0.0	0.659969088099	0.340030911901	0.0
-oki	0.0151496974379	0.920019003105	0.0508908905066	0.0139404089507
-.00	0.0786516853933	0.359550561798	0.337078651685	0.224719101124
-lga	0.293859649123	0.245614035088	0.460526315789	0.0
-imi	0.261546125926	0.300859387946	0.099820886726	0.337773599401
-imo	0.186135234024	0.389932575279	0.066042718038	0.357889472659
-ido	0.260663507109	0.549763033175	0.189573459716	0.0
-obo	0.121562639364	0.677012423023	0.0840551435961	0.117369794017
-idi	0.176619007569	0.645041669852	0.12539184953	0.0529474730484
-ide	0.452605232891	0.253777308831	0.251037372903	0.0425800853744
-llo	0.262889688249	0.620803357314	0.035071942446	0.0812350119904
-ida	0.0390187794466	0.958194164879	0.00278705567475	0.0
-tlo	0.0687080485361	0.587878062713	0.0268815381796	0.316532350571
-idu	0.0215434379325	0.944539779317	0.0204128785075	0.0135039042434
-100	0.0317960677601	0.213617212776	0.128509107197	0.626077612267
-uta	0.0195861687796	0.976786762928	0.0	0.00362706829251
-tet	0.0	0.929651545036	0.0624589086128	0.00788954635109
-ute	0.767263045486	0.0859496571169	0.0244830862723	0.122304211125
-rin	0.0577407967726	0.905950579929	0.00945537065053	0.0268532526475
-ril	0.0	1.0	0.0	0.0
-rim	0.0	0.987780040733	0.0122199592668	0.0
-uto	0.361228905236	0.507174383384	0.0589874513197	0.0726092600606
-rit	0.0224379719525	0.943473570658	0.0189859762675	0.0151024811219
-ris	0.067806508127	0.899750186549	0.0168705187685	0.0155727865555
-utu	0.536796536797	0.463203463203	0.0	0.0
-ten	0.0847221275888	0.637468266891	0.067063756375	0.210745849145
-ard	0.0	0.798893916541	0.201106083459	0.0
-are	0.0615636947708	0.489062880132	0.0244501250744	0.424923300022
-ara	0.174901991931	0.688096150587	0.0633401541636	0.0736617033181
-eri	0.3400162897	0.48597871674	0.0893854606382	0.0846195329219
-lus	0.0113636363636	0.988636363636	0.0	0.0
-ari	0.337645056614	0.413486849152	0.0521344967609	0.196733597473
-aru	0.113293250533	0.602449613085	0.0389937672233	0.245263369159
-luk	0.0131578947368	0.967105263158	0.0	0.0197368421053
-mel	0.0557851239669	0.938016528926	0.00619834710744	0.0
-men	0.243385615154	0.641326461878	0.0873393355817	0.0279485873861
-mek	0.0	1.0	0.0	0.0
-aye	0.15545808842	0.722143280302	0.0638518747583	0.0585467565197
-aya	0.181226491884	0.208738671123	0.0621438850722	0.54789095192
-tya	0.174816443576	0.585477631617	0.048920312936	0.190785611871
-ndu	0.383045831276	0.197174937398	0.0489531989594	0.370826032367
-ayi	0.259118428309	0.43267360737	0.176159993688	0.132047970633
-sro	0.100068291422	0.683021916616	0.0188457748197	0.198064017142
-ubo	0.272390821614	0.58993338268	0.039970392302	0.0977054034048
-umu	0.154169261262	0.532825965575	0.299051768805	0.0139530043576
-ote	0.541047409368	0.180079987218	0.0894772209218	0.189395382492
-oti	0.0186181216384	0.970073093366	0.00330988829127	0.0079988967039
-oto	0.448946271199	0.307654034494	0.0811724686456	0.162227225661
-otu	0.314586979708	0.280473445001	0.122712179551	0.28222739574
-umo	0.107346348282	0.374034477347	0.45150106362	0.0671181107506
-umi	0.686765488678	0.117584511145	0.00641182807848	0.189238172099
-ako	0.0969656970821	0.446319602439	0.0161249563076	0.440589744171
ALL	0.234731812374	0.268352622125	0.0518394856211	0.44507607988
-nan	0.015166835187	0.830637007078	0.144084934277	0.010111223458
-aki	0.133851911646	0.858222646217	0.00264181404564	0.00528362809129
-nam	0.0	1.0	0.0	0.0
-sis	0.0	0.991008991009	0.008991008991	0.0
-sip	0.0363907161973	0.949662409325	0.00283586447718	0.0111110100007
-kim	0.0	1.0	0.0	0.0
-sik	0.668674698795	0.331325301205	0.0	0.0
-sin	0.117811452885	0.814629144366	0.033855610816	0.0337037919335
-nas	0.0213565354954	0.952145540834	0.0130512161361	0.0134467075341
-aku	0.360038900287	0.318564476937	0.0789852341034	0.242411388672
-gok	0.0521327014218	0.928909952607	0.0189573459716	0.0
-mos	0.0105913503972	0.981465136805	0.00794351279788	0.0
-gol	0.0131769947913	0.595996056605	0.390826948604	0.0
-goo	0.190820518136	0.608891446776	0.123724162762	0.0765638723263
-gon	0.0	1.0	0.0	0.0
-amu	0.189908038871	0.286052211979	0.500791419908	0.0232483292423
-wus	0.0574948665297	0.890485968515	0.0164271047228	0.0355920602327
-lki	0.0	1.0	0.0	0.0
-dya	0.228739002933	0.612903225806	0.0879765395895	0.0703812316716
-moo	0.27694335599	0.442649209806	0.039442992829	0.240964441375
-mon	0.0085395874282	0.98917046734	0.0	0.00228994523214
-gos	0.281524926686	0.648093841642	0.0351906158358	0.0351906158358
-yat	0.0	1.0	0.0	0.0
-yap	0.348644161594	0.651355838406	0.0	0.0
-yas	0.0589087208392	0.898787467599	0.0170572169163	0.0252465946454
-bet	0.0746656760773	0.890044576523	0.00408618127786	0.0312035661218
-bek	0.0	0.665471337169	0.0	0.334528662831
-rlo	0.0696055684455	0.895591647332	0.0348027842227	0.0
-ben	0.0	0.365979381443	0.0	0.634020618557
-lpa	0.00525854513584	0.983786152498	0.0109553023663	0.0
-yam	0.0224186247036	0.970395918661	0.00546094704319	0.00172450959259
-yan	0.0348869385584	0.821742081065	0.143370980377	0.0
-beg	0.158192090395	0.570621468926	0.135593220339	0.135593220339
-iso	0.106389009451	0.877490101597	0.00788329185009	0.00823759710178
-uga	0.222992796764	0.200986719466	0.0188810044108	0.557139479359
-rel	0.0310109968693	0.870969486086	0.0104962980404	0.0875232190042
-lya	0.256670161948	0.691774437842	0.0297098916463	0.0218455085635
-isa	0.152204885507	0.192511346465	0.0217980517016	0.633485716326
-res	0.0	1.0	0.0	0.0
-isu	0.564812353168	0.230097282281	0.0	0.205090364551
-ret	0.0070003500175	0.987399369969	0.0042002100105	0.0014000700035
-mas	0.03838976273	0.93974940016	0.00866435617169	0.0131964809384
-ham	0.0111042607658	0.962224068837	0.0193001032019	0.00737156719518
-hap	0.0	0.988394584139	0.0116054158607	0.0
-mak	0.014440433213	0.985559566787	0.0	0.0
-has	0.0	1.0	0.0	0.0
-pod	0.0878048780488	0.824390243902	0.0878048780488	0.0
-man	0.104521725779	0.812132145964	0.01509800911	0.0682481191463
-uno	0.113243465114	0.10364692017	0.022090541411	0.761019073305
-uni	0.319376817099	0.422373554957	0.0475851789029	0.210664449041
-une	0.228734108378	0.408467011335	0.143673047959	0.219125832329
-kga	0.072249589491	0.92249589491	0.00525451559934	0.0
-una	0.119521912351	0.776892430279	0.0557768924303	0.0478087649403
-nka	0.0	1.0	0.0	0.0
-nki	0.114832535885	0.874293170944	0.00391474554154	0.00695954762941
-ade	0.376036915024	0.211464887752	0.00845938472381	0.4040388125
-500	0.260297984224	0.0858895705521	0.0631025416301	0.590709903593
-ada	0.798969072165	0.201030927835	0.0	0.0
-ado	0.122045639814	0.392559039995	0.0304746588379	0.454920661353
-tro	0.0536106871661	0.534081892476	0.0222307908628	0.390076629495
-nlo	0.113139429627	0.7349525718	0.0446723252738	0.107235673299
-adi	0.349425287356	0.393103448276	0.0137931034483	0.24367816092
-lal	0.015625	0.71875	0.265625	0.0
-144	0.277133105802	0.103071672355	0.0	0.619795221843
-gas	0.0	0.986562150056	0.013437849944	0.0
-sno	0.0803932179936	0.516023412512	0.0113831710145	0.39220019848
-sen	0.129059519498	0.834641233048	0.0362992474546	0.0
-sem	0.0	1.0	0.0	0.0
-sel	0.0273522071827	0.924620291867	0.0392571658375	0.00877033511274
-sek	0.0	1.0	0.0	0.0
-bel	0.0256390839597	0.970083085565	0.0008369668322	0.00344086364349
-ino	0.262386003886	0.279761095434	0.0299704892951	0.427882411385
-ina	0.169140435235	0.19149275752	0.107032112249	0.532334694996
-ind	0.112215408473	0.819059702545	0.0169168957496	0.0518079932332
-ine	0.21574124169	0.353068202059	0.0355930229768	0.395597533274
-ing	0.00780572419773	0.973980919341	0.0156114483955	0.00260190806592
-kno	0.291030025067	0.656531013387	0.00277447519629	0.0496644863494
-set	0.0	1.0	0.0	0.0
-ses	0.104041801137	0.855463347165	0.0132165360381	0.0272783156601
-ser	0.0	1.0	0.0	0.0
-sep	0.0311664617973	0.922494662612	0.00480041405189	0.0415384615385
-blo	0.0	1.0	0.0	0.0
-eda	0.196370206044	0.485001051233	0.259928559245	0.058700183478
-kus	0.046511627907	0.953488372093	0.0	0.0
-edi	0.0574620909816	0.853152434158	0.0641660015962	0.0252194732642
-edo	0.210224861556	0.125713875747	0.0403564649772	0.62370479772
-pel	0.00601053611625	0.990984195826	0.00141424379206	0.00159102426607
-oor	0.0	1.0	0.0	0.0
-oot	0.140995715763	0.706588860984	0.0280691387206	0.124346284532
-kul	0.353341895136	0.534870735385	0.0789547155062	0.0328326539728
-bal	0.376383763838	0.457564575646	0.166051660517	0.0
-eke	0.567010309278	0.197164948454	0.197164948454	0.0386597938144
-noo	0.469185885382	0.0979167623958	0.10658537209	0.326311980132
-bab	0.0442270517252	0.9487434831	0.0	0.00702946517487
-mku	0.838461538462	0.161538461538	0.0	0.0
-hor	0.0	1.0	0.0	0.0
-hos	0.10112730878	0.810744317556	0.0499394117431	0.0381889619212
-eku	0.42937551545	0.298440450203	0.0609135802731	0.211270454074
-bat	0.0	0.994414353419	0.0	0.00558564658091
-tdo	0.239265809655	0.602486917788	0.0078545168337	0.150392755723
-bas	0.0388591023758	0.92045478501	0.0134566331012	0.0272294795129
-nya	0.33997236933	0.57612825236	0.0284941284826	0.0554052498273
-isi	0.0285479578536	0.946773843146	0.00532940473604	0.0193487942646
-asa	0.109390600004	0.0558110895653	0.00814145058158	0.826656859849
-iyo	0.324734271973	0.389007640737	0.058371050416	0.227887036874
-asi	0.251121076233	0.699551569507	0.0493273542601	0.0
-mba	0.16831375582	0.70834823646	0.0711210179313	0.0522169897885
-yel	0.0162588646631	0.94644302187	0.0291825776004	0.00811553586603
-owo	0.381559434456	0.423355728125	0.0678103971228	0.127274440296
-yen	0.0450804633852	0.860565078367	0.034596634691	0.0597578235571
-ral	0.0324324324324	0.740540540541	0.227027027027	0.0
-mbi	0.408320939942	0.477248639629	0.0747661738033	0.0396642466254
-lta	0.0	0.980392156863	0.0	0.0196078431373
-mbo	0.204293516061	0.523949984459	0.0824517979814	0.189304701498
-430	0.388101983003	0.0339943342776	0.0	0.57790368272
-ras	0.0249656785478	0.940204403315	0.0131184217217	0.0217114964153
-ran	0.147080028839	0.852919971161	0.0	0.0
-oga	0.330319308575	0.312566445921	0.10446702553	0.252647219975
-iwa	0.100878803577	0.887503675858	0.00464700822619	0.00697051233928
-ram	0.00432730475071	0.918502427195	0.014424349169	0.0627459188853
-rak	0.0	1.0	0.0	0.0
-ero	0.336190043465	0.128371613216	0.0433401991308	0.492098144189
-era	0.0515003098084	0.599369985377	0.0201300100463	0.328999694768
-iwi	0.276661449243	0.614545726263	0.0687174611916	0.0400753633021
-iwo	0.29702970297	0.534653465347	0.123762376238	0.0445544554455
-ere	0.149218925181	0.604275356903	0.168263696838	0.0782420210778
-ugu	0.127290686739	0.679158012954	0.126768697983	0.0667826023239
-pos	0.00892857142856	0.991071428571	0.0	0.0
-nro	0.117768044655	0.737161503597	0.055496791812	0.0895736599362
-uge	0.0962360543909	0.806185416694	0.0154284385683	0.0821500903473
-pol	0.0848918772721	0.805508284355	0.0040790179381	0.105520820435
-ugo	0.0123456790123	0.83950617284	0.0658436213991	0.082304526749
-ugi	0.180562860397	0.129701006245	0.312263366445	0.377472766914
-ika	0.295717836874	0.641902349796	0.0227475259134	0.0396322874162
-iko	0.106711413585	0.761042347915	0.0608608749265	0.0713853635743
-lam	0.0392929774788	0.944889402194	0.00602576012453	0.00979186020237
-lan	0.0	1.0	0.0	0.0
-nos	0.039603960396	0.960396039604	0.0	0.0
-iki	0.0776833110353	0.908290535583	0.0140261533814	0.0
-lak	0.0352655046615	0.964734495338	0.0	0.0
-lat	0.0918287811373	0.871634568543	0.0292293202559	0.00730733006398
-iku	0.295615925906	0.228148841646	0.0449540689537	0.431281163494
-nok	0.0683544303797	0.93164556962	0.0	0.0
-iks	0.0873786407767	0.806074184715	0.0189195917351	0.0876275827732
-non	0.0384615384615	0.932692307692	0.0288461538461	0.0
-las	0.0753349393517	0.884039136131	0.0190714678162	0.0215544567009
-gel	0.00818672593464	0.965806651746	0.00974337276941	0.0162632495495
-boo	0.296794989273	0.564485613566	0.119363202208	0.0193561949526
-mya	0.440685045948	0.488304093567	0.0323725981621	0.0386382623225
-pya	0.158343483557	0.790499390987	0.0292326431181	0.0219244823386
-aka	0.407148683495	0.559917028214	0.0167966361487	0.0161376521427
-don	0.00809935205183	0.979211663067	0.0	0.0126889848812
-doo	0.59606650737	0.202972928727	0.00751417760683	0.193446386297
-dom	0.0220180393803	0.975078482899	0.0	0.00290347772048
-sya	0.176591776714	0.515674583238	0.0147905696667	0.292943070381
-get	0.0	1.0	0.0	0.0
-sas	0.0316155719233	0.650077715171	0.00407128774767	0.314235425158
-sat	0.0	1.0	0.0	0.0
-too	0.323349816755	0.397957750132	0.0912734244614	0.187419008651
-olu	0.101291527022	0.724066239343	0.12482573624	0.049816497394
-oli	0.416679171858	0.300818148658	0.0552246129151	0.227278066568
-ibo	0.281371160365	0.555229832089	0.0567377464697	0.106661261077
-ibi	0.107970285849	0.145055199014	0.089231742482	0.657742772655
-olo	0.414155015927	0.148886926874	0.0378300965369	0.399127960662
-sak	0.0105643102386	0.96729465622	0.0177612465886	0.00437978695308
-ibe	0.0414880376158	0.875535887153	0.0829760752316	0.0
-ole	0.074981359679	0.0804767601089	0.00956136024576	0.834980519966
-sam	0.0173243503368	0.97208854668	0.00577478344563	0.00481231953801
-lon	0.0220143522141	0.70771853858	0.0252892145269	0.244977894679
-loo	0.709923664122	0.198473282443	0.0916030534351	0.0
-lom	0.0	1.0	0.0	0.0
-lok	0.010625	0.8225	0.111875	0.055
-ros	0.0	1.0	0.0	0.0
-dok	0.0	1.0	0.0	0.0
-rod	0.017260084821	0.947480027616	0.0175066574613	0.0177532301016
-rom	0.0459538933513	0.608233511972	0.280802474636	0.0650101200402
-lot	0.0223463687151	0.977653631285	0.0	0.0
-lou	0.56958073149	0.418376449599	0.0	0.0120428189117
-los	0.0625	0.818965517241	0.0	0.118534482759
-ipa	0.00619111709287	0.976043068641	0.0129205921938	0.00484522207268
-ewe	0.501469112572	0.243878192637	0.101619044293	0.153033650497
-ewa	0.522175990774	0.139054295173	0.0423606268036	0.296409087249
-ewo	0.452390570246	0.238214676039	0.0685279146576	0.240866839058
-wik	0.0	0.257425742574	0.742574257426	0.0
-awi	0.194044331666	0.805955668334	0.0	0.0
-awo	0.0987278041537	0.705113804719	0.0640977900606	0.132060601067
-awa	0.111679967716	0.813471659433	0.0240023934802	0.0508459793704
-awe	0.389348025712	0.42056932966	0.100091827365	0.0899908172635
-awu	0.213404195516	0.251005747737	0.0378320447995	0.497758011947
-276	0.0	0.156351791531	0.0	0.843648208469
-kdo	0.327338129496	0.557553956835	0.0	0.115107913669
-sto	0.093896713615	0.793427230047	0.112676056338	0.0
-oba	0.0306670074112	0.957066189624	0.00613340148224	0.00613340148223
-pku	0.523933279781	0.476066720219	0.0	0.0
-sta	0.163285502227	0.762493814943	0.0593765462643	0.0148441365661
-eyu	0.0	0.910044977511	0.0	0.0899550224888
-eyi	0.291193047134	0.528855802931	0.0579567025921	0.121994447343
-eyo	0.19364787168	0.735242967906	0.0283414081716	0.0427677522417
-eya	0.245493137538	0.154863826299	0.0580219085565	0.541621127606
-200	0.0418581357469	0.514787324404	0.0512548600982	0.392099679751
-ngo	0.242847735757	0.198865845637	0.0657585740248	0.492527844582
-eye	0.234559557512	0.514642828108	0.115761203686	0.135036410694
-lek	0.0	1.0	0.0	0.0
-lem	0.00801312545721	0.975833766761	0.0111211187084	0.0050319890734
-mum	0.0587275693311	0.931484502447	0.00978792822185	0.0
-mus	0.0	0.998027613412	0.0	0.00197238658777
-les	0.0279676817899	0.97203231821	0.0	0.0
-let	0.320670391061	0.588826815643	0.0670391061452	0.0234636871508
-alu	0.121145741716	0.592064197711	0.0426051015463	0.244184959027
-gis	0.0326086956522	0.902173913043	0.0652173913044	0.0
-gip	0.0237818145019	0.923594595962	0.0408591812984	0.0117644082376
-ndi	0.159901381877	0.165982645957	0.0181066256584	0.656009346507
-alo	0.315642874028	0.313283956473	0.0638023430289	0.30727082647
-ndo	0.128504825017	0.284747447205	0.0133245433931	0.573423184384
-ali	0.337185491581	0.410459879159	0.061659317873	0.190695311387
-nda	0.263743543879	0.415416211203	0.241019016096	0.0798212288225
-ale	0.0818322371613	0.477618793201	0.0424938455264	0.398055124112
-nde	0.174953595005	0.217053176205	0.013619192175	0.594374036615
-ala	0.038998239033	0.905930604296	0.031591596736	0.0234795599346
-120	0.0441176470588	0.220588235294	0.0220588235294	0.713235294118
-yos	0.0	0.967391304348	0.0326086956522	0.0
-bdo	0.0142602495544	0.959001782531	0.0	0.0267379679144
-obe	0.0966123950376	0.69954606818	0.153411989922	0.0504295468603
-yok	0.0463517409625	0.941752857921	0.0	0.011895401117
-rut	0.0558139534884	0.944186046512	0.0	0.0
-yon	0.127953193519	0.823487342746	0.0183546429901	0.0302048207455
-mlo	0.0512384996461	0.834536447275	0.0900212314225	0.0242038216561
-iyu	0.0118953211737	0.988104678826	0.0	0.0
-ogu	0.273957613673	0.234210094394	0.185598267599	0.306234024335
-mga	0.0977011494253	0.747126436782	0.051724137931	0.103448275862
-elu	0.233030004919	0.465691096901	0.255779636006	0.0454992621741
-ogi	0.553903995803	0.332560986273	0.091501267815	0.0220337501093
-153	0.0	0.0231213872832	0.019267822736	0.957610789981
-eli	0.321927516254	0.516049284391	0.0954515798779	0.0665716194772
-iyi	0.176296577678	0.5382123381	0.20668224886	0.0788088353621
-elo	0.372992473985	0.138330186903	0.0468727830221	0.44180455609
-ogo	0.306283702971	0.400704591733	0.0905019059482	0.202509799347
-iye	0.242616682275	0.35633985891	0.0976433539828	0.303400104832
-ela	0.0637061889858	0.571743686193	0.0153636584275	0.349186466393
-oge	0.273785195629	0.476849876403	0.0844962912301	0.164868636738
-ele	0.159905764559	0.58390635353	0.158654200103	0.0975336818082
-pno	0.0222428174235	0.925393883225	0.0	0.0523632993513
-itu	0.267127623314	0.628806544286	0.0660856015971	0.0379802308029
-esu	0.206091542397	0.0788704250364	0.0517100321521	0.663328000415
-esi	0.000911023382932	0.999088976617	0.0	0.0
-eso	0.0256821829855	0.964686998395	0.0	0.00963081861958
-esa	0.0473865594486	0.952613440551	0.0	0.0
-ite	0.212589366341	0.578216091036	0.150473267501	0.0587212751223
-ese	0.0964585389593	0.525886943573	0.303361955895	0.0742925615722
-ita	0.0439824730283	0.905294630844	0.0143179756101	0.0364049205174
-spa	0.0500417014178	0.917431192661	0.022518765638	0.0100083402836
-udu	0.223711189859	0.453546434217	0.0574446298846	0.26529774604
-666	0.0166666666667	0.0333333333333	0.0	0.95
-uda	0.0440621777812	0.755404356834	0.12430379413	0.076229671254
-bro	0.0	1.0	0.0	0.0
-udo	0.207221350079	0.671899529042	0.0533751962324	0.0675039246467
-abu	0.098711179615	0.836159118486	0.0170530941528	0.048076607746
-rik	0.0526023897955	0.466564711023	0.462934641951	0.0178982572307
-gad	0.0	0.909090909091	0.0	0.0909090909091
-aba	0.0923071191255	0.846788898337	0.0135768323793	0.0473271501582
-woo	0.144064781724	0.464821492612	0.130673898164	0.2604398275
-abo	0.302793579837	0.488917087995	0.135927554044	0.0723617781237
-ron	0.00563871920521	0.986842988521	0.00751829227363	0.0
-roo	0.730769230769	0.173076923077	0.0576923076923	0.0384615384615
-kob	0.0	0.996079099898	0.000852369587452	0.00306853051483
-koo	0.473953885568	0.0580700256191	0.00256191289496	0.465414175918
-sop	0.0	0.914893617021	0.0851063829787	0.0
-sos	0.21971746318	0.672076946198	0.0	0.108205590622
-oru	0.0906055167101	0.728278362025	0.12209262439	0.0590234968748
-sol	0.053344253925	0.821575969025	0.00255286559163	0.122526911458
-soo	0.0651307044749	0.853640525772	0.0546448087432	0.0265839610102
-son	0.0403321470937	0.952550415184	0.00711743772242	0.0
-oro	0.405762931777	0.186753897705	0.0459212790594	0.361561891459
-kos	0.00488201790073	0.970707892596	0.0244100895037	0.0
-ora	0.032066270292	0.946288997261	0.0	0.0216447324471
-ore	0.0765982666905	0.0813270470411	0.0196389335286	0.82243575274
-kro	0.0495436766623	0.938722294654	0.0039113428944	0.00782268578879
-rup	0.010480349345	0.984279475983	0.0	0.00524017467249
-lip	0.00364846013521	0.990771542011	0.0	0.00557999785385
-omu	0.336165756542	0.335446048547	0.191790976452	0.136597218459
-lis	0.0391304347826	0.86397515528	0.0	0.0968944099378
-lil	0.0	1.0	0.0	0.0
-lim	0.0	1.0	0.0	0.0
-lin	0.0833333333333	0.833333333333	0.0833333333334	0.0
-omo	0.302521447847	0.171908317017	0.059064431497	0.46650580364
-oma	0.0140965902202	0.939221737824	0.00206279482398	0.044618877132
-lib	0.0377426312006	0.957943925234	0.0	0.00431344356579
-odu	0.123030135471	0.868675698092	0.00829416643628	0.0
-lno	0.210670471692	0.718477333858	0.0305058059437	0.0403463885062
-oda	0.0437777258931	0.814966145225	0.0332710716787	0.107985057203
-ode	0.250040202173	0.114992456861	0.0478422578236	0.587125083142
-rna	0.0	1.0	0.0	0.0
-odi	0.147878818395	0.26859935767	0.450875805804	0.132646018132
-odo	0.118868083402	0.326806257083	0.103628243611	0.450697415904
-uri	0.462636792915	0.259061623616	0.0464486476426	0.231852935827
-uro	0.144685607104	0.0298213516425	0.00476698475715	0.820726056497
-ura	0.0235704545037	0.123425309773	0.0474928841267	0.805511351596
-ehe	0.303324697755	0.306563039724	0.209844559585	0.180267702936
-ure	0.0263157894737	0.780701754386	0.19298245614	0.0
-uru	0.111280301934	0.758457201129	0.0660376867172	0.0642248102199
-tga	0.0999203875373	0.836119769529	0.0117394648423	0.0522203780917
-dus	0.03125	0.8125	0.03125	0.125
-was	0.0513643659711	0.943820224719	0.0024077046549	0.0024077046549
-pan	0.0	0.98447606727	0.0155239327296	0.0
-wam	0.0815418828762	0.836916234248	0.0370644922164	0.0444773906597
-pas	0.103440277275	0.871280671538	0.0108583716477	0.0144206795391
-pat	0.0177437298447	0.964512540311	0.0	0.0177437298447
-aro	0.281481171808	0.337137411391	0.0623309964669	0.319050420334
-ini	0.124820986437	0.13818784479	0.0298608927714	0.707130276002
-kem	0.0	1.0	0.0	0.0
-kel	0.0122075279756	0.862665310275	0.100712105799	0.0244150559512
-sus	0.0277853835963	0.636703136148	0.00383898245658	0.331672497799
-lbo	0.0695652173913	0.739130434783	0.191304347826	0.0
-1/2	0.0	0.638436482085	0.107491856678	0.254071661238
-nut	0.0198245642617	0.89094756107	0.00694182639976	0.0822860482689
-ori	0.481628280884	0.158724964336	0.0372465333221	0.322400221458
-dis	0.0	1.0	0.0	0.0
-slo	0.113799033222	0.690807666826	0.0170703402466	0.178322959705
-uku	0.240567461515	0.694967875469	0.0209132853262	0.0435513776896
-igu	0.246153846154	0.620512820513	0.0	0.133333333333
-uka	0.0170803341319	0.919500400109	0.0478427829143	0.0155764828446
-klo	0.0537240537241	0.918192918193	0.025641025641	0.002442002442
-nno	0.352783865844	0.515633482798	0.0315685761969	0.100014075161
-uke	0.322033898305	0.661016949152	0.0169491525424	0.0
-uko	0.13582291366	0.814041111499	0.0323604928518	0.017775481989
-ngu	0.203740574682	0.0121041210247	0.000365818411309	0.783789485882
-tis	0.0444718039005	0.827371751685	0.128156444415	0.0
-bno	0.479840053316	0.373208930357	0.0589803398867	0.0879706764412
-nga	0.175855126198	0.0494440182978	0.0134531191508	0.761247736353
-nge	0.175797972446	0.552919980028	0.17024677293	0.101035274597
-ngi	0.338413221438	0.295062554703	0.140555012099	0.225969211759
-dno	0.416264563964	0.493115217135	0.0164764034365	0.0741438154643
-tik	0.245791245791	0.542087542088	0.212121212121	0.0
-eme	0.217673351661	0.664443565006	0.0805783101264	0.0373047732067
-uwe	0.193963234738	0.751569710266	0.0544670549966	0.0
-ema	0.0	1.0	0.0	0.0
-uwa	0.387720573229	0.364725298952	0.0526699814919	0.194884146327
-uwo	0.568423868431	0.244850496272	0.0308233401991	0.155902295097
-emo	0.228870042025	0.232596516321	0.0386318998548	0.4999015418
-emi	0.150576092294	0.337817535917	0.284519265666	0.227087106123
-uwi	0.224859777745	0.705396718694	0.0285696279646	0.041173875596
-260	0.0	0.136363636364	0.0389610389611	0.824675324675
-emu	0.227844403533	0.331839921297	0.252945939095	0.187369736074
-uwu	0.046511627907	0.542635658915	0.410852713178	0.0
-ems	0.00127551020408	0.995535714286	0.0	0.0031887755102
-das	0.0344929271627	0.909326494321	0.00965087081237	0.0465297077037
-gga	0.188606721964	0.31926728617	0.17626284967	0.315863142195
-ana	0.146515317151	0.695728172739	0.0649350736909	0.0928214364191
-pdo	0.0558630231754	0.931684538222	0.00415081286752	0.00830162573504
-dan	0.00301144348525	0.996988556515	0.0	0.0
-lro	0.25821450713	0.628642281463	0.0381277123373	0.0750154990701
-ane	0.066860221497	0.846702711816	0.0111879599449	0.0752491067426
-etu	0.175644261121	0.750161180302	0.056024462599	0.018170095978
-000	0.108476928032	0.191604119247	0.011405428315	0.688513524407
-eta	0.189270442738	0.480857855904	0.257733406886	0.072138294472
-tno	0.203111170299	0.577103302095	0.0501472525729	0.169638275034
-ete	0.379485961412	0.0932955721336	0.103254983719	0.423963482736
-eti	0.197110560843	0.58361627722	0.0665463876762	0.152726774261
-eto	0.470523038784	0.238056692445	0.0728620544214	0.21855821435
-uyi	0.255846557091	0.61586524452	0.0589991018596	0.0692890965296
-buk	0.104328621908	0.841431095406	0.0146643109541	0.0395759717315
-atu	0.0754477327575	0.905499809475	0.014479867903	0.0045725898641
-uya	0.0924743484773	0.0319260788263	0.015432998854	0.860166573842
-uye	0.218051402842	0.483936486035	0.164044237203	0.13396787392
-omi	0.166591221631	0.136335726332	0.314184670911	0.382888381127
-300	0.15598182736	0.297829379101	0.0757193336698	0.470469459869
-ate	0.0600597641302	0.0841790744207	0.312405559332	0.543355602117
-wen	0.0996447448228	0.759466250758	0.0326372642463	0.108251740173
-wel	0.0815485996705	0.876166941241	0.00878638110928	0.0334980779791
-ato	0.36609301784	0.286311964859	0.0768763505403	0.270718666761
-ose	0.100108949214	0.899891050786	0.0	0.0
-nis	0.00880888548449	0.975105323631	0.011489850632	0.00459594025278
-k10	0.0	0.895974685672	0.0	0.104025314328
-osa	0.0	1.0	0.0	0.0
-ulo	0.146484390998	0.030692171162	0.00475983430843	0.818063603532
-kam	0.0683760683761	0.931623931624	0.0	0.0
-oso	0.242342786942	0.394143032645	0.0552306351523	0.308283545261
-ula	0.0259443306417	0.125219177838	0.032728196849	0.816108294671
-osi	0.0466654949681	0.826418751891	0.078723583484	0.0481921696564
-kad	0.458333333333	0.510416666667	0.0	0.03125
-kas	0.0248059730818	0.96708910502	0.00257883878574	0.00552608311229
-kar	0.0	0.775	0.0	0.225
-kau	0.0673694222081	0.864310057859	0.0225885709757	0.0457319489577
-nim	0.281862334617	0.568916429409	0.0994808239826	0.0497404119913
-ome	0.231224873014	0.0823056657379	0.294352989709	0.392116471539
-ldo	0.138025993216	0.772811230144	0.0256909695402	0.0634718070994
-ata	0.15277852623	0.697751905035	0.0294166909716	0.120052877763
-yud	0.019656019656	0.965601965602	0.014742014742	0.0
-mro	0.0269709543569	0.847065797273	0.103141671606	0.0228215767635
-ile	0.110060489243	0.830823528638	0.050136339266	0.00897964285361
-sga	0.155515056843	0.664323526859	0.0156209320489	0.164540484249
-ila	0.186395367252	0.788638738393	0.0124829471774	0.0124829471774
-ilo	0.113887063279	0.0765010941269	0.0302422680063	0.779369574587
-yus	0.102851323829	0.887983706721	0.0061099796334	0.0030549898167
-ili	0.0900803128653	0.66889613317	0.108806735264	0.132216818701
-ebi	0.0292230933713	0.933357091946	0.0317177476835	0.00570206699928
-iga	0.321116572071	0.398107568043	0.171801840531	0.108974019355
-ige	0.230819578014	0.413757954673	0.115193168068	0.240229299244
-ebo	0.193387738196	0.62800923159	0.0925548329272	0.0860481972865
-eba	0.439745950434	0.337079678324	0.0158467009166	0.207327670325
-igi	0.186418724399	0.584642323123	0.0468076014262	0.182131351052
-igo	0.261647086082	0.50657488523	0.0745262265336	0.157251802155
-ebe	0.207888129204	0.254836910657	0.0911006432637	0.446174316876
-ami	0.312643788709	0.544783751699	0.0543644351181	0.0882080244739
-kis	0.0226981919332	0.929068150209	0.0482336578581	0.0
-amo	0.136784380348	0.482530323661	0.265261764081	0.11542353191
-ama	0.0264179061148	0.930636061893	0.0233019479577	0.0196440840341
-ame	0.315444799862	0.327504971038	0.148266620558	0.208783608542
-ebu	0.208092485549	0.520231213873	0.236994219653	0.0346820809249
-usi	0.040838267623	0.903961873586	0.0438068646801	0.0113929941109
-iro	0.0881027065246	0.0483505925621	0.0231018029204	0.840444897993
-iri	0.0929712124427	0.679752237387	0.0577078674682	0.169568682703
-gus	0.0	1.0	0.0	0.0
-ire	0.0904937130139	0.849563251486	0.0477806804714	0.0121623550291
-usa	0.0109582141058	0.0367595837486	0.0701540044369	0.882128197709
-eka	0.046357615894	0.874172185431	0.0397350993378	0.0397350993377
-use	0.285781667186	0.707648639315	0.00656969349852	0.0
-uli	0.506973257638	0.250777686699	0.0315867604464	0.210662295217
-gum	0.453361344538	0.343277310924	0.1	0.103361344538
-iru	0.182956186808	0.264323543572	0.272026961964	0.280693307655
-usu	0.554347826087	0.445652173913	0.0	0.0
-epa	0.121779859485	0.850117096019	0.0281030444965	0.0
-tas	0.0942019557015	0.85765616086	0.0138120164543	0.0343298669843
-ira	0.587828955889	0.363941402557	0.00966382428167	0.0385658172722
-eko	0.272366244856	0.570473864379	0.0306742567022	0.126485634063
-pik	0.00695195427159	0.953267418508	0.0397806272207	0.0
-pis	0.164179104478	0.761194029851	0.0597014925373	0.0149253731343
-wit	0.0509228901879	0.889364789263	0.00795234175537	0.0517599787937
-:00	0.143695520842	0.232329334599	0.365323207042	0.258651937516
-owi	0.184666842905	0.608003982256	0.113888494922	0.0934406799173
-sdo	0.0302642443385	0.633994690316	0.00525826639087	0.330482798955
-iba	0.0	1.0	0.0	0.0
-eho	0.0	1.0	0.0	0.0
-owa	0.453505083732	0.319866418535	0.0613849127128	0.16524358502
-owe	0.405317445593	0.396431793587	0.0556508010311	0.142599959789
-agi	0.031746031746	0.777777777778	0.0634920634921	0.126984126984
-ago	0.249485123718	0.647209377826	0.0490733094194	0.054232189037
-aga	0.185842438352	0.150299642737	0.122823834384	0.541034084527
-min	0.0	0.995180722892	0.00481927710844	0.0
-owu	0.469410806693	0.498804801807	0.00945651317345	0.0223278783262
-age	0.518151565573	0.331719860838	0.0737407351384	0.0763878384511
-ege	0.238740864487	0.512054059147	0.091628114662	0.157576961704
-one	0.163877746475	0.5292311218	0.0704646705584	0.236426461167
-ggu	0.176803709746	0.803652144191	0.011046691253	0.00849745480997
-ega	0.14721268189	0.295726720223	0.0647892748961	0.49227132299
-ona	0.143129989371	0.820769966603	0.0120333480088	0.0240666960175
-ego	0.420496477692	0.151794699765	0.342167058034	0.0855417645085
-ono	0.250538898272	0.490309908282	0.0354543636634	0.223696829783
-dap	0.0	1.0	0.0	0.0
-oni	0.230581282734	0.218358797032	0.0310140702569	0.520045849977
-450	0.2	0.508108108108	0.0324324324324	0.25945945946
-dam	0.094503207907	0.819143402115	0.00104040228889	0.0853129876886
-egu	0.5536159601	0.32668329177	0.0	0.11970074813
-gge	0.204577298369	0.142442969956	0.0939936173228	0.558986114352
-kta	0.0661313179027	0.88427019367	0.0283419933868	0.0212564950401
-ggi	0.274580964197	0.486428081479	0.0597800871128	0.179210867211
-ani	0.130709105565	0.689599686842	0.0646264800339	0.115064727559
-ulu	0.245017782361	0.507028767441	0.15093962415	0.0970138260485
-ggo	0.385173321328	0.270344600126	0.0727689505189	0.271713128028
-ano	0.262423624718	0.331995475307	0.0529111504389	0.352669749536
-tam	0.0	1.0	0.0	0.0
-tan	0.119612372528	0.836385148459	0.0284523071722	0.0155501718407
-yit	0.0	1.0	0.0	0.0
-yis	0.0194231149777	0.95144698482	0.00572671694675	0.0234031832557
-yim	0.193935974762	0.637747356405	0.123160503899	0.0451561649333
-yin	0.0234598622177	0.941904970697	0.00604294263194	0.0285922244531
-tat	0.0	1.0	0.0	0.0
-mno	0.0419880034276	0.916827054649	0.00717820338542	0.0340067385384
-mbu	0.275752768477	0.454974052969	0.157054279445	0.112218899109
-tus	0.00801797839226	0.969327045269	0.000725971658346	0.0219290046801
-ens	0.00824175824175	0.991758241758	0.0	0.0
-iya	0.109235649587	0.490552709219	0.0190118804901	0.381199760704
-mis	0.0177181767649	0.970817120623	0.00729571984437	0.00416898276821
-eno	0.379250934074	0.13566727936	0.0293884591609	0.455693327405
-eni	0.299804006222	0.338209440918	0.0428409840025	0.319145568857
-ene	0.0636438574523	0.0215575166648	0.0012344131188	0.913564212764
-ena	0.0647384842878	0.807602597612	0.0101584084449	0.117500509656
