-eus	0.0599229561992	0.920102725068	0.019974318733	0.0
-cas	0.152864733155	0.683677958645	0.0284273579478	0.135029950252
-car	0.0	1.0	0.0	0.0
-eun	0.595188284519	0.324267782427	0.071129707113	0.00941422594141
-rbe	0.166666666667	0.712121212121	0.121212121212	0.0
-sko	0.435758953951	0.387530794012	0.0923820352473	0.0843282167899
-caz	0.0	1.0	0.0	0.0
-ádi	0.72612440984	0.172492338275	0.0802617410752	0.0211215108092
-ivo	0.127777777778	0.769444444445	0.0944444444444	0.00833333333335
-hbi	0.151367234967	0.81264811193	0.0121638264012	0.0238208267024
-nso	0.0262009571827	0.93752079441	0.0161236659586	0.0201545824482
-jra	0.316292736206	0.630346312379	0.00516396304011	0.0481969883743
-ufo	0.0	0.978260869565	0.0217391304348	0.0
-aum	0.0946196660482	0.901669758813	0.0	0.00371057513914
-jre	0.366559650964	0.417196600193	0.0365293984483	0.179714350394
-nto	0.179754020814	0.273888363292	0.0378429517502	0.508514664144
-nta	0.0503538898652	0.151874922882	0.0161434870478	0.781627700205
-nte	0.0503182521934	0.576810596938	0.0245140202993	0.348357130569
-uan	0.10347426489	0.733277636479	0.0179279072871	0.145320191344
-lta	0.0714285714286	0.892857142857	0.0	0.0357142857143
-pra	0.276326141604	0.565170113281	0.0859681329435	0.0725356121712
-pre	0.639871382637	0.167202572347	0.192926045016	0.0
-más	0.00388672959468	0.962798445308	0.0	0.0333148250972
-són	0.0264900662252	0.965562913907	0.00794701986755	0.0
-aré	0.0	1.0	0.0	0.0
-nmu	0.179362206015	0.761079094205	0.0378187302848	0.021739969495
-mán	0.0	0.562707051585	0.437292948415	0.0
-ope	0.272727272727	0.487272727273	0.0436363636364	0.196363636364
-dea	0.268106280271	0.591262319178	0.0769572131951	0.063674187356
-dec	0.0747795969773	0.890979219144	0.020072418136	0.0141687657431
-imu	0.205270608734	0.457856909507	0.10154633562	0.23532614614
-deo	0.00884086444008	0.988212180747	0.00294695481336	0.0
-ima	0.186002737851	0.143651608487	0.0521902806297	0.618155373032
-oko	0.0844975509908	0.190862846988	0.0115730867782	0.713066515243
-des	0.0439138833094	0.849387331177	0.0519814596094	0.0547173259047
-oke	0.108624179072	0.124020548328	0.0461480388798	0.72120723372
-odi	0.242303324858	0.216455097128	0.0561948081544	0.48504676986
-imo	0.293186446954	0.505924828735	0.0747083873357	0.126180336975
-lla	0.100917020097	0.743652508832	0.0493054909179	0.106124980154
-obi	0.177116773676	0.201093499197	0.0293439004815	0.592445826645
-lle	0.0879035213197	0.262144114603	0.0106469079806	0.639305456097
-idi	0.342806543071	0.481998938947	0.121279437364	0.0539150806182
-rpa	0.0450901803607	0.924849699399	0.0150300601202	0.0150300601202
-eca	0.062015503876	0.891472868217	0.046511627907	0.0
-ide	0.126865671642	0.798507462687	0.0746268656716	0.0
-llo	0.0	0.989830508475	0.0101694915254	0.0
-ida	0.317547750197	0.611631733314	0.0429215251449	0.0278989913442
-llu	0.544718135229	0.270788560093	0.0972061497768	0.0872871549016
-bia	0.0464828158152	0.898714885108	0.00939669184664	0.0454056072299
-idu	0.599404428455	0.194516423691	0.0488921690653	0.157186978788
-eja	0.10940960092	0.834937941824	0.00713057719573	0.0485218800605
-ter	0.0200668896321	0.909698996656	0.0702341137123	0.0
-tes	0.0175438596491	0.982456140351	0.0	0.0
-ute	0.640604684236	0.257845790238	0.0563633351826	0.0451861903432
-rio	0.0422535211268	0.908450704225	0.0339308578745	0.0153649167733
-rim	0.0	1.0	0.0	0.0
-eru	0.103223961466	0.124705548904	0.0543490976497	0.71772139198
-tea	0.0563128860186	0.839801956814	0.0365806555307	0.0673045016368
-riu	0.79512195122	0.107317073171	0.0780487804878	0.019512195122
-ris	0.0344827586207	0.965517241379	0.0	0.0
-utu	0.784945282985	0.140428513152	0.0372820631064	0.0373441407566
-ten	0.508342449582	0.241364754041	0.163406678354	0.0868861180228
-teo	0.140677393361	0.716942632113	0.0406150087078	0.101764965818
-lux	0.271604938272	0.530864197531	0.0493827160493	0.148148148148
-are	0.157544099829	0.127681291299	0.064493093338	0.650281515534
-ara	0.308376953487	0.513075754907	0.13440181667	0.0441454749365
-nza	0.204906607193	0.652913298021	0.0334541399498	0.108725954837
-íge	0.161724137931	0.650689655172	0.0972413793104	0.0903448275862
-aro	0.169296573733	0.668698196002	0.0333540179956	0.128651212269
-rón	0.101383796175	0.859289016987	0.0393271868375	0.0
-jia	0.364361392479	0.465362673187	0.0957620211899	0.0745139131447
-aru	0.233690621404	0.43260837594	0.0719117939668	0.261789208689
-mea	0.427531351757	0.440876719854	0.0900066003699	0.0415853280189
-mec	0.0	1.0	0.0	0.0
-meo	0.306164757229	0.424877250409	0.14566284779	0.123295144572
-mei	0.0	1.0	0.0	0.0
-bán	0.103448275862	0.534482758621	0.362068965517	0.0
-rro	0.154373583498	0.818802536076	0.00258197779499	0.0242419026308
-ayo	0.029776674938	0.936724565757	0.0111662531017	0.0223325062035
-bás	0.0923589621519	0.8177814806	0.0497897326033	0.040069824645
-sri	0.22667388558	0.677134091319	0.0162425554954	0.0799494676051
-aón	0.190147031626	0.795288514888	0.0145644534862	0.0
-ere	0.209678370341	0.220645655273	0.117844314926	0.45183165946
-ubi	0.488359089567	0.309421527556	0.0809577038988	0.121261678978
-dán	0.0864973526997	0.793822022141	0.055126136074	0.0645544890852
-xad	0.0	1.0	0.0	0.0
-uba	0.58637701229	0.307322139519	0.0255495932145	0.0807512549766
-ube	0.0604925621552	0.561276561802	0.00638788281668	0.371842993226
-ota	0.103448275862	0.850574712644	0.0229885057471	0.0229885057471
-tán	0.0	1.0	0.0	0.0
-ote	0.300309152194	0.317070502255	0.0187602017552	0.363860143796
-oam	0.0	1.0	0.0	0.0
-oto	0.528904332102	0.230440885029	0.1037685761	0.13688620677
-uma	0.14137698607	0.541925587829	0.280982015519	0.0357154105817
-ába	0.0	1.0	0.0	0.0
-eví	0.0881051209503	0.892425739526	0.00464934675199	0.014819792772
ALL	0.2289608996	0.267349158167	0.0477550811198	0.455934861113
-kie	0.436245318927	0.440358524157	0.0245564491374	0.0988397077782
-gdo	0.230228508781	0.626518196866	0.0	0.143253294353
-gda	0.28608001705	0.567169252081	0.0557510122056	0.0909997186629
-ake	0.291943987067	0.282037364867	0.150973537702	0.275045110364
-kin	0.0566214559554	0.793831286845	0.136668651532	0.0128786056683
-aka	0.215434734266	0.696159027091	0.0652759176109	0.0231303210323
-aús	0.245076586433	0.754923413567	0.0	0.0
-aúl	0.497807017544	0.464912280702	0.0175438596491	0.0197368421053
-sio	0.076923076923	0.897435897436	0.0	0.025641025641
-kiu	0.808193668529	0.124767225326	0.0446927374302	0.0223463687151
-nas	0.0326086956522	0.880434782609	0.0326086956522	0.0543478260869
-sia	0.436813186813	0.436813186813	0.10989010989	0.0164835164835
-sie	0.118766082455	0.313439182827	0.540205595067	0.027589139651
-mos	0.101941747573	0.895631067961	0.0	0.00242718446602
-mor	0.0651015979483	0.777470901559	0.0	0.157427500493
-amu	0.114923707273	0.667541449714	0.0974904570515	0.120044385962
-gog	0.046511627907	0.906976744186	0.046511627907	0.0
-aán	0.357142857143	0.547619047619	0.0476190476191	0.047619047619
-mol	0.0258064516129	0.845161290323	0.129032258065	0.0
-ber	0.0	1.0	0.0	0.0
-eor	0.0494466682364	0.950553331764	0.0	0.0
-bet	0.10912577	0.669971035777	0.0460979888222	0.174805205401
-cob	0.0312681869821	0.940482709795	0.0121264443104	0.0161226589126
-bel	0.0757784135884	0.898962115215	0.00631486779904	0.0189446033971
-bea	0.0640055729405	0.864843047461	0.0317421025364	0.0394092770621
-rla	0.018320610687	0.932824427481	0.0488549618321	0.0
-cos	0.145171951683	0.795310490954	0.0376500842101	0.0218674731523
-cor	0.0	1.0	0.0	0.0
-iso	0.0392156862745	0.960784313725	0.0	0.0
-ren	0.478371501272	0.0814249363868	0.409669211196	0.030534351145
-reo	0.130519300194	0.650097195224	0.186059427937	0.0333240766454
-isi	0.0365193229182	0.927670191953	0.0221157390343	0.0136947460943
-rea	0.255337031434	0.716344483667	0.0176500252144	0.0106684596851
-isa	0.0889043528338	0.806148403595	0.0594923864828	0.0454548570881
-eve	0.10294117647	0.0882352941176	0.0529411764707	0.755882352941
-rey	0.0489693840507	0.766528175548	0.0354967528539	0.149005687548
-eva	0.278005464481	0.568989071038	0.107103825137	0.0459016393443
-res	0.142988084326	0.514207149404	0.0247479376719	0.318056828598
-ret	0.203157894737	0.664210526316	0.018947368421	0.113684210526
-dia	0.14864737281	0.548633153553	0.014338778883	0.288380694754
-hab	0.0131926121372	0.970976253298	0.0	0.0158311345646
-naí	0.344370860927	0.479028697572	0.150110375276	0.0264900662252
-kwa	0.247767121903	0.705656459449	0.0395981655599	0.00697825308762
-mas	0.105782792666	0.887165021157	0.00705218617773	0.0
-mar	0.0957652207491	0.806410091389	0.0901016861887	0.00772300167332
-mau	0.345790591069	0.271526825761	0.103495134808	0.279187448362
-ham	0.0620036771683	0.883229383346	0.0375998264679	0.0171671130181
-mai	0.116977666529	0.193630314047	0.0477155241797	0.641676495244
-jun	0.568678280942	0.094712246047	0.0804055024084	0.256203970602
-uni	0.44540954416	0.151286913783	0.0420875026508	0.361216039406
-une	0.119047619048	0.880952380952	0.0	0.0
-una	0.0655391100977	0.289749601185	0.00536094902856	0.639350339689
-nke	0.356688085834	0.323792961151	0.0534987914874	0.266020161528
-nka	0.0377358490566	0.0188679245283	0.0	0.943396226415
-pta	0.045045045045	0.954954954955	0.0	0.0
-pto	0.112727272727	0.658181818182	0.0727272727272	0.156363636364
-unu	0.436529191216	0.342081771112	0.175861453312	0.0455275843599
-beu	0.0235052487449	0.897946143314	0.0675947056139	0.0109539023277
-666	0.232475598935	0.430346051464	0.115350488021	0.221827861579
-wna	0.0800426894343	0.909284951974	0.0	0.0106723585912
-tre	0.196424670574	0.196859156049	0.170409940215	0.436306233162
-ade	0.375111525271	0.278158193763	0.0779671831297	0.268763097836
-nle	0.2789706358	0.441614803229	0.198367153604	0.0810474073678
-ada	0.400621474846	0.218229089615	0.0251989093503	0.355950526189
-tro	0.0894403254821	0.384004976379	0.0598510448714	0.466703653268
-gai	0.359395827755	0.280918417049	0.0207059026264	0.33897985257
-adi	0.256827365339	0.225176071635	0.04589992381	0.472096639216
-gau	0.699160835532	0.0717175270148	0.0128009807547	0.216320656699
-adu	0.691875948378	0.109131046758	0.0568809098574	0.142112095007
-gar	0.144741573492	0.632724714736	0.198657884212	0.0238758275602
-ire	0.0631639222628	0.0347147344488	0.0171532167768	0.884968126512
-nor	0.0	1.0	0.0	0.0
-seo	0.0564273507859	0.875621079909	0.0204824043824	0.0474691649222
-ini	0.224394129042	0.112089171002	0.0277148454674	0.635801854489
-sem	0.0	1.0	0.0	0.0
-ino	0.0684647302904	0.719917012448	0.174273858921	0.0373443983402
-ina	0.272558604906	0.60550852632	0.107042830525	0.0148900382493
-sec	0.0	1.0	0.0	0.0
-ine	0.23389026529	0.089031681443	0.0235825681681	0.653495485099
-hie	0.453175722399	0.297796007439	0.125111224603	0.123917045559
-uim	0.0	1.0	0.0	0.0
-uia	0.157164264623	0.597955840076	0.0215156228691	0.223364272432
-eñe	0.53832928203	0.254283512183	0.0935554633308	0.113831742456
-set	0.0	1.0	0.0	0.0
-inu	0.299506308283	0.622843908088	0.0	0.0776497836289
-blo	0.0770510678699	0.715423561446	0.00788494171687	0.199640428968
-eda	0.502231553405	0.312894606271	0.0910089471293	0.0938648931945
-bli	0.138669869284	0.328807895149	0.483177553827	0.0493446817399
-tku	0.632774406797	0.14956074254	0.00630348360167	0.211361367061
-ble	0.0285432193815	0.931564708776	0.0279158958786	0.0119761759642
-ian	0.00502347690817	0.11855526256	0.00287155027773	0.873549710254
-nes	0.0537513997761	0.778275475924	0.030235162374	0.137737961926
-neo	0.183544303797	0.658227848101	0.00632911392405	0.151898734177
-tka	0.866071428571	0.0	0.0535714285715	0.0803571428571
-bed	0.208333333333	0.791666666667	0.0	0.0
-ias	0.14897921648	0.813316167004	0.0165532462755	0.0211513702409
-edu	0.75741133356	0.100081681988	0.0156602041629	0.126846780289
-ooz	0.0178571428571	0.982142857143	0.0	0.0
-nea	0.246551044541	0.418309026409	0.256306661411	0.0788332676389
-ban	0.217390235871	0.597923906045	0.0653694356111	0.119316422473
-eka	0.0592193808883	0.838492597577	0.0551816958278	0.0471063257066
-lge	0.065907615213	0.329939245335	0.0659076152129	0.538245524239
-eke	0.180619644034	0.260382333553	0.177191825972	0.38180619644
-bai	0.104561747647	0.131230113469	0.00728486486942	0.756923274015
-jon	0.147827305205	0.636724496229	0.0369159642282	0.178532234338
-job	0.0483870967742	0.870967741936	0.0645161290323	0.016129032258
-ídi	0.117263843648	0.843648208469	0.0195439739414	0.0195439739414
-que	0.0	1.0	0.0	0.0
-asa	0.0	0.858823529412	0.0	0.141176470588
-qui	0.0	1.0	0.0	0.0
-tré	0.166666666667	0.777777777778	0.0555555555555	0.0
-dre	0.331352262843	0.351150548938	0.164822473082	0.152674715137
-dra	0.0185653935907	0.928213811449	0.0495077162417	0.00371307871813
-dro	0.0511308493358	0.830636110436	0.00867486920918	0.109558171019
-dri	0.266359685822	0.294499651086	0.157742925647	0.281397737445
-gaú	0.488235294118	0.335294117647	0.141176470588	0.0352941176471
-zor	0.0	1.0	0.0	0.0
-ras	0.224701808388	0.708605874054	0.0307810696421	0.0359112479158
-eri	0.0687240367641	0.137633659147	0.300951777303	0.492690526787
-ram	0.0	1.0	0.0	0.0
-uía	0.348776678813	0.60437272254	0.0156168662155	0.031233732431
-red	0.0	1.0	0.0	0.0
-ero	0.114113732784	0.827779607081	0.0151427465315	0.042963913604
-era	0.0518981297736	0.917186621726	0.00630594511611	0.0246093033845
-rac	0.0425531914894	0.957446808511	0.0	0.0
-ugu	0.564407613369	0.221268693476	0.0394460953754	0.174877597779
-ela	0.0	1.0	0.0	0.0
-pos	0.0747508305648	0.784053156146	0.0249169435216	0.116279069767
-nro	0.0580296896087	0.937921727395	0.0	0.00404858299595
-uge	0.423084513541	0.274612249658	0.0529969340283	0.249306302772
-uga	0.193854254775	0.646877760033	0.120704507912	0.0385634772809
-nre	0.201961526446	0.0888380074886	0.32845516495	0.380745301116
-aza	0.363922721546	0.501259974801	0.0314993700126	0.103317933641
-ike	0.183473808647	0.152135257659	0.0974768177352	0.56691411596
-lac	0.196023522823	0.803976477177	0.0	0.0
-aat	0.0	1.0	0.0	0.0
-lan	0.0195227765727	0.866052060738	0.0	0.11442516269
-lao	0.461538461539	0.538461538461	0.0	0.0
-aam	0.0	1.0	0.0	0.0
-noi	0.142750483022	0.809317727163	0.031460580235	0.0164712095795
-eón	0.118427683521	0.812699479254	0.0285570300689	0.0403158071561
-las	0.0985926095872	0.809966446321	0.00150561378855	0.089935330303
-noc	0.0965250965251	0.694980694981	0.177606177606	0.030888030888
-aac	0.0555188705943	0.914488702978	0.00943327574543	0.0205591506818
-dor	0.0543211572811	0.87958074077	0.0231122539109	0.0429858480381
-dos	0.245026586844	0.123253107996	0.0137194933006	0.618000811859
-gea	0.29160116965	0.340398559911	0.205770498453	0.162229771986
-fán	0.0	1.0	0.0	0.0
-boi	0.40578640326	0.2308913307	0.0578157883787	0.305506477661
-fás	0.0806142034549	0.905950095969	0.00383877159309	0.00959692898273
-doc	0.0	1.0	0.0	0.0
-ges	0.025	0.925	0.05	0.0
-doi	0.0987814272709	0.0647104138945	0.00441207367462	0.83209608516
-gla	0.0959752321982	0.876160990712	0.0278637770898	0.0
-gle	0.170403476651	0.218214410737	0.166426010306	0.444956102305
-gli	0.213719658495	0.43717572989	0.154732362014	0.194372249601
-ddi	0.747191011236	0.23595505618	0.0	0.0168539325843
-toi	0.343398553374	0.302187187874	0.0252036286092	0.329210630142
-óge	0.0375	0.8984375	0.0145833333333	0.0494791666666
-oli	0.173867875883	0.319105561076	0.250889817261	0.25613674578
-tor	0.666666666667	0.333333333333	0.0	0.0
-tos	0.101991688628	0.121877604343	0.0488771763858	0.727253530644
-olo	0.328422938136	0.460345833535	0.16700794161	0.0442232867192
-ola	0.402597402597	0.454545454545	0.0779220779221	0.0649350649351
-ole	0.0149651218044	0.0283204114277	0.0059976863019	0.950716780466
-sam	0.0	1.0	0.0	0.0
-ñeu	0.566502131101	0.183788473525	0.0955204770969	0.154188918277
-cla	0.00436681222706	0.995633187773	0.0	0.0
-ége	0.299885419473	0.517423321443	0.0846048422372	0.0980864168472
-ien	0.380194187254	0.267440518818	0.0556932878119	0.296672006116
-avo	0.337662337662	0.623376623377	0.0389610389611	0.0
-ámu	0.0113895216401	0.96583143508	0.0	0.0227790432802
-loc	0.0	0.904761904762	0.0952380952381	0.0
-oce	0.0	0.825119236884	0.0	0.174880763116
-iez	0.100743019169	0.381150025102	0.0191891465085	0.49891780922
-rom	0.0	1.0	0.0	0.0
-lot	0.103799185889	0.815637720488	0.0500339213026	0.0305291723202
-los	0.0857508143174	0.847369093348	0.00862218410416	0.0582579082308
-cge	0.150055991041	0.829787234043	0.020156774916	0.0
-hku	0.805682221535	0.0493602784191	0.00651042894667	0.138447071099
-ipo	0.0229885057471	0.977011494253	0.0	0.0
-ión	0.208886852955	0.780119102153	0.0054970224462	0.00549702244619
-iti	0.0161953366216	0.0177559846199	0.000712189526878	0.965336489232
-húm	0.0	1.0	0.0	0.0
-ipe	0.0235580828595	0.94421879231	0.0194576612123	0.0127654636184
-noé	0.120251593147	0.840436977572	0.00993130844988	0.0293801208309
-hke	0.34424418177	0.0937132615553	0.0242020690915	0.537840487583
-rdo	0.129322511074	0.671880803679	0.0891104737568	0.10968621149
-ibu	0.251461988304	0.393762183236	0.0584795321637	0.296296296296
-oña	0.0373517827985	0.886707909827	0.0366829520834	0.0392573552913
-kde	0.102770780856	0.789420654912	0.101763224181	0.00604534005038
-saú	0.0449438202247	0.955056179775	0.0	0.0
-sto	0.0638373194095	0.766809931698	0.0179345408227	0.151418208069
-sta	0.0731076711305	0.791494308399	0.0105257295785	0.124872290892
-saí	0.00887573964499	0.991124260355	0.0	0.0
-cum	0.0701754385965	0.789473684211	0.0	0.140350877193
-rpo	0.0	1.0	0.0	0.0
-loé	0.172233820459	0.749478079332	0.0469728601252	0.0313152400835
-cua	0.0185162709786	0.942195002785	0.00784218535565	0.0314465408805
-ibi	0.255672495898	0.33114570411	0.144863740046	0.268318059946
-ódi	0.469135802469	0.423868312757	0.0164609053498	0.0905349794237
-len	0.226686274169	0.0980199909732	0.11074067842	0.564553056437
-lea	0.217298227287	0.632664236651	0.0524456475954	0.0975918884664
-hru	0.496532027744	0.355773153815	0.106079151367	0.0416156670746
-leg	0.0	1.0	0.0	0.0
-ití	0.392761719699	0.46448208095	0.088656788924	0.0540994104268
-hra	0.100877061064	0.720098702694	0.14615838768	0.0328658485626
-obe	0.791054048457	0.15924622075	0.0372747980948	0.0124249326983
-áge	0.311523336731	0.383595640503	0.115783018389	0.189098004377
-eel	0.0	1.0	0.0	0.0
-rra	0.0830130668716	0.898539584935	0.0	0.0184473481937
-ánu	0.481197962752	0.394090346395	0.0421231043382	0.0825885865149
-ndu	0.804019034301	0.0896827562599	0.0327019245829	0.0735962848557
-iba	0.816254932474	0.1127139721	0.0170812955038	0.0539497999221
-ndi	0.389256143287	0.391671763148	0.0976989854696	0.121373108095
-udá	0.102752293578	0.897247706422	0.0	0.0
-ndo	0.0	1.0	0.0	0.0
-ali	0.217287321893	0.218264680447	0.105273414334	0.459174583327
-nda	0.611207643569	0.162446248873	0.0343088327687	0.192037274789
-ale	0.316849623169	0.30285791212	0.0902393143171	0.290053150393
-nde	0.0236220472441	0.881889763779	0.0	0.0944881889764
-gia	0.400367567045	0.507462578289	0.0624622155587	0.0297076391072
-ala	0.0	0.925	0.0	0.0749999999999
-bda	0.155906883775	0.661627189115	0.0538238728735	0.128642054236
-uva	0.116647893174	0.780463938032	0.00605130848811	0.0968368603057
-bdi	0.40488301119	0.457782299085	0.0	0.137334689725
-bdu	0.073853033075	0.926146966925	0.0	0.0
-mla	0.477752546445	0.452847575324	0.0400273156605	0.029372562571
-mle	0.0561029009305	0.928845101259	0.00273672687466	0.012315270936
-mli	0.364640883978	0.469613259669	0.165745856354	0.0
-abé	0.0922913968402	0.812069697812	0.0217734873551	0.0738654179929
-iel	0.117798796217	0.85124677558	0.018056749785	0.0128976784179
-gwa	0.107181676873	0.262656922208	0.0507331762929	0.579428224625
-chi	0.101187984969	0.775916198358	0.0464125148455	0.0764833018276
-gwe	0.165269644702	0.421124208966	0.079795370057	0.333810776275
-cho	0.0327363856189	0.723559410329	0.15913520787	0.0845689961822
-gwi	0.207547169811	0.716981132075	0.0377358490566	0.0377358490566
-cha	0.0365718194164	0.0322520208735	0.000911797934575	0.930264361776
-mge	0.179664626031	0.728427333654	0.040072461753	0.0518355785618
-loi	0.0	0.980392156863	0.0196078431373	0.0
-ogu	0.547368421053	0.347368421053	0.0	0.105263157895
-che	0.0858340371487	0.0436724220857	0.0104958587882	0.859997681977
-oré	0.0	1.0	0.0	0.0
-elo	0.0279069767442	0.972093023256	0.0	0.0
-ogo	0.772162757504	0.123005939471	0.0407111856406	0.0641201173839
-oga	0.345063135032	0.284932555323	0.222269565663	0.147734743982
-aén	0.0	0.933333333333	0.0666666666667	0.0
-oge	0.403850639431	0.336089751506	0.0336179498972	0.226441659165
-lán	0.0652173913044	0.876811594203	0.0	0.0579710144928
-itu	0.541926551519	0.238292960198	0.0566109952781	0.163169493005
-esu	0.0210076109121	0.427842143972	0.002589013064	0.548561232052
-ito	0.175954706138	0.689863648973	0.0774220622649	0.056759582625
-mín	0.0	1.0	0.0	0.0
-eso	0.125	0.65	0.075	0.15
-lás	0.0634920634921	0.904761904762	0.031746031746	0.0
-esa	0.244479495268	0.731861198738	0.0236593059937	0.0
-ite	0.214298999172	0.212269834241	0.0627904281479	0.510640738438
-ita	0.038753519767	0.180689147389	0.0213435757898	0.759213757055
-spe	0.0508806262231	0.909980430528	0.0391389432485	0.0
-udu	0.848322322542	0.0267518092842	0.00235797852583	0.122567889648
-fté	0.0	1.0	0.0	0.0
-ria	0.164394022036	0.72215555798	0.0818152067198	0.0316352132649
-spo	0.0	1.0	0.0	0.0
-fas	0.151969981238	0.803001876173	0.0337711069418	0.0112570356473
-uda	0.408239826542	0.411950917458	0.0923751046834	0.087434151316
-bre	0.0799139925763	0.66439280266	0.0308668588195	0.224826345944
-ude	0.232956181192	0.678973255466	0.0422531742961	0.045817389046
-udi	0.269526008882	0.241217855973	0.0280448781627	0.461211256982
-hui	0.0362567514922	0.614580128119	0.0640988679609	0.285064252428
-abe	0.422454145632	0.464636660269	0.0529413281342	0.0599678659643
-gad	0.0	1.0	0.0	0.0
-aba	0.261205203903	0.414521853239	0.095581800247	0.228691142611
-njo	0.586836598821	0.213429712764	0.188320334792	0.0114133536237
-tra	0.156052256787	0.686926879012	0.101953236511	0.0550676276895
-abo	0.488991336142	0.29248469915	0.10501947381	0.113504490899
-abi	0.116827041262	0.31154095305	0.067957429144	0.503674576544
-ómu	0.318181818182	0.681818181818	0.0	0.0
-nco	0.0134918657221	0.0140258445766	0.0128154925065	0.959666797195
-gbe	0.531770334452	0.0672120891608	0.016437001784	0.384580574603
-nce	0.0538022592291	0.780715034354	0.0562478164667	0.10923488995
-gbi	0.32962260803	0.600810631602	0.00646263903546	0.0631041213333
-koi	0.417098445596	0.582901554404	0.0	0.0
-ael	0.124019957234	0.818246614398	0.0534568781183	0.00427655024946
-oru	0.100588359763	0.0915989749256	0.238976924072	0.568835741239
-gra	0.35	0.53	0.04	0.08
-oro	0.0396084104667	0.781732376364	0.175288284619	0.00337092855036
-gbu	0.730030424551	0.0384438539155	0.00589602863973	0.225629692894
-ora	0.0878195597562	0.663639324586	0.0	0.248541115658
-uñu	0.337037329068	0.418966410597	0.0699779224582	0.174018337877
-gme	0.246991482877	0.550779079784	0.1810003415	0.0212290958393
-liu	0.563355233908	0.304994319024	0.0363088475028	0.0953415995653
-rut	0.0	1.0	0.0	0.0
-lis	0.129032258065	0.870967741935	0.0	0.0
-uña	0.134795314621	0.573915180042	0.0766841803016	0.214605325036
-lin	0.24114229139	0.178183069607	0.0396008959977	0.541073743005
-kru	0.348092255125	0.510250569476	0.0170842824601	0.124572892938
-uñe	0.638916562795	0.245299709723	0.0319336551393	0.0838500723423
-sué	0.0435142975549	0.956485702445	0.0	0.0
-lie	0.3633174591	0.533926768436	0.0404285006417	0.0623272718226
-ice	0.184881209503	0.695896328294	0.0725701943844	0.0466522678186
-rua	0.0639499169877	0.250500175563	0.0171472906841	0.668402616766
-lia	0.377405734442	0.276841952654	0.0729478710261	0.272804441879
-eas	0.0724688029793	0.706233845641	0.0408548956394	0.18044245574
-odu	0.512577977926	0.325929275405	0.0465099110405	0.114982835628
-édi	0.391657882849	0.33202830899	0.199518144858	0.0767956633037
-oda	0.254010695187	0.676470588235	0.0	0.0695187165775
-ode	0.296036204744	0.557116104869	0.0266853932584	0.120162297129
-rno	0.348879911862	0.604296731546	0.0247888358428	0.0220345207492
-bge	0.022758306782	0.804278561675	0.0364132908512	0.136549840692
-rni	0.0	1.0	0.0	0.0
-zer	0.0	1.0	0.0	0.0
-ipa	0.0505099562895	0.850300743453	0.0638846340643	0.0353046661934
-rge	0.244271918197	0.750047339519	0.00568074228367	0.0
-úge	0.72	0.28	0.0	0.0
-gba	0.166272914792	0.648117566623	0.0909344435236	0.0946750750608
-rgu	0.363382640246	0.0739603684064	0.0	0.562656991348
-apa	0.0127931769723	0.0852878464818	0.0639658848614	0.837953091685
-mes	0.166771159875	0.802507836991	0.0307210031348	0.0
-pan	0.12819481502	0.831014433831	0.0165976159849	0.0241931351644
-cdi	0.381625441696	0.565371024735	0.0	0.0530035335689
-aín	0.50037470456	0.478872427509	0.0	0.020752867931
-pas	0.212389380531	0.734513274336	0.0	0.0530973451327
-fat	0.0	1.0	0.0	0.0
-kea	0.0975609756097	0.90243902439	0.0	0.0
-icó	0.588571428571	0.325714285714	0.0171428571429	0.0685714285714
-nua	0.018412716532	0.954491760262	0.00835003632528	0.018745486881
-omé	0.0	1.0	0.0	0.0
-sui	0.5083172147	0.38916827853	0.0707930367505	0.0317214700194
-wli	0.0971913209717	0.158089973344	0.25573768069	0.488981024995
-fes	0.571942446043	0.26618705036	0.118705035971	0.0431654676259
-dio	0.0	0.980392156863	0.0	0.0196078431373
-aña	0.105770911728	0.539424405353	0.0703952576374	0.284409425282
-ría	0.016718869486	0.684630372613	0.00378557735619	0.294865180545
-feo	0.0	1.0	0.0	0.0
-sli	0.0	1.0	0.0	0.0
-ska	0.236630083436	0.401586701365	0.280813750917	0.0809694642821
-ske	0.281204643466	0.420805209383	0.139410614516	0.158579532635
-sús	0.0348072708521	0.928064973572	0.0293928064973	0.00773494907826
-ski	0.117537541619	0.721159203642	0.0140449819936	0.147258272746
-elí	0.0255319148936	0.948936170213	0.0	0.0255319148936
-ama	0.0169223284202	0.0101281987036	0.00408156111172	0.968867911765
-nnu	0.430638722555	0.513473053892	0.0359281437126	0.0199600798403
-nni	0.472826062444	0.336477528825	0.119974561785	0.0707218469467
-uke	0.0340879391518	0.13405062014	0.0402060690195	0.791655371689
-kle	0.65046240969	0.0339709647532	0.00694796921885	0.308618656338
-anu	0.278552515442	0.395388110603	0.106638571543	0.219420802412
-ngu	0.540330912937	0.329689966728	0.0833951248264	0.0465839955085
-nga	0.20186156662	0.405366548906	0.0655320482423	0.327239836232
-bnu	0.470347648262	0.488752556237	0.040899795501	0.0
-nge	0.29449194808	0.433871802828	0.0652445605217	0.206391688571
-ngi	0.182336226477	0.523515619659	0.0408684645553	0.253279689308
-ain	0.305119014116	0.181750181446	0.191607542251	0.321523262187
-lón	0.0	1.0	0.0	0.0
-ngo	0.353982300885	0.601769911504	0.0	0.0442477876106
-jau	0.7007140968	0.13636604073	0.0634752710923	0.099444591378
-ema	0.128749265462	0.11644553673	0.0174292933489	0.73737590446
-mmu	0.278801769223	0.655597814489	0.0656004162878	0.0
-emo	0.145060470173	0.73100964805	0.0220138605789	0.101916021199
-osé	0.0727011921526	0.867093497535	0.0223133805452	0.0378919297673
-emu	0.18024940434	0.69898769637	0.0561798318282	0.0645830674618
-rug	0.0	1.0	0.0	0.0
-lix	0.109142535806	0.865343895141	0.00728959115806	0.0182239778952
-das	0.11169581214	0.853564151801	0.00879494583779	0.0259450902215
-jai	0.674718620417	0.300729114961	0.0145496367787	0.0100026278426
-mdi	0.579317767577	0.378927609304	0.0147991069284	0.026955516191
-cio	0.0125786163522	0.987421383648	0.0	0.0
-ana	0.242913645353	0.599736321688	0.0346077785102	0.122742254449
-cia	0.227272727273	0.681818181818	0.0909090909091	0.0
-egu	0.751347126903	0.0837836955725	0.0225919789789	0.142277198546
-ser	0.0	1.0	0.0	0.0
-zar	0.0	1.0	0.0	0.0
-cis	0.0	1.0	0.0	0.0
-dai	0.0380834185039	0.897308609529	0.0309047549521	0.0337032170146
-etu	0.832372500979	0.0830509636613	0.0106130508057	0.0739634845536
-eta	0.156526572505	0.800945355521	0.0316698408321	0.0108582311424
-omu	0.201637584886	0.546670529781	0.158325369555	0.0933665157781
-ete	0.543156516792	0.15173234784	0.0414868145936	0.263624320774
-dón	0.0874524714829	0.906844106464	0.0	0.00570342205323
-eti	0.236404747693	0.210404471987	0.0573646831763	0.495826097144
-eto	0.365881032548	0.556677890011	0.020202020202	0.057239057239
-rco	0.0141388174807	0.978149100257	0.00771208226221	0.0
-ico	0.0931360040826	0.800331717275	0.103342689462	0.00318958918091
-énu	0.609958506224	0.265560165975	0.0497925311203	0.0746887966805
-atu	0.655392238351	0.221837723977	0.0448248280255	0.0779452096472
-ías	0.0775271469764	0.861260624043	0.0196122771382	0.0415999518426
-ede	0.682351842463	0.23172879366	0.0184112922593	0.0675080716173
-lio	0.144916879856	0.761076494915	0.0428030165936	0.0512036086353
-wen	0.524297058105	0.19633421957	0.0415765930351	0.237792129289
-ata	0.242180618506	0.59671062246	0.109360763627	0.0517479954072
-ato	0.0756357928352	0.829066891333	0.0397019605677	0.055595355264
-wea	0.3125	0.645833333333	0.0416666666667	0.0
-kai	0.753846153846	0.215384615385	0.0307692307692	0.0
-edi	0.391827610887	0.321256293013	0.13127196826	0.155644127839
-ulo	0.123645557979	0.74847254483	0.0219481043173	0.105933792874
-tam	0.0	1.0	0.0	0.0
-oso	0.3	0.5	0.2	0.0
-ula	0.237708679484	0.585892871272	0.129321940027	0.0470765092175
-ule	0.483757254144	0.0810348141238	0.0206301559456	0.414577775787
-lén	0.202309028578	0.694206991472	0.0078492864655	0.0956346934844
-nia	0.112245899154	0.755920471675	0.0859148522446	0.0459187769264
-nio	0.0968783638321	0.83853606028	0.0645855758881	0.0
-ulu	0.407508833922	0.464642226148	0.0757508833922	0.0520980565371
-ajo	0.45571626709	0.254012284525	0.039627501486	0.250643946899
-nbi	0.621951219512	0.237804878049	0.0365853658537	0.103658536585
-nba	0.423131887634	0.388622503227	0.0974425602928	0.0908030488468
-nós	0.0	1.0	0.0	0.0
-ate	0.249284195624	0.220327924729	0.160629039895	0.369758839752
-dbe	0.398112935654	0.226356631006	0.0322906129231	0.343239820416
-ldi	0.602148685611	0.341338978199	0.0175383112314	0.0389740249586
-dba	0.101861231299	0.473149901555	0.0255323482876	0.399456518858
-lda	0.100558659218	0.631284916201	0.268156424581	0.0
-tke	0.421245734208	0.311937394867	0.0385064326906	0.228310438234
-dbi	0.107156005404	0.671197378221	0.023616091146	0.198030525229
-rnu	0.509841119279	0.447474507944	0.0	0.0426843727768
-vid	0.0676781124741	0.895779195352	0.005232843748	0.0313098484255
-sge	0.101123595506	0.898876404494	0.0	0.0
-fre	0.015873015873	0.973544973545	0.010582010582	0.0
-ila	0.0734790059983	0.889631533847	0.00719794344473	0.0296915167096
-ilo	0.131979695431	0.715736040609	0.0964467005076	0.0558375634517
-ojo	0.37037037037	0.37037037037	0.259259259259	0.0
-ebi	0.175754590474	0.203587655148	0.0415696399216	0.579088114457
-iga	0.224004014404	0.374741680604	0.0586210791721	0.342633225819
-ige	0.373699962182	0.318914609114	0.0944852424263	0.212900186277
-eba	0.451753980789	0.354956920227	0.0870381534539	0.10625094553
-igi	0.217752095805	0.625836636198	0.0732427507949	0.0831685172017
-igo	0.09439530345	0.815340909091	0.0572116595316	0.0330521279275
-ebe	0.259259259259	0.740740740741	0.0	0.0
-lmo	1.0	0.0	0.0	0.0
-igu	0.524867653627	0.241952243631	0.0509404608388	0.182239641903
-kwe	0.358754232842	0.596031859589	0.0356751085038	0.0095387990652
-gde	0.0266051791415	0.888258247606	0.0673997871586	0.0177367860944
-oas	0.235294117647	0.676470588235	0.0	0.0882352941176
-usi	0.415816782966	0.584183217034	0.0	0.0
-iro	0.159692371433	0.752769290083	0.0220536192104	0.0654847192731
-iri	0.416744496331	0.390860573716	0.122348232155	0.0700466977985
-hia	0.139205285661	0.774205898449	0.000500513386646	0.0860883025034
-usa	0.703389830508	0.296610169492	0.0	0.0
-món	0.0612106773512	0.924251448373	0.00415110004151	0.0103867742343
-oma	0.0783986655546	0.71142618849	0.023352793995	0.18682235196
-mós	0.425373134328	0.488805970149	0.0186567164179	0.0671641791045
-tat	0.0	1.0	0.0	0.0
-agé	0.473272634216	0.311408021981	0.137216819761	0.0781025240418
-uli	0.407385348422	0.348421679571	0.203692674211	0.0405002977964
-iru	0.4245071384	0.325704396145	0.0888889565596	0.160899508896
-eis	0.00685617273202	0.0975100121887	0.0121887515236	0.883445063556
-hiu	0.608019712212	0.100960551537	0.115953633909	0.175066102342
-uza	0.0277777777778	0.972222222222	0.0	0.0
-egé	0.475427940364	0.267807840972	0.132523467697	0.124240750966
-ceo	0.0922953291797	0.862425096234	0.0380917893567	0.00718778522959
-aná	0.081081081081	0.693984306888	0.167393199651	0.0575414123801
-bén	0.0	1.0	0.0	0.0
-pia	0.0810810810811	0.891891891892	0.027027027027	0.0
-ira	0.217373863613	0.451964530728	0.123603441688	0.20705816397
-wia	0.0862111776566	0.817844124629	0.0709156461369	0.0250290515777
-rés	0.0280515542078	0.950214809199	0.00151630022745	0.0202173363659
-iun	0.533421868083	0.307215582116	0.110668437362	0.0486941124391
-iud	0.0	1.0	0.0	0.0
-tés	0.16	0.811764705882	0.00941176470587	0.0188235294118
-ace	0.0363636363636	0.763636363636	0.2	0.0
-uel	0.0944375014737	0.822089650782	0.0601287462567	0.0233441014879
-ueo	0.209426073736	0.609654123907	0.0577727099962	0.12314709236
-lco	0.177528089888	0.808988764045	0.0	0.0134831460674
-agu	0.520992220033	0.167346968599	0.0204156092604	0.291245202107
-ago	0.0460918478717	0.946016287465	0.00100747208463	0.00688439257829
-aga	0.285304973172	0.493125260795	0.0547155686152	0.166854197419
-age	0.27914742644	0.309697527202	0.0493326733319	0.361822373027
-rte	0.651996740016	0.299103504482	0.0488997555012	0.0
-ege	0.345669631317	0.268677788451	0.0663948029254	0.319257777306
-rta	0.0171363290175	0.714775323686	0.0	0.268088347296
-alí	0.0	1.0	0.0	0.0
-ega	0.246307478705	0.674668598693	0.0415367323776	0.0374871902238
-ona	0.117647058824	0.882352941176	0.0	0.0
-ego	0.0456420126478	0.398405279076	0.526807808634	0.0291448996426
-dau	0.0145454545455	0.247272727273	0.738181818182	0.0
-rto	0.0363636363636	0.945454545455	0.0	0.0181818181818
-oni	0.726224164881	0.051591065513	0.0169947777118	0.205189991895
-dam	0.0	1.0	0.0	0.0
-nfa	0.570731707317	0.429268292683	0.0	0.0
-onu	0.397106519487	0.420601930854	0.0791175595326	0.103173990127
-gge	0.206896551724	0.793103448276	0.0	0.0
-ane	0.455013255436	0.265627554248	0.0189058757471	0.26045331457
-ura	0.0481255918754	0.893413447409	0.00947000620449	0.0489909545113
-ani	0.337446027369	0.325696325577	0.0670621339191	0.269795513135
-dab	0.0	1.0	0.0	0.0
-ano	0.346383923774	0.545438263424	0.0759393917684	0.0322384210338
-tal	0.353535353535	0.525252525253	0.080808080808	0.040404040404
-mnu	0.4114490161	0.445438282648	0.143112701252	0.0
-tan	0.0321136629039	0.950369793694	0.0058388478007	0.0116776956014
-tai	0.138074874715	0.718246070706	0.100269380278	0.0434096743016
-mne	0.182835038855	0.395570388016	0.294023419578	0.127571153551
-sco	0.287572902647	0.684611933603	0.0	0.0278151637506
-nás	0.0895381964072	0.862661575968	0.0327099387263	0.0150902888981
-sca	0.244587128565	0.680155293415	0.02508585934	0.05017171868
-mno	0.287597909144	0.188927825074	0.349344081848	0.174130183934
-aal	0.311688311688	0.571428571428	0.0584415584416	0.0584415584416
-tar	0.0	1.0	0.0	0.0
-tas	0.0619834710744	0.938016528926	0.0	0.0
-mia	0.0	0.29702970297	0.683168316832	0.019801980198
-nán	0.0205479452055	0.979452054795	0.0	0.0
-nám	0.0	1.0	0.0	0.0
-sés	0.0316781350713	0.902699705824	0.0103192582114	0.0553029008931
-enu	0.208392516883	0.540653866354	0.0691825096565	0.181771107106
-mil	0.0298369570151	0.178860249491	0.0125388977686	0.778763895725
-min	0.0	1.0	0.0	0.0
-aso	0.483870967742	0.490322580645	0.0	0.0258064516129
-eno	0.235029603537	0.437607734393	0.260211346774	0.0671513152964
-eni	0.502741063724	0.180338744934	0.0650216983968	0.251898492945
-cnu	0.349243246825	0.543297292613	0.0537297302807	0.0537297302808
-ene	0.0655486870686	0.0325621349373	0.00630058921264	0.895588588781
-ena	0.117633784869	0.439985133171	0.0197118224476	0.422669259512
-sar	0.131415379151	0.786893979755	0.0470609128041	0.0346297282898
-oel	0.190591073583	0.741857659831	0.0	0.0675512665862
