-uìi	0.0225993377483	0.00562913907285	0.971771523179	0.0
-ivu	0.194988906017	0.805011093983	0.0	0.0
-e‐a	0.191588100239	0.167602950515	0.59987299106	0.0409359581847
-e‐n	0.497356670294	0.342347921452	0.0879039335584	0.0723914746951
-tɔn	0.222020841087	0.089549683662	0.0166914774842	0.671737997767
-fòo	0.416716718342	0.548836907294	0.00839244841972	0.0260539259451
-lɔn	0.0519328609012	0.157061019514	0.0299245831345	0.76108153645
-nlɛ	0.176114645794	0.709996681522	0.0713471615202	0.0425415111641
-ǹ‐a	0.653935185185	0.177083333333	0.12037037037	0.0486111111111
-trə	0.00961538461538	0.971153846154	0.0192307692307	0.0
-nkɔ	0.682542789723	0.291119597675	0.00982321767324	0.0165143949289
-díi	0.0089141661402	0.984681717225	0.00169967076558	0.00470444586902
-dín	0.281144495576	0.570814159002	0.0712437005138	0.0767976449087
-pàã	0.109633662565	0.605816931886	0.112312698305	0.172236707244
-kiĩ	0.534246575342	0.301369863014	0.0273972602739	0.13698630137
-zuĩ	0.65729935699	0.208779868223	0.0492180677939	0.0847027069938
-yaǹ	0.408191104625	0.539464500983	0.0295032041114	0.0228411902798
-lti	0.233644859813	0.757009345794	0.00934579439251	0.0
-nkɛ	0.252239743463	0.675405247556	0.0561561263733	0.0161988826077
-zin	0.207727044656	0.366783743101	0.368790767687	0.0566984445559
-ɔrɔ	0.150457124951	0.469489323525	0.0824538285899	0.297599722935
-siĩ	0.16584128308	0.636935481068	0.132235138751	0.0649880970999
-nsi	0.05	0.945	0.0	0.00499999999999
-‐gɔ	0.288982540638	0.313666465984	0.216736905479	0.180614087899
-zii	0.243430768458	0.623612887959	0.0272294019661	0.105726941616
-aɛ̃	0.431743384966	0.339052466833	0.145099243787	0.0841049044129
-ɔrɛ	0.495075664904	0.143953376616	0.285059356529	0.0759116019518
-zia	0.357294797688	0.484971098266	0.0253757225433	0.132358381503
-nti	0.00779896013864	0.961005199307	0.0103986135182	0.0207972270364
-à‐n	0.452054794521	0.547945205479	0.0	0.0
-‐da	0.390243902439	0.487804878049	0.0487804878049	0.0731707317073
-dɔǹ	0.107692307692	0.880769230769	0.0	0.0115384615384
-ɛ̌n	0.323809523809	0.614285714286	0.0440476190476	0.0178571428571
--dɛ	0.0444773906597	0.896219421794	0.0593031875463	0.0
-sóɛ	0.201840685497	0.197669674026	0.28517024074	0.315319399737
-kɛ́	0.73156899811	0.166351606805	0.102079395085	0.0
-fuə	0.106382978723	0.0212765957447	0.0425531914893	0.829787234043
-ɛ́ɛ	0.244656380409	0.322393979994	0.412722880921	0.0202267586763
-ɔkɔ	0.92523364486	0.0560747663551	0.0	0.018691588785
-ɛfu	0.0312032148767	0.946261129935	0.0165471594043	0.00598849578441
-pri	0.0224089635854	0.960784313726	0.0168067226891	0.0
-zuũ	0.136467034168	0.795003496143	0.00657672453823	0.0619527451501
-ɔ̃n	0.220089951992	0.596989987809	0.149554667629	0.033365392569
-ɛnɛ	0.0586703973738	0.0412020647039	0.0151506539032	0.884976884019
-ɔsi	0.0439208656124	0.919969268199	0.0192073756322	0.0169024905564
-opi	0.0	0.923076923077	0.0769230769231	0.0
-máa	0.159956411759	0.0516848543356	0.0262370494564	0.762121684449
-zɔ̃	0.846989326986	0.0455190281516	0.0109006093732	0.0965910354894
-yàa	0.0865087538619	0.907312049434	0.0	0.00617919670442
-imu	0.136523461181	0.757183849978	0.0254617467567	0.0808309420846
-dee	0.0158624876338	0.971209191474	0.00955571544203	0.00337260545013
-isĩ	0.334612165094	0.0725021290308	0.0267537096014	0.566131996274
-drə	0.0555555555555	0.944444444444	0.0	0.0
-400	0.32380952381	0.333333333333	0.0380952380952	0.304761904762
-ɔli	0.210790464241	0.548306148055	0.233375156838	0.00752823086575
-nyɔ	0.151205259313	0.720964207451	0.123447772096	0.00438276113951
-imi	0.461425297091	0.413095017567	0.0689888309843	0.0564908543568
-nyɛ	0.0	0.988372093023	0.0116279069767	0.0
-yɔɔ	0.142758504861	0.690036762648	0.144438016683	0.0227667158079
-nyə	0.315666406859	0.62587685113	0.0257209664848	0.0327357755261
-asɛ	0.130500927729	0.0426864451961	0.00870632564121	0.818106301433
-ɔle	0.222383086852	0.600379385691	0.131594275194	0.0456432522623
-obo	0.379746835443	0.569620253165	0.0	0.0506329113924
-ɛ‐n	0.332245899536	0.373297783009	0.0795849394457	0.21487137801
-idi	0.054945054945	0.824175824176	0.0	0.120879120879
-uə́	0.367407407407	0.421851851852	0.104074074074	0.106666666667
-ɛ‐a	0.237200193015	0.513948430649	0.0506735320112	0.198177844325
-í‐a	0.0182551790821	0.941489235596	0.0156312774204	0.0246243079019
-bie	0.0919264607159	0.0430753648109	0.0130731270684	0.851925047405
-bin	0.229152096104	0.246842473362	0.036614966882	0.487390463652
-pɔn	0.0119047619048	0.946428571429	0.0119047619048	0.0297619047619
-dɛn	0.127490039841	0.577689243028	0.119521912351	0.175298804781
-bii	0.286973348203	0.318272263573	0.0159056741842	0.378848714039
-ɛ-n	0.525925925926	0.140740740741	0.0444444444444	0.288888888889
-giĩ	0.0408509457776	0.85902990762	0.0286261527358	0.0714929938669
-ufu	0.358490566038	0.382075471698	0.183962264151	0.0754716981132
-rin	0.253748260476	0.638715301998	0.08489718752	0.0226392500053
-lɛ̀	0.0482123951462	0.886961478948	0.0241469175014	0.0406792084046
-uti	0.132352941176	0.867647058824	0.0	0.0
-rii	0.247552454576	0.60879089724	0.0805498283991	0.0631068197845
-tee	0.0267857142857	0.919642857143	0.0267857142857	0.0267857142857
-ten	0.159292035398	0.739570164349	0.0733249051833	0.0278128950695
-hɔn	0.0729166666667	0.927083333333	0.0	0.0
-bìn	0.537310836667	0.398156201078	0.0347886588972	0.0297443033571
-ara	0.137854247178	0.751796860026	0.0857015627954	0.024647330001
-̀fu	0.11610201751	0.478111914732	0.403502093643	0.00228397411496
-luu	0.331243813923	0.628175519631	0.0287033982184	0.0118772682283
-mee	0.0249110320285	0.960854092527	0.00711743772241	0.00711743772241
-lui	0.640571957618	0.198436374859	0.0303466721531	0.130644995371
-npɛ	0.48987102777	0.176539089498	0.0862750800682	0.247314802664
-lun	0.177848618651	0.333836528479	0.0334186955365	0.454896157334
-u‐a	0.317901388202	0.465655113448	0.0541108745875	0.162332623762
-u‐n	0.26561993332	0.631452734474	0.0478184864022	0.0551088458044
-ìsi	0.0423492181683	0.890171258377	0.0607315711094	0.0067479523455
-aya	0.410706036696	0.24815856603	0.0369939114389	0.304141485835
-goã	0.83990836232	0.0126038676239	0.00552138260729	0.141966387448
-rɔn	0.151182884441	0.720204053911	0.0774482904085	0.0511647712402
-ayi	0.0	1.0	0.0	0.0
-doɛ	0.633140376266	0.208248914616	0.065991316932	0.0926193921852
-əkə	0.037037037037	0.0740740740741	0.888888888889	0.0
-ilo	0.111095584125	0.807154835103	0.0272498602571	0.0544997205143
-kɔn	0.200606114466	0.293431794459	0.0791828094241	0.42677928165
-boɛ	0.372928176796	0.204419889503	0.240331491713	0.182320441989
-mìi	0.118390833507	0.501135504527	0.0282211711305	0.352252490836
-ána	0.105560590662	0.600758226938	0.0158809309516	0.277800251448
-sɔn	0.0655531802546	0.629945197193	0.209501545654	0.0950000768983
-wàa	0.0358018245128	0.0164791491371	0.00369159546765	0.944027430882
-anə	0.346505768466	0.300490651107	0.101710648455	0.251292931972
-arɛ	0.53023819539	0.291971054664	0.0976050014063	0.0801857485398
-laɛ	0.601351351351	0.246314496315	0.0184275184275	0.133906633907
-umu	0.342827445574	0.522600450115	0.0820072846428	0.0525648196677
-abɔ	0.44474393531	0.361185983827	0.105121293801	0.088948787062
-tán	0.0831081032209	0.506156557632	0.00941506072171	0.401320278425
-anɛ	0.125351741006	0.177316693828	0.053482432348	0.643849132819
-ote	0.00812007874016	0.989665354331	0.0	0.00221456692914
-ɔdɔ	0.166666666667	0.0	0.0	0.833333333333
-nən	0.107696422648	0.705043465192	0.147298259057	0.039961853103
-táa	0.30310646335	0.196441544367	0.0458750615461	0.454576930738
-oto	0.0601821055065	0.0985513913325	0.268627411334	0.572639091827
-o‐n	0.302379219426	0.602149244488	0.0407808879309	0.0546906481554
-loɛ	0.490566037736	0.363881401617	0.129380053908	0.0161725067385
-́li	0.223046092184	0.748897795591	0.012625250501	0.0154308617234
-umi	0.423076923077	0.538461538461	0.0230769230769	0.0153846153846
-o‐a	0.280255088328	0.52451926601	0.0576636450265	0.137562000635
-ũ-n	0.41689373297	0.310626702997	0.141689373297	0.130790190736
ALL	0.229874740104	0.352142041265	0.0660251307512	0.351958087879
-nan	0.102606325974	0.755036051336	0.0820957374793	0.0602618852111
-aki	0.0082965414194	0.98564060139	0.00404190479406	0.00202095239703
-kii	0.095237238879	0.832774644645	0.0288096334235	0.0431784830523
-naa	0.185790351821	0.422351025116	0.0449504569433	0.34690816612
-kio	0.203818009879	0.0588322157803	0.027528473309	0.709821301032
-kin	0.0615753698521	0.849660135946	0.0431827269092	0.045581767293
-aka	0.332949900463	0.141397591589	0.403156317516	0.122496190432
-sii	0.30163384315	0.315716044467	0.0526254992737	0.330024613108
-sin	0.0674357346329	0.605703229571	0.315814085184	0.0110469506126
-zuu	0.141176470588	0.376470588235	0.482352941176	0.0
-sia	0.107168858352	0.0842357919643	0.0478909769304	0.760704372753
-toɛ	0.172499217603	0.121019151334	0.0145803071054	0.691901323958
-sie	0.452830188679	0.377358490566	0.169811320755	0.0
-àka	0.263888888889	0.555555555556	0.180555555555	0.0
-koɛ	0.521744434976	0.278131901425	0.0667995195805	0.133324144019
-ɔ́n	0.270113641468	0.172204173738	0.00866434326754	0.549017841527
-bǎã	0.0865855174925	0.415375118793	0.02386958105	0.474169782665
-goo	0.106163978306	0.844194114894	0.0258472184552	0.0237946883453
-gon	0.323481116585	0.24302134647	0.0443349753695	0.389162561576
-goa	0.724998252848	0.201341812845	0.0281640925292	0.0454958417779
-sə́	0.348837209302	0.651162790698	0.0	0.0
-goe	0.280665280665	0.458073458073	0.112266112266	0.148995148995
-lɛɛ	0.471430182258	0.317261209176	0.06043832134	0.150870287226
-ìin	0.108108108108	0.749034749035	0.108108108108	0.034749034749
-wuu	0.407756051595	0.49702467326	0.0584085123201	0.0368107628252
-ãma	0.0699863075651	0.132678777521	0.770358374543	0.0269765403705
-məə	0.349407265139	0.408864438224	0.149432037921	0.092296258716
-rdə	0.0	1.0	0.0	0.0
-nàa	0.316770186335	0.385093167702	0.149068322981	0.149068322981
-pìi	0.475471698113	0.451572327044	0.0729559748428	0.0
-wàã	0.0106082036775	0.879773691655	0.0	0.109618104668
-̀mɔ	0.305518791845	0.590602409368	0.0612429773776	0.0426358214093
-nàn	0.168911940865	0.684674634984	0.124261038464	0.0221523856872
-zɔn	0.034090909091	0.965909090909	0.0	0.0
-ren	0.111136951962	0.381819196193	0.45175862521	0.0552852266347
-isi	0.056017357948	0.698007718106	0.0588545150643	0.187120408882
-die	0.260083435014	0.0360108299803	0.00681885994046	0.697086875065
-‐we	0.488486842105	0.333881578947	0.105263157895	0.0723684210526
-ree	0.186958614052	0.663197786333	0.125962463908	0.0238811357074
-bɛ̀	0.0588774066849	0.0365321552509	0.0047388205736	0.899851617491
-bɛ́	0.0764815149142	0.00402694922245	0.000379242126179	0.919112293737
-isu	0.0	1.0	0.0	0.0
-dɔn	0.13363564063	0.0948781032471	0.06293265021	0.708553605913
-kiã	0.00974485251742	0.469115104521	0.514591082936	0.00654896002515
-ɔya	0.0999865789827	0.88256609851	0.00738155952221	0.0100657629848
-rɛn	0.166435951687	0.716171884839	0.101040561203	0.016351602271
-akã	0.254545454545	0.372727272727	0.372727272727	0.0
-buə	0.273096397035	0.586454027346	0.0312110168041	0.109238558814
-man	0.253637609877	0.307153098752	0.0302825672146	0.408926724157
-maa	0.0906076793801	0.153260955969	0.0630262285251	0.693105136126
-dre	0.0	0.996649916248	0.0	0.00335008375209
-biĩ	0.405134410926	0.20537643703	0.103552597459	0.285936554586
-ɔre	0.129720380513	0.455174401845	0.415105217642	0.0
-uni	0.75355450237	0.132701421801	0.042654028436	0.0710900473934
-nsɛ	0.268066917655	0.23824081675	0.055245751597	0.438446513998
-baã	0.177573961956	0.313740036228	0.436266869525	0.0724191322907
-iìn	0.0264900662252	0.953642384106	0.0198675496689	0.0
-nka	0.0014941695893	0.00274339334429	0.00063685916921	0.995125577897
-àan	0.114318741569	0.796544617278	0.0447681785163	0.0443684626367
-unu	0.20988080843	0.366557263776	0.0369666609086	0.386595266885
-dùũ	0.332809795966	0.43632476768	0.170004217384	0.0608612189695
-pti	0.00570300504496	0.912700153542	0.078964685238	0.0026321561746
-unũ	0.0758005674909	0.924199432509	0.0	0.0
-nla	0.0283018867925	0.693396226415	0.0801886792453	0.198113207547
-màn	0.197777705234	0.28179188995	0.0270069923271	0.493423412489
-nə́	0.425593136363	0.0137239866265	0.00075197318872	0.559930903822
-asã	0.598955861414	0.133839582345	0.2529663028	0.0142382534409
-ada	0.486842105263	0.213157894737	0.0157894736842	0.284210526316
-nli	0.210562041814	0.56950855281	0.132364919902	0.0875644854738
-rbə	0.0136054421769	0.986394557823	0.0	0.0
-́‐n	0.355303810505	0.357363542739	0.202883625129	0.0844490216272
-adi	0.116701445243	0.843625215756	0.0368395290723	0.00283380992864
-144	0.102040816326	0.353741496599	0.0408163265306	0.503401360544
-ɛpɛ	0.0674157303371	0.887640449438	0.0224719101123	0.0224719101123
-òãn	0.152715593794	0.771086131169	0.0120173134392	0.0641809615977
-tɔɔ	0.063304606873	0.900255346313	0.0255346313438	0.0109054154697
-in‐	0.913461538462	0.0865384615385	0.0	0.0
-yaa	0.59037211973	0.178128135066	0.0387913228622	0.192708422341
-ɔsɛ	0.311272770286	0.280458954341	0.34640406908	0.0618642062929
-rzi	0.0772626931567	0.794701986755	0.0927152317881	0.0353200883002
-iĩn	0.216278459725	0.483338689253	0.223775458031	0.0766073929914
-inn	0.534918276374	0.197622585438	0.0	0.267459138187
-see	0.0205620287868	0.971213159698	0.00822481151474	0.0
-ɔsɔ	0.0972944117062	0.114306760246	0.193959809309	0.594439018738
-ɛti	0.0620196604111	0.88436103664	0.0184092940125	0.0352100089366
-ɔka	0.23152131404	0.439968713336	0.288228392648	0.0402815799766
-ɛ́n	0.334426229508	0.508196721312	0.118032786885	0.0393442622951
-uin	0.0199714693295	0.98002853067	0.0	0.0
-ɔki	0.0965517241379	0.893103448276	0.0103448275862	0.0
-sɔ̃	0.738986292636	0.202868983105	0.038253108065	0.0198916161938
-gùn	0.0540784136999	0.84317260027	0.0811176205498	0.0216313654799
-yan	0.46711984486	0.19934714445	0.0725669239525	0.260966086738
-fun	0.030386363072	0.742106994761	0.174021677054	0.0534849651131
-rsi	0.00917431192661	0.94495412844	0.0458715596331	0.0
-ian	0.13482023968	0.795772303595	0.0364513981359	0.0329560585885
-ooo	0.787234042553	0.212765957447	0.0	0.0
-dóe	0.829268292683	0.146341463415	0.0243902439024	0.0
-nen	0.74358974359	0.205128205128	0.0512820512821	0.0
-əni	0.157788017144	0.105578901001	0.0332818257459	0.703351256109
-fuu	0.493744482875	0.282420567285	0.04663531737	0.177199632469
-kɔ̀	0.43661971831	0.422535211268	0.0845070422535	0.056338028169
-kɔ̃	0.653846153846	0.269230769231	0.0384615384615	0.0384615384615
-kun	0.0902168495116	0.104248581859	0.0519058546483	0.753628713982
-nee	0.00813008130081	0.869918699187	0.0	0.121951219512
-‐dɛ	0.608667529107	0.223156532988	0.0116429495472	0.156532988357
-ban	0.148764392983	0.17534715788	0.090815213893	0.585073235244
-eka	0.0746268656716	0.885572139303	0.0199004975125	0.0199004975124
-uun	0.125789344608	0.822522670153	0.0169243845472	0.0347636006916
-biɛ	0.612208292567	0.103267217518	0.0712416417214	0.213282848194
-baa	0.283167690841	0.43803025812	0.142179307694	0.136622743345
-rùn	0.190476190476	0.748571428572	0.0	0.0609523809523
-ɛli	0.156501612911	0.796146617028	0.0144463027303	0.0329054673301
-ase	0.0375670840787	0.94633273703	0.0107334525939	0.00536672629695
-nya	0.434461931656	0.261426012725	0.0901097634655	0.214002292153
-i‐n	0.453436747665	0.291446170507	0.128771215398	0.126345866431
-adã	0.0530451866405	0.889138366545	0.0544484984564	0.00336794835813
-asa	0.0815717381527	0.644559839719	0.158891115018	0.11497730711
-íɛ̃	0.418367346939	0.407235621521	0.12987012987	0.0445269016698
-zoe	0.119205298013	0.880794701987	0.0	0.0
-i‐a	0.269409794218	0.474978292536	0.140914259866	0.11469765338
-zɔ̀	0.0280041797283	0.944618599791	0.0223615464995	0.00501567398119
-asi	0.0589347258773	0.918246736253	0.0105691906057	0.0122493472645
-ɔlɔ	0.29053497771	0.525613237733	0.0802927469844	0.103559037572
-dɔ̃	0.818375411273	0.0943471719326	0.0265033149811	0.0607741018137
-dɔ́	0.315434433561	0.135831205078	0.0800655179473	0.468668843414
-ìri	0.160673297628	0.710788064269	0.128538638102	0.0
-usu	0.239989714788	0.638618899681	0.0797002533769	0.0416911321542
-bɛn	0.176636611178	0.201152207599	0.0269377477175	0.595273433505
-àsa	0.235332893869	0.62623599209	0.138431114041	0.0
-əmə	0.0714285714286	0.714285714286	0.214285714286	0.0
-bɛa	0.0781752789371	0.0340719427309	0.0208608711746	0.866891907157
-iə́	0.563227307991	0.287820015516	0.044220325834	0.104732350659
-gɛ̀	0.205877288107	0.714890091734	0.0570229124876	0.0222097076715
-á‐a	0.423423423423	0.396396396396	0.09009009009	0.0900900900901
-hɛ̃	0.492537313433	0.134328358209	0.0	0.373134328358
-wəə	0.542465753425	0.195342465753	0.262191780822	0.0
-uza	0.0	0.959183673469	0.0408163265306	0.0
-maǹ	0.195878888183	0.0840669284234	0.0337417171631	0.686312466231
-430	0.77358490566	0.0754716981132	0.0377358490566	0.11320754717
-afu	0.0	0.875	0.0	0.125
-ran	0.304468256713	0.25632378755	0.100803509393	0.338404446344
-gòã	0.313475775514	0.567676499558	0.0338218391446	0.0850258857839
-rka	0.331120377483	0.297631131351	0.0403955887194	0.330852902447
-iwi	0.0732756734392	0.602474946193	0.0104631224663	0.313786257902
-bɔn	0.338034814553	0.535918305445	0.117452774548	0.00859410545472
-ere	0.297623441442	0.418359727219	0.192375296879	0.0916415344607
-raa	0.240351011147	0.470225279516	0.167635667641	0.121788041696
-dìn	0.28722280887	0.598732840549	0.107708553326	0.00633579725448
-oze	0.0121951219512	0.884146341463	0.0670731707317	0.0365853658537
-iya	0.0147905452843	0.870442312193	0.00505499648959	0.109712146033
-ozi	0.0289855072463	0.971014492754	0.0	0.0
-yə́	0.292134831461	0.449438202247	0.112359550562	0.14606741573
-iɔn	0.0568380975403	0.92820450837	0.00797727684777	0.0069801172418
-azi	0.0	1.0	0.0	0.0
-́wɔ	0.415128461196	0.50203230011	0.014108318299	0.0687309203944
-tàn	0.0	1.0	0.0	0.0
-sùi	0.0400598226685	0.913470783036	0.00801196453371	0.0384574297618
-sùn	0.614911080711	0.323529411765	0.0410396716826	0.0205198358413
-500	0.0220994475138	0.14364640884	0.0662983425414	0.767955801105
-sɔɔ	0.090417594579	0.106382978723	0.0682157322532	0.734983694444
-lan	0.17706369696	0.178287160975	0.0232806109302	0.621368531135
-iki	0.0261382799325	0.943507588533	0.0227655986509	0.00758853288365
-foo	0.222541827516	0.499986209304	0.0951830508184	0.182288912362
-uiĩ	0.0845938154101	0.91540618459	0.0	0.0
-aan	0.152747584073	0.604093046659	0.172237130359	0.0709222389081
-aaa	0.097401570653	0.768671269699	0.0852263743214	0.0487007853265
-miɛ	0.650950913122	0.19623823595	0.0758089705005	0.0770018804267
-naɛ	0.545385491835	0.2791492594	0.136726167869	0.0387390808963
-boe	0.227511624835	0.102410723511	0.155676818062	0.514400833593
-kaa	0.304609618182	0.0616073580434	0.0199188303296	0.613864193445
-ùru	0.00870827285921	0.851959361393	0.0174165457184	0.121915820029
-bon	0.200743494424	0.172862453532	0.57063197026	0.0557620817844
-boo	0.366024224658	0.387407580119	0.0601331497178	0.186435045506
-́ɛn	0.513043478261	0.330434782609	0.0521739130435	0.104347826087
-doe	0.57768023668	0.170645787839	0.0657023549303	0.185971620551
-bòe	0.365726227795	0.585292580982	0.0293887147335	0.019592476489
-doa	0.320047417959	0.412550524407	0.109285064771	0.158116992863
-don	0.0664757873771	0.762728743931	0.147640980954	0.0231544877381
-doo	0.191538461784	0.140399617116	0.0974530413368	0.570608879764
-bòo	0.0648412171399	0.362134291629	0.559548455138	0.0134760360923
-kuĩ	0.479805390949	0.273778072311	0.0767282721568	0.169688264583
-siɛ	0.330902292171	0.385942463461	0.101265974602	0.181889269766
-toe	0.516663036376	0.326726203441	0.0618601611849	0.094750598998
-toa	0.564479597409	0.105471537504	0.0249058500183	0.305143015068
-ton	0.0940170940171	0.888888888889	0.017094017094	0.0
-íri	0.0259440761026	0.956759873162	0.0172960507351	0.0
-kɛn	0.14348814511	0.131624513549	0.0594192424266	0.665468098914
-kɛa	0.354216367597	0.313245513951	0.0669017736749	0.265636344778
-saa	0.590306076269	0.110350475138	0.0305994992947	0.268743949298
-ibi	0.156049882036	0.486349848332	0.187057633974	0.170542635659
-olo	0.118699391124	0.801079656017	0.0489611449375	0.0312598079217
-kiɛ	0.579400099375	0.145707965078	0.0417486299117	0.233143305635
-zuə	0.0416666666667	0.916666666667	0.0	0.0416666666667
-ole	0.0903010040566	0.223194292796	0.447789751774	0.238714951373
-lon	0.213970907843	0.528398026199	0.0733286591516	0.184302406806
-loo	0.523688135306	0.185422197777	0.00634645286172	0.284543214055
-ien	0.429633967789	0.152210834553	0.0393557833089	0.378799414348
-loe	0.490428211587	0.480856423174	0.011838790932	0.0168765743073
-umə	0.301204819277	0.674698795181	0.0240963855422	0.0
-ùli	0.0392156862745	0.921568627451	0.0	0.0392156862745
-mɛɛ	0.264610292419	0.657363595714	0.0373168361103	0.0407092757567
-tìĩ	0.774213340345	0.107984924183	0.0975545621878	0.0202471732842
-ron	0.201992063283	0.576660271741	0.185343354971	0.036004310005
-roo	0.309852507375	0.538407079646	0.104660766962	0.0470796460177
-dàã	0.11333237014	0.0618598249523	0.0	0.824807804908
-ɛɛ̃	0.233108108108	0.643243243243	0.103378378378	0.0202702702703
-ĩni	0.172162063511	0.162756090485	0.491590779339	0.173491066665
-ipi	0.00145513338723	0.99805982215	0.0	0.00048504446241
-ére	0.309121795532	0.641356944301	0.0235766498507	0.0259446103161
-rde	0.0679711637487	0.842430484037	0.0834191555098	0.00617919670442
-gɔ̀	0.269381151409	0.342321693407	0.35243359849	0.0358635566941
-àwɔ	0.566473988439	0.364161849711	0.0346820809249	0.0346820809249
-ɛvu	0.43535188216	0.515548281506	0.0	0.0490998363339
-wə́	0.735689109445	0.199908138711	0.0305538636659	0.0338488881788
-ipu	0.037037037037	0.944444444445	0.0185185185185	0.0
-ùtu	0.0560271646859	0.913412563667	0.0203735144312	0.0101867572156
-lɛn	0.0706222160727	0.168899882621	0.00721098113178	0.753266920175
-ùrù	0.0608828006088	0.771281800391	0.077462491846	0.0903729071537
-ère	0.0599661320849	0.931666500647	0.00298834545273	0.00537902181492
-awa	0.0253032690809	0.817191781123	0.0208272842563	0.13667766554
-lɛa	0.229433077135	0.0640005182516	0.00906340499742	0.697502999616
-moɛ	0.548076923077	0.336538461538	0.0961538461538	0.0192307692308
-goɛ	0.593957873912	0.313295762889	0.0470084306626	0.0457379325366
-yəə	0.527950310559	0.350931677019	0.0	0.121118012422
-too	0.769478817712	0.193126313441	0.00916858594932	0.0282262828976
-ɔ́ɔ	0.480555809374	0.429499708206	0.0436943865102	0.0462500959099
-ita	0.00630125388727	0.981522316537	0.00315408537058	0.00902234420479
-nlɔ	0.121827411167	0.543147208122	0.263959390863	0.0710659898477
-awu	0.0243902439024	0.963414634146	0.0	0.0121951219512
-maɛ	0.593578183418	0.196613151528	0.149109302837	0.0606993622169
-ùsi	0.0	0.390804597701	0.609195402299	0.0
-zùũ	0.424083769634	0.44502617801	0.0837696335078	0.0471204188482
-276	0.0	0.255319148936	0.0	0.744680851064
-kàã	0.796116504854	0.194174757281	0.00970873786407	0.0
-saã	0.400452488688	0.495707158603	0.0643926209537	0.0394477317554
-siã	0.208808702574	0.723534093924	0.0469620589015	0.0206951446007
-rɛɛ	0.399049649097	0.53419969794	0.0378329414175	0.0289177115453
-sti	0.0348837209302	0.96511627907	0.0	0.0
-ezu	0.00438249764127	0.753196631302	0.003664260772	0.238756610285
-aɛn	0.670157068063	0.329842931937	0.0	0.0
-úlu	0.26565901325	0.665165594367	0.0630186505301	0.00615674185221
-̀sɛ	0.0294117647059	0.911764705882	0.0294117647059	0.0294117647059
-dàn	0.185898229541	0.273306920886	0.101399034295	0.439395815278
-gɔn	0.272167521321	0.407298562308	0.0250122981904	0.295521618181
-200	0.078869047619	0.444345238095	0.150297619048	0.326488095238
-ɛdi	0.208	0.792	0.0	0.0
-ion	0.078101412217	0.861648756896	0.00779605674259	0.0524537741445
-len	0.120438716095	0.62777701651	0.100864938054	0.150919329341
-mun	0.159578210679	0.773438342863	0.0384169766449	0.0285664698129
-mui	0.15628573062	0.778827463984	0.0328721701349	0.0320146352618
-lee	0.474565720665	0.450655092447	0.0123496293596	0.0624295575288
-sɛ́	0.323251417769	0.47258979206	0.0453686200378	0.158790170132
-sɛ̀	0.74972485142	0.16773057451	0.0581113801453	0.0244331939247
-sɛ̃	0.577334035768	0.361789643639	0.0280314220407	0.0328448985527
-gón	0.405883955325	0.561427403977	0.0163443203487	0.0163443203487
-mɔn	0.0314234456467	0.962745977463	0.00246678253069	0.00336379436004
-wìi	0.0292708887706	0.440541659275	0.475637159245	0.0545502927089
-ida	0.0121826255266	0.981782989867	0.00227712626665	0.00375725833997
-een	0.240255429714	0.375581864164	0.360093994225	0.0240687118963
-fte	0.0	1.0	0.0	0.0
-oɛ̃	0.736398791763	0.151824635838	0.0462776669038	0.0654989054945
-san	0.381988742964	0.428893058161	0.112570356473	0.0765478424015
-gin	0.115490030034	0.800233461563	0.0842765084032	0.0
-ifu	0.0377177791771	0.796783165407	0.151723866499	0.0137751889169
-gii	0.484158788496	0.439310410993	0.0367155961949	0.0398152043158
-ali	0.133389255948	0.789966590835	0.0454914445689	0.0311527086481
-nda	0.0607770022628	0.83973398774	0.0828101263134	0.0166788836834
-duĩ	0.516807658059	0.362422083704	0.0502281834372	0.0705420747996
-dòo	0.518943170489	0.301595214357	0.0164506480559	0.163010967099
-sìi	0.0759988439148	0.42520541158	0.486656849117	0.012138895388
-gia	0.194744197194	0.183208804001	0.181509154667	0.440537844139
-ala	0.149232911835	0.139518219039	0.015361428875	0.69588744025
-ɔ̀n	0.70106491073	0.202818648474	0.0422058299574	0.0539106108391
-120	0.046511627907	0.418604651163	0.0	0.53488372093
-ɔtɔ	0.372383073497	0.414699331849	0.159465478842	0.0534521158129
-lə́	0.215827338129	0.151079136691	0.0863309352518	0.546762589928
-rəə	0.434005031509	0.14633721075	0.392756619424	0.0269011383167
-ùin	0.0936663693131	0.866190900981	0.0401427297056	0.0
-yoo	0.51154011348	0.13594631514	0.0636506608883	0.288862910492
-yon	0.139158576052	0.822006472492	0.0388349514563	0.0
-yoe	0.894736842105	0.0350877192983	0.0	0.0701754385965
-pee	0.123966942149	0.856198347107	0.00330578512397	0.0165289256198
-koã	0.851602023609	0.105396290051	0.0126475548061	0.0303541315346
-íin	0.183792069638	0.737409119731	0.0352747800713	0.0435240305592
-rki	0.0109375	0.9796875	0.009375	0.0
-153	0.0	0.0	0.151515151515	0.848484848485
-eli	0.0263379451596	0.956389109579	0.00824090899862	0.00903203626248
-̀lɛ	0.2421875	0.609375	0.109375	0.0390625
-elo	0.0708167223443	0.625631459236	0.0823459801535	0.221205838266
-ɛwɔ	0.270833333333	0.4375	0.291666666667	0.0
-oge	0.0	1.0	0.0	0.0
-ele	0.247274670467	0.651763448522	0.0396864980406	0.0612753829712
-tɛ̃	0.0	0.979591836735	0.0204081632653	0.0
-abu	0.050156739812	0.937304075235	0.0	0.012539184953
-esi	0.0190476190476	0.980952380952	0.0	0.0
-suũ	0.202674173117	0.770584095707	0.00422237860661	0.0225193525686
-iti	0.0378940308518	0.943997317237	0.0140845070423	0.00402414486922
-nbɔ	0.218166542196	0.3286034354	0.160100821509	0.293129200896
-ese	0.00361990950226	0.985520361991	0.0	0.0108597285068
-vɛ̃	0.0374185842525	0.916522031241	0.0356456338764	0.0104137506299
-ərə	0.129032258064	0.78064516129	0.0129032258065	0.0774193548387
-iãə	0.184782608696	0.619565217391	0.195652173913	0.0
-udu	0.0	1.0	0.0	0.0
-niɛ	0.350732487997	0.367598178013	0.20928228487	0.0723870491198
-ɛyi	0.0933687002652	0.876392572944	0.0111405835544	0.0190981432361
-fan	0.0	1.0	0.0	0.0
-ɔda	0.0	1.0	0.0	0.0
-666	0.166666666667	0.0	0.0	0.833333333333
-ulə	0.44430806996	0.193003988954	0.321571034059	0.0411169070267
-ude	0.00966183574879	0.971014492754	0.00966183574881	0.00966183574881
-giã	0.260232328657	0.133185785924	0.525204532354	0.0813773530654
-ɔbɔ	0.381679389313	0.229007633588	0.343511450382	0.0458015267176
-‐wɔ	0.399588631264	0.438481675393	0.0942408376964	0.067688855647
-ǹɔn	0.0622152395915	0.564493322859	0.373291437549	0.0
-gìi	0.0	1.0	0.0	0.0
-nɛn	0.174243407856	0.123133116272	0.0328241089955	0.669799366876
-́‐a	0.314989310318	0.568961996408	0.0165783847535	0.0994703085213
-aba	0.263100436681	0.18231441048	0.0458515283842	0.508733624454
-woo	0.772701622017	0.0391780039147	0.00501771837381	0.183102655695
-won	0.0441176470588	0.882352941176	0.0441176470588	0.0294117647059
-ebɔ	0.428436700049	0.202990973189	0.239682040688	0.128890286074
-nɔɔ	0.220247295209	0.36398763524	0.404173106646	0.0115919629057
-koe	0.577811817861	0.179430851094	0.028481984717	0.214275346328
-lɔ̀	0.458015267176	0.318601848132	0.19686621133	0.0265166733628
-koa	0.52778956575	0.224233370208	0.0655790883446	0.182397975697
-oso	0.5331246533	0.439535620889	0.0273397258103	0.0
-‐kũ	0.147003154574	0.729968454259	0.0946372239748	0.0283911671924
-koo	0.124185235473	0.580208837688	0.0554218209587	0.240184105881
-ɔmɔ	0.0721134834637	0.898877652029	0.0226117970806	0.00639706742714
-ema	0.0	0.98	0.0	0.02
-paǹ	0.250503358844	0.197558990288	0.126925020116	0.425012630752
-soo	0.319643929143	0.0680501470532	0.0252447798226	0.587061143981
-son	0.513513513514	0.108108108108	0.27027027027	0.108108108108
-oro	0.125365184882	0.439241658266	0.178020280662	0.25737287619
-́ɔn	0.383871328046	0.536352060762	0.0336423545181	0.0461342566738
-sɛn	0.105828192692	0.0780315990838	0.0236891042058	0.792451104019
-soa	0.0454545454545	0.590909090909	0.363636363636	0.0
-ore	0.0896250473355	0.272337791366	0.314537957093	0.323499204206
-zɛ̃	0.043227665706	0.942939481268	0.0138328530259	0.0
-yɛn	0.267148951259	0.608469958074	0.11140219425	0.0129788964174
-ũkũ	0.638554216868	0.289156626506	0.0722891566265	0.0
-ruu	0.223665893271	0.361020881671	0.415313225058	0.0
-ɛki	0.0381748444059	0.721377912867	0.23610508033	0.00434216239688
-lin	0.14194265451	0.740098368574	0.0913175875317	0.0266413893851
-foã	0.432033719705	0.474183350896	0.0158061116965	0.0779768177028
-run	0.307577039703	0.563522573219	0.119405492495	0.00949489458391
-lii	0.0107610729882	0.975202744853	0.00280723643169	0.0112289457268
-rə́	0.467436535923	0.438140281097	0.0624195731738	0.0320036098067
-aãn	0.162157116041	0.253572654058	0.337101104091	0.24716912581
-oma	0.46875	0.296875	0.078125	0.15625
-lɔɔ	0.439393939394	0.530303030303	0.0	0.030303030303
-lia	0.0	1.0	0.0	0.0
-izu	0.0410272111447	0.951088828505	0.00137777947874	0.00650618087183
-wɔn	0.401755990129	0.38391292806	0.128081094102	0.0862499877101
-woe	0.767072113626	0.0887529888294	0.0160601530069	0.128114744538
-ɔɔn	0.13869673492	0.807346430548	0.0415052573326	0.0124515771998
-àlà	0.238290879211	0.727745823062	0.0180772391126	0.0158860586141
-oda	0.223602484472	0.664596273292	0.0621118012422	0.0496894409937
-usə	0.515096980604	0.307738452309	0.132773445311	0.0443911217757
-ə́n	0.142954390742	0.830496936692	0.0204220558203	0.00612661674608
-izi	0.158013169301	0.166184038217	0.650902853349	0.0248999391335
-rni	0.1	0.9	0.0	0.0
-ɛtɛ	0.265625	0.41796875	0.216796875	0.099609375
-nɔ̀	0.235044865404	0.492771684945	0.215852442672	0.0563310069791
-uri	0.67489445655	0.264396253406	0.0170011386957	0.0437081513482
-duu	0.0503535501478	0.10483940831	0.0618919222294	0.782915119312
-èlo	0.298507462687	0.55223880597	0.0	0.149253731343
-ɔmɛ	0.478494623656	0.247311827957	0.0967741935484	0.177419354839
-zee	0.0838102628771	0.888252982831	0.0279367542924	0.0
-èwò	0.153419593346	0.475046210721	0.371534195933	0.0
-iɛn	0.22939591019	0.64359257728	0.0918299198575	0.0351815926727
-zen	0.22	0.42	0.36	0.0
-uru	0.330686920157	0.561933671585	0.0355842213834	0.0717951868746
-ára	0.0352575181473	0.800898721051	0.10162461113	0.0622191496716
-pan	0.288367546432	0.4477028348	0.263929618768	0.0
-paa	0.0323773324119	0.101287145819	0.0325817783921	0.833753743377
-ɛsɛ	0.25221238938	0.424778761062	0.230088495575	0.0929203539823
-ɔdi	0.0120774532327	0.949327207089	0.0370200196915	0.00157531998687
-àra	0.0263157894738	0.898635477583	0.0750487329434	0.0
-ùsì	0.0666666666667	0.8	0.133333333333	0.0
-oɛɛ	0.62962962963	0.0648148148148	0.037037037037	0.268518518518
-wan	0.0236220472441	0.913385826772	0.0314960629921	0.0314960629921
-piɛ	0.0998172241987	0.821821927469	0.0311568214262	0.0472040269061
-dun	0.168552510267	0.777805716202	0.0213728941413	0.0322688793898
-nun	0.150905661748	0.361059820986	0.140160175847	0.347874341418
-ɛ̀n	0.707673568819	0.233861144945	0.0219244823386	0.0365408038977
-daɛ	0.745098039216	0.21568627451	0.0	0.0392156862745
-gìĩ	0.12744041832	0.761410515805	0.111149065875	0.0
-suu	0.558823529412	0.441176470588	0.0	0.0
-kúu	0.456070985242	0.458415705025	0.0285044365776	0.0570088731553
-sun	0.446359088382	0.523624235687	0.0166759310728	0.0133407448583
-ɛni	0.052470485352	0.940970703979	0.0039352864014	0.0026235242676
-tun	0.405797101449	0.434782608696	0.130434782609	0.0289855072464
-sui	0.325583176926	0.636495958938	0.00689470257019	0.0310261615659
-òen	0.0	0.978903748352	0.0210962516481	0.0
-ɛmu	0.259570326875	0.720502566535	0.0160016574119	0.0039254491777
-óro	0.10447761194	0.835820895522	0.0298507462687	0.0298507462687
-fɔ̃	0.692945341508	0.13772558501	0.0704602365944	0.0988688368881
-zín	0.14783074451	0.46652383503	0.379217996786	0.00642742367436
-dia	0.73050944146	0.152482368645	0.00585035000975	0.111157839885
-din	0.204044088977	0.0943024487604	0.135781986143	0.56587147612
-dii	0.422414901196	0.157804678884	0.253192387961	0.16658803196
-àla	0.0427163198248	0.957283680175	0.0	0.0
-̃lɔ	0.030303030303	0.921212121212	0.0242424242424	0.0242424242424
-fee	0.0	1.0	0.0	0.0
-‐pã	0.590163934426	0.245901639344	0.131147540984	0.0327868852459
-diɛ	0.495091891851	0.144726909513	0.0236620402886	0.336519158347
-màa	0.5	0.204545454545	0.159090909091	0.136363636364
-liɛ	0.401881808744	0.513292245424	0.034035507313	0.0507904385192
-000	0.202277071387	0.25222305327	0.0319953461315	0.513504529211
-tãn	0.0491803278688	0.819672131148	0.131147540984	0.0
-èwo	0.0952380952381	0.904761904762	0.0	0.0
-uku	0.0125	0.9375	0.0	0.05
-ò‐n	0.0292281930278	0.835439184046	0.00548028619272	0.129852336733
-ɛle	0.299975801568	0.37868936036	0.301162414707	0.0201724233649
-tiə	0.0325379609544	0.954446854664	0.0065075921909	0.0065075921909
-ɛla	0.526789734354	0.473210265646	0.0	0.0
-èlè	0.145299145299	0.581196581197	0.0	0.273504273504
-ãlɔ	0.0119047619048	0.988095238095	0.0	0.0
-soe	0.430274805789	0.134492241604	0.0351285705683	0.400104382038
-kə́	0.786997433704	0.197604790419	0.0102651839179	0.00513259195893
-one	0.18138424821	0.384248210024	0.090692124105	0.343675417661
-‐be	0.655737704918	0.213114754098	0.0655737704918	0.0655737704918
-èlò	0.0207089552239	0.916604477612	0.0111940298508	0.0514925373135
-ɛdɛ	0.786343612335	0.135829662261	0.0249632892804	0.0528634361234
-nna	0.164577513333	0.169067227805	0.0534684178065	0.612886841055
-yuù	0.543132870425	0.175983680515	0.0486446196697	0.232238829391
-nyi	0.130434782609	0.840579710145	0.0144927536232	0.0144927536232
-yiɛ	0.716316858497	0.231888964116	0.022173324306	0.0296208530806
-àãn	0.286219081272	0.459363957597	0.143109540636	0.111307420495
-̀ɔn	0.0977448762766	0.706354102406	0.185619302214	0.0102817191034
-ùsu	0.0557939914163	0.818311874106	0.125894134478	0.0
-paã	0.619495384444	0.202758164577	0.05317915435	0.124567296629
-̃ɛn	0.16037735849	0.556603773585	0.169811320755	0.11320754717
-ini	0.304980072191	0.124478305008	0.22620412844	0.34433749436
-tin	0.00802171367869	0.984934830408	0.0035217279565	0.0035217279565
-tii	0.185836646943	0.63405222718	0.101677356864	0.078433769013
-giɛ	0.726577529877	0.0708386020932	0.0152197478936	0.187364120136
-alɛ	0.232164536466	0.293560582763	0.0749734920292	0.399301388742
-kaã	0.602409638554	0.361445783133	0.0271084337349	0.0090361445783
-ánə	0.130952380952	0.797619047619	0.0119047619048	0.0595238095238
-260	0.133333333333	0.101960784314	0.0	0.764705882353
-pie	0.289655172414	0.262068965517	0.420689655172	0.0275862068965
-kìi	0.772036662081	0.227963337919	0.0	0.0
-wɛ̃	0.4320883568	0.41691257061	0.114324255965	0.0366748166259
-zaa	0.0460652591171	0.867562380038	0.0115163147793	0.0748560460653
-zan	0.0209059233449	0.93031358885	0.0487804878049	0.0
-uzũ	0.951219512195	0.0487804878049	0.0	0.0
-bíi	0.897989462673	0.0722219556434	0.00562374641319	0.0241648352703
-dan	0.065809211354	0.88228377319	0.0135731498418	0.0383338656137
-mɔɔ	0.199104744852	0.499373321397	0.246732318711	0.0547896150403
-zoo	0.369711434151	0.552180516381	0.060750705142	0.0173573443263
-iɛ̃	0.401797439279	0.25285840814	0.0877526201419	0.257591532439
-iɛ̀	0.220588235294	0.735294117647	0.0294117647059	0.0147058823529
-̃nɛ	0.291144914915	0.316863497098	0.293803772585	0.0981878154018
-ɔɔ̃	0.2284330257	0.16136274111	0.0744708548192	0.535733378371
-yoɛ	0.34693877551	0.387755102041	0.244897959184	0.0204081632653
-a‐a	0.426957276222	0.417110501157	0.0730558032246	0.0828764193957
-yiǹ	0.338028169014	0.605633802817	0.056338028169	0.0
-wɔ́	0.127382183034	0.0771810534657	0.0152980089739	0.780138754526
-wɔ̃	0.486622073579	0.297658862876	0.130434782609	0.0852842809364
-a‐n	0.33250732142	0.367012983455	0.114698718376	0.185780976749
-nɔn	0.0564269502115	0.759757449858	0.0548494842512	0.128966115679
-pɛn	0.0511352954693	0.933072922106	0.00885676686232	0.006935015562
-guĩ	0.228292396045	0.605210983341	0.129539449942	0.0369571706713
-o-n	0.210810810811	0.691891891892	0.0324324324324	0.0648648648649
-sãn	0.325699745547	0.491094147583	0.152671755725	0.030534351145
-ãnɛ	0.250277785737	0.219213540025	0.220299212649	0.310209461589
-igã	0.609756097561	0.243902439024	0.0731707317073	0.0731707317073
-bui	0.232633279483	0.612277867528	0.116316639742	0.0387722132472
-ĩ‐n	0.366615544746	0.362496302747	0.191454784478	0.0794333680283
-uya	0.140715109573	0.853517877739	0.0	0.00576701268742
-oaã	0.187573270809	0.312622118015	0.259085580305	0.240719030871
-zɛn	0.0	1.0	0.0	0.0
-300	0.032967032967	0.457875457876	0.245421245421	0.263736263736
-wen	0.326904930132	0.381832617068	0.0905275191136	0.200734933687
-ata	0.0743674552848	0.291191775339	0.369941222323	0.264499547054
-ɔ̀ɔ	0.14373088685	0.746177370031	0.091743119266	0.0183486238532
-uyu	0.305084745763	0.389830508475	0.254237288136	0.0508474576271
-fɔɔ	0.610169491525	0.228813559322	0.0169491525424	0.14406779661
-wee	0.0676908305329	0.909265482477	0.00288046087374	0.0201632261162
-ati	0.0598402391741	0.879338534124	0.0398000653992	0.0210211613024
-uli	0.193781663917	0.654927003789	0.0914185922797	0.0598727400142
-̀ɔ̃	0.230317273795	0.56580493537	0.0928319623972	0.111045828437
-waa	0.247001121609	0.573969165257	0.117079824345	0.0619498887896
-‐an	0.156877499847	0.386764471696	0.437230945612	0.0191270828443
-ɛɛn	0.141623516557	0.210026623241	0.444801785855	0.203548074347
-ɔti	0.0697603372542	0.917782459665	0.00747432184864	0.00498288123244
-pii	0.836165782673	0.0567893373474	0.0106113101003	0.0964335698791
-ɔ‐n	0.370560458213	0.351162333553	0.0971057442292	0.181171464005
-nia	0.458823529412	0.141176470588	0.352941176471	0.0470588235294
-oon	0.0784524358121	0.146440639069	0.0943440913781	0.68076283374
-nin	0.137694326676	0.432924617125	0.0735854917308	0.355795564468
-ɔ‐a	0.144072482745	0.3503806056	0.0652271014142	0.440319810241
-ulu	0.214078212291	0.451843575419	0.298547486034	0.035530726257
-n‐a	0.404997660934	0.361632224236	0.0671798179589	0.166190296871
-zaã	0.0154764362036	0.960733593616	0.0139656830668	0.00982428711336
-n‐n	0.0404624277457	0.514450867052	0.242774566474	0.202312138728
-ɛrɛ	0.0436894857874	0.842597916982	0.0747282216979	0.0389843755324
-ɛ̃n	0.0669044463086	0.851143733744	0.0631303493373	0.0188214706099
-mə́	0.223677496173	0.619897091342	0.11529384249	0.0411315699949
-fii	0.0	1.0	0.0	0.0
-yǎa	0.130967313443	0.0815003348228	0.0313810684911	0.756151283244
-kən	0.502645502646	0.348030570253	0.031746031746	0.117577895356
-yui	0.582824437233	0.245675447786	0.0715435521374	0.0999565628434
-ǎãn	0.141539948693	0.682975796557	0.102985463063	0.0724987916868
-vii	0.0466666666667	0.901025641026	0.0338461538462	0.0184615384615
-soɛ	0.172518280367	0.181402383447	0.23172513969	0.414354196497
-ɔmu	0.0474029522465	0.748939919583	0.187856144088	0.0158009840822
-vie	0.0586979722519	0.928495197439	0.0106723585913	0.00213447171825
-ì‐a	0.369565217391	0.54347826087	0.0	0.0869565217391
-ì‐n	0.015873015873	0.984126984127	0.0	0.0
-oli	0.0287288359604	0.921033959849	0.00713699411511	0.0431002100753
-ili	0.109781972109	0.831451636571	0.0422482705164	0.0165181208034
-ɔbu	0.0	1.0	0.0	0.0
-oan	0.537077969558	0.294544426603	0.112473577268	0.0559040265711
-woɛ	0.508294261194	0.315757725316	0.0586493378301	0.11729867566
-pán	0.141401273885	0.835668789809	0.00764331210191	0.0152866242038
-dɛ̃	0.0262612301314	0.952315134762	0.00207325501037	0.0193503800968
-nɔa	0.11320754717	0.547169811321	0.339622641509	0.0
