ris-	0.227009984235	0.596952180767	0.0969229870964	0.079114847901
omo-	0.503571428571	0.103571428571	0.339285714286	0.0535714285715
gin-	0.644869425489	0.163301045093	0.0467253097755	0.145104219643
son-	0.65034965035	0.125874125874	0.181818181818	0.041958041958
dok-	0.0322580645161	0.887096774194	0.0161290322581	0.0645161290323
000-	0.0832160580697	0.125212947189	0.0194430042219	0.77212799052
poy-	0.0	1.0	0.0	0.0
mah-	0.166487640146	0.219227382894	0.437596893677	0.176688083283
ola-	0.753498385361	0.138858988159	0.043057050592	0.064585575888
ite-	0.484048404841	0.254750611673	0.156720590092	0.104480393394
bis-	0.0966631541974	0.768668774148	0.0262732701089	0.108394801545
lis-	0.0355105439584	0.948166060835	0.00458200567205	0.0117413895346
ism-	0.117381489842	0.724257683626	0.129189095329	0.0291717312033
ana-	0.226075729629	0.480681180143	0.0276813372195	0.265561753008
sak-	0.12292953053	0.73605802215	0.0958051553464	0.0452072919729
gow-	0.0731707317073	0.780487804878	0.0975609756098	0.0487804878049
pid-	0.0425184636039	0.909278369783	0.00367558879506	0.0445275778181
apt-	0.858108108108	0.0743243243243	0.0	0.0675675675675
obs-	0.642857142857	0.3	0.0142857142857	0.0428571428571
hat-	0.0976283955985	0.0264673680851	0.0223617720332	0.853542464283
kat-	0.0736243675408	0.394249770107	0.0418359413796	0.490289920972
abi-	0.0887375535263	0.764226383945	0.0835783934376	0.0634576690915
mil-	0.223457277977	0.486162984869	0.0390062333491	0.251373503805
dis-	0.453186105718	0.373739962479	0.043592187312	0.129481744491
igi-	0.0429078561507	0.0458404074703	0.214230591141	0.697021145238
gan-	0.558027079304	0.20164410058	0.100096711799	0.140232108317
imm-	0.774447148167	0.156563360697	0.0144396609354	0.0545498302003
ari-	0.0461783167148	0.908327489781	0.0345482221348	0.0109459713694
ini-	0.787153139957	0.128165294392	0.0556825495461	0.0289990161048
opà-	0.358251235079	0.515788285007	0.108784050835	0.0171764290791
bay-	0.206691859324	0.0443709917653	0.0341507756434	0.714786373267
mig-	0.0176991150442	0.982300884956	0.0	0.0
mas-	0.132715306804	0.139088971338	0.180552706024	0.547643015834
gig-	0.155651864365	0.784482033956	0.0598661016788	0.0
til-	0.318021201413	0.475265017668	0.164310954064	0.0424028268551
ogt-	0.243948742288	0.468438538206	0.154722354058	0.132890365449
dek-	0.147247119078	0.749039692702	0.0960307298335	0.00768245838669
abr-	0.0359197385982	0.930676361851	0.0246214736067	0.00878242594382
ihe-	0.5	0.5	0.0	0.0
nor-	0.746380479903	0.172218284904	0.0	0.0814012351929
ti--	0.0	0.981981981982	0.018018018018	0.0
adm-	0.0	1.0	0.0	0.0
ong-	0.0820594587162	0.0651740320053	0.133475939822	0.719290569457
agh-	0.151773307602	0.0529290871178	0.0294153478903	0.76588225739
ira-	0.138673557278	0.669250645995	0.0344530577089	0.157622739018
gaw-	0.447836544034	0.311235730516	0.0422385863352	0.198689139116
naw-	0.0187797999408	0.273586706768	0.0144676983342	0.693165794957
kam-	0.129830887404	0.709847717339	0.0822269268734	0.0780944683844
ibi-	0.45283390002	0.399921319583	0.0550762919043	0.092168488493
ilm-	0.0	1.0	0.0	0.0
sin-	0.301006430794	0.552286231366	0.0782483531378	0.0684589847026
kim-	0.0169491525424	0.971751412429	0.0112994350282	0.0
dor-	0.119158878505	0.435747663551	0.0315420560748	0.413551401869
tag-	0.144127999356	0.321792473702	0.0663408354955	0.467738691446
ha--	0.800990257147	0.140552627376	0.0356971729756	0.0227599425012
pat-	0.366619979369	0.556291905744	0.0259557733222	0.0511323415641
alt-	0.000737735153079	0.997049059388	0.00221320545924	0.0
maw-	0.0838294191524	0.743828826844	0.151180252971	0.0211615010333
oma-	0.184777913348	0.184067054178	0.218007927065	0.413147105409
lom-	0.577119451331	0.146881902986	0.0763875902081	0.199611055475
hoy-	0.0546535692424	0.196169877867	0.676538315796	0.0726382370945
inw-	0.483870967742	0.432258064516	0.058064516129	0.0258064516129
him-	0.0350577753503	0.950775742887	0.00256020754749	0.0116062742153
saw-	0.102391354249	0.816757835767	0.0279338564906	0.0529169534929
i-a-	0.52070003225	0.276175193648	0.0574605216832	0.14566425242
por-	0.219016393443	0.610551415797	0.102295081967	0.0681371087929
pas-	0.41496451193	0.381068530226	0.125574813905	0.0783921439384
etp-	0.421052631579	0.368421052632	0.0789473684211	0.131578947368
big-	0.28659984173	0.110261144817	0.0292798733843	0.573859140069
sig-	0.376774600592	0.306276170069	0.0924836657039	0.224465563635
bak-	0.0483607230513	0.919688482121	0.0153363815173	0.0166144133104
dyo-	0.0975609756097	0.804878048781	0.0325203252033	0.0650406504065
aw--	0.044273806888	0.849114686523	0.0192036795489	0.0874078270402
ayh-	0.885856079404	0.114143920596	0.0	0.0
dih-	0.194244604317	0.0647482014389	0.525179856115	0.21582733813
tin-	0.612264131763	0.283072385549	0.0255453644733	0.0791181182148
oro-	0.120869480456	0.35178867336	0.403548104104	0.12379374208
sap-	0.159689715126	0.579243011903	0.138023271366	0.123044001605
asi-	0.230606488011	0.688469675599	0.0550070521862	0.0259167842031
tip-	0.703788415028	0.231511934969	0.025879860001	0.0388197900015
hom-	0.425866381613	0.347422810379	0.10619759269	0.120513215317
ta--	0.0134972534659	0.941041067225	0.0111430813497	0.0343185979597
eke-	0.386698550902	0.545854027429	0.0404684530014	0.0269789686676
nog-	0.729403250518	0.0291022196217	0.00415745994595	0.237337069915
mog-	0.586013209999	0.0310108157821	0.00592853831128	0.377047435907
tol-	0.268562168533	0.644667059517	0.0664407778432	0.0203299941073
kri-	0.0517943026267	0.921445307683	0.00998890122087	0.0167714884696
hah-	0.391891891892	0.424924924925	0.0930930930931	0.0900900900901
mir-	0.627582644628	0.308307000486	0.00911521633446	0.0549951385513
isa-	0.0967785829808	0.874169958323	0.00238126710624	0.0266701915899
le--	0.0759219870939	0.789105591406	0.1349724215	0.0
yom-	0.161971830986	0.735915492958	0.0950704225352	0.00704225352112
bab-	0.0283004896848	0.694813681215	0.0337439704908	0.24314185861
ita-	0.210729253394	0.113658692786	0.0713632504476	0.604248803372
hol-	0.406275510204	0.489183673469	0.0312244897959	0.0733163265306
war-	0.330252985041	0.119424493344	0.0198087744179	0.530513747198
sor-	0.417048579285	0.514207149404	0.0109990834097	0.057745187901
kom-	0.0613848513606	0.0261460371458	0.00855469935195	0.903914412142
opo-	0.245014245014	0.4301994302	0.205128205128	0.119658119658
tow-	0.369152476023	0.339792522999	0.0383636719515	0.252691329027
ali-	0.18744867099	0.615209621897	0.0589804624384	0.138361244676
waw-	0.154748855503	0.834289767232	0.0	0.0109613772648
oni-	0.0430828147439	0.728099569172	0.0172331258975	0.211584490187
non-	0.306451612903	0.250474383302	0.022770398482	0.420303605313
la--	0.203794067418	0.35629845623	0.31043830411	0.129469172242
mal-	0.186624617184	0.169878111606	0.5442285857	0.0992686855091
sab-	0.160072536366	0.646125357105	0.056597075358	0.137205031171
aki-	0.0	1.0	0.0	0.0
nin-	0.0188764062046	0.00652016293168	0.000319752076376	0.974283678787
tik-	0.352454169131	0.620211577633	0.00709639266706	0.020237860569
osy-	0.00773195876288	0.976804123711	0.0154639175258	0.0
awò-	0.117802197802	0.0756043956045	0.0171428571429	0.78945054945
toy-	0.0902255639097	0.812030075188	0.0676691729323	0.0300751879699
sir-	0.168904854224	0.753219799537	0.0529044471734	0.0249708990658
inl-	0.649103018712	0.121742883646	0.0731129769572	0.156041120684
lim-	0.0415483007482	0.0478649133989	0.0128524899202	0.897734295933
ins-	0.505217891137	0.306582042648	0.0585050284579	0.129695037757
mab-	0.398773748195	0.308937658036	0.132081566761	0.160207027009
and-	0.408280247249	0.436361702379	0.0548687522899	0.100489298082
apa-	0.0392900645563	0.0733325179319	0.00879628310965	0.878581134402
ALL	0.222471328577	0.298689984956	0.0558573370547	0.422981349413
san-	0.0174003569304	0.965496728138	0.0136823319453	0.00342058298632
ine-	0.775043936731	0.066783831283	0.131810193322	0.0263620386643
lo--	0.176272719291	0.447655699486	0.055769340242	0.320302240982
arm-	0.207478890229	0.698431845597	0.0289505428227	0.065138721351
mor-	0.626208981215	0.263795372354	0.00233756981789	0.107658076613
tel-	0.275675675676	0.57027027027	0.145945945946	0.00810810810811
lid-	0.0295748613678	0.852125693161	0.0	0.118299445471
gas-	0.296072507553	0.61329305136	0.0181268882175	0.0725075528701
ata-	0.402011738319	0.479837862873	0.0390497080808	0.0791006907277
gro-	0.0792257998881	0.834681316445	0.0254336436238	0.0606592400428
pig-	0.0	1.0	0.0	0.0
baw-	0.065783532743	0.757423555071	0.0608955922296	0.115897319956
oka-	0.455481357819	0.330272676683	0.132164718976	0.082081246522
loh-	0.0	0.564814814815	0.435185185185	0.0
anh-	0.612510224736	0.171347237906	0.0462028296558	0.169939707702
kla-	0.100424800725	0.645935754857	0.0789142920784	0.17472515234
haw-	0.0640376580804	0.771207513448	0.0891363803557	0.0756184481155
ami-	0.0670135270703	0.347601034375	0.0104845153174	0.574900923237
ni--	0.742107533304	0.0594205693525	0.0373782743576	0.161093622986
ahè-	0.155619354662	0.0581842295434	0.0156631899262	0.770533225868
adi-	0.0	1.0	0.0	0.0
win-	0.59643916914	0.341246290801	0.0356083086054	0.026706231454
tal-	0.234995923428	0.128577101507	0.0675707763572	0.568856198708
gid-	0.0	1.0	0.0	0.0
alp-	0.0204304004359	0.979569599564	0.0	0.0
bin-	0.663022182278	0.198588967754	0.0680554062142	0.0703334437535
kos-	0.0602409638554	0.855421686747	0.0602409638554	0.0240963855421
rod-	0.0	1.0	0.0	0.0
paw-	0.0524837814103	0.881909836291	0.0426275517521	0.0229788305462
agm-	0.248893753468	0.0797153739388	0.039046561013	0.63234431158
dak-	0.758422350041	0.192276088743	0.0115036976171	0.037797863599
wan-	0.738748005126	0.0578400346127	0.0425432401571	0.160868720104
pon-	0.308957651418	0.180701199978	0.161299768354	0.34904138025
hig-	0.43125	0.44375	0.05	0.075
sik-	0.314876607198	0.364946882314	0.228103680792	0.0920728296956
ksp-	0.242064669238	0.519133788193	0.176505487986	0.0622960545832
bog-	0.762480021762	0.230671355289	0.00684862294995	0.0
nip-	0.535352729995	0.311151945394	0.0619229797577	0.091572344854
pin-	0.48298124165	0.30057703689	0.118838030872	0.0976036905877
pog-	0.0322580645161	0.951612903226	0.016129032258	0.0
amp-	0.480392799242	0.32039176495	0.0831760877703	0.116039348037
ili-	0.382564869866	0.475922353034	0.0207111076111	0.120801669489
map-	0.328213276859	0.349978891436	0.198600486639	0.123207345065
nar-	0.237907638433	0.266870941854	0.286860728095	0.208360691617
gat-	0.0360531309298	0.452245414295	0.00379506641365	0.507906388362
its-	0.451400329489	0.400329489292	0.0939044481054	0.0543657331137
idi-	0.513833715334	0.236193125855	0.166648772541	0.0833243862704
an--	0.502694015287	0.284517985955	0.0658907396883	0.14689725907
ray-	0.00342465753424	0.996575342466	0.0	0.0
aym-	0.246913580247	0.460905349794	0.205761316872	0.0864197530864
ani-	0.124590163934	0.796721311475	0.0786885245901	0.0
dik-	0.142333536958	0.786194257789	0.0073304825901	0.0641417226635
nad-	0.425196850394	0.527559055118	0.0	0.0472440944882
nib-	0.549242424242	0.226381461676	0.0345365418895	0.189839572192
aka-	0.0146806948862	0.985319305114	0.0	0.0
mom-	0.0274725274725	0.527472527473	0.445054945055	0.0
ban-	0.0952199930556	0.293868550125	0.0239486823308	0.586962774489
hal-	0.418938806148	0.467878289796	0.0155439642708	0.0976389397854
nag-	0.583028523202	0.224971101431	0.0779244358508	0.114075939516
dab-	0.00479205390335	0.983677973978	0.000435641263939	0.011094330855
did-	0.0754716981132	0.924528301887	0.0	0.0
nam-	0.60510249909	0.203474549053	0.109918526966	0.0815044248915
ale-	0.603773584906	0.383647798742	0.0	0.0125786163522
ikn-	0.440594059406	0.336633663366	0.0148514851485	0.207920792079
arì-	0.0721612313838	0.824439385853	0.0244126303259	0.0789867524369
sid-	0.012680297987	0.971099487505	0.0119934485127	0.00422676599567
bon-	0.0864118910407	0.108358674702	0.0624959536532	0.742733480605
oli-	0.093831200077	0.820998941392	0.0736214031374	0.0115484553941
tok-	0.632498101746	0.258162490509	0.0865603644647	0.0227790432802
kon-	0.0508764461818	0.0568578681454	0.00972537292525	0.882540312747
hak-	0.0907588688086	0.855484437751	0.0340947121821	0.0196619812584
nay-	0.279370915686	0.037258575315	0.00981190309612	0.673558605903
apl-	0.0865384615385	0.884615384615	0.0288461538462	0.0
hel-	0.717507175072	0.168511685117	0.0209102091021	0.0930709307093
omp-	0.349307488514	0.516885207418	0.0788758845032	0.0549314195647
pan-	0.194132648376	0.62022094754	0.0368206402824	0.148825763801
mow-	0.685188870487	0.245867245921	0.0406107807457	0.0283331028458
nim-	0.0	1.0	0.0	0.0
tor-	0.423180084657	0.420036880265	0.0798793009514	0.0769037341268
all-	0.0219196568617	0.8793925631	0.0163361619095	0.0823516181284
rik-	0.260869565217	0.668665667166	0.0307346326836	0.0397301349325
hoh-	0.479434447301	0.516709511568	0.0038560411311	0.0
yam-	0.331399241241	0.588261548761	0.0569069404151	0.0234322695827
ina-	0.559896737244	0.319105779243	0.0341407063519	0.0868567771607
mai-	0.158558369234	0.282441945991	0.38247346853	0.176526216245
pen-	0.114906832298	0.234472049689	0.613354037267	0.0372670807453
sib-	0.0	0.991467576792	0.0	0.00853242320819
rab-	0.0	0.824561403509	0.0	0.175438596491
ape-	0.105263157895	0.0526315789474	0.59649122807	0.245614035088
ba--	0.301380036579	0.152923571468	0.0656764396164	0.480019952336
ipo-	0.602029203515	0.294230124046	0.0599946057482	0.0437460666914
isr-	0.00700269895689	0.958202640601	0.0276460719236	0.00714858851849
lab-	0.451537280017	0.0874689932948	0.0295762200627	0.431417506626
isp-	0.0157956688026	0.945108709263	0.0258115181373	0.013284103797
nal-	0.691625801226	0.097783283547	0.0594394890409	0.151151426186
iba-	0.730407452796	0.170840825534	0.0279675078899	0.0707842137799
ino-	0.586651444645	0.32865690795	0.0274802355365	0.0572114118679
bas-	0.140844565329	0.632340809986	0.0825149978694	0.144299626816
mim-	0.0444861272559	0.0889487712377	0.161040465595	0.705524635911
ayr-	0.0842155367199	0.170208861413	0.00969898035257	0.735876621515
dir-	0.0595533498759	0.736972704715	0.0794044665012	0.124069478908
amò-	0.0690986296082	0.0943189860387	0.575178536962	0.261403847391
mid-	0.189067524116	0.515112540193	0.180064308682	0.11575562701
ang-	0.328743211629	0.34535683652	0.127524682884	0.198375268968
inh-	0.756456079614	0.155454384455	0.0216102301094	0.066479305821
yar-	0.468999950728	0.333792106689	0.167217961141	0.029989981441
ito-	0.493718010038	0.338089158458	0.0831222515141	0.0850705799901
omi-	0.653846153846	0.153846153846	0.0769230769231	0.115384615385
day-	0.301437180645	0.405346285036	0.00803863939708	0.285177894921
ma--	0.277113625808	0.140624710288	0.0945098295537	0.487751834351
sod-	0.00476190476189	0.995238095238	0.0	0.0
amm-	0.433333333333	0.166666666667	0.325	0.075
har-	0.0541797412917	0.400139964332	0.37083775425	0.174842540127
kan-	0.0992121679809	0.3504861252	0.126411170398	0.423890536422
agi-	0.0392156862745	0.960784313726	0.0	0.0
lig-	0.289885027774	0.421780131766	0.260431468802	0.0279033716574
diy-	0.0787102984458	0.828619827306	0.0227927165088	0.069877157739
gap-	0.516605166052	0.483394833948	0.0	0.0
daw-	0.136446567308	0.766865482686	0.0503084145764	0.04637953543
gir-	0.116057233704	0.780604133545	0.0747217806042	0.0286168521463
kow-	0.328577660014	0.360848222634	0.0834104382265	0.227163679126
alw-	0.0894883015313	0.0664938794142	0.021697948758	0.822319870297
iho-	0.792903261192	0.126333784019	0.0469339435379	0.0338290112513
dap-	0.292813816254	0.0438803784516	0.0465243873502	0.616781417944
na--	0.437004736493	0.194596676595	0.0659947910692	0.302403795842
lol-	0.279400749064	0.468664169788	0.118601747815	0.133333333333
omb-	0.225917894674	0.0982582457637	0.0546000915469	0.621223768015
i-i-	0.338059370846	0.474966770049	0.171909614533	0.0150642445724
pib-	0.297453703704	0.637345679012	0.0108024691358	0.0543981481481
hil-	0.0928889596197	0.0573030227758	0.0108421342143	0.83896588339
oko-	0.0	1.0	0.0	0.0
apy-	0.0	1.0	0.0	0.0
mat-	0.423795425237	0.354297388217	0.116338505004	0.105568681541
nit-	0.506281359641	0.139849850983	0.0818651676915	0.272003621685
bob-	0.0537697253068	0.835184102864	0.111046171829	0.0
mad-	0.164044091046	0.636168025545	0.158907886279	0.0408799971297
sol-	0.00544773578482	0.958120531154	0.0163432073545	0.0200885257065
has-	0.0368852459017	0.94262295082	0.0204918032787	0.0
par-	0.143215251681	0.360259896176	0.0344211707968	0.462103681346
ala-	0.13495272482	0.7087841459	0.0390253740864	0.117237755194
ilg-	0.121951219512	0.829268292683	0.0	0.0487804878049
nah-	0.465546945636	0.281471276155	0.150781171394	0.102200606814
aho-	0.0172811059908	0.981566820276	0.0	0.00115207373272
pom-	0.738508329301	0.189880417502	0.0599986175434	0.0116126356536
hib-	0.0238805970149	0.976119402985	0.0	0.0
ayi-	0.232171763256	0.137288860909	0.0335507599593	0.596988615875
raw-	0.169116983855	0.577117344638	0.166275818526	0.0874898529809
hik-	0.197729675356	0.0883496662149	0.0130118323046	0.700908826124
nga-	0.0346682567954	0.952675471934	0.00282904887235	0.00982722239869
gay-	0.0161290322581	0.983870967742	0.0	0.0
beb-	0.0106685633001	0.967638691323	0.00568990042674	0.0160028449502
ipa-	0.543003744776	0.317108589697	0.0609785360886	0.0789091294385
kin-	0.54175089396	0.32703018895	0.0804454712431	0.0507734458471
gob-	0.0941172537154	0.811096808706	0.0441331349571	0.0506528026212
ona-	0.0971444888635	0.18703597944	0.388406624786	0.32741290691
dan-	0.289359658542	0.185839329064	0.0537464078639	0.47105460453
kag-	0.0248676420926	0.21217738902	0.059682080191	0.703272888696
hay-	0.0764753444162	0.0211738535287	0.00447505740669	0.897875744648
mis-	0.183180296676	0.197321276605	0.14228263194	0.47721579478
anl-	0.476050452126	0.152502109892	0.1425426506	0.228904787382
ayn-	0.83738317757	0.155140186916	0.007476635514	0.0
din-	0.596250797632	0.260868172295	0.076503548271	0.0663774818023
kob-	0.265920223933	0.678096571029	0.0559832050385	0.0
agr-	0.0	0.996598639456	0.0	0.00340136054422
sos-	0.0046875	0.9953125	0.0	0.0
mi--	0.432839625957	0.407351669957	0.0719866559685	0.0878220481177
deg-	0.154471544715	0.569105691057	0.195121951219	0.0813008130081
tat-	0.00551359137472	0.814291327585	0.00609738340262	0.174097697638
bit-	0.029988379503	0.945352425935	0.00459197061139	0.0200672239507
dog-	0.0610110973548	0.624869311289	0.0203551561298	0.293764435227
rig-	0.179763739086	0.67385721623	0.140215716487	0.00616332819723
nom-	0.132521974307	0.772143340095	0.00676132521974	0.0885733603787
pot-	0.38648111332	0.488270377734	0.00357852882704	0.121669980119
oyb-	0.00890430218389	0.89549161121	0.0822476333302	0.0133564532759
mam-	0.443714600528	0.369188926189	0.0703908559756	0.116705617307
hiy-	0.145905959453	0.0624542505996	0.0117305506913	0.779909239256
hot-	0.0	1.0	0.0	0.0
sis-	0.0587819082349	0.92339302237	0.0141512001306	0.00367386926468
loy-	0.0738255033557	0.765100671141	0.161073825503	0.0
mos-	0.0	0.960650838453	0.0328739830649	0.0064751784825
kok-	0.0	0.950248756219	0.0497512437811	0.0
bo--	0.0642695705773	0.840558865831	0.0601602629957	0.0350113005959
bow-	0.0186756309695	0.449709193746	0.497412091137	0.0342030841471
yaw-	0.292386906951	0.694372931225	0.00110334681868	0.0121368150055
pla-	0.252226942106	0.643950105449	0.0538562865707	0.0499666658739
lam-	0.163182392983	0.730136949444	0.026098420642	0.0805822369306
bet-	0.150943396226	0.207547169811	0.0	0.641509433962
hip-	0.350435624395	0.370764762827	0.0425943852856	0.236205227493
law-	0.126639015375	0.770290328815	0.0410809600766	0.0619896957331
sal-	0.139974912847	0.717626983351	0.0397688398006	0.102629264002
nih-	0.314063848145	0.518550474547	0.0621225194132	0.105263157895
isk-	0.101086247754	0.848593285303	0.0209297517375	0.0293907152059
gab-	0.0517857142857	0.889285714286	0.0	0.0589285714285
400-	0.0	0.545945945946	0.0648648648648	0.389189189189
soh-	0.340531561462	0.541528239203	0.0531561461794	0.0647840531561
pip-	0.2328607794	0.753832890349	0.0133063302514	0.0
yan-	0.0446566720781	0.0192179210685	0.00294378559719	0.933181621256
sim-	0.103446279461	0.437708453035	0.0675797782635	0.39126548924
eme-	0.146817574554	0.0532529153203	0.00553818268888	0.794391327437
min-	0.330501282356	0.112730446481	0.0179411757919	0.538827095371
inr-	0.224824355972	0.487119437939	0.288056206089	0.0
tab-	0.169616260732	0.745487997197	0.0534431400035	0.0314526020677
lok-	0.396587214262	0.334998207376	0.18970910035	0.0787054780126
igo-	0.08984375	0.8830078125	0.0271484375	0.0
po--	0.180934677631	0.673691229063	0.0693027296789	0.0760713636272
ida-	0.189805952783	0.300791952858	0.465488120707	0.0439139736516
kar-	0.110525702965	0.648506535689	0.168528331553	0.0724394297932
ark-	0.144164759725	0.787185354691	0.0	0.0686498855835
kay-	0.0860397905633	0.102931803074	0.0236521529864	0.787376253377
kli-	0.0258064516129	0.961290322581	0.0129032258065	0.0
neb-	0.128879537086	0.841662283009	0.00736454497633	0.022093634929
lil-	0.212328767123	0.130136986301	0.123287671233	0.534246575342
ist-	0.0971195898055	0.709847685115	0.0904840898809	0.102548635198
imo-	0.106840022612	0.893159977388	0.0	0.0
sat-	0.0566203947088	0.798013668462	0.0966169846975	0.048748952132
ete-	0.264578833693	0.113390928726	0.129589632829	0.492440604752
oki-	0.240366972477	0.644036697248	0.115596330275	0.0
lop-	0.0768766958094	0.824690985831	0.0725052758517	0.0259270425083
tak-	0.351836188285	0.605372923951	0.0427908877643	0.0
lob-	0.21240292628	0.438581879572	0.138345526168	0.21066966798
tay-	0.0905390001628	0.750692069695	0.11154535092	0.0472235792216
lel-	0.295620437956	0.463503649635	0.131386861314	0.109489051095
kop-	0.553897967024	0.370570492018	0.0	0.0755315409579
kak-	0.13740467186	0.549233532852	0.248508137778	0.0648536575096
nob-	0.00585556278464	0.945998698764	0.0442420299284	0.0039037085231
agn-	0.213399409536	0.0654145332289	0.0294286318751	0.69175742536
gog-	0.0	0.960784313725	0.0392156862745	0.0
rak-	0.269503546099	0.645390070922	0.0851063829787	0.0
sil-	0.0604829466304	0.833832361727	0.0685308815698	0.037153810073
lal-	0.107335138821	0.521849794479	0.0833583080866	0.287456758613
ngi-	0.0146506386176	0.919233658903	0.0661157024793	0.0
nis-	0.279850746269	0.485074626866	0.0335820895522	0.201492537313
kis-	0.0246270346402	0.0430703361444	0.0304404796204	0.901862149595
dya-	0.358862294596	0.449649919749	0.157445512649	0.0340422730052
itr-	0.574074074074	0.185185185185	0.240740740741	0.0
gra-	0.145833333333	0.614583333333	0.0416666666667	0.197916666667
pim-	0.369207772795	0.322869955157	0.067264573991	0.240657698057
pri-	0.0983424621199	0.491263477208	0.366440640103	0.0439534205698
nan-	0.478333087821	0.210692247429	0.0302728937057	0.280701771044
tro-	0.00546746856206	0.988761314622	0.0028552335824	0.0029159832331
a-a-	0.0703327513963	0.418366654572	0.449296721091	0.0620038729414
beh-	0.166007905138	0.833992094862	0.0	0.0
bom-	0.605242186476	0.197841357633	0.151608244801	0.0453082110899
gol-	0.241596296175	0.547592531261	0.162625761692	0.0481854108716
iyo-	0.103737925241	0.832423351533	0.0537589248215	0.010079798404
sow-	0.190434782609	0.378260869565	0.233043478261	0.198260869565
tiy-	0.0639063217511	0.882519516302	0.0133935404868	0.0401806214603
arp-	0.0	1.0	0.0	0.0
kas-	0.117410931482	0.706127838427	0.0934745599134	0.0829866701773
had-	0.0774193548387	0.792258064516	0.0993548387096	0.0309677419355
kad-	0.36732732501	0.475140581608	0.0676450082639	0.089887085118
ras-	0.289855072464	0.579710144928	0.0724637681159	0.0579710144928
tir-	0.0374354561102	0.95395869191	0.00602409638554	0.00258175559381
man-	0.403342906908	0.321288139572	0.125498880918	0.149870072602
koy-	0.105595317231	0.0326398316971	0.0167553162476	0.845009534824
rob-	0.0	1.0	0.0	0.0
iko-	0.347382834179	0.466775378415	0.0822157216177	0.103626065789
hop-	0.0442020665901	0.901262916188	0.01205510907	0.0424799081516
daa-	0.0830828906905	0.826408303047	0.00995946323734	0.0805493430249
tap-	0.174288981513	0.400208067884	0.35588645621	0.0696164943926
nse-	0.186801602361	0.569681636095	0.154965211891	0.0885515496521
bib-	0.530081503142	0.310334100666	0.0783923349717	0.0811920612206
dom-	0.211766930325	0.62342041408	0.0611350959569	0.103677559638
iso-	0.272727272727	0.646464646465	0.0808080808081	0.0
teg-	0.138461538462	0.455	0.130576923077	0.275961538462
ogm-	0.3	0.666666666667	0.0	0.0333333333333
bos-	0.0532595259848	0.92352340517	0.0130058580104	0.0102112108346
pam-	0.255966342245	0.588391350828	0.054821020347	0.100821286581
mag-	0.479961182356	0.247913510565	0.106171869763	0.165953437316
agw-	0.599331848552	0.114031180401	0.286636971047	0.0
ika-	0.131429718792	0.341796451777	0.443421453425	0.0833523760063
hob-	0.508608655188	0.418101442531	0.027221963704	0.0460679385761
ket-	0.303680981595	0.236196319018	0.40490797546	0.0552147239264
hok-	0.305174234425	0.459213305174	0.168162618796	0.0674498416051
bot-	0.0216910802541	0.928102599158	0.0292464003426	0.0209599202455
nil-	0.547680486745	0.18234715955	0.064099101166	0.205873252538
dob-	0.232360097324	0.144160583942	0.374087591241	0.249391727494
taw-	0.0525639429229	0.611883725419	0.0343275256149	0.301224806043
mon-	0.114575317582	0.0778479309373	0.0337323863708	0.77384436511
ram-	0.0	1.0	0.0	0.0
asy-	0.00412371134021	0.992783505155	0.0	0.00309278350515
any-	0.11076640907	0.16524494035	0.0168210850189	0.707167565561
pit-	0.0255473017528	0.118600710413	0.0079248772784	0.847927110556
opa-	0.409867172676	0.46110056926	0.00379506641366	0.125237191651
da--	0.191656104397	0.0816151049385	0.472103706613	0.254625084052
hit-	0.163783967784	0.100495186225	0.0357099274883	0.700010918503
las-	0.0370265686829	0.881571509327	0.0585076314302	0.0228942905596
bra-	0.165618634311	0.63953591356	0.19484545213	0.0
sip-	0.0	0.990577149588	0.00235571260307	0.00706713780919
pad-	0.475872152677	0.443008210932	0.0213941898175	0.0597254465738
mib-	0.6889988739	0.179411212415	0.0439618737853	0.0876280398994
hog-	0.0468595314047	0.883511164888	0.0640193598064	0.00560994390056
bar-	0.162710822225	0.57658342424	0.0327527004303	0.227953053104
adr-	0.181578947368	0.723684210526	0.0947368421053	0.0
ing-	0.54661893649	0.277070517063	0.0440889497589	0.132221596689
bih-	0.0924547888628	0.0105525849735	0.000790167825593	0.896202458338
pet-	0.157886572836	0.1847186768	0.422375946264	0.235018804099
his-	0.0257135041906	0.701363474619	0.00288227268819	0.270040748502
apo-	0.03381499396	0.550181584903	0.00398107679485	0.412022344342
tra-	0.203717029697	0.579052614099	0.0709086380117	0.146321718192
rit-	0.226196230063	0.356210729821	0.400193330111	0.0173997100048
lot-	0.0238765518422	0.914786176424	0.0108381567984	0.0504991149352
gag-	0.0389408099689	0.93769470405	0.00934579439253	0.0140186915888
pi--	0.402708253113	0.353741496599	0.117122320626	0.126427929662
aro-	0.00884955752212	0.973451327434	0.0176991150442	0.0
awa-	0.269197584124	0.67385677308	0.0569456427955	0.0
ima-	0.365865431026	0.498986388648	0.0888116613572	0.046336518969
tig-	0.00504314692368	0.994956853076	0.0	0.0
ibo-	0.447363296586	0.292327020321	0.219856151261	0.040453531832
ado-	0.595744680851	0.255319148936	0.148936170213	0.0
mik-	0.492611987242	0.344296321808	0.0853296680453	0.0777620229045
tis-	0.0564598168871	0.928280773143	0.00610376398779	0.00915564598169
kot-	0.73269481933	0.26730518067	0.0	0.0
ilo-	0.374540103017	0.519499632082	0.00883002207505	0.0971302428256
ihi-	0.349543733201	0.399968406697	0.0909957646408	0.159492095461
say-	0.324	0.456	0.196	0.024
now-	0.590060002264	0.272161213631	0.0449450922676	0.0928336918374
tan-	0.749485842756	0.102870561549	0.0393589485167	0.108284647179
aha-	0.0250809458399	0.908445349294	0.0314584968603	0.0350152080063
moy-	0.0627183300283	0.106299709089	0.0109561407744	0.820025820109
abo-	0.282821580241	0.58671630532	0.050709655789	0.07975245865
aga-	0.132609918349	0.103372704176	0.0305948294254	0.73342254805
ipi-	0.0463484150416	0.910623256954	0.0270919102248	0.0159364177793
ker-	0.102473498233	0.832155477032	0.0583038869258	0.00706713780918
pob-	0.0724763830021	0.582052858021	0.301984929175	0.0434858298013
rop-	0.0	0.943925233645	0.0560747663551	0.0
lah-	0.024679509152	0.68327963255	0.281757729485	0.0102831288133
oyh-	0.246835443038	0.639240506329	0.0	0.113924050633
dro-	0.0	1.0	0.0	0.0
pis-	0.0406825624879	0.883021385818	0.0206662218389	0.0556298298556
apò-	0.273348519362	0.671981776765	0.0273348519362	0.0273348519362
git-	0.782721476124	0.0760295940403	0.0316896459193	0.109559283916
ton-	0.237352005679	0.142944684912	0.0203055297802	0.599397779629
ant-	0.222417347993	0.128659815655	0.0193484275224	0.62957440883
iny-	0.268993839836	0.718685831622	0.0	0.0123203285421
pa--	0.329299533655	0.260615980394	0.0373834673252	0.372701018625
yaa-	0.316614420063	0.435736677116	0.180250783699	0.0673981191222
ori-	0.0	1.0	0.0	0.0
nak-	0.647112521248	0.210997313275	0.0399115887673	0.10197857671
niy-	0.37813440321	0.501504513541	0.0972918756268	0.0230692076229
pol-	0.107250853565	0.800688686137	0.0741157649541	0.0179446953436
pih-	0.190618177946	0.170438208828	0.146957031042	0.491986582184
aya-	0.60819301332	0.214878110078	0.0552902739382	0.121638602664
sar-	0.0783120695943	0.154949778878	0.3083546166	0.458383534927
mar-	0.0897204370277	0.499358542133	0.098874618185	0.312046402655
kah-	0.100985580792	0.572983157078	0.257618132414	0.0684131297161
gep-	0.633300297324	0.222993062438	0.104063429138	0.0396432111001
nap-	0.599066579045	0.228443672657	0.0578230510848	0.114666697213
art-	0.105263157895	0.859649122807	0.0	0.0350877192982
ido-	0.482576985413	0.495137763371	0.0109400324149	0.0113452188007
igw-	0.705420697789	0.0812355556972	0.0085239317193	0.204819814794
bal-	0.140282892332	0.616824816849	0.0231615109949	0.219730779824
pok-	0.601351351351	0.158783783784	0.189189189189	0.0506756756756
obi-	0.0628637951106	0.353511835468	0.583624369422	0.0
han-	0.27166969269	0.276612198238	0.398594580055	0.0531235290162
mip-	0.405853177642	0.409289386993	0.09909460028	0.0857628350853
ayo-	0.150348992813	0.685061581356	0.0659556897684	0.0986337360628
sad-	0.123795782464	0.787902330744	0.0415538290788	0.0467480577137
dim-	0.0878145539511	0.816201314529	0.052614769117	0.0433693624032
top-	0.106135986733	0.843137254902	0.0146327187591	0.0360940396059
sop-	0.229188078109	0.743062692703	0.0277492291881	0.0
nol-	0.528787878788	0.227272727273	0.0454545454545	0.198484848485
dam-	0.0393865458348	0.922969675845	0.0292784942489	0.00836528407111
amb-	0.38496661245	0.45353561813	0.0528958477426	0.108601921677
hag-	0.609878310666	0.290622763064	0.0393700787402	0.0601288475304
boh-	0.096	0.316	0.372	0.216
nab-	0.560185055225	0.177002848285	0.144912677176	0.117899419314
pow-	0.0924798187226	0.758037105226	0.0814332247557	0.0680498512958
bir-	0.0826040313929	0.886624131895	0.0139743662131	0.0167974704986
rom-	0.0509367681499	0.700526932084	0.231850117096	0.0166861826698
how-	0.035130665071	0.884799951087	0.0111356084433	0.0689337753986
agt-	0.17536320863	0.0992097993398	0.0350420302973	0.690384961733
hen-	0.38062283737	0.515570934256	0.083044982699	0.0207612456747
sit-	0.0	1.0	0.0	0.0
owe-	0.0222882615156	0.924219910847	0.0178306092125	0.0356612184249
dem-	0.934426229508	0.0	0.0655737704918	0.0
mot-	0.107142857143	0.857142857143	0.0357142857143	0.0
rip-	0.0	1.0	0.0	0.0
ipr-	0.163520512508	0.725992654717	0.0132584199331	0.0972284128424
bla-	0.0972222222222	0.763888888889	0.111111111111	0.0277777777778
yat-	0.26582278481	0.601265822785	0.132911392405	0.0
pah-	0.314599107441	0.552025593622	0.0631522838829	0.0702230150538
ily-	0.00954745083063	0.990452549169	0.0	0.0
mak-	0.512333786488	0.217920757038	0.108998136777	0.160747319697
get-	0.0	0.97385620915	0.0261437908496	0.0
sam-	0.00721011112054	0.982045409563	0.00424124183561	0.00650323748127
hon-	0.303226852536	0.620578524094	0.0205902963875	0.0556043269826
akt-	0.338461538462	0.661538461538	0.0	0.0
nik-	0.437871414436	0.199302504645	0.277263438347	0.0855626425718
lit-	0.111571216501	0.717790452379	0.17063833112	0.0
teb-	0.0566037735849	0.584905660377	0.0	0.358490566038
isl-	0.180364566677	0.793092420851	0.00735529261273	0.0191877198593
kiy-	0.0	0.964285714286	0.0357142857143	0.0
pli-	0.0	1.0	0.0	0.0
bag-	0.0776802636042	0.775748004457	0.0247471775638	0.121824554375
lib-	0.034265211394	0.558557099196	0.0152025752537	0.391975114156
ayt-	0.451704545455	0.247159090909	0.105113636364	0.196022727273
may-	0.128718910726	0.12034805416	0.667956607353	0.0829764277615
tib-	0.141700404858	0.85020242915	0.0	0.0080971659919
awo-	0.320745110958	0.0393319557166	0.0143751310233	0.625547802302
klo-	0.0175438596491	0.947368421053	0.0	0.0350877192982
tee-	0.0792079207921	0.0792079207921	0.841584158416	0.0
dit-	0.0856485577774	0.688550698991	0.225800743231	0.0
gam-	0.115964212569	0.811307534763	0.0269375875822	0.0457906650857
gri-	0.0649350649351	0.217644424541	0.693237796686	0.0241827138379
ara-	0.124895679527	0.440039802273	0.030268986326	0.404795531874
gad-	0.0317796610169	0.925847457627	0.0423728813559	0.0
ahe-	0.0967741935484	0.903225806452	0.0	0.0
amo-	0.0188098252056	0.955554203345	0.00364061133011	0.0219953601194
lik-	0.0228310502283	0.186562296151	0.157208088715	0.633398564905
rot-	0.0	1.0	0.0	0.0
pag-	0.321873991318	0.439636606531	0.144608908491	0.0938804936598
los-	0.0	0.997087849862	0.00291215013752	0.0
ago-	0.157894736842	0.842105263158	0.0	0.0
noa-	0.620689655172	0.155172413793	0.103448275862	0.120689655172
imb-	0.6933690064	0.19910292729	0.0341359773371	0.0733920889728
kal-	0.164916069351	0.402712409534	0.170666970024	0.261704551091
ond-	0.239382239382	0.760617760618	0.0	0.0
aba-	0.106196581228	0.790730266404	0.0149924585263	0.0880806938418
ind-	0.712400050768	0.208909760122	0.0637136692474	0.0149765198629
kil-	0.338203859331	0.526924541009	0.0528827852772	0.0819888143831
tob-	0.476551823541	0.400000679579	0.0344763279575	0.0889711689225
les-	0.212930011862	0.523724792408	0.128113879004	0.135231316726
oya-	0.706666666667	0.226666666667	0.0	0.0666666666666
asn-	0.0269528071603	0.953213995118	0.0	0.0198331977217
lak-	0.545013614704	0.187287270252	0.00850918992512	0.259189925119
taa-	0.392523364486	0.495327102804	0.0560747663552	0.0560747663551
siy-	0.133021575904	0.622883403637	0.011185891971	0.232909128488
144-	0.0858352391611	0.0756167583086	0.0	0.83854800253
tog-	0.12230864615	0.711982865517	0.118363205952	0.0473452823808
aso-	0.0471928397071	0.926498508272	0.0230539734201	0.00325467860049
nat-	0.556547498894	0.200860768048	0.170554279431	0.0720374536266
ota-	0.338052933787	0.553469121364	0.0563807461488	0.0520971987001
nir-	0.652726041314	0.071960717914	0.00101591601761	0.274297324754
nas-	0.076968973747	0.870433266018	0.0220304754911	0.0305672847439
pil-	0.060522071018	0.885566940046	0.0331917213804	0.0207192675557
hin-	0.453867217511	0.10013357237	0.0105109837609	0.435488226358
gom-	0.384503831924	0.375882003171	0.0709566596194	0.168657505285
tri-	0.0394622251252	0.649466579578	0.164924885696	0.146146309602
pos-	0.963613091973	0.0239531907113	0.0	0.0124337173158
hos-	0.174629254084	0.777001611547	0.0145760060093	0.0337931283598
ako-	0.101778878425	0.0320890359683	0.00615927963441	0.859972805973
olo-	0.0771602661513	0.904545521606	0.00354081527272	0.0147533969697
nid-	0.743421052632	0.177631578947	0.0	0.0789473684211
bek-	0.010989010989	0.923076923077	0.0659340659341	0.0
hab-	0.114426490183	0.0937015275294	0.0231784501443	0.768693532143
mit-	0.323582963494	0.380371245867	0.0579551576407	0.238090632998
anw-	0.872727272727	0.0545454545455	0.0363636363636	0.0363636363636
asa-	0.612247731098	0.236486369237	0.0195568049699	0.131709094695
yab-	0.0100431965443	0.941036717063	0.0097192224622	0.0392008639309
bah-	0.379195863555	0.0497730106602	0.0414903145361	0.529540811249
yob-	0.125541125541	0.874458874459	0.0	0.0
iwa-	0.549019607843	0.0588235294118	0.235294117647	0.156862745098
dyi-	0.107209446861	0.870416407707	0.011187072716	0.0111870727159
yeh-	0.0337837837838	0.793918918919	0.0810810810811	0.0912162162162
sn--	0.377039454168	0.602195194304	0.0207653515278	0.0
opi-	0.115695263043	0.79502292076	0.0606854398603	0.0285963763371
rib-	0.056313830295	0.88355445261	0.0486780566956	0.011453660399
tom-	0.546010756022	0.338452954183	0.0450531459342	0.0704831438615
orb-	0.0	1.0	0.0	0.0
iri-	0.570754716981	0.301886792453	0.0990566037735	0.0283018867925
som-	0.507453026718	0.211738769897	0.103331108549	0.177477094836
iga-	0.408946323688	0.457061099104	0.066751776602	0.0672408006064
dol-	0.145477041077	0.772367304974	0.0388326825852	0.0433229713638
obl-	0.189573459716	0.633491311216	0.107424960505	0.0695102685624
lip-	0.0827671120434	0.842446075972	0.0604222718774	0.0143645401067
lat-	0.348167539267	0.306282722513	0.259162303665	0.0863874345549
bor-	0.369587379943	0.532757418039	0.0901432634007	0.00751193861672
pal-	0.349022594289	0.510776664986	0.0859612982403	0.0542394424843
ka--	0.247070944395	0.428263198547	0.128026996317	0.196638860741
260-	0.073230268511	0.170870626526	0.0	0.755899104963
ril-	0.0815485996705	0.686161449753	0.217462932455	0.0148270181219
kol-	0.095925227515	0.570796097401	0.22366155612	0.109617118964
o-o-	0.434397163121	0.530141843972	0.0	0.0354609929078
iki-	0.55938697318	0.363984674329	0.0	0.0766283524904
dag-	0.0276545540349	0.930863614913	0.006512505899	0.0349693251534
tot-	0.486514876482	0.181153077114	0.0256618168751	0.306670229528
pel-	0.133178844057	0.141902944384	0.0474372955289	0.677480916031
pro-	0.0908926206252	0.793576973072	0.00607428332545	0.109456122977
sob-	0.356218905473	0.38407960199	0.134825870647	0.124875621891
bok-	0.0179640718563	0.127245508982	0.0291916167665	0.825598802395
bil-	0.116807135328	0.0640936703502	0.057143046561	0.761956147761
biy-	0.339383189261	0.568505849124	0.0182964502753	0.0738145113389
pak-	0.416050404563	0.294686649148	0.157282639351	0.131980306938
hod-	0.0348642580118	0.862282098387	0.0658297611757	0.037023882425
low-	0.0390042309071	0.112142020044	0.0379394914562	0.810914257592
boy-	0.00303469769869	0.000959891360618	0.00194186254672	0.994063548394
lin-	0.348413234301	0.39635381499	0.206617150574	0.048615800135
ayp-	0.175602175602	0.461538461539	0.125097125097	0.237762237762
dip-	0.308359431462	0.367983618405	0.278366658636	0.0452902914961
gal-	0.0489756922176	0.90201654942	0.0247443752693	0.0242633830934
api-	0.120160213618	0.863818424566	0.0	0.0160213618158
yay-	0.125882401642	0.10226971113	0.0320330972146	0.739814790013
piy-	0.142857142857	0.821428571429	0.0357142857143	0.0
pir-	0.0687855692011	0.0655673768588	0.00901119067264	0.856635863267
yap-	0.55	0.345652173913	0.0391304347826	0.0652173913043
iti-	0.931034482759	0.0344827586207	0.0	0.0344827586207
hir-	0.0728677806681	0.895051492747	0.0153224093547	0.0167583172302
lay-	0.13163707674	0.0800287064821	0.0266514921691	0.761682724609
ane-	0.0373848413369	0.00845609506433	0.0169121901286	0.93724687347
ahi-	0.0252735490009	0.966301934665	0.00336980653346	0.00505470980019
agy-	0.188138339634	0.0403833582934	0.0251185457011	0.746359756372
liw-	0.666094715168	0.196980096088	0.0957446808511	0.041180507893
isi-	0.445958899306	0.313741534769	0.142106780757	0.0981927851682
arn-	0.0	1.0	0.0	0.0
imp-	0.485009958027	0.376145080699	0.0552506809687	0.0835942803057
gar-	0.453855494839	0.266848816029	0.174559805707	0.104735883424
int-	0.635460918065	0.238299560594	0.0492723911042	0.0769671302373
bol-	0.274253946538	0.613506893846	0.0546555907692	0.0575835688461
bat-	0.0597354902549	0.901523434512	0.0262140209662	0.0125270542671
yeg-	0.815384615385	0.123076923077	0.0	0.0615384615385
mih-	0.0382876379965	0.0605326294646	0.075965953411	0.825213779128
tad-	0.00840336134454	0.991596638655	0.0	0.0
dow-	0.0162513542795	0.970747562297	0.0130010834236	0.0
oso-	0.0	0.957746478873	0.0422535211268	0.0
pay-	0.691408059287	0.13490041686	0.0437702640111	0.129921259842
hap-	0.0590624084061	0.042390271478	0.0128762411102	0.885671079006
kap-	0.127094153164	0.611180538036	0.135560285084	0.126165023717
agk-	0.242132693147	0.0849654142881	0.0298208702864	0.643081022278
iha-	0.538826318909	0.218731475993	0.15708358032	0.0853586247777
tam-	0.102286215463	0.0931466389218	0.0409975560596	0.763569589556
kaw-	0.141923199657	0.470242506768	0.0339955158198	0.353838777756
liy-	0.0105494505495	0.865494505494	0.116043956044	0.00791208791207
to--	0.523580502564	0.379758481578	0.0161101693097	0.0805508465483
ama-	0.080118694362	0.919881305638	0.0	0.0
pab-	0.0969165085973	0.791489512763	0.0159558852177	0.0956380934223
