-can	0.410256410256	0.51282051282	0.0769230769231	0.0
-eus	0.406574394464	0.575259515571	0.0	0.0181660899654
-cal	0.117010656328	0.795579597428	0.00731316602048	0.0800965802243
-eum	0.375887440299	0.247192461598	0.13321285659	0.243707241513
-eul	0.0471420153212	0.67707719505	0.266352386564	0.00942840306423
-hen	0.288732394366	0.0211267605634	0.0211267605634	0.669014084507
-eud	0.021164021164	0.978835978836	0.0	0.0
-eug	0.585365853659	0.146341463415	0.0975609756097	0.170731707317
-rbh	0.189952437574	0.111771700357	0.40368608799	0.294589774078
-lem	0.0359928014397	0.925287669739	0.00654414571631	0.0321753831052
-dh'	0.387035548616	0.113760499781	0.00732918833859	0.491874763264
-muc	0.0	1.0	0.0	0.0
-leo	0.402222222222	0.0483333333333	0.0233333333333	0.526111111111
-iad	0.0327248405822	0.0935061419423	0.0321788198828	0.841590197593
-nse	0.525646582864	0.35298367288	0.0086692674469	0.11270047681
-aum	0.0914634146341	0.896341463415	0.0	0.0121951219512
-nsa	0.16168395363	0.755948749237	0.0549115314216	0.0274557657108
-rge	0.0	0.912621359223	0.0	0.0873786407767
-pur	0.0365853658536	0.329268292683	0.634146341463	0.0
-nta	0.255937412685	0.429170159262	0.160938809723	0.153953618329
-uam	0.183431952663	0.497041420118	0.0710059171598	0.248520710059
-ual	0.581939799331	0.217391304348	0.0401337792642	0.160535117057
-uan	0.483641016268	0.38969109852	0.0115152622921	0.115152622921
-pud	0.91	0.02	0.0	0.07
-uas	0.0704015865146	0.221368368865	0.0468517600397	0.661378284581
-her	0.0952380952381	0.555555555555	0.0	0.349206349206
-pul	0.25574272588	0.560490045942	0.0367534456355	0.147013782542
-eur	0.0822812363953	0.789725729212	0.127993034393	0.0
-oig	0.0427923486492	0.460264247683	0.00414119503056	0.492802208637
-dhe	0.290106844601	0.567674827646	0.0356793974214	0.106538930331
-dha	0.0981867521895	0.0675959047737	0.00222030344147	0.831997039595
-nma	0.0390625	0.9140625	0.046875	0.0
-'is	0.647058823529	0.0	0.0	0.352941176471
-dhi	0.315222711698	0.125305922663	0.0	0.559471365639
-dea	0.0480769230769	0.894230769231	0.0288461538462	0.0288461538461
-msa	0.289874528838	0.552754685806	0.0650591211855	0.092311664171
-mse	0.134926212228	0.624736472242	0.0252986647927	0.215038650738
-den	0.0598835597449	0.0687551982257	0.0493484890491	0.82201275298
-ime	0.363636363636	0.333333333333	0.136363636364	0.166666666667
-ior	0.159468438538	0.146179401993	0.136212624585	0.558139534884
-imh	0.164368519729	0.570064045495	0.0765285327716	0.189038902004
-obh	0.475635079631	0.11267231995	0.0244701190117	0.387222481407
-idh	0.422053529375	0.21075924845	0.0385343692869	0.328652852888
-ide	0.296727272727	0.68	0.0	0.0232727272727
-ida	0.0183486238532	0.981651376147	0.0	0.0
-rig	0.366419294991	0.494434137291	0.0556586270872	0.0834879406308
-bba	0.101694915254	0.813559322034	0.0	0.0847457627118
-ric	0.192513368984	0.157754010695	0.0401069518716	0.609625668449
-hla	0.0331632653061	0.05	0.0	0.916836734694
-rin	0.562724014337	0.250896057348	0.0	0.186379928315
-uth	0.179907636704	0.699216919885	0.0281105682351	0.0927648751757
-rim	0.262032085561	0.513368983957	0.0320855614973	0.192513368984
-hli	0.366492146597	0.528795811518	0.0732984293193	0.0314136125654
-tea	0.0402684563759	0.919463087248	0.0402684563758	0.0
-ris	0.079557571342	0.0781110700449	0.0140517268864	0.828279631727
-ard	0.0368098159509	0.0368098159509	0.865030674847	0.0613496932515
-arg	0.77694235589	0.122807017544	0.100250626566	0.0
-ara	0.0407470288625	0.932088285229	0.0101867572156	0.0169779286927
-arc	0.862772695285	0.0316678395496	0.0211118930331	0.0844475721322
-id'	0.307167235495	0.508532423208	0.122866894198	0.061433447099
-dsa	0.333333333333	0.380952380952	0.0	0.285714285714
-ari	0.0372670807453	0.944099378882	0.0186335403727	0.0
-art	0.122674049752	0.490332116555	0.213110500382	0.173883333311
-ile	0.0564020577564	0.276322062494	0.126817049117	0.540458830633
-mea	0.0	0.741379310345	0.051724137931	0.206896551724
-arr	0.452560755172	0.150130548303	0.0961638883309	0.301144808194
-men	0.508196721311	0.0983606557377	0.0655737704918	0.327868852459
-ota	0.184357541899	0.68156424581	0.134078212291	0.0
-oth	0.0511400168158	0.903160393689	0.01305702557	0.032642563925
ALL	0.271279643128	0.271779135945	0.049328939377	0.40761228155
-nan	0.119413169567	0.161231041221	0.0198660091188	0.699489780094
-nam	0.147334931553	0.199874532297	0.0239284834092	0.628862052741
-nad	0.273666092943	0.165232358003	0.0154905335628	0.545611015491
-sin	0.11477878814	0.0648400755603	0.00695323650715	0.813427899793
-csa	0.065934065934	0.663003663004	0.216117216117	0.054945054945
-nas	0.220725240075	0.33523683079	0.230758205532	0.213279723603
-sig	0.910714285714	0.0892857142857	0.0	0.0
-mor	0.245416078984	0.033850493653	0.380818053597	0.339915373766
-gog	0.0	0.990291262136	0.0	0.00970873786408
-mon	0.056856187291	0.90635451505	0.0	0.0367892976589
-con	0.328	0.672	0.0	0.0
-eol	0.34	0.39	0.045	0.225
-beo	0.5	0.182926829268	0.253048780488	0.0640243902439
-rle	0.168367346939	0.66156462585	0.102040816327	0.0680272108843
-cop	0.980392156863	0.0196078431373	0.0	0.0
-isg	0.43174751849	0.399580134908	0.00805332158842	0.160619025014
-nte	0.278882436735	0.399661979547	0.145193168625	0.176262415093
-ise	0.127258288664	0.0881477069685	0.0011911852293	0.783402819138
-rea	0.0	1.0	0.0	0.0
-ist	0.190225497938	0.127840659823	0.0384311660963	0.643502676143
-hac	0.154829335235	0.618577367578	0.0491611392899	0.177432157897
-had	0.305604851626	0.262668002896	0.00757036577742	0.4241567797
-hag	0.788213627993	0.156077348066	0.0	0.055709023941
-mas	0.0656034309455	0.8401125779	0.0379950412116	0.056288949943
-mar	0.121011907148	0.0518413983883	0.00583730906467	0.821309385399
-hal	0.180174234424	0.750527983105	0.0574181626188	0.0118796198522
-ham	0.285981308411	0.175700934579	0.0280373831776	0.510280373832
-han	0.171115570402	0.425253593724	0.0379428704911	0.365687965383
-har	0.124991042457	0.616445398073	0.145387590679	0.113175968792
-has	0.434564889053	0.317573432632	0.0652356987477	0.182625979567
-man	0.25994269341	0.643782234957	0.0481375358166	0.0481375358166
-mac	0.000636537237426	0.935391470401	0.0	0.0639719923616
-mad	0.17094017094	0.632478632479	0.145299145299	0.0512820512821
-unn	0.510939510939	0.19305019305	0.0643500643501	0.23166023166
-ung	0.626865671642	0.223880597015	0.149253731343	0.0
-in'	0.386206896552	0.0551724137931	0.393103448276	0.165517241379
-eil	0.498876561593	0.097721664115	0.040519284411	0.362882489881
-gag	0.0952380952381	0.396825396825	0.031746031746	0.476190476191
-gad	0.532591414944	0.127186009539	0.0357710651828	0.304451510334
-ada	0.0337620578778	0.120076366559	0.31229903537	0.533862540193
-gan	0.126267506732	0.484107043923	0.150619097316	0.239006352029
-gam	0.412143514259	0.073137074517	0.0179392824287	0.496780128795
-gal	0.383787325658	0.162376361197	0.324815126837	0.129021186308
-tri	0.0699481865285	0.0569948186528	0.0	0.873056994819
-adh	0.568898164225	0.212396417226	0.0755281982626	0.143177220287
-ird	0.241813602015	0.393450881612	0.268010075567	0.096725440806
-sna	0.241759204094	0.0907167712699	0.0	0.667524024636
-gas	0.575219359526	0.382529480803	0.0281674397809	0.0140837198905
-gar	0.129852744311	0.711289602856	0.0160642570281	0.142793395805
-ire	0.368541352228	0.289156760483	0.203801669435	0.138500217853
-nor	0.210116731517	0.463035019455	0.140077821012	0.186770428016
-seo	0.0292397660819	0.88791423002	0.0536062378167	0.0292397660819
-hic	0.105494505494	0.78021978022	0.0307692307692	0.0835164835165
-lbh	0.56338028169	0.102153148778	0.0271976687712	0.307268900761
-inn	0.411892257433	0.204819493205	0.0701726190351	0.313115630327
-uis	0.19842128716	0.761474314087	0.00954866636959	0.0305557323827
-uir	0.59355010661	0.273853944563	0.00519722814499	0.127398720682
-ine	0.0603305429311	0.762354894505	0.0243047021555	0.153009860408
-ing	0.236559139785	0.720430107527	0.0430107526882	0.0
-uil	0.0748577474051	0.891849903259	0.00820633059789	0.0250860187383
-uin	0.108025674876	0.430236263486	0.0305913415578	0.43114672008
-hse	0.34545952774	0.181358231799	0.0295992318369	0.443583008624
-uid	0.025479870902	0.0851027688127	0.0244606760659	0.864956684219
-uig	0.587982832618	0.206008583691	0.0543633762518	0.151645207439
-hsa	0.147421909097	0.536161855477	0.0370970758776	0.279319159549
-rsa	0.173410404624	0.696531791908	0.043352601156	0.0867052023121
-iag	0.00706214689266	0.0875706214689	0.0	0.905367231638
-ede	0.0426086956522	0.957391304348	0.0	0.0
-ial	0.164634146341	0.823170731707	0.0	0.0121951219512
-edh	0.467924528302	0.290566037736	0.203773584906	0.0377358490566
-ian	0.35442043222	0.297445972495	0.0141453831041	0.333988212181
-neo	0.0747109398162	0.053661428995	0.348651052476	0.522976578713
-ias	0.0608388543735	0.911319635998	0.00773375267459	0.020107756954
-iar	0.159633377888	0.185029597098	0.630131754821	0.0252052701929
-ghe	0.175782790511	0.635452158558	0.136164513023	0.0526005379075
-aoi	0.306537378793	0.490147012825	0.0	0.203315608383
-aon	0.0453675062601	0.0675602690627	0.0219963666716	0.865075858006
-aom	0.514170040486	0.437246963563	0.0485829959514	0.0
-aol	0.599629286376	0.36422613531	0.0055607043559	0.0305838739574
-ban	0.348387096774	0.348387096774	0.116129032258	0.187096774194
-hog	0.320547945205	0.254794520548	0.0493150684931	0.375342465753
-hon	0.100403632694	0.205179952909	0.0232088799193	0.671207534477
-hol	0.825015792798	0.037271004422	0.00758054327228	0.130132659507
-hom	0.48275862069	0.137931034483	0.0	0.379310344828
-hor	0.112676056338	0.12676056338	0.18642765685	0.574135723432
-hos	0.518348623853	0.344036697248	0.0	0.137614678899
-gse	0.235204855842	0.37784522003	0.280728376328	0.1062215478
-gsa	0.0855920114123	0.243937232525	0.228245363766	0.442225392297
-bas	0.164556962025	0.75086306099	0.00690448791716	0.0776754890679
-asg	0.342700677201	0.350135174728	0.0389389627708	0.2682251853
-his	0.350993377483	0.0953642384106	0.0112582781457	0.54238410596
-asa	0.0415574135457	0.0234007816751	0.914263098006	0.0207787067729
-irp	0.339285714286	0.464285714286	0.0	0.196428571429
-hiu	0.151326053042	0.0748829953198	0.0301612064483	0.74362974519
-ast	0.0889398371413	0.010989010989	0.0106727804569	0.889398371413
-dra	0.0	1.0	0.0	0.0
-lte	0.556741368716	0.233624700586	0.11377117847	0.0958627522291
-isd	0.591676201373	0.265160183066	0.0300343249428	0.113129290618
-rat	0.436363636364	0.563636363636	0.0	0.0
-rar	0.547993019197	0.122164048866	0.0366492146597	0.293193717277
-ras	0.245849019219	0.519239151971	0.128393104815	0.106518723994
-ran	0.0483457850867	0.378330817933	0.525040235968	0.0482831610127
-ram	0.671511627907	0.171511627907	0.078488372093	0.078488372093
-rad	0.0281407035176	0.847906197655	0.0154103852596	0.108542713568
-nnt	0.0949542698592	0.801459253931	0.0776898571575	0.0258966190525
-hda	0.169911504425	0.29203539823	0.369911504425	0.16814159292
-lt'	0.962962962963	0.037037037037	0.0	0.0
-pog	0.960784313725	0.0392156862745	0.0	0.0
-ugh	0.644736842105	0.19298245614	0.00877192982456	0.15350877193
-lad	0.631578947368	0.25	0.0394736842105	0.0789473684211
-lag	0.0314410480349	0.014847161572	0.953711790393	0.0
-lac	0.827423167849	0.111437189207	0.00978234287112	0.0513573000733
-lan	0.315043002316	0.118748859324	0.505359531725	0.0608486066346
-fon	0.124401913876	0.454545454545	0.0	0.421052631579
-'na	0.17758069506	0.0641435495514	0.0301124058987	0.728163349489
-lat	0.046875	0.83984375	0.08984375	0.0234375
--ne	0.525581395349	0.474418604651	0.0	0.0
-ppi	0.0	1.0	0.0	0.0
-lar	0.224564619615	0.704578966246	0.0278962260391	0.0429601881003
-las	0.323868541127	0.427719200888	0.100890985325	0.14752127266
-ged	0.19730941704	0.119581464873	0.0298953662182	0.653213751869
-bh'	0.737466513586	0.0849598163031	0.0183696900115	0.1592039801
-ges	0.137931034483	0.862068965517	0.0	0.0
-dol	0.612946628794	0.0705636119001	0.00717596053222	0.309313798774
-sas	0.487776198061	0.35588527692	0.0375212460047	0.118817279015
-tog	0.724444472525	0.0473422504154	0.0238827848085	0.204330492251
-gle	0.0609466518917	0.0492322304891	0.0	0.889821117619
-usa	0.399492017417	0.128809869376	0.032656023222	0.439042089986
-mpa	0.3125	0.0267857142857	0.0178571428571	0.642857142857
-don	0.128615932354	0.118157543391	0.0	0.753226524254
-ibh	0.245598534084	0.114930393232	0.0288816341744	0.610589438509
-sad	0.423645320197	0.147783251232	0.0	0.428571428571
-ola	0.072261072261	0.834498834499	0.065268065268	0.027972027972
-olc	0.24040066778	0.255425709516	0.308848080134	0.195325542571
-san	0.112347949553	0.186289909823	0.0212923163354	0.680069824288
-sam	0.0703740027037	0.241180056723	0.00715667824105	0.681289262332
-sal	0.159362549801	0.651394422311	0.011952191235	0.177290836653
-ais	0.262355582455	0.650461639375	0.0262932188131	0.0608895593567
-loi	0.0	0.980769230769	0.0	0.0192307692308
-bha	0.80332366354	0.0271925096446	0.00102956049879	0.168454266317
-bhi	0.0	1.0	0.0	0.0
-rom	0.339393939394	0.175757575757	0.359595959596	0.125252525253
-ron	0.762342314281	0.13486995795	0.0513938638841	0.0513938638841
-och	0.182685045317	0.496554003021	0.0743485649547	0.246412386707
-bho	0.0942391736193	0.0203416765991	0.0119189511323	0.873500198649
-iph	0.0	1.0	0.0	0.0
-sar	0.277275211299	0.678581471479	0.0206921799477	0.023451137274
-rde	0.43270993766	0.130913091309	0.42537587092	0.01100110011
-nar	0.206430763086	0.18789375261	0.0152508215472	0.590424662757
-ail	0.43660178646	0.335661224785	0.0624053000804	0.165331688675
-ste	0.0689655172414	0.724137931034	0.0	0.206896551724
-cum	0.0615384615384	0.630769230769	0.153846153846	0.153846153846
-lle	0.0531387665198	0.217511013216	0.0154185022027	0.713931718062
-cas	0.664536741214	0.144682793245	0.0812414422638	0.109539023277
-ssa	0.044776119403	0.910447761194	0.044776119403	0.0
-oll	0.048	0.832	0.048	0.072
-cur	0.410737294202	0.097924123121	0.0607015032212	0.430637079456
-mua	0.101694915254	0.0508474576271	0.197740112994	0.649717514124
-ion	0.201417247177	0.719312995436	0.00432380494836	0.0749459524381
-len	0.0	1.0	0.0	0.0
-iol	0.0495185694635	0.886290692343	0.0586886749197	0.00550206327373
-mun	0.116568742656	0.0813160987074	0.0376028202115	0.764512338426
-led	0.181360201511	0.705289672544	0.0680100755668	0.0453400503778
-iod	0.115115723653	0.107017239133	0.0179121976638	0.75995483955
-hri	0.409638554217	0.0240963855422	0.0240963855422	0.542168674699
-oid	0.288487235389	0.674098037837	0.0	0.0374147267741
-oib	0.0430107526882	0.956989247312	0.0	0.0
-mur	0.151045502029	0.0865343448701	0.0431558577227	0.719264295378
-ios	0.596115048134	0.12996688188	0.00668220182165	0.267235868165
-oin	0.00973920571366	0.953691031656	0.0121262659376	0.0244434966931
-oil	0.442290050645	0.398576724947	0.051980480179	0.107152744228
-hre	0.203287671233	0.67397260274	0.0	0.122739726027
-iot	0.0630202140309	0.567181926278	0.0594530321047	0.310344827586
-rra	0.137701012507	0.0206075044669	0.0214413341275	0.820250148898
-rre	0.006993006993	0.0	0.0104895104895	0.982517482517
-gis	0.0857142857143	0.857142857143	0.0285714285714	0.0285714285714
-ch'	0.419198055893	0.580801944107	0.0	0.0
-gin	0.122302158273	0.575539568345	0.237410071942	0.0647482014389
-all	0.326383779279	0.203562404091	0.140161501686	0.329892314944
-gid	0.156133828996	0.843866171004	0.0	0.0
-ala	0.647527910686	0.261961722488	0.0131578947368	0.0773524720894
-rid	0.608108108108	0.0337837837838	0.358108108108	0.0
-chi	0.926356589147	0.0232558139535	0.0	0.0503875968992
-cho	0.14122681883	0.252496433666	0.162624821683	0.44365192582
-cha	0.166653831216	0.0537540379913	0.00486919019901	0.774722940593
-chd	0.208252914134	0.50570820321	0.0752917361123	0.210747146544
-che	0.132426915506	0.566741998979	0.0849675585041	0.21586352701
-lsa	0.192419825073	0.737609329446	0.0	0.069970845481
--sa	0.32733721814	0.297694451482	0.184950595389	0.190017734989
-ith	0.557042474153	0.227534350803	0.0204090766683	0.195014098375
-ite	0.0921305182342	0.539827255278	0.03886756238	0.329174664107
-rod	0.00500417014178	0.977481234362	0.0100083402836	0.00750625521266
-fag	0.866666666667	0.1	0.0	0.0333333333333
-fad	0.142583732057	0.48038277512	0.0507177033493	0.326315789474
-far	0.0134760799581	0.211873923785	0.0	0.774649996257
-fas	0.205263157895	0.226315789474	0.305263157895	0.263157894737
-uda	0.0350877192982	0.894736842105	0.0175438596491	0.0526315789474
-bbi	0.0957446808511	0.904255319149	0.0	0.0
-hul	0.381395348837	0.293023255814	0.111627906977	0.213953488372
-hum	0.684615384615	0.0153846153846	0.0	0.3
-hun	0.202586206897	0.0827586206896	0.025	0.689655172414
--se	0.570866141732	0.173228346457	0.137795275591	0.118110236221
-hug	0.798923766816	0.0419730941704	0.0	0.159103139013
-hua	0.355582524272	0.0546116504855	0.0327669902913	0.557038834951
-huc	0.5	0.428571428571	0.0238095238095	0.047619047619
-aba	0.0191675794085	0.961664841183	0.0	0.0191675794085
-hut	0.0535714285714	0.0189075630252	0.00551470588235	0.922006302521
-abh	0.509442477262	0.23210442269	0.0638755814761	0.194577518572
-lot	0.93023255814	0.0216519647153	0.0	0.0481154771452
-hur	0.580722315236	0.158096149247	0.040181774695	0.220999760823
-hus	0.0940754843768	0.800089595699	0.0235188710942	0.0823160488296
-tug	0.744680851064	0.0598404255319	0.0139627659574	0.181515957447
-orr	0.301492537313	0.179104477612	0.197014925373	0.322388059702
-ors	0.477611940299	0.298507462687	0.134328358209	0.089552238806
-orp	0.1125	0.875	0.0	0.0125
-ael	0.0806451612903	0.870967741935	0.0	0.0483870967742
-ort	0.303797468354	0.571921749137	0.0414269275029	0.0828538550058
-los	0.213441654357	0.0797636632201	0.0310192023633	0.675775480059
-tur	0.162081784387	0.808921933086	0.0	0.0289962825278
-son	0.0463419443897	0.0608361269966	0.0167619798856	0.876059948728
-orn	0.267993874426	0.732006125574	0.0	0.0
-orm	0.121348948779	0.26033582616	0.0084662057288	0.609849019331
-ora	0.0981818181818	0.0545454545454	0.687272727273	0.16
-tro	0.0	0.0688775510204	0.0	0.93112244898
-ord	0.427010923535	0.474677259186	0.0	0.098311817279
-rus	0.255136986301	0.667808219178	0.0308219178082	0.0462328767123
-hn'	0.536550745209	0.386799148332	0.0	0.0766501064585
-lip	0.0	1.0	0.0	0.0
-lis	0.106523534269	0.770437654831	0.00990916597855	0.113129644921
-lin	0.0449438202247	0.865168539326	0.0786516853933	0.0112359550562
-omh	0.101826661485	0.302759424796	0.120870579091	0.474543334629
-run	0.264462809917	0.661157024793	0.0743801652892	0.0
-ich	0.416814952397	0.436437080603	0.0429684225193	0.10377954448
-ice	0.834645669291	0.11811023622	0.0472440944882	0.0
-lig	0.623156744948	0.237575095576	0.0245767340251	0.114691425451
-rug	0.423728813559	0.186440677966	0.0932203389831	0.296610169491
-rud	0.452702702703	0.202702702703	0.101351351351	0.243243243243
-lic	0.3125	0.1	0.0625	0.525
-eas	0.501413335615	0.18865071047	0.0954703233138	0.214465630602
-mhe	0.253456221198	0.152073732719	0.0414746543779	0.552995391705
-eat	0.636363636364	0.109090909091	0.0969696969697	0.157575757576
-mha	0.00744878957171	0.0540037243948	0.938547486034	0.0
-mhn	0.0595611285266	0.451410658307	0.0	0.489028213166
--am	0.126936154137	0.791965747387	0.0423120513788	0.0387860470973
-ead	0.307886848179	0.107536675303	0.0148558189712	0.569720657547
-rna	0.0381233913134	0.80845696915	0.08890313116	0.0645165083766
-odh	0.680206936195	0.111324008431	0.0827744778693	0.125694577505
-rnn	0.37037037037	0.185185185185	0.111111111111	0.333333333333
-eam	0.385529157667	0.25	0.13444924406	0.230021598272
-eal	0.498914459401	0.24978289188	0.174229266175	0.0770733825445
-ean	0.203193122262	0.681886111218	0.0450181742864	0.0699025922336
-hno	0.0	0.957356076759	0.0426439232409	0.0
-hne	0.945169712794	0.023498694517	0.0	0.0313315926893
-ura	0.0224989955805	0.133788670149	0.776215347529	0.0674969867417
-gap	0.56862745098	0.294117647059	0.137254901961	0.0
-hna	0.0	0.953703703704	0.0462962962963	0.0
-ein	0.0665074302387	0.0530986741422	0.0842427449691	0.79615115065
-urs	0.769230769231	0.192307692308	0.0	0.0384615384615
-urt	0.210355987055	0.750809061489	0.0388349514563	0.0
-gte	0.295774647887	0.411091549296	0.277288732394	0.0158450704225
-apa	0.103139013453	0.497757847534	0.237668161435	0.161434977578
-pan	0.627049180328	0.262295081967	0.0737704918033	0.0368852459016
-par	0.197218710493	0.764854614412	0.0379266750948	0.0
-dun	0.352941176471	0.425605536332	0.0968858131488	0.124567474048
-lus	0.0623781676413	0.7738791423	0.0233918128655	0.140350877193
-nur	0.443725004761	0.141115977909	0.0171395924586	0.398019424871
-nus	0.558139534884	0.116279069767	0.162790697674	0.162790697674
-ois	0.0726592089007	0.815693714008	0.0712414682392	0.0404056088521
-inm	0.207753479125	0.662027833002	0.0	0.130218687873
-dia	0.0	0.898027314112	0.00364188163885	0.0983308042489
-psa	0.0714285714286	0.928571428571	0.0	0.0
-dir	0.23498694517	0.130548302872	0.634464751958	0.0
-oir	0.190356381582	0.155442007564	0.0244307655506	0.629770845304
-lun	0.292682926829	0.621951219512	0.0365853658537	0.0487804878049
-nns	0.139601885804	0.0792299633316	0.00890518596123	0.772262964903
-h's	0.40625	0.5	0.03125	0.0625
-uit	0.814823107927	0.104567845947	0.0161218092253	0.0644872369011
-nnn	0.606936416185	0.190751445087	0.0	0.202312138728
-nna	0.0462724935732	0.853470437018	0.0154241645244	0.0848329048843
-nne	0.0810967368218	0.413400270322	0.351419192894	0.154083799961
-tir	0.10863618601	0.804611176241	0.0222743259086	0.0644783118406
-air	0.143103005917	0.196298874472	0.0116164976646	0.648981621947
-dna	0.0616915422885	0.176119402985	0.432835820896	0.329353233831
-aid	0.336403475085	0.526048200585	0.0436092407213	0.0939390836086
-aig	0.238065213475	0.129526211493	0.020536840209	0.611871734822
-tig	0.311320754717	0.140330188679	0.063679245283	0.484669811321
-aic	0.863490207542	0.0833089739842	0.00350774627302	0.0496930722011
-aim	0.114646700983	0.85727655592	0.0280767430978	0.0
-tim	0.0724346076459	0.38430583501	0.199195171026	0.344064386318
-ain	0.173847704529	0.580319084397	0.10326943345	0.142563777624
-das	0.0653594771242	0.803921568628	0.104575163399	0.0261437908497
-mma	0.0	0.961538461538	0.0384615384615	0.0
-cin	0.147783251232	0.147783251232	0.0	0.704433497537
-the	0.423793827348	0.175594675134	0.0797055385178	0.320905959
-hir	0.0631804189503	0.331030858172	0.0780463998799	0.527742322997
-cis	0.279069767442	0.651162790698	0.0697674418604	0.0
-aor	0.0463917525773	0.922680412371	0.0309278350515	0.0
-eta	0.0566037735849	0.943396226415	0.0	0.0
-rce	0.406779661017	0.525423728814	0.0338983050847	0.0338983050847
-thn	0.6723095526	0.200725513906	0.0145102781137	0.112454655381
-eth	0.283199079402	0.267433831991	0.0110471806674	0.43831990794
-atu	0.00451467268623	0.995485327314	0.0	0.0
-bub	0.245614035088	0.684210526316	0.0350877192983	0.0350877192982
-ata	0.119084478733	0.775302137414	0.00898072991952	0.096632653934
-ath	0.199123416537	0.10989363408	0.431471484312	0.25951146507
-osd	0.269896193772	0.114186851211	0.522491349481	0.0934256055363
-osg	0.792452830189	0.207547169811	0.0	0.0
-osa	0.0155698046241	0.930438130954	0.00803602819306	0.0459560362291
-ull	0.0336473755047	0.927590847914	0.00161507402423	0.0371467025572
-hte	0.561425970816	0.242540677383	0.116575628933	0.0794577228681
-ula	0.922077922078	0.0	0.038961038961	0.038961038961
-il'	0.0761421319797	0.710659898477	0.152284263959	0.0609137055838
-nia	0.0454545454546	0.936363636364	0.00909090909093	0.00909090909091
-nig	0.893133131175	0.0171182627409	0.00674948645212	0.0829991196322
-aca	0.291989019216	0.102320938358	0.00898427751435	0.596705764911
-nin	0.801242236025	0.0931677018634	0.0372670807453	0.0683229813664
-ult	0.117994100295	0.823008849558	0.0589970501475	0.0
-ach	0.14309793343	0.219645674235	0.0663894881922	0.570866904144
-ome	0.00190114068441	0.958174904943	0.0	0.0399239543726
-ilt	0.0886287625418	0.745819397993	0.115384615385	0.0501672240803
-sge	0.0959537572255	0.876300578035	0.00693641618497	0.0208092485549
-ilg	0.771061781225	0.115004011768	0.028884728537	0.0850494784701
-ear	0.285675673982	0.28361812895	0.0147849690921	0.415921227976
-sga	0.0	0.971631205674	0.0283687943263	0.0
-ilc	0.0326046453856	0.739162836915	0.0847720780027	0.143460439697
-ill	0.461617811399	0.225694145964	0.0510616350039	0.261626407633
-'sa	0.0906395284988	0.0718966211516	0.00219643445474	0.835267415895
-ige	0.31018139198	0.323680960621	0.10690150289	0.259236144509
-igh	0.239340762083	0.449153382385	0.0423576703248	0.269148185207
-gha	0.0886699507389	0.204433497537	0.603448275862	0.103448275862
-amh	0.28925648804	0.524963169423	0.0530700827549	0.132710259782
-gur	0.220930232558	0.0513791238507	0.03893996755	0.688750676041
-irm	0.868098818475	0.0227712137487	0.0206229860365	0.0885069817401
-eim	0.59375	0.364583333333	0.0	0.0416666666667
-iri	0.0	1.0	0.0	0.0
-hin	0.868686868687	0.060606060606	0.0707070707071	0.0
-nis	0.489186719464	0.0615290892476	0.0255863539446	0.423697837344
-gus	0.0241934331592	0.0434394981599	0.000666785659935	0.931700283021
-hia	0.0	0.845643153527	0.0	0.154356846473
-eic	0.530841121495	0.385046728972	0.011214953271	0.0728971962616
-irg	0.334365325077	0.547987616099	0.0990712074303	0.0185758513932
-hid	0.223300970874	0.271844660194	0.0582524271844	0.446601941748
-eid	0.6628302194	0.147331786543	0.0117535718647	0.178084422192
-eig	0.821569329989	0.0766750268721	0.0171981368685	0.0845575062701
-hig	0.710493991222	0.101951685547	0.00905087886907	0.178503444362
-gun	0.0705456426171	0.0303387638996	0.00186190845617	0.897253685027
-gum	0.216695678886	0.0238070858079	0.000511980339955	0.758985254966
-irt	0.70735568909	0.163993957972	0.0322945102536	0.0963558426849
-eis	0.150732613125	0.215664163227	0.0745769337754	0.559026289873
-eir	0.417627549037	0.207020404258	0.0510654582637	0.324286588441
-hit	0.787610619469	0.212389380531	0.0	0.0
-eit	0.0	1.0	0.0	0.0
-irr	0.153846153846	0.815384615385	0.0307692307692	0.0
-gud	0.278301886793	0.580188679245	0.0283018867925	0.11320754717
-eph	0.0254777070063	0.923566878981	0.0509554140127	0.0
-dte	0.19723183391	0.325259515571	0.0415224913495	0.43598615917
-eag	0.282497875956	0.299065420561	0.375955819881	0.0424808836024
-iut	0.498575498575	0.128205128205	0.0242165242165	0.349002849003
-ium	0.0343137254902	0.269607843137	0.0	0.696078431373
-irc	0.211302211302	0.72972972973	0.014742014742	0.044226044226
-sde	0.823529411765	0.137254901961	0.0	0.0392156862745
-sda	0.0912056126531	0.827989414733	0.0664040864053	0.0144008862084
-agh	0.105537886675	0.819587261292	0.0412168233096	0.0336580287234
-aga	0.0668647845468	0.517087667162	0.37147102526	0.0445765230312
-tsa	0.376081069276	0.257927841356	0.0	0.365991089368
-rte	0.0	0.896551724138	0.103448275862	0.0
-thu	0.0368639667705	0.0114226375909	0.00155763239876	0.95015576324
-rta	0.0	0.957773512476	0.042226487524	0.0
-ona	0.271509167842	0.659732016925	0.0380818053596	0.0306770098731
-onn	0.119229301793	0.167779473483	0.0257535291874	0.687237695536
-dar	0.041414066553	0.867872230045	0.0349811013118	0.0557326020899
-oni	0.117647058824	0.78431372549	0.0196078431373	0.078431372549
-dal	0.647175421209	0.0535183349851	0.0535183349851	0.24578790882
-ana	0.176193678547	0.12508406187	0.107599193006	0.591123066577
-dan	0.0457012578209	0.557677111805	0.33459849476	0.0620231356141
-tha	0.373230609083	0.143425049237	0.00376476189209	0.479579579788
-ang	0.683127572016	0.0864197530864	0.135802469136	0.0946502057613
-dad	0.0491303920605	0.697356784907	0.00589564704725	0.247617175985
-ani	0.018691588785	0.981308411215	0.0	0.0
-ann	0.146550996364	0.248947330041	0.0462047944489	0.558296879146
-tan	0.196333561958	0.733187723492	0.0520200035959	0.0184587109534
-gne	0.151515151515	0.262626262626	0.565656565657	0.020202020202
-mnh	0.357541899441	0.340782122905	0.0	0.301675977654
-tar	0.10894085282	0.508115543329	0.184869325997	0.198074277854
-tas	0.161662817552	0.681293302541	0.0993071593534	0.0577367205542
-mic	0.018018018018	0.963963963964	0.018018018018	0.0
-mid	0.471544715447	0.357723577236	0.0487804878049	0.121951219512
-mil	0.0	0.12	0.88	0.0
-th'	0.735809845435	0.0563709572672	0.0207819197298	0.187037277568
-ene	0.0	1.0	0.0	0.0
