-’io	0.373754152824	0.626245847176	0.0	0.0
-eus	0.00452391210685	0.981258078414	0.00710900473933	0.00710900473935
-hel	0.0783874580067	0.804031354983	0.058790593505	0.058790593505
-hem	0.0	0.996430696014	0.0	0.00356930398572
-rbe	0.0101522842639	0.989847715736	0.0	0.0
-aan	0.0841805539967	0.702325746253	0.164698515469	0.0487951842815
-mua	0.101798097641	0.0120427444013	0.000259378861734	0.885899779096
-kho	0.0	1.0	0.0	0.0
-lem	0.0	0.999147727273	0.0	0.000852272727271
-aus	0.130198915009	0.862567811935	0.0	0.00723327305605
-’pa	0.212823419196	0.0854978474604	0.0224147570938	0.679263976249
-oya	0.455344747802	0.358398889403	0.0469689958353	0.13928736696
-pu’	0.183516097007	0.575529299167	0.115649000173	0.125305603654
-zim	0.0	1.0	0.0	0.0
-aud	0.0	0.997821614426	0.000726128524749	0.00145225704949
-aai	0.710361522705	0.173387246947	0.0454364076508	0.070814822697
-ua’	0.419416377369	0.456195028893	0.0708732156919	0.0535153780459
-aum	0.00553250345782	0.994467496542	0.0	0.0
-aul	0.0	1.0	0.0	0.0
-zia	0.0	1.0	0.0	0.0
-nti	0.553576911268	0.304574762051	0.0411421553577	0.100706171323
-mun	0.310444524756	0.621611853994	0.0549331405854	0.013010480665
-’gu	0.22641509434	0.433962264151	0.264150943396	0.0754716981132
-pus	0.00208055203981	0.99583889592	0.0	0.00208055203981
-nta	0.100441249139	0.473449372382	0.0360083612344	0.390101017245
-uak	0.0456005138086	0.913294797688	0.0314707771355	0.00963391136802
-nte	0.102161547213	0.856655290102	0.0275312855518	0.0136518771331
-kia	0.0	1.0	0.0	0.0
-uan	0.204791308317	0.590465905951	0.156592783602	0.048150002129
-pue	0.2	0.626666666667	0.0533333333333	0.12
-’ga	0.578006872852	0.244329896907	0.0756013745705	0.10206185567
-dus	0.0346153846153	0.919230769231	0.0	0.0461538461538
-pua	0.0609762902922	0.184114705041	0.645062395803	0.109846608863
-’gi	0.274103585657	0.453386454183	0.196812749004	0.0756972111553
-ntu	0.0662752973892	0.891781245172	0.0110458828982	0.0308975745404
-pui	0.669574862917	0.142496814386	0.056011807399	0.131916515298
-puk	0.495644960597	0.404811281626	0.0373289091663	0.0622148486105
-nmo	0.482301689603	0.165050176922	0.0620524622403	0.290595671234
-nam	0.0	1.0	0.0	0.0
-nmi	0.433186184858	0.144386076516	0.0510460877474	0.371381650879
-opo	0.497695852535	0.502304147465	0.0	0.0
-opi	0.194087682379	0.672964306859	0.0418540033882	0.0910940073743
-smo	0.0412371134021	0.865979381443	0.041237113402	0.0515463917526
-ope	0.197396963124	0.631828041806	0.136462236245	0.0343127588247
-ca’	0.337931034483	0.662068965517	0.0	0.0
-opa	0.289202139797	0.319220140456	0.0848059224704	0.306771797277
-gke	0.187771448488	0.506771048684	0.270773604699	0.0346838981284
-dea	0.00535714285714	0.980178571429	0.00482142857143	0.00964285714286
-gka	0.527044487271	0.0276889595975	0.00674827907208	0.43851827406
-oku	0.345149924498	0.441288559718	0.0735241245416	0.140037391242
-dei	0.798727628635	0.0991331096197	0.0213926174497	0.0807466442953
-gko	0.457755922315	0.27398333104	0.162537358465	0.105723388181
-dek	0.475940144526	0.287455362002	0.00991841436794	0.226686079105
-gki	0.126099120368	0.15087165097	0.0314046392835	0.691624589379
-den	0.344621174056	0.0957700940751	0.0241707971898	0.535437934679
-ima	0.300929132265	0.503503700187	0.0135226096633	0.182044557884
-oko	0.46177934035	0.324601372236	0.108249612719	0.105369674695
-des	0.0136551724138	0.926344827586	0.032275862069	0.0277241379311
-oki	0.132860938884	0.507528786537	0.0	0.359610274579
-kim	0.0	1.0	0.0	0.0
-imi	0.7362201532	0.147068026676	0.0322719534848	0.084439866639
-oka	0.437326457755	0.231257437525	0.103275344251	0.228140760469
-imo	0.473994150241	0.220238045612	0.081172509613	0.224595294534
-ido	0.0	0.838709677419	0.161290322581	0.0
-lla	0.61501120239	0.225541448842	0.0899925317401	0.0694548170276
-lle	0.410833903648	0.356477736992	0.15823637985	0.0744519795102
-te’	0.187166942487	0.623309068642	0.0948929414567	0.0946310474141
-lli	0.753977062523	0.213096559378	0.00739918608954	0.0255271920089
-oba	0.697855411472	0.194860813704	0.0890227067686	0.0182610680551
-llo	0.030299390793	0.79597624223	0.0292579720433	0.144466394934
-ida	0.0	1.0	0.0	0.0
-llu	0.0201708346197	0.0361222599568	0.0535144591952	0.890192446228
-bia	0.0182648401826	0.931506849315	0.0319634703197	0.0182648401827
-bii	0.268113134444	0.438977140643	0.0743897714065	0.218519953506
-bba	0.051689860835	0.799204771372	0.0	0.149105367793
-uta	0.0563665269548	0.0572337042925	0.876138170256	0.0102615984969
-ria	0.0259789953897	0.831782939977	0.0257728128866	0.116465251747
-rin	0.287396423899	0.611426079372	0.0750109027475	0.0261665939816
-rio	0.635121373108	0.172205391567	0.134673743237	0.0579994920876
-bbi	0.285714285714	0.632653061225	0.0816326530612	0.0
-rim	0.0	1.0	0.0	0.0
-rik	0.543307086614	0.303149606299	0.11811023622	0.0354330708661
-bi’	0.285643300261	0.360988322893	0.203223784523	0.150144592323
-tea	0.0141509433962	0.985849056604	0.0	0.0
-riu	0.0	0.981796116505	0.0182038834952	0.0
-’ri	0.111706794471	0.131580203882	0.248157244491	0.508555757156
-utu	0.363266583229	0.459949937422	0.0985607008761	0.0782227784731
-tei	0.719201437078	0.218943350949	0.0208178082847	0.0410374036877
-tek	0.0318877551021	0.923469387755	0.0293367346939	0.015306122449
-sia	0.0132735567757	0.0147876584316	0.00202298890127	0.969915795891
-ten	0.103614127302	0.111663356599	0.0428582060258	0.741864310073
-are	0.267652544631	0.685407229772	0.0236255440092	0.0233146815881
-jil	0.0740740740741	0.888888888889	0.037037037037	0.0
-duk	0.294270438372	0.355777388688	0.0465131295415	0.303439043399
-ara	0.103101720193	0.342011938796	0.0338201704791	0.521066170532
-mes	0.0	1.0	0.0	0.0
-lus	0.0113630892195	0.946426565233	0.00134816312774	0.0408621824193
-ari	0.188611299706	0.228317430634	0.0383028317702	0.54476843789
-lui	0.275366325684	0.408902405308	0.132430190766	0.183301078242
-luk	0.124115265772	0.685639420166	0.105434461171	0.0848108528908
-mea	0.0	0.964285714286	0.0	0.0357142857143
-’ki	0.223092748788	0.433704637176	0.0974580507338	0.245744563301
-lun	0.232543241512	0.424087123639	0.276745675849	0.0666239590007
-de’	0.649863901449	0.144000495875	0.0154480137734	0.190687588902
-mei	0.0	1.0	0.0	0.0
-goi	0.553240740741	0.241898148148	0.0416666666667	0.163194444444
-si’	0.14650481373	0.553369610716	0.290079531185	0.01004604437
-aya	0.207085004325	0.718211842416	0.0364865927499	0.0382165605096
-iwe	0.0145419292293	0.985458070771	0.0	0.0
-rro	0.607667807725	0.168901062425	0.0362841208829	0.187147008967
-ayo	0.249028512571	0.601058101971	0.00936373425723	0.140549651201
-rai	0.61162344641	0.0938974457422	0.0935320772689	0.200947030579
-o’i	0.508937709603	0.2706006024	0.126462364372	0.0939993236248
-ayu	0.184573663432	0.705636829871	0.0451748883887	0.0646146183079
-na’	0.45224440694	0.238573486666	0.0694792113988	0.239702894996
-ki’	0.427580350895	0.228077083293	0.0859555032534	0.258387062559
-mar	0.0	1.0	0.0	0.0
-gin	0.0447993367785	0.809164391018	0.0546838879538	0.0913523842494
-nui	0.561643835616	0.378580323786	0.0149439601494	0.0448318804483
-ubu	0.0	1.0	0.0	0.0
-ota	0.0411282478811	0.732342179612	0.02533463017	0.201194942337
-gii	0.83491192967	0.124399113746	0.0126519843509	0.0280369722337
-oti	0.0257462386355	0.959127846166	0.00233325287634	0.012792662322
-iga	0.345238095238	0.154761904762	0.5	0.0
-oto	0.119249454605	0.0783790954613	0.0310721491805	0.771299300753
-uma	0.0354370500672	0.915496265224	0.0163555615695	0.0327111231389
-otu	0.32110789602	0.032536686416	0.00467609536886	0.641679322195
-umo	0.438263444856	0.101017264563	0.0262117249244	0.434507565657
-umi	0.571897299693	0.209024824936	0.0739983413925	0.145079533979
-ako	0.0300463833205	0.00933519827563	0.00662558608331	0.953992832321
-nak	0.0514452429813	0.626358208708	0.00669258494071	0.31550396337
ALL	0.223321930588	0.291919396731	0.054283936437	0.430474736244
-nai	0.471272296041	0.277894794469	0.12533343048	0.12549947901
-nan	0.26349941527	0.572894198602	0.0642508909627	0.0993554951651
-nao	0.2	0.0545454545455	0.0727272727273	0.672727272727
-aki	0.104344621981	0.269810962606	0.506593418864	0.11925099655
-gdo	0.112994350282	0.367231638418	0.463276836158	0.0564971751412
-sis	0.0	1.0	0.0	0.0
-sir	0.00439775225995	0.939164427071	0.0564378206694	0.0
-ake	0.0584194060373	0.053144743093	0.0752752645846	0.813160586285
-naa	0.0481815532981	0.775489034113	0.0947890400275	0.0815403725619
-kin	0.5366756393	0.362718707941	0.0306191117093	0.0699865410498
-aka	0.338942468154	0.290141487775	0.112588207603	0.258327836468
-sik	0.0150978834068	0.948204868887	0.0	0.0366972477064
-sii	0.209858103062	0.120238984317	0.188200149365	0.481702763256
-sin	0.093808630394	0.740462789243	0.165728580363	0.0
-kit	0.0	0.362244897959	0.637755102041	0.0
-nar	0.0576307363927	0.820704375667	0.108858057631	0.0128068303095
-nas	0.0162601626016	0.959349593496	0.006968641115	0.0174216027874
-aku	0.226046525487	0.0909394300089	0.0125593249233	0.670454719581
-aun	0.038377875183	0.927697654945	0.0214811315018	0.0124433383699
-du’	0.509881301199	0.117986079948	0.126727907857	0.245404710996
-ma’	0.497677037871	0.322231309132	0.0715317313305	0.108559921666
-mos	0.0148544266192	0.967320261438	0.0178253119429	0.0
-mor	0.0	0.948275862069	0.051724137931	0.0
-gon	0.0	1.0	0.0	0.0
-gog	0.0	0.981481481481	0.0185185185185	0.0
-mon	0.0124512597794	0.98252469458	0.00309816147841	0.00192588416226
-moi	0.103448767611	0.0820025838297	0.0140424195078	0.800506229051
-nto	0.420289855072	0.432147562582	0.0764163372859	0.0711462450593
-ber	0.0	1.0	0.0	0.0
-mfa	0.021164021164	0.978835978836	0.0	0.0
-bet	0.0	0.953356890459	0.0	0.0466431095406
-au’	0.608671270041	0.149824394425	0.0513703936129	0.190133941921
-bei	0.733487806822	0.170325503223	0.0622384464414	0.0339482435135
-ben	0.73870048831	0.139322563306	0.0438455195018	0.0781314288816
-eoi	0.235701906412	0.237435008666	0.121317157712	0.40554592721
-yan	0.563599458728	0.108592692828	0.144384303112	0.183423545332
-yai	0.638051271977	0.276462691943	0.0336902072488	0.0517958288315
-bed	0.279411764706	0.720588235294	0.0	0.0
-iso	0.415991356024	0.341977309562	0.242031334414	0.0
-rek	0.414567856496	0.544845080631	0.0173944555173	0.0231926073564
-rei	0.665926997669	0.11472116228	0.0697937672891	0.149558072762
-ren	0.16170212766	0.090780141844	0.375886524823	0.371631205674
-nri	0.237533347014	0.245074902524	0.286014775292	0.231376975169
-isi	0.00900349134285	0.944180877428	0.0429038129862	0.00391181824287
-ish	0.0	0.957446808511	0.0425531914894	0.0
-rea	0.0911675325948	0.757572786982	0.124791687089	0.026467993334
-ya’	0.334772427923	0.352773306015	0.132445485146	0.180008780916
-isa	0.142748489415	0.0973253144411	0.274933449767	0.484992746377
-upa	0.128954446676	0.443953103735	0.279561725801	0.147530723787
-res	0.0	1.0	0.0	0.0
-isu	0.68085106383	0.195035460993	0.0	0.124113475177
-ret	0.000948066996734	0.995259665016	0.00252817865796	0.00126408932898
-dia	0.0349854227405	0.959183673469	0.0	0.00583090379009
-hab	0.010593220339	0.963983050847	0.0254237288135	0.0
-oas	0.00919540229886	0.990804597701	0.0	0.0
-mas	0.00628683693516	0.981925343811	0.0	0.0117878192534
-hak	0.0	0.99577167019	0.00422832980972	0.0
-mau	0.293159609121	0.706840390879	0.0	0.0
-ham	0.0084714994554	0.96894936118	0.0181705018931	0.00440863747169
-mo’	0.472498768828	0.235765060215	0.0822452421712	0.209490928786
-mai	0.0847789943928	0.0156405000091	0.00801353107395	0.891566974524
-mak	0.471818710052	0.378849506101	0.11504938989	0.034282393957
-has	0.0	1.0	0.0	0.0
-nra	0.10514541387	0.176286353467	0.0456375838926	0.67293064877
-mao	0.393634840871	0.606365159129	0.0	0.0
-man	0.522350649537	0.321402483565	0.103897219954	0.0523496469442
-nku	0.110440694265	0.490570384865	0.267395035428	0.131593885442
-uno	0.222641509434	0.661635220126	0.0553459119497	0.0603773584906
-uni	0.291837068543	0.307214133813	0.185179126452	0.215769671192
-ne’	0.0751110252944	0.649224432001	0.0269678831177	0.248696659587
-ung	0.2115815165	0.216038434563	0.0315165576509	0.540863491286
-una	0.418207681366	0.249407302039	0.306780464675	0.0256045519203
-ku’	0.231247717356	0.38032312631	0.349643426946	0.0387857293889
-eor	0.0	1.0	0.0	0.0
-’do	0.795293282876	0.107142857143	0.0603122043519	0.0372516556291
-unu	0.566814439519	0.204559848005	0.19252691577	0.0360987967068
-da’	0.314798423235	0.359461870478	0.0647015563169	0.26103814997
-nko	0.625111156666	0.18867269153	0.0786142907367	0.107601861067
-ia’	0.12295428695	0.551169851759	0.298192346378	0.0276835149134
-pun	0.489425936969	0.122589679333	0.0275240018665	0.360460381832
-’da	0.0418118466899	0.351916376307	0.606271777004	0.0
-ui’	0.31746031746	0.68253968254	0.0	0.0
-ade	0.274193548387	0.016129032258	0.0322580645161	0.677419354839
-tra	0.00677966101695	0.993220338983	0.0	0.0
-ada	0.46182995477	0.229803363778	0.0328731178964	0.275493563556
-gan	0.197597895899	0.432841469187	0.0978569349972	0.271703699917
-gai	0.674469230628	0.200838652001	0.0329815706584	0.0917105467128
-adi	0.580587614233	0.0906286049561	0.0208153110125	0.307968469798
-gau	0.339256865913	0.147011308562	0.455573505654	0.0581583198708
-sna	0.0977995110024	0.823960880196	0.039119804401	0.039119804401
-gar	0.02	0.94	0.02	0.02
-se’	0.0543545990509	0.862100369075	0.0308680439055	0.0526769879691
-aat	0.0	1.0	0.0	0.0
-ana	0.1861587472	0.593738486179	0.0711492632918	0.148953503329
-lan	0.0669060253791	0.152042317716	0.0191140529729	0.761937603932
-ini	0.0	1.0	0.0	0.0
-sem	0.0	1.0	0.0	0.0
-lao	0.577970141611	0.0792521381849	0.0168470077603	0.325930712444
-sek	0.821428571429	0.107142857143	0.0357142857143	0.0357142857143
-bel	0.0130512468602	0.970453427247	0.0070694253826	0.00942590051013
-sei	0.646122285656	0.215997790765	0.0482776985634	0.0896022250152
-ino	0.0216595132496	0.871019939502	0.0631144417087	0.0442061055401
-ina	0.328305519897	0.567073170732	0.0192554557124	0.0853658536585
-ine	0.0409338153172	0.558760966127	0.0159003521097	0.384404866446
-sea	0.130299896587	0.677352637022	0.136504653568	0.0558428128231
-ing	0.260317170056	0.379773192147	0.108538852913	0.251370784884
--mi	0.763636363636	0.127272727273	0.0	0.109090909091
-iki	0.0245901639344	0.467213114754	0.0983606557377	0.409836065574
-fus	0.0	1.0	0.0	0.0
-kna	0.0600843144399	0.80772328587	0.0236556498536	0.108536749837
-ses	0.0	1.0	0.0	0.0
-ga’	0.129028090823	0.340785520914	0.268009335278	0.262177052985
-eda	0.0089219330855	0.964312267658	0.0	0.0267657992565
-kus	0.00286123032904	0.997138769671	0.0	0.0
-aal	0.548507462687	0.429104477612	0.0223880597015	0.0
-ooi	0.075	0.88125	0.0	0.04375
-ial	0.110294117647	0.845588235294	0.0	0.0441176470588
-iao	0.297505871826	0.230511128509	0.166648025948	0.305334973717
-ian	0.217078645446	0.551627550143	0.0838571424119	0.147436661999
-iai	0.303964225284	0.109862218999	0.211505922166	0.374667633551
-edo	0.460036166365	0.353104279686	0.0663050030139	0.120554550934
-iak	0.361990950226	0.597285067873	0.0	0.0407239819005
-nok	0.571428571429	0.27731092437	0.0504201680672	0.100840336134
-kub	0.000815882512918	0.990481370683	0.0	0.00870274680447
-kua	0.658150450895	0.0209260899162	0.0036789576524	0.317244501537
-nei	0.319224771664	0.329249276008	0.0748496324349	0.276676319893
-kun	0.452886405959	0.215642458101	0.176536312849	0.154934823091
-aoi	0.465862050484	0.262046446294	0.0704567017047	0.201634801518
-kui	0.659624044403	0.177313505777	0.0268789052955	0.136183544525
-nea	0.117967332123	0.10889292196	0.038112522686	0.73502722323
-ban	0.299991803308	0.538782826861	0.0646113164244	0.0966140534068
-bal	0.51724137931	0.423645320197	0.0591133004926	0.0
-po’	0.360760362339	0.440509195718	0.066531704639	0.132198737304
-bak	0.495750708215	0.426304671765	0.0641896870752	0.0137549329447
-eke	0.678744166313	0.130165464574	0.0804412388629	0.11064913025
-bai	0.563034270506	0.247483183749	0.0272727769437	0.162209768801
-eki	0.0182961692396	0.0265866209262	0.00300171526587	0.952115494568
-ekh	0.0	1.0	0.0	0.0
-eko	0.402155352332	0.419876294919	0.111562250977	0.0664061017721
-baa	0.680647121956	0.171254873401	0.0418277444366	0.106270260207
-hor	0.0	1.0	0.0	0.0
-be’	0.0271830871832	0.951348143141	0.00909182424181	0.0123769454338
-i’i	0.441469614531	0.245623755114	0.092031361869	0.220875268486
-eku	0.0255842437196	0.0625646726868	0.00450227579641	0.907348807797
-’se	0.011655011655	0.13986013986	0.848484848485	0.0
-bau	0.204081632653	0.296437218955	0.447595987548	0.0518851608439
-gsa	0.042406189235	0.909964420173	0.00217202432667	0.0454573662653
-bas	0.00461325542058	0.991696140243	0.00369060433646	0.0
-ase	0.215808348672	0.445644943884	0.302173920694	0.0363727867502
-nya	0.0	1.0	0.0	0.0
-mbu	0.196718419195	0.767510585745	0.0123500352858	0.0234209597742
-asa	0.127625677181	0.669562141991	0.0805642871545	0.122247893674
-ra’	0.389411813148	0.508924475112	0.0428543297354	0.0588093820049
-yer	0.0	1.0	0.0	0.0
-asi	0.236460835206	0.697683427597	0.0395134423182	0.0263422948787
-mba	0.219888546271	0.316651629229	0.0342423514124	0.429217473088
-asu	0.0924855491329	0.887113226794	0.00612036722204	0.0142808568514
-nmu	0.307736606259	0.344035128763	0.267244947541	0.0809833174366
-mbe	0.152223489168	0.704104903079	0.0855188141391	0.0581527936146
-mbi	0.0177514792899	0.91124260355	0.0710059171598	0.0
-lta	0.0	1.0	0.0	0.0
-zor	0.0	1.0	0.0	0.0
-mbo	0.540649604534	0.250999874455	0.0648707785569	0.143479742454
-’mi	0.462317869213	0.262206235939	0.0629687227233	0.212507172125
-rat	0.0	1.0	0.0	0.0
-rau	0.591094771242	0.229166666667	0.130718954248	0.0490196078432
-ras	0.0254777070064	0.974522292994	0.0	0.0
-’mo	0.291916514989	0.135023219802	0.0775603607205	0.495499904489
-ran	0.202472188284	0.675554309608	0.0686398540304	0.0533336480771
-eri	0.367156208278	0.283578104139	0.0160213618158	0.333244325768
-ram	0.0	1.0	0.0	0.0
-’mu	0.117086830185	0.758692559946	0.0199139507281	0.104306659142
-rak	0.484581090559	0.298038003768	0.0693000395033	0.14808086617
-rah	0.0149812734082	0.985018726592	0.0	0.0
-ero	0.206158526989	0.108810260714	0.620377170435	0.0646540418612
-era	0.0717046664052	0.295277575486	0.188224749314	0.444793008795
-rab	0.0	1.0	0.0	0.0
-ere	0.523169912693	0.282068502351	0.073875083949	0.120886501007
-raa	0.152424942263	0.743648960739	0.0235565819861	0.0803695150115
-a’e	0.823834837434	0.0723204351589	0.103844727408	0.0
-ela	0.177529003177	0.252567797236	0.128759329047	0.441143870539
-a’a	0.0538563829787	0.511303191489	0.257313829787	0.177526595745
-a’i	0.609697910706	0.227237368433	0.0567771294861	0.106287591375
-nni	0.571369018112	0.169339660778	0.0507052814644	0.208586039645
-pok	0.60282108389	0.303637713437	0.0846325167038	0.00890868596884
-poi	0.508750321703	0.266976727085	0.0663627339241	0.157910217287
-pon	0.260740266818	0.299992891164	0.0721546882775	0.36711215374
-uga	0.00563567902537	0.925538036185	0.0620368447044	0.00678944008567
-ba’	0.469588545585	0.426630465484	0.0596536393069	0.0441273496243
-aza	0.0	0.928571428571	0.0	0.0714285714286
-ugi	0.310924369748	0.613445378151	0.0588235294117	0.0168067226891
-lae	0.543307086614	0.417322834646	0.0393700787401	0.0
-ike	0.0100334448161	0.989966555184	0.0	0.0
-laa	0.101167315175	0.852140077821	0.0233463035019	0.023346303502
-ika	0.381060020225	0.364969365297	0.0867190133445	0.167251601134
-lu’	0.111229896037	0.817614848054	0.0216450817487	0.0495101741603
-iko	0.294415353429	0.136901783158	0.0262774498057	0.542405413607
-lam	0.121990369181	0.84911717496	0.0288924558587	0.0
-nor	0.0	1.0	0.0	0.0
-nos	0.0344827586207	0.965517241379	0.0	0.0
-lah	0.0	1.0	0.0	0.0
-lai	0.507048050579	0.156420827377	0.0934582422073	0.243072879837
-ppu	0.261496844004	0.612263300271	0.0901713255185	0.0360685302074
-lak	0.16341309911	0.747893568001	0.0562824213086	0.0324109115811
-lau	0.0	0.205882352941	0.794117647059	0.0
-iku	0.180703452727	0.362697644401	0.0283962568571	0.428202646015
-fos	0.0	1.0	0.0	0.0
-iks	0.0233608472201	0.958729169911	0.0	0.0179099828687
--na	0.188976377953	0.456692913386	0.165354330709	0.188976377953
-aak	0.181998021761	0.711177052423	0.0178041543027	0.0890207715133
-las	0.0	1.0	0.0	0.0
-ppa	0.222112537019	0.365251727542	0.270483711747	0.142152023692
-uki	0.0	0.993993993994	0.006006006006	0.0
-gen	0.393542757417	0.357766143106	0.0785340314136	0.170157068063
-ato	0.207543548508	0.0822786160638	0.0306539570505	0.679523878378
-gea	0.668414154653	0.0956749672346	0.0314547837483	0.204456094364
-boi	0.552851182198	0.266342141864	0.0942667284809	0.0865399474579
-bok	0.68516095263	0.259879612667	0.0109918869406	0.0439675477623
-dod	0.0	1.0	0.0	0.0
-don	0.251043115438	0.61230876217	0.0751043115438	0.0615438108484
-ger	0.0344827586207	0.931034482759	0.0344827586207	0.0
-dom	0.0049301561216	0.995069843878	0.0	0.0
-dok	0.0647016888321	0.834918918033	0.0139957553857	0.0863836377492
-to’	0.0864120110723	0.0985563915374	0.0546252385544	0.760406358836
-mpo	0.438190507666	0.309864191776	0.07832742355	0.173617877008
-toe	0.584983080653	0.218912365778	0.0563534145107	0.139751139058
-sau	0.232422749664	0.751455441111	0.00537393640844	0.0107478728168
-mpi	0.299741230592	0.677832087407	0.0103507763082	0.0120759056929
-ton	0.552963430013	0.346153846154	0.0214375788146	0.0794451450189
-me’	0.686253934942	0.263378803777	0.0251836306401	0.0251836306401
-mpe	0.469661610268	0.25313358678	0.0949486204691	0.182256182482
-tok	0.248062015504	0.380398671096	0.325027685493	0.046511627907
-mpa	0.328354673171	0.518429810531	0.0954778713205	0.0577376449772
-lfa	0.0196243341744	0.941126997477	0.0392486683487	0.0
-ges	0.0208333333333	0.9375	0.0416666666667	0.0
-saa	0.0	0.764563106796	0.0	0.235436893204
-ibi	0.0	0.626794258373	0.267942583732	0.105263157895
-sae	0.569215959436	0.0316177355108	0.0104491406667	0.388717164386
-sad	0.0	1.0	0.0	0.0
-sak	0.28220044273	0.510902270988	0.169991283864	0.0369060024178
-ibe	0.42735042735	0.383647798742	0.0709562973714	0.118045476536
-sai	0.480219766622	0.242812772344	0.106987737121	0.169979723913
-mpu	0.429589999271	0.390296961685	0.0909308546626	0.0891821843806
-ole	0.234541577825	0.195735607676	0.14157782516	0.428144989339
-sam	0.0	1.0	0.0	0.0
-lon	0.00560538116593	0.957025411061	0.0261584454409	0.0112107623318
-gku	0.119831857711	0.29860891986	0.0329357307697	0.548623491659
-aa’	0.353559483994	0.502150023889	0.0152890587673	0.129001433349
-iel	0.00595888370246	0.994041116298	0.0	0.0
-ros	0.0	0.12582781457	0.87417218543	0.0
-iea	0.369463780311	0.23296106479	0.0080318213111	0.389543333588
-loe	0.464285714286	0.0714285714286	0.392857142857	0.0714285714286
-der	0.0	1.0	0.0	0.0
-lot	0.0	1.0	0.0	0.0
-doi	0.562751228227	0.339802671647	0.0438507450567	0.0535953550693
-roi	0.746320375663	0.110198526456	0.0303829785771	0.113098119304
-okh	0.0133779264214	0.986622073579	0.0	0.0
-ipi	0.332779623477	0.553709856035	0.0404208194906	0.0730897009967
-ipo	0.0185185185185	0.768518518519	0.194444444444	0.0185185185185
-ipa	0.105687203791	0.829857819905	0.0293838862559	0.0350710900474
-oke	0.148148148148	0.740740740741	0.0555555555556	0.0555555555556
-ewa	0.0	1.0	0.0	0.0
-tu’	0.0310213327896	0.0804532404328	0.0407880347089	0.847737392069
-ewi	0.00368211107702	0.992635777846	0.00368211107702	0.0
-go’	0.255895634722	0.686904164576	0.0451580531861	0.0120421475163
-awi	0.0	0.969425801641	0.0253542132737	0.00521998508575
-ro’	0.257696763697	0.599042191567	0.0635723462159	0.07968869852
-awa	0.048231511254	0.951768488746	0.0	0.0
-toa	0.0	0.132231404959	0.867768595041	0.0
-har	0.0	1.0	0.0	0.0
-’na	0.162334237794	0.413660424291	0.140656175045	0.283349162871
-pik	0.0747365059087	0.909932928777	0.0153305653146	0.0
-stu	0.0286738351254	0.777777777778	0.193548387097	0.0
-toi	0.377118644068	0.584745762712	0.021186440678	0.0169491525424
-sta	0.0	1.0	0.0	0.0
-ssi	0.228036990332	0.681168558218	0.0546448087432	0.036149642707
-sso	0.254777070064	0.671729544341	0.0538951494365	0.0195982361587
-oli	0.0	1.0	0.0	0.0
-ssa	0.288230570772	0.112424851649	0.0646248988742	0.534719678705
-sse	0.0506068439732	0.923322963677	0.00898216711212	0.0170880252377
-ge’	0.536466209143	0.369314877283	0.0907293241829	0.00348958939165
-red	0.0	1.0	0.0	0.0
-hya	0.0	0.97867803838	0.0213219616205	0.0
-tik	0.141023336629	0.693163775801	0.0422895259778	0.123523361593
-ssu	0.0836501901141	0.500633713561	0.362484157161	0.0532319391635
-lei	0.54417451978	0.203354658292	0.117513567041	0.134957254887
-ioi	0.353967168263	0.247606019152	0.0389876880985	0.359439124487
-ois	0.0	1.0	0.0	0.0
-ion	0.020127474002	0.959409594096	0.010063737001	0.010399194901
-len	0.147732708899	0.124772162473	0.0278657504809	0.699629378147
-leo	0.4	0.444311377246	0.00718562874251	0.148502994012
-lea	0.00302023557837	0.986408939897	0.00694654183026	0.00362428269405
-olo	0.19219884771	0.169942903102	0.212067791616	0.425790457572
-mui	0.784915748552	0.146905753223	0.0112192465433	0.0569592516816
-leg	0.0	1.0	0.0	0.0
-mus	0.0109041344843	0.989095865516	0.0	0.0
-ola	0.0803533526046	0.0165426832966	0.0182033192504	0.884900644848
-ios	0.0	0.900662251656	0.0993377483444	0.0
-les	0.0	1.0	0.0	0.0
-pe’	0.298820352473	0.684124502558	0.00426378624218	0.0127913587266
-iot	0.0	1.0	0.0	0.0
-fta	0.0	1.0	0.0	0.0
-eel	0.0	1.0	0.0	0.0
-rra	0.43137254902	0.333333333333	0.078431372549	0.156862745098
-rre	0.515623841191	0.348260858817	0.045079231663	0.0910360683296
-bka	0.27027027027	0.501501501502	0.0660660660661	0.162162162162
-rri	0.232813607371	0.419029057406	0.313607370659	0.0345499645641
-alu	0.136375003379	0.791096677391	0.0059139203547	0.0666143988753
-ndu	0.145509818421	0.0415742338345	0.461589023088	0.351326924657
-san	0.399437672823	0.371732836781	0.0524653603945	0.176364130001
-ndi	0.773707415966	0.0417086068305	0.0245261352198	0.160057841984
-alo	0.598260161774	0.214618333282	0.0985719522806	0.0885495526632
-dos	0.0	1.0	0.0	0.0
-ndo	0.425407534204	0.409009069336	0.0599990792552	0.105584317205
-ali	0.630070743525	0.206020638231	0.0828184035767	0.0810902146674
-nda	0.0847417545955	0.368654646863	0.0309466475827	0.515656950959
-ale	0.4598391921	0.268789254735	0.0177903010368	0.253581252128
-nde	0.207458781012	0.154535259855	0.0174541229398	0.620551836193
-gia	0.0591123048146	0.0423840878103	0.0115449705723	0.886958636803
-ala	0.317077515694	0.203269152858	0.0932052743676	0.38644805708
-’du	0.14088820827	0.672281776417	0.186830015314	0.0
-gi’	0.174277918813	0.636633007801	0.11817506058	0.0709140128055
-no’	0.563230852629	0.360102222566	0.0464648029118	0.0302021218927
-suk	0.0380261397551	0.704795718843	0.230729649069	0.026448492333
-yok	0.136075949367	0.512658227848	0.332278481013	0.0189873417721
-yoi	0.616766467066	0.131736526946	0.0	0.251497005988
-gpa	0.293440302029	0.147333647947	0.044360547428	0.514865502596
-yol	0.0	1.0	0.0	0.0
-gpi	0.191373893173	0.140531276778	0.0556983718937	0.612396458155
-lok	0.189634864546	0.171967020024	0.588928150766	0.0494699646643
-nnu	0.396436217971	0.306236618551	0.232267421783	0.0650597416949
-pea	0.31914893617	0.308510638298	0.117021276596	0.255319148936
-oël	0.04	0.96	0.0	0.0
-pen	0.250343878954	0.691884456671	0.0	0.0577716643742
-loi	0.490139528053	0.253403979173	0.0667028749992	0.189753617774
-pei	0.681818181818	0.202424907694	0.0424109370322	0.0733459734557
-oi’	0.101462913851	0.702352639233	0.0118059714261	0.18437847549
-pek	0.504854368932	0.466019417476	0.0291262135922	0.0
-le’	0.250320831557	0.213966697711	0.137752954084	0.397959516648
-io’	0.642805695606	0.302676048535	0.026815890077	0.027702365782
-eli	0.0	0.985714285714	0.0	0.0142857142857
-elo	0.162567184291	0.129899796545	0.529912162145	0.177620857019
-ta’	0.456445110067	0.391156979473	0.0695148363504	0.08288307411
-ri’	0.510919292775	0.252253968066	0.145418643606	0.0914080955532
-mu’	0.440862368175	0.485716192765	0.0453877986918	0.0280336403684
-ele	0.367656429209	0.328609659743	0.210449853447	0.0932840576016
-u’i	0.655298796164	0.166357473959	0.0536097879892	0.124733941887
-’bo	0.527551942186	0.356820234869	0.0903342366757	0.0252935862692
-so’	0.316947625788	0.475871831167	0.105263157895	0.10191738515
-’bi	0.119184302973	0.567046525576	0.139833776026	0.173935395425
-hum	0.0	1.0	0.0	0.0
-’be	0.0350877192982	0.543859649123	0.421052631579	0.0
-itu	0.104004684817	0.0356559291663	0.0127648094819	0.847574576535
-ter	0.0	0.978181818182	0.0218181818182	0.0
-sye	0.0	1.0	0.0	0.0
-ito	0.162746721315	0.0707037806097	0.084653176445	0.68189632163
-eso	0.505200594354	0.182763744428	0.0891530460624	0.222882615156
-ae’	0.175728887108	0.0395605369157	0.00777447900995	0.776936096966
-’bu	0.0527933707565	0.181452151831	0.007016840417	0.758737636996
-esa	0.0	1.0	0.0	0.0
-ite	0.157107198633	0.0547939719957	0.0559285609408	0.73217026843
-ko’	0.683621425863	0.127872926809	0.0309800934314	0.157525553897
-ese	0.427419354839	0.331885856079	0.0297766749379	0.210918114144
-ita	0.288354355964	0.273510030892	0.0334744511686	0.404661161976
-’de	0.385364814811	0.226595386848	0.0391216341283	0.348918164213
-uoi	0.77846975089	0.162712534599	0.0380585211545	0.020759193357
-udu	0.387203988367	0.478188616535	0.0648109680099	0.0697964270877
-kko	0.173254808555	0.0875844929877	0.018489213719	0.720671484738
-ute	0.219572079972	0.431427569274	0.259558049807	0.089442300947
-ruk	0.193360698953	0.649261881449	0.120603298938	0.0367741206598
-nki	0.174474959612	0.51211631664	0.0807754442649	0.232633279483
-fas	0.0	1.0	0.0	0.0
-uda	0.0172557183416	0.560664739079	0.382794599351	0.0392849432286
-fat	0.0	1.0	0.0	0.0
-’ru	0.0447178002894	0.0222865412446	0.925470332851	0.00752532561505
-udi	0.125427810353	0.728807409057	0.126247007046	0.0195177735443
-abu	0.34628975265	0.498233215548	0.144876325088	0.0106007067138
-bo’	0.446337681118	0.438593486885	0.0622199389217	0.052848893075
-hud	0.0	1.0	0.0	0.0
-uto	0.0	0.0	0.0714285714286	0.928571428571
-e’i	0.343133205268	0.129074253967	0.0267339588025	0.501058581963
-gad	0.0	1.0	0.0	0.0
-aba	0.45718875502	0.289959839357	0.164497991968	0.0883534136546
-e’o	0.125168401715	0.420575627679	0.0335578689528	0.420698101653
-rii	0.292710210677	0.291529426387	0.227456342055	0.188304020881
-ron	0.00842696629213	0.983146067416	0.00842696629213	0.0
-hus	0.0194986072423	0.980501392758	0.0	0.0
-aea	0.616666666667	0.0	0.0	0.383333333333
-tua	0.0112293445997	0.966469594407	0.0123253416573	0.00997571933595
-aei	0.798637395912	0.0545041635125	0.0348221044663	0.112036336109
-tui	0.626276548117	0.160092029159	0.0423268444855	0.171304578238
-tuk	0.10341997805	0.644001937889	0.192068498433	0.060509585628
-koi	0.481116599285	0.290642116303	0.105286276478	0.122955007933
-ael	0.00755108422891	0.960398758266	0.00785617854119	0.0241939789637
-sos	0.01875	0.9625	0.0	0.01875
-aen	0.148471615721	0.254366812227	0.554585152839	0.042576419214
-los	0.0039656311963	0.992068737607	0.0	0.0039656311963
-gra	0.299943983297	0.309466822834	0.0244436522891	0.36614554158
-soi	0.8	0.1375	0.0517857142857	0.0107142857143
-oro	0.132892917499	0.221846673836	0.626824396989	0.0184360116761
-sok	0.260599793175	0.307652533609	0.139607032058	0.292140641158
-ado	0.453815261044	0.546184738956	0.0	0.0
-uai	0.230396637119	0.372829315663	0.0524568047258	0.344317242492
-rok	0.122398001665	0.326394671107	0.513738551207	0.03746877602
-ore	0.273716951789	0.195956454121	0.213063763608	0.317262830482
-liu	0.227597581088	0.365585486531	0.232957669049	0.173859263332
-gmi	0.427538756314	0.211805641957	0.0376241072984	0.32303149443
-pak	0.400747065101	0.405549626467	0.0622998932765	0.131403415155
-gmo	0.34714182158	0.182058355693	0.0425901050238	0.428209717704
-rut	0.0	1.0	0.0	0.0
-lis	0.00915564598169	0.877924720244	0.00610376398779	0.106815869786
-pa’	0.371621959821	0.282712574775	0.110425043331	0.235240422073
-omi	0.469827267499	0.227501876295	0.0724235838292	0.230247272376
-rui	0.470981749251	0.397482807265	0.103762563922	0.0277728795627
-run	0.0165615141956	0.874684542587	0.0955047318612	0.0132492113564
-lii	0.48993741938	0.267985048684	0.109552194892	0.132525337044
-gmu	0.351712734437	0.51860118821	0.102828013995	0.026858063357
-lik	0.449808349736	0.249974101316	0.0565627266134	0.243654822335
-dak	0.641704926975	0.20518186364	0.132657202787	0.0204560065979
-oma	0.00699341453465	0.691998368203	0.295763156361	0.00524506090098
-rua	0.250480996116	0.173775728755	0.128870657422	0.446872617708
-rug	0.0	1.0	0.0	0.0
-ome	0.0	1.0	0.0	0.0
-eas	0.0129757785467	0.981833910035	0.0	0.00519031141869
-gri	0.196124031008	0.168604651163	0.046511627907	0.588759689923
-lna	0.282352941176	0.541176470588	0.0352941176471	0.141176470588
-abi	0.0158096681746	0.976374316099	0.000621728523721	0.00719428720305
-oda	0.21186440678	0.391525423729	0.137288135593	0.259322033898
-adu	0.0214065028689	0.948286008533	0.0135353832573	0.0167721053406
-ode	0.0	1.0	0.0	0.0
-rna	0.0	1.0	0.0	0.0
-eai	0.47059951119	0.172856663632	0.0555901662913	0.300953658887
-eak	1.0	0.0	0.0	0.0
-eam	0.00836820083682	0.983263598326	0.0	0.00836820083681
-rni	0.0	1.0	0.0	0.0
-ean	0.250075719072	0.599674731507	0.0949826015827	0.0552669478377
-zer	0.0	1.0	0.0	0.0
-uri	0.128194516296	0.778065183652	0.0844283497154	0.00931195033627
-uro	0.796568627451	0.0416666666667	0.0294117647059	0.132352941176
-ura	0.196074718694	0.283651309395	0.484752549236	0.0355214226746
-ure	0.0	0.621848739496	0.327731092437	0.0504201680672
-’pu	0.477777777778	0.392592592593	0.0740740740741	0.0555555555555
-’pi	0.20931323676	0.095224131527	0.0673469786718	0.628115653041
-gto	0.0182394924663	0.301665344964	0.621094369548	0.0590007930215
-gta	0.0115545094683	0.384829357013	0.00695410292072	0.596662030598
-ehu	0.0	1.0	0.0	0.0
-uru	0.0561931215964	0.827400314316	0.0784876283762	0.0379189357114
-pai	0.362537123108	0.154503156195	0.0352721748417	0.447687545855
-’ku	0.117513401995	0.568371525653	0.104766171688	0.209348900664
-apa	0.0771625351782	0.112436707768	0.015387782462	0.795012974592
-li’	0.584598213052	0.213533061847	0.104818791131	0.0970499339703
-pan	0.0649752489396	0.791455481244	0.0181080624101	0.125461207407
-paa	0.0253826054498	0.834639790967	0.0772676371781	0.0627099664054
-api	0.0856191527527	0.817200085585	0.0296726281657	0.0675081334966
-dua	0.025756753137	0.0310269146189	0.0273697004958	0.915846631748
-’ke	0.647058823529	0.235294117647	0.0	0.117647058824
-’ka	0.513296801957	0.248939661311	0.0823503916287	0.155413145104
-apu	0.191776088459	0.589841050449	0.129232895646	0.0891499654457
-’ko	0.493249429005	0.324408024606	0.111203271248	0.0711392751403
-dui	0.545375322523	0.148215231618	0.227124378449	0.0792850674094
-pas	0.0137851809305	0.965537047674	0.0103388856979	0.0103388856979
-dun	0.47851228808	0.109081351032	0.322644237088	0.0897621238008
-nun	0.455984800507	0.378087397087	0.146928435719	0.0189993666878
-aro	0.343854897573	0.534450846501	0.0834474897783	0.0382467661483
-nuk	0.0026525198939	0.98275862069	0.0079575596817	0.00663129973475
-nuh	0.0	1.0	0.0	0.0
-sen	0.356756756757	0.416216216216	0.194594594595	0.0324324324324
-ken	0.332899869961	0.630689206762	0.0143042912874	0.0221066319896
-ai’	0.188118002779	0.36242543107	0.330146277682	0.119310288469
-ti’	0.061359377204	0.0522713380845	0.0808989971587	0.805470287553
-kei	0.632697740977	0.159501473808	0.130380010029	0.0774207751862
-nua	0.02708948146	0.884802076701	0.00104338944282	0.0870650523958
-lo’	0.0814063341826	0.706116960291	0.173307294834	0.0391694106922
-sun	0.322354990103	0.0709851965077	0.0242374350266	0.582422378363
-sum	0.0147058823529	0.602941176471	0.382352941176	0.0
-kes	0.0647482014389	0.935251798561	0.0	0.0
-tun	0.332012927946	0.565361337107	0.057449068263	0.0451766666836
-sui	0.344827586207	0.0948275862069	0.508620689655	0.051724137931
-suf	0.0051345440715	0.992203099743	0.000380336597888	0.00228201958733
-tuo	0.513678903128	0.276363979007	0.118299222006	0.0916578958597
-nus	0.0134281116452	0.972646439241	0.0	0.0139254491135
-sua	0.77121119453	0.138842129676	0.0284148252889	0.0615318505052
-fes	0.201342281879	0.758389261745	0.0402684563758	0.0
-aru	0.132158590308	0.167400881057	0.700440528634	0.0
-dim	0.0	1.0	0.0	0.0
-din	0.202364172807	0.0878797041301	0.171578949714	0.538177173349
-dio	0.0630519024779	0.00960702674903	0.00175173471033	0.925589336063
-dii	0.685556569546	0.203040487903	0.0576490751664	0.0537538673849
-ori	0.504074467742	0.359841530583	0.0454150159436	0.0906689857313
-dis	0.0	1.0	0.0	0.0
-ane	0.146124542467	0.398250090729	0.0327356641127	0.422889702692
-o”e	0.111111111111	0.833333333333	0.0	0.0555555555556
--ta	0.0408163265306	0.816326530612	0.0408163265306	0.102040816327
-sli	0.0	1.0	0.0	0.0
-ska	0.0	1.0	0.0	0.0
-kos	0.12676056338	0.87323943662	0.0	0.0
-uku	0.202911532697	0.642532582315	0.0558708896615	0.098684995326
-bon	0.095744680851	0.68085106383	0.159574468085	0.063829787234
-esu	0.00358839656089	0.800161170268	0.00260927692784	0.193641156243
-uka	0.159616293861	0.0373137000991	0.0437826396751	0.759287366365
-nno	0.269817733498	0.0872513411749	0.470327546566	0.172603378761
-uke	0.0359281437126	0.85628742515	0.107784431138	0.0
-ggu	0.0	0.928499665104	0.00468854655056	0.0668117883456
-nna	0.151874987706	0.275548888461	0.0506631877879	0.521912936045
-uko	0.335894704808	0.248934875228	0.294202678028	0.120967741936
-di’	0.170949933371	0.196459166191	0.430991814201	0.201599086236
-nne	0.0598354525056	0.912650924244	0.00320547066995	0.0243081525804
-kki	0.596321791693	0.228731803941	0.0820420302265	0.0929043741394
-ora	0.249698445116	0.271617193145	0.0747153827494	0.403968978989
-su’	0.252161925053	0.20165434265	0.124827672641	0.421356059657
-tis	0.0	0.944444444444	0.0333333333333	0.0222222222222
-kka	0.0996259775587	0.578034682081	0.281536892213	0.0408024481469
-kke	0.594863170769	0.347806145849	0.0443357284818	0.0129949548999
-nga	0.507513421625	0.307302977383	0.041511410062	0.14367219093
-aia	0.901785714286	0.0982142857143	0.0	0.0
-tia	0.0	0.974070872947	0.0207433016422	0.00518582541054
-nu’	0.149618895267	0.185094570434	0.267243812929	0.39804272137
-aim	0.0	1.0	0.0	0.0
-ngi	0.488967074772	0.257143847833	0.050724742801	0.203164334594
-aio	0.274234693878	0.382653061224	0.0	0.343112244898
-ain	0.00990099009901	0.970297029703	0.0	0.019801980198
-kku	0.231986871034	0.508047066366	0.0539374701654	0.206028592434
-tii	0.775757575758	0.169696969697	0.0424242424242	0.0121212121212
-ke’	0.520986822396	0.302303258883	0.115133240034	0.0615766786869
-ngo	0.277605579233	0.224912824487	0.411759008136	0.0857225881441
-ema	0.0181818181818	0.981818181818	0.0	0.0
-mmu	0.14449814861	0.394757094166	0.0285044226926	0.432240334531
-emo	0.260665201645	0.098987429125	0.0686089965992	0.571738372631
-emi	0.312197104955	0.0742126056634	0.0155742493759	0.598016040006
-emu	0.040322903249	0.107183717228	0.00952068548935	0.842972694034
-mmo	0.529979851021	0.272287813378	0.0560937363697	0.141638599231
-bu’	0.211981507723	0.283648698039	0.331245150907	0.173124643331
-mmi	0.238906859979	0.261611712849	0.0399312915217	0.45955013565
-das	0.02600290822	0.947823111795	0.00102643058763	0.025147549397
-mma	0.355300859599	0.111747851003	0.0515759312321	0.481375358166
-’to	0.647245762712	0.101694915254	0.153601694915	0.0974576271187
-set	0.0	1.0	0.0	0.0
-son	0.0187061574435	0.981293842557	0.0	0.0
-dan	0.445875791806	0.315488945765	0.14314644477	0.095488817659
-upu	0.472906403941	0.467980295566	0.0591133004926	0.0
-’ta	0.0668428356875	0.539628524173	0.0385924221973	0.354936217943
-dao	0.0474710348886	0.0436349536395	0.0568949701785	0.851999041293
-zar	0.0	1.0	0.0	0.0
-rus	0.00371331865532	0.976307055305	0.00302323288752	0.0169563931517
-’tu	0.128394156047	0.0431424006454	0.0339698136066	0.794493629701
-kta	0.524213075061	0.354721549637	0.0653753026635	0.0556900726392
-etu	0.0	1.0	0.0	0.0
-sa’	0.0175701399557	0.143016992395	0.0260139685447	0.813398899105
-yak	0.605898123325	0.349865951743	0.044235924933	0.0
-bek	0.980477223427	0.0065075921909	0.0130151843818	0.0
-sus	0.0124513618677	0.976653696498	0.00544747081712	0.00544747081712
-eta	0.0219944474415	0.126632544309	0.00379468691201	0.847578321338
-iri	0.298527894194	0.423866679411	0.12961723953	0.147988186865
-omu	0.202907310214	0.40509303516	0.120880950766	0.27111870386
-ete	0.0924402536981	0.144034813902	0.00818902099571	0.755335911405
-kri	0.596786534047	0.403213465953	0.0	0.0
-eto	0.263157894737	0.20774291498	0.0379554655871	0.491143724696
-buk	0.177700155245	0.39620758483	0.345974717232	0.0801175426924
-bui	0.590806968436	0.340503112224	0.0366469006667	0.0320430186733
