jer-	0.0187270969627	0.95831928239	0.00822823227896	0.0147253883681
omo-	0.0680515759312	0.818051575931	0.0988538681948	0.0150429799426
atá-	0.127096935579	0.797200518093	0.0534779455714	0.0222246007569
gin-	0.51416098959	0.355747484972	0.0704684911747	0.0596230342635
muw-	0.857100463732	0.043873490277	0.0139396341313	0.0850864118601
fig-	0.0357142857143	0.964285714286	0.0	0.0
dok-	0.00172413793104	0.887931034483	0.0896551724138	0.0206896551724
maa-	0.235894864083	0.271584637679	0.294102570478	0.198417927761
jac-	0.0	0.990670059372	0.000848176420696	0.00848176420695
ipu-	0.353180247917	0.409876041455	0.183296078033	0.053647632595
kih-	0.845343863113	0.0974004606779	0.0177690029615	0.0394866732478
pao-	0.599104143337	0.249720044793	0.031914893617	0.119260918253
ump-	0.473130557771	0.371926101673	0.0747048249111	0.0802385156454
nuk-	0.0116959064327	0.976608187135	0.0	0.0116959064327
mah-	0.478013442435	0.219987374622	0.199229704843	0.1027694781
alm-	0.345221723556	0.449829126693	0.164631284226	0.0403178655248
tum-	0.470173955788	0.292135387749	0.0640000990193	0.173690557444
eno-	0.039011703511	0.957087126138	0.00390117035111	0.0
mar-	0.12499165965	0.544063402715	0.0600295326838	0.270915404952
bis-	0.0791927449227	0.833312044961	0.0565662463733	0.0309289637429
lis-	0.114715805865	0.846872566831	0.0290682584999	0.00934336880352
ism-	0.603053435115	0.152671755725	0.106870229008	0.137404580153
ana-	0.0571137726334	0.888091222663	0.0152514717109	0.0395435329924
hêk-	0.164616411577	0.400181185334	0.321723167882	0.113479235207
paá-	0.614660257945	0.385339742055	0.0	0.0
sak-	0.305220729121	0.558029105869	0.0500477408027	0.0867024242075
bap-	0.102010789603	0.148111819519	0.513487003433	0.236390387445
pêt-	0.179487198858	0.242009473066	0.293650129627	0.284853198449
uwa-	0.0485502360081	0.870532703978	0.0323668240054	0.0485502360081
ihu-	0.660078741435	0.140423146648	0.0434532367693	0.156044875149
nun-	0.232839838493	0.320173470914	0.0940631075221	0.352923583072
euf-	0.0	1.0	0.0	0.0
der-	0.0361445783133	0.963855421687	0.0	0.0
hat-	0.211770257523	0.10710573557	0.0422240567062	0.638899950201
kat-	0.0970044734462	0.167261596837	0.0812574011996	0.654476528517
neg-	0.0335195530726	0.932960893855	0.0335195530726	0.0
mil-	0.467418821793	0.271828940908	0.0410396995364	0.219712537762
igi-	0.0601164963183	0.0694581822178	0.302890427519	0.567534893944
kiê-	0.372093023256	0.325581395349	0.279069767442	0.0232558139535
imm-	0.532622933409	0.163627995893	0.0276135518816	0.276135518816
ari-	0.0367151620301	0.912827386453	0.0188294686775	0.0316279828397
ini-	0.585998750122	0.247521598395	0.131836487013	0.0346431644706
bay-	0.19442728019	0.0774917092005	0.0594748388424	0.668606171767
mig-	0.265426322453	0.512467661144	0.109814498817	0.112291517587
uga-	0.232102738478	0.450376464873	0.118358734592	0.199162062056
paf-	0.0	1.0	0.0	0.0
hum-	0.425648015474	0.168852125008	0.281258142248	0.12424171727
uli-	0.201680672269	0.327731092437	0.470588235294	0.0
abr-	0.0193879526691	0.951585512478	0.0241518496107	0.00487468524252
zaq-	0.0110497237569	0.944751381215	0.0110497237569	0.0331491712707
adm-	0.0	1.0	0.0	0.0
zac-	0.0476308608286	0.897295956338	0.00893078640535	0.0461423964277
dah-	0.322222222222	0.488888888889	0.133333333333	0.0555555555556
gêy-	0.0381679389313	0.961832061069	0.0	0.0
her-	0.01678775665	0.880403501075	0.0409933592617	0.0618153830137
mul-	0.441479629368	0.453503276348	0.0540379223015	0.0509791719824
gaw-	0.0744686766392	0.0439772385169	0.00518993401539	0.876364150828
ate-	0.0	1.0	0.0	0.0
euo-	0.0	1.0	0.0	0.0
naw-	0.238405271483	0.462626827584	0.259554126211	0.039413774721
kam-	0.0584485371937	0.151051143107	0.0321112379129	0.758389081786
cil-	0.0183992640294	0.959521619135	0.00827966881325	0.0137994480221
sin-	0.197431657353	0.753729280579	0.0221265387437	0.0267125233244
ênd-	0.59120570994	0.136220011313	0.039182573018	0.233391705729
kim-	0.0	0.998905109489	0.0	0.00109489051095
dor-	0.100346020761	0.878892733564	0.0103806228374	0.0103806228374
tag-	0.142212082918	0.637825338046	0.0506749130964	0.16928766594
pat-	0.224074213222	0.584941135153	0.03375605022	0.157228601406
iar-	0.577986145126	0.189279966412	0.0140647960255	0.218669092436
luw-	0.348731368756	0.623961770395	0.0	0.0273068608488
maw-	0.449297971919	0.302652106084	0.14976599064	0.0982839313572
awt-	0.193465655665	0.042818911686	0.028545941124	0.735169491525
utê-	0.0909090909091	0.61038961039	0.298701298701	0.0
oma-	0.142314837251	0.164346395871	0.233903121352	0.459435645527
inw-	0.758490566038	0.211320754717	0.0150943396226	0.0150943396226
dya-	0.396203040316	0.335167423521	0.0628198488211	0.205809687342
430-	0.166666666667	0.0833333333333	0.0	0.75
jam-	0.0622837370242	0.81660899654	0.0726643598616	0.0484429065744
ium-	0.707124010554	0.261213720317	0.0	0.0316622691293
rek-	0.173913043478	0.747826086957	0.0521739130435	0.0260869565217
kêb-	0.0	0.929892891918	0.0467380720545	0.0233690360272
ior-	0.578475336323	0.242152466368	0.0	0.179372197309
por-	0.136752136752	0.858974358974	0.0	0.0042735042735
alf-	0.0	1.0	0.0	0.0
pas-	0.136423929595	0.805068488228	0.00632894518739	0.0521786369894
cos-	0.0234833659491	0.976516634051	0.0	0.0
eta-	0.111598077688	0.0454818475515	0.0286075080155	0.814312566745
sig-	0.208514243355	0.313036111405	0.153764693424	0.324684951816
nai-	0.61877497275	0.2383537212	0.0616347521635	0.0812365538861
bak-	0.0299892739093	0.947682945516	0.0177308845741	0.0045968960007
dêm-	0.677039529016	0.225679843005	0.0476590972806	0.049621530698
iib-	0.0540299532939	0.405670513767	0.499777067969	0.0405224649704
ped-	0.0504794751946	0.912840579603	0.00233890338844	0.0343410418144
say-	0.403669724771	0.321100917431	0.275229357798	0.0
epa-	0.0212300566135	0.961399897066	0.0115800308801	0.00579001544004
500-	0.388433318947	0.384980578334	0.0129477772982	0.213638325421
oro-	0.432352941177	0.285294117647	0.0485294117647	0.233823529412
216-	0.0	0.474452554745	0.0	0.525547445255
sap-	0.0	0.723004694836	0.276995305164	0.0
asi-	0.00758054327226	0.977574226153	0.00568540745421	0.00915982312065
dia-	0.00660792951545	0.897577092511	0.00660792951543	0.0892070484582
nan-	0.313489633527	0.133495495565	0.059659863178	0.49335500773
hêw-	0.161616161616	0.717171717172	0.121212121212	0.0
pok-	0.452380952381	0.22619047619	0.285714285714	0.0357142857143
amu-	0.6328	0.1768	0.0672	0.1232
uki-	0.190410486375	0.652983787513	0.121421179717	0.0351845463953
mel-	0.111724442482	0.851402075513	0.0262751159196	0.0105983660852
iim-	0.805405405405	0.0648648648649	0.12972972973	0.0
kri-	0.0	0.861858190709	0.138141809291	0.0
biy-	0.222145177169	0.731993289833	0.0160847248009	0.0297768081967
hah-	0.237288135593	0.627118644068	0.0338983050847	0.101694915254
mir-	0.677003347116	0.241681433353	0.0124040165387	0.0689112029927
isa-	0.0276053900358	0.956990975399	0.00813450364692	0.00726913091854
joe-	0.120481927711	0.834337349398	0.0	0.0451807228916
eda-	0.1875	0.578125	0.140625	0.09375
mus-	0.535030163421	0.309959898728	0.0874469856294	0.0675629522222
eut-	0.159468438538	0.667774086379	0.142857142857	0.0299003322259
pud-	0.0526315789474	0.947368421053	0.0	0.0
dio-	0.144144144144	0.81981981982	0.036036036036	0.0
bab-	0.0540636471157	0.695767602575	0.0334184195439	0.216750330765
ita-	0.528822202361	0.258939349177	0.0963262204835	0.115912227978
siy-	0.00654547154668	0.0159974441492	0.0523637723734	0.925093311931
war-	0.41875381796	0.209224190593	0.127672571778	0.24434941967
moi-	0.0408416298435	0.91740475751	0.0162560934565	0.0254975191896
ura-	0.25678840982	0.637633382493	0.0624620456319	0.0431161620543
kom-	0.434375	0.303125	0.225	0.0375
yêg-	0.926229508197	0.0245901639344	0.0491803278689	0.0
ora-	0.0445921133164	0.925767246656	0.00209845239136	0.0275421876366
atê-	0.393846153846	0.606153846154	0.0	0.0
ali-	0.263507046319	0.470395986248	0.0637024075185	0.202394559914
jud-	0.055263758849	0.907741493492	0.00502397807719	0.0319707695821
oni-	0.0	0.829787234043	0.170212765957	0.0
uba-	0.150039254584	0.163058646035	0.0270376745132	0.659864424868
cis-	0.0	1.0	0.0	0.0
mal-	0.218087710139	0.18523509783	0.439954635405	0.156722556627
sab-	0.0743073047859	0.857682619647	0.0264483627204	0.0415617128464
lyd-	0.0215827338129	0.719424460432	0.0	0.258992805755
aki-	0.476420798065	0.373639661427	0.0193470374849	0.130592503023
met-	0.0316622691293	0.873350923483	0.0	0.0949868073879
nin-	0.116615742255	0.771918957105	0.0329558662834	0.0785094343563
mán-	0.0357467888312	0.903451284842	0.0383181227313	0.0224838035951
nau-	0.212765957447	0.130883951041	0.0628074239305	0.593542667582
uni-	0.738312356669	0.211632568302	0.0500550750284	0.0
ian-	0.523037427375	0.289150114849	0.0560735035806	0.131738954195
tuw-	0.158712663948	0.429626363937	0.0137771409677	0.397883831147
sir-	0.0238793750426	0.972027017807	0.0	0.00409360715016
inl-	0.632112284716	0.204649927473	0.0837640713425	0.0794737164689
êta-	0.0	1.0	0.0	0.0
daê-	0.148706896552	0.0560344827586	0.5625	0.23275862069
lim-	0.156430758231	0.242855925493	0.131857511333	0.468855804944
ins-	0.773913043478	0.147826086957	0.0	0.0782608695652
mab-	0.348725671507	0.235151869034	0.292813655875	0.123308803583
esr-	0.0	1.0	0.0	0.0
and-	0.482006032101	0.33480811248	0.0539263202624	0.129259535156
apa-	0.0239625313147	0.0920379043677	0.00947609192899	0.874523472389
ALL	0.230251442824	0.314034496068	0.0581357930738	0.397578268035
san-	0.0209393630944	0.955503853424	0.0212301875818	0.00232659589938
puk-	0.195775373519	0.257130813545	0.384291133905	0.162802679031
hêl-	0.513789631937	0.205976969741	0.168582236856	0.111651161466
lo--	0.169014084507	0.362946912243	0.175514626219	0.292524377031
per-	0.115989135885	0.826374041965	0.0298121493878	0.027824672762
ger-	0.0503144654088	0.937106918239	0.00628930817609	0.0062893081761
nef-	0.0	1.0	0.0	0.0
arm-	0.0304568527918	0.969543147208	0.0	0.0
cal-	0.0	1.0	0.0	0.0
big-	0.301124699005	0.203955674671	0.0364447442064	0.458474882117
zor-	0.0	1.0	0.0	0.0
duy-	0.0381254964257	0.9253375695	0.022239872915	0.0142970611596
tel-	0.0122699386503	0.932515337423	0.0552147239264	0.0
sob-	0.432261465472	0.239852398524	0.29520295203	0.0326831839747
lid-	0.0254777070064	0.974522292994	0.0	0.0
gas-	0.350877192982	0.631578947369	0.0175438596491	0.0
ata-	0.245380116959	0.665263157895	0.061754385965	0.0276023391813
far-	0.0144752714113	0.963811821472	0.021712907117	0.0
dap-	0.329408286956	0.113674993285	0.0669182981243	0.489998421635
pig-	0.545253863135	0.192052980132	0.236203090508	0.0264900662251
baw-	0.311404098933	0.409153218007	0.153400920031	0.126041763029
oka-	0.582857808315	0.21101665308	0.125771515081	0.0803540235239
lum-	0.561607623005	0.178029799006	0.0723469431105	0.188015634878
mes-	0.127269229424	0.759627828885	0.0108433313512	0.10225961034
sag-	0.0884024415912	0.425384129657	0.340980846138	0.145232582614
haw-	0.255172517795	0.590466280613	0.0915746772832	0.0627865243094
ami-	0.158562367865	0.816067653277	0.0126849894292	0.0126849894292
ni--	0.707831325301	0.054718875502	0.0180722891566	0.21937751004
iku-	0.291249325998	0.667284668267	0.0138220019118	0.0276440038235
eub-	0.107142857143	0.892857142857	0.0	0.0
cau-	0.0	1.0	0.0	0.0
adi-	0.0	1.0	0.0	0.0
jai-	0.0499286733238	0.905135520685	0.0213980028531	0.0235378031384
win-	0.772727272727	0.153409090909	0.0056818181818	0.0681818181818
tal-	0.273045447527	0.498087052001	0.126271724398	0.102595776074
gid-	0.0363636363636	0.963636363636	0.0	0.0
láh-	0.0351857023178	0.932979614633	0.0167550963418	0.0150795867077
alp-	0.020018520536	0.965682536224	0.01429894324	0.0
paa-	0.324762524461	0.127595043727	0.048339280097	0.499303151715
u-u-	0.443373493976	0.232530120482	0.26265060241	0.0614457831325
bin-	0.56696906245	0.319169303381	0.052167463417	0.061694170752
iaw-	0.440474357	0.452230607321	0.0734123928333	0.0338826428462
lem-	0.0	0.979591836735	0.0204081632653	0.0
rod-	0.137195121951	0.862804878049	0.0	0.0
she-	0.0145232324566	0.927383837717	0.0580929298263	0.0
450-	0.182481751825	0.172749391727	0.0729927007299	0.571776155718
dak-	0.786808510638	0.202978723404	0.0	0.0102127659575
wan-	0.788897622257	0.0481591938764	0.00412595085877	0.158817233008
pon-	0.211082182295	0.131914043837	0.101872332659	0.55513144121
hig-	0.33776557306	0.362769186298	0.242231536349	0.0572337042926
chi-	0.00623052959504	0.981308411215	0.0	0.01246105919
sik-	0.181818181818	0.636363636364	0.181818181818	0.0
nga-	0.146514890834	0.141075657247	0.0638994876613	0.648509964257
ben-	0.0	0.969387755102	0.0204081632653	0.0102040816327
seg-	0.0	1.0	0.0	0.0
nip-	0.429959253623	0.344441439006	0.138911461332	0.0866878460383
ome-	0.00625	0.9625	0.03125	0.0
pin-	0.453120788552	0.340513936504	0.127617385436	0.0787478895089
pog-	0.0	0.931906614786	0.068093385214	0.0
hug-	0.153846153846	0.825037707391	0.0211161387632	0.0
amp-	0.474308048583	0.354358146421	0.0791321976481	0.092201607348
bun-	0.0860573715811	0.8859239493	0.0120080053369	0.0160106737825
ili-	0.633915918753	0.285073216816	0.0118091639112	0.0692017005196
lam-	0.245855794218	0.602263553959	0.0553984273156	0.0964822245073
nar-	0.123424602714	0.354818348735	0.326215066334	0.195541982216
gat-	0.0160489109668	0.245319067635	0.0	0.738632021399
its-	0.376293508937	0.443085606773	0.158043273754	0.0225776105362
idi-	0.675317518886	0.128808892821	0.0134918083089	0.182381779984
cua-	0.0	1.0	0.0	0.0
an--	0.440236253451	0.37883132731	0.0720823476381	0.108850071601
kaê-	0.263636239971	0.659001394987	0.0327014828079	0.0446608822348
sat-	0.0580218914661	0.812150306915	0.0872535173013	0.0425742843175
pur-	0.203749495357	0.486967601938	0.102820952765	0.206461949939
buy-	0.531049250535	0.124197002141	0.0877944325481	0.256959314775
esl-	0.0	1.0	0.0	0.0
saf-	0.239795918367	0.477040816327	0.0535714285714	0.229591836735
nad-	0.627562974621	0.199567381397	0.0398061850831	0.133063458899
nib-	0.406940063092	0.424146831087	0.0470318325208	0.121881273301
abi-	0.0413223140496	0.905548996458	0.0354191263282	0.0177095631641
ele-	0.0	0.979695431472	0.0203045685279	0.0
awo-	0.176646706587	0.0848303393214	0.0247005988024	0.713822355289
fle-	0.0	1.0	0.0	0.0
ahu-	0.0048	0.9952	0.0	0.0
mom-	0.25	0.678571428571	0.0	0.0714285714286
li--	0.322444863324	0.0426637003629	0.0599897420138	0.574901694299
ban-	0.104414152333	0.726138683292	0.127195253695	0.0422519106799
hal-	0.291488818733	0.465759899458	0.0511008392639	0.191650442545
dên-	0.148849797023	0.58051420839	0.133964817321	0.136671177267
maê-	0.41677766354	0.433470466483	0.0582972343197	0.0914546356577
ter-	0.0766773162939	0.904153354633	0.0191693290735	0.0
tra-	0.0	1.0	0.0	0.0
nam-	0.265541425669	0.629923867751	0.0294707776814	0.0750639288985
arq-	0.176165803109	0.79274611399	0.020725388601	0.0103626943005
ale-	0.0384615384616	0.87474012474	0.0790020790021	0.00779625779625
ikn-	0.0231729055259	0.907011289364	0.0368389780154	0.0329768270945
sid-	0.107142857143	0.860160965795	0.0296780684105	0.00301810865191
bon-	0.0612921038101	0.898950855881	0.00331308669244	0.0364439536168
oli-	0.0079341757273	0.947105495151	0.0379077284749	0.00705260064649
luc-	0.00791556728232	0.984168865435	0.0	0.00791556728232
gan-	0.101265822785	0.126582278481	0.737341772152	0.0348101265823
bêy-	0.236253310257	0.612361073462	0.123860958776	0.0275246575057
jec-	0.0	1.0	0.0	0.0
ula-	0.625724217845	0.305214368482	0.0208574739282	0.0482039397451
bêk-	0.0704845814978	0.612334801762	0.264317180617	0.0528634361233
kon-	0.105179057113	0.0791207888584	0.0129951408589	0.80270501317
hak-	0.0235342972807	0.0102477631946	0.00812439647741	0.958093543047
ats-	0.240780424582	0.0602337866682	0.0207838925826	0.678201896167
col-	0.0	1.0	0.0	0.0
but-	0.180762852405	0.740464344942	0.0203150912106	0.0584577114428
apl-	0.0584178498986	0.883164300203	0.0584178498985	0.0
waw-	0.177215189873	0.329113924051	0.0506329113924	0.443037974684
tuk-	0.401798952259	0.482554116833	0.0726499950579	0.0429969358506
ene-	0.0	1.0	0.0	0.0
pan-	0.179247423468	0.626418187096	0.0576814310331	0.136652958403
nim-	0.622924243438	0.211359473551	0.05741502737	0.108301255641
tor-	0.284310859776	0.515915461816	0.0696111871255	0.130162491282
all-	0.0301042463017	0.847514682206	0.012788579763	0.10959249173
jod-	0.0	1.0	0.0	0.0
lin-	0.394632991318	0.346487766377	0.156274664562	0.102604577743
yam-	0.0085178875639	0.991482112436	0.0	0.0
fen-	0.0196078431372	0.947712418301	0.0130718954248	0.0196078431372
ina-	0.570235690741	0.249058163645	0.0517150019018	0.128991143712
baa-	0.159468438538	0.774086378738	0.0564784053156	0.00996677740863
mai-	0.262571984051	0.160564356208	0.0550776339323	0.521786025808
pen-	0.0	1.0	0.0	0.0
how-	0.824773413897	0.138972809668	0.036253776435	0.0
rab-	0.372093023256	0.540697674419	0.0	0.0872093023256
ape-	0.140350877193	0.859649122807	0.0	0.0
wal-	0.0156941649899	0.0981891348088	0.0338028169014	0.8523138833
umu-	0.176470588235	0.268907563025	0.529411764706	0.0252100840336
anh-	0.602227036302	0.195281588574	0.0514724807545	0.15101889437
ipo-	0.0379465135557	0.86217351608	0.0644146787324	0.0354652916317
dun-	0.244823386115	0.493300852619	0.109622411693	0.152253349574
kab-	0.0888891126135	0.124443833067	0.0227300261512	0.763937028168
hul-	0.382833345703	0.427817300002	0.0665917259578	0.122757628337
isr-	0.0347348295745	0.819860961191	0.0900110176239	0.055393191611
itá-	0.65243902439	0.292682926829	0.0	0.0548780487805
lab-	0.484006106579	0.0795202531077	0.0314487734003	0.405024866913
gul-	0.170996227784	0.678353144649	0.0913222360919	0.0593283914746
niú-	0.560583941606	0.245255474453	0.00583941605841	0.188321167883
tia-	0.0	0.989528795812	0.0104712041885	0.0
obr-	0.502407704655	0.401284109149	0.0192616372391	0.0770465489566
nal-	0.476491731948	0.184494939798	0.121318563454	0.2176947648
kau-	0.037717964866	0.890029258501	0.0321066577944	0.0401461188383
iba-	0.675293659468	0.19459764286	0.0270208290103	0.103087868661
ino-	0.469810554407	0.286279466096	0.107664918718	0.136245060778
bas-	0.0636989946456	0.863370272354	0.0461586917722	0.0267720412278
mim-	0.173357119558	0.122207710918	0.104144495647	0.600290673877
ayr-	0.230728335992	0.199893673578	0.0462519936204	0.52312599681
dir-	0.319672131148	0.606557377049	0.0245901639344	0.0491803278689
mid-	0.601214835405	0.203124597843	0.0774714951226	0.118189071629
teo-	0.245033112583	0.715231788079	0.0264900662251	0.0132450331126
ang-	0.253731621078	0.435954727233	0.100500424509	0.20981322718
pun-	0.327426080364	0.276250947688	0.380686125853	0.0156368460955
inh-	0.509957234623	0.275137261049	0.036623418256	0.178282086073
yar-	0.335119183173	0.114176611315	0.0258838665449	0.524820338967
pim-	0.508771929825	0.245614035088	0.245614035088	0.0
ito-	0.566183574879	0.269289164941	0.0748102139406	0.0897170462388
lêy-	0.0547514159849	0.896790434235	0.00755191944617	0.0409062303335
bêl-	0.188990360223	0.505327245053	0.200405885337	0.105276509386
day-	0.45162013253	0.238317648894	0.0226635682455	0.28739865033
ma--	0.389299943085	0.305065452476	0.153671030165	0.151963574274
666-	0.145833333333	0.0833333333334	0.0	0.770833333333
cai-	0.00837438423645	0.985714285714	0.00295566502463	0.00295566502463
sod-	0.0056952199491	0.988609560102	0.00569521994911	0.0
amm-	0.400705645161	0.482862903226	0.054939516129	0.0614919354838
pêr-	0.213466268403	0.106644094866	0.422154591448	0.257735045284
ay--	0.131864665436	0.134030154867	0.0254487635823	0.708656416115
har-	0.127272727273	0.872727272727	0.0	0.0
kan-	0.051665395341	0.0573221563269	0.0231493893007	0.867863059031
zab-	0.0	1.0	0.0	0.0
lig-	0.605427974948	0.321503131524	0.0208768267223	0.0521920668058
diy-	0.0365754432083	0.906061744042	0.0408549656543	0.0165078470951
gap-	0.561927220108	0.351251406828	0.070743341015	0.0160780320489
ill-	0.597124600639	0.264856230032	0.0992012779553	0.0388178913738
sio-	0.0180412371134	0.981958762887	0.0	0.0
daw-	0.0886207613896	0.5700020803	0.189099230289	0.152277928022
log-	0.0881295617125	0.677009574301	0.0137683527603	0.221092511226
kum-	0.318985666122	0.473514385587	0.0832730055639	0.124226942727
kow-	0.801370744878	0.103803482527	0.00139449665582	0.09343127594
uwê-	0.105042016807	0.804621848739	0.0672268907564	0.0231092436975
tao-	0.0123551383967	0.957666890145	0.0136960061297	0.016281965329
alw-	0.112643797934	0.131894829445	0.0429186443812	0.712542728239
kuw-	0.0419010669253	0.783511154219	0.151309408341	0.0232783705141
iho-	0.377697841727	0.546762589928	0.0647482014388	0.0107913669065
ces-	0.042471042471	0.950965250965	0.0	0.0065637065637
na--	0.573754454615	0.180700160716	0.0939137726225	0.151631612047
lol-	0.498054474708	0.27626459144	0.178988326848	0.0466926070039
ken-	0.0441176470588	0.955882352941	0.0	0.0
iub-	0.365543898399	0.454168967421	0.101325234677	0.0789618995031
pib-	0.111391052453	0.678437150465	0.0659438115614	0.14422798552
hil-	0.0760517552163	0.0730638194368	0.00559104037353	0.845293384973
bub-	0.139211136891	0.793503480279	0.016241299304	0.0510440835266
ilu-	0.116429495472	0.53169469599	0.349288486417	0.0025873221216
mat-	0.374329455717	0.367119640269	0.145781429884	0.11276947413
nit-	0.712591253088	0.132723399418	0.0489651459696	0.105720201525
aka-	0.675496688742	0.139072847682	0.0	0.185430463576
kin-	0.435171579834	0.104621391955	0.0245607921393	0.435646236072
sol-	0.0614203454895	0.926103646833	0.0124760076776	0.0
has-	0.128987517337	0.812760055479	0.0499306518724	0.00832177531207
mad-	0.386336905936	0.220359567704	0.212454920559	0.180848605801
par-	0.148596235363	0.634490392302	0.0528184431872	0.164094929148
ayd-	0.0781990521327	0.0995260663507	0.431279620853	0.390995260664
ala-	0.163481220103	0.648701658934	0.0772996434526	0.11051747751
jul-	0.0177595628415	0.946721311475	0.0327868852459	0.00273224043716
gob-	0.109930784034	0.787060028555	0.0369746725433	0.0660345148675
qua-	0.393617021277	0.574468085106	0.0	0.031914893617
dig-	0.229249011858	0.659200702679	0.10101010101	0.0105401844532
nah-	0.76965082641	0.0957988452648	0.0307647018363	0.103785626489
ong-	0.0	1.0	0.0	0.0
zeu-	0.0	1.0	0.0	0.0
ame-	0.003663003663	0.0556776556777	0.0	0.940659340659
hib-	0.30612244898	0.602040816326	0.0612244897959	0.030612244898
feb-	0.0	1.0	0.0	0.0
tha-	0.28125	0.5078125	0.0	0.2109375
raw-	0.489197530864	0.33950617284	0.0	0.171296296296
hik-	0.223333956198	0.117256577863	0.0164552801159	0.642954185824
tre-	0.00550206327373	0.15749656121	0.362448418157	0.474552957359
gay-	0.024	0.976	0.0	0.0
ahi-	0.227318417004	0.269917414363	0.0581160267174	0.444648141916
ipa-	0.610572718235	0.260224775351	0.0516167180724	0.0775857883418
ira-	0.686119873817	0.0615141955836	0.0946372239748	0.157728706625
reu-	0.0	1.0	0.0	0.0
dan-	0.201039135171	0.50219838543	0.0286600184363	0.268102460963
ubi-	0.0	0.0	1.0	0.0
lug-	0.54635880377	0.286632097316	0.0394612399309	0.127547858983
apó-	0.110481586402	0.57507082153	0.28895184136	0.0254957507082
gre-	0.0338983050847	0.966101694915	0.0	0.0
ser-	0.0879120879121	0.912087912088	0.0	0.0
kag-	0.0476419693619	0.29793006662	0.0387282051966	0.615699758822
loa-	0.544928661333	0.263754134903	0.183508338304	0.00780886545975
hay-	0.350668700557	0.542374685161	0.0462946539431	0.0606619603391
cri-	0.149163540505	0.565203285005	0.0231166987732	0.262516475717
mis-	0.173896783844	0.531600598355	0.0729244577413	0.22157816006
elm-	0.0375	0.9375	0.0	0.025
jef-	0.0	1.0	0.0	0.0
anl-	0.475065329176	0.134535915348	0.156825585375	0.233573170101
ayn-	0.276406040991	0.117275914954	0.0419363415978	0.564381702457
din-	0.664053338886	0.190844894761	0.0275102919477	0.117591474405
hên-	0.0405724360846	0.0134157085268	0.00122176799745	0.944790087391
kia-	0.273383458647	0.511879699248	0.137142857143	0.0775939849624
yon-	0.24783423923	0.0490136717671	0.0102776821063	0.692874406896
agr-	0.00255972696246	0.987201365188	0.00511945392491	0.0051194539249
sos-	0.0120481927711	0.957831325301	0.0120481927711	0.0180722891566
ibi-	0.54435483871	0.236391129032	0.0	0.219254032258
mi--	0.26899128269	0.26899128269	0.26899128269	0.19302615193
hiw-	0.387263469868	0.612736530132	0.0	0.0
tat-	0.015312805195	0.783118071426	0.012459139915	0.189109983464
bit-	0.0370539798719	0.895013723696	0.0107044830741	0.0572278133577
uri-	0.0	1.0	0.0	0.0
cef-	0.362204724409	0.637795275591	0.0	0.0
nia-	0.630557220941	0.126826514492	0.0900620982106	0.152554166357
pot-	0.665163309102	0.126727164456	0.125456097501	0.0826534289416
pam-	0.293341039977	0.529922809948	0.0693482885925	0.107387861483
mam-	0.562960545736	0.277392156358	0.0641627263465	0.0954845715595
arn-	0.0	1.0	0.0	0.0
esa-	0.0	1.0	0.0	0.0
hiy-	0.217325512897	0.0818741031833	0.0156798443015	0.685120539619
sad-	0.0136589403974	0.979718543046	0.00165562913907	0.00496688741722
oym-	0.0357142857143	0.964285714286	0.0	0.0
mor-	0.1230115431	0.427152127721	0.391948544191	0.0578877849882
ugt-	0.0691197397845	0.432404960358	0.147590973775	0.350884326082
gil-	0.710347752333	0.213619289955	0.0399854598328	0.0360474978795
mag-	0.4937651841	0.272851573259	0.085817305271	0.14756593737
aug-	0.107142857143	0.892857142857	0.0	0.0
pai-	0.553523828716	0.306709810707	0.0824866731549	0.0572796874227
ama-	0.185520361991	0.371040723982	0.176470588235	0.266968325792
kok-	0.0508474576271	0.915254237288	0.0338983050847	0.0
dêk-	0.145502645503	0.838624338624	0.00529100529101	0.010582010582
kas-	0.109870887797	0.653053756273	0.133819282927	0.103256073003
yaw-	0.0631578947369	0.936842105263	0.0	0.0
reg-	0.0461538461538	0.953846153846	0.0	0.0
pla-	0.393857026366	0.451209567817	0.130470236477	0.0244631693395
mu--	0.181818181818	0.24	0.332727272727	0.245454545455
mac-	0.00339462517681	0.970297029703	0.0135785007072	0.012729844413
map-	0.29849053517	0.363841855307	0.193920083111	0.143747526411
ico-	0.0	1.0	0.0	0.0
ika-	0.168479794406	0.241934206535	0.370172304725	0.219413694333
bet-	0.029141667687	0.937063793315	0.00587731113016	0.0279172278682
hip-	0.530398322851	0.469601677149	0.0	0.0
law-	0.0430600239902	0.813407162164	0.081575582535	0.061957231311
sal-	0.0274914089347	0.963917525773	0.00171821305842	0.00687285223366
nih-	0.319091199319	0.1015483665	0.0923166968181	0.487043737363
int-	0.571827962274	0.282895226923	0.052673824987	0.0926029858156
gab-	0.0	1.0	0.0	0.0
400-	0.0	0.480225988701	0.0	0.519774011299
hêm-	0.0910931174089	0.81983805668	0.0890688259109	0.0
yan-	0.0967103944409	0.061545876112	0.00692492954951	0.834818799898
bad-	0.690607734807	0.254143646409	0.0	0.0552486187845
sim-	0.0709962833713	0.909352959624	0.00593859889101	0.0137121581135
gua-	0.15625	0.53125	0.0	0.3125
yun-	0.807692307692	0.153846153846	0.0384615384615	0.0
min-	0.332876670099	0.209347604863	0.124407458862	0.333368266175
est-	0.0522516328635	0.790993468546	0.0878308697147	0.0689240288759
têh-	0.42774566474	0.0693641618497	0.346820809249	0.156069364162
ren-	0.0	1.0	0.0	0.0
sul-	0.040681693238	0.954920285871	0.0043980208906	0.0
gêt-	0.768991174944	0.082540231874	0.00726769337255	0.14120089981
tab-	0.0504132231405	0.885123966942	0.0644628099173	0.0
lok-	0.475049045617	0.436731535835	0.0294992377478	0.0587201807998
naz-	0.0576349024111	0.890011481056	0.0454649827784	0.00688863375432
gal-	0.156371318638	0.759458635057	0.0508660595438	0.0333039867613
nul-	0.550901623739	0.357712078766	0.0187668289499	0.0726194685452
mih-	0.045883298182	0.105342466073	0.0443079514875	0.804466284258
ida-	0.582644628099	0.338842975207	0.00826446280991	0.0702479338843
kar-	0.112016296246	0.463575282181	0.321228606715	0.103179814857
sel-	0.2	0.8	0.0	0.0
kay-	0.135312797855	0.157037754568	0.0263398413209	0.681309606256
ámo-	0.103149606299	0.840157480315	0.0283464566929	0.0283464566929
mia-	0.272979889163	0.487573983076	0.104651710442	0.13479441732
ist-	0.176160337553	0.441983122363	0.227848101266	0.154008438819
imo-	0.65726681128	0.316702819957	0.0260303687636	0.0
êlê-	0.0833333333333	0.809523809524	0.107142857143	0.0
têê-	0.46493415954	0.376581710871	0.0461949256651	0.112289203924
ung-	0.159068163194	0.113263543212	0.124275933288	0.603392360306
taw-	0.0669884816464	0.767852607395	0.0809846566917	0.0841742542669
jor-	0.0489449003517	0.94021101993	0.0	0.0108440797186
paê-	0.0705882352941	0.929411764706	0.0	0.0
mun-	0.345913354176	0.194283162126	0.0460026797678	0.41380080393
tay-	0.0390964378801	0.9348392702	0.0247610773241	0.001303214596
uta-	0.293575552311	0.618988013843	0.0319933728835	0.0554430609628
áta-	0.168557536467	0.772285251216	0.0218800648298	0.0372771474879
imb-	0.631465835107	0.228735172036	0.0607867512273	0.07901224163
iat-	0.4512	0.1936	0.0336	0.3216
kak-	0.189123793088	0.402357281904	0.177087332171	0.231431592837
are-	0.0	0.986455981941	0.0135440180587	0.0
one-	0.00564971751413	0.985875706215	0.0	0.00847457627118
nob-	0.0132450331126	0.933774834437	0.046357615894	0.0066225165563
kik-	0.720120987808	0.109426672612	0.0353292870731	0.135123052507
gog-	0.0	0.932692307692	0.0673076923077	0.0
ani-	0.0484750555443	0.817208644718	0.0494849525348	0.0848313472026
lín-	0.0277777777778	0.111111111111	0.805555555556	0.0555555555556
sil-	0.169149153234	0.814323607427	0.00489695980412	0.0116302795348
ake-	0.0	1.0	0.0	0.0
lal-	0.077940381751	0.697830776622	0.048830655034	0.175398186593
jas-	0.0170697012802	0.98293029872	0.0	0.0
kên-	0.176679191117	0.78701397391	0.0261746949804	0.0101321399924
lib-	0.0412548978417	0.582992729731	0.00998406203477	0.365768310393
kis-	0.104325699746	0.0508905852418	0.193384223919	0.651399491094
ápo-	0.0	0.93984962406	0.0601503759398	0.0
gen-	0.0266666666667	0.96	0.0133333333333	0.0
tik-	0.0815138282386	0.788064046579	0.122270742358	0.00815138282385
nuw-	0.793830629324	0.0634158131665	0.0598205383849	0.0829330191245
egi-	0.0168405041286	0.859300304216	0.0861038678835	0.0377553237723
hêp-	0.224530465167	0.197231928369	0.370127211182	0.208110395283
sau-	0.069747354783	0.895918808033	0.00259123299503	0.0317426041891
esm-	0.00586264656616	0.829983249581	0.150753768844	0.0134003350084
pri-	0.147185660179	0.776315296059	0.0584992687591	0.0179997750028
tro-	0.00431034482759	0.98275862069	0.0	0.0129310344828
iha-	0.448961117231	0.468204969166	0.0311361519219	0.0516977616817
dag-	0.0287697600131	0.916966991564	0.0201695470555	0.0340937013679
kit-	0.177556376681	0.0937146177117	0.0382746480304	0.690454357577
pop-	0.597647058823	0.331764705882	0.0282352941177	0.0423529411765
gol-	0.0193236714976	0.980676328502	0.0	0.0
inê-	0.470486111111	0.381944444444	0.0442708333333	0.103298611111
nag-	0.591087097035	0.204299388346	0.0585524318045	0.146061082815
eff-	0.0217391304348	0.913043478261	0.0	0.0652173913043
itu-	0.408651257889	0.360609547464	0.166982311916	0.0637568827315
una-	0.126377779252	0.191667585314	0.463568193084	0.218386442351
had-	0.234500705012	0.0921831788562	0.271025417781	0.40229069835
kad-	0.0376822895587	0.768767768617	0.166144640327	0.0274053014973
eli-	0.0306235958732	0.950923724562	0.00314088162802	0.0153117979366
cap-	0.0145178015901	0.975803664017	0.00829588662289	0.00138264777048
uso-	0.145161290323	0.774193548387	0.0806451612903	0.0
amê-	0.0770852067878	0.181013518792	0.0264541469764	0.715447127444
ras-	0.235294117647	0.627450980392	0.0980392156863	0.0392156862745
upa-	0.394172148273	0.513168405277	0.0466139546559	0.0460454917942
tir-	0.00458715596331	0.995412844037	0.0	0.0
man-	0.343134333335	0.238793435145	0.17424673768	0.243825493839
koy-	0.0420229515473	0.018899589793	0.00816118650152	0.930916272158
men-	0.0	1.0	0.0	0.0
iko-	0.193548387097	0.785714285714	0.0	0.0207373271889
lub-	0.0562939796716	0.854104769351	0.0839718530102	0.00562939796716
tap-	0.452454303607	0.210986450062	0.239670978448	0.0968882678832
hêê-	0.761363636364	0.153409090909	0.0255681818182	0.0596590909091
lup-	0.0987208920958	0.854542472942	0.0124631026566	0.0342735323057
lar-	0.0318302387267	0.872679045093	0.0954907161803	0.0
aho-	0.0500441751861	0.871197778619	0.0393790230973	0.0393790230973
bib-	0.285714285714	0.566502463054	0.0295566502463	0.118226600985
dom-	0.00307692307692	0.892307692308	0.0430769230769	0.0615384615385
kaw-	0.223264953503	0.0582255392683	0.0068265242654	0.711682982964
iso-	0.0	0.889455782313	0.110544217687	0.0
bos-	0.0	1.0	0.0	0.0
nig-	0.851119894598	0.127799736495	0.0131752305665	0.00790513833992
baê-	0.570174395068	0.350204665357	0.0457820402556	0.0338388993194
laz-	0.0535974366443	0.856976405476	0.0122341974949	0.0771919603845
agw-	0.359191818409	0.393863806436	0.224494886505	0.0224494886505
bêt-	0.0203906154035	0.969782581992	0.00712443188798	0.00270237071613
job-	0.0	1.0	0.0	0.0
gih-	0.246766006222	0.704601277223	0.0378254462092	0.0108072703455
aqu-	0.0105263157895	0.986842105263	0.0	0.00263157894737
ket-	0.0828729281768	0.798895027624	0.0983425414364	0.0198895027624
dru-	0.0	0.980392156863	0.0196078431373	0.0
tim-	0.0579112357697	0.841280316779	0.0519716218446	0.0488368256063
nil-	0.712268297303	0.114810029861	0.0333413502981	0.139580322537
kip-	0.063829787234	0.796690307329	0.125295508274	0.0141843971631
cus-	0.0	1.0	0.0	0.0
mon-	0.208757234021	0.0630368033053	0.0305986727604	0.697607289913
alo-	0.04	0.86	0.02	0.08
ram-	0.0997229916898	0.90027700831	0.0	0.0
iut-	0.763440077584	0.127590493932	0.0319190162664	0.0770504122168
pit-	0.0323912259727	0.0690282067376	0.00730800868009	0.89127255861
ial-	0.472194352874	0.342554106349	0.0654292675936	0.119822273183
itg-	0.787878787879	0.121212121212	0.0606060606061	0.030303030303
las-	0.0	1.0	0.0	0.0
taê-	0.0558233477036	0.944176652296	0.0	0.0
eti-	0.0	0.99	0.01	0.0
laa-	0.312	0.144	0.117333333333	0.426666666667
esp-	0.00636894743508	0.961628468277	0.0298918380195	0.00211074626811
iin-	0.453947368421	0.407894736842	0.0	0.138157894737
omê-	0.686567164179	0.111940298507	0.201492537313	0.0
pad-	0.419525065963	0.343007915567	0.23746701847	0.0
huk-	0.156006914434	0.65069761699	0.0566736634152	0.136621805161
mib-	0.445469877751	0.29054797247	0.147830003876	0.116152145903
arf-	0.0	1.0	0.0	0.0
cle-	0.00649350649351	0.980519480519	0.012987012987	0.0
reb-	0.0722586097613	0.909148531587	0.013944643989	0.004648214663
inn-	0.837129840547	0.0979498861048	0.0	0.0649202733485
dum-	0.573214201703	0.203214402493	0.149642835211	0.0739285605935
ema-	0.090909090909	0.818181818182	0.0	0.0909090909091
adr-	0.201680672269	0.778151260504	0.0201680672269	0.0
zeb-	0.00382653061224	0.996173469388	0.0	0.0
pis-	0.0358021180131	0.909574557074	0.0197413547923	0.0348819701203
lih-	0.0	0.142857142857	0.160714285714	0.696428571429
amo-	0.0233134538083	0.963101008361	0.00352217647464	0.0100633613561
apo-	0.135737093729	0.534515337997	0.00528762909671	0.324459939177
fan-	0.0	1.0	0.0	0.0
iyê-	0.804347826087	0.0978260869565	0.0	0.0978260869566
suw-	0.189412336085	0.721223895095	0.0165128703253	0.0728508984944
did-	0.0757363253857	0.814866760168	0.0673211781206	0.0420757363254
lot-	0.0508628519528	0.8919164396	0.0463215258855	0.0108991825613
gag-	0.0	1.0	0.0	0.0
miu-	0.634115001606	0.0893029232252	0.0	0.276582075169
pi--	0.0631067961165	0.398058252427	0.131067961165	0.407766990291
aro-	0.586206896552	0.386206896552	0.0137931034483	0.0137931034483
awa-	0.190531177829	0.497690531178	0.239030023095	0.0727482678984
ima-	0.523076923077	0.4	0.0461538461538	0.0307692307692
nay-	0.236307806434	0.03642509305	0.0102600986943	0.717007001822
kao-	0.0907216494845	0.6	0.309278350515	0.0
ibo-	0.521327014218	0.392180094787	0.0651658767773	0.021327014218
kuy-	0.0214285714286	0.789285714286	0.189285714286	0.0
kor-	0.357078627246	0.605014814367	0.0124497971793	0.0254567612077
rub-	0.0	1.0	0.0	0.0
bau-	0.0583128372674	0.847527623802	0.0273484820675	0.0668110568628
mik-	0.439841752955	0.434244644354	0.0481333674233	0.0777802352673
fes-	0.0328559393429	0.946925021062	0.0151642796967	0.00505475989891
tis-	0.0345911949686	0.90251572327	0.0157232704402	0.0471698113207
kot-	0.636976170912	0.264749383731	0.0128184059162	0.0854560394413
bul-	0.145910415676	0.764071187912	0.081150912586	0.00886748382562
ilo-	0.0422195416164	0.933310356712	0.0	0.0244701016716
ihi-	0.294743258043	0.385023928324	0.0398632568445	0.280369556789
dav-	0.00673575129534	0.990155440415	0.00186528497409	0.00124352331606
ebe-	0.0	1.0	0.0	0.0
wak-	0.242424242424	0.69696969697	0.0606060606061	0.0
ila-	0.354365542501	0.534721924635	0.053515297107	0.0573972357572
jop-	0.0	0.993511175198	0.00432588320115	0.00216294160058
tan-	0.299379945085	0.234808301161	0.0698413268659	0.395970426888
hub-	0.289198606272	0.658536585366	0.0313588850174	0.020905923345
cas-	0.143884892086	0.758644697146	0.0974704107682	0.0
bar-	0.121596297684	0.840924275262	0.0134925937393	0.0239868333143
moy-	0.139603662876	0.0806670989578	0.0153410618545	0.764388176312
nea-	0.0	1.0	0.0	0.0
aga-	0.0375	0.897395833333	0.0588541666667	0.00624999999999
inu-	0.382497155223	0.205468428449	0.0764371745224	0.335597241805
mau-	0.350971155036	0.254203929757	0.0455466442942	0.349278270912
ulo-	0.0558751027116	0.838290879211	0.0410846343468	0.0647493837305
oyh-	0.203389830508	0.745762711864	0.0	0.0508474576271
buw-	0.0373822604903	0.557663092828	0.399775894034	0.00517875264755
akm-	0.423076923077	0.366220735786	0.115384615385	0.0953177257525
akb-	0.625	0.119318181818	0.119318181818	0.136363636364
ipê-	0.525423728814	0.169491525424	0.203389830509	0.101694915254
git-	0.0512820512821	0.769230769231	0.179487179487	0.0
ton-	0.166426512968	0.790345821326	0.0410662824207	0.0021613832853
ozi-	0.0	1.0	0.0	0.0
ant-	0.329025362029	0.45165132815	0.0469459127212	0.1723773971
pa--	0.163834951456	0.743325242719	0.0764563106796	0.0163834951456
ori-	0.0	0.192307692308	0.807692307692	0.0
boy-	0.178234600648	0.184526967286	0.0372826407309	0.599955791335
nak-	0.448552745521	0.309315603931	0.0913844766584	0.15074717389
niy-	0.43669250646	0.470284237726	0.0387596899225	0.0542635658914
pol-	0.0430515635815	0.92217601968	0.0270452130192	0.00772720371977
pih-	0.279694470297	0.38163933374	0.249366154241	0.0893000417215
aya-	0.00599340725201	0.0179802217561	0.967036260114	0.00899011087804
sar-	0.0649178047029	0.192890168684	0.275958183773	0.466233842841
lao-	0.0	0.993846153846	0.0	0.00615384615384
bên-	0.0921852733281	0.087779434211	0.0725849842741	0.747450308187
uma-	0.342054067546	0.331948269772	0.0817297329535	0.244267929729
fri-	0.0	0.884955752212	0.115044247788	0.0
kah-	0.180859778729	0.66853236113	0.0983278963157	0.0522799638249
teu-	0.144329896907	0.855670103093	0.0	0.0
noe-	0.0	1.0	0.0	0.0
put-	0.00521998508576	0.891871737509	0.0942393736018	0.00866890380313
tin-	0.578168934088	0.248679928142	0.0589321618976	0.114218975873
gaz-	0.0	0.986842105263	0.0	0.0131578947368
art-	0.161434977578	0.784753363229	0.0	0.0538116591928
raq-	0.360424028269	0.554770318021	0.0848056537102	0.0
nab-	0.428220314474	0.220330225714	0.176175272015	0.175274187796
bal-	0.120330166838	0.547930745348	0.0160949965162	0.315644091298
mip-	0.470522111792	0.351235495094	0.103803624441	0.074438768673
han-	0.0355089617856	0.899814000676	0.0469225566452	0.0177544808928
dec-	0.00985221674876	0.768472906404	0.0	0.221674876847
ayo-	0.14790977261	0.715387028548	0.0446279486323	0.09207525021
êtê-	0.201478425305	0.0928313563693	0.139247034554	0.566443183772
pub-	0.0	0.976744186047	0.0232558139535	0.0
top-	0.0	0.913043478261	0.0869565217391	0.0
tun-	0.181045250447	0.319548698935	0.0563687339105	0.443037316707
isc-	0.0664652567976	0.933534743202	0.0	0.0
lut-	0.0343279113861	0.916583338255	0.0190864490692	0.0300023012897
sop-	0.046875	0.90625	0.046875	0.0
dam-	0.0483148715531	0.921046429413	0.00565637520622	0.0249823238275
amb-	0.701932247129	0.138366846454	0.0274088974731	0.132292008944
set-	0.0	1.0	0.0	0.0
kaa-	0.0744262883326	0.427327842352	0.126121738442	0.372124130872
hag-	0.531292827775	0.329374143444	0.0804020100502	0.05893101873
huy-	0.620544426739	0.289600257825	0.0138702835909	0.0759850318456
clo-	0.0124223602484	0.950310559006	0.0	0.0372670807453
miú-	0.415426251691	0.41948579161	0.0703653585927	0.0947225981056
rom-	0.110909567726	0.741465973163	0.0749595699114	0.0726648891996
tug-	0.139534883721	0.482558139535	0.226744186047	0.151162790698
sib-	0.0239043824701	0.956972111554	0.0143426294821	0.00478087649402
tol-	0.10977586496	0.689005645297	0.105639707115	0.095578782628
yay-	0.364194062874	0.048093728954	0.0142591216884	0.573453086484
can-	0.0660169757938	0.8903646652	0.00825212197422	0.0353662370324
sus-	0.00715137067938	0.992848629321	0.0	0.0
amf-	0.0714285714286	0.928571428571	0.0	0.0
