-leh	0.165081495852	0.712731020387	0.0677665050554	0.054420978706
-iot	0.00352733686067	0.996472663139	0.0	0.0
-tim	0.567528735632	0.198275862069	0.125	0.109195402299
-eus	0.0	0.964285714286	0.0357142857143	0.0
-imá	0.0946102739926	0.0507693285671	0.0186392636499	0.83598113379
-lek	0.0955365236793	0.0984133817363	0.0351597587579	0.770890335827
-hei	0.349710982659	0.424855491329	0.104046242775	0.121387283237
-lel	0.00820304960431	0.991796950396	0.0	0.0
-ion	0.269528613856	0.152734970039	0.0421336472025	0.535602768902
-aus	0.12055389628	0.734998642411	0.0472440944882	0.0972033668205
-aur	0.25981105822	0.305537898206	0.0251980959355	0.409452947638
-aut	0.195281366452	0.656600091692	0.113557548756	0.0345609930995
-táp	0.282371924163	0.602662363856	0.0907624041952	0.0242033077854
-nsi	0.286384190253	0.421537430916	0.153073187071	0.13900519176
-mul	0.0195015108546	0.407527985118	0.072392953194	0.500577550833
-auh	0.138650926395	0.233157493259	0.0402609917406	0.587930588605
-aum	0.351024260257	0.56570254816	0.0194304113696	0.0638427802143
-aul	0.0423769692016	0.896681670499	0.0326574247355	0.0282839355641
-pla	0.878787878788	0.030303030303	0.0909090909091	0.0
-aun	0.155413211692	0.599842967027	0.107508958122	0.137234863159
-put	0.203454937552	0.170810541452	0.032252963576	0.593481557421
-pup	0.0389590285184	0.897055282259	0.0202105335581	0.0437751556641
-pur	0.75876149498	0.137501054585	0.011513259653	0.0922241907815
-pus	0.229345122962	0.736943907157	0.0138159712628	0.0198949986184
-nta	0.47144511489	0.163771560919	0.155116718474	0.209666605717
-uak	0.705505077499	0.246392303581	0.0481026189203	0.0
-uam	0.0528401277603	0.605376003936	0.0142383577797	0.327545510524
-nah	0.0693695212407	0.884440323668	0.0411328388402	0.00505731625084
-uan	0.149775168511	0.256253622028	0.260830651362	0.333140558099
-dus	0.0624710782045	0.715409532624	0.0277649236464	0.194354465525
-pua	0.674766684275	0.151347068146	0.0856958384692	0.0881904091096
-pák	0.0982331671183	0.31740851014	0.101697309032	0.48266101371
-pul	0.488260667424	0.228393945655	0.00658642421738	0.276758962703
-pal	0.270531400966	0.555555555556	0.0483091787439	0.125603864734
-pun	0.380016380016	0.36855036855	0.199017199017	0.052416052416
-puh	0.39470013947	0.591352859135	0.0	0.0139470013947
-pam	0.579829943211	0.220790134564	0.0185725840058	0.180807338219
-pra	0.0802166892384	0.843557096419	0.0668608140759	0.00936540026642
-hel	0.112852664577	0.659352142111	0.227795193312	0.0
-ará	0.203667953668	0.130146197562	0.00748340635981	0.65870244241
-nma	0.106382978723	0.382978723404	0.446808510638	0.063829787234
-pri	0.717105263158	0.171052631579	0.0394736842105	0.0723684210526
-más	0.529411764706	0.359198998748	0.0362953692115	0.0750938673342
-mát	0.11090471015	0.76303658977	0.020827465768	0.105231234312
-nmi	0.513898124751	0.286341268786	0.138582258279	0.0611783481846
-mái	0.029383222547	0.0448377363796	0.000780512174743	0.924998528899
-sis	0.0	1.0	0.0	0.0
-mák	0.27704670488	0.0621194870792	0.0116959007322	0.649137907309
-mám	0.0567451010063	0.824468487554	0.11878641144	0.0
-mán	0.0739457802521	0.799039669972	0.0258695891235	0.101144960652
-opa	0.013191929643	0.979048111743	0.00387997930677	0.00387997930678
-kih	0.0489701857986	0.905420327428	0.0220845935955	0.0235248931778
-dei	0.572814062737	0.211850280346	0.10077284437	0.114562812547
-msi	0.186320754717	0.799528301887	0.0	0.0141509433962
-dek	0.0703995524267	0.914215114924	0.00559466641801	0.00979066623153
-gki	0.0888164796781	0.893212870737	0.011404450698	0.00656619888671
-ima	0.13628297576	0.0912819325678	0.0207562151056	0.751678876566
-hra	0.491499227202	0.377897990726	0.0502318392581	0.080370942813
-des	0.0199595187226	0.921961092994	0.0477903969415	0.0102889913415
-kim	0.045654702559	0.899862911266	0.0252991026919	0.0291832834829
-imi	0.275243098078	0.194321029006	0.0858357735079	0.444600099409
-twa	0.858974358974	0.0641025641026	0.0384615384615	0.0384615384615
-rwa	0.792267912475	0.102805725189	0.0154131522022	0.0895132101345
-imo	0.0913451724842	0.718820167381	0.0898142478057	0.100020412329
-kis	0.487949723537	0.163694179726	0.0179437404279	0.330412356308
-bit	0.556665041227	0.314289830659	0.0449397109673	0.0841054171469
-les	0.49262918171	0.37111046184	0.0954841183713	0.0407762380784
-bir	0.482332155477	0.358657243816	0.0848056537102	0.0742049469964
-obo	0.0303989867004	0.960259658011	0.00569981000633	0.00364154528182
-idi	0.290431837426	0.296359017782	0.243014394581	0.170194750212
-oik	0.195652173913	0.434782608696	0.369565217391	0.0
-ida	0.0555294117647	0.873882352941	0.0310588235295	0.0395294117647
-kip	0.450468981671	0.423117266225	0.0301297943414	0.0962839577629
-bia	0.154475707971	0.42946460911	0.206410429637	0.209649253282
-bin	0.20004529498	0.197600613152	0.0118954897201	0.590458602148
-bim	0.0320445458796	0.846829349235	0.0483733859034	0.0727527189821
-tep	0.448598130841	0.439252336449	0.11214953271	0.0
-ter	0.0377358490566	0.943396226415	0.0188679245283	0.0
-uta	0.668918918919	0.246621621622	0.0844594594594	0.0
-sim	0.266479234875	0.618293660582	0.0488574696147	0.0663696349285
-ria	0.0268487737146	0.841154768739	0.00961268874914	0.122383768797
-hlo	0.168562564633	0.75904860393	0.0165460186143	0.0558428128232
-rim	0.213573225106	0.724905681948	0.0555190350977	0.00600205784842
-rik	0.0221986294759	0.504198436444	0.468391081942	0.00521185213782
-rih	0.210431654676	0.309352517986	0.437050359712	0.0431654676259
-pap	0.0935972060536	0.809545983702	0.058207217695	0.0386495925495
-rit	0.0990494488826	0.643328445748	0.230319041359	0.0273030640105
-gra	0.698771852737	0.191490428599	0.0290927551408	0.0806449635238
-ris	0.10631859819	0.357797155668	0.513712760983	0.0221714851594
-rip	0.0545086330201	0.357283250459	0.0117237356557	0.576484380865
-ten	0.0299003322259	0.970099667774	0.0	0.0
-teo	0.0704534130543	0.889985052317	0.0171400099651	0.0224215246637
-pas	0.255066127047	0.107847541636	0.0215236395982	0.615562691719
-ara	0.416444414249	0.305531182138	0.0438885605533	0.234135843059
-mes	0.106243466692	0.754632709303	0.115176280528	0.0239475434762
-mer	0.360062086775	0.512353253603	0.0990137543268	0.0285709052948
-nil	0.0336906584992	0.885145482389	0.0490045941807	0.0321592649311
-pat	0.0301805443277	0.969819455672	0.0	0.0
-lur	0.489481691623	0.418032693122	0.0603987691463	0.0320868461089
-aro	0.0537284272224	0.860631716053	0.0244220123738	0.0612178443504
-lut	0.255631570165	0.620056732855	0.0690805940264	0.0552311029535
-ari	0.507151259663	0.0505944641616	0.0216484203692	0.420605855807
-pau	0.150879576976	0.280578408638	0.480141204969	0.0884008094176
-luh	0.591111111111	0.373333333333	0.0266666666667	0.00888888888889
-aru	0.142700247999	0.14021829204	0.0225091319596	0.694572328001
-luk	0.263904174408	0.111142004881	0.312355306673	0.312598514039
-lul	0.0445686842839	0.926446511515	0.00121275331385	0.0277720508871
-lum	0.340604383351	0.215436903945	0.0208166146595	0.423142098045
-lun	0.0770145572043	0.811352349996	0.0467420921204	0.0648910006797
-mel	0.0803115113166	0.672669749331	0.210513506936	0.0365052324166
-–ái	0.4	0.55	0.05	0.0
-men	0.177437641723	0.689342403628	0.0949546485261	0.0382653061224
-meh	0.00232374401636	0.990240275131	0.00743598085236	0.0
-mek	0.0762711864406	0.881355932203	0.0423728813559	0.0
-bán	0.1529125358	0.376681509754	0.0514127005645	0.418993253881
-bál	0.216170842243	0.436751005665	0.0708825498204	0.276195602272
-rah	0.32718869032	0.289543491034	0.0846040004948	0.298663818152
-bái	0.184633710542	0.776057176891	0.0285884455033	0.0107206670637
-rai	0.885125365823	0.0409255548204	0.00408903647921	0.0698600428771
-wat	0.172000224768	0.0750655082688	0.236607507337	0.516326759626
-bát	0.0124028179138	0.913660980093	0.0526619026453	0.0212742993483
-bár	0.0	1.0	0.0	0.0
-bás	0.741794795979	0.235141927853	0.00428740390301	0.0187758722649
-mor	0.0	0.974358974359	0.025641025641	0.0
-sri	0.758088235294	0.228676470588	0.0132352941177	0.0
-ito	0.010076806301	0.962230865315	0.00441398017185	0.0232783482123
-dár	0.0518879126098	0.926027071954	0.0206601757302	0.00142483970554
-sra	0.841952634123	0.0942484291928	0.0405993233446	0.0231996133398
-ubi	0.708129250002	0.192213132674	0.0349127339123	0.064744883412
-dán	0.145865402771	0.472492933317	0.26575956222	0.115882101691
-dáh	0.271425593493	0.0681891594874	0.00945578942333	0.650929457596
-dái	0.554264872651	0.38976920955	0.0323658319797	0.0236000858185
-dák	0.313338575806	0.106015176675	0.0321811408205	0.548465106699
-dai	0.696622436671	0.198770112522	0.0442299959791	0.0603774548286
-tál	0.0735064498306	0.770832832881	0.155660717288	0.0
-tám	0.0237379762829	0.206826050267	0.0413834608416	0.728052512609
-tán	0.14256887497	0.419013469542	0.0634038630455	0.375013792443
-sut	0.0714323176169	0.795353228091	0.123774059894	0.00944039439869
-tái	0.5929042529	0.299749829429	0.0759608824198	0.0313850352513
-ták	0.391287377757	0.243034022161	0.0816184920962	0.284060107986
-sus	0.131464666404	0.835767864193	0.0303987366759	0.00236873272799
-áng	0.380140094764	0.394455833203	0.115947438565	0.109456633469
-rár	0.554373373979	0.226914771141	0.0771991669584	0.141512687921
-rás	0.0	0.970944309927	0.0121065375303	0.0169491525424
-ráp	0.574377828054	0.285397812971	0.0465214932127	0.0937028657617
-rán	0.0756827462215	0.31387391977	0.44587252271	0.164570811299
-rám	0.157857736307	0.811145906564	0.0172557039688	0.0137406531604
-rák	0.572714869308	0.292189790694	0.0503793038742	0.0847160361237
-ráh	0.240525517938	0.20422772444	0.51861209365	0.0366346639717
-rái	0.511849799938	0.373653431825	0.0874115112343	0.0270852570022
-táu	0.748791281478	0.134888262438	0.0192135061499	0.0971069499346
-umi	0.0379746835443	0.810126582278	0.0	0.151898734177
-tár	0.808597304676	0.13810287299	0.00909996966676	0.0441998526672
-tás	0.0	0.904761904762	0.0	0.0952380952381
-nak	0.157476439049	0.130740959444	0.029116375747	0.68266622576
-kia	0.00529567519859	0.968225948808	0.0211827007943	0.00529567519858
-nai	0.45067782123	0.242310114653	0.0889220943815	0.218089969735
-nan	0.211786506362	0.503107855725	0.195809501576	0.089296136337
-pán	0.213763105678	0.487735007221	0.114385846238	0.184116040863
-aki	0.563006072874	0.343370445344	0.040991902834	0.0526315789474
-nam	0.470490574194	0.475440571154	0.0336451628155	0.0204236918359
-kik	0.113952899468	0.553937705748	0.295074702456	0.0370346923272
-sir	0.447767781953	0.480341652002	0.0457362225075	0.0261543435376
-sip	0.0395484617627	0.927923263236	0.0194535295785	0.0130747454232
-kin	0.0677685568092	0.528328577074	0.360080649708	0.0438222164094
-siu	0.572675582019	0.327074666049	0.0308645537546	0.0693851981779
-sit	0.0262121346709	0.939360544444	0.0188274754397	0.0155998454454
-sik	0.119870043045	0.260598099125	0.0810901683889	0.53844168944
-kir	0.332526522949	0.318546836474	0.236727215147	0.11219942543
-sih	0.375423786779	0.0529547956467	0.0171773187122	0.554444098862
-sin	0.262622974831	0.403452335948	0.217418798442	0.116505890779
-kiu	0.139303482587	0.787935323383	0.0485074626866	0.0242537313433
-sil	0.169811320755	0.566037735849	0.188679245283	0.0754716981132
-nar	0.722151088348	0.262483994878	0.0	0.0153649167734
-nas	0.182547233454	0.719156696248	0.0341343036085	0.06416176669
-sia	0.0966435185185	0.857928240741	0.021412037037	0.0240162037037
-nat	0.116090736742	0.555051666894	0.306650053156	0.0222075432082
-nau	0.651215645305	0.20429378324	0.0712372119735	0.0732533594822
-goi	0.673949416293	0.108393063277	0.0209620895513	0.196695430879
-goh	0.0250358271319	0.883108586425	0.0669924201876	0.0248631662552
-gok	0.0757575757576	0.736363636364	0.090909090909	0.0969696969697
-mot	0.448113207547	0.551886792453	0.0	0.0
-mos	0.255876853134	0.370270633538	0.231567703187	0.142284810141
-gol	0.00908755986737	0.643129067911	0.347783372222	0.0
-gon	0.15639365783	0.776927098159	0.0209212628518	0.0457579811593
-lki	0.0	1.0	0.0	0.0
-mon	0.22033855261	0.562455406407	0.0256049945195	0.191601046463
-gos	0.531555555556	0.355111111111	0.0506666666666	0.0626666666666
-lka	0.666700579916	0.169839030022	0.0603958118612	0.1030645782
-got	0.498795180723	0.457831325301	0.0289156626506	0.0144578313253
-moi	0.489316239316	0.384615384615	0.0747863247863	0.0512820512821
-gor	0.100345442831	0.600020856209	0.229833695788	0.0698000051725
-ber	0.0	1.0	0.0	0.0
-bes	0.560853617873	0.293097699233	0.0600200066689	0.0860286762254
-eor	0.060606060606	0.939393939394	0.0	0.0
-bet	0.0220673202371	0.870205390092	0.054273679502	0.0534536101689
-eng	0.486938137445	0.17322759526	0.102392638672	0.237441628623
-bek	0.0241015068755	0.847357123122	0.128541370003	0.0
-beh	0.038560411311	0.606683804627	0.293059125964	0.0616966580977
-áte	0.334423030559	0.102664372564	0.0319031595886	0.531009437288
-ben	0.0329473318655	0.873393398899	0.0792216743732	0.0144375948624
-bel	0.0893854748603	0.905027932961	0.00558659217877	0.0
-bem	0.387096774194	0.58064516129	0.0322580645161	0.0
-sás	0.732240437159	0.207650273224	0.0327868852459	0.0273224043716
-rek	0.58840728017	0.254805935239	0.111102989548	0.0456837950442
-reh	0.480746327908	0.273124255657	0.186581976975	0.0595474394601
-rei	0.0660296843853	0.0264326689018	0.010288396366	0.897249250347
-isi	0.29381443299	0.551546391753	0.123711340206	0.0309278350515
-rem	0.296629683902	0.609168934478	0.0766171237179	0.0175842579025
-uái	0.557412275212	0.0788584303417	0.308653565319	0.0550757291275
-atá	0.336734693878	0.387755102041	0.275510204082	0.0
-uám	0.437973484849	0.28740530303	0.184659090909	0.0899621212121
-isa	0.00271452269643	0.997285477304	0.0	0.0
-uán	0.0536296974962	0.673098384979	0.248958114353	0.0243138031715
-ama	0.362445639967	0.0924112248811	0.0147672369306	0.530375898221
-uár	0.497572815534	0.473300970874	0.0291262135922	0.0
-uát	0.794117647059	0.176470588235	0.0294117647059	0.0
-lus	0.359915122691	0.561027648119	0.0433082430822	0.0357489861078
-sák	0.162854122447	0.379816382493	0.309712534002	0.147616961058
-res	0.0754400670579	0.866722548198	0.0427493713328	0.0150880134116
-isu	0.0887608978658	0.902954751667	0.00532565387195	0.00295869659553
-sán	0.109908033296	0.400103416419	0.053928642072	0.436059908213
-ret	0.134723632002	0.789558405873	0.051008376652	0.0247095854736
-reu	0.143114543115	0.776061776062	0.074646074646	0.00617760617759
-kiá	0.0	1.0	0.0	0.0
-sos	0.460312296682	0.456245933637	0.0121990891347	0.0712426805465
-hai	0.46875	0.322916666667	0.208333333333	0.0
-mas	0.282765535002	0.618746191197	0.0668383494859	0.0316499243154
-mar	0.0847898411508	0.104025115974	0.0516611217844	0.759523921091
-mau	0.0681226577067	0.812616537744	0.0755072276478	0.0437535769011
-mat	0.488839914492	0.22692590701	0.228912891243	0.0553212872551
-han	0.813404758265	0.0364998239216	0.00761647252901	0.142478945285
-mai	0.0369165114896	0.0115484849361	0.00595568476081	0.945579318814
-mah	0.103004291845	0.472103004292	0.347639484979	0.0772532188841
-has	0.0	1.0	0.0	0.0
-mam	0.0694984915008	0.0819240026367	0.00701848616537	0.841559019697
-hau	0.42579217579	0.222615175155	0.245523650082	0.106068998973
-man	0.268183007523	0.617794705935	0.086508037128	0.027514249414
-siá	0.00675080716173	0.963310830643	0.0220135016143	0.00792486058115
-uat	0.147239263804	0.852760736196	0.0	0.0
-uni	0.217160346162	0.189664391754	0.0622317596567	0.530943502427
-ung	0.185787911861	0.359916852262	0.0209876184002	0.433307617477
-una	0.360265483111	0.381763541467	0.0138415425881	0.244129432834
-pte	0.0707700686585	0.0359013300982	0.00964813786075	0.883680463383
-pta	0.542061111632	0.27507264036	0.116271440622	0.0665948073859
-pto	0.00256492465534	0.899219835417	0.0815432296677	0.0166720102597
-nir	0.540744738262	0.153264975715	0.259579060982	0.0464112250405
-dik	0.236948733765	0.0281893638391	0.00553609286413	0.729325809532
-666	0.22602739726	0.0616438356164	0.0	0.712328767123
-pti	0.640244728187	0.239906171406	0.0516299090733	0.0682191913329
-iri	0.372083001856	0.50477326969	0.0634778573323	0.0596658711217
-nla	0.294117647059	0.329768270945	0.322638146168	0.0534759358289
-ade	0.00529100529099	0.92328042328	0.00529100529102	0.0661375661375
-ada	0.225430542303	0.577325554113	0.062567455538	0.134676448046
-gan	0.185899380636	0.474990951507	0.117743347853	0.221366320004
-gam	0.021396944051	0.0240713438993	0.00370404644137	0.950827665608
-tri	0.571475660109	0.245862392006	0.0637555948788	0.118906353006
-gai	0.310048479506	0.473879829587	0.0729641055776	0.143107585329
-adi	0.197192117371	0.24117298652	0.0560697463518	0.505565149757
-lal	0.127470943257	0.387979217945	0.323906230888	0.160643607909
-gau	0.256493506493	0.547309833024	0.185064935065	0.0111317254174
-gat	0.266395579189	0.654293956139	0.0316268724151	0.0476835922567
-gas	0.427633185116	0.332117726183	0.0981420779801	0.14210701072
-gar	0.31884596237	0.293061076122	0.0684330722973	0.319659889211
-gap	0.322784810127	0.237054085155	0.373417721519	0.0667433831991
-sni	0.363779527559	0.486614173228	0.0377952755905	0.111811023622
-nor	0.0	1.0	0.0	0.0
-ini	0.492128114102	0.270102450335	0.107180564699	0.130588870864
-sem	0.0	1.0	0.0	0.0
-sel	0.0599967034779	0.890720290094	0.0293390473051	0.0199439591231
-sek	0.0	1.0	0.0	0.0
-sei	0.421102614085	0.371370020493	0.123956615185	0.0835707502374
-ina	0.0443329273157	0.0265335251711	0.00302379813077	0.926109749382
-uir	0.10106901708	0.659061568325	0.0827861315699	0.157083283025
-sea	0.065934065934	0.705494505495	0.0131868131868	0.215384615384
-ing	0.205186397068	0.222336426273	0.0585318908135	0.513945285846
-iwá	0.240506329114	0.753164556962	0.0	0.00632911392404
-uil	0.0344851937291	0.0209971281955	0.84482839791	0.0996892801657
-seu	0.24	0.76	0.0	0.0
-kna	0.461518124261	0.290809156056	0.102372504001	0.145300215682
-ses	0.0493173231487	0.936891760745	0.0072355927554	0.00655532335105
-ser	0.850332738092	0.0816984781171	0.0177336735892	0.0502351102021
-omi	0.0	0.997732915902	0.0	0.00226708409802
-sep	0.018166804294	0.966519030103	0.00645597177389	0.0088581938293
-áit	0.0519122342159	0.492718304932	0.00361979304942	0.451749667802
-kut	0.523600577684	0.354880714686	0.0983876950273	0.0231310126033
-kus	0.22344390115	0.649517642395	0.0321131227699	0.0949253336857
-kur	0.23330106486	0.743465634075	0.0116166505324	0.0116166505324
-áis	0.0434782608696	0.913043478261	0.0434782608696	0.0
-áir	0.110112683609	0.742400460848	0.102087866261	0.0453989892819
-iam	0.176821316487	0.457055711514	0.0385626226475	0.327560349351
-ial	0.414463840399	0.426932668329	0.0598503740649	0.098753117207
-ian	0.560892702253	0.290050089473	0.0722038586868	0.076853349587
-ner	0.0409978931892	0.17928695354	0.00335250511439	0.776362648157
-iah	0.0302452964991	0.959990473922	0.00833531793283	0.00142891164563
-iak	0.0509715439918	0.0759314366296	0.0260621463872	0.847034872991
-iau	0.068898580984	0.0155174635359	0.0010939570777	0.914489998402
-iat	0.104620749782	0.748910200523	0.0732345248474	0.0732345248474
-nem	0.552180317409	0.209332409646	0.0563988908265	0.182088382119
-ias	0.065230896666	0.890660592255	0.0124249326983	0.0316835783806
-iar	0.118180414084	0.0905830609331	0.03169501453	0.759541510453
-kun	0.116436534424	0.673479971077	0.0554268751512	0.154656619348
-kum	0.53680753837	0.398029002248	0.0265550513666	0.0386084080152
-tki	0.958365512884	0.0233799059187	0.0	0.0182545811978
-kuk	0.545122396785	0.41541834125	0.0306905370844	0.00876872488127
-áik	0.381625441696	0.448763250883	0.16961130742	0.0
-mte	0.296954974403	0.0768739231981	0.0320004161797	0.59417068622
-bal	0.109759062059	0.617256819835	0.157657669971	0.115326448135
-bam	0.444991124219	0.494346057616	0.0340494527766	0.0266133653887
-lar	0.193159071035	0.485214774873	0.0270970326118	0.29452912148
-bah	0.369056317446	0.194160296762	0.312991794065	0.123791591727
-sár	0.0523099135062	0.0252031265547	0.0272570344242	0.895229925515
-hok	0.579831932773	0.268907563025	0.0	0.151260504202
-hoi	0.706674650968	0.127023247467	0.093537158098	0.0727649434673
-hol	0.402447987567	0.327729996763	0.0600225509668	0.209799464703
-hom	0.571136549469	0.354047424366	0.0723630417008	0.00245298446443
-hor	0.0	1.0	0.0	0.0
-hos	0.0449105214838	0.912424483107	0.0178026599551	0.0248623354545
-kil	0.588481675393	0.218848167539	0.167539267016	0.0251308900524
-gsi	0.65715418153	0.246135552913	0.064209274673	0.0325009908839
-gni	0.417614918996	0.289761339537	0.129396251654	0.163227489813
-bat	0.360647804069	0.541078826065	0.0575921262045	0.0406812436617
-bau	0.130696987987	0.689457045564	0.113220776327	0.0666251901211
-bar	0.386911553442	0.529822491574	0.0471918863021	0.0360740686822
-bas	0.03053627928	0.950852144319	0.00983754752599	0.00877402887453
-bap	0.837837837838	0.162162162162	0.0	0.0
-ase	0.0	1.0	0.0	0.0
-asa	0.0796697560114	0.498128724481	0.359798898116	0.062402621392
-peu	0.220018309429	0.325602685383	0.439731461703	0.0146475434849
-aso	0.261739485504	0.065741118824	0.0416496529195	0.630869742752
-asi	0.300039645717	0.0680699721401	0.0166375892628	0.61525279288
-asu	0.601769911504	0.366371681416	0.0	0.0318584070796
-lsa	0.578159045647	0.302503193019	0.0774742271666	0.0418635341677
-iwa	0.0745034346084	0.886456765657	0.0300993875818	0.008940412153
-lta	0.781424168907	0.162350009835	0.0181873319782	0.0380384892794
-kuh	0.461936437546	0.443458980044	0.0620842572063	0.0325203252032
-otu	0.236455515113	0.673226422523	0.0562415324711	0.034076529893
-rat	0.285390718777	0.618341226851	0.0526518211628	0.043616233209
-rau	0.0526938683499	0.147937330929	0.776713255185	0.0226555455365
-lbá	0.372881355932	0.593220338983	0.0	0.0338983050847
-ras	0.626849603039	0.261722789183	0.06110516905	0.0503224387282
-rap	0.195652173913	0.673913043478	0.130434782609	0.0
-ran	0.420151820119	0.183769078423	0.277340134114	0.118738967343
-eri	0.0	1.0	0.0	0.0
-ral	0.0	1.0	0.0	0.0
-ram	0.279970477238	0.640935577116	0.0541416416168	0.0249523040287
-rak	0.48976109215	0.441979522184	0.0273037542662	0.0409556313993
-iwe	0.0	1.0	0.0	0.0
-ero	0.0185934932853	0.958233517342	0.00496252070517	0.0182104686676
-uiá	0.15625	0.828125	0.0	0.015625
-era	0.332318144547	0.463863183788	0.179219866464	0.0245988052009
-iwi	0.33322608793	0.162333992367	0.0607075463659	0.443732373337
-pái	0.846306724081	0.100612785691	0.0124213315667	0.0406591586618
-dos	0.517155992896	0.44408321387	0.012671527029	0.0260892662052
-kwa	0.624687586863	0.240025997979	0.0631061631684	0.07218025199
-rsá	0.10598543299	0.0354440326873	0.00764127425344	0.85092926007
-lsi	0.602211039993	0.297420453342	0.0650114190901	0.0353570875753
-swa	0.835092810145	0.0686069309268	0.0263945892411	0.0699056696869
-pos	0.326814779558	0.543699846016	0.0497071683486	0.0797782060776
-nru	0.0	0.991404011461	0.0	0.00859598853869
-pok	0.104895104895	0.895104895105	0.0	0.0
-poi	0.0772808586762	0.871198568873	0.0257602862255	0.0257602862254
-áiá	0.015829130914	0.863239451274	0.102779186359	0.018152231452
-nri	0.68550955414	0.308917197452	0.0	0.00557324840763
-nra	0.583028780265	0.403266331658	0.00513933302877	0.00856555504796
-áti	0.349030470914	0.495844875346	0.0664819944598	0.0886426592797
-ike	0.0	1.0	0.0	0.0
-ika	0.00382848392037	0.986217457887	0.00995405819295	0.0
-iko	0.0299806576402	0.964216634429	0.00580270793036	0.0
-lam	0.607637762025	0.290376445165	0.0357131178638	0.0662726749466
-lan	0.487935656836	0.222520107239	0.176943699732	0.112600536193
-nos	0.0	1.0	0.0	0.0
-lah	0.516908773286	0.263821528217	0.118342557725	0.100927140772
-lai	0.344282396956	0.132576129048	0.0321242416236	0.491017232372
-iki	0.30348759222	0.622736418511	0.0637156270959	0.0100603621731
-lak	0.419203219037	0.286643425777	0.257904504223	0.0362488509635
-lat	0.296588283268	0.357890444475	0.320239227946	0.0252820443115
-noi	0.227562106006	0.202273205355	0.0684187312122	0.501745957427
-nok	0.0705882352941	0.909803921569	0.0196078431373	0.0
-nom	0.00680173343796	0.914071353261	0.0630237284139	0.0161031848874
-non	0.037037037037	0.925925925926	0.037037037037	0.0
-las	0.457001499317	0.3588340743	0.0916269298123	0.0925374965711
-noa	0.0	1.0	0.0	0.0
-sái	0.717136280952	0.209637301852	0.0272858892972	0.0459405278984
-nái	0.134693772269	0.0639989550305	0.0208946169545	0.780412655746
-gek	0.395378098976	0.261476671876	0.296900595137	0.0462446340116
-gei	0.857142857143	0.0	0.047619047619	0.0952380952381
-ahi	0.411328723929	0.253600568418	0.207631648128	0.127439059525
-dor	0.0689655172414	0.931034482759	0.0	0.0
-gen	0.14660601235	0.227732089066	0.517614436767	0.108047461817
-bon	0.187189054726	0.791044776119	0.00870646766171	0.0130597014925
-boh	0.156525438553	0.28874803843	0.0584315045195	0.496295018497
-boi	0.693338995029	0.0674529940671	0.0299584874958	0.209249523408
-bok	0.473254759746	0.384406165005	0.0634632819583	0.078875793291
-bop	0.514602924005	0.316200678271	0.0729186514709	0.0962777462535
-bor	0.198474620847	0.717892522136	0.0492679933374	0.0343648636802
-bos	0.0428408786786	0.066524956218	0.0444858570378	0.846148308066
-don	0.0	0.995235574378	0.0	0.00476442562203
-ger	0.310699588477	0.398148148148	0.223251028807	0.0679012345679
-dol	0.185966854134	0.223353176977	0.364926109848	0.22575385904
-dom	0.2027448534	0.742981908921	0.0505302557704	0.00374298190891
-dok	0.23029366306	0.588871715611	0.171561051005	0.00927357032457
-get	0.593525621882	0.216608737811	0.155458357879	0.0344072824279
-sas	0.45756097561	0.492682926829	0.0263414634146	0.0234146341463
-sar	0.327706366972	0.609466226663	0.0134424110955	0.0493849952692
-sap	0.385764681469	0.43619008093	0.178045237601	0.0
-sau	0.131061598951	0.711664482307	0.0707732634338	0.086500655308
-sat	0.0	1.0	0.0	0.0
-gli	0.911478018699	0.048537895365	0.0	0.039984085936
-tol	0.071874125432	0.758101061718	0.157272951886	0.0127518609637
-tom	0.0714454696002	0.651289330494	0.275136030282	0.00212916962385
-tok	0.349817457683	0.359774311318	0.12213740458	0.168270826419
-toh	0.535824203527	0.393745864014	0.037237003813	0.0331929286457
-toi	0.49366004958	0.31977206144	0.101246657725	0.0853212312546
-ges	0.289261063528	0.636602357053	0.0226937090504	0.0514428703694
-tor	0.554445876289	0.257409793814	0.163015463917	0.0251288659794
-ibi	0.843999089046	0.140742427693	0.00409929401047	0.0111591892507
-top	0.384820831883	0.526543296531	0.0297279335585	0.0589079380269
-olo	0.0392567654803	0.917563287878	0.0299077466553	0.0132721999868
-sak	0.637681789301	0.180245684552	0.0277785232216	0.154294002926
-ola	0.843341981032	0.137307021648	0.0044656147663	0.0148853825543
-sai	0.528731893974	0.302454935024	0.0569592547718	0.11185391623
-sah	0.381498899719	0.490984534968	0.0760959743508	0.0514205909629
-san	0.469976203959	0.234721093386	0.226423287844	0.0688794148111
-sam	0.151293309243	0.314756738033	0.316844381617	0.217105571106
-sal	0.325019364834	0.53652207591	0.105344694036	0.0331138652208
-lon	0.116365021055	0.59573514918	0.203901980109	0.083997849655
-lol	0.108913672457	0.595833956971	0.148922776625	0.146329593947
-lom	0.084087261902	0.534432634835	0.267297718446	0.114182384818
-iel	0.0247840781074	0.948178745775	0.0202778820879	0.0067592940293
-loh	0.22747623316	0.602176273894	0.106789419648	0.0635580732974
-ros	0.313309442341	0.366861708948	0.270697090563	0.0491317581476
-hái	0.457952006918	0.390358146574	0.0508034877855	0.100886358723
-loe	0.0677966101695	0.864406779661	0.0	0.0677966101695
-hám	0.0641025641025	0.858974358974	0.051282051282	0.025641025641
-hán	0.280548220797	0.596177543066	0.0757450018861	0.0475292342512
-wel	0.0739399426588	0.777274784971	0.0931039686132	0.0556813037574
-hár	0.358003172676	0.301962358747	0.310853684808	0.0291807837684
-map	0.0787458609271	0.890831953642	0.0217301324503	0.00869205298014
-rom	0.07880154034	0.642697473467	0.237851037851	0.0406499483423
-ron	0.0970676179762	0.780700455918	0.0987699094085	0.0234620166972
-doi	0.441819175089	0.435263589183	0.102431029773	0.0204862059546
-roh	0.610022463318	0.200592649238	0.146370023419	0.0430148640253
-roi	0.600362246923	0.245459507741	0.0916534339023	0.0625248114331
-rok	0.251024861699	0.520136052567	0.181983938407	0.0468551473272
-uro	0.32208588957	0.670245398773	0.0	0.00766871165645
-ipi	0.627554458556	0.101648652676	0.0412339732193	0.229562915548
-iká	0.63829787234	0.170212765957	0.0	0.191489361702
-hal	0.162170945726	0.272830679233	0.0414364640884	0.523561910952
-ipa	0.016393442623	0.967213114754	0.00983606557377	0.00655737704918
-ham	0.059405940594	0.754455445545	0.170297029703	0.0158415841584
-ewa	0.0	1.0	0.0	0.0
-ewi	0.100117508813	0.873090481786	0.0084606345476	0.0183313748531
-hap	0.0525394045534	0.92119089317	0.0105078809107	0.015761821366
-awi	0.434618291761	0.379440665155	0.170068027211	0.015873015873
-gán	0.0758268509141	0.831421990805	0.0585478424946	0.0342033157863
-awa	0.323410954993	0.585782513367	0.0733437370935	0.0174627945461
-gák	0.223625077666	0.588889626176	0.141036236299	0.0464490598589
-gái	0.576879326595	0.225941694563	0.142578569339	0.054600409503
-gáh	0.107692307692	0.778021978022	0.0835164835164	0.0307692307692
-gáu	0.371799495132	0.328525063109	0.250991705734	0.048683736026
-gát	0.630699197554	0.17584660279	0.100045370911	0.0934088287441
-hat	0.066942592127	0.557761634612	0.0452452099634	0.330050563297
-kda	0.42769356821	0.513314215486	0.0221220811143	0.0368701351905
-pki	0.641590553922	0.287215778272	0.030511571917	0.0406820958893
-276	0.0	0.160714285714	0.0	0.839285714286
-pka	0.727710843374	0.150843373494	0.0549397590361	0.0665060240964
-til	0.069895236676	0.0755747304456	0.0269480503172	0.827581982561
-sto	0.0365853658537	0.963414634146	0.0	0.0
-ngi	0.699538127701	0.176906659405	0.0347150175547	0.0888401953397
-dot	0.0689655172414	0.896551724138	0.0344827586207	0.0
-aio	0.0109397696618	0.974080462752	0.00708134467732	0.00789842290932
-wát	0.388059701493	0.10447761194	0.507462686567	0.0
-wás	0.642221584386	0.234859357061	0.0543915040184	0.0685275545351
-wár	0.138412671701	0.207808325796	0.644944151118	0.00883485138518
-oli	0.0444444444444	0.955555555556	0.0	0.0
-iám	0.0161812297735	0.970873786408	0.0	0.0129449838188
-ank	0.214906940337	0.240563576274	0.0661854235519	0.478344059837
-ián	0.0478448291455	0.505174715057	0.0339043496628	0.413076106135
-iái	0.114285714286	0.542857142857	0.231746031746	0.111111111111
-iáu	0.0199389566714	0.0448325175578	0.00475757436258	0.930470951408
-iát	0.106523655598	0.397443432266	0.362327358213	0.133705553923
-iás	0.0138888888889	0.972222222222	0.0	0.0138888888889
-iár	0.00836820083682	0.347280334728	0.644351464435	0.0
-wán	0.176237068178	0.591727109678	0.151318065614	0.0807177565293
-ngo	0.030343537688	0.00467606379758	0.00106786423522	0.963912534279
-wák	0.0146477604147	0.64428666138	0.0093599539919	0.331705624213
-wái	0.437354405194	0.382942366289	0.0990457713486	0.0806574571683
-wáh	0.4140625	0.3046875	0.1171875	0.1640625
-iok	0.0476605131778	0.937826541275	0.00174155346569	0.0127713920817
-ioh	0.926521239954	0.0413318025258	0.0	0.0321469575201
-ois	0.0	0.950617283951	0.0493827160494	0.0
-lem	0.0148507853303	0.967230464168	0.00945605703435	0.00846269346711
-len	0.134061033952	0.545796017478	0.0862308725378	0.233912076032
-mum	0.0196078431372	0.980392156863	0.0	0.0
-lea	0.0	1.0	0.0	0.0
-kul	0.422013820336	0.354287124524	0.124277252856	0.0994218022846
-mut	0.433121019108	0.43949044586	0.0764331210191	0.0509554140127
-mus	0.0268096514745	0.536193029491	0.434316353887	0.00268096514745
-mur	0.35516056787	0.0779377260586	0.0286786086482	0.538223097423
-lep	0.267558528428	0.401337792642	0.290969899666	0.0401337792642
-esá	0.0887482085103	0.13129261797	0.0664307632066	0.713528410313
-iop	0.025	0.7625	0.2125	0.0
-let	0.0141342756184	0.689045936396	0.296819787986	0.0
-leu	0.372534696859	0.319941563185	0.124178232286	0.18334550767
-itá	0.331283583637	0.254124929666	0.105589838815	0.309001647882
-wit	0.014652014652	0.968559218559	0.00457875457876	0.01221001221
-git	0.0378436773379	0.0322038910936	0.0232324508201	0.906719980748
-gis	0.149520024857	0.696233789596	0.0780061816219	0.0762400039249
-ndi	0.106780849831	0.0822726910238	0.0398666147156	0.77107984443
-gin	0.0941757387078	0.0777315317059	0.11184730614	0.716245423447
-gim	0.0435207514135	0.0420083414194	0.0129880670814	0.901482840086
-gil	0.409317070098	0.392417021813	0.0671803161674	0.131085591922
-gun	0.201514466546	0.643557866184	0.0619801084991	0.0929475587704
-ali	0.163905177792	0.300835932626	0.102994385527	0.432264504055
-gia	0.124657534247	0.784931506849	0.0246575342466	0.0657534246575
-ala	0.264030928932	0.0540204965125	0.212295317735	0.46965325682
-rot	0.403377953463	0.435809900278	0.0934327553679	0.0673793908903
-áli	0.252631578947	0.557894736842	0.0842105263157	0.105263157895
-mla	0.56283543598	0.137798842964	0.0881717432216	0.211193977835
-lok	0.577181208054	0.38255033557	0.0268456375839	0.0134228187919
-gwa	0.666071428572	0.1125	0.0419642857143	0.179464285714
-tuá	0.127526589042	0.803921568628	0.0287312868592	0.0398205554716
-idu	0.0	0.995073891626	0.00492610837438	0.0
-ror	0.371164382885	0.5537252424	0.0483900050284	0.0267203696864
-pel	0.695652173913	0.304347826087	0.0	0.0
-pen	0.131522528441	0.790933296449	0.0493620111346	0.0281821639752
-ien	0.141176470588	0.811764705882	0.0352941176471	0.0117647058823
-pei	0.442857142857	0.371428571429	0.164285714286	0.0214285714286
-pek	0.486203061278	0.513796938722	0.0	0.0
-rki	0.590909090909	0.367768595041	0.0247933884297	0.0165289256198
-153	0.02	0.04	0.04	0.9
-eli	0.0520231213873	0.913294797688	0.0	0.0346820809249
-elo	0.0139588664845	0.967516120407	0.0134900985802	0.00503491452798
-ogo	0.208370121843	0.598490199541	0.145020307258	0.048119371358
-pes	0.255813953488	0.674418604651	0.046511627907	0.0232558139535
-ela	0.0	1.0	0.0	0.0
-kte	0.682836210488	0.0298519493025	0.00817882198367	0.279133018226
-pna	0.340206185567	0.659793814433	0.0	0.0
-hum	0.0364564345607	0.921618665695	0.0419248997448	0.0
-lám	0.461507618284	0.419406575782	0.0793905372895	0.0396952686447
-lán	0.212655364648	0.302920002388	0.23400168253	0.250422950434
-ngu	0.321472500737	0.136789815565	0.080317862633	0.461419821065
-pni	0.463420484529	0.345166706644	0.114176061406	0.0772367474214
-lái	0.242014076881	0.416982494135	0.138332430969	0.202670998015
-esu	0.0107786522748	0.720334205823	0.00322858115078	0.265658560752
-lák	0.666781500391	0.171095417745	0.00779018840945	0.154332893454
-lát	0.739657631954	0.130527817404	0.0427960057062	0.0870185449358
-láu	0.042366002834	0.902844495338	0.0115500328614	0.0432394689665
-esi	0.0550630867819	0.0950375957729	0.0560976888527	0.793801628593
-eso	0.0237094837935	0.960084033613	0.00360144057623	0.0126050420168
-lár	0.180903077375	0.308794329522	0.161669039879	0.348633553224
-lás	0.74244675582	0.121192421991	0.119644626052	0.0167161961367
-esa	0.0	1.0	0.0	0.0
-ite	0.183086642969	0.180988868104	0.125844374958	0.510080113969
-ita	0.229744465205	0.100472694525	0.0183061799051	0.651476660364
-spa	0.068376068376	0.897435897436	0.034188034188	0.0
-tir	0.61444927294	0.210680260739	0.0777202072539	0.0971502590674
-ute	0.375867740946	0.340405363963	0.0638434302601	0.21988346483
-rin	0.103309863789	0.843061130486	0.0315851812858	0.022043824439
-uda	0.282921164951	0.546196334421	0.0649635952799	0.105918905348
-geh	0.528248587571	0.311504879302	0.0508474576271	0.109399075501
-udi	0.272747497219	0.349499443826	0.132146829811	0.245606229143
-hul	0.68609590876	0.217289099277	0.0518640686594	0.0447509233036
-abu	0.420607912792	0.551517113668	0.00230364331419	0.025571330225
-hun	0.228266531003	0.728611747035	0.0135663844374	0.0295553375244
-uti	0.437738030468	0.426085872325	0.0828572723976	0.0533188248096
-tal	0.137983901878	0.379072441549	0.47911077041	0.00383288616329
-hui	0.0748375812094	0.89267866067	0.0187406296851	0.0137431284358
-wor	0.384856673922	0.349971052754	0.0167961968963	0.248376076428
-wok	0.0660792951542	0.916299559471	0.0176211453744	0.0
-aba	0.153541891406	0.629270046746	0.174038115786	0.0431499460626
-won	0.0776842554057	0.182340294797	0.103579007208	0.636396442589
-hut	0.877075133074	0.0350290572429	0.0104277530488	0.0774680566347
-lot	0.0137614678899	0.979357798165	0.0	0.00688073394495
-hus	0.257835521029	0.507098848111	0.198901687651	0.0361639432093
-gwá	0.889531914894	0.0573617021277	0.0	0.0531063829787
-kom	0.224246893392	0.66306828962	0.0518925220391	0.0607922949482
-sot	0.415094339623	0.562264150943	0.0	0.022641509434
-kon	0.0832885347034	0.522622215748	0.0428306575488	0.351258592
-tul	0.143322318865	0.125692784528	0.0677714989269	0.66321339768
-ael	0.0205716684743	0.92461471137	0.021655655689	0.033157964467
-tun	0.0296966006686	0.942191827051	0.00996889651752	0.0181426757627
-sor	0.179794520548	0.683219178082	0.126712328767	0.0102739726027
-som	0.20149311995	0.52480235295	0.135105213377	0.138599313723
-sol	0.528105374427	0.264178774501	0.125258219855	0.0824576312172
-tur	0.581103096281	0.121348940093	0.0372063641327	0.260341599493
-ori	0.59649122807	0.40350877193	0.0	0.0
-soi	0.743776899958	0.150129759658	0.0322093769466	0.0738839634377
-oro	0.150051940113	0.0725129903225	0.0241612421803	0.753273827384
-sok	0.532929312059	0.37176270063	0.0358884522513	0.0594195350599
-kor	0.725175113309	0.274824886691	0.0	0.0
-uai	0.4447719643	0.126832064194	0.281830835994	0.146565135511
-ora	0.0334075723831	0.855233853007	0.0779510022271	0.0334075723831
-soa	0.421135292798	0.32757460175	0.0336549248373	0.217635180615
-kák	0.0378317599382	0.931090757182	0.0177250970195	0.0133523858605
-kái	0.824628367924	0.0689556890928	0.00948548413164	0.0969304588515
-káh	0.286241109843	0.490297655633	0.144291275207	0.0791699593175
-kán	0.043003648739	0.169848929119	0.012459795655	0.774687626487
-kám	0.926409903714	0.0427785419532	0.00866574965612	0.0221458046768
-kra	0.527022315059	0.367296251753	0.0371313143636	0.0685501188252
-rur	0.267857142857	0.267857142857	0.142857142857	0.321428571429
-liu	0.258989871955	0.447100183115	0.0854076186042	0.208502326326
-rup	0.149818678666	0.748595144903	0.0366238275752	0.0649623488561
-lmi	0.656863472808	0.124499557274	0.0253827246775	0.193254245241
-lip	0.0101343742962	0.985286389911	0.00157645822386	0.00300277756925
-rut	0.731786657407	0.164776724934	0.0417127349482	0.0617238827109
-lis	0.0686902457921	0.420717912944	0.22872109914	0.281870742124
-lim	0.14301957455	0.315518701526	0.0660071765683	0.475454547356
-ruh	0.644741235392	0.249749582638	0.0714524207011	0.0340567612687
-lio	0.0183823529412	0.981617647059	0.0	0.0
-lih	0.161891195968	0.777022955131	0.0260231194872	0.0350627294143
-rul	0.230827879789	0.614079674693	0.0978461147468	0.0572463307707
-lik	0.0854924262535	0.408186228166	0.108601868123	0.397719477457
-kás	0.000791765637371	0.0158353127474	0.983372921615	0.0
-kár	0.0	1.0	0.0	0.0
-káp	0.24666840295	0.0457156300464	0.0171955574067	0.690420409597
-lia	0.0561497326203	0.94385026738	0.0	0.0
-ome	0.0	0.907407407407	0.0555555555555	0.037037037037
-lni	0.627450980392	0.21568627451	0.156862745098	0.0
-rer	0.0557265589461	0.0519269319179	0.00648579891442	0.885860710222
-diá	0.0168327035383	0.904843696324	0.0783236001374	0.0
-lna	0.444754826476	0.353086781119	0.0342975679906	0.167860824414
-dut	0.194851882845	0.588866945607	0.198828451883	0.0174527196653
-144	0.158078167787	0.261886980334	0.0597460791635	0.520288772716
-oda	0.189530685921	0.756317689531	0.0541516245487	0.0
-rna	0.0	0.963302752294	0.0366972477064	0.0
-rni	0.0	1.0	0.0	0.0
-uri	0.0283906344472	0.0138771007816	0.00263324767405	0.955099017097
-hni	0.679523424879	0.214891530118	0.0683706438957	0.0372144011078
-iut	0.385415753965	0.369534741085	0.0670288267765	0.178020678174
-lwa	0.792516214621	0.100977987477	0.0372209913233	0.0692848065792
-ura	0.573519002413	0.177376582165	0.0472300272718	0.20187438815
ALL	0.225018188324	0.293880396304	0.0554556643971	0.425645750974
-gta	0.46613851265	0.278303092257	0.159979555328	0.0955788397649
-loi	0.3	0.575657894737	0.0789473684211	0.0453947368421
-uru	0.296610169492	0.451271186441	0.0699152542373	0.182203389831
-pah	0.610993751347	0.308831815407	0.0151709637854	0.0650034694606
-dur	0.181878858668	0.38639523889	0.379331442238	0.0523944602036
-pak	0.0559639838244	0.901001239324	0.0392807019068	0.00375407494506
-was	0.421752207419	0.348238539949	0.211493302062	0.0185159505696
-war	0.698955594237	0.145735343135	0.0405540535536	0.114755009074
-pan	0.338347078103	0.570425341342	0.0421839409733	0.0490436395815
