kud-	0.116836855854	0.0474946568511	0.0652259954088	0.770442491886
ig--	0.312570742971	0.315295762213	0.0530855254222	0.319047969394
sin-	0.0756314662077	0.076975746421	0.0716111889342	0.775781598437
šab-	0.0	1.0	0.0	0.0
sqs-	0.58749405611	0.0597631089785	0.0144814766783	0.338261358233
iḥr-	0.242315369262	0.299401197605	0.312175648703	0.146107784431
utn-	0.456945936269	0.479502327247	0.0232724668815	0.0402792696026
iḍf-	0.628047976802	0.224770440666	0.0496463248539	0.0975352576777
rju-	0.934545454545	0.0327272727272	0.0	0.0327272727273
th̬-	0.38707284722	0.353930329156	0.134995985898	0.124000837726
inb-	0.345361647773	0.473574964075	0.147533131087	0.0335302570652
d-ḍ-	0.0	1.0	0.0	0.0
myu-	0.288659793814	0.216494845361	0.474226804124	0.020618556701
frd-	0.173098232858	0.206360932366	0.0612375823791	0.559303252396
rfu-	0.707679603633	0.156895127993	0.0726672171759	0.0627580511974
imj-	0.114216853086	0.819757941157	0.0371930426737	0.0288321630838
hat-	0.444683188337	0.0417720316253	0.00670112802322	0.506843652015
ihl-	0.741945382019	0.167842896594	0.0110463332311	0.0791653881558
aya-	0.31439555004	0.0711143122435	0.0620460442393	0.552444093477
tib-	0.123674911661	0.740345784957	0.113263503281	0.022715800101
swa-	0.543119530823	0.11977819235	0.0535348017439	0.283567475083
qur-	0.0	1.0	0.0	0.0
tty-	0.503645993477	0.300100381631	0.0850500702369	0.111203554655
abr-	0.0825588599752	0.70988228005	0.207558859975	0.0
tzu-	0.0601051840721	0.338842975207	0.022539444027	0.578512396694
tmġ-	0.5	0.467391304348	0.0326086956522	0.0
naw-	0.588387170807	0.346740107484	0.0184175798956	0.0464551418134
tnt-	0.605769230769	0.336538461538	0.0144230769231	0.0432692307692
ġ-d-	0.116045472177	0.28951681102	0.0268091510358	0.567628565767
ršq-	0.164813603663	0.835186396337	0.0	0.0
yiẓ-	0.548339483395	0.0929889298893	0.30110701107	0.0575645756457
ġ-ḍ-	0.104166666667	0.777777777778	0.0763888888889	0.0416666666667
iʷġ-	0.0	0.157564124934	0.690978886756	0.151456988309
ṣba-	0.0499675535366	0.723556132382	0.0369889682025	0.189487345879
lġr-	0.120738636364	0.84375	0.0213068181818	0.0142045454545
s-j-	0.260399547131	0.179723165699	0.162156239728	0.397721047442
iqq-	0.249672789051	0.0859156272481	0.0553484904957	0.609063093205
asġ-	0.20445572476	0.73209249859	0.0296108291032	0.0338409475465
gug-	0.159292035398	0.787610619469	0.0	0.0530973451327
nth-	0.617903930131	0.2903930131	0.0524017467249	0.0393013100437
asi-	0.500690143839	0.299125628853	0.0343229646426	0.165861262666
ġak-	0.120960259384	0.0293947660923	0.00143444637011	0.848210528153
irh-	0.337275514674	0.203241349102	0.459483136224	0.0
tjj-	0.437674136887	0.165172622653	0.0257419745609	0.371411265899
n-k-	0.0608630979924	0.389320394884	0.0302355203844	0.519580986739
amu-	0.177967023575	0.705092542231	0.0287183950023	0.0882220391925
f-d-	0.169096607167	0.677885270473	0.0437389290094	0.109279193351
mus-	0.18089874727	0.807723250201	0.000344787955407	0.011033214573
mmu-	0.195977415242	0.0961413368719	0.645643067156	0.0622381807301
trj-	0.820895522388	0.0223880597015	0.0	0.15671641791
s-t-	0.19728603121	0.481003647753	0.0466531551668	0.27505716587
lju-	0.169519235682	0.417411740663	0.413069023655	0.0
iġu-	0.153287411551	0.20154282175	0.559545036506	0.0856247301939
inġ-	0.568445697358	0.277939700894	0.0446748530747	0.108939748674
ddl-	0.161290322581	0.453405017921	0.385304659498	0.0
aki-	0.0	0.993534482759	0.0	0.00646551724138
udm-	0.18008295838	0.585489313836	0.0420064679415	0.192421259842
uni-	0.00879120879122	0.978021978022	0.0	0.0131868131868
ṣṣḍ-	0.309012875537	0.690987124463	0.0	0.0
ljd-	0.163328882955	0.313306631064	0.469959946596	0.0534045393858
yaq-	0.53105518356	0.33733548834	0.117755714616	0.0138536134842
ith-	0.835329341317	0.137724550898	0.0179640718562	0.00898203592812
alw-	0.459119496855	0.169811320755	0.37106918239	0.0
lmḥ-	0.0727389352148	0.726555484285	0.107761385503	0.0929441949968
fln-	0.606290625309	0.114207250815	0.040798182357	0.238703941519
tḍu-	0.27182320442	0.37679558011	0.198895027624	0.152486187845
lwa-	0.00675675675677	0.929054054054	0.0641891891892	0.0
nnġ-	0.970588235294	0.0	0.0294117647059	0.0
ḍḍm-	0.0444444444444	0.955555555556	0.0	0.0
bda-	0.496551724138	0.4	0.0206896551724	0.0827586206897
adi-	0.108100362988	0.703559829332	0.15825001592	0.0300897917595
šqu-	0.196078431373	0.297577854671	0.452518262207	0.0538254517493
ġ-r-	0.150889039841	0.552897777214	0.0175274652474	0.278685717698
iṣf-	0.0886981402003	0.155937052933	0.52519472262	0.230170084247
nuj-	0.221606648199	0.0997229916897	0.612188365651	0.0664819944598
n-w-	0.111828267819	0.503003534262	0.0260995191729	0.359068678746
lfn-	0.0879765395895	0.91202346041	0.0	0.0
a-u-	0.496355676664	0.276128768926	0.0890507896163	0.138464764794
i-w-	0.222764883837	0.303835814082	0.0307256832046	0.442673618876
win-	0.234236853431	0.114186021157	0.0831819517397	0.568395173672
lqm-	0.0625	0.78125	0.15625	0.0
tʷġ-	0.242909090909	0.153939393939	0.0562424242424	0.546909090909
agm-	0.0966767371601	0.90332326284	0.0	0.0
wan-	0.0824408834204	0.182251917403	0.0156122231736	0.719694976003
lhm-	0.88589540412	0.0665610142631	0.0316957210776	0.0158478605389
f-ṭ-	0.449704142012	0.343195266272	0.0295857988165	0.177514792899
ušk-	0.760597333816	0.0643230395745	0.0251244209937	0.149955205616
nni-	0.352951957507	0.113619223785	0.0220381149558	0.511390703752
tql-	0.489361702128	0.0255319148936	0.0	0.485106382979
bun-	0.0	1.0	0.0	0.0
ili-	0.25499950642	0.433188014194	0.0147844432762	0.29702803611
igg-	0.150760469318	0.0878647623848	0.296813557642	0.464561210655
gat-	0.326971552034	0.404033129276	0.126035289881	0.142960028808
nut-	0.74528575573	0.230345227734	0.0	0.0243690165361
ttf-	0.710992116615	0.203480589023	0.024542614904	0.0609846794586
tba-	0.431525810129	0.312001302719	0.0757205666829	0.180752320469
trḍ-	0.832298136646	0.167701863354	0.0	0.0
saf-	0.413043478261	0.29347826087	0.0	0.29347826087
abi-	0.0866783613662	0.852646785677	0.0520070168197	0.00866783613661
iẓu-	0.361660079051	0.53162055336	0.0474308300395	0.0592885375494
tni-	0.134078212291	0.0	0.865921787709	0.0
ban-	0.348993288591	0.220517737296	0.0958772770854	0.334611697028
tth-	0.453377110694	0.37698561601	0.0229831144465	0.146654158849
ḍiḍ-	0.305486284289	0.283042394015	0.0	0.411471321696
rru-	0.0403985885028	0.852614663706	0.0137183466019	0.0932684011891
šši-	0.144666666667	0.617333333333	0.163333333333	0.0746666666666
arq-	0.0856225472708	0.745272921869	0.0317516946129	0.137352836247
sid-	0.0258766439823	0.792820764185	0.00607065495122	0.175231936881
ġil-	0.149765303537	0.0161427726763	0.00466979595284	0.829422127834
adu-	0.0735483870967	0.726451612903	0.0606451612903	0.13935483871
i-ṣ-	0.281827016521	0.455782312925	0.0291545189504	0.233236151603
imu-	0.283548930376	0.255186870678	0.146199878167	0.31506432078
nsf-	0.567774184064	0.0314613349015	0.00470449867686	0.396059982358
luq-	0.0870535714285	0.661670918367	0.112882653061	0.138392857143
azb-	0.0215827338129	0.913669064748	0.0431654676259	0.0215827338129
itẓ-	0.088	0.384	0.48	0.048
yaš-	0.508846426044	0.132696390658	0.0177969276883	0.34066025561
imm-	0.121995494839	0.028838312188	0.0168860939403	0.832280099032
lɛa-	0.212509167551	0.45770821911	0.135572945223	0.194209668117
a-i-	0.527263682204	0.178079047971	0.0560920139141	0.23856525591
afġ-	0.743919946799	0.178900980971	0.00959993378373	0.0675791384462
iša-	0.0371455632511	0.954270999822	0.0068075534245	0.00177588350204
iḍg-	0.149606299213	0.692913385827	0.102362204724	0.0551181102362
yim-	0.693121693122	0.164021164021	0.0634920634921	0.0793650793651
ḥak-	0.0	1.0	0.0	0.0
tzd-	0.444132397192	0.316950852558	0.0854563691073	0.153460381143
nfh-	0.0392156862745	0.0980392156863	0.0	0.862745098039
ḥka-	0.705673758865	0.124113475177	0.141843971631	0.0283687943262
ina-	0.120786516854	0.718368343918	0.0117244748412	0.149120664387
i-š-	0.440434613892	0.464493597206	0.023282887078	0.0717889018238
brr-	0.124444444444	0.614222222222	0.160296296296	0.101037037037
imk-	0.395158783034	0.545147679325	0.0111925383078	0.0485009993337
jdd-	0.0244051250762	0.829164124466	0.146430750458	0.0
iẓi-	0.476536682089	0.378056840714	0.0555188367482	0.0898876404495
trw-	0.150677759032	0.201815114317	0.0366513467916	0.610855779859
ġ-s-	0.127669295069	0.590476835088	0.0550780060239	0.226775863819
isw-	0.262428984663	0.483026554013	0.0443390631178	0.210205398206
ang-	0.232935560859	0.59522673031	0.0658711217184	0.105966587112
ml--	0.199929495896	0.087122928942	0.0135972201239	0.699350355039
tzz-	0.52495780082	0.275982638052	0.0784904750422	0.120569086086
ma--	0.324314918507	0.263735611281	0.120504196298	0.291445273915
tng-	0.535579982644	0.245733294764	0.200462829043	0.0182238935493
sfa-	0.445171849427	0.135842880524	0.229132569558	0.189852700491
tnu-	0.281089617055	0.482431898934	0.222660876431	0.0138176075799
awr-	0.200267022697	0.576602136182	0.203104138852	0.0200267022697
zab-	0.03300330033	0.907590759076	0.0	0.0594059405941
zwu-	0.428957138036	0.196422544718	0.0303746203173	0.344245696929
daw-	0.017593397046	0.928974804518	0.0	0.0534317984362
s-ġ-	0.19904114577	0.21792693288	0.0334992110693	0.54953271028
lɛs-	0.104109589041	0.780821917808	0.0	0.115068493151
aqʷ-	0.119230769231	0.880769230769	0.0	0.0
kki-	0.334146098726	0.11810808121	0.0243829617834	0.52336285828
aɛs-	0.0309278350515	0.958762886598	0.0103092783505	0.0
jal-	0.112426035503	0.887573964497	0.0	0.0
ksu-	0.236002769444	0.0846295868913	0.451234710362	0.228132933303
yat-	0.102350258854	0.350557046265	0.0328875188795	0.514205176001
s-k-	0.191165787562	0.162060579262	0.0982281039765	0.5485455292
ṭṭm-	0.456221198157	0.248847926267	0.294930875576	0.0
s-ṣ-	0.194738957065	0.150644493215	0.0511576149115	0.603458934809
ity-	0.552131923849	0.208913310268	0.0481201779233	0.19083458796
tḍf-	0.635912101144	0.257224563516	0.00903070439496	0.0978326309452
tga-	0.47288656634	0.0517457051556	0.013272518155	0.462095210349
tʷg-	0.235102631341	0.0867167013292	0.488290080478	0.189890586852
mjj-	0.688524590164	0.237704918033	0.0	0.0737704918032
n-j-	0.00335796455687	0.981854076145	0.00742626776999	0.00736169152852
idl-	0.780711825488	0.183409873708	0.0229621125143	0.0129161882893
tšq-	0.465818759936	0.391891891892	0.0930047694754	0.0492845786963
hay-	0.130644141348	0.683968695067	0.0410166561273	0.144370507458
tgr-	0.547172235234	0.157451602384	0.107220855197	0.188155307185
lkʷ-	0.139805825243	0.860194174757	0.0	0.0
ran-	0.311256671519	0.0611353711791	0.00436681222707	0.623241145075
ayn-	0.23164285308	0.229705704401	0.0247744044018	0.513877038117
trk-	0.51724137931	0.465517241379	0.0	0.0172413793103
s-u-	0.181116023554	0.467892194797	0.0937831679401	0.257208613709
agr-	0.0133615410311	0.978287495825	0.00501057788666	0.00334038525777
gik-	0.25826446281	0.192148760331	0.0185950413223	0.530991735537
n-d-	0.0544865575433	0.665632078695	0.0484240745713	0.23145728919
ɛaw-	0.811093871218	0.123739332816	0.0170674941815	0.0480993017844
iġr-	0.49083640681	0.358750568383	0.0490830091446	0.101330015662
zri-	0.224251539894	0.164016616531	0.0355966193955	0.57613522418
tḥk-	0.18813559322	0.771186440678	0.0381355932203	0.00254237288136
ɛla-	0.74154589372	0.176328502415	0.0386473429952	0.0434782608696
arṭ-	0.0412287793048	0.903799514956	0.0549717057397	0.0
ẓẓa-	0.484357723577	0.348292682927	0.115056910569	0.0522926829268
adġ-	0.0919165580182	0.859191655802	0.0136897001304	0.0352020860495
ddm-	0.96043956044	0.0395604395604	0.0	0.0
hiy-	0.0522875816993	0.259259259259	0.570806100218	0.117647058823
tkk-	0.390754092273	0.260141721076	0.0199585357552	0.329145650896
aẓu-	0.387185104053	0.589813800657	0.0	0.0230010952902
aḥl-	0.162689804772	0.837310195228	0.0	0.0
taṣ-	0.0	1.0	0.0	0.0
zzi-	0.0987861256049	0.834031739166	0.0624509989456	0.00473113628376
ng--	0.0	0.172413793103	0.0459770114943	0.781609195402
nkk-	0.0790218299368	0.026292251366	0.000975498616849	0.89371042008
kiy-	0.0578778575267	0.0156759661426	0.00092412900841	0.925522047322
hlk-	0.221739130435	0.680434782609	0.0978260869566	0.0
ull-	0.0623571195297	0.865345362508	0.0545395166558	0.0177580013063
yan-	0.120079262852	0.335638532937	0.0229451602244	0.521337043986
amɛ-	0.0	0.98125	0.0	0.01875
itk-	0.726486184761	0.147920736813	0.0837287189506	0.0418643594753
i-t-	0.19874499859	0.645001258035	0.0794764480614	0.076777295313
lul-	0.368773234201	0.343866171004	0.0728624535316	0.214498141264
ġwi-	0.126262748932	0.131153747738	0.0235676884354	0.719015814895
mkn-	0.255243371587	0.149188761377	0.435298773249	0.160269093787
tsk-	0.302948616366	0.247953534604	0.0596489890144	0.389448860016
ibl-	0.0260369250938	0.730891081898	0.120716652707	0.122355340301
kay-	0.685393258427	0.101123595506	0.179775280899	0.0337078651685
amn-	0.455186672514	0.402138654842	0.0516373381407	0.0910373345029
lql-	0.509656652361	0.490343347639	0.0	0.0
50.-	0.101694915254	0.533898305085	0.0169491525424	0.347457627119
ḥuw-	0.0597893138464	0.940210686154	0.0	0.0
ljn-	0.0194189149125	0.754521197747	0.0925733768159	0.133486510525
ġ-a-	0.300023846564	0.462225906453	0.143906067247	0.0938441797349
d-u-	0.153445367624	0.727934300658	0.0460187708144	0.0726015609038
imy-	0.31378600823	0.308641975309	0.161522633745	0.216049382716
ssk-	0.370198825124	0.519656574785	0.0389742431089	0.0711703569815
lhn-	0.705801735953	0.19826404751	0.0	0.0959342165372
ḥaz-	0.0	1.0	0.0	0.0
iɛr-	0.666666666667	0.333333333333	0.0	0.0
umẓ-	0.563991636023	0.263176869277	0.0508327925589	0.121998702141
ilh-	0.524654832347	0.372781065089	0.0828402366864	0.0197238658777
nra-	0.384990980483	0.0360780696877	0.0224063801218	0.556524569708
nuw-	0.775675675676	0.118918918919	0.0324324324324	0.072972972973
aḥb-	0.0274809160305	0.96641221374	0.0030534351145	0.0030534351145
nnj-	0.278560250391	0.179968701095	0.150234741784	0.391236306729
iḥb-	0.00750443443853	0.820575794788	0.171919770774	0.0
ḍḍɛ-	0.0190476190476	0.247619047619	0.733333333333	0.0
irġ-	0.476868327402	0.480427046263	0.0427046263345	0.0
mlġ-	0.695258019526	0.117852161785	0.0767085076709	0.110181311018
ḍfa-	0.642663779101	0.167839740119	0.0324851109908	0.157011369789
d-k-	0.141952605541	0.192364386367	0.0650094471608	0.600673560931
isf-	0.637283047099	0.152099775216	0.0305887686135	0.180028409071
agʷ-	0.345477630603	0.31104761931	0.0439093036276	0.299565446459
tti-	0.401658487759	0.284688529604	0.0883982316878	0.225254750949
igr-	0.49781762416	0.349219456569	0.00884746962368	0.144115449648
liz-	0.454545454545	0.413223140496	0.0661157024793	0.0661157024793
nṣb-	0.0687022900763	0.801526717557	0.0687022900763	0.0610687022901
lwr-	0.171625544267	0.66618287373	0.00253991291728	0.159651669086
nsw-	0.113636363636	0.795454545454	0.0909090909091	0.0
imz-	0.20273870978	0.585531412745	0.0654784686054	0.14625140887
yaḍ-	0.0422056587855	0.0780581120015	0.201327407822	0.678408821391
aza-	0.0077519379845	0.966085271318	0.0	0.0261627906976
afh-	0.229330114665	0.625829812915	0.0	0.14484007242
laẓ-	0.0578767332478	0.0882658359294	0.775975810885	0.0778816199377
a-n-	0.502001563069	0.184233290975	0.0620653585413	0.251699787415
tġr-	0.501587301587	0.406349206349	0.0412698412698	0.0507936507937
tft-	0.513675213675	0.0999999999999	0.00512820512821	0.381196581197
saġ-	0.872767857143	0.127232142857	0.0	0.0
ttḍ-	0.563195146613	0.264914054601	0.121334681496	0.0505561172902
da--	0.353972356445	0.260197775031	0.162346580764	0.22348328776
ssy-	0.862595419847	0.117775354417	0.0	0.0196292257361
tlh-	0.433121019108	0.433121019108	0.101910828026	0.0318471337579
bki-	0.411304928034	0.447145172052	0.0643408635974	0.0772090363168
itġ-	0.336363636364	0.587272727273	0.0763636363636	0.0
mdd-	0.110770590184	0.355238761459	0.0106255292515	0.523365119105
di--	0.317073170732	0.463414634146	0.146341463415	0.0731707317073
tšb-	0.541033434651	0.130699088146	0.127659574468	0.200607902735
imh-	0.0655131264917	0.913404932379	0.00119331742244	0.0198886237072
ḍrn-	0.476788749292	0.305928616656	0.0213283567168	0.195954277335
ṣṣb-	0.0596302921884	0.722122838402	0.175313059034	0.0429338103757
lih-	0.262449528937	0.35397039031	0.275908479139	0.107671601615
tbz-	0.396694214876	0.553719008265	0.0495867768595	0.0
anf-	0.296630236794	0.274043715847	0.388342440801	0.0409836065574
rka-	0.20656779661	0.398305084746	0.299788135593	0.0953389830508
ġr--	0.729118597139	0.197046608214	0.0	0.0738347946471
ish-	0.00744878957169	0.992551210428	0.0	0.0
wrt-	0.238347457627	0.376059322034	0.385593220339	0.0
awa-	0.182822574448	0.351426795107	0.0157733334265	0.449977297018
i-ġ-	0.339974743932	0.331368972452	0.063701417146	0.26495486647
nay-	0.0	0.961538461538	0.0	0.0384615384615
tnr-	0.641692233167	0.237203294042	0.0500565154206	0.0710479573712
abf-	0.0	1.0	0.0	0.0
fkġ-	0.603828857303	0.201477360978	0.0505698134335	0.144123968285
tan-	0.1497399013	0.688093564864	0.0695517665118	0.0926147673245
lɛr-	0.0385471102602	0.921094841414	0.00413928700782	0.0362187613184
dbb-	0.524390243903	0.414634146341	0.060975609756	0.0
nsk-	0.244384862204	0.160916003692	0.0217572853941	0.57294184871
iwr-	0.422892868429	0.0749320930796	0.0375337013306	0.464641337161
l-l-	0.0824112690302	0.651709599454	0.122656617285	0.143222514231
niw-	0.354838709677	0.0	0.435483870968	0.209677419355
tgn-	0.539319361661	0.253028263795	0.00576812151511	0.201884253028
bḍu-	0.524070021882	0.32932166302	0.0229759299781	0.12363238512
ḥta-	0.332110091743	0.36968488233	0.140725967292	0.157479058636
220-	0.0	0.610169491525	0.0	0.389830508475
s-d-	0.180734870084	0.12694793624	0.0165230350548	0.675794158621
ḥḍi-	0.455696202532	0.453164556962	0.0455696202532	0.0455696202532
fki-	0.597466666667	0.189866666667	0.0566666666667	0.156
uja-	0.230071779373	0.166603702304	0.526256139025	0.0770683792973
ntn-	0.0930698597929	0.043027271864	0.00582483818713	0.858078030156
ffi-	0.558169397073	0.370451188398	0.039655230294	0.0317241842353
nak-	0.40899795501	0.550102249489	0.040899795501	0.0
bḥr-	0.278814058512	0.381994894954	0.0893383074809	0.249852739054
urġ-	0.0393476127361	0.857958052146	0.0771978105365	0.0254965245809
ṣad-	0.0	1.0	0.0	0.0
tmn-	0.690668939071	0.260332339156	0.0191734128675	0.029825308905
išš-	0.620459950219	0.241319254262	0.0416409559532	0.0965798395651
tdl-	0.559414444693	0.334901785047	0.0519082829188	0.0537754873404
lbh-	0.167060013486	0.424983142279	0.345583277141	0.0623735670937
tsġ-	0.593712336323	0.277592793087	0.0386084611771	0.0900864094131
anẓ-	0.0526777875329	0.915715539947	0.0	0.0316066725197
tjh-	0.111961165917	0.531373733307	0.242131400577	0.114533700199
ask-	0.55937572433	0.375724329753	0.00463571042262	0.0602642354941
tin-	0.292175018975	0.238072000886	0.0617305661412	0.408022413998
aḍr-	0.0264317180617	0.167400881057	0.726872246696	0.079295154185
han-	0.440666666667	0.0424444444444	0.0261414141414	0.490747474748
ddn-	0.127969969178	0.696425470121	0.0450008962654	0.130603664435
trh-	0.0684380032206	0.227053140097	0.704508856683	0.0
uġi-	0.370498614959	0.531163434903	0.056786703601	0.0415512465374
ags-	0.363636363636	0.558441558442	0.0	0.0779220779221
tun-	0.185185185185	0.643097643098	0.060606060606	0.111111111111
f-f-	0.0	1.0	0.0	0.0
iqṣ-	0.458305713907	0.235715232666	0.0347341906403	0.271244862787
n-g-	0.0383671597294	0.909941520468	0.0168558651531	0.0348354546497
akk-	0.395925892344	0.503128116783	0.0489618279083	0.0519841629643
tẓr-	0.635503340415	0.118605826442	0.0231926662372	0.222698166906
aġʷ-	0.0169003410383	0.953088291019	0.00682076544145	0.023190602501
aqq-	0.0694444444445	0.868827160494	0.0617283950617	0.0
amġ-	0.0290556900726	0.753026634383	0.174334140436	0.043583535109
fll-	0.0849634136441	0.0260910899663	0.00801852437972	0.88092697201
tẓa-	0.0987930263746	0.123379526151	0.126061689763	0.651765757711
qam-	0.308973279762	0.288720664354	0.0718801678796	0.330425888005
nġn-	0.722471705083	0.0809437128094	0.00841170161157	0.188172880496
nmẓ-	0.170212765957	0.446808510638	0.212765957447	0.170212765957
tiḍ-	0.457896638959	0.433682688833	0.0867365377665	0.0216841344416
lġl-	0.0952309247747	0.810334071891	0.019360251253	0.0750747520812
a-y-	0.573284868785	0.211253101409	0.0697327950403	0.145729234766
mak-	0.164383561644	0.753424657534	0.0	0.0821917808219
ijr-	0.497510040161	0.210682730924	0.0379116465863	0.253895582329
miy-	0.0237020316027	0.00395033860046	0.0279345372461	0.944413092551
h̬t-	0.187744967269	0.171106687735	0.076907923088	0.564240421908
yun-	0.0	0.996976328975	0.0	0.00302367102459
ġzz-	0.0902255639098	0.437969924812	0.449248120301	0.0225563909774
itj-	0.0400259803524	0.371546101594	0.287434710833	0.30099320722
may-	0.166732801045	0.114505195842	0.0120416131411	0.706720389972
tmr-	0.186567164179	0.35447761194	0.10447761194	0.35447761194
izi-	0.273851590106	0.440518256773	0.0706713780919	0.214958775029
i-u-	0.179878761156	0.618287441168	0.0867593644159	0.11507443326
fsi-	0.384341548419	0.414214588001	0.10211600697	0.0993278566094
tsj-	0.339285714286	0.607142857143	0.0	0.0535714285714
ara-	0.74556463992	0.209193071467	0.0262970802566	0.0189452083569
kiġ-	0.719576719577	0.181216931217	0.0396825396825	0.0595238095238
iġa-	0.690208099982	0.160348994871	0.0209279019041	0.128515003242
n-q-	0.0457255570001	0.942574079885	0.0040346079706	0.00766575514412
ljy-	0.112554112554	0.887445887446	0.0	0.0
ġ-š-	0.0746799125263	0.829268191216	0.0523705124312	0.0436813838263
ḍaḍ-	0.889705882353	0.0661764705882	0.0220588235294	0.0220588235294
tɛa-	0.565121412804	0.312494481236	0.0116556291391	0.110728476821
kfn-	0.0852713178294	0.77519379845	0.093023255814	0.046511627907
zɛm-	0.327265399342	0.346409619131	0.157990192786	0.168334788742
wah-	0.141075108046	0.0558633791965	0.0341591844553	0.768902328302
d-t-	0.0968019482229	0.741490438636	0.0690181119145	0.0926895012267
ġ-f-	0.261627906977	0.46511627907	0.220930232558	0.0523255813953
iɛs-	0.127386868951	0.698404394455	0.00549306827099	0.168715668323
ind-	0.706563706564	0.108108108108	0.092664092664	0.0926640926641
i-k-	0.115060867406	0.138316200094	0.0289928552582	0.717630077242
išq-	0.167561349693	0.187755623722	0.408231083845	0.23645194274
tḥḍ-	0.616081290038	0.163684559311	0.12966644577	0.0905677048818
zzɛ-	0.503728718165	0.387927395526	0.0661319825524	0.0422119037569
alu-	0.0	0.970873786408	0.0	0.0291262135922
ilk-	0.440350577007	0.248350729101	0.0428525257134	0.268446168178
nls-	0.422535211268	0.492957746479	0.0	0.0845070422535
twr-	0.320745431603	0.0851514071823	0.0194979931142	0.5746051681
qum-	0.0	0.846153846154	0.0	0.153846153846
iga-	0.499088406371	0.0479607095819	0.0138685731079	0.439082310939
izr-	0.347820009123	0.112428081637	0.0496770111391	0.4900748981
sġn-	0.352154531947	0.601783060921	0.0282317979197	0.0178306092125
nnk-	0.386363636364	0.0909090909091	0.25	0.272727272727
lku-	0.309949892627	0.647100930566	0.00858983536153	0.034359341446
imḍ-	0.170918157092	0.740377482898	0.0411068985412	0.0475974614687
bur-	0.328767123288	0.671232876712	0.0	0.0
nzr-	0.031185031185	0.609147609148	0.130977130977	0.22869022869
d-j-	0.0681818181818	0.693181818182	0.0	0.238636363636
isg-	0.051899980311	0.936286670604	0.00354400472534	0.00826934435914
bah-	0.275924174593	0.0295012862432	0.0822098206361	0.612364718527
nẓẓ-	0.640176600442	0.359823399558	0.0	0.0
srn-	0.119418483904	0.0301142263759	0.01246105919	0.83800623053
nṣa-	0.432551319648	0.479472140762	0.0439882697947	0.0439882697947
dyi-	0.26455026455	0.73544973545	0.0	0.0
ašk-	0.256058363409	0.012529970077	0.00093103386073	0.730480632653
alg-	0.0117531831538	0.966699314398	0.00979431929481	0.0117531831538
rrw-	0.0289855072464	0.971014492754	0.0	0.0
igʷ-	0.0555555555556	0.888888888889	0.0555555555556	0.0
luw-	0.160085378869	0.839914621131	0.0	0.0
rra-	0.259984338293	0.653876272514	0.0156617071261	0.0704776820672
šbɛ-	0.69468636245	0.0449946784941	0.0660943459518	0.194224613104
iki-	0.0992787441663	0.900721255834	0.0	0.0
lḥu-	0.388217965202	0.378183948829	0.0467114793053	0.186886606663
aqš-	0.0354838709677	0.809677419355	0.154838709677	0.0
yik-	0.440186915888	0.142056074766	0.38691588785	0.0308411214953
itḥ-	0.347443904696	0.470275271802	0.154059680777	0.028221142725
tfu-	0.205113139896	0.469869535087	0.117267769442	0.207749555576
ttɛ-	0.695739927745	0.135212519564	0.118222395632	0.0508251570592
grn-	0.537093898574	0.373019017433	0.0118858954041	0.0780011885896
tru-	0.196124046291	0.659878161781	0.019399483469	0.12459830846
n-š-	0.0264864277434	0.861880554482	0.0600125579598	0.0516204598146
tbu-	0.0854402789887	0.0447544318512	0.86980528916	0.0
inm-	0.0526685393258	0.794317720319	0.029232096927	0.123781643428
lsa-	0.526740665994	0.199798183653	0.0554994954591	0.217961654894
iqu-	0.450292397661	0.105263157895	0.444444444444	0.0
nġl-	0.251450676983	0.47001934236	0.0	0.278529980658
bid-	0.747072293098	0.151128557409	0.0122996401701	0.0894995093229
tḥu-	0.228295819936	0.523043944266	0.158628081458	0.0900321543408
zar-	0.0	1.0	0.0	0.0
att-	0.367741935484	0.458064516129	0.154838709677	0.0193548387097
s-ẓ-	0.685925664964	0.0472080324115	0.0100405143562	0.256825788269
tns-	0.413793103448	0.48275862069	0.0	0.103448275862
zuk-	0.86168843112	0.099319477653	0.0	0.0389920912268
uss-	0.13264858448	0.592881966846	0.0924647517785	0.182004696895
a-f-	0.444557059783	0.258065464449	0.0742991446459	0.223078331122
sub-	0.0421052631579	0.915789473684	0.0421052631579	0.0
iha-	0.325	0.675	0.0	0.0
tam-	0.160379524614	0.524358755625	0.0917293440888	0.223532375672
imi-	0.115988942803	0.338446083034	0.241643083671	0.303921890492
miḍ-	0.0693641618497	0.93063583815	0.0	0.0
tša-	0.449197860963	0.550802139037	0.0	0.0
uh̬-	0.0788149967831	0.866935719717	0.049131426566	0.00511785693397
nɛm-	0.193548387097	0.483870967742	0.283870967742	0.0387096774194
kig-	0.156223737044	0.111308245401	0.487907367635	0.244560649921
nh̬-	0.444444444445	0.48309178744	0.0	0.072463768116
tṣa-	0.872223784088	0.10247399494	0.00843407365758	0.0168681473152
tbḍ-	0.354675047705	0.593467280278	0.0235716690986	0.0282860029184
rḍi-	0.143369175627	0.433691756272	0.293906810036	0.129032258065
ifn-	0.199040767386	0.537170263789	0.249400479616	0.0143884892086
ɛub-	0.409090909091	0.590909090909	0.0	0.0
kku-	0.054482641043	0.0778891735612	0.150502701756	0.71712548364
irm-	0.130049261084	0.828571428571	0.0354679802955	0.00591133004926
mḍi-	0.758064516129	0.177419354839	0.0	0.0645161290323
ati-	0.189896586437	0.656355815869	0.0988377413746	0.0549098563192
usm-	0.0	1.0	0.0	0.0
tmm-	0.334479438867	0.174804015954	0.231329940861	0.259386604319
lfi-	0.162162162162	0.738738738739	0.0990990990991	0.0
mdi-	0.407899201484	0.341914176488	0.0221684348633	0.228018187165
tmɛ-	0.474226804124	0.40206185567	0.020618556701	0.103092783505
asl-	0.194159676918	0.697554697555	0.0306217547596	0.0776638707673
tim-	0.139799874152	0.702400115094	0.0463914229842	0.11140858777
tri-	0.381613756614	0.0830026455026	0.0119047619048	0.523478835979
nṭṭ-	0.498224852071	0.203550295858	0.0568047337278	0.241420118343
ayl-	0.309764191875	0.0379651140059	0.0198402347286	0.632430459391
n-f-	0.00561771452647	0.99157342821	0.0	0.00280885726324
iya-	0.0074404761905	0.0982142857143	0.0133928571429	0.880952380952
f-a-	0.408909175227	0.394368565596	0.0845909532085	0.112131305968
izɛ-	0.338779019776	0.240756663801	0.0808254514187	0.339638865004
nll-	0.355633802817	0.348591549296	0.0	0.295774647887
ššḥ-	0.442176870748	0.224489795918	0.170068027211	0.163265306122
nḥt-	0.218181818182	0.0545454545455	0.590909090909	0.136363636364
ssh-	0.555555555556	0.235404896422	0.0922787193974	0.116760828625
a-ġ-	0.40746248543	0.37928666167	0.0624667528826	0.150784100017
kmm-	0.603989535644	0.167709987854	0.0699336634588	0.158366813043
nẓu-	0.204081632653	0.521865889213	0.116618075802	0.157434402332
ih̬-	0.153424263458	0.241687409383	0.035704451903	0.569183875256
iḥš-	0.116329337787	0.72843387699	0.125761446257	0.0294753389664
amḍ-	0.138748040933	0.710979994469	0.0313450723702	0.118926892228
tgu-	0.139664804469	0.737430167598	0.0670391061453	0.0558659217877
mah-	0.0702330990544	0.00485412347677	0.00242706173838	0.92248571573
s-w-	0.206224568267	0.391001664527	0.0334918519083	0.369281915298
tum-	0.324670094374	0.417822287256	0.160046180075	0.0974614382945
ujn-	0.115163147793	0.846449136276	0.0	0.0383877159309
yal-	0.16775599772	0.58114162682	0.0790934087841	0.172008966676
i-z-	0.132768361582	0.432203389831	0.316384180791	0.118644067797
yaz-	0.847518899995	0.0543166968277	0.00848456148065	0.0896798416967
tẓḍ-	0.321830641214	0.249877630935	0.303475281449	0.124816446402
tmq-	0.0884303610906	0.521002210759	0.368459837878	0.0221075902727
ibb-	0.624633717523	0.129224457902	0.01611642899	0.230025395585
ski-	0.603835083255	0.284705257929	0.00428690995448	0.107172748862
f-s-	0.0556506763955	0.118600641329	0.00396868680811	0.821779995467
yaɛ-	0.0	0.994019933555	0.00132890365448	0.0046511627907
aḍa-	0.0883392226149	0.890459363958	0.0212014134276	0.0
gig-	0.0536302533142	0.0151410952502	0.00452143120396	0.926707220232
tus-	0.216995126086	0.461962280144	0.244755244755	0.0762873490146
ġ-q-	0.128244274809	0.793893129771	0.0091603053435	0.0687022900763
aml-	0.0	0.842541436464	0.140883977901	0.0165745856353
rwl-	0.796329941861	0.0536579457364	0.039183624031	0.110828488372
gaw-	0.568650561802	0.174173677225	0.0439714827035	0.21320427827
jid-	0.0	1.0	0.0	0.0
ġ-g-	0.116243617674	0.0921736222098	0.0162131974354	0.77536956268
iġl-	0.394871794872	0.0649572649573	0.00512820512821	0.535042735043
jur-	0.315789473684	0.557894736842	0.0	0.126315789474
s-g-	0.605326347959	0.109801353416	0.0358000436586	0.249072254966
i-h-	0.349892008639	0.326133909287	0.207343412527	0.116630669546
tɛr-	0.355220667384	0.62325080732	0.021528525296	0.0
udr-	0.475515463918	0.141752577319	0.382731958763	0.0
zzu-	0.577580845771	0.35401119403	0.0	0.068407960199
tbd-	0.386373691196	0.466155434302	0.0855331072113	0.061937767291
saw-	0.406509906884	0.125288419598	0.0415218861746	0.426679787344
twu-	0.410714285714	0.1875	0.207589285714	0.194196428571
nza-	0.40600122474	0.0864121929645	0.0265360277608	0.481050554535
imġ-	0.131811173441	0.510940524227	0.0349047009809	0.322343601352
lkt-	0.110294117647	0.384803921569	0.504901960784	0.0
izg-	0.340050755442	0.227028879204	0.122605446038	0.310314919316
iqd-	0.146668904179	0.09565363316	0.747608659171	0.0100688034905
alf-	0.0	0.228704986149	0.0	0.771295013851
nšš-	0.567269076305	0.285893574297	0.0903614457831	0.0564759036144
ild-	0.708641975309	0.181481481481	0.0	0.10987654321
sig-	0.670377541142	0.233785091965	0.0450145208132	0.0508228460794
rur-	0.286016949152	0.228593700032	0.394247681484	0.0911416693315
d-i-	0.115492250756	0.676363478068	0.0710027948299	0.137141476346
ẓgg-	0.128735632184	0.340229885057	0.531034482759	0.0
iẓẓ-	0.551325991684	0.243875716373	0.153668951568	0.0511293403754
ssi-	0.400464668436	0.263952722326	0.0726668147992	0.262915794439
nsu-	0.590489025799	0.105313823643	0.216596072391	0.0876010781671
aqṭ-	0.0204081632653	0.897959183673	0.0816326530612	0.0
rrb-	0.177290836653	0.687250996016	0.0537848605578	0.0816733067729
ššb-	0.0528761796367	0.837340541566	0.0946080523545	0.0151752264428
ḥrm-	0.173380035026	0.0630472854641	0.690017513135	0.0735551663748
lɛb-	0.0585104042936	0.927631868374	0.0138577273327	0.0
ggu-	0.0904162383608	0.232552842702	0.518522292383	0.158508626554
nfk-	0.33045287246	0.405504880781	0.100816130581	0.163226116179
ḥan-	0.0406976744186	0.94476744186	0.00290697674419	0.0116279069767
ġ-ṭ-	0.097280334728	0.433751743375	0.0177824267783	0.451185495118
qla-	0.890688259109	0.0485829959514	0.0	0.0607287449393
ad--	0.480873276598	0.224347435068	0.06771315907	0.227066129264
ḍfu-	0.75704520621	0.0632988590451	0.0510761568368	0.128579777908
ɛrḍ-	0.795334040297	0.166489925769	0.0254506892895	0.0127253446448
naṣ-	0.0	0.961538461538	0.0384615384615	0.0
ġay-	0.216755057256	0.169443754441	0.0284889489542	0.585312239348
nma-	0.133828996283	0.695167286245	0.171003717472	0.0
nuɛ-	0.0677966101695	0.875706214689	0.0564971751412	0.0
and-	0.0	1.0	0.0	0.0
thr-	0.074881141046	0.0610142630745	0.864104595879	0.0
mẓẓ-	0.026618605296	0.43615693886	0.3899902953	0.147234160543
lkf-	0.84126984127	0.15873015873	0.0	0.0
raḥ-	0.0183305132544	0.977439368302	0.0	0.00423011844332
azg-	0.112373425537	0.702395653248	0.185230921215	0.0
ssḍ-	0.35690968444	0.47034820457	0.0870511425462	0.085690968444
tḥt-	0.125688795592	0.617160850171	0.110207294673	0.146943059564
tnb-	0.0524781341108	0.556851311953	0.0991253644315	0.291545189504
lid-	0.0	1.0	0.0	0.0
nġa-	0.681281757089	0.147680708081	0.0222914276348	0.148746107196
arm-	0.334862385321	0.55504587156	0.0	0.110091743119
num-	0.350990327038	0.092584062644	0.0414555504376	0.51497005988
awm-	0.0	1.0	0.0	0.0
kur-	0.099474322685	0.859280226446	0.0145572179539	0.0266882329155
imn-	0.238977687627	0.690028397566	0.0244219066937	0.0465720081136
ijl-	0.495388546667	0.16544438732	0.14644809379	0.192718972224
tal-	0.258434812608	0.554370355532	0.0439163905373	0.143278441323
lɛl-	0.473684210526	0.491228070176	0.0350877192983	0.0
zgi-	0.406241036546	0.135977449186	0.0900054398892	0.367776074378
ami-	0.00428520414236	0.0690394000714	0.0	0.926675395786
tmḥ-	0.163346613546	0.322709163347	0.513944223108	0.0
tṣr-	0.209821428571	0.736607142857	0.0535714285714	0.0
inɛ-	0.774193548387	0.161290322581	0.0	0.0645161290323
s-f-	0.262371134021	0.613917525773	0.0154639175258	0.10824742268
ihr-	0.195278704734	0.493264120628	0.305277468792	0.006179705846
taz-	0.204330694934	0.667404721225	0.0625370480143	0.0657275358276
tʷh-	0.419211180277	0.181212016829	0.310016485004	0.08956031789
tml-	0.487915271114	0.363175522766	0.0945958178691	0.0543133882502
ḥḍw-	0.0563697857948	0.943630214205	0.0	0.0
nga-	0.40758100152	0.0550695393418	0.0226050752864	0.514744383852
inz-	0.759036144578	0.153614457831	0.0331325301205	0.0542168674699
aqa-	0.12593202705	0.85130917288	0.0	0.0227588000693
til-	0.193612506971	0.283424426101	0.0685431702075	0.454419896721
ṣṣn-	0.171626427101	0.77596855699	0.0280741156654	0.0243309002433
nms-	0.20814479638	0.764705882353	0.0	0.0271493212669
šwa-	0.0694159358089	0.287553648069	0.482552715059	0.160477701064
tiz-	0.112390603409	0.803316444035	0.0465223399355	0.0377706126209
ard-	0.204386975626	0.0766352360022	0.0248589742874	0.694118814085
itɛ-	0.613343230955	0.173239305929	0.098357613436	0.11505984968
mli-	0.432696262579	0.0227316350873	0.00658093175026	0.537991170583
n-a-	0.0616549336101	0.739479887488	0.0992958890012	0.099569289901
ɛaz-	0.0	1.0	0.0	0.0
hal-	0.0648918469218	0.920133111481	0.0	0.0149750415973
h̬d-	0.440295313503	0.385298523432	0.0363791996576	0.138026963407
did-	0.0487157785084	0.0105960480484	0.00610371431362	0.93458445913
ntl-	0.0	0.622641509434	0.377358490566	0.0
itz-	0.423620933522	0.437293729373	0.0471475719001	0.0919377652051
nam-	0.396741120469	0.271878432808	0.0146466495789	0.316733797144
šiṭ-	0.073546856465	0.882858837485	0.00711743772242	0.0364768683274
nlm-	0.706293706294	0.041958041958	0.020979020979	0.230769230769
akm-	0.422480620155	0.279422128259	0.07822410148	0.219873150106
ula-	0.0356733843147	0.0260213514331	0.0145983535894	0.923706910663
ġ-ḥ-	0.0236220472441	0.976377952756	0.0	0.0
taḍ-	0.157558966133	0.791403886114	0.0226021654333	0.0284349823192
utġ-	0.549516908213	0.105072463768	0.0253623188406	0.320048309179
yul-	0.483962718243	0.34266835864	0.0569728263248	0.116396096793
laṣ-	0.0975999999999	0.784	0.04	0.0784
f-ṣ-	0.172638436482	0.671009771987	0.0	0.156351791531
uzz-	0.0	0.854368932039	0.0	0.145631067961
ddr-	0.46722483153	0.316724525219	0.129058607311	0.0869920359404
s-ḍ-	0.370813397129	0.247436773753	0.0991114149009	0.282638414217
gll-	0.405221339387	0.547105561862	0.0	0.0476730987514
nim-	0.229166666667	0.395833333333	0.375	0.0
tgt-	0.475813544415	0.382585751979	0.0149516270888	0.126649076517
tšš-	0.59029795443	0.271040899627	0.0703186571465	0.0683424887958
tul-	0.0564972271441	0.219808086154	0.715962905861	0.00773178084083
yam-	0.608745208454	0.142340310051	0.0151972590658	0.23371722243
ffu-	0.375506815982	0.0784304911682	0.0260113095256	0.520051383324
bbi-	0.687442025361	0.138131407564	0.0887576550806	0.0856689119951
d-ġ-	0.326030967822	0.146026623639	0.052254320911	0.475688087628
yur-	0.464105485919	0.464593846655	0.00415106625427	0.0671496011721
arg-	0.034855846179	0.66737563932	0.013230994672	0.284537519829
iba-	0.425690750637	0.223283749687	0.0612662337295	0.289759265946
alb-	0.906976744186	0.0232558139535	0.0697674418605	0.0
mim-	0.0483091787439	0.570048309179	0.347826086957	0.0338164251208
f-r-	0.167032825019	0.506332385629	0.0193848539675	0.307249935384
lbr-	0.0119426751592	0.896496815287	0.0	0.0915605095541
asq-	0.597014925373	0.194029850746	0.0	0.208955223881
škk-	0.55737704918	0.349726775956	0.0	0.0928961748633
tur-	0.113565064625	0.728635964362	0.137407453884	0.0203915171289
nuf-	0.820501034245	0.0278096989198	0.0689496667433	0.0827396000919
n-s-	0.0240730587908	0.841919908622	0.0128645328946	0.121142499693
amm-	0.0505536831969	0.735194992778	0.0	0.214251324025
jja-	0.0	0.911504424779	0.0884955752212	0.0
iġm-	0.609903381642	0.381038647343	0.00905797101449	0.0
kra-	0.0608952074051	0.128523935627	0.0276275923096	0.782953264658
d-z-	0.054496437512	0.758392708133	0.0330573207523	0.154053533603
kan-	0.0	0.867647058824	0.132352941176	0.0
iṣl-	0.108492767149	0.116892207186	0.690620625292	0.0839944003733
ḥay-	0.143865326356	0.0900578353071	0.027471770862	0.738605067475
ṭib-	0.0	1.0	0.0	0.0
uhu-	0.066090213141	0.0409759321474	0.00958308090544	0.883350773806
f-š-	0.0200445434298	0.853006681515	0.0	0.126948775056
uka-	0.294979079498	0.1589958159	0.0313807531381	0.514644351465
tjd-	0.71768707483	0.173469387755	0.0204081632653	0.0884353741496
qay-	0.0231522707035	0.962600178094	0.00890471950134	0.0053428317008
udu-	0.224795640327	0.698910081744	0.00817438692099	0.0681198910081
mna-	0.483739630516	0.241946155021	0.0381698814189	0.236144333045
nḥa-	0.147392290249	0.478458049887	0.0170068027211	0.357142857143
n-i-	0.0969926039951	0.743202516591	0.0649657103295	0.0948391690838
aḥa-	0.0416029886229	0.902360332824	0.0509424350484	0.00509424350484
iẓg-	0.0346051464064	0.367346938775	0.598047914818	0.0
ufa-	0.609846479619	0.0476442562202	0.22339862361	0.119110640551
bub-	0.0379746835443	0.911392405063	0.0	0.0506329113924
ilu-	0.672410030335	0.187470810327	0.0164226009908	0.123696558347
mḍl-	0.624165148755	0.299332119004	0.0692167577413	0.00728597449908
tbn-	0.808	0.096	0.048	0.048
ftw-	0.942857142857	0.0571428571429	0.0	0.0
qaw-	0.241071428571	0.482142857143	0.0	0.276785714286
ilg-	0.0	1.0	0.0	0.0
krs-	0.860691939639	0.102502760397	0.0147221199853	0.0220831799779
iḥa-	0.410381184104	0.251419302514	0.29602595296	0.0421735604217
tbk-	0.382536382536	0.336798336798	0.280665280665	0.0
tha-	0.428571428571	0.571428571429	0.0	0.0
anu-	0.0775519222272	0.672470172338	0.230092797172	0.0198851082634
ssf-	0.857746478873	0.0408450704225	0.0633802816901	0.0380281690141
aši-	0.0	0.813953488372	0.186046511628	0.0
lma-	0.0232937534181	0.89541241695	0.00233586385251	0.0789579657798
i-i-	0.135046105463	0.583631402178	0.11440018486	0.1669223075
wid-	0.326420378768	0.274406508402	0.123099493198	0.276073619632
tġa-	0.49404238034	0.300927493061	0.0984022747275	0.106627851872
iḍu-	0.451494813911	0.283099450885	0.109823062843	0.155582672361
lhi-	0.118005329273	0.854586981347	0.0228397411496	0.00456794822993
ššu-	0.220732504905	0.494767822106	0.264879005886	0.0196206671027
nzɛ-	0.205479452055	0.605479452055	0.0520547945205	0.13698630137
nst-	0.274509803922	0.176470588235	0.156862745098	0.392156862745
aru-	0.412303664921	0.498691099477	0.0732984293193	0.0157068062827
isġ-	0.387207450067	0.573275333905	0.000919005023893	0.0385982110036
skr-	0.367965172988	0.0860905806232	0.0203245813116	0.525619665077
rẓn-	0.526315789474	0.40350877193	0.0	0.0701754385965
ṣbr-	0.282380952381	0.520476190476	0.12	0.0771428571428
sti-	0.167992512868	0.763453439401	0.00655124005616	0.0620028076743
fij-	0.0740740740741	0.925925925926	0.0	0.0
jdr-	0.285389856169	0.60105980318	0.113550340651	0.0
bit-	0.019688269073	0.960623461854	0.019688269073	0.0
uri-	0.723988499521	0.133005541898	0.0356264844368	0.107379474145
ggr-	0.259677419355	0.740322580645	0.0	0.0
nwr-	0.236129032258	0.21935483871	0.0348387096774	0.509677419355
d-h-	0.118443316413	0.840947546531	0.0	0.0406091370558
