kud-	0.252631578947	0.214928229665	0.50028708134	0.0321531100479
óre-	0.81459682166	0.0865214832254	0.00353148911124	0.0953502060036
wör-	0.28143638171	0.698185884692	0.0114314115308	0.0089463220676
jød-	0.0880681818182	0.911931818182	0.0	0.0
lɑs-	0.0384615384615	0.961538461538	0.0	0.0
ngy-	0.199567025751	0.710977111701	0.0361656912583	0.0532901712893
oöd-	0.833970925784	0.129303749044	0.0183626625861	0.0183626625861
abɑ-	0.250386398763	0.656877897991	0.00927357032458	0.0834621329212
ɑbë-	0.859442858915	0.0581958059313	0.0127186995905	0.0696426355628
ayë-	0.582278481013	0.379746835443	0.0	0.0379746835443
nyu-	0.57811022519	0.313042107844	0.0418393434585	0.0670083235078
óbï-	0.630184379114	0.0411039975925	0.0197408566426	0.308970766651
bɑb-	0.0790413054564	0.768995410505	0.0081591024987	0.14380418154
pid-	0.379697413372	0.535871156662	0.0610053684725	0.0234260614934
obø-	0.26	0.64	0.03	0.07
tøg-	0.15912568306	0.496830601093	0.0345355191257	0.309508196721
der-	0.0102040816326	0.989795918367	0.0	0.0
bød-	0.465842414082	0.383277451802	0.0264040234703	0.124476110645
ayu-	0.438547486033	0.393854748603	0.0335195530726	0.13407821229
yöø-	0.320754716981	0.0566037735849	0.509433962264	0.11320754717
tib-	0.0	0.886075949367	0.113924050633	0.0
mɑ́-	0.0934794567335	0.0246850501104	0.00264153053442	0.879193962622
yøs-	0.0294117647059	0.970588235294	0.0	0.0
cyë-	0.223286165888	0.604058810476	0.0883640717297	0.0842909519061
abr-	0.0100559108644	0.961908209646	0.0166525883915	0.0113832910985
lïb-	0.0900955012312	0.354916211184	0.540573007388	0.014415280197
cul-	0.443370907139	0.392377885132	0.0257648953301	0.138486312399
dïp-	0.0745341614907	0.925465838509	0.0	0.0
dør-	0.066561014263	0.91442155309	0.0	0.0190174326466
lod-	0.0574697122315	0.108198424915	0.269358888124	0.564972974729
wøn-	0.00768488003527	0.0165548089896	0.00509876361804	0.970661547357
løg-	0.596224579957	0.148153729186	0.0704124057344	0.185209285122
kït-	0.0370610035885	0.906612153656	0.0309135831519	0.0254132596035
olw-	0.0568965517241	0.805747126437	0.109770114942	0.0275862068965
jem-	0.0	0.8125	0.1875	0.0
gwi-	0.4339380702	0.239964169801	0.224184157407	0.101913602591
orë-	0.924528301887	0.0377358490566	0.0377358490566	0.0
ojw-	0.211749232793	0.640946953091	0.147303814117	0.0
guu-	0.54075362209	0.316777434794	0.0934083910336	0.0490605520824
ngw-	0.188998370704	0.301140507409	0.495957793467	0.0139033284196
kid-	0.113120378138	0.15727217308	0.10493621128	0.624671237502
rek-	0.203007518797	0.616541353384	0.135338345865	0.0451127819549
ɑ́n-	0.441978943052	0.258756896167	0.0594644926127	0.239799668169
ónë-	0.677518242721	0.179050337723	0.0626741876285	0.0807572319279
nge-	0.183841311256	0.269411263801	0.305848544631	0.240898880312
jɑd-	0.251805555556	0.294814814815	0.355185185185	0.0981944444445
gwø-	0.503562529055	0.244802554775	0.0592158839345	0.192419032236
alø-	0.859729543892	0.0705936282374	0.00756360302544	0.0621132248453
lëë-	0.201722800247	0.275468995564	0.494161179303	0.0286470248871
gug-	0.275058275058	0.319347319347	0.265734265734	0.13986013986
nɑm-	0.0624154008121	0.84238231313	0.00706873214017	0.0881335539179
asi-	0.0	1.0	0.0	0.0
owï-	0.401169590643	0.329824561404	0.0877192982456	0.181286549708
tïj-	0.578125	0.40625	0.015625	0.0
amu-	0.34328358209	0.432835820896	0.223880597015	0.0
ágø-	0.0491803278689	0.950819672131	0.0	0.0
ɑyë-	0.642857142857	0.0714285714286	0.0714285714286	0.214285714286
jwɑ-	0.563726894909	0.174383849752	0.0564638680915	0.205425387248
bøj-	0.119266055046	0.811926605505	0.0	0.0688073394495
ocï-	0.676190476191	0.295238095238	0.0	0.0285714285714
pud-	0.294502617801	0.446335078534	0.23167539267	0.0274869109947
gël-	0.163636363636	0.381818181818	0.4	0.0545454545455
áko-	0.52380952381	0.0	0.0	0.47619047619
dɑd-	0.444015444015	0.250965250965	0.189189189189	0.11583011583
kod-	0.8538647343	0.13345410628	0.0126811594203	0.0
oni-	0.0	1.0	0.0	0.0
ɑke-	0.690261317096	0.0514660577724	0.0802435576819	0.17802906745
pɑ̈-	0.366913679983	0.289180159702	0.133179546055	0.210726614261
yɑd-	0.252092636986	0.654379637218	0.0406092093557	0.0529185164409
aki-	0.0	1.0	0.0	0.0
ole-	0.433526011561	0.383154417836	0.158546655657	0.0247729149463
yöö-	0.104237059062	0.55608866063	0.091819840519	0.247854439789
ówø-	0.343416765403	0.427206753555	0.198274585308	0.0311018957346
cïj-	0.63901656868	0.276002137894	0.0389096739711	0.0460716194548
tën-	0.500133297787	0.303252466009	0.121034390829	0.0755798453746
bïí-	0.94	0.0264406779661	0.00457627118644	0.0289830508475
tyɑ-	0.559348618351	0.334917193339	0.0612169580662	0.044517230244
rɑj-	0.0782060785767	0.258895478132	0.605819125278	0.0570793180133
olö-	0.827586206897	0.137931034483	0.0	0.0344827586207
ith-	0.0951374207189	0.898520084567	0.00634249471459	0.0
nii-	0.127905046481	0.544488711819	0.261205179283	0.066401062417
pøn-	0.0812559434859	0.885120907485	0.0280192908573	0.00560385817144
ɑrï-	0.486499566006	0.460821769408	0.011654571811	0.0410240927748
adø-	0.413873506266	0.180996793938	0.0174876129408	0.387642086855
arm-	0.0	1.0	0.0	0.0
gwö-	0.0417964268153	0.951647270939	0.00163907556138	0.00491722668415
pön-	0.103191592767	0.715290665738	0.0206383185535	0.160879422941
mii-	0.681818181818	0.318181818182	0.0	0.0
lum-	0.0720505909185	0.83298776695	0.0373211693967	0.0576404727348
mes-	0.00350258301236	0.969070024278	0.00231604023293	0.0251113524762
wøk-	0.0662763955676	0.0698306502195	0.0043905498641	0.859502404349
ami-	0.0	1.0	0.0	0.0
jii-	0.109319351736	0.718554255796	0.0987670639378	0.0733593285309
gɑn-	0.0	1.0	0.0	0.0
win-	0.0444706791163	0.913869056433	0.0297573317506	0.0119029327003
gid-	0.0232558139535	0.976744186047	0.0	0.0
wël-	0.151222714439	0.719590667944	0.0787790461375	0.0504075714796
ɑjo-	0.666666666667	0.274509803922	0.0392156862745	0.0196078431373
elö-	0.0	0.981132075472	0.0188679245283	0.0
ged-	0.0547058823529	0.205588235294	0.0591176470588	0.680588235294
ɑrɑ-	0.666666666667	0.122448979592	0.102040816326	0.108843537415
kyë-	0.31015353351	0.305097662172	0.283631377541	0.101117426777
bun-	0.324868882768	0.675131117232	0.0	0.0
ili-	0.0384615384615	0.961538461538	0.0	0.0
nut-	0.318611065678	0.0256364892835	0.00309306688885	0.65265937815
ɑby-	0.176470588235	0.764705882353	0.0	0.0588235294118
wɑ́-	0.141509433962	0.67358490566	0.162264150943	0.022641509434
peg-	0.460572226099	0.335659455687	0.174459176553	0.0293091416609
the-	0.297337719134	0.561503777565	0.0977251176703	0.0434333856312
wen-	0.647569444444	0.258680555556	0.0	0.09375
rɑɑ-	0.36739734486	0.435248296008	0.114707768305	0.0826465908281
pör-	0.295454545455	0.704545454545	0.0	0.0
tùn-	0.0934812820291	0.738223909928	0.0581407973595	0.110154010684
ale-	0.76	0.16	0.04	0.04
bon-	0.107310285805	0.115288570128	0.0221776285484	0.755223515519
lɑd-	0.0251188051596	0.901221995927	0.00712830957231	0.0665308893414
luc-	0.0	1.0	0.0	0.0
ɑcö-	0.522535211268	0.342253521127	0.0929577464788	0.0422535211268
áce-	0.408450704225	0.211267605634	0.323943661972	0.056338028169
ɑry-	0.738224260109	0.217173822426	0.0100041684035	0.0345977490621
cwɑ-	0.209499124757	0.564507362881	0.0693046771241	0.156688835237
wøw-	0.380510419867	0.235282954073	0.0609557720462	0.323250854014
epɑ-	0.00966962127316	0.984689766317	0.00402900886382	0.00161160354553
bïr-	0.0131004366812	0.032751091703	0.921397379913	0.032751091703
ɑce-	0.352020509878	0.542471942343	0.0473304887231	0.0581770590555
ógë-	0.461441213654	0.36788874842	0.0796460176991	0.0910240202275
elɑ-	0.0	1.0	0.0	0.0
pëg-	0.732353537889	0.104964082955	0.0257557365831	0.136926642573
bɑ̈-	0.152538690803	0.610064390456	0.149419507231	0.0879774115101
oru-	0.736433956645	0.0972703333908	0.0444187996677	0.121876910296
ɑgu-	0.313043478261	0.471739130435	0.0847826086956	0.130434782609
ókɑ-	0.617911546322	0.211265295659	0.05452961465	0.116293543369
ɑbø-	0.512931034483	0.273706896552	0.129310344828	0.0840517241379
kïn-	0.0868294360385	0.838892709766	0.0165061898212	0.0577716643742
lii-	0.927313600599	0.029224428625	0.00899213188461	0.034469838891
thw-	0.120465587926	0.645558438003	0.128839202951	0.105136771119
ang-	0.517928286853	0.195219123506	0.207171314741	0.0796812749004
bij-	0.320987654321	0.62962962963	0.0493827160494	0.0
obu-	0.492857142857	0.235714285714	0.167857142857	0.103571428571
cum-	0.0476877321245	0.952312267875	0.0	0.0
diy-	0.0196078431373	0.980392156863	0.0	0.0
árɑ-	0.0243704305443	0.878147847279	0.0	0.097481722177
suu-	0.0	1.0	0.0	0.0
yen-	0.112067451256	0.796592306341	0.0337256279642	0.0576146144388
rød-	0.593103448276	0.206896551724	0.158620689655	0.0413793103448
tyë-	0.0758025478064	0.251107533462	0.0868413084137	0.586248610318
opw-	0.444670739986	0.3272233537	0.0855397148676	0.142566191446
rej-	0.105263157895	0.894736842105	0.0	0.0
wid-	0.61248	0.30304	0.08448	0.0
ɑcw-	0.63866750013	0.175548262749	0.048679481169	0.137104755951
böl-	0.0497785296975	0.930700478264	0.00195209920382	0.0175688928344
ówi-	0.587464023025	0.130647052553	0.0586291440145	0.223259780407
røj-	0.0574988021083	0.856252994729	0.0862482031625	0.0
too-	0.369127516779	0.291946308725	0.231543624161	0.107382550336
dig-	0.531147540984	0.449180327869	0.0	0.0196721311475
ong-	0.770850054826	0.0902193332856	0.108852850551	0.0300777613366
öre-	0.879889088514	0.0244077992331	0.016446525019	0.0792565872342
jɑg-	0.0999934815202	0.788605697151	0.0811550746366	0.0302457466919
ɑrø-	0.61233729485	0.290322580645	0.0565930956423	0.0407470288625
rií-	0.0903333592354	0.109322791204	0.0185523350688	0.781791514492
dwö-	0.537437489859	0.183682991917	0.0439417328521	0.234937785372
awɑ-	0.3953523926	0.460174285277	0.0137593640116	0.13071395811
pii-	0.391022021457	0.3308865048	0.218802936194	0.0592885375494
wuk-	0.111015490534	0.113166953528	0.0537865748709	0.722030981067
bøy-	0.119003690037	0.779151291513	0.0929889298893	0.00885608856089
elm-	0.0	1.0	0.0	0.0
ɑyö-	0.294117647059	0.470588235294	0.205882352941	0.0294117647059
agr-	0.0	0.996323529412	0.0	0.00367647058824
dyë-	0.0696945057498	0.534109762272	0.281942767223	0.114252964756
ɑdï-	0.0521739130435	0.947826086957	0.0	0.0
myë-	0.11856084228	0.624294213817	0.129218564775	0.127926379127
mup-	0.072736764258	0.927263235742	0.0	0.0
dör-	0.0915229920598	0.80099933213	0.0305488905929	0.0769287852178
aru-	0.630136986302	0.268703898841	0.0758693361433	0.0252897787144
leg-	0.072251251743	0.915243723917	0.0104208536168	0.00208417072336
ócï-	0.509678866004	0.268523874197	0.054579784076	0.167217475723
kew-	0.421621621622	0.318918918919	0.154054054054	0.105405405405
löd-	0.0739472783293	0.695994522424	0.0862718247176	0.143786374529
yïï-	0.0	1.0	0.0	0.0
göl-	0.0	1.0	0.0	0.0
ɑcɑ-	0.627207623336	0.212242363079	0.0459961960952	0.11455381749
mër-	0.0294932121802	0.932608578073	0.0238520201201	0.0140461896263
kɑb-	0.469407464487	0.392014864084	0.111252496781	0.027325174648
kiy-	0.0304568527919	0.908629441624	0.0609137055838	0.0
töö-	0.478580700995	0.26179143228	0.0882734746862	0.171354392038
óge-	0.623164958955	0.238420516508	0.116843429804	0.0215710947331
opë-	0.478508073687	0.27950875597	0.0664089151695	0.175574255174
søl-	0.0	0.993752663734	0.0	0.00624733626591
min-	0.11927480916	0.708015267176	0.149809160305	0.0229007633588
nɑp-	0.0	1.0	0.0	0.0
ngø-	0.233904571772	0.146902042969	0.035105297664	0.584088087595
ónu-	0.594975760247	0.270163067431	0.0237990304099	0.111062141913
óør-	0.0	0.621951219512	0.128048780488	0.25
adh-	0.787889731552	0.0597989647286	0.0120079451065	0.140303358613
óbu-	0.44019138756	0.258373205742	0.22009569378	0.0813397129186
pɑr-	0.50799271047	0.385921651836	0.0606203643965	0.0454652732974
dhi-	0.29234793983	0.327011118378	0.306082406802	0.0745585349902
dön-	0.253700854955	0.287644789744	0.347465420683	0.111188934618
cei-	0.0	0.973134328358	0.0	0.0268656716418
gee-	0.398843930636	0.517341040462	0.0838150289017	0.0
ógø-	0.280184290088	0.631151778239	0.0417733482557	0.046890583417
gïi-	0.446770119091	0.438108985926	0.0523276795381	0.0627932154457
nye-	0.184344485616	0.525965611376	0.170871466389	0.118818436619
pïd-	0.167538375045	0.173961190521	0.121232771692	0.537267662742
kɑt-	0.0143815915628	0.870565675935	0.109300095877	0.00575263662512
olë-	0.510204081633	0.489795918367	0.0	0.0
run-	0.111057271477	0.766302988621	0.094644866825	0.0279948730774
pri-	0.0	0.990881458967	0.0	0.00911854103344
twe-	0.0	0.870967741935	0.129032258065	0.0
örɑ-	0.591065292096	0.323024054983	0.0515463917526	0.0343642611684
guö-	0.222482435597	0.538641686183	0.224824355972	0.0140515222482
yoj-	0.111111111111	0.888888888889	0.0	0.0
iid-	0.0	1.0	0.0	0.0
ógy-	0.639789658195	0.194566170026	0.131463628396	0.034180543383
óti-	0.297235023041	0.414746543779	0.138248847926	0.149769585253
tɑb-	0.0520984081042	0.936324167873	0.0115774240232	0.0
bɑr-	0.00709406200736	0.979900157646	0.0102469784551	0.00275880189175
óng-	0.577638442242	0.232540603236	0.0906075411158	0.0992134134063
men-	0.137856692436	0.0498350619681	0.0585439786691	0.753764266927
óru-	0.499507597334	0.2505377438	0.0534922421696	0.196462416696
lub-	0.0	0.698630136986	0.219178082192	0.0821917808219
lyë-	0.287909151637	0.504342017368	0.183700734803	0.0240480961924
deb-	0.00354024073637	0.99221147038	0.000708048147273	0.00354024073637
odw-	0.494653649465	0.192933519293	0.217573221757	0.094839609484
thɑ-	0.319921615394	0.36863872302	0.060257789106	0.25118187248
lëj-	0.0147887323944	0.898943661972	0.0862676056337	0.0
yöy-	0.542212899843	0.365495542737	0.0	0.09229155742
yij-	0.0486893883344	0.0394510987245	0.00997629905958	0.901883213882
bɑl-	0.110776186888	0.878673700075	0.0105501130369	0.0
mye-	0.561221848304	0.274139269997	0.129950815429	0.0346880662698
sɑl-	0.0170842824601	0.98291571754	0.0	0.0
ör--	0.631143552311	0.278345498783	0.0350364963504	0.0554744525547
krï-	0.130434782609	0.869565217391	0.0	0.0
nud-	0.329439803626	0.0809577210599	0.0636665304403	0.525935944874
yëb-	0.129032258064	0.85935483871	0.0116129032258	0.0
ógɑ-	0.481002259191	0.28617785993	0.12405011296	0.108769767919
óco-	0.511901633843	0.32721499552	0.0	0.160883370636
kwë-	0.189386664679	0.499935504768	0.222121577811	0.0885562527411
lot-	0.0476878612716	0.82225433526	0.121387283237	0.00867052023121
atu-	0.78	0.0857142857143	0.0171428571429	0.117142857143
cɑu-	0.00313725490196	0.994509803922	0.0	0.00235294117647
lën-	0.565822259136	0.393687707641	0.0218023255814	0.0186877076412
cɑg-	0.100959988845	0.0871280575505	0.0423282366226	0.769583716982
lïd-	0.655807189285	0.197341136996	0.0217764839354	0.125075189783
cun-	0.635432159146	0.249434198585	0.0355324790787	0.0796011631905
jiɑ-	0.221113079573	0.343630363345	0.0532536495753	0.382002907507
ony-	0.504085333749	0.379692283692	0.052261071352	0.0639613112069
ɑku-	0.387895499076	0.514623334489	0.0682611665041	0.0292199999304
acï-	0.345891011039	0.580515156825	0.0	0.073593832136
møø-	0.0912608647745	0.361938774849	0.175996923403	0.370803436974
köd-	0.449483231386	0.397384518034	0.0430288968572	0.110103353723
ødí-	0.26687847498	0.577442414615	0.13343923749	0.022239872915
rem-	0.0485319411912	0.928131239358	0.010112621762	0.0132241976888
ngu-	0.53804017042	0.413572732806	0.046561168594	0.00182592818016
gwe-	0.521012264302	0.35947872997	0.0647238449705	0.054785160758
abu-	0.0	0.00839054157133	0.183066361556	0.808543096873
woɑ-	0.0951776649746	0.800126903553	0.0190355329949	0.0856598984771
ɑ́l-	0.716984819821	0.142880457308	0.0251270763501	0.115007646521
pør-	0.0	1.0	0.0	0.0
kër-	0.190513524108	0.230777846223	0.0182561460492	0.56045248362
odö-	0.553977272727	0.154829545455	0.163352272727	0.127840909091
nɑo-	0.0	1.0	0.0	0.0
owɑ-	0.418522860492	0.212192262603	0.0	0.369284876905
niy-	0.381690924549	0.482596746723	0.0704660168398	0.0652463118887
nyö-	0.498175973768	0.248914335918	0.204340193552	0.0485694967628
bee-	0.347770700637	0.606369426752	0.0229299363057	0.0229299363057
bëe-	0.788646571746	0.145424772478	0.00599351416146	0.0599351416146
tïl-	0.0159201867968	0.161324559541	0.783273190406	0.0394820632562
put-	0.588122035322	0.367768812028	0.00735152544152	0.0367576272076
tin-	0.166112956811	0.648789748458	0.15662078785	0.0284765068818
pij-	0.0	1.0	0.0	0.0
ágɑ-	0.666666666667	0.280701754386	0.0	0.0526315789474
óyo-	0.498701620265	0.147261567841	0.0315766331018	0.322460178792
ayo-	0.715170278638	0.191950464396	0.0	0.0928792569659
yɑb-	0.66239295004	0.143912724797	0.0656058255803	0.128088499584
pub-	0.0	0.958477508651	0.0	0.0415224913494
tun-	0.231567822952	0.52878279249	0.0719569812258	0.167692403332
áyi-	0.745098039216	0.078431372549	0.0588235294118	0.117647058824
dïd-	0.332773872888	0.521967322565	0.0606906400104	0.084568164537
álï-	0.845161290323	0.0	0.0	0.154838709677
wïn-	0.322527015794	0.20365752286	0.403990024938	0.069825436409
keb-	0.438596491228	0.477192982456	0.0631578947368	0.0210526315789
tol-	0.2	0.416666666667	0.383333333333	0.0
ɑki-	0.472684085511	0.399049881235	0.0712589073634	0.0570071258908
kët-	0.0411083275888	0.0381660137532	0.161028632917	0.759697025741
ɑkö-	0.697730939261	0.0600263990446	0.0114814892413	0.230761172453
pyë-	0.332633854268	0.246163326249	0.0574514606397	0.363751358844
con-	0.308173919935	0.593424011571	0.0389031433581	0.059498925136
døø-	0.255975967807	0.134071132689	0.348460881161	0.261492018343
cɑn-	0.0902777777778	0.144570707071	0.729166666667	0.0359848484849
wøø-	0.298701298701	0.451790633609	0.190476190476	0.0590318772137
jyɑ-	0.202243599465	0.644094569024	0.069692508347	0.0839693231637
nik-	0.00771208226221	0.988431876607	0.00385604113111	0.0
miy-	0.0156749561474	0.0751775873008	0.0607404550714	0.84840700148
teb-	0.67180031864	0.275624004249	0.052575677111	0.0
yun-	0.018691588785	0.96261682243	0.018691588785	0.0
cwï-	0.578125	0.1875	0.1640625	0.0703125
opø-	0.218426501035	0.64182194617	0.0496894409938	0.0900621118013
møn-	0.109267023612	0.694393793336	0.119266907469	0.0770722755834
cɑ́-	0.194024414037	0.593477230193	0.138058295929	0.074440059841
tee-	0.0875374206955	0.608292517692	0.0981040180901	0.206066043522
prö-	0.0	0.976744186047	0.0232558139535	0.0
thø-	0.256395661305	0.426046652275	0.269885154442	0.0476725319767
icɑ-	0.00567644276254	0.99243140965	0.0	0.00189214758751
ogɑ-	0.566528618456	0.323032812998	0.0446001911437	0.0658383774026
amo-	0.0	1.0	0.0	0.0
ádh-	0.772182254197	0.10551558753	0.0	0.122302158273
ɑgö-	0.529411764706	0.298919567827	0.078031212485	0.093637454982
dyø-	0.117647058823	0.862745098039	0.0	0.0196078431373
ódë-	0.45567463979	0.487543473632	0.0184541131379	0.0383277734403
ɑyɑ-	0.215981618586	0.550931835588	0.213173346949	0.0199131988767
den-	0.0628293473855	0.0390057854589	0.0383240594023	0.859840807753
jie-	0.104852035451	0.404010815683	0.0822442541686	0.408892894697
cyɑ-	0.21204609135	0.540239607224	0.08579344937	0.161920852056
god-	0.6	0.4	0.0	0.0
ywö-	0.332314993326	0.540975826783	0.0671511196796	0.0595580602106
alu-	0.606475716065	0.112079701121	0.139476961395	0.14196762142
pïg-	0.21409188734	0.726022270048	0.0411715167961	0.0187143258164
kel-	0.0331114585044	0.0323146259827	0.00481060115333	0.92976331436
oyï-	0.653052690271	0.138416504042	0.0632840814051	0.145246724282
yec-	0.0686274509804	0.892156862745	0.0392156862745	0.0
any-	0.713375796178	0.18152866242	0.0382165605095	0.0668789808917
ólë-	0.452229299363	0.414012738854	0.0955414012739	0.0382165605096
ɑkø-	0.213544595931	0.69658476039	0.0401838527626	0.049686790916
tëë-	0.685268526853	0.260726072607	0.025202520252	0.028802880288
cye-	0.31960721663	0.245870612446	0.102561596707	0.331960574217
kïï-	0.308722788857	0.423656568732	0.229258639062	0.0383620033491
pee-	0.628237062014	0.18934616904	0.0976558737198	0.0847608952255
bur-	0.133585627909	0.750619861673	0.0484579581539	0.0673365522641
cor-	0.0443037974683	0.930379746835	0.0126582278481	0.0126582278481
wɑj-	0.257217847769	0.391076115486	0.321084864392	0.0306211723534
óth-	0.310215865657	0.476241821669	0.0459938949865	0.167548417687
opö-	0.254314259764	0.607629427793	0.0871934604905	0.0508628519528
ɑcø-	0.469601677149	0.272536687631	0.0880503144654	0.169811320755
isɑ-	0.00213272669108	0.991469093236	0.00533181672769	0.00106636334553
ade-	0.188916876574	0.690176322418	0.0604534005037	0.0604534005038
jøk-	0.307402760351	0.624843161857	0.0376411543287	0.030112923463
wöw-	0.250917047429	0.521140356522	0.010811506532	0.217131089517
mɑg-	0.388698817468	0.487702268591	0.0249883139228	0.0986106000179
ɑgw-	0.580358577627	0.324430109502	0.036098803976	0.0591125088956
ɑyi-	0.608974358974	0.0947293447293	0.252492877493	0.0438034188034
adw-	0.420701168614	0.14858096828	0.12020033389	0.310517529215
kug-	0.0359281437126	0.910179640719	0.0538922155688	0.0
ede-	0.123525329632	0.0451075641915	0.00312283136711	0.828244274809
sɑm-	0.0293827160494	0.954320987654	0.00444444444444	0.0118518518519
boɑ-	0.0	1.0	0.0	0.0
neɑ-	0.0740740740741	0.925925925926	0.0	0.0
cir-	0.536281179138	0.324263038549	0.0816326530612	0.0578231292518
óyï-	0.494237347702	0.160298219706	0.0494003646933	0.296064067898
elì-	0.0131868131868	0.967032967033	0.0	0.0197802197802
ayï-	0.426666666667	0.324444444444	0.186666666667	0.0622222222222
ɑyw-	0.659863945578	0.112925170068	0.145578231293	0.0816326530612
ber-	0.00263771046731	0.936694948784	0.0105508418693	0.050116498879
dhë-	0.144622286431	0.346538417671	0.481009770749	0.0278295251492
rën-	0.461626937091	0.24361034286	0.179586461214	0.115176258835
nwɑ-	0.175191815857	0.563938618926	0.187979539642	0.0728900255754
bïp-	0.427419354839	0.411290322581	0.0483870967742	0.112903225806
pes-	0.0299145299145	0.965811965812	0.0042735042735	0.0
onë-	0.409424217305	0.149333673404	0.346043486578	0.0951986227125
pye-	0.39902560875	0.320978465915	0.201049839235	0.0789460861008
ayɑ-	0.53861003861	0.225868725869	0.0444015444015	0.19111969112
abw-	0.298076923077	0.326923076923	0.336538461538	0.0384615384615
otw-	0.397471910112	0.248595505618	0.0421348314607	0.311797752809
nyo-	0.438664465483	0.326933973678	0.0979506326361	0.136450928203
obw-	0.411936339523	0.286472148541	0.280106100796	0.0214854111406
röm-	0.0436909210815	0.634809848318	0.299241591559	0.0222576390416
øn--	0.158555729984	0.635269492412	0.0811093668237	0.12506541078
ówe-	0.208404936729	0.61037337916	0.0437431651305	0.137478518981
døm-	0.698046181172	0.212255772646	0.0452930728242	0.044404973357
abe-	0.20283286119	0.752974504249	0.00679886685552	0.0373937677054
lög-	0.308549673076	0.453085772616	0.0887245841036	0.149639970204
rïm-	0.795811518325	0.0471204188482	0.0523560209424	0.104712041885
pët-	0.307638422003	0.386260724765	0.067780661956	0.238320191276
kög-	0.563636363636	0.392727272727	0.0436363636364	0.0
örø-	0.367346938776	0.186588921283	0.0874635568513	0.35860058309
ɑcy-	0.838951310861	0.0674157303371	0.0187265917603	0.0749063670412
erɑ-	0.0	1.0	0.0	0.0
wöö-	0.337859625237	0.51292003551	0.0277867348198	0.121433604433
orö-	0.927927927928	0.009009009009	0.0630630630631	0.0
ati-	0.655696202532	0.283544303798	0.0	0.0607594936709
dwø-	0.0874276521385	0.368886258992	0.408735368627	0.134950720243
nɑn-	0.210120510217	0.766559756857	0.0145748330786	0.00874489984719
ɑ́m-	0.619098476228	0.215516182843	0.0497501739271	0.115635167002
amï-	0.51409978308	0.0433839479392	0.260303687636	0.182212581345
tøl-	0.0909090909091	0.909090909091	0.0	0.0
løb-	0.14479638009	0.447963800905	0.407239819005	0.0
bed-	0.0130293159609	0.0162866449511	0.970684039088	0.0
døj-	0.050771068636	0.0888357949609	0.776552997394	0.0838401390096
tim-	0.0904109589041	0.886195995785	0.00632244467861	0.0170706006322
tri-	0.0	1.0	0.0	0.0
ódy-	0.322738386308	0.530562347188	0.0880195599022	0.0586797066015
äje-	0.246973365617	0.72397094431	0.0290556900726	0.0
aör-	0.477528089888	0.345505617978	0.0337078651685	0.143258426966
tes-	0.0186464088398	0.973066298343	0.0	0.00828729281768
ywø-	0.484439224897	0.405950283813	0.0528479154433	0.0567625758465
oyo-	0.555799818958	0.357299883616	0.0760377602483	0.0108625371783
rïb-	0.0	0.437869822485	0.562130177515	0.0
löb-	0.646130728775	0.176558978212	0.0262960180316	0.151014274981
lee-	0.604317636116	0.259757583624	0.0205931341798	0.115331646081
jer-	0.0	1.0	0.0	0.0
kɑd-	0.79	0.0795918367347	0.0251020408163	0.105306122449
ogo-	0.0588235294118	0.941176470588	0.0	0.0
yɑ̈-	0.292014860028	0.566143278558	0.099251047768	0.042590813646
gön-	0.624423403739	0.222626851178	0.101966496722	0.0509832483613
coo-	0.479331574319	0.274406332454	0.105540897098	0.14072119613
ywɑ-	0.725446428571	0.18226304945	0.0382039835165	0.0540865384616
ótɑ-	0.35713901297	0.321887950057	0.253915289812	0.0670577471611
nɑr-	0.0854430379747	0.800632911392	0.113924050633	0.0
wii-	0.50438233835	0.450967421862	0.0148834132628	0.0297668265255
anë-	0.644444444444	0.111111111111	0.244444444444	0.0
dëë-	0.18679019924	0.763762594823	0.0241876530453	0.0252595528913
tɑr-	0.0684885815303	0.460930377354	0.411654177136	0.058926863979
mën-	0.36918328585	0.344729344729	0.162630579297	0.123456790123
mil-	0.0	1.0	0.0	0.0
yer-	0.00640688081446	0.984641039143	0.000921537651395	0.00803054239073
ódw-	0.426655464956	0.0829734216875	0.0171130758297	0.473258037527
óju-	0.224137931034	0.224137931034	0.534482758621	0.0172413793103
kwɑ-	0.513087896225	0.350609975807	0.0594488764042	0.0768532515635
dhy-	0.608856088561	0.191881918819	0.154981549816	0.0442804428044
óbw-	0.0	0.572327044025	0.427672955975	0.0
rɑ̈-	0.159129901114	0.675464539777	0.117065671204	0.0483398879044
ódø-	0.439176019754	0.17838840243	0.0969836628711	0.285451914945
ëme-	0.0	0.961165048544	0.0	0.0388349514563
dɑ́-	0.0609682781059	0.0589171411394	0.0121653640768	0.867949216678
jur-	0.0874037069856	0.816526496101	0.040111616237	0.0559581806763
gïg-	0.112468386028	0.405316186869	0.170241626062	0.311973801041
yöi-	0.0	1.0	0.0	0.0
kem-	0.0854187520854	0.864531197865	0.025025025025	0.025025025025
ɑkù-	0.00579710144927	0.994202898551	0.0	0.0
ɑkë-	0.510204081633	0.244897959184	0.244897959184	0.0
por-	0.0	1.0	0.0	0.0
wɑk-	0.372623574144	0.3536121673	0.159695817491	0.114068441065
buu-	0.27924576706	0.27719343253	0.413545407902	0.030015392509
yod-	0.702609136533	0.114846371094	0.0306980539414	0.151846438432
ped-	0.524390243902	0.227642276423	0.239837398374	0.00813008130079
ryë-	0.47377446439	0.436705940482	0.0691379015939	0.0203816935335
ólø-	0.571079686264	0.255274398525	0.0380271093388	0.135618805872
ɑ́ø-	0.667642752562	0.232796486091	0.0395314787701	0.0600292825769
gïí-	0.401721664275	0.469153515065	0.0	0.12912482066
ɑmö-	0.895833333333	0.104166666667	0.0	0.0
ɑdh-	0.683967568207	0.20107119607	0.0360419009292	0.0789193347932
mel-	0.0123868508814	0.959028108623	0.0	0.0285850404954
ótw-	0.54365473623	0.316402936971	0.0203552475343	0.119587079264
tyi-	0.0731707317074	0.609756097561	0.271341463415	0.0457317073171
wöd-	0.130590339893	0.802325581395	0.0241502683363	0.0429338103757
odu-	0.576470588235	0.282352941176	0.0	0.141176470588
rɑm-	0.0828729281768	0.875690607735	0.0	0.0414364640884
bɑn-	0.173215699496	0.0887536372248	0.0249951010185	0.713035562261
ɑ́ö-	0.873296193748	0.0679438903716	0.00632393713508	0.0524359787451
sɑn-	0.144448436939	0.786561264822	0.0172475745598	0.0517427236795
lɑ̈-	0.213849317644	0.508701207557	0.120617287844	0.156832186955
olø-	0.0866319369913	0.852204311198	0.0288773123304	0.0322864394806
ji--	0.0475814610177	0.261308934864	0.0439517070405	0.647157897077
lëd-	0.0234948604993	0.950073421439	0.0234948604993	0.00293685756241
ótø-	0.314158056409	0.543423624686	0.0628316112818	0.0795867076235
köt-	0.386953768208	0.368081063965	0.0734642178594	0.171500949968
mɑd-	0.537927551371	0.359122804675	0.0772644386673	0.0256852052867
mií-	0.147520401758	0.319522912743	0.0263653483993	0.5065913371
ɑpɑ-	0.381566380134	0.549665711557	0.0308022922636	0.0379656160459
jud-	0.433786078098	0.465619694397	0.0445670628183	0.0560271646859
cee-	0.0	1.0	0.0	0.0
ábï-	0.0878552971577	0.330749354005	0.178294573643	0.403100775194
nyi-	0.258665321144	0.325396073259	0.031582208813	0.384356396784
yøw-	0.140139391583	0.189644342078	0.125063563758	0.545152702582
yëd-	0.261904761905	0.726190476191	0.0	0.0119047619048
sɑp-	0.282427047178	0.67142306209	0.01761151819	0.0285383725415
and-	0.0	0.996946564885	0.00305343511451	0.0
per-	0.181499307848	0.165023557972	0.0727095703254	0.580767563855
nöö-	0.0100250626566	0.989974937343	0.0	0.0
sɑɑ-	0.00465026157722	0.867661305948	0.0139507847317	0.113737647743
lït-	0.0434782608696	0.826086956522	0.0	0.130434782609
wïï-	0.212362646981	0.5334623714	0.103980674299	0.150194307321
atw-	0.745454545455	0.181818181818	0.0727272727273	0.0
lid-	0.797840687761	0.0918504303979	0.0185271618102	0.0917817200313
rön-	0.812030075188	0.0977443609022	0.0	0.0902255639098
kör-	0.109253065775	0.869843924192	0.0133779264214	0.00752508361204
byë-	0.161507402423	0.781292059219	0.028936742934	0.0282637954239
ɑkw-	0.479872574573	0.239212279178	0.229076165653	0.0518389805966
cɑy-	0.572381934866	0.282665137997	0.0758296489429	0.0691232781946
dït-	0.0	0.807692307692	0.192307692308	0.0
døn-	0.132158442265	0.214530012954	0.519835752433	0.133475792348
kur-	0.0701410702424	0.907792076198	0.00394050956419	0.0181263439952
ome-	0.128353489585	0.756332105486	0.08255370473	0.0327607001988
ɑmw-	0.334821428571	0.504464285714	0.0803571428572	0.0803571428571
miɑ-	0.0656551724138	0.107034482759	0.0126896551724	0.814620689655
ótö-	0.403470209869	0.410857901983	0.05952839162	0.126143496528
tïn-	0.539611629001	0.24020082432	0.0527647921219	0.167422754557
ɑ́j-	0.474068262064	0.327500980777	0.0746959591997	0.12373479796
beg-	0.114967462039	0.885032537961	0.0	0.0
pin-	0.0443914603327	0.558172001772	0.0116637415095	0.385772796386
pëë-	0.243662447465	0.498566104059	0.160560431508	0.0972110169676
wun-	0.0255200847749	0.0399901445505	0.00724137750418	0.92724839317
yɑr-	0.0	1.0	0.0	0.0
okï-	0.539011406844	0.335057034221	0.104942965779	0.0209885931559
ópw-	0.573942040714	0.280559780106	0.0418579341714	0.103640245008
ter-	0.0220994475138	0.922651933702	0.0276243093923	0.0276243093922
bwö-	0.549132947977	0.291907514451	0.0867052023121	0.0722543352601
did-	0.0346820809248	0.127167630058	0.815028901734	0.0231213872832
riɑ-	0.0911170974397	0.0443988619917	0.00752256738407	0.856961473185
atö-	0.107142857143	0.839285714286	0.0	0.0535714285714
ker-	0.502448371301	0.222482435597	0.214392165212	0.0606770278901
gøm-	0.0	0.994791666667	0.0	0.00520833333333
ɑky-	0.775510204082	0.224489795918	0.0	0.0
led-	0.159644375725	0.555856204097	0.234248163896	0.0502512562814
wïl-	0.65511127415	0.212918806554	0.0784115920763	0.0535583272194
kon-	0.685534783473	0.14261911677	0.109631758358	0.0622143413992
ojy-	0.700934579439	0.205607476636	0.0747663551402	0.018691588785
abë-	0.88972089857	0.00612661674609	0.00408441116406	0.100068073519
col-	0.461300677684	0.404351444537	0.0606348828914	0.0737129948876
kïl-	0.0558879093199	0.842569269521	0.0188916876574	0.0826511335013
cïn-	0.062893081761	0.566037735849	0.100628930818	0.270440251572
wër-	0.294635004398	0.335971855761	0.292875989446	0.0765171503959
nim-	0.0	1.0	0.0	0.0
tor-	0.369080508969	0.493015292424	0.0643604809526	0.0735437176544
tul-	0.950819672131	0.0491803278689	0.0	0.0
ape-	0.602649006623	0.263245033113	0.00993377483444	0.12417218543
adö-	0.0923076923077	0.411538461538	0.230769230769	0.265384615385
águ-	0.1875	0.0	0.125	0.6875
apw-	0.555555555556	0.194444444444	0.0555555555556	0.194444444444
nɑu-	0.0	1.0	0.0	0.0
isr-	0.0137535294653	0.95536934147	0.00674014026779	0.0241369887968
lwe-	0.157826845739	0.819409666894	0.0136580924198	0.00910539494651
ønɑ-	0.19391083726	0.784342152954	0.0	0.0217470097861
yes-	0.0	1.0	0.0	0.0
ërö-	0.0117273393599	0.930368922551	0.0447104813096	0.0131932567799
yɑn-	0.0363393070045	0.0306380517317	0.00857144283413	0.92445119843
pun-	0.36	0.46	0.18	0.0
gɑ́-	0.0753031733353	0.845327136737	0.0377605112192	0.0416091787089
wur-	0.0207134637514	0.302646720368	0.36248561565	0.31415420023
tur-	0.67429760666	0.271592091571	0.041623309053	0.0124869927159
gɑj-	0.265508684863	0.645161290323	0.0372208436724	0.0521091811414
ɑto-	0.05	0.9	0.05	0.0
imɑ-	0.0	0.795008912656	0.0980392156863	0.106951871658
óöd-	0.834517680289	0.134510529515	0.0	0.0309717901963
lɑɑ-	0.558675195689	0.293501195327	0.118786828648	0.0290367803362
ócɑ-	0.629781738375	0.175959781775	0.0586295412006	0.13562893865
juu-	0.565819861432	0.163202463433	0.150115473441	0.120862201694
cet-	0.112298591652	0.210426642303	0.0682784472856	0.608996318759
awø-	0.148487626031	0.129239230064	0.00274977085243	0.719523373052
alw-	0.579256360078	0.350293542074	0.0410958904109	0.0293542074364
ken-	0.118286183456	0.191785761537	0.00773163004123	0.682196424966
ërɑ-	0.0	1.0	0.0	0.0
bub-	0.171875	0.828125	0.0	0.0
kɑw-	0.0727272727273	0.927272727273	0.0	0.0
otö-	0.95	0.05	0.0	0.0
wɑd-	0.177417166039	0.565106528866	0.114635487719	0.142840817376
pïs-	0.17130620985	0.82869379015	0.0	0.0
cïr-	0.466317854807	0.294637017659	0.120667102681	0.118378024853
ácw-	0.088785879836	0.833838473881	0.0181850597254	0.0591905865573
but-	0.121499455949	0.131654760836	0.0169195434866	0.729926239728
möl-	0.0575263662512	0.182646212848	0.7138063279	0.0460210930009
átï-	0.147959183673	0.158163265306	0.454081632653	0.239795918367
ane-	0.850877192983	0.0	0.0175438596491	0.131578947368
rɑr-	0.583333333333	0.416666666667	0.0	0.0
tɑ̈-	0.427337057728	0.368715083799	0.148081936685	0.0558659217877
apy-	0.58303546585	0.109394062627	0.0211896149483	0.286380856574
ajw-	0.153153153153	0.486486486486	0.0	0.36036036036
lug-	0.646364234342	0.236050406182	0.0332151997312	0.084370159745
mɑw-	0.230769230769	0.260596546311	0.0376766091051	0.470957613815
ser-	0.0	0.974248927039	0.0214592274678	0.00429184549356
wer-	0.331282051282	0.644102564103	0.0246153846154	0.0
wed-	0.638263525972	0.206217553298	0.0930800975375	0.0624388231928
ɑde-	0.0780881280302	0.909898313811	0.00758751041589	0.0044260477426
apɑ-	0.648793565684	0.252010723861	0.0368632707775	0.0623324396783
áci-	0.63503649635	0.233576642336	0.0	0.131386861314
ógï-	0.102040816327	0.0408163265306	0.69387755102	0.163265306122
lëg-	0.966666666667	0.0333333333333	0.0	0.0
lɑn-	0.23152173913	0.557608695652	0.104347826087	0.10652173913
luu-	0.284816038207	0.632510850031	0.0611685451183	0.0215045666431
bit-	0.025641025641	0.974358974359	0.0	0.0
yii-	0.1	0.574285714286	0.0171428571428	0.308571428571
kwø-	0.235523299284	0.381933788855	0.0377033532545	0.344839558607
ɑty-	0.58912386707	0.26586102719	0.14501510574	0.0
yës-	0.00508664103139	0.762882486752	0.00340530251542	0.228625569702
tør-	0.178145537346	0.761997562105	0.0199523001828	0.0399046003656
agø-	0.526315789474	0.473684210526	0.0	0.0
óör-	0.851165726229	0.0905000709818	0.0132077440277	0.0451264587613
trø-	0.0	1.0	0.0	0.0
yöt-	0.0	1.0	0.0	0.0
kɑɑ-	0.10009551545	0.69676004882	0.0465072302502	0.156637205479
lïw-	0.169971671388	0.13597733711	0.694050991501	0.0
bet-	0.0162849872774	0.97903307888	0.0	0.00468193384224
ɑci-	0.394683026585	0.269938650307	0.0	0.335378323108
epr-	0.0	1.0	0.0	0.0
áli-	0.624338624339	0.269841269841	0.042328042328	0.0634920634921
isk-	0.0	0.946828358209	0.0494402985075	0.00373134328358
otu-	0.212418300654	0.575163398693	0.0	0.212418300654
ɑlï-	0.694922031188	0.196721311475	0.0513794482207	0.0569772091164
ókï-	0.441188118812	0.330297029703	0.173861386139	0.0546534653465
møw-	0.0778255768479	0.738365271803	0.086820492765	0.0969886585843
ren-	0.851803782139	0.102953139138	0.00658081145061	0.0386622672723
dïw-	0.0610844200412	0.601235415237	0.333562113933	0.00411805078929
akw-	0.603439554881	0.290338897319	0.0576631259484	0.0485584218513
neb-	0.502304147465	0.0138248847926	0.290322580645	0.193548387097
ɑyu-	0.801886792453	0.0962264150943	0.022641509434	0.0792452830188
ngɑ-	0.230954640472	0.279899542188	0.0343906345229	0.454755182817
mun-	0.164557756259	0.754627402589	0.0614895530504	0.0193252881016
røn-	0.384710234279	0.350184956843	0.116214549938	0.14889025894
rep-	0.0	1.0	0.0	0.0
ɑ́k-	0.40116463183	0.137616935521	0.0564627836346	0.404755649015
cöö-	0.46786389414	0.249527410208	0.127599243856	0.155009451796
sɑb-	0.010447761194	0.97960199005	0.00298507462686	0.00696517412935
tøn-	0.378493966702	0.509240873683	0.09622727967	0.016037879945
ódi-	0.197957653507	0.283075916543	0.0419584156891	0.47700801426
tik-	0.0861356932153	0.892625368732	0.00707964601769	0.0141592920354
óbö-	0.201986463918	0.334622483959	0.360200404325	0.103190647798
yɑs-	0.0364126770061	0.963587322994	0.0	0.0
ɑtï-	0.635080645161	0.209558823529	0.0557400379507	0.0996204933586
gøl-	0.070095392826	0.768021482864	0.0145087750162	0.147374349293
óli-	0.768308697777	0.134116173955	0.0433667236746	0.0542084045932
mïl-	0.0643274853801	0.491228070176	0.233918128655	0.210526315789
gɑy-	0.0161290322581	0.983870967742	0.0	0.0
ɑmø-	0.314285714286	0.571428571429	0.0	0.114285714286
öri-	0.404109589041	0.267123287671	0.14897260274	0.179794520548
cɑl-	0.0230326295585	0.976967370442	0.0	0.0
dic-	0.0342569269521	0.843061053137	0.0563751949142	0.066306824997
rob-	0.0347222222222	0.423611111111	0.541666666667	0.0
oyi-	0.554263565891	0.27519379845	0.046511627907	0.124031007752
ain-	0.0	1.0	0.0	0.0
rëë-	0.321167883212	0.664233576642	0.0	0.014598540146
bye-	0.300072772164	0.605825808843	0.0493215735448	0.0447798454478
ibr-	0.0105189340813	0.964936886396	0.0245441795232	0.0
koo-	0.109567065545	0.168878461172	0.0283559247088	0.693198548574
jɑm-	0.164036174756	0.577411500818	0.0591747322398	0.199377592186
cuu-	0.537927350427	0.320512820513	0.106837606838	0.0347222222222
öde-	0.623529411765	0.223529411765	0.0	0.152941176471
teg-	0.0735672396652	0.613707108846	0.163325261249	0.14940039024
nën-	0.289204747857	0.582544071934	0.0781966226231	0.0500545575857
dïk-	0.0973475037957	0.720460837724	0.0375100473341	0.144681611146
ólw-	0.350176324385	0.405051596029	0.167475633401	0.0772964461853
ïïd-	0.0986460348162	0.901353965184	0.0	0.0
yïë-	0.379140129357	0.523097590551	0.0275024258887	0.0702598542032
ɑ́y-	0.568719061054	0.273180854675	0.0416854167802	0.116414667491
pöö-	0.315470643057	0.362068965517	0.168219944082	0.154240447344
nïn-	0.749694749695	0.118437118437	0.0952380952381	0.03663003663
akɑ-	0.355905792898	0.508402940624	0.0137961519328	0.121895114545
ɑ́w-	0.654815029174	0.163310351861	0.0321788976895	0.149695721275
wiy-	0.595262112084	0.144867536729	0.0209879381859	0.238882413001
gïw-	0.32	0.36	0.32	0.0
nɑt-	0.0	1.0	0.0	0.0
asɑ-	0.0	1.0	0.0	0.0
áör-	0.731481481481	0.194444444444	0.0555555555556	0.0185185185185
wøy-	0.581856100104	0.255474452555	0.0406673618352	0.122002085506
órö-	0.109225208235	0.828854314003	0.0466760961811	0.015244381581
órɑ-	0.656920615894	0.183037042467	0.0667786291139	0.0932637125253
rup-	0.0	0.961165048544	0.0388349514563	0.0
ójw-	0.355664488017	0.144607843137	0.0212418300653	0.47848583878
yep-	0.0	1.0	0.0	0.0
mop-	0.0	1.0	0.0	0.0
yos-	0.0486440471847	0.910768575946	0.00486440471847	0.0357229721513
owi-	0.296703296703	0.659340659341	0.043956043956	0.0
cöd-	0.48009848174	0.257283545343	0.198604842019	0.0640131308986
kor-	0.393011364933	0.397285057839	0.13905993398	0.0706436432483
rub-	0.0	0.600760456274	0.0	0.399239543726
ójy-	0.3300330033	0.663366336634	0.0	0.00660066006601
tɑɑ-	0.175880569163	0.719384184744	0.0221600186611	0.0825752274318
akï-	0.204979253112	0.713692946058	0.0	0.0813278008299
olï-	0.783329210982	0.139129359387	0.0467474647539	0.0307939648775
dhe-	0.0198064307688	0.955119470705	0.0225456180028	0.00252848052368
kɑ̈-	0.292333237379	0.201676950542	0.0824353644148	0.423554447664
óko-	0.551887120317	0.338847570724	0.0458747480364	0.0633905609231
nøw-	0.0781231191858	0.270218823528	0.25661801286	0.395040044426
mɑt-	0.0124219928426	0.987578007157	0.0	0.0
ant-	0.0285217096049	0.947413097916	0.0	0.0240651924791
yïd-	0.504951052371	0.144260071061	0.0391820194914	0.311606857076
ólö-	0.774677758316	0.0739268621498	0.00587309661985	0.145522282914
dut-	0.37786259542	0.30534351145	0.251908396947	0.0648854961832
wɑ̈-	0.147506335751	0.453460881731	0.0385109570497	0.360521825468
ölø-	0.0309653916211	0.677595628415	0.287795992714	0.00364298724955
øør-	0.196629213483	0.592696629213	0.210674157303	0.0
wød-	0.388601036269	0.269430051813	0.0233160621762	0.318652849741
tɑn-	0.053872053872	0.636363636364	0.262626262626	0.047138047138
art-	0.0303370786517	0.942696629213	0.0202247191011	0.0067415730337
røø-	0.492129246065	0.309030654515	0.101905550953	0.0969345484673
acd-	0.0	0.979166666667	0.0208333333333	0.0
