-ɔrɩ	0.360300767589	0.399766741788	0.203106391192	0.0368260994322
-iva	0.0	1.0	0.0	0.0
-ive	0.0332792875831	0.966720712417	0.0	0.0
-lɔl	0.418485237484	0.323491655969	0.130937098845	0.127086007702
-ivi	0.0191558441558	0.952597402597	0.0116883116883	0.0165584415584
-ufu	0.0	1.0	0.0	0.0
-oye	0.101694915254	0.474576271186	0.389830508475	0.0338983050847
-rɔŋ	0.020093770931	0.955793703952	0.0241125251172	0.0
-adɩ	0.155719704532	0.704132561389	0.125773607506	0.0143741265722
-ɔrɔ	0.270638259545	0.271280009307	0.314532442139	0.143549289009
-ɛgɩ	0.27880512091	0.36646514936	0.272581792319	0.0821479374111
-gɩɩ	0.12980999864	0.72258751256	0.0656567946788	0.0819456941219
-nti	0.0	0.960784313725	0.0392156862745	0.0
-naŋ	0.0503133999661	0.529739953423	0.0899486757525	0.329997970859
-ɛnɩ	0.409090909091	0.340909090909	0.0	0.25
-kiŋ	0.206549711915	0.109547134127	0.0148482462994	0.669054907659
-nyʋ	0.383829460918	0.53693496672	0.0465123100094	0.0327232623518
-ŋɩɩ	0.341500145892	0.437148800392	0.109842530802	0.111508522914
-asʋ	0.305093692267	0.423556912868	0.216642159635	0.0547072352298
-siŋ	0.204106034969	0.28557999624	0.484406843392	0.0259071253995
-pul	0.575508842176	0.375161828495	0.0	0.0493293293293
-ɔkɩ	0.0869685256765	0.9014356709	0.00579790171176	0.00579790171178
-bɩl	0.0884324915233	0.0937884687417	0.0797810032598	0.737998036475
-ŋŋi	0.498738681857	0.42355415808	0.0449086834129	0.0327984766498
-aki	0.060684969304	0.939315030696	0.0	0.0
-ɩŋa	0.466706294498	0.190551719101	0.0612546543865	0.281487332015
-ŋŋa	0.368658551414	0.384371157977	0.0432333112664	0.203736979343
-ŋŋe	0.5064171123	0.312299465241	0.107486631016	0.0737967914438
-ɛnɛ	0.664285714286	0.278571428571	0.0142857142857	0.0428571428571
-ɔsi	0.013468013468	0.959595959596	0.026936026936	0.0
-opa	0.0973684210526	0.84947368421	0.00631578947369	0.0468421052632
-bɛɛ	0.0350877192982	0.877192982456	0.0877192982456	0.0
-imu	0.127931769723	0.703624733476	0.00959488272922	0.158848614072
-dee	0.106962129846	0.74857043597	0.080481642459	0.0639857917252
-msi	0.0022040302267	0.995591939547	0.00125944584383	0.000944584382874
-sɔŋ	0.202512490125	0.437248945711	0.313271244339	0.0469673198251
-ʋʋŋ	0.180625	0.670625	0.14875	0.0
-ima	0.0225423778954	0.961127710558	0.0127799307754	0.00354998077094
-lʋŋ	0.109444736489	0.42798169393	0.365737448076	0.0968361215046
-ime	0.44504329279	0.38066635363	0.0887894254088	0.0855009281714
-aka	0.0	1.0	0.0	0.0
-imi	0.614485981308	0.231308411215	0.114953271028	0.0392523364486
-nyɛ	0.100601462527	0.225370978358	0.0282548573274	0.645772701787
-yɔɔ	0.0571428571428	0.819047619048	0.0761904761904	0.047619047619
-imm	0.1875	0.253676470588	0.509191176471	0.0496323529412
-yaŋ	0.0538888897438	0.0358869769554	0.0151289466039	0.895095186697
-yoŋ	0.0784135759176	0.763989163469	0.129268259142	0.0283290014714
-lla	0.190856035512	0.542801775615	0.238325934939	0.0280162539339
-obo	0.0176991150442	0.805309734513	0.176991150442	0.0
-lle	0.402243890777	0.33590054475	0.0669410338291	0.194914530644
-lli	0.377057717858	0.422618384775	0.0888605801354	0.111463317231
-oba	0.0	1.0	0.0	0.0
-llo	0.462159434914	0.335015136226	0.190716448032	0.0121089808274
-asɩ	0.667619602982	0.270189688405	0.023304994321	0.0388857142913
-obe	0.173913043478	0.826086956522	0.0	0.0
-fɩl	0.663358147229	0.242349048801	0.0173697270472	0.0769230769231
-kpa	0.487823482757	0.0434110853693	0.012997945955	0.455767485918
-bil	0.16285992527	0.409753638103	0.383736108905	0.0436503277228
-bii	0.0888430178993	0.804384512323	0.0805062847867	0.0262661849914
-uta	0.0	1.0	0.0	0.0
-azɔ	0.0	1.0	0.0	0.0
-mɩŋ	0.152325877515	0.42975440725	0.417919715235	0.0
-haŋ	0.201303151374	0.193470924175	0.0911032195404	0.514122704911
-adʋ	0.0314895947426	0.120208105148	0.0492880613363	0.799014238773
-gʋŋ	0.103092783505	0.896907216495	0.0	0.0
-rii	0.590794627868	0.231673195299	0.143956351427	0.0335758254057
-maŋ	0.791010230268	0.130497108533	0.0513960855063	0.0270965756921
-tee	0.0185456143347	0.0240439656434	0.383160696161	0.574249723861
-utu	0.510134529148	0.412376681614	0.0387443946188	0.0387443946189
-ɩlo	0.0230547550432	0.432276657061	0.544668587896	0.0
-yʋʋ	0.358710915932	0.0876173191361	0.0195563513062	0.534115413625
-hɛm	0.0116438356164	0.971917808219	0.0068493150685	0.00958904109589
-ɩga	0.364505883502	0.311054457473	0.285933430474	0.0385062285513
-ara	0.366731767044	0.497414007939	0.0871136943926	0.0487405306239
-gye	0.466820836436	0.36487280994	0.108180143456	0.0601262101673
-aro	0.155057540884	0.770442156269	0.0599636583888	0.0145366444579
-luu	0.0651256281407	0.79816223977	0.110868628859	0.0258435032304
-gya	0.03703243702	0.957378542301	0.00434701608396	0.00124200459542
-ram	0.0	1.0	0.0	0.0
-azɩ	0.0	1.0	0.0	0.0
-dʋŋ	0.0531786586277	0.0965209466852	0.0852493503429	0.765051044344
-dɔŋ	0.210638915385	0.663529813187	0.0796690736415	0.0461621977869
-ʋyɩ	0.126336560166	0.762968036366	0.0644332605532	0.0462621429154
-aya	0.0160456094981	0.9752556718	0.0007053015164	0.00799341718585
-wɛɛ	0.235953969635	0.70747509912	0.0348128807659	0.0217580504787
-ayi	0.284938941655	0.649932157395	0.0325644504749	0.0325644504749
-ɩra	0.371630525937	0.562237929795	0.0388163412004	0.027315203067
-lɩɩ	0.201649162481	0.136976433856	0.0484512112502	0.612923192412
-gbɛ	0.277202072539	0.401554404145	0.185233160622	0.136010362694
-ahɔ	0.0	1.0	0.0	0.0
-gɛɛ	0.142258061203	0.0802511562486	0.0165860011224	0.760904781426
-lɔŋ	0.0375793896237	0.627650881145	0.0187896948118	0.315980034419
-tɩŋ	0.338395647286	0.094542802903	0.0152019373239	0.551859612487
-awʋ	0.0445025644509	0.870194626541	0.0622397337047	0.0230630753031
-ota	0.0	1.0	0.0	0.0
-ɩpa	0.0415754923413	0.936105032823	0.017067833698	0.00525164113786
-oti	0.0223438212494	0.955312357501	0.00820793433652	0.0141358869129
-ali	0.0154812075342	0.863249333448	0.121269459018	0.0
-oto	0.0147796711213	0.0368148171566	0.0870905387523	0.86131497297
-uma	0.0320997970112	0.781384523851	0.131756815875	0.0547588632625
-otu	0.0357142857143	0.928571428571	0.0357142857143	0.0
-umo	0.218778486782	0.737465815861	0.0437556973564	0.0
-umi	0.0338983050847	0.762711864407	0.0677966101695	0.135593220339
ALL	0.250905780773	0.360039910542	0.0646258800104	0.324428428675
-ʋda	0.0	1.0	0.0	0.0
-nal	0.0354450774762	0.484223990245	0.00908086844659	0.471250063832
-nam	0.013078470825	0.953722334004	0.010060362173	0.023138832998
-ŋiŋ	0.117647058824	0.576470588235	0.194117647059	0.111764705882
-kii	0.0765116180703	0.764411892468	0.130314136723	0.028762352739
-naa	0.639204873122	0.183915184001	0.0258702179364	0.15100972494
-sʋl	0.683763304279	0.163593359905	0.0724891594762	0.0801541763392
-kim	0.0	1.0	0.0	0.0
-kil	0.858517260894	0.0313148462554	0.0316921335597	0.0784757592907
-sii	0.550524617244	0.167832678796	0.0124853032073	0.269157400752
-ʋlɩ	0.4312	0.491064150943	0.041962264151	0.0357735849056
-oyi	0.467718243655	0.399629386907	0.0666651601094	0.0659872093286
-puŋ	0.240307464095	0.706290877217	0.013350414672	0.0400512440159
-gol	0.323179316524	0.227569435556	0.0319979521311	0.417253295789
-puu	0.51395793499	0.175908221797	0.215296367113	0.0948374760995
-lku	0.0819672131148	0.918032786885	0.0	0.0
-lɛɛ	0.0919540229885	0.304597701149	0.557471264368	0.0459770114943
-lki	0.0	1.0	0.0	0.0
-bɩɩ	0.519230769231	0.442307692308	0.0384615384615	0.0
-biŋ	0.20076678174	0.57284510437	0.0861624991776	0.140225614713
-deŋ	0.419389042482	0.255619399148	0.0579545026175	0.267037055752
-mfa	0.0	1.0	0.0	0.0
-yaa	0.646474158607	0.027371652441	0.0148835035364	0.311270685415
-lʋl	0.469344662359	0.450833367727	0.0212019826683	0.0586199872455
-yam	0.139534883721	0.705426356589	0.15503875969	0.0
-yal	0.104174614642	0.793631338425	0.0737436788233	0.0284503681096
-ŋii	0.118511971718	0.624377309979	0.230596175478	0.026514542825
-bee	0.0421376612133	0.106206559329	0.0167066122996	0.834949167158
-iso	0.041316216615	0.928581968423	0.00442673749447	0.0256750774679
-hɔŋ	0.655823801195	0.0881100676818	0.008341973621	0.247724157502
-ɩsɩ	0.117946702715	0.685930681141	0.0442541881764	0.151868427968
-rem	0.0	1.0	0.0	0.0
-ise	0.612457116448	0.220097054589	0.0655918374603	0.101853991503
-eyɔ	0.0909090909091	0.909090909091	0.0	0.0
-isa	0.0546946216955	0.835916134913	0.0820419325433	0.0273473108478
-luŋ	0.277992277992	0.49806949807	0.189189189189	0.034749034749
-isu	0.0322580645161	0.967741935484	0.0	0.0
-iti	0.0227936462711	0.926775411354	0.0331932473823	0.0172376949925
-evi	0.114848605732	0.854074712718	0.0256720412812	0.00540464026972
-dɔm	0.0136617677499	0.924860277375	0.0546470709998	0.00683088387498
-vɩŋ	0.0889555446121	0.808076285983	0.0635716524153	0.0393965169898
-ŋgi	0.576923076923	0.423076923077	0.0	0.0
-gʋl	0.303734439834	0.519502074689	0.119502074689	0.0572614107884
-hal	0.241496965488	0.0728676013293	0.07217209781	0.613463335373
-ham	0.0486423010347	0.905186021153	0.0383556629887	0.00781601482374
-mal	0.584801867347	0.200412236039	0.0186325229665	0.196153373647
-maa	0.172866376088	0.346943546906	0.127582032586	0.35260804442
-teŋ	0.251464836655	0.469426991465	0.0457994822967	0.233308689583
-ɛdɩ	0.186131386861	0.813868613139	0.0	0.0
-uno	0.216740882916	0.70457027133	0.0263383390451	0.0523505067089
-ɔra	0.530612244898	0.30612244898	0.122448979592	0.0408163265306
-uni	0.231029810298	0.559566395664	0.0717073170732	0.137696476965
-ʋɩɩ	0.116788321168	0.58394160584	0.284671532847	0.014598540146
-dii	0.25919850357	0.618090466364	0.0671141175042	0.0555969125612
-kɛŋ	0.0357142857143	0.964285714286	0.0	0.0
-unu	0.32183908046	0.310344827586	0.344827586207	0.0229885057471
-doŋ	0.207205992319	0.123917833458	0.0265711269546	0.642305047269
-ɩrɩ	0.798318577406	0.11565508084	0.0269808364086	0.0590455053456
-500	0.0247933884298	0.446280991736	0.140495867769	0.388429752066
-gaa	0.698766175143	0.268733072525	0.0108335841108	0.0216671682215
-ada	0.0841121495327	0.906948394961	0.00650142218611	0.00243803331979
-foŋ	0.418315296064	0.17084855587	0.0634176604398	0.347418487627
-laŋ	0.227432316455	0.330069439026	0.206951704767	0.235546539752
-144	0.0986031224323	0.164338537387	0.0	0.737058340181
-noŋ	0.101186853317	0.849107324001	0.0209981740718	0.0287076486103
-aaŋ	0.0782659990736	0.669743117831	0.0860714738237	0.165919409272
-tɔɔ	0.149410015373	0.667747675093	0.0359182439074	0.146924065627
-yʋl	0.0640809443508	0.767284991568	0.168634064081	0.0
-ɛga	0.0	1.0	0.0	0.0
-ɔgɔ	0.68246150297	0.19049541496	0.0492992675471	0.0777438145221
-ini	0.183631878151	0.67645607637	0.0855947656334	0.0543172798455
-sek	0.283333333333	0.583333333333	0.05	0.0833333333333
-loŋ	0.0230042302431	0.142328966106	0.0436549818679	0.791011821783
-kɩŋ	0.193786919063	0.621931088178	0.0278388907467	0.156443102012
-ina	0.0254318109569	0.949136378086	0.00254318109569	0.0228886298612
-see	0.0842490522527	0.103466047064	0.0333676909907	0.778917209692
-ɛna	0.0	1.0	0.0	0.0
-ine	0.124387730316	0.696995781029	0.0421779231529	0.136438565502
-ɔsɔ	0.420457740711	0.522650859625	0.0319803725921	0.0249110270717
-ɛti	0.0268568617806	0.964682734875	0.00688637481555	0.00157402852926
-kpʋ	0.68125891672	0.273689924893	0.0108572960699	0.0341938623176
-guu	0.290598290598	0.08547008547	0.0	0.623931623932
-mʋʋ	0.674791297528	0.127731141255	0.0399790861823	0.157498475034
-anɩ	0.163393339589	0.666484008338	0.136401978279	0.0337206737936
-oho	0.156599194905	0.755601781301	0.0483695992284	0.0394294245659
--ma	0.422276171559	0.177051913975	0.077736089654	0.322935824812
-ohi	0.0253164556962	0.544303797468	0.430379746835	0.0
-ŋŋɩ	0.354106611759	0.283466788683	0.026157248532	0.336269351026
-kuu	0.175567123454	0.2883638909	0.0548087940794	0.481260191566
-edi	0.0104956268222	0.986005830904	0.0	0.00349854227405
-ool	0.0665884516599	0.848114912642	0.0272695563941	0.0580270793037
-ɔsɩ	0.270517997656	0.564546557437	0.107247471475	0.057687973432
-kum	0.0	1.0	0.0	0.0
-bal	0.118317081203	0.707763672856	0.136498159858	0.0374210860828
-pɔɔ	0.47872611465	0.364331210191	0.12076433121	0.036178343949
-baa	0.755716915293	0.0365201669504	0.00528739188296	0.202475525873
-ɩma	0.713339524542	0.144314100144	0.0931481396146	0.049198235699
-ɔlɩ	0.268176705185	0.264341957255	0.288245219348	0.179236118212
-llɔ	0.530275229358	0.31880733945	0.0610091743119	0.0899082568807
-ɛfʋ	0.0245296617541	0.962074707359	0.00713273852425	0.00626289236275
-ɩba	0.431622088007	0.52955133736	0.0129421915444	0.0258843830889
-yɔl	0.323076923077	0.0740384615384	0.0	0.602884615385
-yɔm	0.0727272727273	0.890909090909	0.0363636363636	0.0
-isi	0.28336851971	0.582910557766	0.0864587192949	0.047262203229
-asa	0.35334367984	0.530712383111	0.0527085031715	0.0632354338776
-ʋra	0.371635194857	0.322820409803	0.083969465649	0.221574929691
-llɩ	0.377220410259	0.38049453912	0.126514601249	0.115770449372
-asi	0.0315960581124	0.938738189576	0.0164583968302	0.0132073554811
-ɔlɔ	0.326162208994	0.407059597995	0.152059071228	0.114719121784
-mba	0.283243080626	0.617779783394	0.00631768953067	0.0926594464501
-asu	0.0	1.0	0.0	0.0
-bɛl	0.0900401195508	0.876194835618	0.0253237836237	0.00844126120789
-yel	0.284518828452	0.234309623431	0.10460251046	0.376569037657
-iyi	0.407439150839	0.446199212452	0.0949372778653	0.0514243588437
-i-ʋ	0.64161849711	0.242774566474	0.0	0.115606936416
-yee	0.263708623586	0.348293852366	0.363139743955	0.0248577800921
-ʋŋʋ	0.180738362761	0.624077046549	0.173996789727	0.0211878009631
-tuŋ	0.663241728708	0.258181790394	0.029569187753	0.0490072931448
-iwu	0.0489432703004	0.944382647386	0.00667408231368	0.0
-eru	0.0	1.0	0.0	0.0
-ɛla	0.291084690976	0.540189784919	0.13276816467	0.0359573594351
-eri	0.555066523995	0.221941814217	0.106599907129	0.116391754659
-ral	0.026686159997	0.909074680924	0.0324116190821	0.0318275399967
-gɔŋ	0.0	1.0	0.0	0.0
-gyɛ	0.104	0.896	0.0	0.0
-rɩp	0.341666666667	0.425	0.233333333333	0.0
-ere	0.3001162472	0.459166989575	0.137511931877	0.103204831347
-ɩlɩ	0.245705249246	0.274771641133	0.406783029872	0.0727400797491
-ugu	0.0420560747664	0.957943925234	0.0	0.0
-gyɩ	0.87770581441	0.0155170926752	0.0172281228682	0.0895489700468
-ɩgɩ	0.171971162979	0.145812597243	0.0694669783837	0.612749261394
-arɩ	0.384578378549	0.32577538801	0.135258326015	0.154387907426
-poo	0.107659473559	0.809817405739	0.0825231207019	0.0
-ugo	0.223938144036	0.330548625042	0.39506512958	0.0504481013411
-ele	0.530772651898	0.201789099269	0.0207572525869	0.246680996246
-ugi	0.149960536701	0.60492852758	0.235902832588	0.00920810313075
-ŋnɛ	0.151956538855	0.128887489174	0.0135422407684	0.705613731202
-ike	0.0	1.0	0.0	0.0
-boo	0.327657553761	0.672342446239	0.0	0.0
-laa	0.600005170037	0.197278804901	0.0365600987714	0.166155926291
-ika	0.0164203612479	0.95894909688	0.00328407224959	0.0213464696223
-iko	0.0472647702407	0.943544857768	0.00919037199125	0.0
-lam	0.0377556371264	0.94336654431	0.0	0.0188778185632
-ayɩ	0.280924810439	0.417257049908	0.0697702842934	0.232047855359
-iki	0.0526373505867	0.400701831341	0.522352597142	0.0243082209307
-foo	0.511756569848	0.287326199316	0.0262065953265	0.17471063551
-aal	0.0669742914159	0.779203826051	0.0374280015322	0.116393881001
-iku	0.0529801324504	0.940007791196	0.00389559797429	0.00311647837943
-gɩŋ	0.107321724456	0.851248933383	0.0319597782387	0.00946956392258
-yʋŋ	0.153481244251	0.623760610358	0.18462531636	0.0381328290314
-nnɔ	0.351687582311	0.465840199397	0.128759101843	0.0537131164492
-kɔɔ	0.0749532865516	0.217721149458	0.112890708228	0.594434855762
-gel	0.140887744281	0.812149674292	0.046962581427	0.0
-bol	0.237493783924	0.683826563542	0.0596478791277	0.0190317734068
-aha	0.138651072587	0.238337519278	0.0213107808747	0.60170062726
-kɛm	0.0	1.0	0.0	0.0
-fʋŋ	0.543209876543	0.407407407407	0.0246913580247	0.0246913580247
-doo	0.473987148634	0.217704120872	0.0540848984048	0.254223832089
-ayɛ	0.133071154198	0.218355588074	0.596442290104	0.0521309676239
-haa	0.196261682243	0.560084056849	0.144334457778	0.09931980313
-too	0.126647866939	0.177571357436	0.59289749699	0.102883278635
-tol	0.294904907255	0.583939891993	0.0549424747593	0.066212725992
-mpa	0.0	1.0	0.0	0.0
-lfa	0.0	1.0	0.0	0.0
-oli	0.348000946298	0.473148805299	0.0113555713272	0.167494677076
-saa	0.667823467784	0.289614981666	0.0165007857517	0.0260607647983
-ibi	0.0887096774193	0.0725806451613	0.152073732719	0.686635944701
-olo	0.138551880556	0.750308107192	0.0513678260396	0.059772186212
-iba	0.00953895071544	0.971383147854	0.0190779014308	0.0
-sam	0.0	1.0	0.0	0.0
-sal	0.270661157025	0.512396694215	0.117768595041	0.099173553719
-loo	0.230822391154	0.547339322737	0.16793365584	0.0539046302695
-lom	0.0114942528736	0.931034482759	0.0	0.0574712643678
-akɩ	0.101164929491	0.871244635193	0.00735744941752	0.0202329858983
-kɩl	0.192099147947	0.647560030984	0.0395042602634	0.120836560806
-mɛɛ	0.0262008733624	0.960698689956	0.0	0.0131004366812
-ɩ-ŋ	0.254901960784	0.483660130719	0.248366013072	0.0130718954248
-roo	0.22677223803	0.411357169368	0.0144748237041	0.347395768898
-ʋla	0.674079360142	0.259005460237	0.0254415730253	0.0414736065959
-ɩɩl	0.249978682402	0.644490679946	0.02888960895	0.076641028702
-ipi	0.0723702664797	0.7396914446	0.0639551192146	0.123983169705
-yɔŋ	0.0649182478979	0.918506880298	0.0103592948773	0.00621557692639
-sʋʋ	0.268825207035	0.490615323582	0.198967411592	0.0415920577904
-ɛra	0.216666666667	0.654166666667	0.1125	0.0166666666666
-ida	0.146017699115	0.765486725664	0.0353982300885	0.0530973451327
-riŋ	0.10088269445	0.451296940306	0.252361421847	0.195458943398
-ɩmɩ	0.627636900504	0.212154239477	0.0841368420753	0.0760720179447
-yeŋ	0.646106870229	0.185038167939	0.0170992366412	0.151755725191
-ʋwa	0.298155710126	0.477513835834	0.0522324490869	0.172098004953
-ɔla	0.339869281046	0.372549019608	0.183006535948	0.104575163399
-ipu	0.0283018867925	0.962264150943	0.00943396226415	0.0
-fáá	0.420634920635	0.246569814366	0.223298358892	0.109496906107
-baŋ	0.302993138363	0.191076675376	0.121597154208	0.384333032053
-lɛm	0.0147327992319	0.971100223328	0.0014574197669	0.0127095576731
-awa	0.0898539872707	0.792961437664	0.0767502807937	0.0404342942718
-feŋ	0.161345113331	0.776156936033	0.034924715433	0.0275732352025
-ʋnɩ	0.114326162771	0.174717723836	0.669175788129	0.041780325265
-imo	0.0535158369152	0.892150398531	0.0163585527689	0.0379752117848
-ita	0.0154792471157	0.960065789102	0.00553611586975	0.0189188479124
-wɩɩ	0.105454023215	0.31469960331	0.031280666262	0.548565707214
-276	0.0	0.36	0.0	0.64
-ato	0.0609093312704	0.883175510924	0.0319235401835	0.0239916176226
-ɩsa	0.411128156142	0.353819402978	0.0768574983361	0.158194942543
-rɛɛ	0.39430449069	0.566265060241	0.039430449069	0.0
-ɩmɔ	0.536842105263	0.305263157895	0.0842105263158	0.0736842105263
-lʋʋ	0.12597797143	0.689258990617	0.0359876755947	0.148775362358
-mɩɩ	0.36923861886	0.400969087142	0.167611656091	0.0621806379068
-ɔyɩ	0.432840372008	0.489403872542	0.0594602835798	0.0182954718707
-tɩɩ	0.082253942968	0.240647363286	0.282035907239	0.395062786506
-eyi	0.244762954796	0.58434399118	0.128996692392	0.0418963616317
-raŋ	0.136268343815	0.69392033543	0.0754716981132	0.0943396226415
-eyo	0.016	0.848	0.008	0.128
-200	0.0647668393782	0.455958549223	0.0777202072539	0.401554404145
-eye	0.25375992727	0.482525086364	0.159519404945	0.104195581422
-ɛyi	0.123809523809	0.590476190476	0.247619047619	0.0380952380952
-bɔŋ	0.184777061474	0.54508415968	0.238493966704	0.0316448121425
-bʋl	0.041825095057	0.893219264892	0.0611533586818	0.00380228136882
-ɔɔŋ	0.0176413994298	0.945160475107	0.0127245077566	0.0244736177061
-lee	0.0462181265624	0.103320885709	0.0115716578354	0.838889329893
-mɔn	0.0	0.996575342466	0.0	0.00342465753425
-mɔl	0.147606382574	0.0300152002304	0.811835104155	0.010543313041
-vɔŋ	0.243243243243	0.0540540540541	0.405405405405	0.297297297297
-ʋrɩ	0.60133498301	0.245712802549	0.0871627248232	0.0657894896175
-nʋʋ	0.042161281539	0.894317420071	0.0464646534515	0.0170566449379
-eel	0.122314049587	0.75867768595	0.119008264463	0.0
-ifi	0.102054794521	0.482876712329	0.238356164384	0.176712328767
-ndu	0.0	0.931034482759	0.0689655172414	0.0
-rrr	0.495680345572	0.33909287257	0.119870410367	0.0453563714903
-oŋo	0.119760479042	0.808383233533	0.0538922155688	0.0179640718563
-gil	0.237853718023	0.511488040797	0.171503007123	0.0791552340568
-oŋi	0.826086956522	0.0	0.173913043478	0.0
-gii	0.094590407228	0.306929562764	0.551152209012	0.0473278209958
-liŋ	0.235661286114	0.189201238061	0.250146008713	0.324991467112
-pʋw	0.190476190476	0.498964803313	0.271911663216	0.0386473429951
-ala	0.0810839788424	0.544068998942	0.0600840607521	0.314762961463
-paŋ	0.345636144148	0.514058515188	0.0793331432393	0.0609721974241
-ɩna	0.169678595773	0.632986703469	0.0673646993838	0.129970001374
-yol	0.371518987342	0.247848101266	0.161265822785	0.219367088608
-waŋ	0.399757281554	0.267475728155	0.191504854369	0.141262135922
-mmm	0.152	0.392	0.456	0.0
-ʋpɛ	0.0279850746269	0.241604477612	0.00559701492538	0.724813432836
-pɛɛ	0.356305230975	0.279662436654	0.156950203124	0.207082129246
-pel	0.218507462687	0.534328358209	0.103880597015	0.14328358209
-pɩŋ	0.517219319757	0.184827806802	0.0696236272524	0.228329246188
-ogu	0.0219503260019	0.97090305623	0.0	0.00714661776806
-ogi	0.304748110539	0.269658798137	0.223224697857	0.202368393467
-ʋsɩ	0.303121038814	0.548658977792	0.0883717083122	0.0598482750817
-iyo	0.0809968847352	0.88017284695	0.009647271631	0.0291829966838
-eli	0.558536262296	0.322599535698	0.0641378685313	0.0547263334751
-ɩyɩ	0.484548825711	0.363411619283	0.088998763906	0.0630407911001
-ogo	0.343994492049	0.509762774965	0.114187124763	0.0320556082229
-iye	0.126320300166	0.601261261112	0.165771154057	0.106647284665
-ela	0.0	1.0	0.0	0.0
-iya	0.0478395466034	0.885505816942	0.0444561576166	0.0221984788382
-atɩ	0.0790216368768	0.920978363123	0.0	0.0
-abu	0.00833333333335	0.983333333333	0.00833333333335	0.0
-ɔtɩ	0.0302551496419	0.916900973505	0.041369807975	0.0114740688786
-itu	0.0673036975488	0.895305359369	0.0224345658496	0.0149563772331
-esu	0.00699255268899	0.713919090812	0.00468572446572	0.274402632033
-diŋ	0.138067277215	0.835758000672	0.017264799965	0.00890992214773
-esi	0.124534890144	0.816267263934	0.0396937051719	0.0195041407505
-ɩtɩ	0.209621993127	0.5264604811	0.136082474227	0.127835051546
-ŋtɩ	0.103448275862	0.896551724138	0.0	0.0
-ese	0.122361942687	0.814605824323	0.0268011069405	0.0362311260492
-ɛri	0.0	1.0	0.0	0.0
-faa	0.19386691199	0.317019319227	0.210916896657	0.278196872125
-udu	0.0	1.0	0.0	0.0
-ŋsɩ	0.255431787553	0.556522526833	0.137892115211	0.0501535704029
-ɩtɔ	0.0819672131147	0.885245901639	0.0327868852459	0.0
-666	0.0873786407767	0.145631067961	0.0	0.766990291262
-eza	0.0	1.0	0.0	0.0
-ɛɛɛ	0.366812227074	0.371179039301	0.0567685589519	0.205240174672
-uda	0.027700831025	0.96675900277	0.0	0.005540166205
-suŋ	0.0695652173913	0.904347826087	0.0173913043478	0.00869565217391
-tʋŋ	0.456781113891	0.403495968863	0.0864146047632	0.0533083124826
--pɔ	0.312302839117	0.659305993691	0.00946372239748	0.0189274447949
-udi	0.0144927536232	0.95652173913	0.0289855072464	0.0
-ril	0.175257731959	0.623711340206	0.139175257732	0.061855670103
-̃ʋ̃	0.464120185392	0.438069362314	0.0632891161898	0.0345213361036
-hul	0.740731251121	0.248507520049	0.0	0.0107612288298
-hum	0.0	1.0	0.0	0.0
-amɛ	0.0145744968748	0.0143159362929	0.00896717486843	0.962142391964
-rim	0.0	1.0	0.0	0.0
-ŋka	0.272275915442	0.114518154653	0.0401284536719	0.573077476234
-amɔ	0.0681818181818	0.863636363636	0.0681818181818	0.0
-wol	0.177435970303	0.657347873965	0.139639799652	0.0255763560797
-huu	0.0359869138495	0.872696292257	0.0868184296619	0.00449836423119
-rɩɩ	0.219382602204	0.695292183238	0.0537576174515	0.0315675971057
-nɔɔ	0.0275650842267	0.215926493109	0.728943338438	0.0275650842266
-tiŋ	0.131147540984	0.803278688525	0.0655737704918	0.0
-gba	0.179864595612	0.117513900335	0.110315978344	0.592305525709
-kol	0.665893943784	0.188640973631	0.0860620110113	0.0594030715734
-koo	0.0654936816942	0.0330500023889	0.0204661012378	0.880990214679
-ɔmɔ	0.124139773185	0.648426276617	0.204555071468	0.0228788787297
-gbo	0.145454545455	0.363636363636	0.0909090909091	0.4
-ɛbɛ	0.169014084507	0.492957746479	0.281690140845	0.056338028169
-amɩ	0.0879281537177	0.142439431913	0.0167084377611	0.752923976608
-sol	0.11214953271	0.854205607477	0.0336448598131	0.0
-ori	0.194184012295	0.679709085158	0.062515533344	0.0635913692034
-tuu	0.187987519501	0.0700676541913	0.0291276007476	0.71281722556
-yɩŋ	0.70700845613	0.118332464114	0.0356297410091	0.139029338747
-ora	0.0549338758901	0.884028484232	0.0122075279756	0.0488301119024
-ɔbɩ	0.0107962213225	0.983805668016	0.00161943319838	0.00377867746289
-val	0.539099526066	0.39691943128	0.00710900473934	0.0568720379147
-aba	0.465605492117	0.272203710588	0.228832436586	0.0333583607081
-usɩ	0.051724137931	0.948275862069	0.0	0.0
-gal	0.258179654967	0.66240333135	0.0342058298632	0.0452111838192
-pʋŋ	0.360920468308	0.490109002826	0.0908356883326	0.0581348405329
-ɩka	0.0289843172674	0.949010592003	0.0107562197225	0.0112488710075
-ɩla	0.219143862743	0.611382331833	0.124951762761	0.0445220426624
-ɛtɩ	0.0825971731449	0.869699646643	0.0344522968198	0.0132508833922
-ruu	0.0	1.0	0.0	0.0
-ɛki	0.0739710789766	0.908231368187	0.00333704115684	0.0144605116796
-lim	0.0	1.0	0.0	0.0
-omi	0.0	1.0	0.0	0.0
-giŋ	0.0676833747245	0.648319552706	0.0432253394931	0.240771733076
-lii	0.126958209839	0.642194494999	0.153369561216	0.077477733945
-oma	0.0863509178308	0.700052271772	0.164707329322	0.0488894810745
-adi	0.01027947422	0.858371688525	0.0494937647628	0.0818550724924
-ome	0.0	1.0	0.0	0.0
-lni	0.30559795645	0.639263574343	0.05233481823	0.00280365097661
-leŋ	0.6804033615	0.0569177639508	0.0181767050243	0.244502169525
-wɔl	0.456221198157	0.470704410797	0.0631994733377	0.00987491770902
-l-ɩ	0.298572676959	0.288960093213	0.0745703466356	0.337896883192
-muŋ	0.204465967178	0.609362389023	0.179714823783	0.00645682001615
-n-ɩ	0.420205306557	0.318786110955	0.188814719246	0.0721938632412
-mɔŋ	0.0713194676778	0.242187945186	0.0792657378537	0.607226849283
-gɩl	0.125929808911	0.787088830058	0.0604689134785	0.0265124475529
-iza	0.166666666667	0.692307692308	0.0320512820513	0.108974358974
-ʋma	0.338895612625	0.528695630859	0.0806494397128	0.0517593168039
-odo	0.351620947631	0.610972568579	0.0	0.0374064837905
-uri	0.647256874466	0.202979782571	0.0871446026296	0.0626187403342
-ŋʋʋ	0.217570463161	0.456073842097	0.306576561727	0.0197791330147
-ŋmɛ	0.026325577551	0.18803983965	0.276480555441	0.509154027359
-ʋgʋ	0.226490066225	0.694922737307	0.0441501103753	0.0344370860927
-uro	0.553174936843	0.132328401589	0.272846429624	0.0416502319444
-wɛl	0.0174813855617	0.932988022014	0.00874069278083	0.0407898996439
-lɩŋ	0.179496879137	0.575373557783	0.14299224513	0.10213731795
-pɩl	0.25	0.701612903226	0.0483870967742	0.0
-peŋ	0.512979482605	0.336708296164	0.123550401427	0.0267618198037
-m-ɩ	0.397590361446	0.174029451138	0.388219544846	0.0401606425703
-kye	0.575139146568	0.191713048856	0.162028447743	0.0711193568337
-ɛsɩ	0.774680482325	0.118267813766	0.0141386353717	0.0929130685365
-kyi	0.101631116688	0.486198243413	0.350062735257	0.0621079046424
-ʋto	0.0463526864258	0.0306536743809	0.274056029233	0.648937609961
-kyo	0.611080630229	0.30124775186	0.045614023452	0.0420575944585
-uru	0.0244343891403	0.952941176471	0.0171945701358	0.0054298642534
-ʋsa	0.138888888889	0.444444444444	0.416666666667	0.0
-pal	0.384937238494	0.531380753138	0.0585774058577	0.0251046025105
-duu	0.0053284813828	0.234778088245	0.748976541686	0.0109168886867
-paa	0.577352861567	0.137823736561	0.0490229987256	0.235800403145
--fá	0.175	0.741666666667	0.05	0.0333333333333
-agʋ	0.254558204768	0.688639551192	0.0210378681627	0.0357643758766
-sɩɩ	0.298304546035	0.506987147479	0.115344637735	0.079363668751
-waa	0.394772117962	0.249939068974	0.0651352668779	0.290153546186
-lmɩ	0.430803571429	0.2578125	0.107142857143	0.204241071429
-wam	0.0	1.0	0.0	0.0
-wal	0.0520539404591	0.86841666801	0.0660389020569	0.0134904894736
-ŋha	0.0588535045807	0.836420023671	0.0245748038399	0.0801516679086
-faŋ	0.206577777778	0.408059259259	0.181274074074	0.204088888889
-suu	0.429614604463	0.343204868154	0.205273833671	0.021906693712
-kel	0.56	0.32	0.0	0.12
-gaŋ	0.553719008264	0.347107438017	0.0247933884298	0.0743801652893
-agɩ	0.223033354851	0.227498396917	0.0488409548585	0.500627293374
-ɔrʋ	0.127478753541	0.617563739377	0.254957507082	0.0
-tʋl	0.195144724556	0.397759103642	0.356676003735	0.0504201680672
-kʋŋ	0.473946192389	0.483490678683	0.00460141934358	0.0379617095846
-ɔhɔ	0.0685195546461	0.815371746645	0.0859248434468	0.0301838552621
-ʋgɩ	0.436451557686	0.378723040055	0.113531324889	0.0712940773708
-dɩɩ	0.241773002015	0.473919856727	0.170136556973	0.114170584285
-bɩŋ	0.241367988072	0.313408433093	0.431325100696	0.0138984781391
-m-ʋ	0.714678899083	0.173394495413	0.0192660550459	0.0926605504587
-nɩŋ	0.267086330935	0.402338129496	0.094964028777	0.235611510791
-kɩɩ	0.152795829413	0.163512713228	0.0553275645969	0.628363892762
-oro	0.079793367897	0.893655719415	0.0125230867311	0.0140278259565
-lta	0.115789473684	0.884210526316	0.0	0.0
-l-ʋ	0.275140855901	0.234876340403	0.0745872188125	0.415395584884
-n-ʋ	0.513841670714	0.360854783876	0.0145701796989	0.110733365712
-mʋŋ	0.465303926842	0.447552447552	0.0484131253362	0.0387305002689
-yɩl	0.37517875383	0.432175689479	0.151583248212	0.0410623084781
-nni	0.405718020535	0.423688631926	0.112861281219	0.0577320663198
-nna	0.065448298002	0.758107480559	0.0577085105396	0.118735710899
-nne	0.0687022900763	0.564885496183	0.36641221374	0.0
-huŋ	0.32795242141	0.580628717077	0.0722175021241	0.0192013593883
-woŋ	0.124185466141	0.834419378478	0.0243617421617	0.0170334132187
-ɔ-ʋ	0.18253968254	0.277777777778	0.507936507937	0.031746031746
-ngi	0.352517985612	0.647482014388	0.0	0.0
-ʋbɩ	0.170454545455	0.431818181818	0.375	0.0227272727273
-tii	0.138888888889	0.833333333333	0.0277777777778	0.0
-eme	0.637505603427	0.248274144543	0.0499078547592	0.0643123972704
-ema	0.39012345679	0.158024691358	0.0592592592593	0.392592592593
-uwo	0.163832073067	0.439800987306	0.106816137537	0.28955080209
-l-ŋ	0.396023643203	0.361096184847	0.14938205266	0.0934981192907
-aŋa	0.121949278756	0.365275150043	0.0299299773837	0.482845593818
-emu	0.0	0.985559566787	0.014440433213	0.0
-mma	0.211307892508	0.450352308027	0.0987659575588	0.239573841907
-ɔki	0.115701110068	0.856961396145	0.0024852267079	0.024852267079
-eeŋ	0.0416666666666	0.865196078431	0.0686274509804	0.0245098039216
-eŋe	0.423611111111	0.449652777778	0.0590277777778	0.0677083333333
-ana	0.395487583062	0.365700414987	0.0732787204764	0.165533281474
-mɔɔ	0.0951173113507	0.765377298668	0.0342422320862	0.105263157895
-alɩ	0.44024701049	0.370668641983	0.0452680101108	0.143816337416
-abʋ	0.154504680527	0.283166196502	0.541954879386	0.0203742435859
-ɩnɩ	0.359080826507	0.428405807229	0.118040298649	0.0944730676156
-yɛl	0.151133014403	0.672789687264	0.146311850282	0.0297654480516
-etu	0.222047244094	0.744881889764	0.0236220472441	0.00944881889764
-000	0.0769317352971	0.379096786373	0.0384658676485	0.505505610682
-iŋe	0.265687583444	0.728971962617	0.00267022696929	0.0026702269693
-sɩŋ	0.547692603989	0.189836864935	0.0393292509444	0.223141280131
-ete	0.329923273657	0.109974424552	0.56010230179	0.0
-eti	0.0487804878049	0.863414634146	0.0195121951219	0.0682926829268
-uyi	0.287735849057	0.594339622642	0.117924528302	0.0
-kʋʋ	0.204819277108	0.397590361446	0.397590361446	0.0
-ank	0.293193717277	0.443817962143	0.0970600080548	0.165928312525
-bul	0.152678571429	0.805357142857	0.00535714285714	0.0366071428571
-ogɩ	0.345454545455	0.254545454545	0.4	0.0
-m-ŋ	0.133333333333	0.866666666667	0.0	0.0
-ata	0.0271558104055	0.904825350198	0.00465528178381	0.0633635576129
-ɩye	0.30612244898	0.551020408163	0.142857142857	0.0
-omo	0.278145695364	0.504257332072	0.194891201514	0.0227057710502
-lsɩ	0.161202185792	0.75956284153	0.051912568306	0.0273224043716
-ɩya	0.144387095901	0.315302986082	0.0395076097177	0.5008023083
-wee	0.305488506625	0.600028517014	0.0419913023109	0.0524916740505
-ati	0.0464996125032	0.866597778352	0.0800826659778	0.00681994316714
-ose	0.0243902439024	0.926829268293	0.0243902439024	0.0243902439024
-osa	0.0	1.0	0.0	0.0
-ulo	0.336426351835	0.586985013816	0.0333210292298	0.0432676051193
-oso	0.229370629371	0.678321678322	0.0473372781065	0.0449704142012
-ula	0.0441988950276	0.955801104972	0.0	0.0
-osi	0.145178936838	0.731879132372	0.0781137738166	0.0448281569733
-ule	0.257852789498	0.570245350836	0.0945460228161	0.0773558368495
-ŋta	0.0	1.0	0.0	0.0
-daŋ	0.0166666666667	0.980952380952	0.0	0.00238095238095
-ɛyɛ	0.0301596489903	0.82441966795	0.0825678067769	0.0628528762825
-nɩɩ	0.229381946769	0.177778024047	0.0289779379693	0.563862091215
-ŋti	0.0320150659134	0.853107344633	0.0225988700565	0.0922787193974
-ɛrɩ	0.199340197316	0.577213546715	0.0368062598717	0.186639996098
-ŋse	0.357057272945	0.396357536544	0.161514497963	0.0850706925474
-iiŋ	0.0724478594951	0.866081229418	0.0351262349067	0.02634467618
-ŋsi	0.186281789161	0.687946061833	0.0456377606916	0.0801343883141
-ɛyɩ	0.375	0.511479591837	0.0573979591837	0.0561224489795
-ʋhʋ	0.12386546195	0.217340141414	0.390015041902	0.268779354733
-ŋso	0.287937743191	0.68093385214	0.023346303502	0.00778210116733
-niŋ	0.134594710815	0.294345302085	0.458933562675	0.112126424425
-fuu	0.278032786885	0.643278688525	0.0275409836065	0.0511475409836
-ŋlɩ	0.475409836066	0.131147540984	0.360655737705	0.0327868852459
-ldi	0.0884955752212	0.646017699115	0.265486725664	0.0
-vii	0.254071661238	0.690553745928	0.0162866449512	0.0390879478827
-pʋʋ	0.566323673526	0.338653226935	0.0442741145177	0.0507489850203
-ile	0.526240869162	0.189965221711	0.0398990085631	0.243894900564
-ila	0.0304731355253	0.935846030473	0.0	0.0336808340016
-ilo	0.164778578785	0.798146240989	0.0370751802265	0.0
-yuu	0.0745843370079	0.52681261758	0.05646508957	0.342137955842
-abɩ	0.734845471449	0.166133224795	0.0135750164195	0.085446287337
-ili	0.500920850156	0.421599272592	0.0186892839729	0.0587905932793
-lma	0.0476096638159	0.64056280298	0.294486264927	0.0173412682773
-ige	0.534127135232	0.259007780958	0.0777777424269	0.129087341383
-taŋ	0.0	1.0	0.0	0.0
-igi	0.276834573255	0.416200138055	0.07009416434	0.236871124349
-igo	0.493087557604	0.433179723502	0.073732718894	0.0
-ami	0.0264900662252	0.973509933775	0.0	0.0
--ba	0.379678656199	0.220923863429	0.125981376666	0.273416103706
-sʋŋ	0.27980955672	0.51059724702	0.200618172743	0.00897502351744
-ʋba	0.531095164239	0.231391261543	0.199772917857	0.0377406563614
-ama	0.128833223505	0.5856138013	0.217350033613	0.0682029415819
-lŋa	0.826491747778	0.0668641557342	0.0	0.106644096488
-ɔnɔ	0.267546108669	0.448884344196	0.213018586721	0.0705509604143
-hii	0.162476719838	0.733850896166	0.0751199897157	0.0285523942811
-usi	0.0798504822654	0.691362874931	0.0141255654319	0.214661077372
-hil	0.225409836066	0.610655737705	0.122950819672	0.0409836065573
-iri	0.311173703845	0.331834906146	0.276058790744	0.0809325992648
-ire	0.702702702703	0.297297297297	0.0	0.0
-usa	0.541666666667	0.416666666667	0.0416666666667	0.0
-ʋmɔ	0.0850844398608	0.84117571226	0.0544024751837	0.0193373726956
-ira	0.0305612965777	0.96611682336	0.00332188006279	0.0
-ɩkɩ	0.00111466151445	0.994426692428	0.00445864605782	0.0
-ɛkɩ	0.0	1.0	0.0	0.0
-zɩŋ	0.0154334219326	0.709337220269	0.205778959101	0.0694503986967
-gul	0.59595959596	0.222222222222	0.0151515151515	0.166666666667
-ɔɔl	0.0318607155808	0.916922385846	0.00439728748248	0.0468196110904
-ɛɛl	0.100163228966	0.534797447693	0.338329128951	0.0267101943909
-lnɩ	0.417468039371	0.480710487612	0.0814571784139	0.0203642946035
-uza	0.0	1.0	0.0	0.0
-oda	0.0	1.0	0.0	0.0
-ɔgɩ	0.284544436894	0.591716689767	0.101043378695	0.0226954946446
-nʋŋ	0.222905722975	0.663049488526	0.0549488526403	0.0590959358585
-yɛɛ	0.0599048850286	0.661456760878	0.021185401942	0.257452952151
-kaa	0.28378222615	0.291850770354	0.0478349406386	0.376532062858
-buŋ	0.250985870484	0.285519294564	0.272122855038	0.191371979915
-wil	0.598324022346	0.0882681564246	0.0804469273743	0.232960893855
-wii	0.764387055635	0.19225251076	0.0242308305436	0.0191296030607
-pil	0.224609375	0.505208333333	0.224609375	0.0455729166666
-ɛsa	0.334832992502	0.549829584185	0.0629856850716	0.0523517382413
-ɩbɩ	0.832864378165	0.107609579191	0.0152566747952	0.0442693678484
-apɛ	0.00980902777777	0.00989583333334	0.00607638888889	0.97421875
-ʋsɛ	0.803202134757	0.159439626418	0.0	0.0373582388259
-kyɔ	0.105078809107	0.894921190893	0.0	0.0
-kyɛ	0.741371945688	0.103679838809	0.0174759181703	0.137472297332
-ɩrʋ	0.119834710744	0.855371900826	0.0247933884297	0.0
-ɔnɩ	0.278883048075	0.329413802036	0.132692068244	0.259011081645
-sɩl	0.136925795053	0.708480565371	0.0795053003533	0.0750883392226
-tʋʋ	0.0893477816399	0.645266816602	0.109793498262	0.155591903496
-sɛm	0.0	1.0	0.0	0.0
-ŋma	0.129564011708	0.617778462486	0.160992142967	0.0916653828378
-iil	0.187331847841	0.694049375038	0.074293653941	0.0443251231809
-ɩpɩ	0.0176637739037	0.979801858536	0.0	0.0025343675601
-owa	0.0462492970071	0.935962511836	0.0142305529252	0.00355763823132
-ɔbɔ	0.428395221678	0.278883038533	0.0221388148077	0.270582924981
-áyɩ	0.358778625954	0.541984732824	0.0801526717557	0.0190839694657
-ɛma	0.64	0.2	0.04	0.12
-rɩŋ	0.065306122449	0.844897959184	0.0408163265306	0.0489795918367
-uka	0.036874451273	0.863037752414	0.0474100087796	0.0526777875329
-aga	0.372220595921	0.238042869829	0.0885699329873	0.301166601263
-buu	0.141891891892	0.85	0.00810810810811	0.0
-owu	0.0647915620291	0.631968859869	0.168759417378	0.134480160723
-age	0.0823529411765	0.917647058824	0.0	0.0
-kaŋ	0.527714526253	0.0568829829808	0.0479458393431	0.367456651423
-ege	0.158273381295	0.453237410072	0.31654676259	0.0719424460432
-nii	0.156374238306	0.290244991837	0.485919878052	0.0674608918041
-ega	0.0	0.967741935484	0.0322580645161	0.0
-ona	0.0048885641784	0.995111435822	0.0	0.0
-ʋga	0.213841584519	0.205419726317	0.478847688636	0.101891000528
-egi	0.657248157248	0.269041769042	0.0737100737101	0.0
-oni	0.196716982793	0.599906115683	0.112866552245	0.0905103492791
-dal	0.169104204753	0.41042047532	0.274223034735	0.146252285192
-dam	0.0	1.0	0.0	0.0
-ura	0.0384615384615	0.192307692308	0.769230769231	0.0
-ani	0.0261993273146	0.932200389449	0.00796601168348	0.0336342715525
-ɩta	0.393135725429	0.326053042122	0.11232449298	0.16848673947
-daa	0.089231836883	0.063465573933	0.0197022521108	0.827600337073
-ano	0.0	1.0	0.0	0.0
-tam	0.0	1.0	0.0	0.0
-nɔŋ	0.100718684658	0.297863422469	0.0134291579544	0.587988734918
-ɛlɩ	0.407926887751	0.31413877991	0.230837036597	0.047097295742
-uso	0.128801431127	0.838998211091	0.0322003577818	0.0
-taa	0.829451345756	0.120341614907	0.0108695652174	0.0393374741201
-yil	0.27027027027	0.72972972973	0.0	0.0
-nnɩ	0.270683398976	0.630201729967	0.0672244399837	0.0318904310737
-yɩɩ	0.654478225144	0.324568611339	0.00862777321282	0.012325390304
-ɔgʋ	0.511808048366	0.103344039297	0.283676553939	0.101171358398
-eka	0.261261261261	0.576576576577	0.162162162162	0.0
-ɛbi	0.0154083204931	0.984591679507	0.0	0.0
-ŋda	0.0522875816994	0.947712418301	0.0	0.0
-ʋʋl	0.139733840304	0.835551330799	0.0	0.0247148288974
-mii	0.451279134178	0.295361879174	0.0284403914932	0.224918595154
-dʋʋ	0.0408719346049	0.208446866485	0.75068119891	0.0
-min	0.0282240555797	0.949196699957	0.0112896222319	0.0112896222319
-eni	0.549681673488	0.288312869486	0.121077762619	0.0409276944066
-ene	0.19102716662	0.709345013545	0.0608907005596	0.0387371192749
-tɩn	0.0	0.978260869565	0.0217391304348	0.0
-ʋna	0.164880806953	0.782346165928	0.0477470245367	0.00502600258281
-ena	0.00763358778625	0.992366412214	0.0	0.0
