-u-u	0.460505937016	0.228187919463	0.221476510067	0.0898296334538
-sis	0.0305485944728	0.934459379131	0.00628745617148	0.0287045702246
-ↄli	0.22672938999	0.0298449911313	0.734171358063	0.00925426081594
-zↄŋ	0.191209233488	0.187734284384	0.500307140568	0.12074934156
-ɛgɛ	0.19387723484	0.252873919375	0.10225265702	0.450996188765
-dↄŋ	0.108613897107	0.406987517137	0.095602857349	0.388795728407
-ↄla	0.417736289382	0.485414235706	0.0140023337223	0.0828471411902
-aja	0.00394736842105	0.995394736842	0.000657894736844	0.0
-hel	0.697257026752	0.174060277684	0.0948188283102	0.0338638672536
-iva	0.0	0.962962962963	0.037037037037	0.0
-hei	0.289947430169	0.238491106727	0.249383545062	0.222177918042
-hee	0.308108108108	0.627027027027	0.0324324324324	0.0324324324324
-ↄlu	0.367532316292	0.509374636078	0.0237568417375	0.0993362058926
-isↄ	0.0706260032103	0.818619582665	0.0288924558587	0.0818619582665
-zis	0.025974025974	0.961038961039	0.012987012987	0.0
-upↄ	0.425058548009	0.288056206089	0.174473067916	0.112412177986
-zik	0.00409486435762	0.987032929534	0.00818972871521	0.000682477392935
-ŋba	0.186098103604	0.138173266397	0.0440175153573	0.631711114642
-ufo	0.616204690832	0.255863539446	0.0511727078891	0.0767590618337
-álá	0.33734939759	0.349397590362	0.265060240964	0.0481927710843
-uaa	0.22480620155	0.313953488372	0.255813953488	0.205426356589
-puu	0.620015540039	0.285402199548	0.0319188440895	0.0626634163228
-ŋia	0.269230769231	0.173076923077	0.288461538462	0.269230769231
-vↄↄ	0.373372589942	0.253751739217	0.0418654343073	0.331010236533
-ŋie	0.237093690249	0.14913957935	0.533460803059	0.0803059273423
-ŋii	0.0459448207252	0.0525971407542	0.00890825696578	0.892549781555
-nyu	0.333819040549	0.612216430616	0.01556669101	0.0383978378248
-kia	0.0	0.933640552996	0.0663594470045	0.0
-siŋ	0.167304083922	0.662994573232	0.110767417816	0.0589339250302
-uas	0.0294117647059	0.970588235294	0.0	0.0
-duo	0.29257119521	0.363210426206	0.30122714773	0.0429912308543
-uau	0.16	0.22	0.04	0.58
-pua	0.422419860516	0.409120408033	0.119649369761	0.0488103616903
-tↄↄ	0.242378968539	0.456285016521	0.0927452952162	0.208590719724
-pul	0.120205755647	0.281489890808	0.446702189836	0.151602163709
-pal	0.213730569948	0.598445595855	0.172279792746	0.0155440414508
-puo	0.0270758122744	0.819494584838	0.153429602888	0.0
-pui	0.0936170212766	0.293617021277	0.485106382979	0.127659574468
-duu	0.0616113518539	0.0283530093025	0.00677031405952	0.903265324784
-ŋŋi	0.398289828983	0.257425742574	0.173267326733	0.17101710171
-ŋŋa	0.354993160055	0.63269493844	0.00820793433651	0.00410396716827
-yee	0.136086327583	0.734108252261	0.0816517965499	0.0481536236064
-ibɛ	0.66393442623	0.229508196721	0.106557377049	0.0
-ŋŋe	0.55859375	0.21484375	0.05078125	0.17578125
-ↄrɛ	0.336545436066	0.40219249851	0.209984126225	0.0512779391983
-ɛnɛ	0.426878307178	0.1881327338	0.166711515104	0.218277443918
-inɛ	0.570715676281	0.260314504525	0.0638135789702	0.105156240225
-máa	0.361066235864	0.453150242326	0.0985460420032	0.0872374798062
-ŋuŋ	0.238226440124	0.469615796724	0.238583601204	0.0535741619471
-bɛɛ	0.08490129182	0.037447132864	0.00978384324777	0.867867732068
-imu	0.638734244043	0.228663370814	0.0632375803604	0.0693648047829
-dee	0.0803537599342	0.0449696308986	0.0166373396993	0.858039269468
-mↄm	0.0	1.0	0.0	0.0
-vↄŋ	0.869565217391	0.130434782609	0.0	0.0
-akↄ	0.0592300098717	0.859198836182	0.0727386086143	0.00883254533174
-hɛŋ	0.655808066912	0.198371210037	0.0462224178727	0.099598305178
-ima	0.337603462491	0.171509304361	0.0679363251744	0.422950907973
-beŋ	0.455023572538	0.284264606276	0.0774749253064	0.18323689588
-ime	0.25593966056	0.594301431504	0.0281149389118	0.121643969025
-aka	0.0205935796487	0.90127195639	0.0272562083586	0.0508782556027
-imi	0.243990116872	0.283800447922	0.0369210375132	0.435288397693
-mↄs	0.032697547684	0.942779291553	0.0245231607629	0.0
-asɛ	0.529418247973	0.318627429931	0.0831626423677	0.068791679728
-yaŋ	0.084194214876	0.718233471074	0.0875516528926	0.110020661157
-lak	0.146636958641	0.853363041359	0.0	0.0
-goŋ	0.485925925926	0.251851851852	0.204766505636	0.0574557165862
-biu	0.413533834587	0.43984962406	0.0225563909774	0.124060150376
-obo	1.0	0.0	0.0	0.0
-lle	0.0	0.878787878788	0.121212121212	0.0
-idi	0.0396461788429	0.769317974214	0.0859000541595	0.105135792783
-ias	0.0520522228859	0.887021076884	0.0184316067924	0.042495093438
-lli	0.31937394247	0.245158864448	0.0878924609889	0.347574732093
-oba	0.417158797245	0.407163217398	0.0907567700374	0.0849212153197
-llo	0.151385224274	0.783311345647	0.0158311345646	0.0494722955145
-kpu	0.424103888263	0.454145939029	0.0951417786724	0.0266083940353
-ida	0.181080425802	0.783192054859	0.0262809985407	0.00944652079835
-bie	0.0535692232076	0.829389617073	0.0809858261564	0.0360553335628
-llu	0.307385998716	0.468850353243	0.0292870905588	0.194476557482
-bia	0.06964171172	0.737927242738	0.181434985797	0.0109960597453
-bil	0.255658175643	0.419350928912	0.0523791199323	0.272611775513
-idu	0.0116926503341	0.169265033408	0.0116926503341	0.807349665924
-bii	0.140837347746	0.753377981436	0.0660713586339	0.0397133121842
-rↄd	0.0214845057225	0.922294357807	0.0473863864534	0.00883475001673
-rid	0.0	1.0	0.0	0.0
-uta	0.0	1.0	0.0	0.0
-ria	0.0141737356384	0.966176312681	0.0019327821325	0.0177171695479
-ril	0.0	0.842985318108	0.157014681892	0.0
-haŋ	0.837553648069	0.115665236052	0.0223175965665	0.0244635193133
-ugɛ	0.096129759519	0.110056049599	0.704397075401	0.089417115481
-uto	0.376275219049	0.472438708778	0.0593787914485	0.0919072807243
-rii	0.645911387848	0.261689844135	0.039599472007	0.0527992960094
-maŋ	0.0	0.339277334585	0.660722665415	0.0
-riu	0.0	1.0	0.0	0.0
-tee	0.36122643041	0.554352111696	0.0316580467101	0.0527634111835
-vie	0.230769230769	0.738461538462	0.0307692307692	0.0
-tel	0.720292456776	0.160406790296	0.0132459564975	0.106054796431
-i-ŋ	0.32735426009	0.558295964126	0.0269058295964	0.0874439461884
-jil	0.356708241556	0.0840102144008	0.0296842555694	0.529597288474
-ara	0.0986146747072	0.705838048996	0.0291224599441	0.166424816353
-ari	0.00656228885227	0.0116623497363	0.00397328345336	0.977802077958
-jia	0.207213114754	0.699672131148	0.0524590163934	0.0406557377049
-mee	0.540581858913	0.285372538217	0.124858802059	0.049186800811
-aru	0.217544067721	0.633974767616	0.0726505863342	0.0758305783286
-lul	0.40884571977	0.518373041616	0.0113748455954	0.0614063930187
-luo	0.275372124492	0.578258908435	0.0793865584123	0.0669824086603
-puŋ	0.539342357934	0.301067621283	0.0862947772694	0.073295243514
-jis	0.0212765957447	0.957446808511	0.0212765957447	0.0
-kɛɛ	0.245685279188	0.100507614213	0.653807106599	0.0
-alu	0.187945368171	0.72075415677	0.0868467933492	0.00445368171021
-aya	0.0207252677742	0.949498556373	0.011630635502	0.0181455403509
-vɛŋ	0.567294885106	0.224176446528	0.0143682681517	0.194160400214
-ziŋ	0.0909548346826	0.463745453851	0.399822294125	0.0454774173413
-utↄ	0.625	0.0416666666667	0.108333333333	0.225
-dↄd	0.0526315789474	0.912280701754	0.0350877192982	0.0
-dↄk	0.0	1.0	0.0	0.0
-wul	0.46771037182	0.420743639922	0.0645792563601	0.0469667318982
-oŋo	0.369668901957	0.102948420021	0.0498472179954	0.477535460026
-dↄm	0.00917910733181	0.988526115835	0.0	0.00229477683295
-heŋ	0.738456955615	0.220434912124	0.0303842716712	0.0107238605898
-uba	0.390135196005	0.201216397661	0.356966592168	0.0516818141653
-raa	0.0937173010863	0.79016603942	0.0694943441731	0.0466223153204
-ikɛ	0.59364750561	0.137752459865	0.250992577248	0.017607457276
-umu	0.432146490336	0.171414038657	0.0494404883011	0.346998982706
-fↄs	0.0	1.0	0.0	0.0
-ija	0.0394736842105	0.861842105263	0.0986842105263	0.0
-llↄ	0.376860006074	0.344063164288	0.0982386881263	0.180838141512
-oti	0.011522134627	0.961067313523	0.0157671315949	0.0116434202547
-ukↄ	0.495553412622	0.210971820422	0.0894674809815	0.204007285975
-iga	0.0695230396119	0.756399892212	0.150363783347	0.0237132848289
-hil	0.198584981508	0.587152275285	0.147933751407	0.0663289917993
-ɛbi	0.01	0.99	0.0	0.0
-biↄ	0.0857142857143	0.914285714286	0.0	0.0
-uma	0.404437592525	0.440821067727	0.0949549130275	0.059786426721
-ába	0.367069032175	0.361871214399	0.172687830233	0.0983719231925
-umo	0.158614143332	0.620408163265	0.186805885145	0.0341718082582
-umi	0.688983274122	0.231270873074	0.0271623428767	0.052583509928
-mɛu	0.0	0.595744680851	0.404255319149	0.0
-ŋɛɛ	0.0657542398095	0.878012496281	0.0330258851532	0.0232073787563
-nam	0.0388984509466	0.943545611015	0.00619621342513	0.0113597246127
-ŋiŋ	0.116298118026	0.753526426907	0.0488723608825	0.0813030941841
-kii	0.0207477467627	0.0219075586935	0.230126993549	0.727217700995
-naa	0.175723764474	0.716728334191	0.0589371900105	0.0486107113246
-kim	0.0	1.0	0.0	0.0
-kil	0.291547958215	0.56220322887	0.125356125356	0.0208926875593
-kis	0.0193236714976	0.975845410628	0.0048309178744	0.0
-sii	0.478741497995	0.262603371436	0.00751211547633	0.251143015092
-imↄ	0.0296384113811	0.919383521043	0.0482118158467	0.00276625172891
-nas	0.0521361332368	0.917451122375	0.0217233888487	0.00868935553946
-sia	0.0784623806338	0.857672890943	0.0382319462667	0.0256327821561
-igi	0.728628043027	0.169371579543	0.0646348367616	0.037365540668
-sie	0.54622718085	0.18525886903	0.0233960942847	0.245117855836
-nau	0.731545588589	0.0361057280112	0.0118909254555	0.220457757945
-wuo	0.162851272036	0.0735142004101	0.134211829846	0.629422697708
-goo	0.15625	0.65625	0.0	0.1875
-naŋ	0.434080454145	0.367231085446	0.0528530879906	0.145835372419
-lɛɛ	0.368985607638	0.403792012016	0.0641946689619	0.163027711385
-moo	0.29604330586	0.172277990947	0.364322435411	0.167356267782
-biŋ	0.328819907981	0.517703296826	0.0668366688744	0.0866401263188
-wuu	0.0314009417952	0.119477878115	0.0992512083111	0.749869971778
-tↄs	0.015873015873	0.97619047619	0.0	0.00793650793651
-mↄŋ	0.0435257521431	0.945432526773	0.00512905753568	0.00591266354807
-rↄs	0.0377103365385	0.922776442308	0.00691105769231	0.0326021634615
-tↄu	0.402144772118	0.573726541555	0.0	0.0241286863271
-hɛm	0.0312944523471	0.923897581792	0.0	0.0448079658606
-hɛi	0.158151707612	0.0642690632948	0.764399920125	0.0131793089677
-ipɛ	0.129111036134	0.118233961537	0.0627801609872	0.689874841342
-hɛu	0.552695890346	0.232223179817	0.0283342974865	0.186746632351
-yaa	0.161843515541	0.523043944266	0.106109324759	0.209003215434
-yal	0.108231707317	0.180894308943	0.667174796748	0.0436991869919
-bee	0.50952050776	0.290682169716	0.0180276281402	0.181769694384
-upu	0.401740756726	0.38174363401	0.0640195655302	0.152496043735
-jiŋ	0.813667758062	0.0972676889233	0.0231967420996	0.0658678109151
-isi	0.570457594473	0.292684883132	0.104477497146	0.0323800252492
-yat	0.0	1.0	0.0	0.0
-ise	0.757376900796	0.104362780594	0.063812454743	0.0744478638668
-isa	0.481698679169	0.345986759058	0.0337440180569	0.138570543716
-ree	0.189835071069	0.545717213668	0.208915403745	0.0555323115188
-luŋ	0.143845486903	0.625574506595	0.148596892493	0.0819831140094
-koŋ	0.104100946372	0.895899053628	0.0	0.0
-ege	0.0737704918032	0.729508196721	0.163934426229	0.0327868852459
-isu	0.657029142618	0.216922634116	0.067951922831	0.0580963004356
-haa	0.299459353775	0.14688830895	0.118117599055	0.43553473822
-hab	0.0357142857142	0.933673469388	0.030612244898	0.0
-yas	0.0451266566012	0.922663982553	0.00352289884248	0.028686462003
-juu	0.393741835778	0.067753069692	0.0138609273973	0.524644167133
-mas	0.0201293156033	0.919360741735	0.00634378431134	0.0541661583506
-ham	0.0314420837974	0.924084867593	0.0388325643955	0.00564048421388
-ↄlↄ	0.080986525585	0.184960966111	0.149645246714	0.58440726159
-jua	0.388490251504	0.363629774589	0.0311661955498	0.216713778358
-mal	0.498349834984	0.245874587459	0.178217821782	0.0775577557756
-sií	0.0315789473684	0.968421052632	0.0	0.0
-maa	0.191388806476	0.128034919557	0.0818471108109	0.598729163156
-rɛs	0.0	1.0	0.0	0.0
-rɛt	0.0329753156209	0.96024119088	0.00395703787451	0.00282645562465
-rɛu	0.682429403855	0.239130434783	0.0470640968176	0.0313760645451
-uno	0.367920323584	0.591161753496	0.0306884421896	0.0102294807299
-uni	0.673684210526	0.242105263158	0.0491228070175	0.0350877192982
-fáŋ	0.311513654453	0.455194181419	0.164676821737	0.0686153423906
-una	0.171568627451	0.732843137255	0.0808823529412	0.0147058823529
-kɛŋ	0.369917184993	0.0606802221243	0.0463699084905	0.523032684392
-luu	0.126984126984	0.68253968254	0.0634920634921	0.126984126984
-unu	0.636363636364	0.298701298701	0.012987012987	0.051948051948
-doŋ	0.494792193346	0.219435736677	0.0537971483466	0.23197492163
-iri	0.367866526894	0.24348332659	0.186151739699	0.202498406817
-sↄm	0.031987814166	0.571972581874	0.3808073115	0.01523229246
-gad	0.0	1.0	0.0	0.0
-gaa	0.652126886182	0.306417007997	0.0295405783996	0.0119155274217
-ada	0.155553161693	0.792847139933	0.0192825595174	0.032317138856
-ɛgu	0.0493827160494	0.827160493827	0.0493827160494	0.0740740740741
-ivɛ	0.0522166073943	0.947783392606	0.0	0.0
-gai	0.0	1.0	0.0	0.0
-adi	0.0	0.861147327249	0.0430247718383	0.0958279009126
-ↄlɛ	0.46183820004	0.503819309643	0.0135613811195	0.0207811091976
-iko	0.295081967213	0.502049180328	0.172131147541	0.030737704918
-uŋa	0.0621669626998	0.0490943481245	0.0684963087548	0.820242380421
-aaŋ	0.0824765607015	0.399340314256	0.0928876321583	0.425295492884
-lam	0.0274509803921	0.870588235294	0.0941176470588	0.00784313725492
-uŋi	0.233983286908	0.303621169916	0.362116991644	0.100278551532
-ɛga	0.0	1.0	0.0	0.0
-gɛŋ	0.362892223738	0.555252387449	0.0409276944066	0.0409276944065
-sↄs	0.0441176470588	0.919117647059	0.0	0.0367647058823
-ↄru	0.247209365641	0.58589708685	0.0593520283147	0.107541519194
-ini	0.053199691596	0.940632228219	0.00616808018504	0.0
-loŋ	0.0260021668472	0.923076923077	0.0509209100758	0.0
-ina	0.156678757778	0.680092511855	0.0161631008273	0.14706562954
-see	0.058392905694	0.239691444251	0.0177891345953	0.68412651546
-ɛna	0.0	1.0	0.0	0.0
-lba	0.412559740994	0.391335628758	0.11994449869	0.0761601315586
-ine	0.0437067902963	0.772869781085	0.102461450622	0.0809619779963
-ira	0.183351422383	0.0584945060499	0.0578071426009	0.700346928966
-uii	0.150955414013	0.229299363057	0.541401273885	0.0783439490446
-ŋŋɛ	0.0969696969697	0.466666666667	0.290909090909	0.145454545454
-ↄra	0.173821072199	0.43740518365	0.0884596482981	0.300314095853
-iki	0.519562473706	0.272402187631	0.131047538915	0.0769877997477
-oho	0.0981745478032	0.826394313073	0.0283767760597	0.0470543630643
--ma	0.19387755102	0.561224489796	0.0	0.244897959184
-inu	0.294203250061	0.490904681057	0.15183119088	0.0630608780015
-ɛnu	0.164161835557	0.0625646613734	0.0133831678175	0.759890335253
-kuu	0.558649420556	0.21930810362	0.0666127427471	0.155429733077
-pↄↄ	0.222950819672	0.2	0.0327868852459	0.544262295082
-iaa	0.0951796639376	0.308981602049	0.0327972069558	0.563041527057
-iam	0.0168067226891	0.971988795518	0.0112044817927	0.0
-ial	0.0144346431435	0.979149959904	0.0	0.00641539695268
-ɛŋs	0.0	1.0	0.0	0.0
-oom	0.0117647058824	0.929411764706	0.0	0.0588235294118
-ɛŋt	0.205882352941	0.794117647059	0.0	0.0
-iau	0.509295560895	0.342734286076	0.0500822056406	0.0978879473884
-kua	0.393671111111	0.383324444444	0.0597333333334	0.163271111111
-nee	0.256399893645	0.530975804307	0.1475671364	0.0650571656474
--na	0.234021654202	0.311229401024	0.0614750169535	0.393273927821
-bal	0.274594138698	0.406175310894	0.226374364058	0.09285618635
-bam	0.0	1.0	0.0	0.0
-uuk	0.110300081103	0.820762368208	0.0170316301703	0.051905920519
-huŋ	0.72481827622	0.194184839045	0.0451713395639	0.0358255451714
-rɛ́	0.0852575488455	0.616341030195	0.170515097691	0.127886323268
-noo	0.0387722132471	0.806138933764	0.0387722132472	0.116316639742
-hol	0.433629163088	0.270222985654	0.121194770493	0.174953080765
-baa	0.333560306254	0.158528888114	0.0417082744317	0.4662025312
-ími	0.670212765958	0.222074468085	0.031914893617	0.0757978723404
-hou	0.582648095318	0.288806846786	0.0639369021648	0.0646081557308
-llɛ	0.517386450388	0.287589588814	0.0881686997873	0.10685526101
-íma	0.483720930232	0.302325581395	0.158139534884	0.0558139534884
-bas	0.0127626659791	0.964805981694	0.0184349619698	0.0039963903571
-uus	0.0	1.0	0.0	0.0
-ŋda	0.027397260274	0.972602739726	0.0	0.0
-asa	0.304982321238	0.188017171204	0.232934053101	0.274066454457
-imɛ	0.349528980513	0.162989270224	0.0669537985218	0.420527950742
-bɛt	0.0244055068836	0.934292866083	0.0300375469337	0.0112640801001
-bɛu	0.51597051597	0.466830466831	0.002457002457	0.014742014742
-asi	0.0	0.959254947614	0.0407450523865	0.0
-asu	0.525309456521	0.267364023442	0.119706383593	0.0876201364441
-eli	0.423716386998	0.321224319687	0.0712941578682	0.183765135447
-bɛl	0.0906451106577	0.805760477162	0.0	0.10359441218
-yel	0.620076758134	0.279012710153	0.0325087790174	0.0684017526958
-fɛɛ	0.0384615384615	0.961538461538	0.0	0.0
-bɛd	0.25	0.75	0.0	0.0
-tuŋ	0.0290556900726	0.874092009685	0.0968523002422	0.0
-hɛ́	0.408618127786	0.3573551263	0.133729569094	0.10029717682
-ras	0.0430416068867	0.852582496413	0.0860832137734	0.0182926829268
-eri	0.460683586397	0.293167273184	0.125956832727	0.120192307692
-ral	0.0337603591951	0.900983387144	0.0199504301339	0.0453058235269
-ram	0.0	1.0	0.0	0.0
-rak	0.0	1.0	0.0	0.0
-ero	0.0734265734266	0.91958041958	0.0034965034965	0.0034965034965
-ere	0.576272762223	0.227130986273	0.159659072349	0.0369371791554
-arɛ	0.563815743764	0.295881678594	0.0679149586604	0.0723876189815
-ugu	0.606837606838	0.222999222999	0.153846153846	0.016317016317
-ikↄ	0.130605822187	0.844217151849	0.0141620771047	0.0110149488592
-ata	0.0295424123319	0.909358507618	0.0120855323176	0.0490135477325
-poo	0.0504362630347	0.907214300915	0.0210683124069	0.0212811236433
-uga	0.0691848477405	0.251866490997	0.576714082609	0.102234578653
-ugo	0.362750592667	0.304738070315	0.206012458805	0.126498878213
-aza	0.0	1.0	0.0	0.0
-ugi	0.386796535662	0.471725756665	0.127409244419	0.0140684632539
-gɛu	0.476061417939	0.37109268714	0.0735023252646	0.0793435696566
-gɛt	0.0	1.0	0.0	0.0
-ike	0.676767676768	0.0404040404041	0.10101010101	0.181818181818
-laa	0.352906600925	0.445903905208	0.050283116388	0.150906377479
-ika	0.227379883251	0.660642119443	0.0774584643018	0.0345195330041
-sↄŋ	0.825617536398	0.11516440373	0.0448225094062	0.0143955504662
-aau	0.618542081251	0.170669835195	0.0530268681133	0.157761215441
-aat	0.0	1.0	0.0	0.0
-aas	0.0474308300395	0.154150197628	0.0	0.798418972332
-ↄyɛ	0.27467619473	0.431889236266	0.179991067441	0.113443501563
-aal	0.0804449241145	0.705557243168	0.0457669013712	0.168230931346
-iku	0.611764705882	0.198930481283	0.163636363636	0.0256684491979
-fou	0.897416882956	0.0333704115685	0.006179705846	0.0630329996293
-aak	0.0463678516229	0.93972179289	0.0	0.0139103554868
-las	0.0584905660378	0.929919137466	0.00727762803234	0.00431266846361
-azↄ	0.0	1.0	0.0	0.0
-fáa	0.392195121951	0.479024390244	0.0526829268293	0.0760975609756
-gem	0.0	0.492957746479	0.456338028169	0.0507042253521
-bol	0.230769230769	0.125874125874	0.0	0.643356643357
-aha	0.0860286293642	0.143297396053	0.00481840631211	0.765855568271
-gee	0.20564516129	0.576612903226	0.217741935484	0.0
-kɛm	0.0	1.0	0.0	0.0
-fáu	0.397910317806	0.438397910318	0.0596430126252	0.104048759251
-dol	0.375	0.24031986532	0.109427609428	0.275252525253
-sas	0.0333333333333	0.933333333333	0.0333333333333	0.0
-bↄs	0.0	0.980769230769	0.0192307692308	0.0
-too	0.777777777778	0.126984126984	0.0	0.0952380952381
-ooŋ	0.15	0.816666666667	0.0	0.0333333333333
-ↄtↄ	0.0	0.320792079208	0.0	0.679207920792
-fuŋ	0.681755829904	0.279835390946	0.0301783264746	0.0082304526749
-iaŋ	0.0598630831728	0.691733761618	0.197014824911	0.0513883302983
-oli	0.469296331836	0.371967320243	0.0732629298095	0.0854734181111
-saa	0.28893152847	0.214055658397	0.0325619879192	0.464450825214
-tou	0.280375840208	0.224990747263	0.143029405795	0.351604006734
-akɛ	0.737704918033	0.262295081967	0.0	0.0
-ibi	0.219013627515	0.463659961064	0.14600908501	0.171317326411
-olo	0.129684225045	0.634325656315	0.144614634363	0.0913754842778
-nnu	0.207145807517	0.667286245353	0.0793060718712	0.0462618752581
-ibe	0.114583333333	0.802083333333	0.0208333333333	0.0625
-kuŋ	0.277966882603	0.297594315432	0.0441812230561	0.380257578908
-iba	0.181318418547	0.277718792249	0.0428211908659	0.498141598338
-sam	0.0	1.0	0.0	0.0
-loo	0.179572017578	0.536452338931	0.199432005929	0.0845436375622
-loi	0.00970873786407	0.970873786408	0.0	0.0194174757282
-tis	0.04780882007	0.910816832026	0.0330718031743	0.00830254472996
-iee	0.149749531818	0.725224517807	0.0868431328047	0.0381828175707
-ámi	0.3	0.37619047619	0.0646258503401	0.259183673469
-uiŋ	0.347408343869	0.555499367889	0.0788874841972	0.0182048040455
-áma	0.545401288811	0.224956063269	0.0597539543058	0.169888693614
-uↄŋ	0.104176041702	0.109689121881	0.0215976959242	0.764537140493
-roo	0.0638496281102	0.849386853604	0.0216392194177	0.0651242988678
-ɛbɛ	0.326086956522	0.413043478261	0.173913043478	0.0869565217391
-ɛma	0.494551283048	0.337156717367	0.0701357786388	0.0981562209458
-ipi	0.0713399590115	0.786131643434	0.0434479373997	0.0990804601544
-pia	0.218267213427	0.136384226588	0.218922849514	0.426425710471
-ɛra	0.333333333333	0.618518518519	0.0296296296296	0.0185185185185
-pↄi	0.277108433735	0.240963855422	0.0	0.481927710844
-riŋ	0.190327728831	0.570999819575	0.0714438909877	0.167228560607
-tↄŋ	0.0882352941177	0.333333333333	0.0196078431372	0.558823529412
-pↄu	0.290484140234	0.599332220367	0.0601001669449	0.050083472454
-pↄs	0.0049504950495	0.980198019802	0.0148514851485	0.0
-hɛɛ	0.244742990654	0.498052959502	0.0776869158878	0.179517133956
-baŋ	0.116493979277	0.670680481658	0.176981237748	0.0358443013161
-uuŋ	0.242106304254	0.45952645899	0.225198525702	0.0731687110548
-lɛm	0.0126161452562	0.974149688859	0.00234421617936	0.0108899497059
-hoŋ	0.398818316101	0.353028064993	0.0974889217134	0.150664697193
-awa	0.156549520767	0.753993610224	0.0319488817892	0.0575079872204
-lɛg	0.0	1.0	0.0	0.0
-ↄrↄ	0.323644251627	0.253362255965	0.341973969631	0.0810195227766
-has	0.0	1.0	0.0	0.0
-imo	0.0633802816901	0.926056338028	0.0105633802817	0.0
-joŋ	0.628573590378	0.0472180745809	0.0200742973128	0.304134037728
-lɛs	0.0	1.0	0.0	0.0
-ita	0.0443004926481	0.910324421271	0.00885404448211	0.0365210415989
-yↄŋ	0.0212765957447	0.973995271868	0.0047281323877	0.0
-ifá	0.252015491622	0.442439930446	0.269581884287	0.0359626936453
-iŋŋ	0.1	0.717647058824	0.164705882353	0.0176470588235
-ŋoo	0.352234060605	0.327361548972	0.15321824401	0.167186146413
-lla	0.36476546485	0.416978174364	0.0933317255516	0.124924635234
-olu	0.153374233129	0.588957055215	0.110429447853	0.147239263804
-rɛɛ	0.295837023915	0.37023914969	0.0637732506643	0.270150575731
-liŋ	0.0917299135655	0.439992319192	0.0442188495228	0.424058917719
-ↄbↄ	0.231569425599	0.635911352329	0.0759837177747	0.0565355042967
-teŋ	0.137931034483	0.862068965517	0.0	0.0
-mia	0.136894533348	0.71690742133	0.0629094619267	0.083288583396
-eyu	0.673469387755	0.244897959184	0.0	0.0816326530612
-ibo	0.114893617021	0.1	0.785106382979	0.0
-isɛ	0.577923972415	0.217963875	0.0743974491769	0.129714703409
-raŋ	0.150442477876	0.849557522124	0.0	0.0
-eye	0.272475958744	0.452424079226	0.182330936311	0.0927690257189
-mua	0.26963464388	0.131601862611	0.234724962242	0.364038531267
-lee	0.246027211554	0.682165474553	0.0323570866714	0.0394502272209
-lↄↄ	0.240463544181	0.565427329792	0.139063254466	0.0550458715597
-muu	0.48285284875	0.51714715125	0.0	0.0
-ola	0.377908555908	0.395110909914	0.0441828881847	0.182797645994
-lma	0.777936761173	0.105975569624	0.0569768523476	0.059110816855
-alɛ	0.554347132526	0.246039971847	0.153977033584	0.0456358620425
-eel	0.0785576303928	0.917578879588	0.0	0.00386349001932
-eza	0.0	1.0	0.0	0.0
-oŋu	0.4055227433	0.0558665373766	0.0488143511989	0.489796368124
-ifi	0.010083125769	0.568526243135	0.219307985476	0.20208264562
-ↄpↄ	0.109375	0.828125	0.0625	0.0
-gis	0.037037037037	0.950617283951	0.0123456790124	0.0
-ruŋ	0.191199863352	0.334762973534	0.199261596434	0.27477556668
-nↄŋ	0.0598621000258	0.119895770782	0.0247705241486	0.795471605044
-gil	0.137037037037	0.768518518519	0.0644444444444	0.03
-via	0.527475758021	0.130344548673	0.0468258324991	0.295353860807
-ali	0.210282070584	0.596546074481	0.163662932294	0.0295089226409
-ala	0.0771478930927	0.260566081873	0.0509868148013	0.611299210233
-paŋ	0.303903221494	0.400347547119	0.190148375886	0.105600855501
-iↄk	0.0683908045977	0.898850574713	0.00344827586207	0.0293103448276
-ŋbɛ	0.345987920621	0.48835202761	0.0724762726488	0.0931837791199
-aŋa	0.0896999745855	0.725094858682	0.127902051444	0.0573031152884
-duŋ	0.141793690181	0.142502658632	0.172988302021	0.542715349167
-iↄs	0.012987012987	0.974025974026	0.012987012987	0.0
-chi	0.0832498927192	0.764840509226	0.11157202117	0.0403375768846
-pɛɛ	0.566445182724	0.308970099668	0.0747508305648	0.0498338870432
-cho	0.550608206967	0.343344821107	0.0525327534786	0.0535142184476
-elu	0.261538461538	0.292307692308	0.307692307692	0.138461538462
-ogi	0.509803921569	0.450980392157	0.0392156862745	0.0
-ↄmɛ	0.754098360656	0.0327868852459	0.0655737704918	0.147540983607
-ogo	0.293781892352	0.542948171013	0.129991987767	0.0332779488682
-ála	0.169715447154	0.551538908246	0.114837398374	0.163908246225
-iya	0.234756514508	0.7280982734	0.0100984714392	0.0270467406529
-chu	0.125205971938	0.439906126729	0.0322065211964	0.402681380137
-ele	0.407581867934	0.417940080024	0.0748948876374	0.0995831644044
-ɛru	0.38471536262	0.428125812321	0.105016896283	0.0821419287757
-ↄnu	0.285714285714	0.619047619048	0.0634920634921	0.031746031746
-esu	0.00824489572043	0.695246497579	0.0062975722064	0.290211034494
-diŋ	0.524528784405	0.350856524271	0.0265914194877	0.098023271837
-ito	0.00700635474191	0.973721922707	0.00281516158664	0.0164565609646
-esi	0.470469750378	0.340838788576	0.0969354722682	0.0917559887778
-iti	0.0182061380694	0.891171880806	0.0581481756707	0.0324738054544
-ŋsɛ	0.740871796362	0.153876204542	0.0222315491636	0.0830204499326
-aŋu	0.70462633452	0.207591933571	0.0	0.0877817319098
-ese	0.273841076161	0.596389458419	0.069510426564	0.0602590388559
-ɛri	0.0279656784855	0.780451264357	0.0	0.191583057157
-mɛɛ	0.076306739144	0.445041897135	0.242794170004	0.235857193718
-faa	0.57516187389	0.165655722273	0.119962672822	0.139219731015
-nuŋ	0.163290796819	0.645273187974	0.157913099324	0.0335229158836
-ↄↄŋ	0.0348695933906	0.914952211243	0.0167665640693	0.0334116312976
-ehↄ	0.0	1.0	0.0	0.0
-fas	0.0403652090341	0.932244113407	0.0072080730418	0.0201826045171
-uda	0.0701774148127	0.922725992678	0.00709659250917	0.0
-suŋ	0.0842112432816	0.474357862541	0.157834066833	0.283596827345
-ɛyu	0.737223723072	0.120505032124	0.142271244803	0.0
-ŋla	0.153449740971	0.124915226101	0.0287231684283	0.692911864499
-alá	0.294	0.412	0.036	0.258
-lↄŋ	0.0524246591724	0.56553456111	0.0254275292992	0.356613250419
-uol	0.189655172414	0.637931034483	0.103448275862	0.0689655172414
-gua	0.316336166194	0.546112684923	0.0930122757318	0.0445388731508
-hua	0.750828778783	0.147477824568	0.0188155183227	0.0828778783263
-yↄs	0.0	0.980769230769	0.0192307692308	0.0
-aba	0.355943519991	0.497096721272	0.0604958520868	0.0864639066502
-rom	0.0655055938458	0.685748872445	0.236444930394	0.0123006033153
-igɛ	0.291547504709	0.219653272237	0.0402959687934	0.448503254262
-huu	0.295567616463	0.629805517865	0.0	0.0746268656716
-uou	0.545327429504	0.231239804241	0.0227219762293	0.200710790026
-aiŋ	0.113517550411	0.850634802091	0.0358476474982	0.0
-tiŋ	0.304984717109	0.254010665803	0.0142531270515	0.426751490036
-tua	0.138888888889	0.25	0.25	0.361111111111
-uŋu	0.51724137931	0.344827586207	0.0344827586207	0.103448275862
-oso	0.320641282565	0.539078156313	0.0921843687374	0.0480961923848
-koo	0.0777751048761	0.023645242052	0.00729004039516	0.891289612677
-tul	0.328008245298	0.359185776862	0.230095336253	0.0827106415873
-ilɛ	0.292554512492	0.433202536466	0.249408102783	0.0248348482591
-oru	0.32865057924	0.537021710627	0.0764660916642	0.0578616184692
-soo	0.0741417092768	0.906135865595	0.00219138056976	0.0175310445581
-íla	0.656050955414	0.152866242038	0.0764331210191	0.114649681529
-oro	0.132738900921	0.794584687007	0.0303214497184	0.0423549623542
-liↄ	0.0359281437126	0.952095808383	0.0119760479042	0.0
-unɛ	0.458490489516	0.333556393722	0.182402563167	0.0255505535953
-vai	0.0488557469786	0.938801748522	0.0092568783749	0.00308562612497
-nↄↄ	0.298963063838	0.659144022758	0.0190422333655	0.0228506800385
-ris	0.112621359223	0.840776699029	0.00582524271846	0.0407766990291
-foŋ	0.676762402089	0.21044386423	0.0563968668407	0.0563968668407
-eeŋ	0.0421933781673	0.174021389245	0.0191803183377	0.76460491425
-jee	0.620688130196	0.315230850876	0.0325048646736	0.0315761542544
-lit	0.0483250206182	0.893649609237	0.0347563130817	0.0232690570632
-liu	0.852272727273	0.147727272727	0.0	0.0
-liv	0.0175438596492	0.982456140351	0.0	0.0
-lip	0.0062535531552	0.989766913019	0.0	0.00397953382604
-rut	0.0	1.0	0.0	0.0
-lis	0.0442425439463	0.925340707091	0.00276515899664	0.0276515899664
-ɛki	0.0255677545496	0.950368476463	0.00601594224697	0.0180478267409
-lim	0.146987951807	0.465060240964	0.349397590361	0.0385542168675
-omi	0.572121125201	0.27174720841	0.0317172700527	0.124414396336
-omo	0.573138364825	0.276808769267	0.0240593824399	0.125993483468
-lii	0.150622009241	0.15467666861	0.0402046289539	0.654496693195
-ɛka	0.0943396226415	0.820754716981	0.0283018867925	0.0566037735849
-lie	0.175786593707	0.354993160055	0.308139534884	0.161080711354
-oma	0.535994769798	0.366878661178	0.0508115847208	0.046314984303
-laŋ	0.0	0.797752808989	0.0	0.202247191011
-lia	0.134631092342	0.131518796218	0.038777981374	0.695072130066
-leŋ	0.65339471219	0.0773102392689	0.0298140014954	0.239481047046
-ɛmi	0.453643294146	0.246794146533	0.0393164221129	0.260246137208
-muŋ	0.159732305042	0.57000458852	0.220041801219	0.0502213052193
-usɛ	0.391330095937	0.340281890323	0.143195546607	0.125192467133
-oda	0.0183262064753	0.981673793525	0.0	0.0
-iza	0.0306396016852	0.909613175029	0.0344695518958	0.0252776713903
-irɛ	0.546656609557	0.117131328828	0.0133303039919	0.322881757623
-yↄↄ	0.771427355572	0.105324340868	0.0173278111139	0.105920492446
-oiŋ	0.385118102885	0.578470731024	0.00840257679021	0.0280085893008
-odo	0.110924123151	0.796639107556	0.0123249025723	0.0801118667203
-uri	0.542974883232	0.221845792657	0.152166698861	0.0830126252495
-ipa	0.139486877027	0.809495723975	0.0297847242701	0.0212326747272
-uro	0.522258332926	0.267565851375	0.178363752485	0.0318120632138
-ura	0.453463021969	0.430488009391	0.0570182793896	0.0590306892504
-sɛɛ	0.395467836257	0.571052631579	0.0197368421053	0.0137426900585
-ehe	0.622222222222	0.318518518519	0.0296296296296	0.0296296296296
-wɛi	0.202079002079	0.760498960499	0.0212058212058	0.0162162162162
ALL	0.233526943576	0.338097905891	0.0616100170331	0.3667651335
-ↄik	0.063492063492	0.238095238095	0.698412698413	0.0
-agu	0.380892405141	0.433607649886	0.0443267831595	0.141173161814
-rim	0.0	1.0	0.0	0.0
-ↄis	0.0947368421053	0.747368421053	0.0631578947368	0.0947368421053
-iɛl	0.0	1.0	0.0	0.0
-uru	0.139355754376	0.817063145968	0.0180550270003	0.0255260726556
-ŋee	0.0645161290323	0.838709677419	0.0322580645161	0.0645161290323
-was	0.0	1.0	0.0	0.0
-pam	0.233333333333	0.4	0.3	0.0666666666667
-paa	0.521614319214	0.322462707724	0.0369710693903	0.118951903671
-ɛsɛ	0.609681863639	0.139636364926	0.0610832629988	0.189598508437
-yoŋ	0.154336734694	0.823979591837	0.0127551020408	0.00892857142858
-dua	0.0	1.0	0.0	0.0
-ↄnↄ	0.540048559446	0.153987976993	0.0329788753424	0.272984588219
-waa	0.586041772797	0.173306164035	0.19969434539	0.0409577177789
-pas	0.0539808049622	0.92646093237	0.0148642796273	0.00469398304021
-fat	0.0300375469337	0.969962453066	0.0	0.0
-kee	0.0526315789474	0.947368421053	0.0	0.0
-faŋ	0.0	1.0	0.0	0.0
-suu	0.550758831185	0.289114213222	0.0869277557759	0.0731991998178
-anɛ	0.307277045275	0.528465496577	0.148127429525	0.0161300286233
-chↄ	0.723684210526	0.157894736842	0.0263157894737	0.0921052631579
-ↄↄl	0.0339344861552	0.904519668385	0.00159054823686	0.0599552972233
-suo	0.221845530807	0.540271912063	0.232536881689	0.00534567544113
-sul	0.686631847272	0.189182533159	0.0164182080059	0.107767411563
-zↄↄ	0.0293681400178	0.895283298724	0.0685256600416	0.00682290121626
-nuu	0.103137621362	0.410408463953	0.0160547541565	0.470399160529
-sua	0.337941227613	0.526430186055	0.0991131977047	0.0365153886281
-agɛ	0.273898973584	0.160397220409	0.0463463277499	0.519357478257
-die	0.582917705736	0.199709060682	0.12136325852	0.0960099750623
-dia	0.0819722668243	0.820846559052	0.0128222908623	0.0843588832614
-dii	0.43388184468	0.298345553444	0.0181063898738	0.249666212002
-piŋ	0.297807347364	0.148229199782	0.0422662133828	0.511697239472
-ↄsɛ	0.422825272274	0.379092405857	0.14017789595	0.0579044259189
-ori	0.312979858528	0.178578957968	0.107474543898	0.400966639606
-ɛmɛ	0.141019059735	0.472873713158	0.0463143214347	0.339792905672
-dis	0.010130456717	0.979739086566	0.010130456717	0.0
-jáŋ	0.259875259875	0.378378378378	0.299376299376	0.0623700623701
-tuu	0.207137376798	0.063158308906	0.00834136648895	0.721362947807
-ɛli	0.380829015544	0.510362694301	0.108808290155	0.0
-ↄŋↄ	0.0307619614391	0.0803477247879	0.126293129274	0.762597184499
-ihi	0.078431372549	0.754901960784	0.0196078431373	0.147058823529
-ɛla	0.371056800378	0.317260739149	0.0898817600571	0.221800700416
-ↄpa	0.0965207631875	0.890572390572	0.0016835016835	0.0112233445567
-igu	0.844070673559	0.113494329141	0.0196744078389	0.0227605894607
-nni	0.229811682094	0.4182891797	0.320300031918	0.0315991062879
-soŋ	0.0	1.0	0.0	0.0
-ɛlu	0.268636668905	0.674949630625	0.0443250503694	0.0120886501008
-nna	0.222350966917	0.63333066965	0.097330989292	0.046987374141
-uko	0.0	0.589285714286	0.410714285714	0.0
-nne	0.647594278284	0.352405721716	0.0	0.0
-lↄk	0.0	1.0	0.0	0.0
-tiu	0.050505050505	0.936026936027	0.00673400673402	0.00673400673402
-uoŋ	0.161776557948	0.43671780635	0.288324005885	0.113181629817
-lɛl	0.540325038302	0.115141040573	0.032363979444	0.31216994168
-lↄl	0.428610354223	0.175476839237	0.259400544959	0.13651226158
-nɛŋ	0.233090552751	0.73245258293	0.00868660445034	0.0257702598693
-mↄↄ	0.112755695992	0.703974721437	0.108431731249	0.0748378513221
-lↄs	0.0229257641921	0.963973799127	0.0065502183406	0.0065502183406
-tii	0.105946201355	0.258988371192	0.151793445766	0.483271981686
-lↄt	0.0180412371134	0.935567010309	0.0412371134021	0.00515463917526
-eme	0.508445945946	0.349662162162	0.0202702702703	0.121621621622
-jas	0.0186335403727	0.906832298137	0.0745341614907	0.0
-aŋi	0.303571428571	0.330357142857	0.3125	0.0535714285714
-mmu	0.0555742474321	0.318700892592	0.619549943595	0.00617491638133
-bↄŋ	0.167785794403	0.418792210463	0.337177414019	0.0762445811153
-emu	0.843309002433	0.0871046228711	0.0189781021898	0.050608272506
-ems	0.00184928340268	0.991215903837	0.00601017105871	0.00092464170134
-jaa	0.456890863607	0.445406486505	0.0638761117678	0.0338265381201
-jal	0.211111111111	0.277777777778	0.455555555556	0.0555555555556
-das	0.0237041719343	0.952433628319	0.00363463969658	0.0202275600506
-mma	0.0269896082911	0.940053129943	0.0162433949394	0.0167138668266
-eiŋ	0.535907083265	0.257974807787	0.0721413381319	0.133976770816
-hiŋ	0.503313202715	0.160444155471	0.0327687053152	0.303473936499
-eŋe	0.525412275129	0.117489795301	0.0285542573042	0.328543672266
-ana	0.12313055212	0.838496570336	0.00913639941527	0.0292364781289
-obu	0.803001876173	0.182926829268	0.00281425891182	0.0112570356473
-ↄmu	0.74931880109	0.231607629428	0.0136239782016	0.00544959128068
-guŋ	0.25	0.375	0.328703703704	0.0462962962963
-ani	0.0993165008365	0.817392357137	0.0732202606322	0.0100708813947
-zat	0.0	1.0	0.0	0.0
-eŋu	0.527162103433	0.292046936115	0.039113428944	0.141677531508
-nↄs	0.02	0.98	0.0	0.0
-ↄmi	0.408114558473	0.46062052506	0.0429594272076	0.0883054892602
-ↄma	0.344329896907	0.60618556701	0.0494845360825	0.0
-pɛu	0.362282775497	0.297478329393	0.0570279125711	0.283210982539
-chɛ	0.509977995459	0.23990401123	0.0404521190408	0.209665874271
-pɛi	0.180596451755	0.298356437971	0.418437667394	0.10260944288
-eto	0.343122102009	0.462132921175	0.0927357032457	0.10200927357
-lil	0.0	1.0	0.0	0.0
-bui	0.0166617831171	0.150169148398	0.0131855837618	0.819983484723
-ↄba	0.23718865674	0.645272247921	0.0623896901862	0.0551494051522
-bul	0.783443272248	0.0612939762443	0.00544767575739	0.14981507575
-iŋa	0.179376083189	0.740034662045	0.0701906412478	0.0103986135182
-uɛŋ	0.191646191646	0.746928746929	0.04914004914	0.012285012285
-ŋaa	0.474408229726	0.0771866095219	0.0186641582725	0.429741002479
-tia	0.0739353931377	0.151440794758	0.256857401826	0.517766410279
-nↄk	0.109311740891	0.890688259109	0.0	0.0
-ↄsↄ	0.239786907554	0.718521092099	0.0147659167897	0.0269260835577
-daa	0.261109288305	0.659146523645	0.00635130701284	0.0733928810372
-ↄbu	0.640074914104	0.294857229418	0.0563921422817	0.00867571419718
-uya	0.075	0.925	0.0	0.0
-wei	0.312010443864	0.261096605744	0.32637075718	0.100522193212
-iŋs	0.15873015873	0.84126984127	0.0	0.0
-fuo	0.24251497006	0.694610778443	0.0269461077844	0.0359281437126
-giŋ	0.468512898331	0.375189681335	0.0520991401112	0.104198280222
-ful	0.737373737374	0.242424242424	0.0	0.020202020202
-buu	0.180602843982	0.0871219707591	0.0238333667134	0.708441818546
-nis	0.0335768692678	0.896471319758	0.0410383957718	0.0289134152029
-kai	0.0	0.909677419355	0.0	0.0903225806452
-bua	0.228292888933	0.361300664548	0.033101011618	0.377305434901
-osa	0.0357142857143	0.964285714286	0.0	0.0
-ulo	0.168147825212	0.752372648311	0.0523156376807	0.0271638887957
-kam	0.030303030303	0.939393939394	0.0	0.030303030303
-kaa	0.409015650533	0.0211568683118	0.0118082256153	0.55801925554
-ula	0.735856597813	0.125411308827	0.050330923151	0.0884011702096
-osi	0.274494169242	0.604704475232	0.0753513405761	0.0454500149506
-toŋ	0.456470588235	0.487058823529	0.0141176470588	0.0423529411765
-osu	0.0786163522012	0.599056603774	0.238993710692	0.0833333333333
-nia	0.17228307928	0.72456313229	0.0449967237256	0.0581570647046
-ↄgɛ	0.648770911574	0.254353021509	0.0574001365654	0.0394759303516
-daŋ	0.123392543617	0.534039322377	0.188465857864	0.154102276142
-ɛyɛ	0.295863383705	0.452550925193	0.123116954906	0.128468736195
-nii	0.76629214372	0.0825500081743	0.017239833561	0.133918014545
-usi	0.504504504504	0.495495495496	0.0	0.0
-ŋti	0.0137299771167	0.972540045767	0.00457665903892	0.0091533180778
-rↄŋ	0.00398671096345	0.960132890365	0.0279069767442	0.00797342192691
-ulu	0.706001308153	0.197391586227	0.047448622672	0.0491584829484
-ŋsa	0.535715868987	0.393200299913	0.0190915101085	0.0519923209918
-iiŋ	0.162537046579	0.534641309804	0.0775309275207	0.225290716095
-fir	0.544303797468	0.455696202532	0.0	0.0
-fis	0.191780821918	0.72602739726	0.0547945205479	0.027397260274
-ɛrɛ	0.453947763791	0.247688457714	0.0875491769359	0.210814601559
-ŋso	0.381572358538	0.552328492739	0.0270405608413	0.0390585878818
-rug	0.0	1.0	0.0	0.0
-tad	0.0	0.976897689769	0.022630834512	0.000471475719001
-fii	0.0308068900391	0.0817198990501	0.00338537253177	0.884087838379
-fia	0.0855745721271	0.836185819071	0.0391198044009	0.039119804401
-ilu	0.301581055584	0.247707116264	0.374892796965	0.0758190311873
-ifa	0.0142405063291	0.966772151899	0.0189873417722	0.0
-vil	0.432960893855	0.393854748603	0.122905027933	0.0502793296089
-yua	0.623387790198	0.315563198624	0.0346035274626	0.0264454837154
-tɛŋ	0.0162601626016	0.983739837398	0.0	0.0
-miŋ	0.160124032676	0.569253530782	0.209721169665	0.0609012668763
-kↄs	0.114285714286	0.885714285714	0.0	0.0
-ire	0.402246476634	0.354243933453	0.119317579739	0.124192010173
-gↄg	0.403174603175	0.490476190476	0.0968253968254	0.00952380952381
-ↄta	0.0	1.0	0.0	0.0
-ile	0.269948057426	0.59546687	0.0556785246502	0.0789065479234
-hↄŋ	0.576983432323	0.112938418256	0.00663957486714	0.303438574554
-ila	0.188166104627	0.270125192348	0.0506651489526	0.491043554072
-ↄti	0.800847457627	0.199152542373	0.0	0.0
-yuu	0.667490729296	0.317676143387	0.0148331273177	0.0
-vit	0.00879765395894	0.973607038123	0.00563049853372	0.0119648093842
-ili	0.52626606198	0.377865961199	0.0642479213907	0.0316200554296
-ebi	0.0215536596318	0.564436461608	0.0215536596318	0.392456219129
-síu	0.455278592375	0.211143695015	0.0285923753666	0.304985337243
