-ãga	0.0876151441198	0.0446193251603	0.00792412210241	0.859841408617
-ũri	0.703268251273	0.142045840407	0.0180814940577	0.136604414262
-jãa	0.326879457621	0.408452438621	0.0271932890401	0.237474814718
-épa	0.145161290323	0.754838709677	0.0564516129032	0.0435483870967
-cao	0.037037037037	0.814814814815	0.111111111111	0.037037037037
-ũra	0.567771716324	0.2874527906	0.0503566932438	0.0944187998322
-eus	0.0	1.0	0.0	0.0
-cas	0.046875	0.796875	0.0	0.15625
-car	0.0	0.980295566502	0.0	0.0197044334975
-hei	0.30707247414	0.442074362695	0.115778382999	0.135074780166
-rbe	0.0212389380531	0.978761061947	0.0	0.0
-eví	0.0650988211835	0.887103395695	0.0222860829277	0.0255117001935
-caz	0.0	1.0	0.0	0.0
-ɨma	0.679150141858	0.0632262760129	0.0232123277128	0.234411254416
-xeo	0.34	0.413333333333	0.0	0.246666666667
-dío	0.0493247210805	0.725190839695	0.193775689959	0.031708749266
-trɨ	0.0159049941682	0.984095005832	0.0	0.0
-idá	0.530567685589	0.292576419214	0.0458515283843	0.131004366812
-idú	0.183978873239	0.485915492958	0.0132042253521	0.316901408451
-ufo	0.0	1.0	0.0	0.0
-aum	0.00241837968561	0.992744860943	0.0	0.00483675937122
-bbá	0.0919540229885	0.804597701149	0.0	0.103448275862
-nto	0.0702755698729	0.72344970062	0.0124654224588	0.193809307049
-nta	0.0334101340422	0.251547272601	0.0353271089463	0.67971548441
-nte	0.0762001202494	0.547229518053	0.00797443118888	0.368595930509
-uan	0.0314756872088	0.888746508749	0.0082421512948	0.0715356527473
-ũui	0.274321072534	0.725678927466	0.0	0.0
-ejõ	0.0464771827677	0.722725866907	0.215304556069	0.0154923942559
-ɨji	0.652704416554	0.117058471404	0.0392650236909	0.190972088351
-dro	0.0181660363321	0.925165850332	0.010416020832	0.0462520925042
-pra	0.0234375	0.90234375	0.0546874999999	0.01953125
-lía	0.0	1.0	0.0	0.0
-pre	0.011452368558	0.888599687663	0.0	0.0999479437792
-ará	0.312977099237	0.114503816794	0.137404580153	0.435114503817
-hem	0.0	1.0	0.0	0.0
-más	0.0	1.0	0.0	0.0
-esé	0.0	1.0	0.0	0.0
-opo	0.0202702702703	0.898648648649	0.0810810810811	0.0
-wãi	0.536620739666	0.194827169446	0.0333575054387	0.235194585448
-opi	0.281054163823	0.235212853666	0.0764080982217	0.40732488429
-'ẽe	0.615956953813	0.0302507594872	0.0974975541939	0.256294732506
-mán	0.042735042735	0.487179487179	0.470085470085	0.0
-meí	0.0	1.0	0.0	0.0
-ope	0.0324675324675	0.944805194805	0.0	0.0227272727273
-jõi	0.284640810406	0.149406701068	0.389508477398	0.176444011129
-opa	0.102543420231	0.700354135944	0.0550271494218	0.142075294403
-'ia	0.244679068208	0.641360817831	0.0888218535278	0.0251382604324
-ive	0.133762101878	0.866237898122	0.0	0.0
-dea	0.0149927454457	0.96469450266	0.00435273254877	0.0159600193455
-dec	0.138387484958	0.80385078219	0.014440433213	0.043321299639
-ãgá	0.116604215041	0.0704763648092	0.013909360898	0.799010059252
-dee	0.16864609894	0.352630080978	0.0402425956191	0.438481224463
-dei	0.54	0.35	0.0	0.11
-ɨte	0.212220305498	0.246464830304	0.0438266085319	0.497488255666
-ĩuu	0.0392156862745	0.882352941176	0.0392156862745	0.0392156862745
-ɨta	0.361331551316	0.17025456789	0.0603739581301	0.408039922664
-deo	0.00479488545551	0.993606819393	0.0	0.00159829515184
-ima	0.356296852892	0.408641851703	0.0462336834176	0.188827611987
-des	0.017153174842	0.936202226903	0.0376166114957	0.00902798675895
-́tɨ	0.488842529626	0.367482147312	0.0250928553801	0.118582467683
-ido	0.101123595506	0.578651685393	0.0	0.320224719101
-lla	0.0227636792851	0.951943343732	0.01517578619	0.0101171907933
-lle	0.134608311879	0.808017653549	0.0573740345715	0.0
-idi	0.306726860902	0.282753886251	0.198179434671	0.212339818176
-rpa	0.17600325932	0.799551843553	0.0110002037075	0.0134446934202
-eca	0.232394366197	0.767605633803	0.0	0.0
-ide	0.241080822707	0.303685209435	0.0517339586365	0.403500009222
-llo	0.0342125285217	0.93757095311	0.0112866073474	0.0169299110211
-ida	0.468929126715	0.167980804455	0.0353309393171	0.327759129513
-úpa	0.103448275862	0.402298850575	0.494252873563	0.0
-bia	0.612018669778	0.154025670945	0.0743873978997	0.159568261377
-ivo	0.0574461652165	0.913326838445	0.0272113414183	0.00201565491988
-ẽpa	0.398202009519	0.16393442623	0.263352723427	0.174510840825
-eja	0.0181737588652	0.895242316785	0.00413711583924	0.0824468085107
-uta	0.446641989141	0.257356271485	0.0729589428099	0.223042796563
-ria	0.198315743678	0.334647745902	0.123243234641	0.343793275779
-eji	0.665109257648	0.0841204282815	0.0131646374596	0.237605676611
-rim	0.0	1.0	0.0	0.0
-uto	0.0129310344828	0.79525862069	0.191810344828	0.0
-rii	0.366393569774	0.274761410131	0.0394024458058	0.319442574289
-ños	0.0	0.970424107143	0.0145089285714	0.0150669642857
-ñor	0.0317548746518	0.909192200557	0.0183844011142	0.0406685236769
-riu	0.0445577819147	0.400623478481	0.531355680153	0.0234630594508
-tee	0.367918948192	0.254386007441	0.0429995025652	0.334695541802
-y–e	0.265446224256	0.545766590389	0.0171624713959	0.171624713959
-'ɨ́	0.453101361573	0.273827534039	0.0514372163389	0.221633888048
-teo	0.0445554144514	0.939516562991	0.00193719193267	0.0139908306249
-lux	0.114942528736	0.885057471264	0.0	0.0
-are	0.0855001182828	0.413714464446	0.320050361727	0.180735055543
-ara	0.209251240162	0.151220085363	0.143037236996	0.496491437479
-mes	0.0	1.0	0.0	0.0
-nzo	0.0542635658914	0.945736434109	0.0	0.0
-i–e	0.523756166865	0.272518496778	0.0985033674193	0.105221968938
-aro	0.039405576891	0.846385039239	0.00400734680247	0.110202037068
-ari	0.236090797392	0.430593896759	0.0530322637353	0.280283042114
-rón	0.0361803084223	0.943653618031	0.00711743772243	0.0130486358244
-mee	0.0886156793869	0.0950023950184	0.0227526744372	0.793629251158
-aru	0.384275159649	0.348232968086	0.0588219227708	0.208669949494
-mea	0.0	0.961038961039	0.038961038961	0.0
-'ũa	0.0869195234622	0.769632871383	0.0948212983224	0.0486263068319
-mec	0.0	1.0	0.0	0.0
-meo	0.0	0.981481481481	0.0185185185185	0.0
-ãji	0.795456358267	0.0213017445474	0.00647313582892	0.176768761356
-átɨ	0.516109476691	0.210504381853	0.0467106300392	0.226675511417
-yda	0.576271186441	0.389830508475	0.0	0.0338983050847
-bán	0.198555956679	0.512635379061	0.252707581227	0.0361010830325
-aya	0.0958622976811	0.124322208562	0.0306774278174	0.74913806594
-ɨ̃i	0.30985915493	0.420187793427	0.201877934272	0.0680751173709
-útɨ	0.680087190666	0.279907680472	0.0200025644314	0.0200025644313
-ayo	0.0178343949044	0.898089171975	0.0535031847134	0.0305732484076
-ero	0.0244539659316	0.854112237433	0.0125404953496	0.108893301285
-ëré	0.331831205482	0.418671647538	0.130847392638	0.118649754341
-ĩra	0.23741364696	0.193472246546	0.0357235735622	0.533390532932
-sés	0.0340057191437	0.954401422057	0.00463714351959	0.0069557152794
-bás	0.00702028081123	0.913416536661	0.0795631825273	0.0
-p'a	0.105791513398	0.0909469041786	0.0967157611472	0.706545821276
-p'e	0.202203466923	0.125804099373	0.0325610610141	0.639431372691
-aón	0.22572815534	0.708737864078	0.0218446601942	0.0436893203883
-p'o	0.635544449493	0.352794184462	0.0	0.0116613660457
-dán	0.0162615542622	0.955494693598	0.0171174255392	0.0111263266005
-õda	0.316205533597	0.577075098814	0.0474308300396	0.0592885375494
-xad	0.0	1.0	0.0	0.0
-p'u	0.471881689045	0.347149250827	0.0116754232341	0.169293636894
-bpa	0.021052631579	0.973934837093	0.00501253132831	0.0
-uba	0.712396694215	0.128925619835	0.0297520661157	0.128925619835
-ota	0.330677290837	0.51109846329	0.088218554354	0.0700056915197
-tán	0.176619007569	0.703111858705	0.0210260723297	0.0992430613961
-ote	0.00152129817444	0.996957403651	0.00152129817444	0.0
-iji	0.62570039567	0.170676042857	0.0414790840514	0.162144477421
-k'ã	0.46704630256	0.260337053823	0.0637739100459	0.208842733571
-oto	0.0526315789474	0.894736842105	0.0	0.0526315789474
-uma	0.285125611255	0.581914808952	0.0765074677019	0.0564521120907
-ĩru	0.0699884981726	0.858126296387	0.0180187190417	0.0538664863984
ALL	0.22358981187	0.271198618705	0.0519422364704	0.453269332955
-nai	0.258294573643	0.3669250646	0.231524547804	0.143255813953
-nam	0.0	1.0	0.0	0.0
-–ee	0.280115108028	0.306381637263	0.248764425624	0.164738829084
-naa	0.247448655422	0.302353249539	0.0298733258313	0.420324769207
-dai	0.384979345611	0.309448894872	0.108507989676	0.19706376984
-aús	0.0408163265306	0.918367346939	0.0	0.0408163265306
-aúl	0.241071428571	0.705357142857	0.0133928571429	0.0401785714286
-sio	0.0	1.0	0.0	0.0
-nɨ̃	0.692797940718	0.12273506129	0.00883878520977	0.175628212782
-–tu	0.523489932886	0.315436241611	0.161073825503	0.0
-nas	0.00667408231368	0.983314794216	0.00333704115684	0.00667408231369
-sia	0.236285817575	0.361338631377	0.119548292077	0.282827258972
-ala	0.0756501182032	0.881796690307	0.0283687943262	0.0141843971631
-nau	0.531011969532	0.207834602829	0.0587595212187	0.20239390642
-ipɨ	0.380412976174	0.33787642964	0.125940375203	0.155770218983
-ëre	0.477549307596	0.375157364666	0.0239194292908	0.123373898447
-mos	0.0249869859448	0.953149401353	0.0124934929724	0.00937011972929
-mor	0.272727272727	0.727272727273	0.0	0.0
-gog	0.0590163934427	0.940983606557	0.0	0.0
-ɨpa	0.314437978082	0.194248909656	0.0587777735717	0.432535338691
-aán	0.0526315789474	0.657894736842	0.25	0.0394736842105
-̃de	0.138478918813	0.769846162429	0.0119109053125	0.0797640134451
-ɨpi	0.490466040671	0.328647963592	0.0535745146609	0.127311481076
-̃da	0.353535353535	0.434343434343	0.030303030303	0.181818181818
-p'ã	0.631667525098	0.150902454625	0.00148899174989	0.215941028528
-ãma	0.229544559079	0.104148729698	0.0386708888467	0.627635822377
-ber	0.0	1.0	0.0	0.0
-cob	0.00829711576452	0.981035163967	0.0	0.0106677202687
-uai	0.684445461829	0.212544351608	0.048071420396	0.0549387661668
-lpe	0.241442153569	0.0472959620579	0.474101398678	0.237160485695
-yaa	0.197586609433	0.225806464564	0.223137251083	0.35346967492
-tɨa	0.248086952283	0.53735926305	0.1815730045	0.032980780166
-rla	0.0281359906213	0.909730363423	0.052754982415	0.00937866354046
-cos	0.00949367088607	0.985759493671	0.0	0.00474683544304
-bee	0.170851425335	0.173567847629	0.0314643508904	0.624116376146
-iso	0.0670454545454	0.893181818182	0.0318181818182	0.00795454545454
-k'o	0.240889962547	0.635796043709	0.0145994722906	0.108714521453
-reo	0.0148645672759	0.866769434045	0.116714380092	0.00165161858621
-isi	0.143534994069	0.827995255042	0.00711743772242	0.0213523131672
-k'e	0.056704506762	0.697129389981	0.109389847935	0.136776255322
-rea	0.010718113612	0.980350125045	0.00250089317613	0.00643086816721
-ĩia	0.79	0.21	0.0	0.0
-õre	0.0135161102688	0.179438018234	0.00274862422515	0.804297247272
-red	0.0	1.0	0.0	0.0
-ree	0.118705260928	0.583817039261	0.247097865301	0.0503798345096
-eve	0.0302775441547	0.0	0.233809924306	0.735912531539
-rey	0.0439865898188	0.838300712852	0.0162396696273	0.101473027702
-eva	0.237556561086	0.735294117647	0.0271493212669	0.0
-̃rɨ	0.0343107807023	0.0132987522102	0.00614494067643	0.946245526411
-upa	0.036673172134	0.609035054058	0.00723051501065	0.347061258797
-k'u	0.0928705440901	0.860694183865	0.0	0.0464352720451
-res	0.0224719101124	0.467483827034	0.229145386449	0.280898876404
-õru	0.299010982343	0.394332868151	0.0934409319823	0.213215217523
-ret	0.0186145865121	0.977723527617	0.00366188587122	0.0
-upi	0.179553710431	0.408925791386	0.362740010379	0.0487804878049
-haa	0.164212676413	0.193586507785	0.0659985559923	0.57620225981
-hab	0.0700389105058	0.929961089494	0.0	0.0
-naí	0.0181818181818	0.968181818182	0.0	0.0136363636364
-hai	0.0983374935243	0.778458060566	0.0604719069373	0.0627325389724
-mas	0.0860215053764	0.913978494624	0.0	0.0
-mar	0.0295315682281	0.952138492872	0.0183299389002	0.0
-ham	0.0338066260987	0.901874100657	0.00988193685963	0.0544373363846
-jua	0.123824254027	0.527023148619	0.0268423054911	0.322310291863
-hat	0.0	1.0	0.0	0.0
-hau	0.172569220863	0.791371538957	0.00515132002577	0.0309079201545
-maa	0.229788363899	0.339257504249	0.045277966649	0.385676165203
-ãde	0.0862967418867	0.264922457601	0.0183445487174	0.630436251795
-ãda	0.223666862657	0.482552485041	0.0855532113582	0.208227440944
-–si	0.476744186047	0.453488372093	0.0697674418605	0.0
-uni	0.25	0.565789473684	0.0	0.184210526316
-ɨmɨ	0.0879335613092	0.858329262335	0.0	0.0537371763556
-una	0.0253164556962	0.651898734177	0.303797468354	0.0189873417722
-ãta	0.273802315635	0.291976597235	0.0935160119548	0.340705075175
-pta	0.0514138817481	0.948586118252	0.0	0.0
-pto	0.0289296046287	0.739954998393	0.143040822887	0.0880745740918
-unu	0.788916857015	0.0954374567267	0.0056295740289	0.110016112229
-ade	0.299912220753	0.468813239418	0.0497755703455	0.181498969484
-tra	0.0705882352941	0.807486631016	0.0898395721925	0.0320855614973
-asá	0.0	0.857142857143	0.0	0.142857142857
-ada	0.449659779745	0.221380106188	0.0383777872519	0.290582326815
-ado	0.0776699029126	0.776699029126	0.0485436893204	0.0970873786408
-tro	0.0171673819742	0.285586552217	0.0289699570816	0.668276108727
-quí	0.0	1.0	0.0	0.0
-gai	0.308474576271	0.634576271187	0.0569491525423	0.0
-tru	0.144486692015	0.77566539924	0.0456273764258	0.0342205323194
-cpa	0.0809678920428	0.777570963239	0.114471847371	0.0269892973476
-gau	0.0	1.0	0.0	0.0
-gar	0.0378378378378	0.913513513514	0.0324324324324	0.0162162162162
-seo	0.0626114178877	0.879559980869	0.0191312665768	0.0386973346667
-o–e	0.258017133238	0.234359755117	0.0623465460121	0.445276565633
-sem	0.0	1.0	0.0	0.0
-nos	0.0625	0.9375	0.0	0.0
-lpa	0.0593918276845	0.895244128694	0.0156681297796	0.0296959138423
-̃ma	0.1	0.9	0.0	0.0
-pee	0.099291544996	0.116513472259	0.121532386514	0.66266259623
-ina	0.0638862529528	0.899437079549	0.0327044652421	0.00397220225612
-see	0.345924635555	0.323278628404	0.0553772806454	0.275419455396
-sec	0.0	1.0	0.0	0.0
-sea	0.0	1.0	0.0	0.0
-ira	0.419857502908	0.232220175779	0.0351799793201	0.312742341993
-uim	0.0	1.0	0.0	0.0
-erí	0.0	1.0	0.0	0.0
-erá	0.363478044533	0.118920263714	0.10498818261	0.412613509143
-erã	0.203652030477	0.307232911864	0.0418303270935	0.447284730566
-ser	0.0	1.0	0.0	0.0
-blo	0.055539370183	0.805360595386	0.0115475276108	0.12755250682
-eda	0.268003691258	0.172844044353	0.0623407682266	0.496811496162
-dón	0.00170357751278	0.994889267462	0.0	0.00340715502555
-són	0.0556464811784	0.944353518822	0.0	0.0
-ooi	0.308209489258	0.373229709265	0.102930652865	0.215630148613
-ena	0.389769967138	0.455065009287	0.115730818688	0.0394342048864
-arã	0.0805731799092	0.380183864152	0.047083672231	0.492159283708
-iai	0.3481163567	0.295024638372	0.0993482753139	0.257510729614
-nes	0.0901840490797	0.729447852761	0.0662576687117	0.114110429448
-rso	0.0161943319838	0.983805668016	0.0	0.0
-neo	0.0263157894737	0.684210526316	0.0	0.289473684211
-opɨ	0.216893342878	0.699355762348	0.05798138869	0.0257695060845
-bed	0.305084745763	0.694915254237	0.0	0.0
-ias	0.324147753661	0.614577205313	0.0325830056455	0.0286920353799
-ooz	0.0336134453781	0.966386554622	0.0	0.0
-ban	0.134168157424	0.814847942755	0.0	0.0509838998211
-bai	0.481568421965	0.200634140302	0.0570526557355	0.260744781997
-hoo	0.331922316676	0.364340348189	0.114045497516	0.189691837619
-baa	0.269041413264	0.249637995946	0.0955690703736	0.385751520417
-hor	0.0	1.0	0.0	0.0
-joi	0.516949152542	0.330508474576	0.127118644068	0.0254237288136
-tde	0.0740740740741	0.925925925926	0.0	0.0
-iru	0.151651009717	0.0378793169119	0.00475500968566	0.805714663685
-bas	0.0	1.0	0.0	0.0
-job	0.0652173913043	0.869565217391	0.0326086956522	0.0326086956522
-bëi	0.352112676056	0.443661971831	0.204225352113	0.0
-obɨ	0.223506743738	0.522157996146	0.231213872832	0.0231213872832
-que	0.0	1.0	0.0	0.0
-asa	0.110058339195	0.823079150979	0.0519673962514	0.0148951135752
-adá	0.0	1.0	0.0	0.0
-aso	0.508679245283	0.468679245283	0.00452830188679	0.0181132075471
-adí	0.0	1.0	0.0	0.0
-õ–e	0.525659933006	0.25363834871	0.088657955208	0.132043763076
-asu	0.0221893491124	0.702662721893	0.0887573964497	0.186390532544
-lto	0.0	0.6015625	0.0	0.3984375
-lta	0.328832702948	0.284223906066	0.0802480930055	0.306695297981
-zor	0.0	1.0	0.0	0.0
-'ii	0.44111969112	0.255791505792	0.101351351351	0.201737451737
-k'a	0.290766773753	0.277840921317	0.0779824986891	0.353409806241
-utɨ	0.447954784247	0.362341944132	0.124343320894	0.0653599507264
-rau	0.0971294234101	0.601542522478	0.229151200198	0.0721768539141
-ras	0.0	0.894736842105	0.0701754385965	0.0350877192982
-iwa	0.27511557109	0.314578870222	0.394745743601	0.0155598150863
-ram	0.0	1.0	0.0	0.0
-uía	0.0155339805825	0.945631067961	0.0	0.0388349514563
-isa	0.104970752569	0.143735296319	0.0362109368156	0.715083014297
-rah	0.0	1.0	0.0	0.0
-rai	0.669005445193	0.128898263134	0.0656436304156	0.136452661257
-era	0.332597531678	0.400744964117	0.175943783128	0.0907137210758
-uío	0.0	1.0	0.0	0.0
-ere	0.0780392864121	0.0862302177736	0.0485068458151	0.787223649999
-raa	0.197406217895	0.328506448432	0.108009563481	0.366077770192
-pos	0.0	1.0	0.0	0.0
-epa	0.156391766837	0.38669217891	0.0272215116936	0.42969454256
-ozo	0.0400943396227	0.626179245283	0.117924528302	0.215801886792
-ĩda	0.0323381386436	0.0192598062129	0.00894230174904	0.939459753394
-ndo	0.0	1.0	0.0	0.0
-edú	0.220087336245	0.268995633188	0.0279475982532	0.482969432315
-úji	0.763440860215	0.10752688172	0.010752688172	0.118279569893
-aza	0.0932612805286	0.847575219436	0.0315071893677	0.0276563106672
-laa	0.757757212847	0.100707675558	0.130647795318	0.0108873162765
-lam	0.0	1.0	0.0	0.0
-nor	0.0	1.0	0.0	0.0
-lao	0.33734939759	0.66265060241	0.0	0.0
-lah	0.0	1.0	0.0	0.0
-uja	0.102706227584	0.7888816433	0.108412129116	0.0
-–oo	0.115044247788	0.738938053097	0.0398230088495	0.106194690266
-fos	0.0	1.0	0.0	0.0
-aai	0.198070774569	0.467328880518	0.127630575016	0.206969769897
-eón	0.0563256110105	0.753146887398	0.0333055786844	0.157221922907
-étɨ	0.808334343802	0.155288791884	0.0133381835819	0.0230386807324
-las	0.013456686291	0.89052425007	0.0266330249509	0.069386038688
-́ma	0.456	0.184	0.096	0.264
-uji	0.795207445169	0.0639796140179	0.00589664792913	0.134916292884
-noc	0.0	1.0	0.0	0.0
-gɨ́	0.0821125369749	0.0439311301311	0.0117075683372	0.862248764557
-aac	0.014280748946	0.985719251054	0.0	0.0
-áji	0.60132305635	0.272805745564	0.0571738892715	0.0686973088146
-awí	0.269035532995	0.472081218274	0.258883248731	0.0
-gel	0.00915391656859	0.949784229109	0.00980776775206	0.0312540865699
-ãru	0.580477643469	0.175096819622	0.048923248445	0.195502288464
-gee	0.228206858689	0.215693439591	0.1331655436	0.42293415812
-fás	0.00631266245824	0.692536204976	0.296695135537	0.00445599702934
-doc	0.0	1.0	0.0	0.0
-ãri	0.396850189442	0.189849867486	0.0556571472379	0.357642795834
-ges	0.016393442623	0.950819672131	0.0327868852459	0.0
-doo	0.167214322688	0.39906332655	0.136924741744	0.296797609018
-ypa	0.147045754804	0.690781773988	0.0464355015172	0.115736969691
-ãra	0.0526567330365	0.0546041595174	0.0120365611004	0.880702546346
-sas	0.0218340611354	0.923580786026	0.0	0.0545851528384
-ión	0.0247933884297	0.964580873672	0.0	0.0106257378985
-otɨ	0.477714912565	0.298184453113	0.0812587989786	0.142841835344
-mpa	0.0751962955506	0.8903764848	0.0108717535736	0.0235554660761
-lfa	0.00442845280929	0.982286188763	0.0132853584279	0.0
-oli	0.0	1.0	0.0	0.0
-saa	0.232335570987	0.368067456286	0.247449292193	0.152147680534
-éle	0.162089013633	0.795809943865	0.042101042502	0.0
-tor	0.0252604988948	0.927376065677	0.0189453741712	0.0284180612567
-tos	0.046087468131	0.0944956527425	0.0441262992743	0.815290579852
-olo	0.0327763496144	0.93766066838	0.0	0.0295629820051
-ola	0.463414634146	0.492239467849	0.0443458980044	0.0
-'ua	0.19804930884	0.591135751113	0.075227106763	0.135587833284
-sam	0.0	1.0	0.0	0.0
-̃rá	0.200252258706	0.0587358866589	0.0155851677978	0.725426686837
-cla	0.0536761389266	0.921064501579	0.021199819576	0.00405953991881
-ien	0.0078250773404	0.063925123156	0.0978134667548	0.830436332749
-avo	0.111500876973	0.824354798296	0.0255575043849	0.0385868203458
-oce	0.00649113183397	0.0278844395685	0.00219418540867	0.963430243189
-iez	0.0203344481605	0.0272909698997	0.00802675585284	0.944347826087
-ava	0.077868852459	0.766393442623	0.122950819672	0.0327868852459
-áma	0.464684844388	0.306848284286	0.0585712685521	0.169895602773
-nãu	0.0523114355231	0.886861313869	0.00625651720542	0.0545707334028
-lot	0.0634817813766	0.87681511471	0.0415654520918	0.0181376518219
-roo	0.029465206502	0.0679173009871	0.88788488926	0.014732603251
-lor	0.168421052632	0.347368421053	0.305263157895	0.178947368421
-los	0.238532110092	0.688073394495	0.0	0.0733944954128
-a–e	0.388769317211	0.147900958555	0.0624396877897	0.400890036444
-ipi	0.509749303621	0.456824512535	0.033426183844	0.0
-ipo	0.0	0.987041036717	0.0129589632829	0.0
-sar	0.0124109400138	0.943001608826	0.0390714778212	0.00551597333946
-ipa	0.177318074933	0.313682101985	0.0472468436364	0.461752979446
-húm	0.0	1.0	0.0	0.0
-ipe	0.0	1.0	0.0	0.0
-rde	0.311150622301	0.471678943358	0.184150368301	0.0330200660401
-noé	0.0	1.0	0.0	0.0
-ewe	0.537552245656	0.416609225668	0.0200543562956	0.0257841723801
-ujã	0.0590949735979	0.435088591224	0.0103311721877	0.495485262991
-ewa	0.330863817114	0.277212724649	0.182859885681	0.209063572556
-ɨpɨ	0.318055111274	0.432436137641	0.0452405977243	0.204268153361
-esa	0.051996038397	0.860010665854	0.0	0.0879932957489
-ipu	0.299298519096	0.561184723305	0.0327357755261	0.106780982073
-wẽe	0.191772000451	0.171040823841	0.208926519069	0.428260656638
-awa	0.570134796002	0.0870967209438	0.0262084609188	0.316560022135
-awe	0.0089377377861	0.964973730298	0.00434808865269	0.0217404432635
-imo	0.052792321117	0.879144851658	0.0157068062827	0.0523560209424
-'ɨa	0.14722728593	0.462552209057	0.0338382295496	0.356382275463
-mal	0.167221566598	0.638717291121	0.106606715498	0.0874544267829
-k'ɨ	0.514516248935	0.14648380539	0.0129468957472	0.326053049928
-saú	0.138211382114	0.845528455284	0.0	0.0162601626016
-jɨ̃	0.559059747404	0.139106151117	0.0328080545086	0.269026046971
-̃ru	0.510791366907	0.302158273381	0.0575539568345	0.129496402878
-sto	0.0511041171705	0.770107358255	0.0120812615392	0.166707263035
-ste	0.177172696755	0.571055576278	0.0447594181276	0.20701230884
-toi	0.548752834467	0.356009070295	0.0272108843537	0.0680272108842
-sta	0.0906437568687	0.777963479584	0.0588669090089	0.0725258545383
-upɨ	0.54590984975	0.373956594324	0.0400667779632	0.0400667779633
-̃ra	0.00912547528517	0.984030418251	0.00684410646389	0.0
-cum	0.0421052631579	0.705263157895	0.0842105263158	0.168421052632
-loí	0.0	0.959595959596	0.020202020202	0.020202020202
-rpo	0.0	1.0	0.0	0.0
-mãu	0.0791234166645	0.847811913877	0.0174231134863	0.0556415559723
-loé	0.0	0.913916786227	0.0	0.0860832137731
-lón	0.12296948535	0.723698193411	0.107788067405	0.0455442538333
-ián	0.134831460674	0.842696629213	0.0224719101123	0.0
-'ui	0.441520467836	0.33918128655	0.0438596491228	0.175438596491
-cua	0.00205714285714	0.976	0.00125714285715	0.0206857142857
-jɨa	0.0480549199085	0.828375286041	0.0961098398169	0.0274599542334
-nẽe	0.0455114822547	0.858037578288	0.0889352818372	0.00751565762004
-mãi	0.266427623234	0.492091793377	0.0455132795284	0.195967303861
-rés	0.00583554376658	0.966047745358	0.00159151193634	0.026525198939
-oba	0.679389312977	0.229007633588	0.0458015267176	0.0458015267176
-lem	0.0	1.0	0.0	0.0
-lea	0.0123026673925	0.953620032662	0.00185084376701	0.0322264561786
-tín	0.0	0.942307692308	0.0576923076923	0.0
-lee	0.48905109489	0.423357664234	0.0	0.0875912408759
-leg	0.0	1.0	0.0	0.0
-ɨrɨ	0.273483966248	0.518606584748	0.0301038720059	0.177805576998
-ĩwa	0.737909516381	0.14976599064	0.0655226209048	0.0468018720749
-ios	0.0547667342799	0.803245436105	0.0669371196754	0.0750507099392
-esá	0.344036697248	0.54128440367	0.0764525993884	0.0382262996942
-les	0.444444444444	0.462962962963	0.0185185185185	0.0740740740741
-sai	0.595514307811	0.125249318191	0.119672731713	0.159563642284
-éis	0.0681818181818	0.636363636364	0.0	0.295454545455
-eel	0.0	1.0	0.0	0.0
-rra	0.0499402929301	0.826459411459	0.0401287815935	0.0834715140175
-eei	0.451952368751	0.272374302471	0.123391413279	0.152281915499
-rre	0.0323405659599	0.827901988285	0.0	0.139757445755
-udú	0.150990000657	0.0958726071763	0.181448947436	0.571688444731
-'ĩu	0.368679601052	0.373294298616	0.064010321044	0.194015779288
-rro	0.0712534727897	0.915999346298	0.00784441902272	0.0049027618892
-gio	0.0268907563025	0.952941176471	0.0201680672269	0.0
-alo	0.679245283019	0.245283018868	0.0754716981132	0.0
-udá	0.0	1.0	0.0	0.0
-dos	0.0280972597453	0.0850019297569	0.0907757622539	0.796125048244
-'ĩi	0.203389830509	0.124293785311	0.672316384181	0.0
-nde	0.0515713243441	0.875266841408	0.00844434836652	0.064717485881
-gia	0.0333333333333	0.809523809524	0.128571428571	0.0285714285714
-–ba	0.468849369921	0.165616535155	0.0376869626664	0.327847132258
-̃tɨ	0.740467404674	0.193111931119	0.0405904059041	0.0258302583026
-uva	0.134973388615	0.802292501184	0.000950516821233	0.0617835933802
-mɨ́	0.0993113231149	0.220538615127	0.0322822028114	0.647867858947
-osé	0.00806903507789	0.967275579962	0.0026896783593	0.0219657066009
-etɨ	0.635464092717	0.273143634145	0.0346757165362	0.0567165566017
-abé	0.0292187169172	0.921659961889	0.009527842473	0.0395934787211
-iel	0.159737417943	0.81181619256	0.0109409190372	0.0175054704595
-chi	0.0768384150801	0.190649758467	0.0168707893316	0.715641037121
-'ãi	0.449407524709	0.299787036531	0.0824823895593	0.1683230492
-cho	0.017776304257	0.531705484731	0.161653266837	0.288864944176
-cha	0.319898175647	0.351718285957	0.106067034366	0.222316504031
-ros	0.0424286759327	0.825896122897	0.0219458668617	0.109729334309
-'ãa	0.260194174757	0.634951456311	0.0233009708738	0.0815533980582
-che	0.460973048653	0.112093104655	0.0439271963598	0.383006650332
-elo	0.00470219435736	0.967084639498	0.0282131661442	0.0
-'ãu	0.0803712385782	0.772281490695	0.0669760321485	0.0803712385782
-orã	0.0700048080225	0.707654618431	0.0652522626766	0.157088310869
-pɨa	0.0788161568271	0.0515562545562	0.0219082463073	0.847719342309
-ela	0.252218934911	0.669378698225	0.0310650887574	0.0473372781065
-atɨ	0.417293311786	0.308212537907	0.102716164366	0.171777985941
-rɨa	0.502073607129	0.239329810176	0.193426072944	0.065170509752
-loe	0.224274406333	0.622691292876	0.0316622691293	0.121372031662
-õnɨ	0.310667518365	0.342478441392	0.0653145959757	0.281539444267
-rɨi	0.0858895705521	0.279141104294	0.266871165644	0.368098159509
-leá	0.0	1.0	0.0	0.0
-ãai	0.394963780614	0.143957686559	0.14027825687	0.320800275957
-itu	0.256838365897	0.123978685613	0.0312611012433	0.587921847247
-eno	0.0222222222222	0.955555555556	0.0222222222222	0.0
-jẽe	0.834084761046	0.115419296664	0.0115419296664	0.038954012624
-ito	0.0738490104232	0.817698442841	0.0481073553614	0.0603451913744
-tes	0.0	0.989795918367	0.0102040816326	0.0
-eso	0.116310461192	0.862767154106	0.00202474690664	0.0188976377953
-lás	0.0540540540541	0.918918918919	0.027027027027	0.0
-–ũa	0.0	0.34375	0.65625	0.0
-ite	0.107259138981	0.226056572719	0.0371405730211	0.629543715278
-ita	0.217751151248	0.209199307545	0.103376351789	0.469673189418
-spe	0.463636363636	0.509090909091	0.0	0.0272727272727
-–uu	0.310997365473	0.480645586616	0.0520193435054	0.156337704406
-spo	0.0	1.0	0.0	0.0
-fas	0.211267605634	0.788732394366	0.0	0.0
-bra	0.221214241354	0.687988868537	0.0907968901083	0.0
-uda	0.329112332794	0.382331819026	0.0866553516624	0.201900496518
-bre	0.0	1.0	0.0	0.0
-ude	0.208238169555	0.307522109347	0.0268791763826	0.457360544716
-ãpɨ	0.138929683844	0.127858560754	0.0579378015913	0.675273953811
-bro	0.122562674095	0.866295264624	0.0	0.0111420612813
-udo	0.121951219512	0.707317073171	0.146341463415	0.0243902439024
-–ua	0.298136645963	0.055900621118	0.422360248447	0.223602484472
-hud	0.0	1.0	0.0	0.0
-hua	0.03300330033	0.422442244224	0.50495049505	0.039603960396
-rãa	0.0532796829505	0.452361695244	0.263345195729	0.231013426076
-gad	0.0	1.0	0.0	0.0
-aba	0.0345541850761	0.0340004422087	0.0266789060027	0.904766466713
-rãi	0.387596899225	0.565891472868	0.0	0.046511627907
-ɨde	0.236829102805	0.129261619189	0.0274182011612	0.606491076845
-ejo	0.102564102564	0.307692307692	0.179487179487	0.410256410256
-abi	0.216295427901	0.63305978898	0.117233294256	0.0334114888629
-ɨda	0.555321860198	0.113726381175	0.0208056478183	0.310146110809
-ĩji	0.621794871795	0.358974358974	0.0192307692307	0.0
-tua	0.252559408002	0.260307723677	0.278684485527	0.208448382794
-nco	0.0400444938821	0.124137931035	0.00645161290321	0.82936596218
-gaa	0.388591800357	0.167557932264	0.219251336898	0.224598930481
-tea	0.0	1.0	0.0	0.0
-chá	0.521422060164	0.26709206928	0.00546946216955	0.206016408387
-ael	0.022139300897	0.923759731418	0.00852311114345	0.0455778565415
-oru	0.3072923376	0.210877024511	0.0414563595695	0.44037427832
-chú	0.111163895487	0.444180522565	0.407600950119	0.037054631829
-oro	0.134846311955	0.271887614712	0.0628697931811	0.530396280152
-jón	0.473061760841	0.381077529566	0.0	0.145860709593
-elí	0.0252100840336	0.949579831933	0.0126050420168	0.0126050420168
-ɨ–e	0.355228580264	0.176379955518	0.11567304247	0.352718421747
-ore	0.0276094276094	0.0309764309764	0.935353535354	0.0060606060606
-rrɨ	0.233200455581	0.726936218679	0.0398633257402	0.0
-lix	0.0361445783132	0.963855421687	0.0	0.0
-t'õ	0.71320754717	0.28679245283	0.0	0.0
-rut	0.0	1.0	0.0	0.0
-lis	0.0236427320491	0.871278458844	0.0105078809107	0.0945709281962
-ico	0.0595454545454	0.787727272727	0.0886363636364	0.0640909090909
-lim	0.0	1.0	0.0	0.0
-lio	0.00908402725209	0.963663890992	0.00908402725209	0.0181680545042
-u–e	0.560684002043	0.301062445485	0.0450692770501	0.093184275422
-sué	0.391304347826	0.608695652174	0.0	0.0
-huu	0.05	0.9	0.0	0.05
-ice	0.0245539368145	0.946636110656	0.0189883778033	0.0098215747258
-rua	0.13603292181	0.0658023955373	0.0184506216682	0.779714060985
-t'ã	0.131059731197	0.659107103369	0.178874173813	0.0309589916214
-ome	0.0113791099228	0.00286349226102	0.000976309518609	0.984781088298
-̃ji	0.71406805485	0.0812595226003	0.0260707635009	0.178601659049
-eas	0.015306122449	0.984693877551	0.0	0.0
-abo	0.0185185185185	0.944444444444	0.037037037037	0.0
-epɨ	0.358173186385	0.291228097012	0.125223696958	0.225375019644
-oda	0.286100120001	0.153644413446	0.0429077136176	0.517347752935
-ode	0.161844529034	0.464334424192	0.0217443999527	0.352076646821
-rna	0.0	1.0	0.0	0.0
-slí	0.0	1.0	0.0	0.0
-sĩa	0.440636474908	0.460220318237	0.0110159118727	0.0881272949816
-'ɨ̃	0.48470288892	0.321243704533	0.00393466703973	0.190118739508
-zer	0.0	1.0	0.0	0.0
-pëi	0.587074770162	0.315159308929	0.0402565556683	0.0575093652404
-ura	0.0806575510831	0.665403458459	0.213652890869	0.0402860995886
-ure	0.0319715352566	0.933935265428	0.0220924224713	0.0120007768442
-íji	0.545086603817	0.325759118081	0.0487221783879	0.080432099714
-̃pɨ	0.0138248847926	0.986175115207	0.0	0.0
-irã	0.438717098331	0.107180056053	0.0224977785626	0.431605067052
-uru	0.115091846329	0.476157099222	0.0349460907056	0.373804963743
-pai	0.119482845656	0.110252136037	0.036492332158	0.733772686148
-apa	0.0633139102163	0.123658458443	0.0160114666261	0.797016164714
-pan	0.0686665541471	0.883009247333	0.000710649978238	0.0476135485418
-paa	0.341660398274	0.410032067778	0.0728453224593	0.175462211489
-api	0.506347706286	0.321598141802	0.0523187630227	0.11973538889
-bɨa	0.0297727431257	0.626785856614	0.0976223338958	0.245819066365
-dua	0.347411871802	0.223106381643	0.293059610133	0.136422136422
-waa	0.177135650462	0.249284998024	0.141014650397	0.432564701117
-nce	0.133578995854	0.132197144173	0.116996775679	0.617227084293
-bɨi	0.358064516129	0.438709677419	0.0580645161291	0.145161290323
-pas	0.153421294876	0.772936483584	0.0	0.0736422215404
-wai	0.637188208617	0.192743764172	0.156462585034	0.0136054421769
-fat	0.0	1.0	0.0	0.0
-nui	0.822937625755	0.0898725687458	0.0160965794769	0.0710932260228
-t'u	0.503235082674	0.395090890418	0.0554585601315	0.0462154667763
-icó	0.0	1.0	0.0	0.0
-sur	0.0566699306421	0.579334745618	0.143854439322	0.220140884418
-̃si	0.065693430657	0.824817518248	0.0656934306568	0.043795620438
-t'o	0.234717957827	0.376487604354	0.0680047704839	0.320789667335
-omé	0.0224204352202	0.0903758720022	0.036511296984	0.850692395794
-sor	0.0	1.0	0.0	0.0
-sua	0.255290704289	0.43474798043	0.247098646035	0.0628626692457
-t'a	0.263565312023	0.415200448495	0.0389794549912	0.282254784492
-año	0.0224150397686	0.95733911786	0.0144613159797	0.0057845263919
-zín	0.0	1.0	0.0	0.0
-dia	0.066089693155	0.889850511408	0.00489553282629	0.0391642626104
-dio	0.0215053763441	0.978494623656	0.0	0.0
-dii	0.34991708126	0.311774461028	0.0	0.338308457711
-onɨ	0.394084144773	0.325739481903	0.12401249311	0.156163880213
-diu	0.42063971032	0.177429088714	0.242607121304	0.159324079662
-nás	0.0227825802873	0.96239501808	0.0148224016327	0.0
-sla	0.197706848466	0.701270529904	0.0433839479392	0.0576386736908
-anɨ	0.527638603803	0.022210921654	0.00306675846494	0.447083716078
-feo	0.0	1.0	0.0	0.0
-rní	0.0	1.0	0.0	0.0
-uis	0.0	1.0	0.0	0.0
-tuu	0.240065721414	0.223148542567	0.440637741131	0.0961479948884
-'oi	0.341456356834	0.56112247921	0.0135039237166	0.0839172402389
-bla	0.110599078341	0.875576036866	0.0138248847926	0.0
-k'ĩ	0.0116913484022	0.0432579890881	0.933359314108	0.0116913484022
-sús	0.0593009010261	0.525266962664	0.00588230183073	0.409549834479
-'oo	0.253008691352	0.221460304583	0.482297817889	0.0432331861768
-éji	0.836542400655	0.0639082343302	0.0221220811143	0.0774272839001
-alí	0.0	1.0	0.0	0.0
-igu	0.00600823987182	0.873826962692	0.0	0.120164797436
-õma	0.114800521396	0.245040822454	0.0577021346622	0.582456521488
-rta	0.137799644289	0.822801302485	0.0205729046403	0.0188261485859
-–ĩa	0.324267430943	0.324356376933	0.194495231507	0.156880960617
-ora	0.052914231559	0.81530789539	0.0370061150349	0.0947717580162
-̃bɨ	0.208090265983	0.243254419518	0.0274696873477	0.521185627151
-ëii	0.832369942197	0.0982658959537	0.0693641618497	0.0
-tia	0.0	1.0	0.0	0.0
-reu	0.318181818182	0.568181818182	0.0	0.113636363636
-ótɨ	0.787079483744	0.166372804852	0.0211580506382	0.0253896607659
-tio	0.015625	0.921875	0.0625	0.0
-aii	0.444839857651	0.213523131673	0.23487544484	0.106761565836
-jau	0.911437978161	0.0885620218385	0.0	0.0
-ema	0.124120483797	0.452436787275	0.168906282007	0.25453644692
-soo	0.0382393570263	0.691008413914	0.191196785131	0.0795554439281
-emo	0.0	1.0	0.0	0.0
-ɨru	0.771774221392	0.155720893508	0.0193346360265	0.053170249073
-rug	0.0	1.0	0.0	0.0
-ɨra	0.240514069851	0.407202106779	0.0557270656001	0.29655675777
-das	0.028229980239	0.929707349205	0.00112919920956	0.0409334713466
-set	0.0	1.0	0.0	0.0
-cio	0.0975277840781	0.84607242761	0.02918273229	0.0272170560218
-ana	0.378080216565	0.454977171971	0.0262390632476	0.140703548216
-cia	0.026847353618	0.90641779596	0.0283814881105	0.0383533623114
-mda	0.171428571429	0.2	0.285714285714	0.342857142857
-dpa	0.0800088898766	0.86398488721	0.00400044449383	0.0520057784198
-mde	0.325757575758	0.204545454545	0.0	0.469696969697
-ani	0.017793594306	0.982206405694	0.0	0.0
-zar	0.0	1.0	0.0	0.0
-rco	0.0556605259014	0.90292867265	0.0245630609353	0.0168477405133
-̃–e	0.460375629867	0.242785158039	0.263857077416	0.0329821346771
-'ɨi	0.406628652887	0.272630078403	0.122950819672	0.197790449038
-hõo	0.298183429331	0.377935312361	0.0367744793975	0.28710677891
-ojõ	0.0994897959183	0.88137755102	0.00382653061226	0.015306122449
-̃ta	0.0468244825151	0.840796759449	0.018729793006	0.0936489650303
-eta	0.342815238843	0.475945191209	0.0549345428519	0.126305027096
-rce	0.00997506234414	0.0573566084788	0.0	0.932668329177
-ɨsɨ	0.0322580645161	0.263440860215	0.672043010753	0.0322580645161
-ete	0.00230313665277	0.0146962053082	0.00954156613292	0.973459091906
-sãa	0.0791514959632	0.567516226057	0.350166218142	0.00316605983853
-ɨ̃a	0.503832064012	0.337462643401	0.0647112696423	0.0939940229442
-eto	0.753494491038	0.195198158198	0.0019733596448	0.0493339911199
-õpi	0.280701754386	0.298245614035	0.263157894737	0.157894736842
-chɨ	0.324384787472	0.519015659955	0.156599552573	0.0
-atu	0.33528415431	0.453292862436	0.0308762267251	0.18054675653
-'aa	0.311579004043	0.363659456774	0.080950373878	0.243811165305
-ías	0.0266194126555	0.944458322274	0.00733790260886	0.0215843624612
-ede	0.164836644071	0.512144018366	0.069953420219	0.253065917345
-'ai	0.25080589199	0.411132673407	0.235091809065	0.102969625538
-mén	0.001524003048	0.0833121666243	0.00457200914402	0.910591821184
-'au	0.17660664105	0.592958314401	0.0247743049288	0.20566073962
-ate	0.0293115324433	0.59486853603	0.00654088978386	0.369279041743
-ata	0.287591800152	0.380338259612	0.0631453123917	0.268924627844
-ato	0.0243381725021	0.894961571307	0.0602049530316	0.0204953031597
-lpɨ	0.609756097561	0.133037694013	0.168514412417	0.0886917960089
-e–e	0.49062663569	0.336537060404	0.0680597995	0.104776504407
-ris	0.0	0.957446808511	0.0	0.0425531914893
-neu	0.549819927971	0.268907563025	0.0516206482593	0.129651860744
-emá	0.0174216027874	0.982578397213	0.0	0.0
-ulo	0.0311116157602	0.915975928239	0.00272510503009	0.0501873509708
-uwá	0.0346820809249	0.549132947977	0.0	0.416184971098
-ítɨ	0.526185561639	0.344579206265	0.0402497109498	0.0889855211458
-oso	0.0	0.962352941177	0.0376470588235	0.0
-lén	0.0135542168675	0.947973713034	0.00205366922234	0.0364184008762
-nia	0.211892717558	0.212237169108	0.0169543740848	0.558915739249
-ãyo	0.0859207619639	0.601467535495	0.0902056991885	0.222406003352
-itɨ	0.532818330834	0.290360269243	0.0873644194887	0.0894569804345
-ɨrã	0.0870852837124	0.0742552300894	0.00960512207702	0.829054364121
-ave	0.0246103363413	0.975389663659	0.0	0.0
-oma	0.0843604589209	0.598207414248	0.188908227661	0.12852389917
-́ji	0.577780569777	0.236712001759	0.0273895153438	0.15811791312
-áde	0.504272670962	0.330928307939	0.0649172124452	0.0998818086539
-aji	0.490244054895	0.071282573299	0.0141523804823	0.424320991324
-ino	0.128435260558	0.840548250191	0.0157239268072	0.0152925624435
-ebú	0.0256723716381	0.970660146699	0.00366748166259	0.0
-nós	0.0	1.0	0.0	0.0
-sɨɨ	0.450704225352	0.18779342723	0.361502347418	0.0
-ãpa	0.129098781555	0.320450841252	0.044790824159	0.505659553034
-ría	0.0110782865583	0.748575648871	0.016459168601	0.22388689597
-ica	0.0122699386503	0.98773006135	0.0	0.0
-ãpi	0.167721518987	0.743670886076	0.0696202531646	0.0189873417721
-fia	0.0	1.0	0.0	0.0
-hɨa	0.427835051546	0.503865979381	0.00257731958763	0.0657216494845
-lda	0.0	0.831775700935	0.168224299065	0.0
-lde	0.113182212131	0.847877833523	0.00353999584966	0.0353999584966
-fre	0.041958041958	0.958041958042	0.0	0.0
-lia	0.00664451827244	0.936877076412	0.0	0.0564784053156
-ila	0.044061302682	0.949042145594	0.00459770114943	0.00229885057471
-ilo	0.124133650564	0.781524775008	0.0881348919003	0.00620668252818
-oji	0.543829769522	0.154116621055	0.0383544994984	0.263699109924
-ã–e	0.148215888911	0.265520300922	0.148765867701	0.437497942466
-ojo	0.115596330275	0.722935779817	0.161467889908	0.0
-lma	0.0851063829787	0.914893617021	0.0	0.0
-oam	0.0	1.0	0.0	0.0
-nee	0.706346395338	0.150368676949	0.0338088031684	0.109476124545
-mín	0.0	1.0	0.0	0.0
-bel	0.0763364040551	0.849838257813	0.010546476876	0.0632788612562
-igi	0.632124352332	0.181347150259	0.186528497409	0.0
-igo	0.0551448309296	0.8915282996	0.0318143255363	0.0215125439341
-ebe	0.419708029197	0.580291970803	0.0	0.0
-lmo	0.125	0.770833333333	0.0208333333333	0.0833333333333
-nís	0.0	0.955555555556	0.0444444444444	0.0
-amo	0.0	1.0	0.0	0.0
-atá	0.0203703703704	0.957407407407	0.0	0.0222222222222
-ama	0.195470050958	0.126160650888	0.018556854205	0.65981244395
-íta	0.0	1.0	0.0	0.0
-ame	0.03300330033	0.96699669967	0.0	0.0
-xpa	0.188760806916	0.682997118156	0.0086455331412	0.119596541787
-iro	0.0235338773961	0.951413930537	0.00113873600304	0.0239134560638
-uso	0.113157894737	0.872807017544	0.0114035087719	0.00263157894737
-ẽ–e	0.175473311347	0.131916452913	0.055356052278	0.637254183462
-hia	0.143192590529	0.167319833051	0.111490658412	0.577996918008
-usa	0.0532477137033	0.833745197424	0.0182182218294	0.0947888670431
-'ã́	0.0186335403727	0.981366459627	0.0	0.0
-món	0.0231721770403	0.969961992725	0.00171645755854	0.00514937267563
-mós	0.0	1.0	0.0	0.0
-agé	0.0466321243523	0.922279792746	0.0	0.0310880829016
-yrã	0.0554298642534	0.808257918552	0.100961538462	0.035350678733
-eis	0.0206908443014	0.0172423702512	0.3707109604	0.591355825048
-vid	0.0121798875703	0.980324797002	0.0	0.00749531542786
-uza	0.0	1.0	0.0	0.0
-eru	0.610986675774	0.222355919106	0.0413175253374	0.125339879783
