-héé	0.278361344538	0.476365546218	0.0593487394958	0.185924369748
-kɩ́	0.373536812881	0.34581395565	0.172712078943	0.107937152526
-nyi	0.12071791182	0.840908182436	0.011991845545	0.0263820601991
-héí	0.218274899162	0.188592408729	0.0413693246458	0.551763367463
-ɛgɛ	0.0	1.0	0.0	0.0
-tɔk	0.273216048512	0.382403751234	0.27690029615	0.0674799041038
-krʋ	0.278084714549	0.639042357274	0.0386740331492	0.0441988950276
-vʋ́	0.34	0.3	0.18	0.18
-okó	0.153230417381	0.619592147894	0.157042119306	0.0701353154183
-rwó	0.553105103712	0.231128224119	0.0733142671028	0.142452405067
-okí	0.31134649334	0.321778205745	0.213609372492	0.153265928422
-rwí	0.0513495720869	0.882817643186	0.0658327847268	0.0
-oké	0.0283018867925	0.352201257862	0.169811320755	0.449685534591
-ólú	0.476935979871	0.272295219458	0.206318143696	0.0444506569751
-sɔŋ	0.00817438692097	0.991825613079	0.0	0.0
-ivi	0.015465341066	0.984534658934	0.0	0.0
-ɔlá	0.232390745501	0.354241645244	0.252956298201	0.160411311054
-ɔlɔ	0.0770056380282	0.619782237625	0.016972275384	0.286239848963
-adɛ	0.00463965357253	0.948963810702	0.0463965357253	0.0
-llá	0.459599917658	0.40944697049	0.117301629149	0.0136514827027
-ehu	0.0	1.0	0.0	0.0
-rpí	0.956204379562	0.043795620438	0.0	0.0
-báŋ	0.602961994991	0.17597734945	0.0434498529892	0.17761080257
-áwa	0.173237210241	0.564821382984	0.0770251709005	0.184916235875
-rɔŋ	0.0184453227931	0.969696969697	0.00922266139658	0.00263504611331
-adɩ	0.0	1.0	0.0	0.0
-lló	0.378666666667	0.497333333333	0.016	0.108
-tóŋ	0.237080136446	0.240081539833	0.209135329489	0.313702994233
-rpú	0.526912181303	0.439093484419	0.0	0.0339943342776
-ɩɛ̃	0.03910293272	0.924669350201	0.0310523289247	0.00517538815411
-ɩɛ́	0.130213854021	0.0191110065128	0.00712441683972	0.843550722626
-ŋɛ́	0.534903696852	0.246844956887	0.072186064951	0.146065281311
-llú	0.510346973705	0.215101065109	0.123060384458	0.151491576729
-dír	0.227848101266	0.547756041427	0.134637514384	0.0897583429229
-zie	0.1	0.88	0.0	0.02
-ɔrɛ	0.356324559743	0.322926529067	0.16064665783	0.160102253361
-úko	0.391673866808	0.337469260933	0.158326963977	0.112529908281
-íló	0.150321543408	0.742765273312	0.0442122186495	0.0627009646302
-úlé	0.50638840459	0.32663700157	0.108685281081	0.0582893127586
-pur	0.0697674418605	0.790697674419	0.139534883721	0.0
-ílú	0.379042764089	0.2632115548	0.0453129425092	0.312432738601
-ótu	0.093220338983	0.889830508475	0.0169491525424	0.0
-́wá	0.30440910006	0.547614254077	0.139520837528	0.00845580833499
-yúó	0.415694120262	0.474269200845	0.0666888962987	0.0433477825942
-ʋrʋ	0.287875206807	0.712124793193	0.0	0.0
-́nɛ	0.324736822946	0.566338522683	0.0442770392269	0.0646476151443
-ésé	0.725757959772	0.108334673049	0.132239972584	0.0336673945949
-rsɔ	0.0808499611298	0.353200310961	0.565949727909	0.0
-óti	0.0180745112505	0.948358539284	0.0206565842862	0.0129103651789
-ɩlá	0.150651859005	0.105746016417	0.546595847417	0.197006277161
-kɛ́	0.401186831291	0.346629319688	0.15342168245	0.0987621665709
-puo	0.397646330133	0.174667079591	0.340662743884	0.087023846392
-giŋ	0.278731836196	0.408190224571	0.273447820343	0.0396301188904
-ɩ̃́	0.163984560533	0.183672613204	0.0291094767722	0.62323334949
-ílí	0.400240952638	0.386324103869	0.0730278351082	0.140407108385
-ŋŋi	0.627694046294	0.163592881632	0.076643976511	0.132069095563
-knɛ	0.120622568093	0.79766536965	0.0817120622568	0.0
-ará	0.2	0.781818181818	0.0181818181818	0.0
-ɩŋa	0.215984974958	0.672370617696	0.0177378964942	0.0939065108514
-táŋ	0.53023255814	0.279069767442	0.0093023255814	0.181395348837
-ɔkɛ	0.356566745018	0.314253876538	0.156331559811	0.172847818633
-ɩŋm	0.0	1.0	0.0	0.0
-ŋŋe	0.312131919906	0.378680800942	0.229681978799	0.0795053003533
-iŋo	0.195931080235	0.359639884109	0.361277796727	0.0831512389291
-wɛ́	0.412032179084	0.211012841653	0.32373956928	0.0532154099835
-rzɛ	0.0131578947368	0.973684210526	0.0	0.0131578947368
-ɛnɛ	0.245584524654	0.72438923787	0.0168404911858	0.0131857462902
-woó	0.0592592592593	0.785185185185	0.0222222222222	0.133333333333
-ráŋ	0.137782955791	0.10885758645	0.0155686408351	0.737790816924
-ʋmɛ	0.128556935921	0.807746677976	0.0334281295215	0.0302682565817
-aró	0.619469026549	0.300884955752	0.0353982300885	0.0442477876106
-ope	0.0505415162455	0.936823104693	0.00361010830325	0.00902527075812
-ɔsa	0.00905280045868	0.708348945223	0.280687107555	0.0019111467635
-lɩ́	0.348919769924	0.388234605716	0.104330989968	0.158514634392
-ɛnɔ	0.303707025411	0.605631539611	0.0111360239163	0.0795254110613
-ltɛ	0.0882352941176	0.911764705882	0.0	0.0
-úbú	0.290178571429	0.294642857143	0.1875	0.227678571429
-éké	0.116675338846	0.442129617936	0.305782744214	0.135412299003
-náŋ	0.671118208909	0.0940939057461	0.0038807914933	0.230907093852
-jɛɛ	0.572609208973	0.153482880756	0.0802833530106	0.193624557261
-hɛŋ	0.0966295251745	0.836022623946	0.0556351811611	0.0117126697181
-lʋŋ	0.0	0.0111697031016	0.988830296898	0.0
-oko	0.592	0.24	0.12	0.048
-poo	0.101872112813	0.873571602237	0.00802334062728	0.0165329443229
-aɩ́	0.107392863241	0.161772238347	0.0254396448694	0.705395253543
-yɔɛ	0.225806451613	0.58064516129	0.193548387097	0.0
-nyɔ	0.635851202014	0.342281498986	0.0181283307773	0.00373896822282
-imi	0.012012012012	0.961711711712	0.0075075075075	0.0187687687688
-nyɛ	0.175231519493	0.112889554974	0.0586861716411	0.653192753892
-ɔla	0.129673902979	0.793767613781	0.0402288675908	0.0363296156494
-asɛ	0.166441653238	0.714886128337	0.0331962854919	0.0854759329329
-ʋrɛ	0.395342389798	0.399500970335	0.0791054431199	0.126051196747
-ŋdɛ	0.0	1.0	0.0	0.0
-rzʋ	0.232373386296	0.243296921549	0.00893743793445	0.515392254221
-díé	0.400488042948	0.250658857979	0.198926305515	0.149926793558
-lla	0.0968825211063	0.851522986439	0.0330983536501	0.0184961388045
-úkó	0.233183856502	0.336322869955	0.276532137519	0.153961136024
-́kɛ	0.403433861914	0.288535898041	0.0659281433373	0.242102096707
-díí	0.247170697419	0.389459477959	0.0634100148135	0.299959809809
-lle	0.189299948489	0.579174780419	0.0823165828399	0.149208688252
-idi	0.00445315283221	0.965977912362	0.00427502671892	0.0252939080869
-cáŋ	0.4296875	0.1671875	0.0515625	0.3515625
-lli	0.291283757572	0.376513457205	0.116954660956	0.215248124268
-ide	0.0113470300009	0.97721997765	0.0039542680306	0.00747872431875
-llo	0.0846408092823	0.888301882832	0.0124879882548	0.0145693196306
-́tɛ	0.176470588235	0.205882352941	0.294117647059	0.323529411765
-ida	0.0496183206107	0.950381679389	0.0	0.0
-rke	0.105263157895	0.760233918129	0.116959064327	0.0175438596491
-kéŋ	0.602221151943	0.036793530631	0.0435941114548	0.317391205971
-ʋkɛ	0.282777662956	0.261482835254	0.173191739372	0.282547762418
-bie	0.0404564315352	0.594398340249	0.240663900415	0.124481327801
-áŋɛ	0.359218172213	0.498679344955	0.0929741151611	0.0491283676703
-fɩl	0.159633027523	0.76880733945	0.0605504587156	0.0110091743119
-ŋbá	0.147271962224	0.746692224975	0.106035812801	0.0
-bio	0.0311426211795	0.934236192288	0.00894841925997	0.0256727672721
-bil	0.477137364347	0.251925393598	0.0707516720187	0.200185570036
-díó	0.32972972973	0.264864864865	0.221621621622	0.183783783784
-moŋ	0.0340909090909	0.928409090909	0.0272727272727	0.0102272727273
-úkí	0.285796434733	0.496837262795	0.161012075906	0.056354226567
-lúŋ	0.154864328259	0.334877564527	0.414956982131	0.0953011250827
-dɛm	0.08	0.92	0.0	0.0
-eza	0.0	1.0	0.0	0.0
-usu	0.0673635307782	0.785778810169	0.112272551297	0.0345851077558
-lwa	0.0765684279289	0.809426898822	0.0192206225974	0.094784050652
-yɩ́	0.566037735849	0.433962264151	0.0	0.0
-óji	0.151911815363	0.719944884602	0.0744057871168	0.0537375129177
-eki	0.626582278481	0.0632911392405	0.196202531646	0.113924050633
-azɛ	0.0113378684807	0.956916099773	0.031746031746	0.0
-́wa	0.204674186159	0.135317143594	0.0469791872704	0.613029482977
-lɛ́	0.565519518825	0.177566937731	0.0447939079472	0.212119635496
-úri	0.584273968044	0.231854662104	0.0724630075126	0.111408362339
-rɩɩ	0.0814338518404	0.0540967195441	0.0191414930365	0.845327935579
-kʋ́	0.539677532419	0.231858994697	0.0843045659689	0.144158906915
-maŋ	0.0639522489874	0.746322745683	0.183329780431	0.00639522489874
-́ŋɛ	0.0251046025105	0.251046025105	0.271966527197	0.451882845188
-́ʋ́	0.279860281453	0.063313901389	0.0208875330494	0.635938284109
-ɩla	0.322618618472	0.513188724451	0.10070148825	0.0634911688274
-íli	0.2258850043	0.736269255391	0.0126512903318	0.025194449977
-ílo	0.285417593829	0.460910844088	0.0338228749444	0.219848687138
-ɩ́ŋ	0.260839434538	0.100428614558	0.0333134745105	0.605418476394
-ósé	0.413043478261	0.45652173913	0.0652173913043	0.0652173913043
-arɔ	0.096302118449	0.763378535821	0.117317688662	0.0230016570684
-ósí	0.204678362573	0.705096073517	0.0701754385965	0.0200501253133
-ara	0.0661343031175	0.649790149561	0.237953235657	0.0461223116639
-túŋ	0.576836708753	0.244153037878	0.0330480467757	0.145962206593
-pɔ́	0.385846951368	0.155357329522	0.120734532397	0.338061186714
-tíó	0.55223880597	0.238805970149	0.0298507462687	0.179104477612
-ɩɩ́	0.433012804544	0.196054008271	0.0969059837576	0.274027203428
-ari	0.0191868433074	0.846687985381	0.00438556418455	0.129739607127
-ɔrʋ	0.194365922604	0.718978457939	0.0596549371283	0.0270006823277
-ɓɛ́	0.833333333333	0.148148148148	0.0	0.0185185185185
-tíé	0.0366285680963	0.632514019691	0.0298981446385	0.300959267574
-ŋŋú	0.484354628423	0.397001303781	0.0404172099087	0.0782268578879
-mmɔ	0.0923089612671	0.535044954961	0.238613368672	0.1340327151
-máá	0.291885973059	0.15863535615	0.101836512047	0.447642158745
-ṍsú	0.869565217391	0.0886956521739	0.0	0.0417391304348
-ŋŋó	0.59389586175	0.145070263912	0.176942424887	0.0840914494512
-duo	0.120737414451	0.537221682779	0.104163134811	0.237877767958
-llé	0.266987825936	0.221817548645	0.258862109494	0.252332515925
-ɔ́l	0.551569506727	0.210762331839	0.219730941704	0.017937219731
-bál	0.138513737392	0.702654703052	0.0449033147341	0.113928244821
-díŋ	0.546650260936	0.178412321269	0.0704314990029	0.204505918792
-hɩl	0.645882352941	0.281176470588	0.035294117647	0.0376470588235
-iwe	0.198564943623	0.769219505052	0.0190364621467	0.0131790891785
-lúó	0.447115384615	0.314903846154	0.09375	0.144230769231
-míŋ	0.326175942549	0.563518850987	0.0715260323159	0.0387791741473
-vɛŋ	0.0535714285714	0.910714285714	0.0119047619048	0.0238095238095
-ayi	0.00693695082472	0.99167565901	0.0	0.00138739016495
-ɩra	0.114489081916	0.66159971046	0.124502352515	0.0994088551092
-áár	0.0767163449792	0.0469093574395	0.821402394332	0.0549719032495
-ayu	0.0781758957654	0.820846905537	0.0	0.100977198697
-wuú	0.301537975788	0.207389927962	0.047859214145	0.443212882105
-ziŋ	0.0361321403992	0.12078458362	0.806951135582	0.0361321403992
-bɔl	0.524167669474	0.145908543923	0.131869233855	0.198054552748
-wuó	0.286391623946	0.129953617056	0.186128516017	0.397526242982
-goó	0.281703322415	0.479644361254	0.0	0.238652316331
-bár	0.409678378538	0.419575337147	0.163984055233	0.00676222908178
-író	0.322243346008	0.31036121673	0.221482889734	0.145912547529
-ŋɩ́	0.39372219476	0.287444389521	0.0610479485912	0.257785467128
-hɔɔ	0.141152263375	0.728395061728	0.1	0.0304526748971
-cʋɔ	0.0449282981038	0.566121006883	0.104404807022	0.284545887991
-ɔrɔ	0.202253078334	0.737315518295	0.0478560824382	0.0125753209327
-tɔŋ	0.020976098947	0.768845061006	0.155356844392	0.0548219956543
-lmí	0.0737704918033	0.926229508197	0.0	0.0
-ɔ́k	0.308672164014	0.239906382907	0.34853073174	0.102890721338
-́mɔ	0.104046242775	0.601156069364	0.190751445087	0.104046242775
-íhé	0.504261363636	0.363636363636	0.106534090909	0.0255681818182
-lɔŋ	0.0	0.986754966887	0.0132450331126	0.0
-beé	0.0568858697817	0.0113228589947	0.00257090818237	0.929220363041
-zaa	0.0479790723847	0.416008189067	0.0956289059694	0.440383832579
-ŋnɔ	0.0140343301306	0.0409874410738	0.944978228796	0.0
-ŋna	0.0910131654265	0.42644533486	0.358900973097	0.123640526617
-́pá	0.278187565859	0.345626975764	0.297154899895	0.0790305584826
-suu	0.27950310559	0.670807453416	0.0403726708075	0.00931677018633
-túí	0.0309734513274	0.920353982301	0.0486725663717	0.0
-ota	0.0	1.0	0.0	0.0
-isí	0.226954863319	0.280356007629	0.398601398601	0.0940877304514
-enó	0.593051736597	0.185521635901	0.0418078247731	0.179618802729
-túé	0.531400966184	0.36231884058	0.0483091787439	0.0579710144928
-ote	0.0109585590125	0.98249149767	0.00352689255574	0.00302305076206
-isé	0.183612702349	0.602899505721	0.181546413732	0.0319413781985
-ʋlɛ	0.0502484857303	0.885964576426	0.0293894678806	0.0343974699635
-ʋlɔ	0.184284004787	0.645607683103	0.170108312111	0.0
-líŋ	0.411036149782	0.362124753144	0.111176513613	0.115662583461
-ámɔ	0.507586206897	0.417931034483	0.0248275862069	0.0496551724138
-ɔwa	0.145310390075	0.286715520024	0.131411135372	0.436562954529
-ume	0.0	1.0	0.0	0.0
-máŋ	0.100551147362	0.804217090001	0.0303648211357	0.0648669415015
-tíŋ	0.0654549167773	0.891350964975	0.0141938119065	0.0290003063413
-́ka	0.0228666166166	0.952546296296	0.00713213213213	0.0174549549549
-yʋ́	0.492740335251	0.47519910072	0.0160302820144	0.0160302820144
-túú	0.44639217285	0.349775784753	0.104362005707	0.0994700366898
-lfɩ	0.0	1.0	0.0	0.0
-túó	0.458359821996	0.347743165925	0.0451366815003	0.148760330579
-́la	0.418772816839	0.497881375349	0.0278155406541	0.0555302671575
-ɓɩɛ	0.188859292248	0.434584642239	0.211674689605	0.164881375909
-haá	0.368971982085	0.21820643683	0.055462972607	0.357358608478
ALL	0.222087091018	0.33926782972	0.0600698882726	0.378575190989
-haã	0.258064516129	0.370967741935	0.112903225806	0.258064516129
-úwa	0.0727428326914	0.764655541292	0.138761537991	0.023840088025
-aki	0.0115364446775	0.965390665968	0.023072889355	0.0
-nam	0.0444444444444	0.555555555556	0.0	0.4
-naa	0.300021612994	0.535303995079	0.0846647492061	0.0800096427205
-sʋl	0.675532603469	0.202618171395	0.0159295594925	0.105919665643
-aka	0.119806912612	0.407035546273	0.0449243833448	0.42823315777
-rsi	0.197138529372	0.68138394397	0.0691372096162	0.0523403170413
-sii	0.0638221904847	0.843345532447	0.081228242435	0.0116040346336
-únú	0.358490566038	0.496855345912	0.0691823899371	0.0754716981132
-eba	0.058435234282	0.863651120009	0.0779136457093	0.0
-maá	0.00712301618548	0.980182751398	0.000568145338604	0.0121260870777
-álá	0.0950561190293	0.785336843781	0.0805773724223	0.039029664767
-ból	0.179063360881	0.65564738292	0.0495867768595	0.115702479339
-nʋ́	0.268440572327	0.135664886436	0.0414027194913	0.554491821745
-tóú	0.335093614978	0.220835333653	0.120019203072	0.324051848296
-́cɔ	0.9	0.0625	0.0	0.0375
-wuo	0.315125131257	0.124693734687	0.183759187959	0.376421946097
-omí	0.21517716879	0.708893349625	0.0641473206493	0.0117821609356
-goo	0.069306930693	0.792079207921	0.0990099009901	0.039603960396
-naŋ	0.0283446712018	0.858276643991	0.102040816327	0.0113378684807
-tóó	0.296572280179	0.366616989568	0.171385991058	0.165424739195
-ɛkɛ	0.166698006769	0.472452049643	0.121850319669	0.238999623919
-étó	0.287671232877	0.506849315069	0.150684931507	0.0547945205479
-báá	0.101484630996	0.0424193158838	0.0750786744482	0.781017378672
-lɛɛ	0.791183294664	0.125290023202	0.0487238979118	0.0348027842227
-wíŋ	0.196596357777	0.346692796889	0.423944785704	0.0327660596296
-tóí	0.469194312796	0.398104265403	0.085308056872	0.0473933649289
-dɛŋ	0.00116279069767	0.998837209302	0.0	0.0
-bɩɩ	0.151182865942	0.790023797303	0.0419952405394	0.0167980962157
-abɛ	0.00797872340425	0.984042553192	0.00797872340425	0.0
-pɔŋ	0.303324099723	0.660664819945	0.0	0.0360110803324
-wuu	0.0691247768283	0.148782405306	0.0418337567434	0.740259061122
-úĩ́	0.0	0.884121947855	0.115878052145	0.0
-uóŋ	0.214601304439	0.716389648643	0.0437618346308	0.025247212287
-col	0.653084138088	0.0473706453383	0.00510921740666	0.294435999168
-héŋ	0.230965763924	0.0859734287174	0.0367910066429	0.646269800715
-ʋwɛ	0.619775556635	0.157681263154	0.123341598712	0.0992015814991
-rɩ́	0.0265754491451	0.0250904223757	0.00915112525855	0.939183003221
-ɓɛɛ	0.201520912547	0.604562737643	0.0570342205323	0.136882129278
-rdɛ	0.0141292829389	0.937831155069	0.0310844224656	0.0169551395267
-ɔ́r	0.0787037037037	0.782407407407	0.107638888889	0.03125
-bel	0.538192485614	0.238664753953	0.0345470468454	0.188595713587
-ŋsé	0.423216926999	0.308149842122	0.197635507254	0.070997723625
-yam	0.0	1.0	0.0	0.0
-ɛvɛ	0.109375	0.859375	0.0	0.03125
-fóú	0.71186440678	0.169491525424	0.0169491525424	0.101694915254
-ŋná	0.0	0.0569550930997	0.92004381161	0.0230010952903
-rla	0.781748883932	0.105679276782	0.0250159642858	0.0875558750003
-dáá	0.103448275862	0.775862068966	0.0206896551724	0.1
-bee	0.0633590998711	0.0346326069455	0.0148822282816	0.887126064902
-búú	0.40350877193	0.210526315789	0.385964912281	0.0
-ala	0.13373403456	0.505259203606	0.0942900075132	0.26671675432
-isi	0.170452746073	0.686064492714	0.0205120419487	0.122970719265
-óro	0.0375227390008	0.851782244895	0.0204349188925	0.0902600972114
-búó	0.423580786026	0.504366812227	0.0393013100437	0.0327510917031
-ise	0.0	0.987878787879	0.0121212121212	0.0
-píŋ	0.0866028832868	0.680101149665	0.128183737845	0.105112229203
-táá	0.630952380952	0.214285714286	0.107142857143	0.047619047619
-ɛdɛ	0.264935064935	0.735064935065	0.0	0.0
-ama	0.194167534593	0.526112185687	0.19714328225	0.0825769974706
-búé	0.431034482759	0.189655172414	0.258620689655	0.120689655172
-luŋ	0.0880923223966	0.767756604591	0.112117501232	0.0320335717806
-ŋíŋ	0.702975278247	0.25171323973	0.0233030478977	0.0220084341256
-ɩɔŋ	0.0	1.0	0.0	0.0
-búí	0.14011676397	0.789824854045	0.04670558799	0.023352793995
-bɩ́	0.719298245614	0.078947368421	0.184210526316	0.0175438596491
-dɔk	0.0	1.0	0.0	0.0
-bɛ́	0.0	1.0	0.0	0.0
-iti	0.0177823632943	0.925471869879	0.0482490744674	0.00849669235905
-evi	0.0412052536698	0.95261395828	0.00309039402524	0.00309039402524
-ráá	0.0245164769913	0.051755566446	0.00523778778662	0.918490168776
-bóó	0.210977701544	0.397941680961	0.339622641509	0.0514579759863
-rɛm	0.0	1.0	0.0	0.0
-íne	0.1068939628	0.663262867085	0.149979907858	0.0798632622574
-úwí	0.499051533354	0.291811571293	0.07635156497	0.132785330383
-fól	0.152047583236	0.25746906406	0.140425240993	0.450058111711
-óri	0.662910765641	0.165825179212	0.100909309613	0.0703547455333
-hal	0.0	1.0	0.0	0.0
-mɩl	0.65237020316	0.252821670429	0.0812641083521	0.0135440180587
-atɛ	0.0568486003357	0.867927952452	0.0402885531509	0.0349348940611
-har	0.115763621223	0.0795155492936	0.0676853670449	0.737035462438
-ɩsɛ	0.0634724331647	0.590391913021	0.0203543409961	0.325781312819
-káá	0.226697117476	0.0989854835054	0.0388898580121	0.635427541007
-úwó	0.582524271845	0.153009708738	0.112491909385	0.151974110032
-ɩsɔ	0.204583194952	0.513616738625	0.107107273331	0.174692793092
-úwú	0.628404669261	0.266536964981	0.011673151751	0.0933852140078
-sʋ́	0.565962910278	0.184819450316	0.0606702644153	0.188547374991
-zam	0.0	1.0	0.0	0.0
-izi	0.0375282592314	0.920648078372	0.00316503391108	0.0386586284853
-ɔra	0.0926266264794	0.72919576564	0.111923840329	0.0662537675513
-uni	0.0400416016641	0.866354654186	0.0426417056682	0.0509620384816
-érí	0.19639861206	0.12044234199	0.286038484255	0.397120561695
-rhé	0.855072463768	0.115942028986	0.0	0.0289855072464
-fáŋ	0.199369085174	0.214931650894	0.015141955836	0.570557308097
-usi	0.410791993037	0.355091383812	0.1636205396	0.070496083551
-áŋá	0.0829400105151	0.0666314282036	0.106048748562	0.74437981272
-arʋ	0.128174936922	0.681412952061	0.141295206055	0.0491169049621
-́ɔ́	0.204866646614	0.450662509848	0.0724196832558	0.272051160283
-pul	0.479707252162	0.397870924817	0.0592149035263	0.0632069194944
-ɔzɛ	0.0	0.854271356784	0.145728643216	0.0
-́tá	0.447876447876	0.185328185328	0.243243243243	0.123552123552
-ɓaŋ	0.519480519481	0.298701298701	0.112554112554	0.069264069264
-owí	0.0217271727173	0.937843784378	0.0239273927393	0.016501650165
-ʋŋɔ	0.0317566005087	0.0423182119021	0.0960672051799	0.829857982409
-yáŋ	0.0746736464714	0.0641342879243	0.0123173025108	0.848874763094
-laa	0.581408463412	0.198355589642	0.0448885680772	0.175347378869
-́wʋ	0.173611111111	0.645833333333	0.180555555556	0.0
-íŋú	0.680225988701	0.292655367232	0.00677966101694	0.0203389830509
-rsɛ	0.409980611208	0.542886160096	0.0240513341335	0.0230818945619
-ŋdá	0.0794555239	0.861981639759	0.0443178220956	0.014245014245
-ídí	0.708039172131	0.253788281197	0.0184705870991	0.0197019595723
-rbɛ	0.010101010101	0.989898989899	0.0	0.0
-daa	0.234691124899	0.670892905314	0.0391151874831	0.0553007823038
-mɛ́	0.0621175793189	0.0980552399813	0.0120232775075	0.827803903192
-sɔɛ	0.805970149254	0.194029850746	0.0	0.0
-gɩr	0.0954780533086	0.701962604429	0.172059408566	0.0304999336958
-lɔɔ	0.12001524003	0.466598933198	0.333375666751	0.0800101600203
-ídú	0.362068965517	0.48275862069	0.103448275862	0.051724137931
-óle	0.199205007539	0.636313793576	0.153515785626	0.010965413259
-íŋé	0.321070234114	0.269947443861	0.317247969422	0.0917343526039
-́ɛ́	0.184612175334	0.238534874889	0.0366557169906	0.540197232786
-íŋí	0.404551480336	0.185594343791	0.343570481662	0.0662836942112
-bíŋ	0.164744177333	0.579065161683	0.136525736155	0.119664924829
-ana	0.0322973114537	0.694282413363	0.248980232944	0.024440042239
-uŋo	0.203389830508	0.406779661017	0.350282485876	0.0395480225989
-óli	0.441033148825	0.319215186159	0.0721315897611	0.167620075254
-ɔsɛ	0.424161946096	0.297785432084	0.0883360887727	0.189716533048
-sem	0.0	1.0	0.0	0.0
-ŋpó	0.145667198299	0.814992025518	0.0233918128655	0.0159489633174
-ŋsú	0.403089412561	0.396888036983	0.121772465892	0.0782500845642
-lʋl	0.425379220356	0.476920567607	0.00978633175666	0.0879138802806
-ino	0.0182457993575	0.974023634172	0.000498746223897	0.00723182024648
-kɩŋ	0.564330024015	0.342493313697	0.0255352952043	0.0676413670837
-ɛfɛ	0.0243505171431	0.964410782637	0.00586366967994	0.00537503053995
-ɛ́q	0.652173913043	0.0652173913043	0.0434782608696	0.239130434783
-eró	0.455547759848	0.355016538037	0.0811867294778	0.108248972637
-ɔsɔ	0.215559824369	0.559812934504	0.0626600804976	0.161967160629
-zaŋ	0.0259764356619	0.913764418468	0.00878869406562	0.0514704518044
-tʋʋ	0.0	1.0	0.0	0.0
-eré	0.249747423722	0.257021620529	0.314002828854	0.179228126894
-ŋŋɛ	0.671314741036	0.179282868526	0.0179282868526	0.131474103586
-kni	0.0714285714286	0.892857142857	0.0	0.0357142857143
-one	0.041958041958	0.832167832168	0.041958041958	0.0839160839161
-erí	0.157480314961	0.716535433071	0.125984251968	0.0
-ɛ́m	0.0	0.8	0.2	0.0
-ɛ́l	0.09189817834	0.821022274394	0.0327159688709	0.0543635783951
-sɔ́	0.490114188568	0.310459453797	0.0688804829074	0.130545874727
-ɔkm	0.0	1.0	0.0	0.0
-úsi	0.238562091503	0.702614379085	0.0392156862745	0.0196078431373
-cóú	0.820895522388	0.108895522388	0.040119402985	0.0300895522388
-rɔ́	0.345060121811	0.369412263948	0.158373902347	0.127153711895
-yóú	0.574435259081	0.143542262301	0.0311709055315	0.250851573087
-ede	0.00363196125908	0.996368038741	0.0	0.0
-nnɛ	0.206229423468	0.601219761532	0.104741079891	0.0878097351089
-poó	0.0977995110024	0.902200488998	0.0	0.0
-edi	0.0	1.0	0.0	0.0
-yóó	0.684887459807	0.237942122187	0.0144694533762	0.0627009646302
-ool	0.0244698905867	0.907561053093	0.00403538546517	0.0639336708556
-zʋ́	0.396995266516	0.117489679552	0.0221541590499	0.463360894883
-yóí	0.584832904884	0.0295629820051	0.289203084833	0.0964010282776
-rmé	0.491304347826	0.452173913044	0.0173913043478	0.0391304347826
-cóí	0.539204325995	0.310930861336	0.0672074159907	0.0826573966783
-kɔ́	0.279888593282	0.39611739275	0.222480877952	0.101513136016
-yóé	0.610978520286	0.286396181384	0.0739856801909	0.0286396181384
-rsɩ	0.232876712329	0.767123287671	0.0	0.0
-kuo	0.385906040268	0.553691275168	0.0201342281879	0.0402684563759
-́fá	0.400813591768	0.186647523331	0.398181383106	0.0143575017947
-ímó	0.214285714286	0.375	0.357142857143	0.0535714285714
-kul	0.50857759181	0.191145213026	0.284045995426	0.0162311997386
-ɩɛŋ	0.327217125382	0.304062909567	0.350371341197	0.0183486238532
-úsu	0.150234741784	0.704225352113	0.145539906103	0.0
-zɩŋ	0.500803698856	0.065341009392	0.0157496167783	0.418105674974
-mɩ́	0.296405825674	0.423579097929	0.11179728045	0.168217795947
-lɛŋ	0.0	1.0	0.0	0.0
-bal	0.140221402214	0.793357933579	0.0664206642066	0.0
-pɩŋ	0.727902946274	0.126516464471	0.145580589255	0.0
-álɛ	0.313680154143	0.457032755299	0.10289017341	0.126396917148
-eke	0.0215053763441	0.548387096774	0.430107526882	0.0
-uré	0.488269794721	0.441348973607	0.0703812316716	0.0
-ʋka	0.241706161137	0.758293838863	0.0	0.0
-rɛ́	0.401590245444	0.157332781115	0.0804437553278	0.360633218113
-álɔ	0.0312329552227	0.741177051363	0.0163521497641	0.21123784365
-áŋa	0.0389303190735	0.577082752822	0.106781106858	0.277205821246
-baa	0.080170550084	0.0415165345504	0.0802306029306	0.798082312435
-ɩma	0.279643836705	0.645227968359	0.0	0.0751281949358
-́ma	0.718614718615	0.264069264069	0.00865800865801	0.008658008658
-ɛlm	0.0	1.0	0.0	0.0
-bíí	0.0978717013841	0.757343116529	0.0599006730147	0.0848845090722
-llɔ	0.0265323280912	0.945074635094	0.00509972020454	0.0232933166099
-íme	0.0248275862069	0.784827586207	0.173793103448	0.0165517241379
-bar	0.203604434553	0.253686176869	0.389526101837	0.153183286741
-unó	0.17004048583	0.74979757085	0.0558704453441	0.0242914979757
-ɔlɛ	0.528135866516	0.403861748186	0.0319179409646	0.0360844443342
-ase	0.0410872313527	0.930467762326	0.0126422250316	0.0158027812895
-ɩsɩ	0.0	1.0	0.0	0.0
-asa	0.0530303030303	0.911240786241	0.0143325143325	0.0213963963964
-óló	0.361323751195	0.227540633054	0.146181552267	0.264954063484
-bié	0.171314741036	0.406374501992	0.374501992032	0.0478087649402
-húŋ	0.962962962963	0.0185185185185	0.0	0.0185185185185
-adí	0.106165330384	0.8612109483	0.00221177771634	0.0304119435997
-yíí	0.229333333333	0.421333333333	0.221333333333	0.128
-asi	0.0199052132701	0.894786729858	0.0454976303317	0.0398104265403
-ɩda	0.0	1.0	0.0	0.0
-yár	0.0235525024534	0.0343473994112	0.942100098135	0.0
-eli	0.0730499028023	0.900092114681	0.0177148395323	0.00914314298438
-bɛl	0.0393349901448	0.926574685063	0.0	0.0340903247922
-bɛm	0.0	1.0	0.0	0.0
-íkí	0.587279946999	0.185109102594	0.13634809551	0.0912628548973
-rmɛ	0.616868727045	0.248557511016	0.0388451823192	0.0957285796197
-iwa	0.0372097988399	0.755705932597	0.114776872287	0.0923073962761
-ólí	0.145868752125	0.29173750425	0.0877252635158	0.474668480109
-bɩl	0.112	0.816	0.072	0.0
-éró	0.242992918666	0.168388801176	0.393905050726	0.194713229432
-ĩné	0.460992907801	0.326241134752	0.184397163121	0.0283687943262
-ólé	0.478616551307	0.389780265638	0.0425582432763	0.0890449397781
-íŋe	0.682913662129	0.307368989318	0.00647823236802	0.00323911618401
-opi	0.0	0.901234567901	0.0987654320987	0.0
-úóŋ	0.180076628352	0.785440613027	0.0114942528735	0.0229885057471
-iní	0.130434782609	0.652173913043	0.217391304348	0.0
-hɛ́	0.426356589147	0.527131782946	0.0	0.046511627907
-óké	0.213559322034	0.430811138014	0.306598062954	0.0490314769976
-ósi	0.102234998785	0.747752854482	0.119240424326	0.0307717224066
-sɛm	0.0	1.0	0.0	0.0
-rko	0.52504764058	0.157133167533	0.00678272665612	0.311036465231
-ókí	0.460609278556	0.370146678171	0.0716798300922	0.0975642131811
-eru	0.0696504903193	0.912999748554	0.00301734976112	0.0143324113654
-dúó	0.17667953668	0.454362934363	0.225328185328	0.143629343629
-dúí	0.370588235294	0.609379968204	0.0	0.0200317965024
-eri	0.417395374566	0.063360354035	0.0503393544818	0.468904916917
-ókó	0.137415982076	0.200896191187	0.497386109037	0.1643017177
-gɔŋ	0.01259181532	0.973557187828	0.00377754459601	0.010073452256
-dúé	0.738187144544	0.180509026598	0.0813038288572	0.0
-nnu	0.132561539805	0.16857978352	0.674504626397	0.0243540502793
-ram	0.0	1.0	0.0	0.0
-ero	0.108596613374	0.612126401664	0.260948602734	0.0183283822279
-era	0.0	1.0	0.0	0.0
-iwi	0.48965808358	0.459687631912	0.0506542845082	0.0
-ókú	0.798719121683	0.113308466465	0.0584136814695	0.0295587303821
-ere	0.115480529056	0.418540501052	0.406075753473	0.0599032164197
-ɩlɩ	0.0	1.0	0.0	0.0
-dóé	0.111700909589	0.590434406869	0.176607823465	0.121256860076
-úsí	0.309210526316	0.296052631579	0.296052631579	0.0986842105263
-oze	0.0	0.928571428571	0.0357142857143	0.0357142857143
-rsé	0.681489515546	0.10701373825	0.187997107737	0.0234996384671
-ozi	0.0	0.989690721649	0.0103092783505	0.0
-oyi	0.0	0.980769230769	0.0192307692308	0.0
-ɩlɛ	0.207088375554	0.162117891546	0.569810652982	0.0609830799178
-éwa	0.183062265103	0.402808248198	0.317551840982	0.0965776457177
-opa	0.0350877192982	0.912280701754	0.0	0.0526315789474
-́wɛ	0.322845417237	0.545827633379	0.102599179207	0.0287277701779
-úsú	0.11320754717	0.622641509434	0.245283018868	0.0188679245283
-cól	0.486577181208	0.120805369128	0.0503355704698	0.342281879195
-pol	0.113350125945	0.671284634761	0.0151133501259	0.200251889169
-aze	0.0730593607306	0.917808219178	0.0	0.00913242009132
-úsó	0.168224299065	0.392523364486	0.383177570093	0.0560747663551
-aza	0.00710059171596	0.925443786982	0.00355029585799	0.0639053254438
-kué	0.625805786189	0.184673302047	0.0523438708679	0.137177040895
-eva	0.0	0.961538461538	0.0384615384615	0.0
-wóí	0.215083798883	0.31843575419	0.251396648045	0.215083798883
-ŋnɛ	0.186851211073	0.47454275828	0.246663371231	0.0919426594167
-ɩrɩ	0.00155279503106	0.998447204969	0.0	0.0
-õsí	0.725289533105	0.251766334037	0.00764804428582	0.0152960885716
-údú	0.129032258065	0.645161290323	0.193548387097	0.0322580645161
-iko	0.00293255131965	0.99706744868	0.0	0.0
-húí	0.728459530026	0.208877284595	0.0626631853786	0.0
-érá	0.112294795669	0.18250087321	0.0125742228432	0.692630108278
-iki	0.379157836543	0.484013636783	0.0277573021285	0.109071224546
-húó	0.402937071424	0.455064020875	0.061896959767	0.0801019479337
-rdá	0.151017696559	0.804500202191	0.0217917364708	0.0226903647789
-érú	0.345351718879	0.149253351973	0.0298913388829	0.475503590265
-wóú	0.159133539057	0.197676529316	0.159738609548	0.483451322079
-rdí	0.675	0.1125	0.025	0.1875
-zʋɩ	0.534144475544	0.239096077291	0.214665609983	0.0120938371821
-húú	0.932104752667	0.0484966052377	0.011639185257	0.007759456838
-́ɓɛ	0.0626086956522	0.853913043478	0.0834782608696	0.0
-nna	0.0436420874804	0.867939927272	0.0822877228495	0.00613026239817
-ihẽ	0.22641509434	0.735849056604	0.0377358490566	0.0
-úmú	0.551713859911	0.287928464978	0.0715350223547	0.088822652757
-úmé	0.390104662226	0.541389153187	0.0513796384396	0.0171265461465
-úmí	0.649202960904	0.212574891135	0.0411725547119	0.0970495932493
-bol	0.0954022988506	0.0988505747126	0.0781609195402	0.727586206897
-jɔɔ	0.172043010753	0.546594982079	0.179211469534	0.102150537634
-aha	0.0493207504866	0.0383702088195	0.00845877113419	0.90385026956
-wér	0.339601270919	0.322393683685	0.277605931256	0.0603991141394
-fár	0.27027027027	0.283783783784	0.445945945946	0.0
-ʋʋ́	0.401326102358	0.107416361827	0.0324872721823	0.458770263632
-ʋma	0.0820258739334	0.831819432975	0.0726672171759	0.0134874759152
-ɩrɛ	0.378135283789	0.206245566706	0.174415967999	0.241203181506
-lgo	0.029294755877	0.0426763110307	0.356600361664	0.571428571429
-ẽsó	0.191503200849	0.720721645955	0.0614836876519	0.0262914655438
-dol	0.0862836196883	0.890486175011	0.0232302053007	0.0
-́lá	0.364766514608	0.357697531079	0.210676602709	0.0668593516036
-kli	0.454606215885	0.424195165423	0.1024841261	0.0187144925922
-ɓal	0.849655172414	0.101793103448	0.0115862068966	0.0369655172414
-wúú	0.471212121212	0.333333333333	0.15	0.0454545454545
-dóŋ	0.439400865894	0.242020060774	0.073816118536	0.244762954796
-taŋ	0.019912881145	0.895457373989	0.00796515245799	0.0766645924083
-hóú	0.229831458325	0.0476245242775	0.011919200368	0.71062481703
-íre	0.100395377464	0.814513134397	0.0327973762111	0.0522941119275
-íri	0.249606545395	0.496638999854	0.173236214301	0.0805182404499
-hóó	0.983164983165	0.016835016835	0.0	0.0
-húé	0.857142857143	0.076923076923	0.0	0.0659340659341
-íro	0.142369458879	0.670402497038	0.14825952773	0.0389685163521
-lfa	0.0206062100425	0.961077158809	0.0183166311488	0.0
-oli	0.277561608301	0.587548638132	0.0914396887159	0.0434500648508
-́da	0.261355885964	0.67084981585	0.000818442231618	0.0669758559542
-akɛ	0.147563681406	0.262863479323	0.0183744484441	0.571198390827
-ibi	0.201277955272	0.779552715655	0.0	0.0191693290735
-olo	0.0212369597616	0.836438152012	0.0871833084948	0.0551415797318
-ola	0.0540540540541	0.918918918919	0.027027027027	0.0
-ɩɛl	0.0574771630914	0.884019295905	0.0369496048445	0.0215539361593
-ole	0.253036721183	0.277919600527	0.419670659523	0.0493730187674
-árá	0.128997974225	0.124302213435	0.0378343837009	0.708865428639
-loo	0.425531914894	0.490998363339	0.0834697217676	0.0
-tɔ́	0.568639114468	0.257176847877	0.0650959499302	0.109088087726
-púú	0.307062160708	0.0422555876168	0.0234264195236	0.627255832151
-́lɛ	0.456713616456	0.378610344091	0.0651750417097	0.099500997743
-vʋk	0.330324016819	0.624412564927	0.00816225575069	0.0371011625031
-ɩkɛ	0.512984729757	0.22801135222	0.0743419730761	0.184661944947
-́lɔ	0.0949443638123	0.831881954523	0.0535195936139	0.0196540880503
-hál	0.1712983326	0.497580870887	0.132952137231	0.198168659283
-ɛ́ŋ	0.0825530817681	0.493601509661	0.0126926548883	0.411152753682
-hár	0.307903780069	0.340206185567	0.299656357388	0.052233676976
-púí	0.272727272727	0.325757575757	0.265151515152	0.136363636364
-ɔwɛ	0.680098236197	0.186972790216	0.0409589275274	0.0919700460598
-dúŋ	0.0	0.855769230769	0.0	0.144230769231
-ime	0.179360707194	0.525548224543	0.217795144449	0.0772959238144
-lɔ́	0.386987368666	0.462209396179	0.0693784561187	0.0814247790367
-fóé	0.592334494774	0.271777003484	0.135888501742	0.0
-ʋla	0.454976303318	0.509104514842	0.0	0.0359191818408
-ɛma	0.585116891669	0.113598946329	0.0510372077708	0.250246954231
-ɩdɛ	0.0348837209302	0.96511627907	0.0	0.0
-ĩni	0.602743339488	0.339883935637	0.0455025059351	0.0118702189396
-õsi	0.0286624203822	0.885350318471	0.0191082802548	0.0668789808917
-ipi	0.000957243139758	0.99808551372	0.000957243139759	0.0
-éri	0.690587138863	0.154706430569	0.122553588071	0.0321528424977
-rlɛ	0.559870550162	0.267529665588	0.0399137001079	0.132686084142
-zoŋ	0.456014362657	0.333931777379	0.096947935368	0.113105924596
-údu	0.446428571429	0.125	0.321428571429	0.107142857143
-sʋʋ	0.208621028299	0.570618097209	0.124382431595	0.0963784428966
-ipa	0.0246710526316	0.975328947368	0.0	0.0
-lpɛ	0.0125121024801	0.0135547776867	0.0906382661801	0.883294853653
-ĩne	0.490740740741	0.398148148148	0.0555555555555	0.0555555555556
-iké	0.334801762115	0.577092511013	0.0572687224669	0.0308370044053
-úwé	0.322160148976	0.294227188082	0.240223463687	0.143389199255
-íné	0.85	0.1125	0.0375	0.0
-bɛŋ	0.0	1.0	0.0	0.0
-ikó	0.145589798087	0.63655685441	0.195536663124	0.0223166843783
-óró	0.486724227473	0.306121786549	0.0500519345624	0.157102051415
-ewa	0.0905303030302	0.860606060606	0.0465909090909	0.00227272727273
-uór	0.0466926070039	0.661964980545	0.288424124514	0.00291828793775
-́má	0.0515151515151	0.181818181818	0.412121212121	0.354545454545
-rdi	0.0	1.0	0.0	0.0
-bɩŋ	0.461240310078	0.37015503876	0.145348837209	0.0232558139535
-fáá	0.588613138686	0.337810218978	0.0	0.0735766423358
-une	0.0672268907563	0.865546218487	0.0	0.0672268907563
-baŋ	0.169211153448	0.650057737346	0.0464575265046	0.134273582702
-lɛl	0.59900990099	0.282178217822	0.0891089108911	0.029702970297
-lɛm	0.181818181818	0.806818181818	0.0	0.0113636363636
-ʋɛ́	0.293224731581	0.706775268419	0.0	0.0
-awa	0.0375431578712	0.938824765076	0.0108606992413	0.0127713778115
-ahá	0.318929467522	0.104822971843	0.00669082798996	0.569556732646
-yɛ́	0.381039070158	0.38061896093	0.0983055594455	0.140036409466
-rwa	0.395212027126	0.480104583708	0.0320287605196	0.0926546286461
-ɓaá	0.229695826717	0.0896412173046	0.0372024236032	0.643460532375
-rme	0.177777777778	0.508333333333	0.277777777778	0.0361111111111
-yáá	0.162389444686	0.0433521821082	0.00202986805858	0.792228505147
-gár	0.64705882353	0.24	0.0776470588235	0.035294117647
-too	0.461234160915	0.313773565468	0.224992273617	0.0
-́pɛ	0.0	0.91875	0.08125	0.0
-ɔnɔ	0.0596585064801	0.909895083316	0.0111088253446	0.0193375848591
-ódó	0.127530364372	0.86032388664	0.0	0.0121457489879
-cɩ́	0.44484234573	0.0964989655018	0.0296529045213	0.429005784247
-úmu	0.180327868852	0.303278688525	0.467213114754	0.0491803278689
-írá	0.461121521691	0.262628704991	0.0783815914082	0.19786818191
-éló	0.765111180708	0.0883181960539	0.0582524271845	0.0883181960539
-úró	0.503441227381	0.240247886525	0.221325566695	0.0349853193991
-íré	0.223214285714	0.419642857143	0.178571428571	0.178571428571
-oló	0.0642267671332	0.789379260854	0.0724793684966	0.0739146035163
-élú	0.470052727188	0.252049489644	0.0536016364687	0.224296146699
-írí	0.662008933685	0.224372924064	0.0329859122666	0.0806322299851
-ɩsa	0.142857142857	0.780952380952	0.0761904761905	0.0
-́bɛ	0.775668679897	0.151855047455	0.0672993960311	0.00517687661777
-gʋɔ	0.223336853221	0.596620908131	0.120380147835	0.0596620908131
-cóŋ	0.901777506895	0.0790895035672	0.0	0.0191329895378
-dɛ́	0.0505952380952	0.949404761905	0.0	0.0
-yóŋ	0.171646535283	0.828353464717	0.0	0.0
-toó	0.263031574597	0.185410358502	0.045816147311	0.505741919589
-ŋgɛ	0.0440677966101	0.939907550077	0.0	0.0160246533128
-tim	0.0643431635389	0.576407506703	0.327077747989	0.0321715817695
-liŋ	0.57008163007	0.29891476302	0.113728405999	0.0172752009112
-írú	0.651515151515	0.300505050505	0.0151515151515	0.0328282828283
-élí	0.381082933516	0.51542152159	0.0712816997944	0.0322138450994
-élé	0.557140633916	0.293458525704	0.0435752451108	0.105825595269
-ɓʋ́	0.606868000637	0.300674061886	0.0249455973674	0.0675123401094
-múé	0.107594936709	0.645569620253	0.246835443038	0.0
-múí	0.0	0.646017699115	0.274336283186	0.0796460176991
-ɩrʋ	0.205416920268	0.723067559343	0.0319537431528	0.0395617772368
-mɩɩ	0.00219565747743	0.092949499878	0.00292754330324	0.901927299341
-́sɛ	0.333369449593	0.50572018946	0.0527040633371	0.10820629761
-ɔ́ŋ	0.199327963777	0.423010477261	0.273558993501	0.104102565461
-fɛ́	0.251162790698	0.362790697674	0.386046511628	0.0
-wʋl	0.0319453082006	0.928655478352	0.0393992134475	0.0
-ʋ̃́	0.36532879782	0.0742772973338	0.435304222187	0.125089682659
-múú	0.941644562334	0.0371352785146	0.0053050397878	0.0159151193634
-váá	0.337237861326	0.484224447383	0.167201964859	0.0113357264311
-raŋ	0.0921052631578	0.907894736842	0.0	0.0
-́rɔ	0.151247311691	0.742879570126	0.0459485503871	0.0599245677965
-ámá	0.0	0.967213114754	0.0109289617486	0.0218579234973
-lfe	0.0	1.0	0.0	0.0
-zʋʋ	0.325124889363	0.179318800912	0.0262299189309	0.469326390793
-loó	0.109090909091	0.872727272727	0.0181818181818	0.0
-bɔŋ	0.358911754447	0.302057900244	0.288803627485	0.0502267178235
-ʋ́k	0.186335403727	0.72049689441	0.0186335403727	0.0745341614907
-oba	0.0	1.0	0.0	0.0
-bʋl	0.696503316806	0.0472621212139	0.00751660976075	0.248717952219
-láá	0.785989235895	0.0523066024208	0.0107010106997	0.151003150985
-ʋ́l	0.402764881691	0.201174230387	0.0231836556038	0.372877232319
-íwó	0.475137236656	0.229568167802	0.0761641530996	0.219130442443
-lmʋ	0.163829787234	0.797872340426	0.0255319148937	0.0127659574468
-úki	0.735849056604	0.155660377359	0.0943396226415	0.0141509433962
-sɛ́	0.707672544086	0.182132007906	0.0520603435652	0.0581351044437
-ɛlɔ	0.191717637282	0.551159427702	0.221465227517	0.0356577074993
-esé	0.749558552093	0.174421908444	0.0194468589324	0.0565726805306
-wʋ́	0.691264508247	0.212461820403	0.0364080635308	0.0598656078192
-íta	0.0	1.0	0.0	0.0
-esí	0.0898203592814	0.88622754491	0.0239520958084	0.0
-jáá	0.6	0.275675675676	0.0918918918919	0.0324324324324
-ʋ́r	0.0290381125227	0.890199637024	0.0644283121597	0.016333938294
-vɔŋ	0.874904067536	0.0406753645434	0.00575594781274	0.0786646201074
-ŋtɛ	0.0462683268253	0.831454603502	0.0750264004519	0.0472506692208
-́yɛ	0.633136094675	0.14201183432	0.0	0.224852071006
-nʋʋ	0.0429605989935	0.815043315912	0.106723172236	0.0352729128579
-káŋ	0.100672140559	0.0905575354485	0.332021729476	0.476748594517
-pʋl	0.0432584942686	0.757710459027	0.0985317795469	0.100499267158
-faá	0.646370351354	0.0799327864453	0.0490098836599	0.224686978541
-mmɛ	0.373185637891	0.233384262796	0.246753246753	0.146676852559
-úrú	0.609692797585	0.215722726352	0.103719928583	0.0708645474793
-dʋŋ	0.298692189037	0.605892250576	0.0871185551358	0.00829700525103
-cɛŋ	0.318181818182	0.636363636364	0.0454545454545	0.0
-ulí	0.23478432794	0.646917322964	0.0746367021452	0.0436616469503
