-ráľ	0.000978026993545	0.970333181196	0.0176044858838	0.0110843059268
-úby	0.121555915721	0.0502431118314	0.779578606159	0.0486223662885
-ivu	0.463017751479	0.306213017751	0.144970414201	0.085798816568
-caj	0.715298566252	0.185441941075	0.0772018276351	0.0220576650386
-rby	0.013698630137	0.986301369863	0.0	0.0
-cam	0.394652061856	0.176868556701	0.428479381443	0.0
-cal	0.59485119591	0.253423406975	0.0262917655651	0.12543363155
-iva	0.117359413203	0.413202933985	0.366748166259	0.102689486553
-ive	0.320008876807	0.373186496158	0.202724070016	0.10408055702
-rbe	0.013698630137	0.986301369863	0.0	0.0
-ivo	0.182089584281	0.308985665925	0.170095547085	0.33882920271
-aus	0.508064516129	0.491935483871	0.0	0.0
-idí	0.885032662459	0.0560546289472	0.0147880130393	0.0441246955544
-rpí	0.600999286224	0.273733047823	0.0256959314775	0.0995717344754
-ecí	0.0417981072555	0.784305993691	0.0745268138801	0.0993690851735
-idá	0.683231794839	0.101959020171	0.042961836998	0.171847347992
-aua	0.0134228187919	0.986577181208	0.0	0.0
-idú	0.64211136891	0.122969837587	0.026102088167	0.208816705336
-tlí	0.723981900453	0.262443438914	0.0135746606335	0.0
-ivy	0.0299223389676	0.894243947008	0.0682960255825	0.00753768844222
-tlá	0.0977198697068	0.781758957655	0.114006514658	0.00651465798047
-aum	0.0306603773585	0.950471698113	0.00471698113208	0.0141509433962
-dáš	0.234099633499	0.702522743446	0.00526197977396	0.0581156432812
-ráž	0.0522565320665	0.895486935867	0.0475059382423	0.00475059382423
-utá	0.290311173975	0.496463932108	0.0785007072136	0.134724186704
-šét	0.0	1.0	0.0	0.0
-uté	0.553756534197	0.275143707931	0.144211130779	0.0268886270935
-utí	0.452660677263	0.276157567381	0.204837595024	0.0663441603317
-eus	0.0	0.9453125	0.0	0.0546875
-utú	0.512720156556	0.18542074364	0.234344422701	0.0675146771037
-óte	0.0	1.0	0.0	0.0
-ráť	0.526473496539	0.278458634225	0.0377550714649	0.157312797771
-čal	0.747717961619	0.049593904981	0.0596564364264	0.143031696974
-dro	0.168229453944	0.252068394925	0.124655267512	0.455046883618
-ráš	0.199393939394	0.201818181818	0.550909090909	0.0478787878788
-tír	0.0	1.0	0.0	0.0
-tít	0.0307692307692	0.969230769231	0.0	0.0
-tím	0.681860551827	0.170861297539	0.0322520507084	0.115026099925
-ráň	0.559358255645	0.256821630997	0.0380958280422	0.145724285316
-dky	0.17091011394	0.674356449571	0.0956533971023	0.0590800393867
-ivú	0.259966973343	0.472281198396	0.246520405756	0.0212314225053
-ivý	0.0771775837698	0.152564038627	0.64162907132	0.128629306283
-ivá	0.218168703971	0.237406043581	0.466697669122	0.077727583327
-ivé	0.0980311071503	0.254261040232	0.535755937949	0.111951914669
-vho	0.053091082074	0.844868755954	0.0736786692426	0.0283614927298
-iví	0.350526771582	0.159819859136	0.416888473327	0.0727648959554
-eci	0.0680995475113	0.786274509804	0.0248868778281	0.120739064857
-ech	0.478671024013	0.205632745363	0.0128566672916	0.302839563333
-úpu	0.613636363636	0.386363636364	0.0	0.0
-rpa	0.0	1.0	0.0	0.0
-eca	0.0	1.0	0.0	0.0
-ide	0.759989344699	0.0771177410761	0.0106553010123	0.152237613213
-ece	0.0411569681033	0.934148851035	0.024694180862	0.0
-ida	0.0184696569921	0.966754617414	0.00791556728233	0.00686015831135
-ľuj	0.771186440678	0.0762711864407	0.127118644068	0.0254237288136
-tli	0.584757944581	0.206685932285	0.152151962954	0.0564041601799
-úpe	0.0736196319018	0.300613496932	0.601226993865	0.0245398773006
-idy	0.0199600798403	0.979640718563	0.000399201596806	0.0
-úpi	0.58825701253	0.0752221151878	0.0332291705127	0.30329170177
-tla	0.21192908301	0.67699894329	0.104966537513	0.00610543618645
-idu	0.0452099031216	0.795479009688	0.0	0.159311087191
-tle	0.0178837555887	0.917287630402	0.0588673621461	0.00596125186289
-uta	0.129793351786	0.828823260689	0.0413833875258	0.0
-ute	0.0135135135135	0.837837837838	0.148648648649	0.0
-uto	0.106120011665	0.0687361419069	0.0262464761676	0.798897370261
-uty	0.0	0.967479674797	0.0325203252033	0.0
-apy	0.342525399129	0.494920174165	0.0841799709724	0.0783744557329
-eňa	0.10134175217	0.868508287293	0.0206787687451	0.00947119179163
-môj	0.0171859683771	0.0445982273222	0.00228904018554	0.935926764115
-eňu	0.0137369626049	0.923683541084	0.0625794963114	0.0
-žte	0.5002392411	0.296321583843	0.103223268387	0.100215906669
-cať	0.643962150796	0.237383598678	0.0488134574948	0.0698407930309
-peš	0.892561983471	0.0165289256198	0.0	0.090909090909
-kúz	0.107142857143	0.892857142857	0.0	0.0
-kýt	0.0175438596491	0.280701754386	0.701754385965	0.0
-ial	0.828584333313	0.134484061363	0.0227927729228	0.0141388324013
-dár	0.048056718794	0.918125590203	0.00177987847385	0.0320378125293
-dám	0.759488531637	0.115689184009	0.0320316009113	0.0927906834423
-dán	0.0	0.905940594059	0.009900990099	0.0841584158415
-dva	0.0078594544614	0.0562490368316	0.0134073046694	0.922484204038
-čmi	0.32332256225	0.588481277324	0.0570233795856	0.0311727808402
-dák	0.0699300699301	0.463869463869	0.466200466201	0.0
-čme	0.622628250176	0.159522136332	0.0252986647927	0.1925509487
-ije	0.542420487805	0.230096548996	0.147918873655	0.079564089544
-ráz	0.0256944444445	0.678472222222	0.0	0.295833333333
-ija	0.0	1.0	0.0	0.0
-rát	0.130678022712	0.232965931864	0.0271376085504	0.609218436874
-ráp	0.936416184971	0.0115606936416	0.0173410404624	0.0346820809249
-kej	0.0731504929296	0.514555718456	0.216648250777	0.195645537837
-rán	0.0574029586547	0.86976861803	0.0182071058288	0.0546213174864
-iju	0.0785536159601	0.872817955112	0.0336658354114	0.0149625935162
-rál	0.0	0.938101788171	0.0577716643741	0.0041265474553
-rám	0.0188172043011	0.956221198157	0.0111367127496	0.0138248847926
-rák	0.07882727147	0.569907343383	0.342967777624	0.00829760752316
-rád	0.778959968081	0.0691581327304	0.0271312674558	0.124750631733
-ráb	0.141284090077	0.824534275227	0.034181634696	0.0
-ŕmi	0.54702970297	0.341584158416	0.0	0.111386138614
-tíš	0.508318412188	0.321902218446	0.0596522108585	0.110127158508
-rýb	0.0177664974619	0.982233502538	0.0	0.0
-úči	0.640207075065	0.183779119931	0.124245038827	0.0517687661777
-eľa	0.079385823984	0.425416604937	0.328930786148	0.166266784932
-úča	0.90036900369	0.0774907749078	0.0147601476015	0.00738007380073
-úče	0.0	0.985985284549	0.0	0.0140147154512
-edí	0.896267601304	0.0314210170325	0.0332042058661	0.0391071757978
-íha	0.639711769416	0.192153722978	0.052842273819	0.115292233787
-ecť	0.651760119252	0.178878568971	0.109161793372	0.0601995184038
-vní	0.320795809053	0.329154158573	0.329036435341	0.0210135970334
-ofi	0.076726342711	0.657289002558	0.265984654731	0.0
-mfu	0.0	1.0	0.0	0.0
-tke	0.0175341184722	0.975452234139	0.00350682369444	0.00350682369444
-žni	0.484307692308	0.126769230769	0.366769230769	0.0221538461539
-ijú	0.785502716769	0.109226554378	0.0562054152309	0.0490653136218
-aťa	0.100885282184	0.791220951678	0.0165990409443	0.0912947251937
-môž	0.866995073892	0.0812807881773	0.00246305418719	0.0492610837438
-zím	0.27664399093	0.628117913832	0.0408163265306	0.0544217687075
-ház	0.0	1.0	0.0	0.0
-aťu	0.0969072164948	0.575257731959	0.139175257732	0.188659793814
-žna	0.301979522184	0.36928327645	0.286689419795	0.04204778157
-ieč	0.351219512195	0.648780487805	0.0	0.0
-voľ	0.892454750309	0.0726539216399	0.00599694700879	0.0288943810424
-žne	0.272757707285	0.287024039563	0.238222493701	0.201995759452
-béd	0.294117647059	0.705882352941	0.0	0.0
-bým	0.0174081237911	0.0667311411992	0.895551257253	0.0203094777563
-ade	0.272203611299	0.386778804073	0.0192434453416	0.321774139286
-rca	0.264171711612	0.681342872867	0.0445789763346	0.00990643918547
-ada	0.223558349276	0.690625854059	0.0378974218821	0.0479183747836
-ado	0.121878967414	0.444350402031	0.00761743546339	0.426153195091
-sve	0.00746268656716	0.134328358209	0.00746268656716	0.850746268657
-nýz	0.0489795918367	0.951020408163	0.0	0.0
-ným	0.206449832609	0.254620101232	0.412646006935	0.126284059225
-adi	0.532549242435	0.237312539478	0.133197993066	0.0969402250216
-rdý	0.181818181818	0.0505050505051	0.767676767677	0.0
-adu	0.0938929094142	0.745719364526	0.0360074749695	0.12438025109
-úži	0.482941906018	0.269307242554	0.124613658287	0.123137193141
-ieľ	0.256645722571	0.62735621073	0.0898985016916	0.0260995650073
-úže	0.185065507314	0.518829680982	0.067857352682	0.228247459021
-utý	0.615080593109	0.177605460703	0.0895410215829	0.117772924606
-voč	0.291262135922	0.583911234397	0.0416088765603	0.0832177531207
-ady	0.107665366216	0.824155418095	0.0188598189872	0.0493193967017
-ohu	0.0132966168371	0.959047993706	0.00814319433517	0.0195121951219
-sem	0.0685333634413	0.145986225584	0.00846787851417	0.77701253246
-sel	0.377390930582	0.274661508704	0.148291424887	0.199656135826
-nčí	0.479591836735	0.464285714286	0.0459183673469	0.0102040816326
-ohy	0.0388778292582	0.930715691364	0.00621901807506	0.0241874613023
-fom	0.525862068966	0.435344827586	0.0129310344828	0.0258620689655
-ohe	0.224770642202	0.600917431193	0.146788990826	0.0275229357798
-erí	0.772306499564	0.113366650447	0.0602109096874	0.0541159403018
-rmu	0.0	0.28947368421	0.71052631579	0.0
-lbu	0.0111731843575	0.972067039106	0.0	0.0167597765363
-erá	0.63237839625	0.256666083202	0.0333547270358	0.0776007935118
-oho	0.0940005463271	0.157533260011	0.146802553315	0.601663640347
-ses	0.0	1.0	0.0	0.0
-rní	0.143843052109	0.260158188586	0.549589019851	0.0464097394541
-ará	0.645138118174	0.260831618305	0.0608431116906	0.0331871518312
-blo	0.177348671597	0.822651328403	0.0	0.0
-vým	0.178108198173	0.53712180337	0.221454115821	0.0633158826355
-bli	0.227272727273	0.545454545455	0.0909090909091	0.136363636364
-neď	0.0569716858735	0.0344577577654	0.00904373044341	0.899526825918
-ieš	0.688958544139	0.142985529506	0.0905188656961	0.0775370606583
-ieť	0.749183799504	0.131442586494	0.042747915294	0.0766256987077
-ňom	0.0516433844236	0.236139987165	0.00448090612206	0.707735722289
-azí	0.532000683603	0.338776598421	0.107572838524	0.0216498794514
-ľul	0.961538461538	0.0384615384615	0.0	0.0
-ňov	0.0153049211208	0.975512126207	0.00565104779845	0.00353190487403
-mto	0.082073933129	0.0751939088184	0.0605704081329	0.78216174992
-iež	0.364815874833	0.287922152261	0.0877695096356	0.25949246327
-ľud	0.0204977209026	0.951813368817	0.00526598907166	0.0224229212083
-psy	0.108058608059	0.855311355311	0.021978021978	0.014652014652
-ľub	0.185049019608	0.708333333333	0.0257352941176	0.0808823529412
-íva	0.563888888889	0.264070048309	0.0617149758454	0.110326086957
-mte	0.640817853136	0.239080746374	0.0515313967502	0.0685700037402
-zol	0.640971858067	0.175493794791	0.0419507079182	0.141583639224
-zom	0.0712727419637	0.768338338473	0.124432713414	0.0359562061489
-zon	0.258922717628	0.500485376611	0.233717851311	0.0068740544503
-vyš	0.418956043956	0.436813186813	0.0	0.144230769231
-adá	0.709898079426	0.177864326978	0.0382585432106	0.0739790503851
-adí	0.512026418269	0.366520856589	0.0150082615353	0.106444463606
-adé	0.102808088121	0.064591198221	0.716760614366	0.115840099291
-eáš	0.00288739172281	0.997112608277	0.0	0.0
-čín	0.0269662921348	0.80404494382	0.0269662921348	0.14202247191
-zou	0.175847457627	0.595338983051	0.139830508475	0.0889830508475
-zov	0.0775786713287	0.820298841783	0.0969733391608	0.00514914772727
-adý	0.0322580645161	0.516129032258	0.41935483871	0.0322580645161
-adú	0.63165869142	0.332093094619	0.0161103173157	0.0201378966446
-zor	0.367447306792	0.322833723653	0.238407494145	0.0713114754098
-ery	0.0985654465823	0.843803271236	0.0264225332413	0.03120874894
-raz	0.0767336420799	0.149409088332	0.0171438467163	0.756713422872
-evá	0.18	0.30125	0.47375	0.045
-rav	0.546435100548	0.40310786106	0.0274223034734	0.0230347349177
-ohý	0.0	0.0263157894737	0.973684210526	0.0
-rat	0.0124100037893	0.960875331565	0.00587343690792	0.0208412277378
-eru	0.0995351295195	0.577562144975	0.0375679491855	0.28533477632
-rap	0.284376139327	0.652522646325	0.0100961942956	0.0530050200522
-eri	0.212310984809	0.750727993545	0.00773602778656	0.0292249938603
-ral	0.618154313972	0.213794268514	0.0346699634487	0.133381454065
-ram	0.399619410086	0.438057951574	0.078613654443	0.0837089838977
-raj	0.34248378174	0.48917673232	0.0826259105604	0.0857135753796
-ohá	0.199857244825	0.371163454675	0.386152748037	0.0428265524625
-rah	0.0327102803738	0.96261682243	0.0	0.00467289719626
-ero	0.158802177858	0.785238959468	0.02722323049	0.0287356321839
-ohí	0.0128205128205	0.042735042735	0.905053883315	0.0393905611297
-rad	0.187219730942	0.736547085202	0.042600896861	0.0336322869955
-ere	0.0692849234024	0.890474459189	0.0258217514171	0.0144188659913
-átu	0.0453020134228	0.268456375839	0.669463087248	0.0167785234899
-azy	0.101418543434	0.750365603978	0.0110412401287	0.13717461246
-oze	0.0388349514563	0.941747572816	0.0	0.0194174757282
-azu	0.203466116394	0.608873138346	0.0405227585382	0.147137986722
-vet	0.021651617456	0.95818030184	0.0105451396128	0.00962294109156
-švy	0.0714285714286	0.80612244898	0.0	0.122448979592
-áte	0.566880498304	0.0789368434186	0.029862704664	0.324319953613
-azi	0.0575916804704	0.861560569993	0.0799701620246	0.00087758751193
-mtí	0.256887052342	0.310606060606	0.192837465565	0.239669421488
-aze	0.0355066284208	0.947282735096	0.00790758973564	0.00930304674782
-ozy	0.0	0.978873239437	0.0211267605634	0.0
-aza	0.044250438012	0.601895805568	0.348013597089	0.00584015933153
-tny	0.253355704698	0.352348993289	0.394295302013	0.0
-áti	0.544875605624	0.20180275243	0.0179457836697	0.235375858277
-ike	0.0	1.0	0.0	0.0
-ika	0.0611748348975	0.923531456378	0.0132082029892	0.00208550573514
-hký	0.142857142857	0.571428571429	0.25	0.0357142857143
-sĺz	0.0	0.884615384615	0.115384615385	0.0
-nou	0.101888983704	0.20059925283	0.110014245403	0.587497518063
-nov	0.0295943845735	0.824414938432	0.0299774423542	0.11601323464
-zký	0.214750542299	0.180043383948	0.520607375271	0.0845986984816
-seľ	0.14880251276	0.714566156262	0.0400471142521	0.0965842167255
-iku	0.550598476605	0.425462459195	0.0108813928183	0.0130576713819
-nok	0.0783489741511	0.840208588971	0.0373465318279	0.0440959050499
-nom	0.18571139762	0.569146669236	0.11260667954	0.132535253605
-hká	0.0526315789474	0.114035087719	0.780701754386	0.0526315789474
-noc	0.00936386768448	0.929567430025	0.00916030534351	0.0519083969466
-noe	0.0	0.98615916955	0.0138408304498	0.0
-iky	0.0109479970142	0.975449946089	0.01194326947	0.00165878742638
-hké	0.196487692529	0.225277098028	0.556643155319	0.0215920541241
-seď	0.0981240981241	0.890331890332	0.0	0.011544011544
-fár	0.0	1.0	0.0	0.0
-pym	0.226500566251	0.445073612684	0.294450736127	0.0339750849377
-vor	0.510273222569	0.284290906998	0.139260339673	0.0661755307598
-vot	0.0461034245702	0.926234520688	0.00463845430127	0.0230236004409
-vou	0.0931063099689	0.804625942952	0.071683000289	0.03058474679
-vov	0.0391483516483	0.808379120879	0.14010989011	0.0123626373627
-tol	0.355218237734	0.541630223175	0.051801484073	0.0513500550179
-tom	0.0778262797131	0.241787653991	0.032553402746	0.64783266355
-toj	0.894280762565	0.0953206239168	0.0	0.0103986135182
-tok	0.127360408506	0.627470626113	0.0643353724869	0.180833592895
-tov	0.0233523309172	0.897119101553	0.0393560262311	0.0401725412982
-tou	0.143751355305	0.64563556666	0.0900839668879	0.120529111146
-vod	0.502024291498	0.425101214575	0.0303643724696	0.0425101214575
-tos	0.0	1.0	0.0	0.0
-voj	0.053270691588	0.0819608427301	0.0579560136093	0.806812452073
-vok	0.104265402844	0.824644549763	0.0331753554502	0.0379146919431
-vol	0.0122248546001	0.9684727434	0.000482560050002	0.0188198419501
-vom	0.132756309782	0.531677455797	0.102790416695	0.232775817726
-von	0.0987713572663	0.0344595891726	0.0573046650029	0.809464388558
-efa	0.00105708245243	0.998942917548	0.0	0.0
-rou	0.136129286638	0.634684394668	0.038430632708	0.190755685987
-rov	0.100602850387	0.802083018966	0.0562051338938	0.0411089967529
-iaľ	0.182077911779	0.221710307178	0.0291334011463	0.567078379897
-iem	0.744097556432	0.0822052297656	0.0336911960901	0.140006017712
-iel	0.765566870477	0.0631114033832	0.00584183913222	0.165479887007
-urz	0.670588235294	0.235294117647	0.0	0.0941176470588
-ien	0.041184031663	0.902111171733	0.0235622670822	0.0331425295222
-iec	0.087743532092	0.815859727523	0.041362335641	0.0550344047441
-ieb	0.037448573002	0.937088988953	0.00388739512132	0.0215750429233
-výš	0.118644067797	0.0169491525424	0.203389830508	0.661016949153
-rod	0.0389314250756	0.896739029681	0.0465323223522	0.0177972228917
-rob	0.283081457517	0.587567442322	0.0368711079898	0.092479992171
-rom	0.0950042917802	0.465818638391	0.0989806547291	0.3401964151
-ron	0.0244399185336	0.9633401222	0.0122199592668	0.0
-ier	0.0726091888181	0.887102954063	0.0129740556822	0.0273138014362
-iet	0.158021872455	0.0529756145102	0.0352938719535	0.753708641082
-roj	0.144939608496	0.783423573511	0.0624739691795	0.009162848813
-rok	0.0258837780115	0.938350706066	0.0087341812502	0.0270313346721
-iká	0.465135839852	0.221339052906	0.0603499032719	0.25317520397
-oly	0.0998837547225	0.880587038651	0.0122057541412	0.00732345248475
-yku	0.0480397570403	0.764770844837	0.0811706239646	0.106018774158
-iké	0.04	0.96	0.0	0.0
-zop	0.0624479600333	0.85012489592	0.0874271440467	0.0
-hko	0.166547277937	0.204154727794	0.0967048710602	0.532593123209
-tče	0.00814184647385	0.975574460578	0.00122127697108	0.0150624159766
-íľa	0.0	0.646017699115	0.300884955752	0.0530973451327
-íľu	0.0328258354957	0.352236846219	0.463313220996	0.15162409729
-rač	0.201177625123	0.563297350344	0.235525024534	0.0
-číš	0.740094866071	0.164271763393	0.00837053571429	0.0872628348214
-rma	0.0394736842105	0.907894736842	0.0	0.0526315789474
-pka	0.268821603928	0.698036006547	0.00736497545007	0.0257774140753
-pky	0.209497862746	0.711588144112	0.0549579595096	0.0239560336324
-pku	0.238636363636	0.715909090909	0.0227272727273	0.0227272727273
-raš	0.663695547691	0.308777908856	0.0091755144842	0.0183510289684
-óge	0.00173963467672	0.998260365323	0.0	0.0
-žok	0.25945945946	0.627027027027	0.0540540540541	0.0594594594595
-žom	0.0276544037543	0.938406100729	0.0080449174558	0.0258945780608
-óta	0.0588235294118	0.862745098039	0.078431372549	0.0
-úpy	0.139473684211	0.623684210526	0.181578947368	0.0552631578947
-raň	0.343698854337	0.656301145663	0.0	0.0
-hya	0.0	1.0	0.0	0.0
-žou	0.0837438423645	0.765517241379	0.0981280788177	0.0526108374384
-žov	0.014359339693	0.915903246992	0.0138584324944	0.0558789808208
-uži	0.0483557359033	0.872178544256	0.0129343139741	0.0665314058669
-lei	0.0	0.998125585754	0.0	0.00187441424555
-lej	0.115802073165	0.22166829359	0.141193696834	0.521335936411
-itý	0.678144930113	0.149752227728	0.106024310571	0.0660785315882
-lel	0.685777777778	0.127555555556	0.0835555555556	0.103111111111
-lem	0.444406080232	0.53688208481	0.00233897936965	0.0163728555875
-len	0.0918576613086	0.0504950287148	0.0248126800144	0.832834629962
-yti	0.161592505855	0.838407494145	0.0	0.0
-lea	0.0298013245033	0.870860927152	0.0	0.0993377483444
-olo	0.554551129526	0.0288028802572	0.00920297479313	0.407443015423
-águ	0.0576923076923	0.894230769231	0.0480769230769	0.0
-leg	0.0	1.0	0.0	0.0
-šam	0.619402985075	0.284825870647	0.0360696517413	0.0597014925373
-šal	0.771248052623	0.163666262766	0.0325428423057	0.0325428423057
-ití	0.471646460696	0.101681658193	0.275713727024	0.150958154087
-tlu	0.025	0.2	0.775	0.0
-šak	0.110679454706	0.0155354318063	0.00462913880174	0.869155974686
-íry	0.078431372549	0.764705882353	0.156862745098	0.0
-ódu	0.0	1.0	0.0	0.0
-esá	0.0987544483985	0.784697508897	0.0444839857651	0.0720640569395
-ytu	0.125743415463	0.754460492778	0.0866610025488	0.0331350892099
-leu	0.0110864745011	0.869179600887	0.0	0.119733924612
-lev	0.0332963374029	0.966703662597	0.0	0.0
-bce	0.225663716814	0.721238938053	0.0530973451327	0.0
-sah	0.285714285714	0.591836734694	0.0408163265306	0.0816326530612
-udú	0.203524061566	0.0187396732745	0.00279802538109	0.774938239778
-bka	0.0344467640918	0.8251565762	0.0829853862213	0.0574112734864
-spí	0.545040650407	0.0624390243902	0.0263414634146	0.366178861789
-ole	0.0925839205966	0.856087170057	0.014271355636	0.0370575537103
-bky	0.114250337686	0.733087573165	0.0847028365601	0.0679592525889
-dci	0.0724813038471	0.823359622141	0.02937446244	0.074784611572
-ľto	0.137427528452	0.0979171140219	0.0154605969508	0.749194760576
-yší	0.729452054795	0.184931506849	0.0856164383562	0.0
-tlo	0.133755839571	0.689895295417	0.164807529086	0.011541335926
-dca	0.10447338196	0.82222818872	0.0154233976223	0.057875031697
-ľte	0.593677971683	0.305893974317	0.0589397431676	0.041488310833
-bku	0.0875912408759	0.485401459854	0.229927007299	0.197080291971
-udí	0.0547280150061	0.776784729118	0.0650998565596	0.103387399316
-než	0.0276738967839	0.0134629768138	0.0426327599102	0.916230366492
-šov	0.143416062599	0.797489318804	0.0350439249196	0.0240506936777
-ďte	0.642631139206	0.230595382441	0.041004244673	0.0857692336799
-pec	0.202805985145	0.620653773009	0.125587570419	0.050952671427
-pel	0.85561186985	0.0615932216505	0.0506828645491	0.0321120439509
-pem	0.652872400559	0.256537649124	0.0218665397316	0.0687234105852
-pej	0.0322580645161	0.516129032258	0.451612903226	0.0
-pev	0.0330578512397	0.96694214876	0.0	0.0
-úpo	0.0503597122302	0.410071942446	0.0	0.539568345324
-pes	0.0	1.0	0.0	0.0
-oga	0.0	0.990476190476	0.00952380952381	0.0
-jky	0.0	1.0	0.0	0.0
-káž	0.524147914199	0.357415449401	0.0165811290959	0.101855507304
-lod	0.162291169451	0.761336515513	0.0334128878282	0.0429594272076
-jac	0.402985074627	0.529850746269	0.0223880597015	0.044776119403
-ytí	0.722040467607	0.223806497322	0.0421190272771	0.0120340077935
-yté	0.564858633661	0.152044654775	0.254944788254	0.0281519233103
-itu	0.592	0.264	0.144	0.0
-ytá	0.577971014493	0.256231884058	0.0591304347826	0.106666666667
-esk	0.0427841634738	0.863984674329	0.0823754789272	0.0108556832695
-ito	0.152173913043	0.101739130435	0.06	0.686086956522
-esi	0.814735489398	0.064467766117	0.039837224245	0.0809595202399
-ytý	0.719101123596	0.187800963082	0.0802568218298	0.0128410914928
-ytú	0.62641509434	0.181132075472	0.169811320755	0.022641509434
-iti	0.0105782792666	0.972496473907	0.00423131170662	0.0126939351199
-évi	0.030303030303	0.964646464646	0.0	0.00505050505052
-esa	0.00915750915752	0.982600732601	0.003663003663	0.00457875457875
-ite	0.521920269433	0.298504262566	0.06866963055	0.110905837451
-ací	0.039603960396	0.947194719472	0.013201320132	0.0
-ita	0.0115687992989	0.865381244522	0.112532865907	0.0105170902717
-spa	0.0	1.0	0.0	0.0
-udu	0.0372017792155	0.924518129128	0.0108505189379	0.0274295727187
-faj	0.425742574257	0.422442244224	0.138613861386	0.013201320132
-fan	0.0	0.885714285714	0.0	0.114285714286
-fal	0.788006629501	0.19391291246	0.0	0.0180804580383
-fam	0.740712661107	0.131918119788	0.0571139752338	0.0702552438716
-yše	0.265268426384	0.180599416076	0.141214324018	0.412917833522
-fas	0.0130813953489	0.973837209302	0.0	0.0130813953489
-uda	0.0401785714286	0.959821428571	0.0	0.0
-fat	0.0	1.0	0.0	0.0
-eji	0.0186155305543	0.975492960875	0.00270027476172	0.00319123380931
-áuk	0.21568627451	0.745098039216	0.0392156862745	0.0
-udi	0.104121475054	0.759219088937	0.0455531453362	0.0911062906725
-udo	0.193548387097	0.709677419355	0.0645161290323	0.0322580645161
-zíď	0.392857142857	0.416666666667	0.0	0.190476190476
-tis	0.1640625	0.8359375	0.0	0.0
-lov	0.0497411555096	0.905984226787	0.028265471273	0.0160091464309
-ĺňa	0.634460400448	0.24567932239	0.0311636720623	0.0886966051003
-rii	0.0280015210703	0.958516265081	0.00725965361081	0.00622256023784
-lou	0.0993061866867	0.553454658303	0.11183029282	0.23540886219
-áme	0.251302287134	0.27626584755	0.0166741665362	0.455757698779
-ýva	0.544502102706	0.291398488909	0.0613892333693	0.102710175016
-nže	0.114016778901	0.0615701944437	0.0195397943786	0.804873232277
-aen	0.0	1.0	0.0	0.0
-riu	0.0304696704855	0.952301405889	0.00574297454176	0.0114859490835
-tna	0.0479616306954	0.952038369305	0.0	0.0
-kre	0.00200465844439	0.901771736225	0.0400931688877	0.0561304364428
-tne	0.404428976471	0.222450583856	0.135519826926	0.237600612747
-vnu	0.322709163347	0.370517928287	0.254980079681	0.0517928286852
-kra	0.140740740741	0.814814814815	0.0	0.0444444444444
-tni	0.781102079153	0.183053848381	0.00448050905824	0.0313635634077
-vny	0.472789115646	0.108843537415	0.377551020408	0.0408163265306
-krm	0.119538934667	0.85968495434	0.0109162617086	0.00985984928516
-krk	0.0941761624233	0.751717389975	0.111299101046	0.042807346556
-tno	0.122754491018	0.751497005988	0.125748502994	0.0
-krv	0.0258009030316	0.960008600301	0.0023650827779	0.0118254138895
-vna	0.200393028908	0.391580907069	0.16445156953	0.243574494492
-vne	0.245899527971	0.260235349171	0.166299604388	0.32756551847
-šať	0.724716391382	0.174312484096	0.0446102019347	0.0563609225873
-vni	0.67619047619	0.0380952380952	0.209523809524	0.0761904761905
-muž	0.0391698333821	0.874422683426	0.0060800935399	0.0803273896521
-vno	0.174121690373	0.334618472516	0.0862155942624	0.405044242848
-lče	0.0961538461538	0.788461538462	0.115384615385	0.0
-žné	0.0790498230329	0.0742036482439	0.756697522461	0.090049006262
-žní	0.190020625795	0.250142625181	0.516829771361	0.0430069776627
-édi	0.0	1.0	0.0	0.0
-rny	0.0951981547494	0.404067938771	0.453554204236	0.0471797022437
-éda	0.0	1.0	0.0	0.0
-žnú	0.575379243761	0.330282630834	0.0452711906998	0.0490669347053
-čké	0.00375704445836	0.160300563557	0.835942391985	0.0
-žný	0.153560682916	0.123095665444	0.672055597465	0.0512880541755
-ére	0.257142857143	0.709523809524	0.0190476190476	0.0142857142857
-rno	0.0754077244542	0.832404816159	0.00970394309331	0.0824835162931
-ôle	0.191676513063	0.381908888014	0.0372850203492	0.389129578574
-nnú	0.26985375059	0.362635634534	0.325837395817	0.0416732190596
-bať	0.315779327186	0.351347877775	0.0215917488674	0.311281046172
-nný	0.193400444201	0.300095185901	0.351034065015	0.155470304883
-haš	0.616649537513	0.340955806783	0.0308324768756	0.0115621788284
-ura	0.0733333333333	0.826666666667	0.00666666666666	0.0933333333333
-uhu	0.028324128993	0.873873494905	0.0274127090006	0.0703896671014
-ure	0.231923601637	0.650750341064	0.0354706684857	0.0818553888131
-kýň	0.0281690140845	0.638497652582	0.305164319249	0.0281690140845
-ury	0.087783467447	0.868324798829	0.0438917337236	0.0
-nné	0.161235819454	0.405503258508	0.391624426744	0.0416364952933
-nní	0.169173483449	0.226639692732	0.194681443692	0.409505380127
-nná	0.2449414353	0.307852007933	0.39406451413	0.0531420426376
-uru	0.0268748400307	0.341353126866	0.617694735944	0.0140772971589
-ara	0.0586832061069	0.894083969466	0.0448473282443	0.00238549618321
-zno	0.097980948149	0.876357374955	0.0256616768962	0.0
-leč	0.246397927797	0.33090497005	0.0725271167233	0.35016998543
-zni	0.141613481133	0.765311835181	0.0716605083418	0.0214141753443
-ŕdc	0.0607504466945	0.929124478856	0.00297796307326	0.00714711137582
-muč	0.928104575163	0.0326797385621	0.0	0.0392156862745
-zne	0.32930626479	0.273134886038	0.160418482999	0.237140366173
-poď	0.966116420504	0.011728931364	0.00477845351868	0.0173761946134
-tná	0.324022969281	0.260634442772	0.25701064838	0.158331939566
-dĺž	0.0794701986755	0.741721854305	0.0397350993377	0.139072847682
-tné	0.119266055046	0.22355364164	0.494663920614	0.1625163827
-vnú	0.136266552755	0.284493806066	0.461341307134	0.117898334045
-tní	0.0804591620821	0.47714769361	0.284013965298	0.15837917901
-vný	0.0709727325469	0.394507832141	0.473022626185	0.0614968091278
-ari	0.426632760576	0.1492001891	0.0179088428774	0.406258207447
-vná	0.106107116557	0.639629651081	0.233412488933	0.0208507434283
-vné	0.137857900318	0.150185577943	0.662380699894	0.0495758218452
-tnú	0.364397836697	0.110605461021	0.458712570901	0.0662841313811
-tný	0.134583328543	0.324531251796	0.480531573683	0.0603538459769
-tĺp	0.0388349514563	0.902912621359	0.0388349514563	0.0194174757282
-esť	0.563567382484	0.305870213067	0.0238776912736	0.106684713175
-čky	0.170525987583	0.74196725563	0.0538503118685	0.0336564449178
-žno	0.357016509434	0.234080188679	0.0754716981132	0.333431603774
-fať	0.611111111111	0.3125	0.0347222222222	0.0416666666667
-rný	0.0939598748625	0.406291040712	0.452235284068	0.0475138003566
-rnú	0.128706438999	0.454284698643	0.409286476018	0.00772238633996
-čku	0.142015768975	0.702194357367	0.0930939488933	0.0626959247649
-žny	0.0302850356294	0.697149643705	0.267220902613	0.00534441805226
-čko	0.0617647058824	0.0529411764706	0.370588235294	0.514705882353
-rná	0.113751899627	0.657841508266	0.138127306689	0.0902792854179
-čka	0.151033386327	0.748126277538	0.068135362253	0.0327049738815
-čke	0.0952059419311	0.872383524646	0.00405131667792	0.0283592167454
-nny	0.0949381345115	0.598886381689	0.242092243004	0.0640832407952
-iha	0.137755102041	0.821428571429	0.0102040816327	0.030612244898
-ihe	0.0304173543976	0.963923602924	0.0	0.00565904267862
-klu	0.0300751879699	0.90977443609	0.0601503759399	0.0
-iho	0.00116936269733	0.998830637303	0.0	0.0
-nnu	0.104202648244	0.642774899252	0.251295336788	0.00172711571675
-klo	0.37748632822	0.287131587862	0.217780573973	0.117601509945
-kli	0.681061641372	0.129013607889	0.117963577577	0.0719611731624
-ihu	0.0376657824934	0.946419098143	0.00318302387268	0.0127320954907
-kle	0.148684712162	0.782691574533	0.0343118566527	0.0343118566527
-nna	0.0680495825955	0.584366304073	0.317227422211	0.0303566911206
-ihy	0.0113289760348	0.986928104575	0.0	0.00174291938998
-kla	0.377924060244	0.508448440848	0.054275186703	0.0593523122048
-nne	0.210401077053	0.293434359247	0.211340367576	0.284824196124
-lós	0.116402116402	0.883597883598	0.0	0.0
-zní	0.076923076923	0.909090909091	0.013986013986	0.0
-zné	0.149038461538	0.333333333333	0.498397435897	0.0192307692308
-zná	0.764957040615	0.124555969692	0.0623479797715	0.0481390099218
-zný	0.199413489736	0.131964809384	0.642228739003	0.0263929618768
-znú	0.198916408669	0.77786377709	0.0116099071207	0.0116099071207
-úma	0.800356506239	0.167557932264	0.0142602495544	0.017825311943
-bye	0.1	0.8	0.05	0.05
-usť	0.81607486991	0.147645869138	0.0225181619699	0.0137610989816
-ají	0.599378881988	0.223602484472	0.0745341614907	0.10248447205
-ajú	0.630984603272	0.173449662907	0.0537020279804	0.141863705841
-boj	0.25144245369	0.496052232007	0.240206498633	0.0122988156696
-vri	0.251017639077	0.386702849389	0.0814111261873	0.280868385346
-kós	0.0	1.0	0.0	0.0
-vím	0.719542374098	0.10937330176	0.099130086732	0.0719542374098
-mrú	0.830960854093	0.0693950177936	0.0533807829181	0.0462633451957
-ojí	0.747715088078	0.144166453919	0.0444983405668	0.0636201174368
-ríc	0.0	0.980686695279	0.00643776824035	0.0128755364807
-úbu	0.020979020979	0.979020979021	0.0	0.0
-zko	0.0537320998606	0.0716005575973	0.041439614751	0.833227727791
-rím	0.711562690962	0.0347933263938	0.0154185329457	0.238225449698
-päť	0.0416119325312	0.0328530718965	0.0151087198298	0.910426275743
-aji	0.0609841581382	0.866465722697	0.00420580400953	0.0683443151549
-áda	0.108276406896	0.736976625308	0.0541382034481	0.100608764348
-ádo	0.00276243093922	0.997237569061	0.0	0.0
-cím	0.164556962025	0.759493670886	0.0379746835443	0.0379746835443
-aja	0.0343115710404	0.303445141442	0.00404546907464	0.658197818443
-iúd	0.0	1.0	0.0	0.0
-ádu	0.0719895287958	0.842931937173	0.0418848167539	0.0431937172775
-ády	0.131291028446	0.796498905908	0.0459518599562	0.0262582056893
-dbe	0.0236686390532	0.810650887574	0.0	0.165680473373
-ých	0.101701738204	0.243086806356	0.256626883532	0.398584571909
-dba	0.0238158242921	0.924583223075	0.0317544323895	0.0198465202435
-oju	0.0510479124264	0.0432091974256	0.0649100610595	0.840832829088
-tať	0.675545364297	0.167068990387	0.0302400366546	0.127145608661
-taš	0.907975460123	0.038854805726	0.0	0.0531697341513
-dbu	0.0745823626229	0.925417637377	0.0	0.0
-oja	0.131391565483	0.288942395911	0.00693477861967	0.572731259986
-oje	0.0503937759746	0.0788907559327	0.0685828161146	0.802132651978
-oji	0.0480858082356	0.3252609152	0.00898252661457	0.61767074995
-dby	0.0225946149501	0.930803991715	0.00282432686876	0.0437770664658
-vrú	0.495384615385	0.339487179487	0.0430769230769	0.122051282051
-taň	0.589464460247	0.156836641839	0.00733038994304	0.246368507971
-níc	0.708428993113	0.263146386793	0.02186509238	0.006559527714
-nín	0.018779342723	0.981220657277	0.0	0.0
-ním	0.138011728336	0.227208791454	0.0216946760112	0.613084804198
-ník	0.0752203793196	0.83934412812	0.0681217413047	0.0173137512558
-íto	0.0659466911765	0.064453125	0.0348690257353	0.834731158088
-žín	0.0526123492875	0.688710266715	0.258677383997	0.0
-íta	0.428324232005	0.524101665206	0.0212813771096	0.0262927256792
-íte	0.777857021803	0.107491578796	0.0351574088489	0.0794939905522
-usi	0.701818181818	0.0581818181818	0.0654545454546	0.174545454545
-usa	0.0	1.0	0.0	0.0
-acu	0.0631578947368	0.505263157895	0.410526315789	0.0210526315789
-šše	0.0	1.0	0.0	0.0
-ríď	0.863983241059	0.0408499177016	0.0161604070029	0.0790064342361
-zmi	0.696729749529	0.266482991476	0.0201881299363	0.0165991290588
-ľom	0.143941524551	0.784087713174	0.0479310437421	0.0240397185332
-čný	0.0628255563561	0.111841303863	0.763321661057	0.0620114787244
-eám	0.0	1.0	0.0	0.0
-epi	0.291994750656	0.539862204725	0.079560367454	0.0885826771653
-yte	0.671516508114	0.265808617795	0.0425293788472	0.0201454952434
-zmy	0.967625899281	0.0323741007194	0.0	0.0
-ľou	0.142637613775	0.641829859333	0.0908231214784	0.124709405414
-ľov	0.0993493240296	0.847947666812	0.0148975141736	0.0378054949847
-erv	0.0182204676587	0.86030974795	0.0	0.121469784391
-ius	0.0190230967296	0.970946543177	0.00541870028055	0.00461165981323
-ium	0.0383402790361	0.738793259649	0.220148577641	0.00271788367458
-ťte	0.628205128205	0.272617319787	0.0464441219158	0.0527334300919
-iud	0.0	1.0	0.0	0.0
-víš	0.789257260344	0.0984322796197	0.0899511693651	0.0223592906708
-ený	0.592919996453	0.161599111188	0.185144222337	0.0603366700223
-cná	0.167597765363	0.301675977654	0.469273743017	0.0614525139665
-enú	0.43123902246	0.271437358238	0.25830732123	0.0390162980732
-cné	0.102066572014	0.530367565862	0.310774570121	0.0567912920019
-ríž	0.056245912361	0.928057553957	0.00523217789405	0.0104643557881
-cní	0.049504950495	0.600660066007	0.315181518152	0.0346534653465
-ení	0.504125886182	0.30185862323	0.141067227681	0.0529482629071
-šte	0.173581524409	0.0881271689058	0.0718867785075	0.666404528178
-ené	0.529041060561	0.183191625659	0.212279899002	0.0754874147778
-víň	0.0	1.0	0.0	0.0
-rné	0.134082053633	0.507506303002	0.314863625945	0.0435480174192
-ená	0.473153465164	0.316699596502	0.0873739985211	0.122772939813
-šti	0.0175487465181	0.953342618384	0.00919220055709	0.0199164345404
-iin	0.229437229437	0.718614718615	0.0519480519481	0.0
-ôňa	0.219827586207	0.469827586207	0.310344827586	0.0
-éka	0.00794351279788	0.364518976169	0.56134157105	0.0661959399823
-šší	0.0321592649311	0.434915773354	0.445635528331	0.0872894333844
-kmi	0.0872032159778	0.819554088839	0.0630606200086	0.0301820751742
-ude	0.393998322934	0.0160995580557	0.0044488141299	0.58545330488
-abá	0.139056831923	0.311366384522	0.531438935913	0.0181378476421
-epí	0.0506131182619	0.142045922146	0.753024442433	0.0543165171591
-mov	0.0663032135018	0.83500665731	0.0193421857569	0.0793479434308
-epý	0.0139130434783	0.0420869565217	0.930086956522	0.0139130434783
-mci	0.0501882057716	0.69887076537	0.188205771644	0.0627352572145
-tal	0.764426565727	0.0589264585272	0.0129397929917	0.163707182754
-tam	0.0895315163413	0.0522805736853	0.00895924756485	0.849228662409
-tan	0.0613093420404	0.916492447911	0.0155035117803	0.00669469826878
-mrť	0.107467229614	0.875595267318	0.0058913054151	0.0110461976533
-taj	0.600038837465	0.29768917082	0.0524305780309	0.0498414136837
-tak	0.093674854615	0.0959027847891	0.0381702384881	0.772252122108
-vmu	0.14959553799	0.716433346877	0.0719166697448	0.0620544453884
-ryk	0.0	0.918694179242	0.0	0.0813058207576
-ocí	0.12968908818	0.649924226023	0.027124515175	0.193262170622
-vmi	0.130190796857	0.778900112233	0.0841750841751	0.006734006734
-tat	0.0	1.0	0.0	0.0
-tav	0.4183623124	0.460146055896	0.108264720188	0.0132269115161
-vme	0.730272596844	0.157819225251	0.0430416068866	0.0688665710186
-eny	0.0312301467884	0.918948741097	0.0115023238707	0.0383187882435
-cne	0.165207238762	0.145359019264	0.350846468184	0.338587273789
-ent	0.0220192865358	0.883022540279	0.0433504703673	0.0516077028183
-enu	0.0629083779508	0.896047400346	0.022255586155	0.018788635548
-cni	0.554838709677	0.329032258065	0.0774193548387	0.0387096774194
-ens	0.0215827338129	0.978417266187	0.0	0.0
-eno	0.0904071370985	0.85798468197	0.00983896974584	0.0417692111852
-eni	0.161218919583	0.577842080451	0.0626483502123	0.198290649754
-žíš	0.466167381369	0.481890841739	0.0108715346983	0.0410702421936
-ene	0.0563624354836	0.813678827743	0.0310563658401	0.0989023709333
-cny	0.277664352797	0.0812576561862	0.592078399347	0.0489995916701
-ena	0.0247231049675	0.890982523516	0.00505317058381	0.0792412009328
-oký	0.0448674371176	0.098572399728	0.802175390891	0.0543847722638
-šľa	0.602076124567	0.242214532872	0.0519031141869	0.103806228374
-okú	0.423913043478	0.413043478261	0.163043478261	0.0
-yjú	0.576829268293	0.210975609756	0.0878048780488	0.124390243902
-hel	0.1625	0.7625	0.0	0.075
-hem	0.0	1.0	0.0	0.0
-táľ	0.00751879699247	0.992481203008	0.0	0.0
-oké	0.0947930574098	0.256341789052	0.608144192256	0.0407209612817
-hej	0.0158392541974	0.603113544825	0.310449382269	0.0705978187085
-bíš	0.623125794155	0.106141465481	0.01694197374	0.253790766624
-oká	0.035294117647	0.144117647059	0.811764705882	0.00882352941177
-ísť	0.877332084673	0.0315482325312	0.0191293635096	0.0719903192866
-auč	1.0	0.0	0.0	0.0
-eša	0.323467230444	0.435517970402	0.228329809725	0.0126849894292
-óna	0.00250542842826	0.977451144146	0.0200434274261	0.0
-eši	0.644444444444	0.244444444444	0.0666666666666	0.0444444444444
-čas	0.0737391729369	0.764988697087	0.0241802450453	0.137091884931
-ešo	0.180899908173	0.68870523416	0.0220385674931	0.108356290174
-naj	0.34174536496	0.581188212628	0.0429550551151	0.0341113672973
-pus	0.0	0.977777777778	0.0222222222222	0.0
-táť	0.616580884096	0.321281628482	0.0138288176756	0.0483086697468
-aží	0.988505747126	0.0114942528736	0.0	0.0
-ažú	0.780991735537	0.144628099174	0.0743801652893	0.0
-vcu	0.0362985190204	0.853353983158	0.00871164456489	0.101635853257
-tiš	0.723889046137	0.116897820549	0.0410416076988	0.118171525616
-kie	0.0	1.0	0.0	0.0
-nam	0.648603929679	0.250051706308	0.0136504653568	0.0876938986556
-ahá	0.76302454863	0.18974762631	0.0236139125301	0.0236139125301
-nmi	0.0602989415681	0.876971932821	0.0486036808609	0.0141254447502
-vce	0.016766663927	0.97830196433	0.0019725486973	0.00295882304594
-žme	0.46959304984	0.269775948788	0.0678250266727	0.192805974699
-vca	0.0842576551848	0.808648502711	0.0842576551848	0.0228361869192
-vci	0.121900413278	0.499733368884	0.343370883882	0.0349953339555
-ydá	0.551118347271	0.187070550663	0.00836839139023	0.253442710676
-dea	0.013698630137	0.904109589041	0.0	0.0821917808219
-dec	0.283018867925	0.716981132075	0.0	0.0
-oky	0.0475978467641	0.883838588254	0.0229489618327	0.0456146031489
-oku	0.0172630500438	0.953965199883	0.0152615369952	0.0135102130778
-dei	0.0	0.988321167883	0.0029197080292	0.00875912408759
-dej	0.142746050871	0.711120307854	0.00963711063569	0.13649653064
-dek	0.0162601626016	0.983739837398	0.0	0.0
-del	0.87609736047	0.050675688866	0.010583273792	0.0626436768719
-dem	0.301460691939	0.0342071011238	0.0057978827003	0.658534324237
-den	0.0222966116285	0.0302701213419	0.101682024346	0.845751242684
-júc	0.585907335907	0.158301158301	0.0801158301158	0.175675675676
-yje	0.85072655218	0.14927344782	0.0	0.0
-der	0.0	1.0	0.0	0.0
-des	0.0170325510977	0.934140802422	0.0427706283119	0.00605601816805
-deu	0.0406779661017	0.957288135593	0.00203389830508	0.0
-dev	0.0196050295372	0.949414183046	0.00508278543557	0.0258980019812
-dey	0.00623441396509	0.988778054863	0.0	0.00498753117207
-oka	0.0313722658125	0.909525953806	0.00520393034804	0.0538978500333
-ňho	0.270434989104	0.0768718220931	0.0121249371403	0.640568251662
-iov	0.0664819944599	0.83379501385	0.0	0.0997229916897
-bie	0.0	0.953757225434	0.0	0.0462427745665
-bia	0.737928416411	0.152259001685	0.0414982353716	0.0683143465328
-bil	0.773197328527	0.108462445459	0.0350114091019	0.0833288169123
-rčí	0.74358974359	0.179487179487	0.025641025641	0.0512820512821
-eší	0.37830142961	0.462583797755	0.100759227849	0.0583555447864
-yón	0.0350877192982	0.964912280702	0.0	0.0
