-mue	0.320722190616	0.38625175771	0.109882890909	0.183143160765
-het	0.0705373564646	0.345628075757	0.558979967192	0.0248546005866
-hep	0.162162162162	0.805405405405	0.0	0.0324324324324
-eus	0.0272727272727	0.972727272727	0.0	0.0
-hem	0.0166399669268	0.965996589324	0.0173634437497	0.0
-rba	0.8	0.0666666666666	0.0	0.133333333333
-eun	0.751175762879	0.219074701958	0.0	0.0297495351635
-mua	0.383429782044	0.176923547438	0.0597444329976	0.37990223752
-lem	0.0156131280274	0.973813396334	0.00135785687149	0.00921561876721
-oya	0.0474871506228	0.846317663923	0.0157714481326	0.0904237373213
-oyo	0.555747457302	0.324313951257	0.0537324889657	0.0662061024756
-aua	0.0754332313965	0.87869520897	0.0336391437309	0.0122324159022
-oyu	0.193104718632	0.337549504191	0.276916464557	0.192429312621
-pli	0.586743304143	0.384305545982	0.0115804599502	0.0173706899253
-aum	0.270967741935	0.651612903226	0.0387096774194	0.0387096774194
-aul	0.0947536695248	0.746839122221	0.148815579131	0.00959162912368
-pla	0.163265306122	0.65306122449	0.142857142857	0.0408163265306
-aun	0.267009241008	0.44936923588	0.0751672794521	0.20845424366
-nti	0.0209823753657	0.309494711862	0.0320906917358	0.637432221037
-pus	0.0	1.0	0.0	0.0
-nta	0.185118817476	0.366861969485	0.0784507628706	0.369568450168
ALL	0.236658118475	0.301334239611	0.0577302361535	0.40427740576
-apa	0.545148389813	0.343085666176	0.0610397810987	0.0507261629131
-pua	0.0681818181818	0.568181818182	0.318181818182	0.0454545454545
-pul	0.36013986014	0.477272727273	0.146853146853	0.0157342657343
-ntu	0.154411764706	0.845588235294	0.0	0.0
-pre	0.466307277628	0.250673854447	0.161725067385	0.121293800539
-kie	0.576576576577	0.216216216216	0.0810810810811	0.126126126126
-opi	0.314689628582	0.673435291094	0.0118750803239	0.0
-opa	0.0119887165021	0.988011283498	0.0	0.0
-sip	0.023060972695	0.862819510746	0.0728003255667	0.0413191909926
-imu	0.199525544353	0.36982123189	0.228924849615	0.201728374142
-dek	0.0626756851722	0.873199226985	0.0355762473647	0.0285488404779
-ima	0.437529429398	0.233344350287	0.103563687065	0.22556253325
-oko	0.0	0.873684210526	0.0631578947369	0.0631578947369
-lge	0.333563535912	0.0593922651934	0.00414364640884	0.602900552486
-oki	0.0731707317073	0.40243902439	0.0766550522648	0.447735191638
-deu	0.59649122807	0.40350877193	0.0	0.0
-lga	0.399334391282	0.173252057338	0.0976456689862	0.329767882394
-imi	0.289118152788	0.301154507492	0.0186686317858	0.391058707934
-imo	0.401392011067	0.396105580396	0.0815197253033	0.120982683234
-lgi	0.149516198505	0.493717592517	0.032325070165	0.324441138813
-sik	0.296774193548	0.690322580645	0.0129032258065	0.0
-bit	0.00203493301679	0.977954892318	0.00135662201119	0.0186535526539
-obi	0.15321990657	0.098826547392	0.0077847560374	0.740168790001
-bir	0.152585903961	0.110029412428	0.258597177056	0.478787506554
-obo	0.170857168486	0.550205699288	0.0569641885565	0.221972943669
-oba	0.113645324081	0.808784103454	0.0586461126005	0.0189244598644
-ida	0.0113421550095	0.977315689981	0.0	0.0113421550094
-bia	0.10522680175	0.690997006677	0.129633893622	0.0741422979508
-bin	0.186636216196	0.585340750019	0.0826004276649	0.14542260612
-bil	0.299232336019	0.19159497168	0.149167199172	0.36000549313
-bii	0.449374823728	0.223465262762	0.203064773902	0.124095139607
-100	0.397950634788	0.225043500677	0.10053489721	0.276470967326
-rie	0.0582522558039	0.626020517739	0.251261396701	0.0644658297563
-tet	0.270964061609	0.666286366229	0.030804335425	0.031945236737
-ria	0.124611662609	0.728127064228	0.0236095128948	0.123651760268
-rin	0.476544206021	0.402023984963	0.0168736195568	0.10455818946
-rio	0.417435132661	0.278507178117	0.0420210105052	0.262036678717
-ril	0.0	0.5	0.5	0.0
-rim	0.0	1.0	0.0	0.0
-ras	0.0636627906977	0.87136627907	0.015988372093	0.0489825581395
-rit	0.124736883137	0.805098620098	0.0327434318235	0.0374210649411
-ris	0.0717481049232	0.859896722451	0.0527145822792	0.0156405903466
-wan	0.107039501576	0.582053787027	0.0575473263166	0.25335938508
-tei	0.251651254954	0.493130779392	0.114134742404	0.14108322325
-ten	0.0837735188557	0.727760398574	0.0860096464257	0.102456436145
-meu	0.0	0.798076923077	0.0288461538462	0.173076923077
-are	0.284953140136	0.337956903896	0.057633134251	0.319456821718
-wal	0.288138130645	0.651978641649	0.0411697190478	0.0187135086581
-ara	0.157880130276	0.0915017429902	0.0598925054887	0.690725621245
-mes	0.166666666667	0.833333333333	0.0	0.0
-gye	0.431952662722	0.351084812623	0.177514792899	0.0394477317554
-ari	0.0439779924216	0.403164004099	0.0515337781947	0.501324225284
-aru	0.766219862104	0.165282000771	0.0302770759282	0.0382210611965
-luk	0.00956937799043	0.980861244019	0.0	0.00956937799043
-wai	0.268847469598	0.064346122192	0.199475268135	0.467331140075
-lun	0.587628865979	0.111609627931	0.153637193561	0.147124312529
-lua	0.446573351499	0.242432797122	0.0606789670306	0.250314884348
-men	0.141406995907	0.557542530907	0.0471500845194	0.253900388667
-lue	0.542360311482	0.334686469291	0.0594273892933	0.0635258299342
-mek	0.0	1.0	0.0	0.0
-aye	0.110402596171	0.464069287092	0.1727032738	0.252824842937
-ins	0.252140882305	0.499099496849	0.0311878296124	0.217571791234
-aya	0.424101161231	0.195072379289	0.0779547250589	0.302871734421
-ayo	0.370789308752	0.245792220614	0.0707388364754	0.312679634159
-rai	0.398861834193	0.262623946519	0.0481993846438	0.290314834644
-nwo	0.308557790658	0.575946130242	0.0975963177634	0.0178997613365
-tyu	0.0126849894292	0.968287526427	0.0	0.0190274841437
-gom	0.584686774942	0.359628770302	0.0417633410673	0.0139211136891
-gin	0.148535302748	0.46767774209	0.0356899169578	0.348097038205
-ubu	0.342762246849	0.345350273576	0.168353452542	0.143534027034
-sra	0.385993485342	0.444625407166	0.105863192182	0.0635179153094
-ubi	0.116409680384	0.476360665782	0.0747472684571	0.332482385377
-uba	0.657621843734	0.277824379688	0.00656479083847	0.0579889857398
-ota	0.0	0.981132075472	0.0188679245283	0.0
-kel	0.321595666092	0.490519576459	0.0558975621768	0.131987195272
-oti	0.0790640394088	0.708045977011	0.0220032840722	0.190886699507
-iga	0.220315430602	0.187257865287	0.101173424988	0.491253279123
-ume	0.745733788396	0.168941979522	0.0136518771331	0.0716723549488
-uma	0.177619835252	0.63563041449	0.120776902543	0.0659728477147
-umo	0.274707651186	0.456866020715	0.117741396592	0.150684931507
-umi	0.758620689655	0.137931034483	0.103448275862	0.0
-kia	0.345717200836	0.324145302606	0.0697199863961	0.260417510162
-nai	0.0810527541632	0.897985326657	0.0163037149179	0.00465820426224
-nan	0.184203320011	0.0812814707588	0.065987023016	0.668528186215
-aki	0.336385592845	0.210571862676	0.036971956324	0.416070588155
-nam	0.396896813215	0.334551514271	0.0985927209999	0.169958951513
-sis	0.0427135678392	0.829145728643	0.0301507537689	0.0979899497487
-naa	0.546508803993	0.285973349595	0.0290364267114	0.138481419701
-kio	0.373782340455	0.245417195069	0.111271473696	0.269528990781
-kin	0.345026854307	0.429260996669	0.117615065606	0.108097083418
-aka	0.387869114126	0.57382282522	0.00957701516359	0.0287310454908
-kis	0.0156445556946	0.64634364384	0.166279277669	0.171732522796
-kir	0.419056464062	0.392499905872	0.0672071687646	0.121236461301
-sii	0.567441860465	0.0558139534883	0.348837209302	0.0279069767442
-sio	0.0106660346053	0.881488504385	0.0260725290353	0.0817729319744
-sin	0.16420303922	0.669315082157	0.126348984689	0.0401328939342
-sil	0.0961887477313	0.827888687235	0.0450695704779	0.0308529945553
-nas	0.0328710837186	0.944016435542	0.0231124807396	0.0
-sia	0.0236899837156	0.935990593019	0.0177442623125	0.0225751609525
-nau	0.255009107468	0.744990892532	0.0	0.0
-goi	0.213775668603	0.709052202067	0.00266110790793	0.0745110214219
-gok	0.121118012422	0.860248447205	0.0186335403727	0.0
-mos	0.0101180438449	0.989881956155	0.0	0.0
-gol	0.351350796221	0.286609845354	0.0806627550952	0.281376603329
-gon	0.194683026585	0.708597848315	0.0419489641682	0.0547701609318
-god	0.0575131649439	0.734462465344	0.0106020959437	0.197422273768
-lki	0.595744680851	0.382978723404	0.0212765957447	0.0
-mon	0.068166325835	0.920985699731	0.00263869648394	0.00820927795002
-mom	0.390407888839	0.222321828776	0.0215150156881	0.365755266697
-mol	0.247850566823	0.448025759602	0.0377377867978	0.266385886778
-moi	0.39588688946	0.496143958869	0.0616966580977	0.0462724935733
-yau	0.514016272711	0.304447466624	0.0587003477599	0.122835912905
-yat	0.0	1.0	0.0	0.0
-yas	0.201217329037	0.626924453992	0.0945220193341	0.077336197637
-ber	0.299261783078	0.397501419648	0.296422487223	0.0068143100511
-bet	0.111351351351	0.864324324324	0.00324324324324	0.0210810810811
-ben	0.146991083515	0.753097609939	0.0588796956037	0.0410316109416
-beo	0.126984126984	0.873015873016	0.0	0.0
-bel	0.0831395406865	0.859431297596	0.0419190961444	0.0155100655734
-yal	0.0370951440777	0.23118174902	0.00192164079876	0.729801466103
-iso	0.10582010582	0.715139102236	0.125789383854	0.0532514080901
-rek	0.0	1.0	0.0	0.0
-pol	0.0528461289844	0.832617520457	0.00841090104826	0.10612544951
-rel	0.0494540980796	0.826858481026	0.0261386131167	0.0975488077776
-reb	0.864406779661	0.135593220339	0.0	0.0
-lye	0.28527607362	0.634202453988	0.0368098159509	0.0437116564417
-red	0.0372902423866	0.105655686762	0.0349596022374	0.822094468614
-rer	0.242424242424	0.666666666667	0.030303030303	0.0606060606061
-res	0.0123203285421	0.963039014374	0.0246406570842	0.0
-rep	0.033934906679	0.887089310504	0.0327009100725	0.0462748727441
-ist	0.0110546538229	0.941630619999	0.00361575418393	0.0436989719945
-ret	0.0402866147351	0.69304870072	0.00795326158055	0.258711422965
-hab	0.112930547713	0.853190287973	0.0338791643139	0.0
-hai	0.581467527254	0.338238473179	0.0432352305364	0.0370587690312
-mas	0.0286140526792	0.92002739123	0.0374183765805	0.0139401795104
-hal	0.466143208823	0.139854793244	0.14551302499	0.248488972944
-ham	0.0376102102473	0.903261606757	0.0422498304458	0.0168783525495
-han	0.283844223084	0.236167946795	0.0309090832806	0.449078746841
-hap	0.0354609929078	0.721377912867	0.0354609929078	0.207700101317
-mak	0.0899022801302	0.869706840391	0.0	0.0403908794788
-has	0.508333333333	0.441666666667	0.0166666666667	0.0333333333334
-mam	0.0	1.0	0.0	0.0
-mal	0.0	0.604105571848	0.395894428152	0.0
-dwi	0.251308900524	0.188481675393	0.465968586387	0.0942408376963
-maa	0.370260616037	0.53252794906	0.0371636222765	0.060047812626
-uno	0.189992960347	0.717610359093	0.00860009758075	0.0837965829793
-uni	0.335274167602	0.550080173131	0.055254681253	0.0593909780134
-une	0.488882145806	0.262650925488	0.036553782752	0.211913145954
-ung	0.159753844544	0.49497984889	0.048410558542	0.296855748024
-una	0.176251083989	0.610577504971	0.0524478471238	0.160723563917
-nka	0.10332103321	0.863468634686	0.0110701107011	0.0221402214022
-pta	0.196428571429	0.508928571429	0.276785714286	0.0178571428571
-unu	0.210357618727	0.130483287926	0.145774359858	0.513384733489
-nki	0.179665951578	0.775819797732	0.00107263254674	0.0434416181428
-pti	0.00729305943843	0.200559134557	0.0	0.792147806005
-tra	0.0	1.0	0.0	0.0
-gan	0.119744533899	0.357369218257	0.256325975854	0.26656027199
-gal	0.218117514011	0.354453132408	0.0745983242513	0.352831029329
-tri	0.0479096935092	0.141103891842	0.350462689506	0.460523725143
-gai	0.114446720984	0.344906393738	0.410128718599	0.130518166679
-lal	0.444444444444	0.319883040936	0.0807017543859	0.154970760234
-gau	0.522842639594	0.456852791878	0.0203045685279	0.0
-gat	0.0	1.0	0.0	0.0
-gas	0.0160857908847	0.983914209115	0.0	0.0
-ini	0.289609338529	0.283159729472	0.0993827018581	0.327848230141
-sem	0.0	1.0	0.0	0.0
-sel	0.0253882037111	0.942767395517	0.0152516866049	0.0165927141672
-sek	0.0	1.0	0.0	0.0
-ino	0.466743498087	0.221007133772	0.0791635568496	0.233085811291
-lbe	0.481407624031	0.312783639737	0.0688958672759	0.136912868956
-ina	0.0961019033051	0.166251360513	0.0437700253011	0.693876710881
-lba	0.365587234854	0.360813112398	0.114466893825	0.159132758923
-ine	0.344338719975	0.366163802943	0.0367497607595	0.252747716322
-ing	0.248675963825	0.388751057538	0.0706863241358	0.291886654501
-oha	0.373737373737	0.449494949495	0.146464646465	0.030303030303
-oho	0.0918727915194	0.282685512367	0.512367491166	0.113074204947
-ses	0.0467861292887	0.941609075897	0.00389884410739	0.00770595070638
-sep	0.0482309855471	0.933539336865	0.00441436138905	0.0138153161991
-kuu	0.12984946763	0.860971729286	0.00367152123362	0.00550728185045
-bli	0.530406695622	0.222626422162	0.0155113524803	0.231455529736
-iam	0.0438667749797	0.900893582453	0.055239642567	0.0
-iao	0.352216748768	0.455665024631	0.0960591133005	0.0960591133005
-edi	0.00685244403838	0.930105070809	0.0054819552307	0.0575605299224
-nes	0.52719665272	0.238493723849	0.0753138075313	0.1589958159
-oon	0.1481274455	0.746785913918	0.024594745668	0.0804918949134
-nen	0.0680127523911	0.788522848034	0.0797024442083	0.0637619553666
-gwi	0.512094139164	0.0679301523641	0.0125128808928	0.407462827579
-ikt	0.0571428571429	0.942857142857	0.0	0.0
-kim	0.248904469763	0.549956178791	0.0898334794041	0.111305872042
-ias	0.053348685473	0.920591057379	0.0125503742084	0.0135098829399
-kun	0.272858797469	0.363257668563	0.0811848178669	0.282698716101
-kul	0.319523196809	0.183383657857	0.102912842415	0.394180302919
-ban	0.254609306409	0.470183021544	0.162760856352	0.112446815695
-bao	0.142857142857	0.587301587302	0.0873015873015	0.18253968254
-bal	0.419120408208	0.418413553931	0.0608557354598	0.101610302401
-uun	0.0	0.795739413009	0.204260586991	0.0
-eke	0.152783351488	0.483173765981	0.162816029353	0.201226853179
-bai	0.57602236261	0.141205730094	0.0110684197778	0.271703487519
-eki	0.106976744186	0.190697674419	0.0139534883721	0.688372093023
-hon	0.0749202586452	0.0732848228356	0.156668145867	0.695126772652
-hol	0.168937001936	0.297338947579	0.080055895997	0.453668154488
-hom	0.285998013903	0.0705064548163	0.607745779543	0.0357497517378
-gwo	0.250465058022	0.210408080451	0.0689957163385	0.470131145189
-bat	0.0018969161563	0.990379925207	0.00447130236844	0.00325185626795
-bas	0.0282530317929	0.959685349066	0.0039331366765	0.00812848246476
-dru	0.0	1.0	0.0	0.0
-ogi	0.0996240601503	0.866541353384	0.0	0.0338345864661
-nya	0.0971472629144	0.198535080956	0.0	0.70431765613
-isi	0.0652278718625	0.895468548588	0.0255584390718	0.0137451404774
-asa	0.0192386972654	0.918922632953	0.00824515597088	0.0535935138106
-asi	0.332265963458	0.553872024665	0.038982958432	0.0748790534445
-mba	0.319096291535	0.201288079316	0.0841423636586	0.39547326549
-asu	0.250350775114	0.313377954665	0.238004110906	0.198267159314
-ast	0.461538461538	0.0230769230769	0.423076923077	0.0923076923077
-usu	0.396939164574	0.313165017587	0.0321889985482	0.257706819291
-yen	0.0	0.862068965517	0.103448275862	0.0344827586207
-ral	0.390965427104	0.458360387552	0.051713448948	0.098960736396
-mbi	0.110784909706	0.652789571906	0.0729985178016	0.163427000587
-lta	0.281818796942	0.43690371473	0.131673320252	0.149604168076
-rau	0.437132784959	0.280846063455	0.236192714454	0.0458284371328
-eru	0.0658761528327	0.765480895916	0.0698287220026	0.098814229249
-ran	0.192622620304	0.376795142508	0.0373766977305	0.393205539458
-eri	0.127456182462	0.0488350138483	0.0588877638608	0.764821039829
-iwa	0.337436979576	0.170904349063	0.0459450868029	0.445713584558
-ram	0.0119730606136	0.973060613619	0.0	0.014966325767
-rak	0.0	1.0	0.0	0.0
-iwe	0.298431580361	0.174747628508	0.0386756769322	0.488145114199
-ero	0.212299226651	0.705160618679	0.0356930398573	0.0468471148126
-era	0.384232819522	0.436376909681	0.0257336446111	0.153656626185
-iwi	0.0714285714286	0.321428571429	0.535714285714	0.0714285714286
-iwo	0.222931074081	0.556281419859	0.188633985761	0.0321535203001
-ere	0.294745161358	0.141615973722	0.0409632005943	0.522675664325
-ugu	0.32854204563	0.476715292887	0.148613142157	0.0461295193257
-pos	0.0175438596491	0.982456140351	0.0	0.0
-uge	0.480916030534	0.0916030534351	0.0152671755725	0.412213740458
-uga	0.401569368397	0.402454168579	0.041781783995	0.154194679029
-poa	0.106382978723	0.840425531915	0.0	0.0531914893617
-mne	0.374797267941	0.232511610711	0.0884243704849	0.304266750863
-ika	0.0317796610169	0.94279661017	0.0169491525424	0.00847457627118
-iko	0.0	0.984924623116	0.00670016750418	0.00837520938021
-lam	0.33055916775	0.464239271781	0.0819245773733	0.123276983095
-lan	0.20391473815	0.611924763958	0.0640419724502	0.120118525442
-nos	0.0	1.0	0.0	0.0
-oun	0.257847081554	0.296403133667	0.146638313232	0.299111471548
-iki	0.0564821837724	0.241826212807	0.554840142448	0.146851460973
-lat	0.0572267801073	0.881798845336	0.0409196799352	0.0200546946217
-lau	0.448598130841	0.504672897196	0.0280373831775	0.018691588785
-iku	0.321678321678	0.559440559441	0.104895104895	0.013986013986
-nok	0.104529616725	0.822299651568	0.0365853658536	0.0365853658536
-iks	0.047606859483	0.84233427182	0.0378807269004	0.0721781417968
-nom	0.354274654624	0.625481079398	0.0202442659785	0.0
-non	0.204196907249	0.316878749721	0.436545484685	0.0423788583449
-las	0.0823379358557	0.882358714816	0.0120601503916	0.0232431989366
-noa	0.00555212831586	0.994447871684	0.0	0.0
-dot	0.0327868852459	0.934426229508	0.0327868852459	0.0
-myu	0.0	1.0	0.0	0.0
-aho	0.607843137255	0.313725490196	0.078431372549	0.0
-bol	0.261746272779	0.101041084286	0.012064019859	0.625148623076
-bon	0.178725701944	0.702483801296	0.11879049676	0.0
-boi	0.230551870423	0.587644938127	0.0822671433604	0.099536048089
-mye	0.32	0.56	0.12	0.0
-doa	0.194444444444	0.805555555556	0.0	0.0
-don	0.0906483203729	0.666091477489	0.122358425027	0.12090177711
-ger	0.447278911565	0.388605442177	0.0476190476191	0.116496598639
-dol	0.854881266491	0.11345646438	0.0	0.0316622691293
-dom	0.0305395317272	0.845322927271	0.112826603325	0.0113109376767
-dok	0.0	1.0	0.0	0.0
-get	0.0267857142857	0.973214285714	0.0	0.0
-sas	0.00745560956062	0.694886991464	0.00293504262657	0.294722356349
-mpi	0.0556475368416	0.869292994861	0.0491768930227	0.0258825752751
-tol	0.381217420321	0.17239511366	0.046805471814	0.399581994205
-tom	0.269758337534	0.510537006608	0.0425234817788	0.177181174078
-mpa	0.325842696629	0.674157303371	0.0	0.0
-oli	0.316520104925	0.214339317625	0.0617998537429	0.407340723707
-saa	0.333333333333	0.318181818182	0.272727272727	0.0757575757576
-ibi	0.389414284774	0.188069436971	0.0218739368061	0.400642341448
-olo	0.346935341973	0.156111117622	0.0517069396281	0.445246600777
-sak	0.00472778848602	0.990362585009	0.00490962650471	0.0
-ibe	0.111926605505	0.836697247707	0.0220183486238	0.0293577981651
-sao	0.00531029563288	0.982008401363	0.000475548862645	0.0122057541412
-ole	0.25039483716	0.0931393032351	0.0331086096431	0.623357249962
-sam	0.175315568022	0.754558204769	0.0504908835904	0.0196353436185
-rot	0.0369072462627	0.890879500203	0.0467246787678	0.025488574766
-iel	0.00878029311988	0.970732356267	0.00878029311989	0.0117070574932
-ros	0.0222222222222	0.977777777778	0.0	0.0
-air	0.0504052184226	0.895084160749	0.0244803624918	0.0300302583362
-ime	0.205460792593	0.292589962924	0.219904454119	0.282044790364
-ron	0.0476505625414	0.939113170086	0.0132362673726	0.0
-los	0.028818443804	0.931412103746	0.0121037463977	0.0276657060519
-ipi	0.117504240717	0.843739627721	0.0131098547069	0.0256462768549
-ipo	0.0579336981011	0.291277759897	0.0	0.650788542002
-win	0.331062705587	0.550001295035	0.0725219508405	0.0464140485379
-ipa	0.0	1.0	0.0	0.0
-oke	0.0666666666667	0.933333333333	0.0	0.0
-ewe	0.277665995976	0.61569416499	0.0362173038229	0.0704225352113
-ewa	0.117304786549	0.781856465515	0.0655843577033	0.035254390233
-ipt	0.0	0.827956989247	0.0430107526882	0.129032258064
-mai	0.220546893508	0.503337456831	0.0584995730875	0.217616076573
-awi	0.0789725171441	0.849196097581	0.0302447937998	0.0415865914747
-awo	0.477843411891	0.334591884376	0.0837342427379	0.103830460995
-awa	0.392282379253	0.39521043044	0.0484463119605	0.164060878346
-sat	0.0	1.0	0.0	0.0
-awe	0.332271528856	0.254768731904	0.073396853873	0.339562885367
-ius	0.0205479452055	0.969178082192	0.0102739726027	0.0
-hau	0.195302631119	0.626497518731	0.0581368033699	0.120063046779
-lwo	0.594653088676	0.130846617438	0.186414378684	0.0880859152025
-man	0.156787809897	0.604406781508	0.0745858911696	0.164219517426
-sto	0.0332409972299	0.93351800554	0.0	0.0332409972299
-sti	0.029388908968	0.155443073774	0.0932778415072	0.721890175751
-sta	0.078125	0.890625	0.03125	0.0
-eyu	0.267278334596	0.108925764007	0.172412522494	0.451383378903
-eyo	0.281325693198	0.456208571175	0.130670842684	0.131794892943
-isa	0.042381580877	0.908246565968	0.0328493914064	0.016522461749
-eye	0.464285714286	0.128571428571	0.0428571428571	0.364285714286
-iok	0.0574395586565	0.923413921791	0.000649034561089	0.0184974849911
-lek	0.0	1.0	0.0	0.0
-ois	0.0416666666667	0.958333333333	0.0	0.0
-ion	0.0882974115798	0.832250545859	0.0646993422903	0.014752700271
-mun	0.0434467776973	0.569876900797	0.0477914554671	0.338884866039
-rye	0.421052631579	0.473684210526	0.0526315789474	0.0526315789473
-ola	0.218468468468	0.65990990991	0.054054054054	0.0675675675676
-ios	0.0344827586207	0.931034482759	0.0344827586207	0.0
-oin	0.0434782608696	0.869565217391	0.0	0.0869565217392
-obe	0.470588235294	0.0962566844919	0.288770053476	0.144385026738
-oik	0.103092783505	0.329896907216	0.567010309278	0.0
-iot	0.00639914678043	0.887215037995	0.0	0.106385815225
-giu	0.473805749096	0.258875751713	0.11019307727	0.157125421922
-gir	0.110639004839	0.692680561104	0.0825769819484	0.114103452109
-iba	0.350362395605	0.344817512026	0.107616401233	0.197203691137
-alo	0.341479745564	0.46635420154	0.102443923669	0.0897221292267
-ndo	0.21211200161	0.760979761225	0.0202035269075	0.0067047102569
-ali	0.149819050479	0.164742947179	0.0207645535767	0.664673448765
-nda	0.0760869565217	0.854846014493	0.0421195652174	0.0269474637681
-ale	0.374553336169	0.310241167345	0.0717277220351	0.243477774451
-nde	0.0871369294605	0.838174273859	0.0	0.0746887966805
-gia	0.227691277415	0.531223840616	0.198392767453	0.0426921145154
-ala	0.387786762238	0.230961489467	0.0525616661495	0.328690082145
-lon	0.050033963452	0.53186765851	0.0437382991766	0.374360078862
-yon	0.0792406642464	0.607241680297	0.0185492504694	0.294968404988
-yol	0.153447693641	0.601937166212	0.064850875919	0.179764264229
-yob	0.192307692308	0.576923076923	0.134615384615	0.0961538461538
-lok	0.00595238095238	0.781994047619	0.0290178571429	0.183035714286
-gwa	0.216855236437	0.413161202978	0.192776327241	0.177207233343
-gwe	0.441001191895	0.359952324195	0.107866507747	0.091179976162
-mgi	0.138900948102	0.0651234414686	0.073159530263	0.722816080166
-lsu	0.472527472528	0.342857142857	0.125274725275	0.0593406593407
-iyu	0.0	1.0	0.0	0.0
-pen	0.283536585366	0.692073170732	0.0060975609756	0.0182926829268
-loi	0.0	0.951612903226	0.0161290322581	0.0322580645161
-ogu	0.0379112094443	0.939115970349	0.00855929329306	0.0144135269133
-mga	0.572504708098	0.305084745763	0.0696798493409	0.0527306967985
-pet	0.240625	0.6125	0.0	0.146875
-iyo	0.37660944206	0.40321888412	0.134334763949	0.0858369098713
-eli	0.0	0.95652173913	0.0217391304348	0.0217391304348
-ogo	0.270364982949	0.102458911526	0.0998123943726	0.527363711153
-oga	0.465203567959	0.258919897554	0.0741852865848	0.201691247902
-elb	0.0	0.754098360656	0.245901639344	0.0
-ela	0.437845066134	0.231659362629	0.0933416303671	0.23715394087
-iya	0.236091560523	0.425255497142	0.0489930628218	0.289659879513
-ele	0.65269175798	0.327298713673	0.0057170080991	0.0142925202477
-sye	0.266355140187	0.38785046729	0.345794392523	0.0
-ito	0.456362841257	0.20147435497	0.176922596364	0.165240207409
-esi	0.166067342269	0.763321346845	0.0431513566525	0.0274599542334
-uta	0.0	1.0	0.0	0.0
-eso	0.0	1.0	0.0	0.0
-iti	0.365384615385	0.603846153846	0.0307692307692	0.0
-esa	0.229208405779	0.698507541724	0.0203878096785	0.0518962428179
-ite	0.463865011143	0.393505253104	0.0375676536135	0.105062082139
-ita	0.0276761080841	0.941323878052	0.00374329326623	0.0272567205978
-spa	0.10818933133	0.789631855748	0.0706235912847	0.0315552216379
-bru	0.0731523894168	0.848909550831	0.0656320503179	0.0123060094346
-uda	0.043888962336	0.764537101351	0.140779397029	0.0507945392834
-hul	0.0642660105867	0.885228616161	0.00820099903079	0.0423043742212
-tal	0.315171988487	0.197507689448	0.0186861444215	0.468634177644
-wou	0.0761965597482	0.64180772916	0.229912853036	0.0520828580554
-hua	0.0	0.870967741935	0.0645161290323	0.0645161290323
-abe	0.01098244342	0.970055179856	0.00341997141586	0.0155424053078
-aba	0.11224114313	0.58373633962	0.153089038784	0.150933478466
-rom	0.133594355047	0.725712072971	0.00645383357715	0.134239738405
-lai	0.463455502952	0.432230437789	0.0207457843502	0.0835682749083
-lot	0.105802047782	0.648464163823	0.238907849829	0.00682593856655
-tua	0.373129723893	0.52506555607	0.0277649236465	0.0740397963905
-kob	0.0983606557377	0.852459016393	0.0	0.0491803278689
-gbi	0.222456824211	0.678468951329	0.0314005738726	0.0676736505874
-tul	0.113436676841	0.850152620619	0.029908791372	0.00650191116783
-ael	0.755102040816	0.142857142857	0.0612244897959	0.0408163265306
-sos	0.169014084507	0.760563380282	0.0	0.0704225352113
-sol	0.0907815198619	0.812176165803	0.0071243523316	0.0899179620035
-soo	0.664443304259	0.263724987173	0.0	0.0718317085685
-son	0.0275042444822	0.968421052632	0.00407470288624	0.0
-kop	0.00568612585291	0.988943644175	0.0053702299722	0.0
-kos	0.0255319148936	0.948936170213	0.0255319148936	0.0
-ora	0.073376848611	0.308044019803	0.0925487970233	0.526030334563
-ore	0.277035214879	0.621618187017	0.0860969532481	0.0152496448558
-kre	0.261194029851	0.0	0.60447761194	0.134328358209
-kra	0.58064516129	0.41935483871	0.0	0.0
-rus	0.240740740741	0.685185185185	0.0	0.0740740740741
-lip	0.0239202657807	0.962411010916	0.00170859041291	0.0119601328904
-rut	0.0	1.0	0.0	0.0
-lis	0.0654396728016	0.815950920245	0.0	0.118609406953
-lil	0.0	1.0	0.0	0.0
-lim	0.417391304348	0.504347826087	0.0	0.0782608695652
-lin	0.315126801874	0.403905998498	0.132167256859	0.148799942769
-lio	0.385141140984	0.303283570169	0.104141177475	0.207434111372
-omo	0.315435456513	0.399573024507	0.0344114951941	0.250580023786
-rum	0.488764044944	0.160112359551	0.342696629213	0.00842696629213
-lie	0.632446691581	0.18025939767	0.0949659265773	0.0923279841723
-oma	0.353420575744	0.131304048172	0.104896654621	0.410378721463
-sbe	0.24939383443	0.729823346034	0.0	0.0207828195358
-lia	0.459755873765	0.273792001576	0.0450509435193	0.22140118114
-ome	0.282388711694	0.262966895961	0.065455498824	0.38918889352
-lni	0.378013473337	0.441286574536	0.0648628421591	0.115837109968
-eas	0.221848739496	0.697478991597	0.0	0.0806722689075
-abo	0.382014294843	0.448237403261	0.0224066930159	0.14734160888
-eat	0.0	1.0	0.0	0.0
-lna	0.382881727965	0.372163357001	0.0640913447171	0.180863570317
-lne	0.69014084507	0.225352112676	0.0422535211267	0.0422535211268
-144	0.119047619048	0.706845238095	0.0	0.174107142857
-oda	0.192765907582	0.651380805437	0.131244873247	0.0246084137338
-eam	0.00667408231368	0.981090100111	0.00222469410456	0.0100111234705
-eal	0.190476190476	0.761904761905	0.031746031746	0.015873015873
-eho	0.113164489147	0.0372718788884	0.0351246025162	0.814439029448
-lwe	0.366197183099	0.281690140845	0.0845070422535	0.267605633803
-lwa	0.44898935534	0.0508312402823	0.0116014830762	0.488577921301
-ura	0.262722015476	0.464123863043	0.0782461266141	0.194907994867
-ure	0.385944880388	0.157377731621	0.0431040045269	0.413573383464
-uru	0.167752018661	0.285736715971	0.0561654979997	0.490345767368
-pai	0.20500099362	0.176083598316	0.0190593079009	0.599856100163
-pak	0.083954692925	0.242700210598	0.637486481871	0.0358586146053
-pam	0.298151688974	0.303377947737	0.198980242192	0.199490121096
-pan	0.158436213992	0.767489711934	0.0493827160493	0.0246913580247
-pao	0.135876042908	0.600715137068	0.184743742551	0.0786650774731
-apo	0.270973963356	0.675988428158	0.0270009643201	0.0260366441659
-dua	0.165056556143	0.623525413855	0.175736686247	0.0356813437546
-waa	0.761194029851	0.149253731343	0.0298507462687	0.0597014925373
-dui	0.329945973759	0.154875225109	0.266272189349	0.248906611783
-wam	0.635211267606	0.12676056338	0.0	0.238028169014
-pas	0.0339087546239	0.944131290001	0.0180846691328	0.00387528624273
-pat	0.0218380345769	0.89626933576	0.0272975432211	0.0545950864422
-dun	0.383116883117	0.292207792208	0.0779220779221	0.246753246753
-kee	0.140425531915	0.544680851064	0.263829787234	0.0510638297872
-sen	0.0357125582445	0.307643938539	0.0149944375474	0.641649065669
-ken	0.129613627947	0.870386372053	0.0	0.0
-kem	0.0	1.0	0.0	0.0
-nue	0.345054775543	0.39029317449	0.0765196393981	0.188132410569
-kei	0.731034482759	0.206896551724	0.0	0.0620689655172
-nua	0.340644362261	0.257863527085	0.0689783288605	0.332513781793
-amo	0.326055989616	0.327509894616	0.136373666542	0.210060449226
-ket	0.219588029537	0.750252623397	0.0143412359114	0.0158181111543
-ker	0.31844411199	0.594998931396	0.0506518486856	0.035905107929
-sui	0.0521286827827	0.0623546290325	0.175445350419	0.710071337766
-lbi	0.0582524271844	0.73786407767	0.133980582524	0.0699029126213
-sua	0.162295081967	0.729508196721	0.0	0.108196721311
-die	0.288888888889	0.155555555556	0.0	0.555555555556
-eti	0.0723735767298	0.810076983359	0.0129073894805	0.104642050431
-dia	0.108205925661	0.825569607479	0.0224631997101	0.0437612671502
-dim	0.535823119117	0.143190898625	0.17115866459	0.149827317668
-din	0.392344497608	0.3004784689	0.0688995215311	0.238277511962
-dio	0.525800376648	0.300564971751	0.0463276836158	0.127306967985
-diu	0.245	0.56	0.165	0.03
-ori	0.165740563326	0.360030657214	0.471354665645	0.00287411381491
-dis	0.0	1.0	0.0	0.0
-ane	0.271253231319	0.25629491691	0.286894940977	0.185556910794
-oro	0.285691193417	0.460446247464	0.161333215141	0.0925293439777
-ska	0.110429447853	0.696319018405	0.0368098159509	0.156441717791
-uku	0.270275377792	0.683848054422	0.0076731332911	0.0382034344945
-klu	0.382575757576	0.280776515152	0.319602272727	0.0170454545455
-kli	0.525749199884	0.311318009892	0.119290078557	0.0436427116671
-mel	0.0729166666667	0.65625	0.145833333333	0.125
-ait	0.145	0.765	0.03	0.06
-aip	0.0	0.0	1.0	0.0
-ais	0.181259600615	0.365591397849	0.230414746544	0.222734254992
-tis	0.0178173719376	0.973273942094	0.00890868596882	0.0
-nga	0.295045446546	0.251825748681	0.0689522374622	0.38417656731
-aia	0.0233880947786	0.955494499256	0.00749327308439	0.0136241328807
-nge	0.239471805853	0.370806566738	0.18272662384	0.206995003569
-aib	0.00905840286055	0.0135876042908	0.00286054827175	0.974493444577
-aim	0.0169491525424	0.949152542373	0.0338983050847	0.0
-ngi	0.315117437889	0.372248775458	0.0400582477031	0.27257553895
-tin	0.0509193776521	0.462517680339	0.0551626591231	0.431400282885
-ain	0.0534124475575	0.800472823022	0.0596589880346	0.0864557413855
-eme	0.16523331541	0.799570049158	0.0171020527917	0.0180945826412
-ema	0.406665733091	0.448536619521	0.121271530598	0.0235261167904
-uwa	0.382196419932	0.492178680858	0.0853088211578	0.0403160780519
-uwo	0.327248256202	0.347883437491	0.0935778043161	0.231290501991
-emo	0.29349112426	0.557396449704	0.0142011834319	0.134911242604
-ems	0.00261324041812	0.992857142857	0.00313588850174	0.001393728223
-das	0.0550009856807	0.869549633506	0.00537644043801	0.0700729403753
-set	0.0	1.0	0.0	0.0
-ana	0.285208734317	0.362970722781	0.0535941218733	0.298226421029
-obu	0.322314049587	0.603305785124	0.0495867768595	0.0247933884298
-kta	0.0434042553192	0.746382978723	0.151489361702	0.0587234042553
-ame	0.409198666442	0.280626746505	0.104552474779	0.205622112274
-000	0.119047619048	0.706845238095	0.0	0.174107142857
-blo	0.364197530864	0.583950617284	0.0518518518519	0.0
-ete	0.0506024096385	0.913253012048	0.0	0.0361445783132
-kri	0.547099312727	0.253730772108	0.0872441427009	0.111925772464
-atu	0.02460456942	0.65553602812	0.17223198594	0.14762741652
-bun	0.0388952186383	0.740698542412	0.22040623895	0.0
-uyo	0.304535637149	0.498920086393	0.0323974082073	0.164146868251
-bul	0.0604026845638	0.939597315436	0.0	0.0
-uya	0.334763948498	0.283261802575	0.125894134478	0.256080114449
-tia	0.188025826648	0.800234787713	0.00586969281942	0.0058696928194
-omi	0.037037037037	0.944444444444	0.0185185185185	0.0
-kru	0.366518706405	0.374762206722	0.23589093215	0.0228281547242
-wen	0.0311059907834	0.0322580645161	0.238479262673	0.698156682028
-wel	0.105099366674	0.696713256169	0.087628303123	0.110559074034
-nir	0.324072782766	0.491291686864	0.0343303585256	0.150305171845
-nis	0.233535730967	0.701074264363	0.0382998598785	0.0270901447922
-kai	0.0	1.0	0.0	0.0
-ian	0.18900407752	0.270212210177	0.0582016155529	0.48258209675
-osa	0.0	1.0	0.0	0.0
-ulo	0.556140350877	0.0912280701754	0.0	0.352631578947
-kam	0.0	0.990697674419	0.0	0.0093023255814
-ula	0.416362186939	0.44429681791	0.0895170397928	0.0498239553577
-osi	0.0857142857143	0.814285714286	0.0428571428571	0.0571428571429
-ule	0.52980302308	0.172544360598	0.0666755490684	0.230977067254
-nia	0.38151592947	0.319421622172	0.0777687752379	0.22129367312
-nig	0.0582524271845	0.26213592233	0.0582524271845	0.621359223301
-kas	0.0413373860182	0.939209726444	0.0109422492401	0.00851063829787
-nin	0.14941696077	0.10858668773	0.151256675734	0.590739675765
-nio	0.333182531909	0.423194658209	0.142812057895	0.100810751986
-nil	0.396682897139	0.457242848448	0.100426049909	0.0456482045039
-ulu	0.317309563876	0.575149329573	0.0458339821436	0.0617071244082
-nbi	0.221578450074	0.371138109925	0.0641390191289	0.343144420873
-nbe	0.392018779343	0.328638497653	0.099765258216	0.179577464789
-nba	0.19097694658	0.502654301136	0.0586504701027	0.247718282181
-lib	0.0871670702179	0.774818401937	0.0	0.138014527845
-yui	0.0181818181818	0.981818181818	0.0	0.0
-ilu	0.646875	0.353125	0.0	0.0
-yul	0.510638297872	0.446808510638	0.0283687943262	0.0141843971631
-ata	0.011544011544	0.967676767677	0.00692640692641	0.0138528138528
-ile	0.278554009081	0.453603524704	0.140112370148	0.127730096067
-ila	0.389225150569	0.452909125752	0.10058539763	0.0572803260498
-ilo	0.516254876463	0.237971391417	0.039011703511	0.206762028609
-yus	0.166666666667	0.833333333333	0.0	0.0
-yut	0.0909090909091	0.854545454545	0.0545454545455	0.0
-ili	0.00883538035827	0.9624739065	0.0133987086752	0.0152920044662
-ebi	0.0100502512563	0.989949748744	0.0	0.0
-oam	0.0	0.951417004049	0.00809716599192	0.0404858299596
-ige	0.47619047619	0.206349206349	0.0952380952381	0.222222222222
-yla	0.107142857143	0.764285714286	0.128571428571	0.0
-eba	0.21268912781	0.594504796522	0.0691739718189	0.12363210385
-igi	0.192453973201	0.253912906106	0.248045774139	0.305587346554
-ebe	0.295106431828	0.299271868543	0.121601233232	0.284020466398
-tee	0.378378378378	0.216216216216	0.216216216216	0.189189189189
-ami	0.807840557645	0.141434535588	0.00984048337728	0.0408844233901
-kwi	0.447271329141	0.237854495231	0.0946953071916	0.220178868436
-igu	0.768194070081	0.137466307278	0.0943396226415	0.0
-ama	0.378131236037	0.278449006974	0.0986221231149	0.244797633874
-ebr	0.0350877192983	0.964912280702	0.0	0.0
-oas	0.0114416475972	0.988558352403	0.0	0.0
-hob	0.116129032258	0.0193548387097	0.0774193548387	0.787096774194
-usi	0.102340453678	0.846320188081	0.0228742242584	0.0284651339822
-iro	0.542411849584	0.199553522734	0.0383648747332	0.219669752949
-iri	0.469299617368	0.334466810847	0.109392779904	0.0868407918815
-uul	0.728323699422	0.167630057803	0.0693641618497	0.0346820809249
-ire	0.107779280473	0.0499339738527	0.0135806566727	0.828706089001
-usa	0.094674556213	0.846153846154	0.0591715976331	0.0
-ira	0.454895830593	0.37013279233	0.111391785115	0.0635795919621
-guu	0.289473684211	0.5	0.210526315789	0.0
-gui	0.337883959044	0.42662116041	0.235494880546	0.0
-uli	0.482284244736	0.394379221969	0.0586561919273	0.0646803413685
-gun	0.388283832816	0.283031932833	0.261610062668	0.0670741716833
-gul	0.414897050895	0.324363456764	0.0381348904644	0.222604601877
-iru	0.401735710316	0.516309691762	0.0371937924843	0.044760805438
-gua	0.312883435583	0.650306748466	0.0	0.0368098159509
-eit	0.118867924528	0.0603773584906	0.560377358491	0.26037735849
-gue	0.379310344828	0.263322884013	0.188087774295	0.169278996865
-pin	0.447612005696	0.218835578924	0.0201281629971	0.313424252382
-epa	0.15003138732	0.775894538606	0.0263653483993	0.0477087256748
-epo	0.603750674582	0.145709660011	0.148407987048	0.102131678359
-tas	0.0821368365983	0.893216299483	0.0144160902168	0.0102307737023
-wio	0.751578947368	0.0884210526316	0.107368421053	0.0526315789474
-pia	0.588309805418	0.307821442198	0.0310873712323	0.0727813811523
-wie	0.213333333333	0.653333333333	0.133333333333	0.0
-pil	0.0315238224239	0.903869289899	0.032879685754	0.0317272019234
-pim	0.662790697674	0.0581395348838	0.174418604651	0.104651162791
-wia	0.0727875535482	0.739999746267	0.0671969687359	0.120015731449
-pio	0.526404479817	0.303657999119	0.0200917740389	0.149845747025
-pir	0.245705816967	0.213129030644	0.0102998315329	0.530865320856
-pis	0.0805369127516	0.838926174497	0.0671140939597	0.0134228187919
-pit	0.630472854641	0.251313485114	0.0	0.118213660245
-piu	0.0	1.0	0.0	0.0
-wit	0.0515021459227	0.948497854077	0.0	0.0
-wir	0.392727272727	0.323636363636	0.203636363636	0.08
-uel	0.0390216046445	0.939088226896	0.00571047872847	0.0161796897307
-nol	0.0520645621772	0.486513034691	0.423070943487	0.0383514596451
-iye	0.214260830567	0.476008376947	0.143933721214	0.165797071272
-owi	0.0869565217391	0.855072463768	0.0289855072464	0.0289855072464
-iin	0.531380753138	0.167364016736	0.106694560669	0.194560669456
-owo	0.226684963319	0.34580672402	0.052251015992	0.37525729667
-uri	0.146138766948	0.160192315068	0.0314235270949	0.662245390889
-owa	0.180852009439	0.617997823101	0.0275885895606	0.1735615779
-agr	0.100102145046	0.775757575758	0.0640108954716	0.0601293837249
-uhu	0.171631205674	0.397163120567	0.0907801418439	0.340425531915
-sda	0.0	0.950819672131	0.0	0.0491803278688
-agu	0.353730366492	0.480039267016	0.119764397906	0.0464659685864
-agi	0.245284688473	0.521427727544	0.0533776629074	0.179909921075
-aga	0.23233238354	0.129080511906	0.0340985288355	0.604488575719
-min	0.229875511753	0.599135363161	0.0661214257363	0.10486769935
-iir	0.510208763478	0.321174581326	0.116999311769	0.0516173434274
-ong	0.248113684325	0.250649175257	0.0562869735109	0.444950166908
-ege	0.106448821111	0.545573187839	0.242800044227	0.105177946823
-one	0.276645430549	0.47609212928	0.041834220376	0.205428219796
-anu	0.460861769485	0.414635512971	0.0539026166863	0.0706001008573
-ega	0.253126131031	0.250508283261	0.0583464257723	0.438019159936
-ona	0.198214435446	0.396740524966	0.0860610565483	0.31898398304
-ono	0.534850907723	0.233421126893	0.0150503245226	0.216677640862
-uro	0.554371002132	0.255863539446	0.0319829424307	0.157782515991
-dap	0.0	1.0	0.0	0.0
-oea	0.109207708779	0.775160599572	0.0899357601713	0.0256959314775
-egi	0.365742656185	0.434836574266	0.141911460488	0.0575093090608
-oni	0.241836829518	0.457681118257	0.106990202689	0.193491849536
-dal	0.405803304408	0.290936167972	0.0267941407985	0.276466386821
-dam	0.0631446011366	0.842138497159	0.0732477373184	0.0214691643865
-dan	0.0121491411814	0.987850858819	0.0	0.0
-dai	0.0	1.0	0.0	0.0
-ang	0.125063149671	0.627798973274	0.0306523742324	0.216485502822
-ani	0.116346122841	0.17843378969	0.0412997976593	0.66392028981
-ank	0.281115393335	0.444797098164	0.0931761505327	0.180911357969
-ano	0.478826934701	0.194941585803	0.0481156840739	0.278115795422
-ksa	0.0226986128625	0.674653215637	0.15132408575	0.15132408575
-tam	0.0	1.0	0.0	0.0
-tan	0.124897273408	0.25314754278	0.166316635316	0.455638548496
-tao	0.390211640212	0.476190476191	0.0079365079365	0.125661375661
-tai	0.0266149687264	0.045026092697	0.12153054872	0.806828389857
-ksi	0.161745827985	0.772785622593	0.0192554557124	0.0462130937099
-yis	0.172679617638	0.781683626272	0.0154178230034	0.0302189330867
-eya	0.332818170977	0.187914303879	0.0462907384682	0.432976786676
-mna	0.381393321481	0.316829928477	0.0798758928682	0.221900857174
-eka	0.0320512820513	0.817307692308	0.150641025641	0.0
-tat	0.0	1.0	0.0	0.0
-tau	0.064655008808	0.15485590971	0.0943365297557	0.686152551726
-mno	0.333322926909	0.39879359721	0.0797968703269	0.188086605554
-yia	0.00458540313336	0.934275888422	0.0366832250669	0.0244554833779
-mni	0.215879796025	0.354753955891	0.228826062939	0.200540185146
