-cah	0.0138468195587	0.975046877254	0.00461560651955	0.00649069666811
-can	0.933497536946	0.0270935960591	0.0	0.0394088669951
-cam	0.116077865898	0.831512395319	0.0069879651711	0.0454217736121
-cal	0.829318279879	0.04106141234	0.0176182942615	0.112002013519
-iva	0.4430705443	0.35773517217	0.12932631517	0.0698679683595
-ive	0.228045977012	0.408582375479	0.329655172414	0.0337164750958
-rbe	0.0630303030302	0.922424242424	0.0	0.0145454545454
-cat	0.915245058218	0.0468453831573	0.0379095586244	0.0
-aan	0.06	0.86	0.08	0.0
-ivi	0.541995400089	0.228666496998	0.18301025554	0.0463278473735
-rbi	0.393294736341	0.449550646647	0.103681227847	0.0534733891651
-rbo	0.0242354298903	0.959607616849	0.00403923831506	0.0121177149452
-ivo	0.187947786829	0.410524421762	0.303709883207	0.0978179082017
-auk	0.136168179646	0.792164357382	0.00860009555663	0.0630673674152
-drl	0.767862618829	0.157313707452	0.0429316160687	0.031892057651
-sva	0.495548961424	0.0385756676558	0.013353115727	0.452522255193
-óta	0.0	1.0	0.0	0.0
-leč	0.0238118860998	0.317987895625	0.0458378807421	0.612362337533
-ota	0.0465306400518	0.898031133971	0.0225670197909	0.0328712061859
-héj	0.0	1.0	0.0	0.0
-euk	0.245810055866	0.385474860335	0.368715083799	0.0
-lob	1.0	0.0	0.0	0.0
-iví	0.222222222222	0.266666666667	0.0666666666667	0.444444444444
-rpi	0.623587693377	0.296888579871	0.0521467060664	0.0273770206849
-éfa	0.0166666666667	0.983333333333	0.0	0.0
-eci	0.575645119531	0.262535600242	0.0332268922068	0.128592388021
-idi	0.857042828801	0.0667522464698	0.00408449060567	0.072120434123
-rpa	0.431578947368	0.568421052632	0.0	0.0
-eca	0.414414414415	0.585585585585	0.0	0.0
-ide	0.793655215512	0.0669373073442	0.00487699642848	0.134530480716
-rpe	0.113095238095	0.886904761905	0.0	0.0
-ece	0.00276446737929	0.977884260966	0.019351271655	0.0
-ida	0.334892262093	0.660973265535	0.00338275012215	0.000751722249366
-tli	0.683250414594	0.2271973466	0.0696517412935	0.0199004975125
-tlo	0.164572894156	0.22201904581	0.59345983044	0.0199482295946
-éfu	0.0363636363636	0.954545454545	0.0	0.0090909090909
-ôje	0.86301369863	0.0821917808219	0.0547945205479	0.0
-tla	0.0153583617747	0.955631399317	0.0	0.0290102389078
-idu	0.00291332847778	0.979606700656	0.0	0.0174799708667
-rpu	0.0	0.936507936508	0.0	0.0634920634921
-ecu	0.0	0.974576271186	0.0254237288135	0.0
-uta	0.0	1.0	0.0	0.0
-ute	0.0	1.0	0.0	0.0
-uti	0.266882540346	0.612471927717	0.109677756306	0.0109677756306
-uto	0.460869565217	0.0521739130435	0.0695652173913	0.417391304348
-êpi	0.906474820144	0.0287769784172	0.0431654676259	0.021582733813
-dám	0.0	1.0	0.0	0.0
-čmi	0.350515463918	0.365463917526	0.0324742268041	0.251546391752
-dáb	0.0	1.0	0.0	0.0
-ije	0.20341215712	0.62796987053	0.0417012189682	0.126916753382
-ráz	0.0	1.0	0.0	0.0
-ija	0.02274648855	0.905880920655	0.0616599028463	0.00971268794835
-ijo	0.540174557312	0.316614887758	0.0592709160605	0.0839396388691
-iji	0.024463605374	0.920326181405	0.0544081277989	0.000802085422096
-iju	0.0411175979983	0.697998331943	0.134445371143	0.126438698916
-kbe	0.0714285714286	0.75	0.0357142857143	0.142857142857
-kba	0.0307692307692	0.925641025641	0.00512820512819	0.0384615384616
-ezá	0.0	1.0	0.0	0.0
-úči	1.0	0.0	0.0	0.0
-jle	0.389380530973	0.318584070796	0.212389380531	0.0796460176991
-hče	0.026374171209	0.396690833595	0.00626386566213	0.570671129534
-ího	0.0	1.0	0.0	0.0
-hči	0.0113260972157	0.951864086833	0.0141576215196	0.0226521944313
-lpa	0.666666666667	0.078431372549	0.0392156862745	0.21568627451
-ofi	0.115384615385	0.884615384615	0.0	0.0
-pom	0.0891401239265	0.872812262202	0.0217414936406	0.0163061202305
-žno	0.143570952698	0.305796135909	0.230846102598	0.319786808794
-êrg	0.020202020202	0.919191919192	0.0606060606061	0.0
-čku	0.122906243202	0.671524907548	0.202305851642	0.00326299760714
-roč	0.362162744359	0.0489525553342	0.113899509936	0.474985190371
-ade	0.420515574651	0.45918367347	0.0520945220193	0.0682062298604
-ada	0.217487068086	0.666914297849	0.0575828401899	0.0580157938756
-ado	0.0789380279691	0.840136295876	0.0596294455882	0.0212962305672
-adi	0.126118259343	0.190809152228	0.0228470773513	0.660225511077
-lal	0.963068561252	0.0188747517534	0.00352987866067	0.0145268083343
-adu	0.244152146246	0.622156550077	0.0817712231004	0.0519200805765
-sen	0.366710458674	0.284857485577	0.28731364597	0.061118409779
-sem	0.138728257199	0.0366986906322	0.00765745233832	0.816915599831
-sel	0.590730084992	0.164514596421	0.149099931373	0.0956553872143
-sej	0.0169922076139	0.0852528234527	0.132504891696	0.765250077237
-seh	0.0194029850746	0.0705223880596	0.00828358208955	0.901791044776
-sed	0.142390895288	0.699159085895	0.0021412164705	0.156308802346
-sec	0.012	0.922	0.018	0.048
-seb	0.0	0.900670082775	0.0331099724084	0.0662199448167
-óku	0.0	1.0	0.0	0.0
-oha	0.188022284123	0.811977715877	0.0	0.0
-áfa	0.0	1.0	0.0	0.0
-set	0.0222836791946	0.0531425956507	0.00795845685521	0.9166152683
-ser	0.0386597938144	0.903350515464	0.0386597938145	0.0193298969072
-blo	0.308219178082	0.413698630137	0.224657534247	0.0534246575342
-bli	0.631188118812	0.331683168317	0.0371287128713	0.0
-ble	0.0	0.934426229508	0.0655737704918	0.0
-neč	0.44	0.12	0.44	0.0
-noč	0.0098271155596	0.926842584167	0.00436760691538	0.0589626933576
-šád	0.0	1.0	0.0	0.0
-vec	0.12009422978	0.701609307447	0.148222360618	0.0300741021545
-zom	0.53416746872	0.239653512993	0.0	0.226179018287
-zon	0.0	1.0	0.0	0.0
-adí	0.0	1.0	0.0	0.0
-zob	0.0	1.0	0.0	0.0
-zov	0.0746384699113	0.874047582025	0.00932980873891	0.0419841393251
-zor	0.0869565217391	0.469565217391	0.391304347826	0.0521739130435
-nče	0.358333333333	0.629166666667	0.0	0.0125
-raz	0.0777877697842	0.837230215827	0.0593525179856	0.0256294964029
-nča	0.606271777004	0.261324041812	0.12543554007	0.00696864111497
-rav	0.134791294291	0.0960992534959	0.132478183156	0.636631269057
-rat	0.0584965355941	0.515145891693	0.017573368134	0.408784204579
-eru	0.029243483789	0.885823267641	0.0194532739987	0.0654799745709
-éji	0.0	0.998504113687	0.00149588631264	0.0
-ran	0.118601297765	0.631218457102	0.0396539293439	0.210526315789
-eri	0.109176882456	0.451293201162	0.0237024458791	0.415827470503
-ral	0.669681918781	0.106390218516	0.0355282195573	0.188399643145
-ram	0.169128249094	0.175597209774	0.217060909552	0.438213631581
-raj	0.0722744244926	0.439412623064	0.0443371730694	0.443975779374
-rak	0.0350467289719	0.866822429907	0.0630841121495	0.035046728972
-ern	0.0	1.0	0.0	0.0
-ero	0.189855892534	0.627080224588	0.0276806431234	0.155383239755
-era	0.0535398959703	0.86083962262	0.00693634279777	0.0786841386122
-rad	0.540291836466	0.316419087682	0.0144603654529	0.128828710398
-ere	0.0936296765365	0.634697258392	0.0167357392843	0.254937325787
-erg	0.0	0.981818181818	0.0	0.0181818181818
-ugu	0.0	0.550819672131	0.0786885245902	0.370491803279
-oza	0.373214285714	0.342857142857	0.251785714286	0.0321428571428
-ozd	0.364779874214	0.559748427673	0.0754716981132	0.0
-oze	0.029702970297	0.178217821782	0.554455445545	0.237623762376
-azu	0.0828415403743	0.781108855421	0.12613505815	0.00991454605544
-ozi	0.173620579947	0.0591764385056	0.0256340332697	0.741568948277
-ozo	0.697471665214	0.232781168265	0.052310374891	0.0174367916303
-uge	0.11433901919	0.429904051173	0.298240938166	0.157515991471
-azo	0.0	1.0	0.0	0.0
-azi	0.508620689655	0.355603448276	0.0571120689655	0.0786637931034
-uga	0.0279376559692	0.224354540727	0.595402517536	0.152305285767
-áta	0.0	1.0	0.0	0.0
-ugo	0.0736116665797	0.15868240913	0.366609284344	0.401096639946
-aze	0.612574850299	0.160179640719	0.197604790419	0.0296407185629
-aza	0.300986842105	0.639802631579	0.0592105263157	0.0
-ugi	0.0350483018614	0.41327228281	0.354017301155	0.197662114174
-áti	0.552995391705	0.170506912442	0.0921658986175	0.184331797235
-ike	0.102089745004	0.628871071952	0.231448641337	0.037590541707
-ika	0.0823872077837	0.651603518689	0.217810424772	0.0481988487558
-iko	0.0363463105231	0.111453782554	0.622909201024	0.2292907059
-nor	0.037037037037	0.148148148148	0.814814814815	0.0
-nos	0.281045751634	0.459150326797	0.240196078431	0.0196078431372
-iki	0.0733930553398	0.676072256091	0.224949438079	0.02558525049
-noh	0.0133333333333	0.973333333333	0.0	0.0133333333333
-noj	0.0234018755915	0.0193581691474	0.00335541598555	0.953884539276
-iks	0.0	0.984126984127	0.0	0.015873015873
-nom	0.187229881741	0.729282702341	0.0380229866108	0.045464429307
-nog	0.0739161336177	0.846481876333	0.0	0.0796019900497
-gla	0.458280278631	0.151112276234	0.110104112051	0.280503333084
-tod	0.184684684685	0.0675675675676	0.0045045045045	0.743243243243
-gle	0.610821382008	0.245110821382	0.104954367666	0.0391134289439
-vov	0.0357142857143	0.75	0.214285714286	0.0
-gli	0.488554606554	0.0832085256614	0.143357417742	0.284879450042
-tol	0.0165258905619	0.935549026809	0.0198310686743	0.0280940139552
-tom	0.0903144006909	0.856627037357	0.0283438378567	0.0247147240955
-tok	0.0	1.0	0.0	0.0
-seš	0.66909421939	0.139736003641	0.0273099681384	0.16385980883
-glo	0.381282495667	0.25129982669	0.174465626805	0.192952050838
-tov	0.0297414184968	0.923503513124	0.0094808888658	0.0372741795135
-tor	0.0336760542393	0.932349873342	0.00536432722396	0.0286097451945
-tos	0.192079677496	0.807920322504	0.0	0.0
-top	0.170443129814	0.698403839714	0.0552517021989	0.0759013282733
-voj	0.0448695094789	0.0633489896286	0.0771303389685	0.814651161924
-vok	0.417040358744	0.582959641256	0.0	0.0
-vol	0.0980392156863	0.901960784314	0.0	0.0
-vom	0.150796597583	0.741190170796	0.0537534597988	0.0542597718221
-rot	0.0	0.710843373494	0.180722891566	0.10843373494
-rov	0.107259835151	0.792678976352	0.0669474138862	0.0331137746104
-iel	0.0136861313869	0.986313868613	0.0	0.0
-rod	0.0957116768245	0.811128957733	0.0286034896257	0.0645558758168
-rog	0.0764070609666	0.0828984082465	0.048865821394	0.791828709393
-égu	0.0	1.0	0.0	0.0
-rom	0.175554666585	0.53918823276	0.25017693941	0.0350801612456
-ron	0.0610687022901	0.862595419847	0.0763358778626	0.0
-rok	0.0430848772081	0.90555794916	0.0276604911676	0.0236966824644
-vse	0.0288204973911	0.258584786895	0.040031987585	0.672562728129
-vsa	0.0290258910949	0.0920701265529	0.198537095089	0.680366887263
-vso	0.0415990259741	0.0718344155844	0.185470779221	0.701095779221
-vsi	0.0111701253901	0.0974648195805	0.0144280786289	0.8769369764
-hka	0.3125	0.169642857143	0.517857142857	0.0
-hko	0.358859438856	0.117389747579	0.102354885536	0.421395928029
-hki	0.103504928806	0.290799561884	0.563526834611	0.0421686746988
-rač	0.714285714286	0.244897959184	0.0	0.0408163265306
-eám	0.176842105263	0.823157894737	0.0	0.0
-rma	0.0705882352941	0.830588235294	0.0847058823529	0.0141176470588
-zoč	0.274193548387	0.225806451613	0.387096774194	0.112903225806
-ido	0.0275229357798	0.97247706422	0.0	0.0
-pke	0.49	0.36	0.12	0.03
-pka	0.142433234421	0.671612265084	0.185954500495	0.0
-pku	0.0968992248062	0.786821705426	0.0232558139535	0.0930232558138
-raš	0.527039171116	0.192260929323	0.0555056298568	0.225194269704
-lfa	0.00732064421668	0.9560761347	0.0366032210835	0.0
-čju	0.119228900049	0.758464279929	0.0599384416005	0.0623683784221
-čji	0.0367271985309	0.0660798087854	0.80799836768	0.0891946250036
-čjo	0.0813356771798	0.797709231654	0.065333406907	0.0556216842587
-čja	0.10824742268	0.341690945764	0.386906095921	0.163155535634
-čje	0.154125113327	0.558156898299	0.215055197056	0.0726627913178
-uži	0.641148938899	0.201705456177	0.131756106944	0.0253894979804
-leh	0.239054290718	0.721541155867	0.023642732049	0.015761821366
-lej	0.384753409501	0.191565532937	0.0526086482954	0.371072409266
-lek	0.0789713475752	0.79953427154	0.103270223752	0.0182241571327
-lel	0.669758515912	0.129857668319	0.118023348793	0.0823604669759
-lem	0.0137480257671	0.956464585071	0.0251005621961	0.00468682696607
-len	0.145258910558	0.296570275723	0.462676529926	0.0954942837928
-šat	0.704603879411	0.220612292592	0.0	0.0747838279972
-leb	0.0769230769231	0.884615384615	0.0	0.0384615384616
-šav	0.0306122448979	0.885204081633	0.0841836734693	0.0
-led	0.320292154339	0.516867722334	0.0263417846559	0.136498338672
-óda	0.0329218106996	0.950617283951	0.0082304526749	0.0082304526749
-muk	0.138747268755	0.609978150036	0.0	0.251274581209
-šar	0.0579545454546	0.921590909091	0.0136363636364	0.00681818181818
-šam	0.627010364546	0.233515010722	0.0587919942816	0.0806826304503
-šal	0.859379701888	0.0831778575776	0.0145445061889	0.0428979343458
-šan	0.843999258023	0.0634854386941	0.082776850306	0.00973845297718
-ágo	0.285714285714	0.415584415584	0.103896103896	0.194805194805
-šah	0.0755310778914	0.872541306058	0.0306845003934	0.021243115657
-mur	0.285161235323	0.358443635962	0.0225661753091	0.333828953406
-lep	0.0555985751897	0.277838005266	0.657271178566	0.00929224097878
-ódu	0.0128716694555	0.987128330544	0.0	0.0
-ler	0.0415711623022	0.0172009276601	0.0168020067749	0.924425903263
-les	0.0672461866491	0.903231097261	0.0147613580449	0.0147613580449
-let	0.033780427223	0.944858420268	0.0114257327372	0.00993541977148
-lev	0.0310344827586	0.906896551724	0.0620689655172	0.0
-ágd	0.0	0.666666666667	0.333333333333	0.0
-san	0.683544303797	0.316455696203	0.0	0.0
-dci	0.160714285714	0.803571428571	0.0	0.0357142857143
-olg	0.638335054413	0.361664945587	0.0	0.0
-lon	0.0268436578171	0.939528023599	0.0294985250737	0.00412979351032
-jka	0.47645040549	0.418278228322	0.0467872738615	0.0584840923269
-jke	0.0250896057347	0.867383512545	0.0967741935484	0.010752688172
-pec	0.577114427861	0.28855721393	0.134328358209	0.0
-pel	0.650431688877	0.223358738824	0.0328175558588	0.0933920164394
-jki	0.0077519379845	0.992248062016	0.0	0.0
-pen	0.536514822849	0.412870571222	0.0506146059291	0.0
-ogu	0.00951744865586	0.970299716146	0.00978877942895	0.0103940557689
-jko	0.0116310626914	0.960454386849	0.0209359128446	0.00697863761487
-pet	0.0410409402588	0.028015939464	0.0169038863042	0.914039233973
-per	0.0381403465038	0.0832606257012	0.0321575470522	0.846441480743
-pes	0.0560747663551	0.943925233645	0.0	0.0
-oga	0.0304747744798	0.926194438382	0.0139813400262	0.0293494471119
-oge	0.0253425199969	0.673149373791	0.262476099967	0.0390320062452
-eja	0.0389688550078	0.917849440794	0.0284367320327	0.0147449721651
-leá	0.0	1.0	0.0	0.0
-itu	0.0388349514563	0.95145631068	0.00970873786407	0.0
-ter	0.0327590769942	0.471274332263	0.0165670904647	0.479399500278
-esu	0.038550742807	0.868911803423	0.0571209176958	0.0354165360747
-est	0.0591130452803	0.635944461714	0.143093979898	0.161848513107
-esk	0.406189555126	0.362669245648	0.231141199226	0.0
-ito	0.390816719736	0.256495020991	0.241953475166	0.110734784108
-esi	0.373229398664	0.517951002227	0.037416481069	0.0714031180402
-eso	0.0356269647223	0.928746070555	0.0335312609151	0.00209570380719
-iti	0.70892653915	0.148109942972	0.0422527324999	0.100710785378
-rib	0.0454840805718	0.896686159844	0.0334632878493	0.0243664717349
-esa	0.0741355943922	0.843432431929	0.0318027872644	0.0506291864142
-ite	0.636403768007	0.2239232292	0.0580233366388	0.0816496661543
-ese	0.686462882096	0.234934497817	0.0576419213974	0.02096069869
-eje	0.190476190476	0.582103610675	0.029304029304	0.198116169545
-spa	0.103448275862	0.879310344828	0.0	0.0172413793103
-spe	0.0	0.945945945946	0.0540540540541	0.0
-udu	0.158231529959	0.719022687609	0.0948225712624	0.0279232111693
-faj	0.90373280943	0.0962671905697	0.0	0.0
-spi	0.571627260083	0.111265646732	0.0333796940195	0.283727399166
-fan	0.108333333333	0.833333333333	0.025	0.0333333333333
-uda	0.0173440784863	0.943587946741	0.0306587245971	0.0084092501752
-fat	0.0	1.0	0.0	0.0
-ude	0.141324824394	0.716072549907	0.0621011434496	0.0805014822495
-udi	0.058240788704	0.150528189426	0.0401921744929	0.751038847377
-áum	0.00349040139616	0.989528795812	0.0	0.00698080279234
-udo	0.343575418994	0.205905826018	0.162809257781	0.287709497207
-áma	0.0	0.984867591425	0.0	0.015132408575
-ejo	0.557890668398	0.263587543804	0.0634176154942	0.115104172304
-žkó	0.078167115903	0.0849056603773	0.659029649596	0.177897574124
-ael	0.0110642781876	0.976290832455	0.00316122233931	0.00948366701792
-ogé	0.414575866189	0.185185185185	0.364396654719	0.0358422939068
-tec	0.153846153846	0.123076923077	0.615384615385	0.107692307692
-bog	0.00355502281915	0.983993090971	0.00727755980256	0.00517432640693
-eju	0.0153578376165	0.877137299068	0.0	0.107504863315
-tna	0.1667942277	0.333578643012	0.382401810713	0.117225318576
-tne	0.152284348269	0.367648883904	0.39984572166	0.0802210461676
-tni	0.128153471634	0.394675924153	0.41743714505	0.0597334591633
-peč	0.0608448745437	0.90264820073	0.0121689749087	0.0243379498175
-tno	0.169229322726	0.247401818273	0.352975555135	0.230393303866
-kri	0.0134144160257	0.981398676444	0.00107315328206	0.0041137542479
-vna	0.408457872002	0.360334640782	0.179509458319	0.0516980288963
-tnu	0.3671875	0.6328125	0.0	0.0
-vne	0.116969028766	0.21449333467	0.660519194147	0.00801844241757
-vni	0.248105305146	0.351416035102	0.316713203032	0.0837654567212
-vno	0.136105932195	0.186101482167	0.305640079606	0.372152506031
-izu	0.0438986151032	0.11131434544	0.0211654037105	0.823621635746
-rnu	0.0773480662984	0.907182320442	0.0154696132597	0.0
-édi	0.376344086021	0.564132104455	0.00192012288786	0.0576036866359
-éde	0.974025974026	0.00865800865803	0.0	0.017316017316
-tem	0.0833692285989	0.157164777084	0.0416085752365	0.717857419081
-ize	0.0275952693824	0.964520367937	0.0	0.00788436268068
-ôli	0.568480300188	0.387429643527	0.0	0.0440900562852
-ten	0.154102470041	0.246774883835	0.528170090487	0.0709525556372
-rna	0.389231446818	0.311825589077	0.251046025105	0.0478969390002
-rno	0.173087304158	0.480382443907	0.186490623075	0.16003962886
-izo	0.373977086743	0.545008183306	0.0	0.0810147299509
-izi	0.33966171902	0.616845012081	0.0041422160856	0.0393510528133
-rni	0.326461390118	0.261542006033	0.3228476468	0.0891489570489
-uri	0.0239467849224	0.892682926829	0.0261640798226	0.0572062084257
-uro	0.015732546706	0.913470993117	0.00983284169125	0.0609636184858
-ura	0.0103587670541	0.933046993431	0.0098534613441	0.0467407781708
-ure	0.0274870200183	0.847155509898	0.00499764000333	0.12035983008
-zno	0.124645557656	0.420092942659	0.396975425331	0.0582860743542
-peš	0.23782234957	0.659025787966	0.0171919770774	0.0859598853869
-zni	0.092227777055	0.754725221625	0.132789414017	0.0202575873028
-edé	0.75	0.204545454545	0.0	0.0454545454545
-zne	0.195516811955	0.27895392279	0.484433374844	0.0410958904109
-údo	0.0251107828656	0.177744953225	0.764647956672	0.0324963072378
-zna	0.561911723027	0.171676188487	0.158266083921	0.108146004565
-rda	0.157569615366	0.187177259785	0.034747357753	0.620505767096
-znu	0.0	0.625	0.375	0.0
-pja	0.0761904761905	0.838095238095	0.0761904761904	0.0095238095238
-pju	0.0469238790407	0.477580813347	0.43795620438	0.0375391032325
-žni	0.174667399081	0.231206205871	0.40293948204	0.191186913008
-zín	0.0	1.0	0.0	0.0
-žna	0.177840133475	0.446306688913	0.28879114212	0.0870620354922
-žne	0.211532582367	0.354976522509	0.383008411134	0.050482483989
-čki	0.0957983193277	0.860504201681	0.0201680672269	0.0235294117647
-ipt	0.0	1.0	0.0	0.0
-čka	0.107708623318	0.716312056738	0.148140783456	0.0278385364884
-čke	0.0854700854701	0.635683760684	0.278846153846	0.0
-éje	0.0044234739015	0.995576526099	0.0	0.0
-iha	0.205625147719	0.773103285275	0.00709052233514	0.0141810446703
-éja	0.0173310225303	0.98266897747	0.0	0.0
-ihe	0.0571428571428	0.942857142857	0.0	0.0
-ihi	0.109090909091	0.781818181818	0.0727272727273	0.0363636363636
-iho	0.103305785124	0.690082644628	0.198347107438	0.00826446280993
-éju	0.0	0.960784313725	0.0	0.0392156862745
-klo	0.505283381364	0.324367595261	0.0256163944925	0.144732628882
-kli	0.812542577111	0.0653748164016	0.0200117345472	0.10207087194
-ihu	0.634782608696	0.234782608696	0.0260869565217	0.104347826087
-kle	0.192676002117	0.477214763486	0.272845387614	0.0572638467831
-kla	0.614412947965	0.200699627689	0.0493290455773	0.135558378769
-jna	0.337691870381	0.313246162592	0.249005116543	0.100056850483
-gáj	0.0	1.0	0.0	0.0
-kím	0.0	1.0	0.0	0.0
-êli	0.569230769231	0.31282051282	0.0358974358974	0.0820512820513
-vít	0.0	0.978571428571	0.0	0.0214285714286
-vrh	0.22295952223	0.307232913072	0.20703384207	0.262773722628
-vrt	0.0	1.0	0.0	0.0
-ríl	0.0	1.0	0.0	0.0
-rím	0.0	1.0	0.0	0.0
-enč	0.392156862745	0.376114081996	0.231729055258	0.0
-gít	0.05	0.9	0.0	0.05
-ajn	0.0	0.990099009901	0.009900990099	0.0
-áde	0.037706205813	0.94344069128	0.00942655145325	0.00942655145326
-aji	0.797246917121	0.0650989389159	0.137654143963	0.0
-áda	0.340659340659	0.412087912088	0.214285714286	0.032967032967
-ádo	0.0	0.987341772152	0.0126582278481	0.0
-aja	0.64935280549	0.228606385523	0.037772519645	0.0842682893427
-ádi	0.0	1.0	0.0	0.0
-iúd	0.0	1.0	0.0	0.0
-aju	0.115468478433	0.49154052773	0.0280044240796	0.364986569758
-dbe	0.188157166574	0.701162147205	0.0724958494743	0.0381848367459
-dba	0.147138964578	0.753133514986	0.0277929155313	0.0719346049046
-mre	0.6875	0.1375	0.075	0.1
-jev	0.0251522662059	0.937553263853	0.013447901111	0.0238465688306
-oju	0.427471734424	0.336781332692	0.14192927592	0.0938176569642
-dbo	0.161839651958	0.730515848353	0.0397762585457	0.0678682411436
-mrl	0.870867232127	0.0392937510819	0.0508914661589	0.0389475506318
-taš	0.334507042253	0.193661971831	0.380281690141	0.0915492957746
-oja	0.0717091849421	0.119573325377	0.0456512009548	0.763066288726
-mrt	0.086728276918	0.892929403401	0.00689014053699	0.0134521791436
-fra	0.0	1.0	0.0	0.0
-oje	0.0337079711415	0.0636158085669	0.0773749042395	0.825301316052
-oji	0.103502112848	0.100746195501	0.03719214044	0.758559551211
-ojo	0.0423859591366	0.0422830805951	0.118186868583	0.797144091685
-bja	0.267857142857	0.223214285714	0.495535714286	0.0133928571429
-ník	0.516666666667	0.416666666667	0.0333333333333	0.0333333333333
-bje	0.0338362123795	0.80098964561	0.146029969217	0.0191441727936
-íti	0.105590062112	0.819875776398	0.0372670807453	0.0372670807453
-íta	0.217944061024	0.741191427534	0.0	0.040864511442
-íte	0.51945634942	0.365455974046	0.0538649197769	0.0612227567567
-usi	0.0955957664732	0.85660635029	0.0477978832366	0.0
-usa	0.00129413644352	0.986723118709	0.000527240773287	0.0114555040741
-món	0.0	1.0	0.0	0.0
-ste	0.252808143457	0.0356142995106	0.018947735102	0.692629821931
-usu	0.00909646842991	0.97092697345	0.00343984100291	0.0165367171177
-ust	0.0890886800163	0.872905598692	0.0159378831222	0.0220678381692
-epe	0.30751329639	0.376984427731	0.300522939338	0.0149793365402
-epa	0.089664310954	0.3074204947	0.574757067138	0.0281581272085
-epo	0.106291997556	0.138464671146	0.46161677866	0.293626552637
-vrč	0.050209205021	0.924686192469	0.0	0.0251046025105
-zme	0.665447897624	0.168190127971	0.0511882998171	0.115173674589
-béd	0.0	1.0	0.0	0.0
-epu	0.151079136691	0.805755395683	0.0107913669065	0.0323741007194
-úov	0.0	1.0	0.0	0.0
-uel	0.0	0.964912280702	0.0350877192982	0.0
-ená	0.0161386730424	0.956963538554	0.00179318589361	0.0251046025104
-šti	0.0	1.0	0.0	0.0
-éka	0.0222222222222	0.911111111111	0.0222222222222	0.0444444444444
-kmi	0.56586270872	0.352504638219	0.0	0.0816326530612
-par	0.0666814847744	0.892420537897	0.0355634585463	0.00533451878195
-ksa	0.015	0.97	0.00749999999999	0.0075
-tam	0.0897871469504	0.0898076135899	0.0135079819894	0.80689725747
-tan	0.0752847307123	0.916993758445	0.00772151084229	0.0
-tah	0.172205438066	0.755287009063	0.036253776435	0.036253776435
-tak	0.192879363982	0.22295195299	0.24403733149	0.340131351538
-gne	0.663808162617	0.234556137843	0.0285850404955	0.073050659044
-ajo	0.621186287088	0.19097714528	0.0607909670929	0.127045600539
-ksu	0.075	0.875	0.05	0.0
-vmi	0.364806866953	0.538626609442	0.0321888412017	0.0643776824034
-tat	0.0489938757655	0.944006999125	0.0	0.00699912510936
-tar	0.0246432594818	0.679637626737	0.269432970334	0.0262861434472
-rmu	0.0	0.920792079208	0.0792079207921	0.0
-ent	0.270692974013	0.621029836381	0.0216554379211	0.0866217516843
-enu	0.133388338834	0.829757975798	0.00458379171251	0.032269893656
-ajk	0.0489795918367	0.861224489796	0.0408163265306	0.0489795918367
-ens	0.225563909774	0.774436090226	0.0	0.0
-rám	0.0	1.0	0.0	0.0
-eni	0.3630558161	0.147835300777	0.108674858961	0.380434024163
-enj	0.0928873812506	0.679077252238	0.0363905677112	0.1916447988
-rme	0.656253783751	0.11853735319	0.0799128223756	0.145296040683
-ene	0.154967094668	0.258118349919	0.0642503455283	0.522664209885
-rmi	0.0313374370453	0.549524342473	0.395635142697	0.023503077784
-ena	0.230762151545	0.538312109639	0.0913857975927	0.139539941223
-hel	0.189526184539	0.137157107232	0.361596009975	0.311720698254
-hem	0.0416666666667	0.834064327485	0.0592105263158	0.0650584795322
-hen	0.0764872521246	0.375354107649	0.522662889518	0.0254957507082
-ion	0.0555555555556	0.916666666667	0.0277777777778	0.0
-eša	0.859030837004	0.00881057268722	0.132158590308	0.0
-eši	0.476285771463	0.430858515109	0.0540324194517	0.0388232939764
-čas	0.0365884861407	0.832068230277	0.023539445629	0.107803837953
-óne	0.0	1.0	0.0	0.0
-nóe	0.0	1.0	0.0	0.0
-puh	0.0	0.841584158416	0.118811881188	0.039603960396
-vcu	0.0359604435121	0.874138447708	0.0179802217561	0.0719208870243
-vce	0.0167461403834	0.958323515286	0.00604371983761	0.0188866244925
-vca	0.0931408566365	0.698102606215	0.164671305701	0.0440852314474
-vco	0.172910662824	0.809798270893	0.0172910662824	0.0
-vci	0.0920759998888	0.759007673488	0.0851682501197	0.0637480765036
-žmi	0.5	0.23417721519	0.0	0.26582278481
-dec	0.262167759751	0.716085605799	0.0144977562996	0.00724887814981
-oku	0.0385038503851	0.942427576091	0.00513384671801	0.013934726806
-dej	0.134556574923	0.65749235474	0.11620795107	0.091743119266
-dek	0.0384074941452	0.856674473068	0.0833723653395	0.0215456674473
-del	0.811292880301	0.111223829303	0.014915365365	0.0625679250306
-dem	0.205024787833	0.339639747213	0.0138422688938	0.44149319606
-den	0.0792945362786	0.107725695155	0.122691322222	0.690288446345
-oko	0.0540297122479	0.758017121387	0.103074025891	0.0848791404736
-lge	0.0198170731707	0.157012195122	0.530487804878	0.292682926829
-oki	0.020223556524	0.97099722514	0.00454638092401	0.00423283741201
-zul	0.0	0.96	0.04	0.0
-lga	0.599600266489	0.400399733511	0.0	0.0
-oke	0.0260225961399	0.915075567679	0.00639953430794	0.0525023018733
-lgo	0.128514892731	0.379504269944	0.354926057072	0.137054780254
-dez	0.155844155844	0.636363636364	0.207792207792	0.0
-oka	0.0573088396922	0.880672005024	0.0254581342664	0.036561021017
-lgi	0.423611111111	0.451388888889	0.0416666666667	0.0833333333333
-žaj	0.559139784946	0.424731182796	0.0	0.0161290322581
-bit	0.673469387755	0.224489795918	0.0	0.102040816327
-bic	0.0	0.241379310345	0.758620689655	0.0
-bil	0.812323237034	0.0475923724303	0.00879613683849	0.131288253697
-bim	0.738689547582	0.14976599064	0.0468018720749	0.0647425897036
-bij	0.115569823435	0.499197431782	0.365971107544	0.0192616372392
-bih	0.302898550725	0.471014492754	0.217391304348	0.00869565217392
-eno	0.328125937796	0.300471832339	0.119165088708	0.252237141156
-aža	0.0	1.0	0.0	0.0
-aže	0.319275207624	0.224783748006	0.377513490328	0.0784275540415
-aži	0.53169524288	0.333745868269	0.0190848463869	0.115474042465
-rúg	0.0	1.0	0.0	0.0
-ažo	0.264248704663	0.632124352332	0.0829015544041	0.020725388601
-ažu	0.0181818181818	0.945454545455	0.0	0.0363636363636
-ôži	0.636363636364	0.333333333333	0.0	0.030303030303
-jin	0.038062283737	0.411764705882	0.0415224913495	0.508650519031
-met	0.0845378887429	0.677179150241	0.146298729742	0.0919842312746
-jil	0.76982716847	0.16168631885	0.0248748182846	0.0436116943951
-jim	0.0760148878631	0.0485396686822	0.01694816024	0.858497283215
-jik	0.0	1.0	0.0	0.0
-jih	0.0645868108027	0.105026803168	0.0291741082872	0.801212277742
-mer	0.235324993439	0.444930452279	0.156591724259	0.163152830024
-jig	0.448979591837	0.551020408163	0.0	0.0
-jic	0.413114754098	0.449180327869	0.0393442622951	0.0983606557377
-dse	0.460122699386	0.300613496933	0.128834355828	0.110429447853
-luh	0.335968379447	0.640316205534	0.0237154150198	0.0
-med	0.021768414723	0.0300071038428	0.0151656728164	0.933058808618
-luj	0.255319148936	0.524822695035	0.198581560284	0.0212765957447
-lul	0.656671664168	0.23988005997	0.0179910044978	0.0854572713643
-mec	0.223713646532	0.552572706935	0.0626398210291	0.161073825503
-mem	0.328525056923	0.125033767994	0.0873465432294	0.459094631854
-mel	0.510457093575	0.0368847409598	0.0409659335921	0.411692231873
-men	0.0454939776639	0.538147549516	0.0522788081345	0.364079664685
-meh	0.11320754717	0.388679245283	0.498113207547	0.0
-mek	0.0734394124847	0.926560587515	0.0	0.0
-mej	0.328006728343	0.437342304458	0.105971404542	0.128679562658
-iél	0.0	1.0	0.0	0.0
-mov	0.0386400158894	0.874871350414	0.00866691945181	0.0778217142445
-étu	0.0	1.0	0.0	0.0
-éta	0.00899550224887	0.383808095952	0.553223388306	0.0539730134932
-ópa	0.0215827338129	0.881294964029	0.021582733813	0.0755395683452
-ópe	0.078431372549	0.921568627451	0.0	0.0
-jèn	0.435643564356	0.564356435644	0.0	0.0
-ópi	0.0	1.0	0.0	0.0
-srd	0.313953488372	0.616279069768	0.046511627907	0.0232558139535
-src	0.0290909090909	0.872727272727	0.0872727272727	0.0109090909091
-ópo	0.0	1.0	0.0	0.0
-ubi	0.425119887794	0.25600430309	0.12641609632	0.192459712796
-êči	0.323458282951	0.268440145103	0.253929866989	0.154171704958
-ubo	0.295486801022	0.659381209197	0.0161793925632	0.0289525972182
-uba	0.153396311291	0.820962663068	0.00809716599191	0.0175438596491
-šum	0.233082706767	0.676691729323	0.0451127819549	0.0451127819549
-ube	0.189758179232	0.776955903272	0.0119487908962	0.0213371266003
-srp	0.017571884984	0.944089456869	0.0383386581469	0.0
-tám	0.0	1.0	0.0	0.0
-tán	0.0	1.0	0.0	0.0
-kve	0.00398406374502	0.991367861886	0.00132802124834	0.00332005312085
-nda	0.506072874494	0.113360323887	0.0364372469636	0.344129554656
-búl	0.108108108108	0.891891891892	0.0	0.0
-tát	0.0	1.0	0.0	0.0
-ako	0.0814038686177	0.104821571252	0.0340048470998	0.779769713031
-aki	0.117639647869	0.550229137467	0.105041024268	0.227090190397
-ake	0.161002136337	0.390367061565	0.21674111478	0.231889687318
-aka	0.200329284981	0.486700307903	0.111336811495	0.201633595621
-aku	0.0256	0.946971428571	0.0246857142857	0.00274285714286
-níl	0.160673297628	0.319051262433	0.474368783474	0.0459066564652
-deš	0.819754464286	0.08203125	0.0111607142857	0.0870535714285
-jič	0.0666231221424	0.354670150229	0.532984977139	0.0457217504899
-gom	0.0270146818923	0.942838499184	0.0101794453507	0.0199673735726
-gob	0.490566037736	0.415094339623	0.0188679245283	0.0754716981132
-vlu	0.0227429359063	0.956581667815	0.00413507925569	0.0165403170227
-god	0.377652933833	0.240324594257	0.0187265917603	0.36329588015
-luč	0.0297827610372	0.766292922214	0.196566222845	0.00735809390329
-meč	0.00707269155206	0.992927308448	0.0	0.0
-gor	0.575585580101	0.16873229652	0.174014245147	0.0816678782322
-dež	0.0979020979021	0.874125874126	0.020979020979	0.00699300699302
-gov	0.0622799295774	0.185189260563	0.0226672535211	0.729863556338
-coj	0.128571428571	0.257142857143	0.271428571429	0.342857142857
-rlu	0.224489795918	0.775510204082	0.0	0.0
-eon	0.0	1.0	0.0	0.0
-rlo	0.447700870963	0.344827993713	0.131034401257	0.0764367340668
-rli	0.696658196447	0.192204470739	0.0508762012436	0.0602611315702
-biš	0.678671901076	0.176693103613	0.0578539981245	0.0867809971867
-rle	0.596906278435	0.195632393085	0.124962086746	0.0824992417349
-cov	0.0	1.0	0.0	0.0
-rla	0.663638378019	0.082428539774	0.19942388655	0.054509195657
-upu	0.295454545455	0.397727272727	0.0681818181818	0.238636363636
-ama	0.0665239575881	0.258181878916	0.00947001856703	0.665824144929
-upa	0.526978417266	0.267086330935	0.142985611511	0.0629496402878
-sáj	0.0298953662182	0.880418535127	0.0896860986547	0.0
-bič	0.309278350515	0.690721649485	0.0	0.0
-sám	0.0	1.0	0.0	0.0
-upi	0.947905875389	0.0520941246115	0.0	0.0
-zlu	0.267326732673	0.485148514851	0.188118811881	0.0594059405941
-deč	0.370860927152	0.172185430464	0.456953642384	0.0
-jiš	0.438502673797	0.31550802139	0.00267379679144	0.243315508021
-oči	0.164201643894	0.744041587735	0.0378654652946	0.0538913030761
-zla	0.110181311018	0.429567642957	0.376569037657	0.0836820083682
-oča	0.517436380773	0.44863336475	0.0169651272385	0.0169651272384
-akó	0.085770061472	0.173796865482	0.0806820069779	0.659751066069
-oče	0.123696086211	0.718527461751	0.09362649263	0.0641499594083
-rfo	0.0	1.0	0.0	0.0
-ptu	0.0	1.0	0.0	0.0
-čih	0.409836065574	0.436567715256	0.0834440998376	0.0701521193324
-čim	0.319212912848	0.342690818118	0.190276875707	0.147819393327
-čil	0.713031981915	0.149592236981	0.0247798664042	0.1125959147
-čin	0.0418111360392	0.889353457067	0.0382418927187	0.030593514175
-čit	0.687385740402	0.248628884826	0.0383912248629	0.0255941499086
-pta	0.196347031963	0.75799086758	0.0182648401826	0.027397260274
-édu	0.272727272727	0.727272727273	0.0	0.0
-tre	0.00900755991636	0.981984880167	0.00450377995819	0.00450377995817
-trd	0.345	0.045	0.57	0.0399999999999
-trg	0.0	0.950819672131	0.0491803278689	0.0
-tra	0.0170920692798	0.95031905196	0.0305378304467	0.00205104831358
-gab	0.0	1.0	0.0	0.0
-gan	0.528026291766	0.248493700931	0.170896476173	0.0525835311302
-tro	0.133580705009	0.447695161981	0.041958041958	0.376766091052
-gal	0.629069592165	0.241596792137	0.072774318602	0.0565592970963
-tri	0.0147499023903	0.280291527483	0.0640608505777	0.640897719549
-gaj	0.607769784173	0.331223021583	0.0178417266187	0.0431654676259
-gah	0.145337301587	0.755952380952	0.0575396825397	0.0411706349206
-tru	0.00189035916824	0.998109640832	0.0	0.0
-gav	0.121739130435	0.721739130435	0.0	0.15652173913
-vbe	0.0	1.0	0.0	0.0
-gat	0.184188155285	0.0966279399263	0.608671011618	0.110512893171
-gar	0.0959959366799	0.445102852789	0.0244645729281	0.434436637603
-vba	0.0626631853786	0.746736292428	0.159268929504	0.0313315926893
-vbo	0.364341085271	0.441860465116	0.193798449612	0.0
-sač	0.0625	0.796875	0.140625	0.0
-ini	0.143615033079	0.41309280079	0.232359605176	0.210932560955
-rzi	0.974110032362	0.0194174757281	0.0	0.0064724919094
-olž	0.293995859213	0.619047619048	0.0248447204969	0.0621118012422
-ino	0.137001585788	0.696885968188	0.125720962719	0.0403914833053
-ina	0.0399354744342	0.827195266876	0.104739526698	0.028129731992
-rza	0.0	1.0	0.0	0.0
-ine	0.137955621394	0.766701715821	0.0681387823563	0.0272038804293
-knu	0.161943319838	0.838056680162	0.0	0.0
-kni	0.608584568217	0.107307102708	0.245784363822	0.0383239652529
-kno	0.141176470588	0.858823529412	0.0	0.0
-int	0.0	1.0	0.0	0.0
-inu	0.0480508085071	0.862950737475	0.0259056532821	0.0630928007354
-rzu	0.164383561644	0.794520547945	0.0	0.041095890411
-kne	0.536528345997	0.284628872005	0.140268848627	0.0385739333723
-dók	0.0	1.0	0.0	0.0
-dón	0.0	1.0	0.0	0.0
-rek	0.40959625512	0.28320655354	0.0421299005266	0.265067290813
-váš	0.0952380952381	0.78231292517	0.0408163265306	0.0816326530612
-paš	0.0447482908639	0.880671224363	0.0745804847732	0.0
-šúa	0.0	1.0	0.0	0.0
-sni	0.173020822855	0.384116286088	0.320641786541	0.122221104517
-gum	0.494634146341	0.400975609756	0.070243902439	0.0341463414634
-ječ	0.34122433882	0.115036064361	0.443869058628	0.0998705381912
-duš	0.0	0.967741935484	0.0050933786078	0.0271646859083
-ída	0.0212765957447	0.978723404255	0.0	0.0
-íde	0.0	1.0	0.0	0.0
-dre	0.344232278315	0.245618624117	0.329584096259	0.0805650013079
-dra	0.0918220946915	0.890961262554	0.0	0.0172166427547
-mbe	0.164126611958	0.682167513352	0.109417741305	0.0442881333854
-mbi	0.309677419355	0.651612903226	0.0	0.0387096774193
-dro	0.257177033493	0.706937799043	0.0	0.0358851674642
-dri	0.0	0.343220338983	0.648305084746	0.0084745762712
-mbo	0.351851851852	0.555555555556	0.0740740740741	0.0185185185185
-inú	0.459016393443	0.0	0.0491803278689	0.491803278689
-eče	0.774190174299	0.104768158429	0.0282701733691	0.0927714939029
-ela	0.444444273002	0.376918475249	0.0678928942343	0.110744357514
-eča	0.193388859969	0.582509109839	0.191046330036	0.0330557001562
-ečo	0.0685212298683	0.797364568082	0.108638360176	0.0254758418741
-eči	0.346142870731	0.516313136117	0.052424888913	0.0851191042383
-eču	0.322180916976	0.677819083024	0.0	0.0
-čiš	0.832786885246	0.0622950819672	0.00327868852459	0.101639344262
-epi	0.0666369511923	0.246935591709	0.657009137508	0.0294183195899
-ájo	0.0	1.0	0.0	0.0
-aho	0.00880669308674	0.938353148393	0.0	0.0528401585205
-gaš	0.577754891864	0.304840370752	0.0556127703399	0.0617919670442
-áje	0.0	0.987577639752	0.0124223602484	0.0
-aha	0.00562746201463	0.84243106359	0.0	0.151941474395
-ája	0.0163543441227	0.947870528109	0.012265758092	0.0235093696763
-ahe	0.194630872483	0.48322147651	0.281879194631	0.0402684563758
-áju	0.0	0.692307692308	0.0	0.307692307692
-ahu	0.0991949396205	0.69062679701	0.148361127085	0.0618171362852
-ógu	0.277372262774	0.664233576642	0.043795620438	0.014598540146
-sar	0.206380129064	0.546755144283	0.0130281261415	0.233836600511
-jfa	0.0	1.0	0.0	0.0
-sat	0.0363636363636	0.963636363636	0.0	0.0
-olp	0.0116946037757	0.941526981122	0.0467784151028	0.0
-íri	0.0	1.0	0.0	0.0
-olu	0.0539028731248	0.943046020849	0.00152555301297	0.00152555301297
-íro	0.00456447318373	0.995435526816	0.0	0.0
-óge	0.926470588235	0.0735294117647	0.0	0.0
-oli	0.136575400949	0.388918843987	0.0289836830709	0.445522071993
-olj	0.0948550548956	0.0661257922627	0.205209018806	0.633810134035
-olk	0.0	1.0	0.0	0.0
-óga	0.0208333333333	0.979166666667	0.0	0.0
-íru	0.389671361502	0.450704225352	0.103286384977	0.056338028169
-oln	0.159413270601	0.567771396942	0.234484190133	0.0383311423234
-sad	0.094619404039	0.808784070047	0.0347408558113	0.0618556701031
-sak	0.0386578011443	0.216251739601	0.00920055667233	0.735889902582
-saj	0.119334399482	0.0482600862366	0.0182189922873	0.814186521994
-sah	0.037037037037	0.962962962963	0.0	0.0
-ole	0.13423642298	0.344523791995	0.0332114489517	0.488028336074
-sam	0.0662385268961	0.0410332187207	0.0326219772101	0.860106277173
-sal	0.846353730092	0.0902766135792	0.023973176865	0.0393964794636
-ván	0.0	1.0	0.0	0.0
-mar	0.452567049808	0.133026819923	0.0200255427842	0.394380587484
-húd	0.0	1.0	0.0	0.0
-ham	0.0454950936664	0.950044603033	0.00267618198037	0.00178412132025
-har	0.100628930818	0.665967854647	0.195667365479	0.0377358490566
-zka	0.0	0.112717712783	0.887282287217	0.0
-pce	0.164053075995	0.51025331725	0.231604342581	0.0940892641737
-zke	0.177702559763	0.393907340808	0.383964459488	0.0444256399408
-črt	0.189621467923	0.757064154967	0.0319886262662	0.0213257508441
-mal	0.717983651226	0.158038147139	0.0640326975477	0.0599455040872
-črv	0.0234009360374	0.898595943838	0.0	0.0780031201248
-man	0.0793051359516	0.469788519637	0.355740181269	0.095166163142
-žja	0.0641779596011	0.826514957811	0.0513935054973	0.0579135770903
-íco	0.045871559633	0.935779816514	0.0183486238532	0.0
-ješ	0.701976981913	0.200077243139	0.0545863805045	0.0433593944433
-pač	0.207820172261	0.162802865652	0.119335104242	0.510041857844
-ôsi	0.626297577855	0.294117647059	0.0207612456747	0.0588235294117
-liš	0.636966551326	0.2315455594	0.0409457900808	0.0905420991926
-žju	0.172761860393	0.716437611616	0.0366488081373	0.0741517198541
-tci	0.0882352941177	0.426470588235	0.485294117647	0.0
-tjá	0.0	1.0	0.0	0.0
-rku	0.0847457627118	0.406779661017	0.440677966102	0.0677966101695
-elu	0.0926973658474	0.839148772173	0.00791071612265	0.060243145857
-elj	0.0225940631499	0.960694103065	0.00647045230142	0.0102413814836
-rki	0.121142857143	0.706666666667	0.0883809523809	0.0838095238095
-eli	0.72973149553	0.157679236265	0.03817743004	0.0744118381647
-elo	0.265511313883	0.466351017568	0.0947626187596	0.17337504979
-rko	0.042735042735	0.948717948718	0.0	0.00854700854703
-rka	0.208951040863	0.593516007939	0.170129536003	0.0274034151951
-aén	0.0	1.0	0.0	0.0
-rke	0.129521586931	0.828471411902	0.0280046674446	0.0140023337223
-ele	0.238865656881	0.583361104243	0.0638551756017	0.113918063275
-šeč	0.695681511471	0.0558367071525	0.205634278003	0.0428475033738
-rče	0.0	1.0	0.0	0.0
-diš	0.763722093417	0.127907885482	0.0239664469742	0.0844035741267
-hum	0.0	1.0	0.0	0.0
-hud	0.48987854251	0.0485829959514	0.461538461538	0.0
-dič	0.0524578136463	0.933235509905	0.00660308143804	0.007703595011
-ači	0.16961266459	0.685522723288	0.115641203336	0.0292234087853
-ačo	0.071434525298	0.779361507044	0.0616820871884	0.0875218804701
-ača	0.441958778575	0.422507195996	0.0335435380662	0.101990487363
-ače	0.117615581607	0.737903996418	0.0380039205194	0.106476501455
