-đan	0.573915983433	0.258938382216	0.0917082241569	0.0754374101936
-đai	0.683760683761	0.0920634920635	0.0102564102564	0.213919413919
-ivu	0.154838709677	0.770161290323	0.0362903225806	0.0387096774193
-đđu	0.18821603928	0.627659574468	0.139934533552	0.0441898527005
-cai	0.760773966579	0.042656112577	0.00263852242744	0.193931398417
-can	0.532154099835	0.147654024884	0.12906610703	0.191125768251
-eus	0.00478250967889	0.986335686632	0.00136643133682	0.00751537235254
-rro	0.673249551167	0.170556552962	0.115798922801	0.04039497307
-đeš	0.666666666667	0.0842911877395	0.00766283524904	0.241379310345
-hem	0.105263157895	0.877192982456	0.0175438596491	0.0
-đđi	0.0896130346232	0.807739307536	0.0830957230143	0.0195519348269
-ive	0.379632419403	0.325700512202	0.250075323893	0.0445917445014
-rbe	0.766714082504	0.105263157895	0.0512091038407	0.076813655761
-cat	0.612912576444	0.063014695317	0.00453492515297	0.319537803086
-đđe	0.478131949592	0.232023721275	0.0148257968866	0.275018532246
-đat	0.0840849578121	0.463437106003	0.228251382019	0.224226554165
-rbi	0.293542074364	0.65362035225	0.00391389432485	0.0489236790607
-aša	0.287442339234	0.60131804488	0.0248464474757	0.0863931684101
-đas	0.0977447106515	0.702658319844	0.121598363297	0.0779986062076
-lem	0.0165289256198	0.914600550964	0.0137741046832	0.0550964187328
-llá	0.638230681833	0.1703264659	0.057694218482	0.133748633785
-ehu	0.0	1.0	0.0	0.0
-len	0.834817216155	0.112771980306	0.0276347873205	0.0247760162184
-zit	0.561866269588	0.387506204354	0.0148904488407	0.0357370772176
-vvá	0.576334121235	0.127045229953	0.0648777073625	0.231742941449
-zis	0.00841219768664	0.991587802313	0.0	0.0
-idá	0.282835820895	0.516791044776	0.0123134328358	0.188059701493
-aua	0.0	1.0	0.0	0.0
-zil	0.540229885058	0.448275862069	0.00574712643677	0.00574712643678
-eše	0.67125984252	0.299212598425	0.0	0.0295275590551
-zii	0.687036854761	0.194847926656	0.00885864139377	0.10925657719
-aum	0.040479001518	0.952774498229	0.0	0.00674650025298
-čas	0.165609584214	0.569415081043	0.102184637068	0.162790697674
-álá	0.0151178301467	0.286497702683	0.182896101971	0.515488365199
-put	0.132231404959	0.818181818182	0.0	0.0495867768595
-bbá	0.0251355153518	0.870018396639	0.00878021426674	0.096065873742
-ppo	0.110411620937	0.0721940214326	0.0205146920584	0.796879665572
-pus	0.169765561843	0.750202101859	0.0388035569927	0.0412287793048
-nta	0.0829335161069	0.776216586703	0.0976696367375	0.0431802604524
-pet	0.525287186645	0.0857399544673	0.0197002284215	0.369272630467
-ŋii	0.132327336042	0.793964016251	0.0388856645386	0.0348229831689
-kia	0.00867678958785	0.965292841649	0.0	0.0260303687636
-ŋil	0.097796790386	0.0469655382739	0.0084814915556	0.846756179785
-ŋis	0.473612990528	0.0987821380244	0.00135317997293	0.426251691475
-šas	0.180491551459	0.635944700461	0.0867895545315	0.0967741935483
-ŋit	0.0760753643797	0.138642019197	0.480270174191	0.305012442233
-iša	0.0	0.978090766823	0.0219092331768	0.0
-pun	0.222035323802	0.777964676198	0.0	0.0
-sva	0.00845070422534	0.991549295775	0.0	0.0
-pui	0.138939670932	0.36928702011	0.436928702011	0.0548446069469
-vza	0.0124223602484	0.981366459627	0.00621118012422	0.0
-ena	0.0115822405645	0.982826332956	0.00399387605672	0.00159755042268
-ará	0.0210639312977	0.112738549618	0.361784351145	0.504413167939
-iva	0.19056261343	0.678765880218	0.049001814882	0.0816696914701
-ŋŋa	0.0122288542728	0.919638957636	0.0434997816276	0.0246324064638
-más	0.0461334673183	0.387795185676	0.0506097839492	0.515461563057
-már	0.0459673345681	0.918673177303	0.00353594881293	0.0318235393164
-mát	0.0544123670724	0.523771406773	0.317565983047	0.104250243108
-ota	0.0	1.0	0.0	0.0
-daš	0.499108734403	0.317290552585	0.0534759358289	0.130124777184
-iđe	0.0624614435533	0.0475015422579	0.00740283775447	0.882634176434
-šan	0.621936520691	0.172626222044	0.090665595286	0.114771661979
-iđa	0.121212121212	0.0848484848485	0.0	0.793939393939
-mán	0.415718289724	0.0833976035064	0.487716559132	0.0131675476383
-aši	0.0132743362832	0.765486725664	0.16814159292	0.0530973451327
-vžu	0.633333333333	0.333333333333	0.0333333333333	0.0
-ake	0.0	0.874285714286	0.125714285714	0.0
-dea	0.00847457627119	0.964891041162	0.0133171912833	0.0133171912833
-cáš	0.106796116505	0.601941747573	0.0291262135922	0.26213592233
-lgu	0.481149803889	0.467983405752	0.0383585632217	0.0125082271375
-imu	0.504672897196	0.294392523364	0.144859813084	0.0560747663551
-mus	0.0708000534365	0.304333231954	0.157718698478	0.467148016132
-lgá	0.352535092634	0.0549749368234	0.0229432623124	0.56954670823
-bmá	0.0917909707657	0.692230274491	0.0263288386734	0.18964991607
-den	0.810064935065	0.108253588517	0.0271701982228	0.0545112781955
-ima	0.119136526683	0.843570636708	0.00830851929573	0.0289843173132
-aše	0.359397284058	0.221088857196	0.0803001178148	0.339213740931
-des	0.0809496333723	0.677098060551	0.0856887733008	0.156263532776
-det	0.496079707033	0.205380901649	0.0643001984124	0.234239192906
-žat	0.194846751689	0.167425797376	0.116925347663	0.520802103272
-moš	0.124282891534	0.650614255305	0.0460715342541	0.179031318907
-ivi	0.0469929705806	0.89560010414	0.0214787815673	0.0359281437126
-imi	0.0	1.0	0.0	0.0
-lgo	0.853057199211	0.107495069033	0.0394477317554	0.0
-kil	0.132450331126	0.418082349554	0.0201554851713	0.429311834149
-đđá	0.815324472244	0.164034401876	0.00688037529319	0.0137607505864
-ága	0.0169467265909	0.948444164544	0.0198379755532	0.0147711333123
-lgi	0.0828564632799	0.722048885593	0.16884697718	0.0262476739468
-dná	0.860679162669	0.106065907115	0.0106000090066	0.0226549212101
-lla	0.0600104871107	0.339921453013	0.389925011432	0.210143048444
-obi	0.605911330049	0.290640394089	0.0	0.103448275862
-bis	0.128978916908	0.630425795783	0.0843323687474	0.156262918561
-lle	0.257844168557	0.0673977885164	0.0299083010408	0.644849741885
-zus	0.0222222222222	0.177777777778	0.244444444444	0.555555555556
-rpa	0.0	1.0	0.0	0.0
-đđa	0.0286499782955	0.00824772102445	0.862393286066	0.100709014614
-lli	0.172645295972	0.708052029299	0.0730646384121	0.0462380363171
-ide	0.0460601902249	0.211555556046	0.0205020542373	0.721882199491
-llo	0.35928401984	0.548414923442	0.0314858744878	0.0608151822299
-dnu	0.506871829798	0.413863887299	0.0390392555612	0.0402250273423
-ida	0.377765406168	0.429071822524	0.0916922307982	0.10147054051
-álo	0.0854661411945	0.0730061746057	0.0210434991278	0.820484185072
-llu	0.0413812418374	0.274256466534	0.471483237453	0.212879054176
-bia	0.0181818181818	0.963636363636	0.0181818181818	0.0
-bin	0.0837780266596	0.77787293849	0.0737861519205	0.0645628829304
-pát	0.0487804878049	0.863414634146	0.0487804878048	0.0390243902439
-itá	0.616742914315	0.237839200202	0.0851122329742	0.0603056525093
-žes	0.109785202864	0.474940334129	0.0190930787589	0.396181384248
-bii	0.0258342303552	0.969860064586	0.0	0.00430570505919
-aža	0.0340733092411	0.926690758906	0.0268456375839	0.0123902942695
-bba	0.185981956974	0.693731205182	0.0814249363868	0.0388619014573
-tes	0.113449889589	0.288253884646	0.497710743299	0.100585482466
-tet	0.527013694094	0.149775443991	0.056906496388	0.266304365527
-ria	0.00452659373821	0.966050546963	0.0271595624293	0.0022632968691
-rin	0.118261197142	0.575322561115	0.233024338397	0.073391903346
-aži	0.20442219441	0.643304130163	0.0375469336671	0.114726741761
-bbi	0.0270049410247	0.566642486819	0.182917663168	0.223434908988
-vgo	0.818181818182	0.181818181818	0.0	0.0
-bbo	0.247889347943	0.144602119634	0.287407939644	0.320100592779
-rii	0.207367434644	0.677444625586	0.0272487599455	0.0879391798241
-rit	0.161476510239	0.107870276164	0.57293926282	0.157713950777
-ris	0.0553374789127	0.587109031649	0.286852981159	0.0707005082793
-bbu	0.413043478261	0.29347826087	0.0652173913043	0.228260869565
-nas	0.0696625719173	0.79107112088	0.0721337104481	0.0671325967547
-gŋa	0.0103245163141	0.971629641069	0.0129277063249	0.00511813629243
-hud	0.0	1.0	0.0	0.0
-ten	0.462961892206	0.144299635343	0.0573390074859	0.335399464964
-jin	0.251433270977	0.531325523849	0.100664984459	0.116576220715
-haš	0.0686365185222	0.342111668208	0.0187411770433	0.570510636226
-aga	0.204925135103	0.38290785177	0.0778923948382	0.334274618288
-ara	0.0852330946262	0.807774870594	0.0784032756049	0.0285887591746
-mes	0.610857523849	0.236472971587	0.0544799466612	0.0981895579033
-jii	0.641516623797	0.23673430504	0.0588739639897	0.0628751071735
-pat	0.235991068653	0.66893718851	0.0689560310147	0.0261157118227
-lus	0.156552146562	0.644712775544	0.133282219654	0.0654528582401
-lut	0.284052337677	0.450427022884	0.0599474433374	0.205573196102
-ari	0.0413868215647	0.887093846433	0.0486476674532	0.0228716645489
-lui	0.194214237371	0.396603092551	0.0239680996008	0.385214570478
-lul	0.0	0.36231884058	0.0869565217391	0.550724637681
-lun	0.0452806122449	0.767219387755	0.16262755102	0.0248724489796
-maš	0.487567671042	0.387035173768	0.0172285396128	0.108168615577
-jit	0.311475722946	0.573607052621	0.0385842366238	0.0763329878089
-men	0.503901683885	0.183610821512	0.0462146821259	0.266272812477
-jis	0.119570019143	0.691712069896	0.0609875816031	0.127730329357
-mek	0.0	1.0	0.0	0.0
-dal	0.256188037555	0.0510800341409	0.0275096841967	0.665222244107
-bán	0.444444444444	0.333333333333	0.0952380952381	0.126984126984
-nun	0.757825679475	0.175257731959	0.0106841611996	0.0562324273664
-vut	0.656580290496	0.225445526657	0.0269814771495	0.0909927056972
-git	0.410430967577	0.346166351855	0.0284659737259	0.214936706842
-đet	0.087827936658	0.129662018435	0.00860316709997	0.773906877807
-bái	0.137818181818	0.524	0.0356363636364	0.302545454545
-ndu	0.222634508349	0.56771799629	0.161410018553	0.0482374768089
-rai	0.887492536465	0.077535469563	0.000341190185096	0.0346308037872
-đaš	0.35652173913	0.226086956522	0.295652173913	0.121739130435
-vis	0.0783548576914	0.552169469479	0.150618889818	0.218856783012
-vun	0.759474186498	0.188498599267	0.0187790536588	0.0332481605763
-mos	0.099593102112	0.526642123619	0.248788994381	0.124975779888
-bát	0.0404090384299	0.760844466436	0.177717301666	0.0210291934686
-lká	0.76613458529	0.0662910798122	0.0018779342723	0.165696400626
-bás	0.0619469026548	0.920353982301	0.0176991150442	0.0
-tni	0.0524120171292	0.883732444851	0.0233019126287	0.0405536253909
-vui	0.743456556667	0.148814564067	0.029540167623	0.0781887116431
-kja	0.0393700787402	0.96062992126	0.0	0.0
-šus	0.102040816327	0.673469387755	0.224489795918	0.0
-hčá	0.473684210526	0.473684210526	0.0	0.0526315789474
-ána	0.352847473745	0.503130019041	0.0664129346367	0.0776095725776
-dát	0.0635957060048	0.0525507246092	0.00878968232558	0.87506388706
-poš	0.133333333333	0.355555555556	0.511111111111	0.0
-dás	0.135517264559	0.0930112706984	0.00887315422707	0.762598310516
-dál	0.0734005751362	0.0382080528702	0.0140729189898	0.874318453004
-dán	0.205282501172	0.0938185170357	0.0218730437023	0.67902593809
-dab	0.0	1.0	0.0	0.0
-dái	0.0729215914704	0.191555113864	0.0230943791331	0.712428915532
-ken	0.655127736141	0.154752015108	0.0277006413387	0.162419607412
-šui	0.311111111111	0.688888888889	0.0	0.0
-uba	0.261560693642	0.382947976879	0.329479768786	0.0260115606936
-ili	0.0461287420766	0.872596807598	0.0395389217799	0.0417355285454
-zzi	0.135593220339	0.830508474576	0.0	0.0338983050847
-oše	0.645054195679	0.160864259565	0.0910738640442	0.103007680712
-tán	0.662915003161	0.134609095838	0.0469778409463	0.155498060054
-kel	0.150753768844	0.849246231156	0.0	0.0
-rru	0.420659249819	0.455137257603	0.0314125305687	0.0927909620087
-lju	0.227191413238	0.661896243292	0.0447227191413	0.0661896243291
-rát	0.116001159898	0.65339202298	0.103267197985	0.127339619137
-ŋal	0.0625651720542	0.22732012513	0.465067778936	0.245046923879
-rás	0.0661098655629	0.521446697381	0.00814670641471	0.404296730641
-sur	0.0	1.0	0.0	0.0
-rán	0.178799489144	0.642761504552	0.0021628970461	0.176276109257
-uma	0.0696529951934	0.677305005163	0.195990697659	0.057051301984
-ába	0.178723404255	0.463829787234	0.0595744680851	0.297872340426
-rái	0.060189793616	0.813292189263	0.00802972990909	0.118488287212
-tát	0.382686073365	0.216860043378	0.108505709265	0.291948173992
-umi	0.222944042522	0.693636497859	0.0425217776465	0.0408976819725
-ábi	0.234496124031	0.350775193798	0.391472868217	0.0232558139535
-tár	0.012606122974	0.912065860561	0.00154360689478	0.0737844095704
-tás	0.176018775336	0.324727970984	0.0448047791764	0.454448474504
ALL	0.250987332782	0.29065805951	0.0542889072596	0.404065700448
-nai	0.830936022276	0.0373683950373	0.0074143640947	0.124281218592
-nan	0.580087024803	0.248230411101	0.0609561457212	0.110726418375
-pán	0.739795918367	0.15306122449	0.0918367346939	0.015306122449
-nam	0.0	1.0	0.0	0.0
-sis	0.0886130679902	0.465518089128	0.0395715096788	0.406297333203
-žas	0.0501694961311	0.0260188449807	0.190623705002	0.733187953886
-kii	0.778732455865	0.120733280104	0.00951810785297	0.091016156178
-cen	0.151830902054	0.803512950283	0.0	0.044656147663
-kin	0.171581435859	0.345402513376	0.157521463233	0.325494587533
-kim	0.0	1.0	0.0	0.0
-sit	0.191439985142	0.467973469015	0.0900631918098	0.250523354033
-kis	0.136854312873	0.229754139376	0.402469403987	0.230922143764
-vgi	0.131205673759	0.620567375887	0.230496453901	0.0177304964539
-sii	0.110326475014	0.181482935368	0.0153988572748	0.692791732343
-žai	0.572519083969	0.343511450382	0.0381679389313	0.0458015267176
-žan	0.149396761354	0.338516290168	0.179497869245	0.332589079233
-sin	0.0705020414193	0.0959315953486	0.0749663994499	0.758599963782
-kit	0.472378510653	0.283677120718	0.133411719262	0.110532649367
-máš	0.408344868499	0.220881945818	0.317381846945	0.0533913387384
-vga	0.0797244094488	0.71062992126	0.191929133858	0.0177165354331
-sia	0.0179573512907	0.977553310887	0.0	0.00448933782267
-vge	0.71975019516	0.220921155347	0.0218579234973	0.0374707259953
-nat	0.333295308786	0.330435725181	0.0878439307403	0.248425035293
-deš	0.515715202053	0.0506735086594	0.338678640154	0.0949326491341
-zza	0.207261054845	0.769494714705	0.0232442304499	0.0
-mot	0.123004069763	0.660564745677	0.0148826716068	0.201548512954
-áđi	0.0527210884354	0.878117913832	0.045918367347	0.0232426303855
-mor	0.719298245614	0.210526315789	0.0350877192983	0.0350877192982
-zze	0.52614379085	0.153594771242	0.0522875816993	0.267973856209
-gon	0.456209407597	0.255658334973	0.24562094076	0.04251131667
-cái	0.0189306728063	0.563571245843	0.056792018419	0.360706062932
-áđa	0.505154639175	0.326148078725	0.11808809747	0.0506091846298
-cán	0.287574502633	0.180693168494	0.385383981477	0.146348347396
-lku	0.126865671642	0.828358208955	0.0	0.044776119403
-lki	0.129107981221	0.464788732394	0.37265258216	0.0334507042253
-vvo	0.717999273612	0.142355497799	0.0507363291923	0.088908899397
-lko	0.839416058394	0.0875912408758	0.0583941605839	0.014598540146
-vlo	0.823529411765	0.176470588235	0.0	0.0
-cát	0.0448559670782	0.174897119342	0.474074074074	0.306172839506
-mon	0.0500745462958	0.932394221377	0.00390725412575	0.0136239782016
-gos	0.0506748153807	0.0522875816994	0.0109862126669	0.886051390253
-vle	0.492853058891	0.375071469411	0.0480274442538	0.0840480274443
-got	0.686035877088	0.203135464451	0.0384551680433	0.0723734904186
-moi	0.0	1.0	0.0	0.0
-lke	0.54475308642	0.123456790123	0.0277777777778	0.304012345679
-hče	0.728571428571	0.164285714286	0.107142857143	0.0
-hča	0.443460739048	0.346946546718	0.0764751614388	0.133117552795
-vet	0.352548738078	0.544258936098	0.0581170524585	0.045075273365
-ber	0.0	1.0	0.0	0.0
-hčo	0.626963350785	0.296956806283	0.0466295811518	0.0294502617801
-hči	0.00782634088853	0.977725029779	0.00180607866658	0.0126425506661
-bet	0.221455124801	0.692511949018	0.00637280934679	0.0796601168349
-ben	0.586206896552	0.206896551724	0.103448275862	0.103448275862
-bel	0.0130718954248	0.986928104575	0.0	0.0
-ižá	0.093137254902	0.877450980392	0.0294117647059	0.0
-bed	0.231578947368	0.768421052632	0.0	0.0
-iso	0.73652604714	0.140744632938	0.0191412700796	0.103588049842
-sár	0.014440433213	0.971119133574	0.00722021660649	0.00722021660651
-ren	0.410647803425	0.178332092331	0.0804169769173	0.330603127327
-uga	0.727330232994	0.267749833074	0.0049199339323	0.0
-sát	0.317981853176	0.46301897168	0.202914489964	0.0160846851801
-rea	0.0544135429263	0.93107617896	0.00725513905683	0.00725513905683
-isa	0.195072884374	0.0992348789658	0.00197876129543	0.703713475364
-táš	0.15438993355	0.517036618125	0.118761487346	0.209811960978
-teš	0.655011655012	0.156177156177	0.111888111888	0.0769230769231
-tno	0.745791824115	0.169014084507	0.0154586052903	0.0697354860873
-eva	0.0571428571429	0.942857142857	0.0	0.0
-res	0.0638320891486	0.130152547874	0.483933787731	0.322081575246
-mo-	0.210656753408	0.690210656753	0.0991325898389	0.0
-sán	0.576304560049	0.122863298092	0.110343835817	0.190488306042
-ret	0.07527402098	0.030835535093	0.0417407853088	0.852149658618
-fes	0.00938232994527	0.156372165755	0.8342455043	0.0
-jur	0.37037037037	0.456790123457	0.0864197530864	0.0864197530865
-jus	0.0333402240873	0.940960019845	0.0159755240418	0.00972423202547
-hab	0.0	1.0	0.0	0.0
-šin	0.492309766205	0.169145495437	0.0963150116417	0.242229726716
-jut	0.44733044733	0.25772005772	0.238672438672	0.056277056277
-ame	0.292418772563	0.404332129964	0.216606498195	0.0866425992779
-mas	0.138663489174	0.202806442699	0.0418457396298	0.616684328497
-mar	0.0	1.0	0.0	0.0
-ŋga	0.068756138941	0.234753102956	0.647081584665	0.0494091734381
-mat	0.0796638606839	0.153537931134	0.0748083910741	0.691989817108
-han	0.577785201512	0.0855662101178	0.0216857967704	0.314962791599
-ebu	0.121212121212	0.0505050505051	0.575757575758	0.252525252525
-mai	0.359575656058	0.578514796203	0.0168844221105	0.0450251256282
-has	0.0985915492958	0.732394366197	0.140845070423	0.0281690140845
-hat	0.290879965618	0.599527246799	0.0304749997558	0.0791177878276
-mal	0.67032967033	0.247252747253	0.010989010989	0.0714285714285
-man	0.0604553400294	0.0693331655891	0.0127379481304	0.857473546251
-vgá	0.379518072289	0.150602409639	0.373493975904	0.0963855421687
-jui	0.186813186813	0.773568536726	0.0274725274725	0.0121457489879
-jun	0.129110840438	0.823386114495	0.0438489646772	0.00365408038977
-juo	0.126249229698	0.0570693674142	0.0285614768373	0.788119926051
-vdá	0.830269579327	0.103925638424	0.0241067024079	0.0416980798407
-laš	0.100362185534	0.335454435684	0.489645713137	0.0745376656446
-čii	0.489197680995	0.0809893256901	0.0433256939547	0.38648729936
-čin	0.206748025843	0.64895908112	0.0882986360373	0.0559942569993
-čis	0.0207048840067	0.880411445823	0.0499773062232	0.048906363947
-čit	0.0588423409018	0.914294851295	0.0115126319156	0.0153501758874
-pta	0.0301507537688	0.969849246231	0.0	0.0
-noš	0.04	0.96	0.0	0.0
-666	0.0	0.0	0.0	1.0
-tra	0.0	0.884615384615	0.0769230769231	0.0384615384615
-ada	0.72326987435	0.180288724348	0.0545869167487	0.0418544845542
-gan	0.603146145394	0.138858365624	0.0370713087733	0.220924180209
-geš	0.0162329296573	0.181654212832	0.789873743881	0.0122391136305
-gal	0.255893151171	0.150403939878	0.0182780822265	0.575424826724
-ipa	0.0310804144055	0.961519486926	0.0014800197336	0.00592007893439
-gai	0.658332016782	0.0590482208998	0.012484420805	0.270135341513
-gus	0.167485203375	0.622717541871	0.11106913487	0.0987281198841
-gat	0.282475812487	0.416089682841	0.122417786854	0.179016717818
-gas	0.13636959676	0.745902868217	0.0833436200325	0.034383914991
-gar	0.0	0.982142857143	0.0178571428572	0.0
-doš	0.948419301165	0.0515806988353	0.0	0.0
-ana	0.446998475869	0.411823753413	0.0721360390104	0.069041731707
-mir	0.247933884298	0.429752066116	0.0	0.322314049587
-sen	0.759860788863	0.208816705336	0.0174013921114	0.0139211136891
-sem	0.0	1.0	0.0	0.0
-vko	0.948653725736	0.0513462742642	0.0	0.0
-sek	0.0	1.0	0.0	0.0
-vki	0.214708201893	0.425276025237	0.333990536278	0.0260252365931
-sei	0.0	1.0	0.0	0.0
-toš	0.389380530973	0.287610619469	0.101769911504	0.221238938053
-kŋa	0.156862745098	0.647058823529	0.176470588235	0.0196078431373
-vke	0.708909795241	0.136137244051	0.0132816823464	0.141671278362
-dis	0.10725394541	0.412223337109	0.0201664356541	0.460356281827
-vka	0.111111111111	0.87962962963	0.0	0.00925925925926
-sea	0.0597014925373	0.940298507463	0.0	0.0
-áfi	0.0111731843575	0.958809305428	0.00625364796131	0.023763862253
-saš	0.113552183207	0.304717759858	0.12741549728	0.454314559654
-oha	0.652766048553	0.267303414889	0.0449609268136	0.0349696097439
-uin	0.115157802427	0.53854458591	0.0438683201011	0.302429291561
-vku	0.103415915916	0.742117117117	0.0578078078079	0.0966591591591
-žet	0.525538186817	0.139893142104	0.0297614829722	0.304807188107
-set	0.201186495952	0.356221270509	0.108226524548	0.334365708991
-ses	0.0565319077848	0.835816906114	0.103240895423	0.00441029067825
-uid	0.0718274334283	0.695357447933	0.0590024398344	0.173812678804
-aos	0.25	0.722222222222	0.0	0.0277777777778
-rsa	0.0685566055216	0.864739670187	0.0111172873819	0.0555864369094
-eda	0.0166748406081	0.974660781429	0.0037600130783	0.00490436488475
-kus	0.0754909218741	0.84922669471	0.0528644991576	0.0224178842582
-kur	0.88679245283	0.0	0.11320754717	0.0
-aot	0.0740740740741	0.740740740741	0.037037037037	0.148148148148
-ieš	0.147395728051	0.0407205264695	0.0347011656896	0.77718257979
-rsi	0.0210526315789	0.919298245614	0.0140350877193	0.0456140350877
-net	0.417508562799	0.180830290918	0.182030555308	0.219630590974
-ian	0.0	0.974947807933	0.0	0.0250521920668
-iai	0.00868525394928	0.979986153943	0.000755239473849	0.0105733526339
-ppi	0.0564784818518	0.130420665575	0.491867392408	0.321233460166
-loš	0.16125	0.4275	0.09375	0.3175
-nen	0.937496131931	0.0225606410061	0.00823125069625	0.0317119763666
-áid	0.0570388481578	0.460896909999	0.154963851655	0.327100390188
-nel	0.115979381443	0.845360824742	0.0386597938144	0.0
-váš	0.0232277526395	0.925188536953	0.0217194570136	0.0298642533937
-cos	0.530670470756	0.400855920114	0.0427960057061	0.0256776034237
-ias	0.0139289622923	0.975591151793	0.00789307863232	0.00258680728285
-tke	0.214285714286	0.69387755102	0.015306122449	0.0765306122449
-kun	0.434570073813	0.493571882485	0.0175978882534	0.054260155448
-kum	0.0	0.820224719101	0.0	0.179775280899
-áin	0.12304424412	0.495803543674	0.100973992332	0.280178219874
-kui	0.597000280348	0.327375946173	0.0386879730866	0.0369358003925
-ban	0.290274684484	0.534892353378	0.131031922791	0.0438010393467
-sás	0.0941558441558	0.866883116883	0.038961038961	0.0
-eka	0.00950118764845	0.976247030879	0.0	0.0142517814727
-naš	0.610169491525	0.0593220338983	0.0	0.330508474576
-lge	0.653743248019	0.0882932000606	0.00575495986673	0.252208592054
-bai	0.89564094926	0.0363419719988	0.0312779267203	0.0367391520207
-jot	0.227330779055	0.159642401022	0.505747126437	0.107279693487
-djá	0.582759244967	0.114712860532	0.0111482720178	0.291379622483
-las	0.242373741033	0.536917614666	0.173755524962	0.0469531193392
-šás	0.114160633103	0.337598922377	0.469439299545	0.0788011449739
-jos	0.0305469890137	0.0148699823372	0.0138294658086	0.94075356284
-hor	0.0	1.0	0.0	0.0
-jon	0.634003160985	0.268457891172	0.046060058704	0.0514788891397
-nae	0.0	1.0	0.0	0.0
-eđe	0.941462862319	0.00951086956522	0.00973731884058	0.0392889492754
-bat	0.299023442957	0.545481851966	0.0569169297829	0.0985777752941
-bas	0.100267379679	0.602606951872	0.132185828877	0.164939839572
-mái	0.0591391619129	0.722497425542	0.0180037222412	0.200359690304
-ase	0.872340425532	0.127659574468	0.0	0.0
-asa	0.132245976346	0.554152524469	0.0663065356767	0.247294963509
-hit	0.728145871823	0.155352017286	0.0513248160554	0.0651772948351
-asi	0.230238574303	0.479448117275	0.036217303823	0.254096004599
-ski	0.163995067817	0.119605425401	0.716399506782	0.0
-hpa	0.0889461216724	0.557540865175	0.336417186003	0.0170958271494
-lta	0.0	1.0	0.0	0.0
-vel	0.129733313688	0.0344040076617	0.0982761161043	0.737586562546
-rat	0.379737246595	0.394328296419	0.129857260512	0.0960771964749
-iar	0.0588235294118	0.829411764706	0.111764705882	0.0
-ras	0.0731237254865	0.622374740333	0.23062739418	0.0738741400011
-rgá	0.432	0.46	0.016	0.092
-ran	0.522739175978	0.376134776536	0.0192475558659	0.0818784916201
-eri	0.0	1.0	0.0	0.0
-ral	0.653846153846	0.211538461538	0.0961538461538	0.0384615384615
-ram	0.0	1.0	0.0	0.0
-red	0.0	1.0	0.0	0.0
-rah	0.0	0.880239520958	0.059880239521	0.059880239521
-ero	0.227027027027	0.772972972973	0.0	0.0
-era	0.00316330565441	0.996836694346	0.0	0.0
-gen	0.649623733326	0.257192534435	0.0372734928958	0.0559102393436
-rsá	0.216417910448	0.514925373134	0.089552238806	0.179104477612
-vká	0.764376996805	0.0830670926518	0.0375399361022	0.115015974441
-oza	0.827609411983	0.0992945653687	0.0170557386179	0.0560402840302
-oze	0.595160235448	0.22171353826	0.0	0.183126226292
-pos	0.644268774704	0.142292490119	0.189723320158	0.0237154150198
-đin	0.0839865621501	0.778275475924	0.080627099664	0.057110862262
-đii	0.763848266977	0.0562046011566	0.0265673476339	0.153379784233
-nni	0.10542089026	0.847774349934	0.0309387395328	0.0158660202732
-pot	0.0249500998004	0.932135728543	0.00299401197605	0.0399201596806
-opa	0.0196078431373	0.980392156863	0.0	0.0
-đit	0.365117682559	0.338563669282	0.0832830416415	0.213035606518
-tká	0.879605604567	0.0736896730669	0.0467047223663	0.0
-pon	0.791994764404	0.0899824863902	0.0124234472848	0.105599301921
-đis	0.137148337596	0.55637254902	0.247868712702	0.058610400682
-ugo	0.0534185471345	0.0279374428902	0.0130994526413	0.905544557334
-sku	0.295395701105	0.655307114678	0.0160127068577	0.0332844773594
-gea	0.550331459958	0.315266781758	0.0	0.134401758284
-đut	0.280442804428	0.592250922509	0.0940959409594	0.0332103321033
-čet	0.484343093962	0.218764145534	0.1434922998	0.153400460704
-ike	0.279889252454	0.159493246078	0.0266800906116	0.533937410857
-fái	0.0337078651685	0.936329588015	0.0149812734083	0.0149812734082
-dni	0.0217978025554	0.939628138093	0.00780267898132	0.0307713803699
-ika	0.0254037944694	0.913328230634	0.00392264473425	0.0573453301626
-iko	0.478395061728	0.361111111111	0.112654320988	0.0478395061728
-lan	0.700078090902	0.160840392622	0.0497066653761	0.0893748510997
-nos	0.209591944886	0.269828652182	0.0163840310899	0.504195371843
-not	0.596683297044	0.269264912109	0.0554546496338	0.0785971412133
-lai	0.797412537016	0.104165975944	0.034049009634	0.0643724774068
-iki	0.0571281523417	0.89552238806	0.0319094184251	0.0154400411734
-lat	0.432233401319	0.429937556065	0.0731617635702	0.064667279046
-uja	0.0610820244328	0.928446771379	0.0	0.0104712041885
-iku	0.189105403012	0.375110717449	0.425155004429	0.0106288751107
-nok	0.0268456375839	0.973154362416	0.0	0.0
-iks	0.0148148148148	0.962962962963	0.0	0.0222222222222
-ási	0.322674418605	0.59011627907	0.0697674418605	0.0174418604651
-non	0.793955112517	0.132445677639	0.0277815199213	0.0458176899226
-hká	0.423188439339	0.204883141776	0.0974434963428	0.274484922542
-noa	0.0	1.0	0.0	0.0
-ppa	0.0296277349477	0.353656587676	0.283198842044	0.333516835333
-čen	0.313978806793	0.173900420961	0.110465960226	0.401654812019
-isu	0.009029868025	0.701859998456	0.00926140310258	0.279848730416
-ppe	0.0903220769501	0.125134439902	0.00963929050729	0.77490419264
-nái	0.0551030186871	0.858768567322	0.0321034978438	0.0540249161475
-dot	0.437123627347	0.409139213603	0.0991852639036	0.054551895147
-dos	0.701866517532	0.155989201029	0.0408956088402	0.101248672599
-gaš	0.160366552119	0.440626193204	0.313096601756	0.0859106529209
-gel	0.012312858542	0.916048691759	0.0114733454596	0.0601651042396
-áje	0.638009049774	0.205882352941	0.101809954751	0.0542986425339
-bon	0.240571738864	0.244442887421	0.323705092049	0.191280281665
-aha	0.771388228446	0.146181974309	0.0433841038129	0.0390456934316
-fán	0.450450450451	0.261261261261	0.108108108108	0.18018018018
-ája	0.138461538462	0.774358974359	0.0564102564102	0.0307692307692
-evi	0.0407854984894	0.932024169184	0.00906344410877	0.0181268882175
-bot	0.147731782823	0.170701698682	0.285045245277	0.396521273218
-cca	0.108731466227	0.0846188407968	0.0170735360192	0.789576156957
-rpe	0.0	0.96335078534	0.0366492146597	0.0
-aka	0.0	1.0	0.0	0.0
-bos	0.0	1.0	0.0	0.0
-don	0.0200778771101	0.0198769801644	0.00251712055589	0.95752802217
-áju	0.0843091334895	0.915690866511	0.0	0.0
-dok	0.0	1.0	0.0	0.0
-kčá	0.612903225806	0.370967741936	0.0161290322581	0.0
-get	0.477810434685	0.205456160716	0.0653478241241	0.251385580475
-sas	0.167274578933	0.666893364008	0.0537403796418	0.112091677417
-sar	0.0	1.0	0.0	0.0
-dda	0.267049964933	0.469165433874	0.0969671058209	0.166817495373
-dek	0.0298210735586	0.958250497018	0.0	0.0119284294235
-vot	0.706205447223	0.189832043267	0.0337557060633	0.0702068034468
-dde	0.742897841275	0.109359794554	0.0539332787345	0.0938090854361
-sat	0.198879975023	0.34846798768	0.256304191444	0.196347845853
-ton	0.626695398656	0.14463176575	0.0874635568513	0.141209278743
-ibu	0.116129032258	0.058064516129	0.709677419355	0.116129032258
-rvu	0.660608178959	0.188046137714	0.0664103460329	0.0849353372946
-mpe	0.202024958794	0.797975041206	0.0	0.0
-ddo	0.145345691925	0.192964739544	0.0839133936836	0.577776174848
-olu	0.181201044386	0.790600522193	0.0093994778068	0.0187989556136
-ila	0.0171231479169	0.877452780757	0.00776173196806	0.0976623393583
-fus	0.0608277591973	0.529055183946	0.0614548494984	0.348662207358
-rvo	0.815903860905	0.0521605727436	0.0107389414472	0.121196624904
-oli	0.0258302583026	0.791717917179	0.00738007380074	0.175071750718
-tot	0.216071882682	0.393277952022	0.0238196151564	0.36683055014
-đge	0.649517782253	0.310511892686	0.0199851625308	0.0199851625308
-ddu	0.0603787563087	0.826086956522	0.0701023290272	0.0434319581423
-nnu	0.0571936583197	0.877092902652	0.0286709142095	0.0370425248185
-saj	0.0	1.0	0.0	0.0
-sai	0.689229116304	0.26242277733	0.0161160354553	0.0322320709105
-aja	0.12573964497	0.838948272571	0.00906661576637	0.0262454666921
-san	0.280565892437	0.500347946634	0.0702556806667	0.148830480263
-von	0.716767624595	0.16938817886	0.065611673487	0.0482325230578
-sal	0.889632107023	0.0602006688963	0.0	0.0501672240803
-rot	0.68133779846	0.267820641065	0.0124820597573	0.0383595007176
-vás	0.0805369127517	0.446308724832	0.446308724832	0.0268456375839
-iel	0.0	1.0	0.0	0.0
-vát	0.304924112355	0.489870201223	0.181306228968	0.0238994574549
-ien	0.240348692403	0.281444582814	0.0410958904109	0.437110834371
-ssá	0.423279786374	0.391974175479	0.0413589572286	0.143387080918
-hái	0.916666666667	0.0833333333333	0.0	0.0
-loe	0.0	0.934426229508	0.0327868852459	0.0327868852459
-ámu	0.104288062155	0.754669057224	0.03585835948	0.105184521141
-hán	0.0722891566265	0.168674698795	0.578313253012	0.180722891566
-loa	0.10243902439	0.575609756098	0.117073170732	0.20487804878
-ámi	0.30078125	0.516145833333	0.0716145833333	0.111458333333
-kka	0.158038219321	0.605759393769	0.0717990894885	0.164403297422
-hás	0.0205991832605	0.104929348415	0.788280148892	0.0861913194318
-hát	0.0313744705064	0.0683757981918	0.190175128027	0.710074603275
-áma	0.0298741019987	0.948787253717	0.0170709154278	0.00426772885696
-ime	0.430769230769	0.338461538462	0.138461538462	0.0923076923077
-lot	0.127753336213	0.057244504308	0.0224366247703	0.792565534709
-vái	0.126639956006	0.564459109121	0.0787178882866	0.230183046586
-áme	0.923330585326	0.0656773838967	0.0	0.0109920307777
-iet	0.141973608433	0.142900067607	0.0525828179382	0.662543506022
-neš	0.680455015512	0.0227507755946	0.0982419855222	0.198552223371
-rdu	0.362416107383	0.0402684563758	0.597315436242	0.0
-hku	0.136621983914	0.696621983914	0.0248793565684	0.141876675603
-iká	0.632911392405	0.177215189873	0.0253164556962	0.164556962025
-lga	0.167397876838	0.225068764065	0.21672614853	0.390807210566
-ham	0.0177232447171	0.94205862304	0.0013633265167	0.038854805726
-rde	0.877308707124	0.0751978891821	0.0158311345646	0.0316622691293
-ján	0.385295657465	0.249465849759	0.166152561799	0.199085930978
-vos	0.628276751182	0.131929522991	0.0988397077782	0.140954018049
-rda	0.632115548003	0.278674596432	0.0305862361937	0.0586236193713
-hka	0.0891665346	0.566537385027	0.0299619979616	0.314334082411
-hko	0.280963653156	0.102957252229	0.0120269815858	0.604052113029
-ppá	0.218263050206	0.524860235751	0.078048894992	0.178827819052
-šen	0.161943319838	0.676113360324	0.0242914979757	0.137651821862
-rdi	0.240024554942	0.60773480663	0.0712093308778	0.0810313075507
-kšu	0.387878787879	0.575757575758	0.0	0.0363636363636
-hki	0.160044611738	0.750662205493	0.0526976160602	0.0365955667085
-sau	0.0	0.88	0.12	0.0
-oka	0.0	1.0	0.0	0.0
-ahá	0.0389455991473	0.472061657033	0.400032796294	0.0889599475259
-gái	0.130874190765	0.75100129131	0.0357060171572	0.0824185007683
-gát	0.206007200499	0.283575823626	0.351904230823	0.158512745052
-gás	0.0623645585634	0.330037835748	0.44237369537	0.165223910319
-dne	0.715137141935	0.215391683326	0.0130374858761	0.0564336888635
-kče	0.75641025641	0.179487179487	0.0384615384615	0.025641025641
-jái	0.132307430339	0.392059415782	0.0582119429523	0.417421210927
-rus	0.137913020765	0.615254015933	0.0248138957816	0.22201906752
-ddi	0.0651201284786	0.879808464415	0.0261735741979	0.0288978329089
-čan	0.492516238351	0.206015249929	0.112397627789	0.189070883931
-tia	0.0	0.965811965812	0.034188034188	0.0
-ddá	0.447614217987	0.0523700576299	0.0322546406585	0.467761083725
-bit	0.251871913334	0.554564282301	0.153417237534	0.0401465668313
-mpá	0.58361774744	0.300341296928	0.0682593856655	0.0477815699658
-ŋot	0.425	0.225	0.3	0.05
-sto	0.0869917757443	0.0365458125796	0.00295378199931	0.873508629677
-sti	0.101979100165	0.798225866066	0.0739222472363	0.0258727865327
-ste	0.0600401044581	0.0589209102779	0.00235497108749	0.878684014176
-gui	0.493973263204	0.251808021039	0.0499671268902	0.204251588867
-sta	0.70583452473	0.19562643323	0.0465097039563	0.0520293380834
-raš	0.27291886196	0.541900061006	0.124618712218	0.0605623648162
-ssi	0.0370135000515	0.595330516529	0.344829560418	0.0228264230016
-lfa	0.0	1.0	0.0	0.0
-ain	0.116376052189	0.555843288527	0.0632183765553	0.264562282729
-žon	0.711016949153	0.0477602905569	0.0310532687651	0.210169491525
-ssa	0.0513639886662	0.830315394585	0.0527398097913	0.0655808069578
-sse	0.610754970721	0.323531599335	0.0160413940333	0.0496720359102
-yke	0.111111111111	0.888888888889	0.0	0.0
-đen	0.851735015773	0.0567823343848	0.01261829653	0.0788643533123
-ige	0.197672499175	0.503879168042	0.0132056784417	0.285242654341
-kki	0.134837350824	0.685172464712	0.103732065429	0.0762581190346
-ium	0.0260910815939	0.67220113852	0.296015180266	0.0056925996205
-cut	0.402985074627	0.0298507462687	0.238805970149	0.328358208955
-žot	0.396132151491	0.0908944399678	0.0193392425463	0.493634165995
-saf	0.0	1.0	0.0	0.0
-lei	0.734820876941	0.00916494099602	0.00161442050066	0.254399761562
-oit	0.164927633793	0.164591046786	0.0902053180748	0.580276001346
-lel	0.0	1.0	0.0	0.0
-ion	0.0	0.933333333333	0.0	0.0666666666666
-vji	0.0358565737051	0.892430278885	0.0	0.0717131474104
-ccá	0.373022978215	0.268874962698	0.0268576544315	0.331244404655
-šat	0.143911644944	0.101243402433	0.10408978431	0.650755168313
-káš	0.189087488241	0.191909689558	0.276575729069	0.342427093133
-mun	0.0223478972357	0.0201402886692	0.00091383223306	0.956597981862
-mui	0.108019546394	0.609262628476	0.0681790038198	0.21453882131
-čat	0.145266160979	0.60496827531	0.130397312409	0.119368251302
-águ	0.151898734177	0.677215189873	0.151898734177	0.0189873417721
-gis	0.101881408817	0.557569382685	0.0506048777621	0.289944330736
-čai	0.793346129239	0.0632597568778	0.00727767114523	0.136116442738
-mut	0.11038536904	0.771391247551	0.0750054430655	0.043217940344
-ági	0.304446978335	0.558722919042	0.0957810718358	0.0410490307867
-oid	0.511111111111	0.177777777778	0.177777777778	0.133333333333
-šai	0.653005464481	0.170765027322	0.0607923497268	0.11543715847
-čal	0.725641025641	0.253846153846	0.0205128205129	0.0
-tos	0.303871297422	0.509048298708	0.055188454829	0.13189194904
-ola	0.252016870602	0.54289374954	0.0418086854172	0.163280694441
-ios	0.0183486238532	0.981651376147	0.0	0.0
--ja	0.112136121361	0.580873308733	0.300840508405	0.00615006150063
-esá	0.0226700251889	0.977329974811	0.0	0.0
-les	0.0623909249564	0.0888598022106	0.485602094241	0.363147178592
-let	0.490090399012	0.184557424505	0.0483608678152	0.276991308668
-rve	0.741701244813	0.133817427386	0.0311203319502	0.0933609958506
-áge	0.273245457784	0.409690060563	0.149625935162	0.167438546491
-iot	0.0	1.0	0.0	0.0
-lje	0.0231965332654	0.0295692072394	0.00841192964568	0.93882232985
-rra	0.11784854788	0.181677705761	0.0940369957571	0.606436750602
-lja	0.0228793929145	0.942304139607	0.00497378106836	0.0298426864102
-ánu	0.0	0.994423791822	0.0	0.00557620817845
-rre	0.465749059908	0.0358900020093	0.295777477969	0.202583460114
-fas	0.0416321479881	0.0800483785834	0.0105915540222	0.867727919406
-ljo	0.844660194175	0.155339805825	0.0	0.0
-alu	0.176248426353	0.763323541754	0.0453210239194	0.0151070079731
-lji	0.0597629417756	0.45621790288	0.0520271295152	0.431992025829
-gir	0.0814111261872	0.242876526459	0.521031207598	0.154681139756
-stá	0.342950028584	0.142026809564	0.14034434564	0.374678816213
-gŋu	0.769230769231	0.164835164835	0.0	0.0659340659341
-gin	0.223103683714	0.613681438372	0.0998146763338	0.0634002015802
-gil	0.209580838323	0.107784431138	0.0	0.682634730539
-đgi	0.0292916561634	0.91671288127	0.0275270985631	0.026468364003
-sam	0.0	1.0	0.0	0.0
-ndo	0.263157894737	0.0	0.631578947368	0.105263157895
-ali	0.110471645143	0.718276249298	0.0168444693992	0.154407636159
-nda	0.395348837209	0.139534883721	0.186046511628	0.279069767442
-áni	0.0891084371935	0.83918618281	0.00843240915724	0.0632729708394
-ale	0.368171745716	0.181524324544	0.0577655282976	0.392538401443
-tja	0.0	1.0	0.0	0.0
-gia	0.0344827586207	0.862068965517	0.0862068965517	0.0172413793103
-ala	0.262687357613	0.157736048906	0.0939967950034	0.485579798478
-lon	0.284159613059	0.551088270859	0.109733978235	0.0550181378476
-uva	0.459741191125	0.270755352009	0.204622995028	0.0648804618382
-áli	0.139300134589	0.741588156124	0.0444145356662	0.0746971736205
-obe	0.427586206896	0.0965517241379	0.103448275862	0.372413793104
-zeš	0.307692307692	0.179487179487	0.410256410256	0.102564102564
-yon	0.0322580645161	0.967741935484	0.0	0.0
-njá	0.0189725627554	0.927271842771	0.0077836154894	0.0459719789843
-ččá	0.784480526686	0.106779598328	0.0155342678552	0.093205607131
-ále	0.886968387537	0.0539003866272	0.0	0.0591312258358
-šad	0.0	1.0	0.0	0.0
-pel	0.0377754459601	0.94648478489	0.00944386149003	0.00629590766002
-pen	0.533333333333	0.288888888889	0.0888888888889	0.0888888888889
-ros	0.0915099135739	0.557300725122	0.301822171086	0.0493671902176
-ogu	0.158607350097	0.673114119923	0.0232108317215	0.145067698259
-rku	0.0335753176044	0.958257713249	0.002722323049	0.00544464609801
-elu	0.0558766859345	0.886319845857	0.0308285163776	0.0269749518304
-ogi	0.0830650390889	0.127218062843	0.0219643132206	0.767752584848
-eli	0.0	0.972972972973	0.0	0.027027027027
-ogo	0.143574297189	0.0672690763052	0.0361445783132	0.753012048193
-pes	0.0421186981493	0.484365028717	0.465858328015	0.00765794511805
-oga	0.0574563303017	0.839468745489	0.0142437803763	0.0888311438333
-rka	0.0502253702511	0.831294269156	0.0437862202189	0.0746941403735
-ela	0.114090865225	0.808156033513	0.0431814497639	0.0345716514981
-lso	0.850828729282	0.0580110497237	0.0580110497237	0.0331491712707
-cci	0.216325080465	0.169135099112	0.191602214126	0.422937606297
-ját	0.122217163124	0.466797670685	0.282537324163	0.128447842028
-žii	0.121538346086	0.157951992837	0.0272170813628	0.693292579714
-jár	0.0561403508771	0.901754385965	0.0421052631579	0.0
-jás	0.0687207936627	0.100715529233	0.00749681385411	0.82306686325
-eja	0.19274611399	0.368911917098	0.0	0.438341968912
-ášu	0.256348246675	0.646916565901	0.0	0.0967351874244
-lán	0.826560197728	0.0913699954054	0.0251120934138	0.0569577134528
-itu	0.259441707718	0.545155993432	0.107389162562	0.088013136289
-cce	0.747699757869	0.0789346246973	0.000968523002422	0.172397094431
-lái	0.146048290726	0.367588943468	0.0633805666378	0.422982199168
-vjá	0.0351773902586	0.163259170174	0.118761274805	0.682802164763
-nuš	0.892156862745	0.078431372549	0.0294117647059	0.0
-lát	0.869513216122	0.0778614998206	0.0199338197185	0.0326914643384
-jan	0.635296043537	0.14357637925	0.0904703876329	0.13065718958
-uta	0.0	1.0	0.0	0.0
