jer-	0.00811553732711	0.986997687508	0.0	0.00488677516471
kud-	0.26975711026	0.657030971014	0.00940569789189	0.0638062208342
ni'-	0.794140081029	0.0863690860259	0.0101763763377	0.109314456607
tut-	0.0593070770533	0.7016847511	0.0630321400001	0.175976031847
siu-	0.277623026927	0.462395543176	0.176415970288	0.08356545961
gin-	0.603254975841	0.143727670328	0.0592650598916	0.19375229394
fig-	0.0357142857143	0.964285714286	0.0	0.0
maa-	0.290411839647	0.221888517187	0.405830929011	0.0818687141552
ris-	0.420285789613	0.386707968311	0.0816805418505	0.111325700225
ipu-	0.37493002317	0.390083894444	0.109759953556	0.12522612883
ta'-	0.12291926326	0.558426810691	0.101371001246	0.217282924803
i'r-	0.852021174206	0.0899903753609	0.0175649663138	0.0404234841193
udi-	0.309027777778	0.565972222222	0.0416666666667	0.0833333333333
dae-	0.656695156695	0.232193732194	0.0897435897436	0.0213675213675
uar-	0.0355977454761	0.878967665381	0.0711954909523	0.0142390981904
tum-	0.255780722976	0.644562453245	0.030550785509	0.0691060382691
eno-	0.0	0.963636363636	0.0363636363636	0.0
aku-	0.635427444467	0.121671482384	0.0942044403056	0.148696632843
ite-	0.423664122137	0.404580152672	0.0152671755725	0.156488549618
day-	0.0273931532896	0.937813123782	0.0131442953285	0.0216494275999
lis-	0.172575167642	0.519105738643	0.102237615603	0.206081478113
ism-	0.780303030303	0.0757575757576	0.0530303030303	0.0909090909091
rib-	0.0193418383508	0.36888996718	0.0679323103051	0.543835884165
ana-	0.192271423407	0.212388111335	0.0388811142874	0.556459350971
duy-	0.0301507537688	0.964824120603	0.00502512562814	0.0
and-	0.300211698316	0.15263381257	0.0502181409338	0.49693634818
pid-	0.267159630916	0.55234726277	0.0931233618174	0.0873697444968
bap-	0.0888163355653	0.877981295999	0.0083005921089	0.0249017763267
ipy-	0.331337419828	0.290937921568	0.258443187466	0.119281471138
uwa-	0.166656954723	0.808344502069	0.0249985432084	0.0
nun-	0.0899601579261	0.442769835404	0.451765851196	0.0155041554742
euf-	0.0	1.0	0.0	0.0
der-	0.0136570561457	0.986342943854	0.0	0.0
luo-	0.0693474820814	0.417876756958	0.0486363213255	0.464139439635
kat-	0.209476152273	0.471230875627	0.0644806629103	0.25481230919
neg-	0.0344827586207	0.965517241379	0.0	0.0
ayu-	0.132140901624	0.199549796191	0.599561963862	0.0687473383221
mao-	0.166498787213	0.122543805946	0.25617453686	0.45478286998
mil-	0.116955598938	0.531260545187	0.167638396387	0.184145459488
dis-	0.372771678218	0.432161994881	0.110544834085	0.0845214928152
tib-	0.0491113189897	0.685453695042	0.251403180543	0.0140318054256
gan-	0.114409618961	0.816248936539	0.0149072812281	0.0544341632724
hwi-	0.0439625325425	0.943825652862	0.0	0.0122118145951
ari-	0.107306611058	0.744131148709	0.0972925266511	0.0512697135819
swa-	0.218446601942	0.577669902913	0.203883495146	0.0
puo-	0.248250949754	0.499489582473	0.0209957598585	0.231263707915
ini-	0.608360384403	0.207136350223	0.0811532095613	0.103350055813
bay-	0.12771687531	0.637588632774	0.191275431991	0.0434190599253
mig-	0.317970132584	0.626668996118	0.0425852856139	0.0127755856842
mas-	0.221829509377	0.25732512806	0.296008787204	0.22483657536
gig-	0.17843866171	0.654275092937	0.167286245353	0.0
uga-	0.21790105805	0.349442379182	0.128395767801	0.304260794967
jac-	0.0	1.0	0.0	0.0
paf-	0.0	1.0	0.0	0.0
mar-	0.274003637852	0.452490440586	0.168983336568	0.104522584994
uli-	0.037361894426	0.581546782429	0.354937997047	0.0261533260982
abr-	0.0691181025709	0.886632151865	0.0292933315633	0.0149564140006
bik-	0.15125811335	0.848079442358	0.0	0.000662444292045
zaq-	0.016077170418	0.950160771704	0.00482315112542	0.0289389067524
sug-	0.474512743628	0.350824587706	0.163418290855	0.0112443778111
has-	0.0414078674948	0.92132505176	0.0372670807453	0.0
zac-	0.0660934981193	0.908113917249	0.00322407307899	0.0225685115529
her-	0.0180022210533	0.936115494769	0.0388684318195	0.00701385235841
mul-	0.390956683187	0.459559879123	0.0237904675368	0.125692970152
gaw-	0.518390280476	0.264331675481	0.0387001734946	0.178577870548
ate-	0.00434593654933	0.995654063451	0.0	0.0
euo-	0.100840336135	0.899159663865	0.0	0.0
kam-	0.176481280442	0.140447146302	0.0198637265446	0.663207846712
ibi-	0.639663370813	0.156101889125	0.0406572690695	0.163577470993
sin-	0.367407869683	0.113489276211	0.0251097546399	0.493993099466
syu-	0.0880224798033	0.733544081489	0.0332982086407	0.145135230067
dor-	0.0263157894737	0.956140350877	0.0	0.0175438596491
tag-	0.190190136707	0.224288464992	0.0255638657991	0.559957532501
pat-	0.303499046012	0.544303661534	0.0270350037162	0.125162288737
alt-	0.00430622009569	0.995693779904	0.0	0.0
maw-	0.425178147268	0.403800475059	0.128266033254	0.042755344418
jor-	0.0	1.0	0.0	0.0
uam-	0.103830716252	0.85486028911	0.0142348562604	0.0270741383776
dya-	0.112972904949	0.170738602938	0.0244544593768	0.691834032736
saw-	0.135578562769	0.0962159929642	0.0239793695777	0.744226074689
awr-	0.027666198316	0.906467271653	0.00963185216547	0.0562346778654
naa-	0.597587297338	0.228738266937	0.0852198258794	0.088454609846
jam-	0.01171875	0.828125	0.13671875	0.0234375
kid-	0.672505095044	0.204208200262	0.0435129545978	0.079773750096
nig-	0.460373106298	0.397395768123	0.0348065606611	0.107424564918
por-	0.135593220339	0.864406779661	0.0	0.0
alf-	0.0	1.0	0.0	0.0
pas-	0.475512632299	0.334961072259	0.070170139145	0.119356156298
cos-	0.0	1.0	0.0	0.0
noe-	0.0	1.0	0.0	0.0
sig-	0.461383285275	0.204990269631	0.099327842347	0.234298602747
nge-	0.454545454545	0.509090909091	0.0363636363636	0.0
nai-	0.468805372133	0.260558895701	0.106778331724	0.163857400442
bak-	0.16014726098	0.626609839711	0.0296204834199	0.183622415889
miu-	0.403815580286	0.497615262321	0.0985691573927	0.0
ped-	0.0307536211602	0.949373731719	0.00314883493107	0.0167238121895
say-	0.119786631767	0.113038245028	0.0379371063588	0.729238016846
usb-	0.788888888889	0.133333333333	0.0722222222222	0.00555555555556
gug-	0.0564836719477	0.863071536182	0.0449851529632	0.0354596389075
epa-	0.0489260143198	0.891408114559	0.0525059665871	0.0071599045346
bwa-	0.397959183674	0.418367346939	0.0	0.183673469388
sap-	0.209024599337	0.530053164832	0.0458897076612	0.215032528169
asi-	0.199413258176	0.658607524848	0.057622968966	0.0843562480108
gun-	0.155674362747	0.817357301268	0.00856137650304	0.0184069594815
nan-	0.208608957054	0.114634058277	0.0176038931604	0.659153091509
ses-	0.44791086351	0.383286908078	0.0885793871866	0.0802228412256
153-	0.0	0.0	0.0952380952381	0.904761904762
nis-	0.558563183688	0.28987550837	0.0702345619453	0.0813267459966
miw-	0.142857142857	0.8	0.0571428571429	0.0
usi-	0.440574252765	0.302894798776	0.0183572605319	0.238173687927
kya-	0.0765550239234	0.789473684211	0.0	0.133971291866
bir-	0.275037619127	0.238421668617	0.411302457783	0.0752382544724
tol-	0.137614678899	0.862385321101	0.0	0.0
mel-	0.00633847454046	0.974646101838	0.0	0.0190154236213
tab-	0.0983241718149	0.845490587148	0.0332003697037	0.0229848713334
kri-	0.0374531835206	0.780774032459	0.150312109863	0.0314606741573
biy-	0.543103448276	0.353448275862	0.051724137931	0.051724137931
tyi-	0.230751192058	0.564058469476	0.101539904635	0.103650433831
mir-	0.488288022127	0.327687973008	0.0944860767616	0.0895379281032
isa-	0.383247818241	0.534827867431	0.0426719238648	0.0392523904626
joe-	0.0	1.0	0.0	0.0
mus-	0.0661957830141	0.7952067963	0.138597420686	0.0
eut-	0.119047619048	0.761904761905	0.0952380952381	0.0238095238095
pud-	0.167776298269	0.507323568575	0.0479360852197	0.276964047936
dio-	0.0427136250027	0.906532623462	0.0176950421014	0.0330587094341
bab-	0.0574477663711	0.696098546196	0.0385589324269	0.207894755006
ita-	0.208368802763	0.0696873408194	0.01905698404	0.702886872378
rya-	0.135245901639	0.864754098361	0.0	0.0
war-	0.294193548387	0.572903225807	0.101935483871	0.0309677419355
i'y-	0.329411764706	0.176470588235	0.470588235294	0.0235294117647
fla-	0.0	0.969072164948	0.0309278350515	0.0
moi-	0.0556156208105	0.936945898024	0.00103792760455	0.00640055356139
ura-	0.205469204555	0.606682736265	0.0209458897847	0.166902169396
kom-	0.0305393698922	0.0200878376686	0.0056816695625	0.943691122877
amr-	0.588486140725	0.373134328358	0.0383795309169	0.0
kod-	0.323817292007	0.185426862425	0.0516585100599	0.439097335508
ede-	0.11836670043	0.0279003947363	0.024013471887	0.829719432947
jud-	0.0491327885746	0.799650608466	0.107324423497	0.0438921794616
nu'-	0.0944581361366	0.126115024754	0.348084011254	0.431342827855
oni-	0.0	0.862068965517	0.137931034483	0.0
uba-	0.278051747321	0.590297074553	0.040196378275	0.0914547998513
mi'-	0.119826063392	0.0114418772708	0.00403978561535	0.864692273722
cis-	0.0	0.960784313725	0.0392156862745	0.0
mal-	0.319417110431	0.244076407541	0.369331703104	0.0671747789239
pek-	0.048128342246	0.839572192513	0.112299465241	0.0
sab-	0.183130948474	0.617984903183	0.0905808992452	0.108303249098
dwa-	0.44428322693	0.194428322693	0.116076610563	0.245211839814
aki-	0.00513195497296	0.34310976346	0.651758281567	0.0
nin-	0.0623003949992	0.0185444105893	0.000456574710538	0.918698619701
tik-	0.790124245425	0.119326711169	0.0147561404069	0.0757929029992
tao-	0.0196336006099	0.950915998475	0.00595274061045	0.0234976603044
ary-	0.0338345864662	0.625939849624	0.221804511278	0.118421052632
tuw-	0.040404040404	0.959595959596	0.0	0.0
sir-	0.144920936574	0.486054531847	0.0785020271203	0.290522504459
lyd-	0.031914893617	0.968085106383	0.0	0.0
lim-	0.137168339205	0.0990855471879	0.0511006699476	0.712645443659
mab-	0.24196710968	0.283851628106	0.357784594438	0.116396667777
dim-	0.0643660977534	0.885179186911	0.0473402267348	0.00311448860097
ira-	0.432333546933	0.446079748641	0.0363809248196	0.085205779606
sak-	0.15804240158	0.463151066785	0.0866656273922	0.292140904243
apa-	0.0967741935484	0.845161290323	0.058064516129	0.0
ALL	0.226221572681	0.279722693313	0.0528735210375	0.441182212969
san-	0.113821507311	0.406364348044	0.391038496599	0.0887756480468
dud-	0.0847668084637	0.876744478504	0.0270337389155	0.0114549741167
puk-	0.4446361655	0.426447757761	0.0500748397249	0.0788412370137
nii-	0.611504743605	0.27032544734	0.076378047316	0.0417917617389
mae-	0.182887562787	0.665908212768	0.0154552869961	0.135748937449
cil-	0.0	1.0	0.0	0.0
per-	0.103427296694	0.784019468668	0.109511255323	0.00304197931454
ger-	0.0357751277683	0.923339011925	0.0102214650767	0.03066439523
nef-	0.018691588785	0.981308411215	0.0	0.0
arm-	0.0407407407408	0.911111111111	0.0074074074074	0.0407407407407
nea-	0.044731610338	0.909542743539	0.0159045725646	0.0298210735586
big-	0.296393499989	0.0924480020996	0.015309581611	0.5958489163
rur-	0.173333333333	0.726666666667	0.085	0.015
tel-	0.0102040816326	0.0612244897959	0.928571428571	0.0
mii-	0.605413843453	0.250377042955	0.0495233163132	0.0946857972788
lwa-	0.0506329113924	0.91829689298	0.0	0.0310701956271
gas-	0.439790575916	0.560209424084	0.0	0.0
ata-	0.133878707045	0.0928843878817	0.131468329766	0.641768575307
far-	0.031007751938	0.953488372093	0.015503875969	0.0
ces-	0.0639474593847	0.932250259246	0.0	0.00380228136882
si'-	0.149333588883	0.242362961611	0.0161788498075	0.592124599699
ins-	0.0544705561822	0.920563772234	0.0249656715835	0.0
baw-	0.630378130004	0.307773449693	0.0523332787174	0.009515141585
lum-	0.526329422839	0.170456006921	0.0476181780065	0.255596392234
uan-	0.00955223880597	0.983641791045	0.000716417910449	0.0060895522388
lev-	0.150353178607	0.75126135217	0.00807265388497	0.090312815338
num-	0.0510638297872	0.914893617021	0.0	0.0340425531915
kla-	0.19285428491	0.456664838992	0.14190661075	0.208574265349
adi-	0.076937366482	0.819777702096	0.0430663488033	0.0602185826186
bin-	0.620812151236	0.305241237251	0.0252636007531	0.0486830107598
kur-	0.161801508932	0.587385201233	0.176512097471	0.0743011923646
iku-	0.501029820005	0.37807826632	0.104772991851	0.0161189218232
tek-	0.151828525377	0.504805424924	0.291977933418	0.0513881162815
rik-	0.088944029916	0.466475614657	0.0987296206336	0.345850734793
tsa-	0.145454545455	0.818181818182	0.0	0.0363636363636
ult-	0.268214804064	0.706240928882	0.0255442670537	0.0
bug-	0.0593220338983	0.120903954802	0.604519774011	0.215254237288
ila-	0.476369116168	0.33450029056	0.0993777565118	0.0897528367607
jai-	0.16961130742	0.817432273263	0.0106007067138	0.00235571260306
win-	0.532690246517	0.345123258306	0.0771704180064	0.0450160771704
tal-	0.162449347141	0.626339486718	0.0707789284106	0.140432237731
gid-	0.063829787234	0.936170212766	0.0	0.0
paa-	0.543613314441	0.276505168527	0.103080583105	0.0768009339265
ami-	0.117614269788	0.777591973244	0.0482162764771	0.0565774804905
kos-	0.186304352328	0.120040699247	0.0293534188555	0.66430152957
alb-	0.392461197339	0.485587583149	0.0665188470067	0.0554323725056
paw-	0.0733800422868	0.459599519091	0.43654906513	0.030471373492
lud-	0.82564799534	0.0418405980002	0.0917386661489	0.0407727405106
dak-	0.749019607843	0.201307189542	0.0127450980392	0.0369281045751
uaw-	0.690978886756	0.174664107486	0.0230326295585	0.1113243762
wan-	0.557747580426	0.0539982527435	0.0272964557509	0.36095771108
pon-	0.0	1.0	0.0	0.0
umi-	0.411388272169	0.362021679509	0.16912628967	0.0574637586522
rap-	0.194395796848	0.68476357268	0.0998248686515	0.0210157618213
ayd-	0.0131578947368	0.986842105263	0.0	0.0
sik-	0.283049739808	0.384213614625	0.220941107609	0.111795537958
bui-	0.0629904921291	0.931791360594	0.00298179844397	0.00223634883298
nga-	0.193948255038	0.343716229102	0.0327506197953	0.429584896065
ben-	0.0418926902626	0.895805360116	0.0558569203502	0.00644502927117
seg-	0.0	0.927272727273	0.0727272727273	0.0
kia-	0.362018928803	0.252342337755	0.228476187187	0.157162546256
pin-	0.509072169148	0.296617173282	0.0774981747842	0.116812482785
cyp-	0.0	0.997370727432	0.00262927256792	0.0
amp-	0.558139534884	0.31976744186	0.0	0.122093023256
bun-	0.153714476754	0.695838176377	0.0569755577392	0.0934717891303
ili-	0.503078645396	0.36502938707	0.0598236775818	0.0720682899525
lam-	0.121050678702	0.166032225193	0.107668758029	0.605248338076
nar-	0.780461468991	0.135451204368	0.0174352241702	0.0666521024706
gat-	0.0063025210084	0.710084033614	0.258403361344	0.0252100840336
idi-	0.404265182257	0.234216709138	0.302893550453	0.0586245581522
bee-	0.0252219791533	0.974778020847	0.0	0.0
sat-	0.0821969340732	0.877927207749	0.0163641493464	0.023511708831
pur-	0.065108555548	0.873776634039	0.036837043938	0.0242777664755
gur-	0.600099448726	0.126694629641	0.0662207545928	0.20698516704
usg-	0.54854368932	0.436893203884	0.0145631067961	0.0
umn-	0.0724063400576	0.129803073967	0.337295869356	0.460494716619
ani-	0.0873944028491	0.149348064725	0.0177228212574	0.745534711169
upi-	0.0823233118212	0.82984416811	0.0577679836298	0.0300645364395
nad-	0.585291949624	0.19059621731	0.0644529742892	0.159658858776
yad-	0.456825548218	0.0739175066077	0.0169739490296	0.452282996144
kis-	0.432883944231	0.448332063706	0.055715981363	0.0630680107003
sun-	0.186733785014	0.70649400038	0.0382694674899	0.0685027471153
eub-	0.0895522388059	0.910447761194	0.0	0.0
ded-	0.103039873668	0.829451243585	0.0627714172918	0.00473746545598
cau-	0.0762711864407	0.771186440678	0.0508474576271	0.101694915254
ban-	0.0860446813286	0.163464922155	0.0265141685555	0.723976227961
cus-	0.04	0.96	0.0	0.0
nau-	0.417207021983	0.259054246402	0.211292108176	0.112446623438
ise-	0.167346840212	0.10607085074	0.0409311535582	0.68565115549
ter-	0.0824175824175	0.884615384615	0.0164835164835	0.0164835164835
iyi-	0.350819672131	0.403278688525	0.154098360656	0.0918032786884
may-	0.280194222465	0.106683858005	0.150430309796	0.462691609734
did-	0.203940274634	0.638605836862	0.157453888504	0.0
puy-	0.474820143885	0.438848920863	0.0395683453238	0.046762589928
nam-	0.665847354049	0.226334207404	0.0424545233587	0.0653639151886
arq-	0.046511627907	0.93023255814	0.0	0.0232558139535
ale-	0.00405156537754	0.883241252302	0.11270718232	0.0
ker-	0.213728916727	0.709988415245	0.0	0.076282668028
sid-	0.455995177408	0.43787859072	0.0873138747773	0.0188123570949
oli-	0.00890019071837	0.956346683619	0.0271243907608	0.00762873490148
luc-	0.008	0.984	0.0	0.008
mod-	0.45275005309	0.204289658101	0.0496920789977	0.293268209811
urd-	0.110964332893	0.562747688243	0.187582562748	0.138705416116
dec-	0.0	0.742857142857	0.0	0.257142857143
rir-	0.150861786487	0.647486729144	0.1859230618	0.0157284225703
kon-	0.0363494049315	0.0286056929569	0.00945253345593	0.925592368656
adu-	0.445403313723	0.508539587284	0.0148906410279	0.0311664579654
imu-	0.544056771141	0.409816676523	0.0248373743347	0.0212891780012
col-	0.162464985994	0.648459383754	0.138655462185	0.0504201680672
but-	0.0975609756098	0.669623059867	0.0940766550523	0.138739309471
waw-	0.166666666667	0.677083333333	0.125	0.03125
tuk-	0.442640959555	0.399193142018	0.0445994300158	0.113566468411
ene-	0.086705202312	0.913294797688	0.0	0.0
pan-	0.27492091134	0.581182941433	0.0629368044639	0.080959342763
nim-	0.483680287844	0.334104343356	0.137496787458	0.0447185813415
yim-	0.659574468085	0.340425531915	0.0	0.0
nug-	0.755795981453	0.200927357033	0.0	0.0432766615147
tul-	0.230090882742	0.204550737364	0.0895253837479	0.475832996146
lin-	0.513407521978	0.200222671054	0.0760413113205	0.210328495648
yam-	0.177121771218	0.561623616236	0.141697416974	0.119557195572
aye-	0.0297426034841	0.882438446229	0.0217366996891	0.0660822505982
ina-	0.416085584054	0.441419906981	0.053713513456	0.0887809955089
cre-	0.0414866032844	0.9507346586	0.0	0.00777873811581
asp-	0.0606060606061	0.787878787879	0.121212121212	0.030303030303
mai-	0.260932735737	0.199165058718	0.0661060966724	0.473796108872
tru-	0.0676447657916	0.924396341007	0.00481262502532	0.00314626817636
pen-	0.014598540146	0.970802919708	0.014598540146	0.0
rab-	0.601679648787	0.135011666678	0.0426895426954	0.22061914184
ape-	0.353972669005	0.352158664893	0.106058773733	0.187809892369
ity-	0.256267409471	0.353760445682	0.0	0.389972144847
umu-	0.279220779221	0.340909090909	0.36038961039	0.0194805194805
tub-	0.431443271722	0.288030552012	0.223998302706	0.0565278735603
dun-	0.251798561151	0.406474820144	0.341726618705	0.0
uku-	0.69765730406	0.187538329449	0.0706488409174	0.0441555255734
pae-	0.291187739464	0.547892720306	0.114942528736	0.0459770114943
und-	0.0915012990925	0.649019091012	0.258124035094	0.00135557480137
lab-	0.0730187395854	0.109238505704	0.0493484659916	0.768394288719
upa-	0.271660757002	0.67578847361	0.0334009127462	0.0191498566412
isp-	0.0113141103867	0.952173913043	0.030131445905	0.0063805306649
tia-	0.0817916260954	0.846640701071	0.0715676728335	0.0
nal-	0.553010221366	0.25456767622	0.0836311792189	0.108790923195
awi-	0.608433508395	0.277216731696	0.0264611014665	0.0878886584423
iba-	0.609590907668	0.101207459802	0.0145027252033	0.274698907326
uir-	0.0642398286938	0.856531049251	0.0578158458244	0.0214132762313
bas-	0.161807917861	0.478570497455	0.135217715841	0.224403868843
mim-	0.293991416309	0.467811158798	0.0	0.238197424893
dir-	0.137531290515	0.1175645517	0.290545258883	0.454358898902
mid-	0.263695515287	0.37307306607	0.0804589659274	0.282772452716
ubr-	0.319587628866	0.211340206186	0.29381443299	0.175257731959
ang-	0.0813213794363	0.396295350663	0.154607288245	0.367775981656
pun-	0.249824600217	0.707163671111	0.0184972719161	0.0245144567563
dug-	0.250434782609	0.36	0.201739130435	0.187826086956
kee-	0.680489997752	0.157001573387	0.00505731625085	0.15745111261
uad-	0.00906344410879	0.978851963746	0.012084592145	0.0
666-	0.0	0.0	0.0	1.0
cai-	0.0107015457788	0.989298454221	0.0	0.0
sod-	0.00487671773674	0.995123282263	0.0	0.0
kun-	0.141077121138	0.486017451365	0.0483539725355	0.324551454962
har-	0.0	1.0	0.0	0.0
kan-	0.222506050409	0.22128876055	0.0267025907551	0.529502598286
zab-	0.0138888888889	0.986111111111	0.0	0.0
agi-	0.0135135135135	0.986486486486	0.0	0.0
sus-	0.128720675458	0.775618187408	0.0581096845448	0.0375514525893
isy-	0.344913151365	0.509181141439	0.0119106699752	0.133995037221
asn-	0.0882867132867	0.906468531469	0.00262237762238	0.00262237762238
gap-	0.0965058871166	0.124844361775	0.0489129126103	0.729736838498
bia-	0.36170212766	0.574468085106	0.0	0.063829787234
sio-	0.0209302325581	0.979069767442	0.0	0.0
mum-	0.129602358245	0.560559062754	0.288301716528	0.0215368624731
daw-	0.799216728442	0.0974193999581	0.010630113994	0.0927337576055
uak-	0.2018555667	0.657096288867	0.0215646940822	0.119483450351
gir-	0.21377672209	0.706650831354	0.0178147268409	0.061757719715
kum-	0.34689664662	0.217846870667	0.0744033099891	0.360853172724
uka-	0.0240384615384	0.723557692308	0.252403846154	0.0
uab-	0.135558583106	0.792234332425	0.0435967302452	0.0286103542235
mna-	0.0666666666666	0.888888888889	0.0444444444444	0.0
suo-	0.341113841114	0.476863226863	0.00573300573299	0.17628992629
dap-	0.381798558378	0.348379138881	0.0890413599044	0.180780942836
tuy-	0.457410562181	0.328790459966	0.142248722317	0.0715502555366
pib-	0.203764672202	0.647366160893	0.0794446034928	0.0694245634126
hil-	0.00934579439252	0.96261682243	0.0	0.0280373831776
bub-	0.046038612501	0.84550849827	0.0327909353822	0.0756619538472
ula-	0.0439978150745	0.947202621911	0.0075424825842	0.0012570804307
mat-	0.342813411716	0.216129327509	0.113245933578	0.327811327197
nit-	0.636918162395	0.186791502023	0.0732951996913	0.10299513589
ikw-	0.602408140666	0.134691624717	0.0931018627661	0.169798371852
aka-	0.254635864498	0.530094271211	0.0366725370351	0.178597327256
mad-	0.19859093091	0.522458087069	0.195750834571	0.0832001474508
anr-	0.16634944804	0.336505519604	0.322040350209	0.175104682147
par-	0.238162020016	0.326837683719	0.0411090417739	0.393891254491
ala-	0.155680256211	0.272744393894	0.390701879976	0.180873469919
jul-	0.0111524163569	0.988847583643	0.0	0.0
zeu-	0.0	1.0	0.0	0.0
idw-	0.509090909091	0.381818181818	0.0727272727273	0.0363636363636
ayi-	0.00679611650486	0.971359223301	0.0	0.0218446601942
anu-	0.305270689244	0.397686620558	0.126401144765	0.170641545433
sag-	0.140593174028	0.628728037492	0.210475764651	0.0202030238296
tre-	0.0	0.175790285274	0.376252891288	0.447956823439
gay-	0.0	1.0	0.0	0.0
puu-	0.514355034371	0.452082490902	0.0190052567731	0.0145572179539
beb-	0.00585774058578	0.978521617852	0.0	0.0156206415621
ipa-	0.563720257704	0.280162940025	0.0502004800765	0.105916322194
kin-	0.626750131382	0.196193393781	0.0576933269094	0.119363147928
pii-	0.27711204314	0.619682444578	0.0503295386459	0.0528759736368
iyu-	0.355902338252	0.13447224782	0.0935705678032	0.416054846125
dan-	0.200671781086	0.225223634247	0.0661995664597	0.507905018207
ubi-	0.075117370892	0.180751173709	0.737089201878	0.00704225352111
lug-	0.0985872377542	0.700782910986	0.0293413399645	0.171288511295
uap-	0.172463768116	0.661594202899	0.13115942029	0.0347826086957
ser-	0.0569296063223	0.908824820723	0.00175618322845	0.0324893897263
kag-	0.0982871840337	0.788666752529	0.0687378216313	0.0443082418056
cri-	0.0142741756037	0.96031369196	0.00640384335726	0.0190082890788
mis-	0.345544917427	0.300003803428	0.135538088557	0.218913190588
ran-	0.0685032499921	0.0934319786732	0.00479515193947	0.833269619395
twa-	0.317673378076	0.362416107382	0.31096196868	0.0089485458613
din-	0.684538647623	0.182186600347	0.0417289653312	0.0915457866983
nip-	0.524417294286	0.343343898706	0.0478938292533	0.0843449777544
rin-	0.657400606292	0.199943462142	0.0510869471153	0.09156898445
yin-	0.321038107476	0.586273725011	0.054770280803	0.0379178867098
agr-	0.0137674674744	0.957320850829	0.0123907207269	0.0165209609692
heh-	0.692307692308	0.165680473373	0.0118343195266	0.130177514793
tuo-	0.275157232704	0.369496855346	0.35534591195	0.0
pig-	0.135484987015	0.12648342498	0.0134366400244	0.724594947981
sos-	0.0	0.978260869565	0.0217391304348	0.0
luu-	0.0378548895899	0.605678233439	0.0662460567823	0.290220820189
don-	0.0952131464671	0.879396681142	0.0	0.0253901723912
ibw-	0.153710063482	0.182537204704	0.0181080237277	0.645644708086
nep-	0.378412698413	0.32253968254	0.150476190476	0.148571428571
tat-	0.0181847184559	0.919923432764	0.0555112458128	0.00638060296697
jan-	0.0348837209302	0.887596899225	0.0775193798449	0.0
bit-	0.066449137258	0.798129203267	0.117757964761	0.0176636947142
aru-	0.051775147929	0.844674556213	0.103550295858	0.0
uks-	0.293896713615	0.570892018779	0.0338028169014	0.101408450704
leg-	0.157392878696	0.110802655401	0.0159324079662	0.715872057936
rig-	0.123942571739	0.517960154076	0.066809192945	0.29128808124
tyo-	0.0579545454546	0.911363636364	0.0136363636364	0.0170454545454
cef-	0.111627906977	0.888372093023	0.0	0.0
kip-	0.458570242228	0.442680786046	0.0349693170838	0.0637796546421
mam-	0.450109766654	0.376422509934	0.0707175033208	0.102750220091
esa-	0.0439882697947	0.92082111437	0.0	0.0351906158358
jua-	0.0265536723164	0.949717514124	0.0118173258004	0.0119114877589
sia-	0.26947298641	0.445475638051	0.187603579715	0.0974477958237
imp-	0.109910686847	0.713003252783	0.116066199162	0.0610198612085
ugt-	0.0549738219895	0.599476439791	0.274869109948	0.0706806282723
mag-	0.45364614825	0.266328672861	0.0920210097871	0.188004169102
uim-	0.0204081632653	0.938775510204	0.0	0.0408163265306
gil-	0.03452685422	0.96547314578	0.0	0.0
kim-	0.215053763441	0.734318996416	0.0134408602151	0.0371863799283
aug-	0.168	0.808	0.0	0.024
pai-	0.302992020596	0.51039849221	0.089845977349	0.0967635098453
ama-	0.00414405703088	0.98853442761	0.000909671055559	0.00641184430381
li'-	0.0997993406163	0.0442871504542	0.0209813118941	0.834932197035
abu-	0.390450660567	0.41760130076	0.109669368015	0.0822786706585
kas-	0.18325260292	0.287480967814	0.0649846271904	0.464281802075
fri-	0.0	0.966666666667	0.0333333333333	0.0
reg-	0.135135135135	0.791154791155	0.029484029484	0.0442260442261
lit-	0.0584182144997	0.727381665668	0.214200119832	0.0
pla-	0.149996947123	0.716031237262	0.0696138577535	0.0643579578616
mac-	0.00418760469012	0.979899497487	0.0159128978224	0.0
map-	0.310957483808	0.331947583282	0.211024866449	0.146070066461
ico-	0.0384204909285	0.951974386339	0.00320170757738	0.00640341515475
ika-	0.221936115803	0.271583391976	0.4136602066	0.0928202856218
bet-	0.0251958500953	0.962735549439	0.0	0.0120686004658
ges-	0.511182108626	0.450479233227	0.0255591054313	0.0127795527156
law-	0.138541938055	0.260639683683	0.0657461188335	0.535072259429
sal-	0.186292302765	0.578004341482	0.11307426782	0.122629087933
asu-	0.0138888888889	0.982638888889	0.0	0.00347222222222
sya-	0.240786324191	0.135578040155	0.0119330659777	0.611702569677
isk-	0.300054058014	0.571733385493	0.0403434027582	0.0878691537347
gab-	0.0	1.0	0.0	0.0
sek-	0.192270343756	0.758011264323	0.0337929695087	0.0159254224121
400-	0.0	0.398340248963	0.0912863070539	0.510373443983
pip-	0.389429799397	0.38047267432	0.0691480474783	0.160949478805
yan-	0.224092739955	0.0102505157678	0.0111995284409	0.754457215836
bad-	0.409090909091	0.545454545455	0.0	0.0454545454545
isl-	0.209862601167	0.724637681159	0.0191981931112	0.0463015245624
min-	0.207697942957	0.352773198159	0.0258145623072	0.413714296577
est-	0.0976688786796	0.810787816913	0.0132720775906	0.0782712268164
ren-	0.713706636501	0.222473604827	0.00810708898945	0.0557126696832
ant-	0.150997918829	0.53994873209	0.13923539979	0.169817949291
kut-	0.466883033693	0.336037921168	0.163769910749	0.0333091343895
lul-	0.135253271656	0.702300313032	0.0324463645909	0.130000050722
das-	0.333741579914	0.601347213717	0.0581751377832	0.00673606858541
ma'-	0.572105395497	0.163924880305	0.128962888483	0.135006835715
naz-	0.00577599196384	0.988196885987	0.00602712204922	0.0
gal-	0.202996668389	0.664748466331	0.029455955626	0.102798909655
nul-	0.305039787799	0.14323607427	0.00397877984084	0.54774535809
erp-	0.367634923255	0.264730153491	0.228750618914	0.138884304341
ida-	0.297037011307	0.542334612779	0.0757681018463	0.0848602740677
pyi-	0.177267987487	0.655891553702	0.104275286757	0.0625651720542
ark-	0.960526315789	0.0394736842105	0.0	0.0
kay-	0.155629674774	0.409926131407	0.0369707247033	0.397473469116
ibe-	0.723291682612	0.244252921374	0.0139094554348	0.0185459405798
ay'-	0.526455026455	0.402116402116	0.015873015873	0.0555555555556
wad-	0.15279127524	0.134891563463	0.0302343159486	0.682082845348
mia-	0.342899107446	0.373969043046	0.150830414642	0.132301434866
ist-	0.228397546092	0.550870907054	0.125715354469	0.095016192385
imo-	0.064935064935	0.597402597403	0.337662337662	0.0
ray-	0.175175708135	0.101086683304	0.0129095457818	0.710828062779
nwi-	0.0103626943005	0.0310880829016	0.40414507772	0.554404145078
ete-	0.346736714488	0.404093178997	0.0795543111162	0.169615795399
tak-	0.22017878334	0.584054911416	0.0869208615023	0.108845443742
mun-	0.00850540554388	0.977967925398	0.00379156632679	0.00973510273096
tay-	0.145903103745	0.760419141042	0.0309136592204	0.0627640959929
lel-	0.254603797494	0.155946614344	0.0488482841785	0.540601303983
imb-	0.174985460641	0.575587561151	0.0974992302692	0.151927747939
kak-	0.150792074038	0.434267128192	0.355531493594	0.0594093041765
sue-	0.225183823529	0.386029411765	0.232077205882	0.156709558824
one-	0.103407132441	0.720270449423	0.00397719740158	0.172345220734
kik-	0.495763672142	0.230674139664	0.0526081131143	0.22095407508
gog-	0.0	1.0	0.0	0.0
rak-	0.0901196283255	0.0952871964008	0.0138665262037	0.80072664907
uyb-	0.09565807327	0.804613297151	0.050881953867	0.0488466757123
iri-	0.27292494564	0.66109319937	0.0419884531754	0.0239934018145
unu-	0.242581602374	0.548961424332	0.0178041543027	0.190652818991
sil-	0.135755586045	0.685123480988	0.0980497843983	0.0810711485692
ake-	0.0	1.0	0.0	0.0
dik-	0.215575480174	0.777891929518	0.0	0.00653259030831
lal-	0.0624010202496	0.695943324945	0.054864295978	0.186791358827
ngi-	0.126894948419	0.749116094348	0.0910543904684	0.0329345667651
ipe-	0.766423357664	0.189781021898	0.029197080292	0.014598540146
kib-	0.213561131874	0.504656819126	0.212967906508	0.0688141424927
pag-	0.22447171231	0.609918491704	0.0711807547284	0.0944290412576
ule-	0.0947752126367	0.795868772783	0.0911300121506	0.0182260024302
gus-	0.0506329113924	0.360759493671	0.550632911392	0.0379746835443
nib-	0.685499200586	0.152333996265	0.0161162416946	0.146050561454
gen-	0.0270880361174	0.959367945824	0.0135440180587	0.0
itr-	0.293706293706	0.412587412587	0.20979020979	0.0839160839161
gra-	0.128625546448	0.332372163673	0.315779119323	0.223223170556
tur-	0.444543569132	0.48785748118	0.0444221669372	0.0231767827499
ga'-	0.368707393812	0.523466177242	0.0580099632931	0.0498164656529
egi-	0.00398059460132	0.904963303893	0.0895633785297	0.00149272297549
pim-	0.101694915254	0.71186440678	0.135593220339	0.0508474576271
run-	0.0808625336927	0.822102425876	0.0	0.0970350404313
sau-	0.0373628760726	0.941131747583	0.0078201368524	0.0136852394917
uay-	0.0642103653875	0.869830121316	0.0301222155274	0.0358372977688
esm-	0.0279850746269	0.796330845771	0.175684079602	0.0
pri-	0.138660059614	0.719798632779	0.0986827437256	0.0428585638808
tro-	0.0374707259954	0.91569086651	0.00936768149882	0.0374707259954
i'b-	0.687060800489	0.147723800794	0.0032080659945	0.162007332722
kit-	0.605718394222	0.293187985858	0.026248499854	0.0748451200657
gol-	0.0	1.0	0.0	0.0
ela-	0.046511627907	0.953488372093	0.0	0.0
uri-	0.591572123177	0.0810372771475	0.327390599676	0.0
dup-	0.0517464424321	0.827614530072	0.00657097681677	0.114068050679
nag-	0.508056518431	0.276759748534	0.101298680509	0.113885052526
mud-	0.459016393443	0.229508196721	0.27868852459	0.0327868852459
eff-	0.0168067226891	0.932773109244	0.0	0.0504201680672
arp-	0.0467289719626	0.943925233645	0.0	0.00934579439251
itu-	0.563016187451	0.215044600471	0.0558683905149	0.166070821563
had-	0.0169779286927	0.896434634975	0.0764006791171	0.0101867572156
kad-	0.163951886919	0.506682752655	0.139247896206	0.190117464221
eli-	0.0181038214806	0.937502459758	0.00283364162305	0.041560077138
fen-	0.0822293284605	0.853509974113	0.00304553068372	0.0612151667428
ras-	0.181270440039	0.167716680384	0.0252075822031	0.625805297374
gul-	0.309051955008	0.476164970541	0.156936261382	0.057846813069
tir-	0.0	1.0	0.0	0.0
niu-	0.705714285714	0.212857142857	0.00857142857142	0.0728571428571
koy-	0.176845720288	0.0782896717183	0.021006867842	0.723857740152
iko-	0.388990831835	0.424268418615	0.0557497636143	0.130990985936
bus-	0.049320181285	0.846944518499	0.0230457063302	0.0806895938861
ubl-	0.249042145594	0.465517241379	0.235632183908	0.0498084291188
lup-	0.229366602687	0.348368522073	0.395393474088	0.0268714011517
sol-	0.0	0.988663202645	0.0113367973547	0.0
bib-	0.555817081372	0.312542030935	0.0474108944183	0.0842299932751
adt-	0.0781714317678	0.0808493976325	0.00999867150518	0.830980499094
iso-	0.0	0.914285714286	0.0857142857143	0.0
teg-	0.453361923725	0.29238780824	0.0612651248277	0.192985143207
pre-	0.0191082802548	0.980891719745	0.0	0.0
pam-	0.228517047001	0.625406094156	0.0806081839765	0.0654686748665
laz-	0.06998545337	0.793599482786	0.120252141587	0.0161629222564
agw-	0.181818181818	0.348484848485	0.166666666667	0.30303030303
rim-	0.757322175732	0.1589958159	0.0711297071129	0.0125523012552
job-	0.0	0.968085106383	0.031914893617	0.0
rwa-	0.0292163476181	0.0500640165146	0.00893270087649	0.911786934991
siw-	0.854136634319	0.145863365681	0.0	0.0
lua-	0.525752508361	0.361872909699	0.0682274247491	0.0441471571906
umr-	0.758064516129	0.209677419355	0.0	0.0322580645161
aqu-	0.0160183066362	0.983981693364	0.0	0.0
ket-	0.265953524574	0.0207961467552	0.000395012776177	0.712855315895
dru-	0.0	1.0	0.0	0.0
tim-	0.152794966754	0.795550264227	0.0184935084491	0.0331612605702
nil-	0.627164129743	0.180733111271	0.0829020065975	0.109200752388
nia-	0.397889977393	0.434061793519	0.079125847777	0.0889223813112
taw-	0.121671286595	0.615375603012	0.0491561357645	0.213796974629
mon-	0.113044167069	0.0840977135338	0.0153511699308	0.787506949467
alo-	0.0272479564033	0.931880108992	0.0408719346049	0.0
ano-	0.116504854369	0.47572815534	0.0873786407767	0.320388349515
pit-	0.10108985422	0.207651412973	0.0839260627743	0.607332670033
itg-	0.672496025437	0.203497615262	0.0763116057233	0.0476947535771
lap-	0.176885631461	0.801454903462	0.0	0.0216594650769
gew-	0.138923140156	0.711467324291	0.138923140156	0.0106863953966
las-	0.325443786982	0.647928994083	0.0266272189349	0.0
umd-	0.782365290413	0.135759272218	0.0	0.0818754373688
eti-	0.30985915493	0.492957746479	0.197183098592	0.0
esp-	0.0	1.0	0.0	0.0
sip-	0.345607440912	0.541950691215	0.054150474613	0.0582913932598
pad-	0.117587246119	0.79200880831	0.0410688114264	0.0493351341451
di--	0.265161290323	0.569032258065	0.156774193548	0.00903225806451
mib-	0.426136064076	0.398936287133	0.0724333841912	0.102494264599
cle-	0.0140515222482	0.964871194379	0.0140515222482	0.00702576112412
reb-	0.296774193549	0.703225806451	0.0	0.0
uis-	0.0541320022185	0.924570160843	0.0159733777038	0.0053244592346
a'n-	0.0159352383641	0.828544499446	0.0275912744419	0.127928987748
bar-	0.150140708381	0.202671778248	0.0364494413755	0.610738071995
ays-	0.0490915077678	0.879606070584	0.00628610770198	0.0650163139461
zeb-	0.00187265917603	0.998127340824	0.0	0.0
ing-	0.18753301199	0.6940250857	0.0360196694253	0.0824222328843
rup-	0.0754830013479	0.883630372922	0.0179721431781	0.0229144825521
pet-	0.368986437869	0.086002565656	0.178805211588	0.366205784888
tem-	0.168757126568	0.369441277081	0.0273660205245	0.434435575827
sai-	0.105230756395	0.111348622419	0.0137566238386	0.769663997347
ipw-	0.747252747253	0.208791208791	0.0	0.043956043956
fan-	0.0	1.0	0.0	0.0
yas-	0.0557491289198	0.0743321718932	0.0	0.869918699187
tra-	0.202269491897	0.693529621113	0.0577296868156	0.0464712001752
rit-	0.340245051838	0.48821866164	0.124410933082	0.0471253534402
lot-	0.0	1.0	0.0	0.0
gag-	0.189425961642	0.576868330826	0.0724462318136	0.161259475718
tu'-	0.00802139037433	0.959893048128	0.0320855614973	0.0
awa-	0.347213114754	0.511147540984	0.00196721311475	0.139672131148
ima-	0.399756423148	0.569697404984	0.022577605294	0.00796856657436
sis-	0.213982778563	0.21751702866	0.45508289423	0.113417298548
sel-	0.0357142857143	0.928571428571	0.0357142857143	0.0
sa'-	0.149425287356	0.770114942529	0.0574712643678	0.0229885057471
kuy-	0.0446570972887	0.694843168527	0.171185539607	0.0893141945774
ado-	0.151893674428	0.7971420006	0.0209853102828	0.0299790146897
rub-	0.0537355173792	0.52896524171	0.200759089093	0.216540151818
mik-	0.41328395487	0.34651795711	0.124011713031	0.116186374989
fes-	0.00567644276254	0.994323557237	0.0	0.0
iki-	0.532776960191	0.323131089212	0.0217954210987	0.122296529498
tis-	0.150032615786	0.757245363899	0.0456621004566	0.0470599198583
bul-	0.167185154218	0.336724565558	0.456199503632	0.0398907765919
ilo-	0.00354051927616	0.99409913454	0.0	0.00236034618411
ihi-	0.110984632897	0.766078542971	0.0580535002846	0.0648833238474
dav-	0.00295320308951	0.993866424353	0.000908677873694	0.00227169468423
na'-	0.808132319715	0.0775358775689	0.0344291486138	0.0799026541027
wak-	0.473588342441	0.485428051002	0.0409836065574	0.0
rat-	0.402998236332	0.394914756026	0.0345385067607	0.167548500882
i'p-	0.294964028777	0.381294964029	0.107913669065	0.21582733813
jop-	0.0143798681845	0.962252846016	0.00898741761534	0.0143798681845
tan-	0.0815316353571	0.00859810129729	0.0049535651858	0.90491669816
dum-	0.569380123188	0.269340758579	0.0605404529246	0.100738665308
cas-	0.108910891089	0.80198019802	0.0891089108911	0.0
ema-	0.047619047619	0.952380952381	0.0	0.0
bil-	0.101516474656	0.0751382805899	0.0413142086095	0.782031036145
kup-	0.0807799442897	0.869080779944	0.016713091922	0.033426183844
aga-	0.236809877463	0.640688672286	0.0882325558078	0.0342688944432
mos-	0.278173335991	0.165495743632	0.079309328806	0.477021591571
niw-	0.872549019608	0.0196078431373	0.0	0.107843137255
piu-	0.451333485298	0.353772509688	0.167540460451	0.0273535445635
inu-	0.743000812265	0.137065140688	0.0268845447743	0.0930495022727
u'n-	0.154548927462	0.0826739492213	0.5583906259	0.204386497417
mu'-	0.222689257079	0.178727202061	0.272078193151	0.326505347709
mau-	0.369600481456	0.356260138419	0.218419150327	0.0557202297984
pwi-	0.174658844535	0.280512689708	0.0351995918888	0.509628873868
ba'-	0.109722012389	0.0817532859949	0.370757163721	0.437767537896
gwa-	0.134392873692	0.839658070004	0.00348569413034	0.0224633621733
isi-	0.375145030744	0.147715371439	0.101902597221	0.375237000597
sii-	0.145363369969	0.0956398680193	0.0250348026058	0.733961959406
sur-	0.155207140318	0.767189289523	0.00849097586984	0.0691125942893
pis-	0.113763230265	0.746450095445	0.0567975329222	0.0829891413681
wal-	0.0415458383877	0.532791536728	0.0597676973298	0.365894927555
jef-	0.0	1.0	0.0	0.0
leo-	0.0136726167869	0.870110140524	0.116217242689	0.0
pru-	0.0842159316175	0.85223798966	0.0123653279265	0.0511807507962
lid-	0.0620842572062	0.926090169993	0.0	0.0118255728012
dut-	0.54834477969	0.421097306891	0.0305579134192	0.0
nak-	0.523747107767	0.164595850895	0.0428943574834	0.268762683855
niy-	0.625726945053	0.234139439374	0.0406322907458	0.099501324827
pol-	0.0652173913043	0.891304347826	0.0	0.0434782608696
pih-	0.464959020443	0.325059486453	0.0646096901857	0.145371802918
aya-	0.299658703072	0.137883959044	0.0477815699659	0.514675767918
rum-	0.648183683704	0.185321713313	0.0716461705473	0.0948484324358
sar-	0.146738678261	0.11318958605	0.0189534010916	0.721118334597
lao-	0.0	0.993896236012	0.00610376398779	0.0
dit-	0.0	0.932203389831	0.0677966101695	0.0
uma-	0.571748152081	0.198782939817	0.109835079072	0.11963382903
dub-	0.434456928839	0.10861423221	0.34456928839	0.112359550562
saf-	0.239099859353	0.587904360056	0.0	0.172995780591
kah-	0.247044917258	0.752955082742	0.0	0.0
teu-	0.27713625866	0.688221709007	0.0	0.0346420323325
dam-	0.0545869864624	0.924585978703	0.000671839833384	0.0201551950015
qui-	0.037037037037	0.925925925926	0.037037037037	0.0
tin-	0.537272397061	0.336235334254	0.0405367089407	0.0859555597439
gaz-	0.222222222222	0.666666666667	0.0555555555556	0.0555555555556
art-	0.00746268656718	0.985074626866	0.0	0.00746268656716
rad-	0.320200125078	0.196998123827	0.0337711069419	0.449030644153
raq-	0.511945392491	0.411262798635	0.0511945392492	0.0255972696245
nab-	0.569435517704	0.192564175057	0.140304528948	0.0976957782912
dus-	0.409596293845	0.38080741231	0.0798146922568	0.129781601588
bal-	0.0550144955667	0.215404974681	0.0132668363805	0.716313693371
wir-	0.0552995391705	0.828571428571	0.0	0.116129032258
idy-	0.261538461538	0.738461538462	0.0	0.0
