iam-	0.108108108108	0.792792792793	0.072072072072	0.027027027027
ivi-	0.0683890577507	0.904255319149	0.0273556231003	0.0
tut-	0.59852655791	0.240368368747	0.0944571582737	0.0666479150694
vas-	0.13167217761	0.625649504015	0.131081719414	0.111596598961
‘em-	0.257156720039	0.681707908782	0.0291120815138	0.0320232896652
son-	0.3197920052	0.335716607085	0.147546311342	0.196945076373
mou-	0.775	0.159375	0.01875	0.046875
maa-	0.166666666667	0.70987654321	0.0617283950617	0.0617283950617
ipu-	0.11746129554	0.870856761406	0.0116819430537	0.0
fal-	0.0576702100444	0.893502596616	0.0205023168915	0.0283248764483
omo-	0.0593525179856	0.928057553957	0.00719424460432	0.00539568345323
aue-	0.242587601078	0.611859838275	0.0970350404313	0.0485175202156
pao-	0.228882833787	0.465940054496	0.305177111717	0.0
pua-	0.323731365064	0.631698400141	0.0356454350648	0.00892479972964
feū-	0.476635514019	0.523364485981	0.0	0.0
lau-	0.148086171741	0.513373998778	0.0607508194747	0.277789010006
pōp-	0.752380952381	0.152380952381	0.0571428571429	0.0380952380952
tum-	0.556166807905	0.194824591384	0.187183676909	0.0618249238016
eno-	0.100441153301	0.883488262171	0.0160705845281	0.0
eka-	0.00380162433039	0.98686711595	0.00432002764818	0.00501123207188
ola-	0.271979644835	0.628665327063	0.0769512050268	0.0224038230745
‘es-	0.132470844346	0.253449633466	0.100228352207	0.513851169981
fog-	0.10419767788	0.720154807979	0.110151830902	0.065495683239
ana-	0.193737900911	0.167566076782	0.0371684645447	0.601527557763
ga‘-	0.328947368421	0.644736842105	0.0263157894737	0.0
ius-	0.0925925925926	0.907407407407	0.0	0.0
vil-	0.198919891989	0.801080108011	0.0	0.0
fou-	0.0570700636943	0.180229299363	0.748331210191	0.0143694267516
seg-	0.578947368421	0.0202429149797	0.0485829959514	0.352226720648
euf-	0.0175438596491	0.982456140351	0.0	0.0
inā-	0.518490295396	0.235824106863	0.0298534223856	0.215832175355
kat-	0.019512195122	0.960975609756	0.0195121951219	0.0
sun-	0.00686213349969	0.989394884591	0.00124766063631	0.00249532127261
‘ea-	0.492401441934	0.0884638535883	0.00957005755561	0.409564646922
vā‘-	0.620041753653	0.175365344468	0.0062630480167	0.198329853862
itū-	0.0460325328391	0.837294555142	0.0411057726288	0.07556713939
sog-	0.656153050672	0.306618407446	0.00310237849017	0.0341261633919
sen-	0.067892503536	0.83026874116	0.0678925035361	0.033946251768
mai-	0.243161521128	0.0250229118308	0.00354818410222	0.728267382939
‘ua-	0.686140397951	0.00561675883271	0.000921935132365	0.307320908084
gog-	0.538461538462	0.376068376068	0.068376068376	0.017094017094
mig-	0.145454545455	0.690909090909	0.104895104895	0.0587412587412
tus-	0.511731153516	0.331521961941	0.0245189770799	0.132227907463
tai-	0.0971665080615	0.705226683908	0.0180764309749	0.179530377055
paf-	0.00833333333333	0.991666666667	0.0	0.0
mar-	0.0129499918554	0.946652549275	0.000488678937936	0.0399087799316
uli-	0.0432432432433	0.45	0.49054054054	0.0162162162162
kum-	0.182692307692	0.730769230769	0.00961538461537	0.076923076923
nen-	0.0357142857143	0.857142857143	0.0357142857143	0.0714285714286
ful-	0.551359516616	0.388217522659	0.0574018126888	0.00302114803625
val-	0.59165858982	0.233148556651	0.12611488229	0.0490779712384
mul-	0.52545308379	0.158280394463	0.123683822074	0.192582699673
ate-	0.0568793235972	0.924673328209	0.0184473481937	0.0
fip-	0.0677966101695	0.932203389831	0.0	0.0
kam-	0.0408163265306	0.950113378685	0.00453514739229	0.00453514739229
eru-	0.0	1.0	0.0	0.0
ies-	0.00642397719219	0.832787293799	0.00326633920791	0.157522389801
sin-	0.133969829716	0.384734174248	0.317219669874	0.164076326162
tag-	0.060589319493	0.713191658254	0.0387957992119	0.187423223041
pat-	0.0137195121951	0.97256097561	0.00457317073173	0.00914634146343
toe-	0.221220857722	0.19890989345	0.0913006362075	0.488568612621
pāp-	0.533203125	0.419921875	0.017578125	0.029296875
aoa-	0.097244732577	0.544570502431	0.254997298758	0.103187466234
vae-	0.114391050731	0.814499633848	0.0510593166839	0.0200499987374
gen-	0.71554770318	0.21554770318	0.0424028268551	0.0265017667844
rek-	0.0740740740741	0.925925925926	0.0	0.0
lal-	0.0147443558025	0.831505765318	0.0151642388812	0.138585639999
vel-	0.76870185089	0.101637595947	0.0555688084981	0.0740917446641
ior-	0.0110953058322	0.985490753912	0.0	0.00341394025605
so‘-	0.0567770179959	0.839257695213	0.0199910892432	0.0839741975476
pas-	0.010115350488	0.978881987578	0.00621118012422	0.00479148181011
la‘-	0.0542373226927	0.393976815871	0.0630027618184	0.488783099618
nai-	0.0498847598902	0.0382786600575	0.118460518423	0.79337606163
aul-	0.309375	0.41875	0.159375	0.1125
fol-	0.519390420327	0.39531431788	0.0198269355912	0.0654683262015
tā‘-	0.395290498858	0.312139503148	0.0724546390017	0.220115358993
mān-	0.294478527607	0.687116564417	0.0122699386503	0.00613496932515
lōf-	0.71875	0.1875	0.03125	0.0625
‘ai-	0.747563953623	0.205305801309	0.0209959286696	0.0261343163991
sap-	0.0185464740134	0.977571705844	0.00129394004744	0.00258788009489
asi-	0.258860428975	0.709538999729	0.00726703033278	0.0243335409628
tip-	0.501230769231	0.238769230769	0.0101538461538	0.249846153846
pok-	0.106918238994	0.893081761006	0.0	0.0
fēt-	0.53844461901	0.399088766693	0.0580675569521	0.00439905734485
usi-	0.578818373173	0.215881894986	0.179435425737	0.0258643061042
ufi-	0.601737220447	0.349141373802	0.026357827476	0.0227635782748
suō-	0.762711864407	0.203389830508	0.0338983050847	0.0
mog-	0.0491803278688	0.84631147541	0.104508196721	0.0
tol-	0.0249188758954	0.0477621992286	0.341321251454	0.585997673422
mel-	0.00889679715302	0.985765124555	0.00355871886121	0.0017793594306
fug-	0.197005284791	0.785378743394	0.0	0.0176159718145
isa-	0.0157953197658	0.963194457518	0.0160965415969	0.00491368111904
uiō-	0.239130434783	0.630434782609	0.0217391304348	0.108695652174
mus-	0.248487668683	0.455560725919	0.189855746859	0.106095858539
eut-	0.202247191011	0.775280898876	0.0224719101124	0.0
‘ap-	0.0231704332218	0.936689238802	0.0332055152158	0.00693481276006
tōē-	0.959349593496	0.0406504065041	0.0	0.0
sāi-	0.494491129785	0.434360410831	0.0616246498599	0.00952380952381
ita-	0.146707828453	0.466133973999	0.370456075539	0.0167021220085
le‘-	0.200045713013	0.0332737989712	0.00552365575171	0.761156832264
fuā-	0.196850393701	0.586614173228	0.196850393701	0.0196850393701
sōl-	0.781681304893	0.124215809285	0.0790464240903	0.0150564617315
kom-	0.0476190476191	0.914285714286	0.0285714285714	0.00952380952381
taf-	0.355261717372	0.304697288552	0.0461639519749	0.293877042101
‘om-	0.0942549371633	0.828321364452	0.0774236983843	0.0
vao-	0.0693898926421	0.816876714824	0.101779432358	0.0119539601762
ali-	0.0140646397318	0.950928698601	0.0186295195132	0.016377142154
tua-	0.10964905138	0.336780392476	0.283299405586	0.270271150558
non-	0.702355186305	0.165140258268	0.0265639441733	0.105940611254
sou-	0.373655913978	0.318996415771	0.161290322581	0.14605734767
fāu-	0.805825242718	0.155339805825	0.0388349514563	0.0
tau-	0.447575172485	0.367200341412	0.12992056603	0.0553039200729
pou-	0.0325865580448	0.874163514693	0.0884492289787	0.00480069828339
mal-	0.383072368433	0.478989128859	0.0992957526746	0.0386427500335
māg-	0.0805741082848	0.592653119227	0.308867415092	0.0179053573966
ole-	0.245454545455	0.727272727273	0.0272727272727	0.0
nin-	0.327278435413	0.657845272068	0.0148762925188	0.0
aup-	0.0644249788076	0.150607516248	0.653574456061	0.131393048884
foa-	0.803059997837	0.112002330044	0.0363240560442	0.0486136160748
ian-	0.0	0.921568627451	0.0522875816993	0.0261437908497
‘iā-	0.0781423819558	0.00317975829524	0.00311220438531	0.915565655364
emo-	0.0	0.980769230769	0.0192307692308	0.0
lim-	0.0214597429635	0.758097449654	0.0186171277575	0.201825679625
māu-	0.127478753541	0.178470254958	0.694050991501	0.0
sak-	0.0705964180143	0.888019474874	0.019474873935	0.0219092331768
ALL	0.247906402101	0.33440870971	0.0640099841529	0.353674904036
ofo-	0.54832703267	0.242396885403	0.190994752581	0.018281329346
fof-	0.214788979248	0.708619601795	0.0345274817723	0.0420639371845
aui-	0.551401869159	0.280373831776	0.0934579439252	0.0747663551402
mae-	0.232766711857	0.678694337262	0.0290958389822	0.0594431118991
per-	0.133815293176	0.822722596868	0.0406332152246	0.00282889473083
‘e‘-	0.881355932203	0.0677966101695	0.0338983050848	0.0169491525424
faō-	0.460122699387	0.382120946538	0.0368098159509	0.120946538124
tel-	0.0617231086899	0.0732152499289	0.694086353117	0.170975288264
gas-	0.280467445743	0.313856427379	0.315525876461	0.0901502504174
ata-	0.0170428115946	0.949181175061	0.0259631787678	0.00781283457631
fit-	0.00880794207658	0.349854445025	0.057027692767	0.584309920131
far-	0.00399974604787	0.987238905466	0.00571392292553	0.00304742556028
ofa-	0.365096359743	0.485724482513	0.141327623126	0.00785153461813
reo-	0.0	1.0	0.0	0.0
fon-	0.0849379161418	0.843260752204	0.0610041389239	0.0107971927299
lum-	0.0608720449247	0.365827671789	0.0274511770162	0.54584910627
ne‘-	0.246042155379	0.0304494031455	0.0245559702786	0.698952471197
num-	0.11030478955	0.873730043541	0.00580551523947	0.0101596516691
‘ia-	0.419044884384	0.01113386743	0.00265698112654	0.56716426706
ami-	0.106516714345	0.475117577212	0.332575543095	0.0857901653476
pel-	0.0745356548919	0.5164532783	0.185504284464	0.223506782344
kur-	0.0102301790281	0.979539641944	0.0102301790281	0.0
ilā-	0.502579263326	0.350236809557	0.0	0.147183927117
ome-	0.020202020202	0.934343434343	0.0454545454545	0.0
tek-	0.00854700854701	0.735042735043	0.017094017094	0.239316239316
laf-	0.639527611189	0.278432838657	0.0408443698079	0.0411951803462
aas-	0.0	1.0	0.0	0.0
tal-	0.615035151849	0.235727331903	0.0936733814467	0.0555641348012
su‘-	0.561422204999	0.294710327456	0.047955822515	0.0959116450301
paa-	0.0	1.0	0.0	0.0
kos-	0.0	1.0	0.0	0.0
afā-	0.190206394172	0.622824767301	0.162687171186	0.0242816673411
nu‘-	0.0207119089378	0.928380583961	0.0283339850931	0.022573522008
mua-	0.0637349570813	0.138373480165	0.286344896191	0.511546666563
iop-	0.0	0.98606271777	0.00348432055749	0.0104529616725
pon-	0.0358744394619	0.678624813154	0.234678624813	0.050822122571
gof-	0.137195121951	0.359756097561	0.448170731707	0.0548780487805
umi-	0.217302032715	0.147217849565	0.397645609472	0.237834508247
pop-	0.267581475129	0.234067818973	0.468267581475	0.0300831244227
rap-	0.244897959184	0.571428571429	0.0	0.183673469388
feo-	0.523651640615	0.202608156578	0.154015188416	0.119725014391
ari-	0.0123839009288	0.962848297214	0.0247678018576	0.0
ion-	0.00791837673276	0.989992051629	0.0	0.00208957163782
ioe-	0.0899308224443	0.196003074558	0.0368946963874	0.67717140661
mat-	0.112859453521	0.253653617598	0.115724593413	0.517762335468
iun-	0.0	1.0	0.0	0.0
uig-	0.32786931673	0.160327483911	0.0270214860525	0.484781713306
pog-	0.0950759188307	0.644766094319	0.108556832695	0.151601154155
pās-	0.4	0.514285714286	0.0857142857143	0.0
se‘-	0.252287030571	0.161253771459	0.0262190542695	0.5602401437
lam-	0.47509411132	0.372311105136	0.0473917719817	0.105203011562
gat-	0.176387974841	0.436518721951	0.148869646285	0.238223656923
nut-	0.484380730028	0.455572072034	0.0180141593812	0.0420330385562
nit-	0.0327868852459	0.524590163934	0.0983606557377	0.344262295082
ogā-	0.108671981191	0.832215237832	0.0447824098313	0.014330371146
fet-	0.820706465191	0.128661774583	0.00900327664705	0.0416284835784
sat-	0.0554585845763	0.932878451285	0.00880672802285	0.00285623611552
‘af-	0.015503875969	0.581395348837	0.0387596899225	0.364341085271
fef-	0.325804645159	0.319849707813	0.313222314123	0.041123332905
aua-	0.343147775542	0.298010283926	0.0208584842388	0.337983456293
saf-	0.0166666666667	0.966666666667	0.0	0.0166666666666
‘at-	0.0628800433948	0.139385457791	0.213988797563	0.583745701251
evo-	0.0	1.0	0.0	0.0
tām-	0.633333333333	0.333333333333	0.0	0.0333333333333
pa‘-	0.287932132436	0.437477750693	0.261761466549	0.0128286503218
aut-	0.532423208191	0.344709897611	0.0	0.122866894198
āva-	0.465008074007	0.50748556258	0.0188849659249	0.00862139748749
mom-	0.688701897981	0.115298686656	0.0232393042825	0.172760111081
ios-	0.016794560201	0.97323793659	0.00546164559381	0.0045058576149
auē-	0.070952092177	0.653123104912	0.141297756216	0.134627046695
ter-	0.0	1.0	0.0	0.0
lia-	0.719804134929	0.234494015234	0.0228509249184	0.0228509249184
‘am-	0.513595166163	0.296072507553	0.132930513595	0.0574018126888
nam-	0.210191082802	0.770700636943	0.0	0.0191082802548
sev-	0.0	0.892857142857	0.0	0.107142857143
i‘a-	0.0379387299655	0.954757557314	0.00608642726719	0.00121728545344
ker-	0.0069205743387	0.985060986124	0.00396610987849	0.00405232965845
oli-	0.00827586206897	0.963793103448	0.0237931034483	0.00413793103449
fāi-	0.398903951543	0.391981540237	0.14219786559	0.0669166426305
mea-	0.0588926020926	0.510716699756	0.0108407994594	0.419549898692
ula-	0.262749445676	0.541019955654	0.136363636364	0.059866962306
āfa-	0.0381780237532	0.0127786205072	0.00350739768059	0.945535958059
kon-	0.0103092783505	0.981443298969	0.0	0.0082474226804
ui‘-	0.0166666666667	0.15	0.758333333333	0.075
eli-	0.0105571507294	0.98727727989	0.0021655693804	0.0
fut-	0.309050772627	0.487858719647	0.132450331126	0.0706401766004
fif-	0.306376360809	0.409020217729	0.163297045101	0.121306376361
mut-	0.139392287778	0.729708861334	0.122655220966	0.00824362992232
avā-	0.00744594958284	0.980981429981	0.00511348344846	0.00645913698753
maf-	0.203389126244	0.242973621914	0.263616892695	0.290020359147
hel-	0.055900621118	0.944099378882	0.0	0.0
a‘a-	0.467403314917	0.459668508287	0.0497237569061	0.0232044198895
afi-	0.19051173371	0.753892724596	0.0194599205609	0.0361356211328
pan-	0.0102629890956	0.988454137267	0.00128287363695	0.0
aum-	0.773400360636	0.146713294356	0.0241516857002	0.0557346593082
nim-	0.0938086303939	0.838649155722	0.0450281425891	0.0225140712946
vāl-	0.0599369085173	0.198738170347	0.686119873817	0.0552050473186
koa-	0.0	1.0	0.0	0.0
avi-	0.0	0.989537925022	0.0104620749782	0.0
tul-	0.227618472585	0.692139755608	0.0361190989431	0.0441226728642
peo-	0.0357142857142	0.964285714286	0.0	0.0
‘as-	0.719298245614	0.0789473684211	0.122807017544	0.0789473684211
ina-	0.148372862659	0.0904026475456	0.0177606177606	0.743463872035
lat-	0.010054690316	0.0495294748074	0.00349666225096	0.936919172626
pen-	0.00274977085243	0.972502291476	0.0206232813932	0.00412465627864
sao-	0.744039654189	0.0962614756292	0.0937249106966	0.0659739594848
ape-	0.0116977306403	0.95578257818	0.0315838727287	0.000935818451217
fot-	0.0	1.0	0.0	0.0
vio-	0.0413223140496	0.140495867769	0.818181818182	0.0
māv-	0.688524590164	0.213114754098	0.0327868852459	0.0655737704918
got-	0.411585365854	0.460365853659	0.015243902439	0.112804878049
fa‘-	0.462109744252	0.292312308524	0.105314276387	0.140263670838
pae-	0.0	1.0	0.0	0.0
aoi-	0.392405063291	0.470886075949	0.136708860759	0.0
gao-	0.352764410198	0.533196972114	0.0921224012591	0.0219162164286
tia-	0.0502562488319	0.917134734751	0.0207163163124	0.0118927001053
ino-	0.0904684975767	0.870759289176	0.0387722132471	0.0
aet-	0.0648854961832	0.904580152672	0.0152671755725	0.0152671755725
auā-	0.0303412457225	0.0397068896297	0.0054677376758	0.924484126972
efu-	0.0526992287918	0.721079691517	0.210796915167	0.0154241645244
teo-	0.068376068376	0.863247863248	0.051282051282	0.017094017094
gaf-	0.0452403393025	0.807728557964	0.107445805843	0.0395852968897
pun-	0.410887880752	0.49211492763	0.0784186649385	0.0185785266796
fao-	0.201950786965	0.70959875859	0.0707160274883	0.0177344269563
pi‘-	0.0192307692308	0.0576923076923	0.875	0.0480769230769
tur-	0.0	0.990536277603	0.0	0.00946372239749
ava-	0.771087642299	0.141681525168	0.0477692654349	0.0394615670984
lou-	0.0100221083909	0.0775966495195	0.00912582227461	0.903255419815
lus-	0.0499334221038	0.920772303595	0.0252996005326	0.00399467376831
seo-	0.0725940265487	0.817305033186	0.0955821349558	0.0145188053098
fia-	0.41812994641	0.217458213016	0.258442842238	0.105968998336
kan-	0.0106761565836	0.90233293792	0.0869909054962	0.0
nei-	0.0632737390245	0.0409407607869	0.033720299339	0.86206520085
agi-	0.373540856031	0.439688715953	0.133407448583	0.0533629794331
fān-	0.262941385212	0.696597386613	0.0144639143305	0.0259973138445
osi-	0.0390079241411	0.823280797526	0.132598929208	0.00511234912443
sio-	0.037037037037	0.962962962963	0.0	0.0
mum-	0.372925764192	0.518777292576	0.103056768559	0.00524017467249
uak-	0.0	0.792452830189	0.207547169811	0.0
log-	0.407397827212	0.284273150543	0.228142783238	0.0801862390067
ias-	0.03515625	0.9453125	0.015625	0.00390625
met-	0.0	1.0	0.0	0.0
tao-	0.101960784314	0.756862745098	0.0941176470588	0.0470588235294
‘ou-	0.00806793260179	0.0283763914249	0.00435230205714	0.959203373916
lol-	0.272870111732	0.399004888268	0.230970670391	0.097154329609
ken-	0.0185005196386	0.951028036251	0.0282949123883	0.00217653172218
ilu-	0.0	0.95	0.0	0.05
iek-	0.0	1.0	0.0	0.0
lai-	0.0911602209944	0.060773480663	0.812154696133	0.0359116022099
ioa-	0.01432071348	0.965586223914	0.0118090806543	0.00828398195149
tu‘-	0.710542182839	0.198317153053	0.0278714509275	0.0632692131797
aka-	0.0275614140204	0.958058717795	0.0125823846615	0.00179748352307
nif-	0.00185013876041	0.996299722479	0.00185013876041	0.0
par-	0.0247084141449	0.943011238343	0.0107601158373	0.0215202316746
ala-	0.0992103695672	0.595189577826	0.0187639496661	0.28683610294
anu-	0.0	0.95652173913	0.0434782608696	0.0
her-	0.0294734687612	0.917105869109	0.041754080745	0.0116665813846
kin-	0.0	0.976923076923	0.0230769230769	0.0
lā‘-	0.0405683773253	0.0809413390602	0.00863757056115	0.869852713053
reu-	0.0	1.0	0.0	0.0
fuf-	0.725123152709	0.232512315271	0.0413793103449	0.000985221674876
ona-	0.0930737444091	0.106935223458	0.0100472465587	0.789943785575
nof-	0.409853267592	0.471841205124	0.0505240774943	0.0677814497901
lug-	0.0649294417225	0.0585802045641	0.0408911775838	0.83559917613
tio-	0.0560407569141	0.799854439592	0.122270742358	0.0218340611354
ser-	0.0	1.0	0.0	0.0
u‘a-	0.0302521008403	0.955630252101	0.00201680672268	0.0121008403361
mis-	0.197724039829	0.74679943101	0.0213371266003	0.0341394025604
po‘-	0.0953380932381	0.481310373793	0.0730785384292	0.35027299454
ran-	0.0344827586207	0.931034482759	0.0344827586207	0.0
lav-	0.1482542208	0.071688844941	0.184640523543	0.595416410716
vav-	0.499901959229	0.157269905606	0.0731994519909	0.269628683174
a‘e-	0.206439604563	0.0515367371188	0.0114721186545	0.730551539664
ma‘-	0.0960531013855	0.56495144665	0.305807086038	0.0331883659266
sā‘-	0.871359741612	0.0732856418333	0.0137468969383	0.0416077196167
sos-	0.45694799659	0.127706734868	0.368513782325	0.0468314862176
kua-	0.0246913580247	0.79012345679	0.185185185185	0.0
ope-	0.274809160305	0.725190839695	0.0	0.0
tat-	0.159699804087	0.0771012783393	0.0555640115093	0.707634906065
‘ol-	0.249053170556	0.579057613778	0.160252205742	0.0116370099232
uri-	0.0	1.0	0.0	0.0
ave-	0.410567564151	0.448868663886	0.0541018834535	0.0864618885097
mūm-	0.0262199563001	0.0691915513474	0.904588492353	0.0
iot-	0.0	1.0	0.0	0.0
pot-	0.211781395663	0.540791281047	0.121642009503	0.125785313788
mam-	0.070407741942	0.570326300116	0.277438060396	0.0818278975461
utu-	0.543575953235	0.232953932657	0.160052919564	0.0634171945441
esa-	0.00956937799042	0.99043062201	0.0	0.0
sis-	0.472338447234	0.440632264063	0.044630404463	0.0423988842399
afī-	0.86013986014	0.0979020979021	0.041958041958	0.0
aug-	0.246004169562	0.525364836692	0.168172341904	0.0604586518415
tuā-	0.104280764502	0.828881189225	0.00670615848888	0.0601318877836
mos-	0.0332679418015	0.964279875756	0.00245218244238	0.0
lūl-	0.756196256955	0.176024279211	0.0330467037599	0.0347327600742
sur-	0.0116580310881	0.945595854922	0.0427461139896	0.0
ili-	0.716258351893	0.228953229399	0.049443207127	0.0053452115813
ofi-	0.171428571429	0.685714285714	0.104761904762	0.0380952380952
o‘o-	0.57060690786	0.0798208917573	0.0236540604175	0.325918139965
aof-	0.234923964342	0.388568432092	0.0227233001224	0.353784303443
ief-	0.0	1.0	0.0	0.0
sal-	0.414888466862	0.520232527087	0.0385127733589	0.0263662326929
asu-	0.151382823872	0.820232896652	0.00218340611354	0.0262008733625
au‘-	0.0861833105335	0.812585499316	0.0492476060191	0.0519835841313
aun-	0.074713740458	0.088788167939	0.0749045801527	0.76159351145
kov-	0.0106517879787	0.963479584073	0.00836926198326	0.017499365965
sek-	0.00430107526882	0.933333333333	0.0602150537635	0.00215053763441
pip-	0.378429817605	0.0918318794608	0.466931007137	0.062807295797
liu-	0.739555303781	0.157343152528	0.0453547656139	0.0577467780767
gāe-	0.642857142857	0.357142857143	0.0	0.0
ket-	0.0236686390533	0.976331360947	0.0	0.0
mās-	0.408863341368	0.424042417855	0.128647778297	0.0384464624795
pu‘-	0.726494053154	0.162889726396	0.0771376829328	0.0334785375165
fau-	0.527297222191	0.385651606532	0.0640408298245	0.0230103414521
tāu-	0.0541373617817	0.158456315216	0.73682728547	0.0505790375331
sul-	0.179540170499	0.742185481788	0.0534745543787	0.0247997933351
age-	0.00303052431722	0.991711698554	0.0047100920111	0.00054768511757
mui-	0.836232753449	0.104379124175	0.0143971205759	0.0449910017996
igo-	0.414363903351	0.537489431763	0.0228718907133	0.0252747741735
gal-	0.333188555053	0.601806743384	0.0265750235078	0.0384296780549
usu-	0.467741935484	0.505376344086	0.0	0.0268817204301
‘in-	0.0972945517248	0.0656818700851	0.0151081606678	0.821915417522
kar-	0.11625	0.77125	0.1125	0.0
soa-	0.0	1.0	0.0	0.0
sel-	0.303738317757	0.361559749569	0.0381090645132	0.296592868161
suk-	0.106060606061	0.787878787879	0.0909090909091	0.0151515151515
suā-	0.0525711901533	0.87879420048	0.057369354334	0.0112652550329
‘el-	0.133800398881	0.811408282986	0.0463534551405	0.00843786299248
ati-	0.387980972955	0.136697168589	0.147243070062	0.328078788394
pur-	0.0	0.917808219178	0.0821917808219	0.0
‘āi-	0.0246538741802	0.915472431382	0.0491255768764	0.0107481175613
luk-	0.0429694229002	0.860674901506	0.0911472606972	0.00520841489698
uat-	0.138957816377	0.836228287841	0.00992555831265	0.014888337469
lel-	0.0980241115475	0.279467236643	0.495462462336	0.127046189474
iat-	0.256906077348	0.662983425414	0.0331491712707	0.0469613259668
kak-	0.0	1.0	0.0	0.0
afe-	0.0590154828855	0.210581128931	0.042768867597	0.687634520586
one-	0.0443524541691	0.881135422827	0.0283855706682	0.0461265523359
lom-	0.157894736842	0.421052631579	0.210526315789	0.210526315789
rep-	0.0368421052632	0.868421052632	0.0631578947368	0.0315789473684
ani-	0.0	1.0	0.0	0.0
kap-	0.00988467874795	0.978583196046	0.00329489291598	0.00823723228995
fo‘-	0.0294991412723	0.00932818983223	0.0162130733453	0.94495959555
va‘-	0.755358607963	0.210889097051	0.0169929489885	0.0167593459977
sil-	0.257552505602	0.218531694486	0.330061875578	0.193853924334
ake-	0.0206073752712	0.971800433839	0.0	0.00759219088937
aog-	0.190375036625	0.326838558453	0.427263404629	0.055523000293
nis-	0.0537041799855	0.17752793393	0.119818904035	0.64894898205
to‘-	0.0545767232443	0.228706323009	0.340976856091	0.375740097657
kis-	0.0	0.96	0.04	0.0
gau-	0.55795148248	0.302716151773	0.0771304167531	0.0622019489944
‘ae-	0.0465829196435	0.0128718767188	0.00632437356724	0.93422083007
nau-	0.289178538951	0.292664443771	0.206274628675	0.211882388603
sau-	0.651011103063	0.194727610276	0.109594859925	0.044666426736
pef-	0.877700379155	0.122299620845	0.0	0.0
sag-	0.418652849741	0.190673575129	0.131088082902	0.259585492228
fea-	0.146990115986	0.359353524724	0.0565189583456	0.437137400944
kit-	0.0582010582011	0.936507936508	0.00529100529101	0.0
fu‘-	0.492631578947	0.243368421053	0.112421052632	0.151578947368
ela-	0.0	1.0	0.0	0.0
fin-	0.385554078169	0.370954197138	0.0697627628679	0.173728961825
tāl-	0.823402337375	0.111654707113	0.0319036140751	0.033039341437
nag-	0.0	1.0	0.0	0.0
pak-	0.303797468354	0.582278481013	0.113924050633	0.0
itu-	0.0	0.993055555556	0.00694444444445	0.0
uso-	0.00264129585209	0.948198258901	0.0276707184504	0.0214897267966
ras-	0.163636363636	0.836363636364	0.0	0.0
‘al-	0.758133157973	0.151880986649	0.0411931113207	0.0487927440568
upa-	0.0384615384615	0.961538461538	0.0	0.0
oti-	0.310473620152	0.320086899924	0.358875671426	0.0105638084972
men-	0.0	1.0	0.0	0.0
eup-	0.182741116751	0.817258883249	0.0	0.0
iko-	0.0	1.0	0.0	0.0
ain-	0.036253776435	0.796072507553	0.122356495468	0.0453172205438
tap-	0.340351799665	0.600541590849	0.0397052033192	0.0194014061673
moe-	0.270597389124	0.571482089853	0.0351574882568	0.122763032766
lup-	0.384563758389	0.615436241611	0.0	0.0
vi‘-	0.242484047102	0.690119071114	0.0527925794356	0.0146043023485
sol-	0.350114899785	0.474665184011	0.0468715306673	0.128348385536
ame-	0.00883838383838	0.133838383838	0.00568181818182	0.851641414141
iak-	0.000600060005999	0.998799879988	0.000600060006001	0.0
iso-	0.133333333333	0.76	0.106666666667	0.0
alā-	0.165517241379	0.834482758621	0.0	0.0
pam-	0.0	1.0	0.0	0.0
mag-	0.121191173135	0.668506497014	0.199608991046	0.010693338806
map-	0.612592172433	0.228020419739	0.0850822461714	0.0743051616562
‘āf-	0.0396501682912	0.0182312941337	0.00769415867791	0.934424378897
a‘i-	0.33676310374	0.371625711173	0.134366299479	0.157244885607
afa-	0.320371588293	0.623232489313	0.0236764222295	0.0327195001644
tim-	0.0795243977764	0.884651019148	0.0262507720815	0.00957381099444
nil-	0.0	0.877566884757	0.122433115243	0.0
si‘-	0.267610178868	0.59012539185	0.0193619767656	0.122902452517
mon-	0.0361412332893	0.3737768638	0.239994576394	0.350087326517
tou-	0.128741405201	0.0866226587563	0.0204734555038	0.764162480539
alo-	0.309794387167	0.634472904754	0.0408581001795	0.0148746078995
māa-	0.0728033472803	0.360669456067	0.550627615063	0.0158995815899
ano-	0.111111111111	0.888888888889	0.0	0.0
iut-	0.0104375841296	0.874462122382	0.101771961957	0.0133283315312
pit-	0.105480643758	0.722161809482	0.0777511961722	0.0946063505872
aur-	0.000995850622405	0.724481327801	0.274522821577	0.0
ara-	0.0163132137031	0.924959216966	0.0456769983687	0.0130505709625
pea-	0.322081311192	0.0988650977668	0.0409278224709	0.53812576857
man-	0.443002586545	0.427912085014	0.0549070204378	0.0741783080032
foe-	0.287878787879	0.681818181818	0.0	0.030303030303
vin-	0.0612533921832	0.860746277558	0.0703762378276	0.00762409243131
fai-	0.787836061283	0.131153660755	0.0323361822394	0.0486740957217
ema-	0.0724508050089	0.830948121646	0.0483005366726	0.0483005366726
pis-	0.179117147708	0.646010186757	0.134974533107	0.0398981324278
ten-	0.0143084260731	0.834658187599	0.139904610493	0.0111287758347
pet-	0.0124305919081	0.974537846092	0.00645252099046	0.00657904100988
sai-	0.0847127555988	0.895423563778	0.00350535540409	0.0163583252191
apo-	0.547942973523	0.401873727088	0.0303054989817	0.0198778004073
fan-	0.321716842413	0.648694831036	0.0134001843649	0.0161881421858
lot-	0.181555470445	0.640475798558	0.0833194326139	0.0946492983826
kef-	0.0679468242245	0.878877400295	0.0147710487445	0.0384047267356
gag-	0.0482915797717	0.829365645046	0.116059942099	0.00628283308255
atu-	0.0684616657479	0.438207768014	0.00489955455337	0.488431011685
aro-	0.0	0.975903614458	0.0240963855421	0.0
tig-	0.378177108629	0.385678052992	0.178619610383	0.0575252279963
sua-	0.0582179366345	0.902124265932	0.0301602262017	0.00949757123178
mik-	0.0933333333333	0.88	0.0133333333333	0.0133333333333
fes-	0.727019881984	0.213330993934	0.0183882878965	0.0412608361849
lep-	0.380584354383	0.534024505184	0.0786050895382	0.00678605089538
tog-	0.252341521096	0.600972906808	0.120536191671	0.0261493804245
ilo-	0.946685050709	0.0311452871136	0.0141389090318	0.00803075314561
fun-	0.120743034056	0.860681114551	0.0	0.0185758513932
van-	0.0748663101603	0.657754010695	0.106951871658	0.160427807487
moa-	0.652644861163	0.319990574428	0.0164187386456	0.0109458257637
asō-	0.0330374753452	0.883136094675	0.0660749506904	0.0177514792899
tae-	0.0163544065313	0.615867699393	0.220980741051	0.146797153025
tan-	0.128726628701	0.809037902041	0.0294218580887	0.0328136111691
vag-	0.0552340873225	0.0412940557601	0.0393214097843	0.864150447133
ale-	0.0319529114988	0.888164809754	0.0765188143788	0.0033634643683
‘ot-	0.00757575757576	0.976325757576	0.0160984848485	0.0
pai-	0.165374677003	0.304909560723	0.511627906977	0.0180878552972
kup-	0.00811359026368	0.918864097363	0.0202839756592	0.052738336714
aga-	0.0627285278921	0.852452335059	0.0722357081289	0.0125834289199
epa-	0.0710659898477	0.868020304569	0.0279187817259	0.0329949238579
ama-	0.381405815051	0.385667161269	0.0588617607024	0.174065262977
a‘o-	0.40187666426	0.536457970882	0.0427514685014	0.0189138963567
vāv-	0.107227022781	0.645326001571	0.130793401414	0.116653574234
inu-	0.512758568625	0.355176405456	0.126629422719	0.00543560320097
osa-	0.0423814328961	0.865792129162	0.0363269424824	0.0554994954591
mau-	0.6133659736	0.222363932232	0.106136435959	0.0581336582087
kok-	0.0	0.966666666667	0.0333333333333	0.0
pag-	0.0891947694425	0.837026841019	0.0528561596697	0.0209222298693
ifo-	0.211003057584	0.182754374045	0.0063699677255	0.599872600646
loa-	0.302718127297	0.0517024569549	0.0124782356355	0.633101180112
ton-	0.199521605089	0.265280705249	0.245511042508	0.289686647154
leo-	0.16418743919	0.656379756896	0.153772628232	0.0256601756814
fem-	0.463003663004	0.361416361416	0.0810744810745	0.0945054945055
māl-	0.126075749811	0.801120810374	0.036909221706	0.0358942181091
len-	0.0455990450502	0.0389212770441	0.0204761209428	0.895003556963
tiu-	0.25	0.6	0.1375	0.0125
nan-	0.823523765777	0.160639238727	0.0	0.0158369954957
pol-	0.150594152782	0.823715812637	0.0107136120717	0.0149764225087
gūg-	0.284671532847	0.103649635037	0.553284671533	0.0583941605839
sar-	0.0545007032349	0.913853727145	0.0316455696202	0.0
lao-	0.0112359550562	0.914606741573	0.0741573033707	0.0
olu-	0.0	1.0	0.0	0.0
kio-	0.0	0.98773006135	0.0122699386503	0.0
teu-	0.494318232378	0.350845813645	0.108385167783	0.0464507861929
fua-	0.272296744482	0.622799155589	0.0501125325683	0.0547915673608
fāl-	0.976447497547	0.0117762512267	0.0	0.0117762512267
put-	0.0	0.961538461538	0.0384615384615	0.0
tin-	0.0289775451549	0.912603030201	0.040761233065	0.0176581915788
ses-	0.228875679224	0.353014113271	0.318369133146	0.0997410743591
fe‘-	0.172448806905	0.657016025099	0.131090774178	0.0394443938191
tāo-	0.673916879908	0.182784787788	0.0612370952087	0.0820612370952
efa-	0.0923076923076	0.907692307692	0.0	0.0
pei-	0.0560484619869	0.0376514084491	0.0214333508866	0.884866778677
‘av-	0.78540163224	0.0451836855161	0.013960176787	0.155454505457
‘of-	0.171844324469	0.782477021239	0.0377030162413	0.00797563805105
uro-	0.0	0.77358490566	0.22641509434	0.0
top-	0.0	0.517857142857	0.482142857143	0.0
tun-	0.038545355489	0.910991555434	0.0477390356851	0.00272405339144
fus-	0.427421109902	0.47725788901	0.0215451577802	0.0737758433079
sop-	0.174334140436	0.782082324455	0.0217917675545	0.0217917675545
tas-	0.0159903326516	0.129154487388	0.106051163213	0.748804016748
lef-	0.0	1.0	0.0	0.0
āfu-	0.116265413975	0.854668232531	0.0	0.0290663534938
set-	0.0726466159293	0.809043180986	0.0591551015425	0.0591551015425
kaa-	0.0	1.0	0.0	0.0
ele-	0.0103110500086	0.627007313208	0.349506406217	0.0131752305666
ais-	0.0319134164451	0.022435154398	0.0083288244469	0.93732260471
te‘-	0.692022872141	0.183773903262	0.063742032246	0.0604611923509
amu-	0.592290432517	0.169120813521	0.203661328125	0.0349274258378
rom-	0.00787659993436	0.694781752544	0.295372497539	0.00196914998359
u‘u-	0.455699876642	0.192003483056	0.170524635368	0.181772004934
soi-	0.361365399535	0.501784328937	0.0800620636152	0.0567882079131
uog-	0.194805194805	0.623376623377	0.12987012987	0.0519480519481
era-	0.0235294117647	0.976470588235	0.0	0.0
sus-	0.608374766249	0.308596000743	0.0683472344884	0.0146819985197
mot-	0.152941176471	0.764705882353	0.0718954248366	0.0104575163399
ref-	0.0	1.0	0.0	0.0
raa-	0.0619047619048	0.919047619048	0.00952380952381	0.00952380952381
mak-	0.0212636695018	0.955302898802	0.0199618121854	0.0034716195105
pep-	0.181842790307	0.533581769703	0.256184215869	0.0283912241206
sam-	0.00846037862288	0.965655888759	0.023873345619	0.0020103869995
nik-	0.0	0.992499598193	0.00750040180724	0.0
lit-	0.0199203187251	0.980079681275	0.0	0.0
eto-	0.993548387097	0.00645161290322	0.0	0.0
pui-	0.44776119403	0.48311076198	0.0455616653574	0.0235663786331
lan-	0.0354146814614	0.038095725198	0.0272849744094	0.899204618931
rut-	0.0	1.0	0.0	0.0
tāt-	0.700459217144	0.24076098841	0.0514323201399	0.0073474743057
uil-	0.0321361058601	0.96786389414	0.0	0.0
ruf-	0.0	0.962962962963	0.037037037037	0.0
uta-	0.326174496644	0.562416107383	0.00671140939597	0.104697986577
fat-	0.102808892264	0.863214527143	0.0225476242592	0.0114289563332
kas-	0.0	1.0	0.0	0.0
sum-	0.431034482759	0.362068965517	0.206896551724	0.0
nua-	0.0526315789473	0.947368421053	0.0	0.0
lil-	0.574219259204	0.287302298997	0.103984173892	0.0344942679064
fiv-	0.0116504854369	0.988349514563	0.0	0.0
sef-	0.0214344600165	0.0540670513878	0.0405331134927	0.883965375103
sem-	0.228159126365	0.487129485179	0.0097503900156	0.27496099844
siv-	0.49961802903	0.477463712758	0.0229182582124	0.0
fag-	0.158975341143	0.759395104947	0.0240366908016	0.0575928631087
amo-	0.465765004227	0.483516483516	0.0316990701606	0.0190194420964
kop-	0.171428571429	0.451428571429	0.24	0.137142857143
tūt-	0.406183932347	0.204016913319	0.288319238901	0.101479915433
tei-	0.0369827813933	0.71468024303	0.13016017867	0.118176796907
rot-	0.0350877192982	0.964912280702	0.0	0.0
ram-	0.0	1.0	0.0	0.0
o‘u-	0.0232755430632	0.0662357328631	0.016455267654	0.89403345642
iva-	0.0581321982423	0.0916844024638	0.204915998804	0.64526740049
los-	0.249691738594	0.447595561036	0.286683107275	0.0160295930949
noa-	0.230048708987	0.689488244912	0.0480618194832	0.0324012266179
alu-	0.916687580066	0.0542108103409	0.00343635847698	0.0256652511166
eun-	0.0122950819672	0.93237704918	0.0553278688525	0.0
kal-	0.0116872706654	0.964326289016	0.0207739706329	0.0032124696855
fōn-	0.936507936508	0.0634920634921	0.0	0.0
ier-	0.00265428002654	0.996549435965	0.000265428002654	0.000530856005308
kil-	0.0151515151515	0.982323232323	0.00252525252525	0.0
res-	0.0	1.0	0.0	0.0
pau-	0.0120272667849	0.979120366047	0.00190493977029	0.00694742739752
sim-	0.00996441281138	0.986476868327	0.00166073546856	0.00189798339265
ros-	0.591836734694	0.367346938776	0.0408163265306	0.0
lo‘-	0.266493653938	0.043701970679	0.0106532055733	0.67915116981
mav-	0.304716560036	0.115644993305	0.0679214402618	0.511717006398
kel-	0.0483870967742	0.903225806452	0.0	0.0483870967742
fev-	0.442154566745	0.40031225605	0.047931303669	0.109601873536
tor-	0.0465116279069	0.937984496124	0.0	0.015503875969
sav-	0.797402120531	0.163491990637	0.0173497957498	0.021756093083
aso-	0.00975306568644	0.908758453886	0.017107887992	0.0643805924352
gut-	0.0147036299587	0.9466993414	0.0153162812069	0.0232807474345
nat-	0.511839207048	0.414647577093	0.0619493392071	0.011563876652
ota-	0.0457368718238	0.8345567476	0.116318464145	0.0033879164314
lap-	0.517953762912	0.290703393999	0.0718150516478	0.119527791441
‘eu-	0.497311827957	0.341397849462	0.0268817204301	0.134408602151
‘up-	0.181887672908	0.63006064666	0.042015735516	0.146035944916
poa-	0.0255319148936	0.957446808511	0.0170212765957	0.0
lag-	0.0782524927676	0.859631892149	0.0560472399549	0.00606837512894
‘a‘-	0.316412501887	0.650088076904	0.0232925663093	0.0102068548996
fom-	0.0435643564356	0.938613861386	0.0118811881188	0.00594059405941
hos-	0.0	1.0	0.0	0.0
olo-	0.730158730159	0.126984126984	0.142857142857	0.0
mit-	0.519470749281	0.341980967449	0.124642267154	0.0139060161164
ait-	0.0574912891986	0.790940766551	0.130662020906	0.0209059233449
māi-	0.0455531453362	0.41431670282	0.501084598698	0.0390455531453
asa-	0.0	0.731182795699	0.204301075269	0.0645161290322
naf-	0.0392670157068	0.960732984293	0.0	0.0
gāo-	0.830313014827	0.169686985173	0.0	0.0
sep-	0.00774564768368	0.992254352316	0.0	0.0
mes-	0.0839694656489	0.885496183206	0.00763358778625	0.0229007633588
iai-	0.0595238095238	0.904761904762	0.0357142857143	0.0
mil-	0.455115346038	0.454613841525	0.0564192577733	0.033851554664
fei-	0.767240843231	0.184379080903	0.0115664448728	0.0368136309931
iar-	0.0	1.0	0.0	0.0
tom-	0.0	1.0	0.0	0.0
tep-	0.878003696858	0.0388170055453	0.0184842883549	0.0646950092421
pup-	0.456757231526	0.331127766717	0.183423117461	0.0286918842956
aio-	0.105263157895	0.719298245614	0.0350877192982	0.140350877193
ono-	0.053985013624	0.102861035422	0.184604904632	0.658549046322
lua-	0.0519235565631	0.0901916036101	0.165712911269	0.692171928558
lāl-	0.0480639956978	0.893116429148	0.0487362194138	0.0100833557408
sōs-	0.331034482759	0.0413793103448	0.0827586206897	0.544827586207
mur-	0.00956937799043	0.980861244019	0.00956937799043	0.0
naa-	0.0100492893717	0.904531750969	0.0854189596592	0.0
lip-	0.0414746543778	0.903225806452	0.0414746543779	0.0138248847926
las-	0.0293918918919	0.947635135135	0.00574324324324	0.0172297297297
pal-	0.13101742898	0.751484764168	0.0944898681047	0.0230079387476
‘i‘-	0.040108191752	0.0813547091235	0.0296269569736	0.848910142151
kol-	0.0	0.983713355049	0.00977198697068	0.00651465798047
ese-	0.0	1.0	0.0	0.0
vat-	0.374519846351	0.092509603073	0.532970550576	0.0
tui-	0.201812191104	0.724052718287	0.0650741350906	0.00906095551895
iul-	0.0676328502415	0.806763285024	0.0	0.125603864734
lev-	0.076356694846	0.424870466321	0.213344241433	0.2854285974
pil-	0.0493153505611	0.885205394832	0.0426232883764	0.0228559662308
tav-	0.0	0.996839147741	0.00105361741981	0.00210723483961
sot-	0.0093896713615	0.990610328639	0.0	0.0
tot-	0.243064424872	0.506674805442	0.0408985549854	0.209362214701
lea-	0.101525860158	0.0497518197916	0.0890814585738	0.759640861476
ume-	0.0	0.990099009901	0.0	0.009900990099
faf-	0.100707386292	0.577096347697	0.0514320361778	0.270764229833
epi-	0.121693121693	0.669312169312	0.193121693122	0.015873015873
oge-	0.0352159468438	0.853156146179	0.0817275747509	0.0299003322259
aus-	0.208255159475	0.549718574109	0.0450281425891	0.196998123827
mao-	0.0108135942328	0.967559217302	0.00617919670443	0.0154479917611
mol-	0.334332172316	0.573768985295	0.025047588282	0.0668512541068
vev-	0.211449200619	0.553378029912	0.21763795771	0.0175348117586
umu-	0.0655737704918	0.786885245902	0.147540983607	0.0
aok-	0.14652014652	0.85347985348	0.0	0.0
tup-	0.139663329565	0.789810315136	0.0333985825005	0.037127772798
nea-	0.0	1.0	0.0	0.0
lin-	0.0224719101123	0.96404494382	0.0	0.0134831460674
ato-	0.131895715671	0.241314393291	0.0753037823036	0.551486108734
api-	0.225563909774	0.674185463659	0.0350877192983	0.0651629072681
māt-	0.0795667253909	0.890497687734	0.0206452323277	0.00929035454747
pul-	0.160827075614	0.705342382171	0.0342569647307	0.0995735774838
faa-	0.0674157303371	0.0449438202247	0.00561797752808	0.88202247191
iti-	0.0409143190799	0.236826821241	0.609542602345	0.112716257334
vāi-	0.0323060843126	0.282456529313	0.678586133722	0.00665125265258
aku-	0.0	1.0	0.0	0.0
viv-	0.614688345586	0.333588755059	0.0395105481191	0.0122123512368
pes-	0.435686134002	0.555714797564	0.00214976710856	0.00644930132569
ane-	0.54157036768	0.179761752426	0.0163633811099	0.262304498783
mā‘-	0.317454749544	0.190823628455	0.112740283429	0.378981338572
isi-	0.0108362996994	0.341011635239	0.18765443732	0.460497627743
tem-	0.0271939675918	0.892106529761	0.0782929568426	0.00240654580459
ti‘-	0.854475745958	0.119353225538	0.00533422237039	0.0208368061344
vet-	0.26267281106	0.626728110599	0.0552995391705	0.0552995391705
aol-	0.00449749178343	0.988410309635	0.00622729631552	0.000864902266044
upu-	0.0345572354211	0.910367170626	0.0097192224622	0.0453563714903
fiu-	0.541484716157	0.165938864629	0.144104803493	0.14847161572
fer-	0.0	0.986111111111	0.0138888888889	0.0
lis-	0.211382113821	0.642276422764	0.113821138211	0.0325203252033
uai-	0.0305093086197	0.935208726318	0.0273927663413	0.00688919872058
loi-	0.2096069869	0.761280931587	0.00873362445414	0.0203784570597
tof-	0.529978732882	0.365014872613	0.0399476943858	0.0650587001193
oso-	0.581319009251	0.278125932558	0.0376007162041	0.102954341987
kus-	0.0	1.0	0.0	0.0
fui-	0.0805369127517	0.875838926174	0.0335570469799	0.0100671140939
nak-	0.018691588785	0.971962616822	0.00934579439252	0.0
lon-	0.0128796616273	0.0155690161772	0.012700867973	0.958850454223
a‘u-	0.107757894254	0.0133543459687	0.00318364476439	0.875704115013
tam-	0.0276879489255	0.905816384165	0.0489581964993	0.0175374704103
are-	0.0209562563581	0.966836215666	0.00976602238047	0.00244150559511
