jer-	0.00760109455762	0.977576771055	0.00266038309516	0.0121617512922
kud-	0.253935905528	0.479192700071	0.046900684734	0.219970709667
agu-	0.409957215091	0.0622325943213	0.142746013224	0.385064177363
ris-	0.331916064991	0.301539869793	0.0443089821868	0.32223508303
kec-	0.00764331210191	0.0687898089172	0.854777070064	0.0687898089172
won-	0.652547223812	0.175729822553	0.0171722953635	0.154550658271
vas-	0.370237496881	0.196658648096	0.0973369817425	0.335766873281
muw-	0.438041934062	0.423504629403	0.0874442757067	0.0510091608289
nak-	0.0533153820262	0.891013126893	0.00828004039045	0.04739145069
iya-	0.342053111375	0.222750693619	0.00951248513675	0.425683709869
mou-	0.747826086957	0.0	0.0173913043478	0.234782608696
ure-	0.291938997821	0.0718954248366	0.0283224400871	0.607843137255
maa-	0.0590563402142	0.0594702260851	0.00320761550003	0.878265818201
uti-	0.412855377009	0.419035846724	0.044499381953	0.123609394314
pev-	0.0837837837838	0.689189189189	0.197297297297	0.0297297297297
voi-	0.0	0.570951585977	0.429048414023	0.0
nzo-	0.0607142857143	0.939285714286	0.0	0.0
omo-	0.320388349515	0.597087378641	0.0825242718446	0.0
huv-	0.271186440678	0.728813559322	0.0	0.0
yeh-	0.34872417983	0.600243013366	0.0170109356015	0.034021871203
ver-	0.0192307692308	0.980769230769	0.0	0.0
kus-	0.223010489762	0.207016785542	0.0869259018078	0.483046822888
ize-	0.252577319588	0.223367697594	0.524054982818	0.0
pav-	0.181004562274	0.325257211739	0.0364563006398	0.457281925348
mah-	0.614825750162	0.119976114253	0.00278667042646	0.262411465158
eda-	0.565476190476	0.434523809524	0.0	0.0
wav-	0.0698086631241	0.419685559824	0.0710542722473	0.439451504804
nyu-	0.129645635264	0.870354364736	0.0	0.0
aku-	0.573727514721	0.236280282864	0.135314995563	0.0546772068511
ite-	0.282404055033	0.505792903693	0.179217958001	0.0325850832729
ufu-	0.682969724886	0.182195050458	0.0527616096478	0.0820736150077
yeu-	0.0201342281879	0.89932885906	0.0805369127517	0.0
peb-	0.28049339207	0.650431718062	0.0616740088105	0.00740088105728
aba-	0.805299891215	0.116106242284	0.066615330082	0.0119785364184
rac-	0.291011688835	0.227327690447	0.0173317210802	0.464328899637
asw-	0.655532359081	0.0	0.0876826722338	0.256784968685
vaa-	0.361506897022	0.46186575413	0.0757839589359	0.100843389913
eha-	0.315789473684	0.605263157895	0.0789473684211	0.0
sak-	0.0430713886391	0.020684961474	0.00517731703167	0.931066332855
yaz-	0.23366152968	0.420733447489	0.240724885845	0.104880136986
ouc-	0.0829493087558	0.350230414746	0.387096774194	0.179723502304
aub-	0.769736842105	0.118421052632	0.0197368421052	0.0921052631579
wa--	0.377358490566	0.301886792453	0.0377358490566	0.283018867925
une-	0.346163268639	0.141274464436	0.0454582573427	0.467104009582
uwa-	0.498905908096	0.431072210066	0.0262582056893	0.0437636761488
seg-	0.121035683954	0.627555260851	0.172120463433	0.0792885917624
hat-	0.338736319622	0.0984084713854	0.0318816136465	0.530973595346
kat-	0.0183861082737	0.741573033708	0.0	0.240040858018
neg-	0.0494650575673	0.851481932745	0.0503867667145	0.0486662429731
zin-	0.0	1.0	0.0	0.0
aya-	0.15671641791	0.0802431143252	0.0141560240037	0.748884443761
fud-	0.726990692865	0.266804550155	0.0	0.00620475698035
tib-	0.602597804237	0.291479820628	0.0363383330756	0.0695840420597
gan-	0.40270671728	0.562634098036	0.034659184684	0.0
yer-	0.0828621035697	0.680211535705	0.150910336259	0.0860160244668
mbi-	0.0741131972604	0.460643336627	0.0215865335469	0.443656932566
ras-	0.0845533615082	0.786063552049	0.0116834225216	0.117699663921
ari-	0.266694983882	0.0389362465524	0.0037865335438	0.690582236022
yau-	0.483549977589	0.359838637382	0.124338861497	0.032272523532
oku-	0.191420863441	0.319489285688	0.349761700819	0.139328150052
ini-	0.0124775287031	0.00784301804196	0.000773800229651	0.978905653025
uvh-	0.769794721408	0.230205278592	0.0	0.0
bay-	0.36	0.6	0.0	0.04
mig-	0.233602236226	0.525415001348	0.160311894662	0.0806708677635
vaz-	0.0724219993147	0.417019099431	0.454067958112	0.0564909431429
tus-	0.0	0.221789883268	0.770428015564	0.00778210116731
uga-	0.447872340426	0.325531914894	0.0861702127659	0.140425531915
tai-	0.579327750373	0.175174945509	0.118159917403	0.127337386716
paf-	0.0691244239631	0.68202764977	0.0	0.248847926267
hum-	0.334738617201	0.303541315346	0.0640809443507	0.297639123103
kum-	0.291428979122	0.508571045523	0.0634126382288	0.136587337126
mud-	0.122956837763	0.678112943101	0.0915118314287	0.107418387708
riz-	0.421052631579	0.0877192982456	0.368421052632	0.122807017544
nor-	0.0899702601807	0.831277863288	0.0324264617966	0.0463254147348
nen-	0.0740187019488	0.446336550481	0.0857588350007	0.39388591257
has-	0.0375	0.694230769231	0.230769230769	0.0375
aig-	0.254335260116	0.0873136598722	0.259202920596	0.399148159416
ihw-	0.386459802539	0.224259520451	0.0973201692525	0.291960507758
svi-	0.369082342383	0.332510657393	0.207314336998	0.0910926632264
wai-	0.23456025593	0.641600298304	0.0228918972513	0.100947548515
wod-	0.790322580645	0.120967741935	0.0161290322581	0.0725806451613
ate-	0.567690311419	0.249351211073	0.0281141868512	0.154844290657
tii-	0.483075911929	0.26141965166	0.0583305948077	0.197173841604
dzu-	0.309734513274	0.221238938053	0.469026548673	0.0
kam-	0.0835497835498	0.130303030303	0.0225108225108	0.763636363636
jur-	0.0	1.0	0.0	0.0
sin-	0.0170454545455	0.948863636364	0.0	0.0340909090909
jef-	0.0	1.0	0.0	0.0
tag-	0.622686283816	0.196962505933	0.123398196488	0.0569530137636
pat-	0.178430111318	0.447683816911	0.0223751425228	0.351510929249
mur-	0.142249997117	0.584778801152	0.0417883440409	0.231182857689
wes-	0.0133770440791	0.943650681578	0.0252151361846	0.0177571381581
ror-	0.165594484456	0.442695918873	0.286456331001	0.105253265671
maw-	0.36909650924	0.245893223819	0.0462012320328	0.338809034908
vog-	0.0617566331199	0.035681610247	0.0521500457457	0.850411710887
jor-	0.0	0.954802259887	0.0	0.045197740113
rwu-	0.235936548364	0.350326670727	0.106583245668	0.307153535242
vae-	0.528458844133	0.313047285464	0.0326182136602	0.125875656743
nye-	0.0493754592211	0.883908890522	0.00852314474652	0.0581925055106
inw-	0.178571428571	0.678571428571	0.0	0.142857142857
him-	0.0456273764259	0.954372623574	0.0	0.0
bhu-	0.106232294618	0.803470254958	0.0690509915014	0.0212464589235
ake-	0.0433528149738	0.0181993045794	0.00621439668565	0.932233483761
jek-	0.0	1.0	0.0	0.0
ngw-	0.198830409357	0.766081871345	0.0350877192982	0.0
nza-	0.0609683203825	0.248057381949	0.685594739988	0.00537955768082
uzi-	0.397402597403	0.472727272727	0.0753246753247	0.0545454545454
rek-	0.00886524822693	0.926861702128	0.0199468085106	0.0443262411347
nig-	0.0	0.943502824859	0.0564971751413	0.0
por-	0.3938840712	0.25296668188	0.164879050662	0.188270196257
muc-	0.461043415113	0.327682069642	0.0681147355998	0.143159779645
isv-	0.295900178253	0.597147950089	0.0106951871658	0.0962566844919
pas-	0.0934604439705	0.217296125992	0.0554191294717	0.633824300565
ifa-	0.343434343434	0.212121212121	0.414141414141	0.030303030303
nge-	0.0164024056862	0.983597594314	0.0	0.0
zer-	0.111538461538	0.611538461539	0.115384615385	0.161538461538
nai-	0.0952766490886	0.14463096362	0.00767442347802	0.752417963813
bak-	0.0459946339594	0.942506707551	0.0	0.0114986584898
muz-	0.282102406038	0.523370570373	0.0717196389704	0.122807384619
vab-	0.300554294462	0.569265691812	0.0345774164599	0.0956025972654
haa-	0.39138124657	0.114391920724	0.038767494932	0.455459337774
ped-	0.114794394815	0.17671798676	0.0293586979072	0.679128920518
rat-	0.351528080508	0.256365069795	0.115939340537	0.276167509159
che-	0.0902617844544	0.18646314837	0.137158859725	0.586116207451
epa-	0.113431227267	0.82567695002	0.0525394045534	0.00835241815977
yac-	0.303987796906	0.157768577032	0.0379167574635	0.500326868599
yei-	0.199484092863	0.661220980224	0.0206362854686	0.118658641445
sap-	0.415707515234	0.357481381178	0.0440081245768	0.182802979012
asi-	0.0954179003836	0.0276178403416	0.0164220769787	0.860542182296
gun-	0.0594059405941	0.764232673267	0.00371287128713	0.172648514851
nan-	0.0539198297269	0.127208229869	0.363107484924	0.455764455481
oto-	0.778829895164	0.173824822455	0.0	0.0473452823808
uva-	0.572436872528	0.276077476929	0.0748199979718	0.0766656525708
rer-	0.164119066774	0.752212389381	0.0273531777956	0.0563153660499
pok-	0.263559937727	0.522324857291	0.0790866632071	0.135028541775
usi-	0.198297168775	0.469877843137	0.0922771945203	0.239547793568
ruk-	0.246416831032	0.418145956608	0.156738987508	0.178698224852
mue-	0.277177790726	0.577951071686	0.0118631613697	0.133007976219
ose-	0.0396939697521	0.122155627192	0.0260417694199	0.812108633636
mog-	0.284757118928	0.0854271356784	0.0603015075377	0.569514237856
rok-	0.284193908775	0.3693326482	0.189171459438	0.157301983586
kri-	0.00383928422388	0.984576092944	0.000300465721869	0.0112841571102
haz-	0.215506816548	0.214761435915	0.137561989212	0.432169758325
nha-	0.199325211812	0.571034974849	0.0909194163263	0.138720397013
hus-	0.0321236972169	0.0313852447588	0.858456059033	0.0780349989915
wec-	0.0490641503573	0.259269506576	0.652433144351	0.039233198716
igw-	0.0352348993288	0.946308724832	0.011744966443	0.00671140939597
isa-	0.128377032858	0.629870560903	0.0163292399602	0.225423166279
tee-	0.795792911344	0.152338872346	0.0172894054365	0.0345788108731
aiz-	0.738728848847	0.15187190067	0.0223341030397	0.087065147443
mus-	0.309757656306	0.38762769783	0.0805664807702	0.222048165094
yaf-	0.419359092707	0.552947382302	0.0	0.0276935249901
rit-	0.536654515998	0.305386796274	0.097205346294	0.0607533414338
yom-	0.139835567671	0.645908767049	0.0869312530852	0.127324412195
yah-	0.138632162662	0.681146025878	0.0138632162662	0.166358595194
bab-	0.0544797174651	0.925050311735	0.000345276615895	0.0201246941836
ita-	0.74570230608	0.108478919171	0.0109480549732	0.134870719776
eno-	0.0	0.958762886598	0.0	0.0412371134021
nev-	0.111615120275	0.656907216495	0.173608247423	0.0578694158075
siy-	0.465068738182	0.422241529105	0.0482955997343	0.064394132979
hei-	0.52808988764	0.337078651685	0.0	0.134831460674
eka-	0.141762452107	0.291187739464	0.567049808429	0.0
hur-	0.212046723698	0.148907467101	0.363529053138	0.275516756063
akr-	0.10546875	0.84765625	0.046875	0.0
sor-	0.106642728905	0.785996409336	0.0858168761221	0.0215439856373
ura-	0.574447012215	0.300099042588	0.122977880489	0.00247606470783
kom-	0.255332902392	0.392372333549	0.187459599224	0.164835164835
vou-	0.208525558221	0.547887064034	0.210370917143	0.0332164606016
rid-	0.0	0.885509838998	0.0	0.114490161002
kod-	0.0942275042445	0.730050933786	0.0152801358234	0.160441426146
han-	0.364924926418	0.171540974623	0.0389014893898	0.42463260957
jud-	0.0199612403101	0.905620155039	0.0046511627907	0.0697674418605
uud-	0.831050228311	0.141552511416	0.0	0.027397260274
efa-	0.018691588785	0.981308411215	0.0	0.0
sou-	0.200399680256	0.483693045564	0.184412470024	0.131494804157
wor-	0.150031473759	0.771284129357	0.0440632622551	0.034621134629
tau-	0.570071258907	0.205700712589	0.0427553444181	0.181472684086
pou-	0.199344350638	0.669750314352	0.0718519849111	0.0590533500988
ruw-	0.6	0.228571428571	0.0	0.171428571429
apf-	0.23947972456	0.288446824789	0.0275439938791	0.444529456771
umb-	0.473019517796	0.277841561424	0.192881745121	0.0562571756601
sab-	0.034380637914	0.842053307009	0.0173605201348	0.106205534942
nyi-	0.0278831343565	0.832762074067	0.00109584370834	0.138258947868
aki-	0.0	0.978102189781	0.021897810219	0.0
use-	0.881201044386	0.0404699738903	0.0	0.0783289817233
veg-	0.0486618004866	0.91054816087	0.00214684413911	0.0386431945041
mhu-	0.177323323842	0.693243593062	0.098369143153	0.0310639399431
paj-	0.111829494136	0.676175314338	0.014782806459	0.197212385068
riv-	0.579809543908	0.28724049698	0.0110791632594	0.121870795853
urw-	0.111417591273	0.29042955433	0.0102274840389	0.587925370359
uge-	0.748837209302	0.237209302326	0.0139534883721	0.0
sir-	0.00874890638669	0.933001795828	0.0462771100981	0.0119721876871
yav-	0.0980704501105	0.315783227297	0.04314937991	0.542996942682
eho-	0.0690846286701	0.913644214162	0.0172711571675	0.0
mab-	0.219976830442	0.694389331993	0.024057311669	0.0615765258959
red-	0.0567792462066	0.190732582803	0.0234948604993	0.728993310491
and-	0.558409571305	0.337025376412	0.0512849660863	0.0532800861971
apa-	0.52337132699	0.268168984628	0.041409599498	0.167050088884
ALL	0.225881550364	0.288520535485	0.053390920526	0.432206993626
saw-	0.00794176042356	0.984116479153	0.00794176042355	0.0
swe-	0.54054054054	0.027027027027	0.108108108108	0.324324324324
nje-	0.176	0.330666666667	0.205333333333	0.288
ine-	0.0452595228129	0.229881749686	0.0881645039766	0.636694223525
rah-	0.068306352741	0.87389596417	0.0	0.0577976830886
mae-	0.556274039802	0.0681197391159	0.0100340041251	0.365572216957
per-	0.0750321566386	0.509075317993	0.0300128626554	0.385879662713
ato-	0.596192497187	0.192772860884	0.0302920538654	0.180742588063
hwe-	0.1286135918	0.441927394104	0.0737339416709	0.355725072425
sok-	0.279466955481	0.250639396909	0.0718119640781	0.398081683531
sej-	0.127748824202	0.776916232363	0.0686411592729	0.0266937841617
sau-	0.0224179343475	0.958366693355	0.0	0.0192153722978
kui-	0.3297031265	0.126521979705	0.0166406010637	0.52713429273
mor-	0.628318584071	0.265486725664	0.0	0.106194690265
rur-	0.193673721859	0.732043697397	0.0363552313166	0.0379273494276
emv-	0.0514541387025	0.941834451902	0.00671140939599	0.0
zor-	0.176943699732	0.772415847483	0.0417039022937	0.00893655049151
yev-	0.0593119810201	0.495848161329	0.409252669039	0.0355871886121
vos-	0.0358422541109	0.125210759814	0.0034736706865	0.835473315389
div-	0.0530973451327	0.920353982301	0.0	0.0265486725664
yed-	0.0146961606916	0.109127892194	0.013882532418	0.862293414696
ata-	0.773747102563	0.0977305816594	0.0217965295242	0.106725786253
tie-	0.604519774011	0.0309823218516	0.0	0.364497904137
far-	0.401284109149	0.365257713572	0.205279115391	0.028179061887
ofa-	0.907881269191	0.0	0.0614124872057	0.0307062436029
nad-	0.0983494814743	0.818150834997	0.0148497979454	0.0686498855835
ego-	0.0256959314775	0.922912205567	0.0513918629551	0.0
uin-	0.513708683145	0.303821992603	0.0591792402982	0.123290083955
rud-	0.140413013985	0.73552624713	0.00900125234815	0.115059486537
oka-	0.734356552538	0.177095631641	0.0885478158205	0.0
wae-	0.131684308671	0.864476498656	0.00153567706905	0.00230351560358
muh-	0.150548042442	0.763175604045	0.0335555002443	0.0527208532685
vad-	0.128275189316	0.675931494313	0.0563452236089	0.139448092762
mes-	0.125430161129	0.821471070659	0.00405235905187	0.0490464091596
obv-	0.470801267542	0.22136713445	0.0	0.307831598008
sed-	0.308589786946	0.407338518769	0.177544808928	0.106526885357
nej-	0.167664350615	0.740566541956	0.0329770176377	0.0587920897915
haw-	0.141627543036	0.233568075117	0.352112676056	0.27269170579
aic-	0.327272727273	0.454545454546	0.0409090909091	0.177272727273
ami-	0.551897983393	0.290035587189	0.0166073546856	0.141459074733
nec-	0.18942165958	0.598661048147	0.0883199956546	0.123597296618
amu-	0.699799227484	0.128657473935	0.0326331774034	0.138910121177
iku-	0.593333333333	0.366666666667	0.0	0.04
nou-	0.123455637118	0.727538980857	0.0848088122473	0.064196569778
uen-	0.727134146342	0.0868902439024	0.0	0.185975609756
ubv-	0.574416489846	0.349196726281	0.0278872385572	0.0484995453167
sec-	0.205749834183	0.543100885118	0.0561946801455	0.194954600553
tsa-	0.205855287822	0.593389101586	0.174070665874	0.0266849447177
adi-	0.359589041096	0.47602739726	0.164383561644	0.0
wo--	0.321428571429	0.303571428571	0.0	0.375
aom-	0.425287356322	0.0862068965517	0.488505747126	0.0
jai-	0.0732700135685	0.918588873813	0.00814111261873	0.0
nze-	0.128953474173	0.804005373061	0.0	0.0670411527659
uze-	0.229250527123	0.135806018785	0.537186122293	0.0977573317999
vay-	0.0615528108634	0.0658397831024	0.0064014923298	0.866205913704
mez-	0.0787671232877	0.150684931507	0.342465753425	0.428082191781
rov-	0.490251341647	0.250299216246	0.0	0.259449442107
paa-	0.405555707138	0.151114354966	0.0225743471743	0.420755590723
jeh-	0.118568853141	0.827555124116	0.00728054361392	0.0465954791291
rod-	0.411214953271	0.560747663551	0.0	0.0280373831776
paw-	0.499570594298	0.294142906218	0.0244761250429	0.181810374442
she-	0.0113326890978	0.941052446631	0.00386541333568	0.0437494509356
emh-	0.0595238095238	0.875	0.0654761904761	0.0
nem-	0.0984057939362	0.329284793864	0.0304167426429	0.541892669557
ruc-	0.499098658682	0.254575452962	0.142075834886	0.104250053469
mua-	0.0706703063391	0.861995753716	0.0309372156506	0.0363967242948
rwo-	0.112601091425	0.299075291754	0.539551211026	0.0487724057947
taz-	0.374461979914	0.142037302726	0.143472022956	0.340028694405
wan-	0.108132738988	0.0838490700503	0.0419520932039	0.766066097758
pon-	0.0	0.942693409742	0.00382043935052	0.0534861509074
kur-	0.258312091417	0.355246183686	0.0883491350522	0.298092589845
umi-	0.578021978022	0.184615384615	0.0131868131868	0.224175824176
rap-	0.229676052608	0.578780121811	0.105040162415	0.0865036631653
chi-	0.202816355561	0.503854218857	0.0882266098737	0.205102815709
nga-	0.518488397517	0.233389962013	0.0696985911176	0.178423049352
ben-	0.24259008732	0.42534743574	0.240130365269	0.0919321116714
mwa-	0.0186048855765	0.913893530822	0.00333212921642	0.064169454385
veh-	0.0249925395404	0.834004774694	0.0644086342386	0.0765940515269
riy-	0.157367668097	0.12017167382	0.473533619456	0.248927038627
rev-	0.0320226041912	0.859901106664	0.0706380974805	0.0374381916647
inz-	0.118262875394	0.810273699153	0.00448032648716	0.0669830989664
hac-	0.363495992116	0.320913226178	0.151904748147	0.163686033559
hug-	0.267857142857	0.428571428571	0.151785714286	0.151785714286
mob-	0.632520916697	0.220807566388	0.0	0.146671516915
bun-	0.467889908257	0.394495412844	0.137614678899	0.0
iyo-	0.0947307371168	0.235974381153	0.0218240179192	0.647470863811
map-	0.0974560625563	0.432619475684	0.390730087961	0.0791943737987
nar-	0.196280764924	0.282499396228	0.0184424879794	0.502777350868
nda-	0.5490486954	0.138021716912	0.0477234689652	0.265206118722
uve-	0.626669634907	0.0805877114871	0.0387355298308	0.254007123776
dzv-	0.019669060256	0.272244770528	0.672494536372	0.0355916328442
usu-	0.592	0.288	0.048	0.072
ruo-	0.0326861636766	0.835094617842	0.00196608503318	0.130253133448
yem-	0.236212365515	0.67342222511	0.0840965489792	0.0062688603955
sat-	0.0744176013805	0.913934426229	0.00517687661777	0.00647109577222
pur-	0.64917325665	0.340762041697	0.0	0.0100647016535
gur-	0.0313895686358	0.157095755857	0.454693083322	0.356821592185
ziv-	0.243842364532	0.391625615763	0.305418719212	0.0591133004926
peg-	0.0345455394239	0.899164371411	0.00513514775221	0.0611549414126
rak-	0.310084629371	0.186925591344	0.118921792679	0.384067986605
upi-	0.301549696798	0.144754287205	0.0134756243344	0.540220391663
tiz-	0.619407809672	0.171773985001	0.104085854668	0.104732350659
yad-	0.252235209333	0.609823660563	0.0386235164291	0.0993176136747
naj-	0.0623278977713	0.793832286378	0.000752947250666	0.1430868686
vec-	0.0827069938724	0.582390051013	0.280418968275	0.0544839868393
vhi-	0.099925980755	0.462620281273	0.0	0.437453737972
ady-	0.810897681182	0.130175250631	0.0203566235555	0.0385704446315
aiv-	0.595881931622	0.0244453273281	0.0254878879528	0.354184853097
wow-	0.0443740095087	0.147385103011	0.78763866878	0.0206022187005
uon-	0.708209693373	0.0717111770524	0.0222551928783	0.197823936696
eny-	0.0503155528659	0.401832800207	0.025157776433	0.522693870494
mom-	0.189824380165	0.661762332128	0.0303380036157	0.118075284091
weg-	0.0522412570481	0.753406393777	0.141553356286	0.0527989928884
miv-	0.0749235474007	0.474515800204	0.103465851172	0.347094801223
azo-	0.559607156748	0.368922598211	0.0316024893038	0.0398677557371
ter-	0.0	1.0	0.0	0.0
wen-	0.043532044667	0.250953801273	0.0372590824177	0.668255071642
iyi-	0.104480840173	0.032635993319	0.0218093990699	0.841073767439
zai-	0.0	1.0	0.0	0.0
upf-	0.231997718523	0.60544702695	0.0983887066876	0.0641665478397
yej-	0.0	0.950244698206	0.0497553017945	0.0
zev-	0.961038961039	0.038961038961	0.0	0.0
nam-	0.103360603728	0.706024572782	0.0404349424975	0.150179880993
dzo-	0.153293116461	0.236832060751	0.0362004124866	0.573674410301
aen-	0.708303427239	0.0358873138346	0.00403732280639	0.25177193612
ker-	0.0285123672393	0.921020742747	0.0111198232233	0.0393470667902
bon-	0.400115141048	0.573978123201	0.0259067357513	0.0
ezu-	0.240740740741	0.166666666667	0.037037037037	0.555555555556
muf-	0.0886270660736	0.649216051023	0.0633715528261	0.198785330077
mod-	0.578544061303	0.180076628352	0.172413793103	0.0689655172414
auv-	0.416666666667	0.5625	0.0	0.0208333333333
ero-	0.00444115470022	0.974833456699	0.00296076980015	0.0177646188009
kue-	0.652879755009	0.115227096631	0.0171936685976	0.214699479762
waz-	0.190599422244	0.690238324507	0.0439335580164	0.0752286952334
rir-	0.302096617865	0.0598989950518	0.0376472988828	0.600357088201
kon-	0.0211764705882	0.969411764706	0.00941176470587	0.0
pak-	0.147763814999	0.225456007394	0.0397150336303	0.587065143976
hak-	0.221955425152	0.108579601662	0.0306119011231	0.638853072063
eis-	0.0803212851405	0.894243641232	0.0214190093708	0.00401606425701
ats-	0.507331378299	0.307331378299	0.0868035190615	0.0985337243402
jir-	0.272727272727	0.409090909091	0.0	0.318181818182
hwa-	0.141394022204	0.419843235046	0.0442478494399	0.39451489331
mut-	0.097900255902	0.750427654666	0.0839244543241	0.067747635108
eto-	0.0	0.963414634146	0.0365853658537	0.0
tia-	0.364562916503	0.541356330851	0.0235201881615	0.0705605644845
maf-	0.125214973968	0.715056423304	0.0537140433953	0.106014559333
peu-	0.14364640884	0.82320441989	0.0	0.0331491712707
var-	0.188334461446	0.318561080338	0.0408435773244	0.452260880892
had-	0.357890539328	0.453195095205	0.0533346625461	0.135579702921
afi-	0.555837563452	0.413705583756	0.0304568527919	0.0
aju-	0.0394736842105	0.881578947368	0.0789473684211	0.0
pan-	0.135905317161	0.267156318006	0.0202328714392	0.576705493394
kad-	0.00924214417744	0.260628465804	0.596118299446	0.134011090573
ruz-	0.261449533126	0.565584704313	0.0675855935971	0.105380168964
aum-	0.81589958159	0.0836820083682	0.0251046025105	0.0753138075314
vaj-	0.0344225492642	0.787682260369	0.0910678246672	0.0868273656999
jez-	0.0598006644518	0.860465116279	0.0	0.0797342192691
sen-	0.284559353238	0.404266389178	0.057232049948	0.253942207636
omw-	0.152650176678	0.696819787986	0.0254416961131	0.125088339223
nah-	0.211276435677	0.487795703419	0.0319735852211	0.268954275683
hoh-	0.347266881029	0.247588424437	0.0385852090032	0.36655948553
yam-	0.115022100211	0.655472648142	0.0423973037659	0.18710794788
oru-	0.142023346303	0.834630350195	0.0	0.0233463035019
ina-	0.19014084507	0.598591549296	0.112676056338	0.0985915492958
ruv-	0.226840363937	0.695616211745	0.0744416873449	0.0031017369727
mai-	0.243890659126	0.535500042204	0.0306106703103	0.189998628359
pen-	0.0415808211857	0.137772298992	0.0138789514064	0.806767928416
rab-	0.15680125441	0.736896718703	0.0108377337607	0.0954642931261
ape-	0.695740076764	0.0918165879547	0.0211653583106	0.191277976971
ity-	0.162775183456	0.73271069602	0.0711585501445	0.0333555703802
umu-	0.655507559395	0.23902087833	0.0385169186465	0.0669546436286
nzi-	0.0934367461189	0.624684636019	0.0242776553494	0.257600962512
ipo-	0.737270875764	0.0733197556008	0.0244399185336	0.164969450102
eju-	0.237288135593	0.694915254237	0.0	0.0677966101695
udz-	0.479632423536	0.346591688383	0.0805102180771	0.0932656700041
ne--	0.590163934426	0.163934426229	0.0	0.245901639344
vet-	0.0512	0.9184	0.0064	0.024
pae-	0.0	0.977443609023	0.0	0.0225563909774
und-	0.602718325262	0.247528287991	0.0272278884996	0.122525498248
wau-	0.61504921715	0.270330977076	0.0310497456563	0.0835700601176
azi-	0.791912766924	0.12676056338	0.0331667423898	0.0481599273058
yur-	0.0	0.904761904762	0.063492063492	0.031746031746
yor-	0.120261138472	0.84108349559	0.0317833008819	0.00687206505555
ndu-	0.0372019077901	0.897933227345	0.0124006359301	0.0524642289348
zve-	0.102641626855	0.479549479504	0.0938929952193	0.323915898422
kau-	0.031746031746	0.968253968254	0.0	0.0
iba-	0.5	0.331578947369	0.0	0.168421052632
ino-	0.305620784665	0.268377317263	0.121983434578	0.304018463493
shu-	0.115873031584	0.0355428424376	0.0110112537488	0.83757287223
mim-	0.160360761779	0.286819442417	0.410850509722	0.141969286082
eng-	0.118705035971	0.827338129496	0.0431654676259	0.0107913669065
hed-	0.15784114053	0.112016293279	0.61099796334	0.119144602851
yes-	0.0347153733875	0.894867647639	0.0662748037398	0.00414217523374
mid-	0.17267559161	0.667889117734	0.103164011601	0.0562712790551
teo-	0.193905817175	0.806094182825	0.0	0.0
ang-	0.338937033603	0.122183078256	0.054572700883	0.484307187258
inh-	0.0949367088608	0.575949367089	0.177215189873	0.151898734177
yar-	0.265345268542	0.381074168798	0.0965473145779	0.257033248082
esh-	0.150766609881	0.607751277683	0.232964224872	0.00851788756387
voo-	0.65811965812	0.222222222222	0.0	0.119658119658
ava-	0.201182280966	0.155214886361	0.0252801253945	0.618322707279
hec-	0.206289308176	0.177358490566	0.0905660377358	0.525786163522
kes-	0.101265822785	0.89029535865	0.0042194092827	0.0042194092827
sod-	0.121540312876	0.642599277978	0.166064981949	0.0697954271961
waa-	0.328488673878	0.431441147769	0.0192056142682	0.220864564084
zan-	0.0807701338343	0.14486968772	0.032401972294	0.741958206152
kun-	0.174063658825	0.10013054938	0.0383080641055	0.68749772769
har-	0.343226637816	0.341724720287	0.102717525157	0.212331116741
kan-	0.0694445957997	0.00971141581476	0.0031635769369	0.917680411449
suo-	0.0140449438202	0.811423220974	0.13670411985	0.0378277153558
nei-	0.148754649134	0.345102325008	0.0850857555833	0.421057270275
agi-	0.0073304825901	0.99266951741	0.0	0.0
aid-	0.617261014436	0.170618687794	0.0947450547651	0.117375243005
yea-	0.0	0.979865771812	0.0201342281879	0.0
mij-	0.0510204081633	0.948979591837	0.0	0.0
guv-	0.0103926096998	0.907621247113	0.0127020785219	0.0692840646651
tih-	0.838709677419	0.0537634408602	0.0	0.10752688172
pir-	0.0216120275632	0.888181248695	0.0397786594279	0.050428064314
sey-	0.15	0.825	0.025	0.0
tso-	0.0615063851967	0.911128485796	0.00312744331509	0.0242376856919
unz-	0.420365535248	0.464751958225	0.0548302872062	0.0600522193212
uya-	0.32173841912	0.100264169646	0.0115483998248	0.566449011409
mum-	0.0657260417121	0.369332636569	0.0451838977801	0.519757423939
uhu-	0.108353033885	0.208431836091	0.00591016548463	0.677304964539
taf-	0.196632996633	0.767003367003	0.020202020202	0.0161616161616
waj-	0.040063401305	0.796230928557	0.0224627322851	0.141242937853
nez-	0.201875919408	0.535296069031	0.0563120494106	0.206515962151
uka-	0.590605060562	0.263443615971	0.0747216842616	0.0712296392059
met-	0.371794871795	0.48717948718	0.0769230769231	0.0641025641026
tao-	0.432	0.088	0.1216	0.3584
huc-	0.451827883669	0.39349514001	0.0558368124127	0.0988401639081
abh-	0.0112267571044	0.946906794527	0.00210501695708	0.0397614314115
ajo-	0.360480640854	0.192256341789	0.106809078772	0.340453938585
na--	0.720930232558	0.0697674418605	0.0	0.209302325581
hez-	0.22563559322	0.669491525424	0.0794491525423	0.0254237288136
rej-	0.0563653335248	0.896962734257	0.0229769512458	0.0236949809723
azu-	0.32821075741	0.477497255763	0.172338090011	0.0219538968167
igo-	0.4212510898	0.305111159547	0.22618788143	0.0474498692241
tit-	0.291487986841	0.625389179346	0.0255536626916	0.0575691711214
ufa-	0.583153347732	0.362419006479	0.0466522678186	0.00777537796977
ref-	0.040922111581	0.0566089210204	0.68067112263	0.221797844769
mat-	0.118712009252	0.359992326981	0.126271305624	0.395024358143
ipf-	0.392890551918	0.178671655753	0.376052385407	0.0523854069223
nya-	0.127707398359	0.719093810609	0.0761418700476	0.0770569209843
aka-	0.631249330755	0.0723412160126	0.0443624875548	0.252046965677
mad-	0.0621291643662	0.821649462922	0.0298765104236	0.0863448622885
aab-	0.663881675511	0.336118324489	0.0	0.0
mem-	0.205986482137	0.402961055681	0.0643707756679	0.326681686514
wab-	0.268320436959	0.617736307086	0.0743438021545	0.0395994538006
par-	0.173381258816	0.460283756574	0.0425774431389	0.323757541471
kuh-	0.162195371698	0.654310874462	0.0389105058367	0.144583248003
osv-	0.841232227488	0.0521327014218	0.0	0.10663507109
hah-	0.293467336683	0.400071787509	0.17832017229	0.128140703518
ets-	0.0735294117646	0.796712802768	0.112456747405	0.0173010380623
upe-	0.113192483483	0.736134255662	0.019611100097	0.131062160758
tiv-	0.18736673774	0.0149253731343	0.00879530916845	0.788912579957
zeu-	0.0	1.0	0.0	0.0
uda-	0.942857142857	0.0571428571428	0.0	0.0
zhi-	0.0605541070724	0.131377228895	0.610520849266	0.197547814766
pom-	0.116801915522	0.81408523325	0.0189807908177	0.0501320604109
ane-	0.362532949257	0.0314502862346	0.0145665524034	0.591450212105
feb-	0.0	1.0	0.0	0.0
pec-	0.150799669102	0.743791362195	0.069217048118	0.0361919205846
raw-	0.419304826207	0.282120530132	0.050512628157	0.248062015504
aim-	0.697984161267	0.158027357811	0.0239980801536	0.119990400768
aud-	0.642857142857	0.24025974026	0.116883116883	0.0
yen-	0.0697821038208	0.136450486036	0.0205479892692	0.773219420874
gay-	0.0392156862745	0.947712418301	0.0	0.0130718954248
ipa-	0.0450315975903	0.0338024893445	0.00303005908056	0.918135853985
kuf-	0.524126324965	0.26759608458	0.0907181297029	0.117559460752
suz-	0.0	1.0	0.0	0.0
reu-	0.513157894737	0.447368421053	0.0	0.0394736842105
egu-	0.015878616796	0.95295224653	0.00705716302046	0.0241119736532
fuf-	0.542483660131	0.300653594771	0.0	0.156862745098
ona-	0.626957592821	0.14077071969	0.0791835298259	0.153088157663
dan-	0.165743982517	0.465016692938	0.20633962254	0.162899702005
mub-	0.184361180105	0.663578674612	0.0241667446868	0.127893400596
ndo-	0.286548024199	0.181343927578	0.104207117238	0.427900930985
tio-	0.680275454993	0.135759960649	0.0688637481554	0.115100836203
kuv-	0.237619276635	0.409401169018	0.119697529452	0.233282024894
aru-	0.391404451266	0.410590943975	0.0828856485034	0.115118956255
uyu-	0.089906123048	0.0578396306608	0.00117336877528	0.851080877516
tev-	0.196621304552	0.122008446739	0.0	0.681370248709
iro-	0.048718191278	0.158885945827	0.0187620218838	0.773633841012
ndi-	0.516467191105	0.0896454918191	0.0322088675495	0.361678449527
mis-	0.141258434363	0.648499643425	0.0261945252071	0.184047397005
naw-	0.202946350044	0.0349604221636	0.018469656992	0.7436235708
wed-	0.00791893846298	0.0252385663394	0.00226255384657	0.964579941351
ran-	0.239363412658	0.0843252833843	0.0164422558131	0.659869048145
vag-	0.586434371455	0.261099257206	0.0490129097514	0.103453461587
yai-	0.465977025885	0.374158815612	0.0767629659771	0.0831011925256
nef-	0.0387575590984	0.945849367785	0.00962067069819	0.0057724024189
nac-	0.368852459016	0.223132969035	0.0409836065574	0.367030965392
rin-	0.35376854109	0.23698593508	0.183076296815	0.226169227015
tum-	0.651766595289	0.217077087794	0.0990364025696	0.0321199143469
aze-	0.353827846093	0.0202300674336	0.518841729472	0.107100357001
was-	0.0474041245803	0.773012139915	0.0135265569135	0.166057178591
eni-	0.0162162162162	0.927027027027	0.0	0.0567567567568
tsv-	0.104217259495	0.315810358237	0.513150167452	0.0668222148152
sos-	0.041958041958	0.958041958042	0.0	0.0
mup-	0.12822569787	0.693658828707	0.125209747981	0.0529057254416
don-	0.258359621451	0.200630914827	0.355520504732	0.18548895899
ibw-	0.0343858131488	0.933174740484	0.00729887543254	0.0251405709343
nep-	0.208721592976	0.691722247823	0.0591496689385	0.0404064902622
deh-	0.04	0.96	0.0	0.0
tat-	0.456717007206	0.403908794788	0.0426413976902	0.0967328003159
ser-	0.320731707317	0.491114982578	0.0357142857143	0.15243902439
pin-	0.663730984788	0.270883373365	0.0400320256205	0.0253536162263
ron-	0.561983471074	0.272727272727	0.0661157024793	0.099173553719
rig-	0.681991363983	0.205613411227	0.0565151130302	0.0558801117602
wek-	0.0711339944279	0.754943389196	0.133376239552	0.0405463768239
air-	0.545810978126	0.197276104003	0.160957490714	0.0959554271564
wos-	0.0893087969164	0.197278431926	0.173995471887	0.539417299271
rwa-	0.149260001841	0.345841687376	0.0567929273933	0.44810538339
mam-	0.054217628951	0.523022915129	0.0508508269095	0.37190862901
utu-	0.186025408348	0.759528130672	0.040834845735	0.013611615245
esa-	0.286257468767	0.713742531233	0.0	0.0
joh-	0.0180066340231	0.940530721845	0.00663402306112	0.0348286210709
wer-	0.0307167235494	0.901023890785	0.0511945392491	0.0170648464164
huz-	0.202247191011	0.465489566613	0.325842696629	0.00642054574641
dza-	0.151156993893	0.314573553238	0.0684942461884	0.46577520668
pai-	0.245289386355	0.366160386818	0.0242886318807	0.364261594946
ama-	0.200438465241	0.671372253087	0.0796003070558	0.0485889746159
kok-	0.089605734767	0.68458781362	0.215053763441	0.010752688172
kuj-	0.0139107443976	0.979554510664	0.000225336032358	0.00630940890604
vok-	0.130078677879	0.397140418902	0.324479346313	0.148301556906
guy-	0.129024330302	0.802162693536	0.0172032440403	0.0516097321209
ifu-	0.451476793249	0.464135021097	0.084388185654	0.0
yaw-	0.215601366187	0.268724079044	0.0286655281776	0.487009026592
aje-	0.155237377543	0.516201959307	0.0437076111529	0.284853051997
avo-	0.0393260028909	0.0515456003088	0.00302693312452	0.906101463676
unh-	0.1	0.8125	0.0875	0.0
mac-	0.176079734219	0.532530454042	0.114202657807	0.177187153931
uny-	0.1669230331	0.720731498889	0.0787329801173	0.0336124878938
maj-	0.0614729153987	0.346317711503	0.53256238588	0.0596469872185
uzv-	0.505012690355	0.274365482233	0.0835659898477	0.137055837563
raa-	0.525060027037	0.297330562337	0.0522588325498	0.125350578075
asu-	0.588680833158	0.1348621923	0.155270355565	0.121186618978
seh-	0.085922576118	0.556976336205	0.0787493664965	0.27835172118
bop-	0.173900118906	0.601961950059	0.00356718192629	0.220570749108
kiy-	0.0	1.0	0.0	0.0
aun-	0.372262773723	0.0	0.014598540146	0.613138686131
vau-	0.744887881957	0.123968862554	0.0103113744626	0.120831881027
isk-	0.00384122919335	0.996158770807	0.0	0.0
bha-	0.0276989991773	0.950623757597	0.00899759237582	0.0126796508495
gab-	0.0	1.0	0.0	0.0
sek-	0.0147299509002	0.921440261866	0.0441898527005	0.0196399345335
den-	0.0408530826506	0.887983483055	0.0210854620132	0.0500779722814
mbe-	0.09170064552	0.286641286607	0.0526867866554	0.568971281217
rai-	0.315594861569	0.502368395887	0.0764800260676	0.105556716476
yan-	0.145658496342	0.0584045439851	0.0102698971745	0.785667062498
emw-	0.116402116402	0.744268077601	0.0970017636685	0.0423280423281
pfe-	0.618705035971	0.312230215827	0.00863309352518	0.0604316546763
yew-	0.28085106383	0.693617021277	0.0255319148936	0.0
efi-	0.0906735751295	0.844559585492	0.0647668393782	0.0
zvi-	0.193011526434	0.241114018921	0.085704287476	0.480170167168
gog-	0.450116009281	0.544083526682	0.00580046403712	0.0
rug-	0.0695049804154	0.876680962842	0.0191777955996	0.0346362611435
yee-	0.00800800800801	0.957957957958	0.0340340340341	0.0
min-	0.0448141157881	0.47412544441	0.0109730939736	0.470087345828
ich-	0.287981147929	0.162920757463	0.0408986959513	0.508199398657
ren-	0.0642996924797	0.351551579536	0.012859938496	0.571288789488
bvi-	0.548039215686	0.116666666667	0.117647058824	0.217647058823
ech-	0.231295253419	0.27554304103	0.296057924376	0.197103781175
nhu-	0.236439101188	0.540546729641	0.057907542579	0.165106626592
kut-	0.117277014672	0.0571386908584	0.00934330009969	0.81624099437
age-	0.804195804196	0.0556818181818	0.0107517482518	0.129370629371
fuk-	0.384905660377	0.411320754717	0.0452830188679	0.158490566038
mui-	0.24993771426	0.541396007867	0.0842771304855	0.124389147388
tab-	0.090194351846	0.853827284735	0.0125794075099	0.0433989559092
waf-	0.0471698113208	0.936320754717	0.0117924528302	0.00471698113208
tid-	0.701907356948	0.189645776567	0.033242506812	0.075204359673
see-	0.0	0.86	0.14	0.0
yon-	0.646190666135	0.178300757878	0.0598324690865	0.115676106901
ida-	0.448899371069	0.384827044025	0.00353773584906	0.162735849057
hav-	0.36585133913	0.113659974617	0.0584460863498	0.462042599903
kar-	0.280525478316	0.0857898182304	0.028013245666	0.605671457788
soa-	0.0	0.459627329193	0.291925465838	0.248447204969
vot-	0.4	0.0444444444444	0.466666666667	0.0888888888889
kay-	0.00332225913621	0.996677740864	0.0	0.0
ibe-	0.147757255937	0.488126649077	0.364116094987	0.0
neb-	0.11717664495	0.827245499738	0.0203785469478	0.0351993083644
vob-	0.632061068702	0.209160305343	0.0229007633588	0.135877862595
sei-	0.121861587851	0.0154861927072	0.00645258029468	0.856199639147
gak-	0.287505223569	0.587129126619	0.0827413288759	0.0426243209361
ati-	0.689011944477	0.138326539925	0.0764027206522	0.0962587949459
imo-	0.111943687557	0.0900317892824	0.0272479564033	0.770776566757
ray-	0.37517053206	0.288540245566	0.0231923601637	0.31309686221
udy-	0.905067155067	0.0720390720391	0.0	0.0228937728938
rou-	0.16095201609	0.749736615267	0.0340005746576	0.0553107939853
ung-	0.351724501357	0.398835401681	0.0879245382447	0.161515558717
aon-	0.874589086128	0.0307363576594	0.0195595003287	0.0751150558843
not-	0.0	0.105882352941	0.141176470588	0.752941176471
vav-	0.188155313085	0.205068050463	0.0399069577492	0.566869678702
ugo-	0.579828020195	0.273356225174	0.0626203397887	0.0841954148419
tak-	0.455497256053	0.154169529912	0.06891416186	0.321419052175
wao-	0.841509433962	0.128301886792	0.0301886792452	0.0
mun-	0.190062757302	0.363433900255	0.0259140436251	0.420589298818
dop-	0.0198675496689	0.980132450331	0.0	0.0
tay-	0.341660543718	0.408523144747	0.0440852314474	0.205731080088
mhi-	0.13970876905	0.577150029147	0.0968093079697	0.186331893834
dhi-	0.0232159725891	0.897689610452	0.0336231327153	0.0454712842436
gov-	0.333333333333	0.518518518519	0.0740740740741	0.0740740740741
kak-	0.0220994475138	0.401473296501	0.0552486187845	0.521178637201
wev-	0.124761904762	0.752380952381	0.0571428571428	0.0657142857143
aii-	0.617401875651	0.221083709621	0.0234456408475	0.13806877388
one-	0.0836653386454	0.916334661355	0.0	0.0
nob-	0.779783393502	0.111913357401	0.0649819494585	0.043321299639
aan-	0.358607830951	0.628962088254	0.0124300807955	0.0
rep-	0.222133757962	0.757165605096	0.0207006369427	0.0
vek-	0.037254225595	0.643325284581	0.126250431183	0.193170058641
vha-	0.0264777005724	0.663197526707	0.274204903731	0.0361198689889
ruf-	0.119611744137	0.85717730753	0.00542593597396	0.0177850123591
hoy-	0.397996837111	0.176770339132	0.0158144438587	0.409418379898
bof-	0.0366778565212	0.0231256993659	0.92279000373	0.0174064403829
vev-	0.208333333333	0.791666666667	0.0	0.0
ear-	0.0731707317073	0.713968957871	0.212860310421	0.0
jas-	0.0155865463495	0.959803117309	0.0147662018048	0.00984413453649
aai-	0.507042253521	0.267605633803	0.0845070422535	0.140845070422
ipe-	0.697230538922	0.236526946108	0.0527694610778	0.0134730538922
ram-	0.0805214122206	0.557741183855	0.0158293163032	0.345908087621
rae-	0.130174433741	0.851601145535	0.015620932049	0.00260348867482
gor-	0.0244124101344	0.926245557518	0.0276191250249	0.021722907323
yeb-	0.119469026549	0.721238938053	0.119469026549	0.0398230088496
muo-	0.495094254346	0.375529651042	0.0721267019453	0.0572493926668
tik-	0.517170592863	0.246535888239	0.0445212667281	0.19177225217
idh-	0.0	1.0	0.0	0.0
un’-	0.473684210526	0.263157894737	0.210526315789	0.0526315789474
rei-	0.0611464968153	0.857324840764	0.00509554140127	0.0764331210191
iny-	0.524084482304	0.303020988847	0.131399841925	0.0414946869238
run-	0.496264796002	0.307497173629	0.115701439352	0.0805365910171
umw-	0.0424242424242	0.444444444444	0.422222222222	0.0909090909092
anz-	0.76084586876	0.0643121866143	0.0238222645025	0.151019680124
usv-	0.186221294363	0.708559498956	0.0751565762004	0.0300626304801
mao-	0.0440298507463	0.944776119403	0.0	0.0111940298507
umo-	0.243799845206	0.0813339166134	0.0247333176296	0.650132920551
jak-	0.00161608906446	0.994613036452	0.00107739270964	0.00269348177411
raj-	0.028045035824	0.717502558854	0.00245649948823	0.251995905834
twe-	0.0983146067415	0.901685393258	0.0	0.0
hou-	0.362082994304	0.209723352319	0.00915378356388	0.419039869813
veb-	0.410865874363	0.48726655348	0.0101867572156	0.0916808149405
kwo-	0.180172927347	0.387036490103	0.0910511566247	0.341739425925
iza-	0.581014729951	0.222585924714	0.196399345336	0.0
weh-	0.170173608981	0.67554137783	0.13588123428	0.0184037789093
aiw-	0.569360357989	0.198473282443	0.0165833113977	0.215583048171
uri-	0.395570652559	0.0757797098161	0.00639652800431	0.52225310962
