iam-	0.0154916928604	0.780646609789	0.0246969016614	0.179164795689
koi-	0.0	0.714285714286	0.232142857143	0.0535714285714
agu-	0.496226291265	0.289492682287	0.0508630307803	0.163417995668
voi-	0.399296507179	0.314796041748	0.0762436489396	0.209663802133
tut-	0.436464857342	0.0764091858038	0.463743910926	0.023382045929
gin-	0.196853721968	0.41621931501	0.240084375184	0.146842587839
eir-	0.430192962543	0.402951191827	0.139614074915	0.0272417707151
fig-	0.00308147417724	0.925674842845	0.029746497391	0.0414971855869
dok-	0.0992084446782	0.404889259215	0.413485125563	0.0824171705437
ivi-	0.0481927710843	0.859802847755	0.092004381161	0.0
bev-	0.512093887819	0.225653260054	0.0866618821154	0.175590970011
dib-	0.130455082314	0.806321179897	0.0333745506952	0.0298491870941
ova-	0.711387667651	0.158024274783	0.0706895277918	0.0598985297734
ogo-	0.315217391304	0.315217391304	0.282608695652	0.0869565217391
ver-	0.0495810875168	0.890778018055	0.0246338240917	0.0350070703365
gra-	0.119173728813	0.863612288136	0.00926906779661	0.00794491525424
nas-	0.0429090749688	0.94502979275	0.00811590209567	0.00394523018539
lau-	0.368704929942	0.53524531051	0.0636218250253	0.0324279345226
eda-	0.561007686238	0.114387585119	0.0355378905222	0.289066838121
hem-	0.0	1.0	0.0	0.0
eno-	0.653535312513	0.210088128985	0.0324899484222	0.10388661008
bov-	0.526435187826	0.261739587036	0.100542496537	0.111282728601
ḡof-	0.288956208146	0.379927504213	0.250029607618	0.0810866800227
emu-	0.357548240636	0.485811577753	0.0340522133939	0.122587968218
efo-	0.769785276074	0.0917177914111	0.0621165644172	0.0763803680982
rib-	0.70072216893	0.102901760833	0.0558483792804	0.140527690956
san-	0.019801980198	0.935643564356	0.0	0.0445544554455
sak-	0.0296458962393	0.930826242108	0.0329398847104	0.00658797694208
sme-	0.0	1.0	0.0	0.0
iud-	0.0308182186776	0.815788566101	0.105371488257	0.0480217269645
bap-	0.0666666666667	0.933333333333	0.0	0.0
veu-	0.183749551918	0.711530648823	0.0444736527661	0.060246146493
ius-	0.00482509047043	0.99517490953	0.0	0.0
fou-	0.075348248206	0.838222878852	0.0598353735753	0.0265934993668
nun-	0.185478320716	0.761527873365	0.0	0.0529938059189
euf-	0.0	0.962962962963	0.037037037037	0.0
der-	0.00884955752212	0.991150442478	0.0	0.0
kat-	0.526315789474	0.244019138756	0.0	0.22966507177
neg-	0.130651360985	0.459153475024	0.0328243429978	0.377370820993
ḡei-	0.678405746954	0.143663408012	0.0450454841446	0.13288536089
mil-	0.120657276995	0.525352112676	0.00563380281692	0.348356807512
dis-	0.229965156794	0.30487804878	0.209059233449	0.256097560976
tib-	0.0	1.0	0.0	0.0
gan-	0.307186952214	0.634235195488	0.0362777227346	0.0223001295633
faḡ-	0.386266094421	0.502145922747	0.0386266094421	0.0729613733906
sen-	0.0595305418987	0.0535423108012	0.0122521195747	0.874675027725
ini-	0.234295630545	0.175094192723	0.0505183917532	0.540091784979
gig-	0.339643167972	0.506962576153	0.0815926892951	0.0718015665797
uga-	0.08	0.913333333333	0.0	0.00666666666667
tai-	0.116098509455	0.281492067901	0.0438427110261	0.558566711617
vaḡ-	0.456042649199	0.28287502256	0.149411268103	0.111671060138
veḡ-	0.211000992343	0.534692117242	0.0574037246288	0.196903165786
paf-	0.0	1.0	0.0	0.0
mar-	0.0956650058158	0.736551255862	0.0802447488373	0.0875389894851
kum-	0.443632822011	0.463842220599	0.0443145848551	0.0482103725347
onu-	0.467289719626	0.420560747663	0.0747663551402	0.0373831775701
nor-	0.355700284936	0.385822087234	0.0252058740646	0.233271753765
nen-	0.399814757641	0.388700216116	0.0	0.211485026243
adm-	0.0	1.0	0.0	0.0
eik-	0.483606557377	0.418032786885	0.0983606557377	0.0
her-	0.0194910665945	0.912506767731	0.0472116946399	0.0207904710341
ira-	0.131767058974	0.421398291516	0.159277441413	0.287557208097
ate-	0.0993184031158	0.842259006816	0.0175267770204	0.0408958130477
euo-	0.133333333333	0.866666666667	0.0	0.0
kam-	0.089971527541	0.0560769991124	0.0199954263102	0.833956047036
eru-	0.603852925133	0.203202247815	0.0650891127675	0.127855714285
ies-	0.00693508035601	0.642081783527	0.00354034711824	0.347442788999
sin-	0.0534344714154	0.768669035767	0.0235884852355	0.154308007582
bod-	0.398803694226	0.389999894691	0.142640508009	0.068555903074
ḡop-	0.747967479675	0.186991869919	0.0650406504065	0.0
kim-	0.14855524902	0.509169449688	0.319406127487	0.0228691738057
duḡ-	0.130163767212	0.799852666176	0.0221000736669	0.047883492945
dor-	0.304708584134	0.193048536399	0.0183026278259	0.483940251641
tag-	0.428214731585	0.379525593009	0.0742821473159	0.11797752809
pat-	0.00904704463208	0.932147165259	0.0588057901086	0.0
iar-	0.147894480644	0.496274029224	0.295370504795	0.060460985337
wes-	0.0	1.0	0.0	0.0
moḡ-	0.120287275732	0.117230208271	0.0678069516796	0.694675564317
goḡ-	0.220841724409	0.731030480937	0.00204799126191	0.0460798033928
aoa-	0.105245769085	0.780509752949	0.042254806919	0.0719896710472
eve-	0.537568032343	0.249561154094	0.0727095887555	0.140161224807
oma-	0.26446609664	0.32909127063	0.122489560549	0.283953072181
gen-	0.389773709367	0.401837839745	0.0694922129919	0.138896237896
ḡef-	0.549177821482	0.286272273182	0.0825921386635	0.081957766673
niu-	0.522729995926	0.32964604951	0.115703707254	0.03192024731
rek-	0.236955226753	0.289208926713	0.0951273745529	0.378708471982
vel-	0.411982497476	0.425445977785	0.0434197239987	0.11915180074
ior-	0.0	1.0	0.0	0.0
por-	0.32967032967	0.67032967033	0.0	0.0
alf-	0.0	1.0	0.0	0.0
pas-	0.0239083931043	0.912545614697	0.00503334591669	0.0585126462816
mor-	0.272595612294	0.601888108137	0.0917234350694	0.0337928444993
hor-	0.0619006263974	0.629058186589	0.0616234594135	0.2474177276
ḡoi-	0.0960516852582	0.122086791543	0.0142959716941	0.767565551505
nai-	0.158207866428	0.0124820505455	0.00254908412971	0.826760998897
bak-	0.379310562894	0.260582118871	0.0441966792701	0.315910638965
miu-	0.020725388601	0.170984455959	0.80829015544	0.0
ḡwi-	0.0502958579882	0.906311637081	0.00788954635108	0.0355029585799
fol-	0.401416765053	0.598583234947	0.0	0.0
rat-	0.111940298507	0.671641791045	0.158014276444	0.0584036340039
ḡet-	0.511272502106	0.213444464768	0.0433994354913	0.231883597635
gug-	0.139194139194	0.608058608059	0.131868131868	0.120879120879
epa-	0.0964285714285	0.836904761905	0.0107142857143	0.0559523809524
500-	0.173076923077	0.230769230769	0.341346153846	0.254807692308
oro-	0.469383400896	0.404309793045	0.0448047791764	0.0815020268829
asi-	0.110412836491	0.0706462479333	0.029406490916	0.78953442466
dia-	0.0523947268126	0.112283256294	0.0180789414535	0.81724307544
nan-	0.126640721655	0.796450176809	0.0308546754601	0.0460544260762
oto-	0.408978174603	0.0938453907204	0.0377747252747	0.459401709402
blu-	0.0	0.349593495935	0.650406504065	0.0
153-	0.0	0.062937062937	0.0839160839161	0.853146853147
mah-	0.0	1.0	0.0	0.0
eke-	0.674214842176	0.164574234004	0.0835541400432	0.0776567837768
usi-	0.0	1.0	0.0	0.0
nog-	0.339889850511	0.256490952006	0.30448465775	0.0991345397324
bir-	0.531994158496	0.313623222961	0.0219056418204	0.132476976723
tol-	0.221402214022	0.778597785978	0.0	0.0
mel-	0.0118154964781	0.985457850489	0.0	0.0027266530334
iat-	0.148747085098	0.10153722002	0.0231445216743	0.726571173208
kri-	0.0	0.930875576037	0.0691244239631	0.0
kaf-	0.340164592394	0.55495627208	0.065302103252	0.0395770322738
mir-	0.0956044506815	0.474488773055	0.394571972735	0.0353348035285
isa-	0.0258105749613	0.917231911517	0.0121320592856	0.0448254542366
tum-	0.584946236559	0.221505376344	0.0645161290323	0.129032258065
ḡid-	0.710997442455	0.173913043478	0.0920716112532	0.0230179028133
pud-	0.04	0.96	0.0	0.0
dio-	0.0786516853932	0.898876404494	0.0134831460674	0.00898876404496
bab-	0.301660960807	0.492928085001	0.180276950267	0.0251340039262
ita-	0.00966183574879	0.971014492754	0.0193236714976	0.0
obo-	0.704918032787	0.0983606557377	0.0491803278689	0.147540983607
aḡo-	0.573376977632	0.277141298418	0.0702673213312	0.0792144026187
eka-	0.115649103815	0.74427950697	0.0267175399533	0.113353849262
moi-	0.202835878644	0.319662243667	0.454286819765	0.0232150579238
ura-	0.323145166765	0.247119291868	0.0558945860606	0.373840955306
kom-	0.194452387761	0.581355447527	0.195596225336	0.0285959393766
baf-	0.589992596036	0.343716101038	0.0265165211701	0.0397747817552
kod-	0.11988011988	0.88011988012	0.0	0.0
ede-	0.508474576271	0.271186440678	0.0847457627119	0.135593220339
kev-	0.331050995547	0.24535831303	0.371755019743	0.0518356716794
koḡ-	0.583333333333	0.128787878788	0.151515151515	0.136363636364
non-	0.421557120501	0.133411580595	0.277777777778	0.167253521127
taḡ-	0.424870659744	0.354759018681	0.133739266621	0.0866310549537
sou-	0.00595238095237	0.407738095238	0.184523809524	0.401785714286
dod-	0.295242177454	0.368709815688	0.314444920703	0.0216030861552
tau-	0.119829529085	0.363437679093	0.0861991909221	0.4305336009
ḡeḡ-	0.616207254523	0.22169135545	0.0561493431471	0.10595204688
mal-	0.0459893048128	0.722994652407	0.231016042781	0.0
thi-	0.20572450805	0.615384615385	0.0715563506261	0.107334525939
sab-	0.00225660863959	0.985493230174	0.0	0.0122501611863
aki-	0.638779830154	0.104955954044	0.0353758392715	0.220888376531
ḡob-	0.629421287512	0.255076404268	0.0358362676479	0.0796660405728
nin-	0.133659869072	0.866340130928	0.0	0.0
ḡat-	0.23264760039	0.535241221116	0.0902517972147	0.141859381279
eko-	0.517870241388	0.194779238084	0.109724829911	0.177625690617
ḡab-	0.505250690565	0.22132449149	0.0706191429003	0.202805675045
ure-	0.109170305677	0.828966521106	0.0448811256672	0.0169820475497
ian-	0.0	0.96214511041	0.0283911671924	0.00946372239747
sir-	0.168304822527	0.729278449768	0.0603120729814	0.0421046547229
maḡ-	0.215183392888	0.597041534386	0.0556803801898	0.132094692536
beḡ-	0.324254813503	0.0585667827995	0.0154538064625	0.601724597235
emo-	0.414410131621	0.186980469679	0.349052554537	0.0495568441627
ḡem-	0.111488551612	0.0760905474467	0.0296826773883	0.782738223553
mo--	0.0927152317881	0.748344370861	0.119205298013	0.0397350993378
mab-	0.0631443011271	0.150972555382	0.0574454010839	0.728437742407
dim-	0.0507552870091	0.860422960725	0.0	0.0888217522659
ḡue-	0.0783303558822	0.867981314708	0.0125551772563	0.0411331521539
beu-	0.574062983763	0.139493101617	0.110170736393	0.176273178228
fak-	0.08790431221	0.268093788791	0.113118970186	0.530882928813
and-	0.0	0.996984924623	0.0	0.00301507537689
ḡep-	0.308128544423	0.567107750473	0.0226843100189	0.102079395085
ALL	0.21916606251	0.299407662322	0.0551029579104	0.426323317257
ana-	0.114419990478	0.777149790358	0.0443857412726	0.0640444778916
dud-	0.237849928466	0.739520830219	0.0115842070423	0.0110450342722
noa-	0.208824946719	0.542532527212	0.015648830312	0.232993695757
ḡam-	0.454274305941	0.195838778591	0.137726832138	0.21216008333
iag-	0.631574009647	0.352946235214	0.0123838041108	0.00309595102769
per-	0.0520963635085	0.918785194102	0.00471477370298	0.0244036686867
ger-	0.148692810458	0.697167755991	0.0659041394335	0.0882352941177
ḡim-	0.142368479682	0.678803471223	0.0139681610487	0.164859888046
deo-	0.546075085324	0.412969283276	0.0409556313993	0.0
roḡ-	0.163872161889	0.0487002647227	0.0318249686051	0.755602604783
ḡuḡ-	0.0657142857143	0.86619047619	0.0538095238095	0.0142857142857
gas-	0.0	1.0	0.0	0.0
ata-	0.630765589956	0.192237938925	0.0230840145302	0.153912456589
fit-	0.517139899478	0.342898279813	0.112476871023	0.0274849496861
far-	0.0770585489358	0.732575061825	0.132526389888	0.0578399993507
ḡub-	0.38627246218	0.230970274882	0.270111105405	0.112646157533
fra-	0.0247933884298	0.826446280992	0.0495867768595	0.099173553719
ego-	0.688426945741	0.24588664721	0.032286539058	0.033399867991
oka-	0.0521739130435	0.373913043478	0.0	0.573913043478
lev-	0.109754978434	0.870973662476	0.00825915389557	0.0110122051941
num-	0.107635060042	0.627834354439	0.0188898288745	0.245640756644
sed-	0.0458015267176	0.842966194111	0.111232279171	0.0
kla-	0.0877659574468	0.892287234043	0.00797872340427	0.0119680851064
adi-	0.0	1.0	0.0	0.0
eio-	0.414473684211	0.585526315789	0.0	0.0
ami-	0.271866546438	0.579350766456	0.0405770964833	0.108205590622
kur-	0.164071926778	0.350922628682	0.468818976427	0.0161864681127
ese-	0.654818409189	0.233829043173	0.0436897375349	0.0676628101034
kei-	0.121206514968	0.3688244428	0.308304983709	0.201664058523
ram-	0.123808168493	0.850576348371	0.0256154831365	0.0
ḡir-	0.334337349398	0.493975903614	0.10843373494	0.0632530120482
ḡib-	0.892874847898	0.0438505565821	0.0281220424535	0.0351525530668
win-	0.255781359495	0.744218640505	0.0	0.0
tal-	0.312066574202	0.556171983357	0.0	0.131761442441
gid-	0.041958041958	0.958041958042	0.0	0.0
daḡ-	0.0669260700389	0.738521400778	0.0140077821011	0.180544747082
lis-	0.0364400840925	0.946741415557	0.00840925017519	0.00840925017518
rov-	0.324525290982	0.501973494492	0.0821065704717	0.0913946440544
epi-	0.0	0.266666666667	0.733333333333	0.0
kos-	0.0449438202247	0.955056179775	0.0	0.0
lem-	0.389253893202	0.558969356828	0.017946522898	0.0338302270721
rod-	0.0	1.0	0.0	0.0
450-	0.0851063829787	0.148936170213	0.0	0.765957446808
nem-	0.538338658147	0.29392971246	0.0670926517573	0.100638977636
iop-	0.0399305555556	0.934027777778	0.0121527777778	0.0138888888889
pon-	0.0139049826188	0.979142526072	0.0	0.00695249130938
gof-	0.622009569378	0.105263157895	0.0717703349282	0.200956937799
ged-	0.170596983216	0.794136392607	0.0174208625451	0.0178457616316
sik-	0.309915014164	0.426345609065	0.0844192634561	0.179320113314
bui-	0.0	0.822784810127	0.177215189873	0.0
ḡou-	0.630662489321	0.190890372916	0.0550183844095	0.123428753353
ari-	0.257185202286	0.543836793925	0.0843816799243	0.114596323864
ben-	0.131535223497	0.0148669311435	0.00197905597755	0.851618789382
bog-	0.383620689655	0.237068965517	0.218390804598	0.16091954023
ion-	0.00583186340185	0.994168136598	0.0	0.0
ioe-	0.0606060606061	0.818181818182	0.0	0.121212121212
beg-	0.450948079427	0.408187866211	0.0588862101237	0.0819778442383
rev-	0.618909581011	0.245385276384	0.0368678711122	0.0988372714923
iun-	0.0	1.0	0.0	0.0
ili-	0.0759493670886	0.848101265823	0.0	0.0759493670886
lam-	0.206641597499	0.716066636327	0.0394050632039	0.0378867029705
nar-	0.273005924628	0.56217871836	0.0974221009657	0.0673932560464
chr-	0.0923076923077	0.907692307692	0.0	0.0
sat-	0.096104625994	0.790732822456	0.0650874541464	0.0480750974033
gur-	0.239021099089	0.447466751493	0.0216794876122	0.291832661806
fef-	0.320431746071	0.592550987841	0.0159894363333	0.0710278297548
peg-	0.0378068739771	0.95875613748	0.0	0.00343698854337
ani-	0.325592887369	0.165068556699	0.02529276272	0.484045793212
evo-	0.448274415655	0.31187096424	0.203030968484	0.0368236516212
nad-	0.386503067485	0.420245398773	0.110429447853	0.0828220858896
kis-	0.0	1.0	0.0	0.0
bei-	0.494328235621	0.0887339123896	0.0419359391881	0.375001912801
abi-	0.0524197002142	0.922912205567	0.0246680942184	0.0
bob-	0.474280497946	0.247735045674	0.149965298836	0.128019157543
eub-	0.0983606557377	0.901639344262	0.0	0.0
ḡe--	0.741935483871	0.185483870968	0.0241935483871	0.0483870967742
oḡi-	0.532477668893	0.22114300581	0.0416269187409	0.204752406556
mom-	0.124245038826	0.764452113891	0.106125970664	0.00517687661776
ban-	0.105366430704	0.213245609564	0.0238622778852	0.657525681846
adr-	0.220321410057	0.574909279419	0.111456713323	0.0933125972005
odi-	0.352941176471	0.617647058824	0.0	0.0294117647059
ter-	0.115397332745	0.871817480436	0.0026452110658	0.0101399757522
diḡ-	0.16398028041	0.789762595713	0.0396489633229	0.00660816055383
iaḡ-	0.55418699535	0.223431756176	0.0470102943972	0.175370954077
dab-	0.169090822199	0.518906582876	0.0528225315125	0.259180063412
did-	0.137730143904	0.838523279561	0.0199471242896	0.00379945224564
nam-	0.0968456518132	0.244329519922	0.402407237056	0.256417591208
sev-	0.213659718042	0.216109703342	0.0461297232217	0.524100855395
ale-	0.0475976985728	0.874990659792	0.0727041769409	0.00470746469401
ker-	0.0214714644102	0.919927917828	0.0187427251371	0.0398578926245
sid-	0.0835084033614	0.901785714286	0.00840336134454	0.00630252100841
bon-	0.289186416351	0.111800651602	0.0323307741136	0.566682157934
ḡon-	0.417713912476	0.346727629001	0.044990202482	0.190568256042
mea-	0.0844044558697	0.856898029135	0.012853470437	0.0458440445587
eḡw-	0.495924794391	0.290826838212	0.0958723628798	0.117376004517
ḡar-	0.115458985954	0.643798113836	0.0263697440226	0.214373156187
ero-	0.545648312611	0.24973357016	0.0710479573712	0.133570159858
net-	0.0596026490066	0.860927152318	0.0	0.0794701986755
eḡe-	0.595510049797	0.120663303039	0.0358275675054	0.247999079659
kon-	0.0798842257598	0.80520984081	0.0492040520984	0.0657018813314
eli-	0.0132032880446	0.974019336428	0.000851825035139	0.0119255504919
fut-	0.0983572250706	0.348121795543	0.405985141781	0.147535837606
ala-	0.655539676058	0.204947597659	0.0428746427113	0.0966380835716
ḡan-	0.128803090903	0.0902521017733	0.0100856256875	0.770859181636
eto-	0.619688093642	0.170539130622	0.0573343153461	0.15243846039
ove-	0.442006774297	0.401872617253	0.0581427263708	0.097977882079
vit-	0.143620627451	0.401788864793	0.369667006308	0.0849235014491
toi-	0.0530781357691	0.0524839775329	0.0937977802248	0.800640106473
var-	0.274203122416	0.356398231995	0.159954951223	0.209443694366
siv-	0.39606066222	0.396775842576	0.131799654972	0.0753638402325
ḡog-	0.324574774033	0.264749660494	0.35584448714	0.0548310783318
bou-	0.229672278844	0.64334985078	0.0702460724139	0.0567317979616
ḡai-	0.0531087163553	0.0392911949751	0.00608699705925	0.90151309161
raḡ-	0.512519796193	0.210225972298	0.0729559806393	0.204298250869
tuḡ-	0.303980384993	0.458079071464	0.0734122515286	0.164528292014
tor-	0.467250516175	0.337913887883	0.0616816208261	0.133153975117
rik-	0.171074208151	0.402793232692	0.0243504319518	0.401782127205
efr-	0.0	1.0	0.0	0.0
oru-	0.565845824411	0.119379014989	0.3147751606	0.0
ina-	0.686468646865	0.254125412541	0.0	0.059405940594
mai-	0.116306250858	0.109297176085	0.0237983649925	0.750598208064
pen-	0.0133928571428	0.966517857143	0.0	0.0200892857143
gev-	0.101650165016	0.73201320132	0.166336633663	0.0
rab-	0.273751265609	0.578594330071	0.0746709416133	0.0729834627067
ape-	0.0754716981132	0.924528301887	0.0	0.0
fot-	0.0	1.0	0.0	0.0
ba--	0.181818181818	0.590909090909	0.0909090909091	0.136363636364
fre-	0.0	1.0	0.0	0.0
kab-	0.365984930032	0.586652314316	0.0344456404737	0.0129171151776
ogu-	0.451744186047	0.357558139535	0.0767441860465	0.113953488372
vet-	0.228868059353	0.585931899346	0.090433032067	0.094767009234
ato-	0.564104389313	0.186103134919	0.0682843000702	0.181508175698
kau-	0.248963046506	0.510970332509	0.149733684924	0.0903329360604
bas-	0.127002623349	0.815953487475	0.0096322886561	0.0474116005197
ḡen-	0.0653790155463	0.0333749181221	0.00937671371074	0.891869352621
sit-	0.208132701794	0.633360193392	0.0639727992768	0.0945343055364
lor-	0.179191814894	0.115400438488	0.0261867171814	0.679221029437
mid-	0.429284440588	0.389283860312	0.0594980109851	0.121933688115
teo-	0.420168067227	0.44537815126	0.0504201680672	0.0840336134454
ḡui-	0.0619947657352	0.619676315867	0.112793711243	0.205535207154
pun-	0.421499292786	0.578500707214	0.0	0.0
fao-	0.260869565217	0.70652173913	0.0	0.0326086956522
tur-	0.174381289094	0.807533315203	0.0123742181126	0.00571117759042
spe-	0.0	1.0	0.0	0.0
ege-	0.452035803623	0.307615804225	0.0620837226124	0.17826466954
666-	0.0594059405939	0.0	0.0	0.940594059406
ḡin-	0.200859771608	0.264930395761	0.0754994424764	0.458710390156
mot-	0.0746325466432	0.863617272111	0.0472708284017	0.0144793528437
sod-	0.00477137176938	0.995228628231	0.0	0.0
riḡ-	0.409137055838	0.346192893401	0.177664974619	0.0670050761421
har-	0.156862745098	0.843137254902	0.0	0.0
kan-	0.0973217988979	0.83198435741	0.0412395567933	0.0294542868993
nei-	0.8	0.155555555556	0.0	0.0444444444444
nav-	0.60729409068	0.260038917166	0.0421813000696	0.0904856920849
amf-	0.04	0.96	0.0	0.0
osi-	0.890909090909	0.109090909091	0.0	0.0
doḡ-	0.330408230295	0.477797846411	0.0492902544132	0.142503668881
vul-	0.0140101892285	0.976437409025	0.00955240174675	0.0
sio-	0.111598246313	0.878836189717	0.00298923874053	0.00657632522917
ain-	0.0706536856745	0.0557719054242	0.00208623087622	0.871488178025
vas-	0.110051777833	0.123925616789	0.0471650476427	0.718857557735
taf-	0.307692307692	0.634615384615	0.0	0.0576923076923
gir-	0.285960426856	0.474766562917	0.160487994664	0.0787850155625
ḡaḡ-	0.5057159323	0.269679954813	0.0897315450995	0.134872567788
dou-	0.0321773328566	0.785484447622	0.085806220951	0.0965319985699
ias-	0.0479452054795	0.936073059361	0.0159817351598	0.0
met-	0.208143948235	0.345244208335	0.146563130405	0.300048713025
tao-	0.584415584416	0.251082251082	0.08658008658	0.077922077922
100-	0.0829450616968	0.207925861451	0.168962162716	0.540166914137
nig-	0.0239616613419	0.952076677316	0.0143769968051	0.00958466453673
nef-	0.376963350785	0.528795811518	0.0628272251309	0.0314136125654
oke-	0.0572537447477	0.100779420727	0.815023895821	0.0269429387049
na--	0.591068301226	0.211908931699	0.0394045534151	0.15761821366
ken-	0.207688467299	0.648027958063	0.123814278582	0.0204692960559
oko-	0.469365257417	0.370208486443	0.0649827872974	0.0954434688431
ḡeg-	0.180654308008	0.0988552405695	0.0650451329817	0.655445318441
bub-	0.272728754154	0.248335770863	0.450751444613	0.0281840303698
eta-	0.615092064677	0.107856837458	0.027013515582	0.250037582284
iek-	0.0	1.0	0.0	0.0
mat-	0.171676654331	0.535126858078	0.216822674793	0.0763738127979
ioa-	0.0331890213346	0.891971378577	0.0113779194427	0.0634616806461
eku-	0.55515898767	0.211875405581	0.189162881246	0.0438027255029
mad-	0.0405151931975	0.85294485432	0.08853319995	0.0180067525322
ios-	0.0200871932983	0.968902048894	0.00223191036648	0.00877884744148
bem-	0.161496496299	0.0475956324724	0.0273589886808	0.763548882548
mem-	0.0811808118081	0.918819188192	0.0	0.0
par-	0.0	1.0	0.0	0.0
seb-	0.07759729268	0.13908670042	0.158629215979	0.62468679092
aig-	0.00861553188943	0.934904870169	0.0495393083642	0.0069402895776
gob-	0.600178571429	0.250714285714	0.117857142857	0.03125
nah-	0.0	1.0	0.0	0.0
sol-	0.0719395866455	0.85413354531	0.00238473767886	0.0715421303656
ḡiḡ-	0.278982393082	0.515451633068	0.0995598270563	0.106006146794
ame-	0.0020915640251	0.128979781548	0.00139437601673	0.86753427841
rag-	0.569753091196	0.25887652406	0.068842984667	0.102527400077
ḡeu-	0.51881419025	0.246098129793	0.0995873884379	0.135500291519
fok-	0.40393069563	0.409878458754	0.10861132661	0.077579519007
anu-	0.325842696629	0.292134831461	0.247191011236	0.134831460674
sag-	0.00520833333333	0.953125	0.0	0.0416666666666
eia-	0.740525185727	0.0838638027428	0.0263140914334	0.149296920097
fek-	0.115367483296	0.809799554566	0.0	0.0748329621381
wai-	0.0663703703704	0.753185185185	0.0838518518518	0.0965925925926
beb-	0.457259304738	0.283125998426	0.157258410624	0.102356286212
wid-	0.0657194385682	0.811533610041	0.00614794747896	0.116599003911
kin-	0.0470406010009	0.922005464143	0.0208704560772	0.0100834787789
reu-	0.0	1.0	0.0	0.0
egu-	0.51612607217	0.254195072833	0.0627755442472	0.166903310751
oḡw-	0.367892976589	0.45652173913	0.0376254180602	0.137959866221
ona-	0.0160178993669	0.289873128067	0.688769672777	0.00533929978897
dan-	0.527447833066	0.316532905297	0.107865168539	0.0481540930979
aru-	0.547097258261	0.315034232657	0.0558039203426	0.0820645887392
ḡwa-	0.226434542419	0.682375921794	0.0388534362136	0.0523360995726
bam-	0.440929720809	0.138357859992	0.090221427589	0.33049099161
mis-	0.117090927778	0.288735143294	0.450181745738	0.143992183191
hos-	0.0672176978243	0.875410234593	0.0189619545399	0.0384101130424
elm-	0.0	1.0	0.0	0.0
oḡa-	0.515755945899	0.303282764605	0.0901404363402	0.0908208531553
ḡer-	0.179488630477	0.0752759955979	0.0308477872405	0.714387586684
ḡut-	0.0731601390112	0.362664259679	0.493300744064	0.0708748572457
bla-	0.345612810813	0.400227715136	0.126345172072	0.12781430198
mak-	0.0895706774976	0.05997373573	0.0360911600674	0.814364426705
vot-	0.689911504425	0.185486725664	0.0212389380531	0.103362831858
kob-	0.325765557264	0.539732983299	0.112739425551	0.0217620338866
agr-	0.00718562874251	0.992814371257	0.0	0.0
vav-	0.0257208864199	0.619282464072	0.00866231325333	0.346334336255
eni-	0.421427152305	0.326641640304	0.194884361164	0.0570468462267
sos-	0.0135135135135	0.986486486486	0.0	0.0
kle-	0.0379746835443	0.93670886076	0.0253164556962	0.0
don-	0.0363382250175	0.941649196366	0.0125786163522	0.00943396226415
deg-	0.260869565217	0.710144927536	0.0115942028986	0.0173913043478
tat-	0.131452610032	0.116539509177	0.0777057330255	0.674302147765
bit-	0.105131589816	0.0364340914091	0.0222989921494	0.836135326625
dog-	0.096256684492	0.871657754011	0.0	0.0320855614973
tov-	0.26084701815	0.37363872083	0.153543647364	0.211970613656
leg-	0.0659121225814	0.823173684937	0.0217055438156	0.0892086486662
ave-	0.500939819389	0.232997081735	0.102438015579	0.163625083297
nom-	0.294771454032	0.12603358593	0.00174077630334	0.577454183735
ḡau-	0.264979287686	0.541080884403	0.0568514051331	0.137088422778
iot-	0.0	1.0	0.0	0.0
mam-	0.076092914275	0.774106796917	0.12258497626	0.0272153125478
sei-	0.16124893071	0.786142001711	0.0346449957229	0.0179640718563
esa-	0.0839713509508	0.906149666584	0.00987898246481	0.0
aḡw-	0.684813937104	0.267149170563	0.02305770832	0.0249791840133
meḡ-	0.167921250724	0.573248407643	0.243196294152	0.0156340474812
boi-	0.383377292891	0.475452583623	0.0651900251768	0.0759800983096
aḡe-	0.317449504411	0.562655403794	0.0504104363227	0.069484655472
noḡ-	0.265299136768	0.126828776185	0.0286790191152	0.579193067932
aug-	0.1875	0.806818181818	0.0056818181818	0.0
mos-	0.0371043290939	0.950859762502	0.00321979715278	0.00881611125166
kok-	0.227100548058	0.403998680912	0.183242308912	0.185658462118
abu-	0.671240999576	0.143752647183	0.120965692503	0.064040660737
kea-	0.642027427646	0.246300780418	0.0385899464489	0.0730818454873
ofi-	0.764192139738	0.183406113537	0.0524017467249	0.0
dub-	0.126211404102	0.243858462925	0.592742844264	0.0371872887086
reg-	0.0236686390532	0.940828402367	0.0355029585799	0.0
ief-	0.0	1.0	0.0	0.0
bet-	0.44323827355	0.338789616228	0.0499357604964	0.168036349726
vis-	0.0316911872107	0.947698460268	0.0106376013015	0.00997275122015
ovi-	0.699418083392	0.129530418205	0.10141393186	0.0696375665437
epe-	0.601167315175	0.301945525292	0.0175097276265	0.0793774319066
sal-	0.0350870241409	0.953278388097	0.00312038752242	0.00851420023973
ḡod-	0.596793143963	0.313774276039	0.0597138710346	0.029718708964
aun-	0.472818886693	0.206394022978	0.16267402211	0.158113068219
toe-	0.0390243902438	0.946341463415	0.0146341463415	0.0
ruḡ-	0.539657300109	0.296799036925	0.0777655635555	0.0857780994105
otu-	0.625606150715	0.196493254485	0.0502191715946	0.127681423205
sek-	0.247858366647	0.752141633353	0.0	0.0
baḡ-	0.210574325623	0.183883202885	0.0389303363843	0.566612135108
bad-	0.492506997424	0.347428228413	0.107621899437	0.0524428747257
eut-	0.253333333333	0.653333333333	0.0933333333333	0.0
efi-	0.543463739671	0.316550114628	0.0606125579324	0.0793735877686
bav-	0.554888489645	0.229148582639	0.0636381151094	0.152324812607
ḡek-	0.612314674367	0.161549161613	0.0426495080871	0.183486655933
rug-	0.0114503816794	0.919847328244	0.0458015267176	0.0229007633588
ror-	0.333829126788	0.351522948154	0.207817523373	0.106830401685
age-	0.248070562293	0.476295479603	0.259095920617	0.0165380374862
fuk-	0.644034917556	0.208535402522	0.0775945683803	0.0698351115422
tab-	0.378927524089	0.411813992459	0.126309174696	0.0829493087557
akw-	0.346748817081	0.612624022004	0.027302322329	0.0133248385869
buk-	0.169262362149	0.644358671807	0.00656296024696	0.179816005798
kre-	0.0	0.984028393966	0.0	0.0159716060337
kar-	0.145248515866	0.194123410317	0.0282635366108	0.632364537206
sel-	0.0168728908887	0.9696287964	0.0134983127109	0.0
kus-	0.0	1.0	0.0	0.0
eḡo-	0.667085310046	0.167986033254	0.0393794561184	0.125549200581
bea-	0.313725490196	0.125585844094	0.0439024390244	0.516786226686
sno-	0.0	1.0	0.0	0.0
oki-	0.596277491994	0.128227903188	0.0345246995548	0.240969905264
kou-	0.165211840048	0.717170459255	0.0468002365506	0.0708174641461
tak-	0.179966998765	0.759394970739	0.03442181777	0.0262162127258
mer-	0.068505265627	0.803518521992	0.0237026224739	0.104273589907
luk-	0.00829875518672	0.983402489627	0.0	0.00829875518672
iou-	0.185676392573	0.625110521662	0.138815207781	0.0503978779841
lel-	0.160583104363	0.155263654193	0.330558935995	0.353594305448
kop-	0.125523012552	0.874476987448	0.0	0.0
kak-	0.0869806689169	0.550312979442	0.340834611844	0.0218717397975
von-	0.221772435183	0.303626590423	0.368293541371	0.106307433023
one-	0.00462962962962	0.969135802469	0.0	0.0262345679012
nob-	0.547787042976	0.375240538807	0.00962155227709	0.0673508659397
kik-	0.0496356115816	0.519598187906	0.206421114832	0.224345085681
sto-	0.114257490945	0.607507408627	0.273296015805	0.00493908462298
gog-	0.146529915215	0.796759895153	0.0395549896568	0.017155199975
vek-	0.303869284598	0.340181984842	0.166405550005	0.189543180556
126-	0.316129032258	0.0	0.0774193548387	0.606451612903
sil-	0.0454104514333	0.878249377891	0.0468163477625	0.0295238229133
430-	0.43829787234	0.0255319148936	0.0	0.536170212766
ḡov-	0.50346541552	0.318325414824	0.0854636272499	0.0927455424069
lal-	0.250732337024	0.584628369992	0.11995432203	0.0446849709548
abe-	0.0138125649785	0.928003861577	0.0322293182831	0.0259542551611
bef-	0.697807347346	0.184013143053	0.0385772502876	0.0796022593133
kib-	0.209376542061	0.505225818455	0.274355468908	0.0110421705752
gau-	0.459869848156	0.0260303687635	0.51409978308	0.0
him-	0.0	0.868338557994	0.0	0.131661442006
nau-	0.718095238095	0.202857142857	0.0504761904762	0.0285714285714
rei-	0.190298507463	0.444029850746	0.186567164179	0.179104477612
egi-	0.260142526724	0.706601237732	0.026254922798	0.00700131274614
600-	0.137527114967	0.41453362256	0.159436008677	0.288503253796
sau-	0.0356115903561	0.903782349038	0.0	0.060606060606
ḡap-	0.92	0.0533333333333	0.0266666666667	0.0
pri-	0.0030487804878	0.996951219512	0.0	0.0
ḡev-	0.522543423147	0.26941053342	0.0799692290359	0.128076814396
tro-	0.036231884058	0.959239130435	0.0	0.00452898550726
ser-	0.0434797595141	0.936082749839	0.0156286693184	0.00480882132874
bom-	0.43870014771	0.353028064993	0.0354505169867	0.17282127031
veb-	0.57077940313	0.36774654719	0.0421740573383	0.0192999923413
kit-	0.263157894737	0.078947368421	0.657894736842	0.0
gol-	0.0327297991262	0.702550209255	0.242785435043	0.021934556576
ela-	0.305054895242	0.383012138948	0.25840427163	0.0535286941798
uri-	0.0	1.0	0.0	0.0
ḡia-	0.021407233868	0.00604644339745	0.000611063069466	0.971935259665
aur-	0.538601006426	0.149973791482	0.0734291891181	0.237996012974
nag-	0.36333218943	0.46533973919	0.137010981469	0.0343170899108
bai-	0.491024204299	0.361979882425	0.0256287627119	0.121367150564
ome-	0.0142517814727	0.96674584323	0.0190023752969	0.0
itu-	0.0	1.0	0.0	0.0
ara-	0.341717152823	0.51517761322	0.0152656292925	0.127839604664
had-	0.0288878189696	0.772749157439	0.169475204622	0.0288878189697
kad-	0.243429561122	0.719340035412	0.0286387718967	0.00859163156903
oda-	0.863118617439	0.101531814611	0.0235663786331	0.0117831893166
fen-	0.148783666377	0.768317405155	0.0329423689545	0.0499565595135
ras-	0.260340632603	0.710462287105	0.029197080292	0.0
tir-	0.0	0.970873786408	0.0291262135922	0.0
man-	0.258477857362	0.236400853135	0.098657969049	0.406463320454
men-	0.0	1.0	0.0	0.0
ava-	0.502525998267	0.288583958441	0.0739899327167	0.134900110576
iko-	0.0249513360467	0.975048663953	0.0	0.0
fle-	0.0	1.0	0.0	0.0
mug-	0.373225968797	0.435933568193	0.100251635632	0.0905888273779
noi-	0.704784539858	0.261032754097	0.00846775240915	0.0257149536352
deb-	0.0600249004395	0.867871012425	0.013480867063	0.0586232200721
are-	0.046284577834	0.939251491593	0.0090399566082	0.00542397396495
bib-	0.0392156862745	0.901960784314	0.0588235294118	0.0
iak-	0.225581705186	0.594268583007	0.123602367272	0.0565473445355
lai-	0.444466553214	0.440073308025	0.0725749443645	0.0428851943972
iso-	0.0	0.919048405749	0.0809515942508	0.0
bos-	0.258007898201	0.558139534884	0.146116717859	0.0377358490565
ḡao-	0.433823529412	0.477941176471	0.0882352941176	0.0
pam-	0.0	0.993281075028	0.0	0.00671892497202
mag-	0.0665908792794	0.682786060951	0.14017751738	0.11044554239
vin-	0.428333259207	0.326952577856	0.0663976573599	0.178316505577
aḡa-	0.559022322261	0.309545524957	0.0503554933122	0.0810766594694
vau-	0.171439952812	0.0381950746253	0.0203341189093	0.770030853653
ket-	0.485863405063	0.372421288879	0.0721792093952	0.0695360966624
afa-	0.447619047619	0.42380952381	0.0142857142857	0.114285714286
dru-	0.0322580645161	0.967741935484	0.0	0.0
nil-	0.0	0.959737119606	0.0402628803937	0.0
nia-	0.0602498163115	0.473181484203	0.445995591477	0.0205731080088
dob-	0.383325497571	0.432377370318	0.0902679830747	0.0940291490363
hal-	0.065	0.935	0.0	0.0
mon-	0.170724413521	0.225853471638	0.0316628567198	0.571759258122
tou-	0.0933406113537	0.867358078603	0.0327510917031	0.00655021834061
alo-	0.0	0.952755905512	0.0472440944882	0.0
ano-	0.711397415499	0.149384919865	0.0518064340875	0.0874112305483
ḡav-	0.442858948872	0.342417423349	0.100353030787	0.114370596992
ebu-	0.662797366987	0.250036476458	0.0376839545512	0.0494822020041
las-	0.0421666095303	0.90263969832	0.00205690778197	0.0531367843675
eri-	0.641931477058	0.20790640311	0.0403121851642	0.109849934668
foe-	0.0441176470588	0.880718954248	0.0555555555555	0.0196078431373
rin-	0.464876033058	0.488636363636	0.0464876033058	0.0
reḡ-	0.0618708568622	0.93150012276	0.00515590473852	0.00147311563958
wik-	0.350253807107	0.152284263959	0.0152284263959	0.482233502538
bes-	0.154002554777	0.759518350369	0.0281938715715	0.0582852232828
sig-	0.216314199396	0.328096676737	0.1583081571	0.297280966767
ḡad-	0.350475068507	0.470004097626	0.0766384101212	0.102882423746
sea-	0.161522682822	0.810761818442	0.0123551018461	0.0153603968898
ḡit-	0.208863115179	0.109301286557	0.01739498863	0.664440609634
reb-	0.11797752809	0.719101123595	0.061797752809	0.101123595506
fai-	0.425316455696	0.369620253165	0.124050632911	0.0810126582278
aka-	0.087462971331	0.888437013606	0.00301250188281	0.0210875131797
bar-	0.0833770297976	0.652477130619	0.0855868526774	0.178558986906
sia-	0.138461538462	0.861538461538	0.0	0.0
pis-	0.0	1.0	0.0	0.0
okw-	0.591205920766	0.282832680308	0.101581773328	0.0243796255986
pet-	0.0169697789196	0.921928875668	0.0043269555811	0.0567743898317
sai-	0.0123558484349	0.965403624382	0.00247116968699	0.0197693574959
apo-	0.0575084758725	0.832560095847	0.0200808075658	0.0898506207143
fan-	0.383938188061	0.486953422104	0.0898803609402	0.0392280288943
ḡun-	0.0772532188841	0.497854077253	0.37339055794	0.0515021459227
tra-	0.0	0.964285714286	0.0	0.0357142857143
rit-	0.391447368421	0.391447368421	0.0888157894737	0.128289473684
heb-	0.00171037628278	0.967502850627	0.0239452679589	0.00684150513113
kef-	0.395921170257	0.479395773713	0.0493993186254	0.0752837374047
gag-	0.752941176471	0.152941176471	0.0	0.0941176470589
atu-	0.607723914668	0.22085373952	0.0788785589774	0.0925437868349
aro-	0.0787750392089	0.309137547292	0.588937197895	0.0231502156043
dei-	0.0728889359897	0.103712141581	0.0104851259914	0.812913796438
ima-	0.0538222895602	0.0967811755976	0.00865774094802	0.840738793894
lot-	0.0112104630989	0.988789536901	0.0	0.0
ebi-	0.569444444444	0.319444444444	0.0555555555556	0.0555555555556
276-	0.0	0.338028169014	0.0	0.661971830986
ado-	0.49284385287	0.284599971375	0.128810648347	0.0937455274081
rub-	0.0215462949126	0.917769688948	0.037013513802	0.0236705023377
bau-	0.51041854012	0.108039361784	0.0508722797461	0.33066981835
mik-	0.0775862068966	0.327586206896	0.0	0.594827586207
fes-	0.00552486187845	0.983425414365	0.00552486187846	0.00552486187845
lep-	0.0891998250984	0.831219938784	0.061215566244	0.0183646698732
kot-	0.142885684045	0.253612391665	0.12174095938	0.48176096491
edu-	0.652521590788	0.228862352063	0.055443010982	0.0631730461669
fun-	0.455696202532	0.335443037975	0.208860759494	0.0
dav-	0.078308915477	0.878485188683	0.0204271809186	0.0227787149217
ebe-	0.370643298148	0.572263161389	0.0411604594039	0.0159330810595
lof-	0.257668711656	0.668711656442	0.0	0.0736196319019
ila-	0.203896430367	0.0698642533937	0.153833584716	0.572405731523
keo-	0.557022141946	0.248209571687	0.133382172765	0.0613861136022
tan-	0.191366634324	0.616471719564	0.0406363869848	0.151525259127
vag-	0.115384615385	0.655448717949	0.0432692307692	0.185897435897
ena-	0.485981308411	0.255863766664	0.0699069683181	0.188247956607
edi-	0.447837150127	0.358778625954	0.193384223919	0.0
ema-	0.0587789489504	0.0248510779498	0.0132478243901	0.90312214871
kav-	0.0572378467304	0.067718521165	0.0274641207692	0.847579511335
nea-	0.229894850317	0.402885422055	0.0401646577093	0.327055069919
aga-	0.257683949084	0.27196522819	0.323191555418	0.147159267308
ama-	0.318527598883	0.19695178981	0.0640095869101	0.420511024397
nod-	0.394557823129	0.487528344671	0.104308390023	0.0136054421769
iob-	0.145977806225	0.405169876161	0.287368990327	0.161483327286
inu-	0.71376065863	0.224492796236	0.0264628050574	0.0352837400764
mau-	0.101874889617	0.592413684123	0.167875589873	0.137835836388
ieh-	0.0	1.0	0.0	0.0
big-	0.54854368932	0.218446601942	0.233009708738	0.0
ḡok-	0.536035628233	0.25503005748	0.0872056680008	0.121728646287
bel-	0.308156683298	0.557736306751	0.0559583206991	0.0781486892522
boa-	0.301343570058	0.547024952015	0.0307101727447	0.120921305182
git-	0.43937232525	0.509272467903	0.0342368045649	0.0171184022824
oli-	0.0297131147541	0.894808743169	0.0703551912569	0.00512295081967
ton-	0.384475714934	0.134967468603	0.0108942351339	0.469662581329
rav-	0.0709219858156	0.553191489362	0.177304964539	0.198581560284
lid-	0.054054054054	0.915057915058	0.0	0.030888030888
gun-	0.171890145396	0.561227786753	0.122132471729	0.144749596123
ori-	0.408019076217	0.354852954164	0.0900821337101	0.147045835909
nak-	0.369542819651	0.270870238347	0.158671800018	0.200915141984
ven-	0.231402484658	0.29815895824	0.348301152522	0.12213740458
000-	0.0451200576298	0.0907528259568	0.00971179786668	0.854415318547
gar-	0.170806777078	0.557466648577	0.112430570171	0.159296004174
esi-	0.70115212791	0.181754055961	0.027745121091	0.0893486950388
geb-	0.4526277505	0.394617203128	0.127295871977	0.0254591743953
sar-	0.0573476702509	0.921146953405	0.0143369175627	0.00716845878138
lao-	0.0	1.0	0.0	0.0
ḡor-	0.366096623553	0.428829620713	0.0579592945537	0.14711446118
kio-	0.0	0.876712328767	0.123287671233	0.0
fri-	0.0	0.945205479452	0.0547945205479	0.0
ske-	0.0	0.872727272727	0.0	0.127272727273
teu-	0.15625	0.8125	0.0	0.03125
gub-	0.0489294573687	0.827135450015	0.0737039191451	0.0502311734715
dam-	0.038589943218	0.903995751019	0.0533805137893	0.00403379197401
put-	0.0409836065574	0.959016393443	0.0	0.0
ses-	0.448598130841	0.214953271028	0.224299065421	0.11214953271
vef-	0.222563787273	0.207347064248	0.0956040577927	0.474485090686
bal-	0.189683956574	0.727633293124	0.0778190591073	0.00486369119421
seḡ-	0.294265158661	0.483607369989	0.0733149753241	0.148812496027
efa-	0.449538607433	0.335922967502	0.101469890944	0.113068534121
naḡ-	0.536069486806	0.324691685453	0.0258586394377	0.113380188304
ḡes-	0.191105723463	0.0395379836229	0.0191735620086	0.750182730905
sad-	0.00413230255342	0.983470789786	0.0123969076603	0.0
pub-	0.0	0.933456561922	0.0	0.0665434380776
evi-	0.689540297793	0.108595948142	0.0503644074808	0.151499346584
ekw-	0.61006475364	0.271439371528	0.0741215527726	0.044374322059
top-	0.0	0.925	0.075	0.0
kub-	0.151882578175	0.324186343331	0.281429483089	0.242501595405
tun-	0.1953125	0.40625	0.1875	0.2109375
fus-	0.226162223907	0.664995913383	0.0299849336786	0.0788569290307
eur-	0.603182043102	0.175182698003	0.076049811633	0.145585447261
ako-	0.515194090198	0.235819908708	0.0825503185037	0.16643568259
sop-	0.048	0.952	0.0	0.0
beo-	0.0	1.0	0.0	0.0
tas-	0.334310329514	0.50115463185	0.104138911093	0.0603961275425
lef-	0.191809227579	0.803006739243	0.0	0.0051840331778
amp-	0.0	1.0	0.0	0.0
set-	0.0	1.0	0.0	0.0
hag-	0.0563535911602	0.830939226519	0.11270718232	0.0
ais-	0.0201342281879	0.89932885906	0.0805369127516	0.0
rak-	0.240707881747	0.361316840948	0.211791244585	0.18618403272
ḡol-	0.438806588013	0.397971554452	0.0768798604335	0.0863419971022
pha-	0.0201612903226	0.979838709677	0.0	0.0
vea-	0.0758954718916	0.387565329407	0.20345457642	0.333084622281
