-ɨme	0.0887508887982	0.185297157364	0.0267126102236	0.699239343614
-caa	0.446596243729	0.321672174649	0.106236539225	0.125495042397
-tui	0.686493124743	0.11881594875	0.0461352906413	0.148555635865
-'ru	0.244923464577	0.245903575531	0.12314838763	0.386024572262
-caj	0.124387497501	0.637058831895	0.100247075308	0.138306595296
-cai	0.161235584258	0.0372864974928	0.0382133976264	0.763264520623
-can	0.183457674078	0.412997197026	0.127421758838	0.276123370059
-ɨve	0.164948453608	0.587628865979	0.0	0.247422680412
-cas	0.0109001725861	0.98183304569	0.0	0.00726678172404
-car	0.0	0.978523489933	0.0214765100671	0.0
-hen	0.488651676487	0.434406954316	0.0110973128649	0.0658440563321
-'të	0.379310344828	0.586206896552	0.0344827586207	0.0
-ive	0.239766829929	0.737588525022	0.0199805691608	0.0026640758881
-rbe	0.0156609857209	0.984339014279	0.0	0.0
-hee	0.754339118825	0.0761014686248	0.00801068090788	0.161548731642
-—me	0.406779661017	0.186440677966	0.279661016949	0.127118644068
-ivo	0.0617751979416	0.92169341106	0.00478540265745	0.011745988341
-obë	0.122124440327	0.829890381349	0.0285317276517	0.0194534506716
-oye	0.270934167398	0.134935393123	0.107429758137	0.486700681342
-upí	0.240837696335	0.759162303665	0.0	0.0
-auu	0.471209912537	0.273779154519	0.0874635568513	0.167547376093
-oya	0.233715915727	0.65827006873	0.0372624769777	0.0707515385652
-dío	0.0665136585534	0.739472664024	0.132386646645	0.0616270307783
-oyo	0.287882708638	0.413707644521	0.00734046196077	0.29106918488
-nsu	0.0531400966183	0.869565217391	0.0772946859903	0.0
-'bi	0.315099884102	0.256288104618	0.0709793375817	0.357632673699
-asu	0.0323450134771	0.959568733154	0.00808625336927	0.0
-yua	0.108775628089	0.0145454678901	0.00219517178495	0.874483732236
-ëbë	0.153294065238	0.638816017423	0.164332029897	0.0435578874425
-zin	0.0422324198367	0.835916570171	0.0573687295393	0.0644822804535
-zio	0.0728323461745	0.819763744638	0.00654539058758	0.1008585186
-jri	0.180717393213	0.603620610699	0.092149419285	0.123512576803
-nso	0.0	1.0	0.0	0.0
-zij	0.00225733634312	0.965387509406	0.0323551542513	0.0
-nsi	0.225766857598	0.389587986819	0.148174359201	0.236470796382
-zii	0.559213339034	0.348867037195	0.086789226165	0.00513039760583
-nse	0.214750693909	0.265012932924	0.318795562417	0.20144081075
-jra	0.471404053902	0.3971638299	0.0902874323942	0.0411446838034
-auj	0.199214998581	0.357028487592	0.045919070303	0.397837443524
-aum	0.00915830789359	0.984081988661	0.0	0.00675970344527
-apa	0.768817204301	0.159498207885	0.0	0.0716845878136
-jre	0.633360917158	0.215198135167	0.0359581704315	0.115482777244
-aun	0.371464161268	0.100591151271	0.0250837430249	0.502860944436
-uaa	0.409750627369	0.259371673307	0.0290487518303	0.301828947494
-puu	0.293195768578	0.0642549301293	0.0117539506334	0.630795350659
-utá	0.584269662921	0.370786516854	0.0449438202247	0.0
-tzi	0.173304640566	0.211611279894	0.0431268367588	0.571957242781
-nto	0.136856574932	0.756588370335	0.0368039418797	0.0697511128531
-'in	0.387936103489	0.224628297026	0.285304782438	0.102130817047
-tze	0.0492418723965	0.0400119024563	0.0194302955615	0.891315929586
-tbi	0.0904510698832	0.909548930117	0.0	0.0
-nyu	0.625226531352	0.271595988885	0.0509846562764	0.0521928234868
-tza	0.309014434948	0.557070102536	0.0830310129642	0.0508844495513
-uao	0.635416666667	0.208333333333	0.0357142857143	0.120535714286
-uan	0.0880122818966	0.282167917149	0.020444124313	0.609375676641
-a'ë	0.292019887805	0.2066719707	0.0578062811166	0.443501860379
-nai	0.426805716493	0.505600617999	0.0632483584395	0.00434530706837
-uau	0.582875361431	0.289178792695	0.0476631682662	0.0802826776081
-pua	0.068349093516	0.478072747544	0.0468882381874	0.406689920753
-cni	0.277081592871	0.619883040936	0.0612642717906	0.0417710944027
-eꞌí	0.891304347826	0.0	0.0869565217391	0.0217391304348
-tzu	0.233090643629	0.0984493146334	0.134413047238	0.5340469945
-leg	0.0	1.0	0.0	0.0
-ntu	0.112088628218	0.227109807755	0.0684261974585	0.592375366569
-xáj	0.583922261484	0.329505300353	0.0265017667844	0.0600706713781
-puj	0.333333333333	0.464646464647	0.0	0.20202020202
-pra	0.203602192639	0.740276690159	0.0404594100757	0.0156617071261
-esë	0.562432206925	0.103254067584	0.179443053817	0.154870671673
-nme	0.0331034482758	0.898620689655	0.0475862068966	0.0206896551724
-pre	0.0	0.997297297297	0.0027027027027	0.0
-iva	0.470588235294	0.494117647059	0.0352941176471	0.0
-arí	0.167613200307	0.645433614735	0.0290099769762	0.157943207982
-más	0.0	0.990312163617	0.0010764262648	0.00861141011842
-e'ë	0.370359365653	0.446610172849	0.0895739985817	0.0934564629165
-aré	0.0	1.0	0.0	0.0
-eño	0.477764079874	0.439684513858	0.0619135547007	0.0206378515669
-ɨca	0.213527765587	0.58812566115	0.126709227898	0.0716373453651
-xbi	0.0479166666667	0.939583333333	0.0	0.0125
-zie	0.00474079678333	0.971298960014	0.00619293273499	0.0177673104673
-opo	0.0579631635969	0.871614301192	0.0541711809317	0.0162513542795
-eñu	0.401359430022	0.307591515846	0.0720661698468	0.218982884285
-tín	0.0	0.980392156863	0.0196078431372	0.0
-mán	0.0327581164083	0.574144486692	0.3930973969	0.0
-máa	0.913035873431	0.086964126569	0.0	0.0
-ope	0.00343249427918	0.996567505721	0.0	0.0
-xɨ́	0.764522173641	0.145534041224	0.0	0.0899437851343
-arú	0.59225946326	0.245605297082	0.12287589359	0.0392593460682
-hei	0.236559139785	0.634408602151	0.129032258065	0.0
-dea	0.00452522814691	0.991703748397	0.00292254317822	0.000848480277547
-gan	0.418594500218	0.5508511567	0.0305543430816	0.0
-dec	0.102490812576	0.855655369539	0.0326663944467	0.00918742343812
-hej	0.0684113367357	0.749158431969	0.0	0.182430231295
-ɨti	0.389887019223	0.353964509841	0.0948198590554	0.16132861188
-oes	0.0	0.906403940887	0.0689655172414	0.0246305418719
-ɨte	0.0474811351348	0.732242075835	0.0583544207693	0.161922368261
-'re	0.232372351511	0.68426536992	0.0208405696422	0.0625217089267
-'tu	0.631028471819	0.238233585125	0.0261475886113	0.104590354445
-caí	0.602954678241	0.256823303564	0.0350555045489	0.105166513647
-deo	0.00117716303709	0.994114184815	0.0	0.00470865214832
-ima	0.0977826745627	0.870541247762	0.0206583115273	0.0110177661479
-'ti	0.0237977193852	0.943083787804	0.0331184928111	0.0
-des	0.0199674850973	0.926591354371	0.0472716661803	0.00616949435158
-ime	0.191455089361	0.662230574519	0.0299148577127	0.116399478408
-deu	0.0196078431372	0.980392156863	0.0	0.0
-aꞌɨ	0.382111000012	0.3994065326	0.107569334449	0.110913132939
-caz	0.0	1.0	0.0	0.0
-'ma	0.472541835244	0.245143734566	0.113229901978	0.169084528212
-'ta	0.227355052151	0.317043120608	0.192940614682	0.262661212559
-iez	0.133352329392	0.0776463883744	0.0	0.789001282234
-vɨɨ	0.224137931034	0.620689655172	0.0	0.155172413793
-imo	0.0602510460251	0.92719665272	0.00753138075314	0.0050209205021
-ido	0.129829984544	0.590417310665	0.00927357032458	0.270479134467
-lla	0.12012012012	0.554054054054	0.303303303303	0.0225225225225
-obi	0.269825371182	0.49178207258	0.0320400033363	0.206352552901
-eco	0.107831352121	0.55826543787	0.0436311829393	0.290272027069
-obo	0.0432456003057	0.652877367643	0.00650047275086	0.2973765593
-rpo	0.0	1.0	0.0	0.0
-aúm	0.0	0.981132075472	0.0188679245283	0.0
-rpa	0.0628758884636	0.931656642974	0.00546746856205	0.0
-'bë	0.378889650225	0.266245328016	0.0840555643361	0.270809457423
-ꞌan	0.180165365238	0.668566840984	0.0596037078792	0.0916640858989
-llo	0.0312799835836	0.882200912887	0.0785327247417	0.00798637878731
-ꞌaj	0.416547627541	0.182523369141	0.0315182463492	0.369410756969
-ida	0.0207454750242	0.970872514865	0.0020955025277	0.0062865075831
-nza	0.451821162084	0.32965950001	0.106293115585	0.112226222321
-güe	0.31211750306	0.093023255814	0.514075887393	0.0807833537331
-rga	0.193271295634	0.785254115963	0.0	0.0214745884037
-bia	0.154838709677	0.83064516129	0.00967741935483	0.00483870967742
-güi	0.42183908046	0.424137931035	0.104597701149	0.0494252873563
-jrá	0.318805488297	0.221146085553	0.217917675545	0.242130750605
-ëja	0.134882455621	0.259227109656	0.214724278271	0.391166156452
-rúj	0.789563729684	0.0769888793841	0.0513259195894	0.082121471343
-ter	0.00486618004866	0.951338199513	0.0389294403893	0.00486618004866
-uta	0.176294141245	0.123864505443	0.0228870943923	0.676954258919
-rún	0.670303975059	0.0257209664848	0.116913484022	0.187061574435
-ute	0.221309973222	0.386350020967	0.108555059679	0.283784946133
-rin	0.465934065934	0.252747252747	0.191208791209	0.0901098901099
-rio	0.0270363975814	0.90486567601	0.0501863130106	0.0179116133977
-abë	0.0870960616547	0.854868138507	0.0319832327574	0.0260525670805
-uti	0.348031109025	0.52855867399	0.0459457732533	0.0774644437312
-rij	0.12719249453	0.630140542144	0.166833537286	0.0758334260392
-uto	0.577062806987	0.238468916209	0.165286133636	0.0191821431685
-rii	0.0472280595333	0.8933035811	0.0393206091987	0.0201477501679
-tea	0.0	1.0	0.0	0.0
-a'i	0.0548817460724	0.506772622487	0.033570792729	0.404774838711
-eꞌi	0.295150780239	0.285183074251	0.216646876402	0.203019269108
-a'o	0.168052509248	0.72522669984	0.0288080662585	0.0779127246537
-tee	0.372200867948	0.333688778673	0.094374870841	0.199735482538
-utu	0.140523249172	0.831200731178	0.0114246544042	0.0168513652462
-tej	0.0622330406845	0.386186307865	0.0134379309089	0.538142720542
-ëña	0.435164971868	0.233272217585	0.0452434751721	0.286319335375
-ten	0.503897174004	0.334104162746	0.0824931717575	0.0795054914927
-eꞌe	0.269610859272	0.261244426247	0.0892641314331	0.379880583048
-lux	0.0311647837943	0.879236462797	0.0779119594858	0.0116867939229
-are	0.177957072051	0.229585178645	0.0416499805952	0.550807768709
-e'e	0.192412039727	0.128612144635	0.0487155395501	0.630260276088
-jij	0.579242636746	0.312762973352	0.107994389902	0.0
-ara	0.16751252262	0.331825562426	0.0935765295067	0.407085385448
-mes	0.0	1.0	0.0	0.0
-jii	0.0522567551318	0.204305479456	0.0466855777891	0.696752187623
-e'o	0.199099390254	0.264420611798	0.245290816377	0.291189181571
-jcú	0.0	1.0	0.0	0.0
-eñë	0.560743007615	0.206272388679	0.0411595853202	0.191825018385
-aro	0.072824773664	0.805441996723	0.0137374004866	0.107995829127
-ari	0.176113596516	0.519039246728	0.0710094764366	0.23383768032
-rón	0.0104529616725	0.968641114983	0.0188153310104	0.00209059233449
-mee	0.197203965354	0.573301047195	0.173954668327	0.055540319124
-aru	0.166469675719	0.0803875192959	0.0208752652194	0.732267539766
-zɨj	0.178633975482	0.760070052539	0.0248686514886	0.0364273204904
-mea	0.0318567961164	0.864987864078	0.0227548543689	0.0804004854369
-mec	0.0	1.0	0.0	0.0
-zɨn	0.351148291876	0.290241109485	0.325784082957	0.0328265156817
-raj	0.38115051236	0.417978545073	0.0991747749911	0.101696167576
-meo	0.00511073253833	0.989778534923	0.00511073253833	0.0
-men	0.36832412523	0.480662983425	0.0699815837937	0.0810313075506
-mei	0.0	1.0	0.0	0.0
-mej	0.0638920108409	0.0565048169164	0.00286246735976	0.876740704883
-aye	0.267704540623	0.22955783125	0.0945463746067	0.408191253521
-tye	0.323643398874	0.312889134564	0.145309281127	0.218158185435
-aya	0.0645119217559	0.866029584141	0.0215458686632	0.0479126254399
-tya	0.337745236172	0.470162160755	0.103709814368	0.0883827887047
-jcá	0.296610169492	0.406779661017	0.14406779661	0.152542372881
-ayo	0.0453113775764	0.953030889098	0.0	0.00165773332597
-ero	0.216530054645	0.566256830601	0.137295081967	0.0799180327869
-'ro	0.0989900857898	0.539184083392	0.0280262311855	0.333799599633
-cáa	0.138888888889	0.704415954416	0.0925925925926	0.0641025641025
-mëi	0.334885386819	0.498567335244	0.0268624641834	0.139684813754
-xɨɨ	0.368930311977	0.297036747181	0.0320159368219	0.30201700402
-ilo	0.0969305331179	0.773828756058	0.0484652665589	0.0807754442649
-mëa	0.338436744561	0.539887187752	0.0725221595487	0.0491539081386
-bás	0.0076873798847	0.97597693786	0.0105701473415	0.00576553491351
-mor	0.0	0.965811965812	0.034188034188	0.0
-aɨj	0.0895983803284	0.118361631112	0.0622229679388	0.72981702062
-ëna	0.279894498065	0.184928264731	0.0345430589856	0.500634178218
-aɨn	0.111001112102	0.0584393547318	0.00530613435059	0.825253398816
-cre	0.234645669291	0.765354330709	0.0	0.0
-aón	0.0901826484018	0.844748858448	0.0433789954338	0.0216894977169
-sre	0.123349577665	0.492625971056	0.0144997441264	0.369524707153
-dás	0.0322868355334	0.949518373172	0.00107028184088	0.0171245094542
-xaa	0.528336574197	0.041088190606	0.00731981059527	0.423255424602
-dán	0.0113503473894	0.968150237325	0.00247643943042	0.0180229758547
-xad	0.0	1.0	0.0	0.0
-cáj	0.034188034188	0.965811965812	0.0	0.0
-ebë	0.0642697918736	0.386347083361	0.212584696197	0.336798428568
-xai	0.59504585327	0.205741626794	0.0952950558214	0.103917464115
-xaj	0.576071521439	0.257190121964	0.0353499171165	0.13138843948
-u'ë	0.166001596169	0.637669592977	0.136472466081	0.0598563447725
-xan	0.371365638767	0.493832599119	0.095154185022	0.0396475770925
-ëta	0.556802244039	0.273492286115	0.09396914446	0.0757363253857
-umu	0.139903918773	0.0874473862677	0.0113650032695	0.76128369169
-ota	0.442793118404	0.413792106405	0.0878993783433	0.0555153968483
-tán	0.0	0.966785290629	0.0166073546857	0.0166073546857
-ote	0.19691057322	0.564796547507	0.0561380129408	0.182154866331
-oan	0.146061537383	0.793276079763	0.0431376944739	0.01752468838
-oti	0.112781954887	0.759398496241	0.0375939849624	0.0902255639098
-'mi	0.213097713098	0.651767151767	0.0816008316008	0.0535343035343
-táa	0.52416918429	0.360271903323	0.0657099697885	0.0498489425982
-oto	0.0751808264157	0.559154874436	0.0234279739663	0.342236325182
-ume	0.527618652635	0.324632572125	0.0692086368231	0.0785401384173
-yén	0.673213737231	0.155945881914	0.0158921284516	0.154948252403
-ráj	0.428571428571	0.107142857143	0.369047619048	0.0952380952381
-ayë	0.537573517268	0.126526878349	0.0312792857058	0.304620318677
-ilu	0.0269108537605	0.0182966815998	0.0110229915822	0.943769473057
-yéj	0.539205025976	0.124924489549	0.0222302766703	0.313640207805
-yée	0.393691588785	0.0996884735202	0.035046728972	0.471573208723
-eví	0.0444851555447	0.923301455958	0.0128853553991	0.0193280330987
-saɨ	0.471730304419	0.365002132668	0.0616104010995	0.101657161814
-umi	0.0614358860504	0.714189573591	0.0507513841286	0.17362315623
-ráa	0.410351311823	0.393248365818	0.121183177626	0.0752171447333
-naj	0.129285385906	0.148876764053	0.040810037687	0.681027812354
ALL	0.231466401097	0.276977184119	0.0518017735286	0.439754641255
-íꞌi	0.620497209538	0.141552511416	0.00152207001522	0.236428209031
-nan	0.517416467124	0.349349440085	0.0651975429773	0.0680365498143
-nam	0.0	1.0	0.0	0.0
-háɨ	0.340262311309	0.334941846078	0.164563226924	0.160232615689
-naa	0.18455693015	0.267230692263	0.123624338005	0.424588039582
-omé	0.00819112627986	0.963139931741	0.00409556313994	0.0245733788396
-ëñu	0.221411192214	0.340632603406	0.14598540146	0.29197080292
-aús	0.0666666666667	0.906666666667	0.0266666666667	0.0
-aúl	0.212189616253	0.747178329571	0.0	0.0406320541761
-sij	0.177701934016	0.329237770193	0.260295790671	0.232764505119
-aún	0.782284768212	0.0811258278146	0.0496688741722	0.0869205298013
-ego	0.164662147387	0.434749860291	0.348591977063	0.0519960152586
-sio	0.0175438596491	0.973684210526	0.0	0.00877192982455
-sin	0.491245265832	0.301140332475	0.0567872686252	0.150827133067
-eba	0.232727058206	0.502998574388	0.11762019838	0.146654169026
-nas	0.0445134575569	0.951345755694	0.00207039337474	0.00207039337474
-sia	0.0150644423367	0.982982759583	0.0	0.00195279808068
-zia	0.0222072678331	0.967698519515	0.0100942126514	0.0
-ëñe	0.361794795094	0.353191743943	0.0481005085253	0.236912952438
-u'i	0.201762449678	0.633404127175	0.0782958759946	0.0865375471519
-nti	0.207424090671	0.15934342517	0.125710312044	0.507522172115
-ipɨ	0.380925507901	0.587330699774	0.0	0.0317437923251
-ëre	0.150772283671	0.191329089385	0.0319783016899	0.625920325254
-mos	0.0561497326203	0.94385026738	0.0	0.0
-tyá	0.578875745839	0.295090547472	0.0263791479117	0.0996545587773
-ɨpu	0.255813953488	0.186046511628	0.302325581395	0.255813953488
-ëra	0.386029411765	0.503676470588	0.0701871657754	0.0401069518716
-jca	0.401920218348	0.38509381793	0.117405060722	0.0955809030004
-cái	0.550468775701	0.334393332968	0.0460551565327	0.069082734799
-arë	0.238549887011	0.351556069327	0.239933932516	0.169960111146
-cán	0.474090407938	0.265711135612	0.114663726571	0.145534729879
-gog	0.102102102102	0.837837837838	0.0600600600601	0.0
-ëri	0.045521601686	0.495258166491	0.421285563751	0.0379346680716
-ɨpa	0.306345733042	0.628008752735	0.0656455142232	0.0
-aán	0.0	0.973214285714	0.0	0.0267857142857
-ɨpe	0.295011549216	0.255379503181	0.114884305223	0.33472464238
-yna	0.0	1.0	0.0	0.0
-gos	0.455223880597	0.111940298507	0.134328358209	0.298507462687
-mol	0.051724137931	0.896551724138	0.051724137931	0.0
-jcu	0.293561342143	0.530681867254	0.0855033035367	0.0902534870666
-yau	0.618562745183	0.156054662241	0.10269431392	0.122688278657
-eje	0.646992054484	0.267877412032	0.0510783200908	0.0340522133939
-con	0.106215649956	0.692436158261	0.0590593022196	0.142288889564
-ꞌen	0.372677347383	0.367212522484	0.0929010826746	0.167209047458
-ixu	0.0321346595256	0.956388676358	0.00765110941086	0.00382555470543
-ber	0.0	1.0	0.0	0.0
-lbi	0.101614086574	0.846294937638	0.0388848129127	0.013206162876
-huë	0.424578150451	0.228247624153	0.036301300546	0.310872924849
-eos	0.00845322412534	0.97332720543	0.0169885183878	0.00123105205709
-eor	0.0356083086053	0.964391691395	0.0	0.0
-bet	0.0111420612813	0.824512534819	0.0	0.1643454039
-cob	0.0	0.997585513078	0.0	0.00241448692153
-nta	0.121253244965	0.219197072213	0.0256100447323	0.63393963809
-u'e	0.330250414449	0.271791292208	0.0863798970421	0.3115783963
-ixa	0.639960029817	0.215206089064	0.0299709088174	0.114862972301
-yaa	0.103313084092	0.0526856455569	0.00762051813931	0.836380752211
-beo	0.103512439891	0.453592584849	0.204418426371	0.238476548888
-bel	0.0678763216704	0.90699109436	0.01302491578	0.0121076681899
-tɨn	0.480060492867	0.321642081636	0.0861352218537	0.112162203643
-ank	0.291666666667	0.388671875	0.1171875	0.202473958333
-yan	0.146021689968	0.0685227852235	0.00824932277879	0.77720620203
-rla	0.0620138742905	0.856001681732	0.0693714525962	0.0126129913811
-tɨj	0.135373426673	0.151610797777	0.035944316871	0.677071458678
-cos	0.0987629688747	0.890462889066	0.00957701516361	0.00119712689545
-yaj	0.0994737736463	0.0766199739733	0.00611438997085	0.81779186241
-uáa	0.468727534148	0.32854061826	0.0172537742631	0.185478073328
-áɨj	0.280224179343	0.432345876701	0.191353082466	0.0960768614892
-uaj	0.239316518557	0.629671981181	0.072856769472	0.0581547307893
-ren	0.381195678858	0.273169294685	0.105329557536	0.240305468921
-reo	0.0734005620764	0.842287981485	0.0753843610514	0.00892709538766
-isi	0.303425919552	0.39555268966	0.152765830359	0.14825556043
-nte	0.0954244000191	0.54935827091	0.109976621022	0.245240708049
-ise	0.0446952595937	0.933634311512	0.00270880361174	0.0189616252822
-rea	0.0205944643248	0.955743810706	0.00876360184036	0.0148981231286
-u'u	0.544247787611	0.225663716814	0.0176991150442	0.212389380531
-red	0.0	1.0	0.0	0.0
-ree	0.59979579354	0.237572285299	0.0688559709041	0.093775950257
-eve	0.659159319297	0.193934420594	0.0378834286883	0.10902283142
-uté	0.353254195661	0.401146131805	0.0736799017601	0.171919770774
-rey	0.0589406568732	0.85320440175	0.0342099410064	0.0536450003707
-stɨ	0.260144927536	0.429710144928	0.178260869565	0.131884057971
-eva	0.351285119368	0.382703792918	0.184342391958	0.0816686957567
-ëye	0.31100174672	0.454355019296	0.0730235325334	0.161619701451
-upa	0.366932685635	0.566909553551	0.0550543603979	0.0111034004164
-umí	0.394856278366	0.518910741301	0.0	0.0862329803328
-res	0.0434722605576	0.744548716533	0.0365719017389	0.17540712117
-isu	0.379746835443	0.101265822785	0.379746835443	0.139240506329
-utí	0.576086956522	0.260869565217	0.0326086956522	0.130434782609
-umé	0.27388019428	0.512682137075	0.00809498111171	0.205342687534
-evi	0.0876557837909	0.613964223889	0.119413875786	0.178966116534
-ret	0.0258146761214	0.966536530954	0.00286829734683	0.00478049557804
-upi	0.39661193361	0.435601080327	0.042614507207	0.125172478856
-avi	0.270848708487	0.592619926199	0.0789667896679	0.0575645756457
-hab	0.0182221881939	0.981777811806	0.0	0.0
-atí	0.102787211946	0.490919808011	0.193392651641	0.212900328403
-—ai	0.111600587371	0.0757709251101	0.0152716593245	0.797356828194
-—aj	0.614840989399	0.363957597173	0.0	0.0212014134276
-naí	0.0	1.0	0.0	0.0
-ame	0.30299666423	0.104201563967	0.132944842436	0.459856929367
-mas	0.112688172043	0.887311827957	0.0	0.0
-mar	0.513447432763	0.41075794621	0.0	0.0757946210268
-ave	0.260482003183	0.565546162136	0.133057434706	0.040914399974
-han	0.331895534558	0.403763951114	0.0663551086806	0.197985405647
-hao	0.287061566176	0.34409770054	0.191612800678	0.177227932606
-mai	0.0688209776465	0.119553377792	0.00306866269997	0.808556981861
-áxɨ	0.533707865169	0.23595505618	0.120786516854	0.109550561798
-ucɨ	0.111913357401	0.187725631769	0.115523465704	0.584837545126
-man	0.391990291262	0.342233009709	0.13713592233	0.128640776699
-maa	0.170785387002	0.219640841262	0.264104047888	0.345469723848
-—au	0.618243243243	0.22972972973	0.0709459459459	0.081081081081
-jui	0.605118829982	0.36928702011	0.0	0.0255941499086
-jun	0.112923462986	0.774153074028	0.0752823086575	0.0376411543288
-avu	0.0939203354298	0.870859538784	0.0352201257862	0.0
-'ne	0.448020769089	0.248484050026	0.0673497510223	0.236145429863
-uni	0.261849186252	0.491132912339	0.0255014880406	0.221516413367
-uuë	0.0	0.271604938272	0.506172839506	0.222222222222
-une	0.147575544624	0.653314593582	0.185055048021	0.0140548137737
-ɨmɨ	0.18497857855	0.345651499521	0.0827703743126	0.386599547617
-una	0.300606162948	0.36480941922	0.0657035126275	0.268880905204
-jua	1.0	0.0	0.0	0.0
-—mɨ	0.294905008636	0.334628670121	0.0453367875648	0.325129533679
-eij	0.405521965241	0.0952816778234	0.0541076372136	0.445088719722
-ëon	0.10784787773	0.700170286123	0.0536506401496	0.138331195997
-pta	0.0456571366453	0.954342863355	0.0	0.0
-joë	0.181040666179	0.242268780698	0.0875077704987	0.489182782624
-pto	0.00824068018312	0.939960758666	0.051013734467	0.000784826684106
-xuu	0.598518518519	0.0503703703704	0.0355555555556	0.315555555556
-tre	0.119205298013	0.344370860927	0.53642384106	0.0
-igo	0.197770688564	0.617453557926	0.0515857106261	0.133190042884
-gad	0.0	1.0	0.0	0.0
-tra	0.0270647621093	0.949880070168	0.0200479719328	0.00300719578992
-ncɨ	0.0744680851063	0.840425531915	0.0	0.0851063829787
-ada	0.083441981747	0.833116036506	0.0286831812256	0.0547588005215
-qué	0.650054810692	0.349945189308	0.0	0.0
-ado	0.048279701932	0.875700742119	0.0357101997544	0.0403093561943
-tro	0.0177105588665	0.448161475318	0.0250196783987	0.509108287417
-úbi	0.311111111111	0.496296296296	0.0444444444444	0.148148148148
-oco	0.101470760348	0.739000507159	0.0885265087973	0.071002223696
-gai	0.0	1.0	0.0	0.0
-adi	0.0	1.0	0.0	0.0
-tru	0.0168838517216	0.957796253571	0.00564756015775	0.0196723345495
-gau	0.0	1.0	0.0	0.0
-adu	0.662631411277	0.250398215992	0.0	0.0869703727302
-gar	0.050601750547	0.872128008753	0.0683807439825	0.00888949671773
-ian	0.242384435699	0.721079675097	0.0187135042268	0.0178223849778
-aat	0.0	1.0	0.0	0.0
-nyú	0.705882352941	0.0835913312693	0.0	0.210526315789
-ana	0.179490933347	0.46386372749	0.0393537826984	0.317291556464
-sni	0.0493605777991	0.486967217188	0.00683320357149	0.456839001441
-jtɨ	0.233000140786	0.481815195457	0.259843258717	0.0253414050401
-seo	0.0205237084218	0.965648647177	0.00419184495618	0.00963579944471
-ini	0.281340447616	0.111670035203	0.020209339399	0.586780177783
-sem	0.0	1.0	0.0	0.0
-lao	0.140186915888	0.785046728972	0.0	0.0747663551402
-́ɨn	0.596590909091	0.335227272727	0.0	0.0681818181818
-tzɨ	0.422454840697	0.375276411647	0.125421417686	0.0768473299711
-sei	0.0770758371183	0.338229221967	0.0593798541065	0.525315086809
-tuá	0.981481481481	0.0	0.0	0.0185185185185
-ina	0.251848124425	0.272299277022	0.0839110876526	0.3919415109
-uis	0.0	1.0	0.0	0.0
-aɨ́	0.332428765265	0.333785617368	0.211668928087	0.122116689281
-sec	0.0	1.0	0.0	0.0
-ine	0.133663366337	0.613861386139	0.193069306931	0.059405940594
-sea	0.00721153846154	0.992788461538	0.0	0.0
-pɨn	0.61320754717	0.38679245283	0.0	0.0
-uii	0.496658241841	0.198883991048	0.188920341276	0.115537425836
-eré	0.571376745873	0.333393796481	0.0	0.0952294576456
-erë	0.211781906387	0.304912932285	0.175701347453	0.307603813875
-uim	0.0	1.0	0.0	0.0
-uin	0.298689870943	0.272031025942	0.243612306088	0.185666797028
-auë	0.31914893617	0.255319148936	0.0	0.425531914894
-eñe	0.313890461937	0.300083596257	0.0728096432327	0.313216298573
-set	0.0	1.0	0.0	0.0
-ses	0.307934367274	0.438075972129	0.0449539222297	0.209035738368
-inu	0.00472440944883	0.995275590551	0.0	0.0
-raá	0.341463414634	0.59756097561	0.0121951219512	0.0487804878049
-cɨi	0.442684063374	0.438490214352	0.0	0.118825722274
-cɨj	0.581109837899	0.130256054891	0.131761159222	0.156872947988
-eda	0.0	0.645161290323	0.354838709677	0.0
-dón	0.000897531787584	0.998204936425	0.0	0.000897531787585
-ɨcɨ	0.497889009397	0.27864165546	0.0390402659189	0.184429069224
-són	0.00497594957705	0.96317797313	0.0159230386466	0.0159230386465
-yai	0.100097346256	0.797477462225	0.0584077538409	0.0440174376772
-ooj	0.154891304348	0.6875	0.157608695652	0.0
-bla	0.156660602385	0.534061047099	0.0	0.309278350515
-nes	0.0286582718194	0.963525835866	0.00781589231437	0.0
-rso	0.0	0.991459074733	0.00854092526689	0.0
-nen	0.452554104256	0.356872860886	0.146909523291	0.0436635115664
-neo	0.0472351681572	0.764831842801	0.101020279632	0.0869127094092
-toa	0.0836200052924	0.846696656964	0.0469259945312	0.0227573432125
-aan	0.254697811108	0.519688114323	0.0490465379498	0.176567536619
-nej	0.790517241379	0.118965517241	0.0724137931035	0.0181034482759
-bed	0.245255474452	0.754744525548	0.0	0.0
-ias	0.0474946568511	0.905188791261	0.0365115174543	0.0108050344336
-nei	0.227642276423	0.69918699187	0.0	0.0731707317073
-uyë	0.610356041024	0.204535979321	0.0650379387977	0.120070040857
-ooz	0.0260492040521	0.973950795948	0.0	0.0
-aon	0.294961624056	0.406335973505	0.0362744668548	0.262427935584
-áij	0.375782881002	0.400835073069	0.0250521920668	0.198329853862
-ban	0.117252181696	0.760349071381	0.0425151040501	0.0798836428731
-uní	0.55331931511	0.131270651847	0.109942925804	0.205467107239
-uun	0.0714754098361	0.855573770492	0.0650819672131	0.00786885245902
-ɨtɨ	0.179169924712	0.187689109614	0.361050575507	0.272090390167
-ëño	0.113655382275	0.162753898821	0.530102700647	0.193488018258
-ogu	0.0493399843904	0.93454138247	0.00933184023888	0.00678679290102
-aꞌu	0.176535473701	0.119528324406	0.0238707113645	0.680065490529
-urë	0.224623881165	0.548086078842	0.0399923824034	0.187297657589
-aꞌi	0.20261309296	0.568435325006	0.070192841624	0.15875874041
-imɨ	0.0627943485086	0.549022406165	0.388183245326	0.0
-rao	0.486772486773	0.433862433862	0.0	0.0793650793651
-nmi	0.154811715481	0.616108786611	0.229079497908	0.0
-bas	0.0	1.0	0.0	0.0
-job	0.0840630472855	0.873905429072	0.0	0.0420315236427
-aꞌa	0.260683794477	0.386094996866	0.0696037848098	0.283617423847
-ase	0.24429189053	0.50864838331	0.0665210315255	0.180538694635
-nya	0.147964683538	0.168420512294	0.0370874185103	0.646527385658
-que	0.305461893056	0.268229204463	0.0885563167171	0.337752585764
-asa	0.0362716410632	0.849579370885	0.0515626270015	0.0625863610502
-nye	0.463660629022	0.318982274955	0.0634712679014	0.153885828122
-qui	0.168985867869	0.128522895086	0.0144185702458	0.688072666799
-zoe	0.135824487888	0.283934477325	0.298696126474	0.281544908313
-huo	0.439735272273	0.294138232908	0.0516912565791	0.21443523824
-ída	0.0588235294118	0.941176470588	0.0	0.0
-zoa	0.0310302903875	0.62991815435	0.29684123378	0.0422103214829
-asi	0.319670280397	0.261821290283	0.0913904487196	0.327117980601
-año	0.107722439843	0.892277560157	0.0	0.0
-yei	0.244666619698	0.531809001692	0.159952845481	0.0635715331302
-ꞌin	0.394853679758	0.279675379593	0.229032809416	0.0964381312325
-yej	0.0943789679914	0.0879178965496	0.0215697177367	0.796133417722
-lto	0.498812351544	0.287410926366	0.178147268409	0.0356294536817
-gue	0.279222742524	0.143645145828	0.0799159323033	0.497216179344
-ꞌij	0.18341949601	0.170355931476	0.030159805194	0.61606476732
-yen	0.435283041333	0.243408641985	0.0961244420318	0.225183874651
-mbi	0.0853994490358	0.898071625344	0.00661157024795	0.0099173553719
-lta	0.0487804878049	0.926829268293	0.0243902439024	0.0
-nea	0.0377358490566	0.301886792453	0.660377358491	0.0
-yee	0.405524487487	0.132514817288	0.021494920312	0.440465774913
-zor	0.0	1.0	0.0	0.0
-uáj	0.236323851204	0.553610503282	0.210065645514	0.0
-iní	0.172225259705	0.63258611263	0.123018042646	0.0721705850191
-cbi	0.125574272588	0.825421133231	0.00306278713629	0.0459418070444
-utɨ	0.108528065526	0.18802698145	0.0224042399422	0.681040713081
-—tɨ	0.124350948707	0.0266899597224	0.000727907992431	0.848231183578
-ras	0.0958646616541	0.892857142857	0.00563909774436	0.00563909774436
-yën	0.104347826087	0.84347826087	0.0	0.0521739130435
-ran	0.532844369367	0.240514635833	0.0834470323532	0.143193962447
-eri	0.423235810211	0.219326253324	0.116362222402	0.241075714063
-ram	0.0	1.0	0.0	0.0
-uía	0.0130730821607	0.968769859283	0.00689968225148	0.0112573763051
-isa	0.0	1.0	0.0	0.0
-tɨ́	0.362090801267	0.330337065745	0.0554836004607	0.252088532528
-rai	0.433031027628	0.19259914375	0.0414137676054	0.332956061017
-era	0.305863517418	0.355676454546	0.0627387135237	0.275721314512
-uío	0.0	1.0	0.0	0.0
-uja	0.0374139263947	0.911885798529	0.00728142248431	0.0434188525916
-ere	0.315770931049	0.340695172428	0.0551755782799	0.288358318243
-raa	0.454122455019	0.312544039351	0.0630336095812	0.170299896048
-jëa	0.467797605934	0.388264669164	0.0308437981934	0.113093926709
-'co	0.225636643026	0.519670469241	0.119360710803	0.135332176929
-oza	0.444673358808	0.277646706483	0.073213625379	0.204466309331
-pos	0.0295670538543	0.926082365364	0.00633579725448	0.0380147835269
-nru	0.307305250487	0.37231667303	0.0842614824067	0.236116594076
-arɨ	0.287804878049	0.712195121951	0.0	0.0
-sáa	0.26	0.56	0.1	0.08
-jën	0.33437948443	0.214455269229	0.0572737003092	0.393891546032
-chu	0.131616296988	0.150336790483	0.0372614963356	0.680785416193
-rëi	0.0545712260808	0.66808410111	0.261752893929	0.0155917788803
-upe	0.582781456954	0.298013245033	0.119205298013	0.0
-ëca	0.13934379324	0.147607490251	0.0379231011781	0.675125615331
-—ee	0.031234256927	0.115365239295	0.0392947103274	0.814105793451
-rën	0.21463129687	0.320900341732	0.137644566713	0.326823794685
-áta	0.248015873016	0.10119047619	0.525793650794	0.125
-ugo	0.435233160622	0.507772020725	0.0	0.0569948186528
-uáu	0.455782312925	0.544217687075	0.0	0.0
-nre	0.176073260829	0.315749100245	0.0325071343468	0.475670504579
-aza	0.406812916592	0.336462608165	0.0736811391212	0.183043336122
-nra	0.140425531915	0.378723404255	0.417021276596	0.063829787234
-ëan	0.121369709107	0.746901337396	0.0567769493723	0.0749520041251
-lac	0.128440366972	0.871559633028	0.0	0.0
-nce	0.00877192982456	0.671600877193	0.0608552631579	0.258771929824
-lam	0.0210526315789	0.978947368421	0.0	0.0
-nor	0.0	1.0	0.0	0.0
-nos	0.132435465769	0.766554433221	0.0830527497194	0.0179573512907
-sji	0.617224880383	0.181818181818	0.0287081339713	0.172248803828
-aam	0.0505305709954	0.928246589186	0.0151591712986	0.00606366851945
-xɨj	0.0805740202075	0.0246067220442	0.027753273627	0.867065984121
-fos	0.00839160839161	0.991608391608	0.0	0.0
-xɨn	0.436944937833	0.372586070065	0.104130025902	0.0863389661999
-áca	0.291052114061	0.520157325467	0.135693215339	0.0530973451327
-las	0.00256876806165	0.955046558921	0.00770630418495	0.0346783688323
-noc	0.0463065049614	0.94046306505	0.013230429989	0.0
-́me	0.0645161290322	0.795698924731	0.0967741935484	0.0430107526882
-aac	0.00132978723404	0.994680851064	0.00398936170212	0.0
-yáu	0.698564593302	0.1004784689	0.0	0.200956937799
-aɨɨ	0.421621621622	0.545945945946	0.0324324324324	0.0
-—ya	0.756972111554	0.171314741036	0.0	0.0717131474104
-dro	0.026612249102	0.950740945784	0.00239471617463	0.0202520889392
-ëyo	0.869871581159	0.0874892524735	0.001579228384	0.041059937984
-fán	0.0	1.0	0.0	0.0
-nñu	0.722204318402	0.194650338382	0.0531743474057	0.0299709958105
-fás	0.0	0.988450074516	0.0115499254843	0.0
-epu	0.543307086614	0.362204724409	0.0944881889764	0.0
-yáa	0.476164030567	0.328572063266	0.0753065576684	0.119957348498
-doc	0.0	1.0	0.0	0.0
-pia	0.0	1.0	0.0	0.0
-ges	0.0516129032258	0.916129032258	0.0322580645161	0.0
-jté	0.744268077601	0.149911816579	0.026455026455	0.079365079365
-xúj	0.0142857142857	0.878571428572	0.107142857143	0.0
-jtá	0.313356164383	0.486301369863	0.0171232876713	0.183219178082
-sas	0.282070104606	0.577170122958	0.0311983850248	0.109561387411
-ión	0.00851490107688	0.961432506887	0.0300525920361	0.0
-itu	0.0222313381837	0.902236743864	0.0497015853786	0.0258303325739
-uxɨ	0.564334085779	0.357446585123	0.0157488582078	0.0624704708909
-ton	0.410951564509	0.495606515216	0.0328975567938	0.0605443634805
-stí	0.0292619042747	0.693125157735	0.268609275137	0.00900366285374
-ibo	0.546528803545	0.379615952733	0.0	0.0738552437223
-uje	0.569230769231	0.246153846154	0.0923076923077	0.0923076923077
-tos	0.169638033495	0.109670448406	0.0156672069152	0.705024311183
-olo	0.652173913043	0.260869565217	0.0434782608696	0.0434782608696
-saj	0.0205859924389	0.0126891548867	0.00606501511879	0.960659837556
-sus	0.324719253146	0.483831687187	0.144770667027	0.0466783926397
-mpu	0.0428571428572	0.814285714286	0.0571428571429	0.0857142857142
-sao	0.305843801202	0.338612779902	0.0160567995631	0.339486619334
-iba	0.0803571428571	0.848214285714	0.0580357142857	0.0133928571429
-sam	0.0	1.0	0.0	0.0
-oyë	0.391137541832	0.220509266234	0.0649221553082	0.323431036625
-ucú	0.314381270903	0.602006688963	0.0501672240803	0.0334448160535
-cuí	0.351966873706	0.356107660456	0.0144927536232	0.277432712215
-iem	0.0	1.0	0.0	0.0
-iel	0.0450079074953	0.930491820279	0.0231391459905	0.00136112623474
-loi	0.0582524271845	0.905339805825	0.00728155339806	0.0291262135922
-jxɨ	0.533929189276	0.326250550583	0.0535891504857	0.0862311096555
-háj	0.318646734854	0.389457120378	0.197482297404	0.0944138473643
-ápe	0.653427290199	0.301729660474	0.0448430493273	0.0
-loc	0.0280112044818	0.971988795518	0.0	0.0
-cuá	0.282882195959	0.670606176134	0.0350743423561	0.0114372855509
-eña	0.251165954756	0.325703900264	0.0565115153289	0.366618629651
-ꞌɨn	0.288907383041	0.313296957156	0.253646841375	0.144148818428
-eyë	0.389716317327	0.153600224021	0.0677530828426	0.388930375809
-váa	0.262180656726	0.218050366167	0.0642927088149	0.455476268292
-oca	0.281840843303	0.182061420678	0.0362633784609	0.499834357558
-ꞌɨj	0.141266069978	0.0509959672494	0.00532973903956	0.802408223733
-rom	0.0	1.0	0.0	0.0
-lot	0.0	0.996376427011	0.00362357298938	0.0
-píi	0.330275229358	0.498470948012	0.152905198777	0.0183486238532
-los	0.0191212367779	0.973555736371	0.00244100895036	0.00488201790074
-rdu	0.0271197697587	0.631945981846	0.340934248395	0.0
-ore	0.223740083964	0.456924593517	0.0638923959306	0.255442926588
-ipi	0.302000417448	0.521166978106	0.135594141396	0.041238463049
-ipo	0.0695652173913	0.92298136646	0.00745341614906	0.0
-'je	0.105010724897	0.462129791231	0.107308916985	0.325550566887
-sar	0.0513796384396	0.938629876308	0.00856327307326	0.00142721217888
-rej	0.372502877277	0.526079809339	0.053821688131	0.0475956252532
-iti	0.432575331002	0.464275567081	0.0585807344805	0.0445683674365
-s'ë	0.420224719101	0.0539325842697	0.161797752809	0.36404494382
-ipe	0.00191583115142	0.991953509164	0.0	0.00613065968453
-noé	0.00928792569659	0.990712074303	0.0	0.0
-ɨꞌi	0.39204508648	0.194986072423	0.0722290600505	0.340739781046
-zɨ́	0.342261904762	0.639880952381	0.0	0.0178571428571
-ɨni	0.466747714991	0.198943529016	0.0424770731278	0.291831682865
-rdo	0.0638453119299	0.753374680773	0.182780007297	0.0
-ɨpɨ	0.529805433366	0.354249304621	0.0654876016927	0.0504576603206
-íta	0.0	1.0	0.0	0.0
-'en	0.177322295873	0.42190793292	0.164340043376	0.236429727831
-ipu	0.0	0.867403314917	0.132596685083	0.0
-áɨɨ	0.204968944099	0.347826086957	0.409937888199	0.0372670807454
-'si	0.351192919311	0.230901188183	0.259495469327	0.158410423179
-nga	0.10411227154	0.633159268929	0.122389033943	0.140339425587
-nju	0.303571428571	0.464285714286	0.214285714286	0.0178571428571
-xna	0.375384615385	0.476923076923	0.0184615384615	0.129230769231
-oñu	0.403689562525	0.341506880456	0.077444519631	0.177359037387
-mpi	0.10134065238	0.822126042436	0.0290298743798	0.0475034308033
-uxa	0.503304270149	0.395906071146	0.0373533559419	0.0634363027635
-ɨne	0.497163486333	0.250128932439	0.00618875709131	0.246518824136
-maj	0.072955467848	0.0645726056765	0.00227989577358	0.860192030702
-jti	0.518743109151	0.386438809261	0.0551267916207	0.0396912899669
-́ca	0.569334147831	0.430665852169	0.0	0.0
-jte	0.357232989944	0.484221681233	0.0715753141638	0.0869700146594
-ixɨ	0.570466510779	0.313622360241	0.0424525058088	0.0734586231712
-acɨ	0.474522911307	0.0877240088772	0.00715671765871	0.430596362157
-jta	0.0581194866736	0.078888338304	0.012070603302	0.85092157172
-npo	0.158547387068	0.203720106289	0.554472984942	0.0832595217006
-oña	0.170681487349	0.609727461645	0.0511363196086	0.168454731397
-tɨɨ	0.609065582411	0.314697688427	0.029741736315	0.046494992847
-úꞌu	0.150214592275	0.815450643777	0.00858369098714	0.0257510729614
-'ñu	0.41018766756	0.412868632708	0.128686327078	0.0482573726542
-isɨ	0.350696235173	0.257864878804	0.0185662712739	0.37287261475
-ubë	0.0494916115526	0.240215278026	0.0426006195916	0.66769249083
-saú	0.0267857142857	0.914835164835	0.0288461538461	0.029532967033
-i'o	0.327935222672	0.181450128819	0.443135811557	0.0474788369526
-'ñe	0.332689535932	0.399952994728	0.099952880539	0.167404588801
-sto	0.0308718901292	0.868787050404	0.0102593722272	0.0900816872394
-úꞌa	0.843137254902	0.0588235294118	0.0980392156863	0.0
-sti	0.391916418821	0.371008218503	0.0988566836198	0.138218679056
-'ña	0.112702759638	0.74720876343	0.108489572362	0.0315989045713
-ibë	0.151419954763	0.548253329982	0.169012314652	0.131314400603
-áuu	0.308393900527	0.354246829129	0.120475274334	0.21688399601
-úꞌi	0.11914893617	0.131914893617	0.629787234043	0.11914893617
-sta	0.114703335614	0.392947056463	0.0459544662886	0.446395141635
-saí	0.0	1.0	0.0	0.0
-avɨ	0.292768729642	0.426319218241	0.26996742671	0.0109446254072
-cun	0.164353464884	0.551799050672	0.211869061575	0.0719784228691
-ain	0.0277437170276	0.174119407525	0.0195691278801	0.778567747568
-—aɨ	0.285249778303	0.315548329885	0.00443393437777	0.394767957434
-cuj	0.319898258658	0.383193112894	0.172666797104	0.124241831344
-cui	0.346987876788	0.255053886414	0.0191268085233	0.378831428275
-loé	0.0875	0.875	0.00625	0.03125
-haɨ	0.315768116595	0.474761319702	0.130725790998	0.0787447727043
-lón	0.0228013029316	0.854543412333	0.0	0.122655284735
-cue	0.313186561699	0.612721988283	0.0192237275723	0.054867722446
-ián	0.0507042253521	0.878873239437	0.0704225352113	0.0
-eyu	0.0109326437963	0.976791294314	0.00277948571092	0.00949657617897
-cua	0.109101857155	0.19317261742	0.0508249274003	0.646900598025
-ɨꞌɨ	0.285579124445	0.350599431187	0.143298303895	0.220523140473
-'ga	0.246266147152	0.269440488915	0.077471547426	0.406821816506
-nis	0.0	1.0	0.0	0.0
-tëa	0.129207752465	0.768786127168	0.0340020401224	0.0680040802448
-eyo	0.122448979592	0.30612244898	0.571428571428	0.0
-eya	0.0145365043665	0.977324794087	0.00526621864776	0.00287248289878
-tor	0.0786098469177	0.88829127017	0.00827472072817	0.0248241621845
-uca	0.219021370285	0.631712524282	0.0549867860185	0.0942793194151
-ngo	0.211690385709	0.485361659366	0.0998181264905	0.203129828435
-eye	0.37465749631	0.289332797967	0.0813823019431	0.25462740378
-eca	0.176544618612	0.106103306338	0.0052929242997	0.712059150751
-'go	0.164602280915	0.60295014553	0.100566635067	0.131880938488
-ibi	0.199152881758	0.290418038611	0.050141104571	0.46028797506
-ioj	0.0873308282903	0.838397974897	0.0223442068744	0.0519269899382
-rac	0.0	1.0	0.0	0.0
-mua	0.320442836344	0.268869022244	0.0709467704659	0.339741370946
-lem	0.151260504202	0.798319327731	0.0	0.0504201680672
-len	0.045918367347	0.862244897959	0.0918367346939	0.0
-éij	0.321950335476	0.525056736508	0.042571945187	0.110420982829
-lea	0.00178002808489	0.981289927019	0.0114712921026	0.00545875279365
