-u-u	0.339845788162	0.366398052061	0.131311960114	0.162444199664
-ufu	0.605658289869	0.333073011092	0.0268689742374	0.0343997248022
-oya	0.0433257685166	0.89478027646	0.0618939550238	0.0
-áwa	0.174890693317	0.715178013742	0.0424734540912	0.0674578388507
-ufe	0.349321470007	0.158313306439	0.08637841442	0.405986809134
-ufa	0.0859128930279	0.818770026234	0.0333695850046	0.0619474957333
-ufo	0.348371351588	0.602748035606	0.021654182008	0.0272264307983
-nti	0.00296003946719	0.964479526394	0.0	0.0325604341391
-kia	0.0127425994903	0.961772201529	0.0254851989806	0.0
-i-i	0.234826303711	0.292593178761	0.137295244124	0.335285273404
--10	0.0811737804878	0.890243902439	0.0285823170732	0.0
-opu	0.0139511523652	0.97135363381	0.0104168604327	0.00427835339199
-pao	0.0688336520076	0.888145315488	0.00860420650095	0.0344168260038
-opo	0.343748733834	0.499692436894	0.13613811241	0.0204207168615
-opa	0.378298824897	0.298550393024	0.077956841658	0.245193940421
-imu	0.147866661496	0.695774684297	0.0510165832978	0.105342070909
-oku	0.446587893759	0.404086015123	0.0311958081081	0.118130283009
-400	0.420624151968	0.232021709634	0.0651289009498	0.282225237449
-ima	0.33718892089	0.371692917614	0.0833774863109	0.207740675186
-oko	0.191366976073	0.198337915876	0.164473216333	0.445821891717
-oki	0.157412330985	0.234584950284	0.0334680592141	0.574534659516
-deu	0.172891541126	0.579476693235	0.135709218378	0.11192254726
-imi	0.388004707219	0.36808424299	0.0592257436189	0.184685306172
--hi	0.214674116355	0.618576755524	0.0983262336032	0.0684228945177
-oka	0.208875339511	0.253854268435	0.0490929726567	0.488177419397
-imo	0.283978384551	0.161852877433	0.0614705431625	0.492698194853
-ido	0.0606285199068	0.0391752066086	0.00826972949083	0.891926543994
-obi	0.620467580784	0.137117571624	0.0195882245177	0.222826623075
-obo	0.27801356666	0.147053771983	0.0380037602467	0.53692890111
-idi	0.127149171769	0.725528951325	0.111866819393	0.0354550575126
-oba	0.335139981424	0.228530979019	0.161045934884	0.275283104674
-ida	0.149566656241	0.398756974363	0.228829719613	0.222846649784
-álo	0.509345794393	0.46261682243	0.0280373831776	0.0
-bia	0.140121845083	0.849434290688	0.0104438642298	0.0
-100	0.0652509238496	0.17859253106	0.159643036991	0.596513508099
-uta	0.0477043394988	0.699604532799	0.223713844899	0.0289772828034
-teu	0.233076644891	0.425208110072	0.0725274798194	0.269187765218
-ute	0.19664348153	0.537693392236	0.0982131779302	0.167449948303
-uti	0.222333657914	0.188794208602	0.0733776984219	0.515494435062
-uto	0.370436018031	0.074040424528	0.0404408945116	0.515082662929
-tea	0.0445544554455	0.955445544554	0.0	0.0
-utu	0.725490196078	0.176470588235	0.0392156862745	0.0588235294118
-aku	0.192752208753	0.496173207315	0.0663139510993	0.244760632833
-meu	0.174067410721	0.157190848445	0.0568151061154	0.611926634718
-e'e	0.0266013288514	0.0151264059411	0.0118470618872	0.94642520332
-mea	0.0	1.0	0.0	0.0
-aya	0.0935889842238	0.0486218952457	0.0529413766756	0.804847743855
-ayo	0.278481012658	0.696202531646	0.0253164556962	0.0
-ubu	0.19453663518	0.670921623692	0.0809292826142	0.0536124585142
-ubo	0.290753868224	0.284436825986	0.0942765047668	0.330532801023
-uba	0.224906512074	0.307139900013	0.0870944319808	0.380859155932
-ube	0.396692527562	0.303593303389	0.120865659453	0.178848509596
-umu	0.335690656953	0.353453213625	0.0767212995439	0.234134829878
-ota	0.191637106061	0.600178373356	0.0406326890894	0.167551831494
-ote	0.189725329972	0.489781379949	0.0405528141111	0.279940475968
-oti	0.157234271015	0.293318284122	0.0248824304336	0.52456501443
-oto	0.152982106514	0.0558045191302	0.0158604297937	0.775352944562
-ume	0.221698113208	0.778301886792	0.0	0.0
-uma	0.168154739768	0.391819314239	0.146705964254	0.29331998174
-umo	0.330822217981	0.280727324527	0.0701354809824	0.31831497651
-umi	0.176225234619	0.645464025026	0.0500521376434	0.128258602711
-ako	0.290602561776	0.143519720367	0.0819746053625	0.483903112494
ALL	0.226577834658	0.278467829642	0.0534530908177	0.441501244882
-nai	0.030735930736	0.9329004329	0.0025974025974	0.0337662337662
-nao	0.0470814957962	0.55895162538	0.0439796560732	0.349987222751
-aki	0.0902375727115	0.182493716815	0.0440890469306	0.683179663543
--ha	0.342760658506	0.657239341494	0.0	0.0
-ake	0.238017508003	0.479186637487	0.187537303985	0.0952585505254
-aka	0.340782245362	0.247292945785	0.0315033328381	0.380421476015
-nae	0.545132631742	0.136554257476	0.0326073626784	0.285705748103
--hu	0.165935030729	0.614574187884	0.177348551361	0.0421422300263
-sia	0.00925975629395	0.977655805465	0.00986365344356	0.00322078479789
-ala	0.163721821354	0.499775347497	0.0483976590332	0.288105172116
-nau	0.176863417421	0.538149677195	0.119826953081	0.165159952304
-moi	0.284881221209	0.28213169542	0.0263029536627	0.406684129708
-yau	0.0925982311143	0.0613324258403	0.0163508421219	0.829718500924
-ofu	0.434056619732	0.390045919541	0.0395281026155	0.136369358112
-yae	0.518490845172	0.200233831045	0.0476609249891	0.233614398794
-ofo	0.312708896962	0.28518839831	0.0795278892642	0.322574815463
-ofi	0.155844155844	0.748917748918	0.0649350649351	0.030303030303
-yao	0.0	1.0	0.0	0.0
-ofe	0.334462045321	0.406435384463	0.0711291762583	0.187973393958
-yai	0.00937494768444	0.954576146338	0.0216516648903	0.0143972410868
-ofa	0.132919309599	0.173882917077	0.0776463495795	0.615551423745
-iso	0.011214953271	0.988785046729	0.0	0.0
-upu	0.0593952483801	0.780372570194	0.144033477322	0.0161987041037
-igu	0.232520041286	0.43619722708	0.119626697443	0.21165603419
-isi	0.0225628747719	0.857355969768	0.0847958676262	0.0352852878341
-isa	0.170715656704	0.58886756238	0.168782561009	0.0716342199068
-upa	0.151008612874	0.773487080689	0.0635341115141	0.011970194923
-hae	0.0821917808219	0.342465753425	0.575342465753	0.0
-hai	0.711301187142	0.15289449113	0.0692777110844	0.0665266106443
-mau	0.125359244235	0.60347396931	0.046934617613	0.224232168843
-mai	0.0278422273782	0.647331786543	0.324825986079	0.0
-hau	0.0	0.257900101937	0.428134556575	0.313965341488
-mae	0.381828157127	0.158556289824	0.0711102415803	0.388505311469
-uno	0.490958240119	0.279175988069	0.0398956002983	0.189970171514
-uni	0.380086889975	0.356151273774	0.079953861817	0.183807974433
-une	0.420198622845	0.23586091952	0.0640473755306	0.279893082105
-una	0.195486153207	0.620858828716	0.0361955702973	0.14745944778
-unu	0.13832425002	0.16000244885	0.0351205803645	0.666552720766
-666	0.294294294294	0.18018018018	0.0	0.525525525526
-gae	0.339005235602	0.416230366492	0.184554973822	0.0602094240837
-ade	0.149345551061	0.66028117707	0.0413914238252	0.148981848044
-500	0.242125984252	0.283464566929	0.0984251968504	0.375984251969
-ada	0.0128617363344	0.987138263666	0.0	0.0
-ado	0.383656523115	0.286940621669	0.04793435536	0.281468499855
-gai	0.0	1.0	0.0	0.0
-adi	0.262487738199	0.360585584175	0.108022739582	0.268903938044
-gau	0.124868359319	0.470454638677	0.0361535954339	0.36852340657
-adu	0.145083465084	0.11842186313	0.0453257499538	0.691168921832
-ini	0.174914972841	0.626765412319	0.0886408736503	0.109678741189
-ino	0.142456978595	0.0478669337326	0.00909271433425	0.800583373338
--mu	0.144247796081	0.698103816297	0.116527715295	0.0411206723268
-ina	0.150431739137	0.299348316722	0.0563327705616	0.493887173579
-ine	0.167805931676	0.391517110362	0.0317755681263	0.408901389836
-sea	0.0320610687023	0.946564885496	0.018320610687	0.0030534351145
--ma	0.344262295082	0.525614754098	0.0963114754098	0.0338114754098
-eda	0.0159316461348	0.588449387427	0.346301896238	0.0493170702007
-ede	0.381477229795	0.298497486123	0.0580516725275	0.261973611555
-fuo	0.629834254144	0.237569060773	0.0	0.132596685083
-iao	0.0563583815029	0.85838150289	0.0245664739884	0.0606936416185
-neu	0.270967338878	0.346958501064	0.0696420127699	0.312432147288
-edo	0.437101413081	0.109844594443	0.0308867933936	0.422167199082
-nei	0.137044269174	0.38212306453	0.436721542156	0.0441111241403
-bao	0.0351839653239	0.895690127672	0.00286620840856	0.0662596985956
-eka	0.128429791576	0.369564237937	0.158509652247	0.34349631824
-eke	0.135476764448	0.124443601759	0.700533600585	0.0395460332078
-eki	0.130143038883	0.284421926241	0.0305551907042	0.554879844172
-eko	0.14862770262	0.0353592570216	0.0178070043445	0.798206036014
-eku	0.37644799865	0.366446521638	0.0835566433862	0.173548836326
-bau	0.16533045514	0.356405468049	0.0140544863706	0.46420959044
-ase	0.131197775079	0.772107090534	0.036541315797	0.0601538185896
-asa	0.241558636515	0.669014915131	0.0336689505796	0.0557574977751
-aso	0.288925632293	0.556752071527	0.0900213394384	0.0643009567417
-iyo	0.298459575312	0.392273157955	0.0476805397512	0.261586726982
-asi	0.101966531732	0.405336465505	0.0132603969115	0.479436605852
-430	0.467268623025	0.0541760722348	0.0	0.47855530474
-iye	0.305173082654	0.148407218781	0.0424999415994	0.503919756965
-iwa	0.176977072965	0.541421826545	0.0462894983183	0.235311602172
-iwe	0.102595601051	0.825962548896	0.020227441665	0.0512144083882
-iwi	0.498399146211	0.386339381003	0.102454642476	0.0128068303095
-ugu	0.184108462336	0.494991474138	0.0267712059915	0.294128857535
-iya	0.325446328109	0.395194901708	0.0649870005545	0.214371769629
-uge	0.736244448581	0.146477674654	0.0586389383826	0.0586389383826
-uga	0.312667576606	0.325681233972	0.0685262977213	0.2931248917
-ugi	0.226439635358	0.461498312976	0.176828213598	0.135233838068
-áti	0.46875	0.364583333333	0.0	0.166666666667
-lae	0.344815245821	0.154543120473	0.041708560279	0.458933073426
-ika	0.151191276586	0.627156985508	0.0442753619805	0.177376375926
-iko	0.32617796157	0.362545930381	0.101809680927	0.209466427123
-lao	0.0174743804352	0.827297595231	0.0771649042583	0.0780631200751
-lai	0.123529411765	0.347058823529	0.494117647059	0.0352941176471
-iki	0.280107473174	0.420816409918	0.144221405311	0.154854711597
-lau	0.136809202098	0.376123950979	0.0340738214843	0.452993025439
-iku	0.216782924835	0.712087950319	0.0195174561205	0.0516116687251
-fou	0.620667016807	0.158697854142	0.0295430672269	0.191092061825
--no	0.655043254764	0.239405717151	0.0358889167502	0.0696621113341
-sau	0.0460151802656	0.526091081594	0.401328273245	0.0265654648956
-efe	0.326109089138	0.226690907612	0.164085161566	0.283114841685
-olu	0.21376764327	0.0410239001048	0.0115921070488	0.733616349577
-oli	0.351595804417	0.296939146319	0.0360463569054	0.315418692359
-ibo	0.308565314009	0.230822211916	0.0725905000741	0.388021974001
-ibi	0.282536791491	0.486237796882	0.0880810141338	0.143144397494
-olo	0.246059896048	0.502792977979	0.020149240216	0.230997885757
-ola	0.136345794472	0.489479574706	0.128505914269	0.245668716553
-ole	0.091223800118	0.856102150286	0.0173539406308	0.0353201089653
-efa	0.0696788555954	0.223869013945	0.0412573382421	0.665194792218
-loi	0.175552839799	0.670624336548	0.145794492565	0.00802833108836
-loe	0.0833333333333	0.875	0.0	0.0416666666667
-ámu	0.0	0.72641509434	0.27358490566	0.0
-ámo	0.444948891792	0.285409859198	0.121774048991	0.147867200019
-ime	0.239815526518	0.739431206764	0.0115295926211	0.00922367409685
-lou	0.150289017341	0.710982658959	0.0346820809249	0.104046242775
-ipi	0.262986686006	0.670821488486	0.0168823328485	0.0493094926597
-ipo	0.990249564243	0.00975043575671	0.0	0.0
-ipa	0.109433143762	0.725067677199	0.0605158676647	0.104983311374
-ipe	0.1	0.78	0.06	0.0599999999999
-ewe	0.532112737272	0.226080524235	0.143429092034	0.098377646459
-ewa	0.105669658794	0.320698156211	0.0179005122823	0.555731672713
-ipu	0.0396386301562	0.837103438616	0.0858603543666	0.0373975768611
-awa	0.199053580486	0.320566695037	0.0621309845129	0.418248739964
-awe	0.0665196756231	0.363142618683	0.505499707264	0.0648379984304
-276	0.0	0.328767123288	0.0	0.671232876712
-sto	0.00253135808544	0.996013702454	0.000946302088016	0.000508637372308
-fae	0.743206022769	0.201707675358	0.0110172603746	0.0440690414983
--wi	0.0869827903596	0.712042972179	0.0350234591094	0.165950778352
-eya	0.0843172615604	0.768740004764	0.026877224024	0.120065509652
-200	0.113296280462	0.528858486533	0.0619923044036	0.295852928602
-eye	0.590877527992	0.153589098169	0.0647223909961	0.190810982843
--wa	0.533643978477	0.222166749875	0.0543629000943	0.189826371554
-ide	0.0615194054501	0.824525185797	0.0231213872832	0.0908340214699
-lea	0.0	1.0	0.0	0.0
-ibe	0.135256988278	0.736699729486	0.117222723174	0.0108205590622
-obe	0.403673339689	0.384988878297	0.109056244042	0.102281537973
-leu	0.371124031008	0.613372093023	0.00387596899224	0.0116279069767
-ifa	0.257904577837	0.226467768658	0.0705334546995	0.445094198806
-ife	0.568015573605	0.204743799339	0.0485588903125	0.178681736744
-ifi	0.546362271012	0.248456011179	0.018640821954	0.186540895855
-alu	0.34869310891	0.219433622726	0.133405777834	0.29846749053
-ifo	0.141730492151	0.621957230606	0.0447410328353	0.191571244407
-alo	0.246871890801	0.276406187121	0.0748880085374	0.401833913541
-ifu	0.163909014791	0.0940327608631	0.073541658681	0.668516565665
-ali	0.193893421829	0.730367296852	0.0612204316008	0.0145188497181
-ale	0.26881977396	0.58603522843	0.0553910702148	0.0897539273947
-gia	0.0	0.920930232558	0.0697674418605	0.00930232558139
-áno	0.263263263263	0.43043043043	0.042042042042	0.264264264264
-120	0.0512820512821	0.410256410256	0.0	0.538461538462
-fau	0.598885793872	0.350974930362	0.033426183844	0.016713091922
-you	0.10310080889	0.678917897915	0.136203237929	0.0817780552668
-yoi	0.423722546772	0.325741329587	0.144790357169	0.105745766472
-ogu	0.178207244829	0.583131009032	0.168738467515	0.0699232786249
-elu	0.000651395071111	0.036912387363	0.0	0.962436217566
-ogi	0.15382141408	0.277539538363	0.0499872840974	0.518651763459
-153	0.0	0.258373205742	0.0574162679426	0.684210526316
-eli	0.0363605116934	0.929882896262	0.0213235770687	0.0124330149755
-elo	0.28105771402	0.290624582654	0.0699653087007	0.358352394625
-ogo	0.58435241801	0.0989438576987	0.00500277932185	0.311700944969
-oga	0.694910843506	0.0822959984088	0.00778033544513	0.21501282264
-ela	0.190791276563	0.6381575908	0.063970284832	0.107080847805
-oge	0.425631114167	0.306497290432	0.0659510327071	0.201920562694
-ele	0.207960575679	0.334681757555	0.108019665948	0.349338000819
-itu	0.0327868852459	0.819672131148	0.0	0.147540983607
-esu	0.00590232312434	0.844552545906	0.00256205471781	0.146983076252
-ito	0.309501036124	0.0987344898884	0.0322518253658	0.559512648622
-esi	0.0447599240438	0.937155258161	0.0144678542364	0.00361696355909
-iti	0.30343152864	0.142055461758	0.0327728865887	0.521740123013
-esa	0.150032613147	0.142587832949	0.0694364642494	0.637943089655
-ite	0.0686639913109	0.771576322729	0.0570919717678	0.102667714193
-ese	0.0501407840589	0.936502779583	0.00433181719731	0.00902461916107
-ita	0.192007993431	0.660612446813	0.0200219828269	0.127357576929
-udu	0.230360307147	0.265209686946	0.353219137626	0.151210868281
-fai	0.0125599074533	0.953396132871	0.0152040984961	0.01883986118
-fao	0.569574247144	0.26220145379	0.0581516095535	0.110072689512
-uda	0.0227839395815	0.786295758521	0.145661095921	0.0452592059764
-ude	0.226232218043	0.409719702889	0.0437727705175	0.320275308551
-udi	0.12594793851	0.639532855192	0.0931572462973	0.141361960001
-udo	0.252178093618	0.271139972599	0.0133880010541	0.463293932728
-abu	0.390152461884	0.557360659835	0.0209947513122	0.0314921269682
-abe	0.574297952259	0.261384177711	0.0591954127284	0.105122457302
-aba	0.130047718766	0.337572464137	0.164940986361	0.367438830736
-abo	0.302421718677	0.221648590218	0.0759049891798	0.400024701926
-abi	0.130978352007	0.171171247826	0.60937568443	0.0884747157368
-koi	0.01717872481	0.0991080277502	0.0706970597952	0.813016187645
-ael	0.353333333333	0.646666666667	0.0	0.0
-omu	0.263271608984	0.18532874559	0.162005508676	0.38939413675
-omi	0.477205062224	0.283381490622	0.0751253699622	0.164288077192
-lio	0.00485436893204	0.980582524272	0.0	0.0145631067961
-omo	0.299354149567	0.203323441454	0.0476495565234	0.449672852455
-oma	0.409040676245	0.28176735794	0.100429362576	0.20876260324
-lia	0.0051145803298	0.95463813486	0.0188278343013	0.0214194505087
-ome	0.0128479657388	0.946038543897	0.041113490364	0.0
-odu	0.542510121458	0.404858299595	0.0485829959514	0.00404858299595
--au	0.710637019231	0.175480769231	0.0306490384615	0.083233173077
-144	0.155367231638	0.0677966101695	0.0	0.776836158192
--ai	0.427206181375	0.47875152501	0.0757421716144	0.0183001220008
-oda	0.549119411191	0.0334941314893	0.00945783755986	0.40792861976
-odi	0.458233890215	0.295942720764	0.202863961814	0.0429594272076
-odo	0.322092013486	0.333016630085	0.0427856999989	0.30210565643
-pai	0.0188949327226	0.977669624964	0.0	0.00343544231319
-wau	0.262059008135	0.30357859324	0.0115882753587	0.422774123266
-apa	0.53659615423	0.295118196898	0.115449297527	0.052836351344
-ape	0.661728395062	0.234074074074	0.0197530864198	0.0844444444444
-api	0.395816684712	0.525487346063	0.0214382537425	0.0572577154818
-wae	0.419444007029	0.184911163221	0.0413233001186	0.354321529632
-iba	0.531468531469	0.382117882118	0.027972027972	0.0584415584416
-apu	0.145612719547	0.853091793624	0.000777292097225	0.000518194731482
-wao	0.588600101483	0.247899870328	0.0160681062186	0.147431921971
-pau	0.322314049587	0.223140495868	0.429752066116	0.0247933884298
-wai	0.190522153377	0.252451972476	0.0347168166392	0.522309057508
-kei	0.21937496032	0.649800012698	0.0449971430385	0.0858278839439
-1/2	0.0	0.575962759204	0.0152348709268	0.408802369869
-dia	0.00398671096345	0.990697674419	0.00354374307863	0.00177187153931
--tu	0.0947119179163	0.0489344909235	0.0	0.85635359116
-uku	0.345566916189	0.48748051911	0.126414482013	0.0405380826881
-afu	0.0997433678494	0.815239772015	0.0359285010892	0.0490883590463
-afi	0.0430107526882	0.688172043011	0.225806451613	0.0430107526882
-uka	0.255689459327	0.61551998681	0.0366699650111	0.0921205888522
-uke	0.0234482758621	0.976551724138	0.0	0.0
-afo	0.0936701061161	0.582326242574	0.0192491764867	0.304754474823
-afa	0.261798587244	0.286891288317	0.0437590991035	0.407551025335
-uki	0.0260545643323	0.150205808581	0.131146248406	0.692593378681
-uko	0.429939971878	0.165205283118	0.0461347011448	0.358720043859
-afe	0.314057262881	0.245275643681	0.0561216340801	0.384545459358
-tiu	0.00775193798451	0.992248062015	0.0	0.0
--fo	0.00846859562458	0.0317572335921	0.0127028934368	0.947071277346
--fi	0.286200659645	0.401000106394	0.174131999858	0.138667234103
--fe	0.353426203783	0.250447374942	0.257206177904	0.138920243372
-efo	0.0570172245482	0.752887841164	0.0477927852046	0.142302149083
-efu	0.752663622527	0.203196347032	0.0334855403349	0.0106544901065
-eta	0.270525012945	0.235312606741	0.0284478342805	0.465714546034
-tia	0.0384615384615	0.961538461539	0.0	0.0
--fu	0.316944024206	0.228366111952	0.337821482602	0.116868381241
-eme	0.223807599843	0.680654174256	0.0434264663185	0.0521117595821
-uwe	0.443102516105	0.342877048576	0.133293429014	0.0807270063045
-ema	0.209035920592	0.283728533433	0.0732971748573	0.433938371117
-uwa	0.29319755807	0.548269036267	0.0924937484265	0.0660396572364
-uwo	0.306857520895	0.497193700927	0.0132882379174	0.182660540261
-emo	0.157243135077	0.0659951101533	0.00976432989571	0.766997424874
-emi	0.012663571127	0.971295905445	0.00759814267625	0.00844238075137
-260	0.0850701829009	0.0850701829009	0.0510421097405	0.778817524458
-emu	0.0407393539487	0.776032729261	0.0132402900333	0.169987626757
-dae	0.291488152083	0.125760478173	0.0297618454369	0.552989524307
-etu	0.892857142857	0.0	0.0	0.107142857143
-000	0.154488235771	0.256891731273	0.0156473702693	0.572972662687
--di	0.231281198003	0.412645590682	0.209650582363	0.146422628952
-o-o	0.251430591591	0.314879950147	0.0340345978465	0.399654860416
-ete	0.0947307837831	0.843480458609	0.0275747944847	0.0342139631227
-eti	0.303772691241	0.156687470133	0.00891120977919	0.530628628847
-eto	0.367820777622	0.105055308864	0.0270270426829	0.50009687083
-300	0.244215938303	0.439588688946	0.0694087403599	0.246786632391
-ate	0.0731879786492	0.22419481127	0.0201910201676	0.682426189914
-ata	0.152315449865	0.635525848223	0.0243035273446	0.187855174567
-ato	0.36943035467	0.170198062572	0.0360580739803	0.424313508778
-ati	0.220744109672	0.411855362721	0.0634402562308	0.303960271376
-kai	0.480615384615	0.192615384615	0.192	0.134769230769
-edi	0.573605511386	0.180815654948	0.021870329201	0.223708504465
-osa	0.114362218169	0.20188986767	0.386025845008	0.297722069153
-ulo	0.249287090583	0.0555002550367	0.0372784203169	0.657934234064
--pi	0.307704603581	0.36844629156	0.247362531969	0.07648657289
-oso	0.0119047619048	0.763888888889	0.224206349206	0.0
-ula	0.239384509805	0.535692619107	0.114624592876	0.110298278212
-osi	0.0351907885534	0.938158446894	0.0125891733109	0.0140615912421
-kae	0.210151161362	0.381836057515	0.323214944083	0.0847978370406
-ule	0.302532647408	0.44301543332	0.0352196280174	0.219232291255
-nia	0.0126308403017	0.951815683293	0.0287117712415	0.00684170516344
-kau	0.0768166525171	0.725006036301	0.0302795853025	0.167897725879
-ulu	0.343433724019	0.484198001438	0.0650584146523	0.10730985989
-ádo	0.418745275888	0.124716553288	0.251700680272	0.204837490552
-fia	0.0	1.0	0.0	0.0
--ku	0.269639616282	0.691470054447	0.0388903292714	0.0
--ki	0.316810753679	0.462180546898	0.0991896799372	0.121819019486
-ile	0.0808808231296	0.868267022679	0.0337433944249	0.0171087597661
--ko	0.587191029554	0.201735397212	0.0451058356807	0.165967737553
-ila	0.277506620956	0.462917538822	0.0556334201219	0.2039424201
-ilo	0.37651170375	0.263192424546	0.0907598128602	0.269536058844
--ka	0.34188034188	0.65811965812	0.0	0.0
-ili	0.296623337902	0.441301298936	0.0845546365957	0.177520726566
-iga	0.180572194082	0.176352155558	0.128297138503	0.514778511857
-ige	0.0883327199117	0.656974604343	0.195068089805	0.0596245859404
-ebo	0.580906636018	0.0243954736627	0.00691096422938	0.38778692609
-eba	0.191406414263	0.484226543955	0.0254109470317	0.29895609475
-igi	0.241046292584	0.522683513197	0.0974470741092	0.13882312011
-amu	0.0988454525675	0.218643054727	0.0204641772502	0.662047315455
-ebe	0.171127331711	0.813057583131	0.0109489051095	0.00486618004866
-ami	0.331967944179	0.23490088681	0.0740963113258	0.359034857686
-amo	0.231821126899	0.167430807104	0.0470020317447	0.553746034252
-ama	0.25462074964	0.195370808827	0.0586810289885	0.491327412545
--bi	0.34942402633	0.462249040044	0.0418979703785	0.146428963247
-ame	0.171050015211	0.552352902187	0.214615542802	0.0619815398002
-usi	0.0259448871616	0.959182307091	0.00788638621339	0.00698641953395
-usa	0.185419343753	0.727441502555	0.0514467471536	0.0356924065386
-use	0.349899511203	0.641168151254	0.0029774458477	0.00595489169541
-uli	0.322010998243	0.182107834058	0.0567762692063	0.439104898492
-noi	0.739089140104	0.163338584136	0.0320839510749	0.0654883246849
-epe	0.031766964684	0.848224502065	0.101545681981	0.0184628512693
-epa	0.494489516894	0.427439031103	0.0299599081476	0.0481115438556
-pia	0.0	0.681632653061	0.318367346939	0.0
--50	0.0378548895899	0.375394321767	0.0	0.586750788644
-owo	0.207895225056	0.658908979409	0.0428734864114	0.0903223091234
-owa	0.185324562783	0.217383670066	0.329865936197	0.267425830954
-owe	0.471332264124	0.132408402471	0.0327583243609	0.363501009045
-agu	0.208667598009	0.26666321704	0.0461883011226	0.478480883829
-agi	0.109875688567	0.25196281654	0.0488291286694	0.589332366223
-ago	0.485714285714	0.514285714286	0.0	0.0
-aga	0.0544681139846	0.629650256531	0.236392486822	0.0794891426617
--li	0.221968129515	0.530037387927	0.0321850762883	0.21580940627
--lo	0.483425815161	0.213382727953	0.039035083529	0.264156373357
-age	0.179797811012	0.707243712925	0.0668393349487	0.0461191411145
-ege	0.277733418814	0.486089212733	0.0230074313062	0.213169937147
-one	0.240314718131	0.191026123794	0.0564093193337	0.512249838741
-anu	0.24539807381	0.42297914907	0.0244593514847	0.307163425635
-ega	0.148483249919	0.477179667909	0.0460810085956	0.328256073576
-ona	0.320449472596	0.255644638038	0.0619499547468	0.361955934619
-ono	0.154277158955	0.475483887845	0.0263424462707	0.34389650693
--ge	0.259493670886	0.23417721519	0.487341772152	0.0189873417722
-egi	0.265969607513	0.305198790718	0.0565113973999	0.37232020437
-oni	0.206122981705	0.591791556577	0.034573476949	0.167511984769
-450	0.126984126984	0.349206349206	0.031746031746	0.492063492063
-ana	0.12847747433	0.246096128841	0.0868472812442	0.538579115585
-egu	0.15862743466	0.461500342624	0.0485218795127	0.331350343204
-onu	0.360069494495	0.137838556264	0.0507782305334	0.451313718707
-ane	0.259918652832	0.317771340368	0.0440599057681	0.378250101032
-ani	0.158899520048	0.556944833476	0.134347808028	0.149807838448
-ank	0.240854039206	0.241103758272	0.0797852416032	0.438256960919
-ano	0.630723033712	0.199940819169	0.0210130007536	0.148323146365
-tao	0.0230773772621	0.837844300771	0.0231747999882	0.115903521979
-eyo	0.364027421091	0.332832323875	0.171795226073	0.131345028961
-tae	0.46617345342	0.314473691792	0.0808590068923	0.138493847895
-tau	0.571241830065	0.381699346405	0.0470588235294	0.0
-mia	0.0	0.951807228916	0.0	0.0481927710843
-enu	0.39928310759	0.17411190513	0.0420781919444	0.384526795335
-eno	0.090216243515	0.843166062164	0.0117074514485	0.0549102428722
-miu	0.0	0.989821882952	0.0	0.0101781170483
-eni	0.119715894662	0.325943592576	0.0654709388932	0.488869573868
-ene	0.233041784588	0.626135173063	0.0422063529566	0.0986166893929
-ena	0.0695302058165	0.3357315325	0.0264109187395	0.568327342944
