-eus	0.0678500986193	0.870611439842	0.00473372781065	0.0568047337278
-iva	0.0606060606061	0.909090909091	0.0	0.030303030303
-ive	0.123486682809	0.876513317191	0.0	0.0
-rbe	0.0572687224669	0.942731277533	0.0	0.0
-lel	0.0	1.0	0.0	0.0
-lem	0.025572808949	0.953888700487	0.00300912768732	0.0175293628769
-aus	0.315789473684	0.621052631579	0.0	0.0631578947368
-ufi	0.475719088532	0.333395592081	0.099364960777	0.0915203586103
-pus	0.0110395584177	0.988960441582	0.0	0.0
-kia	0.0	1.0	0.0	0.0
-apa	0.0984703632888	0.759082217973	0.0650095602295	0.0774378585087
-ute	0.402118147669	0.351339398153	0.14446379294	0.102078661238
-pra	0.201735357918	0.629067245119	0.1431670282	0.0260303687636
-hem	0.0259220856169	0.945193304696	0.00888757221152	0.0199970374759
-opu	0.476765799257	0.37875971612	0.0577897938493	0.0866846907739
-opo	0.118312284982	0.134770442042	0.204538101531	0.542379171444
-opi	0.27747674822	0.566178778518	0.104884938794	0.0514595344688
-opa	0.0234423195558	0.967921036397	0.00740283775447	0.00123380629241
-oku	0.660574412533	0.339425587467	0.0	0.0
-dek	0.0445165777881	0.919545559935	0.0261998608857	0.00973800139115
-400	0.481042654029	0.201421800948	0.0	0.317535545024
-der	0.0479452054795	0.952054794521	0.0	0.0
-ime	0.0536205564878	0.876370361975	0.020826746591	0.0491823349465
-let	0.0	0.911246643303	0.066565017523	0.0221883391744
-ide	0.267857142857	0.214285714286	0.321428571429	0.196428571429
-ida	0.0338983050847	0.949152542373	0.00188323917137	0.015065913371
-bia	0.040490797546	0.922699386503	0.0147239263804	0.0220858895705
-:34	0.225490196078	0.509803921569	0.176470588235	0.0882352941177
-ter	0.036036036036	0.927927927928	0.036036036036	0.0
-uta	0.0	1.0	0.0	0.0
-ria	0.0373319739897	0.842163355408	0.0269369932804	0.0935676773215
-rin	0.191459074733	0.71047280122	0.017793594306	0.0802745297408
-ril	0.0	1.0	0.0	0.0
-uti	0.409745293466	0.307198228128	0.0978959025471	0.185160575858
-rik	0.0283937263386	0.550297458085	0.395619253651	0.0256895619254
-a'u	0.525623548268	0.109064181672	0.0739916635015	0.291320606559
-ras	0.0732142857143	0.878571428571	0.0	0.0482142857143
-tea	0.0549682875264	0.938689217759	0.0	0.00634249471459
-a'i	0.276967219535	0.154524227686	0.0444650627167	0.524043490063
-a'o	0.2779461557	0.663872579479	0.0422029750054	0.0159782898157
-ris	0.0366972477064	0.963302752294	0.0	0.0
-utu	0.0963995354239	0.515679442509	0.232288037166	0.155632984901
-tei	0.250869868969	0.423874468567	0.129686926053	0.195568736411
-a'e	0.0177433154885	0.0162171129001	0.00842483118479	0.957614740427
-are	0.21274359633	0.598199502484	0.109126677824	0.0799302233625
-e'e	0.249358193091	0.240925011074	0.101865650172	0.407851145663
-ara	0.310216718266	0.567182662539	0.0297213622291	0.092879256966
-mes	0.109627547435	0.83977512298	0.0505973295854	0.0
-aro	0.193245639857	0.241341382033	0.305660346653	0.259752631456
-ari	0.169382939246	0.662758200754	0.0530960341855	0.114762825815
-e'i	0.297798167571	0.393342861707	0.195205859962	0.11365311076
-aru	0.126252283343	0.438271425492	0.227776288679	0.207700002486
-luk	0.0115052732502	0.918504314478	0.0230105465005	0.0469798657718
-mea	0.0	0.966666666667	0.0333333333333	0.0
-lun	0.010803024847	0.978393950306	0.010803024847	0.0
-mel	0.0236638398874	0.921120533709	0.0492996664321	0.00591595997185
-men	0.0800711743772	0.884341637011	0.0	0.0355871886121
-mei	0.131707317073	0.868292682927	0.0	0.0
-mek	0.0	1.0	0.0	0.0
-aye	0.665997809208	0.196101354578	0.0568188742505	0.081081961963
-rai	0.286285451726	0.0973359812358	0.0140092467452	0.602369320293
-gok	0.0333333333333	0.933333333333	0.0333333333333	0.0
-tyu	0.0256288214403	0.959848179743	0.00256288214403	0.0119601166722
-gol	0.0	0.659283036436	0.340716963564	0.0
-ota	0.0	1.0	0.0	0.0
-ote	0.324184602952	0.281166117839	0.0396960911307	0.354953188079
-oti	0.465064321384	0.487554432179	0.00999787768837	0.0373833687478
-oto	0.23469946904	0.372390076148	0.190748823763	0.202161631049
-otu	0.168312176775	0.66337564645	0.151386929948	0.0169252468265
ALL	0.235169971125	0.285496710107	0.053484195794	0.425849122974
-nai	0.0647896336586	0.874420092785	0.00799872020477	0.0527915533515
-nan	0.0164744645799	0.835255354201	0.148270181219	0.0
-nam	0.0	1.0	0.0	0.0
-sis	0.0	1.0	0.0	0.0
-sip	0.0341049920082	0.918981607704	0.0329828536108	0.0139305466769
-kim	0.0	1.0	0.0	0.0
-kis	0.0119935697126	0.968697505554	0.00630384914112	0.013005075592
--23	0.8875	0.0375	0.0	0.075
-sin	0.110817941952	0.786279683377	0.0158311345646	0.0870712401055
-nas	0.0268714011516	0.934740882917	0.0191938579655	0.0191938579655
-sia	0.01989001989	0.968877968878	0.005967005967	0.00526500526501
-aks	0.0921052631579	0.907894736842	0.0	0.0
-nau	0.128487760432	0.775773138755	0.0156289973719	0.0801101034409
-mou	0.102287005486	0.769220825556	0.0667917978735	0.0617003710847
-mos	0.0134831460674	0.973033707865	0.0134831460674	0.0
-mor	0.0350877192982	0.929824561404	0.0350877192982	0.0
-gon	0.0	1.0	0.0	0.0
-god	0.0714536146628	0.795238754433	0.0819407231267	0.0513669077778
-gog	0.0333333333333	0.966666666667	0.0	0.0
--22	0.465449804433	0.247718383312	0.143415906128	0.143415906128
-lki	0.0	1.0	0.0	0.0
--24	0.323333333333	0.176666666667	0.4	0.1
-mon	0.0131999648001	0.977692059488	0.000293332551113	0.00881464316095
-yau	0.619828456105	0.369576185671	0.010595358224	0.0
-4-9	0.890586145648	0.0497335701599	0.0	0.0596802841918
-ber	0.0	1.0	0.0	0.0
-eor	0.0	1.0	0.0	0.0
-bet	0.0684326710817	0.83885209713	0.0353200883002	0.0573951434879
-ofo	0.398079441292	0.176778699258	0.380183326058	0.0449585333916
-ben	0.0	1.0	0.0	0.0
-bel	0.0489795918367	0.930983302412	0.0	0.0200371057514
-bea	0.0352526439483	0.753231492362	0.21151586369	0.0
-yai	0.188021346008	0.585037894762	0.124625018952	0.102315740278
-iso	0.210705016879	0.678420200207	0.0540909711788	0.0567838117353
-rei	0.250261278816	0.525313953926	0.171420507747	0.0530042595112
-isi	0.0489977426675	0.924192730661	0.021062512114	0.00574701455713
-ise	0.095128515536	0.835580118252	0.0496306823166	0.0196606838956
-isa	0.0	0.918746680828	0.0812533191715	0.0
-eve	0.127272727273	0.727272727273	0.109090909091	0.0363636363636
-eva	0.0	0.8125	0.0	0.1875
-res	0.0508474576272	0.93220338983	0.0169491525424	0.0
-isu	0.282480760525	0.681303757356	0.0	0.0362154821186
-evi	0.0	1.0	0.0	0.0
-ret	0.015401540154	0.970797079708	0.00540054005401	0.00840084008401
-reu	0.0	1.0	0.0	0.0
-jut	0.0377358490566	0.905660377358	0.0566037735849	0.0
-oas	0.0408602150538	0.959139784946	0.0	0.0
-mas	0.0415368639668	0.954309449637	0.0	0.00415368639668
-mar	0.0	1.0	0.0	0.0
-mau	0.0932504440497	0.706927175844	0.186500888099	0.0133214920071
-mat	0.0	1.0	0.0	0.0
-hap	0.0300751879699	0.954887218045	0.015037593985	0.0
-mak	0.0403587443946	0.940422805894	0.0	0.0192184497118
-has	0.0	1.0	0.0	0.0
-hau	0.387422796182	0.415496911847	0.162829870859	0.0342504211117
-mao	0.27397260274	0.691780821918	0.0	0.0342465753425
-man	0.0306613226453	0.693386773547	0.275951903808	0.0
--re	0.567731109529	0.122597376182	0.0688158920641	0.240855622224
-une	0.0394509326317	0.551016269134	0.026307718423	0.383225079811
-mfa	0.164383561644	0.835616438356	0.0	0.0
-pta	0.0	1.0	0.0	0.0
-nki	0.12095364682	0.862928968383	0.00293043359951	0.0131869511978
-tra	0.00328947368421	0.990131578947	0.00657894736841	0.0
-500	0.179347826087	0.0978260869565	0.326086956522	0.396739130435
-eon	0.120126448894	0.848261327713	0.0210748155954	0.0105374077977
-gai	0.0	1.0	0.0	0.0
-adi	0.0	1.0	0.0	0.0
-144	0.03515625	0.08203125	0.0	0.8828125
-gat	0.0	1.0	0.0	0.0
-gar	0.216630196936	0.757111597374	0.0262582056893	0.0
-ini	0.104088286933	0.865813895159	0.00902934537247	0.0210684725357
-sem	0.290909090909	0.636363636364	0.0	0.0727272727273
-sel	0.14720689502	0.767439792562	0.0461613650877	0.0391919473296
-sek	0.0	1.0	0.0	0.0
-sei	0.0253900735529	0.819095725936	0.155514200511	0.0
-ino	0.471041479389	0.386541672017	0.104661615513	0.0377552330807
-ina	0.037037037037	0.962962962963	0.0	0.0
-ine	0.258452251813	0.41067623378	0.10577032097	0.225101193436
-sea	0.0192307692308	0.942307692308	0.0288461538461	0.00961538461538
-nou	0.186649207518	0.348801047549	0.435360231334	0.029189513599
-oho	0.0990829644629	0.692085926409	0.192317281718	0.0165138274105
-ses	0.0371890152585	0.948487982416	0.00330140124529	0.0110216010804
-ser	0.0	1.0	0.0	0.0
-sep	0.0317800372969	0.944076902584	0.00699316224136	0.0171498978776
-yan	0.0384615384615	0.923076923077	0.0	0.0384615384615
-kus	0.0413393964448	0.935717238528	0.0124018189335	0.0105415460934
-iam	0.0	0.974025974026	0.0194805194805	0.00649350649351
-edi	0.00656814449918	0.993431855501	0.0	0.0
-nes	0.0769230769231	0.880341880342	0.034188034188	0.00854700854701
-iau	0.244821092279	0.29273906675	0.435237497384	0.0272023435865
-iyu	0.0768426876498	0.742822892973	0.10764123686	0.0726931825167
-nok	0.0416666666666	0.946428571429	0.0119047619048	0.0
-fus	0.0185185185185	0.962962962963	0.0185185185185	0.0
-ias	0.0435438265787	0.911215834119	0.0147031102733	0.0305372290292
-nei	0.145801556759	0.572751987003	0.0554529988758	0.225993457363
-kum	0.0175953079179	0.92082111437	0.0	0.0615835777126
-kul	0.505319148936	0.398936170213	0.095744680851	0.0
-eka	0.114845938375	0.806722689076	0.078431372549	0.0
-eke	0.730769230769	0.128205128205	0.102564102564	0.0384615384615
-bai	0.457831325301	0.361445783132	0.0	0.180722891566
-eki	0.0902255639098	0.66985645933	0.133287764867	0.106630211893
-jop	0.0	0.75	0.25	0.0
-hor	0.0	1.0	0.0	0.0
-hos	0.0702762751159	0.906902047913	0.0119542117465	0.0108674652241
-jon	0.0273349617536	0.943750896208	0.0116383423737	0.0172757996648
-4:4	0.794392523365	0.205607476635	0.0	0.0
-bat	0.0103430293197	0.943518947734	0.0136893035114	0.0324487194345
-bas	0.0353392714896	0.949308422044	0.00854515171266	0.00680715475415
-dru	0.00916030534351	0.987786259542	0.0	0.00305343511451
-ase	0.0786363055835	0.173670890793	0.0503521594408	0.697340644183
-asa	0.0361010830325	0.891696750903	0.0	0.072202166065
-iyo	0.0550733423907	0.131083574655	0.0151922992873	0.798650783667
-asi	0.186785552727	0.177999659858	0.214777004431	0.420437782984
-yei	0.410221651387	0.379892475791	0.0759315645812	0.133954308241
-asu	0.387755102041	0.273469387755	0.257142857143	0.0816326530612
-lta	0.0958904109589	0.904109589041	0.0	0.0
-yee	0.109090909091	0.890909090909	0.0	0.0
-dia	0.027031730415	0.962208066216	0.00590498965377	0.00485521371532
-430	0.357142857143	0.0285714285714	0.0	0.614285714286
-rau	0.509633682207	0.28731565176	0.10002378687	0.103026879163
-eru	0.0555555555555	0.944444444444	0.0	0.0
-ran	0.295698924731	0.650537634409	0.010752688172	0.0430107526882
-eri	0.212876760395	0.3347523425	0.0277559958928	0.424614901212
-iwa	0.312268959882	0.40386785478	0.0408576209191	0.243005564419
-ram	0.0786102825057	0.842779434989	0.024565713283	0.0540445692226
-rak	0.0379746835443	0.962025316456	0.0	0.0
-iwe	0.260850624925	0.482777757215	0.18928021494	0.0670914029193
-ero	0.270909175821	0.334308179826	0.212807945179	0.181974699174
-era	0.456847732	0.371320303048	0.0342710301239	0.137560934828
-ere	0.251687074342	0.22164651726	0.19660834529	0.330058063109
-pou	0.449503887649	0.0247717940781	0.00655258376924	0.519171734504
-pol	0.0349817561243	0.900333675074	0.00873986716675	0.0559447016346
-:22	0.427631578947	0.197368421053	0.276315789474	0.0986842105263
-:21	0.277777777778	0.37037037037	0.259259259259	0.0925925925926
-:20	0.642857142857	0.267857142857	0.0446428571429	0.0446428571429
-:27	0.763157894737	0.197368421053	0.0394736842105	0.0
-ike	0.0	1.0	0.0	0.0
-ika	0.0692124105012	0.891408114558	0.0121718377088	0.0272076372315
-iko	0.0	1.0	0.0	0.0
-lam	0.158333333333	0.837962962963	0.0	0.0037037037037
-nor	0.0	0.975	0.025	0.0
-nos	0.0365853658537	0.963414634146	0.0	0.0
-lai	0.464117582782	0.013695276694	0.00590559969134	0.516281540832
-lak	0.122448979592	0.877551020408	0.0	0.0
-lat	0.0553427120687	0.874061360223	0.0450547092899	0.0255412184183
-lau	0.0893855290974	0.335383834976	0.55924206275	0.0159885731761
-fos	0.0181818181818	0.981818181818	0.0	0.0
-iks	0.154594594595	0.793513513514	0.00972972972973	0.0421621621622
-non	0.0	0.877551020408	0.122448979592	0.0
-las	0.0521981491988	0.933063549851	0.0119748695221	0.00276343142817
-noa	0.0542056074766	0.88785046729	0.0579439252336	0.0
-epi	0.319648855683	0.246556336468	0.0317962277755	0.401998580074
-dot	0.0357142857143	0.928571428571	0.0357142857143	0.0
-ahi	0.132210003831	0.516288197847	0.0718538589348	0.279647939387
-myu	0.0	1.0	0.0	0.0
-ato	0.122827035142	0.533088503186	0.0436981720853	0.300386289587
-ahe	0.116747830994	0.119592495198	0.0182988635551	0.745360810253
-don	0.0312106720362	0.944626227033	0.0	0.0241631009313
-dom	0.00574458683163	0.994255413168	0.0	0.0
-dok	0.0	1.0	0.0	0.0
-ahu	0.246119929453	0.653938859494	0.08759553204	0.0123456790124
-sas	0.0113894733734	0.691510468895	0.00358765123387	0.293512406498
-sar	0.0716509073823	0.881952193575	0.0158571680273	0.0305397310155
-sat	0.0	1.0	0.0	0.0
-lfa	0.205955334987	0.734491315137	0.0595533498759	0.0
-oli	0.373737373737	0.525252525252	0.0	0.10101010101
-tou	0.264340455725	0.454310078682	0.0321094792368	0.249239986355
-esu	0.153861188164	0.679289341555	0.106903552815	0.0599459174663
-sak	0.00117785630153	0.996466431095	0.00235571260306	0.0
-sai	0.546157954367	0.302086938318	0.0384319032719	0.113323204043
-sao	0.0	0.966292134831	0.0337078651685	0.0
-iba	0.0	1.0	0.0	0.0
-sam	0.0	1.0	0.0	0.0
-iei	0.646616541353	0.330827067669	0.0	0.0225563909774
-rou	0.212683178461	0.0857592746288	0.0312959679475	0.670261578963
-lom	0.0	0.969325389199	0.0	0.0306746108015
-iem	0.0	1.0	0.0	0.0
-iel	0.0390758560055	0.928611416913	0.0210408455414	0.01127188154
-loi	0.0	0.970297029703	0.0059405940594	0.0237623762376
-loe	0.0	0.963855421687	0.0361445783133	0.0
-rom	0.112081942536	0.680950978467	0.197640552392	0.00932652660514
-ron	0.0178335535007	0.954425363276	0.0277410832232	0.0
-los	0.0555272542027	0.90473764646	0.00611309220581	0.033622007132
-ipi	0.174905254663	0.701029725824	0.0375104631292	0.0865545563834
-ipo	0.224651374951	0.581226378209	0.109637690603	0.0844845562362
-ipa	0.0137885751806	0.986211424819	0.0	0.0
-ipe	0.0772087073268	0.849925575134	0.0593541937574	0.0135115237822
-ewe	0.543468333781	0.23313677451	0.0529506228137	0.170444268896
-ewa	0.346713836368	0.213092961438	0.0489906024864	0.391202599707
-ewi	0.0911721486122	0.689871543664	0.0410540961447	0.177902211579
-mai	0.0955364985082	0.780923189389	0.0130628549303	0.110477457173
-awi	0.444365838626	0.431022140314	0.0459865763558	0.0786254447045
-awa	0.325261697566	0.343296758734	0.26913860512	0.0623029385799
-awe	0.148646585807	0.222178213647	0.107274657152	0.521900543394
-wkp	0.670157068063	0.120418848168	0.20942408377	0.0
-276	0.0	0.129032258065	0.0	0.870967741935
-sta	0.291262135922	0.611650485437	0.0582524271845	0.0388349514563
-200	0.0222010783381	0.430278042076	0.11100539169	0.436515487895
-eye	0.575829885457	0.220600948786	0.0755569744226	0.128012191334
-ibi	0.283625730994	0.716374269006	0.0	0.0
-iok	0.0622369212267	0.92543595911	0.00180396873121	0.0105231509321
-lei	0.51776908689	0.330556027886	0.0986226832172	0.0530522020065
-lek	0.0	0.981561155501	0.0184388444991	0.0
-ois	0.171428571428	0.733333333333	0.0952380952381	0.0
-ion	0.0595036734411	0.79841612671	0.0637539358297	0.0783262640193
-mum	0.0	1.0	0.0	0.0
-lea	0.0	1.0	0.0	0.0
-mus	0.0789748425555	0.788906476274	0.0473175495908	0.0848011315799
-ios	0.0	1.0	0.0	0.0
-les	0.0363636363636	0.963636363636	0.0	0.0
-oik	0.142857142857	0.571428571429	0.285714285714	0.0
-iot	0.031006116853	0.959027631301	0.00664416789707	0.00332208394854
-ifa	0.406217076238	0.165560955734	0.046875848729	0.381346119299
-eei	0.281879194631	0.597315436242	0.0805369127517	0.0402684563758
-ife	0.0	0.333333333333	0.666666666667	0.0
-ifo	0.408239700375	0.501872659176	0.0898876404494	0.0
-ali	0.0150602409638	0.922547332186	0.0623924268502	0.0
-ald	0.0	0.678571428571	0.321428571429	0.0
-nde	0.0107623318386	0.886995515695	0.0107623318386	0.0914798206278
-gia	0.0	0.877192982456	0.111111111111	0.0116959064327
-ala	0.0198070086338	0.980192991366	0.0	0.0
-rot	0.0388263813865	0.904126373482	0.0404468920451	0.0166003530869
-120	0.078431372549	0.0	0.0	0.921568627451
-fat	0.0330123796424	0.966987620358	0.0	0.0
-you	0.0430057564728	0.925472750688	0.00602321519228	0.0254982776473
-lok	0.0271274496909	0.668683414442	0.0434039195055	0.260785216362
-pel	0.0816207687237	0.7932024117	0.0016644481502	0.123512371426
-pen	0.0695187165775	0.898395721925	0.0	0.0320855614973
-pei	0.168746491369	0.591821836666	0.0965624368781	0.142869235088
-153	0.0	0.0	0.170731707317	0.829268292683
-eli	0.0927835051546	0.907216494845	0.0	0.0
-iye	0.535983941056	0.241760845701	0.0525057727303	0.169749440513
-ela	0.0	0.979108635098	0.0	0.0208913649025
-iya	0.536533318556	0.24985041462	0.0770962003236	0.1365200665
-itu	0.191969974577	0.665352209113	0.104733949142	0.0379438671679
-100	0.00619660956933	0.125481343779	0.148202245533	0.720119801118
-sye	0.0	0.75	0.159090909091	0.0909090909091
-ito	0.224131240773	0.398450769237	0.236631492558	0.140786497431
-esi	0.190451790259	0.355502434531	0.0454032217805	0.408642553429
-eso	0.043250300793	0.956749699207	0.0	0.0
-iti	0.609060060538	0.212217319662	0.0457818951302	0.13294072467
-esa	0.233644859813	0.621646065722	0.0497437443473	0.0949653301176
-ite	0.287249650105	0.300974813296	0.0953112037038	0.316464332895
-ese	0.119556458946	0.143479377593	0.103644951596	0.633319211864
-ita	0.0630190364212	0.902348922258	0.00497502445024	0.0296570168703
-spa	0.0	1.0	0.0	0.0
-bru	0.00380420999239	0.946487446107	0.036520415927	0.0131879279736
-fai	0.69423228185	0.0371538194589	0.00541826533776	0.263195633353
-fan	0.0	1.0	0.0	0.0
-fas	0.0554589767188	0.819272590926	0.104305143675	0.0209632886798
-uda	0.0413627664547	0.780031892461	0.145986753332	0.0326185877528
-o'o	0.429368060007	0.106112630448	0.185379984665	0.27913932488
-fau	0.0183486238532	0.376146788991	0.330275229358	0.275229357798
-hum	0.0	1.0	0.0	0.0
-rim	0.0	1.0	0.0	0.0
-tis	0.0119047619048	0.988095238095	0.0	0.0
-wou	0.115342804941	0.117367240339	0.0312998139685	0.735990140752
-fei	0.440859046896	0.338824210465	0.053202923094	0.167113819544
-lot	0.0317022742936	0.925568573398	0.0427291523087	0.0
-8:3	0.368421052632	0.434210526316	0.157894736842	0.0394736842105
-sou	0.225	0.6	0.175	0.0
-ael	0.0490642387456	0.907604113977	0.0133011109238	0.0300305363533
-sos	0.0660792951542	0.894273127753	0.0	0.0396475770925
-oru	0.667259881839	0.135855307779	0.148539615772	0.0483451946089
-sol	0.048498595809	0.915640527112	0.0142579390797	0.0216029379996
-son	0.048322147651	0.935570469799	0.0120805369127	0.0040268456376
-oro	0.43571073522	0.373709957626	0.040306903357	0.150272403797
-kos	0.0666666666666	0.894444444445	0.0166666666666	0.0222222222222
-ora	0.193398497185	0.577997781359	0.0131862611717	0.215417460284
-ore	0.486689673232	0.301847457625	0.0773947773895	0.134068091753
-min	0.0	0.991316931983	0.00868306801738	0.0
-rus	0.0835438824757	0.827042074527	0.0199706491974	0.0694433938
-liv	0.0345508390918	0.924975320829	0.040473840079	0.0
-lip	0.0183006535948	0.974901960784	0.00366013071896	0.00313725490196
-omu	0.123363802087	0.164266341541	0.525302155847	0.187067700525
-lis	0.0379746835443	0.833495618306	0.0155793573515	0.112950340798
-ruk	0.259750544447	0.730746386854	0.0	0.00950306869926
-lio	0.101694915254	0.887005649718	0.0	0.0112994350282
-omo	0.0594584761584	0.162736268988	0.00619513607596	0.771610118777
-lia	0.0520833333333	0.9375	0.0	0.0104166666667
-ome	0.0	0.927272727273	0.0363636363636	0.0363636363636
-:17	0.0272108843537	0.0408163265306	0.0	0.931972789116
-:14	0.0869565217391	0.478260869565	0.0	0.434782608696
-:13	0.311827956989	0.462365591398	0.0322580645161	0.193548387097
-:10	0.774480712166	0.136498516321	0.0890207715134	0.0
-oda	0.0160085378869	0.983991462113	0.0	0.0
-ten	0.129032258064	0.838709677419	0.0322580645161	0.0
-rna	0.0	0.979829325058	0.0201706749418	0.0
-eam	0.0129403306974	0.976276060388	0.00431344356578	0.00647016534868
-rni	0.0	1.0	0.0	0.0
-uri	0.482373796382	0.394101768664	0.016316828492	0.107207606462
-ehi	0.792500230104	0.0920957882825	0.0178127656349	0.0975912159784
-ura	0.424266455194	0.56304520222	0.00740153317473	0.00528680941051
-ehe	0.164825207348	0.761613655267	0.0292357184735	0.0443254189114
-ure	0.448941948397	0.252620645954	0.04557291618	0.252864489468
-pai	0.178860526273	0.804831014875	0.0149771560891	0.00133130276347
-wau	0.0492790655229	0.852162803431	0.0985581310458	0.0
-dus	0.0959999999999	0.816	0.016	0.072
-ape	0.0704913595988	0.0644142722145	0.00682446542967	0.858269902757
-api	0.237153652393	0.723173803527	0.0343828715365	0.00528967254407
-apo	0.082880391596	0.187883411208	0.714773846985	0.0144623502114
-apu	0.104647081388	0.0438596650852	0.0227085788203	0.828784674707
-pas	0.0725806451612	0.907258064516	0.00806451612902	0.0120967741935
-pau	0.133650584721	0.799524122918	0.0668252923606	0.0
-wai	0.124288392076	0.827248305842	0.0104237432783	0.0380395588039
-lus	0.031226199543	0.941355674029	0.02284843869	0.004569687738
-sen	0.0723492217899	0.0558730544747	0.0	0.871777723735
-kem	0.0	1.0	0.0	0.0
-kel	0.223958333333	0.75	0.015625	0.0104166666667
-sus	0.0270207314233	0.952946657349	0.014442115071	0.00559049615654
-sop	0.0260869565217	0.904347826087	0.0695652173913	0.0
-ket	0.139941690962	0.790087463557	0.069970845481	0.0
-sor	0.0	1.0	0.0	0.0
-nus	0.027027027027	0.927927927928	0.036036036036	0.009009009009
-sua	0.0517836593786	0.913693901036	0.0345224395857	0.0
-fet	0.0952380952381	0.761904761905	0.047619047619	0.0952380952381
-fes	0.117647058824	0.794117647059	0.0294117647059	0.0588235294117
-i'o	0.269343780607	0.484818805093	0.0587659157689	0.187071498531
-ori	0.38429991715	0.102071251036	0.0443247721624	0.469304059652
-dis	0.0142857142857	0.985714285714	0.0	0.0
-sli	0.0	1.0	0.0	0.0
-kop	0.00894321061261	0.97167983306	0.0131167088985	0.00626024742885
-ihe	0.169496332175	0.532613573877	0.13318825828	0.164701835667
-ven	0.173007246377	0.780797101449	0.0249094202898	0.0212862318841
-ova	0.0263958034014	0.90260282669	0.0527916068028	0.018209763106
-afi	0.123386216121	0.157929233498	0.352523251682	0.366161298699
-afe	0.335451937679	0.335508183812	0.271106361438	0.0579335170707
-ait	0.0	1.0	0.0	0.0
-vai	0.0328381548084	0.952567109721	0.0125097732604	0.00208496221007
-ais	0.0141959841218	0.939619203082	0.00553583757599	0.0406489752197
-air	0.016470721872	0.971602203669	0.0	0.011927074459
-efi	0.178068186926	0.504376541706	0.192848218899	0.124707052469
-aia	0.0633518932274	0.912177418401	0.00993013441146	0.0145405539596
-tia	0.0425531914894	0.957446808511	0.0	0.0
-aim	0.0357142857143	0.964285714286	0.0	0.0
-ain	0.0610501711701	0.907109321	0.0171819989807	0.0146585088496
-eme	0.221232677755	0.323877297048	0.171545906056	0.283344119142
-uwe	0.568824494179	0.27432544641	0.0752738808715	0.0815761785399
-uwa	0.127272727273	0.836363636364	0.0363636363636	0.0
-emo	0.0176070792712	0.766967538727	0.0788116644907	0.136613717511
-emi	0.0523932446622	0.901885719286	0.0299702485124	0.0157507875394
-uwi	0.545260915868	0.392971246006	0.0319488817891	0.0298189563365
-260	0.0845070422535	0.218309859155	0.0	0.697183098592
-wwe	0.605678233439	0.205047318612	0.132492113565	0.0567823343848
-ems	0.00942507068803	0.982720703739	0.000942507068802	0.00691171850455
-set	0.0	1.0	0.0	0.0
-ana	0.128849557522	0.838584070796	0.0141592920354	0.018407079646
-rit	0.0247178936056	0.933190041197	0.039405337632	0.00268672756582
-kta	0.0480769230769	0.75	0.163461538462	0.0384615384615
-etu	0.378536989746	0.433472991562	0.1204648683	0.0675251503924
-000	0.125601167439	0.0890045047903	0.0253156525601	0.760078675211
-eta	0.123677585404	0.0729731803997	0.0738206499356	0.729528584261
-rut	0.0	1.0	0.0	0.0
-ete	0.378609645359	0.362724506243	0.129552567103	0.129113281296
-eti	0.410085050738	0.410705007782	0.0219651566988	0.157244784782
-eto	0.500905418582	0.217021869341	0.119097367321	0.162975344756
-buk	0.201312910284	0.772428884026	0.0262582056893	0.0
-atu	0.259313176932	0.589278907083	0.0477363198604	0.103671596124
-bul	0.0841501988184	0.910420756097	0.00542904508505	0.0
-lim	0.0	1.0	0.0	0.0
-300	0.0490654205607	0.36214953271	0.210280373832	0.378504672897
-9:5	0.890586145648	0.0497335701599	0.0	0.0596802841918
-wei	0.372743705213	0.416365374869	0.0565531839252	0.154337735993
-ate	0.168440481052	0.291641812617	0.458752793213	0.0811649131179
-ata	0.418409374589	0.310105486166	0.116982441852	0.154502697393
-bus	0.160957802087	0.797464289196	0.0198933566467	0.0216845520705
-:46	0.590697674419	0.186046511628	0.0	0.223255813953
-ati	0.488975311952	0.229162332715	0.0569777499576	0.224884605376
-ose	0.431150586323	0.275676303263	0.0855393010565	0.207633809358
-nis	0.0533333333333	0.946666666667	0.0	0.0
-ian	0.12	0.56	0.32	0.0
-osa	0.556393339617	0.413446434182	0.00754005655044	0.0226201696513
-oso	0.20870934488	0.118759793126	0.420639036686	0.251891825308
-osi	0.168382519381	0.133339858968	0.0647139074446	0.633563714206
-7:7	0.80985915493	0.0633802816902	0.12676056338	0.0
-osu	0.00987485889658	0.0145315338482	0.00105366900317	0.974539938252
-nia	0.0247622820919	0.941362916006	0.0326862123613	0.00118858954041
-kas	0.0461538461538	0.923076923077	0.0153846153846	0.0153846153846
-kar	0.0	1.0	0.0	0.0
-kau	0.125946127218	0.820244835968	0.0158530873333	0.0379559494807
-9:6	0.890586145648	0.0497335701599	0.0	0.0596802841918
-ohu	0.163878731068	0.684210690432	0.121251422231	0.0306591562688
-fia	0.0203045685279	0.979695431472	0.0	0.0
-ila	0.00675295441756	0.986494091165	0.00337647720878	0.00337647720878
-yus	0.1125	0.8875	0.0	0.0
-vit	0.0113636363636	0.981729055258	0.00267379679144	0.00423351158645
-ili	0.0124373331284	0.972003995313	0.0141180538215	0.00144061773688
-oam	0.0	0.957894736842	0.0	0.0421052631579
-amu	0.415845007017	0.543606305782	0.0153511282328	0.025197558968
-ami	0.353938273346	0.391560195075	0.103676292773	0.150825238805
-amo	0.093012042722	0.11503584854	0.0153207686034	0.776631340135
-ama	0.139170561073	0.0471039762828	0.0118317504673	0.801893712177
-ame	0.140948456613	0.127048558519	0.0261321127	0.705870872168
-lva	0.0382030420941	0.910859568447	0.0509373894589	0.0
-usi	0.120734335102	0.866640720666	0.0126249442319	0.0
-iro	0.436454215297	0.178129044018	0.0683229618647	0.317093778821
-iri	0.131397524499	0.46025001058	0.0233037778688	0.385048687052
-ein	0.0681614349776	0.910313901345	0.0215246636771	0.0
-gus	0.017094017094	0.940170940171	0.034188034188	0.008547008547
-ire	0.353736855037	0.390512762843	0.0635334535617	0.192216928559
-usa	0.402664933377	0.479363015925	0.00487487812804	0.113097172571
-ira	0.277232828822	0.587221373542	0.0434272943883	0.0921185032479
-use	0.145473742869	0.457523720139	0.362100570457	0.0349019665351
-o'u	0.148962870467	0.655285059125	0.159584315669	0.036167754739
-bal	0.038961038961	0.922077922078	0.038961038961	0.0
-iru	0.19704083077	0.476404598457	0.266840923188	0.0597136475848
-lon	0.0391838392042	0.794081819105	0.0464419855852	0.120292356106
-epe	0.130272093131	0.828290294267	0.0332609599482	0.00817665265395
-ges	0.0204081632653	0.948979591837	0.0306122448979	0.0
-epu	0.0658823529412	0.898823529412	0.035294117647	0.0
-pia	0.0130151843818	0.804772234273	0.182212581345	0.0
-ius	0.0671511627907	0.899476744186	0.0136046511628	0.0197674418605
-ham	0.0616216398444	0.902685596052	0.0295350248416	0.00615773926162
-iut	0.0	1.0	0.0	0.0
-ium	0.160599571734	0.788008565311	0.0513918629551	0.0
-uel	0.0308068459658	0.955501222494	0.00684596577016	0.00684596577017
-owa	0.320754962119	0.194238063089	0.0512690115713	0.433737963221
-owe	0.0911907972108	0.162580176047	0.0186769300944	0.727552096648
-sda	0.037037037037	0.962962962963	0.0	0.0
-uhe	0.328067325096	0.650234440691	0.0089785796742	0.0127196545384
-age	0.0646551724138	0.909482758621	0.0129310344827	0.0129310344828
-ija	0.00308747855918	0.994168096055	0.00137221269297	0.00137221269297
-ong	0.147874306839	0.785582255083	0.0	0.0665434380776
-one	0.3798084673	0.483885566841	0.0267417613173	0.109564204542
-rta	0.00178571428572	0.989285714286	0.0	0.00892857142858
-anu	0.683946009086	0.112336066112	0.0357161794883	0.168001745314
-ona	0.0382059800664	0.951827242525	0.00996677740863	0.0
-ono	0.110036565298	0.699900276459	0.010003324118	0.180059834124
-dap	0.0	1.0	0.0	0.0
-das	0.0741545099944	0.888782522968	0.00577233565274	0.031290631385
-450	0.0384615384615	0.192307692308	0.0384615384615	0.730769230769
-dam	0.0473166983459	0.828648845392	0.0773243822542	0.0467100740082
-dan	0.0105309346204	0.98946906538	0.0	0.0
-onu	0.417126783382	0.45407072773	0.0352648656391	0.0935376232491
-ane	0.121582327152	0.282392177368	0.0177619638881	0.578263531592
-ani	0.187258752163	0.2909482503	0.0152146683534	0.506578329184
-ank	0.265515765444	0.299044086175	0.0716222000285	0.363817948352
-ano	0.0302822420961	0.0310788403611	0.0150730333687	0.923565884174
-tam	0.0	1.0	0.0	0.0
-tan	0.0821168929817	0.895301031392	0.0146392505375	0.00794282508858
-tai	0.227173071848	0.730310661554	0.0179114246201	0.0246048419781
-rga	0.0	0.986666666667	0.0	0.0133333333333
-tat	0.0	1.0	0.0	0.0
-tau	0.175430901499	0.669158711556	0.0449471217145	0.110463265231
-tar	0.0	0.956853634252	0.0	0.0431463657484
-tas	0.0	1.0	0.0	0.0
-mia	0.0196078431373	0.980392156863	0.0	0.0
-tus	0.0787195068481	0.877225175952	0.023934952273	0.0201203649272
-ens	0.0572438162544	0.906713780919	0.0318021201414	0.00424028268551
-mis	0.0407608695652	0.943614130435	0.00951086956521	0.00611413043477
-eni	0.170919848211	0.393582788746	0.024695199384	0.410802163659
-ene	0.141367713266	0.146723052795	0.0181767386675	0.693732495271
-ena	0.0	1.0	0.0	0.0
-oel	0.316301703163	0.598540145985	0.0243309002433	0.0608272506083
