-cab	0.213537163214	0.690589008405	0.0733580050496	0.022515823332
-caa	0.655295666897	0.249702138333	0.0150498526369	0.0799523421334
-cag	0.0219330855019	0.940148698885	0.0364312267658	0.00148698884758
-caf	0.111111111111	0.888888888889	0.0	0.0
-cad	0.0327536610879	0.423705543933	0.507975941423	0.0355648535565
-cah	0.0	1.0	0.0	0.0
-can	0.191774176631	0.455737361024	0.266152716593	0.0863357457521
-cam	0.031746031746	0.968253968254	0.0	0.0
-cal	0.0398138572906	0.944674250259	0.0155118924509	0.0
-cas	0.0135849056604	0.750943396226	0.229649595687	0.00582210242588
-car	0.103746397695	0.809798270893	0.00864553314121	0.0778097982709
-rba	0.10336993563	0.283226050738	0.0390003786445	0.574403634987
-caw	0.211055276382	0.683417085428	0.105527638191	0.0
-xla	0.304005045727	0.63733837906	0.00756859035004	0.0510879848628
-xlo	0.908794788274	0.0521172638436	0.0195439739414	0.0195439739414
-cay	0.681617492466	0.0885235725799	0.0235675740617	0.206291360892
-rbo	0.25	0.75	0.0	0.0
-xli	0.850422195416	0.118817852835	0.0162846803378	0.0144752714113
-oye	0.473684210526	0.526315789474	0.0	0.0
-oya	0.0677830940989	0.886762360447	0.0358851674641	0.00956937799041
-oyo	0.126994096219	0.757944981786	0.0188418540384	0.0962190679564
-oyn	0.490969246624	0.179259098552	0.0357975809514	0.293974073873
-oyi	0.0661479002394	0.648661810571	0.144480939996	0.140709349193
-oys	0.0980392156862	0.843137254902	0.0	0.0588235294117
-ufa	0.736263736264	0.197802197802	0.0	0.0659340659341
-ufo	0.671532846715	0.229927007299	0.0	0.0985401459853
-ufi	0.882028496029	0.106105649765	0.0118658542067	0.0
-yee	0.46151226158	0.433753405995	0.00936648501362	0.0953678474114
-'ir	0.0478087649403	0.908366533865	0.043824701195	0.0
-'in	0.718468630182	0.130462254261	0.03791088071	0.113158234846
-'im	0.0	0.405405405405	0.594594594595	0.0
-xba	0.108714768362	0.494955338548	0.0183273939001	0.37800249919
-cwo	0.184615384615	0.630769230769	0.123076923077	0.0615384615385
-'id	0.594594594595	0.405405405405	0.0	0.0
-'ib	0.0994475138122	0.436464088398	0.430939226519	0.0331491712707
-rbe	0.0102040816326	0.989795918367	0.0	0.0
-rbi	0.0355871886121	0.939501779359	0.0249110320285	0.0
-ido	0.255668080521	0.639329087166	0.046974951298	0.0580278810152
-eci	0.937022900763	0.037213740458	0.0143129770992	0.0114503816794
-eco	0.15625	0.578125	0.265625	0.0
-idh	0.0439902430818	0.847001429893	0.0529901589704	0.0560181680545
-idi	0.616142823962	0.185255182755	0.0231967128155	0.175405280467
-eca	0.607035120631	0.343901818906	0.0259745614216	0.0230884990414
-ide	0.470588235294	0.352941176471	0.0	0.176470588235
-ida	0.0972770171988	0.340093409797	0.011968421793	0.550661151212
-wad	0.211649782923	0.606246985046	0.115171249397	0.0669319826338
-idu	0.05198893122	0.880744206398	0.010771491035	0.0564953713469
-ecu	0.0	1.0	0.0	0.0
-yli	0.380952380952	0.333333333333	0.0238095238095	0.261904761905
-uta	0.0729483282674	0.927051671733	0.0	0.0
-uto	0.0485151426051	0.885327844752	0.0132314025287	0.0529256101147
-gyo	0.34554973822	0.612565445026	0.0418848167539	0.0
-ked	0.0	1.0	0.0	0.0
-nug	0.0	0.847619047619	0.152380952381	0.0
-kem	0.0	1.0	0.0	0.0
-iji	0.533333333333	0.333333333333	0.133333333333	0.0
-yas	0.00376422656216	0.991984411674	0.00425136176431	0.0
-yar	0.0389141128106	0.0984134177061	0.583379092904	0.279293376579
-yay	0.401080034298	0.113080188342	0.0220429063837	0.463796870976
-yax	0.0347581023955	0.958666040395	0.000939408172851	0.00563644903711
-yad	0.0659200331326	0.744430447462	0.0942207803414	0.0954287390636
-yaa	0.373644095999	0.0857346382482	0.0261267872096	0.514494478543
-yac	0.25	0.25	0.0	0.5
-ofi	0.777777777778	0.222222222222	0.0	0.0
-yan	0.174313553514	0.338739593668	0.0310572402191	0.455889612599
-yah	0.0873786407767	0.883495145631	0.0145631067961	0.0145631067961
-ofa	0.0777202072538	0.891191709845	0.0310880829016	0.0
-fod	0.0	1.0	0.0	0.0
-aax	0.00892193308549	0.945724907063	0.0386617100372	0.00669144981413
-ade	0.0225563909774	0.936842105263	0.0406015037594	0.0
-ada	0.102536620196	0.645332164381	0.0595144311622	0.192616784261
-ado	0.576525969171	0.242705591616	0.0541010999294	0.126667339283
-fog	0.0280147947413	0.361152817959	0.0823964551213	0.528435932179
-adh	0.0562817011315	0.623878267655	0.263948497854	0.0558915333593
-adi	0.648683111892	0.145590897336	0.044772716492	0.160953274279
-adu	0.133168526772	0.657645806875	0.063310146573	0.14587551978
-sen	0.0	1.0	0.0	0.0
-sem	0.0	1.0	0.0	0.0
-sel	0.0	1.0	0.0	0.0
-lbi	0.128715216104	0.622972172883	0.0795737122558	0.168738898757
-seh	0.0	1.0	0.0	0.0
-sef	0.0	1.0	0.0	0.0
-see	0.008174386921	0.991825613079	0.0	0.0
-sed	0.0	0.918918918919	0.0810810810812	0.0
-lba	0.0624398151222	0.2278784655	0.0105267661468	0.699154953231
-foo	0.0	1.0	0.0	0.0
-ses	0.0	1.0	0.0	0.0
-ser	0.00884086444006	0.985265225933	0.00589390962672	0.0
-seq	0.0833333333333	0.916666666667	0.0	0.0
-blo	0.181818181818	0.818181818182	0.0	0.0
-bla	0.314606741573	0.179775280899	0.483146067416	0.0224719101124
-mtu	0.0142857142857	0.964285714286	0.0	0.0214285714286
-aan	0.283119679457	0.122643221516	0.0378309498838	0.556406149143
-mta	0.0471327572663	0.835035349568	0.0117831893166	0.106048703849
-aah	0.00444343975731	0.968246661812	0.00573333149269	0.021576566938
-uum	0.0377121307354	0.962287869265	0.0	0.0
-uul	0.0399386128728	0.931216833386	0.0216334153061	0.00721113843537
-uun	0.0583741093656	0.807786856461	0.0231389350627	0.110700099111
-uuj	0.0210526315789	0.957894736842	0.0210526315789	0.0
-uud	0.00768728082508	0.954738117833	0.0311627886362	0.00641181270612
-uug	0.0547316384181	0.542902542373	0.386122881356	0.0162429378531
-las	0.00285551113649	0.997144488864	0.0	0.0
-uub	0.00910075839653	0.978455347469	0.00891502863335	0.0035288655007
-wyo	0.275	0.671428571429	0.0535714285715	0.0
-uux	0.0127529199521	0.89362198479	0.0782282772672	0.015396817991
-uji	0.386266094421	0.523605150215	0.0128755364807	0.0772532188841
-uuq	0.184168655529	0.671439936356	0.113365155131	0.0310262529833
-uus	0.156608191501	0.282792940311	0.514969037853	0.045629830335
-uur	0.122206173903	0.816680627019	0.0371227404313	0.0239904586467
-qub	0.0	1.0	0.0	0.0
-qul	0.157649076014	0.728233949324	0.0438178700705	0.0702991045913
-quu	0.470588235294	0.529411764706	0.0	0.0
-aab	0.0831393944651	0.777905014585	0.0943639090277	0.0445916819225
-wga	0.0422027884305	0.8837855274	0.0643346116627	0.00967707250635
-xow	0.371900826446	0.578512396694	0.0	0.0495867768595
-rax	0.0538506043093	0.795723740678	0.132178756032	0.0182468989808
-ray	0.767286576163	0.0810507804949	0.0233168862026	0.128345757139
-rar	0.138829524464	0.394803256154	0.0225525151424	0.44381470424
-ras	0.0154390479254	0.882598906401	0.100997105178	0.000964940495335
-cba	0.0	0.897435897436	0.0	0.102564102564
-ran	0.690998740872	0.12853159726	0.101627464812	0.078842197055
-eri	0.361417507627	0.604259563483	0.0258155362591	0.00850739263083
-ram	0.0769230769232	0.923076923077	0.0	0.0
-wgu	0.11683776061	0.625357180654	0.227325642925	0.0304794158112
-xog	0.0	1.0	0.0	0.0
-rah	0.0322725235321	0.962348722546	0.0	0.005378753922
-ero	0.38303233625	0.565500118231	0.0470708205249	0.00439672499409
-raf	0.11073731427	0.60414914494	0.238856181665	0.0462573591253
-era	0.453991663995	0.517152933633	0.0173132414236	0.011542160949
-iwi	0.0	0.993333333333	0.00666666666668	0.0
-rab	0.248104755341	0.376686029339	0.303731416757	0.0714777985625
-xoo	0.0015479876161	0.998452012384	0.0	0.0
-raa	0.405028059017	0.226702779812	0.123216754614	0.245052406556
-ugu	0.0492212973377	0.0183937806873	0.014571479729	0.917813442246
-fba	0.247572815534	0.708737864078	0.0436893203883	0.0
-uga	0.0565883142706	0.0155700819599	0.00673852727444	0.921103076495
-ugo	0.137704918033	0.798360655738	0.0147540983607	0.0491803278689
-ugi	0.900943396226	0.0990566037736	0.0	0.0
-ike	0.0	0.937183383992	0.0506585612969	0.0121580547113
-ika	0.00790305584826	0.972339304531	0.0197576396206	0.0
-iko	0.222222222222	0.777777777778	0.0	0.0
-nos	0.00288253663224	0.978380975258	0.0187364881096	0.0
-now	0.274832814581	0.471645767052	0.198207026964	0.0553143914036
-nom	0.0	0.974358974359	0.025641025641	0.0
-non	0.0	1.0	0.0	0.0
-noo	0.0907456903092	0.068744966678	0.00684726323448	0.833662079778
-nob	0.0	1.0	0.0	0.0
-nof	0.0	1.0	0.0	0.0
-tog	0.0363636363636	0.963636363636	0.0	0.0
-gle	0.0604026845638	0.879194630873	0.0402684563758	0.0201342281879
-ton	0.0	0.0818287802879	0.0085074203611	0.909663799351
-too	0.136497312646	0.0512794510361	0.0141973430687	0.79802589325
-tom	0.0	1.0	0.0	0.0
-glo	0.0	0.0	1.0	0.0
-tow	0.461538461539	0.394230769231	0.0576923076922	0.0865384615386
-tos	0.0119035633702	0.937757984567	0.0367174591518	0.0136209929112
-toy	0.0414201183432	0.840236686391	0.0532544378698	0.0650887573964
-row	0.0676489339094	0.733300276263	0.155132110222	0.0439186796061
-cla	1.0	0.0	0.0	0.0
-ros	0.000860448070365	0.99588897033	0.00286816023456	0.000382421364607
-cli	0.857142857143	0.142857142857	0.0	0.0
-rod	0.137118371719	0.833958221746	0.00321371183717	0.0257096946974
-rog	0.486486486486	0.432432432433	0.081081081081	0.0
-doh	0.0	1.0	0.0	0.0
-ron	0.0	1.0	0.0	0.0
-roo	0.0502793296089	0.687150837989	0.0167597765363	0.245810055866
-hku	0.0329300190053	0.834032704213	0.0667381718508	0.0662991049307
-hka	0.0433909287257	0.793498920086	0.117149028078	0.0459611231102
-hko	0.14639905549	0.85360094451	0.0	0.0
-ddi	0.0	1.0	0.0	0.0
-nge	0.5	0.25	0.25	0.0
-lfa	0.00710900473934	0.957345971564	0.0355450236967	0.0
-oli	0.372114078769	0.451335445903	0.0298777727478	0.14667270258
-hyi	0.880952380952	0.119047619048	0.0	0.0
-hyo	0.0482962167963	0.898846257043	0.036356318755	0.0165012074054
-gfi	0.0	0.846153846154	0.153846153846	0.0
-leh	0.367345173823	0.0447599140808	0.00812871987808	0.579766192218
-yto	0.0854922279792	0.619170984456	0.116580310881	0.178756476684
-lem	0.00207604346298	0.997522141673	0.0	0.000401814863801
-muc	0.0	0.0	1.0	0.0
-leb	0.0	1.0	0.0	0.0
-lec	0.232075471698	0.688679245283	0.0226415094339	0.0566037735849
-led	0.0	1.0	0.0	0.0
-lee	0.654794520548	0.304109589041	0.0	0.0410958904109
-lef	0.0	1.0	0.0	0.0
-leg	0.0407843137255	0.916862745098	0.0423529411765	0.0
-muu	0.183370452858	0.368225686711	0.216778025241	0.23162583519
-ley	0.377319587629	0.560824742268	0.0231958762886	0.0386597938144
-mus	0.48	0.156	0.308	0.056
-mur	0.125	0.875	0.0	0.0
-leq	0.0	0.977848101266	0.0221518987342	0.0
-les	0.0	1.0	0.0	0.0
-jix	0.116883116883	0.590909090909	0.0194805194805	0.272727272727
-'yi	0.5	0.5	0.0	0.0
-bko	0.931034482759	0.0	0.0	0.0689655172414
-bka	0.0607239936358	0.781581914364	0.0982646021043	0.0594294898954
-ole	0.138110072689	0.40879196954	0.348909657321	0.10418830045
-dci	0.424657534247	0.27397260274	0.301369863014	0.0
-sam	0.0	1.0	0.0	0.0
-bku	0.161757157841	0.756231728817	0.0234317466694	0.0585793666734
-jka	0.0378874856487	0.939150401837	0.0229621125143	0.0
-dqi	0.6	0.4	0.0	0.0
-ogu	0.406682949857	0.0526467026539	0.00919521356294	0.531475133926
-ogi	0.574448175263	0.0884570925304	0.0270820718886	0.310012660318
-ogo	0.490497941691	0.128799413523	0.100490610726	0.280212034061
-lse	0.33971291866	0.157894736842	0.0	0.502392344498
-oga	0.286646635246	0.0871716482962	0.0152546013572	0.610927115101
-jab	0.412856022994	0.391168016723	0.195975960282	0.0
-oge	0.0	1.0	0.0	0.0
-rif	0.135135135135	0.675675675676	0.178378378378	0.0108108108108
-rid	0.129411764706	0.754901960784	0.056862745098	0.0588235294118
-ito	0.0940375551731	0.834891897958	0.057604548515	0.0134659983541
-xno	0.549427534208	0.179349343759	0.241901703435	0.0293214185981
-esh	0.0073304825901	0.922419059255	0.0665852168601	0.00366524129505
-eso	0.065947500899	0.885724559511	0.0302049622438	0.0181229773463
-esa	0.36974789916	0.63025210084	0.0	0.0
-xna	0.157439098047	0.357761224079	0.0374471511979	0.447352526676
-ese	0.14770201477	0.228507922851	0.00430200043021	0.619488061949
-ita	0.344939647168	0.310817084494	0.227715877437	0.116527390901
-fac	0.0	1.0	0.0	0.0
-faa	0.0587011786457	0.923041368153	0.0124797781373	0.00577767506355
-faf	0.0300193673337	0.88282763073	0.0803744351195	0.00677856681728
-fag	0.0	1.0	0.0	0.0
-fad	0.0947242206235	0.862110311751	0.0431654676259	0.0
-mma	0.0	0.0	1.0	0.0
-fah	0.0	1.0	0.0	0.0
-fan	0.641114982578	0.341780171048	0.0019005384859	0.0152043078872
-fal	0.0	0.818181818182	0.0	0.181818181818
-far	0.0294418842806	0.0651561699949	0.031746031746	0.873655913979
-fas	0.0138333845681	0.977866584691	0.0	0.00830003074086
-uda	0.182906688687	0.762592898431	0.0334434351775	0.0210569777044
-ude	0.0725806451613	0.879032258065	0.0483870967742	0.0
-udh	0.0858480749219	0.895421436004	0.0124869927159	0.00624349635795
-udi	0.302435265822	0.615140239251	0.054090028162	0.0283344667648
-udo	0.560553633218	0.422491349481	0.0145328719723	0.00242214532872
-rii	0.00608828006088	0.987823439878	0.00608828006089	0.0
-qid	0.243517474634	0.737316798196	0.0191657271702	0.0
-rir	0.216014897579	0.714463066418	0.0509000620733	0.0186219739292
-tee	0.162760416667	0.204085122054	0.0439288720539	0.589225589225
-gma	0.727272727273	0.090909090909	0.0	0.181818181818
-gmi	0.684287812041	0.245227606461	0.0308370044053	0.0396475770925
-riq	0.266666666667	0.7	0.0333333333333	0.0
-gmo	0.366242038217	0.463906581741	0.0743099787685	0.0955414012738
-cma	0.292682926829	0.25	0.384146341463	0.0731707317073
-cmo	0.071256454389	0.834079173838	0.0678141135973	0.0268502581756
-cmi	0.666666666667	0.0	0.0	0.333333333333
-jiq	0.0	1.0	0.0	0.0
-rna	0.17286728819	0.644675699829	0.0600809385301	0.122376073451
-rno	0.453684357153	0.298648836885	0.0629614152388	0.184705390723
-rni	0.0121368150055	0.77381390217	0.117690327326	0.0963589554983
-uri	0.359051780657	0.591448243274	0.0154775902294	0.0340223858396
-are	0.0604255258931	0.375526246896	0.454252782475	0.109795444736
-ura	0.465816287425	0.293608309618	0.096230161183	0.144345241775
-uru	0.666666666667	0.333333333333	0.0	0.0
-ihi	0.648991585415	0.19687458261	0.0264458394551	0.12768799252
-nnu	0.0854888138366	0.118338506325	0.0180969416049	0.778075738233
-nni	0.0828729281768	0.815616055382	0.0747520468615	0.02675896958
-nno	0.488694488587	0.272217116023	0.0613645008872	0.177723894503
-nna	0.114388745101	0.459588405013	0.0439083308594	0.382114519026
-nne	0.153846153846	0.846153846154	0.0	0.0
-she	0.0	0.764285714286	0.171428571429	0.0642857142857
-awl	0.0632717412197	0.309101676338	0.610172309003	0.0174542734399
-uxa	0.0119358872343	0.860374985791	0.121671450495	0.00601767648062
-ygu	0.223137464044	0.394081404805	0.0638648886778	0.318916242473
-yga	0.0807292079608	0.592619225323	0.0262057937146	0.300445773002
-wda	0.217445742905	0.482053422371	0.0563439065109	0.244156928214
-ajo	0.158874045801	0.80963740458	0.0197201017812	0.0117684478371
-aji	0.64	0.207804878049	0.0409756097561	0.111219512195
-mra	0.714776632302	0.264604810996	0.0	0.020618556701
-ldi	0.0	1.0	0.0	0.0
-yum	0.0	1.0	0.0	0.0
-mre	0.0	1.0	0.0	0.0
-mof	0.0	1.0	0.0	0.0
-mri	0.0882405265967	0.887564490304	0.0174346201743	0.00676036292475
-lda	0.333333333333	0.0	0.222222222222	0.444444444444
-dbi	0.640045799342	0.170173178761	0.0167453842851	0.173035637613
-mro	0.709821428572	0.142857142857	0.102678571428	0.0446428571428
-fro	0.658536585366	0.0975609756098	0.105691056911	0.138211382114
-yus	0.0	1.0	0.0	0.0
-oji	0.656565656566	0.343434343434	0.0	0.0
-yuu	0.0546075537815	0.0671414381026	0.00217226799056	0.876078740125
-usi	0.759946627851	0.148581888757	0.0544197432844	0.0370517401085
-ush	0.0417721518987	0.887341772152	0.0632911392405	0.00759493670887
-uso	0.670084718482	0.174925213759	0.108383125397	0.0466069423616
-usa	0.270739326623	0.627212773343	0.0624783061437	0.039569593891
-use	0.103167034773	0.677554124103	0.0180983098723	0.201180531251
-usu	0.0	1.0	0.0	0.0
-eru	0.0	0.666666666667	0.333333333333	0.0
-win	0.635641001941	0.233108420372	0.109067381459	0.0221831962288
-wil	0.380503144654	0.179245283019	0.0188679245283	0.421383647799
-wii	0.0730882161324	0.10134706417	0.0063591917534	0.819205527944
-xir	0.197916666667	0.652777777778	0.121527777778	0.0277777777778
-wid	0.0	1.0	0.0	0.0
-xii	0.0854481029522	0.276108114609	0.00414010676387	0.634303675675
-xin	0.61089015377	0.142894567625	0.040804337644	0.205410940961
-xid	0.344444444444	0.512962962963	0.142592592593	0.0
-axu	0.0755555555555	0.924444444444	0.0	0.0
-axi	0.571428571429	0.428571428571	0.0	0.0
-axo	0.427948158604	0.310706189315	0.118910133025	0.142435519056
-axa	0.143500166082	0.33674937021	0.0217449851802	0.498005478528
-iim	0.0129136400323	0.959734552955	0.021971123666	0.00538068334678
-iil	0.0477288217303	0.876235103226	0.0110436369429	0.0649924381008
-iin	0.186983920966	0.118529423004	0.0249566321683	0.669530023862
-iid	0.0508512049525	0.827207945713	0.118879572782	0.00306127655233
-iig	0.0305667586499	0.800750017689	0.15934338074	0.00933984292082
-iif	0.0753424657534	0.210460772105	0.665628891656	0.0485678704857
-iib	0.100113969027	0.824800554202	0.0347270330063	0.0403584437641
-kmo	0.312056737589	0.641843971631	0.04609929078	0.0
-iix	0.00158366502317	0.995534064635	0.000918525713443	0.00196374462874
-iiq	0.0803571428571	0.841964285714	0.0776785714286	0.0
-iis	0.052712150284	0.543684070172	0.0489093314875	0.354694448057
-iir	0.0851306460409	0.789726808468	0.110565719669	0.0145768258218
-tal	0.0	0.333333333333	0.666666666667	0.0
-tam	0.0	1.0	0.0	0.0
-tan	0.0916732706242	0.106046598195	0.0351604410612	0.767119690119
-tah	0.0	0.571428571428	0.428571428572	0.0
-tad	0.0	1.0	0.0	0.0
-qil	0.0560747663551	0.943925233645	0.0	0.0
-tag	0.631287480991	0.338584258701	0.00129121115607	0.0288370491521
-qii	0.0615799295045	0.899232842629	0.0292349160274	0.00995231183909
-taa	0.292448805461	0.140279753582	0.0472336021784	0.520037838778
-gna	0.22356741573	0.542050561798	0.15356741573	0.0808146067416
-tax	0.0	1.0	0.0	0.0
-tay	0.572333131141	0.119182885151	0.100634501231	0.207849482477
-taq	0.0	1.0	0.0	0.0
-tar	0.0691314256774	0.485312737402	0.35363383135	0.091922005571
-tas	0.0764331210191	0.866242038217	0.0	0.0573248407643
-cna	0.103686635945	0.792626728111	0.103686635945	0.0
-cne	0.0613496932516	0.438650306749	0.447852760736	0.0521472392638
-enu	0.64	0.2	0.16	0.0
-cni	0.333333333333	0.0	0.666666666667	0.0
-cno	0.392513368984	0.204278074866	0.202139037433	0.201069518717
-eyd	0.0480769230769	0.0865384615385	0.835336538462	0.0300480769231
-rma	0.477611940298	0.223880597015	0.0149253731343	0.283582089552
-eni	0.673284671097	0.261427118373	0.00784714068877	0.0574410698418
-ene	0.540792328929	0.323452890853	0.0478760267669	0.0878787534509
-rmi	0.721052631579	0.231578947368	0.0473684210526	0.0
-ena	0.129318680917	0.329336279091	0.226973599835	0.314371440157
-hex	0.0244580950644	0.0751290816367	0.00107072325373	0.899342100045
-heq	0.0	1.0	0.0	0.0
-her	0.0999999999999	0.7	0.2	0.0
-hel	0.415094339623	0.490566037736	0.0377358490566	0.0566037735849
-hem	0.0	1.0	0.0	0.0
-hen	0.0	1.0	0.0	0.0
-heh	0.676201372998	0.169336384439	0.0	0.154462242563
-hed	0.0	1.0	0.0	0.0
-hee	0.0642046362909	0.0579440447642	0.0377298161471	0.840121502798
-hef	0.0	1.0	0.0	0.0
-heg	0.165889467273	0.718373695094	0.015431578351	0.100305259282
-nso	0.0688018979834	0.931198102017	0.0	0.0
-nsi	0.0516617874978	0.857069054589	0.0809368004132	0.0103323574996
-nse	0.0396894122686	0.0349516534094	0.0105719264463	0.914787007876
-lah	0.0	1.0	0.0	0.0
-nma	0.25119998113	0.221987664076	0.146474355194	0.380337999599
-nmo	0.412112259971	0.375184638109	0.1329394387	0.0797636632201
-kid	0.188679245283	0.792452830189	0.0	0.0188679245283
-nmi	0.376623376623	0.0	0.571428571429	0.0519480519481
-deb	0.506849315069	0.493150684931	0.0	0.0
-ded	0.394736842105	0.605263157895	0.0	0.0
-dee	0.0917396269509	0.0749587615785	0.00964344626316	0.823658165207
-mse	0.727272727273	0.272727272727	0.0	0.0
-deg	0.223322332233	0.288962229556	0.02933626696	0.45837917125
-del	0.409090909091	0.454545454545	0.136363636364	0.0
-dem	0.571428571429	0.0	0.285714285714	0.142857142857
-den	0.0	1.0	0.0	0.0
-kin	0.788906682195	0.157519289562	0.0196535157956	0.0339205124472
-deq	0.0	0.0	1.0	0.0
-der	0.0	0.979020979021	0.020979020979	0.0
-fqa	0.4	0.6	0.0	0.0
-okh	0.00413223140496	0.990702479339	0.00103305785124	0.00413223140495
-dex	0.00200833764416	0.00565986063354	0.0451571676353	0.947174634087
-dba	0.175392300164	0.245869465262	0.0801507119637	0.498587522609
-fqi	1.0	0.0	0.0	0.0
-bir	0.0433073679697	0.869148860144	0.0611019795612	0.0264417923247
-bis	0.0766363695809	0.894069181979	0.0143856666449	0.0149087817956
-bix	0.0	0.0	1.0	0.0
-bid	0.136204535078	0.778572515599	0.0760919190381	0.00913103028459
-bic	0.157973174367	0.564828614009	0.277198211624	0.0
-bin	0.4918309924	0.347280298609	0.100964588897	0.0599241200938
-bil	0.0377833753149	0.905541561713	0.0566750629723	0.0
-dbo	0.679632553466	0.204105066743	0.0258360843979	0.0904262953925
-bii	0.0251046025105	0.97489539749	0.0	0.0
-ifa	0.769230769231	0.172694854814	0.0244523688232	0.0336220071319
-jin	0.726227807724	0.140168844173	0.0594791972706	0.0741241508326
-meq	0.0	1.0	0.0	0.0
-dso	0.470588235294	0.294117647059	0.0	0.235294117647
-mer	0.046875	0.953125	0.0	0.0
-jid	0.101084920047	0.759923314888	0.065792340203	0.0731994248617
-ydu	0.160133079754	0.50899402255	0.0564737141275	0.274399183568
-jib	0.170898663337	0.0760834373989	0.091577632857	0.661440266408
-luu	0.153024911032	0.306642941874	0.0699881376039	0.47034400949
-dse	0.327245508982	0.196107784431	0.097005988024	0.379640718563
-mee	0.511210762332	0.181404147982	0.0132427130045	0.294142376682
-med	0.0	1.0	0.0	0.0
-meg	0.0222222222222	0.977777777778	0.0	0.0
-lul	0.18606870229	0.270038167939	0.50286259542	0.0410305343511
-lun	0.0215311004785	0.960526315789	0.0167464114833	0.0011961722488
-ydi	0.707317073171	0.292682926829	0.0	0.0
-mel	0.0	1.0	0.0	0.0
-yde	0.25	0.375	0.0	0.375
-jir	0.0708603340183	0.357778831463	0.5365892208	0.034771613719
-jis	0.141186299081	0.532999164578	0.300751879699	0.0250626566416
-yda	0.132271277755	0.569111042747	0.0624657140191	0.236151965479
-aye	0.503137118003	0.177329722896	0.0563265999302	0.263206559171
-ayd	0.448571600292	0.103106039092	0.0769552425359	0.37136711808
-ayg	0.0	0.0	0.625	0.375
-wji	0.524390243902	0.40243902439	0.0731707317073	0.0
-aya	0.597398643585	0.243509220194	0.0598663017099	0.0992258345109
-ayb	0.318518518518	0.530172839506	0.0296296296296	0.121679012346
-ayl	0.114171695542	0.790636558302	0.0721238076699	0.0230679384855
-ayo	0.165134505242	0.0642381854897	0.0128706142005	0.757756695068
-ayn	0.472489618667	0.181269289919	0.0950933711127	0.251147720301
-ayi	0.550872093023	0.218023255814	0.0654069767442	0.165697674419
-ays	0.240986641715	0.47938524019	0.241106089865	0.0385220282296
-ayr	0.0456621004566	0.673059360731	0.256621004566	0.0246575342466
-eeb	0.102383242492	0.548359516939	0.276798119055	0.0724591215133
-sri	0.0	0.0819672131147	0.918032786885	0.0
-ubu	0.0	0.189189189189	0.810810810811	0.0
-ubi	0.811614730878	0.146364494806	0.0226628895184	0.019357884797
-ubo	0.181645815631	0.293864010269	0.514971616076	0.00951855802432
-uba	0.161606757101	0.317134139689	0.0647932299808	0.456465873229
-ube	0.0	0.529411764706	0.470588235294	0.0
-ako	0.23973727422	0.638752052545	0.047619047619	0.0738916256158
-aki	0.391048292108	0.594817432273	0.0	0.0141342756184
-akh	0.0288749465279	0.198987594467	0.730072722088	0.0420647369172
-ake	0.0	0.806896551724	0.193103448276	0.0
-csi	0.104712041885	0.706806282723	0.17277486911	0.0157068062828
-mod	0.0	1.0	0.0	0.0
-lmi	0.417324142513	0.432356116602	0.0681006560917	0.0822190847936
-qna	0.0338461538462	0.923076923077	0.0123076923077	0.0307692307692
-gol	0.234042553192	0.574468085106	0.0	0.191489361702
-goo	0.158517783324	0.0491313238426	0.0112395914098	0.781111301424
-gob	0.0970969979193	0.489084844282	0.325968493015	0.0878496647842
-god	0.0664375715922	0.683848797251	0.00458190148912	0.245131729668
-gog	0.171428571428	0.790476190476	0.0	0.0380952380952
-qno	0.516666666667	0.262962962963	0.17037037037	0.05
-goy	0.666666666667	0.333333333333	0.0	0.0
-mon	0.0133779264214	0.986622073579	0.0	0.0
-gos	0.0	1.0	0.0	0.0
-gor	0.0124275062138	0.904722452361	0.082850041425	0.0
-gow	0.35418038183	0.344963791968	0.114549045425	0.186306780777
-com	0.0	1.0	0.0	0.0
-col	0.0563403282436	0.291091695926	0.0612394872213	0.591328488609
-con	0.721737183792	0.135437653906	0.0188045668234	0.124020595478
-ixu	0.0139309083234	0.96538380356	0.00422148737072	0.0164638007458
-cod	0.0465553150651	0.732143586393	0.202270592559	0.0190305059828
-ixa	0.00263554216867	0.982220548862	0.00899431057564	0.00614959839357
-fii	0.0	1.0	0.0	0.0
-cow	0.151898734177	0.848101265823	0.0	0.0
-ixi	0.478478872587	0.134870363723	0.0198015215906	0.3668492421
-ixo	0.095238095238	0.492063492064	0.31746031746	0.095238095238
-cor	0.0	1.0	0.0	0.0
-go'	0.0755293604016	0.780397293168	0.0425671250818	0.101506221349
-eqi	1.0	0.0	0.0	0.0
-gux	0.5	0.5	0.0	0.0
-nla	0.0475077550674	0.0252600367333	0.0134562812504	0.913775926949
-gaf	0.2	0.4	0.0	0.4
-gad	0.0	0.995670995671	0.00432900432899	0.0
-gac	0.0264869888476	0.869888475837	0.0278810408922	0.0757434944237
-gab	1.0	0.0	0.0	0.0
-gaa	0.374028473466	0.204156816979	0.0799874660268	0.341827243528
-ofo	0.506787330317	0.482352941176	0.0108597285068	0.0
-gan	0.375362779882	0.419149623254	0.0677249248152	0.13776267205
-gal	0.340155328156	0.2770796529	0.0108329722343	0.37193204671
-gah	0.0	1.0	0.0	0.0
-gaw	0.0	1.0	0.0	0.0
-gas	0.0	1.0	0.0	0.0
-gar	0.27701863354	0.455900621118	0.12298136646	0.144099378882
-gur	0.75	0.25	0.0	0.0
-gay	0.598346400879	0.0979208650167	0.0214174788952	0.282315255209
-gax	0.0403311560079	0.863739936199	0.0303812851284	0.0655476226644
-ini	0.290364025696	0.45096359743	0.192719486081	0.0659528907923
-ino	0.113411341134	0.707290729073	0.177137713771	0.00216021602161
-ina	0.203697009773	0.606303886199	0.0651136901216	0.124885413907
-ine	0.601660571316	0.255016309182	0.0583176831076	0.0850054363942
-rfa	0.671641791045	0.238805970149	0.0895522388059	0.0
-inu	0.0266149549823	0.949346472886	0.0146531774622	0.00938539466964
-ma'	0.101351351352	0.625	0.0	0.273648648649
-gub	0.916666666666	0.0833333333335	0.0	0.0
-yey	0.728732248886	0.111945665284	0.0488385802762	0.110483505554
-rki	0.946395563771	0.0172167942963	0.0186427251122	0.0177449168207
-iyo	0.0806577019325	0.0638722832995	0.00619597595903	0.849274038809
-mba	0.0236686390533	0.96449704142	0.0	0.0118343195266
-dra	0.4	0.6	0.0	0.0
-mbe	0.0480827143144	0.0298802114703	0.376965803386	0.545071270829
-mbi	0.0475912975913	0.856351981352	0.0791569541569	0.0168997668998
-dro	0.5	0.5	0.0	0.0
-dri	0.444444444444	0.555555555556	0.0	0.0
-mbo	0.0829787234043	0.808510638298	0.0829787234043	0.0255319148936
-hdu	0.0	1.0	0.0	0.0
-hdo	0.712316725854	0.0594915790584	0.0154706233958	0.212721071692
-xud	0.0	1.0	0.0	0.0
-hda	0.396983075791	0.245768947756	0.27906548933	0.0781824871229
-mey	0.0	1.0	0.0	0.0
-'na	0.4	0.321739130435	0.2	0.0782608695652
-ahi	0.347368421053	0.237231968811	0.0647173489278	0.350682261209
-aho	0.0	0.818181818182	0.181818181818	0.0
-aha	0.0753021786654	0.780289038071	0.0289651419305	0.115443641333
-ahe	0.246913580247	0.283950617284	0.148148148148	0.320987654321
-wba	0.382716049383	0.246913580247	0.111111111111	0.259259259259
-ahu	0.175717390874	0.407903518803	0.0306464764907	0.385732613833
-sas	0.0521541950113	0.927437641723	0.0204081632653	0.0
-sar	0.0142623453635	0.978120846539	0.00685001533585	0.000766792761476
-dda	0.0788442221933	0.71174277079	0.0720478856215	0.137365121395
-saw	0.00343249427918	0.994851258581	0.00171624713959	0.0
-dde	0.333333333334	0.5	0.166666666667	0.0
-max	0.0476190476191	0.857142857143	0.0	0.0952380952381
-say	0.336998861153	0.134912985934	0.0527543476253	0.475333805288
-sax	0.33606557377	0.385245901639	0.0	0.27868852459
-ddo	0.134892461297	0.781917890821	0.0271931752217	0.0559964726605
-olu	0.391304347826	0.565217391305	0.0434782608695	0.0
-sac	0.0	0.922413793104	0.0775862068964	0.0
-sab	0.371125611746	0.403752039152	0.068515497553	0.15660685155
-saa	0.21810789596	0.0983746975927	0.0198323129576	0.66368509349
-hac	0.171504141435	0.673557458064	0.0292336604719	0.125704740029
-sag	0.0	1.0	0.0	0.0
-saf	0.0413223140496	0.95867768595	0.0	0.0
-ddu	0.0704541006686	0.77306961446	0.115264423836	0.0412118610362
-sad	0.0612061557691	0.807554097336	0.00515584719944	0.126083899695
-ola	0.328796256912	0.281582305402	0.131858783496	0.25776265419
-sah	0.0	0.666666666667	0.333333333333	0.0
-san	0.343091345712	0.138423344479	0.287459744569	0.23102556524
-lfo	0.0	1.0	0.0	0.0
-sal	0.0	0.666666666667	0.333333333333	0.0
-hag	0.030303030303	0.969696969697	0.0	0.0
-uqu	0.333333333333	0.666666666667	0.0	0.0
-uqa	0.0279252639328	0.842812431883	0.10939794118	0.0198643630037
-uqi	0.285714285714	0.714285714286	0.0	0.0
-mah	0.0	1.0	0.0	0.0
-qyo	0.020618556701	0.979381443299	0.0	0.0
-haw	0.6	0.4	0.0	0.0
-uco	0.173913043478	0.767391304348	0.00652173913044	0.0521739130435
-uca	0.0206944125086	0.968268567487	0.0	0.0110370200046
-rya	0.479505709715	0.414574943455	0.0380647652673	0.0678545815634
-ryo	0.278732037709	0.668334502853	0.0160173292247	0.0369161302133
-ryi	0.763512292119	0.146104483008	0.0176247288503	0.0727584960231
-wis	0.0508474576272	0.949152542373	0.0	0.0
-qof	0.0496879333182	0.42684618773	0.0104229030887	0.513042975863
-qod	0.0	1.0	0.0	0.0
-qon	0.700648701964	0.0477738015452	0.0249533179061	0.226624178585
-qol	0.00385282219225	0.0391489543869	0.0132708319955	0.943727391425
-qor	0.150289711489	0.824251703744	0.0090065747996	0.0164520099673
-qoq	0.0	1.0	0.0	0.0
-qow	0.476190476191	0.428571428571	0.0	0.0952380952381
-iyu	0.466666666667	0.4	0.133333333333	0.0
-xuu	0.105699193092	0.0433756779805	0.000840566467611	0.85008456246
-rku	0.148732916927	0.770787625759	0.0449337664611	0.0355456908528
-elu	0.823529411765	0.117647058823	0.0588235294117	0.0
-xul	0.0558659217877	0.561452513966	0.36592178771	0.0167597765363
-xum	0.0	1.0	0.0	0.0
-xun	0.100798533839	0.219662259458	0.5317449928	0.147794213902
-eli	0.455322781723	0.036113068459	0.0171282996368	0.491435850182
-iyi	0.794018888282	0.155888055125	0.0191144558054	0.030978600788
-elo	0.542570336376	0.19887039239	0.0252368294337	0.2333224418
-rko	0.826416655177	0.043843926651	0.0177857438301	0.111953674342
-iye	0.0781663477588	0.761429792778	0.0808126043236	0.0795912551399
-rka	0.0680544618895	0.742825335308	0.155591852922	0.0335283498803
-ela	0.626166509622	0.238088011452	0.0315070851303	0.104238393796
-iya	0.233470438528	0.454316880047	0.0551063242526	0.257106357173
-rke	0.0	1.0	0.0	0.0
-hul	0.0331288343558	0.841104294479	0.0478527607362	0.0779141104295
-hum	0.0	1.0	0.0	0.0
-hun	0.0238095238095	0.927595628415	0.0333723653395	0.0152224824356
-hud	0.0	1.0	0.0	0.0
-hug	0.127659574468	0.160541586073	0.676982591876	0.0348162475822
-hub	0.209961685824	0.615325670498	0.147126436782	0.0275862068965
-hux	0.0	1.0	0.0	0.0
-huu	0.155564609221	0.400760507911	0.012629863516	0.431045019352
-hur	0.0409836065574	0.590163934426	0.319672131148	0.0491803278689
-hus	0.0	0.942307692308	0.0576923076923	0.0
-kod	0.0646067415731	0.935393258427	0.0	0.0
-gba	0.046232085067	0.712205270458	0.154877484975	0.0866851595006
-kom	0.125	0.875	0.0	0.0
-kol	0.135441527446	0.392203659507	0.0190930787589	0.453261734288
-koo	0.167266612365	0.111668724875	0.0154694027694	0.705595259991
-kon	0.0	1.0	0.0	0.0
-koh	0.0	1.0	0.0	0.0
-tun	0.201117318436	0.68156424581	0.117318435754	0.0
-kow	0.145955324225	0.555627846454	0.0737367165474	0.224680112774
-tus	0.397282608696	0.439130434783	0.0222826086957	0.141304347826
-tuu	0.128343647888	0.0795266227868	0.00533672886609	0.786793000459
-kos	0.00747756729811	0.991026919242	0.0	0.00149551345962
-kor	0.192174482823	0.0445567724422	0.0230272395395	0.740241505195
-lix	0.0058587392861	0.0358034067484	0.00390582619073	0.954432027775
-ows	0.0	1.0	0.0	0.0
-lis	0.115527950311	0.747826086957	0.0583850931677	0.0782608695652
-sbo	0.0820668693009	0.61094224924	0.288753799392	0.0182370820669
-omi	0.182721212913	0.127826427918	0.014115801856	0.675336557313
-omo	0.0526315789475	0.394736842105	0.184210526316	0.368421052632
-lii	0.0094562647754	0.990543735225	0.0	0.0
-lid	0.128568727548	0.768387218756	0.0973719039516	0.00567214974476
-oma	0.113947677394	0.326067977241	0.16839269049	0.391591654875
-lig	0.0474308300395	0.95256916996	0.0	0.0
-ome	0.0	1.0	0.0	0.0
-lic	0.184210526316	0.717105263158	0.078947368421	0.0197368421053
-lwo	0.0	0.666666666667	0.333333333333	0.0
-nco	0.260743602125	0.521970062772	0.217286335104	0.0
-duq	0.078431372549	0.333333333333	0.558823529412	0.0294117647059
-dur	0.19014084507	0.677062374246	0.0845070422536	0.0482897384306
-duu	0.123782487444	0.098029565654	0.0126058544497	0.765582092453
-duw	1.0	0.0	0.0	0.0
-byo	0.171791839148	0.619455943229	0.177409816677	0.0313424009462
-sno	0.496710526316	0.315789473684	0.0888157894736	0.0986842105263
-mca	0.0588235294118	0.56862745098	0.196078431373	0.176470588235
-dud	0.106529209622	0.333333333333	0.505154639175	0.0549828178694
-mci	0.660714285714	0.196428571429	0.125	0.0178571428571
-dul	0.0226928275919	0.015155859583	0.00270347765535	0.95944783517
-dun	0.00165608611648	0.996687827767	0.00165608611648	0.0
-lbo	0.090909090909	0.909090909091	0.0	0.0
-wlo	0.070981210856	0.80375782881	0.0688935281837	0.0563674321503
-did	0.376223457874	0.452194365861	0.0960339912637	0.0755481850009
-dig	0.0201005025126	0.321151210598	0.645957058017	0.0127912288716
-fer	0.0	0.946222791293	0.0537772087068	0.0
-fes	0.0	1.0	0.0	0.0
-dib	0.185503263483	0.0987289591205	0.0273445551357	0.68842322226
-dil	0.683168316832	0.123762376238	0.0891089108911	0.10396039604
-din	0.248496868191	0.102246549983	0.0243702273234	0.624886354503
-dii	0.0943240403763	0.558966712603	0.0260364860242	0.320672760997
-sle	0.076923076923	0.846153846154	0.076923076923	0.0
-fed	0.0	1.0	0.0	0.0
-sla	0.107799071422	0.0616418057888	0.27538773091	0.55517139188
-dir	0.94003868472	0.00193423597679	0.00967117988393	0.0483558994197
-dis	0.0287716120096	0.6978980739	0.057543224019	0.215787090071
-fel	0.0	0.992125984252	0.00787401574802	0.0
-slo	0.0	1.0	0.0	0.0
-dix	0.430894308943	0.178861788618	0.373983739837	0.0162601626016
-sli	0.0222222222223	0.851851851852	0.103703703704	0.0222222222222
-rta	0.157122280259	0.630170249426	0.0499270163275	0.162780453988
-'os	0.268965517241	0.731034482759	0.0	0.0
-'ow	0.0	0.0	0.666666666667	0.333333333333
-yra	0.142144638404	0.753117206982	0.0224438902743	0.0822942643392
-qlo	0.921206879267	0.0533968977623	0.0	0.0253962229707
-ema	0.0	1.0	0.0	0.0
-qli	0.631409683759	0.0808171044012	0.25275445179	0.03501876005
-emo	0.31419939577	0.646525679758	0.0181268882175	0.0211480362538
-emi	0.444444444445	0.444444444444	0.0	0.111111111111
-qla	0.870043568191	0.121418826739	0.0	0.00853760506976
-rtu	0.165915238954	0.659603246168	0.0545536519386	0.11992786294
-cii	0.0599666851749	0.900055524709	0.0177679067185	0.0222098833981
-cin	0.667521462816	0.0975954212659	0.02861708849	0.206266027428
-cib	0.0	0.938775510204	0.0204081632653	0.0408163265306
-cid	0.559188943213	0.329692890554	0.0110059897983	0.100112176435
-rji	0.0	1.0	0.0	0.0
-cis	0.0307692307692	0.153846153846	0.707692307692	0.107692307692
-cir	0.0668693009119	0.750759878419	0.164133738602	0.0182370820669
-ooc	0.134168157424	0.579606440072	0.268336314848	0.0178890876565
-'ad	0.0	1.0	0.0	0.0
-'aa	0.166010733453	0.0915921288015	0.713059033989	0.0293381037567
-lim	0.0	1.0	0.0	0.0
-'an	0.446302250804	0.11961414791	0.422508038585	0.011575562701
-'am	0.0	0.961206896552	0.0	0.0387931034483
-lin	0.453602043078	0.29217442398	0.0589828324739	0.195240700468
-'ah	0.0264317180617	0.973568281938	0.0	0.0
-'as	0.0025	0.9975	0.0	0.0
-'ay	0.412878358463	0.35812266183	0.0566829157691	0.172316063938
-'ax	0.00301810865191	0.996981891348	0.0	0.0
-hti	0.0488563077066	0.735164478263	0.035957871294	0.180021342736
-gno	0.738046251337	0.160727512139	0.042465640688	0.0587605958358
-khi	0.0	0.333333333333	0.333333333333	0.333333333333
-nba	0.185689997411	0.394068352464	0.0921593164754	0.32808233365
-oor	0.179536295597	0.633480543048	0.0380935825277	0.148889578827
-lib	0.0945431832378	0.803134404633	0.0335017886548	0.068820623474
-sba	0.136025265057	0.369727047146	0.0410557184751	0.453191969321
-qin	0.195120217511	0.300126170632	0.451442077017	0.0533115348391
-rxa	0.489416623645	0.25193598348	0.238513164688	0.0201342281879
-ile	0.350911458333	0.627213541667	0.021875	0.0
-ila	0.0886300833266	0.0382068385997	0.109033415255	0.764129662819
-rxi	0.587568058076	0.185117967332	0.224591651543	0.00272232304901
-ilo	0.509376246841	0.280888416013	0.176619231281	0.0331161058651
-rxo	0.42030934768	0.282447881641	0.227303295225	0.0699394754539
-ili	0.201985796705	0.780488074383	0.00639722631993	0.011128902592
-bxi	1.0	0.0	0.0	0.0
-dto	0.339378238342	0.147668393782	0.0466321243523	0.466321243523
-uuf	0.427065026362	0.562390158172	0.0105448154657	0.0
-olo	0.105903659695	0.74791836915	0.109768756764	0.0364092143914
-one	0.571428571429	0.285714285714	0.142857142857	0.0
-anu	0.160410196759	0.202242216556	0.0624372505401	0.574910336145
-ona	0.146874767523	0.101685387832	0.0245237558706	0.726916088774
-ono	0.194546443742	0.0224278291425	0.00369360390923	0.779332123207
-oni	0.555079059455	0.105680028006	0.0891971526927	0.250043759846
-ana	0.229376276511	0.298700030885	0.0627798454336	0.40914384717
-onu	0.287221570926	0.441969519343	0.0984759671748	0.172332942556
-ane	0.120252840737	0.132294869231	0.0427912947622	0.70466099527
-ani	0.504423969803	0.328748757365	0.0991822416558	0.0676450311754
-ano	0.368335554815	0.484734255248	0.0952286737754	0.0517015161613
-yir	0.0512820512821	0.358974358974	0.459308807135	0.130434782609
-yim	0.0	0.998424369748	0.0015756302521	0.0
-yil	0.0	1.0	0.0	0.0
-yin	0.288565976386	0.616148331565	0.0675913488147	0.027694343234
-mna	0.0547787979966	0.915831942126	0.00452142459655	0.024867835281
-yid	0.22348666621	0.734009734695	0.0	0.0425035990951
-rmo	0.290816326531	0.612244897959	0.0816326530612	0.0153061224489
-xem	0.0	1.0	0.0	0.0
-'ba	0.158878504673	0.373831775701	0.467289719626	0.0
-xee	0.781415929204	0.029203539823	0.0761061946903	0.113274336283
-xer	0.065169769989	0.90562248996	0.00219058050383	0.0270171595473
-dhe	0.0	0.846153846154	0.153846153846	0.0
-dha	0.242053710239	0.295134393824	0.224171972075	0.238639923862
-dho	0.322718258271	0.609885149014	0.0342542177083	0.0331423750064
-bya	0.767195767196	0.201058201058	0.0	0.031746031746
-dhi	0.612895866179	0.0301484442381	0.00306516759307	0.35389052199
-dhu	0.195325542571	0.757929883139	0.0200333889816	0.0267111853088
-sma	0.190821256039	0.112201963534	0.0479195885928	0.649057191834
-smo	0.341843971631	0.456737588653	0.127659574468	0.0737588652482
-smi	0.788461538461	0.115384615385	0.0769230769232	0.0192307692308
-xor	0.00797872340426	0.202127659574	0.787613981763	0.00227963525836
-ima	0.130017952228	0.101529618543	0.0460419919915	0.722410437238
-ime	0.4	0.4	0.2	0.0
-imi	0.480788847331	0.332766632665	0.157882806302	0.0285617137028
-byi	0.893081761006	0.0911949685533	0.0	0.0157232704402
-imo	0.0892887646148	0.705956438672	0.112490506437	0.0922642902757
-dub	0.261930010605	0.661717921527	0.0190880169671	0.0572640509014
-qmi	0.690821256039	0.154589371981	0.154589371981	0.0
-rig	0.0	0.714285714286	0.0	0.285714285714
-ter	0.0290798939796	0.935478985233	0.0299886406664	0.00545248012116
-rib	0.060070671378	0.833922261484	0.106007067138	0.0
-qma	0.21875	0.489583333333	0.208333333333	0.0833333333333
-eji	0.156669019054	0.543401552576	0.268172194778	0.0317572335921
-rim	0.0	1.0	0.0	0.0
-a'u	0.173559031498	0.70323548318	0.110349260767	0.0128562245554
-ejo	0.260869565217	0.579710144927	0.130434782609	0.0289855072464
-a'o	0.38125	0.153125	0.23125	0.234375
-ris	0.0385395537525	0.951318458418	0.00608519269777	0.00405679513185
-teg	0.0	1.0	0.0	0.0
-a'a	0.460767946578	0.410684474123	0.093489148581	0.0350584307179
-raq	0.1171875	0.8828125	0.0	0.0
-tel	0.0	1.0	0.0	0.0
-tem	0.0	0.762711864407	0.237288135593	0.0
-ten	0.0	1.0	0.0	0.0
-xob	0.0	1.0	0.0	0.0
-ara	0.434206081081	0.181038851351	0.131566722973	0.253188344595
-mco	0.0750972506098	0.857915210655	0.037317861146	0.0296696775895
-aro	0.36771436323	0.253455978742	0.151287814822	0.227541843205
-ari	0.362143805799	0.273517073484	0.186884498083	0.177454622635
-aru	0.353992183138	0.237297599107	0.345058626466	0.0636515912897
