koi-	0.208558318757	0.771034552691	0.0106471975055	0.00975993104673
iam-	0.0544959128065	0.911444141689	0.00681198910081	0.0272479564033
omo-	0.0744308231173	0.732602083141	0.0260853534888	0.166881740253
gin-	0.243373493976	0.579098616689	0.114502454261	0.0630254350736
muw-	0.428505764939	0.396740487348	0.0707284782149	0.104025269498
nak-	0.693548387097	0.241935483871	0.0	0.0645161290323
son-	0.439462599794	0.341258583492	0.0565069501951	0.162771866519
dok-	0.0984796129924	0.633724948169	0.0501036627505	0.217691776088
maa-	0.0	1.0	0.0	0.0
ied-	0.650489824261	0.162794369462	0.0278405996236	0.158875206654
ipu-	0.264137675073	0.312366925166	0.191823100815	0.231672298947
kak-	0.0514011799264	0.599054121415	0.287982788059	0.0615619106001
tut-	0.387543561791	0.527566794746	0.0285944062193	0.0562952372442
kul-	0.629745077464	0.234800320968	0.128325412012	0.0071291895562
lau-	0.25842145106	0.538107517447	0.145210345685	0.0582606858069
eda-	0.0346180081855	0.0351296043656	0.0755457025921	0.854706684857
eno-	0.480726252124	0.329293901334	0.0754044396779	0.114575406864
aku-	0.00806451612903	0.991935483871	0.0	0.0
ite-	0.69616519174	0.0825958702064	0.221238938053	0.0
lis-	0.0076660988075	0.992333901193	0.0	0.0
ism-	0.131291028446	0.485776805252	0.164113785558	0.218818380744
tea-	0.447156036579	0.402737980233	0.0757798071626	0.0743261760254
aba-	0.147467734692	0.773594342296	0.0350835213383	0.043854401673
ana-	0.175009090138	0.644334254321	0.0576726793472	0.122983976194
nel-	0.0444232904966	0.733724681369	0.0453487757153	0.176503252419
inb-	0.56206088993	0.250585480094	0.131147540984	0.056206088993
sak-	0.0896385703299	0.85606339229	0.0365107492728	0.0177872881073
iud-	0.036629019581	0.903418993268	0.00859660663636	0.0513553805147
pid-	0.141818181818	0.858181818182	0.0	0.0
aub-	0.538487419891	0.34415811831	0.0684734865422	0.0488809752562
une-	0.281453235626	0.576241412301	0.022584670668	0.119720681405
iem-	0.000529100529102	0.992063492063	0.0031746031746	0.0042328042328
ALL	0.237214845458	0.279670844511	0.052082500122	0.431031809908
seg-	0.47881949982	0.163456838782	0.0495905016204	0.308133159778
kat-	0.43795620438	0.452554744526	0.0656934306569	0.043795620438
sun-	0.597983133809	0.306127263077	0.0746594326827	0.0212301704311
mil-	0.032967032967	0.492673992674	0.0	0.474358974359
sog-	0.250764525994	0.584097859327	0.128440366973	0.0366972477064
sen-	0.195818492549	0.700761871296	0.0771454583207	0.0262741778339
ini-	0.363764223233	0.424986024508	0.085123887785	0.126125864474
rep-	0.0	1.0	0.0	0.0
tus-	0.0	1.0	0.0	0.0
tai-	0.235933862592	0.636184563959	0.052790544977	0.0750910284725
mar-	0.316027088036	0.446952595937	0.186230248307	0.0507900677201
dek-	0.0	0.744186046512	0.0	0.255813953488
abr-	0.0120931284312	0.938500077123	0.0394617875124	0.00994500693357
iri-	0.562649531253	0.230706900051	0.046460915765	0.160182652931
nen-	0.407379981641	0.361170421783	0.058566658653	0.172882937923
wai-	0.475610657292	0.135917496433	0.0260256887465	0.362446157528
mul-	0.484147698178	0.309805109124	0.116612598321	0.0894345943763
ate-	0.569933799797	0.167776049539	0.0589947562819	0.203295394382
euo-	0.228346456693	0.771653543307	0.0	0.0
naw-	0.414063635043	0.400232456777	0.0339677466221	0.151736161557
iwi-	0.194495677309	0.523026092673	0.228242409855	0.0542358201635
ies-	0.00946023049332	0.570230220581	0.00271465930712	0.417594889619
sin-	0.408546846365	0.424825602589	0.155092604152	0.0115349468943
bod-	0.46508396943	0.41767472406	0.0431725680236	0.0740687384865
ioi-	0.265945199171	0.62767672116	0.106378079668	0.0
owa-	0.124441961397	0.722626632697	0.0236970784076	0.129234327499
pat-	0.127032520325	0.849593495935	0.00609756097561	0.0172764227642
iar-	0.0	1.0	0.0	0.0
mur-	0.199893381761	0.0985259369922	0.061559076706	0.640021604541
ror-	0.318152895191	0.456710546975	0.189734817496	0.0354017403377
oma-	0.244978155904	0.367831225521	0.315339950751	0.0718506678236
uam-	0.240896980462	0.140985790408	0.135879218473	0.482238010657
lom-	0.425547146656	0.523215381469	0.0278175496012	0.0234199222745
gen-	0.285714285714	0.685714285714	0.0	0.0285714285714
saw-	0.291934827133	0.159153874479	0.0979199626656	0.450991335722
ake-	0.236151603498	0.711370262391	0.0	0.0524781341108
kid-	0.037037037037	0.962962962963	0.0	0.0
oib-	0.264248704663	0.487046632124	0.0932642487047	0.155440414508
pas-	0.0246292780543	0.934091025707	0.00230899481759	0.0389707014213
noe-	0.535782294158	0.183160530907	0.0668534056882	0.214203769246
sig-	0.233235617442	0.412788567241	0.301209234152	0.0527665811653
nai-	0.208544377275	0.185347915394	0.0404315426733	0.565676164658
276-	0.0	0.193548387097	0.0	0.806451612903
eso-	0.279441117764	0.650698602794	0.0299401197605	0.0399201596806
gug-	0.326750448833	0.59066427289	0.0825852782765	0.0
epa-	0.448656639338	0.428683584981	0.0583037881438	0.0643559875379
500-	0.149457472874	0.0245012250613	0.0399019950998	0.786139306965
sap-	0.187522867519	0.244854098245	0.0882984792088	0.479324555026
asi-	0.295266552247	0.322394153818	0.0434168019281	0.338922492007
dia-	0.327195739914	0.102567068941	0.0244157882292	0.545821402916
nan-	0.468291514818	0.329750105773	0.0404360794731	0.161522299937
oto-	0.0452263155639	0.81894053682	0.0222587934401	0.113574354176
rer-	0.094917935535	0.851690725727	0.0237294838837	0.0296618548547
153-	0.0777202072539	0.310880829016	0.0621761658031	0.549222797927
pok-	0.393031478179	0.274176693724	0.0968561894654	0.235935638632
geg-	0.280532043531	0.663442160419	0.0439338976219	0.0120918984281
eke-	0.0514161781484	0.850590573044	0.0180871558597	0.0799060929484
nog-	0.455	0.512272727273	0.00545454545454	0.0272727272727
amu-	0.789173789174	0.074074074074	0.034188034188	0.102564102564
tol-	0.701492537313	0.0597014925373	0.0597014925373	0.179104477612
lei-	0.426543576462	0.213726301527	0.0378389465011	0.32189117551
tew-	0.271720977201	0.604769487707	0.085058453412	0.0384510816794
mir-	0.291958001852	0.344464138455	0.303014753202	0.0605631064914
isa-	0.0663024126711	0.845294370434	0.0442016084474	0.0442016084474
eut-	0.0	0.929824561403	0.0701754385965	0.0
pud-	0.0	1.0	0.0	0.0
dio-	0.267003339578	0.488392929869	0.112894029486	0.131709701067
bab-	0.339465434041	0.530799601964	0.0321392268267	0.0975957371682
ita-	0.00446581302755	0.00417353138606	0.000287036723785	0.991073618863
war-	0.255934378231	0.583685974348	0.039403519874	0.120976127547
sor-	0.200204397042	0.591443066385	0.032261442073	0.1760910945
moi-	0.311670465068	0.536003771622	0.0679716536365	0.0843541096731
ura-	0.35400390625	0.63134765625	0.00732421874999	0.00732421874999
iai-	0.109868266842	0.815967371431	0.0229712624818	0.0511930992453
mee-	0.469208211144	0.431085043988	0.0469208211144	0.0527859237537
tam-	0.240554138015	0.332175275219	0.0719341492597	0.355336437506
kod-	0.0841121495326	0.803738317757	0.11214953271	0.0
tua-	0.397083300309	0.602916699691	0.0	0.0
oni-	0.327059626342	0.447815649542	0.0874216866534	0.137703037463
non-	0.44618750194	0.419770977276	0.0698341227195	0.0642073980647
uba-	0.0569549609339	0.884642070651	0.0267881384054	0.03161483001
sou-	0.277400565955	0.249927811832	0.0202951877305	0.452376434482
dod-	0.275629349504	0.273014205934	0.234705439458	0.216651005104
tau-	0.28718369896	0.107727433696	0.032997443568	0.572091423776
pou-	0.134334794796	0.575260547689	0.199338747934	0.091065909581
mal-	0.254441908622	0.385245241937	0.222102095077	0.138210754364
ias-	0.0287067604421	0.957513994546	0.0137792450122	0.0
sab-	0.339487856538	0.428831501651	0.0779909802912	0.15368966152
ens-	0.050816733739	0.896736801341	0.01943668872	0.0330097762003
aki-	0.0	1.0	0.0	0.0
nin-	0.236668937364	0.556375863975	0.151472085522	0.0554831131398
aup-	0.0954227543434	0.0853549939873	0.0117623787065	0.807459872963
700-	0.0634473034895	0.192104335566	0.0634473034896	0.681001057455
ian-	0.157528285466	0.111256164781	0.00623730780389	0.72497824195
tuw-	0.3475	0.4975	0.055	0.0999999999999
sir-	0.343299432259	0.583221010497	0.0269574807009	0.0465220765428
emo-	0.519116898428	0.203398895073	0.052709328723	0.224774877776
ins-	0.338641548504	0.22748034144	0.0762074801939	0.357670629862
mab-	0.0	0.974137931034	0.00862068965519	0.0172413793103
esr-	0.0	1.0	0.0	0.0
ira-	0.203546330462	0.657517068086	0.0202618849812	0.118674716471
red-	0.133146283671	0.813082641164	0.0259873570396	0.0277837181253
and-	0.240804062527	0.184374286109	0.0303851916699	0.544436459693
apa-	0.0417676289653	0.305317464532	0.0120150737881	0.640899832714
ius-	0.0456096737489	0.671668043016	0.129326069123	0.153396214112
san-	0.225048260396	0.16737915788	0.332318219176	0.275254362549
dud-	0.303968560259	0.467439304979	0.0889221459862	0.139669988776
ine-	0.361607142857	0.477678571429	0.107142857143	0.0535714285714
oil-	0.0	0.938461538462	0.0615384615385	0.0
mae-	0.469109687053	0.199900454178	0.0348410377652	0.296148821004
per-	0.0501863594429	0.883376683937	0.00484460639421	0.0615923502254
ger-	0.0877192982456	0.885964912281	0.00526315789474	0.0210526315789
mor-	0.516954022988	0.382471264368	0.100574712644	0.0
uwa-	0.21080373571	0.593828681895	0.0855527551066	0.109814827288
nis-	0.440449071271	0.432132047216	0.056153724625	0.0712651568888
lid-	0.0517799352751	0.766990291262	0.0	0.181229773463
gas-	0.0605633802817	0.907042253521	0.00760563380281	0.0247887323944
ata-	0.156322520625	0.764703476901	0.0202418802458	0.0587321222282
pig-	0.0	1.0	0.0	0.0
wae-	0.34756219563	0.453451301977	0.0602280268155	0.138758475578
waa-	0.442918965192	0.375161566161	0.0213314219177	0.160588046729
mes-	0.0193236714976	0.927536231884	0.00483091787439	0.0483091787439
sed-	0.113182805393	0.807031922305	0.0211039626276	0.058681309675
num-	0.594396400067	0.260569248718	0.145034351216	0.0
iwu-	0.267921028223	0.536504571353	0.092752086922	0.102822313502
adi-	0.359111057647	0.350523823084	0.085235081259	0.205130038011
eio-	0.111867202804	0.758222497165	0.0433034333437	0.0866068666873
ami-	0.0	1.0	0.0	0.0
pel-	0.053962172517	0.571837142163	0.12735072714	0.246849958179
ome-	0.618471212026	0.231613734554	0.0635636670672	0.086351386353
tek-	0.363523380457	0.275749572782	0.360727046761	0.0
eub-	0.133029407264	0.201968538819	0.53963255016	0.125369503757
ien-	0.213945017778	0.0840487959992	0.0125747983696	0.689431387853
win-	0.454625012214	0.152258064691	0.0588225599138	0.334294363182
gid-	0.041095890411	0.958904109589	0.0	0.0
alp-	0.0	0.996605237633	0.00339476236663	0.0
iaw-	0.0667315445572	0.744668427638	0.0529681634923	0.135631864312
rod-	0.156735751295	0.717616580311	0.0246113989637	0.10103626943
450-	0.0	0.087912087912	0.032967032967	0.879120879121
nem-	0.00120378048806	0.995987398373	0.0	0.00280882113879
eid-	0.311516800455	0.351439022452	0.170527533746	0.166516643347
wan-	0.521874151466	0.127651003734	0.0246240266895	0.32585081811
pon-	0.00752823086575	0.990589711418	0.0	0.00188205771644
ged-	0.0985170444499	0.772377957783	0.105270228949	0.0238347688185
sik-	0.176548967355	0.727514990007	0.0879413724184	0.00799467021983
bui-	0.275757575757	0.698484848485	0.0136363636364	0.0121212121212
ben-	0.387881759231	0.390371071726	0.0635506645692	0.158196504474
ion-	0.122783395072	0.633100541813	0.184492258114	0.0596238050013
nip-	0.589259075087	0.410740924913	0.0	0.0
beg-	0.0	0.616438356164	0.0	0.383561643836
iun-	0.0	1.0	0.0	0.0
pin-	0.189349112426	0.639053254438	0.159763313609	0.0118343195266
bun-	0.54318488529	0.347165991903	0.0792847503375	0.0303643724696
ili-	0.128571428571	0.785714285714	0.0	0.0857142857143
map-	0.217832537642	0.101687370044	0.0419017954101	0.638578296903
nar-	0.341459773853	0.455343672199	0.196479312496	0.00671724145284
idi-	0.244859299055	0.412804496732	0.0690482401395	0.273287964074
weu-	0.622240078011	0.269275897888	0.0539167768016	0.0545672472993
raa-	0.0368098159509	0.944785276074	0.0	0.0184049079754
sat-	0.452631578947	0.105263157895	0.326315789474	0.115789473684
pur-	0.256612210766	0.360537009883	0.197326979384	0.185523799967
gur-	0.59061761728	0.139010762365	0.0918738515768	0.178497768778
esl-	0.0	1.0	0.0	0.0
rak-	0.0	1.0	0.0	0.0
gud-	0.46799793208	0.413176867432	0.0493796855563	0.0694455149324
nad-	0.705286656346	0.208099192875	0.0399143551979	0.0466997955815
nib-	0.650088518694	0.290899428444	0.0212013218554	0.0378107310062
abi-	0.0	0.976343985083	0.00394266915289	0.0197133457644
aka-	0.104247340317	0.791505319366	0.047690865365	0.0565564749521
12.-	0.0568181818182	0.0857438016529	0.0	0.857438016529
eup-	0.0	1.0	0.0	0.0
ded-	0.267419962335	0.0809792843691	0.195856873823	0.455743879473
mom-	0.487650726221	0.273998840493	0.104296503698	0.134053929588
ban-	0.498935804584	0.280729635639	0.0634560356377	0.156878524139
ios-	0.0240157141628	0.935852952141	0.00946290826714	0.0306684254294
nau-	0.261403668761	0.616403467231	0.0702088738058	0.0519839902021
ter-	0.0	1.0	0.0	0.0
wen-	0.265918353711	0.529297788468	0.139640542527	0.0651433152936
dab-	0.499454816676	0.295625272185	0.0696877050331	0.135232206106
did-	0.459016393443	0.289617486339	0.251366120219	0.0
240-	0.0	0.816326530612	0.0646258503402	0.119047619048
nam-	0.223866594768	0.335037477947	0.135328715544	0.305767211741
ebe-	0.0	1.0	0.0	0.0
ale-	0.350465353742	0.349849014144	0.0355491636471	0.264136468467
bup-	0.241123979495	0.606037592558	0.0787924814885	0.0740459464591
ker-	0.0788198157182	0.620075164631	0.139901975322	0.161203044328
sid-	0.47157737549	0.387239341819	0.0258415829926	0.115341699699
bon-	0.404200411506	0.416344325224	0.0613465328569	0.118108730413
oli-	0.0490674318508	0.882926829268	0.0344332855093	0.0335724533716
mea-	0.27247516765	0.625876065144	0.0381182877023	0.0635304795039
tok-	0.0	0.53591160221	0.46408839779	0.0
ero-	0.0464906410334	0.851584839082	0.0473525176938	0.0545720021903
rir-	0.184426229508	0.754098360656	0.0491803278689	0.0122950819672
kon-	0.118395884176	0.804762218851	0.0253941032913	0.0514477936812
eli-	0.0434108527132	0.837932816537	0.00702842377261	0.111627906977
imu-	0.341819896275	0.610089580387	0.031117397454	0.016973125884
eto-	0.55134179353	0.200582958915	0.0748973765103	0.173177871045
iee-	0.0987654320989	0.224965706447	0.0	0.676268861454
awo-	0.202164610762	0.243052083687	0.0784851600422	0.476298145509
waw-	0.237331702962	0.410102479549	0.0556914885365	0.296874328953
omp-	0.135110888117	0.360529802674	0.309363552953	0.194995756256
ene-	0.483278934542	0.141241587196	0.0337410123561	0.341738465905
pan-	0.265615364285	0.324861245705	0.031495022465	0.378028367545
seu-	0.243292728161	0.681022767755	0.0349521599164	0.0407323441682
bou-	0.0180154002615	0.962371059131	0.00392270812146	0.0156908324858
nim-	0.0	1.0	0.0	0.0
koa-	0.349432145632	0.310834284737	0.229889962029	0.109843607603
ano-	0.0559472220425	0.826984024319	0.0211823297329	0.0958864239053
ari-	0.0197961727399	0.975804677762	0.0	0.00439914949775
enn-	0.803494809563	0.182384016279	0.0141211741575	0.0
gim-	0.541893719607	0.381095619986	0.0398083252485	0.0372023351588
ina-	0.336293105771	0.417203367042	0.0800661928075	0.166437334379
baa-	0.397350993378	0.432355723746	0.113528855251	0.0567644276254
ool-	0.207055214724	0.122699386503	0.670245398773	0.0
mai-	0.160699691374	0.0339330209167	0.0169079996095	0.7884592881
ese-	0.246313963573	0.211621856028	0.22289679098	0.319167389419
rab-	0.301538461538	0.550769230769	0.0	0.147692307692
ape-	0.137632338787	0.667949951877	0.0567853705486	0.137632338787
uwe-	0.593279258401	0.242178447277	0.0533024333719	0.11123986095
epo-	0.431497179958	0.184994100758	0.048387426771	0.335121292514
ba--	0.0851063829787	0.893617021277	0.0212765957447	0.0
ipo-	0.783707865169	0.216292134831	0.0	0.0
dun-	0.310008083964	0.460078784181	0.0901117506499	0.139801381205
got-	0.0127840909091	0.987215909091	0.0	0.0
ato-	0.202662924115	0.340743066279	0.118354804967	0.338239204639
kos-	0.0	1.0	0.0	0.0
lab-	0.367346938775	0.540816326531	0.0	0.0918367346939
nui-	0.452942070853	0.214991637525	0.012771780447	0.319294511175
kau-	0.0464316423044	0.93981083405	0.00859845227861	0.00515907136716
wit-	0.162480667297	0.632668669075	0.0417869348227	0.163063728806
ino-	0.129701686122	0.403372243839	0.330739299611	0.136186770428
bas-	0.0	1.0	0.0	0.0
mid-	0.0673976572889	0.118297920301	0.00036154170252	0.813942880707
teo-	0.104118463674	0.854234150856	0.0277649236465	0.0138824618232
pun-	0.229144095341	0.557421451788	0.0671722643554	0.146262188516
eed-	0.745614035088	0.201754385965	0.0526315789474	0.0
dug-	0.0940636329279	0.871922285522	0.0188967119721	0.0151173695777
tur-	0.0724907063197	0.905204460967	0.0	0.0223048327138
sud-	0.709784069225	0.200147274872	0.00538258899817	0.0846860669045
mot-	0.0379283298648	0.889965227291	0.0383544908746	0.0337519519697
sod-	0.00540735400144	0.994592645999	0.0	0.0
20.-	0.573940020682	0.124095139607	0.0206825232678	0.281282316443
ont-	0.12172485186	0.8018847719	0.0528307274933	0.0235596487471
kun-	0.522431259045	0.278581765557	0.198986975398	0.0
ide-	0.231108089975	0.0395847310993	0.0309568369881	0.698350341938
kan-	0.275208900779	0.620772682802	0.0310449064903	0.072973509928
nei-	0.191300560727	0.16849039142	0.184550057162	0.455658990691
agi-	0.00974212034383	0.977650429799	0.00229226361032	0.0103151862464
aid-	0.21681899732	0.606941558211	0.0727919397174	0.103447504751
sus-	0.359203221944	0.473495156199	0.106890170894	0.0604114509633
oas-	0.0786865142896	0.898150355963	0.0109002963518	0.0122628333958
gap-	0.207843137255	0.266666666667	0.388235294118	0.137254901961
aia-	0.213113097628	0.437766103775	0.0443514599282	0.304769338669
eul-	0.311830037682	0.2380989935	0.129854804303	0.320216164516
osi-	0.0832216765677	0.83731885258	0.0614388216272	0.0180206492251
sio-	0.630715392953	0.181782421707	0.115298546603	0.072203638737
bum-	0.275709675104	0.389070364989	0.077731313683	0.257488646224
iep-	0.46347053681	0.204391960755	0.0467687652593	0.285368737175
daw-	0.0613565342013	0.56023826041	0.0510238123311	0.327381393057
gir-	0.516161176752	0.282628656214	0.0607974253534	0.14041274168
tod-	0.659524184654	0.327241216323	0.0	0.0132345990232
met-	0.0	1.0	0.0	0.0
uab-	0.0194733955019	0.934722984092	0.00658255622601	0.03922106418
100-	0.0105267041065	0.143828066003	0.0360915569366	0.809553672954
eep-	0.530693069307	0.120792079208	0.0118811881188	0.336633663366
udu-	0.0553571278441	0.112555267725	0.0619317606454	0.770155843785
lol-	0.146103896104	0.756493506494	0.0779220779221	0.0194805194805
ken-	0.197368421053	0.771052631579	0.0157894736842	0.0157894736842
ipa-	0.431010952754	0.0412656800357	0.0120108135077	0.515712553703
bub-	0.332379843043	0.48789505111	0.0972283359499	0.0824967698969
eta-	0.512196704459	0.150024261637	0.0439278606636	0.293851173241
mat-	0.272317626257	0.473807062158	0.063626191865	0.19024911972
new-	0.111295681063	0.418604651163	0.210963455149	0.259136212625
ioa-	0.0236632766086	0.965260296043	0.00201389588159	0.00906253146713
bob-	0.242891324912	0.244004229036	0.437927772522	0.0751766735296
kiw-	0.0	1.0	0.0	0.0
mem-	0.58487564801	0.194876969542	0.097037810579	0.123209571869
par-	0.0558134895375	0.850298211377	0.0594476152106	0.0344406838752
seb-	0.0	0.995712409286	0.0	0.0042875907143
ala-	0.0749540611952	0.726861324882	0.006405354886	0.191779259037
but-	0.281976174935	0.596369125326	0.0805319843342	0.0411227154048
sol-	0.10158611359	0.568957079939	0.0338236564092	0.295633150062
ame-	0.0208937899013	0.130457212872	0.00928612884504	0.839362868382
ane-	0.444897446022	0.259320435397	0.0890968482431	0.206685270337
anu-	0.454578129212	0.169826579207	0.022913109893	0.352682181688
aim-	0.427997247588	0.387713911383	0.0891889347037	0.095099906325
bib-	0.232658612994	0.318535417425	0.323528254892	0.125277714689
lod-	0.379110251451	0.620889748549	0.0	0.0
wid-	0.152633344515	0.436430727944	0.0	0.410935927541
kin-	0.0705882352941	0.305882352941	0.0235294117647	0.6
reu-	0.0	1.0	0.0	0.0
eia-	0.0739378211978	0.809474380502	0.0309939958276	0.0855938024729
ona-	0.245482149957	0.414695711253	0.0820993681014	0.257722770689
dan-	0.122268089415	0.380602071812	0.0192479943921	0.477881844381
mub-	0.082762631952	0.0743415544218	0.20474469398	0.638151119646
eba-	0.139773248232	0.243089300486	0.120556816704	0.496580634578
kag-	0.317490494297	0.37072243346	0.121673003802	0.190114068441
wer-	0.328559584599	0.364317051572	0.160786003975	0.146337359855
mis-	0.0196078431372	0.980392156863	0.0	0.0
kom-	0.0	0.918918918919	0.0	0.0810810810811
ted-	0.280160091481	0.379645511721	0.292166952544	0.0480274442539
elm-	0.0	1.0	0.0	0.0
anl-	0.436390532544	0.318047337278	0.186390532544	0.0591715976332
din-	0.326876513317	0.407586763519	0.10008071025	0.165456012914
ioe-	0.0	1.0	0.0	0.0
rin-	0.0147783251231	0.901477832512	0.0837438423646	0.0
was-	0.467207307274	0.318877613843	0.108415743055	0.105499335828
kam-	0.153416072565	0.248321232531	0.316472092946	0.281790601958
eni-	0.486818370098	0.337435499032	0.0731243612272	0.102621769642
sos-	0.151883173556	0.444083076893	0.0584441111866	0.345589638365
don-	0.49189767637	0.269914529772	0.0451981780684	0.19298961579
nep-	0.123191523092	0.677582516385	0.018511122929	0.180714837594
tat-	0.0199236265509	0.947352170531	0.00259117866149	0.0301330242563
moa-	0.159785322727	0.4127866324	0.0834395713882	0.343988473485
dog-	0.131916551216	0.718090196508	0.0146238480479	0.135369404228
meb-	0.173647818646	0.0883119721271	0.162903717498	0.575136491729
rig-	0.0487804878049	0.853658536585	0.0975609756098	0.0
nom-	0.303993480155	0.160962876987	0.0208499465253	0.514193696333
nia-	0.164744432042	0.349304382925	0.0475828604808	0.438368324552
pot-	0.227896436293	0.129154993157	0.549792824382	0.0931557461677
pam-	0.118686868687	0.736426767677	0.0404040404041	0.104482323232
mam-	0.0624271934814	0.146388468956	0.00974744087241	0.78143689669
utu-	0.677419354839	0.193548387097	0.0322580645161	0.0967741935484
esa-	0.182419445038	0.64654577507	0.0161301273892	0.154904652504
kew-	0.541944771627	0.275487501636	0.0647820965843	0.117785630153
sia-	0.0110757221928	0.424062445977	0.564861831831	0.0
boi-	0.483700113874	0.244061333121	0.173724212812	0.0985143401923
sis-	0.092687654582	0.666377449182	0.0195157265951	0.221419169641
wat-	0.322200088271	0.310510180955	0.0690062385934	0.298283492181
pai-	0.0911891520354	0.819495042857	0.0378029649156	0.0515128401917
mos-	0.0751352725424	0.853070414352	0.0138722446163	0.0579220684897
doi-	0.562218487172	0.282127340127	0.0153461860409	0.14030798666
iao-	0.178333333333	0.276666666667	0.445	0.1
sur-	0.438279916436	0.298783136591	0.165061546143	0.0978754008295
epu-	0.377653516451	0.10789847114	0.0401947017509	0.474253310659
dub-	0.215797614822	0.585828730329	0.102060308261	0.0963133465882
gar-	0.227613704854	0.666859845148	0.0493996012796	0.056126848718
lam-	0.00361010830325	0.981949458484	0.014440433213	0.0
bet-	0.0309827852488	0.926074509361	0.00339021358346	0.039552491807
wed-	0.0678260869565	0.928695652174	0.0	0.00347826086956
ges-	0.0	1.0	0.0	0.0
oaw-	0.22641509434	0.701886792453	0.0641509433962	0.0075471698113
buk-	0.26045072229	0.512519885992	0.0319126906085	0.19511670111
sal-	0.329877491656	0.472794570102	0.0300676872588	0.167260250984
bop-	0.318924971152	0.247765434403	0.162724361049	0.270585233397
ewo-	0.530115939736	0.219747920671	0.0816139406944	0.168522198899
aun-	0.113359336909	0.824475865431	0.00365675280351	0.0585080448562
isk-	0.00150602409639	0.998493975904	0.0	0.0
eue-	0.256309832936	0.418238278756	0.0477087971252	0.277743091182
gab-	0.147561151025	0.615093004065	0.0590880529332	0.178257791977
nub-	0.162255589399	0.151938760015	0.0840977910374	0.601707859548
400-	0.0137931034483	0.0183908045977	0.0	0.967816091954
den-	0.0657976721581	0.358497619819	0.141315454976	0.434389253047
bad-	0.185963322758	0.176174651465	0.101013023771	0.536849002006
eme-	0.01875	0.70625	0.275	0.0
dui-	0.507042253521	0.492957746479	0.0	0.0
kut-	0.375661611555	0.346362826207	0.127500462932	0.150475099306
age-	0.0	1.0	0.0	0.0
eil-	0.456071076012	0.455657102825	0.0441359105818	0.0441359105818
mui-	0.448717948718	0.157051282051	0.242788461538	0.151442307692
das-	0.333011583012	0.0694980694981	0.48166023166	0.11583011583
tab-	0.0341394025605	0.883357041252	0.0312944523471	0.0512091038407
gal-	0.0466010077715	0.897829817442	0.0109792950247	0.0445898797622
nul-	0.95652173913	0.0	0.0434782608696	0.0
kar-	0.0706943550604	0.843136719071	0.0400709938821	0.0460979319863
soa-	0.26150474244	0.437565872069	0.0132018300125	0.287727555478
sel-	0.0216407992449	0.839333460151	0.135091049832	0.00393469077181
awe-	0.339719152632	0.453264488732	0.143319017517	0.0636973411186
deu-	0.310415205051	0.400503858664	0.258945085784	0.0301358505007
neb-	0.183176225508	0.104479849406	0.195023444073	0.517320481013
wad-	0.417402335611	0.201981151759	0.0465173027189	0.334099209911
ist-	0.0176032498307	0.979011509817	0.00338524035206	0.0
imo-	0.0736214391109	0.432572252174	0.41202959748	0.0817767112348
ete-	0.380882565739	0.317616338664	0.0454468259251	0.256054269672
not-	0.0	1.0	0.0	0.0
tak-	0.0379073056164	0.945700346009	0.0112697395076	0.00512260886708
mer-	0.0242798906957	0.77104331855	0.00134390538906	0.203332885365
luk-	0.0132743362832	0.973451327434	0.0	0.0132743362832
ode-	0.431263405133	0.118278460403	0.0383317012027	0.412126433262
mei-	0.510530749789	0.124684077506	0.147430497051	0.217354675653
kop-	0.144903117102	0.507160909857	0.342881213142	0.0050547598989
iwo-	0.0304328223625	0.807258791704	0.0388863841299	0.123422001803
sue-	0.0408163265306	0.0816326530612	0.775510204082	0.102040816327
eie-	0.440658396646	0.162569748747	0.0679124239463	0.328859430661
one-	0.0634201585504	0.694790486976	0.0821064552662	0.159682899207
bea-	0.0	0.965862539827	0.0341374601729	0.0
gog-	0.0	0.984962406015	0.0150375939849	0.0
ani-	0.128140703518	0.841708542714	0.0	0.0301507537689
poi-	0.422356419142	0.505521622876	0.0359583311418	0.03616362684
126-	0.0992366412212	0.137404580153	0.0	0.763358778626
unu-	0.113277122891	0.760591108924	0.036291291409	0.0898404767757
sil-	0.00671188715894	0.950881189428	0.0369153793742	0.00549154403913
430-	0.0338983050847	0.0338983050847	0.0	0.932203389831
lal-	0.115565185988	0.819429396894	0.0650054171181	0.0
bua-	0.0	0.939024390244	0.0365853658537	0.0243902439024
sub-	0.450236966825	0.113744075829	0.194312796208	0.241706161137
kib-	0.275480059084	0.409158050222	0.239783357952	0.0755785327425
leu-	0.529462461331	0.137905590584	0.0320660970764	0.300565851009
gus-	0.675090252708	0.281588447653	0.0216606498195	0.0216606498195
kis-	0.0	0.907692307692	0.0923076923077	0.0
tik-	0.0449293966624	0.947368421053	0.007702182285	0.0
rei-	0.0	1.0	0.0	0.0
pim-	0.224299065421	0.738317757009	0.0373831775701	0.0
sau-	0.344420711232	0.420249467252	0.0746952603335	0.160634561183
sag-	0.00291545189504	0.583090379009	0.0	0.413994169096
ser-	0.01460971198	0.98539028802	0.0	0.0
bom-	0.54654386619	0.339567795868	0.0602403384324	0.0536479995095
kit-	0.204915395998	0.613073409252	0.18201119475	0.0
pop-	0.181878601707	0.754628016113	0.0277498601869	0.0357435219932
gol-	0.0450923620812	0.677673115494	0.271927702381	0.00530682004418
ela-	0.0222693486086	0.954523645999	0.0182843072787	0.00492269811349
sow-	0.086684079647	0.445666074329	0.126845722571	0.340804123453
nag-	0.0978242835179	0.762935023468	0.0259382569934	0.113302436021
bai-	0.0741638708136	0.0519604311517	0.0125073294783	0.861368368556
iid-	0.55223880597	0.15671641791	0.201492537313	0.089552238806
sew-	0.174898314933	0.691458454387	0.0900639163277	0.0435793143521
itu-	0.422219090034	0.279636660374	0.0745860833995	0.223558166193
kad-	0.211610650007	0.34851384172	0.182115151957	0.257760356316
oda-	0.32335533468	0.336078853789	0.0531438785066	0.287421933025
ras-	0.368083812731	0.449862027033	0.0879285346803	0.0941256255554
gul-	0.349089048991	0.265023851458	0.215774457058	0.170112642494
nal-	0.720930232558	0.174418604651	0.104651162791	0.0
man-	0.192363501109	0.32219449455	0.0289009167259	0.456541087615
men-	0.483913696778	0.156080763521	0.0530923658922	0.306913173808
dim-	0.178877145556	0.0723758079783	0.00830674035577	0.740440306109
bus-	0.305418719212	0.28078817734	0.266009852217	0.147783251231
ain-	0.356034272925	0.340964916707	0.130532690778	0.17246811959
daa-	0.151675084867	0.406926085267	0.425176895655	0.0162219342104
tap-	0.219863013699	0.490410958904	0.0335616438356	0.256164383562
eui-	0.339624372113	0.126618510867	0.479503562661	0.0542535543587
deb-	0.129718257536	0.237250057404	0.227688025882	0.405343659179
are-	0.0205761316872	0.942386831276	0.037037037037	0.0
mow-	0.558103975535	0.20744138634	0.0305810397554	0.203873598369
dom-	0.515630678822	0.330110108368	0.0426407580124	0.111618454797
iak-	0.00975243810953	0.977869467367	0.0	0.0123780945236
lai-	0.258987127253	0.23007277919	0.0658146742347	0.445125419322
wea-	0.109882365696	0.826042174879	0.0390307367051	0.0250447227191
eip-	0.40813559322	0.217288135593	0.145084745763	0.229491525424
bos-	0.55226627984	0.313382890371	0.0262208193513	0.108130010438
ior-	0.0	1.0	0.0	0.0
mag-	0.0168793742281	0.904075751338	0.0271716755867	0.0518731988473
siw-	0.0814990006492	0.861933057556	0.0258937761737	0.0306741656211
wap-	0.498023535209	0.188009772218	0.0360700326309	0.277896659942
eai-	0.562841530055	0.349726775956	0.0	0.0874316939891
iot-	0.0571987306062	0.789257833082	0.0295063219195	0.124037114392
dob-	0.448352240884	0.402802988407	0.10525006799	0.0435947027179
taw-	0.0421493939755	0.852689362533	0.0190515401879	0.0861097033036
mon-	0.0987834551258	0.551442593252	0.118120039313	0.23165391231
tou-	0.447482118344	0.354873202803	0.018206776967	0.179437901886
ram-	0.0695440997903	0.93045590021	0.0	0.0
pit-	0.0194998934097	0.883143074366	0.00714768133085	0.0902093508935
lap-	0.666666666667	0.309523809524	0.0	0.0238095238095
pea-	0.00407055630936	0.987788331072	0.00814111261874	0.0
las-	0.0864299477017	0.691769887146	0.0338563170933	0.18794384806
nas-	0.0834998948032	0.823401009889	0.0478645066274	0.0452345886809
eti-	0.0376344086021	0.897849462366	0.0483870967742	0.0161290322581
wik-	0.0817661488143	0.557294708562	0.0414671183273	0.319472024296
sip-	0.511287118532	0.255626232508	0.0170812510476	0.216005397912
sea-	0.00575161250566	0.994248387494	0.0	0.0
eud-	0.151042240061	0.0916874983872	0.371356935684	0.385913325868
reb-	0.319973345251	0.353248997677	0.167656070841	0.159121586231
dum-	0.0972222222221	0.433333333333	0.411111111111	0.0583333333333
ema-	0.0596254877499	0.094666768656	0.0254681008882	0.820239642706
pis-	0.543148607665	0.14805624483	0.00578990901572	0.303005238489
rup-	0.520233794699	0.356780452165	0.0779315663433	0.0450541867922
ten-	0.0705882352941	0.717647058823	0.211764705882	0.0
oal-	0.446202531646	0.304355919583	0.100521221147	0.148920327625
pet-	0.0404881895352	0.863544762872	0.0216829312552	0.0742841163372
sai-	0.200682600563	0.61203771232	0.0936016248283	0.0936780622895
wir-	0.528466570228	0.307635733107	0.10842088344	0.0554768132248
pum-	0.0784924754225	0.510904664256	0.182683968724	0.227918891597
suw-	0.261340066733	0.602308594102	0.113626115971	0.0227252231941
amb-	0.222633352691	0.0682757226906	0.0236922931386	0.68539863148
nop-	0.316721749714	0.383182517061	0.205440643452	0.0946550897732
lot-	0.447605482721	0.398419891327	0.0850803189224	0.0688943070298
gag-	0.307365053879	0.304077800234	0.0384816120962	0.350075533791
nua-	0.297891243075	0.331703663894	0.105787714561	0.26461737847
awa-	0.331913181742	0.164226258341	0.025777887615	0.478082672302
ima-	0.393966581681	0.332787902849	0.162995125538	0.110250389932
nus-	0.0909090909092	0.909090909091	0.0	0.0
ibo-	0.0	1.0	0.0	0.0
sua-	0.321223709369	0.548757170172	0.0841300191204	0.0458891013384
ado-	0.53605292172	0.42756339581	0.00727673649395	0.0291069459757
300-	0.283608939321	0.527502940566	0.00484328513111	0.184044834982
bau-	0.280136770406	0.0735785578224	0.170853075363	0.475431596409
ewa-	0.477554554461	0.176966177501	0.0532020081096	0.292277259928
kot-	0.377978425124	0.396931372207	0.061603155276	0.163487047393
isu-	0.635533995301	0.224391722883	0.0631395436974	0.0769347381187
bul-	0.251467728843	0.355486757405	0.337809827648	0.0552356861042
wak-	0.433169520765	0.318685659972	0.104230480259	0.143914339004
10.-	0.335200746965	0.168067226891	0.0	0.496732026144
now-	0.124468147639	0.360398655815	0.094741548434	0.420391648112
tan-	0.0702576159555	0.0153173893079	0.00737366239812	0.907051332338
wab-	0.577104310302	0.261941371956	0.0496007142503	0.111353603492
edi-	0.49367538257	0.262508925031	0.0361817553644	0.207633937035
bar-	0.0791037951531	0.88934613626	0.0137174211248	0.0178326474623
oai-	0.360052562418	0.508541392904	0.0998685939552	0.0315374507228
abo-	0.270946664481	0.207329947858	0.116165811058	0.405557576603
aga-	0.0343137254902	0.774509803922	0.0416666666667	0.149509803921
wil-	0.594029180138	0.19853436647	0.042286987286	0.165149466105
niw-	0.279778393352	0.113573407202	0.504155124654	0.102493074792
rem-	0.88345157087	0.11654842913	0.0	0.0
osa-	0.0451306413301	0.912114014252	0.0142517814727	0.0285035629454
mau-	0.179829399278	0.321533406324	0.417902248579	0.0807349458179
kok-	0.0813910953177	0.855507943144	0.04999303233	0.0131079292085
mel-	0.0311526479751	0.928664951014	0.00541785182176	0.0347645491896
abu-	0.533604887984	0.42566191446	0.0244399185336	0.0162932790224
bel-	0.0996367410482	0.871302542813	0.0290607161391	0.0
ing-	0.422764913172	0.309271609974	0.115279607353	0.152683869501
wal-	0.0779951415302	0.503337645246	0.00881844398976	0.409848769234
ton-	0.229217332679	0.252113516526	0.384504669689	0.134164481105
ant-	0.531183113399	0.136321258926	0.0215768975753	0.3109187301
gun-	0.465776758858	0.446955449161	0.0689697065655	0.0182980854153
oan-	0.796923076923	0.184615384615	0.0	0.0184615384615
pol-	0.252427527213	0.39336471906	0.133319531272	0.220888222454
poe-	0.176470588235	0.823529411765	0.0	0.0
kua-	0.0384615384615	0.961538461538	0.0	0.0
sar-	0.0632102356018	0.628619343036	0.295856739102	0.0123136822601
lao-	0.0385005065856	0.937183383992	0.0243161094225	0.0
wie-	0.392616160823	0.175997939962	0.0271907542706	0.404195144945
nit-	0.210506784776	0.430765911136	0.0253502907624	0.333377013326
kio-	0.228475486904	0.227132303559	0.446608462055	0.0977837474815
teu-	0.288888888889	0.666666666667	0.0444444444445	0.0
dam-	0.0621253142526	0.899970992071	0.0112808612132	0.0266228324631
put-	0.0	1.0	0.0	0.0
oau-	0.232432134322	0.262849517758	0.456250608312	0.0484677396089
ses-	0.64506468117	0.282226196914	0.0307807495529	0.0419283723638
iik-	0.248388731986	0.606054022739	0.099934825114	0.0456224201608
bal-	0.0429533317855	0.916182957975	0.0304156025075	0.0104481077316
apo-	0.086357376813	0.729853434067	0.0176480807448	0.166141108376
ooi-	0.0491803278689	0.364754098361	0.495901639344	0.0901639344262
ula-	0.123379208044	0.409648886334	0.161374270683	0.305597634939
sad-	0.0303845601952	0.9483067872	0.00355144210073	0.0177572105037
gub-	0.100500682749	0.820937642239	0.0423304506145	0.0362312243969
doa-	0.113449914846	0.6329240736	0.154045660474	0.0995803510803
top-	0.35848164413	0.488835607324	0.0263486800349	0.126334068512
dai-	0.136416820435	0.21219465831	0.100825751595	0.55056276966
eit-	0.0364556962025	0.927088607595	0.0364556962026	0.0
eur-	0.0	0.885997521685	0.089219330855	0.0247831474597
sop-	0.0	0.924528301887	0.0754716981132	0.0
nol-	0.27154566175	0.29098460712	0.0677086577783	0.369761073351
ubo-	0.0221953444947	0.750397861099	0.0635304602458	0.163876334161
tas-	0.0	0.974343310935	0.0256566890654	0.0
amp-	0.409552095074	0.346400169901	0.127851495257	0.116196239767
set-	0.0	1.0	0.0	0.0
iwe-	0.288027608176	0.48765595965	0.0716750730024	0.152641359172
oop-	0.22079115765	0.447166957534	0.258743455497	0.0732984293193
ele-	0.310547090179	0.193575118414	0.0600620843771	0.43581570703
ais-	0.251697102101	0.605965846873	0.0322970618063	0.110039989219
dal-	0.0	1.0	0.0	0.0
imb-	0.024179180453	0.928480529397	0.0	0.0473402901502
toi-	0.42775280288	0.306248832526	0.174882902689	0.0911154619052
rom-	0.12702858985	0.433090728815	0.179112668434	0.260768012901
eam-	0.0	1.0	0.0	0.0
kep-	0.217515017389	0.715460006323	0.051849509959	0.0151754663294
sib-	0.176470588235	0.078431372549	0.745098039216	0.0
wau-	0.308704899841	0.491851382882	0.0706343899385	0.128809327339
sit-	0.102878091205	0.716796265784	0.0410998616549	0.139225781356
law-	0.296126594444	0.587250918755	0.060818895058	0.0558035917428
soi-	0.514285714286	0.205714285714	0.114285714286	0.165714285714
lus-	0.0	1.0	0.0	0.0
era-	0.0	1.0	0.0	0.0
kuk-	0.246380541793	0.645518306415	0.049546361238	0.058554790554
bia-	0.646181858656	0.291316488716	0.0511377157872	0.0113639368416
wiw-	0.361250591244	0.438804930881	0.0451275015961	0.154816976279
pew-	0.311614730878	0.0764872521246	0.101983002833	0.509915014164
bla-	0.156146652531	0.149912179376	0.0258240106334	0.66811715746
dua-	0.310005073733	0.397436946595	0.0817034648685	0.210854514804
aud-	0.125506072875	0.704453441296	0.0485829959514	0.121457489879
bit-	0.211165048544	0.788834951456	0.0	0.0
kip-	0.0481044553889	0.884286048853	0.0509763631732	0.0166331325847
mak-	0.152357523658	0.75704294046	0.0423354513289	0.0482640845525
pep-	0.361745691166	0.530270520426	0.0215967576816	0.0863870307263
sam-	0.0208598321038	0.962350546935	0.0	0.0167896209616
obu-	0.119086125635	0.59515781636	0.0902509717979	0.195505086207
bow-	0.371844779351	0.42901559948	0.111905893312	0.0872337278572
nik-	0.0253875259368	0.960331990724	0.00952032222631	0.00476016111314
oon-	0.107142857143	0.339285714286	0.482142857143	0.0714285714286
teb-	0.308087291399	0.672657252888	0.0115532734274	0.00770218228496
144-	0.0	0.0810810810811	0.0	0.918918918919
rut-	0.0	1.0	0.0	0.0
bag-	0.515500379982	0.335565016396	0.0811768139876	0.0677577896346
eum-	0.702486678508	0.278220126171	0.0128621302138	0.00643106510688
emb-	0.606060606061	0.272727272727	0.121212121212	0.0
lib-	0.0379746835443	0.905063291139	0.0569620253165	0.0
uta-	0.403445800431	0.401422697905	0.17424786269	0.0208836389741
god-	0.0498896892959	0.563686983844	0.00566733792735	0.380755988932
apu-	0.0925732217573	0.712866108787	0.194560669456	0.0
kas-	0.372849512564	0.427034963191	0.11808058884	0.0820349354048
gio-	0.0196671158539	0.951487780894	0.0211967804203	0.00764832283206
sum-	0.291813516348	0.463554859943	0.046546221625	0.198085402084
eim-	0.489673550966	0.495336442372	0.0	0.0149900066622
gam-	0.350822849908	0.471424968206	0.0857417974846	0.0920103844012
ime-	0.0	0.959459459459	0.0	0.0405405405406
ara-	0.0726933830382	0.927306616962	0.0	0.0
gad-	0.208024138104	0.653934410715	0.132336486058	0.00570496512333
sem-	0.0	1.0	0.0	0.0
amo-	0.290510809282	0.537211480512	0.0555121177669	0.11676559244
emm-	0.567181608077	0.241600778494	0.0398978226493	0.15131979078
lik-	0.0681818181818	0.590909090909	0.340909090909	0.0
iop-	0.0171870524205	0.958464623317	0.0157547980521	0.00859352621025
tei-	0.507240259103	0.316969523698	0.0924490356506	0.0833411815488
rub-	0.491018166838	0.330361232628	0.0793520290095	0.0992685715241
ose-	0.0	1.0	0.0	0.0
sut-	0.322784810127	0.601265822785	0.0379746835443	0.0379746835443
sek-	0.0	0.967741935484	0.0322580645161	0.0
kek-	0.517407603036	0.321996212081	0.0894709852512	0.0711251996318
nos-	0.255308734997	0.364782004918	0.0475285514561	0.332380708629
end-	0.156993425343	0.781770186902	0.040115568771	0.0211208189833
noa-	0.305786821408	0.612824656801	0.0149582269211	0.06643029487
aik-	0.0	1.0	0.0	0.0
dos-	0.353806400318	0.360962035381	0.140131186643	0.145100377659
eun-	0.277643073141	0.473687750915	0.137158197601	0.111510978343
wew-	0.469696969697	0.449494949495	0.0	0.0808080808081
kal-	0.29445594663	0.544513457557	0.161030595813	0.0
neo-	0.554987212276	0.184143222506	0.153452685422	0.107416879795
ier-	0.0539958683002	0.87829646838	0.00302688631772	0.0646807770017
boe-	0.863768115942	0.0840579710145	0.0521739130434	0.0
kil-	0.0946557156224	0.817810665064	0.036527187007	0.051006432307
res-	0.0	1.0	0.0	0.0
tob-	0.50726744186	0.440406976744	0.0348837209303	0.0174418604651
pau-	0.0465123972684	0.797913649608	0.00191051669138	0.153663436432
sim-	0.340921408445	0.42666190547	0.13010398517	0.102312700915
nap-	0.5630054312	0.272015512384	0.0436576342753	0.121321422141
lak-	0.597067451451	0.243928708082	0.0891385166256	0.0698653238416
kel-	0.082881212683	0.872297499932	0.0261730145315	0.0186482728537
let-	0.299746204713	0.492397783366	0.0106174909193	0.197238521002
