jer-	0.0495375385385	0.946900258312	0.00149987501042	0.00206232813932
kud-	0.170542635659	0.186046511628	0.093023255814	0.550387596899
tut-	0.707449642971	0.171267185335	0.0460407119258	0.0752424597677
siu-	0.575235980011	0.229687210809	0.0292430131408	0.165833796039
hem-	0.193798449612	0.736434108527	0.046511627907	0.0232558139535
fig-	0.0	1.0	0.0	0.0
son-	0.144995357556	0.0762755426635	0.0165551312147	0.762173968566
qwa-	0.230441518203	0.655305964369	0.0	0.114252517428
ure-	0.0	1.0	0.0	0.0
maa-	0.00719424460431	0.992805755396	0.0	0.0
ipu-	0.348129880806	0.289354706124	0.098643649815	0.263871763255
fal-	0.457046127804	0.34076268397	0.0900456105704	0.112145577656
lel-	0.354354523782	0.458772181575	0.0237671046717	0.163106189971
etl-	0.726950771294	0.0660747993005	0.0125098643652	0.19446456504
hle-	0.484775359775	0.220077220077	0.0528255528256	0.242321867322
foq-	0.50936123348	0.424559471366	0.0495594713656	0.0165198237885
kul-	0.0371270718232	0.0545856353591	0.825966850829	0.0823204419889
mah-	0.0753550270567	0.75148905833	0.0826761151339	0.0904797994798
rok-	0.685375228872	0.214466733223	0.0718648068583	0.0282932310466
tum-	0.0979478639513	0.866102496647	0.0176378728285	0.0183117665736
eno-	0.34589046366	0.476909345521	0.0430881922964	0.134111998523
eka-	0.199822078841	0.0726968182785	0.0222329409644	0.705248161916
qab-	0.640793167993	0.205662143191	0.0122835751053	0.141261113711
baf-	0.0579743470056	0.48796132311	0.401971068508	0.0520932613764
ite-	0.621924303115	0.194392217772	0.0705468813864	0.113136597727
ruw-	0.00980392156861	0.220588235294	0.75	0.0196078431373
yeu-	0.43795620438	0.328467153285	0.0875912408759	0.14598540146
lis-	0.014939309057	0.980392156863	0.000933706816059	0.00373482726424
tea-	0.568243610658	0.294725394236	0.0815660685155	0.0554649265905
peo-	0.200008609026	0.754875442521	0.0210106763553	0.0241052720976
ana-	0.312690875542	0.299410608706	0.0205899879539	0.367308527798
abb-	0.100628930818	0.801886792453	0.0	0.0974842767296
tom-	0.0759162303665	0.871727748691	0.0287958115183	0.0235602094241
sak-	0.0196635350666	0.963513218265	0.00196635350666	0.0148568931615
bap-	0.0553788768853	0.919501178311	0.0128834051677	0.0122365396362
hlw-	0.305327365876	0.120287440661	0.528898126727	0.045487066737
uwa-	0.12	0.5	0.02	0.36
wah-	0.768	0.168	0.016	0.048
fou-	0.222146008387	0.135423324551	0.611564063791	0.0308666032706
seg-	0.00443458980044	0.166297117517	0.820399113082	0.00886917960089
tse-	0.348929839316	0.188406933022	0.0356755169042	0.426987710758
der-	0.0147679324894	0.985232067511	0.0	0.0
hat-	0.568915165157	0.209699753664	0.158492958714	0.062892122464
kat-	0.204962891455	0.112017153508	0.0653424257826	0.617677529255
abi-	0.00310733627297	0.989124323045	0.00776834068243	0.0
swe-	0.168241847656	0.263065656882	0.512611879577	0.0560806158853
mil-	0.0251572327044	0.974842767296	0.0	0.0
dis-	0.199558072701	0.647472202419	0.0950365099257	0.0579332149547
tib-	0.00477326968974	0.988066825776	0.00238663484487	0.00477326968974
bja-	0.391143911439	0.166051660517	0.232472324723	0.210332103321
sen-	0.17620961252	0.195336311912	0.0559059853126	0.572548090256
swa-	0.304708379186	0.224610910234	0.411649111775	0.0590315988053
puo-	0.11904934425	0.685457575538	0.0981088326933	0.0973842475183
itl-	0.440460726745	0.328533685583	0.117797180729	0.113208406943
kha-	0.218181818182	0.363636363636	0.145454545455	0.272727272727
nka-	0.615063877108	0.0642981582541	0.0115279379631	0.309110026674
lor-	0.338160136286	0.516183986371	0.094548551959	0.0511073253833
ked-	0.0258620689655	0.974137931034	0.0	0.0
tai-	0.259459459459	0.562162162162	0.0972972972973	0.0810810810811
mey-	0.0301492614399	0.915039768619	0.0233705195744	0.0314404503667
paf-	0.0	1.0	0.0	0.0
mar-	0.034111066679	0.759604007095	0.0218195986752	0.18446532755
dek-	0.00457665903891	0.741418764302	0.0	0.254004576659
abr-	0.00210139217231	0.97329480781	0.0246038000175	0.0
oko-	0.514075887393	0.400244798042	0.0428396572827	0.0428396572827
nen-	0.700783135088	0.0245184496578	0.00796867108297	0.266729744172
has-	0.202529267895	0.101941627262	0.0180792434371	0.677449861406
ful-	0.598091198303	0.395546129374	0.0	0.00636267232238
oma-	0.64424320828	0.150064683053	0.0853816300129	0.120310478655
her-	0.0135477147536	0.93815691529	0.041804376954	0.00649099300283
ate-	0.594095332344	0.196107537523	0.15272967178	0.057067458354
nta-	0.105076842126	0.856567046911	0.00391131946886	0.0344447914942
tii-	0.51300594921	0.262738368801	0.123930771625	0.100324910363
kam-	0.0705683582445	0.125208596634	0.0348423691436	0.769380675978
kle-	0.0304568527918	0.92385786802	0.0456852791878	0.0
sin-	0.00688156465049	0.975733429917	0.00362187613183	0.013763129301
akg-	0.754356353542	0.186363128459	0.0317574203565	0.0275230976423
hes-	0.0279319916724	0.745662734212	0.0551700208189	0.171235253296
dor-	0.0279069767442	0.972093023256	0.0	0.0
som-	0.576089336545	0.316400262755	0.0963433326035	0.0111670680972
ler-	0.0962168716771	0.846824574348	0.0348391876987	0.0221193662766
pat-	0.612305807972	0.206460347803	0.149570332549	0.0316635116755
nwe-	0.640053519862	0.28459525604	0.0498446060955	0.025506618002
ror-	0.693106004448	0.185220214207	0.0600700391094	0.0616037422356
maw-	0.0392631065203	0.193831540148	0.68582958792	0.081075765412
kem-	0.381679389313	0.129770992366	0.0229007633587	0.465648854962
mmè-	0.0382339553937	0.799271734183	0.0	0.162494310423
lom-	0.30972151091	0.562494227879	0.115190542957	0.0125937182533
nye-	0.468199098584	0.27565038579	0.168004602896	0.0881459127301
inw-	0.420769919427	0.446732318711	0.0304386750224	0.10205908684
gen-	0.0239282153539	0.929212362911	0.00598205383848	0.0408773678963
bof-	0.126488756314	0.532135338862	0.291289010934	0.05008689389
jek-	0.0204081632653	0.979591836735	0.0	0.0
ngw-	0.0979663314094	0.819811537834	0.024883789903	0.0573383408538
qep-	0.341584158416	0.0643564356435	0.594059405941	0.0
rek-	0.679108777526	0.215322799132	0.0795827021334	0.0259857212087
maq-	0.13078502115	0.739829559592	0.108391390893	0.0209940283653
nig-	0.0	1.0	0.0	0.0
por-	0.613246335359	0.343135502324	0.0206471219164	0.0229710404004
ear-	0.25	0.166666666667	0.0	0.583333333333
alf-	0.0296058196583	0.959798413306	0.008725925794	0.00186984124158
pas-	0.0157842611315	0.975343539801	0.00588041100978	0.00299178805761
nnt-	0.388235294118	0.0352941176471	0.541176470588	0.0352941176471
hor-	0.0173859628181	0.0401208821558	0.00214392264346	0.940349232383
buu-	0.45137342242	0.406087602079	0.075723830735	0.0668151447662
mme-	0.0238613975661	0.0731264339812	0.00306549781152	0.899946670641
bak-	0.147725612734	0.262143651963	0.0512802377664	0.538850497537
nkw-	0.70268763243	0.204527712724	0.022080963533	0.0707036913126
eso-	0.11809593547	0.0362950769577	0.0145007336852	0.831108253887
rat-	0.661038333685	0.108544012816	0.0805470307301	0.149870622769
dih-	0.186876324865	0.599476780582	0.179185332468	0.0344615620843
epa-	0.00327332242227	0.983633387889	0.00981996726678	0.00327332242226
nth-	0.432946838123	0.285830249527	0.0353036780809	0.245919234269
asi-	0.0111598246313	0.984057393384	0.00159426066162	0.00318852132324
dia-	0.043342295606	0.932159885138	0.017884474725	0.00661334453053
nan-	0.546300281945	0.0477620185237	0.024266620752	0.38167107878
pen-	0.296260083109	0.677340503544	0.014666340748	0.0117330725984
seq-	0.281543950697	0.349118823657	0.346632068332	0.0227051573143
itw-	0.650947362931	0.126594284857	0.0441494268234	0.178308925388
rer-	0.665285273709	0.247879722436	0.0372976098689	0.0495373939861
mpe-	0.0946603319686	0.078403838902	0.173438519338	0.653497309792
pok-	0.178223185265	0.756771397616	0.0406283856988	0.0243770314193
bor-	0.0611742859213	0.369134803268	0.452647958626	0.117042952184
feh-	0.652027972028	0.251188811189	0.027972027972	0.0688111888112
mog-	0.0127853881278	0.350684931507	0.588127853881	0.048401826484
tol-	0.536585365854	0.439024390244	0.0243902439024	0.0
mel-	0.158979626236	0.748537690542	0.041624040665	0.0508586425573
kgi-	0.602137020742	0.341294783155	0.049025769956	0.00754242614708
kri-	0.0	0.93984962406	0.0601503759398	0.0
fug-	0.0	1.0	0.0	0.0
hah-	0.28445718651	0.100665439985	0.173347919571	0.441529453934
mir-	0.0247678018576	0.956656346749	0.0185758513932	0.0
isa-	0.493308859797	0.280672105829	0.032214504613	0.19380452976
joe-	0.0	1.0	0.0	0.0
mus-	0.330188679245	0.660377358491	0.0	0.00943396226414
tsw-	0.353351024994	0.116711507425	0.0220860990014	0.507851368579
mmu-	0.0346600511947	0.948846236701	0.0086225262843	0.00787118581969
dio-	0.0441208880008	0.873653820725	0.0541483625465	0.0280769287278
bab-	0.0739574204161	0.436779699866	0.0681133118503	0.421149567867
ita-	0.228254690165	0.642126208073	0.0903922683343	0.0392268334281
hoi-	0.664233576642	0.204379562044	0.102189781022	0.029197080292
hol-	0.306270467924	0.15849958813	0.0780744580395	0.457155485906
aku-	0.0	1.0	0.0	0.0
boq-	0.228771228771	0.595404595405	0.141858141858	0.033966033966
ila-	0.446202531646	0.246835443038	0.148734177215	0.158227848101
sor-	0.0177824267782	0.850418410042	0.13179916318	0.0
moi-	0.151453299613	0.483837383737	0.318540488219	0.0461688284306
kom-	0.281138790036	0.421708185053	0.275800711744	0.0213523131673
mee-	0.0748706152962	0.865094882116	0.0386428982174	0.0213916043703
tow-	0.225181598063	0.518159806295	0.0726392251816	0.18401937046
han-	0.21620993058	0.109611344702	0.169365942712	0.504812782007
jud-	0.00483912674079	0.985002401093	0.00387868937239	0.00627978279339
oni-	0.0	0.846153846154	0.153846153846	0.0
non-	0.48639042185	0.212889346179	0.224955570106	0.0757646618651
tau-	0.00709488222496	0.794721407625	0.18115599281	0.0170277173399
pou-	0.0150375939849	0.488721804511	0.496240601504	0.0
mal-	0.103433598184	0.761705448354	0.0715805902384	0.0632803632236
thi-	0.609281563426	0.253498099151	0.0763279737997	0.0608923636234
sab-	0.0118845500849	0.980124813851	0.00462402289992	0.00336661316398
aki-	0.0	1.0	0.0	0.0
leq-	0.154376533832	0.708308986794	0.114876709127	0.0224377702466
pho-	0.568314460774	0.323140712472	0.0582257284882	0.0503190982658
hla-	0.539214794432	0.218728219029	0.105802187725	0.136254798814
efo-	0.104347826087	0.895652173913	0.0	0.0
roh-	0.397650153294	0.485082323319	0.0717852596437	0.0454822637437
koj-	0.0801781737193	0.726057906459	0.160356347439	0.0334075723831
se--	0.347826086957	0.242236024845	0.0186335403727	0.391304347826
ena-	0.216846561223	0.0403200147297	0.0220137315294	0.720819692518
emo-	0.479202037351	0.221986417657	0.2279286927	0.070882852292
ntw-	0.263334568016	0.613559897521	0.068548013705	0.0545575207581
jaf-	0.0	1.0	0.0	0.0
mab-	0.0590588088244	0.542812004482	0.0587535953422	0.339375591351
esr-	0.0	1.0	0.0	0.0
and-	0.0772769089236	0.911223551058	0.0	0.0114995400184
apa-	0.585566311933	0.19532762103	0.109583592245	0.109522474792
ALL	0.232612933438	0.369803163327	0.0687661679116	0.328817735323
eps-	0.98	0.02	0.0	0.0
dud-	0.665067178503	0.269193857965	0.0311900191939	0.0345489443378
puk-	0.685714285714	0.314285714286	0.0	0.0
ith-	0.591949900716	0.238466551918	0.0787832763686	0.0908002709967
ine-	0.462280924562	0.257810515621	0.113538227076	0.166370332741
oti-	0.53488372093	0.255813953488	0.162790697674	0.046511627907
mae-	0.044544020363	0.88585594782	0.0306240139995	0.0389760178176
per-	0.0356447214648	0.788274250097	0.171406310869	0.00467471756915
ger-	0.0666666666666	0.933333333333	0.0	0.0
fib-	0.135593220339	0.864406779661	0.0	0.0
hwe-	0.586376168381	0.354112030126	0.0494250554771	0.0100867460157
sok-	0.704079698691	0.172797796985	0.0725344058703	0.0505880984531
sej-	0.125528103559	0.772873221347	0.0419778956975	0.0596207793964
rhe-	0.0	1.0	0.0	0.0
kui-	0.0327868852459	0.967213114754	0.0	0.0
mor-	0.0185649679195	0.926517524227	0.0332226212628	0.0216948865905
rur-	0.212640653908	0.13373607026	0.0724054884827	0.581217787349
bae-	0.0441974718016	0.851472942389	0.0835004692072	0.0208291166026
nke-	0.585376615477	0.127108943755	0.0413909357572	0.246123505011
tel-	0.347356175515	0.204893879144	0.333566396517	0.114183548824
lid-	0.00761904761906	0.988571428571	0.0	0.00380952380953
lwa-	0.325895271462	0.283848061171	0.0262924956709	0.363964171696
gas-	0.0495867768595	0.838842975207	0.0495867768595	0.0619834710744
ata-	0.515528302958	0.0781430382861	0.0402354321619	0.366093226594
tsh-	0.359744776696	0.351264000033	0.157414961528	0.131576261744
tie-	0.25786163522	0.62893081761	0.0377358490566	0.0754716981132
far-	0.0363302752294	0.916330275229	0.0275229357798	0.0198165137615
mou-	0.15660659479	0.705280554025	0.10033839616	0.0377744550248
oka-	0.181592425889	0.45289461431	0.133866211392	0.231646748409
loh-	0.102124449169	0.0922995147545	0.351982990689	0.453593045387
lum-	0.618181818182	0.109090909091	0.0	0.272727272727
mes-	0.165059392232	0.736123594141	0.0252386620351	0.0735783515923
num-	0.0	1.0	0.0	0.0
sed-	0.0943290286356	0.555946097698	0.207130825379	0.142594048287
kla-	0.0229007633588	0.961832061069	0.0	0.0152671755725
adi-	0.665412182591	0.287227519716	0.0402562530393	0.007104044654
ami-	0.640969162996	0.344713656388	0.00330396475771	0.011013215859
pel-	0.0656925918935	0.270826427635	0.164987890253	0.498493090219
ele-	0.626360124883	0.263365620082	0.0565509000177	0.0537233550168
dij-	0.215209329321	0.71117208397	0.0101002964849	0.063518290224
ome-	0.42693382037	0.280221314998	0.215384615385	0.0774602492479
tek-	0.229910919276	0.603131600698	0.0502800991826	0.116677380843
tsa-	0.165205771039	0.0974682232413	0.0238503032052	0.713475702515
laf-	0.0	0.785330948122	0.214669051878	0.0
foo-	0.0	0.0112359550562	0.988764044944	0.0
jai-	0.0693196405648	0.8459563543	0.0539152759949	0.0308087291399
kir-	0.0990990990991	0.810810810811	0.0675675675675	0.0225225225225
tal-	0.0627740898304	0.733592887061	0.14239000864	0.0612430144686
gid-	0.0408163265306	0.959183673469	0.0	0.0
lle-	0.496360782075	0.409447695162	0.0231197374054	0.0710717853575
qad-	0.505226480836	0.149535423926	0.134146341463	0.211091753775
bin-	0.706566445546	0.246153033425	0.0372433154474	0.0100372055816
kos-	0.0081300813008	0.991869918699	0.0	0.0
meh-	0.0668230304765	0.706469839736	0.0677508032716	0.158956326516
rod-	0.0	1.0	0.0	0.0
tlu-	0.0213788308063	0.913775508439	0.00311342196208	0.0617322387926
wan-	0.0378645343368	0.783866415804	0.0350423330197	0.143226716839
pon-	0.137344942748	0.66081226145	0.0538293840119	0.14801341179
rap-	0.712182956245	0.232705163128	0.0148378140151	0.0402740666124
sik-	0.269228481351	0.472607221462	0.0577003152698	0.200463981917
bui-	0.695232416172	0.109060664073	0.0266430354715	0.169063884283
nga-	0.120883398285	0.150722174928	0.642260161655	0.0861342651315
ben-	0.128483728126	0.646933598167	0.103245852958	0.121336820749
mat-	0.116198986039	0.71612385348	0.102382157881	0.0652950025997
mpa-	0.199456464296	0.0954856476742	0.021307238359	0.683750649671
nni-	0.441217625808	0.265824556047	0.0480842619447	0.2448735562
euf-	0.0	1.0	0.0	0.0
nwa-	0.763996288277	0.22641509434	0.00525827404888	0.00433034333437
bo--	0.0619824213789	0.783061525174	0.0603566529493	0.0945994004979
ili-	0.0	1.0	0.0	0.0
map-	0.0830696805465	0.895896161811	0.0201196290498	0.000914528593172
nar-	0.0275927687916	0.833491912464	0.138915318744	0.0
hom-	0.303879310345	0.336206896552	0.0883620689655	0.271551724138
its-	0.584681843252	0.175211524911	0.0966345122192	0.143472119617
ent-	0.882874949969	0.0471267653954	0.0134827605924	0.0565155240437
idi-	0.684745762712	0.24406779661	0.0	0.0711864406779
kaj-	0.0303531278931	0.661718026716	0.0514812855442	0.256447559847
ses-	0.121557407973	0.779961554354	0.0874324057273	0.0110486319458
fet-	0.299230272709	0.0829487871814	0.179010865758	0.438810074351
sat-	0.0748856707317	0.907964939024	0.0162919207317	0.000857469512195
pur-	0.188317349608	0.151264167393	0.660418482999	0.0
eya-	0.50162857137	0.445252433668	0.00714733516714	0.045971659795
esl-	0.0	1.0	0.0	0.0
the-	0.316296669874	0.270276949409	0.0374097300012	0.376016650716
rak-	0.315467075038	0.369831546708	0.126339969372	0.188361408882
ntu-	0.566027282086	0.350172281989	0.0212986320511	0.0625018038737
dik-	0.115133247677	0.74674085975	0.0459960659081	0.0921298266641
lot-	0.0745704976303	0.924318720379	0.00111078199052	0.0
kis-	0.0	0.978947368421	0.0210526315789	0.0
bei-	0.682733154696	0.169988889615	0.0434612116855	0.103816744004
sun-	0.760330578512	0.173553719008	0.0247933884298	0.0413223140496
aka-	0.351695305002	0.601411987664	0.0193159079431	0.0275767993905
eub-	0.0322580645161	0.967741935484	0.0	0.0
fle-	0.0	1.0	0.0	0.0
ban-	0.0179361450937	0.558207414886	0.204437751852	0.219418688168
hal-	0.10678396442	0.46811782601	0.387272178371	0.0378260311997
ise-	0.097908237156	0.875990265315	0.0140048076205	0.0120966899085
ter-	0.0271392779674	0.955692690555	0.00337979855728	0.0137882329203
hae-	0.0257586783482	0.027529960469	0.0186744520119	0.928036909171
sih-	0.79	0.15	0.0	0.06
tra-	0.0	0.989473684211	0.0105263157895	0.0
pin-	0.270186335404	0.552795031056	0.158385093168	0.0186335403727
ntl-	0.208388361963	0.519285937744	0.140524701153	0.13180099914
khe-	0.391304347826	0.521739130435	0.0217391304348	0.0652173913043
nam-	0.0926422925792	0.684483998046	0.18138067018	0.0414930391944
ebe-	0.364725188366	0.141611816648	0.0687788021389	0.424884192847
ale-	0.0112280451617	0.947156898564	0.0408130530481	0.000802003225836
ker-	0.0147360302028	0.961759392697	0.0129498447236	0.0105547323766
enw-	0.0958090982507	0.153712484721	0.0118308053432	0.738647611686
bon-	0.35611804782	0.115831868778	0.0335449866557	0.494505096746
oli-	0.0	1.0	0.0	0.0
won-	0.100505219045	0.0901726747119	0.0522214892709	0.757100616973
mea-	0.0824114217371	0.726603378682	0.136044251757	0.0549409478248
mod-	0.00755227137381	0.977044898309	0.00994212862088	0.00546070169661
tok-	0.158915493709	0.630713210186	0.147143975656	0.0632273204487
sew-	0.0	0.850931677019	0.149068322981	0.0
net-	0.447602131439	0.409684145494	0.0908178237702	0.0518958992973
kon-	0.00799926443545	0.97103714601	0.0151710187569	0.00579257079809
koq-	0.835443037975	0.0696202531645	0.0759493670886	0.0189873417721
eli-	0.0017085498683	0.98910799459	0.000854274934149	0.00832918060796
fut-	0.21932762145	0.240768929674	0.460314008611	0.0795894402644
fif-	0.607761868877	0.209871891485	0.172192916353	0.0101733232856
hwa-	0.803571428571	0.142857142857	0.0	0.0535714285714
ahl-	0.601897620621	0.315726208419	0.0362838854911	0.0460922854686
hlo-	0.46557869162	0.299209215614	0.108380698706	0.12683139406
jab-	0.472917880023	0.437671961922	0.0269917458277	0.0624184122266
maf-	0.133876114352	0.444117067611	0.38161926641	0.0403875516278
hel-	0.52318443668	0.352866181887	0.0219567475682	0.101992633865
tuk-	0.400945051859	0.45071602815	0.13114020463	0.0171987153612
ene-	0.317367910382	0.400723295405	0.0677427890976	0.214166005116
pan-	0.103286384977	0.788732394366	0.0328638497652	0.075117370892
qea-	0.542288557214	0.388059701493	0.0597014925373	0.00995024875622
qol-	0.0343347639485	0.945064377682	0.0	0.0206008583691
bou-	0.236425339367	0.314479638009	0.371040723982	0.0780542986425
nim-	0.0377358490566	0.962264150943	0.0	0.0
tor-	0.00127834294289	0.979546512914	0.0127834294289	0.00639171471444
mef-	0.0885323129405	0.714711164457	0.16199337587	0.0347631467326
roj-	0.797297297297	0.193693693694	0.00900900900901	0.0
ari-	0.0138476755687	0.986152324431	0.0	0.0
tul-	0.266288832323	0.5816164372	0.100412055072	0.0516826754047
efr-	0.0	1.0	0.0	0.0
hoh-	0.2013083458	0.233447765891	0.111800998659	0.45344288965
ina-	0.517722772851	0.164634393591	0.145918172287	0.171724661272
baa-	0.082335682669	0.819725705073	0.0357302367128	0.0622083755451
nki-	0.700017183828	0.108864813192	0.0571831600132	0.133934842966
lat-	0.791982782511	0.0843918106558	0.0288767470115	0.0947486598216
fof-	0.474576271186	0.39379733141	0.091958168049	0.0396682293545
rab-	0.0471650777722	0.882087305569	0.00827897641747	0.0624686402408
ape-	0.670951737157	0.196403958048	0.0861861081606	0.0464581966345
fad-	0.282686435985	0.354624122118	0.236578357106	0.126111084791
afi-	0.101851851852	0.898148148148	0.0	0.0
fot-	0.681172500937	0.224220207266	0.0498956264956	0.0447116653012
ipo-	0.625459199831	0.17236619867	0.088285126148	0.113889475351
ofe-	0.149853264857	0.108632917584	0.0129493763756	0.728564441184
mmo-	0.620350893621	0.20478892807	0.0248224227883	0.15003775552
kab-	0.297673202614	0.617098039216	0.0273986928105	0.0578300653595
hul-	0.697438002329	0.194459823218	0.0451022317253	0.0629999427273
jeh-	0.0	1.0	0.0	0.0
lab-	0.511975545656	0.188197796872	0.11246761477	0.187359042702
lem-	0.578632037248	0.303954646573	0.0576453578956	0.0597679582832
nal-	0.0440648990645	0.893752146926	0.0380255474161	0.0241574065938
rho-	0.0	1.0	0.0	0.0
api-	0.0	0.96449704142	0.0	0.0355029585799
ino-	0.0417375173906	0.105348585562	0.435925181636	0.416988715412
bas-	0.046112676665	0.892150659436	0.0364271626506	0.0253095012485
lwe-	0.628801042572	0.19787141616	0.0762380538662	0.0970894874023
dir-	0.0477944328466	0.828655332584	0.11916094992	0.00438928464917
sit-	0.339034112402	0.119667340451	0.254657487959	0.286641059188
mid-	0.0350877192982	0.877192982456	0.0877192982456	0.0
isw-	0.558341369335	0.234972677596	0.0189649630344	0.187720990035
men-	0.0848459236108	0.479672040551	0.290748218445	0.144733817393
thw-	0.549847635964	0.173006639308	0.0176795105862	0.259466214142
ang-	0.578313253012	0.30421686747	0.117469879518	0.0
fao-	0.646651270208	0.284064665127	0.0692840646651	0.0
nes-	0.722420689445	0.239107202833	0.0213733931788	0.0170987145431
yar-	0.14293029825	0.0536866188168	0.0053583375319	0.798024745401
fir-	0.0	0.958904109589	0.0410958904109	0.0
ito-	0.308771489039	0.117512078641	0.52251454553	0.0512018867905
omi-	0.026455026455	0.031746031746	0.941798941799	0.0
qho-	0.204953031597	0.760888129804	0.0119555935098	0.0222032450897
tah-	0.189761860116	0.365460341271	0.407087942996	0.037689855616
seo-	0.0585134787735	0.114971146527	0.0112454566298	0.81526991807
mot-	0.0421979831383	0.767533078871	0.0498904014863	0.140378536505
sod-	0.0100388921707	0.989387456848	0.0	0.000573650981182
hop-	0.767176063124	0.150843405235	0.0272120252085	0.0547685064323
jot-	0.0582034149963	0.850334075724	0.0748329621381	0.0166295471418
har-	0.0488091142724	0.173748125364	0.0138653739641	0.763577386399
kan-	0.162878650085	0.167791789814	0.0815139726673	0.587815587434
nei-	0.86698934387	0.0659652004206	0.0149228820597	0.0521225736494
abo-	0.00281281963859	0.962240027276	0.0317081486533	0.00323900443232
ref-	0.0	1.0	0.0	0.0
tso-	0.249915758594	0.20431504065	0.0259205555647	0.519848645191
osi-	0.0	1.0	0.0	0.0
sio-	0.0196261682243	0.97476635514	0.0	0.00560747663551
qha-	0.672765852372	0.193476159187	0.051896090634	0.0818618978065
taf-	0.0641527446301	0.911789976134	0.00701670644391	0.0170405727924
kum-	0.0792682926829	0.768292682927	0.0548780487805	0.0975609756098
jel-	0.742846193153	0.178334184977	0.0221001532959	0.0567194685744
met-	0.0845037889269	0.703150133488	0.0859025042185	0.126443573367
tao-	0.207955888145	0.471839306814	0.119338322174	0.200866482867
qhw-	0.809523809524	0.126984126984	0.0	0.0634920634921
mna-	0.109090909091	0.818181818182	0.0727272727272	0.0
nef-	0.0	1.0	0.0	0.0
oke-	0.244444444444	0.725925925926	0.0148148148148	0.0148148148148
lol-	0.397456279809	0.316375198728	0.127186009539	0.158982511924
ken-	0.551259170624	0.0562135297211	0.015729717775	0.37679758188
nne-	0.163330403403	0.437961768763	0.229167840782	0.169539987051
moe-	0.102031870965	0.734519306363	0.123223566844	0.0402252558271
fep-	0.584521100546	0.312849367743	0.0629955210346	0.0396340106765
eta-	0.290910949903	0.600213466867	0.00691273544323	0.101962847788
jal-	0.683839591066	0.272709179245	0.0320711457232	0.0113800839663
lai-	0.606896551724	0.148275862069	0.0758620689655	0.168965517241
phu-	0.503509108378	0.270256266811	0.0200552377862	0.206179387025
ikw-	0.502318392581	0.287701479355	0.112607639656	0.097372488408
nya-	0.505307411995	0.25195301607	0.163673940383	0.0790656315518
bob-	0.0340009390736	0.204378025679	0.635043094841	0.126577940407
qel-	0.858767738067	0.0537274924142	0.0198411977397	0.067663571779
leh-	0.0820837051369	0.391120775581	0.0782410937068	0.448554425576
mad-	0.0375441984933	0.858699973272	0.076712195873	0.0270436323617
par-	0.00865592690551	0.991344073094	0.0	0.0
seb-	0.281048351868	0.560331932883	0.0714017522812	0.0872179629681
ala-	0.619089219626	0.370236828311	0.0	0.0106739520625
but-	0.325763710877	0.183248222488	0.405408721686	0.0855793449477
ets-	0.691399967915	0.0805431960048	0.0388897854906	0.18916705059
nti-	0.594594594595	0.364864864865	0.0405405405405	0.0
mma-	0.191879816839	0.709633467444	0.0191544309291	0.0793322847875
nah-	0.156798001789	0.68213245903	0.0745890067383	0.0864805324425
baj-	0.0117167717471	0.828006966538	0.141024758739	0.019251502976
pom-	0.54474040797	0.145238212788	0.0132179657816	0.29680341346
rag-	0.0678952473327	0.932104752667	0.0	0.0
feb-	0.312837406291	0.66120586182	0.0108529889433	0.0151037429461
esh-	0.833364226135	0.145505097312	0.0122335495829	0.00889712696942
tha-	0.285394186736	0.449249807248	0.118825302577	0.146530703439
fuf-	0.65782122905	0.280726256983	0.00279329608939	0.0586592178771
yen-	0.0226622450289	0.0844316686904	0.00280638394792	0.890099702333
beb-	0.0	1.0	0.0	0.0
ipa-	0.519969916525	0.22965822156	0.123059957727	0.127311904188
ajw-	0.63963963964	0.216216216216	0.054054054054	0.0900900900901
ehl-	0.314814814815	0.115740740741	0.0694444444445	0.5
ona-	0.0844282518167	0.170861969538	0.017411626583	0.727298152062
dan-	0.0163081463074	0.910305195309	0.0733866583832	0.0
kua-	0.0392156862745	0.921568627451	0.0	0.0392156862745
ser-	0.0604128103199	0.871148879701	0.0526827278259	0.0157555821535
bam-	0.28813559322	0.599464763604	0.085637823372	0.0267618198038
mis-	0.018691588785	0.981308411215	0.0	0.0
fok-	0.219463220366	0.165733999238	0.577923973676	0.0368788067206
hao-	0.0169386338941	0.0867246463498	0.0123844742424	0.883952245514
fup-	0.583915058368	0.340939754796	0.0295653194111	0.0455798674254
jwa-	0.0338004598603	0.0535604111542	0.0578696633738	0.854769465612
fee-	0.0509744475362	0.187358769487	0.0499682031695	0.711698579807
din-	0.0703292911775	0.736857846301	0.0887885185884	0.104024343933
yon-	0.108896371828	0.0545221721603	0.0700687692672	0.766512686744
kob-	0.0695614289863	0.886000580889	0.0143769968051	0.0300609933198
agr-	0.0	0.996545768566	0.0	0.0034542314335
afe-	0.0754467240238	0.533421575116	0.0	0.39113170086
sos-	0.151260504202	0.692577030812	0.114145658263	0.0420168067227
isi-	0.460714285714	0.371428571429	0.139285714286	0.0285714285714
nep-	0.20924184837	0.270654130826	0.146429285857	0.373674734947
moj-	0.0702819145887	0.812916974052	0.105190662914	0.0116104484453
tat-	0.522867737948	0.400494437577	0.00741656365883	0.0692212608158
moa-	0.0634376966985	0.847205924865	0.0346449413704	0.0547114370665
uri-	0.0	1.0	0.0	0.0
meb-	0.0418774023872	0.456335558703	0.471980578596	0.0298064603142
ron-	0.015928042396	0.0125970220678	0.00652751868147	0.964947416855
rwa-	0.639941955378	0.229639035008	0.0299292581172	0.100489751496
pot-	0.287337672057	0.360950288284	0.102429006783	0.249283032876
nol-	0.183121019108	0.518312101911	0.203025477707	0.0955414012739
lap-	0.10109642869	0.19275940677	0.690713334721	0.0154308298182
esa-	0.0769102016905	0.716294250565	0.028035818897	0.178759728848
joh-	0.00796216190521	0.970932167134	0.011479773732	0.0096258972287
bod-	0.332320546905	0.44505005465	0.158296199442	0.0643331990039
hot-	0.351616646189	0.345437689703	0.23212314531	0.0708225187976
boi-	0.168270101558	0.455435883833	0.269162049951	0.107131964659
hof-	0.185468315829	0.119900350357	0.180219212551	0.514412121263
loy-	0.285714285714	0.34693877551	0.326530612245	0.0408163265306
aug-	0.0604026845637	0.929530201342	0.010067114094	0.0
qal-	0.568416508263	0.192496284764	0.109232093829	0.129855113144
mos-	0.0402889092129	0.838293584486	0.0525439459611	0.0688735603399
kok-	0.654040573577	0.241354425574	0.0798700273455	0.0247349735036
abu-	0.41935483871	0.0645161290323	0.290322580645	0.225806451613
omm-	0.0857142857143	0.164285714286	0.728571428571	0.0214285714286
dub-	0.346360702761	0.562208676945	0.075295804948	0.016134815346
reg-	0.0289389067524	0.971061093248	0.0	0.0
ink-	0.656282998944	0.214889123548	0.05464625132	0.074181626188
etj-	0.870004206984	0.106015986538	0.0239798064787	0.0
ted-	0.732142857143	0.0892857142857	0.0714285714286	0.107142857143
lam-	0.0	0.972602739726	0.0	0.027397260274
ika-	0.39644653708	0.363970591431	0.11341615976	0.126166711728
bet-	0.211801813801	0.733251401518	0.0292411822398	0.025705602441
elm-	0.0	1.0	0.0	0.0
maj-	0.161407186718	0.775227533446	0.050316858318	0.0130484215176
sal-	0.403551251009	0.479726353818	0.0287097890003	0.0880126061724
asu-	0.0	1.0	0.0	0.0
bop-	0.10741749091	0.826687189192	0.0231638128948	0.0427315070029
qaq-	0.525477707006	0.374826917751	0.0602326225422	0.0394627527001
phi-	0.465581738903	0.422430841812	0.0676689937811	0.0443184255046
utl-	0.86429967396	0.0808872548606	0.0282965882989	0.0265164828801
isk-	0.0	1.0	0.0	0.0
int-	0.387434554974	0.30890052356	0.0523560209424	0.251308900523
gab-	0.0	1.0	0.0	0.0
sek-	0.104994753349	0.71797705582	0.0977523169036	0.0792758739275
fie-	0.564335430082	0.286373618193	0.0984851304574	0.0508058212677
den-	0.0127426094032	0.870940238095	0.107822079566	0.00849507293549
soh-	0.0644522968198	0.212862190813	0.2125795053	0.510106007067
pip-	0.63687150838	0.162011173184	0.134078212291	0.0670391061453
yan-	0.823821141463	0.0789905211375	0.0151181858177	0.0820701515818
bad-	0.0510467878469	0.858207213191	0.0632129050143	0.0275330939476
kgu-	0.472152176475	0.221479266353	0.130204745478	0.176163811693
eme-	0.703224417033	0.201031334873	0.0345389502399	0.0612052978548
eis-	0.198101265823	0.331012658228	0.444303797468	0.026582278481
min-	0.0152117420161	0.939153031936	0.0228176130241	0.0228176130241
jok-	0.0873118038842	0.848323725304	0.0475737392959	0.0167907315162
ren-	0.584835381977	0.0933124401439	0.0127917486489	0.309060429231
lla-	0.67873451642	0.233408985262	0.0436411364196	0.0442153618988
nna-	0.208096887828	0.0122162538924	0.00282325141253	0.776863606867
nee-	0.662174612274	0.106763102207	0.0271105266028	0.203951758916
age-	0.0	1.0	0.0	0.0
qhe-	0.564135290364	0.335035098915	0.0682833439694	0.0325462667518
tab-	0.170075054772	0.280200391537	0.0290481811134	0.520676372578
lok-	0.283022035324	0.242749936695	0.349106782883	0.125121245098
tid-	0.476534296029	0.501805054152	0.0216606498195	0.0
gal-	0.00287029021823	0.989748963506	0.00656066335596	0.000820082919494
see-	0.157509157509	0.484981684982	0.102564102564	0.254945054945
kre-	0.00341477491343	0.990729607541	0.00205006733359	0.00380555021162
kar-	0.102072915424	0.70484548048	0.0976255301608	0.0954560739351
sel-	0.0599171828342	0.872606696211	0.0435394835733	0.0239366373812
kus-	0.0	1.0	0.0	0.0
ati-	0.465995309698	0.273279072976	0.0736653331494	0.187060284177
imo-	0.335415981585	0.496876027623	0.162775402828	0.0049325879645
ohl-	0.771805473518	0.182253724486	0.0	0.0459408019951
ete-	0.562539717625	0.18435424898	0.0233931054808	0.229712927914
lae-	0.785786040025	0.167960295484	0.0136257720119	0.0326278924795
not-	0.761479591837	0.0790816326531	0.0369897959183	0.122448979592
kou-	0.1189296333	0.829038652131	0.0371655104063	0.0148662041625
lop-	0.613852813853	0.243963443963	0.100048100048	0.0421356421356
bag-	0.0230112581962	0.862551033032	0.0943956451813	0.0200420635903
qos-	0.407585518555	0.238242143786	0.0322414783897	0.321930859269
jor-	0.000940291490363	0.99905970851	0.0	0.0
lew-	0.0250171254421	0.925326082398	0.0140917923697	0.0355649997903
het-	0.680412371134	0.0927835051546	0.185567010309	0.0412371134021
fef-	0.631156433066	0.19310045563	0.125840746366	0.0499023649382
era-	0.00657894736841	0.993421052632	0.0	0.0
tay-	0.238938053097	0.663716814159	0.00884955752212	0.0884955752213
mei-	0.107225338172	0.764104256021	0.0791817881887	0.0494886176179
kop-	0.744290649221	0.170187016224	0.0299354946875	0.055586839867
kak-	0.148853068816	0.800154990701	0.0418784872908	0.0091134531928
nel-	0.661290322581	0.209677419355	0.0685483870968	0.0604838709677
hoo-	0.103634640144	0.0516935244266	0.0406403418175	0.804031493612
one-	0.0552407932011	0.892351274788	0.0226628895184	0.0297450424929
tjo-	0.63829787234	0.212765957447	0.0	0.148936170213
bea-	0.803512214929	0.0627326250254	0.021384584151	0.112370575895
gog-	0.0178571428571	0.946428571429	0.0357142857143	0.0
vek-	0.00240963855422	0.973493975904	0.0	0.0240963855422
iqa-	0.268556508765	0.281984334204	0.290003729952	0.159455427079
jup-	0.0168067226891	0.983193277311	0.0	0.0
hag-	0.0	0.980392156863	0.0196078431373	0.0
sil-	0.216720975046	0.653375204673	0.109895759513	0.0200080607675
ake-	0.37125748503	0.365269461078	0.0299401197605	0.233532934132
shw-	0.562555970656	0.129019710716	0.275931939683	0.0324923789451
lal-	0.334472300073	0.587207739855	0.0437670365109	0.0345529235612
bua-	0.862493299874	0.100332068693	0.00606834208709	0.0311062893456
jas-	0.0364160807644	0.944113935461	0.0173066522444	0.00216333153056
bef-	0.518306636156	0.203661327231	0.188787185355	0.0892448512586
ipe-	0.552555929925	0.259610987185	0.120049839934	0.0677832429557
jew-	0.49654194006	0.299832308204	0.144824732518	0.0588010192177
qot-	0.619718309859	0.267605633803	0.0	0.112676056338
mep-	0.384615384615	0.615384615385	0.0	0.0
him-	0.0	0.969072164948	0.0	0.0309278350515
tik-	0.149074074074	0.799074074074	0.0	0.0518518518519
tur-	0.0	0.650602409639	0.349397590361	0.0
pof-	0.963636363636	0.0	0.0	0.0363636363636
rei-	0.686774941995	0.23602615482	0.0202488926387	0.0569500105463
iny-	0.602464168972	0.213226049786	0.128237364848	0.0560724163943
sau-	0.00632661130882	0.981810992487	0.00355871886121	0.00830367734283
sad-	0.0331753554502	0.96682464455	0.0	0.0
pri-	0.0493368700265	0.867904509284	0.00636604774536	0.0763925729443
tro-	0.00779727095517	0.992202729045	0.0	0.0
ptj-	0.677419354839	0.193548387097	0.0	0.129032258065
beh-	0.528970914783	0.369156854471	0.0611380439302	0.0407341868158
bom-	0.125743737446	0.580456285292	0.14179330731	0.152006669951
bit-	0.848228034172	0.0860612454637	0.0162063943527	0.0495043260111
pop-	0.183300717547	0.718851924331	0.0515329419438	0.0463144161774
gol-	0.0	1.0	0.0	0.0
ela-	0.617933723197	0.0877192982456	0.0701754385965	0.224171539961
eon-	0.333333333333	0.403846153846	0.0897435897436	0.173076923077
fin-	0.462953500256	0.304036791007	0.193152784875	0.039856923863
fat-	0.132510069367	0.472896621168	0.0146844931752	0.37990881629
jam-	0.113043478261	0.886956521739	0.0	0.0
dup-	0.724137931034	0.241379310345	0.0	0.0344827586207
ntj-	0.233790486764	0.127126901596	0.616644968428	0.0224376432113
nag-	0.0	1.0	0.0	0.0
sho-	0.358695652174	0.470108695652	0.154891304348	0.0163043478261
leg-	0.066132264529	0.807615230461	0.0420841683366	0.0841683366733
arp-	0.0	1.0	0.0	0.0
itu-	0.452941361817	0.255285628761	0.201972461165	0.089800548256
had-	0.391972249752	0.306243805748	0.225470763132	0.0763131813677
fen-	0.403631861329	0.560462236897	0.0222864217912	0.0136194799835
rui-	0.288262910798	0.339637826962	0.352380952381	0.0197183098592
tam-	0.316644113667	0.650879566983	0.0	0.0324763193505
mmi-	0.556456556387	0.317267106853	0.0309998774016	0.0952764593586
tir-	0.001638001638	0.998361998362	0.0	0.0
man-	0.0578317285899	0.512354602855	0.0667713392107	0.363042329345
lek-	0.394130248366	0.391525019548	0.0742635169339	0.140081215152
rob-	0.51961121511	0.137479160462	0.02772010426	0.315189520168
hau-	0.167955578768	0.289428948073	0.0895703905796	0.45304508258
iko-	0.406712184736	0.291096963987	0.245464653611	0.0567261976652
sie-	0.634693227817	0.239687087825	0.039114021922	0.0865056624369
bus-	0.428082564458	0.349123732818	0.0438504215501	0.178943281174
tli-	0.862478741943	0.0580402695837	0.0261185412249	0.0533624472485
rwe-	0.480093043384	0.373850481445	0.0884453099643	0.0576111652061
tap-	0.213088446496	0.439112020142	0.338002363408	0.00979716995385
bip-	0.628052290219	0.279733683042	0.0623067748233	0.0299072519152
tsu-	0.483006896766	0.378435748109	0.0995249239956	0.0390324311296
sol-	0.157399103139	0.780717488789	0.0618834080717	0.0
ame-	0.225366257089	0.150224480151	0.0326086956522	0.591800567108
jet-	0.839274234166	0.124609456576	0.0154784182531	0.0206378910041
new-	0.826691724026	0.121133868433	0.0116250669322	0.0405493406088
haj-	0.143901324806	0.12140246688	0.0215851987209	0.713111009593
fuw-	0.783340172343	0.0953357953768	0.0456845848721	0.075639447408
bos-	0.0435502915302	0.715012671052	0.157587043555	0.0838499938627
pam-	0.00739371534196	0.992606284658	0.0	0.0
tlo-	0.499166898256	0.224529790133	0.0547778191222	0.221525492489
mag-	0.0109814687715	0.98833218943	0.0	0.000686341798216
job-	0.0	0.955357142857	0.0267857142857	0.0178571428572
hob-	0.0673313415842	0.020126643003	0.00477285459331	0.907769160819
iph-	0.574107738795	0.205509551192	0.0663443058859	0.154038404127
ket-	0.215274557026	0.340762966408	0.0974616241905	0.346500852376
hok-	0.0517768454681	0.199203150676	0.351880582765	0.397139421091
dru-	0.0	0.943396226415	0.0566037735849	0.0
adr-	0.0708661417323	0.897637795276	0.0314960629921	0.0
leb-	0.246818656774	0.657959001856	0.0431770206218	0.0520453207485
mon-	0.0273291071341	0.407334827712	0.108100905932	0.457235159222
tou-	0.414376321353	0.37843551797	0.118393234672	0.0887949260042
alo-	0.566666666667	0.404901960784	0.00392156862746	0.0245098039216
tho-	0.295372731788	0.544509125114	0.0933563522288	0.0667617908691
ram-	0.13225975234	0.855531655136	0.0	0.0122085925237
nts-	0.322076711635	0.120285359215	0.0380139177863	0.519624011363
emp-	0.0142294320758	0.0174380978256	0.00270024988127	0.965632220217
pit-	0.3155480474	0.575693305548	0.0756501473544	0.0331084996979
sip-	0.0	0.992337164751	0.00766283524904	0.0
mam-	0.561178629918	0.277322027637	0.0980332536809	0.0634660887641
ara-	0.83930416023	0.139816990118	0.00190140136937	0.0189774482828
las-	0.00419329073483	0.989217252396	0.00359424920128	0.00299520766773
eti-	0.522058823529	0.433823529412	0.0	0.0441176470588
jad-	0.741725497387	0.162922893555	0.0568442284771	0.0385073805813
fos-	0.301566579634	0.342689295039	0.271540469974	0.0842036553525
bes-	0.0589584926649	0.880622957658	0.0185635820065	0.0418549676702
hoe-	0.566428003182	0.310262529833	0.0278440731901	0.0954653937948
atl-	0.537115588547	0.177624602333	0.0896076352068	0.195652173913
wen-	0.020192854806	0.0453599340411	0.00250125184486	0.931945959308
sea-	0.0974598132543	0.854740973789	0.0171470192512	0.0306521937057
reb-	0.261206896552	0.541379310345	0.145689655172	0.051724137931
mpu-	0.454709802758	0.388575591592	0.0427403469955	0.113974258655
inn-	0.851851851852	0.111111111111	0.0	0.037037037037
dum-	0.678177685713	0.227294759601	0.0540491524481	0.0404784022382
bar-	0.0412852277523	0.83809126582	0.0551842545482	0.0654392518791
pab-	0.565914779318	0.314052866125	0.0872962578597	0.0327360966974
bai-	0.107716749192	0.658184194974	0.220645599152	0.0134534566816
pis-	0.00961538461538	0.990384615385	0.0	0.0
lih-	0.211538461538	0.596153846154	0.192307692308	0.0
nkg-	0.379356084916	0.476358316108	0.0913392984874	0.0529463004889
ten-	0.167223062724	0.0980303361249	0.0317499750012	0.70299662615
nai-	0.0	0.97972972973	0.0	0.0202702702703
pet-	0.0202762902454	0.971395612743	0.00461421591154	0.00371388109954
his-	0.0	0.943925233645	0.0560747663551	0.0
apo-	0.00995575221238	0.977599557522	0.0033185840708	0.00912610619469
fan-	0.539477496082	0.227658884325	0.0792966921952	0.153566927399
did-	0.0666542543288	0.866319121206	0.056972630795	0.0100539936697
diq-	0.158274418121	0.756535385157	0.0578396598798	0.0273505368424
heb-	0.077641984184	0.393242271747	0.529115744069	0.0
kef-	0.0511347716447	0.908938077893	0.0273185766321	0.0126085738302
bot-	0.28933560016	0.332693837791	0.261513459517	0.116457102532
ere-	0.27130782601	0.165874838273	0.0650069743908	0.497810361326
ima-	0.504070047662	0.228431425052	0.125314625395	0.14218390189
sis-	0.707401008125	0.136453856149	0.0899601605004	0.0661849752253
ebi-	0.353514831369	0.182446160098	0.0353514831369	0.428687525396
kao-	0.0253841015364	0.0552215542196	0.151345425895	0.768048918349
bka-	0.0952380952381	0.857142857143	0.0	0.047619047619
rub-	0.0	1.0	0.0	0.0
bau-	0.246527777778	0.520833333333	0.0	0.232638888889
mik-	0.0176211453744	0.973568281938	0.0	0.00881057268722
