-yer	0.0185170593334	0.963753841305	0.0023638799149	0.0153652194468
-cae	0.866378938282	0.0813120414329	0.007250755287	0.0450582649978
-cad	0.750310496459	0.167449900977	0.0377630828103	0.0444765197543
-can	0.623849895338	0.216333978782	0.0819424973571	0.0778736285228
-eus	0.0	1.0	0.0	0.0
-cas	0.126493467396	0.681100222729	0.170528910059	0.0218773998168
-iva	0.313859162907	0.465094167864	0.128578075375	0.0924685938543
-rba	0.0643137668362	0.892986109281	0.0326840454413	0.0100160784417
-ive	0.61022767662	0.258457859653	0.0788109727123	0.0525034910148
-rbe	0.189718218972	0.80060228006	0.00903420090341	0.000645300064529
-caz	0.0954448817117	0.448590944045	0.409824942326	0.0461392319175
-rbo	0.189	0.758	0.0246	0.0284
-—me	0.332406471183	0.311678463094	0.0323559150657	0.323559150657
-ivo	0.263064075015	0.483382142929	0.201110130615	0.0524436514405
-oye	0.863339484159	0.112108048286	0.00526124304764	0.019291224508
-idí	0.546307884856	0.205256570713	0.105131414268	0.143304130163
-ecí	0.4458374143	0.24916748286	0.241136141038	0.0638589618022
-idé	0.721268163805	0.183619550859	0.0594451783355	0.0356671070013
-oyo	0.160600702567	0.813933201374	0.00602423777744	0.0194418582818
-ecó	0.785425244505	0.128924176822	0.0442410013803	0.041409577292
-lto	0.322029328447	0.32394328722	0.192919594219	0.161107790114
-rpó	0.37610619469	0.570796460177	0.0132743362832	0.0398230088496
-ufo	0.0	1.0	0.0	0.0
-idó	0.617781822747	0.312233241275	0.038287722822	0.0316972131559
-aun	0.10199413811	0.0424439148656	0.0255293505355	0.830032596488
-ca!	0.817307692308	0.144230769231	0.0384615384615	0.0
-utó	0.773584905661	0.194968553459	0.0314465408805	0.0
-apa	0.141185652685	0.801702892321	0.0217117928075	0.0353996621861
-ca?	0.923076923077	0.0769230769231	0.0	0.0
-lta	0.376934907516	0.296408763067	0.15465580085	0.172000528567
-oy!	0.593639575972	0.257950530035	0.0212014134276	0.127208480565
-car	0.635084039961	0.254026781277	0.0349674713582	0.0759217074037
-tís	0.624450451037	0.233660077507	0.0464714885857	0.0954179828703
-tín	0.142393797959	0.777905229017	0.0464757535005	0.0332252195238
-tío	0.184511784512	0.657912457913	0.0525252525252	0.105050505051
-oy?	0.590909090909	0.0909090909091	0.0909090909091	0.227272727273
-tía	0.493828759065	0.260063394607	0.0736019158401	0.172505930488
-rbó	0.834928229665	0.0239234449761	0.112440191388	0.0287081339713
-caí	0.822643133879	0.0710288420146	0.00904003443823	0.0972879896685
-ho!	0.732673267327	0.108910891089	0.118811881188	0.039603960396
-ivé	0.741379310345	0.0	0.206896551724	0.051724137931
-iví	0.558773424191	0.32538330494	0.0954003407155	0.0204429301533
-ido	0.66391680034	0.161874911204	0.0720469477115	0.102161340745
-eci	0.5	0.5	0.0	0.0
-eco	0.234698059084	0.31825801885	0.415750847521	0.0312930745446
-rpo	0.0104843585625	0.964980815958	0.00735915087718	0.0171756746023
-rpa	0.0649198279233	0.867813844349	0.0531873289011	0.0140789988267
-eca	0.253177236587	0.54363613598	0.161053026983	0.0421336004508
-ide	0.655070644363	0.227155287841	0.0329119243584	0.0848621434375
-rpe	0.0843214756258	0.433904259991	0.453667105841	0.0281071585419
-ece	0.619795697273	0.186735495503	0.0738923441533	0.119576463071
-ida	0.231897679226	0.625320897855	0.051894096473	0.0908873264453
-oyó	0.883340616878	0.0592497182418	0.00193205602963	0.0554776088507
-iz!	0.210336538461	0.216346153846	0.573317307692	0.0
-uta	0.160829899941	0.734598783598	0.0738669805769	0.0307043358839
-ute	0.0	0.838926174497	0.161073825503	0.0
-uto	0.080241760527	0.841572560338	0.0543756847575	0.0238099943773
-oya	0.197784810127	0.541139240506	0.21835443038	0.0427215189873
-id!	0.012987012987	0.974025974026	0.012987012987	0.0
-id?	0.00636942675159	0.980891719745	0.0	0.0127388535032
-rá?	0.455294117647	0.161176470588	0.271764705882	0.111764705882
-lpó	0.521126760563	0.112676056338	0.0915492957746	0.274647887324
-rá—	0.141891891892	0.810810810811	0.0	0.0472972972973
-dán	0.0103215236535	0.9804218718	0.00438255171002	0.00487405283637
-dád	0.31914893617	0.63829787234	0.0	0.0425531914893
-ije	0.483631211824	0.0367065943612	0.0116205206418	0.468041673173
-ija	0.0765788998266	0.860429808849	0.0301193318238	0.0328719595005
-ráy	0.379229871645	0.469078179697	0.0816802800466	0.0700116686115
-ijo	0.641993611563	0.341266373671	0.00164159119945	0.0150984235663
-rás	0.513150443341	0.168760850152	0.0435818196218	0.274506886885
-rán	0.558436930869	0.13838253255	0.0417492049497	0.261431331631
-nha	0.5	0.272727272727	0.181818181818	0.0454545454545
-–en	0.242834809797	0.25638353309	0.0343929129755	0.466388744138
-–el	0.0176390773406	0.141112618725	0.0	0.841248303935
-–id	0.258928571429	0.733928571429	0.0	0.00714285714285
-aús	0.153031761309	0.792107795958	0.0115495668912	0.0433108758422
-aúl	0.0871735345328	0.893325594893	0.0121880441091	0.00731282646547
-jo—	0.322906155399	0.438950554995	0.115035317861	0.123107971746
-aún	0.138296807066	0.156665898183	0.0282243134296	0.676812981321
-pos	0.0660727253864	0.835585468755	0.0342683369644	0.0640734688937
-–es	0.240841777085	0.112236944661	0.0670303975058	0.579890880748
-cán	0.154228855721	0.495024875622	0.320895522388	0.0298507462687
-yas	0.504707020661	0.271893913955	0.092628880769	0.130770184615
-yar	0.613223140496	0.0793388429752	0.188429752066	0.119008264463
-lpe	0.74299634592	0.0889159561511	0.0	0.168087697929
-rsó	0.626373626374	0.241758241758	0.0659340659341	0.0659340659341
-lpa	0.228348429116	0.439873960105	0.212000158209	0.11977745257
-yan	0.609454392331	0.245824288065	0.025065403545	0.119655916059
-cá!	0.538461538462	0.0	0.0	0.461538461538
-ché	0.726211072664	0.175605536332	0.0493079584775	0.048875432526
-ijé	0.489622641509	0.11320754717	0.197169811321	0.2
-ijó	0.5625	0.121527777778	0.134548611111	0.181423611111
-rnó	0.11755952381	0.718253968254	0.116567460317	0.047619047619
-rié	0.576368876081	0.132564841499	0.152737752161	0.138328530259
-cá?	0.0223880597015	0.089552238806	0.0	0.888059701493
-uar	0.546289964809	0.267182574759	0.045230907787	0.141296552644
-ya!	0.133333333333	0.866666666667	0.0	0.0
-ti?	0.369080779944	0.16852367688	0.008356545961	0.454038997215
-se?	0.769230769231	0.230769230769	0.0	0.0
-666	0.0	0.0344827586207	0.0	0.965517241379
-ade	0.357510127766	0.573231536304	0.0248519788096	0.0444063571206
-ada	0.295391522181	0.347498379776	0.0835354592626	0.27357463878
-qué	0.131475696155	0.018339935077	0.00529389494631	0.844890473822
-ado	0.605026637331	0.242394464327	0.0690972066271	0.0834816917146
-quí	0.146095813034	0.0877906434557	0.00762575711609	0.758487786394
-adi	0.0	1.0	0.0	0.0
-aat	0.0	1.0	0.0	0.0
-se—	0.747368421053	0.0315789473684	0.0315789473684	0.189473684211
-seo	0.188291095372	0.691617028265	0.0353387034513	0.0847531729123
-sen	0.556182853933	0.251967617174	0.106709645024	0.0851398838693
-sem	0.0	1.0	0.0	0.0
-sel	0.1	0.86	0.0	0.04
-oes	0.362903225806	0.459677419355	0.137096774194	0.0403225806451
-uis	0.0	0.997392664697	0.00260733530332	0.0
-uir	0.614516745193	0.150890105692	0.0418897236725	0.192703425443
-sec	0.0	1.0	0.0	0.0
-sea	0.5950381033	0.0523580068898	0.0154239923286	0.337179897482
-eré	0.435721169816	0.133693246628	0.0323204465821	0.398265136974
-ad—	0.43615676359	0.452591656132	0.0657395701643	0.0455120101138
-uim	0.0	1.0	0.0	0.0
-erí	0.346583850932	0.601242236025	0.0260869565217	0.0260869565217
-uio	0.0745396083016	0.774919614148	0.0993861444022	0.0511546331482
-erá	0.546932850961	0.0532668400557	0.0156015243789	0.384198784605
-set	0.00372208436725	0.996277915633	0.0	0.0
-ses	0.0642502342746	0.867543284747	0.0391562562701	0.0290502247084
-uid	0.783411447238	0.143303508024	0.021303792075	0.051981252663
-ió?	0.731428571429	0.131428571429	0.0685714285714	0.0685714285714
-blo	0.0503595065639	0.892123608036	0.010826501383	0.0466903840167
-aal	0.0	1.0	0.0	0.0
-ble	0.234870934714	0.226872858522	0.449936677033	0.0883195297311
-bla	0.736108255749	0.176014714089	0.0139137713296	0.0739632588328
-azó	0.352493338409	0.484202512372	0.083365055196	0.0799390940236
-ozó	0.345195729537	0.186832740214	0.357651245552	0.110320284698
-ad?	0.277604976672	0.643079315708	0.0186625194401	0.0606531881805
-azá	0.0	1.0	0.0	0.0
-ra?	0.167645488521	0.603176721837	0.0609983982915	0.168179391351
-er?	0.490771830588	0.41718914769	0.0253261737623	0.0667128479591
-oz—	0.555555555556	0.37037037037	0.0740740740741	0.0
-ra!	0.210180623974	0.265827403758	0.0886699507389	0.435322021529
-zon	0.0646072374228	0.893027360989	0.0	0.0423654015887
-que	0.0754858801643	0.0170674875638	0.00110494317647	0.906341689095
-adá	0.0	1.0	0.0	0.0
-úan	0.495418994413	0.337877094972	0.104581005587	0.0621229050279
-ra—	0.199052132701	0.336492890995	0.0284360189573	0.436018957346
-adí	0.0	1.0	0.0	0.0
-er—	0.0462962962963	0.898148148148	0.0555555555556	0.0
-lay	0.467532467532	0.428571428571	0.103896103896	0.0
-adó	0.60241194487	0.105666156202	0.202718223583	0.0892036753445
-az!	0.572519083969	0.412213740458	0.0	0.0152671755725
-zor	0.0	1.0	0.0	0.0
-zos	0.181204929679	0.672985955241	0.118952747904	0.0268563671767
-ery	0.733333333333	0.266666666667	0.0	0.0
-raz	0.119540229885	0.0827586206896	0.777471264368	0.0202298850575
-ray	0.342245989305	0.621657754011	0.0360962566845	0.0
-uió	0.781154452479	0.05034530348	0.0208135810019	0.147686663039
-ca—	0.523809523809	0.380952380952	0.0	0.0952380952381
-rar	0.731821079458	0.163172593513	0.0307641384104	0.0742421886193
-ras	0.161931143294	0.43718179547	0.0962783054161	0.304608755819
-ran	0.475091465643	0.145491832999	0.26606835686	0.113348344498
-eri	0.0	1.0	0.0	0.0
-ral	0.181556367794	0.411010075581	0.281626024262	0.125807532363
-ram	0.0	1.0	0.0	0.0
-—lo	0.196177539093	0.146896224925	0.0104248933818	0.6465013426
-rah	0.0	1.0	0.0	0.0
-ero	0.0784811527238	0.138775983336	0.0587222292152	0.724020634725
-era	0.423279251372	0.171331814396	0.0988536784519	0.30653525578
-—la	0.139759213578	0.25293619528	0.0879938146607	0.519310776481
-rae	0.667613006255	0.209577252362	0.0534090405004	0.0694007008827
-ere	0.616105153897	0.169757665828	0.0493381198798	0.164799060395
-—le	0.291937581274	0.337451235371	0.0468140442133	0.323797139142
-sed	0.349159799682	0.217145052258	0.359864331189	0.0738308168705
-oza	0.529455010388	0.241201853924	0.213680677641	0.015662458047
-blé	0.559848689543	0.193731423939	0.0243177519589	0.222102134558
-ozo	0.0621817906982	0.761613565937	0.106430490377	0.0697741529878
-uge	0.471321695761	0.483790523691	0.0448877805486	0.0
-azo	0.129259825467	0.762293776674	0.0412446652653	0.0672017325944
-uga	0.206830513884	0.699329715927	0.0900095754867	0.00383019470156
-ugo	0.13027975864	0.721886999452	0.0469007131103	0.100932528799
-aza	0.211608042324	0.700542480684	0.0710140507519	0.0168354262403
-bló	0.836079361359	0.0675683749489	0.0104326085658	0.0859196551265
-ro—	0.294757665677	0.498516320475	0.118694362018	0.0880316518299
-noy	0.0	1.0	0.0	0.0
-to!	0.393666153508	0.235759841654	0.0538816802287	0.31669232461
-nor	0.0787000439174	0.683003952569	0.199187527448	0.039108476065
-nos	0.103502038416	0.411092791934	0.0531587099692	0.432246459681
-vo?	0.733067729084	0.199203187251	0.0199203187251	0.0478087649402
-vo!	0.121212121212	0.757575757576	0.0909090909091	0.030303030303
-eón	0.0405223653955	0.891101566228	0.0608269339234	0.00754913445269
-to?	0.140210022251	0.480865073065	0.0314903251832	0.3474345795
-noc	0.0154525386313	0.975717439294	0.00220750551876	0.00662251655629
-vo—	0.927083333333	0.0	0.0729166666666	0.0
-ro?	0.108717948718	0.442735042735	0.0735042735043	0.375042735043
-fán	0.240760277556	0.626251190078	0.013809192977	0.119179339389
-fás	0.0147208939988	0.974426476119	0.00676946220384	0.00408316767851
-to—	0.822580645161	0.129032258064	0.0483870967742	0.0
-ro!	0.204610951009	0.687319884726	0.0086455331412	0.0994236311239
-ie?	0.870967741935	0.0645161290323	0.0	0.0645161290323
-gla	0.310443037975	0.623734177215	0.0196202531646	0.0462025316456
-vor	0.267873499404	0.291576471996	0.0208989931845	0.419651035416
-vos	0.144581280032	0.726909953421	0.101617684061	0.0268910824859
-eó?	0.88	0.072	0.048	0.0
-no?	0.238576524111	0.524996289833	0.09994421956	0.136482966496
-ton	0.105691056911	0.365853658537	0.528455284553	0.0
-voy	0.531753876053	0.0394948740284	0.00415214028502	0.424599109634
-voz	0.0548044470267	0.899824390753	0.00611041839393	0.0392607438259
-glo	0.012050785453	0.956100710136	0.0215192597374	0.010329244674
-tor	0.0878468609733	0.884470923366	0.01531356611	0.0123686495504
-tos	0.124022762981	0.417646526372	0.252833478827	0.20549723182
-no!	0.18018018018	0.0954954954955	0.0648648648648	0.65945945946
-toy	0.556102218936	0.0638504445441	0.0105561022189	0.369491234301
-ar—	0.518518518519	0.260233918129	0.0682261208577	0.153021442495
-ñes	0.729073387062	0.195556692678	0.0470129205578	0.0283569997015
-iel	0.073971957409	0.577428223507	0.312653626071	0.0359461930135
-ror	0.186403695826	0.649727463082	0.134400184901	0.0294686561907
-ros	0.0564461962437	0.216965541082	0.0695640241893	0.657024238485
-ñez	0.0824175824176	0.754578754579	0.0494505494506	0.113553113553
-roy	0.0682926829268	0.836585365854	0.0512195121951	0.0439024390244
-roz	0.321176470588	0.641764705882	0.0123529411765	0.0247058823529
-roe	0.0582901554404	0.815414507772	0.116580310881	0.00971502590673
-iez	0.00526266766021	0.016672876304	0.00279433681073	0.975270119225
-roa	0.120206252014	0.800515630035	0.0580083789881	0.0212697389623
-rol	0.227019498607	0.504642525534	0.156917363046	0.111420612813
-rom	0.0	1.0	0.0	0.0
-ron	0.757858385471	0.0776773526391	0.0266711593413	0.137793102549
-ier	0.151374426901	0.153991197569	0.0306288183927	0.664005557137
-ñen	0.661152712187	0.185430636366	0.0978422521982	0.0555743992486
-ué?	0.181229773463	0.203883495146	0.0194174757281	0.595469255663
-sar	0.45070507244	0.28258914927	0.0554412816256	0.211264496664
-noé	0.0	1.0	0.0	0.0
-ué!	0.292134831461	0.0	0.505617977528	0.202247191011
-nga	0.711271771025	0.0798377527251	0.0183159992696	0.19057447698
-nge	0.5	0.401459854015	0.0875912408759	0.0109489051095
-ués	0.128161352667	0.0248747872435	0.0106086095684	0.836355250522
-gló	0.80412371134	0.144329896907	0.0412371134021	0.0103092783505
-uél	0.283683318117	0.482848571801	0.116081909482	0.1173862006
-uén	0.0	1.0	0.0	0.0
-cló	0.565191024864	0.191024863554	0.200121285628	0.0436628259551
-mud	0.0487804878049	0.947735191638	0.0	0.00348432055749
-?él	0.345633456335	0.312423124231	0.140221402214	0.20172201722
-ois	0.762697108164	0.027579627886	0.00573437807531	0.203988885875
-oir	0.88668850849	0.0725997652132	0.000966769226049	0.0397449570708
-len	0.585998169996	0.209180821525	0.111466358691	0.0933546497875
-leo	0.138246059836	0.674199110627	0.140363614363	0.0471912151738
-esó	0.712119638592	0.0520822515319	0.0191868314467	0.21661127843
-lea	0.0353196579721	0.950462846804	0.0089786573099	0.00523883791404
-olo	0.232901747255	0.164285676487	0.035973581951	0.566838994307
-itó	0.716070404955	0.100049201413	0.100356644326	0.0835237493059
-leg	0.0	1.0	0.0	0.0
-ley	0.00688002412373	0.97179348818	0.0112683209408	0.0100581667553
-esé	0.297489253006	0.62799825556	0.0109027474924	0.0636097439412
-ití	0.56170212766	0.153191489362	0.0340425531915	0.251063829787
-ité	0.69278801124	0.179363097096	0.0513581017796	0.0764907898845
-acó	0.644197189962	0.0896613335499	0.0159993502802	0.250142126208
-esá	0.0	1.0	0.0	0.0
-les	0.115982119549	0.2618692905	0.0703156636194	0.551832926332
-muy	0.192654233154	0.090865433479	0.120763034861	0.595717298506
-itá	0.0	0.772126816381	0.0198150594452	0.208058124174
-udó	0.679106111613	0.236185236883	0.0169690998166	0.0677395516873
-é?y	0.351351351351	0.0810810810811	0.0	0.567567567568
-gún	0.271673259622	0.109305367381	0.0290282977367	0.58999307526
-ole	0.670945922835	0.17487664185	0.0373419806551	0.116835454659
-udá	0.0	0.997076372315	0.00208830548926	0.000835322195704
-tez	0.125	0.670682730924	0.140060240964	0.0642570281125
-udé	0.941558441558	0.0194805194805	0.0	0.038961038961
-udí	0.146596858639	0.633507853403	0.0942408376963	0.125654450262
-zca	0.614727389744	0.17891551906	0.115816805839	0.0905402853562
-osé	0.0206782814614	0.962688881371	0.0033547586829	0.0132780784844
-oi!	0.0	0.962962962963	0.037037037037	0.0
-pea	0.551508844953	0.394380853278	0.0374609781478	0.0166493236212
-pel	0.171052631579	0.779605263158	0.0361842105263	0.0131578947368
-pen	0.489870097624	0.286746186464	0.16816803276	0.0552156831513
-peo	0.707121364092	0.280842527583	0.0	0.012036108325
-lsa	0.276437605946	0.635618145202	0.0496950203561	0.0382492284957
-per	0.656478405316	0.166777408638	0.0279069767442	0.148837209302
-pes	0.3773257406	0.508667317089	0.0475506342301	0.0664563080806
-oga	0.0353411026214	0.949365976761	0.00294192171086	0.0123509989068
-oge	0.772395259412	0.156734763229	0.04199702362	0.0288729537388
-lso	0.291771700525	0.0944351473298	0.544792085919	0.069001066226
-pez	0.0725669756867	0.85382191948	0.0642139425141	0.00939716231913
-esy	0.253623188406	0.484430082256	0.223756365061	0.0381903642773
-osó	0.764989059081	0.171991247265	0.0131291028446	0.0498905908096
-leá	0.0	1.0	0.0	0.0
-itu	0.00533933532846	0.968778641535	0.0135807200778	0.0123013030592
-rid	0.416988416988	0.196911196911	0.343629343629	0.042471042471
-ito	0.479207181363	0.381713515839	0.0839394977029	0.055139805095
-tes	0.14226377137	0.532344246836	0.110743035307	0.214648946487
-eso	0.121997095553	0.26843817494	0.0144718220595	0.595092907448
-esa	0.221030529457	0.412937539075	0.0251508848538	0.340881046614
-ite	0.380003197477	0.460143385079	0.0932109996882	0.0666424177554
-ese	0.207453703908	0.0914762411565	0.0287162164423	0.672353838493
-ita	0.506355654541	0.33307506974	0.0589936841729	0.101575591546
-spa	0.327272727273	0.618181818182	0.0545454545455	0.0
-spe	0.0491228070175	0.913450292398	0.0374269005848	0.0
-fan	0.0	1.0	0.0	0.0
-fal	0.243076923077	0.701538461539	0.0553846153846	0.0
-spo	0.0177978883861	0.924283559578	0.0425339366516	0.0153846153846
-far	0.552006749428	0.321441484874	0.101241412559	0.0253103531397
-fas	0.0274914089347	0.952920962199	0.00515463917526	0.0144329896907
-uda	0.237913762477	0.533632266795	0.0804991893989	0.147954781329
-fat	0.0	1.0	0.0	0.0
-ude	0.536804960171	0.27445710575	0.0880740050887	0.10066392899
-faz	0.0824846393401	0.803888561569	0.0808012793536	0.0328255197374
-udo	0.279384359148	0.204501023191	0.35878085173	0.157333765932
-es?	0.34757460234	0.380176153543	0.0728276587354	0.199421585382
-loy	0.456273764258	0.429657794677	0.0	0.114068441065
-ela	0.312462399076	0.567083934624	0.0722326338045	0.0482210324953
-es!	0.289023162135	0.605236656596	0.0483383685801	0.0574018126888
-lot	0.0214275622812	0.968682793589	0.00659309608652	0.00329654804327
-lsó	0.895176252319	0.0204081632653	0.00927643784787	0.0751391465677
-aed	0.49068818314	0.446451189192	0.0628606276681	0.0
-tea	0.0603552092294	0.918392956535	0.0170014673885	0.00425036684714
-ogó	0.827542033627	0.0629303442754	0.0365092073659	0.0730184147318
-ael	0.0120293190477	0.979287137138	0.00377124954068	0.0049122942735
-aen	0.640748293289	0.291249224222	0.0446848124834	0.0233176700062
-aes	0.547477744807	0.243323442136	0.120178041543	0.0890207715134
-aer	0.746393082189	0.118185982593	0.0409136907901	0.0945072444283
-ogí	0.914006858349	0.0226853073068	0.0474808757584	0.0158269585861
-peó	0.718475073314	0.193548387097	0.0703812316715	0.0175953079179
-ted	0.219978994048	0.163904773019	0.0334928229665	0.582623409966
-ris	0.00212749497137	0.996712053226	0.00116045180257	0.0
-—tu	0.0635351615531	0.110507738257	0.0	0.82595710019
-eas	0.25430503503	0.582857931897	0.0556989077147	0.107138125359
-ear	0.585052918218	0.320153181557	0.0446779541783	0.0501159460464
-cma	0.0942028985507	0.731884057971	0.0	0.173913043478
-riz	0.113964686998	0.786516853933	0.0224719101124	0.0770465489566
-íos	0.0330065652246	0.747123488426	0.116913482375	0.102956463974
-rne	0.0540117931751	0.810349438595	0.116206341743	0.0194324264868
-iza	0.493510292461	0.454381668923	0.0190913072519	0.033016731365
-rna	0.0349354043268	0.122759910523	0.769230769231	0.0730739159199
-rno	0.0694490802389	0.607770801639	0.247100530179	0.0756795879433
-izo	0.708135124846	0.0806087811345	0.018516019665	0.192740074354
-eal	0.143973941368	0.600651465798	0.214983713355	0.0403908794788
-rni	0.595827900913	0.247718383312	0.0391134289439	0.117340286832
-ean	0.739168902011	0.0943121362222	0.0322013766152	0.134317585152
-uro	0.443003113935	0.15808872763	0.23923507466	0.159673083776
-ura	0.226483760121	0.587512150914	0.154439763293	0.0315643256715
-aíz	0.0558609524826	0.871644340076	0.0189464695522	0.0535482378894
-ure	0.506124234471	0.293963254593	0.138670166229	0.0612423447069
-zna	0.0104437147073	0.989556285293	0.0	0.0
-—os	0.503448275862	0.0703448275862	0.0	0.426206896552
-zín	0.0	1.0	0.0	0.0
-izó	0.665332165645	0.130489178031	0.166395596147	0.0377830601776
-izá	0.278350515464	0.155181768855	0.0683667932718	0.498100922409
-rní	0.0	1.0	0.0	0.0
-uré	0.610715623829	0.166729112027	0.164106406894	0.0584488572499
-éja	0.260869565217	0.434782608696	0.0	0.304347826087
-nno	0.0	1.0	0.0	0.0
-nna	0.00993377483443	0.917218543046	0.0198675496689	0.0529801324503
-uró	0.707501933488	0.214591389533	0.021242588296	0.0566640886826
-nne	0.244897959184	0.209183673469	0.0612244897959	0.484693877551
-tie	0.542372881356	0.177966101695	0.279661016949	0.0
-lón	0.0964326892841	0.851624098855	0.0398308933999	0.0121123184608
-mna	0.0316106372303	0.920220772704	0.0481685900652	0.0
-kín	0.0	1.0	0.0	0.0
-víe	0.786233290809	0.175495035776	0.0183038438072	0.0199678296078
-ajé	0.294228592984	0.253112033195	0.158430780837	0.294228592984
-ajó	0.393078434336	0.0230718855473	0.00574278373886	0.578106896378
-ojó	0.658712416359	0.0835693635537	0.194962449834	0.0627557702535
-sgó	0.872457394173	0.117921935129	0.000549752611324	0.00907091808686
-vís	0.662362505978	0.21568627451	0.0559540889527	0.0659971305595
-vío	0.855717626702	0.0848913342256	0.0121666013275	0.0472244377453
-frí	0.659713168188	0.183833116037	0.00782268578879	0.148631029987
-ojé	0.445336008024	0.0912738214644	0.385155466399	0.0782347041123
-vía	0.321060100668	0.0750828008823	0.0581027640618	0.545754334388
-rís	0.664680050188	0.203889585947	0.0564617314931	0.0749686323714
-?le	0.350135501355	0.552303523035	0.0325203252033	0.0650406504065
-ría	0.240134859158	0.509973106459	0.0801867402831	0.1697052941
-ríe	0.78253968254	0.161904761905	0.0365079365079	0.0190476190476
-rín	0.0	1.0	0.0	0.0
-amó	0.895709873462	0.0445045421132	0.0122741421713	0.0475114422533
-gía	0.545043273013	0.285995279308	0.116050354052	0.0529110936271
-ajo	0.163700523996	0.261778350582	0.02465937711	0.549861748313
-cía	0.713467481859	0.133598176944	0.0352935634001	0.117640777797
-cío	0.421638822593	0.228321400159	0.286396181384	0.0636435958632
-aje	0.137467643285	0.714756171345	0.0710114237742	0.0767647615961
-aja	0.257215989142	0.500947870795	0.0444060870271	0.197430053036
-nós	0.02734375	0.97265625	0.0	0.0
-cro	0.0130472550382	0.959572619875	0.0114315496873	0.0159485753996
-nón	0.0206896551724	0.979310344828	0.0	0.0
-cís	0.925022052338	0.023228462217	0.000882093501912	0.0508673919435
-cra	0.733333333333	0.266666666667	0.0	0.0
-ldo	0.26935902186	0.643942200815	0.0577991848833	0.0288995924416
-nó—	0.183673469388	0.102040816327	0.591836734694	0.122448979592
-lda	0.38363762422	0.430636384646	0.13593293695	0.0497930541841
-lde	0.16556487764	0.25503944928	0.470647061218	0.108748611862
-fre	0.305818170546	0.663494621989	0.0144136883544	0.0162735191098
-oja	0.374398370974	0.289800074047	0.27878563495	0.0570159200296
-fra	0.334721332479	0.501921844971	0.0438821268417	0.119474695708
-oje	0.498876404494	0.205531547105	0.240622299049	0.0549697493518
-fro	0.570133488585	0.276832868965	0.0835863101426	0.0694473323075
-sgo	0.0756211739287	0.917176809507	0.00720201656462	0.0
-ojo	0.0672943913325	0.729753247365	0.185871127974	0.0170812333283
-nó?	0.766129032258	0.137096774194	0.0967741935484	0.0
-nía	0.692102264079	0.0925038736394	0.0413611012454	0.174032761036
-río	0.0454739465956	0.675378167042	0.264627296319	0.014520590043
-nís	0.373452914798	0.379730941704	0.0337219730942	0.213094170404
-beó	0.833333333333	0.0925925925926	0.0740740740741	0.0
-cí?	0.509433962264	0.0754716981132	0.377358490566	0.0377358490566
-íte	0.698113207547	0.188679245283	0.0	0.11320754717
-uso	0.54020499474	0.0904046295792	0.0297374221453	0.339652953535
-usa	0.120818644244	0.41639856037	0.0147212651625	0.448061530224
-món	0.00909928780574	0.98378251933	0.00194984738694	0.00516834547757
-use	0.542184401888	0.279870724676	0.091611282783	0.0863335906536
-mós	0.0388692579505	0.961130742049	0.0	0.0
-ue?	0.679245283019	0.230188679245	0.0	0.0905660377359
-zmo	0.131818181818	0.830303030303	0.030303030303	0.00757575757575
-epa	0.700576822234	0.0895198142183	0.0588808150423	0.151022548505
-—ni	0.166007905138	0.107378129117	0.0638998682477	0.662714097497
-epo	0.0703125	0.90625	0.0200892857143	0.00334821428571
-—no	0.247895306019	0.125282336997	0.00394245116426	0.622879905819
-zme	0.64517894276	0.285870635876	0.0131334135931	0.0558170077706
-o!y	0.646464646465	0.121212121212	0.060606060606	0.171717171717
-bén	0.0	1.0	0.0	0.0
-gné	0.8	0.0888888888889	0.0666666666667	0.0444444444444
-gnó	0.698278261743	0.083230278499	0.160035411314	0.0584560484441
-rmó	0.544163304765	0.202903939467	0.0953726598375	0.15756009593
-uey	0.0181556195965	0.980115273775	0.0	0.00172910662824
-íes	0.354008191925	0.571386775892	0.00877706260971	0.0658279695729
-uez	0.0809244770354	0.887419386519	0.0177758863391	0.0138802501064
-ues	0.123878540605	0.0427527629261	0.00794555646074	0.825423140008
-enó	0.787368677593	0.0775008921655	0.025763998294	0.109366431947
-uem	0.0	1.0	0.0	0.0
-uel	0.0633214250598	0.186557375702	0.0129263169121	0.737194882326
-ueo	0.0402819738167	0.929938138397	0.00992662926197	0.0198532585239
-uen	0.423406513527	0.17837797015	0.269857303342	0.128358212981
-a--	0.7	0.15	0.0	0.15
-ené	0.618443606445	0.234144669181	0.0802194034967	0.0671923208776
-rmé	0.308641975309	0.41975308642	0.197530864198	0.0740740740741
-ená	0.0	1.0	0.0	0.0
-usé	0.301652892562	0.0619834710744	0.623966942149	0.0123966942149
-en—	0.161934338953	0.213842058563	0.545696539485	0.0785270629991
-ta!	0.184647302905	0.790456431535	0.0	0.0248962655602
-en–	0.1	0.06	0.82	0.02
-ta?	0.231824235952	0.543071071167	0.128511261234	0.0965934316466
-usó	0.53636106395	0.277447651387	0.0942275042445	0.0919637804188
-en?	0.753110047847	0.143540669856	0.0574162679426	0.0459330143541
-óni	0.435114503817	0.381679389313	0.0229007633588	0.160305343511
-epó	0.862559241706	0.0781990521327	0.0142180094787	0.0450236966825
-en!	0.860518292683	0.102896341463	0.0182926829269	0.0182926829268
-tal	0.132645282342	0.230608559322	0.175808568124	0.460937590212
-tam	0.0	1.0	0.0	0.0
-tan	0.438169371091	0.202857440372	0.11028554864	0.248687639897
-tad	0.274651755855	0.43789103038	0.104989104774	0.182468108991
-gna	0.226360168641	0.177792277321	0.509435856254	0.0864116977849
-taz	0.0156739811912	0.984326018809	0.0	0.0
-tat	0.0	1.0	0.0	0.0
-tar	0.586068812026	0.25577600597	0.0478268916998	0.110328290305
-tas	0.134678836305	0.51312216118	0.0623458779126	0.289853124602
-eno	0.148322601413	0.275437293769	0.494206018604	0.0820340862137
-rme	0.554871267579	0.168597940006	0.0815510178332	0.194979774582
-ene	0.773590385962	0.0811487207325	0.0287274010194	0.116533492286
-rmo	0.105948858367	0.197191184914	0.614892019609	0.0819679371108
-lgó	0.330508474576	0.546610169492	0.0	0.122881355932
-hes	0.182302634406	0.714312318249	0.0342945549873	0.0690904923575
-hem	0.0	1.0	0.0	0.0
-hen	0.643639358598	0.204754593429	0.1117471809	0.0398588670727
-deó	0.435307987032	0.258768051871	0.0176834659593	0.288240495137
-bió	0.726410890789	0.0612520176635	0.0136620311695	0.198675060378
-!el	0.0754716981132	0.811320754717	0.0	0.11320754717
-nso	0.133763036228	0.765019472237	0.0709179284422	0.030299563093
-nse	0.497342884529	0.307026011557	0.109224954726	0.0864061491879
-nsa	0.258406492488	0.621901927695	0.0559909011958	0.063700678621
-he?	0.316176470588	0.110294117647	0.132352941176	0.441176470588
-u--	0.381578947368	0.394736842105	0.105263157895	0.118421052632
-eña	0.443957581625	0.305753762211	0.185081404559	0.0652072516061
-nme	0.517628689651	0.329063617647	0.0516544277786	0.101653264923
-eñe	0.775731154546	0.15330427	0.0277160262147	0.0432485492392
-eño	0.127524412041	0.54184985922	0.21636694324	0.114258785499
-meí	0.0	1.0	0.0	0.0
-dea	0.0286611408207	0.955488547195	0.00843742843253	0.00741288355143
-dec	0.0316340187371	0.959849130065	0.00413675629639	0.00438009490206
-ded	0.86896186641	0.113833588566	0.00529370616149	0.0119108388634
-del	0.00290889059615	0.00608721681222	0.000642991234438	0.990360901357
-den	0.503539780674	0.261294403561	0.0804442215159	0.154721594249
-deo	0.0224552069478	0.959471089899	0.0117361708787	0.00633753227447
-der	0.223944336513	0.618650799181	0.061940451433	0.0954644128725
-des	0.0400076413515	0.190882506517	0.0535094512163	0.715600400915
-zul	0.030303030303	0.391414141414	0.578282828283	0.0
-lga	0.645228656726	0.174496739392	0.102726310592	0.0775482932901
-lgo	0.116116455288	0.540264168316	0.0255036534724	0.318115722923
-dez	0.173520802521	0.581305526255	0.167477789498	0.0776958817259
-bir	0.679714973697	0.090427712687	0.0246712900674	0.205186023548
-aúm	0.0048489746439	0.990100010102	0.000909182745732	0.00414183250833
-me?	0.763948497854	0.18025751073	0.0343347639485	0.0214592274678
-nsó	0.465287741113	0.0373425793081	0.0310856049737	0.466284074606
-bid	0.57576827976	0.207347227128	0.0402684563758	0.176616036736
-bie	0.632475776813	0.243234213164	0.0801871032409	0.0441029067825
-me!	0.775	0.2125	0.0	0.0125
-nsé	0.347978910369	0.160808435852	0.140597539543	0.350615114236
-bia	0.240325269731	0.66276937957	0.0744233093362	0.022482041362
-bio	0.0926269623003	0.139931062423	0.150123283542	0.617318691735
-bil	0.0186938875907	0.21338088796	0.751937031115	0.0159881933342
-de?	0.67987804878	0.0182926829268	0.192073170732	0.109756097561
-lux	0.0195729537366	0.937722419929	0.0213523131673	0.0213523131673
-luz	0.0427004655233	0.786755897944	0.154203696929	0.0163399396039
-mes	0.348825097878	0.42812346205	0.107245168541	0.115806271531
-mer	0.528160557286	0.147794550273	0.259932311042	0.0641125813993
-eñé	0.732463295269	0.185970636215	0.0163132137031	0.0652528548124
-íga	0.647773279352	0.352226720648	0.0	0.0
-med	0.634017636437	0.304184709244	0.00946687470417	0.0523307796147
-eñó	0.763296768455	0.133649570116	0.0103172250222	0.0927364364067
-mea	0.10784846837	0.855446800798	0.0131411999275	0.0235635309045
-mec	0.0	1.0	0.0	0.0
-luo	0.166666666667	0.1875	0.5625	0.0833333333333
-meo	0.0124214077595	0.98205796657	0.00368041711394	0.00184020855697
-men	0.628259956341	0.250510434859	0.053512723554	0.0677168852464
-lud	0.304019789734	0.293135435993	0.0623376623377	0.340507111936
-ién	0.047476474334	0.0259903987174	0.026854791245	0.899678335703
-aya	0.465418753337	0.267183824272	0.0206266506949	0.246770771695
-ayo	0.0332610267534	0.953362255965	0.0027114967462	0.0106652205351
-tón	0.0979958936449	0.862747156435	0.0344230717587	0.00483387816186
-ndi	0.778761061947	0.150442477876	0.0353982300885	0.0353982300885
-rló	0.580191693291	0.366134185304	0.0460063897764	0.00766773162939
-—sé	0.513011152416	0.28624535316	0.111524163569	0.089219330855
-—sí	0.0554156171284	0.0738874895046	0.0211586901763	0.849538203191
-uba	0.37984496124	0.217054263566	0.093023255814	0.31007751938
-i!y	0.333333333333	0.203703703704	0.037037037037	0.425925925926
-ube	0.115405174257	0.86249198204	0.00670836005986	0.0153944836434
-tán	0.71137267286	0.128469291172	0.0121025568061	0.148055479161
-upó	0.550939663699	0.249258160237	0.137487636004	0.0623145400593
-!se	0.239436619718	0.549295774648	0.0140845070423	0.197183098592
-gie	0.17880794702	0.598675496689	0.119205298013	0.103311258278
-tás	0.529100296387	0.0982808251412	0.0325205366443	0.340098341827
-tó–	0.670212765957	0.0425531914893	0.0	0.287234042553
-tó—	0.868852459016	0.0327868852459	0.0983606557377	0.0
-gia	0.0848870366308	0.79688528186	0.103092783505	0.0151348980039
-huí	0.848605577689	0.0	0.0199203187251	0.131474103586
-gog	0.0388244809921	0.941763278512	0.0194122404961	0.0
-ayó	0.862262479967	0.0693515936328	0.00438017185832	0.0640057545424
-gos	0.070558536746	0.691228186902	0.194020120094	0.0441931562578
-gor	0.240423144735	0.470695090025	0.155740770423	0.133140994818
-con	0.0422223253154	0.0109822616176	0.00365919799876	0.943136215068
-eos	0.0571730993061	0.901496060118	0.0280938109587	0.013237029617
-eor	0.0187104202648	0.0669737094607	0.751487238534	0.162828631741
-cob	0.001630378396	0.995849945901	0.0	0.00251967570292
-rlo	0.625564216367	0.191176089302	0.0518007297672	0.131458964564
-—si	0.0432740599973	0.0100447943532	0.00336636351296	0.943314782137
-coy	0.0483870967742	0.145161290323	0.290322580645	0.516129032258
-ubí	0.327516778523	0.245100671141	0.0805369127517	0.346845637584
-rle	0.652486597793	0.165408692612	0.0398836308094	0.142221078786
-rla	0.528954534964	0.29006992121	0.061808080105	0.119167463721
-cos	0.118607496786	0.378501825291	0.463355371221	0.0395353067013
-—se	0.185958254269	0.34440227704	0.0170777988615	0.452561669829
-amo	0.275986724017	0.6539762573	0.0198035707998	0.0502334478825
-go!	0.332878581173	0.484311050477	0.0545702592087	0.128240109141
-eo—	0.0821917808219	0.753424657534	0.0	0.164383561644
-upe	0.465592937807	0.360857417886	0.118329302937	0.0552203413706
-go?	0.35180204411	0.0812264658419	0.52824098978	0.038730500269
-upa	0.52625999255	0.287670840377	0.0982063551188	0.0878628119538
-upo	0.507825185697	0.292347555709	0.0521679046467	0.147659353947
-sán	0.0	1.0	0.0	0.0
-—al	0.372180451128	0.345864661654	0.0225563909774	0.259398496241
-oas	0.0	1.0	0.0	0.0
-úne	0.541620463104	0.098816372314	0.00268948281908	0.356873681763
-co!	0.670212765957	0.18085106383	0.117021276596	0.031914893617
-zle	0.473186119874	0.356466876972	0.0567823343849	0.11356466877
-!él	0.380664652568	0.465256797583	0.0815709969788	0.07250755287
-co?	0.166666666667	0.166666666667	0.458333333333	0.208333333333
-zlo	0.401555663588	0.282936315022	0.0870199319397	0.228488089451
-go—	0.242801715336	0.617929344497	0.108637941597	0.0306309985706
-–si	0.0305810397554	0.00917431192661	0.00834028356965	0.951904364748
-–se	0.595505617977	0.202247191011	0.0674157303371	0.134831460674
-pte	0.49015976197	0.253677393143	0.0825994479429	0.173563396943
-pta	0.620609861296	0.23370257281	0.0695575972505	0.0761299686443
-pto	0.050431239291	0.820016990396	0.0518711033678	0.077680666945
-–su	0.0241935483871	0.120967741935	0.5	0.354838709677
-tre	0.0801125937215	0.0794085466302	0.0404050614661	0.800073798182
-mbó	0.560799363828	0.259412923971	0.0746810496836	0.105106662518
-tra	0.106024905695	0.0877598714297	0.0891314987822	0.717083724093
-dró	0.442696172977	0.500050756268	0.00243630088316	0.0548167698711
-úsa	0.784688995215	0.186602870813	0.0287081339713	0.0
-ltó	0.673284230038	0.157163065216	0.0845812399395	0.0849714648066
-gan	0.674202760744	0.157883151847	0.0396487325201	0.128265354888
-tro	0.046572347647	0.20919461259	0.082351404494	0.661881635269
-gal	0.242032351057	0.411735265855	0.311999519539	0.034232863549
-gai	0.0	1.0	0.0	0.0
-gau	0.0	1.0	0.0	0.0
-gas	0.312138750421	0.563841828915	0.0674486745601	0.0565707461041
-gar	0.352216652289	0.477323768397	0.0239905735372	0.146469005777
-dré	0.519710892742	0.207266193835	0.0825541556506	0.190468757773
-gaz	0.524590163934	0.0655737704918	0.262295081967	0.147540983607
-gay	0.0	1.0	0.0	0.0
-rzo	0.466951284592	0.347792940459	0.10444461386	0.0808111610887
-ino	0.104221467698	0.405660327765	0.0116973722092	0.478420832327
-ina	0.253150281898	0.63412192904	0.0638520059228	0.0488757831396
-rza	0.166229635043	0.515475218158	0.186562352233	0.131732794567
-ine	0.655925642717	0.249043150362	0.0451008760713	0.0499303308492
-dón	0.140673472069	0.840251937249	0.00543431907278	0.0136402716101
-són	0.0282642429617	0.956016605873	0.0117893633744	0.00392978779146
-cha	0.200480594325	0.314223573935	0.403753522372	0.0815423093677
-ga?	0.48987854251	0.182186234818	0.19028340081	0.137651821862
-–al	0.423076923077	0.269230769231	0.0384615384615	0.269230769231
-ptó	0.705031106302	0.176223965377	0.0799296727076	0.0388152556127
-eis	0.624209454464	0.124697082175	0.0396156799612	0.2114777834
-pté	0.731166912851	0.150664697194	0.0738552437223	0.0443131462334
-ído	0.869476199359	0.0917572681003	0.0075445679111	0.0312219646299
-yes	0.106009533822	0.866999293585	0.0172014840278	0.00978968856553
-ída	0.583084198332	0.299300015424	0.0422681731814	0.0753476130624
-tré	0.734599556673	0.134545848576	0.0487141857688	0.0821404089824
-dre	0.00797936060548	0.984376100318	0.000957224916839	0.00668731415928
-mba	0.0780333784394	0.872951435874	0.0193955796121	0.0296196060743
-dra	0.0456091290675	0.919073389615	0.0153330232377	0.01998445808
-mbe	0.523131672598	0.284697508897	0.0213523131672	0.170818505338
-tró	0.896961341618	0.0331249645899	0.00464580461181	0.0652678891806
-yen	0.870037519975	0.0987894287924	0.015313533925	0.0158595173077
-dro	0.00962211566882	0.952482352674	0.00284319696917	0.0350523346883
-gaú	0.0	1.0	0.0	0.0
-lte	0.65271176605	0.167900973651	0.125459507548	0.0539277527505
-mbo	0.560867148416	0.267370761534	0.111172873819	0.0605892162312
-iné	0.709677419355	0.0846774193548	0.0604838709677	0.145161290323
-inó	0.780452029221	0.0980944037207	0.0329531944379	0.08850037262
-bés	0.0709677419355	0.625806451613	0.0387096774194	0.264516129032
-aén	0.0	0.974842767296	0.0251572327044	0.0
-nro	0.704433497537	0.221674876847	0.0295566502463	0.0443349753694
-cón	0.0660345574433	0.783197766761	0.0859123068778	0.0648553689175
-nre	0.47983310153	0.381084840056	0.0834492350487	0.0556328233658
-io—	0.0612244897959	0.4	0.14693877551	0.391836734694
-nra	0.327793875728	0.624969809097	0.0386280824218	0.00860823275408
-ol?	0.629032258065	0.145161290323	0.0967741935484	0.129032258065
-ces	0.130548906166	0.16163702745	0.0235241128372	0.684289953547
-sa?	0.147107438016	0.763636363636	0.0495867768595	0.0396694214876
-sa!	0.105454545455	0.346666666667	0.518787878788	0.0290909090909
-ír?	0.761904761905	0.0	0.119047619048	0.119047619048
-sa—	0.105263157895	0.719298245614	0.0350877192982	0.140350877193
-aha	0.169491525424	0.627118644068	0.135593220339	0.0677966101695
-sas	0.091841145937	0.691467526006	0.0703115189482	0.146379809109
-mpo	0.0465011003592	0.760592859629	0.0315544688729	0.161351571139
-sau	0.446808510638	0.553191489362	0.0	0.0
-mpe	0.43339591975	0.384365889082	0.106053343808	0.07618484736
-mpa	0.346597277822	0.56645316253	0.0744595676541	0.0124899919936
-lfa	0.00132245977518	0.962971126295	0.0357064139299	0.0
-oli	0.0146484375	0.9853515625	0.0	0.0
-sad	0.425637393768	0.248083652725	0.14497583736	0.181303116147
-ola	0.136083645711	0.48715265989	0.0663788862482	0.31038480815
-sai	0.0	1.0	0.0	0.0
-san	0.51406121406	0.318222771957	0.0743095062709	0.093406507713
-sam	0.0	1.0	0.0	0.0
-sal	0.255932250716	0.531710666143	0.0459896227701	0.166367460371
-ah!	0.215053763441	0.462365591398	0.0	0.322580645161
-húm	0.0	1.0	0.0	0.0
-ahí	0.362993065818	0.147635557576	0.0474593611459	0.44191201546
-íca	0.580838323353	0.407185628743	0.0	0.0119760479042
-co—	0.219904144347	0.323371863547	0.456723992106	0.0
-mpí	0.510822510822	0.294372294372	0.0	0.194805194805
-saú	0.0149355057705	0.976691559176	0.0	0.00837293505318
-oló	0.410828025478	0.216560509554	0.315286624204	0.0573248407643
-ddí	0.0	1.0	0.0	0.0
-olí	0.416666666667	0.492424242424	0.0454545454546	0.0454545454546
-saí	0.0	1.0	0.0	0.0
-sse	0.365714285714	0.52	0.0571428571428	0.0571428571428
-ir?	0.483394833948	0.361623616236	0.0221402214022	0.132841328413
-uco	0.0653966448678	0.841342052886	0.0932613022462	0.0
-uca	0.655737704918	0.22131147541	0.122950819672	0.0
-rré	0.85	0.0375	0.0	0.1125
-uce	0.68661062321	0.18639928615	0.0440520358803	0.0829380547598
-ion	0.120285727772	0.813474518936	0.0437402646444	0.022499488648
-ios	0.0404282700228	0.889369798351	0.0322306043255	0.0379713273003
-ior	0.172537932583	0.267427189917	0.343886859506	0.216148017994
-éis	0.617486516522	0.0864900266586	0.0450580829311	0.250965373888
-rró	0.828338500402	0.11792398668	0.0310024112986	0.022735101619
-el?	0.101226993865	0.88036809816	0.0	0.0184049079755
-iud	0.0	1.0	0.0	0.0
