-iok	0.113932147514	0.786331094546	0.0154992988412	0.0842374590991
-het	0.0519750519751	0.703742203742	0.244282744283	0.0
-hep	0.0495171912594	0.690817495931	0.0479970586401	0.21166825417
-hem	0.335112059765	0.337929562433	0.101031661331	0.225926716471
-hen	0.278790405056	0.259182944308	0.0583943614199	0.403632289216
-lem	0.196862955548	0.627747690834	0.0595554720644	0.115833881554
-iom	0.245491350754	0.498589130168	0.0276039749724	0.228315544105
-âkâ	0.245614035088	0.701754385965	0.046783625731	0.00584795321637
-yek	0.362903225806	0.491935483871	0.0	0.145161290323
-ŋbe	0.618593907897	0.251190991771	0.0467734950195	0.0834416053126
-biâ	0.305555555556	0.638888888889	0.0555555555556	0.0
-aum	0.0276668146175	0.944222518124	0.007693445776	0.0204172214824
-ŋbi	0.352430084171	0.522943252783	0.0456149877817	0.0790116752647
-utâ	0.33679710574	0.33538914775	0.0641535663095	0.263660180201
-pup	0.0444444444444	0.755555555556	0.148717948718	0.0512820512821
-nto	0.030303030303	0.969696969697	0.0	0.0
-dâm	0.404162415621	0.499703808612	0.0240334439418	0.0721003318254
-dâi	0.292797189147	0.607651766543	0.0644153816123	0.0351356626976
-kia	0.0590334090172	0.876173824988	0.0143983924432	0.0503943735513
-dâk	0.21757182609	0.586165851775	0.162775958778	0.033486363357
-uan	0.436195153478	0.2685111588	0.0506708509229	0.2446228368
-uap	0.411890061785	0.247474561465	0.0673060444907	0.27332933226
-eâk	0.153787519755	0.223604554621	0.165421070192	0.457186855432
-uat	0.384015553598	0.347184316487	0.0650438865784	0.203756243336
-pum	0.0612460401267	0.611404435058	0.327349524815	0.0
-pgâ	0.409090909091	0.530303030303	0.0	0.0606060606061
-pan	0.332629355861	0.54847923555	0.0595149479807	0.059376460609
-arâ	0.337035900583	0.518594660939	0.0750230131942	0.0693464252838
-mut	0.298137780868	0.44101232561	0.124967280832	0.13588261269
-wap	0.217391304348	0.782608695652	0.0	0.0
-nmu	0.287209767841	0.21069514772	0.0586162602861	0.443478824153
-ope	0.0681818181818	0.75	0.113636363636	0.0681818181818
-opa	0.192172321554	0.463794640762	0.190999108358	0.153033929326
-hâŋ	0.934169278997	0.0329153605016	0.0329153605016	0.0
-imu	0.377498066443	0.273835817562	0.0815493473644	0.267116768631
-dem	0.832738097646	0.0915584389321	0.0633268753968	0.0123765880254
-den	0.119259912457	0.11331428679	0.0024155955924	0.76501020516
-400	0.268965517241	0.0413793103448	0.0275862068965	0.662068965517
-ima	0.167512690355	0.634517766497	0.0	0.197969543147
-sâŋ	0.608695652174	0.260869565217	0.0521739130435	0.0782608695652
-oko	0.160576372022	0.313566028982	0.248560434462	0.277297164533
-oki	0.315082644628	0.355888429752	0.28770661157	0.0413223140496
-aka	0.374600625489	0.164790387187	0.00673257167029	0.453876415653
-imi	0.149046557992	0.739157968805	0.0172252843908	0.094570188812
-nae	0.00980392156863	0.970588235294	0.0196078431372	0.0
-oka	0.265510555795	0.624946143903	0.0700129254632	0.0395303748385
-imo	0.0197433366239	0.765054294176	0.113524185587	0.101678183613
-wuŋ	0.198113207547	0.603773584906	0.198113207547	0.0
-goŋ	0.186609583782	0.44667575758	0.237065463761	0.129649194877
-let	0.244529572459	0.143628194087	0.0873475782033	0.524494655251
-âke	0.423679084928	0.357208940895	0.116179094542	0.102932879635
-tŋe	0.252342298134	0.282440108169	0.0676255987447	0.397591994953
-bia	0.166052186154	0.0960349248379	0.0337266008614	0.704186288147
-bin	0.45028185874	0.247793651391	0.0475286765263	0.254395813343
-bim	0.068317541362	0.751739876281	0.053307585473	0.126634996884
-moŋ	0.0627892651572	0.753936425404	0.04872030118	0.134554008259
-âku	0.139934749173	0.440714460459	0.0554042191897	0.363946571178
-tep	0.323293100063	0.18221744567	0.0813431987517	0.413146255516
-100	0.0113578599568	0.00429427712119	0.0	0.984347862922
-uta	0.257641921397	0.685589519651	0.00873362445417	0.0480349344978
-tet	0.372249866349	0.273676851585	0.0592178311469	0.294855450919
-ria	0.0300629008387	0.921343117908	0.0159487543167	0.0326452269364
-rio	0.0990566037736	0.884433962264	0.0141509433962	0.00235849056604
-haŋ	0.0685091910196	0.504167123843	0.30390652528	0.123417159857
-rik	0.353306346403	0.241454732994	0.109585308043	0.29565361256
-hâk	0.198185965401	0.258456728537	0.108756590596	0.434600715466
-maŋ	0.209386281588	0.537906137184	0.028880866426	0.223826714801
-tek	0.245246194167	0.191657837506	0.351865276306	0.21123069202
-tem	0.293643384076	0.161421169796	0.0381809899884	0.506754456139
-ten	0.00251256281407	0.974874371859	0.0075376884422	0.0150753768844
-teo	0.0332359956309	0.901896970643	0.0053052762979	0.0595617574285
-met	0.16360243152	0.341906999625	0.047094597864	0.447395970991
-nmâ	0.173580184992	0.0717127090029	0.0182504747756	0.73645663123
-ara	0.159361871239	0.600374701942	0.133189508346	0.107073918474
-pge	0.287033540559	0.39383231043	0.0608070481164	0.258327100895
-lup	0.473498123624	0.46028595354	0.0271376732934	0.0390782495425
-pat	0.124261323841	0.15284429575	0.0624899564299	0.660404423979
-aro	0.00879765395894	0.954545454545	0.0131964809384	0.0234604105572
-lut	0.0722891566265	0.927710843373	0.0	0.0
-ari	0.385518101887	0.0287623702278	0.00115044221747	0.584569085667
-aru	0.0863185120383	0.727572172987	0.0447301357879	0.141379179187
-luk	0.394860545284	0.476653086807	0.103415857098	0.0250705108116
-lun	0.0	0.985815602837	0.0141843971631	0.0
-pgu	0.385756676558	0.317507418398	0.0445103857567	0.252225519288
-mem	0.0764837504357	0.0144172204475	0.00124411290479	0.907854916212
-men	0.0591177808094	0.44065484311	0.0272851296044	0.472942246476
-rai	0.243338471702	0.401857153344	0.0229391470308	0.331865227923
-ruŋ	0.204234248879	0.469757804891	0.18077097483	0.1452369714
-ŋam	0.0666666666667	0.516666666667	0.416666666667	0.0
-âre	0.3125	0.618421052632	0.0690789473684	0.0
-heŋ	0.512483574244	0.290407358739	0.197109067017	0.0
-âri	0.154340836013	0.450160771704	0.260450160772	0.135048231511
-mâk	0.449079981254	0.344544369225	0.0820987168654	0.124276932655
-mân	0.155385232039	0.641848125638	0.0848849008439	0.117881741478
-ŋne	0.0383300443816	0.773553709433	0.00217475429116	0.185941491894
-umu	0.392369535085	0.287672613863	0.0535059665832	0.266451884469
-ota	0.502793296089	0.346368715084	0.117318435754	0.0335195530726
-nue	0.297430289776	0.587752870421	0.0164024056862	0.098414434117
-ote	0.0962996481846	0.831992244691	0.030997740832	0.0407103662926
-âin	0.275215085579	0.418152540058	0.0876911871814	0.218941187181
-liŋ	0.494110254262	0.315267684626	0.0767889814134	0.113833079698
-oto	0.104032258065	0.876612903226	0.00967741935487	0.00967741935484
-oŋe	0.139742637344	0.60542390771	0.0606405410535	0.194192913893
-kbe	0.502120188293	0.377762448601	0.0497729261655	0.0703444369408
-upâ	0.387429531006	0.145136140098	0.01079525009	0.456639078805
-kiŋ	0.711790393013	0.183406113537	0.10480349345	0.0
-ŋun	0.366075949367	0.423291139241	0.086075949367	0.124556962025
-mat	0.376407713046	0.332313574934	0.0824161283865	0.208862583633
-kbi	0.420697000796	0.324291114952	0.0604625745748	0.194549309678
-ako	0.102644136979	0.800789339416	0.0531228428225	0.0434436807827
-nak	0.231519320323	0.537677414537	0.0491898777799	0.18161338736
ALL	0.217630657837	0.249108584115	0.0471644021828	0.486096355865
-nai	0.104844540853	0.877801879971	0.0	0.0173535791757
-nan	0.229571500372	0.483195054746	0.0865961214717	0.20063732341
-aki	0.0	1.0	0.0	0.0
-nam	0.207138378516	0.488748035029	0.242126001801	0.0619875846535
-ŋiŋ	0.120412780752	0.749020473484	0.00695325865019	0.123613487114
-ake	0.0365111561866	0.939148073022	0.0243407707911	0.0
-sip	0.170425747592	0.670679168779	0.0980739989863	0.0608210846427
-kio	0.114904246461	0.875104079933	0.00999167360533	0.0
-kin	0.526953973627	0.373056590255	0.0514415105432	0.0485479255752
-dâŋ	0.149763628342	0.150627963915	0.133310840593	0.56629756715
-ŋgâ	0.135332628884	0.561347698145	0.0348590820908	0.268460590881
-sik	0.191082802548	0.356687898089	0.171974522293	0.28025477707
-sio	0.132352941176	0.867647058824	0.0	0.0
-sin	0.290817194652	0.546963732534	0.142868885202	0.019350187612
-sim	0.256227758007	0.679715302491	0.0640569395018	0.0
-nas	0.0188679245283	0.981132075472	0.0	0.0
-sia	0.0250399573788	0.956979222163	0.00958977091102	0.00839104954716
-puŋ	0.24941314554	0.528755868545	0.151408450704	0.0704225352113
-wuk	0.137996941896	0.634556574924	0.204510703364	0.0229357798165
-nti	0.0645275173577	0.766733351639	0.0	0.168739131003
-mot	0.126083695547	0.601175660862	0.0298490119264	0.242891631664
-gom	0.397288345683	0.300294689824	0.0562206672485	0.246196297244
-wun	0.252234745433	0.701904391761	0.00233190827827	0.0435289545278
-gon	0.166266395714	0.613523000185	0.0369480879365	0.183262516165
-gâe	0.333333333333	0.333333333333	0.333333333333	0.0
-nek	0.541974911547	0.40334512705	0.00643293663559	0.0482470247668
-mon	0.232564392009	0.452768760512	0.0624186604593	0.25224818702
-gop	0.305921417632	0.154767790554	0.0145825102091	0.524728281605
-biŋ	0.470291621145	0.240902596857	0.160223548197	0.128582233801
-hâi	0.33645443196	0.152309612984	0.413233458177	0.0980024968789
-yat	0.430433236694	0.0803429790493	0.011487336579	0.477736447678
-ŋât	0.233264486833	0.217561671178	0.19323635612	0.35593748587
-hâm	0.324340775784	0.133921598027	0.0262000085039	0.515537617685
-yap	0.30172183319	0.134070178527	0.0325469481424	0.531661040141
-hân	0.213508846013	0.428367007845	0.0330191232088	0.325105022933
-deŋ	0.170142700329	0.795828759605	0.0164654226125	0.0175631174534
-bet	0.430161837951	0.191726974323	0.0604414664929	0.317669721233
-eop	0.534723423457	0.142198327424	0.0503762416258	0.272702007493
-yae	0.218167393891	0.511305037683	0.165807219357	0.104720349068
-eon	0.512048192771	0.126506024096	0.0451807228916	0.316265060241
-ben	0.261410788382	0.738589211618	0.0	0.0
-bem	0.223650385604	0.464010282776	0.111825192802	0.200514138818
-ŋân	0.297754406384	0.346541868233	0.0728918062357	0.282811919147
-hâp	0.161207549633	0.0429071260906	0.0391117969422	0.756773527334
-yan	0.0472496838027	0.0105758469562	0.0053940809287	0.936780388312
-yai	0.593760663805	0.0808204170334	0.0560354891431	0.269383430019
-hât	0.200985155416	0.410080693125	0.0624193572828	0.326514794176
-rek	0.149011064673	0.249205885963	0.0291024659891	0.572680583375
-oho	0.241679661394	0.652439296057	0.0102918244598	0.0955892180886
-upu	0.134686738047	0.754372946041	0.0218912329058	0.0890490830064
-ren	0.231325301205	0.768674698795	0.0	0.0
-reo	0.0	1.0	0.0	0.0
-isi	0.126720519879	0.665463242926	0.165846834243	0.0419694029514
-rem	0.246468729257	0.445791613433	0.0168330521932	0.290906605117
-rat	0.255615381457	0.541865439543	0.140147780644	0.0623713983563
-ise	0.220858895706	0.779141104294	0.0	0.0
-rea	0.00674915635545	0.95005624297	0.0	0.0431946006749
-bŋe	0.211009174312	0.605504587156	0.146788990826	0.0366972477064
-isa	0.0822795773428	0.85536116404	0.0415728390785	0.0207864195392
-luŋ	0.193052968052	0.604009751933	0.14363140823	0.0593058717854
-upo	0.0863309352516	0.841726618705	0.0719424460432	0.0
-rep	0.266874350986	0.579439252337	0.0373831775701	0.116303219107
-meŋ	0.159233164018	0.508798951336	0.102572505325	0.229395379322
-ŋgo	0.216415346338	0.337825191214	0.207170149589	0.238589312859
-ŋgi	0.304478146784	0.62858324584	0.0200271605807	0.0469114467949
-dât	0.944444444444	0.0555555555555	0.0	0.0
-map	0.419179984707	0.269185470597	0.10265689033	0.208977654366
-hak	0.285714285714	0.714285714286	0.0	0.0
-ŋga	0.143030459592	0.794329709059	0.0127087955937	0.0499310357553
-ham	0.0303500868079	0.955225337574	0.0046782407411	0.00974633487729
-han	0.301188994658	0.193181258476	0.427824642169	0.0778051046978
-mai	0.386577659697	0.259053909521	0.0733993931391	0.280969037644
-mam	0.121751025992	0.660863076732	0.0986610288936	0.118724868383
-man	0.3396592307	0.315841473237	0.0700736075901	0.274425688472
-ŋgu	0.396687852829	0.603312147171	0.0	0.0
-teŋ	0.75440286186	0.219111172262	0.012039075399	0.0144468904788
-mae	0.03300330033	0.74202420242	0.22497249725	0.0
-dâp	0.496331305853	0.23371352812	0.0641540750337	0.205801090994
-kge	0.418128929342	0.510556441775	0.0	0.0713146288824
-une	0.276801024902	0.14150329763	0.0440982536181	0.53759742385
-boŋ	0.13789806575	0.846657350886	0.013238214312	0.002206369052
-tdâ	0.0842316943928	0.803482356208	0.0484370762114	0.0638488731878
-iro	0.0219075607801	0.962864012824	0.00454181138124	0.0106866150147
-doŋ	0.283673469388	0.618367346939	0.0734693877551	0.0244897959184
-iri	0.128354874802	0.38157828164	0.300173753544	0.189893090014
-oâk	0.196404977723	0.481717621755	0.168251651559	0.153625748963
-gae	0.17032967033	0.730769230769	0.032967032967	0.0659340659341
-oân	0.185783488879	0.147788806527	0.262783442082	0.403644262513
-500	0.0756484149855	0.415706051873	0.0979827089337	0.410662824207
-ŋdâ	0.440707943772	0.30432688347	0.210173119052	0.0447920537061
-ârâ	0.348684948632	0.21198692161	0.0536438382511	0.385684291507
-ouŋ	0.20760033627	0.443207647041	0.0454977114923	0.303694305197
-gan	0.176705736333	0.0906452778344	0.0131803556534	0.719468630179
-gam	0.314757434817	0.190255644199	0.0762235891949	0.418763331789
-hio	0.0	1.0	0.0	0.0
-iko	0.0553776216551	0.907221820436	0.0229362537452	0.0144643041637
-gai	0.397913370044	0.141403800523	0.0320188958026	0.428663933631
-laŋ	0.227836355808	0.326111222643	0.290980575652	0.155071845896
-ipâ	0.0972947318462	0.519458946369	0.3191741813	0.0640721404841
-mbâ	0.273791914751	0.416773685412	0.14536487476	0.164069525077
-gat	0.458449550705	0.152958041397	0.067523513942	0.321068893957
-uŋe	0.0682946886846	0.565393110396	0.0381222074248	0.328189993494
-gap	0.637619254285	0.14927057874	0.0307795975239	0.182330569451
-dip	0.484841802544	0.30862286204	0.0292221790484	0.177313156368
-sen	0.119052771046	0.543253482117	0.021159018882	0.316534727955
-sem	0.38943459559	0.346189111291	0.0395978425096	0.224778450609
-sek	0.201084338466	0.225336458748	0.476924717087	0.0966544856989
-loŋ	0.413936475137	0.420352286362	0.100736568458	0.064974670044
-ino	0.0	1.0	0.0	0.0
-ina	0.0740874185192	0.777446061692	0.0309507807025	0.117515739086
-kŋe	0.142543552454	0.213982687319	0.0818787103899	0.561595049837
-ine	0.212663541711	0.164414977211	0.048969896627	0.573951584451
-sea	0.0	0.873949579832	0.126050420168	0.0
-ohe	0.419047619048	0.580952380952	0.0	0.0
-800	0.0	0.329850477392	0.0	0.670149522608
-iki	0.322878956235	0.610810423313	0.0267034660741	0.0396071543783
-uin	0.342474291056	0.606107821751	0.0280461202867	0.0233717669056
-erâ	0.405567250389	0.368160673622	0.156589671965	0.0696824040243
-set	0.283615581501	0.572069703026	0.0803969005294	0.0639178149434
-roŋ	0.359908160981	0.392218416903	0.116245236797	0.131628185319
-âne	0.274168815852	0.105480577059	0.0221594218708	0.598191185218
-aop	0.407413160261	0.133686954784	0.0673126810672	0.391587203888
-kus	0.375	0.5625	0.0625	0.0
-hâu	0.418691588785	0.284112149533	0.168224299065	0.128971962617
-net	0.20404040404	0.243434343434	0.0606060606061	0.491919191919
-ian	0.508275883127	0.297764735943	0.0717570776655	0.122202303264
-iai	0.350123539269	0.385350870795	0.119820892734	0.144704697201
-toŋ	0.469859220387	0.206986696617	0.0325322902345	0.290621792762
-iak	0.387407874188	0.404696019069	0.156113866133	0.0517822406093
-ŋâk	0.280001298457	0.298757642149	0.136072954977	0.285168104418
-nen	0.113161776855	0.145751705337	0.0374890834848	0.703597434324
-iat	0.375304713437	0.431583282984	0.0882131706312	0.104898832948
-ânu	0.11214953271	0.546304163127	0.280373831776	0.0611724723874
-nem	0.367421270131	0.276814382859	0.0503935941395	0.305370752871
-iap	0.381453143435	0.349805287147	0.0862858204619	0.182455748957
-aok	0.314586525079	0.358851010023	0.19413315688	0.132429308017
-kun	0.25935828877	0.540106951872	0.043449197861	0.157085561497
-kum	0.303286024428	0.230966166557	0.0390344359369	0.426713373078
-kuk	0.21145844957	0.335830769476	0.189220640513	0.263490140441
-mge	0.486654979515	0.42192916798	0.0448116924047	0.0466041601008
-aom	0.151413165568	0.659816631531	0.0802430711175	0.108527131783
-nea	0.0525547445255	0.903649635037	0.0437956204379	0.0
-ban	0.496516543026	0.210932486801	0.0516025260156	0.240948444158
-eka	0.185393258427	0.814606741573	0.0	0.0
-bam	0.40543691836	0.209811500011	0.0416729643944	0.343078617235
-eke	0.0747746797311	0.84324431181	0.0413450709352	0.0406359375232
-hok	0.683333333333	0.15	0.0333333333333	0.133333333333
-hon	0.185190775175	0.630976817194	0.038034291234	0.145798116397
-hom	0.335001064229	0.292613883557	0.15975208776	0.212632964454
-hop	0.390648748982	0.317790738482	0.070753431082	0.220807081454
-hot	0.492227979275	0.316062176166	0.145077720207	0.0466321243524
-hou	0.359139784946	0.356989247312	0.258064516129	0.0258064516129
-bau	0.18277425204	0.699192477176	0.0454785047123	0.0725547660714
-bap	0.620637329287	0.318664643399	0.0	0.0606980273141
-ŋde	0.447247706422	0.538990825688	0.0137614678899	0.0
-ase	0.0	1.0	0.0	0.0
-mbu	0.0378227108186	0.455852809801	0.0937290072812	0.412595472099
-asa	0.165473920332	0.366423260017	0.0124663541618	0.455636465489
-aso	0.0581818181818	0.927272727273	0.0	0.0145454545454
-yet	0.0602539519797	0.0633392705877	0.0139440931518	0.862462684281
-asi	0.0241468126207	0.958266258854	0.0067208628461	0.0108660656793
-kmâ	0.36010545712	0.226914125946	0.0531654517518	0.359814965182
-mba	0.299018232819	0.548153342683	0.0566152407668	0.0962131837308
-asu	0.237247924081	0.478054567023	0.0237247924081	0.260972716489
-uâk	0.132137703359	0.0658895232993	0.110353194741	0.6916195786
-mbe	0.266511185333	0.473332206475	0.0902022177525	0.16995439044
-uân	0.223321673869	0.244644498415	0.023264013946	0.508769813769
-yen	0.0743833271699	0.0525106013149	0.012563212738	0.860542858777
-mbi	0.0317373756843	0.335837985348	0.0204743865905	0.611950252377
-mbo	0.412461557178	0.360507485616	0.129955314432	0.0970756427732
-ihi	0.410125823847	0.448072698222	0.111843419213	0.0299580587178
-430	0.232876712329	0.027397260274	0.0	0.739726027397
-rap	0.320302223166	0.255543940031	0.0532917442014	0.370862092602
-nân	0.206388818524	0.348291859829	0.0384016259323	0.406917695715
-ran	0.220149115151	0.526865796364	0.00983036526713	0.243154723218
-rao	0.0957810718358	0.904218928164	0.0	0.0
-iwa	0.0509465478842	0.888363028953	0.0506681514477	0.0100222717149
-ram	0.232558139535	0.618188129122	0.0919819507116	0.0572717806317
-rak	0.220433511373	0.247306381803	0.088031816926	0.444228289898
-iwe	0.49238649777	0.306419977362	0.0687404956281	0.13245302924
-ero	0.23036751111	0.466022251776	0.145804275195	0.157805961919
-era	0.0134048257373	0.967828418231	0.0187667560322	0.0
-iwi	0.341846210203	0.310267066792	0.0730927835454	0.274793939459
-rae	0.0471290413007	0.827006634274	0.01238086339	0.113483461035
-ere	0.290322580645	0.645161290323	0.0645161290323	0.0
-aho	0.246855957474	0.494489822378	0.240503046804	0.0181511733437
-âun	0.258362385753	0.44436068972	0.0744370112126	0.222839913314
-dop	0.189106464411	0.101164875933	0.0732057083182	0.636522951338
-lâŋ	0.272764986517	0.630781995437	0.0746733042938	0.0217797137523
-âum	0.18870650351	0.146919974742	0.0368587296583	0.62751479209
-pon	0.0666850873833	0.868031474306	0.0050112722226	0.0602721660879
-âut	0.0322580645161	0.784946236559	0.16129032258	0.0215053763441
-ike	0.189643836037	0.510760751018	0.0477026878043	0.251892725141
-ika	0.0187891440501	0.929018789144	0.0250521920668	0.027139874739
-nop	0.586975075914	0.113506637002	0.0242294739624	0.275288813122
-lam	0.235789208566	0.635883036329	0.0375593429575	0.0907684121471
-lan	0.122282115738	0.681784020525	0.0214450462591	0.174488817477
-lao	0.165668662675	0.798403193613	0.0119760479042	0.0239520958084
-lai	0.471342008543	0.239594715407	0.087414324029	0.201648952021
-oum	0.020618556701	0.773195876289	0.0412371134021	0.164948453608
-lak	0.369104220958	0.60433146011	0.0211869264361	0.00537739249647
-lau	0.429730704496	0.370702091849	0.0336619379659	0.165905265689
-nok	0.0753055434401	0.0932362889223	0.0313539301906	0.800104237447
-lap	0.370490302266	0.327556751566	0.179014482397	0.122938463772
-nom	0.308226699261	0.255625668774	0.0828816941263	0.353265937839
-non	0.257027437386	0.60004023158	0.105318559709	0.0376137713248
-noa	0.0	1.0	0.0	0.0
-ahe	0.383679312813	0.594846098783	0.00572655690766	0.0157480314961
-gen	0.143401064092	0.445742898341	0.115221835605	0.295634201962
-gem	0.286116160321	0.0870897724565	0.0175647688543	0.609229298368
-ato	0.0929291492848	0.159075954485	0.157412595965	0.590582300265
-bom	0.405628842402	0.214695359703	0.0889410287832	0.290734769112
-bon	0.0217706821481	0.760522496371	0.217706821481	0.0
-aha	0.194837292325	0.671701222024	0.0455856103254	0.0878758753262
-bok	0.0621299894671	0.130615988087	0.780685904188	0.0265681182581
-bot	0.0757376254745	0.345529100146	0.117458430582	0.461274843798
-ret	0.0148639378001	0.974388291791	0.00548822318775	0.00525954722158
-dom	0.421478576574	0.336372308262	0.055330302143	0.186818813021
-ahu	0.279331317038	0.17419196677	0.0592520975535	0.487224618639
-apâ	0.253647108485	0.112806019113	0.0371647737389	0.596382098663
-sap	0.442484261867	0.209670428465	0.0815737929385	0.266271516729
-kdâ	0.562929541146	0.264091277141	0.0776506709024	0.0953285108112
-sat	0.423837853723	0.207720043556	0.0201195221552	0.348322580566
-tom	0.0999312008455	0.803587850172	0.0534857666388	0.0429951823435
-tok	0.285393917567	0.381565493203	0.141697940362	0.191342648867
-mpa	0.020202020202	0.979797979798	0.0	0.0
-oli	0.0533926585094	0.901371894698	0.0229885057471	0.0222469410456
-tou	0.120746432492	0.751920965971	0.0614709110867	0.0658616904501
-ibi	0.502564102564	0.466666666667	0.0	0.0307692307692
-olo	0.0992013845448	0.825743358772	0.0235622836648	0.0514929730181
-aoŋ	0.0	0.869109947644	0.130890052356	0.0
-sai	0.495841096185	0.156740588813	0.0528906763945	0.294527638607
-kuŋ	0.372631578947	0.251578947368	0.375789473684	0.0
-san	0.392415657933	0.263235684533	0.0421161114211	0.302232546113
-rot	0.0510940629606	0.930954990363	0.0134159706738	0.00453497600242
-gep	0.0109332292073	0.724847064949	0.0273330730184	0.236886632826
-rop	0.130245067376	0.0436987025403	0.0110982206441	0.81495800944
-lok	0.0306877094747	0.375801205086	0.0102288063485	0.583282279091
-tis	0.0707482993197	0.790476190476	0.0163265306122	0.122448979592
-uiŋ	0.767857142857	0.0357142857143	0.196428571429	0.0
-roa	0.0261153427639	0.960826985854	0.0	0.0130576713819
-rom	0.160284678838	0.530825383994	0.163961095618	0.144928841549
-ron	0.0108833665881	0.9814982768	0.00653001995284	0.0010883366588
-get	0.0	1.0	0.0	0.0
-lop	0.639525531196	0.0838752574252	0.0316335756374	0.244965635741
-rok	0.125278791127	0.481405280174	0.048790608413	0.344525320286
-ipi	0.328707903755	0.485919864249	0.0583626860792	0.127009545917
-ipo	0.0676328502415	0.903381642512	0.0193236714976	0.0096618357488
-win	0.332762636155	0.32199182722	0.0389490815352	0.306296455089
-sât	0.356371490281	0.347732181425	0.168466522678	0.127429805616
-ipa	0.0736724297623	0.868632293918	0.0279793146033	0.0297159617166
-sâp	0.135208432928	0.417061348469	0.0320888816572	0.415641336946
-akâ	0.370851240097	0.0831477933689	0.0344327654948	0.511568201039
-sân	0.334724582452	0.401814778457	0.0934911304251	0.169969508666
-ewe	0.270860726917	0.462728084547	0.0999472636886	0.166463924847
-sâm	0.00257345946509	0.00516329403533	0.000115358202431	0.992147888297
-ewa	0.0168067226891	0.983193277311	0.0	0.0
-sâi	0.254205846432	0.355648822363	0.167820412737	0.222324918467
-ewo	0.0340425531914	0.965957446809	0.0	0.0
-ewi	0.4166764341	0.330663145317	0.0453652893317	0.207295131251
-hap	0.199443962961	0.390914108471	0.0702714044611	0.339370524107
-awi	0.278477197863	0.323480646862	0.0835729135474	0.314469241727
-awo	0.0694298337892	0.902798232695	0.0138859667578	0.0138859667578
-sau	0.0277777777778	0.960648148148	0.0	0.011574074074
-ahâ	0.16416510319	0.68105065666	0.0984990619137	0.0562851782364
-hoŋ	0.0791922218928	0.453605694324	0.0080763867756	0.459125697007
-awa	0.127608240496	0.725319063018	0.0264684024962	0.120604293989
-awe	0.133366884751	0.762047055863	0.0301962757927	0.0743897835933
-hat	0.307764733464	0.278613091396	0.199056456214	0.214565718926
-awu	0.0558470220102	0.0212778866548	0.00122557464421	0.921649516691
-nge	0.283256097999	0.441929805654	0.0854977188633	0.189316377483
-lâm	0.17177911147	0.232537994285	0.00835331418361	0.587329580062
-kde	0.675901986622	0.265550199329	0.013010625344	0.0455371887041
-lân	0.116506480204	0.280058428256	0.0842269203287	0.519208171212
-lâk	0.321103254247	0.151441630656	0.0627580825025	0.464697032594
-put	0.274136976186	0.46704818165	0.236662359239	0.0221524829241
-276	0.0	0.193548387097	0.0	0.806451612903
-ŋon	0.621052631579	0.378947368421	0.0	0.0
-bit	0.485617358117	0.248074068839	0.053855396141	0.212453176903
-iut	0.0	1.0	0.0	0.0
-poŋ	0.235849056604	0.650943396226	0.11320754717	0.0
-sto	0.0207044422884	0.89114756762	0.0146832932091	0.0734646968825
-ŋop	0.427499775671	0.337696288099	0.017497681931	0.2173062543
-ngi	0.293071269139	0.538291043768	0.13358597384	0.0350517132525
-lâu	0.121905121905	0.776945413309	0.0219927492655	0.0791567155204
-olâ	0.122555574127	0.34656526826	0.284247033261	0.246632124352
-lâp	0.151040070894	0.601104883832	0.0905307119054	0.157324333369
-ain	0.345175578692	0.285343412472	0.0766914553477	0.292789553488
-bâm	0.388404797114	0.475958325867	0.0646615609545	0.0709753160646
-raŋ	0.191828862003	0.609679116255	0.109065404173	0.0894266175697
-200	0.0478231165765	0.336997702006	0.0391280044718	0.576051176946
-ngo	0.436422915696	0.479739170936	0.0279459711224	0.0558919422449
-neŋ	0.318534961154	0.225305216426	0.326304106548	0.129855715871
-mue	0.0258620689655	0.935344827586	0.0	0.0387931034482
-lek	0.239420986912	0.439092632845	0.203348286547	0.118138093696
-nâŋ	0.175986999331	0.638992448141	0.110075518593	0.0749450339355
-ion	0.252966077263	0.620063132036	0.0409349482146	0.0860358424864
-len	0.171829116115	0.284726371379	0.0273693342983	0.516075178208
-mum	0.296143730514	0.272812777594	0.114029052654	0.317014439239
-lea	0.0	0.989917750066	0.0	0.0100822499337
-mun	0.106426284605	0.644366860305	0.0861956568978	0.163011198192
-sak	0.0	0.933209647495	0.0667903525046	0.0
-lep	0.120632808813	0.279155854412	0.117555467344	0.482655869431
-pâŋ	0.207910486599	0.461618527192	0.247202706219	0.0832682799896
-iop	0.398265437036	0.262159571556	0.0641272706543	0.275447720754
-itâ	0.0760163174467	0.800957180445	0.00440001232581	0.118626489783
-âiŋ	0.206928560684	0.245273396367	0.0346721555074	0.513125887442
-wit	0.370446693656	0.409152743708	0.11009767398	0.110302888657
-âme	0.5	0.5	0.0	0.0
-âem	0.272579194321	0.411543043299	0.197505652396	0.118372109985
-alu	0.119402985075	0.522388059701	0.313432835821	0.044776119403
-ndu	0.136659839881	0.59895736362	0.182461366598	0.0819214299013
-gip	0.777777777778	0.0772946859903	0.0869565217391	0.0579710144928
-ndi	0.25821795884	0.500600139926	0.0496479393056	0.191533961929
-gin	0.470588235294	0.352941176471	0.176470588235	0.0
-gim	0.295469871809	0.308999861424	0.0792148777982	0.316315388969
-gik	0.007055860626	0.970012592339	0.0	0.0229315470345
-ndo	0.389967128769	0.436625220333	0.167405078367	0.00600257253108
-ali	0.0534488985193	0.903214156735	0.0260021668472	0.0173347778982
-nda	0.0992901925043	0.532493716685	0.18551661281	0.182699478002
-âlâ	0.0865559656985	0.113716417042	0.0147051582788	0.785022458981
-nde	0.0794057060121	0.725324973675	0.0805509806181	0.114718339695
-aŋe	0.187040407706	0.313892978918	0.0590018918238	0.440064721553
-ala	0.00222551928784	0.997774480712	0.0	0.0
-lon	0.116784356328	0.564604834329	0.112710483433	0.20590032591
-paŋ	0.247567054356	0.707334441016	0.0142416330406	0.030856871588
-120	0.0285714285714	0.2	0.0	0.771428571429
-âyâ	0.439437704602	0.342191411516	0.0485268630849	0.169844020797
-wat	0.370403465845	0.466403117698	0.0776831427934	0.0855102736632
-yok	0.468253053699	0.162134132289	0.049550587693	0.320062226319
-uwi	0.363475350854	0.267994622233	0.0563405933921	0.312189433521
-seŋ	0.394097361457	0.424011548641	0.13697970968	0.044911380223
-duŋ	0.331286273451	0.639897422054	0.0107976784991	0.0180186259954
-waŋ	0.363133321805	0.190039771745	0.323361577036	0.123465329414
-emu	0.292438575372	0.179310951243	0.0484954299414	0.479755043444
-pen	0.312949640288	0.602158273381	0.0119904076738	0.0729016786571
-pei	0.5	0.375	0.125	0.0
-pek	0.0713470319635	0.862062404871	0.00380517503805	0.0627853881279
-pet	0.0526262111168	0.851402345742	0.0169301376849	0.0790413054564
-153	0.356164383562	0.027397260274	0.027397260274	0.58904109589
-eli	0.0	0.957680914092	0.0169276343631	0.0253914515447
-elo	0.0411970131456	0.917009738508	0.0105902728486	0.0312029754976
-orâ	0.462628381871	0.273106639213	0.0578044152422	0.206460563674
-mgu	0.834141610087	0.128031037827	0.00872938894277	0.0290979631426
-ela	0.289287656335	0.62914627515	0.0815660685155	0.0
-ele	0.136089385475	0.70592178771	0.118569832402	0.0394189944133
-pne	0.145668568482	0.479471016246	0.044431803568	0.330428611705
-hum	0.237352134668	0.181156146156	0.0752696655498	0.506222053626
-itu	0.105158467047	0.805463466384	0.0653759448349	0.0240021217345
-esu	0.0343572201515	0.750045269954	0.00189995122336	0.213697558672
-diŋ	0.335038363171	0.549872122762	0.0843989769821	0.0306905370844
-ito	0.0457328051854	0.933741447605	0.0162045372704	0.00432120993878
-esi	0.035548263604	0.938669479277	0.0257822571194	0.0
-rie	0.129032258064	0.870967741936	0.0	0.0
-eso	0.0731331200123	0.835228806045	0.0115655962065	0.0800724777362
-iti	0.0645772312974	0.851898760379	0.00897605059603	0.0745479577272
-wâŋ	0.524520043768	0.249875659007	0.0188998308963	0.206704466328
-ite	0.0983606557377	0.459016393443	0.172131147541	0.270491803279
-aku	0.571428571428	0.428571428572	0.0	0.0
-ese	0.317073170732	0.562237174096	0.0492010092515	0.071488645921
-ita	0.0582865076559	0.860989953764	0.0262485755825	0.0544749629979
-âmâ	0.219749447555	0.15602928228	0.0428177341174	0.581403536047
-666	0.038961038961	0.88961038961	0.00487012987013	0.0665584415584
-âhâ	0.0914033746152	0.0213682364461	0.00246733437534	0.884761054563
-suŋ	0.10480349345	0.89519650655	0.0	0.0
-ndâ	0.191527913852	0.186665671598	0.139502008506	0.482304406044
-âti	0.0904255319148	0.468085106383	0.0	0.441489361702
-uon	0.265705738374	0.644547185205	0.0815882512918	0.00815882512918
-hun	0.340909090909	0.0909090909091	0.227272727273	0.340909090909
-rim	0.396565682946	0.175359101593	0.0378950117524	0.390180203708
-wot	0.432012048929	0.31140949384	0.0626239565591	0.193954500672
-iân	0.356200579539	0.248794382527	0.0237261084906	0.371278929444
-wom	0.419822081209	0.23365219121	0.0552873199199	0.291238407661
-iâk	0.254155305571	0.240900193102	0.113907130643	0.391037370684
-lot	0.1358141386	0.83702303368	0.0	0.02716282772
-aiŋ	0.284030010718	0.43729903537	0.0	0.278670953912
-uop	0.479713830699	0.219284859154	0.0344513045869	0.26655000556
-koa	0.0611535788742	0.799861014594	0.0945100764419	0.0444753300903
-yâk	0.0422240673806	0.0591136943328	0.00780373859712	0.890858499689
-kom	0.266568483063	0.377025036819	0.321060382916	0.0353460972017
-sot	0.333138966037	0.434405745869	0.0124004000038	0.220054888091
-aek	0.291932224468	0.337906109125	0.128050676201	0.242110990207
-tuk	0.258231804988	0.581419421565	0.118273403252	0.042075370195
-aem	0.318894879376	0.375850160338	0.0488791754089	0.256375784877
-rit	0.0429922613929	0.93981083405	0.0	0.0171969045572
-tun	0.0	1.0	0.0	0.0
-aen	0.329935832544	0.5234020385	0.0491710683147	0.0974910606407
-som	0.234824835241	0.616024973986	0.0374609781478	0.111689212626
-son	0.00399467376831	0.980026631158	0.0159786950732	0.0
-kop	0.0497049010101	0.841022195414	0.0829774075573	0.0262954960183
-sok	0.394522541406	0.255808840277	0.0676299423998	0.282038675917
-uai	0.413490598346	0.341338810215	0.0707015807263	0.174469010713
-ora	0.0839073262367	0.867877269881	0.0231684408266	0.0250469630557
-ore	0.441988950276	0.457263568411	0.100747481313	0.0
-tne	0.367096544658	0.397057334509	0.0832841774368	0.152561943397
-lit	0.568862275449	0.251497005988	0.059880239521	0.119760479042
-rup	0.163106796116	0.55145631068	0.273786407767	0.0116504854369
-pak	0.725850393088	0.218105394255	0.0	0.0560442126567
-lip	0.299289219103	0.356582280199	0.043527773014	0.300600727684
-omu	0.397287403805	0.283356821	0.0369168397776	0.282438935418
-ruk	0.338982468719	0.19662624654	0.328717899235	0.135673385507
-lin	0.467859139184	0.448295136948	0.0335382895472	0.0503074343208
-lio	0.0837487537388	0.792622133599	0.0997008973081	0.0239282153539
-giŋ	0.0135091284636	0.938321179186	0.00648438166255	0.0416853106878
-gmu	0.411591355599	0.354289456451	0.0638506876228	0.170268500327
-rum	0.49788870457	0.341275825667	0.0777032121852	0.083132257578
-lie	0.0208333333333	0.979166666667	0.0	0.0
-oma	0.127660902165	0.565234973999	0.145011488693	0.162092635143
-lia	0.0243374797188	0.96917252569	0.00324499729584	0.00324499729583
-ome	0.0412809607206	0.179092652823	0.028771578684	0.750854807773
-tâp	0.159920572317	0.246732825228	0.0201365126393	0.573210089816
-ioŋ	0.32600983116	0.418166274845	0.169053216499	0.0867706774952
-pâp	0.579322638146	0.27807486631	0.0606060606061	0.0819964349376
-âit	0.34300828175	0.485546211269	0.0649077210082	0.106537785973
-leŋ	0.129806381238	0.586992091628	0.277474775021	0.00572675211347
-nâk	0.251537094255	0.277007015736	0.082642787832	0.388813102176
-eat	0.326015367728	0.425905598244	0.125137211855	0.122941822173
-nâi	0.0642695848532	0.782467720456	0.0382143477506	0.11504834694
-144	0.0	0.0628784350256	0.0	0.937121564974
-muŋ	0.0	0.979166666667	0.0	0.0208333333333
-eai	0.494117647059	0.247058823529	0.258823529412	0.0
-eak	0.0519259817663	0.849537428454	0.0642182430594	0.0343183467202
-âim	0.506984502228	0.141181908365	0.0288836232962	0.322949966111
-eam	0.0	1.0	0.0	0.0
-âik	0.576112412178	0.0281030444965	0.0187353629977	0.377049180328
-ean	0.407276163477	0.316560359083	0.155681549728	0.120481927711
-reŋ	0.325721248329	0.393836962503	0.0691769514975	0.21126483767
-ura	0.079820954869	0.665981550093	0.116975219076	0.137222275962
-ehe	0.215886105492	0.71860899331	0.0233390384316	0.0421658627664
-ure	0.216867469879	0.602409638554	0.168674698795	0.0120481927711
-ukâ	0.200701990217	0.463910981666	0.06198424256	0.273402785557
-tgi	0.319526627219	0.467455621302	0.0355029585799	0.177514792899
-tge	0.411158531416	0.456002108727	0.0506313953555	0.0822079645019
-uru	0.072074748066	0.922159272089	0.00576597984527	0.0
-dup	0.162702909075	0.70220437248	0.135092718444	0.0
-apa	0.290734824281	0.297124600639	0.38338658147	0.0287539936102
-pam	0.139958336548	0.652218193041	0.0461075534295	0.161715916982
-eân	0.326358628175	0.367188305369	0.13285805147	0.173595014987
-ape	0.226818434203	0.731538034425	0.0249861188229	0.0166574125486
-ŋem	0.135933806147	0.828605200946	0.0354609929078	0.0
-api	0.120383906191	0.445594315983	0.00967946571887	0.424342312108
-apo	0.0	0.957943925234	0.0140186915888	0.0280373831775
-wae	0.530997304582	0.21832884097	0.0485175202156	0.202156334232
-ŋet	0.471222895071	0.218710501126	0.0374938316396	0.272572772163
-apu	0.270476190476	0.605714285714	0.12380952381	0.0
-wan	0.371099620707	0.280043062149	0.0715975643623	0.277259752782
-wam	0.335368358212	0.395235337488	0.0688625886231	0.200533715677
-duk	0.180794769827	0.363309360315	0.0232527709731	0.432643098884
-wak	0.0940070505288	0.712103407755	0.0	0.193889541716
-dun	0.290737804628	0.686897748862	0.0	0.0223644465099
-kon	0.50223769269	0.253605171556	0.175783192442	0.0683739433118
-ini	0.0611833258628	0.938816674137	0.0	0.0
-ken	0.24947000549	0.303693815491	0.0497648324693	0.39707134655
-kem	0.711462450593	0.288537549407	0.0	0.0
-sut	0.786096256685	0.0695187165775	0.0	0.144385026738
-sun	0.154979116289	0.805451747637	0.0395691360739	0.0
-sum	0.126689987709	0.593930225962	0.194289496076	0.0850902902524
-suk	0.208935244483	0.24683521389	0.0352826800101	0.508946861617
-kep	0.219064748201	0.420623501199	0.021582733813	0.338729016787
-sua	0.131578947368	0.526315789474	0.122807017544	0.219298245614
-kou	0.587147480351	0.276621975651	0.103868084451	0.0323624595469
-wât	0.299562309339	0.565151486443	0.0966330030126	0.0386532012051
-dim	0.540983606557	0.426229508197	0.0327868852459	0.0
-oen	0.439098460169	0.32339123672	0.043717610281	0.19379269283
-âpu	0.175068395385	0.819697870822	0.00523373379325	0.0
-dik	0.156333432216	0.330762385049	0.0	0.512904182735
-âpi	0.285714285714	0.591836734694	0.122448979592	0.0
-nŋe	0.197431651924	0.386590694755	0.0509419349815	0.365035718339
-âiâ	0.128415300546	0.57650273224	0.16393442623	0.131147540984
-wâe	0.416096579477	0.494969818913	0.00482897384306	0.0841046277666
-wâk	0.111663028883	0.0808297089812	0.0443059269792	0.763201335156
-wân	0.31867618477	0.426894109985	0.0649485728072	0.189481132437
-oro	0.0313981137194	0.955875077797	0.00502688987122	0.00769991861226
-kos	0.0	1.0	0.0	0.0
-uku	0.272531451499	0.347733231714	0.0367952032197	0.342940113568
-ihe	0.224244302777	0.322133626807	0.0612951028347	0.392326967581
-urâ	0.274096636989	0.0956253600544	0.0366695056114	0.593608497346
-tuŋ	0.682619647355	0.136020151133	0.181360201511	0.0
-ehâ	0.265957446808	0.462765957447	0.175531914894	0.0957446808511
-tiŋ	0.408465303772	0.115807659084	0.0498128419234	0.42591419522
-uka	0.0	1.0	0.0	0.0
-soŋ	0.324322810591	0.6008299389	0.0641547861507	0.0106924643585
-ihu	0.258771929825	0.459429824562	0.0197368421053	0.262061403509
-nne	0.292368915508	0.337076404993	0.0784404407461	0.292114238752
-baŋ	0.0543869117104	0.782329166496	0.114173505482	0.0491104163123
-tit	0.273468671899	0.430580523523	0.064837549875	0.231113254702
-ait	0.233745301897	0.430642266242	0.102234216994	0.233378214867
-ngu	0.343498987194	0.197718799259	0.0488347957698	0.409947417777
-huŋ	0.171875	0.75	0.03125	0.046875
-tie	0.0	1.0	0.0	0.0
-woŋ	0.0616774312681	0.778521207124	0.0227585955568	0.137042766051
-aia	0.0228948945037	0.948157360402	0.0100486576505	0.0188990874441
-tia	0.106175454241	0.858711403411	0.0284249247576	0.00668821759001
-aim	0.31273366233	0.449771945566	0.10598923284	0.131505159264
-tim	0.813631522897	0.186368477103	0.0	0.0
-aio	0.0358328104076	0.939131447351	0.00802178821186	0.01701395403
-tio	0.146779303062	0.815205913411	0.012671594509	0.0253431890179
-tik	0.224634833301	0.608305495513	0.0831859566384	0.0838737145477
-eme	0.24399965443	0.367627283103	0.137626121577	0.25074694089
-uwe	0.355646780993	0.50808890066	0.0775563353859	0.0587079829614
-ema	0.0148837209302	0.98511627907	0.0	0.0
-kim	0.0	1.0	0.0	0.0
-inâ	0.298734177215	0.367088607595	0.232911392405	0.101265822785
-emo	0.0	1.0	0.0	0.0
-emi	0.0	0.982598607889	0.00696055684456	0.0104408352668
-aŋa	0.226314942898	0.614444265723	0.0353868425285	0.12385394885
-tbe	0.372977047566	0.338809919389	0.0596886345455	0.228524398499
-uwu	0.403400246591	0.0175630754092	0.000639111874527	0.578397566125
-âok	0.226625420382	0.763750446498	0.00962413312036	0.0
-tbi	0.554171690615	0.120259802359	0.0267676370843	0.298800869942
-hiŋ	0.183760683761	0.418803418803	0.371794871795	0.025641025641
-eŋe	0.156122026787	0.31873340783	0.0920282495449	0.433116315838
-âek	0.306879997001	0.311398059091	0.106064929209	0.275657014699
-âen	0.10531797301	0.113908700291	0.0373934138662	0.743379912833
-pae	0.552720704448	0.378189207496	0.0	0.069090088056
-kne	0.451187736668	0.353259951484	0.0510563271661	0.144495984682
-mŋe	0.273407590658	0.495194281614	0.0967742219768	0.134623905751
-ane	0.0671703030772	0.853711904522	0.0247636591598	0.0543541332405
-000	0.0786619575279	0.109613972234	0.00959292164974	0.802131148588
-âŋe	0.171464253304	0.333731987372	0.0368319720248	0.4579717873
-eta	0.0137931034483	0.986206896552	0.0	0.0
-ilâ	0.356116163098	0.539747726606	0.0102669404517	0.0938691698445
-ete	0.131257741675	0.737710351138	0.0312746548203	0.0997572523666
-wiŋ	0.111033299485	0.844847508666	0.0220595959242	0.0220595959242
-eto	0.367346938776	0.602825745683	0.010989010989	0.0188383045526
-ŋan	0.249153457781	0.342346983887	0.0651172447722	0.34338231356
-ŋak	0.254766699909	0.239843960206	0.0941069557597	0.411282384125
-buk	0.450181629476	0.54203425013	0.00778412039439	0.0
-iŋe	0.245046981484	0.324828053458	0.111412666784	0.318712298274
-ank	0.1197041973	0.0957363102117	0.0215889252256	0.762970567263
-bun	0.38864628821	0.510917030568	0.0	0.100436681223
