-caa	0.654320189813	0.155746558712	0.0478225947912	0.142110656684
-ɛgɛ	0.355689140359	0.41925798152	0.111699506495	0.113353371626
-uŋɔ	0.582321857202	0.201370782752	0.078108931293	0.138198428753
-úbu	0.374810318665	0.163884673748	0.461305007587	0.0
-lɔn	0.0251390264341	0.943627637693	0.0289479698331	0.00228536603946
-hee	0.202898550725	0.68115942029	0.115942028986	0.0
-ufu	0.016333938294	0.973106748061	0.00692954957928	0.00362976406534
-úgo	0.714915816931	0.111738202514	0.113587858667	0.0597581218876
-oyo	0.0802095929061	0.721886336155	0.0264006449012	0.171503426038
-umi	0.0677966101695	0.728813559322	0.0677966101695	0.135593220339
-émɛ	0.794578920207	0.137994249625	0.00407932568254	0.0633475044848
-‑le	0.602758490388	0.282509092627	0.040338198479	0.0743942185065
-ŋ'á	0.314716135691	0.469447547068	0.102197332256	0.113638984985
-ŋ'à	0.276241026481	0.470736923164	0.124503660798	0.128518389558
-oyi	0.125532196618	0.789067519544	0.0461481450543	0.0392521387839
-ɔrɔ	0.359713188487	0.526207806967	0.0814036808888	0.0326753236574
-ɲjo	0.173076923077	0.826923076923	0.0	0.0
-nsi	0.0	1.0	0.0	0.0
-unɔ	0.416978577686	0.339783918664	0.148469645085	0.0947678585649
-nse	0.0340136054422	0.965986394558	0.0	0.0
-ɲja	0.0142857142857	0.65	0.228571428571	0.107142857143
-ɲje	0.267512310671	0.286539867716	0.0445275571157	0.401420264497
-dɔn	0.00155803687354	0.982861594391	0.0	0.0155803687354
-nti	0.0160696350854	0.933712755273	0.0482089052561	0.00200870438567
-ɛŋɛ	0.301687763713	0.196202531646	0.242616033755	0.259493670886
-bɛn	0.0309278350515	0.969072164948	0.0	0.0
-nto	0.517857142857	0.410714285714	0.0714285714286	0.0
-nta	0.220115237142	0.13965254593	0.047506398164	0.592725818764
-ŋii	0.156933276908	0.416842996191	0.367964451968	0.058259274933
-nte	0.131872402154	0.649437231341	0.10481691051	0.113873455996
-ɲca	0.577777777778	0.177777777778	0.0666666666667	0.177777777778
-‑bò	0.464720194647	0.272506082725	0.0	0.262773722628
-àfa	0.632190775241	0.351611565732	0.0121482442703	0.00404941475676
-ɛ́ɛ	0.111408466951	0.0704233475603	0.0449878878763	0.773180297612
-ùyi	0.0	1.0	0.0	0.0
-nma	0.152966404575	0.692637598285	0.137240886347	0.0171551107934
-yee	0.0886219334071	0.817261060555	0.0398670510457	0.0542499549921
-‑wu	0.595744680851	0.347517730496	0.0283687943262	0.0283687943262
-yìi	0.0939071683937	0.80739865479	0.034766406108	0.0639277707084
-g'á	0.340342738964	0.483625596914	0.117205892821	0.0588257713019
-tíi	0.169815384892	0.228251406826	0.347017169115	0.254916039167
-inɛ	0.442127122249	0.465290702579	0.0585723965373	0.0340097786345
-opi	0.256281407035	0.437185929648	0.246231155779	0.0603015075377
-ope	0.0107913669065	0.970709146968	0.0123329907503	0.00616649537513
-cwo	0.602738208099	0.263786459167	0.0323807882198	0.101094544514
-zìi	0.43125	0.229375	0.093125	0.24625
-ive	0.0526172078048	0.947382792195	0.0	0.0
-íŋɛ	0.359209803097	0.258010281613	0.284522616315	0.098257298975
-yàa	0.646578351294	0.246344979065	0.0885441691262	0.0185325005148
-imu	0.200768400707	0.246510773025	0.0470467562344	0.505674070033
-ŋgà	0.325581395349	0.555403556772	0.0533515731874	0.0656634746922
-ima	0.0143774109661	0.942568921223	0.0340186827777	0.00903498503335
-ɔli	0.514754098361	0.393442622951	0.0655737704918	0.0262295081967
-aka	0.0	0.997971602434	0.00202839756592	0.0
-nyɔ	0.210466559152	0.649045869167	0.104137977227	0.0363495944549
-imi	0.0	1.0	0.0	0.0
-nyɛ	0.230008984726	0.66846361186	0.0516621743037	0.0498652291105
-ère	0.152890609381	0.463260818203	0.0781491376334	0.305699434782
-ŋ'i	0.153192406831	0.174144738747	0.0380527299817	0.63461012444
-òre	0.503546099291	0.300236406619	0.0780141843971	0.118203309693
-idi	0.0547692307692	0.897230769231	0.024	0.024
-ɲwɔ	0.176302698429	0.397870203931	0.20883320085	0.21699389679
-pàa	0.028968014484	0.971031985516	0.0	0.0
-ide	0.12	0.88	0.0	0.0
-òro	0.288741635427	0.122307510616	0.0890251083228	0.499925745635
-ida	0.0152963671128	0.975143403442	0.0	0.00956022944552
-‑sà	0.705304857044	0.0946147663337	0.0146400275577	0.185440349064
-pɔn	0.0	1.0	0.0	0.0
-ɲjà	0.482977495672	0.152336987882	0.184650894403	0.180034622043
-dɛn	0.00188608072425	0.991324028668	0.0	0.00678989060734
-èmɛ	0.131147540984	0.590163934426	0.180327868852	0.0983606557377
-100	0.0251934320159	0.206035559736	0.161957777245	0.606813231003
-uta	0.0	1.0	0.0	0.0
-nrɛ	0.404626285079	0.366247568769	0.0441094748541	0.185016671298
-nrɔ	0.668409264225	0.180224132043	0.0781532391408	0.0732133645913
-rii	0.18798512855	0.272875036274	0.0775459380952	0.461593897081
-uti	0.0	1.0	0.0	0.0
-utu	0.048479281486	0.768320065319	0.174015105123	0.00918554807103
-ɲcè	0.655410275598	0.176706313988	0.0604853958301	0.107398014584
-ntò	0.829690346084	0.148451730419	0.00956284153006	0.0122950819672
-are	0.497429268734	0.352319071834	0.0551282378272	0.0951234216046
-ara	0.155711347135	0.384337673954	0.315514044652	0.144436934259
-cwó	0.307692307692	0.230769230769	0.423076923077	0.0384615384615
-cwò	0.201257861635	0.511530398323	0.287211740042	0.0
-íge	0.475952529669	0.31480324797	0.170518425984	0.0387257963772
-ari	0.0455921362412	0.925521243087	0.00783071042311	0.0210559102488
-g'a	0.441569372924	0.265668072502	0.0794660649793	0.213296489594
-ile	0.0467464137791	0.517335613906	0.0165842783653	0.419333693949
-g'e	0.321595354614	0.30904466707	0.081585537379	0.287774440937
-nɲi	0.0109289617486	0.956284153005	0.0109289617486	0.0218579234973
-‑wà	0.754367201426	0.152941176471	0.0320855614974	0.0606060606061
-aye	0.268796097173	0.175072530183	0.0488051027994	0.507326269844
-nwa	0.225675802958	0.652820947537	0.0423848544787	0.0791183950269
-kɛɛ	0.0497382198953	0.879581151832	0.0287958115183	0.0418848167539
-aya	0.230125624044	0.386746030006	0.304814156539	0.0783141894115
-wùu	0.325095439019	0.280490255174	0.182439220414	0.211975085393
-rɔn	0.0223300970874	0.963106796116	0.0116504854369	0.00291262135922
-ayi	0.162720116667	0.697926905961	0.0557497893356	0.0836031880369
-nwu	0.218623481781	0.101214574899	0.0890688259109	0.591093117409
-n'à	0.282866955402	0.269698874357	0.122135267727	0.325298902514
-ûru	0.539903415246	0.396110216044	0.0188715557486	0.0451148129616
-p'e	0.351882160393	0.399345335516	0.153027823241	0.0957446808511
-âra	0.212615300176	0.18827044698	0.0756305826971	0.523483670146
-‑pa	0.563392430274	0.0409382709775	0.0209835936725	0.374685705076
-wàa	0.513662572073	0.338430684382	0.0135372273753	0.134369516169
-âre	0.33398656215	0.262255816847	0.0230185392559	0.380739081747
-r'e	0.34989299153	0.299582982887	0.108930329582	0.241593696001
-uba	0.00417345276873	0.994910423453	0.000916123778502	0.0
-ɛcɛ	0.515731874145	0.328317373461	0.0738714090288	0.0820793433653
-umu	0.0	1.0	0.0	0.0
-ota	0.0236220472441	0.968503937008	0.00787401574803	0.0
-lyî	0.71024876164	0.250595911029	0.011850116458	0.027305210873
-kúu	0.475581075268	0.238178370599	0.22055733519	0.0656832189437
-hwo	0.923076923077	0.0769230769231	0.0	0.0
-oti	0.0472936636926	0.936424911102	0.00232591788652	0.0139555073191
-k'á	0.374160874522	0.372181498664	0.148980504868	0.104677121945
-k'à	0.283286551871	0.306952073799	0.100199457925	0.309561916405
-uma	0.247706422018	0.733944954129	0.0183486238532	0.0
-l'à	0.351741450122	0.324934163709	0.0633118441193	0.26001254205
-l'á	0.268530314106	0.518024840978	0.111439265954	0.102005578962
-nhe	0.127914806229	0.592147597243	0.0404263074448	0.239511289083
-ìmɛ	0.496240601504	0.428571428571	0.0639097744361	0.0112781954887
-nha	0.326546684212	0.221945404028	0.244056288307	0.207451623453
ALL	0.238365505556	0.339508287546	0.0614733497371	0.360652857161
-ige	0.189362090279	0.290934656222	0.0779474558419	0.441755797657
-aki	0.042381432896	0.933400605449	0.0121089808274	0.0121089808274
-kii	0.212073889946	0.454150516132	0.247623120914	0.0861524730077
-naa	0.342770884724	0.399506645558	0.215198262214	0.0425242075034
-cîn	0.736842105263	0.213296398892	0.0498614958449	0.0
-kin	0.0405419235821	0.0728350056118	0.0504938042692	0.836129266537
-siu	0.121428571429	0.2	0.635714285714	0.0428571428572
-sii	0.18407960199	0.786069651741	0.0	0.0298507462687
-ìŋi	0.220660814719	0.731321231289	0.0240980824776	0.0239198715143
-emɛ	0.430749529793	0.220296930649	0.190483812878	0.15846972668
-cáa	0.419459459459	0.43027027027	0.0583783783784	0.0918918918918
-sêe	0.543396226415	0.169811320755	0.237735849057	0.0490566037736
-w'e	0.382356669061	0.448434661371	0.023448392412	0.145760277156
-amu	0.0152435986849	0.971206535817	0.0029889409186	0.0105609245791
-ebe	0.393992932862	0.501766784452	0.0936395759717	0.0106007067138
-wuu	0.0135609756533	0.0347686653155	0.00398849774016	0.947681861291
-ìni	0.231239887221	0.54236224821	0.0827528073558	0.143645057213
-p'à	0.338852334826	0.31904623514	0.102595303657	0.239506126377
-p'á	0.883211678832	0.0510948905109	0.021897810219	0.043795620438
-hɛn	0.392789373814	0.595825426945	0.011385199241	0.0
-kêe	0.630860095976	0.254460440507	0.0876092038882	0.0270702596284
-nàa	0.1	0.65	0.2	0.05
-pìi	0.104215352751	0.245619195444	0.0284495559117	0.621715895893
-yan	0.238343348511	0.301422685191	0.0325836476445	0.427650318653
-azi	0.0149377593361	0.97296976882	0.00853586247777	0.00355660936574
-èni	0.0952960866359	0.363855092369	0.0172706343158	0.523578186679
-isi	0.0299274952435	0.936288373528	0.0157350748187	0.0180490564097
-k'e	0.0978261904686	0.134090209286	0.0199985397892	0.748085060456
-òge	0.203931203931	0.493857493857	0.27027027027	0.031941031941
-k'a	0.354084369109	0.418592007785	0.0695045501478	0.157819072958
-wòo	0.184905660377	0.754716981132	0.0452830188679	0.0150943396227
-ôgo	0.647619047619	0.257142857143	0.0380952380952	0.0571428571429
-l'e	0.204864750901	0.289853726827	0.137766286287	0.367515235985
-emɔ	0.260526315789	0.628947368421	0.078947368421	0.0315789473684
-êni	0.493140794224	0.311913357401	0.0519855595668	0.142960288809
-l'a	0.332131263282	0.178420280723	0.088799407132	0.400649048863
-bɛ̂	0.467571601959	0.23006339076	0.0430530678495	0.259311939432
-evi	0.0971508640822	0.885100420364	0.0107426436245	0.00700607192901
-bwo	0.140679953107	0.178585384916	0.644392340758	0.0363423212192
-ŋgi	0.315689981096	0.508506616257	0.0567107750472	0.119092627599
-ɔya	0.0743034055728	0.492260061919	0.414860681115	0.0185758513932
-avo	0.386666666667	0.4	0.106666666667	0.106666666667
-ŋge	0.0792833223148	0.0786617963824	0.0105748379502	0.831480043353
-ɔyi	0.160446758287	0.707606591235	0.108811051966	0.0231355985121
-han	0.29153043749	0.645804141367	0.0233535730967	0.039311848046
-nra	0.509395708573	0.362011676585	0.0598847359628	0.0687078788789
-maa	0.039234692849	0.00255321191697	0.000892110408933	0.957319984825
-ɔre	0.193880519839	0.650054285976	0.105470381007	0.0505948131778
-uni	0.0973008708171	0.275724677752	0.0753275721413	0.551646879289
-‑ta	0.37767726751	0.192394092581	0.070263732572	0.359664907337
-ɔri	0.0694915254237	0.905084745763	0.0220338983051	0.00338983050848
-una	0.0932642487046	0.777202072539	0.129533678756	0.0
-‑cè	0.717304092003	0.117678523669	0.111527146296	0.0534902380316
-yêe	0.595514372498	0.206881945895	0.0405454424284	0.157058239178
-cyi	0.333742867996	0.279779218865	0.0445443941337	0.341933519005
-wyì	0.3172939495	0.679847546451	0.00285850404955	0.0
-àan	0.26988083184	0.579406495833	0.0736038632293	0.0771088090972
-cya	0.556376067121	0.200142572605	0.0505427611561	0.192938599118
-‑cû	0.272727272727	0.475073313783	0.234604105572	0.0175953079179
-666	0.0	0.04	0.0	0.96
-cye	0.172754209469	0.155080709008	0.0172666693473	0.654898412176
-vye	0.075114678899	0.873279816514	0.0309633027523	0.0206422018349
-nla	0.495798319328	0.201680672269	0.302521008403	0.0
-mbò	0.547265884437	0.406021695816	0.00974097852557	0.0369714412221
-500	0.029776674938	0.367245657568	0.18858560794	0.414392059553
-ada	0.311688311688	0.398268398268	0.0909090909091	0.199134199134
-yíi	0.521816511982	0.230452416673	0.181845148115	0.0658859232301
-ntu	0.155667908462	0.760510910059	0.0419105907398	0.0419105907398
-adi	0.00206734965774	0.972573161207	0.0253594891349	0.0
-tìi	0.62987012987	0.116883116883	0.155844155844	0.0974025974026
-ɛgi	0.0	1.0	0.0	0.0
-tìn	0.650925925926	0.0703703703703	0.131481481482	0.147222222222
-ɛge	0.31207470474	0.50793516162	0.0623617952661	0.117628338375
-yaa	0.252408606592	0.161310075755	0.0565061974488	0.529775120203
-uŋi	0.142496389448	0.699989368846	0.0797312779566	0.0777829637491
-ɛga	0.124341616962	0.253822846794	0.498080195868	0.123755340376
-usa	0.0504127417703	0.880294844243	0.00642712245679	0.0628652915303
-ini	0.192732780882	0.620788604683	0.105010058722	0.0814685557127
-ɛni	0.301804200199	0.578587888204	0.0554483878288	0.0641595237679
-ina	0.021943462129	0.241506907724	0.00230983811885	0.734239792028
-see	0.0433973961563	0.456602603844	0.455362678239	0.0446373217607
-ɛna	0.0	1.0	0.0	0.0
-ira	0.00584729562577	0.943213763634	0.0509389407399	0.0
-îni	0.311776718856	0.631722260041	0.0163376446562	0.0401633764465
-ŋɔ̀	0.712841253792	0.252780586451	0.0252780586451	0.00910010111225
-ɔki	0.0252312867956	0.968460891506	0.00630782169891	0.0
-‑jà	0.221738226899	0.0917990122382	0.203713685468	0.482749075394
-nmɛ	0.219865927078	0.546778760325	0.164470991465	0.0688843211314
-kuu	0.279453027016	0.229876859759	0.0871079351439	0.403562178081
-ede	0.0124309392265	0.987569060773	0.0	0.0
-edi	0.705357142857	0.294642857143	0.0	0.0
-ɛŋi	0.139377643717	0.773294567241	0.0338289125632	0.053498876478
-fuu	0.164691203992	0.719900187149	0.0767311291329	0.0386774797255
-îge	0.318524202122	0.116956783194	0.0295832504345	0.534935764249
-zhà	0.358095238095	0.36380952381	0.0323809523809	0.245714285714
-́hɔ	0.356374449813	0.030761381239	0.593600685174	0.0192634837737
-ban	0.569835713489	0.328607887984	0.0716417494142	0.029914649113
-eka	0.114406779661	0.707627118644	0.101694915254	0.0762711864407
-uun	0.233370288248	0.675720620843	0.0476718403548	0.0432372505544
-áŋi	0.506172839506	0.409171075838	0.0634920634921	0.021164021164
-tùn	0.437936209238	0.291846311427	0.0359686524857	0.23424882685
-áŋa	0.407447382623	0.482460874258	0.0728548300054	0.0372369131139
-baa	0.170884511894	0.181903638412	0.206298606921	0.440913242772
-cyé	0.669607169752	0.126033382709	0.0696369609653	0.134722486573
-súu	0.606982664565	0.344041702024	0.0404897563341	0.00848587707601
-‑tò	0.475675675676	0.259459459459	0.124324324324	0.14054054054
-̂ɛn	0.381330685204	0.262164846077	0.0754716981132	0.281032770606
-cyì	0.0	0.441379310345	0.124137931035	0.434482758621
-vyá	0.133771929825	0.289473684211	0.576754385965	0.0
-yɔn	0.0909769943233	0.88213325366	0.0188228264117	0.00806692560502
-ase	0.0111731843575	0.988826815642	0.0	0.0
-nya	0.308234294679	0.500788147978	0.156148823481	0.034828733862
-imɔ	0.00508519939334	0.993308948167	0.000535284146668	0.00107056829334
-asa	0.266219239374	0.315436241611	0.082774049217	0.335570469799
-g'à	0.31032809624	0.415447943995	0.163495874059	0.110728085706
-imɛ	0.385902101389	0.440419100513	0.0968944873602	0.0767843107382
-nyi	0.163662527673	0.731376949124	0.0555771829399	0.0493833402629
-asi	0.0464397361075	0.927504750321	0.0112552834742	0.0148002300975
-ɔlɔ	0.325350203344	0.471305919566	0.0650700406688	0.138273836421
-íŋi	0.151388547555	0.669697714426	0.112558368149	0.0663553698698
-ɔsi	0.0153994225217	0.976900866217	0.00769971126083	0.0
-ìri	0.689885829093	0.24206879128	0.0478338807281	0.0202114988992
-ùge	0.162732295329	0.767955801105	0.0512305374184	0.0180813661477
-ìre	0.190739702576	0.618677324267	0.0767974151703	0.113785557987
-iyi	0.153837008807	0.729095460765	0.0798113971877	0.0372561332401
-̂ɔn	0.588842398884	0.316317991632	0.0680613668061	0.0267782426778
-ùgo	0.439587721938	0.169876617514	0.0361119470358	0.354423713512
-uza	0.0645161290323	0.903225806452	0.0322580645161	0.0
-430	0.611940298507	0.0	0.0	0.388059701493
-afu	0.0	0.857142857143	0.0	0.142857142857
-ran	0.126126126126	0.873873873874	0.0	0.0
-iwe	0.177667360505	0.635499899282	0.141358356275	0.0454743839388
-era	0.0	1.0	0.0	0.0
-̀ni	0.709803921569	0.247549019608	0.0235294117647	0.0191176470588
-ere	0.323583548965	0.481959226912	0.132949107495	0.0615081166269
-raa	0.56181277673	0.0430414325211	0.0250258538905	0.370119936858
-ugu	0.200956937799	0.741626794258	0.0574162679426	0.0
-ela	0.411228160329	0.25809352518	0.0763103802672	0.254367934224
-oze	0.0179506357517	0.919222139117	0.0448765893792	0.0179506357517
-iya	0.187550525465	0.700889248181	0.0436540016169	0.0679062247373
-nni	0.254357059878	0.284119199039	0.0603482464417	0.401175494641
-uge	0.26592948515	0.604693051824	0.0765661578112	0.052811305214
-ɲɛɛ	0.52272645986	0.252047992697	0.0830979992101	0.142127548233
-poo	0.174342105263	0.797697368421	0.0	0.0279605263158
-zho	0.112781954887	0.842105263158	0.0451127819549	0.0
-ugo	0.144837799462	0.141315253533	0.044378613921	0.669468333083
-nre	0.106132900999	0.651089500561	0.0497621575412	0.193015440899
-zhe	0.021978021978	0.945054945055	0.032967032967	0.0
-aza	0.0384615384615	0.923076923077	0.0384615384615	0.0
-ugi	0.0	1.0	0.0	0.0
-ike	0.00796812749004	0.99203187251	0.0	0.0
-laa	0.111724723874	0.0934579439252	0.0949447748513	0.699872557349
-ika	0.0191218130312	0.976628895184	0.0	0.0042492917847
-iko	0.006237006237	0.993762993763	0.0	0.0
-iki	0.0448113207548	0.876179245283	0.0766509433963	0.00235849056604
-foo	0.217544375096	0.288043165605	0.0811651829072	0.413247276392
-aan	0.248851689748	0.176086216295	0.0718634760971	0.50319861786
-yîn	0.33522919899	0.635744568025	0.00380671908007	0.0252195139055
-ɛyi	0.189814239812	0.717513501819	0.0511336319492	0.0415386264203
-aaa	0.32967032967	0.120879120879	0.241758241758	0.307692307692
-fáa	0.459142245516	0.301911862405	0.170296006496	0.0686498855835
-ùru	0.592426419035	0.303429455428	0.00896322391912	0.0951809016173
-aha	0.26061001592	0.0713143015821	0.0463279049122	0.621747777586
-ahe	0.23431286568	0.441399943499	0.0589285086232	0.265358682198
-pya	0.0938882091157	0.501196800077	0.0760639287645	0.328851062043
-ùre	0.332094751509	0.54017649791	0.127728750581	0.0
-yán	0.454983646719	0.201490263799	0.083976309841	0.259549779641
-ìŋɛ	0.651170419664	0.216674086745	0.0297584178832	0.102397075708
-mpi	0.406831702169	0.377385445319	0.108317874582	0.107464977931
-íri	0.455229495862	0.261098570354	0.0895410082769	0.194130925508
-mpe	0.200054234321	0.527369569127	0.119491261642	0.153084934909
-hèe	0.743119266055	0.201834862385	0.0	0.0550458715596
-mpa	0.747614478159	0.041930623641	0.00940930990461	0.201045588295
-oli	0.0372747076409	0.904815592271	0.00678224237588	0.0511274577121
-ibo	0.123456790123	0.037037037037	0.543209876543	0.296296296296
-akɛ	0.69014084507	0.197183098592	0.0352112676056	0.0774647887324
-ibi	0.0628272251309	0.874345549738	0.0314136125654	0.0314136125654
-olo	0.378880469323	0.481789293571	0.0659985333659	0.0733317037399
-lùu	0.0327868852459	0.131147540984	0.836065573771	0.0
-ógo	0.916193257945	0.0512219304357	0.0021705343266	0.0304142772925
-400	0.349397590361	0.349397590361	0.0	0.301204819277
-voo	0.435375808831	0.463087783456	0.100382584898	0.00115382281492
-umɔ	0.301563271351	0.510070758598	0.0882836926115	0.10008227744
-fyi	0.464285714286	0.428571428571	0.107142857143	0.0
-ége	0.494382022472	0.38202247191	0.112359550562	0.0112359550562
-nhɔ	0.23353560827	0.350172065043	0.0460241153755	0.370268211312
-fya	0.236897852333	0.698000447789	0.0	0.0651016998777
-umɛ	0.132383167054	0.0701447753357	0.0387067736854	0.758765283925
-fye	0.766056910569	0.0897967479675	0.0119512195122	0.132195121951
-mɛɛ	0.173992189402	0.177183104554	0.0755659508716	0.573258755173
-ɔda	0.354621848739	0.58487394958	0.0403361344538	0.0201680672269
-̀ɔn	0.331576254435	0.3947029156	0.21359313807	0.0601276918954
-ɔdi	0.0197295805739	0.935706401766	0.0418046357616	0.00275938189845
-hwɔ	0.601566239745	0.131632229859	0.0218385657871	0.244962964609
-ewu	0.29	0.38	0.225	0.105
-ɛva	0.0	1.0	0.0	0.0
-ére	0.319187672589	0.0669283718833	0.0278292582782	0.586054697249
-ipa	0.00452716297786	0.987927565392	0.00301810865191	0.00452716297787
-ipe	0.0698365527489	0.858841010401	0.0624071322437	0.00891530460624
-ewe	0.155738006024	0.716791565645	0.0798986114172	0.0475718169128
-pôo	0.328767123288	0.304109589041	0.367123287671	0.0
-zɛn	0.0435554121633	0.943216647846	0.0	0.0132279399903
-ɲya	0.930972838763	0.020836656384	0.0122549093371	0.0359355955157
-awa	0.216357883462	0.518997208531	0.211822638062	0.0528222699451
-ùun	0.579140712346	0.297077144226	0.052068359687	0.0717137837406
-pyà	0.24626182484	0.678021055844	0.0370003051572	0.0387168141593
-ɔ́ɔ	0.561073287946	0.0552663195835	0.0192230676812	0.36443732479
-ita	0.00567237089049	0.979183469091	0.00295658954434	0.0121875704746
-awu	0.0384615384615	0.887019230769	0.0745192307692	0.0
-276	0.0	0.181818181818	0.0	0.818181818182
-mpà	0.47311827957	0.462365591398	0.0430107526882	0.0215053763441
-wúu	0.392965511347	0.23992478311	0.0564126672079	0.310697038335
-ɔyɔ	0.113331683978	0.685189766728	0.184042905605	0.0174356436889
-àda	0.393700787402	0.404199475066	0.154855643045	0.0472440944882
-kùn	0.849056603774	0.11320754717	0.0377358490566	0.0
-fyè	0.430162810626	0.369323050557	0.0385604113111	0.161953727506
-m'i	0.150659952192	0.497987547359	0.295698264378	0.0556542360711
-fyá	0.310278840897	0.277474029524	0.384909786769	0.0273373428103
-eyi	0.115589397209	0.658187952311	0.0429781527168	0.183244497763
-bùu	0.655365256903	0.316672492136	0.0122334847955	0.0157287661657
-gɔn	0.0	1.0	0.0	0.0
-lyɛ	0.143056524773	0.211677134217	0.413119330077	0.232147010933
-200	0.0780031201248	0.549141965679	0.201248049922	0.171606864275
-eye	0.133342862306	0.603628495803	0.187917789073	0.0751108528182
-ɛdi	0.153153153153	0.846846846847	0.0	0.0
-̀gɔ	0.0	0.904761904762	0.0	0.0952380952381
-̀gɛ	0.466638534106	0.253368749244	0.045443938267	0.234548778383
-‑kò	0.560975609756	0.439024390244	0.0	0.0
-ɛmu	0.00547463628279	0.987225848673	0.00264292786065	0.00465658718306
-ola	0.128205128205	0.846153846154	0.0	0.025641025641
-eŋɛ	0.46604121448	0.424775039829	0.0261805898647	0.0830031558262
-wwu	0.131088394468	0.800962116657	0.0535177390258	0.0144317498497
-áge	0.23987772971	0.247122417083	0.488217668748	0.0247821844589
-ifa	0.0	0.985402569756	0.014597430244	0.0
-ife	0.0	1.0	0.0	0.0
-ifi	0.0196078431372	0.980392156863	0.0	0.0
-òto	0.119047619048	0.857142857143	0.0238095238095	0.0
-ɲyɛ	0.619006744254	0.0280140677622	0.00500046860457	0.347978719379
-m'à	0.385812072184	0.211263223398	0.313213026343	0.0897116780751
-ndi	0.238709677419	0.117741935484	0.0564516129032	0.587096774194
-n'á	0.134121299852	0.259709462946	0.0445642657655	0.561604971436
-uda	0.00543170759307	0.990494511712	0.00203689034741	0.00203689034741
-oŋi	0.0786908997047	0.846623866929	0.0400931237276	0.0345921096391
-ifu	0.064148253742	0.930149679259	0.00142551674982	0.00427655024946
-gii	0.198612103353	0.54676606551	0.109690403681	0.144931427456
-ali	0.388170716555	0.263967327891	0.0663496442564	0.281512311297
-nde	0.179623348093	0.128772494963	0.0208040704358	0.670800086508
-sìi	0.217676770189	0.136628280815	0.0716581892384	0.574036759759
-úru	0.612058630592	0.07304331402	0.0218255040389	0.293072551349
-ala	0.400501394006	0.413766869029	0.143578561785	0.0421531751793
-ɔ̀n	0.689006680332	0.143729868448	0.050692958318	0.116570492902
--sà	0.353805073431	0.0934579439252	0.272363150868	0.280373831776
-120	0.0	0.0	0.0	1.0
-nmi	0.776328986961	0.223671013039	0.0	0.0
-jyî	0.228571428571	0.6	0.0	0.171428571429
-jyì	0.388329336531	0.497362110312	0.0776978417266	0.0366107114308
-yoo	0.0846953937593	0.560178306092	0.0267459138187	0.32838038633
-ína	0.261119716751	0.643726488161	0.0863022792653	0.00885151582209
-jyè	0.539871200243	0.0352427537225	0.00886570611038	0.416020339924
-jyé	0.86928702011	0.0682510664229	0.0374771480805	0.024984765387
-ŋkò	0.466666666667	0.366666666667	0.0333333333333	0.133333333333
-iŋɛ	0.193703426681	0.206231435257	0.561488144294	0.038576993768
-pee	0.285714285714	0.678571428571	0.0	0.0357142857143
-udi	0.0	1.0	0.0	0.0
-gíi	0.484693877551	0.25	0.173469387755	0.0918367346938
-ogi	0.0	1.0	0.0	0.0
-153	0.0	0.0243902439024	0.0487804878049	0.926829268293
-eli	0.420796490506	0.555308794297	0.0164096236891	0.0074850915073
-gwu	0.208424110385	0.602759622367	0.174291938998	0.0145243282498
-ogo	0.336693001315	0.323414572419	0.244007519464	0.0958849068025
-ùlo	0.0	0.884615384615	0.0961538461538	0.0192307692307
-iye	0.225649620417	0.241914112571	0.0775074747216	0.45492879229
-bii	0.0874273621837	0.732413750508	0.100220034327	0.0799388529817
-oge	0.220920838527	0.320590979732	0.275048420003	0.183439761738
-ele	0.36196869314	0.24469309202	0.339841976942	0.0534962378984
-ɲɛ̀	0.685624198321	0.156268045768	0.0647680176612	0.0933397382501
-jaa	0.105608912431	0.601136674238	0.086466413444	0.206787999887
-esu	0.00673731584885	0.71925960361	0.00406308297796	0.269939997563
-esi	0.0	0.918367346939	0.0816326530612	0.0
-ɛre	0.298402671778	0.474269605654	0.0715285720182	0.155799150549
-iti	0.0482294710892	0.899991702806	0.0480206855	0.00375814060435
--jà	0.408256880734	0.495412844037	0.0275229357798	0.0688073394496
-ùli	0.0512820512821	0.948717948718	0.0	0.0
-ese	0.00548613227675	0.990856446205	0.00365742151783	0.0
-ɛri	0.016317543325	0.96058232004	0.00324384897426	0.0198562876606
-ɛya	0.209655172414	0.547586206897	0.20275862069	0.04
-faa	0.24593275058	0.644763804718	0.0364344815674	0.0728689631347
-ɛye	0.119152691968	0.880847308032	0.0	0.0
-m'e	0.493623405851	0.438109527382	0.0682670667667	0.0
-fan	0.182425488181	0.547790339157	0.223535457348	0.0462487153135
-m'a	0.745471877979	0.187797902765	0.0114394661583	0.0552907530982
-n'a	0.507010045959	0.127046932409	0.0579069487231	0.308036072909
-ŋ'a	0.577710119028	0.164774795645	0.0614334094494	0.196081675878
-ude	0.00221729490022	0.985070214339	0.00960827790096	0.00310421286031
-ndá	0.800813881581	0.11111475049	0.0199749494272	0.0680964185018
-n'i	0.131891137474	0.642009769714	0.18422889044	0.0418702023727
-ndâ	0.125	0.1875	0.375	0.3125
-êre	0.404258139782	0.485910488917	0.0511029801675	0.0587283911337
-ŋki	0.0835095137421	0.0935517970402	0.191067653277	0.631871035941
-abu	0.0146092037984	0.985390796202	0.0	0.0
-amɛ	0.361981645787	0.204009748296	0.0700658771563	0.363942728761
-ɲcû	0.554741110418	0.234716157205	0.141609482221	0.0689332501559
-ŋko	0.639540226684	0.104834442619	0.0403798490629	0.215245481634
-pwu	0.292718096611	0.604902667628	0.0937274693583	0.00865176640231
-ŋka	0.0296550027143	0.0322752808428	0.0109647237875	0.927104992655
-kwɔ	0.0739726027397	0.92602739726	0.0	0.0
-ŋke	0.124249857809	0.667206836961	0.0593646496208	0.149178655609
-aba	0.0297397769517	0.925650557621	0.0	0.0446096654275
-woo	0.229296827344	0.35161201256	0.204190397914	0.214900762182
-jyi	0.211559432933	0.624863685933	0.153762268266	0.00981461286804
-igɛ	0.0	0.986666666667	0.0	0.0133333333333
-huu	0.455619675735	0.3794998626	0.0945314646881	0.0703489969771
-jye	0.0935183032371	0.420289855072	0.0459841380557	0.440207703635
-abi	0.42774566474	0.364161849711	0.0	0.208092485549
-jya	0.480106809079	0.367423230975	0.0502002670227	0.102269692924
-koo	0.485	0.165	0.0549999999999	0.295
-ɔmɔ	0.264348317783	0.35764772406	0.301668080294	0.0763358778626
-yâa	0.298245614035	0.157894736842	0.315789473684	0.228070175439
-tun	0.830383616209	0.0507916313562	0.0104597374819	0.108365014953
-ori	0.0	1.0	0.0	0.0
-oro	0.191031819658	0.201353700237	0.03194190007	0.575672580035
-́ɔn	0.0	0.880834160874	0.0595829195631	0.0595829195631
-gwû	0.882545137712	0.0575536085967	0.0599012536909	0.0
-b'a	0.314845439511	0.622185472586	0.0503752703219	0.0125938175804
-ore	0.22594034831	0.328236337063	0.102593878802	0.343229435825
-́re	0.489100817439	0.25340599455	0.24931880109	0.00817438692097
-yɛn	0.422907488987	0.20704845815	0.264317180617	0.105726872247
-íle	0.487179487179	0.435897435897	0.0	0.0769230769231
-r'à	0.323592963221	0.242957048225	0.0693279121549	0.364122076399
-fwu	0.343937687688	0.548611111111	0.0614677177177	0.0459834834834
-ɛki	0.0409806600043	0.855489251564	0.100294773168	0.0032353152635
-ipi	0.00861008610086	0.984471094711	0.00415129151292	0.00276752767528
-̀re	0.576294723084	0.188636310593	0.0805423950335	0.154526571289
-s'à	0.352348619263	0.0946480823265	0.0479556256218	0.505047672788
-̀ɛn	0.628052394686	0.12295381105	0.0305185150033	0.21847527926
-t'à	0.364211904001	0.245095801184	0.108280448645	0.28241184617
-t'á	0.419818531423	0.414100578365	0.0334284219915	0.13265246822
-ùma	0.457142857143	0.46455026455	0.0402116402117	0.0380952380952
-kèe	0.234042553191	0.593380614657	0.130023640662	0.0425531914893
-wɔn	0.338382661384	0.544628291773	0.10393847588	0.0130505709625
-ìli	0.652114597544	0.237608003638	0.0557071396089	0.0545702592087
-144	0.0	0.741379310345	0.129310344828	0.129310344828
-pâa	0.579292633018	0.202234824829	0.0594146290275	0.159057913126
-ize	0.847698287324	0.126868679382	0.0245991633505	0.000833869944083
-ùmu	0.691228308026	0.153538503254	0.0562635574837	0.0989696312364
-ɔgi	0.0	0.981818181818	0.0181818181818	0.0
-odi	0.0785714285714	0.85	0.0714285714286	0.0
-ɲaa	0.725747805907	0.203081179557	0.0439952527459	0.0271757617907
-sèe	0.167792665579	0.151561661497	0.382991437418	0.297654235507
-uri	0.11622276029	0.738498789346	0.145278450363	0.0
-cwô	0.660773480663	0.21546961326	0.0596685082873	0.06408839779
-ure	0.381328749474	0.483741753401	0.0571381443825	0.0777913527424
-òŋi	0.307803753205	0.577190507254	0.0671678019328	0.0478379376084
-h'à	0.309540005742	0.376576952722	0.225706254187	0.0881767873499
-h'á	0.133561643836	0.643835616438	0.202054794521	0.0205479452055
-t'e	0.381211518572	0.210324667585	0.128887325875	0.279576487968
-uru	0.0949638746083	0.124585387425	0.0190248239674	0.761425913999
-áre	0.656565656566	0.222222222222	0.060606060606	0.0606060606061
-fûn	0.173833065072	0.681306047367	0.14486088756	0.0
-bya	0.63435828877	0.272301895965	0.0788770053476	0.0144628099174
-àra	0.141792979485	0.689797611435	0.118564095474	0.0498453136072
-y'á	0.277124635021	0.303744174293	0.117090884012	0.302040306673
-y'à	0.183344739738	0.288687696657	0.0562849441471	0.471682619459
-àre	0.799220358285	0.0415005913013	0.00603246781688	0.153246582597
-waa	0.533873029399	0.338304218151	0.103536429484	0.0242863229655
-jwo	0.797765105479	0.0202890554768	0.0041055609673	0.177840278076
-ùŋi	0.137445153103	0.525343747128	0.294433953262	0.0427771465071
-èŋi	0.167048912804	0.742976227231	0.0390332113086	0.050941648657
-fwù	0.346569624318	0.585304506047	0.0482179171572	0.0199079524778
-kee	0.43108974359	0.354967948718	0.0624999999999	0.151442307692
-cwɔ	0.120689655172	0.379310344828	0.448275862069	0.051724137931
-nɔ̀	0.127880184332	0.609062980031	0.14178187404	0.121274961598
-suu	0.519801980198	0.376237623762	0.0445544554456	0.0594059405941
-anɛ	0.0	0.926421404682	0.0702341137124	0.00334448160536
-r'a	0.452242407041	0.120307613885	0.0263574852185	0.401092493856
-sun	0.06993006993	0.833916083916	0.0262237762238	0.06993006993
-onɔ	0.416994641221	0.220878433507	0.222214249598	0.139912675673
-s'a	0.167602305891	0.0701267855309	0.0391950554387	0.72307585314
-nuu	0.0	0.886075949367	0.0759493670886	0.0379746835443
-600	0.0963855421687	0.506024096386	0.120481927711	0.277108433735
-t'a	0.462994254816	0.368367691788	0.0652247380872	0.103413315309
-ɛ̀ɛ	0.172413793103	0.241379310345	0.0172413793103	0.568965517241
-̂hɔ	0.646564970947	0.315823216339	0.0268655805102	0.0107462322041
-óre	0.0745341614907	0.832298136646	0.0931677018634	0.0
-àla	0.463840399003	0.304239401496	0.216957605985	0.0149625935162
-fee	0.211917695436	0.384939393718	0.349315762805	0.0538271480406
-ɛmɛ	0.47957022228	0.408073325643	0.0739908342946	0.0383656177824
-nŋa	0.158804566659	0.578002095472	0.182470452625	0.0807228852441
-têe	0.345391632589	0.31959735766	0.113243158226	0.221767851526
--ta	0.995499377573	0.00450062242651	0.0	0.0
-nŋi	0.241702197207	0.472711328317	0.131601604075	0.153984870401
-tuu	0.0475035627672	0.875990699302	0.062754706603	0.0137510313274
-vee	0.340435518679	0.555209875092	0.0709953468603	0.0333592593681
-ɛli	0.0592703190041	0.907272887793	0.0189541832621	0.0145026099405
-enɛ	0.369754998592	0.460433680653	0.136862855534	0.0329484652211
-pyi	0.494142378078	0.0299172095126	0.00598641109045	0.469954001319
-nnu	0.36875	0.44375	0.025	0.1625
-uka	0.0127388535032	0.942675159236	0.0	0.0445859872611
-h'i	0.173625577393	0.0552486187845	0.0894846481297	0.681641155692
-sún	0.215053763441	0.225806451613	0.0430107526882	0.516129032258
-nna	0.385750248002	0.222348759777	0.0805211375854	0.311379854636
-h'a	0.217303822938	0.14185110664	0.0573440643863	0.583501006036
-h'e	0.387930919945	0.43633458011	0.0908559319441	0.0848785680004
-jwó	0.597937250823	0.311232449298	0.0179407176287	0.07288958225
-ɔni	0.221811492039	0.488592207971	0.125743612668	0.163852687322
-ɔhɔ	0.28739932999	0.438473680809	0.195040096321	0.0790868928795
-fàa	0.577376821652	0.289382373352	0.0666204024982	0.0666204024982
-nmɔ	0.228375992939	0.497572815534	0.270741394528	0.00330979699912
-byé	0.533117932149	0.386106623586	0.0420032310178	0.0387722132472
-nga	0.329377328814	0.413563684383	0.182368724294	0.0746902625094
-y'a	0.195978186776	0.318109520563	0.199954555783	0.285957736878
-nge	0.183127408314	0.647651175525	0.104042340456	0.0651790757051
-y'e	0.285881091903	0.52180781122	0.0552598670287	0.137051229848
-tin	0.761904761905	0.063492063492	0.15873015873	0.015873015873
-ɔŋi	0.14162521974	0.730201946576	0.0744972773657	0.0536755563178
-tii	0.140540540541	0.703474903475	0.0393822393823	0.116602316602
-y'i	0.173939774314	0.817990854713	0.0	0.00806937097332
-uwe	0.109382596014	0.846864365581	0.0	0.0437530384054
-úma	0.61853188929	0.315282791817	0.0	0.0661853188929
-ema	0.0677966101695	0.93220338983	0.0	0.0
-aŋi	0.140589511769	0.744363267996	0.0693372923645	0.0457099278704
-fíi	0.677824267782	0.261924686192	0.0602510460251	0.0
-oŋɔ	0.294276441506	0.556027379255	0.0960902666142	0.053605912625
-emi	0.0	0.977464788732	0.0112676056338	0.0112676056338
-aŋa	0.352275908178	0.492519700103	0.14632348647	0.00888090524819
-260	0.203389830508	0.152542372881	0.0381355932203	0.60593220339
-emu	0.194620151018	0.200822804974	0.0452961350703	0.559260908938
-ùni	0.643591501028	0.209047292666	0.07813570939	0.0692254969157
-àŋi	0.0375612405592	0.737786404004	0.0460832816962	0.178569073741
-ɲyi	0.150584257662	0.665631457201	0.115446982824	0.0683373023137
-cin	0.0650406504065	0.80487804878	0.130081300813	0.0
-cwu	0.766631467793	0.128827877508	0.0316789862725	0.0728616684266
-eŋi	0.092263030367	0.566224506066	0.0663470832952	0.275165380271
-obu	0.030303030303	0.909090909091	0.0606060606061	0.0
-shì	0.675116864437	0.104638619202	0.149047105358	0.0711974110032
-̀ge	0.0622614810686	0.769349513314	0.137258265083	0.0311307405342
-shà	0.650218757703	0.175391298989	0.0603124229726	0.114077520335
-iyɛ	0.319039451115	0.660377358491	0.0	0.0205831903945
-wɔ̀	0.307259952479	0.121026567874	0.0351349044018	0.536578575245
-wɔ́	0.46425955338	0.079062043588	0.0403243776095	0.416354025422
-000	0.176024953691	0.238548054868	0.0155222004619	0.569904790978
-r'á	0.301309627532	0.459104770203	0.0362348435345	0.203350758731
-pɛn	0.54169342853	0.176398709136	0.148265605052	0.133642257282
-uyi	0.164388274911	0.593680608874	0.12286112058	0.119069995635
--bò	0.701834862385	0.133027522936	0.110091743119	0.0550458715596
-kwù	0.0928961748634	0.767759562842	0.0983606557376	0.0409836065573
-kwû	0.619797899851	0.139536438752	0.179581198272	0.0610844631246
-uyo	0.294104019287	0.498386515786	0.154987153407	0.0525223115198
-kwú	0.523610579404	0.261655486942	0.129213202617	0.0855207310375
-uya	0.0816326530612	0.918367346939	0.0	0.0
-ûun	0.997357992074	0.00264200792603	0.0	0.0
-uye	0.226219204597	0.0897495406553	0.0698665654947	0.614164689253
-ɔwɔ	0.194029850746	0.528358208955	0.14328358209	0.134328358209
-kwó	0.539660056657	0.426345609065	0.0169971671388	0.0169971671388
-wûu	0.542559706062	0.273116962645	0.0979791794244	0.0863441518678
-ìge	0.200227531286	0.786120591581	0.0	0.0136518771331
-̀ŋi	0.0904763431209	0.794284523657	0.0546544428773	0.060584690345
-wee	0.0483303319908	0.848104670886	0.103564997123	0.0
-lii	0.179708546672	0.624482079559	0.144135486412	0.0516738873572
-uli	0.414443344471	0.285349071183	0.0985004140564	0.20170717029
-kan	0.746306524005	0.0649448475419	0.0101297552475	0.178618873206
-ɛɛn	0.0848585690516	0.658069883527	0.253327787022	0.00374376039934
-ɔti	0.0440010182701	0.920359527679	0.0093994164529	0.0262400375977
-ula	0.0141509433962	0.405660377358	0.580188679245	0.0
-osi	0.0177111716621	0.957765667575	0.00272479564033	0.0217983651226
-áha	0.425022481557	0.144375338241	0.0772968826931	0.353305297509
-tîn	0.433734939759	0.483266398929	0.0749665327978	0.00803212851406
-iŋi	0.103174999318	0.574180479755	0.126019642277	0.19662487865
-yèe	0.230769230769	0.738461538462	0.0	0.0307692307692
-ɛyɛ	0.280242578998	0.594637727418	0.0791573571656	0.0459623364188
-nii	0.364197530864	0.54938271605	0.0740740740741	0.0123456790123
-ôre	0.585322195704	0.302505966587	0.0477326968974	0.0644391408115
-itɛ	0.0	1.0	0.0	0.0
-óŋi	0.198601398601	0.658741258741	0.100699300699	0.041958041958
-ôro	0.594858192706	0.149402618462	0.0664278157491	0.189311373083
-ɛrɛ	0.223677512206	0.36440986063	0.12972460571	0.282188021455
-shi	0.285230837245	0.470519041704	0.0348150565251	0.209435064525
-àha	0.334041686467	0.143711540073	0.0514441178725	0.470802655588
-cêe	0.616306329773	0.368064600156	0.0	0.0156290700703
-àhe	0.0504731861199	0.94952681388	0.0	0.0
-nbu	0.111111111111	0.759259259259	0.0740740740741	0.0555555555556
-vwɔ	0.807692307692	0.153846153846	0.0	0.0384615384615
-she	0.243331240756	0.623942627922	0.0147473479246	0.117978783397
-zhì	0.567901234568	0.320987654321	0.0864197530864	0.0246913580247
-ata	0.0886758538046	0.896944278011	0.0	0.0143798681845
-ɔmu	0.0634425106819	0.664609592466	0.246030956318	0.0259169405339
-ɛmi	0.0	1.0	0.0	0.0
-ûgo	0.499970761944	0.381790538565	0.094380445588	0.0238582539033
-p'a	0.432624113475	0.414387031408	0.125633232016	0.0273556231003
-‑dâ	0.0320855614973	0.823529411765	0.0802139037433	0.0641711229947
-‑dá	0.898226676947	0.0485736314572	0.041634541249	0.011565150347
-wíi	0.717901961605	0.10405294719	0.0100142890453	0.16803080216
-éŋɛ	0.497487437186	0.462939698493	0.016959798995	0.0226130653266
-ili	0.489941347	0.277317022335	0.0685330592963	0.164208571368
-iga	0.11038961039	0.88961038961	0.0	0.0
-ûni	0.283018867925	0.61320754717	0.00943396226414	0.0943396226415
-pwɔ	0.509298217565	0.207801222085	0.0894531813591	0.193447378991
-eba	0.0177252584934	0.89364844904	0.0709010339734	0.0177252584934
-âla	0.869744942832	0.0795074758135	0.0248900615655	0.0258575197889
-aɲi	0.056	0.912	0.0	0.032
-ami	0.189801699717	0.664022662889	0.0917847025496	0.0543909348442
-ŋkɛ	0.0410958904109	0.919520547945	0.0	0.0393835616438
-ama	0.143886822881	0.699263577402	0.0697171954187	0.0871324042986
-sín	0.553742682775	0.157180221696	0.00398555237265	0.285091543156
-ati	0.047820156138	0.892052066555	0.0429263931811	0.0172013841257
-nɛɛ	0.0326086956521	0.960144927536	0.00724637681159	0.0
-hii	0.21514585593	0.510304624709	0.0883041677732	0.186245351588
-usi	0.061129809879	0.914127171837	0.0109160374784	0.013826980806
-iri	0.307445927691	0.637138125881	0.0411080284125	0.0143079180164
-hin	0.0783677039146	0.393063104897	0.0229580309463	0.505611160242
-ire	0.0812635340277	0.236938046923	0.0354469523872	0.646351466662
-ɔgɔ	0.330696192589	0.297699466497	0.146873448664	0.22473089225
-pêe	0.362643349781	0.219024472061	0.230196971584	0.188135206574
-ɛti	0.0162830148962	0.951150955311	0.00185737812504	0.0307086516673
-ibe	0.0169230769231	0.983076923077	0.0	0.0
-ɔɔn	0.124712954695	0.15318727225	0.0821124996516	0.639987273404
-sàa	0.223850852457	0.18115328278	0.164961088913	0.43003477585
-wwò	0.0	1.0	0.0	0.0
-ùmɔ	0.68970355284	0.196243494003	0.0190088255261	0.0950441276307
-wɔɔ	0.184569338211	0.404556035916	0.281177253076	0.129697372797
-ulo	0.303395323606	0.168681234613	0.0810092776766	0.446914164105
-omɛ	0.0	1.0	0.0	0.0
-fún	0.512145748988	0.414979757085	0.0485829959514	0.0242914979757
-ɛkɛ	0.0483460559796	0.898218829517	0.0178117048346	0.0356234096692
-̀rɔ	0.532279314888	0.162494510321	0.0421607378129	0.263065436978
-oda	0.0	1.0	0.0	0.0
-̀rɛ	0.187915697466	0.141613974367	0.278308438107	0.39216189006
