-hes	0.0	1.0	0.0	0.0
-hel	0.274586800135	0.693950464297	0.0227722612936	0.00869047427458
-iva	0.307703552112	0.573892705745	0.0723578424207	0.0460458997222
-ive	0.0234047232286	0.976595276771	0.0	0.0
-ivi	0.0420168067227	0.957983193277	0.0	0.0
-heb	0.0314371257485	0.766467065868	0.0	0.202095808383
-lem	0.0050068928974	0.991423170014	0.00121243146394	0.00235750562434
-aup	0.478418524811	0.476701024501	0.0174030612722	0.0274773894156
-aus	0.877733446058	0.045791865047	0.0115196551025	0.0649550337927
-aur	0.822975517891	0.158999192897	0.0	0.0180252892117
-aut	0.541478277964	0.201985453116	0.0530764694319	0.203459799489
-ija	0.00193091611242	0.991632696846	0.00643638704141	0.0
-aua	0.0373177842566	0.948688046647	0.00233236151604	0.0116618075802
-ang	0.388313889511	0.417340415876	0.140680879549	0.053664815063
-aug	0.64733478165	0.199883504927	0.0531311986398	0.0996505147823
-auf	0.300084409231	0.310995261573	0.2069369041	0.181983425096
-aum	0.152948655622	0.518529598744	0.285890580008	0.0426311656258
-aun	0.0417499739979	0.905812913616	0.0320230620396	0.0204140503467
-put	0.363298024621	0.236472945892	0.214715144575	0.185513884913
-puu	0.578962784818	0.250747695249	0.0721949865878	0.0980945333456
-hon	0.0	1.0	0.0	0.0
-pur	0.0	0.965517241379	0.0344827586207	0.0
-uaf	0.109873292566	0.829354426163	0.0432331352298	0.0175391460413
-uak	0.620362714854	0.190420346056	0.0346712212316	0.154545717858
-yen	0.104725096621	0.745168931555	0.104725096621	0.0453808752026
-uam	0.320013060838	0.183772200274	0.0368393589788	0.459375379909
ALL	0.232893561949	0.292126188984	0.0549102528866	0.42006999618
-uan	0.156685818522	0.241465439575	0.164151836257	0.437696905645
-pue	0.618004947591	0.208318116729	0.156176710284	0.0175002253954
-uas	0.396785743451	0.308463273444	0.0962919767804	0.198459006325
-uar	0.361416844739	0.220445045871	0.0422424833452	0.375895626045
-uau	0.272851296044	0.234652114598	0.120054570259	0.3724420191
-uat	0.24118616145	0.693410214168	0.057331136738	0.00807248764416
-uav	0.0909052037457	0.767178346945	0.133043998803	0.00887245050669
-pui	0.0542069290597	0.844921046429	0.0895592740985	0.0113127504124
-hem	0.00456621004566	0.995433789954	0.0	0.0
-vis	0.220067385513	0.130568531452	0.0506463241702	0.598717758866
-'in	0.237785016287	0.684039087948	0.0781758957655	0.0
-opi	0.0	1.0	0.0	0.0
-iks	0.0862502417327	0.897795397409	0.00870237865016	0.00725198220848
-opa	0.0234899328859	0.973154362416	0.0	0.00335570469799
-sip	0.205882352941	0.54705882353	0.211764705882	0.035294117647
-naf	0.571357879308	0.279092492139	0.0802713503627	0.0692782781904
-dek	0.154090892657	0.670920857587	0.15871868108	0.0162695686757
-gki	0.0437656305824	0.952215076813	0.0040192926045	0.0
-den	0.0	0.979094076655	0.0	0.0209059233449
-kin	0.0524296675191	0.947570332481	0.0	0.0
-ima	0.238665013883	0.0637000791865	0.0168216392459	0.680813267685
-oko	0.0	1.0	0.0	0.0
-des	0.575238095238	0.224761904762	0.0514285714285	0.148571428571
-aka	0.752577319588	0.154639175258	0.0309278350515	0.0618556701031
-imi	0.123884331631	0.218748387762	0.043723881752	0.613643398855
-oka	0.080557919556	0.469378896609	0.034855257183	0.415207926652
-foo	0.0	1.0	0.0	0.0
-sik	0.307321672319	0.45376663692	0.170247299502	0.0686643912584
-biu	0.548744963229	0.304182845848	0.0710308006877	0.0760413902352
-obo	0.368281345932	0.557318382162	0.0441087326297	0.0302915392758
-ida	0.0222222222222	0.951851851852	0.0148148148148	0.0111111111111
-bia	0.0538599640933	0.870736086176	0.0215439856373	0.0538599640934
-bin	0.465983135057	0.145588606536	0.0212627805876	0.367165477819
-lat	0.0464131048767	0.880060252307	0.0395405761627	0.0339860666541
-ter	0.543539416325	0.147063064279	0.104967036743	0.204430482653
-tes	0.0162162162162	0.881081081081	0.0648648648648	0.0378378378378
-tet	0.019537609899	0.968739824162	0.00488440247476	0.00683816346466
-—te	0.11214953271	0.485981308411	0.401869158878	0.0
-ria	0.0383452802487	0.896828309871	0.0437753692029	0.0210510406771
-rin	0.20521082756	0.152687083866	0.060029114133	0.582072974441
-ril	0.0	1.0	0.0	0.0
-uti	0.313186813187	0.498168498168	0.169413919414	0.0192307692308
-rik	0.210670918791	0.335490189746	0.227337422723	0.22650146874
-uts	0.329449187384	0.416502487184	0.120217488874	0.133830836558
-rit	0.0387338608913	0.921282798834	0.00999583506871	0.0299875052062
-tee	0.113934313905	0.230472318655	0.282980084049	0.372613283391
-teg	0.882471885208	0.113362236498	0.0	0.00416587829367
-tei	0.414170927684	0.45142439737	0.105916727538	0.0284879474069
-tek	0.609953425673	0.0903225919301	0.00732198788648	0.29240199451
-tem	0.903386115998	0.0371948019878	0.0125783251536	0.0468407568602
-ten	0.038115191647	0.0651053847881	0.00772131822484	0.88905810534
-are	0.18404836863	0.101304204395	0.0421028909185	0.672544536057
-ara	0.0651883856238	0.235641670318	0.0216719640357	0.677497980023
-mes	0.0255217184878	0.554788176374	0.107765853209	0.311924251929
-mer	0.195918367347	0.804081632653	0.0	0.0
-jig	0.211604095563	0.122866894198	0.409556313993	0.255972696246
-ari	0.115708707511	0.0673489842351	0.0146908005529	0.802251507701
-jia	0.119124614477	0.492564701915	0.300004377354	0.0883063062539
-mee	0.224650740976	0.378221455361	0.337862557454	0.05926524621
-mel	0.0614497699433	0.910263828019	0.0117047180844	0.016581683953
-jiu	0.224431867622	0.666216469763	0.0787188576852	0.0306328049305
-mei	0.884528487819	0.0680932211062	0.0143187926746	0.0330594984006
-mek	0.0401337792642	0.889632107023	0.0301003344481	0.0401337792642
-vuu	0.417812280985	0.42368860855	0.126691465847	0.0318076446169
-aya	0.0761122550309	0.0713853388079	0.014245174002	0.838257232159
-vus	0.534725840381	0.320486855146	0.0573508154079	0.0874364890646
-era	0.198167945421	0.639909885018	0.150853329366	0.0110688401947
-vun	0.0202270651181	0.960459350124	0.0156596633172	0.0036539214407
-gom	0.30955697966	0.422959041516	0.258289217052	0.00919476177209
-mor	0.385046728972	0.426791277259	0.104672897196	0.0834890965732
-kua	0.42037302726	0.536585365854	0.00538020086083	0.0376614060258
-ito	0.396832882778	0.140331245652	0.0310409256316	0.431794945939
-uba	0.0103492884864	0.896507115136	0.0931435963777	0.0
-suu	0.141468345095	0.447484024961	0.309039355402	0.102008274542
-iar	0.269557648986	0.45694245341	0.196702846611	0.0767970509932
-ota	0.010989010989	0.989010989011	0.0	0.0
-uuv	0.0674460431654	0.916366906475	0.0	0.0161870503597
-ote	0.439778337166	0.391762638703	0.152726368137	0.0157326559948
-oan	0.0505603423462	0.140147953407	0.0550987315538	0.754192972693
-oti	0.0326871055004	0.946798917944	0.00879170423805	0.0117222723174
-oto	0.291295153983	0.607582457821	0.0792838581194	0.0218385300773
-ume	0.917012448133	0.0829875518672	0.0	0.0
-guv	0.0	1.0	0.0	0.0
-ots	0.350204340156	0.38343270741	0.0755679268237	0.190795025611
-uma	0.333333333333	0.666666666667	0.0	0.0
-gif	0.0538674033149	0.912983425414	0.0331491712707	0.0
-sup	0.252064673723	0.469931371409	0.271024776085	0.0069791787833
-umi	0.00916773760255	0.0248888453888	0.00419544882217	0.961747968187
-ako	0.175925925926	0.592592592593	0.231481481482	0.0
-nak	0.603652706062	0.209528590553	0.0676515586154	0.11916714477
-kia	0.0953523501664	0.0415719571739	0.0149187217514	0.848156970908
-nai	0.115911534057	0.10954065823	0.118965826025	0.655581981688
-nan	0.293615149011	0.324407512136	0.0215518677322	0.36042547112
-nam	0.287393860222	0.543948866287	0.095409163012	0.0732481104787
-sis	0.0695652173913	0.895652173913	0.0	0.0347826086956
-sir	0.337490455587	0.393738864851	0.204632221939	0.0641384576228
-kii	0.184195602025	0.627459842997	0.175808150369	0.0125364046103
-naa	0.572259625537	0.0248267867721	0.00565279204001	0.397260795651
-kio	0.0838287434258	0.0481913514787	0.859881958503	0.00809794659212
-nag	0.425427872861	0.259657701711	0.217848410758	0.09706601467
-kim	0.0	1.0	0.0	0.0
-kis	0.033105066021	0.949869471454	0.0164579471076	0.000567515417501
-kir	0.718495182141	0.202249567944	0.0051561137344	0.0740991361807
-sii	0.273279352227	0.608811484946	0.0587160873004	0.059193075527
-kip	0.727624951569	0.211933359163	0.0418442464161	0.0185974428516
-sio	0.396217730197	0.353739382111	0.0775035796361	0.172539308056
-sin	0.134458503761	0.514530477626	0.094391220982	0.25661979763
-sim	0.379462767766	0.479768786127	0.122407344441	0.0183611016661
-nar	0.129624424113	0.431187000356	0.0602837491099	0.378904826421
-nas	0.122328867523	0.836731152305	0.0238816551006	0.0170583250719
-sia	0.161503068474	0.57690545485	0.0548518033337	0.206739673341
-eer	0.176378238078	0.613442224367	0.113463658548	0.0967158790077
-sig	0.14044314165	0.270425611403	0.538839555134	0.0502916918126
-nat	0.707345104716	0.15414454355	0.0828067341877	0.0557036175467
-nau	0.0654912120061	0.881948321683	0.0189829600018	0.033577506309
-mov	0.0596264367816	0.790768678161	0.00215517241379	0.147449712644
-mou	0.0420954330765	0.889750911409	0.0347502828511	0.0334033726631
-mos	0.201920488199	0.435370486703	0.319333512818	0.0433755122798
-gol	0.0186378278877	0.740604387176	0.237076238687	0.00368154624943
-goo	0.245283018868	0.188679245283	0.471698113208	0.0943396226415
-gon	0.61445490153	0.140626923871	0.0377548473165	0.207163327282
-goa	0.0798004987531	0.88029925187	0.0399002493765	0.0
-bal	0.0	1.0	0.0	0.0
-gog	0.164145477953	0.750885098166	0.0617959446411	0.0231734792404
-nek	0.413232104121	0.134490238612	0.374186550976	0.0780911062907
-lki	0.0	1.0	0.0	0.0
-moo	0.238095238095	0.571428571429	0.15873015873	0.031746031746
-mon	0.0231559684685	0.966497747748	0.00654560810811	0.00380067567568
-got	0.193036883833	0.598069631162	0.0861771802826	0.122716304723
-gov	0.0473237986428	0.895092416552	0.00684672738808	0.050737057417
-ber	0.0270270270271	0.72972972973	0.243243243243	0.0
-pus	0.0327868852459	0.967213114754	0.0	0.0
-eor	0.0645161290322	0.935483870968	0.0	0.0
-bet	0.108508014797	0.731607069462	0.0123304562269	0.147554459515
-sub	0.45	0.463368983957	0.0721925133689	0.0144385026738
-bek	0.789103690685	0.210896309315	0.0	0.0
-bei	0.296841533926	0.612667015513	0.0648398828657	0.0256515676951
-ben	0.0	1.0	0.0	0.0
-bel	0.0683297180043	0.931670281996	0.0	0.0
-yam	0.38406681749	0.0713557781685	0.0115163860891	0.533061018252
-yan	0.269121091888	0.202180924004	0.0525428580174	0.476155126091
-iso	0.0268714011516	0.955854126679	0.0172744721689	0.0
-rei	0.254673521158	0.0886906993245	0.0227371871544	0.633898592363
-ren	0.275601764898	0.246095501124	0.039368880189	0.438933853789
-rel	0.0297656164032	0.95647947768	0.00797784543153	0.00577706048491
-reb	0.0277777777778	0.972222222222	0.0	0.0
-fes	0.339207048458	0.581497797357	0.0660792951542	0.0132158590308
-reg	0.188405797101	0.0869565217391	0.0869565217391	0.63768115942
-isa	0.0702358897149	0.889895621517	0.028202596127	0.011665892641
-ree	0.260994399285	0.577734434589	0.128549480245	0.0327216858805
-eve	0.0858940744625	0.685684320923	0.212060828526	0.0163607760881
-upe	0.347803881512	0.605209397344	0.046986721144	0.0
-eva	0.372693938352	0.372980405638	0.0546579580612	0.199667697949
-rer	0.0	0.777777777778	0.0	0.222222222222
-res	0.255636829802	0.705150441143	0.0222456828294	0.0169670462258
-rep	0.306175312565	0.289787248739	0.11190163708	0.292135801616
-ret	0.00516944284894	0.989086731763	0.00574382538771	0.0
-reu	0.0	1.0	0.0	0.0
-—ai	0.19689119171	0.787564766839	0.0155440414508	0.0
-jut	0.0392156862745	0.941176470588	0.0196078431373	0.0
-uap	0.567925137141	0.403678606002	0.0283962568571	0.0
-kes	0.898113207547	0.0452830188679	0.0	0.0566037735849
-ava	0.689125652054	0.178617909673	0.0696086517226	0.0626477865504
-mas	0.0694483078349	0.882151135837	0.0155771905424	0.0328233657858
-mar	0.249461736877	0.54273976691	0.07990961443	0.127888881783
-mau	0.0964806795339	0.832573147243	0.0140669136563	0.0568792595668
-mat	0.394080477273	0.325725448287	0.253459274287	0.0267348001525
-mak	0.0635838150289	0.928709055877	0.0	0.00770712909441
-mam	0.0537996134202	0.0769682745045	0.0186977502211	0.850534361854
-man	0.170212924978	0.433129392837	0.0772627886418	0.319394893544
-maa	0.0733737783216	0.817631889702	0.00780021769662	0.10119411428
-pua	0.0617957106507	0.863339737931	0.0399854598328	0.0348790915858
-lva	0.0423728813559	0.883777239709	0.0730427764326	0.000807102502018
-ung	0.390126941478	0.472541912479	0.0869335530096	0.050397593033
-una	0.217391304348	0.666666666667	0.115942028985	0.0
-jio	0.227183906864	0.254643437481	0.0366127074891	0.481559948166
-pta	0.0	1.0	0.0	0.0
-unu	0.712018140589	0.0	0.0272108843538	0.260770975057
-666	0.137931034483	0.0689655172414	0.0	0.793103448276
-gag	0.322147651007	0.677852348993	0.0	0.0
-gaf	0.490785645005	0.455383123181	0.0368574199806	0.0169738118332
-gad	0.0	0.828571428571	0.0	0.171428571429
-tra	0.0	0.993413830955	0.0	0.006586169045
-fof	0.0999633162142	0.46533382245	0.430575935437	0.00412692589875
-gaa	0.517881786	0.350948431391	0.0333537516192	0.0978160309905
-gan	0.170576694655	0.647328956654	0.147787702562	0.0343066461293
-gam	0.261879336583	0.415039316445	0.262992100409	0.060089246563
-gal	0.4	0.6	0.0	0.0
-gai	0.0	1.0	0.0	0.0
-adi	0.0	1.0	0.0	0.0
-aau	0.153846153846	0.307692307692	0.0	0.538461538462
-gau	0.0703125	0.0140625	0.0046875	0.9109375
-gat	0.57797864575	0.311566125181	0.0671579685932	0.0432972604765
-gas	0.170277662049	0.715804183763	0.100727631071	0.0131905231165
-gar	0.50294803236	0.346633758398	0.0355135061017	0.11490470314
-gap	0.163901059465	0.695336854171	0.0925558924037	0.0482061939603
-ana	0.0126959695881	0.0121490536891	0.00319515534357	0.971959821379
-nor	0.54609929078	0.333333333333	0.0531914893617	0.0673758865248
-sen	0.0620756483475	0.0928200489503	0.0245334342009	0.820570868501
-sem	0.319377573093	0.399064964064	0.121066220082	0.16049124276
-sel	0.09	0.91	0.0	0.0
-sek	0.0	1.0	0.0	0.0
-sei	0.032340690756	0.190133170474	0.00296419862951	0.77456194014
-ina	0.268728543884	0.306546513554	0.0546502648853	0.370074677677
-uis	0.242424242424	0.757575757576	0.0	0.0
-ine	0.101694915254	0.898305084746	0.0	0.0
-sea	0.014598540146	0.678832116788	0.043795620438	0.262773722628
-ing	0.25409820145	0.233857061307	0.181113487814	0.330931249428
-iny	0.225423505522	0.28841312576	0.037306169678	0.44885719904
-fon	0.269614963463	0.316893487378	0.0480457663859	0.365445782773
-aar	0.384501566745	0.425240496516	0.147136952025	0.0431209847139
-ses	0.0360892831407	0.943206633596	0.00461555996319	0.0160885233003
-uid	0.0	1.0	0.0	0.0
-sep	0.0338482074752	0.960907704043	0.00286041189931	0.00238367658276
-ous	0.27737119131	0.436596976115	0.221234298656	0.0647975339191
-kuu	0.56718709464	0.296595775992	0.0870513262039	0.0491658031638
-iaf	0.111407159752	0.495222793993	0.367781036391	0.025589009865
-iaa	0.6458058937	0.0801569879599	0.0750881394266	0.198948978913
-fua	0.171669432398	0.809072447452	0.00906061824616	0.0101975019044
-fun	0.184615384615	0.446153846154	0.369230769231	0.0
-ian	0.159660009403	0.466433313079	0.176181371601	0.197725305917
-ner	0.195167570485	0.379568351795	0.134727826467	0.290536251253
-nes	0.0377358490566	0.915094339623	0.0235849056604	0.0235849056604
-iak	0.54921875	0.274609375	0.053125	0.123046875
-oon	0.373412070957	0.465801545295	0.0382505600323	0.122535823715
-iau	0.348099670806	0.479041842797	0.0238327302809	0.149025756116
-iat	0.835719605603	0.124924994801	0.00692567087857	0.0324297287171
-kue	0.0524934383202	0.9343832021	0.00524934383202	0.00787401574802
-fuu	0.10122276363	0.336489840949	0.529649719592	0.0326376758297
-iap	0.0229885057471	0.816091954023	0.16091954023	0.0
-ias	0.258004589003	0.55039574708	0.0421968455129	0.149402818404
-nei	0.170742053028	0.137368322129	0.0468199822926	0.645069642551
-kun	0.644006898534	0.164846220178	0.0168151767749	0.174331704513
-kum	0.0630289627015	0.550918640752	0.370295155871	0.0157572406754
-fei	0.0519220872364	0.0302392680347	0.00442407297614	0.913414571753
-aoo	0.121387283237	0.150289017341	0.658959537572	0.0693641618497
-ban	0.508591065292	0.457044673539	0.0137457044674	0.020618556701
-eka	0.126582278481	0.848101265823	0.0	0.0253164556962
-uun	0.0919594431277	0.761604894653	0.0229678440602	0.123467818159
-uuk	0.15763546798	0.620689655172	0.221674876847	0.0
-bai	0.671641791045	0.238805970149	0.0	0.089552238806
-noo	0.245279482734	0.714426275594	0.0267066485499	0.0135875931219
-jop	0.18	0.8	0.0	0.02
-baa	0.264500257067	0.683216652172	0.0252550248178	0.0270280659437
-hos	0.0365753649336	0.93029358701	0.0236181728719	0.00951287518453
-jon	0.0152914798206	0.936860986547	0.0184080717489	0.0294394618834
-iru	0.6	0.0	0.0	0.4
-bau	0.536863303699	0.209980843853	0.10363966796	0.149516184488
-bas	0.106243732517	0.85628331662	0.0166781020742	0.0207948487887
-uur	0.389246768902	0.416664983959	0.162451287424	0.0316369597153
-ase	0.0497175141243	0.950282485876	0.0	0.0
-nya	0.247539789272	0.129883456788	0.0380195058797	0.584557248061
-isi	0.0	0.946478873239	0.0535211267605	0.0
-asa	0.00981193785773	0.960752248569	0.00981193785773	0.0196238757154
-nyi	0.120009561751	0.0692516067274	0.013867600674	0.796871230848
-nyo	0.0564470759709	0.0683869804933	0.00915033366223	0.866015609874
-asi	0.0064966818023	0.98847362906	0.000419140761439	0.00461054837583
-yei	0.233369395972	0.0304037996909	0.00624831326508	0.729978491072
-nyu	0.0437226733291	0.279200499688	0.674578388507	0.00249843847595
-lta	0.0	1.0	0.0	0.0
-rav	0.151061959673	0.782557361565	0.0322720295958	0.0341086491663
-rat	0.242333410191	0.600530320498	0.131427253862	0.0257090154485
-rau	0.0239849373536	0.819914637952	0.147691152282	0.00840927241283
-rar	0.528008298755	0.352697095436	0.051867219917	0.0674273858921
-ras	0.645284184546	0.232023690598	0.0266541268571	0.0960379979986
-rap	0.1134150699	0.128628132706	0.589294319814	0.168662477579
-ran	0.262806983141	0.357357653963	0.0733105040601	0.306524858837
-eri	0.0126066198165	0.914006759294	0.000965613432755	0.0724210074567
-ram	0.0	1.0	0.0	0.0
-rak	0.317599147238	0.520868067893	0.134473993495	0.027058791374
-ero	0.167053364269	0.791183294664	0.0278422273782	0.0139211136891
-raf	0.0815130051782	0.716624010476	0.178426879352	0.0234361049937
-rag	0.0952671755725	0.714198473282	0.0	0.190534351145
-vei	0.209431552225	0.0814603082265	0.0531389706156	0.655969168933
-ere	0.292266059704	0.342537362406	0.0938075287796	0.271389049111
-raa	0.367111670498	0.433493623888	0.134560249042	0.0648344565723
-iya	0.727272727273	0.272727272727	0.0	0.0
-pot	0.675675675676	0.297297297297	0.0	0.027027027027
-pou	0.0796234555795	0.880760933516	0.0302020003922	0.00941361051187
-pok	0.0	0.989898989899	0.010101010101	0.0
-pon	0.707006167248	0.0775952922064	0.0504006166958	0.16499792385
-poo	0.0760172003922	0.128350332745	0.0211772888272	0.774455178036
-pol	0.0247653266316	0.91204884901	0.00168818303726	0.0614976413216
-ouf	0.114606165384	0.826899611308	0.0276447813348	0.0308494419737
-ika	0.0507489822537	0.934310896802	0.00332002687641	0.0116200940674
-iko	0.00732004880034	0.990239934933	0.0	0.00244001626678
-aat	0.430949129396	0.400051212018	0.132383065893	0.0366165926938
-lan	0.0932642487046	0.811250925241	0.0177646188009	0.0777202072539
-fok	0.0122699386503	0.938650306749	0.0490797546012	0.0
-not	0.144135958882	0.137123475236	0.176364686756	0.542375879127
-oun	0.120762288042	0.474394837488	0.186002983845	0.218839890625
-oum	0.114076383146	0.735574782111	0.127287571304	0.0230612634392
-lak	0.165980282042	0.834019717958	0.0	0.0
-aam	0.142723711354	0.746806523361	0.00886983516889	0.101599930116
-our	0.320437873463	0.261258562337	0.332000064774	0.0863034994252
-aan	0.443376348079	0.424159340246	0.0243981041091	0.108066207566
-aai	0.0952380952381	0.571428571429	0.0	0.333333333333
-nom	0.694808015702	0.0836710250125	0.0257439482589	0.195777011027
-non	0.624378964211	0.0495357657003	0.01214035763	0.313944912459
-las	0.089202923226	0.884577101396	0.0148518741651	0.0113681012128
-noa	0.0	0.980311269454	0.0107393075703	0.00894942297529
-aag	0.094214876033	0.836363636364	0.0694214876033	0.0
-aaf	0.189447291766	0.343387043251	0.417609970134	0.049555694849
-nog	0.35593220339	0.101694915254	0.338983050848	0.203389830508
-gei	0.939396315729	0.0343569848669	0.00834018317568	0.0179065162281
-dou	0.130110512276	0.830693015406	0.00653274538626	0.0326637269313
-gen	0.162907443249	0.219989562659	0.126217861002	0.49088513309
-bol	0.0780021768049	0.896601765631	0.00725601644697	0.0181400411174
-bon	0.0441988950276	0.889502762431	0.0276243093923	0.0386740331491
-boo	0.197346132129	0.485883681536	0.17701863354	0.139751552795
-gee	0.121518987342	0.80253164557	0.0607594936709	0.0151898734177
-bok	0.0	0.952380952381	0.047619047619	0.0
-bot	0.158046160731	0.827248897129	0.011124608401	0.00358033373825
-bos	0.0959553905417	0.587793683678	0.306897437124	0.00935348865657
-don	0.00112517580872	0.988748241913	0.0	0.0101265822785
-dol	0.627027027027	0.194594594595	0.178378378378	0.0
-dom	0.0857722387744	0.867257249516	0.0428861193872	0.00408439232259
-dok	0.0514486660041	0.948551333996	0.0	0.0
-sas	0.00836788988221	0.722158249231	0.00315643386436	0.266317427022
-vor	0.137476320845	0.188559035564	0.205455409557	0.468509234034
-sap	0.616216216216	0.360617760618	0.023166023166	0.0
-vot	0.0268074093255	0.11288604093	0.128851721946	0.731454827798
-vou	0.497162074476	0.15012564447	0.0520671544284	0.300645126625
-sau	0.178762039139	0.117293417582	0.0552113367278	0.648733206552
-sat	0.0692786410427	0.8461779326	0.0374182942581	0.0471251320991
-ton	0.21128702122	0.100358479597	0.0313319778347	0.657022521348
-too	0.109793796118	0.673283509611	0.0745579230378	0.142364771233
-tom	0.30375	0.62125	0.075	0.0
-tok	0.417935977325	0.424908484443	0.0619421593237	0.0952133789079
-oot	0.765937202664	0.18173168411	0.0237868696479	0.0285442435775
-lfa	0.110344827586	0.875862068966	0.0137931034483	0.0
-sab	0.900774499473	0.0397312961012	0.0202845100105	0.0392096944152
-saa	0.0228184709064	0.0288825590813	0.0040267351333	0.944272234879
-tou	0.156667716976	0.218436228974	0.162176548629	0.462719505421
-tos	0.282586647081	0.342916098346	0.303570804043	0.0709264505299
-'um	1.0	0.0	0.0	0.0
-sak	0.284252285929	0.546396569732	0.0200831913217	0.149267953017
-sai	0.0543436475284	0.0576710084572	0.0122514592567	0.875733884758
-iba	0.0147783251231	0.970443349754	0.0147783251232	0.0
-von	0.118292893357	0.089895001917	0.0796802296307	0.712131875095
-voo	0.495780030787	0.474317462003	0.0146858467364	0.0152166604738
-rot	0.063563996029	0.881397764459	0.045156634923	0.00988160458874
-rou	0.471076357506	0.0796492889976	0.0203641385388	0.428910214957
-rop	0.469248380721	0.425278359392	0.020987026202	0.0844862336849
-iel	0.0490210878171	0.928353794729	0.015083411636	0.00754170581802
-ror	0.448706935881	0.107390586287	0.039549506786	0.404352971046
-loi	0.0	0.980392156863	0.0	0.0196078431373
-air	0.249965450525	0.496717799889	0.199004975124	0.054311774461
-gev	0.854330708661	0.145669291339	0.0	0.0
-rof	0.194256431577	0.31950583259	0.288924730605	0.197313005228
-rog	0.6	0.327272727273	0.0121212121212	0.060606060606
-rol	0.0128755364807	0.682403433476	0.304721030043	0.0
-rom	0.363833849394	0.170165052288	0.018308328356	0.447692769962
-ron	0.0925731257937	0.369038459954	0.40893412951	0.129454284742
-roo	0.0306337591467	0.950018603497	0.0178593575592	0.0014882797966
-los	0.0824857494132	0.889683692858	0.0	0.0278305577288
-rok	0.0676504479054	0.750176560235	0.175407947069	0.00676504479055
-gut	0.746510329425	0.133445002792	0.0764935790061	0.0435510887773
-tof	0.186046511628	0.813953488372	0.0	0.0
-r—e	0.766871165644	0.233128834356	0.0	0.0
-oov	0.208333333333	0.763440860215	0.0282258064516	0.0
-ham	0.0328264108842	0.940771690216	0.0238560549902	0.00254584390982
-awa	0.108958837772	0.664406779661	0.113317191283	0.113317191283
-'ur	0.27374301676	0.569832402235	0.156424581006	0.0
-tia	0.0209059233449	0.961672473868	0.0174216027875	0.0
-sto	0.393939393939	0.231114788982	0.0581234976554	0.316822319423
-sta	0.645833333333	0.1875	0.125	0.0416666666667
-bis	0.732954545455	0.170454545454	0.0284090909091	0.0681818181818
-oli	0.0	1.0	0.0	0.0
-red	0.5	0.5	0.0	0.0
-200	0.10101010101	0.442760942761	0.111111111111	0.345117845118
-maf	0.727272727273	0.272727272727	0.0	0.0
-eye	0.156149450708	0.131856259671	0.0380799922561	0.673914297364
-ofe	0.826512704895	0.128988756622	0.0128440846643	0.0316544538178
-saf	0.117730852866	0.145905929258	0.0329417671277	0.703421450748
-iok	0.0656208837265	0.807448209795	0.0162854747934	0.110645431685
-lek	0.0	1.0	0.0	0.0
-mua	0.0968578542939	0.509740150539	0.187520979204	0.205881015962
-ion	0.103208812261	0.79214559387	0.0863266283526	0.0183189655172
-vom	0.121031267504	0.427365763257	0.0618106886613	0.389792280577
-uaa	0.835680751174	0.136150234742	0.018779342723	0.00938967136152
-lea	0.0	1.0	0.0	0.0
-mun	0.371217146352	0.319734118279	0.142270017443	0.166778717926
-mui	0.153103448276	0.120689655172	0.686896551724	0.0393103448275
-iof	0.558181818182	0.294545454545	0.0572727272727	0.09
-muk	0.125541125541	0.588744588745	0.285714285714	0.0
-mus	0.611125987415	0.312759405543	0.0501405810684	0.025974025974
-ios	0.0	0.936507936508	0.0634920634921	0.0
-ior	0.582449060336	0.316961424332	0.0557230464886	0.0448664688427
-oik	0.222222222222	0.634920634921	0.142857142857	0.0
-iou	0.0945588333363	0.491775005842	0.301593058919	0.112073101903
-iot	0.0447252234466	0.926128001723	0.0	0.0291467748304
-een	0.069863253857	0.631486676017	0.286290322581	0.0123597475456
-gis	0.621135507364	0.26518306203	0.0616966812684	0.0519847493375
-gir	1.0	0.0	0.0	0.0
-gip	0.0534521158129	0.501113585746	0.298440979955	0.146993318486
-gio	0.450835942518	0.501141786976	0.0422882680581	0.00573400244856
-gin	0.050303267277	0.880546652289	0.0266534256417	0.0424966547921
-gim	0.192095138722	0.0526889856535	0.0307616426925	0.724454232932
-top	0.219219219219	0.42042042042	0.288288288288	0.0720720720721
-sam	0.330305443946	0.102740425816	0.0550253650461	0.511928765192
-ali	0.0109175981284	0.876267221211	0.11281518066	0.0
-nda	0.0344827586207	0.965517241379	0.0	0.0
-eet	0.117647058824	0.683823529412	0.0441176470588	0.154411764706
-eev	0.515179599097	0.439528244069	0.0381171616915	0.00717499514193
-nde	0.0692464358452	0.841140529532	0.0040733197556	0.0855397148676
-gia	0.0609756097561	0.878048780488	0.0609756097561	0.0
-ala	0.00658978583196	0.993410214168	0.0	0.0
-lon	0.0284372441725	0.662630875953	0.0243747807193	0.284557099155
-120	0.4	0.51724137931	0.0	0.0827586206897
-you	0.16540511132	0.0895578119125	0.022679766825	0.722357309942
-yon	0.392621750783	0.284468717406	0.103217906202	0.219691625608
-iem	0.0	0.986842105263	0.0131578947368	0.0
-lok	0.0159098442161	0.721909181306	0.131919124959	0.130261849519
-pee	0.531754020179	0.357526301915	0.0783665252715	0.032353152635
-pel	0.0	0.694444444444	0.305555555556	0.0
-pem	0.314074307305	0.581234256927	0.0787153652393	0.025976070529
-pen	0.0126582278481	0.620253164557	0.367088607595	0.0
-ros	0.418004137242	0.348740994365	0.0312433126471	0.202011555746
-pei	1.0	0.0	0.0	0.0
-pet	0.608695652174	0.179183135705	0.0592885375494	0.152832674572
-iyo	0.0591397849462	0.897849462366	0.0430107526882	0.0
-eli	0.0379746835443	0.962025316456	0.0	0.0
-ogo	0.0608519269777	0.795131845842	0.131845841785	0.0121703853955
-v—i	0.4	0.0	0.5	0.1
-ela	0.0	0.991935483871	0.0	0.00806451612904
-oge	0.0	1.0	0.0	0.0
-its	0.243481836792	0.513264528709	0.124781367663	0.118472266836
-est	0.833333333333	0.0	0.0	0.166666666667
-san	0.167783554793	0.164322078936	0.115124695986	0.552769670286
-esi	0.0	1.0	0.0	0.0
-uta	0.0494505494506	0.950549450549	0.0	0.0
-eso	0.0	1.0	0.0	0.0
-iti	0.0	1.0	0.0	0.0
-esa	0.429021005536	0.315424281489	0.0762114203382	0.179343292637
-nem	0.283792766754	0.461731196751	0.089143313521	0.165332722974
-ita	0.0230388849453	0.946499463083	0.00646346874574	0.0239981832263
-spa	0.0540540540541	0.876447876448	0.0694980694981	0.0
-faa	0.0376982328953	0.915903942003	0.0360670593566	0.0103307657454
-fag	0.575241674762	0.348672580465	0.0334442834164	0.042641461356
-fan	0.147767049617	0.630659531786	0.01314015	0.208433268597
-fas	0.430393502631	0.501830244795	0.0301227789217	0.0376534736521
-uda	0.04914004914	0.92628992629	0.004914004914	0.019656019656
-fat	0.0296662546354	0.970333745365	0.0	0.0
-fau	0.294525294525	0.641025641026	0.0540540540541	0.010395010395
-rim	0.0	1.0	0.0	0.0
-uto	0.0504201680672	0.932773109244	0.0168067226891	0.0
-ait	0.0	1.0	0.0	0.0
-lot	0.0575185138697	0.920453119116	0.0220283670139	0.0
-var	0.289855072464	0.144927536232	0.420289855073	0.144927536232
-vas	0.0344827586207	0.965517241379	0.0	0.0
-kof	0.464194817214	0.472061545581	0.0390444238778	0.0246992133272
-vau	0.316426101443	0.641644150135	0.028489829061	0.0134399193605
-bub	0.698408416509	0.296735905045	0.00485567844618	0.0
-koo	0.825817640458	0.0930390470686	0.0413657058315	0.0397776066418
-kon	0.126278164294	0.833163245352	0.0302032055828	0.0103553847712
-sop	0.0	0.878923766816	0.121076233184	0.0
-kok	0.478857500447	0.300107276953	0.157339531557	0.0636956910424
-som	0.267094424097	0.175848576047	0.143746814042	0.413310185815
-kot	0.202631840549	0.132300313137	0.0869203240718	0.578147522243
-soo	0.506257666048	0.387475984239	0.0675806224017	0.0386857273112
-vaa	0.472327892225	0.170871030552	0.0703026997944	0.286498377429
-oro	0.0651982378855	0.912599118943	0.00211453744494	0.0200881057268
-sok	0.225122954496	0.0640762930828	0.200378682706	0.510422069716
-kor	0.0899410332214	0.889990133012	0.0149660299057	0.00510280386139
-sog	0.607288135593	0.249322033898	0.0915254237288	0.0518644067796
-ora	0.124105983971	0.158521528716	0.0517181191848	0.665654368127
-van	0.604536980722	0.358706844129	0.0206753485215	0.0160808266279
-ris	0.0586797066014	0.926650366748	0.0073349633252	0.00733496332518
-tan	0.0282935426349	0.066629616462	0.00831141261483	0.896765428288
-rus	0.38068280479	0.557842510844	0.0453663446123	0.0161083397536
-rup	0.0734991287819	0.800781456254	0.113786366756	0.0119330482074
-lip	0.0111517015959	0.988848298404	0.0	0.0
-rut	0.0	1.0	0.0	0.0
-ruu	0.327847328573	0.159277364131	0.0907410074691	0.422134299826
-ruk	0.39138790463	0.497732868897	0.0644255600264	0.0464536664465
-omi	0.0499335091531	0.0375193975422	0.0141513143617	0.898395778943
-lio	0.0287356321839	0.971264367816	0.0	0.0
-run	0.109167258411	0.794861826065	0.0824089680035	0.0135619475203
-oma	0.197081556056	0.408643917882	0.0624343524753	0.331840173587
-rua	0.72954303932	0.229011689692	0.0223166843783	0.01912858661
-ruf	0.114784612657	0.640134727885	0.155114341429	0.0899663180287
-lia	0.0	1.0	0.0	0.0
-ome	0.0	0.962962962963	0.037037037037	0.0
-eas	0.111111111111	0.888888888889	0.0	0.0
-144	0.0688095940234	0.151381106851	0.0	0.779809299125
-oda	0.0275380943639	0.950431430145	0.0	0.0220304754911
-kek	0.38418079096	0.361581920904	0.249394673123	0.0048426150121
-rni	0.0	1.0	0.0	0.0
-uri	0.0519861804963	0.0397230150007	0.00741121911499	0.900879585388
-ipa	0.0443786982249	0.930473372781	0.0103550295858	0.0147928994083
-tua	0.390616988549	0.492138096052	0.0454623141343	0.0717826012647
-ura	0.0314653535584	0.0758734334772	0.0173550448961	0.875306168068
-uru	0.00630535955562	0.972076264825	0.0108091878096	0.0108091878096
-dup	0.577926015767	0.286234081261	0.0745906610067	0.0612492419648
-pai	0.0731994599099	0.865130665441	0.0402194834669	0.0214503911824
-pak	0.0767352633415	0.902336937565	0.0	0.0209277990931
-was	0.702052527036	0.162215846391	0.0761421319796	0.0595894945928
-pam	0.205017375819	0.728176489912	0.0530092152354	0.0137969190339
-pan	0.0543389279987	0.425883304178	0.0518262627996	0.467951505023
-ape	0.0192761240991	0.970544453669	0.00615392344018	0.00402549879169
-paa	0.0713353077928	0.891131765594	0.0285250242258	0.00900790238709
-kob	0.375478927203	0.624521072797	0.0	0.0
-pad	0.0	0.918918918919	0.0810810810811	0.0
-paf	0.29347826087	0.453804347826	0.0570652173913	0.195652173913
-aiv	0.0778873555121	0.746397809868	0.165820819058	0.00989401556146
-dua	0.0	1.0	0.0	0.0
-eda	0.0	1.0	0.0	0.0
-waa	0.317142857143	0.648571428572	0.0171428571428	0.0171428571429
-wan	0.459127228027	0.263880352387	0.125384142594	0.151608276992
-par	0.30303030303	0.636363636364	0.030303030303	0.030303030303
-pas	0.26175536368	0.418685057207	0.0155739588634	0.30398562025
-pat	0.565232739926	0.231428715518	0.11982449947	0.0835140450855
-pau	0.584301105359	0.325031481741	0.0319014971317	0.0587659157689
-nun	0.283666389039	0.611528872034	0.0428335721296	0.0619711667981
-kee	0.0506046916092	0.594834473755	0.275842425466	0.0787184091698
-ini	0.085635359116	0.872928176796	0.0414364640884	0.0
-kem	0.0	1.0	0.0	0.0
-kel	0.0484030293052	0.923938096806	0.0276588738887	0.0
-sus	0.193251885629	0.737488886977	0.0647423212596	0.0045169061344
-sur	0.187613843352	0.440801457195	0.136612021858	0.234972677596
-kei	0.620149306394	0.220883422343	0.0276059798181	0.131361291445
-nua	0.46	0.52	0.0	0.02
-sun	0.313465054827	0.189149709635	0.0793501069269	0.41803512861
-sum	0.328470176731	0.407676730486	0.0700018409425	0.193851251841
-suk	0.343375151973	0.449779687206	0.0177577934549	0.189087367365
-sos	0.476462740614	0.425195349724	0.0251572327044	0.0731846769583
-sui	0.246026831785	0.538286893705	0.19298245614	0.0227038183694
-kep	0.0694822888283	0.865122615804	0.0653950953678	0.0
-sug	0.838834951456	0.00970873786409	0.0233009708738	0.128155339806
-suf	0.757094030681	0.181503855019	0.0518639217868	0.00953819251252
-sue	0.912681597831	0.0179107679153	0.000840817576997	0.068566816677
-nuu	0.0777942509581	0.365430886092	0.0517925591293	0.504982303821
-nus	0.0426778242678	0.912133891213	0.0	0.0451882845188
-sua	0.414250961525	0.322856528108	0.22827771646	0.0346147939066
-oup	0.649874055416	0.259445843829	0.0151133501259	0.0755667506297
-kou	0.0	0.963636363636	0.0363636363636	0.0
-fet	0.0	1.0	0.0	0.0
-dia	0.0270481373698	0.958716000857	0.0109603537549	0.00327550801869
-sol	0.0618224057821	0.900619514713	0.0152297367062	0.0223283427981
-ori	0.269416326219	0.137241650369	0.0675911730703	0.525750850342
-dis	0.0590066768819	0.3819246168	0.52403349192	0.0350352143986
-fen	0.291005291005	0.442680776014	0.100529100529	0.165784832452
-see	0.165810483446	0.137934455134	0.4910720992	0.205182962219
-kop	0.310163465588	0.530974231398	0.117008321825	0.0418539811886
-vee	0.284966342558	0.511593118923	0.198952879581	0.00448765893794
-kos	0.191394658754	0.759643916914	0.00890207715132	0.040059347181
-'on	0.266666666667	0.55	0.0833333333333	0.1
-ven	0.0201283762103	0.928482337031	0.0320818089408	0.0193074778179
-vem	0.166512274201	0.667207040297	0.113478462251	0.0528022232515
-'og	0.152941176471	0.0	0.0	0.847058823529
-'of	0.520547945205	0.0547945205479	0.219178082192	0.205479452055
-vev	0.842105263158	0.122807017544	0.0	0.0350877192982
-vet	0.329759210966	0.554472727617	0.0812533598761	0.0345147015403
-ver	0.16462585034	0.651700680272	0.103628117914	0.0800453514739
-ves	0.100819417073	0.310444974588	0.586868582097	0.00186702624209
-uke	0.219047619048	0.72380952381	0.0	0.0571428571428
-nna	0.0833333333333	0.854166666667	0.0625	0.0
-tiu	0.048128342246	0.945454545455	0.0	0.00641711229948
-sof	0.729582777011	0.0725325608937	0.0124067075517	0.185477954544
-ais	0.01729510243	0.937023502851	0.0152432738605	0.0304381208587
-tis	0.171428571429	0.828571428571	0.0	0.0
-nga	0.0785337242069	0.894467654931	0.01273519852	0.0142634223424
-aif	0.376124284546	0.38039429454	0.216226037976	0.0272553829382
-aia	0.0239613813126	0.953038377376	0.0118397413545	0.011160499957
-jip	0.0173474533535	0.913464447806	0.0669692385275	0.00221886031266
-aim	0.0	1.0	0.0	0.0
-ail	0.0	0.75	0.0	0.25
-tin	0.0	0.962025316456	0.0379746835443	0.0
-ain	0.0929807497732	0.624147317436	0.066683856312	0.216188076479
-aii	0.0698808219387	0.176805858221	0.653199895634	0.100113424206
-tik	0.0	0.896407394489	0.0	0.103592605511
-eme	0.0540448585412	0.924886806773	0.0155722473763	0.00549608730928
-uwa	0.181555344518	0.349266645563	0.0797720797721	0.389405930147
-emo	0.0344827586207	0.931034482759	0.0344827586207	0.0
-260	0.581196581197	0.0	0.0	0.418803418803
-vur	0.25	0.527027027027	0.0912162162162	0.131756756757
-oni	0.0777957753233	0.84101632956	0.0394916599692	0.041696235147
-iom	0.219487179487	0.657435897436	0.036923076923	0.0861538461539
-set	0.0	1.0	0.0	0.0
-son	0.189587849708	0.791103221975	0.0133458769252	0.00596305139211
-ser	0.189429971906	0.0212982577449	0.00406753956425	0.785204230785
-fos	0.187755102041	0.775510204082	0.0285714285714	0.00816326530611
-liv	0.0132231404959	0.971900826446	0.0148760330579	0.0
-ane	0.161332700617	0.426321533016	0.029278067048	0.38306769932
-ets	0.507489471111	0.302966484687	0.103686044619	0.0858579995832
-000	0.126188468584	0.187247404995	0.0366353618468	0.649928764574
-doa	0.158759124088	0.837591240876	0.0	0.00364963503651
-bui	0.467923750498	0.0405199863536	0.467923750498	0.0236325126514
-jel	0.0	1.0	0.0	0.0
-kus	0.0789473684211	0.921052631579	0.0	0.0
-lis	0.0326403730328	0.839129590053	0.0	0.128230036915
-eto	0.110957306085	0.713995420226	0.107004040032	0.0680432336562
-buk	0.165052255927	0.803594188121	0.00331379046648	0.0280397654856
-atu	0.148293963255	0.851706036745	0.0	0.0
-ats	0.478188359369	0.339498446445	0.0447058205553	0.13760737363
-bul	0.0755572346052	0.852285606347	0.013978088402	0.058179070646
-lim	0.0	0.966666666667	0.0333333333333	0.0
-uya	0.0720562390158	0.927943760984	0.0	0.0
-'an	0.20213713268	0.204808548531	0.571682991986	0.0213713268032
-oof	0.350795953687	0.547862993026	0.101341053287	0.0
-jes	0.0506329113924	0.924050632911	0.0253164556962	0.0
-bue	0.166265060241	0.812048192771	0.021686746988	0.0
-300	0.210526315789	0.41052631579	0.168421052632	0.210526315789
-iam	0.105191123277	0.85599765373	0.0161306090527	0.0226806139408
-'au	0.0612691466083	0.938730853392	0.0	0.0
-'as	0.134949049848	0.69567612228	0.0541632240888	0.115211603782
-'ar	0.438256658596	0.561743341404	0.0	0.0
-ata	0.0936954200985	0.558320636351	0.115344688034	0.232639255517
-ato	0.650005286223	0.0825321704418	0.0653946426746	0.202067900661
-ano	0.305276189255	0.645539231951	0.0222501665974	0.0269344121969
-wee	0.76923076923	0.23076923077	0.0	0.0
-buu	0.237861915367	0.735412026726	0.00801781737194	0.0187082405345
-nir	0.285807295684	0.671321609963	0.0257226566116	0.017148437741
-nis	0.451769565703	0.276934241375	0.106453053478	0.164843139444
-kai	0.17696969697	0.77696969697	0.0290909090909	0.0169696969697
-edi	0.00505617977528	0.994943820225	0.0	0.0
-osa	0.0	1.0	0.0	0.0
-kan	0.0846777418292	0.078011373149	0.0521911128012	0.785119772221
-nit	0.0	0.5	0.0714285714286	0.428571428571
-'ak	0.22602739726	0.041095890411	0.732876712329	0.0
-kaa	0.548071257155	0.050337780615	0.0141894187464	0.387401543483
-osi	0.1330472103	0.435622317597	0.296137339056	0.135193133047
-am—	0.213068181818	0.673295454545	0.0	0.113636363636
-men	0.31704873284	0.0826108340205	0.0551918164051	0.545148616735
-kad	0.127236741124	0.867673789231	0.0	0.00508946964495
-nia	0.0224677246873	0.087157877393	0.00890108972189	0.881473308198
-nif	0.112716763006	0.453757225434	0.398843930636	0.0346820809248
-ibi	0.189189189189	0.810810810811	0.0	0.0
-kas	0.186623853804	0.768120939153	0.0216578490846	0.0235973579579
-nik	0.60043089808	0.251927987134	0.0228887511325	0.124752363654
-ave	0.0904323332654	0.793895817505	0.0483572077164	0.0673146415136
-nin	0.400489351731	0.30127389698	0.0715768203093	0.226659930979
-kau	0.121295185883	0.856090457427	0.00616755182457	0.0164468048655
-kat	0.478695657258	0.114128110846	0.0191937719144	0.387982459982
-nen	0.262228169223	0.300779405615	0.138473498186	0.298518926977
-fis	0.0715369278421	0.0801818255941	0.144692166467	0.703589080097
-wei	0.074074074074	0.740740740741	0.0740740740741	0.111111111111
-fik	0.333333333333	0.666666666667	0.0	0.0
-oor	0.315899819292	0.504961713426	0.108083334571	0.0710551327111
-fin	0.394199106861	0.156975957418	0.0405972303667	0.408227705354
-fio	0.651329551027	0.237590990659	0.0959322594535	0.0151471988611
-iei	0.453516090584	0.3873659118	0.0744934445769	0.0846245530393
-fia	0.0	1.0	0.0	0.0
-fig	0.0278422273781	0.916473317865	0.0517069937024	0.00397746105403
-fus	0.463999331774	0.288590043435	0.0928833945874	0.154527230204
-vin	0.137791741472	0.772441651706	0.00538599640934	0.0843806104129
-vio	0.0156335625291	0.843664374709	0.0234503437936	0.117251718968
-via	0.405304669841	0.103003414611	0.404523156832	0.0871687587169
