-hey	0.513017510339	0.325945498153	0.0341388133589	0.12689817815
-yto	0.446076924307	0.34200448189	0.032853570851	0.179065022951
-ysē	0.294984898588	0.570893072451	0.124094213712	0.0100278152494
-her	0.449388646288	0.326004366812	0.171419213974	0.0531877729257
-yet	0.28146834837	0.509852327304	0.132486497	0.0761928273262
-hee	0.50720934631	0.320055462997	0.111513872375	0.0612213183184
-rbo	0.0	1.0	0.0	0.0
-umē	0.327792528092	0.467982031181	0.0951290407822	0.109096399945
-oyo	0.309715184344	0.453520880657	0.11008212476	0.126681810239
-tyō	0.1378894111	0.196901404833	0.19922567224	0.465983511827
-bte	0.598300970874	0.382281553398	0.0194174757282	0.0
-otē	0.460520439125	0.326448162763	0.0944730773648	0.118558320747
-umā	0.555819477435	0.206650831354	0.128266033254	0.109263657957
-lto	0.198048490606	0.374185334834	0.07039140798	0.35737476658
-bto	0.29651493812	0.457463066735	0.127356087621	0.118665907524
-ērē	0.200882886568	0.0626737909935	0.0288339893711	0.707609333068
-nti	0.203134898739	0.553859358715	0.187453593008	0.0555521495378
-ako	0.0236220472441	0.976377952756	0.0	0.0
-nto	0.131543147263	0.0734421616435	0.0154008593364	0.779613831757
-nta	0.118280649131	0.597049072794	0.15184063928	0.132829638795
-hōō	0.622977369939	0.0832948634126	0.0419847833186	0.25174298333
-ubē	0.464627564314	0.239184732375	0.0846967620865	0.211490941224
-nte	0.517380168313	0.338419319429	0.0534577387487	0.090742773509
-ysō	0.234814143246	0.519794499849	0.198851616803	0.0465397401027
-sān	0.40049958368	0.549542048293	0.0	0.0499583680266
-ntō	0.119847212798	0.72288516455	0.0944851195843	0.0627825030672
-uyē	0.401408169519	0.249382434538	0.171041218977	0.178168176966
-ryē	0.369196350284	0.484017876596	0.119258790832	0.0275269822881
-lēē	0.118389561209	0.052527459992	0.01384655555	0.815236423249
-ērō	0.0329488443261	0.788675719813	0.00276596683782	0.175609469023
-āmē	0.489906867788	0.1878882832	0.0954994941752	0.226705354837
-rār	0.557967667436	0.243879907621	0.080831408776	0.117321016166
-rān	0.219155844156	0.478896103896	0.301948051948	0.0
-'in	0.0892557708832	0.820645871743	0.0735803251883	0.0165180321851
-rāk	0.089485458613	0.850857568978	0.0	0.0596569724086
-tyē	0.568957128689	0.281811972529	0.0198123093621	0.12941858942
-āmā	0.26450752622	0.161371387543	0.0264122881247	0.547708798113
-mbo	0.0821579559034	0.130940710931	0.00829641770326	0.778604915462
-ātu	0.379805465493	0.48785813538	0.0588896976113	0.0734467015153
-imu	0.00722021660649	0.992779783394	0.0	0.0
-oku	0.484201809935	0.273421107922	0.0756658912157	0.166711190927
-rya	0.0065976714101	0.903363518758	0.0760672703751	0.0139715394567
-mso	0.240935672515	0.597660818713	0.0	0.161403508772
-400	0.0	0.653153153153	0.0	0.346846846847
-ima	0.310220729367	0.448056621881	0.0509836852207	0.190738963532
-oko	0.376862046632	0.470126295337	0.104436528497	0.0485751295337
-ime	0.710388372647	0.11436740529	0.0605194186324	0.114724803431
-kim	0.106145251397	0.851290236765	0.0303272146847	0.0122372971535
-'to	0.590517184986	0.236625541324	0.0679287742206	0.10492849947
-'ta	0.304046113666	0.557984772014	0.0311271782307	0.106841936089
-'te	0.534976043806	0.257604380561	0.0599863107461	0.147433264887
-āti	0.865010799136	0.134989200864	0.0	0.0
-obu	0.328859060403	0.39932885906	0.234899328859	0.0369127516779
-kis	0.0849225598833	0.79309142214	0.067611483648	0.0543745343289
-ech	0.46354653234	0.328993296863	0.0954657990685	0.111994371728
-bir	0.689067591402	0.242324594183	0.0343786433888	0.0342291710262
-lāb	0.425266903915	0.494661921708	0.0	0.0800711743772
-ōri	0.302921348315	0.526741573034	0.087191011236	0.0831460674157
-oba	0.00231541034217	0.983792127605	0.00617442757911	0.00771803447388
-obe	0.446742302958	0.409252004777	0.010162480028	0.133843212237
-lāt	0.390173410405	0.49710982659	0.0780346820809	0.0346820809249
-tab	0.501027162748	0.358593928327	0.0171193791372	0.123259529788
-ōru	0.364007739975	0.197748645132	0.0436843165115	0.394559298381
-onē	0.324565820826	0.354979857034	0.254027057899	0.0664272642413
-lkō	0.0291262135922	0.970873786408	0.0	0.0
-bil	0.723172628305	0.107309486781	0.0435458786936	0.125972006221
-isē	0.489012649484	0.322367568968	0.0742563571212	0.114363424427
-bik	0.0859781079924	0.751727511772	0.160826759616	0.00146762062007
-bii	0.756987646971	0.139872004763	0.0468819764846	0.0562583717815
-eem	0.61959125561	0.228528682045	0.0758893707116	0.0759906916337
-uta	0.0700840648758	0.862051999016	0.000720041762422	0.0671438943459
-tet	0.460557768924	0.387250996016	0.0191235059761	0.133067729084
-rin	0.104519358163	0.811202708671	0.0331223318121	0.0511556013543
-uti	0.00709871388007	0.969338328283	0.00262473454389	0.0209382232933
-rik	0.0540594855305	0.873747835766	0.0276712837002	0.0445213950037
-rii	0.424811302497	0.404877104703	0.147087284691	0.0232243081091
-iyō	0.0401598411566	0.943601614376	0.0104764803017	0.00576206416594
-rit	0.143835616438	0.842465753425	0.0	0.013698630137
-rir	0.190841660657	0.556248068404	0.107654270114	0.145256000824
-tee	0.452290534012	0.209149076827	0.0533511216669	0.285209267494
-utu	0.363381775809	0.141303989359	0.0663125089318	0.429001725901
-tek	0.236051502146	0.603719599428	0.0429184549356	0.117310443491
-aku	0.159045153868	0.686511360368	0.0865688812194	0.0678746045441
-ten	0.0	1.0	0.0	0.0
-lyō	0.0525925925926	0.857407407407	0.03	0.06
-g'u	0.203925920788	0.626551987237	0.0911424013318	0.078379690643
-ara	0.361416320596	0.0884702936275	0.0182765308023	0.531836854974
-aro	0.0704984656216	0.865306460977	0.0029858173675	0.0612092560339
-ōwē	0.028901734104	0.936416184971	0.0	0.0346820809249
-ari	0.0231447465099	0.941623806025	0.0352314474651	0.0
-mee	0.471354356242	0.326918368022	0.13000231627	0.0717249594653
-aru	0.725920679887	0.274079320113	0.0	0.0
-ram	0.621246634914	0.205839718368	0.0445226755022	0.128390971216
-eya	0.051819642011	0.896681655625	0.0120564308786	0.0394422714857
-āyo	0.807361705951	0.104585342478	0.0849082033005	0.00314474827039
-lwo	0.222642018621	0.653892861962	0.115369046013	0.0080960734044
-rak	0.0750938427922	0.596566469295	0.0647002883281	0.263639399585
-nwa	0.169592088999	0.787144622991	0.0173053152039	0.025957972806
-aya	0.0570640664057	0.894021274139	0.0226507361598	0.0262639232952
-tya	0.0519540229885	0.931647509579	0.0163984674329	0.0
-lēt	0.189432142074	0.211192720895	0.234268800702	0.36510633633
-ayo	0.0231792957816	0.96793203359	0.00309384668271	0.00579482394539
-tyo	0.310924108607	0.143955830276	0.0490264465955	0.496093614522
-āmu	0.393143339158	0.307194071218	0.217117551365	0.08254503826
-tyi	0.63631992981	0.175740615195	0.0526155603035	0.135323894691
-nwo	0.275613275613	0.559884559885	0.025974025974	0.138528138528
-g'o	0.0645161290322	0.858064516129	0.0	0.0774193548387
-ufō	0.0	1.0	0.0	0.0
-**f	0.247987117552	0.499194847021	0.0917874396135	0.161030595813
-bēk	0.337535880475	0.12442820481	0.280433548723	0.257602365993
-ubu	0.267782426778	0.279827564346	0.347787498415	0.10460251046
-ubo	0.0545080875441	0.12037748477	0.0207554979228	0.804358929763
-āmō	0.0	0.953488372093	0.046511627907	0.0
-ntē	0.299239589524	0.104018861181	0.0482034290544	0.54853812024
-rbō	0.0	1.0	0.0	0.0
-umu	0.393168117884	0.249162759545	0.0448760884126	0.312793034159
-ēro	0.088532444537	0.751848765754	0.0242162274763	0.135402562233
-btē	0.36560721366	0.448615463324	0.0252605998593	0.160516723157
-ēri	0.0401671150341	0.177615511449	0.550512626607	0.23170474691
-oti	0.0299079754601	0.81786809816	0.0318251533743	0.120398773006
-nsē	0.269887457743	0.702404895374	0.0142282511019	0.0134793957807
-ume	0.43561037282	0.187275874072	0.249553233332	0.127560519776
-oyē	0.512060919165	0.144115732613	0.025093141952	0.318730206271
-otu	0.17843866171	0.598513011152	0.100371747212	0.122676579926
-ryō	0.0789645968676	0.869668127109	0.0453240670796	0.00604320894395
-ēru	0.423689565645	0.346689121231	0.118120365822	0.111500947302
-rbē	0.0155520995334	0.984447900467	0.0	0.0
-two	0.110701107011	0.121771217712	0.767527675277	0.0
ALL	0.218399381084	0.281553475889	0.0522812070413	0.447765935986
-ōku	0.0153038472453	0.0904852637126	0.000810799854058	0.893400089188
-nan	0.055924299943	0.350000401294	0.544876682424	0.0491986163391
-hōb	0.461744956074	0.325105590758	0.117031446444	0.0961180067246
-nam	0.597486700448	0.154140270149	0.0309542481442	0.217418781258
-kik	0.112725857034	0.532625771528	0.036802097602	0.317846273837
-sir	0.449816601449	0.452961743634	0.0305528097965	0.0666688451201
-ake	0.0683885070357	0.0612203974751	0.049772149926	0.820618945563
-naa	0.183701735647	0.540832599289	0.0424838518665	0.232981813198
-kin	0.0550879877582	0.926549349656	0.0	0.0183626625861
-aka	0.0172749501902	0.973691360261	0.00332820141279	0.00570548813621
-twa	0.369863013699	0.547945205479	0.082191780822	0.0
-sik	0.113594040968	0.864059590317	0.0148975791434	0.0074487895717
-kir	0.52072825354	0.3591908294	0.0385165205664	0.0815643964936
-sii	0.375236793641	0.335599191731	0.0930006559849	0.196163358643
-sin	0.151295013926	0.0412510110542	0.172551647818	0.634902327202
-sim	0.0484359233098	0.939455095863	0.00908173562059	0.00302724520686
-kit	0.108054563517	0.178017732434	0.176282835714	0.537644868335
-kes	0.569213688092	0.353067131924	0.0674094928427	0.0103096871407
-kiy	0.211020968634	0.387770243197	0.00812762626719	0.393081161902
-eer	0.271152058662	0.379112281339	0.147110957126	0.202624702873
-nat	0.0906344410876	0.368580060423	0.09667673716	0.444108761329
-g'ē	0.709990218691	0.138013065897	0.0478438854741	0.104152829938
-mos	0.148915047511	0.306764997873	0.00538930648135	0.538930648135
-ōwu	0.653698329281	0.171778178681	0.0498078280649	0.124715663974
-ōrō	0.138753866549	0.816173221388	0.0344675209898	0.0106053910738
-ōmē	0.0713473923475	0.865513322389	0.0252557141053	0.037883571158
-wus	0.46590284283	0.416494420234	0.0523866737262	0.0652160632102
-wuy	0.0788423153693	0.554890219561	0.197604790419	0.168662674651
-lki	0.0	1.0	0.0	0.0
--ām	0.776978417266	0.136690647482	0.0215827338129	0.0647482014388
-yno	0.0479466333125	0.889514279758	0.0625390869293	0.0
-moo	0.278338110505	0.310810635077	0.190215557896	0.220635696522
-yna	0.1829810901	0.600111234705	0.116796440489	0.100111234705
-wuu	0.186776317364	0.0835300370251	0.0978749378002	0.63181870781
-wut	0.383564340731	0.34457245273	0.0314997387559	0.240363467782
-ōnu	0.31261024276	0.356051502034	0.104388629681	0.226949625524
-ber	0.168942380492	0.43290342793	0.330404929118	0.0677492624599
-bes	0.0563965954129	0.909037749334	0.0345656552531	0.0
-yay	0.176781002639	0.534740545295	0.16182937555	0.126649076517
-mfa	0.0	1.0	0.0	0.0
-āwo	0.518879901338	0.341651855345	0.0812506801117	0.058217563205
-!ām	0.151098901099	0.104395604396	0.0	0.744505494506
-utē	0.443996485962	0.307730189021	0.0578201520362	0.190453172981
-yaa	0.10017817699	0.586181956513	0.073365181104	0.240274685392
-mōk	0.0141319084456	0.0176409602042	0.4035728527	0.564654278651
-beb	0.0441176470588	0.691176470588	0.264705882353	0.0
-yal	0.678638941399	0.222117202268	0.0708884688091	0.0283553875236
-ōno	0.48299368201	0.289872742915	0.057600852955	0.169532722119
-imō	0.0786679905292	0.861376307951	0.00458260139005	0.0553731001298
-ōni	0.00933337551808	0.981728730977	0.00110734963774	0.00783054386687
-āch	0.374898125509	0.356153219234	0.214615593589	0.054333061668
-lyo	0.053367158109	0.165850983975	0.539228719718	0.241553138198
-āyē	0.445396241614	0.399142804045	0.110440450046	0.045020504295
-isi	0.220469255663	0.670307443366	0.0	0.109223300971
-lya	0.0129622878438	0.914043828736	0.0527403086645	0.0202535747559
-isa	0.130052724077	0.764499121265	0.0421792618629	0.0632688927944
-ree	0.382927233762	0.442067976125	0.0596137961682	0.115390993944
-ōrē	0.402506089299	0.427891615331	0.0805148252327	0.0890874701367
-āfō	0.0	1.0	0.0	0.0
-rer	0.303148076176	0.533618344345	0.139914496696	0.0233190827827
-obē	0.596530822801	0.196969306165	0.0676683002322	0.138831570802
-isu	0.711224050769	0.148811444552	0.0325373776487	0.10742712703
-ōtu	0.548914929271	0.3337020304	0.0756026361445	0.0417804041851
-ret	0.391833810888	0.578080229226	0.0171919770774	0.012893982808
-may	0.125268432355	0.853256979241	0.0214745884037	0.0
-haa	0.195165981835	0.306113438311	0.0202903527997	0.478430227054
-imē	0.381092834703	0.285006790776	0.204189702715	0.129710671807
-ātē	0.357567991107	0.484989076649	0.0944117215665	0.0630312106779
-ōro	0.154268083648	0.615358244772	0.178950977031	0.0514226945492
-kwa	0.425681964464	0.305287525081	0.0486009223979	0.220429588057
-mas	0.581597895917	0.145259345492	0.20976156599	0.0633811926012
-mar	0.607686148919	0.281825460368	0.0336269015212	0.0768614891913
-ham	0.408727503898	0.24434059364	0.0866105620053	0.260321340457
-okē	0.386174448064	0.553745928339	0.0405356496562	0.0195439739414
-msē	0.657966363515	0.297344592996	0.0227435310614	0.0219455124277
-has	0.111752988048	0.693824701195	0.141235059761	0.053187250996
-ony	0.41393851445	0.410635801226	0.118268146986	0.0571575373377
-man	0.28977292097	0.147493018655	0.125017276632	0.437716783743
-maa	0.5918335122	0.216066415272	0.0815685308939	0.110531541634
-nku	0.100484634606	0.0210773024734	0.005078040398	0.873360022522
-uni	0.129290849253	0.656143705529	0.0550662817849	0.159499163434
-hii	0.11792095814	0.376434326907	0.0169751603053	0.488669554648
-ēwo	0.0	0.731306491372	0.24404272802	0.024650780608
-rēb	0.330350997935	0.587061252581	0.0619408121129	0.020646937371
-ōny	0.027637033625	0.185628742515	0.78673422386	0.0
-ōsē	0.12027972028	0.798601398601	0.0615384615385	0.0195804195804
-nke	0.0778770596931	0.0512130710566	0.0311618877729	0.839747981477
-luu	0.65	0.285714285714	0.0642857142857	0.0
-uny	0.516048216921	0.339120546146	0.0383939027422	0.106437334191
-nko	0.157790927022	0.435897435897	0.199211045365	0.207100591716
-nki	0.469848788486	0.243395882674	0.153033339406	0.133721989433
-hak	0.540178571429	0.392857142857	0.0133928571429	0.0535714285714
-tra	0.0172413793103	0.979310344828	0.0	0.00344827586207
-ika	0.0	1.0	0.0	0.0
-ikō	0.0067611075338	0.991629104958	0.000643915003219	0.00096587250483
-olē	0.537898707211	0.230414088422	0.0942920952241	0.137395109142
-tri	0.0	1.0	0.0	0.0
-ibē	0.366341568216	0.299692954286	0.219907393938	0.11405808356
-lal	0.544445756109	0.37232912289	0.0100342344469	0.0731908865541
-144	0.0	0.0940959409594	0.0	0.905904059041
-aat	0.261147951953	0.30441445486	0.20609097429	0.228346618897
-!ma	0.333665338645	0.546812749004	0.0597609561752	0.0597609561753
-iiy	0.25826943226	0.595045479406	0.0839518430087	0.0627332453252
-aaw	0.0	1.0	0.0	0.0
-ini	0.257197398953	0.561012627489	0.0769656251686	0.104824348389
-myē	0.504587155963	0.495412844037	0.0	0.0
-wen	0.40956651719	0.464872944694	0.0	0.125560538117
-ēnt	0.1152368758	0.8847631242	0.0	0.0
-chi	0.557419846098	0.209894833	0.0462567880689	0.186428532833
-see	0.472227750925	0.364106371723	0.0582431447114	0.10542273264
-ēny	0.130600552944	0.338969235427	0.125385513669	0.40504469796
-'ēē	0.57467811991	0.285558054758	0.0481307686341	0.0916330566975
-iny	0.447117452767	0.339773143833	0.0984387809218	0.114670622479
-iki	0.0538116591928	0.932735426009	0.0134529147982	0.0
-hik	0.313088109495	0.440547476476	0.246364414029	0.0
-ēni	0.512980789265	0.340334208443	0.0308371879818	0.11584781431
-ser	0.0	1.0	0.0	0.0
-aam	0.22189005967	0.353462860607	0.224277116113	0.200369963609
-kuu	0.144369704899	0.0311941990313	0.0131078526611	0.811328243409
-oob	0.469356127421	0.13672070958	0.0668236443201	0.32709951868
-kus	0.156246866037	0.144051988688	0.603024650501	0.096676494775
-kur	0.216209349593	0.250254065041	0.276930894309	0.256605691057
-aal	0.552576782204	0.266633949144	0.0846773858144	0.096111882838
-rsi	0.0	1.0	0.0	0.0
-ook	0.377630451944	0.328185674424	0.074722287701	0.219461585931
-oom	0.559455896609	0.2056070148	0.144744931551	0.0901921570395
-lōō	0.118247828235	0.298072252486	0.163661531983	0.420018387296
-kuy	0.743529411765	0.214117647059	0.0423529411765	0.0
-rso	0.378658807946	0.539290682721	0.035935424865	0.0461150844684
-ibō	0.0	0.994995093229	0.000588812561334	0.00441609421001
-oos	0.155719162931	0.317202146929	0.399114349869	0.12796434027
-oor	0.362848366951	0.422774090045	0.0718216391897	0.142555903815
-ikē	0.0336322869955	0.937717987045	0.00186846038864	0.0267812655705
-oot	0.476233175301	0.27220844551	0.137072263141	0.114486116047
-oow	0.603756736335	0.156638919938	0.0272263471109	0.212377996615
-ārē	0.540548081096	0.387706150412	0.0371613243226	0.0345844441689
-ooy	0.470776362538	0.257915465869	0.060464234545	0.210843937049
-kun	0.312578695543	0.493200705112	0.0450138504155	0.14920674893
-ēsē	0.50065618933	0.458573303398	0.0297617110815	0.0110087961908
-nee	0.0931303819512	0.030355209137	0.010942778955	0.865571629957
-rāt	0.13967964412	0.396028355176	0.365160898021	0.0991311026835
-mte	0.501667141397	0.276209305832	0.100405475596	0.121718077174
-ban	0.293983070236	0.448352779684	0.0832189430336	0.174445207046
-uul	0.155841578486	0.269915464394	0.171134471082	0.403108486038
-eka	0.131430505415	0.786213898917	0.072202166065	0.0101534296029
-uun	0.198778546523	0.171523762019	0.0351877883291	0.594509903129
-bak	0.0639992072809	0.0317163275927	0.04097177678	0.863312688346
-uuk	0.150528372863	0.476279599705	0.0713523304498	0.301839696982
-hoo	0.135948305835	0.144753438376	0.0107394060833	0.708558849707
-hol	0.409638554217	0.590361445783	0.0	0.0
-baa	0.313221165112	0.0776585274406	0.00829544921966	0.600824858228
-nēm	0.573220646964	0.212003825833	0.0758790108123	0.138896516392
-kēē	0.471783808334	0.370387192006	0.0993527875553	0.058476212104
-uuy	0.336893339469	0.251421140713	0.310450850166	0.101234669652
-nēk	0.0601810125694	0.872902623441	0.0230178476019	0.0438985163877
-uut	0.150264545947	0.450519322491	0.162892024517	0.236324107045
-uuw	0.690037978382	0.246859479988	0.0297984224365	0.0333041191937
-hoy	0.134088200238	0.790226460072	0.0241358760429	0.0515494636472
-bar	0.48595123352	0.300586171594	0.0632522223332	0.150210372553
-bas	0.715101522843	0.210659898477	0.0304568527919	0.0437817258883
-yyē	0.18073975808	0.163547398981	0.0147991613809	0.640913681558
-uur	0.586230835175	0.197243404451	0.0537882904094	0.162737469965
-yey	0.442148483242	0.14489694355	0.0429306778794	0.370023895328
-wōr	0.461423381064	0.487283607609	0.0512930113272	0.0
-ase	0.282678002125	0.685441020191	0.0	0.0318809776833
-nya	0.0224197741907	0.94355244969	0.0212427390301	0.0127850370897
-'oo	0.101874025925	0.0345535408827	0.0109476565173	0.852624776675
-asa	0.390142927551	0.344504682109	0.0528339083292	0.212518482011
-nye	0.264415781487	0.474582701062	0.114567526555	0.146433990895
-aso	0.027794322017	0.890808020647	0.0	0.0813976573357
-nyi	0.216298604581	0.102606961321	0.0248694419347	0.656224992163
-yēē	0.203037092371	0.0685543282253	0.0115821654289	0.716826413975
-nyo	0.415251001165	0.355044012102	0.0818066992392	0.147898287494
-stē	0.619565217391	0.347826086956	0.0	0.0326086956522
-hēē	0.0967007130794	0.0382524891364	0.0191252313533	0.845921566431
-mba	0.04	0.96	0.0	0.0
-yek	0.142121711751	0.760595883099	0.0594622893387	0.0378201158114
-yem	0.407789277889	0.232195979767	0.168724706016	0.191290036328
-usu	0.865961199295	0.112874779541	0.0	0.021164021164
-kās	0.475935828877	0.231258197962	0.0900010089799	0.202804964181
-lta	0.377623763907	0.370262919438	0.185879072946	0.0662342437086
-yeb	0.555023405452	0.319770958412	0.0693573326492	0.0558483034872
-yee	0.430651216475	0.308907840127	0.105281842805	0.155159100592
-lte	0.792549724761	0.0882003004391	0.0467747745984	0.0724752002019
-kāt	0.286902286902	0.713097713098	0.0	0.0
-ray	0.0656873614191	0.882760532151	0.00914634146341	0.0424057649667
-rat	0.456637637456	0.393285958849	0.060968115611	0.0891082880831
-'āl	0.0754716981132	0.289308176101	0.622641509434	0.0125786163522
-rar	0.5546875	0.0703125	0.015625	0.359375
-ran	0.312673621829	0.370732761282	0.235415766405	0.0811778504845
-ētō	0.0	1.0	0.0	0.0
-'āt	0.0272727272727	0.672727272727	0.218181818182	0.0818181818182
-'ās	0.0983436853002	0.782608695652	0.0879917184265	0.031055900621
-'ār	0.031610082111	0.664933129624	0.290812755421	0.0126440328444
-era	0.0	1.0	0.0	0.0
-iwo	0.75633240805	0.0555170020819	0.00711311589174	0.181037473976
-raa	0.14929345722	0.180942702284	0.642905536198	0.0268583042974
-swa	0.0593975392448	0.940602460755	0.0	0.0
-buy	0.459590024808	0.359272315794	0.0523131827479	0.128824476651
-āsu	0.385591347097	0.36032601289	0.100516209236	0.153566430777
-lso	0.211538461538	0.596153846154	0.0384615384615	0.153846153846
-stō	0.0352822781451	0.872825235594	0.00665725912156	0.0852352271397
-ōyi	0.180465348655	0.588287773892	0.0417529084291	0.189493969024
-bso	0.574423480084	0.170859538784	0.0188679245283	0.235849056604
-ike	0.11214953271	0.88785046729	0.0	0.0
-aay	0.249123978385	0.134208692808	0.128730018817	0.48793730999
-laa	0.83268566494	0.124136442142	0.0431778929188	0.0
-lab	0.591846977019	0.263378582935	0.0269150133158	0.11785942673
-iko	0.0386641558893	0.352495529213	0.0148995416454	0.593940773252
-mtē	0.595735027223	0.296506352087	0.0068058076225	0.100952813067
-nor	0.359064890601	0.350452040871	0.158348044723	0.132135023806
-nos	0.0574712643678	0.942528735632	0.0	0.0
-aas	0.158716323628	0.465857117136	0.0335350577608	0.341891501475
-lak	0.0736481558282	0.210471104355	0.143724645138	0.572156094679
-lat	0.65623412385	0.172195444746	0.109317565693	0.0622528657118
-āru	0.397846204962	0.401725772249	0.09576765594	0.104660366849
-iku	0.274814218209	0.568684708562	0.10956463778	0.0469364354495
-aan	0.164027877179	0.676089894606	0.074380824994	0.0855014032209
-nōs	0.0588235294118	0.941176470588	0.0	0.0
-aak	0.425622928928	0.323637746693	0.0817825995559	0.168956724823
-noo	0.204988951657	0.466500629065	0.0481870234386	0.280323395839
-ēsu	0.0147688257903	0.5493688984	0.00267211092749	0.433190164882
-lay	0.500856546124	0.247811700655	0.208621782085	0.0427099711356
-aab	0.099779666442	0.696803524381	0.0363461758778	0.167070633299
-ēnē	0.34606616599	0.403104071933	0.111926982807	0.138902779271
-ato	0.0362855509314	0.897990931936	0.0208751612174	0.0448483559148
-ēwō	0.0366977570509	0.889240506329	0.00766155896069	0.0664001776594
-'ēt	0.441133082912	0.312572859548	0.0804441374149	0.165849920124
-boo	0.172385250011	0.189831806372	0.0845216281508	0.553261315466
-mto	0.525838791778	0.348500704107	0.0624911179154	0.0631693861995
-'ot	0.450533284296	0.549466715704	0.0	0.0
-bot	0.511065230015	0.245693270534	0.0924253177624	0.150816181689
-mir	0.175483870968	0.532903225807	0.105806451613	0.185806451613
-nkō	0.648	0.0	0.328	0.024
-inē	0.426408621852	0.349204399275	0.0899559816229	0.13443099725
-sar	0.437606837607	0.306666666667	0.0533333333333	0.202393162393
-sat	0.468037442995	0.368082779956	0.0710723524548	0.092807424594
-'us	0.825657894737	0.174342105263	0.0	0.0
-too	0.327581401343	0.381254555874	0.0481912866206	0.242972756162
-lōk	0.0	0.852992649632	0.0	0.147007350368
-tōt	0.313900617083	0.551315362131	0.0665800584605	0.0682039623254
-olu	0.19397242706	0.489686865448	0.174201132842	0.14213957465
-'ut	0.682926829268	0.317073170732	0.0	0.0
-lfa	0.00181840223057	0.961813553158	0.0363680446115	0.0
-oli	0.0	0.836236933798	0.0	0.163763066202
-saa	0.558841331233	0.153294384801	0.0679095283679	0.219954755599
-ibo	0.177151417917	0.0528370164365	0.0290210895789	0.740990476067
-tōm	0.00483091787439	0.995169082126	0.0	0.0
-'ul	0.69696969697	0.272727272727	0.0	0.030303030303
-!mā	0.232558139535	0.293281653747	0.0077519379845	0.466408268734
-ola	0.418776782236	0.403973509934	0.0677834047526	0.109466303078
-san	0.729186304457	0.148472327548	0.00833469173688	0.114006676258
-sam	0.0	1.0	0.0	0.0
-sal	0.0617035546613	0.797451374916	0.0	0.140845070423
-loo	0.111000829782	0.0604947622306	0.0221733909371	0.80633101705
-nkē	0.470731707317	0.275609756098	0.229268292683	0.0243902439025
-fya	0.0	1.0	0.0	0.0
-roy	0.135285913529	0.398884239888	0.0502092050209	0.415620641562
-ābo	0.274301459663	0.210782239111	0.126318064348	0.388598236878
-nkā	0.330526315789	0.130526315789	0.0463157894737	0.492631578947
-ēwē	0.184723726977	0.291982665222	0.0	0.523293607801
-ōst	0.0	1.0	0.0	0.0
-roo	0.261359310672	0.389833790728	0.0395507631729	0.309256135428
-yiy	0.367855251074	0.230651682653	0.298952414705	0.102540651568
-och	0.541368292454	0.297068884503	0.034320082699	0.127242740344
-unē	0.378759374763	0.426712709275	0.137521779753	0.0570061362086
-'tē	0.557590784277	0.318947989376	0.0656084275836	0.0578527987639
-mat	0.19481747683	0.468129373936	0.161528276906	0.175524872328
-ōnō	0.0765726808317	0.153852637442	0.0302699374812	0.739304744245
-āku	0.253972002748	0.170302301615	0.0995147715562	0.476210924081
-wōō	0.0707687288062	0.105776218322	0.582493289097	0.240961763774
-kta	0.573445449268	0.22103126523	0.0806972433381	0.124826042165
-iwē	0.586231022179	0.229343035052	0.0138529350031	0.170573007766
-imā	0.464762393664	0.182861542974	0.034834262247	0.317541801115
-awi	0.0586543156117	0.882460446274	0.0196284127047	0.0392568254094
-ānē	0.479779851318	0.403437102871	0.0708000741531	0.045982971658
-awo	0.227628149435	0.754126846221	0.0	0.018245004344
-awa	0.115034168565	0.847380410023	0.0375854214123	0.0
-rwa	0.163043478261	0.736714975845	0.042270531401	0.0579710144927
-ibu	0.386938385825	0.418796813021	0.0643533409863	0.129911460168
-ita	0.168184526343	0.57885777513	0.0627287428718	0.190228955656
-awu	0.210061782877	0.691085613416	0.0211827007944	0.0776699029126
-aar	0.219850521496	0.713882405613	0.0314343807302	0.0348326921605
-ālu	0.192425793245	0.562947799386	0.103377686796	0.141248720573
-nān	0.0997438444247	0.685137748968	0.175335877464	0.0397825291442
-yēy	0.391304347826	0.534161490683	0.0	0.0745341614907
-ltē	0.162007623888	0.692662007624	0.0238246505718	0.121505717916
-yēt	0.5427574974	0.320168214151	0.0564271976885	0.0806470907602
-nyē	0.393410945299	0.275941236409	0.107371554604	0.223276263688
-yēm	0.105519480519	0.797077922078	0.0730519480519	0.0243506493506
-sto	0.0957514197126	0.731632641721	0.109687385395	0.0629285531712
-yēk	0.196856370947	0.581738830247	0.0236430113921	0.197761787414
-ste	0.514424917588	0.299684436238	0.0557091729816	0.130181473193
-sta	0.275883840258	0.474748155053	0.0825008726996	0.16686713199
-nāt	0.105834282269	0.516377520263	0.294058543774	0.0837296536942
-āāb	0.496688741722	0.41059602649	0.0132450331126	0.0794701986754
-yyo	0.549404205642	0.177487303355	0.0248185447152	0.248289946287
-sab	0.00415717406111	0.00946520421824	0.0753223571412	0.911055264579
-yye	0.642041858617	0.294673476296	0.0370126429507	0.0262720221362
-ētu	0.438850866427	0.323791891161	0.0729129828795	0.164444259533
-yya	0.227658537405	0.704102727869	0.0305897776358	0.0376489570902
-nēē	0.304326630861	0.258355212997	0.0724265215418	0.364891634601
-kēr	0.268823895457	0.466708151836	0.168014934661	0.096453018046
-kēt	0.600295572363	0.135422546382	0.0402953450976	0.223986536158
-kēy	0.203014755468	0.533087828249	0.107189767798	0.156707648486
-eye	0.325236412095	0.28017174252	0.11439644687	0.280195398515
-ānō	0.168262375229	0.0609900183337	0.00586677531064	0.764880831126
-ibi	0.00586653629919	0.976533854803	0.0	0.0175996088976
-yāt	0.117801908522	0.299440605462	0.318196775255	0.26456071076
-lek	0.210881078479	0.743861338469	0.0115551275879	0.0337024554646
-lel	0.23402264835	0.186719285085	0.574932324451	0.00432574211366
-wēn	0.365443936075	0.482750578827	0.0774174314243	0.0743880536729
-yte	0.437472965829	0.33503147979	0.103851268003	0.123644286378
-lee	0.49469520379	0.360634852072	0.0539896785508	0.0906802655872
-yta	0.202939865166	0.459028044745	0.155628252478	0.182403837611
-mēē	0.481159647405	0.345175318315	0.0862448579824	0.0874201762978
-mut	0.547750768094	0.253468511249	0.0904664605191	0.108314260138
-mur	0.274569210377	0.171179700814	0.018651770498	0.535599318311
-ryo	0.24018596558	0.497769302245	0.178705284218	0.0833394479567
-les	0.131633434495	0.674192358964	0.121507785688	0.0726664208526
-muy	0.401371544935	0.282953513211	0.241318040707	0.074356901147
-fta	0.0	1.0	0.0	0.0
-eel	0.222546803263	0.494464227072	0.0704457852272	0.212543184438
-een	0.068190182057	0.843230410656	0.0252383048426	0.063341102444
-wāl	0.638259389297	0.0769230769231	0.0616022981168	0.223215235663
-eek	0.0685665166727	0.210962130051	0.0283469036369	0.692124449639
-lāk	0.510610079576	0.376657824934	0.0145888594164	0.0981432360743
-eeb	0.627195879379	0.111435501507	0.0200369657041	0.24133165341
-āyu	0.340151008315	0.0621236738985	0.122909299436	0.47481601835
-sbō	0.0100840336134	0.989915966387	0.0	0.0
-eey	0.0770180419246	0.0512145286599	0.0136643709178	0.858103058498
-ali	0.0	1.0	0.0	0.0
-eet	0.156880003759	0.554957866027	0.0736891025429	0.214473027672
-urē	0.543390598201	0.238310443898	0.0809952415155	0.137303716386
-ees	0.265354948444	0.492739371646	0.10756406405	0.13434161586
-ala	0.190686683674	0.515406590564	0.0940501522437	0.199856573518
-rōr	0.334405144695	0.549839228296	0.0771704180064	0.0385852090032
-rōs	0.0226523107253	0.898756492399	0.0707055389164	0.00788565795959
-tēē	0.358586934132	0.24367691561	0.0632795245655	0.334456625693
-ēbē	0.296163599101	0.53088529387	0.0725421209537	0.100408986076
-yot	0.0715137067938	0.749702026222	0.0	0.178784266985
-yoo	0.122663050308	0.0760993587758	0.00924059757975	0.791996993337
-ōto	0.184021911368	0.47815684258	0.015321167347	0.322500078705
-rōk	0.0355977454761	0.854642539306	0.109759715218	0.0
-rōn	0.00923076923077	0.990769230769	0.0	0.0
-ēwu	0.508962773332	0.137570965944	0.0552742491092	0.298192011615
-ōyē	0.539212386402	0.120610344441	0.124761584203	0.215415684954
-cho	0.349565036276	0.437496441837	0.110685597251	0.102252924636
-omē	0.41978495154	0.344394682976	0.0555456361439	0.18027472934
-cha	0.232305579541	0.135047123882	0.0250776212085	0.607569675369
-ōch	0.487938168475	0.348739167773	0.0188929658834	0.144429697869
-wēr	0.455311560249	0.378243233793	0.0550737813833	0.111371424575
-iyo	0.0	1.0	0.0	0.0
-eli	0.0131578947368	0.967105263158	0.0197368421053	0.0
-iyi	0.19569603228	0.232010759919	0.0739744451916	0.498318762609
-ofa	0.0253317249699	0.516284680338	0.282267792521	0.176115802171
-rko	0.0257462204419	0.716210104665	0.0306241116423	0.227419563251
-rka	0.0	0.986531986532	0.0	0.013468013468
-ela	0.123906705539	0.873177842566	0.0	0.00291545189504
-iya	0.0123685126432	0.952287743379	0.00466695622409	0.0306767877535
-chu	0.16729990689	0.257649948722	0.0382338624014	0.536816281987
-syi	0.530164520969	0.30119611012	0.0934989322513	0.0751404366604
-:ma	0.634648370497	0.355060034305	0.0	0.0102915951972
-syo	0.35820407126	0.35866651636	0.233893768067	0.0492356443126
-ōbu	0.148153830418	0.623504142375	0.134243633016	0.0940983941905
-sya	0.0581111308694	0.709594092487	0.0371091373646	0.195185639279
-itu	0.365722007813	0.268966329793	0.21861063816	0.146701024234
-hām	0.571162790698	0.291162790698	0.0762790697674	0.0613953488372
-ito	0.0995516511608	0.483308311011	0.0171902014847	0.399949836343
-tes	0.841835645678	0.122732123799	0.00384204909285	0.0315901814301
-iti	0.0	0.583333333333	0.416666666667	0.0
-esa	0.116861030126	0.875850340136	0.0072886297376	0.0
-ite	0.294429708223	0.411140583554	0.0318302387267	0.262599469496
-ese	0.0	1.0	0.0	0.0
-ōbo	0.156829679595	0.246205733558	0.18718381113	0.409780775717
-ukē	1.0	0.0	0.0	0.0
-ēyi	0.453939393939	0.444242424242	0.101818181818	0.0
-ēyo	0.464181712289	0.492137449039	0.0436808386721	0.0
-ēlē	0.33661458637	0.436091645776	0.106414038361	0.120879729493
-fan	0.0	0.909948542024	0.090051457976	0.0
-mim	0.530332681018	0.369024322058	0.041934582052	0.0587084148728
-666	0.0	0.0	0.0	1.0
-skē	0.145867098866	0.854132901134	0.0	0.0
-220	0.0	0.666666666667	0.128205128205	0.205128205128
-āsē	0.502896003668	0.198716107676	0.0762803132704	0.222107575386
-ēyu	0.155852256444	0.190411166743	0.0252870075355	0.628449569278
-woy	0.269015638674	0.315126751411	0.105864722394	0.30999288752
-abu	0.011650183814	0.0610987417801	0.00621343136747	0.921037643038
-hun	0.773301262778	0.0240529164161	0.0964121066346	0.106233714171
-:ām	0.747899159664	0.0924369747899	0.0	0.159663865546
-hub	0.414414834141	0.384923592993	0.0990029817368	0.101658591129
-uto	0.175793403858	0.758867454885	0.0	0.065339141257
-bēē	0.449359741754	0.386242848405	0.0727801538297	0.091617256011
-aba	0.0175842820497	0.857535934828	0.00449002617056	0.120389756952
-woo	0.467224505427	0.262037967131	0.0604260341612	0.210311493281
-hut	0.180412371134	0.664948453608	0.10824742268	0.0463917525773
-huu	0.16737896421	0.287066868302	0.127030047998	0.418524119491
-huw	0.377658263877	0.378618340003	0.15486962506	0.0888537710601
-hur	0.377358490566	0.622641509434	0.0	0.0
-bta	0.295139833919	0.137623588734	0.00803003392012	0.559206543426
-tub	0.580545774648	0.276408450704	0.113556338028	0.0294894366197
-kōy	0.168100722176	0.651340658048	0.0590389621851	0.121519657592
-kol	0.087684336389	0.0682432133209	0.0132855055135	0.830786944777
-koo	0.0632465699766	0.0403169310626	0.00550609369338	0.890930405267
-kōs	0.0916170634921	0.380059523809	0.429662698413	0.0986607142858
-lyē	0.396224071544	0.430505527264	0.133523785865	0.0397466153273
-oru	0.398739079906	0.14106007741	0.0503935017214	0.409807340962
-som	0.0394088669951	0.0700602079912	0.00656814449917	0.883962780515
-tur	0.535561268209	0.155955441302	0.012853470437	0.295629820051
-tut	0.233178324001	0.683780962323	0.0830407136756	0.0
-oro	0.0	1.0	0.0	0.0
-tuw	0.0598006644518	0.830564784053	0.0	0.109634551495
-ēlō	0.027397260274	0.972602739726	0.0	0.0
-ora	0.0430504305043	0.901214637146	0.0307503075031	0.0249846248462
-koy	0.133999207475	0.0676596011014	0.0332432004024	0.765097991021
-kōb	0.197740112994	0.551789077213	0.171374764595	0.0790960451976
-ukō	0.0	1.0	0.0	0.0
-sob	0.418901313213	0.267262394795	0.0867216036703	0.227114688322
-lsē	0.882352941177	0.0	0.0	0.117647058824
-ōys	0.012	0.988	0.0	0.0
-min	0.247714997923	0.166052139593	0.120144370586	0.466088491899
-rur	0.491691264896	0.43615393025	0.0475565759265	0.0245982289275
-rkē	0.0297397769517	0.925650557621	0.0446096654275	0.0
-iyē	0.623705481182	0.234844657742	0.0372568830513	0.104192978025
-lis	0.318195428685	0.247429883222	0.352729813355	0.081644874738
-lil	0.477552718653	0.368850629344	0.0617575465839	0.0918391054191
-ruk	0.0	1.0	0.0	0.0
-bsē	0.29143578593	0.654204951953	0.021042295013	0.0333169671039
-omo	0.104034810127	0.798570298373	0.020823915009	0.0765709764918
-luk	0.403750774953	0.433508989461	0.148791072536	0.0139491630502
-ich	0.292775467352	0.25796067281	0.111066151295	0.338197708544
-rsē	0.718830890765	0.208914681614	0.0154351563648	0.0568192712561
-oma	0.055445067197	0.670730342399	0.163623214609	0.110201375795
-chē	0.359974354747	0.149611980765	0.0781493186105	0.412264345878
-ōyo	0.185483870968	0.459677419355	0.109447004608	0.245391705069
--ay	0.797202797203	0.118881118881	0.0	0.0839160839161
-tēy	0.359349593496	0.560975609756	0.069918699187	0.00975609756097
-nii	0.204022626948	0.0400406974616	0.00654585530368	0.749390820286
-iik	0.138986564466	0.568729064491	0.0470411998853	0.245243171158
-tēr	0.618705035971	0.357314148681	0.0	0.0239808153477
-ōtē	0.332795615418	0.472860685714	0.06624709975	0.128096599118
-wās	0.604651162791	0.395348837209	0.0	0.0
-tēw	0.0864040660737	0.867852604829	0.015247776366	0.0304955527319
-ēbo	0.0319664078534	0.0166446140021	0.00927440571471	0.94211457243
--am	0.618115321362	0.21613665373	0.0657603478414	0.0999876770661
--al	0.656050955414	0.251592356688	0.0	0.0923566878981
-rna	0.0	1.0	0.0	0.0
-tēm	0.242606516291	0.123750552853	0.0	0.633642930857
-hus	0.274197443109	0.366725731135	0.268371487166	0.090705338589
-ōōy	0.241020123725	0.528609219503	0.0542422121427	0.176128444629
-chō	0.618540183914	0.0574711060024	0.0307015126703	0.293287197413
-kyu	0.740473738414	0.146240988671	0.0308959835221	0.0823892893924
-met	0.016541655505	0.671242968122	0.0088400750067	0.303375301366
-ura	0.0759289176091	0.527665589661	0.0430129240711	0.353392568659
-ōōw	0.260162601626	0.284552845528	0.0975609756098	0.357723577236
-ure	0.115966386555	0.773109243697	0.0201680672269	0.090756302521
-bōl	0.670412517781	0.138833570413	0.0321479374111	0.158605974395
-ōōr	0.414917542281	0.232500714993	0.0616799898183	0.290901752907
-ōōm	0.189399516248	0.301503838469	0.315595751393	0.19350089389
-kya	0.0308320158829	0.953726239935	0.00298540387514	0.0124563403066
-ōōn	0.128217955806	0.699701435626	0.0461230481783	0.12595756039
-rkō	0.00385769395628	0.979425632233	0.0167166738105	0.0
-bōt	0.407476635514	0.519626168224	0.0504672897196	0.0224299065421
-kyi	0.544086730436	0.25830550952	0.0684272587472	0.129180501296
-nyō	0.0909090909091	0.909090909091	0.0	0.0
-kyo	0.29921690661	0.406216872414	0.294566220976	0.0
-uru	0.440252565114	0.446566692976	0.0672454617206	0.0459352801894
-ōōb	0.628865979381	0.371134020619	0.0	0.0
-war	0.403588328076	0.416995268139	0.0867507886435	0.0926656151419
-bya	0.0551425537129	0.918715791194	0.0171554611551	0.00898619393841
-lim	0.0	0.986607142857	0.0133928571428	0.0
-mēn	0.160541323436	0.507830180139	0.0556033312212	0.276025165203
-way	0.0714114927871	0.454594723838	0.473993783375	0.0
-mēl	0.627492331288	0.212806748466	0.159700920245	0.0
-ōki	0.13122406639	0.659362033195	0.0907676348548	0.11864626556
-tāy	0.127366609294	0.468732071142	0.403901319564	0.0
-waa	0.258998892765	0.521060910359	0.069153602289	0.150786594587
-ōtō	0.0697674418604	0.93023255814	0.0	0.0
-wan	0.0559569158019	0.0195717851044	0.187924164806	0.736547134288
-mēy	0.106060606061	0.150776567907	0.728095720436	0.0150671055963
-ytē	0.514707951494	0.283948116686	0.0766931731912	0.124650758629
-tās	0.315972222222	0.637152777778	0.0	0.046875
-nun	0.213403559753	0.72756992372	0.037232110425	0.0217944061024
-kee	0.192459911293	0.150972364381	0.0112589559877	0.645308768338
-num	0.0889398938459	0.614474250466	0.139506527041	0.157079328647
-nuk	0.730566738929	0.179002787241	0.0662743883555	0.0241560854754
-suy	0.901353965184	0.0870406189556	0.0116054158607	0.0
-sen	0.435967302452	0.289736603088	0.230699364214	0.0435967302452
-orē	0.190366425562	0.600985613226	0.189869644702	0.018778316509
-kem	0.121870336594	0.580915271099	0.00248714972641	0.29472724258
-sus	0.641509433962	0.11320754717	0.0754716981132	0.169811320755
-tum	0.76124375347	0.23875624653	0.0	0.0
-sum	0.0207003891051	0.970038910506	0.00599221789883	0.00326848249027
-ket	0.431089941853	0.442409996288	0.0374242236793	0.0890758381789
-suk	0.0134649910233	0.864751645721	0.0287253141831	0.0930580490723
-ker	0.518109111626	0.282017628951	0.0754345195564	0.124438739867
-iit	0.290481087784	0.38656972726	0.0924769700192	0.230472214936
-brō	0.0111856823266	0.938478747204	0.0	0.0503355704698
-syō	0.150093540406	0.642678281523	0.0861255853402	0.121102592731
-soo	0.373397940134	0.292996035492	0.0659283032325	0.267677721142
-itō	0.135133821371	0.49324816986	0.0605671731755	0.311050835594
-ng'	0.226891701074	0.250984862945	0.19603937571	0.326084060272
-kōk	0.0	0.936842105263	0.0631578947368	0.0
-mit	0.393592964824	0.525251256281	0.0128140703518	0.0683417085427
-ōbō	0.00229998357155	0.9814906084	0.000657138163298	0.0155522698647
-uku	0.242509445567	0.502240576399	0.128723310781	0.126526667252
-kor	0.47370633515	0.369034738924	0.101301762099	0.0559571638263
-sko	0.00194216659473	0.998057833405	0.0	0.0
-ēsō	0.0	0.994697023262	0.00106059534752	0.00424238139009
-uka	0.0116666666667	0.908888888889	0.0266666666667	0.0527777777778
-yum	0.112732762959	0.428507521109	0.402393334452	0.0563663814796
-ēyē	0.464094457799	0.189672241187	0.0585238902012	0.287709410812
-afa	0.00470772852099	0.989407610828	0.00117693213025	0.004707728521
-uko	0.0301803657466	0.656552811162	0.0351059447261	0.278160878365
-ēli	0.201842105263	0.560789473684	0.081052631579	0.156315789474
-ilē	0.433114712904	0.311682372157	0.0879105415253	0.167292373414
-tit	0.113741532006	0.537580410367	0.258732301587	0.0899457560404
-efe	0.125874125874	0.874125874126	0.0	0.0
-ōbē	0.382046848755	0.370005048681	0.174565368623	0.073382733941
-efa	0.113468179576	0.812530833744	0.0296003946719	0.0444005920078
-tir	0.387350415183	0.392834165159	0.165771872716	0.0540435469431
-hēy	0.322492732558	0.492793120155	0.0708575581396	0.113856589147
-ona	0.00839007573898	0.974829772783	0.000799054832284	0.0159810966457
