-eut	0.0308808771515	0.934681637365	0.0135736767408	0.0208638087432
-eus	0.0	0.966666666667	0.0333333333333	0.0
-iva	0.59849198869	0.249764373233	0.0339302544769	0.1178133836
-rba	0.0	1.0	0.0	0.0
-eun	0.108578244421	0.795057923755	0.0468714005621	0.0494924312619
-ive	0.199869417433	0.607028899527	0.114882291312	0.0782193917282
-rbe	0.60766510561	0.333460766511	0.00841058969702	0.0504635381822
-cat	0.253472222222	0.652777777778	0.0520833333333	0.0416666666667
-pët	0.68622811169	0.195929957407	0.0766682442025	0.0411736867014
-ecë	0.618851655889	0.135998432295	0.180482069371	0.0646678424456
-aus	0.043956043956	0.945054945055	0.0	0.010989010989
-idë	0.0238758456029	0.976124154397	0.0	0.0
-urt	0.161157024793	0.40041322314	0.343181818182	0.0952479338843
-ufe	0.021978021978	0.956043956044	0.0	0.021978021978
-aud	0.0	1.0	0.0	0.0
-dra	0.107675884978	0.834773210982	0.0445555386115	0.0129953654284
-aum	0.00976205003051	0.984746796827	0.00122025625381	0.00427089688835
-aul	0.0	1.0	0.0	0.0
-aun	0.162515299971	0.782760160243	0.0215581520369	0.0331663877491
-utë	0.263279669407	0.289634540054	0.354178324939	0.0929074655991
-lta	0.051724137931	0.896551724138	0.0344827586207	0.0172413793103
-sve	0.130059320125	0.8293535134	0.0271783692541	0.0134087972205
-içi	0.0869565217391	0.277591973244	0.635451505017	0.0
-qtë	0.0208017638112	0.920910648063	0.0404662088298	0.0178213792964
-'ia	0.157605198816	0.141230214902	0.033779436366	0.667385149916
-rbë	0.0501129999017	0.938095706004	0.0117912940945	0.0
-ivë	0.237232289951	0.481054365733	0.172981878089	0.108731466227
-rpi	0.473525613431	0.239489166308	0.249677141627	0.0373080786339
-ido	0.33793210355	0.327236087428	0.0868082467835	0.248023562238
-eci	0.452042179477	0.320050374841	0.15096788829	0.0769395573928
-idh	0.684743221292	0.182806447582	0.040234911908	0.0922154192178
-idi	0.00116279069768	0.998837209302	0.0	0.0
-rpa	0.175213675214	0.799145299145	0.0	0.025641025641
-eca	0.0515574650913	0.896885069817	0.0451127819549	0.00644468313641
-ide	0.405797101449	0.550724637681	0.0434782608696	0.0
-rpe	0.0382165605095	0.171974522293	0.742038216561	0.0477707006369
-ece	0.377300613497	0.257668711656	0.340490797546	0.0245398773006
-ida	0.0213933077345	0.969281404279	0.00274273176083	0.006582556226
-çin	0.0992199406955	0.849013133724	0.0418117475841	0.00995517799621
-çim	0.260869565217	0.739130434783	0.0	0.0
-ëve	0.0964750758577	0.673250544871	0.0722826478233	0.157991731448
-qje	0.161240310078	0.42480620155	0.0976744186047	0.316279069767
-ut’	0.0517985611511	0.844604316547	0.051798561151	0.0517985611511
-qja	0.108099118576	0.725649980598	0.112589389656	0.0536615111702
-ufë	0.0182119205298	0.976821192053	0.00165562913907	0.00331125827814
-uta	0.46836207475	0.216712518732	0.272428370127	0.0424970363909
-ute	0.780151813326	0.190328928873	0.0	0.0295192578015
-uth	0.523230879199	0.459614010007	0.0171551107934	0.0
-uti	0.690709751875	0.198499711483	0.0259665320254	0.0848240046163
-rpë	0.041055718475	0.338709677419	0.550342130987	0.0698924731183
-utu	0.262972735268	0.554089709763	0.137203166227	0.0457343887422
-aut	0.267613972765	0.657785671995	0.0201302545885	0.0544701006512
-qte	0.739562624254	0.150525418915	0.0281170122125	0.081794944618
-ofë	0.0281030444964	0.224824355972	0.747072599532	0.0
-ufa	0.366218236173	0.518684603886	0.00298953662182	0.112107623318
-ije	0.188287564755	0.610743991847	0.134886975798	0.0660814676004
-ija	0.190769977298	0.567648129213	0.188898324177	0.0526835693118
-ijo	0.485714285714	0.392857142857	0.0785714285714	0.0428571428571
-ëvë	0.352941176471	0.294117647059	0.35294117647	0.0
-ofi	0.801369863014	0.0616438356164	0.123287671233	0.013698630137
-uaj	0.157842005149	0.142321608255	0.0254169359293	0.674419450667
-ijë	0.497364585545	0.257508007062	0.0371883877655	0.207939019628
-oks	0.125	0.875	0.0	0.0
-uar	0.622941027556	0.194898189699	0.105108313042	0.0770524697036
-ipë	0.166914849095	0.755078007144	0.068469152384	0.00953799137688
-gël	0.0832321448284	0.179931559775	0.671928468926	0.0649078264709
-gën	0.237332896841	0.631739270166	0.0477879603883	0.0831398726054
-maj	0.0629921259842	0.913385826772	0.0236220472441	0.0
-gët	0.0736696343904	0.841684246005	0.0463113670872	0.0383347525173
-gës	0.0524715489532	0.877508470159	0.000260620276257	0.0697593606116
-gër	0.0	0.0321285140562	0.953413654618	0.0144578313253
-ade	0.0	0.978773584906	0.0	0.0212264150943
-ada	0.20536756126	0.700116686114	0.0875145857643	0.00700116686114
-ado	0.537931034483	0.386206896552	0.0206896551724	0.0551724137931
-adh	0.0655675272537	0.0860375442327	0.71462574779	0.133769180723
-adi	0.275085845097	0.64097672644	0.0389164441053	0.0450209843571
-foi	0.564516129032	0.387096774194	0.0322580645161	0.016129032258
-fli	0.120535714286	0.77734375	0.0887276785714	0.0133928571429
-sen	0.245168015616	0.617212554196	0.0783143329505	0.0593050972373
-sem	0.672413793103	0.327586206897	0.0	0.0
-lbi	0.0	0.987473903967	0.0125260960334	0.0
-sej	0.624738619913	0.164548817758	0.0521151680875	0.158597394242
-fle	0.577946768061	0.104562737643	0.0304182509506	0.287072243346
-uit	0.0137766859979	0.70701749943	0.0121558994099	0.267049915162
-sea	0.0	1.0	0.0	0.0
-ohe	0.135854341737	0.69070961718	0.104341736695	0.0690943043884
-erë	0.0754422755726	0.237480268369	0.0588959742191	0.628181481839
-oha	0.114897760467	0.795828422078	0.0258289345565	0.0634448828986
-uin	0.0136702062736	0.659912933805	0.00231905284999	0.324097807071
-seu	0.137988551499	0.61332878426	0.213427347511	0.0352553167292
-set	0.359158315619	0.439910416034	0.122482032594	0.0784492357526
-ses	0.0	0.956900974859	0.0323242688558	0.0107747562853
-bli	0.525821596244	0.449139280125	0.018779342723	0.00625978090766
-uja	0.139723253459	0.815727303409	0.0101248734391	0.0344245696929
-ble	0.0567567567567	0.862162162162	0.0243243243243	0.0567567567567
-ozë	0.226666666667	0.60380952381	0.131428571429	0.0380952380953
-bla	0.0285714285714	0.2	0.757142857143	0.0142857142857
-mto	0.133757961783	0.611464968153	0.216560509554	0.0382165605096
-azë	0.150566648678	0.601726929304	0.166216945494	0.0814894765245
-mta	0.186118443065	0.246157849734	0.222967396558	0.344756310643
-ugë	0.0555198285102	0.890460878885	0.00836012861737	0.0456591639871
-'iu	0.724050632911	0.184810126582	0.0303797468354	0.0607594936709
-mte	0.0	0.932258064516	0.0	0.0677419354838
-las	0.702768398674	0.128565361929	0.0514469872236	0.117219252173
-ehë	0.475507648004	0.415142161165	0.0513614532687	0.0579887375615
-bëj	0.619287460879	0.0185103377903	0.00304876151841	0.359153439812
-bël	0.0731507968942	0.292603187577	0.602370249285	0.0318757662444
-zoi	0.61646793503	0.0955711235335	0.0734747246947	0.214486216741
-zoj	0.845863300047	0.0970145392456	0.0273192942516	0.0298028664563
-ra’	0.0	0.981424148607	0.0185758513932	0.0
-dhu	0.697722567288	0.124223602484	0.00621118012422	0.171842650103
-qur	0.536700070323	0.182357594937	0.126054852321	0.154887482419
-zot	0.0185307238095	0.948561266667	0.00159747619047	0.0313105333333
-bër	0.0230856771257	0.207405299951	0.761177044383	0.00833197854007
-bës	0.0308755760368	0.934562211982	0.00829493087558	0.026267281106
-bët	0.0151884859793	0.779845244464	0.183436199225	0.0215300703316
-zor	0.108910891089	0.438249088067	0.345492443981	0.107347576863
-seç	0.208955223881	0.388059701493	0.044776119403	0.358208955224
-rat	0.132069527253	0.676691833097	0.0428804237257	0.148358215925
-rau	0.683032490975	0.258483754513	0.014440433213	0.0440433212996
-ert	0.0190217391304	0.98097826087	0.0	0.0
-ras	0.862282878412	0.0856079404466	0.0372208436724	0.014888337469
-rap	0.974309258362	0.0159961221522	0.0	0.00969461948618
-raq	0.0269299820467	0.973070017953	0.0	0.0
-ran	0.0351178398626	0.878258155143	0.0866240049945	0.0
-eri	0.0561678189631	0.5201348439	0.0466688568704	0.377028480266
-ram	0.0	0.925925925926	0.037037037037	0.037037037037
-raj	0.538683325324	0.432484382508	0.0288322921672	0.0
-rak	0.240808823529	0.547794117647	0.174632352941	0.0367647058824
-rah	0.290243902439	0.642682926829	0.00365853658536	0.0634146341463
-ero	0.293351893383	0.626221225479	0.0726935271827	0.00773335395561
-xoj	0.364238410596	0.125827814569	0.390728476821	0.119205298013
-rag	0.695443645084	0.220623501199	0.083932853717	0.0
-xoi	0.807220216607	0.114801444043	0.0346570397112	0.043321299639
-xon	0.736811254396	0.168229777257	0.0281359906213	0.0668229777257
-ere	0.315780806126	0.418090493639	0.0623327432171	0.203795957018
-ohë	0.163629193117	0.506685475492	0.0784206654381	0.251264665954
-ugu	0.0	0.52130655153	0.101370377323	0.377323071147
-oza	0.255474452555	0.70802919708	0.036496350365	0.0
-jëj	0.0233632862644	0.925802310655	0.0200256739409	0.0308087291399
-ozi	0.101404056162	0.608424336974	0.280811232449	0.00936037441498
-jël	0.0325482931993	0.208785392961	0.725588780101	0.0330775337391
-jëm	0.857668711656	0.0760736196319	0.0	0.0662576687117
-jën	0.348727425595	0.540816679606	0.0295245057176	0.0809313890816
-mtë	0.143699858424	0.372994336951	0.341906559698	0.141399244927
-jër	0.0820419325433	0.844120328168	0.0546946216955	0.0191431175934
-jës	0.14330053695	0.733769928717	0.0475599284066	0.0753696059261
-jët	0.073037612239	0.846437539961	0.0252045553527	0.055320292447
-azi	0.110998491737	0.424381168487	0.0421560904528	0.422464249323
-uga	0.150573936529	0.457123565159	0.309250506415	0.0830519918974
-aza	0.0	0.962264150943	0.0	0.0377358490566
-ike	0.0939572586588	0.580979284369	0.232539097683	0.0925243592893
-ika	0.17626925271	0.499461241047	0.267604741079	0.0566647651645
-iko	0.386007641067	0.483441076832	0.0272670399326	0.103284242169
-nor	0.192468619247	0.617852161785	0.139470013947	0.0502092050209
-not	0.798634812287	0.129692832765	0.0511945392492	0.0204778156997
-iki	0.0676589986468	0.906630581867	0.0135317997294	0.0121786197564
-boi	0.858265720081	0.0398073022312	0.0152129817444	0.0867139959432
-noi	0.720543423057	0.152615540884	0.0439309294058	0.0829101066531
-iku	0.199607575987	0.612020422152	0.0957434072448	0.0926285946156
-ikt	0.105263157895	0.777777777778	0.0818713450292	0.0350877192983
-iks	0.0238500851789	0.925042589438	0.0374787052811	0.0136286201022
-non	0.726789071074	0.18152732491	0.0507972526485	0.0408863513672
-hkë	0.065528971287	0.0910874892608	0.0313220240115	0.812061515441
-tof	0.452307692308	0.233846153846	0.295384615385	0.0184615384615
-gla	0.0962933118453	0.348106365834	0.5	0.0556003223207
-vor	0.555240793201	0.0977337110482	0.198300283286	0.148725212465
-ton	0.582593701939	0.249481708593	0.091049694106	0.0768748953618
-gli	0.0297728105533	0.0720043972151	0.781421766215	0.116801026017
-tol	0.0848411392953	0.715176175223	0.0	0.199982685482
-toj	0.68881719741	0.186168678844	0.0360345243375	0.0889795994084
-tok	0.32239657632	0.436519258203	0.0171184022825	0.223965763195
-toi	0.74897368077	0.130203261509	0.0442603964789	0.076562661242
-tor	0.070527831747	0.799650061465	0.104083083655	0.0257390231324
-voi	0.683127572017	0.298353909465	0.0185185185185	0.0
-voj	0.785273462439	0.214726537561	0.0	0.0
-von	0.153295861012	0.703628002044	0.035769034236	0.107307102708
-ngu	0.459481627297	0.241961942257	0.228018372703	0.0705380577428
-iej	0.028016118591	0.895005013505	0.064672722355	0.0123061455493
-iem	0.819958847737	0.180041152263	0.0	0.0
-iel	0.0126255035171	0.960019238863	0.0147297541033	0.0126255035171
-ror	0.0538280637575	0.213483146067	0.713875097988	0.0188136921871
-ros	0.55510504976	0.426465167711	0.00663472171028	0.0117950608183
-tis	0.816417491062	0.0770005910452	0.0650149699148	0.0415669479783
-roz	0.0	0.742574257426	0.257425742574	0.0
-rod	0.0278551532033	0.967966573816	0.0	0.0041782729805
-rob	0.14606741573	0.73595505618	0.11797752809	0.0
-ies	0.356694560669	0.528242677824	0.0784518828452	0.0366108786611
-ier	0.659928656362	0.133769322235	0.19916765755	0.00713436385255
-iet	0.10875477828	0.70816163814	0.145527976692	0.0375556068882
-roj	0.67687730691	0.196482015725	0.0641646098649	0.0624760675
-rok	0.361581920904	0.536723163842	0.0621468926554	0.0395480225989
-hku	0.135975135975	0.329081412415	0.0157558490892	0.519187602521
-shq	0.0	0.997822931785	0.00217706821481	0.0
-ikë	0.234677577149	0.323611172785	0.398874843702	0.0428364063641
-çët	0.158536585366	0.548780487805	0.256097560976	0.0365853658537
-hke	0.302083333333	0.354166666667	0.0625	0.28125
-hka	0.0911025968497	0.80417198808	0.0340570455513	0.0706683695189
-hko	0.66697402797	0.305901337022	0.000461041954818	0.0266635930536
-jfa	0.0	0.903846153846	0.0769230769231	0.0192307692308
-nga	0.0261618647011	0.0134550389186	0.00321640091726	0.957166695463
-ngj	0.315286624204	0.665605095541	0.0191082802548	0.0
-sht	0.150275303757	0.534086803815	0.0950774173658	0.220560475062
-hyr	0.812931779933	0.123283340617	0.00781039340208	0.0559744860482
-hyj	0.444145356662	0.246298788694	0.228802153432	0.0807537012113
-qas	0.0969899665552	0.642140468227	0.100334448161	0.160535117057
-hyn	0.826464993391	0.104779854358	0.0329744097533	0.0357807424983
-ngo	0.496175075046	0.381814660598	0.0732061586133	0.0488041057422
-hye	0.692831541219	0.0426523297491	0.00795698924731	0.256559139785
-leh	0.109030837004	0.871145374449	0.0198237885463	0.0
-lej	0.724658180104	0.140499764262	0.0575200377181	0.0773220179161
-oit	0.0825082508251	0.854125412541	0.00792079207921	0.0554455445544
-mua	0.0366286977705	0.0250277924291	0.00623014564858	0.932113364152
-lem	0.0328556806551	0.954930058001	0.00296827021495	0.0092459911293
-len	0.622269667563	0.241790422433	0.0604477664763	0.0754921435277
-yti	0.123161224869	0.495268471005	0.310274489482	0.0712958146444
-lea	0.0	1.0	0.0	0.0
-yte	0.066573816156	0.877437325905	0.0309192200557	0.025069637883
-yta	0.252837977296	0.427244582043	0.241486068111	0.078431372549
-esë	0.182198505359	0.529871267387	0.030056074959	0.257874152295
-itë	0.0680857988359	0.822460494504	0.0646334984446	0.0448202082155
-mur	0.339753967138	0.398832376273	0.209885003127	0.0515286534623
-oin	0.0284360189573	0.971563981043	0.0	0.0
-let	0.556728478366	0.371270990158	0.0259640233468	0.0460365081289
-leu	0.893892580522	0.0692851398823	0.0215854742456	0.0152368053498
-udë	0.00580720092916	0.989547038328	0.00232288037166	0.00232288037166
-jka	0.491489361702	0.197872340426	0.289361702128	0.0212765957447
-pen	0.523709227529	0.244037115045	0.151989525815	0.0802641316104
-pej	0.710707449192	0.201319594347	0.0207713924979	0.0672015639637
-pet	0.774413119348	0.103569911416	0.0389302393105	0.0830867299258
-ogj	0.902634211404	0.0673557852618	0.0300100033344	0.0
-jku	0.422142763703	0.429512056861	0.0934025203854	0.0549426590503
-per	0.19512195122	0.365853658537	0.439024390244	0.0
-pes	0.0	1.0	0.0	0.0
-oga	0.0152563059398	0.979861676159	0.00122050447518	0.00366151342555
-lsi	0.0181818181818	0.363636363636	0.436363636364	0.181818181818
-oge	0.297297297297	0.405405405405	0.108108108108	0.189189189189
-ytë	0.193929675547	0.510291682276	0.185771954947	0.11000668723
-eja	0.391642276567	0.500030257007	0.0851328873008	0.023194579125
-itu	0.296786064347	0.284422127835	0.0612866060221	0.357505201795
-esu	0.364976627113	0.467817331895	0.102481121899	0.0647249190938
-est	0.124137931034	0.358620689655	0.51724137931	0.0
-ito	0.251893939394	0.498106060606	0.15625	0.09375
-esi	0.105187359057	0.516812371137	0.0466686913011	0.331331578505
-tes	0.200772292239	0.182341514261	0.074267980669	0.54261821283
-eso	0.534988713318	0.363431151241	0.0	0.10158013544
-ith	0.0	0.0598290598291	0.811965811966	0.128205128205
-iti	0.613795011387	0.13300744488	0.0182416844102	0.234955859323
-tet	0.219109558378	0.667811411934	0.0350408477474	0.0780381819399
-esa	0.160978493136	0.442580526404	0.0388926554706	0.357548324989
-ite	0.197927624116	0.527027514799	0.159359981849	0.115684879236
-ese	0.300728654241	0.472597519573	0.185518141297	0.0411556848888
-ita	0.115736910975	0.728452554635	0.0843491960835	0.0714613383068
-spa	0.0416666666667	0.958333333333	0.0	0.0
-faj	0.17373990215	0.407099783821	0.309477756286	0.109682557743
-spi	0.0	1.0	0.0	0.0
-fan	0.114495571398	0.707280190106	0.168502916397	0.00972132209979
-fal	0.956088992974	0.0193208430914	0.0105386416862	0.0140515222482
-fas	0.108538350217	0.0376266280752	0.0694645441389	0.784370477569
-uda	0.0279909706546	0.952144469526	0.0	0.0198645598194
-ude	0.0120316259883	0.910622206944	0.0732210381574	0.00412512891028
-loz	0.056338028169	0.0422535211268	0.859154929577	0.0422535211268
-udi	0.130188679245	0.76855345912	0.0710691823899	0.0301886792453
-udo	0.0647855760415	0.160130386065	0.013446062952	0.761637974941
-'ke	0.341355288157	0.324255858138	0.0835972134262	0.250791640279
-'ka	0.322730630513	0.179637596141	0.0508987673634	0.446733005982
-es’	0.147540983607	0.803278688525	0.0	0.0491803278689
-it’	0.336197235712	0.48823309675	0.153156518491	0.0224131490475
-ajë	0.727143991674	0.166138934873	0.0685453232	0.0381717502524
-qës	0.148059223689	0.84793917567	0.00400160064026	0.0
-ael	0.0326876513317	0.945520581114	0.00121065375303	0.0205811138015
-qën	0.770536629828	0.0894383046599	0.0488777486613	0.0911473168508
-qëm	0.681957186544	0.15377894277	0.0969855832241	0.0672782874618
-riu	0.153736827929	0.651656040687	0.0620657536755	0.132541377708
-rys	0.050046339203	0.89249304912	0.00278035217794	0.0546802594995
-hët	0.190616426771	0.585776535953	0.154786361826	0.0688206754486
-çka	0.0440704177787	0.547808033802	0.0110269334916	0.397094614928
-hës	0.106998532952	0.771520966034	0.0717120856997	0.0497684153138
-tni	0.4890886546	0.421204993432	0.0373776466534	0.0523287053147
-gre	0.741935483871	0.0833333333333	0.129032258064	0.0456989247312
-hëz	0.118032786885	0.488524590164	0.275409836066	0.118032786885
-kri	0.01875	0.9125	0.0625	0.00625
-hën	0.504607046775	0.362807564555	0.0262695983857	0.106315790284
-hëm	0.21128072899	0.319109588667	0.374696740523	0.0949129418201
-lin	0.137283756975	0.588872723855	0.0560361951584	0.217807324011
-eas	0.0242334039346	0.918236113496	0.0506611712176	0.00686931135154
-tek	0.0784341397485	0.0147097936829	0.0116429916789	0.89521307489
-riz	0.162246489859	0.781591263651	0.01872074883	0.0374414976599
-ëpi	0.0231515543914	0.948576081305	0.00191294623149	0.0263594180719
-iza	0.310344827586	0.606896551724	0.0620689655173	0.0206896551724
-rna	0.403606248034	0.545025684034	0.036691477094	0.0146765908376
-ëpo	0.280905236939	0.153761966462	0.0713270350849	0.494005761514
-izo	0.231225296443	0.768774703557	0.0	0.0
-izi	0.188773388773	0.50395010395	0.232016632017	0.0752598752599
-rni	0.584037060579	0.133035734539	0.0227820447565	0.260145160125
-ean	0.195035460993	0.790780141844	0.00709219858156	0.00709219858156
-pën	0.517504968659	0.400703256383	0.027824491668	0.05396728329
-uri	0.298593514139	0.461374814934	0.150897498344	0.0891341725829
-ipa	0.0289426390624	0.936027579533	0.0264159007315	0.00861388067331
-uro	0.158615443134	0.782807151008	0.015975656143	0.0426017497147
-ura	0.336418095623	0.403496905517	0.201868884221	0.0582161146386
-ure	0.28245363766	0.573466476462	0.100998573466	0.0430813124109
-urg	0.0735673432769	0.902209263205	0.012111696759	0.012111696759
-pëz	0.104166666667	0.416666666667	0.395833333333	0.0833333333333
-urp	0.0484024797329	0.134477825465	0.763948497854	0.053171196948
-urr	0.722403353517	0.109920819748	0.120167675827	0.0475081509083
-për	0.0474908828061	0.0356692714316	0.0100806999219	0.90675914584
-pës	0.0653767049076	0.804504136892	0.100992372507	0.029126785694
-zni	0.229135850378	0.727417930536	0.0147275318936	0.0287186871925
-pja	0.494207403221	0.22960481169	0.0683808985589	0.20780688653
-t'u	0.238898476257	0.0436837985009	0.0273780638129	0.690039661429
-t'i	0.187929021287	0.0139396378635	0.00855997553771	0.789571365312
-dhè	0.0833333333332	0.721193415638	0.164609053498	0.0308641975309
-rdo	0.538461538461	0.0769230769231	0.0384615384615	0.346153846154
-t'a	0.248366013072	0.614379084967	0.0588235294118	0.078431372549
-rdh	0.551637279597	0.360921194674	0.0453400503778	0.0421014753508
-rnë	0.156288156288	0.78198344865	0.022385022385	0.0393433726767
-izë	0.214983713355	0.754071661238	0.0	0.0309446254072
-urë	0.107145330977	0.564706185575	0.280027803596	0.0481206798511
-opë	0.109423887906	0.863570857706	0.0203416201877	0.00666363419944
-ihu	0.55506649374	0.11753835402	0.00376316266943	0.323631989571
-kla	0.208695652174	0.695652173913	0.0	0.095652173913
-jja	0.143911439114	0.729573010016	0.117026884555	0.00948866631524
-’ti	0.177777777778	0.622222222222	0.133333333333	0.0666666666667
-lra	0.0792079207921	0.920792079208	0.0	0.0
-vra	0.558139534884	0.326592517695	0.103134479272	0.0121334681496
-hja	0.246344875511	0.595243537813	0.0972871158576	0.0611244708184
-hje	0.256716886447	0.551709982416	0.100756040752	0.0908170903846
-ojë	0.65480994035	0.2160408246	0.0504581156092	0.0786911194405
-ska	0.20652173913	0.356884057971	0.0625	0.374094202899
-qij	0.0333969465649	0.166030534351	0.726145038168	0.074427480916
-'ju	0.0914304677254	0.032296703662	0.00658264492684	0.869690183686
-buz	0.647029824994	0.23835346315	0.0776435789993	0.0369731328568
-ajo	0.0288216218237	0.0419520948011	0.0067100922404	0.922516191135
-’të	0.0690774907749	0.102730627306	0.0141697416974	0.814022140221
-aje	0.335882113422	0.451586321887	0.0496827034343	0.162848861257
-aja	0.0758569369363	0.413381353623	0.0400305555462	0.470731153894
-ajt	0.314469044453	0.595930400601	0.052026128678	0.0375744262674
-aju	0.489194499018	0.379174852652	0.073673870334	0.0579567779961
-mra	0.0617819017423	0.857238430437	0.0304837255301	0.0504959422904
-ldi	0.0136054421769	0.680272108844	0.30612244898	0.0
-mre	0.179487179487	0.634615384615	0.134615384615	0.0512820512821
-ojt	0.305263157895	0.652631578947	0.0	0.0421052631579
-oju	0.510067114094	0.243102162565	0.0604026845637	0.186428038777
-mri	0.0679671968191	0.838966202783	0.0229870775348	0.0700795228628
-fre	0.186888454012	0.428571428571	0.119373776908	0.265166340509
-oja	0.313941267859	0.529570170896	0.0406997288817	0.115788832364
-fra	0.257575757576	0.454545454545	0.030303030303	0.257575757576
-oje	0.56576450427	0.317840319646	0.0449151225304	0.0714800535534
-fro	0.35046728972	0.217289719626	0.0210280373832	0.411214953271
-oji	0.41878148821	0.471091716143	0.0730432828273	0.03708351282
-fri	0.25	0.403846153846	0.307692307692	0.0384615384615
-bja	0.249169435216	0.654485049834	0.046511627907	0.0498338870432
-ize	0.0	1.0	0.0	0.0
-bje	0.249541612629	0.586556951836	0.117615491257	0.046285944278
-pma	0.82	0.06	0.02	0.1
-usi	0.00546386539719	0.89726495194	0.00394213095543	0.0933290517078
-ush	0.0493933220828	0.224763694929	0.00727558209664	0.718567400892
-use	0.158256880734	0.676605504587	0.0481651376147	0.116972477064
-tsë	0.0703125	0.671875	0.2578125	0.0
-ust	0.00403225806451	0.987903225806	0.00806451612902	0.0
-eru	0.293617021277	0.434042553191	0.272340425532	0.0
-epa	0.0221635883905	0.955672823219	0.0	0.0221635883905
-epi	0.756630851304	0.177999849726	0.00901645503044	0.0563528439402
-epu	0.673350923483	0.291820580475	0.0261213720316	0.00870712401055
-ksë	0.0454545454545	0.954545454545	0.0	0.0
-xis	0.842105263158	0.0394736842105	0.0789473684211	0.0394736842105
-xit	0.372526193248	0.457896779201	0.11641443539	0.0531625921614
-iut	0.0184226455404	0.9356717459	0.0118304835126	0.034075125047
-ium	0.00338028169014	0.969577464789	0.00676056338028	0.0202816901408
-xim	0.135191456108	0.374446470435	0.134670487106	0.355691586351
-iun	0.100292037009	0.818675636719	0.0280049337212	0.0530273925515
-ule	0.338181818182	0.247272727273	0.305454545455	0.109090909091
-ueu	0.267515923567	0.636942675159	0.0636942675159	0.031847133758
-ues	0.124974905235	0.773690300007	0.0712138758489	0.0301209189092
-uel	0.0623916811092	0.896013864818	0.0207972270364	0.0207972270364
-enë	0.509473988826	0.186855572277	0.0376765102161	0.26599392868
-rmë	0.044201635205	0.803286942407	0.124030599976	0.0284808224119
-usë	0.370893928608	0.428353503509	0.183667242957	0.0170853249263
-en’	0.196153846154	0.442307692308	0.0961538461538	0.265384615385
-kmo	0.740909090909	0.25	0.0	0.0090909090909
-kmi	0.0650154798761	0.733746130031	0.117647058824	0.0835913312693
-zmë	0.0428571428571	0.852380952381	0.0619047619048	0.0428571428571
-ult	0.100418410042	0.719665271966	0.129707112971	0.050209205021
-yçi	0.857142857143	0.0357142857143	0.0357142857143	0.0714285714286
-qie	0.251664161477	0.475628086751	0.118101782263	0.154605969508
-tan	0.0158771473191	0.940916189485	0.0	0.0432066631962
-qia	0.052345839073	0.889231018556	0.0179888177619	0.040434324609
-taj	0.031374204638	0.0871083501704	0.00306384005307	0.878453605138
-ajm	0.41935483871	0.516129032258	0.0645161290322	0.0
-qim	0.123991560134	0.810475363038	0.0484051135658	0.0171279632618
-qin	0.221010729044	0.650240740039	0.0677105053645	0.0610380255526
-tac	0.0	0.0226100753669	0.977389924633	0.0
-qit	0.121437255167	0.839997298393	0.0152640821289	0.0233013643118
-kst	0.356756756757	0.627027027027	0.0	0.0162162162162
-qir	0.0602006688963	0.892976588629	0.0468227424749	0.0
-tat	0.110295782939	0.612265338285	0.210528325259	0.0669105535169
-pas	0.318301584264	0.0870864052572	0.0302245950683	0.564387415411
-tar	0.14671312929	0.70315302077	0.111748206171	0.0383856437692
-tas	0.0888566694283	0.341756420878	0.0938276719139	0.47555923778
-ent	0.102949061662	0.63181411975	0.0693476318141	0.195889186774
-cni	0.420535494964	0.334315892901	0.146401375584	0.0987472365512
-rma	0.0356150262597	0.867864772281	0.0466359627244	0.049884238735
-eni	0.548730002677	0.115422610537	0.0504330602621	0.285414326524
-enj	0.0378793390002	0.803245494752	0.112880691367	0.0459944748805
-rme	0.203901825047	0.482693517936	0.241661422278	0.0717432347388
-end	0.157391121827	0.593307110403	0.0656247060082	0.183677061761
-rmi	0.044776119403	0.699528672427	0.203849175177	0.0518460329929
-ena	0.0781275089996	0.906632371532	0.00945938449769	0.00578073497082
-het	0.51622252011	0.162099699286	0.0778350995219	0.243842681082
-heu	0.534565197962	0.325509428903	0.0469769416391	0.0929484314952
-heq	0.638085697579	0.0738079804907	0.0266530077557	0.261453314175
-her	0.341432225064	0.612531969309	0.0	0.0460358056266
-hes	0.0292125317527	0.763759525826	0.115580016935	0.0914479254869
-hem	0.796698744307	0.0911586589072	0.0326806801983	0.0794619165876
-hen	0.564537546927	0.23163388354	0.124475080461	0.0793534890721
-heh	0.857385976855	0.0405037440435	0.0168481960517	0.0852620830497
-hej	0.629374515601	0.153432674565	0.0657512405596	0.151441569274
-lgë	0.127952755905	0.547244094488	0.324803149606	0.0
-yjë	0.884589206531	0.0439872479943	0.00859583151223	0.0628277139622
-shi	0.372176191971	0.443646687869	0.110099507241	0.0740776129182
-nsh	0.587596475651	0.274912915784	0.0586025544703	0.0788880540947
-put	0.753694581281	0.190886699507	0.0332512315271	0.0221674876847
-pur	0.514342614224	0.129179273103	0.170426257133	0.18605185554
-pus	0.168539325843	0.410112359551	0.0	0.421348314607
-sho	0.321937321937	0.293447293447	0.371794871795	0.0128205128205
-nah	0.347280334728	0.577405857741	0.0	0.0753138075313
-zua	0.719158758656	0.1263144396	0.127468581688	0.0270582200564
-pua	0.593333333333	0.348	0.00266666666667	0.056
-yre	0.0306894152074	0.0414356742186	0.0107947951143	0.91708011546
-puj	0.102890422778	0.840163934426	0.0355910267472	0.0213546160483
-jië	0.0	1.0	0.0	0.0
-she	0.271480363762	0.327464112593	0.0557704125331	0.345285111111
-dea	0.08	0.76	0.1	0.06
-lgu	0.0947368421053	0.905263157895	0.0	0.0
-oku	0.215745204429	0.696149424128	0.0598664703391	0.0282389011033
-oes	0.0215672178289	0.978432782171	0.0	0.0
-dej	0.338742252246	0.207465700954	0.0364927919772	0.417299254823
-dek	0.154150197628	0.727272727273	0.0830039525691	0.0355731225297
-del	0.671906762434	0.0989293942269	0.0200569182816	0.209106925058
-dem	0.344086021505	0.460140897293	0.160177975528	0.035595105673
-den	0.69800148262	0.162731130943	0.0870322084848	0.0522351779521
-yje	0.0681724845996	0.907186858316	0.0197125256673	0.00492813141683
-der	0.116645807259	0.663579474343	0.123404255319	0.0963704630788
-des	0.508900825118	0.193936187312	0.102269074153	0.194893913416
-det	0.247525079677	0.61638239287	0.0515407362169	0.0845517912356
-yja	0.154429932933	0.153723967526	0.0264737027885	0.665372396753
-oke	0.256505576208	0.652416356877	0.085501858736	0.00557620817844
-dez	0.128317143787	0.857292148498	0.0	0.0143907077144
-oka	0.0466167703246	0.878515291003	0.0133525422538	0.0615153964183
-bit	0.055347194407	0.91661508211	0.0158850089211	0.0121527145614
-biu	0.495730657962	0.380336677548	0.0571996913033	0.0667329731871
-bir	0.0132933663495	0.926104522351	0.00346297778854	0.0571391335108
-bie	0.582492139666	0.2101605163	0.0615588283965	0.145788515638
-bia	0.211087420043	0.637526652452	0.0682302771854	0.0831556503198
-bin	0.123339658444	0.849732112959	0.0110224355397	0.0159057930572
-bim	0.291601079379	0.566468030882	0.0996926767109	0.0422382130275
-bij	0.0431124137279	0.872270019854	0.00302543254231	0.0815921338754
-jin	0.0591997637473	0.886399043664	0.0208111944804	0.0335899981086
-met	0.144976153883	0.736229682167	0.0708513309207	0.0479428330296
-jim	0.250581202258	0.673198272999	0.0126203918964	0.0636001328462
-jij	0.0115384615385	0.919230769231	0.0461538461539	0.0230769230769
-mes	0.0472222768094	0.146962878535	0.0116139682041	0.794200876452
-’ua	0.358769302462	0.085635473312	0.0189407462804	0.536654477946
-lur	0.760899183042	0.121213746119	0.0470532289211	0.0708338419184
-lut	0.868172888016	0.0506876227898	0.0294695481336	0.0516699410609
-jia	0.220895522388	0.737313432836	0.0358208955224	0.00597014925373
-mea	0.0	1.0	0.0	0.0
-lum	0.595294516669	0.175562635665	0.189599711467	0.0395431361987
-mec	0.204318936877	0.126245847176	0.622093023256	0.047342192691
-lua	0.691021374272	0.151521658001	0.101989172277	0.0554677954491
-jit	0.122318963687	0.731545159024	0.022526422399	0.12360945489
-men	0.063914280747	0.289018822001	0.352123308353	0.294943588899
-ërë	0.664246288733	0.081833844554	0.0706907650691	0.183229101644
-xho	0.0526315789474	0.947368421053	0.0	0.0
-xhe	0.0	1.0	0.0	0.0
-hap	0.603801241022	0.206674158401	0.074591619029	0.114932981548
-uba	0.0434782608696	0.934782608696	0.0	0.0217391304348
-rru	0.385074626866	0.277611940299	0.0	0.337313432836
-nda	0.200799970364	0.234998655951	0.0581123093042	0.50608906438
-upë	0.0224056603774	0.963443396226	0.00943396226415	0.00471698113208
-tja	0.147151350823	0.476324300401	0.200053890283	0.176470458494
-eqë	0.36003065064	0.113876276633	0.035682834498	0.490410238229
-aka	0.399529596237	0.468130145041	0.085299882399	0.047040376323
-aku	0.0509394572025	0.830897703549	0.0404175365344	0.077745302714
-akt	0.213716269741	0.088419207497	0.0323608231784	0.665503699584
-goi	0.832140815337	0.11020533246	0.0135351961118	0.0441186560903
-goj	0.90252772415	0.034571005253	0.0143671710142	0.0485340995825
-gon	0.689242661268	0.162223461207	0.0704778092336	0.078056068291
-ëro	0.324316015985	0.56962803566	0.0161389486628	0.0899169996925
-ërm	0.167240531235	0.612641416626	0.178307919331	0.0418101328087
-çmo	0.442222222222	0.224444444444	0.2	0.133333333333
-ëri	0.277785955664	0.209944784104	0.0352504592657	0.477018800967
-ërt	0.100398115471	0.266615670798	0.56299438466	0.0699918290711
-ërr	0.00400801603207	0.89619238477	0.0865731462925	0.0132264529058
-mon	0.226254192862	0.728050479315	0.0247081034514	0.0209872243708
-con	0.38128580522	0.366645448759	0.137492043285	0.114576702737
-coi	0.322222222222	0.377777777778	0.0888888888889	0.211111111111
-eon	0.00943396226415	0.905660377358	0.0283018867925	0.0566037735849
-'më	0.479102136047	0.166096785872	0.0651675449536	0.289633533127
-upe	0.0985182218662	0.851021225471	0.0432519022827	0.00720865038046
-upa	0.0947012401353	0.813979706877	0.0913190529876	0.0
-upi	0.0558620277618	0.911078804294	0.0125465516898	0.0205126162548
-eqe	0.10192159877	0.252574942352	0.520522674866	0.124980784012
-eqi	0.0	0.959595959596	0.040404040404	0.0
-’do	0.316089033438	0.154385608293	0.0304909035471	0.499034454721
-pte	0.738612695175	0.131146128101	0.0120660183576	0.118175158366
-pta	0.213808463252	0.636971046771	0.0467706013363	0.102449888641
-pti	0.0972222222222	0.858333333333	0.0305555555555	0.0138888888889
-tre	0.0361667455186	0.0579824423067	0.0555117489355	0.850339063239
-zër	0.030907496712	0.849572555896	0.0172895659798	0.102230381412
-zës	0.0544368731337	0.869305566189	0.0459382895643	0.0303192711125
-tra	0.086413368429	0.682699973197	0.183470554681	0.0474161036926
-gab	0.0	1.0	0.0	0.0
-gan	0.0811496196112	0.852916314455	0.0532544378698	0.0126796280642
-gam	0.195592286501	0.75505050505	0.017217630854	0.0321395775941
-tri	0.0130135430083	0.603866835589	0.0556451090701	0.327474512332
-gai	0.0	1.0	0.0	0.0
-ltë	0.138728323699	0.804238921002	0.0500963391137	0.00693641618498
-gat	0.0904335490734	0.869314655555	0.0163135029701	0.0239382924018
-gur	0.198838987748	0.686056627557	0.0464100879091	0.068694296786
-mbë	0.282164807729	0.494798039451	0.0244007666792	0.19863638614
-gaz	0.606498194946	0.371841155235	0.0	0.0216606498195
-zën	0.219785761177	0.693874854714	0.0227800980874	0.0635592860217
-ini	0.680787549459	0.178634324187	0.0558673976457	0.0847107287081
-inj	0.125901875902	0.678622964337	0.139095031952	0.0563801278087
-ina	0.0893894827463	0.791843030346	0.0514742807949	0.0672932061124
-inc	0.0200668896321	0.852842809365	0.0066889632107	0.120401337793
-ind	0.148727081237	0.127568312222	0.0391350983347	0.684569508207
-ine	0.0861008610086	0.716482164822	0.147601476015	0.049815498155
-ëll	0.0355939524838	0.898574514039	0.0211663066955	0.0446652267818
-kni	0.676729079098	0.243026366068	0.0298051203668	0.050439434467
-int	0.0	0.996441281139	0.0	0.00355871886122
-ëla	0.0841121495327	0.364485981308	0.392523364486	0.158878504673
-rë’	0.230769230769	0.433566433566	0.125874125874	0.20979020979
-ort	0.137294099533	0.359739832188	0.120426502969	0.38253956531
-jzë	0.265486725664	0.502212389381	0.192477876106	0.0398230088495
-ptë	0.2131006739	0.266583224442	0.39313400185	0.127182099808
-dru	0.0557225671714	0.878065911837	0.0177001095721	0.0485114114198
-’ju	0.0975440825472	0.013922702539	0.00145996755917	0.887073247355
-mbs	0.239583333333	0.510416666667	0.130208333333	0.119791666667
-pfi	0.0	1.0	0.0	0.0
-yes	0.469562955255	0.3832921436	0.099343132154	0.0478017689906
-yer	0.612758088969	0.206369200735	0.0823120197488	0.0985606905479
-yeu	0.555555555556	0.333333333333	0.037037037037	0.0740740740741
-yet	0.427062084012	0.51514501824	0.00699946715768	0.0507934305902
-mba	0.15535290492	0.784951976976	0.0369818536548	0.0227132644494
-lti	0.103258375402	0.823313446535	0.0734281780633	0.0
-yej	0.691315232043	0.247063354516	0.0192566917004	0.0423647217408
-yem	0.633509381884	0.325619045091	0.0204357865124	0.0204357865124
-mbe	0.0980071871937	0.776870303822	0.0431231623652	0.0819993466187
-yen	0.568855186337	0.180816130701	0.0355787624074	0.214749920555
-mbi	0.0515076544008	0.0806499171952	0.00777557862423	0.86006684978
-dro	0.550055005501	0.279427942794	0.104510451045	0.06600660066
-dri	0.0493864112541	0.904320063853	0.0325251920583	0.0137683328345
-lte	0.497373505438	0.171708733645	0.0489182777008	0.281999483216
-rzë	0.402890580035	0.539553622818	0.0115111594296	0.0460446377182
-inë	0.0974736401002	0.803563536478	0.0433446467097	0.0556181767124
-rko	0.612516073725	0.332190312902	0.0295756536648	0.0257179597085
-hdo	0.0899280769286	0.419787642015	0.016934956839	0.473349324218
-hdi	0.657142857143	0.342857142857	0.0	0.0
-rëz	0.111584407554	0.688898240311	0.0770604855678	0.122456866568
-rës	0.115170812759	0.71718063014	0.113785461295	0.0538630958055
-rët	0.125273161461	0.652459581627	0.13092275389	0.091344503022
-jgj	0.320754716981	0.245283018868	0.0	0.433962264151
-rëm	0.431256599789	0.224287222809	0.054065469905	0.290390707497
-rën	0.292364106307	0.517136395917	0.0971834472002	0.093316050576
-egë	0.342706502636	0.588752196837	0.0379613356766	0.0305799648506
-'na	0.477040816327	0.34693877551	0.030612244898	0.145408163265
-cep	0.0740740740741	0.703703703704	0.222222222222	0.0
-ahu	0.46012832264	0.473877176902	0.0109990834097	0.0549954170486
-sas	0.0	1.0	0.0	0.0
-sar	0.0806816468104	0.848137535817	0.0675614537777	0.00361936359523
-jfe	0.352549889135	0.381374722838	0.146341463415	0.119733924612
-sau	0.0886956521739	0.737391304348	0.100869565217	0.0730434782608
-sat	0.129530144611	0.802650191613	0.045238886327	0.0225807774487
-lfa	0.0571484553589	0.825125726602	0.0411468878584	0.0765789301809
-oli	0.592412054443	0.0604082267106	0.0062783558237	0.340901363023
-yke	0.578666666667	0.421333333333	0.0	0.0
-oll	0.445156519596	0.418934036139	0.0844125063991	0.0514969378662
-yka	0.0482250502344	0.83121232418	0.0321500334896	0.0884125920964
-lfi	0.01126307321	0.961920085814	0.0	0.0268168409761
-saj	0.0497300290224	0.0798300279075	0.0243029620629	0.846136981007
-sai	0.0	1.0	0.0	0.0
-ole	0.216216216216	0.682432432433	0.0135135135135	0.0878378378378
-sal	0.608333333333	0.0791666666666	0.2875	0.025
-ucë	0.145491803279	0.622950819672	0.231557377049	0.0
-mat	0.109318152049	0.839005135805	0.013166975232	0.0385097369147
-uqe	0.0590163934426	0.0426229508197	0.891803278689	0.00655737704917
-uqi	0.0547769680468	0.855289501081	0.0296308160487	0.0603027148234
-ahë	0.294765302669	0.666844605516	0.022504536581	0.0158855552337
-har	0.0	1.0	0.0	0.0
-qye	0.76523151909	0.0877335499594	0.0536149471974	0.093419983753
-jua	0.367734572839	0.104159793146	0.0244607665083	0.503644867507
-ius	0.0333333333333	0.9	0.0333333333333	0.0333333333333
-mal	0.0219019093973	0.930363159865	0.0297641332834	0.0179707974542
-ykë	0.0384615384615	0.884615384615	0.0769230769231	0.0
-uci	0.0	1.0	0.0	0.0
-ryt	0.161713626649	0.793352391247	0.0259375018647	0.0189964802389
-ryu	0.504201680672	0.44537815126	0.0	0.0504201680672
-ion	0.0736438417074	0.857992441085	0.0400177856825	0.0283459315251
-ryq	0.0748251748251	0.874825174825	0.0083916083916	0.041958041958
-rye	0.217330045791	0.538569918986	0.0190207819655	0.225079253258
-ryn	0.219911103439	0.740214905278	0.0144996331938	0.0253743580892
-ryl	0.205882352941	0.294117647059	0.264705882353	0.235294117647
-rym	0.341176470588	0.464705882353	0.0794117647059	0.114705882353
-ëmb	0.0514643754595	0.925491874335	0.0199712501783	0.00307250002743
-ëma	0.0169109357384	0.942878617061	0.0	0.0402104472003
-iot	0.0890410958904	0.91095890411	0.0	0.0
-ndë	0.428264033481	0.376614694679	0.131195030744	0.0639262410952
-und	0.195258979138	0.130417519713	0.181095926198	0.493227574951
-uzo	0.78431372549	0.21568627451	0.0	0.0
-ës’	0.0	0.962637362637	0.0373626373626	0.0
-ëse	0.0638300077232	0.0471512354849	0.0156825324913	0.873336224301
-ësi	0.153968825389	0.587085761622	0.169920550542	0.0890248624467
-ësh	0.404488035048	0.441067288837	0.0593477282232	0.0950969478909
-ëso	0.451633365049	0.402473834443	0.0640659689185	0.0818268315889
-ncë	0.143387205541	0.627957997356	0.191947672484	0.0367071246185
-elq	0.0	0.129032258065	0.870967741935	0.0
-rku	0.0444862892786	0.883605978581	0.0414263857832	0.0304813463575
-eli	0.0690283571922	0.899720555111	0.0130523635966	0.0181987241004
-ell	0.214385584861	0.704291271785	0.0306216352899	0.0507015080631
-elm	0.178061607814	0.557475582269	0.264462809917	0.0
-elb	0.188679245283	0.735849056604	0.0754716981132	0.0
-rka	0.0767681852504	0.854374168494	0.046204739132	0.0226529071231
-ela	0.0459461801732	0.950473597995	0.0	0.00358022183168
-rke	0.333333333333	0.483333333333	0.133333333333	0.05
-ele	0.0280193236715	0.951046698873	0.00740740740741	0.0135265700483
-ëmë	0.480198010472	0.262931180712	0.0664935221589	0.190377286657
-hun	0.0307810696422	0.823008849558	0.113889957676	0.0323201231243
-huj	0.113821138211	0.756097560976	0.0487804878049	0.0813008130081
-hua	0.667352403441	0.0718196128501	0.0193881754396	0.241439808269
-jyq	0.238022034333	0.650269023828	0.0568793235972	0.0548296182424
-jye	0.626168224299	0.280373831776	0.0	0.0934579439252
-hur	0.639808877434	0.131981063458	0.108078261143	0.120131797966
-var	0.183306920232	0.337031167459	0.425779186476	0.053882725832
-tua	0.359378502055	0.218739464987	0.0938354224584	0.3280466105
-nci	0.0717538291707	0.884089968263	0.0289775079343	0.0151786946323
-vat	0.183654729109	0.784205693297	0.0183654729109	0.0137741046832
-kob	0.113636363636	0.840909090909	0.0454545454545	0.0
-nce	0.230769230769	0.630769230769	0.0923076923077	0.0461538461538
-tuj	0.0715460526315	0.841831140351	0.0419407894737	0.0446820175439
