-ösi	0.0	1.0	0.0	0.0
-hem	0.0481605351171	0.920401337793	0.00401337792642	0.0274247491639
-hei	0.1701320964	0.459892104467	0.322673187456	0.0473026116769
-löö	0.0	0.0110375275938	0.988962472406	0.0
-ion	0.0814948962792	0.862528811327	0.0345735923609	0.0214027000329
-ufu	0.0186528051238	0.244263149803	0.0291165738518	0.707967471222
-nsu	0.281487101669	0.545713201821	0.0690440060698	0.10375569044
-kpö	0.375	0.5	0.125	0.0
-zin	0.239487384862	0.698338005607	0.0345414497397	0.0276331597917
-nso	0.256756309762	0.334872319424	0.205911198241	0.202460172572
-nsi	0.146401416155	0.543355938619	0.149145280054	0.161097365172
-zii	0.177099515782	0.697282755018	0.0891543268168	0.0364634023829
-nse	0.281794586578	0.499443826474	0.147076999135	0.0716845878135
-aum	0.0	1.0	0.0	0.0
-bië	0.0909090909091	0.878787878788	0.0	0.030303030303
-zia	0.288485629407	0.18178889724	0.031676151616	0.498049321737
-nti	0.20692901612	0.609420212938	0.0807400672872	0.102910703655
-puu	0.355307286293	0.0693650288476	0.0259702838663	0.549357400994
-ötu	0.186355429456	0.796105236007	0.017539334537	0.0
-nta	0.371115653509	0.409889524294	0.189972082813	0.0290227393839
-nte	0.207182343329	0.141962210306	0.0313640652689	0.619491381096
ALL	0.223960799073	0.345933408331	0.0634687880313	0.366637004565
-mbi	0.429859631716	0.350103598214	0.13482359121	0.0852131788601
-ntu	0.18185836796	0.369198125718	0.0854456891943	0.363497817127
-zëë	0.212121212121	0.757575757576	0.0	0.030303030303
-nma	0.305833824396	0.420742486741	0.236888626989	0.0365350618739
-opu	0.604270610451	0.369974291738	0.02283253352	0.00292256429056
-opo	0.418410411953	0.0777182126512	0.0168625917765	0.48700878362
-opi	0.286287388494	0.548546810452	0.165165801054	0.0
-opa	0.135506003431	0.838193253288	0.0102915951973	0.0160091480846
-dea	0.00909158655637	0.985244802146	0.00566361129741	0.0
-dee	0.0229719775598	0.025588193643	0.00499178221669	0.946448046581
-pöö	0.345148169669	0.443346891342	0.204532248693	0.00697269029633
-ösë	0.178538044494	0.390228703184	0.158908207141	0.27232504518
-ima	0.103842869655	0.754144780291	0.111998733726	0.0300136163279
-oko	0.386073723089	0.429535961505	0.116754397498	0.0676359179077
-atu	0.187626585253	0.653917519826	0.141535131948	0.0169207629726
-oki	0.0	1.0	0.0	0.0
-kim	0.0	1.0	0.0	0.0
-nën	0.0	0.946308724832	0.0536912751678	0.0
-oka	0.459591326919	0.334413239915	0.125197603388	0.0807978297781
-ufö	0.194630665472	0.19947339489	0.0528668371746	0.553029102463
-obi	0.458660392184	0.384106308158	0.0724021831559	0.0848311165013
-obo	0.271523928046	0.697929630049	0.0203642946035	0.0101821473017
-idi	0.567635270541	0.290080160321	0.0435871743487	0.0986973947896
-nsö	0.173198350523	0.203161909774	0.0521742336377	0.571465506065
-ide	0.177445137203	0.635529589818	0.050375856226	0.136649416752
-ida	0.0375335120643	0.929401251117	0.00357462019661	0.029490616622
-fën	0.49387755102	0.310204081633	0.195918367347	0.0
-nsë	0.219633507853	0.3277486911	0.0664921465969	0.38612565445
-kpa	0.366863220624	0.514806636227	0.00202500397769	0.116305139171
-idu	0.166666666667	0.694198623402	0.111602753196	0.0275319567355
-obu	0.0384615384615	0.961538461538	0.0	0.0
-eja	0.0293187577224	0.920211095056	0.0340307009277	0.0164394462943
-uta	0.621033937646	0.136871034393	0.0187743255814	0.223320702379
-eje	0.148936170213	0.81914893617	0.031914893617	0.0
-ötö	0.336490884091	0.517996187642	0.102715008188	0.0427979200784
-uti	0.252862651337	0.37482273244	0.328246779883	0.0440678363395
-ëdë	0.328242369532	0.3699396138	0.261549658808	0.0402683578612
-tea	0.0276497695853	0.963133640553	0.00921658986175	0.0
-tee	0.271876256722	0.15679108259	0.102145884897	0.469186775791
-utu	0.21998458903	0.371343883133	0.0556435293357	0.353027998501
-tei	0.657492563826	0.0503057194505	0.0211278583946	0.271073858329
-sia	0.0165546745297	0.969738495998	0.010134422067	0.00357240740566
-ten	0.145393553393	0.539406937725	0.0534767703562	0.261722738526
-teo	0.0781434305089	0.857786049208	0.0306529478792	0.0334175724037
-uwë	0.611188593282	0.152572508463	0.0226369705016	0.213601927754
-nza	0.122444576299	0.871082582664	0.0	0.00647284103783
-jii	0.209458569358	0.476024239231	0.199907785536	0.114609405875
-nzo	0.18691588785	0.626168224299	0.177570093458	0.00934579439252
-luu	0.426035502959	0.177514792899	0.396449704142	0.0
-eee	0.406050435836	0.32289190323	0.0850696872233	0.18598797371
-mea	0.0	0.978021978022	0.021978021978	0.0
-mei	0.0	1.0	0.0	0.0
-vuu	0.217821782178	0.693069306931	0.0891089108911	0.0
-önö	0.271896470988	0.185006735545	0.0423490576131	0.500747735854
-iöö	0.231292517007	0.666666666667	0.0680272108843	0.0340136054422
-mën	0.423441569341	0.389248953647	0.0655696874204	0.121739789592
-öku	0.343273646525	0.273530993449	0.108840515327	0.274354844699
-ngu	0.166771467689	0.694061034463	0.132946034185	0.00622146366244
-goo	0.503717650062	0.363595749434	0.0516003446405	0.0810862558637
-gin	0.397371181093	0.30588764836	0.194341013586	0.102400156962
-ubi	0.502911155272	0.280235433544	0.129176650735	0.0876767604484
-kpë	0.459459459459	0.283783783784	0.22972972973	0.027027027027
-uba	0.165642872273	0.770387629739	0.0372802372379	0.0266892607498
-isë	0.0899544977249	0.294014700735	0.58802940147	0.02800140007
-ija	0.482985512417	0.4246189825	0.0703965753018	0.0219989297818
-oti	0.441796779986	0.403747482229	0.0958920357803	0.0585637020052
-hwa	0.261627906977	0.686046511628	0.0523255813953	0.0
-ëkë	0.182810368349	0.743519781719	0.0163710777626	0.0572987721691
-oto	0.0805181942722	0.422565348753	0.215046285419	0.281870171556
-nda	0.705303690373	0.20113611604	0.020209755276	0.0733504383112
-uma	0.124797624928	0.249985940677	0.0770749311636	0.548141503231
-otu	0.247225244831	0.644774565927	0.0422008799735	0.0657993092681
-isö	0.460317460317	0.365079365079	0.126984126984	0.047619047619
-umi	0.36306823046	0.417815255543	0.0541905658762	0.164925948121
-ako	0.0	1.0	0.0	0.0
-kia	0.09198574221	0.875512628876	0.0206967919972	0.0118048369169
-nai	0.154488517745	0.828114126653	0.0104384133612	0.00695894224076
-nan	0.00639386189257	0.993606138107	0.0	0.0
-aki	0.589346239904	0.0758401203663	0.0172783349792	0.31753530475
-nam	0.0	1.0	0.0	0.0
-nde	0.281223449448	0.522514868309	0.119796091759	0.0764655904843
-ake	0.0377358490566	0.962264150943	0.0	0.0
-naa	0.21509770264	0.0841572113917	0.0152431442816	0.685501941686
-aka	0.311975678284	0.386093411975	0.0577559678284	0.244174941912
-sii	0.161761515243	0.755040226918	0.0667440062892	0.0164542515505
-sin	0.0681818181818	0.636363636364	0.295454545455	0.0
-aku	0.163429944183	0.668631602518	0.133176583941	0.0347618693581
-ala	0.138433131029	0.446976058171	0.0661882072217	0.348402603578
-önu	0.0429068201404	0.860978669288	0.0237659092582	0.0723486013133
-gon	0.0	1.0	0.0	0.0
-mëë	0.0791848939587	0.864333573287	0.0564815327538	0.0
-mon	0.00416527824059	0.994335221593	0.000499833388869	0.000999666777741
-öni	0.130488025786	0.729319200742	0.105187051648	0.0350057218246
-iön	0.0529661771092	0.88224992347	0.0256287953754	0.0391551040458
-ofu	0.078781512605	0.783963585434	0.12675070028	0.0105042016807
-mfa	0.0	1.0	0.0	0.0
-bei	0.449177849369	0.117543309382	0.00911526565577	0.424163575593
-upu	0.450980392157	0.421865715983	0.0487225193107	0.0784313725491
-isi	0.420036843286	0.428461597048	0.0411024747714	0.110399084895
-ise	0.0920568122041	0.881022372126	0.0102113438747	0.016709471795
-isa	0.569614691712	0.241353077605	0.041264751017	0.147767479666
-eva	0.247600767754	0.700575815739	0.0115163147793	0.0403071017274
-upa	0.543689320388	0.368932038835	0.0291262135922	0.0582524271845
-túu	0.492857142857	0.335714285714	0.0428571428571	0.128571428571
-iti	0.177683438649	0.516111608031	0.19812589265	0.10807906067
-upi	0.620408163265	0.302040816327	0.0693877551021	0.00816326530614
-juu	0.0856573525679	0.548429352561	0.0276830763034	0.338230218568
-guu	0.261079774375	0.532634971797	0.12248186946	0.0838033843675
-hai	0.635794072382	0.155527974979	0.0486819242417	0.159996028397
-sië	0.0654205607476	0.934579439252	0.0	0.0
-jua	0.377777777778	0.311111111111	0.155555555556	0.155555555556
-man	0.0	0.528344671202	0.471655328798	0.0
-maa	0.231887155375	0.39110921137	0.350074802308	0.0269288309468
-jun	0.100540740826	0.356105233493	0.487455879234	0.0558981464473
-kii	0.396021907266	0.523672454189	0.0332419097503	0.0470637287952
-nku	0.371936409377	0.224772076967	0.338418884114	0.0648726295425
-baí	0.516523626319	0.00384729209825	0.479629081582	0.0
-nka	0.251341681574	0.662790697674	0.0536672629696	0.0322003577818
-unu	0.0542959054958	0.0801275054857	0.0933554758483	0.77222111317
-döö	0.190085221919	0.378321889904	0.0887319158875	0.342860972289
-bëë	0.467716730903	0.420834619657	0.0756358150622	0.0358128343778
-köö	0.330900243309	0.328467153285	0.301703163017	0.0389294403893
-gaa	0.305790201198	0.477653202273	0.172784518507	0.0437720780218
-ada	0.162080391874	0.816308889209	0.0216107189166	0.0
-ado	0.230769230769	0.480769230769	0.0769230769231	0.211538461538
-dan	0.101771653543	0.895866141732	0.00236220472441	0.0
-asë	0.084761637164	0.151447035684	0.0235486158498	0.740242711302
-gai	0.0	1.0	0.0	0.0
-adi	0.0	0.930894308943	0.0528455284553	0.0162601626016
-iko	0.0493128536783	0.928860145513	0.0218270008084	0.0
-adu	0.0847718658139	0.841740175524	0.0268470579757	0.0466409006866
-mbë	0.0244809052847	0.4864209944	0.0228089051629	0.466289195153
-sen	0.154190274334	0.391232988456	0.438944823796	0.0156319134138
-sei	0.500653683044	0.381843454658	0.0460106917376	0.0714921705606
-ina	0.172262453368	0.394667544437	0.390059249506	0.0430107526882
-sea	0.0126943827356	0.936528086322	0.0152332592828	0.0355442716598
-nou	0.0	1.0	0.0	0.0
-ëli	0.0814030043015	0.816158259848	0.0702170788882	0.0322216569624
-nöu	0.138408304498	0.77508650519	0.0692041522491	0.0173010380623
-wëi	0.381118881119	0.576923076923	0.020979020979	0.020979020979
-inu	0.486082530055	0.42034008448	0.0935773854652	0.0
-ëki	0.0	1.0	0.0	0.0
-kuu	0.793893129771	0.206106870229	0.0	0.0
-iaa	0.474014551851	0.281882145998	0.097085632046	0.147017670105
-lau	0.405042468722	0.322493396391	0.187906299923	0.0845578349651
-iam	0.0116279069767	0.988372093023	0.0	0.0
-aun	0.157621847273	0.705504471317	0.0994949512343	0.0373787301763
-ian	0.132000723493	0.632846562108	0.0441480594577	0.191004654941
-ooo	0.428975222516	0.365736744542	0.0968246331489	0.108463399793
-oon	0.118476396691	0.404450649242	0.0188420043477	0.458230949719
-fuu	0.104509434134	0.110850132232	0.0340979600796	0.750542473554
-oou	0.299384554953	0.402305319498	0.262206986927	0.0361031386212
-kua	0.552	0.352	0.048	0.048
-kum	0.0294117647059	0.941176470588	0.0	0.0294117647059
-kui	0.0263157894737	0.868421052632	0.105263157895	0.0
--du	0.37012987013	0.292207792208	0.227272727273	0.11038961039
-ban	0.116883116883	0.857142857143	0.025974025974	0.0
-eka	0.571942606664	0.192565732189	0.166855199411	0.0686364617365
-uun	0.173881002494	0.293980200702	0.0396804498908	0.492458346913
-bai	0.487502216464	0.287917387708	0.100597815845	0.123982579983
-eki	0.454075009608	0.335092594198	0.0735505147768	0.137281881418
-hoi	0.550792625474	0.219846262654	0.0719895347525	0.15737157712
-hoo	0.452442159383	0.27763496144	0.123393316195	0.146529562982
-gëë	0.436851211073	0.31660899654	0.246539792387	0.0
-baa	0.295640149566	0.332014609312	0.0914787278241	0.280866513298
-joo	0.179942950594	0.132015818453	0.124634678086	0.563406552867
-uuu	0.0789852065581	0.905333552067	0.0125932430737	0.0030879983016
-ase	0.0	1.0	0.0	0.0
-jëë	0.0293845285795	0.679829340232	0.0336121698478	0.25717396134
-mbu	0.333333333333	0.222222222222	0.444444444444	0.0
-asa	0.0990330399629	0.6084325914	0.00826833139579	0.284266037242
-asi	0.229061263065	0.588526585274	0.0814491976468	0.100962954014
-mba	0.206168340309	0.658545124688	0.0993045498672	0.0359819851361
-asu	0.190206055461	0.317775303681	0.132281922289	0.359736718569
-nlö	0.136727430522	0.14200928016	0.213369824636	0.507893464682
-böö	0.358666345504	0.546274640829	0.0571410811273	0.0379179325403
-köi	0.367458866545	0.533820840951	0.0329067641682	0.0658135283363
-mbo	0.219043846223	0.433916949271	0.280414953533	0.0666242509729
-iwa	0.059405940594	0.762376237624	0.178217821782	0.0
-nöö	0.0402368165033	0.0162988472769	0.000785734369792	0.94267860185
-ëlë	0.0687910976226	0.86899342438	0.0606980273141	0.00151745068285
-ugu	0.426320740304	0.450675759463	0.0778738532095	0.0451296470238
-ela	0.110778869429	0.789904599174	0.017086715079	0.0822298163178
-jëi	0.301369863014	0.634703196347	0.0182648401826	0.0456621004566
-jën	0.444827586207	0.368965517241	0.186206896552	0.0
-poi	0.383528627385	0.305144936826	0.159134213514	0.152192222275
-dëë	0.497524953339	0.225594416944	0.246449728151	0.0304309015662
-ugo	0.0	0.817307692308	0.150641025641	0.0320512820513
-aza	0.0	0.925925925926	0.037037037037	0.037037037037
-ike	0.0714285714286	0.928571428571	0.0	0.0
-laa	0.295605858855	0.411895250777	0.198845983134	0.0936529072348
-ika	0.385038410607	0.259449186489	0.128170058044	0.22734234486
-aau	0.219957367439	0.131894484412	0.64415134559	0.00399680255795
-lam	0.0806772908367	0.874501992032	0.0448207171315	0.0
-lan	0.321522463048	0.211544078986	0.437868785418	0.0290646725478
-lao	0.107206670637	0.870756402621	0.0220369267421	0.0
-lai	0.338761702462	0.551553772323	0.0656124616474	0.044072063567
-fon	0.755679923295	0.172947584904	0.0403674059252	0.0310050858763
-foo	0.418396928622	0.390190394108	0.0846196035415	0.106793073729
-uja	0.35181670694	0.510967746293	0.0981052708273	0.0391102759401
-aan	0.0964665183299	0.278102728588	0.323237185332	0.302193567751
-aai	0.224609281111	0.263804526733	0.0669105725617	0.444675619594
-fou	0.0634213170153	0.892757329436	0.0378482053156	0.00597314823272
-non	0.0	1.0	0.0	0.0
-noa	0.0222822417286	0.952397029034	0.0151924375422	0.0101282916948
-aaa	0.0932285891992	0.813847048325	0.0499945915249	0.0429297709511
-dou	0.576775878588	0.13759982722	0.0280362070142	0.257588087178
-bom	0.75	0.178571428571	0.0357142857143	0.0357142857143
-boo	0.510003478367	0.220709072812	0.0395590250289	0.229728423792
-boi	0.0684846452831	0.896546585702	0.0269468141912	0.00802195482374
-bou	0.384105960265	0.437086092715	0.158940397351	0.0198675496689
-don	0.16139088729	0.608153477218	0.211270983213	0.0191846522782
-dom	0.0372675055304	0.953010536505	0.00972195796445	0.0
-vou	0.233576642336	0.722627737226	0.0	0.043795620438
-sau	0.0441988950276	0.889502762431	0.0552486187845	0.0110497237569
-mpi	0.0	0.928571428571	0.0714285714286	0.0
-too	0.20350877193	0.768421052632	0.0140350877193	0.0140350877193
-olu	0.269194902083	0.702828722412	0.0186509170034	0.0093254585017
-mpa	0.52303860523	0.383561643836	0.0373599003736	0.0560398505604
-oli	0.278630606168	0.573414382029	0.125275776417	0.0226792353858
-saa	0.181411689556	0.641967422549	0.132545512616	0.0440753752794
-ibo	0.25625	0.682638888889	0.0465277777777	0.0145833333333
-ibi	0.327335247296	0.569348189446	0.0695567977147	0.0337597655432
-olo	0.376200203641	0.468780409592	0.0757350283741	0.0792843583929
-ola	0.365979381443	0.618556701031	0.00515463917526	0.0103092783505
-sai	0.297385420835	0.176508284619	0.0907278403871	0.435378454159
-mpu	0.253064406442	0.685564530843	0.0358274312064	0.0255436315082
-san	0.183673469388	0.748299319728	0.0544217687075	0.0136054421769
-voo	0.283582089552	0.507462686567	0.0597014925373	0.149253731343
-lon	0.066598603553	0.92024280139	0.00993608198168	0.00322251307514
-loo	0.234897600936	0.372315974254	0.153680514921	0.239105909889
-ëëë	0.165485495918	0.543064095883	0.253013722425	0.0384366857738
-lom	0.783783783784	0.162162162162	0.0540540540541	0.0
-loi	0.0801687763713	0.894514767933	0.0	0.0253164556962
-avo	0.191862191862	0.69408969409	0.090882090882	0.023166023166
-ösö	0.344705228294	0.282952254897	0.266892319643	0.105450197166
-iga	0.10987920871	0.0478077539349	0.00901873859344	0.833294298762
-lou	0.503602610833	0.425955751462	0.0330592523523	0.0373823853522
-ipi	0.115952285711	0.861534201052	0.0137440126363	0.00876950060002
-pia	0.343041198613	0.578212406506	0.0300248368128	0.0487215580684
-ipa	0.236877523553	0.674293405114	0.0242261103634	0.064602960969
-ëzi	0.0	1.0	0.0	0.0
-mai	0.0108182250211	0.975658993702	0.0	0.0135227812764
-hön	0.584727272727	0.267636363636	0.117818181818	0.0298181818182
-nga	0.33369985772	0.264959394272	0.259153690622	0.142187057386
-awa	0.388368755462	0.335542516266	0.0686428113826	0.207445916889
-dëi	0.503496503497	0.433566433566	0.0	0.0629370629371
-göö	0.708103155569	0.166186100407	0.0893314290335	0.036379314991
-tia	0.150200803213	0.787148594378	0.033734939759	0.0289156626506
-ain	0.00456621004566	0.940639269406	0.0182648401826	0.0365296803653
-ëën	0.205991504628	0.0954656011987	0.0232397493579	0.675303144816
-tëi	0.0535634578188	0.818330605565	0.102663294153	0.0254426424639
-lei	0.552634217636	0.400577144173	0.0168601530888	0.0299284851022
-oba	0.611362844197	0.256535378181	0.0637852910422	0.0683164865807
-ioo	0.394160583942	0.299270072993	0.131386861314	0.175182481752
-lem	0.04	0.96	0.0	0.0
-len	0.027083324513	0.944381173343	0.0217191581604	0.00681634398404
-lea	0.0165791655153	0.955246121659	0.0234871511467	0.00468756167844
-ödu	0.112100341565	0.74733561043	0.0	0.140564048006
-itë	0.0281162136832	0.92518881967	0.0132311593803	0.0334638072661
-leu	0.0	1.0	0.0	0.0
-ëma	0.176582300335	0.665273989158	0.135009150237	0.0231345602707
-eei	0.176793330902	0.102309486409	0.129304588814	0.591592593875
-tju	0.223969770501	0.713076564277	0.0242129481623	0.0387407170596
-ifi	0.50125034231	0.304392712728	0.027324722656	0.167032222306
-alu	0.226711783976	0.571489814902	0.0822141634199	0.119584237702
-ndu	0.195365251082	0.345614966638	0.0675808709313	0.391438911348
-iba	0.0866161116734	0.668608190881	0.0479286805897	0.196847016856
-ndi	0.214301468858	0.215107763773	0.0920564929819	0.478534274387
-alo	0.160883280757	0.820189274448	0.0189274447949	0.0
-tji	0.499262101535	0.406700118064	0.042945690673	0.0510920897284
-ndo	0.649550824124	0.239601705346	0.0670655111596	0.0437819593711
-ali	0.315817340375	0.504562568635	0.122006222873	0.0576138681169
-tje	0.152249134948	0.737024221453	0.0899653979239	0.0207612456747
-tja	0.651903681647	0.0879525097324	0.0200130348146	0.240130773806
-ëti	0.0383625458337	0.914695464229	0.0388873197973	0.00805467013959
-gia	0.102702702703	0.827027027027	0.0594594594594	0.0108108108108
-eer	0.121951219512	0.731707317073	0.146341463415	0.0
-ifö	0.165705280073	0.110700232793	0.0407902597804	0.682804227354
-ësi	0.0527969830295	0.899434318039	0.0314267756129	0.0163419233187
-ölu	0.144065278711	0.728621219172	0.100510659566	0.0268028425509
-bia	0.60000972028	0.244666183145	0.016277730838	0.139046365737
-sën	0.173469387755	0.785714285714	0.0	0.0408163265306
-öma	0.114285714286	0.533333333333	0.3	0.052380952381
-këm	0.0	1.0	0.0	0.0
-djë	0.181818181818	0.565909090909	0.211363636364	0.0409090909091
-ogu	0.110111169931	0.851773425093	0.0190577024881	0.0190577024881
-pei	0.146251922546	0.500366748505	0.242993258286	0.110388070663
-elu	0.158726041732	0.572422613564	0.217200762014	0.0516505826901
-ogi	0.165024137626	0.459601392554	0.32819885533	0.04717561449
-eli	0.0459770114943	0.905450500556	0.0329996292176	0.0155728587319
-ogo	0.434750412116	0.270676643313	0.170165361632	0.124407582938
-tuú	0.559300341297	0.165102389078	0.127133105802	0.148464163822
-bii	0.354512635379	0.480144404332	0.0801444043321	0.0851985559567
-iën	0.25	0.572580645161	0.120967741935	0.0564516129032
-itu	0.00218713997015	0.995384453547	0.000697160325432	0.00173124615768
-esi	0.183764444146	0.497434826062	0.0577069524564	0.261093777336
-ëmë	0.530562937908	0.368929693162	0.0729644841749	0.0275428847548
-ödö	0.176201372998	0.700228832952	0.12356979405	0.0
-esa	0.179624170965	0.787214443626	0.0221075902727	0.0110537951363
-ite	0.125654450262	0.811518324607	0.0628272251309	0.0
-ita	0.0266685252709	0.795492395619	0.159791053755	0.0180480253553
-faa	0.101209853409	0.0593794791365	0.0166271480909	0.822783519364
-udu	0.247944899894	0.572723216775	0.143405275779	0.0359266075512
-alö	0.025	0.5	0.475	0.0
-tjö	0.21299868042	0.631225777426	0.109337043336	0.0464384988187
-fan	0.738464700863	0.179738569613	0.0120311202698	0.0697656092537
-ndö	0.165885717832	0.201306885585	0.114352298516	0.518455098066
-ndë	0.212805361755	0.455612521056	0.034237283425	0.297344833765
-uda	0.0386542591267	0.931281317108	0.0128847530422	0.017179670723
-tjë	0.212851405622	0.55421686747	0.0	0.232931726908
-ëtë	0.458722890034	0.211584939261	0.149383069389	0.180309101317
-abu	0.19484361792	0.781065088757	0.0126796280643	0.0114116652578
-hun	0.218908440203	0.671935580078	0.0232627497763	0.0858932299433
-ömö	0.315247383251	0.181865822645	0.0866960252806	0.416190768824
-aba	0.313244361568	0.28366198625	0.152381896915	0.250711755267
-woo	0.155275949805	0.177487362122	0.228550921422	0.438685766651
-ëfu	0.0218613856066	0.968265730571	0.00423123592387	0.00564164789849
-abo	0.225752508361	0.764214046823	0.0100334448161	0.0
-abi	0.735704245015	0.105236061132	0.0507958404016	0.108263853452
-këë	0.60966430069	0.330344287555	0.0344161256915	0.0255752860643
-dji	0.41137852944	0.491832899682	0.0616146285053	0.0351739423726
-vau	0.227272727273	0.248051948052	0.25974025974	0.264935064935
-dja	0.211061540384	0.42545073898	0.0818641383547	0.281623582281
-kou	0.0285590653397	0.95326698399	0.010385114669	0.00778883600173
-son	0.0649350649351	0.917355371901	0.0106257378985	0.00708382526564
-soi	0.392743285247	0.542161472862	0.0380569060333	0.0270383358572
-tuu	0.112519255226	0.14989233525	0.113691486807	0.623896922717
-dju	0.0727393594928	0.755529581823	0.151352530151	0.0203785285329
-jee	0.49223631018	0.289094083058	0.095828739434	0.122840867328
-jei	0.820627633722	0.0963463625701	0.0112875365779	0.0717384671304
-jen	0.114845938375	0.655462184874	0.134453781513	0.0952380952381
-lim	0.507288629738	0.351797862002	0.0612244897959	0.0796890184645
-lin	0.244870683269	0.304648220218	0.26018598551	0.190295111004
-lio	0.0941031073447	0.861581920904	0.0204802259887	0.0238347457627
-lii	0.316825188586	0.483437192522	0.156444735979	0.0432928829124
-hën	0.153770434723	0.0561657421287	0.000761052143603	0.789302771005
-oma	0.112835528056	0.469779971243	0.401127628412	0.0162568722887
-lia	0.0367446754532	0.88763241184	0.0133087675665	0.0623141451404
-ome	0.048	0.872	0.0639999999999	0.016
-asö	0.0508063779538	0.0743909758739	0.0170115737418	0.857791072431
-oda	0.165948386435	0.780437124827	0.0405315273716	0.0130829613668
-odi	0.290258699056	0.642276555527	0.0163964465617	0.0510682988554
-odo	0.112492151455	0.176571404317	0.160480606593	0.550455837634
-öön	0.0996060962986	0.0597611011888	0.22418217014	0.616450632373
-djo	0.133024487095	0.827266710788	0.0337524818001	0.00595632031767
-ukë	0.203262233375	0.124215809285	0.657465495609	0.0150564617315
-zei	0.414893617021	0.521276595745	0.0159574468085	0.0478723404255
-ëbë	0.0239808153477	0.961630695444	0.0143884892086	0.0
-ööu	0.140114883468	0.680174549247	0.114001518486	0.0657090487987
-pai	0.5396883836	0.389557316211	0.0493122643732	0.0214420358153
-apa	0.590970684113	0.201465582287	0.0954048605636	0.112158873036
-ngö	0.106796564392	0.808701414169	0.0656677329816	0.0188342884573
-paa	0.510389972464	0.384354507923	0.0635505024079	0.0417050172052
-api	0.265033321028	0.399580329907	0.199246148167	0.136140200898
-waa	0.275398585799	0.156525152477	0.0696164185292	0.498459843195
-apu	0.190413465057	0.669959751189	0.121917306989	0.0177094767655
-wan	0.0411533815246	0.120755584239	0.0432111407529	0.794879893483
--fö	0.0341720355215	0.182265366533	0.107086888386	0.676475709559
-ngë	0.312860518452	0.325943429008	0.201977204809	0.159218847731
-pau	0.149119583126	0.806146577451	0.0134570172691	0.0312768221536
-wai	0.314800100485	0.409916355753	0.224174024693	0.0511095190688
-ini	0.500029716098	0.377222189038	0.070630000744	0.0521180941197
-kei	0.409462745965	0.321025867787	0.169798806102	0.0997125801459
-omë	0.0846694468905	0.663432302657	0.214232309303	0.0376659411501
-sun	0.769366197183	0.125	0.0	0.105633802817
-sua	0.0783847980998	0.836104513064	0.0783847980997	0.00712589073634
-dia	0.072664643648	0.886492249651	0.0234560813581	0.0173870253424
-dio	0.0254777070064	0.96178343949	0.0127388535032	0.0
-dii	0.0289923177509	0.0730324452435	0.286398741419	0.611576495587
--tu	0.119815668203	0.0587557603687	0.0276497695853	0.793778801843
-vaa	0.689655172414	0.103448275862	0.0689655172414	0.137931034483
-fei	0.0	1.0	0.0	0.0
-pëë	0.370508384349	0.538727708278	0.0491083311153	0.0416555762577
-uku	0.524510251716	0.330938135583	0.0322365788339	0.112315033867
-afu	0.34484349425	0.549953370159	0.0573555560158	0.047847579575
-uka	0.172665334148	0.673716469367	0.092207393854	0.0614108026305
-afa	0.221051140801	0.209398552096	0.0375176949042	0.532032612199
-ööö	0.228855721393	0.445273631841	0.0	0.325870646766
-efa	0.455764262536	0.189515450805	0.0820874225854	0.272632864073
-apë	0.867256637168	0.0796460176991	0.0	0.0530973451327
-ëii	0.188218390805	0.192528735632	0.580459770115	0.0387931034483
-ëin	0.34093844167	0.206198880758	0.442531209643	0.0103314679294
-ögi	0.0508474576271	0.932203389831	0.0169491525424	0.0
-nge	0.28613352898	0.41819515774	0.248716067498	0.0469552457814
-aim	0.0	1.0	0.0	0.0
-ngi	0.271568266119	0.519308733478	0.117032463558	0.092090536844
-tio	0.15	0.82	0.03	0.0
-tii	0.147706129286	0.786715956428	0.0294890641187	0.0360888501672
-ngo	0.630576142952	0.164347262328	0.0257254527455	0.179351141975
-uwe	0.374073447284	0.271929018688	0.0726639750502	0.281333558978
-ema	0.108846575454	0.695140270391	0.180179448662	0.0158337054931
-uwa	0.332026331882	0.523813806252	0.0748228353538	0.0693370265118
-emi	0.0	1.0	0.0	0.0
-mmm	0.311111111111	0.488888888889	0.0222222222222	0.177777777778
-jaa	0.0941288791159	0.796302789785	0.0319559734206	0.0776123576788
-jan	0.489256841917	0.411084107304	0.0606238836262	0.0390351671523
-jam	0.705882352941	0.205882352941	0.0882352941176	0.0
-jai	0.124149830468	0.765403366571	0.0705214373132	0.0399253656482
-ana	0.0755137520617	0.856621940891	0.0478045736192	0.0200597334284
-nfa	0.232835095226	0.133357228097	0.0851654573979	0.548642219279
-000	0.110107666857	0.119138665148	0.0	0.770753667996
-söö	0.24491683615	0.221239093452	0.0372937776214	0.496550292777
-ënë	0.472949590495	0.146883531357	0.344330372592	0.0358365055562
-eta	0.341491505903	0.56348977829	0.0397350993378	0.0552836164699
-ete	0.0288461538462	0.961538461538	0.0	0.00961538461538
-ökö	0.568976982646	0.345925306219	0.0287877812815	0.0563099298539
-eti	0.18427601291	0.348716272209	0.118633455333	0.348374259549
-bui	0.349262019582	0.5336840567	0.0881192459448	0.0289346777729
-ede	0.502319416832	0.362491716368	0.0675944333996	0.0675944333996
-omi	0.106664447535	0.66311169722	0.0526107012521	0.177613153993
-wei	0.422206275736	0.281268028828	0.146842799305	0.149682896131
-ate	0.0843917229045	0.70099621355	0.137276271115	0.0773357924299
-ata	0.0417157876873	0.903463360275	0.0342630325237	0.0205578195142
-ati	0.155640830056	0.682644120676	0.092129919999	0.0695851292697
-kai	0.652950141186	0.0725402402398	0.0111737062475	0.263335912326
-edi	0.155793028392	0.541543515429	0.0801504910888	0.222512965091
-osa	0.0	1.0	0.0	0.0
-kan	0.189120271993	0.740604699168	0.0550968368648	0.0151781919738
-kaa	0.191324231027	0.542052285433	0.0377323241455	0.228891159395
-ula	0.746256769672	0.167330359987	0.0631456787876	0.0232671915533
-osi	0.0468877489055	0.826307544287	0.0141191920736	0.112685514734
-tan	0.396203752042	0.343042644717	0.107846286343	0.152907316898
-ule	0.803400136194	0.0932586751572	0.0151878152419	0.0881533734072
-osu	0.0624306369089	0.844397307817	0.0630348917371	0.0301371635366
-nia	0.0445079365079	0.896952380952	0.0521904761905	0.00634920634921
-kau	0.0590638930163	0.921991084695	0.0144873699851	0.00445765230312
-ulu	0.354488571064	0.482186183118	0.113778572341	0.0495466734773
-öbu	0.184976118107	0.789839339991	0.0147633521494	0.0104211897525
-ajo	0.230362431251	0.606049922437	0.136087998872	0.0274996474404
-aja	0.263683887644	0.626679567558	0.0500415613501	0.0595949834475
-fii	0.105722988686	0.161391120932	0.0515713706179	0.681314519764
-fio	0.64768683274	0.323312264301	0.0290009029585	0.0
-fia	0.569509396404	0.307292812197	0.0574736902908	0.0657241011081
-ëni	0.338674661108	0.189298214746	0.349503668157	0.122523455989
-ila	0.104618198445	0.755738454504	0.0835848193873	0.0560585276635
-ilo	0.120967741935	0.814516129032	0.0161290322581	0.0483870967741
-ëna	0.0	1.0	0.0	0.0
-ojo	0.178587936997	0.603602454016	0.130086540001	0.0877230689855
-ili	0.369582992641	0.388225674571	0.101226492232	0.140964840556
-ebi	0.11651564207	0.511979008422	0.312559895176	0.0589454543323
-oam	0.0466926070039	0.88326848249	0.0350194552529	0.0350194552529
-igi	0.463964198705	0.195675964407	0.165027293928	0.17533254296
-amu	0.0468670361876	0.917080784913	0.0301430300714	0.00590914882772
-ebe	0.580729756574	0.345946087229	0.0538082210877	0.0195159351095
-ami	0.0344827586207	0.965517241379	0.0	0.0
-kwi	0.570342205323	0.247148288973	0.155893536122	0.0266159695817
-ama	0.116191463946	0.778109095527	0.0362711878011	0.0694282527263
-ëun	0.0599571734475	0.820128479657	0.119914346895	0.0
-buu	0.134457284741	0.165674026333	0.600287407174	0.0995812817527
-hii	0.0357605141365	0.1752452375	0.0741400222121	0.714854226151
-usi	0.213886617404	0.739059587119	0.025401146979	0.0216526484989
-ein	0.387766878246	0.579919215234	0.0161569532602	0.0161569532602
-hia	0.0709019401216	0.391351310664	0.462655953031	0.0750907961838
-usa	0.222429340538	0.720586905141	0.032208208964	0.0247755453569
-nkö	0.442307692308	0.153846153846	0.346153846154	0.0576923076923
-use	0.837528417343	0.127966666587	0.0217336159664	0.0127713001039
-uli	0.42261719156	0.301683816651	0.198264213699	0.0774347780896
-usu	0.462226891688	0.0722400921865	0.0196639294658	0.44586908666
-epi	0.4410259657	0.298627451601	0.103609527649	0.15673705505
-win	0.0785554237512	0.907473309608	0.00237247924081	0.0115987873995
-wii	0.119653805892	0.780899506505	0.0719679976073	0.0274786899955
-pii	0.428770301624	0.303748931493	0.174103472137	0.093377294745
-npu	0.768433588007	0.163093313692	0.0123194393424	0.0561536589586
-ium	0.0	1.0	0.0	0.0
-iun	0.105263157895	0.877192982456	0.0175438596491	0.0
-ölö	0.263736263736	0.56043956044	0.175824175824	0.0
-usë	0.0463917525773	0.768041237113	0.0618556701031	0.123711340206
-iin	0.4539543058	0.130052724077	0.0402460456942	0.375746924429
-iii	0.212131554241	0.637712200719	0.113657494546	0.0364987504932
-iia	0.406779661017	0.576271186441	0.0169491525424	0.0
-agu	0.0771102856411	0.91776610734	0.00256180350967	0.00256180350967
-agi	0.263287785581	0.354691781443	0.227874861633	0.154145571343
-ago	0.581632653061	0.352040816327	0.0663265306123	0.0
-anu	0.151517533479	0.718588011906	0.100319393466	0.029575061149
-nfu	0.03125	0.84375	0.125	0.0
-ona	0.286211558106	0.131703049362	0.0295751122094	0.552510280323
-ego	0.0600461893764	0.202895769503	0.467597953903	0.269460087217
-egi	0.588662571291	0.360941682346	0.0132011435096	0.0371946028532
-oni	0.0613006838677	0.414436816409	0.0193899168572	0.504872582866
-dam	0.0702564606465	0.904981821755	0.0141495529134	0.0106121646851
-egu	0.398791540785	0.546827794562	0.0181268882175	0.036253776435
-onu	0.0783196195365	0.775722805163	0.135612179773	0.010345395527
-ani	0.118440057776	0.815840154068	0.0387578237843	0.0269619643717
-ank	0.196570219838	0.292966684294	0.0539397144368	0.456523381431
-tam	0.0	1.0	0.0	0.0
-iki	0.609736879619	0.256327989593	0.0850844503325	0.0488506804562
-tai	0.544600834244	0.306874707234	0.0845397158216	0.0639847427004
-pië	0.509881422925	0.284584980237	0.158102766798	0.0474308300395
-taa	0.12367669501	0.0020171896897	9.38210275022e-05	0.874212294273
-wiö	0.4375	0.5	0.0	0.0625
-öpö	0.178932178932	0.795093795094	0.012987012987	0.012987012987
-mia	0.0785714285714	0.914285714286	0.00714285714285	0.0
-bën	0.00293379656437	0.0117351862575	0.0818760856977	0.90345493148
-mii	0.0315918406956	0.914696716239	0.0202078197829	0.033503623282
-min	0.0	1.0	0.0	0.0
-eni	0.482216191434	0.20426459351	0.0265202403442	0.286998974712
-ene	0.10025220681	0.865699873897	0.0302648171501	0.00378310214376
-ena	0.33944789782	0.370886552138	0.266019382692	0.0236461673504
