-ijs	0.0154241645245	0.96529562982	0.0192802056555	0.0
-eus	0.0350661625709	0.948487712665	0.00226843100189	0.0141776937618
-hel	0.0491411948637	0.878916095856	0.0672251545735	0.00471755470692
-hem	0.00445434298441	0.991091314031	0.00445434298441	0.0
-rba	0.0212014134276	0.978798586572	0.0	0.0
-hei	0.162010266196	0.188567683331	0.547183009667	0.102239040806
-lem	0.00492895204263	0.994005328597	0.0	0.00106571936057
-ufu	0.201612903226	0.508064516129	0.225806451613	0.0645161290323
-aus	0.114222549742	0.863669859985	0.00736919675755	0.0147383935151
-oyo	0.0235294117647	0.931888544892	0.040866873065	0.00371517027864
-nsu	0.0704152398492	0.900290639118	0.0171505855947	0.0121435354378
-nso	0.173329442661	0.161268359109	0.400447427293	0.264954770937
-nsi	0.151321765185	0.364118816657	0.0759780695374	0.408581348621
-aum	0.00477897252091	0.995221027479	0.0	0.0
-aul	0.0134831460674	0.98202247191	0.00449438202249	0.0
-nti	0.127084821297	0.655957936628	0.055811423998	0.161145818077
-pus	0.0207300585849	0.975063842572	0.00360522757999	0.000600871263331
-nta	0.0552740863787	0.565406976744	0.369781284607	0.00953765227021
-nte	0.0340402338718	0.929788920821	0.0126845704093	0.0234862748984
-kia	0.0271084337349	0.95421686747	0.00722891566266	0.0114457831325
-dus	0.0478087649402	0.804780876494	0.131474103586	0.0159362549801
-ntu	0.147095632783	0.24674463982	0.122676875992	0.483482851405
-dro	0.183180394013	0.141034881021	0.0850599946323	0.590724730333
-pre	0.145669291339	0.809780356403	0.0171985080812	0.0273518441774
-opu	0.463817971288	0.480515113257	0.0361646770962	0.0195022383584
-ape	0.115886697133	0.128819619477	0.0303834150077	0.724910268382
-pro	0.201807228916	0.677710843374	0.120481927711	0.0
-opo	0.440397834012	0.0552245390425	0.030742309698	0.473635317247
-opi	0.130750605327	0.513317191283	0.326876513317	0.0290556900726
-sma	0.0464710444837	0.624166877231	0.0689160648262	0.26044601346
-opa	0.0343511450381	0.965648854962	0.0	0.0
-dea	0.00161030595813	0.992680427463	0.0048309178744	0.000878348704436
-oku	0.248751631391	0.208562673779	0.0739800261023	0.468705668728
-dei	0.0254358789634	0.912477811923	0.0231513736397	0.0389349354735
-msi	0.284965831435	0.252619589977	0.136218678816	0.326195899772
-dek	0.110453648915	0.884474499859	0.00338123415047	0.00169061707523
-den	0.0105795078914	0.00884321625961	0.00139674264467	0.979180533204
-400	0.0	0.617924528302	0.0283018867925	0.353773584906
-oko	0.433106167379	0.465380846479	0.0432939968455	0.0582189892966
-des	0.0507182320442	0.898784530387	0.0412154696133	0.0092817679558
-kim	0.0	1.0	0.0	0.0
-rwe	0.0212014134275	0.851590106007	0.127208480565	0.0
-obi	0.481524781323	0.381166315051	0.0763926082199	0.0609162954053
-idi	0.140100872628	0.46801697222	0.359058522136	0.0328236330158
-ide	0.033868714329	0.866214795595	0.0407029820753	0.0592135080005
-rpe	0.0985915492958	0.887323943662	0.00704225352113	0.00704225352112
-ida	0.0223880597015	0.973880597015	0.0	0.00373134328358
-bia	0.0190735694823	0.948228882834	0.016348773842	0.016348773842
-idu	0.426666666667	0.48	0.0666666666667	0.0266666666667
-rpu	0.0204081632653	0.967201166181	0.00655976676385	0.00583090379008
-ter	0.0381602237421	0.931032454372	0.0168822626617	0.0139250592243
-uta	0.0	1.0	0.0	0.0
-gru	0.126152142886	0.729788312503	0.139857807894	0.00420173671784
-rin	0.319596067554	0.145855069513	0.419209269579	0.115339593353
-uth	0.0	1.0	0.0	0.0
-rim	0.0	1.0	0.0	0.0
-tea	0.041095890411	0.958904109589	0.0	0.0
-gra	0.53531598513	0.323420074349	0.118959107807	0.0223048327137
-ris	0.0	1.0	0.0	0.0
-utu	0.314257431377	0.604869046445	0.0392321379298	0.041641384248
-tei	0.152466367713	0.75067264574	0.0269058295964	0.0699551569506
-gri	0.292505106386	0.331472297384	0.325420758685	0.0506018375453
-tel	0.154589371981	0.835748792271	0.00966183574879	0.0
-gro	0.708909827706	0.188900621847	0.0748652966182	0.027324253829
-ten	0.0723123251035	0.704699763638	0.0481596764009	0.174828234858
-ara	0.148747848934	0.402340001071	0.0977975540798	0.351114595916
-mes	0.0	0.918918918919	0.0810810810811	0.0
-mer	0.0	1.0	0.0	0.0
-lus	0.049874573388	0.876344433319	0.00912438228739	0.0646566110053
-ari	0.565339766284	0.268990538643	0.103020386377	0.0626493086962
-aru	0.0274914089347	0.786941580756	0.137457044674	0.0481099656358
-mea	0.0	0.965517241379	0.0	0.0344827586207
-mel	0.00418801514814	0.8835375362	0.096888690874	0.0153857577783
-men	0.021205719857	0.0781605459863	0.00877478063048	0.891858953526
-mek	0.0	1.0	0.0	0.0
-tye	0.418695228822	0.315481986368	0.175267770205	0.0905550146056
-aya	0.0651323985931	0.819608207543	0.0832696636174	0.0319897302469
-tyo	0.156182679879	0.778112882378	0.0527789745799	0.0129254631624
-tyi	0.0764887063655	0.771047227926	0.126283367557	0.026180698152
-fos	0.0357142857143	0.964285714286	0.0	0.0
-sro	0.283292978208	0.217917675545	0.0290556900726	0.469733656174
-sri	0.0340136054422	0.9410430839	0.0113378684807	0.0136054421769
-ak'	0.0684996593172	0.00672629682878	0.00762336095267	0.917150682901
-sre	0.595890410959	0.404109589041	0.0	0.0
-sra	0.0070944324782	0.976970103707	0.00389833662825	0.012037127187
-uba	0.133482142857	0.795535714286	0.065625	0.00535714285714
-ota	0.0307692307692	0.958974358974	0.0102564102564	0.0
-'ma	0.0255814797344	0.970717370006	0.00152400304801	0.00217714721144
-ote	0.325497936479	0.169926431007	0.144625874753	0.359949757761
-ebi	0.113846759897	0.618042150877	0.22012999803	0.0479810911956
-oti	0.563932928683	0.284199112634	0.0629036202415	0.0889643384413
-ijn	0.0	1.0	0.0	0.0
-iga	0.0	0.973548861132	0.0132255694342	0.0132255694342
-oto	0.120197650207	0.691488022671	0.00869394786148	0.179620379261
-uma	0.0827844507658	0.330643336011	0.0263556317961	0.560216581427
-otu	0.398244651673	0.512342292924	0.0735052111903	0.0159078442128
-kba	0.355573008405	0.178120734748	0.0564760662971	0.40983019055
ALL	0.236968359638	0.334883125715	0.0617214685258	0.366427046121
-nai	0.0762631077216	0.837940896092	0.0857959961868	0.0
-nan	0.00300902708124	0.996990972919	0.0	0.0
-aki	0.472641083306	0.0510403382632	0.0117612164536	0.464557361977
-sis	0.0	1.0	0.0	0.0
-kin	0.0361784290759	0.876279821089	0.0615965070702	0.0259452427649
-aka	0.353297692655	0.10819943065	0.0368416691692	0.501661207525
-kis	0.0	1.0	0.0	0.0
-sin	0.092656142759	0.836993822924	0.0531914893617	0.0171585449554
-nas	0.0404624277457	0.95183044316	0.00385356454722	0.0038535645472
-sia	0.0180689655172	0.954620689655	0.0206896551724	0.00662068965517
-ala	0.0313224083371	0.126843273505	0.0369720089079	0.80486230925
-dyu	0.0293644281747	0.818685306741	0.14147311285	0.0104771522343
-mos	0.00966183574879	0.980676328502	0.0	0.00966183574878
-mor	0.0	0.968253968254	0.031746031746	0.0
-gon	0.128440366972	0.605504587156	0.266055045872	0.0
-gog	0.0357142857142	0.946428571429	0.0178571428571	0.0
-lku	0.0174396089933	0.967526245323	0.00999192451603	0.00504222116781
-lki	0.0	1.0	0.0	0.0
-dya	0.0881315639247	0.137084854978	0.0644525598818	0.710331021216
-mon	0.00809749713725	0.988794372648	0.000163585800752	0.00294454441354
-moi	0.16417157275	0.359966358284	0.41850294365	0.0573591253154
-ber	0.0	1.0	0.0	0.0
-ofu	0.271323035594	0.382135661518	0.253861652115	0.0926796507724
-eor	0.0357142857142	0.964285714286	0.0	0.0
-bet	0.0489396411093	0.84176182708	0.00163132137031	0.10766721044
-ofo	0.206868533666	0.538324034451	0.176019717242	0.0787877146417
-bei	0.169860267673	0.0754672483934	0.0491716290313	0.705500854902
-ben	0.897351720576	0.0081921142966	0.0022487085824	0.0922074565452
-bel	0.0932297447281	0.9008509064	0.00591934887163	0.0
-yan	0.627687131127	0.338983249636	0.0144093531936	0.0189202660438
-bed	0.252631578947	0.747368421053	0.0	0.0
-rei	0.515500854353	0.404135894588	0.0573323193529	0.0230309317059
-ren	0.140061156841	0.76928282041	0.00911356842456	0.0815424543251
-isi	0.311452088603	0.222395385044	0.0249737305231	0.44117879583
-rea	0.00828843762951	0.966846249482	0.0215499378367	0.0033153750518
-isa	0.0107963963151	0.964425451306	0.0116984450934	0.0130797072852
-eve	0.0137069753274	0.986293024673	0.0	0.0
-eva	0.146496815287	0.738853503185	0.114649681529	0.0
-res	0.0178041543027	0.959940652819	0.00890207715133	0.013353115727
-ist	0.0	0.666666666667	0.333333333333	0.0
-ret	0.0282519128899	0.968216597999	0.00353148911124	0.0
-dia	0.0896226415094	0.877358490566	0.0	0.0330188679245
-mas	0.0471596998928	0.944265809218	0.0021436227224	0.00643086816721
-mar	0.0	1.0	0.0	0.0
-ham	0.0316276052226	0.929608304274	0.0311410266807	0.00762306382288
-mai	0.720430107527	0.215053763441	0.0215053763441	0.0430107526881
-man	0.0732417528352	0.699303340143	0.100416235081	0.127038671941
-mag	0.415441176471	0.333823529412	0.219852941176	0.0308823529412
-uni	0.0178571428571	0.803571428571	0.0	0.178571428571
-wnu	0.0406551925904	0.905042742361	0.0204078720155	0.0338941930328
-mfa	0.030701754386	0.969298245614	0.0	0.0
-pte	0.01171875	0.88828125	0.08984375	0.01015625
-nka	0.0889508362899	0.865433350228	0.0	0.045615813482
-pta	0.0426439232409	0.957356076759	0.0	0.0
-unu	0.014399970078	0.0167151570522	0.00250248951461	0.966382383355
-nki	0.484551122234	0.316479334991	0.148184090481	0.0507854522935
-tre	0.552948183443	0.064919594997	0.15052610681	0.231606114751
-gad	0.0	1.0	0.0	0.0
-tra	0.0386781536911	0.397438893508	0.300259312899	0.263623639902
-ada	0.014598540146	0.903416549101	0.0202539409924	0.0617309697602
-ado	0.0384812224402	0.901525565097	0.0156505551957	0.0443426572666
-gai	0.0	1.0	0.0	0.0
-adi	0.217801957006	0.213482438576	0.10477665697	0.463938947448
-tru	0.142925023758	0.41238069688	0.230876261237	0.213818018124
-gar	0.242236024845	0.72049689441	0.0124223602484	0.0248447204969
-lam	0.0301427815971	0.946589106293	0.0216816499207	0.00158646218932
-nor	0.0	1.0	0.0	0.0
-ini	0.0584387918157	0.0442780918697	0.0125374608178	0.884745655497
-sem	0.0	1.0	0.0	0.0
-sek	0.0	1.0	0.0	0.0
-sei	0.142835395302	0.357675552861	0.113251238999	0.386237812838
-sef	0.0340468366048	0.957071379933	0.00532907007726	0.00355271338485
-sea	0.00442477876106	0.973451327434	0.0221238938053	0.0
-iki	0.662438812856	0.251081843197	0.065966325502	0.0205130184447
-lak	0.0	1.0	0.0	0.0
-ses	0.0376271427555	0.940749697703	0.00974464755673	0.0118785119852
-ohi	0.0	0.963636363636	0.0181818181818	0.0181818181818
-kus	0.0266599597585	0.969315895372	0.00201207243461	0.00201207243461
-ede	0.23701794753	0.434415127003	0.152225060409	0.176341865057
-ooi	0.21568627451	0.470588235294	0.0	0.313725490196
-ial	0.0	0.861111111111	0.138888888889	0.0
-ook	0.101449275362	0.855072463768	0.0	0.0434782608695
-edi	0.0927446117302	0.562266391868	0.319209138226	0.0257798581758
-nes	0.0210031229378	0.943774509598	0.0142486665518	0.0209737009125
-nen	0.228710562334	0.734619970982	0.0136868013416	0.022982665343
-aan	0.0740740740741	0.888888888889	0.037037037037	0.0
-rsu	0.220406011073	0.695755338782	0.0775112048511	0.00632744529396
-ias	0.0447974049943	0.912250775985	0.0139257850731	0.0290260339476
-nei	0.526534115291	0.391217279359	0.0796738663997	0.00257473895008
-kum	0.0365853658537	0.780487804878	0.0365853658537	0.146341463415
-ban	0.176470588235	0.438502673797	0.288770053476	0.096256684492
-eka	0.292752701843	0.578512396694	0.0905912269548	0.0381436745073
-bai	0.882067291016	0.0952133194589	0.01699618453	0.0057232049948
-eki	0.411848695565	0.0862641907247	0.0250971329808	0.47678998073
-las	0.0813571689164	0.894928858081	0.0105800802627	0.0131338927399
-mku	0.103351955307	0.0796089385475	0.0963687150838	0.720670391061
-mki	0.178850453136	0.803841438496	0.010096396548	0.00721171182
-upu	0.0829046758422	0.830353584503	0.0562583993698	0.0304833402845
-baw	0.220048899755	0.167481662592	0.590464547677	0.0220048899756
-ila	0.0395016712246	0.706472196901	0.227590398055	0.0264357338195
-bas	0.0259199570239	0.957292506044	0.0108783239323	0.00590921300027
-uur	0.413223140496	0.570247933884	0.0	0.0165289256198
-dru	0.493935989399	0.350848385331	0.142770719903	0.0124449053669
-nya	0.580120881615	0.261206841296	0.0429876363989	0.11568464069
-asa	0.117829457364	0.834108527132	0.0015503875969	0.046511627907
-aso	0.112207151665	0.12009864365	0.0456226880395	0.722071516646
-nyo	0.115789473684	0.847368421053	0.0368421052631	0.0
-asi	0.312662076514	0.500860436105	0.0760156444675	0.110461842914
-oru	0.546448087432	0.251366120219	0.163934426229	0.0382513661202
-dre	0.0866068666873	0.853880984294	0.0311544145445	0.0283577344743
-ast	0.0	0.777777777778	0.222222222222	0.0
-dra	0.110529622175	0.0925140065898	0.111360402056	0.685595969179
-yel	0.173116089613	0.780040733198	0.0264765784114	0.020366598778
-yen	0.110852440378	0.453317452153	0.429468612111	0.00636149535746
-lta	0.0	1.0	0.0	0.0
-dri	0.0439104802079	0.128772882039	0.17624179078	0.651074846973
-mbo	0.125	0.8375	0.0375	0.0
-ogo	0.359362290548	0.307467057101	0.080364405401	0.25280624695
-430	0.554054054054	0.0540540540541	0.0	0.391891891892
-ras	0.0	0.964071856287	0.0359281437126	0.0
-ran	0.611226611227	0.239085239085	0.12474012474	0.024948024948
-rao	0.147582697201	0.832061068702	0.00508905852417	0.0152671755725
-ram	0.0	1.0	0.0	0.0
-rak	0.04	0.96	0.0	0.0
-rai	0.680560569759	0.180318064627	0.0310698305381	0.108051535076
-era	0.0	1.0	0.0	0.0
-ere	0.814554217735	0.140429907678	0.0254533426638	0.0195625319236
-dos	0.0377358490566	0.962264150943	0.0	0.0
-ugu	0.229767679346	0.714322185346	0.0321674751085	0.0237426601991
-ela	0.0	1.0	0.0	0.0
-swa	0.0981012658227	0.414556962025	0.379746835443	0.107594936709
-ôti	0.0562015503876	0.206072351421	0.737726098191	0.0
-áti	0.275362318841	0.260869565217	0.463768115942	0.0
-ika	0.0436099960652	0.040753629405	0.00504728880169	0.910589085728
-iko	0.0454545454545	0.954545454545	0.0	0.0
-aat	0.0	1.0	0.0	0.0
-lan	0.307621247113	0.0697459584295	0.60415704388	0.0184757505774
-nos	0.021897810219	0.978102189781	0.0	0.0
-lai	0.278066725866	0.26132183179	0.389318787264	0.0712926550806
-fon	0.687785492417	0.198542846702	0.0706650831354	0.0430065777453
-now	0.135741826603	0.0950842592821	0.0495977974328	0.719576116682
-aal	0.0	1.0	0.0	0.0
-law	0.182267986093	0.25488098422	0.524338058304	0.0385129713827
-iks	0.136032757052	0.795723384895	0.0368516833485	0.0313921747043
-non	0.0	1.0	0.0	0.0
-fow	0.940092165899	0.0230414746544	0.036866359447	0.0
-wèt	0.0171971808525	0.93993482923	0.0345133733371	0.00835461658022
-noa	0.00401606425703	0.995983935743	0.0	0.0
-epi	0.583481179509	0.253044133085	0.0767394865021	0.0867352009043
-gen	0.149659863946	0.203231292517	0.0272108843537	0.619897959184
-gel	0.00637242478005	0.981787899634	0.00662587349288	0.00521380209276
-bon	0.0499283175488	0.900347749828	0.042154390913	0.00756954171025
-boi	0.0671318465819	0.756920691385	0.100971405117	0.0749760569161
-dod	0.0344827586207	0.896551724138	0.0344827586207	0.0344827586207
-bow	0.718768371546	0.200911228689	0.05291005291	0.0274103468548
-nfu	0.120481927711	0.795180722892	0.0602409638554	0.0240963855422
-don	0.735096942722	0.177506663242	0.0472392630353	0.0401571310007
-dom	0.00707793593906	0.992922064061	0.0	0.0
-dok	0.0	1.0	0.0	0.0
-sas	0.0285714285714	0.942857142857	0.0285714285714	0.0
-mpo	0.776971894832	0.123300090662	0.0253853127833	0.0743427017226
-saw	0.0	0.964125866958	0.0358741330418	0.0
-sau	0.0235294117647	0.952941176471	0.0235294117647	0.0
-mpi	0.319802329686	0.595481821391	0.0677726791387	0.0169431697847
-ton	0.0615978276404	0.924967843361	0.0117907674718	0.00164356152637
-mpe	0.0731707317073	0.926829268293	0.0	0.0
-lfa	0.0	0.963768115942	0.036231884058	0.0
-oli	0.159086101121	0.740638883012	0.0977364078697	0.00253860799661
-ibo	0.241095890411	0.644931506849	0.0876712328767	0.026301369863
-ibi	0.382594211054	0.440205648822	0.0650236513656	0.112176488758
-olo	0.224008820034	0.629444022852	0.130797096261	0.0157500608525
-sak	0.00464653169598	0.987387985397	0.0079654829074	0.0
-sai	0.560782487191	0.409292035398	0.022356776898	0.00756870051234
-mpu	0.223836235485	0.710804989318	0.0489136640182	0.0164451111785
-san	0.0583766615403	0.0940178036979	0.00485494804349	0.842750586718
-sam	0.0	1.0	0.0	0.0
-lon	0.597545180662	0.314185098929	0.0215395011524	0.0667302192564
-row	0.171998510783	0.621427911539	0.100639260717	0.105934316962
-iel	0.102661596958	0.863117870722	0.0342205323194	0.0
-loi	0.15625	0.84375	0.0	0.0
-der	0.134105960265	0.662251655629	0.200331125828	0.00331125827815
-wel	0.0	1.0	0.0	0.0
-ron	0.29775643807	0.399097277572	0.0582536646995	0.244892619659
-los	0.0440677966102	0.935593220339	0.00338983050848	0.0169491525424
-ipi	0.296009061714	0.52260114723	0.130949017494	0.0504407735634
-sar	0.0	1.0	0.0	0.0
-ipa	0.00485142510612	0.98241358399	0.00545785324439	0.00727713765918
-efu	0.057840443324	0.0287684438377	0.00824841546579	0.905142697372
-wdu	0.450508695434	0.323660602416	0.148298501478	0.0775322006716
-awe	0.0468937875751	0.388376753507	0.0793587174349	0.485370741483
-wde	0.343511450382	0.330152671756	0.114503816794	0.211832061069
-pki	0.258784497059	0.665962901523	0.0666566128789	0.00859598853869
-stu	0.192119733052	0.683130267788	0.111336020756	0.0134139784043
-276	0.0	0.411764705882	0.0	0.588235294118
-sti	0.26264274062	0.260195758564	0.384176182708	0.0929853181077
-ste	0.0939644553933	0.160302657047	0.495161006511	0.250571881049
-uch	0.0	0.387096774194	0.612903225806	0.0
-red	0.0	1.0	0.0	0.0
-wán	0.210041592394	0.378193701723	0.137254901961	0.274509803922
-eye	0.0191308864266	0.87319656048	0.103762696214	0.00390985687904
-lei	0.337039062025	0.380475062268	0.230362675415	0.0521232002916
-lel	0.0	1.0	0.0	0.0
-ion	0.0395713107996	0.917559769167	0.00989282769991	0.032976092333
-len	0.283783783784	0.675675675676	0.0250965250965	0.015444015444
-mum	0.0	1.0	0.0	0.0
-lea	0.00354758309531	0.980351847472	0.0144632233886	0.00163734604399
-mun	0.00350877192983	0.991812865497	0.0	0.0046783625731
-mui	0.322739591032	0.428184281843	0.179600886918	0.0694752402069
-aga	0.0641025641025	0.935897435897	0.0	0.0
-leg	0.0	1.0	0.0	0.0
-mus	0.352766684213	0.0464771885762	0.0139992992972	0.586756827913
-ios	0.0	0.966101694915	0.0338983050847	0.0
-les	0.0	1.0	0.0	0.0
-iot	0.01243339254	0.98756660746	0.0	0.0
-fta	0.0307692307692	0.969230769231	0.0	0.0
-rre	0.0172413793104	0.974137931034	0.00862068965519	0.0
-ifi	0.555683284595	0.29184452256	0.0236785180736	0.128793674771
-ndu	0.115880644711	0.796124630661	0.0853570386903	0.00263768593784
-ifo	0.265003897116	0.378799688231	0.145752143414	0.210444271239
-ndi	0.437709271447	0.213139360351	0.126544278952	0.222607089251
-gin	0.620243451391	0.146578798021	0.03280832249	0.200369428099
-alm	0.0297872340425	0.96170212766	0.0	0.00851063829787
-ali	0.0	1.0	0.0	0.0
-nda	0.606557377049	0.262295081967	0.0655737704918	0.0655737704918
-nde	0.197704334059	0.21690085098	0.0486839501287	0.536710864833
-gia	0.0722891566265	0.89156626506	0.0240963855422	0.0120481927711
-eer	0.092750533049	0.874378109453	0.0122601279318	0.0206112295665
-120	0.0429491768075	0.25053686471	0.0357909806728	0.67072297781
-bre	0.0515463917525	0.89175257732	0.0567010309278	0.0
-yow	0.527777777778	0.472222222222	0.0	0.0
-bui	0.462979482605	0.467885816236	0.0584299732381	0.0107047279215
-yob	0.0333333333333	0.966666666667	0.0	0.0
-lok	0.0	0.915407854985	0.0422960725076	0.0422960725076
-gwe	0.468283266163	0.0634550195968	0.00815894235476	0.460102771885
-pel	0.068091817189	0.89224494353	0.0237393279439	0.0159239113369
-pen	0.335020486864	0.635092793444	0.0144613159798	0.0154254037117
-rki	0.291010634609	0.653201958208	0.0424913346593	0.0132960725245
-153	0.0	0.0625	0.09375	0.84375
-eli	0.0129310344827	0.961206896552	0.0129310344828	0.0129310344827
-per	0.0810810810811	0.72972972973	0.162162162162	0.027027027027
-rka	0.228571428571	0.742857142857	0.0285714285714	0.0
-lsi	0.110091743119	0.48623853211	0.330275229358	0.0733944954129
-iya	0.0988850442137	0.194848135333	0.043598615917	0.662668204537
-abu	0.750985938477	0.215886528681	0.00571164359344	0.0274158892485
-bba	0.138181818182	0.807272727273	0.0	0.0545454545455
-est	0.137651821862	0.506072874494	0.0647773279352	0.291497975708
-esi	0.273985850547	0.44920558983	0.0533843633892	0.223424196234
-iti	0.302302983187	0.371746330532	0.134421839643	0.191528846637
-esa	0.0632099929295	0.885316992694	0.0333726137167	0.0181004006599
-ese	0.0376846548086	0.944226710883	0.0126620440157	0.00542659029243
-ita	0.0610404624277	0.712138728324	0.21225433526	0.0145664739884
-bru	0.115942028986	0.31884057971	0.260869565217	0.304347826087
-udu	0.0351708831277	0.842973847894	0.116805693103	0.00504957587477
-ria	0.0235396105628	0.844625233396	0.0213390237397	0.110496132302
-666	0.0	0.0555555555556	0.0	0.944444444444
-fas	0.051523007129	0.935839274141	0.00680492546986	0.00583279325988
-bra	0.363688668263	0.0933071972383	0.0403080134338	0.502696121065
-uda	0.0363951473137	0.934488734835	0.00727902946274	0.0218370883882
-fat	0.0	1.0	0.0	0.0
-bri	0.30663385297	0.338213785653	0.0994161398145	0.255736221563
-bro	0.678946631181	0.266423868889	0.0395013307186	0.0151281692114
-ril	0.0	0.838709677419	0.161290322581	0.0
-hum	0.0	1.0	0.0	0.0
-hud	0.0	1.0	0.0	0.0
-wol	0.0	1.0	0.0	0.0
-lot	0.187719435125	0.764531481626	0.044940313646	0.00280876960288
-win	0.0236978944676	0.957036910749	0.00852442247038	0.0107407723127
-kob	0.000821692686934	0.996713229252	0.0024650780608	0.0
-kon	0.785268989018	0.0168812622916	0.00570425510412	0.192145493586
-ael	0.00854320548189	0.974637358726	0.0152175847646	0.00160185102785
-ort	0.0221674876847	0.933497536946	0.0147783251231	0.0295566502463
-aen	0.0294117647059	0.941176470588	0.0294117647059	0.0
-kow	0.729013990673	0.148900732845	0.0324783477682	0.0896069287142
-ori	0.472506337705	0.35620441515	0.0793128837807	0.0919763633643
-oro	0.283983616558	0.157941806182	0.154105726211	0.403968851049
-kos	0.0	1.0	0.0	0.0
-kor	0.0	1.0	0.0	0.0
-ora	0.014598540146	0.948905109489	0.0	0.036496350365
-ore	0.723381405339	0.238033139	0.0201749002762	0.0184105553851
-kra	0.219091139883	0.703478040112	0.0652449860371	0.012185833968
-lit	0.0	0.866666666667	0.133333333333	0.0
-rus	0.0207409486388	0.95282065675	0.00505192253719	0.0213864720741
-gre	0.143902439024	0.763414634146	0.0756097560975	0.0170731707317
-omu	0.489361702128	0.106382978723	0.404255319149	0.0
-kri	0.389232595504	0.142054630485	0.133403401709	0.335309372303
-lim	0.0	0.964285714286	0.0357142857143	0.0
-kru	0.098268276813	0.288829460187	0.501769927352	0.111132335647
-run	0.146662763466	0.379098360656	0.465456674473	0.00878220140515
-rub	0.32	0.62	0.06	0.0
-oma	0.00547778454047	0.88861838101	0.0876445526476	0.0182592818016
-lia	0.0053050397878	0.981432360743	0.0132625994695	0.0
-ome	0.0421052631579	0.884210526316	0.0631578947368	0.0105263157895
-gaw	0.248520710059	0.192307692308	0.372781065089	0.186390532544
-eas	0.0209359605911	0.970443349754	0.00615763546798	0.00246305418719
-abi	0.80605155154	0.0639354879945	0.0266189351455	0.10339402532
--ai	0.365686669352	0.557954087797	0.0608940797423	0.0154651631091
-oda	0.278152393796	0.615643964936	0.0606877950101	0.0455158462576
-rna	0.0	1.0	0.0	0.0
-odi	0.432443616801	0.534243740948	0.00693151251811	0.0263811297331
-eam	0.00796812749004	0.99203187251	0.0	0.0
-rni	0.0	1.0	0.0	0.0
-odo	0.260273972603	0.567732115677	0.10502283105	0.0669710806697
-rgi	0.0263865546218	0.966806722689	0.00378151260504	0.00302521008403
-rga	0.0	0.986842105263	0.0	0.0131578947368
-rfu	0.0153516601214	0.0614066404855	0.0508746876116	0.872367011781
-kya	0.0	0.959459459459	0.0405405405405	0.0
-rgu	0.451506345776	0.38848736226	0.0967968937569	0.0632093982068
-ehu	0.0	1.0	0.0	0.0
-uru	0.220535806114	0.248806006296	0.292619998921	0.23803818867
-pai	0.597683315975	0.35020732604	0.0244016631045	0.0277076948799
-apa	0.24496124031	0.675968992248	0.0186046511628	0.0604651162791
-pan	0.400178139712	0.498876023243	0.0377486533486	0.063197183696
-duw	0.285714285714	0.597402597403	0.116883116883	0.0
-api	0.067681895093	0.89847715736	0.0169204737733	0.0169204737733
-apu	0.18127146093	0.356317194551	0.0291000916465	0.433311252873
-wan	0.0348192185263	0.117971877686	0.054201857446	0.793007046342
-pas	0.0554870530209	0.861282367448	0.0721331689272	0.0110974106042
-wai	0.548774892172	0.381481141599	0.0541433422043	0.0156006240249
-kem	0.0	1.0	0.0	0.0
-sus	0.00453434109749	0.674987468934	0.00351840964896	0.31695978032
-sun	0.0578815679733	0.133444537114	0.0230191826522	0.78565471226
-tun	0.00628930817609	0.981132075472	0.0125786163522	0.0
-sor	0.0	1.0	0.0	0.0
-nus	0.144637053088	0.796316359697	0.0281690140845	0.0308775731311
-sua	0.0461538461538	0.938461538462	0.0	0.0153846153846
-eti	0.153100974076	0.607864582528	0.145211649546	0.09382279385
-fer	0.374443354215	0.618688202883	0.00286814099177	0.00400030190958
-fes	0.0877192982456	0.877192982456	0.0350877192982	0.0
-psa	0.590526016557	0.132458014444	0.0290450997427	0.247970869257
--tu	0.157024793388	0.099173553719	0.0	0.743801652893
-son	0.113071095125	0.566924313155	0.0608402846866	0.259164307033
-ina	0.432453369883	0.488975627197	0.0567904177343	0.0217805851856
-sli	0.0	1.0	0.0	0.0
-ska	0.0483412322275	0.930331753555	0.00616113744077	0.0151658767773
-uku	0.529181475132	0.335209775117	0.033785938405	0.101822811346
-afu	0.24789728924	0.664723022238	0.054667107331	0.0327125811913
-afo	0.0137656775772	0.931783420006	0.0204955643928	0.0339553380239
-sad	0.0	1.0	0.0	0.0
--fo	0.0096256684492	0.064705882353	0.126737967914	0.798930481283
-ngu	0.203089205613	0.264818447441	0.501639254311	0.030453092635
-ais	0.0689655172414	0.931034482759	0.0	0.0
-efi	0.179862607741	0.186698048144	0.168014239621	0.465425104495
-nga	0.0281107307722	0.0270414208167	0.0368871987955	0.907960649616
-tia	0.0	1.0	0.0	0.0
-aim	0.0357142857143	0.964285714286	0.0	0.0
-ngi	0.555313086258	0.378157654807	0.0399312656669	0.0265979932682
-tin	0.0344332855093	0.187396534599	0.0107052201744	0.767464959718
-ain	0.00881057268724	0.955947136564	0.00881057268724	0.0264317180617
-ngo	0.0232941861594	0.867223138892	0.10744443366	0.00203824128894
-eme	0.423177083333	0.414713541667	0.103515625	0.05859375
-ema	0.234985804761	0.633326053724	0.114653854553	0.0170342869622
-uwa	0.354485776805	0.0678336980306	0.577680525164	0.0
-260	0.183908045977	0.16091954023	0.0	0.655172413793
-lew	0.0	1.0	0.0	0.0
-et'	0.336560180704	0.288641497257	0.0655050016134	0.309293320426
-das	0.0657021403535	0.916399433216	0.003579685286	0.014318741144
-rtu	0.101924279756	0.613687987622	0.078260120891	0.20612761173
-set	0.00879765395895	0.991202346041	0.0	0.0
-ana	0.0448728421282	0.917388226325	0.024832543702	0.0129063878451
-ser	0.0	1.0	0.0	0.0
-at'	0.118103581187	0.151259146155	0.0408477154815	0.689789557176
-êgo	0.0326676674811	0.0874808958532	0.464151979207	0.415699457459
-000	0.191498030694	0.0676354746706	0.0	0.740866494635
-eta	0.0137885751806	0.978332239002	0.0	0.00787918581746
-ete	0.149701232949	0.0884692618193	0.0770114333894	0.684818071843
-lis	0.0181818181818	0.834090909091	0.00227272727272	0.145454545454
-atu	0.0971170957409	0.220382014474	0.581421283664	0.101079606122
-bun	0.0850569224045	0.159036441138	0.567191543491	0.188715092966
-bul	0.0944881889763	0.89501312336	0.0104986876641	0.0
-uya	0.382767456758	0.477258167841	0.118834080718	0.0211402946829
-aot	0.129032258064	0.645161290323	0.0645161290323	0.161290322581
-wei	0.119791666667	0.765625	0.0833333333333	0.03125
-lio	0.125	0.83152173913	0.0217391304348	0.0217391304348
-wen	0.929032258065	0.0129032258065	0.0322580645161	0.0258064516129
-rsi	0.25398544687	0.137199355663	0.0366605565739	0.572154640893
-omo	0.1420132736	0.237243043712	0.0893369375705	0.531406745117
-jse	0.575110285582	0.331321105178	0.0664035291386	0.0271650801022
-ati	0.131169521892	0.423264649323	0.052014561207	0.393551267578
-ose	0.31914893617	0.489361702128	0.0	0.191489361702
-ian	0.15	0.3	0.55	0.0
-osa	0.0	1.0	0.0	0.0
-kan	0.188261686567	0.10111511906	0.0818407103478	0.628782484025
-kab	0.0697674418605	0.918604651163	0.0	0.0116279069768
-oso	0.0502860102856	0.487849948984	0.0467947554694	0.415069285261
-ula	0.292576419214	0.67248908297	0.0349344978166	0.0
-osi	0.0955863884848	0.395525872634	0.214199142664	0.294688596218
-osu	0.0924855491329	0.838150289017	0.0578034682081	0.0115606936416
-ost	0.0294117647059	0.808823529412	0.102941176471	0.0588235294118
-nia	0.0182216823205	0.959260466357	0.0186661135966	0.00385173772629
-kas	0.0679933665008	0.90215588723	0.00746268656717	0.0223880597015
-kar	0.0	0.979274611399	0.0	0.020725388601
-kaw	0.268860397293	0.700324657459	0.0215704616739	0.00924448357453
-ulu	0.0364741641337	0.908814589666	0.0547112462005	0.0
-nbo	0.0689655172413	0.931034482759	0.0	0.0
-fir	0.0	0.7	0.3	0.0
-rug	0.0	1.0	0.0	0.0
-fia	0.0736196319018	0.926380368098	0.0	0.0
-fus	0.0	1.0	0.0	0.0
-mra	0.0792343482912	0.804930665375	0.0820497819867	0.0337852043475
-fru	0.147465437788	0.61866359447	0.0852534562212	0.148617511521
-mre	0.6526969438	0.192623201409	0.128999415578	0.0256804392123
-yun	0.0881143863188	0.181527600913	0.671899971797	0.0584580409719
-mri	0.0267447626131	0.725455559688	0.241818519896	0.00598115780339
-ata	0.102693853252	0.816937044203	0.0	0.080369102545
-vid	0.00857422831945	0.981069885528	0.00133624337446	0.00901964277761
-wpu	0.296388119197	0.687861552671	0.00904185503865	0.00670847309319
-mru	0.586730268864	0.395056374675	0.0130095403296	0.00520381613183
-fra	0.176097781802	0.811679492983	0.00407424173834	0.00814848347669
-bus	0.00624164065983	0.988854213107	0.00312082032991	0.00178332590281
-ilo	0.25748502994	0.658682634731	0.0239520958084	0.0598802395209
-yus	0.0165745856353	0.933701657459	0.0497237569061	0.0
-fri	0.132152811936	0.368748975242	0.423839973766	0.0752582390556
-ili	0.0396499863276	0.896089691004	0.0533223954061	0.0109379272628
-lma	0.0	1.0	0.0	0.0
-oam	0.00531914893616	0.920212765957	0.0212765957447	0.0531914893617
-eba	0.00608519269776	0.975659229209	0.0	0.0182555780933
-igi	0.482235254915	0.0794506776612	0.161758006553	0.276556060871
-ebe	0.133333333333	0.866666666667	0.0	0.0
-ama	0.0191256830601	0.899590163934	0.0478142076503	0.0334699453552
-oas	0.00466926070039	0.9953307393	0.0	0.0
-usi	0.269230769231	0.653846153846	0.0576923076923	0.0192307692308
-iri	0.333998850127	0.513324051138	0.121470886406	0.0312062123289
-gus	0.00873362445417	0.986899563319	0.00436681222708	0.0
-usa	0.04	0.96	0.0	0.0
-ira	0.0623523854511	0.872933396316	0.0198393953708	0.0448748228625
-eif	0.0540540540541	0.891891891892	0.0540540540541	0.0
-eon	0.129801324503	0.83642384106	0.0158940397351	0.017880794702
-eis	0.0642123287671	0.903681506849	0.0321061643836	0.0
-usu	0.519819447958	0.337762805747	0.0945634661731	0.047854280122
-ges	0.0277777777778	0.944444444444	0.0277777777778	0.0
-pia	0.0	0.887147335423	0.0564263322884	0.0564263322884
-ius	0.0826706121694	0.883669317551	0.0181246532273	0.015535417052
-ium	0.0277777777778	0.964285714286	0.00396825396825	0.00396825396825
-nok	0.0449438202247	0.932584269663	0.0	0.0224719101124
-wis	0.0	1.0	0.0	0.0
-uel	0.0441176470588	0.943277310924	0.0	0.0126050420168
-iba	0.0397907555098	0.952662721894	0.00445930880713	0.00308721378955
-sde	0.0	1.0	0.0	0.0
-owe	0.768971448228	0.0979704162367	0.0126590987272	0.120399036808
-sda	0.0307692307692	0.969230769231	0.0	0.0
-agu	0.0530183727034	0.940157480315	0.00577427821522	0.0010498687664
-agi	0.585519682831	0.254265939947	0.0551104103338	0.105103966888
-'pa	0.0359022612787	0.954601345833	0.00191178558616	0.00758460730209
-eri	0.496408267615	0.320981279911	0.0773068956796	0.105303556794
-min	0.0	1.0	0.0	0.0
-agd	0.0555555555555	0.666666666667	0.277777777778	0.0
-ktu	0.143191955367	0.584285412207	0.158563122918	0.113959509509
-ege	0.497371188223	0.206098843323	0.220820189274	0.0757097791798
-one	0.163934426229	0.770491803279	0.0163934426229	0.0491803278689
-rta	0.0404922588329	0.883684001588	0.0	0.0758237395792
-anu	0.0683617515526	0.726711019105	0.180306885163	0.0246203441791
-ega	0.117647058824	0.794117647059	0.063025210084	0.0252100840336
-ona	0.0100048322659	0.977346201226	0.00214389262841	0.0105050738792
-ono	0.128063577332	0.139037542205	0.0159059857196	0.716992894744
-rti	0.169660597153	0.292690726981	0.435480798019	0.102167877848
-egi	0.585608693831	0.378198417019	0.0177143096445	0.018478579505
-oni	0.0650736028506	0.815608080674	0.1007688303	0.0185494861747
-450	0.076923076923	0.538461538462	0.0384615384615	0.346153846154
-dam	0.0663288807001	0.9115614924	0.00829111008752	0.0138185168125
-dan	0.0233683387149	0.0104616982813	0.000803060556454	0.965366902447
-ane	0.0	1.0	0.0	0.0
-ani	0.240395566268	0.475298661207	0.0293370607097	0.254968711815
-kti	0.201357262058	0.699908653362	0.0665902613246	0.0321438232554
-dab	0.0	1.0	0.0	0.0
-tal	0.134328358209	0.798507462687	0.0671641791045	0.0
-tam	0.0	1.0	0.0	0.0
-tan	0.631612315147	0.199824535328	0.0385469841516	0.130016165373
-tai	0.741923505384	0.169142220572	0.031748978834	0.0571852952098
-ksi	0.785689987336	0.041461213052	0.0227514617519	0.15009733786
-wru	0.108303548323	0.546119721468	0.334470090815	0.0111066393943
-yin	0.0	1.0	0.0	0.0
-tat	0.0	1.0	0.0	0.0
-wtu	0.13652964526	0.603484304147	0.241835891533	0.0181501590606
-tar	0.0	1.0	0.0	0.0
-tas	0.0	1.0	0.0	0.0
-mia	0.0426309378807	0.95006090134	0.00730816077953	0.0
-tus	0.0110275319308	0.974392088853	0.00791747273427	0.0066629064821
-ens	0.0635838150289	0.924855491329	0.0	0.0115606936416
-mis	0.0413223140496	0.95867768595	0.0	0.0
-eni	0.741095527062	0.0712857965127	0.104374890639	0.0832437857863
-ena	0.00704776820674	0.975332811276	0.012920908379	0.00469851213782
