-мач	0.00502723083368	0.992459153749	0.00251361541683	0.0
-мац	0.0417418527295	0.933147813988	0.00717438093789	0.0179359523447
-мах	0.0429649430568	0.0457007211873	0.0368599114527	0.874474424303
-дов	0.0210510819962	0.957456204917	0.015457088179	0.00603562490799
-мас	0.0	1.0	0.0	0.0
-цим	0.936819172113	0.0631808278867	0.0	0.0
-дол	0.0458015267175	0.832061068702	0.0763358778626	0.0458015267175
-цио	0.68950975224	0.178703215604	0.0495519240907	0.0822351080654
-дон	0.011583011583	0.988416988417	0.0	0.0
-дом	0.0696023765692	0.876632396042	0.0286105443646	0.0251546830244
-маш	0.743947525343	0.0872987477638	0.0163387000596	0.152415026834
-туб	0.0545454545455	0.872727272727	0.0363636363636	0.0363636363636
-тул	0.0659340659341	0.879120879121	0.0549450549451	0.0
-мај	0.593466424682	0.189655172414	0.0862068965517	0.130671506352
-аон	0.0802919708029	0.919708029197	0.0	0.0
-овo	0.208695652174	0.295652173913	0.0260869565217	0.469565217391
-док	0.0483597438063	0.0602191712513	0.00971428705836	0.881706797884
-уст	0.0383561643836	0.961643835616	0.0	0.0
-олâ	0.13611615245	0.831215970962	0.010889292196	0.021778584392
-опа	0.35029742234	0.623265036352	0.0264375413087	0.0
-циљ	0.120267260579	0.75723830735	0.0623608017818	0.0601336302896
-дос	0.0	1.0	0.0	0.0
-дор	0.163522012578	0.666666666667	0.122641509434	0.0471698113208
-мад	0.0786516853933	0.85393258427	0.0449438202247	0.0224719101123
-дох	0.766463752075	0.108229899597	0.0430864099929	0.0822199383351
-туј	0.32824647279	0.665994817161	0.0	0.00575871004895
-мао	0.637978237003	0.0850507942243	0.0321025056631	0.24486846311
-ман	0.141099673613	0.223700728094	0.61712277178	0.0180768265127
-мам	0.763410068481	0.0587535868742	0.00924225264505	0.168594092
-мак	0.12911313068	0.653400188029	0.0896270761517	0.127859605139
-жом	0.197115384615	0.557692307692	0.0	0.245192307692
-хач	0.515527950311	0.409937888199	0.0	0.0745341614907
-њад	0.0	1.0	0.0	0.0
-њак	0.0300268096515	0.576371760501	0.328793565684	0.0648078641645
-њао	0.823266219239	0.0514541387025	0.0260999254288	0.0991797166294
-ача	0.110029959965	0.823421799189	0.0538218840311	0.0127263568152
-крв	0.0201177625123	0.967615309127	0.00834151128557	0.00392541707557
-аче	0.476754785779	0.326134212187	0.0390575695954	0.158053432438
-кри	0.903119868637	0.0394088669951	0.0164203612479	0.0410509031199
-ачи	0.5468739439	0.310577897939	0.0948293342346	0.047718823927
-екa	0.224299065421	0.635514018692	0.140186915888	0.0
-туп	0.137034434294	0.795502459592	0.0210822206606	0.0463808854532
-ачу	0.384615384615	0.469135802469	0.0132953466287	0.132953466287
-њај	0.15014164306	0.781869688385	0.0169971671388	0.0509915014164
-њаш	0.532894736842	0.414473684211	0.0394736842105	0.0131578947368
-сло	0.628545288198	0.267154620311	0.0411710887466	0.0631290027447
-сли	0.439553566087	0.443181385533	0.0283644354036	0.0889006129764
-сле	0.101096189164	0.0751119146005	0.0159263085399	0.807865587695
-сла	0.93678144605	0.0231924376189	0.000851619496408	0.0391744968348
-фан	0.0	0.961538461538	0.0	0.0384615384615
-пам	0.748006379585	0.22966507177	0.0223285486443	0.0
-низ	0.10888252149	0.449856733524	0.21776504298	0.223495702006
-нио	0.817444643945	0.0877757298182	0.0369636152347	0.0578160110026
-ним	0.384510762265	0.245498977738	0.257738915262	0.112251344735
-нин	0.0447636545849	0.861199265074	0.0825121095708	0.01152497077
-ник	0.0878398787684	0.70763483303	0.179091949278	0.0254333389241
-рио	0.774601497288	0.141735303015	0.0149984447635	0.0686647549331
-рин	0.0	0.923076923077	0.076923076923	0.0
-рим	0.598665635804	0.128172721629	0.140741184754	0.132420457813
-рит	0.101694915254	0.0762711864407	0.754237288136	0.0677966101695
-рис	0.0401002506266	0.859649122807	0.0802005012531	0.0200501253133
-них	0.148755308523	0.228634237536	0.277333426409	0.345277027533
-нит	0.0474015839066	0.0369385513614	0.901786230418	0.0138736343141
-рих	0.0389299916708	0.0851451957378	0.786710248346	0.0892145642454
-риш	0.677801570307	0.105924339757	0.0231263383298	0.193147751606
-ниш	0.684519093646	0.176675645698	0.0408810014261	0.09792425923
-пши	0.154185022026	0.175110132158	0.670704845815	0.0
-фат	0.0	1.0	0.0	0.0
-слу	0.118343195266	0.307692307692	0.0710059171597	0.502958579882
-еже	0.569737151819	0.386737209269	0.021314101529	0.0222115373829
-ежа	0.316227461859	0.382801664355	0.112343966713	0.188626907074
-јио	0.285565939772	0.389927310488	0.147975077882	0.176531671859
-јин	0.0144877543981	0.947223180407	0.0279406691963	0.0103483959986
-јим	0.0582235714014	0.108305495929	0.0626309839834	0.770839948686
-ежи	0.714896540122	0.165872259295	0.0191358716985	0.100095328885
-иши	0.762653989295	0.119872096901	0.0207524895046	0.0967214242984
-иша	0.343283582089	0.616010854817	0.00814111261872	0.0325644504749
-ише	0.536485980889	0.091895187229	0.1180229399	0.253595891982
-ињу	0.277510040161	0.554518072289	0.136345381526	0.0316265060241
-уње	0.031523642732	0.968476357268	0.0	0.0
-уња	0.0200333889816	0.966611018364	0.0100166944908	0.0033388981636
-иња	0.139717425432	0.630036630037	0.200680272109	0.0295656724228
-иње	0.232860961516	0.664208990133	0.0754132434451	0.0275168049059
-ињи	0.00599965716245	0.977658419519	0.0111993600366	0.0051425632821
-ињо	0.174002047083	0.329580348004	0.46571136131	0.0307062436029
-исп	0.0	1.0	0.0	0.0
-ишу	0.361178174795	0.606953162723	0.0231772090777	0.00869145340415
-јиш	0.555963302752	0.181651376147	0.0587155963303	0.203669724771
-ежу	0.360456273764	0.482129277567	0.134600760456	0.0228136882129
-уфа	0.0	1.0	0.0	0.0
-јих	0.0406106158597	0.130134591855	0.0598088912195	0.769445901066
-ањи	0.132238547969	0.0622299049265	0.700086430424	0.105445116681
-гат	0.02217210138	0.012959210979	0.955694025001	0.00917466263999
-вул	0.129032258065	0.870967741935	0.0	0.0
-гач	0.0379703921347	0.947790710815	0.00949259803367	0.00474629901683
-ања	0.24117401951	0.653453302612	0.0730083710853	0.0323643067931
-ање	0.228725204453	0.648363662692	0.0819187459011	0.0409923869534
-ужи	0.770314625227	0.168275221736	0.0262255560714	0.0351845969653
-окâ	0.0832654538872	0.85754366911	0.0371074305367	0.0220834464657
-гај	0.0774883099532	0.906479625918	0.0	0.0160320641283
-ужа	0.00838574423479	0.976939203354	0.0041928721174	0.0104821802935
-666	0.0	0.0	0.0	1.0
-уже	0.547006032073	0.295130204502	0.103133735471	0.0547300279535
-мти	0.517543859649	0.166666666667	0.149122807018	0.166666666667
-нта	0.00855920114123	0.968616262482	0.00570613409415	0.0171184022825
-oни	0.286486486486	0.281081081081	0.367567567568	0.0648648648649
-нте	0.0	1.0	0.0	0.0
-сцу	0.058651026393	0.923753665689	0.0175953079179	0.0
-дбу	0.189734633484	0.794741182749	0.00145539222821	0.0140687915393
-сци	0.0281425891182	0.848030018762	0.116322701689	0.00750469043152
-пка	0.102739726027	0.856164383562	0.0	0.041095890411
-нту	0.0	1.0	0.0	0.0
-дби	0.539495798319	0.411764705882	0.0235294117647	0.0252100840336
-сца	0.00509770603229	0.969413763806	0.0203908241291	0.00509770603228
-дбе	0.0583531445861	0.915712124487	0.0259347309272	0.0
-дба	0.0214060690918	0.905086297423	0.062198766795	0.01130886669
-ува	0.667701863354	0.163561076605	0.109040717736	0.0596963423051
-гра	0.542635658915	0.403100775194	0.0387596899224	0.015503875969
-ужу	0.00980392156863	0.941176470588	0.0441176470588	0.00490196078431
-гав	0.0	1.0	0.0	0.0
-вши	0.728873412478	0.139385982772	0.0344357935678	0.0973048111823
-ању	0.196882297509	0.615392906494	0.123845444723	0.0638793512744
-одâ	0.0308823529412	0.836764705882	0.123529411765	0.00882352941176
-гам	0.0	1.0	0.0	0.0
-гао	0.455717300098	0.0825307684097	0.119625278127	0.342126653366
-зум	0.136363636364	0.478787878788	0.287878787879	0.0969696969697
-чим	0.454040362775	0.138900236947	0.0235313342593	0.383528066018
-чин	0.102845025623	0.553277964305	0.084820639689	0.259056370383
-чио	0.722372839582	0.184417264857	0.0429156782402	0.0502942173203
-шће	0.522711915309	0.316615361514	0.0855920114123	0.0750807117652
-шћа	0.417495029821	0.546719681909	0.0357852882703	0.0
-јум	0.00841514726507	0.970546984572	0.00420757363253	0.0168302945301
-жов	0.0142180094787	0.936018957346	0.0284360189573	0.021327014218
-јуд	0.0	1.0	0.0	0.0
-ацу	0.131386861314	0.824817518248	0.0	0.043795620438
-жно	0.177998907004	0.291374442117	0.37011567538	0.160510975499
-жни	0.143557799019	0.211291304192	0.461497153904	0.183653742885
-жне	0.169667590028	0.274930747922	0.513850415513	0.0415512465374
-жна	0.189735614308	0.384136858476	0.362363919129	0.0637636080871
-аци	0.578999688666	0.287454323995	0.0467001305419	0.0868458567972
-аце	0.650258201257	0.107087794919	0.159497294648	0.0831567091755
-аца	0.147759099695	0.768161351584	0.0631160151253	0.0209635335952
-чиш	0.840958605665	0.0954248366013	0.0117647058824	0.0518518518518
-шћу	0.108532952261	0.768668103761	0.0751326083271	0.0476663356505
-чић	0.0540784136998	0.8918431726	0.0540784136999	0.0
-кај	0.328585443392	0.612738584574	0.00391173146895	0.0547642405652
-кар	0.0998990918264	0.683148335015	0.0534813319879	0.16347124117
-каш	0.662243667069	0.24728588661	0.0904704463208	0.0
-сиш	0.844909609895	0.126546146527	0.0171265461465	0.011417697431
-сит	0.256847777279	0.103277952402	0.608441850023	0.0314324202963
-сиф	0.0279369627508	0.959169054441	0.0	0.012893982808
-про	0.317016317016	0.198135198135	0.0652680652681	0.419580419581
-сио	0.680006551649	0.212710198733	0.0772548591395	0.0300283904783
-оил	0.04	0.96	0.0	0.0
-син	0.00251872901059	0.944135882201	0.00038749677086	0.0529578920175
-пре	0.0514507484753	0.0556643873591	0.0559231195713	0.836961744594
-пра	0.497512437811	0.492537313433	0.00995024875622	0.0
-елa	0.212121212121	0.787878787879	0.0	0.0
-кав	0.173394262503	0.235846661589	0.140898705255	0.449860370652
-aки	0.0888888888889	0.377777777778	0.0	0.533333333333
-кад	0.104100210958	0.0453095598489	0.0069280001907	0.843662229003
-каз	0.130901287554	0.788626609442	0.0547210300429	0.0257510729614
-аћа	0.0708713001013	0.835193969119	0.0160704371197	0.0778642936597
-кан	0.783783783784	0.175675675676	0.0	0.0405405405405
-као	0.215666655691	0.0354319047344	0.00884094254082	0.740060497034
-рло	0.273496240601	0.373590225564	0.092105263158	0.260808270677
-рли	0.677571193222	0.113438456107	0.0684867027536	0.140503647917
-хте	0.435897435897	0.384615384615	0.179487179487	0.0
-рла	0.448471926084	0.21653636579	0.309879175551	0.0251125325752
-ућу	0.0502597870261	0.916508050826	0.010803024847	0.0224291373013
-ења	0.149981898672	0.764569786767	0.0664384215669	0.0190098929939
-хаз	0.0	1.0	0.0	0.0
-рез	0.228	0.7648	0.0072	0.0
-ење	0.185031955293	0.732755633771	0.0468780553069	0.0353343556283
-рев	0.047563123899	0.8291250734	0.0916030534351	0.031708749266
-рег	0.40206185567	0.247422680412	0.144329896907	0.20618556701
-рем	0.497712916576	0.321934219124	0.118928338053	0.061424526247
-рен	0.364342590794	0.348222955914	0.220042726743	0.0673917265489
-рео	0.385089974293	0.517737789203	0.0971722365038	0.0
-реп	0.448979591837	0.551020408163	0.0	0.0
-рек	0.204545454545	0.0	0.795454545455	0.0
-езу	0.312869316415	0.451079181439	0.028923306587	0.207128195559
-езе	0.0856487382105	0.807290339026	0.0214121845527	0.0856487382105
-еза	0.158269720102	0.799236641221	0.0175572519084	0.0249363867685
-ези	0.215813953488	0.752558139535	0.0204651162791	0.0111627906977
-реф	0.0967741935484	0.838709677419	0.0645161290322	0.0
-рех	0.0272314674736	0.908147827966	0.0519775232332	0.012643181327
-ењу	0.162210668004	0.738977150707	0.0654112914316	0.0334008898569
-рес	0.0480501392758	0.951949860724	0.0	0.0
-хар	0.0	1.0	0.0	0.0
-реш	0.594847775176	0.31850117096	0.0351288056206	0.0515222482436
-ућа	0.0455607476635	0.861565420561	0.0700934579439	0.0227803738318
-уће	0.0976283884862	0.553024098435	0.290298367424	0.0590491456551
-ући	0.580210464606	0.307136575954	0.049310871331	0.0633420881087
-рус	0.110344827586	0.693103448276	0.051724137931	0.144827586207
-ахе	0.0	0.151470040938	0.803870487532	0.0446594715296
-аха	0.181418204674	0.53345523113	0.227701274213	0.0574252899834
-рућ	0.0	0.0160405234276	0.983959476572	0.0
-руј	0.353191489362	0.476595744681	0.0255319148936	0.144680851064
-већ	0.27074527929	0.0425091981634	0.020068720163	0.666676802384
-кти	0.173228346457	0.614173228346	0.212598425197	0.0
-âда	0.0176211453744	0.973568281938	0.00881057268722	0.0
-кта	0.0714285714286	0.6875	0.0267857142857	0.214285714286
-кте	0.040404040404	0.888888888889	0.040404040404	0.030303030303
-веш	0.658163265306	0.290816326531	0.015306122449	0.0357142857142
-удâ	0.0851063829787	0.851063829787	0.0425531914894	0.0212765957447
-вет	0.0227055080164	0.777842186271	0.147681203401	0.051771102312
-вер	0.00277136258661	0.986143187067	0.00831408775982	0.00277136258661
-нку	0.323462414579	0.489749430524	0.132118451025	0.0546697038725
-век	0.0280165724234	0.642329856003	0.0182188693505	0.311434702223
-вел	0.0	1.0	0.0	0.0
-ђох	0.58407079646	0.283185840708	0.0796460176991	0.0530973451327
-120	0.0983606557377	0.0655737704918	0.0	0.83606557377
-нко	0.224310041104	0.485613623018	0.251321197886	0.0387551379918
-вен	0.590934155166	0.2462099753	0.140920180985	0.0219356885495
-нка	0.181524177143	0.69432997757	0.0482499608784	0.0758958844088
-вег	0.192200132201	0.591193369604	0.170844561957	0.0457619362384
-вез	0.00837988826815	0.986033519553	0.0	0.00558659217877
-дог	0.0	0.866071428571	0.133928571429	0.0
-ђој	0.095652173913	0.260869565217	0.591304347826	0.0521739130435
-аху	0.0969560315671	0.764374295378	0.0744081172491	0.0642615558061
-руд	0.257142857143	0.583928571429	0.105357142857	0.0535714285714
-руг	0.093220338983	0.570621468927	0.30790960452	0.0282485875706
-рун	0.0	0.99207212335	0.00792787665039	0.0
-рук	0.0711449812145	0.204615097658	0.0983239628021	0.625915958326
-оле	0.522425213113	0.323433486385	0.0643979594382	0.0897433410644
-еку	0.0723228752394	0.773604359994	0.0552364118427	0.0988363529239
-ола	0.0335965541996	0.892893036612	0.0340272792534	0.0394831299354
-сед	0.0615384615385	0.8	0.138461538462	0.0
-оло	0.113513513513	0.141441441441	0.188288288288	0.556756756757
-оли	0.592110587752	0.305360194639	0.0573755393514	0.0451536782575
-сем	0.80118694362	0.111815484219	0.0283247909361	0.0586727812247
-сео	0.657142857143	0.106349206349	0.0365079365079	0.2
-фов	0.00827586206895	0.966896551724	0.0248275862069	0.0
-фом	0.463829787234	0.421276595745	0.0127659574468	0.102127659574
-сaм	0.125	0.5	0.1875	0.1875
-оји	0.0438530204776	0.0420136895867	0.00565650318106	0.908476786755
-оје	0.0631367777742	0.0499080437467	0.0473752002368	0.839579978242
-бај	0.0806451612903	0.870967741935	0.0483870967742	0.0
-оја	0.0811658412168	0.0532228850706	0.0143999142705	0.851211359442
-род	0.0298720162241	0.931842473074	0.00649510811477	0.0317904025871
-роз	0.0186990449721	0.0308304805905	0.000860385504851	0.949610088933
-есе	0.602674580483	0.20092667444	0.050832616373	0.145566128704
-рог	0.0780238599751	0.0978491190386	0.775362108502	0.0487649124844
-ров	0.0183760192948	0.950614448145	0.0241185253244	0.00689100723556
-еси	0.494103176326	0.437088488532	0.0247449533319	0.0440633818103
-баш	0.109868421053	0.127521929825	0.150657894737	0.611951754386
-ују	0.680618232959	0.200242689715	0.0715352953075	0.0476037820189
-рок	0.0142531356898	0.940136830103	0.00570125427594	0.0399087799316
-бав	0.0920458492532	0.880166724557	0.00416811392844	0.0236193122612
-есу	0.42076918574	0.52127846397	0.0150525585168	0.042899791773
-ест	0.189431928078	0.413951968194	0.0149987463735	0.381617357355
-рос	0.161290322581	0.354838709677	0.129032258065	0.354838709677
-уја	0.162162162162	0.783783783784	0.0345945945946	0.0194594594595
-бао	0.607594936709	0.145569620253	0.0759493670886	0.170886075949
-ује	0.682822169629	0.172857457778	0.086806889105	0.0575134834873
-бам	0.936	0.064	0.0	0.0
-бан	0.420810577752	0.272779534349	0.26501868353	0.0413912043691
-рој	0.0579634697763	0.77515171347	0.0584543074726	0.108430509281
-ађе	0.626674889275	0.0735549700062	0.0445702752705	0.255199865448
-хем	0.0	1.0	0.0	0.0
-сеј	0.0138848712757	0.972230257449	0.00347121781892	0.0104136534568
-ека	0.327203175036	0.271922623026	0.0100855126568	0.390788689281
-сер	0.060120240481	0.899799599198	0.0400801603206	0.0
-сет	0.00939232472234	0.0465841687149	0.00540770211287	0.93861580445
-еке	0.0400321866828	0.332327499497	0.0478776906055	0.579762623215
-сец	0.0	1.0	0.0	0.0
-еки	0.0436961905885	0.0304281165232	0.0498879584857	0.875987734403
-сеш	0.391959798995	0.442211055276	0.0452261306532	0.120603015075
-еко	0.0523779231515	0.318245914229	0.012377167662	0.616998994958
-јом	0.0608600197503	0.188364075615	0.0938139239614	0.656961980673
-лца	0.0229007633588	0.587786259542	0.36641221374	0.0229007633588
-лце	0.031462585034	0.93537414966	0.00255102040816	0.030612244898
-ију	0.145865271891	0.752391081782	0.0161527321723	0.0855909141544
-лци	0.00982800982801	0.973791973792	0.006552006552	0.00982800982802
-шну	0.245833333333	0.341666666667	0.3625	0.05
-шне	0.124664879357	0.184986595174	0.682305630027	0.00804289544235
-шна	0.269514443762	0.326674861709	0.374308543331	0.0295021511985
-шно	0.189582535427	0.317119877442	0.179241669858	0.314055917273
-шни	0.308361032984	0.199948862184	0.482485297878	0.00920480695477
-ији	0.0316357564262	0.776522019788	0.0771607941497	0.114681429636
-ија	0.0822491072792	0.769930775249	0.0394124864108	0.108407631061
-ије	0.237386566578	0.302847746892	0.0195093461479	0.440256340382
-још	0.110879246466	0.0436639708188	0.114553870323	0.730902912392
-чеш	0.563168762906	0.380514360803	0.0225267505162	0.0337901257744
-јој	0.0576222024694	0.19370661331	0.018245351394	0.730425832827
-вљу	0.0394537177542	0.93626707132	0.0177035912999	0.0065756196257
-аја	0.146770013829	0.75764935563	0.0355013770583	0.0600792534833
-аје	0.738655719573	0.166232186157	0.0306717148083	0.0644403794614
-апу	0.348484848485	0.575757575758	0.0606060606061	0.0151515151515
-аји	0.0628618693135	0.874276261373	0.0430107526881	0.0198511166253
-удо	0.233463035019	0.556420233463	0.186770428016	0.0233463035019
-уди	0.178216782299	0.61985669166	0.0657048618098	0.136221664232
-уде	0.50444657218	0.235398349228	0.0190048889659	0.241150189626
-уда	0.090122479538	0.635953846934	0.0826590654745	0.191264608054
-мпа	0.0	1.0	0.0	0.0
-мре	0.875573394495	0.0779816513762	0.0113532110092	0.0350917431193
-зуј	0.828282828283	0.0959595959596	0.050505050505	0.0252525252525
-мро	0.789372905697	0.0550502632839	0.14360938248	0.01196744854
-пиј	0.476821192053	0.245033112583	0.238410596026	0.0397350993377
-пих	0.154882154882	0.164983164983	0.680134680135	0.0
-ипа	0.113457026129	0.877925984545	0.000662845332789	0.00795414399347
-пис	0.182555780933	0.71721751581	0.00715905023267	0.0930676530247
-ипе	0.165354330709	0.708661417323	0.0314960629921	0.0944881889764
-ипи	0.482517482517	0.370629370629	0.020979020979	0.125874125874
-пиш	0.747922437673	0.202216066482	0.0166204986149	0.0332409972299
-ипу	0.00556070435589	0.994439295644	0.0	0.0
-зул	0.02	0.98	0.0	0.0
-пим	0.549721305073	0.118755991053	0.280825078993	0.0506976248802
-пио	0.721594994966	0.16354287881	0.0324908803263	0.0823712458978
-зуб	0.0	1.0	0.0	0.0
-срп	0.0155642023346	0.968871595331	0.0155642023346	0.0
-мру	0.872146118721	0.0821917808219	0.0365296803653	0.00913242009132
-мрт	0.108648237383	0.822064417956	0.0333756023332	0.0359117423282
-уду	0.496386125932	0.314379625787	0.0618749585659	0.127359289715
-ају	0.591831474646	0.248546958154	0.0533101477296	0.10631141947
-апи	0.0	1.0	0.0	0.0
-апа	0.0946372239748	0.905362776025	0.0	0.0
-зим	0.86883192734	0.0469958804037	0.00634024305306	0.0778319492031
-зио	0.643202416918	0.155790533736	0.0337361530715	0.167270896274
-љао	0.721536509401	0.200023070712	0.0380666743569	0.04037374553
-љам	0.689173120117	0.207685324491	0.0309424666175	0.0721990887742
-љан	0.417989417989	0.205593348451	0.32955404384	0.0468631897203
-зид	0.425381903643	0.574618096357	0.0	0.0
-зив	0.51108033241	0.407202216066	0.0235457063712	0.0581717451524
-кâд	0.0841121495327	0.915887850467	0.0	0.0
-афу	0.0	0.714285714286	0.0	0.285714285714
-ксу	0.0	0.989436619718	0.0	0.0105633802817
-амо	0.31532295612	0.0548194253063	0.0224433135531	0.607414305021
-под	0.0168915297325	0.698632444601	0.00321597574236	0.281260049924
-000	0.0	0.132352941176	0.00882352941176	0.858823529412
-афе	0.0	1.0	0.0	0.0
-ксе	0.149068322981	0.614906832298	0.149068322981	0.0869565217391
-кса	0.00512820512821	0.948717948718	0.0307692307692	0.0153846153846
-афа	0.0	0.994219653179	0.0	0.00578034682082
-шљу	0.269230769231	0.711538461538	0.0192307692308	0.0
-пом	0.135726795096	0.707530647986	0.117338003503	0.039404553415
-афи	0.0	1.0	0.0	0.0
-љај	0.353448275862	0.594827586207	0.0	0.051724137931
-љаш	0.419224962255	0.538500251636	0.0	0.0422747861097
-зиш	0.569155446756	0.247246022032	0.0122399020808	0.171358629131
-љац	0.235275811095	0.764724188905	0.0	0.0
-вду	0.128962245104	0.492479305471	0.366444579043	0.0121138703816
-кву	0.0703354726219	0.681717210026	0.0783147069109	0.169632610441
-оди	0.516362584208	0.357450415297	0.0611338970888	0.0650531034066
-одо	0.0	0.941176470588	0.0392156862745	0.0196078431372
-ода	0.0774327277048	0.881639487831	0.0099238875234	0.0310038969412
-оде	0.424439217486	0.469611611497	0.00635649130859	0.0995926797086
-рта	0.102615694165	0.895875251509	0.00150905432596	0.0
-оку	0.0151732950008	0.529627854975	0.410477559495	0.0447212905287
-рти	0.172597729178	0.692524575173	0.105616093881	0.0292616017679
-ску	0.143010087319	0.772077673336	0.0391902643133	0.0457219750322
-оке	0.041536596063	0.880972204958	0.0646854499954	0.0128057489839
-ски	0.0540191974528	0.681097075994	0.225001525247	0.0398822013066
-ока	0.0187917005992	0.861345349317	0.0861432630272	0.0337196870565
-око	0.0854508806133	0.178435713578	0.0372732379473	0.698840167862
-ска	0.175948082351	0.474526421846	0.30063044976	0.0488950460429
-оки	0.0	0.541125541126	0.458874458874	0.0
-оду	0.0301313620091	0.919351666077	0.00942387405269	0.0410930978616
-зир	0.617647058824	0.102941176471	0.102941176471	0.176470588235
-лни	0.109479062129	0.28893349147	0.520390475322	0.0811969710793
-вде	0.0929845112586	0.061200052063	0.0128074970715	0.833007939607
-кви	0.0848650169946	0.690545777316	0.0883505444784	0.136238661211
-вда	0.458171206226	0.455252918288	0.0544747081712	0.0321011673152
-ква	0.108453368798	0.574709198869	0.0824170678255	0.234420364508
-вди	0.239336492891	0.497630331754	0.206161137441	0.0568720379147
-кве	0.0478474784748	0.774784747848	0.10012300123	0.0772447724477
-гњу	0.00700116686114	0.97666277713	0.0163360560093	0.0
-уља	0.295365812256	0.628246477678	0.0763877100662	0.0
-уље	0.051724137931	0.85775862069	0.0129310344827	0.0775862068966
-сиo	0.351851851852	0.0555555555556	0.185185185185	0.407407407407
-иде	0.8569575979	0.0742426415118	0.0118770769298	0.0569226836583
-рив	0.191900598251	0.165669581224	0.567878508974	0.0745513115508
-ебу	0.0261739157638	0.904480849245	0.0183530245993	0.0509922103924
-ела	0.161155207924	0.734420197626	0.0568231782103	0.0476014162405
-леб	0.0573139435415	0.934131736527	0.00213857998289	0.00641573994867
-леп	0.060435699227	0.0393534785664	0.853829936753	0.0463808854533
-лео	0.852489211312	0.0602371184063	0.0380513202428	0.0492223500389
-лен	0.168727915194	0.668727915194	0.127208480565	0.0353356890459
-лем	0.242872228089	0.693769799367	0.0633579725449	0.0
-ело	0.125582204333	0.719813175766	0.101886618169	0.0527180017315
-елу	0.0531217749785	0.830898644065	0.0762181988822	0.0397613820742
-ењâ	0.0951374207188	0.799154334038	0.0507399577166	0.0549682875264
-лет	0.441041347626	0.31393568147	0.229709035222	0.0153139356815
-рна	0.196610169492	0.388474576271	0.378305084746	0.0366101694915
-ове	0.192409220852	0.395934985435	0.0240461243742	0.387609669339
-вља	0.613904658261	0.237405759612	0.0780111095269	0.0706784726001
-уљу	0.0586731130156	0.854592719918	0.0765301474117	0.0102040196549
-тва	0.10227695801	0.776921071082	0.0884859106708	0.0323160602381
-тве	0.0866468074083	0.681388421189	0.224193757285	0.00777101411734
-тви	0.0785208856425	0.358593928327	0.531385528418	0.0314996576124
-тво	0.061640288175	0.854777846425	0.0555579207717	0.0280239446285
-ићи	0.67448328667	0.106931177152	0.138674280337	0.0799112558406
-жњи	0.0315261523764	0.860998328159	0.107475519465	0.0
-мос	0.0	1.0	0.0	0.0
-мор	0.0566037735849	0.905660377358	0.0377358490566	0.0
-жње	0.132911392405	0.759493670886	0.0949367088608	0.0126582278481
-жња	0.302575107296	0.542918454936	0.112660944206	0.0418454935622
-мој	0.0815889753092	0.0496946285953	0.00970924466253	0.859007151433
-моћ	0.139513048674	0.742483409086	0.0382391225487	0.0797644196915
-дњи	0.0178326486509	0.537685550962	0.265184829598	0.179296970789
-дње	0.028488525455	0.643365866526	0.289369559483	0.038776048536
-аћу	0.340143966488	0.563237664195	0.0361483308301	0.0604700384867
-аћо	0.00170640375409	0.932644451818	0.00213300469261	0.0635161397355
-сус	0.00571707752712	0.796028312612	0.00263433964485	0.195620270216
-аћи	0.527853307215	0.303756655524	0.0167139334756	0.151676103786
-аће	0.469039847258	0.359148739117	0.0631463012616	0.108665112363
-дњу	0.127049180328	0.766766020864	0.0603576751118	0.045827123696
-нај	0.0693864040713	0.268856800033	0.0101369522943	0.651619843601
-мом	0.0901866238057	0.538530225913	0.0219662469863	0.349316903295
-мог	0.230492016617	0.148606036338	0.197081936033	0.423820011012
-мов	0.00339238597814	0.99434602337	0.0	0.00226159065209
-жњу	0.33249229044	0.517521726942	0.0336417157275	0.116344266891
-муж	0.0	0.972157772622	0.0	0.0278422273782
-тву	0.107476997899	0.83580670009	0.0317895267181	0.0249267752926
-ићу	0.59417755375	0.180742721942	0.0766724959709	0.148407228337
-бес	0.0754437869822	0.684911242604	0.239644970414	0.0
-оси	0.722949826134	0.187430958818	0.0339134583561	0.0557057566914
-шом	0.148156091614	0.583424578672	0.13685672036	0.131562609353
-оса	0.0366860287374	0.919290736778	0.014674411495	0.0293488229899
-осе	0.508724311749	0.299534703373	0.114967041489	0.0767739433889
-хом	0.0316847990984	0.908499848294	0.0218456070391	0.037969745568
-хон	0.0	1.0	0.0	0.0
-вод	0.4	0.309090909091	0.290909090909	0.0
-вог	0.0616159973988	0.272478729746	0.147114290359	0.518790982496
-вов	0.0	1.0	0.0	0.0
-еји	0.00530540770151	0.932988886384	0.0488756350018	0.0128300709122
-рзе	0.934371523915	0.0656284760846	0.0	0.0
-ход	0.419141914191	0.452145214521	0.00990099009901	0.118811881188
-рзи	0.932568829076	0.0674311709235	0.0	0.0
-вом	0.0543557125773	0.294660349337	0.0942616575273	0.556722280559
-рзо	0.122857142857	0.115714285714	0.0214285714286	0.74
-еја	0.0263286919004	0.91169837223	0.0160815846244	0.0458913512453
-лух	0.10152284264	0.776649746193	0.0609137055838	0.0609137055838
-нух	0.114583333333	0.788194444444	0.0555555555555	0.0416666666667
-лну	0.0995212038304	0.796853625171	0.103625170999	0.0
-иху	0.0526315789474	0.947368421053	0.0	0.0
-сов	0.303501945525	0.643968871595	0.0194552529183	0.0330739299611
-јеш	0.691868845645	0.212482158599	0.0440918541413	0.0515571416149
-луј	0.223267750214	0.626176218991	0.0235243798118	0.127031650984
-јер	0.0619024851563	0.0239760674616	0.0034331762778	0.910688271104
-сон	0.0	1.0	0.0	0.0
-лбе	0.171189979123	0.791231732777	0.0125260960334	0.0250521920668
-јем	0.470239973233	0.342919667706	0.0474070018938	0.139433357167
-јен	0.781590413943	0.0599128540305	0.0315904139434	0.126906318083
-јео	0.922644163151	0.0548523206751	0.0014064697609	0.0210970464135
-лбу	0.164383561644	0.794520547945	0.041095890411	0.0
-јев	0.0416666666667	0.946572580645	0.00403225806452	0.00772849462367
-јег	0.0433122163814	0.486588489015	0.0406164352788	0.429482859325
-луб	1.0	0.0	0.0	0.0
-луг	0.795454545455	0.159090909091	0.0	0.0454545454545
-луд	0.0487741600727	0.485276949021	0.420287975094	0.0456609158127
-лун	0.0	0.972972972973	0.027027027027	0.0
-рзу	0.117647058824	0.0117647058824	0.776470588235	0.0941176470588
-вот	0.0670965760786	0.918470750806	0.00460617227084	0.00982650084447
-вор	0.147419519673	0.80761369443	0.021972406745	0.0229943791518
-еју	0.182657661171	0.773198770843	0.0146625278822	0.0294810401036
-без	0.0660302934679	0.0529346797097	0.0260334490376	0.855001577785
-ост	0.0791149059872	0.771643534314	0.10284093811	0.0464006215887
-осу	0.080455099553	0.814709467696	0.0268183665177	0.0780170662333
-рто	0.381679389313	0.202987769843	0.136255437905	0.279077402938
-бен	0.091743119266	0.73623853211	0.0516055045872	0.120412844037
-вој	0.0527033807941	0.0872953647369	0.0697484789563	0.790252775513
-шио	0.640778811475	0.183672123798	0.134900802416	0.0406482623115
-ћом	0.0308972073678	0.880570409982	0.0695187165776	0.0190136660725
-шим	0.192812546758	0.0527769087422	0.020947535944	0.733463008556
-рту	0.0111111111111	0.988888888889	0.0	0.0
-уче	0.666098213459	0.217768430688	0.0402366799427	0.0758966759108
-ику	0.084438449751	0.593160196654	0.263270974333	0.0591303792619
-уча	0.784653465347	0.155940594059	0.029702970297	0.029702970297
-учи	0.771795273126	0.150884332446	0.0322429175145	0.0450774769135
-мчу	0.326829268293	0.585365853659	0.0878048780488	0.0
-убу	0.0427884098805	0.934145962918	0.0210599204881	0.00200570671315
-бљу	0.253164556962	0.177215189873	0.544303797468	0.0253164556962
-ске	0.0669069126404	0.68954572032	0.199992840352	0.0435545266876
-бље	0.142292490119	0.662055335968	0.139328063241	0.0563241106719
-уба	0.218667962681	0.743963201359	0.0144653558554	0.0229034801044
-бља	0.0302267002519	0.534005037783	0.390428211587	0.0453400503778
-убе	0.458251666013	0.503332026656	0.0172481379851	0.0211681693453
-уби	0.619671658799	0.303233443092	0.0328938231931	0.0442010749158
-даo	0.735483870968	0.187096774194	0.0387096774194	0.0387096774194
-ика	0.152964879101	0.584419874027	0.192517244208	0.0700980026634
-ћој	0.445652173913	0.125	0.396739130435	0.0326086956522
-ике	0.107045222396	0.697288690657	0.140541357675	0.0551247292717
-учу	0.468085106383	0.446808510638	0.0851063829787	0.0
-ики	0.0503039195137	0.133155672665	0.773422762524	0.0431176452975
-ћер	0.0584884162552	0.77136346373	0.0	0.170148120015
-ико	0.0367395236095	0.197334242538	0.144820112972	0.62110612088
-шиш	0.731343283582	0.172604718344	0.0530813673568	0.0429706307174
-ших	0.0421602787456	0.0662020905924	0.0292682926829	0.862369337979
-мљо	0.33	0.51	0.07	0.09
-пни	0.545669291339	0.430708661417	0.0188976377953	0.00472440944881
-мљи	0.0062399251209	0.964432426811	0.00311996256045	0.0262076855078
-пно	0.0971978984238	0.642732049037	0.0604203152364	0.199649737303
-мље	0.026025741307	0.92448268506	0.0193415345232	0.0301500391097
-пна	0.0307692307692	0.969230769231	0.0	0.0
-мља	0.0547408086363	0.872695793869	0.00916590284143	0.0633974946532
-пне	0.711538461538	0.230769230769	0.0	0.0576923076923
-раг	0.420454545455	0.125	0.113636363636	0.340909090909
-аки	0.0383026886838	0.124809798293	0.0899326142522	0.746954898771
-гну	0.739917695473	0.153909465021	0.0444444444445	0.0617283950617
-ако	0.065276289044	0.0602528355652	0.0298807168931	0.844590158498
-ака	0.125705737808	0.631808409147	0.0601481347914	0.182337718253
-аке	0.0648727263449	0.340556297981	0.0933861075407	0.501184868134
-аду	0.191648784101	0.624431510718	0.0249735384687	0.158946166712
-аде	0.637838430473	0.138759089454	0.017401394023	0.206001086049
-ада	0.0681668377823	0.0784005649282	0.00459625374611	0.848836343543
-адо	0.0977198697068	0.62671009772	0.0469055374593	0.228664495114
-ади	0.200169639191	0.359382920646	0.0134931104952	0.426954329667
-гне	0.741542625169	0.139039242219	0.037550744249	0.0818673883627
-аку	0.0583150275772	0.299745563159	0.0197544131359	0.622184996128
-гни	0.70303030303	0.224242424242	0.0484848484849	0.0242424242424
-две	0.0383328262854	0.0133860663219	0.0063888043809	0.941892303012
-сха	0.0485829959514	0.902834008097	0.0080971659919	0.0404858299595
-схе	0.0	0.994778067885	0.0	0.00522193211487
-два	0.0149853073744	0.0200194340705	0.0157696945573	0.949225563998
-пну	0.531590413943	0.435729847494	0.0	0.0326797385621
-мљу	0.0408284023669	0.92224852071	0.00284023668639	0.0340828402367
-аум	0.0481651376147	0.907798165138	0.00550458715597	0.0385321100917
-жан	0.228271316765	0.145613071536	0.537896471234	0.0882191404641
-жао	0.58850967008	0.195563139932	0.102844141069	0.113083048919
-жал	0.0	0.733333333333	0.0666666666667	0.2
-аjа	0.843137254902	0.156862745098	0.0	0.0
-ђим	0.120186411577	0.497179298504	0.142261466765	0.240372823154
-зна	0.827764779648	0.0764193280579	0.0338119096414	0.0620039826529
-љен	0.737076467685	0.138131528014	0.0979533836916	0.026838620609
-љем	0.538753015549	0.385506903082	0.0508295619312	0.0249105194385
-зне	0.529147982063	0.20067264574	0.205156950673	0.0650224215247
-љег	0.0555555555556	0.472222222222	0.388888888889	0.0833333333333
-љев	0.00692840646651	0.990762124711	0.00230946882217	0.0
-зно	0.29370234397	0.220559164078	0.420785088958	0.0649534029935
-кво	0.123285460707	0.231240923027	0.189446506374	0.456027109892
-зну	0.261901208775	0.47843605432	0.143262199672	0.116400537233
-ђих	0.0373831775701	0.878504672897	0.0747663551402	0.00934579439252
-сна	0.0456461935358	0.534275714313	0.396450779337	0.0236273128144
-ога	0.0391994592205	0.339638123415	0.0618426043576	0.559319813007
-жар	0.0487804878049	0.512195121951	0.341463414634	0.0975609756098
-шце	0.0769230769231	0.365384615385	0.557692307692	0.0
-жај	0.182795698925	0.52688172043	0.225806451613	0.0645161290323
-аус	0.025	0.975	0.0	0.0
-ону	0.0584834571442	0.926305352594	0.00560123251521	0.0096099577467
-пут	0.0702004161647	0.808564231738	0.0223414740992	0.0988938779981
-ођо	0.0727272727273	0.854545454545	0.0	0.0727272727273
-ођи	0.922347231414	0.0405912199427	0.00397088021178	0.0330906684315
-ође	0.822925283167	0.0684760976568	0.0130220063718	0.0955766128041
-рће	0.321215139442	0.474601593626	0.189243027888	0.0149402390438
-рћа	0.305422353375	0.424566580598	0.270011066027	0.0
-ођа	0.0977198697068	0.860400186133	0.0232666356445	0.0186133085156
-вну	0.0518134715026	0.233160621762	0.673575129534	0.0414507772021
-кни	0.612021857924	0.114754098361	0.234972677596	0.0382513661202
-ћем	0.242891892327	0.549398327883	0.148847399198	0.0588623805919
-ељу	0.0211442472988	0.915778376305	0.0522387286207	0.0108386477751
-кне	0.715042739784	0.150435965985	0.0560225838817	0.0784987103493
-нда	0.0660386508571	0.0547028442569	0.0033461846221	0.875912320264
-нде	0.15975780828	0.247620084332	0.00207029557166	0.590551811817
-ељи	0.0303559825082	0.945987952442	0.0092551939727	0.0144008710771
-вна	0.131765261171	0.610604153556	0.237177470107	0.0204531151668
-ржи	0.804772609372	0.0741829500259	0.0204046342729	0.100639806329
-вне	0.0946196660483	0.166975881261	0.711688311688	0.0267161410019
-рже	0.677873338546	0.120797498045	0.0629397967161	0.138389366693
-еља	0.0333563557593	0.847384861709	0.101481807051	0.0177769754811
-вни	0.127369542066	0.295633652822	0.553567625133	0.0234291799787
-еље	0.0395987770074	0.763407676746	0.188063692651	0.00892985359501
-ржа	0.259090909091	0.636363636364	0.05	0.0545454545455
-ођу	0.787017476474	0.102938352218	0.0403303245631	0.0697138467448
-рћу	0.23541813071	0.718200983837	0.00843288826423	0.037947997189
-пуд	0.0444444444444	0.955555555556	0.0	0.0
-оне	0.0921923319767	0.307590567245	0.0126133203239	0.587603780454
-она	0.0254963753801	0.610629002472	0.0278163158426	0.336058306306
-оно	0.091448481749	0.233078455097	0.0171138469982	0.658359216156
-они	0.0463162261139	0.104186789083	0.00870011901618	0.840796865787
-јде	0.536653609401	0.243424734191	0.0100727476217	0.209848908786
-еви	0.106687034938	0.769674271916	0.108986678493	0.014652014652
-ево	0.476853146136	0.309927801258	0.00176322034315	0.211455832263
-ифи	0.0191082802548	0.923566878981	0.0	0.0573248407643
-ева	0.243007725183	0.622890628022	0.0946599859725	0.0394416608219
-ифе	0.1	0.86	0.0	0.04
-еве	0.123607348015	0.828108531666	0.018347965721	0.0299361545975
-ифа	0.00403225806451	0.995967741935	0.0	0.0
-оре	0.399558578668	0.476048445157	0.0570122891921	0.0673806869828
-ора	0.0689029512236	0.71303130425	0.0443523548188	0.173713389707
-удe	0.142118863049	0.521963824289	0.064599483204	0.271317829457
-оро	0.0637180534485	0.0785389193604	0.0369237950753	0.820819232116
-ори	0.799623616125	0.138102662067	0.0142090522145	0.0480646695931
-ору	0.0752625437573	0.884839780989	0.0235167399695	0.0163809352841
-ура	0.42935278031	0.226982680036	0.313582497721	0.0300820419326
-уре	0.452380952381	0.150793650794	0.349206349206	0.047619047619
-ури	0.425710293433	0.370284117373	0.103400093153	0.100605496041
-еву	0.0897018970189	0.792682926829	0.0888888888889	0.0287262872629
-ифу	0.054054054054	0.945945945946	0.0	0.0
-илe	0.684210526316	0.157894736842	0.0526315789474	0.105263157895
-ред	0.0513873373389	0.179543693327	0.00706500407597	0.762003965259
-уви	0.420168067227	0.0168067226891	0.563025210084	0.0
-арe	0.0489367899796	0.95106321002	0.0	0.0
-мца	0.0549516908212	0.917874396135	0.00362318840579	0.0235507246377
-дам	0.262332663516	0.108340644723	0.0113774658251	0.617949225936
-мце	0.0113636363636	0.988636363636	0.0	0.0
-мци	0.0185950413223	0.910123966942	0.0588842975206	0.0123966942149
-тлу	0.0174779906784	0.982522009322	0.0	0.0
-шле	0.471142520612	0.234982332156	0.0989399293286	0.194935217903
-шла	0.637586024352	0.181154049762	0.0631021704605	0.118157755426
-шло	0.641411408161	0.163978785583	0.0673233033878	0.127286502868
-чје	0.116435288849	0.794894760412	0.0591133004926	0.0295566502463
-шли	0.796581155798	0.064118239999	0.00799241317197	0.131308191031
-оце	0.178699070765	0.717655468192	0.0214438884918	0.0822015725518
-чју	0.0794627867935	0.778959149413	0.0349748181309	0.106603245663
-дaо	0.794871794872	0.205128205128	0.0	0.0
-тли	0.558752997602	0.383693045564	0.0407673860911	0.0167865707434
-мцу	0.00518134715025	0.99481865285	0.0	0.0
-ели	0.718179625998	0.163634497862	0.0610303160733	0.0571555600671
-тла	0.0467289719626	0.822429906542	0.130841121495	0.0
-тле	0.0730769230769	0.915384615385	0.0115384615384	0.0
-чма	0.0754716981132	0.88679245283	0.0377358490566	0.0
-аза	0.686910599774	0.172764994342	0.0396076952094	0.100716710675
-чме	0.0	1.0	0.0	0.0
-азе	0.600701584717	0.225166467809	0.0754452585567	0.0986866889178
-арâ	0.0602006688963	0.929765886288	0.010033444816	0.0
-ази	0.765677692946	0.0576372748263	0.0191677559029	0.157517276325
-зор	0.026119402985	0.861940298508	0.089552238806	0.0223880597015
-гов	0.0234588817933	0.086406881272	0.00469177635866	0.885442460576
-гог	0.0293715127908	0.0456890198968	0.362985577429	0.561953889883
-год	0.0490231679861	0.260912194059	0.00653642239815	0.683528215557
-гом	0.0406136036499	0.533159723105	0.152841426384	0.27338524686
-гон	0.0448598130841	0.910280373832	0.0448598130841	0.0
-уме	0.5408180441	0.38141726982	0.0636256522471	0.0141390338327
-ума	0.128078817734	0.748768472907	0.0344827586207	0.0886699507389
-уми	0.639705882353	0.360294117647	0.0	0.0
-ату	0.0784126681294	0.826767146809	0.0684918439378	0.0263283411237
-пов	0.0901259924589	0.899860008379	0.0	0.0100139991621
-пог	0.0	0.0	1.0	0.0
-дек	0.0175438596491	0.982456140351	0.0	0.0
-дем	0.759517632256	0.0470119255737	0.0229380783235	0.170532363847
-ден	0.70802919708	0.270072992701	0.00729927007299	0.014598540146
-део	0.811944193611	0.121678162985	0.034607147416	0.0317704959885
-ата	0.18296973962	0.721307459924	0.0506607672599	0.0450620331958
-ате	0.692698009612	0.118846076786	0.0339398138916	0.15451609971
-дех	0.845164152618	0.00709849157054	0.00399290150843	0.143744454303
-пор	0.409756097561	0.560975609756	0.0292682926829	0.0
-деш	0.654258941331	0.114115266202	0.0402827465161	0.191343045951
-ати	0.66290095401	0.174933799006	0.0556934000384	0.106471846946
-ато	0.0850254141634	0.145643166454	0.00757272572594	0.761758693657
-уму	0.0730866467479	0.902780969892	0.0199954033556	0.0041369800046
-деј	0.0	1.0	0.0	0.0
-пољ	0.0	1.0	0.0	0.0
-сја	0.450302506482	0.220397579948	0.0726015557476	0.256698357822
-азу	0.174237710019	0.763987101884	0.0380155003677	0.0237596877298
-зом	0.308276610437	0.666568018151	0.014797277301	0.0103580941107
-гој	0.144322476156	0.164657189131	0.628036710455	0.0629836242577
-зов	0.0	1.0	0.0	0.0
-нут	0.598192011588	0.18452748196	0.0402371308243	0.177043375627
-тал	0.0802919708029	0.832116788321	0.0875912408759	0.0
-так	0.118135962665	0.812583253379	0.0329287490801	0.0363520348756
-тан	0.144890571637	0.38240192379	0.408025173	0.0646823315724
-там	0.691580681523	0.214774993497	0.0182086187462	0.0754357062343
-тап	0.0699481865285	0.867875647668	0.0	0.0621761658031
