-msã	0.276898371186	0.629502179399	0.0	0.0935994494151
-caa	0.0	1.0	0.0	0.0
-ɨma	0.147783251232	0.360501567398	0.449395432154	0.0423197492163
-umb	0.433802816901	0.346478873239	0.0507042253521	0.169014084507
-cao	0.620253164557	0.316455696203	0.0632911392405	0.0
-rɨã	0.0951728368387	0.442505475087	0.314608435661	0.147713252414
-júã	0.426361075742	0.448573008707	0.065375364947	0.0596905506039
-car	0.0848	0.8576	0.0576	0.0
-raẽ	0.262515356265	0.66531019656	0.0414619164619	0.0307125307125
-ɨeɨ	0.395939086294	0.543147208122	0.0304568527919	0.0304568527919
-ive	0.0	1.0	0.0	0.0
-rbe	0.0769230769231	0.912087912088	0.010989010989	0.0
-caz	0.0	1.0	0.0	0.0
-ivo	0.214338930598	0.575906928764	0.19599977076	0.0137543698779
-ɨbɨ	0.116279069767	0.441860465116	0.116279069767	0.325581395349
-dío	0.155836667368	0.551912865316	0.235097279759	0.0571531875575
-día	0.158415841584	0.590759075908	0.118811881188	0.13201320132
-eɨ̃	0.185467397968	0.212642419971	0.138997582204	0.462892599857
-plo	0.218691588785	0.645794392523	0.0294392523365	0.106074766355
-nso	0.052734375	0.909505208333	0.0143229166667	0.0234375
-biã	0.317030347437	0.375619196411	0.174057240543	0.13329321561
-ufo	0.0	1.0	0.0	0.0
-aum	0.0114503816794	0.986005089059	0.00254452926209	0.0
-ecõ	0.643564356436	0.277227722772	0.019801980198	0.059405940594
-mbe	0.455493289581	0.26606671816	0.0910693818807	0.187370610379
-uaa	0.456258496678	0.441116024842	0.0334458831137	0.0691795953655
-utã	0.240816326531	0.685714285714	0.0	0.0734693877551
-uae	0.174795063508	0.594314025764	0.0838410953968	0.147049815332
-riã	0.277905555445	0.300241911012	0.173308111818	0.248544421725
-nto	0.0998929718159	0.631466286122	0.184088476632	0.0845522654299
-seɨ	0.304105485937	0.490854837744	0.154591538038	0.0504481382807
-nta	0.129100518914	0.185715693998	0.0265634429264	0.658620344162
-nte	0.0920829438848	0.844566760134	0.00415411776924	0.0591961782117
-uao	0.0220228384992	0.963295269168	0.0146818923328	0.0
-uan	0.0440204405802	0.891792285981	0.00959975728893	0.0545875161502
-les	0.0244421666798	0.949735866908	0.00658361586376	0.019238350548
-uas	0.0853658536585	0.768292682927	0.0731707317073	0.0731707317073
-riõ	0.5625	0.4375	0.0	0.0
-uat	0.105842317845	0.343446872118	0.506058582196	0.0446522278409
-osẽ	0.523665316955	0.331586648066	0.0418523937528	0.102895641226
-dro	0.0285854571679	0.921467478864	0.00903748484801	0.0409095791202
-puk	0.86011342155	0.0982986767485	0.0	0.0415879017013
-eña	0.28826122431	0.545588208901	0.120108843462	0.0460417233272
-ɨco	0.164727717497	0.120058277797	0.0305288286404	0.684685176066
-pre	0.017982017982	0.976023976024	0.005994005994	0.0
-arã	0.282856355255	0.517790096493	0.0766654400236	0.122688108228
-más	0.00618324901629	0.983698707139	0.00337268128162	0.00674536256324
-aré	0.0	1.0	0.0	0.0
-eño	0.40757184372	0.338634162092	0.161769454311	0.0920245398773
-arõ	0.318260838039	0.397579432657	0.0633114605665	0.220848268738
-neɨ	0.508802816901	0.332746478873	0.105633802817	0.0528169014084
-mán	0.0	0.477042801556	0.522957198444	0.0
-smo	0.245875883739	0.732128829537	0.0219952867243	0.0
-ope	0.00805910006718	0.979852249832	0.0	0.0120886501007
-ɨcu	0.290076335878	0.618320610687	0.0458015267176	0.0458015267176
-hei	0.252208991305	0.483941602406	0.248328852977	0.0155205533111
-dea	0.260964079735	0.452485087395	0.0319054330246	0.254645399845
-reĩ	0.435362460086	0.47936035701	0.0825842192329	0.00269296367064
-éoo	0.4	0.522077922078	0.0623376623376	0.0155844155844
-dei	0.165412551691	0.116534969453	0.0502253281954	0.66782715066
-hoɨ	0.489132883465	0.124146183216	0.0147267881166	0.371994145203
-ɨta	0.0760705589667	0.83305102689	0.0283188651281	0.0625595490155
-etẽ	0.176514870797	0.26752858146	0.393969873772	0.161986673971
-ima	0.259343444984	0.188845290415	0.497179594592	0.0546316700088
-ios	0.040531356624	0.626346808856	0.0119024914481	0.321219343072
-der	0.805356156819	0.154058531198	0.0273329652126	0.0132523467697
-des	0.0625927226192	0.865505486914	0.0414491342114	0.0304526562553
-deu	0.732692523469	0.149867225194	0.0157085686502	0.101731682687
-hee	0.170808927508	0.167126911013	0.0423184164772	0.619745745002
-aús	0.10447761194	0.805970149254	0.089552238806	0.0
-imo	0.165066038979	0.581718001778	0.218502500402	0.0347134588411
-heã	0.359908792703	0.343467477398	0.0874069925594	0.209216737339
-ido	0.238623751387	0.594339622642	0.163706992231	0.00332963374029
-lla	0.0739620762033	0.912590273578	0.00672382510938	0.00672382510939
-biu	0.402789977981	0.342446459066	0.202053860274	0.0527097026801
-eco	0.327347641971	0.397235675891	0.104331894097	0.171084788042
-obo	0.0790570442405	0.896595677642	0.0206235767584	0.00372370135915
-rpo	0.0	0.798882681564	0.0	0.201117318436
-hɨ̃	0.359020721972	0.323825277872	0.0998790611585	0.217274938998
-quɨ	0.514098360656	0.218247597513	0.0823063877897	0.185347654042
-nyɨ	0.385884509624	0.329139238397	0.0899925006249	0.194983751354
-sũs	0.574074074074	0.351851851852	0.037037037037	0.037037037037
-llo	0.187993482893	0.778004217593	0.00196167112584	0.0320406283886
-ida	0.0505050505051	0.937950937951	0.011544011544	0.0
-auã	0.513089005236	0.455497382199	0.0314136125654	0.0
-bia	0.0283119620692	0.341173358408	0.0286094928921	0.601905186631
-mbɨ	0.169139465875	0.451038575668	0.0593471810089	0.320474777448
-bio	0.721577726218	0.0580046403712	0.118329466357	0.102088167053
-ecu	0.372207978195	0.346291548287	0.0898990598942	0.191601413623
-bii	0.0905340859748	0.668729193805	0.0303227674048	0.210413952815
-eja	0.0525843482315	0.912452654274	0.0192995746169	0.0156634228775
-ñoa	0.1576503237	0.599035344561	0.0820488760528	0.161265455686
-tes	0.0900024701798	0.883225385076	0.0132615166905	0.0135106280537
-eje	0.0639427915082	0.037478778912	0.00466130226232	0.893917127318
-ria	0.0660537140092	0.910718606339	0.0101621098476	0.013065569804
-rio	0.320020699948	0.562027006494	0.0670399094753	0.0509123840827
-rúa	0.539215686274	0.375816993464	0.0849673202614	0.0
-uti	0.34937704918	0.399277163553	0.179245139154	0.0721006481129
-ñoo	0.178080208484	0.769798754886	0.0	0.0521210366296
-eru	0.211037939653	0.413556164822	0.0342790191853	0.34112687634
-ños	0.00242882202132	0.969639724734	0.0206449871812	0.00728646606396
-tea	0.426877517411	0.384799301573	0.0765987420386	0.111724438977
-tee	0.280436710603	0.572158169975	0.0599406709685	0.0874644484541
-gre	0.10199556541	0.605321507761	0.274944567628	0.0177383592018
-tei	0.207695380109	0.128877646119	0.0258287844495	0.637598189322
-ruɨ	0.512680394636	0.123764082025	0.0249416912672	0.338613832072
-tel	0.169811320755	0.698113207547	0.0377358490566	0.0943396226415
-teo	0.054066993545	0.902761956647	0.0166740957192	0.0264969540884
-are	0.394365636194	0.311520455277	0.0936468624482	0.200467046081
-coĩ	0.359009495854	0.251576295289	0.153777683077	0.23563652578
-ara	0.16404485187	0.679601207559	0.0950901690289	0.0612637715416
-mes	0.0	0.975708502024	0.0242914979757	0.0
-rao	0.447628931664	0.377535293981	0.0589478056708	0.115887968685
-aro	0.0912207582684	0.819888859012	0.0156852200412	0.0732051626782
-ari	0.0540145089451	0.445275258458	0.0816227863097	0.419087446288
-rón	0.0340611353712	0.924017467249	0.0262008733625	0.0157205240175
-mee	0.539987394536	0.218406714352	0.0539077351845	0.187698155927
-aru	0.348800073988	0.523417595571	0.0546527582056	0.0731295722354
-mea	0.0	1.0	0.0	0.0
-mec	0.0	1.0	0.0	0.0
-meo	0.0	0.980952380952	0.0190476190476	0.0
-cúẽ	0.102941176471	0.897058823529	0.0	0.0
-mei	0.397843243889	0.271687155226	0.217176491697	0.113293109187
-meɨ	0.171890523815	0.641333056831	0.0839904983645	0.102785920989
-aya	0.024	0.961230769231	0.0	0.0147692307692
-rro	0.0914326906809	0.880247449374	0.0164524900635	0.0118673698819
-goã	0.524892199138	0.197569580557	0.196785574285	0.0807526460212
-ero	0.1844018751	0.74520625527	0.0297879952085	0.040603874421
-ayu	0.568181818182	0.0909090909091	0.0	0.340909090909
-eãt	0.216535433071	0.505905511811	0.236220472441	0.0413385826772
-bás	0.0096065873742	0.961573650503	0.0178408051235	0.0109789569991
-ndi	0.276536498383	0.574819904226	0.103488520146	0.0451550772448
-aɨo	0.724137931035	0.206896551724	0.0344827586207	0.0344827586207
-aón	0.157894736842	0.795321637427	0.0116959064327	0.0350877192982
-ubu	0.0936613055818	0.855250709555	0.0170293282876	0.0340586565752
-coã	0.327401186429	0.430513897221	0.115443577951	0.126641338399
-ere	0.188776576418	0.126414670896	0.0270586253394	0.657750127347
-ubi	0.264320542593	0.378101744625	0.111067456095	0.246510256687
-dán	0.0595835957849	0.899814439659	0.0213649750601	0.0192369894963
-xad	0.0	1.0	0.0	0.0
-yaã	0.188235294118	0.505882352941	0.258823529412	0.0470588235294
-uba	0.404624485643	0.504974743609	0.020349177479	0.0700515932686
-ube	0.412826798498	0.278525302576	0.0966059736693	0.212041925257
-umu	0.0	0.866666666667	0.0	0.133333333333
-ota	0.00873362445415	0.991266375546	0.0	0.0
-tán	0.221711315474	0.695921631348	0.0547780887645	0.0275889644143
-ote	0.114349473513	0.140454268847	0.035772378812	0.709423878828
-isé	0.364688856729	0.557163531114	0.0260492040521	0.0520984081042
-eno	0.373879152231	0.243593336051	0.0597997758305	0.322727735887
-reã	0.277096670347	0.341433942036	0.194103081675	0.187366305943
-isã	0.521284216476	0.316446264792	0.0782087503178	0.0840607684139
-rán	0.125	0.875	0.0	0.0
-uma	0.663114754098	0.237704918033	0.0991803278689	0.0
-heĩ	0.0	1.0	0.0	0.0
-rái	0.244048848408	0.413658996797	0.201164865461	0.141127289335
-eví	0.0196779964222	0.94740608229	0.0243291592129	0.00858676207513
-nua	0.38672457059	0.317764720047	0.0551207417316	0.240389967632
-ɨño	0.389438801202	0.314018016552	0.132275670534	0.164267511712
-ẽya	0.30618179193	0.439570091841	0.142691555564	0.111556560666
-ieɨ	0.412303909971	0.441529122205	0.102811709576	0.0433552582476
ALL	0.237103380264	0.302657406153	0.0561360137602	0.404103199823
-áee	0.206008583691	0.55364806867	0.188841201717	0.0515021459228
-naa	0.426460617397	0.263904890551	0.0489022979488	0.260732194103
-nae	0.0961197886797	0.0580880457252	0.0271142394443	0.818677926151
-aúl	0.250709555345	0.706717123936	0.042573320719	0.0
-juã	0.808394007867	0.0879710993946	0.000836890116328	0.102798002622
-sii	0.185299187392	0.733440039399	0.0258557005663	0.0554050726422
-sio	0.0586655205759	0.891049747502	0.0419039432685	0.00838078865369
-nɨ̃	0.0526315789474	0.947368421053	0.0	0.0
-nar	0.452225646069	0.317533096789	0.137902668097	0.0923385890453
-nas	0.061816176684	0.908233450387	0.00348260150332	0.0264677714253
-sia	0.289676076728	0.498984346725	0.0313517915309	0.179987785016
-ala	0.0989010989011	0.901098901099	0.0	0.0
-sie	0.159400072858	0.81287817534	0.0277217518015	0.0
-goi	0.511732724534	0.100793165129	0.00600169459612	0.381472415741
-ñoã	0.328086736296	0.563346380057	0.0719383803923	0.0366285032547
-mos	0.12866924996	0.742024523595	0.0662455544349	0.0630606720103
-ayã	0.286458791536	0.450811107544	0.175072672949	0.0876574279708
-gog	0.0487804878049	0.918699186992	0.0325203252033	0.0
-aán	0.128683693517	0.644400785855	0.215127701375	0.0117878192534
-moo	0.394661681466	0.211195928753	0.33494313756	0.05919925222
-gos	0.155787641427	0.633594429939	0.174064403829	0.0365535248042
-moi	0.4	0.355555555556	0.0	0.244444444444
-coo	0.0372725414831	0.959177692661	0.00141990634221	0.00212985951332
-coi	0.380660861667	0.466224694546	0.0934626021222	0.0596518416646
-ber	0.723633242319	0.228210842449	0.0310683324072	0.017087582824
-eos	0.0324320492447	0.910974320197	0.00998363628845	0.0466099942698
-eor	0.0	1.0	0.0	0.0
-bet	0.0508966244726	0.730485232068	0.00316455696203	0.215453586498
-cob	0.0	0.999146393513	0.0	0.00085360648741
-yae	0.427396833232	0.279826464208	0.0700118201775	0.222764882383
-dae	0.330363348937	0.212147307945	0.0717993984167	0.385689944701
-bei	0.22202673985	0.697533867061	0.0288927088036	0.0515466842853
-yaa	0.318725099601	0.681274900399	0.0	0.0
-beo	0.0499168053245	0.850249584027	0.0499168053245	0.0499168053245
-bel	0.154631883106	0.66285179585	0.0321093527762	0.150406968267
-cot	0.337054982094	0.33073520118	0.0832104487044	0.248999368022
-yao	0.568106029272	0.314388806128	0.0302085680242	0.087296596576
-rla	0.166016853226	0.744057351277	0.0622563199597	0.0276694755377
-cos	0.0901306894998	0.811176205498	0.0851735015774	0.013519603425
-nís	0.413930916357	0.473178833727	0.112890249916	0.0
-iso	0.172199170124	0.51244813278	0.190871369295	0.124481327801
-agé	0.0546875	0.9453125	0.0	0.0
-hɨɨ	0.183908045977	0.540229885058	0.189655172414	0.0862068965517
-imb	0.578657942364	0.300640400947	0.0887512181539	0.0319504385354
-reo	0.162300023186	0.787206636268	0.0243450034778	0.0261483370688
-isi	0.377828307605	0.347386874643	0.0730526509486	0.201732166804
-ise	0.230471098377	0.644623236419	0.0668849691093	0.0580206960948
-rea	0.493071652061	0.183503977613	0.0319851223637	0.291439247962
-isa	0.132152813005	0.765570529762	0.022523488184	0.0797531690496
-ree	0.372093023256	0.53488372093	0.093023255814	0.0
-eve	0.165822532403	0.0885343968096	0.0837487537388	0.661894317049
-rey	0.349127182045	0.551122194514	0.0498753117207	0.0498753117207
-otõ	0.102330869812	0.795338260375	0.102330869812	0.0
-usẽ	0.300501468443	0.193069259628	0.0567441989752	0.449685072953
-úee	0.196905766526	0.438818565401	0.0196905766526	0.344585091421
-res	0.0410196544863	0.155407736981	0.147382950449	0.656189658084
-isu	0.402600206289	0.288445393269	0.222600686032	0.0863537144091
-ret	0.0355434039645	0.956254272044	0.00656185919345	0.00164046479836
-fes	0.603603603604	0.243243243243	0.0900900900901	0.063063063063
-haa	0.251396498412	0.583172380133	0.0911496076114	0.074281513843
-hab	0.0212765957447	0.978723404255	0.0	0.0
-hae	0.0907183226122	0.880486978016	0.0138180226495	0.0149766767226
-avo	0.0414201183432	0.523668639053	0.417159763314	0.0177514792899
-hai	0.558073654391	0.28895184136	0.0679886685552	0.084985835694
-mas	0.0665322580645	0.933467741935	0.0	0.0
-mar	0.251840942563	0.659793814433	0.0883652430044	0.0
-ham	0.0779152762017	0.889170152621	0.0209090115557	0.0120055596216
-hao	0.459827178307	0.349124642101	0.0374843898814	0.15356378971
-coe	0.694616554743	0.192742922866	0.0563202611954	0.0563202611954
-teã	0.376568658319	0.327288724233	0.200722728529	0.0954198889191
-siã	0.425122932209	0.314407897242	0.130622563108	0.129846607441
-ɨãt	0.474264705882	0.25	0.0661764705882	0.209558823529
-mae	0.682546858375	0.118057728712	0.0303339537669	0.169061459146
-hoã	0.608695652174	0.155797101449	0.235507246377	0.0
-shĩ	0.145732993797	0.556729195022	0.272604578151	0.0249332330297
-rar	0.459270514492	0.443675344805	0.0265956131987	0.0704585275042
-ɨeu	0.0689655172414	0.931034482759	0.0	0.0
-ɨmɨ	0.222024487185	0.655763259406	0.046575582775	0.0756366706346
-una	0.42718723283	0.434596751211	0.0370475919065	0.101168424053
-huẽ	0.751096746551	0.225431480119	0.0	0.0234717733297
-heɨ	0.528057662105	0.405497996305	0.0297251001848	0.0367192414046
-pta	0.0	1.0	0.0	0.0
-pto	0.0520814880425	0.864836138175	0.0542072630647	0.0288751107175
-unu	0.245283018868	0.754716981132	0.0	0.0
-666	0.285714285714	0.076923076923	0.0	0.637362637363
-ieĩ	0.212682926829	0.631219512195	0.070243902439	0.0858536585365
-gad	0.0	1.0	0.0	0.0
-tra	0.0655737704918	0.901639344262	0.0327868852459	0.0
-ada	0.086431335757	0.762284508033	0.140729447637	0.0105547085728
-gao	0.65	0.15	0.0333333333333	0.166666666667
-ado	0.0264808318795	0.926510220288	0.0202217261626	0.0267872216699
-tro	0.0445375318985	0.268549280177	0.00962973662671	0.677283451298
-yɨu	0.244030438205	0.498819207557	0.170558908423	0.0865914458148
-ɨbe	0.298692471161	0.164529055214	0.0731405055373	0.463637968088
-gai	0.0	1.0	0.0	0.0
-adi	0.0	1.0	0.0	0.0
-gau	0.0	1.0	0.0	0.0
-gar	0.393474823304	0.506116020147	0.0827568851715	0.0176522713783
-lam	0.12	0.8	0.08	0.0
-auɨ	0.381619937695	0.540498442368	0.0778816199376	0.0
-jeɨ	0.217836233848	0.141449935454	0.0567942194198	0.583919611279
-seo	0.429801673705	0.455989108645	0.0277511352737	0.0864580823761
-pra	0.245901639344	0.532786885246	0.147540983607	0.0737704918033
-sem	0.0	1.0	0.0	0.0
-lao	0.385542168675	0.614457831325	0.0	0.0
-ate	0.304924584259	0.309869647817	0.120981176988	0.264224590937
-esẽ	0.382521319048	0.0896085557536	0.0227168720074	0.505153253191
-ino	0.227914213439	0.713441193629	0.034653623096	0.0239909698357
-ina	0.214052592528	0.619778832061	0.0771447689364	0.0890238064738
-uis	0.0	1.0	0.0	0.0
-sei	0.386119764207	0.557296630802	0.030740943607	0.0258426613839
-erõ	0.582557619533	0.205198065382	0.081950702558	0.130293612528
-sea	0.216520358601	0.447674375516	0.0498983015403	0.285906964342
-món	0.0204635263125	0.962522737251	0.00588032365301	0.011133412783
-uii	0.208465943343	0.292854641782	0.332484228183	0.166195186693
-uim	0.0	1.0	0.0	0.0
-uil	0.503649635037	0.306569343066	0.0	0.189781021898
-uíã	0.355181782328	0.341721670167	0.0874975120091	0.215599035495
-uia	0.2323594746	0.170609255759	0.0330426168388	0.563988652803
-seu	0.74839023205	0.124043251124	0.0	0.127566516827
-erã	0.175744532493	0.173386393472	0.061044571683	0.589824502353
-ses	0.0996669117965	0.825582904356	0.0591772288792	0.0155729549682
-raã	0.328371342484	0.252467346039	0.119075647611	0.300085663866
-blo	0.0925378537851	0.751673710788	0.0130006701118	0.142787765315
-eda	0.0	0.52393652487	0.47606347513	0.0
-iaa	0.13379587117	0.755478465916	0.082304526749	0.0284211361652
-són	0.0422535211267	0.9186228482	0.00625978090766	0.0328638497652
-eñɨ	0.387975528085	0.327777637906	0.0815730506811	0.202673783328
-uee	0.200127891524	0.127851786787	0.0322038055216	0.639816516167
-nes	0.121369984482	0.758922633562	0.0166260252716	0.103081356684
-rso	0.0	1.0	0.0	0.0
-iat	0.410431064486	0.280515089743	0.258937005916	0.0501168398548
-yɨa	0.0488785442234	0.804485823106	0.0977570884469	0.0488785442234
-bed	0.25	0.75	0.0	0.0
-ias	0.254376612688	0.689792128985	0.0387334419166	0.0170978164109
-nei	0.413556353248	0.331617188757	0.0530584633928	0.201767994603
-ooz	0.0166666666667	0.983333333333	0.0	0.0
-nea	0.278424148038	0.296746624124	0.187325825056	0.237503402782
-ban	0.121755629542	0.714710199406	0.0375183474743	0.126015823578
-bai	0.909090909091	0.0	0.030303030303	0.060606060606
-deɨ	0.157665398306	0.296428133055	0.46397446913	0.0819319995091
-hoi	0.146947482635	0.822116205231	0.0309363121338	0.0
-uua	0.806451612903	0.129032258065	0.0322580645161	0.0322580645161
-hoo	0.912307822985	0.0501486452051	0.0375435318101	0.0
-baa	0.454472199839	0.194198227236	0.0813859790492	0.269943593876
-hos	0.148148148148	0.518518518518	0.333333333333	0.0
-rei	0.125572130104	0.0521088901752	0.0233334924513	0.79898548727
-uuu	0.761904761905	0.130952380952	0.0	0.107142857143
-bas	0.0	1.0	0.0	0.0
-job	0.123287671233	0.575342465753	0.219178082192	0.0821917808219
-ase	0.502741731114	0.260606457814	0.128457202779	0.108194608293
-úae	0.421436004162	0.459937565036	0.0	0.118626430801
-que	0.334658537163	0.0631198448589	0.0226891891344	0.579532428844
-mbu	0.550015409438	0.261279756216	0.0491067112295	0.139598123117
-asa	0.19244389129	0.650723049348	0.0581446848703	0.0986883744918
-nye	0.121888273502	0.0692533102206	0.0312024663951	0.777655949882
-qui	0.237856736804	0.168400319714	0.0312227132103	0.562520230273
-asi	0.296433275623	0.391013936768	0.142471119776	0.170081667833
-mba	0.249674498944	0.498444254508	0.0898556271835	0.162025619365
-asu	0.246273907954	0.390869316374	0.281105033044	0.0817517426269
-ast	0.165413533835	0.81954887218	0.0	0.0150375939849
-chẽ	0.306639288159	0.522245037645	0.125941136208	0.0451745379877
-nyu	0.618367828069	0.308918413866	0.0444306135487	0.0282831445163
-yea	0.168224299065	0.77570093458	0.0280373831776	0.0280373831776
-mbi	0.363997031188	0.346742970643	0.202066792979	0.0871932051896
-lta	0.0526315789474	0.921052631579	0.0	0.0263157894737
-yeb	0.367346938776	0.361516034985	0.0349854227405	0.236151603499
-yee	0.266148786573	0.159843501928	0.0619188024495	0.51208890905
-zor	0.0	1.0	0.0	0.0
-mbo	0.46296003653	0.24818358097	0.116156860968	0.172699521531
-tín	0.0254237288135	0.872881355932	0.101694915254	0.0
-430	0.308035714286	0.0535714285714	0.0	0.638392857143
-seã	0.477176558117	0.279352728738	0.0664011035851	0.17706960956
-ras	0.135843514878	0.723690023403	0.10099360792	0.0394728537996
-uíe	0.364420062696	0.474921630094	0.0548589341693	0.105799373041
-eri	0.17180877921	0.762642714862	0.0363589368819	0.0291895690461
-ram	0.0	1.0	0.0	0.0
-uía	0.124528301887	0.804402515723	0.0408805031447	0.0301886792453
-red	0.0	1.0	0.0	0.0
-rai	0.807692307692	0.192307692308	0.0	0.0
-teɨ	0.0126984126984	0.587301587302	0.387301587302	0.0126984126984
-era	0.466552560293	0.303372261481	0.151457041801	0.0786181364254
-uiã	0.197802749436	0.0545758255925	0.0102841903848	0.737337234587
-rae	0.201530417612	0.224871428822	0.0529833842346	0.520614769332
-rab	0.176711644178	0.646576711644	0.0662668665667	0.110444777611
-rac	0.0	1.0	0.0	0.0
-raa	0.252525252525	0.68970959596	0.0388257575758	0.0189393939394
-átu	0.559877175026	0.220061412487	0.0910951893552	0.128966223132
-hɨõ	0.0930232558139	0.889534883721	0.0174418604651	0.0
-pos	0.0207015526165	0.942495687177	0.0207015526164	0.0161012075906
-arɨ	0.234782608696	0.486956521739	0.217391304348	0.0608695652174
-cói	0.144935492726	0.818830634093	0.0	0.0362338731814
-poo	0.0769230769231	0.905982905983	0.0	0.017094017094
-neã	0.452344550164	0.289376419421	0.0819367958556	0.176342234559
-eva	0.211382113821	0.783739837398	0.00487804878048	0.0
-seĩ	0.17519419228	0.45616802813	0.273740925438	0.0948968541519
-lac	0.0400381315539	0.959961868446	0.0	0.0
-aat	0.0	1.0	0.0	0.0
-nor	0.0	0.978984238179	0.0210157618214	0.0
-nos	0.125424343725	0.659125657571	0.189691362824	0.0257586358807
-aam	0.0369003690037	0.911439114391	0.0369003690037	0.0147601476015
-aal	0.0379746835443	0.886075949367	0.0759493670886	0.0
-fos	0.0	1.0	0.0	0.0
-eón	0.180989787903	0.790730557738	0.00235663786332	0.0259230164964
-las	0.0557530141473	0.889887797059	0.0304318535554	0.0239273352382
-noa	0.185928751476	0.72498464038	0.0377231952775	0.0513634128667
-icó	0.0	1.0	0.0	0.0
-noc	0.0527156549521	0.85303514377	0.0702875399361	0.0239616613418
-aac	0.0290167615103	0.966461145787	0.00452209270289	0.0
-ujo	0.210500699641	0.585082435968	0.0821317758715	0.12228508852
-dor	0.134980988593	0.821292775665	0.0342205323194	0.00950570342205
-gen	0.33417721519	0.625316455696	0.0303797468355	0.0101265822785
-aɨ̃	0.138040512032	0.6689918612	0.112745130246	0.0802224965213
-gel	0.0519265600771	0.87282227695	0.0312080580639	0.0440431049086
-boo	0.217194570136	0.678733031674	0.00904977375565	0.0950226244344
-fán	0.0	1.0	0.0	0.0
-boi	0.173570595099	0.679404900817	0.147024504084	0.0
-ubɨ	0.274074074074	0.696296296296	0.0296296296296	0.0
-fás	0.0563798219584	0.900296735905	0.020178041543	0.0231454005935
-cel	0.198915525114	0.760178843227	0.0209284627093	0.0199771689498
-doc	0.0	1.0	0.0	0.0
-ges	0.0289855072464	0.913043478261	0.0579710144928	0.0
-doo	0.129901589705	0.810143830432	0.0199848599546	0.0399697199091
-reu	0.41811429256	0.331496345993	0.156942614113	0.0934467473344
-ɨte	0.246487632027	0.232468344041	0.119058342506	0.401985681426
-sas	0.0	0.942307692308	0.0	0.0576923076923
-ión	0.429112338021	0.491899704345	0.0561635153305	0.0228244423033
-vos	0.0597765925329	0.925732112308	0.0108684713696	0.00362282378987
-hɨã	0.294758338721	0.425495096629	0.174159795374	0.105586769276
-too	0.157701490741	0.768383459401	0.0262434541843	0.0476715956742
-oli	0.0344234079174	0.913941480207	0.0516351118761	0.0
-saa	0.204824676474	0.550410666184	0.0594473567369	0.185317300605
-ibo	0.914893617021	0.0851063829787	0.0	0.0
-tor	0.0281954887218	0.464285714286	0.0	0.507518796993
-tos	0.100211470524	0.664175464198	0.039477245964	0.196135819314
-sae	0.183689645143	0.620442650475	0.151904440335	0.0439632640466
-ñɨã	0.592	0.408	0.0	0.0
-ɨñɨ	0.395833333333	0.604166666667	0.0	0.0
-ibe	0.410882856565	0.316058801178	0.115026474347	0.158031867909
-sai	0.31935483871	0.370967741936	0.164516129032	0.145161290323
-deo	0.140769582559	0.823552921696	0.0209563245493	0.0147211711957
-umɨ	0.334674669213	0.396262447142	0.131973809849	0.137089073796
-sam	0.0	1.0	0.0	0.0
-iei	0.386861313869	0.408759124088	0.204379562044	0.0
-iel	0.107844159204	0.880723597771	0.00914579442013	0.00228644860503
-ros	0.118049615056	0.801881950385	0.046877673225	0.0331907613345
-uío	0.0	1.0	0.0	0.0
-naí	0.0836820083682	0.899581589958	0.0167364016736	0.0
-cuã	0.155641653831	0.285058839129	0.11862220654	0.4406773005
-loc	0.174563591022	0.788029925187	0.0374064837905	0.0
-cuá	0.36301369863	0.609589041096	0.027397260274	0.0
-haẽ	0.466172211486	0.427418914153	0.0456038032976	0.0608050710635
-oce	0.0	0.0186182144459	0.00336473755047	0.978017048004
-sɨ́	0.140226807239	0.217952355371	0.134468488735	0.507352348655
-iez	0.0382406287787	0.0362756952842	0.00906892382104	0.916414752116
-ñee	0.70072507397	0.0627514824954	0.00503018969132	0.231493253843
-naã	0.204188481676	0.403141361257	0.204188481675	0.188481675392
-rom	0.0	1.0	0.0	0.0
-lot	0.0774569550523	0.771317561274	0.143848630811	0.00737685286212
-roo	0.298637969366	0.556456414956	0.0894933159431	0.0554122997346
-ieu	0.19625	0.71	0.03375	0.06
-los	0.115138598113	0.824221294199	0.0144508641444	0.0461892435429
-goɨ	0.813473365358	0.102423278157	0.0328152250405	0.0512881314445
-sot	0.0314960629921	0.795275590551	0.173228346457	0.0
-ipo	0.0560747663551	0.92523364486	0.018691588785	0.0
-sar	0.0526315789474	0.875598086124	0.0215311004785	0.0502392344498
-õsa	0.215968148511	0.624699861726	0.0472840636962	0.112047926067
-iti	0.314387422525	0.243050899362	0.0421810670235	0.400380611089
-õse	0.513742469879	0.122552710843	0.339984939759	0.0237198795181
-ipe	0.0109237255654	0.97700268302	0.00229973169797	0.00977385971637
-noé	0.0	1.0	0.0	0.0
-ũíã	0.687386444971	0.175769421351	0.071298794252	0.0655453394263
-rõi	0.264317180617	0.519823788546	0.198237885462	0.0176211453745
-rdo	0.0945945945946	0.567567567568	0.337837837838	0.0
-noã	0.421052631579	0.318009962192	0.0662545760067	0.194682830223
-coɨ	0.430752672263	0.418031876223	0.0639619532718	0.0872534982429
-oño	0.303076811448	0.320893135206	0.165306370892	0.210723682454
-beɨ	0.245529623665	0.198682135417	0.0539910254233	0.501797215494
-jua	0.237699863692	0.513890391398	0.195455332223	0.0529544126874
-doã	0.36329588015	0.569288389513	0.0674157303371	0.0
-ibu	0.408647140865	0.432357043236	0.0334728033473	0.125523012552
-ñɨa	0.357924731556	0.464155401883	0.125099906175	0.052819960385
-reɨ	0.591201075262	0.285159232823	0.0604665066411	0.0631731852741
-toã	0.190602459827	0.591742934605	0.103038290618	0.11461631495
-saú	0.0746527777778	0.883680555556	0.0104166666667	0.03125
-hɨa	0.0861214050838	0.852419228561	0.0614593663553	0.0
-ato	0.0954144264377	0.677701612027	0.0541526932057	0.17273126833
-eɨã	0.616691861179	0.211068662091	0.0675671324519	0.104672344278
-saã	0.362136441492	0.20127053602	0.0792354443232	0.357357578165
-maa	0.0434782608695	0.904347826087	0.0	0.0521739130434
-obi	0.450222882615	0.332095096583	0.0802377414562	0.137444279346
-ste	0.027397260274	0.808219178082	0.13698630137	0.027397260274
-gui	0.371168588039	0.308483064662	0.0769762032639	0.243372144035
-réi	0.592775548009	0.388700216116	0.0185242358753	0.0
-sta	0.10702839966	0.791913018869	0.0321245821892	0.068933999281
-hɨu	0.178595093252	0.416631399634	0.114361358538	0.290412148576
-hɨt	0.285714285714	0.171428571429	0.542857142857	0.0
-ocõ	0.685714285714	0.238095238095	0.0	0.0761904761905
-tio	0.176401869159	0.625	0.163551401869	0.035046728972
-lle	0.0	0.429203539823	0.570796460177	0.0
-cas	0.0537113017531	0.790376725103	0.00895188362551	0.146960089519
-loé	0.0443622920517	0.933456561922	0.0	0.0221811460258
-quĩ	0.159426133118	0.734421157917	0.0218908867231	0.0842618222418
-lón	0.102627145654	0.887811319037	0.0	0.00956153530939
-ián	0.11320754717	0.811320754717	0.0754716981132	0.0
-eaẽ	0.674858687638	0.128947530106	0.0337613664291	0.162432415827
-ucu	0.335731414868	0.539268585132	0.0656474820144	0.0593525179856
-ɨao	0.370898731531	0.423029048191	0.1251200007	0.0809522195781
-uch	0.508992519497	0.347763807099	0.105045360496	0.0381983129078
-uco	0.215568862275	0.775449101797	0.00898203592813	0.0
-roã	0.310056364176	0.495065755189	0.145515673403	0.0493622072321
-eya	0.317065278622	0.365699411293	0.15838668573	0.158848624355
-200	0.0	0.560434139122	0.0310804144055	0.408485446473
-cuu	0.271753646519	0.393914072408	0.16176827883	0.172564002243
-eye	0.24685138539	0.530226700252	0.0755667506297	0.147355163728
-eca	0.12	0.741818181818	0.0290909090909	0.109090909091
-ibi	0.067561632742	0.666658360717	0.0302751864945	0.235504820046
-ioi	0.627865961199	0.359788359788	0.0123456790123	0.0
-ɨ́ã	0.25641025641	0.333333333333	0.0	0.410256410256
-mua	0.724223602485	0.183850931677	0.0335403726708	0.0583850931677
-ion	0.0485074626865	0.929104477612	0.0	0.0223880597015
-lea	0.00596068079489	0.978073209933	0.0149017019872	0.0010644072848
-itõ	0.269817028968	0.550546593337	0.0873937179623	0.0922426597331
-emɨ	0.381533462564	0.395264678939	0.121521011848	0.101680846649
-leg	0.0	1.0	0.0	0.0
-ɨrɨ	0.312472298555	0.28212628904	0.348964335313	0.0564370770913
-gón	0.0807732413572	0.869495468036	0.00962541108526	0.040105879522
-esã	0.322580645161	0.677419354839	0.0	0.0
-íos	0.0542891707581	0.761618743473	0.0960897987283	0.0880022870403
-ler	0.698080279232	0.243746364165	0.0407213496218	0.0174520069808
-asɨ	0.366876723119	0.307010634108	0.203820401733	0.12229224104
-itã	0.26775142916	0.623632425049	0.108616145791	0.0
-jas	0.0614145551249	0.918635493847	0.00586763265525	0.0140823183726
-eel	0.0	1.0	0.0	0.0
-rra	0.0881482635103	0.846752842236	0.0392462233297	0.0258526709236
-rre	0.171086398631	0.760479041916	0.0342172797263	0.0342172797263
-ndu	0.570256674924	0.224750308886	0.0508043025683	0.154188713622
-cúɨ	0.0253164556962	0.898734177215	0.0759493670886	0.0
-iba	0.603091933095	0.236740002588	0.0599839789657	0.100184085351
-gio	0.021533161068	0.965546942291	0.0129198966408	0.0
-udá	0.0471400562612	0.94689284801	0.00596709572926	0.0
-dos	0.160316850052	0.666056400774	0.0256311674997	0.147995581675
-ndo	0.568390837956	0.163935156943	0.0374849253467	0.230189079754
-joõ	0.129203271736	0.709481975159	0.0540240331212	0.107290719984
-nda	0.154121308598	0.199332765496	0.0327512357036	0.613794690203
-sɨã	0.246200607903	0.465045592705	0.100303951368	0.188449848024
-nde	0.208889071525	0.112018902698	0.0320523384481	0.647039687329
-gia	0.366197183099	0.570422535211	0.0633802816901	0.0
-udí	0.4	0.275	0.0	0.325
-huí	0.577777777778	0.307936507937	0.0761904761904	0.0380952380952
-uva	0.0574952178532	0.802656119898	0.0500546602486	0.089794002
-̃te	0.435116855085	0.260783171663	0.194314206609	0.109785766642
-osé	0.0223179603079	0.954092803164	0.0175153612543	0.00607387527368
-ñio	0.211787954292	0.661912535441	0.0876363948793	0.0386631153879
-obe	0.46134757949	0.267099642848	0.0680734043967	0.203479373266
-huã	0.666502883428	0.230056420747	0.0	0.103440695824
-ɨso	0.17903930131	0.38864628821	0.288209606987	0.144104803493
-rãã	0.709677419355	0.139784946237	0.0215053763441	0.129032258065
-ita	0.230731509445	0.431961545349	0.258308980693	0.0789979645136
-ɨsh	0.0924369747899	0.27731092437	0.100840336134	0.529411764706
-ɨse	0.319008594843	0.351745050531	0.262905671231	0.0663406833948
-abé	0.0740452738898	0.909193018835	0.0082944530845	0.00846725419042
-ɨsa	0.261814087492	0.53253634467	0.1770595313	0.0285900365378
-chi	0.366641088571	0.251785374767	0.0408813420355	0.340692194626
-buɨ	0.412483559842	0.313513809733	0.111683472161	0.162319158264
-tuã	0.204905993571	0.303260400474	0.400040458547	0.0917931474089
-rie	0.222873376333	0.607318336937	0.0664296306884	0.103378656042
-cho	0.259806978762	0.257936793	0.190182898889	0.29207332935
-soõ	0.264909847434	0.562182154415	0.0980120203421	0.0748959778086
-hẽẽ	0.833333333333	0.0416666666666	0.0833333333333	0.0416666666667
-chb	0.584362139918	0.102880658436	0.263374485597	0.0493827160494
-ien	0.0634682905768	0.0527838451795	0.10049146008	0.783256404164
-che	0.297658782335	0.295296950466	0.221919143443	0.185125123756
-oje	0.559228650138	0.275482093664	0.0	0.165289256198
-orõ	0.418951039325	0.377387234433	0.0767218831735	0.126939843069
-quẽ	0.0998000666444	0.710513162279	0.0881372875708	0.101549483506
-153	0.443714050945	0.0164338537387	0.106820049301	0.433032046015
-oré	0.0571428571429	0.828571428571	0.0	0.114285714286
-elo	0.0	1.0	0.0	0.0
-ogo	0.0	1.0	0.0	0.0
-oga	0.0	1.0	0.0	0.0
-orã	0.425798261986	0.436811754537	0.0630914727751	0.0742985107023
-asẽ	0.623794737413	0.150544066651	0.056967171933	0.168694024003
-aén	0.226865671642	0.69552238806	0.0179104477612	0.0597014925373
-erẽ	0.277384727982	0.579165650159	0.0146377165162	0.128811905343
-chu	0.520514498548	0.348860323342	0.0263431818369	0.104281996274
-soã	0.454643733703	0.260077465475	0.087577990526	0.197700810296
-jẽi	0.0517473627824	0.948252637218	0.0	0.0
-jẽo	0.555435544069	0.287312160645	0.086290068171	0.0709622271143
-cco	0.44	0.426666666667	0.0533333333333	0.08
-abu	0.578389830509	0.205508474576	0.114406779661	0.101694915254
-itu	0.00934933790606	0.971762090756	0.00709536057921	0.0117932107586
-ter	0.00750938673342	0.9549436796	0.0375469336671	0.0
-esu	0.513157894737	0.276315789474	0.184210526316	0.0263157894737
-ito	0.11944788533	0.754490355689	0.098190585737	0.0278711732437
-esi	0.0950369139807	0.667370801068	0.0403727312453	0.197219553706
-mín	0.0	1.0	0.0	0.0
-eso	0.381257395079	0.260991146964	0.0391401576307	0.318611300326
-lás	0.10101010101	0.828282828283	0.0121212121212	0.0585858585858
-esa	0.403168087935	0.428765014243	0.0504496255726	0.117617272249
-ite	0.354813175072	0.329507876649	0.12419372827	0.191485220009
-ese	0.0700687399569	0.0599348975051	0.0182929834411	0.851703379097
-jẽu	0.755164097725	0.218622208242	0.0183495858237	0.00786410821013
-uem	0.139534883721	0.860465116279	0.0	0.0
-neẽ	0.390080428954	0.335120643432	0.053619302949	0.221179624665
-spe	0.0490909090909	0.885454545455	0.0545454545454	0.0109090909091
-fté	0.0	1.0	0.0	0.0
-sɨr	0.578947368421	0.350877192982	0.0350877192982	0.0350877192983
-ute	0.339669474774	0.369531306495	0.191120852627	0.0996783661041
-eeã	0.273405136703	0.614747307374	0.049710024855	0.0621375310688
-spo	0.0	1.0	0.0	0.0
-shɨ	0.323562570462	0.645997745209	0.00338218714769	0.0270574971815
-fas	0.127559055118	0.803149606299	0.0330708661417	0.0362204724409
-alí	0.0776816871491	0.913214990138	0.0	0.00910332271278
-fat	0.0	1.0	0.0	0.0
-bro	0.0285636929741	0.956816028158	0.00893461486395	0.00568566400434
-udo	0.592592592593	0.296296296296	0.0	0.111111111111
-hum	0.0	1.0	0.0	0.0
-rim	0.0	1.0	0.0	0.0
-rãt	0.224137931034	0.258620689655	0.437931034483	0.0793103448276
-hui	0.313513513513	0.532678132678	0.0958230958231	0.0579852579853
-hue	0.168062613355	0.262351418442	0.0427186872323	0.52686728097
-hua	0.127753310868	0.768566936488	0.0244492790587	0.0792304735846
-abe	0.0126957313241	0.0256527725693	0.00519841443271	0.956453081674
-ela	0.0	1.0	0.0	0.0
-aba	0.140819855482	0.400919170957	0.0553892639943	0.402871709567
-nja	0.120930232558	0.590697674419	0.26976744186	0.0186046511628
-ejo	0.241090146751	0.654088050314	0.104821802935	0.0
-oco	0.615297190616	0.212915040534	0.0930811506347	0.0787066182146
-ioo	0.0601202404809	0.927855711423	0.0120240480962	0.0
-ebɨ	0.424148606811	0.38091961931	0.0842793257654	0.110652448114
-vas	0.0557221862916	0.68184883029	0.247654161296	0.0147748221227
-nco	0.00518716328038	0.0525742326978	0.00115270295119	0.941085901071
-nce	0.10664960273	0.382498800192	0.0506585612969	0.460193035781
-chã	0.42432047642	0.217793485501	0.061256901051	0.296629137027
-ael	0.00789691163416	0.983287931193	0.00110189464663	0.0077132625264
-sos	0.0571428571429	0.942857142857	0.0	0.0
-amɨ	0.0358798723236	0.520001863889	0.41697537336	0.0271428904266
-soo	0.28656804385	0.627335415807	0.0575705781812	0.0285259621618
-soi	0.308148148148	0.0740740740741	0.448888888889	0.168888888889
-oro	0.166691717922	0.621853517994	0.197907133888	0.0135476301956
-elí	0.0532544378698	0.92899408284	0.0	0.0177514792899
-gaẽ	0.757772523192	0.0788383925919	0.0257089564557	0.137680127761
-ẽsɨ	0.240204567009	0.165534127986	0.0273973378817	0.566863967123
-chõ	0.328604463399	0.0686172515335	0.0343005209313	0.568477764136
-ris	0.0	1.0	0.0	0.0
-ruz	0.357386187674	0.579746051409	0.0284917931248	0.0343759677919
-jea	0.61419233346	0.216379669365	0.0355804226194	0.133847574556
-lix	0.157093765341	0.794796269023	0.0117820324006	0.0363279332351
-jee	0.384671532847	0.391240875912	0.134306569343	0.0897810218978
-eiõ	0.230769230769	0.692307692308	0.0769230769231	0.0
-utu	0.331515812432	0.395856052345	0.149400218102	0.123227917121
-nuã	0.451116823258	0.423373515334	0.0647048395675	0.0608048218401
-rut	0.0386597938144	0.961340206186	0.0	0.0
-lis	0.0513744930149	0.829652996846	0.0	0.11897251014
-uña	0.0288836810622	0.609197184126	0.00453202509483	0.357387109717
-lim	0.0	1.0	0.0	0.0
-rui	0.38606611937	0.400931883736	0.15975149767	0.0532504992234
-uñe	0.181208053691	0.765100671141	0.0134228187919	0.0402684563758
-sué	0.0806451612904	0.8055028463	0.0	0.11385199241
-sbi	0.413718227104	0.325712096053	0.238855537106	0.0217141397369
-oma	0.0281496345947	0.90882351059	0.0219531741493	0.0410736806665
-rua	0.148976497346	0.706974981046	0.0174374526156	0.126611068992
-rug	0.0	1.0	0.0	0.0
-ica	0.0477161500816	0.917414355628	0.0311990212072	0.0036704730832
-eas	0.0796389700026	0.771701619326	0.0849482346694	0.0637111760021
-abo	0.523115564984	0.299095486556	0.0803512628173	0.0974376856432
-nuɨ	0.0825242718446	0.203883495146	0.68932038835	0.0242718446602
-ñuɨ	0.577464788732	0.380281690141	0.0422535211268	0.0
-144	0.0	0.0431034482759	0.0	0.956896551724
-mɨɨ	0.146475271642	0.139307982138	0.0864168359617	0.627799910258
-abi	0.347165368171	0.424803538632	0.122519240515	0.105511852681
-cuẽ	0.214833759591	0.50895140665	0.226342710997	0.0498721227621
-eae	0.451254786806	0.137024354002	0.035183560835	0.376537298356
-ode	0.397993311037	0.501672240803	0.0602006688964	0.0401337792642
-rna	0.291970802919	0.693430656935	0.0	0.014598540146
-rno	0.182616953315	0.440120478461	0.127941218789	0.249321349435
-eao	0.348534648042	0.433032046015	0.129416598192	0.0890167077513
-zer	0.0	1.0	0.0	0.0
-uri	0.476618355666	0.396618883134	0.0959143847253	0.0308483764741
-gue	0.51744693729	0.128177585594	0.0323415436085	0.322033933508
-uja	0.0	0.553692811608	0.446307188392	0.0
-õte	0.266514256973	0.268125634077	0.172362215803	0.292997893147
-ura	0.43538600568	0.413891040537	0.0629357087529	0.0877872450297
-bre	0.0757292996759	0.822512523328	0.0445928690698	0.0571653079265
-ure	0.101722759798	0.0593463274771	0.0104166769474	0.828514235778
-ana	0.123843531894	0.810745008927	0.0287291024184	0.0366823567603
-nía	0.188481675393	0.811518324607	0.0	0.0
-nɨɨ	0.253972475222	0.192109299673	0.0474178078307	0.506500417274
-cir	0.577167019028	0.241014799154	0.0930232558139	0.0887949260042
-uru	0.358602466995	0.489217630963	0.0903936113081	0.0617862907334
-nio	0.0272727272727	0.945454545455	0.0181818181818	0.00909090909091
-bɨu	0.146560319043	0.536390827517	0.131605184447	0.185443668993
-nza	0.0291262135922	0.766990291262	0.203883495146	0.0
-jii	0.148749970712	0.376848098596	0.0842334637644	0.390168466928
-uãt	0.452830188679	0.436182019978	0.0843507214206	0.0266370699223
-dua	0.317460255748	0.371603197279	0.0677372038011	0.243199343171
-ueɨ	0.316239316239	0.628205128205	0.051282051282	0.00427350427351
-tiã	0.342524031064	0.518403346734	0.0354244346779	0.103648187525
-pas	0.14267311711	0.804425614748	0.0240460309736	0.0288552371683
-uãe	0.230215827338	0.294964028777	0.431654676259	0.0431654676259
-jeã	0.306451612903	0.629032258065	0.0	0.0645161290323
-jie	0.189303904924	0.513582342954	0.0271646859083	0.269949066214
-ẽso	0.595784155468	0.228601077546	0.0254711641265	0.150143602859
-suu	0.294170564951	0.512543052486	0.0976713103378	0.0956150722253
-sus	0.13425641774	0.633713468992	0.0	0.232030113268
-sur	0.13508260447	0.767735665695	0.0777453838678	0.019436345967
-cha	0.292654239032	0.443547734009	0.132780470005	0.131017556955
-̃si	0.0	1.0	0.0	0.0
-amo	0.164375451662	0.373590885794	0.115900604692	0.346133057852
-omé	0.0	1.0	0.0	0.0
-iit	0.510989010989	0.258241758242	0.0989010989011	0.131868131868
