-het	0.545454545455	0.454545454545	0.0	0.0
-eus	0.0152321927374	0.94592353352	0.00750698324022	0.0313372905028
-yet	0.288659793814	0.5	0.0360824742268	0.175257731959
-hel	0.0761994355597	0.901222953904	0.0	0.0225776105362
-hem	0.00453514739228	0.995464852608	0.0	0.0
-hia	0.0	1.0	0.0	0.0
-815	0.0	0.714285714286	0.0	0.285714285714
-rbe	0.413524297147	0.430821744044	0.0355174242948	0.120136534514
-lel	0.463905325444	0.307692307692	0.215384615385	0.0130177514793
-lem	0.0269409609694	0.938255600958	0.00315626320981	0.0316471748626
-aus	0.27950310559	0.538819875776	0.0186335403727	0.163043478261
-nsu	0.0	0.913043478261	0.0869565217393	0.0
-uru	0.213179175894	0.341587413002	0.330875810661	0.114357600443
-aua	0.155214509941	0.733868154866	0.0481339379142	0.0627833972794
-ŋbe	0.405300015916	0.281898243939	0.107671494509	0.205130245636
-bta	0.405848810169	0.317638813673	0.254212990985	0.0222993851741
-auf	0.0384615384615	0.923076923077	0.0384615384615	0.0
-auk	0.11801303575	0.240272565673	0.624530910527	0.0171834880506
-bti	0.247619047619	0.714285714286	0.0	0.0380952380952
-aul	0.0262687634024	0.965153681201	0.00107219442459	0.00750536097211
-yel	0.013986013986	0.86013986014	0.055944055944	0.06993006993
-naŋ	0.0338815469677	0.821803333961	0.0931742541613	0.0511408649102
-pur	0.251191152147	0.559705729874	0.0232058656528	0.165897252327
-pus	0.00531267293857	0.965688987272	0.00641947980077	0.0225788599889
-nyu	0.177289405271	0.498869278878	0.0659789499544	0.257862365897
-nte	0.502698307679	0.300273417883	0.0607657294996	0.136262544939
-kia	0.00691699604742	0.993083003953	0.0	0.0
-uan	0.0225466095242	0.947562381709	0.00459024952683	0.0253007592403
-siŋ	0.181368303848	0.550909315848	0.0315476926884	0.236174687616
-pak	0.512820512821	0.481684981685	0.00549450549451	0.0
-pua	0.0	1.0	0.0	0.0
-ŋit	0.169811320755	0.830188679245	0.0	0.0
-kig	0.30303030303	0.484042300944	0.128989424764	0.083937971262
-pam	0.272522522523	0.477477477478	0.182432432432	0.0675675675675
-pra	0.409523809524	0.479365079365	0.0380952380952	0.0730158730159
-eum	0.00249791840133	0.977518734388	0.00999167360533	0.00999167360533
-pre	0.823529411765	0.176470588235	0.0	0.0
-wap	0.421810601073	0.203409591793	0.0854583114455	0.289321495689
-pro	0.599633626646	0.0257757152315	0.00529120254019	0.369299455582
-sis	0.00797872340426	0.976063829787	0.0159574468085	0.0
-yeg	0.511433351924	0.291132180703	0.123814835471	0.0736196319018
-sma	0.0	1.0	0.0	0.0
-700	0.239234449761	0.114832535885	0.574162679426	0.0717703349282
-opa	0.00236966824644	0.992890995261	0.0	0.00473933649289
-gke	0.0	0.666666666666	0.0	0.333333333334
-dea	0.0107817530219	0.975247524752	0.00592237137824	0.00804835084736
-fon	0.0	1.0	0.0	0.0
-ŋel	0.0163061083171	0.953757732212	0.0169840427986	0.012952116672
-gka	0.312649164678	0.243436754177	0.350835322196	0.0930787589499
-dek	0.515850450101	0.170849625759	0.00799204259575	0.305307881545
-403	0.0	0.769230769231	0.0	0.230769230769
-dem	0.255930087391	0.704888120618	0.0149812734083	0.0242005185825
-den	0.383553766533	0.242093156987	0.216216216216	0.158136860265
-400	0.042899408284	0.0917159763313	0.0	0.865384615385
-ima	0.0911267061903	0.152272806716	0.0176753491744	0.738925137919
-beŋ	0.263432929914	0.412435115884	0.0203026330381	0.303829321165
-der	0.224911032028	0.740925266904	0.0277580071174	0.00640569395018
-des	0.0	0.897435897436	0.102564102564	0.0
-oki	0.485808422989	0.23386514806	0.161936140996	0.118390287955
-kim	0.0	1.0	0.0	0.0
-950	0.0	0.0	0.0	1.0
-oke	0.493243243243	0.452702702703	0.0	0.0540540540541
-kil	0.433054369549	0.363451580669	0.103129542151	0.100364507631
-oka	0.549109841773	0.193640684609	0.069289541162	0.187959932456
-rwa	0.401746449142	0.433712061414	0.0744225486791	0.0901189407642
-105	0.0	1.0	0.0	0.0
-mre	0.0	1.0	0.0	0.0
-sik	0.473684210526	0.302631578947	0.0668016194332	0.156882591093
-bit	0.0378787878788	0.962121212121	0.0	0.0
-obi	0.0	1.0	0.0	0.0
-bis	0.324675324675	0.597402597403	0.051948051948	0.025974025974
-rpo	0.0294117647059	0.882352941176	0.0588235294118	0.0294117647059
-idi	0.344202898551	0.398550724638	0.0628019323671	0.194444444444
-ias	0.028233872312	0.9211951992	0.0375479246541	0.013023003834
-let	0.362919047028	0.387465993552	0.0637443607388	0.185870598681
-ide	0.417124390226	0.319051541495	0.0768249881249	0.186999080155
-rpe	0.0311688311689	0.771428571429	0.150649350649	0.0467532467532
-art	0.0	1.0	0.0	0.0
-ida	0.0233050847457	0.976694915254	0.0	0.0
-bia	0.0316205533597	0.924901185771	0.0395256916996	0.00395256916996
-bil	0.368111723198	0.526871418833	0.0171343294582	0.0878825285111
-bim	0.460860484304	0.173350673731	0.0239478609357	0.341840981029
-bik	0.310418499434	0.260399648109	0.344350886012	0.0848309664446
-oab	0.0291105121294	0.960107816712	0.00323450134771	0.00754716981133
-ehi	0.0	1.0	0.0	0.0
-rig	0.5	0.25	0.25	0.0
-100	0.0301204541996	0.271745182708	0.049100466435	0.649033896657
-uta	0.0	1.0	0.0	0.0
-tet	0.384409664891	0.365968233297	0.100323248297	0.149298853515
-ute	0.500908246086	0.22621466152	0.0828040832092	0.190073009185
-rin	0.228359519859	0.573826485801	0.0909534497902	0.10686054455
-ril	0.0	0.833333333333	0.166666666667	0.0
-rim	0.0	0.974842767296	0.0	0.0251572327044
-uto	0.321674876847	0.401477832512	0.203448275862	0.0733990147783
-maŋ	0.0606219592603	0.0957129883183	0.0834030446263	0.760262007795
-gra	0.0681818181818	0.454545454545	0.181818181818	0.295454545454
-rir	0.0251180652862	0.875862784784	0.0149462867819	0.084072863148
-ris	0.0163761018609	0.886535482148	0.092529605556	0.0045588104354
-rip	0.0	1.0	0.0	0.0
-utu	0.130927402434	0.686949223668	0.0587494754511	0.123373898447
-gri	0.127717619391	0.360678369206	0.0923240593076	0.419279952096
-hud	0.0	0.98969072165	0.0103092783505	0.0
-nap	0.489401747649	0.144018625465	0.072410727784	0.294168899102
-ten	0.306270508614	0.3774097621	0.116642739951	0.199676989336
-toŋ	0.0161290322581	0.887096774194	0.0483870967742	0.0483870967742
-meu	0.0	1.0	0.0	0.0
-reŋ	0.139626082991	0.739808481532	0.0738714090288	0.0466940264478
-ara	0.0984362196122	0.61508339593	0.0323874112264	0.254092973231
-mes	0.0	0.971563981043	0.0284360189573	0.0
-mer	0.410687022901	0.503816793893	0.0519083969466	0.0335877862596
-nzo	0.030233623454	0.245533669262	0.707741639945	0.0164910673385
-wak	0.063209076175	0.91734197731	0.00972447325768	0.00972447325768
-aro	0.3987984733	0.326205274264	0.0435582256149	0.231438026821
-ari	0.262264150943	0.368867924528	0.198113207547	0.170754716981
-nzi	0.260556830161	0.2784150803	0.149438829292	0.311589260247
-gua	0.262957317073	0.114329268293	0.622713414634	0.0
-nzu	0.0992848877315	0.851072668403	0.0458237943376	0.00381864952814
-luk	0.235224352639	0.669895236213	0.0711603083613	0.0237201027871
-lum	0.118300338001	0.467407049734	0.386769676485	0.0275229357798
-lun	0.0	1.0	0.0	0.0
-mel	0.0775317818773	0.913607443051	0.00443038753585	0.00443038753585
-men	0.382171736619	0.559106661533	0.0288794763188	0.0298421255294
-lud	0.0	1.0	0.0	0.0
-mek	0.0	1.0	0.0	0.0
-aye	0.409905892292	0.152154821294	0.0898937800164	0.348045506398
-nwa	0.482279932943	0.0755124849269	0.0250360283521	0.417171553778
-alu	0.0	1.0	0.0	0.0
-aya	0.535725144421	0.296138643965	0.0273639404074	0.140772271207
-red	0.0	1.0	0.0	0.0
-iam	0.0	1.0	0.0	0.0
-ayo	0.243114553867	0.279935701588	0.0948471150905	0.382102629454
-rai	0.37082206052	0.528257518041	0.00587885950125	0.095041561937
-num	0.0827300428244	0.322561169076	0.0935570294257	0.501151758674
-ziŋ	0.0	1.0	0.0	0.0
-rad	0.0	1.0	0.0	0.0
-mor	0.106587774491	0.742664277678	0.0247926996958	0.125955248135
-bte	0.537005222065	0.425844970998	0.004286516185	0.0328632907517
-alo	0.179441479734	0.459728724666	0.252369891937	0.108459903663
-sre	0.354037699103	0.324476594561	0.0511928775127	0.270292828824
-ŋam	0.120618801284	0.1266399243	0.0126121802301	0.740129094186
-ŋnu	0.109819773461	0.332869488673	0.47595646589	0.0813542719762
-ubi	0.477641636549	0.18093211268	0.0384077772601	0.303018473511
-ira	0.0310560403492	0.79346664597	0.0651490712433	0.110328242437
-zim	0.158653846154	0.841346153846	0.0	0.0
-lap	0.468068833652	0.297514340344	0.0990439770555	0.135372848948
-ubo	0.0	0.75	0.25	0.0
-uba	0.092779282969	0.579894146557	0.312204649991	0.0151219204839
-ŋna	0.491328395988	0.221993062717	0.222555545139	0.0641229961563
-ube	0.363451164517	0.381936457795	0.0986779144812	0.155934463208
-umu	0.255325591745	0.294361961304	0.249905944751	0.2004065022
-ota	0.545172689371	0.0923866470243	0.00953233773361	0.352908325871
-ŋus	0.0331125827815	0.966887417219	0.0	0.0
-ote	0.617188425463	0.142070541393	0.0541265032996	0.186614529845
-kek	0.371996975161	0.550346111337	0.0218137397476	0.0558431737537
-liŋ	0.0713830390027	0.842796770233	0.039191613939	0.046628576825
-iga	0.0	1.0	0.0	0.0
-sur	0.267341731781	0.58308084835	0.0669749641205	0.0826024557487
-ume	0.38589448089	0.444183278032	0.0282135710848	0.141708669993
-nda	0.0784710536456	0.0265095545286	0.00930086854311	0.885718523283
-962	0.0	0.25	0.0	0.75
-kbe	0.333333333333	0.519251925193	0.07700770077	0.070407040704
-uma	0.117069642488	0.477991320521	0.199731349452	0.205207687539
-969	0.0	0.0	0.0	1.0
-mat	0.303909952607	0.139218009479	0.515995260664	0.0408767772512
-umi	0.498816821225	0.239308267914	0.058333812479	0.203541098381
ALL	0.227877642403	0.283521113921	0.0518600472537	0.436741196421
-nai	0.105105105105	0.888888888889	0.006006006006	0.0
-nan	0.0772223532186	0.866776703608	0.0353690167414	0.0206319264324
-ige	0.498883305416	0.426018983808	0.0321049692909	0.0429927414852
-aki	0.444317202657	0.171170470023	0.0653083914722	0.319203935848
-nam	0.335318471925	0.184438351922	0.114572023481	0.365671152672
-kik	0.233066361556	0.396610411899	0.127045194508	0.243278032037
-ake	0.207226270283	0.435909932547	0.0568356614167	0.300028135754
-sip	0.0307232274427	0.937638333565	0.00575795345641	0.0258804855356
-edu	0.142857142857	0.857142857143	0.0	0.0
-kin	0.0091743119266	0.990825688073	0.0	0.0
-aka	0.260903368386	0.0855587474116	0.0189776843858	0.634560199817
-twa	0.601023017903	0.322250639386	0.0767263427111	0.0
-kis	0.0518405281678	0.916542446411	0.0123904559082	0.0192265695128
-kir	0.0	1.0	0.0	0.0
-sio	0.0	1.0	0.0	0.0
-sin	0.226208950191	0.671837720146	0.0613312998756	0.0406220297878
-sim	0.0985358132172	0.565492679066	0.0201820340325	0.315789473684
-kit	0.447871030009	0.285617581844	0.0859276164114	0.180583771736
-nas	0.0795165394402	0.891857506361	0.0190839694657	0.00954198473281
-sia	0.0331135321101	0.950114678899	0.00659403669724	0.0101777522936
-sig	0.766122343355	0.153589415223	0.019508052048	0.0607801893741
-sif	0.0	1.0	0.0	0.0
-nat	0.443181039797	0.412631002124	0.0328789643126	0.111308993767
-nau	0.0	0.987654320988	0.0123456790123	0.0
-gok	0.0207075064711	0.2329594478	0.746333045729	0.0
-mot	0.0	1.0	0.0	0.0
-mos	0.0236686390533	0.96449704142	0.0118343195266	0.0
-gol	0.272329831805	0.472159815411	0.16175845528	0.0937518975044
-gon	0.037037037037	0.913580246914	0.037037037037	0.0123456790123
-igo	0.372424417485	0.196418255344	0.126323897554	0.304833429617
-360	0.0	0.666666666667	0.0	0.333333333333
-gob	0.0	1.0	0.0	0.0
-gog	0.0176077004343	0.812771452048	0.141448526822	0.0281723206949
-nek	0.262798634812	0.20204778157	0.133105802048	0.40204778157
-sna	0.553496096157	0.192485749086	0.0385944311099	0.215423723647
-lki	0.239243969162	0.734891817956	0.0258642128823	0.0
-moa	0.0	1.0	0.0	0.0
-mon	0.0082194908482	0.987061912554	0.00182655352182	0.00289204307622
-yna	0.509074680155	0.43617970842	0.0208271347813	0.0339184766439
-lka	0.517718146711	0.234607769309	0.0572669043561	0.190407179623
-mok	0.161923397777	0.556851950808	0.101067571879	0.180157079535
-biŋ	0.18573756333	0.588634926854	0.203189414918	0.0224380948989
-lke	0.0635994444406	0.823752310466	0.0154072929312	0.0972409521624
-yau	0.241624365482	0.212182741117	0.352284263959	0.193908629442
-yat	0.566902528826	0.182437107633	0.0436622777113	0.20699808583
-yap	0.464255724053	0.370317142719	0.0328522814227	0.132574851806
-yar	0.255750810748	0.57543181751	0.057954361633	0.110863010109
-ber	0.0	1.0	0.0	0.0
-bes	0.0352941176472	0.964705882353	0.0	0.0
-met	0.350515463918	0.556701030928	0.0927835051546	0.0
-eor	0.115384615385	0.884615384615	0.0	0.0
-bet	0.0430107526882	0.805348773091	0.0126826578439	0.138957816377
-beu	0.761651384171	0.0740557167223	0.0113707596542	0.152922139452
-bek	0.149874443808	0.542975461474	0.148024142033	0.159125952685
-lpe	0.525371099667	0.140386751489	0.0538978087448	0.280344340099
-ben	0.0	1.0	0.0	0.0
-318	0.0	0.0	1.0	0.0
-bel	0.0694153008563	0.918334940169	0.00408325299155	0.00816650598311
-yam	0.352215286027	0.297016962853	0.100388594192	0.250379156928
-yal	0.0827423167849	0.79012345679	0.0120830049908	0.115051221434
-bea	0.0446428571428	0.857142857143	0.0625	0.0357142857142
-yai	0.43949044586	0.372611464968	0.149681528662	0.0382165605096
-bed	0.253968253968	0.746031746032	0.0	0.0
-ftu	0.0	1.0	0.0	0.0
-rek	0.62255475673	0.158836314997	0.116034108009	0.102574820264
-sil	0.274914089347	0.704467353952	0.0103092783505	0.0103092783505
-ren	0.669482659707	0.135550131051	0.0495517284048	0.145415480837
-pol	0.25	0.0	0.75	0.0
-isi	0.104872458097	0.839862328289	0.00983000697153	0.0454352066417
-slu	0.0	1.0	0.0	0.0
-rat	0.543059777102	0.244174265451	0.0648429584599	0.147922998987
-uam	0.4	0.0	0.2	0.4
-ise	0.348747173313	0.185506267334	0.129288348593	0.33645821076
-rea	0.0301357926077	0.949095926222	0.0207682811706	0.0
-reg	0.373449275362	0.305275362319	0.160579710145	0.160695652174
-sit	0.650191830287	0.298352516362	0.0264048747461	0.0250507786053
-ŋin	0.138913440624	0.696985516881	0.154941914542	0.0091591279532
-eve	0.0441254339001	0.934694357828	0.021180208272	0.0
-upe	0.111033762617	0.751365789434	0.0858820502732	0.0517183976755
-eva	0.0919931856899	0.751277683135	0.0817717206133	0.0749574105622
-res	0.0261723009815	0.931297709924	0.0327153762268	0.00981461286805
-rep	0.038608267861	0.930821363048	0.00421660263329	0.0263537664581
-ist	0.0	0.6	0.4	0.0
-gru	0.305555555556	0.444444444444	0.166666666667	0.0833333333333
-evi	0.0542522730698	0.924649620736	0.0180840910232	0.00301401517055
-ret	0.219517303745	0.694341564537	0.0223289004765	0.0638122312413
-dia	0.0400890868597	0.953229398664	0.00668151447662	0.0
-hab	0.0120481927711	0.966265060241	0.0216867469879	0.0
-lŋa	0.0640770599937	0.787666212962	0.140194744006	0.00806198303842
-ŋgi	0.560016358412	0.288047587538	0.0474320918554	0.104503962194
-ŋge	0.137740609245	0.197032574945	0.0315497167219	0.633677099089
-map	0.340295756725	0.413532844794	0.0434420114968	0.202729386985
-mas	0.0366972477064	0.95446205171	0.0	0.00884070058382
-mar	0.0123127436897	0.796326698133	0.0	0.191360558178
-ŋga	0.191777765622	0.110688018621	0.0283324026818	0.669201813075
-riŋ	0.336657600484	0.413115744938	0.224841341795	0.0253853127833
-oar	0.0	1.0	0.0	0.0
-mai	0.245901639344	0.501550731059	0.19051838724	0.0620292423571
-mak	0.0	1.0	0.0	0.0
-has	0.0522648083624	0.933797909408	0.01393728223	0.0
-mam	0.049443005405	0.878637173998	0.0112322090631	0.0606876115335
-mal	0.776566757493	0.0926430517711	0.0	0.130790190736
-man	0.226218413602	0.625141940075	0.0914094081667	0.0572302381565
-ŋgu	0.130259965138	0.120495127641	0.114573599938	0.634671307284
-mab	0.0340632603406	0.868613138686	0.0194647201946	0.0778588807786
-sib	0.0	1.0	0.0	0.0
-geŋ	0.504652030175	0.232437247231	0.0571401476745	0.20577057492
-ŋgo	0.029720470928	0.370469854694	0.0371671044369	0.562642569941
-uni	0.1171875	0.66015625	0.0	0.22265625
-had	0.0	1.0	0.0	0.0
-une	0.0785606426971	0.776829216137	0.0919830640624	0.0526270771033
-ŋni	0.272727272727	0.0	0.545454545455	0.181818181818
-una	0.632792987314	0.165064188559	0.046414042373	0.155728781754
-782	0.0	0.0	0.0	1.0
-mfa	0.037037037037	0.962962962963	0.0	0.0
-nke	0.205383848455	0.31405782652	0.061814556331	0.418743768694
-nka	0.28937947494	0.367690930788	0.18406921241	0.158860381862
-iat	0.0	0.925423728813	0.0745762711865	0.0
-unu	0.325573960306	0.216674561708	0.0393482767617	0.418403201225
-doŋ	0.0201624282733	0.0171319454804	0.00941177256957	0.953293853677
-uit	0.5	0.5	0.0	0.0
-gag	0.418831168831	0.376623376623	0.0974025974026	0.107142857143
-ade	0.434061430937	0.253536615244	0.0732399460185	0.2391620078
-tra	0.0443786982248	0.94674556213	0.0	0.00887573964497
-lab	0.107588307446	0.668456015105	0.0863573092242	0.137598368225
-snu	0.0973564525299	0.625497441728	0.2728823195	0.00426378624219
-gan	0.109305213642	0.476993977761	0.33762815991	0.0760726486875
-gam	0.432527896804	0.342276304933	0.084611322366	0.140584475898
-gal	0.144692710575	0.414142810761	0.0189032420417	0.422261236622
-tri	0.0	1.0	0.0	0.0
-lot	0.00872295882762	0.963363572924	0.00872295882764	0.0191905094208
-gai	0.0792930872692	0.871911166719	0.0	0.0487957460118
-adi	0.59375	0.302933673469	0.0191326530612	0.0841836734694
-iko	0.119254572005	0.523120784368	0.314512203602	0.043112440025
-gau	0.0163276997995	0.96648524778	0.0120309366943	0.00515611572615
-gat	0.399406907654	0.196244823382	0.0525649427194	0.351783326244
-gas	0.0	1.0	0.0	0.0
-gar	0.213656387665	0.653744493392	0.0449339207048	0.0876651982379
-uŋe	0.02526611412	0.0150888324589	0.0188166093827	0.940828444038
-gap	0.494599653373	0.311595555939	0.0707076762449	0.123097114444
-sni	0.232786885246	0.127868852459	0.639344262295	0.0
-nki	0.333333333333	0.333333333333	0.0	0.333333333333
-lan	0.0105660377358	0.989433962264	0.0	0.0
-ini	0.418802330394	0.154277164051	0.0550762471745	0.371844258381
-ywa	0.415062287656	0.351642129105	0.131370328426	0.101925254813
-sel	0.0291388350451	0.897199493295	0.0284328622045	0.0452288094549
-sek	0.0780046297716	0.675914488574	0.178349387431	0.0677314942237
-loŋ	0.0358208955224	0.298507462687	0.665671641791	0.0
-flo	0.470588235294	0.352941176471	0.176470588235	0.0
-ino	0.0464985270999	0.629715736168	0.019757166277	0.304028570455
-seg	0.411211716392	0.272623818713	0.0880708525061	0.228093612389
-sef	0.0335144250782	0.921177060764	0.00416261967532	0.0411458944829
-sed	0.0	1.0	0.0	0.0
-lba	0.203469455546	0.659120054726	0.0858570534962	0.0515534362318
-ine	0.0965758647727	0.0460835108458	0.0180900040897	0.839250620292
-sea	0.0144648023144	0.968177434908	0.0173577627772	0.0
-knu	0.0985966867712	0.4779437503	0.313323306092	0.110136256836
-uik	0.194773966015	0.29095864059	0.195896120551	0.318371272844
-800	0.0	0.0769230769231	0.0	0.923076923077
-807	0.0	0.368421052631	0.0	0.631578947369
-uil	0.0680272108843	0.795918367347	0.136054421769	0.0
-saf	0.0	1.0	0.0	0.0
-uin	0.150605109816	0.790826236366	0.0	0.0585686538174
-kna	0.381453552237	0.236796009857	0.0322120951221	0.349538342784
-ses	0.0521882846518	0.884658169914	0.00699234020913	0.0561612052251
-ser	0.281704781705	0.582380457381	0.0992723492723	0.0366424116424
-roŋ	0.35277117005	0.10037571419	0.123422482085	0.423430633675
-rsa	0.0	1.0	0.0	0.0
-kus	0.0279770444763	0.948350071736	0.0112984218078	0.0123744619799
-kur	0.0	1.0	0.0	0.0
-ede	0.478551066633	0.258984782066	0.141418273578	0.121045877723
-ble	0.489058039962	0.0685061845861	0.011417697431	0.431018078021
-net	0.57276372691	0.140410606039	0.0259779356418	0.26084773141
-ian	0.0440587449933	0.719626168224	0.232309746328	0.00400534045394
-ner	0.0061224489796	0.99387755102	0.0	0.0
-fuk	0.0460829493088	0.529185867896	0.364823348694	0.0599078341014
--de	0.577922077922	0.344155844156	0.038961038961	0.038961038961
-nen	0.642976465107	0.113128856666	0.0235803493301	0.220314328898
-gin	0.380457380457	0.31185031185	0.266112266112	0.04158004158
-tka	0.400749855641	0.29768130322	0.0734403084005	0.228128532739
-fus	0.0	0.929824561404	0.0701754385964	0.0
-kua	0.593683367844	0.0303900362556	0.0109382577303	0.36498833817
-tke	0.304705882353	0.522352941176	0.0776470588235	0.095294117647
-aok	0.0	1.0	0.0	0.0
-neg	0.532379145163	0.0879844674482	0.0333779234343	0.346258463954
-kum	0.0	0.854545454545	0.0363636363636	0.109090909091
-kul	0.055922471457	0.761301520631	0.0916169385247	0.0911590693874
-kuk	0.084527071832	0.720916855082	0.058082401911	0.136473671175
-aon	0.0	0.9	0.0999999999999	0.0
-mte	0.652173913044	0.23745819398	0.0702341137124	0.0401337792642
-ban	0.0567257060795	0.804451890857	0.117280995692	0.021541407372
-bal	0.0157452426593	0.121098392282	0.002554719229	0.860601645829
-bam	0.25	0.5	0.25	0.0
-bak	0.0739182043811	0.199309377361	0.61346714147	0.113305276789
-eke	0.688883589947	0.216614137134	0.069256984882	0.0252452880376
-bai	0.0531077551162	0.907623644195	0.0223156365146	0.0169529641739
-bag	0.0444444444444	0.955555555556	0.0	0.0
-eki	0.163856294328	0.689418252926	0.0546379359816	0.0920875167643
-912	0.0	1.0	0.0	0.0
-bab	0.0	1.0	0.0	0.0
-hor	0.0	1.0	0.0	0.0
-hos	0.0454230715967	0.926049023681	0.00858606841157	0.0199418363108
-mki	0.438650306748	0.460122699387	0.0552147239264	0.0460122699387
-tde	0.456043956044	0.527472527473	0.0164835164835	0.0
-ske	0.666666666667	0.253968253968	0.0793650793651	0.0
-bat	0.0611959087655	0.744135621246	0.0787234391132	0.115945030875
-bar	0.176116359082	0.370426872107	0.210605762553	0.242851006259
-bas	0.0383317586719	0.937103522743	0.0137670400864	0.0107976784991
-mke	0.545454545455	0.0606060606061	0.0	0.393939393939
-905	0.0	0.714285714286	0.0	0.285714285714
-ŋde	0.428240144293	0.460448338057	0.0541097655244	0.0572017521258
-ase	0.113705583756	0.776649746193	0.097461928934	0.0121827411167
-nya	0.660897209467	0.197456729071	0.0704697986577	0.0711762628046
-mbu	0.176470588235	0.705882352941	0.0588235294117	0.0588235294118
-asa	0.157320455844	0.242683609728	0.00489027956264	0.595105654866
-nye	0.341766879323	0.501827208374	0.0360886377838	0.120317274518
-aso	0.0	1.0	0.0	0.0
-nyi	0.63144963145	0.10902948403	0.0322481572481	0.227272727273
-nyo	0.332191311498	0.533726188845	0.0143072495546	0.119775250103
-asi	0.175580455123	0.672519348504	0.124176966617	0.0277232297562
-930	0.0	1.0	0.0	0.0
-mba	0.290611290643	0.13820426349	0.065697871149	0.505486574718
-yek	0.307692307692	0.153846153846	0.0	0.538461538462
-lsa	0.0	1.0	0.0	0.0
-mbe	0.325983260405	0.340783046708	0.077751348326	0.255482344561
-130	0.0	0.0	0.086956521739	0.913043478261
-yen	0.229787234043	0.706382978723	0.0	0.063829787234
-mbi	0.237839050794	0.437404089539	0.0927483196244	0.232008540042
-lta	0.337438423645	0.610837438424	0.051724137931	0.0
-lte	0.4203085554	0.352482468443	0.180084151473	0.0471248246844
-mbo	0.098971281023	0.851089837795	0.0331277726655	0.0168111085168
-boa	0.0	1.0	0.0	0.0
-bod	0.0	1.0	0.0	0.0
-430	0.175	0.1	0.0	0.725
-rau	0.215150674801	0.623890737659	0.0621071362544	0.0988514512849
-rar	0.502430330525	0.340061105453	0.0553189519489	0.102189612073
-ras	0.11286407767	0.78640776699	0.0497572815534	0.0509708737864
-rap	0.468628068639	0.263569403535	0.0421680925589	0.225634435268
-ran	0.136363636364	0.853896103896	0.00974025974028	0.0
-rao	0.0247678018576	0.927465723131	0.0132684652808	0.0344980097302
-iwa	0.477782115035	0.289278864921	0.107533816466	0.125405203578
-ram	0.518792609741	0.335795052327	0.0547470998272	0.0906652381045
-rak	0.140616167326	0.471806105144	0.353660260034	0.0339174674958
-iwe	0.640162115218	0.217890572228	0.0547138859404	0.0872334266139
-ero	0.539119804401	0.299511002445	0.0751833740832	0.0861858190709
-era	0.497648165569	0.38946378175	0.049388523048	0.0634995296331
-iwi	0.598813217266	0.309015331787	0.0524112172054	0.039760233742
-rab	0.0	1.0	0.0	0.0
-ere	0.514950166113	0.279069767442	0.0598006644518	0.146179401993
-aho	0.0	1.0	0.0	0.0
-ugu	0.10086268151	0.152135473492	0.0684291426603	0.678572702338
-swa	0.442528735632	0.456896551724	0.0316091954023	0.0689655172414
-bob	0.418604651163	0.0	0.581395348837	0.0
-por	0.12213740458	0.81679389313	0.0	0.0610687022901
-pos	0.0	1.0	0.0	0.0
-swi	0.0	1.0	0.0	0.0
-har	0.0	1.0	0.0	0.0
-uge	0.511231281198	0.17928452579	0.231489184692	0.0779950083194
-uga	0.1217242813	0.048070113412	0.0144954295936	0.815710175695
-ugo	0.113688485079	0.514395477585	0.127302473013	0.244613564323
-aze	0.171547037522	0.250415965975	0.496801288382	0.0812357081209
-aza	0.668539325843	0.185393258427	0.14606741573	0.0
-ugi	0.108359133127	0.885448916409	0.00619195046439	0.0
--nu	0.0152207001522	0.0228310502283	0.96194824962	0.0
-ike	0.508748127307	0.298881110614	0.0651536150355	0.127217147043
-ori	0.0	1.0	0.0	0.0
-119	0.0	0.0	0.0	1.0
-uke	0.402775516019	0.447364665499	0.0750025861658	0.0748572323167
-500	0.0368479821343	0.107459988302	0.0174004360079	0.838291593556
-lal	0.375	0.511363636364	0.102272727273	0.0113636363636
-lam	0.291725365181	0.437025486888	0.100154808838	0.171094339092
-nor	0.0	1.0	0.0	0.0
-fok	0.532118356316	0.245443836186	0.0727600304899	0.149677777008
-not	0.318998004877	0.176014187542	0.0248281977389	0.480159609843
-lai	0.60642618656	0.0871517674647	0.0334258063788	0.272996239597
-iki	0.457357896119	0.424495689844	0.0456832800946	0.072463133943
-lak	0.124223602484	0.862466725821	0.0	0.0133096716948
-lat	0.196135699843	0.465184388741	0.157187790866	0.181492120551
-aal	0.105960264901	0.894039735099	0.0	0.0
-fos	0.0560747663551	0.943925233645	0.0	0.0
-iks	0.0857798165138	0.842201834862	0.0197247706422	0.0522935779816
--na	0.375	0.625	0.0	0.0
-non	0.05	0.927777777778	0.0222222222222	0.0
-las	0.0364264919942	0.89326783115	0.0382096069869	0.032096069869
-noa	0.0380308472428	0.958799915487	0.0	0.00316923727023
-nob	0.0	1.0	0.0	0.0
-bok	0.0	0.8125	0.1875	0.0
-isu	0.368656110434	0.515225334957	0.0820138043037	0.0341047503045
-gek	0.118078693532	0.29541004168	0.538730306353	0.0477809584348
-mya	0.428571428571	0.285714285714	0.285714285714	0.0
-dor	0.0505747126437	0.896040868455	0.0183908045977	0.034993614304
-gen	0.515657457029	0.218756654693	0.0553085840128	0.210277304266
-edi	0.0	1.0	0.0	0.0
-gel	0.412582297001	0.539136795904	0.0	0.0482809070958
-bol	0.0562033178015	0.0890165630267	0.00659165995829	0.848188459213
-geb	0.027027027027	0.594594594595	0.324324324324	0.054054054054
-bon	0.0	1.0	0.0	0.0
-geg	0.339990724344	0.334062737162	0.125107513281	0.200839025213
-kla	0.0679511672967	0.724591141282	0.151890844546	0.0555668468761
-bot	0.278920589635	0.662211748231	0.0378434970862	0.0210241650479
-feg	0.0	1.0	0.0	0.0
-dod	0.0	1.0	0.0	0.0
--ir	0.0	1.0	0.0	0.0
-bor	0.0947368421052	0.778947368421	0.126315789474	0.0
-don	0.0	1.0	0.0	0.0
-ger	0.517647423242	0.211580492311	0.0475110669355	0.223261017511
-180	0.0	0.0	0.0	1.0
-dom	0.0116279069767	0.988372093023	0.0	0.0
-dok	0.0	1.0	0.0	0.0
-geu	0.00828665079861	0.98361903846	0.00256453409628	0.00552977664511
-get	0.5339225397	0.201595142718	0.0469789788905	0.217503338691
-sar	0.0785211828523	0.874287191675	0.0202024349851	0.0269891904879
-sap	0.564568411928	0.259916427136	0.0423393740196	0.133175786916
-lfu	0.291024120206	0.344009489917	0.109134045077	0.2558323448
-sau	0.241824249166	0.71234705228	0.0115684093437	0.0342602892102
-sat	0.299116533445	0.422381152714	0.116954143879	0.161548169962
-gli	0.196159989352	0.483561826168	0.241082124318	0.0791960601624
-tol	0.115300299353	0.799942526951	0.0710127671511	0.0137444065454
-mpe	0.287081339713	0.215311004785	0.258373205742	0.239234449761
-usa	0.394901796908	0.47346427079	0.0234015879649	0.108232344338
-tok	0.250060149916	0.0818278130554	0.174760430527	0.493351606501
-toi	0.0	1.0	0.0	0.0
-182	0.0	0.0	0.0	1.0
-ibo	0.0620871862615	0.130213247783	0.66087941121	0.146820154746
-tor	0.0	1.0	0.0	0.0
-glu	0.177514792899	0.547337278107	0.177514792899	0.0976331360947
-sad	0.0	1.0	0.0	0.0
-sak	0.0272373540856	0.960712940881	0.00602485251664	0.00602485251663
-ola	0.832455216017	0.157007376185	0.0	0.0105374077977
-sai	0.0401630262742	0.888512978791	0.0547048116493	0.0166191832859
-ole	0.0473744292237	0.738584474886	0.14897260274	0.0650684931507
-sam	0.642973582198	0.19990796278	0.0492555124835	0.107862942539
-sal	0.0	1.0	0.0	0.0
-lon	0.0302924192973	0.776761056568	0.0166492686214	0.176297255513
-lom	0.00744416873448	0.986972704715	0.00558312655088	0.0
-seŋ	0.4	0.272727272727	0.115909090909	0.211363636364
-lok	0.141673785286	0.27271859465	0.375883300331	0.209724319733
-ror	0.191897654584	0.278333606692	0.426439232409	0.103329506315
-loi	0.0	0.979591836735	0.0204081632653	0.0
-ybe	0.459016393443	0.344262295082	0.0	0.196721311475
-nna	0.826763224007	0.0262375044664	0.00494420115836	0.142055070368
-air	0.328760273759	0.451232851026	0.0793774805463	0.140629394669
-oko	0.0	1.0	0.0	0.0
-187	0.0	0.428571428572	0.0	0.571428571428
-rod	0.0	1.0	0.0	0.0
-uiŋ	0.0	0.6	0.2	0.2
-eab	0.0	1.0	0.0	0.0
-rom	0.123293455313	0.626882477129	0.215763546798	0.0340605207601
-ron	0.0125733445096	0.967309304275	0.0150880134116	0.00502933780386
-ype	1.0	0.0	0.0	0.0
-los	0.0368117797695	0.947183098592	0.00832266325228	0.00768245838668
-rok	0.182089552239	0.590487124815	0.105625717566	0.12179760538
-rdu	0.285714285714	0.0	0.428571428571	0.285714285714
-npe	0.272727272727	0.363636363636	0.181818181818	0.181818181818
-uro	0.834634492548	0.0631653655074	0.102200141945	0.0
-ipi	0.0847457627119	0.864406779661	0.0169491525424	0.0338983050848
-buŋ	0.0480737066847	0.883241310102	0.010638078208	0.0580469050048
-ipa	0.0188580408591	0.963855421687	0.00471451021477	0.0125720272394
-ham	0.0509390775405	0.910588530399	0.0320132944533	0.00645909760763
-rde	0.355459009789	0.418068576531	0.135280218643	0.091192195037
-ewe	0.4826509678	0.28454196771	0.08295424137	0.14985282312
-ewa	0.519180685578	0.311255015133	0.0565918209334	0.112972478356
-tob	0.0	1.0	0.0	0.0
-ewi	0.627059123994	0.247797216192	0.0125143659814	0.112629293832
-hap	0.854545454545	0.0727272727273	0.0	0.0727272727273
-awi	0.164445598976	0.725899480691	0.0433102452638	0.0663446750698
-awo	0.248552945182	0.625468164794	0.0510725229826	0.0749063670411
-baŋ	0.222576400058	0.669074426086	0.0263196373739	0.082029536482
-awa	0.332591483379	0.13979099156	0.0670403412633	0.460577183798
-aig	0.471095472673	0.192303577076	0.0447772877995	0.291823662452
-awe	0.363243631291	0.501045568748	0.0771257010105	0.0585850989504
-nun	0.222222222222	0.777777777778	0.0	0.0
-830	0.0	0.25	0.0	0.75
-got	0.272868217054	0.596899224806	0.0837209302327	0.0465116279068
-hat	0.0078201368524	0.964809384164	0.0273704789834	0.0
-les	0.0	1.0	0.0	0.0
-kad	0.0	1.0	0.0	0.0
-kde	0.336854125036	0.453040251213	0.0816443048815	0.12846131887
-ido	0.118069262516	0.866858065674	0.0150726718105	0.0
-276	0.0	0.25	0.0	0.75
-ŋok	0.109088968351	0.706729999466	0.0945188664141	0.0896621657683
-pka	0.623762376238	0.306930693069	0.046204620462	0.023102310231
-zin	0.2	0.8	0.0	0.0
-poŋ	0.526365645721	0.388380170508	0.0568361225134	0.0284180612567
-oba	0.0	1.0	0.0	0.0
-tim	0.0	1.0	0.0	0.0
-ste	0.459335721659	0.104135041593	0.0732284898901	0.363300746858
-ati	0.226112322173	0.564578319326	0.16485427351	0.0444550849914
-spe	0.0	1.0	0.0	0.0
-teŋ	0.432835820896	0.567164179104	0.0	0.0
-laf	0.0	1.0	0.0	0.0
-reb	0.0	1.0	0.0	0.0
-eyu	0.251572327044	0.691823899371	0.0566037735849	0.0
-dai	0.0	1.0	0.0	0.0
-209	0.0	0.5	0.0	0.5
-rpa	0.0	1.0	0.0	0.0
-raŋ	0.0771830830458	0.678277566168	0.00472321895286	0.239816131834
-isa	0.277019448501	0.597988487504	0.0522189067361	0.0727731572598
-200	0.0782393182706	0.350370911066	0.0102700775773	0.561119693086
-eye	0.169918187539	0.189112649465	0.373820012587	0.267149150409
--wa	0.0677966101695	0.559322033898	0.0	0.372881355932
-neŋ	0.532894736842	0.348684210526	0.0263157894737	0.0921052631579
-iok	0.032781106803	0.878392668312	0.0148043708142	0.0740218540712
-lei	0.0	1.0	0.0	0.0
-lek	0.0407317915085	0.890231273731	0.0490162236797	0.0200207110804
-ois	0.0	1.0	0.0	0.0
-ion	0.0347476225311	0.914776883687	0.0460863204096	0.00438917337235
-len	0.475752012174	0.279528121058	0.107013094281	0.137706772486
-mum	0.0	1.0	0.0	0.0
-lea	0.0043330166601	0.99311815001	0.000695136362582	0.00185369696689
-leb	0.063829787234	0.43085106383	0.329787234043	0.175531914894
-led	0.0	1.0	0.0	0.0
-muk	0.427917620137	0.370709382151	0.0640732265446	0.137299771167
-leg	0.322011964697	0.384044910143	0.110871916174	0.183071208985
-rye	0.768115942029	0.122873345936	0.0239445494644	0.0850661625709
-mus	0.150602409639	0.688428131129	0.040767722051	0.120201737181
-ibe	0.416828814805	0.201150170796	0.164526311238	0.217494703161
-ios	0.0377358490566	0.962264150943	0.0	0.0
-oim	0.0265486725664	0.973451327434	0.0	0.0
-obe	0.446857142857	0.301714285714	0.0885714285714	0.162857142857
-oik	0.115942028986	0.36231884058	0.521739130435	0.0
-leu	0.179964762144	0.645733702492	0.0484520513466	0.125849484017
-iot	0.435754189944	0.268156424581	0.284916201117	0.0111731843575
-fta	0.0	1.0	0.0	0.0
-bki	0.5	0.0	0.0	0.5
-wit	0.398560245461	0.416022181676	0.0492192140839	0.136198358779
-uwa	0.333580602023	0.446563200866	0.0697218932656	0.150134303846
-bka	0.362204724409	0.129921259843	0.23031496063	0.277559055118
-git	0.569600259896	0.217498420037	0.0617681550291	0.151133165037
-ndu	0.16135734072	0.687673130194	0.115650969529	0.0353185595568
-wau	0.0	1.0	0.0	0.0
-iba	0.0110905730129	0.922365988909	0.0443622920518	0.0221811460259
-ndi	0.265082793377	0.529877609791	0.075161987041	0.129877609791
-ruŋ	0.24504963826	0.69312245301	0.0452399332173	0.016587975513
-ŋya	0.315436241611	0.664429530201	0.0	0.0201342281879
-gil	0.572232645403	0.337711069418	0.0487804878049	0.0412757973734
-gik	0.44424285276	0.369655411625	0.0776424445364	0.108459291079
-ndo	0.203870542253	0.0950751873368	0.0724027010088	0.628651569401
-ali	0.25306519477	0.422517305343	0.048667601683	0.275749898204
-gig	0.394856999678	0.342113214521	0.114712024374	0.148317761427
-ald	0.0196078431373	0.696078431373	0.28431372549	0.0
-ale	0.181950175953	0.141243287257	0.014040281585	0.662766255205
-nde	0.0726558184797	0.266930994367	0.0334093441628	0.627003842991
-gia	0.0391644908616	0.822454308094	0.1227154047	0.0156657963446
-ala	0.592435214555	0.311209527799	0.0412951104195	0.055060147226
-rot	0.0	1.0	0.0	0.0
-127	0.0	0.0	0.0	1.0
-120	0.030303030303	0.212121212121	0.0	0.757575757576
-fat	0.0673543776744	0.779423417712	0.086011900474	0.0672103041392
-ŋeŋ	0.164499349805	0.161248374512	0.0663198959689	0.607932379714
-yot	0.0208333333333	0.9375	0.0416666666666	0.0
-yok	0.513506890731	0.0522981590928	0.016728500346	0.41746644983
-yoi	0.266413403468	0.133937268654	0.104227547243	0.495421780635
-mla	0.0	1.0	0.0	0.0
-365	0.0	0.333333333333	0.0	0.666666666667
-uwi	0.482088998565	0.250899179046	0.0575797164562	0.209432105934
-rel	0.0	1.0	0.0	0.0
-yob	0.287128712871	0.613861386139	0.069306930693	0.029702970297
-boŋ	0.015306122449	0.459183673469	0.0	0.525510204082
-waŋ	0.0984955629962	0.860298519245	0.00361801640606	0.0375879013531
-iel	0.0524965937325	0.937885709706	0.00480884828084	0.00480884828084
-gwa	0.694267515924	0.216560509554	0.0509554140127	0.0382165605095
-nnu	0.220480252847	0.355557419046	0.208839477535	0.215122850573
-idu	0.120253164557	0.772151898734	0.0822784810126	0.0253164556962
-lsu	0.0	1.0	0.0	0.0
-iyu	0.0	1.0	0.0	0.0
-pem	0.0141176470588	0.957647058824	0.0282352941176	0.0
-pen	0.16632016632	0.783783783784	0.012474012474	0.037422037422
-ros	0.0	1.0	0.0	0.0
-elu	0.0791666666667	0.695833333333	0.216666666667	0.00833333333333
-pet	0.685411572942	0.20619396903	0.00162999185004	0.106764466178
-peu	0.712235294118	0.157176470588	0.0531764705883	0.0774117647059
-153	0.196721311475	0.0491803278689	0.0245901639344	0.729508196721
-eli	0.0210526315789	0.957894736842	0.0210526315789	0.0
-per	0.0679611650485	0.825242718447	0.0679611650485	0.0388349514563
-pes	0.348321001707	0.617529880478	0.0	0.0341491178144
-iye	0.396239505168	0.279796112564	0.0457119917268	0.278252390542
-rka	0.518904469425	0.175127289818	0.0591173320973	0.24685090866
-ela	0.0	0.988764044944	0.0112359550562	0.0
-iya	0.434076116883	0.330724421381	0.0765219204314	0.158677541304
-rke	0.395692038426	0.457328109151	0.0758766085244	0.071103243899
-ele	0.340255591054	0.501597444089	0.0814696485623	0.0766773162939
-hul	0.0	1.0	0.0	0.0
-lda	0.0	1.0	0.0	0.0
-pna	0.126788036411	0.503901170351	0.238946684005	0.130364109233
-war	0.0748689792863	0.775393062141	0.149737958572	0.0
-sya	0.886699507389	0.039408866995	0.0443349753695	0.0295566502463
-ter	0.021846641379	0.828587890719	0.149565467902	0.0
-diŋ	0.230263157895	0.31954887218	0.389097744361	0.0610902255639
-pnu	0.0226130653266	0.698492462312	0.278894472362	0.0
-san	0.0434782608695	0.913043478261	0.0434782608695	0.0
-esi	0.00797165633303	0.992028343667	0.0	0.0
-600	0.0	0.0	0.0	1.0
-iti	0.320686315406	0.368069519519	0.0883470923419	0.222897072733
-esa	0.0	1.0	0.0	0.0
-ite	0.32051012652	0.264807774893	0.187768198427	0.22691390016
-feŋ	0.224438902743	0.743498396865	0.0320627003919	0.0
-ese	0.542227726	0.184521400058	0.0490278860388	0.224222987903
-ita	0.0657093672587	0.862073308981	0.0201536717471	0.0520636520133
-spa	0.0	1.0	0.0	0.0
-fag	0.468468468469	0.117117117117	0.36036036036	0.054054054054
-bru	0.0125593078426	0.94864638571	0.0354451576891	0.00334914875803
-udu	0.159980188212	0.709757305597	0.074294205052	0.0559683011392
-ria	0.0180779232629	0.831310734979	0.0237237100233	0.126887631735
-fan	0.0819245773732	0.863459037711	0.0	0.0546163849155
-666	0.150684931507	0.0547945205479	0.0	0.794520547945
-far	0.414527529762	0.390159970238	0.0558035714286	0.139508928571
-fas	0.0288372093023	0.941395348837	0.0148837209302	0.0148837209302
-bra	0.163043478261	0.469901288036	0.199005849598	0.168049384105
-uda	0.0385208012326	0.956343091936	0.00308166409861	0.00205444273241
-601	0.652173913043	0.347826086957	0.0	0.0
-bre	0.0850222098834	0.851731676846	0.0237715158246	0.0394745974458
-ude	0.455921684163	0.311758168489	0.143548840098	0.0887713072506
-lef	0.0	1.0	0.0	0.0
-bri	0.187118767621	0.415665233751	0.283786970831	0.113429027797
-bro	0.218690881574	0.565645100265	0.0558077941733	0.159856223988
-ŋki	0.154696388105	0.82206446839	0.00520279332192	0.0180363501827
-abu	0.365326685364	0.410304352342	0.199439077594	0.0249298846993
--sa	0.416666666667	0.5	0.0	0.0833333333333
-lpa	0.0	0.96138996139	0.0	0.03861003861
-ŋka	0.179792414209	0.192951045285	0.150655318945	0.476601221562
--si	0.520958083832	0.065868263473	0.14371257485	0.269461077844
-ŋke	0.276672694394	0.679927667269	0.0108499095841	0.0325497287523
-rik	0.0370162647224	0.534772854739	0.409702748177	0.0185081323612
-abe	0.115660097478	0.771816062725	0.0123755032846	0.100148336512
-wok	0.0	0.714285714286	0.285714285714	0.0
-gad	0.0	1.0	0.0	0.0
-eka	0.411202209786	0.190274706413	0.0791283799427	0.319394703858
-aba	0.0852055090892	0.83995786068	0.0392124323288	0.0356241979024
-abo	0.207247586308	0.673230339927	0.079581393324	0.0399406804413
-abi	0.127478753541	0.677053824363	0.0	0.195467422096
-aiŋ	0.11859443631	0.420204978038	0.408491947291	0.0527086383602
-tiŋ	0.292233872213	0.583676146482	0.0367991680437	0.0872908132617
-vas	0.656934306569	0.255474452555	0.0875912408759	0.0
-tub	0.0	1.0	0.0	0.0
-koa	0.0	1.0	0.0	0.0
-kob	0.00140933291575	0.958424678985	0.00689007203257	0.0332759160664
-tui	0.188346883469	0.669376693767	0.0609756097561	0.0813008130081
-ada	0.149998728446	0.243155454308	0.517243211432	0.0896026058144
-sop	0.0	1.0	0.0	0.0
-kok	0.104410157481	0.486212180731	0.328136485798	0.0812411759901
-sor	0.0	1.0	0.0	0.0
-tup	0.0198895027624	0.918232044199	0.0	0.0618784530387
-sol	0.0713220698323	0.821199533268	0.101534891081	0.00594350581936
-tur	0.258750388066	0.23631819014	0.240417757895	0.264513663899
-son	0.431883592645	0.35019507993	0.038456810945	0.17946451648
-910	0.0	1.0	0.0	0.0
-sok	0.297872340425	0.0425531914893	0.638297872341	0.0212765957447
-kor	0.0454545454545	0.886363636364	0.0454545454545	0.0227272727273
-ora	0.0408163265306	0.93112244898	0.00510204081631	0.0229591836735
-ore	0.0	1.0	0.0	0.0
-tna	0.166506487266	0.723690533397	0.0809706871696	0.0288322921672
-gma	0.008658008658	0.982683982684	0.0	0.00865800865803
-foŋ	0.166260010908	0.499612480983	0.214427189482	0.119700318627
-lit	0.409959283572	0.308576133677	0.0705361122233	0.210928470528
-rus	0.0160706269639	0.953359269789	0.00272332784677	0.0278467754003
-hir	0.0	1.0	0.0	0.0
-dus	0.238347672753	0.265192338742	0.0301170772486	0.466342911256
-rut	0.0	0.474708171206	0.0	0.525291828794
-lis	0.0855595627056	0.851763083219	0.0119385436333	0.0507388104417
-lil	0.35709526982	0.453697534977	0.135243171219	0.0539640239839
-lim	0.0759474571014	0.669997401356	0.0309322424618	0.22312289908
-omi	0.00894187779432	0.934426229508	0.00894187779434	0.0476900149031
