-sa̱	0.436426116838	0.367697594502	0.154639175258	0.0412371134021
-815	0.0	0.0	0.0	1.0
-950	0.0	0.0	0.0	1.0
-ta꞉	0.221669704687	0.130756415313	0.0233270636917	0.624246816308
-oyo	0.473616473616	0.169884169884	0.302445302445	0.0540540540541
-aue	0.219467401286	0.347107438017	0.247015610652	0.186409550046
-lo̱	0.111111111111	0.888888888889	0.0	0.0
-uaa	0.433962264151	0.264150943396	0.150943396226	0.150943396226
-uae	0.655172413793	0.344827586207	0.0	0.0
ALL	0.211803756135	0.254977161078	0.0476953447509	0.485523738037
-uao	0.190330425873	0.674181499422	0.0158793094306	0.119608765275
-pue	0.473295909531	0.355889140678	0.0496748340475	0.121140115744
-꞉lu	0.29418975239	0.607746996813	0.0759990193675	0.0220642314293
-̱i̱	0.144949593468	0.104188504495	0.0649422195165	0.68591968252
-da꞉	0.153170160024	0.407385801029	0.0257704436842	0.413673595262
-puo	0.615384615385	0.261538461538	0.0461538461539	0.0769230769231
-kie	0.378761577303	0.200970035497	0.0512235288394	0.36904485836
-opu	0.202494537101	0.178335247614	0.261715878079	0.357454337206
-pao	0.364069523347	0.243767223401	0.130244890781	0.261918362471
-o꞉e	0.138996138996	0.722007722008	0.138996138996	0.0
-opo	0.3707580077	0.438090726657	0.0742590885993	0.116892177044
-opi	0.180301028555	0.665091548668	0.0291869635345	0.125420459243
-ope	0.30374449833	0.403891707703	0.0691585153523	0.223205278614
-opa	0.273477362601	0.527593768685	0.0424168970564	0.156511971658
-imu	0.0	1.0	0.0	0.0
-oku	0.224783861671	0.740634005764	0.0	0.0345821325648
-403	0.0	1.0	0.0	0.0
-400	0.0807537012113	0.07133243607	0.00807537012113	0.839838492598
-ima	0.312442035407	0.570495249479	0.0321510273902	0.0849116877229
-oko	0.164185638581	0.561571579734	0.225838223889	0.0484045577948
-oki	0.169754146208	0.197172338015	0.0598667719672	0.573206743811
-oke	0.0649487977869	0.505950910676	0.25178226062	0.177318030917
-840	0.0	1.0	0.0	0.0
-oka	0.503507084469	0.206800017445	0.0142006322591	0.275492265828
-ido	0.506134969325	0.457055214724	0.0184049079754	0.0184049079755
-idi	0.0288130758977	0.948136463384	0.0156580149828	0.00739244573538
-ide	0.391304347826	0.550724637681	0.0289855072464	0.0289855072464
-꞉wa	0.667351129363	0.209445585216	0.0616016427105	0.0616016427105
-ida	0.0185788983885	0.938572471094	0.00381620615547	0.0390324243622
-bia	0.0487804878048	0.940379403794	0.0	0.0108401084011
-idu	0.0	1.0	0.0	0.0
-100	0.0	0.0491071861888	0.0255311316357	0.925361682175
-uta	0.169355740209	0.197004136081	0.0404292581138	0.593210865596
-teu	0.0	1.0	0.0	0.0
-105	0.0	0.5	0.0	0.5
-uti	0.155844155844	0.844155844156	0.0	0.0
-tea	0.0967741935482	0.854838709678	0.0483870967742	0.0
-tee	0.127086007702	0.663671373556	0.0731707317073	0.136071887035
-utu	0.07236181091	0.0975209560868	0.0170269840108	0.813090248992
-tei	0.228929628465	0.696661293282	0.0538905685609	0.0205185096928
-40e	0.315789473684	0.526315789474	0.0	0.157894736842
-sia	0.00554650850092	0.97350001494	0.0183651059252	0.00258837063376
-teo	0.467065868263	0.0299401197605	0.377245508982	0.125748502994
-mee	0.423654908305	0.351246824484	0.0884720870566	0.136626180154
-mea	0.214387826972	0.0133054090328	0.001026700871	0.771280063124
-meo	0.25883501757	0.629574904117	0.0341130291213	0.0774770491909
-꞉li	0.435152675817	0.463772741781	0.0638365783594	0.037238004043
-mei	0.0558584532286	0.881633277682	0.0268652560766	0.0356430130126
-lue	0.717066965294	0.149737389753	0.0328427617692	0.100352883184
-ba꞉	0.384513583905	0.196373001544	0.0741297205834	0.344983693968
-aya	0.0594618055556	0.924913194444	0.00390625000001	0.01171875
-oa꞉	0.447296207322	0.1144666354	0.0590050316042	0.379232125674
-kia	0.190936277893	0.729698642742	0.048309178744	0.0310559006211
-dai	0.0	1.0	0.0	0.0
-umu	0.102852551225	0.871434310968	0.0192848533548	0.0064282844516
-ota	0.147299509002	0.833060556465	0.0	0.0196399345335
-ote	0.0803964757709	0.910609397944	0.00385462555066	0.00513950073422
-oti	0.0420475319927	0.930530164534	0.00548446069469	0.0219378427788
-eba	0.0	1.0	0.0	0.0
-oto	0.0208236660475	0.0671302597611	0.00508694643747	0.906959127754
-ume	0.613311726472	0.145662211118	0.0640716937289	0.176954368681
-962	0.0	0.6	0.0	0.4
-uma	0.298403193613	0.332834331337	0.169660678643	0.199101796407
-otu	0.148078783636	0.261383484216	0.218059979981	0.372477752166
-umi	0.129429892142	0.796610169492	0.0184899845917	0.055469953775
-ako	0.122938124739	0.332660294174	0.509382957698	0.0350186233895
-ka꞉	0.0305017406041	0.0335589482877	0.00968092465795	0.92625838645
-nai	0.0243440627536	0.958885582905	0.0167703543414	0.0
-nao	0.445840160204	0.388494447479	0.0906608410705	0.0750045512471
-aki	0.330960854093	0.669039145907	0.0	0.0
-ake	0.0544368931641	0.11736226871	0.0535481609829	0.774652677143
-naa	0.448040340941	0.219579656425	0.183265283083	0.149114719551
-kio	0.0569776050005	0.686169145883	0.0860918337205	0.170761415396
-aka	0.0154406533924	0.0471760775964	0.00599735202296	0.931385916988
-nae	0.722315436242	0.199161073826	0.00604026845639	0.0724832214765
-꞉le	0.0338983050847	0.932203389831	0.0338983050847	0.0
-sio	0.133088443063	0.778185928228	0.0356032777621	0.0531223509466
-꞉la	0.347735192891	0.115832739979	0.05988858536	0.47654348177
-꞉lo	0.0	0.968085106383	0.031914893617	0.0
-aku	0.147201210287	0.536459909228	0.107110438729	0.209228441755
-sie	0.139688532327	0.689476168004	0.117036337895	0.0537989617745
-nau	0.0566037735849	0.943396226415	0.0	0.0
-365	0.0	0.25	0.0	0.75
-po̱	0.0	0.0	1.0	0.0
-600	0.0	0.0	0.0769230769231	0.923076923077
-yae	0.365433345889	0.558547067082	0.0413056877718	0.0347138992569
-dae	0.3720414814	0.472679444337	0.07719075368	0.0780883205833
-bei	0.046160130719	0.260766312174	0.188787803257	0.50428575385
-yaa	0.541271989175	0.336941813261	0.0893098782138	0.0324763193505
-yao	0.105694572897	0.104572711304	0.0716060625813	0.718126653217
-iso	0.0177418638106	0.922759895825	0.00988950762451	0.0496087327402
-upu	0.424151831382	0.334792384798	0.114855991114	0.126199792706
-isi	0.279429563214	0.667299656888	0.0272936125092	0.0259771673892
-isa	0.0834046193328	0.882894309902	0.016002477803	0.0176985929619
-upe	0.673004172688	0.214885291682	0.0324722767937	0.0796382588365
-upa	0.0691556692502	0.0301883046981	0.00415956625829	0.896496459793
-isu	0.379023097312	0.435441120788	0.146914047709	0.0386217341916
-upi	0.373116188624	0.413709285367	0.0996596985902	0.113514827419
-haa	0.125654450262	0.167539267016	0.371727748691	0.335078534031
-hae	0.539126853377	0.2215815486	0.0477759472817	0.191515650741
-hao	0.131455542657	0.0626901923994	0.0219739371829	0.78388032776
-mai	0.153738644305	0.777078965758	0.0461215932914	0.0230607966457
-hau	0.370103740584	0.276529948675	0.0263813963111	0.32698491443
-mao	0.331376080692	0.421829971182	0.117975504323	0.128818443804
-maa	0.353801169591	0.165570175439	0.274488304094	0.206140350877
-mae	0.764192139738	0.157205240175	0.0262008733624	0.0524017467249
-kii	0.646153846154	0.241025641026	0.0205128205128	0.0923076923077
-pua	0.428227224783	0.077174620109	0.00965468073391	0.484943474374
-nku	0.311239745687	0.556210713023	0.103187301131	0.0293622401592
-uni	0.228204494937	0.478389725858	0.195603852803	0.0978019264016
-una	0.116601647161	0.769830949285	0.0320762895536	0.0814911140008
-782	0.0	0.4	0.0	0.6
-nke	0.251684272046	0.572205932159	0.0343325513776	0.141777244418
-nka	0.242104323678	0.496724330577	0.205520150902	0.0556511948427
-unu	0.353595473342	0.420720952172	0.147668414115	0.0780151603706
-nko	0.100439422473	0.360326428123	0.513496547395	0.0257376020088
-nki	0.257896803635	0.35558879905	0.0727777900268	0.313736607289
-ade	0.200786586628	0.768163941213	0.031049472159	0.0
-500	0.0	0.5	0.0999999999999	0.4
-ada	0.121827411167	0.772842639594	0.0710659898477	0.0342639593908
-ado	0.194444444444	0.805555555556	0.0	0.0
-adi	0.0	0.955700325733	0.0410423452769	0.00325732899024
-147	0.0	0.0	0.0	1.0
-144	0.0	0.0321100917431	0.0	0.967889908257
-adu	0.302521008403	0.697478991597	0.0	0.0
-ini	0.0954332775997	0.684684147314	0.0199314314212	0.199951143665
-̱li	0.425597532768	0.461835003855	0.0277563608327	0.0848111025444
-ina	0.338040183179	0.412780994511	0.014791690858	0.234387131452
-sea	0.161993769471	0.809579439252	0.0190809968848	0.00934579439251
-̱la	0.34955972753	0.322977238744	0.249210832364	0.0782522013623
-800	0.0	0.470588235294	0.0	0.529411764706
-807	0.0	1.0	0.0	0.0
-oha	0.0	1.0	0.0	0.0
-inu	0.0659935088352	0.804183195096	0.125495852867	0.00432744320231
-iae	0.574931029098	0.210738639321	0.00624642132112	0.20808391026
-eda	0.146498725446	0.741340530814	0.0377867746289	0.0743739691108
-iaa	0.471074380165	0.403305785124	0.105785123967	0.0198347107438
-ede	0.0100659708242	0.979506715809	0.00237453670724	0.00805277665934
-iao	0.495895189939	0.163874948738	0.0627741487168	0.277455712606
-edi	0.123947068355	0.847137604839	0.0212799837867	0.0076353430198
-edo	0.229508196721	0.540983606557	0.0918032786885	0.137704918033
-182	0.0	0.0	0.0	1.0
-kua	0.0	0.666666666667	0.333333333333	0.0
-nee	0.26387028679	0.187605405636	0.0643464404459	0.484177867128
-̱a̱	0.048942799911	0.776519029602	0.166214110839	0.00832405964835
-bao	0.348024018735	0.271676490156	0.102227447896	0.278072043213
-eka	0.0081081081081	0.975675675676	0.0	0.0162162162162
-eke	0.313620268484	0.20194054868	0.0922952901765	0.39214389266
-hoe	0.107297830375	0.518737672584	0.298224852071	0.0757396449704
-eki	0.254215414954	0.346174630528	0.0665327217559	0.333077232762
-bae	0.399828030954	0.471195184867	0.0154772141015	0.113499570077
-baa	0.151685393258	0.25702247191	0.160112359551	0.431179775281
-hou	0.150696864111	0.849303135889	0.0	0.0
-wa꞉	0.519292256002	0.236695930201	0.0768167777597	0.167195036038
-ase	0.295786061588	0.557266342518	0.0567260940032	0.0902215018909
-mbu	0.219294156645	0.283839356931	0.089654743777	0.407211742648
-asa	0.0410490307867	0.93842645382	0.0	0.0205245153934
-aso	0.445449588574	0.312343535435	0.0694631421741	0.172743733817
-iyo	0.456852791878	0.35572042171	0.111284654432	0.0761421319797
-asi	0.0302049690819	0.932823261313	0.0272415224826	0.00973024712291
-930	0.166666666667	0.333333333333	0.0	0.5
-mba	0.321180605789	0.392931488139	0.13081575843	0.155072147643
-133	0.0	0.0	0.0	1.0
-mbe	0.522644054731	0.364617460012	0.0838311813452	0.0289073039121
-mbi	0.721793973371	0.16608269096	0.0	0.112123335669
-mbo	0.715921720384	0.150868360092	0.0202862843294	0.112923635195
-430	0.30303030303	0.151515151515	0.0	0.545454545455
-iwa	0.615384615385	0.326923076923	0.0384615384615	0.0192307692308
-ea꞉	0.392916656147	0.313669300881	0.0751129850784	0.218301057894
-ya̱	0.508076358297	0.298091042584	0.0704845814978	0.123348017621
-pou	0.580262600593	0.347310461669	0.0597204574333	0.012706480305
-poo	0.0646153846154	0.843076923077	0.00923076923076	0.083076923077
-poe	0.721060606061	0.111515151515	0.0401515151515	0.127272727273
-lae	0.532933973716	0.168469942471	0.0807515701694	0.217844513643
-119	0.0	0.0	0.0	1.0
-laa	0.0589427080283	0.0406256802479	0.00454551857108	0.895886093153
-ika	0.0591171053413	0.871368308478	0.0579288218169	0.0115857643634
-iko	0.00317124735729	0.996828752643	0.0	0.0
-lao	0.377976539934	0.193923522703	0.0335895568739	0.394510380489
-130	0.0	0.0	0.0	1.0
-lai	0.0507796582543	0.90602673114	0.0121566922931	0.0310369183125
-iki	0.133814080384	0.191615100496	0.0686385099794	0.605932309141
-noo	0.0411311053984	0.925449871465	0.0102827763496	0.0231362467866
-aae	0.572963294539	0.203222918532	0.14503133393	0.0787824529991
-noa	0.00252312867957	0.977291841884	0.00504625735912	0.0151387720774
-noe	0.47139677588	0.317118135785	0.0615863169327	0.149898771402
-dou	0.637931034483	0.327586206897	0.0344827586207	0.0
-aha	0.580110497238	0.287292817679	0.0	0.132596685083
-boi	0.0	1.0	0.0	0.0
-꞉ma	0.29217199559	0.381477398016	0.0826901874311	0.243660418964
-doe	0.296154354434	0.113651380996	0.0510109686798	0.53918329589
-꞉me	0.462921346431	0.126851403563	0.0436884180805	0.366538831925
-꞉mi	0.0	1.0	0.0	0.0
-180	0.0	0.0	0.0	1.0
-187	0.0	0.0	0.0	1.0
-꞉mo	0.0	1.0	0.0	0.0
-toe	0.2	0.6	0.0	0.2
-꞉di	0.259863058363	0.720573850668	0.0	0.0195630909684
-too	0.704096561814	0.295903438186	0.0	0.0
-꞉de	0.0722891566264	0.901204819277	0.0	0.0265060240963
-olu	0.312354115582	0.12114652837	0.143193832782	0.423305523266
-꞉da	0.112994350283	0.186440677966	0.308851224106	0.391713747646
-oli	0.0559405423099	0.714375096808	0.05971406531	0.169970295572
-tou	0.0	0.956912028725	0.0430879712747	0.0
-ibi	0.0	1.0	0.0	0.0
-olo	0.299552901738	0.377985185064	0.0257546499929	0.296707263206
-ola	0.559328611623	0.247598719317	0.0766469389735	0.116425730086
-sao	0.0265312526745	0.92206087924	0.0414229880467	0.0099848800388
-ole	0.297508925674	0.421535215839	0.255801687764	0.0251541707238
-iei	0.548780487805	0.109756097561	0.0121951219512	0.329268292683
-loo	0.14693877551	0.804081632653	0.0163265306122	0.0326530612245
-loi	0.0	0.967032967033	0.010989010989	0.021978021978
-a̱e	0.97619047619	0.0238095238095	0.0	0.0
-loe	0.254751461988	0.688596491228	0.0176656920078	0.0389863547758
-ime	0.49544716123	0.120198806088	0.0233695524503	0.360984480232
-ipi	0.126084124304	0.801682147488	0.0255740718006	0.0466596564081
-ipa	0.23773958596	0.171185442052	0.0536848109256	0.537390161062
-ipe	0.383360829104	0.239460961393	0.0713710446335	0.30580716487
-imi	0.443382989903	0.307388070453	0.0640121460538	0.18521679359
-ipu	0.292537200807	0.350102207053	0.175805293207	0.181555298934
-lu̱	0.0879120879121	0.653846153846	0.0	0.258241758242
-awa	0.268356731643	0.304918695081	0.01514998485	0.411574588425
-awe	0.234309623431	0.715481171548	0.0502092050209	0.0
-830	0.0	0.833333333334	0.0	0.166666666667
-276	0.0	0.222222222222	0.0	0.777777777778
-350	0.0	0.0	0.0	1.0
-209	0.0	0.714285714286	0.0	0.285714285714
-eyo	0.432412790698	0.431696001911	0.0669002867156	0.0689909206754
-eya	0.273337019497	0.254946270164	0.132269154026	0.339447556314
-200	0.0242669362993	0.196157735086	0.0546006066734	0.724974721941
-eye	0.74794520548	0.120547945205	0.0328767123288	0.0986301369863
-207	0.0	1.0	0.0	0.0
-oba	0.0	1.0	0.0	0.0
-mua	0.413698186529	0.263277202073	0.0518134715026	0.271211139896
-leo	0.369683020627	0.123820067591	0.0361263256031	0.470370586179
-lee	0.355756309326	0.192285043769	0.0601702155672	0.391788431338
-oie	0.625	0.375	0.0	0.0
-alu	0.305397473416	0.322075638296	0.0418419108782	0.330684977409
-ndu	0.444087926824	0.471565059144	0.0251424740194	0.0592045400125
-iba	0.0	0.941176470588	0.030959752322	0.0278637770898
-ndi	0.389026976027	0.49886881271	0.0623421156753	0.0497620955878
-alo	0.363993471799	0.198416563967	0.0358690716969	0.401720892537
-ndo	0.362457048394	0.159897946536	0.0265773561971	0.451067648873
-ali	0.0323497994346	0.392053670077	0.0239838682837	0.551612662205
-nda	0.289699982207	0.135274405377	0.0628946914439	0.512130920971
-ale	0.215005792954	0.22227019799	0.0278797186188	0.534844290437
-nde	0.0578026570064	0.0221427548265	0.00466517376012	0.915389414407
-ala	0.147648977975	0.801776165609	0.0284040568289	0.0221707995872
-127	0.0	0.0	0.0	1.0
-120	0.0247933884298	0.123966942149	0.0	0.851239669422
-you	0.0560057234887	0.642726347273	0.194926392027	0.106341537211
-a꞉e	0.357453692619	0.30288047955	0.0729238247348	0.266742003095
-a꞉o	0.0872230402264	0.834245457065	0.0207588442788	0.0577726584294
-ma꞉	0.139419223322	0.350438146748	0.0408548716044	0.469287758326
-318	0.333333333333	0.0	0.0	0.666666666667
-pea	0.107229324611	0.0308985563663	0.00897227140884	0.852899847614
-꞉si	0.0156600091551	0.945363968059	0.00800400467926	0.0309720181067
-iyu	0.649244978742	0.225406831843	0.0527781850169	0.0725700043982
-꞉se	0.0277777777779	0.972222222222	0.0	0.0
-peo	0.39730941704	0.191928251121	0.145291479821	0.265470852018
-pei	0.161552264661	0.391703804661	0.0748597937893	0.371884136889
-꞉sa	0.0	1.0	0.0	0.0
-150	0.396226415094	0.0377358490565	0.0	0.566037735849
-153	0.0566037735849	0.0283018867925	0.0283018867925	0.88679245283
-eli	0.384078937642	0.529116287791	0.0308799345849	0.0559248399819
-elo	0.209070042135	0.509859167845	0.196926080377	0.0841447096431
-ela	0.416081303243	0.34728241917	0.116574503064	0.120061774523
-iya	0.180459529297	0.58439835184	0.0266778406313	0.208464278232
-ele	0.18287299605	0.641493134304	0.0922310213421	0.0834028483037
-a̱꞉	0.152905198777	0.764046291299	0.0281825268334	0.0548659830905
-itu	0.401478460362	0.264735038378	0.0441838728864	0.289602628374
-esu	0.00569601885101	0.644520776391	0.00223509180769	0.34754811295
-esi	0.0280350341254	0.936341138029	0.00410858258734	0.0315152452582
-iti	0.259297452247	0.564013585491	0.0880975582067	0.0885914040547
-esa	0.0	1.0	0.0	0.0
-ese	0.0794867427468	0.887128825299	0.0188118624501	0.0145725695036
-ita	0.316405369733	0.37881080385	0.0238225541641	0.280961272253
-udu	0.0	1.0	0.0	0.0
-666	0.0618556701031	0.0	0.0	0.938144329897
-uda	0.138034508627	0.8192048012	0.0247561890473	0.0180045011253
-sa꞉	0.277511698341	0.507814612519	0.10650686526	0.10816682388
-udi	0.014742014742	0.977886977887	0.007371007371	0.0
-abe	0.0	1.0	0.0	0.0
-̱o̱	0.16948322312	0.639480773941	0.145481263777	0.0455547391624
-woo	0.43137254902	0.274509803922	0.0	0.294117647059
-koe	0.245798319328	0.439075630252	0.264705882353	0.0504201680672
-꞉ni	0.234143405312	0.335314623931	0.0208662503448	0.409675720412
-koa	0.0244343891402	0.934841628959	0.0054298642534	0.0352941176471
-tue	0.0	0.933333333333	0.0	0.0666666666667
-꞉na	0.0514363062115	0.940442171755	0.00270717401113	0.00541434802226
-koo	0.315789473684	0.298245614035	0.385964912281	0.0
-la꞉	0.323952850829	0.26443457808	0.0477024055286	0.363910165563
-905	0.0	1.0	0.0	0.0
-kou	0.246478873239	0.507042253521	0.0985915492957	0.147887323944
-soe	0.0938824954572	0.878861296184	0.00259582936749	0.0246603789911
-soa	0.0	1.0	0.0	0.0
-omu	0.294801611155	0.317509241422	0.182317999593	0.20537114783
-omi	0.111189969245	0.729832032174	0.0212916962385	0.137686302342
-lio	0.0527552460939	0.827502213289	0.00907807527575	0.110664465341
-omo	0.224060094063	0.422949397399	0.0731360507227	0.279854457815
-lie	0.332555881484	0.275202575568	0.0655084490688	0.326733093879
-oma	0.244901130848	0.263992097353	0.189599810154	0.301506961645
-lia	0.411649278527	0.319045563716	0.0249409388351	0.244364218922
-ome	0.412965638821	0.142343965607	0.0334166236443	0.411273771928
-eau	0.666666666667	0.333333333333	0.0	0.0
-eaa	0.330303030303	0.0454545454545	0.551515151515	0.0727272727273
-oda	0.00468384074942	0.992193598751	0.0	0.00312256049961
-eae	0.458891274911	0.319938176198	0.07221895474	0.148951594151
-ode	0.115942028986	0.826086956522	0.0579710144928	0.0
-odi	0.0108720271801	0.928425821065	0.0460551151378	0.0146470366176
-eao	0.138666969789	0.457997562932	0.152377726404	0.250957740875
-odo	0.218527315915	0.695961995249	0.0712589073634	0.0142517814727
-tua	0.104347826087	0.739130434783	0.104347826087	0.0521739130435
-162	0.0	0.333333333333	0.0	0.666666666667
-pai	0.0	0.982225382154	0.0	0.0177746178457
-apa	0.464601414336	0.175385728062	0.190453230473	0.16955962713
-ape	0.542787319017	0.245671222728	0.0194557174156	0.192085740839
-paa	0.166977318478	0.0719109541587	0.0688115886157	0.692300138748
-api	0.0374068099577	0.874177093779	0.0370580285129	0.0513580677508
-apo	0.0561975122749	0.162971077985	0.0456091792116	0.735222230528
-wae	0.237219362634	0.721521057034	0.00858634560136	0.0326732347304
-apu	0.140060697378	0.660739559331	0.101840565961	0.0973591773302
-wao	0.406653999636	0.37604577058	0.0687658955013	0.148534334283
-wai	0.05	0.95	0.0	0.0
-nuo	0.037697897742	0.712626524786	0.0862963924215	0.163379185051
-kee	0.256056186792	0.482153863144	0.076318558085	0.185471391979
-kea	0.382489138366	0.155103724463	0.0433221676837	0.419084969488
-keo	0.200535889203	0.637176126289	0.092432436348	0.0698555481596
-nue	0.249742221144	0.52894704919	0.120776975799	0.100533753867
-ia꞉	0.5072888028	0.168067971817	0.0638406253107	0.260802600072
-suo	0.191639267262	0.574917801785	0.00845467355565	0.224988257398
-sue	0.0678851174935	0.744125326371	0.00223797090638	0.185751585229
-601	0.888888888889	0.111111111111	0.0	0.0
-miu	0.0	1.0	0.0	0.0
-sua	0.197183098592	0.774647887324	0.0	0.0281690140845
-die	0.469465648855	0.335877862595	0.148854961832	0.0458015267175
-꞉ke	0.0	0.997360316762	0.00131984161901	0.00131984161901
-dia	0.0565983012223	0.890739589807	0.0226641806505	0.0299979283199
-꞉ka	0.0	0.984168865435	0.0158311345646	0.0
-dio	0.166522116218	0.791847354727	0.0416305290546	0.0
-꞉ki	0.0225370251127	0.932388924662	0.0450740502254	0.0
-̱u̱	0.463917525773	0.396907216495	0.10824742268	0.0309278350515
-diu	0.0189739898352	0.782934938753	0.146410397834	0.0516806735782
-iha	0.0	1.0	0.0	0.0
-uku	0.761100398633	0.0560971218351	0.00895594921454	0.173846530318
-iho	0.0	1.0	0.0	0.0
-uka	0.124100383213	0.832437610992	0.0217310028975	0.0217310028975
-uki	0.101321195169	0.609913205781	0.0183949239779	0.270370675072
-tiu	0.0114068441065	0.988593155894	0.0	0.0
-aie	0.109090909091	0.745454545455	0.0	0.145454545455
-tie	0.0934426229508	0.704918032787	0.177049180328	0.0245901639344
-tia	0.404340010768	0.382815021652	0.0720369348686	0.140808032712
-ono	0.26157316478	0.430084332113	0.0406360365072	0.267706466599
-꞉be	0.0	1.0	0.0	0.0
-aio	0.537878787879	0.416666666667	0.0	0.0454545454545
-tio	0.0289902877039	0.894044346711	0.0244090159428	0.0525563496426
-tii	0.48	0.2	0.32	0.0
-eme	0.361076890568	0.155901603751	0.031460551809	0.451560953872
-ema	0.278039215686	0.374509803921	0.202352941177	0.145098039216
-emo	0.0	1.0	0.0	0.0
-260	0.0	0.139072847682	0.0	0.860927152318
-i̱e	0.671849427168	0.0556464811784	0.0147299509002	0.257774140753
-꞉ya	0.0	0.461538461538	0.538461538462	0.0
-꞉po	0.621002990568	0.298481711525	0.0287554635381	0.0517598343686
-tu̱	0.46064516129	0.492903225806	0.0464516129032	0.0
-꞉pa	0.607475337817	0.0932169267393	0.0311785900032	0.26812914544
-꞉pe	0.346681621626	0.228906270089	0.0508654859624	0.373546622323
-onu	0.222870948707	0.457606466482	0.108362559426	0.211160025385
-pae	0.356661283957	0.188740435678	0.0293431886286	0.425255091736
-895	0.0	0.6	0.4	0.0
-꞉pu	0.227611940299	0.408582089552	0.330223880597	0.0335820895522
-eta	0.131329433125	0.776881178132	0.0796852935243	0.0121040952189
-ete	0.122429331191	0.805264462731	0.0481519909796	0.0241542150983
-eti	0.0339442815249	0.78848973607	0.0288856304986	0.148680351906
-ya꞉	0.45949509193	0.334612171496	0.056949485544	0.14894325103
-eto	0.10207349902	0.56127841624	0.297298121726	0.0393499630141
-̱꞉e	0.729323308271	0.157894736842	0.112781954887	0.0
-atu	0.0	1.0	0.0	0.0
-uya	0.0865384615384	0.913461538462	0.0	0.0
-bua	0.74662470462	0.131235766222	0.0805521434631	0.0415873856949
-300	0.0378548895899	0.018927444795	0.0725552050473	0.870662460568
-wei	0.814180929095	0.163814180929	0.0220048899755	0.0
-ate	0.273503828746	0.256103895991	0.0489264375457	0.421465837716
-ata	0.290460370195	0.584242999525	0.06264831514	0.06264831514
-ato	0.497012978095	0.439538556616	0.0230721691959	0.0403762960929
-uyu	0.0636042402827	0.724381625442	0.212014134276	0.0
-wee	0.391970057843	0.322558693433	0.177951684246	0.107519564478
-ati	0.0	1.0	0.0	0.0
-ose	0.0542199488491	0.907928388747	0.0337595907929	0.00409207161126
-na꞉	0.164846441869	0.399846814277	0.0506819057795	0.384624838075
-kao	0.276232858186	0.573641716164	0.0474134896491	0.102711936002
-ulo	0.285714285714	0.428571428571	0.0	0.285714285714
-pee	0.431482624591	0.38344954294	0.0884261021959	0.0966417302729
-kaa	0.473314835972	0.422229476089	0.0424351232251	0.0620205647135
-ula	0.186917834717	0.688638911208	0.0255681536371	0.0988751004375
-osi	0.0390254963782	0.936379168541	0.0122583778679	0.0123369572132
-kae	0.47243932538	0.323940765117	0.0987248046072	0.104895104895
-nia	0.0322652708949	0.909070600205	0.0373494953996	0.0213146335003
-nie	0.142143621068	0.720321510083	0.0642799651587	0.0732549036903
-nio	0.200497555807	0.673973539687	0.104607420421	0.0209214840842
-ulu	0.339793064088	0.164971527294	0.0463737935878	0.44886161503
-̱ko	0.043321299639	0.956678700361	0.0	0.0
-̱ke	0.1875	0.78125	0.03125	0.0
-la̱	0.285256410256	0.496794871795	0.141025641026	0.0769230769231
-ilu	0.147377311584	0.775542979883	0.0237090917119	0.053370616821
-ile	0.358974358974	0.602564102564	0.0	0.0384615384615
-ila	0.202204724409	0.690708661417	0.0475590551181	0.0595275590551
-ilo	0.48275862069	0.417422867514	0.0889292196008	0.010889292196
-ili	0.105094426879	0.788449381385	0.0668059889759	0.0396502027605
-ebi	0.010101010101	0.989898989899	0.0	0.0
-110	0.0	0.0	0.0	1.0
-aoo	0.530434782609	0.452173913043	0.0	0.0173913043478
-amu	0.472805203096	0.340659340659	0.0537222113986	0.132813244846
-ebe	0.0	1.0	0.0	0.0
-ami	0.0345773741593	0.926620207367	0.0304494573003	0.00835296117329
-amo	0.478009205603	0.200195370708	0.176269081758	0.145526341932
-ama	0.218448187984	0.212096658259	0.0680894441758	0.501365709581
-ame	0.134863211742	0.445980995438	0.0533528822323	0.365802910588
-137	0.0	0.0	0.0	1.0
-usi	0.0458949515553	0.94011801559	0.0118015589714	0.00218547388358
-pa꞉	0.140004220044	0.250042698157	0.0620503785801	0.547902703219
-usa	0.127853881278	0.853881278539	0.0	0.0182648401826
-eie	0.114541832669	0.395750332005	0.0597609561753	0.42994687915
-uli	0.298136645963	0.490683229814	0.198757763975	0.0124223602484
-910	0.0	0.75	0.0	0.25
-912	0.0	0.75	0.0	0.25
-osa	0.0	1.0	0.0	0.0
-usu	0.0	1.0	0.0	0.0
-epe	0.309199598971	0.233123452329	0.0815701883661	0.376106760333
-epa	0.1604286398	0.721633158106	0.0795333833984	0.0384048186958
-epo	0.115809095847	0.15523307491	0.298627228285	0.430330600958
-bai	0.796296296296	0.12037037037	0.0	0.0833333333333
-epi	0.0952410307461	0.372267243657	0.0341827783907	0.498308947207
-epu	0.454871488344	0.412432755529	0.125523012552	0.00717274357442
-꞉ti	0.0	0.973684210526	0.0	0.0263157894737
-꞉ta	0.412074609141	0.400452689694	0.14752046337	0.0399522377951
-pia	0.456248640106	0.437582309357	0.0262702838886	0.079898766648
-hoi	0.492334501233	0.206977735758	0.230984557774	0.0697032052351
-pie	0.370355570605	0.38616440262	0.0440325968486	0.199447429927
-wie	0.745534892285	0.134781808138	0.0883815135334	0.031301786043
-wia	0.426286563572	0.0675488405401	0.0249508813278	0.48121371456
-pio	0.253918495298	0.576802507837	0.0376175548589	0.131661442006
-le̱	0.0480512396403	0.0260259766409	0.00847237723929	0.917450406479
-owa	0.056358398192	0.89726141182	0.017877623033	0.0285025669545
-owe	0.0500336247478	0.114862138534	0.00484196368527	0.830262273033
-175	0.0	0.0	0.0	1.0
-one	0.215211138951	0.0804613374192	0.065608288464	0.638719235166
-anu	0.182595014593	0.524925772578	0.0336581115885	0.25882110124
-ona	0.00294976869535	0.988200925219	0.00884930608608	0.0
-ua꞉	0.4560900854	0.244310462099	0.065649483151	0.23394996935
-dau	0.185589959761	0.747916892384	0.0291017755862	0.0373913722684
-ehi	0.0	1.0	0.0	0.0
-so̱	0.0705882352941	0.152941176471	0.776470588235	0.0
-oni	0.0878856894712	0.743189367236	0.0123577701501	0.156567173143
-ana	0.144554455446	0.647524752475	0.136633663366	0.0712871287129
-dao	0.254086421751	0.682796569024	0.058261854669	0.00485515455576
-ane	0.0545022563066	0.0921494985329	0.0675986953892	0.785749549771
-ani	0.130206457675	0.782987172601	0.0294670926834	0.0573392770398
-ank	0.315398230088	0.364601769911	0.12389380531	0.19610619469
-595	0.0	0.25	0.5	0.25
-daa	0.276334952942	0.0286027568574	0.0108725523684	0.684189737833
-ano	0.320888715879	0.249416658557	0.0453093916275	0.384385233936
-tao	0.258797330224	0.190261227576	0.115317536208	0.435623905992
-tai	0.0499999999999	0.95	0.0	0.0
-777	0.0	0.25	0.0	0.75
-tae	0.284700395417	0.715299604583	0.0	0.0
-taa	0.32057216853	0.299533297419	0.043512547907	0.336381986144
-mia	0.0347322720695	0.913169319826	0.0434153400868	0.00868306801736
-mie	0.428860868946	0.403748991322	0.0293238200989	0.138066319632
-205	0.0	1.0	0.0	0.0
-mio	0.0624241373331	0.679556095023	0.145656320444	0.1123634472
-oea	0.229607250755	0.607250755287	0.14501510574	0.0181268882175
-̱ya	0.711402190251	0.13399184024	0.00901868155465	0.145587287954
-eni	0.226842816171	0.533775238243	0.113296516358	0.126085429228
-ene	0.172492240274	0.639165717006	0.0558995471619	0.132442495558
-ena	0.134420813545	0.761511459839	0.104067726616	0.0
-965	0.0	0.25	0.0	0.75
