-eus	0.0	1.0	0.0	0.0
-hel	0.0813532945372	0.88054452954	0.0272893962689	0.0108127796537
-hem	0.079002079002	0.91683991684	0.0	0.004158004158
-ive	0.0136256941661	0.986374305834	0.0	0.0
-ivi	0.0566037735849	0.943396226415	0.0	0.0
-lem	0.00368279999291	0.994320501216	0.000399339758267	0.00159735903306
-ufu	0.61714857283	0.298578016725	0.0565248484691	0.0277485619757
-aus	0.194239907142	0.794334215967	0.0	0.0114258768907
-auu	0.0328253223915	0.927315357562	0.0257913247363	0.0140679953107
-aut	0.0	0.96394940267	0.0120168657765	0.024033731553
-aua	0.464279847516	0.231596497252	0.050184816443	0.253938838788
-fii	0.391402714932	0.432126696833	0.176470588235	0.0
-ufa	0.230013400223	0.621360180477	0.0747886400222	0.0738377792775
-aum	0.0093348891482	0.983663943991	0.00233372228705	0.0046674445741
-ufi	0.290886019258	0.443084272598	0.171307009032	0.0947226991118
-sia	0.609311422797	0.237448059148	0.0458947697153	0.10734574834
-puu	0.347872340426	0.540425531915	0.0255319148936	0.0861702127659
-kia	0.377113645301	0.387993183904	0.122951894088	0.111941276707
-apa	0.132699531872	0.830333367378	0.0197757134712	0.0171913872789
-uau	0.345345153824	0.262439755879	0.0581404850461	0.334074605252
-pua	0.77666584397	0.07811270321	0.0451800075439	0.100041445276
-iva	0.0	1.0	0.0	0.0
-opi	0.123517102088	0.667947530752	0.107475919998	0.101059447163
-opa	0.252628511597	0.684050316016	0.0387144991798	0.0246066732075
-sip	0.0109327840688	0.984301643388	0.00168196677982	0.00308360576301
-imu	0.356733551359	0.400687633717	0.0845590640258	0.158019750898
-oia	0.780207478856	0.141048280722	0.0213420753434	0.0574021650784
-oku	0.189415973303	0.481867359363	0.207714644353	0.121002022981
-dek	0.0770108385624	0.913291500285	0.00798630918427	0.00171135196806
-400	0.465753424658	0.219178082192	0.0	0.315068493151
-ima	0.0385546084947	0.0550960704998	0.00650101126842	0.899848309737
-oko	0.354007328666	0.509624024487	0.0491027338309	0.0872659130158
-des	0.0	0.847826086957	0.116600790514	0.0355731225296
-oki	0.0345019476906	0.949916527546	0.00667779632721	0.00890372843629
-kim	0.0	1.0	0.0	0.0
-oke	0.759650400583	0.179169701384	0.0174799708667	0.0436999271668
-twa	0.7875	0.05625	0.075	0.08125
-oka	0.218849840256	0.64696485623	0.0670926517572	0.0670926517572
-imo	0.0	1.0	0.0	0.0
-ida	0.102702702703	0.897297297297	0.0	0.0
-bia	0.0528967254408	0.909319899244	0.00755667506296	0.0302267002519
-eja	0.0028372148008	0.993143397565	0.00260078023407	0.0014186074004
-100	0.151124113333	0.284935679077	0.194766160382	0.369174047209
-uta	0.0534801645217	0.544625182433	0.366437574632	0.0354570784132
-ria	0.202462153566	0.124052361525	0.0390175452363	0.634467939673
-rin	0.021978021978	0.961538461538	0.0164835164835	0.0
-rio	0.0178372352285	0.652173913043	0.329988851728	0.0
-ril	0.0	0.230084116774	0.769915883226	0.0
-uti	0.126508369015	0.855975087583	0.0151810042818	0.00233553912028
-rik	0.0384882108183	0.593619972261	0.354368932039	0.0135228848821
-ras	0.0982314831028	0.859244065338	0.0150086299622	0.0275158215974
-tea	0.758609773489	0.0666721467228	0.0498595894928	0.124858490295
-rit	0.0240384615385	0.975961538462	0.0	0.0
-ris	0.0456211812627	0.526680244399	0.405702647658	0.0219959266802
-tem	0.0733197556008	0.266802443992	0.659877800407	0.0
-ten	0.104651162791	0.860465116279	0.0348837209302	0.0
-are	0.077284928077	0.875720738188	0.0156326895606	0.031361644174
-ara	0.341481149453	0.178936717177	0.0432648348196	0.436317298551
-mes	0.0542168674699	0.94578313253	0.0	0.0
-mer	0.0727272727273	0.836363636364	0.0545454545455	0.0363636363636
-aro	0.190224225016	0.665581707004	0.106033928486	0.0381601394942
-ari	0.256154658497	0.541538686803	0.0704981544716	0.131808500228
-jia	0.0	0.968421052632	0.0315789473684	0.0
-aru	0.217345570481	0.136431621273	0.065909342173	0.580313466073
-luk	0.012987012987	0.961038961039	0.0	0.025974025974
-mea	0.287223094142	0.17472405897	0.0222553837446	0.515797463144
-lun	0.0121703853955	0.963488843813	0.0243407707911	0.0
-mel	0.0267857142857	0.973214285714	0.0	0.0
-jiu	0.0292297028071	0.836740233741	0.114126720214	0.0199033432382
-jip	0.005330964016	0.92669924478	0.065304309196	0.002665482008
-rai	0.202866316074	0.0407534271599	0.0234926584329	0.732887598333
-wul	0.0	0.983870967742	0.0161290322581	0.0
-suu	0.265320095858	0.622275476435	0.0601962798129	0.0522081478946
-umu	0.348758394279	0.28530379925	0.234198744871	0.1317390616
-ota	0.339849254358	0.455501888055	0.0805726903178	0.124076167269
-ija	0.0540540540541	0.837837837838	0.108108108108	0.0
-oti	0.099323683459	0.847922942942	0.0294682186686	0.0232851549301
-oam	0.0	0.975384615385	0.0	0.0246153846154
-oto	0.130122198564	0.427604938591	0.272598760369	0.169674102476
-uma	0.046035920794	0.886908505959	0.00885748026856	0.0581980929782
-nua	0.332965090796	0.47591010309	0.0137695643546	0.177355241759
-umi	0.688942891859	0.196233292831	0.11482381531	0.0
-ako	0.225465857333	0.28332610611	0.279890434144	0.211317602413
ALL	0.221447340412	0.288991175935	0.0541669611354	0.435394522517
-nai	0.2080614157	0.0729711744821	0.0387874416801	0.680179968138
-nan	0.0	1.0	0.0	0.0
-nao	0.0322054626988	0.839074602528	0.0263962494904	0.102323685283
-aki	0.263963637648	0.148156810555	0.121385633335	0.466493918462
-nam	0.0	1.0	0.0	0.0
-sis	0.0387725482065	0.929815467551	0.0202156334232	0.011196350819
-ake	0.0358242512156	0.0122796871341	0.00294411860071	0.94895194305
-naa	0.214390486198	0.0906264233226	0.00602502537325	0.688958065106
-kin	0.0	1.0	0.0	0.0
-aka	0.0830409390462	0.120952813448	0.013530854369	0.782475393136
-nae	0.183805668016	0.75060728745	0.0145748987854	0.051012145749
-kis	0.0231825626811	0.96673806224	0.0100793750788	0.0
-rao	0.371749345751	0.169500645484	0.00800612665729	0.450743882108
-sio	0.313600731184	0.199089534925	0.0638028614617	0.423506872429
-sin	0.0763658171944	0.913241427026	0.00799442752285	0.00239832825685
-kiu	0.508843967151	0.466519267214	0.0142135186355	0.0104232469994
-nas	0.0199468085106	0.976063829787	0.00398936170213	0.0
-aku	0.103031446258	0.39455339304	0.0523230773461	0.450092083356
-nau	0.183672195458	0.036266296164	0.0240825754613	0.755978932916
-goi	0.611562350693	0.203376333811	0.0844083452779	0.100652970218
-mos	0.0210526315789	0.957894736842	0.0105263157895	0.0105263157895
-gol	0.00142483970553	0.797197815246	0.201377345049	0.0
-goo	0.941504178273	0.033426183844	0.025069637883	0.0
-gon	0.0	1.0	0.0	0.0
-goa	0.859299011738	0.114299163204	0.00559261960632	0.0208092054519
-amu	0.200634286786	0.152152069482	0.0424222181765	0.604791425556
-uts	0.0	0.575342465753	0.424657534247	0.0
-goe	0.0967213114754	0.755737704918	0.0	0.147540983607
-god	0.0319155985601	0.906041205853	0.00523549508338	0.056807700503
-gog	0.0	0.980198019802	0.019801980198	0.0
-las	0.028920468711	0.966591872351	0.00149588631264	0.00299177262528
-moa	0.0645161290322	0.935483870968	0.0	0.0
-mon	0.0116522258739	0.986779205258	0.0	0.00156856886764
-ami	0.174248578761	0.139084994717	0.0433213800559	0.643345046466
-nuu	0.142292490119	0.354940711462	0.502766798419	0.0
-ofu	0.272033876388	0.570838783153	0.0543350930967	0.102792247362
-mfa	0.0	1.0	0.0	0.0
-bet	0.0122033898305	0.926779661017	0.00813559322033	0.0528813559322
-eon	0.0581804567578	0.856907525271	0.0849120179708	0.0
-ben	0.0	1.0	0.0	0.0
-beo	0.0	1.0	0.0	0.0
-bel	0.119616866278	0.820574700583	0.0	0.0598084331389
-ofi	0.672416176979	0.205150362945	0.0737988247494	0.0486346353266
-ofe	0.267299236288	0.40407313122	0.305484841472	0.0231427910206
-ofa	0.186268458531	0.661914249155	0.0878691227221	0.0639481695915
-iso	0.0119047619048	0.97619047619	0.0	0.0119047619048
-upu	0.257147386949	0.414409852544	0.0978168491532	0.230625911354
-pol	0.0355844367267	0.949580800955	0.00213669416106	0.0126980681571
-isi	0.450039856852	0.393277077639	0.0603618931307	0.0963211723783
-ish	0.0	0.96	0.04	0.0
-rea	0.932541237463	0.0376280075655	0.0077614594558	0.0220692955157
-isa	0.314425770308	0.525910364146	0.102941176471	0.0567226890756
-upe	0.820133962249	0.118413964237	0.0104352577666	0.0510168157478
-eva	0.0	1.0	0.0	0.0
-upa	0.271397696495	0.0903236396465	0.555549476103	0.0827291877548
-res	0.0212765957447	0.978723404255	0.0	0.0
-isu	0.511233960542	0.25445047421	0.225186387381	0.00912917786682
-ist	0.0200573065903	0.957020057307	0.0229226361031	0.0
-ret	0.0207709000723	0.973028831249	0.00372016120699	0.00248010747133
-reu	0.0	1.0	0.0	0.0
-hab	0.0655021834061	0.934497816594	0.0	0.0
-mas	0.0274273176083	0.951819345401	0.00932528798683	0.0114280490035
-ena	0.248381343361	0.240138730066	0.0384825846862	0.472997341886
-mau	0.561403508772	0.175438596491	0.228070175439	0.0350877192982
-ham	0.0202271783841	0.96097965961	0.0183403147289	0.000452847277255
-hap	0.0178571428571	0.928571428571	0.0535714285714	0.0
-mak	0.0350877192982	0.960526315789	0.0	0.00438596491228
-has	0.0	1.0	0.0	0.0
-mam	0.0	1.0	0.0	0.0
-mao	0.51908773597	0.377569854352	0.0463259077868	0.0570165018914
-man	0.0296438883542	0.703561116458	0.266794995188	0.0
-maa	0.148496240601	0.772556390978	0.0451127819549	0.0338345864662
-mae	0.501001809393	0.220180996686	0.217158459081	0.0616587348393
-kii	0.0	1.0	0.0	0.0
-uni	0.0833619841961	0.530518452238	0.0416109777439	0.344508585822
-una	0.115499510515	0.659046183387	0.177495839371	0.0479584667273
-efe	0.0140378241373	0.935659972704	0.0304152856307	0.0198869175278
-unu	0.369040103004	0.550574924064	0.0459342702467	0.034450702685
-nki	0.0158319870759	0.981152396338	0.0	0.00301561658589
-gae	0.0	1.0	0.0	0.0
-gad	0.0	1.0	0.0	0.0
-tra	0.0	1.0	0.0	0.0
-ika	0.214368007042	0.565438768333	0.0438833057894	0.176309918835
-gaa	0.0679445718914	0.0331209714597	0.00953568031594	0.889398776333
-ofo	0.716129032258	0.116129032258	0.148387096774	0.0193548387097
-tri	0.248076923077	0.309615384615	0.321153846154	0.121153846154
-gai	0.133183103506	0.103287640563	0.0494960356352	0.714033220296
-oqo	0.189070861034	0.748986541268	0.0295119182747	0.0324306794227
-aau	0.45474231269	0.155478562148	0.108271979212	0.281507145951
-gau	0.254292977356	0.127319085005	0.0695642370276	0.548823700611
-lan	0.076677316294	0.808306709265	0.0	0.115015974441
-oqa	0.366753140716	0.557080443883	0.0391186551963	0.037047760205
-ini	0.169999859398	0.620878130879	0.0830841542967	0.126037855426
-sem	0.0	1.0	0.0	0.0
-sek	0.0	1.0	0.0	0.0
-sei	0.276723453085	0.402859917027	0.0397210698208	0.280695560067
-ino	0.227642276423	0.691056910569	0.0813008130081	0.0
-sef	0.0774193548387	0.893548387097	0.0193548387097	0.00967741935483
-fea	0.308792438751	0.0848185941785	0.0303052121038	0.576083754966
-sea	0.103575832306	0.80271270037	0.078914919852	0.0147965474722
-800	0.0	0.335877862595	0.0	0.664122137405
-iki	0.094985923046	0.243598337579	0.573937525137	0.0874782142379
-uin	0.0	1.0	0.0	0.0
-uia	0.541660198817	0.217596070859	0.0415856891831	0.199158041142
-ins	0.091697516982	0.764891764407	0.0129167675789	0.130493951032
-int	0.020226785167	0.934416181428	0.0306466441925	0.0147103892124
-sep	0.0263281617301	0.968030089328	0.00376116596145	0.00188058298072
-ous	0.0	1.0	0.0	0.0
-eda	0.0124688279302	0.982543640898	0.00498753117207	0.0
-kus	0.0223880597015	0.955223880597	0.0223880597015	0.0
-fua	0.493665446884	0.343881681082	0.0980677533821	0.0643851186516
-iam	0.0441501103753	0.880794701987	0.0573951434878	0.0176600441501
-edi	0.0	0.992248062015	0.0	0.00775193798451
-nes	0.0373831775701	0.96261682243	0.0	0.0
-fui	0.138671231975	0.119180878383	0.0971883848028	0.64495950484
-iau	0.416774615443	0.185102439203	0.055257599614	0.34286534574
-aoa	0.088647984727	0.821635982537	0.0758314086218	0.0138846241139
-fuu	0.00470875479595	0.0251133589118	0.901464945937	0.0687129403558
-kua	0.576499405558	0.212464487669	0.0484875081207	0.162548598652
-kum	0.0677966101695	0.898305084746	0.0	0.0338983050847
-aoo	0.042334534857	0.898305084746	0.0510775366209	0.00828284377635
-aon	0.0	0.698113207547	0.301886792453	0.0
-kui	0.376511528507	0.139127932609	0.0278402264306	0.456520312453
-aol	0.0	1.0	0.0	0.0
-eka	0.109623183329	0.612751191639	0.181424200386	0.0962014246452
-eke	0.622460852439	0.257415123407	0.0382212804129	0.0819027437419
-eki	0.0	1.0	0.0	0.0
-hoi	0.0231201508263	0.0306731926829	0.00194857734907	0.944258079142
-uua	0.041567695962	0.945368171021	0.00237529691212	0.0106888361045
-hos	0.0219566993464	0.960682189542	0.015318627451	0.00204248366013
-jon	0.0120270431603	0.950711231578	0.00977197256772	0.0274897526939
-eku	0.039231938113	0.513744992402	0.05055946954	0.396463599945
-iru	0.252114883678	0.666458239284	0.0444146602026	0.0370122168355
-uut	0.105603448276	0.773706896552	0.120689655172	0.0
-bat	0.00620475698035	0.967735263702	0.0161323681489	0.00992761116857
-bas	0.0260437642637	0.960665861189	0.00886024969794	0.00443012484898
-job	0.0	0.898305084746	0.0677966101695	0.0338983050847
-dru	0.0	0.997187060478	0.0	0.0028129395218
-pet	0.198675496689	0.801324503311	0.0	0.0
-ase	0.0	1.0	0.0	0.0
-asa	0.225540310286	0.24118913102	0.148596538427	0.384674020267
-aso	0.0	1.0	0.0	0.0
-rem	0.0	1.0	0.0	0.0
-asi	0.464275167783	0.388089557038	0.039985204459	0.10765007072
-oru	0.0622570538288	0.133435390956	0.366744828335	0.437562726881
-mba	0.258657243816	0.665724381625	0.0671378091873	0.00848056537103
-asu	0.533893149565	0.382034686001	0.0578432448066	0.0262289196278
-usu	0.376765952955	0.416474603705	0.0694945372016	0.137264906138
-iwa	0.157065735341	0.0730546766737	0.163502855642	0.606376732343
-lta	0.0	0.961538461538	0.0	0.0384615384615
-430	0.301369863014	0.0616438356164	0.0	0.63698630137
-rau	0.333570098033	0.383045530294	0.0321955667462	0.251188804927
-eru	0.0652557319224	0.586713697825	0.245737801293	0.102292768959
-ran	0.0776699029126	0.922330097087	0.0	0.0
-eri	0.0230642504119	0.79373970346	0.00197693574959	0.181219110379
-ral	0.0	0.763157894737	0.236842105263	0.0
-ram	0.0	1.0	0.0	0.0
-rak	0.0	1.0	0.0	0.0
-ero	0.210843373494	0.73752151463	0.00860585197934	0.0430292598967
-era	0.333337770439	0.276507271955	0.223056409979	0.167098547627
-iwi	0.0	0.539568345324	0.460431654676	0.0
-rae	0.420529801325	0.364238410596	0.149006622517	0.0662251655629
-iwo	0.138461538462	0.830769230769	0.0307692307692	0.0
-ere	0.267670892024	0.290507573918	0.258208819226	0.183612714832
-raa	0.365764988601	0.458253743299	0.0672869554501	0.10869431265
-ugu	0.254107338445	0.647316538883	0.065717415115	0.0328587075575
-uga	0.337514054766	0.213241867041	0.395434898911	0.0538091792821
-ugo	0.239061183589	0.560213141346	0.084607975334	0.116117699731
-ugi	0.548929913413	0.262375428851	0.0416598595001	0.147034798236
-lae	0.0	1.0	0.0	0.0
-500	0.285140562249	0.321285140562	0.10843373494	0.285140562249
-iko	0.00597014925373	0.994029850746	0.0	0.0
-lam	0.129616724739	0.845296167247	0.0250871080139	0.0
-oui	0.0545454545454	0.909090909091	0.0	0.0363636363636
-nos	0.0392156862745	0.960784313725	0.0	0.0
-oum	0.0	0.769230769231	0.0769230769231	0.153846153846
-lak	0.0461347664324	0.953865233568	0.0	0.0
-lat	0.0392852616905	0.906729185148	0.0319351159549	0.0220504372069
-noi	0.737288135593	0.194915254237	0.0	0.0677966101695
-iku	0.232767710499	0.513582537485	0.0513430011635	0.202306750853
-fos	0.0	1.0	0.0	0.0
-iks	0.0987654320988	0.865961199295	0.0229276895943	0.0123456790124
-non	0.0	0.962264150943	0.0377358490566	0.0
-out	0.0512820512821	0.307692307692	0.0	0.641025641026
-noa	0.15112487584	0.817005252384	0.023131358547	0.00873851322887
-rep	0.0533937271446	0.930177433734	0.0164288391214	0.0
-aho	0.0	1.0	0.0	0.0
-bol	0.125401192114	0.864282439248	0.0103163686382	0.0
-gea	0.852637914197	0.10208716586	0.00987940314778	0.035395516795
-gee	0.1	0.514285714286	0.371428571429	0.0142857142857
-don	0.0	0.969279532622	0.030720467378	0.0
-dol	0.0859872611465	0.875796178344	0.0382165605095	0.0
-dom	0.0198608046172	0.942624342217	0.0331013410287	0.00441351213715
-dok	0.0	1.0	0.0	0.0
-sas	0.0144778369011	0.813595284524	0.00264841724274	0.169278461332
-toa	0.367424623307	0.46510458685	0.0762316526147	0.0912391372286
-ton	0.0163043478261	0.869565217391	0.0326086956522	0.0815217391304
-tom	0.0868528610354	0.674727520436	0.146457765668	0.091961852861
-lfa	0.0773085182534	0.871152469578	0.0515390121689	0.0
-tou	0.22258953168	0.69696969697	0.0539944903581	0.0264462809917
-ibi	0.149253731343	0.850746268657	0.0	0.0
-olo	0.110545454545	0.668363636364	0.176872727273	0.0442181818182
-sak	0.0	0.997923156802	0.00207684319834	0.0
-sam	0.0271800679502	0.959229898075	0.00339750849377	0.0101925254813
-ngu	0.657310062665	0.210834325962	0.0531358433891	0.0787197679839
-lon	0.0388994691843	0.795291543417	0.0279589934763	0.137849993922
-lok	0.0	1.0	0.0	0.0
-ros	0.0474452554745	0.911496350365	0.00958029197081	0.0314781021898
-rod	0.0196368368132	0.916129413852	0.0470810906725	0.0171526586621
-roa	0.341186468259	0.492921330031	0.11888187752	0.0470103241905
-rom	0.0481492167154	0.747015990508	0.179489580089	0.0253452126877
-ron	0.0537439613527	0.906400966184	0.0398550724638	0.0
-roi	0.655479452055	0.171917808219	0.0705479452055	0.10205479452
-ipi	0.245353159851	0.524163568773	0.0148698884758	0.2156133829
-ipa	0.0417648559807	0.940110772556	0.00709214535521	0.0110322261081
-ewo	0.295580110497	0.497928176796	0.0580110497238	0.148480662983
-mai	0.574286362214	0.019419815902	0.00604370225493	0.400250119629
-awi	0.482142857143	0.464285714286	0.0535714285714	0.0
-awo	0.394543301096	0.557457791106	0.0356453015015	0.0123536062966
-awa	0.661660016273	0.202140794804	0.053923457915	0.0822757310079
-awe	0.41910108334	0.340188046745	0.0913036486284	0.149407221286
-tia	0.202624361301	0.719012626041	0.0403009779384	0.0380620347196
-276	0.0	0.25	0.0	0.75
-200	0.0302491103203	0.53024911032	0.0782918149465	0.361209964413
-iok	0.0408537602135	0.935634483909	0.00100050025012	0.0225112556278
-lek	0.0	1.0	0.0	0.0
-ois	0.0383141762452	0.885057471264	0.0766283524904	0.0
-ion	0.0730858468678	0.904292343387	0.0191415313225	0.00348027842227
-lea	0.0	1.0	0.0	0.0
-mui	0.351433461454	0.140275800163	0.0196074108633	0.48868332752
-iua	0.450064294899	0.427346763823	0.0591513073296	0.0634376339477
-mus	0.0542168674698	0.650602409639	0.0361445783133	0.259036144578
-ios	0.113432835821	0.734328358209	0.0358208955224	0.116417910448
-iot	0.0	1.0	0.0	0.0
-fta	0.0	1.0	0.0	0.0
-ifa	0.170920909159	0.710707544008	0.0671007073481	0.0512708394849
-ifi	0.683937823834	0.261658031088	0.00777202072539	0.0466321243523
-giu	0.113458886783	0.856960760591	0.0221244829227	0.00745586970288
-git	0.0	1.0	0.0	0.0
-alo	0.0681818181818	0.897727272727	0.0	0.0340909090909
-ifu	0.299703264095	0.367952522255	0.0979228486647	0.234421364985
-ndo	0.27358490566	0.698113207547	0.0283018867925	0.0
-ali	0.00389420736655	0.9883173779	0.00778841473308	0.0
-nda	0.0	1.0	0.0	0.0
-gia	0.334503207099	0.179262513462	0.0480780067916	0.438156272647
-ala	0.0	1.0	0.0	0.0
-qoa	0.321086261981	0.584664536741	0.0846645367412	0.00958466453672
-120	0.0235294117647	0.294117647059	0.0	0.682352941177
-qoe	0.967391304348	0.0326086956521	0.0	0.0
-qoo	0.115177410366	0.86921790823	0.0133754412038	0.00222924020063
-qou	0.227583183349	0.205477871614	0.411878720753	0.155060224284
-iel	0.0302495114986	0.953968134676	0.00920637306479	0.00657598076056
-ped	0.0	1.0	0.0	0.0
-pea	0.71344031035	0.125583171027	0.10668266323	0.0542938553937
-pel	0.0	1.0	0.0	0.0
-pen	0.0666666666666	0.933333333333	0.0	0.0
-loi	0.0	0.980582524272	0.0	0.0194174757282
-ogu	0.649866190901	0.190157597383	0.0559024680345	0.104073743681
-ogi	0.466406036912	0.481771070097	0.027275206837	0.0245476861533
-eli	0.00635593220339	0.974576271186	0.00635593220338	0.0127118644068
-elo	0.421875	0.484375	0.09375	0.0
-ogo	0.282412428578	0.252791992207	0.116844758788	0.347950820427
-oga	0.478648534946	0.137668872887	0.0447824108837	0.338900181283
-ela	0.0	1.0	0.0	0.0
-oge	0.610866483328	0.347802902103	0.0123991843707	0.0289314301982
-ele	0.0394736842105	0.888157894737	0.0723684210526	0.0
-ito	0.031960150882	0.838068568865	0.0838953960652	0.0460758841882
-esi	0.239806421322	0.597674166637	0.135278062975	0.0272413490659
-iti	0.152027027027	0.704794079794	0.0651544401544	0.0780244530244
-esa	0.0	0.988151658768	0.0	0.0118483412322
-ite	0.481473214286	0.368080357143	0.0383928571429	0.112053571429
-ita	0.125435779058	0.681425941258	0.0490834611126	0.144054818571
-spa	0.0654761904762	0.875	0.047619047619	0.0119047619048
-faa	0.0	1.0	0.0	0.0
-bru	0.00921658986175	0.953917050691	0.0184331797235	0.0184331797235
-fai	0.105171075977	0.136401701671	0.0671926318743	0.691234590477
-fan	0.0	1.0	0.0	0.0
-666	0.0740740740741	0.0	0.0	0.925925925926
-fas	0.0635930047695	0.913619501855	0.0148383677796	0.00794912559619
-uda	0.030094582975	0.964746345658	0.0	0.00515907136715
-fat	0.0152788388083	0.984721161192	0.0	0.0
-fau	0.0593999924905	0.923553486276	0.00743438591221	0.00961213532084
-hum	0.0	1.0	0.0	0.0
-rim	0.0	1.0	0.0	0.0
-gua	0.0951534818706	0.377996332786	0.0511496699242	0.475700515419
-wou	0.0850320154211	0.861949032349	0.0132706298786	0.0397483223509
-uto	0.797849462366	0.189247311828	0.0	0.0129032258064
-woi	0.619616317333	0.00783028865545	0.000683574222934	0.371869819789
-woa	0.697202993994	0.166873364866	0.0199901444602	0.11593349668
-lot	0.026825633383	0.907600596125	0.0521609538003	0.0134128166915
-aea	0.0333337995403	0.940372126417	0.00601407012685	0.0202800039161
-tua	0.752112676056	0.171830985915	0.0760563380282	0.0
-koa	0.561785956895	0.182548014574	0.0475514111036	0.208114617427
-kob	0.000327314385467	0.993126397905	0.00327314385467	0.00327314385467
-kol	0.0625	0.9375	0.0	0.0
-koi	0.225488592689	0.427590154551	0.289884700303	0.0570365524572
-ael	0.0118538324421	0.968939393939	0.00614973262032	0.0130570409982
-aeo	0.314031180401	0.365256124722	0.146993318486	0.173719376392
-los	0.0217781500538	0.966255833433	0.00598300825656	0.00598300825656
-kou	0.523133867983	0.189389265885	0.213448488587	0.0740283775447
-kot	0.125707814269	0.830124575312	0.030577576444	0.0135900339751
-aes	0.00542601921864	0.964289907015	0.00317445804723	0.0271096157187
-ori	0.535840165566	0.319847170262	0.115561569689	0.0287510944838
-aet	0.0137032439454	0.945993097392	0.0338550732767	0.00644858538604
-kos	0.0126582278481	0.974683544304	0.0126582278481	0.0
-vae	0.0687534935718	0.903297931806	0.00782560089436	0.0201229737283
-ora	0.459350658873	0.274224446184	0.125188998942	0.141235896001
-ore	0.525647485071	0.361833342169	0.0380245450984	0.0744946276614
-rus	0.0	0.981784563031	0.0	0.0182154369695
-lip	0.0043626707132	0.993361153263	0.0	0.00227617602428
-omu	0.320370708964	0.486846916853	0.126388444485	0.0663939296979
-lis	0.0190409026798	0.875176304655	0.0	0.105782792666
-ruk	0.0	1.0	0.0	0.0
-lin	0.0447070914697	0.940390544707	0.0	0.0149023638232
-rui	0.330993881433	0.361740963546	0.0493598642604	0.25790529076
-oma	0.279512969825	0.530817514936	0.179686909173	0.00998260606518
-rua	0.285635628774	0.278947789494	0.0821660935548	0.353250488177
-lia	0.0	1.0	0.0	0.0
-ome	0.0	1.0	0.0	0.0
-eas	0.00535168195718	0.99120795107	0.00114678899083	0.00229357798165
-eau	0.479668452489	0.114737213408	0.0189015248466	0.386692809257
-144	0.0301507537689	0.0954773869346	0.0	0.874371859297
-eaa	0.375	0.625	0.0	0.0
-oda	0.0650406504065	0.90243902439	0.0	0.0325203252032
-gii	0.0658436213991	0.447530864198	0.194444444444	0.292181069959
-uri	0.214219994157	0.617644921515	0.051689017985	0.116446066343
-uro	0.106382978723	0.234042553192	0.659574468085	0.0
-ura	0.490455785287	0.160252704426	0.0497633360353	0.299528174252
-ehe	0.127659574468	0.617021276596	0.0	0.255319148936
-uru	0.237064767366	0.242307572545	0.179388936213	0.341238723876
-pai	0.647368421053	0.0315789473684	0.0578947368421	0.263157894737
-wau	0.188351240989	0.021249790192	0.0834586383924	0.706940330427
-dus	0.213114754098	0.655737704918	0.0327868852459	0.0983606557377
-pam	0.0117647058824	0.988235294118	0.0	0.0
-ape	0.281162431717	0.484986736739	0.160509595809	0.073341235734
-api	0.361111111111	0.402777777778	0.236111111111	0.0
-pad	0.1	0.9	0.0	0.0
-pae	0.00746887966807	0.977593360996	0.00497925311203	0.00995850622409
-wae	0.836653386454	0.0956175298804	0.0	0.0677290836653
-waa	0.0904605779052	0.748232695798	0.138032888292	0.0232738380047
-apu	0.171679143098	0.53878337773	0.205759514082	0.0837779650899
-wao	0.839800443459	0.160199556541	0.0	0.0
-pas	0.0465268563354	0.892540194034	0.0469748927298	0.0139580569006
-pat	0.060465116279	0.781395348837	0.0604651162791	0.0976744186046
-wai	0.0238435828005	0.936201934269	0.0286026850127	0.0113517979174
-kee	0.0313049983184	0.0297310456917	0.00745578359102	0.931508172399
-lus	0.0	0.968586387435	0.020942408377	0.0104712041885
-kea	0.751044430266	0.181148540906	0.017042408315	0.0507646205129
-nui	0.612979819159	0.175247980071	0.0472586179213	0.164513582849
-kem	0.0	1.0	0.0	0.0
-sus	0.0	0.900138696255	0.0998613037448	0.0
-sop	0.132743362832	0.70796460177	0.159292035398	0.0
-ket	0.0401658798675	0.917497111624	0.0325669296223	0.00977007888666
-sos	0.0634441087613	0.918429003021	0.0	0.0181268882175
-sui	0.53494171472	0.369301558419	0.0568780558046	0.0388786710563
-aen	0.013025073266	0.946452476573	0.0162813415826	0.0242411085785
-sua	0.459952349633	0.411470061719	0.0909451236776	0.03763246497
-dia	0.0214989430019	0.967598686397	0.0042545836491	0.00664778695173
-sol	0.0325880702912	0.925496343245	0.0253182371868	0.0165973492771
-son	0.0261096605744	0.963446475196	0.0104438642298	0.0
-dis	0.0401337792642	0.959866220736	0.0	0.0
-oro	0.200917823072	0.185098103563	0.275681514951	0.338302558414
-ved	0.00380334470608	0.979081604117	0.00268471391017	0.0144303372672
-uku	0.228957379457	0.650179256809	0.0727555875057	0.0481077762282
-ven	0.00520716739827	0.919767445633	0.070126431971	0.00489895499774
-afu	0.223853174605	0.361904556044	0.0647874796451	0.349454789706
-afi	0.453434862461	0.3868439594	0.111434408469	0.0482867696698
-uka	0.0995707255785	0.851952675113	0.0306774159774	0.0177991833316
-afa	0.0811757685415	0.701171791698	0.117860357543	0.0997920822168
-nna	0.0334325867687	0.937068071965	0.0	0.0294993412665
-afe	0.515009895897	0.422179072522	0.0193644567391	0.0434465748422
-tiu	0.0709146968139	0.922918807811	0.00616649537514	0.0
-qao	0.441173912133	0.244457336007	0.154774968025	0.159593783835
-men	0.0195674312594	0.120265748509	0.00557683914456	0.854589981087
-qai	0.105089731889	0.0218468741673	0.00392920585372	0.869134188089
-efa	0.134562152082	0.169151840141	0.0586017899877	0.63768421779
-tis	0.0181936322287	0.970110461339	0.0116959064327	0.0
-qaa	0.522172805181	0.39912650887	0.0412241688301	0.0374765171183
-efi	0.457627118644	0.35593220339	0.135593220339	0.0508474576271
-nga	0.173733670204	0.305512967096	0.0448987490997	0.4758546136
-aia	0.2682281874	0.0892378655901	0.0179691730846	0.624564773925
-mek	0.0	1.0	0.0	0.0
-qau	0.367156630315	0.345661450925	0.0303461356093	0.256835783152
-ngi	0.36396751244	0.440395686485	0.0927576425735	0.102879158501
-tin	0.0427046263345	0.886120996441	0.0284697508897	0.0427046263345
-ngo	0.526600590245	0.321796144754	0.106303145536	0.0453001194647
-ema	0.0	0.996721311475	0.00327868852459	0.0
-uwa	0.641596098594	0.205447603206	0.0134961439589	0.139460154242
-emi	0.379310344828	0.137931034483	0.258620689655	0.224137931034
-emu	0.182621288921	0.684431571325	0.0443157132513	0.0886314265026
-das	0.0651957295374	0.900071174377	0.00170818505338	0.033024911032
-mwo	0.165515696149	0.300878355134	0.484263533639	0.0493424150785
-set	0.0	1.0	0.0	0.0
-ana	0.0980872668073	0.264592111122	0.0486621373592	0.588658484711
-ses	0.476744186047	0.302325581395	0.174418604651	0.046511627907
-dan	0.00529100529101	0.994708994709	0.0	0.0
-kta	0.0135593220339	0.966101694915	0.0203389830508	0.0
-000	0.15203028072	0.323917385462	0.0357267122774	0.488325621541
-eta	0.141116021111	0.751585229174	0.0317375582312	0.0755611914832
-jel	0.00892763365193	0.97481006897	0.00789482897455	0.00836746840319
-ruu	0.202898550725	0.739130434783	0.0193236714976	0.0386473429951
-ete	0.037161158953	0.886819666568	0.0165443515887	0.0594748228906
-eti	0.368670886076	0.498417721519	0.0427215189874	0.0901898734177
-ank	0.0736842105263	0.889473684211	0.0	0.0368421052632
-bul	0.0758277866711	0.924172213329	0.0	0.0
-lim	0.0	0.962264150943	0.0377358490566	0.0
-aot	0.421970468432	0.453920570265	0.0992871690428	0.0248217922607
-omi	0.403466483012	0.448461891644	0.12741046832	0.0206611570248
-kau	0.073512573949	0.0464912077945	0.0188055172322	0.861190701024
-300	0.0	0.627272727273	0.245454545455	0.127272727273
-lio	0.0	1.0	0.0	0.0
-ata	0.249611446796	0.274382258568	0.104962903459	0.371043391177
-ato	0.223327913638	0.0675756730221	0.0499542282785	0.659142185061
-ati	0.260619977038	0.670493685419	0.0	0.068886337543
-nis	0.0132890365448	0.93023255814	0.0265780730897	0.0299003322259
-kai	0.305838586544	0.0867427030973	0.02637869272	0.581040017639
-ian	0.139146567718	0.794063079778	0.0667903525046	0.0
-osa	0.00933852140078	0.915953307393	0.0747081712062	0.0
-niu	0.400462962963	0.338675213675	0.167556980057	0.0933048433048
-kaa	0.244687523595	0.0270447621971	0.00557371996365	0.722693994244
-osi	0.155933293948	0.738752113346	0.0538304501433	0.0514841425629
-osu	0.4	0.08	0.48	0.04
-nia	0.270901395208	0.0854701049548	0.0232532617478	0.620375238089
-kas	0.0440112540193	0.912178456592	0.0108520900322	0.0329581993569
-nii	0.386160714286	0.529017857143	0.0580357142857	0.0267857142857
-lif	0.0658609213523	0.841653529515	0.0851287440883	0.00735680504468
-mua	0.821705426357	0.178294573643	0.0	0.0
-nim	0.841951219512	0.128780487805	0.0	0.0292682926829
-fis	0.433628318584	0.513274336283	0.0176991150442	0.0353982300885
-fiu	0.0424328147101	0.910496365251	0.0388145126805	0.0082563073583
-ate	0.357963719252	0.520087377719	0.0410295374679	0.0809193655618
-fio	0.146739130435	0.646739130435	0.0978260869565	0.108695652174
-fia	0.566936643087	0.298519529073	0.0689270815949	0.0656167462449
-fig	0.0589318600368	0.917127071823	0.02394106814	0.0
-vin	0.101346961757	0.83329724111	0.0116938802027	0.0536619169301
-ias	0.0332762745422	0.947646840455	0.0113430127042	0.00773387229829
-ila	0.0174418604651	0.973166368515	0.00402504472272	0.00536672629695
-ilo	0.157434402332	0.790087463557	0.0	0.0524781341107
-ili	0.00799128653793	0.96619981768	0.017284856808	0.0085240389738
-iga	0.019118274661	0.0365273847828	0.0212927822793	0.923061558277
-ina	0.0427949004587	0.102750064754	0.0136659787375	0.84078905605
-eba	0.0617088607595	0.93829113924	0.0	0.0
-igi	0.245427137818	0.183757841685	0.0639854174159	0.506829603082
-igo	0.251800483429	0.173159580442	0.0409641994064	0.534075736723
-ebe	0.0350877192982	0.960526315789	0.00438596491228	0.0
-qea	0.053662636581	0.866813215233	0.0698260813344	0.00969806685199
-amo	0.036036036036	0.855855855856	0.108108108108	0.0
-ama	0.0774780866945	0.80989719282	0.0845556697005	0.0280690507852
-oau	0.705248760472	0.139681996923	0.05436826808	0.100700974526
-nea	0.49	0.33	0.18	0.0
-oas	0.0139534883721	0.986046511628	0.0	0.0
-lva	0.00393184796855	0.94495412844	0.043250327654	0.00786369593709
-usi	0.383462958453	0.479568137296	0.0681304735044	0.0688384307474
-iro	0.266055045871	0.634938837921	0.059633027523	0.039373088685
-iri	0.595257082485	0.278076311528	0.0385219393717	0.0881446666158
-ein	0.00845785170566	0.966168593177	0.00845785170568	0.0169157034113
-gus	0.0	1.0	0.0	0.0
-usa	0.0344827586207	0.931034482759	0.0344827586207	0.0
-ira	0.317873863251	0.169226758394	0.0574764624734	0.455422915881
-gui	0.298194945848	0.0750902527075	0.0173285198556	0.609386281589
-kao	0.0273588955795	0.0454780647806	0.0876799676194	0.839483072021
-eis	0.064935064935	0.935064935065	0.0	0.0
-gue	0.86119873817	0.119873817035	0.0189274447949	0.0
-aqo	0.0555555555556	0.916666666667	0.0277777777778	0.0
-epa	0.0737515308205	0.85440195945	0.0661314464553	0.00571506327392
-tap	0.0	1.0	0.0	0.0
-aqa	0.194457896179	0.735726174886	0.0437376260678	0.0260783028667
-aef	0.719901719902	0.257985257985	0.022113022113	0.0
-pia	0.667467663662	0.295245702472	0.0295339674187	0.00775266644741
-bae	0.0585516178736	0.86594761171	0.0	0.075500770416
-wik	0.119402985075	0.484500574053	0.0172215843858	0.378874856487
-ius	0.072072072072	0.927927927928	0.0	0.0
-ium	0.0816326530612	0.877551020408	0.0408163265306	0.0
-piu	0.00794942003425	0.0214092982571	0.00619712852132	0.964444153187
-nok	0.173174872665	0.796264855688	0.0101867572156	0.0203735144312
-wit	0.0969465648855	0.869465648855	0.00992366412215	0.0236641221374
-iud	0.0	0.960273972603	0.0150684931507	0.0246575342466
-uel	0.0622478386167	0.917002881844	0.00691642651295	0.0138328530259
-owa	0.0523560209424	0.801047120419	0.0837696335079	0.0628272251309
-sda	0.0217391304348	0.95652173913	0.0	0.0217391304348
-agu	0.261737487281	0.328310480159	0.398614273947	0.0113377586123
-agi	0.307762618096	0.496176820387	0.157633664293	0.0384268972245
-ago	0.159073944311	0.161950655432	0.163881437212	0.515093963045
-aga	0.325804453357	0.385898187176	0.201285023916	0.0870123355513
-ens	0.036253776435	0.963746223565	0.0	0.0
-age	0.417530539219	0.331390712255	0.204355170269	0.0467235782579
-ege	0.737608869945	0.0890694917461	0.025080346191	0.148241292117
-one	0.149825106879	0.699086669258	0.0981344733775	0.0529537504858
-ant	0.015873015873	0.833333333333	0.150793650794	0.0
-anu	0.517811455782	0.239016046067	0.025569664914	0.217602833236
-ega	0.239315942454	0.603987653295	0.0625417649487	0.0941546393025
-ona	0.0673546089592	0.507817097849	0.0749086439362	0.349919649256
-ego	0.668858876017	0.20775337037	0.0244344221442	0.0989533314693
-ono	0.519927940649	0.277839510531	0.0497652034651	0.152467345355
-rti	0.0714285714286	0.928571428571	0.0	0.0
-egi	0.723082199759	0.212436742037	0.0358127434865	0.0286683147173
-oni	0.304089363883	0.569382500751	0.0631815851956	0.06334655017
-450	0.051724137931	0.120689655172	0.051724137931	0.775862068966
-dam	0.0326436781609	0.916781609195	0.00413793103448	0.0464367816092
-egu	0.0257999854511	0.965600019398	0.00859999515038	0.0
-onu	0.382388911537	0.144164844532	0.446985138791	0.0264611051403
-ane	0.0582850101358	0.586087677587	0.0469685896024	0.308658722675
-tha	0.0	1.0	0.0	0.0
-ani	0.252548177201	0.252480066846	0.0847876810519	0.4101840749
-kat	0.0	1.0	0.0	0.0
-mwa	0.208005997697	0.0430897259157	0.0434885954556	0.705415680931
-ano	0.00675965118539	0.967828438468	0.0169387574093	0.00847315293758
-tam	0.0	1.0	0.0	0.0
-tan	0.0684719535783	0.920954223082	0.00941328175371	0.00116054158608
-tao	0.539476778444	0.114296450129	0.0294064673921	0.316820304035
-tai	0.0782245628604	0.274582156003	0.0709916778717	0.576201603265
-taa	0.130766661225	0.111344667953	0.0130312241368	0.744857446685
-qiu	0.375	0.0416666666667	0.546875	0.0364583333333
-tat	0.0188618236689	0.949378458001	0.0301789178702	0.00158080045987
-tau	0.421911517108	0.268414350112	0.106126620473	0.203547512307
-aal	0.193548387097	0.733870967742	0.0483870967742	0.024193548387
-tas	0.0549132947977	0.917296576256	0.0124499777679	0.0153401511783
-mia	0.680895219368	0.212845629734	0.033548981574	0.0727101693249
-tus	0.0470505617978	0.922986891386	0.00819288389513	0.0217696629214
-min	0.00770712909443	0.984585741811	0.00770712909443	0.0
-mis	0.00939702427565	0.967110415035	0.0187940485513	0.00469851213782
-eno	0.0950226244344	0.579185520362	0.325791855204	0.0
-miu	0.10807401766	0.36679941832	0.0466421479988	0.478484416021
-eni	0.173957592318	0.552187060936	0.14267312268	0.131182224066
-ene	0.0176987133387	0.735970977136	0.0208673037076	0.225463005817
-igu	0.652073732719	0.0414746543778	0.282258064516	0.0241935483871
-oel	0.0439759877147	0.879240541672	0.0711992182047	0.00558425240821
