-sis	0.0	0.958333333333	0.0416666666667	0.0
-kgɨ	0.452830188679	0.443396226415	0.103773584906	0.0
-ua'	0.492256130524	0.343519589146	0.0640551559473	0.100169124382
-ɨmo	0.694797745524	0.223203152277	0.0144645618235	0.0675345403761
-eus	0.0	1.0	0.0	0.0
-ɨmu	0.522875816994	0.279411764706	0.0882352941176	0.109477124183
-pu'	0.432731729183	0.233092742048	0.0831836007533	0.250991928016
-700	0.45652173913	0.304347826087	0.0217391304348	0.217391304348
-rbe	0.0465116279069	0.948837209302	0.00465116279069	0.0
-rbi	0.109090909091	0.890909090909	0.0	0.0
-rbo	0.410901467505	0.381551362683	0.125786163522	0.0817610062893
-'ba	0.248500428449	0.700085689803	0.0	0.0514138817481
-auu	0.0	0.98	0.02	0.0
-gup	0.0990799716915	0.791224345364	0.0690021231423	0.0406935598019
-biñ	0.298469387755	0.683673469388	0.0127551020408	0.00510204081633
-'bi	0.266666666667	0.693333333333	0.04	0.0
-kɨñ	0.718061674009	0.132158590308	0.0969162995595	0.0528634361233
-'jɨ	0.230270268652	0.468982128796	0.0828590333562	0.217888569196
-iob	0.307467057101	0.564771786874	0.0469157807626	0.0808453752627
-jɨñ	0.340525803311	0.282687439143	0.134138266797	0.24264849075
-gɨ'	0.269198664441	0.431343906511	0.156510851419	0.142946577629
-aum	0.00664206642066	0.993357933579	0.0	0.0
-nsa	0.512880562061	0.346604215457	0.140515222482	0.0
-nsɨ	0.155172413793	0.810344827586	0.0	0.0344827586207
-put	0.363896848137	0.406876790831	0.0916905444126	0.137535816619
-pup	0.456172521127	0.164098383035	0.119865289108	0.25986380673
-pur	0.226202399406	0.342930751286	0.182821412833	0.248045436475
-nta	0.655172413793	0.103448275862	0.206896551724	0.0344827586207
-a'ñ	0.463945341416	0.338439193127	0.0558887471381	0.141726718319
-uam	0.153259863536	0.313073086817	0.406432899748	0.127234149898
-kia	0.327272727273	0.4	0.109090909091	0.163636363636
-uan	0.218553172946	0.700894183685	0.0322845940639	0.0482680493046
-oil	0.178217821782	0.688118811881	0.0742574257426	0.0594059405941
-uap	0.791394148021	0.0268502581756	0.147676419966	0.0340791738382
-pak	0.316424231265	0.376615724544	0.208138464371	0.0988215798195
-riñ	0.209470951571	0.214483931609	0.0	0.57604511682
-ɨji	0.822835499662	0.167707345718	0.00189143092406	0.00756572369623
-uax	0.374548736462	0.410649819495	0.166064981949	0.0487364620938
-pun	0.68023255814	0.31976744186	0.0	0.0
-leg	0.0	1.0	0.0	0.0
-pui	0.228794970334	0.506461229989	0.0368790750714	0.227864724606
-puk	0.332878953108	0.380043620502	0.0648854961832	0.222191930207
-pra	0.829357798165	0.115596330275	0.0550458715596	0.0
-muu	0.6287467426	0.16145560906	0.103537811637	0.106259836702
-gɨx	0.0	0.956395348837	0.0436046511628	0.0
-ɨch	0.269376181474	0.482514177694	0.0729734237741	0.175136217058
-gɨt	0.307006198204	0.187555224509	0.0544851851992	0.450953392088
-dhi	0.0784687387317	0.0777620134604	0.0212067533572	0.822562494451
-dɨɨ	0.385714285714	0.614285714286	0.0	0.0
-gɨm	0.220242632975	0.392069698802	0.150974617162	0.236713051061
-mtɨ	0.457983193277	0.334033613445	0.0693277310924	0.138655462185
-'ra	0.666355394732	0.250379362671	0.0190654060153	0.0641998365822
-gɨi	0.473218001942	0.298267894686	0.0795082229646	0.149005880407
-gɨk	0.596443100951	0.247748598778	0.0622163444382	0.0935919558327
-bui	0.240350636457	0.163717075066	0.0466218901497	0.549310398328
-tkɨ	0.147572940925	0.669958711542	0.163821947056	0.0186464004779
-opa	0.981900452489	0.0180995475113	0.0	0.0
-gɨb	0.482012974248	0.379595046196	0.027521132298	0.110870847258
-jiñ	0.0252951371119	0.0333567334746	0.0035060324404	0.937842096973
-dea	0.00182185312827	0.990435271077	0.00409916953861	0.00364370625654
-das	0.0620504250526	0.914844147352	0.000871902928142	0.0222335246676
-dek	0.0465194484923	0.9372267683	0.00616522811344	0.0100885550947
-deo	0.00759878419453	0.989361702128	0.00303951367781	0.0
-ima	0.382978723404	0.106382978723	0.255319148936	0.255319148936
-mkɨ	0.281175059952	0.137889688249	0.353117505995	0.227817745803
-'ta	0.5	0.439516129032	0.0120967741936	0.0483870967742
-nɨ'	0.584826132771	0.396206533193	0.0	0.0189673340358
-imo	0.0510445221665	0.825219775026	0.0953776349371	0.0283580678703
-ido	0.130434782609	0.7	0.0	0.169565217391
-jɨk	0.225689557111	0.437712151787	0.0827065954433	0.253891695658
-iop	0.124402091806	0.568073030192	0.0527404648564	0.254784413146
-jɨm	0.270822834929	0.472176229213	0.0856669786193	0.171333957239
-obo	0.0	1.0	0.0	0.0
-rpo	0.0540540540541	0.945945945946	0.0	0.0
-kɨi	0.502003780213	0.303803579017	0.0733567813509	0.120835859419
-kɨk	0.438123120747	0.255341034974	0.229862319987	0.0766735242918
-kɨm	0.10486544616	0.802748297051	0.0466963215145	0.045689935275
-bix	0.031185031185	0.014553014553	0.7920997921	0.162162162162
-ida	0.0223404255319	0.977659574468	0.0	0.0
-jɨx	0.288357725377	0.540444842454	0.0819854402391	0.0892119919303
-kɨr	0.126223133522	0.510409571711	0.0918391717633	0.271528123004
-kɨt	0.460566890468	0.413226147234	0.0693000153698	0.0569069469277
-uix	0.486347647772	0.320923827628	0.119444984957	0.0732835396429
-bia	0.402866550455	0.512541158241	0.0232423009878	0.0613499903157
-jɨp	0.433003160281	0.242418489691	0.0946669793447	0.229911370683
-bim	0.292244752017	0.331571879378	0.194037111105	0.182146257499
-uu'	0.289544235925	0.372654155496	0.12654155496	0.211260053619
-bii	0.0594509220398	0.591268365545	0.020392101183	0.328888611233
-ñob	0.322869955157	0.583956153463	0.0538116591928	0.0393622321874
-ter	0.0223880597015	0.888059701493	0.044776119403	0.044776119403
-a'x	0.309720570898	0.242591915029	0.0957706812837	0.35191683279
-puñ	0.400668399554	0.373561084293	0.0839212773858	0.141849238767
-ria	0.00970701390944	0.972832198875	0.00710269310447	0.0103580941107
-a'r	0.1928531732	0.315645502378	0.0805479570699	0.410953367352
-a'p	0.211653592328	0.0711430026818	0.0122166057326	0.704986799258
-a't	0.296967467986	0.400280851917	0.174529405864	0.128222274232
-uañ	0.0697395564094	0.727610899906	0.177430984466	0.0252185592181
-ñor	0.0774701096162	0.246460699148	0.0178278024101	0.658241388825
-dɨt	0.102576556965	0.168425995629	0.0123953150185	0.716602132388
-rir	0.379446640316	0.513833992095	0.0830039525691	0.0237154150198
-ris	0.0285517715858	0.960440316477	0.00619195046441	0.00481596147231
-a'm	0.262025427105	0.297227504709	0.0662752888683	0.374471779318
-nas	0.0203134068485	0.976204294835	0.0	0.00348229831689
-gro	0.0200412976577	0.968730223593	0.00231440463749	0.00891407411157
-rix	0.373563218391	0.331691297209	0.113300492611	0.18144499179
-teo	0.00927261487739	0.981454770245	0.0061817432516	0.0030908716258
-jim	0.383522235254	0.192878178435	0.0548587157915	0.36874087052
-ara	0.110287782182	0.806048595554	0.0148199207307	0.0688437015337
-mes	0.0	0.956043956044	0.0439560439561	0.0
-jii	0.810377720517	0.0464072166761	0.0121922078437	0.131022854963
-e'n	0.238689547582	0.756630265211	0.0046801872075	0.0
-aro	0.325925925926	0.585185185185	0.0296296296296	0.0592592592592
-jɨ'	0.322850415128	0.125994231923	0.016838324878	0.53431702807
-jia	0.289579193582	0.213409607806	0.0463829710327	0.450628227579
-mee	0.0	1.0	0.0	0.0
-bi'	0.255366395263	0.493504811251	0.218837897853	0.0322908956329
-mea	0.0	1.0	0.0	0.0
-jix	0.181526368959	0.0417851417356	0.0482115722736	0.728476917032
-meo	0.0	1.0	0.0	0.0
-alh	0.282785882353	0.466390588235	0.167632941176	0.0831905882353
-jir	0.279278974543	0.0252677068755	0.00884937128516	0.686603947296
-kɇ'	0.652194062409	0.194769265338	0.0510364101076	0.102000262145
-jip	0.353686635945	0.470046082949	0.120967741935	0.0552995391705
-rak	0.419370087145	0.419217602793	0.111355509641	0.0500568004209
-aya	0.0281848928974	0.966178128523	0.0	0.00563697857948
-ɨim	0.331967728604	0.338364508652	0.136470630514	0.19319713223
-uut	0.471568191915	0.399452095365	0.0808529542426	0.0481267584777
-ayo	0.0161290322581	0.983870967742	0.0	0.0
-ikɨ	0.245980707395	0.585209003215	0.0996784565916	0.0691318327974
-ɨix	0.373669675716	0.259759503723	0.0991555032635	0.267415317298
-ñxi	0.502468265162	0.325693464974	0.093559003291	0.0782792665727
-ɨip	0.34824215903	0.232893271974	0.0969751293073	0.321889439689
-ɨir	0.350875722434	0.354572239243	0.0916501468967	0.202901891426
-ɨis	0.247933884298	0.716646989374	0.0354191263282	0.0
-mmɨ	0.410206584074	0.164378834556	0.0331898631248	0.392224718245
-joi	0.31369924141	0.560464078536	0.0749665327979	0.0508701472557
-ki'	0.127087410873	0.802118930722	0.0499820287056	0.0208116297
-u'ñ	0.425819846652	0.218215980965	0.0518696906343	0.304094481748
-sgi	0.239647577092	0.728634361234	0.0211453744493	0.0105726872247
-baa	0.679689643011	0.097260864454	0.0132058466241	0.209843645911
-na'	0.392205585603	0.496653379698	0.0613945017002	0.0497465329983
-sra	0.469879518072	0.530120481928	0.0	0.0
-si'	0.0254237288136	0.542372881356	0.43220338983	0.0
-ota	0.0	1.0	0.0	0.0
-kbu	0.39846743295	0.371647509578	0.0262725779967	0.203612479474
-ote	0.0	1.0	0.0	0.0
-oti	0.0308641975309	0.944444444444	0.0	0.0246913580247
-oto	0.0613448371394	0.194007994617	0.726639490244	0.018007677999
-nɨk	0.382234383884	0.437484769718	0.0475184794087	0.132762366989
-kbo	0.691151143349	0.211447320452	0.0565703294907	0.040831206708
-ɨɨñ	0.454258675079	0.205047318612	0.0757097791799	0.264984227129
-umi	0.0606060606061	0.69696969697	0.151515151515	0.0909090909091
-kxi	0.44236993382	0.157238780735	0.331312496981	0.0690787884643
-'ch	0.429051201013	0.150075669127	0.0415276582838	0.379345471576
-nak	0.480891247638	0.470264878041	0.026094308944	0.0227495653764
ALL	0.227280939419	0.27497437436	0.0520347426655	0.445709943555
-nai	0.548996964498	0.399267520127	0.0281773789098	0.0235581364656
-nan	0.0	1.0	0.0	0.0
-aki	0.0	1.0	0.0	0.0
-nam	0.0752202541101	0.0948676522938	0.00328476128019	0.826627332316
-mañ	0.420566557144	0.21800905781	0.0639374833496	0.297486901696
-naa	0.0892561983471	0.872727272727	0.0115702479339	0.0264462809917
-kio	0.167177744116	0.787305575054	0.0166254110171	0.0288912698119
-kim	0.235073811224	0.33713440492	0.14025589834	0.287535885516
-kis	0.0	1.0	0.0	0.0
-hañ	0.0521105619077	0.273283294125	0.0006784125228	0.673927731445
-nax	0.371492969262	0.155758687034	0.059625218701	0.413123125003
-ket	0.0225988700565	0.960451977401	0.0169491525424	0.0
-sio	0.0682788051209	0.929587482219	0.0	0.00213371266003
-ees	0.0455006100239	0.942381719629	0.00632106266408	0.00579660768323
-sim	0.406779661017	0.536723163842	0.0338983050847	0.0225988700565
-nar	0.325415540535	0.146580605446	0.0251901159537	0.502813738065
-bhɨ	0.23127753304	0.627753303965	0.114537444934	0.0264317180617
-sia	0.140660746371	0.155482260917	0.041510933193	0.662346059519
-kix	0.304320183809	0.277822712784	0.336680138986	0.0811769644201
-pgɨ	0.13107145715	0.776086260703	0.038229175002	0.0546131071457
-nat	0.547623532204	0.0395858087999	0.00265159797271	0.410139061024
-iai	0.6	0.257142857143	0.0	0.142857142857
-gok	0.242410871867	0.238263325097	0.0705965407695	0.448729262266
-mot	0.0677966101695	0.853107344633	0.0	0.0790960451977
-mos	0.0661686232657	0.925293489861	0.0	0.00853788687302
-ɇch	0.403225806452	0.290322580645	0.241935483871	0.0645161290323
-goo	0.919047619048	0.0380952380952	0.0428571428572	0.0
-gon	0.625	0.285714285714	0.0446428571428	0.0446428571428
-gob	0.0690338536122	0.924496781696	0.0	0.00646936469201
-ɨɨ'	0.24126467809	0.348412595204	0.217097422592	0.193225304113
-tmu	0.406779661017	0.135593220339	0.152542372881	0.305084745763
-las	0.0261233019854	0.966353187043	0.00501567398119	0.0025078369906
-gox	0.0	0.984354628422	0.0156453715776	0.0
-oom	0.105315750968	0.630859549259	0.144001713032	0.119822986742
-lki	0.0	1.0	0.0	0.0
-lko	0.0344827586207	0.965517241379	0.0	0.0
-moo	0.261641576755	0.12446620132	0.0594795454068	0.554412676518
-ɨiñ	0.446488461182	0.275034270739	0.0742668326477	0.204210435431
-mom	0.148902821317	0.710031347962	0.109717868339	0.0313479623824
-gor	0.540304617422	0.192201954528	0.0363213131861	0.231172114864
-mok	0.672367717798	0.184393372528	0.0192410475681	0.123997862106
-moi	0.390243902439	0.170731707317	0.146341463415	0.292682926829
-u't	0.447137888625	0.263237798248	0.121290290536	0.168334022591
-tɨs	0.594479661387	0.192854162113	0.0192754803966	0.193390696103
-tɨr	0.301041644202	0.331730250814	0.221354784446	0.145873320537
-yas	0.0275292935843	0.951680685626	0.0152587308551	0.00553128993496
-ha'	0.387601454263	0.410303942743	0.088570181982	0.113524421012
-ber	0.0	1.0	0.0	0.0
-eos	0.0175832062438	0.971472144972	0.0107652283126	0.000179420471876
-yax	0.132579775145	0.573471923392	0.0300009091184	0.263947392345
-u'x	0.232504969784	0.290127445188	0.084565752671	0.392801832357
-nte	0.0441826215022	0.955817378498	0.0	0.0
-eon	0.117574257426	0.875	0.00742574257427	0.0
-nto	0.0979929161747	0.785832349469	0.0141676505313	0.102007083825
-yaa	0.0262049602246	0.605521759476	0.19513336453	0.17313991577
-tɨb	0.105263157895	0.894736842105	0.0	0.0
-bel	0.465753424658	0.493150684931	0.041095890411	0.0
-u'n	0.328556862042	0.517337974426	0.0869766423868	0.067128521145
-u'm	0.226898056329	0.193148750491	0.0720439603919	0.507909232788
-tɨk	0.311786203746	0.448835084513	0.0851987208771	0.154179990863
-uak	0.534515636918	0.355835240274	0.0102974828375	0.0993516399696
-bed	0.272340425532	0.727659574468	0.0	0.0
-bee	0.0095167600719	0.980966479856	0.00761340805752	0.00190335201438
-ɨɨk	0.526346821786	0.224846429129	0.0620011098091	0.186805639276
-kik	0.559683794466	0.383399209486	0.0	0.0569169960474
-hɨɨ	0.616297962755	0.158626005083	0.050618672666	0.174457359497
-ɨɨn	0.092558983666	0.896551724138	0.0	0.010889292196
-pkɨ	0.259877085162	0.52063213345	0.0280948200176	0.19139596137
-pux	0.309117830056	0.31940101808	0.100135726531	0.271345425333
-ise	0.0384615384615	0.961538461538	0.0	0.0
-rea	0.0736196319019	0.92375109553	0.0	0.00262927256792
-red	0.0	1.0	0.0	0.0
-ree	0.0	0.975609756098	0.0	0.0243902439024
-mo'	0.206632998136	0.654903974527	0.0870675359388	0.051395491398
-ɇji	0.586344475312	0.270064853553	0.0422980271558	0.101292643978
-ɨɨs	0.263814616756	0.711229946524	0.0249554367201	0.0
-ɨɨr	0.132169577096	0.778298163339	0.0236525000665	0.0658797594991
-ɨɨp	0.349045977011	0.171172413793	0.262413793103	0.217367816092
-ret	0.201680672269	0.672268907563	0.126050420168	0.0
-u'r	0.37318752903	0.274481400405	0.131394933969	0.220936136595
-jur	0.169321590836	0.680339973424	0.0592393101888	0.0910991255505
-haa	0.712205925628	0.215775860734	0.00789877181843	0.0641194418201
-jup	0.045759224742	0.0159400465711	0.00538844978289	0.932912278904
-bat	0.135416666667	0.833333333333	0.00520833333333	0.0260416666667
-juu	0.750270804129	0.169252580604	0.014495985727	0.0659806295399
-hai	0.491764333007	0.350504772249	0.0879885521081	0.0697423426355
-mas	0.051567239636	0.930232558139	0.0121334681497	0.00606673407484
-hak	0.467410672985	0.356352021071	0.0981818138877	0.0780554920567
-mat	0.511086040982	0.3253942927	0.0494328507583	0.114086815559
-han	0.215864609717	0.639074372554	0.051807506332	0.0932535113976
-mai	0.0714697467164	0.184168488147	0.308414118243	0.435947646894
-har	0.242129311018	0.60316136174	0.129302188675	0.0254071385667
-has	0.132625994695	0.867374005305	0.0	0.0
-mam	0.148152824879	0.330308824591	0.0748971787286	0.446641171802
-man	0.110344613243	0.188750341878	0.0396852234019	0.661219821477
-maa	0.826710191148	0.120483367593	0.0365701251784	0.0162363160806
-juk	0.303797468354	0.696202531646	0.0	0.0
-kak	0.437667237455	0.395402343612	0.137524133214	0.0294062857194
-nañ	0.0875956661376	0.0403288209106	0.00262713639621	0.869448376556
-jum	0.364028460069	0.0358263115679	0.0115540473758	0.588591180987
-kgi	0.380952380952	0.47619047619	0.0873015873016	0.0555555555555
-uni	0.422607731305	0.339670468948	0.0126742712294	0.225047528517
-hii	0.116807716528	0.752868355169	0.0794845408328	0.0508393874699
-ñir	0.319673496585	0.30845688267	0.0458104281192	0.326059192626
-eor	0.126984126984	0.873015873016	0.0	0.0
-pte	1.0	0.0	0.0	0.0
-hoñ	0.338722716249	0.236054971706	0.139046079224	0.286176232821
-nka	0.508090614887	0.453074433657	0.0	0.0388349514563
-pta	0.0442930153322	0.955706984668	0.0	0.0
-pum	0.294609187522	0.233523311621	0.079962290024	0.391905210833
-pto	0.0361543122601	0.866491617855	0.0715007069279	0.025853362957
-uuñ	0.0973415789188	0.491870275293	0.0145676026779	0.39622054311
-666	0.104895104895	0.13986013986	0.0	0.755244755245
-ui'	0.0800387388535	0.0542327939545	0.0553733748697	0.810355092322
-bañ	0.159943846885	0.0625752291283	0.016283101873	0.761197822113
-dɨ'	0.0424880884732	0.756218035582	0.184246186126	0.0170476898195
-mix	0.286036036036	0.563813813814	0.10960960961	0.0405405405405
-ia'	0.480190977354	0.252740780962	0.0698808459939	0.19718739569
-tra	0.0353243416827	0.964675658317	0.0	0.0
-gab	0.114667940755	0.735785953177	0.0967510750119	0.0527950310558
-gaa	0.546832061069	0.356335877863	0.0374045801527	0.059427480916
-gan	0.436037810665	0.232671177682	0.0938871052329	0.23740390642
-ña'	0.468038109355	0.337467829672	0.079336589207	0.115157471767
-pi'	0.237035752478	0.562602001985	0.0286617146931	0.171700530844
-gak	0.344476720847	0.484373748348	0.0986318957695	0.0725176350354
-hxi	0.706495125317	0.17148199261	0.0483016516049	0.0737212304679
-gai	0.456770683031	0.392457674613	0.0604451144689	0.0903265278874
-adi	0.651570489408	0.230094959825	0.0	0.118334550767
-ku'	0.133591974538	0.723539063381	0.0909345457531	0.0519344163281
-nop	0.474489795918	0.198979591837	0.122448979592	0.204081632653
-144	0.0211416490486	0.0951374207188	0.0	0.883720930233
-gat	0.387629715656	0.303300490765	0.11716554902	0.191904244559
-gas	0.0308008213552	0.724845995893	0.145790554415	0.0985626283368
-kai	0.749383780253	0.139712731155	0.0232239165627	0.087679572029
-aat	0.580649256405	0.188958789423	0.0605179866662	0.169873967506
-sno	0.29702970297	0.70297029703	0.0	0.0
-ju'	0.439928057554	0.224820143885	0.153237410072	0.182014388489
-seo	0.106388842952	0.878727743785	0.00330742516951	0.0115759880933
-ɇ'p	0.215904922603	0.229330203213	0.429608979532	0.125155894652
-sem	0.0	1.0	0.0	0.0
-ɇ'r	0.419203747073	0.337236533958	0.0644028103045	0.179156908665
-ino	0.0	1.0	0.0	0.0
-ɇ'x	0.352328084287	0.35538688116	0.205052679279	0.0872323552736
-see	0.0106787476741	0.980098697516	0.00339778335086	0.00582477145862
-uir	0.284348864994	0.590601354042	0.0724810832337	0.05256869773
-sea	0.0	0.963636363636	0.0	0.0363636363636
-pɨn	0.541735497036	0.313836586113	0.0257581307042	0.118669786146
-uim	0.398366965394	0.260918871198	0.0877841017884	0.25293006162
-aas	0.238105030562	0.432302918626	0.0829048247809	0.246687226031
-ɨjɨ	0.257427986648	0.213587512133	0.0700643886103	0.458920112608
-'na	0.613299429065	0.266276447728	0.0148730988821	0.105551024325
-ɇ'm	0.208602150538	0.494623655914	0.174193548387	0.122580645161
-tɨm	0.330737108374	0.396293070818	0.0813179508799	0.191651869928
-ga'	0.556693006797	0.281003602275	0.0842237546736	0.078079636255
-hix	0.280121264642	0.503533538828	0.149457529441	0.0668876670891
-kuu	0.329595368029	0.561360308798	0.0181352322641	0.090909090909
-oob	0.239268680445	0.343402225755	0.346581875994	0.070747217806
-ñai	0.191301108317	0.714259104033	0.025426096675	0.0690136909751
-dha	0.439293598234	0.388520971302	0.0662251655629	0.105960264901
-ñak	0.301363168526	0.628725728342	0.0350709341344	0.0348401689978
-kup	0.408918642011	0.189013007596	0.0324941228742	0.369574227519
-iam	0.179367159424	0.160413945234	0.03714550433	0.623073391013
-ial	0.0567602040816	0.922193877551	0.0191326530612	0.00191326530612
-ook	0.0915598888775	0.398827310425	0.0623250900865	0.447287710611
-ian	0.488421972435	0.258370735195	0.0405131667792	0.212694125591
-dɨk	0.646740704973	0.180357315307	0.077160791888	0.0957411878319
-nes	0.0638637573177	0.75572112826	0.0447046301224	0.1357104843
-iak	0.22637195122	0.175304878049	0.529725609756	0.0685975609756
-kux	0.410968560553	0.267587762583	0.0840030076601	0.237440669204
-neo	0.0172413793103	0.862068965517	0.0	0.120689655172
-oos	0.258986928105	0.58660130719	0.0196078431372	0.134803921569
-oor	0.183767837101	0.568080808081	0.117197370531	0.130953984287
-kub	0.30458501104	0.335498116639	0.218989479153	0.140927393168
-kua	0.197293111575	0.735371355464	0.0258119543016	0.0415235786591
-cha	0.325423223668	0.400408895759	0.191397534659	0.0827703459132
-oox	0.320566959922	0.287214076246	0.119550342131	0.272668621701
-kum	0.200813951792	0.290150064763	0.0605795090352	0.44845647441
-mta	0.330512134036	0.510579497366	0.106226789878	0.0526815787201
-kuk	0.578286767834	0.347964827684	0.0297830095022	0.0439653949795
-ñap	0.28612716763	0.393063583815	0.173410404624	0.147398843931
-kui	0.302485527939	0.107511832244	0.0304402748015	0.559562365016
-ñar	0.106442577031	0.798319327731	0.0336134453781	0.0616246498599
-ban	0.190594484333	0.565431649954	0.0734143213467	0.170559544367
-uul	0.61038961039	0.311688311688	0.0	0.0779220779221
-eka	0.0434782608696	0.869565217391	0.0579710144928	0.0289855072464
-uun	0.0952183812875	0.856758435107	0.0293935003105	0.0186296832954
-bak	0.277756934168	0.306893798643	0.0174911231237	0.397858144065
-uuk	0.200259193249	0.228690391151	0.0368015235845	0.534248892015
-bai	0.469148222669	0.484778234625	0.0116641880267	0.0344093546788
-430	0.0	0.0597014925373	0.0597014925373	0.880597014925
-hok	0.28177699134	0.58907745516	0.0215823480522	0.107563205448
-hoi	0.288983047873	0.341678924107	0.0973106181612	0.272027409859
-hon	0.102505694761	0.829157175399	0.0410022779043	0.0273348519362
-hom	0.47064137308	0.243902439024	0.168021680217	0.117434507678
-hor	0.562859296956	0.200122514372	0.0339270568278	0.203091131844
-tda	0.859108820664	0.0200112881185	0.00256018090495	0.118319710313
-upu	0.0454545454545	0.954545454545	0.0	0.0
-uux	0.407572599965	0.459965331204	0.0546130923398	0.0778489764914
-bax	0.40051561437	0.163623500774	0.0639697662864	0.37189111857
-uji	0.359601811895	0.251228576742	0.0871588118662	0.302010799497
-imɨ	0.556750727858	0.349256140458	0.0766937822943	0.0172993493897
-mka	0.417161463321	0.241524612143	0.189618846964	0.151695077571
-oon	0.0344546880532	0.950384154535	0.0110561508924	0.00410500651946
-bar	0.340681763455	0.277878883957	0.106703576458	0.27473577613
-bas	0.234459325089	0.746876361694	0.0059992435343	0.0126650696835
-bap	0.189462640805	0.406344945998	0.0707180322075	0.33347438099
-reo	0.00535117056856	0.959197324415	0.0314381270903	0.00401337792642
-'pu	0.338574236198	0.49079864213	0.159907093086	0.0107200285867
-jɨɨ	0.178082191781	0.102739726027	0.0753424657534	0.643835616438
-ɨɨm	0.11301291335	0.0673388353218	0.00905924447227	0.810589006856
-asa	0.302809367199	0.611800134723	0.0273408091295	0.0580496889488
-aso	0.128	0.84	0.0	0.032
-tɨt	0.54976861159	0.276730385368	0.0770828487415	0.0964181542999
-mɨk	0.359004011079	0.421418000652	0.0731474983365	0.146430489933
-gañ	0.457364341085	0.418604651163	0.108527131783	0.015503875969
-i'n	0.241801704797	0.318660124185	0.121165967092	0.318372203926
-lta	0.0384615384615	0.961538461538	0.0	0.0
-xi'	0.287213908446	0.456400256066	0.112152412865	0.144233422624
-po'	0.51344621514	0.290338645418	0.112300796813	0.0839143426294
-opi	0.00845665961946	0.985200845666	0.00211416490486	0.00422832980973
-ɇ'ñ	0.490297542044	0.276843467012	0.0698576972833	0.163001293661
-ho'	0.586269560828	0.16829883897	0.195860676426	0.0495709237759
-rax	0.307692307692	0.369230769231	0.0153846153846	0.307692307692
-uiñ	0.416944828896	0.390919699313	0.0796493799018	0.112486091888
-ba'	0.0169234360718	0.0360234467391	0.000243378174911	0.946809739014
-rat	0.480316973415	0.392893660532	0.0488241308793	0.0779652351738
-rko	0.008	0.992	0.0	0.0
-ras	0.204781105991	0.766417050691	0.0201612903226	0.00864055299541
-rap	0.203470903541	0.198903925198	0.121385477009	0.476239694253
-ɨlh	0.233347604626	0.174037985725	0.186196051245	0.406418358405
-ran	0.204188798451	0.638325103516	0.0275693235228	0.12991677451
-eri	0.0	1.0	0.0	0.0
-ram	0.30733178826	0.46555863188	0.146526557058	0.0805830228015
-isa	0.0	1.0	0.0	0.0
-ɨ'k	0.155656527762	0.155087460136	0.06867424596	0.620581766142
-rai	0.437928172722	0.377400913464	0.112106706016	0.0725642077986
-jo'	0.156374776763	0.548734627503	0.251767746432	0.0431228493023
-rab	0.0449213875717	0.515847267282	0.249563264288	0.189668080859
-raa	0.508759385055	0.327060948761	0.0433735393184	0.120806126865
-bsu	0.324324324324	0.414606095457	0.200690051754	0.0603795284646
-kuñ	0.273466999423	0.101436818178	0.0276269589847	0.597469223414
-pos	0.031971580817	0.965364120782	0.0	0.00266429840142
-nru	0.0	1.0	0.0	0.0
-sai	0.548011275139	0.314932228597	0.0833790173093	0.0536774789544
-pot	0.408841113594	0.330756688206	0.131167341023	0.129234857177
-ooñ	0.302740342484	0.3569669122	0.0447644537079	0.295528291608
-pok	0.434842956853	0.502101840102	0.0392607868021	0.0237944162437
-ɨɨx	0.035450654748	0.106000908528	0.0302006998444	0.82834773688
-iañ	0.466207349081	0.250328083989	0.142388451444	0.141076115486
-poo	0.185567010309	0.768041237113	0.0463917525773	0.0
-ndo	0.0	0.964912280702	0.0350877192982	0.0
-ñañ	0.636182902585	0.155069582505	0.149105367793	0.0596421471173
-to'	0.701067615658	0.256227758007	0.0	0.0427046263345
-ike	0.0689655172414	0.931034482759	0.0	0.0
-aax	0.363129203622	0.450269089729	0.110555616705	0.0760460899438
-ika	0.0278396436526	0.963251670379	0.0	0.00890868596882
-'ni	0.385269566309	0.296303269943	0.0131801920542	0.305246971694
-iko	0.0692934782609	0.915081521739	0.015625	0.0
-lam	0.0	1.0	0.0	0.0
-nor	0.52380952381	0.0952380952381	0.0634920634921	0.31746031746
-lao	0.387755102041	0.571428571429	0.0	0.0408163265306
-aap	0.168812562817	0.120857716677	0.0574435952103	0.652886125296
-ppu	0.333067729084	0.595219123506	0.0525896414343	0.0191235059761
-lak	0.0	1.0	0.0	0.0
-aam	0.103187694469	0.638260442316	0.0845783426985	0.173973520517
-aal	0.0392156862745	0.960784313725	0.0	0.0
-iku	0.107142857143	0.892857142857	0.0	0.0
-aan	0.10493176915	0.178251879132	0.0081384512544	0.708677900464
-ppo	0.211094747177	0.527327769596	0.201030927835	0.0605465553919
-aak	0.292112703219	0.42577539074	0.084972278141	0.1971396279
-upo	0.0	0.903225806452	0.0967741935484	0.0
-aad	0.0	1.0	0.0	0.0
-nob	0.197914761295	0.713919882934	0.0468264130236	0.0413389427474
-mɨi	0.522626128186	0.281273756251	0.0877620467929	0.108338068771
-aab	0.174237092644	0.665706312435	0.0700472113073	0.0900093836138
-ato	0.0300746260689	0.910993199312	0.0390745940406	0.019857580578
-bom	0.147239263804	0.460122699386	0.220858895706	0.171779141104
-bon	0.0862533692722	0.583288409704	0.258760107817	0.0716981132075
-boi	0.181534926905	0.687973075047	0.0202409240405	0.110251074008
-bok	0.40489447106	0.406448271397	0.0204583710993	0.168198886443
-bop	0.131388969102	0.222350563096	0.628934449899	0.0173260179035
-bos	0.0	1.0	0.0	0.0
-don	0.264395503556	0.305804083505	0.409497591191	0.0203028217481
-ɨɨt	0.325374929259	0.479944821732	0.103883701188	0.0907965478212
-sas	0.00763358778624	0.923664122137	0.0229007633588	0.0458015267175
-sar	0.126787454506	0.770788170482	0.0829339114178	0.0194904635946
-sap	0.215314453861	0.196644616749	0.0308831368149	0.557157792575
-ssɨ	0.370766488414	0.591800356506	0.0374331550802	0.0
-ton	0.183670143416	0.775602998696	0.0130052151239	0.027721642764
-ibu	0.788119160938	0.122686409307	0.00740349021681	0.0817909395382
-tom	0.318857673438	0.108473342786	0.0592870497008	0.513381934075
-hab	0.0689655172414	0.689655172414	0.241379310345	0.0
-oot	0.788358387039	0.151328127299	0.000337081356993	0.059976404305
-olh	0.0880719481272	0.785202940556	0.0208646324378	0.105860478879
-sab	0.232350823908	0.71525634325	0.029613340302	0.02277949254
-saa	0.0	0.857142857143	0.0	0.142857142857
-ibo	0.580306345733	0.355361050328	0.019693654267	0.0446389496718
-tor	0.157894736842	0.625	0.197368421053	0.0197368421053
-tos	0.623962955817	0.277252556434	0.023152614316	0.0756318734324
-top	0.022044351135	0.957354677864	0.00314919301929	0.0174517779819
-sak	0.316618014071	0.577187730449	0.0615296984754	0.0446645570052
-ibe	0.139601773651	0.860398226349	0.0	0.0
-aa'	0.417258517351	0.258657863168	0.0555460315639	0.268537587917
-mpu	0.0	0.96017699115	0.0132743362832	0.0265486725664
-san	0.369740531685	0.241309047461	0.0525880183126	0.336362402542
-sam	0.333316213857	0.4678239433	0.100559806892	0.0983000359509
-no'	0.203969680375	0.130773131844	0.013409536606	0.651847651176
-rot	0.275	0.35	0.375	0.0
-bo'	0.340180883859	0.54623723092	0.0712239998487	0.0423578853725
-iel	0.0	1.0	0.0	0.0
-loi	0.0	0.980392156863	0.0196078431373	0.0
-loe	0.0135287485908	0.918827508455	0.0	0.0676437429538
-bha	0.493420530869	0.0836734727376	0.00988439229801	0.413021604095
-do'	0.127659574468	0.835866261398	0.0364741641338	0.0
-gux	0.0369171881858	0.0287051362396	0.0259780804463	0.908399595128
-bhi	0.63082437276	0.129032258065	0.0645161290322	0.175627240143
-rom	0.0	1.0	0.0	0.0
-lot	0.0	0.967567567568	0.0324324324324	0.0
-roo	0.104328194837	0.155979202773	0.0153926844842	0.724299917906
-roi	0.695652173913	0.271739130435	0.0326086956522	0.0
-rok	0.438356164384	0.506849315069	0.0547945205479	0.0
-kar	0.207248172134	0.599042339213	0.0667243524956	0.126985136158
-mar	0.0588569302763	0.872868247411	0.0347737552131	0.0335010671
-ipo	0.252514611082	0.485589585372	0.0333358416736	0.228559961873
-mek	0.0	1.0	0.0	0.0
-ipa	0.00777202072539	0.979274611399	0.0129533678756	0.0
-aañ	0.0626911805027	0.0826351938438	0.00726196443209	0.847411661221
-ham	0.129571447089	0.15340659245	0.0390389196865	0.677983040774
-'ux	0.317220543807	0.558912386707	0.0513595166163	0.0725075528701
-iro	0.0741324921136	0.899369085173	0.0198738170347	0.00662460567823
-pɨ'	0.155460183715	0.136084620252	0.195366326393	0.51308886964
-rdo	0.0119442601194	0.699402786994	0.0895819508957	0.199071001991
-rdi	0.720620842572	0.179600886918	0.0432372505543	0.0565410199557
-esa	0.0	1.0	0.0	0.0
-nɨx	0.293918918919	0.506756756757	0.0202702702702	0.179054054054
-tɨ'	0.411598782153	0.306707178644	0.0603963290427	0.221297710161
-ppa	0.537753222836	0.180478821363	0.139963167587	0.141804788214
-sat	0.307399121717	0.606015411385	0.0675283784903	0.0190570884083
-ya'	0.501814539718	0.175795038574	0.0362739228324	0.286116498876
-'ɨr	0.15127582017	0.122114216282	0.67922235723	0.0473876063183
-ñɨk	0.453991468617	0.423522242535	0.091407678245	0.0310786106033
-jua	0.494940607127	0.352397712275	0.0686317641883	0.08402991641
-pas	0.0750957854406	0.892720306513	0.0137931034483	0.0183908045977
-nɨt	0.296724470135	0.428538556438	0.148789176751	0.125947796676
-hat	0.382241162561	0.392636102584	0.110595563899	0.114527170956
-tɨɨ	0.852356518183	0.0680354214208	0.017469760325	0.0621383000708
-hɨk	0.318634334841	0.471898538889	0.0915381898096	0.11792893646
-pko	0.747771368642	0.122006642195	0.0272679601468	0.102954029016
-hɨi	0.727478768069	0.170824613707	0.0193781107415	0.0823185074825
-kda	0.19695100893	0.760866347625	0.0148009275248	0.0273817159208
-hɨm	0.165742624677	0.640256728455	0.0989432201621	0.0950574267055
-pki	0.156416258778	0.749521174718	0.0302191955735	0.06384337093
-stu	0.12676056338	0.852112676056	0.0211267605634	0.0
-276	0.0	0.0422535211267	0.0	0.957746478873
-kɨb	0.044289044289	0.895104895105	0.0	0.0606060606061
-tok	0.210889570552	0.78399795501	0.0	0.00511247443763
-hax	0.32478055368	0.48615800135	0.145847400405	0.0432140445645
-xiñ	0.151780458351	0.0669978364903	0.0128804367827	0.768341268376
-sto	0.0760267987183	0.917856102534	0.00611709874745	0.0
-nim	0.234950674747	0.252444594935	0.0551681891598	0.457436541158
-ma'	0.0861685712283	0.505034821743	0.371156669518	0.03763993751
-hɨs	0.602972399151	0.148619957537	0.16135881104	0.0870488322718
-hɨr	0.132285949423	0.0454665099244	0.0132098264172	0.809037714235
-hi'	0.271452698312	0.107077454721	0.0410752631648	0.580394583802
-nap	0.0213196861892	0.0292383870636	0.0102613020721	0.939180624675
-'ñi	0.205652784125	0.123320332635	0.0647759219657	0.606250961274
-hɨt	0.178662988789	0.161133856872	0.134765886973	0.525437267366
-ain	0.0	0.968421052632	0.0315789473684	0.0
-oli	0.0344827586207	0.965517241379	0.0	0.0
-ssa	0.823144104804	0.157205240175	0.0	0.0196506550218
-kku	0.792452830189	0.132075471698	0.0	0.0754716981132
-tot	0.397422126746	0.295381310419	0.0590762620838	0.248120300752
-'ga	0.439683637912	0.331104535972	0.024918732073	0.204293094043
-uch	0.068115019907	0.535996016393	0.025626777954	0.370262185746
-eyo	0.00999924248162	0.706688887206	0.233315657905	0.0499962124082
-ji'	0.0300270735909	0.956682254492	0.0	0.0132906719173
-eya	0.0453829183738	0.884966908289	0.0375039394895	0.0321462338481
-iok	0.475307051494	0.278905765274	0.141556090724	0.104231092508
-ñi'	0.269754418962	0.308258704341	0.0674760082929	0.354510868404
-jɨb	0.127038626609	0.824892703863	0.0377682403433	0.0103004291845
-mua	0.509869639286	0.359769646693	0.0287941633953	0.101566550626
-ion	0.00772797527047	0.964451313756	0.00618238021637	0.0216383307573
-iom	0.548979591837	0.287755102041	0.142857142857	0.0204081632653
-ñat	0.464592878386	0.436540471023	0.0506390161563	0.0482276344346
-mum	0.379746835443	0.376077783893	0.0960068488963	0.148168531768
-lea	0.0036660844062	0.98447305428	0.0112139052425	0.000646956071683
-mui	0.578868544374	0.259384511329	0.0852215082854	0.0765254360114
-muk	0.192707490288	0.52438339673	0.207313248624	0.0755958643574
-oix	0.526785714286	0.330357142857	0.0357142857143	0.107142857143
-rɨñ	0.751341681574	0.173524150268	0.0375670840787	0.0375670840787
-mut	0.360533423363	0.331600270088	0.0886225523295	0.21924375422
-iox	0.399236788716	0.242730170998	0.242343734905	0.115689305381
-mup	0.357664233577	0.299041970803	0.0353558394161	0.307937956204
-mus	0.416666666667	0.583333333333	0.0	0.0
-mur	0.180769230769	0.623076923077	0.126923076923	0.0692307692308
-ios	0.0136283612239	0.938599342436	0.00978730185479	0.0379849944852
-ior	0.357954545455	0.53125	0.0511363636364	0.0596590909091
-oim	0.445478982921	0.309725710904	0.233161469842	0.0116338363331
-les	0.0690858339149	0.916957431961	0.00837404047453	0.00558269364967
-oik	0.388063700569	0.456532193795	0.111640880486	0.0437632251505
-mux	0.688524590164	0.180327868852	0.0655737704918	0.0655737704918
-iot	0.0432098765432	0.882716049383	0.0493827160493	0.0246913580247
-eem	0.0116054158607	0.976789168279	0.0116054158607	0.0
-eel	0.113595163058	0.859812895415	0.0159185705011	0.0106733710256
-rra	0.0696864111498	0.905923344948	0.0209059233449	0.00348432055749
-een	0.00611125194655	0.987686959041	0.00353094556911	0.00267084344331
-eek	0.493670886076	0.29746835443	0.170886075949	0.0379746835443
-gix	0.083425721916	0.7905776775	0.0842961148811	0.0417004857026
-o'ñ	0.169950945971	0.528898843763	0.070315408018	0.230834802248
-bka	0.132911392405	0.721518987342	0.145569620253	0.0
-eeg	0.326530612245	0.591836734694	0.0204081632653	0.0612244897959
-git	0.126315789474	0.315789473684	0.452631578947	0.105263157895
-gir	0.606731874167	0.243584002762	0.0451291291939	0.104554993877
-'ya	0.334811529933	0.509977827051	0.0753880266075	0.079822616408
-gip	0.285324439054	0.23074590661	0.110369921164	0.373559733172
-gio	0.0254461346509	0.0169034774082	0.00843821431178	0.949212173629
-gim	0.606758066738	0.242504219085	0.0466149467541	0.104122767422
-uda	0.470956361482	0.376865661818	0.0997169749227	0.0524610017771
-gik	0.540410681772	0.287376087396	0.105705037427	0.0665081934048
-rru	0.162711864407	0.75593220339	0.0406779661017	0.0406779661017
-eet	0.0151515151515	0.97418630752	0.00448933782267	0.00617283950617
-xɨi	0.483781278962	0.0713623725672	0.389249304912	0.0556070435588
-gia	0.439545758183	0.458249832999	0.0521042084168	0.0501002004008
-ala	0.0239361702128	0.976063829787	0.0	0.0
-mu'	0.211664123232	0.543971547671	0.208875733585	0.035488595512
-ñia	0.199968170606	0.178960770271	0.597199013289	0.0238720458343
-ɇɇ'	0.400758582628	0.24324790682	0.0290054462699	0.326988064282
-ñim	0.413032861229	0.453661713063	0.0627223888927	0.0705830368148
-ñio	0.657881353103	0.285560654467	0.0131956430814	0.0433623493481
-io'	0.296431157699	0.487504669555	0.0644793893781	0.151584783368
-ñik	0.874862486249	0.0673817381738	0.0577557755776	0.0
-oi'	0.127389234732	0.443550471625	0.0165255812565	0.412534712386
-iso	0.0	0.872727272727	0.127272727273	0.0
-yoo	0.344827586207	0.592476489028	0.0	0.0626959247649
-ñip	0.318840826884	0.224532930857	0.149212454409	0.307413787851
-bio	0.146853146853	0.853146853147	0.0	0.0
-ɨ'n	0.131678838502	0.194061807016	0.0600573432874	0.614202011195
-huñ	0.601096537728	0.20497985642	0.0653076060946	0.128615999758
-lok	0.0	0.98275862069	0.0172413793103	0.0
-ɇɇñ	0.250585480094	0.418032786885	0.189695550351	0.14168618267
-chi	0.214788957794	0.107669206669	0.090115087155	0.587426748382
-jɨr	0.1684383098	0.295890845629	0.513459199323	0.0222116452483
-mgi	0.486075949367	0.430379746835	0.0455696202532	0.0379746835443
-cho	0.60946760028	0.205589046008	0.104511941457	0.0804314122558
-iyu	0.0	1.0	0.0	0.0
-xjɨ	0.511834319527	0.381656804734	0.0355029585799	0.0710059171597
-ee'	0.0	0.884210526316	0.0	0.115789473684
-peo	0.0	1.0	0.0	0.0
-soñ	0.176470588235	0.805882352941	0.0	0.0176470588235
-jɨt	0.379605050178	0.453739074134	0.0	0.166655875688
-tuñ	0.118252067394	0.209917431807	0.0478857248556	0.623944775943
-iyo	0.0	0.959731543624	0.0402684563758	0.0
-koñ	0.801886792453	0.066037735849	0.132075471698	0.0
-elo	0.0357142857143	0.964285714286	0.0	0.0
-ogo	0.0	1.0	0.0	0.0
-pes	0.206349206349	0.666666666667	0.063492063492	0.0634920634921
-gi'	0.167063280074	0.727308047205	0.0784323248021	0.027196347919
-kɇt	0.395291682835	0.288772474454	0.141314189626	0.174621653085
-lsi	0.302931596091	0.589576547231	0.0879478827361	0.0195439739414
-iya	0.0140306122449	0.822939044039	0.0181256713212	0.144904672395
-chu	0.16632527574	0.153291035126	0.0193469069632	0.661036782171
-duu	0.615232659064	0.128685926615	0.0215618199785	0.234519594342
-oiñ	0.278072304548	0.577254726622	0.06515074093	0.0795222278998
-hum	0.291671444358	0.381816715578	0.109989806192	0.216522033873
-rɨi	0.64336372847	0.21681864235	0.09726443769	0.0425531914894
-rɨk	0.476541185813	0.320827943079	0.0744175323095	0.128213338798
-hu'	0.355908487333	0.404189825986	0.0665693384402	0.173332348241
-pni	0.185726868629	0.224567217037	0.0374142784779	0.552291635856
-ito	0.0349514563107	0.941571050309	0.0217122683142	0.00176522506619
-tes	0.0	0.869387755102	0.130612244898	0.0
-eso	0.00427350427351	0.98433048433	0.00320512820513	0.00819088319089
-rɨt	0.393083413172	0.293568625027	0.0477485551813	0.26559940662
-ioñ	0.402081977879	0.228692257645	0.106050748211	0.263175016265
-ite	0.0	1.0	0.0	0.0
-kañ	0.189878613734	0.152934967454	0.0555620711898	0.601624347622
-ita	0.0569948186528	0.818652849741	0.0	0.124352331606
-o'x	0.39876113861	0.219869558985	0.0720754313434	0.309293871062
-ko'	0.130627306273	0.812177121771	0.0420664206642	0.0151291512915
-jam	0.0122367065835	0.00764307943117	0.00262588673058	0.977494327255
-tu'	0.422971247866	0.180748076859	0.0298916446474	0.366389030628
-o'p	0.240538881908	0.171834361027	0.0424617902335	0.545164966831
-sɨr	0.182648401826	0.803652968037	0.013698630137	0.0
-o'r	0.303140277841	0.319803047804	0.137622266346	0.239434408009
-sɨt	0.164142303628	0.42303628038	0.361747094047	0.0510743219443
-o't	0.270986412614	0.110978379121	0.0223287250136	0.595706483251
-giñ	0.252747252747	0.462759462759	0.110500610501	0.173992673993
-spo	0.0	1.0	0.0	0.0
-sɨi	0.296694710446	0.58283211891	0.0897643232243	0.0307088474188
-o'k	0.132780640277	0.664538106518	0.168249859588	0.0344313936168
-sɨk	0.740620143566	0.156700954636	0.0660475098053	0.0366313919929
-o'm	0.116931540742	0.105305019068	0.20818625228	0.56957718791
-sɨn	0.618644067797	0.177966101695	0.203389830508	0.0
-o'n	0.281683698208	0.506344515905	0.165314206775	0.046657579112
-so'	0.207079646018	0.617699115044	0.0796460176991	0.0955752212389
-o'b	0.0	0.475808936826	0.524191063174	0.0
-eeñ	0.0	0.0714285714286	0.928571428571	0.0
-abu	0.593511008111	0.313325608343	0.0537659327926	0.0393974507532
-rim	0.350969645868	0.5826306914	0.00948566610455	0.0569139966273
-hui	0.294333160378	0.183421741432	0.0852196708324	0.437025427358
-huk	0.221332999875	0.468925847193	0.207202701013	0.102538451919
-mrɨ	0.291139240506	0.0506329113924	0.0253164556962	0.632911392405
-'ki	0.637784090909	0.281960227273	0.0127840909091	0.067471590909
-hua	0.153814060218	0.177421597942	0.62061052778	0.0481538140602
