yie-	0.373737373737	0.454545454545	0.0	0.171717171717
ivi-	0.53585500394	0.353821907013	0.0394011032309	0.0709219858155
tut-	0.263992342217	0.499983590026	0.123335414144	0.112688653613
hem-	0.65831861166	0.150201040776	0.147275357917	0.0442049896482
mla-	0.0	0.988505747126	0.00574712643678	0.00574712643678
lur-	0.0464469098552	0.816239720372	0.081346599149	0.0559667706237
tna-	0.351674806369	0.611910052517	0.0202527499769	0.0161623911364
mou-	0.0642032506545	0.875582767046	0.0315700082354	0.0286439740646
dok-	0.117753692496	0.0124079841258	0.000647322383748	0.869191000995
maa-	0.0	0.921052631579	0.078947368421	0.0
mur-	0.396287549799	0.189270340083	0.126764512216	0.287677597902
kng-	0.534918644397	0.111528721223	0.0269017652859	0.326650869095
tku-	0.303993670712	0.550108172812	0.0739989581898	0.0718991982859
ver-	0.424680334552	0.285664872969	0.0796150603635	0.210039732115
pao-	0.324324324324	0.459459459459	0.216216216216	0.0
pua-	0.278786307054	0.354771784232	0.154737206086	0.211704702628
sto-	0.037037037037	0.740740740741	0.222222222222	0.0
tgu-	0.0112680254101	0.111628049242	0.077406398626	0.799697526722
hiv-	0.526015557476	0.0978392394122	0.0124459809853	0.363699222126
lau-	0.112753874501	0.139443141288	0.551203610417	0.196599373794
eda-	0.0	1.0	0.0	0.0
vas-	0.542343387471	0.448955916473	0.0	0.00870069605568
kee-	0.539270336446	0.0818962731775	0.0867381985548	0.292095191822
eka-	0.0735357016544	0.0456754891577	0.0032304154875	0.8775583937
mar-	0.104323180333	0.143943488977	0.0146365379789	0.737096792711
ite-	0.152129738348	0.641694432048	0.0557618401841	0.15041398942
lis-	0.0235301743696	0.941466260452	0.0123160692293	0.0226874959487
lte-	0.393518518518	0.45524691358	0.0925925925926	0.0586419753086
sga-	0.24538790759	0.323860408265	0.207521444761	0.223230239384
sip-	0.0235980629927	0.956847986505	0.0076660374129	0.0118879130896
san-	0.0639030527779	0.801668763658	0.0852592543541	0.04916892921
vaa-	0.478023584446	0.329012766787	0.0987558067765	0.0942078419907
pre-	0.0	1.0	0.0	0.0
sme-	0.280297901151	0.719702098849	0.0	0.0
myu-	0.0134185303514	0.950092483605	0.0268370607029	0.0096519253405
tgi-	0.341219486629	0.216431792052	0.0868212111125	0.355527510207
tko-	0.706099796787	0.191781054066	0.0247374959664	0.0773816531806
ksa-	0.739619969722	0.176568445168	0.0271984711294	0.0566131139803
pgi-	0.299593528333	0.565712919423	0.0758747110863	0.0588188411572
nun-	0.0436541214295	0.893089519469	0.0502500673906	0.0130062917112
tse-	0.371344068354	0.300690108446	0.291160039435	0.036805783766
ror-	0.28828125	0.4375	0.22734375	0.046875
kat-	0.0229050468503	0.0663323527025	0.0672675342633	0.843495066184
abi-	0.0	1.0	0.0	0.0
mil-	0.0916030534351	0.75572519084	0.0458015267175	0.106870229008
gan-	0.06271037949	0.794116290866	0.106284871121	0.0368884585235
teh-	0.763001100911	0.0963073943167	0.029580577606	0.111110927166
yer-	0.0185376870236	0.967629622659	0.00112919920956	0.0127034911075
gae-	0.0786049193892	0.888298272447	0.0330968081639	0.0
yut-	0.0762711864406	0.872881355932	0.0423728813559	0.00847457627119
kva-	0.50010569702	0.268427836437	0.0705363210824	0.160930145461
sog-	0.127979924718	0.749895441238	0.0301129234629	0.0920117105814
sen-	0.553699539565	0.297913109146	0.105387142769	0.04300020852
puo-	0.498444917335	0.311671304632	0.0982157472581	0.0916680307742
itl-	0.0819277108434	0.617670682731	0.1140562249	0.186345381526
lya-	0.0485261952493	0.166976764724	0.750692936982	0.0338041030442
gig-	0.0325085481532	0.891638172823	0.043344730871	0.0325085481532
tus-	0.776223776224	0.181818181818	0.041958041958	0.0
tai-	0.0862859712229	0.828192446043	0.0435026978417	0.0420188848921
rse-	0.0222024866785	0.966696269982	0.0	0.0111012433393
kum-	0.175862068966	0.546551724138	0.256896551724	0.0206896551724
pso-	0.587474959458	0.24534961366	0.110893828103	0.056281598779
git-	0.0973187686197	0.860973187686	0.0417080436941	0.0
has-	0.0720658888126	0.33081674674	0.597117364448	0.0
ong-	0.250614250614	0.542997542998	0.154791154791	0.0515970515971
svi-	0.583526313068	0.171132401675	0.0444370841455	0.200904201111
val-	0.168206125326	0.73561848359	0.0544368984473	0.0417384926367
mul-	0.0786601593952	0.208122161498	0.0300242257628	0.683193453344
ate-	0.0384615384615	0.961538461538	0.0	0.0
har-	0.685477235327	0.236080636314	0.0410038398244	0.0374382885354
kam-	0.147978420113	0.0111566674021	0.00289674466356	0.837968167822
kle-	0.3282148617	0.178511389873	0.0398442744857	0.453429473941
ilm-	0.122503545984	0.704550271451	0.115297455043	0.0576487275217
ngn-	0.325564291554	0.343947186012	0.201521324655	0.12896719778
sin-	0.203502527202	0.729664841818	0.0298087379987	0.0370238929819
per-	0.461904761905	0.371457085828	0.145566010836	0.0210721414314
kim-	0.032552625267	0.020048637598	0.00580724292461	0.94159149421
ktu-	0.288952657107	0.328344684534	0.0797201791715	0.302982479188
gin-	0.502793296089	0.463687150838	0.0335195530726	0.0
tag-	0.445872947277	0.388828867761	0.0891313742438	0.0761668107174
ler-	0.321428571429	0.0892857142857	0.535714285714	0.0535714285714
pat-	0.493918565345	0.389255391873	0.0274253783581	0.0894006644241
kov-	0.649581383896	0.26558729377	0.0331199212017	0.0517114011328
mni-	0.0188679245283	0.981132075472	0.0	0.0
ptu-	0.319628888485	0.543933054393	0.0654902674186	0.0709477897035
tpa-	0.537981190509	0.301065744645	0.0587598895346	0.102193175312
kem-	0.329429429429	0.411111111111	0.115315315315	0.144144144144
mop-	0.403633984372	0.446689780171	0.0401603405356	0.109515894921
vae-	0.646792792827	0.258770072299	0.0231986301929	0.0712385046816
gen-	0.122708039492	0.767277856135	0.110014104372	0.0
ake-	0.315589353612	0.638783269962	0.0	0.0456273764259
tve-	0.533183352081	0.291760404949	0.0653824521935	0.109673790776
vig-	0.672923368369	0.127083342866	0.092881972249	0.107111316516
kid-	0.042414355628	0.957585644372	0.0	0.0
rek-	0.0594150120978	0.906427215965	0.00770014474706	0.0264576271902
vel-	0.0555391432792	0.800886262925	0.1329394387	0.010635155096
ior-	0.261904761905	0.642857142857	0.0952380952381	0.0
por-	0.441983396876	0.473692176545	0.0567963773771	0.0275280492022
pas-	0.405152691094	0.368371761635	0.185660971271	0.040814576
ild-	0.415094339623	0.405660377358	0.0	0.179245283019
kpe-	0.636840845337	0.216882400632	0.0699906493973	0.0762861046342
sig-	0.0621722846442	0.933333333333	0.0	0.00449438202247
oln-	0.242432748478	0.588978960913	0.0919572494227	0.0766310411857
nge-	0.606060606061	0.33608815427	0.0413223140496	0.0165289256198
yod-	0.0	1.0	0.0	0.0
276-	0.0	0.304347826087	0.0	0.695652173913
rat-	0.360035340892	0.586953320572	0.0530113385362	0.0
hai-	0.271558955105	0.413000279597	0.0202708100336	0.295169955265
gug-	0.648249027237	0.272373540856	0.0163424124514	0.0630350194553
epa-	0.259318637275	0.522645290581	0.108216432866	0.109819639279
500-	0.145833333333	0.125	0.277777777778	0.451388888889
lmi-	0.15699752002	0.207486122307	0.0893879110811	0.546128446592
sap-	0.573121787099	0.332348470616	0.0235683910303	0.0709613512544
gun-	0.174611926227	0.325791710656	0.412394712508	0.0872016506091
tip-	0.121212121212	0.878787878788	0.0	0.0
mge-	0.210277026802	0.671392174846	0.0615639964401	0.0567668019123
enk-	0.633578524304	0.248881474179	0.0720406460909	0.0454993554258
rer-	0.686110503188	0.194831721604	0.0157209276158	0.103336847592
mpe-	0.00976630624346	0.97070108127	0.00976630624346	0.00976630624346
153-	0.0816326530612	0.0	0.0612244897959	0.857142857143
mah-	0.0	1.0	0.0	0.0
ssi-	0.0701754385965	0.894736842105	0.0350877192982	0.0
usi-	0.0700028106194	0.865116535636	0.0109272679991	0.0539533857457
ruk-	0.119267052983	0.079764898858	0.00231148592166	0.798656562237
kya-	0.198091776465	0.183098591549	0.588823262154	0.0299863698319
urs-	0.466926070039	0.416342412451	0.11673151751	0.0
tol-	0.637220205328	0.25823691372	0.0228740501274	0.0816688308253
lei-	0.253807824929	0.576889997217	0.078182202215	0.0911199756392
kgi-	0.181818181818	0.800865800866	0.017316017316	0.0
kri-	0.0615519194299	0.913639473184	0.0135319676652	0.011276639721
nha-	0.0649011922669	0.835730133947	0.0830549471751	0.0163137266111
lao-	0.0824243613693	0.458671006034	0.438142737057	0.02076189554
hah-	0.459505004771	0.414715854872	0.0686252614054	0.0571538789515
lid-	0.048	0.952	0.0	0.0
isa-	0.0905425946732	0.879320600093	0.0120723459564	0.0180644592779
tum-	0.187106918239	0.600628930818	0.185534591195	0.0267295597484
gnu-	0.373665752921	0.308733671266	0.0551310127261	0.262469563087
mus-	0.18198325878	0.769741795474	0.0363169316622	0.0119580140839
pud-	0.142857142857	0.857142857143	0.0	0.0
dio-	0.0729483282674	0.884498480243	0.0182370820669	0.0243161094225
bab-	0.131488107862	0.792976170601	0.0227306569442	0.0528050645933
lsi-	0.286396997654	0.237385013663	0.0636622268671	0.412555761816
aku-	0.0343013457408	0.194526847381	0.162981253216	0.608190553663
hur-	0.294407894737	0.28125	0.379934210526	0.0444078947368
akr-	0.428461573371	0.35765431414	0.128463590385	0.0854205221039
sor-	0.563128955286	0.279282083204	0.145554518104	0.012034443407
moi-	0.826086956522	0.159420289855	0.0	0.0144927536232
rit-	0.410408853928	0.520442696424	0.01920790268	0.0499405469679
kom-	0.136965819574	0.160694120502	0.0337631378451	0.668576922079
mee-	0.0719734597867	0.904035386951	0.0151819016738	0.00880925158847
kod-	0.145454545455	0.709090909091	0.0727272727272	0.0727272727272
ell-	0.225537472373	0.4871408479	0.100462125779	0.186859553948
mek-	0.23588038537	0.239172576904	0.0730405258235	0.451906511903
sae-	0.145823719428	0.807106598985	0.0304568527919	0.0166128287956
pge-	0.0967637088816	0.36831665629	0.0349042827213	0.500015352107
non-	0.0851136781775	0.0504310407174	0.0462257026393	0.818229578466
gro-	0.0557214188829	0.925704774823	0.0185738062943	0.0
tpi-	0.659535409165	0.119607427805	0.0251535691591	0.195703593871
lve-	0.254335260116	0.745664739884	0.0	0.0
mal-	0.218645594653	0.359136298905	0.0802121202525	0.34200598619
pek-	0.125035114573	0.22781902917	0.0972847433809	0.549861112876
thi-	0.0525864621618	0.928356405061	0.00726808857389	0.0117890442031
sab-	0.00229042601924	0.984545651807	0.00880005786339	0.00436386431034
ens-	0.366127706221	0.517950123321	0.0912578788709	0.0246642915867
aki-	0.0	0.99535962877	0.00464037122969	0.0
ole-	0.0	1.0	0.0	0.0
gra-	0.322522035667	0.0511152935915	0.112386560573	0.513976110169
eko-	0.942528735632	0.0114942528736	0.0459770114943	0.0
pit-	0.0214739717742	0.935073588916	0.00544709192092	0.0380053473892
lki-	0.278947368421	0.721052631579	0.0	0.0
vol-	0.0469793010924	0.886401495897	0.0403092683344	0.026309934676
llu-	0.362205264203	0.596786438644	0.0324041874296	0.00860410972434
sir-	0.402000985076	0.277434767354	0.172506855736	0.148057391835
hep-	0.0889830508475	0.816507000737	0.0488209285187	0.0456890198969
emo-	0.0	1.0	0.0	0.0
nma-	0.420960833261	0.0679108013917	0.0238654803458	0.487262885002
aot-	0.75106685633	0.157894736842	0.0	0.0910384068279
vip-	0.0152129817444	0.0689655172414	0.912778904665	0.00304259634888
tmu-	0.572371051071	0.15683973746	0.0417937364934	0.228995474976
gos-	0.470281543274	0.456725755996	0.0479666319083	0.0250260688217
and-	0.0131370328426	0.948584371461	0.0287655719139	0.00951302378257
ALL	0.237809308851	0.284516557736	0.0522625109634	0.425411622449
ana-	0.0186008896078	0.966033158108	0.00727860897696	0.00808734330772
puk-	0.865479855441	0.0488555748896	0.00736179895597	0.0783027707134
kha-	0.369704959419	0.558368494275	0.0355415330888	0.0363850132171
mae-	0.352483108849	0.400670010457	0.0740593241035	0.172787556591
mtu-	0.135419630156	0.665433854908	0.199146514936	0.0
kmi-	0.42224289942	0.192534019145	0.0594154141948	0.325807667241
ger-	0.369843527738	0.456614509246	0.0554765291607	0.118065433855
ppi-	0.225696927362	0.424659929919	0.285000651723	0.0646424909962
rhe-	0.226410273145	0.533778762771	0.00920112669058	0.230609837393
kui-	0.592841163311	0.299776286353	0.0201342281879	0.0872483221477
mor-	0.0516475548881	0.0631172172229	0.0111177270649	0.874117500824
plo-	0.283147247661	0.458067646604	0.103436790383	0.155348315353
liv-	0.0969387755102	0.879008746356	0.0211370262391	0.00291545189504
tel-	0.538224096814	0.266249159013	0.0513313587021	0.14419538547
mii-	0.334167333867	0.44426310279	0.0815113629365	0.140058200406
guy-	0.305440381958	0.44302047996	0.142354567157	0.109184570926
ata-	0.0	1.0	0.0	0.0
tie-	0.182511550104	0.162249083957	0.0711426636929	0.584096702246
vla-	0.20448560142	0.674385985	0.0976842044999	0.02344420908
ego-	0.656097188264	0.194682151589	0.0426344743276	0.106586185819
pig-	0.0	1.0	0.0	0.0
sve-	0.00859071384741	0.161996318265	0.829412967887	0.0
lum-	0.645833333333	0.25	0.104166666667	0.0
spo-	0.565908382674	0.389217824868	0.0162044250545	0.0286693674041
mes-	0.0	0.994082840237	0.00591715976333	0.0
pri-	0.0521929927043	0.907014194174	0.0298992822245	0.0108935308968
kla-	0.519082184979	0.257585352215	0.151696525829	0.0716359369765
rgo-	0.822565969063	0.122838944495	0.0545950864422	0.0
ami-	0.220666666667	0.724666666667	0.03	0.0246666666667
kur-	0.577968139871	0.393927929632	0.0232397886801	0.00486414181677
vru-	0.222959646583	0.128454620027	0.23321103504	0.41537469835
tek-	0.304498269896	0.638062283737	0.0221453287197	0.0352941176471
lni-	0.0349356448647	0.965064355135	0.0	0.0
tsa-	0.649122807018	0.0802005012531	0.225563909774	0.0451127819549
dev-	0.0058030547541	0.983699284399	0.00195608587217	0.00854157497514
vuv-	0.616237278505	0.292980568358	0.05738199497	0.0334001581665
mda-	0.0566652698235	0.938212972017	0.000931228756343	0.00419052940355
tva-	0.622078314501	0.252637562064	0.0761281874683	0.0491559359667
kir-	0.218579733238	0.155006741575	0.152443305267	0.47397021992
tal-	0.3549307218	0.55223253438	0.0373611286105	0.0554756152096
gid-	0.0333895836266	0.952218354465	0.0111815250208	0.00321053688717
lle-	0.146341463415	0.769230769231	0.0	0.0844277673546
paa-	0.348627383555	0.515672034867	0.0546754108024	0.0810251707754
kos-	0.255059805184	0.513013930368	0.169749880905	0.0621763835429
rod-	0.0909090909091	0.909090909091	0.0	0.0
tlu-	0.299829896124	0.0791381697747	0.0870117753092	0.534020158792
kpi-	0.767191160925	0.0773022405865	0.0159853611635	0.139521237325
450-	0.0487804878049	0.170731707317	0.0243902439024	0.756097560976
ngp-	0.33402862673	0.326913761921	0.104342760203	0.234714851146
mua-	0.529288428254	0.310729776987	0.0395357308887	0.12044606387
kye-	0.0336239103363	0.951432129514	0.0	0.0149439601495
pon-	0.207137858642	0.723582925122	0.0041987403779	0.0650804758572
hig-	0.503210180843	0.242399637689	0.229774354923	0.0246158265448
vuu-	0.676532229208	0.257271379645	0.0539283341001	0.0122680570465
sik-	0.203007518797	0.639097744361	0.135338345865	0.0225563909774
tvo-	0.640965768458	0.243275113249	0.0743123336291	0.0414467846635
nga-	0.266103954635	0.195374392751	0.0320428612014	0.506478791413
ben-	0.0	1.0	0.0	0.0
vib-	0.172413793103	0.827586206897	0.0	0.0
seg-	0.00818145912091	0.954954954955	0.00282119280031	0.0340423931238
kia-	0.173436775092	0.254662611475	0.101649569565	0.470251043868
mat-	0.198690412235	0.544275684899	0.0619918584159	0.195042044449
rev-	0.0	1.0	0.0	0.0
kei-	0.15581343932	0.557953874524	0.11835613572	0.167876550436
nni-	0.155848604213	0.214984808408	0.60319182001	0.0259747673688
hug-	0.317380352645	0.0100755667506	0.0906801007557	0.581863979849
vui-	0.591488338543	0.263503027389	0.0640451157402	0.0809635183283
sng-	0.098231827112	0.601178781925	0.194499017682	0.106090373281
nar-	0.0425531914894	0.957446808511	0.0	0.0
lga-	0.0560414366986	0.872208542073	0.0437293028785	0.0280207183493
nut-	0.127120461426	0.81505259016	0.00994432860557	0.0478826198079
sru-	0.441558441558	0.415584415584	0.116883116883	0.025974025974
las-	0.171131830521	0.790629057005	0.0110940634958	0.0271450489791
msm-	0.0	0.928983577452	0.0710164225477	0.0
ruo-	0.268277853777	0.480924152607	0.180878552972	0.0699194406445
yem-	0.0104221868928	0.987458046282	0.00211976682565	0.0
sie-	0.0963920902238	0.647532229585	0.128652528053	0.127423152139
pur-	0.35	0.408333333333	0.175	0.0666666666667
gur-	0.117811991569	0.644134912064	0.221656582076	0.0163965142906
peg-	0.0	1.0	0.0	0.0
the-	0.422399688597	0.0392831381721	0.00719821510366	0.531118958127
ani-	0.107482914239	0.144220070093	0.0168475380076	0.73144947766
gud-	0.0286585661035	0.908892869245	0.0338868180278	0.0285617466235
kis-	0.04	0.92	0.04	0.0
kuv-	0.133532312484	0.790163508954	0.0	0.0763041785621
lva-	0.13117621338	0.629645824224	0.184083952777	0.0550940096196
hag-	0.529157805643	0.206163716153	0.100990775052	0.163687703151
mli-	0.0940777297964	0.808451573103	0.0604565083282	0.0370141887724
tni-	0.300307926732	0.615885209993	0.0838068632741	0.0
sov-	0.268879669875	0.18063607254	0.283595431352	0.266888826233
mom-	0.481717524488	0.369807827777	0.0769355238604	0.071539123875
mru-	0.225957404065	0.157785744115	0.191869185201	0.424387666619
lgo-	0.0839694656488	0.778625954199	0.0916030534351	0.0458015267175
hal-	0.169394833355	0.657689651519	0.0445893452783	0.128326169848
ise-	0.47319104633	0.326913066111	0.134305049453	0.0655908381052
vng-	0.0916030534351	0.664122137405	0.030534351145	0.213740458015
ter-	0.13691128149	0.836801752464	0.0197152245345	0.00657174151149
pga-	0.493138586956	0.357752113527	0.0970108695652	0.0520984299517
tra-	0.430528375734	0.309197651663	0.228962818004	0.0313111545988
lup-	0.232258064516	0.729032258065	0.0387096774194	0.0
tto-	0.348525469169	0.217158176944	0.337801608579	0.0965147453084
tis-	0.205442128007	0.196197966349	0.124919550402	0.473440355242
ebe-	0.0489795918367	0.926530612245	0.0	0.0244897959184
hen-	0.124500750714	0.851211446179	0.0170259953093	0.00726180779761
edi-	0.159987468943	0.0963197660869	0.12184160693	0.62185115804
ker-	0.227330966827	0.460709982687	0.223851571859	0.0881074786269
oli-	0.0407430123543	0.906028213441	0.0414001577149	0.01182861649
tpu-	0.325378398137	0.436924994284	0.132146016102	0.105550591477
mea-	0.497115136037	0.367893598853	0.0430790683828	0.091912196727
tok-	0.0288523011227	0.0618108766838	0.00297475020861	0.906362071985
ero-	0.0	1.0	0.0	0.0
kue-	0.619233949761	0.279533135916	0.0392120544062	0.0620208599159
mov-	0.464772582495	0.42234679577	0.0955535737037	0.0173270480316
rir-	0.864466272891	0.0826580105776	0.02179799857	0.0310777179613
kon-	0.410480825012	0.291356998314	0.125888947726	0.172273228948
hak-	0.203252925761	0.120544927892	0.114849890855	0.561352255492
yul-	0.0	1.0	0.0	0.0
imu-	0.0525447113924	0.85230732898	0.0282211551658	0.0669268044623
kvi-	0.485431060378	0.346670671873	0.0436567537799	0.124241513968
mut-	0.116729046512	0.0709770993315	0.0181692981849	0.794124555972
lke-	0.670138888889	0.173611111111	0.104166666667	0.0520833333333
ksi-	0.540405995512	0.203474859904	0.101061770684	0.1550573739
vit-	0.319452427256	0.475312773111	0.174895742296	0.0303390573372
ehe-	0.572989851678	0.266198282592	0.0163934426229	0.144418423107
var-	0.0525905337039	0.919374512588	0.0210362134816	0.00699874022676
tuk-	0.0216886605627	0.103014478212	0.0727185120842	0.802578349141
ene-	0.489230769231	0.436923076923	0.0738461538462	0.0
pan-	0.587101769271	0.189132206186	0.0895756865779	0.134190337965
nim-	0.0	1.0	0.0	0.0
yim-	0.289532293987	0.576837416481	0.0890868596882	0.0445434298441
ari-	0.0131147540984	0.986885245902	0.0	0.0
tiv-	0.259622836476	0.363213639886	0.131748902092	0.245414621545
enn-	0.376610352542	0.288710603684	0.11035168471	0.224327359065
yam-	0.242424242424	0.662626262626	0.0777777777778	0.0171717171717
khe-	0.553638828744	0.286028044703	0.0438153165959	0.116517809956
alp-	0.0448895745242	0.946797541305	0.00831288417114	0.0
mai-	0.144825881938	0.588398517286	0.169128274958	0.0976473258189
mti-	0.27790228597	0.189376961004	0.248767368893	0.283953384133
kmu-	0.193315283062	0.155835214918	0.0230053643244	0.627844137695
pra-	0.214117647059	0.685882352941	0.075294117647	0.0247058823529
ape-	0.109090909091	0.890909090909	0.0	0.0
ini-	0.104187366927	0.874520936835	0.00766501064585	0.0136266855926
vle-	0.647655618361	0.0602270752455	0.0117246060339	0.28039270036
kni-	0.410520975481	0.475825525708	0.0238515216355	0.0898019771749
got-	0.146584804298	0.825786646201	0.0184190330008	0.00920951650037
ogu-	0.448383914492	0.263347755502	0.0541476032532	0.234120726753
vet-	0.242462710251	0.488416375754	0.144715963186	0.124404950809
pae-	0.120076209191	0.838265075721	0.024393869254	0.0172648458338
vur-	0.242347446806	0.434925779939	0.109662212029	0.213064561226
mde-	0.012474012474	0.987525987526	0.0	0.0
isp-	0.288508557457	0.633251833741	0.0488997555012	0.0293398533008
yor-	0.400555978289	0.345072143652	0.209638946686	0.0447329313727
yoa-	0.0108958057078	0.975977342654	0.0106882665514	0.00243858508697
kau-	0.449121817881	0.178298788131	0.0602797015361	0.312299692451
ino-	0.0909471082382	0.825901249944	0.0533871336671	0.0297645081507
ple-	0.198921509886	0.469742360695	0.237866986219	0.0934691431995
eng-	0.0600174260537	0.879923368737	0.0112573598415	0.0488018453682
yes-	0.0086977435956	0.811622317038	0.00438232975369	0.175297609613
mid-	0.5	0.5	0.0	0.0
rae-	0.179104477612	0.149253731343	0.611940298507	0.0597014925373
pun-	0.412536737404	0.304409789414	0.0533864541833	0.229667018999
yar-	0.0208999753596	0.101114591357	0.840381016651	0.0376044166321
ito-	0.106663197945	0.852687717473	0.016259633833	0.0243894507496
voo-	0.115442278861	0.637181409295	0.247376311844	0.0
tur-	0.474829097522	0.393384846993	0.0860707020667	0.0457153534181
spe-	0.107954545455	0.857954545455	0.0170454545454	0.0170454545454
tah-	0.0157878472905	0.897407084867	0.0042138382448	0.082591229598
eha-	0.6058910055	0.137146533352	0.167521816589	0.089440644558
666-	0.230769230769	0.0769230769231	0.0	0.692307692308
arh-	0.644947350109	0.0478524018687	0.00891101359553	0.298289234427
vro-	0.0556698608447	0.53192190569	0.0823688997268	0.330039333738
tng-	0.519813517069	0.256029543638	0.0819695710933	0.1421873682
sod-	0.0127412403972	0.987258759603	0.0	0.0
kun-	0.0412873566278	0.0512199195439	0.00577397433399	0.901718749494
kra-	0.212306365237	0.42676921971	0.358767925817	0.00215648923553
elp-	0.888429752066	0.0619834710744	0.0495867768595	0.0
kan-	0.41769201782	0.43272787447	0.0464200062456	0.103160101465
env-	0.443344878773	0.277090549233	0.24492825334	0.0346363186541
agi-	0.122738310975	0.225469567791	0.0272436482164	0.624548473018
sle-	0.0965141095566	0.626812109715	0.205896767054	0.0707770136748
vgo-	0.19165190434	0.49108724535	0.104544951284	0.212715899026
guv-	0.242774566474	0.0520231213872	0.670520231214	0.0346820809249
lge-	0.616546045038	0.229646518224	0.121657853229	0.0321495835091
tso-	0.514496611224	0.27152150623	0.0691785910225	0.144803291524
edr-	0.311746149564	0.521246984598	0.0	0.167006865838
vul-	0.0832180835467	0.87550274156	0.0182251451414	0.0230540297515
ngm-	0.237870507554	0.169835935048	0.104980640473	0.487312916925
mum-	0.11485352266	0.402097213165	0.0248693707438	0.45817989343
tre-	0.375408552233	0.188809339367	0.0503020146803	0.38548009372
log-	0.668981675174	0.233118567484	0.065266504895	0.0326332524475
met-	0.562492829068	0.164103707249	0.0339680905816	0.239435373102
tao-	0.51254089422	0.431842966194	0.0261723009815	0.0294438386041
lmo-	0.152173913043	0.521739130435	0.326086956522	0.0
mna-	0.0207507139285	0.023887788756	0.00444007633836	0.950921420977
psi-	0.342939481268	0.269932756964	0.266570605187	0.12055715658
puu-	0.253690243277	0.588144851963	0.093959349362	0.0642055553973
lol-	0.623829802703	0.120402984917	0.0487687136116	0.206998498768
ken-	0.337442059756	0.498418120324	0.0687409534006	0.0953988665195
tgo-	0.104189285529	0.690560157505	0.0666124550531	0.138638101912
hil-	0.0670391061453	0.882681564246	0.0	0.0502793296089
msi-	0.362261324787	0.251500952281	0.072357854442	0.31387986849
ilu-	0.0834191555098	0.765190525232	0.0247167868177	0.126673532441
lai-	0.0807901012684	0.783335637507	0.118247330038	0.0176269311859
hir-	0.109659067486	0.684956919652	0.145937255225	0.059446757637
kie-	0.189079878665	0.745197168858	0.0485338725986	0.0171890798787
ksu-	0.521892608804	0.402793909055	0.0351478695725	0.0401656125687
e-e-	0.437288135593	0.562711864407	0.0	0.0
aka-	0.03828125	0.95703125	0.0	0.0046875
gem-	0.3	0.192307692308	0.507692307692	0.0
gok-	0.00500000000001	0.995	0.0	0.0
mem-	0.417305867085	0.495443275805	0.0412017936352	0.0460490634745
par-	0.448324685495	0.429080968608	0.0184025801633	0.104191765734
too-	0.248972697708	0.552802077293	0.118570432181	0.0796547928169
ala-	0.111562583853	0.247786292855	0.573546973642	0.0671041496504
vug-	0.0317853679561	0.865316237474	0.0237043422045	0.0791940523651
lba-	0.0588235294118	0.470588235294	0.235294117647	0.235294117647
nah-	0.0	1.0	0.0	0.0
mba-	0.013986013986	0.951048951049	0.020979020979	0.013986013986
egu-	0.800657174151	0.111719605695	0.026286966046	0.0613362541073
vhe-	0.652406417112	0.31550802139	0.0	0.0320855614973
hib-	0.262917771883	0.613793103448	0.101856763926	0.0214323607427
seb-	0.0	1.0	0.0	0.0
tmo-	0.475382848016	0.314957228555	0.159702524303	0.0499573991261
tha-	0.610787193963	0.134479748113	0.0222348753922	0.232498182531
o-y-	0.481540376106	0.322455752212	0.0580752212389	0.137928650442
guo-	0.432432432432	0.567567567568	0.0	0.0
mka-	0.0777533845591	0.885839736553	0.0106110501281	0.0257958287596
lma-	0.246600169833	0.680650435356	0.0541184522376	0.0186309425736
ipa-	0.536044700925	0.160300448841	0.10488229367	0.198772556563
kin-	0.333857406521	0.373573039852	0.259758014902	0.0328115387245
rpe-	0.516384180791	0.34802259887	0.0372881355932	0.0983050847458
reu-	0.0	1.0	0.0	0.0
lhi-	0.00340522133939	0.996594778661	0.0	0.0
lyu-	0.267956330205	0.532911958118	0.0967247653707	0.102406946307
dan-	0.0630131754821	0.848768378843	0.088218445675	0.0
lpi-	0.0344827586207	0.931034482759	0.0	0.0344827586207
gre-	0.272306378388	0.713669258776	0.0140243628354	0.0
ser-	0.115200345546	0.655236457704	0.128812658282	0.100750538468
tev-	0.504161712247	0.298454221165	0.0428061831153	0.154577883472
mis-	0.0147624493191	0.941573968188	0.0240149703711	0.0196486121218
elm-	0.0	1.0	0.0	0.0
o-k-	0.30656299095	0.414906042564	0.0375748413032	0.240956125183
din-	0.00840336134454	0.647058823529	0.134453781513	0.210084033613
yai-	0.431828195121	0.358698830694	0.0867914081964	0.122681565988
yon-	0.0088170462895	0.833210874357	0.156502571638	0.00146950771491
vot-	0.455202328884	0.353881451973	0.0824662892487	0.108449929894
yin-	0.0507944797387	0.0876484413994	0.00838125536919	0.853175823493
agr-	0.0121668597915	0.966396292005	0.0150637311703	0.00637311703361
vav-	0.373472575702	0.346148264902	0.143957272769	0.136421886627
tuo-	0.719218241042	0.218892508143	0.0267100977198	0.0351791530945
tio-	0.329823691087	0.192454282769	0.115333264615	0.36238876153
kvu-	0.658862703602	0.203855193389	0.0802281048971	0.0570539981123
sos-	0.348505351212	0.404231762824	0.108869479641	0.138393406323
mup-	0.24600266489	0.182850322008	0.0687658844721	0.50238112863
don-	0.0237896494157	0.966193656093	0.0	0.0100166944908
isi-	0.0937449095944	0.683091708747	0.148232611174	0.0749307704839
kua-	0.0389503128182	0.0379570410943	0.00846450464606	0.914628141442
mpa-	0.0459183673469	0.721428571429	0.0795918367347	0.15306122449
tat-	0.357987984306	0.474742520844	0.0218857282982	0.145383766552
moa-	0.513089005236	0.183876868732	0.161105153599	0.141928972434
oto-	0.510144927536	0.255072463768	0.139130434783	0.095652173913
tov-	0.346153846154	0.538461538462	0.115384615385	0.0
o-e-	0.113715077349	0.75121219118	0.0	0.135072731471
pti-	0.41937692571	0.477918521055	0.0564875042793	0.0462170489558
tyo-	0.524443517873	0.166073580968	0.261341116535	0.0481417846248
pma-	0.41060117359	0.365794893716	0.107177554113	0.11642637858
ore-	0.25641025641	0.68717948718	0.0564102564102	0.0
pot-	0.105038818694	0.549855381337	0.219211447709	0.125894352261
pam-	0.136213341001	0.824971247844	0.0345025876941	0.00431282346177
mam-	0.283828339081	0.597516215274	0.0692540092333	0.0494014364114
sei-	0.356021453682	0.107951984616	0.149218773474	0.386807788228
ikk-	0.660175534833	0.168952276467	0.062534284147	0.108337904553
sia-	0.324858629364	0.118415085616	0.0649963505272	0.491729934492
omo-	0.0	0.970404298423	0.0	0.0295957015767
sis-	0.403696724543	0.503109060825	0.0453243015867	0.0478699130456
gil-	0.236842105263	0.184210526316	0.578947368421	0.0
pnu-	0.0476190476191	0.952380952381	0.0	0.0
glo-	0.830318851389	0.159612157375	0.00895021443223	0.00111877680403
pai-	0.0462231115558	0.891645822911	0.040220110055	0.0219109554777
mos-	0.072446738315	0.912781448573	0.00498833982627	0.00978347328555
kok-	0.269598270604	0.358111757807	0.0883098560727	0.283980115516
vok-	0.673256729773	0.21674714987	0.0232122726719	0.086783847685
omm-	0.537313432836	0.0618336886993	0.17697228145	0.223880597015
kne-	0.455695698089	0.39067886106	0.0234124374838	0.130213003367
reg-	0.676961453618	0.268742907422	0.0251397073909	0.0291559315693
ink-	0.0865874363328	0.904923599321	0.00848896434635	0.0
pla-	0.439249225412	0.350267585077	0.155173738253	0.0553094512585
lam-	0.247300215983	0.723542116631	0.00971922246219	0.0194384449244
bet-	0.0435510887772	0.941373534338	0.0100502512563	0.00502512562814
hip-	0.0167326211319	0.676838654525	0.16329425442	0.143134469924
bre-	0.0121073616649	0.972138480988	0.0125449771467	0.00320918020033
epr-	0.0	1.0	0.0	0.0
sal-	0.00636942675159	0.949044585987	0.015923566879	0.0286624203821
gat-	0.0	1.0	0.0	0.0
lka-	0.255280458805	0.532475404485	0.1632862405	0.0489578962092
hek-	0.845399188092	0.133288227334	0.0	0.0213125845737
gab-	0.0	1.0	0.0	0.0
lna-	0.0	1.0	0.0	0.0
400-	0.112592592593	0.195555555556	0.0	0.691851851852
mbe-	0.078509406657	0.879160636758	0.00832127351664	0.034008683068
ind-	0.738779803647	0.187587657784	0.0	0.0736325385694
yan-	0.29919447641	0.566168009206	0.0517836593786	0.0828538550057
kbo-	0.349593495935	0.60162601626	0.0243902439024	0.0243902439024
kgu-	0.540668851741	0.254822835544	0.106727775698	0.097780537017
her-	0.605423379123	0.097215237661	0.00716520497045	0.290196178246
idi-	0.333333333333	0.179487179487	0.230769230769	0.25641025641
eme-	0.245575221239	0.508849557522	0.199115044248	0.0464601769911
mse-	0.0584795321637	0.923976608187	0.0175438596491	0.0
min-	0.07215775899	0.412818150129	0.107567620358	0.407456470523
tun-	0.80003403676	0.184649421375	0.0153165418652	0.0
apr-	0.253521126761	0.718309859155	0.0	0.0281690140845
kti-	0.0870187980881	0.833476941306	0.0222938846132	0.0572103759932
ren-	0.402903221752	0.488612857282	0.00979233105961	0.0986915899069
lla-	0.0	0.952380952381	0.047619047619	0.0
nna-	0.176177300264	0.405596890471	0.410517658959	0.00770815030552
sul-	0.630990143735	0.309915233549	0.0120394797179	0.0470551429982
sla-	0.298925170703	0.547731282986	0.125890075117	0.0274534711939
lul-	0.411580594679	0.343766301513	0.15232133542	0.0923317683881
tab-	0.0811448338994	0.735592421564	0.105788199067	0.0774745454702
lok-	0.0191145851111	0.14777963614	0.00238932313889	0.83071645561
gal-	0.079020643303	0.878540566491	0.03437349976	0.00806529044648
lar-	0.317317317317	0.362362362362	0.185185185185	0.135135135135
kre-	0.351921390998	0.307761664666	0.0384419102007	0.301875034135
hav-	0.75660199514	0.0539510919577	0.0170644046783	0.172382508224
kar-	0.0471343341645	0.0699143462366	0.0142265747668	0.868724744832
rin-	0.24594163654	0.608278355105	0.0674814147235	0.0782985936318
kay-	0.498538351936	0.289110122481	0.105800583418	0.106550942166
kli-	0.266700144395	0.218123693501	0.386411976155	0.128764185949
kus-	0.221439818427	0.715151429179	0.0472373927229	0.0161713596709
kob-	0.0575589761479	0.586621898574	0.355819125278	0.0
mia-	0.130439126784	0.580656539178	0.0235800209582	0.26532431308
ati-	0.00728597449909	0.985428051002	0.0	0.00728597449908
huo-	0.465094339623	0.498113207547	0.0198113207547	0.0169811320755
mne-	0.238911327002	0.619546628825	0.0947858676272	0.0467561765455
ung-	0.350272232305	0.5444646098	0.05444646098	0.0508166969147
ngr-	0.280320070804	0.196153812936	0.0501044379602	0.473421678299
lae-	0.520231213873	0.306358381503	0.0346820809248	0.138728323699
kou-	0.0	0.849056603774	0.0	0.150943396226
gie-	0.516383003358	0.38925552854	0.0665740419127	0.0277874261896
ikv-	0.0793918918919	0.815878378378	0.0	0.10472972973
tak-	0.0514732384214	0.937038205082	0.00608217696883	0.00540637952784
het-	0.407218758233	0.344252217441	0.196715552823	0.0518134715026
mun-	0.297455014984	0.659982506178	0.0136014799154	0.0289609989222
lpe-	0.0607620600658	0.779027576917	0.099733971326	0.060476391691
spu-	0.180722891566	0.638554216867	0.0722891566265	0.10843373494
mei-	0.633027522936	0.256880733945	0.110091743119	0.0
mhi-	0.0	1.0	0.0	0.0
pav-	0.550294426071	0.220214568041	0.0500120997016	0.179478906187
esl-	0.0	1.0	0.0	0.0
kak-	0.275828468889	0.442619106656	0.0575255067135	0.224026917741
eni-	0.430839002268	0.472411186697	0.0646258503401	0.0321239606954
one-	0.0	1.0	0.0	0.0
lom-	0.237524848361	0.461134614404	0.0331311483766	0.268209388858
kik-	0.599108514452	0.247823912165	0.0733790559904	0.0796885173925
bea-	0.101123595506	0.719101123596	0.179775280899	0.0
o-n-	0.657894736842	0.236842105263	0.0394736842105	0.0657894736842
vha-	0.325244618395	0.456360078278	0.199608610568	0.0187866927593
tge-	0.730885670189	0.115606078594	0.085035023151	0.068473228066
mgu-	0.406857030318	0.131027181173	0.0449456945984	0.417170093911
sil-	0.0940404487463	0.881328535417	0.0109684992399	0.0136625165971
430-	0.540540540541	0.0540540540541	0.0	0.405405405405
dik-	0.126040428062	0.61950059453	0.217598097503	0.0368608799049
lal-	0.423299769365	0.537886032514	0.023626033639	0.0151881644822
ngi-	0.322223151233	0.17975825647	0.0369170022927	0.461101590005
vie-	0.321428571429	0.660714285714	0.0	0.0178571428571
vlo-	0.00373999590382	0.529066420546	0.0162873154949	0.450906268055
tke-	0.377767285196	0.471056453816	0.0965655703783	0.0546106906089
mep-	0.043249126425	0.932577189666	0.00801970556224	0.0161539783468
gus-	0.662904928148	0.26524315986	0.0365348705042	0.0353170414874
him-	0.582829173588	0.290569193504	0.0409776483483	0.0856239845596
tik-	0.312923974896	0.550428001132	0.0587586503079	0.077889373664
rei-	0.383665877579	0.418498478187	0.177544808928	0.020290835306
lhu-	0.555497446625	0.147557374023	0.215960130437	0.080985048914
msn-	0.0535714285714	0.839285714286	0.0	0.107142857143
mta-	0.0252498684903	0.947922146239	0.0252498684902	0.00157811678064
o-o-	0.180516906568	0.153490420612	0.0150147144201	0.650977958399
tro-	0.115173237754	0.395937873357	0.330465949821	0.158422939068
tvu-	0.315172306027	0.344810498411	0.226530335926	0.113486859637
lan-	0.0568617973843	0.174272958938	0.0785754627168	0.690289780961
itg-	0.572552768993	0.373023461058	0.0389791865853	0.015444583364
bit-	0.0	1.0	0.0	0.0
pop-	0.271714922049	0.614699331849	0.0668151447661	0.0467706013363
gol-	0.0257377786633	0.823997140703	0.146886098518	0.00337898211502
ela-	0.111692238544	0.882178683065	0.00245163135636	0.00367744703455
yud-	0.0415730841279	0.819702532233	0.108280429644	0.0304439539947
ppu-	0.477203647416	0.468085106383	0.0	0.0547112462006
koe-	0.0	1.0	0.0	0.0
tti-	0.694367121857	0.155414621049	0.086368632278	0.063849624816
nag-	0.0	1.0	0.0	0.0
oot-	0.179487179487	0.461538461538	0.0	0.358974358974
arp-	0.0	1.0	0.0	0.0
itu-	0.0	1.0	0.0	0.0
sro-	0.289575289575	0.247104247104	0.440154440155	0.023166023166
ron-	0.0	0.525	0.0	0.475
yek-	0.221605560917	0.111252604074	0.0279547610982	0.639187073911
tam-	0.193477591165	0.335938009458	0.0850885852224	0.385495814154
mmi-	0.0367033528157	0.889871823098	0.0289264241945	0.0444983998916
gul-	0.237861352793	0.628473196744	0.061745719899	0.0719197305641
tir-	0.0	0.558846213173	0.0441153786827	0.397038408144
sne-	0.0106382978723	0.989361702128	0.0	0.0
men-	0.941442980748	0.0382317125114	0.0145631252808	0.0057621814595
rob-	0.26357827476	0.55910543131	0.138977635783	0.038338658147
iko-	0.07	0.93	0.0	0.0
hop-	0.446286025018	0.156590887009	0.0570117389273	0.340111349046
slo-	0.0984595472248	0.742988224146	0.0969572301896	0.0615949984399
kyo-	0.537638169861	0.335630334406	0.0318315377081	0.0948999580244
uru-	0.496685815289	0.304021210782	0.0702607158639	0.129032258065
muu-	0.167286245353	0.520446096654	0.0223048327138	0.289962825279
tsu-	0.272751056214	0.670360866346	0.0335094154778	0.0233786619612
tno-	0.372667068031	0.531005418423	0.0313064419025	0.0650210716436
sol-	0.136566865573	0.833840747377	0.00869852646961	0.02089386058
ame-	0.0	0.627450980392	0.372549019608	0.0
nva-	0.269662921348	0.595505617978	0.134831460674	0.0
ike-	0.564254992471	0.326988376327	0.108756631202	0.0
elh-	0.403077952493	0.296487119438	0.109066577451	0.191368350619
iso-	0.12576419214	0.717903930131	0.0733624454148	0.0829694323144
teg-	0.260061919505	0.142414860681	0.578947368421	0.0185758513932
hut-	0.196261682243	0.523364485981	0.280373831776	0.0
nig-	0.0	0.96	0.0	0.04
tlo-	0.292095269489	0.0649674886463	0.0158120299495	0.627125211916
mag-	0.0964467005076	0.751269035533	0.10152284264	0.0507614213198
sko-	0.72	0.28	0.0	0.0
vra-	0.62488570233	0.124090461763	0.0438350936466	0.207188742261
kpu-	0.512763944016	0.319000084889	0.0631940135153	0.10504195758
end-	0.0587304995293	0.0900418406541	0.00704105002087	0.844186609796
orm-	0.290703725601	0.257275381455	0.080738178085	0.371282714859
ket-	0.161157074694	0.468076521729	0.0710314351127	0.299734968464
hok-	0.0946050819877	0.689347853298	0.132457128552	0.0835899361623
aol-	0.90317328009	0.0473956616977	0.0147323938201	0.0346986643922
tpo-	0.652264445601	0.223841749089	0.031233732431	0.0926600728787
adr-	0.454545454545	0.363636363636	0.181818181818	0.0
mon-	0.578854057103	0.261408964189	0.046452559354	0.113284419354
vop-	0.243936164783	0.0969327434513	0.0368486080481	0.622282483717
alo-	0.0787161138533	0.176670067438	0.102799086847	0.641814731862
tho-	0.496607024985	0.13673374948	0.155798016606	0.210861208929
ram-	0.0608880543436	0.888613519633	0.0210208759044	0.0294775501187
mye-	0.0096135721018	0.982500785423	0.00351869305686	0.00436694941878
lso-	0.00889729974016	0.955513501299	0.0177945994803	0.0177945994802
vee-	0.43055247393	0.194031506545	0.124029287775	0.251386731751
man-	0.0563521707521	0.0467631028163	0.00327921726175	0.89360550917
bra-	0.157039711191	0.794223826715	0.0324909747292	0.0162454873646
tma-	0.434118099104	0.491679066866	0.0504777396851	0.023725094344
lvu-	0.118130263638	0.485433273977	0.340204187318	0.0562322750665
eti-	0.509727626459	0.256809338521	0.0	0.233463035019
kso-	0.506474277869	0.282095458583	0.0868710797642	0.124559183783
sgu-	0.535809018568	0.419098143236	0.0132625994695	0.0318302387268
smi-	0.46688798549	0.179363991637	0.149919642597	0.203828380276
kte-	0.12917547318	0.748579950486	0.0226233722794	0.099621204055
hor-	0.360118042168	0.324715288118	0.0484692472291	0.266697422485
ekm-	0.381363136648	0.438654696674	0.0654124996018	0.114569667077
pad-	0.0550458715596	0.32372214941	0.589777195282	0.0314547837484
lng-	0.351351351351	0.243243243243	0.405405405405	0.0
lko-	0.16422785099	0.619131154088	0.091348622283	0.12529237264
yos-	0.0210619951506	0.952180088667	0.0133430895709	0.0134148266116
ebr-	0.0661991922644	0.90494514201	0.0232891400125	0.00556652571358
mpu-	0.0504201680672	0.949579831933	0.0	0.0
ema-	0.0721649484536	0.812371134021	0.0288659793814	0.0865979381444
msa-	0.0800529434686	0.898529580351	0.00409135602069	0.0173261201598
itn-	0.0103896103896	0.966233766234	0.0103896103896	0.012987012987
pis-	0.825000094322	0.0439508105753	0.0106499709513	0.120399124151
rup-	0.0	0.926605504587	0.0733944954128	0.0
mie-	0.212495983965	0.308247553024	0.133970808697	0.345285654314
ten-	0.444232492461	0.28165401366	0.0956400759395	0.17847341794
nai-	0.0	1.0	0.0	0.0
kmo-	0.306351661257	0.457040933228	0.0556443264809	0.180963079035
his-	0.0	0.929530201342	0.0704697986577	0.0
sai-	0.0160031085175	0.966979197398	0.00345390831312	0.0135637857713
rka-	0.115356074207	0.782669060443	0.0933572710951	0.00861759425493
mpr-	0.0338983050847	0.966101694915	0.0	0.0
kna-	0.1455301024	0.564185644159	0.0981932890764	0.192090964365
yas-	0.0248184575788	0.940711462451	0.0344700799706	0.0
pum-	0.241546051278	0.131239197596	0.0275018491777	0.599712901949
kuo-	0.102430548692	0.0890257241557	0.032286919084	0.776256808069
psa-	0.258575197889	0.720316622691	0.0211081794195	0.0
von-	0.626679659713	0.284488305409	0.0457529544185	0.0430790804589
