-hem	0.0195519348269	0.97067209776	0.00977596741344	0.0
-eua	0.469733656174	0.19612590799	0.101694915254	0.232445520581
-lem	0.013407677613	0.969873724054	0.0001329687036	0.016585629629
-aus	0.264991826551	0.635636238493	0.0993719349566	0.0
-oya	0.487878124761	0.145838370563	0.0419363194272	0.324347185249
-oyo	0.683286085864	0.298302013619	0.0184119005173	0.0
-zip	0.00762001524002	0.92824485649	0.0641351282703	0.0
-aua	0.0345963756178	0.945634266886	0.0	0.0197693574959
-zia	0.147886036332	0.732729599793	0.101638039515	0.0177463243598
-nti	0.0271587743733	0.947771587744	0.008356545961	0.016713091922
-nto	0.074393691415	0.863859544711	0.0014878738283	0.0602588900462
-nta	0.104347826087	0.797826086956	0.045652173913	0.0521739130435
-zua	0.289124668435	0.257294429708	0.0	0.453580901857
-pua	0.0859970505144	0.914002949486	0.0	0.0
-pra	0.0295930949445	0.959309494451	0.00369913686806	0.00739827373612
-neu	0.169996367599	0.136941518344	0.0	0.693062114057
-pre	0.0410958904109	0.902397260274	0.0205479452055	0.0359589041096
-opu	0.0	0.789473684211	0.210526315789	0.0
-ape	0.270731165078	0.513947192907	0.12835602286	0.0869656191559
-pro	0.404255319149	0.36170212766	0.106382978723	0.127659574468
-opi	0.149773710158	0.514502561595	0.217144104881	0.118579623366
-ope	0.214344042402	0.100078028642	0.0332781010865	0.65229982787
-opa	0.0348162475822	0.947775628627	0.0130560928434	0.00435203094778
-ims	0.0142180094787	0.568720379147	0.0189573459715	0.398104265403
-imu	0.714285714286	0.263736263736	0.010989010989	0.010989010989
-oku	0.522648083624	0.337979094077	0.0796416127426	0.059731209557
-dek	0.155980861244	0.755023923445	0.0200956937799	0.0688995215311
-den	0.0	1.0	0.0	0.0
-400	0.275675675676	0.282882882883	0.0252252252252	0.416216216216
-ima	0.3670115718	0.300629917115	0.0759654827032	0.256393028382
-oko	0.0785701990874	0.0535603982643	0.0316691713966	0.836200231252
-atu	0.121432782164	0.225378586546	0.432125013288	0.221063618002
-ime	0.151428571429	0.0514285714286	0.711428571429	0.0857142857143
-deu	0.424068767908	0.352435530086	0.00644699140402	0.217048710602
-imi	0.428601638911	0.388210415014	0.170975416336	0.0122125297383
-oka	0.287292540877	0.403597100802	0.0691266720226	0.239983686299
-imo	0.242916647595	0.651348011169	0.07964480249	0.0260905387467
-obi	0.983231707317	0.0167682926829	0.0	0.0
-obo	0.00264375413086	0.996034368804	0.00132187706543	0.0
-idi	0.0143509458578	0.950750163079	0.00684931506851	0.0280495759948
-oba	0.117377388654	0.635560302023	0.101195263228	0.145867046095
-wae	0.646956701102	0.111109201231	0.03454973615	0.207384361517
-obe	0.0372670807453	0.962732919255	0.0	0.0
-bia	0.290090439084	0.630257609846	0.0649015897611	0.0147503613094
-bim	0.34756097561	0.628048780488	0.0121951219512	0.0121951219512
-obu	0.507561785319	0.412762818148	0.0531169310217	0.0265584655109
-tep	0.641975308642	0.205761316872	0.152263374486	0.0
-100	0.0102855940645	0.0708680028415	0.107998737677	0.810847665417
-uta	0.419782500553	0.325230459443	0.104322617039	0.150664422965
-tet	0.04802259887	0.875706214689	0.0169491525424	0.0593220338983
-teu	0.277027027027	0.635135135135	0.00675675675676	0.0810810810811
-ria	0.0629093723949	0.871858997261	0.0211385018459	0.0440931284983
-rio	0.0597609561753	0.885790172643	0.0464807436919	0.00796812749004
-uti	0.193477853439	0.404510526645	0.346723308553	0.0552883113638
-uto	0.20946769742	0.0601637235724	0.00304804523165	0.727320533776
-rit	0.0	0.961493582264	0.0	0.0385064177363
-riu	0.595804426849	0.323129262861	0.0375673145248	0.0434989957655
-ris	0.00891090372905	0.846425212666	0.128344248552	0.016319635053
-utu	0.0578983763953	0.864455095935	0.00380222138246	0.0738443062873
-ten	0.209880239521	0.66497005988	0.0389221556887	0.0862275449102
-are	0.0949483390541	0.0974707887211	0.0241466783131	0.783434193912
-ara	0.194499361479	0.453891107535	0.0805252741672	0.271084256818
-mes	0.08	0.92	0.0	0.0
-eri	0.336477353629	0.253178790705	0.253486979227	0.156856876439
-aro	0.43097917568	0.0743014235553	0.00407128798521	0.49064811278
-lut	0.714285714286	0.285714285714	0.0	0.0
-ari	0.386568386568	0.473382473382	0.00982800982801	0.130221130221
-aru	0.30103959301	0.605175846052	0.0331785003318	0.0606060606061
-mea	0.0307692307692	0.938461538462	0.0307692307692	0.0
-mel	0.0141012480437	0.978848127934	0.00705062402188	0.0
-men	0.0701754385965	0.929824561403	0.0	0.0
-aya	0.187326891471	0.419790561421	0.208349614016	0.184532933092
-ayo	0.00409100696189	0.988372927582	0.00667480083255	0.000861264623555
-ero	0.235441292098	0.0657264366513	0.0272128814179	0.671619389833
-sre	0.261664027287	0.616274820319	0.0168108173955	0.105250334998
-ubu	0.0539556370482	0.60528648854	0.0269474759614	0.313810398451
-sra	0.142591444513	0.712647241166	0.0260384376937	0.118722876627
-uba	0.19590410832	0.337369817903	0.0438594717265	0.422866602051
-ube	0.397763019923	0.455085634394	0.0160782943027	0.131073051381
-umu	0.224922225076	0.539075834118	0.14672489083	0.0892770499757
-ota	0.0808663947404	0.0514206225397	0.0145171024692	0.853195880251
-ote	0.029702970297	0.950495049505	0.019801980198	0.0
-oti	0.246502728685	0.211479860868	0.0332816875825	0.508735722864
-iga	0.173480880042	0.607539942378	0.0499443425878	0.169034834992
-oto	0.174649489597	0.443984160626	0.0356248050845	0.345741544692
-ume	0.15401459854	0.680437956204	0.148905109489	0.0166423357664
-uma	0.319479853482	0.414844408356	0.123468498805	0.142207239358
-otu	0.338355430043	0.595981986502	0.0548475697101	0.0108150137457
-umi	0.218698288548	0.60308508019	0.102240519448	0.0759761118141
-ako	0.0656269314328	0.718073729408	0.119370230091	0.0969291090682
ALL	0.223002325152	0.256513626602	0.0482882675724	0.472195780674
-nai	0.27744572891	0.476289862925	0.11989103017	0.126373377994
-nan	0.0328767123288	0.682191780822	0.186301369863	0.0986301369863
-aki	0.202127659574	0.691489361702	0.106382978723	0.0
-sis	0.140506329114	0.779746835443	0.0	0.0797468354431
-ake	0.108386892638	0.0913322918108	0.397777206478	0.402503609073
-sip	0.143358689292	0.811000585138	0.0210649502633	0.0245757753072
-kio	0.0	0.988857938719	0.0111420612813	0.0
-aka	0.136390919568	0.0744849402167	0.0828298287914	0.706294311424
-nae	0.262219666475	0.311098332375	0.109258194365	0.317423806786
-kis	0.0812472125807	0.888891043416	0.0104710011441	0.0193907428594
-zus	0.019801980198	0.980198019802	0.0	0.0
-sio	0.135338345865	0.864661654135	0.0	0.0
-sin	0.0	1.0	0.0	0.0
-nas	0.0903010033444	0.869565217391	0.0200668896321	0.0200668896321
-sia	0.280811672145	0.312381455427	0.114409626715	0.292397245712
-nau	0.268966806058	0.540321679365	0.0361443727626	0.154567141814
-mou	0.238054923255	0.239049182502	0.178597654262	0.344298239981
-mos	0.0116279069767	0.96511627907	0.0232558139535	0.0
-gol	0.0170524520794	0.524426058673	0.458521489248	0.0
-gon	0.0	1.0	0.0	0.0
-goe	0.169131238447	0.648798521257	0.16820702403	0.0138632162662
-mon	0.00565770862801	0.991513437058	0.0	0.002828854314
-moi	0.573529411765	0.382352941176	0.0	0.0441176470588
-yau	0.224	0.488	0.18	0.108
-yas	0.019801980198	0.970297029703	0.009900990099	0.0
-mfa	0.0	1.0	0.0	0.0
-bet	0.0181818181818	0.905050505051	0.0	0.0767676767676
-beu	0.613236814891	0.177869700103	0.163391933816	0.0455015511892
-yae	0.561133603239	0.127935222672	0.017004048583	0.293927125506
-bek	0.179220779221	0.54025974026	0.0779220779221	0.202597402597
-bel	0.146669788131	0.853330211869	0.0	0.0
-yao	0.239507565039	0.531208908271	0.0754496163385	0.153833910351
-bea	0.0229007633588	0.885496183206	0.0916030534351	0.0
-yai	0.419543181311	0.460742780237	0.0315475831831	0.0881664552683
-iso	0.0640505803417	0.227851551427	0.0165250883511	0.69157277988
-reo	0.00977198697068	0.970684039088	0.0195439739414	0.0
-isi	0.207393755757	0.694349540336	0.056658259118	0.0415984447897
-ise	0.328193615958	0.16933832188	0.0518433166106	0.450624745551
-rea	0.10642046196	0.682826569229	0.157249119144	0.0535038496672
-isa	0.573554263361	0.334478046311	0.0241768456088	0.0677908447193
-upe	0.12118226601	0.646305418719	0.0768472906404	0.155665024631
-res	0.137851809305	0.853532452613	0.00861573808156	0.0
-ret	0.110441767068	0.694205393001	0.178141135972	0.0172117039587
-upi	0.18640776699	0.669902912621	0.0815533980582	0.0621359223301
--da	0.531805305176	0.228689157868	0.028328611898	0.211176925058
-ame	0.151248891494	0.384773865682	0.0239641283882	0.440013114435
-mas	0.0	1.0	0.0	0.0
-mau	0.222998347148	0.240933618531	0.165892904888	0.370175129433
-ham	0.0127672989019	0.980927862134	0.00105080649399	0.00525403246992
-mai	0.108871046424	0.642133684808	0.0966625358284	0.15233273294
-mak	0.060606060606	0.927272727273	0.0	0.0121212121212
-mam	0.0	1.0	0.0	0.0
-nra	0.117942591839	0.806738850481	0.0476819845466	0.0276365731327
-mao	0.395458977573	0.336165668385	0.236801782978	0.0315735710637
-man	0.233867265831	0.607644173854	0.12659756952	0.0318909907951
-mae	0.58847602981	0.25420652461	0.0548100674761	0.102507378104
-uno	0.0548223350254	0.875126903553	0.0700507614213	0.0
-uni	0.173643624346	0.462957862848	0.119044340402	0.244354172404
-une	0.176097064718	0.147478217568	0.0633913078014	0.613033409913
-una	0.230515145323	0.693615898876	0.0382623415696	0.0376066142314
-unu	0.530338856051	0.229901382905	0.0701801572996	0.169579603745
-nki	0.0562462995855	0.938425103612	0.0	0.00532859680285
-tre	0.230467193991	0.74392534001	0.025607465999	0.0
-gae	0.738975501114	0.198663697105	0.0338530066815	0.0285077951002
-tra	0.175231407597	0.801787424194	0.00574529205234	0.017235876157
-500	0.0322580645161	0.153225806452	0.112903225806	0.701612903226
-tri	0.0408560311284	0.348249027237	0.552529182879	0.0583657587548
-gai	0.447275008302	0.137042913546	0.101951957492	0.31373012066
-gau	0.211764705882	0.590588235294	0.141176470588	0.0564705882353
-seo	0.469879518072	0.0722891566265	0.385542168675	0.0722891566265
-ini	0.149534137519	0.692804653147	0.109921302191	0.0477399071429
-ink	0.12	0.826666666667	0.0533333333333	0.0
-sei	0.440366972477	0.251376146789	0.23119266055	0.0770642201835
-ino	0.215504879967	0.632776724178	0.0656829640594	0.0860354317961
--mu	0.330275229358	0.495412844037	0.174311926605	0.0
-ina	0.318833869179	0.4271863361	0.0896946874376	0.164285107284
-ine	0.190672358332	0.0573983319529	0.0432135868921	0.708715722823
-sea	0.0526315789474	0.763157894737	0.184210526316	0.0
-seu	0.50342452029	0.205960230146	0.0266700380714	0.263945211492
-set	0.678571428571	0.0428571428571	0.235714285714	0.0428571428572
-inu	0.521493093358	0.164722901734	0.080228973239	0.233555031669
-kus	0.375	0.609375	0.0	0.015625
-iam	0.0698974836905	0.907735321528	0.022367194781	0.0
-iao	0.164774643138	0.784534112622	0.0367539620097	0.01393728223
-edi	0.274509803921	0.686274509804	0.0	0.0392156862745
-iai	0.162705204401	0.67803251599	0.0422028366497	0.117059442959
-nen	0.0	0.943396226415	0.0	0.0566037735849
-nok	0.0	1.0	0.0	0.0
-mto	0.114533205005	0.827718960539	0.0288739172281	0.0288739172281
-ias	0.040562248996	0.924497991968	0.0204819277108	0.0144578313253
-mta	0.216152019002	0.783847980998	0.0	0.0
-ban	0.0606060606061	0.939393939394	0.0	0.0
-eka	0.16218393355	0.201514156515	0.321755100152	0.314546809783
-eke	0.595891374701	0.300475342742	0.00353295281443	0.100100329742
-bai	0.438095238095	0.514285714286	0.0	0.047619047619
-eko	0.4	0.09	0.36	0.15
-bat	0.000644814615798	0.990542718968	0.00128962923159	0.00752283718429
-bas	0.0173364854216	0.968479117415	0.00788022064618	0.00630417651694
-ase	0.488554895765	0.319868784754	0.0632119531742	0.128364366306
-asa	0.431067179272	0.2304804796	0.14984289887	0.188609442258
-l00	0.647058823529	0.235294117647	0.0588235294117	0.0588235294117
-aso	0.0131471078318	0.0350058631516	0.0112091206685	0.940637908348
-153	0.0869565217391	0.055900621118	0.0372670807453	0.819875776398
-asi	0.223588323009	0.535159731997	0.0427817932718	0.198470151723
-yei	0.0843880947007	0.594701278091	0.162486393523	0.158424233685
-mba	0.108324286353	0.275927581583	0.388722140622	0.227025991443
-asu	0.366085578447	0.27733755943	0.0475435816165	0.309033280507
-yen	0.0	0.938461538462	0.0615384615385	0.0
-lta	0.0630236794172	0.892896174863	0.0364298724954	0.00765027322404
-430	0.565217391304	0.0652173913043	0.0	0.369565217391
-rau	0.24154589372	0.36231884058	0.347826086957	0.048309178744
-ras	0.0214899713467	0.944842406877	0.0336676217765	0.0
-ran	0.14201183432	0.85798816568	0.0	0.0
-rao	0.507936507937	0.492063492063	0.0	0.0
-iwa	0.592918731949	0.185245324216	0.0312322956175	0.190603648218
-ram	0.08	0.84	0.0533333333333	0.0266666666667
-iwe	0.0951196198378	0.878722484707	0.0118899524797	0.0142679429757
-rai	0.384821177133	0.48394818361	0.091523514503	0.0397071247536
-era	0.286548756366	0.286365418196	0.0690165202225	0.358069305215
-iwi	0.253195488722	0.637330827068	0.0357142857143	0.0737593984963
-iwo	0.345254605377	0.29436654445	0.0701789276324	0.29019992254
-ere	0.16965833377	0.603987221978	0.0810740805692	0.145280363683
-raa	0.657718120805	0.295302013423	0.0	0.0469798657718
-ugu	0.309582309582	0.683046683047	0.00737100737102	0.0
-oza	0.00995355009954	0.9900464499	0.0	0.0
-oze	0.107949790795	0.811715481172	0.0401673640167	0.0401673640167
-azu	0.207091937256	0.121995598995	0.135496557232	0.535415906518
-ozi	0.0	1.0	0.0	0.0
-pot	0.284916201117	0.47625698324	0.163407821229	0.0754189944134
-uge	0.419852192769	0.157622693278	0.0367393901845	0.385785723769
-azo	0.39787541428	0.305300319745	0.0331353533028	0.263688912673
-azi	0.247079964061	0.228212039533	0.0835579514825	0.441150044924
-uga	0.0767477203647	0.827507598784	0.0957446808511	0.0
-uzi	0.0483559305658	0.884689704035	0.0669543653989	0.0
-nre	0.198094939868	0.720688094183	0.0289010916226	0.0523158743271
-poa	0.442857142857	0.557142857143	0.0	0.0
-320	0.299424184261	0.42226487524	0.10556621881	0.172744721689
-ike	0.211019970116	0.221814254114	0.148310977525	0.418854798246
-ika	0.181686097068	0.722682737038	0.0696135418851	0.0260176240086
-iko	0.0222536925966	0.839636629378	0.0342065033719	0.103903174653
-lam	0.0466274454219	0.920168161626	0.0204878169278	0.0127165760242
-lao	0.105263157895	0.894736842105	0.0	0.0
-lai	0.0	1.0	0.0	0.0
-iki	0.451527224436	0.433377600708	0.0619743249225	0.0531208499336
-noi	0.371069338249	0.221527503771	0.103126487972	0.304276670008
-fos	0.0172413793103	0.98275862069	0.0	0.0
-aai	0.103163686382	0.896836313618	0.0	0.0
-ide	0.0	0.467889908257	0.311926605505	0.220183486239
-non	0.0	0.955555555556	0.0444444444444	0.0
-las	0.0419440745672	0.899334221039	0.0587217043941	0.0
-noa	0.00543921675279	0.991841174871	0.0027196083764	0.0
-noe	0.509634067832	0.184055754057	0.0661199944652	0.240190183646
-gei	0.0706371191136	0.916897506925	0.0	0.0124653739612
-dou	0.717634523175	0.202450719233	0.0127863612147	0.0671283963772
-boa	0.228831350595	0.68299510147	0.0629811056683	0.0251924422673
-bol	0.106666666667	0.89	0.00333333333333	0.0
-boi	0.245314529597	0.397847467063	0.153646316571	0.203191686769
-bou	0.182111200645	0.284448025786	0.238517324738	0.294923448832
-don	0.0	1.0	0.0	0.0
-dol	0.0552454393739	0.926512056166	0.0182425044599	0.0
-dom	0.0175438596491	0.982456140351	0.0	0.0
-geu	0.371703717037	0.461694616946	0.141401414014	0.0252002520026
-toe	0.3046875	0.046875	0.5546875	0.09375
-sau	0.132743362832	0.663716814159	0.203539823009	0.0
-toa	0.0704225352112	0.894366197183	0.0	0.0352112676056
-ibu	0.0748818109666	0.863599311379	0.0137149123311	0.0478039653235
-toi	0.579835766423	0.154197080292	0.036496350365	0.22947080292
-oli	0.0352112676056	0.964788732394	0.0	0.0
-tou	0.0920615227959	0.670399185797	0.0923762084495	0.145163082958
-ibi	0.528964862298	0.278252611586	0.0868945868946	0.105887939221
-sae	0.364644597547	0.54797513023	0.0504116955134	0.0369685767098
-olo	0.0453049067252	0.878104494659	0.0221709627573	0.0544196358587
-ola	0.0361147934506	0.963885206549	0.0	0.0
-sai	0.27584563028	0.168713473409	0.134634347904	0.420806548408
-sao	0.0955848884843	0.819299044151	0.034137460173	0.0509786071916
-iba	0.224816337676	0.604491915707	0.0771145454259	0.0935772011909
-sam	0.00846341922136	0.980252021817	0.0	0.0112845589618
-lon	0.0414847161572	0.935225618632	0.0145560407569	0.00873362445415
-rou	0.213034087607	0.772273906351	0.0	0.0146920060418
-iel	0.0578468130691	0.919657204071	0.0160685591859	0.00642742367434
-loi	0.0	0.98	0.02	0.0
-roa	0.0500055120714	0.938882151913	0.0111123360159	0.0
-ron	0.0992835209825	0.864892528147	0.0204708290686	0.0153531218014
-ieu	0.691176470588	0.264705882353	0.0441176470588	0.0
-.00	0.0592331423535	0.740855002204	0.17769942706	0.0222124283825
-ipi	0.132029339853	0.746943765281	0.0733496332518	0.0476772616137
-ipo	0.206896551724	0.751724137931	0.0413793103448	0.0
-ipa	0.0949328214971	0.769750479846	0.0529750479847	0.0823416506718
-ipe	0.260401512947	0.302298516148	0.229560663369	0.207739307536
-ewe	0.201163407945	0.319649650535	0.221733168185	0.257453773335
-ewa	0.45393392988	0.147922272364	0.0385273276721	0.359616470084
-ewo	0.366841013608	0.228186201182	0.0732894774517	0.331683307758
-ewi	0.427230826051	0.360201858627	0.0637374415436	0.148829873779
-ipu	0.135336645924	0.710956729065	0.00941878927708	0.144287835734
-hap	0.021327014218	0.978672985782	0.0	0.0
-awi	0.389760822315	0.39149480995	0.0988301278218	0.119914239913
-awa	0.0827623456631	0.0465453442191	0.0147343275561	0.855957982562
-awe	0.562267943722	0.261020104412	0.0649435860766	0.111768365789
-hat	0.24	0.72	0.0	0.04
-276	0.0	0.194444444444	0.0	0.805555555556
-sto	0.0103245972874	0.982107583409	0.00189442152063	0.00567339778313
-sta	0.104294478528	0.753578732106	0.117586912065	0.0245398773006
-ain	0.0398828458758	0.921384774956	0.00997071146896	0.0287616676989
-ibo	0.672897196262	0.168224299065	0.158878504673	0.0
-eyo	0.413276763586	0.34112263757	0.0770131505965	0.168587448247
-eya	0.139902140837	0.0769246279453	0.031110274708	0.75206295651
-200	0.0384193194292	0.600987925357	0.0581778265643	0.30241492865
-eye	0.402601848682	0.349195481	0.095172885998	0.15302978432
--wa	0.0946334887787	0.0978031186243	0.106291897406	0.701271495191
-iok	0.0341241468963	0.930126746831	0.00194995125122	0.0337991550211
-oiu	0.473029045643	0.526970954357	0.0	0.0
-lek	0.219111381619	0.722458916616	0.058429701765	0.0
-mua	0.124967624968	0.385521885522	0.45066045066	0.0388500388501
-ion	0.0703454085931	0.833614153328	0.0341196293176	0.0619208087616
-muo	0.961661341853	0.038338658147	0.0	0.0
-mui	0.238023652034	0.244237322109	0.406895169373	0.110843856484
-muu	0.620980021225	0.270786231717	0.0286762331011	0.0795575139575
-oie	0.418118466899	0.372822299652	0.020905923345	0.188153310105
-tiu	0.502832375929	0.33911228319	0.106968999227	0.0510863416539
-uze	0.042865095565	0.925960289479	0.0233809612173	0.00779365373909
-oia	0.321917808219	0.58904109589	0.0205479452055	0.0684931506849
-ibe	0.709401709402	0.0854700854701	0.034188034188	0.17094017094
-ida	0.0269978401728	0.963282937365	0.0	0.00971922246221
-oik	0.0769230769231	0.346153846154	0.576923076923	0.0
-iot	0.00363636363636	0.996363636364	0.0	0.0
-k10	0.555194805195	0.230519480519	0.0	0.214285714286
-giu	0.535285027014	0.207351810025	0.01759464384	0.239768519122
-alo	0.0	0.957746478873	0.0281690140845	0.0140845070423
-ali	0.0135900339751	0.870894677237	0.115515288788	0.0
-nda	0.00898203592813	0.982035928144	0.00898203592814	0.0
-nde	0.0	0.894149173738	0.0	0.105850826262
-gia	0.383846794338	0.309741881765	0.219816819317	0.0865945045795
-ala	0.0	1.0	0.0	0.0
-120	0.0	0.38	0.0	0.62
-yon	0.0851528384279	0.914847161572	0.0	0.0
-lok	0.0374707259953	0.807494145199	0.0224824355972	0.132552693208
-pen	0.0	1.0	0.0	0.0
-pei	0.251851851852	0.433744855967	0.245267489712	0.0691358024691
-ogi	0.188458423679	0.715144073774	0.0114945531492	0.0849029493978
-peu	0.260384359662	0.292333854773	0.252185087595	0.195096697969
-iyo	0.259676126572	0.262407334055	0.0896299765872	0.388286562785
-eli	0.0322367206254	0.936103588355	0.0103095956177	0.0213500954022
-elo	0.018224723817	0.964426863128	0.00795876440787	0.00938964864716
-ogo	0.126480463417	0.06547040713	0.0229535885736	0.785095540879
-oga	0.329044371135	0.340107984258	0.0854963775418	0.245351267065
-oge	0.194230769231	0.0846153846154	0.403846153846	0.317307692308
-esu	0.00596185653218	0.783557894239	0.00186445513322	0.208615794096
-ito	0.268648354094	0.365952123291	0.0505015618644	0.31489796075
-esi	0.566567539185	0.253776168183	0.0452453159811	0.134410976651
-eso	0.04360333081	0.872218016654	0.0551097653293	0.0290688872067
-iti	0.136156395196	0.403994050375	0.0528541055548	0.406995448875
-esa	0.468748759399	0.274592338676	0.0627867385353	0.193872163389
-ite	0.484966111377	0.231507152681	0.0366592118982	0.246867524044
-ese	0.453797800858	0.29569810525	0.0644008500491	0.186103243843
-ita	0.363650961084	0.186044411557	0.100111391527	0.350193235832
-udu	0.257396449704	0.538461538462	0.204142011834	0.0
-ute	0.169014084507	0.471830985915	0.105633802817	0.253521126761
-spo	0.0228136882129	0.954372623574	0.0228136882129	0.0
-fas	0.238016528926	0.709090909091	0.0247933884297	0.0280991735537
-uda	0.0287624316296	0.775659849031	0.126466094523	0.0691116248161
-eze	0.0191452991453	0.964444444444	0.0133333333333	0.00307692307692
-fat	0.0	1.0	0.0	0.0
-abu	0.120330930537	0.799270969856	0.0110583224115	0.0693397771953
--sa	0.283095913886	0.0609168317892	0.0838108498902	0.572176404434
-rik	0.0776053215078	0.50110864745	0.40133037694	0.019955654102
-woi	0.214778234394	0.673433552668	0.0347420534249	0.0770461595133
-abe	0.369565217391	0.311390079608	0.190600122474	0.128444580527
-zae	0.354418726986	0.479879011047	0.138085218306	0.0276170436612
-wol	0.061433447099	0.918088737201	0.0102389078498	0.0102389078498
-abo	0.0135135135135	0.972972972973	0.0135135135135	0.0
-abi	0.147651006711	0.10067114094	0.634228187919	0.117449664429
-koe	0.0334281650071	0.958036984353	0.00426742532005	0.00426742532006
-tua	0.0306739742033	0.904026127262	0.00472735099236	0.0605725475425
-koa	0.0992736077481	0.585956416465	0.242130750605	0.0726392251816
-sou	0.381100776354	0.411236383183	0.109410828134	0.0982520123291
-koi	0.159663865546	0.638655462185	0.0840336134454	0.117647058824
-sos	0.05625	0.903125	0.0	0.040625
-aen	0.0452625226312	0.88955944478	0.065178032589	0.0
-kou	0.501336898396	0.493944636678	0.0	0.00471846492608
-sol	0.313050548855	0.686949451145	0.0	0.0
-ori	0.294628878809	0.39123613397	0.153028113417	0.161106873804
-oro	0.220361798925	0.239404434696	0.0151345300006	0.525099236378
-kos	0.0276752767528	0.961254612546	0.0110701107011	0.0
-uai	0.258729841461	0.492246026489	0.0354621214975	0.213562010552
-ora	0.226794178842	0.326163685246	0.0462908664997	0.400751269413
-soa	0.0827996327959	0.324788708747	0.509612025661	0.082799632796
-ore	0.0934566690285	0.194135017831	0.0296193408458	0.682788972294
-kre	0.418604651163	0.403100775194	0.108527131783	0.0697674418605
-kra	0.138510713863	0.758494139931	0.0568249082514	0.0461702379543
-gre	0.270306258322	0.597869507324	0.0159786950732	0.115845539281
-lip	0.00158688177731	0.996826236445	0.0	0.00158688177731
-lis	0.0863970588235	0.847058823529	0.0176470588236	0.0488970588235
-lim	0.0	1.0	0.0	0.0
-omi	0.14953271028	0.82554517134	0.00890075656433	0.0160213618158
-lio	0.0334008097166	0.936234817814	0.00303643724696	0.0273279352227
-omo	0.771845039939	0.165885839946	0.0134551365071	0.048813983607
-lik	0.00363636363636	0.981818181818	0.0145454545455	0.0
-oma	0.195514236055	0.392109837494	0.0907418256598	0.321634100791
-rua	0.221485411141	0.356100795756	0.231432360743	0.190981432361
-lia	0.00160599571734	0.998394004283	0.0	0.0
-ome	0.0	1.0	0.0	0.0
-eas	0.244897959184	0.714285714286	0.0	0.0408163265306
-144	0.0113636363636	0.0909090909091	0.0	0.897727272727
-oda	0.184615384615	0.815384615385	0.0	0.0
-ode	0.0469089329666	0.904444766179	0.0360503836687	0.0125959171855
-eam	0.00241837968561	0.993954050786	0.0	0.00362756952842
-izi	0.243144424132	0.669104204753	0.0877513711152	0.0
-uro	0.48074006675	0.0786028396039	0.0229317281308	0.417725365516
-ura	0.0589260504045	0.710488002594	0.0459231810642	0.184662765937
-ure	0.1546255558	0.557589006519	0.121114274159	0.166671163522
-uru	0.261712457617	0.420679711174	0.135852117198	0.181755714012
-pai	0.164442216433	0.545343899427	0.18424903591	0.10596484823
-wau	0.132808479859	0.448372282688	0.271980009126	0.146839228327
-apa	0.163393034634	0.518990913347	0.29510782786	0.0225082241588
-pao	0.29746835443	0.626582278481	0.0379746835443	0.0379746835443
-api	0.339082712662	0.400235201882	0.184241473932	0.0764406115248
-apo	0.441768994628	0.236793297519	0.106485034536	0.214952673318
-/10	0.11170212766	0.526595744681	0.234042553192	0.127659574468
-dua	0.682251908397	0.145992366412	0.108778625954	0.0629770992367
-dub	0.345637583893	0.271812080537	0.0805369127516	0.302013422819
-apu	0.198639700914	0.733728210441	0.0534435385793	0.0141885500653
-wan	0.0388692579505	0.0742049469965	0.821554770318	0.065371024735
-pas	0.244170324962	0.63336477498	0.0158833446161	0.106581555443
-pat	0.027027027027	0.828828828829	0.144144144144	0.0
-wai	0.371896719812	0.179860525643	0.0822756638662	0.365967090679
-nuo	0.418604651163	0.511627906977	0.0232558139535	0.046511627907
-sen	0.170737849408	0.79022916142	0.0158650214052	0.0231679677663
-kem	0.0	0.96511627907	0.0348837209302	0.0
-kel	0.168	0.67	0.018	0.144
-kei	0.571126830446	0.0260673726135	0.00451841050042	0.39828738644
-nua	0.620881718743	0.113891651737	0.0230316864982	0.242194943022
-1/3	0.0	0.201503759399	0.798496240601	0.0
-ket	0.127593859967	0.750128690897	0.0372148758238	0.0850625733116
-nus	0.226600985222	0.773399014778	0.0	0.0
-sua	0.286666666667	0.398888888889	0.212222222222	0.102222222222
-dia	0.242452302329	0.509057594461	0.0514643699902	0.19702573322
-dio	0.00657894736841	0.993421052632	0.0	0.0
-son	0.0	0.983783783784	0.0162162162162	0.0
-dis	0.0	1.0	0.0	0.0
-ane	0.262981258118	0.35112123162	0.0216307666256	0.364266743636
-ska	0.0	1.0	0.0	0.0
-uku	0.0729198649064	0.90696960393	0.00429843414185	0.0158120970218
-uit	0.135506450943	0.851643799399	0.00467263623942	0.00817711341899
-soe	0.116386101667	0.302653619703	0.0169997512231	0.563960527407
-uka	0.228256638316	0.547910301629	0.153409694124	0.0704233659302
-uke	0.341011636191	0.17691759677	0.237235810971	0.244834956068
-afa	0.00544959128065	0.991825613079	0.00272479564033	0.0
-uko	0.0195439739414	0.205211726384	0.618892508143	0.156351791531
-efe	0.0418480550484	0.93161072883	0.0117960960539	0.0147451200674
-ais	0.093023255814	0.857142857143	0.0398671096345	0.00996677740863
-tis	0.0763888888888	0.923611111111	0.0	0.0
-kka	0.538461538462	0.205128205128	0.179487179487	0.076923076923
-aia	0.588252300872	0.104563195683	0.307184503445	0.0
-tia	0.684536593624	0.0704899693132	0.0267010730973	0.218272363965
-dau	0.0823039899826	0.374046199799	0.501780427042	0.0418693831766
-aim	0.0	1.0	0.0	0.0
-tio	0.0952380952381	0.857142857143	0.047619047619	0.0
-eme	0.102488536512	0.188445720962	0.0364818689574	0.672583873569
-uwe	0.175806451613	0.464516129032	0.0774193548387	0.282258064516
-ema	0.0349707070332	0.341822620313	0.0025799510327	0.620626721621
-uwa	0.546664654163	0.182583972834	0.0240049018154	0.246746471188
-uwo	0.461107743513	0.316965988069	0.124684062336	0.0972422060819
-emo	0.0940657116111	0.139041577975	0.00976031101206	0.757132399402
-emi	0.28309489709	0.222369415563	0.0675620316357	0.426973655711
-uwi	0.0539130434782	0.867826086957	0.0469565217391	0.0313043478261
-260	0.0116279069767	0.104651162791	0.0	0.883720930233
-emu	0.431740224103	0.514749599817	0.00274411159387	0.0507660644866
-egi	0.68941168282	0.206079799544	0.035601802711	0.0689067149246
-oni	0.25565934216	0.534065287444	0.0797878651333	0.130487505263
-ins	0.0	0.851851851852	0.037037037037	0.111111111111
-ana	0.108793800447	0.228271306915	0.0822460844036	0.580688808235
-zai	0.246882864303	0.466934593351	0.236634456882	0.0495480854641
-zau	0.389019582128	0.600652464365	0.0103279535078	0.0
-zas	0.202949844426	0.764369021206	0.0169941898714	0.0156869444967
-lre	0.0747286038879	0.807876798788	0.117394597324	0.0
-lra	0.0509625629922	0.944259696727	0.0	0.00477774028052
-kta	0.1598676957	0.760749724366	0.0595369349504	0.0198456449835
-dae	0.172523961661	0.750798722045	0.038338658147	0.038338658147
-etu	0.214195503915	0.646880525385	0.104066683506	0.0348572871937
-000	0.0603639845413	0.287135238711	0.011253640089	0.641247136659
-eta	0.238885567704	0.441968369624	0.117862852849	0.201283209824
-ete	0.12553648586	0.753893650688	0.0194899491164	0.101079914336
-eti	0.567768291836	0.162986620226	0.0505426096645	0.218702478274
-eto	0.181406727236	0.142814517016	0.032952544073	0.642826211675
-bui	0.133722546567	0.676118988046	0.151793160967	0.0383653044203
-bul	0.169197396963	0.830802603037	0.0	0.0
-uyo	0.380507343124	0.55055863959	0.0233996205467	0.0455343967395
-uya	0.205579138872	0.770163735597	0.020618556701	0.00363856882959
-bua	0.19274073494	0.365604837667	0.0250692066007	0.416585220792
-uye	0.186188707069	0.767540634046	0.0221214305428	0.0241492283426
-ank	0.219605695509	0.627601314348	0.0629791894852	0.0898138006572
-weu	0.383072842346	0.258247689407	0.0566536847301	0.302025783517
-300	0.0967741935483	0.155425219941	0.263929618768	0.483870967742
-ate	0.154450963099	0.112164330286	0.00334127010406	0.730043436511
-wen	0.0769794721407	0.857771260997	0.00146627565982	0.0637829912024
-ata	0.165134802273	0.210725337048	0.0261982503874	0.597941610292
-ato	0.319162812872	0.399979784485	0.0506953903482	0.230162012294
-wea	0.704545454545	0.25	0.0	0.0454545454545
-666	0.100558659218	0.0	0.0	0.899441340782
-ati	0.140348051896	0.630952261129	0.193189938905	0.03550974807
-ose	0.104492020101	0.668651491777	0.00478162412826	0.222074863994
-nis	0.00692041522493	0.993079584775	0.0	0.0
-kai	0.238479385878	0.147639618819	0.0460297349891	0.567851260314
-ian	0.0884353741496	0.666666666667	0.244897959184	0.0
-osa	0.476001446661	0.249949003623	0.061426660685	0.212622889031
-ulo	0.0323433547644	0.892197165663	0.00182468041259	0.0736347991599
-nit	0.0	0.563106796116	0.116504854369	0.320388349515
-niu	0.650767019699	0.102646938415	0.0191832226577	0.227402819229
-ula	0.275362318841	0.405797101449	0.289855072464	0.0289855072464
-osi	0.373809971809	0.47336438852	0.031627964688	0.121197674983
--pa	0.0431714789713	0.053012719339	0.0566335530591	0.847182248631
-nia	0.12883258204	0.793418406908	0.0385065250818	0.0392424859707
-nad	0.0645161290323	0.741935483871	0.193548387097	0.0
-nie	0.63698630137	0.342465753425	0.0	0.0205479452055
-kas	0.024500907441	0.94797338173	0.00453720508167	0.0229885057471
-kau	0.653753388913	0.0996355235832	0.0265726648672	0.220038422637
-aba	0.241834682602	0.299589462974	0.0674632215107	0.391112632914
-fik	0.0	0.948642266824	0.0513577331759	0.0
-fia	0.0	1.0	0.0	0.0
-mra	0.0321280998838	0.875744368801	0.0840596490901	0.00806788222528
-mre	0.102974828375	0.879862700229	0.0137299771167	0.00343249427918
--ko	0.381258023106	0.439024390244	0.0	0.17971758665
-ila	0.17571884984	0.82428115016	0.0	0.0
-ilo	0.373754152824	0.586378737542	0.0199335548173	0.0199335548173
-fri	0.148514851485	0.232673267327	0.559405940594	0.059405940594
-ebi	0.127272727273	0.618181818182	0.145454545455	0.109090909091
-oam	0.0290556900727	0.898305084746	0.0	0.0726392251815
-eba	0.204456681821	0.240178971633	0.0528270474483	0.502537299097
-igi	0.299143312525	0.460635542569	0.117844335237	0.122376809669
-amu	0.443111821115	0.138371607903	0.101455576507	0.317060994475
-ebe	0.0136054421769	0.986394557823	0.0	0.0
-ami	0.0676410448351	0.0529630490275	0.00429616299213	0.875099743145
--be	0.243071696334	0.312284956715	0.382393278378	0.0622500685732
-amo	0.297577247191	0.579529494382	0.0693469101124	0.0535463483147
-ama	0.130836234171	0.527922796737	0.0413316632655	0.299909305827
-oas	0.0962230215827	0.868705035971	0.0	0.035071942446
-ebu	0.0892535048328	0.692306387464	0.0255556598464	0.192884447857
-lva	0.0986842105264	0.810526315789	0.0907894736842	0.0
-usi	0.643931334605	0.294741871623	0.0192741351855	0.0420526585865
-iro	0.344467658361	0.111425193649	0.0787270092055	0.465380138784
-uso	0.0485780923412	0.00839255483253	0.0058079592765	0.93722139355
-iri	0.389069802947	0.454906134601	0.0480765878272	0.107947474624
-ire	0.124669655107	0.322326591063	0.0934137438106	0.459590010019
-usa	0.517684981931	0.341876072914	0.106945138151	0.0334938070035
-ira	0.103447784382	0.188640271467	0.0436903102974	0.664221633854
-uli	0.0615384615385	0.938461538462	0.0	0.0
-kao	0.0954533368785	0.898165381547	0.00638128157406	0.0
-usu	0.421997119683	0.106732447196	0.0203116732629	0.450958759857
-uza	0.0945995019714	0.299491595767	0.586299024694	0.0196098775679
-kam	0.0422535211268	0.915492957746	0.0	0.0422535211268
-epa	0.0235447826081	0.93875684232	0.018896906998	0.0188014680738
-epo	0.21881894494	0.0642621647961	0.015680529856	0.701238360408
-uzu	0.429531543785	0.340640876905	0.131415769892	0.0984118094171
-iza	0.0682049079883	0.764047885878	0.145626695434	0.0221205106989
-pia	0.421331316188	0.462178517398	0.0194510481954	0.0970391182192
-pie	0.261911436631	0.474714197993	0.101697143413	0.161677221963
-wia	0.575257074495	0.176046635807	0.060892750942	0.187803538756
--50	0.027027027027	0.72972972973	0.0	0.243243243243
-uel	0.0	0.986338797814	0.0136612021858	0.0
-owi	0.415827615376	0.39445454987	0.0372836464095	0.152434188345
-owo	0.0959077033582	0.796699847293	0.0434203993145	0.0639720500341
-owa	0.492038882548	0.211342187932	0.0632697865406	0.23334914298
-owe	0.269187093518	0.574838554272	0.0355123249332	0.120462027277
-agu	0.181168057211	0.231227651967	0.510131108463	0.0774731823599
-agi	0.265747654605	0.569596017614	0.0911353628183	0.0735209649626
-ago	0.0487009099962	0.0730550225583	0.0224690196881	0.855775047757
-aga	0.0861985472155	0.888619854722	0.0193704600484	0.00581113801454
-age	0.267462978486	0.166142777312	0.0432034087734	0.523190835429
-ong	0.0421455938697	0.921136653895	0.00478927203065	0.0319284802044
-ege	0.118808143194	0.0589776819843	0.0391630546261	0.783051120196
-ans	0.287790697674	0.634689922481	0.0145348837209	0.0629844961241
-ant	0.0207612456747	0.782006920415	0.19723183391	0.0
-ega	0.206479820215	0.70705459343	0.0574131493396	0.0290524370152
-ona	0.463386304555	0.208576602883	0.0433582285832	0.284678863978
-ego	0.580939636565	0.0232755363875	0.00106791016244	0.394716916885
-ono	0.233648128716	0.32913606156	0.412032179084	0.0251836306401
-zeu	0.700810131297	0.18837880622	0.0325914889654	0.078219573517
-oea	0.194594594595	0.694594594595	0.0918918918919	0.0189189189189
--ga	0.701426912228	0.155881864941	0.0680272108843	0.0746640119462
-das	0.0618261826183	0.901870187019	0.0092409240924	0.0270627062706
-450	0.29889298893	0.509225092251	0.0147601476015	0.177121771218
-dam	0.115107913669	0.884892086331	0.0	0.0
-dan	0.0172043010753	0.979569892473	0.0	0.00322580645161
-onu	0.340747949395	0.190740998193	0.131238704296	0.337272348116
-dai	0.0159766556494	0.00763777994596	0.00611630087024	0.970269263534
-ani	0.328061201954	0.311972853022	0.0280540710795	0.331911873945
-kto	0.0642857142857	0.903571428571	0.0321428571429	0.0
-ano	0.218951902369	0.678391959799	0.0538406317301	0.0488155061019
-tam	0.512820512821	0.384615384615	0.102564102564	0.0
-tan	0.0379035420206	0.943667494445	0.00823421774931	0.0101947457849
-tao	0.0699578744159	0.529499628178	0.157309332191	0.243233165215
-tai	0.275417433993	0.310456585703	0.17275405682	0.241371923483
-tae	0.357891501119	0.38937436114	0.132961683184	0.119772454558
-yis	0.0254423938635	0.918204602415	0.0563530037214	0.0
-tas	0.104567307692	0.862079326923	0.0297475961538	0.00360576923077
-mia	0.165772446422	0.583318462137	0.0391559278096	0.211753163631
-oeu	0.778898527335	0.221101472665	0.0	0.0
-enu	0.464454001275	0.0757274051579	0.0192291467913	0.440589446776
-ens	0.0182370820669	0.981762917933	0.0	0.0
-mis	0.00569620253166	0.971518987342	0.0227848101266	0.0
-miu	0.0	0.906103286385	0.0	0.0938967136151
-eni	0.0743051377999	0.03805322788	0.0168198121803	0.87082182214
-enk	0.0502183406113	0.949781659389	0.0	0.0
-ene	0.238843494657	0.38717787555	0.112088833019	0.261889796774
-ena	0.21669496942	0.186502857955	0.023877081572	0.572925091053
