koi-	0.318389156783	0.0870585168774	0.0239801902776	0.570572136062
kud-	0.39901895728	0.244644833899	0.211920315683	0.144415893138
agu-	0.545248733109	0.173176327756	0.0862897192037	0.195285219931
tut-	0.403720754241	0.178903113241	0.0581656891804	0.359210443337
gin-	0.198993654405	0.0328466632075	0.0119009649302	0.756258717457
gw'-	0.197031142398	0.508608156707	0.253806718188	0.0405539827072
jis-	0.0386533143384	0.0578228442135	0.0107265566077	0.89279728484
del-	0.0106951871658	0.989304812834	0.0	0.0
son-	0.0316433371255	0.889474343897	0.0721016038789	0.00678071509833
maa-	0.257534246575	0.635616438356	0.0739726027397	0.0328767123288
uti-	0.471529039248	0.227101604064	0.0662462778339	0.235123078854
nzo-	0.0402374327879	0.937129011269	0.0192804365442	0.00335311939899
wip-	0.766054678105	0.134330153131	0.0398460675058	0.0597691012587
fal-	0.00485149048569	0.954988949383	0.00781629022693	0.0323432699046
niy-	0.137776806807	0.028453380846	0.0185011388264	0.815268673521
bya-	0.595482546201	0.404517453799	0.0	0.0
ogo-	0.299525248166	0.175658178679	0.498921018559	0.0258955545965
no--	0.110528510993	0.0827474229875	0.106208663529	0.700515402491
kus-	0.36662228535	0.215086599673	0.0640802786336	0.354210836343
udi-	0.562012142238	0.338681699913	0.0576756287944	0.0416305290546
mho-	0.0684878845761	0.833063033842	0.0177796999075	0.0806693816749
ize-	0.866821268842	0.0424051681299	0.0155706476727	0.0752029153553
mah-	0.0329473939604	0.902011746256	0.0490771476632	0.0159637121205
wah-	0.58222251791	0.207497266635	0.0330828219126	0.177197393543
tum-	0.628062582394	0.083526105017	0.0494158810702	0.238995431518
nyu-	0.0145902569506	0.794439490962	0.178811704628	0.0121585474589
aku-	0.589675266172	0.180402011882	0.0489083518006	0.181014370146
ola-	0.496267018006	0.233201581028	0.0948616600791	0.175669740887
baf-	0.0600203474087	0.502871028386	0.395046292609	0.0420623315967
ite-	0.563407033685	0.354325567592	0.00747885442944	0.0747885442944
sol-	0.197135629259	0.535855740509	0.196401313162	0.0706073170699
ufu-	0.495872070067	0.0887325460354	0.0154348684447	0.399960515453
lis-	0.0726983704362	0.767823783376	0.0524948319514	0.106983014237
san-	0.321017565112	0.554382625249	0.0233624643074	0.101237345332
mpy-	0.195336391437	0.11496559633	0.655581039755	0.034116972477
yal-	0.742689859515	0.0594914594838	0.0310644913634	0.166754189638
fig-	0.0	1.0	0.0	0.0
myu-	0.0994089199355	0.868350349275	0.0322407307899	0.0
yaz-	0.118561710398	0.27065111759	0.610787172012	0.0
bap-	0.559632804004	0.223103298046	0.133186435495	0.0840774624556
uzw-	0.541268950028	0.183604716451	0.232453677709	0.0426726558113
une-	0.724347532442	0.0768971006802	0.0106131506585	0.188142216219
uwa-	0.888888888889	0.0	0.111111111111	0.0
wii-	0.178571428571	0.5	0.119047619048	0.202380952381
one-	0.0836169178415	0.590666018474	0.0486144871172	0.277102576568
nun-	0.296856643457	0.476935028383	0.142188091986	0.0840202361736
jim-	0.451697724442	0.278545780583	0.0995745451254	0.170181949851
ibb-	0.037652965171	0.918418575463	0.0439284593661	0.0
hat-	0.206586056084	0.128119372267	0.229997427322	0.435297144327
kat-	0.202825818406	0.3580142063	0.321185917233	0.117974058061
neg-	0.636042402827	0.109540636042	0.0	0.254416961131
ayu-	0.501386138614	0.332673267327	0.0819801980197	0.0839603960397
mil-	0.0912668370877	0.811927019361	0.0494740580338	0.0473320855171
igi-	0.358809801634	0.592327887981	0.00802217036172	0.0408401400234
gan-	0.209050664043	0.185320264418	0.115460751263	0.490168320276
niz-	0.826135815893	0.0845682610499	0.0122016836866	0.0770942393705
yut-	0.405332158202	0.416782343653	0.0930557085675	0.084829789578
jij-	0.757105943153	0.196382428941	0.015503875969	0.0310077519379
sog-	0.0434782608695	0.747826086957	0.0521739130435	0.15652173913
nug-	0.548906210712	0.336283630877	0.0630123208449	0.0517978375661
swa-	0.442815249267	0.102639296188	0.454545454546	0.0
lya-	0.11418650425	0.092033855926	0.0236497992677	0.770129840557
bay-	0.128967940297	0.707704699296	0.131060433445	0.0322669269625
lij-	0.503299171697	0.30032991717	0.102660395901	0.0937105152323
iit-	0.420611165875	0.202760103952	0.0165606237118	0.360068106461
gig-	0.443577951076	0.236874847253	0.266391166211	0.0531560354596
tus-	0.484674943877	0.217727279669	0.0566881996305	0.240909576824
uga-	0.522165388307	0.354980371798	0.0413921155938	0.0814621243013
mhy-	0.0291224436966	0.0324877038571	0.938389852446	0.0
paf-	0.0	1.0	0.0	0.0
hum-	0.0	0.958762886598	0.0	0.0412371134021
uyi-	0.665286812537	0.25107713103	0.0405508152404	0.0430852411929
uli-	0.568053727393	0.108806803367	0.0185474665087	0.304592002732
kum-	0.570499739189	0.16979511686	0.102282880292	0.157422263659
bik-	0.430366492147	0.161882540405	0.152401547917	0.255349419531
ihe-	0.611280690113	0.217783676178	0.0501658925016	0.120769741208
git-	0.0763488337277	0.0267304089542	0.0227285604678	0.87419219685
ipu-	0.51261829653	0.48738170347	0.0	0.0
nen-	0.0398859140201	0.0279796853635	0.00198805302243	0.930146347594
ful-	0.0157142857143	0.911428571429	0.0728571428571	0.0
ong-	0.397324206596	0.173822858328	0.0690728064717	0.359780128604
dah-	0.816993464052	0.104575163399	0.0	0.078431372549
lod-	0.00515907136717	0.994840928633	0.0	0.0
mul-	0.0909610802317	0.689248282067	0.00668121271082	0.213109424991
gaw-	0.0966666666667	0.16	0.726666666667	0.0166666666667
ate-	0.0182759671032	0.920804142553	0.0609198903442	0.0
jid-	0.301555644196	0.679829809866	0.0111687275628	0.00744581837522
naw-	0.583614645547	0.207348740587	0.0	0.209036613867
bee-	0.0524450699624	0.590329046162	0.334826617742	0.0223992661334
kam-	0.22471650081	0.0914140245314	0.115713955103	0.568155519556
ibi-	0.249443856743	0.195535377174	0.0442278452595	0.510792920824
buj-	0.240957351265	0.470512195098	0.101412332611	0.187118121025
jat-	0.223636363636	0.721818181818	0.0	0.0545454545455
sin-	0.0101153107648	0.826254662157	0.0113053473254	0.152324679753
kim-	0.424763542562	0.575236457438	0.0	0.0
zab-	0.0531309297912	0.946869070209	0.0	0.0
pat-	0.0	1.0	0.0	0.0
yiz-	0.799590189002	0.10086243807	0.0192672334699	0.080280139458
osh-	0.653340678366	0.214448729047	0.0	0.132210592587
gwi-	0.324992045199	0.177007016268	0.0615350626223	0.43646587591
maw-	0.0976547534485	0.808925704419	0.0721714581468	0.0212480839853
buc-	0.148438763954	0.483902281184	0.319527584533	0.0481313703284
lat-	0.0689655172414	0.862068965517	0.0344827586207	0.0344827586207
tuz-	0.500546448087	0.203551912568	0.0254098360656	0.270491803279
lom-	0.375259927981	0.488411015875	0.0873358015926	0.0489932545519
sil-	0.0851597508619	0.349563632606	0.0356985166327	0.529578099899
gen-	0.219443717087	0.173358354427	0.0855372261499	0.521660702336
ake-	0.404364569961	0.472400513479	0.0860077021823	0.0372272143774
guu-	0.624584717608	0.142857142857	0.207641196013	0.0249169435216
mij-	0.0547424444022	0.823607679148	0.0570233795856	0.0646264968637
ngw-	0.0454545454545	0.888563049853	0.0	0.0659824046921
nza-	0.0379830961902	0.838351009237	0.0927494209295	0.0309164736432
uzi-	0.0	1.0	0.0	0.0
kid-	0.0	1.0	0.0	0.0
aji-	0.56540886411	0.0720920337943	0.0272299795002	0.335269122596
nig-	0.288315997827	0.588580881782	0.0724185942715	0.0506845261197
luf-	0.0572445691716	0.910014551502	0.0120049890863	0.0207358902401
juy-	0.486153846154	0.461538461538	0.0523076923076	0.0
pas-	0.000683682771195	0.999316317229	0.0	0.0
it'-	0.419601837672	0.125574272588	0.226646248086	0.228177641654
buu-	0.585626565452	0.210014521667	0.0433576567488	0.161001256132
nge-	0.161218214712	0.713659316216	0.0544113443227	0.0707111247493
nai-	0.0	0.892857142857	0.0	0.107142857143
bak-	0.398393586372	0.246133999317	0.0757554854303	0.27971692888
nkw-	0.0	1.0	0.0	0.0
wej-	0.694029850746	0.0820895522388	0.0	0.223880597015
say-	0.0	0.996503496503	0.0	0.00349650349651
che-	0.156470464357	0.0852374434032	0.0629672528167	0.695324839423
gug-	0.467178728899	0.458353684239	0.0302085493874	0.0442590374746
epa-	0.0285714285714	0.95	0.00714285714285	0.0142857142857
asi-	0.0048465266559	0.993537964459	0.0	0.0016155088853
gun-	0.438085568736	0.199850379395	0.121424245663	0.240639806206
nan-	0.109545110242	0.164923708696	0.00912777095538	0.716403410106
itw-	0.420733791637	0.181795738539	0.0983706179498	0.299099851874
mpe-	0.57168784029	0.246823956443	0.159709618875	0.021778584392
kib-	0.376522559616	0.0862068965517	0.14946817636	0.387802367473
usi-	0.736281736282	0.263718263718	0.0	0.0
nog-	0.132766861391	0.320764737122	0.460435475305	0.0860329261816
ug'-	0.194444444444	0.805555555556	0.0	0.0
nsu-	0.100818459349	0.769553124941	0.0703041597213	0.0593242559886
amu-	0.593681150768	0.229908461615	0.0978067744091	0.0786036132077
aso-	0.352146647371	0.540762180415	0.0752532561505	0.0318379160637
uki-	0.545841542563	0.26196181297	0.0426790737079	0.149517570758
mel-	0.0357408786299	0.959295110449	0.00347480764458	0.00148920327625
kaf-	0.0159604048493	0.970025581137	0.0116783450117	0.00233566900233
nha-	0.215292545112	0.159183425481	0.448538793365	0.176985236041
n'u-	0.0	0.0	0.0	1.0
hah-	0.114305137419	0.0310579704349	0.0282492330719	0.826387659075
mii-	0.539149888143	0.376957494407	0.0838926174496	0.0
isa-	0.0890509869879	0.813926110391	0.0822514118888	0.0147714907326
mus-	0.1359330542	0.755170140415	0.0458893335492	0.063007471836
pud-	0.0	1.0	0.0	0.0
dio-	0.0865384615384	0.889423076923	0.0144230769231	0.00961538461536
igu-	0.115372163522	0.575006622127	0.20719898755	0.102422226801
yah-	0.142349182523	0.450153601275	0.207902386421	0.199594829781
bab-	0.169113407776	0.369764978317	0.0616662897553	0.399455324151
ita-	0.158441829839	0.15142957079	0.354112747733	0.336015851637
y'i-	0.101708017582	0.750074764562	0.062111012679	0.0861062051765
eno-	0.00538116591928	0.983856502242	0.0	0.0107623318386
tuh-	0.389777330305	0.13791004238	0.0194338429839	0.452878784331
luh-	0.21976284585	0.699604743083	0.0213438735178	0.0592885375494
oja-	0.286195286195	0.286195286195	0.259259259259	0.16835016835
ila-	0.326529289463	0.529247574259	0.0598757699304	0.0843473663471
moi-	0.487302061548	0.0776815058261	0.0286824021512	0.406334030475
kom-	0.429212762546	0.23569023569	0.24531024531	0.0897867564534
mee-	0.316840955205	0.312002497269	0.35086624005	0.0202903074762
waj-	0.615512159175	0.166175386883	0.0460574797347	0.172254974208
w'i-	0.0626232480695	0.761508150688	0.153002225962	0.0228663752809
ali-	0.298203847187	0.0505426238654	0.00890623125037	0.642347297697
jud-	0.504	0.454	0.042	0.0
joi-	0.238833746898	0.491315136476	0.111662531017	0.158188585608
oni-	0.704272926871	0.245059956088	0.00675561560547	0.0439115014356
non-	0.138103213981	0.790538191701	0.0267357709446	0.0446228233733
uba-	0.611712900759	0.0614742761448	0.0108465554932	0.315966267603
muz-	0.709181365898	0.0818634102216	0.142181653715	0.0667735701657
tau-	0.0229007633588	0.977099236641	0.0	0.0
mal-	0.0438926064472	0.86968477357	0.0685684838769	0.0178541361058
g'i-	0.106864564007	0.799628942486	0.0667903525047	0.0267161410018
umb-	0.782178217822	0.118811881188	0.0	0.0990099009901
sab-	0.0672742015321	0.840593171047	0.0397919514069	0.0523406760143
aki-	0.684870596294	0.165721767742	0.0320214803121	0.117386155652
ole-	0.406708595388	0.360587002096	0.0943396226415	0.138364779874
nin-	0.0888765676413	0.285570717716	0.100656266096	0.524896448546
ayo-	0.134607395098	0.07989198172	0.0403822185293	0.745118404653
tik-	0.0129310344828	0.987068965517	0.0	0.0
mhu-	0.161117405031	0.474403587248	0.0304551192436	0.334023888478
uni-	0.518133343272	0.0867353299139	0.0299374628099	0.365193864004
toy-	0.320685434516	0.679314565484	0.0	0.0
tuw-	0.409523809524	0.406349206349	0.0126984126984	0.171428571429
uge-	0.757805108799	0.119205298013	0.0946073793756	0.0283822138127
fez-	0.00373831775701	0.914641744548	0.0816199376947	0.0
ij'-	0.293581327498	0.23231218089	0.0309992706054	0.443107221007
lim-	0.0746887966805	0.136065006916	0.0753803596127	0.713865836791
jaf-	0.172118551043	0.520526893524	0.0860592755213	0.221295279912
mab-	0.081449587449	0.785914293219	0.0805993510048	0.0520367683276
ump-	0.845641763292	0.0886645499675	0.0270142263231	0.0386794604171
h'a-	0.525704676615	0.186165765477	0.0554517632406	0.232677794667
gos-	0.04866636306	0.429514140034	0.0604534454892	0.461366051417
nab-	0.177483580928	0.0482521513347	0.0162052654597	0.758059002278
and-	0.456940913882	0.499968999938	0.01353669374	0.0295533924401
ipy-	0.0849565477974	0.0110878034162	0.903955648786	0.0
ALL	0.237629477007	0.311354425023	0.057654230107	0.393361867863
ana-	0.111047931231	0.826838813259	0.00568618924975	0.0564270662608
jib-	0.567434321127	0.358985521095	0.0542560759373	0.0193240818407
noa-	0.0	1.0	0.0	0.0
ine-	0.039886039886	0.00569800569801	0.0	0.954415954416
nii-	0.694188430512	0.105098775604	0.0426335051448	0.158079288739
uha-	0.849456283443	0.0419304262988	0.00696230522913	0.10165098503
uku-	0.517105803586	0.168489733313	0.0466942438419	0.267710219259
sok-	0.0535714285714	0.892857142857	0.0535714285715	0.0
muh-	0.2964099417	0.317684361256	0.260611639562	0.125294057482
anz-	0.738461538462	0.2	0.0	0.0615384615385
kwi-	0.411386288979	0.219072842234	0.0496691487031	0.319871720085
big-	0.717238444523	0.10179328954	0.101917003589	0.0790512623467
bae-	0.00662983425414	0.913812154696	0.0795580110497	0.0
jun-	0.440458395615	0.336821126059	0.162929745889	0.0597907324365
nke-	0.0255197949302	0.928453432071	0.012987752777	0.0330390202221
tel-	0.0	1.0	0.0	0.0
gaa-	0.60105508951	0.137291360374	0.0696186110871	0.19203493903
mva-	0.0623885918003	0.9376114082	0.0	0.0
lid-	0.173369832245	0.670456938303	0.114059100161	0.0421141292904
lwa-	0.167002765771	0.24518725432	0.07563503521	0.512174944699
guy-	0.502030007718	0.203446306766	0.0948801134545	0.199643572061
mby-	0.332103321033	0.579335793358	0.0	0.0885608856089
gas-	0.409978917779	0.27541813071	0.0925368938861	0.222066057625
ata-	0.436726267333	0.154446045696	0.078549817184	0.330277869787
biz-	0.696038672748	0.104656101779	0.035294950496	0.164010274977
iy'-	0.0386343216532	0.298292902066	0.088948787062	0.574123989218
izu-	0.451829732052	0.262184191456	0.215314064179	0.0706720123126
baw-	0.383528774333	0.218235999845	0.292580982236	0.105654243585
oka-	0.486798679868	0.163733039971	0.292629262926	0.0568390172351
lum-	0.132607849122	0.508751065599	0.0453603039456	0.313280781334
giy-	0.323085347727	0.414065555816	0.0	0.262849096456
mes-	0.0	0.979899497487	0.0	0.0201005025125
num-	0.188156881828	0.313776020996	0.0426347467802	0.455432350395
tuy-	0.714923560209	0.157976963351	0.0963141361257	0.0307853403141
nej-	0.344827586207	0.551724137931	0.0	0.103448275862
adi-	0.490273248623	0.330559616178	0.0472281569774	0.131938978223
ami-	0.0	1.0	0.0	0.0
ume-	0.621722846442	0.299625468165	0.0505617977528	0.0280898876404
iku-	0.246632709157	0.306930490963	0.0445922012669	0.401844598613
gaj-	0.198645598194	0.34085778781	0.155756207675	0.304740406321
nuj-	0.462357684408	0.0977508431169	0.0367167888024	0.403174683673
jii-	0.267639064594	0.373001240027	0.194436163683	0.164923531696
nsi-	0.0993612491128	0.816536550745	0.0127750177431	0.0713271823989
lus-	0.0502022838195	0.828934615023	0.0185280836592	0.102335017498
bug-	0.319051546998	0.495277101099	0.108770300973	0.0769010509295
sh'-	0.252032520325	0.443402126329	0.282051282051	0.0225140712945
nze-	0.0474621493197	0.927253474582	0.00242075208405	0.0228636240147
win-	0.328610678492	0.107533888185	0.0200454080518	0.543810025271
tal-	0.013299051547	0.912835799652	0.0243815945029	0.0494835542979
ehe-	0.02457002457	0.138411138411	0.044226044226	0.792792792793
ilu-	0.124649859944	0.828664799253	0.0063025210084	0.0403828197946
olu-	0.275098118329	0.297399405788	0.242636540366	0.184865935517
mez-	0.0265158211066	0.915149372459	0.0	0.0583348064345
bin-	0.0640380742511	0.0526017591435	0.137251550607	0.746108615998
uke-	0.593548387097	0.058064516129	0.348387096774	0.0
lem-	0.436230706743	0.485783915516	0.0146222583266	0.0633631194151
nhe-	0.010861132661	0.951900698216	0.0279286268425	0.00930954228084
she-	0.146959514592	0.451878858185	0.0589868905933	0.34217473663
nem-	0.311773255814	0.189680232558	0.448401162791	0.0501453488372
lud-	0.175104505341	0.731351602415	0.0647468648397	0.0287970274036
dak-	0.0122075279756	0.36520854527	0.323499491353	0.299084435402
wan-	0.358281966146	0.157635049058	0.035033961973	0.449049022823
pon-	0.0	1.0	0.0	0.0
bub-	0.416314821643	0.275281212267	0.081399438525	0.227004527565
azu-	0.551326412918	0.369088811995	0.038062283737	0.0415224913495
umi-	0.480327541442	0.184142200919	0.053924505692	0.281605751947
hig-	0.102696036741	0.0772665419289	0.178856948461	0.64118047287
uy'-	0.329032258064	0.632258064516	0.0	0.0387096774194
chi-	0.1618914512	0.122000931749	0.162667908999	0.553439708052
sik-	0.0	0.671732522796	0.310030395137	0.0182370820669
at'-	0.0359281437126	0.892215568862	0.0718562874252	0.0
ben-	0.138054023105	0.0979704205313	0.0554372883837	0.70853826798
bog-	0.427053534941	0.113426871907	0.393225264496	0.0662943286565
wig-	0.684514254686	0.179842917387	0.0619879741026	0.0736548538246
nip-	0.732282962302	0.223065637558	0.0267908400842	0.0178605600561
beg-	0.637560637561	0.133749133749	0.02079002079	0.2079002079
uwi-	0.409238776838	0.459011060508	0.039037085231	0.0927130774235
mpa-	0.373823013354	0.315211422295	0.285048418853	0.0259171454976
pin-	0.244399185336	0.582484725051	0.173116089613	0.0
hug-	0.393487109905	0.443690637721	0.0814111261872	0.0814111261873
gol-	0.1313412809	0.531661247871	0.181142591733	0.155854879496
nwa-	0.0	1.0	0.0	0.0
bun-	0.622193816464	0.126805170803	0.034503476719	0.216497536014
ili-	0.522060522958	0.0844911244067	0.0525184915556	0.340929861079
jap-	0.533615669667	0.412820636219	0.0474998796862	0.00606381442802
lam-	0.137717978944	0.696109914231	0.0478029348401	0.118369171985
til-	0.0	0.982572614108	0.0174273858921	0.0
gat-	0.147013742389	0.305531369115	0.0890693434046	0.458385545091
nut-	0.485284909205	0.249217282405	0.103944896681	0.161552911709
ooy-	0.314070351759	0.193467336683	0.115577889447	0.376884422111
idi-	0.435371466141	0.295857988166	0.165680473373	0.103090072321
kaj-	0.426174496644	0.428691275168	0.0335570469799	0.111577181208
hih-	0.131205853956	0.0713959042635	0.0271355251791	0.770262716601
kuf-	0.14273053056	0.041617579659	0.00528554825629	0.810366341525
kaa-	0.192750033176	0.415711947627	0.359025965409	0.0325120537886
ani-	0.758318559691	0.0871611820925	0.0503730262003	0.104147232016
ntu-	0.0952033494901	0.559597644238	0.243697989958	0.101501016313
upi-	0.710949347892	0.12678192296	0.0576281468002	0.104640582347
yoi-	0.169052732045	0.34359341446	0.0948460987831	0.392507754712
yad-	0.0869565217391	0.347826086956	0.347826086957	0.217391304348
kis-	0.146892655367	0.358757062147	0.0254237288135	0.468926553672
goo-	0.0781753855347	0.876746859689	0.0249755127812	0.0201022419946
abi-	0.427910648576	0.123013992592	0.0245849659026	0.424490392929
aka-	0.62839916161	0.198365116159	0.0667165341834	0.106519188048
ele-	0.0	1.0	0.0	0.0
luz-	0.25554944047	0.698220509998	0.0462300495322	0.0
ahu-	0.300950369588	0.0501583949313	0.58025343189	0.0686378035903
ban-	0.123885629684	0.557988045056	0.0507054115902	0.267420913669
bus-	0.2697758046	0.52704904459	0.116546509699	0.0866286411106
hal-	0.122575124487	0.180790343283	0.0509781431211	0.645656389109
yug-	0.494784157408	0.306335340514	0.0729369858367	0.125943516241
odi-	0.630434782609	0.108695652174	0.163043478261	0.0978260869565
kac-	0.215439856373	0.698384201077	0.0	0.0861759425494
wen-	0.319895819044	0.0790613645717	0.0325675609348	0.56847525545
iyi-	0.111212096175	0.0741138560687	0.0237957531191	0.790878294638
okw-	0.112939001848	0.265495995071	0.0	0.621565003081
guk-	0.515857090687	0.229920842215	0.119889617638	0.13433244946
yej-	0.725609756098	0.182926829268	0.0914634146341	0.0
lup-	0.0620413609073	0.919946631087	0.0160106737825	0.00200133422282
mmh-	0.550819672131	0.144262295082	0.023606557377	0.28131147541
nam-	0.48222206325	0.288010730228	0.0546605935455	0.175106612977
bai-	0.00746024474837	0.984686866043	0.00549702244617	0.00235586676265
ale-	0.551941543946	0.289950201278	0.123406572884	0.0347016818925
bup-	0.124062686809	0.79921835808	0.0450462389302	0.0316727161816
atw-	0.64078245406	0.255483106106	0.031416716064	0.07231772377
ugw-	0.650809716599	0.0595379852346	0.0782924505835	0.211359847583
sid-	0.0	1.0	0.0	0.0
bon-	0.117971300117	0.0632321241609	0.0318716511671	0.786924924555
oli-	0.703879334971	0.0860138262012	0.0431354624921	0.166971376335
muf-	0.263473053892	0.413173652695	0.287425149701	0.0359281437126
yit-	0.240225472855	0.442262948909	0.152590515754	0.164921062482
ula-	0.706465908412	0.134982933443	0.0296807768046	0.12887038134
bic-	0.274057002031	0.339502087945	0.209022659334	0.17741825069
yib-	0.352004393191	0.345963756178	0.269082921472	0.0329489291598
nfa-	0.00381679389313	0.996183206107	0.0	0.0
eli-	0.0044458216013	0.984641707195	0.0	0.0109124712032
yul-	0.420896993593	0.390894529325	0.121981271562	0.06622720552
imu-	0.977337110482	0.0226628895184	0.0	0.0
nal-	0.596373292816	0.0873119848384	0.0243487410969	0.291965981249
soo-	0.0812567713976	0.354279523294	0.279523293608	0.284940411701
mut-	0.478159134279	0.15622991084	0.0784539059553	0.287157048926
jab-	0.0487241265036	0.0549489919301	0.0401257512383	0.856201130328
maf-	0.0173410404624	0.947976878613	0.0346820809248	0.0
gid-	0.342868736052	0.462365591398	0.0973828362751	0.097382836275
hel-	0.0318659094471	0.93582041657	0.0291793222337	0.00313435174889
tuk-	0.462911152509	0.223059166588	0.0716600185467	0.242369662356
afi-	0.0	1.0	0.0	0.0
nuc-	0.692307692308	0.179487179487	0.0	0.128205128205
huu-	0.569892473118	0.0860215053763	0.290322580645	0.0537634408602
nim-	0.253588477568	0.473990845595	0.0277579896338	0.244662687203
guh-	0.552443349162	0.147742982509	0.0888832121175	0.210930456212
ukw-	0.55673817488	0.227739109611	0.111914344645	0.103608370864
sen-	0.43969245555	0.56030754445	0.0	0.0
tul-	0.343718431715	0.145341815817	0.0263050855758	0.484634666893
nah-	0.270032822366	0.104346808283	0.052117683917	0.573502685434
juc-	0.692265795207	0.236928104575	0.0544662309368	0.0163398692811
yam-	0.32674456932	0.255069166073	0.0854873523376	0.332698912269
uso-	0.820137797655	0.0826483742294	0.000906563519883	0.0963072645957
lyi-	0.47316189501	0.435868152641	0.034261410625	0.0567085417241
baa-	0.502156941993	0.278101414956	0.0132888574745	0.206452785576
nki-	0.0147715264166	0.729404819848	0.0190686977378	0.236754955998
mai-	0.0136736554239	0.958979033728	0.0	0.0273473108478
pen-	0.0	1.0	0.0	0.0
ape-	0.157868771584	0.760730143069	0.0740009866798	0.00740009866798
umu-	0.648483982687	0.0985440210655	0.0192972227906	0.233674773457
tub-	0.391242133341	0.119656576041	0.0377530181576	0.451348272461
nzi-	0.0666057484632	0.426582488786	0.00604751619871	0.500764246553
ipo-	0.467422096317	0.260623229462	0.118980169972	0.152974504249
bbi-	0.287285223368	0.33470790378	0.0329896907216	0.345017182131
aja-	0.434316353887	0.219839142091	0.313672922252	0.0321715817694
ogu-	0.608674223756	0.273040906851	0.0492853622474	0.0689995071464
ato-	0.552734812822	0.165097511769	0.0849024882314	0.197265187178
und-	0.543861034347	0.20821160679	0.0217923410975	0.226135017766
hen-	0.0940144980359	0.115822297817	0.00364475762362	0.786518446523
div-	0.00615419044422	0.985118048562	0.00134273246056	0.00738502853307
gul-	0.656022672444	0.118499455943	0.0426930401184	0.182784831495
nte-	0.0144591949822	0.912650616614	0.0370393076941	0.0358508807093
jil-	0.48170470774	0.257465603578	0.0724300597357	0.188399628946
ndu-	0.0596356795186	0.773230820894	0.0434078294368	0.12372567015
mig-	0.04970176939	0.83470881466	0.088193086888	0.0273963290618
awi-	0.472081218274	0.38578680203	0.0913705583756	0.0507614213198
iba-	0.505497861943	0.382508654042	0.023416819385	0.0885766646304
ino-	0.233227200364	0.668268137366	0.0328348874232	0.0656697748465
bas-	0.227963678071	0.508961931514	0.164833198427	0.0982411919886
mim-	0.131853346788	0.747056844938	0.0968718466195	0.0242179616549
lwe-	0.120007981528	0.498090134261	0.0319261138508	0.34997577036
uko-	0.151980556295	0.067060506979	0.0170297431158	0.76392919361
yes-	0.00371059131012	0.905600938356	0.00202339291239	0.0886650774212
lii-	0.0195655267277	0.93881326187	0.0147037897832	0.0269174216193
isw-	0.262820512821	0.102564102564	0.326923076923	0.307692307692
teo-	0.0	0.977099236641	0.0114503816794	0.0114503816794
lek-	0.413270861645	0.183324188169	0.039496242463	0.363908707722
ool-	0.617841027421	0.215550156196	0.0763623741757	0.0902464422076
ang-	0.471228121539	0.103295051358	0.0373244144076	0.388152412696
pun-	0.0700607429	0.92569315147	0.00424610563032	0.0
inh-	0.525188445152	0.223278243363	0.0442436443654	0.207289667119
ito-	0.202931745305	0.506184150252	0.0732936326157	0.217590471828
omi-	0.870147255689	0.0696117804551	0.0	0.0602409638554
666-	0.0458015267176	0.0916030534351	0.0	0.862595419847
uug-	0.925	0.05	0.0	0.025
mbi-	0.104454143543	0.503957889851	0.223846331981	0.167741634625
bij-	0.589988081049	0.178784266985	0.159713945173	0.0715137067938
ont-	0.65306122449	0.142857142857	0.163265306122	0.0408163265306
kun-	0.535670224716	0.188349654462	0.0553467194293	0.220633401392
ide-	0.419788664745	0.409221902017	0.0614793467819	0.109510086455
kan-	0.0295837179982	0.849194110205	0.0823546744273	0.03886749737
nhi-	0.0942588188177	0.664857533092	0.0	0.24088364809
agi-	0.0256118383608	0.970973249858	0.0	0.00341491178145
lig-	0.148039439188	0.742818876097	0.0817850222273	0.0273566624872
ish-	0.144015244679	0.101218709264	0.0129688955589	0.741797150499
nka-	0.256461232604	0.616699801193	0.0697813121272	0.0570576540755
ans-	0.824175824176	0.0967032967032	0.0263736263736	0.0527472527472
gap-	0.656891495601	0.228152492669	0.106744868035	0.00821114369502
nup-	0.396174863388	0.603825136612	0.0	0.0
jig-	0.378877705777	0.333999724252	0.0954777333518	0.191644836619
unz-	0.730163332367	0.168841210013	0.0473567217551	0.0536387358655
bum-	0.492870353349	0.216984216217	0.0643494385385	0.225795991896
jaw-	0.0206030072616	0.867075616924	0.109584674473	0.00273670134192
mum-	0.632517644383	0.0815580660619	0.0389841383287	0.246940151226
uhu-	0.567818826437	0.27098659214	0.104606714324	0.0565878670993
log-	0.150834930194	0.681357788119	0.113057760745	0.0547495209417
suu-	0.200692041522	0.498269896194	0.22491349481	0.0761245674741
uka-	0.617529583606	0.192222272347	0.0798647436303	0.110383400417
ozw-	0.370466321244	0.0932642487046	0.471502590674	0.0647668393782
udu-	0.25304136253	0.149148418492	0.221411192214	0.376399026764
alw-	0.0872727272728	0.752727272727	0.16	0.0
kuw-	0.595592799503	0.167287399131	0.0918684047176	0.145251396648
bim-	0.756028427063	0.166878911118	0.0154733051254	0.0616193566939
oke-	0.690909090909	0.0909090909091	0.0	0.218181818182
waa-	0.645161290323	0.0322580645161	0.277419354839	0.0451612903226
ken-	0.0602759154203	0.263989169675	0.277204744714	0.398530170191
beb-	0.0502583329523	0.0363586484386	0.00164601527136	0.911737003338
wid-	0.258699757216	0.455894254114	0.199352576207	0.0860534124629
juz-	0.787958115183	0.120418848168	0.0183246073298	0.0732984293194
unc-	0.65490430622	0.231459330144	0.113636363636	0.0
jal-	0.437844036697	0.171100917431	0.0944954128441	0.296559633027
mat-	0.117287386624	0.778130463884	0.0643628428587	0.0402193066331
jee-	0.139522232356	0.838397414359	0.00480007680123	0.0172802764844
ijo-	0.148186085253	0.153420155109	0.019585551716	0.678808207922
nit-	0.649664019548	0.11453879047	0.0507025045816	0.1850946854
nya-	0.0880354611531	0.779076372241	0.087006680182	0.0458814864238
bob-	0.326304106548	0.425083240844	0.1487236404	0.0998890122087
amb-	0.642335766423	0.299270072993	0.014598540146	0.043795620438
nif-	0.807339449541	0.110091743119	0.0	0.0825688073395
myo-	0.0296029719062	0.927153471094	0.00986765730206	0.0333758996982
gok-	0.0430243593799	0.0222913517757	0.0326900769799	0.901994211865
fii-	0.229850746269	0.689552238806	0.0447761194029	0.0358208955224
leh-	0.0	1.0	0.0	0.0
too-	0.526315789474	0.422867513612	0.0254083484573	0.0254083484573
ala-	0.627973444896	0.227307800404	0.0595570249514	0.0851617297486
but-	0.144368873921	0.547405415208	0.0829201831168	0.225305527754
nti-	0.0105071141919	0.935060197008	0.0439255746078	0.0105071141919
upe-	0.799664710813	0.148365465214	0.0393964794635	0.0125733445096
yoe-	0.0	1.0	0.0	0.0
duu-	0.0632258064516	0.197419354839	0.708387096774	0.0309677419355
baj-	0.600532299522	0.133591381123	0.0577873110975	0.208089008258
zeu-	0.0	1.0	0.0	0.0
bib-	0.500218585207	0.298204868986	0.0743189704636	0.127257575344
ane-	0.200575670353	0.126798969853	0.0127253446448	0.659900015149
ayi-	0.650545901641	0.229280859639	0.0232446340381	0.0969286046817
anu-	0.688338926175	0.232382550335	0.0281040268456	0.0511744966444
wit-	0.471846548851	0.35247300754	0.0756790132287	0.10000143038
fuf-	0.110526315789	0.846689303905	0.0427843803056	0.0
nga-	0.0617598767965	0.869377995599	0.0537934737992	0.0150686538052
yen-	0.11552564403	0.121457970916	0.0244370302721	0.738579354782
gay-	0.170028818444	0.437560038425	0.0537944284342	0.338616714697
aam-	0.919796766364	0.0157156374707	0.0	0.0644875961657
ipa-	0.116490166414	0.657589510842	0.0620272314675	0.163893091276
kin-	0.225392269238	0.27392866431	0.098440555197	0.402238511255
ihy-	0.0283018867925	0.971698113208	0.0	0.0
gob-	0.190909090909	0.5	0.2	0.109090909091
lyu-	0.502379654383	0.252583022725	0.110061817266	0.134975505626
iyu-	0.651600753296	0.274952919021	0.0169491525424	0.0564971751412
ona-	0.756818181818	0.106818181818	0.0272727272727	0.109090909091
nof-	0.0815059188822	0.918494081118	0.0	0.0
ubi-	0.604363071173	0.0942556596879	0.015334585388	0.286046683751
lug-	0.127983104194	0.79101275258	0.0220294553815	0.0589746878443
yuz-	0.637711864407	0.298728813559	0.0635593220339	0.0
ndw-	0.199203187251	0.800796812749	0.0	0.0
eba-	0.0	1.0	0.0	0.0
uyu-	0.311168628035	0.0904588112618	0.0488324892001	0.549540071503
mub-	0.303972883237	0.106137640492	0.0548680198913	0.53502145638
ndi-	0.073940374681	0.840986182859	0.0530979647725	0.0319754776872
bam-	0.257590636274	0.365925531036	0.0354156432109	0.341068189479
mis-	0.0800484630131	0.786207968499	0.0882696392774	0.0454739292105
n'b-	0.111627906977	0.0558139534884	0.0279069767442	0.804651162791
twa-	0.399601388923	0.137471098625	0.057997497286	0.404930015165
din-	0.0390243902439	0.673170731707	0.282926829268	0.00487804878049
uji-	0.653980311222	0.220123682126	0.0643501276671	0.0615458789844
yai-	0.023622047244	0.964566929134	0.011811023622	0.0
zel-	0.0	1.0	0.0	0.0
yon-	0.0571717279158	0.889911184385	0.0183481359358	0.034568951763
yin-	0.0720812184692	0.0805356155069	0.0914382177866	0.755944948237
gik-	0.198941214374	0.0166477240059	0.0065274456838	0.777883615936
iwi-	0.695748205411	0.257868580895	0.0	0.0463832136941
hoo-	0.792249369921	0.187944395831	0.0132041561653	0.00660207808267
ay'-	0.0	1.0	0.0	0.0
ly'-	0.230500211954	0.666437049597	0.0776282323018	0.0254345061466
sos-	0.0113636363636	0.988636363636	0.0	0.0
luu-	0.137500701382	0.0323331440537	0.0032835894593	0.826882565105
nzw-	0.197502178333	0.796398489689	0.00174266627941	0.00435666569852
ule-	0.646177152632	0.172395041842	0.033093558317	0.148334247208
jas-	0.506119062435	0.126737191454	0.0663762704833	0.300767475627
bit-	0.363342063737	0.477070488523	0.139740690732	0.0198467570074
leg-	0.075	0.875	0.05	0.0
kag-	0.367149378246	0.429206674012	0.125728002519	0.0779159452227
zal-	0.0	1.0	0.0	0.0
nom-	0.0865563827435	0.811829372308	0.0786589025662	0.0229553423821
pot-	0.0	1.0	0.0	0.0
mam-	0.146516393443	0.612704918033	0.199282786885	0.0414959016393
utu-	0.609519532056	0.206474424644	0.0769253431179	0.107080700182
esa-	0.0	0.984848484848	0.0	0.0151515151515
oga-	0.643231114435	0.296933433059	0.0	0.0598354525056
sia-	0.0	1.0	0.0	0.0
hay-	0.53206876802	0.132653160281	0.0281323716424	0.307145700057
oji-	0.702127659574	0.276595744681	0.0	0.0212765957447
boi-	0.033372817634	0.0401709841891	0.0317247772571	0.89473142092
sis-	0.00928909952606	0.974218009479	0.00113744075829	0.015355450237
wat-	0.542090344593	0.20082992338	0.105413655145	0.151666076882
ibo-	0.305555555556	0.458333333333	0.152777777778	0.0833333333333
mag-	0.109320670886	0.747152247308	0.0505446278345	0.0929824539715
aug-	0.22144112478	0.74165202109	0.0	0.0369068541301
ama-	0.709723820483	0.0801687763712	0.0738396624473	0.136267740698
kok-	0.304535637149	0.423326133909	0.149028077754	0.123110151188
kuj-	0.439535030645	0.148434723224	0.0237209023469	0.388309343783
kas-	0.309538169912	0.438363161911	0.154242879299	0.0978557888777
zwi-	0.246789221858	0.753210778142	0.0	0.0
lwi-	0.149571445294	0.33225237255	0.0411993462211	0.476976835935
dub-	0.759183673469	0.210204081633	0.00612244897959	0.0244897959184
aje-	0.434562545192	0.0704989154013	0.00867678958785	0.486261749819
ink-	0.961722488038	0.0	0.0382775119617	0.0
pla-	0.0	0.970355731225	0.0	0.0296442687747
tag-	0.625	0.3	0.075	0.0
kuz-	0.15895430008	0.806525585179	0.0174687957819	0.0170513189596
mac-	0.106201419398	0.673284893545	0.0870226427847	0.133491044272
map-	0.163113183768	0.638404477023	0.148254605983	0.0502277332258
ika-	0.314518671244	0.30685121534	0.0544575956673	0.324172517749
bet-	0.0107868020305	0.98921319797	0.0	0.0
k'i-	0.0	0.244897959184	0.285714285714	0.469387755102
maj-	0.172199170125	0.753112033195	0.0	0.0746887966805
pau-	0.0071779822335	0.984295685279	0.000237944162437	0.00828838832487
sal-	0.0188014101058	0.954759106933	0.0258519388954	0.000587544065804
asu-	0.732671031836	0.25603973809	0.00451569202979	0.00677353804471
kiy-	0.0834658187599	0.0563394276629	0.830385532591	0.0298092209857
miz-	0.0269018176634	0.948510499526	0.000867800569785	0.0237198822408
wap-	0.578210965266	0.242277952107	0.110643150246	0.0688679323806
gab-	0.101614151315	0.100093672364	0.0203635573777	0.777928618943
nub-	0.650232339437	0.0965176743928	0.0285168999281	0.224733086242
400-	0.0	0.419191919192	0.113636363636	0.467171717172
den-	0.0538793794635	0.865301551341	0.0630388739723	0.0177801952229
nsa-	0.231940971636	0.496454923377	0.192830078694	0.0787740262928
mya-	0.068659953249	0.883966901014	0.0255530570344	0.0218200887024
yan-	0.258277620006	0.0794970212857	0.0186699572329	0.643555401475
bad-	0.0830145767579	0.710648481892	0.0942921666428	0.112044774707
sim-	0.0036850921273	0.993551088777	0.000753768844221	0.00201005025125
uuk-	0.617970912523	0.188229394021	0.0403925594173	0.153407134038
jub-	0.302937224035	0.42234593972	0.0397389134191	0.234977922826
yee-	0.238578680203	0.0761421319797	0.317258883249	0.368020304569
min-	0.0349542588758	0.706062479917	0.217068792987	0.0419144682199
guz-	0.512040557668	0.213117870722	0.259632446134	0.0152091254753
ich-	0.150901729849	0.719748088169	0.0847748742486	0.0445753077332
goy-	0.476845483723	0.134112792297	0.0103163686382	0.378725355342
mpi-	0.0520052075963	0.887074406362	0.0525004952877	0.00841989075368
nhu-	0.391327062536	0.360662354917	0.117550929087	0.130459653461
nee-	0.0372112976857	0.197508988067	0.680575049778	0.0847046644688
lul-	0.0996379876172	0.653889095646	0.133978414589	0.112494502148
tab-	0.0	1.0	0.0	0.0
lok-	0.18795214246	0.101975514747	0.0339454646633	0.67612687813
naz-	0.134853743183	0.839762022806	0.0178482895389	0.00753594447199
gal-	0.253643548088	0.658610113842	0.0270217149386	0.0607246231312
see-	0.00234699665983	0.98215436774	0.00106777775965	0.0144308578409
jic-	0.312296681848	0.393623942746	0.137931034483	0.156148340924
ida-	0.0409814421665	0.0604898761051	0.0476356454049	0.850893036323
lw'-	0.200363196126	0.191283292978	0.529661016949	0.0786924939467
pyi-	0.0525043185688	0.147617763506	0.110934469456	0.688943448469
nsh-	0.14039474599	0.675574647821	0.0886233864335	0.0954072197548
sel-	0.0678923335736	0.296563326123	0.586757990868	0.0487863494352
kay-	0.0385964277967	0.899848145202	0.0104400173548	0.0511154096464
ibe-	0.495307204989	0.0855426515984	0.19755027251	0.221599870903
neb-	0.0185344154831	0.0546765256751	0.21002419229	0.716764866552
bii-	0.527062999113	0.270376473571	0.0813474458106	0.121213081506
wad-	0.625762263811	0.217088728008	0.0877567164328	0.069392291748
lil-	0.337565915271	0.557039674649	0.0443426221348	0.0610517879452
gak-	0.218114294905	0.135235962509	0.0624952463364	0.584154496249
ati-	0.299453343211	0.12158914141	0.0344240852979	0.544533430081
jih-	0.51724137931	0.275862068966	0.137931034483	0.0689655172414
ubu-	0.622066223167	0.123087118996	0.0133203119446	0.241526345893
mba-	0.517852515935	0.33436285433	0.100445665129	0.0473389646059
buf-	0.306756914062	0.214475735129	0.0361708832907	0.442596467519
ung-	0.602735184462	0.0675600301597	0.0553392646517	0.274365520726
jah-	0.327692942633	0.548493602972	0.0643829962856	0.0594304581097
not-	0.0652699435938	0.322052108514	0.609454740801	0.00322320709106
jen-	0.220090184324	0.135144637725	0.0302723988503	0.614492779101
bag-	0.181332166812	0.648244946585	0.129043837651	0.0413790489519
ugo-	0.81079636558	0.089791555318	0.0256547300908	0.0737573490112
oma-	0.273504273504	0.0598290598291	0.206552706553	0.460113960114
lob-	0.046439628483	0.38166494668	0.571895424837	0.0
luk-	0.237072990007	0.534587145292	0.0242452788193	0.204094585882
mon-	0.0122557363655	0.987744263635	0.0	0.0
lel-	0.106537710209	0.327841005606	0.0237599796161	0.541861304569
mhi-	0.0680890484324	0.717106215442	0.0774107633963	0.13739397273
kak-	0.267071182428	0.276731991968	0.0979879516759	0.358208873928
uly-	0.860804316668	0.0915605766799	0.0139111373409	0.0337239693111
nel-	0.0	1.0	0.0	0.0
ihu-	0.261657162026	0.730291848373	0.00805098960078	0.0
kik-	0.489830508475	0.274576271186	0.11186440678	0.123728813559
h'u-	0.13315834745	0.0907131209794	0.0971014243614	0.679027107209
gog-	0.0	1.0	0.0	0.0
ini-	0.445116681072	0.0609951845907	0.0481540930979	0.44573404124
kap-	0.100205851123	0.694936453237	0.18673172257	0.01812597307
jup-	0.697727706702	0.206033988925	0.0721787282795	0.0240595760932
unu-	0.383983572895	0.616016427105	0.0	0.0
jaz-	0.470310391363	0.516194331984	0.0134952766532	0.0
nye-	0.254901960784	0.254901960784	0.482352941177	0.00784313725488
bof-	0.424731182796	0.284946236559	0.258064516129	0.0322580645161
gud-	0.26377540331	0.206858020812	0.315664501711	0.213702074167
bua-	0.197424892704	0.673819742489	0.128755364807	0.0
ngi-	0.169219597048	0.62083917383	0.139264181852	0.0706770472701
ipe-	0.592152199762	0.281807372176	0.104637336504	0.0214030915577
nis-	0.0374534973355	0.0617354291651	0.00653550960217	0.894275563897
anw-	0.0423444011292	0.957655598871	0.0	0.0
oju-	0.88	0.072	0.048	0.0
leu-	0.0	1.0	0.0	0.0
deg-	0.699794499585	0.275283109615	0.00393511433693	0.0209872764636
gus-	0.38015833133	0.386875075695	0.156760941203	0.0762056517723
nib-	0.0766109509198	0.0191247899095	0.00313015589101	0.90113410328
him-	0.319160997732	0.0266439909297	0.0198412698413	0.634353741497
nau-	0.0	1.0	0.0	0.0
nuw-	0.261851520572	0.208743291592	0.0318649373882	0.497540250447
wel-	0.0358930729656	0.214861850009	0.35838302254	0.390862054486
iny-	0.0923076923077	0.615384615385	0.292307692308	0.0
gel-	0.142857142857	0.857142857143	0.0	0.0
sau-	0.0	0.994953742641	0.0	0.00504625735913
yaj-	0.403206530838	0.208014595085	0.0400094683301	0.348769405747
umo-	0.0814174010072	0.146870938499	0.00661861102508	0.765093049469
sag-	0.141921549502	0.222601546715	0.571100118442	0.064376785341
twe-	0.452012383901	0.286377708978	0.1826625387	0.0789473684211
uje-	0.713194301053	0.0532727648152	0.00123890150733	0.232294032624
bom-	0.40590809628	0.191466083151	0.212253829322	0.190371991247
kit-	0.198841698842	0.614426114426	0.1404001404	0.0463320463321
ike-	0.36982430274	0.30765450301	0.224843346848	0.0976778474014
iza-	0.533512064343	0.0991957104558	0.190348525469	0.176943699732
ela-	0.204976303318	0.508293838863	0.279620853081	0.00710900473933
iyo-	0.108964877791	0.113232750131	0.00278021398125	0.775022158096
yud-	0.0536480686695	0.791919918629	0.0965045027165	0.0579275099854
jiz-	0.413208852006	0.413900414938	0.133125864454	0.039764868603
jam-	0.457717327025	0.444707273803	0.097575399172	0.0
lon-	0.247640541649	0.461222814936	0.156544932294	0.13459171112
nag-	0.463883304135	0.231079707835	0.0916999035498	0.21333708448
sho-	0.158271977413	0.422703736086	0.0300408344964	0.388983452005
liz-	0.672646784716	0.0943616029822	0.06174277726	0.171248835042
