-eus	0.0	1.0	0.0	0.0
-cas	0.120229007634	0.639312977099	0.0171755725191	0.223282442748
-hem	0.0	0.97963800905	0.0135746606335	0.00678733031674
-na—	0.327027893556	0.179544725874	0.278935556268	0.214491824303
-ive	0.107594236149	0.892405763851	0.0	0.0
-rbe	0.0534979423868	0.938271604938	0.0	0.0082304526749
-caz	0.0	1.0	0.0	0.0
-āih	0.393837028668	0.101917808219	0.10699053806	0.397254625053
-īwi	0.738980121003	0.222126188418	0.0388936905791	0.0
-auh	0.35077694504	0.243207134528	0.120134011004	0.285881909429
-ufo	0.0	0.960784313725	0.0392156862745	0.0
-aum	0.00237247924081	0.992882562278	0.00237247924081	0.00237247924081
-pla	0.153094462541	0.641693811075	0.127035830619	0.0781758957655
-aun	0.0938833570413	0.842105263158	0.0497866287341	0.0142247510669
-put	0.228669320356	0.0741702524276	0.0112226050135	0.685937822203
-nto	0.0436681222707	0.877729257642	0.0163755458515	0.0622270742358
-pus	0.142899641781	0.217849078951	0.0890983544936	0.550152924775
-nta	0.307197685166	0.564803279347	0.113370574288	0.0146284611984
-uah	0.305454545455	0.694545454545	0.0	0.0
-nte	0.0424778761062	0.957522123894	0.0	0.0
ALL	0.211473509564	0.246673768364	0.0467880256987	0.495064696373
-uas	0.0525214488453	0.0346124693588	0.132402270675	0.780463811121
-pak	0.0650391427291	0.0294706879331	0.0152123040104	0.890277865327
-pal	0.0315453508475	0.789247498498	0.0986365534175	0.0805705972374
-puh	0.08203125	0.42578125	0.46484375	0.02734375
-lta	0.518157343723	0.211543707026	0.0441495372656	0.226149411986
-war	0.0992472720338	0.808112173676	0.0169807296591	0.0756598246314
-pre	0.0	0.987080103359	0.00258397932817	0.0103359173127
-car	0.0	0.991014120668	0.0	0.00898587933247
-pri	0.205788617886	0.313170731707	0.455544715447	0.0254959349593
-más	0.0034188034188	0.996581196581	0.0	0.0
-twi	0.313655272484	0.122901063749	0.0685254845566	0.49491817921
-aré	0.0	1.0	0.0	0.0
-sma	0.221273030992	0.645675613102	0.0606442329475	0.0724071229589
-mán	0.0335664335664	0.53006993007	0.436363636364	0.0
-ope	0.098947368421	0.866315789474	0.0221052631579	0.0126315789474
-au-	0.0731707317073	0.480836236934	0.0487804878049	0.397212543554
-dea	0.00612123021797	0.972081218274	0.00477754553598	0.0170200059719
-ims	0.0	0.999003984064	0.000996015936256	0.0
-dec	0.0721012360211	0.89920541495	0.0242789876398	0.00441436138905
-gka	0.210566326444	0.441105022453	0.113811075077	0.234517576026
-deh	0.117903930131	0.14847161572	0.0	0.733624454149
-gki	0.285484283232	0.437858890974	0.0289790269414	0.247677798853
-āwi	0.400241073369	0.173394984884	0.0698519967594	0.356511944988
-deo	0.00645161290322	0.993548387097	0.0	0.0
-ima	0.222630387654	0.329238735058	0.0392335041518	0.408897373137
-rwi	0.590248654191	0.312976159959	0.0413227377596	0.0554524480902
-āta	0.490909090909	0.297902097902	0.0965034965035	0.114685314685
-—ūk	0.204081632653	0.0408163265306	0.0	0.755102040816
-twa	0.40478039805	0.28459016236	0.146282511059	0.164346928532
-rwa	0.281278172894	0.507763197436	0.171892216768	0.0390664129019
-ūma	0.151820685968	0.789368774625	0.0	0.0588105394066
-ido	0.160714285714	0.607142857143	0.0357142857143	0.196428571429
-bis	0.0331116282507	0.888418356761	0.021551210261	0.0569188047276
-rpo	0.0710059171598	0.834319526627	0.0	0.094674556213
-idi	0.369321953533	0.23399715505	0.319013750593	0.0776671408251
-eca	0.051724137931	0.913793103448	0.0344827586207	0.0
-ida	0.12012987013	0.836038961039	0.0316558441558	0.0121753246753
-its	0.170186839967	0.573923639318	0.246141348497	0.00974817221771
-bia	0.145552560647	0.838274932615	0.00808625336926	0.00808625336926
-bin	0.10268464466	0.591751432033	0.189071037646	0.116492885661
-kpa	0.128072220764	0.614226697521	0.205742956565	0.0519581251498
-bil	0.182018668659	0.768603333658	0.026639596944	0.0227384007388
-bik	0.114274044402	0.0363801400288	0.0121132541443	0.837232561425
-100	0.0093173606153	0.0226088714551	0.12205742406	0.846016343869
-tes	0.0	1.0	0.0	0.0
-hla	0.309773828756	0.552907915994	0.0282714054927	0.109046849758
-ria	0.0234702430847	0.958927074602	0.00464976513941	0.0129529171741
-rio	0.0176991150442	0.973451327434	0.0	0.00884955752212
-rim	0.0	1.0	0.0	0.0
-lki	0.171666141217	0.256325033908	0.0366982249632	0.535310599912
-rik	0.0921816319563	0.34141345169	0.550017070673	0.0163878456811
-rih	0.0164091635589	0.966222695791	0.0066062866276	0.0107618540224
-uts	0.0301196884412	0.906391872075	0.030207500944	0.03328093854
-rit	0.0338186610863	0.856978486648	0.0800406090966	0.0291622431692
-ris	0.0482066623041	0.822769623882	0.0354460752236	0.0935776385903
-utu	0.0898113207547	0.34679245283	0.518113207547	0.0452830188679
-tel	0.0427984838913	0.905795957044	0.0303221730891	0.021083385976
-sia	0.0067635270541	0.960921843687	0.00300601202405	0.0293086172345
-teo	0.0	0.963636363636	0.0	0.0363636363636
-lux	0.0	0.960784313725	0.0	0.0392156862745
-ira	0.304901489668	0.658097068717	0.0153772224892	0.0216242191254
-ara	0.150684931507	0.798549556809	0.0314262691378	0.0193392425463
-mes	0.0	1.0	0.0	0.0
-āna	0.578276260656	0.163331406829	0.0194456485094	0.238946684005
-lā-	0.030303030303	0.878787878788	0.0	0.0909090909091
-aro	0.0080223229857	0.915591210324	0.00209277990931	0.0742936867806
-ari	0.632911392405	0.135021097046	0.232067510549	0.0
-rón	0.0227272727273	0.957386363636	0.0198863636364	0.0
-ark	0.334005872733	0.530214247828	0.0239477815271	0.111832097912
-luk	0.0131578947368	0.973684210526	0.0	0.0131578947368
-mea	0.0	1.0	0.0	0.0
-lun	0.0199240986717	0.908918406072	0.0711574952562	0.0
-meo	0.0	0.982142857143	0.0178571428571	0.0
-mei	0.0	1.0	0.0	0.0
-nwa	0.569769955226	0.399104523699	0.0259379342288	0.00518758684578
-ins	0.0648099842417	0.615121595288	0.292197915302	0.0278705051688
-aya	0.296260294605	0.609755706763	0.00934659303331	0.0846374055994
-rah	0.0655448867132	0.78869561861	0.0414185195865	0.10434097509
-īsi	0.0	0.685645549318	0.246992782678	0.0673616680032
-nwi	0.548138639281	0.290757381258	0.0340179717587	0.127086007702
-ayo	0.0161943319838	0.983805668016	0.0	0.0
-tyu	0.0186046511628	0.981395348837	0.0	0.0
-bás	0.0249042145594	0.963601532567	0.00383141762452	0.00766283524905
-u-ū	0.105585980285	0.803285870756	0.0700985761227	0.0210295728368
-mor	0.0344827586207	0.931034482759	0.0344827586207	0.0
-ndi	0.0658713692946	0.815352697095	0.021265560166	0.097510373444
-ak-	0.542495479204	0.376130198915	0.0	0.0813743218807
-na-	0.197674418605	0.279069767442	0.244186046512	0.279069767442
-ubu	0.00542666142351	0.00471883602045	0.0721981911129	0.917656311443
-ubi	0.28752886836	0.200923787529	0.497690531178	0.013856812933
-dán	0.0324105334233	0.962525320729	0.00303848750844	0.00202565833896
-xad	0.0	1.0	0.0	0.0
-uba	0.29815677537	0.249341705489	0.0906758490311	0.36182567011
-auū	0.523887973641	0.367380560132	0.0889621087315	0.0197693574959
-ota	0.0	0.988165680473	0.0118343195266	0.0
-tán	0.0	1.0	0.0	0.0
-hwi	0.490775927311	0.174982031849	0.049800658603	0.284441382237
-ote	0.00744878957169	0.990689013035	0.00186219739293	0.0
-oti	0.00581549035157	0.989426381179	0.0	0.00475812846947
-hwa	0.473498712319	0.337221260587	0.0650408486637	0.124239178431
-oto	0.0	0.944444444444	0.0555555555556	0.0
-rán	0.135746606335	0.864253393665	0.0	0.0
-uma	0.101040549804	0.816436116921	0.0189830031814	0.0635403300933
-eví	0.0601030337722	0.915855752719	0.0	0.0240412135089
-i-ū	0.0737704918033	0.754098360656	0.0	0.172131147541
-pāt	0.442086112796	0.201334141904	0.0887117733692	0.267867971931
-nak	0.103153393907	0.548904329236	0.258150721539	0.089791555318
-nah	0.0985010337339	0.0638881761867	0.0236070895746	0.814003700505
-nai	0.181048173637	0.460561143462	0.154049761779	0.204340921122
-nan	0.146665925899	0.678025112041	0.0551872291566	0.120121732904
-aki	0.406192060127	0.175948351197	0.0305774079738	0.387282180703
-nam	0.358681392096	0.257799654975	0.0789274151156	0.304591537813
-kik	0.583404796683	0.277274654856	0.0711115299439	0.0682090185176
-īwa	0.699293642785	0.131180625631	0.0	0.169525731584
-sip	0.165843829146	0.0626219282634	0.143130946677	0.628403295913
-aka	0.277829477563	0.614798339817	0.0581436468201	0.0492285358
-sit	0.807174887892	0.133034379671	0.0597907324365	0.0
-kis	0.16724738676	0.83275261324	0.0	0.0
-sih	0.130568882796	0.849897189856	0.0113091158328	0.00822481151474
-sio	0.0893300248139	0.880893300248	0.0	0.0297766749379
-sin	0.211811275585	0.384524218685	0.0374509641253	0.366213541605
-kit	0.409377781779	0.165981536492	0.100439083426	0.324201598304
-nas	0.0587052001798	0.21645705327	0.629618315331	0.0952194312195
-aku	0.531034482759	0.344827586207	0.124137931034	0.0
-aks	0.26834611172	0.669222343921	0.0558598028477	0.00657174151149
-mos	0.0166204986149	0.775623268698	0.191135734072	0.0166204986149
-gol	0.00923076923077	0.685576923077	0.305192307692	0.0
-gog	0.100840336134	0.882352941177	0.0168067226891	0.0
-sīn	0.11357672989	0.863932828548	0.0112452207812	0.0112452207812
-sīp	0.0269407898838	0.954808303756	0.0012905767609	0.0169603295995
-aán	0.0190476190476	0.980952380952	0.0	0.0
-mol	0.0196078431372	0.862745098039	0.117647058824	0.0
-yau	0.0163265306122	0.983673469388	0.0	0.0
-yat	0.23029950567	0.481826112242	0.287874382088	0.0
-yar	0.0109289617486	0.928961748634	0.0218579234972	0.0382513661202
-ber	0.0	1.0	0.0	0.0
-eos	0.0370370370371	0.948412698413	0.0119047619048	0.0026455026455
-eor	0.0	1.0	0.0	0.0
-cob	0.00189693329118	0.994309200126	0.0	0.00379386658236
-bel	0.049428001559	0.935743597973	0.0	0.0148284004677
-yal	0.0278726885361	0.583933348556	0.0168849206765	0.371309042231
-yan	0.0809227389235	0.846576345661	0.0637129256683	0.00878798974735
-yah	0.369684433866	0.255305332853	0.0792623271857	0.295747906095
-yak	0.332634667785	0.289876336198	0.130790190736	0.246698805282
-cor	0.0	1.0	0.0	0.0
-iso	0.0	1.0	0.0	0.0
-sil	0.0155440414508	0.968911917098	0.0155440414508	0.0
-reo	0.0	0.554545454545	0.445454545455	0.0
-isi	0.0245804287647	0.890986797633	0.0577540155528	0.0266787580495
-rea	0.0176945094978	0.920634920635	0.00312256049961	0.0585480093676
-isa	0.131305712441	0.0709594938031	0.120746125906	0.67698866785
-eva	0.025	0.9625	0.0125	0.0
-res	0.0425531914894	0.936170212766	0.0212765957447	0.0
-ret	0.00239860444832	0.989751417357	0.00523331879635	0.00261665939817
-dia	0.169153781613	0.795786887211	0.0233728874506	0.0116864437253
-—al	0.025641025641	0.794871794872	0.0	0.179487179487
-hab	0.0354609929078	0.964539007092	0.0	0.0
-naí	0.118518518519	0.82962962963	0.0296296296297	0.0222222222222
-kwa	0.399329150031	0.469729059663	0.058035942341	0.0729058479657
-mas	0.128020347605	0.824077999152	0.0385756676558	0.00932598558713
-mar	0.0	1.0	0.0	0.0
-hal	0.0688232186128	0.778845628291	0.0287864157269	0.12354473737
-mat	0.493170257055	0.272148724071	0.029837573546	0.204843445328
-han	0.106571936057	0.774422735346	0.0852575488455	0.0337477797513
-mai	0.0532150776053	0.933481152993	0.0	0.0133037694013
-mah	0.0194300518135	0.976683937824	0.0	0.00388601036269
-mak	0.11576384014	0.823948604998	0.0205065697561	0.0397809851063
-has	0.333333333333	0.380952380952	0.285714285714	0.0
-īta	0.533073929961	0.373540856031	0.0	0.0933852140078
-man	0.209822390572	0.150705080885	0.0305619153949	0.608910613148
-uni	0.0645697801185	0.620419067673	0.0760383785337	0.238972773674
-dih	0.390057361377	0.202676864245	0.108986615679	0.2982791587
-ung	0.337970380333	0.356308873401	0.148811091726	0.15690965454
-una	0.4076826667	0.208678949827	0.154145112516	0.229493270958
-nka	0.374518360336	0.293788589202	0.0608142611763	0.270878789286
-pta	0.0782122905028	0.921787709497	0.0	0.0
-pto	0.00438703387765	0.940531318547	0.0463075798196	0.0087740677553
-kih	0.414933741868	0.266292751102	0.0621865351922	0.256586971838
-nki	0.356043781698	0.355959931375	0.0723339511352	0.215662335792
-gad	0.0	1.0	0.0	0.0
-tra	0.0	1.0	0.0	0.0
-500	0.327458597424	0.35677775506	0.070169699448	0.245593948068
-ada	0.420112202873	0.386289198041	0.0875571553653	0.10604144372
-ado	0.0561822605618	0.912629949126	0.0238885202389	0.00729927007299
-tro	0.073583612451	0.871842952656	0.0166824007138	0.0378910341795
-dki	0.428571428571	0.510204081633	0.0204081632653	0.0408163265306
-gai	0.0	1.0	0.0	0.0
-gah	0.0682116309576	0.590730214254	0.0	0.341058154788
-gau	0.0	1.0	0.0	0.0
-sna	0.387127767369	0.420866935728	0.108431346213	0.0835739506893
-gar	0.062015503876	0.922480620155	0.015503875969	0.0
-aat	0.0	1.0	0.0	0.0
-sni	0.102736890207	0.603795111867	0.166004862855	0.127463135071
-in—	0.60162601626	0.0325203252032	0.0487804878049	0.317073170732
-nor	0.0	1.0	0.0	0.0
-seo	0.0232638508416	0.958664520099	0.00236010081002	0.0157115282495
-ini	0.129734452993	0.224209706169	0.0435557460183	0.60250009482
-sem	0.0	1.0	0.0	0.0
-tki	0.263553963584	0.559179526389	0.0994112617032	0.0778552483237
-ino	0.038084874864	0.954298150163	0.0076169749728	0.0
-ina	0.318631057048	0.392808524128	0.0505289384869	0.238031480338
-uis	0.0	1.0	0.0	0.0
-sec	0.0	1.0	0.0	0.0
-sea	0.0	1.0	0.0	0.0
-ing	0.0541193627482	0.163491127034	0.0124448533599	0.769944656858
-uih	0.0496525630287	0.519925075973	0.0268500189022	0.403572342096
-kni	0.232766204104	0.585691741671	0.0693073061452	0.11223474808
-uim	0.0	1.0	0.0	0.0
-lbu	0.379928315412	0.297491039426	0.0430107526882	0.279569892473
-kna	0.466539606181	0.251903344843	0.082187603598	0.199369445378
-ses	0.064927184466	0.903140169903	0.0040958737864	0.0278367718447
-ser	0.0	1.0	0.0	0.0
-aam	0.0246913580247	0.975308641975	0.0	0.0
-blo	0.179640718563	0.808383233533	0.0119760479042	0.0
-kut	0.383399209486	0.438735177866	0.0830039525692	0.0948616600789
-dón	0.0167076167076	0.964127764128	0.0	0.0191646191646
-són	0.0128663330951	0.984989278056	0.00214438884918	0.0
-ena	0.0229885057471	0.977011494253	0.0	0.0
-ian	0.163778162912	0.454072790295	0.202772963605	0.179376083189
-nes	0.0152284263959	0.97461928934	0.0101522842639	0.0
-rso	0.0	1.0	0.0	0.0
-neo	0.0535714285715	0.646428571429	0.203571428571	0.0964285714286
-cos	0.00797872340427	0.976063829787	0.00797872340425	0.00797872340425
-ias	0.0860392286138	0.81325201912	0.0604911818032	0.0402175704631
-kun	0.0904522047444	0.774758702198	0.0839688212285	0.0508202718293
-ooz	0.0325203252032	0.967479674797	0.0	0.0
-gha	0.101522298456	0.116209262436	0.0688250428817	0.713443396226
-kuh	0.222791283044	0.698713310577	0.0325852844382	0.0459101219409
-ban	0.158135759365	0.133147798245	0.270259241279	0.438457201111
-bah	0.0	0.53507565337	0.0165061898212	0.448418156809
-bai	0.045871559633	0.897043832824	0.0448521916412	0.0122324159022
-mki	0.364986110668	0.273587917877	0.149653564929	0.211772406526
-tdi	0.333648563594	0.245376710704	0.093240683048	0.327734042654
-gsa	0.232227488152	0.64691943128	0.113744075829	0.00710900473935
-bas	0.0143773071692	0.185350689722	0.260540120459	0.53973188265
-job	0.111111111111	0.819444444444	0.0555555555556	0.0138888888889
-dru	0.00875912408759	0.983941605839	0.0	0.00729927007298
-que	0.0	1.0	0.0	0.0
-asa	0.0985545335086	0.806833114323	0.0620893561104	0.0325229960579
-qui	0.0	1.0	0.0	0.0
-lti	0.2	0.533333333333	0.0	0.266666666667
-kār	0.164634146341	0.731707317073	0.0975609756097	0.0060975609756
-dro	0.027397260274	0.972602739726	0.0	0.0
-zor	0.0	1.0	0.0	0.0
-ery	0.00201432408236	0.905774395703	0.00268576544315	0.0895255147717
-430	0.510638297872	0.0425531914893	0.0	0.446808510638
-rau	0.122194815092	0.684537875323	0.166583952003	0.0266833575814
-ras	0.104891332911	0.813286788726	0.0705361020367	0.0112857763259
-ran	0.388302938664	0.512633949425	0.051366058028	0.0476970538831
-eri	0.0173913043478	0.982608695652	0.0	0.0
-iwa	0.62315808931	0.166224214901	0.0498596031433	0.160758092646
-ram	0.0	1.0	0.0	0.0
-uía	0.0541586073501	0.895551257253	0.0	0.0502901353966
-rak	0.0375922565162	0.122793112787	0.0273407690665	0.81227386163
-hdi	0.346585998271	0.279602420052	0.158599827139	0.215211754538
-ero	0.0144927536232	0.985507246377	0.0	0.0
-āni	0.0956937309086	0.523620667115	0.00800434453294	0.372681257443
-iwi	0.613570592004	0.073237914331	0.0108351956062	0.302356298059
-ene	0.0329181494662	0.961743772242	0.0	0.00533807829181
-rac	0.0	1.0	0.0	0.0
-hda	0.307191316146	0.535685210312	0.0439620081411	0.1131614654
-swa	0.48321726821	0.382391669913	0.074218341773	0.0601727201042
-lda	0.457491525424	0.193627118644	0.107796610169	0.241084745763
-pos	0.0730816077954	0.897685749086	0.0	0.0292326431182
-swi	0.572328407784	0.308112242032	0.0390791182109	0.0804802319729
-aza	0.0967741935484	0.806451612903	0.0322580645161	0.0645161290322
-ika	0.0453038815361	0.0313528474588	0.00413747209353	0.919205798912
-lac	0.145395799677	0.854604200323	0.0	0.0
-lam	0.0526315789474	0.947368421053	0.0	0.0
-lan	0.692850567659	0.163853942927	0.0466400736422	0.0966554157717
-lao	0.348484848485	0.621212121212	0.0	0.030303030303
-lah	0.129879062464	0.431040734486	0.0748462818895	0.364233921161
-iki	0.238216659809	0.266244819192	0.168666405704	0.326872115295
-lak	0.255574272628	0.619308770025	0.0612694267577	0.0638475305887
-lat	0.0487227482933	0.866989649857	0.0386478749174	0.0456397269324
-lau	0.169056952253	0.0391207799279	0.0146861294206	0.777136138399
-iku	0.0127696289905	0.969628990509	0.0113891285591	0.00621225194133
-fos	0.0	1.0	0.0	0.0
-lap	0.0156462410547	0.221022392079	0.00461692358992	0.758714443276
-eón	0.110714285714	0.867857142857	0.0107142857143	0.0107142857143
-las	0.245332973492	0.220375660117	0.191625761434	0.342665604957
-noa	0.0	1.0	0.0	0.0
-ppa	0.627118644068	0.169491525424	0.135593220339	0.0677966101695
-noc	0.0255863539446	0.974413646055	0.0	0.0
-uki	0.33467039633	0.538425325192	0.0721880780564	0.0547162004218
-aac	0.0	0.995785036881	0.00421496311908	0.0
-ahn	0.529420297127	0.252641709962	0.0471388887622	0.170799104149
-dos	0.041782729805	0.941504178273	0.016713091922	0.0
-ahl	0.062937062937	0.727272727273	0.0629370629371	0.146853146853
-ahm	0.223084665091	0.321373996556	0.137680420062	0.317860918291
-icó	0.0	1.0	0.0	0.0
-fás	0.0408163265306	0.944897959184	0.00612244897959	0.00816326530612
-doc	0.0	1.0	0.0	0.0
-ges	0.020618556701	0.948453608247	0.0309278350515	0.0
-ahu	0.164770498235	0.411533934876	0.249509611612	0.174185955277
-sas	0.00602170466412	0.731329841747	0.00339549866524	0.259252954924
-sar	0.20272117367	0.661533379654	0.0586037611199	0.0771416855558
-sau	0.0261483444866	0.835220953639	0.0154118666334	0.123218835241
-sat	0.0884246147055	0.533159230514	0.353036377681	0.0253797770994
-ter	0.0350877192982	0.929824561404	0.0350877192982	0.0
-mpa	0.215859030837	0.31718061674	0.400881057269	0.0660792951542
-lfa	0.00644712335496	0.96131725987	0.0322356167748	0.0
-ahr	0.102564102564	0.835897435897	0.0615384615385	0.0
-ūni	0.0656692658527	0.812425620877	0.00857855225295	0.113326561017
-tor	0.189655172414	0.672413793103	0.137931034483	0.0
-sak	0.277566660967	0.487933221802	0.0842899282778	0.150210188954
-nma	0.248908296943	0.406113537118	0.218340611354	0.126637554585
-san	0.130331999586	0.790200425691	0.0289914279119	0.0504761468108
-sam	0.0532432151447	0.382019761298	0.503238118873	0.061498904684
-sal	0.0225360357065	0.905741323382	0.00983390649009	0.0618887344211
-lon	0.00883218842002	0.979391560353	0.0117762512267	0.0
-iel	0.0	0.99442532255	0.00557467745001	0.0
-loi	0.0	0.980392156863	0.0196078431373	0.0
-uío	0.0461538461538	0.907692307692	0.0461538461538	0.0
-loe	0.148148148148	0.722222222222	0.0185185185185	0.111111111111
-rod	0.0152909161591	0.927692108332	0.0427627316314	0.0142542438771
-mín	0.0	1.0	0.0	0.0
-rom	0.0	1.0	0.0	0.0
-lot	0.0208695652174	0.979130434783	0.0	0.0
-los	0.0345343616898	0.927477840451	0.0	0.0379877978589
-ipo	0.0353535353535	0.964646464647	0.0	0.0
-āki	0.196114146934	0.742562234366	0.0394656952034	0.0218579234972
-ión	0.00499999999999	0.955	0.01	0.03
-lco	0.104166666667	0.895833333333	0.0	0.0
-ipa	0.203904170364	0.72049689441	0.00745341614907	0.0681455190772
-húm	0.0	1.0	0.0	0.0
-ham	0.0298848762025	0.914997634443	0.0371392524838	0.0179782368711
-noé	0.0	1.0	0.0	0.0
-hka	0.465452133779	0.107656700459	0.00771490058606	0.419176265176
-wik	0.307955445569	0.0460599044124	0.0119073373634	0.634077312655
-īna	0.620591054015	0.318937967296	0.00794063356516	0.0525303451233
-hki	0.170457139241	0.551695718237	0.0586240500602	0.219223092462
-mec	0.0	1.0	0.0	0.0
-awi	0.468998220983	0.130453038714	0.0271711622988	0.373377578004
-awa	0.413116862476	0.300878560085	0.0551325354393	0.230872042
-wih	0.494653424907	0.302985504911	0.0694398181939	0.132921251988
-imo	0.0300835654596	0.84791086351	0.0657381615599	0.0562674094708
-—lā	0.449612403101	0.422480620155	0.0232558139535	0.104651162791
-kda	0.542753027347	0.31840317496	0.033133178995	0.105710618698
-pki	0.26809836715	0.188684638539	0.156493296095	0.386723698216
-saú	0.0	1.0	0.0	0.0
-276	0.0	0.25	0.0	0.75
-kdi	0.491124260355	0.259960552268	0.0615384615385	0.187376725838
-dni	0.193023255814	0.693023255814	0.096511627907	0.0174418604651
-sto	0.041893830703	0.94175035868	0.0111908177905	0.0051649928264
-pio	0.0	1.0	0.0	0.0
-sta	0.255878300577	0.685755068207	0.0401744344738	0.0181921967429
-saí	0.0	1.0	0.0	0.0
-cum	0.0181818181818	0.727272727273	0.109090909091	0.145454545455
-ain	0.073292166435	0.856810319744	0.0526979405775	0.0171995732437
-oli	0.0267623333728	0.629548116274	0.320720329504	0.0229692208493
-lón	0.0	0.965630114566	0.0343698854337	0.0
-ián	0.107142857143	0.821428571429	0.0714285714286	0.0
-red	0.0	1.0	0.0	0.0
-200	0.19793814433	0.340206185567	0.136082474227	0.325773195876
-lem	0.0119047619047	0.988095238095	0.0	0.0
-len	0.0	1.0	0.0	0.0
-leo	0.263157894737	0.714285714286	0.0225563909774	0.0
-lea	0.00390234140484	0.988993396038	0.00710426255753	0.0
-muk	0.0493096646943	0.929651545036	0.0118343195266	0.00920447074294
-leg	0.0	1.0	0.0	0.0
-les	0.0	1.0	0.0	0.0
-eel	0.0	1.0	0.0	0.0
-rra	0.010101010101	0.974747474747	0.0151515151515	0.0
-sah	0.116010636769	0.529932028483	0.0935213765323	0.260535958216
-rro	0.0	0.88679245283	0.11320754717	0.0
-iba	0.0214067278288	0.941896024465	0.0	0.0366972477064
-gio	0.0605187319884	0.913544668588	0.0259365994236	0.0
-udá	0.00450958286359	0.986471251409	0.00225479143179	0.00676437429539
-ndo	0.0	1.0	0.0	0.0
-nda	0.237187127533	0.569725864124	0.0286054827175	0.164481525626
-gia	0.0	0.943037974684	0.0569620253165	0.0
-ala	0.122611410643	0.785764476254	0.0444608557067	0.0471632573956
-120	0.0273972602739	0.342465753425	0.0	0.630136986301
-rid	0.182606422771	0.669352585422	0.078549603872	0.069491387935
-wat	0.121995316088	0.388978312113	0.0287976687238	0.460228703075
-gpa	0.406512275188	0.276799362551	0.0800823372035	0.236606025058
-abé	0.0228463634458	0.967092852651	0.00503039195137	0.00503039195137
-gwa	0.331683168317	0.64603960396	0.0	0.0222772277227
-gwi	0.534353423991	0.199373709452	0.00958076166156	0.256692104895
-ros	0.00917431192661	0.926605504587	0.0275229357798	0.0366972477064
-rki	0.0356083086053	0.627596439169	0.0712166172107	0.265578635015
-153	0.109756097561	0.121951219512	0.0182926829268	0.75
-oré	0.155844155844	0.766233766234	0.012987012987	0.0649350649351
-elo	0.0	1.0	0.0	0.0
-ogo	0.0	1.0	0.0	0.0
-ela	0.0	1.0	0.0	0.0
-pna	0.0626086956522	0.937391304348	0.0	0.0
-pni	0.187046476411	0.694639412983	0.0769959899393	0.0413181206659
-bba	0.127272727273	0.781818181818	0.0	0.0909090909091
-ito	0.0214015946286	0.953420058749	0.00251783466219	0.0226605119597
-uta	0.482210290041	0.202119988029	0.0691771886296	0.2464925333
-eso	0.00599999999999	0.991	0.003	0.0
-lás	0.0	1.0	0.0	0.0
-esa	0.0	1.0	0.0	0.0
-ite	0.0	0.987012987013	0.012987012987	0.0
-ita	0.0829296329748	0.872819724819	0.00824017923123	0.0360104629749
-spa	0.12934433105	0.811240039144	0.016077170418	0.0433384593876
-400	0.235872235872	0.012285012285	0.022113022113	0.72972972973
-bru	0.0454280982858	0.885646511212	0.0595264736159	0.00939891688673
-fté	0.0	1.0	0.0	0.0
-—12	0.0383944153577	0.176265270506	0.0	0.785340314136
-spo	0.0	0.979797979798	0.020202020202	0.0
-fas	0.0802675585284	0.862876254181	0.0200668896321	0.0367892976589
-uda	0.230032471962	0.202608671924	0.0903757469916	0.476983109122
-fat	0.0	1.0	0.0	0.0
-—di	0.380165289256	0.330578512397	0.0826446280992	0.206611570248
-udi	0.31373688224	0.118323105414	0.0370383819311	0.530901630415
-—la	0.0671641791045	0.462686567164	0.223880597015	0.246268656716
-pwa	0.126436781609	0.862068965517	0.0114942528736	0.0
-pwi	0.430693069307	0.502475247525	0.0445544554455	0.0222772277228
-win	0.710892613537	0.215010670154	0.0217931518558	0.052303564454
-tea	0.0	1.0	0.0	0.0
-tuk	0.383482908138	0.246848845417	0.220530402339	0.149137844106
-ael	0.023064926537	0.951818107199	0.00837232208815	0.0167446441763
-tun	0.105494505495	0.802197802198	0.0131868131868	0.0791208791209
-sol	0.25	0.272727272727	0.477272727273	0.0
-oro	0.0	0.989881956155	0.0	0.0101180438449
-elí	0.072	0.904	0.012	0.012
-tna	0.485195126053	0.212637436718	0.0367593998943	0.265408037335
-gma	0.161424222858	0.618946591643	0.0154044829813	0.204224702518
-tni	0.110247379474	0.418934321024	0.256172352585	0.214645946917
-rus	0.029702970297	0.970297029703	0.0	0.0
-lip	0.0109955909592	0.970852957299	0.0115191905287	0.00663226121347
-īdi	0.649903288201	0.350096711799	0.0	0.0
-rut	0.0	1.0	0.0	0.0
-lis	0.317682870584	0.298035236602	0.0273037542662	0.356978138548
-ico	0.0841032175852	0.848996495699	0.0669002867155	0.0
-ruk	0.172364467472	0.150601181341	0.121959122514	0.555075228673
-ruh	0.170861322429	0.787357916616	0.0303460263774	0.011434734577
-lio	0.0303907380608	0.94500723589	0.00868306801737	0.0159189580318
-run	0.0300171526586	0.958833619211	0.00171526586621	0.00943396226415
-sué	0.177514792899	0.822485207101	0.0	0.0
-lik	0.397818305778	0.338333049258	0.0835179819329	0.18033066303
-dak	0.436195868722	0.275977770787	0.0540002097095	0.233826150781
-oma	0.0394557872995	0.846622573315	0.0939158880791	0.0200057513068
-adi	0.611014492754	0.134028985507	0.0330434782609	0.221913043478
-rug	0.0	1.0	0.0	0.0
-lib	0.0417149478563	0.942062572422	0.0115874855156	0.00463499420627
-lni	0.116080100122	0.270425836758	0.039936137417	0.573557925703
-eas	0.0476821192053	0.817218543046	0.103311258278	0.0317880794702
-abo	0.0	1.0	0.0	0.0
-lna	0.259816686331	0.0784925076381	0.011967613465	0.649723192566
-144	0.0697674418604	0.0996677740863	0.0	0.830564784053
-ode	0.0	1.0	0.0	0.0
-rna	0.41871473654	0.40924739409	0.0364827388352	0.135555130535
-rni	0.0638987414703	0.868205469833	0.0234421418412	0.0444536468555
-zer	0.0	1.0	0.0	0.0
-hni	0.0921149957929	0.308034852547	0.197007404119	0.40284274754
-lwa	0.452967159321	0.305718509781	0.0543377031958	0.186976627702
-—ta	0.442307692308	0.326923076923	0.0576923076923	0.173076923077
-rge	0.0	1.0	0.0	0.0
-hng	0.406403457081	0.292280494991	0.199371439796	0.101944608132
-hna	0.62848983978	0.175899920601	0.0460069716	0.149603268019
-lwi	0.510939876877	0.145058240754	0.0452959927172	0.298705889652
-gti	0.672920065253	0.327079934747	0.0	0.0
-hnu	0.410714285714	0.375	0.178571428571	0.0357142857143
-gta	0.264805733685	0.0976989815164	0.0	0.637495284798
-ipe	0.0423940149626	0.942643391521	0.00748129675811	0.00748129675811
-uru	0.301136363636	0.545454545455	0.0	0.153409090909
-pah	0.36397085341	0.21824057246	0.0325374683997	0.385251105731
-dur	0.0981835545033	0.860036209538	0.0188011061815	0.0229791297773
-apa	0.363939284006	0.322697698437	0.24061527616	0.0727477413976
-was	0.364074051733	0.241205909088	0.083629655308	0.311090383871
-pam	0.0	1.0	0.0	0.0
-pan	0.237035463656	0.556701052694	0.0322984787123	0.173965004938
-api	0.674452554745	0.325547445255	0.0	0.0
-uhl	0.132979837227	0.496050119202	0.327892068131	0.0430779754399
-kul	0.337628865979	0.324742268041	0.275773195876	0.0618556701031
-aín	0.0146878824969	0.955936352509	0.00734394124848	0.0220318237454
-duh	0.76151464969	0.0677835258757	0.0042268848167	0.166474939618
-wan	0.0270752395111	0.858279958421	0.00932419412566	0.105320607942
-par	0.0254237288135	0.822033898305	0.120762711864	0.0317796610169
-pas	0.166409943105	0.739141170267	0.0426827834992	0.0517661031281
-wak	0.0442485646042	0.0231486076133	0.00943609120865	0.923166736574
-pau	0.123558907184	0.819847356742	0.0498972189621	0.00669651711111
-wah	0.475243195152	0.331093129336	0.0530639853226	0.140599690189
-ti—	0.140186915888	0.607476635514	0.11214953271	0.140186915888
-ng—	0.161573770492	0.68262295082	0.0173114754098	0.138491803279
-nuh	0.110847189232	0.82717915497	0.024184841287	0.0377888145109
-sut	0.286115007013	0.601683029453	0.0448807854138	0.0673211781206
-sus	0.0710007080934	0.898187663866	0.0200945400264	0.0107170880141
-omé	0.0	0.961165048544	0.0	0.0388349514563
-sul	0.00834492350486	0.991655076495	0.0	0.0
-īma	0.295081967213	0.584699453552	0.0	0.120218579235
-wīk	0.274596182085	0.406754772394	0.0660792951542	0.252569750367
-zín	0.0	1.0	0.0	0.0
-fes	0.142857142857	0.857142857143	0.0	0.0
-dio	0.0	0.95652173913	0.0	0.0434782608695
-aña	0.0	1.0	0.0	0.0
-dik	0.130479306605	0.0996414740311	0.0355792289212	0.734299990442
-nás	0.0485143301543	0.936497502806	0.00788850896818	0.00709965807136
-sla	0.195223654284	0.189411170078	0.0151630022744	0.600202173364
-dis	0.269151335527	0.148174226335	0.131883354938	0.4507910832
-feo	0.0	1.0	0.0	0.0
-sli	0.0	1.0	0.0	0.0
-mdi	0.337642192347	0.366597724922	0.095139607032	0.200620475698
-sús	0.0392156862745	0.921568627451	0.0392156862745	0.0
-uku	0.364806866953	0.633353770693	0.0	0.00183936235438
-ski	0.23299469686	0.190324785157	0.0682509073159	0.508429610667
-ihn	0.191489361702	0.354893617021	0.325957446808	0.127659574468
-ihm	0.0548721250412	0.0470772027787	0.195571041951	0.702479630229
-ihr	0.197368421053	0.77024291498	0.0323886639676	0.0
-nni	0.140439923895	0.638466778101	0.169333883358	0.0517594146452
-rta	0.0151584749656	0.949012402389	0.0248047772164	0.0110243454295
-nna	0.0837049023681	0.0597937093855	0.0154861309883	0.841015257258
-kki	0.569901656379	0.229928803732	0.0443337225774	0.155835817311
-ait	0.0427960057061	0.828815977175	0.0855920114123	0.0427960057061
-tip	0.289156626506	0.674698795181	0.0361445783133	0.0
-ais	0.0989259860416	0.513697899327	0.00553537632804	0.381840738304
-tis	0.193548387097	0.534981147884	0.196899874319	0.0745705906996
-bni	0.285714285714	0.587301587302	0.0952380952381	0.031746031746
-tia	0.0	1.0	0.0	0.0
-ngh	0.483870967742	0.212903225806	0.0	0.303225806452
-ail	0.050505050505	0.720538720539	0.228956228956	0.0
-tin	0.0	0.981818181818	0.0181818181818	0.0
-tio	0.044776119403	0.746268656716	0.208955223881	0.0
-tih	0.509803921569	0.490196078431	0.0	0.0
-aih	0.417279069044	0.034729633543	0.0022493887128	0.545741908701
-tik	0.0968574894146	0.150779260314	0.0603830706926	0.691980179578
-tbu	0.0869565217391	0.286956521739	0.591304347826	0.0347826086956
-ema	0.0	0.975560081466	0.0244399185336	0.0
-hma	0.112814242031	0.414940093654	0.204469425076	0.267776239239
-uwa	0.3624072254	0.287480949332	0.0531696220587	0.29694220321
-emo	0.0222222222222	0.977777777778	0.0	0.0
-osé	0.0229365207559	0.970764012276	0.00387659505734	0.00242287191084
-uwi	0.432425063508	0.0681894464371	0.0219969153281	0.477388574727
-260	0.114754098361	0.0983606557377	0.0	0.786885245902
-ems	0.0594059405941	0.376237623762	0.0	0.564356435644
-jan	0.0347639029054	0.907517572281	0.0126148616349	0.0451036631788
-das	0.213843695637	0.559438349304	0.135120702642	0.0915972524179
-mma	0.545167514471	0.268549377302	0.0684090510436	0.117874057183
-ulu	0.103920642419	0.772319319792	0.0973075106283	0.0264525271611
-set	0.0	1.0	0.0	0.0
-cio	0.0655283802491	0.927549607753	0.00692201199815	0.0
-pda	0.686746987952	0.132530120482	0.0361445783133	0.144578313253
-ana	0.499097893864	0.182178000335	0.04412623562	0.274597870181
-int	0.0826193909577	0.830011027229	0.0162863686487	0.0710832131648
-cia	0.00676628136454	0.959402311813	0.0312940513109	0.0025373555117
-mda	0.263433813893	0.376146788991	0.153342070773	0.207077326343
-a-ū	0.527698458024	0.472301541976	0.0	0.0
-zar	0.0	1.0	0.0	0.0
-cis	0.0	0.967741935484	0.0322580645161	0.0
-aná	0.0106957708049	0.966384720327	0.0	0.0229195088677
-kta	0.251368170319	0.662338552257	0.0230641986341	0.0632290787898
-—ju	0.396475770925	0.409691629956	0.0881057268722	0.105726872247
-000	0.0955968174703	0.305144489422	0.0254792486854	0.573779444422
-eta	0.0	0.984599589322	0.00308008213552	0.0123203285421
-kus	0.0237964989059	0.967997811816	0.00164113785558	0.00656455142232
-kri	0.190118152524	0.751879699248	0.0386680988184	0.0193340494092
-eto	0.0	0.963290278722	0.0244731475187	0.0122365737594
-rco	0.00793650793651	0.992063492063	0.0	0.0
-buk	0.170854271357	0.708542713568	0.0603015075377	0.0603015075377
-buh	0.256921166116	0.592941168593	0.120308990067	0.0298286752233
-lim	0.0	1.0	0.0	0.0
-nos	0.392077351007	0.361432843765	0.0129731476436	0.233516657585
-ías	0.0197162768845	0.959823814993	0.00651179787012	0.0139481102527
-lin	0.249328959141	0.315836564271	0.426781986281	0.00805249030719
-mén	0.0246744345441	0.0938999314598	0.0	0.881425633996
-300	0.0833333333333	0.143939393939	0.143939393939	0.628787878788
-ebú	0.0900321543408	0.909967845659	0.0	0.0
-ría	0.00877834674469	0.797366495977	0.193855157279	0.0
-mwa	0.433721667766	0.248839293594	0.039336431195	0.278102607445
-ata	0.309207823524	0.509582923998	0.0890417076003	0.0921675448781
-ato	0.0350877192982	0.915570175439	0.0493421052632	0.0
-666	0.0	0.0	0.0	1.0
-pma	0.644666155027	0.312356101305	0.0429777436685	0.0
-nis	0.301962386303	0.388146260678	0.239676791408	0.0702145616103
-uli	0.0169491525424	0.983050847458	0.0	0.0
-osa	0.0	1.0	0.0	0.0
-ulo	0.0624272974021	0.865451725475	0.002326483133	0.06979449399
-nit	0.255770848408	0.122499706898	0.0693998606864	0.552329584008
-kal	0.0986012424404	0.798016848819	0.085454410115	0.0179274986255
-ula	0.0244798041616	0.930232558139	0.030599755202	0.0146878824969
-hta	0.314095675133	0.478733329397	0.0821952474546	0.124975748016
-lén	0.0101411811493	0.979165285787	0.000927951216279	0.00976558184751
-nia	0.00347878696211	0.95364138244	0.0279059215004	0.0149739090978
-nid	0.418313570488	0.364295125165	0.126482213439	0.0909090909091
-kas	0.125006715977	0.334366101331	0.326217382739	0.214409799953
-nik	0.319291388149	0.370526261509	0.0389015372221	0.271280813119
-nih	0.45739638377	0.313423264557	0.143922682169	0.0852576695043
-nin	0.339162442857	0.353127394466	0.0475387113237	0.260171451354
-ice	0.0459770114943	0.892720306513	0.0114942528736	0.0498084291188
-kau	0.0704167498693	0.0870959584506	0.0299906781302	0.81249661355
-kat	0.057545046572	0.037487495766	0.011068594864	0.893898862798
-tta	0.270403345456	0.236427809329	0.0424152540075	0.450753591207
-dma	0.14201183432	0.343195266272	0.0710059171598	0.443786982249
-tak	0.204095297229	0.728454405112	0.0337251488298	0.0337251488298
-nós	0.0	1.0	0.0	0.0
-mta	0.379550673668	0.0885645003292	0.0317965023847	0.500088323618
-nón	0.0681818181817	0.897727272727	0.0340909090909	0.0
-ica	0.0	0.990595611285	0.0	0.00940438871471
-fil	0.00840336134453	0.773109243697	0.218487394958	0.0
-fia	0.0	1.0	0.0	0.0
-aús	0.0204081632653	0.979591836735	0.0	0.0
-yuh	0.0658371705692	0.321837954345	0.367198981091	0.245125893994
-ldi	0.457130793304	0.155171129104	0.0846331528488	0.303064924743
-yul	0.238877103252	0.435991075205	0.0379884985099	0.287143323033
-ilp	0.322979071438	0.154886306551	0.191018279798	0.331116342214
-āwa	0.165296877086	0.692953692235	0.0216884374809	0.120060993198
-vid	0.0124793635525	0.967761644156	0.00740962210927	0.0123493701821
-lia	0.0	0.9950829748	0.00122925629993	0.00368776889982
-ila	0.0662342096279	0.854899283032	0.044042335268	0.0348241720724
-ilo	0.0509554140127	0.885350318471	0.0254777070064	0.0382165605095
-yus	0.357723577236	0.365853658537	0.184959349593	0.0914634146341
-ūki	0.0687907313541	0.712527154236	0.00868935553948	0.20999275887
-lma	0.259818220105	0.331659441464	0.0540942969412	0.35442804149
-oam	0.0	1.0	0.0	0.0
-edy	0.0	1.0	0.0	0.0
-amp	0.721835075494	0.271196283391	0.00696864111498	0.0
-ebe	0.0454545454545	0.954545454545	0.0	0.0
-lmo	0.16951850378	0.801830481496	0.0238758456029	0.00477516912057
-ami	0.712871287129	0.217821782178	0.0495049504951	0.019801980198
-kwi	0.444041280992	0.19119566765	0.0531679213715	0.311595129986
-amo	0.0	1.0	0.0	0.0
-ama	0.499540833482	0.19633679458	0.0412923479725	0.262830023965
-tma	0.352877653159	0.461092936514	0.100691159931	0.0853382503967
-íta	0.0	1.0	0.0	0.0
-oas	0.0	1.0	0.0	0.0
-iro	0.00577200577201	0.979797979798	0.01443001443	0.0
-iri	0.22099710724	0.0718481921655	0.0345709405803	0.672583760014
-usa	0.0281690140845	0.971830985916	0.0	0.0
-món	0.0189513581807	0.972204674668	0.00252684775743	0.00631711939356
-mós	0.0	1.0	0.0	0.0
-tat	0.03264604811	0.929553264605	0.0206185567011	0.0171821305842
-agé	0.150608044902	0.819457436857	0.00748362956033	0.022450888681
-kah	0.203149290407	0.221779248784	0.0759741236648	0.499097337145
-hit	0.0	0.706947368421	0.293052631579	0.0
-īki	0.814814814815	0.148148148148	0.0370370370371	0.0
-uza	0.0185185185185	0.981481481481	0.0	0.0
-hti	0.637999280317	0.197912918316	0.0842029507017	0.0798848506657
-bās	0.0290148807936	0.040802176116	0.33668462318	0.59349831991
-dūr	0.100759995104	0.850402252167	0.0317261792164	0.0171115735126
-aúl	0.56652360515	0.394849785408	0.0128755364807	0.0257510729614
-bén	0.0	1.0	0.0	0.0
-aní	0.0	1.0	0.0	0.0
-cea	0.0	1.0	0.0	0.0
-pia	0.0363636363636	0.927272727273	0.0363636363636	0.0
-wil	0.106060606061	0.893939393939	0.0	0.0
-npa	0.596779346923	0.131637804333	0.134832896671	0.136749952073
-īra	0.511627906977	0.313953488372	0.139534883721	0.0348837209302
-ius	0.053238686779	0.913043478261	0.0186335403727	0.0150842945874
-pik	0.226346342611	0.551951317325	0.141388413669	0.0803139263955
-pil	0.0602719998686	0.847992819319	0.00764907154231	0.0840861092704
-īri	0.829268292683	0.121951219512	0.0487804878049	0.0
-pis	0.177400047881	0.235336365813	0.266698587503	0.320564998803
-pit	0.070509472289	0.897024627759	0.00861654216734	0.0238493577846
-wit	0.463636363636	0.463636363636	0.0545454545454	0.0181818181818
-iud	0.0	1.0	0.0	0.0
-puk	0.416267942584	0.291866028708	0.210526315789	0.0813397129186
-loé	0.0252100840336	0.914285714286	0.0	0.0605042016807
-iks	0.102470930233	0.885174418605	0.0	0.0123546511628
-uem	0.0	1.0	0.0	0.0
-uel	0.0	1.0	0.0	0.0
-sdi	0.461925130351	0.476255893097	0.0206063255175	0.041212651035
-uhu	0.125	0.706790123457	0.168209876543	0.0
-sda	0.331695331695	0.660933660934	0.0	0.00737100737102
-hpa	0.0853008377761	0.875095201828	0.0327494287891	0.00685453160702
-uhm	0.857142857143	0.114285714286	0.0	0.0285714285714
-ago	0.0	1.0	0.0	0.0
-kar	0.0649717514124	0.785310734463	0.107344632768	0.0423728813559
-mka	0.631578947368	0.187969924812	0.0	0.18045112782
-kma	0.478428849365	0.374647194314	0.0273573576343	0.119566598687
-rte	0.176579925651	0.815055762082	0.00278810408922	0.00557620817843
-ans	0.268831168831	0.614285714286	0.0207792207792	0.0961038961039
-ant	0.414961185603	0.309809456598	0.12420606916	0.151023288638
-alí	0.0	1.0	0.0	0.0
-ega	0.0144727773949	0.956581667815	0.0289455547898	0.0
-dat	0.019656019656	0.231777231777	0.0384930384931	0.710073710074
-dau	0.217665615142	0.687697160883	0.0757097791798	0.0189274447949
-rto	0.0	1.0	0.0	0.0
-dar	0.31843575419	0.68156424581	0.0	0.0
-nio	0.0057361376673	0.994263862333	0.0	0.0
-450	0.0	0.183673469388	0.0408163265306	0.775510204082
-dam	0.00546946216954	0.983591613491	0.00546946216954	0.00546946216955
-nfa	0.0	1.0	0.0	0.0
-dah	0.0762290291775	0.748364382742	0.0955856151203	0.0798209729606
-dai	0.641447338032	0.0906344553031	0.0288795754064	0.239038631259
-mwi	0.516945546116	0.188595886611	0.0452268348172	0.249231732456
-ang	0.244674773221	0.320948342353	0.0327408775364	0.401636006889
-anh	0.435251434571	0.454367798161	0.0501730760311	0.0602076912374
-ani	0.17465132126	0.405752806746	0.0417221155331	0.377873756461
-ank	0.0	0.940045679482	0.0	0.0599543205177
-dab	0.0	1.0	0.0	0.0
-ano	0.0174273858921	0.865560165975	0.117012448133	0.0
-tal	0.0292682926829	0.868902439024	0.0926829268292	0.00914634146341
-tam	0.0	1.0	0.0	0.0
-tan	0.0558453877164	0.916765473085	0.0252549205597	0.00213421863884
-tah	0.520546460653	0.25160907974	0.0592565877325	0.168587871874
-gni	0.218389414402	0.577746967702	0.0954782509099	0.108385366986
-gna	0.126719379428	0.0848836819419	0.024199569383	0.764197369247
-mna	0.472048716632	0.17844540666	0.0419271706492	0.307578706059
-sco	0.0125107851596	0.98748921484	0.0	0.0
-bed	0.280519480519	0.719480519481	0.0	0.0
