-euy	0.322148584141	0.363813319739	0.16512953608	0.148908560041
-hey	0.383333333333	0.283333333333	0.0666666666667	0.266666666667
-rbu	0.236559139785	0.39247311828	0.145161290323	0.225806451613
-cad	0.345029239766	0.27694235589	0.246031746032	0.131996658312
-cak	0.38063246662	0.392410400562	0.150892480675	0.0760646521433
-eut	0.319710926725	0.236183034768	0.0470195552579	0.397086483249
-cai	0.0550431565968	0.906584463625	0.00078914919852	0.0375832305795
-cah	0.219162420213	0.454876543677	0.260503819915	0.0654572161943
-eup	0.38412470024	0.318848920863	0.0556834532374	0.241342925659
-eus	0.536073696925	0.0513561406764	0.00509039059529	0.407479771803
-eur	0.336962662288	0.0665922299135	0.0241143054054	0.572330802394
-hel	0.0	0.957295373665	0.0	0.0427046263345
-hem	0.0123372172721	0.971213159698	0.0102810143934	0.00616860863604
-rba	0.326313717772	0.522338122417	0.0673095847274	0.0840385750837
-eun	0.37806720675	0.177315331036	0.0586145152012	0.386002947012
-eui	0.0612576791457	0.030029616887	0.0720650883019	0.836647615665
-euh	0.313904751653	0.366302474105	0.0598579418224	0.25993483242
-euk	0.464817611402	0.206745660608	0.0397300518905	0.2887066761
-cat	0.461838462627	0.41722068422	0.0827490047892	0.0381918483642
-aan	0.200229814114	0.560848089221	0.0590264587478	0.179895637917
-eud	0.363137685134	0.496982995063	0.06582556226	0.0740537575425
-eug	0.324266447968	0.256606524513	0.0715782759249	0.347548751595
-heg	0.534472934473	0.441595441595	0.0	0.0239316239316
-eub	0.680226269218	0.200610004788	0.0968205273704	0.022343198624
-aus	0.155181214906	0.832567636549	0.0122511485452	0.0
-aur	0.852751868877	0.0370723009934	0.00908462406152	0.101091206068
-aut	0.0266896254843	0.924092409241	0.0187975319271	0.0304204333477
-het	0.175324675325	0.493506493506	0.214285714286	0.116883116883
-ghi	0.597902097902	0.0314685314685	0.174825174825	0.195804195804
-aub	0.588149231895	0.359180687637	0.0	0.0526700804681
-aud	0.0491341991342	0.938203463203	0.00162337662337	0.011038961039
-auh	0.134344528711	0.149873600578	0.0423739015288	0.673407969183
-auk	0.0280309306821	0.940486053576	0.019884009942	0.0115990057995
-aum	0.0895283772981	0.867625899281	0.0201438848921	0.0227018385292
-aul	0.31475862069	0.528	0.118620689655	0.0386206896552
-aun	0.0237246746543	0.946545032212	0.0119119705377	0.017818322596
-nti	0.411463130279	0.379243670462	0.0709809767779	0.13831222248
-pah	0.399624381721	0.439342243774	0.036625812511	0.124407561995
-mun	0.107754094243	0.0508736946696	0.0170161125626	0.824356098525
-pur	0.315244708379	0.518513692127	0.111324161811	0.0549174376827
-pus	0.312505045612	0.560022604343	0.0552999111972	0.0721724388472
-nta	0.484377552142	0.277670954337	0.0172043881821	0.220747105339
-uah	0.187573304529	0.673339642049	0.0615022369981	0.0775848164236
-yen	0.099523161846	0.00609959687736	0.00121413776706	0.89316310351
-nte	0.359415305245	0.621381484666	0.01203783319	0.00716537689882
-nah	0.262789015435	0.48957222047	0.0820064826052	0.16563228149
-can	0.220295903209	0.0785912396851	0.0138677795238	0.687245077582
-pud	0.772727272727	0.227272727273	0.0	0.0
-uap	0.727810650888	0.153846153846	0.0236686390532	0.094674556213
-uas	0.416761041903	0.193657984145	0.314835787089	0.0747451868629
-uar	0.265322863404	0.110110794794	0.0621347520235	0.562431589778
-uat	0.256019293887	0.253873357692	0.30185038611	0.188256962311
-pul	0.49337964756	0.0882189194423	0.0151892912471	0.403212141751
-pal	0.266314474464	0.463686795969	0.0261497416787	0.243848987889
-pun	0.0597730541793	0.121623781365	0.0	0.818603164456
-cal	0.133333333333	0.866666666667	0.0	0.0
-puh	0.176967635058	0.51895089112	0.231479937294	0.0726015365287
-puk	0.492345060503	0.29561351559	0.0739483961841	0.138093027723
-pra	0.0629413570771	0.76696346331	0.170095179613	0.0
-eum	0.340472408634	0.279946508914	0.33764877294	0.0419323095117
-nal	0.522002349327	0.252552633957	0.0745459474112	0.150899069305
-tas	0.3214782685	0.399465957954	0.0315912196467	0.247464553899
-eul	0.338732155933	0.168996007968	0.458020676677	0.0342511594214
-das	0.0481009912587	0.62312176233	0.261592709708	0.0671845367037
-kid	0.688085327784	0.272892819979	0.0390218522373	0.0
-kik	0.0	0.846153846154	0.153846153846	0.0
-cap	0.398093031545	0.373106398147	0.0882017465692	0.140598823739
-opi	0.0	0.802739726027	0.197260273973	0.0
-sma	0.155128205128	0.729487179487	0.0153846153846	0.1
-heh	0.866473531736	0.10034237556	0.0221227284698	0.0110613642349
-opa	0.0304182509506	0.954372623574	0.0152091254753	0.0
-smi	0.612708018154	0.188130931096	0.132856553431	0.0663044973181
-gke	0.233067572852	0.0575714324376	0.0110887288949	0.698272265816
-dea	0.00529333921482	0.988089986767	0.00264666960741	0.00397000441111
-gka	0.554865571113	0.252231472798	0.0526245552552	0.140278400834
-rbe	0.018691588785	0.981308411215	0.0	0.0
-deg	0.57567913605	0.196782453796	0.0334001336005	0.194138276553
-deh	0.0977675134719	0.526558891455	0.320246343341	0.0554272517321
-gko	0.520697167756	0.400871459695	0.078431372549	0.0
-dek	0.237607486805	0.616924898698	0.0776657927506	0.0678018217462
-del	0.370047994794	0.338322622631	0.235771035006	0.0558583475691
-den	0.199233716475	0.667049808429	0.0885057471265	0.0452107279693
-ima	0.408148670872	0.111366882495	0.0600605558292	0.420423890805
-ios	0.722534602076	0.128352076124	0.032277249135	0.116836072664
-der	0.350616015088	0.356486614095	0.146986704091	0.145910666726
-des	0.0738055807269	0.841483610911	0.0434334281161	0.0412773802456
-det	0.18207661147	0.728377514036	0.0149243124156	0.0746215620781
-kim	0.166782687504	0.785394853641	0.0201122490514	0.0277102098041
-kil	0.27332457293	0.575840060071	0.100150178337	0.0506851886615
-oka	0.0458015267175	0.86878481535	0.0346606148133	0.0507530431195
-rwa	0.189582071472	0.580254391278	0.0823743185947	0.147789218655
-nes	0.254238558515	0.218156470641	0.0115426704043	0.516062300439
-ido	0.433604336043	0.166937669377	0.279132791328	0.120325203252
-bit	0.497491638796	0.337704629467	0.0354251012146	0.129378630523
-obi	0.580296056724	0.235601442966	0.0485134967036	0.135589003607
-bis	0.341666666667	0.108333333333	0.3	0.25
-idi	0.209366391185	0.593663911846	0.0330578512397	0.16391184573
-ias	0.0528647502044	0.88204034735	0.00974434894049	0.0553505535055
-sus	0.0476882110869	0.930041152263	0.0179133381748	0.00435729847495
-oba	0.127068877743	0.172351606125	0.576908009147	0.123671506985
-ida	0.365859860355	0.156069602507	0.150262521304	0.327808015834
-big	0.745278875714	0.136144049188	0.0658761528327	0.0527009222661
-kip	0.320597900648	0.474882748939	0.165826500335	0.0386928500782
-bib	0.0560344827586	0.943965517241	0.0	0.0
-bia	0.0229885057471	0.948275862069	0.0172413793103	0.0114942528736
-bin	0.0263273365511	0.918824045634	0.0	0.0548486178148
-bil	0.128813559322	0.847457627119	0.0237288135593	0.0
-idu	0.184615384615	0.6	0.184615384615	0.0307692307692
-bih	0.414246407826	0.137878324671	0.120758177927	0.327117089575
-tep	0.512757473488	0.0921304562691	0.0384176974712	0.356694372772
-eja	0.390208476307	0.152224988179	0.0173484496738	0.440218085841
-rid	0.0587087515833	0.721880849703	0.00222090432295	0.21718949439
-tes	0.23243941812	0.296371755897	0.203271812466	0.267917013517
-rib	0.118226600985	0.738916256158	0.00985221674874	0.133004926108
-teu	0.187147562156	0.0449064451104	0.0133050499816	0.754640942752
-hla	0.359393232205	0.449869850103	0.0628309846513	0.12790593304
-ria	0.0122014990413	0.959212131776	0.0139445703329	0.0146417988496
-rin	0.555892825993	0.139172476977	0.051705602702	0.253229094328
-tey	0.511235955056	0.429775280899	0.0	0.058988764045
-ril	0.0	1.0	0.0	0.0
-sil	0.197952746764	0.650341531376	0.0423769809787	0.109328740881
-rik	0.448979487311	0.360375425747	0.106660861994	0.0839842249481
-hli	0.0811074679056	0.797163927908	0.0815568167583	0.040171787428
-ras	0.378979919603	0.374476388158	0.0749492824405	0.171594409798
-tea	0.215011225068	0.0201686284432	0.000574786751076	0.764245359737
-rit	0.173386423786	0.585322238382	0.145203977015	0.0960873608163
-ris	0.252333624375	0.0415342478522	0.00610923786374	0.700022889909
-rip	0.343163184343	0.421449352023	0.166622586617	0.0687648770166
-utu	0.258620689655	0.689655172414	0.0258620689655	0.0258620689655
-teh	0.631330067311	0.0104654357556	0.00130614609184	0.356898350841
-tek	0.39971960853	0.336386185328	0.207842872934	0.0560513332075
-tel	0.615909090909	0.248863636364	0.0204545454545	0.114772727273
-aku	0.484614876479	0.214456825859	0.0463694546711	0.25455884299
-ten	0.304627035571	0.473487090885	0.121276703224	0.10060917032
-dan	0.111286880492	0.803583097789	0.0664942617667	0.0186357599527
-jin	0.416127133608	0.271924661566	0.0918187168923	0.220129487934
-luy	0.162555528041	0.00644418005722	0.000955766030958	0.830044525871
-jil	0.110032512128	0.676280020534	0.161265706873	0.0524217604647
-duk	0.330238418707	0.453741702508	0.067998958194	0.14802092059
-ara	0.204723296755	0.320664873096	0.0644082586291	0.41020357152
-mes	0.141474612892	0.677349657904	0.133912495499	0.0472632337054
-mer	0.056338028169	0.868544600939	0.0	0.075117370892
-lup	0.188235294118	0.4	0.329411764706	0.0823529411764
-jig	0.853506029477	0.0652076820009	0.025011165699	0.0562751228227
-lur	0.0346299681751	0.496308185269	0.0192561397401	0.449805706816
-lus	0.0557482982846	0.811347981781	0.0608154031874	0.0720883167473
-jib	0.231953594958	0.164064737897	0.0833572042394	0.520624462905
-ari	0.116229023943	0.0744655022328	0.0288093734256	0.780496100399
-dum	0.0998917162967	0.887114239307	0.0	0.0129940443963
-luh	0.063774385102	0.0832789383991	0.0193704771347	0.833576199364
-med	0.0172413793103	0.844827586207	0.0862068965517	0.051724137931
-luk	0.22968320189	0.575809646025	0.132320270252	0.0621868818322
-mea	0.0	1.0	0.0	0.0
-lum	0.436304989071	0.285274706619	0.13581478259	0.14260552172
-lun	0.137463749011	0.72797258107	0.0545214869497	0.0800421829686
-mel	0.613817673531	0.198929496795	0.0292342833765	0.158018546298
-jit	0.0657412027118	0.663076336102	0.246529510169	0.0246529510169
-men	0.164470338003	0.732880196051	0.033291718685	0.0693577472604
-jir	0.281512605042	0.655462184874	0.0	0.0630252100841
-meh	0.128980770198	0.123238865439	0.0398545858982	0.707925778465
-mek	0.16553067186	0.800389483934	0.00681596884129	0.0272638753652
-lug	0.75	0.25	0.0	0.0
-git	0.171728638998	0.700819075495	0.0364510002519	0.091001285255
-aya	0.291090896354	0.153798741337	0.0216748809291	0.53343548138
-tya	0.106382978723	0.882978723404	0.0106382978723	0.0
-kis	0.0	0.987654320988	0.0123456790123	0.0
-gis	0.461609672623	0.250778466631	0.186621595085	0.100990265661
-ero	0.160829044804	0.029690832328	0.0543265877291	0.755153535139
-ayi	0.142067876874	0.812943962115	0.00710339384372	0.0378847671665
-ayu	0.473792844633	0.428164873655	0.0394827370528	0.0585595446585
-ked	0.591184096802	0.346585998271	0.0622299049266	0.0
--na	0.276692566982	0.46779215266	0.0486468370259	0.206868443332
-rag	0.684261868211	0.221608596802	0.0209479022949	0.0731816326927
-ago	0.419410372283	0.271142672692	0.0318485044115	0.277598450613
-dah	0.216556455922	0.326122839319	0.0921618209106	0.365158883848
-mor	0.0	0.964912280702	0.0350877192982	0.0
-nuh	0.352328376814	0.126257679637	0.335321876948	0.186092066601
-sri	0.0	0.953125	0.046875	0.0
-ken	0.490896980462	0.281231497928	0.0839253996448	0.143946121966
-uba	0.354330708661	0.527559055118	0.0	0.11811023622
-eng	0.173682086857	0.1832461595	0.154424340676	0.488647412967
-nsi	0.0378787878788	0.886363636364	0.0	0.0757575757575
-umu	0.00482315112542	0.995176848875	0.0	0.0
-ota	0.10190051219	0.739209552965	0.0120523900942	0.146837544752
-kel	0.401574745403	0.378380821502	0.0600236544716	0.160020778623
-ija	0.168223073991	0.571031161322	0.260745764687	0.0
-lma	0.147073139163	0.49547266738	0.0431313427775	0.314322850679
-oti	0.0195726635133	0.964973087588	0.00240580655684	0.0130484423422
-gih	0.715370715398	0.107529932151	0.0641996308732	0.112899721577
-iji	0.0763591427791	0.0303354806046	0.0934962328379	0.799809143778
-oto	0.196078431373	0.78431372549	0.0196078431373	0.0
-odo	0.270009451608	0.388912383877	0.296175930472	0.0449022340422
-uma	0.0100850021611	0.969744993517	0.0100850021611	0.0100850021611
-sup	0.457771353247	0.325723933776	0.0170200874945	0.199484625483
-umi	0.0257414661444	0.950195858982	0.00379282472175	0.0202698501523
-nak	0.0381429414803	0.843489410376	0.0191406538263	0.0992269943177
-kia	0.0327868852459	0.925058548009	0.0222482435597	0.019906323185
-nai	0.0	1.0	0.0	0.0
-nan	0.24436418365	0.535037002394	0.0411812404557	0.1794175735
-car	0.562260202302	0.254272758981	0.0439483780956	0.139518660621
-aki	0.042061137837	0.798748203338	0.0517823619137	0.107408296911
-nam	0.0	1.0	0.0	0.0
-sis	0.0	1.0	0.0	0.0
-sir	0.267309357827	0.499478813093	0.0281495456541	0.205062283426
-ake	0.286952075577	0.156467523644	0.0340371149925	0.522543285786
-ebo	0.103542234332	0.610354223433	0.269754768392	0.0163487738419
-kin	0.335333186187	0.122298693742	0.423881854847	0.118486265225
-aka	0.159254444112	0.528404472284	0.17712734868	0.135213734924
-sit	0.65491651206	0.283858998145	0.0	0.0612244897959
-sik	0.064011154419	0.88885191875	0.0313718034034	0.0157651234274
-kir	0.500475765695	0.274159090719	0.0699256281083	0.155439515478
-sih	0.104828156727	0.769295329774	0.0561630442957	0.0697134692036
-sud	0.421562700722	0.272301356406	0.0494955982922	0.25664034458
-sin	0.0924127770709	0.52889573428	0.305363959017	0.0733275296323
-sim	0.183022805327	0.526590617718	0.214006981031	0.0763795959237
-kit	0.0704549318737	0.46943853845	0.182705162316	0.27740136736
-nar	0.122131646892	0.770705810681	0.0656783963331	0.0414841460939
-nas	0.219575096393	0.537559783796	0.135337051497	0.107528068313
-sia	0.0089209855565	0.959855564996	0.0165675446049	0.0146559048428
-cen	0.349199772103	0.528046822396	0.0580100481691	0.0647433573315
-nat	0.469289903313	0.372325249643	0.0732287208749	0.0851561261689
-ker	0.307917661111	0.34088557075	0.3055908274	0.0456059407388
-wuk	0.177280550774	0.492254733219	0.268502581756	0.0619621342513
-goh	0.197204193709	0.233649525711	0.479281078382	0.0898652021967
-gok	0.665209950492	0.234857282562	0.0375893894016	0.0623433775442
-wuh	0.869271453678	0.0626267508359	0.00883328728061	0.0592685082053
-mos	0.0267044305078	0.652842403399	0.28484725875	0.0356059073437
-gol	0.787096774194	0.212903225806	0.0	0.0
-gon	0.169362694825	0.750146011959	0.0145302159524	0.0659610772637
-suh	0.184639237119	0.709689988722	0.0460563119496	0.0596144622089
-god	0.631128848347	0.259407069555	0.0615735461802	0.0478905359178
-gog	0.0527638190955	0.894472361809	0.0301507537688	0.0226130653266
-nek	0.253077975376	0.473324213406	0.183310533516	0.0902872777018
-goy	0.602794411178	0.229540918164	0.0538922155689	0.11377245509
-moe	0.309677419355	0.135483870968	0.554838709677	0.0
-lki	0.0	1.0	0.0	0.0
-dya	0.101205367296	0.851034796452	0.0341141687514	0.0136456675006
-wur	0.382978723404	0.418439716312	0.198581560284	0.0
-mon	0.0209537021798	0.954309288302	0.0163388987236	0.0083981107943
-gos	0.106382978723	0.744680851064	0.063829787234	0.0851063829787
-gor	0.449794699515	0.226203807391	0.0985442329227	0.225457260172
-mok	0.341666666667	0.433333333333	0.0	0.225
-got	0.429118773946	0.318007662835	0.183908045977	0.0689655172414
-wut	0.604395604396	0.395604395604	0.0	0.0
-yat	0.168427022046	0.686255050684	0.039554830935	0.105763096335
-con	0.348936170213	0.557446808511	0.0936170212766	0.0
-nto	0.180079969723	0.694535402235	0.0220492652987	0.103335362743
-yas	0.323770491803	0.397540983607	0.0737704918033	0.204918032787
-yar	0.313371046146	0.15070629077	0.44760256881	0.0883200942748
-rlu	0.318348399707	0.292450525287	0.0828243342292	0.306376740777
-ieu	0.248537917542	0.0576137663785	0.00650081530423	0.687347500775
-cog	0.372365710664	0.159404214863	0.0606876881635	0.40754238631
-yay	0.236610977198	0.631507494528	0.0969717119663	0.0349098163079
-eor	0.160256410257	0.797008547008	0.0427350427351	0.0
-bet	0.506360880075	0.246937354038	0.0234563854632	0.223245380424
-beu	0.306727480046	0.255416191562	0.15165336374	0.286202964652
-bek	0.191581615061	0.233733880422	0.533049444866	0.0416350596511
-yag	0.273869346734	0.427135678392	0.251256281407	0.0477386934674
-ben	0.689525244913	0.172946495855	0.0640542577242	0.0734740015072
-sua	0.0155688622754	0.977245508982	0.0	0.00718562874251
-bel	0.0313886683171	0.89144752207	0.0614694754543	0.0156943341585
-yab	0.444444444445	0.153846153846	0.324786324786	0.0769230769231
-yam	0.00618811881188	0.758586014852	0.000928217821783	0.234297648515
-yan	0.31478000935	0.471609235027	0.043370057471	0.170240698152
-yai	0.206359945873	0.11299052774	0.0142083897158	0.666441136671
-yah	0.243397291838	0.549947132858	0.0660555048149	0.14060007049
-bed	0.228915662651	0.736947791165	0.0301204819277	0.00401606425702
-cor	0.443938531588	0.436539556061	0.0682982356289	0.0512236767217
-rek	0.221919942481	0.0767025666775	0.0260735093573	0.675303981485
-reh	0.401306441224	0.143489702528	0.0611960932508	0.394007762997
-upu	0.443096054085	0.410079217934	0.131093507126	0.0157312208551
-ren	0.621859296482	0.240847092606	0.0242282842785	0.113065326633
-"el	0.0	1.0	0.0	0.0
-isi	0.0797576756912	0.635765871717	0.0331195415399	0.251356911052
-rem	0.471802360593	0.283858244008	0.0931139347224	0.151225460677
-reb	0.364622444723	0.450146015853	0.0775969962453	0.107634543179
-rea	0.0883511384483	0.482433828177	0.116299773389	0.312915259985
-reg	0.520782246199	0.277096615988	0.0427292790584	0.159391858754
-isa	0.0597772223288	0.563117635073	0.0212215583588	0.355883584239
-ual	0.449610694351	0.219739040779	0.0534575319088	0.277192732961
-bey	0.257067137809	0.597173144876	0.0	0.145759717314
-upa	0.129782585015	0.339719724979	0.200370367997	0.330127322009
-res	0.425375865086	0.261586190438	0.0963964680614	0.216641476414
-rep	0.423456652328	0.342207767826	0.0589754443861	0.175360135459
-uan	0.299956970113	0.439581006467	0.0928119396416	0.167650083779
-npa	0.17533774073	0.207387180224	0.14932451854	0.467950560506
-ret	0.0595099345582	0.914389888356	0.0106008050628	0.0154993720232
-upi	0.360048134777	0.216817087846	0.0544524669074	0.368682310469
-jur	0.139360488525	0.359448396188	0.386776942692	0.114414172594
-hab	0.0338954468803	0.502023608769	0.444856661045	0.0192242833052
-had	0.27868852459	0.72131147541	0.0	0.0
-cok	0.382940797209	0.280464216634	0.152463306406	0.184131679751
-jut	0.198865532199	0.662328995662	0.024024024024	0.114781448115
-bna	0.290145295152	0.240245051139	0.0818814943373	0.387728159372
-mas	0.00946178422216	0.778569673138	0.204595723765	0.00737281887441
-mar	0.154235405055	0.602647770029	0.173580184672	0.069536640245
-hal	0.190097351697	0.21604616126	0.0393622302921	0.554494256751
-mat	0.189666482085	0.619198898391	0.0711186026032	0.120016016921
-han	0.428633777286	0.407612578104	0.0601551707891	0.103598473821
-ebu	0.0207219149487	0.178574149411	0.0338254788134	0.766878456827
-hap	0.552843544057	0.292897241884	0.0737124725409	0.0805467415182
-mah	0.498058539686	0.11030726826	0.0166108924946	0.37502329956
-har	0.60373050296	0.201157546685	0.169293305735	0.0258186446204
-has	0.0	1.0	0.0	0.0
-hat	0.103786057946	0.20176779813	0.571009315224	0.123436828701
-jug	0.473552939666	0.242471798796	0.0194482688022	0.264526992736
-jud	0.479035419292	0.244645107098	0.102897942041	0.173421531569
-man	0.174413298453	0.6769335313	0.0464474268447	0.102205743402
-juk	0.523590814196	0.288100208768	0.0192066805845	0.169102296451
-juh	0.00393118120433	0.0057811488299	0.0936546110443	0.896633058921
-mad	0.102564102564	0.897435897436	0.0	0.0
-jul	0.210420644265	0.241382351424	0.299869120386	0.248327883925
-sib	0.559483825349	0.299098462082	0.0459607565848	0.0954569559837
-uno	0.689189189189	0.121621621622	0.0810810810811	0.108108108108
-uni	0.357702630166	0.334025168486	0.15463708475	0.153635116598
-tat	0.0	1.0	0.0	0.0
-eos	0.408649011063	0.242708682534	0.0442507542742	0.304391552129
-ung	0.104823077117	0.118631959112	0.050991456859	0.725553506912
-una	0.222704961951	0.218712953926	0.0561362788306	0.502445805292
-pta	0.264580369843	0.617354196302	0.0881934566145	0.0298719772404
-pti	0.130693977377	0.102338734332	0.63283399572	0.134133292571
-iri	0.197766798826	0.317115482841	0.0385759735039	0.446541744829
-tre	0.273907910271	0.711924439197	0.0	0.0141676505313
-ade	0.211140166875	0.0793232742902	0.373318081655	0.33621847718
-tra	0.0639957627316	0.863789474662	0.0207217294746	0.0514930331315
-ada	0.201448360291	0.199450840129	0.0798514493359	0.519249350245
-gan	0.309510287609	0.319328242495	0.083658062665	0.287503407231
-gal	0.392222656185	0.185995614493	0.0588706810217	0.3629110483
-tri	0.0731560845117	0.747502320249	0.0483157722334	0.131025823006
-beh	0.124223637199	0.16347593186	0.0317329513787	0.680567479562
-gai	0.0	1.0	0.0	0.0
-adi	0.361498720145	0.0527100996317	0.0279714726519	0.557819707572
-tru	0.386075949367	0.582278481013	0.0113924050633	0.020253164557
-lal	0.249050873197	0.206529992407	0.453302961276	0.0911161731207
-sna	0.286425039958	0.303055537738	0.0876938933333	0.322825528971
-gas	0.268562401264	0.624560724764	0.0759261050392	0.0309507689332
-gar	0.428805849839	0.290073698756	0.112419391985	0.16870105942
-gap	0.536506160977	0.234056588892	0.0572198878548	0.172217362276
-eok	0.426669167292	0.370780195049	0.118154538635	0.0843960990247
-lan	0.254108260938	0.44383898431	0.0395946895427	0.262458065209
-sen	0.47348132394	0.369799282201	0.0388143028047	0.117905091054
-sem	0.0	1.0	0.0	0.0
-sek	0.736394557823	0.229591836735	0.0187074829932	0.015306122449
-u'a	0.744090056285	0.19287054409	0.0303939962476	0.0326454033771
-seh	0.420726512276	0.449151885989	0.0715668809542	0.0585547207807
-seg	0.581395348837	0.290697674419	0.0581395348837	0.0697674418603
-ina	0.132399897454	0.11448011108	0.0321433324938	0.720976658972
-uis	0.362068965517	0.560344827586	0.0775862068965	0.0
-sed	0.317820658343	0.402951191827	0.27922814983	0.0
-uit	0.190362951784	0.742212390055	0.025009146202	0.0424155119587
-sea	0.222943590372	0.701721075519	0.0532859680284	0.0220493660807
-ing	0.18673660344	0.142776882685	0.0501444459431	0.620342067932
-uih	0.216137358321	0.125014027606	0.0978565817528	0.56099203232
-ail	0.0257087453606	0.944721810317	0.00745816844932	0.0221112758733
-kah	0.359601217226	0.339465751752	0.0932097272734	0.207723303749
-oha	0.0243638332431	0.969545208446	0.0	0.00609095831077
-uin	0.0638297872341	0.140425531915	0.71914893617	0.0765957446809
-lbu	0.107416879795	0.488491048593	0.0255754475703	0.378516624041
-kna	0.266982460777	0.307647244468	0.116508686822	0.308861607934
-ses	0.0	1.0	0.0	0.0
-ser	0.5393342476	0.430120932552	0.0122179279392	0.0183268919087
-sep	0.298682580221	0.300907780615	0.131489114219	0.268920524945
-aos	0.567082443795	0.152115372945	0.0354299720027	0.245372211257
-rsa	0.313984978002	0.198577907953	0.0583284830571	0.429108630988
-kut	0.0419415953486	0.889135689554	0.0636963480761	0.00522636702164
-kus	0.201925819288	0.760807268678	0.0163518083416	0.0209151036927
-kur	0.163162258571	0.288373246187	0.0315571896584	0.516907305584
-iab	0.436363636364	0.454545454545	0.0	0.109090909091
-rsi	0.157270029674	0.637982195846	0.106824925816	0.0979228486647
-neu	0.0702707579418	0.886824984713	0.0304740519462	0.0124302053991
-ner	0.174277010495	0.228900438705	0.366132376848	0.230690173952
-iah	0.112763752185	0.282586492559	0.162506903517	0.442142851739
-nep	0.00472292191436	0.0116105163728	0.338869647355	0.644796914358
-beg	0.41041931385	0.419313850064	0.0838627700127	0.0864040660737
-nen	0.135833291815	0.499860682857	0.340435739737	0.0238702855909
-iat	0.431423830923	0.21200805778	0.0803888294676	0.27617928183
-nel	0.8	0.125	0.025	0.05
-nem	0.508813160987	0.0893066980024	0.0681551116333	0.333725029377
-kub	0.0	0.997560314448	0.0	0.00243968555164
-neh	0.0506800269555	0.0388614049134	0.0279871073421	0.882471460789
-iar	0.488128343224	0.237810158601	0.103921268443	0.170140229733
-aok	0.763337893297	0.106703146375	0.0328317373461	0.0971272229822
-kun	0.209446823913	0.592085419557	0.050069373228	0.148398383302
-kum	0.32214423351	0.557352759335	0.0329889674692	0.0875140396856
-kul	0.117256541304	0.415166288766	0.0752116614702	0.392365508459
-kuk	0.328027950311	0.58850931677	0.042701863354	0.0407608695652
-aon	0.133596830771	0.115387159142	0.00691018090192	0.744105829186
-aom	0.0902015402261	0.728002621661	0.0330165492381	0.148779288874
-kuh	0.29128422969	0.405711901692	0.169308958507	0.133694910112
-ban	0.273658216278	0.459629035349	0.048918567537	0.217794180835
-win	0.578666376117	0.243517106123	0.0906515580736	0.0871649596862
-bal	0.37547597243	0.37894635369	0.049645731913	0.195931941968
-joy	0.838095238095	0.142857142857	0.0	0.0190476190476
-eke	0.325581395349	0.569767441861	0.0	0.104651162791
-gsu	0.149968286781	0.541215438465	0.285137071578	0.023679203176
-hok	0.633092649684	0.0973551841636	0.0973551841635	0.172196981989
-eki	0.38961038961	0.187012987013	0.158441558442	0.264935064935
-bae	0.113767122485	0.0297178829186	0.0100952468513	0.846419747745
-bab	0.0995656688315	0.0571500280031	0.00337984040231	0.839904462763
-hol	0.0615384615384	0.738461538462	0.107692307692	0.0923076923077
-hor	0.159169550173	0.546712802768	0.252595155709	0.0415224913494
-jon	0.456194628041	0.285613837716	0.0202503164112	0.237941217832
-gsi	0.580607521644	0.0890037371552	0.0302384844432	0.300150256757
-eku	0.586580282711	0.239443639	0.00543675244654	0.168539325843
-jok	0.562589698613	0.273321639292	0.0401849784723	0.123903683623
-gse	0.688941925219	0.12569610183	0.066030230708	0.119331742243
-uut	0.230769230769	0.744939271255	0.0242914979757	0.0
-bat	0.308183619302	0.590764076323	0.0304563403842	0.0705959639901
-bau	0.383561643836	0.534246575343	0.0821917808219	0.0
-bar	0.352594545454	0.399828127283	0.153667966808	0.093909360455
-bas	0.0981759033344	0.813175322412	0.0704078075984	0.018240966655
-uus	0.687116564417	0.257668711656	0.0184049079755	0.0368098159509
-uur	0.186346863469	0.475092250923	0.338560885609	0.0
-ogi	0.663636363636	0.0409090909091	0.0227272727273	0.272727272727
-ase	0.0	1.0	0.0	0.0
-nya	0.184039610557	0.224821058702	0.0183440309276	0.572795299813
-mbu	0.577367205543	0.165704387991	0.109699769053	0.147228637413
-asa	0.285209392792	0.324412792585	0.0862809007636	0.30409691386
-aso	0.0533333333333	0.924444444444	0.0222222222222	0.0
-nyi	0.144064028457	0.303690529124	0.0	0.552245442419
-nyo	0.512376237624	0.0544554455446	0.418316831683	0.0148514851485
-asi	0.0	0.993865030675	0.00613496932515	0.0
-ahi	0.207254409588	0.516170593317	0.105395587128	0.171179409967
-mba	0.0643499280982	0.913973656583	0.00907815684303	0.012598258476
-yek	0.404892450443	0.388865457613	0.111345423872	0.0948966680725
-opo	0.312849162011	0.217877094972	0.434512725015	0.0347610180012
-dra	0.150822224385	0.805390678213	0.0194609321787	0.0243261652233
-mbe	0.203700511406	0.379130035051	0.0838935815664	0.333275871976
-nyu	0.366666666667	0.533333333333	0.06	0.04
-ral	0.432201332506	0.225501038492	0.041269926901	0.301027702101
-lta	0.0	1.0	0.0	0.0
-dri	0.0612244897959	0.826530612245	0.112244897959	0.0
-yed	0.772903225807	0.141935483871	0.0387096774193	0.0464516129032
-yeg	0.563535911602	0.327071823204	0.0530386740331	0.0563535911602
-mbo	0.653614457831	0.153614457831	0.192771084337	0.0
-boa	0.252861602497	0.137356919875	0.0853277835588	0.524453694069
-oki	0.014157014157	0.952059202059	0.00289575289576	0.030888030888
-ihi	0.146421536441	0.642153644123	0.169402495075	0.0420223243598
-per	0.362442547603	0.393302692055	0.181221273802	0.0630334865397
-lir	0.0642440103354	0.053363976327	0.0273993530432	0.854992660295
-ray	0.285729421546	0.567614697997	0.0420387929584	0.104617087499
-rat	0.303591468079	0.448512194838	0.0633171758804	0.184579161203
-pes	0.297920650096	0.239902007648	0.396450764818	0.0657265774379
-rar	0.0285850404955	0.718913768461	0.157217722725	0.0952834683182
-eru	0.0354969574036	0.761663286004	0.202839756592	0.0
-rap	0.197966479168	0.628653494919	0.131856238195	0.0415237877187
-lya	0.145073192047	0.479571771903	0.301289053966	0.0740659820844
-ran	0.228485013202	0.449694479424	0.0422177446423	0.279602762732
-eri	0.22622134673	0.514069236447	0.178937135087	0.0807722817359
-iwa	0.166731341353	0.593325572371	0.0580778683224	0.181865217954
-ram	0.100192678227	0.54450867052	0.299036608863	0.0562620423892
-rak	0.287682394513	0.481089170651	0.0879546871753	0.143273747662
-rah	0.267713268177	0.556819068854	0.0663210900482	0.109146572921
-rai	0.132450331126	0.189845474614	0.576158940397	0.101545253863
-era	0.139502436645	0.295491706611	0.519810985092	0.0451948716514
-rad	0.461126005362	0.0844504021448	0.0361930294906	0.418230563003
-rab	0.404110341796	0.48488844928	0.0538520716562	0.0571491372678
-ere	0.641304789373	0.083555063574	0.0194733314376	0.255666815615
-gen	0.372498935717	0.287223286505	0.108210940826	0.232066836952
-wad	0.586086956522	0.347391304348	0.014347826087	0.0521739130435
-ugu	0.597759674134	0.256433993705	0.0249953712276	0.120810960933
-poy	0.602739726027	0.356164383562	0.0	0.041095890411
-swa	0.315656565657	0.358585858586	0.24494949495	0.0808080808081
-por	0.451612903226	0.350720658888	0.152367879204	0.0452985586822
-kom	0.0677966101695	0.85593220339	0.0	0.0762711864407
-pot	0.277236492471	0.236492471213	0.167404782994	0.318866253321
-pok	0.511980108499	0.0968806509946	0.0125678119349	0.378571428571
-jat	0.272468787857	0.582700209399	0.0836348044011	0.0611961983423
-pon	0.235761589404	0.419426048565	0.148785871965	0.196026490066
-uga	0.484713386432	0.254721234283	0.039990649368	0.220574729917
-hek	0.901960784314	0.0392156862745	0.0	0.0588235294118
-pog	0.183087716943	0.667192587868	0.105408036523	0.0443116586659
-ugi	0.288146416494	0.21684278329	0.0183798010983	0.476630999117
-poe	0.0316513725926	0.825815432853	0.0228881651502	0.119645029404
-lad	0.284898477157	0.58692893401	0.0393401015228	0.0888324873097
-'al	0.589147286822	0.410852713178	0.0	0.0
-uju	0.437163090582	0.328982137195	0.136613465807	0.0972413064158
-ika	0.105213055781	0.661956052972	0.118913631152	0.113917260095
-ggo	0.289229197198	0.211153985775	0.0524355647579	0.447181252269
-iko	0.0123076923077	0.987692307692	0.0	0.0
-aat	0.227292117041	0.593546427978	0.160941646001	0.0182198089812
-nor	0.0	1.0	0.0	0.0
-nos	0.0333333333333	0.966666666667	0.0	0.0
-lah	0.104813260052	0.612393497498	0.020335853555	0.262457388895
-lai	0.120881725527	0.810618630007	0.0578336098602	0.0106660346053
-iki	0.0973404255319	0.748138297872	0.116489361702	0.0380319148937
-lak	0.407827566121	0.313652652375	0.207045564712	0.0714742167929
-kca	0.989417989418	0.0	0.010582010582	0.0
-uja	0.289359530492	0.58816024496	0.0597091094667	0.0627711150804
-iku	0.390243902439	0.040650406504	0.0975609756098	0.471544715447
-fos	0.0	1.0	0.0	0.0
-lap	0.419803272107	0.448239737027	0.0720164609054	0.0599405299609
-aah	0.286414950471	0.64258769696	0.0206513632198	0.0503459893485
-lar	0.265302711784	0.185092665077	0.0305042704219	0.519100352717
-las	0.159630432089	0.386114707931	0.0554693743243	0.398785485656
-imu	0.938271604938	0.037037037037	0.0	0.0246913580247
-bok	0.351210585586	0.29588963964	0.328828828829	0.024070945946
-lay	0.5057633498	0.214302517055	0.127028934368	0.152905198777
-gek	0.761027359017	0.102177554439	0.0547180346176	0.0820770519264
-bog	0.969773299748	0.0302267002519	0.0	0.0
-dor	0.016806722689	0.983193277311	0.0	0.0
-aho	0.798796495679	0.0878735140557	0.0120940385239	0.101235951742
-gem	0.319200596897	0.301951295594	0.0631167615827	0.315731345926
-gel	0.405116092764	0.482147543474	0.0591720880123	0.0535642757497
-bol	0.739594450374	0.125933831377	0.0896478121665	0.0448239060832
-gea	0.063025210084	0.873949579832	0.0126050420168	0.0504201680673
-aha	0.170453586616	0.10870362148	0.0384226094799	0.682420182424
-geg	0.380029806259	0.521609538003	0.0983606557377	0.0
-ged	0.254935702888	0.468737941032	0.247124099162	0.0292022569173
-bot	0.279266629764	0.0681324170706	0.0352374137628	0.617363539402
-dog	0.319282317337	0.600014411298	0.0113488975357	0.0693543738291
-dod	0.137931034483	0.827586206897	0.0344827586207	0.0
-bor	0.0684133915575	0.844250363901	0.0567685589519	0.0305676855895
-bos	0.655172413793	0.293103448276	0.051724137931	0.0
-don	0.175014320461	0.708666969616	0.0412429290001	0.0750757809222
-ger	0.416048274015	0.363142222432	0.0838178065573	0.136991696996
-dol	0.620689655172	0.252873563218	0.0229885057471	0.103448275862
-reu	0.32135510414	0.0917330933401	0.510413988172	0.0764978143481
-dok	0.214285714286	0.523443223443	0.147252747253	0.115018315018
-geu	0.606734588678	0.137814973165	0.0776858000546	0.177764638103
-ahu	0.0602037232174	0.925184404636	0.0101159114858	0.00449596066034
-sar	0.252643787951	0.434809306133	0.172136180665	0.140410725251
-tod	0.218658892128	0.672011661808	0.0	0.109329446064
-sap	0.932249322493	0.0542005420054	0.0	0.0135501355013
-sau	0.00666666666667	0.993333333333	0.0	0.0
-sat	0.278033385245	0.442927885812	0.0554056083092	0.223633120635
-ton	0.153289949385	0.716558206797	0.117136659436	0.0130151843818
-ibu	0.0577739281074	0.693287137289	0.0117799913382	0.237158943265
-tol	0.123753585576	0.659336156263	0.129490506761	0.0874197514001
-doa	0.589257870117	0.307247109725	0.0798952055853	0.0235998145729
-toh	0.219020626673	0.493623051488	0.169264682727	0.118091639112
-mpa	0.690745082598	0.188266246667	0.0329318275375	0.088056843198
-ges	0.195979899497	0.241206030151	0.239530988275	0.323283082077
-tot	0.274774774775	0.26463963964	0.0292792792793	0.431306306306
-tor	0.271151885831	0.514101257221	0.190282025144	0.0244648318043
-tos	0.476047921949	0.109585173878	0.0384396835791	0.375927220593
-sae	0.164183222958	0.294977924945	0.421265636497	0.1195732156
-olo	0.431797375649	0.218187366494	0.276777540433	0.0732377174245
-sak	0.282441391206	0.551393378408	0.112576285246	0.0535889451405
-ola	0.63829787234	0.31914893617	0.0	0.0425531914894
-sai	0.0	1.0	0.0	0.0
-mpu	0.040553584276	0.935414662079	0.00750992301409	0.016521830631
-san	0.302393834865	0.240282480752	0.0951828447485	0.362140839634
-sam	0.032967032967	0.967032967033	0.0	0.0
-sal	0.4	0.154061323292	0.01920387305	0.426734803658
-lon	0.538662930255	0.280415098974	0.0597863099957	0.121135660775
-dep	0.182085579745	0.120835323824	0.0450419709275	0.652037125503
-gep	0.372990353698	0.372990353698	0.170418006431	0.0836012861736
-iel	0.0148456057007	0.949524940618	0.0128661916073	0.0227632620744
-loh	0.358529344599	0.559260105047	0.0616579127655	0.0205526375885
-ros	0.65933153415	0.186215486818	0.0203446128296	0.134108366203
-loe	0.0196078431373	0.941176470588	0.0	0.0392156862745
-oko	0.334586121551	0.485012375103	0.0319002658355	0.14850123751
-wel	0.297297297297	0.277992277992	0.393822393822	0.030888030888
-rod	0.37037037037	0.119825708061	0.281045751634	0.228758169935
-gki	0.125980135912	0.675378985886	0.151594354417	0.0470465237846
-rog	0.646153846154	0.0615384615384	0.0	0.292307692308
-oca	0.242053789731	0.601466992665	0.0977995110024	0.0586797066014
-rob	0.34022556391	0.287593984962	0.34962406015	0.0225563909775
-pak	0.621716123919	0.227114851162	0.0519825636961	0.0991864612228
-rol	0.218515997277	0.614703880191	0.0687542545949	0.0980258679374
-rom	0.0	1.0	0.0	0.0
-lot	0.0409079724409	0.793676181102	0.132935531496	0.0324803149606
-get	0.517664389309	0.231586734862	0.0962251954786	0.15452368035
-roh	0.0460287246929	0.923948780066	0.00363384668628	0.0263886485551
-los	0.271038402884	0.62844863441	0.0350062387356	0.0655067239706
-rok	0.405170277816	0.427540424014	0.0713180692197	0.0959712289499
-ewu	0.564245810056	0.0335195530726	0.0	0.402234636872
-hak	0.126876513317	0.617018332757	0.0580421999308	0.198062953995
-gna	0.278478533924	0.36056905356	0.0780021670234	0.282950245493
-tog	0.882352941176	0.0392156862745	0.0392156862745	0.0392156862745
-ipa	0.0	0.991492378589	0.0	0.00850762141084
-ham	0.35445347207	0.346565091806	0.117565581662	0.181415854462
-ntu	0.29504176525	0.548270990716	0.0658906116762	0.0907966323577
-tik	0.213153541882	0.214228898977	0.506245550189	0.0663720089528
-ewe	0.017813693321	0.575223597585	0.0158632889428	0.391099420151
-pan	0.268218958187	0.369241112652	0.0922967709541	0.270243158208
-ewa	0.401690211958	0.531851883622	0.0519892093621	0.0144686950583
-pid	0.229787234043	0.527659574468	0.165957446809	0.0765957446809
-ewi	0.0609684605464	0.919099542737	0.00468988158049	0.0152421151366
-ipu	0.443212067436	0.370896184561	0.146406388642	0.0394853593611
-jub	0.104956268222	0.396501457726	0.34110787172	0.157434402332
-awi	0.233893119726	0.229205388424	0.0761550734411	0.460746418409
-nga	0.760193107404	0.131399072702	0.0191195449548	0.0892882749391
-awa	0.270054123862	0.123272519535	0.0271776532627	0.57949570334
-mpi	0.593640105552	0.197027196283	0.0464600940978	0.162872604067
-mak	0.395564878634	0.298771351513	0.215762661073	0.0899011087803
-awe	0.460352299473	0.342950274592	0.0400679941719	0.156629431763
-mam	0.00899173651983	0.959351405981	0.0166458593425	0.0150109981571
-awu	0.357142857143	0.5	0.142857142857	0.0
-mal	0.144822592324	0.662804730871	0.0671011344436	0.125271542361
-mpe	0.213043478261	0.365760869565	0.336413043478	0.0847826086956
-put	0.58197242842	0.246659597031	0.0767762460233	0.094591728526
-stu	0.358425637165	0.195827508334	0.170179589203	0.275567265297
-uji	0.515401156333	0.354938623223	0.054790521489	0.0748696989548
-aim	0.0	1.0	0.0	0.0
-sto	0.366176997492	0.238265854533	0.305266929416	0.0902902185596
-sti	0.069705060296	0.722214085089	0.0150777046441	0.193003149971
-ngi	0.62540192926	0.263665594855	0.0450160771704	0.0659163987138
-sta	0.116094986807	0.756283849465	0.0590195806138	0.0686015831134
-obo	0.882352941176	0.0392156862745	0.078431372549	0.0
-cun	0.312003688714	0.271991393002	0.381576925047	0.0344279932373
-cul	0.595373885407	0.113392778317	0.0203937494482	0.270839586828
-cuk	0.0560460652592	0.825335892514	0.10019193858	0.0184261036468
-ona	0.249294163638	0.488062316302	0.0957765647849	0.166866955275
-sab	0.36688950059	0.26386158081	0.167518678726	0.201730239874
-gku	0.205840212867	0.589138295695	0.050828955448	0.15419253599
-iuk	0.707725421615	0.0947975394098	0.0112817816043	0.186195257371
-cua	0.493904020752	0.313099870298	0.164980544747	0.0280155642023
-uci	0.0682126402199	0.353098084298	0.430067449234	0.148621826249
-'at	0.246799502705	0.369140821881	0.27250428413	0.111555391284
-oja	0.539026744182	0.362502581893	0.0725973902046	0.0258732837207
-red	0.553264901234	0.388079013198	0.0181143793669	0.040541706202
-hya	0.0242273170949	0.944725471431	0.0105398367677	0.0205073747063
-jum	0.162162162162	0.675675675676	0.108108108108	0.0540540540541
-cus	0.0	0.129032258065	0.870967741935	0.0
-cur	0.33030381719	0.464925622287	0.151797306822	0.0529732537003
-leh	0.4156751002	0.203093687375	0.110768411824	0.270462800601
-lek	0.611863521279	0.23510026926	0.0922718321746	0.0607643772857
-lel	0.0	1.0	0.0	0.0
-ion	0.0082844321712	0.985157059027	0.00414221608561	0.0024162927166
-len	0.0464135021097	0.65611814346	0.126582278481	0.170886075949
-mum	0.101235311841	0.544742392287	0.0831575775836	0.270864718289
-lea	0.0114341558759	0.975958954312	0.00840459320792	0.00420229660396
-leb	0.349206349206	0.111111111111	0.365079365079	0.174603174603
-sad	0.267296604741	0.640454836643	0.0451633568226	0.0470852017937
-led	0.257575757576	0.090909090909	0.530303030303	0.121212121212
-jih	0.251655629139	0.516556291391	0.23178807947	0.0
-muk	0.44245028123	0.506579446373	0.0339801815984	0.0169900907992
-leg	0.4284079141	0.387910830109	0.105739357933	0.0779418978579
-mut	0.442573212558	0.286782165157	0.0538650954181	0.216779526867
-mus	0.0207148659626	0.949228269699	0.0231519090171	0.00690495532086
-mur	0.131532670269	0.683671738731	0.0473892527945	0.137406338205
-lep	0.547108968424	0.31611378947	0.0920787969734	0.0446984451327
-ema	0.0650995935024	0.507704414989	0.02395670372	0.403239287788
-ler	0.71056296231	0.144680324842	0.0173530489336	0.127403663915
-les	0.584520564878	0.272583304063	0.0470323596832	0.095863771376
-leu	0.0909090909091	0.678787878788	0.121212121212	0.109090909091
-iot	0.0681024447031	0.928405122235	0.0	0.0034924330617
-sah	0.317182850557	0.452704100999	0.141374661272	0.0887383871716
-ksi	0.204351075313	0.674665780952	0.0336294943121	0.0873536494229
-alu	0.0	1.0	0.0	0.0
