-caa	0.602848289834	0.269634131808	0.0932546776308	0.034262900727
-can	0.606745129176	0.27948605637	0.040699121507	0.0730696929475
-her	0.0	1.0	0.0	0.0
-hem	0.0602409638554	0.932874354561	0.0	0.00688468158348
-hek	0.0940148305085	0.463718220339	0.410487288136	0.031779661017
-hee	0.117101940139	0.228780162041	0.367411742106	0.286706155714
-ufu	0.390625	0.515625	0.03125	0.0625
-iɗu	0.0280599903242	0.931301402999	0.0348330914369	0.00580551523949
-nsu	0.833333333333	0.166666666667	0.0	0.0
-plu	0.034632034632	0.438095238095	0.483982683983	0.0432900432901
-zin	0.0	1.0	0.0	0.0
-nso	0.609526567251	0.071376864051	0.0248015560773	0.294295012621
-zik	0.00878081729145	0.984464707869	0.00405268490375	0.00270178993583
-nse	0.75766509434	0.141509433962	0.0469339622641	0.053891509434
-iɗi	0.582446808511	0.242021276596	0.0957446808511	0.0797872340425
-put	0.205337214366	0.0486413464593	0.0199778273464	0.726043611828
-pus	0.197849191875	0.78139739639	0.0166027293881	0.00415068234702
-nta	0.269596737653	0.527412777526	0.19030357952	0.0126869053013
-wat	0.335475756041	0.285243088674	0.0872650370944	0.29201611819
-kɗi	0.079144771668	0.897572291153	0.00748841232748	0.0157945248516
-dut	0.0322580645161	0.548387096774	0.354838709677	0.0645161290323
-pun	0.814776274714	0.104058272633	0.0749219562955	0.00624349635795
-ntu	0.799450549451	0.162837162837	0.0104895104895	0.0272227772228
-puk	0.284632034632	0.643939393939	0.0324675324676	0.038961038961
-`it	0.0618932038835	0.800970873786	0.0606796116505	0.0764563106796
-car	0.432443732144	0.49822312034	0.0101038255174	0.0592293219985
-ish	0.0880790408127	0.590255598396	0.283153814142	0.0385115466493
-sis	0.0472636142772	0.906489193258	0.0386240288717	0.00762316359309
-opo	0.125	0.770833333333	0.0	0.104166666667
-sma	0.778121319199	0.198027090695	0.0189929328622	0.00485865724382
-`ii	0.0	0.959183673469	0.0408163265306	0.0
-`in	0.611560183736	0.0770834017692	0.0247873291798	0.286569085315
-mse	0.208333333333	0.416666666667	0.333333333333	0.0416666666667
-msi	0.625250501002	0.374749498998	0.0	0.0
-dek	0.0377358490566	0.943396226415	0.0	0.0188679245283
-mso	0.0537238150165	0.86762592741	0.0184748927186	0.0601753648547
-̶ka	0.0335766423358	0.966423357664	0.0	0.0
-der	0.295539875712	0.132120662869	0.132994562403	0.439344899016
-des	0.0134228187919	0.979865771812	0.00671140939597	0.0
-ime	0.27626233314	0.691236215903	0.0325014509576	0.0
-yum	0.0432432432433	0.935135135135	0.018018018018	0.0036036036036
-zum	0.547861507128	0.352342158859	0.0417515274949	0.0580448065173
-hom	0.216086610169	0.524039144658	0.018374026609	0.241500218564
-rwa	0.181818181818	0.515151515152	0.262626262626	0.040404040404
-lla	0.228260869565	0.739130434783	0.0	0.0326086956522
-rpo	0.49587792627	0.455424926299	0.0199914605241	0.0287056869065
-`um	0.151290546823	0.718905450179	0.114257856582	0.0155461464155
-tlu	0.661654135338	0.203007518797	0.135338345865	0.0
-kpo	0.380430198229	0.419803011884	0.117895154688	0.0818716351999
-bim	0.305882352941	0.623529411765	0.0705882352941	0.0
-bii	0.0868218824705	0.419137778149	0.0173412047753	0.476699134605
-tep	0.545536034421	0.364108999642	0.0559340265328	0.0344209394048
-i̶r	0.373577337179	0.377312189061	0.150243297376	0.0988671763832
-i̶t	0.362932928409	0.255074752335	0.101294153201	0.280698166055
-eel	0.324563952171	0.53199906943	0.10691146525	0.0365255131493
-rin	0.154592172809	0.0464784446579	0.00599103791173	0.792938344621
-ril	0.0	0.962025316456	0.0379746835443	0.0
-rim	0.0488829482528	0.476990643498	0.448348291006	0.0257781172427
-rik	0.359375	0.265625	0.3125	0.0625
-̶ri	0.0136262616909	0.0208307151456	0.0202732891935	0.94526973397
-ras	0.0287539936102	0.97124600639	0.0	0.0
-rit	0.0668693009119	0.896656534954	0.0364741641337	0.0
-sit	0.0	1.0	0.0	0.0
-ris	0.0222398115794	0.898820440549	0.0720477229291	0.00689202494257
-rip	0.68808685446	0.180751173709	0.0149647887324	0.116197183099
-utu	0.585561497326	0.149732620321	0.120320855615	0.144385026738
-j`i	0.842426828346	0.0289955763438	0.00719196776837	0.121385627542
-i̶k	0.0735105015002	0.852550364338	0.0450064294899	0.0289327046721
-i̶l	0.661641541039	0.0875209380234	0.170435510888	0.0804020100503
-i̶m	0.636363636364	0.121212121212	0.181818181818	0.0606060606061
-i̶n	0.0424191867867	0.111381783357	0.00721426356296	0.838984766293
-ard	0.0	0.79419525066	0.20580474934	0.0
-met	0.0193968939768	0.0509436867686	0.292469749638	0.637189669617
-wal	0.451153503585	0.397243393477	0.0942178478084	0.0573852551293
-oya	0.351265822785	0.610759493671	0.0379746835443	0.0
-mes	0.0	1.0	0.0	0.0
-mer	0.470674640646	0.334697303536	0.117511278984	0.0771167768334
-lup	0.481550387597	0.39007751938	0.0855813953488	0.0427906976744
-dul	0.627794561934	0.285196374622	0.0561933534743	0.0308157099698
-lus	0.231109044408	0.735410369681	0.0230179028133	0.010462683097
-ari	0.0485153497735	0.177755410166	0.0662304982386	0.707498741822
-mee	0.032432604982	0.130077472381	0.0340372558413	0.803452666796
-luk	0.136644185926	0.433684703272	0.366164461936	0.063506648867
-uɓu	0.0235698502332	0.107210082658	0.0122759636631	0.856944103445
-lun	0.0128604832424	0.987139516758	0.0	0.0
-men	0.174624829468	0.708049113233	0.111869031378	0.00545702592089
-jir	0.0197131529398	0.119290305267	0.0651613510431	0.79583519075
-jis	0.018018018018	0.963963963964	0.018018018018	0.0
-jip	0.0317286652079	0.901312910284	0.0610503282276	0.00590809628009
-mru	0.266666666667	0.566666666667	0.1	0.0666666666667
-̶po	0.0223240316535	0.892544773011	0.0746355685131	0.0104956268222
-aya	0.00898986258353	0.980715294781	0.00739488696387	0.0028999556721
-bák	0.804878048781	0.0914634146342	0.103658536585	0.0
-hì̵	0.380597014925	0.305970149254	0.268656716418	0.044776119403
-fos	0.0185185185185	0.981481481481	0.0	0.0
-vul	0.0311793680282	0.0819574111928	0.137504463906	0.749358756873
-vum	0.11202448232	0.0945339200751	0.763285455805	0.0301561418009
-vuk	0.187192118227	0.812807881773	0.0	0.0
-mor	0.0333333333333	0.933333333333	0.0333333333333	0.0
-̶ɗi	0.469164001827	0.265874828689	0.128825947921	0.136135221562
-̶ɗa	0.319444444444	0.583333333333	0.0694444444444	0.0277777777778
-oɓo	0.0977291881419	0.855733103219	0.046537708639	0.0
-gon	0.0	1.0	0.0	0.0
-ubu	0.618227848101	0.175696202532	0.033417721519	0.172658227848
-gɓe	0.0640926206016	0.0366862342664	0.0107334949965	0.888487650135
-sru	0.0287530562347	0.941124694377	0.0273838630807	0.00273838630806
-nsi	0.0678396269709	0.721484877286	0.0385356183168	0.172139877426
-isí	0.10085092972	0.130475890325	0.648597541759	0.120075638197
-ija	0.00969109630526	0.976377952756	0.00969109630527	0.00423985463355
-oti	0.0196756498927	0.972692582876	0.00190794180777	0.00572382542332
-ali	0.0125104253545	0.97247706422	0.0100083402836	0.0050041701418
-sɓe	0.277104860665	0.356720859172	0.151747899888	0.214426380276
-táa	0.556796303427	0.316519060454	0.0335001925298	0.0931844435887
-ɓit	0.023357728392	0.910222634857	0.0305086906938	0.0359109460572
-yém	0.691722972973	0.1875	0.0422297297297	0.0785472972973
-ɓin	0.0367042630472	0.690498948576	0.027145861212	0.245650927165
-umo	0.352320675106	0.35935302391	0.118846694796	0.169479606189
-sup	0.181571815718	0.767615176152	0.0325203252032	0.0182926829268
-umi	0.0	0.954208460532	0.0196249454863	0.0261665939817
-ráa	0.733333333333	0.2	0.0666666666666	0.0
-ako	0.0626631853786	0.647519582245	0.281984334204	0.00783289817234
ALL	0.213950438186	0.282874278367	0.0538856236452	0.449289659802
-nai	0.0350877192983	0.957894736842	0.00701754385964	0.0
-nan	0.0800679917152	0.740339548438	0.145309505852	0.0342829539939
-aki	0.135621631631	0.824264928028	0.0188287577113	0.0212846826302
-nam	0.0	1.0	0.0	0.0
-nab	0.0212067152629	0.96355280413	0.00567087650485	0.00956960410193
-naa	0.681643767361	0.229408635138	0.00821970010414	0.0807278973974
-kim	0.0	1.0	0.0	0.0
-twa	0.692205024668	0.249605198219	0.0434374392532	0.0147523378596
-kis	0.0	1.0	0.0	0.0
-kúm	0.216564165642	0.671422714227	0.0916769167692	0.020336203362
-sin	0.0127659574468	0.974468085106	0.0	0.0127659574468
-nar	0.619047619048	0.285714285714	0.0	0.0952380952381
-nas	0.344657676348	0.546421161826	0.0645746887967	0.0443464730291
-aku	0.231714313388	0.0891466803758	0.020898991931	0.658240014305
-wuk	0.509960159363	0.258964143426	0.183266932271	0.0478087649402
-nti	0.0611008975884	0.831837352655	0.0356872499189	0.0713744998378
-gok	0.11305142992	0.145514077963	0.687452987419	0.0539815046976
-mos	0.0434782608696	0.921739130435	0.0173913043478	0.0173913043478
-wun	0.0222716329223	0.0323345561552	0.0101914439835	0.935202366939
-wum	0.668257311189	0.293673855669	0.0184745807896	0.0195942523526
-wul	0.505019206226	0.186950999941	0.0466254146267	0.261404379207
-gog	0.0	0.964285714286	0.0357142857143	0.0
-moo	0.325747816361	0.104730016422	0.0230705176083	0.546451649609
-lki	0.0458347399943	0.933304353628	0.00721505032609	0.0136458560515
-wur	0.178791853109	0.725736769017	0.0468677673198	0.0486036105539
-wus	0.14894126132	0.779967412287	0.0476670806731	0.0234242457205
-mon	0.309264903736	0.120727131147	0.00389163248448	0.566116332632
-wup	0.389162561576	0.295566502463	0.305418719212	0.00985221674876
-wuu	0.0723719035359	0.0415953977535	0.0177366311708	0.86829606754
-lpu	0.6	0.0439024390244	0.0	0.356097560976
-yap	0.676236044657	0.167995746943	0.0462519936204	0.109516214779
-yas	0.0426729042863	0.932007839171	0.0215261094955	0.00379314704767
-yar	0.345643324878	0.383045248068	0.0966314671701	0.174679959884
-ber	0.0	1.0	0.0	0.0
-bet	0.126215998513	0.182105458826	0.0117727244563	0.679905818204
-yaa	0.541184777652	0.129363479898	0.172641551067	0.156810191383
-fii	0.24506742191	0.109674828894	0.209012837188	0.436244912008
-bel	0.0429611617818	0.930443833306	0.0225034656952	0.00409153921731
-lpo	0.591382709096	0.364967614756	0.0132357082512	0.0304139678964
-yal	0.263100725456	0.313756429615	0.136355262452	0.286787582476
-yan	0.38474525014	0.466747311276	0.116797665221	0.0317097733632
-yak	0.568910263543	0.301305476056	0.0590735704525	0.0707106899484
-rɗi	0.116239606313	0.134842185644	0.0627863566944	0.686131851349
-iso	0.043131121903	0.206930611573	0.692896534694	0.0570417318298
-ɓít	0.160260767608	0.581329879466	0.045997026782	0.212412326143
-rel	0.0192307692308	0.980769230769	0.0	0.0
-rem	0.139468100073	0.778025608614	0.0483435300664	0.0341627612469
-ise	0.304887814679	0.671185140966	0.016792611251	0.00713443310377
-uám	0.0	1.0	0.0	0.0
-red	0.029851414256	0.950346388043	0.0134445300848	0.00635766761636
-rez	0.0	0.62962962963	0.37037037037	0.0
-pak	0.0592613940226	0.180814075731	0.12917943218	0.630745098067
-res	0.0703812316715	0.894428152493	0.0281524926686	0.00703812316715
-rep	0.546251833508	0.126085639079	0.159682332365	0.167980195048
-ist	0.01152368758	0.913956466069	0.0729833546735	0.00153649167734
-evi	0.0135619431012	0.986438056899	0.0	0.0
-ret	0.139456790501	0.333477062455	0.3732400822	0.153826064845
-hab	0.0402684563758	0.959731543624	0.0	0.0
-juu	0.112266112266	0.62577962578	0.255717255717	0.006237006237
-hai	0.0952398362094	0.505520620064	0.380045334893	0.019194208833
-mas	0.0413135593221	0.952330508475	0.0021186440678	0.0042372881356
-hak	0.107200057631	0.115139898808	0.0689361053337	0.708723938227
-hal	0.375231384263	0.178029199261	0.00980868960887	0.436930726867
-ham	0.2770949714	0.459748790206	0.0574925780303	0.205663660364
-han	0.124379891993	0.333220902957	0.0274335890439	0.514965616005
-hap	0.0242005120817	0.622099695956	0.346253480553	0.00744631140974
-mak	0.172520415252	0.079930831626	0.270971536696	0.476577216426
-has	0.320468312597	0.642435676941	0.0370960104615	0.0
-hat	0.363974901055	0.540127979769	0.0447636832738	0.0511334359023
-man	0.824331503722	0.102479985486	0.0281413526103	0.045047158182
-haz	0.0	1.0	0.0	0.0
-unn	0.383807798426	0.331193065789	0.100825165961	0.184173969823
-kun	0.0701055496041	0.103985543013	0.266001225842	0.559907681541
-ung	0.393556729815	0.330563601933	0.176965089066	0.0989145791868
-àat	0.135483870968	0.174193548387	0.290322580645	0.4
-àam	0.240384615385	0.535714285714	0.103021978022	0.120879120879
-pta	0.0	1.0	0.0	0.0
-unu	0.0167384601101	0.0488467048096	0.0143401873912	0.920074647689
-hii	0.458427235903	0.426996350986	0.0370125648385	0.0775638482722
-666	0.180327868852	0.0163934426229	0.0327868852459	0.770491803279
-him	0.0594080376272	0.898395210664	0.0421967517086	0.0
-ɓen	0.23983457013	0.498708812494	0.0825870902506	0.178869527126
-ɓel	0.183489938299	0.539460418599	0.25527281526	0.0217768278421
-nle	0.473625303606	0.0881326414658	0.0274899932531	0.410752061675
-gaa	0.052831214934	0.355011399007	0.256202988551	0.335954397508
-yíi	0.146341463415	0.579268292683	0.274390243902	0.0
-gan	0.578142323792	0.257992985632	0.0392352076027	0.124629482973
-gam	0.521530767087	0.130454306153	0.285865256573	0.0621496701867
-ein	0.0093370681606	0.971988795518	0.00933706816062	0.0093370681606
-gai	0.0	1.0	0.0	0.0
-adi	0.0901287553648	0.871244635193	0.038626609442	0.0
-gau	0.259574468085	0.714893617021	0.0170212765958	0.00851063829786
-nlu	0.237979009031	0.606541371735	0.0815230656578	0.0739565535758
-ki̶	0.0793502018787	0.00608397943322	0.00472734765697	0.909838471031
-lam	0.0	0.990115321252	0.0	0.00988467874794
-ben	0.571428571429	0.381965552178	0.0303951367781	0.016210739615
-ɓet	0.576602793816	0.187490634082	0.0590421178173	0.176864454284
-ɓes	0.561440677966	0.276483050847	0.114406779661	0.0476694915254
-rfe	0.00952213013578	0.58666901781	0.235584552989	0.168224299065
-eɗi	0.0548256369775	0.0704130105224	0.00751675059064	0.867244601909
-ini	0.0716447883882	0.522899324265	0.2329976495	0.172458237847
-aɗi	0.0614609366062	0.0130880166274	0.00741939771082	0.918031649056
-sel	0.667782003226	0.197649305072	0.018155220058	0.116413471645
-sek	0.0298365476088	0.927354492779	0.0402144772118	0.00259448240076
-dab	0.0	1.0	0.0	0.0
-ina	0.0	1.0	0.0	0.0
-see	0.100967732067	0.0687473869195	0.0323053233762	0.797979557637
-ing	0.554823957123	0.291264678247	0.040566488943	0.113344875687
-yam	0.353028611046	0.197771466521	0.0907696085827	0.35843031385
-aas	0.755069986603	0.182196147272	0.0417147872684	0.0210190788562
-lak	0.210666373722	0.193660251386	0.152304155777	0.443369219115
-omi	0.0	1.0	0.0	0.0
-sep	0.0469798657718	0.932080536913	0.00724832214764	0.0136912751678
-oob	0.030303030303	0.878787878788	0.0909090909091	0.0
-kus	0.162877558218	0.336251969343	0.0381984200382	0.462672052401
-ɗun	0.338649232705	0.311294690483	0.0767842000164	0.273271876795
-kup	0.328113235988	0.57005851836	0.053742685205	0.0480855604465
-ook	0.433561701709	0.370331093389	0.0712370755804	0.124870129322
-nes	0.0147058823529	0.926470588235	0.0294117647059	0.0294117647059
-oon	0.117112617335	0.390138991898	0.054406384122	0.438342006644
-oop	0.382201163637	0.390402951252	0.194668594685	0.0327272904266
-fut	0.239130434783	0.709239130435	0.0407608695652	0.0108695652174
-fuu	0.0207509193222	0.0732811340936	0.00866753614284	0.897300410441
-fur	0.0521739130435	0.897391304348	0.0321739130435	0.0182608695652
-bed	0.292307692308	0.707692307692	0.0	0.0
-lap	0.860810634224	0.066511581983	0.0285279047846	0.0441498790083
-kum	0.36231884058	0.478260869565	0.036231884058	0.123188405797
-nee	0.371384810386	0.0123216003387	0.00195019695501	0.61434339232
-kuk	0.114512569152	0.860549774988	0.0137587066816	0.0111789491788
-gha	0.0333576425802	0.0532388433631	0.0065270419825	0.906876472074
-ɗuu	0.12535853851	0.710965022042	0.0897549425376	0.0739214969103
-ban	0.0479846449136	0.798464491363	0.153550863724	0.0
-uul	0.20202020202	0.777777777778	0.010101010101	0.010101010101
-eka	0.155172413793	0.741379310345	0.0689655172414	0.0344827586207
-uun	0.0157971703097	0.967163223981	0.00743396249871	0.00960564321014
-non	0.0425531914894	0.957446808511	0.0	0.0
-eke	0.195348837209	0.762790697675	0.0418604651163	0.0
-bai	0.745762711864	0.254237288136	0.0	0.0
-uud	0.0	0.979591836735	0.0204081632653	0.0
-hon	0.301984888608	0.472194553096	0.174072544399	0.0517480138967
-hol	0.347568208778	0.579675761171	0.0253064452353	0.0474495848161
-baa	0.202529341422	0.0818415341754	0.0429425028532	0.672686621549
-hor	0.0	1.0	0.0	0.0
-hos	0.376260667184	0.325833979829	0.0418929402638	0.256012412723
-hop	0.227660761062	0.321654119804	0.237738498117	0.212946621017
-eku	0.0591773321659	0.0511997450926	0.00516420220773	0.884458720534
-uut	0.365119159928	0.389182397695	0.212057038713	0.0336414036628
-bar	0.760331060209	0.0768199568689	0.0530395756834	0.109809407239
-bas	0.0382756866734	0.938453713123	0.0164038657172	0.00686673448628
-uus	0.0443022391994	0.727354764653	0.0197119371302	0.208631059017
-uur	0.36782116738	0.403311715192	0.0721125983165	0.156754519111
-dru	0.00293255131965	0.991202346041	0.0	0.0058651026393
-zon	0.0	1.0	0.0	0.0
-isi	0.0290567057494	0.145676712924	0.0237927397972	0.80147384153
-asa	0.0	0.857142857143	0.0	0.142857142857
-aso	0.545574510708	0.0373626723055	0.0308440784139	0.386218738573
-yes	0.364018980266	0.312083507507	0.206069711383	0.117827800843
-nyi	0.430210918114	0.29776674938	0.0325682382134	0.239454094293
-yet	0.571145168547	0.0753571314101	0.0337688028534	0.319728897189
-asi	0.0882444226208	0.130776571302	0.115866809961	0.665112196116
-ash	0.12826300003	0.12720874291	0.0212039319336	0.723324325127
-mba	0.154738878143	0.787234042553	0.0154738878143	0.0425531914894
-yem	0.0256167770125	0.30904828615	0.0132293528361	0.652105584001
-yel	0.260786465683	0.610440417796	0.0694036926706	0.0593694238508
-yen	0.35375162605	0.396355174721	0.0770888651096	0.172804334119
-lta	0.0	1.0	0.0	0.0
-yee	0.239222101892	0.340261296343	0.327196479182	0.0933201225835
-zor	0.0	1.0	0.0	0.0
-̶se	0.161410122555	0.608026010609	0.152784298337	0.0777795684985
-ɗin	0.171932764695	0.18846208715	0.157187276394	0.482417871761
-í̵n	0.041958041958	0.895104895105	0.0629370629371	0.0
-̶si	0.135681444601	0.0988636634347	0.0429997379518	0.722455154013
-rap	0.472305344456	0.193618367104	0.265569442448	0.0685068459923
-ran	0.720392098348	0.178760426728	0.0184076589046	0.0824398160197
-eri	0.0148988596642	0.977823620423	0.00074494298321	0.00653257692968
-ral	0.045871559633	0.669724770642	0.284403669725	0.0
-ram	0.599223841111	0.328395533865	0.0394803409224	0.032900284102
-rak	0.0854793903446	0.778249117802	0.128838501389	0.00743299046475
-ero	0.0537634408602	0.939068100358	0.00716845878135	0.0
-era	0.0833333333333	0.884615384615	0.025641025641	0.00641025641026
-rab	0.0110701107011	0.988929889299	0.0	0.0
-raa	0.272171454868	0.23651743256	0.0708697653014	0.420441347271
-swa	0.905644322587	0.0707194856765	0.00907629762693	0.0145598941098
-nru	0.0926640926641	0.142857142857	0.382239382239	0.382239382239
-nni	0.386781344391	0.243946142426	0.156299595556	0.212972917627
-poo	0.159109661846	0.228424018434	0.569421278114	0.0430450416055
-ɓàk	0.592123769339	0.217651195499	0.0740154711674	0.116209563994
-ɓàl	0.380652159176	0.511829706461	0.0406752084605	0.0668429259033
-aza	0.0	0.881355932203	0.0338983050847	0.0847457627119
-ika	0.144072342708	0.704590390068	0.0367844279255	0.114552839298
-iko	0.0278089963062	0.898487574173	0.047601330229	0.0261020992915
-aat	0.227689976522	0.346963448959	0.0838504151892	0.34149615933
-nor	0.0	1.0	0.0	0.0
-nos	0.0	1.0	0.0	0.0
-aap	0.428106570823	0.425080476219	0.104384009553	0.0424289434047
-tàa	0.0383141762452	0.885057471264	0.0766283524904	0.0
-aar	0.105964160863	0.663648920499	0.0805218656856	0.149865052952
-aam	0.349744027475	0.50432419163	0.0581017001443	0.0878300807512
-aal	0.27219682125	0.513825386458	0.160026126715	0.0539516655781
-aan	0.093391266005	0.797190744267	0.0343912438504	0.0750267458774
-ppo	0.60606175135	0.270594022873	0.0835492163083	0.0397950094689
-aak	0.35934063505	0.230821940518	0.179126004354	0.230711420077
-las	0.0703190848886	0.880553883203	0.0274533413606	0.0216736905478
-uji	0.425882352941	0.162352941177	0.222352941176	0.189411764706
-ppa	0.0282317979198	0.961069836553	0.0	0.0106983655275
-dot	0.065782916376	0.638193959932	0.282866540417	0.0131565832752
-̶ra	0.01924599173	0.147392035039	0.00908326559076	0.82427870764
-`i̶	0.290215588723	0.388888888889	0.203980099502	0.116915422886
-don	0.0228187919463	0.96644295302	0.0	0.0107382550335
-dom	0.0174289894792	0.954248902617	0.0108931184245	0.0174289894792
-gko	0.482538121003	0.511559272012	0.0	0.00590260698476
-ɓam	0.511547836537	0.418968884323	0.0325161490412	0.0369671300985
-ɓal	0.265141602683	0.339676443196	0.247654955164	0.147526998957
-sar	0.237780176331	0.548377501255	0.0188688087289	0.194973513685
-dda	0.013986013986	0.986013986014	0.0	0.0
-sat	0.899599115275	0.0209725039212	0.00128890881107	0.0781394719925
-kàa	0.357257355002	0.0928167424675	0.0365718468727	0.513354055658
-ddi	0.0	1.0	0.0	0.0
-olu	0.0690250215704	0.856033526439	0.0155306298533	0.0594108221374
-fus	0.0	0.947368421053	0.0526315789473	0.0
-lfa	0.0233644859813	0.957943925234	0.018691588785	0.0
-oli	0.0754716981132	0.924528301887	0.0	0.0
-saa	0.56524822695	0.349645390071	0.013829787234	0.0712765957446
-glu	0.22314591993	0.699767307731	0.0568007796185	0.0202859927209
-sak	0.212266936641	0.376360415085	0.0452206192525	0.366152029022
-san	0.235872077328	0.432013726835	0.0730063164244	0.259107879412
-sam	0.0	1.0	0.0	0.0
-sal	0.0	0.840909090909	0.159090909091	0.0
-rot	0.0528601204261	0.885189902733	0.0480546549329	0.0138953219083
-guu	0.209631728045	0.790368271955	0.0	0.0
-lom	0.102453303596	0.850710900474	0.0468357959298	0.0
-rop	0.0	0.692307692308	0.307692307692	0.0
-lok	0.282148820648	0.534396390618	0.16952151364	0.0139332750937
-loi	0.00402414486922	0.975855130785	0.0	0.0201207243461
-dok	0.0	1.0	0.0	0.0
-eɓe	0.194111027757	0.159727431858	0.0963365841461	0.549824956239
-rom	0.0501765904437	0.858975865204	0.0734968945329	0.0173506498196
-ron	0.0171646535283	0.9548633185	0.027972027972	0.0
-get	0.0	1.0	0.0	0.0
-los	0.0484375	0.9359375	0.00625	0.00937499999998
-lop	0.356609607914	0.596441012265	0.011199767892	0.0357496119294
-mar	0.0112994350282	0.983050847458	0.00564971751412	0.0
-ipo	0.813289067736	0.102734956695	0.0416228748471	0.0423531007216
-mpo	0.223068831338	0.611262125077	0.0374038837482	0.128265159837
-mat	0.0564142968732	0.878811339814	0.021526848051	0.0432475152621
-tik	0.266287973889	0.167022344966	0.532324880743	0.0343648004017
-rda	0.227133526983	0.740514120422	0.00366882349017	0.028683529105
-làa	0.147400510701	0.792123995758	0.0217734268796	0.0387020666615
-awa	0.0286472148541	0.95225464191	0.0	0.0190981432361
-har	0.101151994332	0.219823897522	0.0593280237982	0.619696084347
-awe	0.503105590062	0.496894409938	0.0	0.0
-276	0.0	0.362903225806	0.0	0.637096774194
-bit	0.233333333333	0.486666666667	0.213333333333	0.0666666666666
-tok	0.443660548747	0.511700094193	0.00844200085911	0.0361973562016
-sto	0.18574108818	0.757973733584	0.0225140712946	0.0337711069418
-sti	0.0107044935308	0.974378732875	0.0038882585197	0.0110285150741
-sta	0.143236074271	0.665782493369	0.167108753316	0.023872679045
-cuk	0.162018135717	0.803429455499	0.00911083415703	0.0254415746272
-`oo	0.0505971769815	0.927687296417	0.00738327904452	0.014332247557
-sse	0.0191693290735	0.980830670927	0.0	0.0
-púk	0.0325203252032	0.90243902439	0.0650406504065	0.0
-oja	0.0348929628886	0.937856462841	0.0248923514975	0.00235822277344
-eya	0.0	1.0	0.0	0.0
-cut	0.657915885347	0.227698901688	0.0383069916957	0.0760782212698
-eye	0.083177950194	0.209545113252	0.0161431610562	0.691133775497
-ibi	0.205882352941	0.794117647059	0.0	0.0
-lek	0.165337602209	0.640506314048	0.0297432723551	0.164412811388
-lel	0.0	1.0	0.0	0.0
-lem	0.0167906679235	0.970584769728	0.00467108806895	0.00795347427956
-mum	0.0	1.0	0.0	0.0
-mun	0.0254946203734	0.0319378881363	0.0088959313108	0.93367156018
-lee	0.0995786786001	0.222182936078	0.553628735145	0.124609650176
-muu	0.0572273376897	0.0470403886029	0.0137815264893	0.881950747218
-mus	0.110091743119	0.869011213048	0.00611620795106	0.0147808358818
-lep	0.19981977923	0.607569272359	0.157467898175	0.0351430502365
-let	0.0626527131068	0.861555483841	0.0416762712646	0.0341155317873
-lai	0.0	0.481481481481	0.518518518519	0.0
-ifa	0.0	1.0	0.0	0.0
-een	0.289035511513	0.478409746009	0.12658591051	0.105968831967
-eek	0.283863368669	0.54652532391	0.169611307421	0.0
-gúm	0.723076923077	0.0769230769231	0.2	0.0
-alu	0.199535962877	0.53596287703	0.194895591647	0.0696055684454
-iba	0.636363636364	0.218181818182	0.145454545455	0.0
-àng	0.0733197556009	0.816700610998	0.0733197556008	0.0366598778004
-áng	0.526315789474	0.0526315789473	0.342105263158	0.0789473684211
-nda	0.0728739670766	0.840805083827	0.0752597219512	0.0110612271456
-eet	0.543378028372	0.202412282224	0.10118530966	0.153024379744
-eep	0.389444110477	0.456822128711	0.0744330895368	0.0793006712755
-ees	0.374880273185	0.442780993628	0.107566734685	0.0747719985009
-eer	0.15664636822	0.534485753249	0.0712977961228	0.237570082407
-lon	0.0310880829016	0.919170984456	0.0373056994819	0.0124352331606
-àas	0.0935740459379	0.833139690768	0.0616677093574	0.0116185539369
-120	0.139423076923	0.793269230769	0.0576923076923	0.00961538461538
-ɗoo	0.250554522334	0.598287329983	0.0822664369197	0.0688917107635
-mlu	0.0934343434343	0.848484848485	0.0479797979798	0.010101010101
-yos	0.0392841553907	0.933216935836	0.0209515495417	0.00654735923178
-yor	0.0677966101695	0.932203389831	0.0	0.0
-yot	0.0345691382765	0.954909819639	0.0	0.0105210420842
-yok	0.0348162475822	0.952611218569	0.00386847195358	0.00870406189554
-̶na	0.0194764725886	0.0284737576833	0.0121557704793	0.939893999249
-ɗar	0.666305773094	0.203937950365	0.0409614204771	0.0887948560636
-̶ng	0.303773384501	0.49811353865	0.0859759955298	0.112137081319
-yon	0.0568786567496	0.872023022313	0.0231069543045	0.0479913666324
-̶ni	0.117963581704	0.106213934806	0.0336739711668	0.742148512323
-gpo	0.736357502469	0.22560094108	0.0210591209482	0.0169824355026
-gwa	0.292	0.372	0.024	0.312
-pee	0.149260452182	0.189161986249	0.041747629212	0.619829932357
-uɗa	0.191596638656	0.364705882353	0.342857142857	0.100840336134
-iyu	0.0167714884696	0.970649895178	0.0041928721174	0.0083857442348
-was	0.724671413328	0.252537061297	0.00921570373848	0.0135758216363
-pen	0.0992366412213	0.870229007634	0.0152671755725	0.0152671755725
-mmo	0.134903907719	0.023061988052	0.000868051834696	0.841166052395
-uɗi	0.235044433988	0.103061252426	0.110045457704	0.551848855882
-íin	0.320571533248	0.0840813335776	0.577028759846	0.0183183733284
-pet	0.876414752153	0.0897572251493	0.00823799189726	0.0255900308003
-iyo	0.0236686390533	0.952662721893	0.0118343195266	0.0118343195266
-eli	0.0815217391304	0.91847826087	0.0	0.0
-iyi	0.610294117647	0.198529411765	0.035294117647	0.155882352941
-ofa	0.00887573964497	0.991124260355	0.0	0.0
-per	0.181229773463	0.288025889968	0.53074433657	0.0
-iye	0.221210037814	0.21016672396	0.249570299072	0.319052939154
-ela	0.0	0.976377952756	0.0	0.0236220472441
-iya	0.0308126252179	0.901156016996	0.0579275207997	0.010103836986
--ru	0.104651162791	0.53488372093	0.046511627907	0.313953488372
-`et	0.918367346939	0.0	0.0408163265306	0.0408163265306
-̶re	0.0825670849614	0.199704397492	0.484169383167	0.23355913438
-láa	0.210130890526	0.246121259301	0.523743143183	0.0200047069899
-`er	0.0460839522772	0.883788294257	0.0661204532673	0.00400730019802
-sya	0.0188221728588	0.966891628372	0.00958065555423	0.00470554321469
-esu	0.00904129417968	0.686131648713	0.00416156261758	0.30066549449
-`ee	0.664862283076	0.256806241044	0.0783314758796	0.0
-esi	0.0475313385585	0.0914042854016	0.0236861854355	0.837378190604
-eso	0.216542597188	0.732506203474	0.0	0.0509511993383
-`el	0.102564102564	0.871794871795	0.025641025641	0.0
-esa	0.0	1.0	0.0	0.0
-ese	0.427954129965	0.404188133621	0.129179446115	0.0386782902987
-ita	0.031987000068	0.928593053934	0.00874282501375	0.0306771209846
-spa	0.0386473429952	0.92270531401	0.0386473429952	0.0
-kle	0.580882352941	0.227941176471	0.0808823529411	0.110294117647
-faa	0.351351351351	0.378378378378	0.108108108108	0.162162162162
-udu	0.0396975425331	0.90359168242	0.0567107750472	0.0
-fan	0.0709459459459	0.881756756757	0.0	0.0472972972973
-spo	0.0638762150367	0.888910930371	0.0448323745288	0.00238048006349
-far	0.0	1.0	0.0	0.0
-fas	0.0764730463853	0.895946510656	0.0150438779775	0.0125365649812
-ɗok	0.316283732095	0.264633728138	0.365928935081	0.0531536046849
-uda	0.0238907849829	0.967576791809	0.00170648464164	0.00682593856655
-ɗom	0.25	0.75	0.0	0.0
-fat	0.0156852981452	0.984314701855	0.0	0.0
-ɓák	0.690013869626	0.181258668516	0.0832177531207	0.0455097087379
-udi	0.0176571236443	0.828767449554	0.140500288443	0.0130751383579
-ɓál	0.221902017291	0.4265129683	0.270893371758	0.0806916426513
-hul	0.169324221716	0.774487471526	0.0440394836751	0.0121488230828
-hum	0.17945505587	0.707739260124	0.0721656907926	0.0406399932136
-hun	0.110243902439	0.835958188153	0.0282926829268	0.0255052264808
-wos	0.501039917423	0.325655918286	0.136421759694	0.0368824045973
-wor	0.434296938836	0.534950821276	0.0225934823672	0.00815875752148
-wot	0.67967956298	0.185000749463	0.0965974385024	0.0387222490548
-gad	0.0	1.0	0.0	0.0
-wom	0.0888888888889	0.305555555555	0.566666666667	0.0388888888889
-woo	0.563047828415	0.322989769172	0.0814520447564	0.0325103576562
-hut	0.0220588235294	0.834558823529	0.143382352941	0.0
-huu	0.0613496932515	0.901840490798	0.0184049079755	0.0184049079754
-rii	0.479150005314	0.0491810949967	0.0162634558413	0.455405443848
-hup	0.162910559135	0.61487690864	0.0970317700605	0.125180762165
-lot	0.0389191342824	0.913334711289	0.0429314161672	0.00481473826173
-hur	0.160149213509	0.539806816731	0.272144447754	0.0278995220062
-hus	0.119365377094	0.870617947905	0.00500833750046	0.00500833750046
-roo	0.253562447611	0.746437552389	0.0	0.0
-kom	0.324991641954	0.602732082688	0.0217252148275	0.0505510605305
-koo	0.0451515343886	0.105351000621	0.0228927870105	0.82660467798
-kon	0.0304568527919	0.908629441624	0.0609137055838	0.0
-tul	0.310483870968	0.532258064516	0.157258064516	0.0
-tum	0.0361691557246	0.942019747338	0.0118371782371	0.00997391869981
-kok	0.595506463692	0.354940443708	0.0365128050732	0.0130402875261
-tup	0.397798348762	0.141356017013	0.42481861396	0.0360270202652
-son	0.228287841191	0.574689826303	0.0600496277915	0.136972704715
-tut	0.0745098039215	0.854901960784	0.0313725490196	0.0392156862745
-kop	0.320435144036	0.633844358474	0.0340505802986	0.0116699171916
-sok	0.283658791409	0.444794773514	0.170943499915	0.100602935161
-ora	0.194505494505	0.749450549451	0.032967032967	0.0230769230769
-tee	0.767803031519	0.185957529408	0.0359640081679	0.0102754309051
-kám	0.425832989142	0.500593907915	0.0192827200649	0.0542903828774
-jee	0.115950090507	0.0976199119867	0.053328276997	0.73310172051
-rus	0.0791735786458	0.881465842256	0.0176443975268	0.0217161815714
-káa	0.228288267629	0.461887477681	0.125325466928	0.184498787762
-dus	0.112	0.824	0.0	0.0639999999999
-lip	0.599807294027	0.327510569299	0.031061893522	0.0416202431519
-lis	0.0530361260569	0.831667947733	0.00461183704842	0.110684089162
-ruk	0.0	1.0	0.0	0.0
-jep	0.0277981715621	0.910847935217	0.0315540733832	0.029799819838
-ipi	0.0147058823529	0.955882352941	0.0	0.0294117647059
-lii	0.827618164968	0.166821130677	0.0	0.0055607043559
-ici	0.16293755719	0.19305271558	0.249631174317	0.394378552913
-fwo	0.727675033296	0.190252372718	0.0234745268818	0.0585980671035
-ruf	0.0	1.0	0.0	0.0
-ome	0.00854700854701	0.888888888889	0.051282051282	0.051282051282
-abo	0.0555555555555	0.916666666667	0.0	0.0277777777778
-nii	0.449795180708	0.142730564064	0.0721530886089	0.33532116662
-144	0.0591715976332	0.236686390533	0.0	0.704142011834
-eda	0.0480769230769	0.947115384615	0.0	0.00480769230769
-oda	0.0170068027211	0.931972789116	0.0510204081633	0.0
-ten	0.591207464654	0.112968064346	0.0183535052218	0.277470965778
-rna	0.22972972973	0.756756756757	0.0135135135135	0.0
-rni	0.0262494094997	0.938231440464	0.00826700418029	0.0272521458558
-gar	0.202127659574	0.755319148936	0.0425531914894	0.0
-zer	0.0	1.0	0.0	0.0
-uri	0.160089631467	0.0284274337974	0.000548071464925	0.810934863271
-zep	0.0844594594594	0.854416271942	0.0303009194762	0.0308233491224
-rgi	0.116566635332	0.85008447334	0.0114581347498	0.0218907565787
-ura	0.0507710118635	0.150829228962	0.00526340916143	0.793136350013
-kí̵	0.838709677419	0.0322580645161	0.0645161290323	0.0645161290323
-ele	0.119205298013	0.801324503311	0.0397350993377	0.0397350993378
-rga	0.0126582278481	0.974683544304	0.0	0.0126582278481
-áap	0.221741481882	0.685776095187	0.0632774472688	0.0292049756625
-ɗaa	0.168775496093	0.810620203277	0.0123072668188	0.00829703381041
-ɗal	0.601694915254	0.398305084746	0.0	0.0
-ɗak	0.314068279175	0.437844343704	0.0660608502312	0.18202652689
-uru	0.0239978935532	0.0368499672968	0.0070781021145	0.932074037035
-ara	0.286517392276	0.584757402498	0.0747436675504	0.0539815376752
-apa	0.152671755725	0.274809160305	0.572519083969	0.0
-pal	0.60676761899	0.284974561219	0.0736369931059	0.0346208266851
-war	0.213360057087	0.403317291018	0.0367598676032	0.346562784292
-pan	0.497586036936	0.343939018716	0.0374265021698	0.121048442178
-wap	0.305657823438	0.668243506393	0.010268329247	0.0158303409225
-paa	0.577208218598	0.302337075478	0.0532373084799	0.0672173974441
-apo	0.418028222517	0.408354521085	0.15680375034	0.0168135060585
-ɓak	0.624236252546	0.26883910387	0.0549898167006	0.0519348268839
-sop	0.108033240997	0.800554016621	0.0747922437673	0.016620498615
-waa	0.370827264543	0.213734880584	0.0713065388495	0.344131316024
-wan	0.0761419511176	0.0218777382792	0.0024073462203	0.899572964383
-par	0.0577989685706	0.848517128181	0.0281671386796	0.0655167645688
-pas	0.172403463213	0.744022906754	0.077266186257	0.00630744377608
-wak	0.232594615741	0.712863683783	0.0354990147212	0.019042685754
-wai	0.0999408633945	0.849940863394	0.0421348314607	0.00798344175044
-num	0.717285049547	0.172892087292	0.0426691176295	0.067153745531
-nuk	0.233983286908	0.364902506964	0.401114206128	0.0
-sen	0.0294985250737	0.970501474926	0.0	0.0
-kem	0.0	1.0	0.0	0.0
-sut	0.313177498073	0.239249935782	0.154482404315	0.293090161829
-sus	0.0117493472585	0.974151436031	0.0140992167102	0.0
-luu	0.0274851122309	0.969995419148	0.00068712780577	0.00183234081539
-sun	0.272747017743	0.370267651285	0.208423831323	0.148561499649
-sum	0.223368202345	0.697852043937	0.0184003696097	0.0603793841084
-sul	0.479233226837	0.456869009585	0.0191693290735	0.0447284345048
-suk	0.248884921741	0.525357143206	0.155451895522	0.0703060395316
-sos	0.161538461538	0.776923076923	0.0	0.0615384615384
-kat	0.639799412415	0.0737728769103	0.0517006685389	0.234727042136
-nus	0.0	1.0	0.0	0.0
-fet	0.554249373675	0.361341298901	0.0624397764502	0.0219695509732
-pse	0.8	0.133333333333	0.0333333333333	0.0333333333333
-fes	0.359439183021	0.189125969877	0.148975924236	0.302458922866
-fuk	0.347826086956	0.586956521739	0.0652173913043	0.0
-kap	0.100361663653	0.739602169982	0.160036166365	0.0
-fee	0.57057416268	0.246411483254	0.183014354067	0.0
-ksi	0.133764550526	0.0889198277286	0.0541904766784	0.723125145067
-dis	0.0278237827095	0.944352434581	0.0092745942365	0.018549188473
-sli	0.0	1.0	0.0	0.0
-fna	0.0546268982847	0.922866819622	0.007866273353	0.0146400087403
-kos	0.00956937799045	0.99043062201	0.0	0.0
-klu	0.490596446346	0.477865210674	0.0231281181849	0.00841022479451
-ova	0.210610291185	0.521340247308	0.210610291185	0.0574391703231
-tpo	0.551932760267	0.38659468711	0.0235942633167	0.0378782893064
-uka	0.59375	0.40625	0.0	0.0
-klo	0.0701754385965	0.824561403509	0.0701754385965	0.0350877192982
-afa	0.0	1.0	0.0	0.0
-nna	0.0148148148148	0.985185185185	0.0	0.0
-vai	0.0678982408183	0.898769895507	0.023455755919	0.00987610775539
-tip	0.0	0.952380952381	0.0	0.047619047619
-ngu	0.103964581878	0.458035512654	0.0885453046305	0.349454600837
-tis	0.145202020202	0.82702020202	0.0151515151515	0.0126262626263
-mek	0.0	1.0	0.0	0.0
-úut	0.161444716201	0.441595681876	0.374420173737	0.0225394281859
-ngo	0.0746407143134	0.456509174061	0.00569990337645	0.463150208249
-eme	0.491484184915	0.335766423358	0.043795620438	0.128953771289
-yus	0.0541920282741	0.922246220302	0.0153151384253	0.00824661299823
-uwe	0.0523591645804	0.842922506259	0.104718329161	0.0
-iva	0.0	0.979166666667	0.0208333333333	0.0
-uwa	0.436860653069	0.530568708198	0.0177917649545	0.0147788737784
-uwu	0.0952380952381	0.571428571429	0.285714285714	0.047619047619
-jan	0.0685920577617	0.86642599278	0.028880866426	0.0361010830325
-das	0.176337374686	0.690436079428	0.0203448498071	0.112881696079
-mma	0.0179969031184	0.0153870196201	0.00351136579477	0.963104711467
-cik	0.108789111893	0.800354047406	0.0681426305262	0.0227142101754
-ají	0.66393442623	0.172131147541	0.114754098361	0.0491803278689
-zad	0.0	1.0	0.0	0.0
-ana	0.029520295203	0.934501845018	0.0166051660517	0.0193726937269
-zan	0.67594155176	0.227248405022	0.0207450092612	0.0760650339576
-zam	0.24189360913	0.0950027056771	0.256370501432	0.406733183761
-zak	0.0190333577583	0.0634179507718	0.0500493951273	0.867499296343
-àss	0.3071863581	0.472107186358	0.201705237515	0.0190012180268
-zar	0.0112676056338	0.978090766823	0.0075117370892	0.00312989045383
-bít	0.0540540540541	0.486486486487	0.216216216216	0.243243243243
-liu	0.0277777777778	0.9375	0.0347222222222	0.0
-cir	0.0655391120507	0.877378435518	0.0357182597085	0.0213641927228
-cip	0.242280285036	0.672209026128	0.0522565320665	0.0332541567696
-uar	0.224324324324	0.702702702703	0.0432432432433	0.0297297297297
-uɗu	0.4	0.533333333333	0.0333333333333	0.0333333333333
-ɗes	0.0623071705793	0.293963947874	0.545650553957	0.0980783275899
-ɗer	0.232365145228	0.684647302905	0.0	0.0829875518672
-000	0.0591715976332	0.236686390533	0.0	0.704142011834
-ɗek	0.056566970091	0.921976592978	0.01755526658	0.0039011703511
-kut	0.105497387714	0.839929004803	0.0453042049381	0.00926940254487
-ɗen	0.301314909739	0.346333853354	0.123467795855	0.228883441052
-ɗem	0.107744107744	0.856902356902	0.0353535353535	0.0
-ɗel	0.674519475933	0.12818340374	0.0135124141585	0.18378470617
-rci	0.2	0.688235294118	0.0235294117647	0.0882352941177
-eth	0.0	1.0	0.0	0.0
-ruu	0.247741935484	0.624516129032	0.0425806451613	0.0851612903226
-̶i̶	0.0897521768252	0.83590087073	0.025452109846	0.0488948425988
-ɗee	0.705825230252	0.0434307593958	0.0287850709571	0.221958939395
-rse	0.0337038928389	0.467062104726	0.468790509487	0.0304434929489
-ufa	0.0	1.0	0.0	0.0
-bul	0.164945172058	0.794254436545	0.040800391397	0.0
-lim	0.0	0.967213114754	0.0327868852459	0.0
-uya	0.0918367346939	0.908163265306	0.0	0.0
-wer	0.297297297297	0.648648648649	0.0540540540541	0.0
-ɗul	0.643442480036	0.204728528089	0.0795759668027	0.0722530250723
-lin	0.0382352941176	0.910294117647	0.0514705882353	0.0
-wet	0.661169190006	0.210699464802	0.0310072130955	0.0971241320961
-ɓul	0.496887586965	0.377883559136	0.0681069205419	0.0571219333577
-ɓuk	0.316582914573	0.552763819095	0.115577889447	0.0150753768844
-wen	0.13350801339	0.398011164849	0.426534047283	0.0419467744773
-wel	0.0346989472024	0.929813493159	0.0165608611648	0.018926698474
-bus	0.0	0.980769230769	0.0192307692308	0.0
-wee	0.41399339934	0.534257425743	0.0147854785479	0.0369636963696
-buu	0.268905661311	0.291993967585	0.387059304009	0.0520410670938
-ose	0.419047619048	0.403174603175	0.0571428571429	0.120634920635
-nis	0.0169014084507	0.966197183099	0.0169014084507	0.0
-kai	0.1776354106	0.404290429043	0.106969520481	0.311104639876
-ɓut	0.0656722439874	0.11663923961	0.0267582735062	0.790930242897
-kan	0.22779795312	0.238802685155	0.376031693628	0.157367668097
-kam	0.339697007021	0.56940509915	0.06207661042	0.0288212834093
-kaa	0.102211238169	0.0249902215246	0.0115777793715	0.861220760935
-rum	0.100357248316	0.656023759496	0.0466371292535	0.196981862935
-osi	0.0366972477064	0.963302752294	0.0	0.0
-tan	0.0724637464739	0.820658172698	0.0951914756773	0.011686605151
-ool	0.0384020753991	0.911983604789	0.00377521302988	0.0458391067818
-kas	0.0554583727902	0.0546009663595	0.0154540546744	0.874486606176
-kar	0.501406429208	0.387725941731	0.0812653377673	0.0296022912942
-mtu	0.111209625329	0.0547181846995	0.834072189971	0.0
-nin	0.337073067938	0.0641271506683	0.0220664466881	0.576733334706
-ulu	0.0715953371984	0.879939911606	0.0218818911287	0.0265828600668
-pat	0.570422535211	0.401408450704	0.0	0.0281690140845
-ɗík	0.222222222222	0.616161616162	0.161616161616	0.0
