-ɔɲa	0.292307692308	0.153846153846	0.0923076923077	0.461538461538
-ɛgɛ	0.420875162848	0.351674457813	0.137405165147	0.0900452141926
-ɔdi	0.0	1.0	0.0	0.0
-tɔn	0.717948717949	0.180083482409	0.00536672629696	0.0966010733452
-lɔn	0.143075980392	0.766850490196	0.0395220588235	0.0505514705882
-adɛ	0.0731312381306	0.886622021047	0.0189739122985	0.0212728285237
-ufu	0.030163767393	0.960029293455	0.00312038973031	0.00668654942209
-oye	0.0907988479612	0.872517811126	0.0239502804305	0.012733060482
-oya	0.47311827957	0.329749103943	0.078853046595	0.118279569892
-xee	0.0822211182088	0.0700794631293	0.00939664880589	0.838302769856
-oyi	0.0	0.975124378109	0.00497512437811	0.0199004975124
-nkɛ	0.111226611227	0.823284823285	0.0155925155925	0.0498960498961
-ufe	0.536803422571	0.314410194769	0.0881927651749	0.0605936174849
-nsi	0.266092160905	0.620381889906	0.0487076776824	0.0648182715073
-unɛ	0.168175368205	0.750077473863	0.070329957104	0.0114172008286
-nse	0.240755443983	0.350912896008	0.0336453053191	0.37468635469
-nsa	0.0614420398543	0.920719948575	0.00626740947075	0.0115706020998
-ɔrɛ	0.172711341568	0.606746557236	0.0844084007164	0.136133700479
-nti	0.104945482866	0.417056074766	0.342484423676	0.135514018692
-nta	0.511434511435	0.212577962578	0.14501039501	0.130977130977
-mui	0.152842607209	0.301107646761	0.0231409083168	0.522908837713
-nte	0.185230769231	0.434461538462	0.285230769231	0.095076923077
-ntu	0.356279197582	0.503297609233	0.0943940643034	0.0460291288816
-pui	0.0594701372231	0.883260120631	0.0107046247002	0.0465651174457
-kie	0.189715745768	0.717023315235	0.0434366017247	0.0498243372725
-ɔkɔ	0.0	0.970276008493	0.0	0.0297239915074
-nma	0.51649752771	0.211123618114	0.0956604058364	0.17671844834
-nmi	0.335078534031	0.261780104712	0.214659685864	0.188481675393
-ɛnɛ	0.286108010983	0.26037293681	0.378960571185	0.074558481022
-ɔsi	0.0920094074456	0.0916652326048	0.0575919233638	0.758733436586
-opi	0.0520833333333	0.848958333333	0.0989583333333	0.0
-ɛfe	0.682189567865	0.177016993383	0.0515082792258	0.0892851595265
-opa	0.0714285714285	0.842857142857	0.0428571428571	0.0428571428571
-ɔse	0.327520685173	0.550889017542	0.0836372565141	0.0379530407711
-dee	0.0676812734691	0.233637701118	0.0528941313329	0.64578689408
-den	0.122880276635	0.110607686192	0.0767229867935	0.689789050379
-ima	0.322563075424	0.193915479263	0.0459501437142	0.437571301598
-ɔli	0.220442086477	0.346709711778	0.186194182421	0.246654019324
-atu	0.6086324398	0.335991661544	0.015126814015	0.0402490846407
-oki	0.203484000604	0.449066289331	0.221246003719	0.126203706347
-imi	0.0501831501831	0.854212454212	0.0875457875458	0.00805860805861
-nyɛ	0.155623471883	0.487591687042	0.311797066015	0.0449877750611
-ɔla	0.199727658323	0.598902186164	0.115303302749	0.0860668527642
-asɛ	0.215189873418	0.683544303797	0.0506329113924	0.0506329113924
-imo	0.0860215053763	0.867383512545	0.0	0.0465949820789
-obi	0.0906052260927	0.273301239603	0.587672643949	0.0484208903558
-obo	0.322820037106	0.21706864564	0.437847866419	0.0222634508349
-idi	0.431604105159	0.512793476733	0.0137072964994	0.0418951216083
-ide	0.45318670669	0.32070497919	0.109872594918	0.116235719203
-ɛɲɛ	0.162296037296	0.733391608392	0.0675990675991	0.0367132867134
-obe	0.627519110494	0.141301829975	0.0569840166782	0.174195042854
-bie	0.0845040982995	0.690290986727	0.202451514654	0.0227534003195
-dɛe	0.0979591836735	0.860408163265	0.0416326530612	0.0
-ekɛ	0.0258194484378	0.949128650724	0.00876283510153	0.0162890657362
-dɛn	0.00432432432434	0.995675675676	0.0	0.0
-~wo	0.183139534884	0.625	0.0174418604651	0.174418604651
-rie	0.126073420916	0.723752378715	0.109361091861	0.0408131085088
-ute	0.114558472554	0.717183770883	0.13245823389	0.035799522673
-rin	0.14060799552	0.121434827902	0.0663157403562	0.671641436221
-uti	0.155654753189	0.772010927544	0.0532989720913	0.0190353471754
-xɔn	0.181249206697	0.102908969226	0.0221270899923	0.693714734085
-ɛxɔ	0.0294117647059	0.882352941176	0.0882352941176	0.0
-tee	0.212839617671	0.490027846768	0.276059306089	0.0210732294724
-utu	0.230263157895	0.763157894737	0.0	0.0065789473684
-eɲa	0.167439237424	0.548616937869	0.228291220203	0.0556526045034
-xɔe	0.0313694382347	0.904930169948	0.058772625658	0.00492776615947
-ɛxɛ	0.211980986988	0.746645698303	0.0118209470598	0.0295523676494
-are	0.22816116235	0.487572871074	0.196068190479	0.0881977760974
-ara	0.752664306608	0.0462417840368	0.0112059383103	0.189887971045
-ari	0.316190859984	0.353260555869	0.0542751009778	0.27627348317
-bɔɛ	0.355140186916	0.443925233645	0.121495327103	0.0794392523365
-aru	0.0737866237264	0.866034168444	0.0394586047321	0.0207206030977
-lun	0.509507499705	0.251328687847	0.139600803118	0.0995630093303
-nɲa	0.54593175853	0.202099737533	0.125984251968	0.125984251968
-aye	0.274332061069	0.697041984733	0.0200381679389	0.00858778625955
-aya	0.0761529388072	0.806960581638	0.0584946139335	0.0583918656216
-ayo	0.00470588235294	0.854117647059	0.0	0.141176470588
-ayi	0.258931409124	0.673054888535	0.02843890519	0.0395747971503
-ayu	0.0497737556561	0.927601809955	0.0	0.0226244343891
-gbɛ	0.504551125075	0.299234548507	0.0280306180597	0.168183708358
-kɔn	0.483115677331	0.304606222024	0.035135685624	0.177142415021
-ɔrɔ	0.54536935175	0.306726968993	0.0998247972946	0.0480788819623
-ubu	0.915966386555	0.0252100840336	0.0	0.0588235294117
-ubi	0.226875417378	0.683119388588	0.0707130667063	0.019292127328
-sɔn	0.0693641618497	0.670520231214	0.190751445087	0.0693641618497
-xae	0.162714429869	0.76160443996	0.0302724520686	0.0454086781029
-exi	0.330031579972	0.151500396489	0.472016249078	0.0464517744606
-uba	0.302429408013	0.664289441642	0.0177422160376	0.0155389343074
-ikɛ	0.263267307181	0.651837568187	0.0359120900467	0.0489830345858
-ube	0.0567976303364	0.89247553596	0.01788001134	0.0328468223632
-xan	0.0878912182116	0.0428915785709	0.0256278296566	0.843589373561
-umu	0.0	1.0	0.0	0.0
-ota	0.00954653937948	0.966587112172	0.0190930787589	0.00477326968973
-ote	0.132900713822	0.771187540558	0.0735885788449	0.0223231667748
-oti	0.00657422174607	0.975894520264	0.0175312579895	0.0
-mɛe	0.0709383129175	0.848975952907	0.0527900245478	0.0272957096274
-oto	0.589818181818	0.242181818182	0.102545454545	0.0654545454545
-ɛbu	0.365327609118	0.562097516099	0.0124706122866	0.0601042624962
-uma	0.473634683598	0.281427108668	0.0646149598332	0.180323247901
-otu	0.0350877192982	0.929824561404	0.0350877192982	0.0
-umi	0.00561797752808	0.921348314607	0.0589887640449	0.0140449438202
-ako	0.125328530739	0.110815509463	0.0189414534294	0.744914506368
ALL	0.256776629241	0.359187793347	0.0687550029677	0.315280574444
-nan	0.472564303968	0.0254645584608	0.00585951113047	0.49611162644
-aki	0.23035788408	0.744372563908	0.00607441154138	0.0191951404708
-naa	0.187312501084	0.0803752579466	0.0232802122531	0.709032028717
-kin	0.0	1.0	0.0	0.0
-aka	0.220402732309	0.543912576657	0.188521404623	0.0471632864116
-nae	0.0468365049623	0.467542890955	0.485620604083	0.0
-uɲɛ	0.77721799308	0.208830449827	0.00174394463668	0.0122076124567
-sin	0.485743695316	0.301595470921	0.0504374678333	0.162223365929
-aku	0.119651921682	0.547498187092	0.0761421319797	0.256707759246
-sie	0.183649421541	0.742109322942	0.0499472062287	0.0242940492881
-gon	0.253521126761	0.737089201878	0.0093896713615	0.0
-goe	0.326407401599	0.571506978203	0.0530029794575	0.0490826407402
-xɛe	0.189366351056	0.771384640285	0.026570634728	0.0126783739311
-mon	0.0773480662983	0.887661141805	0.0128913443831	0.0220994475138
-ɔxɛ	0.0515773935571	0.899301279246	0.0491213271973	0.0
-hɛn	0.0	0.910891089109	0.0594059405941	0.029702970297
-yae	0.0792040643067	0.877553191391	0.0164946550432	0.0267480892593
-ben	0.382799969449	0.267547544489	0.118689376002	0.230963110059
-ofe	0.624478898309	0.170406108014	0.0668883788468	0.13822661483
-bee	0.235646128901	0.396156794691	0.304648988405	0.0635480880023
-iso	0.664752650177	0.282243816254	0.0384275618375	0.0145759717314
-ren	0.0344650496442	0.0642033499423	0.0735853823116	0.827746218102
-igu	0.0243902439024	0.975609756098	0.0	0.0
-isi	0.236726043132	0.701412286053	0.0361220734261	0.0257395973891
-ise	0.219079685746	0.620650953984	0.0659932659933	0.0942760942762
-isa	0.0117245104851	0.721756259127	0.0100437240169	0.256475506371
-ree	0.166027233602	0.385946399831	0.314898319732	0.133128046834
-isu	0.0	0.96	0.04	0.0
-dɔn	0.0239546572559	0.372580472677	0.0206395037964	0.582825366271
-ɔya	0.259929964982	0.667733866933	0.03991995998	0.0324162081041
-rɛn	0.521319388576	0.450925181014	0.0265486725663	0.00120675784392
-n~a	0.468309859155	0.37323943662	0.0	0.158450704225
-ɔyi	0.497429945283	0.403084065661	0.0	0.0994859890565
-n~e	0.0869565217391	0.608695652174	0.217391304348	0.0869565217391
-man	0.0349558701492	0.0304492762375	0.0415068484567	0.893088005157
-mae	0.141969834969	0.59226263397	0.234159608655	0.0316079224066
-ɔra	0.530460316415	0.246581272999	0.0377401108674	0.185218299719
-uni	0.14983713355	0.563517915309	0.0	0.28664495114
-nsɛ	0.126315789474	0.815789473684	0.0578947368421	0.0
-ɔri	0.088370656405	0.759017241519	0.0521355937904	0.100476508286
-una	0.161414790997	0.755627009646	0.0308681672026	0.0520900321543
-nke	0.192721979622	0.459388646288	0.0390101892285	0.308879184862
-nka	0.263137185089	0.544965209199	0.112635551178	0.079262054533
-lɔɛ	0.677058274767	0.114482102042	0.0527246066457	0.155735016546
-unu	0.657407407407	0.183641975309	0.0277777777778	0.131172839506
-nki	0.278637770898	0.495356037152	0.130030959752	0.0959752321982
-iri	0.257654468243	0.545591578354	0.0755710319218	0.121182921482
-nla	0.117647058824	0.764705882353	0.117647058824	0.0
-gae	0.0399334442596	0.955074875208	0.00499168053246	0.0
-ade	0.521042735286	0.262706018629	0.0569734557166	0.159277790368
-ada	0.0583153347732	0.7343412527	0.207343412527	0.0
-gan	0.586791180137	0.227260918168	0.153913808267	0.032034093428
-adi	0.112579940508	0.535158328736	0.239319700989	0.112942029767
-fee	0.0941365995229	0.596085737475	0.0321884453627	0.277589217639
-ɛge	0.75409252669	0.218683274021	0.0138790035587	0.0133451957296
-ɔɲɛ	0.109203517591	0.684258101657	0.0652134190942	0.141324961658
-ɔsɛ	0.084985835694	0.844192634561	0.0056657223796	0.0651558073655
-ɛni	0.154509514215	0.750271036436	0.0577107512636	0.0375086980847
-ina	0.0496923812075	0.497268626701	0.0231974338156	0.429841558276
-see	0.160554826489	0.737927596126	0.0581857503186	0.0433318270665
-ɛna	0.15350877193	0.780701754386	0.0263157894737	0.0394736842105
-ɔxɔ	0.361165433532	0.33696362229	0.0696984182646	0.232172525914
-ɛti	0.148224209168	0.527282709836	0.0260236751247	0.298469405872
-ɔki	0.00801871032409	0.979284998329	0.000668225860342	0.0120280654861
-uie	0.0740953613672	0.764470305002	0.148285701566	0.0131486320644
-nmɛ	0.112203921232	0.814138767797	0.039942448515	0.0337148624562
-ixi	0.245088665515	0.456167536143	0.0335185008402	0.265225297502
-ede	0.307579933625	0.58833879517	0.0688660254459	0.0352152457595
-edi	0.156942823804	0.58284714119	0.175029171529	0.0851808634772
-edo	0.246973365617	0.753026634383	0.0	0.0
-fui	0.431635524447	0.568364475553	0.0	0.0
-ntɛ	0.271629634425	0.583659381296	0.102009382361	0.0427016019183
-kun	0.581649484536	0.305773195876	0.0750515463918	0.0375257731959
-nee	0.259285818626	0.146049958169	0.0451774829688	0.549486740236
-ntɔ	0.654860587792	0.200452147702	0.0474755086661	0.0972117558403
-kui	0.0269886003804	0.0789377228854	0.00721247079132	0.886861205943
-ban	0.73171930687	0.185449182745	0.00909426078407	0.0737372496007
-eka	0.0570333093698	0.836994435125	0.082807465985	0.0231647895199
-eke	0.0	1.0	0.0	0.0
-eki	0.0773611770289	0.911248220218	0.0113906027527	0.0
-bae	0.098246817266	0.804106476917	0.0370354494406	0.0606112563762
-baa	0.0297099503156	0.931683899557	0.00926547603062	0.029340674097
-eku	0.436588103255	0.297418630752	0.148148148148	0.117845117845
-ɛɲa	0.227340711935	0.638548210191	0.0498554192841	0.0842556585901
-ɔlɛ	0.252469727936	0.554655896671	0.0840583310851	0.108816044308
-ase	0.101944886	0.837648965131	0.0281109219233	0.0322952269457
-nya	0.176557472174	0.690466142674	0.0784230978882	0.0545532872642
-asa	0.453839325344	0.194724494325	0.211781117241	0.13965506309
-nye	0.265120015704	0.604432486529	0.0940066987955	0.0364407989713
-aso	0.517635651085	0.153165528665	0.0383822875843	0.290816532665
-nyi	0.158504792164	0.519240291617	0.171259273515	0.150995642704
-xun	0.370245391458	0.156146710228	0.068824076503	0.404783821811
-asi	0.130372276812	0.81355918453	0.0306896527608	0.0253788858971
-ɔlɔ	0.701881515383	0.114289346555	0.024663107043	0.15916603102
-inɛ	0.0310344015103	0.712447513178	0.0348835496947	0.221634535617
-bɛn	0.5	0.354838709677	0.0483870967742	0.0967741935484
-yen	0.2100456621	0.342465753425	0.356164383562	0.0913242009132
-yee	0.15534285266	0.753962027303	0.0765730425231	0.0141220775145
-bɛe	0.0807093258752	0.845006750892	0.048895746938	0.0253881762947
-xui	0.21214995255	0.606431391893	0.109832514772	0.0715861407849
-ɛwɛ	0.280592797079	0.502544645646	0.177944519969	0.0389180373055
-ɲin	0.630174888777	0.148912972013	0.11526760294	0.10564453627
-eru	0.0	1.0	0.0	0.0
-ɛla	0.241582491583	0.402777777778	0.275252525252	0.0803872053872
-ran	0.75238352903	0.220987608896	0.0141810508089	0.0124478112656
-eri	0.327030466703	0.287661593032	0.066292136477	0.319015803788
-era	0.0	0.948608137045	0.0	0.051391862955
-iwi	0.0459948320413	0.875452196382	0.0609819121447	0.0175710594315
-rae	0.170604196831	0.77736325437	0.034234663054	0.0177978857449
-ere	0.115979407982	0.197094036968	0.0684503421425	0.618476212907
-arɛ	0.242560553667	0.615452780772	0.0820860410275	0.0599006245336
-ugu	0.0	1.0	0.0	0.0
-xɔɛ	0.151555931283	0.556943253538	0.127783227459	0.163717587719
-ɛxi	0.610953036923	0.233828927441	0.0653402938113	0.0898777418249
-nni	0.0900256444865	0.37983083637	0.0917352769155	0.438408242228
-uge	0.23288973384	0.58174904943	0.166825095057	0.018536121673
-pon	0.192096083295	0.190491648986	0.144900062831	0.472512204888
-ɛxu	0.544988653471	0.25410451241	0.159339902922	0.0415669311969
-uga	0.584615384615	0.269230769231	0.0923076923077	0.0538461538461
-ugi	0.0945941272813	0.806412018587	0.080569997946	0.0184238561856
-lae	0.161770251989	0.474622951273	0.311084661668	0.0525221350697
-ike	0.0597858417609	0.866002379536	0.0542831647829	0.0199286139203
-ubɛ	0.0139598379426	0.899066408314	0.0682138453409	0.0187599084023
-foe	0.11033494537	0.859573705893	0.0100304495791	0.0200608991582
-ika	0.0729908761405	0.814148231471	0.0978627671541	0.0149981252343
-sɔɛ	0.0678491041685	0.878869181597	0.0240388943909	0.0292428198434
-iko	0.0	1.0	0.0	0.0
-lan	0.58019806017	0.11632863854	0.0704671991157	0.233006102174
-iki	0.199477876699	0.757681237031	0.0107102215677	0.0321306647031
-gɛe	0.0731340668259	0.859193609044	0.0474239121858	0.0202484119445
-urɛ	0.201944652206	0.343679880329	0.319745699327	0.134629768138
-iku	0.107142857143	0.845238095238	0.0357142857143	0.0119047619048
-aan	0.029702970297	0.688118811881	0.267326732673	0.0148514851485
-non	0.0	0.961538461538	0.0384615384615	0.0
-tɛɛ	0.471026049973	0.465178096757	0.0318979266347	0.0318979266348
-aae	0.0945992432061	0.88166494668	0.00825593395253	0.015479876161
-nna	0.178555994665	0.590034685225	0.178368238624	0.0530410814857
-boe	0.196287004516	0.173306573006	0.560963371801	0.0694430506774
-ahi	0.147533425542	0.235131396957	0.0414937759336	0.575841401568
-aha	0.0	0.963855421687	0.0	0.0361445783133
-gee	0.166666666667	0.505353319058	0.256245538901	0.0717344753747
-kɔɛ	0.00856451312605	0.876093837274	0.026252094582	0.0890895550177
-doe	0.121212121212	0.818181818182	0.0606060606061	0.0
-don	0.658333333333	0.310324483776	0.00685840707965	0.0244837758112
-kɛe	0.103322763268	0.856378943093	0.00644257292395	0.0338557207154
-uɲi	0.0983775431367	0.725985063096	0.0906515580736	0.084985835694
-toe	0.139198553781	0.325399216632	0.486592347093	0.0488098824947
-uɲa	0.312178828366	0.429856115108	0.203237410072	0.0547276464542
-ɛri	0.0574497239955	0.903211007799	0.0223082435557	0.01703102465
-oli	0.712584080718	0.163786123567	0.0200859491779	0.103543846537
-akɛ	0.289929822056	0.358290449378	0.108673371525	0.243106357041
-ibi	0.128576398284	0.519369177844	0.042858799428	0.309195624444
-sae	0.078590236986	0.866923232732	0.014583755317	0.0399027749645
-olo	0.581991021917	0.212041193557	0.0477950884606	0.158172696065
-ibe	0.0902255639097	0.90977443609	0.0	0.0
-akɔ	0.320684126136	0.567076429717	0.0	0.112239444147
-san	0.148304077007	0.109047245584	0.0411494865717	0.701499190837
-ngu	0.34962406015	0.59022556391	0.0300751879699	0.0300751879699
-lon	0.842479347407	0.0406710205884	0.0255468121679	0.0913028198364
-loe	0.152331948187	0.645132866886	0.119264979219	0.0832702057076
-mɛɛ	0.599819098075	0.283886807081	0.0139552913813	0.102338803463
-roe	0.184962406015	0.548872180451	0.23007518797	0.0360902255639
-ɔde	0.53582646762	0.254601488584	0.0731618918573	0.136410151938
-nbɛ	0.116692901371	0.609587445891	0.20492583342	0.0687938193178
-ron	0.293897136002	0.655120707752	0.0359874044084	0.0149947518369
-ɛbɛ	0.759349853305	0.195405984013	0.0170710165264	0.0281731461554
-ewu	0.0	1.0	0.0	0.0
-ipi	0.0	0.974522292994	0.0	0.0254777070063
-ixɛ	0.141507615192	0.156737998843	0.585309427415	0.11644495855
-ɛra	0.291154857051	0.604087325001	0.0227431207423	0.0820146972053
-rɛe	0.0628364685258	0.860949136527	0.00835498750482	0.0678594074424
-han	0.0911351257889	0.0897103829861	0.0499835739604	0.769170917265
-ɛdɛ	0.0708963648679	0.125987807631	0.0528335967487	0.750282230752
-ewi	0.0313465783664	0.944812362031	0.00927152317881	0.0145695364239
-ipu	0.00355682020274	0.994842610706	0.0	0.00160056909123
-ite	0.438499153658	0.2510814369	0.152905773933	0.157513635509
-uxi	0.44180299997	0.251623920269	0.136224671877	0.170348407884
-awa	0.238189517681	0.192377495463	0.0381675191112	0.531265467745
-xɛɛ	0.831567881497	0.144766752727	0.00398488976985	0.0196804760062
-ɔxi	0.254964939109	0.511897692599	0.0590368810669	0.174100487225
-lɛe	0.104229923047	0.59099461429	0.282376482066	0.0223989805975
-uxu	0.107593435187	0.0357552419721	0.00713354852724	0.849517774314
-a~e	0.474919538425	0.167595572651	0.113980689222	0.243504199702
-a~i	0.91935483871	0.0806451612903	0.0	0.0
-ɛde	0.624791279512	0.20371494519	0.0692421786791	0.102251596618
-isɛ	0.303797468354	0.589873417722	0.0911392405063	0.0151898734177
-eyo	0.0082304526749	0.851851851852	0.0082304526749	0.131687242798
-o~a	0.513513513514	0.202702702703	0.0	0.283783783784
-eya	0.16447040364	0.720855936373	0.0863088203867	0.0283648396004
-ɛdi	0.0708831244535	0.64814922763	0.201807053337	0.0791605945788
-o~i	0.2	0.683333333333	0.116666666667	0.0
-oba	0.0	1.0	0.0	0.0
-len	0.489270080852	0.103508911559	0.0624441125661	0.344776895023
-ɔɛe	0.144744262933	0.568353753403	0.206719175418	0.0801828082458
-mun	0.490081179968	0.164646695632	0.0698605076607	0.275411616739
-ɔɛn	0.1328125	0.40625	0.393229166667	0.0677083333333
-lee	0.20869056083	0.677554263728	0.0991175609552	0.0146376144871
-aga	0.0282777912917	0.968073461445	0.00364874726344	0.0
-mɔn	0.00358192505511	0.995591476855	0.000551065393093	0.000275532696547
-ida	0.10593220339	0.752118644068	0.0190677966102	0.122881355932
-ifa	0.0	1.0	0.0	0.0
-ife	0.420681076406	0.202788304013	0.0620557322028	0.314474887379
-ifi	0.0178201782018	0.746377463775	0.206012060121	0.029790297903
-alu	0.25	0.646551724138	0.0172413793103	0.0862068965517
-ndu	0.372213953546	0.291885649352	0.31255596796	0.0233444291422
-ole	0.0147013162344	0.9169941068	0.0407113372644	0.0275932397014
-ndi	0.493515330725	0.254486958714	0.0662888935188	0.185708817042
-alo	0.702181921224	0.230660243695	0.0136015868518	0.0535562482289
-ifu	0.641255605381	0.112107623318	0.188340807175	0.0582959641255
-ndo	0.0987572493786	0.635791217896	0.194863297432	0.0705882352941
-ali	0.264697087824	0.438524061914	0.0623861993386	0.234392650924
-nda	0.475	0.44375	0.06875	0.0125
-gie	0.103574834423	0.760259915955	0.104714984769	0.0314502648534
-ale	0.0633088489988	0.904149219273	0.018933487551	0.0136084441773
-nde	0.185953977825	0.14901891417	0.0585996864743	0.606427421531
-ala	0.331966869087	0.516811092856	0.0118648254852	0.139357212571
-ude	0.535144041333	0.28367919025	0.0940960694227	0.0870806989938
-atɛ	0.239386015391	0.623111487464	0.0886628123668	0.0488396847783
-uyɛ	0.155555555556	0.566666666667	0.133333333333	0.144444444444
-yon	0.0188976377953	0.957480314961	0.0236220472441	0.0
-iyu	0.0285714285714	0.950649350649	0.0103896103896	0.0103896103896
-ogi	0.112151504158	0.860316157096	0.0178882426882	0.00964409605798
-iyo	0.0523916235221	0.437137779152	0.0157638513253	0.494706746001
-eli	0.31000306746	0.23487215186	0.0695478397311	0.385576940948
-elo	0.0	1.0	0.0	0.0
-ogo	0.0233918128655	0.953216374269	0.0233918128655	0.0
-iye	0.0935960591133	0.896551724138	0.0	0.00985221674877
-ela	0.166295471418	0.833704528582	0.0	0.0
-oge	0.0399988443453	0.927873051648	0.0217735644622	0.0103545395442
-ele	0.361438185164	0.187262973298	0.397539673627	0.0537591679121
-nɛe	0.0765014817766	0.7850655166	0.111097927208	0.0273350744157
-yan	0.132183908046	0.666666666667	0.17816091954	0.0229885057471
-itu	0.110142906936	0.872080864413	0.00731962356223	0.0104566050889
-esu	0.205882352941	0.774509803922	0.0196078431373	0.0
-ito	0.0116009280743	0.988399071926	0.0	0.0
-esi	0.0	1.0	0.0	0.0
-uta	0.0	1.0	0.0	0.0
-eso	0.198198198198	0.558558558559	0.153153153153	0.09009009009
-iti	0.396928406421	0.512819018908	0.0548457319767	0.0354068426945
-esa	0.0	1.0	0.0	0.0
-nbɔ	0.832988029466	0.118209023941	0.0246316758748	0.0241712707182
-ese	0.148782987659	0.448182189372	0.0538301932387	0.34920462973
-ita	0.0175438596491	0.969298245614	0.0	0.0131578947368
-ɛya	0.106459574642	0.804519604306	0.0603800572595	0.0286407637923
-ɛye	0.654804270463	0.241103202847	0.0774021352313	0.0266903914591
-fae	0.554347826087	0.380434782609	0.0	0.0652173913043
-fan	0.109141077659	0.0503067157225	0.09227820788	0.748273998738
-ulɛ	0.42639241969	0.544719204992	0.00346660503813	0.0254217702797
-uda	0.00953678474114	0.984624367458	0.00175165434021	0.00408719346049
-ɔtɔ	0.549804976816	0.179821893434	0.0771029634759	0.193270166274
-udi	0.184254606365	0.608040201005	0.180904522613	0.0268006700167
-abu	0.0319400630915	0.929120662461	0.00680205047318	0.0321372239748
-amɛ	0.391178145021	0.269516587864	0.298879115338	0.0404261517778
-nɛn	0.680428080992	0.138898619772	0.125148882505	0.0555244167309
-amɔ	0.506666666667	0.44	0.0	0.0533333333333
-ɔbɛ	0.155555555556	0.462962962963	0.3	0.0814814814815
-~go	0.256684491979	0.711229946524	0.0320855614973	0.0
-ɲan	0.145929993043	0.094881503621	0.0426252322284	0.716563271108
-abe	0.0697674418605	0.817829457364	0.0639534883721	0.0484496124031
-nɔɛ	0.186046170544	0.692220820744	0.046639875627	0.075093133085
-aba	0.372520280266	0.514553782523	0.0293655027288	0.083560434482
-won	0.0292972471231	0.0179384695311	0.00623888894107	0.946525394405
-igɛ	0.300268096515	0.379356568364	0.20017873101	0.120196604111
-abo	0.0	1.0	0.0	0.0
-abi	0.669962034832	0.205605705514	0.0206755399456	0.103756719708
-aɲɛ	0.107299180548	0.708879826451	0.0385771120633	0.145243880938
-koe	0.12922705314	0.741948470209	0.101046698873	0.0277777777778
-ɔmɛ	0.0895023777329	0.664366083502	0.23121447581	0.0149170629555
-gbe	0.103345320091	0.103695624996	0.635757582837	0.157201472076
-tui	0.227752201521	0.601083142667	0.0915381328737	0.0796265229382
-kon	0.494830132939	0.45199409158	0.0443131462334	0.00886262924668
-ilɛ	0.171676579328	0.709692975406	0.0954830413117	0.0231474039544
-tun	0.287508072039	0.258950993758	0.0786395924517	0.374901341752
-oru	0.0	1.0	0.0	0.0
-ori	0.0793898516699	0.363768371626	0.518137527651	0.0387042490534
-oro	0.411255287323	0.1288460575	0.0823247758032	0.377573879374
-soe	0.215409343959	0.656471373033	0.0830663483239	0.0450529346841
-fɔɛ	0.0424628450106	0.957537154989	0.0	0.0
-ora	0.0647528599179	0.850636736456	0.040578458882	0.0440319447443
-ore	0.0596554788378	0.447290808192	0.143726119057	0.349327593913
-yɛe	0.584334203655	0.332114882506	0.0313315926893	0.0522193211488
-yɛn	0.515435008389	0.208053047855	0.20813693377	0.0683750099864
-iɲa	0.0401894977639	0.870649117723	0.0384160241784	0.0507453603345
-ɛki	0.0157593123209	0.434097421203	0.448424068768	0.101719197708
-lin	0.4	0.186956521739	0.218764302059	0.194279176201
-rui	0.204968944099	0.658385093168	0.111801242236	0.0248447204969
-run	0.114766518159	0.125286161378	0.565961435788	0.193985884676
-ɛka	0.0819672131147	0.639344262295	0.114754098361	0.163934426229
-lie	0.141526700192	0.720566141719	0.0871814889131	0.0507256691764
-oma	0.620535419591	0.172961473673	0.0904689749174	0.116034131819
-ome	0.013201320132	0.973597359736	0.006600660066	0.00660066006602
-ɲae	0.28870292887	0.610878661088	0.100418410042	0.0
-ɔlu	0.0326464598059	0.934108062777	0.00296513717503	0.030280340242
-oda	0.146356183674	0.820449630338	0.0241412261731	0.00905295981492
-ode	0.399304284214	0.449934273001	0.0710002774298	0.0797611653553
-irɛ	0.105046947672	0.810761641867	0.0268386831318	0.0573527273295
-odi	0.151515151515	0.818181818182	0.0	0.030303030303
-ɛtɛ	0.11649330813	0.183138419583	0.181489826134	0.518878446152
-uri	0.173287027986	0.701233532915	0.0867364043861	0.0387430347124
-ipa	0.0354066985646	0.93014354067	0.0114832535885	0.0229665071771
-bɔɔ	0.756254738438	0.151630022745	0.0504169825626	0.0416982562547
-ura	0.145390070922	0.632978723404	0.141843971631	0.0797872340425
-ure	0.119031699309	0.753517119787	0.0823541195676	0.0450970613361
-tɔɛ	0.116751568471	0.613454513279	0.162281126799	0.107512791451
-ipe	0.0	1.0	0.0	0.0
-uru	0.131733021077	0.776053864169	0.0737704918033	0.0184426229508
-nxi	0.28068235093	0.475501567144	0.131287229899	0.112528852027
-ɛsɛ	0.131520324514	0.79412985606	0.0405544469594	0.0337953724662
-nxa	0.431392668458	0.466379997423	0.0340757780397	0.0681515560795
-apo	0.0	1.0	0.0	0.0
-eda	0.0	1.0	0.0	0.0
-due	0.406896551724	0.220689655172	0.0	0.372413793103
-apu	0.0666666666667	0.866666666667	0.0666666666667	0.0
-nxu	0.569441169536	0.200660221646	0.194529592077	0.0353690167413
-dui	0.195652173913	0.565217391304	0.0434782608695	0.195652173913
-dun	0.221759973766	0.0797575950009	0.0233647292138	0.675117702019
-nun	0.012198468254	0.00733970797296	0.00595518539474	0.974506638378
-kee	0.295958279009	0.247718383312	0.335071707953	0.121251629726
-gbi	0.72268907563	0.193277310924	0.0840336134453	0.0
-sen	0.897571472492	0.0533864704864	0.00755128610442	0.0414907709175
-nfɛ	0.570652173913	0.346014492754	0.0724637681159	0.0108695652174
-anɛ	0.118072899986	0.686351707522	0.149244779318	0.0463306131733
-gbo	0.164679660738	0.0795799614067	0.394883148095	0.36085722976
-sun	0.478021978022	0.456043956044	0.0	0.0659340659341
-onɛ	0.105263157895	0.0701754385965	0.719298245614	0.105263157895
-die	0.0769359317714	0.834138139988	0.0640842133408	0.0248417148994
-din	0.641968774808	0.229161153744	0.0209050013231	0.107965070124
-son	0.0226159065209	0.968337730871	0.00226159065209	0.00678477195628
-ɛmɛ	0.0349081848883	0.745836858703	0.0421467138222	0.177108242587
-ɛfɛ	0.299546142209	0.21104387292	0.0741301059002	0.415279878971
-fen	0.689043394869	0.134020618557	0.0340445936226	0.142891392951
-feo	0.225900582058	0.192330617625	0.130154639994	0.451614160323
-ɛli	0.423277644351	0.526444706523	0.00859446993607	0.0416831791899
-uku	0.624781362752	0.208754398729	0.0616133869843	0.104850851535
-afu	0.175794698187	0.331750631168	0.461326600872	0.0311280697728
-afi	0.179050567595	0.288441692466	0.0727554179566	0.459752321981
-uka	0.0995391705069	0.715207373272	0.0497695852535	0.135483870968
-ihu	0.0858895705521	0.766871165644	0.0184049079755	0.128834355828
-afa	0.0809756097561	0.894634146341	0.0126829268293	0.0117073170732
-uki	0.0481248645133	0.929113375244	0.00455235204856	0.0182094081942
-afe	0.6616486872	0.149897395003	0.0503118263348	0.138142091462
-anu	0.610148514852	0.353010591757	0.011704658838	0.0251362345537
-efe	0.335917845507	0.447978836852	0.0234020114418	0.1927013062
-efa	0.099173553719	0.876033057851	0.0247933884298	0.0
-ɔni	0.100124087965	0.797060316329	0.0737473121034	0.0290682836028
-efi	0.116692356515	0.569135914408	0.296219058845	0.017952670233
-tie	0.19967853333	0.572664143814	0.152108642421	0.0755486804357
-nga	0.171055192548	0.778618100932	0.0313638259419	0.0189628805783
-nge	0.0930532928244	0.212452115715	0.378102387976	0.316392203484
-ini	0.286979814732	0.339975297326	0.0392263489217	0.333818539021
-ngi	0.159752341817	0.125070495976	0.18077646121	0.534400700997
-tin	0.586427326145	0.151869309744	0.055078452896	0.206624911216
-ngo	0.618558847682	0.0600657991486	0.0147579577798	0.30661739539
-uwe	0.0963855421687	0.867469879518	0.0120481927711	0.0240963855421
-ema	0.504538841848	0.277990934257	0.159557388315	0.05791283558
-alɛ	0.0987104596054	0.563363826739	0.308299349719	0.029626363937
-alɔ	0.0762237021386	0.0287705740578	0.018405928036	0.876599795768
-emi	0.0286195286195	0.957912457912	0.013468013468	0.0
-emu	0.0	0.992857142857	0.00714285714285	0.0
-uxa	0.681492109039	0.318507890961	0.0	0.0
-mɔɛ	0.528735632184	0.103448275862	0.195402298851	0.172413793103
-~yi	0.0518999073216	0.792400370714	0.0518999073216	0.103799814643
-nfa	0.432887206144	0.22892931982	0.253367244139	0.0848162298976
-ndɛ	0.145184629401	0.680422316308	0.126051771263	0.048341283027
-i~a	0.727272727273	0.218181818182	0.0	0.0545454545455
-iyɛ	0.0546392151483	0.872943510516	0.0395451011844	0.0328721731514
-ɛwa	0.381291172596	0.347167325428	0.247430830039	0.0241106719368
-eta	0.099441643193	0.868079433022	0.0120292310314	0.0204496927534
-eti	0.0630168964985	0.643931866835	0.0555688563163	0.23748238035
-eto	0.0205479452055	0.945205479452	0.0342465753425	0.0
-bui	0.119211043063	0.312049832247	0.0121715494077	0.556567575282
-bun	0.127248681326	0.244298562656	0.0427923657719	0.585660390246
-uya	0.17463686227	0.181637771837	0.244838896392	0.398886469502
-uye	0.0823641925734	0.463256435565	0.275458719815	0.178920652047
-oxi	0.576039802305	0.181379039152	0.0589212164478	0.183659942096
-bue	0.0454545454546	0.909090909091	0.0	0.0454545454546
-ate	0.143671465868	0.737262997721	0.0203893953812	0.0986761410299
-ata	0.511220413069	0.264055602852	0.104418780523	0.120305203556
-ato	0.666313180659	0.171436741892	0.0165264637895	0.14572361366
-ati	0.171612152742	0.527133679908	0.0735860141149	0.227668153235
-ose	0.232870822463	0.645683636735	0.0769555902115	0.044489950591
-ɔta	0.204975124378	0.408955223881	0.308457711443	0.0776119402985
-uli	0.196386353423	0.560596179022	0.0342831401695	0.208734327386
-osa	0.0	1.0	0.0	0.0
-kan	0.249682568474	0.0835298385634	0.0878831851986	0.578904407764
-ɔti	0.0576036866359	0.914746543779	0.0138248847926	0.0138248847926
-ula	0.300561321371	0.442245387425	0.218231638434	0.0389616527703
-ɛɛe	0.0294078587034	0.95163500924	0.0160406502019	0.00291648185488
-kae	0.0922549471	0.813203499513	0.0616742592844	0.0328672941024
-ule	0.301063452271	0.419737399407	0.228258754307	0.0509403940153
-osu	0.0307692307692	0.969230769231	0.0	0.0
-nie	0.0401163370369	0.879767268127	0.00651163731613	0.0736047575199
-ɛyɛ	0.0986591365809	0.89250571686	0.00883514655949	0.0
-nii	0.176361386139	0.665686881188	0.0951423267327	0.0628094059406
-nin	0.782052779075	0.052107659972	0.0196315973844	0.146207963568
-ulu	0.0223290324086	0.250758300474	0.00590307753331	0.721009589584
-itɛ	0.327586206897	0.534482758621	0.0689655172414	0.0689655172414
-nbi	0.219862545194	0.130379394084	0.0460354168703	0.603722643852
-nbe	0.153756143225	0.696700210625	0.141118652001	0.00842499414934
-ɛrɛ	0.479779100123	0.325035871841	0.0648128895366	0.130372138499
-nba	0.342432130904	0.603570100409	0.0334696913351	0.0205280773522
-nbu	0.802878598248	0.155819774718	0.00375469336671	0.0375469336671
-fie	0.0327807397534	0.804606797734	0.117919026991	0.0446934355215
-ilu	0.233636363636	0.691818181818	0.0272727272727	0.0472727272727
-ɔmu	0.0120481927711	0.89156626506	0.0361445783133	0.0602409638554
-ile	0.00429610046266	0.99272967614	0.0	0.00297422339722
-ila	0.123071037566	0.7907034463	0.0621476674775	0.0240778486569
-ilo	0.0847081064372	0.796870527373	0.0393793538287	0.0790420123611
-ili	0.273628257334	0.633191658231	0.0333775249956	0.0598025594396
-iga	0.772082554299	0.0903079857858	0.00576454124491	0.131844918671
-ige	0.260060433124	0.570134849257	0.0563511231037	0.113453594515
-nɔn	0.0704255470811	0.0701047829496	0.155677525127	0.703792144843
-eba	0.0	0.946141012621	0.00897649789642	0.0448824894821
-igi	0.0115962763962	0.905198936464	0.0568419899439	0.0263627971962
-amu	0.114611312862	0.852762318155	0.00698369039689	0.0256426785855
-ebe	0.0387577639752	0.907577639752	0.0536645962733	0.0
-abɛ	0.220200764217	0.663850565479	0.045769211962	0.0701794583418
-ami	0.0289764760866	0.942701355351	0.00411279015423	0.0242093784078
-oɲi	0.0	1.0	0.0	0.0
-amo	0.0	1.0	0.0	0.0
-ama	0.402251158131	0.334519819846	0.0403364251604	0.222892596862
-oɲa	0.181236673774	0.472281449893	0.172707889126	0.173773987207
-ebu	0.72319201995	0.187032418953	0.074812967581	0.0149625935162
-ɛte	0.120547945205	0.830136986301	0.0273972602739	0.0219178082192
-usi	0.0662840746054	0.850215208034	0.0723098995696	0.0111908177905
-ɛta	0.2	0.271428571429	0.4	0.128571428571
-ire	0.106457590456	0.239880253667	0.0127719578009	0.640890198076
-usa	0.323006677254	0.542595439553	0.121006497473	0.0133913857203
-ɲɔn	0.433888978799	0.2699465933	0.0951610292928	0.201003398608
-ira	0.431311954225	0.445266309885	0.0217484282784	0.101673307611
-use	0.168770628466	0.763176698765	0.0547824015788	0.0132702711899
-gui	0.331941544885	0.544885177453	0.0229645093946	0.100208768267
-iru	0.229580573951	0.676968359088	0.0110375275938	0.0824135393672
-usu	0.192897851819	0.728737395879	0.0723366944323	0.00602805786938
-ulo	0.0619469026549	0.920353982301	0.00884955752212	0.00884955752212
-iɲɛ	0.417125624385	0.35244196328	0.181772299181	0.048660113155
-osi	0.0280146163215	0.926309378806	0.00182704019488	0.0438489646772
-npo	0.583657587549	0.381322957198	0.0	0.0350194552529
-ɛsa	0.0348858647431	0.908812785914	0.0415403938559	0.0147609554867
-ɛse	0.0653594771241	0.921568627451	0.0	0.0130718954248
-xin	0.297524343039	0.206804294082	0.333776862423	0.161894500456
-ɛsi	0.0179461615154	0.898305084746	0.0478564307079	0.0358923230309
-nxɔ	0.678372591006	0.237259100642	0.0573875802998	0.0269807280514
-xie	0.142501064553	0.442998987742	0.157141915809	0.257358031897
-axu	0.396633170145	0.221678261616	0.334793438117	0.0468951301211
-axi	0.471749790034	0.193255652643	0.193542264998	0.141452292325
-sɛe	0.0722517730496	0.901152482269	0.00531914893618	0.0212765957447
-~ma	0.754716981132	0.169811320755	0.0566037735849	0.0188679245283
-axa	0.349978165486	0.0232412429576	0.0127719265228	0.614008665033
-iba	0.0531743274099	0.721843045766	0.169512558324	0.0554700685
-axɛ	0.196224580733	0.263676528932	0.0755194069203	0.464579483415
-owe	0.105882352941	0.811764705882	0.0235294117647	0.0588235294118
-ɛma	0.492418917797	0.364345826992	0.0902266662818	0.0530085889291
-agi	0.123997258821	0.29571110781	0.0811502850116	0.499141348357
-ago	0.29443709671	0.360346278706	0.0389964330087	0.306220191576
-ɛmu	0.413346290897	0.518950437318	0.0515063168125	0.0161969549725
-age	0.30752688172	0.52311827957	0.0258064516129	0.143548387097
-uha	0.0676445211389	0.930284728214	0.00207075064711	0.0
-one	0.0	0.825842696629	0.0955056179775	0.0786516853932
-~si	0.526315789474	0.276315789474	0.184210526316	0.0131578947368
-~se	0.453125	0.140625	0.3125	0.09375
-egi	0.0	1.0	0.0	0.0
-oni	0.486994441083	0.437799919818	0.0370609921785	0.0381446469206
-ana	0.514005633551	0.318496825539	0.0803675221318	0.0871300187785
-dan	0.0350259363251	0.123399800124	0.311378670347	0.530195593204
-nfe	0.429366690167	0.22201328774	0.0386307481808	0.309989273912
-ani	0.0288051216209	0.4406383579	0.0737737649287	0.45678275555
-daa	0.61532731782	0.317875713071	0.0429409087131	0.0238560603962
-ano	0.0444444444444	0.955555555556	0.0	0.0
-yɔn	0.017094017094	0.851851851852	0.017094017094	0.11396011396
-tan	0.495877527039	0.0612226533965	0.0137912001271	0.429108619437
-gɔn	0.0	0.928571428571	0.0	0.0714285714286
-tae	0.0793650793651	0.920634920635	0.0	0.0
-ngɛ	0.0640978511513	0.83823480266	0.0339371052368	0.0637302409518
-taa	0.0270331806995	0.877584505795	0.00990975688207	0.0854725566233
-yin	0.401816911251	0.486373165618	0.041928721174	0.0698812019567
-ɔnɔ	0.0503403774028	0.0271621021076	0.0216759589309	0.900821561559
-yie	0.0967529796984	0.72986779056	0.0966085535215	0.0767706762199
-ɔnɛ	0.0719654873123	0.708054561818	0.188801311841	0.0311786390292
-nnɛ	0.0620094792645	0.799885976532	0.110761603022	0.0273429411815
-afɛ	0.046997389034	0.843342036553	0.109660574413	0.0
-mie	0.210810810811	0.743243243243	0.00810810810811	0.0378378378378
-ɲɛn	0.13865076407	0.160454714871	0.138278046962	0.562616474096
-tɛe	0.0564405004685	0.47817340021	0.329438350879	0.135947748443
-enu	0.106727037516	0.197930142303	0.407503234153	0.287839586028
-ɔma	0.344688616776	0.149655820013	0.152728793442	0.352926769769
-tɛn	0.498919276183	0.441596255872	0.0401922080706	0.0192922598739
-ɲɛe	0.240766845221	0.663659430505	0.0515928954046	0.0439808288695
-min	0.547711984054	0.424217257703	0.0225894859231	0.00548127231957
-iya	0.285995981566	0.601190562494	0.0386259117377	0.074187544202
-eni	0.433150865398	0.41486229145	0.115677582001	0.0363092611511
-oee	0.152095913546	0.709569231754	0.0891882159701	0.0491466387307
-ɛlɛ	0.231030635888	0.633090191367	0.1056037072	0.0302754655454
-ene	0.0	1.0	0.0	0.0
-ɔfe	0.557775225084	0.317733296363	0.0647965987562	0.059694879796
-ena	0.0	1.0	0.0	0.0
