-ivs	0.558277170527	0.22141360367	0.122189499915	0.0981197258878
-ivt	0.221518987342	0.508438818565	0.118143459916	0.151898734177
-eus	0.00664451827242	0.985688729875	0.00460005111168	0.00306670074112
-iva	0.846636580331	0.0886561108187	0.0205833121388	0.0441239967114
-rba	0.0	0.958333333333	0.0416666666668	0.0
-700	0.014705882353	0.0	0.0	0.985294117647
-ive	0.427101200686	0.216123499142	0.16295025729	0.193825042882
-rbe	0.027633851468	0.967184801382	0.00518134715026	0.0
-rbi	0.460545193687	0.0714490674319	0.0360114777619	0.431994261119
-uft	0.0859716859717	0.746203346203	0.119948519948	0.0478764478765
-aus	0.116962645438	0.839559093693	0.0128597672994	0.0306184935701
-idé	0.22893258427	0.563202247191	0.0252808988764	0.182584269663
-rpå	0.319629277567	0.212511882129	0.425083174905	0.0427756653993
-ufa	0.0	1.0	0.0	0.0
-kyl	0.384615384615	0.615384615385	0.0	0.0
-aum	0.00813449023861	0.986984815618	0.0	0.00488069414316
-aul	0.0067330999192	0.979598707245	0.00121195798546	0.0124562348505
-bab	0.0392156862747	0.960784313725	0.0	0.0
-svi	0.0	1.0	0.0	0.0
-sva	0.0	1.0	0.0	0.0
-tít	0.0	0.6	0.0	0.4
-fon	0.0	0.897435897436	0.0	0.102564102564
-änj	0.0	1.0	0.0	0.0
-xla	0.857142857143	0.142857142857	0.0	0.0
-öje	0.295973884657	0.527747551687	0.104461371055	0.0718171926007
-öjd	0.464134056382	0.298706535498	0.174741379848	0.0624180282721
-öja	0.67870656061	0.243166227909	0.0391579622763	0.038969249205
-ivå	0.0	0.78	0.12	0.1
-öjt	0.546878610046	0.263897232106	0.101889931149	0.0873342266994
-öjs	0.710891089109	0.176237623762	0.0237623762376	0.0891089108911
-eck	0.268016560177	0.566426774141	0.116931631006	0.0486250346758
-siv	0.0	1.0	0.0	0.0
-rpa	0.183897734918	0.555954249832	0.241085445167	0.019062570083
-idd	0.1875	0.578125	0.203125	0.03125
-ide	0.5	0.5	0.0	0.0
-ida	0.405200327048	0.478759013196	0.0546195822698	0.0614210774856
-aär	0.121038564338	0.577319587629	0.294005345552	0.00763650248186
-ået	0.0671140939597	0.874720357942	0.0581655480984	0.0
-tla	0.428571428571	0.571428571429	0.0	0.0
-ids	0.0229719973117	0.962510767451	0.00746944883557	0.0070477864013
-uta	0.578834816784	0.286581237512	0.0546592466602	0.0799246990439
-ute	0.179533213645	0.35956513066	0.106523040096	0.354378615599
-såg	0.949782706112	0.0231418221033	0.0023417867695	0.0247336850154
-uti	0.0200585039699	0.388215628918	0.0877559548684	0.503969912244
-uts	0.38352553542	0.513673805601	0.0771004942339	0.0257001647446
-utt	0.349525404802	0.34617532105	0.0753768844221	0.228922389726
-såt	0.0769230769231	0.802044109736	0.0855298547606	0.0355029585799
-sås	0.745183887916	0.154991243433	0.0604203152364	0.0394045534151
-sår	0.344348779865	0.637578392453	0.0068431095107	0.0112297181714
-ufs	0.0	1.0	0.0	0.0
-mpt	0.259103831055	0.308379585759	0.40814945174	0.0243671314471
-nak	0.0	0.896551724138	0.0689655172414	0.0344827586207
-num	0.0	1.0	0.0	0.0
-lpå	0.0	1.0	0.0	0.0
-ija	0.0	1.0	0.0	0.0
-nan	0.0394428279097	0.373775592811	0.0619705527276	0.524811026552
-845	0.0	1.0	0.0	0.0
-840	0.0	0.5	0.0	0.5
-båd	0.5	0.5	0.0	0.0
-xes	0.0	0.666666666667	0.333333333333	0.0
-280	0.0	0.0	0.0	1.0
-iös	0.0634920634921	0.761904761905	0.174603174603	0.0
-288	0.0	0.0	0.111111111111	0.888888888889
--då	0.4	0.2	0.0	0.4
-lpt	0.808495320374	0.0487503856834	0.0162501285611	0.126504165381
-yas	0.808411214953	0.0654205607476	0.10046728972	0.0257009345794
-yar	0.0558231793709	0.922074241995	0.0136015868518	0.00850099178237
-oft	0.0620235620236	0.836105336105	0.101871101871	0.0
-mfa	0.497732893652	0.339962901896	0.0108202802968	0.151483924155
-lpa	0.536418115143	0.199487194776	0.045615813482	0.218478876599
-ofi	0.0454545454545	0.886363636364	0.0227272727273	0.0454545454545
-ofa	0.0	1.0	0.0	0.0
-067	0.0	0.2	0.0	0.8
-når	0.445051194539	0.306939704209	0.0910125142207	0.156996587031
-grå	0.0	0.326530612245	0.673469387755	0.0
-laf	0.0	1.0	0.0	0.0
-ujs	0.0	1.0	0.0	0.0
-fod	0.0	1.0	0.0	0.0
-667	0.0	0.2	0.0	0.8
-666	0.0	0.018018018018	0.0	0.981981981982
-add	0.272727272727	0.312252964427	0.0592885375494	0.355731225296
-ade	0.830956305585	0.0769512693301	0.030638643858	0.0614537812268
-lab	0.0	1.0	0.0	0.0
-ada	0.289668785229	0.349440740163	0.339184816892	0.0217056577153
-ado	0.0	1.0	0.0	0.0
-fog	0.2	0.8	0.0	0.0
-adi	0.0	0.8	0.2	0.0
-ads	0.0249017038008	0.938401048493	0.0183486238532	0.0183486238532
-aat	0.0	1.0	0.0	0.0
-sen	0.135215203504	0.615889222451	0.0497225189632	0.199173055082
-sem	0.0	1.0	0.0	0.0
-sel	0.0916960115299	0.789242129401	0.0894495613587	0.0296122977101
-sek	0.0	0.989547038328	0.0104529616725	0.0
-sei	0.666666666667	0.333333333333	0.0	0.0
-lbe	0.0903403021517	0.872424843583	0.0119029452159	0.0253319090493
-sef	0.00899994078986	0.975783054059	0.000710521641305	0.01450648351
-sed	0.111190053286	0.784369449378	0.0746003552398	0.0298401420959
-lba	0.0	1.0	0.0	0.0
-sea	0.0442571127503	0.86406743941	0.00632244467861	0.0853530031612
-fly	0.803860024287	0.130001411986	0.00696573363908	0.0591728300886
-aas	0.0	1.0	0.0	0.0
-sex	0.0170306709769	0.0571631317511	0.00662303871324	0.919183158559
-set	0.060859199628	0.857265061559	0.0559605737371	0.0259151650754
-ses	0.166832338539	0.747923757346	0.044525269923	0.0407186341919
-ser	0.564840540904	0.336533024027	0.0371826960548	0.0614437390144
-aam	0.0	1.0	0.0	0.0
-äns	0.110177618412	0.764686874583	0.0631149933289	0.0620205136758
-bli	0.860860888037	0.0240767265616	0.00758030199766	0.107482083403
-änt	0.812289048462	0.0833799389041	0.0438419403866	0.0604890722475
-oko	0.0	1.0	0.0	0.0
-aal	0.0	0.958868894602	0.0308483290489	0.0102827763496
-mts	0.289634146341	0.335365853659	0.271341463415	0.103658536585
-bla	0.494847905226	0.252329240452	0.15841920158	0.0944036527426
-for	0.895198449268	0.0349550351139	0.00908830912962	0.0607582064889
-äna	0.668873753775	0.242025634222	0.0244717101134	0.0646289018899
-fos	0.0	1.0	0.0	0.0
-yka	0.751357875679	0.201367934017	0.0231341782337	0.02414001207
-änd	0.546487255596	0.313825964626	0.0818073385806	0.0578794411972
-äng	0.220447485575	0.458657652814	0.220064098644	0.100830762967
-änk	0.551116030911	0.214507441678	0.0583097755176	0.176066751893
-mta	0.854805444796	0.0639809340483	0.00934964938815	0.0718639717678
-änn	0.393411479119	0.420041293693	0.139448669829	0.0470985573593
-los	0.0270857716101	0.969904698211	0.0010031767263	0.0020063534526
-aaj	0.0	1.0	0.0	0.0
-ra-	0.0	0.0	0.0	1.0
-zon	0.0	1.0	0.0	0.0
-adå	0.666666666667	0.333333333333	0.0	0.0
-ke-	0.0	0.666666666667	0.333333333333	0.0
-xor	0.0	1.0	0.0	0.0
-åts	0.308943089431	0.447154471545	0.146341463415	0.0975609756098
-ått	0.706080202533	0.107120800535	0.0398820609197	0.146916936013
-rav	0.143786401413	0.74203258949	0.0493946731235	0.0647863359728
-rat	0.597248532024	0.276392698621	0.0776028220477	0.0487559473072
-ers	0.0569192682145	0.816283147048	0.0261787671278	0.100618817609
-ert	0.109813367529	0.130881868751	0.130729374253	0.628575389467
-ras	0.171205138431	0.114560011127	0.0290163353007	0.685218515141
-ran	0.157952188626	0.731776006986	0.0454972164611	0.0647745879271
-rao	0.0102345415778	0.98592750533	0.00383795309168	0.0
-ral	0.0980622431005	0.635349383441	0.248972401644	0.0176159718145
-åta	0.696399680597	0.100194199014	0.0176206739865	0.185785446402
-raj	0.0186335403726	0.944099378882	0.0	0.0372670807453
-rak	0.123093687543	0.610112945624	0.0927269628627	0.17406640397
-ern	0.0244696181498	0.927564401373	0.0397658992207	0.0082000812562
-ero	0.545454545455	0.337662337662	0.0519480519481	0.0649350649351
-raf	0.0	1.0	0.0	0.0
-rag	0.363129814371	0.489013764364	0.0306225533527	0.117233867913
-rad	0.557629256835	0.268538490496	0.117626143377	0.0562061092911
-rab	0.0555555555556	0.722222222222	0.111111111111	0.111111111111
-ere	0.074619538537	0.285714285714	0.0373097692685	0.60235640648
-erg	0.0680170639301	0.920795918976	0.00223740341875	0.00894961367502
-ämn	0.147727272727	0.454545454545	0.25	0.147727272727
-blå	0.0	0.322658402204	0.677341597796	0.0
-ugg	0.652495285152	0.268308499961	0.0122288272987	0.0669673875881
-uga	0.510336281192	0.346363994818	0.0527234833549	0.0905762406354
-bom	0.0418848167539	0.738219895288	0.219895287958	0.0
-ugo	0.00439479948727	0.0216077641458	0.00842336568395	0.965574070683
-ugn	0.205069124424	0.660138248848	0.107142857143	0.0276497695853
-aza	0.0	1.0	0.0	0.0
-ike	0.0119094043541	0.945232943242	0.0336217878023	0.00923586460112
-ika	0.237388875055	0.199778613481	0.31718435608	0.245648155385
-iko	0.0	0.999346832136	0.0	0.000653167864141
-nor	0.0274590867144	0.936118930249	0.0202769443375	0.0161450386989
-nos	0.0477244772448	0.907011070111	0.00147601476015	0.0437884378844
-not	0.385321100917	0.559633027523	0.0550458715596	0.0
-iku	0.0	1.0	0.0	0.0
-ikt	0.221159603029	0.439538872355	0.0749009988114	0.264400525804
-nom	0.0155865390707	0.0516699428955	0.00171127916008	0.931032238874
-non	0.0	0.99375	0.00624999999999	0.0
-noa	0.0222816399287	0.974153297683	0.00356506238859	0.0
-nob	0.0	1.0	0.0	0.0
-nod	0.0	1.0	0.0	0.0
-nof	0.0	1.0	0.0	0.0
-nog	0.190945056243	0.190546485194	0.186531250923	0.431977207641
-pyr	0.153846153846	0.846153846154	0.0	0.0
-945	0.0	1.0	0.0	0.0
-dod	0.0443037974684	0.917721518987	0.0126582278481	0.0253164556962
-pya	0.0377358490566	0.962264150943	0.0	0.0
--ir	0.0	1.0	0.0	0.0
-tog	0.866971449061	0.0256439808679	0.00406589958829	0.103318670483
-vor	0.17762607757	0.752260045915	0.0497651011813	0.0203487753333
-tob	0.0	1.0	0.0	0.0
-myg	0.478873239437	0.323943661972	0.0845070422535	0.112676056338
-toa	0.0	1.0	0.0	0.0
-ton	0.0102515424774	0.173706691979	0.025059326056	0.790982439487
-tol	0.170318513804	0.79604206443	0.00909173561233	0.0245476861533
-tom	0.117014974397	0.149773301816	0.0759981465297	0.657213577256
-toj	0.0	1.0	0.0	0.0
-toi	0.0	1.0	0.0	0.0
-182	0.0	0.0	0.0	1.0
-tot	0.0	1.0	0.0	0.0
-tou	0.0	1.0	0.0	0.0
-tor	0.0474948877647	0.166376018698	0.66839148695	0.117737606587
-tos	0.0188613342648	0.973337990453	0.00780067528234	0.0
-dol	0.0	1.0	0.0	0.0
-rot	0.0818741050058	0.85164165935	0.0277017648516	0.0387824707922
-rov	0.531834765211	0.375661998352	0.0501353418854	0.042367894551
-äms	0.0601813685078	0.0502885408079	0.874690849134	0.0148392415499
-rop	0.272426039054	0.623030872412	0.0765895269939	0.02795356154
-iel	0.0200410060815	0.965976896652	0.00372855927098	0.0102535379952
-ror	0.538708546897	0.408307376723	0.0174016329289	0.0355824434516
-ien	0.00415410931009	0.981387961228	0.0107925388939	0.00366539056773
-186	0.0	0.0	0.0	1.0
-apå	0.37106918239	0.477987421384	0.0377358490566	0.11320754717
-187	0.0	0.0	0.0	1.0
-rod	0.0	1.0	0.0	0.0
-roe	0.0	1.0	0.0	0.0
-rof	0.481481481481	0.481481481482	0.037037037037	0.0
-rog	0.851333032083	0.047834226325	0.0166548318378	0.084177909754
-roa	0.479901558655	0.318908941756	0.170734208368	0.0304552912223
-rom	0.03995621237	0.765736179529	0.176792556103	0.0175150519978
-ron	0.061450568283	0.910984908073	0.00834224089794	0.0192222827459
-ier	0.106465245099	0.746976196624	0.114017278056	0.0325412802207
-iet	0.0233777478474	0.78397229304	0.187743518207	0.00490644090625
-rok	0.0290803645402	0.856752278376	0.0592377796189	0.0549295774648
-vsa	0.0	1.0	0.0	0.0
-lft	0.024	0.928	0.0	0.0480000000001
-sau	0.0152866242038	0.982165605096	0.0	0.00254777070064
-tia	0.0232558139535	0.93023255814	0.0286225402505	0.0178890876565
-ols	0.0	1.0	0.0	0.0
-eel	0.0	1.0	0.0	0.0
-ddo	0.0	1.0	0.0	0.0
-276	0.0	0.0769230769231	0.0	0.923076923077
-273	0.153846153846	0.0	0.0	0.846153846154
-ngi	0.337662337662	0.532467532468	0.051948051948	0.0779220779221
-hys	0.0	1.0	0.0	0.0
-aän	0.0	0.0	0.6	0.4
-sag	0.133333333333	0.866666666667	0.0	0.0
-tik	0.41802743305	0.363161332462	0.088177661659	0.130633572828
-fst	0.216949152542	0.701694915254	0.0610169491525	0.0203389830508
-lek	0.140310860569	0.818480019985	0.0265024384416	0.014706681004
-ois	0.0	1.0	0.0	0.0
-lem	0.0078872263406	0.978250533739	0.00429857092056	0.00956366899962
-len	0.0261769986727	0.913967816676	0.0408893145697	0.0189658700818
-lea	0.0161943319838	0.97975708502	0.0	0.00404858299595
-leb	0.0	1.0	0.0	0.0
-yte	0.163392659331	0.738387120597	0.070895797947	0.0273244221254
-led	0.396048981047	0.425564630247	0.127355179445	0.0510312092613
-lef	0.0	1.0	0.0	0.0
-yta	0.717293161579	0.187404787666	0.041417925847	0.0538841249078
-mut	0.0	1.0	0.0	0.0
-fsa	0.222222222222	0.777777777778	0.0	0.0
-oia	0.0916030534351	0.832061068702	0.0127226463104	0.0636132315521
-mur	0.02154626109	0.948035487959	0.0228136882129	0.00760456273763
-ler	0.197497688394	0.0843850624424	0.0315630762255	0.686554172938
-les	0.408541358615	0.214142819866	0.0728885796295	0.304427241889
-let	0.114002107102	0.666639003785	0.0292373040026	0.19012158511
-yts	0.687840290381	0.0471869328493	0.181488203267	0.0834845735027
-lev	0.860315727056	0.0211634425708	0.013755023176	0.104765807198
-spå	0.325769854133	0.57698541329	0.0291734197731	0.0680713128039
-ole	0.0	1.0	0.0	0.0
-spö	0.142857142857	0.801242236025	0.0447204968944	0.0111801242236
-470	0.0	0.0	0.0	1.0
-ls-	0.333333333333	0.666666666667	0.0	0.0
-655	0.0	0.2	0.0	0.8
-120	0.0125786163522	0.182389937107	0.0	0.805031446541
-650	0.0	0.0	0.0	1.0
-123	0.0	0.0666666666667	0.0	0.933333333333
-128	0.0	0.0	0.0	1.0
-hmi	0.0	1.0	0.0	0.0
-äm-	0.25	0.75	0.0	0.0
-yft	0.757729564185	0.129230398651	0.0867156449476	0.0263243922162
-jke	0.0384812724474	0.841457157517	0.104669061057	0.015392508979
-lst	0.637096774194	0.131755341433	0.0480728948471	0.183074989527
-pel	0.0932672639757	0.793993417975	0.0350448535375	0.0776944645116
-pen	0.129595693056	0.762627810696	0.0630971733686	0.0446793228791
-ogt	0.0	0.0	1.0	0.0
-rpt	0.0963944076527	0.0890360559234	0.774834437086	0.0397350993377
-pet	0.109627385159	0.725600741697	0.0476524190915	0.117119454052
-lsa	0.466493281318	0.489409044936	0.0104609160526	0.033636757694
-pep	0.8	0.2	0.0	0.0
-per	0.525901320798	0.326030193826	0.0681852740484	0.0798832113272
-lse	0.246419824899	0.662798812248	0.0543661137595	0.0364152490931
-oga	0.272285251216	0.407108665335	0.102823112585	0.217782970864
-lsk	0.0911776036985	0.473481443431	0.37036085784	0.0649800950302
-oge	0.063405261602	0.936594738398	0.0	0.0
-eja	0.43730782371	0.539631021524	0.0	0.023061154766
-ess	0.0474669253541	0.084932010905	0.0094331733262	0.858167890415
-itt	0.0343069004079	0.0768600598702	0.0470090277014	0.84182401202
-itu	0.273056057866	0.566003616636	0.0162748643761	0.144665461121
-ter	0.288599643075	0.384947636903	0.0381849653608	0.288267754661
-esu	0.00199512303259	0.97176346708	0.0064841498559	0.019757260031
-est	0.217420730805	0.522430604756	0.157950842406	0.102197822032
-esk	0.054347826087	0.802536231884	0.143115942029	0.0
-jan	0.164121719261	0.720210551576	0.0534569376118	0.0622107915508
-720	0.0	0.285714285714	0.0	0.714285714286
-tes	0.596123557265	0.223668062822	0.134696696428	0.0455116834851
-725	0.0	1.0	0.0	0.0
-ejd	0.568358076667	0.424163527587	0.00747839574563	0.0
-esa	0.644602641767	0.255688029736	0.0198068192049	0.0799025092925
-ite	0.0795245358439	0.100247199285	0.570872560879	0.249355703992
-xna	0.155677655678	0.220390720391	0.607448107448	0.0164835164835
-ese	0.833333333333	0.0	0.0	0.166666666667
-ita	0.209316370862	0.284407125277	0.483157669154	0.0231188347068
-uds	0.00727043249731	0.666522921386	0.0108440074173	0.315362638699
-män	0.0502457772466	0.851882679909	0.026855119402	0.0710164234423
-spe	0.0869565217391	0.913043478261	0.0	0.0
-fad	0.389335216739	0.301050587093	0.254877725788	0.0547364703805
-faj	0.0	1.0	0.0	0.0
-fak	0.0	1.0	0.0	0.0
-fan	0.044776119403	0.932835820895	0.0223880597015	0.0
-fal	0.0	1.0	0.0	0.0
-fam	0.0	1.0	0.0	0.0
-far	0.114482192475	0.860764481076	0.00923005393009	0.0155232725188
-fas	0.188839995433	0.748184061904	0.0163368554188	0.0466390872441
-uda	0.0630772934573	0.931375708374	0.00285274191516	0.0026942562532
-udd	0.116937469227	0.816592811423	0.0590841949778	0.00738552437223
-ude	0.04968038578	0.801727038242	0.137826623304	0.0107659526747
-mär	0.0	0.0	1.0	0.0
-spy	0.987120428692	0.0128795713077	0.0	0.0
-udi	0.0	1.0	0.0	0.0
-mät	0.734761120264	0.220757825371	0.00988467874794	0.0345963756178
-mgå	0.548172757475	0.34219269103	0.0498338870432	0.0598006644518
-ael	0.00150540062474	0.993413872267	0.00376350156186	0.00131722554665
-aen	0.0	0.985472154964	0.0	0.0145278450363
-ock	0.197636880165	0.529119318182	0.065340909091	0.207902892562
-iår	0.0	1.0	0.0	0.0
-tna	0.494728150862	0.378711963904	0.0968657312831	0.0296941539518
-kre	0.312101910828	0.114649681529	0.573248407643	0.0
-tne	0.174330469934	0.806215260232	0.00808489135928	0.011369378474
-kra	0.212997572468	0.164139284793	0.546487427028	0.0763757157109
-tni	0.0	1.0	0.0	0.0
-teg	0.767380935174	0.0821890583219	0.0793524607935	0.0710775457108
-kri	0.266666666667	0.733333333333	0.0	0.0
-vna	0.587564289361	0.212811795619	0.145079139737	0.054544775283
-vne	0.146417445483	0.557632398754	0.158878504673	0.13707165109
-kry	0.0	0.964285714286	0.0357142857143	0.0
-eas	0.000823384108687	0.997529847674	0.000823384108687	0.000823384108686
-ear	0.0	1.0	0.0	0.0
-rns	0.0521574059264	0.878569771895	0.027903806592	0.041369015587
-eat	0.0	1.0	0.0	0.0
-rne	0.18006993007	0.65034965035	0.148601398601	0.020979020979
-ead	0.0	0.990860624524	0.004569687738	0.00456968773802
-rna	0.0677012306836	0.860053530908	0.038395237371	0.0338500010376
-eai	0.0224719101123	0.977528089888	0.0	0.0
-052	0.0	0.2	0.0	0.8
-eam	0.0364440699389	0.961659995787	0.00189593427428	0.0
-eal	0.0	1.0	0.0	0.0
-rni	0.0	1.0	0.0	0.0
-ean	0.0	1.0	0.0	0.0
-uri	0.0	1.0	0.0	0.0
-ura	0.632005076698	0.220026696427	0.114882163723	0.0330860631523
-klä	0.675479437699	0.208048265641	0.0706618560714	0.0458104405886
-tpå	0.150083379655	0.446914952751	0.244580322401	0.158421345192
-urs	0.212604128939	0.744657732706	0.0210068815646	0.021731256791
-urt	0.0402975821451	0.477991320521	0.461252324861	0.0204587724736
-sjö	0.210309278351	0.684536082474	0.0618556701031	0.0432989690722
-kaj	0.0	1.0	0.0	0.0
-rn-	1.0	0.0	0.0	0.0
-lån	0.878467635403	0.108322324967	0.0132100396301	0.0
-ldé	0.0	0.5	0.5	0.0
-låg	0.797249973144	0.0381781072081	0.0372113008916	0.127360618756
-nn-	0.0	0.25	0.75	0.0
-lår	0.576764389103	0.257586510567	0.0418180437721	0.123831056558
-lås	0.538994800693	0.294627383016	0.0675909878683	0.098786828423
-låt	0.745957420992	0.0932549561109	0.0198089003674	0.140978722529
-arv	0.181063933626	0.762567105905	0.0139092240117	0.0424597364568
-iha	0.0	1.0	0.0	0.0
-arr	0.51397326853	0.369987849332	0.107533414338	0.00850546780072
-nns	0.713652364507	0.0494132694538	0.0188516276861	0.218082738353
-nnu	0.117538283507	0.0298768978266	0.0517098787744	0.800874939892
-nni	0.0	1.0	0.0	0.0
-ihu	0.0277777777778	0.958333333333	0.0	0.0138888888889
-nna	0.320965187863	0.28351861041	0.0689548735608	0.326561328166
-kla	0.352506162695	0.426047658176	0.190632703369	0.0308134757601
-nne	0.0661536267574	0.150584495287	0.0337998038351	0.749462074121
-lót	0.0	1.0	0.0	0.0
-påt	0.111111111111	0.206349206349	0.015873015873	0.666666666667
-pår	0.192968111202	0.628781684383	0.0466067048242	0.131643499591
-kut	0.263157894737	0.684210526316	0.0526315789474	0.0
-260	0.015873015873	0.0952380952381	0.031746031746	0.857142857143
-ygs	0.107142857143	0.138392857143	0.683035714286	0.0714285714286
-ygt	0.364312267658	0.334572490706	0.0	0.301115241636
-mda	0.659006608306	0.198425330014	0.0829175846727	0.0596504770066
-mde	0.807738806167	0.136830187941	0.0273148388559	0.0281161670366
-yga	0.588100311424	0.294869693493	0.0608097033273	0.0562202917554
-ygg	0.344268129775	0.45641874246	0.117775939134	0.0815371886311
-ygd	0.159045725646	0.708946322068	0.104572564612	0.0274353876739
-lre	0.216230936819	0.10552832244	0.0555555555556	0.622685185185
-lra	0.0569382884418	0.3356063189	0.365155131265	0.242300261393
-ygn	0.29358974359	0.607692307692	0.0230769230769	0.075641025641
-frö	0.0787696924231	0.894973743436	0.0180045011253	0.00825206301575
-vre	0.0597032539078	0.387196790078	0.531696902726	0.0214030532877
-vra	0.583333333333	0.25	0.125	0.0416666666667
-000	0.0147591200223	0.0161514898357	0.00250626566416	0.966583124478
-005	0.0	1.0	0.0	0.0
-392	0.0	0.0	0.0	1.0
-hjo	0.0	1.0	0.0	0.0
-tyv	0.25	0.25	0.25	0.25
-137	0.0	0.0	0.0	1.0
-642	0.0	0.0588235294117	0.0	0.941176470588
-133	0.0	0.0	0.0	1.0
-130	0.0	0.0	0.0	1.0
-648	0.0	0.2	0.0	0.8
-139	0.0	0.2	0.0	0.8
-138	0.0	0.428571428571	0.0	0.571428571429
-amé	0.0	1.0	0.0	0.0
-ajo	0.0	1.0	0.0	0.0
-nót	0.076923076923	0.769230769231	0.153846153846	0.0
-dpå	0.198237885463	0.140969162996	0.555066079295	0.105726872247
-aja	0.0167212347989	0.97696445276	0.000701590271281	0.00561272217025
-ajs	0.00727994705494	0.978821972204	0.00992720052945	0.00397088021178
-mra	0.493	0.372	0.12	0.015
-fru	0.0173076923077	0.879524886878	0.0780542986425	0.025113122172
-mre	0.0755547405098	0.272510544654	0.627727856226	0.0242068586099
-mri	0.020942408377	0.979057591623	0.0	0.0
-lda	0.447901043986	0.196802574227	0.306008043728	0.0492883380592
-lde	0.764052586271	0.153284516383	0.033211822346	0.0494510750003
-oja	0.143449155244	0.674848581447	0.172138986293	0.00956327701626
-sga	0.0	1.0	0.0	0.0
-fra	0.604110393423	0.345390487375	0.00916030534351	0.0413388138579
-bry	0.637703566715	0.246594942277	0.0780312381212	0.0376702528861
-736	0.0	0.0	0.0	1.0
-730	0.0	0.0	0.0	1.0
-fri	0.210955493308	0.24475568005	0.467973856209	0.0763149704326
-nks	0.263157894737	0.421052631579	0.315789473684	0.0
-tim	0.027027027027	0.972972972973	0.0	0.0
-bja	0.0	1.0	0.0	0.0
-nít	0.333333333333	0.666666666667	0.0	0.0
-usk	0.0470219435737	0.445141065831	0.507836990596	0.0
-usi	0.0	1.0	0.0	0.0
-ush	0.0	1.0	0.0	0.0
-usa	0.151713512521	0.506302437155	0.306779809849	0.0352042404745
-mót	0.111111111111	0.777777777778	0.0	0.111111111111
-tså	0.146200790392	0.0558434262209	0.0196995160719	0.778256267315
-epa	0.463414634146	0.463414634146	0.0731707317073	0.0
-ept	0.793650793651	0.142857142857	0.047619047619	0.015873015873
-eps	0.662665360118	0.104850563449	0.0901518863302	0.142332190103
-epp	0.258883667244	0.660263280842	0.0514469453376	0.0294061065765
-bén	0.25	0.75	0.0	0.0
-kså	0.0411435157029	0.0199329856782	0.0295962574926	0.909327241126
-ius	0.0192186864767	0.969767527812	0.00591344199283	0.00510034371881
-års	0.122355105796	0.861085556578	0.00275988960442	0.0137994480221
-årt	0.109698238828	0.108475000801	0.148040926049	0.633785834321
-åri	0.146017699115	0.765486725664	0.0884955752212	0.0
-ium	0.0236364645176	0.778449758642	0.194418243356	0.00349553348499
-åra	0.0417515963779	0.0568878747429	0.0523106894188	0.84904983946
-ård	0.0556561182569	0.802798692102	0.115012073435	0.0265331162061
-åre	0.0847750865052	0.618512110727	0.267012687428	0.0297001153402
-måt	0.41918294849	0.373001776199	0.0346358792185	0.173179396092
-mår	0.182668329177	0.156172069825	0.445137157107	0.21602244389
-uel	0.00403316155053	0.993950257674	0.00201658077526	0.0
-rmå	0.639097744361	0.0601503759398	0.203007518797	0.0977443609022
-mål	0.133096388442	0.732326317543	0.101719701598	0.0328575924178
-mån	0.243166823751	0.587181903864	0.118755890669	0.0508953817154
-ta-	0.555555555556	0.444444444444	0.0	0.0
-tsa	0.465843621399	0.319067215363	0.132784636488	0.0823045267489
-tse	0.85693323551	0.0726338958181	0.0616287600881	0.008804108584
-päd	0.0833333333333	0.916666666667	0.0	0.0
-en-	0.272727272727	0.337662337662	0.233766233766	0.155844155844
-tal	0.170202384408	0.704139877225	0.0733917042996	0.0522660340672
-tam	0.02919046324	0.957302148491	0.00190372586348	0.0116036624059
-tan	0.050910231709	0.244303166986	0.0220101039365	0.682776497369
-tai	0.0	1.0	0.0	0.0
-taj	0.0451127819549	0.93984962406	0.0	0.0150375939849
-tak	0.0796731358529	0.838610827375	0.0	0.0817160367722
-tad	0.267522182481	0.645121935986	0.0592296193898	0.0281262621426
-tag	0.586413648549	0.245616653916	0.0372685487532	0.130701148782
-gna	0.295801867947	0.205215009254	0.409148395626	0.0898347271735
-erk	0.136996464889	0.774058394798	0.049229694933	0.0397154453804
-ts-	0.2	0.8	0.0	0.0
-tat	0.607430859356	0.26399846916	0.0750410541932	0.0535296172911
-tav	0.0693188667872	0.894514767933	0.0235081374322	0.0126582278481
-tar	0.523700955963	0.305887373338	0.0572846929291	0.11312697777
-tas	0.683432938892	0.210536838743	0.0445528199238	0.0614774024411
-rms	0.363636363636	0.454545454545	0.181818181818	0.0
-rmt	0.347826086957	0.0724637681159	0.550724637681	0.0289855072464
-ent	0.0959390581389	0.18472309145	0.60746363875	0.111874211661
-ens	0.0688423109332	0.736421014302	0.0568759735747	0.13786070119
-yrt	0.477551020408	0.481632653061	0.0326530612245	0.00816326530612
-enn	0.0	1.0	0.0	0.0
-rma	0.228290436447	0.599998313083	0.0907898565699	0.0809213938993
-eni	0.0579710144928	0.772946859903	0.0096618357488	0.159420289855
-rme	0.341935483871	0.561290322581	0.0387096774194	0.058064516129
-ene	0.0309194102941	0.345443111213	0.127697164515	0.495940313978
-éer	0.0855673889093	0.727873668748	0.146896804994	0.0396621373485
-ena	0.220786944092	0.331992665814	0.331634884238	0.115585505856
-öse	0.182949189391	0.311468253441	0.463553689335	0.042028867833
-ösa	0.178738827724	0.23579855941	0.527524541281	0.0579380715849
-mså	0.333333333333	0.333333333333	0.222222222222	0.111111111111
-het	0.0930427407961	0.694204232039	0.115557405095	0.0971956220702
-her	0.0392156862745	0.960784313725	0.0	0.0
-hes	0.0	0.94	0.0	0.06
-öst	0.101187224329	0.826332406187	0.0438712723633	0.028609097121
-hem	0.0929386186035	0.780359843711	0.0120052936728	0.114696244013
-hen	0.0032362459547	0.996763754045	0.0	0.0
-815	0.0	0.0	0.0	1.0
-öss	0.26825633383	0.687034277198	0.0447093889717	0.0
-818	0.0	0.0	0.0	1.0
-hef	0.0733944954128	0.596330275229	0.330275229358	0.0
-heb	0.0	1.0	0.0	0.0
-rys	0.333333333333	0.333333333333	0.0	0.333333333333
-iom	0.0	1.0	0.0	0.0
-fik	0.0	1.0	0.0	0.0
-nst	0.251855845722	0.562341961141	0.110492614713	0.0753095784242
-oim	0.0	1.0	0.0	0.0
-nse	0.744939271255	0.113244650087	0.0994794679005	0.0423366107576
-nsa	0.523276263862	0.367468252474	0.056352828416	0.0529026552476
-put	0.666666666667	0.333333333333	0.0	0.0
-naj	0.0	0.965714285714	0.0342857142857	0.0
-fil	0.398496240602	0.503759398496	0.0751879699248	0.0225563909775
-pur	0.0192513368984	0.0491978609626	0.927272727273	0.00427807486631
-pus	0.0	1.0	0.0	0.0
-250	0.0	0.086956521739	0.0	0.913043478261
-fim	0.0	1.0	0.0	0.0
-254	0.0	0.142857142857	0.0	0.857142857143
-läd	0.479088361338	0.330027537458	0.156736677017	0.0341474241866
-pua	0.0	1.0	0.0	0.0
-läs	0.536661466459	0.130265210608	0.0920436817473	0.241029641186
-lär	0.72682517269	0.16521963134	0.0495649353127	0.0583902606572
-läp	0.222222222222	0.388888888889	0.277777777778	0.111111111111
-lät	0.69771397604	0.0752472398832	0.0117387581221	0.215300025955
-ish	0.0556844547564	0.883990719258	0.0603248259861	0.0
-dså	0.742857142857	0.142857142857	0.057142857143	0.0571428571428
-laj	0.0227272727273	0.954545454545	0.0227272727273	0.0
-ded	0.333333333333	0.666666666667	0.0	0.0
-mse	0.15873015873	0.587301587302	0.18253968254	0.0714285714286
-deg	0.0299579537491	0.943763139453	0.0241765942537	0.0021023125438
-msk	0.354838709677	0.177419354839	0.370967741935	0.0967741935484
-okt	0.126939351199	0.186882933709	0.135401974612	0.55077574048
-msi	0.0	1.0	0.0	0.0
-dek	0.0168514412417	0.963192904656	0.0152993348115	0.00465631929046
-del	0.109355406096	0.476369815921	0.136381268253	0.277893509729
-dem	0.00686777224563	0.0494415796525	0.000600955575008	0.943089692527
-den	0.0330652539015	0.383263403581	0.0109065774054	0.572764765113
-gde	0.701065119748	0.234208425194	0.0274528581214	0.037273596937
-ryn	0.0	0.857142857143	0.142857142857	0.0
-der	0.173940912884	0.638807074037	0.0342939899536	0.152958023125
-des	0.560654366247	0.317791063971	0.0546768751757	0.0668776946056
-det	0.032583332287	0.141528124793	0.00685217463349	0.819036368287
-nad	0.413547166701	0.430591630298	0.106671116723	0.0491900862775
-mst	0.452841733073	0.23981397319	0.0972316598568	0.21011263388
-oke	0.111111111111	0.0740740740742	0.814814814815	0.0
-oka	0.0860335548938	0.179201930333	0.702501931688	0.0322625830852
-bit	0.177830729856	0.657929573736	0.0529520783691	0.111287618039
-bir	0.0	1.0	0.0	0.0
-bis	0.0	1.0	0.0	0.0
-ds-	0.0	0.801606046292	0.171941426547	0.0264525271611
-eså	0.702702702703	0.108108108108	0.108108108108	0.081081081081
-äck	0.277565282252	0.626587519175	0.0757080984845	0.0201391000895
-bib	0.0	0.866666666667	0.0666666666667	0.0666666666667
-bia	0.0	1.0	0.0	0.0
-bin	0.0689655172413	0.896551724138	0.0	0.0344827586207
-nså	0.294268605646	0.603079555175	0.0513259195893	0.0513259195893
-bil	0.0	1.0	0.0	0.0
-bim	0.0	1.0	0.0	0.0
-100	0.0	0.00331674958542	0.0398009950248	0.95688225539
-105	0.25	0.0	0.0	0.75
-ypa	0.697536945813	0.255172413793	0.023645320197	0.023645320197
-108	0.0	0.2	0.0	0.8
-rra	0.129990828493	0.531458269642	0.301070009171	0.0374808926934
-ms-	0.0	1.0	0.0	0.0
-jin	0.0	1.0	0.0	0.0
-met	0.0534185854236	0.866196441645	0.0425063396312	0.0378786333004
-jil	0.0	1.0	0.0	0.0
-jim	0.0	0.995260663507	0.00473933649288	0.0
-rre	0.0242626441527	0.840335712009	0.0932208781119	0.042180765726
-mes	0.0	0.88529993408	0.0949241924852	0.0197758734344
-mer	0.435107630273	0.063918517503	0.0830340793666	0.417939772857
-lur	0.185185185185	0.777777777778	0.037037037037	0.0
-lus	0.0156734616568	0.941212680825	0.00208348130786	0.0410303762104
-lut	0.285573200389	0.424644574161	0.0531984167594	0.236583808691
-med	0.0283705676623	0.00992752872714	0.0036579630516	0.958043940559
-034	0.0	0.0	0.0	1.0
-luk	0.0	1.0	0.0	0.0
-mea	0.0	1.0	0.0	0.0
-lum	0.0	1.0	0.0	0.0
-mel	0.0427449651028	0.917435580714	0.0193408777461	0.0204785764371
-ydd	0.295555555556	0.571111111111	0.0566666666667	0.0766666666667
-men	0.0246293672593	0.0778280573747	0.00618355497473	0.891359020391
-lud	0.0	1.0	0.0	0.0
-mek	0.0131578947368	0.986842105263	0.0	0.0
-yda	0.514288231113	0.275774277957	0.0881482835286	0.121789207402
-åss	0.434782608696	0.391304347826	0.0869565217391	0.0869565217391
-åst	0.602172437203	0.190767141887	0.154107264087	0.0529531568228
-åsk	0.0397623400365	0.883912248629	0.0274223034735	0.048903107861
-åsa	0.713858883015	0.268673868076	0.0091932888991	0.00827396000919
-743	0.0	0.636363636363	0.0	0.363636363637
-745	0.2	0.0	0.0	0.8
-åse	0.0747663551401	0.922118380062	0.0	0.0031152647975
-sro	0.0	0.7	0.2	0.1
-yxa	0.0	0.916666666667	0.0833333333333	0.0
-sri	0.0	1.0	0.0	0.0
-ubs	0.0	1.0	0.0	0.0
-sra	0.0	0.994219653179	0.0	0.0057803468208
-ifs	0.0	1.0	0.0	0.0
-ägg	0.504107485605	0.330057581574	0.0867562380038	0.0790786948176
-ågs	0.608307045216	0.219242902208	0.110410094637	0.062039957939
-360	0.0	0.0	0.0	1.0
-yns	0.484014209591	0.305506216696	0.122557726465	0.0879218472469
-brå	0.633451957295	0.281138790036	0.0320284697509	0.0533807829181
-oan	0.0	1.0	0.0	0.0
-gig	0.152597402597	0.0584415584416	0.788961038961	0.0
-365	0.0	0.0	0.0	1.0
-aki	0.0	1.0	0.0	0.0
-tja	0.362724392819	0.561246040127	0.0253431890179	0.0506863780359
-ake	0.0152174831974	0.945470685209	0.0393118315932	0.0
-aka	0.344534567722	0.128694709892	0.0338039075772	0.492966814808
-mod	0.171805590045	0.526722401567	0.22752669481	0.0739453135778
-akt	0.12987547575	0.743536172317	0.0630406168458	0.0635477350876
-aks	0.00583127337263	0.981492045383	0.0126766812448	0.0
-yll	0.467948343365	0.464968152866	0.0278151113189	0.0392683924502
-öns	0.132579650565	0.622816032888	0.199383350462	0.0452209660843
-gom	0.415954415954	0.417378917379	0.0726495726496	0.0940170940171
-gol	0.699972550096	0.25720559978	0.00164699423552	0.041174855888
-önt	0.274102896671	0.190661478599	0.52485948984	0.0103761348898
-goa	0.0	1.0	0.0	0.0
-zzi	0.0	1.0	0.0	0.0
-gob	0.0	1.0	0.0	0.0
-god	0.045093500741	0.0800404087501	0.804428310548	0.070437779961
-hår	0.0137563789661	0.968937208786	0.0137563789661	0.00355003328156
-oab	0.0117708605807	0.988229139419	0.0	0.0
-hål	0.407258064516	0.556451612903	0.0241935483871	0.0120967741935
-hån	0.293739967897	0.619582664526	0.0529695024077	0.0337078651686
-öng	0.827865360034	0.158074137196	0.0115040477205	0.002556455049
-mon	0.011275240059	0.979661919232	0.00498456239014	0.00407827831921
-vla	0.423076923077	0.408958130477	0.14605647517	0.0219084712756
-gos	0.0	1.0	0.0	0.0
-gor	0.13511747415	0.765203945474	0.0625908679779	0.0370877123975
-got	0.0724646632771	0.458461741848	0.0235361429333	0.445537451942
-ixt	0.0932038834951	0.885436893204	0.0	0.021359223301
-mok	0.0	0.0	0.0	1.0
-eos	0.0198735320687	0.904787714544	0.00722673893405	0.0681120144535
-eor	0.0	1.0	0.0	0.0
-eon	0.0100358422939	0.987813620072	0.0	0.00215053763441
-eom	0.0	1.0	0.0	0.0
-eol	0.0	0.867125984252	0.124015748031	0.00885826771653
-rld	0.0516761749191	0.890061471005	0.0220383687155	0.03622398536
-188	0.0	0.428571428571	0.0	0.571428571429
-rla	0.0	0.9792147806	0.0207852193995	0.0
-upt	0.160123511248	0.065725628584	0.501543890604	0.272606969563
-upp	0.0912398232984	0.0323690178701	0.00770493288616	0.868686225945
-roi	0.4	0.5	0.0	0.0999999999999
-öms	0.546037562987	0.258818140174	0.145671094824	0.0494732020156
-upe	0.0593765462642	0.881246907472	0.0519544779812	0.00742206828302
-upa	0.209123222749	0.284360189573	0.344786729858	0.16172985782
-oas	0.071530007829	0.915823051623	0.0106071114271	0.0020398291206
-vrå	0.213675213675	0.404558404558	0.111111111111	0.270655270655
-pts	0.643933955492	0.287150035894	0.0516870064609	0.0172290021536
-dån	0.103101424979	0.836546521375	0.0502933780385	0.0100586756077
-ofs	0.0625	0.9375	0.0	0.0
-pte	0.798127403444	0.0961043303796	0.0607590703896	0.0450091957866
-dåt	0.4	0.4	0.0666666666666	0.133333333333
-pta	0.81505568653	0.152507926185	0.0240224372002	0.00841395008536
-tre	0.0206106883034	0.0568987179337	0.173547799452	0.748942794311
-gad	0.40379443548	0.270549117403	0.273825240819	0.051831206298
-tra	0.324331844343	0.42051616669	0.20608938784	0.0490626011269
-gab	0.0	1.0	0.0	0.0
-gan	0.18045679877	0.758898629133	0.0279011807915	0.0327433913046
-tro	0.368729753222	0.575517004541	0.0128100415179	0.0429432007192
-gal	0.505714285714	0.477142857143	0.00285714285714	0.0142857142857
-tri	0.0	1.0	0.0	0.0
-gaj	0.0	1.0	0.0	0.0
-gai	0.0851063829787	0.787234042553	0.0	0.127659574468
-tru	0.0171093510699	0.967269067518	0.00827024898263	0.007351332429
-gav	0.8312960183	0.0373877504739	0.00850421883203	0.122812012394
-gat	0.524809200723	0.265000266852	0.165240772634	0.0449497597907
-gas	0.371955072392	0.326128245707	0.255800061656	0.0461166202449
-gar	0.150534518243	0.780625746859	0.0343849484454	0.034454786453
-gap	0.0107280789587	0.894864826205	0.0901158632528	0.00429123158347
-gaz	0.0	1.0	0.0	0.0
-ini	0.404255319149	0.170212765957	0.0851063829787	0.340425531915
-ink	0.0	0.8	0.2	0.0
-218	0.0	0.0	0.0	1.0
-inn	0.470310185076	0.409354937328	0.039508030948	0.0808268466477
-ina	0.0196634982021	0.050952119689	0.0331260337896	0.896258348319
-ind	0.130247410449	0.207575580485	0.641122752543	0.0210542565227
-ing	0.186631877695	0.576800328528	0.0565331359439	0.180034657833
-800	0.0	0.0	0.0	1.0
-807	0.0	0.333333333333	0.0	0.666666666667
-kna	0.338884271237	0.316992017851	0.216899368053	0.127224342859
-int	0.09720011237	0.434872179043	0.444329993445	0.0235977151419
-inu	0.0	1.0	0.0	0.0
-kne	0.212121212121	0.0606060606062	0.727272727273	0.0
-sni	0.0	1.0	0.0	0.0
-gub	0.0	1.0	0.0	0.0
-trå	0.1347914164	0.811962250602	0.0331393261316	0.0201070068663
-trä	0.0286715514495	0.918445364766	0.049060210258	0.00382287352661
-mbu	0.5	0.5	0.0	0.0
-lts	0.566842467324	0.268057784912	0.0742948864939	0.0908048612703
-mby	0.216560509554	0.643312101911	0.114649681529	0.0254777070064
-yer	0.0518518518518	0.888888888889	0.0444444444444	0.0148148148148
-äpa	0.482415394824	0.497677504977	0.0	0.0199071001991
-930	0.0	0.0	0.0	1.0
-dre	0.0545971909771	0.0729202894144	0.677178816806	0.195303702803
-lti	0.0	1.0	0.0	0.0
-trö	0.75	0.230769230769	0.0	0.0192307692308
-dra	0.114534192462	0.228158358766	0.256321328366	0.400986120407
-yen	0.115942028986	0.84347826087	0.0289855072464	0.0115942028986
-lta	0.344256913201	0.382288738019	0.224119228561	0.0493351202186
-äpt	0.510416666667	0.385416666667	0.0	0.104166666667
-lte	0.24730931212	0.712915301825	0.029948525971	0.00982686008424
-äpp	0.124276169265	0.832962138085	0.0280623608018	0.0146993318485
-öre	0.0567757453003	0.0867143490094	0.0234824988923	0.833027406798
-örd	0.204580543347	0.661051971142	0.0645136349968	0.0698538505143
-öra	0.788571039202	0.0941897391431	0.0202397090746	0.0969995125803
-örn	0.0560418027433	0.929065969954	0.0148922273024	0.0
-örk	0.244897959184	0.102040816327	0.635568513119	0.0174927113703
-örj	0.453642384106	0.384105960265	0.135761589404	0.0264900662252
-ört	0.867847331814	0.0813217215111	0.0178268747443	0.033004071931
-örs	0.421668962803	0.464672308601	0.063225742964	0.0504329856328
-örr	0.108891365858	0.450141473034	0.258252593672	0.182714567435
-rka	0.36917168374	0.26688692792	0.312087772419	0.0518536159199
-knä	0.429504627109	0.434041008891	0.00544365813827	0.131010705861
-vja	0.0	1.0	0.0	0.0
-ång	0.148346947136	0.309564467068	0.0806713000729	0.461417285723
-rke	0.169742376226	0.655637593059	0.139305812213	0.0353142185022
-245	0.0	0.0	0.0	1.0
-247	0.0	0.2	0.0	0.8
-rök	0.215661103979	0.768292682927	0.0121951219512	0.00385109114249
-nre	0.0696774193548	0.413225806452	0.304193548387	0.212903225806
-119	0.0	0.0	0.0	1.0
-110	0.0	1.0	0.0	0.0
-112	0.0526315789473	0.315789473684	0.0	0.631578947368
-rög	0.214285714286	0.142857142857	0.642857142857	0.0
-ahi	0.0	1.0	0.0	0.0
-rem	0.0	1.0	0.0	0.0
-aha	0.612903225806	0.290322580645	0.0967741935484	0.0
-023	0.0	0.0	0.0	1.0
-601	0.0	0.0909090909091	0.0	0.909090909091
-lys	0.410071942446	0.273381294964	0.187050359712	0.129496402878
-ahu	0.0	1.0	0.0	0.0
-sas	0.4126373054	0.437498241172	0.123155936975	0.0267085164525
-sar	0.496496222055	0.36126026692	0.0530300692822	0.0892134417422
-dda	0.491457253601	0.229101246047	0.233622128875	0.0458193714768
-ykt	0.27348175471	0.621130285865	0.0698195231194	0.0355684363061
-sav	0.0	1.0	0.0	0.0
-dde	0.695051311428	0.198616872357	0.0457309420457	0.060600874169
-sat	0.692408262878	0.159766408089	0.0550277463029	0.0927975827305
-ddi	0.0	1.0	0.0	0.0
-mpe	0.0511945392491	0.846416382253	0.102389078498	0.0
-olt	0.667689161554	0.180853783231	0.134074642127	0.0173824130879
-hab	0.0150470219436	0.981191222571	0.0	0.00376175548589
-olv	0.00470578943731	0.0398873243144	0.000559429513526	0.954847456735
-mpa	0.404252680953	0.511253449723	0.0536722062997	0.0308216630236
-lfa	0.0	0.98129123862	0.0187087613797	0.0
-oli	0.0	1.0	0.0	0.0
-yke	0.129032258065	0.870967741935	0.0	0.0
-olk	0.0232591227661	0.886668606667	0.0219022400204	0.0681700305463
-oll	0.209990141308	0.329937561617	0.107788366743	0.352283930332
-saf	0.016806722689	0.983193277311	0.0	0.0
-oln	0.00717991790509	0.98087161494	0.00666513133831	0.00528333581695
-sad	0.415284746435	0.289267794881	0.24031238484	0.0551350738442
-sak	0.122160446	0.673342920655	0.0417874263339	0.162709207012
-juv	0.0860185690879	0.897596941562	0.0131075914801	0.00327689787002
-sai	0.0	1.0	0.0	0.0
-750	0.0	0.0	0.0	1.0
-old	0.673886138614	0.272277227723	0.0445544554456	0.00928217821782
-san	0.108692011207	0.833142256977	0.0169429439878	0.0412227878275
-sam	0.129532223948	0.271194054995	0.193580792293	0.405692928764
-sal	0.0	0.987179487179	0.0128205128205	0.0
-812	0.0	0.5	0.0	0.5
-721	0.0	0.2	0.0	0.8
-ah-	0.0	1.0	0.0	0.0
-sså	0.615384615385	0.230769230769	0.0	0.153846153846
-åpå	0.333333333333	0.666666666667	0.0	0.0
-haj	0.0927272727273	0.907272727273	0.0	0.0
-mat	0.227828232004	0.7309225569	0.0211156675852	0.0201335435115
-ss-	0.0	0.333333333333	0.0	0.666666666667
-åpa	0.0833333333332	0.916666666667	0.0	0.0
-mak	0.0753968253968	0.892857142857	0.015873015873	0.015873015873
-maj	0.025641025641	0.974358974359	0.0	0.0
-mam	0.0	1.0	0.0	0.0
-rdå	0.5	0.5	0.0	0.0
-jug	0.612244897959	0.286631506535	0.0343957807842	0.0667278147214
-jud	0.473982340201	0.485200199922	0.0216582440162	0.0191592158605
-ddå	0.352941176471	0.529411764706	0.117647058824	0.0
-xit	0.720588235294	0.220588235294	0.0147058823529	0.0441176470588
-mpå	0.36	0.64	0.0	0.0
-ssi	0.0	1.0	0.0	0.0
-sso	0.135440180587	0.0677200902935	0.257336343115	0.539503386004
-ssa	0.112096290414	0.113261313569	0.0359960279211	0.738646368097
-ffa	0.714469739053	0.189405112987	0.0377350787444	0.058390069215
-sse	0.0250836120401	0.939799331104	0.0130434782609	0.0220735785953
-uck	0.0253485424588	0.788762146177	0.185889311365	0.0
