-rbt	0.856060071502	0.0983394486782	0.0245789820303	0.0210214977891
-eut	0.592447376838	0.133924023643	0.24004690776	0.0335816917592
-eus	0.00286944045911	0.996413199426	0.0	0.000717360114778
-rba	0.290598290598	0.666666666667	0.042735042735	0.0
-eui	0.333601286174	0.456591639871	0.173633440514	0.0361736334405
-ive	0.0375862750435	0.962413724956	0.0	0.0
-rbe	0.609128781018	0.264173157037	0.106230755298	0.0204673066473
-eue	0.173789578305	0.471815987505	0.322021865682	0.0323725685077
-eud	0.181222156846	0.619315793898	0.179372951164	0.020089098092
-rbi	0.431632010082	0.136105860113	0.120352867045	0.31190926276
-zeh	0.559948431457	0.232488182209	0.107004727116	0.100558659218
-uft	0.843100309072	0.125913557791	0.0242801789502	0.00670595418626
-aus	0.0375521557719	0.770514603616	0.0333796940195	0.158553546592
-aut	0.446111869031	0.457025920873	0.0163710777626	0.0804911323329
-ufs	0.279317697228	0.342572850036	0.0554371002132	0.322672352523
-ehr	0.204086398132	0.761471103327	0.0143607705779	0.0200817279626
-aua	0.230283911672	0.249211356467	0.312302839117	0.208201892745
-ufe	0.717300329445	0.156078413914	0.0552414448105	0.0713798118303
-uff	0.332962757087	0.0600333518622	0.0717065036132	0.535297387437
-aub	0.415284690757	0.508782894003	0.0393723634578	0.0365600517823
-aue	0.57758263607	0.175451495319	0.223044901002	0.0239209676083
-ufa	0.317317409279	0.3401010565	0.320532843362	0.022048690859
-aug	0.0405735204393	0.936241610738	0.00183038438072	0.0213544844417
-auf	0.619263456091	0.334277620397	0.0271954674221	0.0192634560906
-aui	0.0	0.301369863014	0.616438356164	0.0821917808219
-aum	0.0350778374494	0.929742354644	0.029061580445	0.0061182274621
-ufi	0.213715772083	0.75992126261	0.012654223347	0.0137087419593
-aun	0.0805369127517	0.848993288591	0.0704697986577	0.0
-war	0.907455931396	0.0216902228574	0.00776824943095	0.0630855963157
-pfs	0.263513513514	0.736486486486	0.0	0.0
-gku	0.666666666667	0.246376811594	0.0	0.0869565217391
-rbä	0.624137931035	0.170689655172	0.0551724137931	0.15
-eck	0.33107494764	0.520540998321	0.101525931711	0.0468581223281
-ech	0.224343952585	0.724267221893	0.0344665972634	0.0169222282593
-idi	0.0704168352894	0.0878186968839	0.0165924726831	0.825171995144
-ide	0.178455498191	0.701517915108	0.0695839902722	0.0504425964283
-ida	0.0589444083928	0.856802941813	0.0441271901363	0.0401254596582
-ufä	0.521472392638	0.300613496932	0.0245398773006	0.153374233129
-tli	0.0	1.0	0.0	0.0
-tla	0.125950054289	0.817589576547	0.0390879478828	0.0173724212812
-ids	0.0131578947368	0.986842105263	0.0	0.0
-tle	0.566700212457	0.262663535726	0.059487867606	0.111148384211
-uta	0.137165623221	0.20375640296	0.582242458736	0.0768355150825
-ute	0.622291021672	0.298761609907	0.0185758513932	0.0603715170278
-utt	0.755555555556	0.244444444444	0.0	0.0
-utz	0.0627802690583	0.566517189836	0.301943198804	0.0687593423019
-z`s	0.552941176471	0.0705882352941	0.0352941176471	0.341176470588
-pha	0.103448275862	0.896551724138	0.0	0.0
-ofä	0.355555555556	0.0	0.644444444444	0.0
-ßig	0.156237744906	0.662582942478	0.0272945457968	0.15388476682
-ija	0.00909090909093	0.990909090909	0.0	0.0
-iji	0.0909090909091	0.4	0.109090909091	0.4
-h´s	0.512	0.184	0.16	0.144
-ä's	0.183486238532	0.376146788991	0.330275229358	0.110091743119
-aul	0.0108932461874	0.959694989107	0.0141612200436	0.0152505446623
-t´s	0.5625	0.025	0.4125	0.0
-dok	0.0	1.0	0.0	0.0
-oft	0.218057568855	0.198798923172	0.0180161524125	0.56512735556
-off	0.886973180077	0.0862068965517	0.00383141762452	0.0229885057471
-ofe	0.509219171803	0.186446289411	0.137396220649	0.166938318138
-ade	0.144997615462	0.784848705893	0.0612736471652	0.00888003147948
-ada	0.00335796361315	0.992190782295	0.00163993571805	0.0028113183738
-adt	0.0087677270985	0.979637792258	0.00402453047145	0.00756995017248
-adr	0.483333333333	0.383333333333	0.0333333333333	0.1
-ads	0.023011753327	0.470618942268	0.00438405199395	0.501985252411
-oht	0.820268329837	0.0794333703649	0.0152338672124	0.085064432586
-sen	0.375102711586	0.435086277732	0.113393590797	0.076417419885
-sem	0.205900748377	0.141911273104	0.0694459421571	0.582742036362
-sel	0.0399385560676	0.952380952381	0.00768049155148	0.0
-lbi	0.184094031446	0.431231872997	0.225309113112	0.159364982445
-ohr	0.0313294286662	0.741186871478	0.213891037684	0.0135926621726
-lbe	0.10200060997	0.167948512649	0.473584227414	0.256466649967
-sef	0.00354191263282	0.992916174734	0.00354191263282	0.0
-see	0.0275599904966	0.953908291756	0.00356379187455	0.0149679258731
-fle	0.303835655797	0.645884212038	0.0179571900589	0.032322942106
-ohe	0.268592297477	0.419101372289	0.26803895529	0.0442673749447
-ohl	0.172868114407	0.0848781779661	0.0485963983051	0.693657309322
-lbt	0.862641509434	0.0920754716981	0.022641509434	0.022641509434
-ohn	0.168877952045	0.781428535719	0.0216971673143	0.0279963449216
-aar	0.0210727414826	0.0422902133325	0.077662315107	0.858974730078
-erä	0.378519973805	0.158480681074	0.0864440078586	0.376555337263
-ohi	0.252742997289	0.130373047631	0.0464696011359	0.570414353943
-uig	0.409448818898	0.461942257218	0.0839895013123	0.0446194225721
-bli	0.0281690140845	0.530516431925	0.427230046948	0.0140845070422
-rdä	0.506512301013	0.23010130246	0.111432706223	0.151953690304
-ble	0.233169459215	0.629878599378	0.0905989766229	0.0463529647838
-änz	0.0	0.990566037736	0.00943396226415	0.0
-d`s	0.233007697884	0.340329317546	0.0642065656391	0.362456418931
-äna	0.0	1.0	0.0	0.0
-mti	0.459930313589	0.216027874564	0.27700348432	0.0470383275261
-äne	0.0456849519049	0.114488700036	0.0146449745018	0.825181373557
-änd	0.0680769663553	0.86151521484	0.00964490668554	0.0607629121189
-äng	0.703703703704	0.296296296296	0.0	0.0
-änk	0.186206896552	0.768965517241	0.0379310344827	0.00689655172412
-mta	0.0645161290323	0.935483870968	0.0	0.0
-mte	0.339369463262	0.280549765503	0.35467691506	0.0254038561751
-lar	0.37037037037	0.148148148148	0.449735449736	0.0317460317461
-uut	0.144366197183	0.602112676056	0.0845070422535	0.169014084507
-adä	0.54046997389	0.429403494678	0.0277164089175	0.00241012251456
-zoe	0.360248447205	0.229813664596	0.0	0.409937888199
-adö	0.606602475928	0.0178817056396	0.0577716643741	0.317744154058
-üma	0.106194690265	0.849557522124	0.0442477876106	0.0
-ehä	0.269957983193	0.544117647059	0.078781512605	0.107142857143
-erz	0.0404654946765	0.901948993668	0.0211524176718	0.0364330939832
-rav	0.283618581907	0.585167074165	0.101874490628	0.0293398533007
-lbä	0.396551724138	0.448275862069	0.103448275862	0.051724137931
-rat	0.211830227552	0.151779980168	0.567517995037	0.0688717972431
-rau	0.141384388807	0.236377025037	0.591310751105	0.0309278350516
-ert	0.394765736301	0.2016904012	0.111135828349	0.29240803415
-ras	0.00952885124406	0.966649020646	0.0238221281101	0.0
-ran	0.266524520256	0.678038379531	0.00426439232411	0.0511727078891
-rao	0.00543478260869	0.994565217391	0.0	0.0
-ram	0.0	1.0	0.0	0.0
-erm	0.0526315789474	0.526315789474	0.0526315789474	0.368421052632
-ern	0.0470651811733	0.0848036488038	0.0282332237173	0.839897946306
-rai	0.0296364191873	0.695997555759	0.258478460128	0.0158875649252
-rag	0.337765957447	0.510638297872	0.0797872340425	0.0718085106383
-erb	0.100790513834	0.889328063241	0.00592885375494	0.00395256916996
-ihm	0.265412379051	0.13213024113	0.0223007218553	0.580156657964
-rab	0.0512535910159	0.773700705145	0.0164533820841	0.158592321755
-ere	0.15325504196	0.30070697784	0.187898145568	0.358139834632
-erf	0.693227091634	0.0358565737052	0.191235059761	0.0796812749004
-erg	0.0249828113251	0.971367102605	0.0	0.00365008607022
-ugt	0.24459895704	0.674695803327	0.0111745716414	0.0695306679911
-ugs	0.0	1.0	0.0	0.0
-swo	0.745192307692	0.100961538462	0.0	0.153846153846
-seß	0.0	0.0267558528428	0.973244147157	0.0
-uge	0.402059236825	0.573973170335	0.0110090378594	0.0129585549804
-änä	0.197674418605	0.418604651163	0.290697674419	0.0930232558139
-aza	0.0	1.0	0.0	0.0
-ugi	0.69387755102	0.183673469388	0.0	0.122448979592
-ike	0.00985221674877	0.990147783251	0.0	0.0
-nor	0.0	0.948936170213	0.0510638297872	0.0
-not	0.163756340153	0.728470834647	0.0738544741223	0.0339183510784
-noh	0.105369620165	0.0458085056907	0.0384988451037	0.81032302904
-non	0.0	1.0	0.0	0.0
-noe	0.120141342756	0.153121319199	0.257361601885	0.46937573616
-tod	0.834809796769	0.0812923397603	0.0218863991662	0.0620114643043
-gle	0.539803707743	0.311886586696	0.0223555070883	0.125954198473
-zsi	0.366197183098	0.380281690141	0.169014084507	0.0845070422536
-ton	0.0998248686514	0.805604203152	0.0735551663748	0.0210157618213
-gli	0.046511627907	0.132919005613	0.011427425822	0.809141940658
-toh	0.744211944625	0.167463626742	0.0336635935886	0.0546608350441
-glo	0.756534358206	0.149696206165	0.0207313378092	0.07303809782
-tor	0.0930232558139	0.821705426357	0.0387596899225	0.046511627907
-rot	0.0636339600874	0.885788501422	0.0286880742765	0.0218894642146
-ieh	0.94556258386	0.0268353459843	0.01466359977	0.0129384703853
-iem	0.0232558139535	0.0232558139535	0.139534883721	0.813953488372
-e`s	0.350712466709	0.154254388523	0.0444198207655	0.450613324002
-ien	0.0772601327405	0.88907146079	0.017623558219	0.0160448482505
-ieb	0.245658215386	0.712531929203	0.0119309977006	0.0298788577102
-iee	0.774774774775	0.225225225225	0.0	0.0
-ied	0.307176669776	0.59866625203	0.0423274938668	0.0518295843267
-ieg	0.358739563695	0.388095879343	0.129275518449	0.123889038513
-ief	0.301648884578	0.247332686712	0.41028128031	0.0407371483996
-rof	0.296742209632	0.654390934844	0.0403682719547	0.0084985835694
-rog	0.771428571429	0.196825396825	0.0	0.031746031746
-rom	0.0209043047383	0.970966243419	0.00116135026324	0.00696810157943
-ron	0.0176710466697	0.965111010421	0.00305845038514	0.0141594925238
-ier	0.0406021305527	0.556656439831	0.0335162319692	0.369225197647
-roh	0.33048996151	0.279309268699	0.366794965151	0.0234058046396
-iet	0.285416386385	0.237858199919	0.112875016817	0.363850396879
-äbe	0.316422500325	0.455278437391	0.0666633261869	0.161635736097
-olz	0.0450261151468	0.725941045807	0.220027616017	0.00900522302936
-dde	0.115236605066	0.675434516006	0.0298135069988	0.179515371929
-nga	0.114990077131	0.459059657648	0.361307619402	0.064642645819
-ols	0.074550359774	0.0805455627876	0.0259556378323	0.818948439606
-äbi	0.441320293399	0.232273838631	0.0366748166259	0.289731051345
-roß	0.0746906853887	0.223782396999	0.562904315922	0.138622601691
-ieß	0.532700832102	0.265106151334	0.0505482541411	0.151644762423
-äbt	0.654312188168	0.119872999417	0.152595088447	0.0732197239681
-hys	0.0	1.0	0.0	0.0
-gnä	0.339114832536	0.660885167464	0.0	0.0
-lfe	0.721293916024	0.126392459297	0.0321336760926	0.120179948586
-leh	0.465608465608	0.478835978836	0.0	0.0555555555555
-lei	0.0347395531775	0.131890510512	0.067203066664	0.766166869647
-ois	0.0	1.0	0.0	0.0
-lem	0.0268347453379	0.71248270309	0.0284587938397	0.232223757732
-len	0.727198120419	0.107424064078	0.0193679392607	0.146009876242
-mul	0.0773195876288	0.887123921734	0.0109404586577	0.0246160319798
-leb	0.862354244882	0.10344576	0.015157437836	0.0190425572813
-led	0.0162822252374	0.983717774763	0.0	0.0
-leg	0.732100238664	0.183770883055	0.0250596658711	0.0590692124105
-mut	0.113614845673	0.70460140125	0.12497633024	0.0568074228366
-mäß	0.62962962963	0.314814814815	0.0246913580247	0.0308641975309
-mus	0.0151898734177	0.984810126582	0.0	0.0
-ler	0.124531445231	0.709704289879	0.117451062057	0.0483132028322
-les	0.0382677860349	0.449936464615	0.0219844944424	0.489811254908
-let	0.581463604858	0.260700080199	0.0522045751207	0.105631739823
-jas	0.0	1.0	0.0	0.0
-äas	0.214285714286	0.714285714286	0.0357142857143	0.0357142857143
-olf	0.0	1.0	0.0	0.0
-rme	0.1291057528	0.147522308715	0.70799316499	0.0153787734953
-sal	0.134659090909	0.821022727273	0.0255681818182	0.01875
-rüs	0.347752332485	0.427480916031	0.0653095843936	0.159457167091
-jag	0.791245791246	0.131313131313	0.0437710437711	0.0336700336701
-pel	0.00479913305983	0.988079572722	0.00681167273009	0.000309621487731
-ogt	0.882777190114	0.0546206365997	0.00634676411193	0.056255409174
-per	0.018691588785	0.96261682243	0.0	0.018691588785
-lse	0.0	0.977728285078	0.0178173719377	0.00445434298442
-oga	0.325581395349	0.395348837209	0.174418604651	0.104651162791
-oge	0.544005144466	0.377386522385	0.0187373882963	0.0598709448522
-lso	0.668032786885	0.102459016393	0.0327868852459	0.196721311475
-itz	0.0337337081523	0.636084845387	0.30258113979	0.0276003066701
-ess	0.404710920771	0.389721627409	0.0321199143469	0.173447537473
-r`s	0.372835535399	0.290664938952	0.129443660288	0.207055865362
-its	0.159362549801	0.557768924303	0.258964143426	0.0239043824701
-esu	0.390804597701	0.413793103448	0.0459770114943	0.149425287356
-est	0.710911156948	0.150321751911	0.0713288786236	0.0674382125168
-esi	0.141518536303	0.370627330781	0.372880138938	0.114973993978
-tes	0.0213224211918	0.845852749661	0.103436051481	0.0293887776669
-eso	0.0871141547913	0.187647917821	0.112417543683	0.612820383705
-ith	0.0	0.758620689655	0.241379310345	0.0
-iti	0.185601799775	0.413948256468	0.400449943757	0.0
-tet	0.701642122689	0.158057821137	0.0608300957843	0.0794699603904
-esa	0.155555555556	0.488888888889	0.233333333333	0.122222222222
-ite	0.185191036604	0.352173201159	0.36048913184	0.102146630396
-ese	0.288744442202	0.281771584101	0.37658157175	0.0529024019464
-ita	0.117245304496	0.696831720736	0.137165623221	0.0487573515462
-n's	0.636821358413	0.160792204857	0.0479156163622	0.154470820367
-mäa	0.0	1.0	0.0	0.0
-rin	0.165324704643	0.290917300023	0.0675746858304	0.476183309504
-uda	0.0933062880325	0.870182555781	0.0162271805274	0.0202839756592
-fat	0.414141414141	0.44696969697	0.103535353535	0.0353535353536
-leß	0.801526717557	0.0	0.0	0.198473282443
-nüs	0.205935796487	0.112658994549	0.0272562083586	0.654149000606
-zge	0.473742196107	0.326110907088	0.118435549027	0.0817113477782
-aeh	0.62962962963	0.222222222222	0.0	0.148148148148
-ael	0.00358327803583	0.979296615793	0.00159256801592	0.0155275381553
-los	0.292632631382	0.471083546835	0.188948947072	0.047334874711
-lsä	0.0683229813664	0.894409937888	0.0372670807453	0.0
-ogä	0.788707926167	0.101194353963	0.0599348534202	0.0501628664495
-ser	0.139839766934	0.672978878369	0.141296431173	0.0458849235251
-tna	0.0319789817855	0.895535326167	0.0142128807936	0.0582728112536
-öht	0.200668896321	0.521739130435	0.0367892976588	0.240802675585
-öhr	0.0	0.888452799008	0.111547200992	0.0
-öhe	0.7	0.3	0.0	0.0
-öhm	0.232599118943	0.49691629956	0.217621145374	0.0528634361233
-öhn	0.69477054429	0.30522945571	0.0	0.0
-izt	0.803797468354	0.158227848101	0.0253164556962	0.0126582278481
-eas	0.0	1.0	0.0	0.0
-rnt	0.681426980323	0.206520638564	0.0523136116643	0.0597387694489
-rns	0.0	1.0	0.0	0.0
-tel	0.0291243908158	0.895543528547	0.0690105074369	0.00632157320033
-ize	0.110948523648	0.88215312255	0.00517376535145	0.00172458845049
-rne	0.21932665134	0.644371705903	0.075290431237	0.0610112115196
-rnd	0.832369942197	0.132947976879	0.0	0.0346820809249
-rna	0.00328947368421	0.991776315789	0.00493421052632	0.0
-rno	0.117350259129	0.0891272886446	0.017367838351	0.776154613876
-eam	0.010752688172	0.989247311828	0.0	0.0
-rni	0.159895578398	0.512155327133	0.261054005547	0.0668950889215
-ard	0.42	0.5	0.08	0.0
-urm	0.0873932697137	0.81014565545	0.0723254645906	0.0301356102461
-ure	0.0204841713222	0.938547486034	0.0409683426443	0.0
-urf	0.115384615385	0.769230769231	0.0769230769231	0.0384615384615
-urg	0.006006006006	0.945945945946	0.036036036036	0.012012012012
-urz	0.190476190476	0.391774891775	0.186147186147	0.231601731602
-urr	0.147186147186	0.437229437229	0.363636363637	0.0519480519481
-urt	0.174484584831	0.490259126159	0.243994703991	0.0912615850199
-nnä	0.126422250316	0.308470290771	0.094816687737	0.470290771176
-ült	0.503816793893	0.267175572519	0.0916030534351	0.137404580153
-üla	0.473372781065	0.319526627219	0.0	0.207100591716
-mdt	0.303448275862	0.0965517241379	0.586206896552	0.0137931034483
-t's	0.677751190822	0.214124382226	0.0553480779122	0.0527763490395
-n´s	0.470031545741	0.435331230284	0.0283911671924	0.0662460567823
-r's	0.193038045615	0.067808691043	0.0304085602777	0.708744703065
-izä	0.141361256545	0.717277486911	0.0314136125654	0.109947643979
-ihe	0.354225933743	0.5659355786	0.0523079746719	0.0275305129852
-nns	0.305555555556	0.444444444444	0.111111111111	0.138888888889
-ihn	0.225048923679	0.430528375734	0.0234833659491	0.320939334638
-nnt	0.649857414725	0.0953282036416	0.0840061104415	0.170808271192
-ihr	0.020388283663	0.0291576570578	0.0100732522919	0.940380806987
-klo	0.0560747663552	0.635514018692	0.196261682243	0.11214953271
-kli	0.228672492717	0.573449854349	0.0919683728673	0.105909280067
-iht	0.758542055606	0.0997481550162	0.0639009660323	0.0778088233451
-kle	0.0983133366853	0.758882743803	0.118930923849	0.0238729956631
-nna	0.0199411346222	0.948628514758	0.00967961125432	0.0217507393655
-nn`	0.7375	0.0	0.0	0.2625
-kla	0.344262295082	0.360655737705	0.295081967213	0.0
-nne	0.45675774093	0.254192981962	0.111535254053	0.177514023055
-rts	0.328125	0.3390625	0.13125	0.2015625
-mdi	0.173424828447	0.228321896444	0.375545851528	0.222707423581
-mda	0.0224887556222	0.899550224888	0.0779610194902	0.0
-mde	0.118426054169	0.752924059648	0.0366353980522	0.0920144881312
-uäl	0.943396226415	0.0188679245283	0.0	0.0377358490566
-ird	0.40687351074	0.0108753834657	0.00126283496051	0.580988270834
-ldä	0.00696864111497	0.0104529616725	0.982578397213	0.0
-hch	0.162723905092	0.0357202382998	0.0133570048367	0.788198851771
-aje	0.695187165775	0.264705882353	0.00802139037433	0.0320855614973
-aja	0.00287081339713	0.994258373206	0.0	0.00287081339713
-mdä	0.377777777778	0.333333333333	0.288888888889	0.0
-ajt	0.681812348166	0.285606316855	0.0280295308276	0.0045518041515
-ldi	0.0533333333333	0.0333333333333	0.913333333333	0.0
-lda	0.1470709401	0.571146082228	0.156546098706	0.125236878965
-dbi	0.7	0.1	0.0	0.2
-lde	0.526593664451	0.179311693391	0.213531482206	0.080563159953
-sge	0.696839811476	0.123347372549	0.0922517925439	0.0875610234316
-fre	0.401337792642	0.585284280936	0.0	0.0133779264214
-ers	0.0615069195284	0.320861096873	0.0738083034341	0.543823680164
-ose	0.198191409194	0.314619442351	0.457422758101	0.0297663903542
-uso	0.0	0.342857142857	0.257142857143	0.4
-öfe	0.502870264064	0.380022962113	0.0619977037887	0.0551090700344
-use	0.529803658923	0.395683804369	0.0302605498418	0.0442519868654
-uss	0.12213740458	0.534351145038	0.18320610687	0.160305343511
-ust	0.351464435146	0.403765690377	0.171548117155	0.0732217573221
-epf	0.0352802822423	0.946295570365	0.0113680909447	0.00705605644847
-wig	0.150890975283	0.166746503162	0.212923931788	0.469438589768
-ius	0.0162805259862	0.978710081403	0.00125234815279	0.00375704445836
-us'	0.0	0.592	0.336	0.072
-wib	0.107141418617	0.836468361059	0.0169170660974	0.0394731542272
-ium	0.0121665671916	0.731509113448	0.251503604058	0.00482071530233
-wit	0.132254464286	0.188058035714	0.318080357143	0.361607142857
-wis	0.135593220339	0.847457627119	0.0169491525424	0.0
-wir	0.645120304931	0.0613038989915	0.0250933058048	0.268482490272
-uet	0.132820250749	0.369052476785	0.332176105483	0.165951166984
-axt	0.193548387097	0.806451612903	0.0	0.0
-uer	0.403273516072	0.328534805758	0.0946558864129	0.173535791757
-uem	0.180327868853	0.48087431694	0.207650273224	0.131147540984
-uel	0.0521739130435	0.705590062112	0.23850931677	0.00372670807454
-uen	0.275862068966	0.551724137931	0.0	0.172413793104
-ueh	0.129589632829	0.836717062635	0.0103671706263	0.0233261339093
-r´s	0.432681242808	0.331415420023	0.0517836593786	0.18411967779
-enä	0.5	0.274193548387	0.129032258064	0.0967741935484
-ueg	0.487111592597	0.247561358892	0.0112061306662	0.254120917845
-uef	0.466043307087	0.376476377953	0.048720472441	0.10875984252
-f`s	0.748566910457	0.193318837715	0.0415101798774	0.016604071951
-axe	0.774193548387	0.0645161290323	0.0322580645161	0.129032258065
-ßli	0.118881118881	0.86013986014	0.020979020979	0.0
-iig	0.641602067183	0.258139534884	0.0108527131783	0.0894056847545
-ßle	0.517006802721	0.442176870748	0.0408163265306	0.0
-iiz	0.0383613544873	0.947667534928	0.00544636514326	0.00852474544163
-iit	0.024084231951	0.733823672178	0.0236676398308	0.21842445604
-iis	0.15037593985	0.804511278196	0.0451127819549	0.0
-iir	0.0314237119389	0.947419729528	0.0155562930391	0.00560026549406
-tam	0.0107238605898	0.967828418231	0.0214477211796	0.0
-tan	0.210268948655	0.767726161369	0.0	0.0220048899755
-tah	0.0	1.0	0.0	0.0
-tai	0.121621621622	0.864864864865	0.0135135135135	0.0
-gne	0.749483471074	0.153150826446	0.0524276859504	0.0449380165289
-tab	0.383720930232	0.604651162791	0.0116279069767	0.0
-gna	0.0690429413416	0.900645523435	0.00841987089532	0.0218916643278
-kst	0.622950819672	0.213114754098	0.0983606557377	0.0655737704918
-tat	0.325476429288	0.551153460381	0.0571715145436	0.0661985957873
-gnu	0.742811268428	0.184644577434	0.0	0.072544154138
-tar	0.00180995475113	0.998190045249	0.0	0.0
-tas	0.039603960396	0.960396039604	0.0	0.0
-aën	0.0	1.0	0.0	0.0
-rmt	0.450802799506	0.432276657061	0.0703993412927	0.0465212021408
-ent	0.593916446057	0.247645365087	0.0996382352631	0.0587999535928
-ens	0.136080390726	0.590074664571	0.149553696738	0.124291247965
-wiß	0.147528830899	0.195698679197	0.141005544111	0.515766945793
-enn	0.0707998007729	0.0246894730911	0.0032165880504	0.901294138086
-rma	0.222539229672	0.589158345221	0.111269614836	0.077032810271
-eni	0.173475449307	0.357261760368	0.449183149364	0.0200796409607
-enk	0.634215258156	0.289750834832	0.0184947341382	0.0575391728744
-end	0.196082313979	0.614384650037	0.047523105635	0.142009930349
-ene	0.12668158577	0.145677205521	0.0844201213737	0.643221087335
-eng	0.115797748362	0.131365715291	0.595920005277	0.15691653107
-ena	0.119477605235	0.743138323715	0.0991431440565	0.0382409269932
-öse	0.763548683405	0.0917789344764	0.11252296387	0.0321494182486
-het	0.628917326997	0.0584806578411	0.00138247769051	0.311219537471
-heu	0.261157024793	0.41652892562	0.143801652893	0.178512396694
-her	0.24867569526	0.235420154419	0.0398197196472	0.476084430674
-hes	0.184690206797	0.407544363834	0.275729013847	0.132036415523
-hel	0.243055555555	0.729166666667	0.0277777777778	0.0
-hem	0.161376545272	0.592048112262	0.192114934848	0.0544604076178
-hen	0.315770828637	0.438504395994	0.16038130817	0.0853434671991
-heh	0.844036697248	0.0795107033639	0.0305810397553	0.045871559633
-hef	0.0332278481012	0.92246835443	0.0	0.0443037974683
-heb	0.653719008264	0.210743801653	0.097520661157	0.0380165289256
-nst	0.307063025694	0.532204170987	0.119253370204	0.0414794331144
-nso	0.201492537313	0.350746268657	0.044776119403	0.402985074627
-nse	0.0813208477082	0.872210096458	0.0	0.0464690558333
-nsa	0.023434485178	0.00474302753903	0.028766883003	0.94305560428
-deß	0.396825396825	0.190476190476	0.126984126984	0.285714285714
-naj	0.467289719626	0.420560747664	0.0560747663551	0.0560747663551
-läi	0.096	0.564363636364	0.0785454545455	0.261090909091
-pur	0.0394321766561	0.0425867507886	0.903785488959	0.0141955835962
-luß	0.191590262409	0.724944672779	0.041732532406	0.0417325324059
-läb	0.746987951807	0.0843373493976	0.0722891566265	0.0963855421687
-läa	0.00209424083769	0.997207678883	0.0	0.00069808027923
--un	0.659025787966	0.189111747851	0.0945558739255	0.0573065902579
-läg	0.308943089431	0.508130081301	0.109756097561	0.0731707317073
-kia	0.0	1.0	0.0	0.0
-sür	0.23595505618	0.0561797752809	0.640449438202	0.0674157303371
-lär	0.580611169652	0.280295047418	0.0885142255005	0.0505795574289
-üsa	0.0	0.111111111111	0.0	0.888888888889
-üse	0.352112676056	0.605633802817	0.0422535211268	0.0
-zue	0.0538397828267	0.0109963440536	0.00782483899743	0.927339034122
-sei	0.653846153846	0.269230769231	0.0	0.0769230769231
-fig	0.358790073852	0.592116804844	0.0312668005999	0.017826320704
-üss	0.335616438356	0.520547945206	0.0684931506849	0.0753424657534
-g`s	0.749803921569	0.137254901961	0.0258823529412	0.0870588235294
-lgt	0.811681101488	0.10570730624	0.0173217854763	0.0652898067955
-def	0.0674740484429	0.0415224913495	0.797577854671	0.0934256055363
-dei	0.100483091787	0.585507246377	0.209661835749	0.104347826087
-dek	0.0116959064327	0.988304093567	0.0	0.0
-del	0.0762607460896	0.85927828428	0.045156035	0.0193049346307
-dem	0.174187575059	0.182691339879	0.0383651813746	0.604755903688
-den	0.294389491002	0.0704820346642	0.0117446501137	0.623383824221
-der	0.0749120655431	0.104564347965	0.00393300949901	0.816590576993
-des	0.0160685203156	0.0674876278245	0.0106040220812	0.905839829779
-det	0.727063994016	0.168737001167	0.0561248712408	0.0480741335768
-lga	0.467766116942	0.386806596702	0.0914542728635	0.0539730134932
-oke	0.893617021277	0.0212765957447	0.0851063829787	0.0
-nae	0.0	0.806451612903	0.0	0.193548387097
-bis	0.0480666263318	0.266547934544	0.0250388435832	0.660346595541
-big	0.517576213775	0.441776439594	0.0308618742943	0.00978547233722
-äch	0.307467057101	0.593704245974	0.0549048316251	0.0439238653001
-bie	0.250803858521	0.64308681672	0.0289389067524	0.0771704180065
-bin	0.596287703016	0.155194637793	0.0520752771333	0.196442382057
-bim	0.270966780873	0.187695516163	0.0143006107553	0.527037092209
-lau	0.273986231048	0.0586573281865	0.641091965458	0.0262644753074
-ife	0.730994152047	0.0994152046783	0.0175438596491	0.152046783626
-met	0.319105691057	0.590447154472	0.0416666666667	0.0487804878049
-g's	0.238095238095	0.190476190476	0.190476190476	0.380952380952
-dsi	0.0891089108911	0.554455445545	0.267326732673	0.0891089108911
-iff	0.107142857143	0.857540173053	0.0260462652304	0.00927070457355
-üsä	0.0717131474104	0.021492013597	0.0233926678607	0.883402171132
-mer	0.0704362680478	0.516774440137	0.255536228266	0.157253063549
-lus	0.00165536116302	0.995585703565	0.000662144465208	0.00209679080649
-lut	0.12158220926	0.423441487422	0.377324097703	0.0776522056143
-med	0.59526159921	0.0503455083909	0.274432379072	0.0799605133268
-e's	0.660287283879	0.170319643294	0.103710044588	0.0656830282392
-mem	0.206896551724	0.340996168582	0.452107279693	0.0
-mel	0.0122921347062	0.949744401643	0.0264239086201	0.0115395550303
-men	0.0600119724633	0.251870697396	0.0808141275068	0.607303202634
-meh	0.25917263558	0.257857038445	0.131559713492	0.351410612483
-lug	0.201746724891	0.706550218341	0.0576419213974	0.0340611353712
-iél	0.0	1.0	0.0	0.0
-rrn	0.00107478388414	0.985458806273	0.00177023227976	0.0116961775627
-ßes	0.157483716602	0.0681244184501	0.718795693208	0.05559617174
-sri	0.028543017089	0.0125220978197	0.0173099587507	0.941624926341
-sre	0.257437070938	0.163615560641	0.012585812357	0.566361556064
-ubt	0.871655157087	0.0969356259209	0.00750660531884	0.0239026116731
-sra	0.206812652068	0.171532846715	0.137469586375	0.484184914842
-ubi	0.083916083916	0.132867132867	0.755244755245	0.027972027972
-ube	0.335208581344	0.643742243919	0.00913204520552	0.0119171295317
-rrt	0.695303287411	0.12982829532	0.0756420949697	0.0992263222986
-gig	0.185480905893	0.753167717542	0.0415960138068	0.0197553627579
-ake	0.292573143286	0.707426856714	0.0	0.0
-aka	0.0902679830748	0.613540197461	0.211565585331	0.0846262341326
-aks	0.0	1.0	0.0	0.0
-yll	0.0	0.9	0.1	0.0
-goh	0.621164234309	0.19054474424	0.0772777733873	0.111013248064
-ü`s	0.260273972603	0.221917808219	0.0493150684932	0.468493150685
-gon	0.0	1.0	0.0	0.0
-gog	0.0425531914893	0.957446808511	0.0	0.0
-öne	0.0441176470588	0.930672268908	0.0252100840336	0.0
-vla	0.0939759036145	0.231325301205	0.61686746988	0.0578313253012
-t`s	0.539584679396	0.254139136234	0.0621614770787	0.144114707292
-got	0.627737226277	0.197080291971	0.0492700729927	0.125912408759
-mol	0.116591626907	0.368590820509	0.0371614810833	0.477656071501
-eon	0.00711743772243	0.992882562278	0.0	0.0
-rli	0.0138036809816	0.842024539877	0.124233128834	0.0199386503067
-rle	0.0321715817694	0.918766756032	0.044235924933	0.00482573726542
-ubä	0.486486486486	0.398648648649	0.0945945945946	0.0202702702703
-upt	0.225201072386	0.30563002681	0.0563002680965	0.412868632708
-ißs	0.330827067669	0.135338345865	0.15037593985	0.383458646617
-ißt	0.835257026487	0.111522553062	0.00613473652255	0.0470856839283
-ißi	0.02	0.03	0.95	0.0
-iße	0.861340294641	0.0896010156462	0.014214187764	0.0348445019491
-oas	0.008356545961	0.983286908078	0.00835654596099	0.0
-ußt	0.637518684604	0.122571001495	0.114349775785	0.125560538117
-zle	0.0203740365579	0.947335037577	0.0115324735234	0.0207584523421
-uße	0.295253436456	0.398079548986	0.103138756866	0.203528257692
-zli	0.0188679245283	0.833962264151	0.011320754717	0.135849056604
-ünd	0.135168753628	0.838295049341	0.0	0.0265361970313
-ußa	0.345588235294	0.102941176471	0.0441176470588	0.507352941176
-ünf	0.00259280065684	0.00630914826498	0.000648200164211	0.990449850914
-äßä	0.37037037037	0.391534391534	0.238095238095	0.0
-pte	0.0563025210084	0.902521008403	0.00924369747899	0.0319327731093
-pta	0.0	1.0	0.0	0.0
-iri	0.0443917358467	0.0211097933961	0.00611697147494	0.928381499282
-tre	0.702997275204	0.237057220708	0.0381471389645	0.0217983651226
-gad	0.0	1.0	0.0	0.0
-tra	0.0	1.0	0.0	0.0
-gab	0.089552238806	0.825870646766	0.0398009950249	0.044776119403
-üre	0.186440677966	0.762711864407	0.0508474576271	0.0
-ürd	0.434426229508	0.0491803278689	0.22131147541	0.295081967213
-gam	0.032982791587	0.967017208413	0.0	0.0
-eia	0.116054158607	0.860735009671	0.0	0.0232108317215
-gat	0.546463245492	0.166435506241	0.124826629681	0.162274618585
-gar	0.241726618705	0.369784172662	0.123021582734	0.265467625899
-ürt	0.294117647059	0.705882352941	0.0	0.0
-rfe	0.70716331142	0.193824117866	0.051164584131	0.0478479865826
-ltä	0.401361763125	0.366600967569	0.206952159111	0.0250851101953
-ini	0.0216781832668	0.0361570299699	0.0644019301788	0.877762856584
-rzi	0.158170813719	0.10369872226	0.139340954943	0.598789509079
-örä	0.0212765957447	0.0	0.0	0.978723404255
-inn	0.263016871802	0.607160143825	0.0496127783156	0.0802102060572
-ina	0.0199722705545	0.155308460623	0.0263645754371	0.798354693385
-ind	0.232409686838	0.574225682716	0.152225829932	0.0411388005137
-ine	0.293363738706	0.202551742055	0.115723234131	0.388361285108
-rze	0.0573112511632	0.845600084737	0.0730860311864	0.0240026329129
-ëls	0.0	1.0	0.0	0.0
-inz	0.00868097419822	0.984084880637	0.00434048709911	0.00289365806607
-rfa	0.0372417806226	0.735816118708	0.113471050335	0.113471050335
-ins	0.194638838827	0.0920411401067	0.00909065548386	0.704229365582
-int	0.801347305389	0.108532934132	0.0377245508982	0.0523952095808
-rzt	0.473024761845	0.307591234025	0.159317367705	0.0600666364248
-üße	0.758620689655	0.0344827586207	0.0	0.206896551724
-üßa	0.0581371711997	0.112899947148	0.0536650811075	0.775297800545
-cha	0.14016945228	0.346282439108	0.0997189551746	0.413829153437
-üßt	0.712765957447	0.106382978723	0.00709219858156	0.173758865248
-äße	0.628151260504	0.285294117647	0.0378151260504	0.0487394957983
-che	0.25771768829	0.501217311671	0.164670486922	0.076394513117
-äßt	0.878493317132	0.106925880923	0.0	0.0145808019441
-pfe	0.499693890045	0.418214222549	0.0289511992708	0.0531406881352
-ltr	0.0377094972067	0.933798882682	0.0217877094972	0.00670391061452
-pfa	0.190706779312	0.750978776015	0.0438903770863	0.0144240675871
-dre	0.356044505563	0.114514314289	0.314914364296	0.214526815852
-mba	0.0301204819277	0.933734939759	0.0	0.0361445783132
-lti	0.468927210865	0.232704219618	0.248640474598	0.0497280949196
-dra	0.328875379939	0.104761904762	0.0374873353597	0.528875379939
-mbe	0.681554952212	0.158932186632	0.058004676784	0.101508184372
-yen	0.0727272727273	0.890909090909	0.0	0.0363636363636
-pft	0.67615658363	0.222808524563	0.0466314885262	0.0544034032806
-lta	0.0874897372742	0.813104360518	0.0834131545338	0.0159927476738
-dri	0.231609132017	0.436417778758	0.27407080622	0.0579022830043
-lte	0.496489349042	0.244448188842	0.157887536828	0.101174925288
-öra	0.324925816024	0.50296735905	0.0311572700297	0.140949554896
-inä	0.355090332646	0.0978813346082	0.0319561169543	0.515072215792
-hdo	0.435754189944	0.45251396648	0.0446927374301	0.0670391061453
-ört	0.629885565813	0.337497926917	0.0132677317707	0.0193487754989
-hde	0.211475409836	0.618032786885	0.137704918033	0.0327868852459
-hda	0.00404394419357	0.913729190537	0.0781829210757	0.00404394419357
-ela	0.19466704489	0.396000283668	0.0463796893838	0.362952982058
-elf	0.00187322611164	0.0875307473983	0.000624408703879	0.909971617786
-nre	0.79274611399	0.0880829015544	0.0414507772021	0.0777202072539
-ahi	0.57960199005	0.0335820895522	0.174129353234	0.212686567164
-ahn	0.773782771536	0.166791510612	0.0132334581773	0.0461922596754
-ahl	0.125146350982	0.779888122805	0.0538571614413	0.0411083647717
-ahm	0.267281105991	0.0967741935484	0.635944700461	0.0
-ahe	0.714285714286	0.0	0.0816326530612	0.204081632653
-ahr	0.355934767481	0.410365798312	0.106017972225	0.127681461983
-ahs	0.0131578947368	0.973684210526	0.0131578947368	0.0
-aht	0.31948051948	0.102597402597	0.0597402597403	0.518181818182
-sas	0.0	1.0	0.0	0.0
-sar	0.0	1.0	0.0	0.0
-dda	0.0	1.0	0.0	0.0
-äba	0.0196850393701	0.972440944882	0.0	0.00787401574802
-lft	0.643162393162	0.23433048433	0.0327635327635	0.0897435897436
-mph	0.239819004525	0.434389140272	0.27149321267	0.0542986425339
-mpf	0.167392164622	0.794618124258	0.0284922833399	0.00949742777998
-ddi	0.153241650295	0.580550098232	0.120825147348	0.145383104126
-mpe	0.0349842228015	0.962271916587	0.00274386061188	0.0
-olt	0.629573170732	0.222942073171	0.0594512195122	0.0880335365854
-lfa	0.247272727273	0.610909090909	0.0945454545454	0.0472727272727
-oli	0.0	1.0	0.0	0.0
-olk	0.00438006685365	0.97982863949	0.00910592845892	0.00668536519768
-sag	0.906812681669	0.0525619625754	0.0190979151583	0.0215274405972
-äbs	0.0	0.802631578947	0.197368421053	0.0
-ola	0.0	1.0	0.0	0.0
-sai	0.0	1.0	0.0	0.0
-old	0.0336180766051	0.915128134472	0.0479470928631	0.00330669605952
-ole	0.848257296815	0.0869372343973	0.0219875697674	0.0428178990207
-sam	0.188568984088	0.154613580634	0.146325253806	0.510492181472
-olg	0.923624595469	0.0113268608414	0.0165048543689	0.0485436893204
-ssä	0.605712083092	0.367305799072	0.0137462951677	0.0132358226681
-ffä	0.572658227848	0.299746835443	0.0496202531646	0.0779746835443
-ham	0.000865051903115	0.991349480969	0.00519031141868	0.00259515570934
-zku	0.89970788705	0.10029211295	0.0	0.0
-wie	0.591836734694	0.0204081632653	0.173469387755	0.214285714286
-äue	0.389991986466	0.51099634939	0.0724779627816	0.0265337013623
-äbä	0.271976087679	0.684583194952	0.0254001992693	0.0180405181003
-lfä	0.963636363636	0.0363636363636	0.0	0.0
-ssi	0.224242424242	0.363636363636	0.351515151515	0.0606060606061
-ssa	0.0284195562532	0.730163506482	0.125241482858	0.116175454407
-ffa	0.140516927557	0.741536221332	0.00218420094649	0.115762650164
-sse	0.545432802172	0.335226657087	0.0409148498177	0.078425690923
-ffe	0.568342947612	0.290411394859	0.064211080891	0.0770345766375
-äum	0.0697115384615	0.891826923077	0.00480769230769	0.0336538461539
-uck	0.375743028339	0.243075988421	0.0438967443745	0.337284238865
-uch	0.19726706608	0.708762506272	0.065047368887	0.028923058761
-äun	0.0656455142232	0.934354485777	0.0	0.0
-sst	0.6493060851	0.129327436328	0.0289004117737	0.192466066799
-fft	0.504961067202	0.399596288585	0.0509027435799	0.0445399006324
-ion	0.030645247753	0.925825992173	0.0204301651687	0.023098594905
-ios	0.0	0.969230769231	0.0307692307692	0.0
-iot	0.0	0.996336996337	0.0	0.003663003663
-ekä	0.597325408618	0.0705794947994	0.327637444279	0.00445765230312
-iud	0.0	1.0	0.0	0.0
-hät	0.372050816697	0.112522686025	0.0235934664247	0.491833030853
-här	0.619691119691	0.272200772201	0.0579150579151	0.0501930501931
-hän	0.719970668983	0.0270465468891	0.0086346172247	0.244348166903
-häm	0.0574712643678	0.0766283524904	0.862068965517	0.00383141762452
-häa	0.0150753768844	0.984924623116	0.0	0.0
-öma	0.0273224043715	0.848816029144	0.123861566484	0.0
-chi	0.162662746277	0.273642063996	0.436004098589	0.127691091138
-cho	0.162921348315	0.124027657736	0.0497839239413	0.663267070009
-els	0.0638356924785	0.894532334166	0.0286798038671	0.0129521694884
-rks	0.0258769407705	0.896492236918	0.0776308223117	0.0
-rkt	0.596594305509	0.270173999677	0.0734547366846	0.0597769581296
-rku	0.393442622951	0.0491803278689	0.0327868852459	0.524590163934
-elt	0.254582108723	0.693488963215	0.0210938816306	0.0308350464322
-rki	0.0744680851064	0.457446808511	0.425531914894	0.0425531914894
-eli	0.0251255739958	0.103459988853	0.797504978648	0.0739094585024
-eln	0.0	1.0	0.0	0.0
-elo	0.585365853659	0.341463414634	0.0365853658537	0.0365853658537
-ell	0.179197710109	0.475120220728	0.0908096503931	0.25487241877
-elm	0.0363636363636	0.927272727273	0.0	0.0363636363637
-elb	0.0	0.766666666667	0.133333333333	0.1
-rka	0.143364047387	0.22051164654	0.612945687632	0.0231786184399
-chs	0.137140415836	0.431928225577	0.0724864710909	0.358444887496
-cht	0.239684264523	0.554141128943	0.0874250432275	0.118749563307
-rke	0.282285567468	0.559520822502	0.0962891444377	0.0619044655922
-eld	0.0372786579683	0.922802112457	0.0163094128611	0.0236098167133
-ele	0.11796873804	0.518180008879	0.306667279046	0.0571839740351
-hgo	0.698412698413	0.111111111111	0.0952380952381	0.0952380952381
-hge	0.691176470588	0.176470588235	0.102941176471	0.0294117647059
-ch´	0.0966183574879	0.710144927536	0.193236714976	0.0
-hum	0.444897959184	0.530612244898	0.0244897959184	0.0
-däa	0.00034566194262	0.994469408918	0.00311095748358	0.00207397165572
-däg	0.00796099728462	0.962416687238	0.00222167366082	0.0274006418168
-hud	0.0	1.0	0.0	0.0
-dän	0.079125847777	0.0527505651846	0.0316503391108	0.836473247928
-hub	0.191489361702	0.723404255319	0.0	0.0851063829787
-däm	0.0160254377985	0.0131819239536	0.00418227480489	0.966610363443
-dät	0.351337029681	0.0987786121302	0.0101935308418	0.539690827347
-hut	0.203069657615	0.619834710744	0.177095631641	0.0
-hus	0.0126058783201	0.97854789128	0.000552889400003	0.00829334100007
-häß	0.0789102865195	0.86331611085	0.0126820103335	0.0450915922968
-vas	0.0	1.0	0.0	0.0
-zwa	0.237037037037	0.518518518519	0.133333333333	0.111111111111
-kob	0.00233918128655	0.997660818713	0.0	0.0
-kon	0.0344827586207	0.931034482759	0.0344827586207	0.0
-chä	0.329640086844	0.485204929312	0.145555363022	0.0395996208222
-tum	0.0531923546157	0.805286701911	0.121024806832	0.0204961366409
-tur	0.0148392415499	0.737015663644	0.0997526793075	0.148392415499
-tus	0.00424258836576	0.986014932879	0.00553212890247	0.00421034985235
-kos	0.0	1.0	0.0	0.0
-öch	0.4375	0.50625	0.0375	0.01875
-elä	0.292682926829	0.536585365854	0.0487804878049	0.121951219512
-öck	0.003367003367	0.983164983165	0.013468013468	0.0
-e´s	0.676923076923	0.0461538461538	0.0307692307692	0.246153846154
-lix	0.00516795865633	0.979328165375	0.00516795865633	0.0103359173127
-iil	0.616564417178	0.365030674847	0.0	0.0184049079754
-lit	0.0223742315352	0.921794094727	0.020711749935	0.0351199238029
-feß	0.0178206794134	0.95322071654	0.00278448115834	0.0261741228884
-lis	0.0	1.0	0.0	0.0
-jes	0.0782280867107	0.106503298775	0.781338360038	0.0339302544769
-äer	0.00483173211978	0.983369852239	0.0102814764874	0.00151693915388
-lio	0.0	1.0	0.0	0.0
-omo	0.012438573964	0.977788260779	0.00177693913772	0.00799622611974
-omm	0.102964615875	0.418233981511	0.368823716927	0.109977685687
-lie	0.0785111092892	0.907715011888	0.0137738788227	0.0
-lig	0.406500189634	0.214354320622	0.288070619754	0.0910748699909
-lia	0.00133600534402	0.998663994656	0.0	0.0
-ome	0.0304761904762	0.95746031746	0.00761904761903	0.00444444444445
-a´s	0.524163568773	0.144981412639	0.0892193308551	0.241635687732
-ümä	0.423076923077	0.298076923077	0.0769230769231	0.201923076923
-dus	0.01	0.99	0.0	0.0
-äse	0.688612099644	0.229314946619	0.0429270462633	0.0391459074733
-due	0.0726744186046	0.148255813954	0.00872093023256	0.770348837209
-pas	0.0218181818182	0.890909090909	0.0800000000001	0.00727272727274
-fli	0.138084632517	0.741648106904	0.106904231626	0.0133630289532
-äht	0.710420264824	0.223949337939	0.0414507772021	0.0241796200345
-die	0.249463257614	0.189559391616	0.0881940809745	0.472783269796
-fet	0.558653846154	0.3875	0.0403846153846	0.0134615384615
-dig	0.359504536408	0.372487607584	0.193456143135	0.0745517128727
-fer	0.154975530179	0.796084828711	0.0375203915171	0.0114192495922
-dia	0.0949033391916	0.894551845343	0.0	0.0105448154657
-din	0.139534883721	0.53488372093	0.325581395349	0.0
