kud-	0.502081798926	0.264032943147	0.114619196007	0.11926606192
omo-	0.0241779497098	0.850096711799	0.0386847195358	0.0870406189555
siu-	0.63339876189	0.192208968745	0.0928582213498	0.0815340480145
fig-	0.0	1.0	0.0	0.0
pev-	0.222707423581	0.515283842795	0.157205240175	0.10480349345
viu-	0.100564814367	0.819041717196	0.0239370530569	0.0564564153804
kih-	0.470290059138	0.175725147846	0.269501548859	0.0844832441565
sto-	0.0	0.290780141844	0.709219858156	0.0
nyu-	0.0582538129883	0.790834087838	0.0168738463778	0.134038252796
umf-	0.552770448549	0.0593667546174	0.188654353562	0.199208443272
mpy-	0.0297345839154	0.0133040643917	0.946983303399	0.00997804829375
myu-	0.032967032967	0.247252747253	0.67032967033	0.0494505494506
umt-	0.614688770603	0.289661870709	0.0556565954732	0.0399927632143
der-	0.0142180094787	0.982622432859	0.0	0.00315955766193
hat-	0.187089836945	0.0873716060478	0.0382821486292	0.687256408378
kuv-	0.515291713429	0.254379470343	0.135854871941	0.0944739442872
ayu-	0.0	1.0	0.0	0.0
tib-	0.00186567164179	0.998134328358	0.0	0.0
sog-	0.346456692913	0.606299212598	0.0	0.0472440944882
swa-	0.593805836808	0.386539606909	0.0	0.0196545562835
uit-	0.85883085961	0.088430984223	0.012016288747	0.0407218674203
bay-	0.0900857384374	0.291993720565	0.51056635672	0.107354184277
lij-	0.41423133723	0.351734370558	0.1296877925	0.104346499712
iit-	0.666997026759	0.168979187314	0.0312190287413	0.132804757185
paf-	0.0	1.0	0.0	0.0
abr-	0.0200692326712	0.933116294404	0.010137641144	0.0366768317811
bik-	0.0909958638244	0.185491568565	0.677696468342	0.0458160992682
ong-	0.586002372479	0.285883748517	0.106761565836	0.0213523131673
dah-	0.0569620253164	0.867088607595	0.0379746835443	0.0379746835443
her-	0.28218056578	0.560383526061	0.0990586750552	0.0583772331038
ate-	0.670069527318	0.147680693198	0.0326233591034	0.149626420381
naw-	0.507830864241	0.0761598977737	0.0231778829935	0.392831354992
dor-	0.0	1.0	0.0	0.0
pat-	0.154617208769	0.493531285644	0.28176328117	0.0700882244178
jem-	0.0299781240716	0.42506819348	0.487158019823	0.0577956626246
osh-	0.569664492078	0.339468779124	0.0908667287978	0.0
vae-	0.693611473273	0.159387222946	0.11962190352	0.0273794002607
zia-	0.299635226681	0.402683689422	0.10539343408	0.192287649818
jam-	0.214028876092	0.298445981319	0.0183644228915	0.469160719698
vig-	0.12856346552	0.154483197961	0.627767160376	0.0891861761427
kid-	0.0843586931633	0.240443967751	0.380636064546	0.294561274539
mwi-	0.0541607406476	0.50440808117	0.20323578409	0.238195394092
kiv-	0.157691600809	0.804263922073	0.00882190773755	0.0292225693806
ifa-	0.41986882441	0.298531403721	0.0962429600057	0.185356811863
hor-	0.0687655343827	0.923777961889	0.0	0.00745650372825
nge-	0.0304099918545	0.743687211512	0.224816725495	0.00108607113766
nai-	0.580091859771	0.251835897968	0.105093805953	0.0629784363079
miu-	0.0412489918193	0.859546030649	0.0865883166264	0.0126166609056
zis-	0.301941374313	0.386406347039	0.257263686541	0.0543885921071
yac-	0.507731958763	0.252577319588	0.170103092784	0.069587628866
asi-	0.480507460899	0.261014605926	0.093694324458	0.164783608717
mpe-	0.273400385693	0.199417175596	0.192451496309	0.334730942402
mue-	0.811764705882	0.152941176471	0.0352941176471	0.0
amu-	0.461449498843	0.407864302236	0.0161912104857	0.114494988435
tol-	0.322880371661	0.600464576074	0.0557491289199	0.0209059233449
haz-	0.226302842876	0.612047664613	0.0630481370592	0.0986013554521
fug-	0.0	1.0	0.0	0.0
hah-	0.653620873269	0.232161874334	0.059637912673	0.0545793397231
mle-	0.318455228982	0.301421736159	0.0987833219412	0.281339712919
mus-	0.0374103177315	0.961052271951	0.00153741031773	0.0
pud-	0.0374331550802	0.96256684492	0.0	0.0
tuh-	0.775684931507	0.142123287671	0.0308219178082	0.0513698630137
war-	0.144886989843	0.7003068993	0.116994760669	0.0378113501874
hur-	0.0474179211153	0.55199736199	0.36152733228	0.0390573846147
zid-	0.591111111111	0.204444444444	0.104444444444	0.1
kod-	0.0584025193243	0.941597480676	0.0	0.0
zam-	0.163232247128	0.27993219062	0.277679412319	0.279156149934
uba-	0.146559211893	0.629653374448	0.178602261978	0.0451851516802
hiz-	0.187512652139	0.126738250009	0.0181363235315	0.667612774321
aki-	0.566059487481	0.180772984806	0.0306768629423	0.22249066477
ole-	0.0254447041998	0.596510207413	0.218345484966	0.159699603421
zit-	0.488875970435	0.230120933909	0.0517517709577	0.229251324698
uni-	0.599999268837	0.290728493769	0.0482384467183	0.0610337906755
mms-	0.68253968254	0.015873015873	0.047619047619	0.253968253968
apa-	0.221408558329	0.135825267448	0.0283367294957	0.614429444728
san-	0.183913210687	0.219801995424	0.0832472826068	0.513037511282
nii-	0.588954973409	0.232311422613	0.0583470095384	0.12038659444
mae-	0.0468468468468	0.712072072072	0.109189189189	0.131891891892
arm-	0.0060606060606	0.993939393939	0.0	0.0
tel-	0.322300372362	0.268100951593	0.237898220935	0.17170045511
mii-	0.0179215083306	0.918508809518	0.037758677186	0.0258110049656
mes-	0.00716845878136	0.992831541219	0.0	0.0
adi-	0.0501097293343	0.691294806145	0.135698610095	0.122896854426
ami-	0.10010885753	0.162007386284	0.0447451197767	0.693138636409
aom-	0.858165157933	0.0672286354954	0.00339119120781	0.0712150153641
win-	0.100079593037	0.758244800498	0.052946672665	0.0887289337993
gid-	0.0697278911565	0.894557823129	0.0357142857143	0.0
uke-	0.26249616682	0.576510272922	0.0873965041398	0.0735970561178
uhi-	0.263157894737	0.421052631579	0.315789473684	0.0
wan-	0.265183425004	0.429386390226	0.0484994573456	0.256930727425
ged-	0.0	1.0	0.0	0.0
atw-	0.689191981815	0.261210994007	0.0	0.0495970241785
ili-	0.243434254215	0.0865530649924	0.025111922079	0.644900758714
kaj-	0.742778541953	0.141678129298	0.0660247592847	0.0495185694635
yem-	0.457478005865	0.313782991202	0.158357771261	0.0703812316716
heb-	0.709198813056	0.20178041543	0.0	0.0890207715133
the-	0.0118783196523	0.339908256881	0.232061805891	0.416151617576
ani-	0.752196071379	0.0962924274795	0.050955567468	0.100555933673
upi-	0.251546105205	0.595233131819	0.0413452852477	0.111875477729
sun-	0.0243717959492	0.951046306412	0.000630305067652	0.0239515925708
hag-	0.0	0.988679245283	0.011320754717	0.0
ahu-	0.476175040519	0.282009724473	0.191247974068	0.05056726094
ban-	0.104155423637	0.797625472207	0.0528872099298	0.0453318942256
iig-	0.901315789474	0.0394736842105	0.0394736842105	0.0197368421053
ise-	0.583898031623	0.312197483059	0.0463052597612	0.0575992255567
wen-	0.107692133005	0.200575650739	0.251698614136	0.44003360212
ale-	0.478232141546	0.440129212246	0.0403788268115	0.0412598193965
sid-	0.0679715203523	0.869249872174	0.0376486183671	0.0251299891071
bon-	0.129455141336	0.786562884064	0.0368701351905	0.0471118394101
kue-	0.564234901333	0.149451340445	0.0362582413796	0.250055516843
adu-	0.0737350734928	0.856758387695	0.0266045306987	0.0429020081135
uog-	0.158494147422	0.572603606454	0.0980702309396	0.170832015185
vit-	0.205067511765	0.575791423373	0.0319752131269	0.187165851735
siv-	0.267921025105	0.0556982217573	0.00470711297071	0.671673640167
ukw-	0.0721297263453	0.785723961265	0.0776624213216	0.0644838910679
ina-	0.463057986456	0.247624949289	0.140496899394	0.14882016486
fad-	0.246984402617	0.626810133648	0.0570560327452	0.0691494309901
umu-	0.682092555332	0.209255533199	0.0482897384306	0.0603621730382
vyu-	0.110145877725	0.799704966399	0.0852319291919	0.00491722668414
mde-	0.270593649333	0.317073170732	0.0386562356189	0.373676944317
tia-	0.418079096045	0.514124293785	0.0677966101695	0.0
lii-	0.267791225755	0.600662207208	0.122150383677	0.00939618335981
ang-	0.390037521141	0.395364355678	0.0619755771909	0.152622545991
mbi-	0.0600145843486	0.753634087811	0.0583987745686	0.127952553272
zab-	0.0821061200326	0.901591495771	0.00868444765607	0.00761793654041
aid-	0.484375	0.25	0.171875	0.09375
nav-	0.389234836865	0.238152348716	0.0715430876621	0.301069726758
amf-	0.418437162406	0.420867842996	0.0775117032769	0.0831832913216
pwa-	0.150071530758	0.636981402003	0.0217453505007	0.191201716738
daw-	0.257657657658	0.634234234234	0.0540540540541	0.0540540540541
tao-	0.0754716981132	0.839622641509	0.0849056603773	0.0
kuw-	0.527115657599	0.0791625491132	0.0253593922278	0.36836240106
omb-	0.427874346641	0.458674122053	0.0287680668669	0.0846834644393
jal-	0.925925925926	0.0740740740741	0.0	0.0
lai-	0.481136966936	0.153279593003	0.170150629506	0.195432810554
vif-	0.268808906132	0.621852423046	0.0769260213689	0.0324126494532
nit-	0.640706398748	0.169033277451	0.0433891331031	0.146871190698
nif-	0.668081087834	0.0480183281881	0.0341324389449	0.249768145033
vug-	0.0215827338129	0.0395683453237	0.938848920863	0.0
mma-	0.04	0.44	0.52	0.0
nah-	0.213473370207	0.672332359704	0.0599714125909	0.054222857498
hik-	0.0755893767348	0.0379989204951	0.00187825618612	0.884533446584
aud-	0.551724137931	0.315270935961	0.0935960591133	0.039408866995
fuf-	0.558535123997	0.30848032267	0.0122754972307	0.120709056102
uyu-	0.037037037037	0.925925925926	0.037037037037	0.0
hay-	0.112105178041	0.113651033831	0.0203101122547	0.753933675873
elm-	0.0	1.0	0.0	0.0
fup-	0.223270440252	0.235849056604	0.221174004193	0.319706498952
ran-	0.106099815157	0.217005545286	0.663216266174	0.0136783733826
zel-	0.0	1.0	0.0	0.0
agr-	0.0048730964467	0.99269035533	0.0	0.00243654822335
was-	0.421265016415	0.251868698021	0.143761101925	0.183105183638
tuo-	0.528949712527	0.378249250951	0.0242934650579	0.0685075714633
moj-	0.108685613603	0.0481654192591	0.0551627903341	0.787986176803
dog-	0.0358964670319	0.140374078972	0.619686378235	0.20404307576
leg-	0.0	0.904761904762	0.0	0.0952380952381
wos-	0.438400205761	0.440843621399	0.051311728395	0.0694444444444
hiy-	0.0805994450254	0.0388857539268	0.0151265518063	0.865388249242
joh-	0.0638553717295	0.856947381515	0.0472695608906	0.0319276858647
kok-	0.308571428571	0.114285714286	0.00285714285714	0.574285714286
ofi-	0.0759928092825	0.85591327559	0.0272375660511	0.0408563490767
nik-	0.642144689445	0.164829516979	0.0451570959997	0.147868697577
maj-	0.0976875030893	0.784511985691	0.0592827288273	0.0585177823922
nih-	0.352886369812	0.558057378004	0.0159167669552	0.0731394852285
aun-	0.661538461539	0.338461538461	0.0	0.0
kov-	0.00569476082004	0.99430523918	0.0	0.0
sek-	0.0	1.0	0.0	0.0
yan-	0.0839106263847	0.0658788775656	0.0279289051561	0.822281590894
min-	0.105553921088	0.401392566441	0.285083848191	0.20796966428
aap-	0.806666666667	0.193333333333	0.0	0.0
lul-	0.00476014174644	0.97540593431	0.0198339239435	0.0
adh-	0.227187900309	0.482889336873	0.138470573286	0.151452189532
kay-	0.0113180853572	0.984437632634	0.00282952133931	0.00141476066965
amn-	0.78286322512	0.137307078233	0.0798296966472	0.0
jih-	0.538002626151	0.310830756599	0.116026365778	0.0351402514719
huo-	0.13795403515	0.050299387949	0.0250531230669	0.786693453835
aon-	0.695843755659	0.151829981309	0.0649677892598	0.0873584737726
wao-	0.0726707886601	0.0470508831053	0.053558669481	0.826719658754
dhi-	0.106212896021	0.468288955505	0.0167518956093	0.408746252865
kak-	0.0147601476015	0.891758917589	0.0393603936039	0.0541205412054
siz-	0.754966887417	0.105960264901	0.0794701986755	0.0596026490066
aan-	0.560626272555	0.292810503405	0.0795127431018	0.067050480938
smu-	0.0	1.0	0.0	0.0
nye-	0.0703601108033	0.0241920590951	0.897137580794	0.00831024930748
ipe-	0.0967741935484	0.322580645161	0.58064516129	0.0
sau-	0.152795865801	0.678478214905	0.0234410511151	0.145284868178
mta-	0.339603013603	0.401635180046	0.121025117465	0.137736688886
pri-	0.0112612612613	0.986486486486	0.0	0.00225225225225
twe-	0.619263387145	0.135085656611	0.0130278936509	0.232623062593
bom-	0.670888581041	0.297447061152	0.00791608945181	0.0237482683554
pop-	0.144597249509	0.21270464964	0.0484610347086	0.594237066143
bai-	0.353748680042	0.374868004224	0.110876451954	0.16050686378
liz-	0.600791052919	0.161893071468	0.0859247135843	0.151391162029
niu-	0.707211086752	0.147157845286	0.0551988725336	0.0904321954275
men-	0.0599498552934	0.307623740219	0.448309607528	0.18411679696
sie-	0.469005990953	0.206484085259	0.00499246036598	0.319517463423
bus-	0.0557407976133	0.4319757262	0.429991464684	0.0822920115028
deb-	0.188836104513	0.59026128266	0.163895486936	0.0570071258908
kuf-	0.558157254424	0.213622552162	0.0778795526109	0.150340640803
nig-	0.037037037037	0.962962962963	0.0	0.0
laz-	0.237992190304	0.233085687044	0.0605546062746	0.468367516377
aza-	0.609016295944	0.198287141668	0.0	0.192696562388
siw-	0.573533118196	0.131731496261	0.0575238076412	0.237211577902
nyw-	0.0208179536394	0.956592351986	0.00310054628673	0.019489148088
pit-	0.507304942493	0.134286602425	0.0749145166304	0.283493938452
umd-	0.739002932551	0.120234604106	0.0	0.140762463343
eti-	0.473655263447	0.289297107029	0.010449895501	0.226597734023
umr-	0.0471362016991	0.190737188271	0.66456563442	0.0975609756097
mpu-	0.161146161935	0.535488958991	0.27523659306	0.0281282860147
msa-	0.149603868806	0.683244628813	0.0120982391468	0.155053263234
lih-	0.545851528384	0.384279475982	0.0524017467249	0.0174672489083
pet-	0.0143992726647	0.91875222685	0.00206405956286	0.0647844409224
sai-	0.32380952381	0.542857142857	0.0380952380952	0.0952380952381
viw-	0.215194591405	0.166709805667	0.280576060961	0.337519541967
lot-	0.148049047362	0.228175796013	0.289512283009	0.334262873615
uut-	0.758196721311	0.118852459016	0.0737704918033	0.0491803278689
ish-	0.0806785782758	0.722448992214	0.0857190567193	0.111153372791
awa-	0.503665610268	0.200880017989	0.091248015745	0.204206355998
nay-	0.0794764830891	0.0341362478954	0.00345517994545	0.88293208907
sua-	0.491803278689	0.325307377049	0.121413934426	0.0614754098361
lif-	0.64796259185	0.179692718771	0.100868403474	0.0714762859051
fes-	0.0138067061144	0.977317554241	0.00197238658777	0.0069033530572
mhe-	0.0829864154251	0.781140446976	0.0718941717791	0.0639789658195
paz-	0.0558082428774	0.850517621453	0.0615285877724	0.0321455478974
kot-	0.0968034586264	0.323602213162	0.142466735361	0.43712759285
ony-	0.472540313157	0.362701565786	0.0301472306614	0.134610890395
tan-	0.118475837267	0.0923454552059	0.0421206674958	0.747058040031
che-	0.134657793906	0.477997875848	0.273341704558	0.114002625688
kup-	0.446582171952	0.208103929892	0.067541693246	0.277772204909
vii-	0.191983122363	0.333333333333	0.316455696203	0.158227848101
niw-	0.557892012302	0.177963466057	0.0739748138758	0.190169707765
ngu-	0.117743957665	0.603468986957	0.155158826543	0.123628228835
enz-	0.0371386212009	0.932839140104	0.0122312824314	0.0177909562639
ton-	0.0408858603066	0.959114139693	0.0	0.0
uja-	0.253686922382	0.491879605528	0.120147843505	0.134285628585
yaa-	0.373770555283	0.0787522265534	0.0170057051398	0.530471513024
nak-	0.601359894501	0.173568711789	0.0472286467901	0.177842746921
niy-	0.558524572985	0.197631771979	0.103740961962	0.140102693073
mji-	0.0577059437188	0.825553478472	0.00807738503211	0.108663192777
aya-	0.663982708029	0.256899279099	0.0344873389444	0.044630673928
olu-	0.0	1.0	0.0	0.0
bee-	0.044239276784	0.955760723216	0.0	0.0
fua-	0.680769230769	0.246153846154	0.0576923076923	0.0153846153846
mme-	0.588926193921	0.154161398502	0.0961501322706	0.160762275306
tin-	0.0105015752363	0.985297794669	0.00420063009451	0.0
han-	0.575974840227	0.0652111044093	0.0781480102739	0.28066604509
rai-	0.0671024869427	0.859672788904	0.0628480509149	0.0103766732386
pub-	0.0773295527774	0.903338059028	0.0154659105555	0.00386647763887
top-	0.0156114483955	0.905030355594	0.0793581960103	0.0
tun-	0.467471807503	0.185546584717	0.0618902105122	0.285091397268
fai-	0.271798478275	0.323189221801	0.133601407678	0.271410892246
dad-	0.00875661673612	0.989554003829	0.0	0.00168937943462
ubo-	0.2796566077	0.522632674298	0.176899063476	0.0208116545265
ais-	0.738239403819	0.191248770895	0.0263934171712	0.0441184081147
zao-	0.0547694578805	0.0209183993969	0.0168666373516	0.907445505371
udo-	0.0446743790123	0.856921245596	0.0517679459501	0.0466364294419
rom-	0.00413688492565	0.637631863207	0.349957482016	0.00827376985132
jes-	0.0114285714286	0.855451895044	0.0868804664723	0.0462390670554
uda-	0.108162676666	0.679550043265	0.12662244015	0.0856648399193
uno-	0.271186440678	0.627118644068	0.101694915254	0.0
mak-	0.0862165620816	0.788111433697	0.0617303550321	0.0639416491894
hon-	0.796583850932	0.124223602484	0.027950310559	0.0512422360249
hup-	0.543391074148	0.287844156433	0.101931775708	0.0668329937118
auo-	0.482142857143	0.389285714286	0.0428571428571	0.0857142857143
kiz-	0.157408692031	0.700749609786	0.0594932397718	0.0823484584111
miy-	0.0820045558086	0.0227790432802	0.895216400911	0.0
yun-	0.477102121014	0.355635044587	0.0947150989974	0.0725477354023
yao-	0.0813697407626	0.0222820376261	0.00324586530019	0.893102356311
mio-	0.0767653739862	0.46947344251	0.012325430734	0.44143575277
apu-	0.708762886598	0.252577319588	0.0386597938144	0.0
ara-	0.050344620917	0.931675157327	0.0107881330537	0.00719208870242
gad-	0.0	1.0	0.0	0.0
amo-	0.0	1.0	0.0	0.0
kaz-	0.329177918769	0.44490672941	0.0162846929845	0.209630658837
got-	0.107569721116	0.860557768924	0.0	0.0318725099601
hun-	0.61050706229	0.172543440707	0.0269281577076	0.190021339295
uag-	0.342382894922	0.615417076945	0.02532001688	0.0168800112533
ask-	0.0734403517505	0.874113364858	0.0113292268127	0.0411170565787
wah-	0.290051091974	0.581462369613	0.0965731822394	0.0319133561731
jie-	0.496411692631	0.307019079293	0.153509539646	0.0430596884299
kal-	0.158563973842	0.193718211242	0.45816104102	0.189556773895
god-	0.0	0.945611866502	0.0	0.0543881334981
mko-	0.0748412708452	0.761601348584	0.0220388980574	0.141518482513
kel-	0.493276538879	0.0855257663075	0.0165372087196	0.404660486094
ewe-	0.174685666387	0.362279966471	0.0895222129086	0.373512154233
any-	0.423374422609	0.168420477219	0.369666821549	0.0385382786236
upy-	0.297608112577	0.0911930043722	0.324797001874	0.286401881177
yoy-	0.223079795842	0.059338561766	0.0282999294576	0.689281712934
pos-	0.164037854889	0.760252365931	0.0757097791798	0.0
mgo-	0.0920181351787	0.0250551810535	0.784197339378	0.0987293443894
bur-	0.147025901087	0.238492461333	0.360240225041	0.254241412539
ile-	0.0589941643465	0.018235350888	0.0382087215021	0.884561763263
afy-	0.0414162741595	0.170131557577	0.353987331493	0.434464836771
efe-	0.00877390326209	0.974690663667	0.00303712035996	0.0134983127109
anw-	0.159211523882	0.749810462472	0.0653904473086	0.0255875663381
bah-	0.0254463003852	0.905195203818	0.00874613437363	0.0606123614233
rib-	0.0360576923076	0.963942307692	0.0	0.0
wep-	0.173737373737	0.125252525253	0.610101010101	0.0909090909091
mpi-	0.369336113077	0.508635694203	0.0761241703804	0.04590402234
bor-	0.0665796267093	0.237321840196	0.530076258801	0.166022274294
kug-	0.518278454758	0.288112522686	0.152774176821	0.040834845735
iki-	0.19406998758	0.0611139072404	0.0370326168976	0.707783488282
jue-	0.543504153887	0.146964237858	0.0453354375726	0.264196170682
nje-	0.0597190229662	0.301297694255	0.215174356284	0.423808926494
nee-	0.0311948931368	0.88983917613	0.0460781547577	0.0328877759752
uhe-	0.528957528958	0.378378378378	0.0579150579151	0.034749034749
sot-	0.0566337864646	0.0147183851829	0.00329106749431	0.925356760858
biz-	0.0157480314961	0.984251968504	0.0	0.0
iac-	0.791469194313	0.208530805687	0.0	0.0
ume-	0.496214248742	0.213016283247	0.0817678554138	0.209001612597
vye-	0.139415091563	0.308948131951	0.123940878414	0.427695898072
fru-	0.0	0.965034965035	0.034965034965	0.0
pak-	0.235905325457	0.150632812041	0.0235133074672	0.589948555035
eth-	0.0	0.934210526316	0.0657894736842	0.0
ute-	0.43655254124	0.472916729957	0.0167086915576	0.0738220372452
ums-	0.817077659183	0.14979757085	0.011041589989	0.0220831799779
tru-	0.0188679245283	0.981132075472	0.0	0.0
ber-	0.0	0.948869951834	0.0	0.051130048166
fah-	0.27399152427	0.554965208517	0.100177291276	0.0708659759372
iis-	0.634146341463	0.353658536585	0.0121951219512	0.0
mga-	0.319116414378	0.471327843795	0.159262363789	0.0502933780386
viv-	0.0811014916602	0.0510361883913	0.254115327932	0.613746992016
pes-	0.0689655172414	0.873563218391	0.0574712643678	0.0
ane-	0.663644517423	0.229503762701	0.0201198197913	0.0867319000848
ahi-	0.343649946638	0.447171824973	0.164354322305	0.0448239060833
bid-	0.218272560603	0.337281378227	0.154453918459	0.289992142712
aoz-	0.235371914075	0.657462327669	0.0566688041039	0.050496954152
liw-	0.306476336463	0.582966085457	0.0396787379447	0.0708788401354
isi-	0.199924442164	0.198701178998	0.111991354848	0.48938302399
diw-	0.062015503876	0.829457364341	0.108527131783	0.0
sif-	0.222022529365	0.65262215939	0.0289512866403	0.0964040246049
duk-	0.551020408163	0.197278911565	0.0408163265306	0.210884353742
bat-	0.610139075819	0.208613728129	0.138178555406	0.0430686406461
gha-	0.107772506449	0.644600176825	0.0462844587587	0.201342857968
fer-	0.0	1.0	0.0	0.0
lie-	0.156589147287	0.716795865633	0.0614987080103	0.0651162790697
loi-	0.0	1.0	0.0	0.0
jen-	0.023166023166	0.936293436293	0.003861003861	0.0366795366795
sub-	0.0884080370942	0.533539412674	0.336630602782	0.0414219474497
aib-	0.0797115572013	0.376437341649	0.464529331514	0.0793217696356
dau-	0.00106947105744	0.991176863776	0.00106947105744	0.006684194109
iha-	0.426701570681	0.181937172775	0.359947643979	0.0314136125655
tam-	0.208645569205	0.651638623788	0.0694571490717	0.0702586579345
jan-	0.0349725339348	0.911755752653	0.0264283045758	0.0268434088362
ovy-	0.405016308627	0.373411314813	0.168709931391	0.0528624451692
vih-	0.226552984166	0.554202192448	0.219244823386	0.0
niv-	0.351100811124	0.450753186559	0.0660486674392	0.132097334878
toa-	0.388931595646	0.323421078407	0.129643865215	0.158003460731
vua-	0.549199084668	0.12471395881	0.0823798627002	0.243707093821
eny-	0.0620927691409	0.353813155111	0.0399151283193	0.544178947429
fel-	0.00253093363329	0.973003374578	0.0	0.0244656917885
kii-	0.621028571429	0.269485714286	0.0779428571429	0.0315428571428
hii-	0.0855980038033	0.0246589998222	0.0136500685857	0.876092927789
tim-	0.0683602093123	0.823579666809	0.0550979816318	0.0529621422469
tri-	0.0	1.0	0.0	0.0
mmp-	0.797297297297	0.0405405405405	0.0810810810811	0.0810810810811
zen-	0.0539523549016	0.0838735620217	0.0191395657102	0.843034517366
shi-	0.196193888814	0.608767385105	0.092570540875	0.102468185206
kwi-	0.289422704378	0.471522665634	0.200309957381	0.0387446726075
rah-	0.0583299309919	0.434567978781	0.441628669889	0.0654734203381
mol-	0.0480288172904	0.801881128677	0.0840504302581	0.0660396237742
tos-	0.289680527383	0.20537525355	0.409229208925	0.095715010142
ham-	0.607663919701	0.148710489145	0.0595640944138	0.18406149674
fur-	0.15770188584	0.625267407546	0.139962480664	0.0770682259497
onj-	0.790849673203	0.209150326797	0.0	0.0
tes-	0.925045703839	0.0639853747715	0.0109689213894	0.0
aip-	0.491997858855	0.356737236527	0.0146621878467	0.136602716771
naj-	0.617076045657	0.0429283731647	0.173675456408	0.16632012477
oga-	0.601449275362	0.398550724638	0.0	0.0
jer-	0.287181303116	0.553116147309	0.11933427762	0.0403682719547
ogo-	0.303501945525	0.4046692607	0.268482490272	0.023346303502
nij-	0.481525490862	0.235990871197	0.0526226447123	0.229860993229
aul-	0.71295523155	0.138673004046	0.0481726507804	0.100199113623
mah-	0.107482223083	0.508809792119	0.0256926053269	0.358015379471
tum-	0.393245715542	0.405119693316	0.0624062623233	0.139228328819
eno-	0.037037037037	0.962962962963	0.0	0.0
ite-	0.710227272727	0.153409090909	0.0454545454545	0.090909090909
yal-	0.363243744766	0.171676615768	0.0591800361345	0.405899603331
yaz-	0.134288272158	0.288272157565	0.053715308863	0.523724261414
aub-	0.988414192614	0.0115858073859	0.0	0.0
euf-	0.0	1.0	0.0	0.0
mil-	0.0128314632243	0.232516075604	0.348145209284	0.406507251888
yer-	0.00570570570571	0.9728924046	8.78927708196e-05	0.0213139969238
jij-	0.794117647059	0.147058823529	0.0	0.0588235294118
tus-	0.422955264639	0.185155461095	0.0972341570458	0.294655117221
uad-	0.0703655990405	0.733819021812	0.117453689307	0.0783616898405
hum-	0.398397458765	0.134183411942	0.0393390944325	0.428080034861
aml-	0.674403610574	0.269503546099	0.0251450676983	0.0309477756286
wai-	0.437803714064	0.459177876778	0.0492949604424	0.0537234487153
jid-	0.406658739596	0.193816884661	0.171224732461	0.228299643282
kam-	0.0903904715068	0.021008252013	0.0223260756394	0.866275200841
kem-	0.532374100719	0.287769784173	0.115107913669	0.0647482014388
ng’-	0.0946756152125	0.686085011186	0.0320357941834	0.187203579418
saw-	0.270056212064	0.0978454378513	0.223264224736	0.408834125349
uzi-	0.0544361200147	0.849523084039	0.0689401651974	0.0271006307483
por-	0.143197458973	0.657755426151	0.199047114876	0.0
alf-	0.0258055309458	0.724532894124	0.0634732817619	0.186188293168
yod-	0.202372127502	0.496664195701	0.300963676798	0.0
bak-	0.249408220357	0.620830643426	0.128469980633	0.00129115558425
say-	0.0337837837838	0.966216216216	0.0	0.0
epa-	0.0106406561738	0.977388605631	0.0053203280869	0.00665041010862
bwa-	0.00716831617502	0.959638927187	0.001422325855	0.0317704307829
mch-	0.113892935096	0.656722202157	0.160622664764	0.0687621979823
nis-	0.503295802481	0.278737185096	0.0566013056779	0.161365706745
for-	0.0397756246813	0.960224375319	0.0	0.0
mel-	0.178318839867	0.777462761836	0.0089174794898	0.0353009188079
fik-	0.333207796536	0.511516806734	0.0365982963793	0.11867710035
siy-	0.224566574875	0.183997207462	0.0350036845984	0.556432533064
uud-	0.0602409638554	0.771084337349	0.168674698795	0.0
umb-	0.13512019895	0.754582297136	0.00967117988395	0.100626324031
nyi-	0.0574629272952	0.0637503162021	0.183757738584	0.695029017919
mhu-	0.333123741656	0.601051769144	0.0527408875255	0.0130836016742
paj-	0.0	0.97696678098	0.00614219173876	0.0168910272816
ian-	0.441148507321	0.456170374596	0.0570450656018	0.0456360524814
ump-	0.36821192053	0.376158940397	0.0211920529801	0.234437086093
and-	0.351354272357	0.612843335975	0.00983610651881	0.0259662851484
iny-	0.252491694352	0.548172757475	0.0332225913621	0.166112956811
mtu-	0.0606050787444	0.601696539638	0.0107309347022	0.326967446916
per-	0.0	0.999015425008	0.0	0.000984574991796
sok-	0.0259394745594	0.848021283671	0.0675091453276	0.0585300964416
liv-	0.888888888889	0.111111111111	0.0	0.0
mva-	0.686575342466	0.129315068493	0.0805479452054	0.103561643836
lid-	0.113355780023	0.830527497194	0.0392817059484	0.016835016835
zim-	0.510640289682	0.212279655323	0.21711146494	0.0599685900549
div-	0.0696151798231	0.912827311625	0.00307427192546	0.0144832366266
ata-	0.650679608274	0.151459972205	0.0435474152603	0.154313004261
uin-	0.300131926121	0.286279683377	0.00593667546174	0.40765171504
baw-	0.169082125604	0.787439613527	0.0434782608696	0.0
aic-	0.7389224572	0.166666666667	0.0226586102719	0.071752265861
kur-	0.375357969255	0.425172016159	0.0397870894331	0.159682925153
ome-	0.00902255639098	0.947368421053	0.0436090225564	0.0
uen-	0.767014620005	0.140198695195	0.0103828794715	0.0824038053292
pro-	0.0	1.0	0.0	0.0
laf-	0.214285714286	0.285714285714	0.47619047619	0.0238095238095
vik-	0.435986600784	0.40961772686	0.0800413683461	0.0743543040097
tal-	0.0736789412295	0.744971851443	0.0102533246862	0.171095882642
hao-	0.0586035653359	0.0343895859045	0.015586009749	0.891420839011
450-	0.0	0.139937106918	0.0	0.860062893082
taz-	0.529825132294	0.215833391442	0.00440074688732	0.249940729377
kit-	0.190418249538	0.549147784953	0.0369040217989	0.22352994371
chi-	0.0812918967134	0.168301278235	0.0176621607789	0.732744664273
nga-	0.041698735133	0.805063909572	0.0192004720648	0.134036883231
kij-	0.0572019824031	0.625689993835	0.27787097175	0.0392370520118
mpa-	0.0901600364714	0.0789921784933	0.0204113540942	0.810436430941
pin-	0.21105895669	0.698724990845	0.0452744765138	0.0449415759513
mdh-	0.160633484163	0.764705882353	0.0135746606335	0.0610859728507
bei-	0.142118863049	0.813953488372	0.0129198966408	0.031007751938
mje-	0.381469979296	0.575051759834	0.0341614906832	0.00931677018634
mli-	0.46789616671	0.355008923151	0.0578469118928	0.119247998246
hal-	0.259790140049	0.134262403298	0.14610175287	0.459845703784
ter-	0.0	0.98844598498	0.0115540150202	0.0
zai-	0.0633365304024	0.0187503780318	0.3060607295	0.611852362066
nam-	0.110606587488	0.100178055209	0.0431819489858	0.746033408317
aen-	0.678692946824	0.0335730965029	0.0305820575177	0.257151899155
oli-	0.039603960396	0.960396039604	0.0	0.0
won-	0.144351464435	0.512552301255	0.294979079498	0.0481171548117
ula-	0.180287664877	0.716510903427	0.068071849937	0.0351295817591
kon-	0.0233208721806	0.968722006196	0.000900806221567	0.00705631540228
yul-	0.0304871508208	0.0701793390377	0.0113687537293	0.887964756412
put-	0.0	1.0	0.0	0.0
elf-	0.0268710705365	0.0814744638705	0.00335888381706	0.888295581776
aum-	0.64743083004	0.267193675889	0.00948616600791	0.0758893280632
nim-	0.600676760029	0.153587862828	0.0592898252444	0.186445551898
tor-	0.0245521733684	0.968933984718	0.0	0.00651384191407
avi-	0.287398736056	0.59977944607	0.0526996649277	0.0601221529457
tul-	0.536183472479	0.18082961357	0.0508058281071	0.232181085843
efr-	0.0	1.0	0.0	0.0
hoh-	0.462994836489	0.0344234079174	0.189328743546	0.313253012048
yam-	0.487524609774	0.225311861009	0.180746085392	0.106417443826
mai-	0.118869289372	0.643709527692	0.0749505670139	0.162470615922
ape-	0.484451263464	0.257357332619	0.1611714068	0.0970199971168
aja-	0.596430456622	0.137890436244	0.119168914417	0.146510192717
hul-	0.693333205165	0.191902523532	0.0726715776589	0.042092693644
auc-	0.910039113429	0.0352020860496	0.0156453715776	0.039113428944
isr-	0.0120689321703	0.966210858171	0.00800727230528	0.0137129373537
iba-	0.155840636011	0.714969735297	0.059806667269	0.0693829614238
mim-	0.111456780796	0.0257973911524	0.00541357470885	0.857332253343
uwi-	0.861423220974	0.138576779026	0.0	0.0
yes-	0.00428664655741	0.781825594747	0.00212733460878	0.211760424087
zom-	0.0660792951542	0.933920704846	0.0	0.0
pun-	0.0696402278614	0.835610057219	0.0214527656422	0.0732969492777
tur-	0.219493476592	0.627014581735	0.0	0.153491941673
jiu-	0.701438848921	0.190647482014	0.0647482014389	0.0431654676259
amm-	0.927152317881	0.0596026490066	0.0132450331126	0.0
kan-	0.0659026505722	0.618752837662	0.0142626775007	0.301081834265
agi-	0.470865270051	0.410081526583	0.0151982812808	0.103854922085
juu-	0.0765459995612	0.017559141831	0.00876474738823	0.89713011122
uhu-	0.121284314256	0.69354052737	0.134685148086	0.0504900102875
waj-	0.416612097376	0.382190368933	0.106674594279	0.0945229394123
uka-	0.547445730037	0.258187599403	0.0779705678493	0.11639610271
afu-	0.695780522824	0.15476161006	0.0760285671849	0.0734292999306
100-	0.0	0.125996810207	0.00637958532695	0.867623604466
udu-	0.294285714286	0.227142857143	0.42	0.0585714285714
mna-	0.571785391415	0.194546562141	0.0692594226102	0.164408623834
mki-	0.485748848662	0.215134388608	0.0679461976124	0.231170565118
ken-	0.0811170212765	0.702127659575	0.106382978723	0.110372340426
nne-	0.0222072678331	0.014131897712	0.28869448183	0.674966352625
ufa-	0.034694894256	0.911534442465	0.0275553483201	0.0262153149589
bub-	0.302318486882	0.0483018100468	0.574944071588	0.0744356314826
ilu-	0.0	1.0	0.0	0.0
sih-	0.473282442748	0.0916030534351	0.435114503817	0.0
mem-	0.0892392589673	0.038565234529	0.803106030745	0.0690894757588
ala-	0.292205026267	0.586539826778	0.0694306403522	0.0518245066023
upe-	0.129228257524	0.705169902018	0.0239039264091	0.14169791405
yoe-	0.037037037037	0.962962962963	0.0	0.0
pom-	0.168604651163	0.505813953488	0.290697674419	0.0348837209302
tha-	0.0838200571642	0.381229029452	0.460699639617	0.0742512737666
anu-	0.894753038929	0.105246961071	0.0	0.0
aam-	0.78807291912	0.111592632719	0.0367421922841	0.0635922558764
lug-	0.113475597123	0.833545446473	0.0469411312043	0.00603782519904
ion-	0.413773717498	0.222628250176	0.116936050597	0.246661981729
wer-	0.24644549763	0.322274881517	0.270142180095	0.161137440758
afe-	0.551943142295	0.387569938001	0.0120973839407	0.0483895357629
uok-	0.781818181818	0.0363636363636	0.0363636363636	0.145454545455
kua-	0.551962743722	0.298580309578	0.0768283422302	0.0726286044697
mbw-	0.0244273443092	0.946134574087	0.0281853972799	0.00125268432355
bit-	0.0	1.0	0.0	0.0
uri-	0.113687434235	0.787978115606	0.014693653472	0.0836407966866
utu-	0.104534981107	0.746122074705	0.0998250716711	0.0495178725173
umc-	0.842767295598	0.0566037735849	0.0754716981132	0.0251572327044
pai-	0.917385534174	0.0487723954877	0.00597213005973	0.0278699402787
sur-	0.1759092355	0.631322235182	0.0788887710741	0.113879758244
uus-	0.909090909091	0.0909090909091	0.0	0.0
fri-	0.0	0.964539007092	0.0354609929078	0.0
bet-	0.00640520662313	0.986747848366	0.00132521516341	0.00552172984753
law-	0.0803873587755	0.641016296142	0.202842713594	0.0757536314886
sal-	0.223058859642	0.619234133988	0.0558821272351	0.101824879134
isk-	0.0	0.972284524191	0.0257930150593	0.00192246074976
mbe-	0.0630449506266	0.282720818261	0.0080565466216	0.64617768449
bad-	0.157539058886	0.0388648367607	0.0283462714308	0.775249832923
liu-	0.779459207769	0.203778228623	0.0167625636079	0.0
gho-	0.0198878123406	0.534421213666	0.284548699643	0.16114227435
zil-	0.33125290242	0.232582023227	0.0518410582022	0.384324016151
lic-	0.291411042945	0.363803680982	0.079754601227	0.265030674847
jok-	0.00880597014925	0.960746268657	0.0116417910448	0.0188059701493
vij-	0.0549123201439	0.56654676259	0.363927607914	0.0146133093525
sul-	0.0	0.924170616114	0.0758293838863	0.0
naz-	0.0974308294317	0.785009190621	0.0123071276773	0.10525285227
dru-	0.0	1.0	0.0	0.0
zum-	0.0163599182004	0.71915473756	0.26448534424	0.0
fed-	0.135252734062	0.811633102161	0.0301080288077	0.0230061349693
kus-	0.551837821426	0.21162386975	0.0480416561468	0.188496652677
mfu-	0.176808008098	0.587879128707	0.162477036704	0.0728358264912
imo-	0.717391304348	0.152173913044	0.0434782608696	0.0869565217392
jah-	0.598360655738	0.303278688525	0.0491803278689	0.0491803278689
ugo-	0.187535042937	0.674653997108	0.057839289403	0.0799716705521
tak-	0.206669289789	0.0778575644304	0.675929569152	0.039543576628
mun-	0.0306964646696	0.913319990765	0.00616343205453	0.0498201125111
tay-	0.20362933708	0.0191386501167	0.456045637752	0.321186375051
ihu-	0.692307692308	0.0818330605564	0.0	0.225859247136
niz-	0.511415525114	0.194254185692	0.161149162861	0.133181126332
saf-	0.22899149787	0.214098813933	0.358423822418	0.198485865779
jaz-	0.465346534653	0.356435643564	0.0891089108911	0.0891089108911
ija-	0.23038224988	0.0642220509764	0.0549602337991	0.650435465345
abe-	0.0353287536801	0.96467124632	0.0	0.0
tik-	0.0133333333333	0.986666666667	0.0	0.0
idh-	0.510135135135	0.435810810811	0.0135135135135	0.0405405405405
pim-	0.367816091954	0.48275862069	0.0	0.149425287356
tro-	0.00158646218932	0.998413537811	0.0	0.0
ser-	0.0912547528517	0.853439336329	0.0428620808849	0.0124438299343
beh-	0.0191235059761	0.957768924303	0.00478087649404	0.0183266932271
iyo-	0.17087667162	0.10029717682	0.472511144131	0.256315007429
jiz-	0.0681818181818	0.801948051948	0.12987012987	0.0
sho-	0.0869210437621	0.890727830699	0.0074503751796	0.0149007503592
itu-	0.315374942088	0.448077304918	0.0796876034152	0.15686014958
zah-	0.677419354839	0.129032258065	0.150537634409	0.0430107526882
uso-	0.234650742006	0.702873092246	0.00616647869725	0.0563096870512
nal-	0.572393562543	0.117746225441	0.050535858446	0.259324353569
rob-	0.0364372469636	0.17004048583	0.793522267206	0.0
kes-	0.0417400663242	0.464462300556	0.430923064894	0.0628745682261
ain-	0.15233921561	0.710451148413	0.0727784951285	0.0644311408486
daa-	0.0714285714286	0.857142857143	0.0357142857143	0.0357142857143
ibr-	0.000588350656992	0.980584428319	0.0176505197097	0.00117670131398
koo-	0.579218347765	0.420781652235	0.0	0.0
yum-	0.632967032967	0.152087912088	0.0149450549451	0.2
teg-	0.76149882308	0.131624149119	0.0	0.106877027801
nil-	0.531979942607	0.186921206598	0.0494884306101	0.231610420185
taw-	0.0335299681707	0.932043540445	0.0268956963936	0.00753079499022
yaj-	0.708087679516	0.126832955404	0.0344671201814	0.130612244898
kig-	0.0927107899349	0.156191176789	0.734979121141	0.0161189121357
man-	0.114720596343	0.717135951423	0.0169460972755	0.151197354959
huk-	0.188415850501	0.201702829822	0.0196422512115	0.590239068465
mib-	0.0441176470588	0.911764705882	0.0441176470588	0.0
yus-	0.00919732441471	0.98779264214	0.00200668896321	0.00100334448161
arf-	0.0	1.0	0.0	0.0
zeb-	0.00212728239674	0.997872717603	0.0	0.0
rup-	0.0986842105263	0.565789473684	0.335526315789	0.0
his-	0.212700841622	0.71843917368	0.0688599846978	0.0
rad-	0.224359864337	0.432436184772	0.149388127492	0.1938158234
pum-	0.164057733771	0.813395932566	0.0169760629933	0.00557027066968
amb-	0.173245862343	0.035571335137	0.0093827553665	0.781800047153
way-	0.0385831178748	0.795807680368	0.12981325925	0.0357959425071
jit-	0.460662402815	0.309303597328	0.129698756509	0.100335243349
jif-	0.568843151171	0.375850624139	0.0355800943514	0.0197261303386
yot-	0.0613045818953	0.198888895527	0.0425775127802	0.697229009797
nus-	0.0261551874455	0.454103873459	0.0323826130278	0.487358326068
kao-	0.271186440678	0.449152542373	0.101694915254	0.177966101695
300-	0.0	0.115763546798	0.137931034483	0.746305418719
ng'-	0.0853958453247	0.720255350322	0.019632672283	0.17471613207
yef-	0.0	1.0	0.0	0.0
wak-	0.40526474406	0.126897241849	0.0391728544769	0.428665159614
ipi-	0.225137537029	0.145789250952	0.122936944562	0.506136267457
mzi-	0.284974992677	0.387125296996	0.150586397318	0.177313313009
sii-	0.491228070176	0.111111111111	0.187134502924	0.210526315789
nzu-	0.0919876899819	0.134924277191	0.679143157952	0.0939448748752
boa-	0.031746031746	0.954365079365	0.0138888888889	0.0
mri-	0.168653309663	0.739200270522	0.0266294699467	0.065516949869
ant-	0.00956443219353	0.940950027327	0.000207922438989	0.0492776180406
pol-	0.155267295597	0.618710691824	0.0117924528302	0.214229559748
mte-	0.314016196205	0.555946160536	0.0612030964049	0.0688345468539
mar-	0.0454884336678	0.457918060201	0.0176421404682	0.478951365663
ske-	0.172711571675	0.780656303972	0.0	0.0466321243523
art-	0.00511415525115	0.991598173516	0.0	0.00328767123287
wee-	0.0511033681765	0.794425087108	0.0929152148664	0.061556329849
kub-	0.190837929962	0.0587862105289	0.500039123599	0.25033673591
lut-	0.0	1.0	0.0	0.0
fim-	0.0661177040445	0.909421167353	0.00726568176314	0.0171954468394
nda-	0.0472072275354	0.0440742540746	0.0057973026921	0.902921215698
kaa-	0.237762237762	0.544055944056	0.0167832167832	0.201398601399
hen-	0.0	0.977177634081	0.0	0.0228223659186
era-	0.0	1.0	0.0	0.0
sus-	0.0	1.0	0.0	0.0
bia-	0.229537366548	0.717526690392	0.0200177935943	0.0329181494662
bla-	0.257134415517	0.320861865202	0.0746897702388	0.347313949042
inj-	0.0247823984526	0.699508381689	0.263620245003	0.0120889748549
mtw-	0.946524064171	0.0320855614973	0.0	0.0213903743316
pep-	0.0557399265861	0.654528063903	0.147219468323	0.142512541189
sam-	0.0355958603687	0.906160711726	0.0216680841305	0.0365753437748
seh-	0.0999848523628	0.622014217886	0.0200836776374	0.257917252114
lit-	0.57478030392	0.218845771659	0.0983639039291	0.108010020491
bag-	0.0877192982456	0.210526315789	0.0701754385965	0.631578947368
uil-	0.410810810811	0.443243243243	0.113513513513	0.0324324324324
lib-	0.0992419021364	0.859407305307	0.0248104755341	0.0165403170227
zio-	0.507210950868	0.399902224395	0.0647763383036	0.0281104864336
lad-	0.423901195308	0.302193416954	0.238688980743	0.0352164069948
vim-	0.434844806659	0.268590521668	0.191524055968	0.105040615705
sum-	0.314362759012	0.438546693159	0.164987226795	0.0821033210332
dar-	0.0663278271919	0.902160101652	0.0193138500635	0.0121982210928
mvu-	0.165092474701	0.699059841887	0.0752320137877	0.0606156696246
afi-	0.399395871791	0.43795422567	0.0307227593685	0.131927143171
uel-	0.474103585657	0.346613545817	0.107569721116	0.0717131474104
kul-	0.306818941757	0.115915325548	0.102803865846	0.47446186685
taj-	0.0316085724069	0.47103054077	0.487440657945	0.00992022887849
fum-	0.155247813411	0.598396501458	0.167638483965	0.0787172011662
muo-	0.270916334661	0.625498007968	0.0557768924303	0.0478087649402
noa-	0.0	1.0	0.0	0.0
imb-	0.487455197133	0.340501792115	0.0	0.172043010753
ngo-	0.173993225738	0.772661425739	0.023733493303	0.0296118552205
mwo-	0.211332671659	0.547194802851	0.170784083732	0.0706884417577
kil-	0.125641933353	0.156507400555	0.0295802927814	0.688270373311
res-	0.0	1.0	0.0	0.0
