iam-	0.00722510724768	0.964852863701	0.0193422141943	0.00857981485662
het-	0.570527210215	0.254831895416	0.0702673483444	0.104373546025
agu-	0.171024360877	0.103785433296	0.0260008511257	0.699189354701
tut-	0.186640101583	0.570727766359	0.194089685037	0.0485424470212
siu-	0.0604981722812	0.70563535311	0.0551033442498	0.178763130359
hem-	0.605315209539	0.169781931691	0.0726437747474	0.152259084022
no’-	0.805383022774	0.111801242236	0.0683229813664	0.0144927536232
del-	0.0804289544236	0.887399463807	0.0	0.0321715817694
son-	0.0584842781965	0.65921660974	0.262406022245	0.0198930898193
mou-	0.0544387254109	0.807657030635	0.0927994129897	0.0451048309648
dok-	0.0796208530806	0.823696682464	0.0710900473933	0.0255924170616
maa-	0.193548387097	0.700879765396	0.0527859237537	0.0527859237537
ven-	0.0	0.454545454545	0.545454545455	0.0
ied-	0.0	1.0	0.0	0.0
ipu-	0.153179190751	0.753179190752	0.0624277456648	0.0312138728324
fal-	0.0151467117545	0.958434604953	0.0119764697594	0.0144422135334
omo-	0.0	1.0	0.0	0.0
aue-	0.269432894098	0.0490671978814	0.0230279567184	0.658471951302
pao-	0.142857142857	0.825396825397	0.031746031746	0.0
oio-	0.384411835458	0.418330526822	0.07649747414	0.12076016358
aul-	0.5625	0.3125	0.0625	0.0625
dao-	0.189792663477	0.615629984051	0.118022328549	0.0765550239234
nas-	0.0121951219512	0.982430756511	0.00537412153783	0.0
geu-	0.341772151899	0.20253164557	0.260397830018	0.195298372514
lau-	0.484949431034	0.288814830154	0.0393896478945	0.186846090918
eda-	0.0536919755218	0.103495568735	0.0146590770744	0.828153378669
gin-	0.195038408376	0.524804860161	0.0125073381488	0.267649393314
eno-	0.366015267064	0.422100371272	0.0653468310438	0.14653753062
eka-	0.00398259458662	0.992698576591	0.00221255254812	0.00110627627406
lis-	0.0604838709677	0.905397022333	0.0341191066997	0.0
tah-	0.154645555283	0.429151924896	0.325311474644	0.090891045177
san-	0.224714182397	0.594240372069	0.121861463339	0.0591839821951
hew-	0.42948341211	0.257784678677	0.253811404579	0.0589205046344
lou-	0.0938955317811	0.815229704216	0.0148521082442	0.0760226557583
eta-	0.0	1.0	0.0	0.0
pih-	0.0	1.0	0.0	0.0
iud-	0.00750072122319	0.86748725839	0.106620828926	0.0183911914607
pid-	0.542816904857	0.368803078201	0.0396554200764	0.0487245968651
bap-	0.218432873066	0.748960239561	0.0224588254866	0.0101480618865
aub-	0.734819121447	0.129521963824	0.135658914729	0.0
une-	0.649606656306	0.251619028039	0.0540583031498	0.0447160125048
iem-	0.0	1.0	0.0	0.0
ius-	0.0962441314553	0.903755868545	0.0	0.0
nun-	0.0	1.0	0.0	0.0
der-	0.00816326530612	0.991836734694	0.0	0.0
hat-	0.216121121655	0.717347265167	0.0134342680456	0.0530973451327
sun-	0.200106776157	0.725409518306	0.0201452020547	0.0543385034823
ure-	0.0793769657032	0.781338924667	0.103339823274	0.0359442863561
el‐-	0.230769230769	0.769230769231	0.0	0.0
tib-	0.0116279069767	0.932170542636	0.0	0.0562015503876
gan-	0.276171071582	0.584490993705	0.0548865538506	0.0844513808623
teh-	0.111872820972	0.67430294062	0.0544649069823	0.159359331425
gae-	0.178391959799	0.60768126346	0.0183058147882	0.195620961953
eua-	0.0	1.0	0.0	0.0
sog-	0.696640022215	0.187311158273	0.0259171840186	0.0901316354933
ari-	0.0473358880537	0.0667197026618	0.025677908379	0.860266500905
yau-	0.204280155642	0.591439688716	0.204280155642	0.0
ini-	0.362612797412	0.479834619815	0.11298178633	0.0445707964423
gog-	0.128532528737	0.457834266367	0.314135134699	0.099498070197
mig-	0.4	0.6	0.0	0.0
iit-	0.935277470161	0.0324843115541	0.00738279808047	0.0248554202043
hed-	0.395957357407	0.368885530016	0.0910259485888	0.144131163987
ked-	0.0569155446756	0.895348837209	0.047735618115	0.0
tai-	0.188404725851	0.0933412085525	0.0536682740477	0.664585791549
kup-	0.0101095197978	0.978096040438	0.0117944397641	0.0
oi’-	0.64224137931	0.318965517242	0.0129310344828	0.0258620689656
oil-	0.588184315336	0.336380386822	0.0327062130501	0.0427290847912
dek-	0.0365853658536	0.682926829268	0.0	0.280487804878
kum-	0.0848671683742	0.745398494877	0.0848671683743	0.0848671683743
wol-	0.701863354037	0.242236024845	0.0186335403727	0.0372670807453
nen-	0.299741602067	0.594315245478	0.0904392764858	0.015503875969
has-	0.283807467168	0.23442512983	0.0608662975968	0.420901105405
aig-	0.180098754209	0.763881442299	0.0420762778421	0.0139435256499
wai-	0.0492176265683	0.910573753653	0.0194404883362	0.0207681314421
lui-	0.567312943747	0.210950300382	0.085472419443	0.136264336428
gaw-	0.206869115502	0.750816747236	0.0423141372618	0.0
ate-	0.210438699569	0.67714453584	0.0856835095965	0.0267332549941
euo-	0.15625	0.84375	0.0	0.0
naw-	0.0304649211886	0.935758753146	0.0105964943265	0.0231798313391
elp-	0.0	0.714285714286	0.285714285714	0.0
kam-	0.188518425671	0.550096097602	0.148742374864	0.112643101864
ies-	0.00609420876963	0.935972318179	0.003252382996	0.0546810900551
sin-	0.108074545944	0.65405182265	0.028616740367	0.209256891039
bod-	0.179411672238	0.610785659642	0.0792261823669	0.130576485753
oiy-	0.7530343762	0.150325307316	0.0646078520316	0.0320324644526
dor-	0.0	1.0	0.0	0.0
tag-	0.620253164557	0.14003164557	0.130537974683	0.10917721519
pat-	0.611329435445	0.279114348701	0.0406402760472	0.0689159398064
iar-	0.386010362694	0.59067357513	0.00777202072538	0.0155440414508
mur-	0.1060519913	0.325412765963	0.160137435047	0.40839780769
ver-	1.0	0.0	0.0	0.0
oma-	0.256926952141	0.686397984887	0.0528967254408	0.0037783375315
ae‐-	0.297366185217	0.541206457094	0.147833474936	0.0135938827528
gen-	0.0774193548387	0.858064516129	0.0	0.0645161290322
niu-	0.583816900948	0.30636645363	0.0561562391365	0.0536604062859
aae-	0.0579896907217	0.130154639175	0.773195876289	0.0386597938144
lal-	0.394958898144	0.277587239371	0.171303101239	0.156150761246
oib-	0.229660144181	0.712667353244	0.048403707518	0.00926879505663
por-	0.20422083962	0.42495710949	0.255172698898	0.115649351992
he--	0.469416785206	0.317211948791	0.181365576102	0.0320056899004
pas-	0.0387007144747	0.893159566023	0.0476316485843	0.0205080709182
mor-	0.703029830275	0.185709549718	0.0171610210808	0.0940995989261
sig-	0.178746527671	0.695645059096	0.0435058789768	0.0821025342557
aru-	0.315494159339	0.179058931618	0.449337183357	0.0561097256858
nai-	0.037037037037	0.925925925926	0.0	0.037037037037
ael-	0.247572815534	0.621359223301	0.0436893203884	0.0873786407768
red-	0.142857142857	0.142857142857	0.0	0.714285714286
haa-	0.198675496689	0.46357615894	0.0993377483443	0.238410596027
suk-	0.0825688073394	0.54128440367	0.376146788991	0.0
gug-	0.634363073414	0.23774891082	0.0489318280721	0.0789561876942
epa-	0.0535947712418	0.88954248366	0.0490196078431	0.0078431372549
500-	0.133333333333	0.0	0.0	0.866666666667
oro-	0.0909090909091	0.0	0.909090909091	0.0
sap-	0.478775913129	0.379072063179	0.0	0.142152023692
asi-	0.106263136926	0.601104532154	0.24453572557	0.0480966053496
dia-	0.0241483901073	0.942370508633	0.0296313579095	0.00384974335044
nan-	0.0784238961845	0.817327577293	0.0242832954193	0.0799652311033
uei-	0.495268924303	0.361304780877	0.0179282868526	0.125498007968
mah-	0.0659060524348	0.792538125127	0.0285513584555	0.113004463982
geg-	0.273460784172	0.215450914222	0.0537155111767	0.457372790429
usi-	0.0	1.0	0.0	0.0
nog-	0.133254716981	0.744103773585	0.0341981132075	0.0884433962264
bir-	0.116049749422	0.682894059703	0.149123928008	0.0519322628665
tol-	0.202898550725	0.797101449275	0.0	0.0
lei-	0.156831205389	0.806976977983	0.0361918166281	0.0
ail-	0.344072164948	0.523195876289	0.0940721649485	0.0386597938144
hah-	0.0963855421687	0.831325301205	0.0722891566265	0.0
mir-	0.0	1.0	0.0	0.0
isa-	0.00181040432902	0.992184549169	0.00463916109312	0.00136588540895
tum-	0.149636707328	0.788957970287	0.0353545795552	0.0260507428301
po’-	0.0	0.75	0.25	0.0
mus-	0.0	1.0	0.0	0.0
eut-	0.1	0.9	0.0	0.0
pud-	0.016393442623	0.983606557377	0.0	0.0
dio-	0.258196916909	0.198046421356	0.168949553763	0.374807107972
oae-	0.280701754386	0.41186299081	0.0267335004177	0.280701754386
bab-	0.268387486713	0.650622121256	0.0460598987099	0.0349304933203
ita-	0.647837528865	0.0851309875733	0.0264916465451	0.240539837017
tuh-	0.61320754717	0.38679245283	0.0	0.0
woe-	0.657332831553	0.195957055968	0.036485375989	0.110224736489
hei-	0.308037111291	0.574479528022	0.055104237941	0.0623791227457
aku-	0.0304054054054	0.953828828829	0.0135135135135	0.00225225225225
hur-	0.0	1.0	0.0	0.0
ila-	0.0756302521009	0.924369747899	0.0	0.0
sor-	0.229786721292	0.123770936257	0.0266297144234	0.619812628028
moi-	0.582857142857	0.332653061224	0.0355102040816	0.0489795918367
doo-	0.210619469026	0.153982300885	0.525663716814	0.109734513274
kom-	0.329011251146	0.248204708802	0.17527409967	0.247509940382
neb-	0.0	1.0	0.0	0.0
gir-	0.411876733411	0.27623110252	0.200821885545	0.111070278523
ede-	0.615864983649	0.0333192661465	0.00216476292697	0.348650987277
tua-	0.549107142857	0.352678571428	0.0267857142857	0.0714285714286
aiu-	0.228797056967	0.481409160297	0.027768937412	0.262024845324
lor-	0.229357798165	0.348623853211	0.256880733945	0.165137614679
non-	0.445136909725	0.282869454446	0.151585207125	0.120408428704
wor-	0.445685279188	0.536040609137	0.0	0.0182741116751
dod-	0.110254083485	0.699183303085	0.0725952813068	0.117967332123
tau-	0.21050224294	0.499884298589	0.103832517228	0.185780941244
pou-	0.647959183674	0.0612244897959	0.107142857143	0.183673469388
lia-	0.145247868645	0.827281338806	0.0189453741711	0.00852541837701
mal-	0.167281102643	0.555611903616	0.20338127981	0.0737257139311
peg-	0.0	1.0	0.0	0.0
tod-	0.521978021978	0.379120879121	0.0989010989011	0.0
sab-	0.047800404166	0.854733405876	0.0314783149386	0.0659878750195
hou-	0.352941176471	0.411764705882	0.176470588235	0.0588235294118
aki-	0.0412204485754	0.958779551425	0.0	0.0
nin-	0.116265038861	0.834545906236	0.0	0.0491890549029
kid-	0.0	1.0	0.0	0.0
hui-	0.0808842645149	0.416070963524	0.0234785158434	0.479566256117
ian-	0.0	1.0	0.0	0.0
uur-	0.346754007854	0.624053149595	0.00969443364243	0.0194984089079
ma‐-	0.29623881588	0.34065361803	0.164077154831	0.199030411259
lud-	0.481874771146	0.456609300623	0.0615159282314	0.0
emo-	0.0	0.96	0.04	0.0
mo--	0.0	0.431818181818	0.0	0.568181818182
peo-	0.0	1.0	0.0	0.0
mab-	0.0719874804382	0.896713615023	0.0250391236307	0.00625978090767
dim-	0.124360731954	0.68428205281	0.0209811050844	0.170376110151
ira-	0.0	1.0	0.0	0.0
beu-	0.637281276317	0.302014129316	0.016258070553	0.044446523814
gos-	0.560165975104	0.439834024896	0.0	0.0
au‐-	0.505681818182	0.204545454545	0.221590909091	0.0681818181819
sak-	0.00872093023256	0.991279069767	0.0	0.0
apa-	0.192528735632	0.758045977012	0.0252873563218	0.0241379310345
ALL	0.227719714352	0.321860402817	0.0577424554434	0.392677427388
ana-	0.158974712747	0.124137583994	0.0167230748915	0.700164628368
dud-	0.158680444424	0.311279776874	0.322184628046	0.207855150656
puk-	0.0	1.0	0.0	0.0
noa-	0.0	1.0	0.0	0.0
doa-	0.0	1.0	0.0	0.0
aui-	0.400161681487	0.296685529507	0.0145513338723	0.288601455133
nii-	0.549703957619	0.450296042381	0.0	0.0
oti-	0.571428571429	0.428571428571	0.0	0.0
mae-	0.0815080702457	0.0531285380203	0.0222392785171	0.843124113217
wae-	0.340028694405	0.358680057389	0.025824964132	0.275466284075
per-	0.0786204197284	0.883144081574	0.0187090563697	0.0195264423276
ger-	0.378864707202	0.493381198115	0.0283150100965	0.099439084586
teb-	0.0	1.0	0.0	0.0
big-	0.281682407204	0.216725236108	0.396167362179	0.105424994509
rur-	0.0	1.0	0.0	0.0
bae-	0.284404876141	0.257794772847	0.0706285972655	0.387171753746
tel-	0.0421957884584	0.891496543964	0.0482237582382	0.0180839093393
tav-	0.470588235294	0.352941176471	0.0588235294118	0.117647058824
lid-	0.0431654676259	0.956834532374	0.0	0.0
gas-	0.113866724175	0.807849902955	0.0498166918266	0.0284666810438
ata-	0.640275513248	0.0727281313108	0.0393164901073	0.247679865334
udo-	0.097109465608	0.337162101882	0.296491658489	0.269236774021
baw-	0.651465223209	0.17628561986	0.0244369647596	0.147812192172
eoh-	0.236111111111	0.483333333333	0.263888888889	0.0166666666667
loh-	0.0828732400727	0.303255089252	0.268829951789	0.345041718886
mes-	0.0528455284553	0.930894308943	0.00813008130081	0.00813008130081
num-	0.0903799106228	0.815094311295	0.0184260775989	0.0760997004836
lea-	0.73349228513	0.0653810013085	0.00777195247254	0.193354761089
adi-	0.204159139155	0.152511696819	0.152476657552	0.490852506474
ami-	0.141558527106	0.16968579145	0.0401818062051	0.648573875239
kur-	0.0137867647059	0.980698529412	0.00551470588235	0.0
eoo-	0.730247438126	0.120422157807	0.0301044291336	0.119225974933
ome-	0.0206022187005	0.960380348653	0.0190174326466	0.0
nou-	0.519766242695	0.393606050189	0.028875902372	0.0577518047439
eub-	0.113537117904	0.847161572052	0.0393013100436	0.0
eat-	0.282868525896	0.638114209827	0.023240371846	0.0557768924304
veu-	0.0336134453782	0.949579831933	0.0168067226891	0.0
tal-	0.338122663767	0.48840319252	0.100554236764	0.0729199069486
ehe-	0.378287853413	0.359668998128	0.0226578662201	0.239385282238
woi-	0.612121212121	0.168595041322	0.149862258953	0.0694214876034
paa-	0.0590723226011	0.0406093648709	0.00639949468925	0.893918817839
kos-	0.0230769230769	0.976923076923	0.0	0.0
meh-	0.0	1.0	0.0	0.0
rod-	0.0483091787439	0.951690821256	0.0	0.0
paw-	0.721619963183	0.226835753733	0.0	0.0515442830845
he’-	0.6070192783	0.24962926347	0.0523974295601	0.0909540286702
aih-	0.482324299866	0.438326772615	0.0374736314371	0.041875296082
mua-	0.141112082399	0.707559575843	0.0612975561552	0.090030785603
heu-	0.618517397381	0.137507439733	0.0329711321023	0.211004030784
pon-	0.321342613673	0.424803226436	0.172380147011	0.0814740128797
ged-	0.236341640455	0.51933220421	0.0574885071377	0.186837648197
leb-	0.368316091238	0.494578087997	0.0735385765923	0.063567244173
sik-	0.0692307692308	0.757692307692	0.15	0.0230769230769
bui-	0.462231900021	0.279912378508	0.206447308843	0.0514084126283
ben-	0.105567074645	0.0343146241961	0.00115933892338	0.858958962235
bog-	0.214845511418	0.652990228907	0.0852373413015	0.0469269183731
ion-	0.0142967367131	0.973448917533	0.0	0.0122543457541
oiu-	0.266313348791	0.364027823783	0.345809870818	0.0238489566082
mat-	0.237351897677	0.400001419346	0.185516140351	0.177130542627
iun-	0.0	0.963636363636	0.0363636363636	0.0
pin-	0.0	1.0	0.0	0.0
pog-	0.119509628796	0.30232216703	0.35529889642	0.222869307754
oui-	0.395604395604	0.32967032967	0.241758241758	0.032967032967
bun-	0.361472594945	0.58011116787	0.0531056701683	0.00531056701683
ili-	0.175182481752	0.759124087591	0.0	0.0656934306569
lam-	0.230359794194	0.709192853161	0.0293399430968	0.0311074095484
nar-	0.0	1.0	0.0	0.0
gat-	0.0	1.0	0.0	0.0
nut-	0.0	1.0	0.0	0.0
weu-	0.206896551724	0.706896551724	0.0862068965517	0.0
hag-	0.451009442975	0.284094958438	0.0229261344644	0.241969464123
sat-	0.0453585325181	0.941967759867	0.00800444691495	0.00466926070039
pur-	0.56612154751	0.286224781001	0.123681663647	0.0239720078418
gur-	0.503909946012	0.265131908499	0.165859631547	0.0650985139423
umn-	0.468571428571	0.434285714286	0.0971428571429	0.0
ani-	0.345646693167	0.368925780854	0.120627109194	0.164800416786
gud-	0.464713072604	0.34286545205	0.0633345107342	0.129086964612
nad-	0.0298507462686	0.874626865672	0.0955223880597	0.0
yad-	0.0	0.820512820513	0.0	0.179487179487
oig-	0.490569905699	0.179069290693	0.0285977859779	0.30176301763
abi-	0.580554709479	0.153886467649	0.0682826146504	0.197276208222
bob-	0.518817204301	0.332437275986	0.0698924731183	0.078853046595
ele-	0.0301160570002	0.920425052642	0.0362372067969	0.013221683561
da’-	1.0	0.0	0.0	0.0
sav-	0.0	1.0	0.0	0.0
wow-	0.602738740624	0.237303024952	0.115310920303	0.0446473141203
eup-	0.142405063291	0.810126582279	0.0189873417721	0.0284810126582
ded-	0.159685443749	0.75204622051	0.0361097737121	0.0521585620285
ahu-	0.228005627097	0.744724596905	0.00908992533276	0.0181798506655
iai-	0.314936531032	0.398675430234	0.234709748633	0.0516782901009
ban-	0.019145802651	0.972333263202	0.00568062276457	0.00284031138228
hal-	0.0619964983258	0.0748888612849	0.0345017367833	0.828612903606
ise-	0.0	1.0	0.0	0.0
odi-	0.25831702544	0.671232876712	0.0704500978474	0.0
ter-	0.0370619946092	0.946091644205	0.00763041065482	0.00921595053115
mil-	0.0102040816327	0.989795918367	0.0	0.0
dab-	0.461972562631	0.422044343699	0.0675308729428	0.0484522207268
did-	0.19538583144	0.603032473735	0.130113131114	0.0714685637124
bur-	0.0	1.0	0.0	0.0
luh-	0.287878787879	0.590909090909	0.0	0.121212121212
nam-	0.0583969337698	0.760378138584	0.158429339263	0.0227955883832
aen-	0.0219939827783	0.859459833316	0.0	0.118546183906
edi-	0.0658801764962	0.026207729683	0.00767865263551	0.900233441185
ker-	0.00473495710706	0.986601606411	0.00336524382921	0.00529819265321
sid-	0.00637958532696	0.976076555024	0.0	0.0175438596491
bon-	0.208564777558	0.702678406695	0.0612779254223	0.0274788903239
oli-	0.0329391891892	0.967060810811	0.0	0.0
won-	0.0992907801418	0.879432624113	0.0	0.0212765957447
sa’-	0.127372933252	0.839559093693	0.0257195345989	0.00734843845683
led-	0.735600828251	0.13302742229	0.0350189717357	0.0963527777236
mod-	0.282554807405	0.374835182223	0.182626887713	0.15998312266
kem-	0.0	1.0	0.0	0.0
ula-	0.0	0.824634655532	0.0876826722338	0.0876826722338
hea-	0.263481324721	0.439130097666	0.0726993421746	0.224689235438
rir-	0.520259319287	0.192868719611	0.141004862237	0.145867098865
kon-	0.0651876198302	0.85428649685	0.043714050945	0.0368118323747
eli-	0.030714197607	0.9523868262	0.00740101147156	0.00949796472184
win-	0.461538461538	0.153846153846	0.384615384615	0.0
mut-	0.244444444444	0.47037037037	0.218518518518	0.0666666666667
ae--	0.157894736842	0.842105263158	0.0	0.0
but-	0.188954858166	0.78135896711	0.0183771557817	0.0113090189426
bri-	0.4	0.2	0.2	0.2
heg-	0.520853853742	0.249874353244	0.104666559716	0.124605233299
hel-	0.367100061644	0.327819677673	0.20293349334	0.102146767343
tuk-	0.0119284294235	0.988071570577	0.0	0.0
ene-	0.815113445722	0.00744727536855	8.39507988787e-05	0.177355328111
pan-	0.095588235294	0.700980392157	0.18137254902	0.0220588235294
bou-	0.0484277811924	0.912024585126	0.0102224953903	0.0293251382914
aum-	0.148148148148	0.592592592593	0.222222222222	0.0370370370371
nim-	0.157898556964	0.666667058474	0.0867843479625	0.0886500365997
tor-	0.53550954117	0.203298116313	0.0449892328947	0.216203109622
eam-	0.134234939086	0.725494579189	0.0898625237509	0.0504079579747
sen-	0.0578512396695	0.884297520661	0.0299586776859	0.0278925619835
tul-	0.521739130435	0.391304347826	0.0	0.0869565217393
hoh-	0.0	1.0	0.0	0.0
eah-	0.342791849171	0.585793182251	0.0485621786326	0.0228527899448
ina-	0.125255844874	0.0510128401216	0.0206841601763	0.803047154828
ema-	0.076628949962	0.111590713457	0.0127247096396	0.799055626941
baa-	0.126739757194	0.485776053002	0.280814276522	0.106669913282
mai-	0.160428785862	0.639889590321	0.0629025707104	0.136779053107
ese-	0.0391023808552	0.0490158043043	0.143535345285	0.768346469555
sao-	0.626238335073	0.243537970567	0.0476428150097	0.0825808793502
ape-	0.0486618004866	0.529602595296	0.168694241687	0.25304136253
epo-	0.259259259259	0.337448559671	0.378600823045	0.0246913580246
umu-	0.791443850267	0.208556149733	0.0	0.0
ieb-	0.0344827586207	0.965517241379	0.0	0.0
ipo-	0.00937595922203	0.982810741426	0.00312531974067	0.00468797961101
iue-	0.333333333333	0.0666666666667	0.127272727273	0.472727272727
ofe-	0.16393442623	0.83606557377	0.0	0.0
dun-	0.67574556111	0.134459575935	0.0594725047406	0.130322358214
got-	0.175918018787	0.731853116994	0.0307429547396	0.0614859094791
hul-	0.0	1.0	0.0	0.0
oud-	0.0654545454546	0.705454545455	0.229090909091	0.0
lab-	0.23187429435	0.167886332365	0.0327966550232	0.567442718262
bay-	0.0	1.0	0.0	0.0
keb-	0.221698113207	0.712264150943	0.066037735849	0.0
nui-	0.96	0.04	0.0	0.0
kau-	0.463482054161	0.346952878677	0.156912711096	0.0326523560662
iba-	0.241189427313	0.416299559471	0.0859030837004	0.256607929515
ino-	0.383720930233	0.511627906977	0.0581395348837	0.046511627907
bas-	0.0317696951902	0.936733783948	0.00590439952848	0.0255921213329
mim-	0.435464414958	0.278648974668	0.0289505428227	0.256936067551
sit-	0.0472667251489	0.883651138095	0.0443580036013	0.0247241331548
gig-	0.0764886389058	0.769279786429	0.0820117173594	0.0722198573058
mid-	0.0679611650485	0.883495145631	0.0291262135922	0.0194174757281
teo-	0.132653061224	0.5	0.142857142857	0.224489795919
tus-	0.60276047224	0.260936908409	0.0363473651602	0.0999552541906
sah-	0.170362162258	0.0729146765835	0.00715099119768	0.749572169961
omi-	0.135496896729	0.0379370502812	0.0127158079667	0.813850245023
uad-	0.511627906977	0.209302325581	0.0	0.279069767442
ma--	0.330654219008	0.33757637069	0.202407220067	0.129362190236
eha-	0.166340925187	0.673838045186	0.0641958947454	0.0956251348813
tud-	0.779071379071	0.110325710326	0.0698544698545	0.0407484407484
sod-	0.0101694915254	0.942372881356	0.0474576271186	0.0
vai-	0.0	0.975	0.0	0.025
obu-	0.127332601537	0.698133918771	0.154774972558	0.019758507135
har-	0.124160699485	0.171947792918	0.413176494838	0.290715012758
kan-	0.00559132497459	0.943917316164	0.0504913588614	0.0
nhi-	0.434210526316	0.0263157894737	0.513157894737	0.0263157894737
nei-	0.0948589052088	0.0505034980352	0.0206499120345	0.833987684722
eoe-	0.551181102362	0.236220472441	0.0551181102362	0.157480314961
aid-	0.548069059387	0.0985906267189	0.0145936745331	0.338746639361
lig-	0.373626373626	0.593406593407	0.010989010989	0.021978021978
hum-	0.0	0.983050847458	0.0169491525424	0.0
tue-	0.0543674310745	0.9437000773	0.0	0.00193249162587
eo’-	0.450704225352	0.333333333333	0.103286384976	0.112676056338
mot-	0.16615781704	0.765267063139	0.0424553695939	0.0261197502273
osi-	0.0561403954336	0.91484336309	0.0113652236854	0.0176510177907
ki‐-	0.0136830102623	0.945267958951	0.0410490307867	0.0
sio-	0.196401930671	0.614567792892	0.140061430452	0.0489688459851
iep-	0.0	1.0	0.0	0.0
mum-	0.125583064227	0.367778973807	0.269465374955	0.237172587011
tu’-	0.0344086021507	0.94623655914	0.0	0.0193548387097
log-	0.151150054764	0.82256297919	0.0	0.026286966046
dou-	0.604170379611	0.32516485475	0.032614507218	0.038050258421
ias-	0.021686746988	0.960240963855	0.0180722891566	0.0
met-	0.2985164081	0.103140713295	0.0427494047754	0.555593473829
tao-	0.22358044164	0.677050473186	0.0331230283912	0.0662460567823
eik-	0.0	1.0	0.0	0.0
nig-	0.157163839257	0.0452559759071	0.0114291538935	0.786151030943
aa‐-	0.06	0.32	0.46	0.16
lol-	0.134259173517	0.103205869358	0.570649772597	0.191885184529
ken-	0.0530697190427	0.885015608741	0.0280957336108	0.0338189386056
iub-	0.0	1.0	0.0	0.0
pib-	0.396226415094	0.603773584906	0.0	0.0
hil-	0.625814863103	0.25375694778	0.114252384547	0.00617580457009
bub-	0.660460021906	0.230741146404	0.0321285140562	0.0766703176342
ilu-	0.217877094972	0.703910614525	0.0446927374301	0.0335195530726
iek-	0.0	1.0	0.0	0.0
lai-	0.0836212701656	0.18387292743	0.489285824469	0.243219977935
ioa-	0.0139393307225	0.967759371118	0.0125169500365	0.00578434812293
sih-	0.2	0.8	0.0	0.0
aka-	0.00611620795108	0.987767584098	0.00305810397554	0.00305810397553
ios-	0.0101445400355	0.939211399632	0.00306695396424	0.0475771063683
aab-	0.60472972973	0.225	0.0081081081081	0.162162162162
mem-	0.13890615289	0.792106898695	0.0270354257303	0.0419515226849
koa-	0.167567567568	0.0972972972973	0.713513513514	0.0216216216216
par-	0.0261833636217	0.950285466917	0.010157339336	0.0133738301258
ala-	0.343389673816	0.546015582351	0.0823058742327	0.0282888695998
eag-	0.155477031802	0.360424028269	0.484098939929	0.0
dig-	0.452380952381	0.0793650793651	0.285714285714	0.18253968254
nah-	0.0730964467005	0.920812182741	0.0	0.00609137055838
aem-	0.107690779126	0.763419469479	0.0237428489412	0.105146902454
so’-	0.353642384106	0.635761589404	0.0105960264901	0.0
i’i-	0.333333333333	0.444444444444	0.0	0.222222222222
geh-	0.0656080423138	0.912318223824	0.0183947782189	0.00367895564376
ves-	0.5	0.5	0.0	0.0
her-	0.569831363979	0.152246874301	0.0113501578949	0.266571603825
sob-	0.0	1.0	0.0	0.0
beb-	0.487068965517	0.267959770115	0.20617816092	0.0387931034484
kod-	0.315774745285	0.400917954534	0.235065244328	0.0482420558522
kin-	0.20567489429	0.717197020351	0.0	0.0771280853589
reu-	0.0124869927159	0.987513007284	0.0	0.0
egu-	0.0429214558127	0.0355763486164	0.00581516498108	0.91568703059
aim-	0.809302325581	0.0465116279069	0.139534883721	0.0046511627907
ona-	0.03125	0.9609375	0.00781249999999	0.0
dan-	0.0343473994112	0.891233235198	0.0744193653909	0.0
lug-	0.482706604892	0.489279172503	0.0215494020041	0.00646482060122
leh-	0.0	1.0	0.0	0.0
ser-	0.0523255813953	0.921511627907	0.0261627906977	0.0
sup-	0.21530206198	0.293922585313	0.464548414325	0.0262269383818
mis-	0.0	1.0	0.0	0.0
la’-	0.75	0.0	0.0	0.25
tog-	0.0	1.0	0.0	0.0
gua-	0.0952380952381	0.666666666667	0.0952380952381	0.142857142857
yai-	0.0	0.5	0.166666666667	0.333333333334
ioe-	0.0	1.0	0.0	0.0
kob-	0.191860465116	0.459302325581	0.279069767442	0.0697674418605
beg-	0.143600100372	0.190305242794	0.312042156045	0.354052500789
was-	0.220986630273	0.565571727441	0.039373682232	0.174067960054
eni-	0.0	1.0	0.0	0.0
sos-	0.118644067797	0.870651204282	0.0107047279215	0.0
luu-	0.544655929722	0.139092240117	0.0439238653001	0.272327964861
don-	0.00475435816165	0.965134706815	0.026941362916	0.00316957210776
nep-	0.0	1.0	0.0	0.0
ope-	0.0346820809249	0.942196531792	0.0115606936416	0.0115606936416
tat-	0.0434716117568	0.558830627822	0.0315176376419	0.36618012278
we’-	0.0548630543543	0.903417281438	0.0206902399729	0.0210294242347
dog-	0.0775846294602	0.828179322964	0.0252516010979	0.0689844464776
iaa-	0.0	1.0	0.0	0.0
leg-	0.0249895876718	0.900041649313	0.0	0.0749687630155
ron-	0.3	0.7	0.0	0.0
rig-	0.416666666667	0.5	0.0833333333333	0.0
api-	0.0	1.0	0.0	0.0
wos-	0.327586206897	0.494252873563	0.17816091954	0.0
nom-	0.567956342423	0.328436900694	0.0920573439047	0.0115494129783
iot-	0.107334525939	0.771914132379	0.120751341682	0.0
pot-	0.0777459727127	0.0671736904787	0.014625686885	0.840454649924
uae-	0.229239766082	0.214035087719	0.556725146199	0.0
mam-	0.0879247977019	0.423940609245	0.191534149788	0.296600443265
utu-	0.427534252536	0.394610233659	0.107868609057	0.0699869047487
esa-	0.0989751697978	0.249711220539	0.0373883529481	0.613925256715
sia-	0.156526548672	0.718473451328	0.116703539823	0.00829646017699
eal-	0.13516567745	0.656152961755	0.147031366691	0.061649994104
mu’-	0.184615384615	0.723076923077	0.0923076923077	0.0
boi-	0.248138957816	0.409429280397	0.342431761787	0.0
sis-	0.0399429155948	0.872235868208	0.0407852190313	0.0470359971655
heo-	0.419325584989	0.33362477735	0.107237842718	0.139811794943
aug-	0.226356589147	0.674418604651	0.0558139534884	0.0434108527132
pai-	0.352600171065	0.531640836286	0.0332568430938	0.0825021495551
mos-	0.570371712308	0.315589478497	0.0193748195109	0.0946639896848
kok-	0.352941176471	0.145510835913	0.445820433437	0.0557275541796
sur-	0.0175097276265	0.959143968872	0.0194552529183	0.00389105058366
iuy-	0.676363636364	0.127272727273	0.109090909091	0.0872727272728
dub-	0.0451761102603	0.876066506235	0.0490045941807	0.029752789324
reg-	0.262295081967	0.737704918033	0.0	0.0
map-	0.096463022508	0.6961414791	0.135048231511	0.0723472668811
bet-	0.0064736558173	0.98669304082	0.00359647545406	0.00323682790865
ges-	0.0	0.666666666667	0.0	0.333333333333
law-	0.0836844223802	0.8605259627	0.0	0.0557896149202
sal-	0.0762822181724	0.850299401198	0.0124967456391	0.0609216349909
asu-	0.0230893521022	0.863514491416	0.0137348751907	0.0996612812906
hob-	0.0	1.0	0.0	0.0
oim-	0.789549497641	0.112499549858	0.0237675105333	0.0741834419677
aun-	0.159292035398	0.761061946903	0.0530973451327	0.0265486725664
vau-	0.380597014925	0.507462686567	0.0	0.111940298508
lao-	0.835261163953	0.0444794857327	0.00536030952764	0.114899040787
gab-	0.322346231535	0.576962973186	0.052606841666	0.0480839536131
sek-	0.0207100591716	0.92899408284	0.00295857988166	0.0473372781065
den-	0.0791578277249	0.769123002469	0.100266581785	0.0514525880212
’ne-	0.54285480649	0.0269850355712	0.00841092017803	0.42174923776
pip-	0.53125	0.33984375	0.0703125	0.05859375
bad-	0.100638193422	0.53853706431	0.189003436426	0.171821305842
din-	0.0	1.0	0.0	0.0
liu-	0.549407114624	0.387351778656	0.0316205533597	0.0316205533597
eme-	0.0891089108911	0.732673267327	0.148514851485	0.029702970297
min-	0.0834894300241	0.916510569976	0.0	0.0
diu-	0.0	0.745454545455	0.254545454545	0.0
pik-	0.0	1.0	0.0	0.0
uio-	0.533519762861	0.0918867971764	0.0133089842748	0.361284455688
dui-	0.449804432855	0.35340612777	0.117340286832	0.0794491525424
age-	0.0076219512195	0.99237804878	0.0	0.0
lul-	0.265368069951	0.549913496158	0.0518298290185	0.132888604872
tab-	0.215522283129	0.160063896037	0.0629554217657	0.561458399069
lok-	0.0558139534883	0.944186046512	0.0	0.0
tid-	0.0	1.0	0.0	0.0
gal-	0.0204534433622	0.905007461498	0.0612900433397	0.0132490517999
ida-	0.317025440313	0.0176125244618	0.65362035225	0.0117416829746
hav-	0.0	1.0	0.0	0.0
kar-	0.0315457413249	0.955835962145	0.01261829653	0.0
soa-	0.215827338129	0.404316546763	0.207194244604	0.172661870504
sel-	0.0	0.989708404803	0.0102915951972	0.0
deu-	0.760378008964	0.140455476466	0.0756423516051	0.0235241629657
kus-	0.0	1.0	0.0	0.0
amn-	0.403036426192	0.267544099175	0.243787887062	0.0856315875703
mia-	0.500415511458	0.182515907866	0.0679588458624	0.249109734814
bea-	0.1487048221	0.407468478093	0.324481547711	0.119345152096
ubu-	0.0619118375433	0.102085741016	0.0539320895933	0.782070331847
rou-	0.0	0.44	0.0799999999999	0.48
eau-	0.0978461919483	0.693399048026	0.0200436238337	0.188711136192
ete-	0.077628664018	0.831194273055	0.0263644519307	0.0648126109962
lae-	0.604347352248	0.129948626386	0.0287684402696	0.236935581097
heh-	0.0873617780976	0.0885519742032	0.738004622389	0.0860816253096
lop-	0.699269887998	0.219667209295	0.0712370963183	0.00982580638872
tak-	0.0827377680044	0.891698735569	0.00577240241891	0.0197910940077
mer-	0.0768137650267	0.830241579291	0.069804508968	0.0231401467143
lob-	0.814261367838	0.0540574441183	0.034026382501	0.0976548055424
luk-	0.0269410918311	0.903329023429	0.0602212640931	0.00950862064628
tay-	0.625	0.375	0.0	0.0
lel-	0.252366216592	0.604844851137	0.118038850678	0.0247500815937
kop-	0.268867924528	0.298742138365	0.196540880503	0.235849056604
are-	0.0519044917316	0.901153763215	0.0147130842704	0.0322286607828
aii-	0.507900677201	0.279909706546	0.0835214446952	0.128668171558
one-	0.0178970917226	0.908277404922	0.0089485458613	0.0648769574944
kik-	0.10067114094	0.828859060403	0.0503355704698	0.0201342281879
aan-	0.112716763006	0.228323699422	0.658959537572	0.0
rep-	0.0	1.0	0.0	0.0
poi-	0.440427886389	0.382884544448	0.0925857617116	0.0841018074512
unu-	0.747944042688	0.204874497464	0.0114931737553	0.0356882860919
sil-	0.19378944823	0.606837570597	0.108674616787	0.090698364386
ake-	0.0464333781965	0.949528936743	0.00403768506056	0.0
dik-	0.0	1.0	0.0	0.0
aog-	0.218623481781	0.765182186235	0.0080971659919	0.00809716599189
ear-	0.0764304745125	0.814040343746	0.0629414408055	0.0465877409364
iet-	0.0	1.0	0.0	0.0
aai-	0.349315068493	0.547945205479	0.102739726027	0.0
ipe-	0.770328264886	0.212960068211	0.0119369049311	0.00477476197243
ano-	0.4	0.2	0.0	0.4
leu-	0.0	1.0	0.0	0.0
gus-	0.907407407407	0.0740740740741	0.0	0.0185185185185
kis-	0.0416666666667	0.916666666667	0.0416666666667	0.0
gau-	0.096	0.576	0.184	0.144
him-	0.767295597484	0.169811320755	0.0	0.062893081761
nau-	0.273195876289	0.231958762887	0.432989690722	0.0618556701031
tur-	0.305169272082	0.638726383428	0.0129471564208	0.0431571880694
neg-	0.123475156203	0.271050282654	0.542993156799	0.0624814043439
ohi-	0.281109445277	0.204294911368	0.213973895405	0.30062174795
gel-	0.0	1.0	0.0	0.0
sau-	0.0852145378265	0.212701231215	0.014231437114	0.687852793844
way-	0.0	1.0	0.0	0.0
sei-	0.0512820512821	0.897435897436	0.0	0.0512820512821
sag-	0.407875089814	0.393495789018	0.0578550992306	0.140774021937
oho-	0.0	1.0	0.0	0.0
bom-	0.292682926829	0.634146341463	0.0731707317073	0.0
auu-	0.416666666667	0.416666666667	0.0416666666667	0.125
moa-	0.347111719646	0.619860859268	0.0291418421345	0.00388557895126
pop-	0.196565752449	0.72355493779	0.0689154829305	0.0109638268298
gol-	0.0	0.903364969802	0.0759275237274	0.0207075064711
ela-	0.0	0.945205479452	0.0410958904109	0.013698630137
aiw-	0.506578947368	0.309210526316	0.171052631579	0.0131578947368
uri-	0.63193425685	0.301887129186	0.0120930464983	0.0540855674654
kes-	0.0	1.0	0.0	0.0
nag-	0.0	1.0	0.0	0.0
bai-	0.119047619048	0.880952380952	0.0	0.0
itu-	0.0774193548387	0.864516129032	0.0193548387097	0.0387096774194
had-	0.0878140572185	0.833885075095	0.0592744886225	0.019026379064
kad-	0.0	1.0	0.0	0.0
oda-	0.636363636364	0.0681818181817	0.0	0.295454545455
rui-	0.0	0.428571428571	0.571428571429	0.0
tam-	0.0420649236712	0.838954411941	0.00982163178188	0.109159032606
go’-	0.0	0.98	0.02	0.0
gul-	0.319057815846	0.63454675232	0.0463954318344	0.0
tir-	0.0	1.0	0.0	0.0
man-	0.0846581248447	0.777781322422	0.0965487109246	0.0410118418087
wau-	0.161678659141	0.179542418889	0.040107593729	0.618671328241
men-	0.0	1.0	0.0	0.0
ava-	0.491341991342	0.430735930736	0.0454545454545	0.0324675324675
iko-	0.0	1.0	0.0	0.0
bus-	0.0	1.0	0.0	0.0
ain-	0.127417296752	0.768120884502	0.0601341829782	0.044327635768
mug-	0.482690218675	0.252821990271	0.0925707268691	0.171917064186
noi-	0.0	1.0	0.0	0.0
tap-	0.329250860523	0.486341834704	0.124726395229	0.0596809095448
moe-	0.532608695652	0.336956521739	0.0652173913044	0.0652173913042
uru-	0.143914687507	0.763554798642	0.0345161242395	0.0580143896116
deb-	0.0852498696164	0.197718417062	0.0109425617685	0.706089151554
sol-	0.0	0.996389891697	0.0	0.00361010830325
ame-	0.128430629265	0.127824109174	0.000454890068234	0.743290371494
dom-	0.579754601227	0.334355828221	0.079754601227	0.00613496932515
iak-	0.000828043058239	0.986337289539	0.0041402152912	0.00869445211152
mo’-	0.0	1.0	0.0	0.0
hiw-	0.0	1.0	0.0	0.0
iso-	0.00654307524536	0.990185387132	0.00327153762269	0.0
bos-	0.0660701782548	0.861456366303	0.0550099722033	0.0174634832391
ior-	0.0083857442348	0.980200326112	0.00349406009783	0.00791986955508
mag-	0.024027665499	0.752312943501	0.201652744094	0.0220066469056
siw-	0.151946818613	0.740090968161	0.0779727095516	0.0299895036737
hek-	0.475552894855	0.343300215287	0.0992205938223	0.0819262960362
eai-	0.00873766791038	0.00494822216727	0.00246136211324	0.983852747809
ket-	0.0	1.0	0.0	0.0
oii-	1.0	0.0	0.0	0.0
kip-	0.0222634508349	0.925788497217	0.0222634508349	0.0296846011131
dob-	0.225287849007	0.411996825178	0.0377882315024	0.324927094313
taw-	0.488807201093	0.358640840756	0.121683396956	0.0308685611951
meg-	0.224025974026	0.454545454545	0.253246753247	0.0681818181818
mon-	0.145810596555	0.6314183715	0.187345242549	0.0354257893969
iab-	0.0747197507468	0.0483811389844	0.215944496194	0.660954614075
alo-	0.161595882356	0.326429587202	0.0223399910443	0.489634539398
ram-	0.0166435506241	0.977808599168	0.00554785020805	0.0
pit-	0.116743471582	0.118279569893	0.755760368664	0.00921658986176
opa-	0.52380952381	0.380952380952	0.095238095238	0.0
aeg-	0.0855069960269	0.738296769736	0.0	0.176196234237
aur-	0.146062271062	0.808608058608	0.0453296703297	0.0
gew-	0.327626459144	0.286381322957	0.295719844358	0.0902723735408
las-	0.0727624533141	0.902983395581	0.0166944156954	0.00755973540926
gil-	0.0804093567251	0.788011695907	0.131578947368	0.0
laa-	0.744838277782	0.188570220562	0.0110985836093	0.0554929180467
vin-	0.0411215382787	0.853523279708	0.0864452775492	0.0189099044639
bes-	0.445420326223	0.107233809956	0.0316781991875	0.415667664633
ae’-	0.00777202072539	0.992227979275	0.0	0.0
sip-	0.0135440180587	0.918735891648	0.0270880361174	0.040632054176
pad-	0.16568914956	0.530791788856	0.268328445748	0.0351906158358
oue-	0.401606425703	0.33734939759	0.24765729585	0.0133868808568
lio-	0.186016949152	0.63686440678	0.122457627119	0.0546610169491
hae-	0.0755340493332	0.0590699870176	0.0108580195916	0.854537944058
gah-	0.0	1.0	0.0	0.0
nuh-	0.161001788909	0.479427549195	0.0	0.359570661896
gou-	0.21215522771	0.656510583708	0.0505131494548	0.0808210391276
dum-	0.286058851905	0.399421128799	0.144717800289	0.169802219006
bar-	0.0520609732902	0.92131076271	0.0116294867266	0.0149987772736
hot-	0.75	0.0	0.0	0.25
ao’-	0.0	1.0	0.0	0.0
dib-	0.154893345778	0.770528376625	0.0286839529219	0.0458943246751
uai-	0.0	1.0	0.0	0.0
pis-	0.0210526315789	0.968421052632	0.0	0.0105263157895
oea-	0.0555225680295	0.856168859695	0.0161410443574	0.0721675279182
ten-	0.883495145631	0.0582524271845	0.0582524271845	0.0
mib-	0.0	1.0	0.0	0.0
pet-	0.00778699807291	0.985959806505	0.00200574192787	0.00424745349432
his-	0.14369316368	0.20563690227	0.39739474347	0.253275190581
sai-	0.668259703928	0.258305163772	0.01468702646	0.0587481058398
apo-	0.0310407790627	0.926218976128	0.033204842091	0.00953540271861
oi‐-	0.0	1.0	0.0	0.0
avi-	0.0	1.0	0.0	0.0
bie-	0.145454545454	0.8	0.0181818181818	0.0363636363636
gia-	0.538350664058	0.344898589519	0.012972305158	0.103778441264
gag-	0.104183594882	0.253050611536	0.514523525214	0.128242268369
atu-	0.436050860135	0.415856394914	0.0493642483171	0.0987284966343
soe-	0.633530171268	0.178264914746	0.161356472867	0.0268484411195
nua-	0.407014780863	0.30934924592	0.0693171962731	0.214318776944
awa-	0.510797510512	0.302458596177	0.0723285179624	0.114415375349
ere-	0.0	1.0	0.0	0.0
ima-	0.545365214543	0.312151981657	0.00982640026203	0.132656403538
lot-	0.0051719679338	0.984484096199	0.0051719679338	0.0051719679338
ibo-	0.25	0.5	0.25	0.0
sua-	0.39198478865	0.300862951587	0.162351908732	0.144800351031
toa-	0.626767471317	0.187583749306	0.0357438590108	0.149904920367
bau-	0.135342356157	0.619641309421	0.101006733782	0.14400960064
mik-	0.253333333333	0.706666666667	0.0133333333333	0.0266666666667
lep-	0.199743918054	0.710947503201	0.0758642765685	0.0134443021767
reb-	0.0394265232975	0.878136200717	0.0501792114695	0.0322580645161
ewa-	0.116894977169	0.294611872146	0.152420091324	0.436073059361
iap-	0.0	1.0	0.0	0.0
isu-	0.405617707338	0.396025715114	0.165808903832	0.0325476737153
bul-	0.0846317972143	0.725173921536	0.127529938545	0.0626643427043
aie-	0.162824659815	0.103003998963	0.00436746782405	0.729803873398
ihi-	0.807556954992	0.159103537692	0.0244489720319	0.00889053528431
dav-	0.00138985406532	0.997220291869	0.000694927032663	0.000694927032663
ebe-	0.0	1.0	0.0	0.0
van-	0.0190217391304	0.970108695652	0.0108695652174	0.0
dot-	0.0	1.0	0.0	0.0
nu’-	0.320512820513	0.320512820513	0.230769230769	0.128205128205
iav-	0.0	1.0	0.0	0.0
tan-	0.0782887271164	0.834513920628	0.0285462329721	0.0586511192834
wab-	0.101445875629	0.792246012113	0.0346540987802	0.0716540134777
ali-	0.0	1.0	0.0	0.0
ale-	0.0793204109352	0.845036283272	0.0630360881605	0.0126072176321
aeu-	0.174995014387	0.7621862625	0.0628187231133	0.0
bil-	0.0266666666667	0.906666666667	0.0266666666667	0.04
nea-	0.0	1.0	0.0	0.0
eom-	0.901639344262	0.0983606557377	0.0	0.0
ama-	0.384788853473	0.430020916386	0.0430435611736	0.142146668967
nod-	0.0	1.0	0.0	0.0
iob-	0.0574162679426	0.928229665072	0.0143540669856	0.0
uih-	0.0508474576271	0.71186440678	0.21186440678	0.0254237288135
tei-	0.0334177738887	0.0314148417273	0.0265339258948	0.908633458489
lah-	0.344468734254	0.280818412293	0.0513233537923	0.323389499661
hev-	0.773333333333	0.0666666666666	0.0799999999999	0.08
ao‐-	0.251453488372	0.561046511628	0.156976744186	0.0305232558139
ead-	0.0244924266838	0.938446664518	0.0286819207219	0.00837898807605
bel-	0.149133667255	0.794556275492	0.0404728536504	0.0158372036023
boa-	0.197115384615	0.783653846154	0.0	0.0192307692308
wal-	0.299019607843	0.0588235294118	0.583333333333	0.0588235294117
ton-	0.0744101633394	0.852087114338	0.016333938294	0.057168784029
rup-	0.0	0.988764044944	0.0112359550562	0.0
gui-	0.00975978526602	0.97024317392	0.00305507804953	0.0169419627645
gun-	0.0	1.0	0.0	0.0
ori-	0.735317149569	0.157400156617	0.0837901331245	0.0234925606891
auy-	0.5	0.366071428571	0.0803571428572	0.0535714285714
000-	0.461538461539	0.538461538461	0.0	0.0
pol-	0.0943600867679	0.886117136659	0.00325379609544	0.0162689804772
esi-	0.0	1.0	0.0	0.0
hia-	0.0865043435703	0.851829193687	0.0616664627432	0.0
uia-	0.335746269977	0.515583794977	0.0892019610272	0.0594679740182
poe-	0.0566037735849	0.797843665768	0.129380053908	0.0161725067385
ta’-	0.255681818182	0.301136363636	0.102272727273	0.340909090909
