yie-	0.0	1.0	0.0	0.0
giw-	0.462963461953	0.261025185025	0.176358051304	0.0996533017173
agu-	0.640845366648	0.272986485431	0.0376472991894	0.0485208487318
ris-	0.472049689441	0.357142857143	0.111801242236	0.0590062111801
tut-	0.41150466291	0.209050580846	0.111494668215	0.26795008803
gin-	0.202844110545	0.182541812002	0.0561667113854	0.558447366067
eir-	0.374099000438	0.51857751583	0.0501772131735	0.0571462705587
muw-	0.519789760795	0.16174067242	0.0425587869543	0.275910779831
oan-	0.251748251748	0.181818181818	0.251748251748	0.314685314685
del-	0.0	1.0	0.0	0.0
maa-	0.00105522335561	0.853675694689	0.00228631727049	0.142982764685
viu-	0.0	0.967032967033	0.032967032967	0.0
niy-	0.392344497607	0.607655502393	0.0	0.0
omo-	0.573927302542	0.334244329052	0.0688712763049	0.0229570921017
ogo-	0.77502652989	0.125928546162	0.0336045277679	0.0654403961797
wur-	0.622676740521	0.179537822297	0.0508334065237	0.146952030659
ri--	0.410363575841	0.340764507897	0.236573954211	0.012297962052
nas-	0.128712871287	0.841584158416	0.0178217821782	0.0118811881188
gio-	0.227507988658	0.0945887153637	0.0621090058058	0.615794290172
eda-	0.0	0.4140625	0.09375	0.4921875
eak-	0.233128834356	0.490797546012	0.276073619632	0.0
tum-	0.506439358113	0.0686536460796	0.0197476276049	0.405159368202
eno-	0.105110960015	0.0905579539775	0.0106659239295	0.793665162078
eka-	0.0276940939648	0.942385841729	0.0076947122899	0.0222253520159
ola-	0.525348089968	0.307330715221	0.0815185052957	0.0858026895156
emu-	0.291955888098	0.51039193886	0.0292376573816	0.168414515661
gar-	0.558920929582	0.176041581642	0.0983774297741	0.166660059002
wi--	0.341463414634	0.343339587242	0.0619136960601	0.253283302064
lis-	0.0	1.0	0.0	0.0
niw-	0.368499074586	0.127856284484	0.0515337315685	0.452110909362
ana-	0.0874946649595	0.89628681178	0.00341442594964	0.0128040973111
asw-	0.570996978852	0.336858006042	0.0287009063444	0.0634441087613
lur-	0.532861352104	0.22057619905	0.0577017515141	0.188860697332
yal-	0.621550062941	0.0956774663924	0.0375157209851	0.245256749682
sak-	0.0123456790123	0.962962962963	0.0246913580247	0.0
yaz-	0.634292999776	0.135369824779	0.134301614376	0.0960355610689
aew-	0.151515151515	0.363636363636	0.060606060606	0.424242424242
wa--	0.628684003152	0.264223798266	0.0472813238771	0.0598108747045
666-	0.162162162162	0.0	0.0	0.837837837838
iem-	0.800884955752	0.199115044248	0.0	0.0
wii-	0.130617226583	0.0799020284524	0.0356067955974	0.753873949367
nun-	0.75572519084	0.179389312977	0.0	0.0648854961832
kat-	0.0738278615892	0.731895114518	0.0098820865265	0.184394937366
abi-	0.0	1.0	0.0	0.0
zin-	0.203659172886	0.0755654363558	0.115128967129	0.605646423629
mil-	0.0172084130019	0.845124282983	0.0057361376673	0.131931166348
tib-	0.0	1.0	0.0	0.0
gan-	0.10596100679	0.0515587646089	0.031855844492	0.810624384109
yer-	0.0167515191329	0.968385613401	0.001847594022	0.0130152734439
gae-	0.237279079611	0.455010998314	0.118760972293	0.188948949782
sod-	0.00488400488402	0.995115995116	0.0	0.0
ith-	0.0	0.98	0.02	0.0
ari-	0.604534170079	0.131391088456	0.031362468207	0.232712273258
swa-	0.120426053208	0.77910562935	0.00354594061562	0.0969223768271
nka-	0.426579265481	0.278566354698	0.0671709681842	0.227683411637
gig-	0.459448366442	0.265555737974	0.0902971597439	0.18469873584
tus-	0.174498251664	0.105546773962	0.0396369210136	0.68031805336
uga-	0.127659574468	0.787234042553	0.0851063829787	0.0
tai-	0.361111111111	0.583333333333	0.0277777777778	0.0277777777778
oil-	0.366328916602	0.194076383476	0.0	0.439594699922
dek-	0.0	0.824468085106	0.0159574468085	0.159574468085
abr-	0.0072840347589	0.963068665872	0.0222354745272	0.0074118248424
iri-	0.424342105263	0.286184210526	0.141447368421	0.148026315789
riz-	0.126149802891	0.185282522996	0.688567674113	0.0
onu-	0.61377245509	0.215568862275	0.134730538922	0.0359281437126
oko-	0.594264917922	0.146199100954	0.0343117978611	0.225224183264
ti--	0.304895369757	0.175014992267	0.414039074583	0.106050563394
nen-	0.466666666667	0.444444444444	0.0	0.0888888888889
eik-	0.721030042918	0.175965665236	0.0	0.103004291845
ong-	0.74300444888	0.164691696811	0.0374204814769	0.0548833728327
aiw-	0.436492289026	0.217319595446	0.173508753638	0.17267936189
wai-	0.568293306041	0.194116790277	0.0650207886444	0.172569115038
mul-	0.503948012461	0.236645498456	0.056529366307	0.202877122776
gaw-	0.501478233469	0.222423512654	0.13932831995	0.136769933926
ate-	0.619662396731	0.279453429425	0.0388253459054	0.0620588279384
naw-	0.114917151922	0.0751090877665	0.0216065542619	0.788367206049
iwi-	0.112628716429	0.0751610425469	0.0994246437238	0.7127855973
sin-	0.0161924589405	0.967615082119	0.00693962526024	0.00925283368031
olw-	0.096612873274	0.0587916156901	0.00329255500215	0.841302956034
kim-	0.494253976172	0.222627247089	0.130115304184	0.153003472555
aal-	0.434482758621	0.358620689655	0.0	0.206896551724
dor-	0.0211267605633	0.978873239437	0.0	0.0
som-	0.352	0.464	0.184	0.0
ewo-	0.528628285455	0.102586331455	0.0169444772826	0.351840905807
mur-	0.440328577276	0.108208530445	0.0211355524039	0.430327339876
gwi-	0.403563129357	0.351665375678	0.128582494191	0.116189000775
maw-	0.324044069994	0.191186001296	0.381075826312	0.103694102398
oma-	0.701811831478	0.0889716104275	0.0522754167672	0.156941141327
ees-	0.0237825594564	0.943091732729	0.0118912797282	0.0212344280861
nye-	0.317935652202	0.149931522721	0.0627477473611	0.469385077716
gen-	0.0637465591346	0.22625199208	0.0159366397837	0.694064809002
saw-	0.240208877285	0.751958224543	0.0	0.00783289817232
zia-	0.232050859941	0.18526843637	0.0554063435689	0.527274360121
guu-	0.349155741865	0.35285527616	0.033842893016	0.264146088959
aaw-	0.364396654719	0.560334528077	0.0501792114695	0.0250896057347
uzi-	0.0	1.0	0.0	0.0
kid-	0.0397350993377	0.960264900662	0.0	0.0
rek-	0.530171291026	0.180570696741	0.0288700870203	0.260387925213
nig-	0.217341154759	0.291952280517	0.0550355918798	0.435670972845
alf-	0.00227445034116	0.988627748294	0.00909780136467	0.0
pas-	0.00789300591975	0.98618723964	0.0	0.00591975443982
eta-	0.289123513939	0.50193072003	0.129330722347	0.0796150436838
ent-	0.0971427501661	0.672667842208	0.112301829369	0.117887578257
tia-	0.334536233298	0.616307422218	0.00819272408075	0.0409636204038
ezr-	0.0	1.0	0.0	0.0
nge-	0.47945757611	0.280464320582	0.0980232339427	0.142054869365
zer-	0.142117971714	0.275612280097	0.554846498793	0.0274232493963
nai-	0.0	0.877192982456	0.0	0.122807017544
oor-	0.134328358209	0.746268656716	0.0	0.119402985075
eso-	0.293537787514	0.395399780942	0.258488499452	0.052573932092
say-	0.00682593856655	0.993174061433	0.0	0.0
zis-	0.359418395687	0.29913412841	0.117627838588	0.223819637314
gug-	0.511673423738	0.275269117853	0.0639358777203	0.149121580689
epa-	0.0117531831538	0.984329089128	0.00391772771792	0.0
asi-	0.211649284662	0.442339652064	0.0453083605366	0.300702702738
gun-	0.209353102468	0.161140448868	0.0330049761349	0.59650147253
nan-	0.580308331511	0.19390990597	0.036081347037	0.189700415482
oto-	0.755700573137	0.168223359007	0.019891448935	0.0561846189217
wuj-	0.504201680672	0.226890756303	0.100840336134	0.168067226891
mpe-	0.301341281669	0.398211624441	0.128763040238	0.171684053651
pok-	0.242424242424	0.757575757576	0.0	0.0
eyo-	0.16002866644	0.0317488264366	0.0107102383332	0.79751226879
wul-	0.397716460514	0.133440891353	0.0561232228795	0.412719425254
mue-	0.407419100617	0.254330258912	0.120960453475	0.217290186996
ao--	0.234331924279	0.090792133799	0.0165410770079	0.658334864915
nsu-	0.0421357840478	0.0214705982094	0.019584237656	0.916809380087
amu-	0.537821219075	0.169280208206	0.0356911838795	0.25720738884
tol-	0.125	0.875	0.0	0.0
mel-	0.00708103855232	0.986624704957	0.0	0.00629425649094
kri-	0.0142568024511	0.95061058616	0.00468768164767	0.030444929741
ail-	0.51048951049	0.356643356643	0.0629370629371	0.0699300699301
yoo-	0.0907855206243	0.316201418534	0.0144508787511	0.578562182091
isa-	0.058787481549	0.511869934296	0.207695873899	0.221646710256
tee-	0.0	1.0	0.0	0.0
aiz-	0.62185736275	0.145459209851	0.163417136993	0.0692662904053
mus-	0.235398785313	0.158191820297	0.101536855557	0.504872538833
zim-	0.434575944022	0.301435637592	0.10083242852	0.163155989866
dio-	0.0318302387268	0.957559681698	0.0106100795756	0.0
igu-	0.0210320979774	0.851519795753	0.0748960022562	0.0525521040138
bab-	0.0120137536766	0.635486142757	0.046812212602	0.305687890965
ita-	0.0297159158445	0.249375965767	0.00570545584215	0.715202662546
war-	0.461515505264	0.151480443538	0.0417317660632	0.345272285134
aku-	0.5149913226	0.283852987242	0.0412957014397	0.159859988718
ila-	0.2597799511	0.185011351729	0.0629366049598	0.492272092211
rio-	0.277562200411	0.26706231454	0.166628623602	0.288746861447
mee-	0.0615325449476	0.915392750697	0.0	0.0230747043553
ree-	0.0624320347982	0.557538540267	0.0658862662317	0.314143158703
aan-	0.0	1.0	0.0	0.0
ali-	0.0374181478017	0.541627689429	0.124727159339	0.29622700343
tua-	0.459151829709	0.207887129623	0.0507029761514	0.282258064516
oni-	0.240740740741	0.425925925926	0.259259259259	0.074074074074
muz-	0.549382716049	0.325617283951	0.0560699588477	0.0689300411523
mal-	0.120252120059	0.0218772157709	0.0352463393036	0.822624324867
thi-	0.0	1.0	0.0	0.0
sab-	0.00134634803097	0.990238976775	0.000673174015484	0.00774150117806
nyi-	0.126898358771	0.0504628413086	0.025182064724	0.797456735196
aki-	0.390630051465	0.100298148669	0.0371807978857	0.471891001981
tui-	0.469625192078	0.280068546017	0.060756697045	0.18954956486
nin-	0.089912002417	0.143953099498	0.113309975761	0.652824922324
wut-	0.222046663084	0.192138337036	0.183548415556	0.402266584323
eko-	0.416567758481	0.520585078085	0.0155860965315	0.047261066902
izu-	0.659777424483	0.0969793322734	0.0468998410175	0.196343402226
tuw-	0.384913506677	0.140008252771	0.0422954491865	0.432782791366
ena-	0.04816955684	0.878612716763	0.00770712909441	0.0655105973024
yav-	0.54748603352	0.234636871508	0.0251396648045	0.192737430168
emo-	0.122116689281	0.796472184532	0.0814111261873	0.0
afu-	0.602619721092	0.124667394442	0.0185596268595	0.254153257607
aot-	0.950877192982	0.0	0.0421052631579	0.00701754385965
aaz-	0.263980781538	0.0131906785166	0.00348617319713	0.719342366748
and-	0.209578211037	0.328538995275	0.0369487597493	0.424934033939
ALL	0.231532017333	0.291938033755	0.0533853807276	0.423144568185
wuu-	0.256163664976	0.0406248178586	0.0381768374425	0.665034679723
ine-	0.084295749494	0.0981069174902	0.172639599952	0.644957733063
nii-	0.323907455013	0.614395886889	0.0154241645244	0.0462724935733
per-	0.0	1.0	0.0	0.0
ger-	0.44223018361	0.437416032244	0.113636363636	0.00671742051054
lum-	0.434994359129	0.400588130128	0.063436677373	0.100980833369
kui-	0.400745769867	0.433918457804	0.113976149435	0.0513596228938
emv-	0.0445894919186	0.876177213012	0.0184275548674	0.0608057402019
nke-	0.334949716617	0.417995832209	0.12022883032	0.126825620855
gaa-	0.201320610613	0.101682796734	0.0215864262473	0.675410166406
mii-	0.337141473401	0.049274335692	0.00435461211038	0.609229578797
lwa-	0.205684983855	0.153129609254	0.0416625449907	0.5995228619
gas-	0.49346809808	0.351872724921	0.116132966241	0.0385262107578
ata-	0.418521002904	0.175035274493	0.0513042332947	0.355139489308
far-	0.05	0.9125	0.0375	0.0
aoz-	0.815384615385	0.138461538462	0.0	0.0461538461538
reo-	0.0	1.0	0.0	0.0
ego-	0.0666087678889	0.521051240418	0.396480761243	0.0158592304497
oka-	0.419517447726	0.29140518716	0.12879365057	0.160283714545
wae-	0.469302213438	0.177075672739	0.0457812244997	0.307840889324
ire-	0.0516828840325	0.942999946828	0.00212686765566	0.00319030148348
waa-	0.388201730837	0.154517934055	0.0269661554921	0.430314179616
mes-	0.0733944954128	0.926605504587	0.0	0.0
eet-	0.197687861272	0.416184971098	0.275144508671	0.11098265896
ngʼ-	0.285063666098	0.302271277277	0.0376561642621	0.375008892363
iwu-	0.0401703304768	0.112908376565	0.00523307025429	0.841688222703
kla-	0.0	1.0	0.0	0.0
elu-	0.0779881567887	0.135572367093	0.0395282438518	0.746911232267
ami-	0.312426015542	0.406454221298	0.0163088380877	0.264810925073
kur-	0.244791841452	0.138810978068	0.0444022425883	0.571994937892
gue-	0.242690066037	0.313686822347	0.0767113374084	0.366911774208
iku-	0.0662017079079	0.217168260505	0.0047134308839	0.711916600704
gaj-	0.89013732834	0.0948813982521	0.0	0.0149812734082
pro-	0.0	1.0	0.0	0.0
nsi-	0.48135359116	0.293162983425	0.090814917127	0.134668508287
aom-	0.672973352691	0.236407062239	0.0463635086405	0.0442560764295
mfw-	0.363804047089	0.266315846579	0.121521184832	0.248358921499
jai-	0.0798319327731	0.911764705882	0.00840336134454	0.0
aas-	0.0	0.928571428571	0.0	0.0714285714285
win-	0.113819539061	0.0847565773062	0.0343977279269	0.767026155706
tal-	0.0	1.0	0.0	0.0
gid-	0.0	1.0	0.0	0.0
paa-	0.0681399631676	0.909760589319	0.0220994475138	0.0
kos-	0.0	1.0	0.0	0.0
osu-	0.35353887266	0.106853395304	0.139089353328	0.400518378707
jaj-	0.478048780488	0.473170731707	0.0	0.0487804878048
mua-	0.628281218023	0.12460280701	0.0411141869257	0.206001788042
wan-	0.134397544609	0.0995435613288	0.0579325000314	0.708126394031
pon-	0.0	1.0	0.0	0.0
ilu-	0.279463430214	0.215186841265	0.434086553817	0.0712631747046
sik-	0.333333333333	0.587813620072	0.010752688172	0.0681003584229
nga-	0.477298097022	0.221713059171	0.0976583028469	0.20333054096
ben-	0.0	1.0	0.0	0.0
kij-	0.182380216383	0.632148377125	0.0927357032457	0.0927357032457
wig-	0.401626338755	0.404303847679	0.129611265371	0.0644585481952
kia-	0.421172409739	0.29998460212	0.0553642139562	0.223478774185
mpa-	0.441512231282	0.207116382506	0.0716085989622	0.27976278725
inz-	0.156241653081	0.0152642261553	8.21243905813e-05	0.828411996373
muu-	0.101314960979	0.393696651198	0.00849772329168	0.496490664531
amp-	0.21769041769	0.0800982800983	0.0242796515524	0.677931650659
ili-	0.0	0.894736842105	0.0	0.105263157895
lam-	0.0913838120104	0.883998508019	0.0	0.0246176799702
nar-	0.39715249157	0.363057324841	0.109903834145	0.129886349444
gat-	0.499701368218	0.308008013017	0.100848759952	0.0914418588134
wun-	0.116918133226	0.082316808388	0.125753017993	0.675012040393
yat-	0.683883164221	0.10744672305	0.038249039945	0.170421072784
sat-	0.0472052142998	0.91961287774	0.0112581473435	0.0219237606162
gur-	0.44104231112	0.292245582761	0.0878379559237	0.178874150195
eya-	0.0271534238462	0.0167851831044	0.0126697286898	0.94339166436
esl-	0.0	1.0	0.0	0.0
the-	0.0	1.0	0.0	0.0
ani-	0.517704517705	0.227106227106	0.0744810744811	0.180708180708
ntu-	0.587152474043	0.207241471114	0.0467805119233	0.15882554292
gud-	0.046357615894	0.774834437086	0.139072847682	0.0397350993378
afw-	0.386159703793	0.127326657067	0.186291614987	0.300222024152
kis-	0.499354710613	0.285019358682	0.120321651941	0.095304278765
goo-	0.0981174344009	0.107560398134	0.0387953104209	0.755526857044
nta-	0.473257735515	0.167252645574	0.0568169893429	0.302672629569
eku-	0.261445957693	0.606635757751	0.0741089539264	0.0578093306288
eiz-	0.516700498247	0.202804945562	0.252814172356	0.0276803838347
fum-	0.52039748954	0.233263598326	0.00470711297071	0.241631799163
kiv-	0.504959422904	0.229035166817	0.184851217313	0.0811541929667
ise-	0.0392890534762	0.871692744489	0.0105914008087	0.0784268012264
iin-	0.040461588707	0.0348005951301	0.0182349312334	0.906502884929
ter-	0.0	1.0	0.0	0.0
wen-	0.0824041338047	0.103073157465	0.104161000816	0.710361707914
iyi-	0.0788530465949	0.00716845878135	0.906810035842	0.00716845878135
zai-	0.0114135206321	0.925373134328	0.0605794556629	0.00263388937665
okw-	0.120114083355	0.0530504534636	0.018527575657	0.808307887525
guk-	0.341109912697	0.447033924174	0.10306274039	0.10879342274
wug-	0.385785698761	0.345794392523	0.13257987394	0.135840034775
nam-	0.0590821238422	0.0305295474437	0.0138962329516	0.896492095763
ebe-	0.0558643294856	0.771222269726	0.159612369959	0.0133010308299
ale-	0.0616902936987	0.185816997897	0.0480227904768	0.704469917927
tue-	0.16503001394	0.0651993813425	0.0508667709073	0.718903833811
sid-	0.0	1.0	0.0	0.0
bon-	0.0506329113924	0.924050632911	0.0253164556962	0.0
owu-	0.123030559988	0.489251131462	0.118379263694	0.269339044857
won-	0.612965093978	0.27886459532	0.0402761795167	0.0678941311853
dau-	0.00487165074012	0.982761851227	0.0014989694585	0.0108675285741
ewi-	0.130368352527	0.409970802497	0.0803278011289	0.379333043847
tok-	0.295444156636	0.270455584336	0.0341307328965	0.399969526131
ero-	0.0176503033646	0.928295642581	0.0436354722069	0.0104185818472
kue-	0.168782234265	0.105093471309	0.22389972977	0.502224564656
waz-	0.520148272151	0.264707640799	0.0788293674519	0.136314719598
rir-	0.364446974009	0.280149244293	0.232403718459	0.123000063239
kon-	0.61170212766	0.365501519757	0.0	0.0227963525836
ifr-	0.0	1.0	0.0	0.0
eli-	0.00139166946657	0.989562479001	0.00278333893314	0.00626251259958
eis-	0.552434456929	0.331460674157	0.0337078651685	0.0823970037453
oif-	0.490738769427	0.371939535874	0.114967000213	0.0223546944858
soo-	0.359536082474	0.315721649485	0.0515463917526	0.273195876289
mut-	0.484067209382	0.221942780977	0.0872978511739	0.206692158467
eto-	0.712820512821	0.251282051282	0.0	0.0358974358974
jab-	0.0	0.945732609768	0.0320670942279	0.0222002960039
eag-	0.430752453653	0.239912758997	0.140676117775	0.188658669575
awo-	0.261535649533	0.280932354362	0.0658198326888	0.391712163417
oik-	0.468544307804	0.410193491203	0.0502011758362	0.0710610251563
waw-	0.413829403206	0.161509206318	0.0573743958317	0.367286994645
omp-	0.451064908722	0.291582150101	0.0423427991886	0.215010141988
ene-	0.0573864567962	0.18019347434	0.666912608624	0.0955074602394
ewu-	0.149184526921	0.370219550444	0.279890224778	0.200705697857
nim-	0.616852146264	0.259141494436	0.00953895071541	0.114467408585
aa--	0.0	0.911330049261	0.0886699507389	0.0
rik-	0.283243638118	0.475383522442	0.135816204116	0.105556635324
omw-	0.0593989361579	0.666567368134	0.0651380332594	0.208895662448
oam-	0.407026044821	0.319200484555	0.153846153846	0.119927316778
yam-	0.585644218105	0.0958191679367	0.0251494693579	0.293387144601
oru-	0.48	0.4	0.04	0.08
wuy-	0.141414141414	0.121212121212	0.737373737374	0.0
baa-	0.0538841490794	0.829366861248	0.0538841490795	0.0628648405926
nki-	0.296115829399	0.104599987632	0.0313846344128	0.567899548556
ese-	0.170888620828	0.786891837555	0.0422195416163	0.0
rab-	0.150501672241	0.578595317726	0.0	0.270903010033
yek-	0.0	1.0	0.0	0.0
epo-	0.0	1.0	0.0	0.0
fot-	0.0	1.0	0.0	0.0
nzi-	0.135338345865	0.218045112782	0.0225563909774	0.624060150376
wij-	0.343115124153	0.388261851016	0.0270880361174	0.241534988713
ogu-	0.290882996344	0.446705921372	0.134014284334	0.128396797949
ato-	0.653587053094	0.136666779131	0.031040183542	0.178705984233
wau-	0.624587458746	0.153465346535	0.00990099009901	0.21204620462
azi-	0.675698503328	0.188823946755	0.0560829757762	0.0793945741411
gao-	0.168067226891	0.546218487395	0.260504201681	0.0252100840336
yor-	0.00282577103181	0.997174228968	0.0	0.0
ndu-	0.316796832032	0.272467275327	0.256297437026	0.154438455615
nal-	0.175596816976	0.537577365164	0.0229885057471	0.263837312113
awi-	0.126061481186	0.480070379777	0.125475905819	0.268392233219
iba-	0.0521042084168	0.589178356713	0.0060120240481	0.352705410822
wav-	0.379943942697	0.411398318281	0.166614761757	0.0420429772657
ino-	0.259139803426	0.0211678706669	0.0915842198633	0.628108106044
aet-	0.710018063082	0.102264832569	0.0354314297624	0.152285674587
lui-	0.2988399462	0.310272360457	0.335406859448	0.0554808338938
zii-	0.220964247021	0.125785482123	0.0630552546045	0.590195016251
eng-	0.106349007524	0.613629406154	0.0389861168998	0.241035469422
yes-	0.00585577656516	0.68835103366	0.00212012752058	0.303673062254
efu-	0.461364838653	0.38275436431	0.0719449832481	0.0839358137894
yuu-	0.00132890365449	0.9926910299	0.0	0.00598006644518
gaf-	0.335122938064	0.372860255213	0.159741674448	0.132275132275
rae-	0.079365079365	0.880952380952	0.0	0.0396825396825
pun-	0.208333333333	0.791666666667	0.0	0.0
yar-	0.564601058311	0.250966227433	0.0584210935879	0.126011620668
fir-	0.0	0.972222222222	0.0277777777778	0.0
ito-	0.199326947968	0.577400983691	0.213564587108	0.00970748123222
soi-	0.00315728903227	0.878396534545	0.00392269243403	0.114523483989
tur-	0.279220271956	0.0742768888741	0.0343226459989	0.612180193171
spe-	0.0	1.0	0.0	0.0
lus-	0.224564926372	0.664658634538	0.0866800535475	0.0240963855422
iko-	0.0283382908594	0.949051370689	0.0171838572233	0.00542648122839
mbi-	0.55928045789	0.318978831653	0.0613246116109	0.0604160988462
amm-	0.662399109379	0.141386028389	0.00417478430281	0.192040077929
ont-	0.471256488101	0.32308294976	0.0658113798845	0.139849182254
kun-	0.17510539343	0.152150486717	0.157884094103	0.51486002575
kan-	0.0315159037244	0.00807421077765	0.00242530130107	0.957984584197
zab-	0.0345710627401	0.95390524968	0.0	0.01152368758
agi-	0.419197925602	0.109286048507	0.0205928799813	0.45092314591
aid-	0.660436137072	0.0965732087227	0.018691588785	0.224299065421
kuk-	0.20054708344	0.05128647922	0.040716368769	0.707450068571
guv-	0.217391304348	0.391304347826	0.108695652174	0.282608695652
osi-	0.564676224988	0.287458641878	0.0698755317473	0.0779896013865
gwo-	0.0696495546285	0.144014383143	0.328797764536	0.457538297692
mbe-	0.538817552397	0.0899812441134	0.0320973685021	0.339103834987
mum-	0.598459640051	0.106583219502	0.0405733237353	0.254383816713
gir-	0.355997071353	0.350139776358	0.10732827476	0.186534877529
mug-	0.501302945461	0.280758144	0.0593212623674	0.158617648172
met-	0.0	1.0	0.0	0.0
alw-	0.186836518047	0.376857749469	0.369426751592	0.0668789808917
kuw-	0.143738134	0.148782170672	0.124724348018	0.58275534731
oke-	0.571211524394	0.274886050307	0.0970682572731	0.0568341680266
giy-	0.381443298969	0.525773195876	0.0618556701031	0.0309278350516
omb-	0.895572485715	0.067271364786	0.0	0.0371561494989
wu--	0.243243243243	0.493243243243	0.0810810810811	0.182432432432
oer-	0.935483870968	0.0645161290322	0.0	0.0
vuu-	0.58064516129	0.0322580645161	0.0967741935484	0.290322580645
mat-	0.00270087778528	0.993697951834	0.000900292595092	0.00270087778528
kie-	0.130902269019	0.213422189255	0.240429887921	0.415245653805
nya-	0.428172493305	0.162397853	0.0386662433517	0.370763410343
aka-	0.275897294637	0.530460015115	0.0910842351813	0.102558455067
oiz-	0.564958283671	0.19547079857	0.200238379023	0.0393325387366
kiw-	0.292996829673	0.365903232193	0.0615627329874	0.279537205147
par-	0.0	0.995680345572	0.00431965442764	0.0
too-	0.570250206214	0.201264778664	0.0643387407204	0.164146274402
aig-	0.59943802685	0.216984077427	0.0408991570402	0.142678738682
jul-	0.0	1.0	0.0	0.0
nti-	0.191014211316	0.0790007944214	0.0333951216642	0.696589872598
yoe-	0.0	1.0	0.0	0.0
mba-	0.583754110261	0.105387736578	0.0413534579896	0.269504695171
aem-	0.265539756142	0.0664067480422	0.0115554183638	0.656498077452
zir-	0.370563141673	0.383279243974	0.0929724654542	0.153185148899
tha-	0.100238663484	0.894988066826	0.0	0.00477326968973
anu-	0.296015033224	0.0463782715667	0.0139483523509	0.643658342858
wit-	0.322071397793	0.238283947178	0.0811414855822	0.358503169447
ya--	0.599959744752	0.25020127624	0.0487535782443	0.101085400763
two-	0.0259970900377	0.0120891817871	0.0048142759329	0.957099452242
guo-	0.28105482304	0.40203562341	0.230164237798	0.086745315753
gay-	0.469912307227	0.40661223667	0.0105836105232	0.11289184558
ira-	0.689350346093	0.248936702527	0.00333583520974	0.0583771161705
izo-	0.130434782609	0.663615560641	0.00686498855837	0.199084668192
egu-	0.0945357023131	0.74589339591	0.00402279584311	0.155548105933
aim-	0.720890825466	0.192931493585	0.0123456790123	0.0738320019366
ona-	0.608812651617	0.282619934515	0.0417566976417	0.0668107162268
dan-	0.0	0.93468118196	0.0653188180404	0.0
lug-	0.403225806452	0.290322580645	0.177419354839	0.129032258065
wuk-	0.222611429919	0.15992704976	0.177764012263	0.439697508058
tio-	0.19975031211	0.45443196005	0.191011235955	0.154806491885
aru-	0.318007662835	0.615172413793	0.048429118774	0.0183908045977
kag-	0.66085360257	0.173932996787	0.0	0.165213400643
ooz-	0.208675703096	0.0339048889945	0.00548400954218	0.751935398368
ndi-	0.399792720177	0.0716503047563	0.012553718886	0.516003256181
chw-	0.315457728864	0.0863431715858	0.0530265132566	0.545172586293
mis-	0.0140944326991	0.966878083157	0.00140944326991	0.0176180408738
tii-	0.106734434562	0.738428026865	0.00871301506626	0.146124523507
elm-	0.0	1.0	0.0	0.0
fee-	0.010101010101	0.987012987013	0.0	0.002886002886
gua-	0.424395575745	0.201819038737	0.206371649469	0.167413736049
ofw-	0.216087675765	0.326302729528	0.214433416046	0.24317617866
yai-	0.582794175954	0.208092975713	0.0321890133363	0.176923834996
rin-	0.221594524052	0.161326036968	0.0268854462901	0.590193992689
was-	0.389823874191	0.206028838929	0.110722637046	0.293424649834
kam-	0.414893617021	0.265957446808	0.0	0.31914893617
eni-	0.441812935802	0.486054339986	0.0721327242126	0.0
fij-	0.0	1.0	0.0	0.0
sos-	0.0	0.985294117647	0.0147058823529	0.0
luu-	0.0567322239032	0.881996974281	0.0158850226929	0.0453857791226
kua-	0.410227696902	0.332213512505	0.0925718551698	0.164986935424
mbw-	0.089191142958	0.00265450683398	0.000283797166916	0.907870553041
bit-	0.0	1.0	0.0	0.0
uri-	0.0	1.0	0.0	0.0
o-e-	0.702290076336	0.267175572519	0.0	0.030534351145
rig-	0.755856966708	0.209617755857	0.0098643649815	0.0246609124537
iza-	0.904816078877	0.0587789154342	0.00227531285552	0.0341296928328
air-	0.533789847678	0.142572626351	0.0371276478037	0.286509878167
zie-	0.0912851233776	0.69405220368	0.101269433747	0.113393239196
iif-	0.00580925761255	0.0108654633124	0.00516378454449	0.978161494531
efe-	0.00132406487918	0.964029570782	0.0346463643385	0.0
esa-	0.0626870980171	0.836279972732	0.0821378819764	0.0188950472747
sia-	0.813953488372	0.162790697674	0.0232558139535	0.0
wat-	0.504345690242	0.0883655566828	0.0413023439217	0.365986409154
mag-	0.0385852090032	0.961414790997	0.0	0.0
pai-	0.0	0.963855421687	0.0361445783133	0.0
ama-	0.139004674376	0.571177345425	0.0800437358693	0.20977424433
kuj-	0.516805204192	0.183953740513	0.0368630285508	0.262378026744
omm-	0.360576923077	0.423076923077	0.0288461538462	0.1875
ifu-	0.415169779794	0.472638300412	0.0823536432536	0.0298382765411
epu-	0.12962962963	0.324074074074	0.546296296296	0.0
yaw-	0.611118752151	0.0626524045017	0.0197099519908	0.306518891356
reg-	0.528599605523	0.424063116371	0.0473372781065	0.0
oem-	0.28790025503	0.113629923491	0.0385378294134	0.559931992066
mu--	0.648747135505	0.20586798903	0.00788910176942	0.137495773695
kiz-	0.471482889734	0.32319391635	0.0912547528517	0.114068441065
bet-	0.0174216027875	0.944831591173	0.0	0.0377468060395
raa-	0.0323588484713	0.954251283196	0.0133898683329	0.0
asu-	0.395260205069	0.0536467401819	0.0597794544399	0.49131360031
pat-	0.0	1.0	0.0	0.0
kiy-	0.365714285714	0.237142857143	0.354285714286	0.0428571428572
isk-	0.00290697674419	0.997093023256	0.0	0.0
otu-	0.451483481798	0.29147787052	0.122508241566	0.134530406116
sek-	0.0256959314775	0.974304068522	0.0	0.0
twa-	0.455830308481	0.217109458942	0.0442777863052	0.282782446271
ind-	0.0947741364039	0.0792334326436	0.456397455512	0.369594975441
yan-	0.352382988749	0.147480404909	0.0461145394684	0.454022066874
emw-	0.106252923908	0.770945651969	0.07531949041	0.0474819337122
ziu-	0.196292257361	0.757906215922	0.0	0.0458015267176
ruu-	0.0	1.0	0.0	0.0
eme-	0.185484485915	0.683720469977	0.00794549333364	0.122849550774
zil-	0.227477884095	0.541433471746	0.13720888247	0.0938797616898
yee-	0.0	1.0	0.0	0.0
guz-	0.727514007667	0.212523346112	0.0540646810184	0.00589796520202
wio-	0.105607441598	0.211653778151	0.00805839915811	0.674680381093
est-	0.219896973599	0.464584674823	0.0225370251127	0.292981326465
mpi-	0.686505190311	0.18062283737	0.0581314878893	0.074740484429
oet-	0.752776101485	0.102130845465	0.0364596275296	0.108633425521
nee-	0.157204730725	0.524302568066	0.128622052411	0.189870648798
age-	0.623298850152	0.243075752556	0.00859011645744	0.125035280835
eil-	0.858143607706	0.141856392294	0.0	0.0
mui-	0.546276749094	0.247690251823	0.0898684481383	0.116164550944
tab-	0.134831460674	0.769662921348	0.0	0.0955056179775
waf-	0.55993629379	0.210175718749	0.0653578523592	0.164530135102
igo-	0.143209555832	0.522949176333	0.276906737102	0.0569345307332
gal-	0.101854467855	0.846554657209	0.0188993417691	0.032691533167
see-	0.0	1.0	0.0	0.0
ida-	0.309848484848	0.363636363636	0.0409090909091	0.285606060606
kar-	0.077267637178	0.893617021277	0.026875699888	0.00223964165734
sel-	0.018	0.982	0.0	0.0
kay-	0.0315789473684	0.778947368421	0.0	0.189473684211
kus-	0.351975636148	0.0882404272401	0.0306729728786	0.529110963733
oii-	0.463784472939	0.188011411732	0.24286505523	0.1053390601
ons-	0.558113754583	0.274750575595	0.0	0.167135669822
mia-	0.0110022714367	0.0177455990915	0.0138415672913	0.957410562181
mfu-	0.699041203108	0.205079107732	0.00782691340082	0.0880527757589
gak-	0.409809130749	0.172068006416	0.0446139835437	0.373508879292
ati-	0.417707150965	0.377979568672	0.0851305334847	0.119182746879
rut-	0.0	1.0	0.0	0.0
aon-	0.651143099069	0.248518204911	0.0482641828959	0.0520745131245
oki-	0.318313078824	0.166862210044	0.276387947968	0.238436763164
gik-	0.400053812196	0.344248572482	0.163618969795	0.0920786455271
gie-	0.309231051569	0.628372178381	0.0146815929528	0.0477151770967
omf-	0.466666666667	0.244444444444	0.0	0.288888888889
tuz-	0.508982035928	0.455089820359	0.0	0.0359281437126
eel-	0.0370678568727	0.901505408881	0.0614267342461	0.0
wao-	0.626240073072	0.208763605917	0.0859614847892	0.0790348362216
luk-	0.33881748072	0.599485861183	0.0616966580976	0.0
eez-	0.274465920651	0.0992878942014	0.0227873855544	0.603458799593
iwo-	0.0525553001801	0.0489649972917	0.00951558359806	0.88896411893
abb-	0.0754716981132	0.792452830189	0.0	0.132075471698
are-	0.654981549816	0.181086067617	0.0435075296699	0.120424852897
aii-	0.306636155606	0.549199084668	0.104500381388	0.0396643783371
one-	0.00286259541985	0.985687022901	0.0	0.0114503816794
niz-	0.165215624365	0.409162667834	0.118167466433	0.307454241368
sto-	0.0	0.596026490066	0.403973509934	0.0
saf-	0.216365066876	0.409913453973	0.0	0.37372147915
gee-	0.180811262752	0.0624695966489	0.152360904669	0.60435823593
orr-	0.644970414201	0.171597633136	0.0	0.183431952663
sil-	0.00280504908836	0.976157082749	0.0	0.0210378681627
430-	0.135416666667	0.0	0.0	0.864583333333
aog-	0.788395904437	0.112627986348	0.0	0.098976109215
ngi-	0.489529081435	0.0570510722281	0.0232027213477	0.430217124989
aai-	0.378453038674	0.24861878453	0.223756906077	0.149171270718
nir-	0.223884984577	0.297478550235	0.0551481395832	0.423488325605
yad-	0.512224938875	0.392420537897	0.0220048899755	0.0733496332519
ein-	0.0936125387309	0.457460629428	0.0993994956706	0.349527336171
gus-	0.449345229529	0.416894517197	0.055691466398	0.0780687868759
oig-	0.376838055237	0.389763702401	0.0858444769207	0.147553765442
wuo-	0.0888489350773	0.177757142293	0.0930572568855	0.640336665745
nau-	0.0	1.0	0.0	0.0
egi-	0.193287456858	0.177198339847	0.0668093524293	0.562704850866
iny-	0.021839257279	0.0152741756437	0.00838762519697	0.95449894188
sau-	0.0276231263383	0.880728051392	0.0	0.0916488222699
zig-	0.425900788673	0.399998281757	0.132605371226	0.0414955583429
kee-	0.0686784599375	0.850156087409	0.0312174817898	0.0499479708637
o-o-	0.582364842184	0.288079620406	0.0762091396533	0.0533463977573
twe-	0.315692952581	0.244170814776	0.172910662824	0.267225569819
tro-	0.00235663786332	0.997643362137	0.0	0.0
a-a-	0.537386064673	0.13022720788	0.0299596269594	0.302427100488
ser-	0.0	1.0	0.0	0.0
aag-	0.533025179418	0.211855816405	0.0547784130074	0.200340591169
nie-	0.713156002876	0.0565540378625	0.0812365204888	0.149053438773
kwo-	0.449647887324	0.134154929577	0.0126760563381	0.403521126761
gol-	0.141451414514	0.858548585486	0.0	0.0
ela-	0.401926229508	0.333565573771	0.171557377049	0.0929508196721
iyo-	0.253578732106	0.746421267894	0.0	0.0
yud-	0.0103853955375	0.950263691684	0.00113590263692	0.038215010142
luy-	0.806451612903	0.177419354839	0.0161290322581	0.0
yae-	0.688720704315	0.0953124815092	0.0238041039542	0.192162710222
wua-	0.202961241843	0.13729576577	0.0495958057313	0.610147186656
nag-	0.26172318676	0.17050949213	0.0346827843583	0.533084536752
du--	0.0379506641366	0.924098671727	0.0	0.0379506641366
aen-	0.0847361215325	0.0115505543192	0.00239381538175	0.901319508767
kaa-	0.0337656769214	0.933218994533	0.022510451281	0.0105048772644
itu-	0.4101611647	0.527529806483	0.0143790066503	0.0479300221676
oda-	0.965210668728	0.0	0.0115964437573	0.0231928875145
eyi-	0.478790613718	0.313628158845	0.0676895306859	0.139891696751
kin-	0.134202370918	0.0679705335908	0.0140499480018	0.78377714749
tam-	0.0	1.0	0.0	0.0
gul-	0.579473206176	0.309718437784	0.016348773842	0.094459582198
yoa-	0.0	1.0	0.0	0.0
oti-	0.598056496297	0.0400544716997	0.00555787388779	0.356331158116
men-	0.578277886497	0.197651663405	0.0645792563601	0.159491193738
edh-	0.0118148363355	0.726128220027	0.248111563045	0.0139453805927
tud-	0.769938650307	0.128834355828	0.101226993865	0.0
ank-	0.36	0.199310344828	0.311724137931	0.128965517241
ain-	0.525490481976	0.209819360065	0.0445686512758	0.220121506683
woo-	0.0626000720387	0.0953461408016	0.034547036816	0.807506750344
amw-	0.61320754717	0.0283018867925	0.22641509434	0.132075471698
ozo-	0.351851851852	0.444444444444	0.166666666667	0.037037037037
e-e-	0.67032967033	0.224175824176	0.0527472527473	0.0527472527473
fii-	0.210526315789	0.789473684211	0.0	0.0
nse-	0.40625	0.21875	0.03125	0.34375
ame-	0.42453033902	0.229971928309	0.228712301159	0.116785431512
koo-	0.0719041278296	0.80292942743	0.0372836218375	0.0878828229028
kuf-	0.240422096566	0.267762442323	0.274281699466	0.217533761645
tuf-	0.5333984375	0.234765625	0.044140625	0.1876953125
kre-	0.0	1.0	0.0	0.0
iso-	0.148867313916	0.572815533981	0.194174757282	0.084142394822
mar-	0.0197628458498	0.923320158103	0.0	0.0569169960474
pre-	0.011583011583	0.980694980695	0.0	0.00772200772202
pam-	0.0	0.991769547325	0.0	0.0082304526749
laz-	0.0315884476535	0.830926594465	0.089651022864	0.047833935018
agw-	0.666796773354	0.165365599792	0.0344782721832	0.133359354671
rim-	0.470610293428	0.243273647698	0.0948720352489	0.191244023624
ika-	0.205174664926	0.615497348717	0.0826027871779	0.0967251991793
siw-	0.139240506329	0.73417721519	0.126582278481	0.0
lua-	0.448630136986	0.469178082192	0.041095890411	0.041095890411
nyw-	0.708600949455	0.288606534488	0.00279251605697	0.0
akw-	0.217632300601	0.741816908805	0.00787677227376	0.0326740183208
nil-	0.489421720734	0.375176304654	0.0733427362482	0.0620592383639
aol-	0.567826863008	0.36077643909	0.00446229361893	0.0669344042838
rij-	0.425897824987	0.452706120384	0.0	0.121396054628
alo-	0.668431052772	0.120001320433	0.0617238885986	0.149843738196
tho-	0.0674712013165	0.910038398245	0.0	0.0224904004388
ano-	0.102528522973	0.0421822001233	0.0122378970089	0.843051379895
yaj-	0.473550894696	0.40806138163	0.0298684623948	0.0885192612792
aeg-	0.662471257413	0.271451046835	0.0457460970592	0.0203315986929
ois-	0.445674337314	0.320234091571	0.193575722268	0.0405158488468
ebu-	0.230241895995	0.723729311527	0.0297718147096	0.0162569777691
man-	0.504507409684	0.13341248228	0.0502600200856	0.31182008795
eri-	0.155075319169	0.342728982107	0.0455796894758	0.456616009248
foe-	0.0	0.98085106383	0.0063829787234	0.0127659574468
eti-	0.243533758817	0.277796439369	0.0141081625798	0.464561639234
laa-	0.0250481695569	0.953757225434	0.00385356454721	0.0173410404624
wik-	0.311539355739	0.368086590375	0.0932034822144	0.227170571672
mpo-	0.35489143124	0.348587438711	0.187368666822	0.109152463227
yus-	0.0497925311203	0.95020746888	0.0	0.0
yos-	0.0119820315789	0.980731597866	0.00388606429586	0.00340030625888
reb-	0.0240963855421	0.915662650602	0.0240963855421	0.0361445783133
mpu-	0.418845285927	0.221200946667	0.133193901701	0.226759865705
ema-	0.58400353513	0.210428634556	0.0220945647371	0.183473265577
wus-	0.216028276057	0.312812651081	0.120639167149	0.350519905713
pis-	0.03	0.96	0.01	0.0
pet-	0.0102284586926	0.927880698032	0.00280849204781	0.0590823512279
sai-	0.0137867647059	0.986213235294	0.0	0.0
wir-	0.549600249594	0.214657169853	0.0450142466993	0.190728333853
fan-	0.0	1.0	0.0	0.0
yas-	0.584399272105	0.254722433833	0.0488449465005	0.112033347562
kuo-	0.269787554052	0.356645986088	0.131039669111	0.24252679075
tra-	0.0	1.0	0.0	0.0
rit-	0.479075957623	0.418815773238	0.0447302085353	0.0573780606039
yow-	0.019288947524	0.919591474649	0.0112594681892	0.0498601096376
way-	0.0869565217392	0.548913043478	0.00543478260868	0.358695652174
oin-	0.702046293943	0.14385364176	0.095223320424	0.0588767438731
gag-	0.389124144259	0.422012844943	0.102053779378	0.0868092314207
yau-	0.652631578947	0.221052631579	0.0315789473684	0.0947368421053
owi-	0.37444042086	0.26329445981	0.214165549885	0.148099569445
awa-	0.15281291851	0.400668371654	0.0937540596784	0.352764650158
ere-	0.549714169049	0.344630461413	0.0321559820335	0.0734993875051
ima-	0.0454545454546	0.954545454545	0.0	0.0
nay-	0.185671471386	0.165691451406	0.0630797773655	0.585557299843
kao-	0.544597088374	0.201968423211	0.0381381997129	0.215296288702
gil-	0.713175978488	0.170301762773	0.0896325067223	0.0268897520167
oes-	0.208756394683	0.0849047063906	0.150124474772	0.556214424155
aer-	0.684410646388	0.131178707224	0.155893536122	0.0285171102661
mik-	0.161051462421	0.62847093669	0.191965938541	0.0185116623473
lwo-	0.11553802559	0.0380618098428	0.0151093348483	0.831290829719
guw-	0.346400425483	0.422527246758	0.151214555624	0.0798577721352
yef-	0.0	1.0	0.0	0.0
kut-	0.0878253280396	0.0426155138405	0.0105764719533	0.858982686167
ewa-	0.505525569606	0.27152335913	0.150696002703	0.0722550685606
isu-	0.195818240505	0.743929993186	0.0451888247319	0.0150629415773
bul-	0.0	0.917284006726	0.0827159932736	0.0
uny-	0.12676056338	0.457746478873	0.0	0.415492957746
aie-	0.60625	0.121875	0.196875	0.075
ony-	0.504527275041	0.292495912754	0.0808950250515	0.122081787153
wak-	0.455818831907	0.213655033685	0.0544804116026	0.276045722805
luo-	0.84469273743	0.128491620112	0.0268156424581	0.0
etu-	0.524180045307	0.216783216783	0.211267605634	0.0477691322761
now-	0.561643835617	0.41095890411	0.0	0.0273972602739
tan-	0.384279475982	0.563318777293	0.0	0.0524017467249
che-	0.209727164887	0.188612099644	0.0436536180308	0.558007117438
edi-	0.0931846643005	0.849029213922	0.0355439164141	0.0222422053635
bar-	0.0117864243112	0.968616870207	0.00639023004828	0.0132064754331
gav-	0.412249705536	0.493521790342	0.0	0.0942285041225
nea-	0.0	1.0	0.0	0.0
eom-	0.748449955713	0.133746678477	0.0389725420726	0.0788308237378
wil-	0.283856988082	0.162513542795	0.475622968581	0.0780065005417
kif-	0.452328769339	0.409538289837	0.122281619746	0.0158513210782
ajo-	0.575018341893	0.386463683052	0.016507703595	0.02201027146
inu-	0.501960784314	0.292156862745	0.0	0.205882352941
osa-	0.451880948784	0.469255174498	0.029007402931	0.0498564737876
dee-	0.00626959247648	0.993730407524	0.0	0.0
ngu-	0.359379790635	0.253208357058	0.0199290438439	0.367482808462
gwe-	0.181188925081	0.397394136808	0.250407166124	0.171009771987
zeb-	0.00783952040581	0.992160479594	0.0	0.0
sii-	0.0342047679373	0.915351836923	0.0126684325694	0.0377749625705
abu-	0.830903790088	0.122448979592	0.0233236151603	0.0233236151603
a-e-	0.595867976821	0.245401864449	0.0705467372133	0.0881834215167
bel-	0.0258620689655	0.974137931035	0.0	0.0
ing-	0.346903088333	0.386123392033	0.0112328101672	0.255740709467
zio-	0.0880836297684	0.108490764622	0.0242679843763	0.779157621234
wal-	0.453064980377	0.342538682362	0.103924905731	0.100471431531
ozi-	0.639993144359	0.225369680927	0.0446568846824	0.0899802900316
ant-	0.199541284404	0.583327452364	0.0165843330981	0.200546930134
gui-	0.468748349427	0.315296671004	0.10755734391	0.108397635659
yaa-	0.164206195491	0.0323418422172	0.017227049062	0.786224913229
ori-	0.440738887671	0.0988725211285	0.0300932971836	0.430295294017
wue-	0.271219512195	0.311219512195	0.133658536585	0.283902439024
muf-	0.617976575526	0.22107329204	0.086679289199	0.0742708432349
ayu-	0.120982986768	0.767485822306	0.0888468809073	0.0226843100189
000-	0.0	0.542682926829	0.335365853659	0.121951219512
ga--	0.522506301765	0.196254951386	0.135397911415	0.145840835434
eji-	0.0	1.0	0.0	0.0
esi-	0.144249458267	0.794749527043	0.023563137047	0.0374378776431
