ris-	0.411290322581	0.467741935484	0.0241935483871	0.0967741935484
bọe-	0.585261492622	0.294673833524	0.0240990026374	0.0959656712167
měn-	0.477626707168	0.217527705588	0.0538579355501	0.250987651694
lur-	0.248027613412	0.658777120316	0.0350098619329	0.0581854043392
fig-	0.0	0.980769230769	0.0192307692308	0.0
del-	0.125548027102	0.402351534476	0.116580310881	0.355520127541
kạě-	0.0582189197344	0.606329209415	0.226142878696	0.109308992155
mạb-	0.705554908594	0.151761613832	0.0932713764855	0.0494121010889
séw-	0.43945769051	0.426523297491	0.0140252454418	0.119993766558
wué-	0.127005347594	0.0748663101605	0.0374331550802	0.760695187166
pép-	0.535108958838	0.0	0.457627118644	0.00726392251815
nět-	0.531444759207	0.132011331445	0.105382436261	0.231161473088
haé-	0.521739130435	0.226086956522	0.0608695652174	0.191304347826
der-	0.052651093808	0.945865776789	0.0	0.00148312940304
hat-	0.455100616494	0.34977317669	0.0852041409794	0.109922065837
neg-	0.0457918126174	0.905493493109	0.00626331783521	0.0424513764387
ayu-	0.0	1.0	0.0	0.0
gěl-	0.353929124369	0.432646278021	0.0717548216101	0.141669775999
tib-	0.0594330400782	0.918670576735	0.0125122189638	0.00938416422287
lél-	0.0584297715417	0.833958562885	0.0521244005121	0.0554872650612
ěpạ-	0.0805851063829	0.0708776595744	0.0151595744681	0.833377659575
hed-	0.236994916514	0.128533826277	0.0168779762503	0.617593280958
paf-	0.02	0.98	0.0	0.0
abr-	0.0277794930378	0.922801722807	0.022152582667	0.0272662014882
ané-	0.592485549133	0.277456647399	0.112716763006	0.0173410404624
dah-	0.109125465763	0.78922079582	0.0482452303262	0.0534085080905
her-	0.0225718359554	0.889702506102	0.0452403393026	0.0424853186399
wod-	0.0365463682047	0.323977843764	0.609582000914	0.0298937871174
ate-	0.0	1.0	0.0	0.0
naw-	0.454210278938	0.367744912953	0.0785021067982	0.0995427013106
dor-	0.511798745862	0.308983805494	0.0374987060506	0.141718742593
pat-	0.149907772702	0.238424754943	0.0331144762128	0.578552996142
jem-	0.3	0.5875	0.075	0.0375
pạn-	0.437831032663	0.342964145149	0.13441595188	0.0847888703083
ité-	0.409836065574	0.573770491803	0.0163934426229	0.0
děl-	0.0897207827365	0.789620233583	0.0974553329724	0.0232036507077
mạp-	0.474766923705	0.293988729062	0.110726589678	0.120517757556
jam-	0.0329529807896	0.889793814266	0.0278881493229	0.049365055622
niu-	0.586527260113	0.32560143279	0.0431450376753	0.0447262694225
iwẹ-	0.560645661602	0.300054571043	0.0499755866387	0.0893241807163
rek-	0.115423141133	0.798818543727	0.0339797097727	0.0517786053679
nig-	0.704995719949	0.193562404883	0.0414164255436	0.0600254496235
ent-	0.333526931681	0.509873515746	0.0572190672862	0.0993804852865
nge-	0.448275862069	0.0344827586207	0.0	0.51724137931
nai-	0.714833910598	0.123230535311	0.0529338343541	0.109001719737
gug-	0.325216025137	0.347211311862	0.292223095051	0.0353495679497
tin-	0.208197552278	0.625655198609	0.0733149714855	0.0928322776272
asi-	0.0137842373609	0.966719138624	0.019496624015	0.0
tip-	0.0936623012161	0.867750233863	0.0252572497661	0.0133302151544
tol-	0.652642380708	0.30015392509	0.00487429451001	0.0423293996922
hah-	0.0	0.72380952381	0.190476190476	0.0857142857143
mus-	0.200015439138	0.402326960355	0.0599890951536	0.337668505353
pud-	0.286834101072	0.609385050702	0.0548903474855	0.0488905007408
nịu-	0.441767068273	0.0963855421687	0.461847389558	0.0
goẹ-	0.248347497639	0.347497639282	0.0906515580736	0.313503305005
tuh-	0.368728241382	0.189737815947	0.0869375080275	0.354596434643
war-	0.0438447965494	0.775072629084	0.151139786479	0.0299427878874
hur-	0.172965730821	0.618322287321	0.194874723392	0.0138372584657
bo'-	0.467648845106	0.173793635575	0.0385028208664	0.320054698452
rěd-	0.181046676096	0.742574257426	0.00848656294201	0.0678925035361
kod-	0.0	0.93661971831	0.0633802816902	0.0
han-	0.166042911441	0.435235239617	0.0202228009892	0.378499047953
zam-	0.0	0.67619047619	0.32380952381	0.0
hiz-	0.0	1.0	0.0	0.0
puě-	0.405614392264	0.151087445921	0.0534424368185	0.389855724997
uni-	0.0204978038067	0.93850658858	0.0204978038067	0.0204978038067
nịk-	0.519061486232	0.320817804602	0.050697849868	0.109422859298
gub-	0.0380640540264	0.915003922371	0.0252396057164	0.021692417886
apa-	0.10458572882	0.123291440529	0.0138633129982	0.758259517653
san-	0.244410260079	0.635972286815	0.0650814661118	0.0545359869941
nii-	0.53486566237	0.312936791427	0.0465910855722	0.105606460631
mae-	0.591152163345	0.233446767137	0.0521147301896	0.123286339329
laé-	0.0931419207972	0.758942058042	0.033543009347	0.114373011814
tel-	0.0520561285468	0.098711876411	0.0122172546589	0.837014740383
lum-	0.472488447461	0.26599582407	0.110770874216	0.150744854253
mes-	0.0327535159141	0.922218110042	0.0328151986183	0.0122131754256
sed-	0.230979711938	0.715915577505	0.0391840582752	0.013920652282
adi-	0.0652707269277	0.273581557548	0.406360424028	0.254787291496
ami-	0.00432276657061	0.102545629203	0.0007204610951	0.892411143132
gaj-	0.350380848749	0.468988030468	0.076169749728	0.104461371055
win-	0.240934565654	0.691087641283	0.0189166404511	0.0490611526123
gid-	0.0	1.0	0.0	0.0
uhi-	0.027079303675	0.595744680851	0.365570599613	0.0116054158607
wan-	0.118125419587	0.690561485824	0.0864988651349	0.104814229453
ged-	0.338567222767	0.455348380765	0.170755642787	0.0353287536801
ené-	0.0576923076923	0.450549450549	0.211538461539	0.28021978022
ikě-	0.267419962335	0.58945386064	0.120527306968	0.0225988700564
kụk-	0.636859471219	0.246758207536	0.0547498011404	0.0616325201044
bun-	0.268788857989	0.65749870941	0.0468000964413	0.0269123361602
ili-	0.417857142857	0.45	0.0642857142857	0.0678571428571
gat-	0.215763219224	0.596965943573	0.0631419508636	0.124128886339
nut-	0.600082819919	0.207415684508	0.0822352171605	0.110266278413
sat-	0.173473222848	0.438521294323	0.272130979918	0.115874502911
peg-	0.0	1.0	0.0	0.0
saf-	0.0	1.0	0.0	0.0
sun-	0.30760409918	0.544385361017	0.0864421128454	0.0615684269572
12.-	0.107692307692	0.492307692308	0.0	0.4
ele-	0.299411869542	0.700588130458	0.0	0.0
ahu-	0.0226461444555	0.876563387578	0.00574293476709	0.0950475331998
ban-	0.149554252134	0.693483836203	0.0374549678882	0.119506943774
wọi-	0.167518346333	0.091059284589	0.0311215276444	0.710300841434
ise-	0.782695035461	0.140141843972	0.0314893617021	0.0456737588653
wen-	0.0735260899029	0.421673819742	0.476338378134	0.0284617122205
ale-	0.00565610859729	0.86802413273	0.120663650075	0.00565610859729
mạm-	0.660698752795	0.199602234531	0.055356410317	0.0843426023569
sid-	0.13967194127	0.710095556048	0.00996440068813	0.140268101995
bon-	0.562398565725	0.229166573522	0.160551176526	0.047883684227
mea-	0.331994446098	0.402409997024	0.207577109987	0.0580184468908
kue-	0.223529411765	0.682352941176	0.0	0.0941176470588
rir-	0.351388532656	0.43110966027	0.202112528272	0.0153892788024
adu-	0.916897506925	0.0415512465374	0.0	0.0415512465374
eis-	0.4618386817	0.373373807459	0.140936686904	0.0238508239376
ina-	0.0646344183718	0.741686751576	0.0390499610997	0.154628868952
umu-	0.178067676726	0.28010568468	0.417289353094	0.1245372855
kni-	0.0445103857567	0.861523244313	0.0	0.0939663699308
gim-	0.555963302752	0.4	0.0110091743119	0.0330275229358
keb-	0.123839944768	0.178761815758	0.0190798486175	0.678318390857
ino-	0.788012493183	0.162907143919	0.0	0.0490803628972
eng-	0.225974025974	0.434632034632	0.206926406926	0.132467532468
éeé-	0.275862068966	0.387931034483	0.0	0.336206896552
sah-	0.165223750793	0.670966986141	0.0689410344138	0.0948682286517
dug-	0.436643835616	0.429794520548	0.11301369863	0.0205479452055
sěs-	0.405015097808	0.233950374163	0.249442037548	0.111592490482
mot-	0.684957426679	0.122989593188	0.113528855251	0.0785241248817
sod-	0.0047619047619	0.995238095238	0.0	0.0
ont-	0.0100282222827	0.972589525761	0.0133709630436	0.00401128891308
lig-	0.228534497372	0.150306195965	0.0133497202916	0.607809586371
kěl-	0.41550466931	0.459127542536	0.0286554944352	0.0967122937188
ma#-	0.409090909091	0.454545454545	0.0681818181818	0.0681818181818
dou-	0.211267605634	0.140845070423	0.360328638498	0.287558685446
kow-	0.580838323353	0.311377245509	0.0	0.107784431138
kuw-	0.861924686192	0.138075313808	0.0	0.0
ěll-	0.0410514155341	0.838257147468	0.0496223784152	0.0710690585831
lai-	0.0530165588826	0.057867817798	0.104253231828	0.784862391491
nit-	0.55022194329	0.284613073528	0.0756828137997	0.0894821693822
kiw-	0.573756375439	0.199708551368	0.0463668278466	0.180168245347
nah-	0.612816369526	0.181857079592	0.085679669705	0.119646881177
mét-	0.0772911299227	0.813977280525	0.0855005832704	0.0232310062819
feb-	0.0267857142857	0.973214285714	0.0	0.0
hik-	0.284466790156	0.558084149246	0.0979094998677	0.0595395607304
beb-	0.00779220779221	0.428571428571	0.520779220779	0.0428571428571
iuk-	0.392156862745	0.137254901961	0.43137254902	0.0392156862745
mul-	0.467178561295	0.381137946051	0.0725708571533	0.079112635501
con-	0.167910447761	0.589552238806	0.152985074627	0.089552238806
mub-	0.671286999458	0.187138224621	0.0355227059897	0.106052069931
wuk-	0.112706612254	0.680532313859	0.174615878139	0.0321451957484
bạe-	0.406639004149	0.593360995851	0.0	0.0
eba-	0.346738597352	0.34722903384	0.189308484551	0.116723884257
elm-	0.0	1.0	0.0	0.0
ran-	0.0181975237547	0.85407428736	0.0832709473078	0.0444572415779
nịt-	0.653599636108	0.264386828213	0.048243256282	0.0337702793974
zel-	0.0352112676056	0.950704225352	0.0	0.0140845070423
agr-	0.0	0.996706093727	0.00149723012427	0.00179667614913
was-	0.360540811217	0.557336004006	0.0821231847772	0.0
itẹ-	0.597321889883	0.262734124487	0.0257891355632	0.114154850067
mup-	0.555247420726	0.267600545651	0.0847449711842	0.0924070624395
ser-	0.0341271045048	0.906719247687	0.0591536478083	0.0
leg-	0.127272727273	0.674747474748	0.173737373737	0.0242424242424
ron-	0.430247718383	0.387222946545	0.0260756192959	0.156453715776
děd-	0.417899408284	0.328402366864	0.0628698224852	0.190828402367
wos-	0.814814814815	0.0740740740741	0.111111111111	0.0
dae-	0.736575481256	0.12968591692	0.0607902735562	0.0729483282675
onạ-	0.0588235294118	0.941176470588	0.0	0.0
kew-	0.30990765378	0.402097354829	0.0712161527626	0.216778838629
pět-	0.491844979799	0.321113272482	0.041149184498	0.14589256322
doi-	0.256945544753	0.684698581904	0.014187003244	0.0441688700996
kok-	0.0849539406346	0.871545547595	0.00921187308085	0.0342886386898
kea-	0.351188364668	0.422371999527	0.0402033818139	0.186236253991
apé-	0.0687074829932	0.745918367347	0.0391156462585	0.146258503401
maj-	0.150684931507	0.517012814848	0.253645603182	0.0786566504639
al᷊-	0.282289323709	0.29295320047	0.0373893143986	0.387368161422
nih-	0.507327024794	0.267104867474	0.0655761525867	0.159991955145
nẹt-	0.815789473684	0.184210526316	0.0	0.0
anụ-	0.296296296296	0.333333333333	0.0987654320988	0.271604938272
sek-	0.0259291270527	0.87978313821	0.0447866740002	0.049501060737
yan-	0.015132408575	0.926860025221	0.0277427490542	0.0302648171501
loẹ-	0.784090909091	0.090909090909	0.125	0.0
iěn-	0.560647345389	0.33531500289	0.0	0.104037651721
min-	0.0	1.0	0.0	0.0
wio-	0.0532544378698	0.715976331361	0.112426035503	0.118343195266
itě-	0.591680479463	0.315776155939	0.0322409141181	0.06030245048
lul-	0.19577848599	0.633921656111	0.136461054966	0.0338388029332
kay-	0.00722021660649	0.991576413959	0.0	0.00120336943442
laě-	0.172355715248	0.483522344487	0.0663036155401	0.277818324725
uat-	0.0972222222222	0.5625	0.0277777777778	0.3125
iat-	0.411214953271	0.408099688473	0.102803738318	0.0778816199377
kak-	0.237662792749	0.447211296557	0.104259507206	0.210866403487
sto-	0.158172231986	0.623901581722	0.217926186292	0.0
gog-	0.267123287671	0.650684931507	0.0616438356164	0.0205479452055
riě-	0.220289855072	0.675362318841	0.104347826087	0.0
bua-	0.129240309564	0.819107033082	0.0184008064066	0.0332518509472
ipe-	0.647226173542	0.078947368421	0.235419630156	0.0384068278805
gau-	0.530551403139	0.144824013046	0.261687164504	0.062937419311
run-	0.150937938094	0.762351928911	0.0394608988481	0.047249234147
sau-	0.186133274119	0.247728300406	0.0362258532427	0.529912572232
pri-	0.00357745183217	0.980068482649	0.00715490366433	0.00919916185415
ség-	0.101183289061	0.839410770345	0.0463656121709	0.0130403284231
pop-	0.23735372708	0.747166682024	0.0	0.0154795908965
l᷊ẹ-	0.588555858311	0.346049046322	0.0	0.0653950953679
nạh-	0.610650322959	0.223649442161	0.0770698766882	0.0886303581914
sow-	0.533239038189	0.29702970297	0.16973125884	0.0
dup-	0.0	1.0	0.0	0.0
ikạ-	0.54114994363	0.37091319053	0.054114994363	0.0338218714769
bai-	0.107569721116	0.533864541833	0.358565737052	0.0
sew-	0.66506207246	0.293556287476	0.00886749429946	0.0325141457647
hěp-	0.693592167383	0.153050770482	0.0418246533095	0.111532408825
éné-	0.563708484277	0.130636337275	0.0294314439221	0.276223734526
něd-	0.507185828877	0.204211229947	0.077205882353	0.211397058824
kid-	0.260303687635	0.735357917571	0.00433839479393	0.0
men-	0.385959891419	0.119404323714	0.0232730809679	0.471362703899
bọu-	0.0793846449975	0.00572402911078	0.0018272473881	0.913064078504
sie-	0.017193186637	0.0284728894971	0.000765895564296	0.953568028302
laụ-	0.508009153318	0.189931350114	0.233409610984	0.0686498855835
hěb-	0.0360849056604	0.889976415094	0.00849056603774	0.0654481132075
akẹ-	0.0303411013122	0.953564566192	0.00246341823915	0.0136309142566
bos-	0.807692307692	0.0769230769231	0.115384615385	0.0
laz-	0.0495205156422	0.859613268354	0.0125766388933	0.0782895771105
rim-	0.815517170773	0.0663422996258	0.0225860592755	0.0955544703262
měh-	0.578194480554	0.273325222112	0.0630971813045	0.0853831160302
suẹ-	0.67166648285	0.215837653027	0.0	0.112495864123
jub-	0.132241202352	0.814197172341	0.0357077502049	0.0178538751024
yop-	0.0171755725191	0.968511450382	0.00381679389313	0.0104961832061
pit-	0.0137967282045	0.0165724985218	0.0034902437422	0.966140529532
eti-	0.0163636363636	0.92	0.0636363636364	0.0
péd-	0.0771406531242	0.919773720751	0.00308562612497	0.0
kẹ̌-	0.434388334791	0.327802159681	0.0932841848956	0.144525320633
hor-	0.116156656562	0.102731913804	0.119779690273	0.661331739361
pad-	0.242884250474	0.734345351044	0.022770398482	0.0
ěmm-	0.554933385638	0.38776371041	0.0331753654458	0.024127538506
lěb-	0.149659863946	0.818181818182	0.00989486703772	0.0222634508349
mpu-	0.0	0.0547636909227	0.0100025006251	0.935233808452
téb-	0.0731707317073	0.634146341463	0.292682926829	0.0
lih-	0.507936507936	0.412698412698	0.0793650793651	0.0
pet-	0.0411544499944	0.881485791561	0.0072416893554	0.0701180690891
sai-	0.0805126843947	0.175279725349	0.00733035246761	0.736877237789
mạn-	0.49827597809	0.367842395019	0.0498637031782	0.0840179237132
suw-	0.273429148355	0.394880627153	0.127390426416	0.204299798076
lot-	0.100121901666	0.776432344575	0.120032507111	0.0034132466477
bég-	0.255	0.25	0.405	0.09
ish-	0.00259682445467	0.991022406885	0.00563881881585	0.000741949844191
awa-	0.177867155804	0.257285065417	0.05435340697	0.510494371809
kěm-	0.200863930885	0.643628509719	0.142548596112	0.0129589632829
sua-	0.143144240658	0.0644291058261	0.0129126127074	0.779514040808
bau-	0.108272076166	0.0671756500684	0.0213170865349	0.80323518723
fes-	0.00874125874126	0.987512487512	0.0	0.00374625374625
sěn-	0.122653176742	0.266424921369	0.0779740580045	0.532947843884
kot-	0.222429906542	0.397281223449	0.338544321722	0.0417445482866
hep-	0.60212800258	0.307915524746	0.0	0.0899564726745
wob-	0.187872763419	0.0695825049702	0.614314115308	0.128230616302
dot-	0.121935483871	0.569161290323	0.276387096774	0.0325161290323
tan-	0.184132130533	0.184535748239	0.0266486468294	0.604683474399
dep-	0.27397260274	0.72602739726	0.0	0.0
dih-	0.120365602472	0.850025746653	0.0154479917611	0.0141606591143
nea-	0.0	1.0	0.0	0.0
niw-	0.640865801985	0.199645010064	0.0510485543485	0.108440633603
rem-	0.222318920843	0.578622572095	0.110763875153	0.0882946319079
lah-	0.200506832173	0.549824872506	0.109100970275	0.140567325045
ngu-	0.135341866685	0.69005679385	0.154971603075	0.0196297363895
tẹ̌-	0.454250171467	0.347093246415	0.078103232383	0.120553349735
abu-	0.104586383107	0.545216126648	0.299016919788	0.0511805704567
mět-	0.514637371417	0.267665634675	0.0987815839409	0.118915409967
ton-	0.622083749212	0.289804909711	0.053632990221	0.0344783508563
dia-	0.216223090494	0.698819174613	0.026490102064	0.0584676328294
nak-	0.770580594113	0.0945676911097	0.0293997772503	0.105451937527
pih-	0.68085106383	0.255319148936	0.0	0.0638297872341
bee-	0.0248481501933	0.975151849807	0.0	0.0
arẹ-	0.236907866145	0.406019122121	0.147924815298	0.209148196436
put-	0.295425285272	0.562382152437	0.0655157677678	0.0766767945227
bạd-	0.416927899687	0.398119122257	0.0721003134797	0.112852664577
wul-	0.0331124949139	0.801882286341	0.119562333044	0.0454428857006
ell-	0.0352614742047	0.862863414932	0.0340689399495	0.0678061709135
pub-	0.245099166888	0.578399623669	0.0587196609484	0.117781548495
apě-	0.592048507537	0.274254407048	0.0245786561067	0.109118429309
top-	0.470087473497	0.351651981205	0.178260545298	0.0
tun-	0.307863977908	0.461659495215	0.121620319825	0.108856207052
dad-	0.0332801531589	0.0578813018507	0.0792597319719	0.829578813019
isé-	0.531468531469	0.248251748252	0.0734265734266	0.146853146853
rom-	0.0305617767824	0.703480776409	0.232712765957	0.0332446808511
kep-	0.284671532847	0.583941605839	0.0	0.131386861314
wět-	0.285714285714	0.0952380952381	0.52380952381	0.0952380952381
kạk-	0.555635270404	0.291653855352	0.0649106624305	0.0878002118138
doh-	0.661157024793	0.338842975207	0.0	0.0
can-	0.233968804159	0.74870017331	0.0173310225303	0.0
cěm-	0.0	0.47720494248	0.52279505752	0.0
baé-	0.51476004118	0.327405662109	0.0660701707162	0.0917641259948
mak-	0.548618691369	0.236509100626	0.0923011612841	0.122571046721
hon-	0.22178304787	0.360122968819	0.418093983311	0.0
ěbu-	0.775	0.191666666667	0.0	0.0333333333333
nik-	0.618865165294	0.235688037649	0.0504683044374	0.0949784926196
teb-	0.205474811126	0.107260222922	0.499068333503	0.188196632449
yun-	0.0264634072327	0.62543433107	0.343879685242	0.00422257645462
may-	0.148636481558	0.76407392147	0.0344885470555	0.0528010499169
ing-	0.685162180814	0.12325741891	0.0593512767426	0.132229123533
wih-	0.18743109151	0.740904079383	0.0441014332965	0.0275633958104
ara-	0.0339862470987	0.0478472378335	0.00738207958531	0.910784435482
gad-	0.0269576379974	0.853658536585	0.0539152759949	0.0654685494224
nud-	0.67652552393	0.142213016433	0.0394639888959	0.14179747074
amo-	0.0	0.993957791157	0.00604220884281	0.0
hun-	0.626582278481	0.221518987342	0.0	0.151898734177
uag-	0.136956521739	0.559782608696	0.303260869565	0.0
wah-	0.394976236262	0.390831282445	0.0909697796997	0.123222701593
kal-	0.119919983006	0.303664926723	0.140095325283	0.436319764989
god-	0.673501577287	0.231861198738	0.0473186119874	0.0473186119874
lẹ̌-	0.402227043349	0.391817302846	0.11031218839	0.0956434654144
alu-	0.0417587470151	0.154324192041	0.0208015069042	0.783115554039
kel-	0.305299470648	0.555076428954	0.0267650032712	0.112859097127
rẹ̌-	0.117248170055	0.0971085651937	0.0161234300418	0.76951983471
ewe-	0.301068941846	0.177503187212	0.076983426498	0.444444444444
rua-	0.0308074922431	0.840476312922	0.0161810635039	0.112535131331
iga-	0.177705977383	0.571890145396	0.166935918148	0.0834679590737
lụe-	0.344827586207	0.575596816976	0.0	0.0795755968169
gho-	0.253055355859	0.505391804457	0.207045291157	0.0345075485262
bur-	0.105212986633	0.41082233756	0.425973265852	0.0579914099551
ile-	0.761363636364	0.179752066116	0.0185950413223	0.0402892561983
bol-	0.295075610702	0.627219852656	0.018611865064	0.0590926715781
efe-	0.0335375685263	0.952918413415	0.00870686875202	0.00483714930668
miě-	0.359728506787	0.366515837104	0.0339366515837	0.239819004525
bah-	0.218890836979	0.537841526135	0.126006702034	0.117260934852
něk-	0.429971546001	0.261460638634	0.143534619033	0.165033196333
sep-	0.0	0.844155844156	0.155844155844	0.0
hěs-	0.305793991416	0.597639484979	0.0643776824035	0.0321888412017
rib-	0.218867924528	0.552830188679	0.160377358491	0.0679245283019
lua-	0.254815464285	0.553113954572	0.0937063320273	0.0983642491164
luw-	0.158986539984	0.709052520454	0.093956188968	0.0380047505938
rén-	0.287809349221	0.653528872594	0.0	0.0586617781852
bor-	0.0173177279253	0.96890824487	0.00605382206403	0.00772020514089
tạg-	0.274599542334	0.567505720824	0.157894736842	0.0
weg-	0.654915785182	0.128618054596	0.0455471096345	0.170919050587
iki-	0.407280132366	0.208349242714	0.0674557719231	0.316914852997
sụs-	0.483314423013	0.294502658569	0.0756857772141	0.146497141204
ghụ-	0.223006168963	0.298917660966	0.268626943962	0.209449226109
pak-	0.383503635798	0.370393516096	0.132460535137	0.113642312969
ute-	0.465107005204	0.0248862591781	0.00304741867909	0.506959316939
for-	0.0	1.0	0.0	0.0
low-	0.0362438220757	0.673805601318	0.217462932455	0.0724876441515
ber-	0.0498486032359	0.851259567385	0.063384590169	0.0355072392097
pẹb-	0.816062176166	0.145077720207	0.0	0.0388601036269
ane-	0.193236714976	0.75845410628	0.0338164251208	0.0144927536232
ahi-	0.164570511105	0.695745250201	0.102221032914	0.0374632057801
sup-	0.309738190885	0.494112758	0.151128965231	0.0450200858844
liw-	0.251347922613	0.638439581351	0.0194259435458	0.0907865524897
isi-	0.466791758125	0.395312610635	0.057353253558	0.0805423776818
diw-	0.865248226951	0.134751773049	0.0	0.0
duk-	0.0912806539509	0.904632152589	0.00408719346049	0.0
bat-	0.0716797231153	0.090395884221	0.0136694347459	0.824254957918
gha-	0.207047714599	0.602632517827	0.110070241379	0.0802495261945
loi-	0.333614153328	0.666385846672	0.0	0.0
jen-	0.162528216704	0.762979683973	0.020316027088	0.0541760722347
lew-	0.0336776567143	0.94509692939	0.00594311589075	0.0152822980048
sub-	0.154696132597	0.779005524862	0.0	0.0662983425414
dau-	0.0144611939207	0.978251939882	0.00292600032636	0.00436086587102
iha-	0.599249073036	0.234604716368	0.0510679342751	0.115078276321
tam-	0.304427040246	0.305522109104	0.0176078124946	0.372443038156
apẹ-	0.54351200124	0.273999238911	0.117491790109	0.0649969697397
dew-	0.0793370944992	0.874823695346	0.037023977433	0.00881523272213
tạu-	0.114695340502	0.405017921147	0.308243727599	0.172043010753
jan-	0.436090225564	0.18045112782	0.248120300752	0.135338345865
lag-	0.316957210776	0.521394611727	0.123613312203	0.0380348652931
rel-	0.137943519189	0.72338884866	0.0532223026792	0.0854453294714
toa-	0.209450249886	0.757155838255	0.0156746933212	0.017719218537
edo-	0.478260869565	0.333333333333	0.0579710144927	0.130434782609
těb-	0.157846082736	0.215314690702	0.473076034204	0.153763192358
kék-	0.673076923077	0.173076923077	0.0384615384615	0.115384615385
fel-	0.0114649681529	0.979617834395	0.00127388535032	0.00764331210191
die-	0.0103757076686	0.919588265569	0.0285331960885	0.0415028306742
pěp-	0.310576002189	0.641537830073	0.0410452866329	0.00684088110548
hék-	0.0468627142632	0.907847145778	0.0339676049694	0.0113225349898
bed-	0.436485303899	0.0403282760014	0.0385990957905	0.484587324309
ěnt-	0.0977120810377	0.799717384056	0.0119079751679	0.0906625597383
pus-	0.207804916605	0.604168913763	0.0835193822899	0.104506787343
bạg-	0.08	0.74	0.0	0.18
tri-	0.0114942528736	0.988505747126	0.0	0.0
pua-	0.135922330097	0.72572815534	0.123786407767	0.0145631067961
zen-	0.0693641618497	0.93063583815	0.0	0.0
ore-	0.0971023201958	0.188122004485	0.0596538027467	0.655121872572
rah-	0.0667113993414	0.878689900707	0.0413929168333	0.0132057831184
mol-	0.221069868996	0.496451965066	0.282478165939	0.0
ham-	0.13913147649	0.782521713088	0.052710392333	0.0256364180893
iya-	0.0601956358164	0.149736644093	0.0225733634312	0.767494356659
tes-	0.00702301989856	0.991806476785	0.0	0.00117050331643
pěm-	0.453992192928	0.373984159499	0.0850043443074	0.0870193032662
lee-	0.443886097152	0.472361809045	0.0837520938023	0.0
rol-	0.307098765432	0.616769547325	0.0679012345679	0.0082304526749
wěg-	0.819427554616	0.0970522986786	0.0172697144766	0.0662504322285
luạ-	0.317388493859	0.660633484163	0.0142210730446	0.00775694893341
jer-	0.233918128655	0.634502923977	0.131578947368	0.0
kec-	0.103062769302	0.896937230698	0.0	0.0
kạl-	0.430211514535	0.409173170456	0.112543829883	0.0480714851261
dok-	0.234779025617	0.419772919878	0.0503890323571	0.295059022147
ipu-	0.53920769062	0.291550464269	0.0866019529454	0.0826398921651
lel-	0.0431345542317	0.925757570204	0.0183587462346	0.0127491293296
ogo-	0.713678242381	0.286321757619	0.0	0.0
pěb-	0.416772325539	0.46767458514	0.0849559332752	0.0305971560455
mah-	0.373066421464	0.237669920561	0.222630016939	0.166633641035
eda-	0.243617348508	0.405721316518	0.195632113196	0.155029221778
tum-	0.431060308791	0.240213368286	0.0584675608051	0.270258762117
eno-	0.0350877192982	0.964912280702	0.0	0.0
ite-	0.596187437017	0.302292576419	0.0232784682566	0.078241518307
opé-	0.798319327731	0.126050420168	0.0	0.0756302521008
ihu-	0.554884771274	0.324193472068	0.0847068346314	0.0362149220268
seg-	0.13986679353	0.803044719315	0.0442435775452	0.0128449096099
mil-	0.14351766229	0.681477714074	0.0314407249861	0.14356389865
yer-	0.00446575884902	0.988076643861	8.79952482569e-05	0.00736960204149
nug-	0.540738986262	0.329464708669	0.0279488394126	0.101847465656
mai-	0.318505026288	0.169699143589	0.350103770427	0.161692059696
gig-	0.349875930521	0.426799007444	0.133995037221	0.089330024814
uad-	0.366823286809	0.100871213956	0.0323850779525	0.499920421283
hum-	0.10036459623	0.03944007934	0.0943135954583	0.765881728972
ěbạ-	0.390555079501	0.244215938303	0.184613919832	0.180615062363
agh-	0.155765576558	0.750891755842	0.0519218588526	0.0414208087475
wai-	0.487684729064	0.423645320197	0.0	0.0886699507388
gaw-	0.14276102331	0.656255139726	0.0499992524035	0.150984584561
kam-	0.0224139902616	0.0336069598292	0.00819786925016	0.935781180659
jur-	0.291095890411	0.657534246575	0.0	0.0513698630137
běn-	0.0770691388361	0.755947727019	0.0513794258908	0.115603708254
wọ'-	0.0752031607776	0.0609706819917	0.0311588021371	0.832667355094
kem-	0.0142572436173	0.0157052251103	0.00657149175943	0.963466039513
saw-	0.0580737483496	0.770423935526	0.0877106330741	0.0837916830506
uzi-	0.0	1.0	0.0	0.0
séi-	0.714285714286	0.285714285714	0.0	0.0
por-	0.135934327831	0.808014829199	0.0150057374879	0.0410451054815
alf-	0.0	1.0	0.0	0.0
sig-	0.290301450058	0.530415566038	0.0973468343429	0.0819361495603
yod-	0.0	1.0	0.0	0.0
bak-	0.0939508044274	0.866228312612	0.0101843690436	0.0296365139169
ped-	0.133455216566	0.790602270895	0.0572201673834	0.0187223451561
epa-	0.044986174717	0.221949796941	0.0154454333362	0.717618595006
mạa-	0.196091228759	0.0637143987907	0.0281453398329	0.712049032618
kib-	0.368539325843	0.30936329588	0.169288389513	0.152808988764
nsu-	0.16368286445	0.328218243819	0.00511508951407	0.502983802216
mel-	0.0301059424303	0.891135895938	0.078758161632	0.0
maé-	0.52798053528	0.355231143552	0.00583941605842	0.110948905109
ra#-	0.367346938776	0.464285714286	0.0612244897959	0.107142857143
hěd-	0.410740576805	0.307737190895	0.124172284438	0.157349947863
bọi-	0.536203522505	0.317025440313	0.0880626223092	0.0587084148728
waụ-	0.285632617	0.274822648962	0.0595067952083	0.38003793883
pét-	0.187050359712	0.600719424461	0.196043165468	0.0161870503597
umb-	0.119241573034	0.301264044944	0.539887640449	0.0396067415731
paj-	0.0449455813527	0.937715100286	0.015677402863	0.00166191549784
ian-	0.454038997214	0.295264623955	0.116991643454	0.133704735376
béa-	0.105926860025	0.83606557377	0.0504413619168	0.00756620428752
----	0.290322580645	0.306451612903	0.274193548387	0.129032258065
ump-	0.710372608258	0.158207452165	0.0679758308157	0.0634441087613
sak-	0.152225048345	0.748993505232	0.0428302005219	0.0559512459015
léh-	0.15996986439	0.782019085886	0.0369161225515	0.0210949271723
aré-	0.306552745796	0.565816954446	0.0236736936487	0.103956606109
per-	0.10622283298	0.818681904144	0.0384268753021	0.036668387574
jěm-	0.388663967611	0.497975708502	0.0971659919029	0.0161943319838
bae-	0.352529824921	0.369337079443	0.0319758052947	0.246157290342
lid-	0.0107978404319	0.908218356329	0.0	0.0809838032393
lụě-	0.418353576248	0.371120107962	0.161943319838	0.0485829959514
ata-	0.145493042952	0.761494252874	0.0249546279492	0.0680580762251
kěk-	0.414201183432	0.337278106509	0.248520710059	0.0
baw-	0.222632488297	0.527436272463	0.0468472309136	0.203084008327
dat-	0.0585139959112	0.866323056582	0.0133360423425	0.061826905164
loh-	0.317021936365	0.495963581044	0.137672411094	0.0493420714968
sěl-	0.288986784141	0.527753303965	0.17268722467	0.0105726872247
#lé-	0.517985611511	0.201438848921	0.151079136691	0.129496402878
kur-	0.245732322858	0.544024981857	0.125815312276	0.0844273830086
tal-	0.11303956264	0.173972885205	0.0364524243737	0.676535127781
měd-	0.346049306944	0.0963848886672	0.0208407158461	0.536725088543
mạt-	0.363590233078	0.36557081068	0.189240486765	0.0815984694763
émp-	0.00483130686851	0.975843465657	0.0	0.019325227474
těm-	0.0863180784626	0.818047709106	0.0418993561135	0.0537348563181
nem-	0.556962025317	0.244401168452	0.0759493670886	0.122687439143
mua-	0.727802037846	0.116448326055	0.0436681222707	0.112081513828
kit-	0.00843075461949	0.00687710544943	0.000768680389409	0.983923459542
haě-	0.101910828025	0.687898089172	0.0573248407643	0.152866242038
nga-	0.278077705992	0.0338083016196	0.00531020444287	0.682803787946
pěs-	0.236633139227	0.683959767073	0.0476442562202	0.0317628374801
beg-	0.574526043791	0.168654996415	0.0245658137998	0.232253145994
iun-	0.536269430052	0.463730569948	0.0	0.0
pin-	0.490632597895	0.331080458134	0.0739289092451	0.104358034726
lěn-	0.220835245525	0.540706746214	0.195502524094	0.0429554841671
wun-	0.262382799077	0.582887438025	0.0958224927594	0.0589072701389
tén-	0.177168272795	0.733876945886	0.0133432171979	0.0756115641215
pur-	0.0354330708661	0.751968503937	0.188976377953	0.0236220472441
rak-	0.283932492802	0.208977489187	0.069968120431	0.43712189758
waé-	0.183957219251	0.80320855615	0.0	0.0128342245989
mom-	0.089552238806	0.149253731343	0.761194029851	0.0
hal-	0.157686123095	0.309168264222	0.0591977572847	0.473947855398
ter-	0.054704595186	0.929978118162	0.0109409190372	0.00437636761488
zai-	0.0236770451048	0.916735724715	0.0572195256699	0.00236770451048
did-	0.508733624454	0.403930131004	0.0	0.0873362445415
240-	0.0	0.723684210526	0.105263157895	0.171052631579
nam-	0.726994469387	0.174620687244	0.0340925687471	0.0642922746219
ker-	0.0735348890038	0.0622904727045	0.034455532641	0.829719105651
tụt-	0.453943347797	0.283314490008	0.110034834688	0.152707327507
oli-	0.0	1.0	0.0	0.0
won-	0.17354068064	0.599278791977	0.0851926977687	0.141987829615
ula-	0.261665939817	0.576973397296	0.0392498909726	0.122110771915
séé-	0.129207475378	0.0661320763291	0.0185854460961	0.786075002196
ěhe-	0.0218978523161	0.97412071999	0.00398142769383	0.0
kon-	0.107902206758	0.410475231206	0.382657265818	0.0989652962183
yul-	0.0	1.0	0.0	0.0
nim-	0.290474520218	0.469008367991	0.108733777622	0.131783334168
tor-	0.0524935346014	0.896913512621	0.0154217789624	0.035171173815
tul-	0.254746510705	0.60007190493	0.0385122815782	0.106669302786
efr-	0.0	1.0	0.0	0.0
enn-	0.0	0.959065565672	0.0366998376738	0.00423459665467
ělu-	0.785886126704	0.214113873296	0.0	0.0
yam-	0.0826771653543	0.80905511811	0.0669291338582	0.0413385826772
aye-	0.347270615563	0.440476190476	0.0394889663182	0.172764227642
piạ-	0.22637014112	0.0930657851914	0.0146883674572	0.665875706232
ěgẹ-	0.10539523212	0.841907151819	0.0	0.0526976160602
ka'-	0.0419412822049	0.224086279209	0.650089874176	0.0838825644098
ape-	0.0715998185706	0.794757986134	0.017009006674	0.116633188622
got-	0.0	1.0	0.0	0.0
hul-	0.0	0.912570429376	0.0874295706237	0.0
isr-	0.00443168326279	0.975079810058	0.00687232042202	0.0136161862567
lěp-	0.206983948184	0.348070965925	0.040833568009	0.404111517882
poě-	0.339285714286	0.160714285714	0.160714285714	0.339285714286
yes-	0.0150779700789	0.657804285922	0.00292950106318	0.324188242936
pun-	0.417046677109	0.418673229312	0.0663741458878	0.0979059476918
wur-	0.0885651399224	0.322293260665	0.532963001782	0.0561785976313
tur-	0.298853849895	0.0756075872877	0.0614096712863	0.564128891531
kan-	0.294962687729	0.456576831303	0.0426454788675	0.205815002101
agi-	0.441810344828	0.125	0.355603448276	0.0775862068966
gap-	0.0523076923077	0.442051282051	0.491282051282	0.014358974359
nup-	0.687545974481	0.170732760843	0.0537962663561	0.0879249983205
slo-	0.0668016194332	0.933198380567	0.0	0.0
waj-	0.130434782609	0.826086956522	0.0	0.0434782608696
uka-	0.411637264005	0.398019189106	0.156298359641	0.0340451872485
ken-	0.331828831143	0.507668639991	0.051563253888	0.108939274978
bub-	0.501635148585	0.300156405517	0.127968150149	0.0702402957486
ilu-	0.512172891603	0.206234923017	0.104669086918	0.176923098463
sih-	0.144757384278	0.531222886093	0.0797316103207	0.244288119309
bob-	0.289940828402	0.0710059171597	0.550295857988	0.0887573964497
ala-	0.362997559487	0.494699699593	0.0518014655443	0.0905012753756
but-	0.0	0.022480620155	0.977519379845	0.0
#li-	0.482876712329	0.102739726027	0.16095890411	0.253424657534
anu-	0.181591174865	0.1139993508	0.0194146956114	0.684994778724
geh-	0.511669658887	0.405745062837	0.064631956912	0.0179533213644
aru-	0.177631578947	0.353947368421	0.0342105263158	0.434210526316
wer-	0.157324010429	0.802678359801	0.0245911353401	0.01540649443
gěs-	0.0768242492868	0.711909065174	0.13992988263	0.0713368029092
wed-	0.18255499807	0.0706291007333	0.0470860671555	0.699729834041
rin-	0.024751992698	0.0282200448653	0.0058325806908	0.941195381746
měk-	0.600232224139	0.219676464932	0.0658020867866	0.114289224142
mạg-	0.92349726776	0.0546448087432	0.0	0.0218579234973
luu-	0.459223300971	0.342718446602	0.163106796116	0.0349514563107
kua-	0.107532301806	0.512839615058	0.290175540626	0.0894525425093
bit-	0.0365650667176	0.877206865501	0.0537561055474	0.0324719622343
uri-	0.335969635539	0.420742007691	0.24328835677	0.0
gụg-	0.559259259259	0.177777777778	0.127777777778	0.135185185185
nạm-	0.301255230126	0.497907949791	0.100418410042	0.100418410042
suě-	0.804299481097	0.123054114159	0.00259451445516	0.0700518902891
utu-	0.271392965937	0.449459983384	0.127942398228	0.151204652451
bẹd-	0.130718954248	0.694989106754	0.0	0.174291938998
pai-	0.287194779015	0.093613818922	0.017801608975	0.601389793088
l᷊a-	0.102715744224	0.529003448679	0.133427002331	0.234853804766
sur-	0.257968640765	0.612978229599	0.0366450556212	0.0924080740142
irẹ-	0.314087759815	0.284064665127	0.027713625866	0.374133949192
arě-	0.088418948644	0.8087317105	0.06270661343	0.0401427274259
fri-	0.0	0.979381443299	0.020618556701	0.0
wuạ-	0.159277504105	0.59934318555	0.0886699507389	0.152709359606
bet-	0.0144041903099	0.982976865997	0.0	0.00261894369271
law-	0.073379036402	0.131800163413	0.429017207146	0.365803593039
sal-	0.139945121421	0.698121223138	0.097064018859	0.064869636582
isk-	0.00186046511628	0.996279069767	0.0	0.00186046511628
mbe-	0.639186961539	0.161016351626	0.0633501689963	0.136446517838
bad-	0.108927964249	0.715597221548	0.0776379916128	0.0978368225903
liu-	0.542420352433	0.362819465515	0.0653518496907	0.0294083323608
déw-	0.0345158197507	0.883029721956	0.0709491850432	0.0115052732503
sié-	0.021847124112	0.0299845527072	0.000827756360052	0.947340566821
ipě-	0.514510200905	0.315168140728	0.0693369463955	0.100984711972
ren-	0.312297322427	0.14530373933	0.0556798121037	0.48671912614
dui-	0.265	0.735	0.0	0.0
sul-	0.0759130272741	0.479124207628	0.0567280182235	0.388234746874
das-	0.225855882437	0.426080501014	0.0556787573643	0.292384859185
lok-	0.329085029484	0.393190032338	0.0684801217424	0.209244816435
naz-	0.0141828005403	0.981764970734	0.00405222872581	0.0
dru-	0.022641509434	0.954716981132	0.022641509434	0.0
kěh-	0.09681526798	0.384958385778	0.384016821317	0.134209524925
ěnd-	0.20461881702	0.166680757079	0.0453690179018	0.583331407999
kus-	0.0248048237226	0.846446329336	0.119299390285	0.00944945665622
pěd-	0.237951783556	0.631764787251	0.0923055521062	0.0379778770869
lae-	0.0531294086903	0.863071264741	0.0329476492576	0.0508516773108
not-	0.513006529174	0.393719556431	0.0652917400767	0.0279821743186
mạu-	0.498375568551	0.170565302144	0.051656920078	0.279402209227
tak-	0.108059558377	0.0980179720574	0.0190290706653	0.7748933989
mun-	0.453712301902	0.333885647959	0.056657636195	0.155744413945
těl-	0.0496291654738	0.0504758998072	0.0101148965823	0.889780038137
l᷊ụ-	0.2979390681	0.438620071685	0.225806451613	0.0376344086022
iwo-	0.445199051021	0.439828453737	0.0885105717339	0.0264619235081
nel-	0.466666666667	0.483333333333	0.0	0.05
éns-	0.88679245283	0.11320754717	0.0	0.0
kik-	0.109882137646	0.0430541738798	0.0133305886226	0.833733099852
kém-	0.0972030410825	0.822519820511	0.0314338192555	0.0488433191509
dịe-	0.441379310345	0.144827586207	0.0	0.413793103448
abe-	0.320344188958	0.124783170086	0.0392250205418	0.515647620414
péo-	0.486055776892	0.0717131474103	0.442231075697	0.0
héi-	0.375375375375	0.590840840841	0.0	0.0337837837837
sěm-	0.0705785088666	0.246588044311	0.0601958406998	0.622637606123
tik-	0.146869155865	0.721254917134	0.0873798929516	0.0444960340491
tém-	0.189081289886	0.277927698755	0.020663148388	0.512327862971
naụ-	0.175219845124	0.505840661504	0.102375639848	0.216563853524
tro-	0.018921813638	0.962870403427	0.00856836843984	0.00963941449483
beh-	0.221131639723	0.495958429561	0.0487875288683	0.234122401848
ela-	0.0	1.0	0.0	0.0
mạě-	0.369334498689	0.15270320889	0.223998002247	0.253964290174
wua-	0.172831054678	0.688001636204	0.0418842222465	0.0972830868712
itu-	0.470686102615	0.349962245799	0.0736398889131	0.105711762673
fen-	0.00907029478458	0.965986394558	0.0136054421769	0.0113378684807
gul-	0.0312662845232	0.752475247525	0.2131318395	0.00312662845232
nal-	0.312909643975	0.207836061966	0.1292239107	0.350030383358
lek-	0.720634920635	0.130158730159	0.00952380952381	0.139682539683
kes-	0.300103184515	0.600598983149	0.0392219532454	0.0600758790907
ain-	0.0	1.0	0.0	0.0
ibr-	0.0152761457109	0.959263611438	0.0207598903251	0.00470035252644
kạn-	0.316916488223	0.125267665953	0.171841541756	0.385974304068
dom-	0.0308256312055	0.932125222449	0.00728934424028	0.0297598021049
teg-	0.585218126756	0.26581725916	0.077756254604	0.0712083594795
wěk-	0.295845362119	0.45562947157	0.12175222794	0.126772938371
nil-	0.52386862295	0.294677131609	0.115449489889	0.0660047555522
taw-	0.167984217686	0.0734887860694	0.0218845114076	0.736642484837
mon-	0.33035009213	0.486707028165	0.048697025533	0.134245854172
nén-	0.442930153322	0.408858603066	0.03066439523	0.117546848382
man-	0.27062740316	0.165693393198	0.0318566398977	0.531822563744
huk-	0.255477569208	0.604105543408	0.0561992212859	0.084217666098
yus-	0.0330554440325	0.956710672366	0.00283399853577	0.00739988506561
sea-	0.0	1.0	0.0	0.0
zeb-	0.00812182741116	0.909306260575	0.0	0.0825719120135
his-	0.0	0.932770379993	0.0672296200065	0.0
rad-	0.0207101376112	0.0494806946337	0.0205746563232	0.909234511432
pum-	0.529669569229	0.380370220864	0.0224900524768	0.0674701574304
amb-	0.347017815647	0.42796281952	0.147753679318	0.0772656855151
gia-	0.219064535228	0.484902309059	0.248667850799	0.0473653049142
gag-	0.176900484651	0.592979117221	0.143881847233	0.0862385508951
baụ-	0.304767137592	0.39604215869	0.047082465652	0.252108238065
yot-	0.0	1.0	0.0	0.0
nus-	0.576573767264	0.148175846464	0.0842656999542	0.190984686318
kao-	0.0785977786723	0.704614897282	0.132844104507	0.0839432195392
rub-	0.0140845070423	0.704225352113	0.0	0.281690140845
atụ-	0.00810810810812	0.809459459459	0.00810810810811	0.174324324324
yef-	0.0	1.0	0.0	0.0
iap-	0.556579484106	0.246561193931	0.121480041636	0.0753792803276
jut-	0.0833333333333	0.480769230769	0.0128205128205	0.423076923077
wak-	0.0615859826995	0.837387142794	0.0767804246253	0.0242464498817
ghẹ-	0.199404640215	0.346547311686	0.326356962889	0.12769108521
ipi-	0.19791026429	0.729563614014	0.00983405039951	0.0626920712969
bue-	0.411687506088	0.0770776620886	0.0379108288092	0.473324003014
sii-	0.149698038587	0.076532520977	0.007696007696	0.76607343274
buw-	0.0	0.994261119082	0.00573888091821	0.0
boa-	0.0442244224422	0.937293729373	0.0118811881188	0.006600660066
ant-	0.0714193866186	0.886087443347	0.0154304807386	0.0270626892954
sék-	0.130289532294	0.80289532294	0.0	0.0668151447661
pol-	0.0678625033832	0.785733618759	0.00688959425211	0.139514283605
ize-	0.0427658983616	0.933907247987	0.0	0.0233268536518
peb-	0.0	1.0	0.0	0.0
