-ܛܦܐ	0.740119760479	0.0586826347305	0.150898203593	0.0502994011976
-ܥܬܟ	0.37797863599	0.268693508628	0.242399342646	0.110928512736
-ܥܬܝ	0.258548290342	0.371925614877	0.112777444511	0.25674865027
-ܘܤܦ	0.173383060701	0.764928494056	0.0178799138912	0.0438085313515
-ܥܬܐ	0.1478312028	0.615041307449	0.0662549245424	0.170872565209
-ܥܬܗ	0.193933695058	0.221736533794	0.0348170832433	0.549512687904
-ܘܤܡ	0.563718564566	0.0474710370161	0.0	0.388810398418
-ܥܬܕ	0.5	0.383333333333	0.0833333333333	0.0333333333333
-ܗܪܛ	0.796954314721	0.162436548223	0.0152284263959	0.0253807106599
-ܗܪܘ	0.547301963105	0.305119857946	0.100621485647	0.0469566933018
-ܢܘܢ	0.155327054414	0.0545478570995	0.00553517565919	0.784589912828
-ܗܪܝ	0.451882845188	0.320781032078	0.0822873082287	0.145048814505
-ܗܪܐ	0.090974615402	0.746768925828	0.142216816452	0.0200396423182
-ܗܪܗ	0.074174316026	0.752230974479	0.0945052279487	0.0790894815458
-ܗܪܬ	0.668674698795	0.24297188755	0.066265060241	0.0220883534137
-ܗܪܢ	0.382871536524	0.348686577906	0.160489384671	0.107952500899
-ܥܬܪ	0.577054794521	0.152397260274	0.126712328767	0.143835616438
-ܘܤܝ	0.136394328157	0.863605671843	0.0	0.0
-ܥܬܩ	0.341121495327	0.11214953271	0.546728971963	0.0
-ܘܤܘ	0.0568181818182	0.829545454545	0.113636363636	0.0
-ܥܬܢ	0.238095238095	0.0952380952381	0.666666666667	0.0
-ܟܗܢ	0.392156862745	0.470588235294	0.0980392156863	0.0392156862745
-ܘܤܒ	0.734693877551	0.112244897959	0.0612244897959	0.0918367346939
-ܛܦܬ	0.832432432432	0.0702702702702	0.0108108108108	0.0864864864865
-ܘܤܐ	0.0336400527282	0.924390653674	0.00513711907777	0.0368321745199
-ܪܚܘ	0.657826313053	0.28982492633	0.0419483446004	0.0104004160166
-ܢܟܐ	0.0975883342681	0.793045429052	0.0942232192933	0.0151430173864
-ܢܟܝ	0.290069686411	0.442271143491	0.0451377890403	0.222521381058
-ܘܤܢ	0.414997774811	0.35914552737	0.0522919448153	0.173564753004
-ܕܦܗ	0.132075471698	0.830188679245	0.0377358490566	0.0
-ܤܗܕ	0.562341772152	0.264783001808	0.0355334538879	0.137341772152
-ܢܟܤ	0.334020618557	0.554639175258	0.0927835051546	0.0185567010309
-ܢܟܦ	0.175650077493	0.27466850353	0.425693128982	0.123988289995
-ܒܢܐ	0.206010195789	0.609179454832	0.0670926957384	0.117717653641
-ܒܢܗ	0.223409013894	0.380521856998	0.241545238902	0.154523890207
-ܒܢܘ	0.617773237998	0.187742594484	0.0482124616956	0.146271705822
-ܒܢܟ	0.0684306569343	0.931569343066	0.0	0.0
-ܒܢܝ	0.0911274586289	0.323686628488	0.0578725240349	0.527313388848
-ܐܘܐ	0.403040073699	0.516351911561	0.0322432058959	0.0483648088439
-ܟܪܤ	0.323216995448	0.603945371775	0.0	0.0728376327769
-ܥܩܘ	0.524444444445	0.0933333333333	0.315555555556	0.0666666666667
-ܐܚܫ	0.84	0.12	0.04	0.0
-ܒܢܢ	0.785525513316	0.188859524293	0.0256149623907	0.0
-ܦܬܚ	0.758334501827	0.10414754363	0.0655112522992	0.0720067022439
-ܦܬܝ	0.174545454545	0.378181818182	0.381818181818	0.0654545454545
-ܦܬܐ	0.0617642919339	0.42252281652	0.487131343657	0.0285815478888
-ܦܬܗ	0.119906868452	0.660069848661	0.0908032596042	0.129220023283
-ܒܢܬ	0.484317343173	0.34647811668	0.0772455509365	0.0919589892102
-ܫܟܐ	0.177462289263	0.691807157646	0.130730553091	0.0
-ܫܟܒ	0.35393258427	0.106741573034	0.0	0.539325842697
-ܫܟܝ	0.230073487846	0.453363482193	0.180893159977	0.135669869983
-ܫܟܘ	0.759414225941	0.0941422594143	0.146443514644	0.0
-ܫܟܚ	0.333493849367	0.0876303148693	0.2048998064	0.373976029364
-ܝܥܐ	0.322252958431	0.173930013482	0.359692047049	0.144124981038
-ܝܥܘ	0.681438761572	0.229776900895	0.036424343603	0.0523599939293
-ܝܥܢ	0.475	0.416666666667	0.0375	0.0708333333333
-ܝܥܬ	0.475753604194	0.473132372215	0.0275229357798	0.0235910878113
-ܪܥܟ	0.257663150956	0.563941990771	0.0807514831905	0.0976433750823
-ܫܟܢ	0.520110957004	0.45492371706	0.0	0.0249653259362
-ܫܟܬ	0.15	0.35	0.258333333333	0.241666666667
-ܫܟܪ	0.0737564322469	0.668953687822	0.216123499142	0.041166380789
-ܚܘܩ	0.451612903226	0.435483870968	0.0806451612903	0.0322580645161
-ܥܒܝ	0.334128878282	0.27018014189	0.169124137706	0.226566842122
-ܥܒܐ	0.332501159888	0.593266023021	0.0556746128184	0.0185582042728
-ܥܒܕ	0.65921147941	0.0692085473854	0.0237478269885	0.247832146216
-ܚܬܡ	0.552845528455	0.349593495935	0.0650406504065	0.0325203252032
-ܢܪܝ	0.0	1.0	0.0	0.0
-ܚܬܢ	0.197384066587	0.609988109394	0.0225921521998	0.170035671819
-ܚܬܬ	0.247595148473	0.0731911334169	0.0100376411543	0.669176076955
-ܠܓܬ	0.754716981132	0.188679245283	0.0566037735849	0.0
-ܢܪܐ	0.13229696276	0.807206679621	0.0530430076042	0.00745335001464
-ܘܪܤ	0.149206349206	0.536507936508	0.314285714286	0.0
-ܠܓܗ	0.113730213352	0.650550584997	0.0197866483138	0.215932553338
-ܚܬܗ	0.144495211367	0.717238507567	0.0923159413842	0.045950339682
-ܚܬܐ	0.14053640693	0.704033564333	0.0668584739708	0.0885715547662
-ܠܓܐ	0.159465411193	0.621839167743	0.202748879945	0.0159465411193
-ܚܬܝ	0.182047972464	0.685651285361	0.0489405184468	0.0833602237281
-ܕܙܠ	0.249370277078	0.619647355164	0.0	0.130982367758
-ܚܬܟ	0.618711385702	0.0692850838482	0.214033539276	0.0979699911738
-ܚܬܘ	0.209211986681	0.121531631521	0.0399556048835	0.629300776915
-ܠܓܘ	0.226371407933	0.267753236668	0.0709922166889	0.434883138711
-ܚܘܡ	0.0226967649129	0.965187524279	0.00242314216152	0.00969256864607
-ܥܒܪ	0.487252344279	0.131971969303	0.02763080221	0.353144884207
-ܓܘܡ	0.447653429603	0.519855595668	0.0108303249097	0.0216606498195
-ܩܕܘ	0.59527027027	0.342567567567	0.0263513513513	0.0358108108108
-ܟܕܘ	0.127434233003	0.017423983601	0.0358729074137	0.819268875982
-ܩܕܝ	0.0625	0.815625	0.028125	0.09375
-ܩܕܐ	0.153889417669	0.613783853941	0.203772605347	0.0285541230423
-ܕܗܪ	0.455284552846	0.268292682927	0.12906504065	0.147357723577
-ܩܕܗ	0.586538461538	0.317307692308	0.0384615384615	0.0576923076923
-ܘܝܕ	0.00822353557809	0.97866481329	0.00276034760663	0.0103513035249
-ܘܝܗ	0.354838709677	0.633776091082	0.011385199241	0.0
-ܘܝܐ	0.249667740033	0.467251945639	0.131347918114	0.151732396214
-ܘܝܟ	0.809904153355	0.100638977636	0.0367412140575	0.052715654952
-ܘܝܘ	0.524326782196	0.0878088213005	0.0718941039761	0.315970292528
-ܘܝܚ	0.0935828877006	0.229055258467	0.601604278075	0.0757575757575
-ܘܝܢ	0.406092612193	0.0907806023113	0.0720767859075	0.431049999588
-ܘܝܬ	0.195394351422	0.0327116173245	0.0221392662025	0.749754765051
-ܘܝܪ	0.165745856353	0.370165745856	0.430939226519	0.0331491712707
-ܩܕܫ	0.545780662795	0.127946703109	0.234455073454	0.0918175606424
-ܐܝܟ	0.0860424080249	0.0171934122537	0.00994577186293	0.886818407858
-ܩܕܬ	0.629518072289	0.298945783133	0.0218373493976	0.0496987951807
-ܕܗܐ	0.386746090841	0.153685778109	0.003574087863	0.455994043187
-ܩܕܡ	0.0527685041243	0.13046331456	0.0411367941758	0.77563138714
-ܕܗܝ	0.15195911414	0.100170357751	0.0388415672913	0.709028960818
-ܩܕܢ	0.625536711035	0.270770717046	0.0450837269214	0.0586088449979
-ܕܗܘ	0.0399249864285	0.0801954300943	0.00444159305137	0.875437990426
-ܦܚܡ	0.85347985348	0.102564102564	0.0	0.0439560439561
-ܐܪܙ	0.369426751592	0.210191082803	0.267515923567	0.152866242038
-ܩܛܦ	0.259259259259	0.62962962963	0.0740740740741	0.037037037037
-ܩܛܥ	0.5871886121	0.0640569395018	0.220640569395	0.128113879004
-ܒܫܡ	0.0593887040261	0.816177820871	0.050904603451	0.0735288716515
-ܐܪܟ	0.635245901639	0.241803278689	0.0	0.122950819672
-ܩܛܠ	0.650322268122	0.241896201407	0.0133213127548	0.094460217716
-ܐܪܐ	0.155064766937	0.63042645489	0.142171187608	0.0723375905639
-ܤܬܐ	0.103976064487	0.83643242174	0.0462390584046	0.0133524553682
-ܕܥܡ	0.158647594278	0.0689206762029	0.0104031209363	0.762028608583
-ܕܥܠ	0.0884576098059	0.0408580183861	0.00245148110317	0.868232890705
-ܗܘܢ	0.0948416996451	0.148662760034	0.0226431221138	0.733852418207
-ܕܥܢ	0.641421096117	0.143486642798	0.0647204626825	0.150371798403
-ܕܥܝ	0.357051691129	0.504148053606	0.067007019783	0.0717932354818
-ܗܘܝ	0.641854924109	0.0914078126838	0.020737733851	0.245999529356
-ܕܥܟ	0.509347577261	0.284624189241	0.080122090805	0.125906142694
-ܗܘܘ	0.329295427514	0.0259300525693	0.00277651536943	0.641998004548
-ܕܥܘ	0.645976051331	0.060618219011	0.0151940197391	0.278211709919
-ܐܪܡ	0.0	1.0	0.0	0.0
-ܗܘܕ	0.00972469841858	0.980064368242	0.00632105397208	0.00388987936743
-ܕܥܗ	0.428149606299	0.255905511811	0.103346456693	0.212598425197
-ܗܘܐ	0.393358532885	0.015577527189	0.00230935135261	0.588754588573
-ܕܥܐ	0.578325914936	0.245734421365	0.0676928783383	0.108246785361
-ܚܝܒ	0.437378396744	0.187152702598	0.166927510412	0.208541390246
-ܦܚܗ	0.155963302752	0.844036697248	0.0	0.0
-ܚܝܐ	0.118253372088	0.732882981598	0.0416635886965	0.107200057617
-ܦܚܐ	0.0759789596727	0.888953828171	0.00876680303916	0.0263004091175
-ܐܝܬ	0.328959215076	0.0642896614326	0.0384852000896	0.568265923402
-ܐܤܪ	0.471521708975	0.403509502011	0.102635594396	0.0223331946178
-ܐܤܩ	0.547403525488	0.178180085755	0.0962363030014	0.178180085755
-ܙܟܘ	0.754966887417	0.158940397351	0.0596026490066	0.0264900662252
-ܙܟܝ	0.010101010101	0.873737373737	0.0151515151515	0.10101010101
-ܙܟܐ	0.652580058058	0.219080448062	0.0754275972799	0.0529118965993
-ܡܙܘ	0.603024574669	0.306238185255	0.0	0.0907372400756
-ܡܙܥ	0.280898876404	0.168539325843	0.359550561798	0.191011235955
-ܗܡܟ	0.134020618557	0.659793814433	0.175257731959	0.0309278350516
-ܐܤܒ	0.140350877193	0.649122807018	0.140350877193	0.0701754385965
-ܐܤܐ	0.567236222571	0.310018063905	0.0346471615979	0.0880985519263
-ܡܤܒ	0.578014486579	0.281508308479	0.0268427780145	0.113634426928
-ܐܤܝ	0.785158587672	0.142429682825	0.0275284260921	0.0448833034111
-ܐܘܬ	0.165354330709	0.716535433071	0.0629921259843	0.0551181102362
-ܐܤܘ	0.841946054953	0.122762793043	0.00504159314342	0.0302495588606
-ܓܢܝ	0.82	0.02	0.04	0.12
-ܓܢܒ	0.177364864865	0.0855855855855	0.0163288288288	0.720720720721
-ܓܢܐ	0.213110257817	0.664015359298	0.0153592978607	0.107515085025
-ܟܘܤ	0.0600096015363	0.892942870859	0.0268843014882	0.0201632261162
-ܟܘܦ	0.731006160164	0.250513347023	0.0	0.0184804928131
-ܟܘܠ	0.733177050461	0.187779881586	0.0189342710306	0.0601087969224
-ܫܬܩ	0.660145156201	0.212054275797	0.127800568002	0.0
-ܟܘܢ	0.135989908039	0.158086641687	0.0265837078309	0.679339742443
-ܟܘܬ	0.101585229521	0.32433671025	0.28852149399	0.285556566239
-ܟܘܪ	0.517615176152	0.317073170732	0.10027100271	0.0650406504065
-ܟܘܫ	0.0	0.979591836735	0.0204081632653	0.0
-ܫܬܝ	0.669051878354	0.277280858676	0.0107334525939	0.0429338103757
-ܟܘܗ	0.254545454545	0.672727272727	0.0	0.0727272727273
-ܫܬܘ	0.222222222222	0.703703703704	0.0	0.0740740740741
-ܚܘܘ	0.75	0.202380952381	0.0238095238095	0.0238095238095
-ܫܬܗ	0.282618741977	0.496585365854	0.0816431322208	0.139152759949
-ܫܬܐ	0.156514096047	0.530650855826	0.230411442633	0.0824236054948
-ܓܢܬ	0.789772727273	0.0568181818182	0.0	0.153409090909
-ܚܘܝ	0.676542010685	0.0757649344342	0.0145701796989	0.233122875182
-ܓܢܤ	0.250521920668	0.686847599165	0.0417536534447	0.0208768267223
-ܚܘܟ	0.0281619913021	0.828948979004	0.00793827942744	0.134950750266
-ܚܕܐ	0.0839512208489	0.0675859311721	0.0772680461275	0.771194801852
-ܚܕܗ	0.665364219927	0.157968183087	0.0100474462741	0.166620150712
-ܘܪܘ	0.552033644754	0.247424426317	0.168435462474	0.032106466454
-ܚܕܘ	0.694345830808	0.154558836263	0.110832106676	0.0402632262533
-ܚܕܝ	0.483193277311	0.147058823529	0.31512605042	0.0546218487395
-ܚܕܢ	0.337579617834	0.346072186836	0.11889596603	0.197452229299
-ܝܤܘ	0.52377071448	0.327990582269	0.0748890699991	0.0733496332518
-ܓܬܗ	0.253161114888	0.532698844324	0.0770904146839	0.137049626105
-ܓܬܐ	0.156531853632	0.660145300612	0.13507999161	0.0482428541464
-ܚܕܪ	0.61887599955	0.284941997973	0.0157675413898	0.080414461088
-ܚܘܕ	0.10200546879	0.0375444984117	0.0377361271825	0.822713905615
-ܝܤܐ	0.130974970511	0.718721236872	0.125835733354	0.0244680592632
-ܚܕܬ	0.589522546419	0.235411140584	0.117374005305	0.0576923076923
-ܝܒܐ	0.324084212394	0.195321988618	0.227463113393	0.253130685595
-ܛܓܐ	0.0184729064039	0.95197044335	0.0295566502463	0.0
-ܝܒܗ	0.309900410076	0.548330404218	0.0556531927358	0.0861159929701
-ܝܒܘ	0.443659942363	0.282132564841	0.122478386167	0.151729106628
-ܘܓܢ	0.396721311475	0.603278688525	0.0	0.0
-ܝܒܝ	0.0415549597855	0.343666219839	0.275636729223	0.339142091153
-ܝܒܟ	0.021645021645	0.917748917749	0.00865800865801	0.0519480519481
-ܚܝܢ	0.375007767391	0.326208464856	0.116433665851	0.182350101902
-ܝܒܠ	0.609523809524	0.390476190476	0.0	0.0
-ܝܒܢ	0.47452034439	0.280079541978	0.128927931471	0.11647218216
-ܘܓܝ	0.0137931034483	0.862068965517	0.0413793103448	0.0827586206897
-ܘܓܘ	0.552670781017	0.295701213024	0.089380719302	0.0622472866568
-ܝܒܪ	0.635734998885	0.237861551045	0.0650605993011	0.0613428507696
-ܝܒܫ	0.669233047083	0.119040568552	0.0607047675452	0.15102161682
-ܝܒܬ	0.617928633595	0.204525674499	0.0487380330722	0.128807658834
-ܘܓܐ	0.216022319649	0.687524910323	0.0390593862096	0.0573933838182
-ܤܒܐ	0.138162074742	0.492173511234	0.307861144804	0.0618032692197
-ܦܛܪ	0.588888888889	0.138888888889	0.0222222222222	0.25
-ܦܛܦ	0.285904255319	0.607712765957	0.106382978723	0.0
-ܦܛܢ	0.221864951768	0.231511254019	0.366559485531	0.180064308682
-ܡܘܪ	0.349132947977	0.519075144509	0.117919075145	0.01387283237
-ܨܘܪ	0.0467704456713	0.885956995486	0.0249869504272	0.0422856084152
-ܡܘܨ	0.0	1.0	0.0	0.0
-ܕܤܡ	0.375	0.602941176471	0.0220588235294	0.0
-ܡܘܬ	0.730541012216	0.150959860384	0.0183246073298	0.10017452007
-ܡܘܢ	0.399341030728	0.382365710782	0.0578306259649	0.160462632525
-ܨܘܢ	0.491347666492	0.325117986366	0.0629260618772	0.120608285265
-ܡܘܠ	0.440873506387	0.278945199835	0.243098475484	0.0370828182941
-ܐܫܕ	0.78685333533	0.0615407651419	0.0303211799057	0.121284719623
-ܠܢܝ	0.709796874149	0.189729347057	0.0277732396667	0.0727005391276
-ܨܘܦ	0.188725490196	0.419117647059	0.362745098039	0.0294117647059
-ܡܘܤ	0.0479855138071	0.81846989588	0.0740153915799	0.0595291987325
-ܛܫܘ	0.98275862069	0.0172413793103	0.0	0.0
-ܠܢܢ	0.426829268293	0.378048780488	0.0243902439024	0.170731707317
-ܛܫܝ	0.658097499955	0.160245834769	0.169691256187	0.0119654090901
-ܡܘܟ	0.72049689441	0.0683229813665	0.0	0.211180124224
-ܛܫܐ	0.426728110599	0.273732718894	0.106912442396	0.192626728111
-ܠܢܫ	0.0972274064231	0.29259297968	0.0236499096705	0.586529704227
-ܡܘܗ	0.411320754717	0.547169811321	0.0415094339622	0.0
-ܨܘܕ	0.543540669857	0.278468899522	0.143540669856	0.0344497607655
-ܦܛܘ	0.615835777126	0.243401759531	0.0527859237537	0.0879765395894
-ܤܐܐ	0.0333333333333	0.966666666667	0.0	0.0
-ܦܛܐ	0.322580645161	0.645161290323	0.0322580645161	0.0
-ܐܥܠ	0.703333333333	0.153333333333	0.0633333333333	0.08
-ܪܤܤ	0.3344	0.6176	0.0192	0.0288
-ܟܤܐ	0.123212468447	0.794672324184	0.0531714118601	0.0289437955094
-ܟܤܗ	0.145328719723	0.555940023068	0.22952710496	0.0692041522492
-ܟܤܘ	0.829351535836	0.0580204778157	0.0511945392491	0.061433447099
-ܟܤܝ	0.56632478288	0.272523021742	0.025389404961	0.135762790417
-ܢܒܐ	0.115394800912	0.870447096478	0.00664052600255	0.00751757660667
-ܟܤܤ	0.523076923077	0.415384615385	0.0	0.0615384615385
-ܟܤܦ	0.297123279579	0.669206686751	0.0248094984938	0.00886053517633
-ܟܤܬ	0.652392947103	0.309823677582	0.0226700251889	0.015113350126
-ܢܒܝ	0.702213758629	0.247798143299	0.0	0.0499880980719
-ܪܤܝ	0.321371955613	0.502810203199	0.128260556276	0.0475572849114
-ܪܤܟ	0.0841189267585	0.795503988397	0.0551124002901	0.065264684554
-ܪܤܗ	0.251073670301	0.667657746944	0.025768087215	0.0555004955401
-ܪܤܐ	0.192081693194	0.745621541446	0.0295510297221	0.0327457356381
-ܛܥܐ	0.730949801372	0.125315998555	0.0332249909715	0.110509209101
-ܛܥܝ	0.469589816125	0.36775106082	0.060820367751	0.101838755304
-ܘܥܠ	0.119202774285	0.0066308448611	0.00125757402538	0.872908806829
-ܘܥܡ	0.0333002973241	0.012289395441	0.0	0.954410307235
-ܛܥܘ	0.747791164659	0.101204819277	0.0208835341366	0.130120481928
-ܓܐܐ	0.160944675268	0.285151979007	0.399737590203	0.154165755521
-ܒܕܩ	0.366429339274	0.490706840949	0.0916073348186	0.051256484958
-ܒܕܬ	0.613228721432	0.122509124266	0.0193219743545	0.244940179948
-ܪܒܬ	0.358740945118	0.234208475268	0.0444997264124	0.362550853202
-ܒܕܢ	0.416020976641	0.293939220319	0.115930990088	0.174108812953
-ܪܒܢ	0.0735379270411	0.828576943227	0.0296412716795	0.0682438580528
-ܪܒܥ	0.0475473763426	0.181090511049	0.0133406307724	0.758021481836
-ܒܕܘ	0.543327146067	0.109428191389	0.0378187256236	0.30942593692
-ܪܒܘ	0.667646949336	0.0546755760712	0.0128615567882	0.264815917805
-ܒܕܟ	0.390052356021	0.410994764398	0.00523560209423	0.193717277487
-ܪܒܝ	0.145762258211	0.76664056695	0.0580252634607	0.0295719113782
-ܒܕܝ	0.106095539542	0.588795432697	0.0219688997073	0.283140128054
-ܒܕܐ	0.168884198082	0.650059483426	0.0363892372607	0.144667081232
-ܪܒܐ	0.0992588438451	0.325042927448	0.326848586998	0.248849641709
-ܪܒܗ	0.194303022491	0.774763162983	0.0232003608945	0.00773345363151
-ܒܕܗ	0.245567285026	0.545469186957	0.0172769733085	0.191686554708
-ܒܝܟ	0.184417591682	0.688129361622	0.0823731909513	0.0450798557445
-ܘܥܘ	0.935849056604	0.0528301886792	0.011320754717	0.0
-ܛܥܢ	0.521875	0.28125	0.0515625	0.1453125
-ܛܥܡ	0.56468641664	0.286400882446	0.0212732429877	0.127639457926
-ܘܥܕ	0.117416829746	0.0117416829746	0.0	0.87084148728
-ܛܥܬ	0.858974358974	0.141025641026	0.0	0.0
-ܘܥܐ	0.155676674771	0.639438900685	0.127162267721	0.0777221568217
-ܒܤܐ	0.537467700258	0.41774332472	0.0344530577089	0.0103359173127
-ܡܘv	0.0402684563758	0.624161073826	0.335570469799	0.0
-ܒܤܘ	0.545454545455	0.345454545455	0.0727272727273	0.0363636363636
-ܡܡܬ	0.749516441006	0.132280249301	0.0112830431979	0.106920266495
-ܐܚܬ	0.67	0.02	0.0	0.31
-ܙܦܘ	0.54	0.0	0.4	0.06
-ܒܤܡ	0.310503639875	0.340365473184	0.306046649829	0.0430842371119
-ܒܤܪ	0.211825080526	0.513239067533	0.109843314953	0.165092536987
-ܫܝܟ	0.28338762215	0.527687296417	0.130293159609	0.0586319218242
-ܫܝܝ	0.186170212766	0.25	0.457446808511	0.106382978723
-ܫܝܚ	0.405882352941	0.229411764706	0.352941176471	0.0117647058823
-ܫܝܘ	0.75	0.25	0.0	0.0
-ܫܝܗ	0.733188044832	0.145392278954	0.0700498132004	0.0513698630137
-ܫܝܓ	0.772335231896	0.126851098454	0.0273393002441	0.073474369406
-ܫܝܒ	0.192307692308	0.74358974359	0.0641025641025	0.0
-ܫܝܐ	0.154324356777	0.529658657992	0.225960331408	0.0900566538222
-ܫܝܬ	0.140599455041	0.834877384196	0.00980926430518	0.0147138964578
-ܫܝܫ	0.398601398601	0.0629370629371	0.475524475524	0.0629370629371
-ܫܝܪ	0.0	1.0	0.0	0.0
-ܫܝܩ	0.0568181818182	0.0269886363636	0.916193181818	0.0
-ܫܝܢ	0.325312966192	0.204525655964	0.121313884754	0.34884749309
-ܫܝܡ	0.387978142077	0.524590163934	0.0109289617486	0.0765027322404
-ܘܐܢ	0.0381418942842	0.015449881229	0.00193123515363	0.944476989333
-ܝܕܗ	0.0693345879032	0.517715898733	0.0107618571555	0.402187656209
-ܘܐܦ	0.0493863025637	0.0209612451605	0.00469281608072	0.924959636195
-ܛܒܐ	0.057015627023	0.0886434961156	0.786858201892	0.067482674969
-ܘܐܤ	0.0428571428572	0.931428571429	0.0171428571429	0.00857142857145
-ܝܕܝ	0.0805042533994	0.399656111838	0.0569553901601	0.462884244602
-ܝܕܟ	0.0558325024925	0.719840478564	0.0104685942174	0.213858424726
-ܛܒܝ	0.136363636364	0.113636363636	0.590909090909	0.159090909091
-ܝܕܘ	0.330855018587	0.200743494424	0.468401486989	0.0
-ܬܤܤ	0.0	0.838709677419	0.161290322581	0.0
-ܝܕܥ	0.811289388111	0.0280916763664	0.0148105038442	0.145808431679
-ܛܒܥ	0.674426338544	0.217825074825	0.0758230794812	0.03192550715
-ܛܒܢ	0.310344827586	0.35632183908	0.310344827586	0.0229885057471
-ܝܕܢ	0.222910038834	0.651454913834	0.0501972988213	0.0754377485111
-ܬܤܒ	0.361111111111	0.546296296296	0.0	0.0925925925926
-ܥܕܘ	0.594713656388	0.352422907489	0.0	0.0528634361234
-ܥܕܐ	0.0271651425498	0.894298009683	0.0182894029048	0.0602474448629
-ܢܫܘ	0.569396735502	0.0818698866516	0.0171349964201	0.331598381427
-ܕܘܟ	0.0632911392405	0.168776371308	0.0210970464135	0.746835443038
-ܢܫܝ	0.89010989011	0.032967032967	0.0	0.076923076923
-ܩܦܗ	0.377952755906	0.346456692913	0.181102362205	0.0944881889764
-ܩܦܘ	0.53989024905	0.31067961165	0.0869565217391	0.0624736175602
-ܕܘܗ	0.808823529412	0.102941176471	0.0294117647059	0.0588235294118
-ܢܫܒ	0.66265060241	0.33734939759	0.0	0.0
-ܕܘܕ	0.83282777216	0.153016514998	0.0141557128412	0.0
-ܕܘܓ	0.542056074766	0.224299065421	0.0700934579439	0.163551401869
-ܕܘܐ	0.233146067416	0.573033707865	0.143258426966	0.0505617977528
-ܩܦܟ	0.936170212766	0.0425531914894	0.0	0.0212765957447
-ܢܫܩ	0.767405063291	0.232594936709	0.0	0.0
-ܩܦܢ	0.476190476191	0.404761904762	0.0374149659864	0.0816326530612
-ܢܫܬ	0.33	0.23	0.03	0.41
-ܕܘܫ	0.12693498452	0.650154798761	0.167182662539	0.0557275541796
-ܕܘܩ	0.0	1.0	0.0	0.0
-ܕܘܦ	0.239631336406	0.612903225806	0.073732718894	0.073732718894
-ܢܫܢ	0.29671949871	0.340213785477	0.221157390343	0.14190932547
-ܕܘܢ	0.547761222071	0.265914326947	0.0589416765592	0.127382774424
-ܕܘܡ	0.0594067001552	0.905352037041	0.0201378644594	0.0151033983445
-ܠܐܛ	0.600329851567	0.399670148433	0.0	0.0
-ܠܐܝ	0.619469026549	0.304677623262	0.0	0.0758533501896
-ܥܕܪ	0.706011271133	0.20319348779	0.0109580463369	0.0798371947401
-ܠܐܐ	0.424097433667	0.407568508047	0.117442366246	0.05089169204
-ܠܐܗ	0.413793103448	0.51724137931	0.0	0.0689655172414
-ܥܕܢ	0.158333333333	0.251851851852	0.0388888888889	0.550925925926
-ܤܪܝ	0.18615859628	0.517508848558	0.13592891031	0.160403644853
-ܛܪܬ	0.844064901793	0.0865926558497	0.0107600341588	0.0585824081981
-ܡܛܬ	0.376755447942	0.358837772397	0.0348668280872	0.229539951574
-ܤܪܘ	0.282944720985	0.433819462638	0.218030448578	0.065205367799
-ܤܪܚ	0.84	0.16	0.0	0.0
-ܛܪܦ	0.594262295082	0.282786885246	0.0819672131147	0.0409836065573
-ܤܪܗ	0.426579757378	0.408352948277	0.1089383789	0.0561289154445
-ܤܪܐ	0.0752430630675	0.499431930082	0.0966917774136	0.328633229436
-ܡܛܠ	0.105265309634	0.0817320099721	0.00331322966644	0.809689450728
-ܤܪܬ	0.174326465927	0.683042789223	0.0285261489699	0.11410459588
-ܡܛܝ	0.493046055632	0.171226630187	0.0393296853625	0.296397628819
-ܛܪܝ	0.496361438358	0.453860193899	0.0327114988029	0.0170668689407
-ܤܪܩ	0.484251968504	0.393700787402	0.0708661417323	0.0511811023622
-ܐܨܦ	0.430416068867	0.466284074605	0.0401721664276	0.0631276901004
-ܛܪܘ	0.625770110896	0.246611512058	0.0651293786305	0.0624889984157
-ܡܛܗ	0.266666666667	0.733333333333	0.0	0.0
-ܛܪܗ	0.31956293968	0.586139799431	0.0817242927705	0.0125729681185
-ܛܪܕ	0.816326530612	0.183673469388	0.0	0.0
-ܛܪܓ	0.573737697047	0.392654237017	0.0	0.0336080659358
-ܛܪܐ	0.132816911836	0.804382130616	0.0315020984462	0.0312988591014
-ܡܛܐ	0.368275425906	0.346140163643	0.0399225265821	0.245661883869
-ܐܚܙ	0.0	1.0	0.0	0.0
-ܐܚܝ	0.0170298850575	0.742896551724	0.00496551724138	0.235108045977
-ܪܥܥ	0.843222985634	0.119300437227	0.0	0.0374765771393
-ܐܚܐ	0.0888633534425	0.823552345385	0.0253758498516	0.0622084513207
-ܐܚܒ	0.935344827586	0.0484913793103	0.00646551724139	0.00969827586206
-ܐܚܕ	0.517848903058	0.292965308947	0.0369143000965	0.152271487898
-ܪܥܬ	0.567850390585	0.366988612214	0.0517067022322	0.0134542949686
-ܢܓܢ	0.412967966036	0.286568892319	0.0602084137398	0.240254727904
-ܢܓܪ	0.645833333333	0.0208333333333	0.0833333333334	0.25
-ܢܓܕ	0.810874704492	0.126477541371	0.0271867612293	0.0354609929078
-ܢܓܗ	0.288888888889	0.622222222222	0.0	0.0888888888889
-ܢܓܝ	0.0	1.0	0.0	0.0
-ܪܥܐ	0.0700788304607	0.784768927267	0.0218435143788	0.123308727893
-ܪܥܗ	0.26945802771	0.657803585982	0.0377954360228	0.0349429502852
-ܪܥܘ	0.400623308299	0.46060958408	0.0266859822348	0.112081125386
-ܒܩܬ	0.404478737599	0.237338283924	0.0666009166328	0.291582061844
-ܠܝܦ	0.372505543237	0.361419068736	0.133037694013	0.133037694013
-ܪܥܝ	0.60371318822	0.269526248399	0.0441741357234	0.0825864276569
-ܘܪܡ	0.0	1.0	0.0	0.0
-ܟܕܒ	0.78813559322	0.110169491525	0.0338983050847	0.0677966101694
-ܚܘܪ	0.376811594203	0.245571658615	0.274557165861	0.10305958132
-ܘܪܥ	0.897435897436	0.102564102564	0.0	0.0
-ܚܘܬ	0.326939655172	0.154525862069	0.014224137931	0.504310344828
-ܘܪܩ	0.480573921281	0.33725503414	0.141936948843	0.0402340957352
-ܚܘܠ	0.364203954214	0.599375650364	0.0364203954214	0.0
-ܘܪܫ	0.0	0.723183391003	0.138408304498	0.138408304498
-ܚܘܢ	0.438582183761	0.287314757218	0.120372132167	0.153730926854
-ܚܘܤ	0.532110091743	0.100917431193	0.146788990826	0.220183486239
-ܪܓܪ	0.875	0.125	0.0	0.0
-ܪܓܬ	0.478260869565	0.347826086957	0.173913043478	0.0
-ܓܗܐ	0.112745098039	0.799019607843	0.0588235294118	0.0294117647059
-ܪܓܡ	0.527498521585	0.25606150207	0.00354819633353	0.212891780012
-ܪܓܘ	0.678726938098	0.179871616465	0.11312115635	0.0282802890874
-ܪܓܙ	0.257056634873	0.160960356801	0.536170934785	0.0458120735417
-ܓܗܢ	0.668067226891	0.25	0.063025210084	0.0189075630252
-ܪܓܐ	0.171137373571	0.749505822531	0.0458126363009	0.0335441675966
-ܥܘܢ	0.237376096444	0.606533524958	0.0280247812249	0.128065597373
-ܪܓܗ	0.13028372901	0.483207874928	0.112912565142	0.273595830921
-ܘܪܐ	0.0698155139539	0.72608009975	0.136343894414	0.0677604918826
-ܘܪܒ	0.365038560411	0.325621251071	0.201371036847	0.107969151671
-ܡܩܡ	0.609004305857	0.171586975488	0.0330854417021	0.186323276954
-ܫܒܘ	0.611398963731	0.19689119171	0.0829015544041	0.108808290155
-ܘܪܗ	0.0884692004832	0.773023168264	0.048940408778	0.0895672224749
-ܚܘܐ	0.713716462045	0.174566212593	0.0442963819972	0.0674209433647
-ܘܪܚ	0.0	0.940417080437	0.0595829195631	0.0
-ܘܪܝ	0.153974142395	0.564410563757	0.203940610701	0.0776746831467
-ܚܘܗ	0.257035647279	0.118198874296	0.0168855534709	0.607879924953
-ܝܪܝ	0.154236976359	0.318158004419	0.387268929771	0.14033608945
-ܓܡܐ	0.404514098996	0.416676751785	0.00907660655936	0.16973254266
-ܓܡܗ	0.190476190476	0.724206349206	0.0436507936507	0.0416666666667
-ܓܡܘ	0.729292118293	0.120835006022	0.0187341094607	0.131138766225
-ܓܡܟ	0.405405405405	0.216216216216	0.081081081081	0.297297297297
-ܤܕܐ	0.106159895151	0.858453473132	0.0157273918742	0.0196592398427
-ܤܕܗ	0.284629981025	0.707779886148	0.00759013282733	0.0
-ܤܕܘ	0.745098039216	0.176470588235	0.078431372549	0.0
-ܤܕܝ	0.161290322581	0.645161290323	0.0967741935484	0.0967741935484
-ܓܡܪ	0.442459493145	0.189031990029	0.206481096801	0.162027420025
-ܓܡܬ	0.379030489142	0.518315420048	0.00789646852379	0.0947576222856
-ܩܕv	0.152744630072	0.513126491647	0.147971360382	0.1861575179
-ܝܝܢ	0.315914519103	0.345318958705	0.127303968909	0.211462553282
-ܬܥܪ	0.604166666667	0.0833333333333	0.0	0.3125
-ܬܥܘ	0.655913978495	0.258064516129	0.0	0.0860215053763
-ܬܥܝ	0.866920152091	0.0589353612167	0.0256653992395	0.0484790874524
-ܬܥܐ	0.466448272218	0.364472154708	0.0602345979077	0.108844975166
-ܢܬܝ	0.213369947009	0.130799795611	0.0	0.65583025738
-ܕܛܒ	0.0959729017689	0.0609710199473	0.516748212269	0.326307866014
-ܢܬܟ	0.213175885643	0.595400870106	0.149160969546	0.0422622747048
-ܩܡܐ	0.362244897959	0.440051020408	0.173469387755	0.0242346938775
-ܢܬܗ	0.148108891706	0.566458324227	0.21225796582	0.0731748182467
-ܢܬܐ	0.0725978887873	0.735934534934	0.0390564479659	0.152411128313
-ܢܬܒ	0.757036557748	0.0844386929796	0.0226463927531	0.135878356519
-ܢܬܬ	0.0307692307692	0.969230769231	0.0	0.0
-ܩܡܬ	0.352654232425	0.0476327116212	0.0109038737446	0.588809182209
-ܢܬܠ	0.670130180342	0.0796608145229	0.00824077391615	0.241968231219
-ܢܬܢ	0.154048716261	0.621461487821	0.117182356814	0.107307439105
-ܚܬܪ	0.53722334004	0.0120724346076	0.402414486922	0.0482897384306
-ܕܩܘ	0.669406928949	0.246036406342	0.0387551379918	0.0458015267175
-ܩܬܗ	0.525573574877	0.345066984867	0.0512556272713	0.0781038129848
-ܕܩܐ	0.172301991663	0.352477999074	0.447429365447	0.0277906438166
-ܬܗܝ	0.409836065574	0.426229508197	0.0655737704918	0.0983606557377
-ܬܗܪ	0.471428571429	0.442857142857	0.0857142857143	0.0
-ܕܩܬ	0.608633968383	0.167207134171	0.0964734495339	0.127685447912
-ܢܪܢ	0.0673076923077	0.932692307692	0.0	0.0
-ܕܩܡ	0.668918918919	0.164414414414	0.0230855855856	0.143581081081
-ܕܩܢ	0.29525483304	0.377855887522	0.142355008787	0.18453427065
-ܕܩܦ	0.797692307692	0.145769230769	0.0138461538462	0.0426923076924
-ܪܦܦ	0.156626506024	0.783132530121	0.0	0.0602409638554
-ܪܦܢ	0.163636363636	0.742424242424	0.0575757575758	0.0363636363637
-ܪܦܬ	0.226086956522	0.773913043478	0.0	0.0
-ܐܦܐ	0.0527972220641	0.836958445915	0.0258387583091	0.0844055737122
-ܙܘܓ	0.688821752266	0.111782477341	0.0725075528701	0.126888217523
-ܙܘܐ	0.217302052786	0.667741935484	0.0058651026393	0.109090909091
-ܙܘܗ	0.235422451408	0.628718762396	0.0525585085284	0.0833002776676
-ܙܘܕ	0.354166666667	0.145833333333	0.0	0.5
-ܙܘܢ	0.76693155147	0.0587988046682	0.0176397394535	0.156629904408
-ܙܘܥ	0.758620689655	0.103448275862	0.103448275862	0.0344827586207
-ܙܘܪ	0.434782608696	0.518260869565	0.0260869565217	0.0208695652174
-ܙܘܩ	0.25	0.0714285714286	0.0357142857143	0.642857142857
-ܪܦܐ	0.289505721938	0.594838081325	0.0849768687607	0.0306793279766
-ܐܛܢ	0.479289940828	0.14201183432	0.171597633136	0.207100591716
-ܥܡܐ	0.0510492453851	0.84332471489	0.00873870081974	0.0968873389052
-ܚܙܬ	0.52981427175	0.0772238514174	0.0175953079179	0.375366568915
-ܘܫܥ	0.0506329113924	0.79746835443	0.0	0.151898734177
-ܘܫܢ	0.471571906354	0.528428093646	0.0	0.0
-ܥܡܗ	0.0510815080094	0.0683149232708	0.00307943224394	0.877524136476
-ܚܙܩ	0.186032510536	0.698374473209	0.0216736905478	0.0939193257074
-ܥܡܘ	0.820754716981	0.141509433962	0.0	0.0377358490566
-ܘܫܬ	0.0213903743316	0.0855614973262	0.0	0.893048128342
-ܥܡܝ	0.0238949408191	0.0218458678119	0.0177084424427	0.936550748926
-ܥܡܟ	0.103982643732	0.0500542383388	0.0106927010693	0.83527041686
-ܒܗܬ	0.201034670539	0.225812307134	0.535033581412	0.0381194409149
-ܐܕܥ	0.511070110701	0.185424354244	0.0608856088561	0.242619926199
-ܡܨܘ	0.303561004086	0.196730881495	0.0823117338004	0.417396380619
-ܐܕܡ	0.0204918032787	0.965163934426	0.0102459016394	0.00409836065573
-ܒܗܪ	0.734802615645	0.142165173165	0.048680067813	0.0743521433761
-ܡܨܝ	0.557894736842	0.126315789474	0.0842105263158	0.231578947368
-ܡܨܐ	0.0944004690706	0.523013778951	0.127528583993	0.255057167986
-ܡܨܪ	0.541095890411	0.431506849315	0.027397260274	0.0
-ܒܗܝ	0.136591339196	0.112545920071	0.0615607258154	0.689302014917
-ܐܕܗ	0.602941176471	0.279411764706	0.0	0.117647058824
-ܒܗܘ	0.0499953585211	0.0394790934529	0.0554325195274	0.855093028499
-ܐܕܝ	0.158415841584	0.623762376238	0.158415841584	0.0594059405941
-ܡܨܡ	0.25	0.520833333333	0.166666666667	0.0625
-ܒܗܐ	0.0512249443207	0.904974016333	0.0148478099481	0.0289532293987
-ܘܫܗ	0.0570546535559	0.860393322662	0.0173793734278	0.0651726503545
-ܥܡܢ	0.0796858950996	0.131042708989	0.051191146748	0.738080249163
-ܘܫܐ	0.070750924835	0.865752153198	0.0371483016835	0.0263486202834
-ܥܡܩ	0.497797356828	0.079295154185	0.370044052863	0.0528634361233
-ܘܫܟ	0.191347753744	0.708818635607	0.099833610649	0.0
-ܘܫܝ	0.296084049666	0.703915950334	0.0	0.0
-ܥܡܬ	0.0413436692506	0.906976744186	0.0516795865633	0.0
-ܚܙܐ	0.750135210813	0.0500532548109	0.0275232807765	0.1722882536
-ܓܠܐ	0.336257823836	0.372682656276	0.182808623685	0.108250896203
-ܢܝܝ	0.0978792822186	0.373572593801	0.495921696574	0.0326264274062
-ܓܠܗ	0.351351351351	0.369369369369	0.261261261261	0.018018018018
-ܓܠܘ	0.553191489362	0.106382978723	0.170212765957	0.170212765957
-ܓܠܝ	0.429907972526	0.406834140088	0.0210266516157	0.14223123577
-ܓܠܟ	0.0	1.0	0.0	0.0
-ܤܒܥ	0.526315789474	0.232456140351	0.179824561403	0.0614035087719
-ܫܢܢ	0.482051282051	0.138461538462	0.0615384615385	0.317948717949
-ܤܒܠ	0.574484944533	0.190966719493	0.202852614897	0.0316957210777
-ܤܒܢ	0.864705882353	0.0470588235294	0.0117647058824	0.0764705882352
-ܤܒܬ	0.64178337402	0.134652447642	0.0327637157908	0.190800462546
-ܫܢܬ	0.0	0.932773109244	0.0168067226891	0.0504201680672
-ܘܨܡ	0.854166666667	0.145833333333	0.0	0.0
-ܘܕܝ	0.368073527633	0.27028661265	0.026411899867	0.33522795985
-ܫܢܩ	0.267441860465	0.290697674419	0.406976744186	0.0348837209302
-ܫܢܗ	0.305683563748	0.605222734255	0.063287250384	0.0258064516129
-ܤܒܗ	0.495463650289	0.175209143396	0.117238128903	0.212089077413
-ܫܘܥ	0.0114395478686	0.810912295701	0.00328571067504	0.174362445756
-ܫܢܐ	0.115968174417	0.743141256373	0.0758098216754	0.0650807475341
-ܤܒܝ	0.0301920567705	0.808582360075	0.0470996085619	0.114125974592
-ܫܢܟ	0.383389762995	0.365664210317	0.209121688906	0.0418243377813
-ܫܢܝ	0.531682716613	0.164843836697	0.0248578932442	0.278615553446
-ܤܒܘ	0.623940530777	0.168125607892	0.010861006901	0.19707285443
-ܫܢܘ	0.130909090909	0.28	0.501818181818	0.0872727272727
-ܩܡܘ	0.558601850375	0.138518902536	0.00857393523687	0.294305311852
-ܓܠܬ	0.855072463768	0.0	0.086956521739	0.0579710144928
-ܒܥܘ	0.566172323413	0.0741514880064	0.0408082014531	0.318867987127
-ܒܥܙ	0.0288461538461	0.971153846154	0.0	0.0
-ܒܥܟ	0.251012145749	0.748987854251	0.0	0.0
-ܒܥܝ	0.500389105058	0.36420233463	0.0466926070039	0.0887159533074
-ܒܥܐ	0.359442599609	0.0984852463665	0.0562596332647	0.48581252076
-ܒܥܗ	0.467537650691	0.218579427404	0.226784519491	0.0870984024134
-ܝܦܢ	0.716981132076	0.132075471698	0.0754716981131	0.0754716981132
-ܙܡܪ	0.726259207645	0.216006370695	0.0358351582719	0.0218992633884
-ܒܥܩ	0.982142857143	0.0178571428571	0.0	0.0
-ܙܡܐ	0.23595505618	0.61797752809	0.067415730337	0.0786516853933
-ܒܥܬ	0.253554690603	0.447851298753	0.271904043212	0.0266899674319
-ܒܥܢ	0.377659574468	0.175531914894	0.382978723404	0.0638297872341
-ܒܥܠ	0.152406951195	0.754377788135	0.0792329715694	0.0139822891004
-ܒܥܡ	0.0689655172413	0.848275862069	0.0620689655172	0.0206896551724
-ܝܦܐ	0.129053990537	0.716071820261	0.0935355497759	0.0613386394259
-ܙܡܘ	0.797202797203	0.181818181818	0.0	0.020979020979
-ܢܦܚ	1.0	0.0	0.0	0.0
-ܨܒܘ	0.584208983966	0.122325951354	0.0925189433583	0.200946121321
-ܢܦܐ	0.124510264849	0.496970171864	0.305646972784	0.0728725905031
-ܠܟܬ	0.608581436077	0.19176882662	0.0910683012259	0.108581436077
-ܠܟܢ	0.610966057441	0.109660574413	0.174934725849	0.104438642298
-ܠܟܠ	0.106457378196	0.209748232186	0.0245745590178	0.659219830601
-ܠܟܤ	0.0166270783848	0.969121140143	0.00950118764844	0.00475059382422
-ܠܟܘ	0.401218968337	0.420098112086	0.0350825033447	0.143600416233
-ܠܟܟ	0.264705882353	0.488235294118	0.0352941176471	0.211764705882
-ܠܟܝ	0.0688807863031	0.163363982245	0.00475586556754	0.762999365885
-ܚܨܐ	0.211382113821	0.70189701897	0.0758807588076	0.0108401084011
-ܠܟܐ	0.0370984886582	0.776355133714	0.0239506578056	0.162595719822
-ܚܨܕ	0.74984679495	0.205253911836	0.0277403276545	0.0171589655595
-ܠܟܗ	0.121739130435	0.830434782609	0.0	0.0478260869565
-ܚܨܗ	0.174050632911	0.655063291139	0.0759493670886	0.0949367088607
-ܢܦܫ	0.184344290071	0.474754320569	0.156557099288	0.184344290071
-ܢܦܩ	0.427986676534	0.0313612109595	0.00112748953717	0.53952462297
-ܢܦܨ	0.763157894737	0.184210526316	0.0	0.0526315789474
-ܢܦܤ	0.500605571256	0.426725878078	0.024222850222	0.0484457004441
-ܢܦܠ	0.607759857482	0.0620575977078	0.00498525067657	0.325197294134
-ܬܝܐ	0.459930435255	0.30099943549	0.0592124789763	0.179857650279
-ܬܝܒ	0.633380028017	0.151991194717	0.0168100860516	0.197818691215
-ܬܝܕ	0.239442751415	0.0394812906357	0.0276911438298	0.69338481412
-ܬܝܗ	0.489089508381	0.0961523359114	0.0265758193769	0.388182336331
-ܬܝܘ	0.669780476413	0.14245679589	0.0267787638175	0.16098396388
-ܬܝܚ	0.373176206509	0.25645342312	0.232884399551	0.137485970819
-ܕܓܠ	0.606907778328	0.215974237384	0.106931370467	0.0701866138203
-ܬܝܟ	0.352907961604	0.365894974591	0.149068322981	0.132128740824
-ܘܙܘ	0.291262135922	0.135922330097	0.533980582524	0.0388349514563
-ܘܙܝ	0.0	1.0	0.0	0.0
-ܨܥܪ	0.440928270042	0.455696202532	0.0717299578059	0.0316455696203
-ܘܙܐ	0.227606461087	0.596182085169	0.132158590308	0.0440528634362
-ܘܙܒ	0.435135135135	0.524324324324	0.0162162162162	0.0243243243243
-ܘܙܗ	0.549019607843	0.43137254902	0.0196078431372	0.0
-ܘܙܬ	0.469273743017	0.27374301676	0.167597765363	0.0893854748603
-ܘܙܠ	0.995423340961	0.0045766590389	0.0	0.0
-ܬܐܐ	0.353333333333	0.493333333333	0.0533333333333	0.1
-ܪܗܒ	0.288987435329	0.373983739837	0.230598669623	0.106430155211
-ܬܝܢ	0.318790671541	0.136807004649	0.105238026245	0.439164297565
-ܬܝܩ	0.0829015544042	0.150259067358	0.725388601036	0.0414507772021
-ܬܝܪ	0.0441444886193	0.031663170244	0.342849212899	0.581343128238
-ܬܝܬ	0.668769471343	0.0248056042687	0.0198509041926	0.286574020196
-ܕܓܕ	0.0	1.0	0.0	0.0
-ܠܩܐ	0.41993281075	0.393617021277	0.075587905935	0.110862262038
-ܤܠܝ	0.455108359133	0.526315789474	0.0	0.0185758513932
-ܩܘv	0.617647058824	0.223529411765	0.123529411765	0.0352941176471
-ܚܦܐ	0.488681637088	0.414976457805	0.0583122057226	0.0380296993843
-ܠܩܘ	0.47967091928	0.0820317157506	0.026231071897	0.412066293073
-ܠܩܛ	0.11320754717	0.754716981132	0.132075471698	0.0
-ܚܦܛ	0.393689986283	0.237997256516	0.106995884774	0.261316872428
-ܤܠܐ	0.397637795276	0.484251968504	0.0708661417323	0.0472440944882
-ܠܩܢ	0.466893039049	0.298811544992	0.0764006791171	0.157894736842
-ܚܦܢ	0.0575539568345	0.517985611511	0.338129496403	0.0863309352518
-ܤܠܩ	0.381744421907	0.0242393509128	0.00699797160243	0.587018255578
-ܩܐܕ	0.320860617399	0.521983161834	0.0392890551918	0.117867165575
-ܠܩܬ	0.383467621606	0.235750522232	0.0182035213369	0.362578334825
-ܚܦܪ	0.752586206897	0.206034482759	0.0	0.0413793103448
-ܕܗܒ	0.467289719626	0.252336448598	0.233644859813	0.0467289719626
-ܐܠܨ	0.677938808374	0.0917874396135	0.125603864734	0.104669887279
-ܐܠܬ	0.534988713318	0.363431151242	0.0609480812641	0.0406320541761
-ܙܓܗ	0.627306273063	0.0369003690037	0.291512915129	0.0442804428044
-ܐܠܢ	0.290391242652	0.5002533955	0.123454287452	0.0859010743969
-ܐܠܦ	0.280461849526	0.196977758859	0.0432052782804	0.479355113334
-ܐܠܤ	0.0779220779221	0.922077922078	0.0	0.0
-ܕܡܐ	0.0650642697422	0.233509237985	0.0183306171167	0.683095875156
-ܡܝܟ	0.23098356714	0.275327956894	0.0397520610985	0.453936414867
-ܡܝܐ	0.0388502163794	0.617414925833	0.164755867685	0.178978990102
-ܨܗܐ	0.179842637692	0.388659922568	0.416510553266	0.0149868864743
-ܕܡܝ	0.13300152659	0.251552730086	0.0683828603693	0.547062882954
-ܕܡܟ	0.550653901508	0.165258744759	0.071960453038	0.212126900695
-ܕܡܢ	0.0738394417113	0.0250359203114	0.00209257724803	0.899032060729
-ܡܝܬ	0.677788795781	0.0466279462564	0.182741448637	0.0928418093256
-ܡܝܡ	0.655518394649	0.0271274619101	0.317354143441	0.0
-ܡܝܢ	0.282119065947	0.3113059996	0.057024434894	0.349550499558
-ܡܝܥ	0.578313253012	0.0873493975903	0.0361445783132	0.298192771084
-ܕܡܬ	0.394474697835	0.110107584008	0.0318767432594	0.463540974897
-ܐܠܘ	0.211114978092	0.0997559964446	0.00445641303116	0.684672612432
-ܐܠܟ	0.327272727273	0.545454545455	0.0	0.127272727273
-ܐܠܝ	0.882352941176	0.117647058824	0.0	0.0
-ܬܘv	0.46017699115	0.451327433628	0.0088495575221	0.0796460176991
-ܐܠܐ	0.0668192437478	0.0197278606498	0.00914988165894	0.904303013943
-ܐܠܗ	0.772013546798	0.139316502463	0.0101600985222	0.0785098522167
-ܐܠܕ	0.257196790939	0.476639924493	0.0198206701274	0.246342614441
-ܡܠܢ	0.267605633803	0.56338028169	0.105633802817	0.0633802816902
-ܐܓܗ	0.876288659794	0.0	0.0	0.123711340206
-ܡܠܠ	0.762603862087	0.0930529411565	0.0108414828834	0.133501713873
-ܐܓܕ	0.771929824561	0.157894736842	0.0	0.0701754385964
-ܡܠܦ	0.697183098591	0.262787249815	0.00222386953299	0.0378057820608
-ܐܓܐ	0.051282051282	0.846153846154	0.102564102564	0.0
-ܡܠܬ	0.388633209146	0.387647015852	0.157243041858	0.0664767331434
-ܡܠܐ	0.273299935889	0.431240774701	0.0939489496205	0.201510339789
-ܐܓܢ	0.41935483871	0.41935483871	0.0645161290323	0.0967741935484
-ܡܠܗ	0.122704507512	0.704507512521	0.150250417362	0.0225375626043
-ܡܠܚ	0.247603659469	0.461996986834	0.281228847792	0.00917050590622
-ܡܠܘ	0.658411614005	0.245943637916	0.0281810418446	0.067463706234
-ܐܓܪ	0.531413612566	0.342059336824	0.0567190226876	0.0698080279232
-ܡܠܟ	0.491591098237	0.377803417602	0.0307362652803	0.0998692188801
-ܡܠܝ	0.424860444039	0.418884199334	0.0686469022947	0.0876084543317
-ܕܪܥ	0.48870158696	0.404523276393	0.0246404161493	0.0821347204975
-ܒܟܠ	0.057533827981	0.0710936679367	0.0156129143152	0.855759589767
-ܗܘܬ	0.42898776671	0.0295549714635	0.00454390548677	0.53691335634
-ܕܪܫ	0.418124006359	0.347465112171	0.1708178767	0.0635930047695
-ܕܥܬ	0.614625506073	0.193370445344	0.068016194332	0.123987854251
-ܨܒܥ	0.573221757322	0.426778242678	0.0	0.0
-ܒܟܗ	0.771929824561	0.157894736842	0.0701754385965	0.0
-ܒܟܐ	0.538964069062	0.363042463836	0.00279981334578	0.0951936537564
-ܒܟܝ	0.197240821981	0.10286308012	0.0366543523436	0.663241745555
-ܒܟܘ	0.118541033435	0.589665653495	0.255319148936	0.0364741641337
-ܤܚܝ	0.445692883895	0.453183520599	0.101123595506	0.0
-ܫܚܟ	0.624277456647	0.132947976879	0.0173410404624	0.225433526012
-ܫܚܘ	0.183098591549	0.385915492958	0.380281690141	0.0507042253521
-ܫܚܗ	0.807692307692	0.144230769231	0.00961538461538	0.0384615384615
-ܩܦܐ	0.290948275862	0.242456896552	0.294181034483	0.172413793103
-ܤܚܐ	0.5625	0.395833333333	0.0	0.0416666666667
-ܫܚܐ	0.155000330491	0.653615272295	0.160468456126	0.0309159410885
-ܝܠܟ	0.118605797929	0.415016480237	0.0181671900548	0.44821053178
-ܝܠܝ	0.0552785969269	0.0938482073568	0.0500375601428	0.800835635573
