-het	0.0731434257992	0.874611270058	0.0313471824854	0.0208981216569
-hep	0.155291974322	0.0368286755383	0.00550745353872	0.802371896601
-eup	0.460684170837	0.372317817234	0.143963803387	0.0230342085419
-eus	0.0136843325989	0.966369013104	0.00417488113185	0.0157717731648
-aja	0.0347840456767	0.884413012957	0.0163563493043	0.064446592062
-hel	0.0948506431249	0.0278034351376	0.0537552488702	0.823590672867
-hem	0.131837949187	0.820096131838	0.00549324788281	0.0425726710918
-hen	0.654735139532	0.135663164032	0.0134943777344	0.196107318702
-cap	0.779411764706	0.161764705882	0.0441176470588	0.0147058823529
-hia	0.185611595743	0.665057786831	0.029446929106	0.11988368832
-rbe	0.010152284264	0.989847715736	0.0	0.0
-hek	0.18246049337	0.617683992345	0.151119953402	0.0487355608844
-aan	0.180505415162	0.700876740588	0.0876740587932	0.0309437854564
-hee	0.483275078042	0.204938909878	0.0708654284402	0.24092058364
-kho	0.0387596899225	0.916943521595	0.0132890365449	0.031007751938
-hea	0.433389770773	0.303924864391	0.0772383120741	0.185447052761
-lem	0.0102229802294	0.966915135285	0.00339237908958	0.0194695053965
-aup	0.372845953003	0.321671018277	0.14046997389	0.16501305483
-aus	0.134875786331	0.83100543768	0.0255890819917	0.00852969399721
-aut	0.367176634214	0.490959666203	0.0625869262865	0.0792767732963
-oip	0.45206391478	0.312916111851	0.0426098535286	0.19241011984
-aua	0.798245614035	0.131578947368	0.0526315789474	0.0175438596491
-ang	0.116930985617	0.638770528694	0.0879530079818	0.156345477707
-zim	0.0	1.0	0.0	0.0
-aud	0.0107774798928	0.959624664879	0.00321715817694	0.0263806970509
-auk	0.357142857143	0.571428571429	0.0714285714286	0.0
-aum	0.186808894635	0.72160491333	0.00538742306086	0.0861987689738
-aul	0.388235294118	0.588235294118	0.0	0.0235294117647
-pla	0.125407818671	0.361742315838	0.152252303818	0.360597561674
-zia	0.0	1.0	0.0	0.0
-dup	0.377049180328	0.44262295082	0.0	0.180327868852
-mun	0.393617021277	0.462765957447	0.063829787234	0.0797872340426
-pup	0.5	0.2421875	0.0703125	0.1875
-pus	0.00438516353005	0.994518545587	0.00109629088251	0.0
-nta	0.0279124931411	0.911968290863	0.0515307565683	0.00858845942805
-yen	0.456553429001	0.299816536136	0.0629098144853	0.180720220378
-kia	0.239322870663	0.377371104356	0.139628793424	0.243677231557
-uan	0.101530421799	0.817842478537	0.0358342665173	0.0447928331467
-uap	0.13391083646	0.230743765173	0.56803133966	0.0673140587067
-uas	0.116504854369	0.601941747573	0.0194174757282	0.26213592233
-pak	0.352456277153	0.538375849393	0.0031190820987	0.106048791356
-pua	0.226739338584	0.0293383572733	0.00760419250722	0.736318111636
-puo	0.0486746234531	0.00915070429571	0.0098156023775	0.932359069874
-puk	0.71875	0.21875	0.0625	0.0
-nme	0.521693614052	0.336396417355	0.0907293241828	0.0511806444108
-kie	0.324503311258	0.198675496689	0.0397350993378	0.437086092715
-nmo	0.584756898817	0.198423127464	0.0394218134034	0.177398160315
-ape	0.0530154591297	0.0535828514702	0.0165146195291	0.876887069871
-kat	0.0269789811055	0.941653112633	0.00619612963188	0.0251717766295
-opo	0.273301737757	0.500789889415	0.0505529225908	0.175355450237
-opi	0.0729956444587	0.902806904339	0.0145184707211	0.00967898048076
-iks	0.0839276828661	0.790014927849	0.0597113949245	0.0663459943606
-ope	0.0652311589613	0.881570614313	0.00189993666878	0.051298290057
-opa	0.129465724722	0.392068658046	0.329580735888	0.148884881344
-dea	0.269466586922	0.116023833372	0.00977488579254	0.604734693913
-gka	0.668615984406	0.167641325536	0.046783625731	0.116959064327
-dee	0.41495544771	0.32075014359	0.0907117300832	0.173582678618
-oku	0.0607371994242	0.853666447474	0.0463637656175	0.0392325874847
-dek	0.272278670566	0.607983839358	0.0132259977287	0.106511492347
-gki	0.0531089725385	0.72144478308	0.119881121092	0.105565123289
-deo	0.879310344828	0.051724137931	0.0344827586207	0.0344827586207
-gku	0.0271301676023	0.709511084962	0.0135650838012	0.249793663635
-ios	0.0382165605096	0.923566878981	0.0382165605096	0.0
-oko	0.0257123545644	0.00813671388845	0.00266708103524	0.963483850512
-des	0.0219557995089	0.907987866532	0.049400548895	0.0206557850643
-oki	0.127998052469	0.189180927084	0.342232315649	0.340588704798
-aka	0.0721330664331	0.513729562469	0.0265224097209	0.387614961377
-imi	0.289029535865	0.60970464135	0.0253164556962	0.0759493670886
-oka	0.260425669213	0.639091506205	0.0462082713958	0.0542745531856
-daa	0.485110990796	0.275582024905	0.135354629128	0.103952355171
-imo	0.537565401459	0.343580652762	0.0748727499841	0.0439811957948
-ido	0.490765821226	0.200443240581	0.0723959615858	0.236394976607
-bit	0.0910623946037	0.75042158516	0.158516020236	0.0
-iop	0.117192291691	0.183372578286	0.454342893661	0.245092236362
-bis	0.108910891089	0.640264026403	0.204620462046	0.046204620462
-bip	0.358002033392	0.540019145186	0.0430463366804	0.0589324847411
-oba	0.191959798995	0.779899497487	0.01608040201	0.0120603015075
-ida	0.0114576702737	0.984723106302	0.0	0.00381922342457
-bie	0.289099526066	0.625592417062	0.0284360189573	0.0568720379147
-tlo	0.402729181246	0.312806158153	0.17844646606	0.106018194542
-gdo	0.357708714199	0.36928702011	0.0658135283364	0.207190737355
-bia	0.123057953144	0.78421701603	0.0478421701603	0.0448828606658
-bin	0.0578730300795	0.867810016812	0.0292957269506	0.0450212261584
-bio	0.0112963959118	0.938676707907	0.0	0.0500268961807
-bil	0.218429451993	0.546931477437	0.0742984795812	0.16034059099
-bim	0.387874588035	0.527331558155	0.0641683218019	0.0206255320078
-rat	0.0522487281468	0.890757348258	0.0325802368668	0.0244136867287
-tle	0.380655226209	0.263650546022	0.0748829953198	0.280811232449
-bii	0.431309904153	0.214057507987	0.172523961661	0.182108626198
-tep	0.0865923925461	0.0528258536686	0.0573123867163	0.803269367069
-eja	0.0553409649554	0.90771823864	0.0117283517101	0.0252124446942
-ter	0.110081112399	0.78707995365	0.050695249131	0.0521436848204
-uta	0.0814479638008	0.615887380593	0.0522875816993	0.250377073906
-ria	0.0276212496712	0.930711506777	0.0110069641547	0.0306602793969
-rim	0.0	1.0	0.0	0.0
-hli	0.540441176471	0.245098039216	0.0600490196078	0.154411764706
-tea	0.0309278350515	0.845360824742	0.0883652430044	0.0353460972017
-ris	0.0672268907563	0.915966386555	0.0	0.0168067226891
-utu	0.059263693505	0.852065249925	0.0677940736307	0.0208769829392
-yol	0.276083373522	0.325306185179	0.244858049848	0.153752391451
-tek	0.33104496384	0.563620165601	0.0571218949796	0.0482129755791
-tel	0.575862068966	0.38275862069	0.0413793103448	0.0
-aku	0.184120314055	0.458918500498	0.121585756939	0.235375428508
-ten	0.392198660012	0.113350635332	0.020997228778	0.473453475878
-jil	0.0564216778025	0.679287305122	0.226429101708	0.0378619153675
-wal	0.471628592483	0.462048636699	0.066322770818	0.0
-mep	0.31338486885	0.209633422857	0.0381818453481	0.438799862945
-mes	0.00558659217876	0.927374301676	0.0670391061452	0.0
-lup	0.446991404011	0.344658207122	0.0352026197299	0.173147769136
-dul	0.132133820635	0.684525482951	0.156030362665	0.0273103337483
-gye	0.411616189735	0.457375323081	0.0199631980472	0.111045289137
-lus	0.0510653673185	0.873376691713	0.00526193934036	0.0702960016277
-lut	0.34892591849	0.27544669745	0.258783376832	0.116844007227
-ari	0.179552534693	0.465024072501	0.0809968847352	0.274426508071
-dum	0.149488739728	0.166614390565	0.0432846120068	0.6406122577
-mee	0.255447371835	0.12993951657	0.0259776988307	0.588635412764
-aru	0.0578592092575	0.913211186114	0.0289296046287	0.0
-luk	0.170575590302	0.111689237126	0.0350209374851	0.682714235087
-mea	0.13944923657	0.269896548692	0.0263756874774	0.56427852726
-lum	0.190922204033	0.544062366811	0.0518742168632	0.213141212293
-mem	0.645264847512	0.229534510433	0.0866773675762	0.0385232744783
-mel	0.184952646302	0.559438125756	0.129214998102	0.12639422984
-meo	0.217280597522	0.54209811577	0.227890001697	0.012731285011
-men	0.409290491795	0.383864701893	0.0410761282193	0.165768678093
-mei	0.0	1.0	0.0	0.0
-mek	0.324462302056	0.356464192862	0.166769085323	0.152304419759
-eko	0.270035494115	0.131141416028	0.0244722585466	0.57435083131
-alu	0.356164383562	0.333333333333	0.214611872146	0.0958904109589
-aya	0.013437849944	0.952220977977	0.0145576707727	0.0197835013065
-phe	0.29093235726	0.162916353055	0.0376722599475	0.508479029738
-ndu	0.425459703156	0.345473886834	0.0841902639177	0.144876146092
-ila	0.218586175864	0.37963486095	0.042382280679	0.359396682507
-nwo	0.503144654088	0.264150943396	0.127044025157	0.105660377359
-yup	0.561181434599	0.240506329114	0.113924050633	0.084388185654
-fos	0.0	1.0	0.0	0.0
-mor	0.0303413400758	0.916561314791	0.0151706700379	0.0379266750948
-plo	0.467157917978	0.357592316609	0.046365292267	0.128884473147
-gon	0.0	1.0	0.0	0.0
-nuh	0.0	1.0	0.0	0.0
-alo	0.209922645028	0.121126776579	0.186999159405	0.481951418989
-baa	0.462090815536	0.431741883761	0.054635014974	0.0515322857286
-tuk	0.152301834545	0.767047421253	0.0546902042229	0.0259605399793
-uba	0.0275229357798	0.97247706422	0.0	0.0
-ufa	0.135778384705	0.790870074132	0.0421381193913	0.0312134217714
-ota	0.291717105022	0.414869227101	0.0659366861084	0.227476981769
-ote	0.305393066058	0.251141389642	0.0511485233271	0.392317020973
-lma	0.490049751244	0.435323383085	0.0497512437811	0.0248756218905
-nhu	0.528169014085	0.338028169014	0.0422535211268	0.0915492957746
-oti	0.0892729402507	0.894139975321	0.00782409642862	0.00876298800007
-iga	0.00348249321639	0.149747208305	0.44546892393	0.401301374548
-nee	0.213332748481	0.110489711321	0.0319029428411	0.644274597357
-oto	0.774487471526	0.168109339408	0.0	0.057403189066
-ume	0.663592136437	0.275459823124	0.0423200043405	0.0186280360986
-nho	0.361914041355	0.232109992422	0.146259608098	0.259716358125
-nhi	0.274333135744	0.651689389449	0.0277415530527	0.0462359217545
-nhe	0.545531252028	0.272733173233	0.0921658986176	0.0895696761212
-umo	0.328898871727	0.56425777693	0.0376379987685	0.0692053525744
-mat	0.209191759113	0.638668779715	0.152139461173	0.0
-ako	0.380194545406	0.348536178493	0.121883992686	0.149385283416
ALL	0.220869295217	0.266901572034	0.0506240262523	0.461605106497
-nai	0.0	1.0	0.0	0.0
-nan	0.490252757873	0.121285469252	0.0176747668759	0.370787005999
-nao	0.555303717135	0.171804170444	0.020398912058	0.252493200363
-nal	0.220456469036	0.700414580614	0.0309285745026	0.0482003758481
-nam	0.0164601942535	0.685970356508	0.00720133498587	0.290368114252
-sis	0.0	1.0	0.0	0.0
-sir	0.0376073034474	0.955034745878	0.00735795067448	0.0
-ake	0.217742553029	0.104449038977	0.00335017995253	0.674458228042
-naa	0.240739088086	0.581306653878	0.0315742580076	0.146380000028
-kio	0.235755585084	0.600732625057	0.0700122646613	0.0934995251977
-kin	0.845728758922	0.110522680175	0.0264793921253	0.0172691687774
-kim	0.0	1.0	0.0	0.0
-kip	0.340761959566	0.356239792162	0.0793778402119	0.22362040806
-kit	0.174057309124	0.605654626282	0.127286474736	0.0930015898573
-nar	0.120159702053	0.785750959822	0.0718812503352	0.0222080877902
-nas	0.0377754459601	0.92759706191	0.01259181532	0.0220356768101
-sia	0.0119357063286	0.969762877301	0.013527133839	0.00477428253143
-aun	0.111111111111	0.888888888889	0.0	0.0
-mos	0.0268456375839	0.959731543624	0.0134228187919	0.0
-gol	0.139952363974	0.569712027027	0.0676104197125	0.222725189287
-goo	0.568319226119	0.298669891173	0.0483675937122	0.0846432889963
-mop	0.344608131998	0.457041838539	0.0861520329994	0.112197996464
-goa	0.154191774893	0.653203762434	0.0243460697199	0.168258392953
-goe	0.791183294664	0.111368909513	0.0417633410672	0.0556844547563
-bal	0.0416666666667	0.958333333333	0.0	0.0
-gog	0.0406976744186	0.941860465116	0.0174418604651	0.0
-lku	0.124982544337	0.464460270912	0.30442675604	0.106130428711
-moe	0.5959161741	0.171950564213	0.12896292316	0.103170338528
-lki	0.0972079594748	0.695493458722	0.115058105538	0.092240476265
-moa	0.293684210526	0.597142857143	0.0442105263158	0.0649624060151
-mon	0.24568199288	0.332810746279	0.0647129540359	0.356794306805
-moo	0.469562517786	0.345717020671	0.120689209117	0.0640312524254
-gop	0.270864525497	0.332710335643	0.129266678456	0.267158460404
-gos	0.112676056338	0.718309859155	0.056338028169	0.112676056338
-mol	0.31063247012	0.526892430279	0.0541583665339	0.108316733068
-mok	0.265638763687	0.303429337321	0.19126056452	0.239671334472
-got	0.132550701928	0.669522329399	0.0411652131472	0.156761755526
-yat	0.188461538461	0.475	0.0	0.336538461538
-lpu	0.28450465707	0.575783234547	0.0762066045723	0.0635055038103
-lka	0.585249042146	0.167624521073	0.0	0.247126436782
-ber	0.0	1.0	0.0	0.0
-bep	0.169117647059	0.610294117647	0.132352941176	0.0882352941177
-eor	0.0357142857143	0.964285714286	0.0	0.0
-bet	0.105628373169	0.754818812644	0.00462606013878	0.134926754048
-eng	0.246589604461	0.333744268522	0.0372731906185	0.382392936399
-bek	0.223245474754	0.351222610353	0.0431883137504	0.382343601143
-ben	0.118797893402	0.0713449294316	0.015652526748	0.794204650418
-beo	0.668369803649	0.0676796319084	0.148386924188	0.115563640255
-lpa	0.340565085772	0.409687184662	0.0	0.249747729566
-yam	0.0959132740602	0.747855248791	0.148510372797	0.0077211043519
-yal	0.0533333333333	0.92	0.0266666666667	0.0
-yan	0.0	1.0	0.0	0.0
-bed	0.27868852459	0.72131147541	0.0	0.0
-bee	0.313166092802	0.216811499153	0.456905503634	0.0131169044106
-iso	0.467422096317	0.113314447592	0.0	0.419263456091
-oho	0.236850985435	0.234388537762	0.167492042646	0.361268434157
-upu	0.706666666667	0.293333333333	0.0	0.0
-isi	0.265100671141	0.709731543624	0.0201342281879	0.00503355704698
-die	0.630390738061	0.369609261939	0.0	0.0
-rea	0.0333064190553	0.880601534114	0.0328522406137	0.0532398062172
-isa	0.19427549195	0.77137745975	0.00214669051879	0.0322003577817
-isy	0.0	0.923076923077	0.0769230769231	0.0
-upa	0.156254753265	0.092511278296	0.0238687020808	0.727365266358
-res	0.0782608695652	0.904347826087	0.00869565217393	0.00869565217391
-ret	0.0470288005833	0.939846882975	0.00291651476485	0.010207801677
-dia	0.35469226504	0.366682838924	0.11817299695	0.160451899085
-haa	0.617585929958	0.353282658252	0.0201023777268	0.0090290340637
-hab	0.0384615384615	0.923076923077	0.0384615384615	0.0
-hae	0.895246666509	0.0749117779409	0.0	0.0298415555503
-oas	0.0140515222482	0.985948477752	0.0	0.0
-mas	0.0198830409357	0.886382623225	0.0807017543859	0.0130325814536
-mar	0.0	1.0	0.0	0.0
-mau	0.739130434783	0.217391304348	0.0434782608696	0.0
-ham	0.0382324627654	0.935752244249	0.0201141104006	0.00590118258446
-han	0.008080882912	0.973316515219	0.00173509910535	0.0168675027635
-hap	0.793901937819	0.0838289317761	0.030022519149	0.0922466112561
-mak	0.110082899557	0.61673414305	0.0372084056295	0.235974551764
-has	0.0	1.0	0.0	0.0
-mam	0.0216704211599	0.836032856813	0.121371489263	0.0209252327643
-mal	0.222565051939	0.492800575954	0.129075388255	0.155558983853
-mao	0.774847645429	0.134404432133	0.0	0.0907479224377
-man	0.448480884019	0.365440549475	0.0977700942657	0.0883084722401
-maa	0.477207396537	0.142088968122	0.0621543914372	0.318549243904
-juh	0.0298879202989	0.183063511831	0.112079701121	0.67496886675
-kii	0.413267593008	0.281488121918	0.244285073958	0.0609592111161
-nku	0.202106305753	0.625056891696	0.125534505159	0.0473022973917
-uno	0.532625579023	0.0769824268463	0.00976620969327	0.380625784437
-uni	0.530140561211	0.220905896336	0.0162782285153	0.232675313937
-hii	0.378875084947	0.284364172109	0.0870462041669	0.249714538777
-une	0.595593843384	0.231235699371	0.00900236312031	0.164168094125
-ung	0.154607961122	0.752489287822	0.0397059612599	0.053196789796
-una	0.358404433188	0.471476248374	0.0920736750175	0.0780456434199
-mfa	0.133333333333	0.866666666667	0.0	0.0
-nke	0.417721518987	0.227848101266	0.0506329113924	0.303797468354
-nka	0.519817904972	0.276617111864	0.0379774179496	0.165587565214
-hil	0.0469082841827	0.839118929136	0.0427510875474	0.0712216991335
-nki	0.246644394934	0.450897913208	0.143469525637	0.158988166221
-ade	0.560558792944	0.215767064964	0.0503266819707	0.173347460121
-tra	0.0192307692308	0.980769230769	0.0	0.0
-gaa	0.637941723497	0.249225046497	0.0889646621203	0.0238685678859
-eon	0.298288209376	0.231147440635	0.041254084961	0.429310265028
-gan	0.33895117364	0.461126987616	0.131530739357	0.0683910993869
-gam	0.168674698795	0.746987951807	0.0843373493976	0.0
-gal	0.399896922398	0.457071029029	0.0244693275336	0.118562721039
-gak	0.67076355815	0.0600706713782	0.0442464280227	0.224919342449
-nlo	0.562913907285	0.388520971302	0.0485651214128	0.0
-gah	0.089108910891	0.425742574257	0.0396039603961	0.445544554456
-iko	0.087087912088	0.896428571428	0.00824175824176	0.00824175824176
-144	0.0147420147419	0.0687960687959	0.0	0.916461916462
-gar	0.043227665706	0.939481268012	0.0172910662824	0.0
-ian	0.0379746835443	0.848101265823	0.113924050633	0.0
-gap	0.16393442623	0.565573770492	0.0737704918033	0.196721311475
-yaa	0.181103871215	0.678037562285	0.127443464929	0.0134151015715
-pna	0.724137931035	0.0827586206896	0.0	0.193103448276
-sni	0.352504638219	0.334157905586	0.117501546073	0.195835910122
-sno	0.31640274873	0.396773229758	0.103376157753	0.183447863759
-ini	0.406392345489	0.292434306167	0.10231948053	0.198853867814
-sem	0.0	1.0	0.0	0.0
-lao	0.089264759918	0.075938064251	0.0587117395822	0.776085436249
-ate	0.523117569353	0.231175693527	0.0554821664465	0.190224570674
-aki	0.0974110953491	0.229212987882	0.0626534696807	0.610722447089
-ane	0.771288130692	0.136909064623	0.0164811334394	0.0753216712447
-ino	0.33198015574	0.239728930266	0.0825724241656	0.345718489829
-lbe	0.114285714286	0.728571428571	0.0285714285714	0.128571428571
-ina	0.29789020933	0.0902712133594	0.0193707722779	0.592467805032
-dis	0.0	1.0	0.0	0.0
-ine	0.391614608453	0.161927619464	0.0483699172456	0.398087854837
-sea	0.0394736842105	0.960526315789	0.0	0.0
-ing	0.127939166614	0.291225165948	0.0432059529547	0.537629714483
-ohe	0.437120680401	0.349015317287	0.0892304198836	0.124633582428
-pwo	0.716845878136	0.283154121864	0.0	0.0
-kni	0.453176296258	0.226102729839	0.151373861503	0.1693471124
-kno	0.401668781414	0.221687643483	0.0587731884808	0.317870386622
-kna	0.540717796826	0.182397879071	0.0476018895306	0.229282434572
-ses	0.0146627565982	0.985337243402	0.0	0.0
-ohi	0.383150880533	0.554378867206	0.0499762018086	0.0124940504522
-kne	0.485258814779	0.0867053001853	0.0323498575099	0.395686027526
-kuu	0.299014913475	0.410739151366	0.17393014841	0.116315786749
-kut	0.00392670157068	0.982329842932	0.0039267015707	0.0098167539267
-kus	0.0315380883067	0.964095099466	0.00291120815139	0.00145560407569
-kur	0.0	1.0	0.0	0.0
-ede	0.224330810447	0.124652321425	0.0208759030775	0.63014096505
-ial	0.0681818181818	0.818181818182	0.113636363636	0.0
-iao	0.119718309859	0.753521126761	0.12676056338	0.0
-edi	0.472501342333	0.247284045813	0.0373027375526	0.242911874301
-iah	0.510133511768	0.366047674697	0.0831354890883	0.0406833244475
-nep	0.426982031964	0.188915747106	0.0539897444603	0.330112476469
--de	0.835616438356	0.118721461187	0.0	0.0456621004566
-nen	0.0453398838754	0.0680264268447	0.0121951752862	0.874438513994
-neo	0.585674788197	0.279304377398	0.0710174518623	0.0640033825425
-kue	0.58041958042	0.335664335664	0.041958041958	0.041958041958
-nem	0.617748751441	0.28774490972	0.0161352285824	0.0783711102574
-fus	0.0	1.0	0.0	0.0
-kua	0.145523282128	0.749447565294	0.0438619845052	0.0611671680733
-edu	0.207784662652	0.303254911934	0.0578184667614	0.431141958654
-kuo	0.198275862069	0.75	0.051724137931	0.0
-kun	0.31240264664	0.401279039466	0.0992522608838	0.18706605301
-kum	0.295096552675	0.502888434982	0.0512128085278	0.150802203815
-kul	0.0703812316715	0.888563049853	0.041055718475	0.0
-aoo	0.0597014925373	0.89552238806	0.0	0.044776119403
-aon	0.308002189169	0.253289838657	0.0677044562132	0.371003515961
-nea	0.121367643303	0.0229663396166	0.00155250871155	0.854113508369
-ban	0.101116145601	0.74585068332	0.0958169491769	0.0572162219027
-eka	0.231786985735	0.0564149727224	0.0253092479251	0.686488793617
-bam	0.164493248771	0.339582511284	0.370860481007	0.125063758938
-aak	0.413907284768	0.294701986755	0.206401766004	0.0849889624724
-uuk	0.427509852884	0.406119317669	0.0758145551912	0.0905562742562
-hok	0.0167714884696	0.784067085954	0.1928721174	0.00628930817611
-eki	0.384052277994	0.31447742731	0.0955377920006	0.205932502696
-noo	0.234258092016	0.61814026464	0.0219021793349	0.125699464009
-hon	0.0279978640344	0.0161657288194	0.0171438888925	0.938692518254
-hol	0.777777777778	0.222222222222	0.0	0.0
-hom	0.0961204802554	0.545422999514	0.337173525806	0.0212829944248
-hor	0.0	1.0	0.0	0.0
-hop	0.563265447733	0.163497900982	0.050307046456	0.22292960483
-hot	0.56161046288	0.346070008976	0.0666752147711	0.0256443133735
-noa	0.454001355451	0.331990926251	0.097164339612	0.116843378686
-mka	0.680542986425	0.180090497738	0.0434389140271	0.09592760181
-elu	0.216494845361	0.388316151203	0.388316151203	0.00687285223366
-bas	0.0377094972067	0.9517380509	0.00682805710739	0.00372439478585
-bap	0.584519088718	0.203016872716	0.124601508436	0.0878625301298
-nya	0.0521739130435	0.873913043478	0.0434782608695	0.0304347826087
-mbu	0.458748221906	0.346169477748	0.195082300345	0.0
-asa	0.217255907675	0.694632716615	0.0137387799963	0.0743725957135
-aso	0.235457063712	0.760387811634	0.0	0.00415512465374
-yep	0.294154862272	0.145584239513	0.207384466773	0.352876431442
-yer	0.0	1.0	0.0	0.0
-mba	0.0271262395118	0.952850877193	0.00629290617849	0.0137299771167
-yek	0.559435862995	0.312122229684	0.0629617192747	0.0654801880457
-nyu	0.141287284144	0.701726844584	0.156985871271	0.0
-mbi	0.0165289256198	0.950413223141	0.0330578512397	0.0
-lta	0.28813559322	0.546610169492	0.0254237288136	0.139830508475
-zor	0.0	1.0	0.0	0.0
-430	0.232142857143	0.0	0.0	0.767857142857
-ras	0.0782454060463	0.907528156491	0.0	0.0142264374629
-ran	0.144144144144	0.855855855856	0.0	0.0
-eri	0.0	1.0	0.0	0.0
-ram	0.0977596741344	0.729124236253	0.136456211813	0.0366598778004
-rak	0.00963172804532	0.893484419263	0.0832861189801	0.013597733711
-rah	0.017740681918	0.802487074646	0.130098334066	0.0496739093705
-300	0.238636363636	0.181818181818	0.340909090909	0.238636363636
-rab	0.0172166427546	0.87087517934	0.0	0.111908177905
-aho	0.482718717158	0.293279960324	0.0934027654776	0.130598557039
-ado	0.302546006008	0.352853684855	0.128612674619	0.215987634518
-pop	0.603409090909	0.260227272727	0.0477272727273	0.0886363636363
-pot	0.497630331754	0.289099526066	0.142180094787	0.0710900473933
-pok	0.536008796042	0.409015942826	0.0549752611325	0.0
-pon	0.433030753287	0.276704666059	0.0701719337237	0.22009264693
-pol	0.068437347238	0.900765846505	0.0136874694476	0.0171093368095
-pom	0.160359748855	0.667741388088	0.0617681995588	0.110130663499
-aza	0.0	0.860465116279	0.0	0.139534883721
-poe	0.410703173615	0.551960174238	0.0	0.0373366521468
-ike	0.0679785330948	0.813953488372	0.0536672629696	0.0644007155635
-boo	0.523958119005	0.231826072917	0.0301320230226	0.214083785056
-laa	0.485948460954	0.326602047599	0.102762489061	0.0846870023862
-ika	0.132232674218	0.625763102323	0.0683048569783	0.173699366481
-nop	0.528998479504	0.119510259777	0.243577658709	0.10791360201
-lam	0.336973478939	0.584503380135	0.0577223088924	0.0208008320333
-lan	0.44061593537	0.35765484286	0.0889382546367	0.112790967134
-nos	0.0	1.0	0.0	0.0
-lah	0.0308699861868	0.669322204367	0.0162744462526	0.283533363194
-lai	0.122842936531	0.736765136005	0.0526469727991	0.0877449546651
-iki	0.10397846745	0.714051360759	0.109644689187	0.0723254826045
-lak	0.100502512563	0.899497487437	0.0	0.0
-aam	0.0543410756428	0.914606881133	0.027946838902	0.00310520432244
-aal	0.416058394161	0.350364963504	0.175182481752	0.0583941605839
-aao	0.041265474553	0.818431911967	0.0825309491059	0.0577716643741
-oup	0.386363636364	0.25	0.0	0.363636363636
-lap	0.480156597835	0.476088124664	0.0244108390266	0.0193444384739
-nom	0.284813470955	0.452671997746	0.0334660231796	0.22904850812
-non	0.276343048757	0.524934556227	0.0780220095883	0.120700385428
-las	0.0291040827126	0.797763938074	0.0630588458772	0.110073133336
-imu	0.2110514198	0.725633154259	0.0518035303146	0.0115118956255
-bok	0.220789171242	0.685608479122	0.0616779466223	0.0319244030136
-boe	0.58041958042	0.258741258741	0.0895104895105	0.0713286713287
-ahi	0.412698412698	0.492063492063	0.0	0.0952380952381
-boa	0.907407407407	0.0925925925926	0.0	0.0
-dop	0.235601980856	0.609715865614	0.114779896915	0.0399022566161
-gel	0.26875699888	0.450167973124	0.267637178052	0.013437849944
-bol	0.162689132956	0.355226747211	0.0498087542153	0.432275365619
-bom	0.204487439084	0.567072699061	0.173018032571	0.0554218292844
-bon	0.289637270305	0.455029474048	0.0849182080101	0.170415047637
-aha	0.0776818742293	0.249075215783	0.517879161529	0.155363748459
-ahe	0.211393765675	0.497939806521	0.153170906485	0.137495521318
-bot	0.2	0.666666666667	0.0	0.133333333333
-dod	0.0350877192982	0.894736842105	0.0350877192982	0.0350877192982
-doe	0.155185566872	0.157059303773	0.0550744810418	0.632680648313
-bop	0.592872742163	0.182003275854	0.0222940079166	0.202829974066
-pye	0.373318017722	0.362214199759	0.16026692922	0.104200853298
-doa	0.469749539624	0.264101733227	0.0846459648929	0.181502762256
-don	0.118636982368	0.550300070052	0.0835245156948	0.247538431885
-ger	0.0	0.970588235294	0.0294117647059	0.0
-dom	0.00477326968973	0.99522673031	0.0	0.0
-dok	0.0	1.0	0.0	0.0
-get	0.8	0.14	0.0	0.06
-gla	0.0267641875652	0.806223887591	0.0678774118177	0.0991345130257
-gle	0.788461538462	0.135817307692	0.0324519230769	0.0432692307692
-sau	0.070707070707	0.742424242424	0.0	0.186868686869
-toa	0.132743362832	0.342920353982	0.298672566372	0.225663716814
-ton	0.25351188579	0.501396292594	0.0942154150442	0.150876406571
-del	0.21696969697	0.389090909091	0.292121212121	0.101818181818
-tol	0.532584652033	0.184618002382	0.170495150587	0.112302194997
-tom	0.116279069767	0.883720930233	0.0	0.0
-tok	0.0614459406458	0.568515025307	0.0330886701654	0.336950363882
-kme	0.511260347346	0.272378672293	0.0394619379971	0.176899042363
-glo	0.388378631678	0.559137769447	0.0314901593252	0.0209934395501
-lfa	0.0209424083769	0.916230366492	0.0628272251309	0.0
-ges	0.025	0.9375	0.0375	0.0
-dus	0.0808602150538	0.84752688172	0.0466666666666	0.0249462365591
-tor	0.0469011725293	0.805695142379	0.147403685092	0.0
-ibi	0.180232558139	0.819767441861	0.0	0.0
-top	0.48311076198	0.455616653574	0.0329929300865	0.0282796543598
-doo	0.303393919561	0.0493797573892	0.00490484196606	0.642321481083
-ola	0.234660098191	0.584511943404	0.0611418561078	0.119686102297
-sai	0.0	0.985157699443	0.0	0.0148423005566
-mpu	0.0297699054084	0.943767956451	0.00132310690704	0.0251390312337
-sam	0.0	1.0	0.0	0.0
-sal	0.1	0.833333333333	0.0	0.0666666666667
-lon	0.325381888169	0.382404668035	0.079896361905	0.212317081891
-ima	0.0418919130054	0.313810464971	0.0518815230298	0.592416098994
-iek	0.642682500873	0.215158924205	0.100943066713	0.0412155082082
-lom	0.706206810172	0.0919093752351	0.0181982089131	0.18368560568
-atu	0.134955351365	0.723204348389	0.0988740779086	0.0429662223373
-iel	0.0535293050263	0.935583378697	0.00816548720739	0.00272182906914
-ien	0.47926488694	0.311710692705	0.0558091348608	0.153215285494
-loe	0.0975609756097	0.878048780488	0.0	0.0243902439024
-der	0.0505263157895	0.922105263158	0.0	0.0273684210526
-loa	0.267133327206	0.141541334288	0.0463919271274	0.544933411379
-ime	0.339010624586	0.512069979602	0.0656997334468	0.083219662366
-lot	0.0	0.950967992995	0.0326880046697	0.0163440023348
-roh	0.00825556353193	0.933058147882	0.0536611629576	0.00502512562814
-los	0.0	0.996108949416	0.0	0.00389105058366
-lop	0.276199622134	0.392393396592	0.0402878584989	0.291119122776
-okh	0.0706015249929	0.836204462016	0.0804857384919	0.0127082744987
-hak	0.0901421961404	0.886722717526	0.00677124478049	0.0163638415528
-hie	0.352941176471	0.438502673797	0.0962566844919	0.112299465241
-ipo	0.502615293944	0.285214380433	0.0563577427435	0.155812582879
-sar	0.11131757338	0.835518392347	0.0350985857335	0.0180654485393
-ipa	0.156365389997	0.103254115845	0.02008006251	0.720300431647
-ipe	0.333333333333	0.406666666667	0.04	0.22
-ewe	0.319914689416	0.552119434817	0.0	0.127965875766
-ewa	0.0	1.0	0.0	0.0
-rdi	0.0	0.956043956044	0.043956043956	0.0
-ewi	0.0517355737342	0.930134866239	0.00265310634535	0.0154764536812
-hki	0.0725319006044	0.16319677636	0.736064472801	0.0282068502351
-awi	0.0473372781065	0.87573964497	0.0295857988166	0.0473372781065
-awa	0.404651162791	0.358139534884	0.195348837209	0.0418604651163
-har	0.0	1.0	0.0	0.0
-ibu	0.071919139562	0.0682475918966	0.00129584035247	0.858537428189
-pki	0.207937402974	0.326343742328	0.248326407864	0.217392446834
-stu	0.26	0.42	0.16	0.16
-kdo	0.318181818182	0.295938104449	0.0	0.385880077369
-pka	0.625773751675	0.101593098547	0.0059573859739	0.266675763804
-til	0.0457102415172	0.0984517623539	0.0280133358181	0.827824660311
-ngi	0.305997748834	0.534611673903	0.0410033767487	0.118387200515
-pku	0.303488505968	0.412365199371	0.161185094216	0.122961200445
-sta	0.0782540548431	0.765506749748	0.0916997687338	0.0645394266748
-oli	0.0681818181818	0.931818181818	0.0	0.0
-red	0.0	1.0	0.0	0.0
-ium	0.124548568087	0.433609655863	0.0114615246706	0.43038025138
-ngo	0.341951754114	0.519632296216	0.0372553734866	0.101160576183
-iok	0.270873786408	0.666019417476	0.057281553398	0.00582524271845
-lek	0.440937959164	0.395228307386	0.087878471581	0.075955261869
-ois	0.0	1.0	0.0	0.0
-ion	0.210931700232	0.626035623583	0.0717652954617	0.0912673807238
-len	0.785002460246	0.0401885754345	0.0108502944167	0.163958669903
-leo	0.469696969697	0.318181818182	0.0238095238095	0.188311688312
-mum	0.353337140937	0.0468817143495	0.0472419070176	0.552539237696
-lea	0.0115526341998	0.965541280749	0.0142416094015	0.00866447564984
-sad	0.0	1.0	0.0	0.0
-lee	0.363326175839	0.451657499191	0.0755949054329	0.109421419537
-muk	0.0900912479116	0.813520113096	0.0925330934327	0.0038555455597
-leg	0.0	1.0	0.0	0.0
-mut	0.183263598326	0.216002751189	0.113050954319	0.487682696166
-mup	0.0790053656821	0.205562872773	0.0425999236681	0.672831837877
-mus	0.113057048725	0.792959944512	0.0114444251777	0.0825385815848
-mur	0.20399113082	0.666666666667	0.0509977827051	0.0783444198078
-lep	0.593840057637	0.239899689648	0.0502937264465	0.115966526269
-les	0.0333333333333	0.966666666667	0.0	0.0
-iot	0.0	0.994594594595	0.0	0.0054054054054
-fta	0.0152671755725	0.984732824427	0.0	0.0
-eel	0.0	1.0	0.0	0.0
-eeo	0.286843145002	0.113393915448	0.0782299486369	0.521532990913
-een	0.164340663134	0.0844149581639	0.0266634978022	0.7245808809
-eek	0.469417723245	0.217312635688	0.0505962803539	0.262673360712
-bka	0.0692307692308	0.607692307692	0.265384615385	0.0576923076923
-git	0.428571428571	0.514285714286	0.0285714285714	0.0285714285714
-eea	0.0724190870852	0.887701736211	0.0159142254453	0.0239649512588
-gip	0.685546537731	0.220169228113	0.0241754446555	0.070108789501
-ndi	0.659738688038	0.202281740106	0.043629904144	0.0943496677114
-gin	0.243811918644	0.139674708602	0.0165019042497	0.600011468505
-gil	0.118447686923	0.832475857125	0.0435415173112	0.00553493864126
-dos	0.0	1.0	0.0	0.0
-ndo	0.476676629529	0.220510479575	0.0596867120108	0.243126178885
-ali	0.307011298741	0.0289561277489	0.00133748312485	0.662695090385
-nda	0.334811529933	0.292682926829	0.0709534368071	0.30155210643
-ale	0.542174870856	0.0787316578015	0.0123204028111	0.366773068531
-nde	0.55822460098	0.214185265648	0.0434873768705	0.184102756501
-eep	0.427319113665	0.315440043695	0.083160807734	0.174080034906
-gia	0.0570125427594	0.874572405929	0.0684150513113	0.0
-ala	0.114741883806	0.416595988645	0.21016304984	0.258499077709
-lol	0.147073814235	0.483180428135	0.246687054026	0.123058703604
-yot	0.190912767495	0.704685356729	0.0409170071474	0.0634848686283
-yok	0.132973944295	0.856244384546	0.010781671159	0.0
-mla	0.0794319213937	0.18082734704	0.13731318636	0.602427545207
-yon	0.233737241524	0.567072503865	0.0413153048007	0.157874949811
-kpa	0.625300240192	0.374699759808	0.0	0.0
-yoe	0.0898547696165	0.687597952147	0.172395778915	0.0501514993209
-lok	0.278248587571	0.661016949153	0.0437853107344	0.0169491525424
-pee	0.121473614338	0.730169266512	0.067706604713	0.0806505144374
-pea	0.152977605845	0.0550808391902	0.0179484255371	0.773993129428
-wep	0.579998951177	0.33043159054	0.0117468142011	0.077822644082
-pel	0.147318503382	0.759392734583	0.0792954477305	0.0139933143054
-pem	0.0754716981132	0.77358490566	0.132075471698	0.0188679245283
-pen	0.209537860044	0.314399927266	0.123206302188	0.352855910502
-loi	0.0	0.969387755102	0.0	0.0306122448979
-pek	0.770700636943	0.210191082803	0.0	0.0191082802548
-pet	0.319915254237	0.427966101695	0.156779661017	0.0953389830508
-rki	0.443207126949	0.334075723831	0.169265033408	0.0534521158129
-153	0.155844155844	0.103896103896	0.175324675325	0.564935064935
-eli	0.0459770114943	0.954022988506	0.0	0.0
-pep	0.2	0.68	0.12	0.0
-elo	0.0109645638011	0.91848085174	0.0162084856189	0.05434609884
-per	0.0614334470989	0.440273037543	0.498293515358	0.0
-ela	0.208143857347	0.181510361871	0.0484381897772	0.561907591004
-pne	0.208394017445	0.560841985836	0.100076223067	0.130687773652
-hul	0.0194805194805	0.863636363636	0.116883116883	0.0
-nsi	0.0394366197183	0.912676056338	0.0140845070423	0.0338028169014
-uon	0.18691366968	0.297773688307	0.141259206933	0.37405343508
-pno	0.42038443068	0.227886878266	0.0610263703159	0.290702320738
-pni	0.563768147871	0.183384371351	0.132559317927	0.120288162852
-100	0.308636078689	0.23132033792	0.10627182901	0.353771754381
-sye	0.0	1.0	0.0	0.0
-ito	0.143428375854	0.0452739489577	0.136629580684	0.674668094504
-esi	0.0424870939741	0.892640138883	0.0397459911371	0.0251267760062
-esa	0.0555118883867	0.92090784044	0.00589506779328	0.0176852033799
-ite	0.525636296569	0.393827615886	0.0442641091848	0.0362719783598
-one	0.549368993468	0.127728946498	0.0611854030576	0.261716656976
-ita	0.0783896080461	0.0854583731897	0.0146406893154	0.821511329449
-iip	0.411532043376	0.19236691761	0.0554824567512	0.340618582263
-fan	0.042194092827	0.957805907173	0.0	0.0
-666	0.310136157337	0.18154311649	0.0	0.508320726173
-fas	0.0677071883931	0.888766761926	0.0118707408222	0.0316553088591
-uda	0.085694892245	0.847615815374	0.0128966570507	0.0537926353301
-fat	0.02374356945	0.97625643055	0.0	0.0
-ude	0.384259259259	0.171296296296	0.375	0.0694444444444
-udi	0.0348816766738	0.778739304262	0.136234299326	0.050144719738
-uoo	0.195618153365	0.718309859155	0.0234741784038	0.0625978090766
-hum	0.0	1.0	0.0	0.0
-hun	0.00465993564851	0.985354487962	0.0	0.00998557638965
-aop	0.197603563931	0.135163090788	0.133770290337	0.533463054944
-huk	0.386577181208	0.557046979866	0.0241610738255	0.0322147651007
-hud	0.0	1.0	0.0	0.0
-wop	0.176391277348	0.537084701724	0.229942910502	0.0565811104255
-wos	0.30755711775	0.555360281195	0.126537785589	0.0105448154657
-wot	0.0820709172632	0.887298152156	0.0156484101881	0.0149825203929
-iin	0.0842893935847	0.915710606415	0.0	0.0
-hua	0.157894736842	0.796992481203	0.0451127819549	0.0
-abe	0.252019522046	0.405334904073	0.318916189835	0.0237293840458
-wok	0.267324290999	0.469297163995	0.121331689272	0.142046855734
-gad	0.0	1.0	0.0	0.0
-wol	0.25074313349	0.557935273997	0.0336394296736	0.157682162839
-tku	0.339649624598	0.478012155881	0.110833035395	0.0715051841259
-iep	0.236263736264	0.516483516484	0.175824175824	0.0714285714286
-huu	0.422481020635	0.330970895589	0.108132812761	0.138415271015
-abo	0.129032258064	0.870967741936	0.0	0.0
-hup	0.276119402985	0.407960199005	0.0597014925374	0.256218905473
-ron	0.0147058823529	0.977941176471	0.00735294117646	0.0
-hus	0.0512129380054	0.938005390836	0.00539083557954	0.00539083557954
-aea	0.332487197397	0.414136636421	0.109415549603	0.14396061658
-tua	0.0930209569	0.718169236852	0.085755239225	0.103054567023
-tam	0.258262611783	0.457135410728	0.11219885651	0.172403120979
-gba	0.324519230769	0.314903846154	0.1875	0.173076923077
-aee	0.0266806701302	0.922518315919	0.0173165608489	0.0334844531014
-dep	0.395073411333	0.29909382886	0.0391431520991	0.266689607708
-kob	0.03125	0.96875	0.0	0.0
-kol	0.087116001834	0.82009496499	0.0492310322586	0.043558000917
-koo	0.206009590326	0.540628583342	0.0479516313979	0.205410194934
-kon	0.0716237407308	0.0533647806393	0.00552948923594	0.869481989394
-tul	0.0903700954729	0.806005822918	0.0342836441393	0.0693404374699
-ael	0.0814848057444	0.844762148993	0.0200025644313	0.0537504808309
-aeo	0.133274606545	0.708151524207	0.139671023908	0.0189028453409
-aen	0.122657373114	0.0668710851787	0.0119383448717	0.798533196835
-tup	0.524405506884	0.227784730914	0.247809762203	0.0
-kot	0.33500778651	0.138340668744	0.0286077665811	0.498043778164
-son	0.0085898353615	0.984967788117	0.00214745884037	0.00429491768075
-kop	0.51377123993	0.279964518775	0.102196186047	0.104068055248
-kos	0.0	1.0	0.0	0.0
-kor	0.138728323699	0.138728323699	0.0867052023121	0.635838150289
-kta	0.0388601036269	0.0284974093264	0.0155440414508	0.917098445596
-ora	0.0923482849604	0.856053943125	0.0175901495163	0.0340076223981
-ore	0.133986928105	0.398692810458	0.0980392156862	0.369281045752
-tna	0.0	0.758928571429	0.241071428571	0.0
-tne	0.0296505471232	0.896223085069	0.0296505471232	0.0444758206848
-gme	0.0413131979362	0.618115470385	0.0161236561014	0.324447675577
-min	0.208633516453	0.137808954285	0.00277228033012	0.650785248932
-tni	0.413637760484	0.230680808299	0.0731057051021	0.282575726115
-rus	0.0434683801952	0.923843055368	0.00563198440171	0.0270565800351
-won	0.5625	0.3484375	0.0609375	0.028125
-lip	0.381970341814	0.23728161824	0.0527299816224	0.328018058323
-rut	0.0	1.0	0.0	0.0
-lis	0.0771008474095	0.86408110221	0.0045846769308	0.0542333734498
-lim	0.498830177019	0.44157506732	0.0384055092041	0.0211892464574
-lin	0.62641689867	0.114992502678	0.0241730148749	0.234417583777
-ipi	0.201344493508	0.767020365122	0.0138403743492	0.0177947670204
-run	0.00892857142857	0.973214285714	0.0178571428571	0.0
-lii	0.67571442225	0.185797572398	0.118417279939	0.0200707254134
-lik	0.155245552856	0.635615360394	0.127092214255	0.0820468724941
-lie	0.528634361234	0.372246696035	0.0594713656387	0.0396475770925
-oma	0.148027331762	0.620096914991	0.181275981668	0.0505997715782
-adi	0.0	1.0	0.0	0.0
-ruf	0.138461538462	0.653846153846	0.161538461538	0.0461538461538
-lia	0.0318865731972	0.114969047622	0.0139756194598	0.839168759721
-ome	0.369695544693	0.479065368842	0.0828214044929	0.0684176819723
-lni	0.585271184523	0.199896644323	0.0554298472447	0.159402323909
-eas	0.00318302387269	0.99575596817	0.0	0.00106100795756
-mhe	0.34693877551	0.571428571429	0.0816326530612	0.0
-odu	0.570133587786	0.323234732824	0.0286259541984	0.0780057251908
-lno	0.344642298727	0.231524428002	0.16547768369	0.25835558958
-woe	0.0556172345742	0.516581009755	0.1125873208	0.315214434871
-lne	0.359568001035	0.159930155856	0.298131022441	0.182370820669
-abi	0.0352349335017	0.87089592553	0.0549875421767	0.0388815987912
-oda	0.0	1.0	0.0	0.0
-rne	0.0204081632653	0.877551020408	0.0	0.102040816327
-ode	0.508327718132	0.208411426383	0.0387170171739	0.244543838311
-rna	0.0	1.0	0.0	0.0
-odi	0.347239960267	0.297999148574	0.191570881226	0.163190009933
-eam	0.0709219858156	0.900709219858	0.0212765957447	0.00709219858156
-odo	0.307719730729	0.256653076704	0.0588110363137	0.376816156253
-zer	0.0	1.0	0.0	0.0
-eho	0.373016676461	0.281203114987	0.0924538052867	0.253326403265
-lwe	0.399305555555	0.579861111111	0.0	0.0208333333333
-kyu	0.399642644431	0.437164979154	0.0536033353187	0.109589041096
-ehi	0.353919021452	0.389598326167	0.104147793898	0.152334858483
-ura	0.0425531914894	0.792907801418	0.0765957446808	0.0879432624113
-sne	0.637168141593	0.144542772861	0.0825958702065	0.135693215339
-rga	0.0	1.0	0.0	0.0
-kye	0.63424007963	0.205476421985	0.0666073740916	0.0936761242932
-koa	0.191811675809	0.520943074073	0.0436662186217	0.243579031496
-ehu	0.0	1.0	0.0	0.0
-uru	0.0546459528496	0.920648214061	0.00251245760228	0.0221933754868
-nci	0.0186625194401	0.950233281493	0.0311041990669	0.0
-pah	0.0	0.824175824176	0.175824175824	0.0
-ros	0.0857142857143	0.414285714286	0.5	0.0
-apa	0.249181813166	0.444161471023	0.0314206975859	0.275236018225
-pal	0.0	1.0	0.0	0.0
-duu	0.359374814134	0.277647145573	0.0577719481428	0.30520609215
-pan	0.711038961039	0.171266233766	0.0	0.117694805195
