-мах	0.348206210431	0.512059089539	0.0673801627977	0.0723545372324
-циб	0.169993260921	0.0710274121938	0.0778328906684	0.681146436217
-мат	0.258948936541	0.5058541674	0.093662972646	0.141533923413
-мас	0.275675675676	0.724324324324	0.0	0.0
-мар	0.186759967695	0.690168860782	0.0297083106217	0.0933628609018
-ссе	0.317880794702	0.682119205298	0.0	0.0
-дол	0.122807017544	0.877192982456	0.0	0.0
-док	0.0	1.0	0.0	0.0
-ций	0.0	0.96404494382	0.0359550561798	0.0
-дом	0.0135135135135	0.986486486487	0.0	0.0
-маш	0.110517761783	0.570466682145	0.0545623403762	0.264453215695
-туб	0.486076650421	0.261541869739	0.156236154187	0.0961453256535
-тув	0.841312254138	0.109700883248	0.0267201068804	0.0222667557337
-туз	0.462090280141	0.247646591811	0.0526964954066	0.237566632642
-тук	0.0	0.979166666667	0.0	0.0208333333333
-тул	0.225680933852	0.607003891051	0.0739299610895	0.0933852140078
-тум	0.143887945671	0.789898132428	0.00509337860781	0.0611205432937
-тун	0.0782978723404	0.891063829787	0.0306382978723	0.0
-сси	0.297540498858	0.32866403052	0.114046175076	0.259749295546
-аон	0.142857142857	0.285714285714	0.571428571429	0.0
-дон	0.0140679953107	0.985932004689	0.0	0.0
-маъ	0.456824512535	0.208913649025	0.300835654596	0.033426183844
-аоф	0.352993744415	0.611260053619	0.0357462019661	0.0
-тур	0.547627671134	0.297718218037	0.0418326693227	0.112821441507
-тус	0.0915032679738	0.908496732026	0.0	0.0
-туъ	0.287788436609	0.611096707286	0.0466683951257	0.0544464609801
-дос	0.0	1.0	0.0	0.0
-маж	0.409429280397	0.511166253102	0.00992555831264	0.0694789081886
-цир	0.319126797127	0.156056736788	0.0792913153146	0.44552515077
-ман	0.203154772215	0.38480859172	0.223941191755	0.18809544431
-мам	0.552368343201	0.0648619757462	0.00710704268251	0.37566263837
-мал	0.586923895146	0.340657739439	0.0368648821927	0.0355534832214
-мак	0.598644578313	0.365963855422	0.00903614457832	0.0263554216867
-кра	0.273953902328	0.6007152758	0.0643115811166	0.0610192407555
-ача	0.510212057015	0.142732265164	0.0700549168021	0.277000761019
-кри	0.309283076531	0.540965236215	0.075385203107	0.0743664841463
-ачи	0.0	0.92	0.08	0.0
-ачу	0.584656084656	0.246031746032	0.0727513227513	0.0965608465608
-кру	0.503283302064	0.261569731082	0.0569105691057	0.178236397749
-ачі	0.221765913758	0.778234086242	0.0	0.0
-сло	0.0289855072464	0.95652173913	0.0	0.0144927536232
-іву	0.443750562945	0.0949049749302	0.016317891134	0.445026570991
-фан	0.109695038689	0.74010013655	0.0436959490214	0.10650887574
-фал	0.111165918743	0.87535942444	0.010105992613	0.00336866420433
-ьфа	0.0	1.0	0.0	0.0
-іру	0.169990765571	0.201733783034	0.169908704754	0.45836674664
-рив	0.362869198312	0.101265822785	0.0253164556962	0.510548523207
-риб	0.0886091961293	0.647966605528	0.0303586110935	0.233065587249
-риз	0.176241931264	0.372843304321	0.0561237878055	0.39479097661
-риж	0.644859813084	0.224299065421	0.130841121495	0.0
-ниб	0.639299646194	0.0989227070671	0.0835072121927	0.178270434546
-рик	0.433779948069	0.390341737579	0.0782061592352	0.0976721551167
-рий	0.0	0.98224852071	0.0	0.0177514792899
-бжу	0.581218274112	0.197969543147	0.210659898477	0.010152284264
-яра	0.300004452756	0.502916555348	0.109804969276	0.0872740226199
-рин	0.132505563826	0.519487583572	0.0739044627377	0.274102389865
-ний	0.0747663551402	0.915887850467	0.00934579439252	0.0
-рит	0.048465266559	0.81098546042	0.0	0.140549273021
-рир	0.298865910607	0.402268178786	0.261507671781	0.0373582388259
-рич	0.431799422204	0.27393726785	0.125051588939	0.169211721007
-нир	0.390049780904	0.308880078696	0.14412615137	0.15694398903
-риф	0.520512779629	0.289267662675	0.0471961350192	0.143023422677
-риъ	0.255461506619	0.506008671313	0.0369285769072	0.201601245161
-вгъ	0.497191011236	0.426966292135	0.00842696629213	0.067415730337
-риш	0.139131154822	0.595475362892	0.0213545086741	0.244038973613
-рия	0.0104529616725	0.963165754106	0.0233947237432	0.00298656047785
-ниш	0.398353062275	0.215645908389	0.0926402470407	0.293360782295
-паж	0.3140625	0.5734375	0.0375	0.0749999999999
-іри	0.388396892175	0.181120669904	0.0781393586461	0.352343079274
-фат	0.0	1.0	0.0	0.0
-фар	0.310811155189	0.362133066035	0.017045953285	0.310009825491
-еин	0.0	1.0	0.0	0.0
-иял	0.57231422152	0.129441624365	0.00699009736207	0.291254056753
-слу	0.704771371769	0.18986083499	0.0815109343937	0.0238568588469
-уфт	0.270924467775	0.209973753281	0.0349956255468	0.484106153398
-фси	0.348800505051	0.200757575758	0.0479797979798	0.402462121212
-лра	0.28775601199	0.549030565577	0.0733457340543	0.0898676883788
-ишв	0.114378383745	0.6237323717	0.0226167467049	0.23927249785
-ише	0.298418972332	0.52371541502	0.130434782609	0.0474308300395
-йди	0.88188976378	0.11811023622	0.0	0.0
-ишу	0.832214765101	0.0402684563759	0.0604026845637	0.0671140939597
-йда	0.13521902378	0.762553191489	0.0241301627034	0.0780976220276
-гар	0.0702928058949	0.875896839248	0.0494473531123	0.0043630017452
-гаф	0.157621266593	0.653023276738	0.0152953922631	0.174060064406
-гаш	0.0929063848979	0.127697957606	0.721409702983	0.0579859545133
-ужв	0.542982323614	0.0672306995015	0.00271944402477	0.38706753286
-666	0.0178571428571	0.0	0.0	0.982142857143
-яиф	0.0683722981914	0.0741067490075	0.795324217027	0.0621967357742
-ийи	0.497509528965	0.192464214731	0.0776198169545	0.232406439349
-ьбх	0.540229885058	0.399425287356	0.0	0.0603448275862
-нти	0.42981588584	0.311199023493	0.141276175873	0.117708914794
-бшу	0.40779768177	0.178082191781	0.18018967334	0.233930453109
-бши	0.222736586476	0.333308036731	0.0250436366396	0.418911740153
-нту	0.0862068965517	0.853448275862	0.0603448275862	0.0
-зуъ	0.17684194852	0.12550106238	0.0155606874979	0.682096301602
-тта	0.057761732852	0.942238267148	0.0	0.0
-ягъ	0.176852573613	0.702136085896	0.0545651135307	0.0664462269607
-ьпу	0.593908629442	0.284263959391	0.0609137055838	0.0609137055837
-яил	0.0	1.0	0.0	0.0
-айд	0.235081374322	0.566003616637	0.162748643761	0.0361663652803
-айи	0.243590706775	0.292200593838	0.0290021110035	0.435206588383
-ужу	0.043615676359	0.0295942995058	0.189518446156	0.73727157798
-рсу	0.39941879238	0.187278010978	0.0774943493703	0.335808847272
-гав	0.0	1.0	0.0	0.0
-гад	0.754929577465	0.23661971831	0.00845070422535	0.0
-гай	0.44207951587	0.346920046386	0.0219064148741	0.18909402287
-йки	0.521213563984	0.158096598424	0.0522139342962	0.268475903296
-ган	0.330460004333	0.139574793609	0.0292342515249	0.500730950532
-зки	0.717814871533	0.0974538850459	0.0395546671691	0.145176576252
-ипр	0.208633093525	0.532374100719	0.0143884892086	0.244604316547
-чим	0.383333333333	0.413333333333	0.0525	0.150833333333
-чин	0.125	0.784090909091	0.0	0.0909090909091
-чил	0.0666152829773	0.901453424356	0.025324818322	0.00660647434488
-чиз	0.679389312977	0.18320610687	0.0229007633588	0.114503816794
-чиб	0.0729261622607	0.653600729262	0.136736554239	0.136736554239
-чив	0.0934763745365	0.872209513292	0.0272146406878	0.00709947148379
-тіъ	0.785757031718	0.178336325554	0.00359066427289	0.032315978456
-аці	0.0780866093366	0.577165233415	0.020730958231	0.324017199017
-зуз	0.306578003858	0.0533485792763	0.0141353979491	0.625938018917
-жна	0.211622312434	0.144715080439	0.0334536159976	0.610208991129
-юше	0.138461538462	0.815384615385	0.0461538461539	0.0
-зуб	0.497087509148	0.364457156513	0.111346765642	0.0271085686974
-жну	0.344634525661	0.452566096423	0.096267496112	0.106531881804
-аци	0.181479594188	0.0525921696827	0.0494977318557	0.716430504274
-чиш	0.0627527541487	0.693766559755	0.193278482778	0.0502022033189
-чир	0.151865008881	0.719360568384	0.0399644760213	0.088809946714
--за	0.632911392405	0.139240506329	0.151898734177	0.0759493670887
-ібу	0.117728319263	0.394934765925	0.297006907137	0.190330007675
-рлу	0.286446597566	0.277151870212	0.289375844975	0.147025687247
-кас	0.0528923428723	0.516810551956	0.00238612073108	0.427910984441
-кар	0.155954611597	0.665785610868	0.0812579456551	0.0970018318801
-кат	0.421994884911	0.152173913043	0.210997442455	0.214833759591
-каф	0.460532461467	0.49042503503	0.0	0.049042503503
-кач	0.528571428571	0.428571428572	0.0428571428572	0.0
-каш	0.356796513212	0.340452192863	0.0248978479978	0.277853445928
-каъ	0.0180342651037	0.981965734896	0.0	0.0
-ъли	0.235868527644	0.423969969815	0.265086040092	0.0750754624494
-сиш	0.571533506611	0.210221493954	0.0679455305684	0.150299468866
-ьчу	0.409090909091	0.352272727273	0.0340909090909	0.204545454545
-сир	0.240051602894	0.369390556425	0.115084456327	0.275473384354
-пру	0.39471987102	0.343669667249	0.0699090868377	0.191701374894
-сил	0.133904624845	0.68947471708	0.0	0.176620658075
-сий	0.10861423221	0.823970037453	0.0449438202247	0.0224719101124
-при	0.489667026422	0.303873366111	0.0477675180877	0.158692089379
-сим	0.0	1.0	0.0	0.0
-син	0.0528525670129	0.0408229720802	0.0168765009597	0.889447959947
-сиб	0.216455999591	0.423338663859	0.308291651769	0.0519136847813
-пра	0.333333333333	0.596774193548	0.0295698924731	0.0403225806452
-ълу	0.248472505092	0.386965376782	0.270875763747	0.0936863543788
-кай	0.296360443578	0.481369223738	0.123483518158	0.0987868145261
-кан	0.255925451137	0.324195011922	0.0496265515221	0.370252985419
-кам	0.348730062459	0.197146231685	0.140326236154	0.313797469701
-югь	0.0276626288369	0.884591189896	0.017850326091	0.0698958551758
-вва	0.0319829424307	0.835820895522	0.0	0.132196162047
-югъ	0.455544748378	0.119009233475	0.170039838514	0.255406179633
-рке	0.0168776371308	0.57805907173	0.379746835443	0.0253164556962
-кди	0.143997934875	0.661207801186	0.026211653514	0.168582610424
-ред	0.0	1.0	0.0	0.0
-хав	0.0	0.973154362416	0.0268456375839	0.0
-хаб	0.0704845814978	0.929515418502	0.0	0.0
-хам	0.215053763441	0.659498207885	0.125448028674	0.0
-хан	0.547875488224	0.366907326311	0.0603621730382	0.0248550124275
-фру	0.0853658536585	0.914634146342	0.0	0.0
-рей	0.0115070527097	0.975129918337	0.00556792873051	0.0077951002227
-рек	0.0280289330923	0.146473779385	0.811934900542	0.0135623869801
-хай	0.349236530141	0.165033662521	0.149104596341	0.336625210997
-ічи	0.0823529411765	0.835294117647	0.0	0.0823529411765
-іча	0.372003835091	0.395014381592	0.0143815915628	0.218600191754
-ейи	0.00630220234573	0.973147137831	0.0	0.020550659823
-лзи	0.00679501698752	0.646659116648	0.346545866365	0.0
-лза	0.229061553986	0.224016145308	0.133198789102	0.413723511605
-ейъ	0.268195413759	0.524426719841	0.0817547357927	0.125623130608
-хяд	0.016928828384	0.956090851379	0.023806164915	0.003174155322
-276	0.0	0.132075471698	0.0	0.867924528302
-ічу	0.736543909348	0.263456090652	0.0	0.0
-хац	0.0902255639098	0.864661654135	0.0451127819549	0.0
-хач	0.0810023310023	0.861305361305	0.0367132867133	0.020979020979
-рец	0.0	1.0	0.0	0.0
-лси	0.239033201445	0.512902115947	0.136074316188	0.11199036642
-рет	0.018630693328	0.973088998526	0.00828030814575	0.0
-хас	0.0940298507463	0.632835820896	0.144776119403	0.128358208955
-хая	0.00677966101695	0.993220338983	0.0	0.0
-рея	0.315789473684	0.644736842105	0.0394736842105	0.0
-хаъ	0.243523316062	0.274611398964	0.357512953368	0.124352331606
-фра	0.294066590286	0.543880845745	0.0842828871992	0.0777696767698
-бзу	0.321492472853	0.539224457058	0.0518262586377	0.0874568114511
-руч	0.0	0.90639625585	0.0468018720749	0.0468018720749
-рур	0.306699362517	0.324797454128	0.0971638049901	0.271339378365
-руш	0.464467404809	0.204107387179	0.073265578289	0.258159629723
-ахи	0.312929623568	0.39705400982	0.0549918166939	0.235024549918
-лкь	0.131803010694	0.746483550167	0.00587494039915	0.11583849874
-веъ	0.0712523133868	0.119987661937	0.772671190623	0.0360888340531
-нкь	0.683347966052	0.246414983904	0.0210711150132	0.0491659350307
-’ар	0.336459554513	0.638921453693	0.0	0.0246189917937
-нки	0.0818956557888	0.0523799625857	0.0282685512368	0.837455830389
-вел	0.06167086262	0.784586282679	0.00347441479549	0.150268439905
-вен	0.0379960596679	0.549676329862	0.408105826063	0.00422178440753
-лки	0.446179311708	0.222472021148	0.0159102700299	0.315438397114
-лке	0.151948692649	0.559940799211	0.0207202762704	0.26739023187
-ахт	0.108383101084	0.613063015867	0.0123400738076	0.266213809241
-ахь	0.221777236539	0.203243878994	0.0402669469854	0.534711937481
-ахш	0.297543723028	0.123105876245	0.190304682177	0.38904571855
-ахъ	0.234717131641	0.253303334258	0.0407406130999	0.471238921001
-руд	0.0	0.666666666667	0.333333333333	0.0
-руг	0.129050925926	0.670717592593	0.0381944444444	0.162037037037
-руб	0.335164209953	0.323482309588	0.149820561095	0.191532919365
-рум	0.497934540833	0.0921512551637	0.108039402606	0.301874801398
-рун	0.147202183186	0.0293118560678	0.0602889159036	0.763197044843
-рук	0.0	1.0	0.0	0.0
-ола	0.120805369128	0.798657718121	0.0805369127517	0.0
-сей	0.0447469003449	0.932879649483	0.0	0.0223734501725
-ден	0.0259005670345	0.89386486884	0.0151971781338	0.065037385992
-ьта	0.0772532188841	0.871244635193	0.0	0.0515021459228
-бат	0.476238854026	0.436140699119	0.0522971842983	0.0353232625565
-род	0.00977729494841	0.954915806627	0.0146659424226	0.0206409560022
-бар	0.275629539651	0.47649493572	0.0485611659725	0.199314358657
-ров	0.0606060606061	0.818181818182	0.0	0.121212121212
-рон	0.0096540627514	0.990345937249	0.0	0.0
-еси	0.0	0.0995260663507	0.900473933649	0.0
-баш	0.0641907381934	0.794589637781	0.141219624026	0.0
-еск	0.0	1.0	0.0	0.0
-баб	0.0565161811209	0.788064320797	0.147345757922	0.00807374016013
-рос	0.314049586777	0.586776859504	0.0	0.099173553719
-баз	0.36372429665	0.457325350633	0.0562747027333	0.122675649984
-бак	0.382140615191	0.430006277464	0.0889830508475	0.0988700564972
-бал	0.0958662331631	0.709057129587	0.0	0.19507663725
-бай	0.00619391202314	0.945217838669	0.000380150083253	0.0482080992243
-бан	0.36353699904	0.278323328922	0.0473746197308	0.310765052308
-хем	0.0	1.0	0.0	0.0
-сес	0.111661057216	0.853890318749	0.0118788358741	0.0225697881608
-сер	0.177838290742	0.624214495182	0.153958944282	0.0439882697947
-лда	0.0	0.0612244897959	0.755102040816	0.183673469388
-сеъ	0.0917686318131	0.858175750834	0.0500556173526	0.0
-лди	0.226055251605	0.142405178304	0.120640629634	0.510898940456
-сея	0.181818181818	0.714285714286	0.0	0.103896103896
-іну	0.339196071539	0.0734140051122	0.0429051077987	0.54448481555
-шну	0.648321589081	0.184904473913	0.0186261998557	0.148147737151
-шна	0.187077571774	0.6575928567	0.0706889068022	0.0846406647237
-іли	0.298945874623	0.219276546318	0.428852611986	0.0529249670738
-’ан	0.240218200135	0.446594742477	0.0381522748544	0.275034782534
-’ям	0.0122907018169	0.884039900249	0.00106875667973	0.102600641254
-іла	0.586776859504	0.264462809917	0.0991735537189	0.0495867768595
-уди	0.165759673234	0.151513109059	0.0797262240878	0.603000993619
-уда	0.0497752087347	0.86159280668	0.0468850353243	0.0417469492614
-ьна	0.251124615534	0.315456228668	0.0373956035602	0.396023552238
-ьне	0.017793594306	0.119810201661	0.744958481613	0.11743772242
-мра	0.280474649407	0.597267170083	0.0629270046746	0.059331175836
-мри	0.403890600925	0.24749614792	0.0828197226502	0.265793528505
-яда	0.0	1.0	0.0	0.0
-сру	0.384074695762	0.443506084767	0.0705518254302	0.101867394041
-ипа	0.936470588235	0.0352941176471	0.0	0.0282352941176
-пир	0.0508572948324	0.737180748059	0.0905638005214	0.121398156588
-пис	0.12776313679	0.313684471239	0.344516946687	0.214035445284
-тіи	0.0587256225859	0.115315767987	0.0229563797381	0.803002229689
-яди	0.555091029968	0.0874258463741	0.0189718216222	0.338511302035
-пия	0.0777202072539	0.704663212435	0.0932642487047	0.124352331606
-пиш	0.0844921379251	0.0221016371009	0.0022958953582	0.891110329616
-зур	0.281205614889	0.0984634681718	0.145106647237	0.475224269702
-пиъ	0.116504854369	0.796116504854	0.0873786407767	0.0
-тіа	0.206510325516	0.572278613931	0.11620581029	0.105005250263
-зун	0.149769585253	0.809907834101	0.0403225806451	0.0
-ипу	0.293174188735	0.427079447967	0.0503543453935	0.229392017904
-сра	0.211986448987	0.13857935946	0.0450050115204	0.604429180032
-пиз	0.204692871021	0.0229861007323	0.0318338066059	0.740487221641
-пиб	0.208638059395	0.223626472957	0.102223610038	0.46551185761
-зук	0.263497938379	0.157137755268	0.220772052855	0.358592253498
-пин	0.0335783456328	0.0375268909552	0.0478957500246	0.880999013387
-сри	0.161931818182	0.752367424242	0.0785984848485	0.00710227272728
-тіу	0.474017224208	0.380280039838	0.0502079793778	0.0954947565763
-пик	0.174183720776	0.0982846546129	0.109278760183	0.618252864428
-ьну	0.442779793763	0.172457914719	0.01270194218	0.372060349338
-мру	0.222749017598	0.488403382881	0.0646036220742	0.224243977447
-бту	0.748375812094	0.165417291354	0.0112443778111	0.0749625187406
-апи	0.924618442309	0.0121960292492	0.000637700875778	0.0625478275657
-’ят	0.19669327252	0.5330672748	0.2417331813	0.0285062713797
-’яс	0.0021052631579	0.993684210526	0.0	0.00421052631579
-зим	0.382578796562	0.242750716332	0.0604011461318	0.314269340974
-зин	0.0	1.0	0.0	0.0
-зик	0.377850162866	0.524429967427	0.0195439739414	0.0781758957654
-зил	0.0354545454545	0.882727272727	0.0818181818182	0.0
-зиз	0.692468619247	0.169456066946	0.0251046025105	0.112970711297
-зиб	0.36974789916	0.403361344538	0.0	0.226890756303
-зиг	0.505541346974	0.412617220801	0.0204603580563	0.0613810741688
-деб	0.170842824601	0.364464692483	0.419134396355	0.0455580865604
-ату	0.554761904762	0.445238095238	0.0	0.0
-кси	0.181637576274	0.504469987229	0.0343408542642	0.279551582233
-мбу	0.120057567526	0.436164686649	0.164852460545	0.278925285279
-ами	0.086651225862	0.487027569412	0.230019838893	0.196301365832
-іни	0.0854835740025	0.830874036666	0.017359741182	0.0662826481496
-афа	0.239344262295	0.465573770492	0.048087431694	0.246994535519
-іна	0.652535373616	0.149491844366	0.0667210164262	0.131251765592
-афи	0.507326765461	0.0235118801225	0.00670585313353	0.462455501283
-пол	0.0	1.0	0.0	0.0
-зия	0.0	1.0	0.0	0.0
-зиш	0.511217722591	0.0908706081557	0.114764122102	0.283147547152
-зиъ	0.219140083218	0.633841886269	0.147018030513	0.0
-яят	0.347750865052	0.349480968858	0.233564013841	0.0692041522492
-юни	0.151691948658	0.813302217036	0.0	0.0350058343057
-лли	0.1	0.814285714286	0.0857142857142	0.0
-лла	0.0450919181408	0.911550468262	0.0176899063476	0.0256677072494
-лле	0.0810252170318	0.866887143448	0.0520876395204	0.0
-ьхю	0.139071782221	0.148429039501	0.218336003211	0.494163175067
-ода	0.0	1.0	0.0	0.0
-рта	0.0	1.0	0.0	0.0
-ъни	0.644930985245	0.240837696335	0.0856734888149	0.028557829605
-ъна	0.329153273508	0.489546321977	0.0823951484846	0.098905256031
-ртт	0.205147058823	0.706617647059	0.0882352941177	0.0
-ъну	0.614878216211	0.137972548969	0.0344153668941	0.212733867927
-ска	0.0785798198668	0.677457251012	0.167210546926	0.0767523821955
-рті	0.424564796905	0.117021276596	0.0406189555126	0.417794970986
-ллу	0.238511360132	0.200986943559	0.228230698057	0.332270998252
-вда	0.308656036446	0.580296127563	0.0	0.111047835991
-нлу	0.0155172413793	0.881034482759	0.0689655172414	0.0344827586207
-вди	0.278149366809	0.157254061375	0.0366097428565	0.52798682896
-бби	0.391304347826	0.347826086957	0.0	0.260869565217
-дши	0.0288288288288	0.902702702703	0.018018018018	0.0504504504505
-шву	0.709923664122	0.106870229008	0.0916030534351	0.0916030534351
-низ	0.241057255713	0.625899811732	0.0553730296431	0.0776699029126
-іси	0.0256647755779	0.687815985489	0.12156998958	0.164949249353
-нид	0.139534883721	0.558139534884	0.0697674418605	0.232558139535
-лед	0.164948453608	0.740135087096	0.0593672236047	0.0355492356914
-елз	0.0542635658915	0.84778012685	0.0958421423537	0.00211416490486
-еле	0.159970917406	0.050156374444	0.0104249629299	0.77944774522
-яри	0.192528735632	0.630387931035	0.122126436782	0.0549568965517
-ели	0.0260054365275	0.930545151003	0.00256843817555	0.0408809742942
-лей	0.0191623544631	0.949062095731	0.00590232858991	0.0258732212161
-леу	0.602972399151	0.063694267516	0.290870488323	0.0424628450106
-лет	0.142669296515	0.687442472058	0.0544378698225	0.115450361604
-лер	0.136378425751	0.829938267826	0.0160767795012	0.0176065269223
-рид	0.0502974736297	0.41281292214	0.00114965654011	0.535739947691
-нин	0.113325751681	0.654206819497	0.0532345058292	0.179232922993
-ник	0.0933305798506	0.860102636881	0.000895515062853	0.0456712682056
-лча	0.249722530522	0.281908990011	0.0366259711432	0.431742508324
-дму	0.0397256478154	0.0227287565608	0.0448766841039	0.89266891152
-рим	0.0821508588499	0.794622852875	0.0336071695295	0.0896191187454
-гъу	0.0695588268222	0.0859657159771	0.0081625671033	0.836312890097
-шма	0.0550458715596	0.876146788991	0.0412844036697	0.0275229357798
-гъю	0.565346227837	0.0620342971695	0.00703639766963	0.365583077324
-гъя	0.827106829574	0.031328320802	0.0111607142857	0.130404135338
-иос	0.0	1.0	0.0	0.0
-иот	0.0121951219512	0.983739837398	0.0	0.00406504065041
-мур	0.197875560904	0.662700689411	0.0172644202513	0.122159329434
-мус	0.219017368839	0.0782697519749	0.0205786630579	0.682134216128
-нит	0.00707964601769	0.976991150442	0.0159292035398	0.0
-мос	0.0272479564033	0.891008174387	0.0544959128065	0.0272479564033
-мор	0.333333333333	0.650793650794	0.0	0.015873015873
-ния	0.037037037037	0.931431431431	0.00900900900901	0.0225225225225
-сус	0.0342075256557	0.965792474344	0.0	0.0
-ниъ	0.236465509323	0.617176448976	0.0438504638559	0.102507577845
-мон	0.00498624484181	0.990887207703	0.0	0.0041265474553
-йзу	0.351729579336	0.485098902316	0.0817795495758	0.081391968772
-муб	0.514492753623	0.355072463768	0.0	0.130434782609
-муз	0.0591133004926	0.911330049261	0.0295566502463	0.0
-муд	0.203988941548	0.734597156398	0.015205371248	0.0462085308057
-ьми	0.189427312775	0.607929515419	0.132158590308	0.0704845814978
-ион	0.0303355704698	0.939597315436	0.0	0.0300671140939
-иоп	0.0	0.817351598173	0.182648401827	0.0
-гъа	0.0620542791475	0.883534736433	0.00407200764264	0.0503389767766
-рат	0.122416188987	0.765459440681	0.0300503734584	0.0820739968733
-гъи	0.112635731993	0.637198421843	0.0710519884082	0.179113857756
-бер	0.119363395226	0.8425066313	0.0	0.0381299734748
-рар	0.127835049106	0.182831151755	0.0196911860665	0.669642613072
-тал	0.690880616793	0.0304782556318	0.112516564269	0.166124563306
-хон	0.0	1.0	0.0	0.0
-рза	0.523448690195	0.168056635987	0.0575663411593	0.250928332658
-ихь	0.0922308399288	0.120354703483	0.0139616765517	0.773452780037
-лур	0.189877121123	0.301345816267	0.387799882972	0.120977179637
-лут	0.0	0.978533094812	0.0214669051878	0.0
-луф	0.534824605999	0.137264870361	0.0152516522623	0.312658871378
-ихъ	0.248543234092	0.518703793008	0.046481702115	0.186271270785
-луш	0.237163454465	0.091658084449	0.16419008386	0.506988377225
-луя	0.0774526678141	0.922547332186	0.0	0.0
-еет	0.67298245614	0.151578947368	0.021052631579	0.154385964912
-сон	0.0547945205479	0.945205479452	0.0	0.0
-соп	0.0943396226416	0.851233671988	0.0435413642961	0.010885341074
-фте	0.0768939334144	0.173978246799	0.193616114417	0.555511705369
-еем	0.0	1.0	0.0	0.0
-фта	0.278911564626	0.210884353741	0.0408163265306	0.469387755102
-еел	0.0	1.0	0.0	0.0
-лук	0.0840259799245	0.888722350911	0.00817550074945	0.0190761684153
-лун	0.0	1.0	0.0	0.0
-лум	0.380274529741	0.228774783935	0.0838840874428	0.307066598882
-луп	0.579169869331	0.221944657955	0.0544452984883	0.144440174225
-рзу	0.61935483871	0.229032258064	0.0451612903226	0.106451612903
-хор	0.0	1.0	0.0	0.0
-беб	0.2735218509	0.464267352185	0.0339331619537	0.228277634961
-дья	0.405077145783	0.501006249338	0.0642587296543	0.029657875225
-бед	0.075	0.925	0.0	0.0
-бел	0.0	1.0	0.0	0.0
-осс	0.0	1.0	0.0	0.0
-шин	0.210013323891	0.650734014332	0.118834699732	0.0204179620449
-икі	0.475320318473	0.492268856608	0.0121108064644	0.0203000184546
-шив	0.0297157622739	0.841085271318	0.0981912144703	0.031007751938
-шиб	0.533178114086	0.221187427241	0.11059371362	0.135040745052
-шиз	0.171856232098	0.721195601959	0.0355723921279	0.071375773815
-іра	0.358142790481	0.504549696687	0.0659122725152	0.0713952403173
-икс	0.00537153088631	0.867502238138	0.105640107431	0.0214861235452
-уча	0.717379385965	0.0686677631579	0.00986842105263	0.204084429825
-учв	0.22597018904	0.031969404151	0.0109032883873	0.731157118422
-икь	0.247342546206	0.137298113249	0.296787959108	0.318571381436
-ь’я	0.0145199063232	0.952459016393	0.011943793911	0.0210772833724
-убс	0.77886977887	0.103194103194	0.0	0.117936117936
-убг	0.485507246377	0.282608695652	0.231884057971	0.0
-уба	0.365384615385	0.509615384615	0.125	0.0
-ъси	0.236043095005	0.565981064316	0.116356513222	0.0816193274567
-ика	0.0	1.0	0.0	0.0
-учу	0.0257780532498	0.00627019118678	0.00216213489199	0.965789620671
-ики	0.131511228042	0.0240925091817	0.00938203134967	0.835014231427
-икк	0.330449267744	0.400394398895	0.0491271381346	0.220029195226
-нси	0.388136628136	0.262180985854	0.0672788007041	0.282403585306
-учі	0.276295112171	0.278767475886	0.383297659044	0.0616397528991
-шия	0.0	1.0	0.0	0.0
-шит	0.0	1.0	0.0	0.0
-шир	0.356603234885	0.405946786189	0.0756604141269	0.1617895648
-пна	0.393023127449	0.176806314511	0.0355467240713	0.394623833968
-аки	0.194932740418	0.0948337551214	0.0180756058008	0.69215789866
-акк	0.425234946862	0.32982394255	0.0845005757863	0.160440534802
-гну	0.306582933354	0.109707687466	0.0348119442914	0.548897434889
-ака	0.242610150586	0.681539319576	0.0368098159509	0.0390407138874
-акв	0.129054252788	0.637784432739	0.179550255354	0.0536110591192
-хяр	0.105175633096	0.398048196989	0.325227564477	0.171548605438
-ада	0.0199948731095	0.936426557293	0.00615226864906	0.0374263009485
-ади	0.249080379579	0.0820269792167	0.0336870241797	0.635205617025
-акъ	0.105355746677	0.753713838937	0.124511336982	0.0164190774042
-акь	0.183474193813	0.56166406827	0.217937146139	0.0369245917781
-гна	0.551508844953	0.342351716962	0.0312174817898	0.0749219562956
-аку	0.452003910068	0.333724340176	0.13880742913	0.0754643206256
-тму	0.406525503778	0.287586586902	0.0732840050378	0.232603904282
-ялу	0.0441176470588	0.926470588235	0.0294117647059	0.0
-сха	0.028901734104	0.813102119461	0.157996146435	0.0
-мди	0.119090822465	0.631596980762	0.0621607868023	0.187151409971
-пну	0.388678498353	0.0972001792781	0.0155259207711	0.498595401598
--уь	0.357142857143	0.160714285714	0.0	0.482142857143
-ауз	0.555161598254	0.327287603982	0.054138824492	0.0634119732715
-кьа	0.34386077989	0.475024170158	0.0934579439252	0.0876571060264
-кьв	0.1059856667	0.826385384072	0.0403754920763	0.0272534571515
-кьи	0.40414507772	0.137305699482	0.217616580311	0.240932642487
-жан	0.15711280863	0.545152987711	0.0363403605129	0.261393843146
-жам	0.0215938303342	0.978406169666	0.0	0.0
-ъиъ	0.236104731282	0.531924666973	0.126320624713	0.105649977033
-жал	0.145277172179	0.755407892108	0.0439759377507	0.055338997963
-жаз	0.166666666667	0.648148148148	0.148148148148	0.037037037037
-ъит	0.485593424739	0.0621120573254	0.0135232358465	0.438771282089
-жаб	0.0	0.164473684211	0.769736842105	0.0657894736842
-зна	0.209764775515	0.64871937468	0.074301703011	0.0672141467937
-юну	0.0880656326112	0.537879759005	0.337905396744	0.0361492116395
-зну	0.460511255246	0.291491797024	0.0682945440672	0.179702403663
-ъин	0.396286849176	0.442540597375	0.110742240741	0.0504303127069
-ъип	0.248322147651	0.0939597315437	0.630872483221	0.0268456375839
-ъиб	0.338235294118	0.375	0.286764705882	0.0
-жар	0.341472744019	0.284964816067	0.034328511887	0.339233928026
-ъиз	0.101449275362	0.789855072464	0.108695652174	0.0
-жат	0.289487049264	0.318943626206	0.0446927374301	0.3468765871
-ухь	0.184288456673	0.232810012054	0.0686081638119	0.514293367461
-кьу	0.261565318592	0.329466104161	0.057826592959	0.351141984289
-аус	0.0659340659341	0.802197802198	0.131868131868	0.0
-кью	0.162551440329	0.781893004115	0.0555555555556	0.0
-ухъ	0.20952661605	0.127571140514	0.110399126277	0.552503117159
-пуч	0.620045300113	0.123725934315	0.0186862967157	0.237542468856
-онт	0.0	0.93984962406	0.0	0.0601503759398
-пур	0.595744680851	0.191489361702	0.0851063829787	0.127659574468
-пут	0.0982587064676	0.901741293532	0.0	0.0
-фди	0.0786742551055	0.626715768329	0.247405423502	0.0472045530633
-яфа	0.0	0.992063492063	0.00793650793651	0.0
-вну	0.477861259636	0.13692074145	0.0302054276289	0.355012571285
-кни	0.612377850163	0.325732899023	0.00977198697068	0.0521172638436
-кна	0.274632085389	0.595617368804	0.0672252769467	0.0625252688607
-р’я	0.0214899713467	0.93553008596	0.0429799426934	0.0
-нди	0.261264308849	0.412601786247	0.076188259125	0.249945645779
-цуз	0.526065678417	0.294488970849	0.0592240584439	0.12022129229
-нду	0.296183628319	0.0492256637168	0.0271520514883	0.627438656476
-ндр	0.0	1.0	0.0	0.0
-вна	0.466188444528	0.34869582884	0.0528232297185	0.132292496913
-ржи	0.150601789939	0.335253574735	0.383911120255	0.13023351507
-кну	0.508068169325	0.234426169114	0.0347415416427	0.222764119918
-’ин	0.204381828917	0.236249530386	0.0375382012947	0.521830439402
-лва	0.367647058823	0.0980392156864	0.151960784314	0.382352941176
-пуз	0.529263237806	0.0893406718542	0.0231429113684	0.358253178971
-пуб	0.620851849714	0.128672014775	0.0479021180816	0.20257401743
-она	0.0	0.767550702028	0.0	0.232449297972
-спи	0.388932806324	0.487747035573	0.0569169960474	0.0664031620553
-пул	0.195292124992	0.686885892735	0.0331437480151	0.0846782342581
-ифи	0.0481251594252	0.909531502423	0.00714224980869	0.0352010883429
-ева	0.179487179487	0.820512820513	0.0	0.0
-еве	0.629213483146	0.311797752809	0.058988764045	0.0
-ифа	0.178871548619	0.702280912365	0.104441776711	0.0144057623049
-урс	0.37052224736	0.222355769231	0.218585030166	0.188536953243
-урт	0.0	1.0	0.0	0.0
-уру	0.605294616303	0.0846109887812	0.0253269064379	0.284767488478
-урх	0.437777777778	0.222222222222	0.0933333333333	0.246666666667
-урч	0.0	0.957230142566	0.0427698574338	0.0
-урш	0.150793650794	0.777777777778	0.0714285714286	0.0
-ора	0.0	1.0	0.0	0.0
-бкк	0.262468707876	0.715386096669	0.0	0.0221451954554
-бкь	0.420382165605	0.0955414012739	0.382165605096	0.101910828025
-бкъ	0.779661016949	0.0677966101695	0.0	0.152542372881
-ура	0.357599656837	0.126096959477	0.0317869701386	0.484516413547
-ург	0.52065026362	0.130052724077	0.0263620386643	0.322934973638
-урд	0.0	0.975688816856	0.0	0.0243111831443
-урж	0.49225817193	0.353460236417	0.0394028525445	0.114878739109
-ури	0.298919601096	0.109869161758	0.0294251573221	0.561786079824
-бкі	0.610062893082	0.339622641509	0.0	0.0503144654089
-евс	0.0769230769231	0.923076923077	0.0	0.0
-ъра	0.309532170837	0.374719219497	0.082810933679	0.232937675987
-ъри	0.34001792885	0.246328875819	0.280427157814	0.133226037516
-ува	0.740679456021	0.140002068359	0.00271472154713	0.116603754072
-счи	0.100791936645	0.773218142549	0.0431965442765	0.0827933765299
-мци	0.218987477201	0.0672288885055	0.00421571152447	0.709567922769
-тлу	0.0994795475986	0.170403112115	0.647597545076	0.082519795211
-гча	0.315334773218	0.676025917927	0.0	0.0086393088553
-гчи	0.0	0.977611940299	0.0223880597015	0.0
-ела	0.0	0.955056179775	0.0449438202247	0.0
-шла	0.0991451093593	0.0450760519596	0.010658376818	0.845120461863
-ьер	0.150155279503	0.738586956522	0.0621894409938	0.0490683229814
-жур	0.0754092034601	0.137221168173	0.682809702972	0.104559925395
-ьет	0.167863554758	0.710053859964	0.0107719928187	0.11131059246
-шли	0.0583801122695	0.156650246305	0.00288692862871	0.782082712796
-ьей	0.0793650793651	0.031746031746	0.825396825397	0.0634920634921
-ьел	0.126606079599	0.105296145409	0.0159824506424	0.75211532435
-ьем	0.286175271739	0.150135869565	0.194972826087	0.368716032609
-шлу	0.227460407076	0.0646448147508	0.0356437575067	0.672251020666
-даб	0.0	1.0	0.0	0.0
-тли	0.262730627306	0.557933579336	0.0	0.179335793358
-ъру	0.562313805135	0.156414314452	0.0617746653243	0.219497215089
-уву	0.119299891666	0.0127521043223	0.00368833491142	0.864259669101
-аза	0.503382578225	0.157468163088	0.0536352135223	0.285514045164
-ази	0.289930200637	0.109401010485	0.125872492042	0.474796296837
-зор	0.0	1.0	0.0	0.0
-жуб	0.133421387621	0.0637627894067	0.531867038026	0.270948784947
-аті	0.72602739726	0.203723217422	0.0280997541272	0.0421496311907
-умп	0.673913043478	0.326086956522	0.0	0.0
-уми	0.054054054054	0.827702702703	0.0135135135135	0.10472972973
-атр	0.0	1.0	0.0	0.0
-бті	0.678066778612	0.213186662554	0.0511748512159	0.0575717076179
-дей	0.070895522388	0.89552238806	0.0111940298507	0.0223880597015
-дек	0.177392105667	0.806481339272	0.0	0.0161265550607
-дем	0.0524475524475	0.842657342657	0.0524475524476	0.0524475524476
-ать	0.242465753425	0.689726027397	0.0431506849315	0.0246575342466
-дер	0.242152768422	0.451367371683	0.0788091068302	0.227670753065
-ата	0.0833333333333	0.916666666667	0.0	0.0
-деу	0.545454545455	0.357575757576	0.0	0.0969696969697
-ати	0.117933537051	0.237967914439	0.280271199389	0.363827349122
-деъ	0.242471926186	0.649166726271	0.0193119233245	0.0890494242186
-ччв	0.08380917296	0.855406152146	0.0607846748941	0.0
-уму	0.116467519132	0.0193588378485	0.000456060965265	0.863717582055
-азу	0.253468599233	0.471006332841	0.151864210668	0.123660857258
-тай	0.396823200598	0.308271300883	0.0992611450868	0.195644353433
-нут	0.0	1.0	0.0	0.0
-нус	0.00347981706105	0.982600914695	0.0	0.0139192682441
-нур	0.215329002285	0.253518159116	0.280214489655	0.250938348945
-тан	0.0600511760502	0.696701219465	0.129323262051	0.113924342434
-там	0.0	1.0	0.0	0.0
-тап	0.0846765112762	0.137921050092	0.0207187208442	0.756683717788
-таб	0.127097784739	0.727232042963	0.0523607070933	0.0933094652047
-нуш	0.568491946027	0.189021103623	0.0356459814806	0.206840968869
-таз	0.0239043824701	0.970119521912	0.0	0.00597609561755
-таж	0.0462576292965	0.87728878895	0.0379055573401	0.0385480244137
-ьор	0.0	1.0	0.0	0.0
-ъур	0.472718989346	0.26104329187	0.0579004955432	0.208337223241
-уха	0.407834101382	0.592165898618	0.0	0.0
-узу	0.0463649426192	0.0188096453855	0.00100156288561	0.93382384911
-уза	0.758745247148	0.0668079729825	0.00716371852097	0.167283061348
-узи	0.233532934132	0.730538922156	0.0359281437126	0.0
-ъул	0.290579064936	0.63006701345	0.0307730759017	0.0485808457128
-ъум	0.0375	0.8625	0.1	0.0
-ъун	0.0425531914894	0.914893617021	0.0425531914894	0.0
-ъуб	0.504419131753	0.292545279008	0.0649713885562	0.138064200682
-уху	0.648648648649	0.27027027027	0.027027027027	0.0540540540541
-ъуз	0.570553939697	0.173667794112	0.0588131555743	0.196965110617
-мия	0.0	0.957446808511	0.0141843971631	0.0283687943262
-иил	0.0	1.0	0.0	0.0
-язи	0.131655939146	0.149795201872	0.0947922761849	0.623756582797
-нуб	0.280287314015	0.371792069122	0.211842036777	0.136078580086
-таъ	0.00918918918919	0.942162162162	0.0308108108108	0.0178378378378
-нуз	0.621324706584	0.203056165881	0.0934073820539	0.0822117454814
-иин	0.217942284355	0.486315092986	0.0503679806384	0.24537464202
-нуд	0.380306017412	0.233770085664	0.168536385366	0.217387511558
-тар	0.213663679868	0.627849304758	0.0560104393527	0.102476576022
-тау	0.0	0.947657028913	0.0523429710867	0.0
-тат	0.0	1.0	0.0	0.0
-нун	0.00764924339006	0.960035474752	0.0055429299928	0.0267723518652
-нум	0.26052631579	0.707894736842	0.0	0.0315789473684
-ьаз	0.184645175156	0.0208870855839	0.00492442777002	0.78954331149
-дан	0.163171627677	0.499355699018	0.0335677605893	0.303904912715
-ьад	0.0	0.914738124239	0.0852618757613	0.0
-дал	0.136808168479	0.20985203481	0.624254595539	0.0290852011726
-дак	0.367245657568	0.511166253102	0.0620347394541	0.0595533498759
-ьаб	0.0	1.0	0.0	0.0
-ьан	0.197814791278	0.340949930266	0.0673365355406	0.393898742915
-ьам	0.12772435123	0.238148166046	0.0194268593244	0.614700623399
-ьал	0.0	1.0	0.0	0.0
-дав	0.332887700535	0.227272727273	0.359625668449	0.0802139037433
-ьай	0.35069076932	0.177736674422	0.0380772265868	0.433495329672
-тси	0.275709001233	0.429593094945	0.181257706535	0.113440197287
-яйи	0.266419715267	0.633678974149	0.0149389685091	0.0849623420744
-тод	0.0363636363636	0.945454545455	0.0181818181818	0.0
-аил	0.0717237308147	0.872195985832	0.0230224321133	0.0330578512396
-аик	0.0	1.0	0.0	0.0
-аин	0.537737123716	0.196980851735	0.0328219667495	0.2324600578
-аим	0.0545454545455	0.945454545455	0.0	0.0
-упу	0.475857918167	0.107713221331	0.0224143119532	0.394014548549
-вча	0.276	0.564	0.0	0.16
-гбу	0.489795918367	0.34693877551	0.122448979592	0.0408163265306
-ччу	0.493670886076	0.392405063291	0.0759493670886	0.0379746835443
-тос	0.0205479452055	0.958904109589	0.0	0.0205479452055
-аиш	0.489528894236	0.222280708351	0.150016919201	0.138173478212
-жми	0.31514324693	0.226125511596	0.228740336517	0.229990904957
-ьау	0.79711583753	0.0577049893112	0.00182615312149	0.143353020037
-даъ	0.357019064125	0.443674176777	0.0207972270364	0.178509532062
-даш	0.0269823985198	0.916235524595	0.0278950384698	0.0288870384153
-дау	0.677749360614	0.162404092072	0.0255754475703	0.134271099744
-дат	0.257706707722	0.398684348648	0.0745302494838	0.269078694146
-дар	0.28961865698	0.248384765564	0.125088948378	0.336907629078
-аси	0.303053886944	0.263207040554	0.14365125615	0.290087816353
-кюл	0.204602249063	0.684506455644	0.0171803415244	0.0937109537693
-аса	0.0	1.0	0.0	0.0
-жви	0.117942957609	0.582926352803	0.183141238523	0.115989451065
-зли	0.0344332855093	0.694404591105	0.00430416068866	0.266857962697
-жву	0.854304635762	0.092715231788	0.0	0.0529801324503
-асс	0.0	1.0	0.0	0.0
-аст	0.536954585931	0.314781834372	0.0828138913624	0.0654496883348
-асу	0.628916066343	0.105074133021	0.0061253978891	0.259884402748
-йза	0.502048699893	0.246498514187	0.11786504434	0.13358774158
-лаш	0.247609201344	0.268286378909	0.00310157663479	0.481002843112
-лаъ	0.102729290687	0.703057209161	0.0125718898194	0.181641610332
-лар	0.243125030885	0.569772172004	0.0680273114845	0.119075485626
-лат	0.199646064102	0.692927836403	0.0601035590221	0.0473225404732
-лаф	0.0963855421687	0.855421686747	0.0240963855421	0.0240963855421
-іан	0.271818020072	0.283502836328	0.151517921915	0.293161221685
-рки	0.121376820537	0.128551129956	0.0827616895112	0.667310359996
-ркк	0.685573366215	0.306499911925	0.00792672186013	0.0
-іай	0.408229937316	0.380951084552	0.0895682890143	0.121250689118
-іал	0.339760037843	0.392110204842	0.166568713178	0.101561044136
-іак	0.0892857142857	0.708791208791	0.0370879120879	0.164835164835
-іаз	0.575015309247	0.307409675444	0.0808328230251	0.0367421922841
-іаж	0.59748427673	0.339622641509	0.0	0.062893081761
-хуз	0.57763991284	0.119612927076	0.0207569907557	0.281990169328
-ьат	0.738675958188	0.135888501742	0.0418118466899	0.0836236933798
-хуш	0.500583430572	0.247374562427	0.12252042007	0.129521586931
-дам	0.0262390670554	0.973760932945	0.0	0.0
-іаъ	0.117692307692	0.715	0.0215384615385	0.145769230769
-іах	0.0	0.865671641791	0.089552238806	0.044776119403
-рку	0.570776255708	0.0867579908675	0.0	0.342465753425
-ьар	0.0759940634634	0.488894040282	0.0731403692483	0.361971527006
-іар	0.135068586045	0.69070345683	0.0427212074915	0.131506749633
-іат	0.204496788009	0.0610278372591	0.104925053533	0.629550321199
-рде	0.205128205128	0.423076923077	0.371794871795	0.0
-рда	0.560407569141	0.170305676856	0.0509461426492	0.218340611354
-рди	0.254763485837	0.165932125484	0.116158817999	0.46314557068
-ьаъ	0.939393939394	0.0606060606061	0.0	0.0
-лай	0.279924599434	0.62959472196	0.0904806786051	0.0
-лак	0.37424648359	0.243971868721	0.236101808439	0.14567983925
-лал	0.405685826935	0.166735837311	0.273604482258	0.153973853497
-лам	0.431795878312	0.469578017665	0.0117762512267	0.0868498527968
-лан	0.176733047991	0.474415440031	0.172602065557	0.176249446421
-лап	0.168142798746	0.141844938003	0.204319389563	0.485692873689
-лаб	0.492352650902	0.0558070231627	0.00740886341987	0.444431462515
-лаз	0.135323901194	0.742490267022	0.0184120530846	0.1037737787
-еди	0.124234470691	0.686789151356	0.173228346457	0.0157480314961
-фун	0.0244360902255	0.953007518797	0.0225563909774	0.0
-фуб	0.638997214485	0.171030640668	0.123119777159	0.0668523676881
-фуж	0.0584609543499	0.086423730328	0.001809403156	0.853305912166
-фуз	0.176470588235	0.264705882353	0.323529411765	0.235294117647
-бди	0.299309670747	0.0700009654826	0.0576350268184	0.573054336952
-фур	0.11914893617	0.382978723404	0.497872340426	0.0
-миж	0.29411105131	0.397829207033	0.01345532831	0.294604413348
-йит	0.301606046292	0.627538970241	0.049598488427	0.0212564950401
-йир	0.238029152959	0.511334634075	0.0745280031095	0.176108209856
-йис	0.0140252454418	0.974754558205	0.00280504908836	0.00841514726509
-йиц	0.00738007380072	0.992619926199	0.0	0.0
-йич	0.370597048229	0.220745274298	0.122087278059	0.286570399413
-йиф	0.395165797317	0.154480253353	0.246833084948	0.203520864382
