-'tó	0.757255936675	0.110817941953	0.100263852243	0.0316622691293
-imá	0.137594954852	0.597964741293	0.123978787444	0.140461516411
-'té	0.166410650282	0.214029697901	0.167434715822	0.452124935996
-'tí	0.250352941177	0.495529411765	0.0969411764706	0.157176470588
-rbe	0.217296511628	0.48074127907	0.0868459302325	0.21511627907
-imé	0.591439641505	0.151765107149	0.0598429473007	0.196952304045
-'tá	0.24360367516	0.272236730285	0.0746955204548	0.409464074101
-imí	0.581364915265	0.0754433030164	0.0238827455342	0.319309036184
-hea	0.664136622391	0.208728652751	0.0	0.127134724858
-isó	0.472440944882	0.448818897638	0.0472440944882	0.0314960629921
-áwa	0.492270318021	0.332818021201	0.143109540636	0.0318021201414
-obá	0.154804718955	0.718863115163	0.0273092008345	0.0990229650477
-úpá	0.289890710382	0.244480874317	0.0992349726777	0.366393442623
-jpé	0.149686230144	0.245710864221	0.144844699111	0.459758206524
-álá	0.428680785915	0.188313345241	0.205409543251	0.177596325593
-nti	0.377715925726	0.334251483165	0.192060251175	0.0959723399337
-ejá	0.836257309942	0.0116959064327	0.0	0.152046783626
-yte	0.493573910495	0.290409009084	0.21601708042	0.0
-nto	0.0488839831763	0.764229353869	0.0282294902847	0.15865717267
-riá	0.437455830389	0.250176678445	0.135689045936	0.17667844523
-a'ó	0.327731092437	0.319327731092	0.352941176471	0.0
-ejé	0.314952279958	0.379639448568	0.00424178154826	0.301166489926
-nte	0.168698470862	0.805581002044	0.0214924952435	0.00422803185117
-ejí	0.33589176324	0.416547530623	0.0342898826211	0.213270823516
-bbí	0.218332731866	0.722121977625	0.0	0.0595452905088
-rié	0.73925614404	0.134577474044	0.0275988960442	0.098567485872
-pue	0.668789808917	0.152866242038	0.0254777070064	0.152866242038
-a'é	0.437945638771	0.423577976733	0.0540395646813	0.0844368198145
-ílá	0.472573839663	0.251758087201	0.146272855134	0.129395218003
-rió	0.0202400368569	0.352460640344	0.00441711442299	0.622882208376
-a'í	0.0393679700054	0.914301017675	0.0176754151045	0.0286555972148
-pra	0.115979381443	0.573453608248	0.310567010309	0.0
-lía	0.360676415471	0.364037700281	0.161056834197	0.114229050051
-pre	0.0196146804986	0.946822421759	0.0296399616424	0.00392293609973
-ará	0.510621944846	0.256343250932	0.114704706859	0.118330097363
-e'á	0.16451437873	0.548453608248	0.0822571893652	0.204774823657
-ósa	0.0	0.176470588235	0.0	0.823529411765
-aré	0.0949231296508	0.190188689044	0.0673632862687	0.647524895036
-e'é	0.372214587512	0.40174066285	0.0711195529287	0.154925196709
-jiá	0.414414414414	0.585585585586	0.0	0.0
-lué	0.0120268585732	0.00416330002995	0.000727285115571	0.983082556281
-sme	0.0	0.846153846154	0.153846153846	0.0
-opi	0.0827707241009	0.14489091113	0.0810217500427	0.691316614727
-meí	0.0	1.0	0.0	0.0
-tía	0.0	1.0	0.0	0.0
-ígó	0.58997979798	0.161292929293	0.0611717171717	0.187555555556
-opa	0.0965655859478	0.851219085904	0.0170409857555	0.0351743423928
-smi	0.371301219635	0.28471982809	0.0851231630395	0.258855789236
-épá	0.210207486139	0.31727369674	0.0426388661496	0.429879950971
-ima	0.286840148699	0.514646840149	0.0918959107807	0.106617100372
-oko	0.011385199241	0.988614800759	0.0	0.0
-ime	0.334305257744	0.35385757442	0.108351194684	0.203485973151
-imi	0.254086687735	0.305612666288	0.067108699007	0.37319194697
-úbá	0.10067114094	0.774688398849	0.0575263662512	0.0671140939598
-oka	0.165868565194	0.540043998901	0.0341917687213	0.259895667184
-imo	0.148795180723	0.60843373494	0.0469879518072	0.19578313253
-áwé	0.36244029918	0.291790574029	0.0929981075966	0.252771019194
-obi	0.0846777479033	0.0448726069996	0.0241030172329	0.846346627864
-obo	0.0283172375901	0.942520234146	0.00443777604023	0.0247247522242
-rpo	0.0	1.0	0.0	0.0
-ngá	0.629955947137	0.31718061674	0.0	0.0528634361233
-rpa	0.0282796543598	0.97172034564	0.0	0.0
-oká	0.0963882292786	0.154029690249	0.0201909616819	0.729391118791
-oba	0.0932392918926	0.683783518245	0.021839855798	0.201137334064
-úká	0.384484989884	0.298179100669	0.139802781474	0.177533127973
-bie	0.0212765957447	0.170212765957	0.351063829787	0.457446808511
-bia	0.125140607424	0.786276715411	0.0632733408324	0.0253093363329
-bio	0.273155416013	0.41601255887	0.188383045526	0.122448979592
-ále	0.730824692714	0.114330838426	0.121369223374	0.0334752454851
-bba	0.142857142857	0.785714285714	0.0	0.0714285714285
-uta	0.0882352941176	0.841176470588	0.0705882352941	0.0
-ria	0.348170900503	0.463706667196	0.0570335353407	0.13108889696
-rio	0.250228666902	0.582460333915	0.106455114211	0.0608558849714
-uti	0.0	1.0	0.0	0.0
-tea	0.485396949296	0.249455231405	0.0526880671285	0.212459752171
-íla	0.164285609838	0.51913774149	0.0148885287874	0.301688119885
-tee	0.554581191412	0.299364983369	0.0254006652555	0.120653159964
-íle	0.484387733718	0.28338805194	0.0759463214349	0.156277892907
-puí	0.148148148148	0.518518518519	0.0	0.333333333333
-gro	0.0407058888518	0.9049246923	0.00875349768096	0.0456159211675
-a'e	0.251236166706	0.548622557099	0.0729927007299	0.127148575465
-teo	0.0529831212204	0.863615849806	0.0210307789512	0.0623702500225
-jio	0.0229885057471	0.896551724138	0.0804597701149	0.0
-ara	0.28779461118	0.599750476668	0.0600509230893	0.052403989063
-eri	0.110793853999	0.111058851071	0.0272557154212	0.750891579509
-aro	0.312410841655	0.222539229672	0.43937232525	0.0256776034237
-ari	0.389374654725	0.417842981976	0.0453381447282	0.14744421857
-jia	0.17004048583	0.647773279352	0.157894736842	0.0242914979757
-aru	0.444741127853	0.326366179477	0.102764437126	0.126128255545
-mea	0.440243305063	0.371499984182	0.0434814693562	0.144775241399
-opé	0.180089485459	0.553691275168	0.0	0.266219239374
-meo	0.487698011511	0.315823013302	0.0595580479015	0.136920927286
-opá	0.10843373494	0.89156626506	0.0	0.0
-aya	0.0	1.0	0.0	0.0
-lkó	0.204878048781	0.512195121951	0.224390243902	0.0585365853659
-ayo	0.0108401084011	0.842818428184	0.108401084011	0.0379403794038
-ila	0.178402288047	0.510370703338	0.0648291052567	0.246397903358
-lké	0.1300320627	0.583184894906	0.151407196295	0.135375846099
-lkí	0.0	1.0	0.0	0.0
-óbá	0.0	1.0	0.0	0.0
-gio	0.416430594901	0.405099150142	0.113314447592	0.0651558073655
-eté	0.493251916236	0.195107639271	0.0762826860307	0.235357758463
-ópi	0.115789473684	0.426315789474	0.0789473684211	0.378947368421
-ubi	0.351391163904	0.183932830094	0.0951684402241	0.369507565778
-u'á	0.11214953271	0.0841121495327	0.803738317757	0.0
-nta	0.0846660395108	0.83537158984	0.079962370649	0.0
-uba	0.192413727541	0.662135183953	0.145451088506	0.0
-u'í	0.217391304348	0.565217391304	0.0869565217391	0.130434782609
-u'é	0.379032258065	0.197580645161	0.0	0.423387096774
-ota	0.146685472496	0.840620592384	0.0	0.0126939351199
-'ma	0.313286095688	0.0186018409138	0.0108077768	0.657304286598
-ote	0.141911657675	0.65172137389	0.117785169377	0.088581799058
-'me	0.222815509756	0.253755177404	0.160786466391	0.362642846449
-oti	0.0104347826087	0.812173913044	0.177391304348	0.0
-'mi	0.208019171121	0.111701260909	0.0147736447249	0.665505923245
-iga	0.299476158576	0.302766138355	0.103575156124	0.294182546945
-isá	0.502202600428	0.241963808601	0.078339139467	0.177494451504
-oto	0.0476190476191	0.904761904762	0.0	0.0476190476191
-ume	0.311855136827	0.38862951696	0.187622153633	0.111893192581
-ráo	0.449225010886	0.341296311737	0.0784717010849	0.131006976292
-uma	0.54114713217	0.206982543641	0.206982543641	0.0448877805486
-upá	0.184092855104	0.760251165446	0.0470935210732	0.00856245837693
-ráe	0.62962962963	0.259259259259	0.0277777777777	0.0833333333333
-umi	0.211446642216	0.629297815694	0.00796482461723	0.151290717472
-ako	0.286089353695	0.247001694733	0.0814607106998	0.385448240872
-émá	0.272298456261	0.392259862779	0.038807890223	0.296633790738
-kia	0.572979259546	0.270982748595	0.143438650901	0.0125993409576
-ápá	0.708183453237	0.251348920863	0.0	0.0404676258992
-aki	0.0739889164014	0.918052116496	0.00530597806862	0.00265298903431
-ake	0.178294573643	0.37984496124	0.139534883721	0.302325581395
-ebo	0.165612280675	0.194560892697	0.49935212427	0.140474702358
-kio	0.221565731167	0.703101920236	0.03988183161	0.0354505169867
-aka	0.234246006597	0.369841504284	0.0742548857196	0.3216576034
-sio	0.0902124884517	0.802184663877	0.0978207706103	0.00978207706103
-eba	0.330119524169	0.37415060065	0.0527186892071	0.243011185974
-sia	0.316307875278	0.4935454144	0.065952894655	0.124193815666
-juí	0.274336283186	0.172566371681	0.106194690266	0.446902654867
-mos	0.0	1.0	0.0	0.0
-kie	0.658436213992	0.341563786008	0.0	0.0
-goa	0.748460211875	0.0946045824095	0.0586351318059	0.0983000739098
-igo	0.30186932954	0.212535475975	0.0797317482921	0.405863446192
-ayé	0.634947368421	0.0648421052632	0.0711578947369	0.229052631579
-gog	0.0128205128205	0.974358974359	0.0128205128205	0.0
-lko	0.130434782609	0.869565217391	0.0	0.0
-moa	0.374922664467	0.469168900804	0.0	0.155908434729
-lmo	0.327635327635	0.415954415954	0.25641025641	0.0
-lke	0.504271220809	0.343814436521	0.057495358858	0.0944189838125
-í'é	0.228915662651	0.734939759036	0.0361445783133	0.0
-yae	0.466528640442	0.373360938578	0.0669427191166	0.0931677018633
-ubé	0.0458015267176	0.641221374046	0.0	0.312977099237
-yaa	0.485861182519	0.337862651487	0.0165258905619	0.159750275432
-ubá	0.210832368055	0.238881158023	0.152993399827	0.397293074095
-rla	0.0	0.989599583983	0.0104004160166	0.0
-nís	0.0357142857143	0.964285714286	0.0	0.0
-iso	0.020618556701	0.979381443299	0.0	0.0
-'má	0.365373134328	0.488955223881	0.0602985074627	0.0853731343283
-reo	0.0140471773125	0.978531672409	0.00636098595283	0.00106016432547
-isi	0.136241959379	0.603273902988	0.158511923543	0.101972214091
-ijí	0.172254444926	0.103805290546	0.0460754553339	0.677864809193
-ise	0.0248704663212	0.947150259067	0.0	0.0279792746114
-rea	0.0778815951191	0.8539606022	0.0323653237365	0.0357924789442
-isa	0.39293692838	0.28191418731	0.0815373520983	0.243611532212
-rey	0.0715905925424	0.810836085797	0.00915277169806	0.108420549962
-ábá	0.403018080322	0.38752184464	0.115041535875	0.094418539163
-umí	0.144439094848	0.696677900819	0.129995185363	0.0288878189697
-upo	0.0	1.0	0.0	0.0
-sáo	0.949152542373	0.0	0.0508474576271	0.0
-upi	0.187065740246	0.213878496348	0.182077320506	0.4169784429
-ujá	0.611940298508	0.10447761194	0.089552238806	0.194029850746
-akí	0.341490083704	0.144408415655	0.128195460372	0.385906040269
-aké	0.695202470768	0.199391364991	0.0474975319488	0.0579086322921
-naí	0.116519174041	0.883480825959	0.0	0.0
-sió	0.360736196319	0.40736196319	0.206134969325	0.0257668711656
-ame	0.199228964592	0.445029198024	0.0890476449269	0.266694192457
-kié	0.265822304805	0.525236054757	0.091767471844	0.117174168594
-ena	0.122976034273	0.111976646193	0.0325665029958	0.732480816538
-úwé	0.283975659229	0.290060851927	0.0121703853955	0.413793103448
-aká	0.419072003178	0.256401188237	0.0755885499442	0.248938258641
-hao	0.0123367526775	0.0143702833386	0.0063446156627	0.966948348321
-kió	0.356324733309	0.447899329972	0.111982509258	0.0837934274607
-sié	0.146357615894	0.571523178808	0.0403973509934	0.241721854305
-kué	0.109708853949	0.276376849139	0.00813720996659	0.605777086945
-mao	0.45350877193	0.449122807018	0.0368421052632	0.0605263157895
-grú	0.665071770335	0.22009569378	0.0	0.114832535885
-naó	0.0751083950702	0.0375541975351	0.00665733501759	0.880680072377
-siá	0.40971774631	0.389041690331	0.0605285157272	0.140712047631
-áté	0.522490165897	0.188472721054	0.222336240807	0.0667008722422
-akó	0.31469958807	0.488613169386	0.0258291171341	0.17085812541
-pua	0.437537585234	0.430103902924	0.0715601587442	0.0607983530974
-owé	0.057019211088	0.75970057604	0.0999444428199	0.0833357700517
-eká	0.184731662918	0.744137865319	0.0352059910746	0.0359244806884
-eké	0.271073243003	0.354077363943	0.107478552047	0.267370841007
-una	0.238359972203	0.613759555247	0.0476719944406	0.10020847811
-ekí	0.154039136296	0.112897197876	0.0407978886584	0.692265777169
-ekó	0.240302085827	0.139876522141	0.0395163495582	0.580305042474
-pto	0.0307615976185	0.802282312081	0.024931778715	0.142024311585
-nko	0.0490998363339	0.620294599018	0.134206219313	0.196399345336
-666	0.0189681335357	0.981031866464	0.0	0.0
-laa	0.358974358974	0.350619418035	0.13915298185	0.151253241141
-tra	0.0	1.0	0.0	0.0
-asá	0.37719686306	0.517031972652	0.068771365373	0.0369997989141
-ado	0.252327916743	0.566916194997	0.0657294139127	0.115026474347
-tro	0.0500840827667	0.891789135044	0.0219346347883	0.0361921474008
-hio	0.328744939271	0.482591093117	0.148178137652	0.0404858299595
-tri	0.095238095238	0.857142857143	0.0	0.047619047619
-asé	0.408913760368	0.224842610173	0.0539622264415	0.312281403018
-abé	0.145089929996	0.172235415351	0.160107729493	0.522566925159
-agó	0.486158570523	0.28545950377	0.0962767254621	0.132105200245
-gau	0.0	1.0	0.0	0.0
-'yó	0.486111111111	0.0625	0.409722222222	0.0416666666667
-hia	0.411314984709	0.533639143731	0.045871559633	0.0091743119266
-seo	0.0300548214424	0.952360942308	0.00465465077189	0.0129295854775
-ini	0.0400774285013	0.77607532012	0.180666503085	0.00318074829376
-erú	0.294469605253	0.350931065145	0.0876494850172	0.266949844585
-nos	0.0666666666666	0.911111111111	0.0	0.0222222222222
-ino	0.193251279215	0.346950629235	0.275480569769	0.184317521781
-ina	0.221344396518	0.305265642175	0.0735317263556	0.399858234951
-ine	0.388272583201	0.516640253566	0.0475435816165	0.0475435816165
-sea	0.0073051948052	0.973214285714	0.0146103896104	0.00487012987013
-ira	0.122333434435	0.832069558184	0.0164796279446	0.0291173794358
-eré	0.464172387931	0.148127848612	0.0600011538683	0.327698609589
-iwá	0.0945558739254	0.905444126075	0.0	0.0
-'pú	0.291466618353	0.260123199565	0.448410182082	0.0
-erá	0.549068873781	0.279190067987	0.0830623706769	0.0886786875555
-iwé	0.0433793023314	0.441833231188	0.0637930916638	0.450994374816
-líe	0.492728720875	0.326570146985	0.0763525910447	0.104348541095
-iae	0.455683946233	0.280003884088	0.0978790106674	0.166433159012
-rsa	0.299605781866	0.3876478318	0.0814717477004	0.231274638633
-blo	0.228152101401	0.683122081388	0.0567044696464	0.0320213475651
-iaa	0.605142452267	0.0818541169451	0.0509956742244	0.262007756563
-iao	0.486486486486	0.351351351351	0.0810810810811	0.0810810810811
-átú	0.60829644204	0.39170355796	0.0	0.0
-rso	0.0	1.0	0.0	0.0
-neo	0.169360051713	0.703943115708	0.111182934712	0.0155138978669
-ora	0.089004274994	0.824624332606	0.0385299891749	0.0478414032255
-ugá	0.404631068329	0.244533292909	0.179160192519	0.171675446243
-íko	0.209892435886	0.154909637209	0.0206080779198	0.614589848986
-ugí	0.0653890067464	0.723262936133	0.1121376837	0.0992103734206
-nee	0.359840954274	0.457698254915	0.0927766732935	0.0896841175171
-ugé	0.578944877604	0.159191206919	0.0502833615314	0.211580553945
-nea	0.459938909774	0.368890977444	0.0229088345865	0.148261278195
-ban	0.47648006262	0.338762362079	0.0777926632848	0.106964912017
-eka	0.156630541022	0.162339836452	0.0231771985479	0.657852423978
-hoa	0.69387755102	0.224489795918	0.0204081632653	0.0612244897959
-uné	0.180722891566	0.819277108434	0.0	0.0
-eke	0.255705346586	0.366292159096	0.0534766576145	0.324525836703
-eki	0.224457227686	0.747485618853	0.0187047689739	0.00935238448691
-eko	0.262873244552	0.129769128658	0.0549599461469	0.552397680643
-uná	0.00175279717215	0.954427273524	0.0368087406152	0.0070111886886
-che	0.251132565412	0.161048206828	0.0659127122179	0.521906515543
-unú	0.0	0.971797884841	0.0282021151586	0.0
-iru	0.403537251666	0.239417634442	0.0607655365675	0.296279577325
-íme	0.266111438486	0.486888845239	0.0849359436041	0.162063772671
-lío	0.573743922204	0.204213938412	0.0437601296597	0.178282009724
-ó'é	0.522058823529	0.477941176471	0.0	0.0
-joa	0.176470588235	0.0470588235294	0.564705882353	0.211764705882
-ase	0.234894253053	0.0876704493485	0.0304683750658	0.646966922533
-asa	0.464356371161	0.23600297674	0.0606128085378	0.239027843561
-aso	0.0161499122009	0.932708699163	0.00807495610045	0.0430664325357
-gaí	0.0	1.0	0.0	0.0
-asi	0.107527585849	0.797647844974	0.0381073037762	0.0567172654011
-eli	0.205423675213	0.559868552196	0.0381035502773	0.196604222313
-ólá	0.234042553192	0.212765957447	0.0851063829787	0.468085106383
-yeo	0.582524271845	0.229368932039	0.188106796116	0.0
-yea	0.604662949823	0.184920671489	0.0528344775683	0.15758190112
-lta	0.033196080309	0.93999170098	0.0268122187111	0.0
-'mé	0.233373592777	0.159450662148	0.138080845875	0.4690948992
-óká	0.603303303829	0.321625018093	0.0443605370463	0.030711141032
-iné	0.236284099055	0.0702431227592	0.0279601023596	0.665512675826
-iní	0.15930585869	0.700368040399	0.0801985706339	0.0601275302777
-chi	0.247966834636	0.486146777527	0.0453855359062	0.22050085193
-iná	0.31548201672	0.350246349916	0.073987792278	0.260283841086
-rko	0.0813503117345	0.844774684732	0.0194407904037	0.0544342131303
-eru	0.610920547747	0.196799782941	0.0501364220582	0.142143247254
-rao	0.608418556395	0.211946050096	0.047724914777	0.131910478731
-iwa	0.427737861683	0.314476925771	0.0938042850731	0.163980927473
-uía	0.793103448276	0.137931034483	0.0689655172414	0.0
-ero	0.145011621574	0.733041933773	0.0501881164507	0.0717583282018
-era	0.398907966593	0.471834159126	0.0692319048287	0.0600259694524
-rae	0.313501144165	0.58352402746	0.0	0.102974828375
-até	0.136608747753	0.632115038946	0.0563211503894	0.174955062912
-átu	0.693251533742	0.110429447853	0.110429447853	0.0858895705521
-oná	0.0143947706866	0.378370087195	0.599447807157	0.0077873349616
-á'é	0.297968397291	0.407323802358	0.11788312014	0.176824680211
-uge	0.410136372888	0.431101160187	0.0963430354841	0.0624194314403
-arú	0.296939834025	0.292012448133	0.200985477178	0.210062240664
-uga	0.0715613218249	0.0785222923443	0.0187807816821	0.831135604149
-ugo	0.262443438914	0.292609351433	0.15987933635	0.285067873303
-kuí	0.0747864408826	0.91000030185	0.00253554287784	0.0126777143892
-poa	0.56288666514	0.265092340801	0.0884470550188	0.0835739390399
-ugi	0.0	1.0	0.0	0.0
-lae	0.274213627687	0.41663208565	0.138185741555	0.170968545107
-ike	0.246830524399	0.64030946609	0.0738867688168	0.0389732406945
-éré	0.335976862071	0.214313476945	0.0427270215524	0.406982639431
-ika	0.0959428894309	0.418413272035	0.0338632751427	0.451780563392
-iko	0.0953236271462	0.0824200912543	0.0156370043473	0.806619277252
-lao	0.305652778444	0.556264084001	0.0345207843889	0.103562353167
-érá	0.678977272727	0.269886363636	0.0	0.0511363636364
-iki	0.0272975432211	0.972702456779	0.0	0.0
-'na	0.193207669808	0.3794280143	0.295742606435	0.131621709457
-uja	0.476635514019	0.364485981308	0.11214953271	0.0467289719626
-egé	0.265486725664	0.373419721871	0.255214917826	0.10587863464
-ewá	0.426688829358	0.329835716361	0.0792902559468	0.164185198335
-noa	0.645569620253	0.253164556962	0.0759493670886	0.0253164556962
-epi	0.105961024449	0.218251817849	0.0659946447725	0.609792512929
-ewé	0.130415802685	0.647495361781	0.0365600785769	0.185528756957
-awé	0.106398119818	0.657607070818	0.0192677213393	0.216727088025
-dor	0.103703703704	0.703703703704	0.192592592593	0.0
-boa	0.483145613899	0.289702348724	0.0486976599381	0.178454377439
-awí	0.113600029199	0.649758144866	0.0795872093865	0.157054616548
-awá	0.258283264871	0.536079267039	0.054918984412	0.150718483678
-boi	0.12283494488	0.202871390135	0.135831984166	0.538461680818
-jtí	0.585876565056	0.120209399028	0.023412576253	0.270501459662
-jté	0.0779679594997	0.833321475539	0.046681726065	0.0420288388959
-yáa	0.0	0.0197183098591	0.642253521127	0.338028169014
-jtá	0.317297850563	0.590583418628	0.0921187308085	0.0
-sar	0.0903556242753	0.903846153846	0.00579822187862	0.0
-toa	0.66301703163	0.256690997567	0.0255474452555	0.0547445255475
-kiá	0.218465272543	0.160113832293	0.115680372277	0.505740522888
-mpa	0.037037037037	0.962962962963	0.0	0.0
-oli	0.353708596523	0.319399457109	0.0525961715459	0.274295774822
-éle	0.390701154251	0.381606688777	0.0425644930178	0.185127663955
-tor	0.0613026819923	0.869731800766	0.0459770114943	0.0229885057471
-ibi	0.238061951105	0.308036266203	0.202715459122	0.25118632357
-yka	0.18018018018	0.538288288288	0.146396396396	0.135135135135
-olo	0.186729868725	0.643034700448	0.0844213106622	0.0858141201647
-ola	0.104309215531	0.750871320623	0.0200238900465	0.1247955738
-sao	0.615873015873	0.365079365079	0.0	0.0190476190476
-ole	0.625815397645	0.157044668493	0.0976170195059	0.119522914357
-omó	0.03125	0.9375	0.0125	0.01875
-loi	0.0	0.961538461538	0.0192307692308	0.0192307692308
-loe	0.0681818181818	0.871212121212	0.0151515151515	0.0454545454545
-ámu	0.647058823529	0.176470588235	0.0980392156863	0.078431372549
-loa	0.356382978723	0.558510638298	0.0106382978723	0.0744680851064
-'gá	0.380196740145	0.350721619875	0.122424068356	0.146657571624
-oki	0.0140845070423	0.985915492958	0.0	0.0
-áme	0.402291739398	0.324255052123	0.203543225316	0.0699099831633
-ipi	0.115124838112	0.161076411089	0.0297545861408	0.694044164659
-ipo	0.111854772165	0.839552580911	0.0375905381865	0.0110021087375
-iká	0.336849586954	0.333888725493	0.0770534758864	0.252208211666
-'né	0.0701227146208	0.0262113938164	0.0976100239346	0.806055867628
-ikí	0.389620766877	0.411521032877	0.072271929179	0.126586271067
-ipa	0.104139624041	0.664612452686	0.0284280867857	0.202819836487
-isí	0.331129702217	0.547183057392	0.024571462002	0.0971157783888
-iké	0.602825646224	0.231817029904	0.0658895083629	0.0994678155094
-'ná	0.323275862069	0.663793103448	0.00646551724138	0.00646551724138
-oke	0.828625235405	0.110169491525	0.0612052730697	0.0
-ikó	0.401166685944	0.410285754732	0.0758794688034	0.11266809052
-ewa	0.506048097017	0.280694614807	0.0538404100864	0.159416878089
-ujé	0.659114315139	0.152420185376	0.16683831102	0.0216271884655
-rdo	0.298905608755	0.571135430917	0.047879616963	0.0820793433652
-'nó	0.0178595951348	0.953844914347	0.00287226478456	0.0254232257341
-ite	0.254077360683	0.467749760911	0.0608848235913	0.217288054815
-elá	0.107144278343	0.755766756423	0.0748119752219	0.0622769900118
-awa	0.442157309771	0.281729068381	0.114894275684	0.161219346164
-ura	0.319689673622	0.501337613697	0.0543071161049	0.124665596576
-ógó	0.414388020833	0.329427083333	0.0843098958334	0.171875
-saú	0.0	1.0	0.0	0.0
-oló	0.125532670455	0.836292613636	0.0328480113636	0.00532670454546
-mpá	0.492463320011	0.298860026594	0.0788231987434	0.129853454652
-ibí	0.136984411048	0.15153213935	0.179085753936	0.532397695665
-úkó	0.494246033627	0.0776011177857	0.0365287555096	0.391624093078
-olí	0.113169705578	0.809420588241	0.0479258681581	0.0294838380229
-élá	0.591314205301	0.137205847862	0.0539441795012	0.217535767336
-olá	0.100883815734	0.762923527409	0.0132989054358	0.122893751421
-ípá	0.364379996282	0.430005577245	0.0312325711099	0.174381855363
-ibá	0.389602293978	0.484478244608	0.0623363670365	0.0635830943772
-saí	0.0225988700565	0.977401129944	0.0	0.0
-élé	0.405381690553	0.278736472653	0.145656624744	0.17022521205
-iáe	0.48604591619	0.21951011351	0.11777758812	0.17666638218
-iáa	0.662020286859	0.113063703321	0.0395722961623	0.185343713658
-loé	0.0	0.946188340807	0.0	0.0538116591928
-iáo	0.602094240838	0.376963350785	0.0209424083769	0.0
-égó	0.573301154647	0.179206890025	0.111205754306	0.136286201022
-emá	0.252030080362	0.539974614438	0.0923839489842	0.115611356216
-ibo	0.106116789733	0.834746719118	0.0415954599684	0.0175410311805
-eyo	0.283628194327	0.707947205841	0.00842459983149	0.0
-tos	0.06	0.92	0.0	0.02
-jpá	0.677903769537	0.322096230463	0.0	0.0
-'bé	0.257668525309	0.213944153956	0.0269195721507	0.501467748584
-mua	0.477034649476	0.447219983884	0.0660757453666	0.00966962127315
-leo	0.389620865824	0.516267813928	0.0242000537779	0.0699112664695
-esó	0.15993365715	0.727520435967	0.0485724440233	0.0639734628598
-lea	0.0482321589934	0.899552787738	0.0198454038436	0.0323696494247
-éla	0.423580786026	0.270742358079	0.0	0.305676855895
-jpí	0.396531791908	0.31753371869	0.0755298651251	0.210404624278
-aga	0.17825354729	0.216415243315	0.0582242789252	0.54710693047
-esé	0.346153846154	0.653846153846	0.0	0.0
-ágo	0.461538461538	0.446153846154	0.0615384615385	0.0307692307692
-esí	0.409553949973	0.267120087415	0.0636731069017	0.25965285571
-ité	0.403846153846	0.269230769231	0.25	0.0769230769231
-ema	0.442800332933	0.273652085453	0.137242208453	0.146305373162
-esá	0.593607305936	0.360730593607	0.0456621004566	0.0
-o'ó	0.0443349753695	0.423645320197	0.34236453202	0.189655172414
-'ya	0.338257305843	0.17631025722	0.0458600935212	0.439572343416
-iba	0.654164304745	0.128733283153	0.0270921406016	0.1900102715
-o'é	0.549180327869	0.204918032787	0.0983606557377	0.147540983607
-alo	0.0834124507	0.793199071162	0.0267218905886	0.0966665875493
-osa	0.209758335479	0.407760196975	0.106623495785	0.275857971761
-o'í	0.303475976203	0.347748618367	0.191435387914	0.157340017516
-ali	0.2243513197	0.413221767389	0.0719705079488	0.290456404963
-o'á	0.047587234115	0.910085033981	0.0193422499465	0.022985481957
-téa	0.753164556962	0.170886075949	0.0379746835443	0.0379746835443
-gie	0.433309300649	0.208363374189	0.315068493151	0.0432588320115
-ale	0.604549775594	0.180113289795	0.0410351622129	0.174301772399
-gia	0.372177306942	0.502927237246	0.0401449679398	0.0847504878729
-ala	0.348010126699	0.399163334278	0.0649161300541	0.187910408969
-'ká	0.127044005487	0.12224655461	0.299952871635	0.450756568269
-bre	0.164609053498	0.623456790124	0.17695473251	0.0349794238683
-abó	0.117214141831	0.769140482497	0.00047583548781	0.113169540184
-'kí	0.126687435099	0.806853582554	0.0353063343718	0.0311526479751
-osé	0.264971654807	0.672616307364	0.00907572309837	0.0533363147303
-áli	0.0568720379146	0.744075829384	0.170616113744	0.0284360189573
-abú	0.159663865546	0.689075630252	0.0252100840336	0.126050420168
-abá	0.473307639824	0.319226695686	0.018984291918	0.188481372572
-abí	0.0849108803672	0.470290058967	0.0775285290812	0.367270531585
-yoa	0.450477845352	0.255864465682	0.0964378801043	0.197219808862
-íni	0.0098612125639	0.925310445581	0.0155222790358	0.0493060628195
-orú	0.335820895522	0.574626865672	0.0	0.089552238806
-tuá	0.0754716981132	0.72641509434	0.0943396226415	0.103773584906
-rie	0.358062439653	0.373350498873	0.0883488896041	0.18023817187
-cho	0.285998238646	0.314904919396	0.0919271143398	0.307169727619
-cha	0.238209227897	0.183726816801	0.0618715439986	0.516192411303
-peo	0.001414427157	0.998585572843	0.0	0.0
-tuí	0.56	0.408888888889	0.0	0.0311111111111
-ogi	0.518796992481	0.300751879699	0.0451127819549	0.135338345865
-oré	0.0	0.96511627907	0.0348837209302	0.0
-elo	0.142180094787	0.820853080569	0.0142180094787	0.0227488151659
-ómá	0.233451505371	0.224191756178	0.0579395735224	0.484417164929
-orí	0.66946215074	0.176387540396	0.0295495799738	0.12460072889
-oga	0.216258302344	0.55913526888	0.116594918216	0.10801151056
-rka	0.115384615385	0.630769230769	0.0923076923077	0.161538461538
-orá	0.162522975718	0.574054367805	0.0162522975718	0.247170358905
-oge	0.398058252427	0.378640776699	0.165048543689	0.0582524271845
-ele	0.746554721367	0.0886759583013	0.0291914562778	0.135577864053
-ágó	0.558502370405	0.252409264009	0.0569285769799	0.132159788607
-itu	0.342105263158	0.0394736842105	0.0789473684211	0.539473684211
-mué	0.0218035680879	0.0486479395608	0.00270013613575	0.926848356215
-ter	0.0	0.874241110147	0.125758889853	0.0
-ito	0.109152734486	0.758515160102	0.0722584301502	0.0600736752621
-esi	0.0689895801865	0.664773746539	0.022410258643	0.243826414631
-'rá	0.11214953271	0.542056074766	0.289719626168	0.0560747663551
-eso	0.0468464645543	0.934914645246	0.0132419339807	0.00499695621913
-iti	0.0930273133807	0.0384573646382	0.0169503143352	0.851565007646
-ágá	0.603773584906	0.132075471698	0.22641509434	0.0377358490566
-'ré	0.480690221857	0.359901396878	0.0369761709121	0.122432210353
-mía	0.384139864867	0.383659157516	0.139269020529	0.0929319570875
-ita	0.0605942143747	0.843994498004	0.0171234522941	0.0782878353274
-ámi	0.0308959088907	0.93124907293	0.0286924551525	0.00916256302659
-ánó	0.0413223140496	0.0316804407713	0.213498622589	0.71349862259
-spe	0.0582948749089	0.876123390819	0.0655817342725	0.0
-ute	0.0486486486487	0.951351351351	0.0	0.0
-'yá	0.611118715657	0.291010774556	0.011732728446	0.0861377813411
-spo	0.0	1.0	0.0	0.0
-plo	0.144927536232	0.594202898551	0.260869565217	0.0
-alí	0.137130651231	0.666680047169	0.0623568642899	0.13383243731
-íwé	0.349807003033	0.490970499035	0.0964984835952	0.0627240143369
-alé	0.102991850046	0.0978398542028	0.00976169185461	0.789406603897
-ókó	0.512402088773	0.415796344647	0.0391644908616	0.0326370757179
-bro	0.0412796697627	0.917440660475	0.0	0.0412796697627
-ání	0.602649006623	0.298013245033	0.00993377483444	0.08940397351
-alá	0.192977170223	0.705648261084	0.030996875139	0.0703776935537
-ogo	0.605427974948	0.356993736952	0.0250521920668	0.0125260960334
-hua	0.677419354839	0.322580645161	0.0	0.0
-abe	0.178931461675	0.524968759108	0.230703508961	0.0653962702567
-ela	0.415812105395	0.281670011174	0.0580576581432	0.244460225288
-aba	0.312460401834	0.213728080066	0.147332023238	0.326479494862
-abo	0.264242688149	0.572672700694	0.00570225913139	0.157382352026
-abi	0.248382328858	0.157527925651	0.241796919002	0.352292826489
-elú	0.180124223602	0.608695652174	0.0	0.211180124224
-ché	0.206877483029	0.160163970773	0.161705076492	0.471253469706
-koa	0.301953421841	0.4682699328	0.172723615395	0.0570530299644
-chí	0.227808879925	0.233927861919	0.0255588540782	0.512704404078
-chá	0.185601220626	0.316971942581	0.157492146791	0.339934690001
-ogó	0.391404672628	0.377848283819	0.121142197866	0.109604845688
-jkí	0.477880300304	0.262359614729	0.0238298917013	0.235930193266
-chú	0.214681987242	0.693685457228	0.0261807301514	0.0654518253786
-ori	0.242422622548	0.653338322553	0.0529213663335	0.0513176885657
-iyé	0.282051282051	0.615384615385	0.0	0.102564102564
-oro	0.00963855421688	0.914629948365	0.0660929432014	0.00963855421686
-óma	0.263405456256	0.249294449671	0.197554092192	0.289746001882
-elí	0.243412797992	0.634880803011	0.0150564617315	0.106649937265
-ogá	0.270599022287	0.356303303123	0.127091233292	0.246006441298
-jkú	0.307179448869	0.488102834035	0.0138878853307	0.190829831765
-chó	0.157720616018	0.0580634840773	0.0431766442766	0.741039255629
-iyá	0.211665664462	0.71617558629	0.022449388655	0.0497093605933
-así	0.0569995440036	0.805061559508	0.0763793889648	0.061559507524
-ore	0.0351367484263	0.894942478837	0.037036032125	0.0328847406121
-ísa	0.288823119777	0.216399721449	0.049791086351	0.444986072423
-jea	0.515027322404	0.284153005465	0.0286885245902	0.172131147541
-gme	0.933333333333	0.0666666666667	0.0	0.0
-hié	0.512952340837	0.155601531238	0.0858533926337	0.245592735292
-agá	0.298790809853	0.317699424573	0.0900358647065	0.293473900867
-keé	0.556438791733	0.262321144674	0.0	0.181240063593
-éma	0.356102644996	0.423255682939	0.109433537083	0.111208134982
-omi	0.131094119401	0.696705075504	0.0335456113821	0.138655193713
-lio	0.283021694949	0.555100509302	0.0863085290438	0.0755692667053
-éme	0.298817376371	0.514421763397	0.135240622926	0.0515202373053
-ona	0.0656214439247	0.866944830783	0.0210730391537	0.0463606861381
-sué	0.0231213872832	0.924855491329	0.0	0.0520231213873
-owa	0.360541442849	0.326498774106	0.107487950564	0.205471832481
-émi	0.313198010924	0.342789598109	0.0611396429445	0.282872748023
-lie	0.418282372417	0.37001205107	0.0936453072576	0.118060269255
-oma	0.218791237482	0.726877180381	0.0231550121741	0.031176569963
-rua	0.333475692442	0.382408778465	0.171516747978	0.112598781115
-lia	0.413986618299	0.369373523771	0.0963089073987	0.120330950531
-ome	0.125124706069	0.591201670908	0.0541930553898	0.229480567633
-éri	0.0815450643777	0.454220314735	0.0858369098712	0.378397711016
-órí	0.25051975052	0.203742203742	0.321205821206	0.224532224532
-ete	0.274849648834	0.343507463017	0.0318090909269	0.349833797223
-144	0.0457038391225	0.118829981718	0.0	0.835466179159
-pué	0.45858317162	0.283343871966	0.0374157817849	0.220657174629
-niá	0.371069690416	0.257833923604	0.0329423273998	0.338154058581
-éko	0.345374338146	0.321596365326	0.117254949203	0.215774347325
-rna	0.0583122057226	0.941687794277	0.0	0.0
-rno	0.167491654196	0.695809830782	0.0581328421779	0.0785656728445
-ukó	0.170316757514	0.69493028646	0.0448958684722	0.0898570875536
-uri	0.143198173716	0.381212573135	0.0379875519351	0.437601701214
-puá	0.0201342281879	0.845637583893	0.0402684563759	0.0939597315436
-jká	0.226712152298	0.294337598669	0.0455423725831	0.43340787645
-rge	0.0	1.0	0.0	0.0
ALL	0.210727328255	0.260985971186	0.0485954869371	0.479691213621
-sía	0.117563854582	0.689085457061	0.139583511758	0.0537671765984
-uká	0.276720351391	0.520741825281	0.0	0.202537823329
-'lá	0.111933100885	0.0824465191105	0.15192160939	0.653698770614
-úga	0.735528942116	0.159680638722	0.0	0.104790419162
-uké	0.50866616428	0.260738507913	0.0587792012058	0.171816126601
-ipe	0.20130336234	0.295998852845	0.0378928477115	0.464804937104
-uru	0.522235384113	0.223625774692	0.0635340626307	0.190604778563
-ukí	0.02162818761	0.421416786524	0.0185756144821	0.538379411384
-apa	0.59738372093	0.293604651163	0.0	0.109011627907
-noé	0.0	1.0	0.0	0.0
-paa	0.357490272374	0.613326848249	0.0291828793774	0.0
-api	0.217905985023	0.0900856762561	0.0613133396784	0.630694999043
-apo	0.0980392156863	0.901960784314	0.0	0.0
-áká	0.413108121825	0.262319637652	0.112840284926	0.211731955598
-áru	0.455830388693	0.236749116608	0.0371024734982	0.270318021201
-wae	0.381826525929	0.230839834787	0.251491509867	0.135842129417
-tiá	0.816928379931	0.109153581003	0.00344695518958	0.0704710838759
-apu	0.0105242890487	0.00454471347583	0.000650078757807	0.984280918718
-wao	0.222146274778	0.44019138756	0.337662337662	0.0
-'nú	0.276004128322	0.297058570568	0.166113356842	0.260823944268
-ákó	0.225598526703	0.198895027624	0.262430939227	0.313075506446
-kee	0.464243845252	0.437280187573	0.0281359906213	0.0703399765533
-kea	0.677815119245	0.181196096692	0.0348220431631	0.1061667409
-keo	0.441797925471	0.515558970419	0.0357280061468	0.00691509796388
-ísí	0.96694214876	0.0330578512396	0.0	0.0
-suo	0.556053811659	0.37668161435	0.0134529147982	0.0538116591928
-omé	0.0776652194886	0.885672937771	0.0192957067053	0.0173661360348
-jío	0.156950672646	0.30269058296	0.486547085202	0.0538116591928
-omí	0.155496135456	0.579672158796	0.0779705260084	0.18686117974
-éru	0.698795180723	0.132530120482	0.0481927710843	0.120481927711
-sue	0.529032258065	0.109677419355	0.0516129032258	0.309677419355
-jía	0.456071158849	0.26932113787	0.0297893765209	0.24481832676
-liá	0.290126878308	0.142269231061	0.0399389526276	0.527664938003
-sua	0.886315789474	0.0505263157895	0.0252631578947	0.0378947368421
-jíe	0.837837837838	0.108108108108	0.0540540540541	0.0
-i'e	0.881481481481	0.0888888888889	0.0148148148148	0.0148148148148
-aña	0.0	1.0	0.0	0.0
-koe	0.505090832606	0.391232628069	0.00797511840956	0.0957014209149
-ría	0.00289613123322	0.78218044567	0.0158525078029	0.199070915294
-ogí	0.230366492147	0.298429319372	0.282722513089	0.188481675393
-sli	0.0	1.0	0.0	0.0
-kos	0.0603015075377	0.879396984925	0.0603015075377	0.0
-úgó	0.8	0.0588235294118	0.0235294117647	0.117647058824
-'oa	0.479956663055	0.380402070543	0.0180570603106	0.121584206091
-urá	0.069380733945	0.913417431193	0.00860091743118	0.00860091743119
-sko	0.0291056019724	0.91610738255	0.0287631831256	0.0260238323517
-urú	0.314717563111	0.356393612361	0.0631016468697	0.265787177658
-úgá	0.212121212121	0.727272727273	0.0	0.0606060606061
-uke	0.0601729973674	0.91726212862	0.0225648740128	0.0
-'we	0.0632885228441	0.0371471006267	0.0459969198887	0.853567456641
-tpe	0.626556016598	0.269709543568	0.103734439834	0.0
-uko	0.432840948128	0.336310546204	0.0937822054277	0.13706630024
-apá	0.331919141502	0.344896431245	0.133516346394	0.189668080858
-árá	0.349514563107	0.611650485437	0.0194174757282	0.0194174757282
-soa	0.567192036499	0.276233927831	0.0435503940273	0.113023641643
-apé	0.707423580786	0.227074235808	0.0131004366812	0.0524017467249
-áré	0.296151889493	0.337421311596	0.0942746298102	0.272152169101
-tie	0.128404669261	0.556420233463	0.0700389105059	0.24513618677
-eta	0.11086107618	0.840823350321	0.0162627762072	0.032052797292
-tia	0.290404040404	0.512626262626	0.0353535353535	0.161616161616
-tio	0.249027237354	0.704280155642	0.0466926070039	0.0
-eme	0.313606418782	0.48085928541	0.0721054546384	0.133428841169
-nió	0.632938643703	0.0779332615716	0.0258342303552	0.26329386437
-ulé	0.528305169518	0.161212859096	0.0260575196469	0.284424451739
-osá	0.27660548854	0.270162226456	0.103073111625	0.35015917338
-oni	0.0765363271174	0.848485290737	0.0363143473232	0.0386640348221
-uwa	0.604750875715	0.298106923416	0.0490974867446	0.0480447141244
-ulí	0.221738458802	0.216762301321	0.152457093697	0.40904214618
-'lé	0.174594535762	0.391852084119	0.153801523582	0.279751856537
-ulá	0.345911837832	0.410366927888	0.0455603572733	0.198160877007
-emi	0.05820929516	0.0555125317002	0.00961759632712	0.876660576813
-'lí	0.173226557619	0.600726983586	0.0425966944965	0.183449764298
-ulú	0.117647058823	0.86974789916	0.0	0.0126050420168
-nuí	0.726329442283	0.273670557717	0.0	0.0
-'lú	0.111922045515	0.0484504814661	0.0868457660432	0.752781706976
-nié	0.321347527665	0.261577251716	0.129009665219	0.2880655554
-kía	0.0718006026621	0.854303446349	0.0108958112989	0.0630001396899
-ají	0.586440677966	0.393220338983	0.0	0.0203389830508
-eti	0.305092364565	0.140098626028	0.0264796981985	0.528329311209
-cio	0.0	0.980263157895	0.0197368421053	0.0
-ana	0.237594659875	0.336435041847	0.0554318522198	0.370538446058
-ajá	0.262677441423	0.469728065675	0.119655378827	0.147939114076
-ajú	0.881578947368	0.0690789473684	0.0493421052632	0.0
-ilé	0.100213568606	0.0474402036494	0.0124132988005	0.839932928944
-ane	0.501891551072	0.31210592686	0.124527112232	0.061475409836
-etu	0.408189711028	0.394160534159	0.0811605273389	0.116489227475
-000	0.0457038391225	0.118829981718	0.0	0.835466179159
-ilú	0.184100889539	0.571275757234	0.116259430244	0.128363922982
-'ae	0.320305399018	0.366297036902	0.237047809489	0.0763497545901
-'sí	0.884745762712	0.115254237288	0.0	0.0
-ojá	0.0187799958267	0.967656673854	0.00208666620296	0.0114766641163
-ilá	0.0843585237258	0.810193321617	0.0738137082601	0.0316344463972
-ugó	0.414789422135	0.312806072478	0.229554358472	0.0428501469148
-ilí	0.328683720146	0.432039036572	0.0808681250399	0.158409118241
-'sá	0.310147959825	0.258463391195	0.120488522875	0.310900126104
-eto	0.0036496350365	0.981751824818	0.014598540146	0.0
-ojí	0.325539568345	0.609712230216	0.0647482014389	0.0
-igá	0.108647835176	0.0632503128673	0.0174677134756	0.810634138481
-atu	0.500934729733	0.299796972682	0.16549741693	0.0337708806561
-ebí	0.112692029434	0.800165551044	0.0506429767903	0.0364994427317
-'aa	0.239854495851	0.544731158349	0.126179379334	0.0892349664658
-epú	0.577335375192	0.275650842266	0.0908626850434	0.0561510974988
-amó	0.406779661017	0.406779661017	0.0	0.186440677966
-bua	0.432328723948	0.341941769518	0.152172754361	0.073556752173
-igí	0.541935483871	0.329032258065	0.0774193548387	0.0516129032258
-igó	0.300578847481	0.350229742026	0.0849839375658	0.264207472927
-ebú	0.131407269338	0.868592730662	0.0	0.0
-íté	0.584848484848	0.0575757575757	0.248484848485	0.109090909091
-amí	0.0674852532675	0.762331367102	0.0367201938932	0.133463185737
-ata	0.204732981705	0.407216940586	0.0877750065443	0.300275071165
-amá	0.047846889952	0.952153110048	0.0	0.0
-ato	0.0766541151157	0.827461000538	0.0476062399139	0.0482786444325
-wea	0.295120517343	0.564961787184	0.0340975896531	0.10582010582
-ebó	0.0767543859649	0.77221279004	0.084182229768	0.0668505942275
-igé	0.414692362821	0.316575481818	0.0840349716597	0.184697183701
-ati	0.164659972337	0.126764697725	0.0280403892102	0.680534940727
-'la	0.298854990802	0.046379291762	0.00869190486396	0.646073812572
-gía	0.326382592928	0.307343608341	0.0942883046237	0.271985494107
-uli	0.0134443768079	0.255134983082	0.00405367068368	0.727366969426
-kao	0.504510756419	0.241498959056	0.0874392782789	0.166551006246
-'le	0.216532468285	0.54017262353	0.105427793547	0.137867114638
-uwá	0.218290854573	0.454272863568	0.218290854573	0.109145427286
-pee	0.093758214797	0.269795834915	0.440751234045	0.195694716243
-emí	0.303571428571	0.107142857143	0.482142857143	0.107142857143
-oso	0.212401507365	0.516272696129	0.250085645769	0.0212401507366
