-ढाल	0.0870967741936	0.854838709677	0.0193548387097	0.0387096774193
-ाहा	0.0657439446367	0.840830449827	0.0908304498269	0.00259515570934
-वसी	0.277732691302	0.703751795945	0.00925775637672	0.00925775637672
-ढाप	0.556777563926	0.443222436074	0.0	0.0
-ाहब	0.222222222222	0.269841269841	0.349206349206	0.15873015873
-ढाइ	0.22821683493	0.00520866825285	0.169699697769	0.596874799048
-ददा	0.143682906689	0.760528488852	0.0586292320396	0.0371593724195
-शहर	0.0335491465568	0.898161041646	0.0111974044991	0.0570924072984
-चाल	0.735805330243	0.257242178447	0.00695249130938	0.0
-चार	0.0604037807024	0.61819436688	0.290823261646	0.0305785907716
-िदा	0.108192675858	0.53632124358	0.0132230302124	0.342263050349
-िदि	0.264150943396	0.660377358491	0.0754716981132	0.0
-चाड	0.0259690295278	0.928344714822	0.0245263056651	0.0211599499856
-चाङ	0.0455652348555	0.942007882911	0.0	0.0124268822333
-्ङा	0.109910829156	0.803890688079	0.0530145068985	0.0331839758662
-ाहू	0.37572143132	0.551558291651	0.0	0.0727202770296
-ाही	0.0294358135732	0.960752248569	0.00981193785773	0.0
-िने	0.00119653006282	0.202712134809	0.775152059029	0.0209392760993
-िनी	0.170405503195	0.645805905996	0.0346565298133	0.149132060995
-िनु	0.0507077963237	0.921449867361	0.0166678404583	0.0111744958565
-िन्	0.585117744739	0.0339386946324	0.0139157145986	0.36702784603
-आँट	0.469023720468	0.372792481417	0.0830808200369	0.0751029780787
-ायस	0.122448979592	0.746355685131	0.0349854227405	0.0962099125365
-ाया	0.444430137259	0.480084397336	0.0489644609505	0.0265210044548
-डला	0.0198281559815	0.872356245869	0.00371777924653	0.104097818903
-ेबा	0.358679777976	0.170237124805	0.15946383026	0.311619266959
-डली	0.245404868356	0.568802781918	0.0556383507203	0.130153999006
-काङ	0.063047984937	0.907016109093	0.00663763099336	0.0232982749767
-ेबे	0.324005891016	0.262150220913	0.175257731959	0.238586156112
-इफ्	0.132530120482	0.867469879518	0.0	0.0
-ेब्	0.00959622275582	0.0946649274379	0.0438684468837	0.851870402923
-काइ	0.0785783955133	0.882101926359	0.00609607412826	0.033223603999
-कास	0.058064516129	0.941935483871	0.0	0.0
-फोस	0.0526315789474	0.894736842105	0.0526315789474	0.0
-िनब	0.400410677618	0.439425051335	0.0308008213552	0.129363449692
-िनम	0.232876712329	0.493150684932	0.0	0.27397260274
-कार	0.314182890906	0.564581918534	0.0414166886546	0.0798185019054
-काल	0.0222296773871	0.925270446231	0.0340539738696	0.0184459025127
-कान	0.146012269939	0.134969325153	0.0300613496933	0.688957055215
-िना	0.322968673203	0.492718007088	0.0609204025145	0.123392917195
-िनस	0.0	1.0	0.0	0.0
-ागस	0.0699300699301	0.797202797203	0.111888111888	0.020979020979
-ागा	0.00932228469961	0.981355430601	0.0	0.00932228469962
-पशु	0.127659574468	0.31914893617	0.496453900709	0.0567375886524
-फरी	0.563535911602	0.243093922652	0.104972375691	0.0883977900552
-्य्	0.0	1.0	0.0	0.0
-ोना	0.268483397913	0.311200694094	0.126693605894	0.293622302099
-बिख	0.0699708454811	0.851311953353	0.0612244897959	0.0174927113702
-ागज	0.616016427105	0.297741273101	0.0739219712526	0.0123203285421
-अय्	0.0631578947368	0.768421052632	0.136842105263	0.0315789473684
-सोस	0.618421052632	0.355263157895	0.0	0.0263157894737
-भसम	0.572126101263	0.357817641439	0.0700562572975	0.0
-हम्	0.333824768323	0.126790227464	0.372156697557	0.167228306655
-शेर	0.0	1.0	0.0	0.0
-फरक	0.122125297383	0.729579698652	0.114195083267	0.0340999206978
-भसे	0.276669557676	0.25498699046	0.140503035559	0.327840416305
-ङ्क	0.0272108843537	0.972789115646	0.0	0.0
-शेम	0.0	1.0	0.0	0.0
-शेत	0.0	1.0	0.0	0.0
-ोनी	0.742710823772	0.191336455077	0.0184192284295	0.0475334927214
-ुष्	0.0	0.703703703704	0.296296296296	0.0
-ोने	0.0331491712707	0.889502762431	0.0331491712707	0.0441988950276
-ोन्	0.247786927565	0.2137437506	0.035891079476	0.502578242359
-ागे	0.422261935154	0.380137860608	0.0459535358693	0.151646668369
-ागै	0.523266917054	0.306130243809	0.0808453752626	0.0897574638742
-ागो	0.430909794175	0.239135892285	0.0306867008736	0.299267612667
-ाग्	0.251338225972	0.490140142476	0.0757396336822	0.182781997869
-दरा	0.0357142857143	0.785714285714	0.142857142857	0.0357142857143
-टोप	0.0	0.976653696498	0.0	0.023346303502
-ूका	0.0	0.727272727273	0.0	0.272727272727
-टीन	0.416597784758	0.523888245991	0.0595139692511	0.0
-आयु	0.734439536328	0.24640117142	0.019159292252	0.0
-आयू	0.386973180077	0.521072796935	0.0459770114943	0.0459770114943
-गोर	0.0249321197425	0.233781314572	0.0081968612852	0.733089704401
-गोल	0.593073593073	0.372294372295	0.025974025974	0.00865800865799
-आय्	0.490881199932	0.280722686211	0.187489347196	0.040906766661
-गोन	0.116755117513	0.692191053829	0.0636846095527	0.127369219105
-पत्	0.55101010101	0.168686868687	0.0469696969697	0.233333333333
-गोग	0.0280373831776	0.953271028037	0.018691588785	0.0
-गोङ	0.0610583446405	0.83039348711	0.0271370420624	0.0814111261873
-गोउ	0.381578947368	0.263157894737	0.355263157895	0.0
-अझन	0.438569682152	0.314333740831	0.0288814180929	0.218215158924
-ाऊद	0.00163132137031	0.969820554649	0.00163132137031	0.0269168026101
-खजी	0.853137056275	0.0285758418289	0.0150153386354	0.103271763261
-लौर	0.0	0.938144329897	0.0	0.0618556701031
-ङदा	0.0675858873499	0.146707890099	0.0194815312015	0.766224691349
-उन्	0.468968232951	0.176119016447	0.037304882262	0.31760786834
-ाऊल	0.0481391901381	0.927284075837	0.0	0.0245767340251
-तमा	0.328072994376	0.283599219557	0.0568116607368	0.33151612533
-ास्	0.265999505807	0.475436350158	0.0589887009457	0.199575443089
-ासै	0.310650887574	0.352071005917	0.337278106509	0.0
-ासे	0.219023016298	0.550536706193	0.0619840028448	0.168456274665
-ासी	0.501464055307	0.221005118512	0.042643720696	0.234887105485
-नोक	0.0	1.0	0.0	0.0
-ासर	0.454545454545	0.0727272727273	0.0	0.472727272727
-घोउ	0.370060111186	0.493775950639	0.0491760505093	0.0869878876657
-नोआ	0.00685714285714	0.993142857143	0.0	0.0
-ासब	0.590277777778	0.0763888888889	0.25	0.0833333333334
-ासम	0.0904522613065	0.72864321608	0.0452261306533	0.13567839196
-आज्	0.101323809509	0.278597777537	0.456014328435	0.164064084519
-ासन	0.154904055746	0.641956777096	0.0179501754705	0.185188991688
-तम्	0.53557312253	0.254940711462	0.0316205533597	0.177865612648
-नोश	0.0	1.0	0.0	0.0
-नोर	0.0	1.0	0.0	0.0
-िवा	0.536995515695	0.193946188341	0.0100896860987	0.258968609865
-नोस	0.243902439024	0.670731707317	0.0853658536585	0.0
-धरी	0.0307859225605	0.029904387333	0.00610293619041	0.933206753916
-डीन	0.252782193959	0.133545310016	0.546899841017	0.066772655008
-ओच्	0.00169839879353	0.000326196730779	0.0	0.997975404476
-नोन	0.262408504556	0.243136719041	0.0769249616965	0.417529814707
-कडी	0.100149476831	0.890881913303	0.0	0.00896860986546
-शसे	0.215991925535	0.63967702142	0.0787260289335	0.0656050241113
-ाम्	0.211940356824	0.50464222397	0.0421731761994	0.241244243007
-ामे	0.0286113287237	0.727511155012	0.135222589325	0.108654926939
-िधा	0.424242424242	0.030303030303	0.424242424242	0.121212121212
-लनी	0.380229764638	0.09176673558	0.021508445724	0.506495054058
-्खस	0.0960264900662	0.71523178808	0.188741721854	0.0
-रम्	0.57303946694	0.409533572527	0.00512557662738	0.0123013839057
-्खर	0.302543507363	0.145917001339	0.0829986613119	0.468540829987
-्खन	0.197278911565	0.69387755102	0.0	0.108843537415
-छला	0.316307403936	0.346298031865	0.337394564199	0.0
-रोइ	0.569248311552	0.372862029647	0.0	0.0578896588017
-ओते	0.15366289458	0.177486599166	0.156045265039	0.512805241215
-रमर	0.46	0.14	0.36	0.04
-रोग	0.171402796572	0.774470004511	0.0405953991881	0.0135317997294
-रमा	0.465919701214	0.267040149393	0.121381886088	0.145658263305
-लना	0.222080218491	0.140758766785	0.0672280677183	0.569932947005
-रोम	0.0	0.881355932203	0.0169491525424	0.101694915254
-‌गे	0.348416289593	0.477375565611	0.101809954751	0.0723981900452
-ामम	0.0	1.0	0.0	0.0
-रोन	0.0350364963504	0.947445255474	0.0175182481752	0.0
-ोजो	0.0833230053483	0.399407014767	0.422697415461	0.0945725644228
-रोद	0.0228863459615	0.908454616154	0.0333296300411	0.0353294078435
-रोध	0.233450935489	0.20402327244	0.0746415265418	0.487884265529
-नवे	0.0271683467199	0.97283165328	0.0	0.0
-ोजी	0.69626368809	0.159654041811	0.0364041536902	0.107678116409
-‌गो	0.459051072832	0.284980356603	0.10728316712	0.148685403445
-‌गै	0.356609050479	0.139745999725	0.0363119526844	0.467332997112
-रोड	0.102272727273	0.536363636364	0.0272727272727	0.334090909091
-ामा	0.549396455563	0.302465347327	0.0257025251206	0.122435671989
-रोस	0.0158206987475	0.956493078444	0.00791034937376	0.0197758734344
-इबा	0.473714952583	0.235941360236	0.148910213829	0.141433473353
-हूम	0.0	1.0	0.0	0.0
-यबा	0.101488548175	0.102802434703	0.524771916005	0.270937101116
-‌सम	0.413911060433	0.397947548461	0.0410490307868	0.147092360319
-ुदा	0.105672463075	0.564357238653	0.0175825620869	0.312387736185
-आसे	0.497487437186	0.336683417085	0.0552763819096	0.110552763819
-आस्	0.641061901395	0.132309142722	0.0254976323627	0.20113132352
-ऐना	0.388679245283	0.483018867925	0.0679245283019	0.0603773584905
-आसो	0.355512067841	0.423352902805	0.0789302022179	0.142204827136
-ूदी	0.0200681752658	0.75508346665	0.175525870987	0.049322487097
-एदा	0.0280222726668	0.0151804110202	0.0027215876331	0.95407572868
-बास	0.121652639633	0.729533282326	0.0615914307575	0.0872226472839
-‌सै	0.0526315789474	0.0657894736842	0.0	0.881578947368
-‌से	0.181674565561	0.546603475513	0.0821484992101	0.189573459716
-बार	0.0382775119617	0.933014354067	0.00956937799042	0.0191387559809
-आसि	0.561817265853	0.317989377195	0.0104013481978	0.109792008755
-बाल	0.0	0.9	0.0	0.1
-्तै	0.118159752869	0.27327890556	0.0602383053839	0.548323036187
-‌सी	0.483769743955	0.273422461303	0.11982174406	0.122986050682
-बान	0.453463040426	0.123390564514	0.0441818786042	0.378964516456
-बाम	0.352049263659	0.187556278502	0.0604176954135	0.399976762425
-ुदु	0.0769230769232	0.891608391608	0.0244755244755	0.00699300699301
-ुदे	0.0433259659015	0.0266789543974	0.00288969939316	0.927105380308
-ूसी	0.667547918044	0.190114247946	0.0594844679445	0.0828533660655
-ूसे	0.00957608012923	0.5378374104	0.0023527912143	0.450233718257
-पेन	0.532934131736	0.377245508982	0.0	0.0898203592815
-ाखउ	0.648	0.016	0.304	0.032
-बाइ	0.0135409614082	0.761679079215	0.0406228842248	0.184157075152
-आम्	0.356330659024	0.122102669465	0.0383375670508	0.48322910446
-याङ	0.0108162995011	0.890909893603	0.0735508366077	0.0247229702883
-मसङ	0.590909090909	0.227272727273	0.0	0.181818181818
-ःना	0.670687723304	0.258933214943	0.0246083592313	0.0457707025221
-बरी	0.225408348457	0.765880217786	0.0	0.00871143375678
-एन्	0.0433905146317	0.858224016145	0.0	0.098385469223
-सल्	0.443116942039	0.375628568188	0.0139891867367	0.167265303036
-यार	0.212824055518	0.237894447111	0.167640154328	0.381641343042
-सली	0.0	1.0	0.0	0.0
-्बा	0.448289141084	0.232489721856	0.0763549354055	0.242866201654
-यास	0.091700629863	0.904270100037	0.00333456835865	0.000694701741387
-याह	0.4420998456	0.356596328701	0.163618688168	0.0376851375307
-याम	0.0593638282032	0.0139815870135	0.00219757963908	0.924457005144
-याय	0.417640990371	0.258596973865	0.190165061898	0.133596973865
-याब	0.479083255311	0.131799353718	0.0156288138495	0.373488577122
-याप	0.426607738118	0.370013858197	0.0363309487246	0.167047454961
-यान	0.386540865601	0.522402917928	0.0497195848665	0.0413366316041
-मस्	0.0122630992196	0.969899665552	0.0178372352285	0.0
-गन्	0.0231039854375	0.836959375492	0.128559676544	0.011376962526
-धाग	0.469135802469	0.333333333333	0.172839506173	0.0246913580247
-मसे	0.160900317505	0.529861359565	0.0627922515934	0.246446071337
-धाक	0.142857142857	0.710204081633	0.122448979592	0.0244897959183
-मसी	0.0166666666667	0.672222222222	0.311111111111	0.0
-्बी	0.0383877159309	0.961612284069	0.0	0.0
-सला	0.252327905427	0.6425483786	0.0483398664456	0.0567838495267
-तून	0.0393811533052	0.95358649789	0.0	0.0070323488045
-ःनी	0.51420885251	0.14170064126	0.274721860174	0.069368646056
-धार	0.287671232877	0.13698630137	0.520547945206	0.0547945205479
-धान	0.0364188163884	0.0440060698027	0.0	0.919575113809
-आमा	0.00614656134041	0.968128941198	0.0	0.0257244974617
-पढब	0.858022758117	0.0889445662387	0.00501096147823	0.0480217141664
-सभा	0.0	0.884057971014	0.115942028986	0.0
-ाता	0.0598591549295	0.595774647887	0.00845070422535	0.335915492958
-ठगब	0.619544770504	0.226203912716	0.0752445447705	0.079006772009
-तिग	0.306655784373	0.0188844024937	0.00292984825073	0.671529964882
-तिङ	0.741935483871	0.129032258065	0.129032258065	0.0
-ुङ्	0.53234343424	0.291459430881	0.0695665063276	0.106630628551
-तिन	0.343137254902	0.392156862745	0.169117647059	0.0955882352941
-आभि	0.465736810188	0.272286234081	0.0	0.261976955731
-तिस	0.0	0.925925925926	0.0740740740741	0.0
-लोस	0.119363395225	0.753315649867	0.0477453580902	0.0795755968169
-धुइ	0.0419935952215	0.862279997583	0.0132929366169	0.0824334705786
-आभ्	0.252225519288	0.0356083086053	0.640949554896	0.0712166172107
-ोती	0.011676851476	0.953292594096	0.0280244435424	0.00700611088562
-जिउ	0.231062434013	0.306812697962	0.382903462078	0.0792214059472
-टिन	0.507246376812	0.463768115942	0.0	0.0289855072464
-फुइ	0.111374407583	0.317535545024	0.5	0.0710900473933
-लोन	0.168535406389	0.699905317187	0.0313948273285	0.100164449096
-लोभ	0.264376116453	0.359735471856	0.306335753107	0.0695526585839
-्‌।	0.468144613654	0.172468759158	0.0521746537575	0.307211973431
-टिस	0.12016293279	0.867617107943	0.0122199592668	0.0
-ाउस	0.503558718861	0.400355871886	0.0213523131673	0.0747330960854
-लोत	0.106382978723	0.893617021277	0.0	0.0
-लोङ	0.177966101695	0.72258225324	0.0209371884347	0.0785144566301
-ाउँ	0.173913043478	0.782608695652	0.0	0.0434782608696
-फुम	0.0	1.0	0.0	0.0
-जिन	0.551020408163	0.448979591837	0.0	0.0
-डबल	0.049290211753	0.911318523585	0.0134985642145	0.0258927004478
-लोख	0.162895927602	0.837104072398	0.0	0.0
-टिक	0.0268456375838	0.808724832215	0.144295302013	0.0201342281879
-लोए	0.0967741935484	0.870967741935	0.0	0.0322580645161
-थुउ	0.0659340659341	0.587912087912	0.313186813187	0.032967032967
-फुर	0.220650636492	0.757284299859	0.0	0.0220650636492
-कोन	0.0	0.846153846154	0.153846153846	0.0
-लोइ	0.0	0.967213114754	0.0	0.0327868852459
-डुङ	0.0577716643741	0.942228335626	0.0	0.0
-सिइ	0.144927536232	0.739130434783	0.0579710144928	0.0579710144928
-सिउ	0.387205387205	0.579124579125	0.0	0.03367003367
-चमा	0.537467700258	0.284237726098	0.124031007752	0.0542635658915
-्गो	0.549661240329	0.311327658891	0.0315611937995	0.10744990698
-्गै	0.614991588261	0.31086048975	0.0174465698797	0.0567013521091
-्गे	0.264214046823	0.501672240803	0.0468227424749	0.1872909699
-सिङ	0.0622676367949	0.853910544443	0.0431083639349	0.0407134548274
-्गु	0.0457128140744	0.253677950006	0.24876060328	0.45184863264
-ेबै	0.392082785808	0.391097240473	0.0542049934297	0.162614980289
-िसे	0.188583452556	0.430695050467	0.0164604398242	0.364261057152
-िसी	0.131162240602	0.0259560154373	0.014918729366	0.827963014595
-िस्	0.525285958201	0.46454643084	0.00459182430368	0.00557578665447
-िसै	0.385815928391	0.289419325224	0.105301813174	0.219462933211
-्पस	0.0	1.0	0.0	0.0
-रिउ	0.841770108038	0.0904693220668	0.00897774112178	0.0587828287736
-ोआम	0.045871559633	0.862385321101	0.0183486238532	0.0733944954128
-िसा	0.0	0.89336492891	0.10663507109	0.0
-िसस	0.0603248259861	0.909512761021	0.00928074245939	0.0208816705336
-रिइ	0.618181818182	0.109090909091	0.2	0.0727272727273
-रिङ	0.00924233399741	0.944135225616	0.024851609193	0.0217708311939
-िशै	0.0171919770774	0.982808022923	0.0	0.0
-िसम	0.138250393034	0.0113486073636	0.00265685875724	0.847744140845
-िसप	0.352941176471	0.558823529412	0.0882352941176	0.0
-रिप	0.335106382979	0.632978723404	0.031914893617	0.0
-्गा	0.0248840462342	0.96363100935	0.0	0.0114849444158
-चम्	0.31129476584	0.6391184573	0.0165289256198	0.0330578512397
-रिम	0.444939739145	0.346706290243	0.162126465247	0.0462275053657
-वदा	0.0322580645161	0.967741935484	0.0	0.0
-रित	0.0	1.0	0.0	0.0
-रिस	0.0	1.0	0.0	0.0
-ूएल	0.0	1.0	0.0	0.0
-्गन	0.373442435397	0.614246275524	0.012311289079	0.0
-रिल	0.390423572744	0.405156537753	0.160220994475	0.0441988950276
-सइन	0.0335195530726	0.865921787709	0.100558659218	0.0
-भन्	0.0445270093201	0.0468071363674	0.120032197556	0.788633656756
-ोसी	0.422267105502	0.190826587821	0.0994056254458	0.287500681231
-ीबा	0.475243827432	0.338590633512	0.0354757929883	0.150689746068
-ोसे	0.455403364544	0.361149677535	0.102354502129	0.0810924557928
-ोसै	0.189162561576	0.15566502463	0.048078817734	0.607093596059
-ोस्	0.0	1.0	0.0	0.0
-ेटस	0.0350877192982	0.964912280702	0.0	0.0
-ेटा	0.538873994638	0.355674709562	0.0464700625558	0.058981233244
-किम	0.147689375893	0.702715578847	0.0643163411148	0.0852787041448
-ेटब	0.314353757796	0.587807764636	0.00660727380978	0.0912312037582
-किन	0.459016393443	0.360655737705	0.16393442623	0.016393442623
-गग्	0.0271816071125	0.872642845008	0.0284274307719	0.0717481171074
-क्ष	0.0	0.964028776978	0.0	0.0359712230216
-क्र	0.265352283853	0.710340636711	0.0243070794369	0.0
-ेटी	0.114737958194	0.782894072503	0.0594516813087	0.0429162879936
-मार	0.169596687689	0.0909653595498	0.0365964683507	0.70284148441
-ीबु	0.311403508772	0.0	0.539473684211	0.149122807018
-भना	0.625	0.15625	0.0	0.21875
-ोसम	0.402116402116	0.470899470899	0.0	0.126984126984
-ाकस	0.166666666667	0.833333333333	0.0	0.0
-चगै	0.206782464847	0.564929693962	0.044665012407	0.183622828784
-ाकर	0.127529776315	0.151060327297	0.511281107776	0.210128788612
-ुवा	0.0643771141257	0.84347525193	0.080786966746	0.0113606671986
-ोपा	0.986021317491	0.0139786825092	0.0	0.0
-फल्	0.1125	0.85	0.0375	0.0
-ैना	0.181818181818	0.785123966942	0.0165289256198	0.0165289256198
-ेःउ	0.842519685039	0.157480314961	0.0	0.0
-ैनु	0.0296856024828	0.948050195655	0.0121441101066	0.0101200917555
-मिआ	0.0	0.944444444444	0.0555555555556	0.0
-फला	0.112512173868	0.852119534574	0.0246040289097	0.010764262648
-बुङ	0.0416666666667	0.916666666667	0.0	0.0416666666667
-मिन	0.217029449424	0.705213322584	0.00600686046695	0.071750367525
-ोप्	0.488996475633	0.411354305625	0.0213413915251	0.0783078272168
-बुन	0.241877256318	0.41155234657	0.314079422383	0.0324909747292
-मिस	0.0494505494505	0.950549450549	0.0	0.0
-ाक्	0.130094043887	0.597178683386	0.163009404389	0.109717868339
-ाको	0.183010492332	0.141646489104	0.62207425343	0.0532687651332
-बुल	0.280956882135	0.701156111394	0.00748927506725	0.0103977314041
-यिन	0.0436363636363	0.923636363636	0.0	0.0327272727273
-ाकी	0.0762081784387	0.163834306957	0.410780669145	0.349176845459
-आब्	0.244008714597	0.442265795207	0.213507625272	0.100217864924
-ोथी	0.0124826629681	0.983356449376	0.00416088765603	0.0
-माइ	0.0160740379932	0.806299723981	0.00454619256372	0.173080045462
-अप्	0.0338983050848	0.915254237288	0.0	0.0508474576271
-बल्	0.256684491979	0.4064171123	0.0802139037433	0.256684491979
-ताङ	0.146918678526	0.706003811944	0.102604828463	0.0444726810674
-्दन	0.0	1.0	0.0	0.0
-ाच्	0.206539438546	0.133532534358	0.123205118336	0.536722908759
-माफ	0.813228184285	0.156599871486	0.0140084026775	0.016163541551
-मान	0.105533269189	0.205912316212	0.0429319640881	0.64562245051
-माम	0.462076583211	0.285714285714	0.0975699558174	0.154639175258
-माण	0.363845710996	0.348877374784	0.0500863557858	0.237190558434
-माथ	0.0	1.0	0.0	0.0
-्से	0.380229315153	0.224976758599	0.0632166098543	0.331577316393
-मास	0.1075	0.8925	0.0	0.0
-्सी	0.572011281578	0.13804899033	0.0613922512183	0.228547476873
-माल	0.0504807692307	0.949519230769	0.0	0.0
-्पण	0.301694915254	0.677966101695	0.0203389830509	0.0
-्सै	0.41935483871	0.369501466276	0.0410557184751	0.17008797654
-थवा	0.0509314647069	0.00512732866177	0.0451204922236	0.898820714408
-ताइ	0.292783505155	0.109278350515	0.578144329897	0.019793814433
-्सा	0.0417806969531	0.932311621967	0.00729793833242	0.0186097427477
-सबा	0.274809160305	0.343511450382	0.24427480916	0.137404580153
-बलि	0.310743440432	0.672046657955	0.0	0.0172099016122
-्सस	0.0	1.0	0.0	0.0
-्सत	0.128205128205	0.666666666667	0.0769230769231	0.128205128205
-्सम	0.282442647039	0.576336029441	0.105637997908	0.0355833256112
-यरी	0.487591240876	0.258394160584	0.113868613139	0.140145985401
-ाचउ	0.586501901141	0.295627376426	0.0399239543726	0.0779467680608
-जोन	0.0255591054313	0.552715654952	0.134185303514	0.287539936102
-बला	0.0137177974704	0.970643913413	0.00329227139291	0.0123460177234
-तात	0.0	1.0	0.0	0.0
-तान	0.155191231226	0.753084993541	0.0104051631583	0.081318612074
-ताब	0.193148867155	0.756622597926	0.0348945790534	0.0153339558657
-ताम	0.0976393717945	0.184014902328	0.00146582399181	0.716879901885
-तार	0.0353015009676	0.00862925579207	0.933580879661	0.0224883635793
-आबा	0.0169135570696	0.973631294707	0.000352365772285	0.00910278245066
-जोर	0.0252310586193	0.334515002984	0.610049015175	0.0302049232216
-जब्	0.0	1.0	0.0	0.0
-ीगो	0.505929937616	0.380270103517	0.0527867279084	0.0610132309591
-ीगै	0.653631284916	0.234636871508	0.0893854748603	0.0223463687151
-ीग्	0.263079816458	0.598527075169	0.0885516527768	0.0498414555967
-जाय	0.278983748542	0.538487845506	0.0710501229509	0.111478283001
-जरी	0.516778976651	0.416780327072	0.0247126980054	0.0417279982714
-जास	0.0188679245283	0.943396226415	0.0377358490566	0.0
-जार	0.0174106690961	0.0410972770523	0.0	0.941492053852
-जाल	0.268914473684	0.637335526316	0.0592105263158	0.0345394736842
-साई	0.217391304348	0.782608695652	0.0	0.0
-साइ	0.603285752761	0.0121195798546	0.180985725828	0.203608941557
-साङ	0.574468085106	0.265957446808	0.127659574468	0.031914893617
-जरस	0.0304498269896	0.907266435986	0.0332179930796	0.0290657439446
-साब	0.273867875681	0.662863491131	0.0497618463276	0.0135067868603
-साम	0.0	1.0	0.0	0.0
-सान	0.246839161558	0.298758897595	0.330265637764	0.124136303083
-साफ	0.38436899042	0.579491667709	0.0139913432285	0.0221479986425
-आढ्	0.761834620343	0.174942589588	0.0361273086114	0.0270954814585
-टरी	0.280660377358	0.5	0.0778301886792	0.141509433962
-साव	0.03	0.58	0.375	0.015
-सार	0.0	0.996801705757	0.0	0.00319829424307
-िप्	0.104720349068	0.789369297898	0.0952003173344	0.0107100357001
-हल्	0.279427942794	0.612541254125	0.0706270627063	0.037403740374
-ढन्	0.672929752561	0.163235758374	0.0176353403512	0.146199148714
-मच्	0.209302325581	0.616279069767	0.0697674418605	0.104651162791
-ेमा	0.426052686165	0.23936942543	0.106202032773	0.228375855632
-ेमस	0.0	1.0	0.0	0.0
-हबा	0.307095177754	0.575366931742	0.0245452640611	0.092992626443
-कम्	0.0452689508255	0.352920291141	0.584945854784	0.0168649032487
-डरी	0.0351185250219	0.881474978051	0.0	0.0834064969272
-ेम्	0.0192414723607	0.884926856853	0.0108645780612	0.0849670927251
-ेमे	0.0336711388285	0.684117671194	0.00232497709214	0.279886212886
-वंश	0.282051282051	0.647773279352	0.0242914979757	0.0458839406208
-हनी	0.51362518695	0.479682628203	0.00334609242312	0.00334609242312
-ाभ्	0.512521840419	0.254513686663	0.0465928945836	0.186371578334
-हला	0.26872945866	0.650714638041	0.0229710193	0.0575848839986
-िपत	0.203632751525	0.744217397474	0.0457641549596	0.00638569604088
-ोएल	0.04	0.96	0.0	0.0
-नदा	0.173577278965	0.776852896383	0.021386312308	0.0281835123438
-िपा	0.558823529412	0.117647058824	0.0	0.323529411765
-ीहो	0.0	1.0	0.0	0.0
-ःसै	0.388171312033	0.292997960571	0.12780421482	0.191026512576
-ःसी	0.316723647229	0.0581162182292	0.0244534663525	0.600706668189
-ःसे	0.296442687747	0.703557312253	0.0	0.0
-युइ	0.0589041095891	0.5099543379	0.0266362252664	0.404505327245
-युङ	0.0	1.0	0.0	0.0
-युक	0.0361835840792	0.0401510823335	0.00404684821939	0.919618485368
-‌बा	0.188873307949	0.191887892429	0.167216824556	0.452021975066
-इनी	0.494608695652	0.361739130435	0.072	0.071652173913
-घटब	0.441441441441	0.0	0.0540540540541	0.504504504505
-मन्	0.0404042854371	0.812606308291	0.113557232389	0.0334321738832
-ःसम	0.137404580153	0.81679389313	0.0	0.0458015267176
-आढन	0.530831099196	0.276139410188	0.0723860589812	0.120643431635
-मनी	0.0	1.0	0.0	0.0
-योङ	0.357494175511	0.496505306756	0.0820605746829	0.0639399430495
-भसी	0.75747886408	0.0474745285064	0.0183177975287	0.176728809885
-योक	0.758893280632	0.229249011858	0.0	0.0118577075099
-यना	0.278573526098	0.261631758303	0.106545745095	0.353248970505
-ङबङ	0.801670146138	0.134655532359	0.0459290187891	0.017745302714
-कीश	0.0645161290323	0.870967741935	0.0645161290323	0.0
-अल्	0.0169133192389	0.983086680761	0.0	0.0
-योइ	0.0496921723835	0.849457637057	0.0871689631584	0.0136812274015
-ोभी	0.176403207331	0.823596792669	0.0	0.0
-ुरी	0.139747872361	0.414887657774	0.0435172883373	0.401847181528
-ुरु	0.0906322571317	0.847018533077	0.0334788148228	0.0288703949687
-ुरे	0.00692041522491	0.0	0.0	0.993079584775
-ुरो	0.241379310345	0.672413793103	0.051724137931	0.0344827586207
-योर	0.412698412698	0.369047619048	0.126984126984	0.0912698412699
-ुर्	0.524395440503	0.346702886971	0.120112922126	0.00878875039948
-योन	0.080118694362	0.474777448071	0.43455324761	0.0105506099571
-गती	0.172380952381	0.738095238095	0.0285714285714	0.0609523809524
-योत	0.0358285348688	0.920665387076	0.00255918106206	0.0409468969929
-सुर	0.0148116800677	0.921709691071	0.0285653829877	0.0349132458739
-गति	0.149843819559	0.305450950885	0.438956595246	0.105748634309
-ङ्‌	0.365182118322	0.440484632218	0.100395727063	0.0939375223979
-ुरस	0.0176991150442	0.87610619469	0.106194690265	0.0
-ुरा	0.0163844893501	0.729655925724	0.204806116876	0.0491534680502
-िअस	0.223602484472	0.776397515528	0.0	0.0
-सुख	0.208082545142	0.402407566638	0.289767841788	0.0997420464317
-सुङ	0.165598817151	0.642188270084	0.0413997042879	0.150813208477
-यन्	0.749755798819	0.103342048333	0.016494627574	0.130407525275
-तला	0.555090846185	0.118076866277	0.00622363062843	0.320608656909
-्रउ	0.653143878864	0.1830091441	0.0562868222823	0.107560154754
-्रइ	0.508492569002	0.231422505308	0.0127388535032	0.247346072187
-्रङ	0.101525359646	0.198209980228	0.700264660126	0.0
-तसम	0.0857142857143	0.484821428572	0.221428571429	0.208035714286
-ःबा	0.495691533841	0.221415160888	0.106848972036	0.176044333234
-आपत	0.0706137968496	0.86237716656	0.0323440817738	0.034664954817
-शून	0.538477408706	0.239735919125	0.0175366205901	0.204250051578
-्रा	0.161130055119	0.807875754254	0.0190733480782	0.0119208425489
-्रि	0.0204429301533	0.14139693356	0.838160136286	0.0
-जस्	0.355132355742	0.287411921539	0.0831460674157	0.274309655304
-्रस	0.0172496406325	0.939626257786	0.00574988021082	0.0373742213704
-सत्	0.0366462023732	0.624779168387	0.299931635271	0.038642993969
-िएल	0.0345140147818	0.951680379306	0.00690280295635	0.00690280295635
-्रो	0.347298815037	0.38380046187	0.112325378898	0.156575344194
-्रे	0.382428940569	0.277347114557	0.161929371232	0.178294573643
-्रू	0.0244055068836	0.944931163955	0.0269086357947	0.0037546933667
-्री	0.228364629978	0.648223537655	0.0485208913579	0.074890941009
-्रु	0.037284144427	0.932103610675	0.0164835164835	0.0141287284144
-लग्	0.304162459329	0.567373499383	0.0691125322562	0.0593515090317
-लगै	0.381713035903	0.156653259439	0.0206854367852	0.440948267873
-िगी	0.248587570621	0.457627118644	0.248587570621	0.045197740113
-थेन	0.714776632302	0.0721649484536	0.0412371134021	0.171821305842
-ःबै	0.538461538461	0.0384615384615	0.0576923076923	0.365384615385
-तसे	0.137119028638	0.788311767952	0.0286993315754	0.0458698718342
-आप्	0.174273858921	0.751037344398	0.0746887966805	0.0
-आपो	0.606426385583	0.301768106086	0.0663039782387	0.0255015300918
-तसी	0.226923467687	0.0293610750441	0.0138975755209	0.729817881748
-तसै	0.0794757131843	0.101526599846	0.0439167309175	0.775080956052
-ोग्	0.192843467321	0.629440980076	0.126939680431	0.0507758721723
-धीश	0.110446672165	0.845584036546	0.0141329864856	0.029836304803
-ूजा	0.0126078140115	0.971533458265	0.0129202773314	0.0029384503924
-ोगै	0.375754648636	0.315020526443	0.0837961844965	0.225428640425
-ोगो	0.323428221321	0.418842492224	0.183264209633	0.0744650768216
-रक्	0.200315457413	0.457413249211	0.0	0.342271293375
-ोगे	0.405940594059	0.378712871287	0.0965346534653	0.118811881188
-ेन्	0.212796017392	0.150754277678	0.0436173530669	0.592832351863
-िरा	0.0484836961688	0.951516303831	0.0	0.0
-ेने	0.036855036855	0.933660933661	0.00491400491401	0.02457002457
-ेनी	0.583526823903	0.364016864231	0.0133508493218	0.0391054625443
-ेना	0.606698315359	0.267100443411	0.0835791861444	0.0426220550856
-चलन	0.69512195122	0.0365853658536	0.170731707317	0.0975609756098
-ेनस	0.0242424242424	0.945454545455	0.0181818181818	0.0121212121212
-चलब	0.397218780118	0.334021754096	0.090217540961	0.178541924824
-िरे	0.166414523449	0.502269288956	0.0408472012103	0.290468986384
-िरी	0.0374049603591	0.125450688209	0.0170343901513	0.820109961281
-चला	0.680221624584	0.137733451427	0.0469793352231	0.135065588766
-डसे	0.451737451737	0.362934362934	0.162162162162	0.023166023166
-ेशू	0.0141941565905	0.70943475081	0.000629268339016	0.275741824261
-ोगस	0.0	1.0	0.0	0.0
-ेशी	0.0372135535679	0.858980218058	0.0626754586407	0.041130769733
-ंगत	0.264150943396	0.396226415094	0.301886792453	0.0377358490566
-नाश	0.537331439919	0.288959314676	0.0256707767618	0.148038468643
-नार	0.063872255489	0.522954091816	0.0119760479042	0.40119760479
-ोगल	0.0339263035427	0.13130900468	0.0122560991856	0.822508592591
-ोगब	0.663563623561	0.144897163671	0.074397589099	0.11714162367
-नाम	0.213684494414	0.727835442939	0.018963067104	0.0395169955424
-नान	0.13071193031	0.103968067732	0.443045739596	0.322274262362
-ुबा	0.717209987145	0.04308594995	0.0120572423271	0.227646820578
-ोँप	0.0432801822324	0.891799544419	0.0649202733485	0.0
-हसी	0.572962420693	0.173743289409	0.185944363104	0.0673499267936
-हसे	0.365217391304	0.286956521739	0.173913043478	0.173913043478
-ुबब	0.727172717272	0.216721672167	0.036303630363	0.019801980198
-नना	0.122944156784	0.588797951116	0.104804854964	0.183453037136
-छवा	0.0105263157895	0.989473684211	0.0	0.0
-षला	0.414937759336	0.454356846473	0.0435684647303	0.0871369294605
-ङगु	0.25017400719	0.719646932043	0.0	0.0301790607675
-उज्	0.0	1.0	0.0	0.0
-ङग्	0.139887850677	0.402483838367	0.0601508156823	0.397477495274
-ँका	0.256554835072	0.71581618269	0.0	0.0276289822385
-ःरी	0.0	1.0	0.0	0.0
-ःरे	0.0	0.205338809035	0.170431211499	0.624229979466
-ाफा	0.129157827018	0.82240798785	0.0363256388488	0.0121085462829
-ठेब	0.295597484277	0.704402515723	0.0	0.0
-ओहो	0.0441176470588	0.455882352941	0.264705882353	0.235294117647
-ँकी	0.512071869736	0.266704098821	0.104997192588	0.116226838855
-ङगर	0.0375370431347	0.856437273625	0.0665130062562	0.0395126769838
-हाइ	0.641177305636	0.332229214972	0.00662471016896	0.0199687692235
-ङगा	0.205695119447	0.706276952563	0.0327195564378	0.0553083715518
-यदा	0.438489646772	0.377588306943	0.132764920828	0.0511571254568
-कला	0.1597694039	0.517661210528	0.197482589849	0.125086795723
-भोज	0.314799934333	0.552848695426	0.0517896666161	0.080561703625
-खल्	0.218052738337	0.652941176471	0.092494929006	0.0365111561866
-भबा	0.689552238806	0.0749585406302	0.0169154228856	0.218573797678
-भोर	0.375	0.6	0.025	0.0
-रभु	0.00707571015447	0.964674175131	0.00239485574459	0.02585525897
-ीला	0.187110575985	0.544887601958	0.171653098622	0.0963487234353
-चीम	0.429583084556	0.118447415121	0.0338384033662	0.418131096957
-बोर	0.386740331492	0.613259668508	0.0	0.0
-बोन	0.539196940727	0.304015296367	0.0917782026768	0.0650095602294
-खला	0.625249038311	0.105725584917	0.0282016529512	0.240823723821
-कुट	0.024347826087	0.968695652174	0.00695652173913	0.0
-पन्	0.02457002457	0.888615888616	0.078624078624	0.00819000818999
-गथा	0.0	1.0	0.0	0.0
-सीह	0.390243902439	0.569105691057	0.0	0.040650406504
-सीन	0.0981855729132	0.136028186415	0.130466738071	0.635319502601
-ोमा	0.469908256881	0.391009174312	0.0234862385321	0.115596330275
-ोमन	0.0138270978888	0.963127738963	0.0184361305184	0.0046090326296
-ोमो	0.118278681754	0.38283637565	0.465268026761	0.0336169158338
-याँ	0.00707584629714	0.965600501078	0.0256907650174	0.00163288760704
-ोम्	0.324607329843	0.557591623037	0.0549738219896	0.0628272251309
-ोमी	0.142257163609	0.568539380476	0.246657894177	0.0425455617381
-त्र	0.352392790553	0.591671845867	0.0316967060286	0.0242386575513
-लखम	0.0917910447761	0.876865671642	0.0223880597015	0.0089552238806
-निस	0.00173553360427	0.0026033004064	0.0013016502032	0.994359515786
-र्ग	0.194341579025	0.729521552363	0.0545104428974	0.0216264257147
-आघइ	0.222551928783	0.670623145401	0.0356083086054	0.0712166172106
-कग्	0.148514851485	0.459093277749	0.0515893694633	0.340802501303
-ाते	0.0989574465302	0.0974884533748	0.0928579314718	0.710696168623
-ङरो	0.00708870204801	0.156444456289	0.836466841663	0.0
-ओन्	0.181905950503	0.257729531165	0.08288788942	0.477476628912
-ङरी	0.0844732021466	0.436751373038	0.0659314298855	0.412843994929
-ररी	0.1131656998	0.594451676237	0.0532067215456	0.239175902417
-ओने	0.1875	0.232954545455	0.170454545455	0.409090909091
-अञ्	0.056269776725	0.507841438165	0.0166559533491	0.419232831761
-हग्	0.253498385361	0.656081808396	0.0613562970936	0.0290635091496
-ातस	0.0230105465005	0.962607861937	0.0134228187919	0.000958772770854
-धुर	0.92	0.04	0.0	0.04
-आघो	0.701444622793	0.0626003210272	0.134831460674	0.101123595506
-ातउ	0.551279428764	0.366303380889	0.0274723967823	0.0549447935646
-शदा	0.492631578947	0.425263157895	0.0821052631578	0.0
-टबट	0.586206896552	0.266009852217	0.0886699507389	0.0591133004926
-पक्	0.268014073374	0.121778080875	0.121855577427	0.488352268324
-इना	0.424763998745	0.383297666387	0.124268912621	0.0676694222465
-कथा	0.0	0.619565217391	0.380434782609	0.0
-ापी	0.0280460554638	0.635925842407	0.317731691229	0.0182964109008
-ाप्	0.747196738512	0.0966718824076	0.0251131398857	0.131018239195
-ँच्	0.100237600238	0.267151767152	0.158895158895	0.473715473716
-ँचो	0.301230343029	0.667807382058	0.014666340748	0.0162959341644
-जजा	0.162429120176	0.0770278235066	0.622705932565	0.137837123753
-णदा	0.454545454545	0.462809917355	0.0413223140496	0.0413223140496
-खमा	0.605266411176	0.0684262578811	0.016812955866	0.309494375077
-ाम‌	0.141843971631	0.195542046606	0.0638297872341	0.598784194529
-खुइ	0.229802513465	0.193895870736	0.49012567325	0.0861759425493
-खम्	0.361513959556	0.152356086363	0.22801965029	0.258110303791
-ँचा	0.115942028986	0.840579710145	0.0	0.0434782608696
-लबा	0.0726691298	0.0265912475414	0.00603863988834	0.89470098277
-खुस	0.906666666667	0.0933333333333	0.0	0.0
-दरी	0.221357761325	0.709750282344	0.0658802861086	0.0030116702221
-खुम	0.0759493670885	0.683544303798	0.240506329114	0.0
-बढब	0.682418481437	0.123300479177	0.0846156842884	0.109665355098
-ेजी	0.535061373727	0.278532253852	0.116218333769	0.0701880386524
-करी	0.184687733009	0.154174156089	0.13205722576	0.529080885142
-लफल	0.700323692179	0.232849535345	0.00208833663987	0.0647384358358
-ीक्	0.20219739121	0.593695442929	0.0638580899039	0.140249075957
-ःला	0.377551520236	0.165426686763	0.0885500866819	0.368471706319
-पोन	0.228014022253	0.564700502972	0.16582837982	0.041457094955
-पोप	0.657806036464	0.0478780450437	0.0145549256933	0.279760992799
-टट्	0.24	0.52	0.12	0.12
-झाङ	0.0	0.772593619254	0.227406380746	0.0
-पोर	0.0729261622607	0.754785779398	0.155879671832	0.0164083865086
-हाङ	0.0279456032108	0.0234495420678	0.0087103178839	0.939894536837
-हाज	0.153542523232	0.810420178125	0.0159509354647	0.0200863631777
-ीणा	0.0939759036144	0.906024096386	0.0	0.0
-हाक	0.0	1.0	0.0	0.0
-हान	0.160356347439	0.788418708241	0.0467706013363	0.0044543429844
-हाप	0.102005651664	0.836377420911	0.00413536425667	0.0574815631677
-हाब	0.688263988522	0.223012912482	0.00780487804879	0.080918220947
-हाम	0.0733415299085	0.841396268776	0.0620088736836	0.0232533276314
-मदा	0.287716738737	0.511514478061	0.0532361788211	0.14753260438
-हार	0.459096524682	0.204383090724	0.147714454531	0.188805930064
-हाल	0.0829838962447	0.725024778266	0.176040051844	0.0159512736452
-नप्	0.0	1.0	0.0	0.0
-्ठा	0.150183150183	0.849816849817	0.0	0.0
-चजा	0.193168906195	0.676238030462	0.130593063343	0.0
-‌नी	0.577509879446	0.184132859787	0.0517732979841	0.186583962783
-ुठा	0.0495049504951	0.940594059406	0.009900990099	0.0
-अरब	0.0	1.0	0.0	0.0
-‌ना	0.603190104167	0.181640625	0.156575520833	0.0585937499999
-षसे	0.4	0.516666666667	0.0666666666667	0.0166666666667
-चजी	0.883645759743	0.0724564748237	0.0317039417019	0.0121938237315
-ौका	0.22319521572	0.679837676207	0.0692011960701	0.0277659120034
-ऊँट	0.523160762943	0.476839237057	0.0	0.0
-ैया	0.00398406374502	0.99203187251	0.0	0.00398406374502
-ाइँ	0.583993660856	0.33382386235	0.0747113425401	0.00747113425401
-थोन	0.758241758242	0.0952380952381	0.0	0.14652014652
-लुङ	0.0	0.960784313725	0.0392156862745	0.0
-दला	0.151130506811	0.791289575408	0.0273806602037	0.0301992575776
-्‌?	0.311125078567	0.688874921433	0.0	0.0
-थना	0.589606481583	0.381301843672	0.00535160482345	0.0237400699218
-आटु	0.119205298013	0.549668874172	0.0993377483444	0.23178807947
-लुउ	0.775985297121	0.217888503165	0.00612619971411	0.0
-पदा	0.0929301911961	0.854602045353	0.0364606491774	0.016007114273
-ुक्	0.18192217337	0.188194368758	0.451344811359	0.178538646514
-लुस	0.0	1.0	0.0	0.0
-ैग्	0.392307692308	0.561538461539	0.0461538461539	0.0
-ाइन	0.0526315789474	0.657894736842	0.0	0.289473684211
-ाइम	0.0	0.964912280702	0.0350877192982	0.0
-लुप	0.594477531132	0.27179209529	0.0081212777477	0.125609095831
-ाइस	0.0588235294118	0.941176470588	0.0	0.0
-ूग्	0.138604474782	0.530906332954	0.0458854759196	0.284603716344
-ूगो	0.541666666667	0.125	0.253205128205	0.0801282051282
-वबा	0.517390140905	0.445254098372	0.0225917838317	0.0147639768915
-रगै	0.521649484536	0.194329896907	0.14381443299	0.140206185567
-रग्	0.207326164661	0.459753685434	0.0748996857458	0.25802046416
-ावल	0.0754802601724	0.799122674331	0.0190591438512	0.106337921646
-थनी	0.0535714285714	0.946428571429	0.0	0.0
-जम्	0.0370985115135	0.130245507531	0.0412312194714	0.791424761484
-दली	0.128571428571	0.842857142857	0.0	0.0285714285714
-ेसम	0.482442748092	0.193129770992	0.20534351145	0.119083969466
-धूप	0.0232333010649	0.920619554695	0.0464666021298	0.00968054211035
-डाम	0.041095890411	0.958904109589	0.0	0.0
-ेसा	0.0	1.0	0.0	0.0
-डाह	0.0858395043071	0.633973099592	0.266586066193	0.0136013299078
-नसे	0.159184530888	0.766111314263	0.0375248894153	0.0371792654338
-डाइ	0.170684149546	0.721310085625	0.00536920337977	0.102636561449
-िलस	0.0	0.97520661157	0.0	0.0247933884298
-िला	0.220132384981	0.411835294577	0.0602959416247	0.307736378817
-ेप्	0.615051945568	0.0672893974027	0.0324060339816	0.285252623047
-युर	0.339366515837	0.495475113122	0.00678733031677	0.158371040724
-हन्	0.345175183428	0.387138775138	0.0316139424543	0.23607209898
-िलो	0.0556910662659	0.202005642585	0.734975519272	0.00732777187708
-िल्	0.45646832842	0.487693201108	0.016304833378	0.0395336370946
-हना	0.231707317073	0.682926829268	0.0609756097561	0.0243902439025
-चरा	0.566650270536	0.433349729464	0.0	0.0
-ितस	0.031007751938	0.968992248062	0.0	0.0
-िता	0.0166666666666	0.883333333333	0.1	0.0
-ेस्	0.0164672186234	0.980788244939	0.00274453643724	0.0
-ेसै	0.246719160105	0.260498687664	0.270341207349	0.222440944882
-ेसे	0.0527514590342	0.174520676825	0.0126139395022	0.760113924639
-ेसी	0.3944618112	0.16074198875	0.11886494526	0.32593125479
-ान्	0.38375082437	0.177496003225	0.06869019315	0.370062979255
-ीरी	0.13724505154	0.663456140995	0.0402865130595	0.159012294406
-यग्	0.482638888889	0.381944444444	0.0620659722222	0.0733506944445
-ानो	0.0760975609757	0.519024390244	0.387317073171	0.0175609756098
-मग्	0.187137091693	0.628242865216	0.0549920401027	0.129628002988
-रब्	0.0189035916824	0.909157739971	0.0488342785129	0.0231043898341
-चिन	0.374385337506	0.200938757264	0.091640590076	0.333035315154
-लप्	0.0573540697584	0.928863412113	0.00234929286285	0.0114332252659
-तीन	0.0	0.225992317542	0.361075544174	0.412932138284
-भजी	0.894910151472	0.0508044030483	0.00301063129175	0.0512748141876
-खबा	0.567972716796	0.248053823338	0.00790354248311	0.176069917383
-खबर	0.161392405063	0.743670886076	0.0094936708861	0.0854430379747
-तग्	0.357786357786	0.418275418275	0.042471042471	0.181467181467
-चिउ	0.59668646387	0.206736672456	0.0385681344601	0.158008729214
-तगै	0.54523260585	0.106217077633	0.0200947990383	0.328455517478
-चिइ	0.600790513834	0.284584980237	0.0316205533597	0.0830039525692
-रला	0.0382044104847	0.241665858562	0.0401173220638	0.680012408889
-दोस	0.03125	0.90625	0.03125	0.03125
-दोष	0.344664322822	0.263612084703	0.189883909273	0.201839683202
-ठीक	0.186502672444	0.175737365021	0.367896497451	0.269863465084
-दोम	0.0	0.840213049268	0.159786950732	0.0
-ानङ	0.0193122686551	0.0168982350732	0.00128748457701	0.962502011695
