-லரை	0.266113778554	0.302390998594	0.00387991658181	0.427615306271
-லரோ	0.108527131783	0.678294573643	0.0426356589147	0.170542635659
-லர்	0.100463224438	0.131386116482	0.20156107451	0.56658958457
-றாக	0.153094136767	0.111858982373	0.0817602200275	0.653286660833
-யமே	0.184546136534	0.663015753939	0.110427606902	0.0420105026257
-ையோ	0.269109576601	0.578357615937	0.0705595594102	0.0819732480523
-ையை	0.161359540958	0.665227531547	0.051478784539	0.121934142956
-ோல்	0.217181976572	0.310385019713	0.0361121030721	0.436320900644
-தகை	0.28567541831	0.377227588083	0.0	0.337096993606
-யமோ	0.525460196032	0.0753048051638	0.0143437724121	0.384891226392
-ோலை	0.00306022077307	0.967867681883	0.0290720973442	0.0
-ைய்	0.0	0.809523809524	0.0	0.190476190476
-பூச	0.621124031008	0.233527131783	0.0290697674419	0.116279069767
-ாதா	0.244444444444	0.266666666667	0.0	0.488888888889
-ீடு	0.180127077823	0.78676494245	0.00280452633553	0.0303034533918
-ிளை	0.0	1.0	0.0	0.0
-ைசி	0.0890188434048	0.137633646406	0.662768031189	0.110579479
-ையே	0.333915786284	0.3100698313	0.101587660379	0.254426722037
-ைதி	0.162037037037	0.717592592593	0.0462962962963	0.0740740740741
-கிய	0.0919690015955	0.743485233864	0.0424095432043	0.122136221336
-ணப்	0.390917653878	0.429283048944	0.131996522117	0.0478027750607
-்னே	0.245346490244	0.123794572774	0.0986768333707	0.532182103611
-்னை	0.111462622493	0.0189044535946	0.00439584078639	0.865237083126
-ாரி	0.0744219126122	0.687542855059	0.0482146764899	0.189820555839
-ாரா	0.504032519272	0.21822569152	0.0260737189868	0.251668070221
-பர்	0.358997519493	0.34307340326	0.11106817901	0.186860898237
-பூத	0.0111524163569	0.14126394052	0.847583643123	0.0
-டமே	0.31753777901	0.357548870096	0.204186884791	0.120726466103
-தொட	0.71186440678	0.0847457627118	0.0	0.203389830509
-ொதா	0.0	0.965957446809	0.0340425531914	0.0
-றாத	0.173128342246	0.555481283422	0.271390374332	0.0
-ணுவ	0.0	0.920995930093	0.0790040699067	0.0
-றான	0.203961294224	0.4341440235	0.14320273014	0.218691952136
-டம்	0.17856445118	0.300102439338	0.0152170335585	0.506116075924
-டமோ	0.377192639381	0.488521031738	0.0728924262276	0.0613939026536
-நர்	0.0655105973025	0.836223506744	0.00770712909441	0.0905587668593
-தென	0.429249994903	0.315230465007	0.111389721322	0.144129818768
-யம்	0.294949574713	0.516787465835	0.041221680571	0.147041278881
-ரென	0.305680479709	0.0520933718813	0.0272245422422	0.615001606168
-்னத	0.142340839588	0.0917431192661	0.765916041145	0.0
-்தோ	0.144133975963	0.484961259228	0.241718015984	0.129186748826
-விஷ	0.511339092873	0.34692224622	0.113390928726	0.0283477321814
-கடை	0.246696035242	0.739699403991	0.013604560767	0.0
-பழி	0.636752136752	0.0	0.192307692308	0.17094017094
-விர	0.14683108358	0.176047059911	0.0323594674556	0.644762389053
-விய	0.219089498189	0.68132436627	0.0	0.0995861355406
-ினி	0.0	0.991139988187	0.0	0.00886001181337
-ைத்	0.239809327098	0.32160054785	0.0458075989361	0.392782526117
-உடை	0.109589983489	0.572578425977	0.0192625206384	0.298569069895
-ஆம்	0.150306748466	0.0914792092706	0.0114519427403	0.746762099523
-வின	0.251908396947	0.587786259542	0.0	0.160305343511
-வடை	0.482288828338	0.455288580629	0.0237800346792	0.0386425563537
-ார்	0.48892636256	0.142493660061	0.029838019634	0.338741957745
-ததே	0.616363636364	0.238181818182	0.0400000000001	0.105454545455
-வித	0.172622379644	0.263588768864	0.0706549709746	0.493133880517
-ாரை	0.48614317009	0.355043592043	0.035579340459	0.123233897408
-ாரோ	0.504417862314	0.220539357641	0.0333437541135	0.241699025931
-்னா	0.0235214587288	0.950041797819	0.0177452113582	0.0086915320938
-விட	0.266416794243	0.200310831983	0.148064174986	0.385208198788
-இதோ	0.379183523354	0.219566016918	0.00441338727474	0.396837072453
-னம்	0.439204761756	0.440552772778	0.0534413409268	0.0668011245389
-ிரக	0.118708452042	0.710351377018	0.0498575498575	0.121082621083
-இது	0.278804584294	0.0146499291804	0.00347154719916	0.703073939327
-லன்	0.252419697452	0.361619104638	0.0632787864426	0.322682411467
-ைச்	0.24645110102	0.303067098581	0.0670631683509	0.383418632048
-லனோ	0.815384615385	0.0923076923077	0.0	0.0923076923077
-லனை	0.102764802424	0.892185330135	0.00504986744098	0.0
-னமே	0.246665696687	0.135797080363	0.143265919783	0.474271303167
-ுதே	0.383752422244	0.35493850232	0.0246335727306	0.236675502705
-கனே	0.11980760822	0.843463052033	0.0026235242676	0.0341058154788
-யமா	0.658291457286	0.0778894472362	0.0753768844221	0.188442211055
-ோலி	0.0971009106113	0.647370377253	0.173759524252	0.0817691878833
-ையா	0.354346492195	0.313695600357	0.0691101405288	0.262847766919
-ொன்	0.003359462486	0.787793952967	0.208846584547	0.0
-ததை	0.430649561646	0.264657286494	0.0659738826559	0.238719269205
-ஏலி	0.0	0.969543147208	0.0	0.0304568527919
-ிர்	0.261443693994	0.355469934157	0.227288435655	0.155797936194
-ிப்	0.40818709639	0.204171874734	0.0914976542397	0.296143374636
-மறை	0.414236282748	0.301532377657	0.177953534355	0.10627780524
-கால	0.175410123651	0.403251740167	0.167592964712	0.253745171471
-மற்	0.490690032859	0.41730558598	0.0	0.092004381161
-களோ	0.322655999411	0.276688821466	0.0512564610862	0.349398718036
-மறு	0.177852348993	0.176174496644	0.460570469799	0.185402684564
-ணிற	0.0134128166915	0.0134128166915	0.973174366617	0.0
-ிடி	0.379006883774	0.620993116226	0.0	0.0
-னஸ்	0.0	1.0	0.0	0.0
-நில	0.0358329831531	0.883791114337	0.0383924819498	0.04198342056
-நிற	0.0	0.946808510638	0.0531914893617	0.0
-்ஸ்	0.0935897435896	0.846794871795	0.0128205128205	0.0467948717949
-ழம்	0.0538020086083	0.900645624103	0.0123744619799	0.0331779053084
-ொடு	0.589380038921	0.374478732277	0.0	0.0361412288018
-ேமா	0.0328947368421	0.967105263158	0.0	0.0
-யச்	0.354767269189	0.40249756772	0.0458804854319	0.196854677659
-்ளே	0.274833430585	0.161697580839	0.0354231027337	0.528045885843
-மணி	0.113001007465	0.734612597432	0.0439219244343	0.108464470669
-ரர்	0.0157129762996	0.800314259526	0.155820348304	0.0281524158701
-எடு	0.18278750952	0.81721249048	0.0	0.0
-ானா	0.358050709557	0.436048362837	0.0260443695433	0.179856558062
-நிய	0.123167155425	0.628152492669	0.0727272727273	0.175953079179
-்லா	0.057379988729	0.0600937624496	0.0338820269267	0.848644221895
-்லி	0.447967714039	0.185067742865	0.0106658979533	0.356298645143
-்லு	0.0	0.976295292922	0.0237047070776	0.0
-100	0.0	0.211656441718	0.0	0.788343558282
-ேம்	0.00522575250836	0.955058528428	0.00418060200669	0.0355351170568
-ானே	0.384477618849	0.141561223688	0.0260742136644	0.447886943798
-ேமை	0.0859780727063	0.821119446047	0.0	0.0929024812465
-்லே	0.06	0.76	0.18	0.0
-்லை	0.388092210693	0.158350919486	0.0536675118756	0.399889357945
-ானோ	0.54745194273	0.190448171683	0.0402309554852	0.221868930101
-ானை	0.129946537075	0.443899973057	0.0068124003709	0.419341089497
-்லோ	0.0350364963504	0.871046228711	0.00729927007299	0.0866180048661
-பிய	0.604970663736	0.187908889582	0.0644337555944	0.142686691087
-ான்	0.295456365992	0.129292023727	0.0246734606586	0.550578149623
-ீம்	0.0182537268026	0.981746273197	0.0	0.0
-போல	0.188575640623	0.312316290379	0.096733532285	0.402374536713
-ஆறு	0.0	0.0374564459931	0.0383275261324	0.924216027875
-ாகே	0.0	0.79476861167	0.20523138833	0.0
-ஏன்	0.139441469013	0.0148718439174	0.00985080336648	0.835835883703
-உதவ	0.362481782219	0.192171559442	0.069539870914	0.375806787425
-ொடர	0.665361242404	0.143416610398	0.0448345712357	0.146387575962
-ிபட	0.289572275991	0.419606618795	0.059007180768	0.231813924446
-ிடு	0.453627388083	0.419479449722	0.0425562860567	0.0843368761389
-மறி	0.955947136564	0.0440528634361	0.0	0.0
-ிடை	0.572347266881	0.328778135048	0.00482315112541	0.0940514469453
-மல்	0.369223302075	0.174019451154	0.0650874967878	0.391669749983
-சச்	0.557556773689	0.133124510572	0.0743931088489	0.234925606891
-டபட	0.534454693435	0.192078133478	0.227889310906	0.0455778621812
-போக	0.5185193652	0.0652615146967	0.00137162339793	0.414847496706
-பரை	0.432970595045	0.418383885159	0.0652928918731	0.0833526279231
-ெஸ்	0.0700389105058	0.929961089494	0.0	0.0
-மப்	0.0458452722062	0.664756446991	0.289398280802	0.0
-யப்	0.229163431657	0.505161436203	0.0433523585486	0.222322773591
-பரோ	0.153276955603	0.603594080338	0.243128964059	0.0
-போட	0.399987297555	0.370606541759	0.181390917752	0.0480152429343
-ாகி	0.404002578618	0.386066661239	0.123344634956	0.0865861251863
-்தன	0.545016607323	0.226552964083	0.049789497929	0.178640930665
-ய்க	0.0496277915633	0.698097601324	0.190239867659	0.062034739454
-ுவா	0.395371419323	0.470949991908	0.0747693801586	0.0589092086099
-மதை	0.127450980392	0.294117647059	0.457516339869	0.12091503268
-ேவை	0.43636013227	0.270089059299	0.0325604041142	0.260990404317
-்தா	0.0509265652186	0.801347731227	0.0183655997127	0.129360103842
-்தி	0.279424080132	0.43636515764	0.089372764904	0.194837997324
-்பு	0.157854898357	0.370681708209	0.0458672745873	0.425596118846
-மது	0.0632169022973	0.0812576099933	0.0114763907867	0.844049096923
-்தள	0.0	1.0	0.0	0.0
-்தர	0.199154105294	0.145031598102	0.568028130917	0.0877861656871
-யூத	0.0726831653378	0.367994960132	0.127830224161	0.431491650369
-ததா	0.423006311961	0.401972269334	0.0403895581627	0.134631860542
-்தவ	0.452179570592	0.45022771633	0.0585556278465	0.039037085231
-வளோ	0.385964912281	0.103668261563	0.0	0.510366826156
-றச்	0.537488821464	0.252171556097	0.058292980637	0.152046641803
-வளை	0.0252236261298	0.0741995001985	0.00700656281384	0.893570310858
-யநல	0.0	0.411273754494	0.588726245506	0.0
-வள்	0.0939128579305	0.0713542582691	0.0240098896332	0.810722994167
-்ரி	0.0	1.0	0.0	0.0
-ோய்	0.428939322236	0.175373651561	0.032064107024	0.363622919179
-ுல்	0.0419622377698	0.711599480359	0.000227027436085	0.246211254435
-ுலை	0.101150881639	0.587055221202	0.00633512828635	0.305458768873
-ய்வ	0.317127071823	0.388397790055	0.067955801105	0.226519337017
-டப்	0.341825463782	0.392179150412	0.111556652362	0.154438733444
-ஆசி	0.589114194237	0.186766275347	0.192102454642	0.0320170757738
-ஆசா	0.0	1.0	0.0	0.0
-தறி	0.471794871795	0.401709401709	0.0581196581196	0.0683760683761
-ய்ய	0.350848538785	0.030536078974	0.00534998688225	0.613265395359
-பெற	0.480982545839	0.105915450598	0.0260381748424	0.387063828721
-ஆகி	0.0598717034925	0.780470420527	0.0997861724876	0.0598717034925
-ிஸ்	0.0035669698591	0.948813982522	0.0369181380417	0.0107009095773
-வேத	0.388633514417	0.478478896782	0.0325950689511	0.10029251985
-ூறு	0.369269837635	0.179725121093	0.0697306718135	0.381274369459
-ய்த	0.453581769158	0.107730290437	0.017248977619	0.421438962787
-உன்	0.0409293606385	0.0553867128696	0.0119862527338	0.891697673758
-ன்ற	0.297295174564	0.193016910021	0.0544342601073	0.455253655308
-ஆசோ	0.58024691358	0.378600823045	0.0	0.0411522633745
-ாரண	0.106543215233	0.223884177511	0.322288887584	0.347283719672
-ல்வ	0.382327952421	0.311809685641	0.0509770603229	0.254885301614
-காக	0.276781999876	0.280880392574	0.0479987000789	0.394338907471
-டமை	0.327959785058	0.38568209395	0.156352920784	0.130005200208
-வனா	0.370028303292	0.479517354387	0.0640548190079	0.0863995233129
-ுன்	0.202353082586	0.149516343414	0.0113489133974	0.636781660603
-வளர	0.510334996436	0.382038488952	0.0285103349964	0.0791161796151
-ாஜா	0.0602409638554	0.843373493976	0.0240963855422	0.0722891566265
-ந்த	0.165676693134	0.0668580714466	0.0607725650269	0.706692670392
-எண்	0.198347107438	0.173553719008	0.0	0.628099173554
-தது	0.513393194564	0.158185544117	0.0514271664379	0.276994094882
-ஏதோ	0.302909813844	0.326585938912	0.0216880534972	0.348816193747
-ேவி	0.0827147401909	0.892895015907	0.0	0.0243902439024
-ேவா	0.888732394366	0.111267605634	0.0	0.0
-மதி	0.42223536369	0.333212027476	0.0515853159259	0.192967292908
-்த்	0.355503093615	0.417182597063	0.136093487178	0.0912208221442
-னப்	0.22666539368	0.232750606763	0.0263307320848	0.514253267473
-்து	0.285174348103	0.255344573657	0.0395509678554	0.419930110384
-கார	0.14258281325	0.706192990879	0.0144023043687	0.136821891503
-்தே	0.24886496218	0.468541572899	0.0420280798962	0.240565385024
-தத்	0.172192674809	0.244387026801	0.0480373229173	0.535382975472
-காள	0.0140023337223	0.985997666278	0.0	0.0
-ுவு	0.148717948718	0.707692307692	0.14358974359	0.0
-ுலக	0.132323996972	0.406813020439	0.351854655564	0.109008327025
-காம	0.379596454837	0.145200829719	0.475202715444	0.0
-ாக்	0.132672974571	0.390863394441	0.0335304553519	0.442933175636
-ீமு	0.105882352941	0.788235294118	0.105882352941	0.0
-கான	0.365925237724	0.416167991387	0.114329842606	0.103576928282
-ுவே	0.212845603897	0.38315899361	0.0189278107008	0.385067591792
-ஷர்	0.841379310345	0.0758620689654	0.0	0.0827586206897
-காத	0.470861686483	0.283307161196	0.179842468656	0.0659886836661
-ுவை	0.0481646891575	0.402686396147	0.0039340529357	0.545214861759
-ுவோ	0.289865601162	0.469565668621	0.0122463805718	0.228322349644
-ீமை	0.158270640891	0.137510713265	0.340538996286	0.363679649557
-காண	0.675620578007	0.0568413478835	0.0160690730303	0.251469001079
-னத்	0.364729458918	0.261857047428	0.0480961923848	0.325317301269
-டகு	0.0263388937665	0.965759438104	0.0	0.00790166812994
-ுகே	0.183873604207	0.357573876607	0.0252957204089	0.433256798777
-னதை	0.587896912613	0.257792153345	0.040872121534	0.113438812508
-தற்	0.222461737443	0.480060357836	0.13257167493	0.164906229791
-வரி	0.0791054438155	0.896129411056	0.00105383596291	0.0237113091654
-னதே	0.203095898349	0.37274947229	0.172385248955	0.251769380406
-ளைய	0.0338945987317	0.189809752897	0.776295648371	0.0
-்தை	0.164426725744	0.687995121898	0.0340124634833	0.113565688875
-ுமா	0.314178163532	0.253767495392	0.0778330129167	0.354221328159
-னது	0.128107628121	0.107171234376	0.0506640757506	0.714057061752
-ுகு	0.0532212885154	0.662931839402	0.255368814192	0.0284780578898
-தலே	0.0566106137929	0.492456565995	0.0234250815695	0.427507738643
-ுமண	0.290512174643	0.493982647635	0.0265883011475	0.188916876574
-ட்ட	0.470223724427	0.277266297304	0.0995298849564	0.152980093313
-ாவோ	0.504725897921	0.381852551985	0.0	0.113421550095
-ாவை	0.237206816737	0.697724326393	0.0265514921939	0.0385173646759
-ாவே	0.0136529865908	0.950995530272	0.00195042665583	0.0334010564811
-தல்	0.219901330255	0.19764797184	0.369347736384	0.213102961521
-ுகை	0.278220804537	0.593301435407	0.0132908027645	0.115186957292
-ுளை	0.17549950645	0.311583103577	0.0255284386807	0.487388951292
-ுக்	0.269667479984	0.282592838262	0.0403357026661	0.407403979088
-தலை	0.379965681564	0.276696032316	0.21223797356	0.13110031256
-ட்க	0.522626123839	0.112518295051	0.0359927118492	0.328862869261
-ாவு	0.0115495668912	0.976900866218	0.0115495668912	0.0
-ன்ய	0.212150433944	0.625843780135	0.162005785921	0.0
-கர்	0.0853883113689	0.81383728533	0.0801996292942	0.0205747740074
-கவோ	0.260930700966	0.375497470461	0.222559788845	0.141012039728
-ஆண்	0.0701670644392	0.71646778043	0.0959427207637	0.117422434368
-ஆணை	0.257473895008	0.424974967816	0.0171649263339	0.300386210843
-வச்	0.281562714188	0.467032213845	0.111583276217	0.13982179575
-பிற	0.128853813247	0.183950435168	0.175542115356	0.511653636229
-கரே	0.0239927911568	0.918804212496	0.00817185662106	0.0490311397263
-எதை	0.306612053833	0.163838502048	0.00702165008777	0.522527794032
-னின	0.161943319838	0.730094466937	0.107962213225	0.0
-ரச்	0.636250044107	0.241786048607	0.100387982656	0.0215759246306
-ேக்	0.107786496508	0.846943174959	0.0258687591618	0.0194015693714
-ாயு	0.0158227848101	0.98417721519	0.0	0.0
-எது	0.261406844106	0.256970849176	0.0605988593156	0.421023447402
-ூர்	0.498084291188	0.306513409962	0.088122605364	0.107279693487
-ோதி	0.366307915426	0.384169147393	0.222807419281	0.0267155178994
-ெடி	0.183177956101	0.739379277791	0.0278793957989	0.0495633703092
-னித	0.0225233317221	0.848167165765	0.025578428231	0.103731074282
-ோதே	0.334091273753	0.191949939258	0.0284823618402	0.44547642515
-ோது	0.33864022666	0.145979449342	0.0235086074147	0.491871716583
-ரசி	0.0	0.975738734528	0.0	0.0242612654717
-டின	0.336809608072	0.47695242398	0.161640500483	0.0245974674648
-ோத்	0.0359355638166	0.934324659232	0.0	0.0297397769517
-ரசவ	0.0627370878319	0.92500729501	0.00875401225562	0.00350160490224
-டிய	0.353396351582	0.205805733032	0.0830049899458	0.357792925441
-ோதோ	0.152734215192	0.312696031638	0.0572753306969	0.477294422474
-ஓடி	0.876683203402	0.0297661233168	0.0	0.0935506732814
-இவை	0.193642199595	0.191581335899	0.0118481710732	0.602928293432
-ங்க	0.518354165772	0.32408805473	0.0774843062531	0.0800734732454
-றைய	0.204658603522	0.116009984692	0.273489539518	0.405841872268
-்பே	0.274414415218	0.192648809656	0.0309636453628	0.501973129763
-ாவா	0.588108108108	0.39027027027	0.012972972973	0.00864864864863
-ாவி	0.0160531500345	0.828934202594	0.155012647371	0.0
-ுயல	0.209934755195	0.418334338505	0.0805965239322	0.291134382368
-வர்	0.147366415013	0.154951094858	0.0547004303231	0.642982059806
-ுகழ	0.0947136563877	0.65859030837	0.0881057268722	0.15859030837
-ஞனே	0.0371900826446	0.446280991736	0.49173553719	0.0247933884297
-வாழ	0.559022298967	0.0922921194439	0.026645628033	0.322039953556
-தலி	0.0	1.0	0.0	0.0
-தலா	0.230769230769	0.746153846154	0.0	0.0230769230769
-ாரே	0.541280253336	0.209681067632	0.0237502827414	0.22528839629
-ுகி	0.579476987448	0.246255230125	0.0439330543933	0.130334728033
-ீஷ்	0.123456790123	0.814814814815	0.0617283950617	0.0
-னதா	0.326770004189	0.345622119816	0.17469627147	0.152911604525
-ெயா	0.0	1.0	0.0	0.0
-ுமே	0.191721197658	0.0881847489701	0.0336815557721	0.6864124976
-ுமை	0.267470153243	0.372222544627	0.139366849943	0.220940452187
-ுமோ	0.362591608008	0.331790451747	0.127743846412	0.177874093833
-ும்	0.228153904749	0.320245904735	0.0571666816938	0.394433508822
-்டே	0.498275864934	0.296031913532	0.0759932264341	0.129698995099
-்றை	0.280925615611	0.228555829086	0.0470940289041	0.4434245264
-்றோ	0.298213434223	0.206713282819	0.405657980377	0.0894153025815
-ாமை	0.131185550049	0.522049033852	0.238330034373	0.108435381726
-கல்	0.122956302137	0.692296820401	0.0441559616933	0.140590915769
-ாம்	0.146736125374	0.151934280498	0.0624142355799	0.638915358548
-தக்	0.172494230033	0.134391469089	0.0918455253447	0.601268775533
-்று	0.274931019284	0.0837693998385	0.020709717164	0.620589863713
-ரேன	0.0645161290322	0.903225806452	0.0	0.0322580645161
-்டோ	0.343002499108	0.368796858265	0.241342377722	0.0468582649054
-ரேய	0.0	0.929453262787	0.0705467372135	0.0
-்றே	0.264890242506	0.163518664202	0.0455358643264	0.526055228966
-்டை	0.178527114659	0.592059217533	0.0294957122603	0.199917955548
-றதே	0.427779283831	0.294793033034	0.133101142776	0.14432654036
-ுறி	0.429667519182	0.263427109974	0.0	0.306905370844
-ுறா	0.405014464802	0.53712632594	0.0	0.0578592092575
-வான	0.23361074703	0.408772340241	0.252229617784	0.105387294944
-ேறு	0.0831243319987	0.240417690309	0.248768313954	0.427689663738
-றது	0.438533166122	0.237680749089	0.0636030735536	0.260183011236
-வாத	0.395441149937	0.175768328622	0.184188368317	0.244602153124
-ுசி	0.243381725021	0.17634500427	0.546648163962	0.0336251067464
-றத்	0.585516997167	0.119688385269	0.100743626062	0.194050991501
-666	0.0	0.0	0.0	1.0
-றதை	0.514459632636	0.234066638189	0.0825288338317	0.168944895344
-ிலக	0.386167146974	0.394812680115	0.0806916426513	0.138328530259
-ிது	0.108224908847	0.0395778161582	0.592400690846	0.259796584149
-ருட	0.601238460038	0.290935417287	0.0388174041631	0.0690087185122
-வாச	0.216350123864	0.505367464905	0.278282411231	0.0
-ரணா	0.43795620438	0.537712895377	0.0243309002433	0.0
-வாக	0.25190518094	0.352107867158	0.0830192483611	0.31296770354
-னவா	0.53905322843	0.356028306448	0.0895345259549	0.0153839391675
-ித்	0.420939763817	0.225995077665	0.170260741819	0.182804416698
-ியா	0.0625582499974	0.888134106679	0.0312791249987	0.0180285183245
-144	0.0249376558604	0.304239401496	0.124688279302	0.546134663342
-சன்	0.0263170719821	0.795311662362	0.0175447146547	0.160826551001
-ிலா	0.222222222222	0.269841269841	0.380952380952	0.126984126984
-ைது	0.714189860168	0.122896481387	0.0	0.162913658445
-சனை	0.18787354388	0.620327196398	0.0145812302713	0.177218029451
-னிய	0.103588354773	0.665809072444	0.204874746107	0.0257278266757
-ின்	0.0847102143443	0.592888300616	0.0312928781957	0.291108606844
-சனா	0.236842105263	0.710526315789	0.0	0.0526315789474
-டது	0.546859410478	0.262691567997	0.0748814073205	0.115567614205
-ிலை	0.228585339135	0.325146386948	0.0894623132398	0.356805960677
-ேபா	0.0117027501463	0.637214745465	0.0175541252194	0.333528379169
-ணமே	0.149734686901	0.682545816674	0.0853163691494	0.0824031272759
-லறை	0.0994830781235	0.888813030333	0.00438895932898	0.00731493221496
-டதே	0.545454545455	0.272727272727	0.0495867768595	0.132231404959
-டதை	0.52775094134	0.303727581252	0.0390810790725	0.129440398335
-ணமோ	0.0524017467249	0.737991266376	0.0	0.2096069869
-ணவை	0.255399272587	0.555344555666	0.0463484502237	0.142907721523
-லிய	0.0267213818772	0.543307291554	0.426327501768	0.00364382480143
-ிலே	0.262725527466	0.576397024514	0.0466223524979	0.114255095522
-யிட	0.29727022289	0.363385925369	0.201602804909	0.137741046832
-ணம்	0.375067023148	0.364923604943	0.0363732787118	0.223636093197
-ிதர	0.266993597603	0.599509603596	0.0	0.133496798801
-லிவ	0.0313137710224	0.882837238759	0.0752937865034	0.0105552037154
-்டக	0.0747384155456	0.925261584454	0.0	0.0
-ளென	0.415131211614	0.203098827471	0.100502512563	0.281267448353
-ளன்	0.252739483917	0.473504932678	0.212121212121	0.0616343712844
-னச்	0.222057612867	0.184376942385	0.0114961706934	0.582069274054
-ிதா	0.026571412225	0.938568845131	0.0214173244016	0.0134424182423
-ிதி	0.0308920678675	0.936314813935	0.0142578774773	0.0185352407205
-்றன	0.44174076209	0.289741583327	0.0910332373761	0.177484417207
-ேஸ்	0.0176366843033	0.971781305115	0.010582010582	0.0
-அது	0.221153558947	0.0101742883599	0.00705666238538	0.761615490307
-ளது	0.297869503578	0.0807078994161	0.0287793258763	0.59264327113
-அதே	0.0638758982549	0.0527805717722	0.298122090069	0.585221439904
-ோபை	0.0	1.0	0.0	0.0
-கக்	0.359499238821	0.274489748275	0.0963029128128	0.269708100092
-றதா	0.546337431553	0.159623928092	0.0201467093708	0.273891930985
-அதோ	0.280639431616	0.159857904085	0.00532859680284	0.554174067495
-அதை	0.133382706906	0.0401407146825	0.0132568042955	0.813219774116
-பற்	0.0633402275077	0.936659772492	0.0	0.0
-ுறு	0.902173913043	0.0978260869565	0.0	0.0
-்டன	0.549198093367	0.312736599838	0.0696751149723	0.0683901918231
-ோபு	0.0092015719352	0.968369596473	0.0011501964919	0.0212786351002
-லிக	0.117199391172	0.846270928463	0.0182648401827	0.0182648401827
-ாமா	0.254998873493	0.506759040216	0.0773769291427	0.160865157148
-்றி	0.285086797152	0.204420980857	0.0337611605028	0.476731061489
-்றா	0.313638943187	0.176555898859	0.0640015133363	0.445803644618
-்டி	0.515748867497	0.306368452292	0.0470338318165	0.130848848395
-்டா	0.486355039178	0.252904620373	0.0851121318563	0.175628208592
-லிட	0.153465346535	0.846534653465	0.0	0.0
-லஸ்	0.0	1.0	0.0	0.0
-நற்	0.40321253415	0.44610118166	0.150686284191	0.0
-ராக	0.192805354048	0.219467567943	0.196351212845	0.391375865164
-ாறை	0.0824175824176	0.818681318681	0.0824175824175	0.0164835164835
-சேஷ	0.173970491081	0.539748953975	0.0913895617705	0.194890993173
-சகல	0.00997150997151	0.0498575498575	0.0712250712251	0.868945868946
-டத்	0.519035285072	0.282211256688	0.0558233918792	0.14293006636
-ெயை	0.0	0.9375	0.0625	0.0
-ராட	0.213114754098	0.754098360656	0.0163934426229	0.0163934426229
-ாறு	0.347346002191	0.141247936784	0.0283380567156	0.48306800431
-ெய்	0.42555847528	0.229669252807	0.0387109660265	0.306061305886
-ோன்	0.020294275797	0.968794199979	0.00221708261117	0.00869444161243
-தீய	0.109461524873	0.241836852252	0.304994585295	0.34370703758
-யது	0.36563873885	0.294620535294	0.106652995947	0.23308772991
-நண்	0.292647058824	0.383823529412	0.235294117647	0.0882352941177
-சீக	0.522243713733	0.0599613152805	0.301740812379	0.116054158607
-லப்	0.482952026917	0.368537174497	0.031139360994	0.117371437593
-யதே	0.192028009696	0.324804740102	0.394290331269	0.0888769189334
-யதை	0.386161222538	0.274166791358	0.0389876529045	0.3006843332
-ூரண	0.142292490119	0.561264822135	0.296442687747	0.0
-இதே	0.0858475894245	0.102643856921	0.117573872473	0.693934681182
-யத்	0.266841932304	0.278973600613	0.0583305948078	0.395853872275
-ுபல	0.136307311029	0.863692688971	0.0	0.0
-ுணை	0.0656683675903	0.765034097954	0.0708188277934	0.0984787066623
-னன்	0.0465459303273	0.807085769602	0.0334092740328	0.112959026038
-சலை	0.241965973535	0.584120982987	0.0793950850662	0.0945179584121
-னனை	0.655737297405	0.227254648504	0.0856865864573	0.0313214676345
-சல்	0.14742261821	0.735725347439	0.0726051366626	0.044246897689
-பசி	0.166278528179	0.142058686539	0.649743828598	0.0419189566837
-ஊதி	0.106074637097	0.857556915898	0.0363684470048	0.0
-ாஸ்	0.120254316204	0.777393044837	0.00192663790981	0.100426001049
-ராத	0.617621643396	0.155042134193	0.072768382138	0.154567840273
-ுபட	0.26948051948	0.469619666048	0.158858998145	0.102040816327
-்ணே	0.120868744098	0.793830657853	0.0154233553667	0.0698772426818
-ாஸை	0.125867195243	0.856293359762	0.017839444995	0.0
-யஸ்	0.0255668847969	0.91690762441	0.0063917211992	0.0511337695936
-்ணோ	0.0605075914617	0.778979214522	0.0238108577511	0.136702336265
-ினா	0.214689265537	0.785310734463	0.0	0.0
-கதை	0.457908163265	0.295918367347	0.0	0.246173469388
-்ணை	0.161735725028	0.727511042204	0.0480424237553	0.0627108090127
-ரான	0.121571441464	0.382098388634	0.142545920809	0.353784249093
-கத்	0.379100314479	0.2506928233	0.104749337075	0.265457525145
-ேன்	0.596621829011	0.138775064367	0.0389527372588	0.225650369363
-கூட	0.11455272189	0.112917607619	0.0221477963497	0.750381874141
-ோதை	0.156837046745	0.694626474443	0.045871559633	0.102664919179
-430	0.216368846932	0.127444369521	0.0	0.656186783547
-காய	0.785427945613	0.0893912468488	0.114766293342	0.010414514196
-்ணி	0.474537037037	0.0773809523809	0.145502645503	0.30257936508
-ினை	0.369053580371	0.442914371557	0.114171256885	0.0738607911868
-சத்	0.695267279537	0.21620701396	0.020429009193	0.0680966973102
-ேடோ	0.0755576876949	0.874070520508	0.0503717917966	0.0
-னனா	0.636363636364	0.227272727273	0.0	0.136363636364
-தாக	0.36575227802	0.28784751035	0.13193630559	0.21446390604
-சலா	0.0	1.0	0.0	0.0
-மலை	0.0806713589605	0.883378451543	0.00649702219815	0.0294531672983
-ேடு	0.121081599716	0.460498562091	0.338918973883	0.0795008643099
-ெரு	0.162328442972	0.754850922858	0.0686228111689	0.0141978230005
-பச்	0.655115511551	0.0990099009901	0.212871287129	0.03300330033
-நம்	0.0224513553966	0.0301846000333	0.00149675702644	0.945867287544
-ுப்	0.250130960969	0.327219970296	0.0485700731757	0.37407899556
-டலை	0.163816539507	0.794089274752	0.0	0.0420941857406
-சபை	0.00749250749251	0.866633366633	0.0	0.125874125874
-ுபை	0.0379935612158	0.826839314459	0.0371650411893	0.098002083136
-தாத	0.603670143912	0.164471179472	0.183887915937	0.0479707606792
-டல்	0.260668886767	0.647520177608	0.0212237615923	0.0705871740323
-ுணி	0.0647684605757	0.841364205257	0.0250312891114	0.0688360450563
-அறை	0.0	0.837479798785	0.124280153871	0.0382400473448
-நேர	0.540425531915	0.331914893617	0.0255319148936	0.102127659574
-சபா	0.036704730832	0.963295269168	0.0	0.0
-டலே	0.170212765957	0.627659574468	0.159574468085	0.0425531914893
-யதா	0.177215189873	0.746835443038	0.0759493670886	0.0
-தூர	0.0266723116003	0.140770533446	0.0946232006774	0.737933954276
-தார	0.190653314258	0.758607534573	0.00734382451121	0.0433953266571
-தாள	0.0	0.732974910394	0.267025089606	0.0
-ாறா	0.322580645161	0.208728652751	0.303605313093	0.165085388994
-தாழ	0.258333333333	0.0416666666667	0.025	0.675
-ன்ன	0.140798412073	0.0410044669639	0.00505616102362	0.813140959939
-்னு	0.161073825503	0.812080536913	0.0268456375839	0.0
-ன்ப	0.153330983433	0.793796263659	0.0	0.052872752908
-ஓசை	0.0113827307713	0.977234538457	0.00569136538565	0.00569136538566
-ொரு	0.0822914028191	0.0436382236324	0.0502270872699	0.823843286279
-்வே	0.0	0.947916666667	0.0520833333333	0.0
-்வு	0.1133361229	0.803829830281	0.0255406318829	0.0572934149358
-500	0.241758241758	0.029304029304	0.0549450549451	0.673992673993
-ிகழ	0.590459569517	0.304828388598	0.0	0.104712041885
-ாப்	0.122196233491	0.29415596707	0.0241176776627	0.559530121775
-நடு	0.238478281442	0.682028958077	0.0794927604807	0.0
-்வை	0.28407629062	0.378283647482	0.104778417883	0.232861644014
-்வோ	0.643656716418	0.309701492537	0.0279850746269	0.0186567164179
-்சச	0.0	1.0	0.0	0.0
-ணல்	0.238372093023	0.674418604651	0.0348837209302	0.0523255813953
-தவா	0.751072961373	0.171673819742	0.0257510729614	0.0515021459228
-வலி	0.384328358209	0.503731343284	0.0	0.111940298507
-ோக்	0.0	1.0	0.0	0.0
-பமோ	0.0939263340294	0.837650508731	0.0684231572399	0.0
-ீரோ	0.606238336444	0.31778192482	0.0279925353239	0.0479872034124
-ீரை	0.173116430175	0.768775978214	0.00125412068224	0.0568534709283
-ோமா	0.0875664725247	0.797720942011	0.0227905798936	0.091922005571
-ோமி	0.0	1.0	0.0	0.0
-ீர்	0.275769658015	0.164789422633	0.0128862680635	0.546554651289
-தகு	0.48444586735	0.226562083133	0.134357825089	0.154634224428
-ீரு	0.00127307447485	0.981540420115	0.00572883513685	0.0114576702737
-ணைய	0.234519104084	0.765480895916	0.0	0.0
-ீரே	0.454219030521	0.130161579892	0.008078994614	0.407540394973
-பவி	0.377790921189	0.345852432353	0.276356646459	0.0
-ஞான	0.233217592593	0.695891203704	0.0303819444444	0.0405092592593
-ஷம்	0.0979270702353	0.421893299802	0.137057661218	0.343121968744
-்சி	0.350357943816	0.336520427804	0.0708960230318	0.242225605348
-வம்	0.144876925718	0.542996298948	0.0982420844755	0.213884690859
-ழத்	0.434505677098	0.282470229853	0.04209360288	0.240930490169
-உலக	0.259678379988	0.254318046456	0.173317450864	0.312686122692
-ஜீவ	0.0100518548065	0.920702034304	0.00223374551256	0.0670123653769
-்ச்	0.701312138456	0.223298687862	0.0106993368763	0.0646898368057
-ழகு	0.0964912280702	0.578947368421	0.298245614035	0.0263157894737
-்சு	0.193233977446	0.514365047884	0.103700345668	0.188700629002
-்பி	0.474512526042	0.087332308112	0.0402161430043	0.397939022842
-ூகி	0.0	1.0	0.0	0.0
-தச்	0.279665425189	0.134162834731	0.0587794677598	0.527392272321
-ோமோ	0.302994715208	0.388138578978	0.0187903699354	0.290076335878
-யலை	0.284891598916	0.610094850949	0.015243902439	0.0897696476965
-ீரி	0.0	0.968	0.008	0.024
-ீரா	0.157257430414	0.767730775279	0.00550401006448	0.0695077842428
-ோம்	0.505163549876	0.230663805693	0.0516233087514	0.212549335679
-ரக்	0.170608688187	0.658748282967	0.0905048076923	0.0801382211538
-பவை	0.357205713125	0.298111419482	0.234684898125	0.109997969268
-400	0.0190657769304	0.0381315538608	0.0	0.942802669209
-ோமே	0.423466920599	0.292354503456	0.124513647624	0.159664928321
-வலை	0.346903724162	0.386208086998	0.0965174988133	0.170370690027
-தேவ	0.0359465126702	0.688148236571	0.0107208897438	0.265184361015
-வல்	0.177772200611	0.75362864433	0.0296984146903	0.0389007403689
-றகே	0.264344262295	0.338114754098	0.331967213115	0.0655737704918
-சாள	0.631681750114	0.192525555049	0.175792694837	0.0
-டன்	0.220268413779	0.317137130351	0.121246474395	0.341347981475
-றக்	0.463932002565	0.279392516679	0.0484704286403	0.208205052116
-ீன்	0.122997891398	0.78781858849	0.0138171650877	0.0753663550235
-னவை	0.240169186667	0.287060873475	0.320797032207	0.15197290765
-னவோ	0.0208970818718	0.458168520039	0.0194044331667	0.501529964923
-திக	0.131917724998	0.0711661411173	0.246246419996	0.550669713889
-ிரி	0.181090555837	0.598052880554	0.0155220476432	0.205334515965
-ூனீ	0.03	0.73	0.0	0.24
-ெண்	0.0239414148582	0.574739984987	0.0103064665233	0.391012133632
-னவு	0.0627450980392	0.909803921569	0.0156862745098	0.0117647058824
-்வி	0.316804407714	0.529115607485	0.00873943193693	0.145340552864
-ிகை	0.0323767476085	0.908756438558	0.0132450331125	0.0456217807211
-ஏசா	0.296282664704	0.535977180714	0.0460066249539	0.121733529628
-சாக	0.224859874711	0.443785031322	0.00494559841739	0.326409495549
-னவே	0.147939481428	0.0228511102668	0.00262710038951	0.826582307915
-லத்	0.524083521177	0.225619883735	0.0385721912445	0.211724403844
-றவு	0.197972758948	0.341252243691	0.362580508922	0.0981944884384
-்சை	0.215482789876	0.698359913664	0.006949729146	0.0792075673137
-டாத	0.423378800009	0.348205400633	0.164985671637	0.0634301277207
-ெளி	0.0557925828684	0.737446668854	0.00984574991795	0.196914998359
-ீசி	0.395746190944	0.0821848475506	0.0488676095013	0.473201352004
-றவே	0.524336361596	0.328050610181	0.0731862913039	0.0744267369192
-ழல்	0.245114844018	0.562221460405	0.151525539938	0.0411381556393
-றவை	0.235540484366	0.329059683049	0.213893207145	0.221506625439
-றவோ	0.505891254999	0.25997189493	0.185493460166	0.0486433899038
-ரவி	0.637045880948	0.011939280232	0.143271362784	0.207743476036
-ளிய	0.238568588469	0.10536779324	0.134194831014	0.521868787276
-சில	0.0941035117965	0.0345688779727	0.0471654110479	0.824162199183
-டான	0.216071441894	0.46165668201	0.221219197398	0.101052678698
-லமே	0.132327073404	0.191804917925	0.0152544723339	0.660613536337
-நீல	0.0	0.372600130332	0.627399869668	0.0
-ிவு	0.304652198816	0.301304652199	0.0538916820467	0.340151466938
-வது	0.304955274154	0.241264028455	0.219654948064	0.234125749328
-னக்	0.308484992065	0.0922309696913	0.022493151696	0.576790886547
-சின	0.30162842339	0.552183567728	0.116580310881	0.0296076980015
-ாமோ	0.134615384615	0.5	0.0384615384615	0.326923076923
-வதோ	0.51634274547	0.160787112914	0.095114674687	0.227755466928
-வதை	0.490941035056	0.194771043088	0.0554971750708	0.258790746785
-ிவை	0.367404616109	0.454545454545	0.0734809232219	0.104569006123
-மாக	0.205760467716	0.257192101187	0.173746354898	0.3633010762
-லமை	0.077351377707	0.589751334895	0.0833283782659	0.249568909132
-ாதை	0.294368887833	0.573291562735	0.0100467197213	0.122292829711
-ாதோ	0.219376790831	0.626014804203	0.154608404966	0.0
-கஸ்	0.0219362386663	0.978063761334	0.0	0.0
-்கு	0.186617946459	0.280816236281	0.0292003232711	0.503365493989
-லகி	0.271103217718	0.0932929377351	0.0536982866695	0.581905557877
-ளதோ	0.315789473684	0.55023923445	0.133971291866	0.0
-ாது	0.292179118392	0.129388252966	0.0498844070496	0.528548221593
-ளதே	0.369886858137	0.212358572672	0.0	0.417754569191
-ீயே	0.00757575757574	0.141414141414	0.0151515151515	0.835858585859
-ாதே	0.36930460248	0.321840091801	0.190041382381	0.118813923338
-மாத	0.0	1.0	0.0	0.0
-ஆலய	0.312267657992	0.39405204461	0.0669144981413	0.226765799257
-லவை	0.25568418265	0.11139484735	0.495876366663	0.137044603337
-றலே	0.106382978723	0.893617021277	0.0	0.0
-நல்	0.08	0.755	0.045	0.12
-முழ	0.0224215246637	0.307174887892	0.269058295964	0.40134529148
-ுழு	0.0706292333366	0.069942083047	0.191584045025	0.667844638592
-றல்	0.44730182614	0.267491963614	0.0656589836537	0.219547226592
-யன்	0.0828620202826	0.793421507006	0.0325861877516	0.0911302849598
-லவு	0.441539718937	0.161077939474	0.22097986242	0.17640247917
-யனோ	0.530418250951	0.332699619772	0.0228136882129	0.114068441065
-லவே	0.087909737521	0.0901351825927	0.107001441313	0.714953638573
-ுழை	0.864498644987	0.135501355013	0.0	0.0
-யனை	0.300421493291	0.601230072256	0.0180639981649	0.0802844362885
-ாதன	0.822580645161	0.0806451612903	0.0	0.0967741935484
-ீயன	0.446316318833	0.226804123711	0.266532562233	0.0603469952225
-லவா	0.3231148589	0.158452312095	0.0281591524856	0.49027367652
-லவி	0.0235849056604	0.929245283019	0.0	0.0471698113208
-பான	0.140457369234	0.226000241149	0.228978745133	0.404563644485
-ரலை	0.271016311167	0.683814303639	0.0451693851945	0.0
-ஈயை	0.307062436029	0.692937563971	0.0	0.0
-பாத	0.549899193548	0.16935483871	0.0680443548387	0.212701612903
-ரல்	0.057127312296	0.847055978721	0.0408052230686	0.0550114859146
-கைய	0.250082590023	0.116451932607	0.127188635613	0.506276841758
-கபு	0.0202702702702	0.95945945946	0.0	0.0202702702702
-ளதா	0.418472063854	0.307867730901	0.0855188141391	0.188141391106
-ாறி	0.520041567696	0.215112826603	0.105997624703	0.158847980998
-ீயா	0.563120567376	0.10780141844	0.141843971631	0.187234042553
-அவை	0.177974199713	0.0529904877731	0.0226404030752	0.746394909438
-ாதி	0.0292334968926	0.779416069771	0.0137569397142	0.177593493623
-லக்	0.485034233831	0.204105034173	0.0134272860121	0.297433445984
-ோனே	0.0148544266191	0.959744503862	0.0254010695187	0.0
-்கி	0.697472705608	0.0562122633355	0.00948148843337	0.236833542623
-்கா	0.0325655719639	0.922948350599	0.0193777092058	0.0251083682316
-வீச	0.217441860465	0.538372093023	0.104651162791	0.139534883721
-கப்	0.243335604208	0.242398412891	0.132876434838	0.381389548063
-பேச	0.65585548599	0.142666529816	0.0267884635123	0.174689520682
-னமோ	0.117622348246	0.433102289435	0.449275362319	0.0
-இடி	0.140965399402	0.807774455361	0.0256300726185	0.0256300726185
-தவு	0.238178282416	0.71018129352	0.00632331723232	0.0453171068315
-லமி	0.109589041096	0.890410958904	0.0	0.0
-வதா	0.475210060653	0.352317622837	0.0916476545546	0.0808246619554
-ோமை	0.055189170427	0.937868795557	0.0	0.00694203401594
-றமை	0.46527729696	0.26171847954	0.273004223499	0.0
-ரவே	0.030612244898	0.204081632653	0.0	0.765306122449
-ரவு	0.132356863566	0.667962462515	0.0254219864527	0.174258687466
-கண்	0.0	1.0	0.0	0.0
-ண்ட	0.376690782377	0.106571723572	0.144255793906	0.372481700145
-200	0.0266666666666	0.146666666667	0.02	0.806666666667
-பாக	0.127771861877	0.264243644188	0.0352855033688	0.572698990566
-நகர	0.0949529512404	0.656971770744	0.0752780153977	0.172797262618
-றவி	0.0186625194401	0.136858475894	0.0186625194402	0.825816485226
-ரவோ	0.177339901478	0.448275862069	0.285714285714	0.0886699507389
-கலை	0.21879528048	0.763817015111	0.017387704409	0.0
-ொழி	0.366551500756	0.499352191751	0.0744979486072	0.0595983588858
-யாக	0.313416445072	0.299008055513	0.136952836435	0.25062266298
-ஏழை	0.0973325188353	0.102015882712	0.773773162289	0.0268784361637
-யல்	0.145076318811	0.45621403816	0.304805375434	0.0939042675951
-தான	0.128637638758	0.280452384832	0.522013558794	0.0688964176166
-யக்	0.367492902352	0.170892842457	0.0675276082853	0.394086646905
-றம்	0.261401819077	0.16470987012	0.131532712863	0.44235559794
-ிசு	0.0974808324206	0.858707557503	0.026286966046	0.0175246440307
-தடை	0.678714859438	0.111111111111	0.053547523427	0.156626506024
-ேழு	0.00990099009903	0.0	0.029702970297	0.960396039604
-படை	0.108192047248	0.806170765236	0.0578891095157	0.0277480780001
-ிசை	0.233962264151	0.68679245283	0.022641509434	0.056603773585
-தின	0.261837704629	0.542862172153	0.0	0.195300123218
-ெல்	0.561748641935	0.276757744839	0.00928717264557	0.152206440581
-கள்	0.227755537707	0.221087919079	0.0324616612795	0.518694881934
-ிச்	0.327871379838	0.201745523567	0.0431865789775	0.427196517618
-ீழே	0.0554383272588	0.0297333589104	0.0153462497602	0.899482064071
-்டு	0.334057244835	0.118768365589	0.0338548637755	0.513319525801
-ஷப்	0.115711094564	0.790469099032	0.0625465376024	0.0312732688012
-ீலை	0.21689285493	0.522835719155	0.260271425916	0.0
-ேரா	0.0	1.0	0.0	0.0
-ேரி	0.0	1.0	0.0	0.0
-பனி	0.0713213213213	0.891141141141	0.0375375375375	0.0
-யாத	0.294677041292	0.152837362027	0.155816667391	0.396668929289
-கவா	0.641487905066	0.226837060703	0.0324052943861	0.0992697398448
-டவே	0.30622636258	0.192946839339	0.0704824898901	0.430344308191
-ாயா	0.249655381214	0.642901541094	0.0604487727901	0.0469943049022
-ாயி	0.31638083974	0.564754583087	0.0	0.118864577173
-டவோ	0.352226720648	0.368421052632	0.206477732793	0.0728744939271
-டவை	0.33508167931	0.458445061288	0.0918706965088	0.114602562893
-யான	0.218922814847	0.287004282455	0.236079558093	0.257993344604
-ாயை	0.22153369481	0.621611154144	0.0871417505809	0.0697134004648
-றகு	0.081689697589	0.0139420693483	0.00191195853926	0.902456274523
-பன்	0.0401082279339	0.819277547132	0.0699860754236	0.0706281495101
-ெகூ	0.0	1.0	0.0	0.0
-ாய்	0.324071300261	0.387138195319	0.130043452132	0.158747052289
-பனை	0.210775754552	0.685707158893	0.0685956597654	0.0349214267898
-ெகு	0.232717190388	0.109426987061	0.153789279113	0.504066543438
-பனே	0.0643656716418	0.818097014925	0.0839552238806	0.0335820895522
-கவே	0.248667651719	0.183634827173	0.0512904684058	0.516407052702
-ுடய	0.48439181916	0.341227125942	0.0129171151776	0.16146393972
-னாக	0.275714746257	0.370280374164	0.189834099884	0.164170779695
-ாயே	0.510112949829	0.386130811663	0.0394011032309	0.0643551352771
-ணிய	0.381090334475	0.291019225704	0.213326310245	0.114564129576
-இதய	0.323809523809	0.571428571429	0.0	0.104761904762
-ெவி	0.93956043956	0.0274725274725	0.0	0.032967032967
-டகை	0.181978798587	0.722614840989	0.00265017667845	0.0927561837456
-ுடி	0.38098888463	0.490992717516	0.116519739364	0.0114986584898
-டக்	0.424153944228	0.40318227715	0.094051435724	0.0786123428986
