-hăš	0.297196261682	0.657943925234	0.022429906542	0.0224299065421
-rba	0.0191586838817	0.980841316118	0.0	0.0
-xla	0.174404963633	0.201960426497	0.0910346985062	0.532599911364
-uft	0.0683988752185	0.848846930073	0.0591101390777	0.0236440556311
-oyd	0.12041744715	0.420390687717	0.132459191865	0.326732673267
-ɣim	1.0	0.0	0.0	0.0
-ɣil	0.0291552987749	0.390052426042	0.503597603381	0.0771946718023
-ɣib	0.157215145699	0.190193683476	0.443203629384	0.209387541441
-ḍăɣ	0.402083476954	0.328094703145	0.127621459288	0.142200360613
-oyt	0.156424551484	0.731122678152	0.0310724760219	0.081380294343
-ufa	0.108718408853	0.0853895618364	0.44250037386	0.363391655451
-oyy	0.885714285714	0.114285714286	0.0	0.0
-i-s	0.104177548227	0.682625500834	0.0122276244937	0.200969326445
-i-t	0.270973963356	0.381870781099	0.248794599807	0.0983606557377
-seɣ	0.435691956533	0.108991217188	0.030938321838	0.424378504441
-i-a	0.328824626866	0.241138059701	0.0792910447761	0.350746268657
-i-e	0.231439046746	0.442713107241	0.0559120073327	0.26993583868
-i-i	0.177522520607	0.712094613885	0.0459645137189	0.0644183517892
-i-k	0.0424843212624	0.807186541963	0.00367652780155	0.146652608973
-ɣla	0.0481247925656	0.951875207434	0.0	0.0
-xbu	0.172284169623	0.44378273357	0.271583037675	0.112350059132
-weḍ	0.403648032427	0.238304340483	0.0405336936328	0.317513933457
-ido	0.00256574727389	0.989737010904	0.0	0.00769724182167
-idi	0.08100810081	0.833483348335	0.018901890189	0.0666066606661
-ida	0.095785440613	0.904214559387	0.0	0.0
-ṣka	0.00553841284911	0.981011155946	0.00158240367118	0.0118680275338
-uta	0.0	1.0	0.0	0.0
-ute	0.202810136778	0.55048252614	0.0308011276345	0.215906209448
-dĕš	0.746478873239	0.203442879499	0.0500782472613	0.0
-utt	0.0810810810811	0.918918918919	0.0	0.0
-raɣ	0.304177348816	0.291358769416	0.191072236465	0.213391645302
-mĕd	0.358256056061	0.350579570786	0.123482089018	0.167682284134
-kaḍ	0.103639243653	0.750673338329	0.0636691599232	0.0820182580955
-mĕm	0.405034925476	0.342985526813	0.217075940859	0.0349036068518
-mĕl	0.622206364138	0.200038924389	0.0483311168056	0.129423594667
-mĕn	0.4221848647	0.273176559726	0.132706802041	0.171931773532
-mĕk	0.0995767862181	0.0527694159031	0.0166400652019	0.831013732677
-mĕt	0.562513733245	0.275433970556	0.0988793671721	0.0631729290266
-mĕw	0.43094534712	0.543205317578	0.0258493353028	0.0
-mĕs	0.483016188484	0.35179235859	0.0642005130472	0.100990939879
-mĕy	0.596262380863	0.301700616707	0.0261633339563	0.0758736684732
-hăn	0.199122075879	0.272152052683	0.0399827479804	0.488743123457
-hăl	0.412158197395	0.272503227321	0.0988146931112	0.216523882173
-hăm	0.383067987781	0.282910472498	0.16571611273	0.168305426991
-hăk	0.375283290146	0.446457147035	0.0201856921215	0.158073870698
-hăf	0.0704225352113	0.741784037559	0.0469483568075	0.140845070423
-hăd	0.554519659506	0.22334819619	0.0421564653425	0.179975678962
-ḍaw	0.590157154673	0.316790736146	0.0868486352357	0.00620347394542
-ḍam	0.533519553073	0.156424581006	0.150837988827	0.159217877095
-hăy	0.539739499179	0.0668502778333	0.0243770592124	0.369033163776
-hăt	0.187519231507	0.285170761303	0.161863948445	0.365446058745
-hăr	0.208157927637	0.245050378544	0.06204244698	0.484749246839
-hăs	0.55737704918	0.270491803279	0.122950819672	0.0491803278689
-wăɣ	0.432218438212	0.317439361965	0.0958724654325	0.15446973439
-ḍaf	0.237611181703	0.686149936468	0.0762388818297	0.0
-zin	0.0	1.0	0.0	0.0
-yĕm	0.399459050174	0.344625723746	0.0374445771287	0.218470648951
-yĕl	0.0	0.962216624685	0.0377833753149	0.0
-aaa	0.214743589744	0.099358974359	0.166666666667	0.519230769231
-yĕn	0.370993570592	0.425607686608	0.0750495948756	0.128349147924
-yĕd	0.416531540439	0.502392722958	0.0541823215345	0.0268934150682
-yĕs	0.0957534549697	0.831023314759	0.0563255617469	0.0168976685241
-yĕt	0.392197337186	0.426910241855	0.101627274917	0.0792651460419
-ija	0.260086285383	0.0621159913598	0.0130463033089	0.664751419948
-iji	0.265545307219	0.341939526113	0.05690618053	0.335608986138
-ijj	0.63503649635	0.102189781022	0.21897810219	0.043795620438
-i-š	0.317879405048	0.147108560143	0.0606554341789	0.47435660063
-nhh	0.0432146400617	0.505456950722	0.323448351891	0.127880057326
-ĕmt	0.315851393747	0.545404961956	0.0196080199055	0.119135624391
--ha	0.227526433709	0.378090483865	0.265850398962	0.128532683464
--hi	0.308586031684	0.393701649721	0.079618605624	0.218093712971
-ĕma	0.185316728859	0.468057366363	0.234950321449	0.11167558333
-roɣ	0.263032485525	0.479908139171	0.180530248305	0.0765291269987
-ĕmi	0.208860759494	0.0253164556962	0.0	0.76582278481
-miḍ	0.471295790049	0.284308365227	0.205030071077	0.0393657736468
-yat	0.513764685254	0.438891811327	0.0368227248816	0.0105207785376
-iḍt	0.20779448132	0.391141143908	0.220680860787	0.180383513985
-yas	0.0128175300727	0.97757470789	0.00206803846552	0.0075397235722
-yar	0.0377572210685	0.899943364168	0.0566358316028	0.00566358316028
-sĕw	0.45328147788	0.431988332523	0.0831307729704	0.0315994166261
-sĕt	0.448275862069	0.51724137931	0.0	0.0344827586207
-sĕs	0.555142083897	0.392422192152	0.0	0.0524357239512
-sĕn	0.551802971588	0.229297140443	0.123757644769	0.0951422432001
-sĕm	0.317426064764	0.497701680353	0.0309101769494	0.153962077933
-sĕl	0.438090418354	0.41725708502	0.0721153846154	0.0725371120108
-yaa	0.32140950347	0.306994127069	0.0448478376936	0.326748531767
-sĕj	0.433526011561	0.549132947977	0.0173410404624	0.0
-sĕf	0.0494561157602	0.94187525737	0.00425751278807	0.004411114082
-sĕd	0.51250873515	0.187700908456	0.0754716981132	0.224318658281
-ăṣt	0.0855762594893	0.67977915804	0.0814354727399	0.153209109731
-yak	0.359292035398	0.343362831858	0.297345132743	0.0
-ofa	0.329843384962	0.427186986242	0.0380721640564	0.20489746474
-dĕs	0.053908286459	0.847552819317	0.0245832761696	0.0739556180546
-dĕt	0.121895919776	0.423680177798	0.151541846272	0.302882056153
-dĕw	0.388041945847	0.379490832053	0.12815572974	0.104311492361
-dĕy	0.518918918919	0.383783783784	0.0324324324324	0.0648648648649
-dĕb	0.418032786885	0.532786885246	0.0	0.0491803278689
-dĕd	0.468139234373	0.19211355193	0.0751494104345	0.264597803263
-dĕj	0.36576209917	0.255912130137	0.298578897919	0.0797468727749
-dĕk	0.397078804348	0.249660326087	0.205502717391	0.147758152174
-dĕl	0.443155925233	0.316592875271	0.133269113207	0.10698208629
-dĕm	0.151057235937	0.475905452522	0.0552354998514	0.317801811689
-dĕn	0.232147040312	0.536547227963	0.0199060768108	0.211399654914
-ẓẓa	0.0821280835774	0.781394365772	0.0741266342583	0.0623509163924
-ẓẓe	0.47965738758	0.149179157744	0.0157030692363	0.355460385439
-răɣ	0.403494400384	0.333546643908	0.0963268873233	0.166632068385
-ẓẓu	0.144622093023	0.654069767442	0.201308139535	0.0
-laf	0.437652811736	0.430562347188	0.019315403423	0.112469437653
-šăḍ	0.5	0.5	0.0	0.0
-wăš	0.486055776893	0.183266932271	0.163346613546	0.167330677291
-ḍăs	0.535332300656	0.197610090728	0.100538467212	0.166519141403
-ḍăr	0.10451717307	0.452135822103	0.425769370274	0.0175776345526
-glă	0.494763058238	0.0807091763047	0.0119409095561	0.412586855902
-ḍăw	0.509394572025	0.414057063326	0.0347947112039	0.0417536534446
-ḍăt	0.222745382893	0.186752820135	0.206041945608	0.384459851364
-ḍăy	0.657079646018	0.316371681416	0.0265486725664	0.0
-adi	0.213573801614	0.729473184623	0.0	0.0569530137637
-adt	0.0309506263817	0.938098747237	0.0309506263817	0.0
-ḍăf	0.601895734597	0.398104265403	0.0	0.0
-ḍăd	0.424498775991	0.188582628366	0.241858014936	0.145060580707
-ḍăn	0.255710295594	0.352462605148	0.153039210858	0.2387878884
-ḍăm	0.478662861189	0.28664899838	0.115929355465	0.118758784965
-ḍăl	0.573820078227	0.274211212516	0.0698826597132	0.0820860495437
-fli	0.35749822317	0.423596304193	0.0867093105899	0.132196162047
-sen	0.41058880482	0.344826814737	0.0729848734115	0.171599507031
-ywa	0.222845776799	0.241528734816	0.0724586204448	0.463166867941
-sel	0.568922305764	0.349874686717	0.0511278195489	0.0300751879699
-sej	0.0	1.0	0.0	0.0
-sed	0.567886771702	0.231118655414	0.0443493437253	0.156645229158
-seb	0.595	0.235	0.08	0.09
-i-ɣ	0.0869324997015	0.574095626463	0.00940687496768	0.329564998868
-ĕjă	0.210247349823	0.275029446408	0.279151943463	0.235571260306
-oha	0.71354705274	0.208893485005	0.0	0.0775594622544
-sex	0.0101226261359	0.959130306998	0.00432196117845	0.0264251056873
-set	0.395692182918	0.356075446586	0.0690508869341	0.179181483561
-ser	0.854700854701	0.0683760683761	0.0	0.0769230769231
-ad-	0.359130965884	0.348224413227	0.017799493936	0.274845126952
-aan	0.466292134831	0.47191011236	0.0168539325843	0.0449438202246
-tăd	0.519347180399	0.269935560785	0.147408556952	0.0633087018633
-uul	0.025641025641	0.653846153846	0.25641025641	0.0641025641026
-uun	0.237945492662	0.230607966457	0.468553459119	0.062893081761
-uud	0.299008084399	0.383922940198	0.244825411387	0.0722435640158
-ăja	0.344126641482	0.339719373988	0.115128620255	0.201025364274
-qub	0.0155907904055	0.962246193706	0.00722549314453	0.0149375227442
-qud	0.129042778714	0.572430287547	0.165679186824	0.132847746915
-ăjj	0.403962306126	0.154374889074	0.0204214693499	0.42124133545
-wĕš	0.494163424124	0.350194552529	0.0778210116732	0.0778210116732
-qul	0.247349823322	0.375441696113	0.244699646643	0.132508833922
-qur	0.378863029378	0.11903853491	0.42884395269	0.0732544830218
-qut	0.304518664047	0.607072691552	0.0884086444008	0.0
-žăx	0.584269662921	0.370786516854	0.0449438202247	0.0
-iwt	0.313725490196	0.392156862745	0.0588235294118	0.235294117647
-raw	0.25021399287	0.173585914147	0.0376897237612	0.538510369222
-rat	0.579309571606	0.230064494084	0.0650546704822	0.125571263828
-ert	0.294581163805	0.463321375878	0.141177633952	0.100919826365
-ras	0.223250198398	0.547089825071	0.175295561992	0.0543644145397
-žăr	0.599177800617	0.310894141829	0.0154162384378	0.0745118191161
-ran	0.294833018827	0.521588625093	0.081098872164	0.102479483916
-iwa	0.498448444011	0.41289121376	0.0230516889796	0.0656086532494
-erk	0.139893141515	0.307033117815	0.217205463504	0.335868277167
-raj	0.260434285927	0.540928645049	0.118629437727	0.0800076312967
-rah	0.376667368381	0.278599633833	0.0919883387875	0.252744658999
-raf	0.148138081	0.830116879587	0.00543625985321	0.0163087795597
-era	0.313438841202	0.493428111588	0.0684012875536	0.124731759657
-rad	0.609330955223	0.224138717161	0.0850487467982	0.0814815808178
-ere	0.0648823111014	0.308022158961	0.00622033945788	0.62087519048
-žăb	0.742424242424	0.20303030303	0.0	0.0545454545455
-swa	0.466126951648	0.287109114363	0.175926337796	0.0708375961923
-ozi	0.0	0.966101694915	0.0338983050847	0.0
-răš	0.388105762767	0.360728035689	0.0488378725224	0.202328329022
-aza	0.0	0.877551020408	0.0816326530612	0.0408163265306
-nox	0.00519255733449	0.97836434444	0.0060579835569	0.010385114669
-ikf	0.454922795949	0.287066246057	0.141789805745	0.11622115225
-wăy	0.448694136012	0.355618446792	0.068676227757	0.127011189439
-ika	0.00932763311309	0.937427127866	0.0532452390206	0.0
-iko	0.0121951219512	0.987804878049	0.0	0.0
-wăt	0.394220861396	0.340299958999	0.101392054267	0.164087125338
-ikk	0.659915246514	0.0506242595462	0.0352000364531	0.254260457486
-hăɣ	0.565021649349	0.275867643194	0.0540880350888	0.105022672368
-wăs	0.508489018597	0.381164390857	0.0395160087766	0.0708305817693
-wăr	0.225153409323	0.0471422355318	0.0144571162791	0.713247238866
-wăm	0.517024938646	0.190691274965	0.0958237650238	0.196460021365
-wăl	0.212009399382	0.320081304846	0.0308876367404	0.437021659031
-iku	0.100558659218	0.899441340782	0.0	0.0
-wăn	0.221328878484	0.309771136126	0.0579134031994	0.41098658219
-iks	0.0682190882256	0.931780911774	0.0	0.0
-wăj	0.0600500417014	0.864887406172	0.0750625521268	0.0
-wăd	0.350522799709	0.334602444717	0.131063863565	0.183810892009
-ḍaɣ	0.0964358993845	0.759936165362	0.0615548293943	0.0820731058591
-bok	0.304787000439	0.151075977163	0.00439174352217	0.539745278876
--ib	0.300808897876	0.513397371082	0.132709807887	0.0530839231547
-ĕju	0.49436795995	0.50563204005	0.0	0.0
--ih	0.355147369635	0.117972562733	0.106213734005	0.420666333628
--ik	0.336476472924	0.483485843198	0.113203721072	0.0668339628062
--ij	0.517675124702	0.209065278681	0.0182173064411	0.255042290176
--im	0.578767123288	0.116438356164	0.0171232876712	0.287671232877
--il	0.389839034205	0.220824949698	0.178068410463	0.211267605634
--in	0.293274413885	0.346342446517	0.06339818675	0.296984952849
-ĕja	0.118517479739	0.112035105556	0.0523544913258	0.717092923379
-ĕjj	0.503281153872	0.291578371727	0.124136988174	0.081003486226
-tof	0.826333711691	0.102156640182	0.0715096481271	0.0
-gla	0.398760987796	0.239163492199	0.0811099128735	0.280965607131
-tot	0.297872340426	0.460512080779	0.0	0.241615578795
-žya	0.134770889488	0.822102425876	0.0350404312669	0.00808625336929
-tor	0.585664335664	0.16958041958	0.0786713286713	0.166083916084
-kĕẓ	0.343909620499	0.636935919625	0.0191544598759	0.0
-ror	0.326885029677	0.330182457683	0.26599252583	0.0769399868103
-ros	0.156159629844	0.721226142279	0.105263157895	0.0173510699826
-xya	0.0310444918137	0.897478343689	0.0112930291623	0.0601841353349
-rod	0.0	0.653846153846	0.346153846154	0.0
-rof	0.0	0.914477703116	0.0855222968844	0.0
-ron	0.0	1.0	0.0	0.0
-roj	0.266137301817	0.54571030421	0.0353377330213	0.152814660952
-swă	0.307803232934	0.598255611118	0.0662635190138	0.0276776369345
-sar	0.639751552795	0.304347826087	0.0186335403727	0.0372670807454
-wĕn	0.404023495785	0.422750445142	0.0836999259536	0.0895261331191
-wĕm	0.603439413743	0.221285594701	0.0925205234019	0.0827544681538
-wĕl	0.120598286461	0.768290817561	0.018473304613	0.0926375913645
-sat	0.229744136461	0.634328358209	0.0879530916845	0.047974413646
-wĕd	0.0242038062242	0.963803316818	0.00327078462489	0.00872209233303
-iwă	0.579908675799	0.283105022831	0.0	0.13698630137
-wĕy	0.424707206778	0.408851229905	0.0612393540291	0.105202209288
-yaɣ	0.351088481005	0.503780718337	0.0576254649673	0.0875053356911
-say	0.160183431363	0.267730036886	0.178666134982	0.39342039677
-wĕt	0.436715576467	0.36144307135	0.0642222484218	0.137619103761
-ɣĕn	0.487195393224	0.329630116987	0.0715892500204	0.111585239769
-ɣĕm	0.475258918297	0.319332566168	0.0759493670886	0.129459148446
-ɣĕl	0.3129798211	0.261688951528	0.160108028126	0.265223199246
-ɣĕd	0.523640415013	0.236125617993	0.132999094771	0.107234872223
-mḍe	0.0993048659384	0.539225422046	0.321747765641	0.0397219463754
-ɣĕs	0.0	0.928697796601	0.0713022033989	0.0
-ɣĕr	0.219931271478	0.230240549828	0.446735395189	0.103092783505
-raš	0.194324057944	0.619078490591	0.0611365125348	0.12546093893
-măɣ	0.343882253014	0.382914590291	0.0923546617701	0.180848494925
-răr	0.479538300105	0.300104931794	0.214060860441	0.00629590766
-răs	0.4739547773	0.309972288044	0.122494879312	0.0935780553435
-răt	0.249841222051	0.299404012756	0.0867706318908	0.363984133302
-răw	0.42453961577	0.194708714328	0.0591800722933	0.321571597609
-răy	0.396529137289	0.381000044159	0.138760910844	0.0837099077086
-suḍ	0.430576530159	0.273163365017	0.0879452784934	0.20831482633
-răd	0.353483402866	0.42236421028	0.0336686318566	0.190483754997
--wi	0.231008524166	0.200064553852	0.054114886112	0.51481203587
-răh	0.472315327082	0.233367537359	0.120406956539	0.173910179019
-kĕḍ	0.376140317793	0.432248214386	0.0961103626351	0.0955011051857
-răk	0.713499449615	0.174422095467	0.076053237266	0.0360252176524
-răm	0.495557254844	0.304845974826	0.0898227309867	0.109774039343
-răn	0.281669604558	0.278658131833	0.157728394317	0.281943869292
-leh	0.34602513272	0.353720852093	0.0942194744977	0.206034540689
-mud	0.478577366013	0.335224475632	0.0466625239083	0.139535634447
-lek	0.254403131115	0.181506849315	0.0469667318982	0.517123287671
-lel	0.744627686157	0.234382808596	0.0209895052474	0.0
-lem	0.37442417463	0.246736119846	0.152273195587	0.226566509938
-len	0.224734932149	0.641917919941	0.063762895696	0.0695842522143
-yti	0.0	1.0	0.0	0.0
-mum	0.446030330062	0.382247992864	0.122658340767	0.0490633363069
-mun	0.136990005147	0.679579277226	0.0330695567082	0.150361160919
-led	0.694026576769	0.110844291536	0.0368518881974	0.158277243497
-ăft	0.199150554783	0.698250791025	0.00801685244727	0.094581801745
-šar	0.141344456923	0.64275400518	0.119525108295	0.0963764296028
-šam	0.537856440511	0.417895771878	0.0	0.0442477876106
-šal	0.168457866267	0.630474460299	0.0327973499344	0.168270323499
-neḍ	0.0582466676467	0.0425114995269	0.00995031976034	0.889291513066
-šak	0.1910301546	0.662023572631	0.0826572784326	0.0642889943364
-mur	0.172161172161	0.725274725275	0.058608058608	0.043956043956
-šad	0.383421159686	0.425454820673	0.124590432762	0.0665335868787
-kuḍ	0.199887939487	0.180977727973	0.033618153803	0.585516178737
-les	0.366773308958	0.316499085923	0.164191042048	0.152536563071
-let	0.403401060071	0.357575088339	0.126479681979	0.112544169611
-šab	0.133004926108	0.770114942529	0.0870279146141	0.00985221674876
-lăš	0.174197826043	0.62785557855	0.123204275582	0.0747423198248
-bka	0.272265805261	0.420858329488	0.200738347946	0.106137517305
-ăxx	0.62392264032	0.295354214841	0.0428841706958	0.0378389741434
-ăte	0.531813113693	0.361184044887	0.0258964859907	0.0811063554293
-ăta	0.323160054977	0.496017924049	0.110970948732	0.0698510722422
-ătt	0.10939319145	0.722721557305	0.0863875564662	0.0814976947794
-tăt	0.348289529103	0.213796302146	0.113836494167	0.324077674584
-bḍă	0.676056338028	0.176056338028	0.0	0.147887323944
-lsa	0.293965498183	0.577064619058	0.0566796607297	0.072290222029
-lso	0.320232896652	0.553129548763	0.0975254730713	0.0291120815138
-rid	0.283300198807	0.573558648111	0.110006626905	0.0331345261763
-est	0.171554409711	0.704909227629	0.0354495649371	0.0880867977226
-jan	0.277950624054	0.225345969283	0.0724082389046	0.424295167759
-rib	0.379562043796	0.576642335766	0.0	0.043795620438
-iṭṭ	0.0355763600597	0.926824213636	0.00414481864774	0.0334546076567
-ita	0.0	1.0	0.0	0.0
-ihă	0.507982261641	0.0737250554323	0.199445676275	0.218847006652
-fad	0.121676475715	0.580980683507	0.25899208912	0.0383507516581
-mma	0.0785453645866	0.899189807657	0.0148432185045	0.00742160925227
-šwa	0.108765195138	0.852847088932	0.0	0.0383877159309
-fan	0.25979918059	0.45181756837	0.139605122161	0.148778128879
-fal	0.270267452533	0.188905959067	0.0546115545258	0.486215033875
-far	0.470657754011	0.345545454545	0.124652406417	0.0591443850268
-fas	0.030756288229	0.923514726695	0.0204454756944	0.0252835093815
-uda	0.0348909657321	0.936561880487	0.01823845936	0.0103086944208
-faw	0.615475070555	0.335136406397	0.0141110065851	0.0352775164629
-fat	0.046512896014	0.885689877674	0.0127233400585	0.0550738862533
-ude	0.372360976956	0.253622188492	0.229681247413	0.144335587139
-nnă	0.508061810496	0.0630543291884	0.0104827955534	0.418401064762
-fay	0.430192402565	0.512086827824	0.01233349778	0.0453872718302
-rĕḍ	0.289720539379	0.275942935314	0.143638850889	0.290697674419
-nud	0.563119872658	0.419737969879	0.0171421574629	0.0
-nži	0.837004405286	0.0837004405286	0.0	0.079295154185
-baḍ	0.0136487716106	0.977252047316	0.00909918107372	0.0
-făḍ	0.069320157002	0.095676258362	0.0151637843442	0.819839800292
-rit	0.140334910052	0.775440764507	0.0431642361821	0.0410600892593
-los	0.020918070889	0.863084497997	0.0211933086639	0.0948041224502
-rḍă	0.833333333333	0.121212121212	0.0454545454546	0.0
-ĕkš	0.522644851143	0.291810744708	0.16783334739	0.0177110567597
-ted	0.937813440321	0.0320962888667	0.0	0.0300902708124
-oḍa	0.447088260387	0.299001440274	0.0705734494115	0.183336849927
-bḍa	0.504206957177	0.184352630918	0.0533718447822	0.258068567123
-šĕt	0.12	0.77037037037	0.0874074074074	0.0222222222222
-ẓĕy	0.329024676851	0.412455934195	0.258519388954	0.0
-kra	0.256567168566	0.497349789078	0.134558213694	0.111524828662
-šĕy	0.142857142857	0.0238095238095	0.0	0.833333333333
-ẓĕn	0.491046704818	0.395237216171	0.0568580395053	0.0568580395053
-ẓĕm	0.552285741106	0.29329766263	0.0952783253544	0.0591382709097
-ẓĕl	0.427867225141	0.444684405491	0.10202648718	0.0254218821877
-šĕd	0.521837535807	0.352984168523	0.112800745011	0.0123775506596
-šĕf	0.234329232572	0.417106033978	0.210896309315	0.137668424136
--ăk	0.61334218387	0.38665781613	0.0	0.0
--ăj	0.341548428002	0.179425386689	0.0598704359731	0.419155749336
-šĕk	0.53302433372	0.274333719583	0.13180764774	0.0608342989571
-ẓĕd	0.558684646091	0.340108071269	0.012267549411	0.0889397332295
-šĕm	0.411605001018	0.464271225776	0.0772679328932	0.0468558403128
-šĕl	0.497952034235	0.233540580538	0.0551018556985	0.213405529528
-šĕn	0.41366441797	0.422695409634	0.0815233203635	0.0821168520322
-lăb	0.25755369494	0.229159082636	0.0141062977794	0.499180924645
-lăf	0.38185813883	0.370832070324	0.0726356471658	0.17467414368
-lăg	0.0454545454546	0.909090909091	0.0	0.0454545454545
-lăd	0.426154434479	0.240168589785	0.117072653879	0.216604321856
-lăj	0.375804375804	0.33462033462	0.289575289575	0.0
-lăk	0.53399771862	0.294398102293	0.0358167197893	0.135787459297
-lăh	0.151102663617	0.156153456075	0.0294334487909	0.663310431518
-lăn	0.398612761612	0.293580226788	0.068377539864	0.239429471736
-lăl	0.478009112975	0.366274496444	0.055916535366	0.0997998552144
-lăm	0.390208652335	0.239606230791	0.0658683195826	0.304316797291
-lăs	0.285726135447	0.131789492734	0.0459758847172	0.536508487102
-kăɣ	0.569233015615	0.20224700872	0.0389535591158	0.189566416548
-lăw	0.501343553619	0.271215835733	0.0936740571037	0.133766553544
-rna	0.101095455081	0.419673327967	0.0532116688946	0.426019548057
-lăx	0.0	1.0	0.0	0.0
-lăy	0.515284956203	0.269273386913	0.100112080826	0.115329576058
-rni	0.0	1.0	0.0	0.0
-năɣ	0.13785878739	0.470753783117	0.0190455399273	0.372341889566
-urt	0.0690021231423	0.846514508139	0.0362703467799	0.0482130219391
-laḍ	0.0	1.0	0.0	0.0
-zna	0.548779813572	0.416389309685	0.0208985260457	0.0139323506972
-ĕẓẓ	0.312195121951	0.609756097561	0.0585365853658	0.0195121951219
-ĕyh	0.696776203084	0.187665472668	0.0594922909204	0.0560660333281
-ĕyk	0.294573643411	0.705426356589	0.0	0.0
-lɣa	0.333377083607	0.237760861005	0.151594697467	0.277267357921
-ĕya	0.0356853987188	0.940510403569	0.0119388635898	0.011865334122
-ĕyy	0.579275702827	0.193307947825	0.101028923276	0.126387426071
-rḍa	0.471508800767	0.210444490103	0.0753647010479	0.242682008082
-rḍe	0.522318787824	0.369295172226	0.0301679028075	0.0782181371433
-oḍă	0.373712667353	0.307028836251	0.0656539649845	0.253604531411
-xăɣ	0.368932038835	0.611650485437	0.0194174757281	0.0
--ti	0.20390071157	0.560597405799	0.168677413327	0.0668244693047
--ta	0.199309495826	0.29647821498	0.0570817034492	0.447130585744
-faž	0.069640914037	0.869423286181	0.0478781284004	0.0130576713819
-iha	0.261515556675	0.106774883048	0.0418724193177	0.58983714096
-ihe	0.471324296142	0.200208550573	0.0291970802919	0.299270072993
-taɣ	0.300456039877	0.514158447343	0.106904231626	0.0784812811538
-kli	0.0544288043193	0.86502357705	0.034795870072	0.0457517485582
-kle	0.62443438914	0.111312217195	0.027149321267	0.237104072398
-nna	0.440523288469	0.166928075478	0.0265630722648	0.365985563788
-kla	0.329388560158	0.575936883629	0.0394477317554	0.0552268244576
-nne	0.53125	0.120738636364	0.0411931818182	0.306818181818
-ĕkt	0.318485523385	0.628062360802	0.0267260579065	0.0267260579064
-ĕka	0.10303030303	0.873509286413	0.0	0.0234604105572
-ĕkf	0.6582778189	0.225758697261	0.012336540834	0.103626943005
-laẓ	0.0818249308227	0.617304447594	0.210636431127	0.090234190457
-ĕkk	0.381818181818	0.490909090909	0.0863636363636	0.0409090909091
-ĕkn	0.868728689722	0.0801266439357	0.0	0.051144666342
-hĕḍ	0.588235294118	0.0383631713555	0.0204603580563	0.352941176471
-muɣ	0.16814159292	0.185840707965	0.247787610619	0.398230088496
-leɣ	0.421905545027	0.0611629382339	0.0264195873311	0.490511929408
-šaɣ	0.232678386763	0.720785935884	0.0	0.0465356773526
-jja	0.339446038504	0.167287578675	0.157568955942	0.335697426879
-mdi	0.666844420744	0.0951873083589	0.181975736568	0.0559925343288
-mdo	0.22474400042	0.644982408234	0.0244079189204	0.105865672426
-ĕwa	0.533336433676	0.217628547955	0.2360135795	0.013021438869
-mda	0.188106103091	0.22152449633	0.150192076818	0.44017732376
-ĕwi	0.483143865151	0.238141905135	0.137593100745	0.141121128969
-a-š	0.232623363954	0.598935045931	0.00625965368669	0.162181936428
-ḍas	0.43099624104	0.430085685602	0.0996941467628	0.0392239265952
-d-i	0.259028256756	0.306029411222	0.0558200950867	0.379122236935
-d-a	0.136602451839	0.343257443082	0.140105078809	0.38003502627
-d-e	0.0353889863792	0.458295033565	0.0896214590123	0.416694521044
-d-t	0.387325775353	0.291934070284	0.093647338215	0.227092816149
-bya	0.0551045801979	0.931859927712	0.00237008947088	0.010665402619
-ḍan	0.214355207222	0.723332164287	0.0302230335438	0.0320895949474
-hĕẓ	0.215042907622	0.384906612822	0.116102978294	0.283947501262
-ăgg	0.117326796936	0.510372021196	0.020231704652	0.352069477216
-ajj	0.449132583564	0.169944463222	0.0606464170826	0.320276536131
-eɣa	0.231559832093	0.54277190001	0.0438307457266	0.18183752217
-ẓmi	0.302680887864	0.525799942346	0.151340443932	0.0201787258576
-eɣt	0.308463839521	0.316030265705	0.150624670069	0.224881224705
-yal	0.0436804979577	0.8705965248	0.0600606846917	0.0256622925502
-qăl	0.461866651579	0.143768355596	0.0421111442576	0.352253848567
-yun	0.0345821325648	0.938904899135	0.0195965417867	0.00691642651298
-dbi	0.170353251898	0.662264773853	0.0316936282601	0.135688345989
-yud	0.0	1.0	0.0	0.0
-oja	0.48166023166	0.182358182358	0.161122661123	0.174858924859
-ojj	0.458904109589	0.253424657534	0.0821917808219	0.205479452055
-yus	0.0269916916199	0.911011766691	0.0139175909915	0.048078950698
-yut	0.0	1.0	0.0	0.0
-usa	0.121596689849	0.683930179965	0.0140080914041	0.180465038782
-ššo	0.0	0.732394366197	0.267605633803	0.0
-uss	0.157214625366	0.705531526207	0.0355962711227	0.101657577304
-ust	0.233997641586	0.543816330386	0.0392200295779	0.182965998449
-l-a	0.282663316583	0.302763819095	0.179020100503	0.235552763819
-kăs	0.26638166958	0.167427551228	0.0735900984105	0.492600680781
-kăr	0.39877852494	0.327771637436	0.116954862487	0.156494975136
-kăt	0.401756275553	0.435049127357	0.0631814085374	0.100013188552
-kăw	0.913669064748	0.0431654676259	0.0431654676259	0.0
-kăy	0.456039245384	0.2217676246	0.0670225901198	0.255170539896
-l-i	0.168710682463	0.147972025428	0.041428528904	0.641888763205
-a-s	0.178632704985	0.0545805396483	0.00302165052506	0.763765104841
-kăz	0.0236323851204	0.97636761488	0.0	0.0
-a-t	0.585757707338	0.0746851932262	0.227963525836	0.1115935736
-a-i	0.209861508534	0.352475052973	0.0387167975663	0.398946640926
-a-k	0.13284610137	0.428257090477	0.0329884226706	0.405908385482
-kăb	0.353260869565	0.429347826087	0.0	0.217391304348
-a-m	0.259105229994	0.343919344675	0.0945179584121	0.302457466919
-kăd	0.513754485158	0.389203000978	0.0456670653474	0.0513754485158
-a-n	0.0931989924433	0.453400503778	0.0629722921914	0.390428211587
-kăh	0.272979447737	0.572941621485	0.126087504728	0.0279914260497
-kăm	0.355247684756	0.393740726401	0.104315455077	0.146696133766
-kăl	0.495644532493	0.142165647625	0.0674727761349	0.294717043746
-kăn	0.457808204882	0.193032910022	0.0629317827614	0.286227102335
-jjă	0.491708126037	0.17053620785	0.138197899392	0.199557766722
-win	0.465517241379	0.350574712644	0.0344827586207	0.149425287356
-năn	0.370139442434	0.310803587173	0.0853015163667	0.233755454026
-ula	0.0356718192628	0.964328180737	0.0	0.0
-zĕf	0.421665695981	0.292952824694	0.0873616773442	0.19801980198
-năj	0.201747639507	0.216594357573	0.189719185053	0.391938817867
-năk	0.211807725563	0.462103365616	0.0417510524452	0.284337856375
-năd	0.642170692265	0.15383782783	0.0330745054427	0.170916974463
-mdă	0.483270658567	0.177257095105	0.0601034937164	0.279368752611
-wid	0.440316477468	0.387684898521	0.165118679051	0.00687994496042
-zĕn	0.235364396654	0.728793309439	0.0358422939068	0.0
-năb	0.0390008739944	0.907726013497	0.00198225534915	0.0512908571592
-zĕm	0.544	0.024	0.384	0.048
-h-t	0.5	0.413043478261	0.0	0.0869565217391
-xil	0.724137931034	0.146551724138	0.103448275862	0.0258620689655
-năy	0.464883485309	0.189402228977	0.131529888551	0.214184397163
-năt	0.220577612298	0.28666363448	0.0478630001713	0.44489575305
-wit	0.289687233421	0.436199167559	0.107380329427	0.166733269593
-năr	0.127631531758	0.020550156009	0.00188286769716	0.849935444536
-năs	0.232067510548	0.748342374925	0.0195901145268	0.0
-axx	0.00845665961943	0.953488372093	0.0380549682876	0.0
-mɣi	0.0	1.0	0.0	0.0
-iim	0.736842105263	0.140350877193	0.0	0.122807017544
-iil	0.477206189879	0.179841070682	0.0334588038478	0.309493935592
-iin	0.298611111111	0.0886752136752	0.500534188034	0.11217948718
-oss	0.0670732583711	0.814207074312	0.0389024898551	0.0798171774614
-iik	0.0951374207188	0.150105708245	0.232558139535	0.522198731501
-iij	0.0147471910112	0.0358146067415	0.911516853933	0.0379213483146
-jĕj	0.264171511628	0.271670190275	0.0721458773784	0.392012420719
-iiw	0.272222222222	0.344444444444	0.35	0.0333333333334
-kma	0.402032806682	0.200563550367	0.213243433632	0.184160209319
-toɣ	0.537379951039	0.343983428536	0.03640700521	0.0822296152156
-ḍĕḍ	0.607985518619	0.174782689324	0.166275708119	0.0509560839378
-ojă	0.237288135593	0.0790960451977	0.0847457627119	0.598870056497
-ulu	0.0444444444445	0.955555555556	0.0	0.0
-ĕha	0.20735278142	0.248631332692	0.0545041596875	0.489511726201
-tal	0.152100032062	0.620840012825	0.0392433472267	0.187816607887
-tam	0.0506286362448	0.226379144443	0.217903866129	0.505088353183
-tan	0.251445136636	0.25045349476	0.393046068157	0.105055300447
-taj	0.198562370621	0.715408061808	0.0518002966537	0.0342292709166
-tak	0.244680851064	0.36170212766	0.186170212766	0.207446808511
-yuš	0.00705394190872	0.987136929461	0.0	0.00580912863071
-taf	0.358496525584	0.56332912192	0.0686986734049	0.00947567909032
-qin	0.150904789309	0.0281987339344	0.820896476757	0.0
-tab	0.43423229312	0.389825271036	0.0263373154577	0.149605120386
-gna	0.384293923037	0.406756050845	0.148006268501	0.0609437576179
-tax	0.0537634408602	0.94623655914	0.0	0.0
-tay	0.075786752131	0.892850890777	0.0162804163693	0.0150819407226
-qis	0.362481680508	0.23693209575	0.273571079629	0.127015144113
-tat	0.512129380054	0.208894878706	0.182389937107	0.0965858041329
-taw	0.541453428864	0.458546571136	0.0	0.0
-tar	0.212753843234	0.612260390966	0.0567786423736	0.118207123426
-tas	0.367230792272	0.405122060806	0.0404373221507	0.187209824772
-ent	0.246725043783	0.495831873905	0.164273204904	0.0931698774081
-rme	0.0797910235098	0.898044803293	0.0110820865986	0.0110820865986
-hey	0.453048281506	0.270560556465	0.0472585924714	0.229132569558
-het	0.293391169094	0.306623784799	0.022999508733	0.376985537374
-her	0.387664977167	0.258041852762	0.0958498519596	0.258443318111
-hel	0.337507673419	0.362308164518	0.180478821363	0.1197053407
-hem	0.643217286915	0.201760704282	0.0828331332534	0.0721888755502
-hen	0.129169079555	0.0694780006376	0.0376492935969	0.763703626211
-hed	0.363236712235	0.131558795167	0.0542430086789	0.450961483919
-u-i	0.179734066942	0.63457129757	0.15818431912	0.0275103163686
-gaɣ	0.342313787639	0.321711568938	0.335974643423	0.0
-nsi	0.460323649834	0.483525053617	0.00350945603431	0.0526418405147
-nsa	0.519716842099	0.257693422375	0.0838596296501	0.138730105876
-/ne	0.0506756756757	0.461993243243	0.487331081081	0.0
-xĕs	0.654255319149	0.186170212766	0.150709219858	0.00886524822693
-xĕl	0.247572815534	0.567961165049	0.184466019417	0.0
-kam	0.176333646785	0.068885463912	0.0159599305782	0.738820958725
-ɣ-e	0.221674876847	0.0605207600281	0.075064508562	0.642739854563
-ɣ-a	0.345630706167	0.136389044159	0.251537171604	0.26644307807
-y-i	0.170119449441	0.124623562463	0.0348444731895	0.670412514906
-ɣ-m	0.468729427255	0.368334430546	0.00493745885451	0.157998683344
-ɣ-k	0.278165885963	0.0738774026814	0.0119124535616	0.636044257794
-ɣ-i	0.0587234229337	0.534334545145	0.012553707381	0.39438832454
-nab	0.0	0.979965655409	0.0200343445907	0.0
-ɣ-t	0.492913599523	0.248800857201	0.0666256716573	0.191659871619
-ɣ-s	0.180707510051	0.0279300570255	0.00553321024399	0.785829222679
-y-t	0.644898173523	0.170311849023	0.0625792244693	0.122210752985
-jaḍ	0.542262048922	0.201017195447	0.222814240736	0.0339065148946
-ded	0.582851590964	0.172309934418	0.0215367176747	0.223301756943
-mse	0.231314089266	0.45003260032	0.056531918677	0.262121391737
-deh	0.383956957691	0.170946441673	0.0293470286133	0.415749572023
-zun	0.242865816636	0.680024286582	0.0182149362477	0.0588949605343
-dek	0.110505387378	0.0149435608004	0.0110312981016	0.86351975372
-del	0.215002841447	0.240386436825	0.483993180527	0.0606175412009
-dem	0.138517618469	0.789980371997	0.0490700065427	0.0224320029909
-den	0.0885540068028	0.0517625154419	0.0150707148026	0.844612762953
-der	0.136834697024	0.262736586493	0.180093157191	0.420335559292
-des	0.215791475646	0.107505355248	0.0194590698885	0.657244099217
-det	0.5155125135	0.246542358576	0.056026916125	0.181918211799
-kim	0.0	1.0	0.0	0.0
-dew	0.445414913609	0.0977122119342	0.014988169237	0.44188470522
-dey	0.920983318701	0.0474100087796	0.0210711150131	0.0105355575066
-oka	0.0628631298219	0.727878845604	0.19878083627	0.0104771883036
-zur	0.0	1.0	0.0	0.0
-bit	0.211975238676	0.52179693971	0.0902175334583	0.176010288156
-bir	0.0	1.0	0.0	0.0
-bis	0.0	1.0	0.0	0.0
-bid	0.0704887218045	0.873120300752	0.0563909774436	0.0
-bin	0.0	1.0	0.0	0.0
-bil	0.0469283276451	0.953071672355	0.0	0.0
-aži	0.0622876557191	0.869762174405	0.0679501698754	0.0
-taš	0.354048561343	0.284201518879	0.259920847149	0.101829072628
-žab	0.479838709677	0.403225806452	0.0342741935484	0.0826612903226
-ḍḍo	0.0352526439483	0.896592244418	0.0188014101058	0.0493537015276
-ḍḍi	0.52	0.38	0.08	0.02
-jin	0.334856188441	0.285240586545	0.142534325645	0.237368899369
-luy	0.227505987	0.628806021211	0.143687991789	0.0
-jim	0.360853040541	0.275971283784	0.137246621622	0.225929054054
-mes	0.414381680679	0.514639401749	0.0709789175715	0.0
-mer	0.590581342947	0.226904010816	0.0675980171248	0.114916629112
-lus	0.0	1.0	0.0	0.0
-lut	0.0370742965352	0.947391780336	0.0	0.0155339231293
-med	0.479600971991	0.42447883361	0.0	0.0959201943983
-lul	0.179083094556	0.777220630373	0.0365329512894	0.00716332378222
-lun	0.170934127362	0.620901014268	0.0352858420759	0.172879016295
-ydi	0.0	1.0	0.0	0.0
-mem	0.814004376368	0.185995623632	0.0	0.0
-mel	0.360248447205	0.304347826087	0.11801242236	0.217391304348
-jit	0.22221221131	0.64786617413	0.0302729975674	0.0996486169925
-men	0.450243408209	0.339091111276	0.108359898189	0.102305582326
-luf	0.563320626853	0.39220669208	0.0444726810674	0.0
-yda	0.102870878746	0.609931983938	0.142260099975	0.144937037341
-aya	0.00598742640456	0.989222632472	0.0	0.00478994112365
-ayo	0.0	0.960526315789	0.0394736842105	0.0
-ayh	0.385536920061	0.294271400566	0.0196035722065	0.300588107166
-ayt	0.198506176623	0.57987890464	0.0704828200399	0.151132098697
-tĕd	0.878048780488	0.0975609756098	0.0	0.0243902439024
-ayy	0.0883977900553	0.486187845304	0.337016574586	0.0883977900553
-sri	0.16339869281	0.464052287582	0.21568627451	0.156862745098
-ɣet	0.349406977042	0.342609096261	0.202766246065	0.105217680633
-ubt	0.334456831735	0.579984443868	0.00648172154525	0.079077002852
-ešš	0.294059405941	0.543564356436	0.029702970297	0.132673267327
-ɣen	0.465887000996	0.391315308228	0.0328128921916	0.109984798584
-ɣel	0.658492725192	0.15105443845	0.0735654732712	0.116887363086
-uba	0.0	1.0	0.0	0.0
-ɣed	0.225181598063	0.428268765133	0.216908797417	0.129640839387
-šul	0.0608297173446	0.879557159658	0.0190599781013	0.0405531448964
-šun	0.628099173554	0.194805194805	0.106257378985	0.0708382526564
-măs	0.455558435911	0.255287078539	0.052272879315	0.236881606235
-măr	0.157209659234	0.755619144342	0.0155785479802	0.0715926484438
-jăḍ	0.452054794521	0.456020187455	0.0324441240087	0.0594808940159
-măt	0.229471158295	0.530320711286	0.0872058068612	0.153002323558
-măy	0.407417712817	0.426223873513	0.141152593417	0.025205820253
-măx	0.0	1.0	0.0	0.0
-saɣ	0.430989336268	0.306250237183	0.0639064931122	0.198853933437
-ẓăṭ	0.535483870968	0.103225806452	0.283870967742	0.0774193548387
-tĕn	0.407026996689	0.364707863277	0.148073313253	0.0801918267822
-măd	0.574984398463	0.170547195555	0.0621880883933	0.192280317589
-măn	0.295762500114	0.461247682175	0.0905391699946	0.152450647716
-măm	0.489972576855	0.292113939257	0.121575944484	0.096337539404
-nsă	0.436893203883	0.311562224184	0.0264783759929	0.22506619594
-y-š	0.38500635324	0.168149089369	0.0	0.446844557391
-băɣ	0.529117907321	0.243164662116	0.068831942789	0.158885487774
-akk	0.44444381555	0.300995602144	0.136293914884	0.118266667421
-ṣăl	0.0746419205164	0.817026427275	0.0841234617712	0.0242081904377
-aki	0.296397628819	0.360389116887	0.233774129807	0.109439124487
-akd	0.0725730325981	0.0535049135863	0.0230187592381	0.850903294577
-aka	0.544171877505	0.189834856501	0.001924001924	0.264069264069
-lki	0.0	1.0	0.0	0.0
-aku	0.0518479127891	0.401817414017	0.172826375964	0.37350829723
-ṣăr	0.105151952128	0.866184964412	0.0221855504746	0.00647753298529
-zza	0.369523809524	0.630476190476	0.0	0.0
-zzi	0.309158212229	0.611050178229	0.0564847820126	0.0233068275295
-tĕy	0.488126319336	0.346878285604	0.0593344435902	0.10566095147
-uẓa	0.232394366197	0.204225352113	0.56338028169	0.0
-met	0.587071826825	0.222198295032	0.0770840452973	0.113645832846
-ṭef	0.436836403034	0.179198266522	0.0667388949079	0.317226435536
-qăɣ	0.76141992295	0.0899834892681	0.0	0.148596587782
-šim	0.694329183956	0.0705394190871	0.17704011065	0.058091286307
-zya	0.0284483675423	0.958258002765	0.00664681484632	0.00664681484632
-yăḍ	0.12055034524	0.216618894599	0.0555436029735	0.607287157188
-sĕy	0.950819672131	0.0491803278689	0.0	0.0
-guẓ	0.566122510109	0.164525754312	0.109676155805	0.159675579774
-ĕgl	0.173621687481	0.493451111788	0.143466341761	0.189460858971
-heɣ	0.241204270144	0.0917492458134	0.0180491085188	0.648997375524
-gad	0.158662092624	0.729845626072	0.0600343053173	0.0514579759863
-tra	0.0144263179183	0.981528920049	0.00404476203317	0.0
-yad	0.370905908826	0.203225268772	0.0245853821152	0.401283440287
-gan	0.143459626331	0.684236445829	0.0165267389891	0.155777188851
-gal	0.0	1.0	0.0	0.0
-gat	0.530145530145	0.41787941788	0.051975051975	0.0
-gar	0.36240913811	0.360332294912	0.105919003115	0.171339563863
-sĕk	0.0714285714286	0.857142857143	0.0357142857143	0.0357142857143
-gay	0.178466617755	0.712399119589	0.0513573000733	0.0577769625825
-ini	0.50955858412	0.372575468627	0.0833527140797	0.0345132331736
-ink	0.496296296296	0.22962962963	0.0962962962963	0.177777777778
-inn	0.291029847163	0.324077778667	0.0424101784428	0.342482195727
-ina	0.0	1.0	0.0	0.0
-iḍh	0.888888888889	0.0634920634921	0.047619047619	0.0
-kna	0.30146535891	0.123842496696	0.1420529992	0.432639145194
-int	0.0753795645526	0.761843243692	0.0541049861923	0.108672205563
-kne	0.0236034618411	0.822974036192	0.153422501967	0.0
-băš	0.490084985836	0.416430594901	0.0594900849858	0.0339943342776
-yan	0.0286240032713	0.901633385583	0.0394147981553	0.0303278129898
--da	0.38111369892	0.326699131908	0.0423459665467	0.249841202625
--dd	0.506579413791	0.199482434663	0.0530361633856	0.24090198816
-sĕb	0.218442089608	0.733779512921	0.0477783974716	0.0
-yaj	0.148148148148	0.851851851852	0.0	0.0
-mon	0.021377672209	0.953681710214	0.00712589073634	0.0178147268408
-ăwt	0.127909414972	0.785384776683	0.0772698678968	0.00943594044872
-deɣ	0.691983677768	0.177701724365	0.0434381992892	0.0868763985784
-găd	0.443903518478	0.225271077672	0.0327506085417	0.298074795309
-yyă	0.434167026017	0.428992381774	0.0774759235302	0.059364668679
-ăwe	0.272975893038	0.31967047066	0.241913701128	0.165439935175
-šše	0.29549343576	0.589015905919	0.0495772873227	0.0659133709981
-ăwa	0.132865896771	0.787768088617	0.0440136695734	0.0353523450389
-elt	0.124035542626	0.813590943587	0.0358114090564	0.0265621047306
-găt	0.425139529241	0.405241446251	0.0895413734531	0.0800776510556
-găw	0.0	1.0	0.0	0.0
-găr	0.199371160451	0.564959125429	0.186910462923	0.0487592511972
-yet	0.425924187261	0.387280623972	0.0412341738039	0.145561014963
-dre	0.190501582849	0.669217179842	0.0291655067947	0.111115730514
-mba	0.591836734694	0.34693877551	0.0612244897959	0.0
-yem	0.480510752688	0.200268817204	0.0974462365592	0.221774193548
-yen	0.243211150026	0.556493786883	0.105670968671	0.0946240944201
-lta	0.0	1.0	0.0	0.0
