-caa	0.110106571039	0.640284862872	0.15869488358	0.0909136825092
-ũro	0.307558139535	0.587209302326	0.0366279069767	0.0686046511628
-ũri	0.245818038921	0.546937098661	0.111593387455	0.0956514749617
-cae	0.0543130990415	0.776357827476	0.169329073483	0.0
-jãa	0.318097753491	0.0794125558044	0.0234042721578	0.579085418546
-cai	0.643650330526	0.338059694993	0.0	0.0182899744811
-atí	0.554274313443	0.121553168932	0.0617534494068	0.262419068219
-cao	0.170746681683	0.420840045365	0.136538228257	0.271875044695
-imó	0.0	1.0	0.0	0.0
-loi	0.0	0.980392156863	0.0196078431373	0.0
-aja	0.0627800547686	0.244290634741	0.0221207911732	0.670808519318
-cas	0.0246406570842	0.963039014374	0.0	0.0123203285421
-car	0.0	1.0	0.0	0.0
-ive	0.0	1.0	0.0	0.0
-rbe	0.0	1.0	0.0	0.0
-nós	0.0	1.0	0.0	0.0
-ugʉ	0.41129725557	0.36646626999	0.117567452556	0.104669021883
-ivo	0.0386178861788	0.926067073171	0.0121951219512	0.0231199186992
-ʉco	0.539092000117	0.25556889032	0.102450019026	0.102889090537
-oye	0.208251078046	0.156236403742	0.069543914669	0.565968603542
-obé	0.244514106583	0.755485893417	0.0	0.0
-oya	0.527989125961	0.232077447134	0.0599871174539	0.179946309451
-dío	0.0765351059666	0.709877992783	0.107290231718	0.106296669533
-día	0.0	0.931636916065	0.0683630839347	0.0
-biú	0.0	1.0	0.0	0.0
-plo	0.0384615384615	0.884615384615	0.0384615384615	0.0384615384615
-aʉ̃	0.290506049279	0.588508380562	0.00703404477672	0.113951525383
-iwʉ	0.532440793126	0.246839091729	0.0552815919145	0.165438523231
-ufo	0.0	1.0	0.0	0.0
-aum	0.0	1.0	0.0	0.0
-nsa	0.0	1.0	0.0	0.0
-auo	0.0688073394495	0.821100917431	0.0550458715596	0.0550458715596
-cõo	0.533017587242	0.0355365661597	0.00988434082728	0.421561505771
-nto	0.0248013753253	0.891855832671	0.0167966727607	0.0665461192433
-pai	0.228710514009	0.295905786319	0.19635644743	0.279027252243
-nta	0.0395912552382	0.0687554768879	0.00661641093341	0.88503685694
-ãti	0.334475599629	0.377612231938	0.0434272873822	0.244484881051
-rií	0.00530428047015	0.9898124137	0.00151550870576	0.0033677971239
-nte	0.0233883935097	0.833357696243	0.00877064756615	0.134483262681
-uan	0.0550292981244	0.864020879711	0.0115145467107	0.0694352754535
-pue	0.205129306641	0.740742331816	0.0270641807715	0.0270641807715
-ápá	0.318611987382	0.539432176656	0.123028391167	0.018927444795
-pua	0.423935813019	0.451842143291	0.0424192062871	0.0818028374031
-ʉcʉ	0.445792469352	0.257449269646	0.0861328763733	0.210625384628
-tor	0.188781014024	0.789644012945	0.0	0.0215749730313
-puo	0.358944824165	0.497593175058	0.0391260002118	0.104336000565
-dro	0.0192013670294	0.903990916449	0.00798745390773	0.0688202626136
-eña	0.325505057597	0.466065448923	0.0385485861361	0.169880907344
-muu	0.079001367989	0.886114911081	0.00410396716827	0.030779753762
-pre	0.0	0.99732858415	0.0026714158504	0.0
-arã	0.340907614377	0.300700110653	0.112440976707	0.245951298264
-más	0.00740740740741	0.975925925926	0.00740740740742	0.00925925925927
-ape	0.137614184081	0.252324806583	0.19491549255	0.415145516786
-aré	0.007293724358	0.987235982373	0.00547029326851	0.0
-opo	0.493868928754	0.439126631789	0.0566071988514	0.0103972406054
-opi	0.606571936057	0.229573712256	0.0559502664298	0.107904085258
-tín	0.0	0.94	0.06	0.0
-ope	0.184649423108	0.202599990491	0.0475163450788	0.565234241323
-õca	0.383265919068	0.538195982762	0.0785380981698	0.0
-jõo	0.281830599281	0.654116991791	0.0320262044637	0.0320262044638
-dea	0.00925675936283	0.960620202877	0.00462837968141	0.0254946580785
-api	0.436421161222	0.138707959888	0.0188468817791	0.406023997111
-ñaʉ	0.45163960292	0.31255232	0.0949594319228	0.140848645156
-ooʉ	0.351723063796	0.362684169633	0.126341115606	0.159251650965
-iaʉ	0.151500577145	0.29875126797	0.491290356431	0.058457798454
-abé	0.0320403204032	0.929439294393	0.00612006120062	0.0324003240032
-deo	0.00632002298191	0.98333812123	0.0	0.0103418557886
-ima	0.466588717596	0.273130817542	0.0848650659092	0.175415398953
-atu	0.431401858999	0.28923193999	0.037370223406	0.241995977605
-imi	0.449702523671	0.246336904712	0.0973317216753	0.206628849942
-imo	0.166408217268	0.684155866327	0.0502909334054	0.0991449829993
-ido	0.0454545454546	0.409090909091	0.0909090909091	0.454545454545
-̃ga	0.437185477852	0.277645371803	0.0947169857846	0.190452164561
-obo	0.0190834194029	0.907116950496	0.0563255110129	0.0174741190882
-rpo	0.0	1.0	0.0	0.0
-naí	0.0	0.898395721925	0.0	0.101604278075
-rpa	0.323076923077	0.676923076923	0.0	0.0
-pũʉ	0.305292872265	0.694707127735	0.0	0.0
-eca	0.262626262626	0.676767676768	0.0303030303031	0.0303030303031
-oba	0.188679245283	0.301886792453	0.0	0.509433962264
-llo	0.127188657623	0.815286624204	0.00995389494444	0.0475708232284
-ida	0.0267558528428	0.969899665552	0.00334448160535	0.0
-bia	0.273802483737	0.46777054997	0.0780603193377	0.180366646955
-bio	0.963054187192	0.0369458128079	0.0	0.0
-ẽpa	0.330250440413	0.401871161263	0.164976431938	0.102901966386
-eja	0.433417137155	0.241356217105	0.016700212416	0.308526433324
-upo	0.331971281008	0.31378011861	0.0445891034644	0.309659496917
-uta	0.542521994135	0.0293255131965	0.0	0.428152492669
-eje	0.357060357328	0.437882314461	0.0784475328671	0.126609795343
-ria	0.122692310562	0.690082885087	0.031438142061	0.15578666229
-rio	0.298394479889	0.510186342927	0.118926755937	0.0724924212469
-uti	0.355532223873	0.148709207393	0.0427638377713	0.452994730963
-ñoo	0.267553725546	0.598073080941	0.077011855623	0.0573613378904
-uto	0.272906403941	0.31921182266	0.0945812807881	0.313300492611
-gaʉ	0.523797564541	0.326771374663	0.0899290999362	0.0595019608601
-tea	0.115514153498	0.727361755991	0.00745252603213	0.149671564479
-ũña	0.584041262136	0.297330097087	0.0	0.118628640777
-tee	0.479524942089	0.269280761186	0.151787116895	0.0994071798304
-utu	0.208641386896	0.757340995675	0.0	0.0340176174288
-tei	0.272290845461	0.59127031495	0.0366771074166	0.099761732173
-teo	0.0600591831172	0.815442121248	0.031927734299	0.0925709613362
-are	0.124741990911	0.201817079578	0.0394976932701	0.633943236241
-ara	0.284168372998	0.593252251368	0.0724915694049	0.0500878062288
-ápe	0.464313123561	0.271680736761	0.222563315426	0.0414428242518
-jii	0.236209678969	0.316612738932	0.182811611688	0.264365970411
-ẽcʉ	0.366006822941	0.273781871789	0.199552416686	0.160658888584
-lus	0.17119244392	0.769775678867	0.0354191263282	0.0236127508855
-ari	0.242417455942	0.347144272602	0.0635420870814	0.346896184374
-rón	0.0497685185185	0.916666666667	0.0335648148148	0.0
-jia	0.490675673513	0.293934785741	0.0716492452498	0.143740295497
-mee	0.127017250131	0.0451706707276	0.0262861765598	0.801525902581
-cʉo	0.230841000037	0.229430334071	0.389624283413	0.150104382479
-mea	0.589511754069	0.410488245931	0.0	0.0
-epe	0.39661293201	0.379272420892	0.0762629678765	0.147851679221
-meo	0.207114291728	0.598400336771	0.0568301410229	0.137655230478
-mei	0.225190839695	0.675572519084	0.0992366412213	0.0
-ʉba	0.407702628048	0.404466892905	0.187830479047	0.0
-aye	0.527664010022	0.182078560085	0.149444147182	0.140813282711
-oce	0.00319874893375	0.011017912994	0.00106624964458	0.984717088428
-lãa	0.0171232876713	0.957191780822	0.0	0.0256849315068
-aya	0.40447243111	0.437741455491	0.0435844470298	0.114201666368
-fra	0.0724876441515	0.818780889621	0.00494233937397	0.103789126853
-cuʉ	0.305294770822	0.422535964593	0.101859298269	0.170309966317
-ayo	0.270858971204	0.583928131922	0.10091065715	0.0443022397243
-ila	0.0186991869919	0.961246612466	0.00325203252033	0.0168021680217
-ayu	0.154425380749	0.464967310381	0.271484448811	0.109122860058
-ĩmi	0.609737002275	0.128179506196	0.00952115573866	0.252562335789
-ucʉ	0.114186221803	0.310527100586	0.0177805272223	0.557506150389
-tʉa	0.0780640124903	0.828259172521	0.0936768149883	0.0
-iji	0.202218150615	0.723609168657	0.0507497289189	0.0234229518087
-ʉya	0.435691305099	0.260641317853	0.044001119056	0.259666257992
-naá	0.272020725388	0.69689119171	0.0	0.0310880829016
-ʉpo	0.0335417189123	0.943574678465	0.0109715902984	0.011912012324
-sri	0.0	1.0	0.0	0.0
-ʉpa	0.29483098378	0.524783992724	0.02122176747	0.159163256025
-ʉpe	0.406771542379	0.539404023597	0.0185297231886	0.0352947108355
-dán	0.0349753487	0.92193755004	0.00294972820362	0.0401373730563
-yaá	0.52380952381	0.0	0.47619047619	0.0
-ʉwĩ	0.804451436768	0.0906945536995	0.0319281847208	0.0729258248114
-mʉa	0.243387282912	0.507334114224	0.0175191285443	0.231759474319
-ota	0.063481860255	0.718047992881	0.203720375233	0.014749771631
-tán	0.0	1.0	0.0	0.0
-ĩro	0.7164580612	0.055484217165	0.00138708063721	0.226670640998
-ote	0.0555382974012	0.821447144842	0.0824766725257	0.0405378852315
-isé	0.0553213039946	0.88727688286	0.008391952752	0.0490098603934
-ĩre	0.120972611309	0.265118176626	0.0342698615606	0.579639350505
-caĩ	0.231203184248	0.0280279784536	0.000447510072453	0.740321327226
-ijo	0.709529754474	0.102372034956	0.0611735330836	0.126924677486
-ĩaʉ	0.270997553683	0.631149768959	0.0652351182386	0.0326175591193
-ioʉ	0.329605996253	0.3195367458	0.0422768073488	0.308580450599
-mʉo	0.517700290489	0.180769380569	0.060365138707	0.241165190235
-oto	0.0868667719852	0.569289099526	0.282654028436	0.0611901000527
-rán	0.0446927374301	0.95530726257	0.0	0.0
-épʉ	0.0983656011291	0.770085221457	0.0	0.131549177414
-uma	0.344089038901	0.424118066596	0.109142536784	0.122650357719
-upá	0.355029585799	0.485207100592	0.0	0.159763313609
-eví	0.121323270085	0.796854059392	0.016928828384	0.0648938421387
-umo	0.31847133758	0.34076433121	0.235668789809	0.105095541401
-upí	0.452631578947	0.252631578947	0.168421052632	0.126315789474
-umi	0.410159101082	0.356421603042	0.103612201586	0.12980709429
-oti	0.383504380332	0.277616657157	0.0381339655564	0.300744996955
-ʉja	0.0727574956629	0.061031495957	0.0161889108465	0.850022097534
ALL	0.23887854494	0.294278877714	0.0568922427012	0.409950334645
-ipʉ	0.175011401702	0.613098995666	0.0240366230008	0.187852979631
-nao	0.678787878788	0.272727272727	0.0242424242424	0.0242424242424
-ʉgʉ	0.629007962126	0.138584032709	0.0373000502116	0.195107954953
-naa	0.197240483848	0.477097118047	0.0452458129965	0.280416585109
-ápí	0.347222222222	0.451388888889	0.0	0.201388888889
-sio	0.00842696629212	0.991573033708	0.0	0.0
-eba	0.423255813953	0.493023255814	0.0837209302326	0.0
-nas	0.0264150943396	0.933962264151	0.00566037735849	0.0339622641509
-sia	0.00701470389856	0.987994064481	0.00121408336706	0.00377714825307
-ala	0.138285714286	0.829714285714	0.0182857142857	0.0137142857143
-ewʉ	0.395562533945	0.456609889649	0.111907513855	0.0359200625504
-mos	0.0530973451327	0.946902654867	0.0	0.0
-mor	0.257510729614	0.742489270386	0.0	0.0
-goo	0.144807166203	0.523891504426	0.23604577967	0.095255549701
-goa	0.109564512439	0.396660874622	0.325305376006	0.168469236933
-igo	0.110556178653	0.527313610392	0.323206959571	0.0389232513832
-ũaʉ	0.0410833840536	0.4800669507	0.379945222155	0.0989044430919
-gog	0.0	1.0	0.0	0.0
-cás	0.0	1.0	0.0	0.0
-ũmi	0.454945054945	0.36043956044	0.0197802197802	0.164835164835
-nio	0.292162418833	0.531747441134	0.0874788637785	0.0886112762547
-moa	0.153666920778	0.7265502743	0.0598717594953	0.0599110454267
-moo	0.369141294007	0.0934212461957	0.015499505918	0.521937953879
-mol	0.0	0.901960784314	0.0980392156863	0.0
-ocʉ	0.0950784445589	0.38880580643	0.0483707871945	0.467744961817
-roʉ	0.321967749784	0.167965694474	0.00529358740969	0.504772968332
-óba	0.0	1.0	0.0	0.0
-coo	0.0813376701106	0.755650710641	0.104361959041	0.0586496602069
-ãma	0.402849409105	0.241345851717	0.0788400438751	0.276964695302
-ãmo	0.230843356294	0.317976194725	0.0476239337592	0.403556515222
-coa	0.327367090976	0.54467555029	0.0679594580774	0.0599979006566
-eor	0.0	1.0	0.0	0.0
-ãmi	0.671163541154	0.0762604436282	0.00461502168297	0.247960993535
-toʉ	0.268595620364	0.280558516172	0.141115248897	0.309730614567
-yaa	0.649824731053	0.260218720378	0.0345575651931	0.0553989833765
-beo	0.0	0.900414937759	0.0497925311203	0.0497925311203
-bel	0.155476375607	0.791217438471	0.0426449487379	0.0106612371845
-saʉ	0.827133479212	0.126914660832	0.019693654267	0.0262582056893
-bea	0.478260869565	0.0289855072464	0.0	0.492753623188
-yai	0.144648174267	0.697069424855	0.0407459645824	0.117536436295
-cos	0.163742690059	0.766081871345	0.0701754385963	0.0
-cor	0.0	1.0	0.0	0.0
-iso	0.0	0.968253968254	0.031746031746	0.0
-cũʉ	0.211457327301	0.649773801657	0.0533726427083	0.0853962283332
-rei	0.567002012072	0.368209255533	0.0229376257545	0.0418511066398
-reo	0.0153712148384	0.933391402367	0.0481631398268	0.00307424296767
-õro	0.231	0.727	0.0	0.042
-ise	0.0	1.0	0.0	0.0
-rea	0.0543028071791	0.89438564197	0.0347445927289	0.0165669581225
-ĩia	0.617647058823	0.305882352941	0.0176470588235	0.0588235294117
-õre	0.113058424728	0.156702008585	0.013882968174	0.716356598513
-isa	0.709301522632	0.27150157097	0.00880433656735	0.0103925698305
-ĩrã	0.282991132439	0.0770603338047	0.0164930670368	0.62345546672
-eve	0.122994652406	0.206773618538	0.270944741533	0.399286987522
-upe	0.458932495307	0.326201699313	0.0877918765882	0.127073928791
-umá	0.840506329114	0.151898734177	0.00759493670885	0.0
-eva	0.409248055315	0.369490060501	0.138288677615	0.0829732065688
-upa	0.399776556067	0.310175364941	0.0844135214521	0.20563455754
-res	0.0	0.584101487633	0.212375650269	0.203522862097
-ret	0.059553349876	0.888337468983	0.0	0.0521091811414
-upi	0.494976888064	0.246305758812	0.0592404257185	0.199476927405
-ápa	0.440613227292	0.277626622018	0.125575554625	0.156184596065
-juu	0.133357292612	0.0177582779344	0.0264086808324	0.822475748621
-mas	0.0	1.0	0.0	0.0
-mar	0.00910083727702	0.982162358937	0.00873680378595	0.0
-ham	0.0233679507314	0.938662577965	0.0290650957445	0.00890437555912
-ágʉ	0.655859271546	0.0609135640708	0.0278780613596	0.255349103023
-mai	0.239252803424	0.282072859157	0.0325210311464	0.446153306273
-noʉ	0.288049824835	0.456987154535	0.239392759829	0.0155702608019
-jua	0.614512116898	0.321969993273	0.0240929926938	0.0394248971354
-sés	0.0	1.0	0.0	0.0
-mao	0.239157718589	0.63812578441	0.0460186863757	0.0766978106261
-maa	0.282187254273	0.302005643057	0.0449543602824	0.370852742388
-óya	0.472389283762	0.527610716238	0.0	0.0
-ácʉ	0.346557934728	0.193719729035	0.052169986964	0.407552349273
-uno	0.260114212177	0.160915842248	0.0262741628462	0.552695782729
-uni	0.657298618291	0.310273521948	0.0126891625153	0.0197386972459
-ígʉ	0.75129393785	0.197184585697	0.00239900444684	0.0491224720067
-baé	0.343396226415	0.641509433962	0.0	0.0150943396226
-une	0.351683308297	0.524608995317	0.0	0.123707696386
-ẽco	0.27145924382	0.345774577196	0.207160577389	0.175605601595
-una	0.144134602511	0.0966566628015	0.164364640884	0.594844093804
-pta	0.0905562742562	0.909443725744	0.0	0.0
-pto	0.0316761308765	0.861320353846	0.0676014988218	0.0394020164561
-unu	0.162100166664	0.077139330763	0.0593742170957	0.701386285478
-ade	0.349030470914	0.526315789474	0.0415512465374	0.0831024930748
-tra	0.0	1.0	0.0	0.0
-asá	0.0	1.0	0.0	0.0
-ada	0.35844828917	0.23123196636	0.0900790631513	0.320240681318
-gao	0.825358851675	0.102870813397	0.0	0.0717703349282
-ado	0.0219223323084	0.901548798542	0.0127548115249	0.0637740576244
-tro	0.043918734856	0.342182459461	0.0393421939296	0.574556611754
-tri	0.0	1.0	0.0	0.0
-asé	0.0	1.0	0.0	0.0
-adi	0.0	1.0	0.0	0.0
-ʉto	0.408405005518	0.479526834902	0.0524107568533	0.0596574027269
-gau	0.0	1.0	0.0	0.0
-gar	0.308230777916	0.581122276166	0.110646945918	0.0
-ʉti	0.341019406535	0.337349373483	0.0879071577722	0.233724062209
-dré	0.0	0.985630654604	0.0	0.0143693453965
-owã	0.529217954019	0.284600816492	0.0847206947218	0.101460534767
-ʉta	0.192976798558	0.468013797631	0.312001520273	0.0270078835379
-seo	0.0162201276071	0.957960077426	0.00415725959678	0.0216625353696
-ini	0.222380862585	0.385523019315	0.345626464804	0.046469653296
-sem	0.0	1.0	0.0	0.0
-obʉ	0.0573248407643	0.675159235669	0.229299363057	0.0382165605096
-iwõ	0.458081026149	0.287877670946	0.174426319281	0.0796149836242
-ino	0.0885251676449	0.792814481118	0.0351549889982	0.0835053622391
-ina	0.286376367255	0.411989897411	0.0427860494903	0.258847685844
-uis	0.0	1.0	0.0	0.0
-raõ	0.18206399279	0.777377196936	0.0270392068499	0.013519603425
-sea	0.0284697508896	0.891459074733	0.00533807829182	0.0747330960853
-món	0.0280121731913	0.95754945359	0.00683012864849	0.00760824457048
-uii	0.59700006637	0.377115550541	0.00597331917435	0.0199110639145
-uim	0.0	1.0	0.0	0.0
-pũu	0.13986013986	0.746503496504	0.0	0.113636363636
-uio	0.313787470791	0.124336093246	0.0168960896443	0.544980346319
-ẽpʉ	0.263598515347	0.585795365135	0.0421081237419	0.108497995776
-uia	0.734940411701	0.0716354986104	0.0247303217297	0.168693767959
-erã	0.14656999262	0.409230224905	0.0662721683919	0.377927614083
-yao	0.0487944890931	0.76607347876	0.0442020665902	0.140929965557
-ʉgó	0.297619047619	0.107142857143	0.121428571429	0.47380952381
-ñao	0.293291731669	0.600624024961	0.0655226209048	0.0405616224649
-dón	0.00361947276346	0.992761054473	0.0	0.00361947276347
-són	0.00757217226693	0.992427827733	0.0	0.0
-rla	0.0	1.0	0.0	0.0
-iao	0.202192448234	0.484774665043	0.171741778319	0.141291108404
-ñaa	0.0618996798292	0.797225186766	0.0704375667022	0.0704375667022
-nes	0.0287134180011	0.770844837107	0.0425179458862	0.157923799006
-rso	0.0	0.853968253968	0.146031746032	0.0
-neo	0.329141544645	0.332070054551	0.10967556704	0.229112833764
-ate	0.313562621674	0.243737832576	0.0295623332612	0.413137212488
-ʉña	0.701058201058	0.23544973545	0.0	0.0634920634921
-ias	0.0	1.0	0.0	0.0
-nei	0.50337512054	0.357762777242	0.138862102218	0.0
-ʉño	0.270220588235	0.729779411765	0.0	0.0
-ooz	0.0344827586207	0.965517241379	0.0	0.0
-áii	0.386363636364	0.340909090909	0.181818181818	0.0909090909091
-iwã	0.494082644628	0.319933884298	0.0932892561984	0.0926942148761
-nea	0.0179734891036	0.78386879353	0.184677600539	0.0134801168277
-ban	0.24824579331	0.487431023912	0.0783432113905	0.185979971388
-pĩa	0.467357698441	0.407345331467	0.100237576073	0.0250593940183
-ãni	0.100894238267	0.0406570780783	0.0775846210691	0.780864062586
-õwa	0.0418852076528	0.843135790947	0.102659822678	0.0123191787214
-bai	0.341042536616	0.211804984882	0.0890543053179	0.358098173184
-bae	0.682692307692	0.317307692308	0.0	0.0
-ãno	0.0452490785063	0.0647901914367	0.00979141391493	0.880169316142
-ʉ̃o	0.269230769231	0.525641025641	0.205128205128	0.0
-õcʉ	0.0259067357513	0.373920552677	0.158894645941	0.44127806563
-joo	0.519822483516	0.118091753221	0.0397699830134	0.322315780249
-ími	0.334652752789	0.525008996042	0.1079525009	0.0323857502699
-opʉ	0.165886878296	0.380997486953	0.0386051424802	0.414510492271
-ʉ̃i	0.0898876404494	0.337078651685	0.573033707865	0.0
-uuu	0.0887075887076	0.911292411292	0.0	0.0
-joe	0.328462875971	0.582677694842	0.014121444422	0.0747379847643
-ʉwʉ	0.79708254109	0.158411555602	0.0069967909455	0.037509112362
-bau	0.209710631841	0.343773707597	0.100791156389	0.345724504173
-joa	0.496806657635	0.314818398813	0.074833881685	0.113541061867
-ʉ̃a	0.249464407901	0.169752102296	0.0265426172744	0.554240872528
-que	0.308874489747	0.414982850608	0.0836665266086	0.192476133036
-asa	0.0273088829728	0.892281628274	0.0136544414864	0.0667550472668
-adá	0.0	1.0	0.0	0.0
-uaʉ	0.0567383163187	0.386400246242	0.504360539681	0.0525008977582
-áaá	0.552690342908	0.150958979536	0.109459280332	0.186891397224
-ãia	0.754019449973	0.108540983323	0.0	0.137439566704
-ijã	0.195026487341	0.72207278376	0.0275096589174	0.0553910699823
-yei	0.441807393884	0.216836553578	0.0770830163801	0.264273036158
-jõa	0.0491803278689	0.827868852459	0.0860655737705	0.0368852459016
-adó	0.0	1.0	0.0	0.0
-lta	0.0	1.0	0.0	0.0
-ʉca	0.479399086073	0.150005131029	0.0557021830013	0.314893599897
-joʉ	0.286398796669	0.334839271918	0.0250719382882	0.353689993126
-urã	0.362978491802	0.310235476637	0.179760371142	0.147025660419
-ogo	0.58367966981	0.377196250967	0.0391240792227	0.0
-dia	0.0346921075455	0.965307892454	0.0	0.0
-ĩgʉ	0.444186175275	0.114536613583	0.0519060382497	0.389371172893
-eru	0.240996341278	0.596938112572	0.0586290826461	0.103436463504
-boʉ	0.443021364861	0.323819782783	0.0906224984929	0.142536353864
-ĩma	0.319616104745	0.206364885872	0.112062139337	0.361956870046
-eri	0.223264684876	0.524100465877	0.0656813244212	0.186953524826
-iwa	0.465053763441	0.454301075269	0.0161290322581	0.0645161290322
-ram	0.0	1.0	0.0	0.0
-uía	0.161323155216	0.798982188295	0.012213740458	0.0274809160305
-red	0.0	1.0	0.0	0.0
-ero	0.189398332772	0.155897971762	0.0433877105471	0.611315984919
-auʉ	0.194058217465	0.575872761829	0.0340102030609	0.196058817645
-era	0.198963846441	0.624219157659	0.111516958628	0.0653000372717
-uío	0.0	1.0	0.0	0.0
-epʉ	0.267923100436	0.448334892943	0.0467978612809	0.23694414534
-uja	0.0912303485135	0.74286677572	0.0803541325874	0.0855487431789
-ere	0.318558917241	0.307895212672	0.0595308679602	0.314015002127
-ewĩ	0.38217572813	0.524554566294	0.0419400689503	0.0513296366258
-boa	0.197739831732	0.468462189476	0.112012744561	0.221785234231
-wʉo	0.375	0.483333333333	0.0916666666666	0.05
-jãʉ	0.438365718364	0.378191196029	0.0253024945665	0.15814059104
-awĩ	0.498641732085	0.299642031127	0.0485546464795	0.153161590308
-alẽ	0.0	1.0	0.0	0.0
-iya	0.420090916521	0.369142365367	0.0857812910121	0.1249854271
-caʉ	0.0627879776838	0.26379945216	0.0314865533652	0.641926016791
-edé	0.0379028379029	0.875420875421	0.034632034632	0.0520442520443
-ãgʉ	0.315322921064	0.506542845082	0.0717602363867	0.106373997467
-opa	0.447963310488	0.276980692068	0.0779257711539	0.19713022629
-poo	0.466804979253	0.278008298755	0.121369294606	0.133817427386
-uga	0.292326431181	0.311814859927	0.377588306943	0.0182704019488
-áta	0.434753341668	0.270651024137	0.176795845754	0.117799788441
-ugo	0.353028894699	0.350621560354	0.0578094594867	0.23854008546
-áto	0.315833856351	0.07946790522	0.0316373162093	0.57306092222
-poa	0.121908468661	0.666604280327	0.0206883952863	0.190798855726
-áti	0.292128580703	0.150215898851	0.0262615549728	0.531393965474
-ewõ	0.214329827702	0.615036921011	0.136800179011	0.0338330722757
-uju	0.0918534188113	0.704458957637	0.126334823655	0.0773527998965
-aat	0.0	1.0	0.0	0.0
-ápʉ	0.666605805838	0.173873444661	0.0348333150276	0.124687434474
-maʉ	0.222113209604	0.470198675497	0.184095059003	0.123593055896
-lau	0.425806451613	0.496774193548	0.0	0.0774193548387
-ewã	0.453624995064	0.453309115933	0.0317853375676	0.0612805514347
-eón	0.0943787595934	0.811242480813	0.0082970338104	0.0860817257831
-las	0.0	0.766978922717	0.0661592505855	0.166861826698
-áco	0.352840686051	0.332460214562	0.178490221814	0.136208877574
-noa	0.18431896212	0.182799138025	0.0137680518039	0.619113848051
-juʉ	0.143565277732	0.199299667191	0.287221211048	0.369913844029
-ujo	0.439958867436	0.366434409517	0.00930801553109	0.184298707516
-dos	0.0537897310513	0.422982885086	0.083129584352	0.440097799511
-gel	0.0130957425917	0.941995266101	0.0100352458423	0.0348737454651
-awã	0.502242374246	0.291699213039	0.0613248073851	0.14473360533
-áje	0.592588908924	0.24058082531	0.0585369353563	0.108293330409
-boo	0.45402159113	0.215232236641	0.0867170783894	0.244029093839
-fán	0.0	1.0	0.0	0.0
-ája	0.604492398484	0.119626294205	0.0391534262153	0.236727881096
-aĩe	0.454901960784	0.105882352941	0.0	0.439215686274
-ãro	0.465094258414	0.229534303176	0.207239390548	0.0981320478609
-tĩa	0.0841690544412	0.723495702006	0.167084527221	0.0252507163323
-ãri	0.318177858021	0.496820769005	0.0490069862182	0.135994386755
-ges	0.0182926829268	0.908536585366	0.0731707317073	0.0
-jĩa	0.522534697836	0.251454755558	0.0188551189018	0.207155427704
-aĩo	0.10152284264	0.89847715736	0.0	0.0
-ãre	0.244540312256	0.399143332613	0.0924230223705	0.263893332761
-aĩi	0.393012113542	0.133836557585	0.0567709274995	0.416380401374
-awõ	0.222419188655	0.474126290326	0.10808177449	0.19537274653
-ãra	0.172981878089	0.584843492586	0.0803130148271	0.161861614498
-sar	0.107700804797	0.861527536689	0.00946820261952	0.021303455894
-ʉoʉ	0.399047270062	0.498351044339	0.00855014046659	0.0940515451325
-coʉ	0.283052669294	0.333572196345	0.292010032247	0.091365102114
-íre	0.0148536966719	0.954092522274	0.0180242225697	0.0130295584841
-toa	0.153462151697	0.168159846127	0.37368292292	0.304695079257
-too	0.270040347419	0.259222480094	0.0599641255876	0.4107730469
-tol	0.0979594143915	0.854558815217	0.0237408851959	0.0237408851959
-ãmʉ	0.6340405734	0.0482117932981	0.0367811652343	0.280966468068
-toi	0.391699092088	0.333333333333	0.0881971465629	0.186770428015
-ũwã	0.734848484848	0.265151515152	0.0	0.0
-oli	0.0658472344162	0.776119402985	0.00526777875329	0.152765583845
-naé	0.0	0.964705882353	0.0352941176471	0.0
-uje	0.142975920703	0.821809941473	0.0	0.0352141378242
-sté	0.0	1.0	0.0	0.0
-eoʉ	0.415139442231	0.500398406375	0.0	0.0844621513944
-olo	0.00977076287111	0.967681322811	0.00901916572718	0.0135287485907
-ũrã	0.579910245879	0.313172434239	0.0453236464715	0.06159367341
-yaʉ	0.0795866391701	0.490225364598	0.023544066026	0.406643930206
-iba	0.339797464317	0.308125348856	0.27489035962	0.0771868272068
-sam	0.0	1.0	0.0	0.0
-elí	0.0	0.982089552239	0.0	0.0179104477612
-goʉ	0.295553750672	0.264576579819	0.163868334	0.276001335509
-iel	0.189736385423	0.705561523841	0.0752003966614	0.0295016940748
-ien	0.00767705201204	0.0134348410211	0.0166975881262	0.962190518841
-iea	0.2	0.465359477124	0.243137254902	0.0915032679739
-múa	0.12030075188	0.631578947368	0.248120300752	0.0
-loe	0.0394736842105	0.960526315789	0.0	0.0
-amí	0.28516721572	0.370717059977	0.0446464050863	0.299469319216
-loa	0.0221259334378	0.929934544114	0.00737531114596	0.0405642113026
-ámi	0.662652240632	0.0477846195684	0.0190361492589	0.27052699054
-iez	0.0	0.104973641989	0.00687600275041	0.88815035526
-oca	0.29683409674	0.170250800922	0.0322127275909	0.500702374747
-roa	0.119046550679	0.140177743316	0.328624822434	0.412150883571
-ámo	0.391936069742	0.302942244824	0.150744642208	0.154377043225
-apo	0.0919304462066	0.693557810432	0.0118270503115	0.202684693049
-áma	0.506493589375	0.133215906263	0.0227834044916	0.33750709987
-rom	0.0	1.0	0.0	0.0
-oco	0.140735328082	0.685748695298	0.0423593037818	0.131156672837
-upʉ	0.512291394835	0.150874685914	0.0358078619326	0.301026057318
-roi	0.449730450731	0.339020730284	0.0673039515367	0.143944867449
-moʉ	0.312452380697	0.515095989784	0.0800004292444	0.0924512002747
-pãi	0.0807404871558	0.747202611255	0.144385521831	0.027671379758
-ore	0.218361155721	0.486900010559	0.0478478810048	0.246890952715
-ʉga	0.500675025421	0.155203642504	0.0400130737943	0.30410825828
-ipi	0.847715736041	0.0	0.152284263959	0.0
-ipo	0.0183992640295	0.948482060718	0.00551977920883	0.0275988960441
-ión	0.43152284903	0.548684449791	0.0139877746849	0.00580492649424
-ére	0.119558635902	0.852020846398	0.00930951711611	0.0191110005839
-ipa	0.21584080767	0.461223655724	0.135568086422	0.187367450183
-ʉgo	0.332610112491	0.259084019135	0.0597757141649	0.348530154209
-ipe	0.305326332457	0.414689161264	0.0954442514965	0.184540254782
-noé	0.0	0.994772153002	0.0	0.00522784699834
-ewa	0.554285714286	0.377142857143	0.0685714285714	0.0
-ewo	0.295284030011	0.613612004287	0.075026795284	0.016077170418
-iwĩ	0.55960356577	0.199552085789	0.0463593949595	0.194484953482
-ipu	0.0143030823142	0.795489761377	0.0612410307755	0.128966125533
-ẽmi	0.515088361664	0.255132285269	0.0747254774652	0.155053875602
-rʉa	0.0941155255807	0.777278056805	0.075074812313	0.0535316053014
-otʉ	0.0716928675103	0.810464664636	0.0319827462845	0.0858597215692
-awa	0.325725351482	0.646458314677	0.0137122772454	0.0141040565953
-ẽma	0.44547652408	0.216892380126	0.120766773931	0.216864321862
-awe	0.135626493684	0.481990440423	0.233014680778	0.149368385114
-tíe	0.506329113924	0.26582278481	0.0911392405063	0.136708860759
-íri	0.542628612979	0.178512997637	0.0376295219051	0.241228867479
-ita	0.135303406434	0.697181118808	0.0536761809779	0.11383929378
-ãrã	0.488935880976	0.230496186089	0.0951589759082	0.185408957027
-oña	0.321890356005	0.319657517106	0.0526206803238	0.305831446565
-ʉpʉ	0.192260021552	0.118219038229	0.0214410852245	0.668079854994
-ópʉ	0.491983652939	0.44042753851	0.0188619930839	0.0487268154668
-oló	0.0	0.96	0.04	0.0
-̃ro	0.155676346356	0.768191522618	0.076132131026	0.0
-saá	0.0	0.978530351438	0.00268370607028	0.018785942492
-sto	0.022745332069	0.908887922574	0.00487597731948	0.0634907680375
-ẽgʉ	0.356497266872	0.632137251718	0.0113654814093	0.0
-̃ri	0.270867882808	0.651741293532	0.0773908236595	0.0
-eco	0.190453237624	0.760233441106	0.00934357666181	0.0399697446089
-̃re	0.088510852676	0.0291569830152	0.00398283300424	0.878349331305
-sta	0.0348423797108	0.953211661531	0.011945958758	0.0
-saí	0.0	1.0	0.0	0.0
-ʉri	0.201978096186	0.536240554849	0.0513073289589	0.210474020005
-ãcʉ	0.253179762443	0.121723506959	0.0890392529004	0.536057477697
-tio	0.515557461407	0.2887135506	0.110017152659	0.0857118353345
-cui	0.0662944789157	0.830494874609	0.103210646475	0.0
-loé	0.0	0.941031941032	0.0	0.058968058968
-aii	0.27970162602	0.2808205938	0.132255729031	0.307222051149
-mia	0.116688334337	0.754700827599	0.0389225354346	0.0896883026287
-ayʉ	0.308841340331	0.414614452967	0.0141299959628	0.262414210739
-ucu	0.402422892458	0.30984779456	0.088771558432	0.19895775455
-ibo	0.286206896552	0.196551724138	0.124137931034	0.393103448276
-ámí	0.49603359776	0.183543319334	0.102270959714	0.218152123192
-eyo	0.341239825701	0.434925594015	0.156005919592	0.0678286606922
-eya	0.38926985519	0.466692253342	0.0772955501249	0.0667423413425
-aʉa	0.338028169014	0.30985915493	0.140845070423	0.211267605634
-uca	0.507377740494	0.248338300683	0.0158076990515	0.228476259771
-eye	0.161474783634	0.254805267421	0.172558352384	0.411161596561
-tos	0.0575923584773	0.186823992134	0.0168563000421	0.738727349347
-esú	0.0	1.0	0.0	0.0
-mua	0.174942630696	0.787068283935	0.00462811192317	0.0333609734462
-lem	0.0	1.0	0.0	0.0
-oaʉ	0.143747964978	0.331988600891	0.321130172689	0.203133261442
-lea	0.00443240581138	0.983255355824	0.00751046540262	0.00480177296232
-igʉ	0.379347306374	0.20743990945	0.0585461033334	0.354666680842
-ʉjʉ	0.465641887469	0.115500815041	0.0144102255614	0.404447071929
-ioe	0.397031539889	0.558441558442	0.0445269016698	0.0
-amʉ	0.177269516072	0.106146238078	0.0230219003885	0.693562345461
-ĩwa	0.363636363636	0.545454545454	0.0909090909091	0.0
-gón	0.0520884520884	0.90515970516	0.0191646191646	0.0235872235872
-ágo	0.356435643564	0.623762376238	0.0	0.019801980198
-ema	0.394482522732	0.263410866629	0.103825396949	0.23828121369
-agé	0.119250425894	0.880749574106	0.0	0.0
-les	0.0	1.0	0.0	0.0
-itá	0.775096525097	0.171621621622	0.0054054054054	0.0478764478765
-yuʉ	0.48037431765	0.260192757593	0.0631261122553	0.196306812501
-eel	0.0	1.0	0.0	0.0
-rra	0.0976757450449	0.868102096107	0.0256666191359	0.00855553971196
-eei	0.326779862973	0.148942508192	0.226392612452	0.297885016384
-cão	0.197540067089	0.376444278792	0.149086843086	0.276928811032
-rro	0.164583333333	0.675	0.0125	0.147916666667
-úre	0.0	1.0	0.0	0.0
-ʉrã	0.305584199926	0.222805573758	0.0505371738445	0.421073052471
-gio	0.111111111111	0.854700854701	0.034188034188	0.0
-ána	0.389183340224	0.179034965616	0.0451948059197	0.38658688824
-udá	0.0	1.0	0.0	0.0
-ẽre	0.185904550499	0.786348501665	0.0277469478357	0.0
-ndo	0.0	0.923076923077	0.0769230769231	0.0
-ẽri	0.219972573374	0.55826187699	0.0445682670785	0.177197282557
-ẽro	0.410256410257	0.353576248313	0.143049932524	0.0931174089068
-acã	0.132226340594	0.224219761581	0.125681889438	0.517872008386
-ajʉ	0.547588561673	0.174989329919	0.277422108408	0.0
-osé	0.0448457188213	0.942454608592	0.00377021529914	0.00892945728742
-ñio	0.0853735091023	0.0395480225989	0.843063402385	0.0320150659134
-ñii	0.0383304940375	0.752981260647	0.191652470187	0.0170357751278
-áni	0.495591771307	0.316858135186	0.0673256745925	0.120224418915
-yoo	0.149390243902	0.52633037694	0.315964523282	0.00831485587584
-abá	0.0449505543902	0.934072520228	0.0173808810308	0.00359604435123
-ãpʉ	0.241852309451	0.536532219637	0.0991218532516	0.12249361766
-yoa	0.110204081633	0.865306122449	0.0244897959184	0.0
-ũba	0.238095238095	0.26455026455	0.031746031746	0.465608465608
-pee	0.122293809195	0.0998861834884	0.590750376001	0.187069631316
-ãna	0.258904317849	0.176016290854	0.0580079091701	0.507071482127
-ʉʉʉ	0.41315862838	0.195427934207	0.0	0.391413437413
-pea	0.229966624542	0.488188976378	0.146398366871	0.135446032209
-cho	0.0463716397718	0.179869022176	0.202201917609	0.571557420443
-peo	0.216961971858	0.347381030081	0.0427312690765	0.392925728985
-pei	0.130337641965	0.173132694935	0.17997203469	0.51655762841
-oje	0.201408696223	0.647500044211	0.0530282168725	0.0980630426929
-elo	0.0	1.0	0.0	0.0
-ãwã	0.620791245791	0.225589225589	0.0462962962963	0.107323232323
-oga	0.359739049394	0.217148182665	0.193849021435	0.229263746505
-orã	0.299888630782	0.340915778293	0.119576369809	0.239619221116
-ela	0.0	1.0	0.0	0.0
-quẽ	0.341232740077	0.378390395731	0.133392618942	0.14698424525
-acʉ	0.155577905511	0.472204901864	0.0259087505593	0.346308442066
-ãaa	0.76	0.106666666667	0.0266666666667	0.106666666667
-buʉ	0.351936693045	0.585589337776	0.0	0.0624739691796
-ĩwõ	0.0641221374046	0.296946564885	0.0	0.63893129771
-itu	0.00932940125213	0.93851414324	0.0331776438317	0.0189788116762
-awʉ	0.487432446184	0.283833734455	0.0725239038861	0.156209915475
-ter	0.0756302521008	0.90756302521	0.0168067226891	0.0
-esu	0.0358151468139	0.581775260396	0.0032945379417	0.379115054848
-ũpe	0.253393665158	0.393665158371	0.203619909502	0.149321266968
-ĩwã	0.200865416062	0.124277771721	0.00905667972059	0.665800132496
-ito	0.245509294372	0.643577818691	0.0775339252334	0.0333789617032
-tes	0.234817813765	0.52024291498	0.244939271255	0.0
-eso	0.158656799543	0.760238215296	0.0369662177263	0.0441387674344
-iti	0.501610910544	0.264187479656	0.0864176752582	0.147783934543
-anó	0.0	1.0	0.0	0.0
-esa	0.0	1.0	0.0	0.0
-ite	0.458578611724	0.541421388276	0.0	0.0
-mía	0.0	0.973799126638	0.0	0.0262008733625
-ĩba	0.883843717001	0.0950369588174	0.0	0.0211193241816
-atʉ	0.721902737842	0.127557611368	0.0131266408301	0.13741300996
-paʉ	0.111198821252	0.665273053737	0.039915040777	0.183613084234
-ifá	0.0283829937581	0.803203391827	0.15604757979	0.0123660346249
-apu	0.197181365007	0.650993907317	0.0695427410917	0.0822819865838
-spe	0.0957485414398	0.851492058175	0.0527594003852	0.0
-ẽwĩ	0.706766917293	0.293233082707	0.0	0.0
-ʉre	0.211918731832	0.322774881211	0.0469678883642	0.418338498593
-ʉra	0.270844366571	0.22701483703	0.0639579545308	0.438182841868
-spo	0.0	1.0	0.0	0.0
-bra	0.0317286652079	0.968271334792	0.0	0.0
-ẽrã	0.588949236815	0.209489030982	0.095476609991	0.106085122212
-́go	0.185828057995	0.538316594576	0.157601128706	0.118254218724
-ñee	0.224502982107	0.296396620278	0.0395626242545	0.43953777336
-̃ta	0.13040675904	0.717547279486	0.0317945251774	0.120251436296
-õpʉ	0.304285313501	0.338986260255	0.0242045135739	0.33252391267
-pʉ́	0.635321065001	0.208200031198	0.0187873565386	0.137691547263
-usu	0.0	0.966666666667	0.0	0.0333333333333
-rim	0.0	1.0	0.0	0.0
-acu	0.557522123894	0.261061946903	0.0309734513274	0.150442477876
-abe	0.179184314797	0.756974996584	0.0265405109988	0.0373001776199
-gad	0.0	1.0	0.0	0.0
-aba	0.0	0.898734177215	0.0506329113924	0.0506329113924
-woo	0.226265562334	0.385057448687	0.166342498435	0.222334490544
-ʉmʉ	0.0531849509771	0.691081161901	0.00909261033075	0.246641276791
-abo	0.0829187396352	0.819789939193	0.0187949143173	0.0784964068546
-abi	0.252161383285	0.201729106628	0.546109510086	0.0
-ʉtẽ	0.0655339805825	0.929611650485	0.00485436893203	0.0
-cãʉ	0.258579749104	0.242831541219	0.0378584229391	0.460730286738
-tua	0.48294487172	0.386677961269	0.0327096141104	0.0976675529014
-roo	0.239782816533	0.611569196232	0.117584486522	0.031063500713
-rãa	0.444113521844	0.199044172395	0.284116292359	0.0727260134024
-nce	0.0212393139701	0.357510752403	0.0509743535284	0.570275580099
-emʉ	0.348675034868	0.44630404463	0.0	0.205020920502
-ael	0.0373706811578	0.899073447102	0.00274280228681	0.0608130694529
-uwʉ	0.411872064117	0.262785131195	0.0894352003931	0.235907604294
-sor	0.0	1.0	0.0	0.0
-los	0.111111111111	0.7969348659	0.0459770114942	0.0459770114942
-ori	0.216561629024	0.347024849137	0.0683615495866	0.368051972252
-oro	0.253697664406	0.207553565145	0.1470832851	0.39166548535
-ũcʉ	0.1417779073	0.210944694251	0.00883693852866	0.63844045992
-peó	0.965483234714	0.034516765286	0.0	0.0
-ómo	0.694716242661	0.227005870841	0.0195694716242	0.0587084148728
-ora	0.235007542597	0.578010238148	0.0921433340752	0.0948388851794
-ñoʉ	0.340535740713	0.290587538849	0.176483646589	0.192393073849
-eju	0.145443292589	0.689772551447	0.127649698283	0.0371344576822
-́re	0.838846480068	0.0729431721798	0.0339270568278	0.0542832909245
-jea	0.0813878478835	0.907323216809	0.00886987774161	0.00241905756589
-jee	0.473321362127	0.152254714215	0.026892792647	0.347531131011
-ũgʉ	0.349101911575	0.359736673218	0.151520650576	0.13964076463
-jei	0.48930423087	0.271649654264	0.0878989636293	0.151147151236
-íso	0.493087557604	0.110599078341	0.0829493087558	0.3133640553
-rut	0.0	1.0	0.0	0.0
-ruu	0.406436004762	0.543834722169	0.0376329634039	0.0120963096655
-ico	0.256846788338	0.571957486563	0.0935206728618	0.0776750522373
-lim	0.0	1.0	0.0	0.0
-omi	0.465199579886	0.234684489385	0.0986010363604	0.201514894369
-rui	0.236307137051	0.0740371987985	0.00598935139992	0.68366631275
-omo	0.377427831554	0.338144768265	0.117558425339	0.166868974842
-gai	0.0	1.0	0.0	0.0
-sué	0.0208271347813	0.9523951205	0.0178518298125	0.00892591490627
-oma	0.249846567051	0.515592539421	0.0883973255841	0.146163567944
-rua	0.553230591509	0.371944655937	0.0259917561501	0.0488329964032
-lia	0.0	0.993337034981	0.00666296501943	0.0
-ica	0.226253109591	0.615864838569	0.0647773070916	0.0931047447488
-ojo	0.17266536965	0.624270428016	0.141050583658	0.062013618677
-lpʉ	0.149864956852	0.610351112185	0.0299729913704	0.209810939593
-taʉ	0.0962302444969	0.825879863487	0.0167553837477	0.0611345082686
-diã	0.102595051298	0.698249849125	0.02414001207	0.175015087508
-baũ	0.0176211453744	0.709251101322	0.140969162996	0.132158590308
-asõ	0.287769784173	0.669064748201	0.0143884892086	0.0287769784173
-oda	0.115942028986	0.768115942029	0.115942028986	0.0
-apũ	0.385818561001	0.575860271116	0.0208550573514	0.0174661105318
-ode	0.0316725846561	0.909374342732	0.0450344563079	0.013918616304
-rna	0.78527607362	0.153374233129	0.0613496932516	0.0
-ĩna	0.308823529412	0.0	0.0343137254902	0.656862745098
-rno	0.0566698503662	0.886023559376	0.0439350525311	0.0133715377269
-tía	0.0	1.0	0.0	0.0
-uri	0.275027275086	0.430282600807	0.106446285056	0.188243839052
-ber	0.0	1.0	0.0	0.0
-jio	0.451833989604	0.386329517991	0.0395571474618	0.122279344943
-rge	0.0384615384616	0.961538461538	0.0	0.0
-ure	0.107095437163	0.377315258762	0.0231851818012	0.492404122274
-egʉ	0.461127134127	0.342695514277	0.0828333225139	0.113344029083
-sda	0.0	0.909967845659	0.0	0.0900321543408
-ʉmi	0.373417570934	0.264926504521	0.0726973851238	0.28895853942
-nco	0.270314414047	0.341772151899	0.024499795835	0.36341363822
-daʉ	0.501604063628	0.423873813661	0.0424408501538	0.0320812725571
-afá	0.0	1.0	0.0	0.0
-ĩwĩ	0.311499027167	0.0742549511767	0.000446578778686	0.613799442878
-owʉ	0.582636578995	0.221131719326	0.0468305138972	0.149401187782
-áre	0.244689567136	0.643943062484	0.0207121003567	0.0906552700226
-wau	0.0741333333334	0.917866666667	0.0	0.00800000000001
-apa	0.305790482875	0.22918212426	0.0583865861466	0.406640806719
-ẽna	0.307360644568	0.335859160282	0.167331703374	0.189448491777
-pan	0.0862911669465	0.847632801891	0.00939518568094	0.0566808454817
-pao	0.312927348147	0.483766996094	0.0882551744256	0.115050481334
-paa	0.299904605442	0.480972802855	0.0491124981646	0.170010093538
-áro	0.404109589041	0.493150684932	0.041095890411	0.0616438356164
-ẽwã	0.892733564014	0.107266435986	0.0	0.0
-ári	0.642023346304	0.217898832685	0.0	0.140077821012
-cõa	0.328708527086	0.346564958365	0.0954079879307	0.229318526618
-agʉ	0.42407390777	0.37327786462	0.0638077416087	0.138840486001
-awẽ	0.608254070611	0.296630662583	0.00483636949863	0.0902788973078
-aín	0.0169794459339	0.930294906166	0.00268096514746	0.0500446827524
-aía	0.0728928742633	0.882722837887	0.00338380847644	0.0410004793729
-dui	0.811594202899	0.0289855072464	0.0	0.159420289855
