-ril	0.0	0.832167832168	0.167832167832	0.0
-100	0.00350664430708	0.0561282406769	0.119225906441	0.821139208575
-ŋed	0.416180997639	0.166233300457	0.0567859170926	0.360799784811
-eus	0.00738007380074	0.968634686347	0.00738007380073	0.0166051660517
-hem	0.0449438202247	0.914198161389	0.0163432073545	0.0245148110317
-ive	0.0309746188915	0.969025381109	0.0	0.0
-rbe	0.0965517241379	0.896551724138	0.00689655172413	0.0
-lel	0.698519693495	0.196702352481	0.0349259846747	0.0698519693494
-rbi	0.0	1.0	0.0	0.0
-lem	0.0215007609162	0.96035431381	0.0052678815312	0.0128770437429
-aup	0.494569787792	0.194558589202	0.0457025715408	0.265169051465
-aus	0.220588235294	0.573529411765	0.0	0.205882352941
-aut	0.0	0.753451676529	0.0473372781065	0.199211045365
-aua	0.0787019292194	0.921298070781	0.0	0.0
-nso	0.485915492958	0.326584507042	0.0818661971831	0.105633802817
-nsi	0.440490454298	0.452479982265	0.0494175459339	0.0576120175027
-aug	0.685277605206	0.0494270842724	0.0135425254876	0.251752785034
-mul	0.432200555019	0.11300925071	0.0214585414362	0.433331652835
-ufo	0.0344224674899	0.0537042255951	0.0104676509326	0.901405655982
-nsa	0.875576036866	0.124423963134	0.0	0.0
-aun	0.0596387032912	0.803229398664	0.0235956446424	0.113536253403
-nti	0.0631074525635	0.068935205755	0.00548910789185	0.86246823379
-naŋ	0.400009035703	0.341650816414	0.0623909089751	0.195949238907
-ile	0.606709860691	0.0668697821811	0.0195559553759	0.306864401752
-uab	0.0759493670886	0.905063291139	0.0	0.0189873417722
-uad	0.680138854451	0.166749318125	0.0303744111084	0.122737416315
-uag	0.606022480838	0.164997434072	0.120515834258	0.108464250832
-pus	0.0385852090032	0.942122186495	0.0192926045016	0.0
-kiŋ	0.0396960968873	0.91071914601	0.0256610069522	0.0239237501508
-iog	0.511653313911	0.312909686817	0.0455207574654	0.129916241806
-uak	0.114617940199	0.825581395349	0.0199335548173	0.0398671096345
-nte	0.161529518842	0.098151391619	0.0189870513281	0.721332038211
-uan	0.244591318507	0.385150162354	0.172933262507	0.197325256633
-uap	0.222571942446	0.0894784172662	0.687949640288	0.0
-uas	0.58657315572	0.352773775147	0.0347863190619	0.0258667500716
-dus	0.0	1.0	0.0	0.0
-pul	0.0245568627412	0.370730392257	0.597806127356	0.00690661764596
-puk	0.430501671042	0.211053070148	0.154814064829	0.203631193981
-pra	0.0133148404993	0.887933425798	0.0954230235783	0.00332871012483
-fom	0.441505978671	0.29349348271	0.0875255844016	0.177474954217
-aki	0.176470588235	0.823529411765	0.0	0.0
-k50	0.213483146067	0.47191011236	0.14606741573	0.168539325843
-nab	0.157894736842	0.789473684211	0.0526315789473	0.0
-iks	0.101371001246	0.722476111342	0.0727046115497	0.103448275862
-opa	0.0556291390729	0.933017975402	0.0	0.0113528855251
-dea	0.00964956830879	0.975283561876	0.00795666158795	0.00711020822753
-ded	0.409436183835	0.406048324264	0.119476461185	0.0650390307151
-deg	0.687026858259	0.192926636392	0.0541374126455	0.0659090927032
-pad	0.0769230769231	0.807692307692	0.115384615385	0.0
-dek	0.0476836052546	0.935954373335	0.0140245897808	0.00233743163012
-del	0.145257697079	0.784481786399	0.063944964475	0.00631555204691
-den	0.378329081069	0.0947301790699	0.018504208398	0.508436531463
-kin	0.69325997249	0.207702888583	0.0	0.0990371389271
-ima	0.246692607004	0.472632944228	0.0963683527887	0.184306095979
-lep	0.446921827045	0.36333273154	0.0984654269725	0.091280014443
-des	0.0774506979939	0.841172531764	0.0599618307049	0.0214149395375
-det	0.0222222222222	0.0833333333333	0.0277777777778	0.866666666667
-nad	0.342376090743	0.252355823436	0.102261245499	0.303006840322
-imi	0.152101769912	0.747234513274	0.0641592920354	0.0365044247788
-kil	0.305856832972	0.416485900217	0.0325379609544	0.245119305857
-lak	0.18234677071	0.309491601046	0.324220029333	0.18394159891
-kis	0.0259148302671	0.962506203018	0.0104762079803	0.00110275873477
-iop	0.449472810128	0.438790269377	0.0751225623669	0.0366143581284
-obo	0.297808736851	0.188471192081	0.0	0.513720071068
-bip	0.484955185659	0.336498790724	0.0711338739508	0.107412149666
-idi	0.242899859065	0.508039778197	0.135824438101	0.113235924637
-let	0.207533759773	0.762615493959	0.00213219616205	0.0277185501066
-sus	0.00341674421869	0.742371220488	0.00359635302236	0.250615682271
-ida	0.100419923973	0.0839842587542	0.0441528580201	0.771442959252
-big	0.597136567675	0.0678728870548	0.0114376361452	0.323552909125
-bid	0.152891536361	0.713328369322	0.0955572102258	0.0382228840903
-ŋai	0.0555299264393	0.014590236769	0.00138221502213	0.92849762177
-nug	0.117779287212	0.253834483712	0.110192344455	0.51819388462
-bia	0.1125	0.86875	0.00624999999999	0.0125
-bin	0.0504587155963	0.935779816514	0.0114678899083	0.00229357798165
-bio	0.505122494432	0.150111358575	0.0489977728285	0.295768374165
-idu	0.372175427317	0.0827719626518	0.0173132340285	0.527739376003
-rat	0.272413867602	0.599992251774	0.0345671162539	0.0930267643704
-tep	0.413199660551	0.212709031407	0.0601274460086	0.313963862034
-rig	0.385075199586	0.392887605784	0.0956072091826	0.126429985447
-rid	0.141641032978	0.637313112526	0.135202804206	0.0858430502897
-uta	0.122680841898	0.131886617048	0.0288176474256	0.716614893629
-rib	0.151219512195	0.482926829268	0.168292682927	0.19756097561
-ute	0.44349754475	0.253007438961	0.215100657665	0.0883943586241
-rin	0.207372175981	0.648038049941	0.0989298454222	0.0456599286563
-bbi	0.394736842105	0.315789473684	0.0	0.289473684211
-uti	0.724414951431	0.208113771276	0.0252928230613	0.0421784542318
-rik	0.1005296276	0.563596818914	0.270458733875	0.0654148196111
-tea	0.0127388535032	0.987261146497	0.0	0.0
-maŋ	0.0135287432991	0.0183992160515	0.00341073902996	0.964661301619
-rir	0.307106380649	0.556584370186	0.113317327619	0.0229919215459
-ris	0.05964957107	0.843573781377	0.0514604375173	0.0453162100357
-rip	0.44956315155	0.417873633656	0.101269603433	0.0312936113613
-teg	0.618048293041	0.186187362711	0.078727580185	0.117036764063
-tei	0.0465452381459	0.91186159699	0.00871394869397	0.0328792161697
-tek	0.162389273271	0.419556220844	0.124950390251	0.293104115634
-our	0.106910039113	0.838331160365	0.0469361147327	0.00782268578879
-tem	0.276487917779	0.175126218717	0.105431871301	0.442953992202
-ten	0.332656025217	0.532886477967	0.079616156433	0.0548413403828
-riy	0.191469962516	0.569192584338	0.212744402796	0.0265930503495
-ard	0.0983606557377	0.754098360656	0.147540983607	0.0
-reŋ	0.303828895707	0.536210366558	0.0414893266027	0.118471411132
-duk	0.179104477612	0.776119402985	0.044776119403	0.0
-ara	0.206438583351	0.660977958485	0.090453135031	0.0421303231329
-mes	0.0109689213894	0.981718464351	0.00731261425959	0.0
-lup	0.714907560145	0.128800473975	0.0400966171612	0.116195348719
-pat	0.0970318327594	0.830796166407	0.0150028038508	0.057169196983
-lus	0.201465201465	0.783882783883	0.014652014652	0.0
-ari	0.482627120915	0.311910497374	0.0639380713475	0.141524310363
-aru	0.0829398361166	0.0946812603298	0.085767072624	0.73661183093
-luk	0.535304433866	0.31886267232	0.122211099225	0.023621794589
-lul	0.0765139497994	0.814313707194	0.0531865260801	0.0559858169264
-dun	0.190340909091	0.658143939394	0.121212121212	0.030303030303
-lun	0.103240255753	0.826500018062	0.0601452154752	0.0101145107106
-luo	0.0	1.0	0.0	0.0
-mel	0.132584652772	0.529868486349	0.0200125893187	0.317534271561
-lud	0.220731684658	0.662213634083	0.1036770034	0.0133776778581
-mek	0.0	1.0	0.0	0.0
-lug	0.626801442554	0.106093518847	0.020136425053	0.246968613546
-aya	0.0276846190569	0.972315380943	0.0	0.0
-iam	0.0136046511628	0.816162790698	0.154651162791	0.0155813953488
-ila	0.24668650257	0.613515462988	0.0439545577495	0.0958434766929
-ayu	0.15763546798	0.426929392447	0.292282430213	0.12315270936
-tyu	0.0419947506561	0.950131233596	0.00787401574803	0.0
-rag	0.157583081409	0.534198808219	0.151636550035	0.156581560336
-oup	0.271614919386	0.574775727235	0.0614126463409	0.0921967070384
-gom	0.38435207824	0.308557457213	0.198533007335	0.108557457213
-iwi	0.881252386407	0.105001909126	0.0137457044674	0.0
-mor	0.0752688172043	0.838709677419	0.0860215053763	0.0
-gin	0.284282183486	0.312017615086	0.0807744767025	0.322925724726
-iwo	0.0527501271525	0.203080723679	0.0850105354937	0.659158613674
-ubu	0.116629191514	0.639065402288	0.120539642194	0.123765764004
-dab	0.222661519307	0.694716962772	0.0208289540979	0.0617925638238
-lap	0.296435272045	0.60225140713	0.0675422138837	0.0337711069419
-ubo	0.210526315789	0.445983379501	0.0581717451523	0.285318559557
-nta	0.0635755555465	0.279522712348	0.144057141342	0.512844590764
-dai	0.4822789033	0.142218115569	0.0165029565532	0.359000024579
-ube	0.202215384615	0.717630769231	0.0541538461538	0.026
-aud	0.72972972973	0.216216216216	0.0540540540541	0.0
-ota	0.0870738449388	0.825852310122	0.0746347242332	0.0124391207055
-ija	0.0223475808201	0.968539813409	0.00781080494683	0.00130180082447
-oti	0.0274828525791	0.937282721037	0.0036408907263	0.0315935356572
-ali	0.530497570195	0.319260386614	0.0923230733572	0.0579189698333
-nud	0.166187722046	0.631660310544	0.0770998201288	0.125052147282
-oam	0.0189898001755	0.924040799298	0.00949490008778	0.0474745004388
-nda	0.211398074863	0.190282675108	0.149917711077	0.448401538953
-uma	0.428050047937	0.385841235568	0.0840309053263	0.102077811168
-sup	0.2	0.666666666667	0.0	0.133333333333
-umi	0.376024927387	0.411510898525	0.0992867250131	0.113177449075
-nak	0.0963472736898	0.894123875066	0.00529380624669	0.00423504499735
ALL	0.234967285126	0.306576505397	0.05846440223	0.399991807248
-nai	0.40548102261	0.233707886729	0.0696580907285	0.291152999933
-nan	0.176251061976	0.285943276953	0.326410099025	0.211395562046
-nao	0.217376158294	0.333449453076	0.0665366125549	0.382637776075
-nal	0.0363406643985	0.810255669768	0.0123277410272	0.141075924806
-nam	0.124761734126	0.055775347052	0.0284435830919	0.79101933573
-sis	0.0277777777778	0.972222222222	0.0	0.0
-uaŋ	0.949019607843	0.0313725490196	0.0117647058823	0.0078431372549
-sip	0.231857913021	0.688029316529	0.0451617258558	0.0349510445942
-nag	0.397933252787	0.195174566372	0.0596645609693	0.347227619872
-kim	0.0	1.0	0.0	0.0
-nae	0.483566402423	0.372880852706	0.0672485971319	0.0763041477391
-sik	0.202525176625	0.383143127268	0.186140718852	0.228190977255
-kip	0.058064516129	0.729032258065	0.212903225806	0.0
-sio	0.285714285714	0.666666666667	0.047619047619	0.0
-sin	0.249991302913	0.69547628052	0.050856073877	0.00367634268991
-sil	0.0970750780926	0.837283470587	0.0316739116189	0.0339675397016
-nas	0.0186702624209	0.954880199149	0.0124468416139	0.0140026968157
-sia	0.0190240974702	0.955351607978	0.0221300725674	0.00349422198433
-sig	0.709801601417	0.180662264653	0.0593488947945	0.0501872391355
-nat	0.228571428571	0.528571428571	0.171428571429	0.0714285714286
-nau	0.188602077384	0.0724711056966	0.0692988632138	0.669627953706
-goi	0.069358107116	0.887648350644	0.0254525163728	0.0175410258669
-gok	0.0406504065041	0.943089430894	0.0162601626016	0.0
-mot	0.0849235486344	0.891071932868	0.0203735829265	0.00363093557107
-mos	0.0654451744679	0.470033331862	0.427760799926	0.0367606937436
-gol	0.009485839978	0.716937036019	0.261066813308	0.0125103106956
-gon	0.183577562268	0.118178322724	0.0200965523134	0.678147562695
-igo	0.19492642653	0.00591933240742	0.0028235881524	0.796330652911
-gob	0.068491277957	0.796959588779	0.085169792749	0.0493793405151
-god	0.0238115125458	0.0160586296699	0.00322968182254	0.956900175962
-gog	0.0635534425896	0.0350696197213	0.00235285891372	0.899024078775
-dup	0.414291296746	0.242272483276	0.0832557291559	0.260180490822
-lki	0.0	1.0	0.0	0.0
-kik	0.186851211073	0.688581314879	0.083044982699	0.0415224913495
-wur	0.0607329842932	0.882722513089	0.0565445026178	0.0
-mon	0.0213839014626	0.966552171827	0.00236547582551	0.00969845088459
-gos	0.379608145864	0.357638173102	0.230331632989	0.0324220480454
-mol	0.0144985266492	0.514997142704	0.0164893128242	0.454015017823
-mok	0.32020906916	0.335737319367	0.0826981947094	0.261355416763
-got	0.345075485262	0.176851186197	0.0797987059669	0.398274622574
-moi	0.452486118965	0.172591467894	0.07787093643	0.297051476711
-yau	0.30412096206	0.032648217796	0.00497522432297	0.658255595821
-gor	0.417183348096	0.409211691763	0.0992028343667	0.074402125775
-ŋie	0.185311863847	0.617171309626	0.0558438938507	0.141672932676
-ber	0.0	1.0	0.0	0.0
-bes	0.0951599671862	0.704675963905	0.190319934372	0.0098441345365
-bep	0.729838709678	0.133064516129	0.0967741935484	0.0403225806451
-deŋ	0.122606774669	0.80265095729	0.0570692194404	0.0176730486009
-mfa	0.0	1.0	0.0	0.0
-bet	0.0425111220959	0.726643598616	0.0632723677707	0.167572911517
-nep	0.497843373868	0.212703520599	0.0891830510244	0.200270054508
-yad	0.563888888889	0.241203703704	0.11712962963	0.0777777777778
-yag	0.671701913394	0.0805639476335	0.036253776435	0.211480362538
-bei	0.341160939313	0.53402408289	0.124814977797	0.0
-ben	0.109198097227	0.506265558709	0.0179563352304	0.366580008834
-nup	0.146870653686	0.818080667594	0.0116828929068	0.0233657858136
-bel	0.247249196837	0.545051271455	0.110228744101	0.0974707876075
-bem	0.13878706419	0.615428478332	0.111640599544	0.134143857934
-yam	0.416465230884	0.290972038114	0.266363083449	0.0261996475524
-uok	0.0	1.0	0.0	0.0
-yan	0.221805124566	0.0627019464773	0.153888691859	0.561604237098
-yai	0.176495639593	0.790443774752	0.0137096128972	0.0193509727574
-beg	0.0852624533584	0.577394678582	0.247351891545	0.0899909765146
-yak	0.374170655748	0.0342905693628	0.0257018224445	0.565836952444
-iso	0.47797235023	0.261689708141	0.062980030722	0.197357910906
-rek	0.222740884993	0.680307567725	0.0209332013586	0.0760183459234
-rei	0.532837086592	0.215584660322	0.0734947705644	0.178083482521
-ren	0.21617208801	0.114609092638	0.0285333840593	0.640685435293
-isi	0.154047711819	0.751502266846	0.0419019603319	0.0525480610026
-rem	0.256730276599	0.492490148578	0.113700908924	0.137078665899
-uam	0.172362209959	0.422633690136	0.331538239922	0.0734658599827
-rea	0.0548780487805	0.826219512195	0.0548780487805	0.0640243902439
-reg	0.46826580721	0.402543526312	0.0510665171329	0.0781241493451
-isa	0.461729832754	0.339554196456	0.0913806875651	0.107335283225
-luŋ	0.110122610872	0.739007444539	0.131353630224	0.0195163143653
-eva	0.341176470588	0.505882352941	0.129411764706	0.0235294117647
-rer	0.269255328269	0.328338607289	0.361415633033	0.040990431409
-res	0.0688733490373	0.867992747678	0.0459155660249	0.0172183372593
-rep	0.51104957132	0.320107789292	0.0773819278512	0.0914607115372
-ret	0.0208842272969	0.947749601699	0.00756771109931	0.0237984599044
-upi	0.34396273737	0.245790039412	0.279469724113	0.130777499104
-hab	0.119318181818	0.857954545455	0.0227272727273	0.0
-ŋgi	0.0558139534883	0.820930232558	0.111627906977	0.0116279069767
-ufu	0.657637181688	0.303052089614	0.0118280068649	0.0274827218331
-map	0.485108196411	0.297457265969	0.0971636914627	0.120270846158
-mas	0.035145869646	0.949424236363	0.0	0.0154298939909
-mar	0.243944104684	0.756055895316	0.0	0.0
-mau	0.332605409038	0.115205473176	0.00687201258342	0.545317105203
-mat	0.499465191341	0.238215188809	0.162791470428	0.0995281494224
-mai	0.57617071725	0.34914048607	0.0	0.0746887966805
-mah	0.0	1.0	0.0	0.0
-mak	0.06558810669	0.690424136423	0.236117184084	0.0078705728028
-has	0.0	1.0	0.0	0.0
-mam	0.223024569902	0.44539606072	0.160753434478	0.1708259349
-jud	0.037037037037	0.888888888889	0.0740740740741	0.0
-man	0.337305180588	0.148862332423	0.0283095802468	0.485522906742
-iau	0.372972644142	0.0494606913897	0.0215870204016	0.555979644066
-teŋ	0.176021055967	0.600688312506	0.205960551894	0.0173300796327
-mae	0.158790170132	0.773156899811	0.0	0.0680529300567
-mad	0.27176531227	0.435287532092	0.115869581224	0.177077574413
-mag	0.327036321983	0.506412263268	0.0944562117485	0.0720952030001
-geŋ	0.09375	0.765625	0.140625	0.0
-uno	0.470416479497	0.248668420715	0.101392543156	0.179522556632
-uni	0.556597841779	0.234224541599	0.0719469568649	0.137230659757
-lae	0.349711962047	0.456455438834	0.160962385632	0.032870213487
-une	0.557710785349	0.214411749074	0.13368489453	0.0941925710466
-usi	0.189126662811	0.736263736264	0.0598611914401	0.0147484094853
-boŋ	0.268518518518	0.388888888889	0.305555555556	0.037037037037
-pta	0.0488826815643	0.622765363128	0.0994413407822	0.228910614525
-unu	0.461285008237	0.449752883031	0.0691927512355	0.0197693574959
-oun	0.144355418025	0.429081378918	0.253277180906	0.17328602215
-666	0.140350877193	0.0350877192983	0.0	0.824561403509
-iri	0.380224384439	0.35746630747	0.0753092118959	0.187000096195
-gaf	0.0464601769911	0.851769911504	0.0265486725664	0.075221238938
-ade	0.581788215905	0.281005356407	0.111248454882	0.0259579728059
-tra	0.0126984126984	0.961904761905	0.0253968253968	0.0
-gab	0.035759627592	0.954718578079	0.00423190859077	0.00528988573846
-bek	0.242264273532	0.571482714746	0.0967811797829	0.0894718319391
-ouŋ	0.178324002626	0.63882599705	0.116617653623	0.0662323467009
-ado	0.416466082599	0.101835849322	0.019861591797	0.461836476281
-gam	0.286690715517	0.255679280189	0.228243963182	0.229386041111
-oud	0.143258312645	0.587787980202	0.124834467149	0.144119240005
-gai	0.336776325925	0.283646185433	0.180639525691	0.198937962951
-adi	0.0661407949515	0.139802768627	0.0443829370483	0.749673499373
-ouk	0.18525839465	0.348219132986	0.430450313608	0.0360721587562
-uŋa	0.273901808785	0.662360034453	0.0344530577089	0.0292850990525
-adu	0.600739511955	0.140730967929	0.0520116533264	0.20651786679
-gas	0.0337078651686	0.955056179775	0.0112359550562	0.0
-gar	0.162150098183	0.503155468389	0.309748264477	0.0249461689512
-140	0.196363636364	0.558787878788	0.0	0.244848484848
-lam	0.150670450406	0.71276318157	0.0700223277784	0.0665440402455
-uŋi	0.198113207547	0.547169811321	0.235849056604	0.0188679245283
-uŋo	0.0532544378698	0.591715976331	0.0177514792899	0.337278106509
-lan	0.172050052964	0.245901602384	0.212635904094	0.369412440558
-ini	0.425958221168	0.367006676951	0.0615810016219	0.145454100259
-sem	0.14728820142	0.224917253268	0.0567535964673	0.571040948845
-sel	0.0966938832547	0.853689261193	0.0337602800369	0.0158565755158
-sek	0.107485950305	0.793031615553	0.0842427736853	0.0152396604564
-loŋ	0.739549215239	0.0701428133068	0.00917589325136	0.181132078203
-sei	0.556375885903	0.220343398455	0.0570787914756	0.166201924167
-ino	0.576679340938	0.340937896071	0.0411913814956	0.0411913814956
-seg	0.400380011837	0.108024493908	0.0531748418373	0.438420652418
-sef	0.0230140802011	0.958948315981	0.00679382441361	0.0112437794045
-sed	0.174824146174	0.0931621190547	0.106422245883	0.625591488889
-ŋar	0.0164918885005	0.956529533029	0.00914224253831	0.0178363359326
-ine	0.690702087287	0.0929791271347	0.0910815939279	0.125237191651
-sea	0.0	0.965517241379	0.0	0.0344827586207
-nou	0.0294117647059	0.945588235294	0.00882352941175	0.0161764705882
-uik	0.432525951557	0.297577854671	0.228373702422	0.0415224913495
-fon	0.129158783881	0.0723107729731	0.0676181926049	0.730912250541
-uia	0.0668953687821	0.933104631218	0.0	0.0
-ins	0.182500766166	0.655684952498	0.0441311676371	0.117683113699
-ses	0.0466609803823	0.920332289255	0.00473060630604	0.0282761240566
-ser	0.0	1.0	0.0	0.0
-omi	0.405058998926	0.348293610646	0.135191665884	0.111455724545
-sep	0.414147176269	0.396463205933	0.0547632629778	0.13462635482
-iad	0.245523985953	0.323726768443	0.303206988002	0.127542257602
-iag	0.450853198726	0.188583846724	0.065297475485	0.295265479064
-aop	0.530303030303	0.227272727273	0.166666666667	0.0757575757576
-kus	0.0859856262834	0.906314168378	0.00308008213552	0.00462012320328
-kur	0.223684210526	0.710526315789	0.0657894736842	0.0
-aot	0.0894783818339	0.32347884821	0.393888857618	0.193153912337
-fun	0.25037019048	0.19267855245	0.0501124962763	0.506838760794
-rsi	0.575304701103	0.325304701103	0.0536854323854	0.0457051654092
-ian	0.088227395014	0.133185290628	0.137853071402	0.640734242956
-iai	0.514343267099	0.305222103725	0.117147250081	0.0632873790945
-nes	0.0	0.801526717557	0.0381679389313	0.160305343511
-iak	0.134425320825	0.171343324554	0.1196773823	0.574553972322
-fui	0.294871794872	0.705128205128	0.0	0.0
-nen	0.0671672661878	0.0712069278462	0.0444330921504	0.817192713816
-aob	0.0957063257948	0.647328744674	0.227138643068	0.0298262864635
-fut	0.355994277539	0.445321888412	0.144206008584	0.054477825465
-nem	0.0725916369353	0.0842230328927	0.0341938113	0.808991518872
-fur	0.156231365534	0.71198568873	0.121049493143	0.0107334525939
-nek	0.161686185927	0.47627643686	0.0621384876173	0.299898889596
-ias	0.055332814695	0.916140045284	0.0165439526765	0.0119831873441
-aod	0.203662920779	0.232004777645	0.0207637699599	0.543568531617
-aok	0.166058124179	0.33446271632	0.141186129189	0.358293030312
-neg	0.462489027697	0.107927197128	0.0325634794919	0.397020295684
-ned	0.15730109723	0.136910335045	0.0810863168154	0.62470225091
-kul	0.106382978723	0.340425531915	0.531914893617	0.0212765957447
-kuk	0.242966751918	0.173913043478	0.496163682864	0.0869565217391
-aon	0.333651826192	0.286348944911	0.0212483698026	0.358750859094
-aom	0.329249237332	0.33879808527	0.0868077085245	0.245144968873
-nom	0.0	0.93487109905	0.0651289009498	0.0
-ban	0.599747970048	0.184804607357	0.014276490049	0.201170932546
-win	0.0894915254237	0.768813559322	0.0298305084746	0.11186440678
-bal	0.447526262213	0.307892176126	0.111111623597	0.133469938065
-bam	0.181694972682	0.264453009191	0.513743594088	0.0401084240397
-bak	0.469216886227	0.101560892142	0.0591378821473	0.370084339484
-bai	0.104373245918	0.639932410745	0.139808258282	0.115886085054
-bag	0.339258283959	0.590958964231	0.0280886548168	0.0416940969936
-bad	0.574879227053	0.256038647343	0.140096618357	0.0289855072464
-out	0.393426794744	0.0941177948107	0.0405128886929	0.471942521752
-iap	0.226846185231	0.218278253774	0.136678906569	0.418196654427
-hor	0.0	1.0	0.0	0.0
-hos	0.0565932534151	0.917479788124	0.00752718148871	0.0183997769724
-jon	0.029552644278	0.947034011903	0.012421583171	0.0109917606477
-gsi	0.217391304348	0.376811594203	0.144927536232	0.260869565217
-eip	0.567226211674	0.245574216344	0.0604687582727	0.126730813709
-bat	0.0284897198691	0.932079641225	0.0173321489698	0.0220984899365
-bau	0.0	0.887323943662	0.112676056338	0.0
-bar	0.545981226166	0.360964440533	0.0717870995078	0.0212672337929
-bas	0.0445622813896	0.928675454647	0.0138167967437	0.0129454672193
-job	0.0	0.660056657224	0.203966005666	0.135977337111
-dru	0.0	1.0	0.0	0.0
-ase	0.0	1.0	0.0	0.0
-rel	0.0365015862217	0.916207562099	0.0153075938977	0.0319832577814
-asa	0.536687537038	0.129121098279	0.0274782821303	0.306713082553
-aso	0.60838652339	0.207400824109	0.048477013816	0.135735638685
-yep	0.481751824818	0.193430656934	0.226277372263	0.0985401459854
-asi	0.67673971342	0.168301933081	0.0622674550294	0.0926908984694
-mba	0.0550458715596	0.889908256881	0.0	0.0550458715596
-lti	0.638581213027	0.21494341819	0.102789732479	0.0436856363037
-eli	0.0	0.979797979798	0.0	0.020202020202
-dra	0.031746031746	0.873015873016	0.0952380952381	0.0
-irr	0.108949416342	0.891050583658	0.0	0.0
-yen	0.523255681239	0.0471384385891	0.0190282404143	0.410577639758
-lta	0.0300303893183	0.91002847503	0.0423536168075	0.0175875188438
-yed	0.00995024875619	0.567164179104	0.412935323383	0.00995024875622
-430	0.414634146342	0.0487804878049	0.0	0.536585365854
-rau	0.101818920841	0.44985265725	0.416658198693	0.0316702232158
-ras	0.0516334413883	0.8009394957	0.131898208358	0.0155288545529
-ran	0.157731845389	0.534527668533	0.228554072383	0.0791864136952
-eri	0.0	1.0	0.0	0.0
-ral	0.0188679245283	0.698113207547	0.283018867925	0.0
-ram	0.121738743544	0.783320349541	0.0673774178105	0.0275634891042
-rak	0.228082008756	0.616127396019	0.0787722484414	0.0770183467837
-rah	0.0	1.0	0.0	0.0
-rai	0.427459531288	0.359048079246	0.0770355158251	0.136456873641
-era	0.0	1.0	0.0	0.0
-rad	0.351800254281	0.328806773609	0.0898098303893	0.229583141721
-rae	0.463440755525	0.344140460195	0.140622464544	0.0517963197352
-rab	0.00181527737438	0.953528899216	0.0446558234098	0.0
-lsi	0.58064516129	0.291858678955	0.0721966205837	0.0552995391705
-dop	0.174385633893	0.0282431481636	0.00209532619539	0.795275891748
-pol	0.0229403337893	0.914541274168	0.00164922050078	0.0608691715416
-ugo	0.212664081038	0.0125236247058	0.0015431463872	0.773269147869
-lad	0.25660523091	0.370951494349	0.0737622031517	0.298681071589
-foa	0.0163934426229	0.983606557377	0.0	0.0
-lag	0.496277182783	0.243980538759	0.0610883994218	0.198653879036
-oug	0.217375391724	0.419119945711	0.0951193662267	0.268385296338
-ika	0.0222772277228	0.907178217822	0.0668316831683	0.00371287128713
-fog	0.315789473684	0.532631578947	0.0884210526316	0.0631578947369
-iko	0.0	1.0	0.0	0.0
-aat	0.0	1.0	0.0	0.0
-nor	0.293805309734	0.401769911505	0.101474926254	0.202949852507
-nos	0.0	1.0	0.0	0.0
-not	0.0	0.631386861314	0.131386861314	0.237226277372
-lai	0.419348922073	0.470895095646	0.0651676144793	0.0445883678016
-oum	0.0759746935959	0.837143180033	0.00684059105859	0.0800415353123
-oul	0.315343167565	0.579542443247	0.0494655949121	0.0556487942761
-lat	0.0582616622409	0.875153580912	0.0412191351908	0.0253656216559
-lau	0.1875	0.764285714286	0.0375	0.0107142857143
-fos	0.0909090909091	0.868686868687	0.0	0.040404040404
-fot	0.302982731554	0.489795918367	0.122448979592	0.0847723704866
-fou	0.44328853748	0.451596540296	0.0405467609225	0.0645681613009
-non	0.0434782608696	0.869565217391	0.0869565217391	0.0
-las	0.0572138831433	0.886236408145	0.0362449475302	0.0203047611819
-noa	0.0	1.0	0.0	0.0
-nog	0.176370830978	0.710005652911	0.0220463538723	0.0915771622385
-bod	0.11370203374	0.855672694861	0.0260543353695	0.00457093602975
-dou	0.203769740193	0.659704533877	0.130412633724	0.00611309220582
-geo	0.194915254237	0.805084745763	0.0	0.0
-gen	0.180859981232	0.492864346764	0.291145047831	0.0351306241727
-gem	0.127541893614	0.716614409289	0.0249938004778	0.130849896619
-bou	0.160241159295	0.781298439133	0.0267519195415	0.0317084820302
-bol	0.530209591031	0.0462028717557	0.00908253110597	0.414505006107
-geg	0.309931611718	0.323221394304	0.109829539655	0.257017454323
-boi	0.0799960795162	0.157372807967	0.0092257582105	0.753405354306
-ged	0.107997726364	0.715479674112	0.0305256731437	0.14599692638
-dog	0.308594588151	0.495434497556	0.0946477530099	0.101323161283
-dod	0.342409579267	0.388173542196	0.148445829574	0.120971048963
-dob	0.0289156626506	0.904991394148	0.0660929432014	0.0
-bor	0.0661012385568	0.898626817448	0.0320409262251	0.00323101777059
-don	0.132873336619	0.816264169542	0.0289797930015	0.0218827008379
-ger	0.129683727148	0.66488055833	0.104820290934	0.100615423588
-dom	0.103404568672	0.786353516151	0.0629365389092	0.0473053762678
-dok	0.221494225824	0.676552296347	0.034856588651	0.067096889178
-geu	0.460015835313	0.375296912114	0.0411718131433	0.12351543943
-get	0.261904761905	0.714285714286	0.0	0.0238095238095
-gop	0.25353271241	0.102613392288	0.0281462447594	0.615707650543
-sar	0.36896492388	0.516922213065	0.0114112863055	0.10270157675
-sap	0.439465890311	0.272041535176	0.0883643283983	0.200128246114
-lfu	0.49806949807	0.27027027027	0.216216216216	0.015444015444
-sau	0.22524812006	0.354318651894	0.0870624829643	0.333370745082
-tol	0.0181595748748	0.0984758700667	0.23605535803	0.647309197028
-tom	0.355635925256	0.457383966245	0.0188065099457	0.168173598553
-fuŋ	0.147374884863	0.778937672705	0.0	0.0736874424317
-iaŋ	0.651188725895	0.108101794574	0.0405282792646	0.200181200267
-taŋ	0.252100840336	0.563025210084	0.109243697479	0.0756302521008
-lfa	0.0765550239234	0.913875598086	0.00956937799042	0.0
-oli	0.0656934306569	0.934306569343	0.0	0.0
-tot	0.717672875388	0.152334752434	0.0316197662054	0.0983726059722
-tou	0.270339534819	0.551969191129	0.130175793425	0.0475154806267
-sag	0.279485838096	0.0750069330287	0.0268292718131	0.618677957062
-ibi	0.0	0.270833333333	0.729166666667	0.0
-sae	0.253623188406	0.746376811594	0.0	0.0
-olo	0.046875	0.953125	0.0	0.0
-aoŋ	0.632465690409	0.222405377086	0.0697372792558	0.0753916532495
-ibe	0.105263157895	0.894736842105	0.0	0.0
-sai	0.348382000357	0.494168981741	0.114666990666	0.0427820272355
-san	0.0152867147265	0.0140252559466	0.00628378064472	0.964404248682
-sam	0.0919447778713	0.0595022588739	0.010984579121	0.837568384134
-lon	0.334434448055	0.16779689049	0.0225468032007	0.475221858254
-rou	0.150950428162	0.623845118908	0.0660038536412	0.15920059929
-iek	0.225149574892	0.629998950352	0.0787236275848	0.0661278471712
-lom	0.192482123042	0.181129561529	0.0582033237843	0.568184991645
-seŋ	0.0219737499991	0.881992824079	0.0716181481451	0.0244152777767
-iel	0.0680054532412	0.884913848361	0.0326949294429	0.0143857689549
-ror	0.0280675325143	0.875087586075	0.0721392620632	0.0247056193479
-ien	0.330521826645	0.304932383077	0.0601687792753	0.304377011003
-log	0.293138338357	0.081348552803	0.034901721328	0.590611387512
-lod	0.232669250274	0.157160177146	0.0154612243429	0.594709348238
-loe	0.0677966101695	0.898305084746	0.0338983050847	0.0
-lob	0.272440715274	0.532718168488	0.0491117934128	0.145729322825
-ied	0.313503790312	0.368880894257	0.239753308493	0.0778620069382
-ieg	0.373221883733	0.38671668471	0.0090636722979	0.230997759259
-rod	0.0499005081979	0.887211981471	0.0496665081595	0.013221002172
-rom	0.0511604429348	0.668855751738	0.237840850536	0.0421429547917
-lot	0.128592619759	0.807111070361	0.0642963098797	0.0
-lou	0.151292402458	0.714753968597	0.114560396068	0.0193932328771
-los	0.193699508452	0.737507974247	0.0507848504879	0.0180076668132
-lop	0.258726899384	0.560574948665	0.154004106776	0.0266940451746
-uel	0.0246821241586	0.950635751683	0.00673148840689	0.0179506357517
-sas	0.322077922078	0.618181818182	0.025974025974	0.0337662337662
-ipi	0.361423220974	0.511235955056	0.0880149812734	0.0393258426966
-buŋ	0.265734265734	0.667132867133	0.0503496503496	0.0167832167832
-ŋga	0.295031055901	0.695652173913	0.0	0.00931677018634
-ipa	0.045945945946	0.944324324324	0.00972972972972	0.0
-ham	0.0155123578939	0.938160090017	0.0333682535987	0.0129592984907
-ewe	0.23645320197	0.660098522167	0.103448275862	0.0
-wra	0.330708661417	0.464566929134	0.157480314961	0.0472440944882
-eim	0.04466062348	0.632102586779	0.256909131108	0.0663276586336
-ewa	0.089552238806	0.910447761194	0.0	0.0
-gou	0.464014090145	0.485549595709	0.0504363141462	0.0
-awi	0.577673812375	0.260934062106	0.107531533689	0.0538605918301
-awo	0.3153329174	0.167093280809	0.0581564081618	0.459417393629
-baŋ	0.589038057516	0.22399580684	0.0517608733769	0.135205262268
-awa	0.272807421805	0.395635882742	0.222012944076	0.109543751378
-woŋ	0.110958877116	0.0499533491743	0.0138472452394	0.825240528471
-lal	0.609318486031	0.166889755931	0.119329023439	0.1044627346
-ŋod	0.420115318557	0.248650527521	0.0668602273657	0.264373926556
-ŋog	0.0904563198277	0.638174720689	0.271368959483	0.0
-wid	0.00440160715092	0.964787142793	0.00101575549636	0.0297954945601
-ŋom	0.4613928088	0.35235688306	0.0761933078753	0.110057000264
-276	0.0	0.294117647059	0.0	0.705882352941
-ŋon	0.246593744906	0.346623785213	0.18652378065	0.220258689231
-tok	0.136251323685	0.62936816096	0.166607836216	0.0677726791387
-sti	0.278666666667	0.309333333333	0.245333333333	0.166666666667
-nap	0.278465376817	0.186798759935	0.0646943809628	0.470041482285
-mab	0.144230769231	0.538461538462	0.300824175824	0.0164835164835
-ank	0.19643882826	0.590608845491	0.0343193566915	0.178632969558
-raŋ	0.386546612373	0.360341096298	0.184444603461	0.0686676878685
-red	0.327608372445	0.387207360895	0.157911949308	0.127272317353
-tor	0.517894147511	0.201791441412	0.0574957313459	0.222818679732
-iok	0.0785088957921	0.89550974301	0.00169443659983	0.0242869245976
-lei	0.238673139159	0.337759375595	0.309584999048	0.113982486198
-mug	0.299944756511	0.102048625555	0.128933072282	0.469073545652
-lek	0.197286675333	0.624539031432	0.126275121735	0.0518991715
-ois	0.134831460674	0.865168539326	0.0	0.0
-ion	0.0663368914345	0.850108478695	0.0213833203159	0.0621713095548
-len	0.246711342765	0.516753536858	0.17870439315	0.0578307272276
-oip	0.639516129032	0.208064516129	0.0387096774194	0.113709677419
-mum	0.0417894454862	0.771765336191	0.186445218323	0.0
-lea	0.0	1.0	0.0	0.0
-sad	0.0396769814429	0.0345495645951	0.012897669593	0.912875784369
-led	0.340582134493	0.530946804952	0.0481766477083	0.0802944128471
-muk	0.31600249066	0.511830635118	0.0871731008717	0.0849937733499
-leg	0.564423770528	0.274363242184	0.0636665668753	0.0975464204131
-oig	0.607827476038	0.231629392971	0.0694888178914	0.091054313099
-sak	0.185316641606	0.582403748645	0.0473825925796	0.18489701717
-mus	0.00905660377358	0.979622641509	0.0022641509434	0.00905660377358
-ios	0.0	0.951020408163	0.0489795918367	0.0
-les	0.42922073065	0.517927462964	0.0336329677002	0.0192188386858
-oik	0.134663341646	0.381546134663	0.483790523691	0.0
-leu	0.329032258065	0.425806451613	0.0967741935484	0.148387096774
-iot	0.0255055147059	0.934972426471	0.0229779411764	0.0165441176471
-wit	0.0582298136646	0.939440993789	0.00232919254659	0.0
-fte	0.491252462055	0.508747537945	0.0	0.0
-fti	0.0382978723404	0.259574468085	0.0127659574468	0.689361702128
-alu	0.77324572942	0.0498453033519	0.0138488172545	0.163060149973
-gis	0.0925925925926	0.814814814815	0.0	0.0925925925926
-gip	0.528776978417	0.208822415752	0.190836804241	0.0715638015903
-gio	0.636561479869	0.174102285092	0.0772578890098	0.112078346028
-ruŋ	0.365825688073	0.403287461774	0.189602446483	0.0412844036697
-gim	0.379768667842	0.598744920729	0.0011693285131	0.0203170829151
-ifu	0.36958667782	0.41835617778	0.0892023161462	0.122854828254
-liŋ	0.0950179763739	0.484334874165	0.0785824345147	0.342064714946
-gig	0.834229020256	0.121124431583	0.0210830921869	0.0235634559736
-ale	0.539323188418	0.216629518592	0.033101016054	0.210946276936
-nde	0.592592592593	0.314814814815	0.0185185185185	0.0740740740741
-gib	0.205935021745	0.605717574827	0.0317643045962	0.156583098832
-ala	0.193823073743	0.573297774496	0.125408695561	0.1074704562
-paŋ	0.43544857768	0.492341356674	0.0722100656455	0.0
-120	0.0344827586207	0.103448275862	0.0	0.862068965517
-ŋeŋ	0.584037579458	0.256297656446	0.0669328790761	0.0927318850198
-you	0.108050808456	0.809064523057	0.0361457981775	0.0467388703096
-yok	0.116666666667	0.583333333333	0.3	0.0
-uwi	0.403937377564	0.403403111694	0.0654070944031	0.127252416339
-iem	0.0945874934314	0.902259590121	0.00315291644771	0.0
-waŋ	0.407170918273	0.350122737502	0.156303880718	0.0864024635059
-yof	0.330188679245	0.462264150943	0.0566037735849	0.150943396226
-lok	0.139898989899	0.660404040404	0.0873737373737	0.112323232323
-eig	0.253853957043	0.23802890172	0.085505110002	0.422612031235
-bim	0.722222222222	0.25	0.0	0.0277777777778
-pel	0.0240111798086	0.955540901886	0.00623117037109	0.014216747934
-pem	0.0572058694444	0.0821568598765	0.310742604676	0.549894666003
-pen	0.141710489898	0.848325491282	0.00166066980348	0.00830334901744
-loi	0.00980392156862	0.933823529412	0.0563725490196	0.0
-pei	0.673587191906	0.0410126787979	0.0125395513258	0.272860577971
-pek	0.513274336283	0.420353982301	0.0132743362832	0.0530973451327
-153	0.0476190476191	0.047619047619	0.0238095238095	0.880952380952
-lsa	0.250773993808	0.470588235294	0.278637770898	0.0
-per	0.323650405557	0.603970194435	0.0485116622036	0.0238677378042
-ela	0.0	1.0	0.0	0.0
-lso	0.145929757691	0.607405390689	0.131772393139	0.114892458481
-uon	0.0883156255975	0.522519323737	0.167290306722	0.221874743943
-ter	0.076923076923	0.826923076923	0.0961538461538	0.0
-diŋ	0.742358078603	0.183406113537	0.0280723643169	0.0461634435434
-esi	0.0256024096386	0.878388554217	0.0960090361445	0.0
-iti	0.666814553039	0.259650223232	0.0521171974003	0.0214180263289
-tet	0.184397163121	0.625689519306	0.0898345153664	0.100078802207
-esa	0.0	1.0	0.0	0.0
-ite	0.453703703704	0.231481481481	0.296296296296	0.0185185185185
-ese	0.0	1.0	0.0	0.0
-ita	0.0227291406443	0.878587995733	0.0162893635547	0.0823935000681
-spa	0.0928792569659	0.715170278638	0.136222910217	0.0557275541795
-bru	0.00575539568345	0.965467625899	0.0287769784173	0.0
-udu	0.500596054262	0.119457048754	0.0152135193588	0.364733377625
-ria	0.1008583612	0.336814847749	0.0120652110314	0.55026158002
-fan	0.0157232704403	0.929245283019	0.0550314465409	0.0
-fas	0.115086314736	0.86289717288	0.00400300225169	0.0180135101326
-uda	0.0997980584932	0.55604916397	0.207147443768	0.137005333769
-fat	0.0775067000516	0.922493299948	0.0	0.0
-udi	0.402327117711	0.4761266651	0.0758521505769	0.0456940666126
-ŋla	0.761904761905	0.107142857143	0.047619047619	0.0833333333334
-ŋki	0.08979070139	0.884646109602	0.0159769931299	0.00958619587794
-hum	0.0	1.0	0.0	0.0
-uom	0.806930693069	0.089108910891	0.0742574257426	0.029702970297
-uod	0.419079108769	0.421422889878	0.0267593803218	0.132738621031
-ksa	0.50918594819	0.331437210137	0.0973684884823	0.0620083531913
-uek	0.604406455255	0.360070474072	0.0260291542351	0.00949391643833
-uog	0.287470679825	0.499801017105	0.0351353053119	0.177592997758
-wop	0.808209845001	0.191790154999	0.0	0.0
-udo	0.322875776533	0.510805234435	0.0477263185917	0.11859267044
-wor	0.570071258907	0.275059382423	0.0712589073634	0.0836104513064
-woi	0.125	0.8125	0.0625	0.0
-wok	0.386069707813	0.315572962159	0.0330224563974	0.26533487363
-gad	0.0	1.0	0.0	0.0
-wom	0.134831460674	0.476404494382	0.334831460674	0.0539325842697
-won	0.0300635135176	0.59968691783	0.334879805751	0.0353697629008
-uos	0.0452332898017	0.890656535676	0.0102101389054	0.0539000356168
-wod	0.241655540721	0.544726301736	0.144192256342	0.0694259012016
-wog	0.146635902929	0.814085396838	0.0131157897628	0.0261629104693
-tam	0.617880353464	0.251054117014	0.112341882448	0.0187236470746
-tud	0.564205176758	0.292631147421	0.0445820705407	0.0985816052799
-aed	0.28263498247	0.401107908064	0.234122321776	0.0821347876899
-aeg	0.449851849215	0.337949583126	0.0946820959773	0.117516471681
-tug	0.319747981886	0.312817483757	0.03776333924	0.329671195117
-sou	0.518388958455	0.257306710313	0.0467532268757	0.177551104355
-tui	0.0260531091795	0.954604069157	0.019342821664	0.0
-aek	0.138320292618	0.169461319398	0.119569629534	0.57264875845
-kon	0.0658986175115	0.899539170507	0.0290322580645	0.00552995391705
-aem	0.304815964975	0.33207758489	0.121417298783	0.241689151352
-sop	0.230285262777	0.162082130277	0.0974383210627	0.510194285883
-tun	0.177317053391	0.409410962979	0.0536002423543	0.359671741276
-aen	0.0948985305884	0.370363464547	0.0562708452333	0.478467159631
-aep	0.463782690368	0.284215033627	0.168275135443	0.083727140562
-tur	0.60413986921	0.194036102254	0.04018267308	0.161641355456
-tus	0.00754447043032	0.979290659689	0.00458740765448	0.0085774622259
-tut	0.0794701986755	0.880794701987	0.0	0.0397350993378
-kop	0.0714924039321	0.928507596068	0.0	0.0
-kos	0.0	0.971014492754	0.00966183574879	0.0193236714976
-kor	0.7	0.25	0.05	0.0
-uai	0.454872832868	0.111452241944	0.0665830569864	0.367091868201
-bog	0.0407431551499	0.761652542373	0.183751629726	0.013852672751
-sog	0.189708617483	0.316800991941	0.28890266584	0.204587724736
-vai	0.0520067834935	0.918032786885	0.0130016958734	0.0169587337479
-soa	0.551020408163	0.224489795918	0.183673469388	0.0408163265306
-tna	0.291444507468	0.144516921913	0.0705237284931	0.493514842125
-gug	0.0968659870839	0.0224595652519	0.00174963266564	0.878924814999
-lit	0.185567010309	0.60088365243	0.19440353461	0.0191458026509
-rus	0.0574878592991	0.906418165114	0.016931355821	0.0191626197664
-liv	0.0317081486533	0.869076031367	0.0951244459597	0.00409137401978
-utu	0.121739130435	0.808695652174	0.0391304347826	0.0304347826087
-lip	0.121868279323	0.816646140838	0.0271584287631	0.0343271510762
-rut	0.609992316974	0.181623964437	0.147522953183	0.0608607654057
-lis	0.213189731484	0.449690174093	0.266671584538	0.0704485098849
-ruk	0.258592471358	0.55286415712	0.129623567921	0.0589198036007
-lin	0.083615819209	0.334463276836	0.554802259887	0.0271186440678
-lio	0.429258509203	0.363059859126	0.0624539007473	0.145227730924
-run	0.490713587488	0.412729444988	0.0243293146519	0.0722276528728
-lik	0.17598932738	0.778270872187	0.0116527586817	0.0340870417512
-lid	0.115384615385	0.884615384615	0.0	0.0
-oma	0.271409492252	0.208000868947	0.0579147855764	0.462674853225
-laŋ	0.232766780101	0.59095730561	0.127629506171	0.0486464081185
-rug	0.342076721599	0.320626071873	0.0792033926259	0.258093813902
