kud-	0.317568918374	0.456776653103	0.053032469989	0.172621958534
ris-	0.0	1.0	0.0	0.0
dla-	0.441673370877	0.292839903459	0.265486725664	0.0
fig-	0.0	0.972834067548	0.0271659324523	0.0
del-	0.31151241535	0.345372460497	0.270880361174	0.0722347629797
nóe-	0.389740730415	0.270978533594	0.056035684416	0.283245051575
nyu-	0.227272727273	0.113636363636	0.590909090909	0.0681818181818
kba-	0.388739960426	0.441120985153	0.0691997835313	0.10093927089
fae-	0.15625	0.328125	0.421875	0.09375
myu-	1.0	0.0	0.0	0.0
gbó-	0.324915692466	0.243508409297	0.127425070897	0.30415082734
bte-	0.389679931849	0.439333089935	0.100097359133	0.0708896190824
hat-	0.24762140563	0.561137185714	0.141375019696	0.0498663889607
neg-	0.254180602007	0.700668896321	0.0250836120401	0.0200668896321
tib-	0.00827586206896	0.96275862069	0.00827586206897	0.0206896551724
sog-	0.0309806615147	0.29895188801	0.313568552617	0.356498897859
swa-	0.0183486238532	0.971457696228	0.00611620795107	0.00407747196738
bay-	0.577584063419	0.196530692838	0.0854309575697	0.140454286174
hed-	0.111122945291	0.484467639436	0.372457130685	0.0319522845883
bée-	0.3343046563	0.171476896422	0.0687664392528	0.425452008026
paf-	0.0	1.0	0.0	0.0
abr-	0.0243727883583	0.95177130134	0.0209136813646	0.00294222893722
onu-	0.149286199864	0.845819170632	0.0	0.00489462950374
sug-	0.149068322981	0.850931677019	0.0	0.0
naw-	0.242616015151	0.246313451759	0.03784163134	0.473228901751
sko-	0.311455847255	0.218377088305	0.452267303103	0.0178997613365
héf-	0.0321428571429	0.871428571429	0.0964285714286	0.0
pat-	0.031914893617	0.936170212766	0.0212765957447	0.0106382978723
gwi-	0.570207570208	0.184371184371	0.131868131868	0.113553113553
jam-	0.0892857142857	0.776785714286	0.0686813186813	0.0652472527473
niu-	0.598062953995	0.140435835351	0.174334140436	0.0871670702179
nge-	0.422414034485	0.248746195156	0.0644308324054	0.264408937953
nai-	0.0	0.943396226415	0.0	0.0566037735849
miu-	0.687176080977	0.138501693266	0.0157165042004	0.158605721556
gmó-	0.216853270477	0.552740129641	0.0282852091927	0.202121390689
asi-	0.0221402214022	0.867158671587	0.0	0.110701107011
mdó-	0.60363359508	0.171020810319	0.0287373481026	0.196608246499
blu-	0.149755510927	0.725257701326	0.0826894296979	0.0422973580483
hid-	0.327510917031	0.331877729258	0.170305676856	0.170305676856
tér-	0.0	0.908674404398	0.0913255956017	0.0
nog-	0.108343783721	0.790068729524	0.0250809297442	0.0765065570105
mog-	0.0283428661473	0.907356512389	0.00515733770567	0.0591432837578
stó-	0.134135639965	0.406669173875	0.255860599223	0.203334586937
tol-	0.362469551287	0.227795096247	0.0416028443764	0.36813250809
bni-	0.663518299882	0.237308146399	0.0425029515939	0.0566706021251
hah-	0.197385620915	0.590849673203	0.0705882352941	0.141176470588
kro-	0.377704984033	0.609228742142	0.00461162605569	0.00845464776876
mle-	0.208490426344	0.551444876015	0.161880787762	0.0781839098789
mus-	0.0403772306302	0.94509073112	0.00612403684461	0.00840800140552
pud-	0.0	1.0	0.0	0.0
tuh-	0.018531017609	0.908429654449	0.0498680229966	0.0231713049452
hol-	0.497219122987	0.0555752775424	0.0326157970272	0.414589802443
moi-	0.599299347669	0.285093017637	0.0757429330756	0.0398647016187
géh-	0.658911182276	0.0984249395464	0.029409842494	0.213254035684
kod-	0.208384225541	0.549150016704	0.16651262882	0.0759531289355
oni-	0.0855614973261	0.770053475936	0.144385026738	0.0
uba-	0.0283687943262	0.957446808511	0.0	0.0141843971631
aki-	0.00667189952904	0.986263736264	0.0	0.00706436420722
hgi-	0.434536432704	0.403323107332	0.132955177171	0.0291852827936
sfó-	0.0636363636364	0.872727272727	0.0636363636364	0.0
uni-	0.222610083279	0.600857727023	0.0418889941655	0.134643195532
dim-	0.0392307692308	0.905384615385	0.0415384615384	0.0138461538461
san-	0.397104007322	0.157383800745	0.075308884095	0.370203307838
nii-	0.171944286003	0.108189663103	0.0915138127753	0.628352238118
mae-	0.0312372772169	0.93394521248	0.011017680043	0.0237998302605
nék-	0.862911795962	0.137088204038	0.0	0.0
arm-	0.0	1.0	0.0	0.0
nke-	0.356628547226	0.539178314274	0.0508259212198	0.0533672172808
tel-	0.0303592511385	0.0622364648339	0.904031033901	0.0033732501265
tón-	0.413612565445	0.439790575916	0.0	0.146596858639
kóó-	0.210817855979	0.474421635712	0.0703812316716	0.244379276637
mék-	0.466765873016	0.321428571429	0.201388888889	0.0104166666667
ból-	0.0650289017341	0.876083815029	0.0393786127167	0.0195086705203
lum-	0.340162486754	0.565524549629	0.0190745319675	0.0752384316496
mes-	0.555425448868	0.36299765808	0.0316159250586	0.0499609679937
wóy-	0.154697931933	0.584758182706	0.0700211691907	0.19052271617
sed-	0.32123655914	0.574596774194	0.0517473118279	0.0524193548388
adi-	0.0	1.0	0.0	0.0
hdi-	0.657368338572	0.162559100169	0.0832059420988	0.0968666191598
ami-	0.0	1.0	0.0	0.0
jék-	0.0	1.0	0.0	0.0
gto-	0.412998976459	0.379733879222	0.188843398158	0.0184237461617
gid-	0.0396772913636	0.880968125909	0.0238063748181	0.055548207909
uke-	0.346153846154	0.134615384615	0.0288461538462	0.490384615385
dsu-	0.476542993561	0.460379342065	0.0315388321871	0.0315388321872
gól-	0.266666666667	0.173333333333	0.346666666667	0.213333333333
ged-	0.156730467524	0.269061813618	0.464386570442	0.109821148415
amp-	0.0	1.0	0.0	0.0
bun-	0.212420109708	0.615784308792	0.126440541493	0.0453550400081
ili-	0.220615292703	0.720103727284	0.0378948036787	0.0213861763335
gat-	0.295612636151	0.521495707645	0.120185945506	0.0627057106987
nut-	0.437651617927	0.489685095523	0.0595453126948	0.013117973855
yem-	0.712230215827	0.264028776978	0.0	0.0237410071942
sat-	0.538461538462	0.423076923077	0.0384615384615	0.0
ani-	0.302979179647	0.231386857836	0.0499849876696	0.415648974848
sun-	0.292055100489	0.176382261686	0.0597927166584	0.471769921166
ele-	0.263433556925	0.083041163227	0.0449669857267	0.608558294121
tni-	0.384850128848	0.559414417469	0.0214041095891	0.0343313440933
ban-	0.216341659672	0.451726104883	0.119813389377	0.212118846068
hga-	0.333815028902	0.514450867052	0.151734104046	0.0
wen-	0.148407143084	0.0901986081959	0.00902459520789	0.752369653512
sid-	0.145493485867	0.300702835762	0.339809338414	0.213994339957
bon-	0.158063671559	0.172007520974	0.211712681745	0.458216125722
gdù-	0.674528301887	0.268867924528	0.0188679245283	0.0377358490566
tmó-	0.339047221933	0.439881421593	0.0692865486321	0.151784807842
hdu-	0.452898550725	0.155797101449	0.336956521739	0.0543478260869
ala-	0.142857142857	0.689039408867	0.136699507389	0.0314039408867
ksi-	0.281530429222	0.336938872987	0.232768000578	0.148762697213
afi-	0.285714285714	0.630952380952	0.0357142857143	0.0476190476191
mfà-	0.226666666667	0.48	0.24	0.0533333333333
ina-	0.492957746479	0.30985915493	0.0	0.197183098592
bné-	0.387054624589	0.589490335058	0.0212250195383	0.00223002081454
aha-	0.0	1.0	0.0	0.0
mló-	0.844608830001	0.111818593255	0.00795917411864	0.035613402625
umu-	0.816593886463	0.0655021834061	0.0262008733624	0.0917030567686
kni-	0.305095167221	0.563254987865	0.0819758609409	0.0496739839724
móf-	0.414297319253	0.372867587327	0.156783103168	0.0560519902518
tfe-	0.434250764526	0.487112276103	0.0480559196155	0.0305810397553
mde-	0.381693800946	0.343913111077	0.117717610999	0.156675476978
ino-	0.0	1.0	0.0	0.0
hme-	0.433168316832	0.403465346535	0.0742574257425	0.0891089108911
ang-	0.136829781964	0.0277310206742	0.0137593426805	0.821679854682
dug-	0.409090909091	0.522727272727	0.0681818181818	0.0
tng-	0.836829004411	0.0365278839097	0.0294462560432	0.0971968556362
sod-	0.0230161456544	0.904843696324	0.0611473720371	0.0109927859842
sfa-	0.240088382704	0.454344584763	0.0413171178616	0.264249914671
tnu-	0.555716477698	0.314143722331	0.0994676069819	0.0306721929893
obu-	0.642673521851	0.357326478149	0.0	0.0
hng-	0.392156862745	0.464052287582	0.0653594771242	0.078431372549
mkó-	0.523499743669	0.0874448856437	0.0516440485237	0.337411322164
mot-	0.711607156091	0.0992633435605	0.017786473387	0.171343026961
log-	0.0405342087096	0.813121217246	0.0353107853711	0.111033788673
dou-	0.0211223719779	0.0235980442964	0.00172081023066	0.953558773495
nef-	0.245800112602	0.564682806342	0.132761845953	0.0567552351029
kki-	0.424870466321	0.406599400055	0.051540769021	0.116989364603
kóe-	0.385789809499	0.0789194410948	0.0452414848526	0.490049264553
dke-	0.110599078341	0.786014826688	0.00240432779002	0.100981767181
nit-	0.736728909972	0.121498395342	0.0209041024301	0.120868592256
ksu-	0.406782412088	0.393768922679	0.0834940655727	0.11595459966
kiw-	0.285364859356	0.29168365267	0.0856094578068	0.337342030167
knô-	0.135371974798	0.237910172143	0.102748260456	0.523969592604
nah-	0.427722772277	0.518811881188	0.0267326732673	0.0267326732673
tga-	0.182155367814	0.650525448176	0.116628889347	0.0506902946631
tmo-	0.390881426333	0.504599144802	0.0522293749754	0.0522900538891
hik-	0.3	0.414788732394	0.278873239437	0.006338028169
mul-	0.550251197005	0.205632564516	0.03639522715	0.207721011329
iyu-	0.0	1.0	0.0	0.0
nof-	0.720779913425	0.184906597037	0.0443460778624	0.0499674116759
mub-	0.950819672131	0.0163934426229	0.0327868852459	0.0
tio-	0.32964362851	0.647192224622	0.0124730021598	0.0106911447084
hay-	0.0225825568334	0.489529988381	0.446370292607	0.0415171621782
agr-	0.0125588697017	0.976452119309	0.010989010989	0.0
dog-	0.531311954649	0.0606385825656	0.0485497577142	0.359499705071
leg-	0.165538211658	0.326609818975	0.278449814442	0.229402154924
dae-	0.0864553314121	0.896253602305	0.0	0.0172910662824
kew-	0.570067227657	0.132433924889	0.0497190826236	0.24777976483
syu-	0.121252708558	0.687126344388	0.0127328178126	0.178888129241
kok-	0.704675963905	0.174733388023	0.0176374077112	0.102953240361
ofi-	0.0664190324578	0.900946316441	0.0191032104006	0.0135314407004
tné-	0.354794520548	0.542465753425	0.102739726027	0.0
kho-	0.340539335859	0.498997102741	0.0869177624248	0.0735457989748
gbo-	0.183816903947	0.671900342404	0.0871778698865	0.0571048837629
dme-	0.403048264183	0.331922099915	0.1583403895	0.106689246401
spé-	0.0	1.0	0.0	0.0
nih-	0.0	0.642857142857	0.357142857143	0.0
teb-	0.66002125132	0.203106014259	0.0318871476967	0.104985586724
mnó-	0.432336543694	0.255070124309	0.195652301602	0.116941030395
sek-	0.349236148373	0.430295277461	0.118535160458	0.101933413708
kgu-	0.290431456891	0.400084391821	0.209823903675	0.0996602476128
tói-	0.204188481675	0.528795811518	0.0314136125654	0.235602094241
lul-	0.237704918033	0.614754098361	0.0327868852459	0.114754098361
see-	0.260854940435	0.482606867554	0.122102312544	0.134435879467
gmu-	0.552536565147	0.211505046033	0.080881605454	0.155076783366
kay-	0.115801353242	0.68394382213	0.0975200837086	0.10273474092
jih-	0.0	1.0	0.0	0.0
hlu-	0.458554458063	0.255887741034	0.193960225878	0.091597575025
nwi-	0.693960780843	0.130128247675	0.0398976378534	0.136013333628
sno-	0.435308167307	0.345126267039	0.110738523826	0.108827041827
kak-	0.00350159199682	0.996498408003	0.0	0.0
kmò-	0.192040929529	0.210941980317	0.0504231181306	0.546593972023
sto-	0.660843144702	0.182048360552	0.0855804532219	0.0715280415242
gog-	0.0	0.966666666667	0.0333333333333	0.0
jup-	0.0770755340234	0.903435366659	0.0	0.0194890993173
bua-	0.0268456375839	0.959731543624	0.0134228187919	0.0
nuw-	0.0	1.0	0.0	0.0
mta-	0.268064857244	0.376806485724	0.32763482552	0.0274938315121
sag-	0.880281690141	0.119718309859	0.0	0.0
hmó-	0.663179554843	0.218886951605	0.0736377487709	0.0442957447811
hsa-	0.649925037481	0.250374812594	0.0359820089955	0.0637181409295
kké-	0.689459765773	0.124669437099	0.117869285984	0.0680015111447
óng-	0.132231404959	0.636363636364	0.132231404959	0.099173553719
men-	0.218175463258	0.660313537341	0.071078777785	0.0504322216153
bus-	0.01969196146	0.738275281798	0.205231620071	0.0368011366706
lub-	0.0	1.0	0.0	0.0
deb-	0.0	0.525179856115	0.0	0.474820143885
nse-	0.238530512754	0.643945329503	0.0496213110473	0.0679028466963
kuf-	0.135396518375	0.852998065764	0.0116054158607	0.0
gmi-	0.510326699211	0.328201276756	0.0292902741269	0.132181749906
fsi-	0.101423487544	0.898576512456	0.0	0.0
nfi-	0.23166023166	0.469111969112	0.034749034749	0.264478764479
gsa-	0.244539220389	0.260315526115	0.431677058892	0.0634681946047
mye-	0.372235561734	0.51548085429	0.0861872867433	0.0260962972324
sef-	0.266300453785	0.584029933923	0.056524162089	0.093145450203
nbó-	0.527256069629	0.40952817224	0.0549702244618	0.00824553366926
góf-	0.047619047619	0.952380952381	0.0	0.0
móg-	0.843907175294	0.054487747374	0.0077614885576	0.0938435887744
téb-	0.0712166172106	0.928783382789	0.0	0.0
lih-	0.442413162706	0.363802559415	0.0767824497258	0.117001828154
hta-	0.566553941225	0.177763729605	0.181909852894	0.0737724762762
gdi-	0.48877532523	0.340459399641	0.0747500826982	0.0960151924314
sló-	0.697819314642	0.115264797508	0.0	0.18691588785
heb-	0.432547694667	0.386194223758	0.11956602942	0.0616920521547
atu-	0.405305146808	0.386231010141	0.0751755732945	0.133288269756
udì-	0.125085939667	0.198372875632	0.35309443111	0.323446753591
sua-	0.534482758621	0.362068965517	0.103448275862	0.0
bau-	0.328858527286	0.644133767575	0.0103264754945	0.0166812296449
lif-	0.144886363636	0.136363636364	0.0383522727272	0.680397727273
fes-	0.0508439258179	0.914773911232	0.017503646593	0.0168785163576
kot-	0.559562137798	0.3399871217	0.0540888602704	0.0463618802318
tan-	0.0579487362382	0.142067796364	0.587097497623	0.212885969775
niw-	0.530410183876	0.172560113154	0.29702970297	0.0
byé-	0.491228070175	0.508771929825	0.0	0.0
ngu-	0.363742349169	0.439230545031	0.0	0.1970271058
ton-	0.575255291169	0.341266951303	0.0152725109005	0.0682052466266
fem-	0.0654761904762	0.863095238095	0.0535714285714	0.0178571428571
dif-	0.0444444444444	0.782716049383	0.0296296296296	0.143209876543
kih-	0.178489904127	0.214163856696	0.0815759332975	0.52577030588
aya-	0.165402174628	0.282289979101	0.0174107552239	0.534897091047
kdê-	0.0400839566997	0.185931427883	0.0839410975874	0.69004351783
kne-	0.36620450252	0.3946200609	0.215272925948	0.0239025106325
olu-	0.372647694652	0.510401530992	0.048552291172	0.068398483184
bee-	0.742424242424	0.227272727273	0.0151515151515	0.0151515151515
mów-	0.437600551597	0.269363364744	0.0772236267524	0.215812456906
mlu-	0.304506437768	0.268025751073	0.324463519313	0.103004291845
put-	0.197368421053	0.802631578947	0.0	0.0
tin-	0.533522695471	0.309301162142	0.0939605881138	0.0632155542736
tlé-	0.151975683891	0.829787234043	0.0182370820669	0.0
idy-	0.0112429731418	0.930460129086	0.051842598376	0.00645429939622
han-	0.280932414494	0.419284776953	0.177380612543	0.122402196011
pub-	0.0408163265306	0.897959183673	0.0204081632653	0.0408163265306
mok-	0.344168260038	0.328871892925	0.0688336520076	0.258126195029
tun-	0.522671266634	0.193937900444	0.014539181863	0.26885165106
n-g-	0.910714285714	0.0535714285714	0.0357142857143	0.0
lef-	0.0230366492147	0.885863874346	0.0282722513089	0.0628272251308
nbo-	0.505450941526	0.280475718533	0.214073339941	0.0
amu-	0.0	1.0	0.0	0.0
rom-	0.0286317335046	0.698907956318	0.243553271543	0.0289070386345
keb-	0.270058826112	0.516811901744	0.153720686856	0.0594085852878
doh-	0.63094992788	0.125420701971	0.137372072258	0.106257297891
koh-	0.0570581696925	0.756206002223	0.15561319007	0.0311226380141
kta-	0.182703897627	0.550795070714	0.0914836893796	0.17501734228
uda-	0.0571428571429	0.857142857143	0.0857142857143	0.0
ily-	0.0	1.0	0.0	0.0
mak-	0.238095238095	0.761904761905	0.0	0.0
hon-	0.38731995416	0.17964809709	0.21511997454	0.21791197421
iwó-	0.298012247766	0.515761469732	0.117458086538	0.0687681959643
nik-	0.0265906932574	0.97150997151	0.00189933523267	0.0
mnò-	0.737704918033	0.131147540984	0.0983606557377	0.0327868852459
yun-	0.0384615384615	0.961538461538	0.0	0.0
may-	0.260875121811	0.331277856766	0.0735658258384	0.334281195584
dók-	0.420482465937	0.515486560941	0.0356141265232	0.0284168465987
apu-	0.0386940749698	0.940749697703	0.00906892382103	0.0114873035066
hól-	0.442985568961	0.378036796419	0.107322887664	0.0716547469564
mtó-	0.479561316052	0.340977068794	0.137587238285	0.0418743768694
éhé-	0.441176470588	0.397058823529	0.0	0.161764705882
ara-	0.247058823529	0.682352941177	0.0588235294117	0.0117647058823
gad-	0.0	1.0	0.0	0.0
nud-	0.57	0.24	0.03	0.16
amo-	0.0564768701545	0.87575088566	0.0338861220927	0.0338861220927
nfé-	0.5825	0.305	0.07125	0.04125
hun-	0.157006296431	0.703312704769	0.101929377503	0.0377516212973
otu-	0.347881087919	0.576217583808	0.0759013282732	0.0
gif-	0.5625	0.23125	0.01875	0.1875
mbe-	0.381098204857	0.307497360084	0.195987328406	0.115417106653
kmó-	0.258030141574	0.63753996042	0.0173542396103	0.0870756583955
kal-	0.278864014078	0.579412699189	0.10772069606	0.0340025906736
nké-	0.540983606557	0.459016393443	0.0	0.0
ilô-	0.220666966683	0.568907993358	0.0412780683106	0.169146971648
jus-	0.029746835443	0.959620253165	0.00341772151899	0.00721518987341
alu-	0.487394957983	0.411764705882	0.00840336134454	0.0924369747899
mko-	0.320175438596	0.521929824561	0.157894736842	0.0
kel-	0.734355828221	0.239877300613	0.0	0.0257668711656
kdu-	0.354924109078	0.396006340692	0.177462054539	0.0716074956911
ewe-	0.205103782146	0.151649939595	0.0787808084299	0.56446546983
iga-	0.252252252252	0.744471744472	0.0	0.003276003276
syê-	0.0103834458207	0.942891047986	0.0	0.046725506193
kto-	0.504545847203	0.245903727993	0.0432037917758	0.206346633028
mgo-	0.345303867403	0.530386740332	0.0828729281767	0.0414364640884
sif-	0.198895027624	0.801104972376	0.0	0.0
bol-	0.42043675239	0.452467330738	0.0172372686186	0.109858648253
hmò-	0.443807566114	0.444716764834	0.0577143534807	0.053761315571
liy-	0.015859030837	0.912334801762	0.0665198237886	0.00528634361236
gef-	0.628985545578	0.14593279289	0.0466165015803	0.178465159951
rib-	0.184210526316	0.684210526316	0.0263157894737	0.105263157895
luw-	0.0	0.927272727273	0.0727272727273	0.0
sné-	0.126163822317	0.0712805775831	0.0526558249992	0.749899775101
tow-	0.359871474473	0.409853623706	0.153516601214	0.0767583006069
msó-	0.367534456355	0.511485451761	0.120980091884	0.0
sot-	0.0626226042497	0.0715270761883	0.0833804334543	0.782469886108
ume-	0.202949983365	0.18764555839	0.48907618942	0.120328268826
tuó-	0.0185471406491	0.967542503864	0.00927357032457	0.00463678516228
gno-	0.811535881958	0.168343393695	0.0201207243461	0.0
tfu-	0.0655737704918	0.868852459016	0.0	0.0655737704918
mdu-	0.22431513861	0.0766143892551	0.650423815569	0.048646656566
for-	0.0	1.0	0.0	0.0
low-	0.174677163949	0.735530923122	0.0147199857261	0.075071927203
tru-	0.0	1.0	0.0	0.0
ber-	0.0222541067612	0.789171620157	0.126497027906	0.0620772451759
tbu-	0.126506024096	0.844578313253	0.0289156626506	0.0
due-	0.349133315971	0.229678502185	0.0682929652459	0.352895216599
mga-	0.376931188435	0.582419369675	0.0295632304655	0.0110862114245
lay-	0.0662799792443	0.770578247282	0.152676513593	0.0104652598807
tne-	0.0538674033149	0.921270718232	0.00828729281767	0.0165745856354
khó-	0.635634959088	0.235707956465	0.0698239453279	0.0588331391189
sup-	0.0	0.905263157895	0.0947368421053	0.0
liw-	0.352941176471	0.482352941177	0.164705882353	0.0
diw-	0.865671641791	0.134328358209	0.0	0.0
duk-	0.144353899884	0.810244470314	0.0139697322468	0.0314318975553
gha-	0.718594883543	0.117602138221	0.0744558991983	0.0893470790378
kou-	0.220408163265	0.644897959184	0.0367346938775	0.0979591836735
lew-	0.0813010644869	0.152416522399	0.0366584463676	0.729623966747
oso-	0.222734254992	0.654377880184	0.122887864823	0.0
pay-	0.109743589744	0.831934731935	0.0376223776224	0.0206993006993
kus-	0.17679558011	0.795580110497	0.0165745856354	0.0110497237569
sub-	0.261705989111	0.170598911071	0.0602540834846	0.507441016334
hne-	0.804887914003	0.0991739394222	0.0231794776061	0.0727586689691
tam-	0.0	1.0	0.0	0.0
imi-	0.04	0.96	0.0	0.0
ngi-	0.0	1.0	0.0	0.0
jan-	0.0288417564781	0.919795324917	0.0130294846019	0.0383334340026
efe-	0.151561887315	0.138961710284	0.0461875528185	0.663288849583
kig-	0.0237933378654	0.283820530251	0.692386131883	0.0
hla-	0.135795411079	0.634703482383	0.0348367538656	0.194664352673
kku-	0.183864351473	0.73896866397	0.0385834922786	0.0385834922786
kék-	0.491228070175	0.438596491228	0.0526315789474	0.0175438596491
nto-	0.30291848373	0.274404562227	0.0	0.422676954042
die-	0.102040816327	0.397959183673	0.428571428571	0.0714285714286
hék-	0.474576271186	0.254237288136	0.271186440678	0.0
bed-	0.158278100832	0.11222136431	0.0499125418392	0.679587993019
kdé-	0.0283821856838	0.257869823767	0.0709040751352	0.642843915414
tim-	0.0940142132689	0.130854102846	0.00876257797928	0.766369105906
tri-	0.0	1.0	0.0	0.0
kwi-	0.420880526989	0.349391024122	0.118122363869	0.11160608502
dmu-	0.633380846021	0.254343231791	0.0464189859179	0.0658569362709
rah-	0.0153452685422	0.984654731458	0.0	0.0
gbà-	0.543533389687	0.352493660186	0.0177514792899	0.0862214708368
mol-	0.424116424117	0.331600831601	0.147609147609	0.0966735966736
ham-	0.579281307564	0.222160901728	0.0458977807667	0.152660009941
kge-	0.352046904997	0.376018263892	0.164219374254	0.107715456857
lee-	0.454007339884	0.363876721519	0.0769503965905	0.105165542007
het-	0.637000265934	0.212409403084	0.0612492138066	0.0893411171755
snu-	0.710619663428	0.194010281519	0.0246572267527	0.0707128283002
ogo-	0.517094017094	0.405982905983	0.0598290598291	0.017094017094
hle-	0.121497869254	0.428264877444	0.402635476169	0.047601777133
nél-	0.639523592832	0.173804771955	0.045390538502	0.141281096711
mah-	0.198649451246	0.214458258261	0.245526868733	0.34136542176
tum-	0.235257165584	0.30746499448	0.0220236480082	0.435254191927
sga-	0.945945945946	0.0540540540541	0.0	0.0
sme-	0.816568047337	0.136094674556	0.0	0.0473372781065
sni-	0.29499814672	0.558779038899	0.0674594031436	0.0787634112379
seg-	0.339905969152	0.395311902591	0.148735121236	0.116047007021
ski-	0.0216928745653	0.978307125435	0.0	0.0
mil-	0.202109508276	0.339191276088	0.111624256484	0.347074959152
hwi-	0.571980427505	0.276719031677	0.0762297192891	0.0750708215298
nug-	0.172661870504	0.517985611511	0.0431654676259	0.26618705036
hum-	0.394984326019	0.238244514107	0.35736677116	0.00940438871473
kfi-	0.0658459776696	0.864681744441	0.0536310716672	0.015841206222
oko-	0.225067304816	0.763087047562	0.0118456476219	0.0
utó-	0.252558705884	0.698820645754	0.0212715336585	0.0273491147038
kam-	0.0566101188252	0.849525446529	0.0627755773111	0.031088857335
jur-	0.00203804347826	0.997961956522	0.0	0.0
fma-	0.688942891859	0.23815309842	0.0291616038882	0.0437424058323
léé-	0.521056388294	0.393290506781	0.0428265524625	0.0428265524625
kem-	0.0703107386999	0.100717855597	0.0106760461786	0.818295359525
saw-	0.1625	0.0491071428572	0.777678571429	0.0107142857143
por-	0.225	0.775	0.0	0.0
tnó-	0.536656020896	0.250671193211	0.11462648655	0.0980462993438
alf-	0.0	1.0	0.0	0.0
lip-	0.0	0.794117647059	0.205882352941	0.0
sig-	0.193975127297	0.746724691851	0.0365331471325	0.0227670337202
bak-	0.177734847225	0.740453534655	0.0433470582177	0.038464559902
say-	0.0194224380271	0.975977510861	0.0	0.00460005111168
bwa-	0.0	0.707317073171	0.243902439024	0.0487804878049
geg-	0.101474316527	0.0517765328258	0.26819725412	0.578551896527
mel-	0.727726894255	0.22481265612	0.00499583680267	0.0424646128226
sku-	0.322223703506	0.603386215171	0.0362618317557	0.0381282495667
ksó-	0.486796785304	0.320321469575	0.0137772675086	0.179104477612
kbe-	0.323843858777	0.435396983259	0.125145035637	0.115614122327
nóy-	0.550529813654	0.196041173453	0.10048731677	0.152941696123
jud-	0.0337574447222	0.934574857134	0.00208974657804	0.0295779515661
kfu-	0.234206700387	0.663784936914	0.0472538738972	0.0547544888014
asn-	0.0171551107934	0.965689778413	0.0171551107934	0.0
kdi-	0.295380611581	0.596183040555	0.043808284537	0.0646280633268
agé-	0.0365853658537	0.963414634146	0.0	0.0
nfe-	0.684733514002	0.247515808491	0.0542005420054	0.0135501355014
gtó-	0.638557125286	0.238789327877	0.0695458255262	0.0531077213109
gsu-	0.579705188276	0.239030062588	0.0632716577174	0.117993091419
fak-	0.0737463126843	0.908554572271	0.0176991150442	0.0
and-	0.0	0.997282608696	0.0	0.00271739130435
léh-	0.350272232305	0.562613430127	0.0435571687841	0.043557168784
ohu-	0.044650379107	0.914911541702	0.0353833192923	0.00505475989891
mtu-	0.221154705997	0.6434424713	0.0776817844027	0.0577210383011
sok-	0.1843194957	0.135455307986	0.0566803404529	0.623544855861
gdo-	0.641971575446	0.239794375567	0.0244934986393	0.0937405503477
lid-	0.0153256704981	0.939335887612	0.00574712643678	0.0395913154534
ata-	0.0	1.0	0.0	0.0
ébé-	0.0	1.0	0.0	0.0
dat-	0.0191632066433	0.907590759076	0.0681358458427	0.0051101884382
loh-	0.784916201117	0.215083798883	0.0	0.0
ndà-	0.798319327731	0.140336134454	0.046218487395	0.0151260504202
kur-	0.0704072385172	0.8680682423	0.0241235956673	0.0374009235151
bta-	0.644322541776	0.246440688715	0.033611313695	0.0756254558138
nkê-	0.121914533162	0.878085466838	0.0	0.0
tal-	0.112930466894	0.311954312541	0.064337445968	0.510777774597
nem-	0.0522922959023	0.0662669611865	0.0284001262228	0.853040616688
ské-	0.375536480687	0.292918454936	0.0289699570816	0.302575107296
kél-	0.382318791182	0.403506871832	0.148378680997	0.0657956559896
nga-	0.126702550581	0.644596502065	0.0303076170562	0.198393330298
beg-	0.277882797731	0.671077504726	0.0340264650283	0.0170132325142
gtì-	0.285714285714	0.535714285714	0.107142857143	0.0714285714286
pin-	0.0128205128205	0.974358974359	0.0128205128205	0.0
bke-	0.334645669291	0.53937007874	0.102362204724	0.0236220472441
til-	0.293926750116	0.380312161953	0.211636532221	0.11412455571
hih-	0.7	0.1	0.2	0.0
kfé-	0.241134751773	0.626139817629	0.108409321175	0.0243161094225
rak-	0.416326530612	0.534693877551	0.0489795918367	0.0
blà-	0.539855072464	0.260869565217	0.0978260869565	0.101449275362
mom-	0.229935446157	0.0604393307252	0.0473760194471	0.66224920367
mdù-	0.786096256684	0.0977845683728	0.00916730328495	0.106951871658
hal-	0.0764764357688	0.851226785956	0.0273372192852	0.0449595589896
ter-	0.0	0.96214511041	0.018927444795	0.018927444795
nag-	0.0	1.0	0.0	0.0
dab-	0.00271771239513	0.979085430698	0.00289495450786	0.0153019023987
guk-	0.269841269841	0.015873015873	0.650793650794	0.0634920634921
nam-	0.562666666667	0.26419047619	0.0167619047619	0.156380952381
led-	0.14328358209	0.480597014925	0.340298507463	0.0358208955224
ula-	0.0494917577188	0.921193893479	0.0159896448015	0.0133247040012
kon-	0.303600857249	0.177752761944	0.046083191228	0.472563189579
had-	0.62090623598	0.217586361597	0.021534320323	0.1399730821
nim-	0.256774999927	0.092279964215	0.0288088879357	0.622136147922
kbó-	0.537969624301	0.229416466826	0.0455635491607	0.187050359712
tul-	0.318657435178	0.471068009777	0.0649481039279	0.145326451117
hoh-	0.115960912052	0.736482084691	0.014006514658	0.133550488599
uso-	0.0873786407767	0.815533980583	0.0970873786407	0.0
nki-	0.345857418112	0.619460500963	0.0	0.0346820809248
hón-	0.252011960429	0.230222349461	0.0252886725833	0.492477017527
got-	0.225697366705	0.0651408597982	0.0225494712195	0.686612302277
hul-	0.313008800954	0.33378967078	0.167850017524	0.185351510742
yur-	0.0	1.0	0.0	0.0
mké-	0.178810819336	0.143784664722	0.0856399337591	0.591764582183
iba-	0.223214285714	0.723214285714	0.0535714285714	0.0
hfa-	0.707482993197	0.237200143215	0.0116362334408	0.0436806301468
mim-	0.574229231696	0.215596079075	0.110618257489	0.0995564317398
gaf-	0.44343575419	0.339036312849	0.14280726257	0.0747206703911
okó-	0.0361780420969	0.0133325817228	0.004655400711	0.945833975469
nmò-	0.396622467931	0.316541749111	0.0296869185304	0.257148864428
kra-	0.00604650913083	0.979049953158	0.00221459268943	0.0126889450217
kan-	0.229387964562	0.627444542381	0.0905877070232	0.0525797860335
gta-	0.576324875736	0.260564310377	0.0853195026488	0.0777913112387
gna-	0.206384590832	0.220371410732	0.228966581937	0.344277416499
uhu-	0.235714285714	0.721428571429	0.0	0.0428571428571
gir-	0.014598540146	0.985401459854	0.0	0.0
mna-	0.405157848297	0.50274870658	0.0345183824701	0.0575750626527
mki-	0.765144152899	0.210560414642	0.00777453838677	0.0165208940719
ken-	0.324749095442	0.428457155714	0.102927085264	0.14386666358
nne-	0.0431654676259	0.474820143885	0.460431654676	0.021582733813
ilu-	0.413043478261	0.554347826087	0.0326086956522	0.0
nbô-	0.265151515151	0.305735930736	0.176136363636	0.252976190476
but-	0.110033687142	0.464148599819	0.360325391448	0.0654923215899
duu-	0.287698412698	0.230489417989	0.157738095238	0.324074074074
lów-	0.0592264498707	0.670486994895	0.0367984356725	0.233488119562
geh-	0.491829561571	0.304988592218	0.0958870321267	0.107294814084
nsé-	0.734693877551	0.0994897959183	0.165816326531	0.0
ntó-	0.80229226361	0.0372492836676	0.126074498567	0.0343839541547
lug-	0.303395482905	0.574654653435	0.0424030523238	0.0795468113359
hsó-	0.41091850444	0.506504571223	0.0	0.0825769243372
bit-	0.0155100949325	0.848108035834	0.126220082899	0.0101617863351
sbó-	0.944444444444	0.0	0.037037037037	0.0185185185185
utu-	0.359550561798	0.52808988764	0.0898876404494	0.0224719101124
abu-	0.56335738238	0.43664261762	0.0	0.0
hnu-	0.775674076596	0.150325543064	0.0245084699971	0.0494919103431
mlé-	0.290322580645	0.709677419355	0.0	0.0
fri-	0.0	0.958333333333	0.0416666666666	0.0
bet-	0.0314960629921	0.944881889764	0.0	0.0236220472441
sal-	0.196971946615	0.566589071407	0.100402855763	0.136036126215
hbe-	0.391631799163	0.360669456067	0.155230125523	0.0924686192469
gdó-	0.80701754386	0.0526315789474	0.0701754385965	0.0701754385965
ebè-	0.0271578230874	0.0371108821029	0.0155209006435	0.920210394166
isk-	0.0	1.0	0.0	0.0
hma-	0.637494739883	0.275740027761	0.0341829076041	0.0525823247518
soh-	0.170543861621	0.697182467927	0.0992052528387	0.0330684176129
léw-	0.0	0.985185185185	0.0148148148148	0.0
bad-	0.324965498156	0.626901849687	0.0294403600572	0.0186922920998
hgo-	0.150717703349	0.683014354067	0.084928229665	0.0813397129186
gho-	0.262199563001	0.597596504006	0.140203932993	0.0
hbô-	0.316632328151	0.587001311107	0.0727664356621	0.0235999250796
dui-	0.300230946882	0.0762124711316	0.263279445728	0.360277136259
sul-	0.315027378665	0.566149014595	0.0260834219368	0.0927401848037
sla-	0.262790697674	0.569767441861	0.125581395349	0.0418604651163
lok-	0.745454545455	0.145454545455	0.109090909091	0.0
hmo-	0.279045380422	0.587474950345	0.0462557708629	0.0872238983706
sfo-	0.0442302439712	0.0654642853996	0.00255513361587	0.887750337013
sgé-	0.499194847021	0.225442834138	0.246376811594	0.0289855072464
kli-	0.267946852976	0.508049519879	0.167340146617	0.0566634805275
neb-	0.206271777003	0.314982578397	0.441114982578	0.0376306620209
nón-	0.116512271989	0.725909655238	0.0735364339605	0.084041638812
mfu-	0.322179909047	0.525085961474	0.0713202943025	0.0814138351759
imo-	0.52923488139	0.402606080855	0.0200467758102	0.0481122619445
lóy-	0.145567169957	0.676732481611	0.101045296167	0.0766550522649
lae-	0.313488509767	0.0869745987644	0.0516631926119	0.547873698857
kke-	0.630464749902	0.298444269397	0.0506104765656	0.0204805041355
mun-	0.296699537997	0.131042389511	0.0193591007375	0.552898971755
tay-	0.0336934156379	0.956790123457	0.00154320987654	0.0079732510288
iwo-	0.5	0.14406779661	0.0	0.35593220339
nel-	0.397795763734	0.376786636818	0.153894724757	0.0715228746914
sóó-	0.0229400131839	0.473961766645	0.0506262359921	0.452471984179
kik-	0.716129032258	0.116129032258	0.0	0.167741935484
saf-	0.248339692378	0.684064888395	0.0301240455251	0.037471373702
uló-	0.148936170213	0.574468085106	0.191489361702	0.0851063829788
hoy-	0.598290598291	0.273504273504	0.128205128205	0.0
tfo-	0.527488855869	0.463595839524	0.0	0.00891530460624
hko-	0.689828801611	0.105740181269	0.148539778449	0.0558912386707
htó-	0.552025416998	0.249624922778	0.0686170682199	0.129732592004
sbo-	0.107656270055	0.186272622256	0.0725195738673	0.633551533821
tik-	0.142755750556	0.250723188265	0.0252712628104	0.581249798368
mól-	0.31657059942	0.148950265186	0.486980886621	0.0474982487741
tdo-	0.285739849037	0.615109318063	0.031315070276	0.0678357626237
tém-	0.324528301887	0.584905660377	0.0905660377359	0.0
ela-	0.0478212290503	0.263016759777	0.0	0.689162011173
sba-	0.213772165413	0.466945802125	0.187165329374	0.132116703088
tiy-	0.0	1.0	0.0	0.0
itu-	0.041958041958	0.958041958042	0.0	0.0
fen-	0.237155888649	0.135067118788	0.0237040093201	0.604072983243
gul-	0.195468394447	0.267111843097	0.379739765407	0.15767999705
nal-	0.406871999528	0.320740748591	0.136630780853	0.135756471028
koy-	0.0364881026022	0.927370200833	0.0292135758176	0.00692812074724
lek-	0.487721302113	0.419760137065	0.0719588806397	0.0205596801827
kes-	0.340942066387	0.4166611369	0.102563322964	0.139833473749
slo-	0.369061530403	0.371519522908	0.0577829713503	0.20163597534
koo-	0.502512562814	0.286432160804	0.150753768844	0.0603015075377
teg-	0.207373271889	0.617511520737	0.0506912442396	0.124423963134
dmi-	0.566098285081	0.307424255382	0.0374396086081	0.0890378509285
job-	0.0	0.935483870968	0.0645161290323	0.0
gré-	0.0275923453494	0.939029817534	0.018691588785	0.0146862483311
kse-	0.293965345549	0.347540330611	0.286795459072	0.071698864768
hok-	0.752136752137	0.0811965811966	0.115384615385	0.0512820512821
nil-	0.650655021834	0.231441048035	0.0436681222707	0.0742358078602
taw-	0.465104685942	0.460119641077	0.0209371884347	0.0538384845463
mon-	0.762905690642	0.0404185304618	0.00726446716988	0.189411311726
nén-	0.571965786757	0.304158678661	0.0442412623507	0.0796342722312
man-	0.411592332715	0.379519853752	0.0930182541603	0.115869559373
tma-	0.531190526538	0.244811648491	0.0340452526961	0.189952572274
sgu-	0.55980861244	0.277511961722	0.0485829959514	0.114096429886
huk-	0.0115015974441	0.909265175719	0.0792332268371	0.0
tóe-	0.497964721845	0.347354138399	0.0244233378562	0.1302578019
arf-	0.0	1.0	0.0	0.0
mél-	0.306123371083	0.512256576132	0.100838013326	0.0807820394581
gmo-	0.557461406518	0.270154373928	0.0445969125215	0.127787307033
kmo-	0.330760243935	0.251269592484	0.0966215745466	0.321348589034
his-	0.0	0.971854110473	0.0281458895274	0.0
jif-	0.0	1.0	0.0	0.0
nus-	0.447700966338	0.205691833917	0.317723266433	0.0288839333121
rub-	0.0	1.0	0.0	0.0
gbe-	0.260958828059	0.161844546359	0.22225550039	0.354941125192
jut-	0.127659574468	0.787234042553	0.0851063829787	0.0
kfe-	0.597183098592	0.325821596244	0.0338028169014	0.0431924882629
wak-	0.299212598425	0.669291338583	0.0	0.0314960629921
fól-	0.0681818181818	0.863636363636	0.0681818181818	0.0
sii-	0.285559631365	0.339874504301	0.0097571628029	0.364808701531
mfé-	0.567401166559	0.415100453662	0.0136098509397	0.00388852883992
swè-	0.0878150772447	0.695783482402	0.170403066558	0.0459983737948
pru-	0.209472861694	0.632205325479	0.00949690449	0.148824908337
dut-	0.0	0.821428571429	0.178571428571	0.0
sék-	0.0	0.884615384615	0.115384615385	0.0
pol-	0.057375742537	0.84369952628	0.00547409579668	0.0934506353862
mte-	0.22098687829	0.747191011236	0.0123752651843	0.0194468452896
klé-	0.27121332276	0.663758921491	0.041237113402	0.0237906423473
hse-	0.312342145142	0.470786327665	0.179449402256	0.0374221249368
mar-	0.0434290884415	0.908391766569	0.0	0.0481791449898
ske-	0.236283185841	0.259292035398	0.0358407079646	0.468584070797
luf-	0.0715835140998	0.0694143167028	0.859002169197	0.0
ses-	0.0870364695066	0.854734906528	0.0352436408213	0.0229849831444
kbu-	0.185421401545	0.607476030088	0.102020233822	0.105082334545
wee-	0.0391993327773	0.904086738949	0.0425354462052	0.0141784820684
gse-	0.391911659964	0.278854055949	0.228629973373	0.100604310713
kkó-	0.513979416831	0.192180935239	0.0562172798586	0.237622368071
nes-	0.137228312528	0.731854762056	0.0880172359166	0.0428996895
ngà-	0.0320362844235	0.861133349102	0.0522749277515	0.0545554387234
smà-	0.0418597697713	0.911047989236	0.0	0.0470922409927
jód-	0.0	1.0	0.0	0.0
nda-	0.450193236877	0.371089275345	0.0378803370835	0.140837150695
kaa-	0.15873015873	0.777777777778	0.0634920634921	0.0
góg-	0.512357362192	0.267746774206	0.0531415003704	0.166754363231
nfu-	0.344362351429	0.336170896242	0.255862512046	0.0636042402827
hen-	0.437757818396	0.39194787247	0.0769743330172	0.0933199761166
sus-	0.0	1.0	0.0	0.0
bla-	0.57352464857	0.294281092107	0.0406458431431	0.0915484161798
bku-	0.0377358490566	0.754716981132	0.207547169811	0.0
gfa-	0.464542208027	0.213959917244	0.203871874626	0.117626000103
sam-	0.0313207738791	0.693657644848	0.248616259585	0.0264053216879
buy-	0.528347406514	0.442702050663	0.0289505428227	0.0
lit-	0.0437552703083	0.938817577064	0.00674599456573	0.0106811580624
isl-	0.0	1.0	0.0	0.0
lan-	0.257413702137	0.366458231229	0.0276685577407	0.348459508893
bag-	0.192240880139	0.776491024899	0.017371163868	0.0138969310944
duh-	0.158983916953	0.048530509449	0.0159689348817	0.776516638717
kón-	0.303613248578	0.268568082971	0.0966042154566	0.331214452994
lib-	0.0266631862687	0.610600004539	0.0156088930811	0.347127916111
lad-	0.0116279069767	0.877906976744	0.110465116279	0.0
jak-	0.00177200236267	0.987595983461	0.000886001181335	0.00974601299468
kiy-	0.0	0.96992481203	0.0300751879699	0.0
sum-	0.283689624117	0.493411385505	0.00971702137744	0.213181969
dit-	0.181385970831	0.143194495658	0.0256152765901	0.649804256922
gri-	0.0397322392572	0.391060246167	0.567911898078	0.00129561649751
bto-	0.27588252744	0.332542272323	0.307030554731	0.0845446455058
nso-	0.556034482759	0.362068965517	0.0129310344827	0.0689655172414
kbi-	0.0966346153847	0.119711538462	0.780769230769	0.00288461538462
nmu-	0.412169919633	0.414236509759	0.0665901262916	0.107003444317
kul-	0.0961288113472	0.109364933269	0.0142443262552	0.780261929129
nóm-	0.238404660542	0.404884606767	0.13802375084	0.218686981851
bno-	0.549239527258	0.322325553808	0.0630565348905	0.0653783840434
ngo-	0.190782042189	0.741409882575	0.0558554653637	0.0119526098721
kil-	0.126650734271	0.637207976829	0.0295613127763	0.206579976123
gwa-	0.204832695621	0.4182354674	0.0644751826411	0.312456654338
mfe-	0.615653694797	0.200699606471	0.06558810669	0.118058592042
let-	0.134624350606	0.826911549221	0.0384641001732	0.0
mso-	0.553398058252	0.245954692557	0.139158576052	0.0614886731392
aso-	0.0	1.0	0.0	0.0
bey-	0.250758725341	0.502655538695	0.16464339909	0.0819423368742
blo-	0.00818210426938	0.97949228994	0.0076051610196	0.0047204447708
pil-	0.0	1.0	0.0	0.0
hin-	0.529739102383	0.390539941127	0.0538328158393	0.0258881406509
olo-	0.174411263052	0.187750243061	0.0548388179683	0.582999675919
bek-	0.901869158879	0.0572429906542	0.0116822429906	0.0292056074766
idu-	0.0	1.0	0.0	0.0
hab-	0.678228782288	0.115129151291	0.0885608856089	0.118081180812
asa-	0.0	0.857142857143	0.0	0.142857142857
gfà-	0.190777895107	0.673002463921	0.0827173530447	0.0535022879268
mkê-	0.0	0.925925925926	0.0740740740741	0.0
kén-	0.2120530749	0.517909248272	0.174082374746	0.095955302082
hgé-	0.0915492957746	0.306338028169	0.369718309859	0.232394366197
wol-	0.0186203027947	0.303494273745	0.068629116015	0.609256307445
yub-	0.16	0.84	0.0	0.0
hnô-	0.35685483871	0.185483870968	0.324596774194	0.133064516129
dol-	0.233693394267	0.491483174076	0.125882841712	0.148940589946
naa-	0.0296718972896	0.614265335235	0.356062767475	0.0
nbu-	0.56000929476	0.170907400953	0.0339258742884	0.235157429999
nla-	0.241379310345	0.758620689655	0.0	0.0
twé-	0.499165275459	0.303839732888	0.0868113522538	0.110183639399
abé-	0.0878048780488	0.903832752613	0.0	0.00836236933797
kol-	0.36679977182	0.366229321164	0.224187107815	0.0427837992014
tub-	0.029702970297	0.425742574257	0.485148514852	0.059405940594
moo-	0.436	0.286	0.0739999999999	0.204
hdà-	0.583026226341	0.342552506351	0.00536691831551	0.0690543489928
yak-	0.281689135502	0.0910001705411	0.0357687666881	0.591541927269
hyó-	0.619488435999	0.256581434359	0.0301714713526	0.0937586582895
mwa-	0.0275534441805	0.803325415677	0.0384798099762	0.130641330166
skó-	0.376012223071	0.427807486631	0.072116119175	0.124064171123
tup-	0.0	0.62786259542	0.37213740458	0.0
tód-	0.146315364258	0.018594327562	0.0134886805224	0.821601627658
api-	0.0	0.963855421687	0.0	0.0361445783132
ege-	0.105046343975	0.264675592173	0.315139031926	0.315139031926
elo-	0.0	0.980392156863	0.0196078431373	0.0
dun-	0.0608793686584	0.939120631342	0.0	0.0
hné-	0.659734482028	0.20732999082	0.0497846197303	0.0831509074218
hir-	0.0184039346343	0.917816912581	0.0534137183352	0.0103654344492
wad-	0.484823625923	0.275635767022	0.118129614438	0.121410992617
kap-	0.00422089342244	0.989799507562	0.0	0.00597959901512
keh-	0.331858961719	0.501946900821	0.0904455036826	0.0757486337776
