koi-	0.289113047022	0.461179886902	0.206760405522	0.0429466605533
lob-	0.338028169014	0.492957746479	0.112676056338	0.056338028169
tut-	0.470662040052	0.253115878773	0.103393146883	0.172828934291
gin-	0.14445809827	0.626461114525	0.0303952782588	0.198685508946
e'n-	0.325077399381	0.312693498452	0.0371517027864	0.325077399381
del-	0.0	1.0	0.0	0.0
amg-	0.310311284047	0.607976653697	0.0175097276264	0.0642023346304
dok-	0.0	1.0	0.0	0.0
maa-	0.454597918449	0.371674195538	0.096714493244	0.0770133927683
wip-	0.313878550152	0.473659488901	0.0927848167999	0.119677144147
mab-	0.208706786171	0.737516005122	0.0384122919334	0.0153649167734
mei-	0.0719956015027	0.0636221082307	0.0276286677862	0.83675362248
ogo-	0.256081163672	0.656398973231	0.0743185429654	0.013201320132
poy-	0.440366972477	0.247706422018	0.165137614679	0.146788990826
lau-	0.538832856852	0.303533565225	0.0845012870513	0.0731322908719
hem-	0.0	0.988188976378	0.011811023622	0.0
eno-	0.219787042498	0.623857862768	0.0427363693747	0.113618725359
wam-	0.109770200148	0.829948109711	0.0236916234248	0.036590066716
aea-	0.0967741935484	0.119815668203	0.755760368664	0.0276497695853
ite-	0.287284204556	0.503971691159	0.072976171197	0.135767933088
yeu-	0.184229401859	0.228435102601	0.500919977546	0.0864155179941
lis-	0.018166804294	0.957886044591	0.0140379851363	0.00990916597853
atp-	0.547169811321	0.452830188679	0.0	0.0
ana-	0.125691402505	0.240371095672	0.0349302619799	0.599007239843
puh-	0.352941176471	0.529411764706	0.117647058824	0.0
hew-	0.0709120681815	0.758288375032	0.0479080779766	0.12289147881
yal-	0.0342164434451	0.917489490664	0.0293283800958	0.0189656857953
sak-	0.0406380554501	0.913026965439	0.0125332320547	0.0338017470566
gow-	0.28670800173	0.436089931155	0.0453849571146	0.231817110001
pid-	0.357142857143	0.625	0.0	0.0178571428571
bap-	0.637090163934	0.310143442623	0.034631147541	0.0181352459016
une-	0.0803709428129	0.86398763524	0.0556414219474	0.0
iem-	0.200011235534	0.099640462904	0.00617954383732	0.694168757725
wii-	0.320424898591	0.358508185718	0.0806023287711	0.24046458692
ihu-	0.501875810806	0.279969145542	0.0965604291574	0.121594614495
seg-	0.0	1.0	0.0	0.0
kat-	0.276291872241	0.418332900545	0.232666839782	0.0727083874318
abi-	0.0	0.972492615898	0.0275073841017	0.0
mil-	0.104895104895	0.465034965035	0.104895104895	0.325174825175
tib-	0.0	0.936842105263	0.0	0.0631578947368
gae-	0.335148012215	0.154594047906	0.0449832293646	0.465274710514
yut-	0.117647058824	0.869281045752	0.0130718954248	0.0
nug-	0.329651019674	0.335163326835	0.105828195313	0.229357458178
yau-	0.0955242588574	0.79340125308	0.0106123717179	0.100462116344
ini-	0.283745693705	0.606326338866	0.0930159724397	0.016911994989
bay-	0.144319344933	0.809621289662	0.0399181166837	0.00614124872057
hed-	0.597981497056	0.316232127839	0.0454163162321	0.040370058873
ked-	0.139246890059	0.668553177182	0.0798498262916	0.112350106467
tai-	0.111917549717	0.882856728117	0.0	0.00522572216577
mey-	0.0990286459201	0.418054928552	0.0488423621645	0.434074063363
hum-	0.398941221157	0.534303484949	0.0337099990504	0.0330452948438
uma-	0.493894425352	0.376159633421	0.090862310166	0.0390836310604
dek-	0.0256849315068	0.719178082192	0.00856164383562	0.246575342466
kum-	0.0	0.842794759825	0.0	0.157205240175
mud-	0.156168662155	0.825091098386	0.0156168662155	0.00312337324312
ihe-	0.272026961964	0.622051035147	0.0553683196918	0.0505536831969
nen-	0.63096172432	0.107167353123	0.020886460492	0.240984462065
wai-	0.18153631551	0.452129151637	0.317948394283	0.0483861385697
mul-	0.174342572268	0.122386533652	0.0320830466643	0.671187847416
gaw-	0.213545816733	0.583187250996	0.0758565737052	0.127410358566
ate-	0.0461329715061	0.943012211669	0.00271370420624	0.00814111261873
naw-	0.446433689572	0.261345960022	0.0334255513463	0.25879479906
kam-	0.201668421479	0.620555600551	0.104681299101	0.0730946788694
ibi-	0.0386869871044	0.60082063306	0.222743259086	0.13774912075
sin-	0.0832328106152	0.811821471653	0.0506634499397	0.0542822677925
kim-	0.753355279818	0.113699670803	0.0265890098759	0.106356039504
tag-	0.406612157456	0.313054758611	0.0739588435722	0.206374240361
mew-	0.282093330119	0.20867325577	0.143314576805	0.365918837307
pat-	0.169381702893	0.70604913643	0.0598579083768	0.0647112522993
toe-	0.0658327053505	0.921507159005	0.00253202712886	0.0101281085155
niy-	0.623828293022	0.144005585657	0.0267440616418	0.20542205968
luw-	0.180135678206	0.133272269408	0.0714115527662	0.615180499621
hud-	0.328953196516	0.290122545401	0.09744574044	0.283478517644
maw-	0.119278779473	0.463245492372	0.169209431345	0.24826629681
oma-	0.111524163569	0.743494423792	0.144981412639	0.0
noy-	0.452710495963	0.211915535445	0.0385946233697	0.296779345222
lom-	0.0701588502269	0.654878971256	0.246785173979	0.0281770045386
him-	0.804776555296	0.113414626073	0.0152643905322	0.0665444280987
saw-	0.142857142857	0.690476190476	0.166666666667	0.0
430-	0.230769230769	0.0	0.0	0.769230769231
guu-	0.670417850997	0.197903977416	0.0452462439817	0.086431927606
wib-	0.492237571177	0.331916179387	0.0593459813259	0.11650026811
ium-	0.52	0.46	0.0	0.02
kid-	0.416034669556	0.450704225352	0.0617551462622	0.0715059588299
nig-	0.0410396716826	0.917920656635	0.0410396716826	0.0
hey-	0.0	0.803651245138	0.162825796714	0.0335229581472
dam-	0.30324546553	0.512547017182	0.0278775198138	0.156329997474
sig-	0.0549241853882	0.109581099801	0.149069445281	0.68642526953
buu-	0.13212871159	0.347424646423	0.444510600844	0.0759360411435
o'm-	0.404218928164	0.263968072976	0.119726339795	0.212086659065
yod-	0.0	1.0	0.0	0.0
276-	0.0	0.5	0.0	0.5
haa-	0.298067141404	0.512716174975	0.170905391658	0.0183112919634
eso-	0.0	1.0	0.0	0.0
gug-	0.257754024058	0.562938649665	0.0957648681041	0.0835424581732
epa-	0.0588235294117	0.852941176471	0.0	0.0882352941176
500-	0.0	0.75008605852	0.0454388984509	0.204475043029
sap-	0.0882352941176	0.78431372549	0.107843137255	0.0196078431373
asi-	0.00196463654224	0.995088408644	0.0	0.00294695481336
gun-	0.554309318197	0.202590610933	0.0379255685044	0.205174502365
tip-	0.159913671838	0.599133993595	0.0336349789476	0.207317355619
oto-	0.721680820312	0.155385449901	0.037246797251	0.085686932536
153-	0.0	0.0222222222222	0.1	0.877777777778
mah-	0.309892254382	0.418057978027	0.138885827814	0.133163939777
geg-	0.208193492321	0.255935153372	0.270260646113	0.265610708195
wom-	0.663018003188	0.200440708132	0.0346829476594	0.101858341021
dao-	0.145382751354	0.171740286172	0.209848541043	0.473028421432
mog-	0.0323450134771	0.908355795148	0.0181940700809	0.0411051212938
tol-	0.0815419368943	0.85218246739	0.0339575894484	0.0323180062669
mel-	0.193139277256	0.501489800596	0.0472916189167	0.258079303232
iat-	0.579242826924	0.282177143787	0.04212543617	0.0964545931189
tew-	0.0982899152948	0.678599968036	0.11658941985	0.10652069682
hah-	0.355376035278	0.447578329103	0.104570046877	0.0924755887422
igw-	0.445386750262	0.382328976714	0.0306283152043	0.14165595782
isa-	0.0323880896937	0.943232189506	0.011731817161	0.0126479036395
odu-	0.278799026224	0.154783425042	0.232637723278	0.333779825456
igu-	0.241891148983	0.507971412864	0.19516217702	0.0549752611325
yah-	0.433333333333	0.233333333333	0.1	0.233333333333
bab-	0.128588257319	0.144683326406	0.023208772046	0.703519644229
ita-	0.491527123192	0.0908330368686	0.0161331497473	0.401506690192
hoi-	0.016926738795	0.0174707442635	0.00326028766138	0.96234222928
tuh-	0.494812363015	0.0850334543125	0.0433829629992	0.376771219674
woe-	0.327549724926	0.239949217097	0.342784595853	0.0897164621244
hol-	0.653846153846	0.240188383046	0.0777080062794	0.0282574568289
hei-	0.423022455998	0.305179041068	0.0399554926158	0.231843010318
hi'-	0.593280849506	0.190497986086	0.0565726839985	0.15964848041
moi-	0.0898241587883	0.550361673995	0.072131031364	0.287683135853
kom-	0.0612833453497	0.00865176640232	0.922855082913	0.00720980533527
mee-	0.403846153846	0.173076923077	0.0288461538462	0.394230769231
biu-	0.130958482829	0.181317273193	0.00461301896463	0.683111225013
kod-	0.537172998422	0.342957597811	0.0605933249814	0.0592760787861
ali-	0.0611953844159	0.855568520679	0.0586023596525	0.0246337352522
tua-	0.235334264391	0.169473531215	0.0466687310023	0.548523473392
non-	0.734959076451	0.097370193303	0.0518949574585	0.115775772787
dod-	0.138461538462	0.357692307692	0.480769230769	0.0230769230769
tau-	0.231362732878	0.0641935101515	0.00993569138515	0.694508065585
pou-	0.44016497079	0.43818445444	0.054963526273	0.0666870484974
gey-	0.0219991270188	0.826451331296	0.107551287647	0.0439982540375
mal-	0.0555335408609	0.494421965878	0.115862389655	0.334182103606
kow-	0.33485632113	0.133313051192	0.460075701721	0.0717549259565
sab-	0.0619469026548	0.938053097345	0.0	0.0
hou-	0.179578253285	0.232993894561	0.0239338184772	0.563494033677
aki-	0.0	1.0	0.0	0.0
ole-	0.414438502674	0.585561497326	0.0	0.0
nin-	0.410437713898	0.482677464774	0.0480981695974	0.0587866517302
nau-	0.152694610778	0.760479041916	0.0359281437126	0.0508982035928
on'-	0.477754722433	0.34546361766	0.112889397014	0.0638922628934
uni-	0.736258731688	0.146691649252	0.00982551688195	0.107224102178
toy-	0.1750822513	0.50168897707	0.296293040661	0.0269357309692
wot-	0.440821925099	0.296126229397	0.0395348062429	0.223517039261
nog-	0.315402674288	0.340104113504	0.186281514749	0.158211697458
tuw-	0.176219992934	0.488747062658	0.176413670181	0.158619274227
hog-	0.236136090429	0.348342667574	0.312456318551	0.103064923447
emo-	0.147977241216	0.089528871624	0.144185965805	0.618307921355
lim-	0.45197237922	0.3424784431	0.104630514069	0.100918663611
ta'-	0.422322775264	0.387631975867	0.122171945701	0.0678733031674
wiu-	0.303868468766	0.521451034307	0.121223405132	0.0534570917954
upo-	0.091814159292	0.696902654867	0.059365781711	0.15191740413
beu-	0.704347826087	0.208695652174	0.0260869565217	0.0608695652174
and-	0.0	1.0	0.0	0.0
apa-	0.0995399771967	0.52794751558	0.235407415466	0.137105091757
ALL	0.234409885117	0.313730984614	0.057753551364	0.394105578905
san-	0.860465116279	0.046511627907	0.0	0.093023255814
dud-	0.408538199256	0.211648943624	0.297529153498	0.082283703623
ine-	0.397183654669	0.313811936566	0.175297756136	0.113706652629
mae-	0.34554989284	0.295965033667	0.0304605363079	0.328024537185
wae-	0.0256295512795	0.940197713681	0.0341727350392	0.0
muh-	0.179252479024	0.388062547674	0.365751334859	0.0669336384439
deo-	0.332574031891	0.341685649203	0.189066059226	0.136674259681
big-	0.392492297255	0.388585804336	0.115397009356	0.103524889052
adi-	0.0	1.0	0.0	0.0
bae-	0.0596685082873	0.709392265193	0.0132596685083	0.217679558011
duy-	0.063829787234	0.920212765957	0.0159574468085	0.0
tel-	0.400359381163	0.4637512278	0.0871641113823	0.0487252796547
lid-	0.375108325051	0.393698819891	0.118868585797	0.112324269262
guy-	0.00747145891738	0.974211415995	0.00358235640174	0.014734768686
gas-	0.0500968924128	0.0355599253676	0.0619768635674	0.852366318652
ata-	0.114044669509	0.111160516448	0.0471226238596	0.727672190183
aep-	0.483286908078	0.270194986072	0.0961002785515	0.150417827298
loh-	0.114137809147	0.845578258213	0.0402839326401	0.0
lum-	0.264130908022	0.584734605691	0.10122891483	0.0499055714567
giy-	0.443188797445	0.348728657413	0.0553985996806	0.152683945461
mes-	0.0338983050847	0.966101694915	0.0	0.0
num-	0.0960199176869	0.74818596098	0.0104394587199	0.145354662613
omb-	0.270740394514	0.487451040718	0.114189021288	0.127619543481
elu-	0.0	1.0	0.0	0.0
ami-	0.154926855332	0.182067295037	0.0349972510668	0.628008598564
kei-	0.154590880699	0.817301686446	0.0	0.0281074328545
nou-	0.113380927945	0.765659984402	0.025357688255	0.0956013993982
lut-	0.516744530134	0.368760704115	0.0665403285467	0.0479544372042
haw-	0.172380952381	0.171861471861	0.0427705627706	0.612987012987
ien-	0.76	0.06	0.02	0.16
win-	0.297755849472	0.55250165213	0.0828084486839	0.0669340497137
tal-	0.19325923539	0.722655571366	0.0368020821938	0.0472831110504
heg-	0.11150979851	0.240132486889	0.563897322661	0.0844603919403
paa-	0.412698412698	0.238095238095	0.31746031746	0.031746031746
bin-	0.111362086039	0.0519501078109	0.00724342577371	0.829444380377
iaw-	0.139130434783	0.795652173913	0.0130434782609	0.0521739130435
meh-	0.104222763972	0.378094857615	0.0448801522685	0.472802226144
paw-	0.183333333333	0.747222222222	0.0569444444444	0.0125
in'-	0.590439434186	0.314259778051	0.04135373469	0.0539470530731
450-	0.173431734317	0.605166051661	0.0442804428044	0.177121771218
nem-	0.349264705882	0.165441176471	0.242647058823	0.242647058824
woi-	0.0771420069101	0.781704162634	0.112382512327	0.0287713181288
heu-	0.0223880597015	0.962686567164	0.0149253731343	0.0
pon-	0.139544447429	0.752571814714	0.0421701552009	0.0657135826561
ged-	0.0293794480123	0.137527468698	0.750695550934	0.0823975323562
leb-	0.078431372549	0.803921568627	0.0849673202614	0.0326797385621
sik-	0.229508196721	0.650273224044	0.0109289617486	0.109289617486
bui-	0.617064233904	0.191505271816	0.0824048455844	0.109025648695
i'm-	0.480591497227	0.310404013731	0.0835753894904	0.125429099551
gol-	0.118554925455	0.657977293271	0.20637878301	0.0170889982638
ben-	0.0695970695971	0.874236874237	0.0219780219781	0.0341880341881
bog-	0.0244155507279	0.95035828929	0.00525274796538	0.0199734120165
wig-	0.282353248932	0.476072178088	0.132031579966	0.109542993015
nip-	0.0	1.0	0.0	0.0
mat-	0.138518563189	0.323748153011	0.120791185991	0.41694209781
pin-	0.0271066588097	0.806128461992	0.0329994107248	0.133765468474
yun-	0.0460652591171	0.953934740883	0.0	0.0
bun-	0.281712894221	0.650602838986	0.0509591970066	0.0167250697868
ili-	0.208695652174	0.721739130435	0.0695652173913	0.0
lam-	0.0455910153205	0.907860677699	0.0215390623561	0.0250092446246
til-	0.0183486238532	0.954128440367	0.0183486238532	0.00917431192661
gat-	0.270325203252	0.632113821138	0.0243902439024	0.0731707317073
nut-	0.0645161290323	0.870967741935	0.0	0.0645161290323
idi-	0.234392952892	0.620681731137	0.0704710838759	0.074454232095
gek-	0.100601053139	0.0395155550785	0.0149130451159	0.844970346667
sat-	0.0	1.0	0.0	0.0
peg-	0.109012875536	0.877682403434	0.0	0.01330472103
ani-	0.163416032553	0.292137549214	0.01684826904	0.527598149193
gud-	0.596826341555	0.221082971777	0.0935462618561	0.0885444248122
nad-	0.0909090909091	0.6	0.309090909091	0.0
yad-	0.0257566753809	0.836117707971	0.0809017421613	0.0572238744868
kis-	0.0	0.972972972973	0.027027027027	0.0
bei-	0.734494773519	0.161672473868	0.018118466899	0.0857142857142
goo-	0.0977534297742	0.709222065724	0.0508532609119	0.14217124359
neg-	0.519672131148	0.332786885246	0.118032786885	0.0295081967213
ot'-	0.428571428571	0.302521008403	0.226890756302	0.0420168067227
hag-	0.344875202831	0.308157356937	0.108975435839	0.237992004393
wow-	0.54702970297	0.289603960396	0.148514851485	0.0148514851485
ded-	0.314758913274	0.531369829485	0.0686954393408	0.0851758179
mom-	0.3089911355	0.436969952799	0.164626424652	0.0894124870486
ban-	0.0674538228759	0.266132778211	0.374007219609	0.292406179304
hal-	0.368593819614	0.171658520192	0.0652704073726	0.394477252822
tey-	0.356965790778	0.134952900347	0.387902825979	0.120178482895
lia-	0.305970149254	0.485074626866	0.194029850746	0.0149253731343
dab-	0.347826086957	0.581027667984	0.0	0.0711462450593
did-	0.200614321367	0.578613937416	0.152812440008	0.0679593012094
nam-	0.190856829855	0.539482820623	0.225226220481	0.0444341290406
ebe-	0.203913720258	0.747609517456	0.033133199911	0.0153435623749
mem-	0.266718347409	0.0977794956861	0.0804120080735	0.555090148832
igi-	0.388252862121	0.331010452962	0.038825286212	0.241911398706
bon-	0.214234363767	0.754612988258	0.00575125808772	0.0254013898874
oli-	0.0356223175965	0.951502145923	0.00772532188842	0.00515021459228
won-	0.487708268316	0.19896083168	0.255767907917	0.0575629920877
led-	0.38961038961	0.545454545455	0.064935064935	0.0
mod-	0.297388239064	0.632110238744	0.0576830636116	0.0128184585803
ula-	0.127118644068	0.864406779661	0.00847457627119	0.0
net-	0.451163322036	0.293743574121	0.131145043982	0.123948059861
low-	0.632559156014	0.104011118377	0.111098400709	0.1523313249
kon-	0.0697674418605	0.903834066625	0.00754242614708	0.0188560653677
eli-	0.0266297400937	0.952066467831	0.01704303366	0.004260758415
yul-	0.0917030567686	0.89519650655	0.00655021834059	0.0065502183406
imu-	0.339009774154	0.0870312317158	0.523554663201	0.0504043309293
mut-	0.266384778013	0.668378133494	0.0108728480821	0.0543642404107
nag-	0.253536452666	0.707290533188	0.0	0.0391730141458
peu-	0.796361515768	0.134756557733	0.0124636951998	0.0564182312987
hel-	0.0454996122471	0.882790642885	0.0459904387006	0.0257193061677
omp-	0.283013199979	0.426551925218	0.170698520966	0.119736353837
ene-	0.577707342842	0.224722662441	0.0426835710513	0.154886423666
pan-	0.331198698133	0.540196324112	0.0555204137322	0.0730845640223
huu-	0.163618334068	0.680035257823	0.00727192595859	0.149074482151
nim-	0.170367304509	0.558689058667	0.0394483545524	0.231495282271
dig-	0.0306122448979	0.957142857143	0.00816326530612	0.00408163265306
sen-	0.0701754385965	0.929824561404	0.0	0.0
tul-	0.264460329355	0.455221346492	0.0798234056308	0.200494918523
nah-	0.0	1.0	0.0	0.0
yam-	0.319215405189	0.535073071064	0.061548626593	0.0841628971546
pug-	0.1771019678	0.640429338104	0.171735241503	0.0107334525939
ina-	0.388257635186	0.0335719556931	0.00647576250985	0.571694646611
baa-	0.476944737768	0.398099260824	0.0105596620908	0.114396339317
lat-	0.23404615637	0.103787123961	0.337640356731	0.324526362938
he'-	0.34041928475	0.454812378883	0.067179517294	0.137588819073
pen-	0.0	1.0	0.0	0.0
lud-	0.469319023988	0.40020826102	0.0775631584379	0.0529095565541
ape-	0.109764824053	0.0609432775193	0.01880550132	0.810486397108
wal-	0.0501309503652	0.845224165628	0.0253897974123	0.0792550865941
umu-	0.605287622589	0.269894308509	0.10508187852	0.0197361903818
tub-	0.583173996176	0.292543021032	0.0755258126195	0.0487571701721
ipo-	0.566624024325	0.239713822505	0.127041218871	0.0666209342999
got-	0.440825190011	0.480456026059	0.0162866449511	0.0624321389793
hul-	0.301387304409	0.421817758036	0.250632845159	0.0261620923966
a'm-	0.726712856043	0.108545034642	0.0769822940723	0.0877598152425
kos-	0.03	0.97	0.0	0.0
lab-	0.272776224828	0.242788023724	0.174607825281	0.309827926166
gul-	0.501318951414	0.376147722558	0.0480145280346	0.074518797993
gao-	0.136583344842	0.63817152327	0.0632509321917	0.161994199696
lem-	0.0	1.0	0.0	0.0
iba-	0.615374337578	0.164574704546	0.0381127853123	0.181938172563
ino-	0.428571428571	0.462469733656	0.0145278450363	0.0944309927361
aet-	0.575875486381	0.229571984436	0.194552529183	0.0
mim-	0.143074998045	0.770587315242	0.0295612731681	0.0567764135451
sit-	0.0850781001661	0.823593163737	0.0375038155834	0.0538249205132
gig-	0.367870862265	0.337629110735	0.261288286326	0.0332117406743
yes-	0.00678980156028	0.740083246392	0.00455219218402	0.248574759864
mid-	0.031007751938	0.922480620155	0.0465116279069	0.0
omh-	0.351134436614	0.512631549977	0.101861123872	0.0343728895372
yay-	0.135784584968	0.674401907437	0.157882588049	0.031930919546
ito-	0.580797529294	0.211917522027	0.11481515124	0.0924697974385
omi-	0.096402544327	0.0427470228757	0.0108104819831	0.850039950814
day-	0.0388954467171	0.082957602028	0.851442614703	0.026704336552
tah-	0.176757598056	0.355082865995	0.179516540181	0.288642995768
lou-	0.336713245556	0.600733155089	0.0369940641343	0.02555953522
666-	0.36170212766	0.148936170213	0.0	0.489361702128
kes-	0.0188679245283	0.981132075472	0.0	0.0
sod-	0.0159151193634	0.978779840849	0.0053050397878	0.0
waa-	0.702298395086	0.173766594016	0.0124826629681	0.111452347929
ide-	0.378045778981	0.391090327344	0.135367954713	0.0954959389614
kan-	0.00899100899102	0.835164835165	0.137862137862	0.017982017982
nei-	0.761436160201	0.0334582046707	0.0117374754909	0.193368159637
agi-	0.00480769230769	0.974358974359	0.011217948718	0.00961538461538
lig-	0.490483215198	0.353218436297	0.0569927679632	0.0993055805419
diy-	0.115789473684	0.884210526316	0.0	0.0
gap-	0.198867586815	0.558543533439	0.0977042304962	0.14488464925
eg'-	0.230769230769	0.6	0.123076923077	0.0461538461538
uya-	0.0489218000716	0.0354992365842	0.00871576312952	0.906863200215
luh-	0.4623502417	0.384551740974	0.0465818218672	0.106516195459
daw-	0.00245669291338	0.985448818898	0.00113385826772	0.0109606299213
log-	0.137153934694	0.696128915006	0.134488398861	0.0322287514388
lub-	0.624590081227	0.135529657098	0.0125792509628	0.227301010713
tod-	0.451721242653	0.0726280436608	0.115449202351	0.360201511335
met-	0.177740577534	0.225991482238	0.077053740676	0.519214199552
100-	0.227002967359	0.489614243323	0.026706231454	0.256676557863
udu-	0.364864864865	0.391891891892	0.243243243243	0.0
bim-	0.0990897568844	0.125856399621	0.0206510852899	0.754402758205
iho-	0.513888888889	0.236111111111	0.222222222222	0.0277777777778
lol-	0.352039628862	0.0844649165773	0.0483202545584	0.515175200003
tuy-	0.0440653070448	0.955934692955	0.0	0.0
pib-	0.025	0.975	0.0	0.0
hil-	0.354815011041	0.309963135035	0.244259988093	0.0909618658312
tit-	0.294806364455	0.620534374062	0.0324226958871	0.0522365655959
wid-	0.382521186572	0.332889049481	0.192825921346	0.0917638426007
bub-	0.110231923602	0.704229195089	0.150613915416	0.0349249658936
ilu-	0.418588690401	0.335394152909	0.105802785549	0.140214371141
lai-	0.480537571271	0.3520247351	0.101208767773	0.0662289258552
oya-	0.0733495168737	0.86553381884	0.0139940025703	0.0471226617164
hig-	0.340164313569	0.484242905126	0.0691163075346	0.10647647377
bob-	0.627906976744	0.279069767442	0.0	0.093023255814
kin-	0.0669211289853	0.786727990804	0.0658787437986	0.0804721364122
leh-	0.0430107526882	0.940860215054	0.016129032258	0.0
wab-	0.10694040141	0.174812318063	0.590163934426	0.128083346101
too-	0.189620051368	0.176423700292	0.576211141617	0.0577451067222
ala-	0.34829933181	0.53743746564	0.0762884883497	0.0379747142007
but-	0.464788732394	0.422535211268	0.0845070422535	0.0281690140845
guh-	0.244640983361	0.621046319892	0.0665567381203	0.0677559586269
yoe-	0.04	0.96	0.0	0.0
aem-	0.132476772384	0.783933264171	0.0478788334975	0.035711129947
pom-	0.0975609756097	0.845528455285	0.040650406504	0.0162601626016
hib-	0.171095268957	0.805573558004	0.00777705767985	0.0155541153597
anu-	0.293061620572	0.535177098496	0.00776322173701	0.163998059195
geh-	0.0460042669904	0.169224851147	0.111057068719	0.673713813143
lod-	0.594485683987	0.25493107105	0.041145281018	0.109437963945
gay-	0.220338983051	0.700564971752	0.0677966101695	0.0112994350283
ipa-	0.056200559407	0.0235135339039	0.00242540076394	0.917860505925
wod-	0.602615122229	0.224580861767	0.107265062696	0.0655389533076
gob-	0.149535315985	0.370074349442	0.415055762082	0.0653345724908
iyu-	0.550327575938	0.338892197737	0.0250148898154	0.0857653365098
ona-	0.278933485835	0.0585109803565	0.00728864076372	0.655266893045
dan-	0.371838727517	0.577187912178	0.0417054766135	0.00926788369189
ubi-	0.649253731343	0.126865671642	0.15671641791	0.0671641791045
lug-	0.263845703774	0.584032645979	0.0563432853096	0.0957783649372
eba-	0.294197031039	0.631039136302	0.0334682860999	0.0412955465587
hay-	0.103520879635	0.189248905005	0.0492585227642	0.657971692596
wed-	0.0785536159601	0.753117206983	0.168329177057	0.0
din-	0.269683212521	0.085605357546	0.644711429933	0.0
yai-	0.12294440094	0.773688332028	0.0234925606891	0.079874706343
yon-	0.0348477457529	0.9006532866	0.0123347809813	0.052164186666
tum-	0.361827478879	0.451422854602	0.140062249889	0.0466874166296
beg-	0.0222222222222	0.140740740741	0.785185185185	0.0518518518518
was-	0.0617030917607	0.836035842405	0.0700343109014	0.0322267549327
un'-	0.413063648172	0.43046376522	0.0575531353042	0.0989194513039
sos-	0.00628930817609	0.993710691824	0.0	0.0
luu-	0.233048756645	0.36641498543	0.331716490862	0.068819767063
don-	0.0889470179926	0.871644898801	0.0271395290009	0.0122685542059
iti-	0.0	0.776923076923	0.223076923077	0.0
tat-	0.305170698393	0.104414710696	0.0553850155855	0.535029575326
bit-	0.170343137255	0.509803921569	0.0220588235295	0.297794117647
dog-	0.27950310559	0.329192546584	0.130434782609	0.260869565217
meb-	0.279653679654	0.0753246753247	0.0779220779221	0.5670995671
wek-	0.176514813788	0.721409207562	0.0571827897394	0.0448931889104
an'-	0.517017152111	0.308124555247	0.0800431870046	0.0948151056364
iot-	0.528102585908	0.312714699728	0.0337700992514	0.125412615113
pot-	0.151664060755	0.472459236096	0.309582309582	0.0662943935671
epi-	0.126601356443	0.566691785983	0.177844762622	0.128862094951
mam-	0.378420100657	0.215106404154	0.0405335034308	0.365939991758
utu-	0.396402049995	0.415856082	0.0507269114109	0.137014956595
esa-	0.0	0.857142857143	0.0	0.142857142857
hiy-	0.461167395432	0.389090097901	0.0571055421359	0.0926369645319
hot-	0.117903064819	0.149814803581	0.134169838375	0.598112293224
boi-	0.499090909091	0.277272727273	0.0245454545454	0.199090909091
sis-	0.0781197204991	0.881063401316	0.0247334063171	0.0160834718674
gil-	0.559012775592	0.28269312067	0.0645765711543	0.0937175325838
eeg-	0.22507438824	0.114757738597	0.0309099791269	0.629257894036
huh-	0.400050888808	0.346461315359	0.0637357374137	0.189752058419
pai-	0.0983527131782	0.65746124031	0.0	0.244186046512
mos-	0.0441754748027	0.920238726051	0.010039880637	0.0255459185096
kok-	0.213546104211	0.33770068688	0.0677721501422	0.380981058766
uhe-	0.109786329831	0.205170581986	0.148506669815	0.536536418369
yaw-	0.151835610059	0.318922694815	0.142133654145	0.387108040981
nik-	0.023942537909	0.96869052735	0.00736693474123	0.0
bet-	0.0548358697019	0.908187649352	0.00377311030059	0.0332033706452
hip-	0.0492273239569	0.848612725957	0.0408537079095	0.0613062421764
law-	0.0460031752034	0.50056779271	0.0390712526216	0.414357779465
sal-	0.0568459657702	0.922982885086	0.00366748166259	0.0165036674817
iup-	0.824135393672	0.175864606328	0.0	0.0
ewo-	0.105263157895	0.894736842105	0.0	0.0
nih-	0.0967475192943	0.825106658358	0.0529073390538	0.0252384832942
k50-	0.020202020202	0.555555555556	0.060606060606	0.363636363636
otu-	0.754882629108	0.106901408451	0.0537558685446	0.0844600938967
sek-	0.0271595624293	0.972840437571	0.0	0.0
400-	0.382716049383	0.16049382716	0.0246913580247	0.432098765432
pip-	0.706736754738	0.152441554849	0.0246230460645	0.116198644349
yan-	0.149034144183	0.759130317077	0.0297114978276	0.0621240409123
bad-	0.0484307018744	0.847007723897	0.0540826788597	0.0504788953691
liu-	0.468176914779	0.311758360302	0.145631067961	0.0744336569579
eme-	0.0666666666667	0.933333333333	0.0	0.0
diu-	0.369565217391	0.54347826087	0.0434782608696	0.0434782608696
wio-	0.401524923518	0.395298265045	0.143746665496	0.0594301459416
hih-	0.216738197425	0.706008583691	0.00965665236052	0.0675965665235
woa-	0.213853945434	0.316506017535	0.257583183576	0.212056853455
tab-	0.0974106041923	0.902589395808	0.0	0.0
igo-	0.478630839366	0.314802868895	0.0981806849982	0.108385606741
gal-	0.461548015361	0.236499956334	0.0450426050844	0.25690942322
ida-	0.523676302974	0.167340172003	0.108797015853	0.20018650917
sel-	0.0327792086162	0.83352844767	0.126668227581	0.00702411613207
awe-	0.55652173913	0.3	0.0130434782609	0.130434782609
ibe-	0.543198529412	0.401654411765	0.0220588235294	0.0330882352941
kus-	0.0	1.0	0.0	0.0
amn-	0.570664673413	0.332739190432	0.0137994480221	0.0827966881325
kob-	0.313559322034	0.601694915254	0.0677966101695	0.0169491525424
lil-	0.492740046838	0.257142857143	0.144262295082	0.105854800937
not-	0.470588235294	0.485294117647	0.0441176470588	0.0
ugo-	0.0811285264059	0.104254148309	0.00978080457012	0.804836520715
tak-	0.209847583317	0.736264297381	0.00732385026272	0.0465642690388
omt-	0.247590363736	0.537148374295	0.133041571056	0.0822196909128
wao-	0.65034965035	0.34965034965	0.0	0.0
luk-	0.295934122491	0.553268142048	0.103448275862	0.0473494595986
tay-	0.00512591025588	0.974370448721	0.0102518205118	0.0102518205118
lel-	0.164383561644	0.764840182648	0.0707762557077	0.0
kop-	0.0130550885175	0.973889822965	0.0130550885175	0.0
kak-	0.041403187687	0.0454265061057	0.913170306207	0.0
nel-	0.0	1.0	0.0	0.0
one-	0.0597519729424	0.789177001127	0.0473506200676	0.103720405862
kik-	0.199440045357	0.186260832266	0.125416462284	0.488882660092
aso-	0.00522193211488	0.932114882507	0.0156657963446	0.046997389034
gog-	0.140741437873	0.449505736604	0.0344487127934	0.37530411273
poi-	0.368231046931	0.0361010830325	0.595667870036	0.0
gee-	0.353358457105	0.310352471736	0.0984260696076	0.237863001552
unu-	0.22025143254	0.686379750566	0.028627674821	0.0647411420733
sil-	0.0218560889016	0.933021663044	0.0359567914187	0.00916545663614
i'i-	0.45652173913	0.45652173913	0.0652173913043	0.0217391304348
lal-	0.506821666311	0.25010188833	0.0958720670716	0.147204378287
leu-	0.0	1.0	0.0	0.0
gen-	0.333201631283	0.331792100338	0.250762527531	0.0842437408486
tik-	0.0	0.980769230769	0.0192307692308	0.0
gel-	0.437315816059	0.197176589562	0.0722265651779	0.293281029201
sau-	0.0700419615987	0.893273428559	0.00127156359937	0.0354130462425
sag-	0.744	0.032	0.208	0.016
nan-	0.175648702595	0.542914171657	0.185628742515	0.0958083832335
dag-	0.19379085286	0.56018560347	0.233154619847	0.0128689238227
pop-	0.449743871733	0.292463751338	0.159031053743	0.0987613231847
at'-	0.25748502994	0.302395209581	0.116766467066	0.323353293413
ela-	0.026368550999	0.961307017556	0.00773859648883	0.00458583495634
iyo-	0.20809744317	0.0615790879374	0.02343541343	0.706888055463
yud-	0.0320585323009	0.818201914421	0.0954236424426	0.0543159108355
luy-	0.413455835547	0.485103988564	0.044830335592	0.0566098402967
tiy-	0.113475177305	0.237757514353	0.0425531914894	0.606214116852
aen-	0.0795119899032	0.810769877997	0.00757257046698	0.102145561632
leg-	0.135593220339	0.830508474576	0.0338983050847	0.0
itu-	0.49603676866	0.337534535935	0.0420868579715	0.124341837434
had-	0.227550130776	0.641673931997	0.0104620749782	0.120313862249
kad-	0.245943501098	0.366613919241	0.188922259989	0.198520319672
hit-	0.446128365355	0.0449227919203	0.0153444483391	0.493604394386
yek-	0.0	1.0	0.0	0.0
tam-	0.124559341054	0.0768799221162	0.00991174671907	0.788648990111
upa-	0.894736842105	0.0526315789474	0.0	0.0526315789474
niu-	0.828225231646	0.0776906628653	0.00855310049893	0.0855310049893
koy-	0.359386022896	0.273671191865	0.276031735614	0.0909110496255
lek-	0.317934782609	0.364130434783	0.114130434783	0.203804347826
iko-	0.398286346048	0.500276395799	0.0530679933664	0.0483692647872
hop-	0.264128987384	0.0662427342073	0.0235364263495	0.64609185206
woo-	0.45941416143	0.296770372231	0.0923385289222	0.151476937417
daa-	0.891666666667	0.0791666666667	0.0	0.0291666666666
tap-	0.200316249619	0.378671682323	0.251462178208	0.16954988985
lup-	0.591847842487	0.306709828805	0.0375159457583	0.0639263829488
deb-	0.0186046511628	0.981395348837	0.0	0.0
sol-	0.0	1.0	0.0	0.0
bib-	0.758349817771	0.13720714809	0.0237612335732	0.0806818005657
dom-	0.0434042553191	0.67914893617	0.198468085106	0.0789787234042
koo-	0.586696826182	0.273344171909	0.110270728776	0.0296882731321
new-	0.483870967742	0.395161290323	0.0483870967742	0.0725806451613
iso-	0.132283464567	0.825196850394	0.0	0.0425196850394
dew-	0.352851287888	0.205559176603	0.196244610878	0.245344924631
pam-	0.0	1.0	0.0	0.0
mag-	0.161677130657	0.173481387363	0.269097225322	0.395744256658
ika-	0.447704499312	0.384897504748	0.0882834501277	0.0791145458117
ham-	0.373788290035	0.575029081039	0.0267545560295	0.0244280728965
hek-	0.327348100179	0.125886133392	0.00981185762995	0.536953908799
akw-	0.0289584306399	0.968239140589	0.0	0.0028024287716
kip-	0.221674876847	0.778325123153	0.0	0.0
dob-	0.102743963579	0.633859426801	0.0377609666808	0.225635642939
taw-	0.314967464378	0.523441878302	0.10586032073	0.0557303365906
meg-	0.345857211719	0.461062610466	0.0768571581597	0.116223019656
mon-	0.154442586503	0.768320165433	0.0442107858678	0.0330264621964
tou-	0.504151291513	0.38105396679	0.0517181734317	0.0630765682657
alo-	0.00673557679852	0.993264423201	0.0	0.0
ano-	0.35646523634	0.168809721913	0.0543843666788	0.420340675068
iut-	0.497399219766	0.263654096229	0.1755526658	0.0633940182055
pit-	0.12980613199	0.476307548049	0.050549155085	0.343337164876
hoe-	0.611333702158	0.181871277344	0.159988892041	0.0468061284566
gew-	0.063829787234	0.687943262411	0.198581560284	0.049645390071
las-	0.017019667171	0.916414523449	0.0113464447806	0.0552193645991
wiy-	0.384345358078	0.437361650711	0.0761539299179	0.102139061293
laa-	0.811493526997	0.169561098832	0.0	0.0189453741711
wik-	0.424826718006	0.375806170044	0.11138239568	0.08798471627
bes-	0.0566011510702	0.880465781914	0.00857125207203	0.0543618149433
sip-	0.0774049021986	0.908100113394	0.00438220458828	0.0101127798191
pad-	0.0377358490566	0.962264150943	0.0	0.0
nud-	0.291752441411	0.541146525236	0.137286915253	0.0298141181004
aeb-	0.69877675841	0.155963302752	0.0183486238532	0.126911314985
yus-	0.0337837837838	0.966216216216	0.0	0.0
wen-	0.0588235294118	0.941176470588	0.0	0.0
yos-	0.0365549931711	0.949385394071	0.00763236121153	0.00642725154656
gah-	0.244708728079	0.680306389841	0.0507962104414	0.0241886716388
gou-	0.311360448808	0.361150070126	0.228611500701	0.0988779803646
dum-	0.17189180985	0.180097673269	0.20152578102	0.446484735861
aeu-	0.0367454068241	0.856886310264	0.0	0.106368282912
pis-	0.107894736842	0.852631578947	0.0	0.0394736842105
lih-	0.555676382328	0.322831887643	0.0774734701914	0.0440182598378
amo-	0.241146711636	0.667790893761	0.0303541315346	0.0607082630691
nai-	0.051282051282	0.880341880342	0.0256410256411	0.042735042735
pet-	0.0135914332784	0.921334431631	0.0	0.0650741350906
his-	0.0	0.923076923077	0.0769230769231	0.0
sai-	0.0535048681863	0.911028531412	0.0111821447128	0.0242844556893
apo-	0.0908485742852	0.0278014125251	0.00672178644595	0.874628226744
yas-	0.0330578512396	0.96694214876	0.0	0.0
amb-	0.589285714286	0.25	0.107142857143	0.0535714285714
lot-	0.0	0.982069212838	0.0179307871616	0.0
gag-	0.738241794051	0.0910311660391	0.0373541945283	0.133372845381
atu-	0.332832295469	0.622718488297	0.00644191539617	0.0380073008374
tu'-	0.232264734699	0.631992347533	0.102353950884	0.0333889668839
uyo-	0.175373252152	0.58751367132	0.18687725523	0.0502358212983
ima-	0.29510262091	0.280936900746	0.133376664894	0.290583813449
yot-	0.0	1.0	0.0	0.0
kao-	0.3883618547	0.323523245993	0.201975820144	0.0861390791641
ibo-	0.385185185185	0.57037037037	0.0444444444445	0.0
neh-	0.613848902027	0.0646852123099	0.0160176232754	0.305448262388
wat-	0.679104477612	0.15671641791	0.0223880597015	0.141791044776
bau-	0.0	0.672131147541	0.0983606557377	0.229508196721
lep-	0.0748431754272	0.810945273632	0.103828682674	0.0103828682674
iap-	0.475708897471	0.246517498911	0.203390085203	0.0743835184156
bul-	0.391601404352	0.391649358592	0.0224402262182	0.194309010838
ilo-	0.538599640934	0.332136445242	0.032315978456	0.096947935368
ihi-	0.508478564511	0.215305797786	0.205573693268	0.0706419444349
hep-	0.455983272571	0.420169418829	0.0844413467725	0.0394059618271
wob-	0.441052830644	0.290597024787	0.0817989806171	0.186551163951
gim-	0.592733037019	0.362612542608	0.0239331116153	0.0207213087579
now-	0.0573404933103	0.90443251115	0.0243262698892	0.013900725651
tan-	0.141742915691	0.618873081113	0.07341270001	0.165971303186
loo-	0.783950617284	0.0987654320988	0.0802469135802	0.037037037037
ale-	0.0821114369501	0.780058651026	0.08357771261	0.0542521994135
aha-	0.0	1.0	0.0	0.0
moy-	0.0863836017569	0.495363591996	0.322108345534	0.0961444607125
nea-	0.0608475190149	0.87830496197	0.0608475190149	0.0
aga-	0.0388150688194	0.861170643425	0.0354812592275	0.0645330285279
wil-	0.358268680008	0.340735452241	0.162946970081	0.13804889767
niw-	0.232804232804	0.730158730159	0.0264550264551	0.010582010582
inu-	0.448267849998	0.30366900777	0.127185428581	0.120877713651
lah-	0.58588068505	0.328356772178	0.0379805546561	0.0477819881157
ulo-	0.125603864734	0.855072463768	0.0193236714976	0.0
dee-	0.500628930818	0.324947589099	0.10607966457	0.0683438155136
oye-	0.0677966101695	0.576271186441	0.254237288136	0.101694915254
woh-	0.403002430627	0.2472482159	0.0688186586918	0.280930694781
miy-	0.223233459454	0.343286634625	0.0717864812353	0.361693424686
bel-	0.101248334731	0.800463808161	0.053288597227	0.0449992598806
git-	0.0142857142857	0.985714285714	0.0	0.0
ton-	0.106099044908	0.1240472036	0.0910609330517	0.678792818441
leo-	0.0	0.996958945768	0.00304105423213	0.0
yaa-	0.468008353902	0.440858173533	0.0626542623885	0.0284792101766
tiu-	0.222222222222	0.703703703704	0.0	0.0740740740741
kih-	0.053137062405	0.5083918036	0.1518201783	0.286650955695
pol-	0.309560549967	0.578866480149	0.0194452087582	0.0921277611257
goh-	0.682513738562	0.135146265814	0.143421577586	0.0389184180384
esi-	0.0	1.0	0.0	0.0
pih-	0.40302743614	0.565752128666	0.0255439924314	0.00567644276254
gei-	0.492388451444	0.183202099738	0.0787401574803	0.245669291339
lui-	0.508140023433	0.189378097326	0.033664129419	0.268817749822
kek-	0.319548055334	0.11841819367	0.464981531107	0.0970522198885
wie-	0.367636915437	0.296730583529	0.0419368188716	0.293695682163
yep-	0.0	1.0	0.0	0.0
wit-	0.296641934737	0.553692908992	0.0779034452644	0.0717617110064
dub-	0.22468533811	0.652875079396	0.0594789441021	0.062960638391
kah-	0.38099545299	0.372097002885	0.137143695301	0.109763848824
wok-	0.719298245614	0.280701754386	0.0	0.0
noe-	0.478873239437	0.478873239437	0.0	0.0422535211268
put-	0.265957446808	0.721767594108	0.0	0.0122749590835
gup-	0.24406779661	0.715254237288	0.0305084745763	0.0101694915254
tin-	0.194813409235	0.661606578115	0.00759013282734	0.135989879823
nab-	0.408366533865	0.472111553785	0.119521912351	0.0
dus-	0.030303030303	0.939393939394	0.030303030303	0.0
bal-	0.137163892585	0.689428535923	0.104606630162	0.068800941331
han-	0.671071672639	0.152094291187	0.0606308521284	0.116203184046
sad-	0.0148527981611	0.985147201839	0.0	0.0
gub-	0.124031007752	0.666666666667	0.116279069767	0.093023255814
ama-	0.346924835604	0.358074572686	0.0171223423321	0.277878249378
tun-	0.164182037673	0.128646267768	0.0757238926537	0.631447801905
woy-	0.213142985499	0.501834427334	0.262560211645	0.022462375521
sop-	0.0	0.958333333333	0.0416666666667	0.0
dad-	0.363254715606	0.510218360981	0.0544201821133	0.0721067413001
ubo-	0.0261570367506	0.961932169729	0.00490444439074	0.00700634912963
wop-	0.528622143333	0.416574217883	0.0368315952962	0.0179720434879
tas-	0.0512223515716	0.938300349243	0.0104772991851	0.0
amp-	0.767045454545	0.232954545455	0.0	0.0
set-	0.074074074074	0.805068226121	0.0740740740741	0.0467836257309
wel-	0.519529960487	0.171246458679	0.0315642160246	0.277659364809
ais-	0.290322580645	0.677419354839	0.0	0.0322580645161
boh-	0.530238785985	0.360633787101	0.0615933943316	0.047534032582
hak-	0.14976829097	0.173641342508	0.388849880635	0.287740485887
pow-	0.265437731608	0.32080657905	0.263198161605	0.150557527737
wih-	0.461462666825	0.227758418486	0.109859629069	0.200919285621
tug-	0.713777268956	0.172695078024	0.0193415669368	0.0941860860833
ugu-	0.142548694831	0.717416495136	0.0984414433646	0.0415933666683
how-	0.740856788077	0.199701748256	0.0367456320855	0.0226958315822
ges-	0.0	1.0	0.0	0.0
hen-	0.529510961214	0.389544688027	0.0607082630691	0.0202360876897
omn-	0.214930134414	0.710063635004	0.0421087610281	0.0328974695532
way-	0.545840001618	0.100987385361	0.0303733068412	0.322799306179
eki-	0.0	1.0	0.0	0.0
lei-	0.469072164949	0.298969072165	0.0386597938144	0.193298969072
kuk-	0.110523362988	0.204536346878	0.504929069488	0.180011220646
mot-	0.111772315653	0.83531694696	0.0362225097024	0.0166882276844
ial-	0.271401082919	0.393341388106	0.107732581555	0.22752494742
wiw-	0.257480738133	0.517839499661	0.112547567711	0.112132194496
to'-	0.49963583394	0.291090070405	0.0840009711095	0.125273124545
bla-	0.324960753532	0.452904238619	0.102040816327	0.120094191523
yat-	0.43531881396	0.482025715035	0.016531094201	0.066124376804
pah-	0.328004581676	0.209397656219	0.0832150088788	0.379382753226
huw-	0.579343239773	0.36452027151	0.0429279031371	0.0132085855807
kwa-	0.152708358923	0.75233609539	0.0751140883795	0.0198414573078
mak-	0.0733229329173	0.89391575663	0.015600624025	0.0171606864275
pep-	0.105412040991	0.803986976943	0.0168125533732	0.0737884286934
hiw-	0.334553040667	0.5205943458	0.0369266413271	0.107925972207
