-nyi	0.331178749721	0.600271961851	0.0475001862752	0.0210491021533
-can	0.0	0.95	0.05	0.0
-eus	0.00302590171871	0.980634229	0.0042362624062	0.0121036068748
-hel	0.0581395348837	0.941860465116	0.0	0.0
-hem	0.0490909090909	0.92	0.0109090909091	0.02
-rbe	0.0	1.0	0.0	0.0
-kho	0.0194174757282	0.980582524272	0.0	0.0
-lem	0.0238238479124	0.950908434605	0.0137167609193	0.0115509565636
-aus	0.0608210846426	0.918905220476	0.0101368474404	0.0101368474405
-oya	0.279126213592	0.599514563107	0.0194174757281	0.101941747573
-zim	0.151898734177	0.848101265823	0.0	0.0
-aue	0.658536585366	0.121951219512	0.0487804878049	0.170731707317
-aum	0.0372670807453	0.962732919255	0.0	0.0
-aul	0.196078431373	0.694117647059	0.0392156862745	0.070588235294
-zia	0.0	1.0	0.0	0.0
-pus	0.00831074262422	0.984565763698	0.00118724894632	0.00593624473158
-nta	0.114358322745	0.885641677255	0.0	0.0
-kia	0.122475804153	0.207455149175	0.01103273792	0.659036308752
-apa	0.112941176471	0.846274509804	0.0188235294118	0.0219607843137
-kie	0.346443662463	0.298898769541	0.261989652431	0.0926679155646
-ope	0.0757363253857	0.924263674614	0.0	0.0
-'ia	0.0978260869565	0.54347826087	0.0326086956521	0.326086956522
-dea	0.0187118021443	0.967637012407	0.00160452366284	0.0120466617861
-cau	0.101123595506	0.348314606741	0.393258426966	0.157303370787
-oku	0.472363270074	0.27503054238	0.0980641866865	0.15454200086
-dek	0.0379403794038	0.960252935863	0.0	0.00180668473351
-400	0.0	0.539682539683	0.0	0.460317460317
-ima	0.0857142857143	0.764285714286	0.128571428571	0.0214285714286
-oko	0.443420055505	0.326448359437	0.101615180135	0.128516404923
-des	0.0207813798836	0.902743142145	0.0544472152951	0.0220282626766
-oki	0.0662251655629	0.933774834437	0.0	0.0
-deu	0.528060649963	0.285063647271	0.138473212185	0.0484024905814
-imi	0.272970198612	0.367502276375	0.0614228439152	0.298104681098
-oka	0.193421027039	0.394722183536	0.0920789386246	0.319777850801
-zur	0.0	1.0	0.0	0.0
-bit	0.0	0.981220657277	0.018779342723	0.0
-obi	0.0947867298578	0.709524537533	0.178871732151	0.0168170004586
-obo	0.505030181087	0.303822937626	0.0885311871227	0.102615694165
-idi	0.150624777355	0.111785136876	0.0967308798948	0.640859205875
-ide	0.279375490526	0.346843816571	0.172945397466	0.200835295437
-ida	0.0141509433962	0.985849056604	0.0	0.0
-bia	0.0340572556762	0.892152023692	0.0454096742349	0.0283810463969
-idu	0.797620923271	0.138569402867	0.0141799275248	0.0496297463369
-rat	0.0	0.793103448276	0.206896551724	0.0
-bii	0.0150039745628	0.973072337043	0.00305544515103	0.00886824324324
-eja	0.118556701031	0.827319587629	0.0128865979381	0.0412371134021
-ter	0.0223048327138	0.977695167286	0.0	0.0
-rie	0.821842405409	0.109357488801	0.0122187877085	0.0565813180819
-teu	0.0	1.0	0.0	0.0
-ria	0.0244443820937	0.896176158033	0.0112288680996	0.0681505917736
-rio	0.0	1.0	0.0	0.0
-uti	0.414618717144	0.116307922405	0.0210667475439	0.448006612907
-rii	0.54128440367	0.045871559633	0.284403669725	0.128440366972
-tea	0.0687022900764	0.57251908397	0.0458015267175	0.312977099237
-ris	0.0	1.0	0.0	0.0
-utu	0.232610431189	0.632928239491	0.0289519971698	0.10550933215
-tei	0.310584724992	0.220310858743	0.0349373563306	0.434167059934
-sia	0.00576947799676	0.977883667679	0.0163468543241	0.0
-teo	0.382902743869	0.523812994206	0.0845388623693	0.00874539955543
-are	0.274336283186	0.699115044248	0.0	0.0265486725664
-pas	0.0597029137307	0.908874500095	0.0314225861741	0.0
-ara	0.478968371265	0.380681269127	0.0447448779371	0.0956054816713
-mes	0.00847457627117	0.864406779661	0.127118644068	0.0
-aro	0.165447617265	0.10105893545	0.0607445298732	0.672748917411
-ari	0.358641727074	0.363872932569	0.187640537925	0.0898448024318
-aru	0.420940165889	0.48474541015	0.068502055298	0.025812368663
-mea	0.0	1.0	0.0	0.0
-men	0.0431844888367	0.956815511163	0.0	0.0
-mei	0.0	1.0	0.0	0.0
-aya	0.0695889919092	0.538904793166	0.361254081367	0.0302521335584
-iwe	0.0296854117405	0.970314588259	0.0	0.0
-ero	0.240262597458	0.132454672057	0.166870250588	0.460412479897
-ayu	0.0	1.0	0.0	0.0
-mar	0.0	1.0	0.0	0.0
-iwo	0.306448046686	0.463815923822	0.0733721964332	0.15636383306
-ubu	0.315789473684	0.642105263158	0.0210526315789	0.0210526315789
-ubo	0.420172910663	0.553890489913	0.0259365994236	0.0
-uba	0.303633483285	0.589388037968	0.0363395071827	0.0706389715648
-umu	0.136830561115	0.257291737497	0.0459401026463	0.559937598742
-ota	0.0517388140969	0.820592808875	0.0292885437521	0.0983798332755
-ija	0.229802516871	0.493643316138	0.234663231408	0.0418909355832
-oti	0.102944813419	0.859997566131	0.0146424707922	0.0224151496577
-ijo	0.0340909090909	0.664772727273	0.181818181818	0.119318181818
-iga	0.370439663237	0.277829747428	0.323666978485	0.0280636108513
-oto	0.263201542808	0.597333185622	0.092350233321	0.0471150382489
-uma	0.253886010363	0.234887737478	0.469775474957	0.0414507772021
-umo	0.612517330517	0.19187173128	0.0559805699005	0.139630368302
-ako	0.268326098071	0.138879199528	0.0269277023161	0.565867000085
ALL	0.243156866035	0.313042234963	0.057386659644	0.386414239358
-nai	0.137617838657	0.668920115723	0.077837476137	0.115624569483
-nan	0.0183823529412	0.981617647059	0.0	0.0
-nao	0.217097170972	0.771832718327	0.0	0.0110701107011
-aki	0.262975117496	0.569934604649	0.0318900787171	0.135200199137
-nam	0.0	1.0	0.0	0.0
-sir	0.00742574257425	0.857054455446	0.129950495049	0.00556930693069
-ake	0.595789761066	0.148572029871	0.0846092288434	0.171028980219
-naa	0.225206143912	0.460522863442	0.0530128801252	0.26125811252
-kim	0.0	1.0	0.0	0.0
-kis	0.0	0.971428571429	0.0285714285714	0.0
-sii	0.242807422407	0.651644619861	0.0217692662822	0.0837786914497
-nas	0.0408719346049	0.930517711172	0.016348773842	0.0122615803815
-aku	0.325731713452	0.476356539061	0.0534041055278	0.144507641959
-aun	0.132286068623	0.832988838363	0.0347250930136	0.0
-sie	0.151791891518	0.600525806005	0.114847101148	0.132835201328
-nau	0.150092084984	0.129614464087	0.0382994084039	0.681994042525
-goi	0.0423896420324	0.0155358108628	0.00104343734234	0.941031109763
-mou	0.372716240814	0.200296635879	0.306984426616	0.12000269669
-mos	0.0	0.979760986893	0.0202390131072	0.0
-goo	0.142417244034	0.365665896844	0.209648447524	0.282268411599
-gog	0.0194174757282	0.961165048544	0.0194174757282	0.0
-moa	0.31221902193	0.392954022463	0.213733827093	0.0810931285146
-mon	0.01331850654	0.982237734806	0.00160894709879	0.00283481155502
-gou	0.403290818667	0.0852413863827	0.0459695753583	0.465498219592
-moi	0.0740180421667	0.256126660185	0.0442924515416	0.625562846106
-yau	0.375	0.541666666667	0.0833333333333	0.0
-ber	0.0	1.0	0.0	0.0
-ofu	0.585758039816	0.177386421644	0.164880040837	0.0719754977029
-eor	0.258064516129	0.741935483871	0.0	0.0
-bet	0.0	0.99879855827	0.0	0.00120144173008
-eon	0.113448534936	0.837716003005	0.0172802404208	0.0315552216379
-ben	0.0404312668464	0.716981132075	0.0134770889488	0.229110512129
-bel	0.0831927462883	0.723840664151	0.00669600153051	0.186270588031
-ofi	0.209768637532	0.701285347044	0.0565552699229	0.0323907455013
-bea	0.249260362158	0.61811558588	0.0150818661039	0.117542185859
-bed	0.0	1.0	0.0	0.0
-iso	0.470263550472	0.178344107409	0.0455992043759	0.305793137742
-upu	0.341188599024	0.233201118485	0.0473788541226	0.378231428369
-amo	0.325827734399	0.367199322075	0.250761656881	0.0562112866453
-isi	0.474577536663	0.443253614817	0.0435297587189	0.0386390898016
-ise	0.40243902439	0.0487804878049	0.548780487805	0.0
-rea	0.00342270393611	0.942384483742	0.0154021677125	0.0387906446092
-red	0.0	1.0	0.0	0.0
-upa	0.127503064977	0.678790355537	0.0723334695545	0.121373109931
-res	0.0355450236967	0.938388625592	0.0260663507109	0.0
-isu	0.771626297578	0.186851211073	0.0207612456747	0.0207612456747
-ret	0.00926879505664	0.980432543769	0.00926879505664	0.0010298661174
-dia	0.300287700791	0.575041956365	0.0383601054903	0.0863102373531
-hab	0.0781990521327	0.921800947867	0.0	0.0
-ame	0.301188501847	0.564315628723	0.0843018174394	0.0501940519905
-mas	0.025823111685	0.963847643641	0.0	0.010329244674
-hak	0.0739732805541	0.884710539337	0.0183077684315	0.0230084116774
-mau	0.452917399554	0.19068790567	0.0520403223308	0.304354372445
-ham	0.0258788009489	0.925167133923	0.0328876428726	0.0160664222558
-han	0.0	0.355191256831	0.0	0.644808743169
-har	0.0461538461538	0.723076923077	0.0	0.230769230769
-has	0.0	1.0	0.0	0.0
-mam	0.020816323198	0.877004474346	0.0923854469448	0.00979375551128
-hau	0.557354925776	0.385964912281	0.0	0.0566801619433
-mao	0.457087935463	0.213213165897	0.15401704823	0.17568185041
-man	0.0409836065574	0.877049180328	0.0819672131147	0.0
-maa	0.5794540384	0.238499410061	0.0472347956666	0.134811755873
-uno	0.258955074524	0.390331062634	0.108237106676	0.242476756166
-uni	0.0372670807453	0.795031055901	0.0	0.167701863354
-ung	0.0	0.928571428571	0.0714285714286	0.0
-dou	0.0359005043166	0.94717497222	0.00718010086332	0.00974442260022
-una	0.0944722203442	0.0978308823292	0.0120206254306	0.795676271896
-mfa	0.0483870967742	0.951612903226	0.0	0.0
-luu	0.33816059925	0.3775687106	0.176150155982	0.108120534168
-unu	0.282944047753	0.526647166608	0.101574502199	0.0888342834398
-666	0.107692307692	0.0307692307692	0.0	0.861538461538
-him	0.0	1.0	0.0	0.0
-ia'	0.151624548736	0.292418772563	0.0758122743682	0.480144404332
-ade	0.200133909634	0.612497327216	0.0734298013612	0.113938961788
-tra	0.0	0.951923076923	0.0480769230769	0.0
-gaa	0.0711974110032	0.877022653722	0.00970873786408	0.042071197411
-ada	0.611913896356	0.221852096037	0.0507357586802	0.115498248927
-gao	0.419071703005	0.396481586039	0.0648776026641	0.119569108291
-ado	0.115988950964	0.188071360327	0.0473149563553	0.648624732353
-gai	0.290007688862	0.124924907482	0.0507189774272	0.534348426229
-adi	0.421883075999	0.144389714793	0.0511685390013	0.382558670206
-ku'	0.32	0.08	0.04	0.56
-aau	0.592743764172	0.223129251701	0.103401360544	0.0807256235827
-gau	0.337779753965	0.178696704708	0.221332938096	0.262190603231
-adu	0.282902511502	0.571449878957	0.0739682648952	0.071679344646
-gar	0.0168067226891	0.966386554622	0.0168067226891	0.0
-gur	0.0903343837226	0.889952843263	0.00493768880895	0.0147750842052
-ini	0.0419848656542	0.134993076095	0.0518061523651	0.771215905886
-sem	0.0	1.0	0.0	0.0
-ino	0.285681929649	0.26608956116	0.0527338369647	0.395494672226
-ina	0.304131373868	0.377490684155	0.0684947466718	0.249883195305
-ine	0.59997609657	0.305605354368	0.0585634038484	0.0358551452133
-sea	0.0	0.972118959108	0.0	0.0278810408922
-nou	0.541111594275	0.28192602575	0.0621127659571	0.114849614018
-seu	0.321391304348	0.547130434783	0.0	0.13147826087
-set	0.0	1.0	0.0	0.0
-uie	0.269743798782	0.24864919357	0.275228111238	0.206378896409
-ohi	0.296325062426	0.625378569181	0.0424846771681	0.0358116912255
-ga'	0.400365630713	0.138939670932	0.0146252285192	0.446069469835
-eda	0.310916862154	0.227564260838	0.0314029660541	0.430115910954
-kus	0.130240027965	0.836182460294	0.0047368517168	0.0288406600243
-aou	0.739726027397	0.260273972603	0.0	0.0
-ede	0.0458615594545	0.808641028332	0.0773510104884	0.0681464017247
-ooi	0.731958762887	0.0721649484536	0.134020618557	0.0618556701031
-neu	0.324953445065	0.116387337058	0.0837988826816	0.474860335195
-iai	0.462156711563	0.244483103868	0.0949785579678	0.198381626601
-nes	0.0266585026965	0.922826931682	0.0113275086546	0.0391870569672
-ooo	0.290322580645	0.516129032258	0.0	0.193548387097
-mtu	0.479087452471	0.429657794677	0.0912547528517	0.0
-iau	0.377689395755	0.301979011932	0.074752024534	0.24557956778
-neo	0.0633907855486	0.936609214451	0.0	0.0
-oou	0.025641025641	0.102564102564	0.871794871795	0.0
-kub	0.00709939148073	0.992900608519	0.0	0.0
-ias	0.0152377897185	0.961103536771	0.0196487288476	0.00400994466276
-iks	0.0315789473684	0.947368421053	0.0	0.0210526315789
-kum	0.0350877192982	0.894736842105	0.0	0.0701754385965
-nee	0.527601431869	0.0403698209717	0.00677486614923	0.42525388101
-bao	0.09106877449	0.789758140792	0.0337792190245	0.0853938656938
-eka	0.151125649177	0.539670990648	0.0937285072873	0.215474852888
-hoa	0.558375634518	0.106598984772	0.0609137055838	0.274111675127
-eke	0.351334984736	0.392047687745	0.0492365482476	0.207380779272
-jou	0.00808657215787	0.951551814385	0.00265040074249	0.0377112127151
-eki	0.346970283589	0.367624073304	0.15608643905	0.129319204057
-bae	0.208768267223	0.444676409186	0.0375782881002	0.308977035491
-eko	0.793939393939	0.133333333333	0.0727272727273	0.0
-hor	0.0	1.0	0.0	0.0
-eku	0.184112866339	0.437129520919	0.242558299544	0.136199313199
-bau	0.544290398736	0.408131769206	0.00856400977033	0.0390138222871
-bar	0.0535714285714	0.946428571429	0.0	0.0
-bas	0.0227287920315	0.899592218731	0.00748713149274	0.0701918577445
-ase	0.0134856714741	0.977523880877	0.00899044764938	0.0
-nya	0.637774930151	0.362225069849	0.0	0.0
-'oo	0.589876949168	0.312931665038	0.0777531086356	0.0194382771589
-asa	0.165296475084	0.311564868555	0.0319155930566	0.491223063304
-aso	0.0247058823529	0.936470588235	0.0317647058823	0.00705882352941
-yer	0.0	1.0	0.0	0.0
-asi	0.273895536	0.34203369552	0.0578879322051	0.326182836275
-mba	0.0120605257487	0.980380170363	0.00214752951365	0.00541177437442
-asu	0.0787401574803	0.48031496063	0.0	0.44094488189
-lta	0.0	1.0	0.0	0.0
-mbo	0.398959881129	0.601040118871	0.0	0.0
-430	0.170454545455	0.0	0.0	0.829545454545
-rau	0.194827126478	0.127366456315	0.599413385477	0.0783930317305
-ras	0.116161616162	0.762626262626	0.020202020202	0.10101010101
-eri	0.0436835891381	0.763872491145	0.0637544273908	0.128689492326
-iwa	0.243496607703	0.192063098444	0.0772093769721	0.487230916881
-ram	0.0	1.0	0.0	0.0
-rak	0.0	1.0	0.0	0.0
-rah	0.0479452054794	0.952054794521	0.0	0.0
-rai	0.401419098536	0.0733266792501	0.0385903884733	0.48666383374
-era	0.703296703297	0.164835164835	0.131868131868	0.0
-iwi	0.648469882706	0.229826263339	0.0915424640621	0.0301613898933
-rab	0.0741758241758	0.909340659341	0.0164835164835	0.0
-ere	0.285084132807	0.617326602319	0.0437782828429	0.0538109820313
-raa	0.121087314662	0.63805601318	0.0202635914333	0.220593080725
-ugu	0.357605451371	0.17595877682	0.441516021851	0.0249197499578
-uga	0.0697567986012	0.0401563101224	0.0296831162153	0.860403775061
-ugo	0.158201925046	0.400010239607	0.0460782305959	0.395709604751
-poa	0.463870423203	0.498531658285	0.0156251089921	0.0219728095201
-aza	0.0	1.0	0.0	0.0
-ugi	0.585365853659	0.274763563962	0.047287207566	0.0925833748133
-ike	0.332493702771	0.629722921914	0.0176322418136	0.0201511335013
-boo	0.221359223301	0.732038834951	0.0466019417475	0.0
-uju	0.122448979592	0.420408163265	0.220408163265	0.236734693878
-ika	0.202019915243	0.386159613263	0.0524802180159	0.359340253478
-iko	0.151844969472	0.691890456956	0.0757646417322	0.0804999318405
-aat	0.0	1.0	0.0	0.0
-nor	0.0	1.0	0.0	0.0
-nos	0.0	1.0	0.0	0.0
-lah	0.132625994695	0.57824933687	0.241379310345	0.0477453580901
-lai	0.210839785587	0.107802263252	0.0339487790352	0.647409172126
-iki	0.584595810333	0.290788488724	0.040335489717	0.0842802112256
-uja	0.757575757576	0.20202020202	0.040404040404	0.0
-iku	0.386366143956	0.381565068622	0.0858941719845	0.146174615438
-aan	0.191780821918	0.455479452055	0.284246575342	0.0684931506849
-aai	0.465049928673	0.449358059914	0.0855920114123	0.0
-non	0.0	0.931818181818	0.0681818181818	0.0
-las	0.0547905068855	0.830354526809	0.00439496044535	0.11046000586
-noa	0.565598667814	0.265097038663	0.0510685353894	0.118235758133
-ahe	0.504895387356	0.373584676381	0.0530264456176	0.0684934906453
-uki	0.6	0.3	0.1	0.0
-ahi	0.592885375494	0.245059288537	0.0474308300395	0.114624505929
--ie	0.368616933682	0.348300279954	0.144917307738	0.138165478627
-boa	0.770392443465	0.0983863678602	0.0209849847693	0.110236203906
-ori	0.423978700441	0.220288247676	0.0754458775335	0.28028717435
-aha	0.421053536852	0.454837760083	0.0478720764377	0.0762366266267
-gee	0.112654958553	0.0189098042426	0.00122349690778	0.867211740296
-bok	0.110320284697	0.846975088968	0.0	0.0427046263345
-bou	0.20556208704	0.155521785782	0.0851717038961	0.553744423281
-dod	0.0	1.0	0.0	0.0
-doe	0.413043478261	0.478260869565	0.0	0.108695652174
-ke'	0.603773584906	0.124528301887	0.11320754717	0.158490566038
-aka	0.14191200866	0.427173610324	0.0416537116688	0.389260669348
-doa	0.542289623569	0.333639858888	0.0286669648598	0.0954035526825
-don	0.0	1.0	0.0	0.0
-dom	0.00539568345322	0.994604316547	0.0	0.0
-dok	0.0	1.0	0.0	0.0
-geu	0.0242365487155	0.373889158184	0.20245597027	0.399418322831
-ahu	0.347546454102	0.498699720419	0.0373579907553	0.116395834724
-sar	0.030303030303	0.956228956229	0.013468013468	0.0
-ou'	0.300480224709	0.537783717664	0.123680514656	0.038055542971
-sau	0.216276907543	0.570964182671	0.0912280781909	0.121530831595
-toa	0.0358421646648	0.0543473949526	0.0613355353067	0.848474905076
-olu	0.32336911382	0.444809192711	0.0232559979117	0.208565695557
-oli	0.395611820418	0.232544583747	0.129336834728	0.242506761107
-saa	0.577282121999	0.315297890251	0.0630533546023	0.0443666331474
-tou	0.25077784692	0.377100186683	0.0616054760423	0.310516490355
-tor	0.118918918919	0.686486486487	0.194594594595	0.0
-olo	0.0641494923429	0.0245380837053	0.00903713960224	0.90227528435
-ola	0.463455149502	0.499169435216	0.0373754152824	0.0
-sai	0.00625	0.98125	0.0125	0.0
-sao	0.30568042501	0.655087862689	0.0355537392726	0.0036779730282
-ole	0.544214752506	0.344318897027	0.0640216987295	0.0474446517371
-sam	0.0	1.0	0.0	0.0
-no'	0.320351758794	0.252512562814	0.389447236181	0.0376884422111
-lon	0.0	0.935064935065	0.0	0.0649350649351
-rou	0.194085791828	0.326203924567	0.36750691067	0.112203372935
-iel	0.0333131435494	0.948516050878	0.0181708055724	0.0
-loi	0.220645830429	0.0534138729183	0.172650926454	0.553289370199
-loe	0.101694915254	0.864406779661	0.0	0.0338983050847
-der	0.0	1.0	0.0	0.0
-loa	0.186881280702	0.411964192205	0.284517367778	0.116637159315
-roa	0.0	1.0	0.0	0.0
-lot	0.0172711571675	0.867587795049	0.115141047784	0.0
-lou	0.456666666667	0.436666666667	0.106666666667	0.0
-ieu	0.599875182854	0.235181890624	0.107504700713	0.0574382258095
-los	0.0145509977827	0.955654101996	0.015243902439	0.0145509977827
-okh	0.0	1.0	0.0	0.0
-ipi	0.233815273016	0.666354364074	0.0358793092434	0.0639510536664
-ipa	0.0	1.0	0.0	0.0
-ewa	0.488150141471	0.23284298318	0.100750275301	0.178256600049
-ewo	0.16650969596	0.757419884566	0.076070419474	0.0
-ewi	0.0323328881703	0.955015112111	0.0	0.0126519997188
-ipu	0.13768115942	0.778985507247	0.0615942028985	0.0217391304347
-awi	0.0809157617518	0.041384396968	0.00455711180973	0.87314272947
-awo	0.0303265940902	0.902021772939	0.0	0.0676516329705
-nga	0.193044873628	0.127796717469	0.0590322629699	0.620126145934
-awa	0.127768978879	0.494540607144	0.0414512929228	0.336239121054
-nge	0.0321880021902	0.762300864903	0.0369337282503	0.168577404657
-stu	0.118361153263	0.854324734446	0.0273141122913	0.0
-ato	0.224663908976	0.0682656040666	0.015139812774	0.691930674183
-sta	0.0	1.0	0.0	0.0
-gku	0.491803278689	0.180327868852	0.0327868852459	0.295081967213
-dai	0.0845512037762	0.386220734764	0.448718683825	0.0805093776347
-uci	0.0283241542093	0.89063729347	0.0141620771046	0.0668764752163
-isa	0.25882351904	0.520773524352	0.117051273405	0.103351683203
-hya	0.0	1.0	0.0	0.0
-uca	0.197184612078	0.72920696325	0.0591016548463	0.0145067698259
-oba	0.438379677309	0.507380707175	0.00411946446962	0.0501201510471
-ois	0.0	1.0	0.0	0.0
-ion	0.00459418070444	0.995405819296	0.0	0.0
-lea	0.0102520290474	0.948739854763	0.0249893208031	0.0160187953866
-sad	0.0	1.0	0.0	0.0
-leg	0.0	1.0	0.0	0.0
-oie	0.298689295917	0.382708788439	0.127037472694	0.191564442951
-mus	0.0239084647351	0.962998804577	0.00113849832071	0.0119542323675
-mur	0.0958690568979	0.899454403741	0.0	0.00467653936087
-ios	0.0866336633663	0.913366336634	0.0	0.0
-obe	0.518518518518	0.412698412698	0.021164021164	0.0476190476191
-iou	0.359014305728	0.229148330486	0.146084728019	0.265752635767
-iot	0.00200400801603	0.997995991984	0.0	0.0
-fta	0.0	1.0	0.0	0.0
-eel	0.0	1.0	0.0	0.0
-bka	0.283018867925	0.646226415094	0.0424528301887	0.0283018867925
-alu	0.118587975731	0.688361831219	0.0965250965251	0.0965250965251
-ifo	0.602211796247	0.202245308311	0.0531166219839	0.142426273458
-ndi	0.261521972133	0.704180064309	0.0021436227224	0.032154340836
-alo	0.0806451612903	0.684946236559	0.144086021505	0.0903225806452
-dos	0.0	1.0	0.0	0.0
-gii	0.0798102302722	0.550463047238	0.0335055065077	0.336221215983
-ali	0.258871264966	0.264759127044	0.159791843924	0.316577764066
-nda	0.190217391304	0.619565217391	0.190217391304	0.0
-gie	0.157583809147	0.702286731867	0.0475578042852	0.0925716547007
-ale	0.0949049598604	0.0386797668072	0.00647038334401	0.859944889988
-gia	0.0119530416222	0.958164354322	0.0179295624333	0.0119530416222
-ala	0.21548037956	0.288740690938	0.100343963521	0.395434965981
-io'	0.507042253521	0.450704225352	0.0422535211268	0.0
-oi'	0.540322580645	0.145161290323	0.0483870967742	0.266129032258
-yol	0.0740740740741	0.925925925926	0.0	0.0
-ros	0.144927536232	0.347826086957	0.507246376812	0.0
-ogu	0.453651568263	0.293629293253	0.163202113436	0.0895170250487
-pet	0.203897933626	0.793753913588	0.0	0.00234815278648
-eli	0.502659138274	0.272574111932	0.0591669979643	0.16559975183
-elo	0.448665656683	0.228295070505	0.219321757371	0.103717515441
-ogo	0.465841894433	0.393002152764	0.0465978145352	0.0945581382675
-ela	0.474811362628	0.306776150318	0.146841248705	0.0715712383489
-oge	0.697026022305	0.247211895911	0.0446096654275	0.0111524163569
-ele	0.610367046903	0.297609675865	0.0279131271449	0.0641101500877
-abu	0.0478079985721	0.0287574187242	0.00182881250966	0.921605770194
-sye	0.080142475512	0.545859305432	0.0	0.373998219056
-ito	0.32967032967	0.588571428572	0.0712087912088	0.0105494505495
-esi	0.202708591733	0.565485568704	0.0967114746404	0.135094364922
-uta	0.201129146083	0.463334830307	0.138577019311	0.196959004298
-eso	0.133333333333	0.733333333333	0.0727272727273	0.0606060606061
-iti	0.402788903043	0.285326878681	0.145294349122	0.166589869154
-esa	0.0410265659652	0.6273112834	0.0306989799244	0.30096317071
-ese	0.340877456714	0.45629391653	0.123981417212	0.0788472095442
-ita	0.117383002919	0.0700499625557	0.0627079374938	0.749859097031
-ko'	0.0	0.831381733021	0.0	0.168618266979
-apu	0.469417653977	0.307515864037	0.0666900665999	0.156376415386
-udu	0.560774561305	0.247541075221	0.0586788867777	0.133005476696
-fan	0.0756075607561	0.924392439244	0.0	0.0
-fas	0.0366972477064	0.949541284404	0.0	0.0137614678899
-uda	0.147193536254	0.763353853918	0.0322615969871	0.0571910128409
-fat	0.0	1.0	0.0	0.0
-ude	0.172148955634	0.668704941955	0.0189488815804	0.140197220831
-udi	0.0623170457104	0.815075433461	0.0820761089845	0.0405314118442
-hum	0.0	1.0	0.0	0.0
-nju	0.553097345133	0.278761061947	0.0176991150442	0.150442477876
-rim	0.0	1.0	0.0	0.0
-hud	0.0	1.0	0.0	0.0
-wou	0.496551724138	0.448275862069	0.0	0.0551724137931
-gae	0.280047035915	0.388235963509	0.22653419903	0.105182801545
-gad	0.0	0.918367346939	0.0	0.0816326530612
-aba	0.0988517148817	0.373298992481	0.00301837297348	0.524830919664
-woa	0.0812906663029	0.814028428505	0.022048176002	0.0826327291899
-uou	0.389584831309	0.423596261054	0.0641989373325	0.122619970305
-abo	0.326723016905	0.642392717815	0.0235695708713	0.00731469440832
-ron	0.0	0.979820627803	0.0067264573991	0.0134529147982
-hus	0.0308959835221	0.969104016478	0.0	0.0
-sou	0.192536957558	0.551740581784	0.0673581306628	0.188364329995
-oci	0.00890859148807	0.991091408512	0.0	0.0
-ael	0.0326160623517	0.944171467299	0.0106743476788	0.0125381226703
-tun	0.0358974358974	0.907692307692	0.04	0.0164102564103
-oru	0.442758455457	0.259553567863	0.264145669449	0.0335423072315
-kou	0.380648995648	0.291051515968	0.235792223987	0.0925072643971
-son	0.0198735320687	0.974706413731	0.0	0.00542005420055
-oro	0.281796101225	0.586960589972	0.0544153421292	0.0768279666736
-kos	0.0	1.0	0.0	0.0
-ora	0.285447617691	0.60754135552	0.0535874916908	0.0534235350984
-soa	0.396226415094	0.405660377358	0.0566037735849	0.141509433962
-tna	0.0	0.0	1.0	0.0
-rus	0.0282685512368	0.91187309483	0.00564157782193	0.0542167761113
-rup	0.353342428377	0.360163710778	0.286493860846	0.0
-lip	0.163458691146	0.794788273616	0.0177672490376	0.0239857862008
-omu	0.309736436224	0.558072917918	0.0221919657479	0.10999868011
-ruu	0.161464567005	0.735324748988	0.056987494237	0.04622318977
-lim	0.0	1.0	0.0	0.0
-omi	0.0149491236054	0.00905692029018	0.0021564095929	0.973837546512
-lio	0.456126830081	0.23102484509	0.0232553529731	0.289592971856
-run	0.0685358255452	0.92523364486	0.006230529595	0.0
-ruo	0.210697276299	0.050581978067	0.0750243252932	0.663696420341
-rub	0.243902439024	0.735772357724	0.0	0.020325203252
-lie	0.138888888889	0.54594017094	0.042735042735	0.272435897436
-oma	0.411975416024	0.4918887344	0.0575699266046	0.0385659229708
-rua	0.201117318436	0.653631284916	0.145251396648	0.0
-ruf	0.109756097561	0.621951219512	0.25	0.0182926829268
-lia	0.0945693241232	0.41521963134	0.0311414723505	0.459069572186
-ome	0.0	1.0	0.0	0.0
-rue	0.425896321317	0.232794549854	0.0524571736356	0.288851955194
-eas	0.0014030492938	0.998035730989	0.0	0.000561219717521
-eau	0.609756097561	0.341463414634	0.0	0.0487804878049
-owo	0.0952728907874	0.899106289697	0.00393457366085	0.00168624585465
-abi	0.49536514868	0.292924576385	0.0999411395256	0.111769135409
-wa'	0.0287778103246	0.246980629841	0.580352508212	0.143889051623
-oda	0.172160283365	0.446467567358	0.0399232552962	0.341448893981
-ode	0.666746450986	0.240518955597	0.0295723212391	0.0631622721784
-du'	0.503086063191	0.234423382492	0.226033532884	0.0364570214329
-odi	0.613445378151	0.168067226891	0.0504201680672	0.168067226891
-eam	0.0244104625033	0.975589537497	0.0	0.0
-rni	0.0	1.0	0.0	0.0
-odo	0.414545454545	0.563636363637	0.0218181818182	0.0
-zer	0.0	1.0	0.0	0.0
-uri	0.0913505311079	0.681335356601	0.169954476479	0.0573596358118
-ure	0.0858285533863	0.495714127009	0.312358087709	0.106099231895
-ono	0.324358076139	0.434008512151	0.118089365149	0.123544046561
-ehu	0.0	1.0	0.0	0.0
-uru	0.168253295755	0.617117476519	0.152224759079	0.0624044686462
-wau	0.364369299541	0.276364714518	0.104483450035	0.254782535906
-dus	0.0	0.965517241379	0.0344827586207	0.0
-ape	0.16379052671	0.274534211625	0.385620939762	0.176054321903
-api	0.00270819228165	0.981042654028	0.0108327691266	0.00541638456328
-dua	0.237995816158	0.0202342959481	0.00373095672471	0.738038931169
-tui	0.0	1.0	0.0	0.0
-duk	0.0911854103344	0.908814589666	0.0	0.0
-dum	0.0355051244509	0.949853587116	0.00146412884334	0.01317715959
-kau	0.618111604158	0.18074807728	0.068769252731	0.132371065831
-lus	0.0373548090816	0.874861389576	0.00434032639254	0.0834434749493
-nuh	0.0	1.0	0.0	0.0
-sen	0.103703703704	0.891851851852	0.00444444444445	0.0
-suu	0.152113334256	0.679417058986	0.136968637497	0.0315009692606
-sus	0.0114371425893	0.67518475154	0.00309564794185	0.310282457929
-sop	0.0	0.90639625585	0.081903276131	0.0117004680187
-kes	0.0	1.0	0.0	0.0
-sos	0.021978021978	0.956043956044	0.0	0.021978021978
-suf	0.0279964784304	0.925040875362	0.00528235442083	0.0416802917872
-nur	0.0503069321755	0.881718820183	0.0167689773918	0.0512052702501
-nus	0.0259261531504	0.87718369264	0.00349566109894	0.0933944931105
-sua	0.0456273764258	0.946768060837	0.0	0.00760456273763
-fes	0.126315789474	0.810526315789	0.0631578947369	0.0
-bi'	0.168539325843	0.76404494382	0.0	0.0674157303371
-dim	0.0	1.0	0.0	0.0
-ai'	0.0	0.875647668394	0.0	0.124352331606
-tus	0.0102955829962	0.949151181473	0.00726251107041	0.0332907244606
-dis	0.0	0.921824104235	0.0390879478827	0.0390879478827
-sli	0.0	1.0	0.0	0.0
-tuu	0.399374581193	0.406745588564	0.0880053607326	0.105874469511
-uks	0.0390879478827	0.960912052117	0.0	0.0
-uku	0.315333787021	0.482654715975	0.0907149564515	0.111296540553
-'oa	0.0667531758376	0.0222929838608	0.00343582522694	0.907518015075
-iho	0.055900621118	0.832298136646	0.0745341614907	0.0372670807453
-sko	0.512396694215	0.487603305785	0.0	0.0
-uka	0.140730017428	0.492722268865	0.0641043337711	0.302443379935
-rta	0.00852227892051	0.989899521279	0.0	0.0015781998001
-nna	0.011320754717	0.920754716981	0.0	0.0679245283018
-ing	0.0494947411837	0.873169725717	0.0773355330996	0.0
-ngu	0.13738719278	0.642512489968	0.0577988710038	0.162301446249
-tis	0.0358208955224	0.964179104478	0.0	0.0
-efo	0.6160590207	0.258267928797	0.0429392169383	0.0827338335655
-aie	0.455938710609	0.264678960689	0.116664527412	0.162717801289
-tie	0.190786651797	0.313116582311	0.410654542335	0.0854422235566
-tia	0.113924050633	0.79746835443	0.0506329113924	0.0379746835443
-dau	0.280839603378	0.0870589966703	0.0153527474751	0.616748652477
-aim	0.0	1.0	0.0	0.0
-ngi	0.240742727171	0.515262643115	0.134354256109	0.109640373605
-ain	0.0	0.955384615385	0.00923076923076	0.0353846153846
-ngo	0.463087043878	0.339180241088	0.0746862776525	0.123046437382
-eme	0.0699995600476	0.735297959968	0.0663699532304	0.128332526754
-jau	0.510204081633	0.312925170068	0.163265306122	0.0136054421769
-uwa	0.36223651899	0.195622986062	0.106112042074	0.336028452875
-emo	0.410569434271	0.398112907416	0.0239860881489	0.167331570164
-oni	0.238000793336	0.533820668291	0.122400408001	0.105778130372
-jai	0.559750297265	0.157847800238	0.0160523186682	0.266349583829
-eti	0.145677009396	0.707631988103	0.026363820726	0.120327181775
-ana	0.166056176553	0.666918343478	0.0427668878843	0.124258592085
-ses	0.021327014218	0.964454976303	0.0	0.0142180094787
-dan	0.00756756756757	0.988108108108	0.00432432432434	0.0
-ani	0.222078462915	0.304007818371	0.0570384659505	0.416875252764
-ica	0.0	1.0	0.0	0.0
-onu	0.706790022314	0.17821388034	0.0409778680784	0.0740182292675
-zar	0.0	1.0	0.0	0.0
-ane	0.0466926070039	0.953307392996	0.0	0.0
-etu	0.650190114068	0.349809885932	0.0	0.0
-000	0.0642857142857	0.107142857143	0.0	0.828571428571
-eta	0.183576704228	0.544972481611	0.0584963810956	0.212954433066
-rut	0.0	1.0	0.0	0.0
-ete	0.163642623479	0.217259068883	0.2109358302	0.408162477438
-lis	0.0	1.0	0.0	0.0
-eto	0.169759721755	0.712423700488	0.085822083228	0.0319944945289
-bui	0.119843256776	0.827691302928	0.0213344943942	0.0311309459018
-bul	0.0850515463917	0.914948453608	0.0	0.0
-'aa	0.134328358209	0.258706467662	0.527363184079	0.0796019900498
-'ao	0.70720617161	0.20088384806	0.0341533195392	0.0577566607914
-bus	0.00150300601202	0.99749498998	0.00100200400802	0.0
-'al	0.107238605898	0.839142091153	0.0536193029491	0.0
-'ai	0.0251615270944	0.0503629912009	0.0239560057071	0.900519475998
-ate	0.0	0.949579831933	0.00840336134453	0.0420168067227
-ata	0.166107185638	0.571141468635	0.133676724294	0.129074621433
-omo	0.365105914612	0.317264534107	0.0695103776965	0.248119173585
-ati	0.151141816331	0.747064146903	0.0515890091989	0.0502050275676
-ose	0.776943539017	0.0584453199561	0.0123743754943	0.152236765533
-nis	0.0	1.0	0.0	0.0
-kai	0.15066479418	0.435013325793	0.352669089773	0.0616527902542
-osa	0.263916500994	0.655235255136	0.0632869449967	0.0175612988734
-ulo	0.0259365994236	0.828530259366	0.0129682997118	0.132564841498
-oso	0.284376828555	0.614199336844	0.0721669592354	0.0292568753657
-ula	0.609270213866	0.194233269914	0.0445023474293	0.151994168791
-osi	0.248106155854	0.293829955689	0.161376211795	0.296687676662
-kae	0.37588028169	0.399647887324	0.105633802817	0.118838028169
-osu	0.116602545132	0.828351583309	0.0177567327612	0.0372891387985
-nia	0.060464128552	0.240389499181	0.0139730736968	0.68517329857
-aca	0.557655954631	0.364662098299	0.0440099243856	0.0336720226843
-nie	0.354010955242	0.362736293424	0.229564001901	0.0536887494334
-aco	0.0283118205337	0.913111999052	0.0175728541244	0.0410033262902
-aci	0.0277980313526	0.700692672257	0.266314254466	0.0051950419249
-ulu	0.468672507853	0.409961504853	0.0662919490825	0.0550740382118
-aji	0.155595710747	0.757957514676	0.0441565713122	0.0422902032644
-khi	0.0	1.0	0.0	0.0
-aja	0.677185383796	0.173111959025	0.068577910694	0.0811247464852
-rug	0.0	1.0	0.0	0.0
-rud	0.0372670807453	0.662939958592	0.299792960663	0.0
-ohu	0.0869565217391	0.330434782609	0.521739130435	0.0608695652174
-aju	0.249294733094	0.615111427606	0.0419964759479	0.0935973633517
-fia	0.0	1.0	0.0	0.0
-fus	0.0	1.0	0.0	0.0
-yub	0.0478087649402	0.95219123506	0.0	0.0
-ka'	0.220470908737	0.428488032691	0.00856197703835	0.342479081533
-ila	0.395188234078	0.38859229153	0.0753452967313	0.14087417766
-ilo	0.0324906108449	0.883143013096	0.0196581847129	0.0647081913466
-yus	0.0161943319838	0.983805668016	0.0	0.0
-ili	0.482937407858	0.387412497334	0.0671534960616	0.0624965987471
-oam	0.0	0.909090909091	0.0	0.090909090909
-atu	0.132312121069	0.772056529891	0.0496360224757	0.0459953265642
-igi	0.558336400442	0.315521798775	0.0408204235955	0.0853213771873
-amu	0.72	0.232	0.0	0.048
-ebe	0.34008097166	0.477732793522	0.109311740891	0.0728744939271
-ami	0.0806015910964	0.0976988982986	0.0173336755046	0.8043658351
-igu	0.0158394931362	0.908482928546	0.0756775783175	0.0
-ama	0.311585608914	0.484250297938	0.0628265224522	0.141337570696
-oau	0.35015859388	0.276311082493	0.18050487706	0.193025446567
-oas	0.0	1.0	0.0	0.0
-ti'	0.134529147982	0.865470852018	0.0	0.0
-usi	0.685543964232	0.201192250373	0.113263785395	0.0
-iro	0.333857030636	0.45758051846	0.0730557737627	0.135506677141
-uso	0.2332485767	0.398009717642	0.274284214047	0.0944574916113
-iri	0.295474019332	0.560295632824	0.0795877518774	0.0646425959673
-gus	0.0	1.0	0.0	0.0
-hia	0.064544456641	0.912403951701	0.0230515916575	0.0
-usa	0.124116398965	0.635031051769	0.172732084033	0.0681204652331
-ira	0.290366490083	0.196630468824	0.173342834165	0.339660206929
-na'	0.169225276687	0.814709032488	0.0160656908247	0.0
-iru	0.56095336298	0.269301500882	0.0956538971555	0.0740912389832
-eis	0.0153767298821	0.846232701179	0.138390568939	0.0
-usu	0.174607065446	0.607882934677	0.0629357404015	0.154574259475
-uza	0.0	1.0	0.0	0.0
-cet	0.241596638655	0.201680672269	0.493697478992	0.0630252100841
-ges	0.0229885057471	0.954022988506	0.0229885057471	0.0
-epu	0.166666666667	0.777777777778	0.0	0.0555555555556
-cei	0.1	0.9	0.0	0.0
-kaa	0.188372093023	0.637209302326	0.132558139535	0.0418604651163
-pia	0.0	0.685314685315	0.314685314685	0.0
-ekh	0.0	1.0	0.0	0.0
-ius	0.0413879598662	0.936872909699	0.00721153846154	0.0145275919732
-ium	0.205128205128	0.709401709402	0.0854700854701	0.0
-gu'	0.05	0.846428571429	0.0642857142858	0.0392857142857
-iud	0.0	1.0	0.0	0.0
-ueu	0.797590203654	0.11600419095	0.0561521838779	0.0302534215179
-'ee	0.0840925017519	0.185003503854	0.0245269796777	0.706377014716
-uel	0.0194174757282	0.941747572816	0.0194174757281	0.0194174757281
-kut	0.307301855866	0.657801512187	0.0	0.0348966319463
-doi	0.160427807487	0.839572192513	0.0	0.0
-owi	0.31206171108	0.624824684432	0.0210378681627	0.0420757363254
-iba	0.516688226028	0.292063166793	0.120454923859	0.0707936833207
-owa	0.266061370507	0.302646689129	0.270402384691	0.160889555673
-uhu	0.0280373831776	0.971962616822	0.0	0.0
-sda	0.0	1.0	0.0	0.0
-kas	0.0374198146828	0.916250890948	0.0463292943692	0.0
-agi	0.595806965699	0.177025721232	0.0124811619992	0.21468615107
-ago	0.183325494175	0.619376429826	0.117252469335	0.0800456066647
-uhi	0.233931032718	0.673727770156	0.0554047182754	0.0369364788503
-aga	0.352257697502	0.134781350645	0.0353732985531	0.4775876533
-age	0.0	1.0	0.0	0.0
-ong	0.0412017167382	0.958798283262	0.0	0.0
-ege	0.08	0.88	0.04	0.0
-one	0.0237064052481	0.019752716405	0.00344509739403	0.953095780953
-ggu	0.213709677419	0.375	0.0	0.411290322581
-anu	0.4185494149	0.176024408141	0.0178040397018	0.387622137257
-ega	0.554436642471	0.269696809312	0.0453251364044	0.130541411812
-ona	0.0609801668854	0.0478233548348	0.00408053820974	0.88711594007
-gsa	0.393181818182	0.470454545455	0.0409090909091	0.0954545454545
-das	0.0332060434999	0.881620454923	0.0	0.0851735015773
-dam	0.0852359208523	0.876712328767	0.0076103500761	0.0304414003044
-egu	0.0695897550284	0.277636745373	0.271366409268	0.38140709033
-peo	0.09375	0.90625	0.0	0.0
-ons	0.0603621730382	0.939637826962	0.0	0.0
-ang	0.0	0.829268292683	0.170731707317	0.0
-dae	0.106445394351	0.845779901098	0.0326879557456	0.0150867488056
-iie	0.69279816148	0.177214960453	0.080942749226	0.0490441288414
-daa	0.257876513063	0.293636788538	0.313086028787	0.135400669611
-dab	0.0	1.0	0.0	0.0
-ano	0.44675578245	0.266002444482	0.0476445505063	0.239597222562
-ksa	0.0612244897959	0.571428571428	0.0612244897959	0.30612244898
-tam	0.0	1.0	0.0	0.0
-tan	0.0	1.0	0.0	0.0
-taa	0.0824831678245	0.794577634418	0.0333860441195	0.089553153638
-rga	0.0	1.0	0.0	0.0
-yik	0.15503875969	0.798449612403	0.0	0.0465116279069
-tat	0.0	1.0	0.0	0.0
-tau	0.53813559322	0.315677966102	0.061440677966	0.0847457627119
-tar	0.343511450382	0.450381679389	0.160305343511	0.0458015267176
-tas	0.0357142857143	0.964285714286	0.0	0.0
-mia	0.113351917919	0.0757260372148	0.0184440591685	0.792477985698
-mie	0.163382389623	0.629583437266	0.0648540783237	0.142180094787
-lam	0.0423870594915	0.950944177871	0.0	0.00666876263753
-min	0.00965212145587	0.29036798713	0.0	0.699979891414
-mis	0.0	1.0	0.0	0.0
-eno	0.258152707953	0.329486235427	0.035656017466	0.376705039153
-eni	0.280227469317	0.121846494023	0.153513322914	0.444412713746
-ene	0.478696506341	0.318421144417	0.109363863784	0.0935184854574
-ena	0.362251462799	0.0326451073391	0.010774371223	0.594329058639
-oel	0.0	1.0	0.0	0.0
