-ũri	0.2	0.4	0.4	0.0
-euu	0.054441260745	0.936962750716	0.00429799426934	0.00429799426934
-yeu	0.0232558139535	0.976744186047	0.0	0.0
-tɔo	0.246341463415	0.519512195122	0.117073170732	0.117073170732
-̃̀o	0.0	0.2	0.333333333333	0.466666666667
-ɑɔɔ	0.0	1.0	0.0	0.0
-ɔ̃ṹ	0.365239836524	0.541406754141	0.0232308023231	0.0701226070123
-èrí	0.505204212064	0.303061659261	0.0614766571307	0.130257471544
-èrì	0.0382935352359	0.897277227723	0.0283925451368	0.0360366919045
-tɔu	0.163247258578	0.752564556067	0.0244074991157	0.0597806862398
-adɑ	0.0	1.0	0.0	0.0
-ufu	0.0	1.0	0.0	0.0
-idì	0.0	1.0	0.0	0.0
-bɛi	0.0	1.0	0.0	0.0
-̀yì	0.214979195562	0.472491909385	0.273693943597	0.0388349514564
-òrí	0.581395348837	0.39534883721	0.0232558139535	0.0
-òrì	0.0653520758212	0.853309725195	0.0332792878413	0.0480589111423
-ɑmù	0.254558092787	0.317821884481	0.169586413549	0.258033609183
-íúú	0.6	0.16	0.24	0.0
-fìé	0.437785588752	0.426537785589	0.0892794376099	0.0463971880491
-fìí	0.435467980296	0.452216748769	0.00295566502464	0.109359605911
-péé	0.2	0.4	0.4	0.0
-̀ɑ̃	0.0511727078891	0.929974189204	0.0148131522837	0.00403995062283
-fɛɛ	0.147339699864	0.783083219645	0.0450204638472	0.0245566166439
-utì	0.126451785868	0.792896103357	0.0453528489951	0.0352992617795
-utí	0.549575070822	0.28328611898	0.152266288952	0.0148725212465
-ɛ́ɛ	0.305357142857	0.273214285714	0.0214285714285	0.4
-uiɑ	0.0	1.0	0.0	0.0
-ɔùu	0.187388674869	0.233099291662	0.0769437885754	0.502568244895
-hɔù	0.666666666667	0.333333333333	0.0	0.0
-700	0.256097560976	0.310975609756	0.0548780487806	0.378048780488
-ókɛ	0.0	1.0	0.0	0.0
-ɛnɑ	0.0	1.0	0.0	0.0
-̃mɛ	0.111820596649	0.120504699632	0.0735083776053	0.694166326114
-seɑ	0.171875	0.765625	0.0625	0.0
-ũrì	0.59686450168	0.3359462486	0.03359462486	0.03359462486
-ũrí	0.670360110803	0.263157894737	0.0498614958448	0.016620498615
-́úu	0.0	1.0	0.0	0.0
-èri	0.487740805604	0.291593695271	0.15761821366	0.0630472854641
-ɑ̀ɑ	0.187891055793	0.106603191125	0.0159068635441	0.689598889539
-epɛ	0.421216848674	0.336973478939	0.115444617785	0.126365054602
-dúù	0.133425034388	0.823933975241	0.0316368638239	0.0110041265474
-tɔù	0.0938520462613	0.356903170402	0.186981142586	0.362263640751
-ɑmi	0.0	1.0	0.0	0.0
-ido	0.0	1.0	0.0	0.0
-idi	0.0403014920782	0.919089370866	0.010152284264	0.0304568527919
-òri	0.272727272727	0.545454545455	0.181818181818	0.0
-ide	0.0	1.0	0.0	0.0
-idu	0.0	1.0	0.0	0.0
-ɑmu	0.340285714286	0.489142857143	0.088	0.0825714285714
-uti	0.147931172136	0.703779977674	0.0860081590467	0.0622806911431
-ótì	0.0604956403726	0.820409377382	0.0629496737251	0.0561453085203
-ótí	0.445839874411	0.318681318681	0.0941915227629	0.141287284144
-yĩĩ	0.0208135262225	0.94141377804	0.0267235398412	0.0110491558959
-435	0.0	0.55	0.0	0.45
-fìu	0.411764705882	0.588235294118	0.0	0.0
-iwɑ	0.0	1.0	0.0	0.0
-ũ̀ṹ	0.403641092328	0.296488946684	0.181274382315	0.118595578674
-bìi	0.410480349345	0.412663755458	0.163755458515	0.0131004366812
-tíì	0.179849111706	0.325626673156	0.0795814066683	0.414942808469
-tíí	0.577645585473	0.0945261949488	0.0138280108537	0.314000208725
-hɔu	0.430167597765	0.40782122905	0.139664804469	0.0223463687151
-ɛíi	0.338983050847	0.101694915254	0.0	0.559322033898
-̃̀ũ	0.590857142857	0.315428571429	0.0685714285714	0.0251428571428
-ɛìi	0.248704663213	0.60917838638	0.111028867506	0.0310880829015
-tṹṹ	0.356523580344	0.41618262248	0.104713779665	0.122580017511
-ḿpo	0.60989010989	0.192307692308	0.148351648352	0.0494505494505
-ìní	0.559497749633	0.264943611328	0.0473245026975	0.128234136341
-ḿpi	0.4	0.6	0.0	0.0
-ikɑ	0.0	1.0	0.0	0.0
-ikɛ	0.308242109619	0.275928224805	0.295790542828	0.120039122748
-èní	0.367346938775	0.55918367347	0.0326530612245	0.0408163265306
-ɑɔ̃	0.0	0.733333333334	0.266666666666	0.0
-nhu	0.205357142857	0.258928571429	0.375	0.160714285714
-̃̀ĩ	0.300230946882	0.173210161663	0.360277136259	0.166281755196
-ɑrɛ	0.557352388116	0.307258367807	0.0699511094397	0.0654381346371
-nho	0.0520134564168	0.0273667207326	0.0193235747612	0.901296248089
-orɛ	0.0203619909502	0.0475113122172	0.0	0.932126696833
-kuò	0.341463414634	0.512195121951	0.146341463415	0.0
-845	0.0	1.0	0.0	0.0
-840	0.0	1.0	0.0	0.0
-toɑ	0.0	1.0	0.0	0.0
-bɑú	0.0	1.0	0.0	0.0
-284	0.0	0.0	0.0	1.0
-288	0.0	0.0	0.142857142857	0.857142857143
-itũ	0.0	0.771428571428	0.0	0.228571428572
-wùó	0.599887113058	0.128059045527	0.025565572188	0.246488269227
-bɑí	0.0	0.0	1.0	0.0
-ìni	0.0787875178656	0.193187232015	0.024118627918	0.703906622201
-dóú	0.295566502463	0.630541871921	0.0443349753694	0.0295566502463
-ĩrí	0.0722891566265	0.542168674699	0.313253012048	0.0722891566265
-nhò	0.107539624763	0.0276806181497	0.00763544879848	0.857144308289
-̃rɛ	0.118584070796	0.614159292036	0.176991150442	0.0902654867256
-̀ɛ̃	0.229419703104	0.661268556005	0.0445344129554	0.0647773279352
-̀ɛ̀	0.0749123454282	0.10419643353	0.0235937817461	0.797297439296
-̀ɛ́	0.666666666667	0.133333333333	0.0666666666666	0.133333333333
-ĩ̀ĩ	0.0	1.0	0.0	0.0
-ĩɛ̃	0.141984214546	0.788211830603	0.0475260969193	0.0222778579309
-ḿbo	0.377559786073	0.137168509435	0.0181505805415	0.46712112395
-érì	0.0	1.0	0.0	0.0
-ufɑ	0.0	1.0	0.0	0.0
-pèé	0.333333333333	0.666666666667	0.0	0.0
-ĩ́ĩ	0.707923723795	0.0975956413597	0.173161198626	0.0213194362194
-ufɛ	0.658480429777	0.268355078025	0.0731644921975	0.0
-pèù	0.00448430493274	0.860986547085	0.134529147982	0.0
-667	0.0	0.2	0.0	0.8
-666	0.0807174887892	0.161434977578	0.0	0.757847533632
-500	0.0413818153515	0.16665585637	0.0028539183001	0.789108409978
-adi	0.0	1.0	0.0	0.0
-tìi	0.196910412525	0.656164125821	0.0601060562554	0.0868194053981
-ũrɛ	0.0	1.0	0.0	0.0
-ɑ̀ú	0.478260869565	0.413043478261	0.108695652174	0.0
-ɑ̀ù	0.225960772415	0.338012261804	0.308011166961	0.12801579882
-́ṹṹ	0.0	0.5	0.5	0.0
-bìí	0.0547388964084	0.919764550348	0.0141647518021	0.0113318014416
-ɛni	0.0	0.25	0.75	0.0
-sei	0.428571428571	0.428571428571	0.142857142857	0.0
-see	0.0237287430011	0.924754907062	0.00437108423704	0.0471452656995
-ɛ́u	0.0416444183787	0.102218117839	0.737222188181	0.118915275602
-uii	0.0425531914893	0.957446808511	0.0	0.0
-ɛ́i	0.640728405697	0.151824292701	0.0278329840079	0.179614317594
-erì	0.192951038293	0.287635740141	0.494722804344	0.0246904172223
-erí	0.199689765425	0.488714425908	0.27056886891	0.0410269397575
-̀ní	0.493239313346	0.22019502149	0.134891862502	0.151673802662
-kṹũ	0.545454545455	0.454545454545	0.0	0.0
-iwè	0.0601943164326	0.294444941324	0.52730221195	0.118058530294
-bɑ̀	0.174877650897	0.0798259923872	0.0612289287656	0.68406742795
-bɑ́	0.123133901551	0.0531110900499	0.023273123607	0.800481884792
-uuo	0.621621621622	0.301158301158	0.0	0.07722007722
-nùɔ	0.173076923077	0.653846153846	0.0	0.173076923077
-pèe	0.333333333333	0.333333333333	0.333333333333	0.0
-kpɑ	0.270216600781	0.246970265598	0.151868328452	0.330944805169
-pèi	0.5625	0.3125	0.125	0.0
-ɑmɑ	0.0322580645161	0.967741935484	0.0	0.0
-idɑ	0.0215827338129	0.978417266187	0.0	0.0
-tíi	0.363445378151	0.471638655462	0.133403361345	0.031512605042
-ɑ̀o	0.360995850622	0.392116182573	0.0684647302904	0.178423236515
-tìí	0.429299953639	0.206305053315	0.0166898470098	0.347705146036
-tìì	0.117583832577	0.130107347786	0.037058129928	0.715250689709
-ɛ́ú	0.424597912204	0.508415791084	0.0370634839675	0.0299228127444
-ɛ́ù	0.375	0.125	0.125	0.375
-ɛnì	0.303317535545	0.526066350711	0.0568720379147	0.113744075829
-ɛní	0.71864336532	0.0944644511326	0.0197960455994	0.167096137948
-eri	0.440953230043	0.392785716007	0.102069829643	0.0641912243078
-seú	0.15644820296	0.729386892178	0.0972515856236	0.0169133192389
-ɛ́í	0.075961225162	0.104301900613	0.0130739208016	0.806662953423
-ɛ́ì	0.12536209749	0.316758642734	0.115466976735	0.44241228304
-ókù	0.108127409797	0.781759166757	0.0410442820862	0.06906914136
-̀ni	0.0448548812665	0.169305189094	0.089709762533	0.696130167107
-̃mù	0.314745972739	0.349442379182	0.205700123916	0.130111524163
-̀ũ̀	0.483870967742	0.483870967742	0.0322580645161	0.0
-utɑ	0.0	1.0	0.0	0.0
-utɛ	0.393805898855	0.305750530813	0.209084198946	0.0913593713867
-ɔɑ̀	0.5205233309	0.145937447358	0.176876860015	0.156662361727
-yĩ̀	0.0395057825313	0.936720826211	0.0173056304009	0.00646776085689
-iko	0.0	0.8	0.2	0.0
-wèe	0.349204444551	0.068564160407	0.0598526482517	0.52237874679
-iki	0.0399896800826	0.936274509804	0.0105779153767	0.0131578947368
-iku	0.0796383882558	0.752564707696	0.137983682198	0.0298132218508
-kòò	0.172254399854	0.0646829504794	0.00622092739333	0.756841722273
-úmú	0.75	0.25	0.0	0.0
-wùɔ	0.80790960452	0.0677966101695	0.0	0.124293785311
-bɑɑ	0.284359657324	0.408197910273	0.0730458878387	0.234396544565
-hùù	0.5	0.5	0.0	0.0
-too	0.505263758227	0.239877459429	0.0939416320851	0.160917150259
-ĩ́o	0.8	0.2	0.0	0.0
-̃rì	0.105490211743	0.748698167266	0.0714600862078	0.0743515347827
-tou	0.0751412716999	0.857571944931	0.0339488440084	0.0333379393605
-doo	0.040285354595	0.938313050776	0.0214015946286	0.0
-tɔ̃	0.915527210063	0.0624889275418	0.00096632362178	0.0210175387737
-nhɑ	0.0926827402519	0.127099313616	0.0189503258065	0.761267620326
-ĩrɛ	0.204545454546	0.659090909091	0.136363636364	0.0
-ɔdi	0.0	0.989120580236	0.0	0.0108794197643
-roo	0.601705986321	0.211173441943	0.0428033504956	0.14431722124
-ɑri	0.416534727576	0.416004118475	0.0218333136933	0.145627840256
-wèí	0.566037735849	0.279481132076	0.10141509434	0.0530660377359
-wèè	0.0720833616949	0.16244915502	0.00354599165909	0.761921491626
-ofɛ	0.0292299044407	0.920179876335	0.0505902192243	0.0
-ɑ̃́	0.33067077212	0.552070399148	0.0526210877335	0.0646377409985
-ɑ̃̀	0.240748997791	0.207477705964	0.15030270801	0.401470588235
-kòo	0.115990651427	0.0448067069345	0.0036131028142	0.835589538824
-̃́ĩ	0.0987433403681	0.768336678522	0.0682680529524	0.0646519281572
-hɔ̃	0.347191989552	0.143665650849	0.20243796256	0.30670439704
-ikó	0.0559666975023	0.912118408881	0.0194264569843	0.0124884366327
-ikú	0.295704886523	0.475863088638	0.190729651807	0.0377023730317
-ikù	0.193964055612	0.49508307901	0.248897931502	0.0620549338758
-ɔɑɑ	0.0	1.0	0.0	0.0
-òɑ̀	0.358974358974	0.435897435897	0.0854700854701	0.119658119658
-̃́ũ	0.508530231608	0.360889362385	0.0459713080661	0.0846090979408
-273	0.111111111111	0.222222222222	0.0	0.666666666667
-toò	0.146867115223	0.792157275021	0.0220773759462	0.0388982338099
-̃ri	0.671896387178	0.216952753343	0.0187491087089	0.0924017507701
-toú	0.272257323377	0.651924181505	0.0379092475589	0.0379092475589
-úɑ̀	0.493103448276	0.344827586207	0.0448275862069	0.11724137931
-ɑrì	0.137687970763	0.168066507449	0.0370813631815	0.657164158606
-ɑrí	0.155176443094	0.777050712783	0.025706940874	0.0420659032484
-oyì	0.0	1.0	0.0	0.0
-010	0.375	0.25	0.0	0.375
-mɔu	0.0664490162268	0.22117535728	0.0702505750749	0.642125051418
-muu	0.133183628984	0.777451800211	0.0357622707456	0.0536023000602
-́yɔ	0.222222222222	0.777777777778	0.0	0.0
-itì	0.133871660058	0.753074176944	0.0645265591514	0.0485276038466
-ití	0.641104294479	0.213190184049	0.0444785276074	0.101226993865
-́yɑ	0.579375406636	0.255692908263	0.0253741054001	0.139557579701
-́yɛ	0.395348837209	0.604651162791	0.0	0.0
-pùò	0.385714285714	0.471428571429	0.142857142857	0.0
-pùó	0.234159779614	0.322314049587	0.371900826446	0.0716253443526
-pùù	0.230769230769	0.769230769231	0.0	0.0
-ɛyì	0.241481369052	0.355164301434	0.294073005995	0.109281323518
-ṹrì	0.40521978022	0.447802197802	0.0151098901099	0.131868131868
-dɑɑ	0.0128196439052	0.976216123718	0.00740241905286	0.00356181332349
-470	0.100133511348	0.606141522029	0.0267022696929	0.267022696929
-124	0.0	0.818181818182	0.181818181818	0.0
-125	0.0	0.333333333333	0.0	0.666666666667
-655	0.0	0.2	0.0	0.8
-652	0.0	0.25	0.0	0.75
-650	0.0	0.333333333333	0.0	0.666666666667
-123	0.0	0.333333333333	0.0	0.666666666667
-nɛì	0.419224555735	0.442649434572	0.0315024232634	0.10662358643
-nɛí	0.06441511966	0.885931558935	0.0114068441065	0.0382464772982
-128	0.0	0.0	0.0	1.0
-hɑ́	0.40844402277	0.265180265655	0.0711574952561	0.255218216319
-hɑ̃	0.351329909555	0.227041728562	0.104230037862	0.31739832402
-kìi	0.701680672269	0.247899159664	0.0504201680672	0.0
-sɑù	0.0	1.0	0.0	0.0
-ńní	0.655571635311	0.335745296671	0.0	0.00868306801737
-ńnì	0.148308899756	0.413366911817	0.31052433797	0.127799850458
-pee	0.106534090909	0.880681818182	0.00426136363636	0.00852272727273
-́ũ̀	0.0905004495056	0.909499550494	0.0	0.0
-tɛ̀	0.124684776519	0.668354942171	0.0393089424783	0.167651338833
-tɛ́	0.508412715397	0.205618635006	0.0803419004005	0.205626749196
-esu	0.0238309627271	0.686830174511	0.00599905383276	0.28333980893
-̃ní	0.25321888412	0.721030042919	0.0	0.0257510729614
-720	0.0	0.423076923077	0.0	0.576923076923
-721	0.0	0.25	0.0	0.75
-iti	0.089511547421	0.857613675904	0.0327116654582	0.0201631112167
-̀ii	1.0	0.0	0.0	0.0
-muù	0.260299088319	0.364832034573	0.0357596613496	0.339109215759
-̀io	0.666666666667	0.0	0.0	0.333333333333
-pùu	0.481848184818	0.285478547855	0.118811881188	0.113861386139
-ɛyi	0.170471005746	0.522279827145	0.134032036116	0.173217130993
-cɔ̀	0.309677419355	0.690322580645	0.0	0.0
-íwè	0.118907927901	0.756624234851	0.0461101815177	0.0783576557304
-udi	0.0111971950461	0.969462195329	0.0132330486908	0.00610756093423
-pùo	0.109452736318	0.865671641791	0.0248756218906	0.0
-ítɛ	0.0648206419132	0.689741976086	0.222781623663	0.0226557583387
-nɛi	0.243878550441	0.588638589618	0.0323212536729	0.135161606268
-̃ɔ̃	0.293508545241	0.293397807603	0.0203080478919	0.392785599264
-kìì	0.691891891892	0.194594594595	0.081081081081	0.0324324324324
-nɔɑ	0.0	1.0	0.0	0.0
-rii	0.0536835010449	0.902455215767	0.0122608374626	0.0316004457255
-nɔɔ	0.0161426863017	0.953313475717	0.00944447621799	0.0210993617636
-cìe	0.0	0.2	0.8	0.0
-otɛ	0.386556571125	0.451042527957	0.0197992390088	0.142601661909
-peì	0.625	0.375	0.0	0.0
-peí	0.59042690815	0.136869340233	0.167141009056	0.105562742561
-peé	0.0398286937901	0.859957173448	0.0591006423983	0.041113490364
-ìbɛ	0.181818181818	0.818181818182	0.0	0.0
-yuɔ	0.5	0.375	0.0	0.125
-hɑɑ	0.153846153846	0.0769230769231	0.615384615385	0.153846153846
-yúo	1.0	0.0	0.0	0.0
-750	0.0	0.666666666667	0.0	0.333333333333
-́kú	0.710884718498	0.163217158177	0.0323860589813	0.0935120643433
-́kù	0.212389380531	0.611725663717	0.116150442478	0.0597345132744
-epɑ	0.0	1.0	0.0	0.0
-́kò	0.629624033862	0.259956825871	0.0140960604596	0.0963230798074
-ɑsu	0.0	1.0	0.0	0.0
-usɑ	0.0	0.666666666667	0.333333333333	0.0
-ɑsi	0.0420715359406	0.940761672487	0.0097440887056	0.00742270286692
-ɛtɛ	0.400122423995	0.478677820853	0.0440726382371	0.077127116915
-uri	0.0573073400497	0.812508177417	0.1075493916	0.0226350909329
-wéí	0.504293520687	0.364558938329	0.107728337237	0.0234192037471
-wɛi	0.105742653686	0.104230397728	0.114871515875	0.67515543271
-erɛ	0.117680022415	0.864667974222	0.0176520033623	0.0
-nní	0.457558600872	0.167376713171	0.036898064809	0.338166621148
-nnì	0.137731166982	0.454250270306	0.0822354632722	0.32578309944
-ɑ́o	0.210526315789	0.273684210526	0.357894736842	0.157894736842
-dɑ̀	0.0348837209302	0.860465116279	0.0348837209302	0.0697674418605
-dɑ́	0.67507091081	0.202647336905	0.0302552789159	0.092026473369
-oɛɛ	0.0	1.0	0.0	0.0
-ɑ́u	0.338271604938	0.38024691358	0.0592592592593	0.222222222222
-nɔ̀	0.11394187684	0.770675969786	0.0267784748005	0.0886036785729
-ɑ̀u	0.546388223211	0.313933584389	0.0534063676823	0.0862718247176
-̃si	0.307692307692	0.461538461538	0.230769230769	0.0
-foù	0.0687022900764	0.656488549618	0.18320610687	0.0916030534351
-íɑ̀	0.5	0.469387755102	0.0	0.0306122448979
-ɑfɛ	0.129533678756	0.772817855719	0.0627740135512	0.0348744519729
-ɑfɑ	0.0	0.880893300248	0.119106699752	0.0
-ɑsì	0.457800511509	0.332480818414	0.209718670077	0.0
-̀tɛ	0.438388328212	0.162964582245	0.0772600122256	0.321387077317
-ɛ̃́	0.35420252727	0.0429811529344	0.00780754295449	0.595008776841
-ɛ̃̀	0.32508268305	0.45595729906	0.114179113261	0.104780904629
-ɔfɛ	0.112400199601	0.752245508982	0.0436626746507	0.0916916167664
-ùwè	0.1375	0.8	0.0624999999999	0.0
-urì	0.0845070422535	0.408450704225	0.507042253521	0.0
-urí	0.333333333333	0.437810945274	0.0727133562954	0.156142365098
-wéi	0.409525929223	0.481860672157	0.0850211440018	0.0235922546183
-wɛì	0.0	0.0	0.0	1.0
-enɑ	0.0	1.0	0.0	0.0
-fòù	0.54518062205	0.243295724664	0.135525126385	0.0759985269008
-nni	0.111939630983	0.530422824807	0.145706493617	0.211931050593
-kóo	0.0751039118519	0.0663942412157	0.00664475113725	0.851857095795
-tɛɛ	0.257249378625	0.730323115161	0.00248550124275	0.009942004971
-ɑ́í	0.13862332696	0.474585723391	0.158540471638	0.228250478012
-ɑ́ì	0.0	1.0	0.0	0.0
-ɛɛ́	0.606837606838	0.136752136752	0.188034188034	0.0683760683761
-ɛɛ̀	0.221796985571	0.160011960756	0.0435142267963	0.574676826877
-íéo	0.435643564356	0.148514851485	0.237623762376	0.178217821782
-ɑ́ù	0.167550371156	0.618239660657	0.0615058324496	0.152704135737
-ɑ́ú	0.436295054485	0.485750209556	0.0603520536463	0.0176026823135
-cɔɔ	0.21359223301	0.757281553398	0.0291262135922	0.0
-ɛɔ̃	0.164705882353	0.823529411765	0.0117647058823	0.0
-267	0.0	0.2	0.0	0.8
-260	0.0729483282675	0.182370820669	0.0729483282675	0.671732522796
-kíi	0.5	0.338068181818	0.0170454545455	0.144886363636
-390	0.0	0.5	0.0	0.5
-wɛ̃	0.217731256872	0.205508564511	0.201685378642	0.375074799974
-ùrí	0.6	0.4	0.0	0.0
-cíì	0.15947980835	0.364134154689	0.449691991786	0.0266940451745
-́yi	0.0	1.0	0.0	0.0
-mɔɔ	0.174114482148	0.785917335972	0.00559022144279	0.0343779604373
-cíè	0.428571428572	0.571428571428	0.0	0.0
-muɔ	0.122814599971	0.219138717263	0.121456425461	0.536590257305
-muɑ	0.0	1.0	0.0	0.0
-iɛ́	0.330124594075	0.398734177215	0.0996586917623	0.171482536948
-iɛ̀	0.0619532608613	0.722309878061	0.0704513502695	0.145285510809
-cíú	0.8	0.2	0.0	0.0
-ìbí	0.304347826087	0.652173913044	0.0434782608697	0.0
-000	0.0799415078781	0.197956901858	0.0213082650941	0.70079332517
-005	0.0	1.0	0.0	0.0
-392	0.0	0.272727272727	0.0	0.727272727273
-sĩ̀	0.140549811806	0.163847729763	0.636047453428	0.0595550050026
-cɛ̀	0.189655172414	0.706896551724	0.103448275862	0.0
-cɛ̃	0.285714285714	0.714285714286	0.0	0.0
-níí	0.373854660512	0.117851339992	0.0230684356639	0.485225563831
-468	0.0	0.333333333333	0.0	0.666666666667
-nɔú	0.191489361702	0.617021276596	0.191489361702	0.0
-ítì	0.0578489837057	0.591067528977	0.326516042332	0.0245674449857
-ítí	0.200126007762	0.686489116722	0.0570896820667	0.0562951934495
-ríi	0.285714285714	0.0	0.0	0.714285714286
-137	0.0909090909091	0.363636363636	0.0	0.545454545455
-̃ɛ̃	0.0643492795679	0.747552826311	0.0162487311283	0.171849162993
-udɑ	0.0	1.0	0.0	0.0
-133	0.0	0.545454545455	0.0	0.454545454545
-̀ɔ́	0.438930245382	0.539564378274	0.00992555831265	0.0115798180314
-130	0.111111111111	0.611111111111	0.111111111111	0.166666666666
-648	0.0	0.2	0.0	0.8
-139	0.0	0.333333333333	0.0	0.666666666667
-138	0.0	0.2	0.0	0.8
-kíí	0.661033955171	0.234026904445	0.0322254053146	0.0727137350689
-nɑù	0.579940868774	0.343302251535	0.071639754378	0.00511712531271
-dɑú	0.571068230546	0.31592886871	0.0887879934418	0.0242149073023
-ɛyɔ	0.0192343956251	0.78615877805	0.165189515369	0.0294173109561
-ɛyɛ	0.15882584196	0.290001310444	0.078888743284	0.472284104311
-iúu	0.357142857143	0.619047619048	0.0238095238095	0.0
-cíe	0.506357103372	0.180210060807	0.0232172470978	0.290215588723
-itɛ	0.344128187568	0.372460282556	0.0567225823651	0.226688947511
-ɛ̃i	1.0	0.0	0.0	0.0
-́yì	0.263513513513	0.290540540541	0.314189189189	0.131756756757
-esɑ	0.0	1.0	0.0	0.0
-ɛ̃o	0.833333333333	0.166666666667	0.0	0.0
-itɑ	0.0	1.0	0.0	0.0
-ũpɛ	0.303191489362	0.377659574468	0.239361702128	0.0797872340426
-ṹmu	0.622568093385	0.164721141375	0.0622568093385	0.150453955901
-yúó	0.335025380711	0.177664974619	0.243654822335	0.243654822335
-yúú	0.6	0.4	0.0	0.0
-́yú	0.729748127978	0.14091218516	0.0245064669843	0.104833219877
-dùɔ	0.0	0.222222222222	0.555555555556	0.222222222222
-yuo	0.196724249158	0.658590782023	0.109203641316	0.0354813275033
-́ɑ́	0.337999908319	0.0978354514478	0.0224978548981	0.541666785335
-́ɑ̀	0.138280317783	0.267313810554	0.0828926720702	0.511513199593
-́ɑ̃	0.216101694915	0.733050847457	0.0508474576271	0.0
-kóó	0.583333333333	0.0833333333333	0.333333333333	0.0
-kóò	0.0532309017422	0.0306278303994	0.00752989891478	0.908611368944
-ɛhe	0.653457339264	0.315002021836	0.0169834209462	0.0145572179539
-736	0.0	1.0	0.0	0.0
-yuu	0.0315548821652	0.929001515128	0.0070771237778	0.0323664789288
-730	0.0	0.2	0.0	0.8
-ìnì	0.285714285714	0.571428571429	0.0	0.142857142857
-ńnɔ	1.0	0.0	0.0	0.0
-nɔo	0.0	1.0	0.0	0.0
-níi	0.222222222222	0.777777777778	0.0	0.0
-sɑɑ	0.0344481964718	0.936735184131	0.0124321076204	0.0163845117771
-rɛɛ	0.250928685933	0.606842339065	0.0194686049431	0.122760370058
-nɛɑ	0.0102827763496	0.98971722365	0.0	0.0
-nɔu	0.115997104596	0.828537821209	0.0142960550127	0.0411690191821
-nɛɛ	0.0221729490022	0.957871396896	0.00665188470067	0.0133037694013
-ɛte	0.6	0.4	0.0	0.0
-usi	0.0509274594236	0.925223583968	0.0161477310368	0.00770122557138
-uso	0.0	1.0	0.0	0.0
-ɑsɑ	0.0074441687345	0.992555831266	0.0	0.0
-̀tí	0.321976149915	0.407155025554	0.18398637138	0.0868824531516
-̀tì	0.115112834741	0.723245042343	0.111919273252	0.0497228496635
-ɛti	0.246644105679	0.328524693199	0.0839457127154	0.340885488406
-642	0.0	0.333333333333	0.0	0.666666666667
-̀ɔ̃	0.178416013925	0.751958224543	0.0696257615317	0.0
-ũfɛ	0.0378654383621	0.356287547844	0.537000762226	0.0688462515674
-ékú	0.457405734001	0.118458884416	0.0724554341576	0.351679947425
-ékù	0.0438249436971	0.211151013452	0.745024042851	0.0
-onɑ	0.0	1.0	0.0	0.0
-hɑu	0.554160125589	0.384615384615	0.0188383045526	0.0423861852433
-̀ɔ̀	0.663541039667	0.122347524469	0.0197078902439	0.194403545619
-cɛɛ	0.0471678248052	0.909875763319	0.00758054327226	0.0353758686039
-sòò	0.516097253819	0.0959436951576	0.0488503412415	0.339108709782
-boɑ	0.0	1.0	0.0	0.0
-ièe	0.725609756097	0.182926829268	0.0548780487805	0.0365853658537
-iuu	0.0	1.0	0.0	0.0
-ṹkṹ	0.333333333333	0.666666666667	0.0	0.0
-ɛɔɔ	0.0	1.0	0.0	0.0
-cɔú	0.314633189486	0.449980384465	0.122400941546	0.112985484504
-ɑ́ɑ	0.422346368715	0.334951117319	0.050593575419	0.192108938547
-ɛyɑ	0.0	1.0	0.0	0.0
-tɛì	0.150714558226	0.497211352314	0.205935884216	0.146138205244
-tɛí	0.295081967213	0.508196721312	0.0983606557376	0.0983606557376
-ení	0.472727272727	0.490909090909	0.0	0.0363636363636
-fṹṹ	0.8	0.0	0.0	0.2
-mɔ̀	0.529411764706	0.117647058823	0.352941176471	0.0
-mɔ́	0.388349514563	0.456310679612	0.0388349514563	0.116504854369
-wɛɛ	0.196040348349	0.62765490884	0.0473654532924	0.128939289518
-ɑfi	0.0	1.0	0.0	0.0
-usí	0.0	1.0	0.0	0.0
-usì	0.0	1.0	0.0	0.0
-ɛtì	0.182451430334	0.594953471076	0.143033359334	0.0795617392567
-ɛtí	0.334365325077	0.544891640867	0.0185758513932	0.102167182662
-kíè	0.0	0.972734158041	0.0242363039636	0.00302953799545
-̀ti	0.314282471892	0.475367268581	0.027033453392	0.183316806135
-ukù	0.155505107832	0.810442678774	0.0136208853575	0.0204313280363
-ɑfu	0.0492610837438	0.947380206001	0.00335871025526	0.0
-ɑrɑ	0.0	1.0	0.0	0.0
-sɑ̀	0.134435261708	0.105033809166	0.065314300025	0.695216629101
-nɛ̀	0.193374115051	0.142078461203	0.0407240069025	0.623823416844
-nɛ́	0.434297413445	0.141301668117	0.0353159884262	0.389084930012
-àɑ̀	0.0	0.875	0.0	0.125
-hɑù	1.0	0.0	0.0	0.0
-́ùu	0.0661491111213	0.181404749874	0.719371583444	0.0330745555606
-́kɛ	0.0928187591598	0.14020517831	0.0293111871031	0.737664875428
-béí	0.0	1.0	0.0	0.0
-cɔu	1.0	0.0	0.0	0.0
-nnɛ	0.502404691122	0.224414562416	0.103558714345	0.169622032117
-ɛ̃ĩ	0.0832674892117	0.559320488665	0.318482951438	0.0389290706862
-nnɑ	0.201663201663	0.118752598753	0.168482328482	0.511101871102
-tɛi	0.0	1.0	0.0	0.0
-ɔfu	0.0	1.0	0.0	0.0
-nnɔ	0.151803703209	0.322384731956	0.392094246613	0.133717318222
-eni	0.0731707317073	0.926829268293	0.0	0.0
-ɑpo	0.0	1.0	0.0	0.0
-ùtì	0.0821154286784	0.84368423992	0.0640026030746	0.0101977283268
-okù	0.110957899677	0.807789732036	0.0378522366515	0.0434001316354
-okú	0.382376304421	0.514031708724	0.0365618777136	0.0670301091415
-deè	0.325112107623	0.103713924342	0.0167107431682	0.554463224867
-heu	0.47191011236	0.393258426966	0.134831460674	0.0
-812	0.0	1.0	0.0	0.0
-815	0.0	0.666666666667	0.333333333333	0.0
-818	0.0	1.0	0.0	0.0
-nìí	0.546414946689	0.453585053311	0.0	0.0
-nìì	0.0262675116744	0.95753418946	0.0148849232822	0.00131337558372
-rìi	0.253798416435	0.329196091019	0.223981739068	0.193023753477
-nsi	0.310066405071	0.465087030888	0.0938474695644	0.130999094476
-nìù	0.382262996942	0.448012232416	0.119266055046	0.0504587155964
-cúò	0.37416481069	0.47438752784	0.138084632517	0.0133630289532
-biì	0.0	1.0	0.0	0.0
-bií	0.146416251437	0.728248371024	0.0517439632043	0.0735914143349
-bié	0.714285714286	0.285714285714	0.0	0.0
-puu	0.102941176471	0.885472370766	0.0106951871658	0.000891265597146
-250	0.0348837209302	0.279069767442	0.0	0.686046511628
-256	0.0	0.333333333333	0.0	0.666666666667
-254	0.0	0.207547169811	0.0	0.792452830189
-kɛ́	0.364291889927	0.0961392821551	0.0290228981249	0.510545929793
-kɛ̀	0.044352285258	0.109281358003	0.00784298898511	0.838523367754
-puo	0.407407407407	0.481481481482	0.0	0.111111111111
-́hu	0.53125	0.125	0.0	0.34375
-hoo	0.181818181818	0.818181818182	0.0	0.0
-ɔkɑ	0.0	0.666666666667	0.0	0.333333333333
-928	0.0	1.0	0.0	0.0
-ɔkɛ	0.445554552205	0.154321411748	0.0898181421744	0.310305893872
-inɛ	0.166666666667	0.166666666667	0.0	0.666666666667
-inɑ	0.0211267605634	0.978873239437	0.0	0.0
-inɔ	0.020979020979	0.979020979021	0.0	0.0
-ìsì	0.166666666667	0.619047619048	0.214285714286	0.0
-ìsí	0.215833534296	0.616667240845	0.109622075998	0.0578771488614
-mbɑ	0.260078023407	0.0702210663198	0.0175552665799	0.652145643693
-bɛɛ	0.110782187061	0.748296542044	0.0413423503892	0.0995789205053
-mbɔ	0.636363636364	0.363636363636	0.0	0.0
-dee	0.0360899768442	0.934204432683	0.014985114125	0.014720476348
-heú	0.307400379507	0.624288425047	0.045540796964	0.022770398482
-ùti	0.0279928462727	0.827377447985	0.0244937404886	0.120135965253
-oku	0.0226497808086	0.84145153434	0.00438382854359	0.131514856308
-dei	0.0	1.0	0.0	0.0
-mbɛ	0.21953977635	0.218704055272	0.1096662456	0.452089922778
-èkú	0.551599587203	0.237874097007	0.0448916408669	0.165634674923
-èkù	0.532818532819	0.332046332046	0.0366795366795	0.0984555984555
-sṹṹ	0.489388264669	0.259675405743	0.194756554307	0.0561797752809
-oki	0.114285714286	0.885714285714	0.0	0.0
-deu	0.509383378016	0.249329758713	0.144772117962	0.0965147453083
-ɛii	0.154855643045	0.527559055118	0.279790026247	0.0377952755905
-ɛio	0.666666666667	0.333333333333	0.0	0.0
-biu	0.0	1.0	0.0	0.0
-còú	0.552752293578	0.285168195719	0.0530071355759	0.109072375127
-nìi	0.10211540261	0.675264883015	0.176566074632	0.0460536397428
-nsó	0.3125	0.3125	0.375	0.0
-nsì	0.200257120253	0.602452531646	0.0786194620254	0.118670886076
-bie	0.040546265104	0.807042139875	0.0229459584855	0.129465636536
-nìu	0.360655737705	0.377049180328	0.229508196721	0.0327868852459
-bii	0.157146628202	0.774937709151	0.0436420080896	0.0242736545573
-100	0.0808556799444	0.260003471318	0.111393734271	0.547747114467
-può	0.519319938176	0.443585780526	0.0185471406492	0.0185471406492
-puó	0.509950248756	0.425373134328	0.0298507462686	0.0348258706468
-puù	0.71724137931	0.2	0.0827586206897	0.0
-èɑ̀	0.472233481962	0.387920551277	0.0547223348196	0.0851236319415
-034	0.0	0.0	0.0	1.0
-ìse	0.207920792079	0.475247524752	0.316831683168	0.0
-kɔu	0.0973039327225	0.571840573756	0.035735966897	0.295119526625
-kɛɛ	0.173241710477	0.190237671423	0.0949739501712	0.541546667928
-fɑɑ	0.0253940455342	0.974605954466	0.0	0.0
-̀ku	0.33788174139	0.287069525666	0.314230019493	0.0608187134504
-tóo	0.571733170508	0.234214945912	0.0407545701443	0.153297313436
-743	0.0	0.2	0.0	0.8
-745	0.0	1.0	0.0	0.0
-́pe	0.9	0.0538461538461	0.0461538461538	0.0
-ubu	0.0	1.0	0.0	0.0
-ubi	0.0	1.0	0.0	0.0
-nsũ	0.175561797753	0.343632958802	0.292134831461	0.188670411985
-coú	0.798882681564	0.201117318436	0.0	0.0
-òní	0.344104134763	0.48223583461	0.154364471669	0.0192955589586
-ndo	0.570917565758	0.179750592791	0.0147835514149	0.234548290036
-upí	0.106435643564	0.716584158416	0.0235148514851	0.153465346535
-úní	0.769664715274	0.1285790314	0.0510910058542	0.050665247472
-ìdɛ	0.757285538377	0.187303324668	0.0554111369544	0.0
-mpɛ	0.580908445706	0.326472675656	0.0745209368346	0.0180979418027
-tóú	0.514285714286	0.342857142857	0.0938775510204	0.0489795918368
-̀kù	0.246966904799	0.479372543858	0.174884703881	0.0987758474615
-tóò	0.210883816444	0.747097385673	0.0230629492141	0.0189558486691
-tóó	1.0	0.0	0.0	0.0
-kɔù	0.49160120341	0.384715025907	0.0150426207588	0.108641149925
-étì	0.0642857142856	0.357142857143	0.578571428572	0.0
-étí	0.5	0.5	0.0	0.0
-buú	0.0169491525424	0.983050847458	0.0	0.0
-coo	0.441115844441	0.31702624708	0.119554761578	0.122303146901
-cou	0.634615384615	0.288461538461	0.0384615384615	0.0384615384617
-ucɛ	0.100779296198	0.593188651499	0.047943575958	0.258088476345
-búú	0.25	0.75	0.0	0.0
-ɛdɛ	0.550143266476	0.41547277937	0.0	0.0343839541547
-bɛ̀	0.10681396947	0.329137844042	0.0477209389942	0.516327247494
-upo	0.0	1.0	0.0	0.0
-mpĩ	0.525060827251	0.238442822384	0.0963503649634	0.140145985401
-nsɑ	0.572087175189	0.137468566639	0.0264040234702	0.264040234702
-rùù	0.0	0.666666666667	0.0	0.333333333333
-cùɔ	0.333333333333	0.666666666667	0.0	0.0
-́ii	0.333333333333	0.333333333333	0.0	0.333333333333
-bɛù	0.105263157895	0.789473684211	0.0	0.105263157895
-bɛú	0.0	1.0	0.0	0.0
-èkɛ	0.417336107272	0.259100089596	0.0408649830679	0.282698820063
-ìrí	0.3	0.55	0.15	0.0
-yeè	0.443708609272	0.397350993377	0.119205298013	0.0397350993377
-bɛí	0.508196721311	0.393442622951	0.049180327869	0.0491803278688
-ĩmɛ	0.224025974026	0.0876623376623	0.0389610389611	0.649350649351
-mbì	0.379310344828	0.275862068965	0.344827586207	0.0
-mbí	0.0780969479354	0.816277678037	0.0849790544584	0.0206463195691
-ini	0.214111922141	0.759124087591	0.0267639902677	0.0
-ɛto	0.10989147905	0.829728587407	0.0048303946835	0.0555495388602
-ɔku	0.123790660471	0.293123587517	0.08468550824	0.498400243772
-800	0.0799999999999	0.44	0.04	0.44
-807	0.0	1.0	0.0	0.0
-ɔki	0.0256471146996	0.935882213251	0.0142483970553	0.024222274994
-inu	0.0	1.0	0.0	0.0
-puɔ	0.490054770827	0.176131449985	0.0363217065437	0.297492072644
-cóú	0.460936986661	0.403048820553	0.0867336881529	0.0492805046324
-dóo	1.0	0.0	0.0	0.0
-kɔ̀	0.0	0.0	1.0	0.0
-kɔ̃	0.459739844357	0.342671830405	0.134272729305	0.0633155959325
-biɑ	0.0180136613673	0.938463398416	0.0326422051623	0.0108807350541
-biɛ	0.0882751206806	0.161241640222	0.0400855875877	0.71039765151
-uɑ̀	0.438471502591	0.362046632124	0.0731865284974	0.126295336788
-okɛ	0.308833561988	0.589621333093	0.0322740255943	0.0692710793244
-íɛ́	0.172001075165	0.152222092616	0.0912368964241	0.584539935794
-íɛ̀	0.11320754717	0.754716981132	0.132075471698	0.0
-okɑ	0.0	1.0	0.0	0.0
-iyo	0.0689655172413	0.875862068966	0.0413793103448	0.0137931034483
-930	0.25	0.625	0.0	0.125
-deɑ	0.0288461538462	0.947115384615	0.00480769230768	0.0192307692308
-ìri	0.581981981982	0.201801801802	0.0216216216216	0.194594594595
-ùtɛ	0.412558139535	0.278139534884	0.216744186047	0.092558139535
-mbi	0.0930979133226	0.402889245586	0.436597110754	0.0674157303371
-yee	0.357142857143	0.642857142857	0.0	0.0
-mbo	0.324640671458	0.0466316004675	0.0127164971134	0.616011230961
-meɑ	0.0	1.0	0.0	0.0
-iní	0.587120596672	0.190488707603	0.0466503577675	0.175740337957
-ɔkú	0.666666666667	0.333333333333	0.0	0.0
-̀wè	0.145604031296	0.293727622331	0.428855589444	0.131812756929
-ɔkù	0.33012097601	0.632971088784	0.0	0.0369079352061
-cóu	0.0	0.6	0.4	0.0
-245	0.0	0.0689655172413	0.413793103449	0.51724137931
-247	0.0	0.2	0.0	0.8
-242	0.0	1.0	0.0	0.0
-dóò	0.111922141119	0.757907542579	0.0437956204379	0.0863746958636
-nfù	0.533333333333	0.4	0.0	0.0666666666666
-ubɛ	0.0346124747738	0.781109085485	0.129390768968	0.054887670774
-119	0.0	0.0	0.0	1.0
-ubɑ	0.0	0.96	0.04	0.0
-110	0.0	0.4375	0.0	0.5625
-112	0.0	1.0	0.0	0.0
-húú	1.0	0.0	0.0	0.0
-kɔɔ	0.0385686736662	0.888150846368	0.066852367688	0.0064281122777
-̀kɛ	0.43882219073	0.243887238404	0.0788059671468	0.238484603719
-fɑu	0.0	1.0	0.0	0.0
-kɛi	0.383458646617	0.172932330827	0.0300751879699	0.413533834586
-023	0.0	0.545454545455	0.0	0.454545454545
-ayɑ	0.0	0.795454545455	0.204545454545	0.0
-tòú	0.0815864022662	0.867422096317	0.0271954674221	0.0237960339943
-mpo	0.0832457431154	0.641580828253	0.22072734917	0.0544460794618
-mpi	0.406779661017	0.593220338983	0.0	0.0
-íri	0.148002842284	0.775973633285	0.0133798984035	0.062643626028
-mpu	0.342036553525	0.560052219321	0.0744125326371	0.023498694517
-púú	0.0277456647399	0.951445086705	0.00231213872833	0.0184971098266
-ɛdò	0.492728828058	0.32249786142	0.123182207015	0.0615911035073
-púó	0.346635404455	0.328393903869	0.289519343494	0.0354513481829
-púò	0.0	1.0	0.0	0.0
-bùò	0.430093698328	0.457468307918	0.0330699981628	0.0793679955907
-ɛdì	0.428571428571	0.285714285714	0.0	0.285714285714
-bùù	0.0	1.0	0.0	0.0
-́éu	0.833333333333	0.0	0.166666666667	0.0
-húu	0.259259259259	0.518518518519	0.148148148148	0.074074074074
-ɑ̃ũ	0.408873775403	0.369079426767	0.0959436482875	0.126103149543
-tòo	0.293786806061	0.572818103619	0.0666975451598	0.0666975451598
-kɛì	0.6	0.4	0.0	0.0
-úmu	0.541999527298	0.251640011555	0.0980592977757	0.108301163371
-uɑɑ	0.0	1.0	0.0	0.0
-mpì	0.4	0.6	0.0	0.0
-mpè	0.0	0.666666666667	0.333333333334	0.0
-írì	0.132530107312	0.617407311456	0.224964500864	0.0250980803685
-írí	0.55391888578	0.274079210847	0.07639476475	0.095607138623
-tɑɑ	0.0446255335662	0.929504591903	0.0122881904023	0.0135816841288
-niɑ	0.0779220779219	0.922077922078	0.0	0.0
-mpú	0.492354740061	0.408256880734	0.0489296636086	0.0504587155963
-upɑ	0.0	1.0	0.0	0.0
-òtì	0.391014975042	0.50915141431	0.044925124792	0.0549084858568
-ɛdi	0.0344106708262	0.95254602012	0.00602633899318	0.00701697006052
-ɑdu	0.0	1.0	0.0	0.0
-ciɛ	0.286485955608	0.201188371636	0.0422804949912	0.470045177765
-ũku	0.19512195122	0.756097560976	0.0487804878048	0.0
-ɑde	0.0	1.0	0.0	0.0
-ɑdo	0.0	1.0	0.0	0.0
-ɑdi	0.0219004431619	0.938730289601	0.0338039781511	0.00556528908585
-ɑbɔ	0.0	1.0	0.0	0.0
-̀ɑo	0.705882352941	0.152505446623	0.0261437908497	0.115468409586
-emɑ	0.0	1.0	0.0	0.0
-dòo	0.166666666667	0.833333333334	0.0	0.0
-sìi	0.281603867294	0.651182040924	0.0324481822396	0.0347659095424
-ɑbɑ	0.0	0.948471121178	0.0430351075878	0.00849377123441
-́ní	0.425465877411	0.175455941353	0.0400499179315	0.359028263304
-òmu	0.461165048544	0.218446601942	0.160194174757	0.160194174757
-iyu	0.0	1.0	0.0	0.0
-yɑi	0.0	1.0	0.0	0.0
-yɑu	0.341398106532	0.462560963947	0.116190111887	0.0798508176342
-tuò	0.233108108108	0.706081081081	0.0608108108109	0.0
-iyi	0.167296894695	0.403002177151	0.398762461327	0.0309384668271
-koó	0.0	0.85	0.15	0.0
-koò	0.168530856043	0.0910317893347	0.0149326594492	0.725504695173
-tuú	0.468656716418	0.432835820896	0.0537313432836	0.044776119403
-koú	0.638237384506	0.259417199716	0.0341151385927	0.0682302771855
-eío	0.411317567568	0.236486486486	0.309121621622	0.0430743243244
-eíi	0.607142857143	0.321428571428	0.0714285714287	0.0
-wìè	0.571428571429	0.428571428571	0.0	0.0
-832	0.0	0.260869565218	0.0	0.739130434782
-ũkú	0.519480519481	0.207792207792	0.12987012987	0.142857142857
-830	0.0	1.0	0.0	0.0
-dòú	0.5	0.214285714286	0.285714285714	0.0
-urɛ	0.182101167315	0.453696498054	0.308171206226	0.0560311284047
-sìì	0.169014662997	0.376227050561	0.137183225859	0.317575060582
-mɑ́	0.115942028986	0.777777777778	0.106280193237	0.0
-mɑ̀	0.434319526627	0.422485207101	0.0934911242603	0.0497041420118
-síɛ	0.316831683168	0.0891089108911	0.594059405941	0.0
-dìí	0.359615384615	0.553846153846	0.0634615384616	0.0230769230769
-wɑɑ	0.0	1.0	0.0	0.0
-huu	0.166666666667	0.833333333333	0.0	0.0
-nco	0.0526315789474	0.631578947369	0.210526315789	0.105263157895
-nci	0.453222453222	0.378378378378	0.130977130977	0.0374220374221
-wíɛ	0.25	0.5	0.25	0.0
-nce	0.467005076142	0.335025380711	0.106598984772	0.0913705583756
-koo	0.406715618286	0.416493328437	0.0724395799094	0.104351473368
-òmù	0.0941176470588	0.905882352941	0.0	0.0
-905	0.0	1.0	0.0	0.0
-kou	0.0534643805433	0.301698877346	0.015747928378	0.629088813732
-iyì	0.103594080338	0.563424947146	0.23467230444	0.0983086680761
-tuu	0.0	1.0	0.0	0.0
-yɑù	0.460437019912	0.436199567455	0.0845700648818	0.0187933477515
-ɔuu	0.213038018039	0.168169882407	0.112341591506	0.506450508049
-ìtɛ	0.300693594451	0.425540595675	0.205222358221	0.0685434516524
-irí	0.277907414377	0.522468949943	0.152653368461	0.0469702672186
-345	0.0	0.375	0.0	0.625
-ɛku	0.377406931964	0.499358151476	0.0462130937099	0.0770218228498
-omu	0.431398076774	0.259666400268	0.0437924841235	0.265143038834
-ɛki	0.0523552574012	0.750240630013	0.185853871956	0.01155024063
-ũtì	0.62071218556	0.278830447566	0.0367526951977	0.0637046716759
-ũtí	0.566037735849	0.320754716981	0.0	0.11320754717
-ɛko	0.125	0.875	0.0	0.0
-́ni	0.139534883721	0.860465116279	0.0	0.0
-órì	0.0166666666667	0.85	0.0333333333333	0.1
-órí	0.431034482759	0.258620689655	0.310344827586	0.0
-147	0.0	0.0	0.0	1.0
-diì	0.371123999388	0.445719047846	0.0304419638487	0.152714988918
-dií	0.532188841202	0.244635193133	0.171673819742	0.0515021459228
-̃ũ̀	0.0857666396215	0.880539323384	0.0168470184971	0.0168470184971
-diè	0.507582791705	0.455277004024	0.0176415970288	0.0194986072423
-232	0.8	0.0	0.0	0.2
-kèu	0.54046997389	0.0723237597911	0.387206266319	0.0
-feí	0.226880827692	0.224134627666	0.382903308213	0.166081236429
-feé	0.172932330827	0.466165413534	0.315789473684	0.0451127819549
-róó	0.0	1.0	0.0	0.0
-160	0.0	1.0	0.0	0.0
-690	0.333333333333	0.666666666667	0.0	0.0
-tɔɔ	0.0	1.0	0.0	0.0
-ĩku	0.602287166455	0.302414231258	0.0648030495553	0.0304955527319
-́ɔu	0.090909090909	0.545454545455	0.0	0.363636363636
-ĩtɛ	0.72	0.16	0.0	0.12
-yùo	0.296858250186	0.599241362249	0.0445287375278	0.0593716500371
-duu	0.090909090909	0.909090909091	0.0	0.0
-yùu	0.266666666667	0.733333333333	0.0	0.0
-900	0.171428571429	0.657142857143	0.0	0.171428571429
-duo	0.6	0.4	0.0	0.0
-ɛkù	0.111077898009	0.526454235667	0.20753870987	0.154929156454
-anɑ	0.0	1.0	0.0	0.0
-ũũo	0.333333333333	0.0	0.666666666667	0.0
-ɛkú	0.0	0.0	0.0	1.0
-wɑ̃	0.0	1.0	0.0	0.0
-760	0.0999999999999	0.5	0.2	0.2
-́rì	0.210906499174	0.623115402947	0.12388541422	0.0420926836586
-́rí	0.5832588088	0.254695045609	0.0901448756931	0.0719012698981
-ísí	0.298913043478	0.347826086956	0.29347826087	0.0597826086956
-ísì	0.153024911032	0.747330960854	0.0996441281139	0.0
-ũti	0.404605263158	0.358552631579	0.236842105263	0.0
-mɑɑ	0.0603378161115	0.895685562428	0.0296960411583	0.0142805803022
-tuo	0.302112029385	0.532598714417	0.110192837466	0.0550964187328
-die	0.24	0.76	0.0	0.0
-feu	0.302869287991	0.548352816153	0.0958361510965	0.052941744759
-kèè	0.8826434619	0.0584901222954	0.00914863593603	0.0497177798683
-dii	0.0298148913034	0.846338637129	0.0238603293846	0.0999861421833
-diu	0.444162436548	0.47461928934	0.0507614213198	0.0304568527919
-fee	0.0	1.0	0.0	0.0
-fei	0.575118693168	0.258308521767	0.0796652450308	0.0869075400338
-ĩkú	0.626442877644	0.298059524552	0.0411805078929	0.0343170899108
-ĩkù	0.428571428572	0.47619047619	0.095238095238	0.0
-duò	0.41637723751	0.320464867753	0.113812449906	0.14934544483
-duó	0.507483053086	0.160049300114	0.0332775772515	0.299190069548
-yiɛ	0.169064748202	0.459082733813	0.0485611510791	0.323291366906
-ùdù	0.2	0.8	0.0	0.0
-di-	0.08	0.88	0.0	0.04
-duú	0.5	0.5	0.0	0.0
-̃mu	0.276897667521	0.33226034785	0.143319401375	0.247522583255
-yùù	0.472527472528	0.527472527472	0.0	0.0
-yùú	0.3	0.3	0.4	0.0
-ɛ́o	0.0	0.333333333333	0.333333333333	0.333333333333
-yɑú	0.759493670886	0.0632911392405	0.101265822785	0.0759493670885
-aii	0.00561797752811	0.994382022472	0.0	0.0
-̃yɛ	0.0	0.666666666667	0.333333333333	0.0
-sìɛ	0.352941176471	0.647058823529	0.0	0.0
-emu	0.337620578778	0.46463022508	0.0289389067524	0.168810289389
-yèè	1.0	0.0	0.0	0.0
-ɑdɑ	0.0223903644225	0.946571957999	0.0287214329833	0.00231624459543
-cie	0.75	0.25	0.0	0.0
-ũkɛ	0.306834030683	0.450488145049	0.150627615063	0.092050209205
-ɔɔ́	0.144859161726	0.733173927495	0.0855644789466	0.0364024318326
-ɔɔ̀	0.43302393463	0.31894819665	0.0582016952917	0.189826173428
-iyɛ	0.197207678883	0.375218150087	0.385689354276	0.0418848167539
-ɛwe	0.0430214674089	0.868097827264	0.0118493165522	0.0770313887746
-iyɔ	0.25	0.75	0.0	0.0
-iyɑ	0.0226210052191	0.968570815757	0.00640594838064	0.00240223064274
