-ãga	0.702959444647	0.138472780416	0.00438436244065	0.154183412496
-imú	0.0	0.97247706422	0.0	0.0275229357798
-ãgu	0.462080371893	0.375347309972	0.0696141813309	0.0929581368039
-rbe	0.0	1.0	0.0	0.0
-hex	0.682730923695	0.196787148594	0.0963855421687	0.0240963855422
-cax	0.351316228454	0.227680346305	0.0523160462969	0.368687378944
-ufu	0.0	1.0	0.0	0.0
-oye	0.540896218557	0.415375645511	0.00499750124937	0.0387306346826
-naĩ	0.0434796716311	0.4148739414	0.319672929037	0.221973457932
-ode	0.0525960890088	0.849966284558	0.0475387727579	0.049898853675
-üma	0.219684892768	0.199997902204	0.101074808518	0.47924239651
-eĩ́	0.0	1.0	0.0	0.0
-aux	0.466894687949	0.28207077105	0.0204796892154	0.230554851786
-áwa	0.0916435348221	0.82730800569	0.0356133736587	0.0454350858295
-biú	0.0	1.0	0.0	0.0
-áwe	0.498141263941	0.331917153478	0.0318640467339	0.138077535847
-idá	0.0	1.0	0.0	0.0
-c̱a	0.313384813385	0.651866151866	0.011583011583	0.023166023166
-güã	0.102409638554	0.698795180723	0.198795180723	0.0
-xex	0.07588706359	0.461059411895	0.18548412623	0.277569398285
-ĩgu	0.214949754846	0.271362690594	0.0502139111143	0.463473643446
-ecü	0.0853742852518	0.648759192421	0.173343502771	0.0925230195556
-̃gü	0.105117160599	0.533685881768	0.0426031028558	0.318593854777
-díu	0.0440506329114	0.671392405063	0.269367088608	0.0151898734177
-adó	0.0	1.0	0.0	0.0
-iãẽ	0.591288900586	0.208204487137	0.153957497204	0.0465491150733
-axu	0.599055356943	0.182659303094	0.0597066689808	0.158578670983
-ẽẽx	0.533018867924	0.330188679245	0.0377358490566	0.0990566037736
-pai	0.0280493223728	0.864252388358	0.0216618529215	0.0860364363475
-cüü	0.290520015791	0.406195089475	0.113671395757	0.189613498976
-üxẽ	0.623113761918	0.268716258257	0.0484482726113	0.0597217072143
-niẽ	0.640159045726	0.332007952286	0.0159045725646	0.0119284294235
-pue	0.377845576156	0.490729875616	0.131424548228	0.0
-aĩ́	0.0120240480962	0.987975951904	0.0	0.0
-pua	0.0335195530726	0.664804469274	0.234636871508	0.0670391061453
-riú	0.0	1.0	0.0	0.0
-utü	0.3079376675	0.607627194231	0.0558936830794	0.0285414551895
-pre	0.010101010101	0.979797979798	0.010101010101	0.0
-ará	0.0	1.0	0.0	0.0
-úü̃	0.0	1.0	0.0	0.0
-o̱x	0.681106328418	0.0818756296364	0.0624730155823	0.174545026363
-aré	0.00721732157177	0.992782678428	0.0	0.0
-axã	0.634987613349	0.155968332433	0.0273280732036	0.181715981015
-meã	0.161274719185	0.172437182678	0.11128312473	0.555004973407
-exĩ	0.602728699642	0.207308729424	0.0205256167747	0.16943695416
-arü	0.227786633641	0.490332207916	0.0922468421218	0.189634316321
-tía	0.0	1.0	0.0	0.0
-ida	0.211970074813	0.598503740648	0.0448877805486	0.14463840399
-ẽxẽ	0.511401752941	0.256892592815	0.0826947515395	0.149010902705
-imu	0.297379646557	0.414381474711	0.161486898233	0.1267519805
-héa	0.0247466415272	0.880391232618	0.00824888050907	0.0866132453453
-400	0.217791411043	0.0368098159509	0.0	0.745398773006
-ima	0.131634392858	0.110723962767	0.0301165878842	0.727525056491
-ela	0.0	1.0	0.0	0.0
-ime	0.331124887606	0.3280488382	0.208698121244	0.132128152951
-deu	0.0	0.88679245283	0.0	0.11320754717
-ãgü	0.315223495058	0.503271001797	0.0706564465409	0.110849056604
-héu	0.0056179775281	0.97191011236	0.0187265917603	0.00374531835206
-̃ga	0.534253994043	0.333062550772	0.0731112916329	0.0595721635527
-güx	0.0456868381395	0.823914892145	0.0575625990838	0.0728356706317
-eca	0.262719113208	0.176724711884	0.0842479730586	0.476308201849
-oba	0.0	1.0	0.0	0.0
-obe	0.262295081967	0.737704918033	0.0	0.0
-̃gu	0.239980449232	0.528883855801	0.0684503692452	0.162685325721
-uxũ	0.531700718291	0.092084399762	0.0442194800273	0.331995401919
-güe	0.622745499127	0.119949127316	0.0301068149	0.227198558656
-aué	0.0	0.932862190813	0.0671378091873	0.0
-oxẽ	0.304058246049	0.609877376738	0.0292233860078	0.0568409912047
-ixũ	0.596644062763	0.102653716947	0.0148761806791	0.285826039611
-xox	0.297872340426	0.212765957447	0.489361702128	0.0
-ecu	0.860517643574	0.139482356426	0.0	0.0
-ĩgü	0.376477540677	0.173240891343	0.0500034746638	0.400278093315
-üex	0.518590998043	0.275929549902	0.0293542074364	0.176125244618
-100	0.0	0.00401821591213	0.018215912135	0.977765871953
-uta	0.0823576591413	0.410112999445	0.0558400448011	0.451689296613
-teu	0.0	1.0	0.0	0.0
-ute	0.157905744562	0.828151143335	0.00209146681539	0.0118516452872
-́wa	0.387234042553	0.56170212766	0.0510638297872	0.0
-uti	0.243902439024	0.756097560976	0.0	0.0
-cüx	0.101259306271	0.682169095614	0.136993030489	0.079578567625
-uto	0.282727488715	0.64243288192	0.0	0.0748396293656
-cüe	0.31379504109	0.3421366861	0.0467092786402	0.29735899417
-riu	0.083317817911	0.892012660585	0.0148948054366	0.00977471606779
-péu	0.0	1.0	0.0	0.0
-utu	0.0216998191682	0.978300180832	0.0	0.0
-haú	0.267544806737	0.583459296048	0.123083567264	0.0259123299504
-ẽẽã	0.677570093458	0.114485981308	0.0841121495327	0.123831775701
-ánu	0.0156862745098	0.96862745098	0.0	0.0156862745098
-are	0.268852786864	0.456093489476	0.18950899597	0.0855447276905
-ara	0.0698010700039	0.872985563889	0.0461065685502	0.0111067975564
-nza	0.0979591836735	0.902040816327	0.0	0.0
-õcü	0.223613480955	0.438272159288	0.275700155234	0.0624142045236
-ari	0.0	1.0	0.0	0.0
-aru	0.114786900699	0.80323336621	0.0232170444528	0.0587626886385
-ümü	0.569676700111	0.363433667782	0.0334448160535	0.0334448160534
-mea	0.348457350272	0.139745916515	0.021778584392	0.49001814882
-día	0.0110294117647	0.900735294118	0.0882352941176	0.0
-uía	0.0504201680672	0.949579831933	0.0	0.0
-ígu	0.0	0.959459459459	0.0	0.0405405405405
-xwa	0.247334470687	0.403222095934	0.0806776742417	0.268765759138
-opá	0.0	1.0	0.0	0.0
-xwe	0.399355877617	0.330112721417	0.164251207729	0.106280193237
-aye	0.0	1.0	0.0	0.0
-écü	0.314395232219	0.382787681483	0.25779096327	0.0450261230277
-aya	0.149276847197	0.524649145798	0.175963210941	0.150110796064
-amú	0.0557620817844	0.938661710037	0.00557620817843	0.0
-ãca	0.0907410519241	0.279112754159	0.630146193917	0.0
-étu	0.0490797546012	0.815950920246	0.0858895705521	0.0490797546012
-ayi	0.766900663525	0.157771580601	0.0096163092605	0.0657114466136
-ayu	0.477605193622	0.283356182647	0.0485743401832	0.190464283548
-iéu	0.0794223826715	0.779783393502	0.0541516245488	0.0866425992779
-ãcu	0.63848669614	0.312735221128	0.0349729649777	0.0138051177544
-éta	0.0467289719626	0.897196261682	0.0560747663551	0.0
-beú	0.0363636363636	0.963636363636	0.0	0.0
-̃mü	0.0659176029963	0.894382022472	0.0194756554307	0.0202247191011
-ẽgu	0.505894596184	0.247343440115	0.0812004101125	0.165561553589
-ixü	0.399299474606	0.264448336252	0.0647985989492	0.271453590193
-ixã	0.576481396417	0.110243454295	0.0826825907211	0.230592558567
-̃cü	0.245102474135	0.447128057165	0.189300917539	0.118468551161
-ãü̃	0.145357780102	0.835261182551	0.0129206915646	0.00646034578231
-̱au	0.520408163265	0.224489795918	0.0204081632653	0.234693877551
-aue	0.158235532173	0.700121408337	0.0712262242008	0.0704168352893
-exe	0.442278086516	0.308394336988	0.0814296253934	0.167897951103
-ü̱x	0.0507265923546	0.0712690793852	0.226616596365	0.651387731895
-ẽga	0.0368852459016	0.430327868852	0.532786885246	0.0
-exa	0.534745678955	0.211763184056	0.0588057462777	0.194685390711
-umu	0.358108108108	0.601351351351	0.0	0.0405405405405
-ota	0.236953685584	0.720971950424	0.0156555772994	0.0264187866928
-ũãẽ	0.430167597765	0.201117318436	0.335195530726	0.0335195530726
-táe	0.44981307752	0.299604994004	0.199971785286	0.0506101431897
-ĩra	0.184774862871	0.177443445987	0.323908629388	0.313873061753
-ume	0.370166811301	0.0782952463601	0.166168482628	0.385369459711
-ü̃́	0.157812850257	0.229465477731	0.0297949219993	0.582926750013
-uma	0.114135673695	0.0514738436842	0.0193174987931	0.815072983828
-oxe	0.390697674419	0.284754521964	0.0516795865633	0.272868217054
-yéa	0.469318948078	0.385704652731	0.0384356035064	0.106540795684
-haá	0.0396576319543	0.960342368046	0.0	0.0
ALL	0.227203652407	0.308032710222	0.0577653249802	0.406998312391
-úwa	0.00731707317073	0.992682926829	0.0	0.0
-nía	0.0	1.0	0.0	0.0
-haí	0.0	1.0	0.0	0.0
-máũ	0.00438986915751	0.991220261685	0.00146328971917	0.00292657943834
-nax	0.278889606198	0.332472562944	0.0723047127179	0.316333118141
-üwe	0.336267208305	0.304972541939	0.158880613857	0.199879635899
-íwa	0.0409706901986	0.908603844942	0.0441222817523	0.00630318310747
-üwa	0.13906479264	0.415670602766	0.0631546348303	0.382109969764
-maã	0.150307003684	0.274132982363	0.0435651137971	0.531994900156
-müẽ	0.289416846652	0.542116630669	0.142548596112	0.0259179265659
-étü	0.726197275027	0.19082972995	0.0360610263523	0.046911968671
-amu	0.602092362468	0.13209696944	0.0318072802265	0.234003387865
-ṹwa	0.141592920354	0.823008849558	0.0176991150442	0.0176991150442
-ãcü	0.212344668505	0.136538906887	0.108517953653	0.542598470955
-exü	0.472485059761	0.175547808765	0.0927539840637	0.25921314741
-ẽgü	0.372045517123	0.413206888259	0.12021864898	0.0945289456374
-ãma	0.182386935605	0.199103197303	0.0566198895895	0.561889977503
-ixu	0.5931715921	0.0534072191908	0.0160671737	0.337354015009
-xaü	0.482048707005	0.499121265378	0.0188300276174	0.0
-yae	0.277294649907	0.569586418831	0.145276254295	0.00784267696707
-yad	0.30303030303	0.426406926407	0.0865800865801	0.183982683983
-ixa	0.600638377769	0.289523094255	0.0985730379271	0.0112654900488
-exé	0.0577508875793	0.323283952067	0.00186708442751	0.617098075926
-̃ãẽ	0.287162162162	0.405405405405	0.307432432432	0.0
-ũdu	0.0	1.0	0.0	0.0
-rla	0.0	0.78453038674	0.182320441989	0.0331491712707
-ixo	0.727272727273	0.16715542522	0.0791788856305	0.0263929618768
-exá	0.0845523817286	0.88692392323	0.00611222036592	0.022411474675
-rei	0.119035785288	0.649850894632	0.20874751491	0.022365805169
-igu	0.165477158729	0.263010198542	0.061953977729	0.509558665
-umü	0.120610670488	0.726396805857	0.130466017104	0.0225265065504
-uxu	0.64443873242	0.209782249477	0.109426063967	0.0363529541365
-ree	0.0822467402206	0.180541624875	0.012036108325	0.72517552658
-ĩrü	0.144264634792	0.0598512925576	0.0186459796045	0.777238093046
-ama	0.166630541956	0.139233289916	0.0686040474587	0.625532120669
-upe	0.40242669363	0.398382204247	0.0	0.199191102123
-umé	0.0	1.0	0.0	0.0
-max	0.149759649273	0.103083167181	0.030376939898	0.716780243647
-xãẽ	0.163341874085	0.650042703758	0.157790385554	0.0288250366032
-hae	0.4704595186	0.424507658643	0.0131291028446	0.0919037199124
-úne	0.429775280899	0.297752808989	0.272471910112	0.0
-axẽ	0.341429356286	0.329380703843	0.120318652138	0.208871287733
-aza	0.0310965630115	0.878887070376	0.090016366612	0.0
-hau	0.450344954077	0.184243570028	0.1975197167	0.167891759195
-eãẽ	0.230892632061	0.669416752607	0.0859401856309	0.0137504297009
-̱xã	0.102922726488	0.796994502576	0.0692880721867	0.0307946987496
-üna	0.23169386898	0.408358179519	0.0961777345368	0.263770216964
-üne	0.122043099739	0.524684696614	0.303022278129	0.0502499255189
-abá	0.0992907801418	0.781323877069	0.112293144208	0.00709219858155
-ãxẽ	0.297241567132	0.294090184025	0.29195035599	0.116717892853
-une	0.0750571888415	0.601641730643	0.0374589496273	0.285842130888
-́tü	0.426369483256	0.202483921047	0.19627411843	0.174872477268
-una	0.146498875303	0.408039082548	0.029478173227	0.415983868922
-baá	0.0	1.0	0.0	0.0
-baú	0.0330578512397	0.917355371901	0.0495867768595	0.0
-666	0.0	0.0	0.0	1.0
-ade	0.621466431095	0.310070671378	0.0331272084805	0.0353356890459
-ada	0.0158562367865	0.793868921776	0.190274841438	0.0
-üre	0.0452830188679	0.852830188679	0.0452830188679	0.0566037735849
-ntu	0.561025223759	0.414564686737	0.0	0.0244100895036
-ü̃x	0.0726013626717	0.838589175571	0.0557644654595	0.0330449962975
-nüẽ	0.494595669435	0.195915910941	0.0482926330363	0.261195786587
-tru	0.0170955551557	0.867374482634	0.0161957890949	0.0993341731151
-gau	0.812474165672	0.0919330905784	0.0333612260067	0.0622315177433
-adu	0.10816374438	0.775817548168	0.0760215966341	0.0399971108182
-ü̃g	0.494423791822	0.334572490706	0.156133828996	0.0148698884758
-ire	0.125861552292	0.786656202841	0.0220116616117	0.0654705832552
-dré	0.00389105058367	0.996108949416	0.0	0.0
-xoó	0.927272727273	0.0363636363636	0.0	0.0363636363636
-erú	0.0	1.0	0.0	0.0
-erü	0.146338770175	0.0239781347881	0.00642699320093	0.823256101836
-̃ma	0.0357598173853	0.20909937584	0.206145036294	0.548995770481
-chi	0.309506052422	0.219025384136	0.0777765018474	0.393692061595
-ina	0.283780178738	0.503468053888	0.0643590769641	0.14839269041
-uwa	0.18504331977	0.638249289066	0.125101470881	0.0516059202835
-eró	0.0	1.0	0.0	0.0
-uiu	0.0	1.0	0.0	0.0
-ine	0.226961157654	0.510281797411	0.222391469916	0.0403655750191
-ira	0.287033890451	0.473276900738	0.10422008712	0.13546912169
-aẽ́	0.0	0.99605781866	0.00394218134034	0.0
-eré	0.0	1.0	0.0	0.0
-erí	0.00992555831265	0.970223325062	0.0	0.0198511166253
-inu	0.235612998164	0.734454619529	0.0190630814696	0.0108693008379
-oõẽ	0.0487804878048	0.0731707317073	0.841463414634	0.0365853658537
-raá	0.00605143721632	0.993948562784	0.0	0.0
-ixi	0.0944881889764	0.834645669291	0.0236220472441	0.0472440944882
-üña	0.781659388646	0.170305676856	0.0480349344978	0.0
-nex	0.0452261306532	0.784757118928	0.14405360134	0.0259631490787
-ena	0.258932346486	0.219838063636	0.0594888673419	0.461740722536
-ã́ũ	0.136412652768	0.85460100647	0.0	0.00898634076204
-ugü	0.274948135307	0.543400245664	0.0334153558341	0.148236263195
-exã	0.521409322288	0.413713943507	0.0349336261104	0.0299431080946
-üñu	0.401234567901	0.296296296296	0.158436213992	0.144032921811
-pãũ	0.0412579432794	0.952670093487	0.00314067063787	0.00293129259535
-õwa	0.587954680978	0.158020274299	0.146690518784	0.107334525939
-bai	0.0217520158359	0.036346556024	0.0157688135366	0.926132614604
-oẽ́	0.0	1.0	0.0	0.0
-bae	0.384905660377	0.207547169811	0.305660377359	0.101886792453
-úxe	0.697531033899	0.111796336488	0.0617891663886	0.128883463225
-unü	0.553636839351	0.198063840921	0.0164835164836	0.231815803244
-üda	0.567186525265	0.085839051778	0.00449157829071	0.342482844666
-úxu	0.748855461086	0.0974493132767	0.0	0.153695225638
-ẽcü	0.400677295352	0.335316281252	0.117340307548	0.146666115848
-dru	0.027532043597	0.933498231135	0.00290253782764	0.0360671874408
-ẽ̱x	0.543042361003	0.306547850802	0.049739137206	0.100670650989
-que	0.167511435282	0.794164915317	0.0247249350971	0.0135987143034
-adá	0.0	1.0	0.0	0.0
-qui	0.0	1.0	0.0	0.0
-gaí	0.0	1.0	0.0	0.0
-adí	0.0	1.0	0.0	0.0
-iyo	0.169333333333	0.830666666667	0.0	0.0
-ürü	0.206310421344	0.0343041394772	0.00601076964281	0.753374669536
-axũ	0.473222912447	0.114636453845	0.0124029795968	0.399737654111
-üme	0.402282453638	0.0884450784593	0.291012838802	0.218259629101
-yea	0.140202093107	0.574341392999	0.21977625406	0.065680259834
-aü̃	0.437693206177	0.360806956163	0.0806002617852	0.120899575875
-uíu	0.0	1.0	0.0	0.0
-ãxṹ	0.19298245614	0.174736842105	0.0889223057644	0.54335839599
-ixe	0.472292183287	0.2081904697	0.232921388589	0.0865959584239
-rax	0.502717391304	0.0489130434783	0.448369565217	0.0
-dae	0.560025021064	0.126318073889	0.0	0.313656905048
-430	0.269841269841	0.0634920634921	0.0	0.666666666667
-ita	0.523023083535	0.20441197914	0.115160481235	0.15740445609
-eru	0.127649639552	0.606900253024	0.242220524898	0.0232295825258
-ĩma	0.0196393605518	0.0769208288278	0.0218897039483	0.881550106672
-eri	0.0449342941924	0.902924968207	0.0	0.0521407376007
-iwa	0.147972721093	0.521237637875	0.136613819266	0.194175821766
-üxü	0.114999885023	0.734863292478	0.0887391634281	0.0613976590705
-inü	0.127778781854	0.706488342671	0.0630935792868	0.102639296188
-iwe	0.207989791912	0.78170396545	0.00294464075382	0.00736160188459
-xoe	0.556449438903	0.228892309954	0.071036620007	0.143621631135
-era	0.0962379837393	0.185965980441	0.219509393119	0.498286642701
-rae	0.473552009456	0.287332545311	0.180506304177	0.0586091410559
-ere	0.0824742268041	0.917525773196	0.0	0.0
-xom	0.427586206896	0.448275862069	0.0	0.124137931034
-ugu	0.288272951455	0.572017810181	0.0709741137475	0.0687351246165
-átu	0.0	1.0	0.0	0.0
-edé	0.0943539352068	0.846828027262	0.00816917187937	0.0506488656522
-ñaã	0.0524585816395	0.0195712431501	0.0102509964122	0.917719178798
-uga	0.278712025611	0.313975655961	0.045647574853	0.361664743575
-áta	0.0608011859127	0.0861060604306	0.059782042225	0.793310711432
-urü	0.0372527370402	0.0764284599572	0.018370652313	0.86794815069
-ĩxũ	0.319327731092	0.579831932773	0.0	0.100840336134
-neã	0.246753246753	0.714285714286	0.0	0.0389610389611
-oná	0.0266193433895	0.97338065661	0.0	0.0
-ácu	0.0550458715596	0.779816513761	0.165137614679	0.0
-500	0.078488372093	0.0697674418604	0.0261627906977	0.825581395349
-anü	0.453168883603	0.400084775658	0.052726693538	0.0940196472016
-ipá	0.00198281559815	0.958360872439	0.0356906807667	0.00396563119631
-uxã	0.335528864781	0.296977915537	0.0294943820225	0.33799883766
-ĩnü	0.529476413452	0.152326207905	0.0396329029895	0.278564475654
-xrü	0.267122478897	0.353491600402	0.136988471253	0.242397449448
-́ma	0.443071657258	0.0726716521543	0.00602522374619	0.478231466841
-ewé	0.0117994100295	0.988200589971	0.0	0.0
-déu	0.00362866646508	0.97822800121	0.0	0.0181433323254
-́cü	0.172111553785	0.217529880478	0.548207171315	0.0621513944223
-ngẽ	0.637931034483	0.189655172414	0.137931034483	0.0344827586207
-uxá	0.354651162791	0.517441860465	0.127906976744	0.0
-uxü	0.406647116324	0.231671554252	0.0234604105572	0.338220918866
-e̱x	0.366736140773	0.393469543416	0.0934794969353	0.146314818876
-íra	0.276270350271	0.607465877323	0.0851833580003	0.0310804144055
-ũna	0.456	0.544	0.0	0.0
-ca̱	0.584877687176	0.0667160859896	0.0148257968866	0.333580429948
-nuẽ	0.220225578283	0.360925253298	0.350602179316	0.0682469891034
-ibe	0.515463917526	0.425625920471	0.0	0.0589101620029
-ocu	0.625043160088	0.195927978701	0.0453610474278	0.133667813784
-éga	0.46286687691	0.372516855733	0.068497378633	0.0961188887235
-ucü	0.304228445456	0.50931059642	0.0725531841605	0.113907773963
-íãx	0.0	0.959252971138	0.0	0.0407470288625
-xye	0.87194841087	0.111929986182	0.0161216029479	0.0
-cuá	0.7421875	0.0703125	0.08203125	0.10546875
-ĩxã	0.445129224652	0.194532803181	0.00775347912524	0.352584493042
-oca	0.0459122029803	0.944422070077	0.0	0.0096657269432
-a̱x	0.33730869843	0.260468936534	0.0583167832161	0.34390558182
-égu	0.161073825503	0.320469798658	0.437919463087	0.0805369127517
-áma	0.108623408784	0.0826130516714	0.0349969953703	0.773766544174
-̃wa	0.221229006665	0.614898504136	0.0620487304847	0.101823758715
-üra	0.305771239852	0.287709171086	0.0617007314404	0.344818857622
-xri	0.209289577795	0.181403704774	0.172807759656	0.436498957774
-ipi	0.0178716490658	0.978878960195	0.0	0.00324939073924
-iux	0.00675675675675	0.993243243243	0.0	0.0
-ére	0.254076086957	0.698369565217	0.0475543478261	0.0
-ácü	0.501391348343	0.218315203643	0.109284088034	0.17100935998
-xre	0.029520740605	0.0791861104225	0.0975762213193	0.793716927653
-ĩne	0.101778385773	0.819151846785	0.0489740082079	0.0300957592339
-ǘxe	0.5399543379	0.250587084149	0.0543705153294	0.155088062622
-ewe	0.4903388036	0.353030704076	0.0990603493912	0.0575701429327
-ewa	0.125600645831	0.601120660395	0.0537179314919	0.219560762282
-éru	0.0	1.0	0.0	0.0
-rdi	0.0	0.854905573468	0.0644864117917	0.0806080147398
-ipu	0.0	1.0	0.0	0.0
-uxo	0.280427631579	0.250822368421	0.407072368421	0.0616776315789
-ãrü	0.0943822264145	0.439442624455	0.0760595627004	0.39011558643
-̃xẽ	0.604843114024	0.219634788728	0.053469562861	0.122052534387
-uãẽ	0.428655788656	0.403822843823	0.095571095571	0.0719502719503
-uxi	0.432471264368	0.258620689655	0.222701149425	0.0862068965517
-geã	0.751592356688	0.0764331210191	0.114649681529	0.0573248407643
-awa	0.206637667148	0.423152160984	0.0528463506618	0.317363821206
-úma	0.769986757444	0.038749666566	0.00486415068158	0.186399425308
-ẽma	0.158103905782	0.0732712864638	0.00957226621363	0.75905254154
-eẽx	0.0809768637532	0.808483290489	0.0539845758354	0.0565552699228
-awe	0.397727272727	0.194245485155	0.105922865014	0.302104377104
-uxa	0.274862960063	0.136256851997	0.0187940485513	0.570086139389
-gáu	0.466257668712	0.496932515338	0.0184049079755	0.0184049079755
-ũxũ	0.273944091368	0.0456895945217	0.0324218475176	0.647944466593
-diṹ	0.0	0.905759162304	0.0942408376964	0.0
-boú	0.0333333333333	0.966666666667	0.0	0.0
-nge	0.188615792576	0.539236734271	0.0283756146954	0.243771858457
-ibü	0.671480022676	0.230345638581	0.0511155648001	0.047058773943
-éux	0.0909157295166	0.777639842267	0.0481962903462	0.0832481378706
-stu	0.0150089945824	0.933787395107	0.00334827231228	0.0478553379987
-aãẽ	0.14365087688	0.708455868398	0.101139278538	0.0467539761837
-hĩã	0.0864924549135	0.821494295179	0.0588884799411	0.0331247699669
-uéu	0.193798449612	0.68992248062	0.031007751938	0.0852713178294
-aẽx	0.424242424242	0.343434343434	0.020202020202	0.212121212121
-ũwa	0.0299092488404	0.880805630819	0.0435833275766	0.045701792764
-gü̃	0.234769885608	0.180234104815	0.0699654163341	0.515030593243
-ngṍ	0.847507331378	0.117302052786	0.0175953079179	0.0175953079179
-̃ra	0.209429824561	0.185855263158	0.134046052632	0.470668859649
-obé	0.0	1.0	0.0	0.0
-loí	0.0	1.0	0.0	0.0
-ocü	0.867712340929	0.0713228765907	0.014797277301	0.0461675051791
-cue	0.38002222459	0.45783447247	0.0463136102781	0.115829692661
-eyu	0.0413144554689	0.864764015765	0.0870357861878	0.00688574257815
-ucu	0.306286347272	0.505677097757	0.129880919413	0.058155635558
-eyi	0.264150943396	0.566037735849	0.0566037735849	0.11320754717
-rpa	0.103048518678	0.896951481322	0.0	0.0
-áxi	0.622807017544	0.0745614035088	0.0263157894736	0.276315789474
-ǘni	0.0	1.0	0.0	0.0
-̱xẽ	0.437806536617	0.461711084157	0.053559424211	0.0469229550156
-ǘne	0.0686517517034	0.831074628467	0.0191533880573	0.0811202317721
-200	0.0361166050391	0.279903689053	0.0313010577006	0.652678648207
-uca	0.0551560959408	0.89054784804	0.014717906253	0.0395781497657
-áxe	0.373848786173	0.222575445731	0.29595556327	0.107620204826
-̃na	0.369797717466	0.452674533765	0.0715737517675	0.105953997001
-itú	0.329032258065	0.670967741935	0.0	0.0
-̃ne	0.257355983863	0.491064043976	0.114299727879	0.137280244281
-águ	0.0172920065253	0.967536704731	0.00766721044046	0.00750407830343
-üãẽ	0.290081639743	0.385096404377	0.267500434254	0.0573215216258
-ĩwa	0.149651498807	0.626547574465	0.0365828437921	0.187218082936
-ĩwe	0.602040816327	0.208163265306	0.0469387755101	0.142857142857
-ora	0.116284428664	0.694611083502	0.094438883249	0.0946656045852
-góe	0.904	0.048	0.0	0.048
-ága	0.74930362117	0.183844011142	0.0	0.066852367688
-néũ	0.0	1.0	0.0	0.0
-mux	0.333333333333	0.666666666667	0.0	0.0
-míã	0.0	0.973490427099	0.0132547864507	0.0132547864507
-ifa	0.0	1.0	0.0	0.0
-ẽru	0.136060884411	0.699228783481	0.06949255195	0.0952177801577
-ṹgu	0.0110701107011	0.79704797048	0.10332103321	0.0885608856089
-gúe	0.790520149121	0.0834368897567	0.0634652938044	0.0625776673176
-ána	0.0233918128655	0.950292397661	0.0	0.0263157894737
-udá	0.0854139290408	0.914586070959	0.0	0.0
-áne	0.369863013699	0.36301369863	0.267123287671	0.0
-xgü	0.469593552866	0.312169105707	0.0508326830783	0.167404658349
-úru	0.0483870967742	0.951612903226	0.0	0.0
-ínu	0.0	1.0	0.0	0.0
-yox	0.228571428571	0.702857142857	0.0	0.0685714285714
-120	0.03125	0.21875	0.0	0.75
-hué	0.0	1.0	0.0	0.0
-ücu	0.618669314796	0.0997121942808	0.00884526874751	0.272773222175
-abü	0.121580547112	0.80868943322	0.0429107813338	0.0268192383336
-i̱x	0.0715960773167	0.881679931779	0.0289582148948	0.0177657760091
-üca	0.294308943089	0.617886178862	0.0878048780488	0.0
-ína	0.151260504202	0.798319327731	0.0504201680672	0.0
-abí	0.0146642655004	0.942886544893	0.00977617700025	0.0326730126061
-abé	0.0858775925978	0.822939362214	0.00636654310857	0.0848165020797
-ṉ̃a	0.940639269406	0.041095890411	0.0182648401826	0.0
-uüe	0.0	1.0	0.0	0.0
-üü̃	0.246208936903	0.304630335302	0.0999951109286	0.349165616867
-pee	0.523613963039	0.225188227242	0.150581793292	0.100616016427
-ãna	0.323529411765	0.558823529412	0.0	0.117647058824
-orü	0.0172868550987	0.0186949932953	0.00855275365673	0.955465397949
-cho	0.616979269497	0.167160250082	0.0691016781836	0.146758802238
-iyu	0.377798968462	0.296730679548	0.280645093931	0.0448252580584
-cha	0.313107308147	0.343759187897	0.174200428782	0.168933075173
-ómü	0.37037037037	0.148148148148	0.481481481481	0.0
-ogu	0.540636042403	0.269964664311	0.0932862190813	0.096113074205
-che	0.0387337197922	0.942118999222	0.0126477452383	0.00649953574745
-ũxẽ	0.453575513746	0.27860608212	0.160138839585	0.107679564549
-153	0.0478468899522	0.0	0.11961722488	0.832535885167
-oga	0.204602933738	0.615832068791	0.118866970157	0.0606980273142
-obu	0.0133028476408	0.974225732696	0.0	0.0124714196633
-iya	0.105249309301	0.457352102793	0.411524799369	0.0258737885366
-chu	0.00797911586787	0.752231379766	0.00198938142048	0.237800122945
-itu	0.111227701994	0.851521511018	0.0167890870934	0.0204616998951
-̃we	0.239579275419	0.317491234905	0.234514998052	0.208414491624
-xni	0.101879248301	0.486045581767	0.0393442622951	0.372730907637
-xne	0.256580109521	0.677177177177	0.0353294470941	0.0309132662074
-oõx	0.107317073171	0.756097560976	0.0	0.136585365854
-xna	0.156178295137	0.0602932021527	0.0220101950892	0.761518307621
-̱̃x	0.269541778976	0.0835579514825	0.0	0.646900269542
-neẽ	0.0714310342582	0.78890384463	0.0648319065328	0.0748332145786
-óü̃	0.0	1.0	0.0	0.0
-ria	0.00907029478457	0.990929705215	0.0	0.0
-ẽrü	0.60447761194	0.358208955224	0.0	0.0373134328358
-́gu	0.0116054158607	0.802707930368	0.0	0.185686653772
-eta	0.23462425369	0.591906203612	0.0996626905257	0.0738068521724
-uda	0.0608886933568	0.885701715794	0.0010558732952	0.0523537175539
-spu	0.0	1.0	0.0	0.0
-bre	0.224166391548	0.544734235721	0.23109937273	0.0
-ixĩ	0.381181277799	0.0406386274535	0.00661506141994	0.571565033327
-́ga	0.535717813544	0.381848630692	0.00957398793069	0.0728595678332
-xgu	0.479799046951	0.253605893514	0.0796130031825	0.186982056353
-abu	0.667245119306	0.159652928416	0.0117136659436	0.161388286334
-tãũ	0.166567810816	0.0476829048147	0.0266910797638	0.759058204606
-uẽ́	0.00363636363637	0.958181818182	0.0381818181818	0.0
-lox	0.133443163097	0.807248764415	0.0593080724877	0.0
-raṹ	0.0583279325988	0.910563836682	0.0311082307194	0.0
-õ̱x	0.731773857325	0.184558202872	0.0516063442319	0.0320615955715
-ücü	0.273334506541	0.342002079713	0.164739389992	0.219924023754
-yoé	0.0697674418605	0.860465116279	0.0	0.0697674418605
-bía	0.0	1.0	0.0	0.0
-hux	0.15479876161	0.638458892329	0.0268317853457	0.179910560716
-aba	0.290407744207	0.554610345165	0.0757797985723	0.0792021120564
-woo	0.0681577877018	0.0419532103635	0.0458812238891	0.844007778046
-büe	0.715589984783	0.184811177203	0.0257296998202	0.0738691381935
-abo	0.048231511254	0.951768488746	0.0	0.0
-woe	0.100882723834	0.747793190416	0.100882723834	0.0504413619168
-abi	0.00843881856539	0.974683544304	0.0168776371308	0.0
-ché	0.0472292879056	0.919501017803	0.00490798392205	0.0283617103692
-ogü	0.14538429323	0.476703461381	0.138986120081	0.238926125308
-chá	0.0	0.925	0.0	0.075
-ü̃ẽ	0.24741718323	0.323446421827	0.358817125464	0.0703192694794
-ãwe	0.0591216216216	0.839527027027	0.0	0.101351351351
-chú	0.0	1.0	0.0	0.0
-íla	0.0	0.975609756098	0.0243902439024	0.0
-ãwa	0.0905181837269	0.862477515212	0.0386272969118	0.00837700414954
-oro	0.0	1.0	0.0	0.0
-tux	0.116776315789	0.672697368421	0.180921052632	0.0296052631579
-xẽẽ	0.486181700725	0.321011529044	0.077086767967	0.115720002264
-chó	0.0	1.0	0.0	0.0
-́ne	0.711291022119	0.224808442967	0.0552262541564	0.00867428075754
-íü̃	0.0	1.0	0.0	0.0
-rux	0.0984205364089	0.854229377346	0.0142050258734	0.0331450603714
-ému	0.0	0.994589720469	0.0	0.00541027953113
-néu	0.0	0.957142857143	0.0	0.0428571428571
-quí	0.0	1.0	0.0	0.0
-icu	0.0328509442335	0.951124204921	0.0	0.0160248508456
-nuã	0.486736138642	0.0486209435352	0.00305827717053	0.461584640652
-aãx	0.0	0.366666666667	0.0	0.633333333333
-éma	0.470527067761	0.0368179134399	0.00872414478264	0.483930874017
-íax	0.11073253833	0.771720613288	0.045996592845	0.0715502555366
-oma	0.0568278107585	0.188230559134	0.0166917128755	0.738249917233
-rua	0.11	0.55	0.29	0.05
-ica	0.190104996598	0.587442613631	0.0383164368341	0.184135952937
-ĩte	0.0497900419916	0.910617876425	0.00539892021596	0.0341931613677
-ĩyü	0.372093023256	0.609302325581	0.0186046511628	0.0
-xcü	0.21830632602	0.588093427749	0.109346179258	0.0842540669727
-̱xi	0.0239713136676	0.9169918973	0.00594330090932	0.0530934881233
-amó	0.0	1.0	0.0	0.0
-áxẽ	0.667238789959	0.276979189015	0.00858184938853	0.047200171637
-144	0.0	0.09963099631	0.0	0.90036900369
-ĩxẽ	0.349285582567	0.145859431137	0.262620738772	0.242234247525
-gẽã	0.583333333333	0.229166666667	0.0	0.1875
-órü	0.0213077322232	0.291614098493	0.00231583107488	0.684762338208
-ügu	0.421734060384	0.339506538318	0.0657688484048	0.172990552893
-rix	0.0780462657374	0.817898785486	0.0220361169936	0.0820188317825
-̱xu	0.635385697483	0.213255155538	0.073232576971	0.0781265700083
-uri	0.0221476510067	0.962416107383	0.00402684563758	0.0114093959732
-oü̃	0.501718057486	0.382612986613	0.0389788536324	0.0766901022686
-üẽ́	0.980842911877	0.0114942528736	0.0	0.00766283524904
-ura	0.294788057989	0.262980206977	0.303515081974	0.138716653059
-ure	0.502671487938	0.409897997733	0.0269847266447	0.0604457876842
-éra	0.385934819897	0.614065180103	0.0	0.0
-uru	0.0399244435773	0.88256377194	0.00654379322273	0.0709679912605
-ẽãẽ	0.0992410974898	0.408445222806	0.395018486087	0.0972951936174
-ẽne	0.323467230444	0.490486257928	0.14799154334	0.0380549682875
-apa	0.163033847244	0.754563175616	0.0451887293993	0.0372142477406
-ẽna	0.314067253145	0.652223957905	0.0	0.0337087889501
-ape	0.200037869084	0.707316529855	0.0361761135182	0.0564694875422
-xẽx	0.0971659919028	0.627530364373	0.141700404858	0.133603238866
-api	0.878108239883	0.11457825451	0.0	0.00731350560702
-pae	0.513043478261	0.44347826087	0.0434782608696	0.0
-pax	0.167630057804	0.828901734104	0.00346820809249	0.0
-áru	0.0	1.0	0.0	0.0
-wae	0.00692840646651	0.445727482679	0.540415704388	0.00692840646651
-uxẽ	0.574394463668	0.154555940023	0.0980392156862	0.173010380623
-apu	0.172577280486	0.712213161388	0.0801251659396	0.0350843921866
-aía	0.0438567124205	0.943421493137	0.0127217944426	0.0
-ago	0.205438066465	0.307150050352	0.283987915408	0.203423967774
-ãne	0.0892822798731	0.691330510411	0.0927824206651	0.126604789051
-icü	0.225584743655	0.436991857163	0.265795344644	0.0716280545378
-icú	0.417309340189	0.462724935733	0.0171379605827	0.102827763496
-omü	0.0879520440252	0.833922955975	0.0737028301887	0.00442216981132
-y̱i	0.654320987654	0.345679012346	0.0	0.0
-́ü̃	0.917525773196	0.0	0.0412371134021	0.0412371134021
-umi	0.0491803278689	0.77868852459	0.0491803278689	0.122950819672
-oru	0.0709488548303	0.890304804546	0.0	0.0387463406234
-xüe	0.568238363978	0.240103566155	0.0317575904687	0.159900479398
-dia	0.0	1.0	0.0	0.0
-ãte	0.393340270551	0.349635796046	0.175858480749	0.0811654526535
-xcu	0.277245864409	0.49849028362	0.12316446876	0.10109938321
-aña	0.740016638935	0.202787021631	0.0166389351081	0.0405574043261
-ãta	0.428305400372	0.490999379268	0.0713842333954	0.00931098696461
-diu	0.0	1.0	0.0	0.0
-ori	0.0100785404907	0.966751933415	0.00131913100584	0.0218503950886
-̱xü	0.479364272839	0.331188065586	0.0195654968366	0.169882164738
-u̱x	0.476368122079	0.264973556325	0.0917203779534	0.166937943643
-ügü	0.243704868093	0.324776072912	0.0297170243926	0.401802034603
-xca	0.654761904762	0.273809523809	0.0	0.0714285714286
-úgü	0.643171806167	0.154185022026	0.132158590308	0.0704845814978
-eü̃	0.269714872849	0.685332648343	0.0449524788081	0.0
-üxo	0.450785430516	0.203502874678	0.0773342694834	0.268377425322
-awi	0.0	1.0	0.0	0.0
-õma	0.578530259366	0.253602305475	0.10878962536	0.0590778097982
-rta	0.0285818219613	0.965182144156	0.00311801694123	0.00311801694123
-apá	0.039942938659	0.917261055635	0.0256776034237	0.0171184022825
-ngu	0.601200225504	0.162282128146	0.0288377081091	0.207679938241
-ẽwa	0.216918613464	0.528406523276	0.122819282536	0.131855580724
-aie	0.642080662786	0.135097836489	0.0524192727363	0.170402227989
-nga	0.729096989967	0.130980820422	0.0470957613814	0.0928264282301
-íxe	0.769841269841	0.230158730159	0.0	0.0
-üyi	0.419294990724	0.558441558442	0.0222634508349	0.0
-üye	0.119113573407	0.492382271468	0.375346260388	0.0131578947368
-ore	0.171794843012	0.568705763988	0.0453912877089	0.214108105291
-uwe	0.575932019146	0.172921037713	0.0251187853215	0.226028157819
-uxe	0.610494900615	0.281141336829	0.0354878636565	0.0728758988991
-ema	0.065344356503	0.0488323785974	0.00699829007226	0.878824974827
-ḏai	0.517857142857	0.428571428571	0.0	0.0535714285715
-móũ	0.0	1.0	0.0	0.0
-acü	0.166524669388	0.508933766491	0.0485728449496	0.275968719172
-acú	0.0	1.0	0.0	0.0
-260	0.0481463649495	0.087626384208	0.0	0.864227250843
-niã	0.0109598140153	0.947857854533	0.0371969445367	0.00398538691466
-acá	0.0	1.0	0.0	0.0
-450	0.0	0.264150943396	0.0377358490566	0.698113207547
-cúe	0.561512240471	0.43229005268	0.0	0.00619770684845
-meẽ	0.630434782609	0.163043478261	0.0217391304348	0.184782608696
-uã̱	0.0397915679773	0.910468972051	0.0497394599716	0.0
-axĩ	0.717733559152	0.0377159635961	0.0225356334296	0.222014843822
-éxe	0.418346073662	0.228630993746	0.145934676859	0.207088255733
-xte	0.21875	0.4375	0.34375	0.0
-xta	0.313415225439	0.216898934765	0.103481212192	0.366204627605
-ane	0.191010789072	0.68447180251	0.0304490604946	0.0940683479232
-rcu	0.0422462648119	0.957753735188	0.0	0.0
-etu	0.0487804878049	0.951219512195	0.0	0.0
-̃te	0.0	1.0	0.0	0.0
-000	0.0752794994605	0.0997246092464	0.00331541837002	0.821680472923
-̃ta	0.622641509434	0.22641509434	0.150943396226	0.0
-tüe	0.469984202212	0.195892575039	0.170616113744	0.163507109005
-ũ̱x	0.478570962621	0.143795255387	0.0286372828285	0.348996499163
-rca	0.221294363257	0.620041753653	0.0334029227557	0.125260960334
-tüx	0.0436059996907	0.902118447503	0.0176279573218	0.0366475954848
-xma	0.330591448852	0.0953540142834	0.0328701558797	0.541184380985
-ete	0.442567567568	0.192567567568	0.273648648649	0.0912162162162
-tür	0.485436893204	0.21359223301	0.0	0.300970873786
-ebí	0.0	1.0	0.0	0.0
-ebé	0.0	1.0	0.0	0.0
-atu	0.0555033855583	0.867246577374	0.0381554885583	0.0390945485099
-níã	0.12325390304	0.834839769926	0.0197206244864	0.0221857025472
-ríx	0.0	0.98	0.0	0.02
-oxo	0.0404160014527	0.707611056044	0.160143156557	0.0918297859462
-oxi	0.453216374269	0.10701754386	0.0254385964913	0.41432748538
-bue	0.165948275862	0.515086206897	0.241379310345	0.0775862068966
-300	0.0439560439561	0.0879120879121	0.164835164835	0.703296703297
-ebú	0.167224080268	0.832775919732	0.0	0.0
-ate	0.063829787234	0.936170212766	0.0	0.0
-amí	0.0	1.0	0.0	0.0
-aã́	0.0	1.0	0.0	0.0
-ata	0.113333858303	0.370502970345	0.0617674667637	0.454395704589
-amá	0.109273903666	0.810927390367	0.0416966211359	0.038102084831
-ato	0.676305970149	0.220149253731	0.0382462686567	0.0652985074627
-uyu	0.764705882353	0.163558106169	0.0286944045911	0.0430416068867
-átü	0.779661016949	0.186440677966	0.0	0.0338983050847
-wee	0.215053763441	0.569892473118	0.182795698925	0.0322580645161
-igü	0.21493406093	0.358594147183	0.0496711195775	0.37680067231
-daa	0.0413219522872	0.0752024513022	0.0215364412344	0.861939155176
-acu	0.247457627119	0.725423728814	0.0	0.0271186440678
-ũcü	0.531050178823	0.372493768289	0.0260106210036	0.0704454318847
-nix	0.0555555555556	0.722222222222	0.0	0.222222222222
-ṍxẽ	0.782846407669	0.0987499698932	0.00650304679785	0.11190057564
-õna	0.384074968919	0.494299922592	0.0297318852478	0.0918932232413
-yiĩ	0.00173643410853	0.109643410853	0.00173643410853	0.88688372093
-aca	0.721250117033	0.083380778286	0.015729223518	0.179639881163
-emü	0.413897613738	0.525466481792	0.024945150573	0.0356907538968
-amé	0.337209302326	0.53488372093	0.104651162791	0.0232558139535
-gĩẽ	0.00701754385965	0.740350877193	0.0	0.252631578947
-náĩ	0.333401991074	0.191761071061	0.114383796773	0.360453141092
-üto	0.727367455276	0.176556553716	0.0182134580109	0.0778625329964
-áda	0.0	1.0	0.0	0.0
-gṍũ	0.0	0.972222222222	0.0	0.0277777777778
-ã̱x	0.0870301820782	0.765548745325	0.064509049634	0.0829120229629
-üte	0.282115869018	0.287153652393	0.264483627204	0.166246851385
-ría	0.0135872337127	0.881101504388	0.0024481502185	0.102863111681
-üxũ	0.752647152512	0.12613840031	0.0145607780076	0.10665366917
-fia	0.0	0.970161977835	0.0	0.0298380221654
-276	0.0	0.131578947368	0.0	0.868421052632
-xtá	0.134264037466	0.119682494962	0.00925720955505	0.736796258017
-ixẽ	0.4	0.461538461538	0.0692307692308	0.0692307692307
-úcü	0.0874471086036	0.808180535966	0.0789844851904	0.0253878702398
-xmü	0.643351358342	0.269174810252	0.0388143909083	0.0486594404972
-éna	0.191686409649	0.71821379855	0.0226146887788	0.0674851030225
-püx	0.228571428571	0.461224489796	0.0	0.310204081633
-yue	0.674362508615	0.152734422508	0.0644585883975	0.10844448048
-éne	0.53947368421	0.263157894737	0.112781954887	0.0845864661654
-etü	0.328632613024	0.365575232078	0.0383998146922	0.267392340205
-ĩ̱x	0.260597883974	0.549101753888	0.0951501810693	0.0951501810694
-yux	0.0376884422111	0.93216080402	0.0301507537688	0.0
-fre	0.0108303249097	0.79963898917	0.173285198556	0.0162454873646
-aüx	0.394736842105	0.236842105263	0.157894736842	0.210526315789
-ila	0.0130890052356	0.979057591623	0.0	0.00785340314136
-ilo	0.0578964297202	0.8552589257	0.0385976198135	0.0482470247668
-eté	0.0	1.0	0.0	0.0
-énu	0.0	1.0	0.0	0.0
-iga	0.345887411748	0.325135373209	0.0454819624332	0.28349525261
-náũ	0.0666666666666	0.783333333333	0.0	0.15
-éü̃	0.109834188542	0.832068190492	0.0356218989865	0.0224757219795
-xõṍ	0.66511627907	0.33488372093	0.0	0.0
-atü	0.104770513532	0.750213948577	0.0208531953613	0.124162342529
-üga	0.307007039353	0.424882941449	0.171865396922	0.0962446222763
-meṹ	0.129213483146	0.837078651685	0.00561797752808	0.0280898876404
-ebe	0.0	1.0	0.0	0.0
-ítu	0.162790697674	0.677740863787	0.0664451827242	0.093023255814
-axi	0.3089077317	0.45063626655	0.116316473449	0.124139528301
-õxẽ	0.176706827309	0.448460508702	0.374832663989	0.0
-xü̃	0.25309637543	0.287746969997	0.0816526194426	0.37750403513
-üxĩ	0.496737347154	0.15343405937	0.0679856503448	0.281842943131
-atá	0.105340848094	0.678743961353	0.212694578637	0.00322061191626
-oxü	0.747232472325	0.252767527675	0.0	0.0
-tax	0.0340557275542	0.922600619195	0.0433436532508	0.0
-ame	0.440044461848	0.0815195472611	0.0747813820982	0.403654608793
-éax	0.774193548387	0.129032258064	0.0645161290323	0.0322580645161
-agú	0.0669642857143	0.758928571429	0.120535714286	0.0535714285714
-gux	0.371071302616	0.348619380537	0.185281517748	0.0950277990997
-iri	0.0	1.0	0.0	0.0
-agü	0.275430992468	0.360988819608	0.0393707122326	0.324209475691
-hia	0.0625	0.875	0.0625	0.0
-hie	0.660656765463	0.170287740234	0.0422638735759	0.126791620728
-áü̃	0.0542131424928	0.898214145907	0.00885177746568	0.0387209341341
-hix	0.247134670487	0.473495702006	0.0376074498567	0.24176217765
-gum	0.24	0.726666666667	0.0333333333333	0.0
-iru	0.206916899149	0.696984878692	0.0720772464961	0.0240209756625
-gua	0.31267765776	0.0818646958499	0.00852757248438	0.596930073906
-̱xe	0.2883386183	0.142554816424	0.0479264422905	0.521180122986
-hiu	0.0450566426365	0.938923217759	0.0113475988862	0.00467254071786
-gue	0.0464962574974	0.485603344294	0.0506601014524	0.417240296757
-epe	0.0	1.0	0.0	0.0
-maẽ	0.177309558983	0.114276698876	0.160290271407	0.548123470735
-íbu	0.0	1.0	0.0	0.0
-exo	0.71371092541	0.170225936243	0.0789229340761	0.0371402042711
-üxó	0.801242236025	0.0	0.0496894409938	0.149068322981
-aná	0.118460347307	0.786085609999	0.0320760977768	0.0633779449176
-eãx	0.0	1.0	0.0	0.0
-ẽtü	0.226010182381	0.678610556164	0.0399561770961	0.0554230843591
-axe	0.600108582167	0.269246189184	0.0644602213405	0.0661850073084
-uü̃	0.09828768531	0.760130986548	0.0702876025553	0.071293725587
-onü	0.0220472440945	0.977952755906	0.0	0.0
-egü	0.300030071643	0.393416508197	0.0792074032762	0.227346016884
-üxã	0.130100532229	0.869899467771	0.0	0.0
-aní	0.0	1.0	0.0	0.0
-xae	0.561363636364	0.261363636364	0.156818181818	0.0204545454545
-pia	0.0	1.0	0.0	0.0
-́xẽ	0.333235815413	0.494495932008	0.107513506588	0.0647547459908
-réa	0.0387931034483	0.948275862069	0.0	0.0129310344827
-̃pa	0.167345477687	0.13053058627	0.0355978044706	0.666526131573
-éwa	0.301565995526	0.609843400448	0.0644295302013	0.0241610738255
-réu	0.0	1.0	0.0	0.0
