iam-	0.754601226994	0.134969325153	0.110429447853	0.0
agu-	0.421481716004	0.477995884122	0.0443248377394	0.0561975621339
ris-	0.170914542729	0.36431784108	0.107946026986	0.356821589205
foj-	0.0423557886244	0.957644211376	0.0	0.0
oyy-	0.140457072267	0.728597899938	0.0914144533662	0.0395305744287
gin-	0.222330251593	0.582141791079	0.0370975458351	0.158430411493
fuu-	0.218404907975	0.667239263804	0.0446625766871	0.0696932515337
muw-	0.237605756306	0.459491381355	0.232925792678	0.0699770696608
fig-	0.0	1.0	0.0	0.0
son-	0.00416449765747	0.247961131355	0.66979003991	0.0780843310775
dug-	0.0734884146063	0.252010877017	0.637139527444	0.0373611809332
maa-	0.0643431635388	0.919571045576	0.0160857908847	0.0
mur-	0.25798618183	0.439392752511	0.112848391797	0.189772673863
aay-	0.597765363128	0.268156424581	0.134078212291	0.0
gum-	0.557562076749	0.326492920172	0.0209316642725	0.0950133388057
niy-	0.552595279935	0.230277950985	0.0563271167545	0.160799652325
oje-	0.721153846154	0.173076923077	0.0769230769231	0.0288461538462
ogo-	0.093023255814	0.558139534884	0.302325581395	0.046511627907
yeh-	0.0	1.0	0.0	0.0
nij-	0.628876018656	0.25170416688	0.081492491415	0.0379273230486
amu-	0.460517757252	0.36353583973	0.0917132821647	0.0842331208533
mah-	0.112647115668	0.719165471431	0.0750506067726	0.0931368061277
eda-	0.142857142857	0.222222222222	0.603174603175	0.031746031746
eak-	0.330853391685	0.323851203501	0.17943107221	0.165864332604
eho-	0.59842519685	0.11811023622	0.236220472441	0.0472440944882
eno-	0.0153570514461	0.984642948554	0.0	0.0
mar-	0.109236668722	0.78657552494	0.0502555994288	0.0539322069089
emu-	0.506635604534	0.399916236945	0.0109939010025	0.082454257519
ruw-	0.351716961498	0.347554630593	0.0374609781478	0.263267429761
lis-	0.014735980352	0.950880065493	0.0294719607041	0.00491199345067
n'g-	0.333333333333	0.509803921569	0.156862745098	0.0
sip-	0.592962881131	0.164549270879	0.12649138312	0.11599646487
ana-	0.481588195873	0.228295851256	0.0438768234524	0.246239129418
sak-	0.0661558109834	0.807918263091	0.0339719029374	0.0919540229885
gow-	0.575030921069	0.0843324835297	0.0401973900093	0.300439205392
kka-	0.0566801619433	0.744939271255	0.198380566802	0.0
une-	0.148148148148	0.674074074074	0.177777777778	0.0
lac-	0.163431433939	0.66499686913	0.137758296807	0.0338134001252
apt-	0.73023647759	0.112638471937	0.063903372483	0.0932216779903
ihu-	0.429065743945	0.176470588235	0.0726643598616	0.321799307959
nun-	0.449546174244	0.107414251958	0.0380674626665	0.404972111132
der-	0.0310719834282	0.965820818229	0.00310719834283	0.0
abi-	0.445102929139	0.369287131509	0.0499553433058	0.135654596046
eyy-	0.411488862837	0.450175849941	0.0539273153576	0.084407971864
mil-	0.20097739245	0.635121082834	0.121279682305	0.0426218424105
oay-	0.780985404403	0.0770905572131	0.0229820175793	0.118942020805
gan-	0.238872294991	0.635323303301	0.0397967073351	0.0860076943728
yer-	0.0195183391993	0.956452218034	0.010808782806	0.0132206599611
imm-	0.138888888889	0.134615384615	0.237179487179	0.489316239316
nug-	0.570241362505	0.181983738169	0.0511709031216	0.196603996204
amm-	0.209381879267	0.231608219365	0.129935958543	0.429073942826
rek-	0.586711506999	0.238320305399	0.132248682058	0.0427195055445
ini-	0.509513060303	0.306675266043	0.0757820058046	0.108029667849
bay-	0.134708101771	0.730695826481	0.0589758055159	0.0756202662313
mig-	0.395192037565	0.203274872577	0.0531765461332	0.348356543725
iit-	0.364555647125	0.195495655446	0.0166680357952	0.423280661634
gig-	0.225653055056	0.627472325012	0.0660081426419	0.0808664772899
mey-	0.505494505495	0.21978021978	0.164835164835	0.10989010989
eej-	0.333430913349	0.0813817330211	0.127927400468	0.457259953162
hum-	0.0198205915017	0.828288566473	0.0564168720426	0.0954739699824
dek-	0.017094017094	0.811965811966	0.0	0.17094017094
abr-	0.0128403606229	0.968491029961	0.0165740825061	0.00209452691012
bik-	0.696	0.192	0.0	0.112
ihe-	0.123052455658	0.447746509246	0.0369966035905	0.392204431506
nor-	0.92	0.04	0.04	0.0
sug-	0.270099303824	0.539783203083	0.0214022065525	0.16871528654
adm-	0.0	1.0	0.0	0.0
ong-	0.6003662712	0.231228601003	0.0262759773868	0.14212915041
dah-	0.482775668756	0.284770901386	0.0450251611195	0.187428268738
agh-	0.38074830439	0.404971305061	0.136021465305	0.0782589252441
her-	0.0464285714286	0.907198660714	0.0375	0.00887276785714
ira-	0.365671641791	0.388059701493	0.044776119403	0.201492537313
gaw-	0.365549795742	0.0351160455662	0.0220687012654	0.577265457427
ate-	0.427299703264	0.323442136499	0.213649851632	0.0356083086053
naw-	0.090643878171	0.411797746369	0.0265655627773	0.470992812683
ibi-	0.666449934981	0.180754226268	0.0195058517555	0.133289986996
eay-	0.520056396203	0.25100281981	0.0639223162159	0.165018467771
jat-	0.260869565217	0.664596273292	0.0	0.0745341614907
sin-	0.479178643012	0.308810200137	0.0508485062595	0.161162650592
akg-	0.0802397830766	0.0808842304933	0.0187254532411	0.820150533189
dor-	0.0241448692153	0.975855130785	0.0	0.0
som-	0.172248803828	0.808612440191	0.0191387559808	0.0
mew-	0.656534954407	0.282674772037	0.0	0.0607902735562
osh-	0.285656565656	0.353737373737	0.145454545455	0.215151515152
hud-	0.0579878850589	0.624350600358	0.0389316432775	0.278729871306
ror-	0.256854256854	0.460317460318	0.1443001443	0.138528138528
laj-	0.0593146752718	0.84137910551	0.0736235763168	0.0256826429012
eap-	0.418279127213	0.399752984767	0.0839851790861	0.0979827089337
jor-	0.715517241379	0.181034482759	0.0258620689655	0.0775862068966
ees-	0.282432252258	0.189918669378	0.282407253092	0.245241825272
nye-	0.143392748437	0.723705545346	0.0844289948739	0.0484727113427
nnd-	0.44126984127	0.415873015873	0.0190476190476	0.123809523809
gen-	0.462850772136	0.284710219004	0.0207867113235	0.231652297536
saw-	0.312713358741	0.496255716817	0.0810487242111	0.109982200231
guu-	0.607395840255	0.294823576317	0.0279088311516	0.0698717522759
naa-	0.283360858145	0.0835797084842	0.0303559351358	0.602703498235
aaw-	0.0	0.107142857143	0.892857142857	0.0
aji-	0.628571428571	0.236734693878	0.0673469387755	0.0673469387755
nig-	0.432131119647	0.149464487504	0.13121951851	0.287184874338
goj-	0.743346852651	0.0947153592708	0.0666741613843	0.0952636266939
alf-	0.0	0.98877455566	0.0112254443405	0.0
sig-	0.393843354647	0.355122710088	0.0758227412753	0.17521119399
buu-	0.0467113185421	0.499530722432	0.0338725926159	0.41988536641
nge-	0.264861847614	0.274165038608	0.0814029212019	0.379570192576
oal-	0.783149763982	0.155700185953	0.0300386210843	0.0311114289801
bak-	0.0348837209302	0.96511627907	0.0	0.0
oor-	0.0502454184691	0.824678870843	0.0419346190635	0.0831410916241
haa-	0.362132352941	0.3125	0.0386029411764	0.286764705882
hic-	0.178198353201	0.328499446971	0.0643971979845	0.428905001843
say-	0.00584652862362	0.984652862363	0.0	0.00950060901338
eyd-	0.0242914979757	0.334682860999	0.641025641026	0.0
gug-	0.807757885763	0.128303495311	0.0	0.0639386189259
epa-	0.0537897310514	0.92053789731	0.018337408313	0.00733496332518
bwa-	0.178975541223	0.55955955737	0.04001498128	0.221449920128
mir-	0.556743162528	0.443256837472	0.0	0.0
asi-	0.194241764714	0.0698196564167	0.0113008648128	0.724637714056
gun-	0.3332491795	0.544938146933	0.0485988386771	0.0732138348901
oak-	0.28238223487	0.658544641496	0.0106712739468	0.0484018496874
hid-	0.319656897784	0.183416726233	0.326233023588	0.170693352395
usi-	0.0	1.0	0.0	0.0
ruk-	0.549167212007	0.123565050347	0.0454708576978	0.281796879948
nog-	0.531716417911	0.412313432836	0.0	0.0559701492537
mog-	0.667205169628	0.159935379645	0.138933764136	0.0339256865913
jed-	0.246406570842	0.650924024641	0.102669404517	0.0
mel-	0.0208333333333	0.975	0.0	0.00416666666666
iim-	0.225373992393	0.208515822707	0.1580427862	0.408067398701
onn-	0.463414634146	0.536585365854	0.0	0.0
fug-	0.11706483515	0.20791843674	0.0163583845428	0.658658343567
mii-	0.188537020107	0.125726587923	0.0696797218363	0.616056670134
isa-	0.00876544350988	0.970514835012	0.0100132482977	0.0107064731799
odu-	0.110432330827	0.543703007519	0.135338345865	0.210526315789
mus-	0.295198524674	0.603361699291	0.0397271535539	0.0617126224809
dio-	0.0796963946869	0.87027772986	0.0448507848887	0.00517509056408
igu-	0.557762523733	0.35285526508	0.023659997079	0.0657222141084
yah-	0.0188954843522	0.805031544271	0.132579171458	0.0434937999192
bab-	0.0838968831037	0.836782427416	0.0305079574922	0.0488127319876
ita-	0.0	0.5	0.5	0.0
ook-	0.474725274725	0.373626373626	0.0395604395604	0.112087912088
siy-	0.222031666794	0.359455844056	0.035012361184	0.383500127965
gij-	0.285783947862	0.628941314527	0.0305122711251	0.0547624664861
uhu-	0.0734025283509	0.240927645104	0.0115335708608	0.674136255684
doo-	0.136657070182	0.471896480548	0.254688426711	0.136758022559
mee-	0.334274749538	0.315728364003	0.165764925871	0.184231960588
baf-	0.0	0.971223021583	0.0287769784172	0.0
rid-	0.396341463415	0.451219512195	0.0914634146341	0.0609756097561
akw-	0.450877192982	0.280701754386	0.0385964912281	0.229824561404
aan-	0.386270956049	0.262800181241	0.0299048482103	0.321024014499
roo-	0.24170575262	0.593665103228	0.0931077940066	0.0715213501448
non-	0.67094017094	0.181623931624	0.0897435897435	0.0576923076923
urj-	0.287847929396	0.210454854039	0.106585200272	0.395112016293
gey-	0.32039987295	0.129958708771	0.0323754436996	0.517265974579
mal-	0.0741135157403	0.839859624884	0.0175110032529	0.068515856123
gii-	0.188278414276	0.621394138017	0.0753396997307	0.114987747977
sab-	0.0222503694321	0.938245021462	0.0203926535782	0.0191119555274
nyi-	0.157133318495	0.573113732473	0.202092143334	0.0676608056977
ole-	0.556675062972	0.261964735516	0.0	0.181360201511
nin-	0.115587400919	0.0832394327358	0.0134971449998	0.787676021346
oap-	0.70437775084	0.141615887143	0.100311592375	0.0536947696413
eef-	0.582645602452	0.272341428908	0.0896015090781	0.0554114595614
dhu-	0.767195767196	0.05291005291	0.0	0.179894179894
gef-	0.222	0.694	0.024	0.06
gic-	0.121089271176	0.0956952269971	0.0253578749375	0.75785762689
uur-	0.0566059839273	0.464058948947	0.170204540662	0.309130526464
sir-	0.349338138471	0.519564765403	0.0660960565528	0.0650010395731
emo-	0.0366181612463	0.870173300027	0.0410677784495	0.0521407602766
afu-	0.708290031178	0.197377887921	0.0487648892797	0.045567191622
mab-	0.247848545291	0.131322581008	0.158829749849	0.461999123853
dim-	0.0107664701359	0.989233529864	0.0	0.0
gos-	0.461200354161	0.204243612446	0.0888565646345	0.245699468758
fak-	0.675	0.15625	0.09375	0.075
and-	0.352223123971	0.183289426411	0.0237455805058	0.440741869112
apa-	0.448598130841	0.476635514019	0.03738317757	0.0373831775701
ALL	0.226228960562	0.284914800722	0.0523124438436	0.436543794872
ofo-	0.89603960396	0.10396039604	0.0	0.0
wuu-	0.671096345515	0.199335548173	0.0299003322259	0.0996677740864
ine-	0.670802481489	0.109065439264	0.14008405043	0.0800480288173
nii-	0.249020827329	0.0655719551598	0.0758445459096	0.609562671602
att-	0.0472881556306	0.141851331293	0.00866949519894	0.802191017878
ger-	0.503341413877	0.293553036755	0.0596213064274	0.14348424294
ahh-	0.122807017544	0.859649122807	0.0175438596491	0.0
arm-	0.0	1.0	0.0	0.0
mor-	0.183714477083	0.794278059516	0.0162663859918	0.00574107740886
rur-	0.0	1.0	0.0	0.0
sil-	0.482157138663	0.446926978406	0.0263213840999	0.0445944988307
gaa-	0.163775729342	0.551921234348	0.116133082235	0.168169954075
lid-	0.0	1.0	0.0	0.0
guy-	0.387346675274	0.554551323435	0.0193673337637	0.0387346675274
gas-	0.321007929951	0.22796921942	0.0785037529493	0.37251909768
far-	0.0492182670309	0.926148822513	0.0122054961719	0.0124274142841
fra-	0.240196078431	0.759803921569	0.0	0.0
ego-	0.716350496838	0.0993676603432	0.0758807588075	0.108401084011
rud-	0.496441281139	0.348754448399	0.0907473309608	0.0640569395018
dat-	0.553525695749	0.270616356496	0.0734164247909	0.102441522964
isc-	0.0779220779221	0.779220779221	0.0	0.142857142857
muh-	0.125	0.7425	0.00999999999998	0.1225
rea-	0.320702402957	0.517097966728	0.0388170055453	0.123382624769
giy-	0.368013229388	0.368645168911	0.0737597448618	0.189581856839
mes-	0.168704156479	0.618581907091	0.132029339853	0.080684596577
eet-	0.598686751642	0.152182309772	0.0666280417149	0.182502896871
num-	0.306672369547	0.548545765612	0.0464071856287	0.098374679213
iwu-	0.162162162162	0.425675675676	0.0878378378378	0.324324324324
lea-	0.152451825961	0.300667854468	0.0134762477587	0.533404071813
adi-	0.405222473979	0.24706910675	0.0735694345281	0.274138984742
ami-	0.17638337279	0.175941004613	0.186961319521	0.460714303076
riy-	0.474773609314	0.317593790427	0.0847347994825	0.122897800776
ome-	0.072345812986	0.880629408573	0.047024778441	0.0
iss-	0.464268351969	0.404472532815	0.0729217306757	0.0583373845407
ram-	0.379707160486	0.459109973805	0.106294383962	0.0548884817468
gaj-	0.497769680768	0.176825884742	0.0725340905204	0.252870343969
sec-	0.224780701754	0.775219298246	0.0	0.0
eub-	0.191235059761	0.808764940239	0.0	0.0
haw-	0.0575445922066	0.208851492645	0.360174837837	0.373429077311
mda-	0.0	1.0	0.0	0.0
eat-	0.444289693593	0.273135252244	0.0742804085422	0.208294645621
aas-	0.304017372421	0.302388707926	0.35016286645	0.043431053203
gid-	0.23551685728	0.0989311331985	0.0254825422212	0.6400694673
beh-	0.235354124162	0.607500242884	0.0184591469931	0.138686485961
ebw-	0.688888888889	0.266666666667	0.0444444444444	0.0
meh-	0.279157261099	0.0361173814899	0.637321294206	0.0474040632055
rod-	0.676258992806	0.0	0.312949640288	0.0107913669065
rob-	0.175	0.658333333333	0.1	0.0666666666667
ett-	0.285493926345	0.452921138891	0.111832379973	0.149752554791
sud-	0.277272727273	0.634090909091	0.0477272727272	0.0409090909091
dak-	0.381528440154	0.431778527393	0.0936373153425	0.0930557171106
gof-	0.775510204082	0.176870748299	0.0	0.047619047619
wii-	0.196049309372	0.759394029408	0.00891133224417	0.0356453289767
ayd-	0.637931034483	0.0172413793103	0.051724137931	0.293103448276
sik-	0.507417453933	0.312543260687	0.135328781218	0.0447105041624
nga-	0.213584560353	0.621287746444	0.0698777140005	0.0952499792031
ben-	0.20787592186	0.71370264032	0.0384225637561	0.0399988740641
nip-	0.736526946108	0.22754491018	0.0	0.0359281437126
aah-	0.244596502661	0.103725426306	0.527859237537	0.123818833496
goa-	0.417113546281	0.0596875728608	0.0111914199114	0.512007460947
nwa-	0.767676767677	0.111111111111	0.0606060606061	0.0606060606061
bun-	0.18398050513	0.698511468015	0.068712665963	0.0487953608913
lam-	0.208274543717	0.328159847071	0.151335851805	0.312229757407
nar-	0.301886792453	0.572776280324	0.1051212938	0.0202156334232
gat-	0.0437181590749	0.606516888759	0.0170474252976	0.332717526869
wun-	0.596288396404	0.211128950977	0.0424543227818	0.150128329837
idi-	0.422305461576	0.35415659739	0.124456259062	0.099081681972
bee-	0.215647952197	0.703228349724	0.018880451471	0.0622432466078
gek-	0.358551190302	0.458595005112	0.121513071418	0.0613407331678
hag-	0.112398042709	0.694563120114	0.08474706289	0.108291774287
amn-	0.650704225352	0.276056338028	0.0507042253521	0.0225352112676
asm-	0.441558441558	0.536796536797	0.0	0.021645021645
gur-	0.0578997865313	0.742960548833	0.0553980923895	0.143741572246
eya-	0.344168260038	0.418738049713	0.202676864245	0.0344168260038
foo-	0.098149573006	0.850462842594	0.0214389459468	0.029948638453
ani-	0.12942430771	0.026044048109	0.00645092575182	0.838080718429
orr-	0.502821959979	0.379168804515	0.0256541816316	0.0923550538738
gud-	0.28021982815	0.369286576235	0.0972637792413	0.253229816374
nad-	0.710992907802	0.132978723404	0.0780141843971	0.0780141843971
nya-	0.0584480923626	0.126633438572	0.0348827989328	0.780035670133
nib-	0.28007157686	0.339486567719	0.102113221578	0.278328633843
goo-	0.561160339257	0.192817022158	0.0587050544237	0.187317584161
sun-	0.550748879414	0.159702634744	0.153000983929	0.136547501913
ghu-	0.140170060841	0.415292615489	0.0557765264599	0.38876079721
ayu-	0.532584269663	0.442696629213	0.0247191011236	0.0
geb-	0.438035853468	0.296960249415	0.127825409197	0.137178487919
fle-	0.0	1.0	0.0	0.0
ahu-	0.41651221567	0.240775063184	0.0960404380792	0.246672283067
ban-	0.24419597275	0.510921781631	0.0313007381618	0.213581507457
iig-	0.488320697057	0.179498567184	0.068880922924	0.263299812835
hal-	0.132835932565	0.421023423851	0.0393787968688	0.406761846715
ise-	0.124054336468	0.732580982236	0.032183908046	0.11118077325
iin-	0.279579100687	0.127645607076	0.0511868616423	0.541588430595
nag-	0.162132150486	0.68833774077	0.0849314073742	0.0645987013694
iyi-	0.655757502566	0.177283980436	0.0561560292253	0.110802487772
dab-	0.300611360921	0.353959665207	0.0429656454742	0.302463328398
oah-	0.493606819393	0.407565263719	0.0498135322323	0.0490143846564
ebe-	0.0977596741345	0.877800407332	0.0	0.0244399185336
ale-	0.454901302913	0.396158362691	0.0640272884862	0.0849130459094
bug-	0.122442727472	0.280918271044	0.0388377658567	0.557801235627
sid-	0.2896718295	0.520779347471	0.0524229583673	0.137125864661
bon-	0.00854700854703	0.972222222222	0.00213675213675	0.017094017094
oli-	0.0	1.0	0.0	0.0
owu-	0.12962962963	0.388888888889	0.37037037037	0.111111111111
efw-	0.025641025641	0.974358974359	0.0	0.0
iid-	0.193624329002	0.0772559694809	0.00991455346857	0.719205148048
mea-	0.28687559252	0.385063308573	0.142106545439	0.185954553467
mod-	0.569457221711	0.248390064397	0.066237350506	0.115915363385
urd-	0.101226993865	0.568251533742	0.109662576687	0.220858895706
ero-	0.338541666667	0.557291666667	0.104166666667	0.0
gor-	0.359591429555	0.494901697668	0.0537815719545	0.0917253008219
gib-	0.352171147186	0.40182362227	0.14943335768	0.0965718728648
rir-	0.21403782752	0.308086066285	0.368037480479	0.109838625716
eli-	0.0106495974955	0.91457960644	0.0169107781753	0.0578600178891
buw-	0.421247357294	0.449260042283	0.0650105708245	0.0644820295983
isn-	0.441607728135	0.330688287045	0.0207003622563	0.207003622563
jir-	0.142590866729	0.782851817335	0.0410065237652	0.0335507921715
nal-	0.62412782416	0.199795265021	0.0816284156699	0.0944484951497
soo-	0.0819117276106	0.837987870807	0.0308381364954	0.0492622650872
mut-	0.295047700718	0.521116947154	0.0535963125737	0.130239039554
hoo-	0.112127237873	0.336434889912	0.0409560861302	0.510481786085
maf-	0.389312977099	0.24427480916	0.0	0.36641221374
bri-	0.00624999999999	0.95625	0.0	0.0375
ehe-	0.498659517426	0.340482573727	0.0643431635389	0.0965147453083
hel-	0.292913574336	0.50191525018	0.0196313143404	0.185539861144
jii-	0.23566651724	0.379934496418	0.086293649995	0.298105336346
ene-	0.331486611265	0.445060018467	0.0221606648199	0.201292705448
ekk-	0.0258620689655	0.155172413793	0.818965517241	0.0
eeb-	0.412695842031	0.356498476451	0.0437510496893	0.187054631829
ewu-	0.0977973568282	0.216740088106	0.0370044052863	0.64845814978
huu-	0.0920188593781	0.315308419414	0.216848935411	0.375823785797
gle-	0.0281690140845	0.957746478873	0.0140845070423	0.0
nim-	0.212999214501	0.150196785772	0.575993317349	0.0608106823773
dig-	0.179839482023	0.723509485888	0.0242076593257	0.0724433727628
all-	0.379049733101	0.335605940489	0.0459806564135	0.239363669996
ari-	0.330222541278	0.545824359895	0.0894950945201	0.0344580043073
nah-	0.308510998499	0.289358148144	0.0600431136644	0.342087739693
enn-	0.574383452665	0.136833731106	0.185361972951	0.103420843278
eah-	0.271543878866	0.219924503529	0.0832987569084	0.425232860697
yam-	0.406504065041	0.372241579559	0.116724738676	0.104529616725
oru-	0.325581395349	0.639534883721	0.0348837209302	0.0
ina-	0.267489711934	0.292181069959	0.242798353909	0.197530864198
baa-	0.0466019417476	0.953398058252	0.0	0.0
ool-	0.767284991568	0.232715008432	0.0	0.0
idu-	0.336882018375	0.522750473968	0.0339069563949	0.106460551262
mti-	0.242990654206	0.738317757009	0.0	0.018691588785
ekg-	0.285714285714	0.0	0.612244897959	0.102040816327
sib-	0.0574915783892	0.906240945706	0.00742955088916	0.0288379250152
rab-	0.095820474721	0.783784813502	0.0203832818989	0.100011429878
tig-	0.66560170394	0.185303514377	0.0851970181044	0.0638977635783
fot-	0.0	1.0	0.0	0.0
apw-	0.352941176471	0.364705882353	0.0	0.282352941176
dun-	0.26011002799	0.595357590966	0.0719042563459	0.0726281246984
aja-	0.438666666667	0.429333333333	0.116	0.016
ogu-	0.452586206896	0.508620689655	0.0258620689655	0.0129310344828
gim-	0.327450964465	0.459217380945	0.121748112768	0.0915835418223
lab-	0.316455696203	0.227848101266	0.0	0.455696202532
isp-	0.00663616711075	0.0497209793374	0.125383339199	0.818259514353
jil-	0.0669144981413	0.438661710037	0.494423791822	0.0
yor-	0.0	1.0	0.0	0.0
arg-	0.423999405955	0.501745006312	0.0527214672904	0.0215341204425
awi-	0.424	0.504	0.0	0.072
iba-	0.702888583219	0.144429160935	0.0	0.152682255846
ino-	0.153846153846	0.486583184258	0.193202146691	0.166368515206
ood-	0.303370786517	0.561797752809	0.0674157303371	0.0674157303371
mim-	0.295983086681	0.348837209302	0.179704016913	0.175475687104
dir-	0.0	0.999228989977	0.00077101002313	0.0
sit-	0.467330412531	0.368381961589	0.0990356540382	0.0652519718424
hed-	0.137152777778	0.0551215277778	0.0941840277778	0.713541666667
yes-	0.106870229008	0.748091603054	0.0	0.145038167939
mid-	0.153859934014	0.0314478076663	0.0126401984858	0.802052059833
yuu-	0.0179069670595	0.955440802898	0.00541373422729	0.0212384958148
gaf-	0.589125420542	0.236634492485	0.0502446119265	0.123995475047
ang-	0.206597312643	0.14319138095	0.0399076052341	0.610303701173
yar-	0.0	1.0	0.0	0.0
oww-	0.618257261411	0.27939142462	0.10235131397	0.0
day-	0.415837219415	0.50865334153	0.0257575984766	0.0497518405782
hec-	0.511744966443	0.110738255034	0.0503355704698	0.327181208054
sod-	0.0511363636364	0.948863636364	0.0	0.0
opp-	0.559108927746	0.286461246626	0.0666358617671	0.087793963861
ide-	0.47391225853	0.319110950633	0.0294878738641	0.177488916973
har-	0.0343699899561	0.513084067967	0.0630503531964	0.38949558888
era-	0.074037577191	0.92136381553	0.0	0.00459860727893
agi-	0.28367523837	0.324414908986	0.0551285755562	0.336781277088
yea-	0.452834492985	0.339568837687	0.193908976845	0.0136876924832
diy-	0.0305180029447	0.877749520368	0.0367197608531	0.0550127158345
oas-	0.590214067278	0.243119266055	0.0107033639144	0.155963302752
gap-	0.173913043478	0.790765082575	0.00808897876643	0.0272328951803
nup-	0.163934426229	0.295081967213	0.0737704918033	0.467213114754
fis-	0.41935483871	0.430107526882	0.150537634409	0.0
osi-	0.0907617504052	0.390599675851	0.0388978930308	0.479740680713
ifi-	0.237623762376	0.514851485149	0.168316831683	0.0792079207921
bum-	0.0448382619835	0.76353154692	0.183089569766	0.00854062133022
erg-	0.530710172745	0.41650671785	0.0191938579655	0.0335892514395
mum-	0.503225806452	0.193548387097	0.187096774193	0.116129032258
daw-	0.159058767115	0.562962491019	0.0915739553896	0.186404786476
gir-	0.263448019641	0.545843563191	0.0410775872681	0.1496308299
eey-	0.341024490058	0.284774890841	0.068555838614	0.305644780487
suu-	0.136663003125	0.226982672466	0.165219244941	0.471135079467
met-	0.0	1.0	0.0	0.0
eep-	0.556048131729	0.286098796707	0.0731475617479	0.0847055098163
mna-	0.0810810810811	0.797297297297	0.121621621622	0.0
rus-	0.564853556485	0.410041841004	0.0125523012552	0.0125523012552
dap-	0.526066350711	0.388625592417	0.0853080568721	0.0
waa-	0.299356317785	0.157834406137	0.43514681245	0.107662463628
onu-	0.699754472115	0.263416345142	0.0368291827428	0.0
hil-	0.20383287059	0.753504435566	0.0	0.0426626938443
bub-	0.0	0.958904109589	0.0205479452055	0.0205479452055
ilu-	0.24416909621	0.187317784257	0.0	0.568513119534
jal-	0.132014069229	0.47056309786	0.240294533382	0.15712829953
mat-	0.0698151950718	0.890828199863	0.0366187542779	0.00273785078713
nit-	0.434689507495	0.436830835118	0.128479657388	0.0
aat-	0.442940490082	0.205600933489	0.0896149358227	0.261843640607
nuh-	0.663755458515	0.296943231441	0.0131004366812	0.0262008733624
sih-	0.487492968132	0.344574799009	0.0453495119016	0.122582720957
aka-	0.234741784038	0.400938967136	0.0150234741784	0.349295774648
mad-	0.123328941305	0.319205096785	0.167089199223	0.390376762687
aab-	0.374873353597	0.157548125633	0.322948328267	0.144630192503
gok-	0.446701218658	0.404118223841	0.0714385768315	0.0777419806696
fii-	0.110329460449	0.269718287442	0.0151137991405	0.604838452968
mem-	0.0177187153931	0.830564784053	0.125138427464	0.0265780730897
par-	0.0	1.0	0.0	0.0
seb-	0.064	0.936	0.0	0.0
ala-	0.457459524068	0.304031294143	0.0863848744975	0.152124307291
but-	0.0650759219089	0.934924078091	0.0	0.0
asc-	0.232121922626	0.697538100821	0.0140679953106	0.0562719812427
guh-	0.740213523132	0.174377224199	0.0	0.085409252669
oam-	0.677680596048	0.169096209912	0.0806608357629	0.0725623582767
mba-	0.0192307692308	0.951923076923	0.0288461538462	0.0
oos-	0.392991239049	0.270337922403	0.0663329161451	0.270337922403
uda-	0.0743812596691	0.849428817813	0.0687291882656	0.00746073425252
ame-	0.577284737333	0.195601492073	0.0542042275412	0.172909543053
gea-	0.34864044	0.169533406099	0.049657566166	0.432168587734
ane-	0.447170322231	0.366802057947	0.0492824262117	0.13674519361
ayi-	0.599597784518	0.179513385204	0.0606620071212	0.160226823157
esh-	0.5027212833	0.291034087654	0.0658837009452	0.140360928101
anu-	0.635917420276	0.141272013327	0.0586030461685	0.164207520228
geh-	0.482178217822	0.284653465346	0.123762376238	0.109405940594
gay-	0.486210629201	0.196598196104	0.055024209293	0.262166965402
org-	0.068376068376	0.726495726496	0.17094017094	0.034188034188
aam-	0.237616281815	0.262312886622	0.447183264863	0.0528875666997
mul-	0.300986842105	0.53125	0.167763157895	0.0
gob-	0.636278841229	0.144489300482	0.0301685189735	0.189063339316
egu-	0.651226158038	0.228882833787	0.0	0.119891008174
dan-	0.576252854224	0.205976845732	0.0460441453351	0.171726154709
ref-	0.0	1.0	0.0	0.0
lug-	0.124490053413	0.742187828574	0.0769651343736	0.0563569836397
gre-	0.0501113585746	0.915738678545	0.0207869339273	0.0133630289532
aru-	0.682149948522	0.223741542874	0.027991248713	0.0661172598912
iij-	0.52030006299	0.123346504037	0.0889881463666	0.267365286606
loa-	0.742147981906	0.132295312627	0.0466004628068	0.0789562426597
hay-	0.0167101827676	0.0689295039164	0.0125326370757	0.90182767624
bam-	0.0	1.0	0.0	0.0
mis-	0.0543285832308	0.86154016013	0.0708898542228	0.013241402416
oar-	0.426293801688	0.407025321852	0.0797169409156	0.0869639355444
mob-	0.525	0.233333333333	0.241666666667	0.0
ayn-	0.0	1.0	0.0	0.0
din-	0.138096114896	0.673724912539	0.120419812189	0.0677591603756
epk-	0.234375	0.6484375	0.0	0.1171875
ech-	0.423913043478	0.152173913043	0.326086956522	0.0978260869565
yon-	0.0	1.0	0.0	0.0
rin-	0.114566654615	0.776124889069	0.0620396967193	0.0472687595964
agr-	0.0168067226891	0.978991596639	0.00420168067226	0.0
was-	0.0399706093695	0.0755350544837	0.00401002262625	0.880484313521
oat-	0.667197090248	0.1910093203	0.0451807228915	0.0966128665605
sos-	0.0102087114338	0.962568058076	0.0	0.02722323049
eru-	0.56277317257	0.228862094951	0.0550113036925	0.153353428787
ibw-	0.370299107924	0.355081336365	0.0822109497989	0.192408605912
suy-	0.031380753138	0.968619246862	0.0	0.0
moj-	0.971830985916	0.0281690140845	0.0	0.0
moa-	0.493766473305	0.202053362017	0.0845311388656	0.219649025812
ser-	0.017839444995	0.970267591675	0.01189296333	0.0
meb-	0.555555555556	0.25	0.0694444444444	0.125
ron-	0.740673339399	0.228996057022	0.00606612071579	0.0242644828632
fuy-	0.526315789474	0.421052631579	0.0526315789474	0.0
wos-	0.341626594188	0.0125444281831	0.492159732386	0.153669245244
nia-	0.36018957346	0.118483412322	0.0284360189573	0.492890995261
mam-	0.310953290122	0.262017973757	0.275686784789	0.151341951332
esa-	0.0959595959596	0.893939393939	0.0	0.010101010101
eaj-	0.478873239437	0.269295774648	0.0512676056338	0.200563380282
ikk-	0.227487479921	0.611216101295	0.0667107625437	0.0945856562411
sia-	0.2	0.7	0.0	0.1
eal-	0.467969924812	0.315067669173	0.112601503759	0.104360902256
abu-	0.0322580645161	0.967741935484	0.0	0.0
sis-	0.49721401009	0.275024215711	0.0912230274845	0.136538746715
gil-	0.405929172508	0.121356258366	0.0245111119145	0.448203457211
eeg-	0.378254826255	0.391196911197	0.0395984555985	0.19094980695
glo-	0.138888888889	0.833333333333	0.0	0.0277777777778
ama-	0.133569766922	0.0469246445511	0.0137287846334	0.805776803894
sur-	0.520670517612	0.266508098312	0.0390757730207	0.173745611055
omm-	0.555555555556	0.197150997151	0.165242165242	0.0820512820512
reg-	0.0	0.934065934066	0.0659340659341	0.0
mac-	0.456264775414	0.413711583924	0.0425531914893	0.0874704491726
map-	0.586206896552	0.0620689655173	0.144827586207	0.206896551724
ess-	0.150684931507	0.337899543379	0.0182648401826	0.493150684932
jaa-	0.467060906249	0.357640589099	0.14893216317	0.0263663414818
bet-	0.0134817116583	0.966702557106	0.00217446962231	0.0176412616132
apk-	0.850614605929	0.0582791033984	0.0268980477224	0.0642082429501
ges-	0.487064835516	0.416160970936	0.0744171191313	0.0223570744171
maj-	0.389631420572	0.378271329016	0.130427178923	0.101670071489
foy-	0.12671594509	0.671594508976	0.143611404435	0.0580781414994
sal-	0.16119897783	0.754149688054	0.0155857909156	0.0690655432005
aks-	0.751010433311	0.170034777705	0.00563962778456	0.0733151611994
end-	0.304192685103	0.483199524234	0.052780255724	0.159827534939
nih-	0.565557902147	0.146722733444	0.0934341529643	0.194285211445
ehi-	0.412327311371	0.444739638682	0.0414452709883	0.101487778959
isk-	0.0214592274678	0.97138769671	0.00429184549356	0.00286123032904
jar-	0.102819726887	0.0352847730675	0.0803454139978	0.781550086048
gab-	0.345114984064	0.174303134269	0.0423436275279	0.438238254139
nub-	0.515973527249	0.27567611733	0.0996813465153	0.108669008906
oaw-	0.492540168324	0.415646518745	0.00573833205814	0.0860749808723
den-	0.686567164179	0.0597014925373	0.0298507462686	0.223880597015
mbe-	0.24197745013	0.615784908933	0.102341717259	0.0398959236774
ind-	0.433098104331	0.190535491905	0.0671094506711	0.309256953092
yan-	0.0	1.0	0.0	0.0
bad-	0.125758195593	0.167141317431	0.080547710269	0.626552776707
ruu-	0.0464788732395	0.640845070423	0.287746478873	0.0249295774648
eme-	0.0648672024217	0.748351291938	0.096580056939	0.0902014487009
gho-	0.512924618854	0.174300609528	0.0566740766084	0.25610069501
mse-	0.160714285714	0.651785714286	0.0535714285714	0.133928571429
rug-	0.646535236134	0.119832278947	0.0453141091658	0.188318375754
yee-	0.00955335260454	0.793448577913	0.0032076950351	0.193790374447
min-	0.390773175468	0.464904507834	0.0547689523199	0.0895533643785
ich-	0.0668151447662	0.906071463155	0.0116200251767	0.0154933669023
ren-	0.245933636955	0.543266102798	0.156148340924	0.0546519193234
sul-	0.0643500643501	0.931788931789	0.0	0.003861003861
age-	0.437831296679	0.445760144917	0.0711963058101	0.0452122525947
fuk-	0.0733194618982	0.105663253744	0.0151109371459	0.805906347212
das-	0.39532943774	0.259189437076	0.183543883531	0.161937241654
igo-	0.642800530808	0.0617322939853	0.00637698939294	0.289090185813
gal-	0.0860733810158	0.578372413267	0.0329155549054	0.302638650812
see-	0.184017367931	0.603535614597	0.0410076157001	0.171439401771
ida-	0.596547004018	0.087980748002	0.0445754404557	0.270896807524
uul-	0.235294117647	0.5	0.0294117647059	0.235294117647
sel-	0.0	1.0	0.0	0.0
awe-	0.377883260731	0.455480847505	0.0117634108299	0.154872480934
ibe-	0.293818181818	0.419636363636	0.0334545454545	0.253090909091
suk-	0.281190036404	0.31208866094	0.263615659129	0.143105643527
bii-	0.243879938683	0.158339612751	0.115814303967	0.481966144599
loi-	0.0	0.954887218045	0.0451127819549	0.0
lil-	0.682926829268	0.0487804878049	0.0487804878049	0.219512195122
oof-	0.367713004484	0.511210762332	0.0134529147982	0.107623318386
gak-	0.499057788945	0.0486809045226	0.0	0.452261306533
get-	0.483761840325	0.356562922869	0.0744248985115	0.085250338295
jih-	0.253981919931	0.22223417994	0.389044339217	0.134739560913
gik-	0.170136396267	0.469490308686	0.0581478822685	0.302225412778
ugo-	0.623188405797	0.0289855072464	0.0869565217392	0.260869565217
eel-	0.442528735632	0.30316091954	0.0043103448276	0.25
giw-	0.506588487485	0.327595990165	0.110963999748	0.0548515226026
luk-	0.118778007999	0.815086975377	0.0299956632776	0.0361393533465
aho-	0.452914558064	0.290839960372	0.204032452406	0.052213029159
imb-	0.578345662408	0.340954942838	0.0806993947545	0.0
esl-	0.0	1.0	0.0	0.0
iwo-	0.201372997712	0.720823798627	0.0778032036613	0.0
ged-	0.43328562341	0.471294529262	0.045324427481	0.0500954198473
eni-	0.102564102564	0.897435897436	0.0	0.0
one-	0.0	0.995449374289	0.00455062571105	0.0
daj-	0.745788293787	0.216922291523	0.0186447073447	0.0186447073447
sto-	0.0807174887892	0.381165919283	0.538116591928	0.0
gog-	0.576600256218	0.288333259708	0.0714538145515	0.0636126695233
rak-	0.314960629921	0.496062992126	0.11811023622	0.0708661417323
gee-	0.440772428622	0.256207646882	0.0430529708718	0.259966953624
hoy-	0.0488624120667	0.925977565118	0.00585769512824	0.0193023276869
ake-	0.0	1.0	0.0	0.0
ija-	0.175487465181	0.183844011142	0.0807799442897	0.559888579387
lal-	0.758364312268	0.0743494423791	0.122676579926	0.0446096654275
ear-	0.115852318874	0.0351107263579	0.0316406447284	0.81739631004
jas-	0.12474012474	0.334719334719	0.449064449064	0.0914760914761
nis-	0.618070947625	0.191984684003	0.0504522035618	0.139492164811
mep-	0.54128440367	0.321100917431	0.0	0.137614678899
asn-	0.652281055135	0.0687852229627	0.023785544389	0.255148177513
nep-	0.0	1.0	0.0	0.0
nuw-	0.245583569442	0.356121636266	0.167517528627	0.230777265665
iny-	0.186976086318	0.121669396665	0.0716564288874	0.61969808813
gel-	0.622845691383	0.157114228457	0.161523046092	0.0585170340681
sau-	0.0160744500846	0.97461928934	0.00338409475465	0.00592216582065
maw-	0.209238769429	0.383032465437	0.0975843726977	0.310144392436
gla-	0.0	1.0	0.0	0.0
esm-	0.228915662651	0.368674698795	0.402409638554	0.0
sag-	0.0147918262061	0.182257869493	0.0108621176091	0.792088186691
aag-	0.0210918114144	0.0421836228287	0.104218362283	0.832506203474
dag-	0.199035242075	0.627408710855	0.0613051587645	0.112250888305
ams-	0.917322834646	0.0354330708662	0.011811023622	0.0354330708662
gol-	0.576743424742	0.258139316361	0.0441755503757	0.120941708521
ela-	0.242268041237	0.482817869416	0.0824742268041	0.192439862543
iyo-	0.507592020134	0.164178820881	0.0631275693727	0.265101589612
uri-	0.0	1.0	0.0	0.0
dup-	0.225130890052	0.48167539267	0.0732984293194	0.219895287958
orm-	0.277334397446	0.388467677574	0.244413407821	0.0897845171588
oab-	0.198275862069	0.801724137931	0.0	0.0
aen-	0.061776061776	0.938223938224	0.0	0.0
bea-	0.0486015530401	0.0828258063506	0.0120925750527	0.856480065557
oot-	0.542235851687	0.374128798439	0.0167270699749	0.0669082798996
wuh-	0.408542246982	0.266480965645	0.0278551532034	0.297121634169
had-	0.0229252949244	0.0500330915716	0.355342071328	0.571699542176
aye-	0.686250897439	0.204244396887	0.0134873831036	0.096017322571
hit-	0.348562945286	0.0735627718541	0.02490478602	0.55296949684
yek-	0.0	1.0	0.0	0.0
ras-	0.0	0.975845410628	0.0	0.024154589372
orj-	0.0809912203232	0.548599927269	0.0997454413216	0.270663411086
gul-	0.139236142755	0.7797184371	0.0311201099942	0.049925310151
yoa-	0.0	1.0	0.0	0.0
man-	0.165709515379	0.123155864531	0.0959010415917	0.615233578498
men-	0.444529456771	0.283856159143	0.0604437643457	0.21117061974
oss-	0.83606557377	0.0491803278688	0.0	0.114754098361
len-	0.150927487352	0.66694772344	0.141652613828	0.0404721753794
oyi-	0.681335356601	0.166919575114	0.0364188163885	0.115326251897
bus-	0.474452554745	0.339416058394	0.164233576642	0.021897810219
mug-	0.342390763412	0.584453070568	0.0462824723798	0.0268736936399
daa-	0.586257928864	0.0882138510124	0.0459403822594	0.279587837865
owo-	0.279367987177	0.455003434852	0.130524387451	0.13510419052
amw-	0.523165947223	0.225016095126	0.0766233529481	0.175194604703
muu-	0.137375548248	0.279052495637	0.123492447279	0.460079508836
aft-	0.70297029703	0.148514851485	0.0	0.148514851485
deb-	0.0	0.929133858268	0.0236220472441	0.0472440944882
sol-	0.0232558139535	0.751937984496	0.178294573643	0.046511627907
mow-	0.346065699007	0.132925897632	0.127578304049	0.393430099312
dom-	0.0121208623128	0.974243167585	0.0106057545237	0.0030302155782
oom-	0.190582391404	0.188554919155	0.576765168027	0.0440975214151
wea-	0.138023846305	0.620050782201	0.175829869931	0.0660955015631
iso-	0.72131147541	0.180327868852	0.0983606557377	0.0
hut-	0.505065688603	0.259236990049	0.126266422151	0.109430899197
bos-	0.031512605042	0.892857142857	0.063025210084	0.0126050420168
mag-	0.302743530099	0.464003754363	0.0652486803379	0.168004035201
agw-	0.0366713681241	0.93370944993	0.0126939351199	0.0169252468265
ika-	0.0365598885794	0.890320334262	0.0731197771588	0.0
siw-	0.72571588995	0.0645704660303	0.138966872544	0.0707467714767
oow-	0.292207792208	0.420454545455	0.128246753247	0.159090909091
jok-	0.135026199113	0.816606207175	0.0120918984281	0.0362756952841
dru-	0.0	0.985401459854	0.014598540146	0.0
nil-	0.570332054063	0.106958117804	0.107959285833	0.214750542299
lag-	0.129433847976	0.810831006168	0.0270314006765	0.0327037451793
dob-	0.368492883603	0.449015402612	0.147397153441	0.0350945603431
weg-	0.224852071006	0.704142011834	0.0710059171598	0.0
meg-	0.421953094963	0.517493271819	0.0173010380623	0.0432525951557
mon-	0.220927152318	0.515394803872	0.0487009679063	0.214977075904
gha-	0.370645119439	0.156324855274	0.0596440011106	0.413386024177
alo-	0.238895777113	0.400080227555	0.275326380279	0.0856976150537
epn-	0.178571428571	0.821428571429	0.0	0.0
ano-	0.782608695652	0.0434782608696	0.130434782609	0.0434782608696
afo-	0.736156351792	0.166123778502	0.0390879478827	0.0586319218241
lap-	0.132690848556	0.791524636762	0.0377110630443	0.0380734516381
ara-	0.226889025316	0.732398177618	0.0195082152609	0.0212045818052
gew-	0.410010295925	0.146932810787	0.101464678335	0.341592214952
las-	0.179602778116	0.802241988546	0.0103570123066	0.00779822103082
bra-	0.0	1.0	0.0	0.0
aar-	0.310761789601	0.394195888755	0.224909310762	0.0701330108827
jad-	0.617647058823	0.147058823529	0.0588235294118	0.176470588235
laa-	0.114668059598	0.508792876154	0.0373106484591	0.33922841579
wik-	0.00882028665931	0.90848952591	0.0	0.0826901874311
hor-	0.359458514411	0.477363171654	0.0512846129511	0.111893700984
eeh-	0.529048207664	0.241038318912	0.0519159456119	0.177997527812
arj-	0.77397260274	0.102739726027	0.0	0.123287671233
eaf-	0.593406593407	0.0659340659341	0.208791208791	0.131868131868
mib-	0.0588235294118	0.78431372549	0.117647058824	0.0392156862745
yus-	0.013986013986	0.986013986014	0.0	0.0
enu-	0.464063384267	0.420846838504	0.0520656479909	0.0630241292381
gah-	0.371257600576	0.266902438188	0.148686140151	0.213153821085
ebr-	0.00318809776833	0.968119022317	0.028692879915	0.0
eud-	0.0	1.0	0.0	0.0
reb-	0.0212765957447	0.957446808511	0.0	0.0212765957447
inn-	0.200334688023	0.309825484102	0.255797274683	0.234042553192
dum-	0.229934924078	0.626355748373	0.0824295010846	0.0612798264642
ema-	0.0204081632653	0.979591836735	0.0	0.0
msa-	0.07473508087	0.854433909649	0.0574456218628	0.0133853876185
ing-	0.216778851373	0.144718271632	0.0173705352296	0.621132341765
oob-	0.0434782608695	0.826086956522	0.0434782608696	0.0869565217391
nai-	0.0	0.897435897436	0.0	0.102564102564
his-	0.205230735978	0.584675240463	0.162325732195	0.047768291365
rad-	0.438439969411	0.508743308692	0.0288554677543	0.0239612541422
fan-	0.0	1.0	0.0	0.0
yas-	0.0356612184249	0.964338781575	0.0	0.0
suw-	0.308053166536	0.275996872557	0.125879593432	0.290070367475
mop-	0.697278911565	0.136054421769	0.0136054421769	0.15306122449
rit-	0.514887170915	0.228635603845	0.0605933974091	0.195883827831
nop-	0.313725490196	0.254901960784	0.137254901961	0.294117647059
bud-	0.113555020498	0.857812194963	0.0130149020629	0.0156178824755
gia-	0.241379310345	0.637931034483	0.0689655172414	0.051724137931
uut-	0.0939423388403	0.12374473599	0.154518950437	0.627793974733
gag-	0.497072802189	0.121558660925	0.0340577991449	0.347310737741
yos-	0.0145179518387	0.976267060767	0.00139094149352	0.00782404590107
aro-	0.0938477580813	0.845821540295	0.0435721733949	0.0167585282288
awa-	0.463141025641	0.354166666667	0.150641025641	0.0320512820513
iib-	0.533488022075	0.204063715038	0.0602031857519	0.202245077135
fir-	0.0	0.890909090909	0.109090909091	0.0
nay-	0.46875	0.09375	0.0	0.4375
nus-	0.491251682369	0.460296096905	0.0323014804845	0.0161507402422
sea-	0.0455256830852	0.102029821971	0.0387038981395	0.813740596804
