-mud	0.0	0.0	1.0	0.0
-abi	0.696546052632	0.303453947368	0.0	0.0
-eus	0.0	1.0	0.0	0.0
-zoa	0.0	1.0	0.0	0.0
-rba	0.0421052631579	0.894736842105	0.0421052631578	0.0210526315789
-lek	0.0617283950615	0.907407407408	0.0205761316873	0.0102880658436
-zob	0.360128617363	0.534565916399	0.0908360128617	0.0144694533762
-rbe	0.612224448898	0.213426853707	0.0571142284569	0.117234468938
-969	0.0	0.0	0.0	1.0
-950	0.0	0.2	0.0	0.8
-lem	0.224853750453	0.716620150638	0.0206694103239	0.0378566885844
-105	0.0	0.0	0.0	1.0
-aus	0.0677589240293	0.905919960822	0.0105551585875	0.0157659565616
-ziz	0.0906207521522	0.787796405377	0.117051804863	0.00453103760761
-aut	0.46537650817	0.184071045069	0.0459101647019	0.304642282059
-zit	0.640764953093	0.188797385066	0.0545485418347	0.115889120007
-iol	1.0	0.0	0.0	0.0
-lti	0.372679045093	0.421087533156	0.123342175066	0.0828912466844
-aua	0.0858153456117	0.785181054058	0.0767832209687	0.0522203793619
-zil	0.0	1.0	0.0	0.0
-aue	0.743673847745	0.171784335921	0.0388913152633	0.0456505010711
-aud	0.118771347305	0.584752520023	0.274102371857	0.022373760815
-rsa	0.0	1.0	0.0	0.0
-nse	0.215529792569	0.170816097452	0.0628697588623	0.550784351117
-zib	0.0	1.0	0.0	0.0
-aul	0.471341888976	0.364072973395	0.0816687106085	0.0829164270206
-pla	0.0293312441519	0.035511630912	0.00477859756085	0.930378527375
-aun	0.472042386724	0.304113264989	0.0411178300111	0.182726518275
-nti	0.0612860247819	0.135423277255	0.64001812943	0.163272568533
-uad	0.645290581162	0.210420841683	0.108216432866	0.0360721442886
-pus	0.045871559633	0.954128440367	0.0	0.0
-nta	0.397192028985	0.576992753623	0.0258152173913	0.0
-nte	0.498383639947	0.44962294555	0.00736721665156	0.0446261978513
-dli	0.184727937814	0.484224965706	0.325560128029	0.00548696844993
-les	0.124884006654	0.640155155734	0.070181710479	0.164779127132
-dus	0.137404580153	0.862595419847	0.0	0.0
-pua	0.0	1.0	0.0	0.0
-pul	0.606303759597	0.185807466397	0.13358778626	0.0743009877467
-kam	0.680761536788	0.0231502108817	0.00922038946806	0.286867862862
-oun	0.248610485203	0.269941415052	0.349631966351	0.131816133393
-pri	0.223326692531	0.28945510468	0.430212156164	0.0570060466254
-nab	0.0	1.0	0.0	0.0
-zor	0.0	1.0	0.0	0.0
-sma	0.0	1.0	0.0	0.0
-opa	0.264254100495	0.709190315022	0.0132777922416	0.0132777922416
-815	0.0	0.0	0.0	1.0
-gke	0.491935483871	0.302419354839	0.0604838709677	0.145161290323
-ded	0.38879143456	0.304282873895	0.235589636335	0.0713360552096
-oia	0.0	0.980198019802	0.019801980198	0.0
-dei	0.057627085223	0.74123680509	0.131480787685	0.0696553220019
-dek	0.0546095126247	0.906928948914	0.02436876101	0.0140927774516
-del	0.185136528828	0.222988900894	0.0565882526275	0.535286317651
-dem	0.0387813187703	0.0327204477081	0.0137974828216	0.9147007507
-den	0.0528037410043	0.0229397862374	0.0312372614414	0.893019211317
-400	0.173410404624	0.138728323699	0.0	0.687861271676
-dep	0.177618069815	0.064681724846	0.714579055442	0.0431211498973
-lep	0.0	1.0	0.0	0.0
-der	0.0	1.0	0.0	0.0
-des	0.0	1.0	0.0	0.0
-det	0.375271149675	0.41431670282	0.0715835140998	0.138828633406
-aka	0.213114754098	0.491803278689	0.196721311475	0.0983606557377
-oke	0.693081476769	0.155986654903	0.0562690436062	0.0946628247218
-sit	0.120355763328	0.660308637095	0.196100896233	0.0232347033451
-oka	0.0	1.0	0.0	0.0
-oim	0.0	1.0	0.0	0.0
-imo	0.255100637293	0.250653340058	0.170556141397	0.323689881252
-oul	0.190158020426	0.264849347086	0.451958741934	0.0930338905543
-kis	0.495575221239	0.474926253687	0.0	0.0294985250737
-bit	0.0	1.0	0.0	0.0
-obi	0.598462677502	0.0493504739802	0.0120154126539	0.340171435863
-bis	0.0855821427872	0.840535402826	0.0391949360143	0.0346875183726
-idi	0.374886404743	0.345956008858	0.264335059687	0.0148225267114
-oba	0.153854904518	0.701633575513	0.0332175522153	0.111293967753
-ida	0.0818514206903	0.756330205072	0.0860812300928	0.0757371441446
-big	0.0909913607804	0.0878437573406	0.416437421179	0.4047274607
-bid	0.0416018344116	0.91532225043	0.00835312423225	0.0347227909262
-tlo	0.106734559252	0.84308744078	0.0255142372715	0.0246637626958
-bia	0.181818181818	0.774545454546	0.0218181818182	0.0218181818182
-bin	0.75051003545	0.00451153412538	0.000184547031234	0.244793883394
-bil	0.217842323651	0.761410788382	0.0207468879668	0.0
-318	0.285714285714	0.571428571429	0.142857142857	0.0
-rat	0.407128169979	0.532556545579	0.0376970527759	0.0226182316655
-tep	0.113989637306	0.834196891192	0.0518134715026	0.0
-rid	0.722801350756	0.231684040523	0.0243723388636	0.0211422698576
-tes	0.0898550724637	0.429710144928	0.460869565217	0.0195652173913
-rib	0.0	1.0	0.0	0.0
-ute	0.790886623661	0.105385751171	0.0300831431752	0.0736444819936
-rin	0.305425032037	0.153780435711	0.512601452371	0.0281930798804
-rar	0.0	1.0	0.0	0.0
-tez	0.0	0.474169741697	0.431734317343	0.0940959409594
-rim	0.194668537355	0.768853034023	0.00736583654858	0.029112592073
-rik	0.182284980745	0.741976893453	0.0654685494223	0.01026957638
-tea	0.314726507714	0.611220196353	0.0740532959326	0.0
-rit	0.0249203675968	0.895118543906	0.0690882814541	0.0108728070434
-riu	0.0	1.0	0.0	0.0
-ted	0.115942028986	0.826086956522	0.0579710144928	0.0
-ris	0.504670471162	0.347284222852	0.0943538732808	0.0536914327059
-rip	0.48731839127	0.352905087002	0.0998603260799	0.0599161956479
-gre	0.091428297178	0.235697830678	0.661715300442	0.0111585717028
-gri	0.563554555681	0.26514542825	0.0666077454604	0.104692270609
-riz	0.463755065286	0.478838361099	0.0479513732553	0.0094552003602
-tem	0.704438556479	0.212469734837	0.0400790071308	0.043012701553
-ten	0.0302760626439	0.651641788306	0.0122939163463	0.305788232704
-ard	0.0	1.0	0.0	0.0
-are	0.482722658069	0.394781464146	0.0133457284498	0.109150149335
-nze	0.613268608414	0.254140491148	0.0516847515706	0.0809061488673
-ara	0.151714759254	0.732639921805	0.0267731928095	0.0888721261315
-mes	0.0198737085274	0.956609069715	0.0092743973128	0.0142428244447
-mer	0.0	1.0	0.0	0.0
-aro	0.195237600088	0.485095202584	0.315542459297	0.00412473803003
-lut	0.020202020202	0.676767676768	0.262626262626	0.040404040404
-pgo	0.394208639879	0.326636483682	0.10264101113	0.176513865308
-aru	0.0933852140078	0.0466926070039	0.859922178988	0.0
-luk	0.822702879629	0.0875584096455	0.00482665800343	0.084912052722
-mea	0.315217391304	0.663043478261	0.0217391304348	0.0
-lun	0.0	1.0	0.0	0.0
-mem	0.85934370106	0.0781585752267	0.0312488618567	0.0312488618567
-mel	0.0995825879547	0.744782349433	0.130590339893	0.0250447227192
-men	0.126524883947	0.241282521861	0.062830616431	0.569361977761
-lud	0.0	1.0	0.0	0.0
-mek	0.0178571428571	0.982142857143	0.0	0.0
-rai	0.602122194338	0.262820674013	0.0695242130568	0.0655329185924
-zin	0.0988571281546	0.810291778717	0.0662064287853	0.0246446643428
-rab	0.0	1.0	0.0	0.0
-wul	0.0	0.961538461538	0.0	0.0384615384615
-ubi	0.228643413904	0.602236044406	0.0733800488151	0.0957404928745
-ira	0.0440922190202	0.877521613833	0.0155619596542	0.0628242074928
-bta	0.0	1.0	0.0	0.0
-ube	0.530612244898	0.273015873016	0.0884353741496	0.107936507936
-nsi	0.0661157024793	0.314049586777	0.561983471074	0.0578512396694
-ota	0.0606060606061	0.836363636364	0.0909090909091	0.0121212121212
-sut	0.170485209393	0.715857984345	0.113656806262	0.0
-ote	0.694267515924	0.0859872611465	0.00955414012739	0.210191082803
-oti	0.0536106635418	0.552805038816	0.017577266735	0.376007030907
-oam	0.0	1.0	0.0	0.0
-koz	0.0474257311823	0.0401613408834	0.00822260862214	0.904190319312
-962	0.0	0.0	0.0	1.0
-uma	0.0	1.0	0.0	0.0
-kbo	0.0	1.0	0.0	0.0
-365	0.0	0.0	0.0	1.0
-umi	0.242232810849	0.162372523232	0.0588603091783	0.536534356741
-siz	0.155838186801	0.772158675483	0.0246331253719	0.0473700123441
ALL	0.235850489538	0.286007664859	0.0524827785945	0.425659067008
-nai	0.0345622119816	0.872119815668	0.0172811059908	0.0760368663595
-nan	0.0367789392179	0.874177313202	0.040650406504	0.0483933410763
-nao	0.0	1.0	0.0	0.0
-aki	0.323643991609	0.478573569074	0.179802217561	0.0179802217561
-nam	0.0	1.0	0.0	0.0
-sis	0.0585387323944	0.911311619718	0.0233274647887	0.00682218309859
-ake	0.705704537358	0.166900774028	0.026502013394	0.100892675221
-sip	0.204160616057	0.73843442149	0.0264568905068	0.0309480719459
-zun	0.377777777778	0.444444444444	0.177777777778	0.0
-kin	0.438159367008	0.487911604859	0.0547474424552	0.0191815856777
-kim	0.0	1.0	0.0	0.0
-nsa	0.901838590244	0.0855081312427	0.000240613805819	0.0124126647077
-sik	0.177206984564	0.301246471931	0.465300004051	0.0562465394536
-kir	0.0	1.0	0.0	0.0
-kip	0.443212213396	0.166223682483	0.0681147177367	0.322449386384
-sin	0.167318708005	0.666022599055	0.129541401278	0.0371172916614
-sim	0.0	1.0	0.0	0.0
-sil	0.155628276722	0.482888467647	0.199597187356	0.161886068275
-zuz	0.0	1.0	0.0	0.0
-nas	0.0542577241899	0.927656367747	0.00904295403165	0.00904295403165
-sia	0.0305107229715	0.936988724298	0.0258677868671	0.00663276586336
-akt	0.391399353203	0.203566121842	0.300410803251	0.104623721703
-aks	0.202685145084	0.797314854916	0.0	0.0
-oab	0.0283018867925	0.943396226415	0.0283018867925	0.0
-nat	0.221062327295	0.663801043905	0.0782929075836	0.0368437212158
-sid	0.132333469478	0.813887273376	0.0345647121772	0.019214544968
-put	0.0909090909091	0.898949655922	0.00434625135821	0.00579500181094
-mos	0.0738916256157	0.896551724138	0.0147783251231	0.0147783251231
-gol	0.40243902439	0.539634146342	0.0426829268293	0.015243902439
-gon	0.0	1.0	0.0	0.0
-god	0.0323173467036	0.841960936254	0.0188841395347	0.106837577507
-gog	0.0333333333333	0.95	0.0166666666667	0.0
-wud	0.142345568487	0.817367949866	0.0402864816473	0.0
-lki	0.0	1.0	0.0	0.0
-mob	0.137257337422	0.602663780297	0.198043616913	0.0620352653676
-mon	0.0186046511628	0.978294573643	0.0	0.0031007751938
-gos	0.158415841584	0.792079207921	0.026402640264	0.023102310231
-mol	0.239997307787	0.221634173154	0.373282031723	0.165086487335
-mok	0.0235109717868	0.96394984326	0.012539184953	0.0
-lka	0.0	1.0	0.0	0.0
-ber	0.0	1.0	0.0	0.0
-bes	0.427304762159	0.182547411521	0.371569358399	0.01857846792
-bet	0.130623156478	0.27402659816	0.332807679929	0.262542565434
-600	0.0	0.0	0.333333333333	0.666666666667
-yad	0.0468699839486	0.922311396469	0.0115569823435	0.0192616372392
-lpe	0.516365713931	0.253424464527	0.107710363989	0.122499457552
-bei	0.557792992348	0.206604913411	0.108739428111	0.12686266613
-ben	0.0533025279852	0.536239300519	0.0475848228384	0.362873348658
-beo	0.031914893617	0.968085106383	0.0	0.0
-bel	0.269673068818	0.655668613402	0.0204708290686	0.0541874887109
-bem	0.657180101284	0.19439028533	0.0698815599937	0.0785480533925
-yan	0.667011743848	0.18211273914	0.0232408273118	0.1276346897
-beg	0.676394789998	0.258410531448	0.065194678554	0.0
-bed	0.126115407495	0.823914336704	0.0410469958358	0.00892325996431
-iso	0.0350576121598	0.933562147585	0.00882569257171	0.0225545476832
-rek	0.393939393939	0.601731601732	0.00432900432899	0.0
-rei	0.0344827586207	0.922413793103	0.0344827586207	0.00862068965517
-ren	0.141959031236	0.503536668176	0.209268899955	0.145235400634
-rel	0.0	1.0	0.0	0.0
-rem	0.529893476664	0.29101863346	0.0473798119106	0.131708077966
-ise	0.714607641705	0.230149447302	0.0281294103381	0.0271135006549
-rea	0.536736218069	0.399213337376	0.00581009112436	0.0582403534306
-red	0.058195716644	0.732040335341	0.0892658531995	0.120498094815
-rez	0.0	1.0	0.0	0.0
-res	0.275598086124	0.418181818182	0.149282296651	0.156937799043
-rep	0.747111681643	0.0590500641848	0.116816431322	0.0770218228498
-ist	0.0322973469669	0.853046263218	0.0802205624695	0.0344358273456
-ret	0.220906089478	0.494028544341	0.161131932682	0.123933433499
-rau	0.428272564256	0.466527196653	0.0268977884041	0.0783024506874
-map	0.595613715033	0.266237780429	0.0623025632979	0.0758459412402
-mas	0.374510537423	0.0933851438791	0.0687669455555	0.463337373143
-mar	0.0364864864865	0.679729729729	0.0	0.283783783784
-mat	0.0846625766871	0.4963599182	0.262903885481	0.156073619632
-ebu	0.0	1.0	0.0	0.0
-mai	0.0682637081505	0.174522059056	0.0595882647213	0.697625968072
-mak	0.240578529232	0.57072044544	0.112107014327	0.0765940110002
-mam	0.0	1.0	0.0	0.0
-mal	0.0654329593236	0.832332726223	0.0801235206379	0.022110793815
-man	0.0606892767419	0.748048235579	0.064725130184	0.126537357495
-182	0.0	0.0	0.0	1.0
-mad	0.108832807571	0.884858044164	0.00630914826498	0.0
-ptu	0.396378269618	0.472837022133	0.0462776659959	0.0845070422535
-uni	0.0	1.0	0.0	0.0
-une	0.471097670372	0.272279030852	0.113596676539	0.143026622237
-una	0.027991448794	0.807402120984	0.093583351192	0.0710230790296
-782	0.0	0.0	0.0	1.0
-pte	0.555813953488	0.356744186047	0.0693023255814	0.0181395348837
-pta	0.0790283452749	0.0780354322469	0.0309784179934	0.811957804485
-unt	0.0991196609065	0.879360939028	0.00978154548417	0.011737854581
-666	0.0	0.0	0.0	1.0
-pti	0.109646753808	0.489575456411	0.264664578157	0.136113211624
-iri	0.0	1.0	0.0	0.0
-gad	0.353454145368	0.057307615248	0.0544035018596	0.534834737524
-tra	0.128865658252	0.773013282165	0.0883089536245	0.00981210595827
-oue	0.729585326954	0.168761017376	0.0769747334844	0.0246789221858
-ada	0.0479812357069	0.168668046911	0.232783085017	0.550567632365
-nli	0.23595505618	0.292134831461	0.47191011236	0.0
-ado	0.259130434782	0.646956521739	0.0730434782609	0.0208695652174
-gam	0.0	1.0	0.0	0.0
-gal	0.407766990291	0.354368932039	0.0145631067961	0.223300970874
-tri	0.0750869277479	0.482935965325	0.0916732315988	0.350303875329
-gai	0.133630289532	0.723830734967	0.124721603563	0.0178173719376
-adi	0.121158911326	0.81167690957	0.0381913959613	0.0289727831431
-tru	0.199717780111	0.201672165741	0.136812153513	0.461797900635
-eia	0.10953346856	0.640973630832	0.0486815415821	0.200811359026
-144	0.0434782608696	0.0869565217391	0.0	0.869565217391
-gat	0.0	1.0	0.0	0.0
-gas	0.140350877193	0.833333333333	0.0263157894737	0.0
-gar	0.350834158722	0.345309211341	0.0500495233379	0.253807106599
-ian	0.142482697688	0.627506994552	0.132086585186	0.097923722574
-ana	0.0644433686741	0.852063262386	0.0593949324127	0.0240984365275
-oui	0.135802469136	0.814814814815	0.0246913580247	0.0246913580247
-sen	0.820358413992	0.08397611762	0.0194711079514	0.0761943604362
-sem	0.420921878936	0.314950612871	0.191720037864	0.0724074703282
-sel	0.0408552362794	0.724908075718	0.13005583549	0.104180852513
-sek	0.222222222222	0.777777777778	0.0	0.0
-lpa	0.0	0.964285714286	0.0	0.0357142857144
-dab	0.375	0.621951219512	0.0	0.0030487804878
-ina	0.173696786063	0.283720552602	0.1816591762	0.360923485136
-apa	0.253887063618	0.181704327469	0.103782674548	0.460625934365
-lba	0.0138955438428	0.873742213704	0.079300431241	0.0330618112123
-ine	0.840953605358	0.0612830754218	0.0214950452434	0.0762682739771
-sea	0.244574652778	0.603949652778	0.115451388889	0.0360243055556
-ing	0.162083014573	0.521101954319	0.111761157033	0.205053874076
-inz	0.498073630137	0.262200342466	0.203339041096	0.0363869863014
-800	0.0	0.0	0.0	1.0
-807	0.0	0.0	0.0	1.0
-iki	0.277777777778	0.722222222222	0.0	0.0
-uin	0.148413053196	0.60527492177	0.043808672329	0.202503352705
-set	0.452285485165	0.369687249398	0.151563753007	0.0264635124298
-int	0.20016961684	0.660041461894	0.109344873077	0.0304440481886
-ser	0.0	1.0	0.0	0.0
-sep	0.0246239437963	0.935096914213	0.00328420147743	0.0369949405136
-iad	0.740863787375	0.21926910299	0.0132890365449	0.0265780730897
-blo	0.0213998027048	0.00449438821736	0.0186658139977	0.95543999508
-eda	0.210000920799	0.198396242618	0.0638845043915	0.527718332191
-kus	0.2	0.8	0.0	0.0
-rse	0.613869188337	0.273443656422	0.11268715524	0.0
-iab	0.0175438596491	0.982456140351	0.0	0.0
-iam	0.0338698390483	0.8544436669	0.0310706787964	0.0806158152554
-ial	0.0442925995973	0.925507900677	0.0261728997621	0.00402659996339
-net	0.050209624445	0.861252793518	0.0839382271256	0.00459935491099
-edi	0.355841124412	0.168298736368	0.32573261102	0.1501275282
-ner	0.0	1.0	0.0	0.0
-nes	0.0196078431373	0.980392156863	0.0	0.0
-mtu	0.0275891751163	0.0630494921485	0.00533798880544	0.90402334393
-iat	0.293057854268	0.149362705281	0.508629587331	0.0489498531199
-nem	0.147051292508	0.142025140358	0.00822466906704	0.702698898067
-iap	0.453070683662	0.261877172653	0.110724861594	0.174327282091
-ias	0.0790952890793	0.884970556745	0.0110412205568	0.0248929336189
-edz	0.133333333333	0.422222222222	0.0888888888889	0.355555555556
-iks	0.109461325967	0.31880179558	0.232648480663	0.33908839779
-kum	0.0	0.832167832168	0.0	0.167832167832
-kul	0.115583075335	0.672514619883	0.115583075335	0.0963192294462
-kuk	0.126621937162	0.649927585494	0.0446900954689	0.178760381876
-pen	0.55594198502	0.189866880467	0.0487767882294	0.205414346284
-ban	0.367706225159	0.533393479798	0.0746141279169	0.0242861671259
-bal	0.020942408377	0.979057591623	0.0	0.0
-gga	0.132743362832	0.818584070797	0.0420353982301	0.00663716814159
-eke	0.680205989101	0.0450158774579	0.0207077950254	0.254070338416
-bai	0.284046871059	0.414730904171	0.10009401729	0.20112820748
-bag	0.666666666667	0.333333333333	0.0	0.0
-bad	0.23917000364	0.370586093921	0.29632326174	0.093920640699
-out	0.0718035763629	0.896488769589	0.0307010618561	0.001006592192
-bab	0.0	1.0	0.0	0.0
-eks	0.165137614679	0.372810675563	0.372810675563	0.0892410341952
-kil	0.160550458716	0.839449541284	0.0	0.0
-gsi	0.0432772009423	0.863798970421	0.0772183928104	0.0157054358259
-ekt	0.340622371741	0.440135397523	0.160265395757	0.0589768349791
-bat	0.0268258636313	0.024628467452	0.00716351536339	0.941382153553
-bas	0.117453732399	0.859167965948	0.013697824318	0.00968047733521
-bap	0.459828962046	0.208792151703	0.132425707176	0.198953179075
-dru	0.00898652021967	0.972041937094	0.0	0.018971542686
-zon	0.0471239869602	0.88407395028	0.0137170043104	0.0550850584492
-isi	0.0746379273075	0.866318747491	0.0275453169873	0.0314980082142
-asa	0.186935483871	0.601451612903	0.0922580645161	0.11935483871
-180	0.0	0.0	0.0	1.0
-ask	0.523255813954	0.156976744186	0.0	0.31976744186
-yet	0.182865131141	0.0562508321129	0.0306217547597	0.730262281986
-asi	0.00862342050614	0.977227130337	0.0118264052656	0.00232304389145
-930	0.0	0.0	0.0	1.0
-mba	0.24346227959	0.240648904403	0.415767188207	0.100121627801
-asu	0.266666666667	0.517948717949	0.176923076923	0.0384615384615
-ast	0.0573012939002	0.881700554529	0.0	0.0609981515712
-130	0.0	0.0	0.0	1.0
-lta	0.0292912246866	0.947926711668	0.0184426229508	0.00433944069431
-dri	0.380952380952	0.52380952381	0.0	0.0952380952381
-lte	0.628865979382	0.298969072165	0.0515463917526	0.020618556701
-per	0.0	1.0	0.0	0.0
-430	0.155555555556	0.0	0.0	0.844444444444
-ers	0.156643860281	0.810947065178	0.0172848397551	0.0151242347858
-ert	0.0662286065506	0.889194446733	0.0190727234708	0.0255042232459
-ras	0.0927413003531	0.829607509182	0.0458990842426	0.0317521062226
-rap	0.31527972808	0.437402628081	0.195039117499	0.0522785263399
-ran	0.75188575303	0.195143656242	0.00932282396813	0.0436477667599
-eri	0.0213372128266	0.779492375237	0.0	0.199170411936
-ral	0.0357142857143	0.696428571429	0.267857142857	0.0
-ram	0.0579715867842	0.886718477095	0.0283858778359	0.0269240582844
-erl	0.00638909594291	0.9776381642	0.00638909594293	0.00958364391437
-rak	0.0666666666667	0.916666666667	0.0166666666667	0.0
-ero	0.0177023987137	0.97580414499	0.00649345629672	0.0
-era	0.0292437126018	0.913303639717	0.0247446798938	0.0327079677869
-rad	0.0	1.0	0.0	0.0
-erd	0.00311203319502	0.234958506224	0.761929460581	0.0
-ere	0.696343255449	0.220651028243	0.033043799383	0.0499619169251
-dop	1.0	0.0	0.0	0.0
-oze	0.356363636364	0.454545454545	0.174545454545	0.0145454545455
-pos	0.0	1.0	0.0	0.0
-epa	0.0	1.0	0.0	0.0
-pot	0.297645576979	0.404127507025	0.125569227788	0.172657688209
-azo	0.0	1.0	0.0	0.0
-pon	0.368421052632	0.40350877193	0.140350877193	0.0877192982456
-pol	0.0356753286205	0.700088840138	0.0765051042861	0.187730726955
-aze	0.542385093345	0.429721998302	0.00913118227409	0.0187617260788
-eik	0.178056948974	0.746698451234	0.053234274683	0.0220103251093
-poa	0.102321582115	0.285468615649	0.560619088564	0.0515907136715
-aza	0.0	0.964285714286	0.0	0.0357142857143
-ugi	0.214285714286	0.548469387755	0.191326530612	0.0459183673469
-lad	0.172351941068	0.714554372609	0.0895256822271	0.0235680040963
-oub	0.207692307692	0.7	0.0923076923077	0.0
-ike	0.707038427738	0.196958802695	0.0404782828686	0.0555244866981
-119	0.0	0.0	0.0	1.0
-187	0.0	0.0	0.0	1.0
-500	0.0320855614973	0.090909090909	0.0160427807487	0.860962566845
-oud	0.423423423423	0.414414414414	0.151351351351	0.0108108108108
-iko	0.0689266333075	0.906970188174	0.0198745507083	0.00422862781028
-lam	0.0839612486545	0.848223896663	0.0678148546825	0.0
-lan	0.278757250278	0.632153683277	0.0403165238479	0.0487725425968
-nos	0.0747663551401	0.92523364486	0.0	0.0
-not	0.0744186046512	0.106976744186	0.744186046512	0.0744186046512
-lai	0.379663597979	0.326434553887	0.235896725964	0.0580051221707
-oum	0.0262751159196	0.890262751159	0.0370942812983	0.0463678516229
-lak	0.119064493267	0.880935506733	0.0	0.0
-lat	0.079470014206	0.857466504489	0.0391082719752	0.0239552093295
-lau	0.438441388343	0.183995768475	0.263714674324	0.113848168858
-oup	0.346666666667	0.57696969697	0.0436363636364	0.0327272727272
-lap	0.47395713298	0.23983060613	0.239542521318	0.0466697395714
-non	0.0	1.0	0.0	0.0
-las	0.0731491669333	0.552670773333	0.330195970133	0.0439840896
-noa	0.0171296873053	0.981157343964	0.00171296873054	0.0
-bok	0.0	1.0	0.0	0.0
-nod	0.0	1.0	0.0	0.0
-bod	0.134428678118	0.607916355489	0.0268857356236	0.230769230769
-dot	0.47619047619	0.0	0.52380952381	0.0
-dou	0.0646190666135	0.8755484643	0.0538492221779	0.00598324690865
-gen	0.43322255907	0.136019751117	0.0631565840566	0.367601105756
-gem	0.625604703664	0.308839217048	0.00520975464536	0.0603463246421
-gel	0.0549252735287	0.671791854727	0.0818390966088	0.191443775136
-bol	0.28008784656	0.585285558416	0.0657142057811	0.0689123892426
-geb	0.153846153846	0.692307692308	0.153846153846	0.0
-bon	0.584004455485	0.353229784563	0.0434056170935	0.0193601428584
-boi	0.0200497031329	0.949702093147	0.0135591810421	0.0166890226783
-ged	0.537571578824	0.251957461727	0.165478555568	0.0449924038799
-bot	0.0826651018907	0.893248124421	0.0124034392881	0.0116833344005
-dog	0.0454681423871	0.950942267424	0.00358959018845	0.0
-doa	0.112037586286	0.861533034385	0.00517096552088	0.0212584138081
-don	0.0	0.996884735202	0.0	0.0031152647975
-dol	0.178346310716	0.758249907304	0.020022246941	0.043381535039
-dom	0.0121731571574	0.911889529146	0.0620251340879	0.0139121796085
-dok	0.0	1.0	0.0	0.0
-get	0.333333333333	0.590909090909	0.0	0.0757575757576
-sas	0.00796812749006	0.99203187251	0.0	0.0
-sap	0.223963309765	0.275558952799	0.339384674183	0.161093063252
-toa	0.190178893024	0.809821106976	0.0	0.0
-ton	0.0401185038884	0.940401991333	0.0141922106241	0.00528729415408
-gki	0.171704580866	0.800560922406	0.00997195387972	0.0177625428482
-tol	0.0564288593309	0.87505038291	0.0362756952842	0.0322450624748
-bos	0.117358923218	0.750268285843	0.0425235760356	0.0898492149037
-olt	0.302974208854	0.478925461923	0.191384580186	0.0267157490366
-tok	0.456389929561	0.293123524074	0.0782663985808	0.172220147785
-mpa	0.204108902622	0.780858526808	0.0	0.0150325705696
-oli	0.0807389077516	0.189215629856	0.704839730678	0.0252057317143
-tot	0.304464516559	0.530294286727	0.117080445913	0.0481607508011
-oll	0.157467144564	0.826762246117	0.0100358422939	0.00573476702509
-oks	0.183785112791	0.78916958633	0.0196693097302	0.00737599114882
-top	0.0224719101124	0.449438202247	0.460674157303	0.0674157303371
-sad	0.0	1.0	0.0	0.0
-ibe	0.722361731147	0.121329099115	0.0133860123021	0.142923157436
-old	0.0121516729221	0.924313868942	0.0513001037277	0.0122343544079
-ole	0.594842607564	0.166245328468	0.0305918142947	0.208320249673
-sam	0.0504092113594	0.0977354626394	0.0561967966606	0.795658529341
-rot	0.561643835616	0.356164383562	0.054794520548	0.0273972602739
-ima	0.0359955005624	0.943757030371	0.0101237345332	0.0101237345332
-gep	0.044776119403	0.888059701493	0.044776119403	0.0223880597015
-iem	0.197992119328	0.777429548617	0.0109237031354	0.0136546289192
-lok	0.139064475348	0.700655815423	0.0867967762327	0.0734829329962
-ain	0.270260383485	0.219216437358	0.103132575613	0.407390603545
-ros	0.29946568023	0.532675709001	0.00838471023428	0.159473900534
-lod	0.00615503169759	0.984971600325	0.00186936639091	0.00700400158692
-loa	0.344262295082	0.655737704918	0.0	0.0
-rod	0.0422069006055	0.88289433442	0.0343312793958	0.0405674855782
-roe	0.463743676223	0.375491849354	0.1101742552	0.0505902192243
-rog	0.0	0.962962962963	0.037037037037	0.0
-loz	0.113636363636	0.659090909091	0.159090909091	0.0681818181818
-rol	0.237740327558	0.582587230002	0.166760028483	0.0129124139568
-ime	0.341039950394	0.343785986358	0.237222074586	0.0779519886616
-lot	0.174851791837	0.64599721185	0.0807935865729	0.0983574097409
-lou	0.503950137498	0.350476369773	0.0878846761559	0.0576888165725
-los	0.104378577324	0.769185863378	0.0849911241833	0.0414444351141
-lop	0.274576271187	0.613559322034	0.0915254237288	0.0203389830509
-rok	0.712524654832	0.248443663708	0.0154554980276	0.0235761834319
-ore	0.324951087074	0.332567293095	0.256143483103	0.0863381367275
-ipi	0.0491195551436	0.906394810009	0.044485634847	0.0
-ipo	0.137376603741	0.0969475517963	0.0660669873234	0.69960885714
-win	0.296620913952	0.597872223141	0.0549032578138	0.0506036050934
-ipa	0.0903790087464	0.846276172807	0.0453220249138	0.018022793533
-ipe	0.530292375289	0.261281230485	0.158356352426	0.0500700418001
-toe	0.384236453202	0.379310344828	0.15763546798	0.0788177339901
-wik	0.0877192982456	0.521698984303	0.210526315789	0.180055401662
-ipt	0.0655174809214	0.862087786676	0.0550279357329	0.0173667966695
-awi	0.0	1.0	0.0	0.0
-awo	0.411676646707	0.443113772455	0.0381736526946	0.107035928144
-nga	0.0898803750404	0.851923698674	0.0	0.0581959262852
-awa	0.285714285714	0.619047619048	0.0	0.0952380952381
-sat	0.645161290323	0.0645161290323	0.0645161290323	0.225806451613
-sup	0.333333333333	0.666666666667	0.0	0.0
-830	0.0	0.0	0.0	1.0
-saz	0.68	0.2	0.0	0.12
-kad	0.0	1.0	0.0	0.0
-nge	0.518699186992	0.330081300813	0.0731707317073	0.0780487804878
-tom	0.276836158192	0.468926553672	0.141242937853	0.112994350282
-stu	0.199088297361	0.12085693115	0.0592780043072	0.620776767182
-276	0.0	0.180327868852	0.0	0.819672131148
-ter	0.0	1.0	0.0	0.0
-aim	0.154189611596	0.480748726095	0.100877412272	0.264184250036
-sti	0.120341536296	0.330407349328	0.337220788522	0.212030325855
-nim	0.0	1.0	0.0	0.0
-ngi	0.472954230236	0.331484049931	0.153952843273	0.0416088765603
-ste	0.521284703321	0.396951551443	0.0611867174741	0.0205770277627
-nap	0.586417723855	0.138523814509	0.0713568769547	0.203701584681
-eli	0.0558190889016	0.702298192525	0.0472315367629	0.194651181811
-ank	0.241194029851	0.450149253731	0.0997014925373	0.208955223881
-dai	0.0	1.0	0.0	0.0
-209	0.0	0.0	0.0	1.0
-isa	0.056141012281	0.871962214627	0.0555897384828	0.0163070346093
-200	0.0524017467249	0.53056768559	0.0698689956332	0.347161572052
-205	0.0	0.4	0.0	0.6
-207	0.0	1.0	0.0	0.0
-ibi	0.122821922372	0.777061469265	0.0737964351158	0.0263201732467
-iok	0.0753460433534	0.891747192478	0.00626795507965	0.0266388090885
-lei	0.313820846321	0.64387943274	0.0279060658975	0.0143936550419
-ide	0.638837650217	0.212201445603	0.0627454719479	0.0862154322323
-ois	0.02587104989	0.961222363699	0.00416714897558	0.00873943743489
-ion	0.0247296504317	0.930840808115	0.0117361052896	0.032693436164
-len	0.147501852004	0.38037424205	0.0159409553598	0.456182950586
-mub	0.688934069126	0.201568399651	0.0365959918675	0.0729015393552
-mul	0.0	1.0	0.0	0.0
-mun	0.0595660190044	0.912423769678	0.0131187065664	0.0148915047511
-led	0.610350981559	0.309339678763	0.0356930398572	0.0446162998215
-oiz	0.170281383536	0.748125453519	0.0493429009111	0.0322502620334
-leg	0.0310385358829	0.952105960902	0.00441904578673	0.0124364574283
-tos	0.021770682148	0.965166908563	0.00435413642961	0.00870827285922
-ola	0.0	1.0	0.0	0.0
-ios	0.096463022508	0.893890675241	0.00964630225079	0.0
-oin	0.327960155824	0.590979397499	0.0342089958455	0.046851450832
-iuz	0.0970057344805	0.64479568662	0.240532604595	0.0176659743037
-oil	0.127846622971	0.755240045646	0.0897987682441	0.0271145631386
-let	0.286054827175	0.487485101311	0.202622169249	0.0238379022646
-iot	0.0	1.0	0.0	0.0
-giu	0.55267506125	0.357529485499	0.0370349267848	0.0527605264657
-alu	0.0	1.0	0.0	0.0
-gis	0.0	0.963636363636	0.0363636363636	0.0
-tli	0.207920792079	0.762376237624	0.029702970297	0.0
-san	0.0514515091703	0.888336918676	0.0364817812867	0.0237297908674
-zpa	0.0	1.0	0.0	0.0
-alo	0.363965230064	0.582422444306	0.0109306683323	0.0426816572975
-naz	0.0	1.0	0.0	0.0
-ali	0.0206391777292	0.949544514698	0.00745407689311	0.0223622306793
-nda	0.0341659488946	0.955785242607	0.00947459086994	0.000574217628479
-nde	0.540806021308	0.07317139483	0.0346981065761	0.351324477285
-gib	0.676258992806	0.211510791367	0.0776978417266	0.0345323741007
-gia	0.0650095602294	0.778202676864	0.110898661568	0.0458891013384
-ala	0.149992337757	0.763480176275	0.0631512011102	0.0233762848578
-lon	0.0788232028865	0.724396336386	0.0716069941715	0.125173466556
-ait	0.219170989133	0.385595613383	0.222181987204	0.17305141028
-120	0.522727272727	0.136363636364	0.0	0.340909090909
-rou	0.153846153846	0.692307692308	0.0	0.153846153846
-obe	0.660550458716	0.223853211009	0.0220183486239	0.0935779816513
-mla	0.0	1.0	0.0	0.0
-aam	0.0782122905028	0.840020314881	0.00711020822753	0.074657186389
-mle	0.0743700202301	0.82729486785	0.0621468741612	0.0361882377589
-rop	0.444170771757	0.48275862069	0.0509031198686	0.0221674876848
-mlo	0.316878402904	0.581488203267	0.0450090744102	0.0566243194192
-iel	0.0878675228117	0.836346738763	0.0593105778979	0.0164751605272
-pea	0.0893388921976	0.696247766528	0.214413341275	0.0
-pel	0.33734939759	0.621234939759	0.00978915662651	0.0316265060241
-pem	0.570794544003	0.276584719903	0.101104666735	0.051516069359
-elp	0.177836143832	0.205912501399	0.111493981377	0.504757373392
-loi	0.0	0.980392156863	0.0196078431373	0.0
-pei	0.5379967039	0.394683834655	0.0479476479149	0.0193718135294
-elt	0.188044109112	0.770168311085	0.0174114915844	0.0243760882182
-pet	0.723055934516	0.260572987722	0.0	0.0163710777626
-150	0.3	0.1	0.0	0.6
-153	0.0384615384615	0.0	0.115384615385	0.846153846154
-nau	0.136131161695	0.102325477138	0.0197575463559	0.741785814811
-elo	0.0186335403727	0.385093167702	0.596273291925	0.0
-ogo	0.101545481475	0.0385950260345	0.0127030580275	0.847156434463
-pes	0.185440695654	0.768265835719	0.0280162202067	0.0182772484205
-elb	0.0233126110124	0.0417684280639	0.0205928063943	0.914326154529
-ela	0.0321864594894	0.9256381798	0.00443951165372	0.0377358490566
-iya	0.00418895686247	0.956714112421	0.00593435555516	0.0331625751612
-ele	0.854679679545	0.0929799989054	0.00976659608303	0.0425737254669
-itu	0.106553137309	0.0888075438666	0.0363665300601	0.768272788764
-100	0.0937500000001	0.140625	0.0937500000001	0.671875
-est	0.340232858991	0.570666235446	0.0480271668823	0.0410737386804
-pto	0.0	1.0	0.0	0.0
-esi	0.0432098765432	0.956790123457	0.0	0.0
-uta	0.0	1.0	0.0	0.0
-eso	0.383646167741	0.549777781752	0.0558451894444	0.0107308610622
-iti	0.0402900718946	0.828259153057	0.0191026333652	0.112348141684
-tet	0.0	1.0	0.0	0.0
-esa	0.473154362416	0.5	0.0268456375839	0.0
-ite	0.665234779081	0.202831018594	0.058304604423	0.0736295979018
-ese	0.643550779253	0.14711497872	0.0394830355429	0.169851206485
-ita	0.0410457674194	0.913413235117	0.00929839391378	0.0362426035503
-spa	0.0357142857143	0.933035714286	0.03125	0.0
-tir	0.0	1.0	0.0	0.0
-ria	0.11324631579	0.789625263158	0.0358736842105	0.0612547368421
-rmi	0.0	1.0	0.0	0.0
-eza	0.737576285963	0.238884045336	0.0	0.023539668701
-uda	0.0429535342803	0.0750812450575	0.00318582742161	0.878779393241
-bri	0.0744786253724	0.202899605072	0.0812374419732	0.641384327583
-ril	0.0	0.951219512195	0.0487804878048	0.0
-zag	0.0659437280188	0.868112543963	0.052754982415	0.0131887456037
-abe	0.755959582308	0.103231295289	0.0257794787093	0.115029643694
-wok	0.366683133764	0.454799705182	0.0608723052755	0.117644855779
-ade	0.57449498072	0.310732147171	0.086710274258	0.0280625978507
-wom	0.343277482632	0.489715297643	0.0762838850293	0.0907233346955
-wol	0.0263574064312	0.935687928308	0.0347917764892	0.00316288877175
-rom	0.0204475618746	0.034192064072	0.00838713544715	0.936973238606
-woa	0.02164342458	0.95671315084	0.0216434245801	0.0
-wod	0.1684221673	0.756105078834	0.0305900505514	0.0448827033148
-kod	0.444676409186	0.423799582463	0.100208768267	0.0313152400835
-tam	0.16482314949	0.70104508353	0.0992956492994	0.03483611768
-sot	0.276391554703	0.305182341651	0.331094049904	0.0873320537428
-kon	0.181660899654	0.622837370242	0.180795847751	0.0147058823529
-ael	0.0419559731231	0.919050970232	0.0066340641263	0.0323589925188
-sos	0.0257456214233	0.937431993772	0.0128864688662	0.0239359159386
-roi	0.625172890733	0.186721991701	0.0594744121714	0.128630705394
-kot	0.336562848737	0.525464137161	0.0392276216564	0.0987453924452
-tur	0.0	1.0	0.0	0.0
-ori	0.170809113486	0.642675851465	0.11595168881	0.0705633462386
-kop	0.309109429823	0.623808321507	0.0189797926153	0.0481024560547
-kos	0.134584013051	0.829526916803	0.00734094616641	0.0285481239804
-gan	0.0243350311262	0.940011318619	0.0135823429542	0.0220713073005
-soe	0.612529817127	0.205085797432	0.0492416133252	0.133142772116
-sod	0.0142993326978	0.982840800763	0.00142993326978	0.00142993326978
-ora	0.0242718446602	0.97572815534	0.0	0.0
-soa	0.114130434783	0.758152173913	0.119565217391	0.00815217391303
-zal	0.0	1.0	0.0	0.0
-aba	0.257381535359	0.585769840127	0.125738153536	0.031110470978
-tna	0.111111111111	0.888888888889	0.0	0.0
-127	0.0	0.0	0.0	1.0
-liz	0.0997695673717	0.803741246844	0.0119096656339	0.0845795201508
-lit	0.576923076923	0.405325443787	0.0	0.0177514792899
-rus	0.218421052632	0.781578947368	0.0	0.0
-rup	0.267069060124	0.608293485929	0.0376264011915	0.0870110527553
-utu	0.227204479616	0.19416378153	0.0240231752985	0.554608563555
-lip	0.273571885186	0.574157610476	0.0443868181315	0.107883686207
-rut	0.0823575801639	0.836388458837	0.0382128135769	0.0430411474224
-lis	0.0858031088082	0.776580310881	0.0692227979275	0.0683937823834
-lil	0.0	1.0	0.0	0.0
-lim	0.0	0.964285714286	0.0357142857143	0.0
-lin	0.266316740524	0.147313169556	0.562707051585	0.0236630383341
-lio	0.0	1.0	0.0	0.0
-omo	0.235767228658	0.105855443451	0.0731084135647	0.585268914326
-rul	0.32444910808	0.543756558237	0.096537250787	0.0352570828961
-sbi	0.407239819004	0.334841628959	0.176470588235	0.0814479638009
-lid	0.390334572491	0.553903345725	0.0557620817844	0.0
-dak	0.0664083688493	0.750716776443	0.124292909725	0.0585819449826
-lia	0.153784827123	0.517770224908	0.18021987244	0.148225075529
-lib	0.473066680317	0.476446073209	0.023028362544	0.02745888393
-sba	0.0	1.0	0.0	0.0
-147	0.0	0.0	0.0	1.0
-tel	0.013698630137	0.986301369863	0.0	0.0
-lne	0.0	1.0	0.0	0.0
-gro	0.662359402945	0.210713347291	0.0697306300274	0.0571966197374
-ize	0.656345571698	0.242521903411	0.0514692314178	0.0496632934733
-403	0.0	0.0	0.0	1.0
-iza	0.0430111069471	0.91974335004	0.0211596196375	0.0160859233757
-rna	0.0	1.0	0.0	0.0
-odi	0.0951424961551	0.521138588439	0.036672135161	0.347046780245
-izi	0.22327511864	0.18928934992	0.518494442175	0.0689410892644
-zer	0.0	1.0	0.0	0.0
-zes	0.0453400503778	0.941912831082	0.00152660102282	0.0112205175177
-zet	0.0752802989856	0.918846769888	0.0	0.00587293112652
-met	0.156103286385	0.719483568075	0.0927230046948	0.0316901408451
-ura	0.433979298327	0.413718532827	0.14247622247	0.0098259463772
-162	0.0	0.0	0.0	1.0
-luz	0.0	1.0	0.0	0.0
-zen	0.109515260323	0.401555954518	0.176540993417	0.312387791741
-ego	0.727492352614	0.137392241379	0.038584538376	0.0965308676307
-zel	0.0195674099865	0.947705103761	0.0164414601122	0.0162860261406
-zem	0.67005480207	0.200150016839	0.0604659706702	0.0693292104216
-pai	0.348425787106	0.453673163418	0.0935532233884	0.104347826087
-pak	0.07966396292	0.188876013905	0.702974121283	0.0284859018926
-pal	0.0	0.0	1.0	0.0
-pam	0.124656982901	0.779624262371	0.00890407020723	0.0868146845206
-pan	0.505595116989	0.342828077314	0.11495422177	0.0366225839268
-ape	0.66340841015	0.159200151018	0.0654198593077	0.111971579524
-api	0.418135007832	0.267262781632	0.284635980325	0.0299662302107
-pad	0.0	1.0	0.0	0.0
-agi	0.0	1.0	0.0	0.0
-paz	0.0275862068965	0.708045977011	0.264367816092	0.0
-wad	0.428529136034	0.422213450437	0.0624167365669	0.0868406769626
-kol	0.150090415913	0.313441832429	0.528028933092	0.0084388185654
-wan	0.109163090432	0.212664359156	0.0789823170979	0.599190233314
-par	0.0	0.5	0.5	0.0
-pas	0.11912486497	0.22454876617	0.224488131257	0.431838237603
-pat	0.158136973326	0.722467596797	0.057332922002	0.0620625078754
-pau	0.0	1.0	0.0	0.0
-wai	0.186269621506	0.203025778244	0.0267866998015	0.583917900448
-nun	0.0550187869029	0.699141170156	0.104938271605	0.140901771336
-lus	0.567522864183	0.192402328752	0.194371876269	0.0457029307963
-kea	0.325471698113	0.471698113208	0.150943396226	0.0518867924528
-ini	0.0595119083148	0.84251421597	0.0839842991985	0.0139895765164
-kit	0.0689655172414	0.51724137931	0.206896551724	0.206896551724
-ken	0.179688694174	0.0850287981981	0.117431996587	0.617850511041
-kem	0.62228901506	0.144616063793	0.0170681677554	0.216026753391
-kel	0.722986247544	0.0648330058939	0.0353634577603	0.176817288802
-sur	0.0	1.0	0.0	0.0
-kei	0.242212808373	0.626214801894	0.0777473212061	0.0538250685273
-sop	0.0	0.906976744186	0.093023255814	0.0
-sun	0.159909342735	0.129942080081	0.174767061194	0.535381515991
-ket	0.125858820419	0.697530640225	0.153207601938	0.0234029374185
-905	0.0	0.2	0.0	0.8
-601	0.8	0.2	0.0	0.0
-sub	0.0	1.0	0.0	0.0
-sua	0.277945619335	0.674924471299	0.014501510574	0.0326283987916
-slu	0.516774739216	0.20919086552	0.161826895968	0.112207499295
-dia	0.0763682171546	0.776331115885	0.112856884011	0.034443782949
-sol	0.437796627285	0.0942138745835	0.467989498132	0.0
-dim	0.0	1.0	0.0	0.0
-psi	0.348314606742	0.456179775281	0.0539325842696	0.141573033708
-dit	0.0	1.0	0.0	0.0
-diu	0.0	1.0	0.0	0.0
-son	0.05	0.92	0.03	0.0
-dip	0.0808456884516	0.382953261086	0.486004919886	0.0501961305764
-dis	0.0313693537709	0.0304165226969	0.0146928459529	0.923521277579
-eni	0.159504328205	0.219936635367	0.0521071429444	0.568451893483
-slo	0.13246529204	0.779142364249	0.0474821325885	0.040910211123
-$10	0.0	0.781059947871	0.0	0.218940052129
-diz	0.537735849057	0.415094339623	0.0188679245283	0.0283018867924
-oro	0.0812492375259	0.861656703672	0.0505062827864	0.00658777601563
-ska	0.0958904109589	0.904109589041	0.0	0.0
-sed	0.0	1.0	0.0	0.0
-ske	0.880158009154	0.03823682217	0.0060661119125	0.0755390567631
-ind	0.145161290323	0.524193548387	0.0483870967742	0.282258064516
-tpo	0.299029126214	0.153398058252	0.0498381877023	0.497734627832
-one	0.524578037091	0.35376120025	0.0443321525318	0.0773286101271
-uke	0.354098360656	0.472131147541	0.154098360656	0.0196721311475
-kla	0.0	1.0	0.0	0.0
-tit	0.00926606134259	0.990733938657	0.0	0.0
-tiu	0.04243281471	0.95756718529	0.0	0.0
-tip	0.397970687711	0.196166854566	0.304396843292	0.101465614431
-aip	0.212447654086	0.529933442975	0.153341558218	0.10427734472
-ais	0.267246768111	0.586957989112	0.117137448825	0.0286577939515
-tis	0.451194965551	0.361604372524	0.0468863536313	0.140314308294
-uik	0.269662921348	0.347826086957	0.152418172936	0.230092818759
-aiz	0.677750084865	0.240794516158	0.0630610996146	0.0183942993623
-aie	0.810201660736	0.141436262433	0.0130030112237	0.0353590656082
-aid	0.179950528736	0.154951030548	0.0674983337142	0.597600107002
-aig	0.116098792943	0.843947008987	0.0312685028375	0.00868569523264
-aia	0.0651588463664	0.896305765938	0.0244382836714	0.0140971040237
-tia	0.147302217809	0.731545845747	0.109235352532	0.0119165839126
-aib	0.025100500049	0.0469653887636	0.144523972939	0.783410138249
-til	0.174337204025	0.0940763744919	0.0284744561299	0.703111965353
-ail	0.160233665766	0.358700941468	0.206158057101	0.274907335666
-tin	0.452796320189	0.314971672183	0.0388175239805	0.193414483648
-ngk	0.549269864938	0.208555982772	0.0556439798959	0.186530172394
-zra	0.0	1.0	0.0	0.0
-aik	0.478697498422	0.182549498633	0.109054297841	0.229698705104
-tik	0.111256887956	0.859092101811	0.0181054841249	0.0115455261086
-ema	0.0	0.966666666667	0.0	0.0333333333333
