పైచ-	0.375	0.0	0.25	0.375
శోభ-	0.699248120301	0.300751879699	0.0	0.0
భయం-	0.234772278883	0.35067791596	0.252683288087	0.161866517071
బహు-	0.210688419917	0.457606620865	0.0609863616341	0.270718597584
మేఫ-	0.0	1.0	0.0	0.0
దోద-	0.0	1.0	0.0	0.0
వీణ-	0.067706013363	0.831774313289	0.0871566443949	0.0133630289532
సొల-	0.0300267411403	0.850147395705	0.00321988883717	0.116605974318
000-	0.0277565469246	0.350657709482	0.0712820306529	0.550303712941
బడి-	0.424282487743	0.382911915386	0.086762518592	0.106043078279
ఆడి-	0.51455384126	0.226578654366	0.192062987116	0.0668045172578
అదే-	0.0624950877203	0.0585439897546	0.184649711721	0.694311210804
కలవ-	0.497568622925	0.197612864755	0.161578856253	0.143239656068
ఫరో-	0.048345450889	0.914149576583	0.0101725815898	0.0273323909384
అబే-	0.0805987334486	0.919401266551	0.0	0.0
నడత-	0.235174517113	0.594713656388	0.0989495086411	0.0711623178583
రాయ-	0.13821438774	0.82328163247	0.00721459499123	0.0312893847989
నేస-	0.103151862464	0.719197707736	0.10888252149	0.0687679083093
చదర-	0.0728744939272	0.627530364373	0.2995951417	0.0
అశీ-	0.124703087886	0.16864608076	0.332541567696	0.374109263658
మెల-	0.164628515702	0.627600907891	0.123367825119	0.0844027512881
రాద-	0.146824282585	0.0882518110855	0.0117931150671	0.753130791262
నిగ-	0.253365427476	0.399839529286	0.237140055273	0.109654987965
వాప-	0.273858921162	0.614107883817	0.0933609958507	0.0186721991701
ఆశల-	0.264162625116	0.515633061604	0.107212877928	0.112991435353
అంచ-	0.228539295666	0.616292342297	0.0752677342464	0.0799006277907
తుల-	0.0265173836181	0.865203299941	0.0449322333531	0.0633470830877
జయప-	0.434977578475	0.0	0.0	0.565022421525
ఉబక-	0.142857142857	0.612244897959	0.244897959184	0.0
బెష-	0.0	0.636363636364	0.363636363636	0.0
అలర-	0.0	1.0	0.0	0.0
టాప-	0.0	1.0	0.0	0.0
675-	0.0	0.6	0.0	0.4
ఒకద-	0.318104906937	0.263113367174	0.095600676819	0.323181049069
దృశ-	0.302647657841	0.448879837067	0.126272912424	0.122199592668
ఏమం-	0.335836177474	0.336518771331	0.061433447099	0.266211604096
జీజ-	0.0	1.0	0.0	0.0
నడప-	0.326898326898	0.561132561133	0.057915057915	0.054054054054
ఊళ్-	0.0710900473934	0.715639810427	0.142180094787	0.0710900473933
రెవ-	0.0	1.0	0.0	0.0
చని-	0.413719603881	0.117956770136	0.329596206233	0.13872741975
ఏెభ-	0.0	1.0	0.0	0.0
పసు-	0.143142314621	0.43833682263	0.39807196066	0.0204489020887
సరద-	0.19926199262	0.653136531365	0.081180811808	0.0664206642068
వనర-	0.299026425591	0.420027816411	0.1140472879	0.166898470097
కోబ-	0.0666666666667	0.2	0.600000000001	0.133333333333
వరశ-	0.147783251232	0.76354679803	0.0591133004926	0.0295566502463
లుక-	0.0568720379146	0.75355450237	0.18009478673	0.00947867298578
చొప-	0.0632003585836	0.277005826983	0.012550425818	0.647243388615
గుర-	0.190031456264	0.100857920339	0.0093136445923	0.699796978805
వూప-	0.315270935961	0.655172413793	0.0295566502463	0.0
పరమ-	0.51103565365	0.25636672326	0.200339558574	0.0322580645162
అభా-	1.0	0.0	0.0	0.0
ఇదీ-	0.16	0.64	0.04	0.16
వైప-	0.247618884934	0.183193083524	0.026168671303	0.543019360239
లూస-	0.0124223602484	0.987577639752	0.0	0.0
మకా-	0.553191489362	0.446808510638	0.0	0.0
బుక-	0.0	0.84	0.0	0.16
అతు-	0.594999157871	0.28562907029	0.0176847069391	0.1016870649
షీమ-	0.0	1.0	0.0	0.0
త్వ-	0.225687440626	0.100682560545	0.0133226188462	0.660307379983
పీయ-	0.4	0.6	0.0	0.0
పనీ-	0.0844136267712	0.663551401869	0.229424178474	0.0226107928852
ఈజి-	0.046250855095	0.889252859676	0.0283619272565	0.0361343579726
ఒడ్-	0.162570945538	0.559081028861	0.0627943485086	0.215553677092
దొడ-	0.41637344593	0.555477363359	0.0	0.0281491907109
ెచె-	0.535294117647	0.335294117647	0.0352941176471	0.0941176470588
తాం-	0.0900900900901	0.594594594595	0.189189189189	0.126126126126
నేం-	0.230769230769	0.0	0.0769230769229	0.692307692308
షేబ-	0.0111879998343	0.981850578047	0.0069614221191	0.0
తీవ-	0.256182343418	0.124154788737	0.292054220501	0.327608647345
ఆవల-	0.27123015873	0.482341269841	0.102579365079	0.143849206349
యేం-	0.125	0.543269230769	0.274038461538	0.0576923076923
పడత-	0.529143601433	0.344730272441	0.103332247911	0.0227938782156
షాష-	0.0	1.0	0.0	0.0
ఒక్-	0.142163364157	0.200540868337	0.0611083352324	0.596187432273
తెబ-	0.0	1.0	0.0	0.0
ఒడి-	0.310997348935	0.501295060487	0.0767894688728	0.110918121705
మమ్-	0.0622719991385	0.0419319665621	0.00222111540377	0.893574918896
ద్ర-	0.205537070072	0.690347446328	0.0298979151869	0.0742175684132
అనగ-	0.203653744452	0.27516886351	0.0323334292849	0.488843962753
జట్-	0.307817589577	0.618892508143	0.0244299674267	0.0488599348534
మోప-	0.490980638866	0.327027269926	0.0790879211176	0.10290417009
పేయ-	0.5	0.0	0.0	0.5
సీబ-	0.00560747663552	0.988785046729	0.0	0.00560747663552
కృత-	0.333152990682	0.543793207094	0.0453060815549	0.0777477206693
రాచ-	0.685968819599	0.251670378619	0.0623608017817	0.0
యిర-	0.114240077781	0.517118649953	0.0441161151429	0.324525157123
మంత-	0.169989027066	0.71399506218	0.0696095464521	0.0464063643014
జీమ-	0.0	0.333333333333	0.666666666667	0.0
కృ--	0.190070921986	0.473758865248	0.302127659574	0.0340425531915
రపు-	0.0	1.0	0.0	0.0
బలద-	0.0	1.0	0.0	0.0
ఆగం-	0.663366336634	0.237623762376	0.0	0.0990099009901
కౌల-	0.401314783672	0.518422259593	0.0389848646996	0.0412780920349
సబ్-	0.0881104033972	0.852441613588	0.0244161358811	0.0350318471337
ఏకా-	0.0623028391167	0.0516561514196	0.0236593059937	0.86238170347
దిట-	0.75	0.25	0.0	0.0
కన్-	0.146134273655	0.295100412501	0.0841592770257	0.474606036818
కృశ-	0.654911838791	0.294710327456	0.0	0.0503778337531
బయల-	0.360853232053	0.392676644825	0.042791334369	0.203678788753
అరవ-	0.0834855485118	0.0975018803052	0.0182765660256	0.800736005157
లెహ-	0.0	1.0	0.0	0.0
మతా-	0.169356468516	0.735658399977	0.0747755290585	0.0202096024483
సేఖ-	0.0	1.0	0.0	0.0
ఆచే-	0.473684210526	0.421052631579	0.0526315789474	0.0526315789474
ఉపక-	0.349764407394	0.575329225565	0.0386613507309	0.0362450163103
నో--	0.134615384616	0.865384615384	0.0	0.0
తయి-	0.0	1.0	0.0	0.0
దుడ-	0.142857142857	0.814285714286	0.0	0.0428571428571
గలు-	0.439872469139	0.295936997575	0.218410224269	0.0457803090171
బయత-	0.0	1.0	0.0	0.0
జప్-	0.12	0.88	0.0	0.0
ఏదీ-	0.111742686815	0.506030777762	0.01663662831	0.365589907112
హోబ-	0.137931034483	0.862068965517	0.0	0.0
వట్-	0.179319981369	0.221238938053	0.280391243596	0.319049836982
కౌజ-	0.0	0.473684210526	0.526315789474	0.0
వైఖ-	0.148427672956	0.694339622641	0.0968553459119	0.0603773584907
వుద-	0.0666666666669	0.593939393939	0.0	0.339393939394
వేశ-	0.247011537212	0.550958575096	0.0535258040206	0.148504083671
అనడ-	0.733668341709	0.155778894472	0.0	0.110552763819
కుయ-	0.472893621305	0.41879271198	0.080127954187	0.028185712528
అంజ-	0.0158646218932	0.944096094281	0.0366397219913	0.00339956183426
లేక-	0.0793688005353	0.0443776994118	0.0246902468811	0.851563253172
చబు-	0.0	1.0	0.0	0.0
హుం-	0.467168998924	0.364908503767	0.155005382131	0.0129171151776
పెక-	0.226263480651	0.679636286741	0.0898710086699	0.0042292239374
కీత-	0.0	1.0	0.0	0.0
మీర-	0.123260669945	0.0494153510455	0.0216628035326	0.805661175477
మహజ-	0.0	1.0	0.0	0.0
హేయ-	0.140969162996	0.563876651982	0.207048458149	0.0881057268725
వంగ-	0.416366052781	0.233339662047	0.102525156636	0.247769128536
ఒకన-	0.0729040295867	0.269471866794	0.0600857386703	0.597538364949
తరం-	0.124961979807	0.839031025539	0.0224305868337	0.0135764078203
లాయ-	0.108086469175	0.826261008807	0.0656525220176	0.0
హతు-	0.502296211251	0.361079219288	0.0401836969001	0.0964408725603
నహమ-	0.0	1.0	0.0	0.0
నెద-	0.0	1.0	0.0	0.0
వచే-	0.0	0.25	0.0	0.75
సరు-	0.307139408893	0.637665611758	0.0232795150995	0.0319154642493
దహి-	0.544710793554	0.329175260784	0.068085148378	0.0580287972841
జను-	0.192389006342	0.502199874293	0.0722815839095	0.233129535455
మిక-	0.283179827873	0.228182092707	0.102672504907	0.385965574513
ఎగబ-	0.6	0.4	0.0	0.0
దీర-	0.170194786904	0.675860724113	0.0947934045456	0.0591510844366
దవత-	0.0	1.0	0.0	0.0
షలూ-	0.0	1.0	0.0	0.0
ఆమె-	0.0275175200932	0.0550863177547	0.00514876209463	0.912247400057
నౌత-	0.0283687943262	0.489361702128	0.0	0.482269503546
రహో-	0.0	1.0	0.0	0.0
పైబ-	0.225098480585	0.476646032639	0.247608328644	0.0506471581317
చాట-	0.452561669829	0.356925996205	0.103225806452	0.0872865275143
అపొ-	0.10489949359	0.764336940228	0.0282426853125	0.102520880869
కోద-	0.333333333333	0.666666666667	0.0	0.0
చలి-	0.304119061936	0.543671076368	0.128532772099	0.0236770895971
ఈమూ-	0.333333333333	0.444444444445	0.222222222222	0.0
గడ్-	0.113830320562	0.804378266557	0.0353753334985	0.0464160793828
నాఫ-	0.0	0.857142857143	0.142857142857	0.0
హటీ-	0.0	0.928571428571	0.0	0.0714285714286
హియ-	0.284210526316	0.58947368421	0.126315789474	0.0
సంఖ-	0.209623606033	0.59042005494	0.0583747202969	0.141581618731
పన్-	0.116477783691	0.316252714927	0.0316295330558	0.535639968327
యోజ-	0.0399600399601	0.96003996004	0.0	0.0
దలి-	0.428571428572	0.285714285714	0.0	0.285714285714
నషీ-	0.0	1.0	0.0	0.0
దుళ-	1.0	0.0	0.0	0.0
దాట-	0.427191297568	0.237966643212	0.0297054181009	0.30513664112
దయప-	0.2	0.8	0.0	0.0
ఉబు-	0.518518518519	0.481481481481	0.0	0.0
ఏహి-	0.0	1.0	0.0	0.0
తామ-	0.248421156354	0.0695596129734	0.0133727880855	0.668646442587
షెర-	0.0	1.0	0.0	0.0
దెల-	0.0384615384616	0.942307692308	0.0	0.0192307692308
ఊతై-	0.0	1.0	0.0	0.0
రేయ-	0.64	0.36	0.0	0.0
శాక-	0.0	1.0	0.0	0.0
విష-	0.253700181407	0.181915098588	0.0208736898469	0.543511030158
షిత-	0.0326086956522	0.967391304348	0.0	0.0
ఔనౌ-	0.0	0.8	0.0	0.2
భయో-	0.588235294118	0.294117647059	0.0	0.117647058824
చుద-	0.0	1.0	0.0	0.0
ఫొన-	0.092568783749	0.854204165595	0.0532270506557	0.0
నువ-	0.292756761377	0.227988574929	0.0259272185935	0.453327445101
మాన-	0.234577118807	0.418978680543	0.143700988556	0.202743212094
మహూ-	0.0	1.0	0.0	0.0
జలం-	0.0731707317073	0.839024390244	0.0878048780489	0.0
జలమ-	0.192307692308	0.384615384615	0.230769230769	0.192307692308
ఉరవ-	0.0	1.0	0.0	0.0
మట్-	0.244596247961	0.586475718409	0.0895971891079	0.0793308445224
గంభ-	0.124920735574	0.705453392517	0.169625871909	0.0
దీమ-	0.0	1.0	0.0	0.0
భూప-	0.150784077201	0.748693204664	0.0522718134298	0.0482509047044
అపక-	0.242094969032	0.34553949799	0.318374443116	0.093991089862
ఈతి-	0.0	0.596153846154	0.0	0.403846153846
మంస-	0.255319148936	0.31914893617	0.425531914894	0.0
ఖండ-	0.431432173849	0.270692724171	0.128495142031	0.16937995995
గడచ-	0.4377887577	0.340926591376	0.0995251540041	0.12175949692
గూఢ-	0.434849161299	0.443119246551	0.0610157960754	0.0610157960754
100-	0.0	0.358778625954	0.00763358778626	0.63358778626
తమా-	0.144230769231	0.740384615384	0.115384615385	0.0
సవి-	0.5	0.5	0.0	0.0
మరే-	0.0975404145593	0.261876425667	0.082564712883	0.558018446891
వుత-	0.255850852837	0.633082110273	0.11106703689	0.0
బోల-	0.350649350649	0.415584415585	0.155844155844	0.0779220779219
ఖాత-	0.530973451327	0.469026548673	0.0	0.0
ఆషా-	0.0	1.0	0.0	0.0
గుమ-	0.139659864157	0.803433628209	0.00738481396786	0.0495216936668
అసూ-	0.143291220214	0.608347992964	0.237086198625	0.0112745881976
తగ్-	0.459697308236	0.256745220379	0.17613983685	0.107417634535
శరవ-	0.0	1.0	0.0	0.0
తోచ-	0.567776246511	0.162355560267	0.14309692922	0.126771264002
ఊగట-	0.655172413793	0.344827586207	0.0	0.0
యోగ-	0.448165595758	0.207577660518	0.293127467412	0.0511292763116
దయ్-	0.156533494438	0.722190277287	0.0506361512003	0.0706400770748
ముష-	0.0	1.0	0.0	0.0
కరు-	0.14839447383	0.672307738025	0.11950688914	0.0597908990055
నిస-	0.390910673864	0.250972198038	0.298334203958	0.0597829241395
హపర-	0.086956521739	0.913043478261	0.0	0.0
ఎపై-	0.296296296296	0.62962962963	0.0	0.0740740740741
ఔతు-	0.301046201376	0.183611852268	0.10493610448	0.410405841876
ఏహూ-	0.0860655737706	0.819672131147	0.094262295082	0.0
వాగ-	0.413032166454	0.463618304052	0.02525398525	0.0980955442441
యాబ-	0.104398663697	0.80373051225	0.0542873051225	0.037583518931
యూధ-	0.0	1.0	0.0	0.0
వేస-	0.364147406234	0.146021656896	0.0501125930718	0.439718343798
320-	0.0	1.0	0.0	0.0
ఖ్య-	0.349322210636	0.210636079249	0.314911366006	0.125130344108
పూన-	0.219995619798	0.709483136224	0.0	0.0705212439772
162-	0.0	0.2	0.0	0.8
చూర-	0.20634920635	0.412698412698	0.285714285714	0.0952380952381
అన్-	0.350509830889	0.105179124132	0.0137257104193	0.53058533456
ఐనె-	0.0	1.0	0.0	0.0
యెమ-	0.175202156334	0.784366576819	0.0	0.0404312668462
ఛేధ-	0.631578947368	0.157894736842	0.0526315789473	0.157894736842
సప్-	0.00812064965196	0.991879350348	0.0	0.0
మసు-	0.0	1.0	0.0	0.0
ఏమి-	0.250623318212	0.0753777333956	0.012932744177	0.661066204216
ఆబ్-	0.117647058824	0.882352941176	0.0	0.0
గమ్-	0.407974650119	0.372854502244	0.0660153155533	0.153155532083
గోధ-	0.0258030650367	0.943521962542	0.0279683572076	0.00270661521363
నేట-	0.0647563542172	0.541039339485	0.0688036263558	0.325400679942
తమక-	0.239621967532	0.146037271235	0.0482800814739	0.566060679759
ఘటి-	0.2	0.8	0.0	0.0
జలద-	0.230769230769	0.769230769231	0.0	0.0
సుమ-	0.107640166045	0.182465451106	0.00551731385633	0.704377068993
పోవ-	0.363667448222	0.30222376905	0.0607781359906	0.273330646737
ఆశగ-	0.285714285714	0.446428571429	0.267857142857	0.0
ధూప-	0.104355569948	0.827639248705	0.0234779792746	0.0445272020726
షపో-	0.0	1.0	0.0	0.0
ఒరమ-	0.25	0.5	0.25	0.0
తగన-	0.135750525925	0.0395990595224	0.628882564039	0.195767850513
భౌత-	0.144941325721	0.326038693308	0.334601966381	0.194418014589
సంత-	0.244620903155	0.569947902452	0.073980289412	0.111450904981
నయమ-	0.61906232984	0.168080543178	0.0691062240941	0.143750902888
స్మ-	0.101081857176	0.840001860356	0.0473640702194	0.0115522122486
కోర-	0.440082278214	0.333429162879	0.0483378544202	0.178150704486
కనన-	0.348892405063	0.372978199719	0.167369901547	0.110759493671
మెగ-	0.00830105146652	0.991698948533	0.0	0.0
నయ్-	1.0	0.0	0.0	0.0
119-	0.0	0.0	0.0	1.0
గుబ-	0.0	1.0	0.0	0.0
నూత-	0.252943524246	0.136399920176	0.356216324087	0.254440231491
హొస-	0.0	1.0	0.0	0.0
ఐదే-	0.0714285714285	0.0	0.285714285714	0.642857142857
ఔన్-	0.173333333333	0.506666666667	0.32	0.0
ఆపమ-	0.382513661202	0.31693989071	0.114754098361	0.185792349727
రైన-	0.0	0.25	0.0	0.75
హాద-	0.0	1.0	0.0	0.0
తలగ-	0.720658888126	0.147563486616	0.123541523679	0.00823610157859
కంక-	0.281734256512	0.589680184636	0.0395647873393	0.0890207715134
వక్-	0.252600297177	0.366641901932	0.380757800892	0.0
ఏమడ-	0.416326530612	0.485714285714	0.0	0.0979591836735
నడవ-	0.720857469029	0.176948120587	0.0442687412794	0.0579256691049
గట్-	0.304095857154	0.23952541311	0.0911386952776	0.365240034458
దిల-	0.0	1.0	0.0	0.0
సమస-	0.195528707146	0.344201776125	0.0558395291202	0.404429987609
పిస-	0.0609205776173	0.939079422383	0.0	0.0
అంశ-	0.20579029734	0.356025039124	0.230046948357	0.20813771518
భేద-	0.153913885709	0.550286167122	0.0905520824161	0.205247864753
సద్-	0.0457801308004	0.938025537216	0.0	0.0161943319838
మశై-	0.0	1.0	0.0	0.0
దస్-	0.114122522119	0.838839735693	0.0470377421884	0.0
ఒగ్-	0.0	0.0	1.0	0.0
పీక-	0.693762993763	0.218503118503	0.0336798336799	0.0540540540541
ఖచ్-	0.355648535565	0.227175195794	0.0700032185388	0.347173050102
యుడ-	0.5	0.5	0.0	0.0
మసా-	0.0	1.0	0.0	0.0
మన్-	0.221590200219	0.690730224155	0.0197538964849	0.0679256791412
భిన-	0.138027295285	0.112903225806	0.716501240695	0.0325682382134
యూష-	0.0	0.838926174497	0.161073825503	0.0
ఘనన-	0.0	1.0	0.0	0.0
హెఫ-	0.0	0.945454545455	0.0545454545454	0.0
కార-	0.268626157523	0.356324889589	0.0254831390376	0.349565813851
పంట-	0.200803004031	0.63485923692	0.0516210417802	0.112716717269
కోం-	0.562982005141	0.231362467866	0.0	0.205655526993
తనస-	0.0	1.0	0.0	0.0
వణు-	0.759381898455	0.16114790287	0.0309050772627	0.0485651214128
కపి-	0.0	1.0	0.0	0.0
128-	0.0	0.0	0.0	1.0
వుప-	0.0	1.0	0.0	0.0
ఫక్-	0.272727272727	0.363636363636	0.363636363636	0.0
బాల-	0.136736632468	0.772968718096	0.0386118895501	0.051682759886
ఏపు-	0.497382198953	0.376963350785	0.0	0.125654450262
ఉపర-	0.0	0.473684210526	0.368421052632	0.157894736842
సేవ-	0.219025462591	0.647544325793	0.0342949962669	0.0991352153489
శుద-	0.368874582824	0.283889263765	0.218299199387	0.128936954024
బోస-	0.409090909091	0.590909090909	0.0	0.0
కాద-	0.130382953008	0.0444020593491	0.0168378463231	0.808377141319
సహో-	0.0843239816135	0.816611190363	0.0420034870819	0.0570613409415
అదర-	0.613636363637	0.386363636363	0.0	0.0
అహం-	0.212921227731	0.476926379051	0.297274093153	0.0128783000644
రచన-	0.237623762376	0.762376237624	0.0	0.0
రోద-	0.300838769804	0.578564771668	0.0385834109972	0.0820130475302
నాట-	0.370458297518	0.348741353199	0.0583739238399	0.222426425443
ఎంచ-	0.450613116453	0.299241651097	0.176838171798	0.0733070606523
బుద-	0.139321988833	0.598787556501	0.118763626695	0.143126827971
పతర-	0.0	1.0	0.0	0.0
చన్-	0.228571428571	0.733333333334	0.0380952380952	0.0
కొత-	0.150805270864	0.214143484627	0.284538799414	0.350512445095
చయబ-	0.925925925926	0.0740740740742	0.0	0.0
దావ-	0.0213248269982	0.873396882993	0.00298415719866	0.10229413281
తనప-	0.320877924905	0.296390350082	0.114275349175	0.268456375839
నరు-	0.283918588081	0.366938283334	0.113823217744	0.235319910841
దేర-	0.369590372599	0.519324230502	0.0439713029392	0.0671140939598
ఘనత-	0.0891559899616	0.710077928939	0.103685114252	0.0970809668472
వృక-	0.157149244106	0.754960494091	0.0415989111641	0.0462913506392
ఈనె-	0.0	0.636363636364	0.0	0.363636363636
137-	0.0	0.0	0.0	1.0
మనయ-	0.0	1.0	0.0	0.0
లున-	0.0	0.384615384615	0.615384615385	0.0
శిక-	0.381671021177	0.270336507777	0.0641030074943	0.283889463551
ఊకన-	0.411764705882	0.588235294118	0.0	0.0
జూజ-	0.0	1.0	0.0	0.0
ఖిన-	0.0	0.0	0.4	0.6
తేడ-	0.526315789474	0.210526315789	0.0	0.263157894737
ఆసో-	0.666666666667	0.0	0.333333333333	0.0
గిన-	0.153500934968	0.748846873052	0.0182838146686	0.0793683773114
దోష-	0.236348859654	0.43033473866	0.214456240159	0.118860161528
పదక-	0.0751495811728	0.296609493419	0.0562425209414	0.571998404467
బోట-	0.0	0.593220338983	0.406779661017	0.0
రిమ-	0.135977337111	0.847025495751	0.0169971671388	0.0
అడల-	0.0	1.0	0.0	0.0
జక్-	0.111160515785	0.888839484215	0.0	0.0
చాప-	0.400287751783	0.562429625923	0.00969598398599	0.0275866383085
రుస-	0.625	0.375	0.0	0.0
ఒరల-	0.412147505423	0.53579175705	0.0	0.0520607375271
కిడ-	0.0	0.555555555556	0.444444444444	0.0
403-	0.0	1.0	0.0	0.0
బది-	0.25	0.5	0.0	0.25
మేప-	0.746502451273	0.231974171948	0.00538084419469	0.016142532584
షెల-	0.0	0.993678887484	0.0	0.0063211125158
హిం-	0.608415808254	0.269184676496	0.0354810475998	0.0869184676497
ఆపగ-	0.372623574144	0.627376425856	0.0	0.0
ఒర్-	0.065934065934	0.901098901099	0.032967032967	0.0
ఎదక-	0.481481481482	0.518518518518	0.0	0.0
నెక-	0.243362831858	0.686578171091	0.0147492625369	0.0553097345133
బడా-	0.146904512067	0.420776495278	0.284365162644	0.147953830011
ఆడా-	0.145315487572	0.525812619503	0.145315487572	0.183556405354
పలక-	0.190698452841	0.713719875037	0.0317985718536	0.0637831002678
అదె-	0.375	0.5	0.125	0.0
అహర-	0.0213484465848	0.911332002114	0.0110853350561	0.0562342162448
అంత-	0.18879123068	0.256809832565	0.0626861366009	0.491712800154
దొర-	0.527504233833	0.255713232489	0.0867907494218	0.129991784256
సోర-	0.0	1.0	0.0	0.0
అబె-	0.25	0.75	0.0	0.0
వజ్-	0.056573275862	0.434267241379	0.452586206896	0.0565732758622
యమై-	0.0	1.0	0.0	0.0
పరహ-	0.0	1.0	0.0	0.0
ఆప్-	0.0701754385964	0.684210526316	0.245614035087	0.0
స్క-	0.0	0.892857142857	0.0	0.107142857143
గది-	0.14366206331	0.701577481712	0.0487127651801	0.106047689797
మెళ-	0.581395348837	0.232558139535	0.139534883721	0.0465116279069
శాస-	0.106181750406	0.793507582761	0.0600963421805	0.0402143246522
పిమ-	0.029898989899	0.0	0.00646464646464	0.963636363636
పాం-	0.158767772512	0.637440758294	0.0924170616113	0.111374407583
ఇండ-	0.149690221394	0.735280100516	0.030977860578	0.0840518175122
జిప-	0.0	1.0	0.0	0.0
పరవ-	0.655804480652	0.224032586558	0.0305498981671	0.0896130346232
అజె-	0.0	1.0	0.0	0.0
యహజ-	0.0	1.0	0.0	0.0
మోఫ-	0.0	1.0	0.0	0.0
ఊడప-	1.0	0.0	0.0	0.0
షాగ-	0.0	1.0	0.0	0.0
గొఱ-	0.0826826509327	0.857361382397	0.0176036223523	0.0423523443176
జమ్-	0.0	1.0	0.0	0.0
తుత-	0.361702127659	0.638297872341	0.0	0.0
ఏసె-	0.0	1.0	0.0	0.0
జయి-	0.61760826141	0.244676440659	0.0466965665398	0.0910187313911
యగు-	0.122950819672	0.77868852459	0.0983606557376	0.0
మనం-	0.0571979794359	0.0141601890639	0.00418337402836	0.924458457472
జిత-	0.366812227074	0.266375545851	0.366812227074	0.0
వయో-	0.0	1.0	0.0	0.0
హగ్-	0.0943488145501	0.881779798636	0.0102305943488	0.0136407924651
షిల-	0.023814023814	0.915327915328	0.002646002646	0.0582120582122
సెద-	0.47134935305	0.473197781885	0.0554528650647	0.0
హజా-	0.0671999999999	0.9328	0.0	0.0
తుయ-	0.0111648678824	0.960922962412	0.027912169706	0.0
ఉచ్-	0.276821192053	0.654304635762	0.0370860927152	0.0317880794702
చేత-	0.150888285878	0.730852655029	0.0209915859682	0.0972674731244
తూచ-	0.468394949147	0.44618347958	0.056947714182	0.028473857091
సరళ-	0.438596491228	0.551656920078	0.00974658869398	0.0
సిక-	0.112627986348	0.825938566553	0.0204778156996	0.0409556313993
ఏడవ-	0.0185033229563	0.0498161568962	0.919841901194	0.0118386189531
దాద-	0.32	0.44	0.00800000000002	0.232
కడద-	0.0	0.842105263158	0.157894736842	0.0
గుఱ-	0.0936533724648	0.823541743095	0.0246318327132	0.0581730517269
గర్-	0.394388522659	0.344299084095	0.187515490836	0.0737969024092
పను-	0.289158820542	0.417491184846	0.0579103083844	0.235439686228
భోగ-	0.321652719665	0.448221757322	0.125523012552	0.10460251046
అభి-	0.390129383542	0.209525568358	0.0607622676516	0.339582780448
అమ్-	0.327112421938	0.57930817269	0.0310734086178	0.0625059967545
ఎదో-	0.0638392446583	0.892170687594	0.0118022132982	0.0321878544496
లక్-	0.204970948999	0.145448676565	0.0684312459652	0.58114912847
ఈగన-	0.0	1.0	0.0	0.0
ఇరవ-	0.0159098566241	0.109310073747	0.0295736158425	0.845206453786
గదూ-	0.163043478261	0.510869565217	0.326086956522	0.0
బామ-	0.095238095238	0.714285714286	0.190476190476	0.0
అతీ-	0.144516129032	0.329892473118	0.279569892473	0.246021505377
పొక-	0.233410359459	0.649723947654	0.116865692887	0.0
కొల-	0.442365636845	0.462836248739	0.0469299620974	0.0478681523191
సఫో-	0.0	0.586206896551	0.0	0.413793103449
ఎలీ-	0.0381968696917	0.803421682365	0.00499055617321	0.15339089177
రథచ-	0.327102803739	0.392523364486	0.0	0.280373831775
రాక-	0.492757627605	0.148262291133	0.0717860976206	0.287193983641
చెస-	0.675644028103	0.25800156128	0.0234192037471	0.0429352068696
పతా-	0.101351351351	0.858108108108	0.0405405405404	0.0
కూర-	0.674954394331	0.158353230996	0.019029257377	0.147663117295
వయ్-	0.272727272727	0.344497607655	0.382775119617	0.0
తీశ-	0.375987361769	0.529225908373	0.0	0.0947867298579
లవొ-	0.0465002447382	0.949216837983	0.00428291727851	0.0
హెస-	0.0	1.0	0.0	0.0
తెర-	0.488891665583	0.358399746524	0.103269150718	0.0494394371747
చవక-	0.0	0.75	0.25	0.0
ఈయ్-	0.0	1.0	0.0	0.0
జడి-	0.714484679666	0.160167130919	0.0	0.125348189415
యోర-	0.0369218810727	0.910610182666	0.0128254955305	0.0396424407306
జీయ-	0.0	1.0	0.0	0.0
రణర-	0.0	1.0	0.0	0.0
మడి-	0.34693877551	0.612244897959	0.0204081632653	0.0204081632653
శిబ-	0.174588086185	0.773922686946	0.0388149556401	0.0126742712294
భోం-	0.228571428571	0.639560439561	0.0527472527474	0.0791208791207
రేత-	0.5	0.5	0.0	0.0
మూత-	0.185071699963	0.723005270254	0.0330922907219	0.0588307390612
మటం-	0.0	1.0	0.0	0.0
బొస-	0.0523560209425	0.877835951134	0.0698080279233	0.0
కృష-	0.280157252224	0.564659631699	0.0558659217877	0.0993171942893
మైన-	0.219467986087	0.416352324499	0.0521236466958	0.312056042718
ఆషె-	0.0	1.0	0.0	0.0
యెత-	0.0591133004926	0.911330049261	0.0295566502463	0.0
పోట-	0.300730253591	0.279046355923	0.112717917579	0.307505472907
కదొ-	0.0	0.938144329897	0.0	0.0618556701031
గలి-	0.036898827592	0.94008001708	0.00710128380072	0.0159198715271
జున-	0.0	1.0	0.0	0.0
షుత-	0.0	1.0	0.0	0.0
మకర-	0.520833333333	0.416666666666	0.0625000000001	0.0
ఊడి-	0.332755632582	0.448873483536	0.0727902946273	0.145580589255
అతల-	0.0449967859439	0.775016070281	0.161988429398	0.0179987143775
సోం-	0.0849457291176	0.872581406324	0.0424728645587	0.0
హబజ-	0.0	1.0	0.0	0.0
శెల-	0.0	1.0	0.0	0.0
చుల-	0.593314763231	0.311977715877	0.0779944289693	0.016713091922
మతి-	0.0954907161804	0.511936339523	0.250663129974	0.141909814324
నుడ-	0.119236883943	0.548489666137	0.0317965023847	0.300476947536
ఈప్-	0.5	0.0	0.0	0.5
పప్-	0.0	1.0	0.0	0.0
అడ్-	0.444332222334	0.442514224152	0.032589300744	0.0805642527691
బిబ-	0.0	1.0	0.0	0.0
ఓను-	0.0	0.685314685315	0.0	0.314685314685
ఊపి-	0.0262008733625	0.947598253275	0.0262008733624	0.0
ఎజ్-	0.110410094637	0.761904761905	0.0165239597416	0.111161183716
ఫీక-	0.0	1.0	0.0	0.0
అతత-	0.625	0.375	0.0	0.0
ఖాళ-	0.25929769936	0.238194084068	0.305310499913	0.197197716658
మైద-	0.0260573616478	0.892048073173	0.0818945651789	0.0
పెం-	0.36463638943	0.459136842815	0.0692240077621	0.107002759992
రోజ-	0.0635113520566	0.670141448828	0.0145642401387	0.251782958977
మయ్-	0.517952127659	0.271276595745	0.0179521276596	0.192819148936
తొడ-	0.307382342305	0.566565066901	0.0764581288422	0.0495944619517
బదద-	0.0	1.0	0.0	0.0
వదం-	0.124290732235	0.77843825993	0.0486355039178	0.0486355039179
వేష-	0.29328992008	0.586056148819	0.0667820305563	0.0538719005442
నెమ-	0.270049989133	0.475657465768	0.131493153662	0.122799391437
సమే-	0.0	1.0	0.0	0.0
గగ్-	0.674157303371	0.138576779026	0.0	0.187265917603
జుర-	0.0	0.68	0.0	0.32
సహక-	0.43969236541	0.472144063028	0.0318889514162	0.0562746201463
ముర-	0.179729348745	0.471384268396	0.304482661404	0.0444037214547
చిహ-	0.205810624536	0.693987912204	0.0620294772559	0.0381719860036
శరత-	0.8	0.2	0.0	0.0
ఆశయ-	0.198347107438	0.454545454545	0.0495867768595	0.297520661157
అవశ-	0.307692307692	0.461538461539	0.230769230769	0.0
చొక-	0.0647814910025	0.8697826595	0.0458050946483	0.0196307548493
బేయ-	0.0	1.0	0.0	0.0
గుణ-	0.323243482103	0.463676535572	0.107467962881	0.105612019443
చలమ-	0.0	1.0	0.0	0.0
భూన-	0.0772058823529	0.784926470588	0.137867647059	0.0
గనక-	0.727272727273	0.272727272727	0.0	0.0
ఏరీ-	0.0	1.0	0.0	0.0
హేన-	0.0	0.766393442623	0.233606557377	0.0
ఆమే-	0.0180048661801	0.0771289537713	0.0014598540146	0.903406326034
షల్-	0.01908065915	0.98091934085	0.0	0.0
పనక-	0.193548387097	0.806451612903	0.0	0.0
యుట-	0.0	1.0	0.0	0.0
దొక-	0.555882352941	0.208823529412	0.0	0.235294117647
దౌర-	0.196214167366	0.407862184798	0.379241471663	0.0166821761729
చేప-	0.15265414662	0.732481457551	0.042088288221	0.0727761076076
నీమ-	0.292356315112	0.285169144329	0.0294978344844	0.392976706075
205-	0.0	1.0	0.0	0.0
షియ-	0.0	1.0	0.0	0.0
చేస-	0.321259349249	0.102400495972	0.0228481994082	0.55349195537
నాప-	0.119642162875	0.112675871162	0.0262949808516	0.741386985111
బాగ-	0.326891875502	0.138657442899	0.107582147753	0.426868533847
వూడ-	0.737965197511	0.101401414116	0.0717219187942	0.0889114695795
పైభ-	0.347734899329	0.547399328859	0.0796979865773	0.0251677852349
962-	0.0	0.2	0.0	0.8
యహద-	0.0	1.0	0.0	0.0
రహి-	0.412371134021	0.123711340206	0.463917525773	0.0
అగప-	0.142857142857	0.857142857143	0.0	0.0
సంగ-	0.306704720918	0.292513031989	0.0179268860217	0.38285536107
పామ-	0.119765038616	0.764657891874	0.062819536604	0.0527575329054
చిట-	0.13064516129	0.51370967742	0.35564516129	0.0
హిన-	0.0	1.0	0.0	0.0
హజర-	0.0	0.777777777778	0.222222222222	0.0
తలర-	0.105679367362	0.869158878505	0.0	0.0251617541337
చిన-	0.139504329503	0.248686719404	0.366822393093	0.244986558
ఏడో-	0.0823117338002	0.0245183887916	0.887915936953	0.00525394045534
ఆహర-	0.533678756477	0.40414507772	0.0	0.062176165803
రేగ-	0.489642184557	0.419962335217	0.0225988700565	0.0677966101695
విస-	0.448755608724	0.323049529629	0.120676837875	0.107518023772
తాయ-	0.18410041841	0.60669456067	0.125523012552	0.083682008368
మూశ-	0.428571428571	0.571428571429	0.0	0.0
బొమ-	0.169923914665	0.640608682679	0.0708637923317	0.118603610324
జీహ-	0.0	1.0	0.0	0.0
ఈతమ-	0.0	1.0	0.0	0.0
పూట-	0.132200188857	0.30476864967	0.18059490085	0.382436260623
భీక-	0.188340807175	0.201793721973	0.609865470852	0.0
621-	0.0	0.115384615385	0.0	0.884615384615
రెఫ-	0.0580270793037	0.930367504836	0.0116054158607	0.0
చెవ-	0.183022384628	0.638170358608	0.109602521106	0.0692047356578
శాఖ-	0.0209716882209	0.877665152045	0.0803914715134	0.0209716882209
ఏతన-	0.0	1.0	0.0	0.0
మనమ-	0.113092108574	0.0476052488046	0.0142111263229	0.825091516299
అధీ-	0.260720411664	0.56089193825	0.0	0.178387650086
వెళ-	0.559576026742	0.102894934995	0.0125202882654	0.325008749998
తిత-	0.269634773981	0.652235381658	0.0520865629069	0.0260432814534
ఊరి-	0.0996082499684	0.784236201209	0.0124915883511	0.103663960472
అవత-	0.121145374449	0.365088105727	0.24372246696	0.270044052863
గిట-	0.338798482809	0.6509237734	0.0102777437905	0.0
షూల-	0.0	1.0	0.0	0.0
మోట-	0.0	1.0	0.0	0.0
ఉటా-	1.0	0.0	0.0	0.0
మేట-	0.175	0.675	0.0	0.15
పోద-	0.472153294734	0.217673007996	0.0165425971878	0.293631100083
లగ్-	0.367203219316	0.32092555332	0.13078470825	0.181086519115
ఏతా-	0.0	1.0	0.0	0.0
పదల-	0.555555555556	0.0	0.444444444444	0.0
యూద-	0.0590792858093	0.784713644626	0.0593937300445	0.0968133395206
మూస-	0.557293480756	0.30333589837	0.051106341042	0.0882642798321
యాయ-	0.130930375847	0.799753542822	0.0115526802218	0.0577634011091
సఖ్-	0.75	0.25	0.0	0.0
ఎబ్-	0.0	1.0	0.0	0.0
తమత-	0.394154429846	0.113796576032	0.0266985175297	0.465350476592
గుట-	0.217642838961	0.628607132113	0.123203665564	0.0305463633629
అస్-	0.248352074447	0.590926715781	0.0569988367584	0.103722373013
సవా-	0.511019283747	0.268595041322	0.0619834710743	0.158402203857
సగం-	0.0190672916501	0.711607213792	0.0238341145626	0.245491379995
నాస-	0.464622168771	0.276207656845	0.188414511926	0.0707556624574
జామ-	0.0	0.333333333333	0.666666666667	0.0
కషా-	0.272727272727	0.727272727273	0.0	0.0
పర్-	0.197810356448	0.687578232916	0.0276264004714	0.0869850101646
ఏవే-	0.0	0.290697674419	0.709302325581	0.0
కొజ-	0.0774193548386	0.922580645161	0.0	0.0
షబన-	0.0	1.0	0.0	0.0
పశు-	0.0938757828999	0.777376676353	0.0485172283089	0.080230312438
అభీ-	0.324219848187	0.442086027551	0.142676412707	0.0910177115547
ఫీబ-	0.0333333333333	0.966666666667	0.0	0.0
జెల-	0.00511508951406	0.987212276215	0.0076726342711	0.0
ఏమౌ-	0.241029854834	0.410846343468	0.311147630786	0.0369761709121
ఎగి-	0.211987066372	0.578096471812	0.0721141586511	0.137802303165
ఊటన-	0.174621653085	0.825378346915	0.0	0.0
బిర-	0.0933333333334	0.79	0.0766666666667	0.04
యహో-	0.300880372864	0.699119627136	0.0	0.0
ఎడ్-	0.0744240992321	0.900767867691	0.0248080330773	0.0
కుల-	0.389143285322	0.472650070768	0.0632753309467	0.074931312963
దూత-	0.0818199987595	0.825006834414	0.00823345899466	0.0849397078316
నోబ-	0.0	1.0	0.0	0.0
విప-	0.47724394753	0.333087719453	0.115851802173	0.0738165308437
వదర-	0.104499274311	0.576197387518	0.319303338171	0.0
160-	0.0	1.0	0.0	0.0
మహన-	0.162790697675	0.811839323467	0.0	0.0253699788583
అనల-	0.417026333896	0.139488334272	0.0243948207919	0.41909051104
రహద-	0.323827936201	0.632672788787	0.0289995166747	0.0144997583374
దిక-	0.310509816862	0.396799208052	0.0848044877083	0.207886487378
షాల-	0.0754021447721	0.891085790885	0.0	0.0335120643431
మొస-	0.167166905911	0.253686545739	0.00548088216105	0.573665666188
గోత-	0.0986100230948	0.769909946112	0.0151707727838	0.116309258009
సలు-	0.123287671233	0.876712328767	0.0	0.0
చిద-	0.0	0.5	0.0	0.5
లో--	0.261904761905	0.630952380953	0.107142857143	0.0
లేస-	0.354706175299	0.43077689243	0.0651145418327	0.149402390438
నివ-	0.386966476798	0.327034885763	0.0285697563077	0.257428881132
హుట-	0.777777777778	0.222222222222	0.0	0.0
ఇస్-	0.311435275239	0.461571535594	0.0233563345053	0.203636854662
ఏమా-	0.324198988196	0.259696458685	0.150505902192	0.265598650928
అత్-	0.0988083610669	0.745588253027	0.0910324120967	0.0645709738099
మలు-	0.546946216955	0.428441203282	0.024612579763	0.0
ఈతచ-	0.0	1.0	0.0	0.0
నీగ-	0.0	0.931818181818	0.0454545454545	0.0227272727273
జలధ-	0.622641509435	0.377358490565	0.0	0.0
అరట-	0.0	0.833333333333	0.166666666667	0.0
శ్ర-	0.246974563427	0.423202058023	0.171039665115	0.158783713435
గాన-	0.0649833731242	0.0932597203274	0.0119372442019	0.829819662346
మిర-	0.0113981762918	0.977203647416	0.0113981762918	0.0
సూత-	0.360169491525	0.519774011299	0.0	0.120056497175
లనబ-	0.0	0.363636363636	0.272727272727	0.363636363636
వధి-	0.58470876371	0.326262226752	0.0333906323684	0.0556383771697
యహర-	0.0	1.0	0.0	0.0
530-	0.0	1.0	0.0	0.0
షుమ-	0.0	1.0	0.0	0.0
బ్న-	0.545454545455	0.181818181818	0.0	0.272727272727
మున-	0.58109596032	0.241286741446	0.0971173104685	0.080499987766
పాట-	0.377835312525	0.236333482121	0.033878642867	0.351952562487
లద్-	0.0614035087719	0.938596491228	0.0	0.0
నాభ-	0.0	1.0	0.0	0.0
నంత-	0.336734693878	0.183673469388	0.418367346939	0.0612244897959
పలి-	0.34865718066	0.32572363687	0.0369768575474	0.288642324923
విట-	0.146853146853	0.853146853147	0.0	0.0
నవు-	1.0	0.0	0.0	0.0
వీచ-	0.389160687397	0.40628399342	0.113406066971	0.0911492522117
ఏలు-	0.395113075123	0.335846113855	0.0246945671952	0.244346243827
తేళ-	0.103718199609	0.888454011742	0.0078277886497	0.0
వలి-	0.272727272727	0.727272727273	0.0	0.0
షహర-	0.0	0.7	0.0	0.3
550-	0.0	0.0	0.0	1.0
యేత-	0.196721311475	0.606557377049	0.0	0.196721311476
పశస-	0.0	1.0	0.0	0.0
ఎఎ్-	0.0	1.0	0.0	0.0
పలె-	0.0	1.0	0.0	0.0
సావ-	0.0	1.0	0.0	0.0
గొన-	0.163838502048	0.836161497952	0.0	0.0
దయవ-	0.0559099437148	0.676923076923	0.105065666041	0.162101313321
మగా-	0.0690968139313	0.636933758889	0.0039195923624	0.290049834817
815-	0.0	0.142857142857	0.0	0.857142857143
తోడ-	0.211994650324	0.301214829481	0.0393813729006	0.447409147295
నేన-	0.113561265188	0.0236714490649	0.00402180898576	0.858745476761
మొప-	0.75	0.0	0.0	0.25
శాయ-	0.0952380952379	0.0476190476191	0.0	0.857142857143
మెం-	0.0472027972029	0.725524475525	0.227272727273	0.0
భేధ-	0.584158415842	0.247524752475	0.069306930693	0.0990099009901
రాశ-	0.339873628201	0.557033588294	0.0565347522446	0.0465580312604
బొగ-	0.353896103896	0.477272727273	0.12987012987	0.038961038961
నాశ-	0.535684705526	0.161009943194	0.0392512522684	0.264054099011
భూగ-	0.273891778589	0.693502057293	0.0326061641177	0.0
అవీ-	0.422535211268	0.466800804829	0.0	0.110663983904
ఇంట-	0.123594998272	0.685262536544	0.0365292650028	0.154613200182
రెం-	0.046603011434	0.0577660361202	0.277518627043	0.618112325403
సుభ-	0.666666666667	0.333333333333	0.0	0.0
ైపె-	1.0	0.0	0.0	0.0
దమస-	0.0	0.994315759557	0.00568424044337	0.0
హెప-	0.0	1.0	0.0	0.0
నలగ-	0.780487804878	0.219512195122	0.0	0.0
అవర-	0.408	0.336	0.096	0.16
ఇవి-	0.266657325019	0.159602045821	0.0136621593218	0.560078469838
భగ్-	0.41722972973	0.506756756756	0.0760135135135	0.0
కర్-	0.183027306365	0.675036868779	0.0304479512239	0.111487873633
ఈఎడ-	0.142857142857	0.285714285714	0.0	0.571428571429
కలగ-	0.257915395413	0.184506249107	0.0641636618843	0.493414693596
క్న-	0.271604938272	0.456790123457	0.0987654320987	0.172839506173
ఓపి-	0.25	0.587816455696	0.138449367089	0.0237341772152
చేజ-	0.714074074074	0.131851851852	0.0118518518519	0.142222222222
వెప-	0.5	0.5	0.0	0.0
యజమ-	0.0641672771988	0.819669284736	0.0189723734062	0.0971910646589
జోయ-	0.0	1.0	0.0	0.0
ఏలా-	0.130950175958	0.832005927024	0.0203741433599	0.0166697536581
దీయ-	0.0	1.0	0.0	0.0
ఆసర-	0.345070422535	0.528169014085	0.0633802816902	0.0633802816902
బాడ-	0.0	1.0	0.0	0.0
ఖడ్-	0.102016019218	0.851790814438	0.0188194381403	0.027373728204
మణు-	0.0648847337089	0.835830436693	0.0153821566982	0.0839026728995
మాగ-	0.00842696629214	0.957865168539	0.0168539325843	0.0168539325843
సణు-	0.306236860547	0.588647512263	0.10511562719	0.0
నైల-	0.0601503759399	0.904761904762	0.00501253132831	0.0300751879699
కెం-	0.425461547944	0.359040303348	0.0517766885875	0.16372146012
జతగ-	0.0	1.0	0.0	0.0
లీన-	0.303501945525	0.0933852140078	0.369649805448	0.233463035019
జరగ-	0.52061010557	0.200699466343	0.0412898791029	0.237400548984
గలవ-	0.37471895252	0.351469949175	0.130509947664	0.143301150641
రంధ-	0.0901085398321	0.731722301863	0.0552938767152	0.122875281589
ఫలి-	0.404304708734	0.343884522148	0.0800631749064	0.171747594211
కనగ-	0.567901234568	0.185185185185	0.246913580247	0.0
నేమ-	0.2	0.0	0.0	0.8
గాఢ-	0.217796245881	0.405502220948	0.327697377848	0.0490041553232
గెద-	0.0257208846584	0.974279115342	0.0	0.0
గేం-	0.285714285714	0.714285714286	0.0	0.0
అలల-	0.1530759405	0.699472578186	0.0805760435123	0.0668754378014
జిం-	0.0181151606642	0.746387750701	0.12680612465	0.108690963986
లవం-	0.0	0.757575757576	0.242424242424	0.0
గోప-	0.0358122476654	0.952861589669	0.00323604647579	0.00809011618948
పూవ-	0.0353982300886	0.902654867256	0.0353982300885	0.0265486725664
ఉంజ-	0.545454545455	0.272727272727	0.181818181818	0.0
షమ్-	0.0	1.0	0.0	0.0
సిన-	0.0802675585284	0.919732441472	0.0	0.0
పడట-	0.648378068478	0.143625087847	0.0586879060993	0.149308937576
ఎసి-	0.0	1.0	0.0	0.0
భావ-	0.314175046432	0.232537760406	0.111463331149	0.341823862012
అపర-	0.28722676947	0.353879826044	0.245100366523	0.113793037963
ఇలీ-	1.0	0.0	0.0	0.0
పేడ-	0.111975116641	0.888024883359	0.0	0.0
కిర-	0.0810947439372	0.881675396346	0.028383160378	0.00884669933861
జలవ-	0.586206896552	0.413793103448	0.0	0.0
సఫ్-	0.0	1.0	0.0	0.0
పోం-	0.266774454325	0.529506871463	0.0970088924817	0.10670978173
601-	0.666666666667	0.333333333333	0.0	0.0
శీర-	0.0	0.969512195122	0.0304878048781	0.0
దోత-	0.076923076923	0.769230769231	0.0	0.153846153846
వాన-	0.152729852675	0.198087692415	0.0211176350872	0.628064819822
బూల-	0.0	1.0	0.0	0.0
గెన-	0.0715243629861	0.901654000894	0.0	0.0268216361198
తుర-	0.242957746479	0.702464788732	0.0475352112676	0.00704225352112
యాక-	0.0167564085136	0.900820975359	0.00419649031557	0.0782261258119
హదో-	0.0167597765363	0.983240223464	0.0	0.0
మిష-	0.0570902394105	0.94290976059	0.0	0.0
ఓజె-	0.0	1.0	0.0	0.0
మంగ-	0.0	1.0	0.0	0.0
పుం-	0.214602946959	0.628333834517	0.0497906594805	0.107272559043
బలశ-	0.255474452555	0.503649635037	0.240875912409	0.0
యీల-	0.543624161074	0.244966442953	0.0	0.211409395973
అరె-	0.0348837209302	0.96511627907	0.0	0.0
అపా-	0.270676691729	0.312030075188	0.191729323308	0.225563909775
భువ-	0.307692307692	0.461538461539	0.230769230769	0.0
రేస-	0.0	1.0	0.0	0.0
పగవ-	0.631578947369	0.368421052631	0.0	0.0
రాత-	0.0525963299037	0.827592013523	0.0340105255754	0.0858011309984
ఆను-	0.30023364486	0.610981308411	0.0420560747663	0.0467289719626
తెక-	0.0	0.983870967742	0.0	0.016129032258
తలచ-	0.479749589648	0.279230446234	0.143756918731	0.0972630453869
ఎమ్-	0.157894736842	0.842105263158	0.0	0.0
తేగ-	0.284584980237	0.612648221344	0.102766798419	0.0
గదా-	0.482800982801	0.197174447174	0.027027027027	0.292997542998
ఆదర-	0.123291602396	0.77081465007	0.0326433977831	0.0732503497506
శాహ-	0.0	1.0	0.0	0.0
మనక-	0.164723630815	0.0472832773279	0.015969038997	0.772024052861
దియ-	0.0	0.986078886311	0.0139211136891	0.0
పీత-	0.0	1.0	0.0	0.0
పరగ-	0.402635431918	0.382137628111	0.0614934114202	0.15373352855
ఎది-	0.479378231796	0.262462783199	0.109435338231	0.148723646773
తోళ-	0.330827067669	0.334586466165	0.109022556391	0.225563909775
గొర-	0.0762547282101	0.842020924306	0.0189604910047	0.0627638564792
నగా-	0.125	0.875	0.0	0.0
తమర-	0.144318150992	0.568944470065	0.142419227952	0.144318150992
లిర-	0.0	0.454545454545	0.0	0.545454545455
తపన-	0.0	1.0	0.0	0.0
పొగ-	0.287674077835	0.552362381881	0.0382342421341	0.12172929815
ఉడు-	0.373333333334	0.386666666666	0.0799999999999	0.16
పచ్-	0.0596467222292	0.504888667745	0.379300908073	0.0561637019529
యొట-	0.0	1.0	0.0	0.0
దెవ-	0.354838709678	0.645161290322	0.0	0.0
ఊడద-	0.243902439024	0.609756097561	0.146341463415	0.0
తుమ-	0.0513573000733	0.946808510638	0.00183418928833	0.0
గుల-	0.0327868852459	0.666666666667	0.300546448088	0.0
రయూ-	0.0	1.0	0.0	0.0
ఎబె-	0.163197335553	0.50582847627	0.256036636137	0.0749375520399
ఒకస-	0.136	0.142736842105	0.0164210526316	0.704842105263
తరల-	0.285496648385	0.341255332115	0.0243753808654	0.348872638635
కయ్-	0.267857142857	0.732142857143	0.0	0.0
పరస-	0.0403353089276	0.0186927119482	0.124026375313	0.816945603811
కోట-	0.150075987842	0.759582911179	0.0295508274232	0.0607902735562
తనక-	0.276087061591	0.0852733160413	0.0346941405809	0.603945481787
కొఱ-	0.735395189003	0.127147766323	0.020618556701	0.116838487973
తాళ-	0.184628272538	0.740593681986	0.0639927504556	0.0107852950206
గహమ-	0.0	1.0	0.0	0.0
సేద-	0.296610169492	0.120762711864	0.169491525424	0.41313559322
ఆసా-	0.0567997344048	0.775765481509	0.0274483252601	0.139986458826
సొర-	0.084619213539	0.907914385266	0.00746640119463	0.0
ఎలత-	0.0	1.0	0.0	0.0
ఆసక-	0.281279961649	0.321788111218	0.189597315436	0.207334611697
ఎలు-	0.250382346515	0.583023814726	0.0338649770592	0.1327288617
అజే-	0.0	1.0	0.0	0.0
లతో-	0.0	1.0	0.0	0.0
విక-	0.365137249127	0.295070465235	0.317964087417	0.0218281982208
మడు-	0.250335795836	0.696776359973	0.0470114170585	0.0058764271323
ఇదూ-	0.0	1.0	0.0	0.0
తొం-	0.328752529774	0.157453147453	0.23029108391	0.283503238863
పతి-	0.69351230425	0.246085011186	0.0604026845639	0.0
