-cai	0.195701934173	0.293458997663	0.268046217091	0.242792851072
-can	0.364840794135	0.429673894879	0.0782915915696	0.127193719416
-cas	0.0350379668371	0.929490159616	0.0	0.0354718735472
-iva	0.396206007346	0.200136889562	0.0395148432466	0.364142259845
-ive	0.0	1.0	0.0	0.0
-xla	0.198473282443	0.442748091603	0.0458015267175	0.312977099237
-cat	0.251849047097	0.513813162577	0.0817648514464	0.15257293888
-caz	0.0	1.0	0.0	0.0
-cax	0.0440123953277	0.931735876635	0.0242517280377	0.0
-xli	0.100824931256	0.651695692026	0.0824931255729	0.164986251146
-xlh	0.603949375551	0.274712647448	0.0622377380712	0.0591002389297
-oyu	0.150943396226	0.823899371069	0.0	0.0251572327044
-plh	0.690340909091	0.151515151515	0.112689393939	0.0454545454545
-ufo	0.0	1.0	0.0	0.0
-aum	0.0138230647709	0.983017377567	0.0	0.00315955766193
-aul	0.0	1.0	0.0	0.0
-aun	0.724489795918	0.0714285714286	0.0	0.204081632653
-put	0.12308144379	0.602410940193	0.0503649319381	0.224142684079
-nto	0.11854723716	0.704983271046	0.120271391159	0.0561981006347
-pus	0.042458504053	0.0169652576939	8.14120613705e-05	0.940494826192
-nta	0.282585196093	0.320175537897	0.067790722226	0.329448543784
-nte	0.0222104706504	0.872554204125	0.0957165520888	0.00951877313591
-hʼu	0.340909090909	0.45166453265	0.0960307298336	0.111395646607
-pum	0.0178592003687	0.972923147828	0.0028805161885	0.0063371356147
-pun	0.0969765197813	0.402541009971	0.379543261499	0.120939208749
-sva	0.137844611529	0.711779448622	0.15037593985	0.0
-ntu	0.164695291896	0.0858026373346	0.0126667826647	0.736835288105
-pui	0.407084261937	0.334534591493	0.187538527194	0.0708426193751
-pre	0.0	1.0	0.0	0.0
-ʼox	0.184724427882	0.116763178577	0.402680843104	0.295831550437
-car	0.0	1.0	0.0	0.0
-aré	0.0	1.0	0.0	0.0
-opo	0.0	0.887252646111	0.112747353889	0.0
-mán	0.039603960396	0.80198019802	0.158415841584	0.0
-ope	0.0026075619296	0.985658409387	0.0	0.0117340286832
-opa	0.371645950186	0.235220957066	0.140816588451	0.252316504297
-dea	0.00810341501061	0.979741462473	0.00752459965272	0.00463052286321
-tʼi	0.162039531569	0.137704799267	0.142696704677	0.557558964488
-dec	0.0452781371281	0.90028029323	0.0231780940061	0.031263475636
-cau	0.12460046407	0.251377349291	0.0528970648513	0.571125121788
-oes	0.439024390244	0.408536585366	0.0670731707317	0.0853658536585
-tʼa	0.349979045129	0.467754599018	0.0742379408363	0.108028415016
-oks	0.310464310464	0.689535689536	0.0	0.0
-deo	0.00152291994517	0.995431240164	0.0	0.00304583989035
-ima	0.131960778324	0.0807801570088	0.0226807587745	0.764578305892
-oko	0.269978649648	0.310360660254	0.0446520810854	0.375008609013
-des	0.0173545713824	0.923586073293	0.0367271161815	0.0223322391433
-aka	0.12830360767	0.282919642872	0.408656046392	0.180120703066
-ivi	0.286560122118	0.247172560538	0.409371603025	0.0568957143188
-aús	0.0236220472441	0.787401574803	0.141732283465	0.0472440944881
-tʼu	0.376350264307	0.328315329809	0.193633647437	0.101700758446
-ido	0.0764331210191	0.885350318471	0.0	0.0382165605096
-obo	0.0	0.998002995507	0.000998502246631	0.000998502246629
-rpo	0.0768245838669	0.923175416133	0.0	0.0
-rpa	0.0607594936709	0.924050632911	0.0151898734177	0.0
-eca	0.494137353434	0.262981574539	0.164712451145	0.0781686208822
-oju	0.496973772697	0.246133154001	0.122394082044	0.134498991258
-llo	0.0579269217088	0.877250833998	0.0461862373089	0.018636006984
-kpu	0.311111111111	0.42962962963	0.259259259259	0.0
-ida	0.0170685451097	0.979680303441	0.0	0.00325115144947
-tli	0.660167130919	0.208913649025	0.0724233983287	0.058495821727
-tlh	0.813394604265	0.104035393011	0.0206242576228	0.061945745102
-siu	0.619647355164	0.304785894206	0.0151133501259	0.0604534005037
-bia	0.0185758513932	0.981424148607	0.0	0.0
-kpa	0.60129776496	0.214131218457	0.0648882480173	0.119682768565
-ivo	0.0785977859779	0.886961869619	0.0233702337023	0.0110701107011
-ter	0.0176730486009	0.973490427099	0.00883652430044	0.0
-tes	0.0	1.0	0.0	0.0
-ria	0.0151293961513	0.96602521566	0.00849369608492	0.0103516921035
-rio	0.0	0.945340256901	0.0349822355835	0.0196775075157
-uti	0.220338983051	0.779661016949	0.0	0.0
-tea	0.0	0.993106768497	0.00689323150316	0.0
-sit	0.187082405345	0.492204899777	0.182628062361	0.138084632517
-ris	0.0	1.0	0.0	0.0
-utu	0.07235821921	0.197636653453	0.240269161359	0.489735965978
-tel	0.0	0.946700507614	0.0190355329949	0.0342639593909
-teo	0.0400866738895	0.953629469122	0.00108342361863	0.00520043336944
-jin	0.152748479093	0.627478362163	0.117690288636	0.102082870109
-mch	0.268225033957	0.197472374481	0.113593642334	0.420708949228
-ara	0.0498938494577	0.0259267176809	0.00361454861918	0.920564884242
-mes	0.0	1.0	0.0	0.0
-aro	0.0717539863325	0.785592255125	0.0162300683371	0.126423690205
-ari	0.177479492916	0.800149142431	0.0	0.0223713646532
-xʼi	0.362953692115	0.538589904047	0.0684188569045	0.0300375469336
-ʼuʼ	0.158409243483	0.209054118458	0.0256578610801	0.606878776979
-nat	0.218038017105	0.597659990884	0.0610686613582	0.123233330652
-lun	0.0193016733369	0.893895944285	0.0117385686824	0.0750638136955
-meo	0.0999999999999	0.822222222222	0.0	0.0777777777777
-jiu	0.407929226737	0.262778505898	0.181847968545	0.147444298821
-mei	0.0	1.0	0.0	0.0
-aya	0.484407941326	0.253469839281	0.0620298976828	0.20009232171
-ayo	0.0161290322581	0.983870967742	0.0	0.0
-uʼu	0.600174513449	0.199324708828	0.0783413634811	0.122159414242
-ayu	0.0534351145038	0.906488549618	0.0400763358778	0.0
-bás	0.0	0.984654731458	0.00920716112531	0.00613810741688
-xat	0.0789062248673	0.899025253338	0.0066655943381	0.015402927457
-xau	0.358426457264	0.489429175476	0.0864542434309	0.0656901238297
-aón	0.0122699386503	0.98773006135	0.0	0.0
-exu	0.0726643598616	0.741637831603	0.145328719723	0.040369088812
-cta	0.328750638174	0.47523885931	0.0918970169936	0.104113485523
-dán	0.0153936790893	0.935973697714	0.00494118094225	0.0436914422547
-xad	0.0	1.0	0.0	0.0
-exi	0.512820512821	0.282051282051	0.0	0.205128205128
-xai	0.538574254347	0.260777572182	0.103629691372	0.0970184820988
-ili	0.10222879544	0.210197621933	0.576388185773	0.111185396854
-xam	0.0454606297065	0.0577503680972	0.0183924685072	0.878396533689
-xan	0.294333286694	0.161121216361	0.235809896926	0.308735600019
-umu	0.0	0.0392890551918	0.960710944808	0.0
-ota	0.455808932953	0.36174757941	0.0921056404858	0.090337847151
-tán	0.0277518656716	0.93260261194	0.0174906716418	0.0221548507463
-ote	0.0	1.0	0.0	0.0
-oto	0.0	1.0	0.0	0.0
-ume	0.0714285714285	0.851648351648	0.021978021978	0.054945054945
-iju	0.434177439755	0.293866775876	0.0987914311915	0.173164353178
-eví	0.0678101316314	0.888768590803	0.0194882899311	0.0239329876346
-mat	0.188846386149	0.519428226294	0.272599154419	0.0191262331387
-umi	0.223872073101	0.624214734438	0.103940605368	0.0479725870931
ALL	0.229998550848	0.299443483836	0.0546880189434	0.415869946373
-nai	0.32906545411	0.46990546847	0.0789757089865	0.122053368434
-nan	0.165224167462	0.115943569826	0.0594981217849	0.659334140927
-nac	0.0759725176786	0.696628525607	0.0397807618672	0.187618194848
-sip	0.266211604096	0.0546075085324	0.587030716724	0.0921501706485
-zul	0.0206825232678	0.374353671148	0.604963805584	0.0
-nsa	0.378947368421	0.58947368421	0.0315789473684	0.0
-sio	0.117647058824	0.882352941176	0.0	0.0
-sin	0.0783727235595	0.803428737003	0.0254576014241	0.0927409380135
-akx	0.621301775148	0.254437869822	0.0	0.12426035503
-nas	0.00473873760031	0.991470272319	0.0	0.00379099008025
-sia	0.141287729314	0.241043617682	0.0261414801804	0.591527172824
-hʼi	0.104367327951	0.0791818078686	0.0292088035038	0.787242060677
-nau	0.462197662571	0.214754995152	0.0623388377714	0.260708504505
-nti	0.173576529613	0.556112405857	0.0785662847801	0.191744779749
-xni	0.119573567248	0.533043314103	0.0417884149824	0.305594703666
-mos	0.081089847551	0.909179370743	0.00324359390204	0.00648718780409
-mor	0.0	0.976744186047	0.0232558139535	0.0
-gog	0.0	0.966850828729	0.0331491712707	0.0
-saʼ	0.454793121062	0.466712072195	0.0391622680061	0.0393325387366
-aán	0.0486111111111	0.653935185185	0.268518518518	0.0289351851852
-mol	0.0	0.95	0.05	0.0
-yau	0.397834927556	0.293188187732	0.0905352381484	0.218441646564
-ʼoi	0.338222499065	0.504120982799	0.113452477027	0.0442040411094
-ber	0.0	1.0	0.0	0.0
-eor	0.0	1.0	0.0	0.0
-bet	0.0	0.768656716418	0.0	0.231343283582
-cob	0.0131291028446	0.982768052516	0.0	0.00410284463895
-eon	0.0706713780919	0.478994895956	0.426776599921	0.0235571260306
-ixa	0.281311680641	0.576548357623	0.0591881754898	0.0829517862461
-beo	0.0	0.836734693878	0.0408163265306	0.122448979592
-yac	0.0412371134021	0.932253313697	0.0265095729013	0.0
-ixi	0.0675105485232	0.805907172996	0.0759493670886	0.0506329113924
-rla	0.0	0.848484848485	0.0909090909091	0.0606060606061
-cos	0.0209650582363	0.979034941764	0.0	0.0
-cor	0.0	1.0	0.0	0.0
-iso	0.0196078431372	0.980392156863	0.0	0.0
-kʼo	0.53065404139	0.295171907282	0.0662442585045	0.107929792824
-reo	0.011208576998	0.916666666667	0.0648148148148	0.00730994152047
-isi	0.114216281896	0.558525718915	0.24787363305	0.0793843661402
-kʼe	0.0633471495272	0.84525068691	0.00339519278143	0.0880069707818
-rea	0.0144352219415	0.949476723205	0.0248285817394	0.0112594731144
-kʼa	0.436064555808	0.399076353442	0.0839307821793	0.0809283085705
-red	0.0	1.0	0.0	0.0
-iʼi	0.486046511628	0.470930232558	0.0139534883721	0.0290697674419
-eve	0.0	0.0210526315789	0.0594427244581	0.919504643963
-iʼu	0.786802030457	0.203045685279	0.0	0.010152284264
-eva	0.04	0.96	0.0	0.0
-upa	0.151341435451	0.848658564549	0.0	0.0
-laʼ	0.541198942295	0.323454714291	0.0460711439233	0.0892751994908
-res	0.0159362549801	0.876494023904	0.0106241699867	0.0969455511288
-ret	0.0125592417062	0.980331753554	0.00284360189574	0.0042654028436
-dia	0.023595505618	0.976404494382	0.0	0.0
-max	0.103996148291	0.896003851709	0.0	0.0
-hab	0.003108003108	0.965811965812	0.03108003108	0.0
-ʼix	0.104084776584	0.313373990519	0.531124187055	0.0514170458425
-naí	0.043795620438	0.951824817518	0.0043795620438	0.0
-hai	0.0112268489406	0.00245755374976	8.6215893787e-05	0.986229381416
-mas	0.144308697721	0.0701264820318	0.0491950399738	0.736369780273
-mar	0.0	1.0	0.0	0.0
-mau	0.166326297397	0.72971976673	0.101299792829	0.00265414304356
-ham	0.0266352738537	0.928754983262	0.0249892347655	0.0196205081191
-han	0.0939592027893	0.765501646375	0.0465863162988	0.0939528345366
-mai	0.505289976769	0.363895430544	0.096333345018	0.0344812476697
-mak	0.183639398998	0.816360601002	0.0	0.0
-hat	0.299040895607	0.413563822175	0.0530919295321	0.234303352686
-hau	0.429649057915	0.309873678783	0.104744611453	0.155732651849
-man	0.269098193686	0.468233676993	0.133359534936	0.129308594385
-mac	0.0844390832328	0.896260554885	0.0193003618817	0.0
-jui	0.443850018278	0.328962032311	0.0965140056738	0.130673943738
-jun	0.454391259982	0.248945846464	0.0517550831276	0.244907810427
-cva	0.185259067807	0.523322173845	0.0509982827108	0.240420475637
-uni	0.462682802862	0.0981932956986	0.0190352814166	0.420088620023
-una	0.116531288475	0.536523190573	0.0399317462547	0.307013774697
-jlh	0.629398354644	0.320051541283	0.00892060660123	0.0416294974724
-ʼon	0.645510383153	0.205908160281	0.0631763673589	0.0854050892073
-pta	0.505398110661	0.325910931174	0.161943319838	0.00674763832658
-cxa	0.744525547445	0.197080291971	0.014598540146	0.043795620438
-pto	0.0250228072462	0.963769060341	0.0112081324124	0.0
-unu	0.091054313099	0.774760383387	0.0814696485623	0.0527156549521
-cya	0.195217299302	0.659438434065	0.049160560773	0.0961837058604
-ʼui	0.102451749299	0.505356915268	0.0797329730229	0.312458362411
-gad	0.0	1.0	0.0	0.0
-luʼ	0.0213538811676	0.935365912891	0.00301833901151	0.0402618669294
-ʼun	0.166515021299	0.539440771902	0.0472398162322	0.246804390567
-ada	0.148807669912	0.793708613755	0.045905723997	0.0115779923355
-ado	0.0459746230471	0.837400485721	0.0305848127898	0.0860400784426
-tro	0.04514582501	0.589852177387	0.0271673991211	0.337834598482
-gai	0.0	1.0	0.0	0.0
-adi	0.0	1.0	0.0	0.0
-ʼux	0.674578388507	0.190505933791	0.134915677701	0.0
-gau	0.0	1.0	0.0	0.0
-gar	0.0298507462687	0.940298507463	0.0298507462686	0.0
-lam	0.109653233365	0.805998125586	0.0674789128397	0.0168697282099
-ʼus	0.259440369465	0.358869872317	0.284161912524	0.0975278456941
-ʼut	0.10039834765	0.820894479796	0.0206901523911	0.058017020163
-lan	0.118178386842	0.784933465726	0.0491953978533	0.0476927495789
-seo	0.109535066982	0.825321775676	0.033622274757	0.0315208825847
-ini	0.371400958969	0.216860591093	0.0834188865746	0.328319563363
-sem	0.0	1.0	0.0	0.0
-nos	0.0	1.0	0.0	0.0
-sek	0.262984718126	0.208608545175	0.368276097395	0.160130639304
-bel	0.119117911826	0.807297303053	0.0443134893824	0.0292712957388
-ino	0.183038263849	0.748715019989	0.0673900628212	0.000856653340947
-ina	0.0901525434684	0.846503134898	0.026016417814	0.03732790382
-uis	0.0881715705438	0.377740167693	0.126642448576	0.407445813188
-uiu	0.0608232960513	0.875124166392	0.0204636915925	0.0435888459643
-uit	0.424258198855	0.388339406559	0.0858927641853	0.101509630401
-sea	0.0	1.0	0.0	0.0
-knu	0.0740740740741	0.925925925926	0.0	0.0
-kni	0.188861554593	0.617689842936	0.0428414108343	0.150607191637
-uim	0.0	1.0	0.0	0.0
-uin	0.469767631805	0.159955003954	0.0437931815397	0.326484182702
-set	0.0	1.0	0.0	0.0
-inu	0.499390986602	0.476248477467	0.00609013398293	0.0182704019488
-aam	0.0142857142857	0.978571428571	0.0	0.00714285714286
-blo	0.0584537130022	0.810163589582	0.00282255908061	0.128560138335
-eda	0.0	0.654205607477	0.345794392523	0.0
-dón	0.0	1.0	0.0	0.0
-són	0.0123456790123	0.98024691358	0.0	0.00740740740741
-yai	0.4080985252	0.356935922998	0.151349946203	0.0836156055995
-nes	0.0485453395794	0.862645245072	0.0499731436847	0.0388362716635
-rso	0.00939702427564	0.990602975724	0.0	0.0
-neo	0.0	0.961538461538	0.0	0.0384615384616
-mti	0.0945409966107	0.840917285642	0.0591331939136	0.00540852383356
-nek	0.859375	0.140625	0.0	0.0
-ias	0.00267558528428	0.997324414716	0.0	0.0
-ooz	0.0	1.0	0.0	0.0
-sni	0.221412524619	0.0537493456871	0.00362574458527	0.721212385109
-eka	0.119123800148	0.2018213143	0.497169579129	0.181885306424
-xva	0.186696759803	0.0542283038438	0.0182336538236	0.74084128253
-puʼ	0.135459150152	0.561326569029	0.0340284400689	0.269185840751
-xvi	0.697851395285	0.0671972284876	0.00507712393017	0.229874252297
-eks	0.255645366514	0.419317466483	0.194634557947	0.130402609057
-kxa	0.697701289224	0.137638855104	0.0329198086435	0.131740047028
-jon	0.142974415105	0.857025584895	0.0	0.0
-bas	0.0	1.0	0.0	0.0
-job	0.0428571428572	0.828571428571	0.0857142857143	0.0428571428571
-sús	0.0266474560838	0.548458926326	0.00259367755304	0.422299940037
-que	0.0802596292122	0.917019705391	0.0	0.00272066539703
-asa	0.279001389928	0.634929968994	0.0491820806159	0.0368865604619
-qui	0.207086645948	0.707450846596	0.0509330298758	0.0345294775809
-asi	0.535347331516	0.166839404757	0.00806111089786	0.289752152828
-asu	0.415195265788	0.307488429073	0.131835472091	0.145480833048
-dro	0.0	1.0	0.0	0.0
-zor	0.0	1.0	0.0	0.0
-xui	0.554794520548	0.116438356164	0.0821917808219	0.246575342466
-ras	0.104857363146	0.78565921357	0.0185042405551	0.0909791827293
-eri	0.0	1.0	0.0	0.0
-ral	0.378907483423	0.610041048311	0.0	0.0110514682665
-ram	0.0	1.0	0.0	0.0
-uía	0.00918055083305	0.975858551513	0.0	0.0149608976539
-ero	0.127388535032	0.872611464968	0.0	0.0
-era	0.0166782487839	0.954134815844	0.0291869353718	0.0
-uío	0.0	1.0	0.0	0.0
-rac	0.0	1.0	0.0	0.0
-caʼ	0.268603676601	0.312594997958	0.0661616048339	0.352639720607
-ela	0.0537634408602	0.682795698925	0.263440860215	0.0
-iux	0.0400354431632	0.882892085707	0.0274760436593	0.0495964274702
-pos	0.00557491289198	0.804878048781	0.0160278745645	0.173519163763
-chu	0.111682664263	0.792862067137	0.0429548708702	0.0525003977303
-nno	0.0	1.0	0.0	0.0
-ʼan	0.14413234728	0.486767826612	0.0493291713295	0.319770654778
-aza	0.0747269591876	0.891358497797	0.0172446828894	0.0166698601265
-uju	0.532725618403	0.397554693285	0.0495597784386	0.0201599098734
-lac	0.0	1.0	0.0	0.0
-aat	0.0	1.0	0.0	0.0
-nor	0.0	1.0	0.0	0.0
-lao	0.37037037037	0.62962962963	0.0	0.0
-lai	0.266163904676	0.0925473304144	0.114260940475	0.527027824434
-lat	0.0637926403438	0.874764974483	0.0483481063659	0.0130942788074
-lau	0.411607018789	0.181315535491	0.15148450023	0.25559294549
-fos	0.0	1.0	0.0	0.0
-eón	0.108096422008	0.834071992217	0.0481029077938	0.00972867798076
-las	0.0735170778263	0.836249530034	0.0558174509067	0.0344159412326
-kch	0.325620389001	0.0680272108844	0.45640509725	0.149947302865
-noc	0.059405940594	0.928712871287	0.0	0.0118811881188
-lax	0.525436598329	0.400911161731	0.0622627182991	0.0113895216401
-aac	0.00839328537169	0.989208633094	0.00239808153477	0.0
-dor	0.131700174394	0.718255404561	0.0225395676351	0.127504853411
-cti	0.384023099134	0.508180943215	0.107795957652	0.0
-fán	0.021897810219	0.978102189781	0.0	0.0
-juʼ	0.216592236345	0.783407763655	0.0	0.0
-fás	0.0	0.989122552574	0.0065264684554	0.00435097897029
-doc	0.0	1.0	0.0	0.0
-ges	0.0225563909774	0.977443609023	0.0	0.0
-ger	0.0	1.0	0.0	0.0
-haʼ	0.266423548085	0.733576451915	0.0	0.0
-sas	0.0	1.0	0.0	0.0
-ión	0.00644745325596	0.958091553836	0.0161186331399	0.0193423597679
-vos	0.0307698937706	0.961990131224	0.0	0.00723997500488
-sau	0.185492571998	0.403684953108	0.382604365508	0.0282181093867
-sat	0.0897892070084	0.817780726953	0.0611940990207	0.0312359670174
-ton	0.327645051195	0.590443686007	0.0409556313993	0.0409556313994
-mpa	0.245095594851	0.236737954323	0.26201743663	0.256149014197
-olh	0.493512919095	0.275403205037	0.0899010848772	0.141182790991
-oli	0.197201017812	0.526081424936	0.219465648855	0.057251908397
-tor	0.0790349417637	0.871048252912	0.0249584026622	0.0249584026622
-tos	0.0299582095565	0.0855948844469	0.027440712955	0.857006193042
-ola	0.595744680851	0.202127659574	0.0	0.202127659574
-sai	0.51262285768	0.173251695378	0.0545479061265	0.259577540816
-san	0.312509730655	0.52661599649	0.0915212375979	0.0693530352568
-sam	0.0	1.0	0.0	0.0
-iel	0.00972656151312	0.963746452542	0.0185688901614	0.00795809578349
-loi	0.0	0.979166666667	0.0208333333333	0.0
-yaʼ	0.483572022188	0.301661824053	0.0617250086854	0.153041145073
-clh	0.458796641205	0.365389328703	0.0620750384878	0.113738991605
-cli	0.580391784625	0.21030837318	0.0249166478803	0.184383194314
-aní	0.0	1.0	0.0	0.0
-mín	0.0	1.0	0.0	0.0
-jvi	0.459183673469	0.479591836735	0.0	0.0612244897959
-ava	0.2431466092	0.117961341207	0.0508360832282	0.588055966365
-rom	0.0	1.0	0.0	0.0
-ron	0.508709519136	0.298331697743	0.0526251226692	0.140333660451
-och	0.658719695594	0.168867872396	0.0537604698713	0.118651962139
-ipi	0.170797783816	0.725819048846	0.0125108002993	0.0908723670388
-ipo	0.0	1.0	0.0	0.0
-sar	0.101968376896	0.870926105195	0.00968054211036	0.0174249757986
-ipa	0.300801849989	0.647771960005	0.0175786574418	0.0338475325644
-ipe	0.0033536950533	0.992733660718	0.0	0.00391264422885
-noé	0.0	1.0	0.0	0.0
-rdo	0.0736342042755	0.774346793349	0.152019002375	0.0
-mec	0.0	1.0	0.0	0.0
-siʼ	0.0373357762915	0.539078482913	0.0677291230167	0.355856617779
-imo	0.0619408121128	0.909153475568	0.0	0.0289057123193
-naʼ	0.430738024911	0.287704365945	0.0585946353905	0.222962973754
-jta	0.372549019608	0.481481481481	0.145969498911	0.0
-tia	0.0	1.0	0.0	0.0
-stu	0.137046272533	0.0695401932203	0.123244660982	0.670168873265
-nvi	0.52773826458	0.193456614509	0.100995732575	0.177809388336
-sto	0.0424190587024	0.837082853787	0.00553710436295	0.114960983148
-sti	0.0427263479145	0.832655137335	0.0605289928789	0.0640895218718
-ste	0.0	0.866666666667	0.133333333333	0.0
-sta	0.0758742049825	0.784439025617	0.109067598482	0.0306191709193
-saí	0.0	1.0	0.0	0.0
-cun	0.536038764385	0.395820714718	0.0317989097517	0.0363416111447
-cuj	0.0338933528123	0.767129291454	0.0508400292184	0.148137326516
-cui	0.371469797875	0.441588836611	0.110360163903	0.0765812016113
-loé	0.0333560245065	0.914227365555	0.0119128658952	0.0405037440435
-ián	0.0	0.943925233645	0.0560747663552	0.0
-xaʼ	0.545111728981	0.369221415348	0.0676317281614	0.0180351275097
-ucu	0.186053026595	0.605474311089	0.0576535479675	0.150819114349
-uch	0.324182733767	0.231230725939	0.0531355153917	0.391451024903
-hya	0.106060606061	0.348484848485	0.386363636364	0.159090909091
-uca	0.4876446903	0.356388090774	0.123016398026	0.0329508208998
-cut	0.067101584343	0.89375582479	0.0391425908668	0.0
-lek	0.18690313779	0.796725784448	0.00409276944065	0.012278308322
-ion	0.0124095139607	0.983453981386	0.0	0.00413650465357
-lea	0.00404253995896	0.989660426643	0.0062970333976	0.0
-leg	0.0	1.0	0.0	0.0
-yuʼ	0.150346623933	0.216048254102	0.0239106621618	0.609694459804
-ios	0.135996783669	0.777290868534	0.0186873958101	0.0680249519874
-les	0.0	1.0	0.0	0.0
-eel	0.0	1.0	0.0	0.0
-rra	0.0462962962963	0.950617283951	0.00308641975309	0.0
-alu	0.163720660678	0.794117647059	0.0247754274123	0.0173862648508
-rro	0.307053941909	0.632483698874	0.0284528749259	0.0320094842916
-gio	0.00916590284141	0.990834097159	0.0	0.0
-udá	0.0	0.994301994302	0.00569800569801	0.0
-ndo	0.0	0.985507246377	0.0144927536232	0.0
-ali	0.050416590058	0.862017244216	0.0689381550044	0.018628010722
-kvi	0.448451415659	0.423142363419	0.0586202312908	0.0697859896318
-gia	0.0	0.972027972028	0.027972027972	0.0
-ala	0.413568951969	0.393356477307	0.0691500620517	0.123924508672
-tch	0.506817014374	0.307452591206	0.0901471449815	0.0955832494392
-uva	0.521126760563	0.253521126761	0.144366197183	0.080985915493
-tca	0.4943273906	0.365699130691	0.131133048475	0.00884043023427
-obe	0.361445783133	0.457831325301	0.12908777969	0.0516351118761
-niʼ	0.522085784792	0.300774177002	0.095461859752	0.081678178454
-kaʼ	0.135172394109	0.650749563982	0.0152410153745	0.198837026534
-abé	0.0412326762503	0.87862615133	0.00998536627357	0.0701558061461
-cla	0.927710843374	0.0722891566264	0.0	0.0
-chi	0.190225305159	0.0515890965032	0.00372580082207	0.754459797516
-cha	0.461203644573	0.238285886525	0.0636226270373	0.236887841865
-pen	0.0235513468426	0.882243265787	0.0588783671066	0.035327020264
-peo	0.0506756756757	0.922297297297	0.0	0.027027027027
-che	0.171052631579	0.828947368421	0.0	0.0
-elh	0.726253713216	0.23236314149	0.0184380350323	0.0229451102624
-oré	0.0	0.95041322314	0.0	0.0495867768595
-elo	0.0	1.0	0.0	0.0
-ogo	0.0	1.0	0.0	0.0
-xya	0.469057898815	0.375733421898	0.00664231152441	0.148566367763
-aén	0.0	0.908163265306	0.0918367346939	0.0
-iya	0.218774868068	0.214192117464	0.0682061855798	0.498826828888
-alh	0.440032133544	0.270578969575	0.0669025397803	0.222486357101
-itu	0.0137687157576	0.924631471691	0.0552059180117	0.00639389453988
-pni	0.265842652541	0.651755934864	0.0824014125956	0.0
-nju	0.0597014925373	0.880597014925	0.0597014925373	0.0
-loc	0.0	1.0	0.0	0.0
-ito	0.0467460375429	0.923672485574	0.0197209845884	0.00986049229422
-uta	0.439577331678	0.370416064129	0.100365507897	0.0896410962959
-eso	0.0130529369108	0.982596084119	0.00217548948513	0.00217548948513
-iti	0.323803536528	0.556518219093	0.0766785169548	0.042999727424
-esa	0.0	1.0	0.0	0.0
-ite	0.00428954423592	0.832707774799	0.163002680965	0.0
-ita	0.496272935438	0.202903145936	0.0918342268248	0.208989691801
-spa	0.558053582321	0.186796023938	0.174714059097	0.0804363346443
-spe	0.0380952380952	0.92380952381	0.0380952380952	0.0
-pʼi	0.479261758285	0.282496527089	0.15905933717	0.0791823774559
-fté	0.0	1.0	0.0	0.0
-pʼa	0.345040446328	0.448848475319	0.179986859506	0.0261242188472
-spo	0.0	1.0	0.0	0.0
-fas	0.0932944606414	0.892128279883	0.0145772594752	0.0
-alí	0.0	1.0	0.0	0.0
-bre	0.177181208054	0.704697986577	0.118120805369	0.0
-pʼu	0.211417264908	0.615240900703	0.0298865231705	0.143455311218
-hum	0.0	1.0	0.0	0.0
-hun	0.0996630057661	0.186956425574	0.0354534739768	0.677927094683
-rim	0.0	1.0	0.0	0.0
-món	0.00673159238745	0.989536764006	0.000878033789667	0.00285360981642
-jaʼ	0.0868009174081	0.868790483151	0.0244978198957	0.0199107795448
-ʼiu	0.479103432174	0.215549848237	0.165771655382	0.139575064207
-hux	0.0974789087408	0.218732047359	0.116436493465	0.567352550435
-njo	0.0	0.967391304348	0.0326086956522	0.0
-tra	0.0199401794616	0.952143569292	0.0189431704885	0.00897308075772
-abo	0.0	1.0	0.0	0.0
-lot	0.0127650813259	0.938851142681	0.0483837759934	0.0
-vas	0.265771322837	0.495904283666	0.099414582094	0.138909811403
-nco	0.0	0.16091954023	0.540229885057	0.298850574713
-nch	0.202772744183	0.132998025669	0.0306702744553	0.633558955693
-vat	0.147995248735	0.584579986544	0.0765020059972	0.190922758724
-ñor	0.135593220339	0.559322033898	0.271186440678	0.0338983050847
-tui	0.416157521873	0.354770427287	0.148372997083	0.0806990537571
-kon	0.522309711286	0.267716535433	0.107611548556	0.102362204724
-koi	0.479163489102	0.316502889384	0.0917322655504	0.112601355963
-nca	0.463600300204	0.348772381259	0.110074693542	0.0775526249956
-tun	0.48462375506	0.292020233647	0.0751799834245	0.148176027869
-los	0.0196956132498	0.968367651447	0.0	0.0119367353029
-vac	0.121739130435	0.313043478261	0.434782608696	0.130434782609
-tus	0.0879675804235	0.0839872676692	0.0320038660654	0.796041285842
-tut	0.117567021706	0.882432978294	0.0	0.0
-oro	0.0189150187446	0.760947701615	0.219893854709	0.000243424931412
-sok	0.23058630681	0.347559075115	0.218984843063	0.202869775012
-nlh	0.548279200602	0.259559058803	0.0969828616481	0.0951788789474
-ncu	0.0317504917112	0.738971621242	0.080921607193	0.148356279854
-vai	0.21545732713	0.107129250014	0.0250916236529	0.652321799203
-van	0.0742160723111	0.879876133846	0.0126735640613	0.0332342297821
-xtu	0.381763656456	0.529755044979	0.0282543267466	0.0602269718183
-ʼat	0.169442224398	0.622416427584	0.0750665166939	0.133074831324
-ʼau	0.268869254577	0.587510887189	0.0887561641856	0.0548636940478
-lhʼ	0.15	0.25	0.0	0.6
-lix	0.0119854912474	0.979498501814	0.0	0.00851600693897
-sʼa	0.264371388268	0.213215649875	0.0429730537766	0.479439908081
-aʼi	0.588730756205	0.204813432464	0.0902317293012	0.11622408203
-lit	0.158729590821	0.506432313704	0.223116506546	0.111721588929
-rus	0.352500054658	0.457454251295	0.00344345088437	0.186602243162
-ʼax	0.289708506841	0.647828673409	0.0446162998216	0.0178465199286
-sʼi	0.0959294073181	0.845577051634	0.0334935618601	0.0249999791875
-rut	0.0	1.0	0.0	0.0
-lis	0.0162103746398	0.972982708934	0.0108069164265	0.0
-taʼ	0.330648579907	0.284442560407	0.0356083086053	0.349300551081
-hut	0.679245283019	0.180592991914	0.140161725067	0.0
-lin	0.638030230905	0.117613656878	0.0356363055909	0.208719806625
-lio	0.0431582773033	0.924132291477	0.00954025077233	0.023169180447
-tnu	0.552358767085	0.31154546296	0.0444602141249	0.0916355558297
-sué	0.145591803721	0.724993259639	0.0	0.129414936641
-ich	0.286434646796	0.150850573965	0.0465746628331	0.516140116406
-oma	0.0797323668805	0.811262893783	0.0510175634235	0.057987175913
-aʼu	0.613636363636	0.215909090909	0.0779220779221	0.0925324675325
-ʼai	0.157293747855	0.264610741301	0.28368251786	0.294412992984
-ica	0.503463345986	0.34063766881	0.0647319699435	0.0911670152607
-lic	0.339350180505	0.595667870036	0.0541516245488	0.0108303249097
-eas	0.0	0.974450689831	0.0102197240674	0.0153295861012
-cma	0.252525252525	0.747474747475	0.0	0.0
-cmi	0.728739120324	0.182660378725	0.0170796146412	0.07152088631
-avi	0.504989813184	0.184688279433	0.0633303039664	0.246991603417
-ode	0.0	1.0	0.0	0.0
-rna	0.0	0.942744122505	0.0572558774952	0.0
-rno	0.0	0.835365853659	0.164634146341	0.0
-zer	0.0	1.0	0.0	0.0
-lux	0.0961538461538	0.739010989011	0.137362637363	0.0274725274725
-hni	0.102161858849	0.705379004085	0.13006449978	0.0623946372868
-ura	0.404984423676	0.557632398754	0.0373831775701	0.0
-sda	0.0	1.0	0.0	0.0
-kya	0.522007514761	0.182769726248	0.0161030595813	0.27911969941
-jni	0.122290459922	0.779833574829	0.0269807909874	0.0708951742618
-hnu	0.501560173496	0.471250080922	0.0108758982327	0.016313847349
-uru	0.0650567974326	0.744510989461	0.137063569654	0.0533686434526
-pai	0.143208781512	0.702436373243	0.0119241784816	0.142430666764
-apa	0.0668414551171	0.455643622099	0.413395069318	0.0641198534661
-pan	0.0725267379679	0.746490641711	0.0180481283422	0.162934491979
-vau	0.0190114068441	0.30608365019	0.674904942966	0.0
-ʼos	0.655172413793	0.0626959247649	0.282131661442	0.0
-pax	0.689981096408	0.0567107750473	0.0113421550095	0.241965973535
-ʼom	0.164402976261	0.828510688556	0.0	0.00708633518367
-ʼok	0.864661654135	0.0	0.0	0.135338345865
-apu	0.110857771837	0.692979007784	0.117933799827	0.0782294205519
-pas	0.0645056198078	0.935494380192	0.0	0.0
-pat	0.405875378738	0.57436437887	0.00197602423922	0.0177842181531
-pau	0.736416704086	0.0480466995959	0.0	0.215536596318
-fat	0.0	1.0	0.0	0.0
-nun	0.298592483334	0.380752871097	0.209095902237	0.111558743332
-nuj	0.189655172414	0.275862068965	0.431034482759	0.103448275862
-nui	0.389813744302	0.445169086213	0.0646791086774	0.100338060808
-icó	0.0	1.0	0.0	0.0
-sur	0.00744416873449	0.401985111663	0.259305210918	0.331265508685
-ael	0.0113690194221	0.970156324017	0.0156324017054	0.00284225485552
-sun	0.403067301965	0.230643240024	0.330553901132	0.0357355568791
-omé	0.0151959457614	0.984804054239	0.0	0.0
-rón	0.0378794613094	0.950453353482	0.00700031112494	0.00466687408329
-sui	0.392252969228	0.258355591468	0.109025069297	0.240366370007
-nut	0.146198550664	0.431204999501	0.0453167946389	0.377279655196
-cvi	0.31605212532	0.34683515896	0.107738530481	0.229374185239
-zín	0.0	1.0	0.0	0.0
-fes	0.392705958971	0.534028003908	0.0439596222729	0.0293064148486
-kot	0.0287935692166	0.9415563023	0.0177900770903	0.0118600513935
-dio	0.0258064516129	0.961290322581	0.0129032258065	0.0
-aña	0.0	1.0	0.0	0.0
-nás	0.0190508901349	0.966285697458	0.00404109790741	0.0106223144995
-xch	0.184804928131	0.314168377823	0.357289527721	0.143737166324
-dis	0.0325407851183	0.916614238134	0.0406759813979	0.0101689953495
-mea	0.0	1.0	0.0	0.0
-ice	0.0156774916013	0.937290033595	0.0470324748041	0.0
-slh	0.439280892489	0.447736800966	0.0802956015064	0.032686705038
-sli	0.0	1.0	0.0	0.0
-arr	0.165048543689	0.669902912621	0.165048543689	0.0
-lta	0.0377358490566	0.943396226415	0.0	0.0188679245283
-elí	0.0364963503649	0.948905109489	0.0	0.014598540146
-vek	0.745346239762	0.205510052122	0.0491437081162	0.0
-klh	0.507348795252	0.296054835148	0.0647853314302	0.13181103817
-kli	0.4520183708	0.453710418177	0.0362581580855	0.0580130529368
-vak	0.691856677525	0.104234527687	0.130944625407	0.0729641693811
-tit	0.0154639175258	0.881443298969	0.103092783505	0.0
-ora	0.0146857254748	0.84256902291	0.0170354415508	0.125709810065
-tis	0.0242753959177	0.00489423304792	0.00180313849134	0.969027232543
-uvi	0.5	0.45652173913	0.0434782608696	0.0
-mvi	0.479141253964	0.152812712941	0.0850922428515	0.282953790243
-ulh	0.454153516436	0.260307715722	0.0434616746915	0.242077093151
-tin	0.0882268671521	0.776727064189	0.0111974547085	0.123848613951
-tio	0.177631578947	0.743421052632	0.0394736842105	0.0394736842105
-lón	0.00323519896474	0.778388870916	0.0	0.21837593012
-ʼex	0.0449685037404	0.896782139083	0.0238822364425	0.0343671207343
-tna	0.03125	0.880434782609	0.0801630434782	0.00815217391303
-jat	0.0	1.0	0.0	0.0
-jau	0.504818724185	0.279944928866	0.0596603946764	0.155575952272
-hma	0.636019469984	0.31400757166	0.0190805840995	0.0308923742563
-emo	0.0189573459715	0.938388625592	0.0284360189573	0.0142180094787
-osé	0.0264835132854	0.940339338203	0.0148424085446	0.0183347399668
-ʼeu	0.177061310782	0.53488372093	0.214059196617	0.0739957716702
-huʼ	0.0458487500399	0.036255419863	0.0332760621629	0.884619767934
-rug	0.0	1.0	0.0	0.0
-ʼen	0.0341973130683	0.75681910707	0.00732799565749	0.201655584204
-jan	0.193136272545	0.570766533066	0.157189378757	0.0789078156312
-oni	0.48786322191	0.222706377523	0.206356436145	0.0830739644222
-jai	0.36787999869	0.283827989389	0.0400288212754	0.308263190646
-cio	0.021867881549	0.964464692483	0.0136674259681	0.0
-ana	0.239716113247	0.0800696659925	0.0851887983668	0.595025422394
-cia	0.00262085032033	0.968549796156	0.0235876528829	0.00524170064065
-ʼas	0.325121674052	0.102683215975	0.168020409182	0.404174700791
-ser	0.0	1.0	0.0	0.0
-tni	0.31470220627	0.510860782379	0.0575904000392	0.116846611312
-mix	0.46511627907	0.0697674418605	0.428396572827	0.0367197062424
-zar	0.0	1.0	0.0	0.0
-xti	0.219327920613	0.40550293189	0.0532250789355	0.321944068561
-cis	0.0	1.0	0.0	0.0
-tuʼ	0.0616354855348	0.419304168425	0.011722230037	0.507338116003
-xta	0.229403892519	0.392656777814	0.26855569134	0.109383638327
-íso	0.131578947368	0.763157894737	0.0526315789474	0.0526315789474
-eta	0.00271960837639	0.980962741365	0.0	0.0163176502584
-xma	0.500423513468	0.0847026935456	0.098255124513	0.316618668474
-eti	0.0	0.886178861789	0.113821138211	0.0
-eto	0.0	1.0	0.0	0.0
-rco	0.164733977905	0.79957686649	0.00723070252957	0.0284584530751
-ico	0.0838548185231	0.820400500626	0.0600750938673	0.0356695869837
-oxa	0.0560747663551	0.88785046729	0.018691588785	0.0373831775701
-hch	0.464228555267	0.308536351524	0.0627143282802	0.164520764928
-lim	0.0	1.0	0.0	0.0
-uya	0.298062593144	0.534277198212	0.145305514158	0.0223546944859
-ías	0.0242366477176	0.942608162848	0.0119140824455	0.0212411069885
-oxi	0.134922948013	0.289300156654	0.500910779992	0.0748661153411
-hca	0.784615384615	0.153846153846	0.0307692307692	0.0307692307692
-ate	0.0614334470991	0.938566552901	0.0	0.0
-ata	0.184103566431	0.339861719369	0.0301502563208	0.445884457879
-amá	0.154444210969	0.845555789031	0.0	0.0
-ato	0.0363445462989	0.87168356015	0.0424019706821	0.0495699228688
-hcu	0.110853908381	0.798202414626	0.0784237061643	0.0125199708289
-ati	0.0725646713251	0.791175301585	0.007213241714	0.129046785376
-acu	0.0266806173162	0.953178132357	0.010986136542	0.00915511378498
-acs	0.106492922939	0.248932824085	0.0611098629521	0.583464390025
-ulo	0.0912863070539	0.827883817427	0.00448132780083	0.0763485477178
-hti	0.271393105694	0.0816689955186	0.0624222773911	0.584515621397
-niu	0.466806301233	0.282004737196	0.101916204664	0.149272756907
-nix	0.0987654320988	0.901234567901	0.0	0.0
-ula	0.500242377722	0.260070181898	0.100780137053	0.138907303327
-hta	0.649779205139	0.273946206343	0.0112404656764	0.0650341228422
-acx	0.324462870246	0.461749094486	0.0630709075108	0.150717127757
-osu	0.62874251497	0.266142637326	0.0846758495393	0.0204389981647
-lén	0.011145081203	0.979401114508	0.00260196448318	0.00685183980572
-nia	0.0126040664699	0.962585823742	0.0168496467544	0.0079604630336
-ena	0.0297973778308	0.937756588531	0.0165540987949	0.0158919348431
-aca	0.394150938999	0.358948284402	0.0612286799657	0.185672096633
-rbe	0.0101522842639	0.989847715736	0.0	0.0
-ave	0.0	0.94959193471	0.0504080652904	0.0
-nin	0.194724907496	0.48844675892	0.113725283435	0.203103050149
-nio	0.0	1.0	0.0	0.0
-kat	0.0881110701986	0.333188936299	0.0687474279278	0.509952565574
-aji	0.510378294633	0.310957036126	0.0949520169526	0.0837126522877
-aja	0.165874429943	0.726424257238	0.0428644020918	0.0648369107271
-nós	0.0	1.0	0.0	0.0
-ksi	0.284724977279	0.371489071206	0.0963867058917	0.247399245623
-nón	0.0	1.0	0.0	0.0
-ría	0.0318725099602	0.733067729084	0.227091633466	0.00796812749004
-ʼaj	0.617021276596	0.276595744681	0.0496453900709	0.0567375886524
-saú	0.0	1.0	0.0	0.0
-aju	0.515037286777	0.216249978693	0.042637663028	0.226075071503
-fia	0.0	1.0	0.0	0.0
-yui	0.0629921259842	0.842519685039	0.0	0.0944881889763
-vik	0.298701298701	0.701298701299	0.0	0.0
-ilu	0.397590361446	0.316265060241	0.276104417671	0.0100401606426
-vin	0.0464278295551	0.800204954924	0.0718283917962	0.0815388237249
-yun	0.0526095464325	0.704105374858	0.0265773615398	0.21670771717
-vic	0.111990667444	0.762019831681	0.0139988334305	0.111990667444
-lda	0.0192307692308	0.692307692308	0.288461538462	0.0
-hiʼ	0.312295720707	0.476387621921	0.0532557272065	0.158060930166
-vid	0.0114330549795	0.959648041249	0.00302639690635	0.0258925068654
-yux	0.00576923076923	0.994230769231	0.0	0.0
-fre	0.0383895131085	0.961610486891	0.0	0.0
-lia	0.0125865792806	0.756460862441	0.00111715200715	0.229835406271
-lem	0.0	0.981927710843	0.0180722891566	0.0
-ila	0.04561244525	0.921915118562	0.0279413985803	0.00453103760761
-ilo	0.0270880361174	0.940180586907	0.0169300225733	0.0158013544018
-ilh	0.55951748607	0.246640001585	0.0491412334552	0.14470127889
-viu	0.259044687849	0.143538215504	0.0518994598835	0.545517636764
-oam	0.0	1.0	0.0	0.0
-igo	0.131956385411	0.778831954362	0.0502700625088	0.0389415977181
-ebe	0.160714285714	0.839285714286	0.0	0.0
-ami	0.209914077991	0.358096497026	0.264111037673	0.16787838731
-feo	0.0	1.0	0.0	0.0
-amo	0.153629712999	0.822734946539	0.0	0.0236353404614
-ama	0.163818406016	0.726150158912	0.0278834297226	0.0821480053492
-oas	0.0	1.0	0.0	0.0
-yan	0.30987221919	0.46334914928	0.0685800223645	0.158198609166
-cʼu	0.360998258851	0.401044689495	0.171793383633	0.066163668021
-usi	0.214705882353	0.427450980392	0.33431372549	0.0235294117647
-iro	0.023642732049	0.959281961471	0.0144483362522	0.00262697022767
-lhi	0.391188346736	0.358385232512	0.0954281465929	0.154998274159
-hin	0.268902548638	0.365593318831	0.142489328999	0.223014803532
-usa	0.0416666666667	0.958333333333	0.0	0.0
-ira	0.0137221269297	0.975414522584	0.00171526586621	0.00914808461978
-mós	0.0	1.0	0.0	0.0
-tat	0.0576590569411	0.787284236439	0.0836874444412	0.071369262179
-agé	0.0629921259842	0.937007874016	0.0	0.0
-cʼa	0.187806498903	0.431055401864	0.255225367028	0.125912732206
-osa	0.304703476483	0.666666666667	0.0163599182004	0.0122699386503
-eis	0.025974025974	0.0779220779221	0.0	0.896103896104
-hiu	0.325142182638	0.12436956755	0.0193153771864	0.531172872626
-usu	0.25	0.7	0.05	0.0
-uza	0.0	1.0	0.0	0.0
-nit	0.196266871288	0.652314021441	0.0728339660335	0.0785851412378
-tiʼ	0.0860304005344	0.475738598251	0.0105262761018	0.427704725113
-aná	0.0	1.0	0.0	0.0
-ros	0.00949367088607	0.791139240506	0.0854430379746	0.113924050633
-jva	0.698008102633	0.281735313977	0.0	0.0202565833896
-bén	0.0	1.0	0.0	0.0
-oso	0.0	0.849372384937	0.150627615063	0.0
-cea	0.0	1.0	0.0	0.0
-xix	0.528301886792	0.0377358490566	0.283018867925	0.150943396226
-pia	0.0571428571429	0.828571428571	0.114285714286	0.0
-ius	0.0	0.7	0.3	0.0
-xiu	0.451410658307	0.335423197492	0.0815047021944	0.131661442006
-nuʼ	0.152757835083	0.181132668292	0.0303755267045	0.63573396992
-xin	0.226980430324	0.155445097153	0.483749869651	0.133824602871
-iud	0.0	1.0	0.0	0.0
-tés	0.0	1.0	0.0	0.0
-ace	0.0	0.943396226415	0.0566037735849	0.0
-uem	0.0555555555556	0.944444444444	0.0	0.0
-uel	0.0264453190914	0.968045239431	0.0055094414774	0.0
-ueo	0.0	0.964102564103	0.025641025641	0.0102564102564
-axa	0.672439330067	0.156659450837	0.0273441950552	0.14355702404
-uda	0.105263157895	0.868421052632	0.0	0.0263157894737
-lco	0.0397526501767	0.960247349823	0.0	0.0
-hpa	0.131229887764	0.822227454674	0.0114590691468	0.0350835884154
-tsi	0.314222584021	0.0950110477963	0.297709035934	0.293057332248
-ago	0.0	0.957716701903	0.0169133192389	0.0253699788583
-tsa	0.519810950994	0.214956385074	0.0626155429201	0.202617121012
-lás	0.0597014925373	0.940298507463	0.0	0.0
-htu	0.523996043521	0.0755291790307	0.0592680514342	0.341206726014
-kma	0.643456983325	0.270924921153	0.0643016561023	0.0213164394202
-rte	0.120910384068	0.512091038407	0.162162162162	0.204836415363
-ktu	0.715846994536	0.218579234973	0.0655737704918	0.0
-ʼoʼ	0.113924050633	0.772151898734	0.113924050633	0.0
-aín	0.0	0.990163934426	0.0	0.00983606557376
-rta	0.027195027195	0.837606837607	0.0	0.135198135198
-anu	0.622538844061	0.16096155037	0.0304371589113	0.186062446658
-ona	0.127015857761	0.824161460836	0.0392119173474	0.00961076405576
-ego	0.0326025659101	0.767323417454	0.192143662766	0.00793035387001
-ono	0.0	0.876817792985	0.123182207015	0.0
-rto	0.0201342281879	0.854586129754	0.125279642058	0.0
-das	0.0642416867602	0.868515346342	0.00157209911983	0.0656708677784
-dam	0.0	1.0	0.0	0.0
-onu	0.604576475311	0.238859895624	0.144520272983	0.0120433560819
-paʼ	0.0617050102897	0.80716930881	0.0460490464862	0.0850766344136
-kta	0.472041299826	0.272753217508	0.0852190094922	0.169986473173
-rge	0.0	1.0	0.0	0.0
-ani	0.240987232134	0.108588886894	0.0246727730971	0.625751107875
-ach	0.430862289911	0.224438071474	0.0755592735328	0.269140365083
-dab	0.0	1.0	0.0	0.0
-ano	0.135874067937	0.650372825186	0.156586578293	0.0571665285832
-liʼ	0.072798846394	0.403612050468	0.30771954341	0.215869559727
-tam	0.0696553752495	0.097025072077	0.0539597955543	0.779359757119
