-yer	0.853979496738	0.0654986020503	0.018788443616	0.0617334575956
-tɔn	0.04	0.96	0.0	0.0
-eus	0.047619047619	0.952380952381	0.0	0.0
-tɔl	0.131567632643	0.772121420586	0.073666408691	0.0226445380801
-tɔs	0.0190149931712	0.97116059369	0.00760599726847	0.00221841586998
-tɔr	0.186250438443	0.5927744651	0.0273588214661	0.193616274991
-ŋɔŋ	0.0185708913862	0.0420520217057	0.0188271039763	0.920549982932
-ufu	0.315699658703	0.564846416382	0.0682593856655	0.0511945392491
-ǝfȧ	0.0289855072464	0.942028985507	0.0144927536232	0.0144927536232
-oya	0.0761820677115	0.856683304632	0.046766960672	0.0203676669843
-oyo	0.254368932039	0.710679611651	0.0349514563107	0.0
-snɛ	0.536414565826	0.22115297732	0.0996656727207	0.142766784133
-yem	0.140248236645	0.412597736344	0.405817704631	0.0413363223796
--əŋ	0.0768254510667	0.839533936885	0.0235971581818	0.0600434538666
-ufi	0.0513307984791	0.121673003802	0.747148288973	0.0798479087452
-ɛŋȧ	0.085308056872	0.631911532386	0.282780410742	0.0
-ənȧ	0.189426067289	0.444444444444	0.281311846197	0.0848176420695
-ənə	0.156760983933	0.450270154984	0.373773638561	0.0191952225224
-ənɛ	0.520755188797	0.278444611153	0.124781195299	0.0760190047512
-ənɔ	0.678571428571	0.125	0.0714285714285	0.125
-i-a	0.483833268407	0.280093494351	0.0280483054149	0.208024931827
-i-e	0.259569262888	0.215894776367	0.0942985011429	0.430237459602
-tɔm	0.15	0.794444444445	0.0333333333333	0.0222222222222
-i-i	0.289641523085	0.341640704233	0.0675474707529	0.301170301928
-i-o	0.196525677065	0.633948045619	0.0559540718993	0.113572205416
-bɛd	0.558823529412	0.441176470588	0.0	0.0
-ɛnɛ	0.451539050651	0.168039106197	0.101091377529	0.279330465623
-yaŋ	0.0372606419393	0.197047835753	0.0253131132684	0.740378409039
-erȧ	0.134137428052	0.634413090666	0.0743028886292	0.157146592653
-idi	0.0	1.0	0.0	0.0
-bɔr	0.108843537415	0.87074829932	0.0126336248785	0.00777453838677
-ida	0.0	0.9875	0.0	0.0125
-ǝki	0.813131313131	0.0252525252525	0.161616161616	0.0
-uta	0.764192139738	0.183406113537	0.0	0.0524017467249
-ute	0.178217821782	0.346534653465	0.29702970297	0.178217821782
-ǝka	0.270237078172	0.596139470312	0.0459739427595	0.0876495087569
-uti	0.739758904707	0.225549555447	0.0216003927344	0.0130911471118
-hɔk	0.285416666667	0.422916666667	0.291666666667	0.0
-hɔi	0.613776039588	0.350307287094	0.0271370420624	0.00877963125548
-hɔf	0.0579214376306	0.856826423251	0.015094407031	0.0701577320877
-erɔ	0.219550444328	0.764767381077	0.0	0.0156821745949
-hɔy	0.464890035227	0.400088283407	0.116326371639	0.0186953097276
-hɔs	0.221948212084	0.533908754624	0.244143033292	0.0
-yȧŋ	0.0331359557516	0.0760137452854	0.00643865592168	0.884411643041
-tɔŋ	0.0479913472317	0.147843791746	0.0215781990352	0.782586661987
-ikɛ	0.535772547192	0.405499883477	0.047541365649	0.0111862036821
-ɔwe	0.0397321244839	0.113404918044	0.000436655360472	0.846426302111
-ɔwa	0.0113316339912	0.0103507361335	0.00109479865976	0.977222831216
-ȧpa	0.306976744186	0.404651162791	0.190697674419	0.0976744186047
-ȧpi	0.881355932203	0.0169491525424	0.0338983050847	0.0677966101695
-hkɔ	0.0	0.844827586207	0.155172413793	0.0
-yas	0.177907203823	0.682749193002	0.0809870076163	0.0583565955589
-dǝs	0.333333333333	0.575757575758	0.0909090909091	0.0
-yay	0.164982689183	0.263672013001	0.513936974493	0.0574083233237
-hkɛ	0.174887892377	0.206278026906	0.547085201794	0.0717488789237
-yao	0.124725061457	0.166472592401	0.0511062233148	0.657696122827
-yan	0.03125	0.75	0.21875	0.0
-yai	0.364311281983	0.228423704097	0.38181095055	0.02545406337
-yak	0.835071707953	0.0837679269882	0.0664928292047	0.014667535854
-hɔŋ	0.235220725845	0.114271035925	0.0483651976074	0.602143040622
-ɔya	0.0399546613772	0.486823462737	0.00170019835647	0.471521677529
-ɔyr	0.0697211155378	0.930278884462	0.0	0.0
-ȧba	0.0	0.913043478261	0.0	0.0869565217391
-ȧbi	0.122974891097	0.591523501868	0.0195862496533	0.265915357382
-ȧbo	0.137931034483	0.862068965517	0.0	0.0
-adi	0.178752107926	0.742833052277	0.0556492411467	0.0227655986509
-sel	0.62261662211	0.236235587851	0.0637726560752	0.0773751339638
-sek	0.486982424286	0.464620559528	0.0336369303373	0.0147600858495
-fla	0.532994923858	0.213197969543	0.253807106599	0.0
-sef	0.247422680412	0.690721649485	0.0309278350515	0.0309278350515
-ɛna	0.206313108342	0.0601291731101	0.0229236787046	0.710634039844
-təŋ	0.330877427997	0.110515740121	0.0160750167448	0.542531815137
-ɛns	0.759769540155	0.0945703522953	0.00461378202602	0.141046325524
-set	0.372727272727	0.572727272727	0.0	0.0545454545455
-ses	0.010582010582	0.989417989418	0.0	0.0
-ser	0.152777777778	0.819444444445	0.0138888888889	0.0138888888889
-ɛnt	0.726227278348	0.178063558798	0.0430320267095	0.0526771361444
-roŋ	0.0648937707761	0.767090620032	0.0178494002023	0.15016620899
-əns	0.386744907924	0.555446079799	0.0180489676339	0.0397600446429
-ənt	0.1138550018	0.813035104932	0.053625946003	0.019483947265
-toŋ	0.16047509361	0.582764756613	0.128380074888	0.128380074888
-ɛŋi	0.120437956204	0.835766423358	0.00729927007301	0.036496350365
-ɛŋk	0.0485320551228	0.340922708208	0.0916716596765	0.518873576992
-ənk	0.926210978845	0.0404944530831	0.016222608423	0.0170719596493
-ɛŋa	0.783593514199	0.117268685836	0.0840462784352	0.0150915215292
-əna	0.0657276995305	0.924882629108	0.0093896713615	0.0
-ǝkȧ	0.13986013986	0.546953046953	0.0134865134865	0.2997002997
-ras	0.0795406240769	0.0944544910913	0.0849441990821	0.74106068575
-ran	0.0446428571429	0.642857142857	0.285714285714	0.0267857142857
-eri	0.317704393719	0.587790630356	0.0504695008477	0.0440354750774
-ram	0.69794925196	0.260022980882	0.0120871414782	0.0299406256798
-rak	0.0146163215591	0.952496954933	0.0328867235079	0.0
-ero	0.0300751879699	0.96992481203	0.0	0.0
-raf	0.92132505176	0.0745341614906	0.00414078674948	0.0
-era	0.723407659783	0.0889780117984	0.123058952747	0.0645553756715
-ere	0.119926199262	0.243542435424	0.40405904059	0.232472324723
-kȧŋ	0.0281346005282	0.191229047268	0.0180018325219	0.762634519682
-iɔs	0.0393417330933	0.945230136282	0.00154281306248	0.0138853175624
-ǝkɛ	0.765080922021	0.098087297695	0.0514958312898	0.0853359489946
-iɔm	0.0	1.0	0.0	0.0
-iɔk	0.00237529691211	0.990498812352	0.00237529691212	0.00475059382423
-ǝkɔ	0.762214983713	0.135179153094	0.0	0.102605863192
-ika	0.0752810028216	0.82434432675	0.0938988852398	0.00647578518896
-iko	0.106617647059	0.871323529412	0.0147058823529	0.00735294117647
-nos	0.0384615384615	0.961538461538	0.0	0.0
-iki	0.0685575805104	0.798550343963	0.0794279191445	0.0534641563821
-now	0.0779220779221	0.87012987013	0.025974025974	0.025974025974
-iks	0.0232815964524	0.890243902439	0.0764966740576	0.009977827051
-noa	0.0	0.994219653179	0.0	0.00578034682081
-ǝyɔ	0.639127940333	0.0562248995983	0.10843373494	0.196213425129
-tol	0.102629890956	0.871712636305	0.0256574727389	0.0
-tok	0.124509254066	0.801458216489	0.0235558048233	0.0504767246214
-don	0.0	0.978632478633	0.0	0.0213675213675
-tor	0.044263642687	0.579495394473	0.367388234302	0.0088527285374
-seŋ	0.0	0.05	0.95	0.0
-ros	0.0	0.985182492677	0.0148175073232	0.0
-təl	0.931460397547	0.0526832677285	0.00338833196124	0.0124680027636
-tən	0.0827783063749	0.87297811608	0.0442435775452	0.0
-tək	0.0424674083023	0.913012221423	0.00939026288289	0.0351301073914
-ɔda	0.125	0.8125	0.0	0.0625
-təp	0.498917694571	0.215559825457	0.063537539744	0.221984940229
-tər	0.412583925693	0.282651298167	0.0442965316511	0.260468244489
-təs	0.672762367175	0.2318223425	0.0376089465515	0.0578063437737
-rom	0.0131155085136	0.803497468937	0.179475379659	0.00391164289001
-ɔwɔ	0.714285714286	0.171428571429	0.114285714286	0.0
-lpɛ	0.473804100228	0.323462414579	0.0660592255125	0.136674259681
-sap	0.742153846154	0.175692307692	0.036	0.0461538461539
-hka	0.274953506242	0.695090036416	0.0152566344087	0.0146998229339
-hki	0.0815205082665	0.828030944179	0.0358790363916	0.0545695111631
-ȧpɛ	0.50067294751	0.418573351279	0.0807537012113	0.0
-tia	0.454242928453	0.456814400242	0.0397065496899	0.0492361216155
-kȧl	0.0928249602364	0.0665950454134	0.035987294736	0.804592699614
-kȧa	0.631578947368	0.19298245614	0.140350877193	0.0350877192982
-ɔyɔ	0.0781758957654	0.495114006515	0.377850162867	0.0488599348534
-ȧpȧ	0.486725663717	0.238938053097	0.212389380531	0.0619469026549
-kȧt	0.450958286359	0.379932356257	0.0676437429538	0.101465614431
-ɔyɛ	0.315042573321	0.208136234626	0.305581835383	0.17123935667
-ilo	0.161764705882	0.757352941177	0.0588235294117	0.0220588235294
-raŋ	0.420764412701	0.177802928585	0.267024245534	0.134408413179
-hya	0.0	0.991304347826	0.00869565217391	0.0
-lei	0.468531468531	0.328671328671	0.0769230769231	0.125874125874
-lek	0.030273324876	0.890343289893	0.0470918386961	0.0322915465344
-lel	0.239806455655	0.311652733873	0.338702604556	0.109838205916
-lem	0.0526315789473	0.859649122807	0.0	0.0877192982456
-mɔr	0.185806451613	0.698064516129	0.116129032258	0.0
-mɔs	0.032337089662	0.94316511514	0.00391964723175	0.0205781479667
-mɔp	0.570201342282	0.207516778523	0.0869798657718	0.135302013423
-mun	0.538598033008	0.287110359678	0.0725590597949	0.10173254752
-ley	0.25641025641	0.435897435897	0.294871794872	0.0128205128205
-mɔn	0.00276249271557	0.995580011655	0.000552498543113	0.00110499708623
-mɔl	0.17445935799	0.571115978293	0.160388209771	0.0940364539458
-mɔm	0.0	1.0	0.0	0.0
-les	0.0	1.0	0.0	0.0
-let	0.031432748538	0.879385964912	0.0760233918129	0.0131578947368
-ɛ-e	0.373151852186	0.314620879858	0.0848221970326	0.227405070924
-ȧrȧ	0.888486311901	0.04823297169	0.0218459722727	0.0414347441365
-lok	0.303526734926	0.214789533561	0.398407281001	0.0832764505119
-pen	0.0625	0.90625	0.0	0.03125
-pet	0.0346247458174	0.851931788042	0.0797756431926	0.0336678229485
-əlȧ	0.962596957632	0.0271719302698	0.00475865678981	0.00547245530828
-mrȧ	0.439944134078	0.33938547486	0.128491620112	0.0921787709497
-esi	0.184409687185	0.769677093845	0.039858728557	0.00605449041372
-ith	0.46471668853	0.208352324521	0.2940044356	0.0329265513485
-iti	0.165740825061	0.668518349877	0.165740825062	0.0
-esa	0.282097024803	0.235253496001	0.46532773206	0.017321747137
-ita	0.00542802216443	0.994571977836	0.0	0.0
-spa	0.056338028169	0.888888888889	0.0516431924883	0.00312989045383
-ɛya	0.299319727891	0.409863945578	0.0561224489796	0.234693877551
-ɛye	0.113261252368	0.0484496159991	0.00857252598199	0.829716605651
-fak	0.614793619678	0.251750794378	0.0690516464582	0.0644039394849
-ɛyi	0.264957264957	0.376068376068	0.179487179487	0.179487179487
-fai	0.622741764081	0.350159404888	0.0175345377258	0.00956429330498
-fan	0.0	1.0	0.0	0.0
-fal	0.581481481482	0.277777777778	0.0592592592593	0.0814814814815
-fas	0.253880660472	0.59609894925	0.129612758241	0.0204076320379
-uda	0.0155336051177	0.806538938752	0.144185371985	0.0337420841457
-fat	0.179424106497	0.208074084792	0.0264795253943	0.586022283316
-fay	0.317269076305	0.604417670683	0.0602409638554	0.0180722891566
-uth	0.0993440230934	0.80110666494	0.0424474223613	0.0571018896051
-rim	0.0552861184695	0.861284301844	0.017691937362	0.0657376423241
-nɛl	0.0996346728662	0.823978744603	0.0763865825307	0.0
-nɛn	0.0217391304348	0.940217391304	0.0163043478261	0.0217391304348
-nɛp	0.179104477612	0.746268656716	0.0	0.0746268656716
-nɛs	0.845280764636	0.0313620071685	0.109020310633	0.0143369175627
-ərȧ	0.38374717833	0.489841986456	0.0993227990971	0.0270880361174
-maŋ	0.171876774222	0.0530847375273	0.00652253708207	0.768515951168
-mrɔ	0.525445292621	0.162425784563	0.125954198473	0.186174724343
-əlɛ	0.764627304301	0.107934811648	0.0745391397275	0.0528987443227
-kra	0.309462915601	0.552429667519	0.0997442455243	0.0383631713555
-kri	0.383333333333	0.508333333333	0.108333333333	0.0
-eɛl	0.0221606648199	0.822714681441	0.146814404432	0.00831024930748
-leŋ	0.307759614677	0.621096273521	0.0358173804247	0.0353267313779
-mɔŋ	0.0521982321256	0.0326112746162	0.0359430766668	0.879247416591
-uri	0.0327868852459	0.918032786885	0.0491803278688	0.0
-ǝba	0.464788732394	0.259154929577	0.0169014084507	0.259154929577
-ura	0.469534050179	0.256944444445	0.0463709677419	0.227150537634
-usȧ	0.333333333333	0.259259259259	0.407407407407	0.0
-ure	0.162969283276	0.737201365188	0.0870307167235	0.0127986348123
-iɛn	0.25352112676	0.676056338028	0.0704225352112	0.0
-iɛl	0.0	1.0	0.0	0.0
-uru	0.00786174817246	0.973694222471	0.0058102774074	0.0126337519495
-ara	0.144978505512	0.429028001546	0.0333547288188	0.392638764124
-epȧ	0.237288135593	0.728813559322	0.0338983050847	0.0
-ǝdi	0.411111428327	0.286835869472	0.011419761898	0.290632940303
-ksȧ	0.416569428238	0.329054842474	0.208868144691	0.0455075845975
-ǝbo	0.0168444693993	0.983155530601	0.0	0.0
-kmɛ	0.0	0.988819875776	0.0111801242236	0.0
-ɔhɛ	0.527777777778	0.25	0.0555555555556	0.166666666667
-enɛ	0.330824329246	0.522277528226	0.0722350370281	0.0746631054996
-enɔ	0.18	0.18	0.6	0.04
-rmɛ	0.563636363636	0.266666666667	0.0424242424242	0.127272727273
-tǝp	0.598983050847	0.180338983051	0.0237288135593	0.196949152542
-klo	0.432098765432	0.444444444444	0.0	0.123456790123
-kli	0.722152913919	0.147389057209	0.0171092496881	0.113348779184
-kla	0.456532841714	0.452721135042	0.015446131616	0.0752998916279
-nɛŋ	0.230226687848	0.0790418013024	0.00643091306839	0.684300597781
-ɛni	0.225253664036	0.670574971815	0.104171364149	0.0
-ksɛ	0.151562993369	0.782128197032	0.0189453741711	0.0473634354278
-kai	0.128048780488	0.826219512195	0.0457317073171	0.0
-ȧru	0.00105958143065	0.981112803323	0.0118233204728	0.00600429477366
-ȧre	0.789473684211	0.105263157895	0.105263157895	0.0
-ȧri	0.402234636871	0.586592178771	0.0111731843576	0.0
-ȧro	0.0502100625064	0.795060969362	0.119889332923	0.0348396352085
-ŋal	0.786590038314	0.117816091954	0.0471264367816	0.0484674329502
-d-a	0.0357142857143	0.928571428571	0.0	0.0357142857143
-d-o	0.0	1.0	0.0	0.0
-d-e	0.0589171974522	0.87898089172	0.0334394904458	0.0286624203821
-ŋas	0.550616866655	0.145174919723	0.261619063715	0.042589149907
-ŋar	0.636036036036	0.167567567567	0.185585585586	0.0108108108108
-ŋap	0.668508287293	0.149171270718	0.165745856354	0.0165745856354
-ŋat	0.536576889661	0.0396177237185	0.0521285838401	0.37167680278
-əri	0.379385015158	0.342572542226	0.0831528800347	0.194889562581
-ɛyɛ	0.0916760802034	0.114233267439	0.0223100818978	0.77178057046
-əre	0.195979899497	0.592964824121	0.0829145728643	0.128140703518
-əra	0.233788058521	0.643139580862	0.0682087781732	0.0548635824437
-kəs	0.66684538975	0.249279058007	0.0286580481507	0.0552175040925
-kər	0.628464458426	0.26140086319	0.0501273984712	0.0600072799126
-itɛ	0.163461538462	0.144230769231	0.576923076923	0.115384615385
-kət	0.12389380531	0.823008849558	0.0353982300885	0.0176991150442
-p-o	0.101178382771	0.683868346201	0.213327915482	0.00162535554652
-p-i	0.519230769231	0.346153846154	0.0961538461538	0.0384615384615
-p-e	0.284057459084	0.468621217473	0.102496173319	0.144825150124
-kəl	0.134981458591	0.753770086527	0.0845488257107	0.0266996291719
-mra	0.453300953578	0.44534978575	0.0528265088935	0.0485227517792
-əla	0.490356709482	0.28904148656	0.0400382488299	0.180563555128
-tɛŋ	0.0501222493888	0.828850855746	0.0843520782396	0.0366748166259
-yud	0.0	0.989690721649	0.0103092783505	0.0
-əli	0.280842323879	0.125391395567	0.121348078475	0.472418202079
-alȧ	0.649146078594	0.116232797214	0.151716133311	0.0829049908804
-yus	0.0134228187919	0.986577181208	0.0	0.0
-esȧ	0.263157894737	0.701754385965	0.0	0.0350877192983
-bup	0.444444444444	0.407407407407	0.148148148148	0.0
-fri	0.140931372549	0.557598039216	0.1875	0.113970588235
-nɔi	0.635955972279	0.156135344476	0.0244598450877	0.183448838157
-nɔk	0.0487804878049	0.951219512195	0.0	0.0
-taŋ	0.0780470070061	0.447719829423	0.00953609860326	0.464697064968
-nɔy	0.659345614038	0.04533900279	0.00244895683606	0.292866426336
-nɔs	0.0125786163522	0.937106918239	0.0125786163522	0.0377358490567
-lŋa	0.423728813559	0.389830508475	0.152542372881	0.0338983050847
-nɔt	0.887096774194	0.0645161290322	0.0	0.0483870967742
-ɛte	0.115618661258	0.342799188641	0.468559837728	0.0730223123733
-usi	0.159451518119	0.805288932419	0.0129285014692	0.0223310479922
-ǝfu	0.217434578858	0.335503670219	0.412225770331	0.0348359805914
-usa	0.0	1.0	0.0	0.0
-rnɛ	0.455158696872	0.310057394313	0.112066844562	0.122717064253
-ǝfi	0.193873655459	0.673413805725	0.0876091670831	0.0451033717329
-l-e	0.418141895634	0.409388255071	0.124033255364	0.0484365939314
-epa	0.713983690728	0.208396254908	0.0141951072183	0.0634249471459
-l-i	0.306024096386	0.575903614458	0.0759036144578	0.0421686746988
-epi	0.0255590274492	0.0128459040103	0.0020685640756	0.959526504465
-a-i	0.304303866648	0.533214920071	0.0724689165186	0.0900122967618
-a-o	0.0698695583029	0.731225415219	0.117546703025	0.0813583234534
-a-a	0.225903614458	0.487951807229	0.216319824754	0.0698247535597
-tnɛ	0.517712181365	0.280050907427	0.113775033638	0.0884618775692
-a-e	0.198073316007	0.276249161878	0.0687445866247	0.45693293549
-pǝl	0.156996587031	0.761092150171	0.0409556313993	0.0409556313993
-h-e	0.288736363938	0.528316588746	0.109917437581	0.0730296097351
-wik	0.0289156626506	0.826506024096	0.0867469879518	0.0578313253012
-ius	0.0	0.929824561404	0.0526315789474	0.0175438596491
-h-o	0.296948597174	0.456891255376	0.229776776572	0.0163833708786
-h-i	0.174981384959	0.540953090097	0.246463142219	0.0376023827253
-m-o	0.152209196254	0.498348596112	0.186286459594	0.16315574804
-m-i	0.195020149683	0.439982728843	0.145365572827	0.219631548647
-m-e	0.237626588771	0.515510810535	0.131385689237	0.115476911457
-wit	0.039603960396	0.940594059406	0.019801980198	0.0
-m-a	0.583873957368	0.329626197096	0.0	0.086499845536
-iud	0.0	1.0	0.0	0.0
-pǝr	0.636382031566	0.339336301093	0.0182112505059	0.00607041683528
-pǝs	0.47577092511	0.433920704846	0.0198237885462	0.0704845814978
-urɔ	0.362233196272	0.0869888629461	0.0232659049115	0.52751203587
-kəŋ	0.222737819026	0.548337200309	0.122196442382	0.106728538283
-ŋpa	0.290532985464	0.401323145732	0.0259970182631	0.28214685054
-klȧ	0.139072847682	0.82119205298	0.0	0.0397350993377
-bǝp	0.952	0.0192	0.0144	0.0144
-bǝk	0.575445082206	0.165774880825	0.09534001362	0.163440023349
-bǝl	0.277185501066	0.386993603412	0.2078891258	0.127931769723
-bǝm	0.931818181818	0.0681818181818	0.0	0.0
-ksa	0.620687447993	0.352557127312	0.01049734366	0.0162580810344
-tam	0.644218551461	0.315120711563	0.00508259212198	0.0355781448538
-nɔŋ	0.155949690268	0.349719800228	0.184434086963	0.309896422541
-tai	0.303921568627	0.107843137255	0.0294117647059	0.558823529412
-ȧdi	0.3	0.566666666667	0.1	0.0333333333333
-ksi	0.673913043478	0.150103519669	0.0455486542443	0.130434782609
-tay	0.175152749491	0.421588594705	0.317718940937	0.0855397148676
-tap	0.869074492099	0.11177235105	0.0	0.0191531568507
-tar	0.131638738995	0.761005396194	0.0879011644419	0.0194547003692
-tas	0.446139180172	0.553860819828	0.0	0.0
-tɛf	0.4	0.328125	0.24375	0.028125
-klɛ	0.536637931034	0.174568965517	0.25	0.0387931034483
-ent	0.0678166369471	0.767518217823	0.0272173793768	0.137447765853
-enu	0.758620689655	0.103448275862	0.0344827586207	0.103448275862
-ɔfu	0.0758843879031	0.0789718409404	0.446378752371	0.398765018785
-tɛl	0.0791208791208	0.907692307692	0.0	0.0131868131868
-ens	0.68115942029	0.239130434783	0.0652173913043	0.0144927536232
-tɛp	0.531901713814	0.401817055544	0.0470782572786	0.0192029733636
-rma	0.0	1.0	0.0	0.0
-hȧm	0.747747747748	0.144144144144	0.054054054054	0.0540540540541
-enk	0.171664943123	0.476732161324	0.167528438469	0.184074457084
-end	0.833333333333	0.0799999999999	0.0866666666666	0.0
-ena	0.0350713116671	0.902501753566	0.0542436287117	0.00818330605566
-hey	0.330959577847	0.363491982171	0.292023156924	0.0135252830575
-lɔs	0.0739336492891	0.880568720379	0.0322274881517	0.0132701421801
-her	0.0566037735849	0.915094339623	0.0	0.0283018867925
-lɔt	0.0	1.0	0.0	0.0
-u-e	0.0687384089451	0.377382713455	0.0270232988214	0.526855578778
-hem	0.23950617284	0.481481481481	0.158024691358	0.120987654321
-lɔi	0.0	0.980582524272	0.0	0.0194174757282
-u-a	0.349364791288	0.40692247861	0.0298159191081	0.213896810993
-lɔn	0.0201501791127	0.96706220722	0.00968758611184	0.00310002755581
-lɔm	0.0432000101674	0.16430315708	0.141250914685	0.651245918068
-lɔl	0.087790420723	0.310533310304	0.53150168925	0.0701745797227
-nlɛ	0.0151912451044	0.138615620717	0.103453398707	0.742739735471
-u-i	0.210649256017	0.443316889873	0.0323874050646	0.313646449046
-rɔŋ	0.0843668112077	0.421936187969	0.042486883342	0.451210117481
-nsa	0.591195163541	0.0880793675399	0.0370795225547	0.283645946365
-kɔŋ	0.0150925282044	0.0118882683703	0.021384951502	0.951634251923
-put	0.501298701299	0.272727272727	0.132467532467	0.0935064935065
-pus	0.520325203252	0.211382113821	0.0487804878049	0.219512195122
-ɛȧŋ	0.38009550907	0.0729892862134	0.0146190580411	0.532296146676
-knɛ	0.429565990224	0.331457068089	0.188021527675	0.0509554140127
-y-e	0.0692918927802	0.0573101401671	0.0100710206895	0.863326946363
-ɔkɔ	0.0492700291564	0.559979140454	0.153700992056	0.237049838333
-y-i	0.224071702945	0.537772087068	0.180537772087	0.0576184379001
-nəŋ	0.666666666667	0.0526315789474	0.210526315789	0.0701754385965
-y-o	0.117276767564	0.653216874395	0.180436580818	0.0490697772232
-inɛ	0.453379812358	0.236469731722	0.0508050507302	0.25934540519
-inɔ	0.0885949622487	0.241201823804	0.544869617462	0.125333596485
-əma	0.381964063736	0.358006554413	0.114476212001	0.14555316985
-msa	0.620415879017	0.234404536862	0.104347826087	0.040831758034
-mbɔ	0.117647058824	0.803921568627	0.0	0.078431372549
-əmi	0.818897637795	0.133858267717	0.0157480314961	0.0314960629921
-msi	0.824288425047	0.105882352941	0.0516129032258	0.0182163187856
-əmp	0.125560538117	0.633183856502	0.0529147982063	0.188340807175
-der	0.910772068922	0.0524851751314	0.00412558304635	0.0326171728998
-bip	0.808482728465	0.112811543507	0.019676432007	0.059029296021
-hǝs	0.679210893106	0.0956363246489	0.120081483864	0.105071298381
-bid	0.0	0.998703543647	0.00129645635264	0.0
-bia	0.948905109489	0.014598540146	0.0	0.036496350365
-bil	0.100164541341	0.884121760592	0.00436034553681	0.0113533525298
-bim	0.0852272727273	0.8125	0.0	0.102272727273
-ȧsu	0.00438735039135	0.0126531185287	0.00115826050332	0.981801270577
-ȧsi	0.375668449198	0.525401069519	0.0347593582887	0.0641711229946
-ȧtȧ	0.0585270023944	0.102526723809	0.0176997951435	0.821246478653
-met	0.0355853194144	0.898168209573	0.0253430503578	0.0409034206552
-rɔs	0.0179661016949	0.950508474576	0.0233898305085	0.00813559322034
-mes	0.179787623581	0.75027462468	0.0296594653973	0.040278286342
-mer	0.238121245221	0.646095030038	0.0567995630803	0.0589841616603
-lus	0.0197368421053	0.921052631579	0.0394736842105	0.0197368421052
-luk	0.220725388601	0.695336787565	0.0528497409326	0.0310880829016
-iəŋ	0.273570324575	0.437403400309	0.157650695518	0.131375579598
-mek	0.0	1.0	0.0	0.0
-yda	0.0	1.0	0.0	0.0
-rɔd	0.00625782227785	0.968710888611	0.0250312891114	0.0
-aya	0.162607295015	0.656795409063	0.0131787215943	0.167418574327
-kɔr	0.0428573941907	0.944580955788	0.00591136471596	0.00665028530545
-kɔs	0.165379042215	0.760212390169	0.0729684017903	0.00144016582481
-ǝyi	0.584686774942	0.172853828306	0.062645011601	0.179814385151
-ayl	0.165206508135	0.677096370463	0.0675844806007	0.090112640801
-rɔn	0.0062893081761	0.993710691824	0.0	0.0
-ayi	0.197709923664	0.615776081425	0.0837150127226	0.102798982188
-rɔk	0.410066617321	0.554897606711	0.0202319269677	0.0148038490007
-ayt	0.0	1.0	0.0	0.0
-kɔb	0.0	0.992277992278	0.0	0.00772200772201
-kɔm	0.0750500370975	0.185697627893	0.139872907202	0.599379427807
-kɔn	0.0756843745068	0.209762759321	0.00813220145899	0.706420664713
-rɔy	0.0980392156863	0.294117647059	0.0	0.607843137255
-ahɔ	0.0446027566982	0.0457642868205	0.00882762892985	0.900805327552
-kɔk	0.0	1.0	0.0	0.0
-əpɛ	0.323997803405	0.459637561779	0.0988467874794	0.117517847337
-lɔŋ	0.0827586206896	0.311448275862	0.501848275862	0.103944827586
-ubi	0.0	0.118644067797	0.881355932203	0.0
-heŋ	0.333333333333	0.373333333333	0.16	0.133333333333
-uba	0.615156557253	0.259476629859	0.0996520949932	0.0257147178944
-nək	0.0714285714285	0.285714285714	0.392857142857	0.25
-əsu	0.33	0.15	0.26	0.26
-əsi	0.399176062446	0.151994796184	0.136600173461	0.31222896791
-əsa	0.826086956522	0.130434782609	0.0	0.0434782608696
-ako	0.0861717612809	0.204657933042	0.0483260553129	0.660844250364
-lfɔ	0.0367892976588	0.94983277592	0.00668896321072	0.00668896321072
-aki	0.234439611975	0.426330793855	0.194790663281	0.144438930889
-ake	0.0281128357922	0.0433466288625	0.033479103593	0.895061431752
-nɔn	0.0	0.935483870968	0.0645161290323	0.0
-aka	0.31791508457	0.640662754574	0.015533310321	0.0258888505351
-ȧfȧ	0.0253929866989	0.965797201589	0.00103644843669	0.00777336327518
-mpɛ	0.116751269036	0.883248730964	0.0	0.0
-mpɔ	0.812673487192	0.0984614164486	0.0097549369498	0.0791101594099
-aks	0.194805194805	0.701298701299	0.0779220779221	0.025974025974
-bȧp	0.184966520268	0.551371589027	0.101951184391	0.161710706314
-yna	0.0	1.0	0.0	0.0
-biŋ	0.446904185403	0.501072293324	0.0253199584919	0.026703562781
-bȧl	0.641848002598	0.10035725885	0.00974342318935	0.248051315362
-deŋ	0.669926650367	0.189486552567	0.0488997555012	0.0916870415648
-rli	0.0	0.980582524272	0.0	0.0194174757282
-luŋ	0.707661290323	0.197580645161	0.0645161290322	0.0302419354839
-upi	0.493925803031	0.46810833719	0.0187981169424	0.0191677428373
-oas	0.0	1.0	0.0	0.0
-ȧ-a	0.105263157895	0.0	0.842105263158	0.0526315789474
-ȧ-e	0.428532435629	0.289236648167	0.2287325994	0.0534983168047
-ȧ-i	0.0528813559322	0.841355932203	0.0	0.105762711864
-ȧ-o	0.193750852777	0.705280392959	0.100968754264	0.0
-kɛŋ	0.189135424637	0.646059678653	0.120964039786	0.0438408569242
-pti	0.512195121951	0.121951219512	0.109756097561	0.256097560976
-tra	0.0	1.0	0.0	0.0
-nli	0.0	0.964285714286	0.0357142857143	0.0
-ǝmp	0.0729483282675	0.765957446809	0.133738601824	0.0273556231003
-ini	0.0112391121101	0.976397864569	0.0123630233211	0.0
-ina	0.022621874417	0.825825089886	0.0498801705762	0.101672865121
-ind	0.497536945813	0.384236453202	0.0985221674877	0.0197044334975
-ine	0.724832214765	0.214765100671	0.0402684563758	0.0201342281879
-ɔka	0.194929206454	0.579848534738	0.138294369443	0.0869278893646
-ɔki	0.66	0.26	0.0	0.08
-int	0.0191846522782	0.980815347722	0.0	0.0
-nmɛ	0.661764705882	0.117647058823	0.0882352941176	0.132352941176
-saŋ	0.0957399817149	0.027299249078	0.0153574326892	0.861603336518
-nsȧ	0.182602444285	0.26096333573	0.549245147376	0.00718907260963
-ȧti	0.0327868852459	0.27868852459	0.0655737704918	0.622950819672
-pəs	0.411172583372	0.40863685262	0.116413093592	0.0637774704165
-ȧta	0.040625	0.850908430233	0.00392441860465	0.104542151163
-ȧsȧ	0.230072463768	0.335144927536	0.304347826087	0.130434782609
-ȧte	0.0381687851839	0.0666595716848	0.00405744274682	0.891114200384
-dru	0.0	0.997555012225	0.0	0.00244498777506
-ŋȧl	0.826923076923	0.0384615384615	0.0384615384615	0.0961538461538
-mbu	0.356151711378	0.449583718779	0.123034227567	0.0712303422757
-ŋȧk	0.742619659426	0.212267931356	0.0312316679198	0.0138807412977
-yep	0.549815498155	0.439114391144	0.0	0.0110701107011
-bɛs	0.3628079649	0.612892338846	0.00607492406345	0.0182247721903
-bɛt	0.199318105214	0.419935699655	0.231403458736	0.149342736394
-mba	0.0790899241603	0.800650054171	0.0480317804261	0.0722282412423
-bɛl	0.0575916230366	0.942408376963	0.0	0.0
-mbe	0.0432542134593	0.0637021751824	0.0325795497707	0.860464061588
-bɛn	0.0	1.0	0.0	0.0
-msɛ	0.523102570457	0.130865755029	0.0811011737142	0.2649305008
-əmɛ	0.518427518428	0.238329238329	0.110565110565	0.132678132678
-dri	0.125874125874	0.874125874126	0.0	0.0
-mbo	0.374407582938	0.589573459716	0.0199052132701	0.0161137440758
-əmȧ	0.74232506317	0.118103499731	0.0169515131016	0.122619923997
-əpi	0.213144175529	0.6048601228	0.127439163054	0.0545565386172
-əpo	0.329479768786	0.635838150289	0.0346820809249	0.0
-əsȧ	0.572664359862	0.143598615917	0.202422145329	0.0813148788927
-əpa	0.0793307111834	0.00590281468189	0.00374610029335	0.911020373841
-ȧfu	0.196984924623	0.510552763819	0.240201005025	0.0522613065326
-ȧtǝ	0.607843137255	0.0392156862745	0.352941176471	0.0
-kɛt	0.585699295458	0.39055613851	0.0	0.0237445660321
-ayɔ	0.272204472843	0.580191693291	0.0862619808307	0.0613418530351
-kɛm	0.0397877984085	0.901856763926	0.0583554376658	0.0
-kɛl	0.0434782608696	0.913043478261	0.0144927536232	0.0289855072464
-kɛn	0.284818067754	0.519447929737	0.120451693852	0.0752823086574
-ȧfi	0.0728929384966	0.691343963554	0.20728929385	0.0284738041002
-sas	0.0172323455784	0.0969552308319	0.217558362927	0.668254060663
-sar	0.0865917796966	0.855479458171	0.0277924118903	0.0301363502424
-ayȧ	0.829909613805	0.170090386195	0.0	0.0
-əbo	0.0386246930118	0.906675597232	0.0165215449877	0.0381781647689
-lfu	0.020979020979	0.0979020979021	0.839160839161	0.041958041958
-əbi	0.0630749014455	0.325886990802	0.0906701708278	0.520367936925
-mpi	0.100061865092	0.327076119057	0.417108296868	0.155753718983
-say	0.601406799531	0.313012895662	0.0597889800703	0.0257913247362
-əba	0.529967159278	0.117405582923	0.219622331691	0.133004926108
-mpa	0.755723001694	0.171647487657	0.0339458708145	0.0386836398347
-lfa	0.0493343774472	0.884886452623	0.0657791699295	0.0
-oli	0.355125278896	0.356961505911	0.225225040392	0.0626881748006
-akɛ	0.0837069827217	0.84041125232	0.0627445380551	0.0131372269028
-olo	0.304677822129	0.427512436833	0.20056236113	0.0672473799084
-sak	0.435710407308	0.529733811182	0.0269969585705	0.00755882293912
-ola	0.235260725002	0.318952234206	0.395588354554	0.050198686238
-sai	0.619778346121	0.27621483376	0.0528559249787	0.0511508951407
-akɔ	0.387640449438	0.519662921348	0.00842696629213	0.0842696629214
-sam	0.0421545667448	0.757291888439	0.187779433681	0.0127741111348
-sal	0.494929006085	0.40770791075	0.0334685598377	0.0638945233266
-əsə	0.469728601253	0.269311064718	0.240083507307	0.0208768267223
-ŋaŋ	0.0230612508032	0.0668296654174	0.0029015837767	0.907207500003
-ŋȧŋ	0.171809861375	0.214812876522	0.138446991097	0.474930271006
-win	0.0789573101625	0.162825840574	0.0249338874197	0.733282961844
-ham	0.270361236392	0.652899743591	0.0442442675217	0.0324947524952
-yeŋ	0.190992493745	0.266055045872	0.372810675563	0.170141784821
-bɛŋ	0.535259717922	0.416236670107	0.0123839009288	0.0361197110423
-nȧŋ	0.011754569512	0.97827558619	0.00369253492522	0.00627730937289
-k-o	0.204567434416	0.652710985787	0.0792049245714	0.0635166552257
-bru	0.0335731414868	0.89928057554	0.0563549160671	0.0107913669065
-ɛdi	0.215416178195	0.751107203335	0.00866223785333	0.0248143806174
-k-i	0.191365759198	0.387629570566	0.323195504423	0.0978091658124
-wir	0.0	0.891067538126	0.0653594771242	0.0435729847495
-liŋ	0.40527654164	0.445963127781	0.104895104895	0.0438652256834
-paŋ	0.323164404882	0.283954072577	0.141488955028	0.251392567512
-iyu	0.0117647058823	0.811764705882	0.0	0.176470588235
-rki	0.0258178331404	0.948844817488	0.00463539756834	0.0207019518032
-iyo	0.201298701298	0.798701298702	0.0	0.0
-eli	0.00988467874793	0.990115321252	0.0	0.0
-rka	0.152315454212	0.785732405085	0.0501141520336	0.0118379886694
-ela	0.665895140826	0.193787868161	0.0733686904383	0.0669483005749
-iya	0.0685884109741	0.83199865312	0.0669121307059	0.0325008052001
-ele	0.40446876425	0.419972640219	0.108983128135	0.0665754673963
-ŋla	0.338983050847	0.279661016949	0.203389830509	0.177966101695
-hum	0.0	1.0	0.0	0.0
-huk	0.0	1.0	0.0	0.0
-huf	0.570952975447	0.414065751144	0.0149812734082	0.0
-ade	0.083044982699	0.134948096886	0.114186851211	0.667820069204
-gba	0.0580961969098	0.513016676234	0.0816055536471	0.347281573209
-ŋra	0.0968523002421	0.845036319613	0.0193704600484	0.0387409200968
-kom	0.435049137358	0.433238914789	0.0765212979795	0.0551906498738
-tui	0.114876360606	0.164535559229	0.66687965183	0.0537084283353
-tuk	0.0713224368499	0.326002971768	0.492124814264	0.110549777117
-ɔmɔ	0.342273941089	0.570176116018	0.0703569875341	0.0171929553593
-ilɛ	0.376470588235	0.409243697479	0.186554621849	0.027731092437
-tus	0.254237288136	0.745762711864	0.0	0.0
-tut	0.0832943378568	0.569645921073	0.315239432226	0.0318203088442
-kos	0.0613874761602	0.508423394787	0.367271932613	0.0629171964399
-kor	0.0978350458816	0.156052530359	0.040826419034	0.705286004726
-tuy	0.08303510257	0.363153218818	0.487624278013	0.0661874005992
-lit	0.0	0.767716535433	0.232283464567	0.0
-omp	0.0694380995888	0.833337812055	0.0746513315239	0.0225727568323
-lip	0.00373831775701	0.977570093458	0.00373831775701	0.014953271028
-lir	0.856697819315	0.0796617712505	0.00801068090788	0.055629728527
-lis	0.187506583798	0.624986832403	0.121141894027	0.0663646897714
-lim	0.15409000622	0.7538171385	0.0505607832908	0.0415320719889
-omi	0.175149547642	0.760642497539	0.0338107711457	0.0303971836742
-lio	0.0	1.0	0.0	0.0
-lik	0.237803982972	0.60366002838	0.140920878798	0.0176151098498
-ɛka	0.105882352941	0.758823529412	0.111764705882	0.0235294117647
-lif	0.00656455142232	0.984682713348	0.0	0.00875273522976
-lia	0.556986354027	0.349029406112	0.0328656544302	0.0611185854315
-ome	0.0	1.0	0.0	0.0
-ɔmɛ	0.0469274446814	0.901743819245	0.0314949293164	0.0198338067571
-pai	0.670289855073	0.271739130435	0.0217391304348	0.036231884058
-pam	0.384615384615	0.553846153846	0.0615384615385	0.0
-pay	0.211111111111	0.596296296296	0.165925925926	0.0266666666667
-par	0.714002968827	0.217714002969	0.0326571004453	0.0356259277586
-pas	0.250297973778	0.697556615018	0.0521454112038	0.0
-kon	0.285714285714	0.428571428571	0.190476190476	0.0952380952381
-anɔ	0.0930368636629	0.129900526624	0.0345231129316	0.742539496782
-koi	0.21897810219	0.78102189781	0.0	0.0
-anɛ	0.504271827676	0.315594315801	0.0563646222313	0.123769234291
-fǝr	0.980769230769	0.0192307692308	0.0	0.0
-gbo	0.0897354918806	0.0876974631988	0.061604473084	0.760962571837
-fǝl	0.381969595203	0.254088873085	0.333519174572	0.03042235714
-fǝm	0.0621136594672	0.810388474536	0.0318143133856	0.095683552611
-ǝwu	0.424731182796	0.198924731183	0.00537634408602	0.370967741936
-onɛ	0.4340023859	0.267416690619	0.227360019128	0.0712209043528
-dif	0.703006833713	0.277175398633	0.0102505694761	0.00956719817768
-fer	0.0795454545455	0.903409090909	0.0170454545455	0.0
-fes	0.115384615385	0.884615384615	0.0	0.0
-dim	0.749797044975	0.120766358175	0.0249391134925	0.104497483358
-din	0.346047974833	0.300235941801	0.203106567047	0.150609516319
-fey	0.322646280848	0.339883149725	0.311310060169	0.0261605092579
-fef	0.0967169476487	0.876131322094	0.0170363797693	0.010115350488
-dir	0.23011824716	0.329353118479	0.34430790633	0.0962207280315
-dis	0.0437778678557	0.870693149574	0.0490474260235	0.0364815565464
-sli	0.0	1.0	0.0	0.0
-fei	0.789473684211	0.105263157895	0.105263157895	0.0
-tuŋ	0.709677419355	0.229032258064	0.0612903225806	0.0
-koŋ	0.246428571428	0.589285714286	0.0330357142857	0.13125
-ait	0.0	1.0	0.0	0.0
-ais	0.622306417239	0.32701870708	0.0184702817902	0.0322045938906
-air	0.091059602649	0.908940397351	0.0	0.0
-mnɛ	0.460606907635	0.358915214451	0.0437474619089	0.136730416005
-aif	0.25	0.65625	0.0208333333333	0.0729166666666
-ail	0.0	0.994773519164	0.0	0.00522648083623
-ain	0.0638911530504	0.860869020001	0.0545488745376	0.0206909524108
-eme	0.129310344828	0.646551724138	0.0258620689655	0.198275862069
-ema	0.63576142302	0.0697943186386	0.0127294653625	0.281714792979
-aŋi	0.0641975308642	0.490946502058	0.41646090535	0.0283950617284
-ləŋ	0.238938053097	0.610619469027	0.0575221238938	0.0929203539823
-aŋe	0.049699193955	0.0334184235215	0.0138347599474	0.903047622576
-aŋa	0.0209184365245	0.0435947941191	0.00718828408095	0.928298485275
-emp	0.0529600041062	0.79492434547	0.133087445418	0.019028205006
-ȧni	0.292682926829	0.0487804878049	0.658536585366	0.0
-iyȧ	0.742902616871	0.0912758633453	0.0392345560203	0.126586963764
-rkɛ	0.586550435866	0.174346201743	0.201743462017	0.0373599003736
-iyɛ	0.192	0.736	0.048	0.024
-iyɔ	0.0397555572182	0.520840915633	0.40048492903	0.0389185981189
-rkɔ	0.160714285714	0.367647058824	0.22268907563	0.248949579832
-elɔ	0.394181287735	0.250253251753	0.0751245998622	0.280440860651
-omu	0.587155963303	0.302752293578	0.0	0.110091743119
-tal	0.113924050633	0.398734177215	0.45253164557	0.0348101265823
-tan	0.40072859745	0.535519125683	0.0546448087431	0.00910746812386
-oma	0.0881652665362	0.694052564724	0.1730015157	0.0447806530397
-tak	0.545064377683	0.184549356223	0.0643776824034	0.206008583691
-ɔmp	0.0397350993378	0.960264900662	0.0	0.0
-ɔmu	0.0594780497674	0.0574549868501	0.0131499089622	0.86991705442
-ɔmi	0.0158790170132	0.0109640831758	0.00226843100189	0.970888468809
-ila	0.446496236043	0.510131247298	0.037330818415	0.00604169824349
-ɔma	0.762081784387	0.154009559214	0.0446096654275	0.0392989909718
-ili	0.0417466410749	0.932533589251	0.0222648752399	0.00345489443378
-bəl	0.0828402366864	0.901944209637	0.0	0.0152155536771
-bəm	0.410084033613	0.267226890756	0.0201680672268	0.302521008403
-bək	0.456361012106	0.302512592418	0.0933753571533	0.147751038322
-bət	0.341373214395	0.487940178408	0.146221526832	0.0244650803649
-bər	0.144578313253	0.78313253012	0.0722891566265	0.0
-bəp	0.899720962679	0.0287757237531	0.00706313219393	0.0644401813743
-ləm	0.162487462387	0.786359077232	0.00902708124373	0.0421263791374
-ɛkɛ	0.252528495746	0.362176914432	0.261037084604	0.124257505218
-lək	0.0377358490566	0.924528301887	0.0377358490566	0.0
-omɔ	0.129019841618	0.794831384727	0.0318376134123	0.0443111602421
-t-i	0.304597701149	0.466235632184	0.0804597701149	0.148706896552
-t-o	0.0793993560137	0.863322753925	0.0362983854235	0.0209795046378
-ləp	0.0108303249097	0.913357400722	0.0216606498195	0.0541516245487
-t-e	0.215621680933	0.632241687109	0.0763809203374	0.0757557116206
-lər	0.744559576676	0.182107430283	0.0430469773535	0.0302860156875
-ləs	0.127248174538	0.352933132388	0.45963470814	0.0601839849348
-f-o	0.100832562442	0.720320690719	0.0986740672216	0.0801726796176
-f-i	0.733333333333	0.2	0.0	0.0666666666667
-f-e	0.434026330871	0.430650556199	0.0703680187236	0.0649550942064
-b-e	0.0499334221039	0.910119840213	0.0399467376831	0.0
-b-i	0.0198347107438	0.980165289256	0.0	0.0
-ŋma	0.0194805194805	0.961038961039	0.0194805194805	0.0
-mȧŋ	0.16237991943	0.760148744964	0.0340873876666	0.0433839479392
-tɛn	0.206225680934	0.300583657588	0.0583657587548	0.434824902724
-diɔ	0.010779889039	0.257050047432	0.702848765343	0.0293212981861
-əŋf	0.250769230769	0.233846153846	0.450769230769	0.0646153846153
-əŋa	0.855421686747	0.0843373493976	0.0240963855421	0.0361445783132
-əŋk	0.368461203139	0.481255448997	0.118897122929	0.0313862249346
-ond	0.821601941748	0.101941747573	0.0145631067961	0.0618932038835
-ans	0.638327526132	0.273170731707	0.0780487804878	0.0104529616725
-ant	0.0926914992957	0.618431247436	0.287430455672	0.00144679759567
-ɛth	0.0508001383019	0.760995773536	0.165136573106	0.0230675150558
-ona	0.0357899444581	0.874186705858	0.0373223868313	0.0527009628526
-onk	0.243111831442	0.619124797407	0.0243111831443	0.113452188006
-oni	0.14392924149	0.239346019834	0.357812918789	0.258911819887
-ana	0.0454610265444	0.408802435116	0.429721367969	0.116015170371
-ont	0.851660538143	0.0871417731862	0.00857993346174	0.0526177552092
-and	0.381300500192	0.486725663717	0.0800307810696	0.0519430550212
-ane	0.254237288136	0.745762711864	0.0	0.0
-ani	0.109906269727	0.655311686376	0.0598576407005	0.174924403196
-ank	0.77358490566	0.0566037735849	0.0188679245283	0.150943396226
-yis	0.422733896823	0.440163217721	0.127309822209	0.00979306324686
-yir	0.0	0.8	0.2	0.0
-yim	0.0495942290352	0.333183047791	0.611812443643	0.00541027953111
-ɔfa	0.754098360656	0.180327868852	0.0	0.0655737704918
-yɔm	0.0116379310345	0.985775862069	0.0	0.00258620689655
-yik	0.0491355777981	0.876251137398	0.0109190172884	0.0636942675159
-yif	0.904919089787	0.0538499993493	0.00466765028642	0.036563260577
-yia	0.48087431694	0.456284153005	0.0109289617486	0.051912568306
-ɛpa	0.230906740739	0.653584884904	0.0635296058964	0.0519787684607
-unɛ	0.600184672207	0.27377654663	0.0974145891043	0.0286241920591
-unɔ	0.0851038645913	0.121599494979	0.00394547355546	0.789351166874
-naŋ	0.163825603598	0.103850494123	0.00770450731147	0.724619394968
-ǝth	0.494461749244	0.304930417044	0.0810697267776	0.119538106935
--ȧŋ	0.239130434783	0.717391304348	0.0	0.0434782608696
-ǝta	0.380570856285	0.0861291937906	0.473209814722	0.0600901352028
