koi-	0.635627739283	0.19773759905	0.0169908476982	0.149643813969
agu-	0.126315789474	0.787559808613	0.0631578947368	0.022966507177
kec-	0.631222471985	0.228460079534	0.026992049561	0.11332539892
–en-	0.647058823529	0.0882352941177	0.0882352941177	0.176470588235
eir-	0.438330959164	0.364316239316	0.0166191832858	0.180733618234
lur-	0.102112676056	0.897887323944	0.0	0.0
maa-	0.0445544554456	0.587871287129	0.337871287129	0.029702970297
ica-	0.437746212827	0.364537896581	0.103393853534	0.0943220370578
ipu-	0.356746150975	0.278275503112	0.199059784703	0.16591856121
omo-	0.0577073413404	0.847672517945	0.0337289460593	0.0608911946556
ogo-	0.23786407767	0.711165048544	0.0509708737864	0.0
kul-	0.0317700453858	0.956127080182	0.00907715582453	0.00302571860817
eda-	0.494577699701	0.185791966861	0.158618945411	0.161011388027
gin-	0.236842105263	0.605263157895	0.0	0.157894736842
eno-	0.281585772508	0.631715450167	0.0377917747314	0.0489070025935
eka-	0.0802873918126	0.722889580544	0.0795634911282	0.117259536515
mar-	0.000257532835436	0.976564511975	0.0	0.0231779551893
emu-	0.197168370387	0.5660381054	0.196406169446	0.0403873547677
ite-	0.418285859672	0.179166017123	0.161087748679	0.241460374526
bis-	0.0	1.0	0.0	0.0
esi-	0.363832877825	0.466478841242	0.0702968490765	0.0993914318562
ana-	0.10545034642	0.697043879908	0.0319168591224	0.16558891455
asw-	0.426428055439	0.392653144528	0.026209996858	0.154708803175
sak-	0.0	0.997050147493	0.0	0.00294985250738
iud-	0.164285714286	0.321428571429	0.471428571429	0.0428571428571
iem-	0.0806342780026	0.811403508772	0.0472334682861	0.0607287449393
ius-	0.162601626016	0.241192411924	0.460704607046	0.135501355014
nun-	0.0835040176462	0.193319678588	0.0378131400662	0.685363163699
der-	0.0102040816326	0.989795918367	0.0	0.0
kat-	0.540659933747	0.29994375237	0.0332112965155	0.126185017368
abi-	0.288943053401	0.611123421228	0.0733436738312	0.02658985154
ayu-	0.643327348893	0.253740275284	0.102932375823	0.0
mil-	0.0	1.0	0.0	0.0
igi-	0.118868492326	0.867589527535	0.0135419801384	0.0
yer-	0.00166011842178	0.996347739472	0.000332023684356	0.00166011842178
ari-	0.291657719732	0.446487107424	0.0582352872733	0.203619885571
koŋ-	0.596809269863	0.156351396155	0.0801436334313	0.16669570055
ini-	0.373931623932	0.51804368471	0.0349002849003	0.0731244064577
rep-	0.0	1.0	0.0	0.0
iit-	0.379883418083	0.51612303113	0.0788788292199	0.0251147215677
ked-	0.372995509652	0.106511729427	0.0389418609496	0.481550899972
tai-	0.0971223021583	0.687050359712	0.194244604317	0.021582733813
aee-	0.365517241379	0.0620689655172	0.531034482759	0.0413793103448
lao-	0.0	1.0	0.0	0.0
dek-	0.0	0.746268656716	0.0	0.253731343284
kum-	0.0	0.900237529691	0.0	0.0997624703088
wol-	0.169811320755	0.176100628931	0.0377358490566	0.616352201258
oko-	0.00713953500346	0.881356717599	0.00401598843945	0.107487758958
nen-	0.0828854917904	0.0456411636764	0.0628061024018	0.808667242131
eik-	0.245283018868	0.301886792453	0.433962264151	0.0188679245283
olu-	0.0384615384615	0.961538461538	0.0	0.0
aiŋ-	0.343508980415	0.495090627776	0.0678899406404	0.0935104511681
lod-	0.00254560882477	0.0432753500212	0.445057276198	0.509121764955
ira-	0.534638380334	0.0816686341427	0.0206264807228	0.3630665048
ate-	0.135670148372	0.717513454476	0.022790439944	0.124025957208
euo-	0.238636363636	0.761363636364	0.0	0.0
naw-	0.0915492957746	0.218309859155	0.647887323944	0.0422535211267
kam-	0.117728001639	0.125810449258	0.0140612517207	0.742400297383
eru-	0.490419640477	0.3486243966	0.0965439630408	0.0644119998815
sin-	0.01	0.99	0.0	0.0
per-	0.0	0.994264958899	0.0	0.00573504110113
kim-	0.569327613328	0.282897247773	0.0670629902359	0.0807121486629
dor-	0.0	1.0	0.0	0.0
ewo-	0.542416452442	0.168380462725	0.0462724935733	0.24293059126
iar-	0.0443715562231	0.0259715378308	0.00942608189196	0.920230824054
luw-	0.451127819549	0.233082706767	0.0270676691729	0.288721804511
eap-	0.19614506967	0.0938000679711	0.0172355197359	0.692819342623
kem-	0.419518213735	0.336813611756	0.0737090142271	0.169959160282
lom-	0.132298019284	0.14131869275	0.171474195561	0.554909092405
inw-	0.374125874126	0.437062937063	0.0839160839161	0.104895104895
gen-	0.0	1.0	0.0	0.0
loŋ-	0.220930232558	0.441860465116	0.267441860465	0.0697674418605
ium-	0.153846153846	0.487179487179	0.358974358974	0.0
kid-	0.507435321552	0.240014239658	0.0409910162156	0.211559422574
rek-	0.0	1.0	0.0	0.0
nig-	0.0	0.960784313725	0.0392156862745	0.0
por-	0.00636942675159	0.993630573248	0.0	0.0
pas-	0.275397796818	0.235006119951	0.3182374541	0.171358629131
nai-	0.436268851038	0.242450075982	0.159284989652	0.161996083328
aci-	0.349131513648	0.416377171216	0.224069478908	0.0104218362283
ael-	0.0519603212092	0.829948039679	0.118091639112	0.0
ŋes-	0.152940725135	0.0516867434442	0.000463719048557	0.794908812372
eso-	0.0759870343801	0.770976141134	0.141346511504	0.0116903129816
epa-	0.0917622828095	0.676202718396	0.177258086898	0.0547769118968
oro-	0.0314918375417	0.846212506355	0.00338925605829	0.118906400045
sap-	0.0	1.0	0.0	0.0
asi-	0.0355523432122	0.869784836737	0.0538932645969	0.0407695554536
dia-	0.064491064491	0.0683760683761	0.0419580419581	0.825174825175
nan-	0.504380475595	0.0425531914893	0.130162703379	0.322903629537
oto-	0.139137037699	0.817089512239	0.00156333750223	0.0422101125603
itw-	0.702412868633	0.132439678284	0.0804289544236	0.0847184986595
usi-	0.0	1.0	0.0	0.0
amu-	0.265730879279	0.642361430827	0.0530643285623	0.0388433613319
mel-	0.0	1.0	0.0	0.0
kri-	0.0028316512165	0.991406480064	0.00163060276326	0.00413126595618
ail-	0.415298875387	0.462853826826	0.0572800848867	0.0645672129003
nab-	0.15421237839	0.357275926309	0.145932519147	0.342579176154
isa-	0.0385278895917	0.940129163533	0.00648029371434	0.0148626531605
odu-	0.0946915351507	0.905308464849	0.0	0.0
mus-	0.036992011115	0.961444946162	0.00130253560264	0.000260507120528
eut-	0.445246690734	0.388688327316	0.086642599278	0.0794223826715
eco-	0.394190315406	0.555296513653	0.0158104885173	0.0347026824236
dio-	0.159898477157	0.779187817259	0.0152284263959	0.0456852791878
igu-	0.475082391351	0.447664166692	0.0141894077063	0.0630640342502
bab-	0.0180940892642	0.960193003619	0.00723763570568	0.0144752714113
ita-	0.520105173853	0.303386690234	0.0574506274041	0.119057508509
obo-	0.202496532594	0.647711511789	0.0748959778086	0.0748959778086
oyu-	0.0609756097561	0.821138211382	0.0294715447154	0.0884146341463
aku-	0.0582911256886	0.778257955998	0.0825516084009	0.0808993099126
moi-	0.0	0.95050215208	0.045193687231	0.00430416068867
kom-	0.338318872191	0.197470090999	0.0294979566632	0.434713080147
opo-	0.130434782609	0.65625	0.15625	0.0570652173913
aŋa-	0.200079467822	0.638197105833	0.105273501754	0.056449924591
kod-	0.585517452788	0.157117446335	0.0470200785718	0.210345022305
ede-	0.012726437854	0.948375886473	0.0101989052558	0.0286987704171
tua-	0.0	0.887147335423	0.112852664577	0.0
eiy-	0.229766093976	0.571517284206	0.0558890498861	0.142827571931
oni-	0.0263739755591	0.00287306862265	0.00219783129659	0.968555124522
teu-	0.0428571428571	0.914285714286	0.0	0.0428571428571
wor-	0.393226176808	0.00172215843858	0.0	0.605051664753
mal-	0.0625	0.9375	0.0	0.0
sab-	0.0	1.0	0.0	0.0
aki-	0.126538315901	0.572277879049	0.0555888001067	0.245595004944
iju-	0.710429774763	0.148402434775	0.0998503883754	0.0413174020864
nin-	0.132967496834	0.791051076404	0.0	0.0759814267623
aup-	0.292375205705	0.259462424575	0.29758639605	0.15057597367
eko-	0.175255165277	0.626669394491	0.063363833734	0.134711606497
ŋul-	0.0508866253291	0.0588278253248	0.0100503910611	0.880235158285
koj-	0.602366930288	0.0851172985885	0.0402567482731	0.272259022851
iki-	0.03643573599	0.895543898371	0.0443317359295	0.0236886297097
sir-	0.513395779032	0.284342151635	0.127170126515	0.0750919428186
duc-	0.25	0.2	0.1625	0.3875
emo-	0.119281162348	0.790109666923	0.0672215141757	0.0233876565538
eci-	0.322518562752	0.605260389927	0.0521023269961	0.0201187203252
keŋ-	0.657807543179	0.126612618964	0.0180472329926	0.197532604864
and-	0.0	1.0	0.0	0.0
apa-	0.0339093533935	0.623281829281	0.019910344311	0.322898473015
ALL	0.230110784468	0.292844369033	0.0542917255971	0.422753120902
ine-	0.701166672053	0.120439152535	0.038070351202	0.14032382421
aos-	0.47400478573	0.256036545573	0.168153143354	0.101805525343
top-	0.285130718954	0.046977124183	0.0140931372549	0.653799019608
ice-	0.040251309387	0.263816790347	0.113484072513	0.582447827753
da—-	0.295566502463	0.275862068966	0.0591133004926	0.369458128079
nuc-	0.293785310734	0.186440677966	0.101694915254	0.418079096045
nea-	0.40160963201	0.222544662967	0.0279173298391	0.347928375184
kui-	0.0392156862745	0.960784313725	0.0	0.0
mor-	0.0758483033932	0.894211576846	0.00399201596806	0.0259481037924
atw-	0.250231442518	0.629881333109	0.0742299276216	0.0456572967514
gas-	0.0441176470588	0.955882352941	0.0	0.0
ata-	0.162585100561	0.672568756454	0.0471104339263	0.117735709058
tie-	0.147293968135	0.103110986109	0.10281410647	0.646780939285
ego-	0.23910511169	0.430656434151	0.252535288475	0.0777031656845
ŋup-	0.161852166525	0.179056924384	0.479821580289	0.179269328802
aep-	0.108108108108	0.891891891892	0.0	0.0
oka-	0.0956295817426	0.514452183176	0.331430499819	0.0584877352622
ire-	0.379128801119	0.43431055575	0.026869975533	0.159690667599
kog-	0.607342325744	0.214458792687	0.0293567596061	0.148842121963
mes-	0.00842223469961	0.966311061202	0.00842223469959	0.0168444693992
num-	0.210749300255	0.103715146602	0.0611798534743	0.624355699668
ebw-	0.589151012087	0.333318770934	0.021872724625	0.0556574923547
iwu-	0.667957941339	0.239070282236	0.0664084117322	0.0265633646928
ken-	0.400276842729	0.108418922961	0.029562259612	0.461741974699
nej-	0.28	0.264	0.408	0.048
adi-	0.0821932656124	0.544404212295	0.0711081605026	0.30229436159
aic-	0.140037499581	0.730723491429	0.0939659651616	0.0352730438276
ami-	0.153018924047	0.73015152039	0.0442303854738	0.0725991700899
kur-	0.0	0.994177583697	0.00582241630275	0.0
iku-	0.148758870469	0.481876269839	0.0641323871499	0.305232472542
kaŋ-	0.0757656267826	0.146582442667	0.0304380134456	0.747213917105
ram-	0.0	1.0	0.0	0.0
eub-	0.126984126984	0.873015873016	0.0	0.0
elu-	0.078762755102	0.356398809524	0.0503826530612	0.514455782313
kiŋ-	0.593066407347	0.0923364041885	0.0376871626627	0.276910025802
aom-	0.317759213403	0.476702313895	0.0425861928216	0.162952279881
ien-	0.0889088459811	0.900314324203	0.0	0.0107768298159
tal-	0.0	1.0	0.0	0.0
gid-	0.0	1.0	0.0	0.0
paa-	0.018643190057	0.84567581564	0.0352149145521	0.100466079751
kos-	0.239911726568	0.100891048003	0.00991119193434	0.649286033495
lem-	0.545399515739	0.0450968523003	0.0136198547216	0.39588377724
osu-	0.333333333333	0.555555555556	0.111111111111	0.0
nem-	0.0716829344797	0.0803919036109	0.00193737660757	0.845987785302
eid-	0.169058674546	0.63887716336	0.119881806669	0.0721823554243
lud-	0.0265030323289	0.40045843083	0.412587746526	0.160450790316
loc-	0.0490338304416	0.0788022979168	0.800789183543	0.0713746880984
pon-	0.0	1.0	0.0	0.0
icw-	0.542008843967	0.358180669615	0.0467466835123	0.0530638029058
ilu-	0.0673139269017	0.281285192642	0.0273862744429	0.624014606013
ben-	0.0	1.0	0.0	0.0
kij-	0.600220610702	0.0862168307842	0.0305564435566	0.283006114957
ioe-	0.334801762115	0.257709251101	0.381057268723	0.0264317180617
mat-	0.0	1.0	0.0	0.0
iun-	0.00423088546388	0.0208522212149	0.0132970686008	0.96161982472
edw-	0.611242803928	0.208149904052	0.112879557512	0.0677277345072
ili-	0.599574266793	0.178813447449	0.158247343293	0.0633649424655
lam-	0.0	0.986301369863	0.0	0.013698630137
nar-	0.0	1.0	0.0	0.0
nut-	0.283497029223	0.341902105816	0.238793904854	0.135806960107
kie-	0.308578501381	0.478149100257	0.062648767019	0.150623631343
kaj-	0.299936532948	0.148505606256	0.0680045812998	0.483553279496
sat-	0.043665233212	0.941118094608	0.00396956665563	0.0112471055243
pur-	0.0398671096346	0.900332225914	0.0598006644518	0.0
eya-	0.490328338384	0.245231150071	0.122169350304	0.142271161241
peg-	0.609589041096	0.349315068493	0.041095890411	0.0
rak-	0.0721360279384	0.927863972062	0.0	0.0
iyo-	0.0726574244196	0.748343633428	0.120538945493	0.0584599966594
nad-	0.0744336569579	0.585760517799	0.291262135922	0.0485436893204
kis-	0.660033908381	0.157087919055	0.0623953458462	0.120482826719
aut-	0.229184549356	0.44635193133	0.190557939914	0.133905579399
aka-	0.0735296071103	0.41517144772	0.0454630809267	0.465835864243
eup-	0.420466982853	0.544874133528	0.0209777453484	0.0136811382707
eju-	0.674458336569	0.149840801429	0.0473712821309	0.128329579871
asu-	0.174915836974	0.507879091756	0.022992622305	0.294212448965
kiw-	0.677289851157	0.131381348274	0.0341994354827	0.157129365087
ise-	0.0762855854919	0.878694360646	0.018551267381	0.0264687864813
odi-	0.0	0.611111111111	0.293650793651	0.0952380952381
kac-	0.213376844715	0.514564046946	0.0992078862765	0.172851222063
iin-	0.0261581885492	0.885055612056	0.0178330607153	0.0709531386794
ter-	0.0	0.992895204263	0.00710479573712	0.0
okw-	0.435945896712	0.265985062392	0.094840149376	0.20322889152
did-	0.0258064516129	0.974193548387	0.0	0.0
nam-	0.246626760486	0.0628850636346	0.183024917652	0.507463258227
ebe-	0.349314381915	0.0138912668271	0.000763222691681	0.636031128567
edi-	0.0441624832108	0.0702641833196	0.0922445623586	0.793328771111
ker-	0.15931235294	0.127972709388	0.0387677446417	0.67394719303
sid-	0.0	1.0	0.0	0.0
bon-	0.0383284305243	0.0460719847724	0.102612908808	0.812986675895
luc-	0.0894679695982	0.527687296417	0.11661237785	0.266232356135
mod-	0.390243902439	0.414634146341	0.0	0.19512195122
aŋe-	0.584433443344	0.188393839384	0.106710671067	0.120462046205
ero-	0.129363675805	0.472826264141	0.132858697394	0.264951362659
net-	0.242819843342	0.143603133159	0.0313315926893	0.582245430809
aŋw-	0.0345821325648	0.602305475504	0.224783861671	0.138328530259
kon-	0.159667022528	0.0314219687914	0.0129272860534	0.795983722628
eli-	0.412968146433	0.4555183659	0.0264703196102	0.105043168057
yul-	0.0	1.0	0.0	0.0
imu-	0.130341219125	0.595321548241	0.243862214258	0.0304750183763
ala-	0.209377675095	0.599120037555	0.145571193196	0.0459310941541
auj-	0.6	0.4	0.0	0.0
eto-	0.301148503708	0.495623718623	0.0978020702053	0.105425707464
ocu-	0.151909722222	0.652777777778	0.169270833333	0.0260416666667
awo-	0.192431821849	0.438034532839	0.222688397612	0.1468452477
–eo-	0.435897435897	0.153846153846	0.322344322344	0.0879120879121
tuk-	0.00855920114123	0.991440798859	0.0	0.0
ene-	0.623029144768	0.0685277455463	0.0161763702136	0.292266739472
eeb-	0.0548463356974	0.103861308117	0.0239558707644	0.817336485422
pan-	0.0	1.0	0.0	0.0
tup-	0.00979112271541	0.540143603133	0.226174934726	0.223890339426
aum-	0.482546201232	0.244353182752	0.186858316222	0.0862422997947
koa-	0.64307235371	0.148000182103	0.00501315587347	0.203914308314
sen-	0.112903225806	0.887096774194	0.0	0.0
aek-	0.509433962264	0.0754716981132	0.0377358490566	0.377358490566
yam-	0.0	1.0	0.0	0.0
oru-	0.0601503759399	0.931913116124	0.00375939849624	0.00417710944027
ina-	0.0687398839935	0.87481207988	0.0144576092529	0.0419904268739
baa-	0.456140350877	0.543859649123	0.0	0.0
ese-	0.417396125117	0.449112978525	0.0409955648926	0.0924953314659
rab-	0.0112359550562	0.931335830212	0.00124843945069	0.056179775281
ape-	0.124001816056	0.708678725091	0.0590335852759	0.108285873577
epo-	0.283455875096	0.424592403339	0.0951796978321	0.196772023733
esw-	0.615328189141	0.12059698966	0.0321629589922	0.231911862207
ipo-	0.287035938797	0.174071877595	0.0532558415372	0.485636342071
iue-	0.221164021164	0.406349206349	0.143915343915	0.228571428572
aja-	0.296387225197	0.497684224813	0.0263865962546	0.179541953736
yor-	0.0	1.0	0.0	0.0
nui-	0.27235599464	0.211198202199	0.318304254507	0.198141548655
kau-	0.206203892987	0.460492400676	0.0503066394098	0.282997066927
iba-	0.434593403269	0.373403485269	0.0958070893789	0.0961960220828
ino-	0.335608870649	0.47517954384	0.0704364296424	0.118775155868
yes-	0.0154301202858	0.419537120638	0.00272777612596	0.56230498295
mid-	0.0	0.896551724138	0.103448275862	0.0
isw-	0.694324103193	0.116069036591	0.029058892528	0.160547967688
teo-	0.0	0.977186311787	0.0228136882129	0.0
men-	0.0204081632653	0.938775510204	0.0204081632653	0.0204081632653
ece-	0.0634752310256	0.149560672625	0.126041508862	0.660922587487
yar-	0.0	1.0	0.0	0.0
ito-	0.455449862904	0.203260379398	0.0852355181607	0.256054239538
eos-	0.287128712871	0.0619888075764	0.178217821782	0.47266465777
tur-	0.00179726815241	0.993889288282	0.000718907260964	0.00359453630482
eek-	0.730158730159	0.206349206349	0.031746031746	0.031746031746
iko-	0.205840204183	0.525137764474	0.0370005420601	0.232021489283
sod-	0.00615384615384	0.993846153846	0.0	0.0
obu-	0.114478114478	0.66835016835	0.126262626263	0.0909090909091
kan-	0.0793236746148	0.0943512365779	0.0143345209834	0.811990567824
nei-	0.46354003111	0.228202525359	0.0636451935646	0.244612249965
agi-	0.0274829931973	0.939319727891	0.0307482993197	0.00244897959183
aid-	0.349090280329	0.537289583186	0.0503414703741	0.0632786661106
yod-	0.0	1.0	0.0	0.0
nup-	0.194650423729	0.633209745763	0.135063559322	0.0370762711864
bia-	0.301574344023	0.0583673469388	0.00349854227405	0.636559766764
osi-	0.32380952381	0.590476190476	0.0714285714286	0.0142857142857
sio-	0.00277863538129	0.0277863538129	0.00087172874707	0.968563282059
log-	0.0	0.958333333333	0.0	0.0416666666667
kow-	0.24376438625	0.40485264707	0.22119920003	0.13018376665
met-	0.0	1.0	0.0	0.0
alw-	0.46511627907	0.093023255814	0.302325581395	0.139534883721
oke-	0.0525082801519	0.474378652018	0.241268815467	0.231844252363
eol-	0.536865505743	0.180807706558	0.0533530937384	0.228973693961
lol-	0.122188680232	0.652291527816	0.0498555951961	0.175664196756
ikr-	0.075	0.825	0.075	0.025
abo-	0.333421977615	0.481812505781	0.0350337619091	0.149731754694
eta-	0.440768427528	0.263076673261	0.149218262006	0.146936637205
lai-	0.166206515737	0.107123136389	0.0	0.726670347874
ijo-	0.161623913835	0.0517586763099	0.00505142480531	0.78156598505
ioa-	0.0337078651685	0.932584269663	0.0337078651685	0.0
aat-	0.0794930875576	0.861751152074	0.0518433179724	0.00691244239632
bob-	0.0548106349099	0.0407474915586	0.0759305500312	0.8285113235
kin-	0.416049370902	0.0977348138497	0.0320984908015	0.454117324447
oic-	0.112416485249	0.771601231139	0.0045041663539	0.111478117259
aab-	0.0833333333333	0.916666666667	0.0	0.0
par-	0.0286669851887	0.971333014811	0.0	0.0
aig-	0.273561381266	0.58046470825	0.0417239991108	0.104249911372
niŋ-	0.0	0.454545454545	0.218181818182	0.327272727273
yoe-	0.0	1.0	0.0	0.0
sol-	0.0	1.0	0.0	0.0
lum-	0.176383468162	0.139624688958	0.114970573799	0.569021269081
iic-	0.0339157245632	0.848920863309	0.0693730729702	0.0477903391572
idw-	0.0497935463022	0.860422146005	0.0304819322204	0.0593023754727
ane-	0.0	0.901279707495	0.0987202925046	0.0
eye-	0.136733716475	0.821060823755	0.0135296934866	0.0286757662835
anu-	0.291906370803	0.166120155071	0.0406770656063	0.501296408519
aim-	0.474126568662	0.457235747246	0.0346683210894	0.0339693630029
yen-	0.494853332541	0.186086006579	0.111300479723	0.207760181158
aib-	0.26444716242	0.560815509068	0.0533993254628	0.121338003049
aam-	0.122375524895	0.368326334733	0.381523695261	0.127774445111
ipa-	0.0374851207021	0.915533528018	0.0264180850662	0.0205632662137
iuk-	0.105263157895	0.894736842105	0.0	0.0
lui-	0.281234149831	0.193868878172	0.424908349136	0.0999886228613
reu-	0.0	1.0	0.0	0.0
egu-	0.722543352601	0.138728323699	0.0693641618497	0.0693641618497
lyu-	0.0139291932676	0.781775972142	0.17527568195	0.0290191526408
iyu-	0.260730443752	0.590019104995	0.108036991022	0.0412134602311
ona-	0.0198504293232	0.806695207227	0.0201419900967	0.153312373353
dan-	0.0	1.0	0.0	0.0
iro-	0.132364858781	0.653480205301	0.107452651799	0.106702284119
eba-	0.450283799304	0.432601132978	0.0295950242186	0.0875200434993
kag-	0.183737015466	0.609552330332	0.0748075855428	0.131903068659
lug-	0.313186813187	0.620879120879	0.0	0.0659340659341
mis-	0.00647249190939	0.989212513484	0.0	0.00431499460626
tii-	0.361233480176	0.209251101322	0.145374449339	0.284140969163
aoj-	0.241492864983	0.566684961581	0.150658616904	0.0411635565313
yai-	0.0	0.942307692308	0.0576923076923	0.0
kia-	0.637332968732	0.126767561031	0.0873502038363	0.148549266401
yon-	0.0	0.982514177694	0.0113421550095	0.00614366729678
adu-	0.540029378118	0.246471579717	0.0604485239865	0.153050518179
kob-	0.646463274378	0.0875143581891	0.0120015029852	0.254020864448
eni-	0.761538461538	0.0884615384615	0.0807692307692	0.0692307692308
nuo-	0.0	0.108108108108	0.0162162162162	0.875675675676
sos-	0.0	1.0	0.0	0.0
luu-	0.0717196414018	0.21108394458	0.249388753056	0.467807660962
ibw-	0.542203332516	0.289261335723	0.0809658663658	0.0875694653956
kua-	0.0201649862511	0.902841429881	0.00206232813932	0.0749312557287
ope-	0.0391743892165	0.950716090986	0.0101095197978	0.0
tat-	0.0390032502709	0.927565392354	0.0	0.033431357375
bit-	0.0	1.0	0.0	0.0
aru-	0.132986627043	0.815936106984	0.0148588410104	0.0362184249628
koe-	0.605511433293	0.279036298705	0.0594851020734	0.0559671659293
eŋi-	0.423924449108	0.370409233998	0.16369359916	0.0419727177335
yoa-	0.0	1.0	0.0	0.0
air-	0.397490038244	0.407462713385	0.0534638439733	0.141583404398
rwa-	0.0410958904109	0.00108147080029	0.00216294160058	0.955659697188
kip-	0.302037670845	0.13355697092	0.0628300732111	0.501575285025
mam-	0.135039648815	0.0297368435096	0.00638866188344	0.828834845792
esa-	0.181822981097	0.64848859869	0.071865737594	0.0978226826187
kew-	0.734687720004	0.1281973918	0.0520466659962	0.0850682221999
oji-	0.0263157894737	0.960526315789	0.0131578947368	0.0
tiŋ-	0.118577075099	0.806324110672	0.0513833992095	0.0237154150198
loy-	0.0	1.0	0.0	0.0
aug-	0.0731707317073	0.910569105691	0.0162601626016	0.0
ama-	0.206557246581	0.552836940264	0.078906722069	0.161699091086
kok-	0.266445848331	0.376692835471	0.126038677071	0.230822639127
kuj-	0.0792437967704	0.0956282000787	0.12713666798	0.697991335171
kea-	0.488446765094	0.142674948986	0.0502640739407	0.318614211979
epu-	0.213139873013	0.477760192227	0.05956477927	0.249535155491
aje-	0.601136904608	0.184522251346	0.0233093580237	0.191031486023
peŋ-	0.0848199259509	0.319084483339	0.374621339616	0.221474251094
oin-	0.105337742088	0.421350968352	0.0736891828058	0.399622106755
ico-	0.577955574271	0.348703372285	0.0428115240201	0.0305295294242
bet-	0.00827227605767	0.988891515008	0.0	0.00283620893406
sal-	0.0292479108635	0.968662952646	0.00208913649025	0.0
eca-	0.611285020868	0.240224690662	0.0908378090451	0.0576524794249
pat-	0.0	1.0	0.0	0.0
kiy-	0.595306545845	0.194397416039	0.0654723707951	0.144823667321
aun-	0.0127538970241	0.049598488427	0.00236183278224	0.935285781767
otu-	0.135947233419	0.567240747527	0.0815316965921	0.215280322462
nub-	0.401098901099	0.406593406593	0.184065934066	0.00824175824175
cam-	0.0589225589225	0.010101010101	0.0622895622896	0.868686868687
yan-	0.0	0.973799126638	0.0262008733624	0.0
emw-	0.571698113207	0.234591194969	0.00377358490566	0.189937106918
ŋol-	0.0675217210246	0.175172918617	0.00643253155503	0.750872828804
idi-	0.0996971412189	0.381208788785	0.0369458309136	0.482148239082
eme-	0.200471595549	0.456640751461	0.306189208386	0.0366984446044
ket-	0.442027800204	0.273453561913	0.0550735624346	0.229445075448
aap-	0.210014378998	0.245507648065	0.0367575793521	0.507720393585
nee-	0.312762986154	0.209686105204	0.0288885440721	0.448662364571
age-	0.28333908119	0.391392735919	0.0808088141869	0.244459368704
eil-	0.169989506821	0.596012591815	0.0629590766002	0.171038824764
lul-	0.314168377823	0.242299794661	0.344969199179	0.0985626283367
tab-	0.0	1.0	0.0	0.0
lok-	0.128159056593	0.12871057102	0.105325408198	0.637804964189
igo-	0.229791740205	0.37063183904	0.324038122132	0.0755382986233
gal-	0.00211193241816	0.988736360436	0.0035198873636	0.00563181978176
nac-	0.395682322049	0.353370336012	0.184908567745	0.0660387741946
ida-	0.555848772081	0.15077014218	0.0978834554072	0.195497630332
kar-	0.0959885513037	0.0739270768758	0.0137575166987	0.816326855122
nue-	0.278951494534	0.221358547996	0.322523249067	0.177166708403
kay-	0.058176256409	0.0317477026726	0.0204654100513	0.889610630867
ibe-	0.384222759682	0.55641235041	0.0467223670572	0.0126425228508
kus-	0.0610169491525	0.850847457627	0.0508474576271	0.0372881355932
loi-	0.477990376384	0.213460587574	0.186146783401	0.122402252642
ati-	0.471200547901	0.0626596513882	0.0124235947399	0.453716205971
imo-	0.13641577958	0.748056972017	0.0430172818558	0.0725099665475
ete-	0.250308486986	0.37181128997	0.293137307977	0.0847429150667
oki-	0.0492461931811	0.860196229077	0.0205297429374	0.0700278348048
lop-	0.0190486799599	0.315918458282	0.656678177565	0.00835468419294
kej-	0.657758809313	0.0736166718918	0.0234617918793	0.245162726916
oma-	0.159659247046	0.796097829074	0.0115416323166	0.0327012915636
lob-	0.273867595819	0.163066202091	0.48362369338	0.0794425087108
luk-	0.179366151375	0.252260962448	0.13860021898	0.429772667197
kop-	0.532402624909	0.260741898078	0.0572745003558	0.149580976657
kak-	0.102030205691	0.394546325603	0.0327244025226	0.470699066184
abb-	0.0540540540541	0.756756756757	0.0	0.189189189189
are-	0.328964044515	0.618639212486	0.0189586624767	0.0334380805222
aii-	0.677502944641	0.226619552415	0.0183745583039	0.0775029446407
one-	0.0	0.989672977625	0.0	0.0103270223752
kik-	0.445823630457	0.27557447419	0.0717528496468	0.206849045707
aan-	0.430033752006	0.463545989413	0.0379018425275	0.0685184160534
gog-	0.129589632829	0.766738660907	0.0907127429804	0.0129589632829
ani-	0.15797841751	0.278102905856	0.176584012719	0.387334663915
poi-	0.073732718894	0.912442396313	0.0	0.0138248847926
gee-	0.0253240880313	0.949351823937	0.0253240880314	0.0
etw-	0.491417932333	0.188760371346	0.222338190464	0.097483505857
sil-	0.00635368866926	0.975644193435	0.00423579244617	0.01376632545
ake-	0.144422829621	0.661412470909	0.0341726972004	0.159992002269
ija-	0.333649039306	0.194241427225	0.04184168916	0.430267844308
lal-	0.694300518135	0.0414507772021	0.20207253886	0.0621761658031
ear-	0.654423553418	0.267963853666	0.0142107564495	0.063401836467
nek-	0.306325387302	0.175303890869	0.0413746994197	0.476996022409
ipe-	0.243971275361	0.310953620371	0.162720687384	0.282354416884
kib-	0.649397711915	0.140427069781	0.0266745187427	0.183500699561
cad-	0.123006833713	0.314350797267	0.27562642369	0.28701594533
nep-	0.0369889263488	0.0288183831057	0.020465372509	0.913727318037
acu-	0.00749531542785	0.992504684572	0.0	0.0
nuw-	0.412060301508	0.462311557789	0.115577889447	0.0100502512563
egi-	0.510295363947	0.378746978876	0.0285633572931	0.0823942998839
iny-	0.312943425456	0.377153780787	0.0331448991893	0.276757894567
esu-	0.438665409596	0.238424470983	0.165776241358	0.157133878064
sau-	0.0	0.995016611296	0.0	0.00498338870432
ser-	0.0	0.987138263666	0.0128617363344	0.0
kit-	0.469962185734	0.171032873934	0.0635759207549	0.295429019577
gol-	0.0	0.986984815618	0.0	0.0130151843818
ela-	0.243280007027	0.422126895877	0.274437794812	0.0601553022839
aiw-	0.669241206555	0.210938315416	0.0407055630936	0.0791149149358
yud-	0.00863243191657	0.985641532842	0.00260274329143	0.00312329194972
ide-	0.150528541226	0.420718816068	0.327836504581	0.100916138125
nag-	0.0173913043478	0.913043478261	0.0695652173913	0.0
aen-	0.202831019833	0.683282103491	0.0698944730505	0.0439924036259
iid-	0.0749228735125	0.841339797268	0.0484795063905	0.0352578228294
itu-	0.0883975086283	0.595268246683	0.0375403452217	0.278793899467
kad-	0.376918904258	0.239788445891	0.0387577976675	0.344534852183
aye-	0.810612672369	0.126549135975	0.0401466224472	0.0226915692093
yek-	0.0	1.0	0.0	0.0
tam-	0.0	1.0	0.0	0.0
ned-	0.0515653775322	0.166973603438	0.457335788828	0.324125230203
nal-	0.561538461538	0.0	0.0230769230769	0.415384615385
oti-	0.649717514124	0.316384180791	0.0338983050847	0.0
koy-	0.46344056705	0.399641721029	0.0234140793075	0.113503632613
lek-	0.730769230769	0.0384615384615	0.0769230769231	0.153846153846
elw-	0.0603399433428	0.504532577904	0.0382436260623	0.396883852691
kes-	0.0733020963091	0.0631961510261	0.00801760469641	0.855484147968
ain-	0.377479477371	0.42308155283	0.0340144488454	0.165424520954
noi-	0.190529046419	0.0228729640069	0.0936369758799	0.692961013694
tap-	0.274635460202	0.108665366397	0.0566545927371	0.560044580663
amw-	0.28184553661	0.623871614845	0.0521564694082	0.0421263791374
uru-	0.0	1.0	0.0	0.0
lup-	0.113387062497	0.712461787448	0.168511222638	0.00563992741658
caa-	0.113636363636	0.25	0.0	0.636363636364
nuk-	0.107836769727	0.160786429139	0.0649312328247	0.666445568309
ame-	0.109621075836	0.31307632583	0.0470085216024	0.530294076731
koo-	0.628730851721	0.182181050807	0.0921739837038	0.096914113768
iso-	0.628830874007	0.337116912599	0.0272417707151	0.00681044267879
odw-	0.0541199414919	0.882717964629	0.0099729621914	0.0531891316874
eip-	0.246856205577	0.480317113177	0.0568616730454	0.215965008201
ŋai-	0.248945147679	0.0759493670886	0.0	0.675105485232
pam-	0.0	1.0	0.0	0.0
mag-	0.0	0.994395142457	0.0	0.00560485754321
agw-	0.693875387427	0.255922870168	0.0061115164668	0.044090225939
ika-	0.0608370538072	0.521522926687	0.15498197272	0.262658046786
lua-	0.343177162574	0.155600081517	0.0365553068661	0.464667449043
jok-	0.152441807394	0.0848927430397	0.141944317663	0.620721131903
aoŋ-	0.0506186726659	0.0444319460068	0.00674915635546	0.898200224972
oid-	0.181818181818	0.752351097179	0.0188087774295	0.0470219435736
nug-	0.153284671533	0.531386861314	0.236496350365	0.0788321167883
opa-	0.103448275862	0.795092838196	0.00397877984087	0.0974801061008
aŋo-	0.0454435962052	0.850536428995	0.0349049436703	0.0691150311296
alo-	0.504558953255	0.0736853628514	0.0253183247899	0.396437359104
ano-	0.461290322581	0.221505376344	0.20752688172	0.109677419355
iut-	0.666666666667	0.2	0.1	0.0333333333333
pit-	0.114678899083	0.885321100917	0.0	0.0
da--	0.653179190752	0.104046242775	0.0693641618497	0.173410404624
aur-	0.135396711367	0.744372605364	0.0592672413793	0.0609634418902
sun-	0.0	1.0	0.0	0.0
ebu-	0.441545125506	0.365936677802	0.0248708480055	0.167647348687
man-	0.153589779197	0.796833773087	0.0	0.0495764477156
eti-	0.22165922592	0.606141337882	0.101978149613	0.0702212865837
laa-	0.0	0.06	0.0	0.94
sip-	0.0	1.0	0.0	0.0
lue-	0.335374006419	0.218366960104	0.221785013813	0.224474019663
nud-	0.210573227118	0.680240655117	0.109186117765	0.0
yus-	0.0106382978723	0.989361702128	0.0	0.0
yos-	0.00722642807983	0.992257398486	0.000516173434274	0.0
sea-	0.0	1.0	0.0	0.0
reb-	0.0309278350515	0.907216494845	0.0309278350515	0.0309278350515
dum-	0.905660377358	0.0566037735849	0.0	0.0377358490566
ema-	0.245161401786	0.308476743198	0.014843694885	0.431518160131
pis-	0.0	1.0	0.0	0.0
rup-	0.0	1.0	0.0	0.0
iir-	0.804078382495	0.0846143193463	0.0186954715413	0.0926118266169
ten-	0.295180722892	0.191265060241	0.152108433735	0.361445783133
yep-	0.0	1.0	0.0	0.0
pet-	0.000761485743295	0.995557999831	0.00139605719604	0.00228445722988
apo-	0.483565768475	0.185566536732	0.0148120476425	0.316055647151
yas-	0.034188034188	0.965811965812	0.0	0.0
lot-	0.150745036709	0.273209088145	0.398800990486	0.177244884661
atu-	0.229261075004	0.583429882718	0.0491975047243	0.138111537554
aro-	0.118342196337	0.45882220534	0.297234180243	0.125601418081
awa-	0.0695982437148	0.713986779479	0.034989627999	0.181425348808
ere-	0.160997324094	0.752927109482	0.0325574527395	0.0535181136846
ima-	0.133046196193	0.790367778736	0.0351114280029	0.0414745970684
yot-	0.0	1.0	0.0	0.0
nus-	0.054586808188	0.170583775588	0.510993176649	0.263836239576
kao-	0.254808676079	0.335481890731	0.103181911193	0.306527521997
ibo-	0.250747128782	0.495649823545	0.0216871340854	0.231915913588
sua-	0.0	1.0	0.0	0.0
ado-	0.280523743957	0.450461004317	0.114992286206	0.15402296552
eoŋ-	0.134092781545	0.00967108181759	0.000361239622282	0.855874897015
mik-	0.0	1.0	0.0	0.0
iga-	0.191091851957	0.720110819067	0.0213113589543	0.067485970022
keb-	0.378236805693	0.210398547144	0.148157985768	0.263206661395
ewa-	0.552132295572	0.280404955375	0.0426268815772	0.124835867476
kot-	0.226904666531	0.101833944499	0.0130936161949	0.658167772775
iŋo-	0.189978841219	0.610138207356	0.137757169225	0.0621257821996
edu-	0.662242702023	0.110215492294	0.0550786950235	0.17246311066
bul-	0.217616580311	0.751295336788	0.0310880829016	0.0
ilo-	0.441553844792	0.100887089638	0.162728962039	0.294830103531
aie-	0.677419354839	0.215053763441	0.0645161290323	0.0430107526882
ony-	0.652427184466	0.312621359223	0.0	0.0349514563107
luo-	0.0294586964527	0.503252731067	0.0122744568553	0.455014115625
etu-	0.12937821675	0.667003345224	0.029425745968	0.174192692058
keo-	0.0401701323251	0.0132325141777	0.00252047889099	0.944076874606
ale-	0.306080146505	0.463313646913	0.0479654710599	0.182640735522
bar-	0.00578463363987	0.987985760902	0.00444971818452	0.00177988727381
aia-	0.86387523309	0.111713849805	0.00203424309205	0.0223766740125
kup-	0.0102040816327	0.987244897959	0.00255102040816	0.0
eom-	0.62893081761	0.169631626235	0.0788858939802	0.122551662174
ipi-	0.5712688394	0.250658303892	0.0884575178966	0.0896153388115
ajo-	0.102032838155	0.633001325764	0.1703606758	0.0946051602814
inu-	0.813043478261	0.0826086956522	0.0	0.104347826087
osa-	0.0905528950805	0.790596430126	0.0548541575968	0.0639965171963
pac-	0.0434782608696	0.95652173913	0.0	0.0
oye-	0.00825201388434	0.985657213963	0.0	0.00609077215273
abu-	0.346155562174	0.133586361329	0.00894320315354	0.511314873343
nua-	0.448720160704	0.246307136783	0.0547970866249	0.250175615888
aac-	0.0189573459716	0.977968489817	0.0015370821058	0.0015370821058
boa-	0.0326086956522	0.95652173913	0.0108695652174	0.0
loa-	0.290986157042	0.15771771926	0.168365447798	0.382930675901
leo-	0.827195467422	0.14164305949	0.0169971671388	0.014164305949
osw-	0.068998334523	0.866761836783	0.0356887937187	0.028551034975
ant-	0.00053663148749	0.999463368513	0.0	0.0
ori-	0.0267430975685	0.960158242398	0.0130986600335	0.0
nak-	0.151005645955	0.0911650985137	0.0810256629177	0.676803592614
eji-	0.232061132804	0.631691648822	0.0228828147961	0.113364403577
icu-	0.802631578947	0.078947368421	0.0	0.118421052632
poe-	0.0704960835509	0.89817232376	0.0	0.0313315926893
aya-	0.532102524504	0.252301185472	0.0274211805586	0.188175109465
sar-	0.0290862082895	0.943847458997	0.0258544073685	0.0012119253454
oca-	0.0806866952789	0.692703862661	0.0824034334763	0.144206008584
aod-	0.311897106109	0.627009646302	0.0	0.0610932475885
ŋop-	0.37629328672	0.089289932442	0.358104596778	0.17631218406
kio-	0.0	1.0	0.0	0.0
bee-	0.0632183908046	0.936781609195	0.0	0.0
reg-	0.0229885057471	0.977011494253	0.0	0.0
aij-	0.208455725718	0.694703893697	0.0430376376721	0.053802742913
dam-	0.00266666666667	0.997333333333	0.0	0.0
put-	0.0532544378698	0.94674556213	0.0	0.0
nap-	0.4065392414	0.216930603888	0.0291924751108	0.347337679601
ses-	0.0	1.0	0.0	0.0
iik-	0.203389830509	0.576271186441	0.0677966101695	0.152542372881
ido-	0.109019761611	0.0350388397847	0.0091097794951	0.846831619109
igw-	0.368734820049	0.584897328329	0.00662397880327	0.0397438728196
bal-	0.0778307340511	0.0255774517613	0.00112407183782	0.89546774235
ayo-	0.217558376652	0.594434032321	0.119051828801	0.0689557622264
sad-	0.0	1.0	0.0	0.0
pub-	0.0459770114942	0.908045977012	0.0229885057471	0.0229885057471
dim-	0.05212589765	0.0198133161781	0.0185025197405	0.909558266431
koc-	0.671884193777	0.181128402404	0.0809617456693	0.0660256581502
eyo-	0.154340836013	0.210289389068	0.553697749196	0.0816720257235
ike-	0.0722087879218	0.751740675663	0.0413526566524	0.134697879762
eku-	0.255950665433	0.60747294254	0.0735239097595	0.0630524822677
eit-	0.142210449381	0.794313470002	0.0318381603093	0.0316379203073
lut-	0.121627331442	0.388543490071	0.11800567393	0.371823504557
eur-	0.609583012433	0.303251182748	0.0625206293321	0.0246451754869
sop-	0.0365853658537	0.926829268293	0.0365853658537	0.0
iru-	0.459123339509	0.431294099097	0.0283810950372	0.0812014663566
set-	0.0	1.0	0.0	0.0
iwe-	0.110091743119	0.889908256881	0.0	0.0
sur-	0.00217155266015	0.985884907709	0.00760043431053	0.00434310532032
ele-	0.439791297499	0.241149832644	0.0729474305966	0.24611143926
ais-	0.42977582833	0.4712864309	0.058959525227	0.0399782155433
any-	0.220494114945	0.205726819585	0.0336918002463	0.540087265223
yog-	0.114236261359	0.82085677196	0.0051925573345	0.0597144093466
cut-	0.112201534746	0.0586382952704	0.0300223180164	0.799137851967
iŋa-	0.120312070135	0.0717834922984	0.0258825320202	0.782021905547
rom-	0.00492813141683	0.990143737166	0.0	0.00492813141683
kep-	0.229019073222	0.423451571099	0.197517137428	0.150012218251
ibi-	0.663268868254	0.232702646094	0.00558542204845	0.0984430636041
sit-	0.0275785990072	0.965067107924	0.0	0.00735429306858
eki-	0.0508610129719	0.825078220835	0.0418919741252	0.0821687920678
owe-	0.189944134078	0.765363128492	0.0446927374302	0.0
lus-	0.338240038216	0.353777506188	0.175748025634	0.132234429962
era-	0.7154915939	0.0397069759496	0.0094367648455	0.235364665304
sus-	0.0425531914894	0.914893617021	0.0425531914894	0.0
mot-	0.0912698412698	0.125396825397	0.103174603175	0.680158730159
aŋu-	0.58530183727	0.351706036745	0.0629921259842	0.0
ena-	0.140763433437	0.802281095386	0.0214302151651	0.035525256012
eja-	0.24501935813	0.376369765369	0.0148060342363	0.363804842264
kig-	0.530884959775	0.336437088357	0.0415132645486	0.0911646873194
mut-	0.333333333333	0.0160642570281	0.578313253012	0.0722891566265
kwa-	0.122424523855	0.0576063962958	0.0347738813962	0.785195198453
oup-	0.124795342914	0.551755503002	0.0382026559942	0.28524649809
mak-	0.0	0.987804878049	0.00187617260788	0.0103189493433
get-	0.0	1.0	0.0	0.0
sam-	0.00867260900989	0.97976391231	0.0	0.0115634786798
nik-	0.0	1.0	0.0	0.0
yun-	0.0	1.0	0.0	0.0
imw-	0.110782865583	0.252024652371	0.543982071003	0.0932104110426
tuŋ-	0.880952380952	0.0476190476191	0.0	0.0714285714285
uri-	0.0	1.0	0.0	0.0
ejw-	0.572271386431	0.330383480826	0.0796460176991	0.0176991150442
ega-	0.263344731065	0.547286986184	0.105109393744	0.0842588890067
lib-	0.0714285714285	0.857142857143	0.0357142857143	0.0357142857143
aoo-	0.5546875	0.28125	0.1640625	0.0
ici-	0.0	0.859813084112	0.0560747663551	0.0841121495327
eje-	0.781257417359	0.0492278205172	0.0242935168649	0.145221245259
tib-	0.0261437908497	0.97385620915	0.0	0.0
apu-	0.20428596376	0.641967352166	0.042231794633	0.111514889441
kas-	0.192725182216	0.211877772002	0.0346522192131	0.560744826568
klo-	0.0	1.0	0.0	0.0
sum-	0.0	1.0	0.0	0.0
ebi-	0.158145956185	0.785860293882	0.0239728592986	0.0320208906345
eim-	0.104808024905	0.797647872708	0.0726392251816	0.0249048772051
eoj-	0.360685302074	0.305680793508	0.135256988278	0.198376916141
gam-	0.0	0.979166666667	0.0208333333333	0.0
ime-	0.0817205832606	0.903680096854	0.00658749799705	0.0080118218883
yop-	0.00581395348837	0.994186046512	0.0	0.0
ara-	0.149823360409	0.0667977986981	0.00821050065156	0.775168340241
gad-	0.0	1.0	0.0	0.0
sem-	0.0	1.0	0.0	0.0
amo-	0.192082035575	0.690131517679	0.0488612493662	0.06892519738
ebo-	0.446736906935	0.316752084112	0.0606537184084	0.175857290544
–ar-	0.0267857142857	0.107142857143	0.0535714285715	0.8125
isu-	0.433739675363	0.441981619676	0.0725153419191	0.0517633630419
eem-	0.460093896714	0.361502347418	0.018779342723	0.159624413146
pud-	0.0	1.0	0.0	0.0
gab-	0.0	1.0	0.0	0.0
ose-	0.28314028314	0.557271557272	0.0862290862291	0.073359073359
aji-	0.578616352201	0.421383647799	0.0	0.0
sek-	0.195599153545	0.130375524551	0.0824037875256	0.591621534378
buk-	0.119496855346	0.682389937107	0.188679245283	0.00943396226414
kek-	0.380708236141	0.440628082095	0.0791364653945	0.099527216369
los-	0.0461152438957	0.388774055201	0.512385458002	0.0527252429009
ago-	0.218807548564	0.520071332606	0.169113704415	0.0920074144139
luj-	0.187777762949	0.777656181185	0.0186843545223	0.0158817013439
noa-	0.0	1.0	0.0	0.0
loe-	0.347676736612	0.133473073402	0.269561819076	0.24928837091
key-	0.600669519602	0.206239646604	0.097839591386	0.0952512424076
eun-	0.0416666666667	0.958333333333	0.0	0.0
cuc-	0.24934871604	0.631559359881	0.119091924079	0.0
kal-	0.391382619073	0.260466446977	0.0753940077028	0.272756926247
aba-	0.204508112134	0.574421669563	0.12256927109	0.0985009472131
ekr-	0.210526315789	0.456140350877	0.298245614035	0.0350877192982
kil-	0.58386709017	0.204598366996	0.0811979222041	0.13033662063
