-imó	0.366492146597	0.228233469071	0.0349040139616	0.37037037037
-épi	0.513309462675	0.350403995194	0.0991849426397	0.0371015994912
-épo	0.612903225807	0.254917387883	0.00944138473642	0.122738001574
-hôi	0.121758737317	0.445321307779	0.426155580609	0.00676437429537
-okô	0.391061452514	0.268156424581	0.167597765363	0.173184357542
-hôe	0.0111862036821	0.982055464927	0.00279655092053	0.00396178047075
-épa	0.305533243411	0.302577936741	0.239122198142	0.152766621706
-edi	0.24861878453	0.75138121547	0.0	0.0
-okó	0.364157991001	0.210661639757	0.152492194684	0.272688174558
-épe	0.103896103896	0.731601731602	0.164502164502	0.0
-eum	0.408122941822	0.567727771679	0.0	0.0241492864983
-heo	0.341741460717	0.28265770556	0.307541792505	0.0680590412182
-oké	0.488929544605	0.276868466859	0.133679337276	0.100522651259
-rbe	0.0095238095238	0.971428571429	0.0	0.0190476190476
-imé	0.322934232715	0.383642495784	0.0505902192243	0.242833052277
-ivi	0.47556079531	0.412312006118	0.0164414988529	0.0956856997196
-hea	0.516346580601	0.23817888603	0.0366099686478	0.208864564721
-ivo	0.167334727061	0.275195201703	0.0370941980645	0.520375873171
-âvo	0.156363636364	0.367272727273	0.0109090909091	0.465454545455
-oye	0.372381193645	0.230159801823	0.100966724857	0.296492279675
-úku	0.0323538367844	0.932152101096	0.0216009439708	0.0138931181486
-oya	0.374836784291	0.328546219431	0.0754241147445	0.221192881533
-êtu	0.0	1.0	0.0	0.0
-nsu	0.0597609561753	0.90438247012	0.0239043824701	0.0119521912351
-biú	0.299779249448	0.248123620309	0.0556291390728	0.39646799117
-xea	0.421237963324	0.264064347394	0.0454316471753	0.269266042106
-oyi	0.219593835246	0.26012408969	0.0198243444172	0.500457730647
-idá	0.549673472762	0.399735471605	0.0191783086716	0.0314127469621
-úka	0.479948880663	0.266106998061	0.0612550678654	0.192689053411
-zim	0.0	1.0	0.0	0.0
-êti	0.24101916485	0.170582497559	0.0242590351446	0.564139302447
-úke	0.175129404769	0.557729278347	0.0382882064293	0.228853110455
-heu	0.0	0.0188679245283	0.981132075472	0.0
-úki	0.371421977099	0.449609629195	0.0640430657955	0.114925327911
-aum	0.166753955891	0.800640984487	0.00655513919534	0.026049920426
-nsa	0.130952380952	0.809523809524	0.0238095238095	0.0357142857143
-úko	0.293557922774	0.29087858824	0.0417682166643	0.373795272322
-nti	0.038671294001	0.498016856718	0.0342092216162	0.429102627665
-nso	0.390410958904	0.431506849315	0.178082191781	0.0
-îve	0.0428571428571	0.942857142857	0.0142857142857	0.0
-nta	0.0318313045976	0.0867932851708	0.00422072547151	0.87715468476
-îvi	0.0425531914893	0.918166939444	0.0392798690671	0.0
-óne	0.535155853982	0.207375404836	0.0611731940173	0.196295547165
-nte	0.0	1.0	0.0	0.0
-utí	0.163591210634	0.0270484643835	0.0164859079141	0.792874417069
-ôxu	0.358288770054	0.561497326203	0.0641711229947	0.0160427807487
-óto	0.11797752809	0.874648876405	0.0	0.00737359550561
-oga	0.394	0.426	0.024	0.156
-óti	0.0450165919677	0.891073115937	0.0263893318542	0.0375209602412
-a'í	0.230179028133	0.50895140665	0.260869565217	0.0
-óte	0.120616159659	0.72151714784	0.146241038558	0.011625653943
-a'á	0.550020088389	0.152671755725	0.208919244677	0.0883889112092
-ntu	0.0339762839763	0.725494725495	0.00818125818126	0.232347732348
-ará	0.126984126984	0.666666666667	0.111111111111	0.095238095238
-e'á	0.199150292087	0.197026022305	0.430164630908	0.1736590547
-ama	0.376296817303	0.508528222261	0.0158255670828	0.0993493933533
-ósa	0.292682926829	0.707317073171	0.0	0.0
-opu	0.102785309342	0.0842987429134	0.762632487059	0.0502834606852
-'iu	0.57114906988	0.339382039853	0.0568027640037	0.0326661262641
-óse	0.024154589372	0.95652173913	0.00966183574879	0.00966183574879
-e'ê	0.349206349206	0.460317460317	0.15873015873	0.031746031746
-e'é	0.491395793499	0.256214149139	0.126195028681	0.126195028681
-opo	0.346275602819	0.176189458165	0.0550025412121	0.422532397805
-e'ó	0.664142067574	0.269266664535	0.0427388944291	0.0238523734624
-opi	0.427152697626	0.291401739852	0.0607858183203	0.220659744201
-'ii	0.117863268807	0.343053173242	0.41166380789	0.127419750061
-ope	0.254310759658	0.49660473402	0.161782095841	0.0873024104813
-mbo	0.293016558675	0.408027357811	0.130669546436	0.168286537077
-ósu	0.0	1.0	0.0	0.0
-opa	0.58482679751	0.240405721962	0.0656058610706	0.109161619458
-dea	0.326957939667	0.35612680447	0.0993717327706	0.217543523092
-imu	0.0885233059147	0.880924402663	0.0	0.0305522914218
-unú	0.285323609845	0.274384685506	0.344576116682	0.0957155879672
-heú	0.138058606807	0.0907952645489	0.0872231671716	0.683922961473
-éni	0.263899934929	0.343792928928	0.130503940424	0.26180319572
-oku	0.134855328976	0.21048505056	0.0300080130408	0.624651607423
-ohí	0.380650094146	0.357075610314	0.167516516288	0.0947577792531
-râe	0.0272259755975	0.968068300225	0.00336123155524	0.0013444926221
-apo	0.323913043478	0.401227858293	0.0870571658615	0.187801932367
-ima	0.123541523679	0.790665751544	0.085792724777	0.0
-oko	0.113903535706	0.041269174448	0.00982162502691	0.835005664819
-atu	0.0	1.0	0.0	0.0
-oki	0.410173960393	0.227719026739	0.143438512022	0.218668500845
-aka	0.273151634824	0.195469818436	0.0725372283173	0.458841318423
-oke	0.257115366955	0.173479159744	0.0444900251679	0.524915448132
-imo	0.399320270776	0.256432570198	0.08526570717	0.258981451855
-éfa	0.364285714286	0.592857142857	0.0	0.0428571428571
-oyâ	0.100840336134	0.680672268908	0.0168067226891	0.201680672269
-âko	0.315919172006	0.163627402661	0.0354854608182	0.484967964514
-rpa	0.0182370820669	0.981762917933	0.0	0.0
-âka	0.305479032752	0.17661463116	0.045301499847	0.472604836241
-ide	0.0	1.0	0.0	0.0
-oyê	0.38679245283	0.27358490566	0.0452830188679	0.294339622642
-ida	0.00275482093664	0.997245179063	0.0	0.0
-îdi	0.0367346938776	0.848979591837	0.114285714286	0.0
-nôa	0.512293885889	0.270739092368	0.172643367868	0.0443236538742
-dôa	0.406896551724	0.510344827586	0.0827586206897	0.0
-áli	0.0	1.0	0.0	0.0
-úpi	0.372549019608	0.549019607843	0.0	0.078431372549
-épu	0.870563674321	0.0125260960334	0.00626304801671	0.110647181628
-rpu	0.0	1.0	0.0	0.0
-âku	0.0	0.999001996008	0.000998003992015	0.0
-úpo	0.425503799141	0.296993723158	0.277502477701	0.0
-ála	0.0	0.986301369863	0.0	0.013698630137
-úyo	0.922155688623	0.068862275449	0.00898203592815	0.0
-êbi	0.0212765957447	0.978723404255	0.0	0.0
-uta	0.103448275862	0.844827586207	0.0	0.051724137931
-eje	0.0277777777778	0.930555555556	0.0416666666667	0.0
-ntá	0.0502512562814	0.715242881072	0.0	0.234505862646
-âdo	0.0145737187272	0.971581248482	0.00242895312121	0.0114160796697
-uti	0.16369858116	0.343379782413	0.072280773163	0.420640863264
-âdi	0.0	1.0	0.0	0.0
-tôa	0.42214532872	0.108996539792	0.0242214532872	0.444636678201
-a'u	0.439351017255	0.109193922225	0.151429307237	0.300025753284
-éne	0.228291598812	0.109800676832	0.0191532908186	0.642754433537
-tea	0.0432825108293	0.0279304826272	0.00725601518266	0.921530991361
-a'i	0.190744236334	0.314492215795	0.0708125332296	0.423951014641
-íla	0.0	1.0	0.0	0.0
-a'o	0.145620437956	0.760218978102	0.00802919708029	0.0861313868613
-utu	0.00868799530378	0.980745523921	0.00140886410332	0.00915761667156
-a'a	0.178213862801	0.709484115293	0.0436313596458	0.0686706622604
-íli	0.38868940754	0.0861759425494	0.0	0.52513464991
-êbu	0.0387722132471	0.961227786753	0.0	0.0
-meu	0.0	0.992125541369	0.00787445863096	0.0
-êka	0.728027124296	0.234814591477	0.0206434912371	0.0165147929897
-e'e	0.302049622438	0.352116251031	0.273494511073	0.0723396154578
-ara	0.342202283348	0.0880441929594	0.0172098690398	0.552543654653
-nza	0.103414552945	0.813562496099	0.00873925799538	0.0742836929607
-opô	0.796723212991	0.0662606930549	0.0634333768305	0.0735827171234
-ari	0.0	1.0	0.0	0.0
-yûi	0.191082802548	0.40862322391	0.192062714356	0.208231259187
-êko	0.31894097339	0.182594660031	0.0403524110565	0.458111955523
-mee	0.310861423221	0.0	0.554307116105	0.134831460674
-aru	0.0941253054786	0.795442758939	0.0317962441326	0.0786356914495
-e'u	0.0931314821699	0.76743378466	0.0362236317346	0.103211101435
-ram	0.0410677618069	0.958932238193	0.0	0.0
-mea	0.415183026546	0.155718852822	0.0426460890279	0.386452031604
-êku	0.229319356779	0.046730269807	0.0182082936199	0.705742079794
-éye	0.402872002707	0.079107983112	0.0155152201238	0.502504794057
-môa	0.556777193516	0.202902959454	0.109947416453	0.130372430577
-éya	0.457506551853	0.253463122426	0.146012729315	0.143017596406
-opâ	0.820932509744	0.0620950441046	0.00182828961749	0.115144156534
-áti	0.211054672906	0.337493550625	0.312011849058	0.139439927411
-aye	0.381888584574	0.145005630681	0.0962391415989	0.376866643147
-aya	0.353015136128	0.506020600609	0.0502119702758	0.0907522929864
-óya	0.239974937343	0.328320802005	0.0300751879699	0.401629072682
-xoe	0.0734771536946	0.889534347167	0.0129959591569	0.0239925399819
-ayi	0.288774529559	0.185122609046	0.0555693337881	0.470533527607
-óye	0.377897991798	0.16561675752	0.104006841388	0.352478409294
-ayu	0.0	0.602780536246	0.188679245283	0.208540218471
-âva	0.0912020846191	0.830898991977	0.0370294178153	0.0408695055887
-éti	0.277642302495	0.45703548143	0.0730778181682	0.192244397907
-ayá	0.387096774194	0.341935483871	0.0774193548387	0.193548387097
-imô	0.396716826265	0.575923392613	0.0273597811217	0.0
-éta	0.103970320229	0.869422025514	0.0143061702682	0.0123014839885
-ópa	0.56534286757	0.234348188415	0.0852049958075	0.115103948208
-ûru	0.0	0.990180032733	0.00981996726678	0.0
-u'ó	0.0750092224454	0.717998114522	0.0487764889125	0.15821617412
-mâu	0.030303030303	0.969696969697	0.0	0.0
-ixô	0.330601092896	0.571038251366	0.0163934426229	0.0819672131147
-ópi	0.339820062561	0.325108490219	0.0293412149784	0.305730232241
-í'e	0.0811229605323	0.880594294048	0.0	0.0382827454197
-u'ú	0.297103561813	0.388815529985	0.314080908202	0.0
-í'a	0.140669085046	0.165659008464	0.0785973397824	0.615074566707
-ópo	0.518625705452	0.252760125275	0.068119024915	0.160495144358
-ixâ	0.558007492318	0.227654310632	0.0565130992221	0.157825097827
-exo	0.526708287498	0.244156892438	0.0767651946988	0.152369625365
-âra	0.260306070147	0.527348612433	0.0629713699934	0.149373947426
-ûre	0.0874727884425	0.897090837126	0.0	0.015436374431
-xae	0.439396906207	0.396122968475	0.0	0.164480125318
-âre	0.0158696572154	0.977359289039	0.00380871773169	0.00296233601354
-exi	0.5273016434	0.250397596749	0.0745714790599	0.147729280792
-î'i	0.00336322869955	0.963004484305	0.0	0.0336322869955
-u'í	0.499427065089	0.324981743266	0.0843668920804	0.0912242995648
-viu	0.3474663909	0.410806618407	0.0426577042399	0.199069286453
-exa	0.232464612074	0.555010439912	0.049915643534	0.16260930448
-ota	0.0	1.0	0.0	0.0
-ukô	0.421705426357	0.519379844961	0.0248062015504	0.0341085271318
-evó	0.359154929578	0.640845070422	0.0	0.0
-oti	0.268441699409	0.318095328849	0.130100773345	0.283362198398
-ali	0.11052805473	0.0503333138981	0.089304802441	0.749833828931
-ûyo	0.184902949506	0.500639635284	0.0569040547075	0.257553360503
-êyo	0.528657885368	0.471342114632	0.0	0.0
-îje	0.0	0.973333333333	0.0	0.0266666666666
-ûyu	0.216748768473	0.369458128079	0.354679802956	0.0591133004926
-umo	0.427792378978	0.299158068581	0.0630362151236	0.210013337317
-upí	0.331679073615	0.186931348222	0.436724565757	0.044665012407
-umi	0.0	0.848920863309	0.0	0.151079136691
-êya	0.0969696969697	0.0242424242424	0.290909090909	0.587878787879
-ako	0.217968453427	0.126497143292	0.0320253466473	0.623509056634
ALL	0.222946636426	0.279167306612	0.0526193405601	0.445266716402
-aki	0.637334234786	0.192622171516	0.137506778503	0.0325368151951
-nam	0.115648929904	0.831337129393	0.0117808757118	0.0412330649911
-â'u	0.233711048159	0.426345609065	0.148725212465	0.191218130312
-ake	0.346263523182	0.474245123962	0.0647637892747	0.114727563581
-oze	0.0743134087237	0.172859450727	0.0145395799677	0.738287560582
-keu	0.346633561578	0.466956336198	0.083991232324	0.102418869901
-siu	0.116365077269	0.861841236296	0.015849953771	0.00594373266411
-nae	0.0456421265487	0.791886799276	0.00559216424864	0.156878909927
-aúm	0.0115740740741	0.960648148148	0.0	0.0277777777778
-juá	0.132675438597	0.262244152047	0.0186403508772	0.586440058479
-â'i	0.285714285714	0.196765498652	0.177897574124	0.33962264151
-maî	0.165380374862	0.73539140022	0.0992282249173	0.0
-aku	0.266865883781	0.252045929178	0.109452512161	0.371635674881
-avó	0.17747440273	0.679180887372	0.0819112627986	0.0614334470989
-â'a	0.236851445322	0.130006704087	0.0138463493399	0.619295501251
-nau	0.574001125492	0.41924592009	0.0	0.00675295441755
-a'û	0.335664335664	0.370629370629	0.251748251748	0.0419580419581
-ône	0.112557427259	0.827973455845	0.017866258295	0.0416028586013
-sêa	0.186646433991	0.223065250379	0.244309559939	0.34597875569
-goa	0.310223900728	0.232533045589	0.0633935797141	0.393849473968
-sêo	0.309256661992	0.11079943899	0.161991584853	0.417952314165
-goe	0.629169117029	0.120725867428	0.154582878266	0.0955221372763
-ôno	0.114707245481	0.717209949019	0.045110458829	0.122972346671
-moe	0.519771712478	0.133942242829	0.0727050786479	0.273580966046
-ônu	0.177642467461	0.491959706585	0.00858176171311	0.321816064241
-moa	0.557202612461	0.164153744546	0.0351225790427	0.243521063951
-moo	0.116591928251	0.233183856502	0.636771300449	0.0134529147982
-mom	0.35098206661	0.595217762596	0.0153714773698	0.0384286934244
-gou	0.275049115914	0.683693516699	0.0	0.041257367387
-ayú	0.23752310536	0.252618607517	0.0215650030807	0.488293284042
-ézu	0.0	0.946902654867	0.0530973451327	0.0
-íhe	0.64430032427	0.198553255176	0.0	0.157146420554
-íha	0.631455399061	0.0399061032864	0.0422535211268	0.286384976526
-ího	0.737545252403	0.0349523126964	0.0132311593803	0.214271275521
-exô	0.254565469724	0.394427256092	0.0909892642788	0.260018009906
-axa	0.303414545784	0.491350421157	0.096730368626	0.108504664433
-ûku	0.15625	0.697916666667	0.0	0.145833333333
-exó	0.707859522928	0.0615380546887	0.0536838208071	0.176918601576
-íhi	0.473298429319	0.137172774869	0.196858638743	0.192670157068
-ûki	0.0	1.0	0.0	0.0
-a'ó	0.736196319018	0.230061349693	0.0276073619632	0.00613496932515
-ixa	0.49569462119	0.253162844139	0.0731316048202	0.178010929851
-yaa	0.167464114833	0.516746411483	0.315789473684	0.0
-ûko	0.526012840381	0.13202900155	0.0428935133938	0.299064644676
-ixe	0.48487006052	0.300818796725	0.065503737985	0.14880740477
-yam	0.168224299065	0.757009345794	0.0747663551402	0.0
-ixi	0.419198207748	0.292523178471	0.134141204679	0.154137409103
-ûke	0.112019086917	0.641564224207	0.00210852842735	0.244308160449
-ixo	0.277510801428	0.213560739649	0.0810559377598	0.427872521164
-u'i	0.359304135801	0.302868615636	0.236305583819	0.101521664744
-exá	0.102852203976	0.700086430424	0.0311149524632	0.165946413137
-evu	0.464944649447	0.070110701107	0.0	0.464944649447
-rei	0.0186335403727	0.0	0.0186335403727	0.962732919255
-reo	0.0742459396752	0.542923433875	0.354988399072	0.0278422273782
-umó	0.297391304348	0.267826086957	0.0208695652174	0.413913043478
-ênu	0.392435808466	0.437543372658	0.0746009715475	0.0954198473282
-rea	0.148954923319	0.834245649239	0.0	0.016799427442
-otí	0.0235874142595	0.909438624646	0.00514634492935	0.0618276161651
-êno	0.0835227622109	0.3748358215	0.146686464198	0.394954952091
-eve	0.078427404053	0.860095630835	0.022769246338	0.0387077187745
-feu	0.0	1.0	0.0	0.0
-eva	0.151898734177	0.740506329114	0.0189873417722	0.0886075949367
-upa	0.15859030837	0.559471365639	0.176211453744	0.105726872247
-nha	0.0	1.0	0.0	0.0
-upo	0.172791433439	0.628905430468	0.162133583975	0.0361695521186
-êne	0.149079020346	0.69788656333	0.0287532475115	0.124281168812
-evo	0.198980766876	0.423940493165	0.088518800078	0.288559939881
-iti	0.0973041670671	0.535456548161	0.0736724106492	0.293566874122
-evi	0.331	0.503	0.086	0.08
-êna	0.0	1.0	0.0	0.0
-reu	0.258443163097	0.397266268534	0.11931116145	0.224979406919
-avi	0.378781028225	0.339782324684	0.0830583456776	0.198378301413
-îxo	0.770572207085	0.159128065395	0.0294277929155	0.0408719346049
-naé	0.174629324547	0.565074135091	0.0	0.260296540362
-ôpe	0.0335152105485	0.849851856743	0.112611107443	0.00402182526582
-hae	0.017886366477	0.0700881547981	0.00180164855392	0.910223830171
-aké	0.619905508541	0.267950781372	0.112143710088	0.0
-avo	0.316125978377	0.188831579753	0.0754241400347	0.419618301835
-ava	0.16166564605	0.339252908757	0.20943049602	0.289650949173
-úne	0.123942688959	0.662306596714	0.0424953683253	0.171255346001
-ápi	0.44629206429	0.294081078209	0.118338415037	0.141288442464
-îxa	0.296137339056	0.472103004292	0.128755364807	0.103004291846
-ápo	0.389300163553	0.14360420074	0.0942584143928	0.372837221314
-aká	0.918300653595	0.0560224089636	0.00887021475258	0.0168067226891
-atá	0.965078360751	0.0199552224277	0.00219020733963	0.0127762094812
-mam	0.0496688741722	0.73178807947	0.129139072848	0.0894039735099
-akú	0.332586284178	0.491259524877	0.122366651726	0.05378753922
-ápu	0.318166789879	0.257542813759	0.251764789146	0.172525607216
-íka	0.400494826156	0.16873280843	0.0408590570166	0.389913308398
-hâe	0.151146131805	0.676575931232	0.0121776504298	0.160100286533
-zli	0.0	1.0	0.0	0.0
-tiu	0.337321414103	0.397277662246	0.16736435574	0.09803656791
-ína	0.157453118784	0.610422653242	0.151756428945	0.0803677990296
-ó'u	0.245361535079	0.414195765205	0.0273797489585	0.313062950757
-nku	0.0155440414508	0.269430051813	0.279792746114	0.435233160622
-uno	0.510427287052	0.37325053295	0.0421725831866	0.0741495968116
-uni	0.15810322731	0.23534894559	0.047069789118	0.559478037982
-une	0.258069991862	0.321291298153	0.0925199136072	0.328118796378
-eké	0.553519061584	0.272971652004	0.0989736070381	0.0745356793743
-ô'u	0.0350633409759	0.811312597945	0.00524946540371	0.148374595675
-una	0.136264210507	0.771636605687	0.0240435922326	0.0680555915736
-zâu	0.0	1.0	0.0	0.0
-ekó	0.27718960539	0.566891241578	0.0404234841194	0.115495668912
-ô'o	0.223742461502	0.293103527428	0.151489183279	0.331664827791
-ó'a	0.0636752136752	0.123931623932	0.000854700854699	0.811538461538
-nka	0.66265060241	0.33734939759	0.0	0.0
-ô'i	0.125	0.688016528926	0.0671487603306	0.119834710744
-unu	0.496434130978	0.235039640879	0.0757520906492	0.192774137494
-ô'e	0.132328212728	0.867671787272	0.0	0.0
-ó'i	0.448601662887	0.443688586546	0.0453514739229	0.062358276644
-é'a	0.0356777460059	0.896359645671	0.000262336367691	0.0677002719554
-ade	0.0	1.0	0.0	0.0
-é'e	0.181580307813	0.461460423988	0.0251805601933	0.331778708005
-ada	0.145142180095	0.843009478673	0.0	0.0118483412322
-así	0.204074381144	0.0712621895851	0.0347427849501	0.689920644321
-gai	0.0	1.0	0.0	0.0
-adi	0.0	1.0	0.0	0.0
-gau	0.0	1.0	0.0	0.0
-asô	0.0234741784038	0.299128101945	0.351441985245	0.325955734406
-asó	0.592592592593	0.0740740740741	0.333333333333	0.0
-é'u	0.259689922481	0.486792994545	0.00459374102785	0.248923341947
-jôe	0.0	1.0	0.0	0.0
-mbê	0.387031408308	0.187436676798	0.233029381965	0.192502532928
-jôa	0.310776942356	0.393483709273	0.210526315789	0.0852130325815
-uhô	0.468013468014	0.26430976431	0.020202020202	0.247474747475
-apé	0.352454207679	0.0314842578711	0.014405840558	0.601655693892
-seo	0.230552330403	0.199701443025	0.152319345386	0.417426881185
-ini	0.212474968802	0.0792582058798	0.0284194793511	0.679847345967
-erú	0.352579132474	0.338218053927	0.114302461899	0.1949003517
-éha	0.234841704437	0.236768047811	0.101635239528	0.426755008224
-óke	0.273750040822	0.456671891839	0.126016459293	0.143561608047
-sei	0.0215113072256	0.11527854385	0.0827357970215	0.780474351903
-ino	0.330620315612	0.255200524007	0.0767973371732	0.337381823208
-óki	0.344354110737	0.463620004455	0.0356971196117	0.156328765196
-ina	0.126883835437	0.0984716140855	0.0148822031379	0.759762347339
-a'â	0.616724738676	0.0522648083624	0.0418118466899	0.289198606272
-éhi	0.103092783505	0.360824742268	0.247422680412	0.288659793814
-áfu	0.0	1.0	0.0	0.0
-óko	0.170051783477	0.575245119154	0.0556546889574	0.199048408412
-uhó	0.245762711864	0.516949152542	0.00847457627119	0.228813559322
-ôpo	0.646779733031	0.199943348794	0.0293878129094	0.123889105265
-ûka	0.511384845091	0.212392683837	0.197835013065	0.0783874580067
-îni	0.0526315789474	0.921052631579	0.0263157894737	0.0
-óku	0.204601602944	0.751555196425	0.0292288004206	0.0146144002103
-móm	0.215425531915	0.640957446808	0.0	0.143617021277
-ôpi	0.126726462896	0.185640732266	0.372211098398	0.31542170644
-éhu	0.00931836183201	0.934771467176	0.055910170992	0.0
-áfa	0.0	1.0	0.0	0.0
-îna	0.2372030992	0.208624412549	0.048012193573	0.506160294678
-inu	0.202199487016	0.509441886042	0.0525516708534	0.235806956089
-îne	0.122786304604	0.761117670209	0.0452577725305	0.0708382526564
-âne	0.141133553948	0.295507478426	0.0104414988437	0.552917468782
-bea	0.215998610416	0.542928957505	0.153099488102	0.0879729439772
-îgu	0.0118451025057	0.957175398633	0.030979498861	0.0
-âna	0.274496644295	0.551677852349	0.141610738255	0.0322147651007
-úso	0.112044817927	0.266106442577	0.324929971989	0.296918767507
-exâ	0.617066358471	0.132042762207	0.0771453337186	0.173745545603
-neu	0.109361734367	0.16298219544	0.0277203966978	0.699935673495
-úse	0.0322580645161	0.935483870968	0.0322580645161	0.0
-neo	0.13137254902	0.247058823529	0.0117647058823	0.609803921569
-ânu	0.824372996729	0.167300003304	0.00832699996695	0.0
-nem	0.261515706629	0.459035212701	0.0856774543728	0.193771626298
-apu	0.299221781749	0.238106382274	0.0867242355109	0.375947600466
-kim	0.0	1.0	0.0	0.0
-ûlu	0.0701594871844	0.744926062048	0.00151138577282	0.183403064994
-nee	0.643678160919	0.155172413793	0.0	0.201149425287
-íva	0.0	0.80443285528	0.117340286832	0.0782268578877
-nea	0.416577363072	0.362045004359	0.0342609662604	0.187116666309
-vêo	0.0279023418037	0.919780767314	0.0	0.0523168908819
-eka	0.496651785714	0.247448979592	0.0946667729592	0.161232461735
-hoa	0.529784309233	0.184728177266	0.0214381566458	0.264049356855
-uné	0.618069815195	0.221765913758	0.0246406570842	0.135523613963
-eke	0.151525300785	0.297627843567	0.0899822320887	0.460864623559
-hoe	0.400338140059	0.265857415084	0.00471427070327	0.329090174154
-úxa	0.498122317597	0.296673819742	0.0657188841202	0.139484978541
-eki	0.429163759856	0.418804543839	0.0825314922799	0.0695002040252
-ôti	0.307227195104	0.585597916905	0.030028766703	0.0771461212885
-eko	0.274836011435	0.0322081872596	0.00744648466036	0.685509316645
-uná	0.461910372567	0.432860683379	0.0853207654491	0.0199081786048
-vêa	0.161616161616	0.333333333333	0.383838383838	0.121212121212
-nêa	0.472859120826	0.459589576198	0.0248873221488	0.0426639808265
-ímo	0.246683881614	0.153083354548	0.0307275262168	0.569505237621
-ehí	0.0962235222571	0.238485982749	0.0651140480861	0.600176446907
-ími	0.53032659409	0.237947122862	0.0979782270607	0.133748055988
-nzé	0.234375	0.046875	0.0	0.71875
-eku	0.176485210484	0.0592211837785	0.0108622525242	0.753431353214
-hou	0.067440439829	0.390103848503	0.29590714722	0.246548564447
-íma	0.27961496662	0.325648191275	0.272706101537	0.122030740568
-joa	0.679938796716	0.0443038697375	0.0288317708987	0.246925562648
-uku	0.263649346369	0.488791671782	0.106816757242	0.140742224606
-asa	0.121681415929	0.336283185841	0.50221238938	0.0398230088496
-aso	0.107334525939	0.357781753131	0.250447227191	0.284436493739
-ovi	0.29889097009	0.4661061071	0.0617680924289	0.173234830381
-yeu	0.0663741148538	0.669802053425	0.125101931676	0.138721900044
-noe	0.34290881955	0.233318769639	0.0682320066272	0.355540404185
-mba	0.545454545455	0.34965034965	0.041958041958	0.0629370629371
-asu	0.0	0.868421052632	0.131578947368	0.0
-yem	0.554557700943	0.180511899416	0.00898069151326	0.255949708128
-mbe	0.0100376411543	0.989962358846	0.0	0.0
-yea	0.272850054989	0.127127793678	0.0640816446044	0.535940506729
-mbi	0.66587957497	0.168831168831	0.136953955136	0.0283353010625
-uhá	0.0502994034216	0.161495249958	0.0339031605316	0.754302186088
-ídu	0.061855670103	0.422680412371	0.0	0.515463917526
-iné	0.345987312456	0.0770315174705	0.0221528546974	0.554828315376
-seí	0.145161290323	0.182795698925	0.0	0.672043010753
-ihi	0.582176984853	0.243258869574	0.0871708854326	0.0873932601403
-inâ	0.278320662777	0.219662837796	0.118662899035	0.383353600392
-rau	0.0120053166402	0.97598936672	0.0120053166402	0.0
-ita	0.0413788266648	0.885857558649	0.0369954763825	0.0357681383035
-eru	0.306701030928	0.677835051546	0.0	0.0154639175258
-ohú	0.257236980444	0.0642741992009	0.045559683185	0.63292913717
-iye	0.240279928004	0.0593336605873	0.0318443278078	0.668542083601
-inú	0.2	0.697142857143	0.0	0.102857142857
-xoa	0.408036947314	0.082920017755	0.0224983068804	0.486544728051
-ero	0.949584936222	0.0504150637781	0.0	0.0
-era	0.0476366663583	0.944963463139	0.00184996762556	0.00554990287671
-inó	0.563636363636	0.363636363636	0.0363636363636	0.0363636363636
-ere	0.0841534915987	0.404124677178	0.279856884742	0.231864946482
-ohê	0.0144385026738	0.919251336898	0.0	0.0663101604278
-use	0.0612739074495	0.0589825509953	0.0243375305394	0.855406011016
-átu	0.0478977932637	0.874332171893	0.0376306620209	0.0401393728223
-neú	0.182770625329	0.360417761429	0.356575144509	0.100236468734
-âum	0.0534061239022	0.859350002004	0.00524042774221	0.0820034463519
-iya	0.0981628240891	0.76521411558	0.0292891762887	0.107333884042
-urú	0.350590372389	0.504087193461	0.0108991825613	0.134423251589
-e'ú	0.772532188841	0.175965665236	0.0515021459228	0.0
-áte	0.0	1.0	0.0	0.0
-áta	0.0140916020857	0.977101146611	0.00616507591248	0.00264217539106
-êsa	0.297891166495	0.637811532222	0.00442412623507	0.0598731750479
-poa	0.614356463789	0.20738905629	0.0685120875509	0.10974239237
-aza	0.0	0.977570093458	0.022429906542	0.0
-poe	0.54233787691	0.380008261049	0.0479140850888	0.0297397769516
-ike	0.216830302873	0.461041379367	0.0786757695652	0.243452548196
-boo	0.371428571429	0.628571428571	0.0	0.0
-ika	0.3682885496	0.429658154404	0.0895314537254	0.11252184227
-ipí	0.477941176471	0.323529411765	0.110294117647	0.0882352941176
-iko	0.243448942764	0.386548829096	0.0657954891412	0.304206738999
-lam	0.0980392156863	0.901960784314	0.0	0.0
-iki	0.468216895034	0.321174216534	0.131686776429	0.0789221120032
-ûza	0.0	1.0	0.0	0.0
-lau	0.0	1.0	0.0	0.0
-iku	0.305052864673	0.265649546676	0.0705388807859	0.358758707866
--na	0.00962800875275	0.952735229759	0.015317286652	0.0223194748359
-êxo	0.714816451121	0.169511607358	0.0343401076391	0.0813318338822
-noo	0.927272727273	0.0727272727273	0.0	0.0
-êxa	0.453956196411	0.433237053378	0.039118469831	0.0736882803794
-noa	0.408710863628	0.266304175552	0.0651356818808	0.259849278939
-oné	0.628519424379	0.303936067345	0.0142198964792	0.0533246117968
-êxe	0.673336938886	0.188209843159	0.0897782585181	0.0486749594375
-otú	0.693548387097	0.258064516129	0.0	0.0483870967742
-úve	0.341392649903	0.570116054159	0.0159574468085	0.0725338491296
-ahi	0.17296924839	0.186677192518	0.456140510991	0.184213048101
-aho	0.0574114487158	0.77052207487	0.0990431425214	0.0730233338929
-úva	0.125464413167	0.815783369187	0.0154777347562	0.0432744828899
-úvo	0.956362153344	0.03955954323	0.00407830342577	0.0
-îha	0.332075265112	0.452105922474	0.00921975081232	0.206599061601
-gea	0.403372653734	0.280780334564	0.020582737768	0.295264273934
-aha	0.328954068642	0.385986352989	0.202566452796	0.0824931255729
-uxâ	0.630705394191	0.103734439834	0.0829875518672	0.182572614108
-óhi	0.0512820512821	0.82905982906	0.119658119658	0.0
-doe	0.620362229647	0.156145595217	0.00211007561104	0.221382099525
-ôtu	0.0526315789474	0.947368421053	0.0	0.0
-óho	0.0359820089955	0.937031484258	0.0179910044978	0.00899550224888
-uxô	0.0	0.0323232323232	0.475151515152	0.492525252525
-upi	0.173482032218	0.306071871127	0.0185873605948	0.50185873606
-á'a	0.124299047284	0.672653588267	0.0129215448361	0.190125819613
-uxó	0.39449983244	0.0945459115281	0.0721556635389	0.438798592493
-doi	0.0717391304348	0.0	0.0260869565217	0.902173913043
-apâ	0.457346707685	0.382722235027	0.046295832373	0.113635224915
-toe	0.172623752554	0.510481970089	0.063183572988	0.253710704369
-îra	0.00749063670412	0.98127340824	0.0112359550562	0.0
-stú	0.0718562874251	0.263473053892	0.664670658683	0.0
-haa	0.466051417271	0.36783124588	0.166117336849	0.0
-âho	0.344679633867	0.565217391304	0.0	0.0901029748284
-doa	0.6	0.114285714286	0.114285714286	0.171428571429
-olu	0.0291828793774	0.936140993362	0.00549324788279	0.0291828793775
-mpa	0.0	1.0	0.0	0.0
-voa	0.407296377852	0.415273145438	0.0992460715097	0.0781844052007
-âye	0.210274944157	0.0435572701909	0.0193213955089	0.726846390144
-voe	0.0995850622406	0.719225449516	0.181189488243	0.0
-'um	0.0717116658807	0.415977343597	0.00142473508373	0.510886255439
-nêo	0.517812047956	0.347341064555	0.0485448794959	0.0863020079927
-iba	0.0346114325889	0.908333784003	0.0529987561516	0.00405602725651
-voo	0.239890958655	0.160381644707	0.539754656974	0.0599727396638
-dom	0.00522041763342	0.989559164733	0.0	0.00522041763341
-ûhu	0.0364004044489	0.942366026289	0.0	0.0212335692619
-éva	0.0409090909091	0.945454545455	0.0136363636364	0.0
-eyó	0.374115267947	0.328614762386	0.194135490394	0.103134479272
-ápe	0.204739442455	0.0254924224158	0.0516205114267	0.718147623703
-ámu	0.0	1.0	0.0	0.0
-âje	0.04	0.96	0.0	0.0
-óhe	0.0541871921182	0.916256157635	0.0295566502463	0.0
-ámi	0.0	1.0	0.0	0.0
-roe	0.58932238193	0.361396303901	0.0308008213552	0.0184804928131
-eyê	0.480925846549	0.207886840977	0.311187312473	0.0
-roa	0.0220183486238	0.948623853211	0.0293577981651	0.0
-ámo	0.36571747627	0.592406476829	0.0150753768844	0.0268006700167
-ômo	0.762537458437	0.141678411625	0.0	0.095784129938
-áma	0.469609798308	0.447021459387	0.0338685515612	0.0495001907432
-rom	0.00632911392404	0.993670886076	0.0	0.0
-roo	0.188612099644	0.377224199288	0.188612099644	0.245551601424
-e'o	0.261516606559	0.326705736811	0.0352260337164	0.376551622914
-ûho	0.309582440406	0.116345737165	0.0205629285319	0.553508893896
-rdu	0.027027027027	0.774774774775	0.198198198198	0.0
-pôu	0.107171853857	0.800270635994	0.0357239512855	0.0568335588635
--hí	0.0195258019526	0.715481171548	0.264993026499	0.0
-ikâ	0.5357349103	0.227821720974	0.0887806713538	0.147662697372
-ipa	0.376519201493	0.452126502764	0.0616025773952	0.109751718348
-ikê	0.555555555556	0.444444444444	0.0	0.0
-iké	0.562205295611	0.372506347479	0.0435255712731	0.0217627856366
-akâ	0.361610169492	0.347288135593	0.113983050848	0.177118644068
-imi	0.0	1.0	0.0	0.0
-íyi	0.486753394739	0.418763650176	0.0199411261988	0.0745418288861
-ikó	0.619353077658	0.122924343751	0.0818889040535	0.175833674537
-úna	0.127699641029	0.836462072618	0.0308950744424	0.00494321191078
-pôa	0.637368915004	0.135757130616	0.0228506141103	0.20402334027
-apí	0.0765266683844	0.00515331100232	0.918320020613	0.0
-úda	0.0110701107011	0.988929889299	0.0	0.0
-ikú	0.366134751773	0.031914893617	0.0	0.60195035461
-pôi	0.0466138714314	0.845272383958	0.00636361074318	0.101750133867
-ipu	0.0	1.0	0.0	0.0
-âxa	0.19649122807	0.444444444444	0.0584795321637	0.300584795322
-ûte	0.426080639303	0.573919360697	0.0	0.0
-rîu	0.0289855072464	0.971014492754	0.0	0.0
-ahí	0.216907945524	0.452662327142	0.12628780009	0.204141927245
-toa	0.459764918626	0.238095238095	0.106992163954	0.195147679325
-ûti	0.0730267705596	0.100532191167	0.00237228926122	0.824068749012
-uxa	0.133539484044	0.737158671824	0.0133099082667	0.115991935866
-ahú	0.467277486911	0.428010471204	0.00523560209423	0.0994764397906
-êve	0.0301765059191	0.943376668669	0.00406874237111	0.0223780830411
-xku	0.129032258065	0.0430107526881	0.827956989247	0.0
-êva	0.60487804878	0.29756097561	0.0	0.0975609756098
-êvo	0.529850746269	0.175373134328	0.19776119403	0.0970149253731
-évo	0.0840336134453	0.781512605042	0.063025210084	0.0714285714285
-êvi	0.0	1.0	0.0	0.0
-áve	0.151003421001	0.848996578999	0.0	0.0
-deu	0.101658222228	0.599758414307	0.0977842312509	0.200799132214
-îpa	0.189973068158	0.723016366273	0.0621504039776	0.024860161591
-rae	0.522058823529	0.341386554622	0.0997899159663	0.0367647058824
-âki	0.297397769517	0.646840148699	0.0111524163569	0.0446096654275
-itá	0.0	1.0	0.0	0.0
-stu	0.00972845574176	0.935725054265	0.00430343969529	0.0502430502976
-îpo	0.566974595843	0.329099307159	0.0692840646652	0.0346420323326
-ávi	0.000719510732703	0.958268377503	0.0014390214654	0.0395730902986
-îpi	0.040187541862	0.939718687207	0.0	0.020093770931
-éno	0.539940817468	0.338638900319	0.0417382220109	0.0796820602026
-óxe	0.174429466288	0.467098974859	0.0310847668736	0.32738679198
-sti	0.0	1.0	0.0	0.0
-ngi	0.0645733096986	0.889845530514	0.00759685996458	0.0379842998228
-mar	0.0263469997448	0.941150860969	0.00180150425605	0.0307006350302
-ste	0.063829787234	0.776595744681	0.127659574468	0.031914893617
-ati	0.353365390313	0.142212423852	0.119240627743	0.385181558092
-sta	0.0059488399762	0.932579813603	0.0535395597858	0.00793178663497
-âyo	0.228130360206	0.293310463122	0.0102915951972	0.468267581475
-oli	0.0	1.0	0.0	0.0
-eyi	0.348277950341	0.288616694993	0.144308347497	0.218797007169
-ûse	0.0299850074962	0.958178805334	0.00378757989426	0.0080486072753
-áxo	0.387878787879	0.169696969697	0.0181818181818	0.424242424242
-eyo	0.802919708029	0.153284671533	0.0	0.0437956204379
-eya	0.101924233697	0.837095734824	0.0267241396182	0.0342558918611
-áxa	0.742747080775	0.101360298543	0.0457445527868	0.110148067895
-eye	0.273072256813	0.152026208021	0.0677105642844	0.507190970882
-ûso	0.0599228374573	0.911988332485	0.00561776601162	0.0224710640465
-áxe	0.0258094144661	0.814956601607	0.00973593570608	0.14949804822
-xoo	0.542403676589	0.382782023192	0.0748143002191	0.0
-itú	0.159663865546	0.231092436975	0.441176470588	0.168067226891
-lem	0.0169129580593	0.970530451866	0.000768770820878	0.0117878192534
-ekâ	0.457990115321	0.308072487644	0.0494233937397	0.184514003295
-mum	0.0	1.0	0.0	0.0
-lea	0.0	0.991517636248	0.00424118187601	0.00424118187601
-ití	0.849056603774	0.150943396226	0.0	0.0
-vûi	0.0668940188877	0.88850996852	0.0	0.0445960125918
-ága	0.0541760722348	0.855530474041	0.0541760722348	0.0361173814899
-itâ	0.330418250951	0.150950570342	0.208365019011	0.310266159696
-leu	0.0	1.0	0.0	0.0
-ôse	0.203647416413	0.747720364742	0.0303951367781	0.0182370820669
-o'i	0.0783188573969	0.133743687003	0.150015777395	0.637921678206
-o'ú	0.145027624309	0.331031307551	0.126151012891	0.397790055249
-ánu	0.618564714258	0.245033016367	0.0479445586558	0.08845771072
-a'ú	0.92	0.0533333333333	0.0266666666667	0.0
-o'ó	0.177737301331	0.532536208467	0.0094009812274	0.280325508975
-ndu	0.0409212467724	0.298529140539	0.0477222427149	0.612827369974
-âmo	0.415461256771	0.352085044161	0.061381416869	0.1710722822
-úre	0.0	1.0	0.0	0.0
-vom	0.377257666177	0.408643071217	0.0541400434176	0.159959219188
-ndi	0.213965133041	0.286681917025	0.00293525690876	0.496417693025
-ána	0.22083780492	0.658596033393	0.0589225120031	0.0616436496834
-udá	0.0561797752809	0.898876404494	0.0	0.0449438202247
-áne	0.170870702207	0.0811238970994	0.0147142526632	0.73329114803
-âmu	0.0	1.0	0.0	0.0
-nda	0.209762248947	0.559330114108	0.144634453911	0.0862731830344
-áni	0.0278884462152	0.94422310757	0.00398406374502	0.0239043824701
-éli	0.164473684211	0.835526315789	0.0	0.0
-nde	0.1287342162	0.865722205112	0.00554357868803	0.0
-lôe	0.0079365079365	0.933862433862	0.005291005291	0.0529100529101
-áno	0.0	0.895652173913	0.104347826087	0.0
-ínu	0.0328269294195	0.662069865875	0.0920940523307	0.213009152375
-njô	0.05859375	0.90234375	0.0	0.0390625
-o'o	0.0762737492291	0.0705126322577	0.0179421422465	0.835271476267
-o'é	0.532188841202	0.244635193133	0.171673819742	0.0515021459228
-emi	0.498719043553	0.32536293766	0.0	0.175918018787
-uvo	0.399828972396	0.413655035724	0.15127151831	0.0352444735706
-emâ	0.520190023753	0.429928741093	0.00712589073634	0.0427553444181
-uvi	0.530599467835	0.383002034747	0.0300516512757	0.0563468461418
-eho	0.276781386331	0.564469219583	0.133301017935	0.0254483761512
-íne	0.249864933386	0.273864454966	0.0988499820818	0.377420629567
-lom	0.0	1.0	0.0	0.0
-njâ	0.728949216458	0.115256226491	0.00865792536867	0.147136631682
-yom	0.0979394321933	0.674148881613	0.00220916012466	0.225702526069
-abí	0.63963963964	0.225225225225	0.0	0.135135135135
-yoa	0.287935187213	0.155463104883	0.0361287497263	0.520472958178
-íno	0.54056327365	0.255155094442	0.0910404239927	0.113241207915
-íni	0.33078162772	0.343473005641	0.156526994359	0.16921837228
-pee	0.304761904762	0.32380952381	0.257142857143	0.114285714286
-bim	0.218508997429	0.766066838046	0.0154241645244	0.0
-pea	0.476324419709	0.240100652144	0.0482453804745	0.235329547672
-kea	0.408102860885	0.169518391462	0.06208684131	0.360291906343
-koâ	0.0265486725664	0.300884955752	0.168141592921	0.504424778761
-âti	0.241499059692	0.128167284242	0.0438623019199	0.586471354145
-ové	0.212121212121	0.0606060606061	0.0	0.727272727273
-ogu	0.0	1.0	0.0	0.0
-rku	0.0295420974889	0.966026587888	0.0	0.00443131462335
-kêa	0.550045907528	0.25392894721	0.0864368386132	0.109588306649
-elu	0.0	1.0	0.0	0.0
-peu	0.333022170362	0.42734344613	0.153286658888	0.0863477246208
-eli	0.0	0.97619047619	0.00793650793651	0.015873015873
-iyi	0.191187390491	0.265467847439	0.0768973500912	0.466447411979
-aém	0.0226308345121	0.897546276367	0.0	0.0798228891212
-rka	0.0	1.0	0.0	0.0
-ela	0.130151843818	0.859002169197	0.0108459869848	0.0
-oge	0.0	1.0	0.0	0.0
-îru	0.0430976430976	0.934006734007	0.00808080808081	0.0148148148148
-uve	0.0359249894648	0.902823430257	0.020375052676	0.0408765276022
-eja	0.170714781402	0.58292852186	0.131852879944	0.114503816794
-itu	0.0348522089872	0.191781685259	0.0617634083318	0.711602697422
-eno	0.0492089272879	0.610603195838	0.0299831535614	0.310204723312
-ito	0.335270451498	0.356280733125	0.120697362539	0.187751452839
-eso	0.177514792899	0.822485207101	0.0	0.0
-ekú	0.681774349084	0.318225650916	0.0	0.0
-évi	0.123483693773	0.846348447293	0.016106568753	0.0140612901812
-ite	0.0603837471783	0.672121896163	0.23532731377	0.0321670428894
-one	0.262246326673	0.169316067162	0.0360271906993	0.532410415466
-teu	0.0	1.0	0.0	0.0
-âtu	0.0	1.0	0.0	0.0
-nûe	0.0523743016759	0.933659217877	0.0139664804469	0.0
-jêa	0.128598848368	0.790786948177	0.0690978886756	0.0115163147793
-yêo	0.253246753247	0.720779220779	0.0	0.025974025974
-ezu	0.010989010989	0.98021978022	0.0032967032967	0.00549450549451
-spi	0.0424778761062	0.915044247788	0.0424778761062	0.0
-o'u	0.125999717122	0.657080954585	0.0189656945945	0.197953633698
-ó'e	0.12678184863	0.422399215782	0.0531960952497	0.397622840338
-êru	0.0328261241238	0.923063771585	0.0420584715336	0.00205163275773
-fam	0.0	1.0	0.0	0.0
-âte	0.0	1.0	0.0	0.0
-eza	0.0530973451327	0.946902654867	0.0	0.0
-êri	0.0	1.0	0.0	0.0
-uda	0.0266666666667	0.896	0.0773333333334	0.0
-âta	0.0	1.0	0.0	0.0
-spu	0.0	1.0	0.0	0.0
-bre	0.0759493670886	0.79746835443	0.0379746835443	0.0886075949367
-îse	0.0460869180822	0.889497634284	0.016193658044	0.0482217895894
-êra	0.0	1.0	0.0	0.0
-ndâ	0.528052805281	0.174917491749	0.039603960396	0.257425742574
-o'e	0.373523882721	0.534871161057	0.0785185339052	0.0130864223175
-êre	0.0	1.0	0.0	0.0
-axo	0.258069171891	0.187689731982	0.0859813623659	0.468259733762
-îti	0.0884603993349	0.0980720902476	0.00913700783246	0.804330502585
-abu	0.195979899497	0.683417085427	0.0904522613065	0.0301507537688
-nju	0.0284230128393	0.919554104314	0.00624171425329	0.0457811685933
-rim	0.0	1.0	0.0	0.0
-úho	0.621252566984	0.170758081605	0.0420900523459	0.165899299065
-uvâ	0.563535911602	0.337016574586	0.0662983425414	0.0331491712707
-ipó	0.0772200772201	0.8712998713	0.0	0.0514800514801
-uvé	0.547437744392	0.452562255608	0.0	0.0
-eyá	0.0255183413078	0.554492291335	0.0287081339713	0.391281233386
-nje	0.309650883011	0.34368816828	0.0111030197096	0.335557929
-óvi	0.391138273491	0.272727272727	0.0809778456837	0.255156608098
-êbe	0.0	1.0	0.0	0.0
-nja	0.369566520325	0.0980524592356	0.0263829130009	0.505998107438
-njo	0.538669950739	0.238177339902	0.0869458128078	0.136206896552
-óva	0.179230072914	0.0996177512179	0.247330412565	0.473821763303
-abi	0.0	1.0	0.0	0.0
-koe	0.376856726055	0.0576757510377	0.0180403708684	0.547427152039
-yâm	0.629682997118	0.146974063401	0.136887608069	0.0864553314121
-tam	0.0	1.0	0.0	0.0
-eyâ	0.230519480519	0.194805194805	0.456168831169	0.118506493506
-koa	0.53804903724	0.285003822597	0.0642060628743	0.112741077288
-îma	0.0448177454923	0.853028927228	0.00998832533403	0.0921650019458
-tui	0.0	0.25974025974	0.0	0.74025974026
