-rbu	0.0995475113122	0.900452488688	0.0	0.0
-100	0.0256452435727	0.0807395830343	0.227986215361	0.665628958032
-pdë	0.500275184374	0.347302692804	0.0764512223189	0.0759709005033
-okö	0.125313283208	0.865775549986	0.00556947925369	0.00334168755222
-her	0.0804289544236	0.919571045576	0.0	0.0
-pör	0.456140350877	0.543859649123	0.0	0.0
-cas	0.00887573964497	0.98224852071	0.0	0.00887573964496
-car	0.0	1.0	0.0	0.0
-rba	0.23851590106	0.687279151944	0.0318021201413	0.0424028268551
-ive	0.189451769604	0.810548230396	0.0	0.0
-pök	0.9625	0.0375	0.0	0.0
-rwë	0.61127986208	0.236269600197	0.0231508086364	0.129299729086
-caz	0.0	1.0	0.0	0.0
-rbo	0.135976460938	0.728593897933	0.0312752056246	0.104154435504
-ivo	0.0370615486433	0.883520847121	0.0635340833885	0.0158835208471
-kwẽ	0.0826648064179	0.400418555982	0.424834321591	0.0920823160097
-̃gä	0.0360169491526	0.938559322034	0.00635593220339	0.0190677966102
-oye	0.256428918001	0.444262493935	0.153687530325	0.145621057739
-oya	0.338459828426	0.267561649292	0.0555074118619	0.33847111042
-dío	0.0222513161858	0.821244873941	0.128356327803	0.02814748207
-oyo	0.17818334619	0.443711319404	0.0978013376568	0.280303996749
-zir	0.415584415584	0.298701298701	0.207792207792	0.0779220779221
-ang	0.26370198785	0.308635607711	0.149626034491	0.278036369948
-jro	0.597989949749	0.364680545585	0.0373295046662	0.0
-jra	0.59520050521	0.371645089991	0.0	0.0331544047995
-ufo	0.0	0.962264150943	0.0377358490566	0.0
-jre	0.448348954984	0.241462004638	0.21870311069	0.0914859296885
-ako	0.214649711023	0.302900570456	0.15582462508	0.32662509344
-öso	0.399080288342	0.247949291573	0.206935123043	0.146035297042
-̇en	0.631578947368	0.157894736842	0.0350877192982	0.175438596491
-nto	0.0899275074174	0.733686110177	0.0746398311565	0.10174655125
-nte	0.0269230769231	0.942307692308	0.0153846153846	0.0153846153846
-oĩy	0.75	0.159090909091	0.0227272727273	0.0681818181819
-uan	0.0223491378123	0.933068242525	0.0150352750684	0.0295473445942
-eus	0.00581395348839	0.970930232558	0.00581395348836	0.0174418604651
-uur	0.752161383285	0.170028818444	0.0778097982709	0.0
-̇er	0.362573099415	0.461988304094	0.12865497076	0.046783625731
-̈ën	0.0516359803548	0.157509362876	0.757888363123	0.0329662936467
-oĩk	0.383561643836	0.443835616438	0.106849315068	0.0657534246575
-dro	0.0143832020997	0.974855643045	0.00409448818898	0.00666666666666
-öto	0.467811158798	0.532188841202	0.0	0.0
-̇et	0.365826455498	0.355253178675	0.122774927504	0.156145438323
-jõs	0.518072289157	0.114140773621	0.0665821179454	0.301204819277
-̈ön	0.638792702465	0.286784846762	0.0434130962841	0.0310093544886
-gyë	0.944444444444	0.0555555555555	0.0	0.0
-shẽ	0.266063348416	0.69592760181	0.0380090497738	0.0
-jãy	0.0994205070171	0.0465577614039	0.0085644438529	0.845457287726
-nmo	0.0919987808871	0.107203238437	0.207805956248	0.592992024428
-más	0.0	1.0	0.0	0.0
-jõy	0.321206743567	0.317213842058	0.248447204969	0.113132209405
-hen	0.284546197874	0.450531479967	0.0	0.264922322159
-pro	0.175016427391	0.0524382230541	0.00886083510882	0.763684514446
-arë	0.190741382402	0.632293952251	0.0708005564274	0.10616410892
-arö	0.324099722992	0.481994459834	0.138504155125	0.0554016620498
-kup	0.551734131308	0.229744854662	0.182353352466	0.0361676615639
-ydë	0.350319519308	0.350556625468	0.115628175151	0.183495680074
-tín	0.0	0.927272727273	0.0727272727273	0.0
-mán	0.0248447204969	0.577639751553	0.39751552795	0.0
-smo	0.0192719486081	0.173447537473	0.802997858673	0.00428265524624
-ope	0.0389329488104	0.956741167988	0.0	0.00432588320116
-köm	0.472392638037	0.355828220859	0.0858895705522	0.0858895705521
-̈õs	0.421356421356	0.441558441558	0.0	0.137085137085
-dea	0.00846257866655	0.985817233141	0.00294181107056	0.0027783771222
-dec	0.148888888889	0.82	0.0311111111111	0.0
-okë	0.610372458658	0.323477423154	0.0223921415588	0.0437579766295
-ũrë	0.540540540541	0.394594594595	0.0324324324324	0.0324324324324
-bba	0.140350877193	0.789473684211	0.0	0.0701754385965
-gko	0.324969965293	0.427661420826	0.127765659645	0.119602954237
-mso	0.356595092024	0.578987730061	0.0552147239264	0.00920245398775
-deo	0.000365719858588	0.999634280141	0.0	0.0
-̈ok	0.0580098171922	0.0325295977853	0.00147844726958	0.907982137753
-oko	0.135276592318	0.128217516172	0.209893442843	0.526612448667
-des	0.0186170212766	0.93821603928	0.0339607201309	0.0092062193126
-wõr	0.395677472984	0.231920199501	0.0	0.372402327515
-imi	0.632254273507	0.250934084415	0.0564539555542	0.0603576865234
-dey	0.256385208995	0.0657454613168	0.0691845301342	0.608684799554
-nae	0.666585573531	0.256781413453	0.0182459554799	0.0583870575356
-rwa	0.317046641408	0.192917388441	0.0635589433651	0.426477026785
-imo	0.0428061831154	0.935790725327	0.0142687277051	0.00713436385256
-ido	0.349018070392	0.268398682946	0.110649572374	0.271933674288
-obi	0.109130531723	0.103346024994	0.12082571699	0.666697726293
-rpo	0.0	1.0	0.0	0.0
-eca	0.151300236407	0.721040189125	0.0709219858156	0.0567375886525
-oba	0.399545287116	0.415906467687	0.0454988275836	0.139049417614
-oyë	0.479773574486	0.276542868977	0.155322380229	0.0883611763081
-ymo	0.270567345903	0.446182463854	0.143738902511	0.139511287731
-ida	0.132183825741	0.776562074842	0.027782949289	0.0634711501282
-jrë	0.489922251325	0.311926090554	0.107910800267	0.0902408578551
-bäm	0.105211430983	0.116922844116	0.320102101548	0.457763623353
-oyõ	0.113030751974	0.120022965813	0.284643881285	0.482302400929
-bie	0.264705882353	0.558823529412	0.112299465241	0.0641711229947
-ĩgö	0.161126907461	0.088801698556	0.735792597375	0.0142787966079
-bia	0.0265957446809	0.941489361702	0.00797872340427	0.0239361702127
-krë	0.558332637904	0.200179420846	0.210245764834	0.0312421764166
-ẽpe	0.0626141403601	0.865901382729	0.028176363162	0.0433081137491
-lda	0.046875	0.6625	0.290625	0.0
-úyo	0.483971044467	0.204756980352	0.120992761117	0.190279214064
-ntë	0.652697871335	0.214871532951	0.0207421414974	0.111688454217
-rie	0.243111831442	0.5056726094	0.0226904376013	0.228525121556
-eje	0.0	0.80487804878	0.19512195122	0.0
-ria	0.0520373203474	0.939041996165	0.00374927277036	0.00517141071775
-rio	0.0133555926544	0.958263772955	0.0150250417362	0.0133555926544
-rim	0.0	1.0	0.0	0.0
-ĩga	0.458135860979	0.343784177907	0.108964232187	0.0891157289262
-tea	0.0150753768844	0.984924623116	0.0	0.0
-ris	0.0	1.0	0.0	0.0
-söy	0.532417346501	0.294224989266	0.0322026620867	0.141155002147
-ötë	0.741176470588	0.141176470588	0.0470588235294	0.0705882352942
-tek	0.50656038736	0.0492879152531	0.0331009876006	0.411050709786
-gro	0.0525554894124	0.642486606004	0.22229781444	0.0826600901437
-ten	0.637931034483	0.362068965517	0.0	0.0
-teo	0.0311334633412	0.961202914913	0.00410551164939	0.00355811009614
-gyo	0.0787552430891	0.434978583126	0.449642340867	0.0366238329182
-are	0.402733526097	0.306378585773	0.107395606959	0.183492281171
-̈ĩk	0.285489432848	0.433703096835	0.0738075522887	0.206999918028
-ara	0.396058755484	0.140989317085	0.0983035144216	0.36464841301
-mes	0.0	0.956043956044	0.043956043956	0.0
-mer	0.0821253459473	0.69636665665	0.0374129061814	0.184095091221
-ũya	0.335392293335	0.428914442851	0.0444633080141	0.1912299558
-aro	0.0891684000018	0.650915199993	0.014364514286	0.245551885719
-bäw	0.0188007390737	0.0914554674672	0.0194097223517	0.870334071107
-gya	0.596526298149	0.136350578152	0.0261545091092	0.240968614589
-tja	0.12863320172	0.0263547882127	0.00115104514951	0.843860964918
-̈ĩy	0.435347438334	0.292403767831	0.156958165375	0.115290628459
-mea	0.252100840336	0.432773109244	0.214285714286	0.100840336134
-mec	0.0	1.0	0.0	0.0
-jiy	0.116326702488	0.722083242096	0.124193434284	0.0373966211322
-̈ĩp	0.377551020408	0.347667638484	0.22084548105	0.0539358600584
-meo	0.0215053763441	0.94982078853	0.0286738351254	0.0
-yde	0.515082941519	0.191510280944	0.0548903608272	0.238516416709
-jir	0.412737059059	0.115011352554	0.0716115567473	0.40064003164
-mek	0.0	1.0	0.0	0.0
-yda	0.206576684683	0.38564721323	0.166919338491	0.240856763595
-aye	0.475086152981	0.222321587778	0.101446442571	0.20114581667
-nwa	0.284394530788	0.580367072762	0.0833751279087	0.0518632685416
-aya	0.432047584715	0.406092285508	0.0329848594088	0.128875270368
-ägä	0.0348756103232	0.955591722855	0.00913408841797	0.000398578403694
-yök	0.566733735748	0.128101945003	0.285043594903	0.0201207243461
-ërë	0.169463132793	0.295163051478	0.0571055484981	0.47826826723
-kër	0.461720250219	0.334029495974	0.02894062448	0.175309629328
-bás	0.00381679389313	0.971374045802	0.0171755725191	0.00763358778626
-dyë	0.080928966439	0.919071033561	0.0	0.0
-̇uk	0.19689119171	0.80310880829	0.0	0.0
-ere	0.263360246059	0.369473279508	0.0288350634372	0.338331410996
-rën	0.0969696969697	0.742424242424	0.160606060606	0.0
-dán	0.00786254127908	0.965091256584	0.0243859199596	0.00266028217742
-dab	0.0	1.0	0.0	0.0
-xad	0.0	1.0	0.0	0.0
-uba	0.0408163265306	0.959183673469	0.0	0.0
-ẽga	0.636630360516	0.269804268317	0.0361721795748	0.057393191592
-ota	0.105114417538	0.86849497374	0.0177415856951	0.00864902302637
-tán	0.0	1.0	0.0	0.0
-õrë	0.447115384615	0.0	0.418269230769	0.134615384615
-ote	0.244531697081	0.527039486234	0.0295669867108	0.198861829974
-̇iy	0.910249203672	0.0897507963275	0.0	0.0
-pje	0.186567164179	0.503731343284	0.220149253731	0.089552238806
-̇ir	0.148648648649	0.0	0.797297297297	0.0540540540541
-oto	0.39549436796	0.382978723404	0.0375469336671	0.183979974969
-rán	0.15652173913	0.84347826087	0.0	0.0
-upä	0.262328319603	0.242989646973	0.0137411675951	0.480940865828
-̇ik	0.548780487805	0.341463414634	0.0731707317073	0.0365853658537
-moy	0.258064516129	0.47311827957	0.193548387097	0.0752688172043
-eví	0.0378350169605	0.890669847542	0.065232787863	0.00626234763485
-umi	0.607360037995	0.214545195821	0.0999431071167	0.0781516590676
-ẽya	0.628443970452	0.25525046731	0.0429530846053	0.0733524776326
ALL	0.229557159486	0.272014305832	0.0520866849605	0.446341849722
-gga	0.1621733058	0.756524274841	0.0385459017959	0.0427565175629
-gdo	0.482224770642	0.346903669725	0.0625	0.108371559633
-kik	0.631578947368	0.245614035088	0.0350877192983	0.0877192982456
-gda	0.360244826581	0.359370445934	0.0909355872923	0.189449140192
-twe	0.571700472318	0.23065093244	0.0407242490969	0.156924346145
-gde	0.505728528949	0.326548014693	0.0583785202029	0.109344936155
-ẽyo	0.208955223881	0.462686567164	0.328358208955	0.0
-sit	0.317032040472	0.317032040472	0.201765697847	0.164170221208
-aúl	0.544186046512	0.413953488372	0.0139534883721	0.0279069767442
-aúm	0.00538068334679	0.990045735808	0.0013451708367	0.00322841000807
-lia	0.0	0.920617420066	0.0793825799338	0.0
-sio	0.0943396226415	0.905660377359	0.0	0.0
-õzĩ	0.499061913696	0.183353232134	0.31758485417	0.0
-nas	0.0198735320686	0.96928635953	0.0	0.0108401084011
-sia	0.00441046750955	0.993237283152	0.00147015583652	0.000882093501912
-ala	0.0167917951468	0.964271350047	0.0113956294409	0.00754122536533
-rër	0.479171160465	0.258051868945	0.169893835572	0.0928831350183
-aní	0.0	1.0	0.0	0.0
-ëre	0.153400942911	0.254128049949	0.0165654262203	0.57590558092
-mos	0.002574002574	0.989703989704	0.00772200772202	0.0
-mor	0.0	0.968253968254	0.031746031746	0.0
-ëra	0.649445349469	0.233263517183	0.0691955627958	0.0480955705531
-das	0.0279518888701	0.94528205997	0.0020328646451	0.0247331865153
-ëro	0.165492741745	0.159961916639	0.0521137971049	0.622431544511
-sös	0.604828462516	0.196950444727	0.198221092757	0.0
-ayë	0.483056069008	0.417539535839	0.0591497227357	0.0402546724173
-tyë	0.16091954023	0.114942528736	0.724137931035	0.0
-öna	0.507443714017	0.243427309546	0.0936669280124	0.155462048425
-aán	0.0377358490566	0.7106918239	0.238993710692	0.0125786163522
-öng	0.331215579613	0.110187888441	0.0211968553393	0.537399676608
-ëse	0.187176835574	0.413650465357	0.324715615305	0.0744570837642
-gos	0.453592814371	0.510479041916	0.0179640718563	0.0179640718563
-dyo	0.28202402087	0.674898025197	0.0247671774453	0.0183107764874
-öno	0.484547585479	0.210599154074	0.0633435109662	0.24150974948
-öni	0.179560612759	0.399504103639	0.0553558729121	0.365579410691
-̈op	0.177710843373	0.132530120482	0.635542168675	0.0542168674699
-kwe	0.380147791258	0.521824842769	0.0618505999592	0.0361767660139
-ë̃s	0.570512820513	0.25641025641	0.0	0.173076923077
-mol	0.0	1.0	0.0	0.0
-mtë	0.454688377316	0.338012352611	0.0970241437394	0.110275126334
-ber	0.509868454262	0.032999593467	0.00405952313913	0.453072429132
-mok	0.281000932646	0.584405239296	0.0931653490951	0.0414284789625
-jër	0.295203704837	0.440806250893	0.117408246119	0.146581798152
-bet	0.0475209884365	0.897354664977	0.00950419768731	0.0456201488991
-cob	0.0106294527948	0.986582494013	0.00209103989405	0.000697013298019
-bek	0.0754281714218	0.452922412052	0.288772389136	0.18287702739
-beo	0.0	0.914893617021	0.0425531914894	0.0425531914894
-bel	0.0167834226895	0.953845587604	0.0209792783619	0.00839171134475
-rla	0.0	0.740634005764	0.259365994236	0.0
-cos	0.00947867298577	0.985781990521	0.00473933649289	0.0
-iso	0.167244367418	0.661178509532	0.150779896014	0.0207972270364
-rek	0.0904580152672	0.402671755725	0.495419847328	0.0114503816794
-reo	0.120054570259	0.703501591633	0.170986812187	0.00545702592087
-röy	0.695808383233	0.247664670659	0.0273053892216	0.0292215568862
-ish	0.708141129535	0.119498815609	0.0355317292108	0.136828325645
-õra	0.125806451613	0.0967741935484	0.777419354839	0.0
-otë	0.35969107748	0.353366102693	0.0982562346366	0.18868658519
-rös	0.526530612245	0.444897959184	0.0	0.0285714285714
-rör	0.753284671533	0.141605839416	0.0788321167883	0.0262773722628
-isa	0.0	0.987704918033	0.0122950819672	0.0
-röp	0.238636363636	0.613636363636	0.0795454545454	0.0681818181818
-rön	0.394712633608	0.275867355879	0.171937970913	0.157482039601
-ëya	0.0679026696402	0.876217403444	0.0298160526887	0.0260638742269
-mia	0.5696652292	0.338513730567	0.014054240852	0.0777667993809
-rök	0.458592210941	0.471321412335	0.0251932110926	0.0448931656311
-eva	0.0530451866405	0.923379174853	0.0235756385069	0.0
-̈ṍr	0.00345675218927	0.817048189686	0.177958723818	0.00153633430635
-tkë	0.288290804224	0.388842184887	0.275519412573	0.0473475983166
-rer	0.391591591592	0.473273273273	0.0714714714715	0.0636636636636
-res	0.0717948717949	0.912820512821	0.0153846153846	0.0
-röe	0.206647744106	0.117955407743	0.0673471143095	0.608049733842
-ëyo	0.0719687071386	0.810585576742	0.0540232421798	0.0634224739395
-ret	0.22516526498	0.481838935671	0.0801308005935	0.212864998756
-jör	0.5187133353	0.403532920395	0.0649723068856	0.0127814374201
-may	0.274590163934	0.479508196721	0.104508196721	0.141393442623
-jus	0.872427983539	0.102880658436	0.0123456790123	0.0123456790123
-gdë	0.11149735522	0.227188551305	0.0610662437819	0.600247849694
-twë	0.604915036193	0.232010427376	0.0586637771318	0.104410759299
-̈uk	0.0983064608999	0.804226926562	0.0617207120332	0.0357459005047
-̈ue	0.677769171185	0.322230828815	0.0	0.0
-úne	0.166666666667	0.152777777778	0.527777777778	0.152777777778
-hak	0.513731532675	0.342245989305	0.0819360101513	0.0620864678691
-ham	0.00808025784194	0.945617141041	0.0370420808933	0.00926052022334
-aza	0.0124481327801	0.890041493776	0.0228215767634	0.0746887966805
-ë̃y	0.313813813814	0.175675675676	0.111111111111	0.399399399399
-mak	0.273670965712	0.647687952186	0.0346020761246	0.0440390059767
-gog	0.0551181102362	0.913385826772	0.0314960629921	0.0
-hay	0.662076271187	0.14406779661	0.0667372881356	0.127118644068
-̈uw	0.0206896551724	0.599233716475	0.303448275862	0.0766283524904
-̈up	0.0395347009353	0.946474887998	0.004087086379	0.00990332468757
-swë	0.557425529627	0.273577804065	0.0579632218518	0.111033444456
-jyë	0.38019173099	0.608126400181	0.00530994037696	0.00637192845235
-nku	0.0359712230216	0.964028776978	0.0	0.0
-uno	0.646766274688	0.279327992965	0.0279424412707	0.0459632910758
-uni	0.0625	0.708333333333	0.0	0.229166666667
-tat	0.0	1.0	0.0	0.0
-lae	0.481132075472	0.100628930818	0.0880503144654	0.330188679245
-ekë	0.0113666171199	0.960415557163	0.000953841996074	0.0272639837211
-ung	0.149027948218	0.755698342249	0.0520085645537	0.0432651449787
-una	0.514575127134	0.309523700344	0.0860246610143	0.0898765115074
-pte	0.707320846836	0.225891575482	0.0144405573367	0.0523470203457
-hik	0.563441283591	0.144010237228	0.00787479082587	0.284673688355
-pta	0.0153256704981	0.984674329502	0.0	0.0
-pto	0.00167304903893	0.952596943897	0.0347622411421	0.0109677659219
-rän	0.438202247191	0.286516853933	0.0898876404494	0.185393258427
-666	0.0727272727273	0.109090909091	0.0	0.818181818182
-räk	0.118983131012	0.359687175943	0.422067334431	0.0992623586142
-tre	0.239130434783	0.384057971015	0.217391304348	0.159420289855
-zër	0.183486238532	0.779816513762	0.0	0.0366972477064
-gad	0.0	1.0	0.0	0.0
-tra	0.0123456790123	0.944444444444	0.037037037037	0.00617283950617
-oán	0.0	1.0	0.0	0.0
-ado	0.134741226425	0.180537794767	0.196491474694	0.488229504114
-tro	0.1125	0.5375	0.35	0.0
-érë	0.152788388083	0.746371275783	0.0687547746371	0.0320855614973
-gak	0.298258404212	0.648440664237	0.00113406237343	0.0521668691778
-gai	0.0	1.0	0.0	0.0
-adi	0.0	1.0	0.0	0.0
-gau	0.0	1.0	0.0	0.0
-gar	0.410676156584	0.474021352313	0.0683274021353	0.046975088968
-gur	0.0768086641314	0.840504457646	0.0529039268251	0.0297829513979
-ana	0.432698400728	0.49077544273	0.031776092816	0.0447500637266
-puk	0.352941176471	0.441176470588	0.0882352941177	0.117647058824
-zak	0.16175207558	0.63975570188	0.141234850654	0.0572573718866
-drë	0.156720916215	0.0681133212778	0.764315852923	0.010849909584
-seo	0.0699160204123	0.873749347049	0.010929400892	0.0454052316471
-sem	0.0	1.0	0.0	0.0
-sek	0.349112211191	0.258140505291	0.0761272267613	0.316620056757
-wëp	0.521485797524	0.369264384559	0.0417577081816	0.0674921097354
-ywe	0.561352849414	0.264064522553	0.0706960071692	0.103886620864
-lía	0.0	1.0	0.0	0.0
-ina	0.32432488807	0.234817450464	0.077344276557	0.363513384909
-uis	0.0	1.0	0.0	0.0
-uir	0.990606319385	0.00939368061488	0.0	0.0
-örë	0.254288350437	0.565249797953	0.00645796717371	0.174003884436
-erö	0.17412993622	0.244237239902	0.110484289469	0.471148534409
-ing	0.169137616084	0.271092912113	0.0576372970529	0.50213217475
-örö	0.340727932183	0.320188941841	0.0571464721016	0.281936653874
-erë	0.302611228143	0.360039938559	0.0351697761333	0.302179057165
-uim	0.0	1.0	0.0	0.0
-aas	0.22825070159	0.45088868101	0.286248830683	0.0346117867165
-feo	0.0	1.0	0.0	0.0
-gwe	0.467791839798	0.356282884132	0.0965810613568	0.0793442147123
-set	0.0264900662252	0.973509933775	0.0	0.0
-erä	0.232667455906	0.132085194537	0.0493511165268	0.58589623303
-ser	0.0	1.0	0.0	0.0
-ugö	0.230946511131	0.201407182047	0.5384863938	0.0291599130216
-blo	0.0294923871645	0.927843165637	0.0122583388368	0.0304061083619
-eda	0.0	0.566666666667	0.433333333333	0.0
-dón	0.0211549456833	0.973699256718	0.0	0.00514579759863
-kur	0.699093331723	0.139427613749	0.0776141262088	0.0838649283196
-ëko	0.114390616175	0.324195436872	0.0336522623852	0.527761684567
-són	0.0467289719626	0.947663551402	0.00373831775701	0.00186915887851
-jök	0.130892930416	0.0972858294481	0.044960688296	0.72686055184
-nma	0.0289420955696	0.895565585217	0.0204416199478	0.0550506992653
-ëke	0.30948020848	0.375827581349	0.255528947739	0.0591632624313
-nes	0.288607191262	0.66674639241	0.0239177230328	0.0207286932951
-nep	0.562819783968	0.27799886299	0.0227401932916	0.13644115975
-rso	0.0	0.976744186047	0.0232558139535	0.0
-neo	0.015873015873	0.809523809524	0.0	0.174603174603
-fos	0.0	1.0	0.0	0.0
-bed	0.260869565217	0.739130434783	0.0	0.0
-ias	0.0619621342513	0.909638554217	0.0180722891567	0.0103270223752
-̈õe	0.314789893888	0.21591325782	0.103742947459	0.365553900833
-kun	0.691966025092	0.235097015507	0.0476895503779	0.0252474090236
-ayo	0.0617922003279	0.161523448267	0.0265336889377	0.750150662468
-ooz	0.0355029585799	0.96449704142	0.0	0.0
-kuk	0.611097269203	0.260978509496	0.0757503494733	0.0521738718274
-poä	0.0301507537688	0.462311557789	0.48743718593	0.0201005025126
-mte	0.327100988253	0.428120163398	0.0409160683023	0.203862780047
-ban	0.10460251046	0.742976688583	0.0191273161984	0.133293484758
-nkö	0.1125	0.66875	0.0875	0.13125
-bam	0.0187406093158	0.24569047504	0.707458001671	0.0281109139737
-eke	0.208162929212	0.332974226663	0.277330991134	0.18153185299
-hwë	0.00421644413212	0.0168657765285	0.978917779339	0.0
-bae	0.402345741968	0.494645588985	0.0183579806221	0.0846506884242
-jor	0.0592587743613	0.871243898608	0.0226856559738	0.0468116710571
-jos	0.629666750188	0.197444249561	0.0446003507894	0.128288649461
-hos	0.742617810847	0.191539145491	0.0275164958585	0.0383265478029
-gso	0.368170631665	0.512715340443	0.0866283839213	0.0324856439705
-pĩs	0.399635985439	0.44981799272	0.0904836193447	0.0600624024961
-mga	0.0192602930914	0.932170272156	0.035170969993	0.0133984647592
-jok	0.0626675780931	0.0459823772362	0.00856783536186	0.882782209309
-pĩy	0.723684210526	0.0789473684211	0.171052631579	0.0263157894737
-ãzĩ	0.8	0.088	0.08	0.032
-ptë	0.749362119725	0.0826300294407	0.0153091265947	0.152698724239
-bas	0.0	1.0	0.0	0.0
-job	0.0	0.796116504854	0.203883495146	0.0
-nkë	0.462533236645	0.320723551688	0.119853355894	0.0968898557731
-ase	0.540540540541	0.317567567568	0.0608108108108	0.0810810810811
-que	0.133333333333	0.866666666667	0.0	0.0
-asa	0.0	0.857142857143	0.0	0.142857142857
-zok	0.150358182057	0.518934542319	0.0440011792276	0.286706096396
-aso	0.114528464795	0.15978465107	0.145792433604	0.579894450531
-gza	0.7265625	0.1953125	0.046875	0.03125
-bëe	0.0	0.966101694915	0.0	0.0338983050847
-noe	0.47348711178	0.245806991299	0.189032019339	0.091673877581
-dre	0.0319895116355	0.925598164536	0.0223533267781	0.0200589970502
-bëy	0.262657577418	0.319865031515	0.237462318443	0.180015072623
-aac	0.0118102613746	0.979283639884	0.00348499515973	0.00542110358181
-dũs	0.413978494624	0.202956989247	0.0645161290322	0.318548387097
-bër	0.460273972603	0.516712328767	0.0230136986301	0.0
-bët	0.534934497817	0.323144104803	0.0109170305677	0.131004366812
-dũy	0.396276595745	0.476063829787	0.103723404255	0.0239361702128
-zor	0.0	1.0	0.0	0.0
-̈õy	0.214876033058	0.181818181818	0.471074380165	0.132231404959
-öre	0.288048151333	0.342218400688	0.0455717970765	0.324161650903
-rea	0.0356730399076	0.932631849095	0.0106505838573	0.0210445271397
-öra	0.815551647704	0.117149787656	0.0180470629511	0.049251501689
-ywë	0.487941274384	0.409053905483	0.0458234370935	0.0571813830397
-430	0.677966101695	0.0677966101695	0.0	0.254237288136
-ras	0.0151515151515	0.924242424242	0.0454545454545	0.0151515151515
-õre	0.372109320252	0.188507358094	0.0960056061668	0.343377715487
-eri	0.0985764757459	0.447094927405	0.0434535936251	0.410875003224
-iwa	0.174418604651	0.738372093023	0.0697674418604	0.0174418604651
-ram	0.0	1.0	0.0	0.0
-uía	0.0423964642331	0.943853331151	0.00196431494516	0.011785889671
-red	0.0	1.0	0.0	0.0
-ywõ	0.424084224292	0.385542722578	0.0931125902239	0.0972604629067
-ero	0.620193748127	0.17607110756	0.00599221012685	0.197742934186
-ĩmi	0.679092371569	0.182500435251	0.0429816597976	0.0954255333825
-era	0.315857179203	0.248892877695	0.0641993817919	0.37105056131
-uío	0.0	1.0	0.0	0.0
-rae	0.445340275334	0.206983966522	0.214516181548	0.133159576596
-rac	0.0	1.0	0.0	0.0
-swe	0.687234570197	0.187343067051	0.09274931027	0.0326730524815
-rëy	0.256897550982	0.53149218929	0.135322739342	0.076287520386
-poy	0.372093023256	0.511627906977	0.046511627907	0.0697674418605
-õyo	0.45	0.4	0.0	0.15
-õya	0.384876805438	0.5227980742	0.0594732370433	0.0328518833192
-pos	0.0535031847134	0.892993630573	0.0076433121019	0.0458598726115
-pop	0.615384615385	0.0153846153846	0.0	0.369230769231
-jëk	0.429657089393	0.253496319894	0.0789326569628	0.23791393375
-jëp	0.309278350515	0.113402061856	0.20618556701	0.371134020619
-pok	0.504761904762	0.409523809524	0.0321428571428	0.0535714285714
-pzë	0.347556333123	0.47384620369	0.0170092822083	0.161588180979
-rëk	0.47597326306	0.358176415404	0.0720264512933	0.0938238702424
-uga	0.418190312032	0.398408428242	0.111635549398	0.0717657103275
-jëy	0.530973451327	0.336283185841	0.0	0.132743362832
-rëe	0.368217054264	0.271317829457	0.337209302326	0.0232558139535
-hkö	0.00785134781473	0.864782343191	0.127366308994	0.0
-noy	0.294924554184	0.434842249657	0.224965706447	0.0452674897119
-ike	0.4581258488	0.432322317791	0.0497962879131	0.0597555454957
-ëye	0.146687734768	0.218963515689	0.0114899663169	0.622858783227
-500	0.190476190476	0.228571428571	0.168253968254	0.412698412698
-lac	0.0382165605096	0.96178343949	0.0	0.0
-nop	0.674378700335	0.216026780677	0.0751201266072	0.0344743923807
-aat	0.0	1.0	0.0	0.0
-nor	0.624399861275	0.222285223408	0.0470257978934	0.106289117423
-lao	0.357142857143	0.642857142857	0.0	0.0
-laj	0.0	1.0	0.0	0.0
-ẽzĩ	0.406984785615	0.428769017981	0.0750345781466	0.0892116182573
-rak	0.373831775701	0.399198931909	0.22696929239	0.0
-aan	0.0333333333333	0.866666666667	0.0666666666666	0.0333333333334
-eón	0.0625	0.87109375	0.04296875	0.0234375
-las	0.0558829506197	0.934362934363	0.00487705750864	0.00487705750863
-noc	0.0	0.947046843177	0.0366598778004	0.0162932790224
-hkë	0.0679911699779	0.877924944812	0.0083885209713	0.0456953642384
-rdë	0.165675372813	0.709335402121	0.0603396258943	0.0646495991725
-awë	0.656500802568	0.227929373997	0.102728731942	0.0128410914928
-boe	0.260330578512	0.357851239669	0.381818181818	0.0
-dor	0.0985074626865	0.898507462687	0.0	0.00298507462687
-dos	0.433382716049	0.477333333333	0.0335802469136	0.0557037037037
-dop	0.364406650564	0.582361075614	0.0149050366702	0.0383272371519
-kji	0.0865312264861	0.803611738149	0.0692249811889	0.0406320541761
-wes	0.338149160484	0.511518937915	0.0624755954705	0.0878563061304
-mĩk	0.733814011861	0.228978517115	0.0124024903413	0.0248049806826
-kje	0.546803652968	0.247716894977	0.054794520548	0.150684931507
-fán	0.0	1.0	0.0	0.0
-gök	0.096256684492	0.783422459893	0.0882352941176	0.0320855614973
-doy	0.230769230769	0.403846153846	0.0	0.365384615385
-mya	0.0143032254018	0.0304467126714	0.254786435006	0.700463626921
-fás	0.0491071428571	0.928571428571	0.0133928571429	0.00892857142856
-doe	0.453883648794	0.2656833576	0.188643413306	0.0917895803001
-bop	0.0283002315601	0.0480274218382	0.00696421495999	0.916708131642
-doc	0.0	1.0	0.0	0.0
-bor	0.0127198947399	0.0133746169655	0.00525373922501	0.96865174907
-ätë	0.336957093972	0.144432745459	0.0802842853383	0.43832587523
-gör	0.43007360673	0.260778128286	0.0946372239747	0.214511041009
-kju	0.201030927835	0.798969072165	0.0	0.0
-pja	0.130547714688	0.062623369075	0.00888741466262	0.797941501575
-boy	0.116673313495	0.623818142774	0.166947878639	0.0925606650919
-myo	0.417628057222	0.464697738809	0.0484540839871	0.0692201199815
-pyo	0.0492206726825	0.943396226415	0.0	0.00738310090238
-sas	0.0	1.0	0.0	0.0
-ión	0.0264563988172	0.961093531151	0.0124500700316	0.0
-toe	0.489343653287	0.181599592818	0.0479725737286	0.281084180166
-̈ẽp	0.100115441597	0.766798423691	0.0897507679194	0.0433353667928
-göp	0.555555555556	0.253968253968	0.0793650793651	0.111111111111
-̈ẽs	0.543504628152	0.317459304181	0.0337057133737	0.105330354293
-tok	0.634107916503	0.264277274518	0.0756203229618	0.0259944860181
-jyã	0.431589428221	0.448917640554	0.0598641539887	0.0596287772364
-kdë	0.467457052988	0.429308815227	0.0590370191145	0.0441971126704
-lfa	0.00944881889763	0.979527559055	0.0110236220472	0.0
-ges	0.0348837209302	0.918604651163	0.046511627907	0.0
-tor	0.0357941834452	0.950782997763	0.0134228187919	0.0
-tos	0.432342829605	0.456299602188	0.0344331202693	0.0769244479377
-olo	0.111455108359	0.510835913313	0.266253869969	0.111455108359
-sak	0.0872459638829	0.237511911717	0.0167669835087	0.658475140891
-ola	0.0554976476885	0.338901879032	0.073245626391	0.532354846889
-̈ẽn	0.534261456835	0.322743816549	0.0435201341874	0.0994745924285
-̃zĩ	0.633622489551	0.353499004564	0.00772710353112	0.00515140235409
-san	0.460317460317	0.492063492064	0.031746031746	0.015873015873
-sam	0.0	1.0	0.0	0.0
-toy	0.225619235154	0.275261685149	0.188620582444	0.310498497254
-row	0.981981981982	0.018018018018	0.0	0.0
-rop	0.56706159825	0.243216881348	0.0502525445733	0.139468975829
-iel	0.0292041859333	0.929423217328	0.0316378680944	0.00973472864442
-zãy	0.473372781065	0.408284023669	0.0710059171597	0.0473372781065
-ros	0.585174663745	0.302524648198	0.0528473826148	0.0594533054416
-̃ya	0.550095364021	0.325095473157	0.0341100310578	0.0906991317634
-l̈u	0.113324633982	0.799627950372	0.0284357827933	0.0586116328527
-naí	0.0	1.0	0.0	0.0
-roy	0.225335896709	0.331998304285	0.0405640730182	0.402101725988
-dok	0.0150753768844	0.959798994975	0.0226130653266	0.00251256281407
-l̈o	0.138176886859	0.335849518103	0.0560133508545	0.469960244184
-roe	0.435635792779	0.36420722135	0.167778649921	0.0323783359497
-l̈i	0.0508668474365	0.0256194244301	0.00499740172292	0.91851632641
-ö̃y	0.554285714286	0.297142857143	0.0114285714286	0.137142857143
-rom	0.0	1.0	0.0	0.0
-lot	0.0	1.0	0.0	0.0
-göy	0.373536991302	0.248362504027	0.300118114464	0.0779823902072
-mas	0.0187382991253	0.962381444938	0.0188802559368	0.0
-l̈a	0.163823265733	0.746273662959	0.0490975985464	0.0408054727612
-mar	0.0	1.0	0.0	0.0
-ipo	0.018018018018	0.963963963964	0.00900900900901	0.00900900900901
-gna	0.204420022076	0.464174305322	0.265225320344	0.066180352258
-ũni	0.237684729064	0.13993226601	0.323891625616	0.29849137931
-ĩna	0.77061453576	0.164633063328	0.0297047858884	0.0350476150244
-dew	0.173843700159	0.66028708134	0.114832535885	0.0510366826156
-húm	0.0	1.0	0.0	0.0
-éra	0.339366515837	0.497737556561	0.108597285068	0.0542986425339
-ipe	0.000870827285923	0.997387518142	0.00174165457184	0.0
-rde	0.341503336201	0.235237625995	0.271063158158	0.152195879646
-oke	0.618845880671	0.186443806848	0.0477467357941	0.146963576687
-vos	0.0489225393127	0.951077460687	0.0	0.0
-ewa	0.0719257540603	0.708816705336	0.0487238979118	0.170533642691
-rwe	0.337596259626	0.347222222222	0.276402640264	0.0387788778878
-hko	0.168904071755	0.210370974988	0.0472329376083	0.573492015649
-rdo	0.610302351624	0.178051511758	0.0907054871221	0.120940649496
-uër	0.741573033708	0.228464419476	0.0	0.0299625468165
-pkë	0.803921568627	0.196078431373	0.0	0.0
-ẽmi	0.793283787504	0.146985962015	0.0198183319571	0.0399119185246
-kjë	0.434428971414	0.439825948159	0.0827483755073	0.0429967049205
-hwo	0.193029896691	0.285446356577	0.123863449056	0.397660297675
-dëe	0.284360189573	0.369668246446	0.218009478673	0.127962085308
-awa	0.045593720365	0.0580073266528	0.0216531215758	0.874745831406
-ozĩ	0.481203194472	0.352361123945	0.0920264694834	0.0744092120997
-ẽma	0.312765957447	0.687234042553	0.0	0.0
-har	0.604569420035	0.384885764499	0.0105448154657	0.0
-aré	0.0	1.0	0.0	0.0
-dëp	0.610738767639	0.176433522369	0.027782551412	0.18504515858
-azĩ	0.254237288136	0.71186440678	0.0	0.0338983050847
-pyë	0.560831335604	0.177989588319	0.0746225931649	0.186556482912
-äto	0.326153075464	0.0458009804273	0.0257630514903	0.602282892618
-doë	0.25	0.636363636364	0.0454545454545	0.0681818181818
-tia	0.0	1.0	0.0	0.0
-kde	0.247644176404	0.215604975499	0.113833396155	0.422917451941
-ddë	0.472324723247	0.509225092251	0.0	0.0184501845018
-saú	0.0420940099556	0.814786356196	0.0589316139378	0.0841880199111
-276	0.0	0.169491525424	0.0	0.830508474576
-pke	0.38441490748	0.344540005213	0.195465207193	0.0755798801147
-̈ẽy	0.425144747725	0.311827956989	0.114143920596	0.14888337469
-sto	0.0201340493098	0.930328039473	0.00381509584737	0.0457228153696
-öga	0.282173499489	0.604048861214	0.0281554245284	0.0856222147682
-uëp	0.471628382988	0.391914942006	0.0835797134409	0.0528769615647
-sta	0.0	0.764705882353	0.235294117647	0.0
-saí	0.0	0.995726495726	0.0	0.0042735042735
-tër	0.760657564781	0.125307864867	0.0526751448566	0.0613594254952
-tëp	0.557234014846	0.221817076876	0.14151148153	0.0794374267482
-l̈ú	0.158594165391	0.311685657347	0.318560634231	0.211159543031
-loé	0.0729927007299	0.868613138686	0.014598540146	0.043795620438
-dbo	0.166445422349	0.47150656766	0.202001461697	0.160046548293
-l̈ö	0.359820218158	0.421570452344	0.0767635813504	0.141845748147
-l̈õ	0.230385472871	0.311976623232	0.320892538304	0.136745365592
-tëy	0.42759706191	0.477501388803	0.0458305042898	0.0490710449972
-ëëe	0.383647798742	0.320754716981	0.0377358490566	0.25786163522
-l̈ë	0.170705000579	0.332088205243	0.13706673465	0.360140059528
-eyo	0.217971585753	0.473890214273	0.27022410378	0.0379140961937
-eya	0.460841187203	0.418391861389	0.0648766199941	0.0558903314139
-200	0.0698553948832	0.55595105673	0.166852057842	0.207341490545
-ybö	0.0315295169946	0.952370304114	0.0	0.0161001788909
-jwë	0.284077845455	0.438176851343	0.0728242359057	0.204921067296
-l̈ã	0.10100619195	0.764841331269	0.108997678019	0.0251547987616
-tëm	0.254604875221	0.196712873662	0.153757358306	0.394924892811
-̇äk	0.583433373349	0.114045618247	0.0504201680672	0.252100840336
-lel	0.0	1.0	0.0	0.0
-lem	0.0228571428571	0.977142857143	0.0	0.0
-sõy	0.872727272727	0.127272727273	0.0	0.0
-syã	0.0525304943971	0.788758728584	0.102618893171	0.0560918838479
-lea	0.00307326442879	0.986784962956	0.00768316107198	0.00245861154303
-̈ae	0.0	1.0	0.0	0.0
-uwe	0.193367443844	0.142889869505	0.0592828403001	0.604459846351
-leg	0.0	1.0	0.0	0.0
-oie	0.641509433962	0.320754716981	0.0	0.0377358490566
-rye	0.45962593917	0.235516379537	0.0947558371147	0.210101844178
-itë	0.473076188658	0.416173381707	0.0200496467443	0.0907007828909
-ëmi	0.551774456728	0.173246816644	0.0631746284435	0.211804098185
-rya	0.0344827586207	0.862068965517	0.0	0.103448275862
-ios	0.605723896202	0.163263268405	0.0596318546765	0.171380980717
-ryo	0.165745757791	0.668750570632	0.0162171732294	0.149286498348
-ëme	0.10472451497	0.061166212377	0.0146615306935	0.81944774196
-les	0.0357142857143	0.964285714286	0.0	0.0
-hre	0.67507688505	0.280802741718	0.0169693743197	0.0271509989115
-syõ	0.0369674086478	0.94565474968	0.00663517591116	0.0107426657609
-itá	0.0394736842105	0.960526315789	0.0	0.0
-rra	0.0779816513761	0.880733944954	0.0366972477064	0.0045871559633
-̈ik	0.116420091897	0.756221015626	0.110950691606	0.0164082008714
-úro	0.241206030151	0.150753768844	0.276381909548	0.331658291457
-̈in	0.377080261218	0.55972192964	0.0379186854856	0.025279123657
-̇ëm	0.173617471952	0.0301449745436	0.0170943757454	0.779143177759
-úra	0.117472852912	0.715301085884	0.146495557749	0.0207305034551
-rro	0.0	0.9625	0.0375	0.0
-̈ie	0.101910828025	0.802547770701	0.0	0.0955414012739
-úre	0.434015859865	0.156231506687	0.257308557226	0.152444076222
-iud	0.0	1.0	0.0	0.0
-gio	0.148026974516	0.801509284171	0.0504637413124	0.0
-udá	0.0563936781609	0.939295977011	0.00431034482758	0.0
-tji	0.217557251908	0.698473282443	0.0381679389314	0.0458015267176
-ẽre	0.439407955597	0.160962072155	0.299722479186	0.099907493062
-ndo	0.0	0.929824561403	0.0701754385965	0.0
-nda	0.304347826087	0.695652173913	0.0	0.0
-l̇o	0.198511166253	0.0570719602977	0.0	0.744416873449
-̈ẽk	0.413750574086	0.473547200601	0.0623171267493	0.0503850985635
-nde	0.403102212335	0.52688172043	0.0155110616735	0.0545050055617
-gia	0.0444444444444	0.822222222222	0.106666666667	0.0266666666667
-ẽro	0.764705882353	0.156862745098	0.078431372549	0.0
-yoy	0.669637173775	0.303628262253	0.026734563972	0.0
-̈ak	0.440405748098	0.499577345731	0.00929839391378	0.050718512257
-120	0.0815217391304	0.130434782609	0.0	0.788043478261
-fat	0.0	1.0	0.0	0.0
-yos	0.499750277469	0.315538290788	0.100157232704	0.0845541990382
-osé	0.00694679769569	0.982378854626	0.00406641816334	0.00660792951542
-suk	0.110904651105	0.86457776645	0.00437402879295	0.0201435536517
-jyõ	0.325224890078	0.377452221989	0.233323703197	0.0639991847363
-sëm	0.767741935484	0.232258064516	0.0	0.0
-obe	0.322580645161	0.495967741935	0.0483870967742	0.133064516129
-ëso	0.204715969989	0.326902465166	0.412111468382	0.056270096463
-yok	0.733580508475	0.0969279661017	0.0423728813559	0.127118644068
-abá	0.0	1.0	0.0	0.0
-ömi	0.441192155477	0.380286195829	0.0883896120525	0.0901320366413
-öme	0.349642581729	0.45737789388	0.0717958524178	0.121183671973
-abé	0.0412412669911	0.933325856331	0.0151225599305	0.0103103167478
-yoe	0.114418926355	0.182808847968	0.0849047796602	0.617867446017
-ybi	0.112605676632	0.697687068724	0.168258554333	0.0214487003109
-gwa	0.504761904762	0.409523809524	0.0	0.0857142857143
-chi	0.0428614548748	0.950498038032	0.00543314216722	0.00120736492605
-tes	0.0	0.91935483871	0.0806451612903	0.0
-këm	0.513870541612	0.266842800528	0.118890356671	0.100396301189
-ror	0.435761975425	0.152261567244	0.0581628062834	0.353813651048
-wep	0.345588235294	0.557126696833	0.0226244343892	0.0746606334841
-loi	0.0	0.98	0.02	0.0
-këe	0.497326203209	0.374331550802	0.0641711229946	0.0641711229947
-che	0.419462492788	0.253113792421	0.0204485176008	0.30697519719
-gwo	0.107391101217	0.809958026326	0.0408823693419	0.0417685031151
-këy	0.606924101198	0.257256990679	0.0772303595206	0.0585885486018
-orë	0.132879712367	0.389329881374	0.0467308079794	0.43105959828
-153	0.0	0.0	0.06	0.94
-oré	0.0909090909091	0.818181818182	0.0	0.0909090909091
-elo	0.0	1.0	0.0	0.0
-ogo	0.0802615923928	0.724790028319	0.0755817449286	0.11936663436
-rko	0.13357357967	0.218336547897	0.169458261429	0.478631611004
-oga	0.0488458377395	0.77881137849	0.0953339707073	0.0770088130632
-këp	0.597806404884	0.208701950437	0.032593512339	0.16089813234
-kës	0.0707306769334	0.232788348889	0.0532331049741	0.643247869204
-aén	0.0	0.974358974359	0.025641025641	0.0
-iya	0.583469639143	0.3466610125	0.0474546152137	0.0224147331435
-izĩ	0.665674637506	0.255839706544	0.00436031421947	0.0741253417309
-syo	0.185490519373	0.52823577906	0.264633140973	0.0216405605935
-450	0.0851063829787	0.212765957447	0.0425531914894	0.659574468085
-iyo	0.08287728346	0.0701506627744	0.0232453753756	0.82372667839
-ëmö	0.657079646018	0.190265486726	0.033185840708	0.119469026549
-lán	0.107438016529	0.842975206612	0.0165289256198	0.0330578512396
-̈an	0.624563242488	0.223008385744	0.0315338923829	0.120894479385
-ter	0.101495215723	0.548861281585	0.00896884654897	0.340674656143
-loc	0.0	0.933481152993	0.0665188470067	0.0
-ito	0.0745852734439	0.892401572737	0.0172926043816	0.0157205494378
-hrë	0.398953875416	0.538595656998	0.0421619908068	0.0202884767792
-mín	0.0	0.969018932874	0.0309810671256	0.0
-eso	0.0	0.997262773723	0.00273722627737	0.0
-iër	0.427294592119	0.140943607768	0.0188524374041	0.412909362709
-iti	0.0407992619696	0.940757236044	0.0117367739912	0.00670672799501
-esa	0.0	1.0	0.0	0.0
-ite	0.169500853007	0.288807609759	0.5150218226	0.026669714634
-ryë	0.522173528437	0.233857522532	0.0685277200993	0.175441228931
-iëy	0.278586480006	0.399883740645	0.0324557366725	0.289074042677
-ita	0.189981096408	0.696597353497	0.0113421550094	0.102079395085
-úrë	0.138709677419	0.861290322581	0.0	0.0
-tök	0.677407067904	0.234803964656	0.0261499051948	0.061639062245
-400	0.405063291139	0.26582278481	0.0	0.329113924051
-spe	0.04134762634	0.921898928024	0.0367534456356	0.0
-tön	0.404789545752	0.315785556945	0.0440554860987	0.235369411204
-fté	0.0	1.0	0.0	0.0
-ötö	0.302419354839	0.407258064516	0.120967741935	0.16935483871
-töe	0.811518324607	0.125654450262	0.0314136125654	0.0314136125654
-spo	0.0	1.0	0.0	0.0
-töy	0.119153524734	0.373096104596	0.4454778272	0.0622725434695
-fas	0.0244565217391	0.967391304348	0.00271739130435	0.00543478260868
-ndë	0.169655689558	0.733904059656	0.026661667604	0.0697785831823
-uda	0.0	0.951612903226	0.0483870967742	0.0
-tjë	0.366188265091	0.35943436049	0.0476994512453	0.226677923174
-mär	0.371637441434	0.567360863758	0.0115441116454	0.0494575831625
-bri	0.0878776525086	0.124970196533	0.0	0.787152150959
-l̇ë	0.163091832742	0.146144938117	0.0284088107908	0.66235441835
-tjã	0.577619559604	0.16370501435	0.107559197772	0.151116228274
-ëtë	0.327272727273	0.618181818182	0.0272727272727	0.0272727272727
-woy	0.464142244961	0.0650270382028	0.0237468746508	0.447083842186
-ksa	0.145536723164	0.0583050847458	0.17604519774	0.62011299435
-yër	0.605682092491	0.0758121662727	0.0136778425125	0.304827898724
-huk	0.910344827586	0.0896551724137	0.0	0.0
-wop	0.0942382280098	0.272667798564	0.272402996931	0.360690976495
-wos	0.684901201127	0.230922806298	0.0291378435837	0.0550381489915
-wor	0.162048069722	0.342037175734	0.411316129911	0.084598624634
-yëy	0.502979969493	0.266939898475	0.130125000696	0.099955131336
