kud-	0.142653211912	0.658872754123	0.198474033965	0.0
ris-	0.0	1.0	0.0	0.0
siu-	0.135922330097	0.233009708738	0.0	0.631067961165
vas-	0.0	1.0	0.0	0.0
lur-	0.59385665529	0.38566552901	0.0204778156997	0.0
fig-	0.0	1.0	0.0	0.0
del-	0.0	1.0	0.0	0.0
jac-	0.00166938849573	0.97176555979	0.0178551986935	0.00870985302124
geu-	0.0	1.0	0.0	0.0
der-	0.0166666666667	0.983333333333	0.0	0.0
hat-	0.359352012747	0.527172494962	0.0683184641947	0.0451570280968
neg-	0.0223095718687	0.947944332306	0.0	0.0297460958249
ayu-	0.287075341607	0.272909615144	0.267017675818	0.172997367431
ibz-	0.0	0.833333333333	0.0	0.166666666667
tib-	0.158195615085	0.802144075781	0.0222810725472	0.0173792365868
bay-	0.0374767390221	0.929357970501	0.0104943026269	0.0226709878497
hed-	0.0	1.0	0.0	0.0
paf-	0.0	0.989455184534	0.0105448154657	0.0
abr-	0.00245681953544	0.972639964264	0.0212552114354	0.00364800476474
bik-	0.439790575916	0.267015706806	0.219895287958	0.0732984293194
zaq-	0.0144230769231	0.968269230769	0.00576923076923	0.0115384615385
sug-	0.376568625843	0.553632650383	0.0366627844031	0.0331359393711
cul-	0.0	1.0	0.0	0.0
zac-	0.0126256722001	0.983867196633	0.00140285246668	0.00210427870002
dah-	0.0832549354088	0.13056257696	0.00886962659802	0.777312861033
her-	0.0121337997376	0.948567993004	0.0360188019239	0.0032794053345
ate-	0.0	0.99053030303	0.0094696969697	0.0
naw-	0.527639738784	0.182360736515	0.0215774680646	0.268422056636
bec-	0.0	1.0	0.0	0.0
dor-	0.161504579459	0.73424378724	0.00256356475332	0.101688068548
pat-	0.309428813678	0.264399016133	0.266768445905	0.159403724283
jem-	0.0	1.0	0.0	0.0
lál-	0.658536585366	0.140243902439	0.0731707317073	0.128048780488
oma-	0.0	1.0	0.0	0.0
zia-	0.0	1.0	0.0	0.0
diz-	0.0	1.0	0.0	0.0
jam-	0.0201005025125	0.877721943049	0.0837520938024	0.0184254606365
kid-	0.0347441566645	0.963360707517	0.00189513581807	0.0
rek-	0.0883074407195	0.836467702371	0.0359771054783	0.0392477514309
nig-	0.0869565217391	0.855072463768	0.0289855072464	0.0289855072464
hor-	0.0	0.982954545455	0.0142045454545	0.00284090909091
nai-	0.613494363096	0.163858557056	0.0657623470502	0.156884732798
obd-	0.0	1.0	0.0	0.0
usb-	0.409724043678	0.590275956322	0.0	0.0
gug-	0.376281112738	0.367789165447	0.108345534407	0.147584187408
asi-	0.00425673115884	0.983228479234	0.0114931741289	0.00102161547812
tip-	0.139822913438	0.81132329753	0.0161049042466	0.0327488847859
hid-	0.0560344827586	0.836206896552	0.10775862069	0.0
nog-	0.0	1.0	0.0	0.0
amu-	0.16	0.36	0.48	0.0
tol-	0.0212893716906	0.953600087341	0.019105846389	0.00600469457939
haz-	0.0117647058823	0.976470588235	0.0117647058823	0.0
hah-	0.717082772044	0.185035679079	0.0395218897327	0.0583596591444
mus-	0.0192714126808	0.73170189099	0.236763070078	0.0122636262514
pud-	0.0129032258065	0.987096774194	0.0	0.0
zem-	0.0	1.0	0.0	0.0
tuh-	0.239815526518	0.664104534973	0.0361260568793	0.0599538816295
hol-	0.0	1.0	0.0	0.0
war-	0.319447735547	0.0790068917062	0.0603169290066	0.541228443741
hur-	0.0261282660333	0.897862232779	0.0760095011877	0.0
moi-	0.0360182492463	0.96067340786	0.00117392812358	0.00213441477015
ree-	0.0	1.0	0.0	0.0
roo-	0.158566460521	0.0899217103798	0.0192897401196	0.732222088979
joi-	0.00526315789473	0.994736842105	0.0	0.0
oni-	0.0217391304349	0.782608695652	0.195652173913	0.0
uba-	0.0148554685898	0.96731507518	0.0132956443878	0.00453381184235
dod-	0.0	1.0	0.0	0.0
hiz-	0.0	1.0	0.0	0.0
aki-	0.0104463457898	0.00789272677169	0.00608453036865	0.97557639707
ole-	0.0	1.0	0.0	0.0
lis-	0.15442235667	0.822817631806	0.0112359550562	0.0115240564679
gub-	0.0322580645161	0.886499402628	0.0812425328555	0.0
apa-	0.0135253306285	0.0115358727045	0.0100349227244	0.964903873943
san-	0.0748797827627	0.763273991649	0.043772108224	0.118074117364
ith-	0.0	0.989778534923	0.0102214650767	0.0
mae-	0.0	0.857142857143	0.142857142857	0.0
lo--	0.0	1.0	0.0	0.0
arm-	0.0	1.0	0.0	0.0
cal-	0.00209937018894	0.966410076977	0.0314905528341	0.0
tel-	0.0399833402748	0.948354852145	0.00666389004581	0.00499791753436
ugu-	0.4	0.2	0.4	0.0
lum-	0.576158177057	0.122699115756	0.0733901617364	0.227752545451
mes-	0.0466523715301	0.937700249199	0.00521579309032	0.0104315861806
sed-	0.00850259801606	0.965989607936	0.0255077940482	0.0
adi-	0.0	1.0	0.0	0.0
ami-	0.0183298433118	0.0199065915878	0.004129854252	0.957633710848
aas-	0.572593800979	0.213703099511	0.0342577487765	0.179445350734
win-	0.798945345667	0.16163918309	0.0187692720204	0.0206461992224
gid-	0.0218181818182	0.978181818182	0.0	0.0
wan-	0.0	1.0	0.0	0.0
gof-	0.0	0.6	0.4	0.0
umi-	0.66663393583	0.251985277781	0.0492443753583	0.0321364110305
ged-	0.0	1.0	0.0	0.0
izl-	0.0	1.0	0.0	0.0
cyp-	0.0	1.0	0.0	0.0
bun-	0.0739394022131	0.867531066622	0.0424524729632	0.016077058202
ili-	0.771987379387	0.154443380145	0.0211159633623	0.0524532771057
gat-	0.0240230621396	0.954836643177	0.0172966047406	0.00384368994234
sat-	0.0714956783164	0.92117624953	0.00563697857948	0.00169109357384
the-	0.0	1.0	0.0	0.0
ani-	0.0892249364002	0.268744416734	0.0242175656995	0.617813081166
sun-	0.380877552115	0.548631030256	0.040590344987	0.0299010726416
hag-	0.362123954831	0.612447202827	0.00646495991725	0.0189638824239
ahu-	0.253731343284	0.686567164179	0.0597014925372	0.0
ban-	0.0591121495375	0.623124074712	0.259230474239	0.058533301512
iig-	0.4	0.6	0.0	0.0
ise-	0.0	1.0	0.0	0.0
arq-	0.139603960396	0.848514851485	0.0	0.0118811881188
ale-	0.0283018867924	0.873525943396	0.0875589622641	0.0106132075472
sid-	0.0107349298101	0.98926507019	0.0	0.0
luc-	0.00798403193613	0.984031936128	0.0	0.00798403193612
mea-	0.0	1.0	0.0	0.0
dec-	0.0103359173127	0.770025839793	0.0	0.219638242894
net-	0.0	1.0	0.0	0.0
be--	0.0	0.666666666667	0.333333333333	0.0
adu-	0.0	1.0	0.0	0.0
imu-	0.806167400881	0.140969162996	0.0	0.0528634361233
azb-	0.0	1.0	0.0	0.0
jab-	0.0143369175627	0.971326164875	0.0143369175627	0.0
peu-	0.0	1.0	0.0	0.0
siv-	0.0	1.0	0.0	0.0
juc-	0.0	1.0	0.0	0.0
ina-	0.444484972203	0.446262520869	0.052139740601	0.0571127663267
cre-	0.0150801131008	0.967954759661	0.0	0.0169651272384
cip-	0.0	1.0	0.0	0.0
iuw-	0.538461538462	0.276923076923	0.0307692307692	0.153846153846
umu-	0.555461654917	0.313095939612	0.028148561804	0.103293843667
tia-	0.0	0.993801652893	0.00619834710744	0.0
idb-	0.0	1.0	0.0	0.0
lii-	0.458536585366	0.282926829268	0.234146341463	0.0243902439024
ang-	0.181061796244	0.0437188829352	0.000937826823399	0.774281493997
dug-	0.0147581572774	0.970067779648	0.00597864583672	0.009195417238
uuw-	0.677419354839	0.258064516129	0.0	0.0645161290322
day-	0.188648817654	0.72355970972	0.0515065247083	0.0362849479175
sod-	0.0210526315789	0.968421052632	0.00200501253133	0.00852130325815
zap-	0.125	0.875	0.0	0.0
cum-	0.0	0.835616438356	0.0	0.164383561644
ulo-	0.0252778575598	0.930408959101	0.03090492846	0.0134082548795
zab-	0.00756859035005	0.990539262062	0.00189214758751	0.0
lig-	0.395304033715	0.260806742926	0.268031306442	0.0758579169175
diy-	0.0274407220432	0.929633738912	0.010994719153	0.0319308198919
daw-	0.109400030791	0.73995647633	0.108001947331	0.042641545548
log-	0.666666666667	0.266666666667	0.0666666666667	0.0
suu-	0.0529801324503	0.880794701987	0.0662251655628	0.0
tao-	0.0253906197469	0.798679701078	0.0390818938183	0.136847785356
nef-	0.0	1.0	0.0	0.0
jal-	0.0	1.0	0.0	0.0
lai-	0.394936708861	0.432911392405	0.136708860759	0.0354430379747
nit-	0.0810272405035	0.0616295458986	0.0152809176924	0.842062295906
guh-	0.310344827586	0.30407523511	0.366771159875	0.0188087774294
nah-	0.562092173657	0.213899300044	0.154153418594	0.0698551077053
feb-	0.019801980198	0.980198019802	0.0	0.0
esh-	0.0	1.0	0.0	0.0
hik-	0.334622823984	0.568665377176	0.0560928433269	0.0406189555126
tre-	0.00815217391304	0.347826086957	0.240489130435	0.403532608696
lod-	0.0	1.0	0.0	0.0
beb-	0.0	1.0	0.0	0.0
iuk-	0.419776119403	0.305970149254	0.0895522388059	0.184701492537
ira-	0.0	1.0	0.0	0.0
uno-	0.140243902439	0.69512195122	0.164634146341	0.0
iyu-	0.476190476191	0.333333333333	0.0952380952381	0.095238095238
nof-	0.0	1.0	0.0	0.0
iro-	0.0	1.0	0.0	0.0
idl-	0.0	1.0	0.0	0.0
eba-	0.0128205128205	0.948717948718	0.0128205128205	0.025641025641
hay-	0.167419312781	0.647974967109	0.0784253299988	0.106180390112
elm-	0.0	1.0	0.0	0.0
agr-	0.00345303867403	0.988489871087	0.0	0.00805709023941
was-	0.388875335448	0.195901439375	0.331788241034	0.0834349841425
tuo-	0.0	0.928571428571	0.0	0.0714285714286
mup-	0.0	1.0	0.0	0.0
ser-	0.090335219852	0.85579016108	0.0359164127122	0.0179582063561
zal-	0.0	1.0	0.0	0.0
hiy-	0.185322461082	0.676056338028	0.134173461824	0.00444773906597
joh-	0.0310880829016	0.891191709845	0.0777202072539	0.0
glo-	0.0	0.929577464789	0.0704225352112	0.0
jep-	0.00392156862744	0.996078431373	0.0	0.0
ofi-	0.0	1.0	0.0	0.0
tec-	0.0	1.0	0.0	0.0
sek-	0.0557620817844	0.850557620818	0.0513011152416	0.0423791821561
ull-	0.0	1.0	0.0	0.0
yan-	0.212765957447	0.787234042553	0.0	0.0
min-	0.264769102886	0.28429376397	0.167311971113	0.283625162031
est-	0.0389814523735	0.881483810123	0.0372524363408	0.0422823011632
aap-	0.444444444444	0.377777777778	0.155555555556	0.0222222222222
lul-	0.574589925264	0.297399894313	0.0821767122844	0.0458334681377
arb-	0.0	1.0	0.0	0.0
ibl-	0.0	1.0	0.0	0.0
adh-	0.307692307692	0.461538461539	0.0	0.230769230769
kay-	0.141882068305	0.0709235192362	0.0173534570493	0.769840955409
asv-	0.0	1.0	0.0	0.0
amn-	0.0	0.987261146497	0.0127388535032	0.0
zoh-	0.0	1.0	0.0	0.0
gie-	0.0540540540542	0.891891891892	0.0	0.054054054054
iat-	0.875	0.125	0.0	0.0
kak-	0.391112543598	0.244641369586	0.27752875903	0.0867173277864
cei-	0.0	1.0	0.0	0.0
aan-	0.322128601122	0.615291777485	0.0234673580225	0.0391122633708
smu-	0.0	1.0	0.0	0.0
jup-	0.0396825396825	0.960317460318	0.0	0.0
mep-	0.0	0.982456140351	0.0175438596491	0.0
gau-	0.0	1.0	0.0	0.0
nuw-	0.0076923076923	0.0692307692307	0.307692307692	0.615384615385
sau-	0.0224375995752	0.968600637281	0.00517790759427	0.00378385554966
pri-	0.0151910214262	0.970071420474	0.0120167781431	0.00272077995692
uph-	0.0	1.0	0.0	0.0
dup-	0.153846153846	0.846153846154	0.0	0.0
bai-	0.18829787234	0.673404255319	0.0872340425532	0.0510638297872
eff-	0.020618556701	0.917525773196	0.0618556701031	0.0
iid-	0.777777777778	0.222222222222	0.0	0.0
arp-	0.0	1.0	0.0	0.0
oda-	0.0	1.0	0.0	0.0
men-	0.211868902737	0.74743126157	0.0103390711638	0.0303607645286
bus-	0.217984745082	0.670814933762	0.0630268968286	0.0481734243276
lub-	0.172511252695	0.14090147841	0.256248740931	0.430338527964
lup-	0.0179815679647	0.961528767415	0.00518532482946	0.015304339791
deb-	0.174480712166	0.392284866469	0.428486646884	0.00474777448071
bos-	0.043068640646	0.924629878869	0.0	0.0323014804845
laz-	0.0249009620826	0.928692699491	0.0265987549519	0.0198075834748
aza-	0.00987654320987	0.987654320988	0.00246913580247	0.0
rim-	0.078431372549	0.921568627451	0.0	0.0
siw-	0.139534883721	0.78073089701	0.0398671096346	0.0398671096346
jub-	0.0	1.0	0.0	0.0
iab-	0.0	1.0	0.0	0.0
iut-	0.489655172414	0.418103448276	0.0405172413793	0.051724137931
pit-	0.0226565236239	0.119408121129	0.0139256612286	0.844009694019
ara-	0.0166821036368	0.916847059093	0.0136802153728	0.0527906218976
bra-	0.173314993122	0.662998624484	0.163686382393	0.0
utu-	0.151328273245	0.754269449715	0.0474383301708	0.0469639468691
eti-	0.0	0.791836734694	0.208163265306	0.0
bes-	0.00345622119816	0.881720430107	0.00230414746544	0.112519201229
pad-	0.384687383003	0.553444402845	0.0197491576189	0.0421190565331
di--	0.237747018369	0.341777661705	0.328197092365	0.0922782275616
cle-	0.00978260869565	0.980434782609	0.00978260869565	0.0
lih-	0.105923159018	0.423159018143	0.242662753468	0.22825506937
iir-	0.670731707317	0.182926829268	0.146341463415	0.0
pet-	0.0	1.0	0.0	0.0
suw-	0.248481501933	0.344008834898	0.402540033131	0.00496963003865
heb-	0.00603048134206	0.962172435218	0.0290559555572	0.00274112788275
uut-	0.728070175439	0.15350877193	0.0263157894737	0.0921052631579
ish-	0.0	0.970588235294	0.0	0.0294117647059
awa-	0.0791704430346	0.806818787653	0.0498480567255	0.0641627125873
ere-	0.0	1.0	0.0	0.0
nay-	0.119667590028	0.79311436486	0.0774831816383	0.00973486347448
sua-	0.0	1.0	0.0	0.0
bau-	0.254719525351	0.726267529666	0.0125404530744	0.00647249190939
fes-	0.00580973129993	0.993464052288	0.0	0.000726216412491
guw-	0.0645161290322	0.612903225807	0.322580645161	0.0
lep-	0.0	0.9	0.1	0.0
jeo-	0.0	1.0	0.0	0.0
ony-	0.0	1.0	0.0	0.0
dav-	0.000350027710527	0.997491468075	0.00145844879386	0.000700055421053
hep-	0.0900000000001	0.91	0.0	0.0
dot-	0.0	1.0	0.0	0.0
tan-	0.350621652666	0.457560705752	0.0734021015964	0.118415539986
che-	0.0120481927711	0.951807228916	0.0301204819277	0.00602409638554
dep-	0.0	1.0	0.0	0.0
nea-	0.0	1.0	0.0	0.0
niw-	0.655567631657	0.160656061654	0.062246813556	0.121529493133
rem-	0.0	0.986842105263	0.0131578947369	0.0
ohe-	0.0	1.0	0.0	0.0
lah-	0.0114215275038	0.1709987581	0.0140877196934	0.803491994703
ngu-	0.0463251967489	0.0195193879057	0.00405430503118	0.930101110314
sur-	0.469973890339	0.429503916449	0.0313315926893	0.0691906005222
vai-	0.0	1.0	0.0	0.0
ton-	0.32380952381	0.590476190476	0.0571428571429	0.0285714285714
usl-	0.0	0.666666666667	0.333333333333	0.0
gun-	0.310546875	0.6015625	0.029296875	0.0585937500001
nak-	0.739908487073	0.145675013839	0.0578989897711	0.056517509316
niy-	0.0405161194309	0.0432171644307	0.00216883580405	0.914097880334
esi-	0.0	0.933333333333	0.0	0.0666666666666
pih-	0.294117647059	0.705882352941	0.0	0.0
aya-	0.370095865696	0.0438980016816	0.0539082273373	0.532097905285
bee-	0.0349470499243	0.951074130106	0.0109833585477	0.00299546142209
elz-	0.0	1.0	0.0	0.0
noe-	0.00267626155997	0.990187040947	0.00178417437331	0.00535252311993
ask-	0.0	1.0	0.0	0.0
tin-	0.58424510181	0.339033364039	0.0187020117259	0.0580195224255
ido-	0.0	0.333333333333	0.666666666667	0.0
han-	0.0961259900144	0.347767361701	0.142723447895	0.41338320039
ayo-	0.461716523987	0.0780813269694	0.0271270641911	0.433075084853
pub-	0.0232558139535	0.941860465116	0.0116279069767	0.0232558139535
evi-	0.0	0.888888888889	0.111111111111	0.0
top-	0.0	0.905594405594	0.0944055944056	0.0
tun-	0.215459668708	0.176094652486	0.0871965828633	0.521249095942
dad-	0.722068364607	0.148147068446	0.023943484049	0.105841082898
ubo-	0.192366412214	0.340458015267	0.265648854962	0.201526717557
zuz-	0.0	1.0	0.0	0.0
dri-	0.0	1.0	0.0	0.0
jea-	0.0	1.0	0.0	0.0
rom-	0.0203576730049	0.698593341345	0.270870149148	0.0101788365024
can-	0.00542691751085	0.939218523878	0.0499276410999	0.00542691751085
jes-	0.0127748671756	0.842404627227	0.00260929526803	0.142211210329
con-	0.0	0.933333333333	0.0666666666667	0.0
mak-	0.558127710453	0.227228691669	0.102999456236	0.111644141642
hon-	0.5	0.0	0.5	0.0
hup-	0.0	1.0	0.0	0.0
teb-	0.0	1.0	0.0	0.0
yun-	0.0251630941286	0.967847157502	0.00139794967381	0.00559179869524
yao-	0.0985995742681	0.0660739023698	0.0169914024411	0.818335120921
jas-	0.0552947313511	0.928012519562	0.0146061554512	0.00208659363589
may-	0.333446601321	0.0831327594709	0.0780715363955	0.505349102813
apu-	0.119047619048	0.738095238095	0.142857142857	0.0
cap-	0.00765864332604	0.983588621444	0.0	0.00875273522976
sef-	0.0	1.0	0.0	0.0
gad-	0.0094861660079	0.98814229249	0.00237154150198	0.0
amo-	0.0276064247704	0.932387828272	0.0301682681974	0.00983747876005
hun-	0.173913043478	0.826086956522	0.0	0.0
400-	0.0	0.339805825243	0.11003236246	0.550161812298
ago-	0.127659574468	0.808510638298	0.0547112462005	0.00911854103344
put-	0.135032867542	0.603068140145	0.222684546421	0.0392144458921
gip-	0.375	0.25	0.375	0.0
kal-	0.145373513078	0.640847337406	0.0987471814625	0.115031968053
115-	0.0515021459226	0.334763948498	0.0386266094421	0.575107296137
ind-	0.0	1.0	0.0	0.0
uca-	0.0	1.0	0.0	0.0
jus-	0.006586169045	0.98682766191	0.00658616904501	0.0
alu-	0.194444444444	0.694444444445	0.111111111111	0.0
eze-	0.00442243896391	0.986732683108	0.00552804870489	0.00331682922295
jos-	0.0136913712693	0.977796093638	0.0017658982373	0.00674663685532
any-	0.237835484425	0.630294175517	0.0441912161794	0.0876791238786
iga-	0.47248224668	0.424352744892	0.0412467291988	0.0619182792294
gav-	0.0	1.0	0.0	0.0
izr-	0.0	1.0	0.0	0.0
bav-	0.0	1.0	0.0	0.0
azr-	0.0	1.0	0.0	0.0
pos-	0.475	0.0	0.325	0.2
bur-	0.0423633565611	0.876541075165	0.0810955682742	0.0
cor-	0.00447229274883	0.984719666442	0.00586988423284	0.00493815657683
bol-	0.0	1.0	0.0	0.0
phe-	0.0	1.0	0.0	0.0
liy-	0.0610465116278	0.93023255814	0.00872093023254	0.0
duw-	0.0592016743908	0.421139183735	0.499925250411	0.0197338914636
bah-	0.0542850873661	0.873064965316	0.0148914559123	0.0577584914059
ore-	0.0	1.0	0.0	0.0
sep-	0.0	1.0	0.0	0.0
meo-	0.0	1.0	0.0	0.0
opi-	0.0236779794791	0.927387529597	0.0489344909235	0.0
rib-	0.0674157303372	0.932584269663	0.0	0.0
alg-	0.0	0.888888888889	0.111111111111	0.0
luw-	0.283273002778	0.450542974998	0.254230154053	0.0119538681707
aca-	0.00498720663954	0.991687988934	0.0	0.00332480442636
bor-	0.0	0.333333333333	0.666666666667	0.0
kug-	0.0	0.666666666667	0.333333333333	0.0
omr-	0.0	1.0	0.0	0.0
uug-	0.535353535354	0.353535353535	0.040404040404	0.0707070707071
n’y-	0.348091603053	0.303816793893	0.274809160305	0.0732824427481
sot-	0.0	1.0	0.0	0.0
biz-	0.0	1.0	0.0	0.0
ume-	0.0	0.666666666667	0.333333333333	0.0
iuu-	0.756505427357	0.136785664885	0.0338345317281	0.0728743760298
ved-	0.0	1.0	0.0	0.0
cir-	0.0349223946785	0.960088691796	0.0049889135255	0.0
pak-	0.34743843966	0.463524039265	0.0884716095582	0.100565911517
eth-	0.0	1.0	0.0	0.0
for-	0.0	1.0	0.0	0.0
ba’-	0.530643124321	0.129867653772	0.0114219147836	0.328067307123
tru-	0.192989068979	0.791179796457	0.0147003392386	0.00113079532604
ber-	0.00765664213705	0.98434642052	0.00774171593858	0.000255221404569
baz-	0.0	1.0	0.0	0.0
iis-	0.0306950291338	0.0413170146924	0.210627561404	0.71736039477
mga-	0.133813370011	0.0806492405667	0.00889906687525	0.776638322547
lay-	0.177186996973	0.503305425352	0.242667827531	0.0768397501443
ane-	0.0	1.0	0.0	0.0
ahi-	0.0283687943262	0.960283687943	0.00851063829786	0.00283687943262
bid-	0.5	0.5	0.0	0.0
zar-	0.018315018315	0.981684981685	0.0	0.0
sup-	0.0735276789292	0.90208092758	0.0201494120142	0.00424198147668
liw-	0.0642419288925	0.764773191663	0.158152840213	0.0128320392317
att-	0.333333333333	0.666666666667	0.0	0.0
diw-	0.111197150379	0.788756388416	0.0387176707449	0.06132879046
duk-	0.118136535454	0.0299540428484	0.839095373133	0.0128140485649
bat-	0.0863304266919	0.779576700229	0.0869655010951	0.047127371984
zib-	0.0	1.0	0.0	0.0
lie-	0.0	1.0	0.0	0.0
loi-	0.0	0.976143141153	0.0238568588469	0.0
kou-	0.0	0.835616438356	0.0	0.164383561644
oso-	0.0330275229358	0.878899082569	0.0880733944954	0.0
pay-	0.260155872819	0.585074832747	0.0866266639078	0.0681426305263
kus-	0.244041944709	0.276453765491	0.20552907531	0.27397521449
sub-	0.152638944473	0.0910394430149	0.0122334778292	0.744088134682
dau-	0.0836676217765	0.87335243553	0.0429799426934	0.0
iha-	0.74229915736	0.128146557328	0.0693691874597	0.0601850978524
tam-	0.160548572288	0.369402713252	0.2590819686	0.21096674586
imi-	0.688311688312	0.12987012987	0.0	0.181818181818
jan-	0.0182476437836	0.913922730839	0.0117964565874	0.0560331687901
lag-	0.149748599186	0.193599931823	0.0260721818608	0.63057928713
efe-	0.00106837606838	0.996260683761	0.00267094017094	0.0
rel-	0.0988875154511	0.67932191418	0.189298958149	0.0324916122197
toa-	0.0185185185185	0.981481481481	0.0	0.0
edo-	0.00361663652803	0.996383363472	0.0	0.0
nod-	0.0	1.0	0.0	0.0
vah-	0.0	1.0	0.0	0.0
fel-	0.00513043135088	0.990133785864	0.000473578278543	0.00426220450689
bed-	0.0	0.944444444444	0.0	0.0555555555557
pus-	0.0640197377948	0.818091864657	0.0754183513966	0.0424700461514
tim-	0.0421419004407	0.781374698175	0.0947300610369	0.0817533403469
tri-	0.0193174095794	0.971747501951	0.00780247162164	0.00113261684831
pua-	0.0	1.0	0.0	0.0
zen-	0.0485175202156	0.935309973046	0.0	0.0161725067385
ete-	0.0	1.0	0.0	0.0
shi-	0.0	1.0	0.0	0.0
rah-	0.02492211838	0.97507788162	0.0	0.0
mol-	0.0	0.988684735169	0.0113152648311	0.0
ena-	0.0	1.0	0.0	0.0
iya-	0.208222905955	0.114187612158	0.061064208773	0.616525273115
suh-	0.1592760181	0.809049773756	0.0217194570136	0.00995475113122
zan-	0.0	1.0	0.0	0.0
tes-	0.0495667942776	0.945597420915	0.00241789240379	0.00241789240379
naj-	0.0	0.944444444444	0.0555555555557	0.0
oba-	0.0	1.0	0.0	0.0
elo-	0.012	0.964	0.012	0.012
akl-	0.0315554416664	0.957682029505	0.00109821722737	0.00966431160085
lee-	0.115514165935	0.810328591737	0.0199654113961	0.0541918309324
jon-	0.00648839051585	0.991379709743	0.0	0.00213189974092
jer-	0.00674035267059	0.988084589829	0.0	0.00517505750064
lob-	0.0433004570604	0.834014914602	0.122684628338	0.0
dok-	0.126126126126	0.81981981982	0.036036036036	0.018018018018
ipu-	0.579172610556	0.226818830242	0.0870185449358	0.106990014265
coo-	0.0	1.0	0.0	0.0
mah-	0.293978403176	0.22873766448	0.381760978699	0.0955229536455
tum-	0.712590985281	0.149344069086	0.046236034933	0.0918289106997
eno-	0.00376539157094	0.992469216858	0.00376539157094	0.0
zaa-	0.0	1.0	0.0	0.0
seg-	0.0	0.989966555184	0.010033444816	0.0
euf-	0.0	0.993603411514	0.0	0.00639658848615
mil-	0.021993489927	0.90674760271	0.010556875165	0.0607020321985
ast-	0.0	1.0	0.0	0.0
yer-	0.05734089477	0.876496534342	0.0661625708885	0.0
asp-	0.0	1.0	0.0	0.0
gig-	0.733927240107	0.125844737384	0.0408578051193	0.099370217389
tus-	0.293364377183	0.242142025611	0.464493597206	0.0
kel-	0.0	1.0	0.0	0.0
hum-	0.657272886986	0.240443381104	0.0451201117373	0.0571636201725
gaw-	0.445306001316	0.47948604866	0.0210898387505	0.0541181112738
jid-	0.0	1.0	0.0	0.0
kam-	0.0494292721617	0.49377813577	0.0242725488158	0.432520043252
aal-	0.662306674052	0.120338624349	0.0303124684676	0.187042233132
iar-	0.638036809816	0.219325153374	0.0460122699387	0.0966257668712
alt-	0.0909090909091	0.896103896104	0.0	0.012987012987
buc-	0.0	0.933333333333	0.0	0.0666666666667
jor-	0.000596789029588	0.993435320675	0.0	0.00596789029588
saw-	0.409775817714	0.503491363469	0.06394707828	0.0227857405366
uzi-	0.0	0.9	0.1	0.0
boc-	0.0	1.0	0.0	0.0
bac-	0.0	1.0	0.0	0.0
por-	0.0200166805671	0.964970809008	0.0150125104253	0.0
alf-	0.0	1.0	0.0	0.0
cos-	0.0279102221189	0.972089777881	0.0	0.0
sig-	0.457225017973	0.352580877067	0.0677785765637	0.122415528397
ezr-	0.0142180094787	0.985781990521	0.0	0.0
bak-	0.0743617447471	0.19525743723	0.0219734586684	0.708407359355
iib-	0.588409708947	0.216118934277	0.00644244206877	0.189028914707
ped-	0.0128024950426	0.975068825443	0.00288778083669	0.00924089867739
say-	0.653979504509	0.273825459174	0.0526102126352	0.0195848236817
epa-	0.0	0.996586059744	0.00341394025604	0.0
arv-	0.0	1.0	0.0	0.0
nis-	0.0	1.0	0.0	0.0
oph-	0.0	1.0	0.0	0.0
mel-	0.0290192643067	0.964308042583	0.00500451983254	0.00166817327751
add-	0.0	1.0	0.0	0.0
po’-	0.390718562874	0.139221556886	0.0673652694611	0.402694610778
acb-	0.0	1.0	0.0	0.0
siy-	0.0965774485338	0.0414544159645	0.0029700768382	0.858998058663
jud-	0.0164882045921	0.881748057159	0.0845933293875	0.0171704088614
cee-	0.333333333333	0.666666666667	0.0	0.0
cis-	0.0111317254175	0.988868274583	0.0	0.0
umb-	0.0	1.0	0.0	0.0
nau-	0.615643122482	0.111939713751	0.141030615838	0.131386547928
uur-	0.827586206896	0.172413793104	0.0	0.0
beu-	0.333333333333	0.666666666667	0.0	0.0
sak-	0.167449517054	0.427066491802	0.201067055164	0.20441693598
swe-	0.0564585115484	0.923011120616	0.0102651839179	0.0102651839179
azg-	0.0	1.0	0.0	0.0
per-	0.0466308432445	0.922615686518	0.0153052154207	0.0154482548172
big-	0.56563851923	0.177720443572	0.02687990673	0.229761130467
lid-	0.0	1.0	0.0	0.0
zim-	0.0	1.0	0.0	0.0
guy-	0.021436174285	0.764893572358	0.213670253357	0.0
ata-	0.076171875	0.833984375	0.068359375	0.021484375
baw-	0.0282459220431	0.138994578967	0.0077646364091	0.824994862581
dat-	0.0466103017112	0.0577273568323	0.0291738310619	0.866488510395
loh-	0.0	1.0	0.0	0.0
lev-	0.0211723191531	0.960595961576	0.0152911193884	0.00294059988237
arc-	0.0	1.0	0.0	0.0
suc-	0.017094017094	0.948717948718	0.0341880341881	0.0
nec-	0.0	1.0	0.0	0.0
riy-	0.578312488096	0.0853279156879	0.0604406069456	0.275918989271
ome-	0.0190909090909	0.948181818182	0.0327272727273	0.0
imn-	0.0555555555556	0.944444444444	0.0	0.0
pu'-	0.0206622516557	0.0203973509933	0.0193377483443	0.939602649007
jai-	0.0470930232558	0.93023255814	0.0156976744186	0.00697674418604
tal-	0.238011531505	0.596667087035	0.075717657326	0.0896037241337
450-	0.0	0.166666666667	0.0416666666667	0.791666666667
nem-	0.0	1.0	0.0	0.0
mua-	0.833333333334	0.166666666667	0.0	0.0
taz-	0.195121951219	0.804878048781	0.0	0.0
nie-	0.0169491525424	0.940677966102	0.0423728813559	0.0
esk-	0.00423064869947	0.936266060796	0.0586806643685	0.000822626136009
chi-	0.00481927710843	0.955421686747	0.0397590361446	0.0
nga-	0.165475967594	0.0731635866144	0.0139112816495	0.747449164142
iun-	0.426372155288	0.541499330656	0.0	0.0321285140562
pin-	0.530743127675	0.308722095703	0.0912979118222	0.0692368647998
ela-	0.00440852314475	0.995591476855	0.0	0.0
di’-	0.0984235193864	0.146996165317	0.07669365147	0.677886663826
til-	0.310240261255	0.28084907861	0.10240261255	0.306508047586
idi-	0.690656168512	0.205677932567	0.0439846992096	0.0596811997119
hih-	0.574274379376	0.179736354522	0.0917622880292	0.154226978073
ray-	0.0	1.0	0.0	0.0
pur-	0.276706012178	0.557766961594	0.107198455081	0.0583285711471
sec-	0.0	1.0	0.0	0.0
hal-	0.22099290046	0.44599853233	0.0580349946295	0.274973572581
ter-	0.0321227804051	0.951815829392	0.0160613902025	0.0
dab-	0.0	1.0	0.0	0.0
did-	0.666453790712	0.25554237752	0.0218958124259	0.0561080193414
nam-	0.20176170847	0.0763781933843	0.0319837051899	0.689876392956
ker-	0.074714327571	0.893934954585	0.0234397890419	0.00791092880164
dro-	0.2	0.5	0.3	0.0
oli-	0.0276971186062	0.896954806046	0.0731144367508	0.00223363859727
jec-	0.174749905027	0.817652273015	0.0	0.00759782195771
ula-	0.0509557131451	0.901376039074	0.0271215892547	0.0205466585263
kon-	0.0167712180097	0.0106110206254	0.00149973391817	0.971118027447
cut-	0.0	1.0	0.0	0.0
col-	0.0	0.97520661157	0.0247933884297	0.0
uzz-	0.0	0.992907801418	0.00472813238769	0.00236406619385
joc-	0.0181818181818	0.981818181818	0.0	0.0
nim-	0.0	1.0	0.0	0.0
tor-	0.0285005615874	0.961671658555	0.00884500187196	0.000982777985773
avi-	0.0	1.0	0.0	0.0
tul-	0.18224869344	0.174925942353	0.0653384201232	0.577486944083
efr-	0.0	0.98	0.0	0.02
yam-	0.281916072141	0.0959365445119	0.0508707404617	0.571276642886
fen-	0.0248623690286	0.948499378441	0.0	0.0266382525306
mai-	0.491971630261	0.201235079933	0.159231490402	0.147561799405
ese-	0.0	1.0	0.0	0.0
ape-	0.0315789473684	0.968421052632	0.0	0.0
ocr-	0.0	1.0	0.0	0.0
aja-	0.0	1.0	0.0	0.0
hul-	0.157395659781	0.275994753201	0.463733062758	0.10287652426
dic-	0.0	1.0	0.0	0.0
yur-	0.814423076923	0.0778846153846	0.0807692307692	0.0269230769231
arg-	0.0407407407408	0.922222222222	0.0370370370369	0.0
iba-	0.0839543645052	0.287537781203	0.181720316395	0.446787537896
ple-	0.0	1.0	0.0	0.0
mim-	0.0	0.0	0.2	0.8
zom-	0.0	0.75	0.0	0.25
pun-	0.109344142543	0.609978826892	0.14299169646	0.137685334105
zec-	0.0	1.0	0.0	0.0
tur-	0.479963444017	0.381206901327	0.0811708992218	0.0576587554349
amm-	0.0	0.981301129723	0.0186988702766	0.0
kan-	0.0258065201086	0.0408193595032	0.0157776382421	0.917596482146
agi-	0.0228013029316	0.944625407166	0.0325732899023	0.0
gap-	0.58416690483	0.338922231749	0.0480137182052	0.0288971452161
cet-	0.0	1.0	0.0	0.0
gir-	0.0	0.5	0.5	0.0
mna-	0.038338658147	0.904153354633	0.0191693290735	0.038338658147
ken-	0.0	1.0	0.0	0.0
poc-	0.0	1.0	0.0	0.0
bub-	0.479290445615	0.414498680615	0.0512550732305	0.0549558005396
ilu-	0.60362672412	0.295460786177	0.0332678537482	0.0676446359546
phu-	0.185567010309	0.814432989691	0.0	0.0
sih-	0.0	1.0	0.0	0.0
mem-	0.0	1.0	0.0	0.0
ala-	0.257697902397	0.675329274787	0.0122558100909	0.0547170127251
but-	0.0411415451962	0.912655300488	0.0299273781946	0.0162757761216
pom-	0.776978417266	0.165467625899	0.0575539568345	0.0
saj-	0.0	1.0	0.0	0.0
pec-	0.0	1.0	0.0	0.0
tha-	0.0164835164835	0.93956043956	0.032967032967	0.010989010989
anu-	0.113833217044	0.40250342853	0.0322101388254	0.4514532156
geh-	0.0	1.0	0.0	0.0
aam-	0.364864864865	0.310810810811	0.263513513514	0.0608108108108
gob-	0.0279181068865	0.946290880085	0.00518479127892	0.0206062217495
lug-	0.182621502209	0.627186119293	0.016338365243	0.173854013255
aru-	0.0	1.0	0.0	0.0
acc-	0.0	1.0	0.0	0.0
cri-	0.012968062322	0.968454580401	0.00649579891266	0.0120815583641
rin-	0.169637153185	0.0454400875512	0.0534458452274	0.731476914036
siz-	0.0	1.0	0.0	0.0
isi-	0.709774262293	0.186361865729	0.024308819783	0.0795550521958
nep-	0.0	1.0	0.0	0.0
bit-	0.0475678174077	0.929305287941	0.0157683372622	0.00735855738903
uri-	0.0612602438807	0.720840471982	0.104993251318	0.112906032819
iaa-	0.560798548094	0.248638838475	0.024500907441	0.166061705989
cef-	0.00766283524904	0.984674329502	0.0	0.00766283524904
cit-	0.0	1.0	0.0	0.0
gez-	0.0	0.987951807229	0.0120481927711	0.0
imp-	0.0212662912276	0.917770340587	0.0538746044433	0.00708876374254
pai-	0.461771593884	0.221655875465	0.167240666759	0.149331863893
abu-	0.431531584481	0.466528221304	0.0525700553128	0.0493701389025
uus-	0.855000030428	0.0884350820633	0.0	0.0565648875092
fri-	0.0	0.955102040816	0.0448979591837	0.0
ico-	0.0	1.0	0.0	0.0
bet-	0.0109540636042	0.965724381625	0.0148409893993	0.00848056537102
law-	0.0286931571168	0.929571341622	0.0193026693331	0.0224328319276
sal-	0.123103547499	0.816459788222	0.0320929290245	0.0283437352545
end-	0.0	1.0	0.0	0.0
phi-	0.0105263157895	0.989473684211	0.0	0.0
wak-	0.101810894895	0.782385243614	0.0778057194397	0.037998142052
bad-	0.0	1.0	0.0	0.0
eme-	0.0	1.0	0.0	0.0
zil-	0.0	1.0	0.0	0.0
lic-	0.0	0.783540022548	0.216459977452	0.0
ket-	0.0594168347698	0.821382725105	0.11589950486	0.00330093526498
ren-	0.0	1.0	0.0	0.0
sul-	0.149890840038	0.815728307607	0.0150586319021	0.0193222204527
das-	0.285171102662	0.45247148289	0.262357414449	0.0
ma'-	0.183281363623	0.0266860864651	0.0163538837317	0.77367866618
naz-	0.00760735429652	0.982551509755	0.00984113594827	0.0
deu-	0.0	1.0	0.0	0.0
neb-	0.0	1.0	0.0	0.0
imo-	0.2578125	0.3671875	0.0	0.375
jah-	0.0230179028133	0.976982097187	0.0	0.0
lae-	0.0	1.0	0.0	0.0
not-	0.32	0.52	0.12	0.04
ugo-	0.0884003741815	0.862488306829	0.0336763330215	0.0154349859682
tak-	0.215812769021	0.547567490298	0.201418633093	0.0352011075874
mun-	0.134538913679	0.307580037566	0.162284292765	0.395596755989
tay-	0.0561333939453	0.0212004177718	0.0043392667954	0.918326921487
toc-	0.0	1.0	0.0	0.0
ihu-	0.602205771265	0.196555370902	0.157727753437	0.0435111043964
nob-	0.0	1.0	0.0	0.0
kik-	0.636867584374	0.167618116336	0.0219808975533	0.173533401737
rep-	0.0	1.0	0.0	0.0
saf-	0.087619047619	0.72	0.169523809524	0.0228571428572
jaz-	0.0	1.0	0.0	0.0
hoy-	0.0	0.894736842105	0.0526315789474	0.0526315789474
abe-	0.0321978534764	0.948203453103	0.0195986934204	0.0
leu-	0.0	1.0	0.0	0.0
asn-	0.0168057139427	0.967889082288	0.00990336714483	0.00540183662445
tik-	0.399411187439	0.574092247301	0.02649656526	0.0
iny-	0.0187936999859	0.0137388934124	0.00544354637012	0.962023860232
tro-	0.0202114798831	0.971535499165	0.00303172198246	0.00522129896979
beh-	0.0	1.0	0.0	0.0
hac-	0.0	1.0	0.0	0.0
iyo-	0.0433982349483	0.0829021877601	0.0131996505774	0.860499926714
zep-	0.030303030303	0.939393939394	0.030303030303	0.0
tiy-	0.170195318792	0.597543296677	0.0956407322415	0.13662065229
itu-	0.652467533718	0.245402716719	0.0430765082316	0.0590532413315
zah-	0.0	1.0	0.0	0.0
uso-	0.0337465564738	0.962350780533	0.000688705234159	0.00321395775941
gul-	0.0915155077437	0.486515302705	0.381371570731	0.0405976188198
nal-	0.762554183608	0.115849289753	0.0553869373148	0.0662095893247
jeb-	0.0	0.992424242424	0.00757575757577	0.0
rob-	0.0802675585283	0.913043478261	0.00668896321071	0.0
kes-	0.0	1.0	0.0	0.0
ain-	0.0	1.0	0.0	0.0
daa-	0.0456496350609	0.632776356317	0.0133025686689	0.308271439953
ibr-	0.0	1.0	0.0	0.0
jet-	0.0275862068966	0.972413793103	0.0	0.0
ced-	0.0	0.995610826628	0.00438917337236	0.0
yum-	0.739711311692	0.133694296615	0.0589909491647	0.0676034425278
com-	0.0	1.0	0.0	0.0
job-	0.0560119492158	0.919342793129	0.0201643017177	0.00448095593727
enm-	0.0	1.0	0.0	0.0
nil-	0.140562817691	0.0838869982145	0.0139713187507	0.761578865344
taw-	0.844110918221	0.118229434161	0.0157100896871	0.0219495579315
mon-	0.149287392059	0.101271460506	0.0216448988392	0.727796248596
tou-	0.0	1.0	0.0	0.0
man-	0.415837262331	0.300147152592	0.0818152518177	0.20220033326
apd-	0.094470046083	0.808755760369	0.0967741935484	0.0
wik-	0.0278435194209	0.898649589308	0.0616037867186	0.0119031045524
esp-	0.0117271697446	0.92901341703	0.0484093908814	0.0108500223444
enc-	0.0	0.968553459119	0.0	0.0314465408805
huk-	0.0404213993538	0.935984533176	0.0110451742255	0.0125488932449
mib-	0.0	1.0	0.0	0.0
sea-	0.0204778156996	0.9795221843	0.0	0.0
zeb-	0.0	1.0	0.0	0.0
his-	0.0	0.947368421053	0.0526315789474	0.0
rad-	0.0	1.0	0.0	0.0
pum-	0.799578409692	0.0797954904696	0.0162891233968	0.104336976442
amb-	0.248873873874	0.670045045045	0.0439189189189	0.0371621621622
avv-	0.0	1.0	0.0	0.0
gia-	0.0	1.0	0.0	0.0
gag-	0.652029119381	0.0802405025198	0.018297727184	0.249432650915
igl-	0.0141873930301	0.972373912094	0.00732092786133	0.00611776701504
arf-	0.0	1.0	0.0	0.0
jei-	0.0	1.0	0.0	0.0
rub-	0.00327600327601	0.993447993448	0.003276003276	0.0
jut-	0.0	1.0	0.0	0.0
sev-	0.25	0.75	0.0	0.0
gis-	0.564307078764	0.0837487537387	0.139581256231	0.212362911266
jop-	0.00525796910943	0.992770292475	0.00197173841604	0.0
cas-	0.0	0.85	0.15	0.0
ipi-	0.728986883037	0.168074564704	0.0348207536903	0.0681177985687
alv-	0.0	1.0	0.0	0.0
ezb-	0.0	1.0	0.0	0.0
sii-	0.264705882353	0.735294117647	0.0	0.0
buw-	0.0229749079381	0.962213429802	0.0083315600215	0.00648010223894
boa-	0.0318336162988	0.942699490662	0.0254668930391	0.0
ixi-	0.0	1.0	0.0	0.0
ant-	0.0187594668762	0.917990708994	0.0452508761812	0.0179989479488
mar-	0.170328837167	0.237730622878	0.512218274571	0.0797222653843
ode-	0.0	1.0	0.0	0.0
ses-	0.0	1.0	0.0	0.0
acr-	0.0	0.95652173913	0.0434782608695	0.0
kue-	0.0	0.666666666667	0.333333333333	0.0
orp-	0.0	1.0	0.0	0.0
kub-	0.121721919842	0.695695200396	0.142503711034	0.0400791687284
asr-	0.0	1.0	0.0	0.0
lut-	0.173728813559	0.677966101695	0.10593220339	0.042372881356
na’-	0.238584225475	0.366834170854	0.133056587284	0.261525016386
kaa-	0.0651755240337	0.830238474294	0.045146773575	0.0594392280971
uub-	0.615384615385	0.384615384615	0.0	0.0
hen-	0.0204951050213	0.853086189006	0.0682525667218	0.0581661392507
uup-	0.842165728578	0.103104668371	0.0111693067451	0.0435602963058
era-	0.0	1.0	0.0	0.0
sus-	0.464793909913	0.27947086328	0.202119931959	0.053615294847
ial-	0.630297565374	0.134355275023	0.100090171325	0.135256988278
bla-	0.24	0.724705882353	0.0352941176471	0.0
pah-	0.482485705678	0.388959242453	0.0541036198379	0.074451432031
cig-	0.0	1.0	0.0	0.0
aze-	0.0	1.0	0.0	0.0
pep-	0.0	0.666666666667	0.333333333333	0.0
sam-	0.115445132693	0.437143862059	0.0285733125781	0.418837692669
aro-	0.0162601626016	0.951219512195	0.0325203252032	0.0
lit-	0.363747093345	0.4709888163	0.146440039863	0.0188240504927
isl-	0.0762711864407	0.822033898305	0.0	0.101694915254
bag-	0.142956495712	0.486557791999	0.0843464683849	0.286139243904
rea-	0.0	1.0	0.0	0.0
oha-	0.0	1.0	0.0	0.0
emb-	1.0	0.0	0.0	0.0
lib-	0.0317805533597	0.526217865613	0.0274909090909	0.414510671937
zio-	0.0141242937853	0.977401129944	0.0	0.00847457627119
lad-	0.389830508475	0.610169491525	0.0	0.0
azk-	0.0	1.0	0.0	0.0
sum-	0.65882944234	0.180246027669	0.0359955938159	0.124928936176
aia-	0.0	1.0	0.0	0.0
dar-	0.740843799375	0.125520775173	0.0255737435691	0.108061681883
dit-	0.115063441007	0.125184665193	0.0204729524428	0.739278941358
gri-	0.0191325014854	0.551277480689	0.413784907903	0.0158051099227
iml-	0.0	1.0	0.0	0.0
uel-	0.0	1.0	0.0	0.0
300-	0.0377358490566	0.169811320755	0.022641509434	0.769811320755
kul-	0.158744035455	0.533753115359	0.287312510965	0.0201903382206
noa-	0.0624999999999	0.9375	0.0	0.0
imb-	0.0909090909091	0.727272727273	0.181818181818	0.0
kil-	0.665302995041	0.192707943708	0.0709293382194	0.0710597230323
res-	0.0011568013408	0.998843198659	0.0	0.0
tob-	0.0	1.0	0.0	0.0
gwa-	0.348634514817	0.651365485183	0.0	0.0
ros-	0.0625000000001	0.9375	0.0	0.0
let-	0.0	1.0	0.0	0.0
jeu-	0.0	0.872340425532	0.127659574468	0.0
aso-	0.0147823501988	0.962305006993	0.0103476451391	0.0125649976689
pil-	0.0772778847736	0.742757367367	0.119597601352	0.0603671465079
hin-	0.220224587596	0.0495548141333	0.0161480720414	0.714072526229
ako-	0.181589655148	0.01512060537	0.000890032990471	0.802399706491
olo-	0.0	1.0	0.0	0.0
bek-	0.5	0.5	0.0	0.0
idu-	0.250622406639	0.684647302905	0.0348547717843	0.0298755186722
hab-	0.107782381182	0.228289818281	0.0209455379182	0.642982262619
asa-	0.0342665209718	0.914467203496	0.0355904547366	0.0156758207952
oth-	0.0	1.0	0.0	0.0
itt-	0.0882352941176	0.735294117647	0.132352941176	0.0441176470588
oho-	0.0	1.0	0.0	0.0
cho-	0.0	0.962264150943	0.0377358490566	0.0
gum-	0.721086953397	0.155016346952	0.0402813376813	0.0836153619704
ono-	0.0	1.0	0.0	0.0
cab-	0.0	1.0	0.0	0.0
gru-	0.0849056603774	0.77358490566	0.0509433962264	0.0905660377358
260-	0.0	0.11170212766	0.0	0.88829787234
kol-	0.0	0.96	0.04	0.0
joa-	0.0169445770253	0.974870872562	0.00818455041223	0.0
tub-	0.0271689560819	0.951300406291	0.0143169066637	0.00721373096376
irp-	0.0	1.0	0.0	0.0
noo-	0.39943612706	0.185291783426	0.0420087789775	0.373263310537
moo-	0.0154889285771	0.975660255093	0.00885081632976	0.0
tot-	0.170253780728	0.125012263715	0.339748558811	0.364985396746
caf-	0.0	1.0	0.0	0.0
pa'-	0.0821567672834	0.0666382667965	0.0569620253165	0.794242940604
mái-	0.0359281437126	0.592814371258	0.173652694611	0.197604790419
mao-	0.0	1.0	0.0	0.0
tup-	0.104006038661	0.877030007797	0.0112949927793	0.00766896076262
hod-	0.0	1.0	0.0	0.0
gib-	0.589356110381	0.331800262812	0.0630749014455	0.0157687253613
mic-	0.010719754977	0.989280245023	0.0	0.0
api-	0.0903225806451	0.883870967742	0.0258064516129	0.0
yay-	0.713681446908	0.152056592765	0.0454346557759	0.0888273045507
pul-	0.0701311091933	0.712721261981	0.196695352157	0.0204522766685
ham-	0.258655971188	0.479577637718	0.245232053696	0.0165343373987
zee-	0.0	1.0	0.0	0.0
hir-	0.422263120994	0.476324619391	0.0549629407051	0.0464493189102
upu-	0.0890549835009	0.743224797572	0.145456473052	0.0222637458752
gar-	0.0	0.972772277228	0.0272277227723	0.0
rue-	0.0	0.666666666667	0.333333333333	0.0
zoa-	0.0	1.0	0.0	0.0
kap-	0.0554858055845	0.800630139638	0.0478784146766	0.096005640101
seb-	0.0103833865815	0.968849840256	0.0103833865815	0.0103833865815
cat-	0.0	1.0	0.0	0.0
iph-	0.0	1.0	0.0	0.0
emi-	0.0	1.0	0.0	0.0
zic-	0.0	1.0	0.0	0.0
bud-	0.063113145847	0.796817091781	0.10355352082	0.0365162415522
una-	0.108521647002	0.143705769439	0.404802968975	0.342969614584
ila-	0.115498578369	0.341005892546	0.0840367086738	0.459458820411
120-	0.03125	0.21875	0.0	0.75
poo-	0.0538287634035	0.884284577592	0.0471096404259	0.0147770185786
lys-	0.0869565217392	0.710144927536	0.0869565217391	0.115942028985
144-	0.0115384615385	0.0692307692308	0.0	0.919230769231
ko'-	0.192267502612	0.0862068965517	0.039184952978	0.682340647858
ada-	0.0203661049824	0.970905564311	0.00581888713783	0.00290944356892
git-	0.0324487709472	0.404437763419	0.0121632379267	0.550950227707
ora-	0.0174805563523	0.923736322762	0.00855027212885	0.050232848757
ace-	0.0	1.0	0.0	0.0
kir-	0.246013667426	0.678815489749	0.0341685649203	0.0410022779043
uma-	0.583613468838	0.167738536977	0.0225275739339	0.226120420251
ner-	0.0	0.98776446597	0.0	0.0122355340301
fil-	0.00140836805352	0.984507951411	0.0126753124817	0.00140836805352
uha-	0.0851803563667	0.758365927857	0.12777053455	0.0286831812255
kru-	0.336511860616	0.635587733239	0.00211901818824	0.0257813879569
kab-	0.107633744663	0.558087065462	0.253323789859	0.0809554000162
pa’-	0.199819981998	0.365436543654	0.025202520252	0.409540954095
hem-	0.0388349514563	0.941747572815	0.0194174757282	0.0
fal-	0.0	0.666666666667	0.333333333333	0.0
ver-	0.00787401574805	0.988188976378	0.0	0.00393700787401
alm-	0.101321585903	0.84140969163	0.0396475770925	0.0176211453745
mo'-	0.106089742097	0.201149130935	0.0542671031005	0.638494023867
efo-	0.25	0.75	0.0	0.0
ism-	0.0	1.0	0.0	0.0
peo-	0.0	1.0	0.0	0.0
ana-	0.00906474071633	0.97960758473	0.00479031013465	0.00653736441905
duy-	0.0	1.0	0.0	0.0
jaj-	0.0	1.0	0.0	0.0
