-̃um	0.28955532575	0.70734229576	0.00310237849018	0.0
-ivu	0.327637444279	0.47176820208	0.120356612184	0.0802377414562
-heu	0.502606105733	0.448994787789	0.048399106478	0.0
-hew	0.0682926829268	0.921951219512	0.00975609756098	0.0
-̃ua	0.192242489998	0.600935783549	0.174950837458	0.0318708889943
-hes	0.147058823529	0.764705882353	0.0588235294117	0.0294117647059
-hel	0.0714285714286	0.928571428571	0.0	0.0
-hem	0.0164977610181	0.8180532642	0.0876738156964	0.0777751590856
-hen	0.0424877805334	0.0880320218466	0.0672319347864	0.802248262834
-ive	0.029484029484	0.912776412776	0.0552825552826	0.002457002457
-rbe	0.0318181818182	0.968181818182	0.0	0.0
-ivi	0.276635687467	0.234164204034	0.40724085257	0.0819592559281
-eua	0.256357031655	0.161909704203	0.0783601453036	0.503373118838
-hea	0.557267096691	0.351272423863	0.0452488687783	0.0462116106672
-ivo	0.329298461251	0.0472787951395	0.013944424564	0.609478319045
-aus	0.14953271028	0.803738317757	0.018691588785	0.0280373831776
-aen	0.0413170602571	0.923818281285	0.025701163467	0.0091634949914
-aua	0.621880361673	0.222387714072	0.0303148321632	0.125417092092
-nse	0.0168067226891	0.983193277311	0.0	0.0
-ple	0.0176961878773	0.969569172248	0.00893078640536	0.00380385346895
-aum	0.0355492356914	0.950231070032	0.00213295414148	0.0120867401351
-aul	0.0227622409268	0.938682233686	0.00549069297373	0.0330648324132
-pla	0.35175879397	0.160804020101	0.356783919598	0.130653266332
-aun	0.462809917355	0.438016528926	0.0413223140496	0.0578512396694
-nth	0.0787071305206	0.768813224772	0.0977054034049	0.0547742413027
-pus	0.0129171151776	0.980624327234	0.00645855758881	0.0
-uai	0.131370371425	0.188721511898	0.270277453465	0.409630663211
-uam	0.0850531582239	0.793621013133	0.0225140712946	0.0988117573483
-kia	0.0	1.0	0.0	0.0
-uan	0.123549232497	0.543616622988	0.274616248596	0.0582178959191
-pue	0.121490280778	0.872030237581	0.00647948164145	0.0
-apa	0.274060982091	0.602322774145	0.0810169449629	0.0425992988007
-uau	0.595660082383	0.19981738933	0.0648661854419	0.139656342845
-pua	0.0543101167969	0.355145551917	0.24798940008	0.342554931206
-yre	0.003367003367	0.993265993266	0.0	0.003367003367
-pum	0.054497226911	0.864480347239	0.0564263322884	0.0245960935616
-pun	0.363475177305	0.360520094563	0.215721040189	0.0602836879432
-lta	0.0680272108843	0.795918367347	0.0272108843537	0.108843537415
-pra	0.234705499512	0.353075170843	0.0241620566222	0.388057273023
-cas	0.0280898876404	0.943820224719	0.0280898876404	0.0
-nal	0.2	0.8	0.0	0.0
-vis	0.58024691358	0.283950617284	0.0987654320988	0.037037037037
-bya	0.0377358490566	0.905660377359	0.0377358490566	0.0188679245283
-fig	0.00241012251456	0.951797549709	0.0457923277766	0.0
-opo	0.110666150338	0.0376558249858	0.0152752521916	0.836402772485
-ope	0.344457542376	0.457664322589	0.110117474899	0.0877606601358
-opa	0.0	1.0	0.0	0.0
-dea	0.018422796554	0.964479787939	0.0131212723658	0.00397614314116
-yst	0.0	1.0	0.0	0.0
-dee	0.00500625782227	0.994993742178	0.0	0.0
-oku	0.0554709866632	0.118671728165	0.0285684505857	0.797288834587
-gko	0.292260152858	0.0997278912182	0.00729793667839	0.600714019246
-dek	0.0584519858687	0.925489776255	0.0128465903008	0.00321164757521
-pae	0.138710711995	0.143521488133	0.708146247595	0.00962155227712
-ima	0.0818332273015	0.669078609254	0.0373111519139	0.211777011531
-oko	0.366656751933	0.488013087448	0.109101725164	0.0362284354551
-des	0.0196078431372	0.941176470588	0.0196078431372	0.0196078431372
-kim	0.0	1.0	0.0	0.0
-oke	0.217276348222	0.189105051728	0.549395720146	0.0442228799032
-̃oi	0.18	0.265	0.18	0.375
-lla	0.0100250626567	0.979949874687	0.0	0.0100250626566
-ech	0.0	1.0	0.0	0.0
-ece	0.181818181818	0.809384164223	0.00879765395894	0.0
-ida	0.00537634408603	0.994623655914	0.0	0.0
-bia	0.0150375939849	0.932330827068	0.0	0.0526315789473
-bim	0.310344827586	0.609195402299	0.0344827586207	0.0459770114942
-tep	0.137824063816	0.824950144028	0.003988477731	0.033237314425
-eja	0.116504854369	0.296116504854	0.587378640777	0.0
-ter	0.0147961151432	0.965183548964	0.00725781003471	0.0127625258581
-uta	0.118967667658	0.788208769068	0.0273433752278	0.0654801880457
-eje	0.341301581531	0.566806035266	0.0875295400836	0.00436284311943
-ute	0.581471389646	0.36621253406	0.0359673024523	0.016348773842
-rin	0.352069494124	0.497700562085	0.0689831374553	0.0812468063362
-eji	0.326304893642	0.305425803629	0.215380050562	0.152889252167
-bbi	0.237451737452	0.525096525097	0.0	0.237451737452
-uti	0.274973593162	0.519812149855	0.0258271678198	0.179387089163
-rii	0.0778210116731	0.727626459144	0.0389105058366	0.155642023346
-tea	0.137179303258	0.121278334956	0.0244392249252	0.717103136861
-riu	0.0521497276625	0.8073936725	0.117510719666	0.0229458801715
-eju	0.394618084573	0.325087748621	0.192879826174	0.0874143406319
-utu	0.34944595707	0.343126701703	0.249274995251	0.0581523459761
-tei	0.627927392487	0.341919442521	0.0199567059439	0.0101964590479
-sia	0.424319547331	0.357157410179	0.0221086403154	0.196414402175
-ten	0.0	1.0	0.0	0.0
-ard	0.0402617010568	0.763462506291	0.16607951686	0.0301962757927
-are	0.108865197304	0.0625906797328	0.00990358856531	0.818640534398
-e'e	0.0249042145594	0.0823754789272	0.0114942528736	0.88122605364
-ara	0.157040867501	0.084120240488	0.00913425359764	0.749704638413
-mes	0.00508816562856	0.983331871217	0.00947451530836	0.0021054478463
-aro	0.338642222612	0.181413896239	0.421624523364	0.0583193577844
-ari	0.0879317292299	0.171089270066	0.0628923366062	0.678086664098
-ark	0.0698954555152	0.899637294645	0.0143375293365	0.0161297205035
-art	0.0	0.938461538462	0.0615384615384	0.0
-lui	0.554054054054	0.445945945946	0.0	0.0
-luk	0.014812263176	0.914915604547	0.00516706854978	0.0651050637272
-lum	0.240516399042	0.322749401195	0.370567329892	0.0661668698713
-lun	0.113061933243	0.523442021995	0.247732973181	0.11576307158
-mel	0.016129032258	0.959677419355	0.0	0.0241935483871
-men	0.0283366088976	0.666785778095	0.0397355726282	0.265142040379
-ary	0.0116438704429	0.841206081253	0.0	0.147150048304
-mas	0.0190735694823	0.957765667575	0.0	0.0231607629428
-pha	0.0	1.0	0.0	0.0
-alu	0.260084909301	0.428375144732	0.235600154381	0.0759397915863
-rai	0.0603880820721	0.887519392182	0.0168587112432	0.035233814503
-nah	0.0	0.994234812417	0.00221867277266	0.00354651481084
-vue	0.346153846154	0.5	0.115384615385	0.0384615384615
-vua	0.288608748748	0.533365293263	0.0853457776129	0.0926801803765
-vun	0.109090909091	0.890909090909	0.0	0.0
-mos	0.0243902439024	0.943089430894	0.0325203252032	0.0
-vul	0.203703703704	0.12037037037	0.0185185185185	0.657407407407
-vui	0.0637965976786	0.846293680526	0.0763495670331	0.0135601547626
-zin	0.0	1.0	0.0	0.0
-jen	0.0432605647907	0.937512517525	0.0192269176848	0.0
-alo	0.0664015939353	0.807505274002	0.0915261778991	0.0345669541635
-mia	0.76165756859	0.110507372567	0.0273227774652	0.100512281377
-ojo	0.0718865709383	0.191817935519	0.681567777477	0.0547277160662
-ota	0.0210006176652	0.970352069179	0.00864731315627	0.0
-ija	0.0945509149678	0.823649181746	0.0209717238044	0.0608281794814
-oti	0.192407024793	0.753420429349	0.0313696835316	0.0228028623261
-ijo	0.657139359814	0.307729971235	0.0269906359018	0.00814003304976
-oto	0.241470046487	0.123497938777	0.0185071484958	0.61652486624
-ume	0.0256416975178	0.938274008053	0.0256154943233	0.0104688001058
-iju	0.455821635012	0.162675474814	0.351775392238	0.0297274979356
-otu	0.175714268994	0.788938047918	0.0290857590973	0.00626192399078
-nua	0.275938189845	0.689293598234	0.0120033112583	0.0227649006622
-umi	0.133980582524	0.547572815534	0.236893203883	0.0815533980582
-ako	0.344856975444	0.305278857934	0.11292814148	0.236936025142
ALL	0.211702897304	0.294362537862	0.0558136051122	0.438120959722
-nai	0.73431085044	0.100248138958	0.0159711256485	0.149469884954
-nan	0.0859797979798	0.587862626263	0.0303838383838	0.295773737374
-aki	0.100884008866	0.72944743077	0.169668560365	0.0
-nam	0.0435540069686	0.766550522648	0.0261324041812	0.163763066202
-sis	0.0	1.0	0.0	0.0
-ake	0.119249590212	0.128834946195	0.0705722555978	0.681343207995
-sip	0.0284126696385	0.963183583004	0.0030013383421	0.00540240901578
-aka	0.387294606993	0.408110691699	0.158737268256	0.0458574330516
-kis	0.0178120825293	0.975805254564	0.00638266290634	0.0
-sin	0.0938193170304	0.813511515185	0.053728400471	0.0389407673138
-sim	0.0888345558272	0.753056234719	0.040749796251	0.117359413203
-nas	0.0367872470877	0.917228694053	0.0147148988351	0.0312691600245
-aku	0.0489400381903	0.38192849637	0.0393052936697	0.52982617177
-nau	0.166312278697	0.369820094655	0.0130030751813	0.450864551467
-goi	0.442080378251	0.202218585197	0.199672667758	0.156028368794
-gom	0.138513513514	0.800675675676	0.0405405405405	0.0202702702703
-mor	0.0	0.95652173913	0.0434782608696	0.0
-gon	0.0439436619718	0.924507042253	0.0225352112676	0.00901408450704
-goa	0.899063475546	0.0683315990288	0.00470739804767	0.0278975273772
-god	0.0298449498798	0.890523737877	0.0061815691945	0.0734497430486
-gog	0.0	1.0	0.0	0.0
-moa	0.589022757698	0.300189262798	0.0581636892397	0.0526242902645
-mon	0.00542986425339	0.99185520362	0.0	0.0027149321267
-moi	0.34328358209	0.492537313433	0.0597014925373	0.10447761194
-con	0.0963455149501	0.762458471761	0.13122923588	0.00996677740866
-ber	0.0842105263158	0.505263157895	0.410526315789	0.0
-eor	0.0666666666666	0.933333333333	0.0	0.0
-cob	0.000943989930775	0.986784140969	0.000943989930775	0.0113278791693
-eon	0.0530056262955	0.909979271543	0.0204323363933	0.0165827657684
-eom	0.360655737705	0.573770491803	0.0327868852459	0.0327868852459
-bel	0.131640326076	0.799075291778	0.0369516704776	0.0323327116679
-cos	0.0327868852459	0.967213114754	0.0	0.0
-iso	0.247467305135	0.0788790443825	0.0291303053898	0.644523345093
-evu	0.224632610217	0.653603918824	0.100769769069	0.0209937018894
-upu	0.115462167038	0.285047224875	0.0210124164279	0.578478191659
-ren	0.298876404494	0.625617977528	0.0431460674157	0.0323595505618
-isi	0.395139247776	0.426703344573	0.155482828496	0.0226745791557
-ish	0.0	0.962962962963	0.037037037037	0.0
-ise	0.0670731707317	0.878048780488	0.0426829268293	0.0121951219512
-rea	0.814797624558	0.0695213388974	0.00846641832597	0.107214618219
-isa	0.157437093021	0.41104933523	0.149197653967	0.282315917782
-rez	0.0	1.0	0.0	0.0
-eve	0.592197530864	0.304296296296	0.0705185185185	0.032987654321
-upe	0.0318025989204	0.922840812149	0.0197993520992	0.025557236831
-eva	0.0	1.0	0.0	0.0
-upa	0.225352112676	0.450704225352	0.295774647887	0.0281690140845
-rer	0.16	0.813333333333	0.0	0.0266666666667
-res	0.159509202454	0.791411042945	0.0490797546012	0.0
-isu	0.528429838289	0.266562336985	0.129890453834	0.0751173708921
-evo	0.083083083083	0.525525525526	0.314314314314	0.0770770770771
-evi	0.397623046118	0.482883348405	0.022219351505	0.0972742539724
-ret	0.2	0.785714285714	0.0	0.0142857142857
-upi	0.655538694993	0.125948406677	0.200303490136	0.0182094081942
-avi	0.791078161498	0.0926695639874	0.0156681154259	0.100584159089
-hab	0.112676056338	0.830985915493	0.0140845070423	0.0422535211268
-avo	0.423942729455	0.523917901183	0.0428287676902	0.00931060167177
-hah	0.0	1.0	0.0	0.0
-hai	0.319921306725	0.300488842406	0.0417448987596	0.33784495211
-her	0.0	1.0	0.0	0.0
-mau	0.0572792362768	0.587112171838	0.105011933174	0.250596658711
-ave	0.296442754782	0.305514286373	0.0842315316452	0.313811427199
-han	0.0875725362667	0.702416150924	0.0568000679001	0.153211244909
-mai	0.770417857728	0.0147215209273	0.00793518299911	0.206925438346
-mah	0.19512195122	0.80487804878	0.0	0.0
-har	0.0	1.0	0.0	0.0
-has	0.0473588342441	0.945355191257	0.0	0.00728597449909
-mam	0.119340475339	0.21135957408	0.04191581013	0.627384140451
-hau	0.702558734496	0.200543998836	0.0181265585405	0.0787707081281
-jue	0.164609053498	0.740740740741	0.0576131687243	0.037037037037
-avu	0.145224071298	0.527219253241	0.212920146045	0.114636529417
-uni	0.318560100806	0.467127032607	0.123352514467	0.0909603521195
-una	0.0899521299719	0.787087433954	0.0540418010173	0.0689186350569
-unu	0.573568503275	0.023652339528	0.00633883867802	0.396440318519
-nki	0.030743432085	0.953605366126	0.00223588596982	0.0134153158189
-tre	0.0880866425992	0.815884476534	0.0303249097473	0.0657039711191
-tra	0.0127388535032	0.955414012739	0.0318471337579	0.0
-gan	0.192771084337	0.710843373494	0.0722891566265	0.0240963855422
-gai	0.428331936295	0.538139145013	0.0335289186924	0.0
-gav	0.0595419847328	0.0961832061069	0.0595419847328	0.784732824428
-144	0.0376506024097	0.149096385542	0.00753012048193	0.805722891566
-gar	0.22480620155	0.697674418605	0.031007751938	0.0465116279069
-hia	0.738466553002	0.101274721973	0.0358988829679	0.124359842057
-ana	0.0802581220594	0.23359299012	0.109161630222	0.576987257599
-nor	0.0	1.0	0.0	0.0
-ohu	0.570151785626	0.110214064053	0.108537297299	0.211096853022
-sem	0.0776275957812	0.189313383337	0.161109075834	0.571949945048
-sei	0.0367700320965	0.0158579849862	0.00354700857608	0.943824974341
-seh	0.0	1.0	0.0	0.0
-ina	0.204804384045	0.465018928875	0.111752145967	0.218424541114
-see	0.00188429059948	0.99706888129	0.000628096866494	0.00041873124433
-ine	0.35067114094	0.463087248322	0.105704697987	0.0805369127517
-sea	0.436734693877	0.493877551021	0.0326530612245	0.0367346938775
-lai	0.397692755292	0.522120895146	0.0394416745719	0.0407446749895
-uim	0.243767313019	0.468144044321	0.288088642659	0.0
-oha	0.0590992415104	0.79713144872	0.129885149933	0.0138841598365
-uin	0.0976435772049	0.835572647138	0.0289607368371	0.03782303882
-uia	0.66136610047	0.269244669317	0.013010480665	0.0563787495483
-ohn	0.00953115780874	0.947033994463	0.0104842735896	0.0329505741388
-oho	0.318436906328	0.130165171343	0.021970808567	0.529427113762
-ses	0.0667242496221	0.913985460304	0.00705391204204	0.0122363780321
-ohi	0.0385593090295	0.474520337565	0.0263365987796	0.460583754626
-aam	0.118577075099	0.833992094862	0.0395256916996	0.00790513833992
-aal	0.0689655172414	0.896551724138	0.0	0.0344827586207
-iam	0.2	0.4	0.0857142857143	0.314285714286
-ian	0.253968253968	0.644914756026	0.0776014109347	0.0235155790711
-ner	0.198863636364	0.528409090909	0.0	0.272727272727
-nes	0.0144312393888	0.96519524618	0.00509337860781	0.0152801358234
-iau	0.428262410837	0.140637133044	0.0345800663074	0.396520389812
-kue	0.766295707472	0.159777424483	0.0143084260731	0.0596184419714
-fus	0.0	1.0	0.0	0.0
-ias	0.025138354751	0.933777319201	0.0332051402308	0.00787918581747
-aoh	0.0893416927899	0.891849529781	0.0188087774295	0.0
-aon	0.028797511958	0.941952246915	0.00956636419109	0.0196838769364
-aom	0.030303030303	0.939393939394	0.030303030303	0.0
-aah	0.474164133739	0.310030395137	0.0455927051672	0.170212765957
-eka	0.529100529101	0.121693121693	0.21164021164	0.137566137566
-hoa	0.666471220561	0.239210271639	0.062069900354	0.0322486074465
-ice	0.0371315192744	0.945011337868	0.00765306122449	0.0102040816327
-bai	0.412698412698	0.587301587302	0.0	0.0
-bag	0.0	1.0	0.0	0.0
-hoi	0.438962681847	0.378874130297	0.110056925996	0.0721062618596
-hon	0.180856372655	0.402860576505	0.0648896370823	0.351393413757
-hom	0.196182396607	0.322375397667	0.050901378579	0.430540827147
-hor	0.0	1.0	0.0	0.0
-hos	0.0647915620291	0.877950778503	0.0165745856354	0.0406830738323
-rei	0.314160247642	0.510762364121	0.160679576704	0.0143978115326
-eku	0.136748816802	0.467213468712	0.120524127809	0.275513586677
-bat	0.0833333333333	0.872549019608	0.0367647058823	0.00735294117647
-bas	0.04234421751	0.93684142058	0.0109275400026	0.00988682190711
-job	0.0540540540541	0.72972972973	0.108108108108	0.108108108108
-jhi	0.20979020979	0.286713286713	0.377622377622	0.125874125874
-ase	0.166155255375	0.185881080134	0.114552914466	0.533410750026
-asa	0.346498918581	0.463144404425	0.108449392231	0.0819072847633
-aso	0.305882551925	0.642463297477	0.0427463184719	0.00890783212683
-eus	0.0032292787944	0.966092572659	0.0032292787944	0.0274488697524
-ovi	0.692095653665	0.189543970974	0.0238232754271	0.094537099934
-asi	0.134807928009	0.814914576058	0.0352063603292	0.0150711356037
-oru	0.0963723441676	0.57060915292	0.319483724439	0.0135347784738
-asu	0.641701686719	0.288872258362	0.0468597087099	0.0225663462092
-nyx	0.0	0.777777777778	0.222222222222	0.0
-zor	0.0	1.0	0.0	0.0
-ape	0.180187655955	0.728625770086	0.0557531312149	0.0354334427438
-rat	0.4	0.03	0.15	0.42
-rau	0.185763228017	0.597639893415	0.193757137419	0.0228397411496
-ras	0.0361990950226	0.945701357466	0.0	0.0180995475113
-ran	0.202371902083	0.668085753383	0.0510871217881	0.078455222746
-eri	0.265632585762	0.342556602189	0.384201767912	0.00760904413673
-ram	0.296561604584	0.627507163324	0.0472779369628	0.0286532951289
-rak	0.0	1.0	0.0	0.0
-rah	0.0653634697617	0.870494807575	0.0219914477703	0.0421502748931
-ero	0.235617808904	0.390195097549	0.303151575788	0.0710355177589
-era	0.23773217925	0.19482163121	0.24590046683	0.32154572271
-ere	0.767229792386	0.131703484822	0.0116174634962	0.0894492592955
-gen	0.0997442455243	0.781329923274	0.0843989769821	0.0345268542199
-uka	0.00878724658715	0.863074856003	0.102853304005	0.0252845934056
-poi	0.552104118039	0.335991209101	0.05184122703	0.0600634458301
-aza	0.0	0.78125	0.0	0.21875
-ike	0.0785196209419	0.0477204323606	0.0225020625633	0.851257884134
-̃hi	0.74273268735	0.238598986577	0.00800071117433	0.0106676148991
-iko	0.0795454545454	0.835227272727	0.0852272727273	0.0
-lam	0.228359439406	0.618301731245	0.0445177246496	0.108821104699
-lan	0.159003831418	0.787356321839	0.0459770114942	0.00766283524904
-nos	0.0	1.0	0.0	0.0
-lah	0.0	1.0	0.0	0.0
-oun	0.0561252023745	0.893685914733	0.0	0.0501888828926
-oum	0.219723183391	0.726643598616	0.0276816608997	0.0259515570934
-lak	0.142259414226	0.857740585774	0.0	0.0
-lat	0.339943342776	0.57507082153	0.0849858356941	0.0
-lau	0.539022144939	0.255293305375	0.0603487955812	0.145335754104
-iku	0.104811914889	0.631968680806	0.0360579587353	0.227161445569
-aan	0.191499299393	0.780476412891	0.0	0.028024287716
-nom	0.0630644972847	0.12125493092	0.0145151666769	0.801165405118
-non	0.0331514831432	0.0582943907406	0.00310464302533	0.905449483091
-las	0.0317503790651	0.918932433781	0.0312298810476	0.0180873061067
-ppa	0.0443289095636	0.937611164318	0.00656724586126	0.0114926802572
-aac	0.0279134682484	0.960223307746	0.00453593859038	0.00732728541521
-ahi	0.458185360819	0.299609410448	0.110087616678	0.132117612056
-aho	0.238436013877	0.451683264903	0.0530669495816	0.256813771638
-gem	0.0261437908497	0.692810457516	0.228758169935	0.0522875816993
-gea	0.967741935484	0.0322580645161	0.0	0.0
-aha	0.165234004916	0.486833080458	0.14694266857	0.200990246056
-ypt	0.00431965442764	0.928293736501	0.0673866090713	0.0
-ahe	0.484057463209	0.0783744062914	0.0661960795764	0.371372050923
-doa	0.128205128205	0.820512820513	0.0512820512821	0.0
-don	0.0	1.0	0.0	0.0
-dom	0.00918149831779	0.960978632149	0.0298398695328	0.0
-dok	0.0	1.0	0.0	0.0
-ahu	0.193314336669	0.252492415274	0.365321937027	0.18887131103
-sar	0.0	0.977777777778	0.0222222222222	0.0
-dda	0.0352941176471	0.964705882353	0.0	0.0
-vou	0.0697782963828	0.30455075846	0.592998833139	0.0326721120187
-sau	0.150331577921	0.270040959626	0.0610493465965	0.518578115857
-toa	0.339236155136	0.494301452461	0.00946705549218	0.156995336912
-̃ia	0.197901271061	0.617647058824	0.0979899497487	0.0864617203666
-olu	0.0471432991832	0.0595119511358	0.240209563452	0.653135186229
-oli	0.0667314129647	0.905961753672	0.00933727069705	0.0179695626667
-tor	0.064135021097	0.834599156118	0.086075949367	0.0151898734177
-sae	0.721649484536	0.231958762886	0.00386597938146	0.0425257731959
-olo	0.234737560202	0.313507312023	0.260238754999	0.191516372777
-̃is	0.00978996431149	0.923357450709	0.0633422392106	0.00351034576906
-ola	0.225474389185	0.484311050478	0.2187771301	0.0714374302369
-old	0.0127793283831	0.71295662401	0.274264047606	0.0
-san	0.0256185732066	0.0246635275862	0.0108718756482	0.938846023559
-sam	0.0432217656517	0.0670426992675	0.0137903575713	0.87594517751
-r̃u	0.0	0.798788403289	0.175248810039	0.0259627866724
-lon	0.214593245725	0.58248028671	0.0396859138489	0.163240553716
-rou	0.045599905247	0.772000473765	0.0	0.182399620988
-lom	0.244327418766	0.591789507622	0.063214758673	0.100668314939
-iel	0.0790350580377	0.863732658556	0.0463308960911	0.0109013873155
-ros	0.0363864491845	0.849435382685	0.109159347553	0.00501882057717
-loe	0.0446927374302	0.921787709497	0.0111731843575	0.0223463687151
-der	0.0551905387647	0.843101182654	0.0906701708279	0.011038107753
-loa	0.445121951219	0.457317073171	0.0365853658537	0.0609756097561
-rod	0.0297424737033	0.918026840769	0.0449764236488	0.00725426187886
-roe	0.402777777778	0.444444444444	0.0925925925926	0.0601851851852
-roa	0.507554952805	0.37164222895	0.0648985269663	0.0559042912788
-ava	0.134516160762	0.088826821329	0.00731800885792	0.769339009051
-ron	0.123913043478	0.819565217391	0.0260869565217	0.0304347826087
-get	0.0363636363636	0.963636363636	0.0	0.0
-och	0.0402738948989	0.947814108018	0.00255257080345	0.00935942627932
-uro	0.0758217131475	0.890531623506	0.0221924800797	0.0114541832669
-ipi	0.0692883895131	0.803370786517	0.10861423221	0.0187265917603
-omo	0.478751945944	0.257493955152	0.204398661853	0.0593554370508
-ham	0.0358965854018	0.932481987211	0.0243978845339	0.00722354285293
-imi	0.518518518518	0.37037037037	0.0925925925926	0.0185185185185
-̃in	0.15421686747	0.471084337349	0.021686746988	0.353012048193
-nga	0.414386006711	0.480246538118	0.0675528926623	0.0378145625085
-eia	0.296375553495	0.420727397272	0.240834623229	0.0420624260041
-maj	0.324917950013	0.527392072709	0.118151981823	0.0295379954557
-hat	0.0058651026393	0.976539589443	0.0058651026393	0.0117302052786
-tia	0.609717845627	0.273770116282	0.0569741017561	0.0595379363351
-man	0.185249379498	0.732756508918	0.0259293667411	0.056064744843
-bit	0.103926096998	0.766166281755	0.129907621247	0.0
-pim	0.282044560944	0.636173001311	0.0251638269987	0.0566186107471
-sto	0.00601359414581	0.977044820026	0.00316382515989	0.0137777606687
-r̃i	0.277571099795	0.0635892986814	0.154259112158	0.504580489366
-cum	0.0588235294118	0.911764705882	0.0	0.0294117647059
-voa	0.601360699379	0.350121876892	0.0485174237291	0.0
-ank	0.313669864296	0.530802161324	0.0287530708938	0.126774903486
-hys	0.0	1.0	0.0	0.0
-sse	0.0	1.0	0.0	0.0
-200	0.0606060606061	0.459595959596	0.060606060606	0.419191919192
-ngo	0.361824577603	0.147019820366	0.110758577464	0.380397024567
-cus	0.0804505229284	0.903459372486	0.00965406275141	0.00643604183427
-ihi	0.206975848657	0.244919251539	0.0855191196452	0.462585780158
-lei	0.796949574805	0.0939083758216	0.0527992381707	0.0563428112023
-ois	0.0243902439024	0.951219512195	0.0243902439024	0.0
-lem	0.0190431839538	0.973971543329	0.00374211038394	0.00324316233275
-len	0.0858245192349	0.844184415813	0.0165531567497	0.0534379082029
-leo	0.0350941144097	0.86653872682	0.0892898623754	0.00907729639518
-mum	0.0	1.0	0.0	0.0
-lea	0.692314602712	0.214854969604	0.0296319147004	0.063198512984
-lee	0.00764539910804	0.971056703377	0.0141985983435	0.00709929917175
-ley	0.0	1.0	0.0	0.0
-oic	0.25	0.634615384616	0.115384615385	0.0
-mus	0.0475070555033	0.90169332079	0.0225776105362	0.0282220131703
-ios	0.0	1.0	0.0	0.0
-ryl	0.0	1.0	0.0	0.0
-les	0.0740740740741	0.925925925926	0.0	0.0
-leu	0.159775947831	0.79920537696	0.0308562153082	0.010162459901
-lev	0.0506226007698	0.907236776781	0.0332547403993	0.00888588205002
-iot	0.0	0.991489361702	0.0	0.00851063829787
-wit	0.0479325479326	0.940517440517	0.00808500808501	0.00346500346501
-eek	0.0617328519856	0.406317689531	0.51606498195	0.0158844765343
-aly	0.0219435736677	0.978056426332	0.0	0.0
-rrh	0.0111731843575	0.988826815642	0.0	0.0
-ole	0.19877105078	0.673567541958	0.0828679310296	0.0447934762322
-gin	0.237713139418	0.590772316951	0.107321965898	0.0641925777332
-alm	0.118705035971	0.815700380872	0.0222175201016	0.0433770630555
-olf	0.317235919475	0.682764080525	0.0	0.0
-ali	0.452004581902	0.354410080183	0.122336769759	0.0712485681557
-ald	0.0215053763441	0.688172043011	0.290322580645	0.0
-ale	0.0145822244545	0.0143131456297	0.000728385038248	0.970376244877
-gia	0.633675400574	0.259181147637	0.0408482675561	0.0662951842334
-ala	0.568503217425	0.299804386574	0.0615887737531	0.070103622247
-cle	0.0762711864406	0.89406779661	0.0254237288135	0.00423728813559
-uvi	0.528289932206	0.243109674967	0.0421973008934	0.186403091934
-̃en	0.218140929535	0.660419790105	0.0989505247376	0.0224887556222
-yon	0.0357142857143	0.964285714286	0.0	0.0
-mle	0.566666666667	0.366666666667	0.0	0.0666666666667
-chi	0.0	1.0	0.0	0.0
-pea	0.478378378378	0.471283783784	0.0199324324324	0.0304054054054
-cho	0.00589970501475	0.994100294985	0.0	0.0
-pel	0.0849462365592	0.166666666667	0.745161290323	0.00322580645161
-pem	0.0918088171792	0.691252074207	0.187578928501	0.0293601801132
-pen	0.143573713289	0.781986042454	0.0194824076766	0.0549578365804
-loi	0.488283723876	0.306523115896	0.0688199282247	0.136373232003
-pei	0.366159802667	0.606363380897	0.00249789240328	0.0249789240329
-oje	0.818520108773	0.100729927007	0.0765421497066	0.00420781451267
-elu	0.505676913884	0.385565367505	0.064139167386	0.044618551225
-pet	0.145631067961	0.851132686084	0.00215749730313	0.00107874865156
-153	0.0	0.0	0.0425531914894	0.957446808511
-eli	0.221325947488	0.138590655251	0.0491399899236	0.590943407338
-elo	0.015739465946	0.965818503221	0.0100113881665	0.00843064266653
-per	0.0502512562814	0.909547738693	0.0402010050251	0.0
-ele	0.292550478134	0.177271408598	0.0621294175417	0.468048695726
-pna	0.282352941176	0.635294117647	0.0470588235294	0.035294117647
-cca	0.0410958904109	0.657534246575	0.232876712329	0.0684931506849
-itu	0.0257936059008	0.960630812046	0.00678779102654	0.00678779102654
-100	0.0	0.688679245283	0.0	0.311320754717
-esu	0.00827686555296	0.803316184003	0.00342292615396	0.18498402429
-ito	0.21686746988	0.746987951807	0.0	0.0361445783133
-esi	0.0197462348819	0.0198540124853	0.0031578477172	0.957241904916
-tes	0.0	1.0	0.0	0.0
-iti	0.236109542463	0.111218769876	0.0433937477337	0.609277939927
-esa	0.110749185668	0.647122692725	0.153094462541	0.0890336590662
-ite	0.882445817973	0.0859156097443	0.00849914144851	0.0231394308339
-ese	0.697209307402	0.134252286469	0.0973522799205	0.0711861262087
-ita	0.0243713733076	0.928820116054	0.0433268858801	0.00348162475822
-ael	0.0310249067083	0.939794324395	0.0194176863664	0.00976308253058
-jam	0.152511745573	0.634803035779	0.00289121792556	0.209794000723
-ria	0.372098060995	0.466817534464	0.0363511501749	0.124733254366
-666	0.0425531914894	0.0	0.0	0.957446808511
-uda	0.1	0.866666666667	0.0333333333333	0.0
-ude	0.0504201680672	0.899159663866	0.0504201680672	0.0
-hum	0.292372881356	0.555084745763	0.152542372881	0.0
-hun	0.146972231886	0.171023015734	0.0430246580462	0.638980094335
-rim	0.125348189415	0.776601671309	0.0116991643454	0.0863509749304
-hua	0.330882352941	0.647977941176	0.0	0.0211397058824
-oah	0.00560863730144	0.994391362699	0.0	0.0
-es'	0.0246913580247	0.925925925926	0.0493827160494	0.0
-lot	0.0968944099379	0.773913043478	0.114285714286	0.0149068322981
-hus	0.0397350993377	0.94701986755	0.0132450331126	0.0
-aea	0.647191181676	0.310335237903	0.0144106790716	0.0280629013501
-vas	0.357769423559	0.43828320802	0.146616541353	0.0573308270677
-koa	0.265550239234	0.267942583732	0.466507177034	0.0
-tui	0.0169014785127	0.0538383071481	0.515414738954	0.413845475385
-aem	0.427135678392	0.162479061977	0.326633165829	0.0837520938023
-tum	0.12753418199	0.606317774635	0.018387553041	0.247760490335
-tun	0.00794507344544	0.956423142875	0.00176068109594	0.0338711025832
-roi	0.732503144792	0.0920710036419	0.15842062764	0.0170052239257
-aes	0.157556270096	0.810289389068	0.032154340836	0.0
-ori	0.138800894909	0.75878109562	0.085703569809	0.0167144396617
-oro	0.519993729257	0.280520165792	0.0845020876986	0.114984017252
-vai	0.748314436339	0.0842326309704	0.0306360980936	0.136816834597
-ion	0.0382899628253	0.906691449814	0.0446096654275	0.0104089219331
-vao	0.0464124782776	0.736428197956	0.132073728508	0.085085595258
-val	0.759433962264	0.198113207547	0.0424528301887	0.0
-ore	0.282514001244	0.61750674134	0.0489524994814	0.0510267579341
-jea	0.121313790757	0.133291384286	0.349613877497	0.39578094746
-lix	0.0306306306306	0.96036036036	0.00540540540541	0.0036036036036
-rus	0.050259965338	0.864471403813	0.0431542461005	0.0421143847487
-lip	0.00993788819876	0.988819875776	0.00124223602485	0.0
-lis	0.0299539170507	0.845622119816	0.00460829493087	0.119815668203
-lim	0.0470772852099	0.780306002354	0.172616712436	0.0
-omi	0.464828137637	0.365209240259	0.0785738766208	0.0913887454834
-lio	0.561351288994	0.264483088428	0.0535267201994	0.120638902378
-run	0.413284132841	0.446494464945	0.118081180812	0.0221402214022
-jew	0.027392287256	0.809854622861	0.148974439366	0.0137786505173
-jeu	0.140218581493	0.0472215909482	0.170712559139	0.64184726842
-rio	0.660130718954	0.124183006536	0.18954248366	0.0261437908497
-rua	0.0591578336566	0.165191632774	0.102348917733	0.673301615836
-lia	0.645240980338	0.275370363132	0.0273879789965	0.0520006775333
-ome	0.0469162165557	0.80711175313	0.136341749362	0.00963028095299
-eas	0.0	1.0	0.0	0.0
-ear	0.0	0.857142857143	0.142857142857	0.0
-eau	0.554458565777	0.0503741174302	0.00564614637113	0.389521170422
-̃ae	0.0164097314224	0.973202456943	0.00496808382512	0.00541972780923
-̃ai	0.0155147403667	0.704442832681	0.0180641748558	0.261978252097
-̃am	0.280087527352	0.378555798687	0.105032822757	0.236323851204
-oda	0.0	1.0	0.0	0.0
-eae	0.0535714285714	0.910714285714	0.0178571428571	0.0178571428571
-rna	0.0	1.0	0.0	0.0
-ean	0.0942184154175	0.648822269807	0.0256959314775	0.231263383298
-uri	0.302984422357	0.561256991026	0.0424746863162	0.0932839003003
-tua	0.232882517485	0.308563035951	0.270397065281	0.188157381282
-rge	0.357142857143	0.309523809524	0.119047619048	0.214285714286
-ehe	0.0882882079477	0.739749370907	0.158106866322	0.0138555548232
-ure	0.129770992366	0.870229007634	0.0	0.0
-eha	0.190697674419	0.544186046512	0.26511627907	0.0
-urt	0.211267605634	0.740219092332	0.039123630673	0.0093896713615
-uru	0.515969026459	0.282019493472	0.0376804104255	0.164331069644
-pai	0.752578384022	0.193731572728	0.0220266844104	0.0316633588399
-dus	0.0307692307692	0.769230769231	0.076923076923	0.123076923077
-pam	0.258147294125	0.694486229889	0.0473664759863	0.0
-pan	0.581967213115	0.262295081967	0.0983606557377	0.0573770491803
-pao	0.227616645649	0.179697351828	0.580706179067	0.0119798234553
-aph	0.0	0.714285714286	0.0	0.285714285714
-api	0.121157323689	0.775768535262	0.0488245931284	0.0542495479204
-apo	0.190476190476	0.77380952381	0.0357142857143	0.0
-paz	0.0	0.641975308642	0.358024691358	0.0
-apu	0.0637229971598	0.720232405579	0.193001356803	0.0230432404576
-pas	0.0581761006289	0.861635220126	0.0707547169811	0.00943396226416
-ist	0.0918918918919	0.778378378378	0.0864864864865	0.0432432432433
-lus	0.111902050114	0.841970387244	0.0239179954442	0.0222095671982
-ini	0.0258620689655	0.413793103448	0.547413793104	0.0129310344828
-ken	0.0268074735987	0.967776875169	0.000541565123205	0.00487408610885
-nue	0.0125786163522	0.952201257862	0.0301886792453	0.00503144654087
-sus	0.0157822506862	0.96912168344	0.012351326624	0.00274473924977
-kei	0.775	0.1375	0.0875	0.0
-sop	0.0103092783505	0.907216494845	0.0824742268041	0.0
-sun	0.127186009539	0.801271860095	0.0238473767886	0.0476947535771
-sum	0.546218487395	0.319327731092	0.134453781513	0.0
-ket	0.0756652703312	0.861921568831	0.0598482364202	0.00256492441801
-sos	0.0190476190476	0.961904761905	0.0	0.0190476190476
-sui	0.219948849105	0.667803353225	0.0679170218812	0.0443307757886
-jia	0.650700586152	0.200483748255	0.0500413117271	0.0987743538667
-nus	0.0558139534884	0.906976744186	0.0372093023256	0.0
-sua	0.356081479724	0.600096405914	0.0217095779428	0.0221125364183
-dia	0.0494984160507	0.90813093981	0.0164994720169	0.0258711721225
-aru	0.387888707038	0.373977086743	0.208674304419	0.0294599018003
-ino	0.00519930675909	0.963604852686	0.0259965337955	0.00519930675908
-son	0.124675324675	0.683441558442	0.110064935065	0.0818181818182
-dis	0.0867619211568	0.907040798761	0.0	0.00619728008262
-eni	0.150575311348	0.124768752966	0.0270726853545	0.697583250332
-rew	0.0157280568239	0.981227803146	0.0	0.00304414003044
-ipu	0.215723873442	0.370086289549	0.0575263662512	0.356663470757
-ang	0.056338028169	0.647887323944	0.253521126761	0.0422535211268
-ovo	0.57056422256	0.161111408444	0.0877487517749	0.180575617221
-iha	0.0777875517321	0.646608358903	0.240522744079	0.0350813452856
-uku	0.0499780910895	0.65819522128	0.0376317756528	0.254194911978
-vea	0.38942617666	0.35138620245	0.147001934236	0.112185686654
-ove	0.202364891675	0.318704864693	0.142845805888	0.336084437743
-iho	0.556581369575	0.201006361247	0.0615713749238	0.180840894254
-veh	0.0322992448129	0.967700755187	0.0	0.0
-vei	0.38485316847	0.362442040186	0.0376738794436	0.215030911901
-vet	0.00967077713255	0.970247322028	0.00592277259793	0.0141591282419
-ver	0.00937146550331	0.957989982227	0.0245597026983	0.00807884957182
-uke	0.0898876404494	0.775280898876	0.0192616372392	0.115569823435
-lua	0.629461797126	0.17226807646	0.064888241535	0.133381884879
-nna	0.0661252900232	0.92343387471	0.00348027842227	0.00696055684456
-ovu	0.0361445783133	0.955823293173	0.00803212851407	0.0
-anu	0.12204995751	0.419593568288	0.438817774863	0.0195386993382
-tiu	0.912623199394	0.066906747536	0.00796057619409	0.0125094768764
-tiv	0.843797856049	0.136294027565	0.0199081163859	0.0
-ora	0.228900951149	0.205507963599	0.0546138612348	0.510977224016
-ngu	0.0763936682726	0.717481073641	0.144184445974	0.0619408121129
-ais	0.0516129032258	0.948387096774	0.0	0.0
-tis	0.0	0.927710843374	0.0206540447504	0.0516351118761
-soa	0.433298862461	0.253360910031	0.229576008273	0.0837642192347
-lue	0.375618212036	0.0241421076839	0.00533233649792	0.594907343782
-r̃a	0.15357076272	0.152303089789	0.0321745921116	0.661951555379
-aia	0.631136919016	0.119422781587	0.0217215756535	0.227718723743
-r̃e	0.0478723404255	0.952127659574	0.0	0.0
-ono	0.136749534397	0.14949270569	0.257082508848	0.456675251065
-aim	0.0940120031649	0.657025462138	0.0286463167538	0.220316217943
-ngi	0.341983185572	0.453579946132	0.0868013157598	0.117635552536
-tin	0.21013864818	0.659878682842	0.0987868284229	0.0311958405546
-ain	0.0453436907235	0.930990877066	0.0122843464908	0.0113810857195
-r̃o	0.298850574713	0.449553001277	0.100893997446	0.150702426565
-eme	0.0515873015873	0.912698412698	0.00793650793652	0.0277777777778
-ema	0.0	0.979797979798	0.0	0.020202020202
-oni	0.593029977703	0.238417705839	0.128003963994	0.0405483524651
-vut	0.163424124514	0.451361867704	0.291828793774	0.0933852140078
-jan	0.0974678785893	0.866434692087	0.0091568912836	0.0269405380397
-das	0.0338456225177	0.933517527197	0.00379899844586	0.0288378518391
-jah	0.00518582541054	0.983362143475	0.00302506482282	0.00842696629213
-jai	0.52596626378	0.47403373622	0.0	0.0
-cil	0.0129377264102	0.965326893221	0.0144902535794	0.00724512678972
-cia	0.0299760191847	0.926858513189	0.0335731414869	0.00959232613909
-dan	0.00526870389886	0.994731296101	0.0	0.0
-inu	0.653552345141	0.318662180883	0.0167425291906	0.0110429447853
-zar	0.0	1.0	0.0	0.0
-los	0.0519262981575	0.917922948074	0.0134003350084	0.0167504187605
-nze	0.0311284046692	0.906614785992	0.0544747081712	0.00778210116733
-000	0.0642421735269	0.246359001813	0.00803027169086	0.681368552969
-eta	0.12203699796	0.713758176831	0.0484396614382	0.115765163771
-ete	0.309378798459	0.197940103965	0.118243592728	0.374437504849
-eth	0.00859530441703	0.953840031834	0.00764027059292	0.0299243931556
-eti	0.347288931978	0.553003722287	0.0144712342329	0.0852361115027
-atu	0.0568106776895	0.090584142246	0.0079786800523	0.844626500012
-bul	0.0892514395393	0.910748560461	0.0	0.0
-uvu	0.0774027346589	0.815509610939	0.0712992932162	0.0357883611863
-nge	0.131004366812	0.299126637555	0.569868995633	0.0
-lin	0.28701594533	0.514806378132	0.102505694761	0.0956719817768
-ble	0.021978021978	0.945054945055	0.032967032967	0.0
-ate	0.427487668883	0.339838444492	0.199353063121	0.0333208235042
-wel	0.0812379110252	0.761315280464	0.0487427466151	0.108704061896
-ato	0.025	0.975	0.0	0.0
-ath	0.00433285190534	0.987001444284	0.0	0.00866570381069
-ati	0.207317121221	0.291644236771	0.316236919947	0.184801722062
-nis	0.200948684778	0.68262181975	0.0517464424321	0.0646830530401
-kai	0.15235896696	0.75241667869	0.05713461261	0.03808974174
-uli	0.737649334309	0.17271773217	0.0264478744828	0.0631850590384
-osa	0.146449704142	0.427514792899	0.377218934911	0.0488165680473
-ulo	0.476175428047	0.231041722107	0.0769339469743	0.215848902872
-niu	0.134328358209	0.800426439232	0.0191897654584	0.0460554371002
-oso	0.6303240269	0.214998981047	0.0275117179539	0.127165274098
-rum	0.144827586207	0.848275862069	0.00689655172415	0.0
-osi	0.407328149995	0.374175788877	0.112088373824	0.106407687304
-iah	0.0222217380885	0.953523162168	0.00639056520192	0.0178645345417
-ost	0.0	1.0	0.0	0.0
-ace	0.0	0.911051212938	0.0727762803234	0.0161725067385
-nia	0.354908289397	0.0951708973202	0.0142911587659	0.535629654517
-nin	0.243105209397	0.582226762002	0.0715015321757	0.103166496425
-oma	0.162810633371	0.143969752179	0.250038289828	0.443181324622
-kau	0.683100949121	0.0991932140411	0.0361291123581	0.18157672448
-nim	0.198938992042	0.0636604774536	0.572944297082	0.164456233422
-ajo	0.582089552239	0.39552238806	0.0	0.0223880597015
-aji	0.210305848997	0.652065454355	0.0943229945325	0.0433057021155
-aje	0.0625	0.5625	0.3125	0.0625
-aja	0.227336122734	0.759646675965	0.00650860065086	0.00650860065087
-rug	0.0	1.0	0.0	0.0
-ica	0.0	0.995623632385	0.00437636761488	0.0
-sha	0.0	0.96178343949	0.0382165605096	0.0
-nce	0.136363636364	0.772727272727	0.0454545454545	0.0454545454545
-yra	0.0392156862745	0.921568627451	0.0	0.0392156862745
-ghi	0.142857142857	0.8	0.0571428571429	0.0
-̃om	0.546159062288	0.22154412477	0.0970648067423	0.1352320062
-ilu	0.57729468599	0.0700483091787	0.0254721124286	0.327184892402
-vin	0.095739182294	0.775959180969	0.0434166059241	0.0848850308131
-via	0.777650289301	0.081540322317	0.0175868719558	0.123222516426
-vim	0.0	0.932515337423	0.0368098159509	0.0306748466257
-ata	0.0369195985797	0.148802978118	0.014488520638	0.799788902664
-̃oa	0.241025641026	0.594871794872	0.112820512821	0.051282051282
-vid	0.0111801242236	0.984415584416	0.00237154150198	0.00203274985884
-ily	0.0357142857143	0.964285714286	0.0	0.0
-ile	0.703876521088	0.110137515728	0.0305356568601	0.155450306324
-ila	0.170880501093	0.399080024794	0.08172120184	0.348318272274
-ilo	0.262063227953	0.567387687188	0.0648918469218	0.105657237937
-ilk	0.0	0.555555555556	0.444444444444	0.0
-ili	0.480593439385	0.437556475508	0.050433942043	0.0314161430643
-oan	0.0692102928128	0.866903283052	0.0212954747116	0.0425909494232
-oam	0.0224719101123	0.938202247191	0.0168539325843	0.0224719101123
-bus	0.0192307692308	0.980769230769	0.0	0.0
-eba	0.0	0.954988747187	0.0	0.0450112528132
-amu	0.0153566892478	0.956725968114	0.0189700278944	0.00894731474382
-ebe	0.027027027027	0.972972972973	0.0	0.0
-ami	0.519593189498	0.364813491032	0.048739277359	0.0668540421107
-lms	0.0315789473684	0.968421052632	0.0	0.0
-oaz	0.222222222222	0.777777777778	0.0	0.0
-ama	0.0162020713067	0.489225710992	0.0187722514722	0.475799966229
-oau	0.655754741491	0.219537542219	0.0405300077942	0.0841777084957
-nea	0.55223880597	0.089552238806	0.134328358209	0.223880597015
-ame	0.233379310345	0.603310344828	0.131310344828	0.032
-usi	0.492543363928	0.457779108502	0.015230085513	0.0344474420573
-iro	0.0669603524229	0.266079295154	0.666960352423	0.0
-uso	0.0254913798886	0.0608438988395	0.885221707922	0.0284430133494
-iri	0.135235566922	0.77453923519	0.0742870680786	0.0159381298093
-hin	0.0197324754315	0.0188088177723	0.00811563535999	0.953343071436
-gus	0.0220588235294	0.900735294118	0.0147058823529	0.0625
-ire	0.370629370629	0.48951048951	0.13986013986	0.0
-usa	0.171720034004	0.657693397563	0.0527061490507	0.117880419382
-ira	0.459781108097	0.221870846067	0.0563748296174	0.261973216219
-use	0.185185185185	0.814814814815	0.0	0.0
-ris	0.0	0.945454545455	0.0	0.0545454545454
-gui	0.565548780488	0.240091463415	0.155487804878	0.0388719512195
-̃on	0.196721311475	0.770491803279	0.0327868852459	0.0
