yie-	0.0142008758778	0.556417541288	0.00197461858033	0.427406964254
ûne-	0.0660140632463	0.840253581859	0.00242952059187	0.0913028343026
agu-	0.131497478663	0.0844320871076	0.00439760573359	0.779672828496
îîb-	0.509433962264	0.452830188679	0.0	0.0377358490566
rîg-	0.275276521149	0.335041753899	0.119069415957	0.270612308994
ûmp-	0.740672094373	0.0944797115156	0.00686867475462	0.157979519356
gin-	0.0228280141844	0.931959219858	0.000997340425533	0.0442154255319
ûkî-	0.341566651439	0.364738254614	0.132481503824	0.161213590123
iit-	0.481792717087	0.372549019608	0.0784313725489	0.0672268907563
son-	0.00478583393156	0.995214166068	0.0	0.0
yar-	0.399474246927	0.255627813907	0.0589510441495	0.285946895016
maa-	0.228149176235	0.294708566751	0.112982957863	0.364159299151
ica-	0.517482517483	0.482517482517	0.0	0.0
rwe-	0.163827137036	0.654189625689	0.130048345895	0.05193489138
aay-	0.645642902862	0.0538083697114	0.0918561082784	0.208692619149
ûbi-	0.0917933506365	0.881646273637	0.0161784699048	0.0103819058213
acû-	0.675776166574	0.217016793704	0.048955815827	0.0582512238954
coo-	0.550494456098	0.29607431825	0.0821096793528	0.0713215462991
ndî-	0.352128976181	0.0709443647512	0.0219767410234	0.554949918044
wîb-	0.115293024336	0.303885694372	0.0331068130336	0.547714468258
ûba-	0.454799319642	0.400497575588	0.0299560813384	0.114747023432
cio-	0.115121282839	0.103245814668	0.0538523850788	0.727780517414
atî-	0.116335293847	0.0423622645588	0.028346916567	0.812955525027
igî-	0.495503282637	0.289096367655	0.142720464518	0.0726798851902
nyu-	0.107561846468	0.0301581229278	0.0214083926785	0.840871637926
aku-	0.311910899921	0.122229695985	0.0459299589777	0.519929445117
nîî-	0.0576923076923	0.288461538462	0.625	0.0288461538462
ûga-	0.44948425657	0.278766712821	0.0831465807578	0.188602449851
ite-	0.49280620543	0.406480670587	0.0856999874891	0.0150131364944
gûc-	0.542798698185	0.276144797488	0.031535738306	0.149520766021
bîa-	0.0	1.0	0.0	0.0
nûg-	0.68293800848	0.16580726481	0.0687521485046	0.0825025782055
san-	0.0	1.0	0.0	0.0
ûûg-	0.284605329113	0.041515639057	0.0166242309327	0.657254800898
ûma-	0.0886539769798	0.538134737577	0.322777327951	0.0504339574923
bap-	0.324705882353	0.590588235294	0.0141176470588	0.0705882352941
cia-	0.16838544632	0.106523369276	0.0283194247605	0.696771759644
kîû-	0.24870923913	0.532404891304	0.0657608695652	0.153125
tûy-	0.169867416633	0.531123610553	0.299008972814	0.0
mûg-	0.0831979216574	0.433242391547	0.0688169644294	0.414742722366
gîo-	0.40757749713	0.523536165327	0.0	0.0688863375431
cuk-	0.0168734491315	0.962282878412	0.0	0.0208436724566
kat-	0.472641573878	0.400983673748	0.0689937837285	0.0573809686454
abi-	0.282206307234	0.607782217646	0.0655623942634	0.0444490808565
ayu-	0.0	0.760479041916	0.167664670659	0.071856287425
rûa-	0.877049180328	0.122950819672	0.0	0.0
ner-	0.0	1.0	0.0	0.0
tib-	0.0	0.966666666667	0.0	0.0333333333334
niû-	0.199832736222	0.0171854379834	0.000540575481212	0.782441250314
nît-	0.450865580448	0.416751527495	0.104378818737	0.0280040733197
yut-	0.0173913043478	0.617391304348	0.191304347826	0.173913043478
imm-	0.380434782609	0.245652173913	0.236956521739	0.136956521739
kût-	0.428557593582	0.187302359167	0.0575870498476	0.326552997403
yau-	0.446559375501	0.398117948992	0.112014115383	0.043308560124
kîa-	0.166029355997	0.281635023138	0.0378564512325	0.514479169633
nka-	0.467743346081	0.320273358309	0.0525817460313	0.159401549578
uga-	0.492585140473	0.203591921902	0.100976227737	0.202846709889
mîe-	0.0284969467557	0.924133128593	0.0342463307503	0.0131235939006
eme-	0.020202020202	0.686868686869	0.292929292929	0.0
îmî-	0.246622123237	0.389903489235	0.27438752784	0.0890868596883
kum-	0.263057929725	0.688509021842	0.017094017094	0.031339031339
t'w-	0.381509433962	0.077358490566	0.0384905660377	0.502641509434
îîk-	0.256584306272	0.629378224274	0.0	0.114037469454
bwî-	0.367989894178	0.266500809601	0.127255763868	0.238253532353
nen-	0.127361889046	0.223231924141	0.559764798847	0.0896413879657
aig-	0.513750982213	0.285877562683	0.118937066933	0.0814343881706
ong-	0.712	0.192	0.0	0.096
cek-	0.0	1.0	0.0	0.0
gee-	0.406111603189	0.500885739592	0.0253643610597	0.0676382961592
wai-	0.458027211368	0.290057822379	0.103553978222	0.14836098803
ira-	0.154120342867	0.117372485785	0.0207926674022	0.707714503946
ate-	0.487423275482	0.350435257973	0.0735088210585	0.0886326454868
euo-	0.0	1.0	0.0	0.0
acw-	0.14742014742	0.85257985258	0.0	0.0
kûb-	0.516722943968	0.237422974407	0.05049981268	0.195354268945
kam-	0.229540253858	0.451236378536	0.0443682170027	0.274855150603
ibi-	0.566656957382	0.215674452427	0.14860094635	0.0690676438417
îti-	0.366229831536	0.398738295428	0.144470765258	0.0905611077787
kan-	0.0598495615852	0.167083411222	0.0312077566385	0.741859270554
wît-	0.137570429165	0.750357925558	0.0245160902162	0.0875555550604
bec-	0.287917737789	0.133676092545	0.102827763496	0.47557840617
yît-	0.185407725322	0.642918454936	0.10643776824	0.0652360515021
mîk-	0.372027313398	0.4018836826	0.157334589122	0.0687544148811
ûti-	0.435558455467	0.274798014145	0.0969504129075	0.19269311748
pat-	0.0	1.0	0.0	0.0
rûû-	0.0961850605676	0.5886374153	0.205668737602	0.10950878653
ûmi-	0.464646464646	0.313131313131	0.161616161616	0.0606060606061
nwe-	0.477045908184	0.0918163672655	0.399201596806	0.0319361277445
gwi-	0.212334325128	0.741141466054	0.00540979172302	0.041114417095
tûc-	0.371935941689	0.444286264959	0.0694505282708	0.114327265082
maw-	0.185813403268	0.701770347206	0.0771787401178	0.0352375094079
cer-	0.0	1.0	0.0	0.0
înn-	0.485042735043	0.344017094017	0.17094017094	0.0
ikî-	0.361494651677	0.329615251583	0.203771217665	0.105118879076
rûy-	0.0200337475073	0.975916551618	0.00368154624943	0.000368154624942
bûg-	0.448608795856	0.225223026259	0.0843019202374	0.241866257648
ûbe-	0.392543859649	0.36951754386	0.132675438596	0.105263157895
rek-	0.597298166613	0.196847861049	0.084271469926	0.121582502412
mwi-	0.0878507874986	0.798922877608	0.103536516162	0.00968981873079
ûbw-	0.487065481002	0.379547291835	0.0	0.133387227163
por-	0.13431013431	0.79242979243	0.0732600732601	0.0
alf-	0.0	1.0	0.0	0.0
pas-	0.0334865397242	0.960604070913	0.00328299409061	0.00262639527248
ûmb-	0.762103505843	0.170283806344	0.0225375626044	0.0450751252087
buu-	0.499540037346	0.321197695906	0.0362255924997	0.143036674248
nge-	0.154018478752	0.547734712948	0.0265485082709	0.271698300029
aru-	0.0675211042148	0.64885851279	0.00932971482804	0.274290668167
nai-	0.767643865364	0.0865280213814	0.03240624739	0.113421865865
aci-	0.209858138246	0.622283298705	0.0338668387171	0.133991724332
bak-	0.502701814301	0.230463086878	0.0916828759068	0.175152222915
miu-	0.0	1.0	0.0	0.0
oor-	0.621774193548	0.203897849462	0.0286290322581	0.145698924731
n'û-	0.101384775605	0.0515999286725	0.0218987149769	0.825116580745
yac-	0.321298610376	0.444712184241	0.12921791939	0.104771285992
nth-	0.105880119948	0.622220521203	0.0669272600554	0.204972098793
nîo-	0.164705882353	0.760784313725	0.0745098039216	0.0
asi-	0.0	1.0	0.0	0.0
îrî-	0.39295366249	0.114303805165	0.044085735192	0.448656797153
nan-	0.333033962013	0.488174832851	0.119748528091	0.0590426770449
itw-	0.516216609437	0.0949385083972	0.050529332726	0.33831554944
mpe-	0.593562968233	0.281923575943	0.0190432344202	0.105470221404
mbî-	0.402380940821	0.233644990266	0.0500864207721	0.313887648141
pok-	0.0877192982456	0.912280701754	0.0	0.0
nîb-	0.223140495868	0.495867768595	0.099173553719	0.181818181818
ûre-	0.566888130724	0.277428622733	0.104507092835	0.051176153708
usi-	0.0	1.0	0.0	0.0
ruk-	0.0115163147793	0.982725527831	0.0	0.00575815738964
bîk-	0.0210843373494	0.694277108434	0.221385542169	0.0632530120482
mîr-	0.0934215648112	0.413672681387	0.0381877249524	0.454718028849
bir-	0.175896729853	0.211687201529	0.0320691251456	0.580346943473
aso-	0.0	0.968109339408	0.0	0.0318906605923
cûm-	0.0	0.843920145191	0.156079854809	0.0
gîa-	0.141688703329	0.0786641513654	0.0146415943252	0.765005550981
mau-	0.444718185164	0.20560064473	0.0298994523601	0.319781717746
n'u-	0.35300997126	0.109346552775	0.060963893063	0.476679582902
ciî-	0.184456803856	0.125131627735	0.0713533555803	0.619058212829
igw-	0.575496495327	0.185991043614	0.132317627207	0.106194833853
isa-	0.00305576776165	0.986249045073	0.00713012477718	0.00356506238859
tee-	0.402240711302	0.401504359615	0.0341543310555	0.162100598028
mus-	0.0748663101605	0.880713012478	0.00128342245989	0.043137254902
yom-	0.207547169811	0.698113207547	0.0754716981132	0.0188679245283
bab-	0.263314109253	0.0977560958314	0.024508955792	0.614420839124
ita-	0.119279678109	0.335164475011	0.113808942762	0.431746904118
gûg-	0.308900066671	0.287418711887	0.0627598339855	0.340921387457
eno-	0.0	0.988472622478	0.0	0.0115273775216
uum-	0.454815109227	0.15856297474	0.275849378791	0.110772537243
war-	0.265938085306	0.151765879668	0.0599192591596	0.522376775867
gîî-	0.100559008989	0.478440141317	0.329144492643	0.0918563570502
îîy-	0.493449781659	0.506550218341	0.0	0.0
t'a-	0.215580210842	0.41130019347	0.0659375370158	0.307182058672
sor-	0.0	1.0	0.0	0.0
ûna-	0.153284671533	0.269586374696	0.057907542579	0.519221411192
mee-	0.121548183084	0.475705637775	0.171241074313	0.231505104828
biu-	0.252328524582	0.654455680104	0.0150122816424	0.0782035136719
aan-	0.438774136586	0.407384233308	0.0219894941881	0.131852135918
roo-	0.0121792966456	0.954327637579	0.0182689449685	0.015224120807
rîr-	0.084669710357	0.0313858998925	0.0190657473773	0.864878642373
ûth-	0.22178951017	0.369145739079	0.239084320501	0.16998043025
ntû-	0.249178591291	0.318050016555	0.241802914165	0.190968477988
uba-	0.0	1.0	0.0	0.0
bûû-	0.257931366011	0.202031579829	0.338432663037	0.201604391122
tau-	0.138613861386	0.819581958196	0.015401540154	0.026402640264
tûk-	0.373630414078	0.265468833439	0.0845066471188	0.276394105364
umb-	0.503225806452	0.38064516129	0.0	0.116129032258
thi-	0.363732132758	0.542084816495	0.0615812254885	0.0326018252586
sab-	0.00305017538508	0.960957755071	0.0	0.035992069544
nyi-	0.444444444445	0.390804597701	0.0996168582375	0.0651340996168
aki-	0.515383170277	0.251376464978	0.0371392650183	0.196101099727
nin-	0.0785033808883	0.0992330696961	0.181528782222	0.640734767194
îmi-	0.137994480221	0.134927936216	0.636921189819	0.0901563937442
tik-	0.263546113012	0.142794955199	0.0296255093774	0.564033422411
ûtw-	0.332221295524	0.527383931054	0.0125104253545	0.127884348068
ncu-	0.43011779688	0.467367080548	0.0066857688634	0.095829353709
cie-	0.100937553372	0.165415696603	0.0171330462844	0.71651370374
mîc-	0.0875920698271	0.82528634933	0.0259580129141	0.0611635679289
îîg-	0.252032520325	0.566782810685	0.11149825784	0.0696864111498
mîg-	0.0839098156225	0.781490042453	0.0194212629631	0.115178878961
iki-	0.761448349308	0.100106496273	0.0638977635783	0.0745473908413
îna-	0.0540477029726	0.0487212626797	0.052872752908	0.84435828144
sir-	0.0	0.980988593156	0.0	0.0190114068441
paû-	0.0410151190143	0.738546750811	0.00139894923369	0.219039180941
ûta-	0.449147921671	0.272999973259	0.123932388689	0.153919716382
eci-	0.0	1.0	0.0	0.0
rûm-	0.23709083142	0.500080098254	0.13627382923	0.126555241096
mab-	0.253764338187	0.299490064073	0.241447239084	0.205298358656
esr-	0.0	1.0	0.0	0.0
ûki-	0.0398884314222	0.878780207237	0.0255559552837	0.0557754060572
mpw-	0.185029436501	0.0870479394449	0.0745164003364	0.653406223717
and-	0.321842314714	0.574877213671	0.0133343331897	0.0899461384249
apa-	0.2	0.8	0.0	0.0
ALL	0.229128831276	0.306040991097	0.0556249873119	0.409205190316
ana-	0.0295411057773	0.840880862063	0.0251770787875	0.104400953372
ith-	0.112267195926	0.183707223191	0.246937711754	0.457087869129
ine-	0.497737556561	0.198448610213	0.303813833226	0.0
nii-	0.268872802482	0.307135470527	0.423991726991	0.0
itû-	0.478448806167	0.19229498684	0.0794836199689	0.249772587025
tûb-	0.30804541905	0.275595702919	0.101274772588	0.315084105443
per-	0.0	0.994382022472	0.0	0.00561797752808
ger-	0.543381626605	0.373641751729	0.038030951597	0.0449456700692
nuc-	0.0228310502283	0.507229832572	0.017503805175	0.452435312024
ike-	0.5	0.148093841642	0.0175953079179	0.33431085044
big-	0.370426969039	0.363810018644	0.12043460986	0.145328402457
rur-	0.0194910665945	0.916621548457	0.0552246886843	0.0086626962642
bae-	0.739557739558	0.186732186732	0.0	0.07371007371
nûb-	0.528696498054	0.234435797665	0.0933852140078	0.143482490272
nke-	0.328976299149	0.379034173907	0.0525864204083	0.239403106535
gaa-	0.169304829214	0.211749012044	0.1581262928	0.460819865942
atw-	0.499751135129	0.14458541144	0.0225705201784	0.333092933253
mii-	0.0478305760319	0.933440583956	0.00288136000192	0.0158474800106
ûkû-	0.409780099645	0.385509112327	0.113676703561	0.0910340844667
njî-	0.113269996935	0.381801465467	0.0114785612794	0.493449976318
gas-	0.0	1.0	0.0	0.0
ata-	0.447037209198	0.178114155234	0.0988362622176	0.27601237335
sîn-	0.0	0.9375	0.0625	0.0
reo-	0.0	1.0	0.0	0.0
imû-	0.642322097378	0.260299625468	0.0224719101124	0.0749063670412
kîo-	0.162297569524	0.296838459545	0.0396907385904	0.50117323234
ire-	0.387337057728	0.474860335196	0.048417132216	0.0893854748603
mîo-	0.136128898988	0.729188184259	0.00454451559595	0.130138401157
mes-	0.0818763326227	0.873347547974	0.00511727078892	0.039658848614
ûte-	0.351710111966	0.41283240028	0.0762115115466	0.159245976207
suc-	0.0	1.0	0.0	0.0
aic-	0.0	1.0	0.0	0.0
ami-	0.173939952594	0.820529365288	0.00553068211746	0.0
ûco-	0.307358524679	0.474477189176	0.0229012234075	0.195263062737
îgi-	0.101380771676	0.38747163301	0.0982252929542	0.412922302359
ome-	0.0647925593061	0.131675201171	0.110983383844	0.69254885568
tek-	0.485207100592	0.426035502959	0.0710059171597	0.0177514792899
îtû-	0.338890798671	0.33556777816	0.173713761888	0.151827661281
înû-	0.133219470538	0.748932536294	0.0102476515798	0.107600341588
nik-	0.106106007761	0.746524537014	0.0795795058211	0.0677899494031
îra-	0.0624475090482	0.013102186636	0.00474255506606	0.91970774925
bûc-	0.478605789298	0.313546101511	0.12183821688	0.0860098923116
aas-	0.0	1.0	0.0	0.0
win-	0.165549160387	0.322969204296	0.28718922447	0.224292410847
ndû-	0.333215708086	0.409036767291	0.0316341951022	0.22611332952
înj-	0.0794429859605	0.0405204885287	0.861203059012	0.0188334664992
aag-	0.413085332415	0.120363217681	0.063337092122	0.403214357781
ûge-	0.585447620275	0.169420385574	0.0763649120547	0.168767082096
bin-	0.126355134884	0.419113918215	0.301613927081	0.15291701982
kos-	0.0	1.0	0.0	0.0
rîm-	0.0890353755295	0.0489172582473	0.0551064845195	0.806940881704
raî-	0.0	1.0	0.0	0.0
t'û-	0.30737985607	0.241784062293	0.0744939783156	0.376342103322
rwo-	0.177898386854	0.750640735715	0.00407055630937	0.0673903211217
wan-	0.138960547508	0.0426502157947	0.0308196065586	0.787569630139
riî-	0.056274980016	0.878305355715	0.00671462829737	0.0587050359712
oge-	0.337293169283	0.50997030123	0.152736529487	0.0
kur-	0.0531531768355	0.92634263032	0.0141952104309	0.00630898241371
îbu-	0.0667786756274	0.865989279142	0.0176814145132	0.0495506307171
sik-	0.0	1.0	0.0	0.0
ari-	0.52897912413	0.3563650004	0.0633517103554	0.0513041651146
ben-	0.0	1.0	0.0	0.0
oni-	0.195652173913	0.565217391304	0.173913043478	0.0652173913043
beg-	0.942307692308	0.0576923076923	0.0	0.0
mpa-	0.48736124114	0.434265079577	0.0181891132807	0.0601845660024
îmu-	0.0635490581631	0.693724886723	0.0317032857428	0.211022769371
nwa-	0.2534052973	0.0383633990683	0.0224580396167	0.685773264015
bun-	0.128752854676	0.210299114354	0.0575948309474	0.603353200022
lam-	0.0	0.960784313725	0.0	0.0392156862745
nar-	0.530522188292	0.216692374264	0.110256877832	0.142528559612
gat-	0.131792615304	0.454834810297	0.0532502232619	0.360122351138
kûg-	0.401586026085	0.325948390133	0.106623015348	0.165842568434
ooy-	0.70115724983	0.149081007488	0.0953029271613	0.0544588155207
ûtû-	0.304751888756	0.498720455189	0.043163850949	0.153363805106
kaj-	0.178571428571	0.125	0.0892857142857	0.607142857143
ibû-	0.547468075388	0.2309007586	0.0915437030024	0.13008746301
fet-	0.0101963746224	0.92749244713	0.0577794561934	0.00453172205439
nîk-	0.326577706431	0.369720076252	0.234473763419	0.0692284538978
sat-	0.0671641791045	0.917910447761	0.0	0.0149253731343
pur-	0.0	1.0	0.0	0.0
îco-	0.378274055693	0.41494347946	0.0634132892198	0.143369175627
eya-	0.727725184463	0.133266044828	0.00852707782262	0.130481692886
ûyû-	0.127504937354	0.0572534402531	0.00484794538511	0.810393677008
the-	0.286442405708	0.581447502548	0.108868501529	0.0232415902141
ani-	0.150879705401	0.372698445172	0.0838788870704	0.392542962357
ntu-	0.0708382195827	0.648054322858	0.0146309762775	0.266476481282
mûc-	0.107630494855	0.777058641083	0.0314082021039	0.0839026619582
goo-	0.622950819672	0.0655737704918	0.0491803278689	0.262295081967
aut-	0.452554744526	0.158150851582	0.194647201947	0.194647201946
agû-	0.491721237619	0.18512498228	0.0709732503214	0.25218052978
thî-	0.252870558427	0.29802529711	0.142874379135	0.306229765328
eri-	0.0125513464172	0.982213332617	0.0	0.00523532096545
ngî-	0.447685377059	0.312128652907	0.098201496235	0.141984473798
ban-	0.101065435122	0.360540970836	0.135251561449	0.403142032594
iig-	0.0440518783542	0.787641621944	0.00521765056649	0.163088849135
weg-	0.151559100798	0.364757070341	0.398839738941	0.0848440899202
yug-	0.259302325581	0.633953488372	0.023023255814	0.0837209302325
iin-	0.0629811056683	0.640774434336	0.0396547702356	0.25658968976
nwî-	0.193403835813	0.0987632192149	0.0652446675031	0.642588277469
wen-	0.151160324502	0.339368405239	0.0866288729034	0.422842397356
mmû-	0.566266343001	0.280950555768	0.0546541175134	0.0981289837173
îca-	0.0612345804227	0.897942365962	0.00798711918557	0.0328359344296
bwe-	0.20757812663	0.0753960726745	0.125112732202	0.591913068494
nam-	0.588169421998	0.246173151647	0.0548388824089	0.110818543947
ebe-	0.0056258790436	0.989998437256	0.00375058602907	0.00062509767151
sîî-	0.0	1.0	0.0	0.0
ker-	0.450980392157	0.294117647059	0.0	0.254901960784
bon-	0.0377578690832	0.100949177254	0.0431927138754	0.818100239787
won-	0.213507349214	0.413358752246	0.0165875685389	0.35654633
gan-	0.190427136372	0.383503015125	0.355348050521	0.0707217979829
yit-	0.842105263158	0.0394736842105	0.0263157894737	0.0921052631579
ero-	0.0239056035143	0.832507534352	0.0465341982939	0.0970526638402
ûnd-	0.466398004222	0.423450393399	0.057762425638	0.0523891767415
bic-	0.4144	0.1344	0.432	0.0192
rir-	0.692771001688	0.161798400263	0.0433547820599	0.102075815989
kon-	0.538461538462	0.130841121495	0.0891445003594	0.241552839684
mîm-	0.391150442478	0.55575221239	0.0530973451327	0.0
yer-	0.28058601782	0.392649074709	0.198252227553	0.128512679918
eli-	0.0	0.979591836735	0.0204081632653	0.0
mut-	0.0	0.69465648855	0.30534351145	0.0
cii-	0.240566037736	0.490566037736	0.13679245283	0.132075471698
tûa-	0.344827586207	0.206896551724	0.448275862069	0.0
mîî-	0.0518255465542	0.835756297858	0.056264565531	0.0561535900566
tuk-	0.535714285714	0.107142857143	0.0714285714286	0.285714285714
ene-	0.634427807934	0.199028787519	0.00586076496938	0.160682639577
eeb-	0.404340294638	0.448817190251	0.0594786349084	0.0873638802023
pan-	0.0	1.0	0.0	0.0
nci-	0.197584124245	0.617630140926	0.0369571469658	0.147828587863
înt-	0.0979919678714	0.136546184739	0.687068273092	0.0783935742972
aum-	0.345376353847	0.0478959700891	0.0178148952949	0.588912780769
nim-	0.332101637699	0.524200538297	0.124538114137	0.0191597098673
gwî-	0.469922845034	0.263295849248	0.125266138348	0.14151516737
tor-	0.290293855744	0.369545859305	0.0322054021965	0.307954882755
mûn-	0.157456021573	0.238846407411	0.15966511423	0.444032456787
yam-	0.40683033202	0.364905740011	0.0604952166573	0.167768711311
aîn-	0.188841201717	0.811158798283	0.0	0.0
ina-	0.4	0.527710843373	0.0144578313253	0.0578313253011
t'î-	0.323529411765	0.522058823529	0.117647058824	0.0367647058824
baa-	0.392248402797	0.204762201966	0.0731996899043	0.329789705332
rûr-	0.11221613149	0.471592760145	0.0768454969408	0.339345611424
nki-	0.269414131175	0.291661567126	0.0326562583243	0.406268043375
mai-	0.12155809268	0.501156489705	0.194038186589	0.183247231027
ese-	0.0	1.0	0.0	0.0
rîî-	0.187457995108	0.237773929805	0.472354854435	0.102413220652
rab-	0.0155520995334	0.900466562986	0.0	0.0839813374806
ape-	0.135198135198	0.745920745921	0.0629370629371	0.0559440559441
aro-	0.336433461226	0.417156760414	0.0996623931932	0.146747385167
kab-	0.207935936125	0.699877754221	0.036791845557	0.055394464097
ûgu-	0.154080775309	0.0455836112656	0.0153842215142	0.784951391911
nkî-	0.274855807297	0.204469228399	0.382285748361	0.138389215943
ûgî-	0.383641784328	0.341171176239	0.188839511729	0.0863475277043
tuu-	0.391799676338	0.253118916125	0.0832170245489	0.271864382989
gîn-	0.211870633341	0.385194437394	0.0110210133989	0.391913915866
kau-	0.380840623	0.42422949357	0.02637857129	0.16855131214
iba-	0.512526111885	0.23803858515	0.112423942207	0.137011360758
ino-	0.220706499077	0.237981771609	0.0178709715852	0.523440757729
amû-	0.597949743518	0.142980838478	0.0296489368709	0.229420481133
bas-	0.124203821656	0.770700636943	0.0	0.105095541401
nût-	0.459616766116	0.380287058893	0.0862056326877	0.0738905423038
ûmû-	0.106292476982	0.537289151501	0.283278096619	0.0731402748979
ûke-	0.171733353305	0.0519163235426	0.0150766093225	0.76127371383
rae-	0.155863433944	0.844136566056	0.0	0.0
pun-	0.0821917808218	0.917808219178	0.0	0.0
ûtu-	0.0272493823757	0.875132627037	0.0325803375432	0.065037653044
îne-	0.10028484663	0.149697497587	0.610066150333	0.13995150545
ito-	0.0075294117647	0.00705882352941	0.985411764706	0.0
riu-	0.4427802821	0.4670641268	0.0356259997092	0.0545295913916
rîa-	0.0799380823015	0.0506139067956	0.0133546701051	0.856093340798
tai-	0.0867924528302	0.890566037736	0.022641509434	0.0
eek-	0.280797638823	0.531509551495	0.121989202658	0.0657036070242
666-	0.037037037037	0.037037037037	0.0	0.925925925926
mbi-	0.191800849936	0.296931654256	0.018558228391	0.492709267418
amm-	0.983606557377	0.0163934426229	0.0	0.0
ont-	0.216335540839	0.197939661516	0.0176600441501	0.568064753495
kun-	0.0868758285462	0.103314184711	0.0878479893946	0.721961997349
wey-	0.344969199179	0.447638603696	0.195071868583	0.0123203285421
îmû-	0.403869689376	0.459467334926	0.0540532665074	0.0826097091904
ûny-	0.492034194676	0.410821837964	0.0310860695551	0.0660578978046
agi-	0.312042581504	0.33773831647	0.22981622961	0.120402872416
abo-	0.640412044374	0.115055467512	0.0465927099841	0.19793977813
nîg-	0.734009360374	0.171606864275	0.0514820592824	0.0429017160687
rûg-	0.215637153569	0.561770785887	0.0587750954767	0.163816965068
akî-	0.427540030543	0.264050675117	0.0653253786429	0.243083915697
waû-	0.358696790865	0.132171666026	0.0551733770995	0.453958166009
gap-	0.0809788757497	0.831439951645	0.0809788757497	0.0066022968554
mûy-	0.0184240362812	0.732709750567	0.227891156463	0.0209750566893
gwo-	0.307070707071	0.586531986532	0.0942760942761	0.0121212121212
atû-	0.340168293355	0.445771494859	0.0453679047053	0.168692307081
nju-	0.0184679569783	0.916610316539	0.0027430816928	0.0621786447901
n'w-	0.293290063807	0.0261576810097	0.00555491140137	0.674997343782
mmî-	0.524050632911	0.425316455696	0.0506329113924	0.0
eey-	0.414678052158	0.38661435495	0.09309946919	0.105608123702
met-	0.0	1.0	0.0	0.0
îno-	0.0930447895294	0.0582457402985	0.0226720289408	0.826037441231
pon-	0.0	0.993055555556	0.0	0.00694444444444
eep-	0.586666666667	0.266666666667	0.0133333333333	0.133333333333
bim-	0.240319675822	0.351643403872	0.121004052229	0.287032868077
n'î-	0.337179320974	0.412916308556	0.155974564946	0.093929805524
waa-	0.293318724245	0.267090012624	0.173430197937	0.266161065193
ken-	0.199125596184	0.274782568035	0.243243243243	0.282848592537
ûûm-	0.111895355979	0.622787193907	0.15967853822	0.105638911895
nne-	0.693007860985	0.249069093918	0.00827472072818	0.049648324369
nor-	0.523505458463	0.396637776686	0.0798567648504	0.0
ruc-	0.368421052632	0.561403508772	0.0350877192982	0.0350877192983
îta-	0.207428319216	0.468759826892	0.0822497606293	0.241562093264
eta-	0.745856353591	0.154696132597	0.0	0.0994475138121
mat-	0.213574930357	0.544811213475	0.110715544468	0.1308983117
mas-	0.0123753867308	0.986593331042	0.0	0.00103128222757
nit-	0.239263803681	0.315950920245	0.0705521472393	0.374233128834
aat-	0.613279242227	0.1435053578	0.0353075965219	0.207907803451
bût-	0.474628094462	0.240472392308	0.109915254898	0.174984258333
nya-	0.0675512845647	0.859189146119	0.0214275641709	0.0518320051454
aka-	0.539244884137	0.218660552766	0.0488460297802	0.193248533316
îku-	0.365340180185	0.406508761444	0.150774097615	0.0773769607557
wîn-	0.297855019114	0.573658502053	0.125300863656	0.00318561517769
aab-	0.580834301481	0.139263541969	0.0619781077548	0.217924048795
mpî-	0.0478644126624	0.714850090344	0.218267336335	0.019018160659
ûto-	0.0947153961423	0.66199401093	0.186881623594	0.0564089693337
par-	0.0	1.0	0.0	0.0
too-	0.0824959807074	0.843900723473	0.0143187299035	0.0592845659164
îtw-	0.478818615752	0.301312649165	0.0662291169451	0.153639618138
ûûr-	0.2138800142	0.65477458289	0.0417110401136	0.0896343627973
nti-	0.453425224499	0.256990741723	0.0809380608428	0.208645972935
mma-	0.0958222722186	0.202745413561	0.206666705237	0.494765608983
wor-	0.221645021645	0.582683982684	0.0658008658008	0.12987012987
mba-	0.249888848454	0.536602934608	0.052518878951	0.160989337987
kîr-	0.0436136662565	0.443009869116	0.00814789449262	0.505228570134
bib-	0.185545787798	0.123229607978	0.0316196012785	0.659605002945
mik-	0.0229709035222	0.977029096478	0.0	0.0
ûro-	0.19588190064	0.431631521288	0.222929892965	0.149556685107
tha-	0.0536013592635	0.690928294262	0.14380754483	0.111662801644
biî-	0.189776421341	0.225108604062	0.454219688567	0.13089528603
nga-	0.0591915779378	0.797798574953	0.00798452106682	0.135025326043
yen-	0.0635963641389	0.0397867341889	0.0126901478982	0.883926753774
gay-	0.0161290322581	0.983870967742	0.0	0.0
bwi-	0.192402987015	0.167149015254	0.0828675782646	0.557580419466
aam-	0.458724408468	0.161996126692	0.0558770027513	0.323402462089
kin-	0.130065009021	0.0559171516577	0.0486099967515	0.765407842569
îbo-	0.360819327731	0.607668067227	0.0315126050421	0.0
reu-	0.0	1.0	0.0	0.0
int-	0.246512777508	0.39035971223	0.11520942755	0.247918082712
ona-	0.315789473684	0.412280701754	0.254385964912	0.0175438596491
cem-	0.0	1.0	0.0	0.0
îce-	0.790026246719	0.209973753281	0.0	0.0
iro-	0.0207274085866	0.941342733224	0.00527931645035	0.0326505417391
ugî-	0.620528771384	0.150855365474	0.0699844479005	0.158631415241
kag-	0.128873991581	0.523143556833	0.0273644854505	0.320617966136
maî-	0.0490508721982	0.101566866333	0.207381301492	0.642000959977
wer-	0.0394228113781	0.76512999566	0.191008797885	0.00443839507634
ndi-	0.227504297546	0.638537271449	0.0621972183154	0.0717612126895
bam-	0.414435117576	0.104136414047	0.0306158099775	0.450812658399
iku-	0.345545094829	0.53847728203	0.113930959203	0.00204666393778
tûû-	0.241179224538	0.153248116674	0.128959950062	0.476612708727
ûmî-	0.421901242862	0.468256634195	0.0483708431306	0.061471279812
tac-	0.430107526882	0.340501792115	0.143369175627	0.0860215053763
twa-	0.336951925682	0.262299627042	0.0468685988895	0.353879848386
gua-	0.0808003078107	0.919199692189	0.0	0.0
yai-	0.439413375435	0.499716308558	0.016651454227	0.0442188617806
yon-	0.0765093638326	0.0829623924123	0.144501267319	0.696026976436
rin-	0.416751579376	0.55573670267	0.00305685755044	0.0244548604035
tum-	0.328267477204	0.598784194529	0.0	0.0729483282675
sti-	0.0773677189862	0.670075589151	0.0360160071143	0.216540684749
îny-	0.232232816903	0.399026035659	0.353408875195	0.0153322722427
sos-	0.0	1.0	0.0	0.0
ibw-	0.550373778425	0.16514532566	0.0889104624935	0.195570433421
kua-	0.0	1.0	0.0	0.0
iun-	0.0384615384615	0.961538461538	0.0	0.0
tat-	0.23696030454	0.0737722917426	0.0322306726603	0.657036731057
mbw-	0.626252427679	0.157664811376	0.0467573000311	0.169325460914
bit-	0.289636130043	0.248276869803	0.332957001698	0.129129998456
mûr-	0.0554337709936	0.823415835919	0.0405346898435	0.0806157032439
aûg-	0.0952380952381	0.904761904762	0.0	0.0
ron-	0.146341463415	0.809756097561	0.0146341463415	0.0292682926829
wek-	0.66568914956	0.123167155425	0.175953079179	0.0351906158358
ncû-	0.65648184303	0.289340101523	0.0218013796694	0.0323766757777
air-	0.42911975435	0.207523029683	0.0532241555783	0.310133060389
ûyu-	0.11115979125	0.0405573123404	0.00281945534757	0.845463441062
rwa-	0.0597833638263	0.259188459218	0.0173516458594	0.663676531096
bûr-	0.169201743795	0.0441706315618	0.014409523034	0.772218101609
sin-	0.0357019026568	0.946095002817	0.00227538681576	0.0159277077103
mam-	0.136799353328	0.0609902305131	0.0209311155233	0.781279300636
esa-	0.0	1.0	0.0	0.0
rîs-	0.0	1.0	0.0	0.0
ng'-	0.0542066715608	0.925640254012	0.00566218202938	0.0144908923975
boi-	0.0	0.97510373444	0.0	0.0248962655602
wat-	0.102076299745	0.578352625461	0.0261933525636	0.29337772223
eeg-	0.43608822711	0.159866530632	0.0456935548102	0.358351687448
aug-	0.631512877646	0.0573439563234	0.0115056238482	0.299637542183
kîu-	0.639175257732	0.231958762887	0.020618556701	0.108247422681
ama-	0.449019347412	0.389870279364	0.0788949395671	0.0822154336565
abu-	0.481778406137	0.225656137137	0.155508726178	0.137056730548
kwî-	0.369148498352	0.14032987787	0.0365759137544	0.453945710023
rîe-	0.191769375392	0.316482139127	0.206810110717	0.284938374765
ciû-	0.468044023943	0.166634485422	0.31280169917	0.0525197914655
reg-	0.298507462687	0.454157782516	0.208955223881	0.0383795309168
mbû-	0.442654463468	0.259203762124	0.0432450847884	0.25489668962
kîg-	0.301790424606	0.539312192686	0.058171993444	0.100725389264
baî-	0.0909637488948	0.0346949602122	0.0661715296198	0.808169761273
mac-	0.143655396803	0.818031781959	0.0185080397982	0.0198047814401
îka-	0.434016494519	0.34313000552	0.07676672148	0.146086778481
bûk-	0.482934814919	0.23719781948	0.0754369028683	0.204430462732
ooo-	0.127659574468	0.54609929078	0.0	0.326241134752
tûm-	0.460509721409	0.261417594368	0.111597855753	0.166474828471
ûka-	0.31828832284	0.135673792555	0.043078926641	0.502958957964
anc-	0.582278481013	0.417721518987	0.0	0.0
aun-	0.58984576277	0.279344577651	0.109649273471	0.0211603861084
cim-	0.00288322921672	0.916386352715	0.0749639596348	0.00576645843343
eew-	0.61667753943	0.160366859818	0.0218734410377	0.201082159714
ran-	0.088996205588	0.504656778199	0.373232149017	0.0331148671956
nîr-	0.643672287515	0.209845000852	0.0187361607903	0.127746550843
mûk-	0.0697210195541	0.610148985766	0.0666565673689	0.253473427311
auk-	0.740213523132	0.170818505338	0.0427046263345	0.0462633451957
mbe-	0.184540169735	0.143414643458	0.170142303406	0.501902883401
ind-	0.43315505395	0.230255435557	0.162877615869	0.173711894624
yan-	0.225220382713	0.579767791873	0.120834229198	0.0741775962159
gûm-	0.914788345245	0.0687190764157	0.0164925783397	0.0
ruu-	0.0523616157298	0.873168530788	0.0526228301394	0.0218470233431
gîe-	0.211089494164	0.210116731517	0.0510700389105	0.527723735409
kîn-	0.244930601325	0.404066818642	0.118897538953	0.23210504108
rug-	0.266666666667	0.683333333333	0.0	0.05
yee-	0.556573267314	0.13573485939	0.0276247744166	0.28006709888
rûc-	0.158808755889	0.704967832005	0.0724560185241	0.0637673935819
ûko-	0.275047984645	0.134644913628	0.225815738964	0.364491362764
aap-	0.326923076923	0.634615384615	0.0288461538462	0.00961538461538
nna-	0.324666666667	0.154666666667	0.172	0.348666666667
saû-	0.0702480741168	0.705025961245	0.0	0.224725964638
îgo-	0.160450113984	0.760488916913	0.056749284571	0.0223116845322
age-	0.408370818197	0.468732377743	0.0585222876477	0.0643745164125
n'y-	0.359247411398	0.0959171647445	0.0447175688189	0.500117855038
inj-	0.0109204368175	0.0322412896516	0.955278211128	0.0015600624025
ntî-	0.570110882151	0.388676282995	0.0137376116181	0.0274752232362
mîn-	0.205126407571	0.677404372782	0.0702361652719	0.0472330543749
igo-	0.279207871713	0.682623243364	0.0124916350658	0.0256772498575
akw-	0.654969951452	0.118577455839	0.0260665651219	0.200386027587
see-	0.0	1.0	0.0	0.0
nac-	0.614108662543	0.187824367146	0.0606327460137	0.137434224298
ûrî-	0.306986900199	0.113308516435	0.167985109861	0.411719473505
kar-	0.258150751342	0.31758688499	0.0490101297298	0.375252233938
kay-	0.0649898453367	0.883026089673	0.0240977972192	0.0278862677707
ibe-	0.591690013467	0.234370734475	0.0832851654662	0.0906540865924
two-	0.498640013108	0.147337375061	0.0580206455842	0.296001966246
bii-	0.0700070204223	0.398886198165	0.455301996482	0.0758047849306
nûû-	0.852799227799	0.0892857142856	0.00723938223939	0.0506756756757
gak-	0.263557062912	0.210124219812	0.0540487906811	0.472269926595
ati-	0.47744523216	0.217239141994	0.0794866168015	0.225829009045
imo-	0.373930427829	0.462614954018	0.0156737305078	0.147780887645
maû-	0.390458554845	0.391503892639	0.175477370926	0.0425601815901
nwi-	0.693279966294	0.0653044027807	0.0248578049294	0.216557825995
îte-	0.266358463727	0.571834992888	0.0348506401138	0.126955903272
ung-	0.216312056738	0.140070921986	0.205673758865	0.437943262411
bûb-	0.231022983109	0.113663452162	0.0546345456953	0.600679019034
gîp-	0.077922077922	0.435064935065	0.253246753247	0.233766233766
gie-	0.894618834081	0.105381165919	0.0	0.0
rîn-	0.168110340647	0.279390701375	0.237656776932	0.314842181047
înk-	0.167223291816	0.215774101869	0.355716212853	0.261286393462
tak-	0.236705577173	0.0522906510428	0.0297419383693	0.681261833415
wao-	0.0640345150578	0.0857909227669	0.00851522806617	0.841659334109
mun-	0.0799818772323	0.51244256538	0.00923537632722	0.398340181061
nkw-	0.43179774985	0.221319872058	0.0288321566002	0.318050221492
kûû-	0.460932554142	0.28246462702	0.0765634926091	0.180039326229
yaû-	0.275306934572	0.466578560339	0.110195286117	0.147919218972
aûr-	0.745270373902	0.155835928487	0.00940257003581	0.0894911275749
abb-	0.0689655172414	0.853448275862	0.0	0.0775862068966
one-	0.0509337860781	0.770797962649	0.0	0.178268251273
wîr-	0.258614762119	0.570197673165	0.0396266851653	0.131560879551
sto-	0.0461538461538	0.653846153846	0.3	0.0
tuî-	0.170967741936	0.622580645161	0.167741935484	0.0387096774193
ûmo-	0.296536796537	0.55266955267	0.129389129389	0.0214045214045
ake-	0.455230984031	0.212435498598	0.0567174360826	0.275616081288
ngi-	0.0594110365616	0.179199772724	0.0196284250587	0.741760765656
gor-	0.0471333642404	0.30883943749	0.605779632205	0.038247566064
ûgo-	0.0603860880664	0.868777919592	0.0105296745373	0.0603063178047
nau-	0.401443391971	0.165539016689	0.0383400992332	0.394677492106
acu-	0.505975999226	0.315856963128	0.0697764444014	0.108390593245
tur-	0.00903977501005	0.990357573323	0.000602651667336	0.0
uco-	0.381578947368	0.565789473684	0.0	0.0526315789474
ûûn-	0.803005314275	0.196994685725	0.0	0.0
iny-	0.0960236674523	0.383524078105	0.168696301701	0.351755952741
run-	0.0686590721932	0.160341751304	0.0216167993412	0.749382377162
cûû-	0.400939821131	0.41727300288	0.127027436714	0.0547597392755
caû-	0.144903117102	0.394271272115	0.321819713564	0.13900589722
eet-	0.485167129832	0.310759870937	0.0361466584389	0.167926340792
twe-	0.433507770534	0.153194772819	0.083532007083	0.329765449563
ser-	0.0	1.0	0.0	0.0
irû-	0.10681164055	0.601452489761	0.243714990148	0.0480208795403
yîî-	0.180830733229	0.0877730109204	0.0188377535102	0.71255850234
îko-	0.359490437875	0.596635824474	0.0307116163555	0.0131621212952
kwo-	0.235440149703	0.0828033559594	0.016891235844	0.664865258494
uri-	0.0	1.0	0.0	0.0
îtî-	0.492008639309	0.332181425486	0.0902807775378	0.0855291576674
bîr-	0.135048231511	0.755627009646	0.0707395498392	0.0385852090032
igû-	0.389839084565	0.300327675452	0.0998178979526	0.21001534203
nag-	0.526974322241	0.29339532028	0.0842312370489	0.0953991204304
bai-	0.173448912839	0.167976742756	0.603327074646	0.0552472697587
nûn-	0.294117647059	0.196078431373	0.43137254902	0.078431372549
oot-	0.544217687075	0.281632653061	0.170068027211	0.00408163265306
kûm-	0.54859863399	0.212061523566	0.0829956188934	0.15634422355
itu-	0.480796187272	0.383617503887	0.0588730025231	0.076713306318
ara-	0.208321711135	0.41371482023	0.0278671850391	0.350096283595
mûb-	0.142756235386	0.722427903352	0.0417316186022	0.0930842426604
rui-	0.0	1.0	0.0	0.0
ras-	0.0384615384615	0.961538461538	0.0	0.0
nûk-	0.542817309837	0.183342627705	0.0919306268124	0.181909435646
kuu-	0.216937546863	0.0581879508529	0.0138138172233	0.71106068506
tir-	0.0222222222222	0.973737373737	0.0	0.0040404040404
450-	0.0845070422535	0.112676056338	0.0845070422535	0.718309859155
men-	0.45656108437	0.305923021616	0.148757344894	0.0887585491201
îîr-	0.11707382192	0.311253504205	0.115338406087	0.456334267788
iko-	0.0264910687254	0.958371177717	0.00151377535574	0.0136239782016
ain-	0.479160494597	0.42326103566	0.0636697695934	0.0339087001492
woo-	0.222715467778	0.0838869763041	0.0724265668096	0.620970989108
ceb-	0.0	0.920190469803	0.0798095301969	0.0
amw-	0.450280429055	0.0493471908877	0.0057292783167	0.49464310174
muu-	0.0830333573314	0.868970482361	0.0107991360691	0.0371970242381
caa-	0.0793787748058	0.879206212252	0.0414150129422	0.0
mor-	0.0	1.0	0.0	0.0
îpa-	0.809688581315	0.0657439446367	0.124567474048	0.0
aûm-	0.330137286986	0.139720528105	0.110043645942	0.420098538967
new-	0.563506261181	0.168157423971	0.035778175313	0.232558139535
oom-	0.8	0.0666666666667	0.133333333333	0.0
cuu-	0.0929203539822	0.840707964602	0.0	0.066371681416
yum-	0.657601577788	0.17931927089	0.0905995285127	0.0724796228101
ipû-	0.059880239521	0.0998003992016	0.840319361277	0.0
n'e-	0.383059948445	0.361822446995	0.212660440805	0.0424571637544
îgî-	0.410693970421	0.270762229807	0.183162684869	0.135381114903
nig-	0.495915985998	0.2252042007	0.117852975496	0.161026837806
mag-	0.257178968695	0.520927537829	0.051960217346	0.16993327613
agw-	0.538622439553	0.27316970366	0.0895547053357	0.0986531514511
rim-	0.0204081632653	0.979591836735	0.0	0.0
rîy-	0.226804123711	0.484536082474	0.288659793814	0.0
end-	0.272030513476	0.546064823144	0.0180251700191	0.163879493361
wîg-	0.336161031978	0.0822781235527	0.0259237086153	0.555637135854
eec-	0.907120743034	0.0371517027864	0.0371517027864	0.0185758513932
wit-	0.21368239612	0.3809776937	0.228867252694	0.176472657487
înu-	0.188784454923	0.0054557443624	0.00752290889299	0.798236891822
bot-	0.0	1.0	0.0	0.0
nca-	0.0865486740014	0.845428527416	0.0221337592528	0.04588903933
cus-	0.0	1.0	0.0	0.0
mon-	0.0733979072637	0.259242355089	0.0124245651402	0.654935172507
gûû-	0.567451225439	0.189543845032	0.0291605915434	0.213844337985
tho-	0.0	0.888009049774	0.064479638009	0.0475113122172
ram-	0.0301334481274	0.969866551873	0.0	0.0
mmw-	0.446072826053	0.238635736672	0.207417616596	0.107873820679
pit-	0.046511627907	0.953488372093	0.0	0.0
îrw-	0.0275862068965	0.739184952978	0.0564263322884	0.176802507837
îgu-	0.30697002528	0.340315396654	0.0493559648489	0.303358613218
riû-	0.0500644393774	0.873698820264	0.0114999504313	0.0647367899276
man-	0.133737029646	0.318801915843	0.0287457974048	0.518715257106
wiy-	0.614803625378	0.200906344411	0.0755287009063	0.108761329305
unk-	0.203448275862	0.165517241379	0.0206896551724	0.610344827586
bûn-	0.365083332369	0.224248305	0.150657226172	0.260011136459
wik-	0.0800363285463	0.780609638418	0.0113526707158	0.12800136232
bes-	0.00281690140845	0.994366197183	0.0	0.00281690140845
îng-	0.090661831369	0.16177586175	0.138860621311	0.60870168557
ter-	0.0	1.0	0.0	0.0
yey-	0.434523809524	0.14880952381	0.0	0.416666666667
een-	0.425835862833	0.21503532365	0.0955584696588	0.263570343858
reb-	0.103250478011	0.827915869981	0.0458891013384	0.0229445506692
mpu-	0.0975609756098	0.90243902439	0.0	0.0
inn-	0.27135678392	0.608040201005	0.0301507537689	0.0904522613065
ema-	0.037037037037	0.962962962963	0.0	0.0
ûru-	0.24109579001	0.552119320245	0.0514713476165	0.155313542128
nko-	0.0847546865656	0.683289566054	0.0827461584462	0.149209588934
pis-	0.0307486631016	0.969251336898	0.0	0.0
ûbu-	0.433048433048	0.566951566952	0.0	0.0
iir-	0.274725274725	0.681318681319	0.0439560439561	0.0
ten-	0.0336338822556	0.102928303774	0.364065215235	0.499372598735
pet-	0.0217254638226	0.781210251612	0.00192985277563	0.19513443179
ang-	0.287153372143	0.281757294729	0.0136292676934	0.417460065434
sai-	0.0661430343117	0.892517569244	0.005669402941	0.0356699935038
apo-	0.0314960629921	0.95905511811	0.0	0.00944881889764
