grɛ-	0.104057591623	0.379581151832	0.496727748691	0.0196335078534
zûs-	0.0	1.0	0.0	0.0
ɗim-	0.0841613091759	0.701928696669	0.152542372881	0.0613676212741
cɛm-	0.576754385965	0.298245614035	0.030701754386	0.094298245614
ŋgu-	0.423588051065	0.334712177581	0.195997657227	0.0457021141266
neɔ-	0.823342790923	0.116412614619	0.0	0.0602445944578
yǒn-	0.0925373134328	0.640298507463	0.15671641791	0.110447761194
pyǐ-	0.392931260853	0.397166574902	0.0552708483334	0.154631315912
hwì-	0.589577492024	0.230880788939	0.0431209513681	0.136420767669
kɔi-	0.5067011618	0.202644721408	0.0241480113528	0.26650610544
nyu-	0.406593406593	0.28021978022	0.296703296703	0.0164835164835
nɛ̂-	0.352941176471	0.529411764706	0.0588235294118	0.0588235294118
mpy-	0.419117647059	0.470588235294	0.0827205882353	0.0275735294118
tòp-	0.0	0.671232876712	0.328767123288	0.0
son-	0.0322456832255	0.0635301371865	0.0108367386622	0.893387440926
cìi-	0.392857142857	0.254608294931	0.122119815668	0.230414746544
ǹwè-	0.449511400651	0.4332247557	0.117263843648	0.0
tib-	0.0	0.969230769231	0.0307692307692	0.0
gwǔ-	0.665127020785	0.279445727483	0.013856812933	0.0415704387991
pùb-	0.115384615385	0.746153846154	0.0115384615385	0.126923076923
nlè-	0.00332103321033	0.0110701107011	0.761346863469	0.22426199262
jòr-	0.0	1.0	0.0	0.0
ǹŋw-	0.512605042017	0.0420168067227	0.428571428571	0.0168067226891
ŋea-	0.344827586207	0.468965517241	0.144827586207	0.0413793103448
nòâ-	0.276018099548	0.280542986425	0.20814479638	0.235294117647
abr-	0.0126867164577	0.954554547879	0.0313416911176	0.00141704454521
yèà-	0.383561643836	0.534246575342	0.0821917808219	0.0
ǹdà-	0.210600478044	0.563946266974	0.17441314309	0.0510401118916
sìd-	0.0	1.0	0.0	0.0
jɛ̀-	0.00138536134842	0.998614638652	0.0	0.0
yèâ-	0.8	0.092	0.078	0.03
bɔz-	0.016129032258	0.983870967742	0.0	0.0
ǹlæ-	0.165557404326	0.5	0.182196339434	0.15224625624
fyè-	0.5348438019	0.177106712504	0.229113529464	0.0589359561322
kpò-	0.0213742875237	0.874604179861	0.00791640278657	0.096105129829
bàk-	0.191521011528	0.781703235404	0.0223131275567	0.00446262551134
ǹsò-	0.0716948365469	0.772966350935	0.0662984510005	0.089040361518
sɛn-	0.59122371686	0.201253754734	0.0639937312263	0.143528797179
twǔ-	0.844827586207	0.0344827586207	0.120689655172	0.0
plě-	0.376166702844	0.445843281962	0.163881050575	0.0141089646191
kɔè-	0.42962962963	0.392592592593	0.0444444444445	0.133333333333
ɛ̀n-	0.284	0.334666666667	0.0666666666667	0.314666666667
ǹdǔ-	0.406370494552	0.309974853311	0.121374685666	0.162279966471
nwù-	0.168206397566	0.738542336415	0.0814473082952	0.0118039577239
ɗæ̀-	0.553444347557	0.301749599167	0.0493656999803	0.0954403532953
weɔ-	0.507681053402	0.347476225311	0.0131675201171	0.13167520117
asà-	0.0	0.857142857143	0.0	0.142857142857
lèâ-	0.456285896618	0.431745663398	0.0400301676626	0.0719382723212
brɛ-	0.0372429523504	0.946719412666	0.00890979721302	0.00712783777041
kod-	0.0765027322403	0.92349726776	0.0	0.0
sìr-	0.0322580645161	0.926267281106	0.036866359447	0.00460829493088
nli-	0.0926595653205	0.276823656819	0.0491330804248	0.581383697435
m̀l-	0.0215614635793	0.661776973872	0.0210538342708	0.295607728278
mvò-	0.135211267606	0.839436619718	0.0112676056338	0.0140845070423
fìl-	0.0104211897525	0.978433926762	0.000868432479374	0.0102764510059
ǹzɔ-	0.178217821782	0.554455445545	0.267326732673	0.0
zæ̀-	0.344827586207	0.32183908046	0.0919540229885	0.241379310345
ɗwǒ-	0.265625	0.640625	0.0	0.09375
yèe-	0.681752873563	0.225574712644	0.0574712643678	0.0352011494253
swǔ-	0.0150281778334	0.964308077646	0.0093926111459	0.0112711333751
ǹnǒ-	0.657142857143	0.271428571429	0.0714285714286	0.0
gɔ̀-	0.0	1.0	0.0	0.0
ùrî-	0.0	1.0	0.0	0.0
ci--	0.105584356092	0.663608265744	0.194945953051	0.0358614251129
pàm-	0.0	1.0	0.0	0.0
sàn-	0.385315139701	0.486029889539	0.0506822612086	0.0779727095516
àsɔ-	0.184210526316	0.763157894737	0.0	0.0526315789473
muâ-	0.283018867925	0.396226415094	0.169811320755	0.150943396226
win-	0.103683314579	0.863629958186	0.0227464794406	0.00994024779382
kæn-	0.750465766185	0.132859804378	0.0402887750349	0.0763856544015
mpù-	0.0382306728743	0.936209805299	0.0219391929563	0.00362032887067
zæb-	0.589146429164	0.252641478121	0.107871881396	0.0503402113183
wan-	0.080799184761	0.691195309108	0.0692066050525	0.158798901078
mbê-	0.431818181818	0.522727272727	0.0454545454545	0.0
cɛ̌-	0.175549978885	0.125838573626	0.0194575808701	0.679153866619
tàk-	0.781818181818	0.145454545455	0.0727272727273	0.0
sat-	0.244010739894	0.581578481228	0.0683299796174	0.10608079926
ǹwɛ-	0.336740881167	0.531162604052	0.112288227654	0.0198082871275
ɓàn-	0.300527137837	0.364916048418	0.0213197969543	0.31323701679
pɔ̀-	0.356770833333	0.453993055555	0.165798611111	0.0234375
pwæ-	0.42195256481	0.198014340871	0.137892995036	0.242140099283
ǹji-	0.420345572256	0.486187782574	0.0495945464166	0.0438720987531
àky-	0.00303951367781	0.996960486322	0.0	0.0
dìn-	0.0597014925373	0.910447761194	0.0	0.0298507462687
ŋàn-	0.6	0.355555555556	0.0	0.0444444444444
àpò-	0.0354209445585	0.95841889117	0.0	0.00616016427105
pèa-	0.133235807123	0.316491307039	0.533393349463	0.0168795363754
plè-	0.140457970279	0.797839352259	0.0303288572957	0.0313738201666
kue-	0.576923076923	0.211538461538	0.0384615384615	0.173076923077
tɛʼ-	0.524674115456	0.27490689013	0.042364990689	0.158054003724
ŋ̀w-	0.23610741824	0.445360276522	0.189843126828	0.12868917841
kàr-	0.04	0.96	0.0	0.0
ǹkæ-	0.158662957785	0.510365649892	0.220515321116	0.110456071207
yim-	0.472688325598	0.140902058789	0.250029751279	0.136379864334
cǐʼ-	0.161645422943	0.7966396292	0.0139049826188	0.0278099652376
yæs-	0.716666666667	0.116666666667	0.0666666666667	0.1
ŋgɛ-	0.0350443670673	0.754689430529	0.210266202404	0.0
èlâ-	0.0714285714286	0.928571428571	0.0	0.0
toì-	0.611111111111	0.148148148148	0.12962962963	0.111111111111
mùt-	0.808080808081	0.151515151515	0.0	0.040404040404
ɓòn-	0.515774773339	0.38690048733	0.028177829292	0.0691469100388
pae-	0.597014925373	0.291044776119	0.0671641791044	0.0447761194029
ŋwu-	0.20712846278	0.513396626616	0.0298029741594	0.249671936445
cib-	0.832536239199	0.0657486857769	0.00961434998591	0.0921007250379
èlì-	0.0105583106703	0.98944168933	0.0	0.0
njò-	0.265486725664	0.608407079646	0.0862831858407	0.0398230088496
fyù-	0.247494645549	0.678256960787	0.0618736613871	0.0123747322774
lii-	0.286177806619	0.591174561973	0.0817650876055	0.0408825438027
jòs-	0.0239747634069	0.971766561514	0.000946372239748	0.00331230283911
ɓyì-	0.660262047707	0.187880454973	0.0677434577084	0.0841140396113
fyǒ-	0.322988035587	0.186368749361	0.0792514572042	0.411391757848
krì-	0.0	0.814814814815	0.185185185185	0.0
mbi-	0.0411039008964	0.872941256621	0.0269105649515	0.0590442775308
jèz-	0.0377358490566	0.962264150943	0.0	0.0
gbì-	0.802744425386	0.120803724577	0.0382259250184	0.0382259250184
zwu-	0.256458271035	0.405467533601	0.16773444515	0.170339750213
sæm-	0.790852553744	0.145879241957	0.0316341021497	0.0316341021497
lɛs-	0.820143884892	0.0944244604317	0.0539568345323	0.0314748201439
àrì-	0.0148975791434	0.977653631285	0.0074487895717	0.0
kìk-	0.172848205939	0.638009635435	0.108679082476	0.0804630761487
luâ-	0.288079470199	0.354304635762	0.0397350993378	0.317880794702
kie-	0.676511954993	0.16127519925	0.0379746835443	0.124238162213
ŋkæ-	0.119436361911	0.346695733975	0.217366404138	0.316501499976
nny-	0.120807193169	0.135641972233	0.296786175345	0.446764659253
gwù-	0.314809692965	0.502214395299	0.110076089811	0.0728998219262
yèr-	0.0161748141473	0.974363595404	0.000810993466998	0.00865059698131
feb-	0.216216216216	0.783783783784	0.0	0.0
ǹjè-	0.158376005852	0.37783467447	0.396945866862	0.0668434528164
kwu-	0.406423473434	0.24500756975	0.0559921178478	0.292576838969
èpì-	0.0842105263158	0.431578947368	0.484210526316	0.0
stò-	0.184615384615	0.292307692308	0.523076923077	0.0
ŋŋw-	0.672413793103	0.327586206897	0.0	0.0
wuk-	0.466819395785	0.43895023894	0.0292439064646	0.0649864588101
stɛ-	0.166666666667	0.801369863014	0.00456621004568	0.027397260274
wùl-	0.359299670135	0.524993656432	0.0548084242578	0.0608982491753
ɓɔâ-	0.68085106383	0.31914893617	0.0	0.0
pɛr-	0.0	0.986842105263	0.0	0.0131578947368
was-	0.730276313912	0.0976380140459	0.036923652922	0.13516201912
stà-	0.0	1.0	0.0	0.0
yɛ̂-	0.0111156260972	0.0420854988959	0.00915198237029	0.937646892637
kùm-	0.0377358490566	0.811320754717	0.0	0.150943396226
àpɛ-	0.107142857143	0.892857142857	0.0	0.0
wos-	0.470588235294	0.457516339869	0.0718954248366	0.0
nìl-	0.545454545455	0.393939393939	0.0606060606061	0.0
kea-	0.0912547528517	0.908745247148	0.0	0.0
zwi-	0.117032098218	0.170613058848	0.499874104886	0.212480738047
ǹzɛ-	0.150943396226	0.792452830189	0.0566037735849	0.0
ŋwè-	0.065738155842	0.661281714426	0.162852040397	0.110128089334
jùn-	0.0	0.96875	0.03125	0.0
ɗye-	0.438000233496	0.266639857827	0.0758863132224	0.219473595455
læ̀-	0.174179421521	0.112706102909	0.0538005151209	0.65931396045
woâ-	0.267857142857	0.535714285714	0.0357142857143	0.160714285714
maj-	0.155	0.61	0.235	0.0
nàz-	0.000736377025037	0.996318114875	0.00294550810015	0.0
kìê-	0.809896249002	0.128172386273	0.0197924980048	0.0421388667199
ɓla-	0.0841889117043	0.88501026694	0.0266940451745	0.00410677618071
ànà-	0.0363741339492	0.939376443418	0.0207852193995	0.00346420323326
ɓyɛ-	0.0885529483302	0.454969776698	0.164177538134	0.292299736838
yan-	0.192735428921	0.125986167822	0.0253855589904	0.655892844266
ɓak-	0.645813170634	0.158368793056	0.0577490366688	0.138068999641
weà-	0.77049036266	0.172670184357	0.0357878037301	0.021051649253
wɛ̌-	0.0575638693715	0.0303194274776	0.0160679829944	0.896048720156
nsæ-	0.375172413793	0.550344827586	0.0579310344828	0.0165517241379
pàn-	0.0806210809197	0.42609734249	0.487906837862	0.00537473872798
ǹtæ-	0.138888888889	0.541666666667	0.291666666667	0.0277777777778
gwi-	0.147583849525	0.293812210563	0.0656962154886	0.492907724423
cɛê-	0.532673112913	0.235417966313	0.0233936369308	0.208515283843
làm-	0.0	1.0	0.0	0.0
òlì-	0.0394736842105	0.960526315789	0.0	0.0
nwi-	0.548434647272	0.390515099817	0.0470204423693	0.0140298105414
sàm-	0.00876765708719	0.97515830492	0.0029225523624	0.0131514856308
ɗɔʼ-	0.541237113402	0.226804123711	0.10824742268	0.123711340206
gɛn-	0.0	0.931034482759	0.0459770114942	0.0229885057471
kak-	0.203539823009	0.743362831859	0.0530973451327	0.0
tòê-	0.338614767125	0.386202858316	0.177795903249	0.0973864713107
kòn-	0.139493980253	0.0936466662117	0.0405923421191	0.726267011417
ciâ-	0.517798793575	0.295385867708	0.0499925126421	0.136822826074
ǹsɛ-	0.268142830777	0.666410871614	0.0336580959134	0.031788201696
èrà-	0.0172910662824	0.896253602306	0.0691642651296	0.0172910662824
jìb-	0.134328358209	0.850746268657	0.0	0.0149253731343
nye-	0.088578409451	0.736696739447	0.0593649150167	0.115359936085
ŋwæ-	0.0861067980539	0.899407946199	0.0128757828866	0.00160947286082
kyì-	0.305888565398	0.444882794582	0.110031699293	0.139196940727
swæ-	0.53029686368	0.414628289554	0.0284694467282	0.0266054000374
ɓlǒ-	0.712121212121	0.121212121212	0.136363636364	0.030303030303
ɗue-	0.514109284124	0.322754362031	0.0280031593308	0.135133194514
màn-	0.18880081514	0.182537423019	0.526769258432	0.101892503409
nnj-	0.24	0.28	0.42	0.06
tèd-	0.337837837838	0.662162162162	0.0	0.0
nsǒ-	0.0725593667546	0.804221635884	0.0751978891821	0.0480211081794
keâ-	0.38961038961	0.506493506493	0.103896103896	0.0
kɛk-	0.120267260579	0.690423162583	0.180400890869	0.00890868596882
ŋge-	0.193548387097	0.268817204301	0.47311827957	0.0645161290323
ɗyî-	0.474358974359	0.448717948718	0.0	0.0769230769231
pop-	0.0893719806763	0.490338164251	0.391304347826	0.0289855072464
ɓyû-	0.050288261751	0.159637773272	0.0228061678292	0.767267797147
èjî-	0.00332863098163	0.940560161042	0.0537336144177	0.00237759355831
mvɛ-	0.0360050072179	0.546552843891	0.0203555603088	0.397086588582
teâ-	0.0807833537332	0.829865361077	0.0	0.0893512851897
tàl-	0.0	1.0	0.0	0.0
ǹzù-	0.963309841362	0.0178017303763	0.0	0.018888428262
nsw-	0.317836593786	0.551553509781	0.086075949367	0.0445339470656
ɓìâ-	0.385169927909	0.527291452111	0.0875386199794	0.0
ròb-	0.0	1.0	0.0	0.0
wea-	0.554131442596	0.229070084538	0.0804472320698	0.136351240796
pàr-	0.00675675675674	0.952702702703	0.0405405405405	0.0
ǹta-	0.0	1.0	0.0	0.0
cɛk-	0.606326889279	0.31985940246	0.0210896309315	0.0527240773286
nyw-	0.128061743301	0.249887059107	0.0527121346453	0.569339062947
ɓɔt-	0.494595150529	0.460202391015	0.0217160635925	0.0234863948637
næ̌-	0.776180698152	0.0513347022587	0.0	0.172484599589
ɗìe-	0.590909090909	0.136363636364	0.0909090909091	0.181818181818
mbɛ-	0.219909028926	0.467277499136	0.0857407044187	0.227072767519
ǹtɛ-	0.240223823	0.63403653203	0.0614226910214	0.0643169539491
cic-	0.607755406413	0.111111111111	0.00447427293064	0.276659209545
ǹwu-	0.357286536434	0.490855039997	0.121114080147	0.030744343422
kaì-	0.0113636363636	0.943181818182	0.0113636363636	0.0340909090909
osɔ-	0.393241384889	0.561761850833	0.0401431807151	0.00485358356253
ŋwɛ-	0.23321276611	0.517901566832	0.127890871738	0.12099479532
sæb-	0.269648142059	0.528115751398	0.178559684314	0.0236764222295
sɛ̌-	0.264411306477	0.61940796795	0.112174493657	0.00400623191631
zwû-	0.618069237264	0.224880382775	0.0315226569097	0.125527723051
mèd-	0.270588235294	0.652941176471	0.0764705882353	0.0
ɓǐn-	0.217948717949	0.320512820513	0.115384615385	0.346153846154
tît-	0.0213624495609	0.966532162355	0.00356040826014	0.00854497982436
mlɔ-	0.56970728378	0.236050868618	0.0588037171972	0.135438130404
sìb-	0.0606267029974	0.75340599455	0.122615803815	0.0633514986375
tan-	0.325700750099	0.438610343466	0.0692196341624	0.166469272273
nea-	0.335403726708	0.459627329193	0.0931677018634	0.111801242236
òzi-	0.0	1.0	0.0	0.0
kif-	0.129349763251	0.0719183154716	0.0175113357828	0.781220585495
ɓwu-	0.0574275514974	0.418189717295	0.0301712624826	0.494211468725
ǹlà-	0.246203263279	0.646319972197	0.0626110746599	0.0448656898632
jòn-	0.00666248341378	0.985194481303	0.00148055186973	0.00666248341376
ɗàs-	0.219312825842	0.742897546259	0.0219423645865	0.0158472633125
gwe-	0.713452057551	0.203843445015	0.0597645638394	0.0229399335949
nɗo-	0.153284671533	0.408759124088	0.197080291971	0.240875912409
jæm-	0.44407345576	0.400667779633	0.0	0.155258764608
ton-	0.255038711353	0.082732201312	0.0263608920355	0.635868195299
dwù-	0.348600508906	0.320610687023	0.315521628499	0.0152671755725
ògu-	0.0890410958903	0.897260273973	0.013698630137	0.0
waɔ-	0.178082191781	0.575342465753	0.0547945205479	0.191780821918
jiè-	0.28080872914	0.490051347882	0.202182284981	0.0269576379974
noe-	0.443359375	0.3515625	0.15234375	0.052734375
tin-	0.417979743049	0.307912446469	0.0312011420026	0.242906668479
wul-	0.631472957422	0.316743383199	0.0258918296893	0.0258918296893
mìs-	0.115906288533	0.826140567201	0.0135635018496	0.0443896424168
ŋwû-	0.00440476273711	0.0485712487852	0.00880952547419	0.938214463004
han-	0.168590233044	0.0600803274473	0.0414553711399	0.729874068369
sùk-	0.610978520286	0.126491646778	0.128878281623	0.133651551313
lèì-	0.08	0.92	0.0	0.0
tun-	0.248175182482	0.416058394161	0.321167883212	0.014598540146
mɓɛ-	0.418449658723	0.2931307885	0.0951439799601	0.193275572817
ɗwù-	0.0587295730839	0.394816852469	0.388152271889	0.158301302559
nlò-	0.156862745098	0.653594771242	0.18954248366	0.0
ǹdì-	0.171251832549	0.18531658241	0.0473778474168	0.596053737624
ɓus-	0.523628048781	0.396341463415	0.0525914634146	0.0274390243902
àlf-	0.0	1.0	0.0	0.0
yeâ-	0.618258859784	0.276194144838	0.0685670261941	0.0369799691834
nìm-	0.0	1.0	0.0	0.0
nlo-	0.262411347518	0.340425531915	0.354609929078	0.0425531914894
jes-	0.293706293706	0.706293706294	0.0	0.0
fɛn-	0.0531073446328	0.0604006163328	0.00595788392398	0.88053415511
ɓâl-	0.0	1.0	0.0	0.0
ɓwi-	0.0183102953287	0.0106575383626	0.00538035811086	0.965651808198
ǹjě-	0.451697127937	0.297650130548	0.0835509138381	0.167101827676
òzê-	0.030303030303	0.848484848485	0.121212121212	0.0
lwò-	0.282178217822	0.549504950495	0.138613861386	0.029702970297
ɓæl-	0.496062992126	0.503937007874	0.0	0.0
ɗwǐ-	0.355102505324	0.26121380611	0.0755986928742	0.308084995692
pli-	0.251572327044	0.540880503145	0.207547169811	0.0
yèi-	0.209302325581	0.744186046512	0.0	0.046511627907
ŋkǐ-	0.738786279683	0.0923482849604	0.0316622691293	0.137203166227
nàê-	0.823529411765	0.0392156862745	0.0	0.137254901961
rɔ̂-	0.00981026064079	0.708590666875	0.27022808856	0.0113709839245
sef-	0.245901639344	0.622950819672	0.0	0.131147540984
jik-	0.355195433385	0.609785298535	0.0250137629144	0.0100055051658
vɛ̀-	0.396437660586	0.479155096336	0.0502493088317	0.0741579342459
yiê-	0.130074007625	0.748822605965	0.00897062121552	0.112132765194
làn-	0.322377070093	0.164038245712	0.120810744614	0.392773939581
sàl-	0.0276122656591	0.958436273797	0.00523179770383	0.0087196628397
jie-	0.930116472546	0.0499168053245	0.0	0.0199667221298
nnæ-	0.392156862745	0.0588235294116	0.166666666667	0.382352941177
lwɔ-	0.420358152686	0.528746465599	0.0339302544769	0.0169651272384
kpo-	0.0780827212989	0.863161963664	0.0092771550058	0.0494781600309
wɛb-	0.181099466814	0.688545688546	0.0825519396948	0.0478029049458
kel-	0.622702041788	0.338831841937	0.01098259016	0.0274835261148
àga-	0.0357142857143	0.964285714286	0.0	0.0
izr-	0.024302213667	0.93864292589	0.00409047160732	0.0329643888354
nèɔ-	0.264270613108	0.662790697675	0.00951374207188	0.0634249471458
pɔ̂-	0.0305534304127	0.913312542953	0.00262581205669	0.0535082145775
lɔʼ-	0.215999671886	0.0834025449363	0.056774021553	0.643823761625
nlɛ-	0.377105179398	0.426683317361	0.092407874758	0.103803628483
zwô-	0.12868708495	0.155152998095	0.0167758020641	0.699384114891
kòs-	0.0	1.0	0.0	0.0
pæs-	0.652291105121	0.1051212938	0.0889487870619	0.153638814016
ǹnò-	0.455064935065	0.420779220779	0.0758441558441	0.0483116883117
ìdù-	0.0	1.0	0.0	0.0
ǹgà-	0.0980685425297	0.826007424544	0.0488083068812	0.0271157260451
àzɔ-	0.063829787234	0.893617021277	0.0425531914894	0.0
klì-	0.0	0.804705882353	0.195294117647	0.0
cìè-	0.711111111111	0.244444444444	0.0	0.0444444444444
lwu-	0.129219549303	0.670280613842	0.142625676026	0.0578741608291
plê-	0.0753532182103	0.870823054497	0.0188383045526	0.0349854227405
daʼ-	0.0	0.824561403509	0.175438596491	0.0
sòp-	0.0888888888889	0.888888888889	0.0222222222222	0.0
pàs-	0.0483870967742	0.91935483871	0.0	0.0322580645161
gàr-	0.00385356454722	0.993577392421	0.00256904303147	0.0
kàp-	0.03146374829	0.960328317373	0.00205198358413	0.00615595075239
ǹkè-	0.557947019868	0.168874172185	0.0745033112583	0.198675496689
ɓwû-	0.3973727422	0.47619047619	0.0689655172413	0.0574712643678
àmɛ-	0.00565704183854	0.119622863877	0.00282852091927	0.871891573365
mɔk-	0.199872286079	0.194976585781	0.574925500213	0.0302256279268
nje-	0.224958030218	0.759932848349	0.0134303301623	0.00167879127029
fæʼ-	0.154782608696	0.813913043478	0.0260869565217	0.00521739130434
ǹyw-	0.327756104925	0.433439733358	0.170604195882	0.0681999658355
mby-	0.152672076805	0.388773481482	0.0745252439812	0.384029197732
ǹsa-	0.0887299532268	0.365244540145	0.438734695838	0.107290810789
ǹyè-	0.382138750479	0.166730548103	0.186661556152	0.264469145266
ɓɔs-	0.739777902586	0.120791187281	0.108601965178	0.0308289449539
àma-	0.181212121212	0.335151515151	0.338181818182	0.145454545455
wuì-	0.764192139738	0.197598253275	0.0	0.0382096069869
shê-	0.55069867431	0.22118714917	0.0358294518094	0.19228472471
njô-	0.300835654596	0.448467966574	0.225626740947	0.025069637883
ǹyæ-	0.245454545454	0.481818181818	0.254545454545	0.0181818181818
èlî-	0.0109964093357	0.984964093357	0.0	0.004039497307
ǹnà-	0.21897810219	0.518248175182	0.109489051095	0.153284671533
fyû-	0.0422535211268	0.845070422535	0.112676056338	0.0
ɓlɔ-	0.483658242913	0.247315233051	0.248126057029	0.0209004670068
sɔ̂-	0.0537244412205	0.919662692116	0.00816067461577	0.0184521920479
nyɛ-	0.0380778173145	0.337368216121	0.0195357851312	0.605018181434
cìʼ-	0.141854395256	0.783645440032	0.0420647188506	0.0324354458607
tòɔ-	0.148148148148	0.314814814815	0.296296296296	0.240740740741
zar-	0.0	1.0	0.0	0.0
fyǔ-	1.0	0.0	0.0	0.0
kwè-	0.579710144928	0.289855072464	0.0434782608696	0.0869565217391
pwò-	0.166666666667	0.240740740741	0.481481481482	0.111111111111
flì-	0.0122699386503	0.907975460123	0.079754601227	0.0
ǹkw-	0.141314004265	0.78026075005	0.0495882050644	0.028837040621
lìk-	0.132352941176	0.75	0.117647058824	0.0
loi-	0.65280236575	0.269455439964	0.0368985340044	0.0408436602815
jen-	0.177452176958	0.0536654380734	0.0456275642077	0.723254820761
kìi-	0.906241087289	0.0576877656179	0.0118997598659	0.0241713872277
kàf-	0.0541864380836	0.866829940303	0.0679626511557	0.0110209704577
tam-	0.0	1.0	0.0	0.0
ŋ̀k-	0.176094128775	0.623570125733	0.067977358486	0.132358387005
ɓlà-	0.0601496711297	0.0674926179949	0.00656178230506	0.86579592857
ràh-	0.0275862068965	0.972413793103	0.0	0.0
ǹlǎ-	0.420529801324	0.559602649007	0.0198675496689	0.0
lɛm-	0.587698983448	0.336125399186	0.0	0.0761756173667
ɓaì-	0.246153846154	0.630769230769	0.0615384615385	0.0615384615385
ǹsh-	0.312945359723	0.531534083539	0.092086687348	0.0634338693899
kwǔ-	0.328691388932	0.427189276587	0.095903092891	0.14821624159
ǹki-	0.110372472659	0.636728852249	0.113899276887	0.138999398204
flɔ-	0.114532945903	0.782198747419	0.0834731639629	0.0197951427151
ɓlî-	0.938775510204	0.0612244897959	0.0	0.0
nɗɔ-	0.557281332542	0.221909082867	0.110404792296	0.110404792296
tòe-	0.246284501061	0.502335456476	0.0840764331211	0.167303609342
kìâ-	0.356389214537	0.349355216882	0.175849941383	0.118405627198
sùz-	0.0923076923077	0.876923076923	0.0307692307692	0.0
làs-	0.0	1.0	0.0	0.0
àmà-	0.0	1.0	0.0	0.0
wum-	0.4213613764	0.364166398397	0.153449940981	0.0610222842223
tim-	0.285237698082	0.500417014179	0.161801501251	0.0525437864887
pwǐ-	0.675675675676	0.0540540540541	0.108108108108	0.162162162162
shi-	0.141094778421	0.17744835121	0.0690241819638	0.612432688405
kwi-	0.323412009719	0.401596667824	0.0758417216245	0.199149600833
sùl-	0.546686206881	0.269243200404	0.0777033458928	0.106367246822
èlo-	0.00487804878049	0.975609756098	0.0	0.019512195122
mɓɔ-	0.315708418891	0.39476386037	0.189425051335	0.100102669405
lèɔ-	0.199977145469	0.464061250143	0.32396297566	0.0119986287282
yùn-	0.0333333333333	0.966666666667	0.0	0.0
àbi-	0.0128205128205	0.910256410256	0.0769230769231	0.0
sɛm-	0.44715176365	0.279001271668	0.032150930972	0.24169603371
ɗɔe-	0.695652173913	0.195652173913	0.108695652174	0.0
èmè-	0.030303030303	0.772727272727	0.0	0.19696969697
jèn-	0.051391862955	0.948608137045	0.0	0.0
twò-	0.232394366197	0.640845070422	0.0739436619718	0.0528169014085
mɓu-	0.411214953271	0.392523364486	0.0280373831776	0.168224299065
ɗuâ-	0.409148665819	0.32750952986	0.100381194409	0.162960609911
zwo-	0.353110047847	0.512918660287	0.109090909091	0.0248803827751
èpà-	0.0123076923077	0.969230769231	0.0123076923077	0.00615384615383
ɗwô-	0.310954063604	0.286219081272	0.402826855124	0.0
ɗwi-	0.597477805868	0.243488741255	0.0339526133224	0.125080839555
ywo-	0.633895654789	0.207860472109	0.0168997143287	0.141344158773
àsh-	0.0	1.0	0.0	0.0
kɛè-	0.486565090679	0.330555849176	0.0360418585687	0.146837201576
wòâ-	0.123123123123	0.57957957958	0.297297297297	0.0
ciʼ-	0.121036629506	0.852758071522	0.00506732300564	0.0211379759664
paʼ-	0.171642896303	0.330709888974	0.179014350561	0.318632864162
rɛ̀-	0.0	1.0	0.0	0.0
tea-	0.618791946309	0.336912751678	0.0442953020134	0.0
lùl-	0.115384615385	0.853846153846	0.0307692307692	0.0
mòî-	0.0605434585922	0.92588515592	0.00316665661379	0.0104047288739
ɗæn-	0.259876249405	0.605901951452	0.0999524036174	0.0342693955259
bàr-	0.0138833436173	0.9678699762	0.00515667048642	0.0130900096963
lòn-	0.174619439018	0.759455972872	0.039954295824	0.0259702922856
weâ-	0.527559055118	0.165354330709	0.0472440944882	0.259842519685
gàd-	0.0344827586207	0.931034482759	0.0344827586207	0.0
cɛè-	0.36977676016	0.374356038924	0.171722953635	0.084144247281
twɔ-	0.515964325904	0.314231008247	0.0901929827508	0.0796116830985
ŋke-	0.199736321688	0.763678312459	0.0197758734344	0.0168094924192
kiê-	0.540225005307	0.265018042878	0.0382084483125	0.156548503502
ǹɗì-	0.487603305785	0.438016528926	0.0743801652893	0.0
jij-	0.641445511011	0.242236024845	0.0830039525692	0.0333145115754
hwi-	0.552589768033	0.281537972672	0.0381315538608	0.127740705434
mbù-	0.495798319328	0.378151260504	0.0420168067226	0.0840336134454
ùrb-	0.0	1.0	0.0	0.0
nàʼ-	0.300113250283	0.573801434504	0.0958852397131	0.0302000755002
rùf-	0.0322580645161	0.935483870968	0.0322580645161	0.0
kɛ̀-	0.547212862854	0.143754916649	0.0244119911751	0.284620229321
wai-	0.16476070277	0.0632700491754	0.0277968032137	0.744172444841
ɗɛl-	0.118421052632	0.552631578947	0.276315789474	0.0526315789474
nòe-	0.444582350751	0.402755368003	0.00744694054858	0.145215340697
tòè-	0.5	0.0	0.0	0.5
aky-	0.822810590631	0.140529531568	0.0183299389002	0.0183299389002
làò-	0.0	1.0	0.0	0.0
grù-	0.323248407643	0.609872611465	0.0334394904458	0.0334394904459
twu-	0.434877802783	0.280538536361	0.224502614794	0.0600810460613
nza-	0.803607567092	0.149406071271	0.0200615926089	0.0269247690277
kyî-	0.613202933985	0.324694376528	0.0112469437653	0.0508557457213
kpɔ-	0.178041543027	0.724035608309	0.093471810089	0.00445103857567
lɛ̀-	0.00468790683506	0.00209443258842	0.00101268691666	0.99220497366
ɗwu-	0.320133578612	0.590803330492	0.0556363892753	0.033426701621
màz-	0.0520077182235	0.0227758367101	0.0143844937464	0.91083195132
teà-	0.374331550802	0.160427807487	0.0641711229947	0.401069518717
gbu-	0.395301558618	0.478201942625	0.126496498758	0.0
àgr-	0.0536013400335	0.917922948074	0.0134003350084	0.0150753768844
ǹyò-	0.587155963303	0.316513761468	0.0183486238532	0.0779816513761
kɔʼ-	0.62368028678	0.256053407823	0.0363191367261	0.0839471686709
ǹgw-	0.214200578887	0.552170690546	0.177099652174	0.0565290783924
ǹtò-	0.895011236698	0.0945782933439	0.00433769581599	0.00607277414238
ntò-	0.446903312045	0.325857715729	0.227238972226	0.0
mîr-	0.0196078431373	0.960784313726	0.0196078431372	0.0
swɔ-	0.55762260371	0.163585357531	0.0364898078565	0.242302230902
sòs-	0.025641025641	0.961538461538	0.0128205128205	0.0
le--	0.280466747226	0.249417562187	0.0	0.470115690587
pàt-	0.0380281690141	0.953521126761	0.0	0.00845070422534
lɛb-	0.455247440856	0.424961390753	0.0435976984789	0.0761934699121
seà-	0.62874251497	0.287425149701	0.0	0.0838323353293
mpæ-	0.497904442582	0.277451802179	0.194467728416	0.0301760268231
jud-	0.0193391198416	0.964062737932	0.00197959494442	0.0146185472819
kɔe-	0.65012999255	0.257886974899	0.00592948474298	0.0860535478084
kòr-	0.0865084613456	0.872347270453	0.0221546059544	0.0189896622466
shě-	0.454680534918	0.219910846954	0.249628528975	0.075780089153
nyi-	0.0411301166667	0.0932855694125	0.0348785424848	0.830705771436
ǹwe-	0.0641711229947	0.326203208556	0.609625668449	0.0
ndò-	0.0701859628074	0.883023395321	0.0467906418716	0.0
cie-	0.60660077761	0.126613836702	0.0624699492476	0.204315436441
kɔs-	0.294117647059	0.62443438914	0.0814479638009	0.0
myi-	0.0984365799366	0.641186110331	0.0671656987836	0.193211610949
nyæ-	0.124377403057	0.742983373383	0.0977764555826	0.034862767977
cìe-	0.602168107601	0.176891403579	0.0360944797395	0.184846009081
mùk-	0.634252539913	0.365747460087	0.0	0.0
mpw-	0.0866209262436	0.240994854202	0.631217838765	0.041166380789
sak-	0.106634035486	0.722401887947	0.0943973428896	0.0765667336771
èvò-	0.206896551724	0.793103448276	0.0	0.0
pim-	0.71875	0.239583333333	0.0208333333333	0.0208333333333
swe-	0.550835654596	0.355153203343	0.0940111420612	0.0
ŋgy-	0.0760632336643	0.745332846509	0.0380750595341	0.140528860293
ǹŋg-	0.384861849197	0.359228094339	0.215596469958	0.0403135865059
màt-	0.020091646105	0.979908353895	0.0	0.0
mgb-	0.240479502124	0.411561165433	0.248156632861	0.0998026995825
nlì-	0.26112100999	0.578828074236	0.0885061322287	0.0715447835445
ǹdò-	0.602803738318	0.214953271028	0.154205607477	0.0280373831776
ǹwǒ-	0.293333333333	0.466666666667	0.24	0.0
zwù-	0.317696809552	0.588632824313	0.0564865769587	0.0371837891772
lid-	0.0561797752809	0.898876404494	0.0	0.0449438202247
gòm-	0.0	0.994791666667	0.0	0.00520833333333
pùt-	0.430668841762	0.275693311582	0.234910277325	0.0587275693312
tîr-	0.00344827586207	0.996551724138	0.0	0.0
fyì-	0.316998468606	0.53573251659	0.12787136294	0.0193976518632
sæn-	0.243440627536	0.380308358128	0.271571544495	0.10467946984
ònɛ-	0.036036036036	0.945945945946	0.018018018018	0.0
ndà-	0.331939163498	0.504562737643	0.100380228137	0.0631178707224
yòe-	0.737704918033	0.139344262295	0.0	0.122950819672
ncǐ-	0.31057603362	0.455907667992	0.147429810643	0.0860864877448
zàk-	0.0530191458027	0.844940037871	0.0195665895224	0.0824742268041
gwu-	0.740746359223	0.182266383495	0.0235133495146	0.053473907767
njǐ-	0.0548098434004	0.918344519016	0.0268456375839	0.0
lɛl-	0.803027166594	0.107411204829	0.0154322098791	0.074129418698
kàe-	0.388719512195	0.565548780488	0.0457317073171	0.0
mvǔ-	0.166666666667	0.75	0.0833333333333	0.0
jiê-	0.652631578947	0.252631578947	0.0473684210526	0.0473684210526
mǔʼ-	0.282296650718	0.258373205742	0.459330143541	0.0
nyè-	0.369942942256	0.10935969835	0.0273267303508	0.493370629043
amì-	0.0	1.0	0.0	0.0
fɔʼ-	0.107524372558	0.14242923576	0.19076419247	0.559282199213
ɗyǐ-	0.222972972973	0.601351351351	0.175675675676	0.0
mli-	0.0184950135993	0.676772438803	0.0282864913871	0.27644605621
blà-	0.166666666667	0.785714285714	0.047619047619	0.0
kyɔ-	0.10030938423	0.832469396478	0.0397057979242	0.0275154213685
èzè-	0.0	1.0	0.0	0.0
ǹzi-	0.202809048483	0.746115784096	0.0463431277411	0.00473203968055
pùz-	0.0	1.0	0.0	0.0
nam-	0.0288398514311	0.509722525672	0.461437622897	0.0
ywù-	0.554966887417	0.27417218543	0.0437086092715	0.127152317881
jæ̀-	0.0	0.771144278607	0.228855721393	0.0
ndɔ-	0.0174578789	0.109903277694	0.0336368561164	0.83900198729
àgà-	0.0727272727272	0.927272727273	0.0	0.0
yeà-	0.81673715764	0.120436907157	0.020941978401	0.041883956802
won-	0.295129597064	0.420444988149	0.220200321125	0.0642250936616
sìn-	0.0373134328358	0.94776119403	0.0	0.0149253731343
fyo-	0.626712178496	0.135822197732	0.110330470986	0.127135152786
kon-	0.314589987443	0.293585963055	0.125336123534	0.266487925968
dàn-	0.119402985075	0.462686567164	0.298507462687	0.119402985075
cìɔ-	0.363166953528	0.28743545611	0.106712564544	0.242685025818
ɓɔʼ-	0.700514391173	0.171987277653	0.0401303647858	0.0873679663879
ɓæn-	0.557071925905	0.205301750869	0.0669513625741	0.170674960651
gwò-	0.0559440559441	0.916083916084	0.027972027972	0.0
yàk-	0.000839278220732	0.997482165338	0.00167855644146	0.0
ɓiì-	0.509554140127	0.324840764331	0.0891719745223	0.0764331210191
èbê-	0.0	1.0	0.0	0.0
yèk-	0.399069767442	0.578604651163	0.0167441860465	0.00558139534883
ɓìn-	0.0990099009901	0.712871287129	0.0792079207921	0.108910891089
gwà-	0.471547694066	0.27199320017	0.173366355496	0.0830927502674
tæʼ-	0.136200716846	0.542652329749	0.243727598566	0.0774193548387
yes-	0.00838622214486	0.719849018792	0.0034313221751	0.268333436888
gân-	0.0947986577181	0.822147651007	0.0830536912751	0.0
kpi-	0.51839925479	0.349631633116	0.0776288894674	0.0543402226272
sàb-	0.00473933649289	0.995260663507	0.0	0.0
ǹyi-	0.314445231383	0.541534911521	0.0541622762024	0.0898575808931
læl-	0.290540540541	0.668918918919	0.0405405405405	0.0
mɛw-	0.0230769230769	0.803846153846	0.0230769230769	0.15
kan-	0.160443273817	0.0559989192278	0.0120474935289	0.771510313426
yea-	0.850509626274	0.0985277463193	0.0237825594564	0.0271800679501
sèr-	0.0	1.0	0.0	0.0
hwù-	0.413250399304	0.413782804607	0.14024334818	0.0327234479087
rèj-	0.0232558139535	0.976744186047	0.0	0.0
zòr-	0.0	1.0	0.0	0.0
ɓyo-	0.0455392871831	0.096140575859	0.0364964788311	0.821823658127
ǹdi-	0.312940009916	0.123549826475	0.129796727814	0.433713435796
ŋgù-	0.820933165195	0.134930643127	0.0264817150063	0.0176544766709
fya-	0.2122251849	0.254939091083	0.0282535482436	0.504582175774
ɓon-	0.0511826649314	0.024472274443	0.00214567212182	0.922199388504
naì-	0.603174603175	0.365079365079	0.0	0.031746031746
krɛ-	0.00496688741721	0.980132450331	0.00496688741721	0.00993377483445
kpɛ-	0.0875935863997	0.180954815829	0.158932692849	0.572518904922
mbæ-	0.34100135318	0.632427112806	0.026571534014	0.0
ìsk-	0.0	1.0	0.0	0.0
ŋgh-	0.178571428571	0.702380952381	0.0714285714286	0.047619047619
ɓya-	0.106932958209	0.129117523379	0.0328525801478	0.731096938265
òbɛ-	0.3	0.7	0.0	0.0
gàb-	0.0	1.0	0.0	0.0
sòd-	0.00943995346351	0.985840069805	0.00471997673176	0.0
sèd-	0.056338028169	0.943661971831	0.0	0.0
ɓwù-	0.17310807907	0.328999906608	0.198791236721	0.299100777601
àpe-	0.0322580645161	0.935483870968	0.0322580645161	0.0
swɛ-	0.347670875054	0.484283848498	0.0515454941228	0.116499782325
ǹyu-	0.480648064807	0.265526552655	0.0864086408641	0.167416741674
sǎʼ-	0.0	0.95652173913	0.0434782608696	0.0
wòs-	0.417309822699	0.41471641219	0.103671308155	0.0643024569567
kwî-	0.692870201097	0.219378427788	0.0219378427788	0.0658135283364
ɗil-	0.784090909091	0.181818181818	0.0340909090909	0.0
èlè-	0.0	1.0	0.0	0.0
shè-	0.474004483826	0.248638838476	0.121703853955	0.155652823743
yæ̀-	0.710557795401	0.157857427673	0.0711089451066	0.0604758318195
sal-	0.0	0.946428571429	0.0	0.0535714285714
mbe-	0.204579025111	0.711225997046	0.0620384047268	0.0221565731167
nsɛ-	0.176072234763	0.593679458239	0.196388261851	0.0338600451467
gho-	0.415602383993	0.471583652618	0.0255427841635	0.0872711792252
ǹky-	0.19192512122	0.561808686261	0.188610944421	0.0576552480977
sul-	0.86270691334	0.0613437195715	0.0438169425511	0.0321324245375
ìtù-	0.0	1.0	0.0	0.0
lìm-	0.802758548372	0.101607174747	0.0297190166095	0.0659152602719
pyi-	0.410231682395	0.43012789603	0.0787582374687	0.080882184106
nsh-	0.216460981742	0.296036267328	0.200279383582	0.287223367348
ɗæm-	0.342292667124	0.47353431147	0.078444064673	0.105728956733
mfu-	0.166666666667	0.569444444444	0.25	0.0138888888889
pæʼ-	0.456149301826	0.247663802363	0.105263157895	0.190923737916
lae-	0.333333333333	0.575757575758	0.030303030303	0.0606060606061
mun-	0.085576419478	0.0146675205768	0.00368934293327	0.896066717012
ncɛ-	0.223076923077	0.553846153846	0.176923076923	0.0461538461538
kìe-	0.773351382711	0.111777219107	0.0361632179462	0.0787081802359
yæt-	0.707037643208	0.13093289689	0.024549918167	0.137479541735
yìʼ-	0.152673297319	0.483818851921	0.0508910991064	0.312616751654
bàl-	0.0336054631341	0.95679297597	0.0	0.00960156089546
pæm-	0.0	0.833333333333	0.12962962963	0.037037037037
dɛ̂-	0.0090909090909	0.986363636364	0.0	0.00454545454545
kèâ-	0.404761904762	0.595238095238	0.0	0.0
ǹjì-	0.0963627775153	0.817430325933	0.0240906943789	0.0621162021729
nèâ-	0.571906354515	0.076923076923	0.301003344482	0.0501672240803
njè-	0.0904633652759	0.892225165169	0.0106243675972	0.00668710195822
mìt-	0.0	0.961538461538	0.0	0.0384615384616
bòz-	0.0487804878049	0.951219512195	0.0	0.0
mɓw-	0.188599678454	0.48908523119	0.259485771771	0.0628293185846
kwo-	0.112450816001	0.168030664969	0.0479001958013	0.671618323229
sèm-	0.0	1.0	0.0	0.0
ŋæ̀-	0.0418118466899	0.707317073171	0.234146341463	0.016724738676
sho-	0.117763160309	0.0412636555034	0.0132751978603	0.827697986327
bèr-	0.094476744186	0.828488372093	0.0	0.0770348837209
fɔk-	0.415730337079	0.344034242911	0.032102728732	0.208132691279
nàh-	0.0	1.0	0.0	0.0
nyǐ-	0.32696272005	0.055674766572	0.00664301192053	0.610719501458
woo-	0.204081632653	0.714285714286	0.0408163265306	0.0408163265306
ɓæ̀-	0.245874906126	0.699452848407	0.0283875120695	0.0262847333977
sìm-	0.0790201651052	0.869669761244	0.0309584036108	0.0203516700397
ɗwò-	0.0853800564197	0.834959496881	0.0490695928984	0.0305908538006
ŋgè-	0.368715083799	0.402234636872	0.117318435754	0.111731843575
èmô-	0.0	0.954545454545	0.0454545454545	0.0
ŋ̀ŋ-	0.161073825503	0.436241610738	0.0	0.402684563758
m̀k-	0.358837254521	0.389655842893	0.173731285242	0.077775617344
ndɛ-	0.160413963755	0.803579858474	0.0101712366586	0.0258349411128
twæ-	0.462959602153	0.428775902912	0.0628965161054	0.0453679788301
ywi-	0.331501378451	0.361847344314	0.214026579389	0.0926246978457
sàs-	0.199052132701	0.170616113744	0.601895734597	0.0284360189573
mon-	0.011288956981	0.967100753941	0.00435431197839	0.0172559770995
àrô-	0.0	0.990740740741	0.00925925925926	0.0
bàb-	0.0755865695571	0.785223527966	0.0608379706191	0.0783519318579
ǹsù-	0.707317073171	0.146341463415	0.121951219512	0.0243902439024
man-	0.279064148512	0.565497523457	0.0962429025893	0.059195425442
dìò-	0.121212121212	0.757575757576	0.060606060606	0.0606060606061
wɛ̀-	0.493695331137	0.354083835056	0.11518800409	0.0370328297171
læm-	0.245050904977	0.413602941176	0.0893665158371	0.251979638009
lwù-	0.36237488626	0.395586897179	0.0527752502275	0.189262966333
mɛʼ-	0.257971957213	0.413884100907	0.0945921283205	0.23355181356
yus-	0.562109636663	0.298075326979	0.0550901637824	0.0847248725757
kiì-	0.607765264545	0.0251686280908	0.0148555873753	0.352210519988
sea-	0.263599402789	0.283690391639	0.153264978088	0.299445227483
fiê-	0.830508474576	0.101694915254	0.0	0.0677966101695
ɓìm-	0.765578635015	0.181008902077	0.0178041543027	0.0356083086053
wus-	0.297872340426	0.404255319149	0.234042553192	0.063829787234
lài-	0.897435897436	0.0512820512821	0.0	0.0512820512821
mɓæ-	0.361449733242	0.361211290274	0.0900122202021	0.187326756281
èrm-	0.0	1.0	0.0	0.0
jûd-	0.0384615384616	0.923076923077	0.0192307692308	0.0192307692308
ɗɛb-	0.0341593731351	0.85145139354	0.0835054165183	0.0308838168071
ɗui-	0.477987421384	0.522012578616	0.0	0.0
ɓòò-	0.409523809524	0.485714285714	0.0857142857143	0.0190476190476
èfr-	0.0128205128205	0.987179487179	0.0	0.0
ǹgæ-	0.453106019352	0.348887864952	0.183428978344	0.0145771373518
wak-	0.381529460928	0.288340994567	0.277475971584	0.0526535729211
ntâ-	0.0434782608696	0.054347826087	0.29347826087	0.608695652174
ɓùn-	0.616221255438	0.293660658794	0.0466128029832	0.0435052827844
fàr-	0.0112402362355	0.977964056646	0.0011430748714	0.0096526322474
kyà-	0.542775665399	0.31463878327	0.096958174905	0.0456273764259
ànt-	0.0358418229285	0.923280726128	0.01688416452	0.0239932864232
jùd-	0.00219762331108	0.991942047859	0.00537196809376	0.000488360735795
ywu-	0.152425718235	0.483600592603	0.0240344412611	0.339939247901
bɛ̀-	0.0814597588792	0.884327142392	0.0241120886282	0.010101010101
twi-	0.285655143863	0.65431587663	0.0217346305113	0.0382943489961
swu-	0.228684800855	0.275425198577	0.0355984802323	0.460291520336
kì--	0.103978052745	0.380532870945	0.057875614544	0.457613461765
ŋgi-	0.139337198128	0.609405710388	0.235297764826	0.0159593266578
màd-	0.0	1.0	0.0	0.0
cǐn-	0.0	0.90625	0.09375	0.0
mar-	0.00947867298577	0.981042654028	0.00947867298578	0.0
kèa-	0.22691292876	0.452066842568	0.1890941073	0.131926121372
àmp-	0.0	1.0	0.0	0.0
noâ-	0.448412698413	0.305555555556	0.0	0.246031746032
ǹsw-	0.283655656344	0.451373734519	0.185810487993	0.079160121144
nɗì-	0.101173020528	0.821847507331	0.041788856305	0.0351906158358
ǹkǐ-	0.5	0.106666666667	0.273333333333	0.12
fɛâ-	0.711032546532	0.197358843714	0.0346261828013	0.0569824269523
ɗyɛ-	0.30457021943	0.232909578633	0.436528432663	0.0259917692731
mwǔ-	0.2296151538	0.492329235078	0.0426239093973	0.235431701725
mpà-	0.0237288135593	0.95593220339	0.0203389830508	0.0
ɛrs-	0.0	1.0	0.0	0.0
tàb-	0.168918918919	0.790540540541	0.0135135135135	0.027027027027
kɛ̌-	0.481901416047	0.238888810804	0.0550671852343	0.224142587915
kwù-	0.175256350207	0.614481033008	0.0492305759983	0.161032040786
ɗuê-	0.585139318885	0.393188854489	0.0216718266254	0.0
hɛ̀-	0.0232558139535	0.135658914729	0.0755813953488	0.765503875969
bla-	0.294375	0.463125	0.0875	0.155
nǒn-	0.0906241482693	0.698282910875	0.0561460888526	0.154946852003
gbù-	0.04	0.84	0.12	0.0
vìʼ-	0.111111111111	0.814814814815	0.0185185185185	0.0555555555556
pùd-	0.0	1.0	0.0	0.0
waʼ-	0.720662300526	0.0383482458568	0.00295175721797	0.238037696399
swi-	0.216309496292	0.293877731074	0.0478401119551	0.441972660679
ǹlì-	0.165696659892	0.731764899099	0.0662427377799	0.0362957032292
ànd-	0.0159786950732	0.974700399467	0.00266311584554	0.00665778961385
fyî-	0.832861189802	0.0849858356941	0.0410764872521	0.0410764872521
lib-	0.469713820697	0.478377865184	0.0341353587413	0.0177729553777
ɓoâ-	0.148648648649	0.472972972973	0.297297297297	0.0810810810811
wòl-	0.272330845918	0.125970822733	0.168477825708	0.433220505641
