-hep	0.335877862596	0.562340966921	0.101781170483	0.0
-hem	0.0	0.997194950912	0.0	0.00280504908836
-imâ	0.344033318943	0.168308911293	0.0694567894964	0.418200980268
-euk	0.716814159292	0.0530973451326	0.230088495575	0.0
-sko	0.01924001924	0.962481962482	0.015392015392	0.00288600288601
-eua	0.0	1.0	0.0	0.0
-lem	0.167371305161	0.635685519738	0.0605467043303	0.136396470772
-aut	0.224656516896	0.591162272559	0.026735982176	0.15744522837
-uâi	0.335487077535	0.373260437376	0.0347912524851	0.256461232604
-âkâ	0.221301360402	0.167112972118	0.073575313084	0.538010354396
-oyi	0.514011422903	0.260321298212	0.0484752671673	0.177192011717
-ŋbe	0.494341083252	0.184081342509	0.0700060664481	0.251571507792
-biâ	0.358787501385	0.192559014188	0.0515858312399	0.397067653188
-aum	0.0049710024855	0.982601491301	0.0	0.0124275062138
-ŋbi	0.487005649718	0.359322033898	0.0621468926554	0.0915254237288
-utâ	0.0324517885785	0.761087694431	0.0683228269113	0.138137690079
-naŋ	0.116681643522	0.704919207678	0.107612836359	0.0707863124411
-pup	0.218943276197	0.335377275137	0.134829475172	0.310849973494
-nto	0.0136674259681	0.986332574032	0.0	0.0
-eâi	0.338404926901	0.490387475624	0.115680809105	0.0555267883702
-dâm	0.0163270726116	0.00753708685298	0.0011618431101	0.974973997425
-uak	0.245264207378	0.519441674975	0.199401794616	0.0358923230309
-dân	0.416077384776	0.250021766733	0.047309169922	0.286591678569
-dâi	0.471872905476	0.236432338971	0.0357659766676	0.255928778886
-kia	0.0186915887851	0.953660436137	0.00700934579439	0.0206386292835
-dâk	0.148218651972	0.468310253933	0.101105664293	0.282365429802
-siŋ	0.499073524101	0.152003220466	0.056634415965	0.292288839468
-dât	0.491702982412	0.230761632501	0.0727783059966	0.20475707909
-wat	0.564083140003	0.231286397424	0.0312485204299	0.173381942143
-dâp	0.369196006678	0.225064376173	0.0531569227594	0.352582694389
-pum	0.250460405156	0.600368324125	0.0939226519337	0.0552486187846
-pun	0.413578200848	0.0849568865707	0.0428310721483	0.458633840433
-pui	0.0	1.0	0.0	0.0
-eân	0.289693339793	0.565074759805	0.0286388467566	0.116593053645
-arâ	0.283018867925	0.66320754717	0.0424528301886	0.011320754717
-ŋŋe	0.107562296162	0.663737287727	0.162178879553	0.0665215365583
-opo	0.00143884892086	0.955395683453	0.0	0.0431654676258
-ope	0.172284031414	0.757362565445	0.0265052356021	0.0438481675393
-opa	0.329491400674	0.385331229666	0.195343483657	0.0898338860027
-dek	0.440731966343	0.559268033657	0.0	0.0
-dem	0.643229082441	0.281383615253	0.0423008506097	0.0330864516964
-den	0.124506473233	0.195690080961	0.00558651201586	0.67421693379
-400	0.376623376623	0.116883116883	0.012987012987	0.493506493506
-ima	0.0294117647059	0.93837535014	0.0	0.032212885154
-oko	0.166881559565	0.605020291795	0.0960948547094	0.132003293931
-det	0.528097345133	0.326769911504	0.0508849557522	0.0942477876107
-aka	0.0107269802865	0.946963118374	0.0323678220493	0.00994207928995
-imi	0.0	0.975	0.025	0.0
-nae	0.045045045045	0.954954954955	0.0	0.0
-oka	0.207792207792	0.714285714286	0.0519480519481	0.025974025974
-pâŋ	0.226781857451	0.212742980562	0.314254859611	0.246220302376
-yaŋ	0.32328106152	0.45958986731	0.0289505428227	0.188178528347
-wuŋ	0.691852994089	0.216396813159	0.0467746080699	0.0449755846825
-ido	0.0801526717557	0.763358778626	0.0229007633588	0.133587786259
-goŋ	0.459026400122	0.298336639707	0.242636960171	0.0
-obo	0.00688924218336	0.97191308956	0.00211976682565	0.0190779014308
-bip	0.115432708128	0.15570911484	0.0144784468575	0.714379730175
-idi	0.0319532726336	0.961862222986	0.00206150146023	0.00412300292046
-oba	0.0	1.0	0.0	0.0
-ida	0.0287846481876	0.964818763326	0.0	0.00639658848613
-bia	0.132205513784	0.826441102757	0.0413533834586	0.0
-bin	0.294117647059	0.638344226579	0.0511982570806	0.016339869281
-bim	0.139504916249	0.789876348072	0.0223810310693	0.0482377046105
-moŋ	0.0181208370731	0.976852945345	0.00198403325618	0.00304218432613
-430	0.553191489362	0.0425531914894	0.0	0.404255319149
-tep	0.0624187256177	0.781534460338	0.14044213264	0.0156046814044
-100	0.10292249047	0.0266836086404	0.00762388818297	0.862770012707
-uta	0.0	1.0	0.0	0.0
-tet	0.371412405403	0.463031331777	0.032675578188	0.132880684631
-teu	0.184014765926	0.671178477543	0.066670395436	0.0781363610941
-ria	0.0210111508811	0.907127615639	0.0156766244493	0.0561846090308
-rio	0.0	0.989795918367	0.0	0.0102040816326
-rim	0.485509429891	0.042940731079	0.00198250234567	0.469567336684
-rik	0.355044257044	0.131381193048	0.0783737322795	0.435200817628
-maŋ	0.271901164641	0.473930355368	0.153683266971	0.10048521302
-rip	0.257878056686	0.555155400295	0.0436489357871	0.143317607232
-utu	0.134285221845	0.772290301306	0.00354679129342	0.0898776855548
-tek	0.204752727886	0.242345875061	0.333249125612	0.219652271441
-tem	0.389148366656	0.204031465093	0.0221238938053	0.384696274446
-ten	0.263758839723	0.196920971826	0.0444137492745	0.494906439177
-teo	0.0153327200245	0.932484922825	0.0	0.0521823571502
-are	0.0373195117453	0.0100803715255	0.00550996210687	0.947090154622
-nmâ	0.216341499949	0.0754939280574	0.023315874229	0.684848697765
-ara	0.0646555435025	0.718012294024	0.172099109802	0.0452330526715
-pge	0.280570157635	0.491789475097	0.0606007744786	0.167039592789
-eât	0.714285714286	0.285714285714	0.0	0.0
-aro	0.042248413418	0.889936536718	0.00652765185857	0.0612873980054
-ari	0.598693649854	0.180270300099	0.00832773134537	0.212708318701
-aru	0.0912777322884	0.770216789488	0.016376184349	0.122129293874
-lum	0.188372093023	0.674418604651	0.0953488372093	0.0418604651163
-lun	0.377380952381	0.352380952381	0.263095238095	0.00714285714286
-mem	0.122045819846	0.0166454669976	0.00215762155832	0.859151091598
-oen	0.383225666196	0.20643506224	0.0803568546192	0.329982416945
-alu	0.0324884614393	0.797849573267	0.160637392672	0.00902457262203
-aya	0.138728323699	0.687861271676	0.0	0.173410404624
-tŋe	0.202530835093	0.289111311121	0.0478578500811	0.460500003705
-ayi	0.361755497047	0.292397530776	0.0697359994307	0.276110972746
-ali	0.49194121883	0.162234310305	0.029360446662	0.316464024203
-auŋ	0.61702411083	0.238444118822	0.085919808179	0.0586119621687
-âru	0.0324324324325	0.454054054054	0.27027027027	0.243243243243
-ruŋ	0.311844077961	0.337331334333	0.190904547726	0.15992003998
-gon	0.235763594248	0.338096002569	0.104579960094	0.321560443089
-âre	0.231793394234	0.10576514331	0.0384666727021	0.623974789754
-mâk	0.316089869006	0.278009562187	0.101549644333	0.304350924474
-âro	0.0652631578947	0.924210526316	0.0105263157895	0.0
-mân	0.134331651304	0.722944346541	0.0825245332026	0.0601994689528
-ŋne	0.606163409511	0.250151635089	0.0801181554319	0.0635667999685
-ote	0.0112753695816	0.961162615886	0.0205462290153	0.00701578551741
-oti	0.0208333333333	0.9375	0.0416666666667	0.0
-âtâ	0.259735488611	0.644746509919	0.0811903012491	0.0143277002204
-oto	0.0133511348465	0.983311081442	0.0	0.0033377837116
-oŋe	0.142550416032	0.612707441629	0.0933844833535	0.151357658986
-kbe	0.228795220651	0.16958149274	0.0351140179181	0.566509268691
-ŋun	0.13430031317	0.329900280204	0.347605900775	0.188193505851
-umo	0.0534299769603	0.211234861489	0.154701081859	0.580634079692
-umi	0.0	0.836734693878	0.0	0.163265306122
-kbi	0.393548290669	0.352491278333	0.0646198249692	0.189340606029
-ako	0.00937426763535	0.96812749004	0.0224982423248	0.0
-nak	0.314714177616	0.109044632192	0.0333944105011	0.542846779691
ALL	0.220653083941	0.261284745503	0.0491529338554	0.468909236701
-nai	0.102272727273	0.882575757576	0.0	0.0151515151515
-nan	0.142003283807	0.680423677802	0.0695770134896	0.107996024901
-nao	0.112554112554	0.87012987013	0.0	0.017316017316
-aki	0.0	1.0	0.0	0.0
-nam	0.221898402627	0.32998856384	0.352381303722	0.0957317298115
-ake	0.0	0.973509933775	0.0264900662251	0.0
-taŋ	0.0	1.0	0.0	0.0
-kio	0.09900990099	0.886138613861	0.0049504950495	0.00990099009901
-kin	0.533333333333	0.233894500561	0.0397306397306	0.193041526375
-dâŋ	0.264454045697	0.078665204256	0.12037253387	0.536508216177
-ŋgâ	0.243131636414	0.230674487444	0.0967275111798	0.429466364962
-sik	0.207136824324	0.573268581081	0.173141891892	0.0464527027027
-sio	0.0333333333333	0.966666666667	0.0	0.0
-sim	0.415040456925	0.260352213232	0.13612565445	0.188481675393
-sia	0.00786463298379	0.982364156339	0.00285986653956	0.00691134413726
-puŋ	0.0508474576271	0.813559322034	0.135593220339	0.0
-wuk	0.45476361891	0.418046556276	0.127189824814	0.0
-nti	0.174914675768	0.613907849829	0.0102389078498	0.200938566553
-mot	0.0343988605638	0.622676664484	0.014950694499	0.327973780453
-gom	0.525437694283	0.115805586203	0.0306876702077	0.328069049306
-wun	0.405383238891	0.297121980316	0.0685952878019	0.228899492991
-wum	0.125004247351	0.229382730965	0.275445405499	0.370167616185
-mop	0.0530160718013	0.568357336673	0.359841369234	0.0187852222918
-mon	0.25080221383	0.163463805471	0.0942436412316	0.491490339467
-mom	0.371226323222	0.154375841976	0.10814830144	0.366249533363
-mok	0.556640625	0.353515625	0.06640625	0.0234375
-biŋ	0.169927333706	0.751816657351	0.0782560089435	0.0
-wut	0.709292412617	0.236999147485	0.0281329923273	0.0255754475703
-kau	0.0717833988862	0.203418371643	0.583420536692	0.14137769278
-hâk	0.224516813936	0.285399443065	0.0633535652993	0.4267301777
-âli	0.311246263485	0.317934237337	0.0611661029572	0.309653396221
-hân	0.104110212337	0.605437193012	0.00543787319374	0.285014721458
-âgu	0.337982832618	0.25965665236	0.386266094421	0.0160944206009
-deŋ	0.0	1.0	0.0	0.0
-yae	0.337488116616	0.419562691455	0.0507024400549	0.192246751875
-ârâ	0.201267988326	0.489584381604	0.264868672638	0.0442789574318
-bei	0.42109625296	0.268795324232	0.0800653171465	0.230043105662
-ben	0.379808530832	0.286544588932	0.0977241124099	0.235922767826
-âgi	0.539473684211	0.223684210526	0.0	0.236842105263
-bem	0.146694214876	0.685950413223	0.130165289256	0.0371900826446
-yam	0.284810126582	0.541139240506	0.174050632911	0.0
-âge	0.22736613982	0.398479243732	0.216306094235	0.157848522214
-yai	0.333216476775	0.340403155127	0.173882559159	0.15249780894
-ŋâk	0.295516250046	0.256381550306	0.139788749522	0.308313450125
-ŋâi	0.0155119488621	0.905579441709	0.0465358465864	0.0323727628428
-rek	0.349828902343	0.445380363254	0.0863385101342	0.11845222427
-upu	0.0	1.0	0.0	0.0
-ren	0.337354835233	0.271670304206	0.0413264893703	0.349648371191
-reo	0.0141732283465	0.971653543307	0.0141732283465	0.0
-rem	0.419369058289	0.227177219096	0.0558355496129	0.297618173002
-rea	0.00563321510536	0.978718965158	0.00312956394742	0.0125182557897
-isa	0.0655360095109	0.917299797522	0.0140434306095	0.00312076235767
-ugâ	0.192982750879	0.520407539885	0.063420378216	0.22318933102
-ret	0.238044254104	0.625981441827	0.0399714489651	0.0960028551035
-upi	0.0905511811024	0.811023622047	0.0787401574803	0.0196850393701
-ŋgo	0.162150776689	0.673007849519	0.0734349505128	0.091406423279
-ŋgi	0.208280244954	0.35184804848	0.0913463724728	0.348525334093
-ŋge	0.249558303887	0.684187279152	0.0574204946996	0.00883392226148
-map	0.446946783891	0.230219501387	0.0932032028332	0.22963051189
-ŋga	0.103946725577	0.75649467893	0.0335620366633	0.105996558829
-mat	0.471209188303	0.29292534247	0.0809343420585	0.154931127168
-han	0.277842760663	0.30081268125	0.0253587890297	0.395985769057
-âyi	0.309043742984	0.0575056270275	0.00917639918006	0.624274230808
-mai	0.427947710585	0.260304344572	0.0647172385151	0.247030706328
-mak	0.361136855113	0.499227679951	0.0278035217794	0.111831943157
-hat	0.171473109899	0.599246557547	0.213691868018	0.0155884645362
-âut	0.200817701751	0.727013436682	0.0261481382489	0.046020723318
-man	0.278031171456	0.416686583438	0.0696893038248	0.235592941281
-ŋgu	0.167437860857	0.696204086647	0.0773924081733	0.0589656443225
-siâ	0.0473518751219	0.112545146522	0.0480043781884	0.792098600167
-teŋ	0.0431732325958	0.929843497032	0.010793308149	0.0161899622234
-ekâ	0.132911545805	0.0975022900057	0.0765298033119	0.693056360877
-kge	0.244378156213	0.493284734699	0.0404644760985	0.22187263299
-une	0.220069079318	0.169749539838	0.098710955184	0.51147042566
-boŋ	0.269922879177	0.480719794345	0.12853470437	0.120822622108
-tdâ	0.171649233666	0.456672810104	0.242266848576	0.129411107654
-doŋ	0.00102616726526	0.995895330939	0.00307850179579	0.0
-oâk	0.290275415546	0.210596472407	0.0494409222134	0.449687189834
-oâi	0.417306017001	0.301617086257	0.0326111316663	0.248465765076
-oân	0.322488204944	0.286790063431	0.09027020635	0.300451525274
-500	0.0735294117647	0.147058823529	0.294117647059	0.485294117647
-nli	0.486590038314	0.325670498084	0.149425287356	0.0383141762452
-gan	0.214192287417	0.451041248577	0.163119597714	0.171646866291
-gam	0.366464061555	0.144715576136	0.035893825667	0.452926536642
-gak	0.283407419711	0.294764032992	0.0785114559577	0.343317091339
-gai	0.172656403024	0.0842637207663	0.0325145923924	0.710565283817
-laŋ	0.351466216446	0.215504867926	0.0810591206107	0.351969795017
-mbâ	0.232667263435	0.507782044989	0.190075366002	0.0694753255754
-gat	0.303780082409	0.397754642992	0.0634990146705	0.234966259928
-uŋe	0.222959306379	0.564454539179	0.0182201561716	0.19436599827
-gap	0.283425738493	0.543611887761	0.0558130685031	0.117149305244
-oâp	0.361383724999	0.275609294429	0.0724729122811	0.290534068292
-oât	0.71762338606	0.107148845788	0.019562908725	0.155664859426
-ini	0.284606791219	0.500939855706	0.098843385976	0.1156099671
-sem	0.0	0.927536231884	0.0579710144928	0.0144927536232
-loŋ	0.369312669042	0.281226119435	0.0429313527669	0.306529858756
-ino	0.0	1.0	0.0	0.0
-ina	0.476317548599	0.130642797986	0.0290695874935	0.363970065921
-kŋe	0.0918155505092	0.198587912801	0.0709590558678	0.638637480822
-ine	0.252334666171	0.1292557053	0.0260332901825	0.592376338346
-sea	0.0	0.867647058824	0.132352941176	0.0
-ŋân	0.230748852854	0.341239141931	0.0634072916118	0.364604713603
-erâ	0.367590918224	0.493269037573	0.0351617440225	0.103978300181
-ham	0.0328324283369	0.920318221998	0.00858694279581	0.0382624068696
-roŋ	0.477179909723	0.305581428674	0.112309235509	0.104929426094
-âne	0.279757349992	0.14647822867	0.0698276943821	0.503936726956
-kup	0.139459459459	0.631351351351	0.229189189189	0.0
-iam	0.351957157842	0.350190470933	0.108209573235	0.189642797991
-hâu	0.404652247095	0.322414090535	0.0699356828353	0.202997979535
-net	0.0610513940208	0.241434329862	0.0777628485053	0.619751427612
-ian	0.303139528698	0.200369138253	0.0401780903608	0.456313242687
-nep	0.386528547901	0.374362645198	0.13297956711	0.106129239792
-nen	0.0820539019257	0.042426841716	0.0122099972646	0.863309259094
-iat	0.39351301967	0.254988586508	0.0592495253429	0.292248868478
-kue	0.0869565217391	0.426086956522	0.486956521739	0.0
-nem	0.484935503585	0.362770158826	0.0294455871047	0.122848750485
-nek	0.664384581039	0.219526715285	0.0312546509897	0.0848340526864
-saŋ	0.14890075985	0.717088556285	0.02978015197	0.104230531895
-kun	0.228761113184	0.709095119849	0.0513361553208	0.0108076116465
-kum	0.17624414452	0.483627846575	0.25659756041	0.083530448495
-tki	0.62987012987	0.272727272727	0.0	0.0974025974026
-kuk	0.150217228512	0.528508905461	0.10085983393	0.220414032097
-mge	0.25427244206	0.448150284299	0.0546595154547	0.242917758187
-nea	0.0344827586207	0.948275862069	0.0172413793103	0.0
-bao	0.928571428571	0.0	0.0	0.0714285714286
-eka	0.0857142857143	0.857142857143	0.0	0.0571428571429
-bam	0.496839648963	0.196367879065	0.0200882666261	0.286704205347
-bak	0.257980561702	0.490652163063	0.0947072533649	0.15666002187
-eke	0.351157222666	0.410215482841	0.135674381484	0.102952913009
-bai	0.349134881659	0.178778500349	0.0492872547554	0.422799363237
-eâk	0.229270489121	0.236635501076	0.154893574577	0.379200435227
-eko	0.0843548174509	0.847634110979	0.00474495848162	0.0632661130882
-kan	0.485596707819	0.218106995885	0.148148148148	0.148148148148
-bat	0.0281690140845	0.87323943662	0.0985915492958	0.0
-bau	0.095931774595	0.805116905374	0.0308075243808	0.0681437956502
-ase	0.0	1.0	0.0	0.0
-mbu	0.134252920487	0.708323535745	0.0535986472924	0.103824896475
-asa	0.26605628167	0.272834962303	0.0218692677361	0.439239488291
-aso	0.0648967551622	0.914454277286	0.0206489675516	0.0
-ŋdo	0.305913169234	0.281277828478	0.0882997691011	0.324509233187
-uât	0.463409770688	0.394217347956	0.0139581256231	0.128414755733
-yet	0.375873311598	0.512342803912	0.0251513740102	0.0866325104797
-asi	0.0546148647415	0.926206002155	0.00219190092608	0.0169872321771
-yei	0.0939597315436	0.365179628899	0.160284247927	0.380576391631
-mba	0.0	0.831775700934	0.0	0.168224299066
-yek	0.611650485437	0.291262135922	0.0	0.0970873786408
-uâk	0.0257181707212	0.285811999292	0.00693492857435	0.681534901413
-yem	0.283140699958	0.168309616825	0.0323360929498	0.516213590268
-mbe	0.133506586629	0.718844518594	0.0532224393267	0.0944264554505
-uân	0.405951409451	0.473718690941	0.0654985451889	0.0548313544199
-mbi	0.164387357483	0.717575407707	0.0305094530235	0.0875277817867
-urâ	0.0526978763763	0.901243349783	0.0136931489797	0.032365624861
-mbo	0.305720079086	0.164593299956	0.0484296125227	0.481257008436
-rat	0.315478981174	0.52678152824	0.0719135317334	0.0858259588534
-eru	0.0995430160938	0.766838863501	0.0889131730578	0.0447049473475
-rap	0.434322033898	0.444915254237	0.0889830508475	0.0317796610169
-ran	0.358910891089	0.424504950495	0.0668316831683	0.149752475248
-rao	0.157575757576	0.830303030303	0.0	0.0121212121212
-iwa	0.0260532976031	0.900749342464	0.0672423204804	0.00595503945214
-ram	0.0	1.0	0.0	0.0
-rak	0.36898542755	0.554028045092	0.0549903766841	0.0219961506736
-iwe	0.384200062656	0.148617233715	0.0397182868307	0.427464416799
-ero	0.290633608815	0.54132231405	0.0812672176308	0.0867768595041
-era	0.0	1.0	0.0	0.0
-iwi	0.29218211881	0.287843806808	0.0663635297407	0.353610544641
-rae	0.0354295837024	0.875297616629	0.013407984658	0.0758648150104
-ere	0.297163638867	0.224773976405	0.0416941469082	0.43636823782
-âuk	0.118837962771	0.660832025507	0.151315418436	0.0690145932866
-ugu	0.402638394196	0.192979324872	0.0332448672419	0.37113741369
-gem	0.26138911342	0.135506969225	0.0338189775841	0.569284939771
-lâŋ	0.0532194407487	0.0331801597329	0.886990679144	0.0266097203743
-oge	0.306954082386	0.282223534623	0.00930163886017	0.401520744131
-tkâ	0.247682119205	0.0264900662251	0.0953642384106	0.630463576159
-pok	0.348030966005	0.651969033995	0.0	0.0
-uge	0.23500535376	0.179925871016	0.107747302529	0.477321472696
-ugi	0.162891046386	0.733549083064	0.0323624595469	0.0711974110033
-lae	0.494138080764	0.286582718194	0.0108554059922	0.20842379505
-ike	0.0756818882776	0.772519381786	0.0372610062976	0.114537723639
-sân	0.626048887267	0.0838907130407	0.141270420366	0.148789979326
-ika	0.0377358490566	0.924528301887	0.0	0.0377358490566
-iko	0.102684563758	0.860067114094	0.0211409395973	0.0161073825503
-lam	0.272253802425	0.633018543203	0.0143788990474	0.0803487553247
-lan	0.144076840982	0.786141497688	0.00667022411953	0.063111437211
-lao	0.0673316708229	0.887780548628	0.0149625935162	0.0299251870324
-gaŋ	0.480541455161	0.448392554992	0.0406091370558	0.0304568527919
-lai	0.325587175345	0.338262706599	0.035727600348	0.300422517708
-iki	0.0241351568785	0.903459372486	0.065164923572	0.00724054706356
-lak	0.166693030011	0.678002904761	0.155304065228	0.0
-lau	0.291297305257	0.25505210183	0.0994880767798	0.354162516133
-nok	0.046020430639	0.0847214673478	0.0926065448804	0.776651557133
-lap	0.0	0.510204081633	0.489795918367	0.0
-nio	0.102564102564	0.897435897436	0.0	0.0
-noa	0.0253914515446	0.974608548455	0.0	0.0
-ahe	0.187940485513	0.812059514487	0.0	0.0
-gek	0.0	1.0	0.0	0.0
-gei	0.520912547529	0.330798479087	0.0570342205323	0.0912547528517
-gen	0.170425844901	0.321634675466	0.116167815317	0.391771664316
-dop	0.286848944404	0.114179567126	0.0283799293135	0.570591559156
-ato	0.253443431675	0.195900624604	0.0320877626815	0.518568181039
-bom	0.501716382576	0.270774147727	0.0799005681819	0.147608901515
-âwe	0.406786043571	0.203212208064	0.0850870520938	0.30491469627
-bok	0.0833179893205	0.0249493647579	0.891732645922	0.0
-bop	0.369437468959	0.197953941005	0.0971636519607	0.335444938075
-meŋ	0.0832507433102	0.635282457879	0.0862239841427	0.195242814668
-ges	0.0181818181818	0.921212121212	0.060606060606	0.0
-gep	0.595107204738	0.141447396826	0.0251110395951	0.23833435884
-get	0.706573732404	0.203908705754	0.0198168648353	0.069700697007
-sap	0.214149568337	0.431550622267	0.130059423702	0.224240385694
-kdâ	0.249872949873	0.438975513975	0.224641949642	0.0865095865096
-tok	0.0111459421804	0.776384535005	0.20202020202	0.0104493207941
-iaŋ	0.180587842659	0.567783736507	0.138732248487	0.112896172348
-mpa	0.046511627907	0.953488372093	0.0	0.0
-oli	0.109463928949	0.702835653006	0.150596847036	0.0371035710088
-neŋ	0.706038336238	0.168194560194	0.0742480490947	0.0515190544738
-olo	0.0421960450461	0.848196026539	0.0178592909954	0.0917486374194
-sak	0.222359481161	0.286596664608	0.384140257519	0.106903596712
-ibe	0.125654450262	0.874345549738	0.0	0.0
-sai	0.438016528926	0.31955922865	0.0826446280991	0.159779614325
-kuŋ	0.598014888337	0.272952853598	0.00992555831264	0.119106699752
-ole	0.0840438489647	0.828258221681	0.0292326431181	0.0584652862363
-lom	0.249213341724	0.688483322845	0.0311516677155	0.0311516677155
-lok	0.0940124132895	0.64585615188	0.125045637094	0.135085797736
-ien	0.4755967583	0.284694431597	0.0890864118085	0.150622398295
-roa	0.0	1.0	0.0	0.0
-iep	0.372209306586	0.147665985167	0.0246392292772	0.45548547897
-ron	0.167142796231	0.65357665686	0.0870535397036	0.0922270072059
-iet	0.320469798658	0.260738255034	0.0228187919463	0.395973154362
-lop	0.0479359341907	0.0199956412902	0.00313538128476	0.928933043234
-rok	0.0410815079509	0.137441132118	0.045141659942	0.776335699989
-ore	0.521047355545	0.265988049712	0.0617868206432	0.1511777741
-ewu	0.0	0.905494093381	0.0945059066192	0.0
-ipi	0.00588235294118	0.972941176471	0.0141176470588	0.00705882352943
-ipo	0.01142616592	0.970833208046	0.00511170580629	0.0126289202273
-pia	0.106184906771	0.585908637804	0.015263267455	0.29264318797
-ipa	0.00128937980831	0.990114754803	0.00214896634718	0.00644689904156
-ipe	0.0	1.0	0.0	0.0
-rde	0.0152516522623	0.984748347738	0.0	0.0
-ewe	0.0762195121951	0.793485237484	0.056161745828	0.0741335044929
-ewa	0.422335207868	0.144762858537	0.0195157024369	0.413386231158
-ewi	0.237995824635	0.749478079332	0.00939457202505	0.00313152400835
-awo	0.661246612466	0.273712737127	0.0325203252033	0.0325203252033
-baŋ	0.0162542893264	0.926289260676	0.0311704730162	0.0262859769813
-hoŋ	0.0744982711019	0.449927496458	0.015517297235	0.460056935205
-awa	0.155828693558	0.479235230801	0.0665785173885	0.298357558252
-imo	0.0268236833497	0.83153418384	0.0405626431142	0.101079489696
-mam	0.038961038961	0.707792207792	0.253246753247	0.0
-awu	0.0736842105262	0.736842105263	0.18947368421	0.0
-nge	0.234307564845	0.514809567435	0.0583700181914	0.192512849529
-lâm	0.21415722837	0.536281636174	0.0760676869997	0.173493448457
-pko	0.39284562696	0.406163587153	0.144025482935	0.0569653029519
-lân	0.163932365996	0.24290607028	0.0330636288151	0.560097934909
-lâk	0.39680220321	0.155119133019	0.0739629801386	0.374115683633
-276	0.0	0.11320754717	0.0	0.88679245283
-bit	0.10722263589	0.694216927277	0.168776371308	0.029784065525
-ŋot	0.291044776119	0.664179104478	0.044776119403	0.0
-sto	0.00785809461394	0.982342581865	0.00145980413777	0.00833951938279
-ngi	0.200164964106	0.140095401808	0.245103084318	0.414636549769
-olâ	0.184906356614	0.357370308564	0.286078113855	0.171645220967
-lâp	0.136443003243	0.721726116238	0.0564729358943	0.0853579446246
-ain	0.0772057092406	0.0533546498936	0.00518804549944	0.864251595366
-eyi	0.510924385569	0.190529568217	0.0656592756082	0.232886770606
-raŋ	0.111627906977	0.888372093023	0.0	0.0
-tik	0.439742106133	0.428500578608	0.0871218383204	0.0446354769384
-eye	0.621848739496	0.18487394958	0.126050420168	0.0672268907563
-mue	0.013201320132	0.973597359736	0.0	0.013201320132
-lek	0.270253124405	0.434888210185	0.220063258444	0.0747954069657
-nâŋ	0.0380228136882	0.6463878327	0.0684410646387	0.247148288973
-ion	0.348210792428	0.24154889704	0.0566572948021	0.353583015729
-len	0.403614841214	0.362947877554	0.0766244510914	0.156812830141
-mun	0.191385451528	0.50414420792	0.039123995504	0.265346345048
-muk	0.286046511628	0.323255813953	0.244186046512	0.146511627907
-mut	0.205182513155	0.778932389053	0.00992818612041	0.00595691167223
-lep	0.496110954542	0.184677006595	0.0667094042512	0.252502634613
-eaŋ	0.410403397028	0.437261146497	0.0583864118896	0.0939490445859
-obe	0.244974874372	0.755025125628	0.0	0.0
-let	0.492875104778	0.294216261526	0.10896898575	0.103939647946
-iot	0.333310406493	0.308962101933	0.168099594195	0.189627897379
-âme	0.179640718563	0.596407185629	0.166467065868	0.0574850299401
-git	0.336124401914	0.523923444976	0.0681818181818	0.0717703349282
-ndu	0.21736490589	0.54584092289	0.204007285974	0.0327868852459
-gio	0.0	0.963190184049	0.0368098159509	0.0
-gin	0.775862068965	0.224137931035	0.0	0.0
-gim	0.397833086211	0.203992445859	0.0630816647807	0.335092803149
-oŋi	0.35573580533	0.602549246813	0.00695249130939	0.0347624565469
-ndo	0.369262137722	0.16159356009	0.0466036960049	0.422540606184
-liŋ	0.149710982659	0.727167630058	0.115028901734	0.00809248554913
-nda	0.0984990619137	0.651969981238	0.15009380863	0.0994371482176
-ale	0.554034126817	0.161575732041	0.0126395618285	0.271750579313
-nde	0.212050838922	0.451882334295	0.080130272622	0.255936554161
-aŋe	0.189480007055	0.587973397993	0.0717084444434	0.150838150509
-gia	0.0	0.938356164384	0.0616438356164	0.0
-ala	0.222701326201	0.43533486577	0.076289919767	0.265673888262
-paŋ	0.150778210117	0.6588845655	0.0395590142672	0.150778210117
-120	0.0869565217391	0.369565217391	0.0	0.54347826087
-ŋeŋ	0.405646359584	0.172362555721	0.208023774146	0.21396731055
-duŋ	0.0968012665229	0.863143036985	0.00801113929844	0.0320445571938
-waŋ	0.647058823529	0.313725490196	0.0392156862745	0.0
-yoe	0.294117647059	0.638655462185	0.0	0.0672268907563
-iel	0.0456563094483	0.771718452758	0.182625237793	0.0
-mgo	0.562615159794	0.31677150179	0.0398161679056	0.0807971705106
-pen	0.196428571429	0.75	0.0	0.0535714285714
-pei	0.311218335344	0.469240048251	0.0193003618818	0.200241254524
-elu	0.197281631021	0.618029182491	0.184689186488	0.0
-153	0.0926640926641	0.046332046332	0.0694980694981	0.791505791506
-eli	0.0	0.978021978022	0.0	0.021978021978
-iyi	0.406367217489	0.173344791578	0.0316872669631	0.38860072397
-elo	0.0179838327686	0.96025859242	0.00796389700026	0.0137936778109
-ogo	0.387921677327	0.19036113547	0.0564239677682	0.365293219435
-ela	0.408814923924	0.315027028489	0.0511206082291	0.225037439357
-iya	0.0244343891403	0.96742081448	0.0027149321267	0.00542986425339
-ele	0.189511652849	0.588160823678	0.212482762285	0.00984476118699
-pne	0.127088218838	0.534564781822	0.0492350606641	0.289111938675
-kte	0.0511073253833	0.591141396934	0.323679727428	0.0340715502555
-age	0.336286066516	0.478792957766	0.0502818832851	0.134639092433
-esu	0.0214112913786	0.784991947338	0.00127579713104	0.192320964153
-diŋ	0.244813278008	0.580912863071	0.0207468879668	0.153526970954
-ito	0.157055780154	0.679352390021	0.0763473383433	0.0872444914813
-esi	0.0136783312436	0.952125840647	0.034195828109	0.0
-rie	0.0	1.0	0.0	0.0
-eso	0.0235226147243	0.957906899967	0.00247606470782	0.0160944206009
-iti	0.188545246277	0.665979381443	0.10332187858	0.0421534936998
-wâŋ	0.679545454545	0.265909090909	0.0151515151515	0.039393939394
-esa	0.42735042735	0.410256410256	0.025641025641	0.136752136752
-ite	0.0232558139535	0.883720930233	0.046511627907	0.046511627907
-aku	0.1359375	0.75625	0.0984375	0.00937499999999
-ese	0.225806451613	0.774193548387	0.0	0.0
-ita	0.0492409090043	0.814427491095	0.0561936872583	0.0801379126426
-âmâ	0.2427298986	0.0293692657991	0.0035963739339	0.724304461667
-udu	0.0	1.0	0.0	0.0
-ruk	0.158660282738	0.219360548231	0.579772629286	0.0422065397445
-666	0.0	0.0333333333333	0.0	0.966666666667
-âte	0.0606826801517	0.649810366625	0.0303413400758	0.259165613148
-uda	0.0398407793883	0.754203366256	0.12309500465	0.082860849706
-âto	0.479123759596	0.214753791425	0.262310428759	0.043812020221
-ndâ	0.0971199860447	0.0942108613986	0.293083822123	0.515585330434
-uti	0.190476190476	0.809523809524	0.0	0.0
-iât	0.437298230357	0.287372679237	0.052114216442	0.223214873964
-wop	0.360964214008	0.402096152619	0.0824624751198	0.154477158253
-iâp	0.367241872021	0.252228652553	0.121365845374	0.259163630051
-wot	0.150621148778	0.498622971607	0.0594995145727	0.291256365041
-uto	0.442256720939	0.37220749716	0.0672093903824	0.118326391518
-iâm	0.284302373666	0.365437101977	0.204284178314	0.145976346043
-wok	0.0	0.990147783251	0.0049261083744	0.00492610837438
-wom	0.516620498615	0.281855955679	0.120498614958	0.081024930748
-iâi	0.309734806997	0.374556075542	0.145441269209	0.170267848253
-iâk	0.437799337458	0.318403008511	0.0996746358727	0.144123018158
-hut	0.291174891351	0.257842602511	0.0040629054607	0.446919600678
-abo	0.0	0.980769230769	0.0192307692308	0.0
-woe	0.27139047312	0.18873057778	0.0242504853456	0.515628463755
-aiŋ	0.0410827663479	0.936768263969	0.0085088417258	0.0136401279574
-tiŋ	0.382790014684	0.329691629956	0.0176211453745	0.269897209985
-yân	0.17889626595	0.0966308535843	0.0544363531172	0.670036527349
-abe	0.00942655145326	0.990573448547	0.0	0.0
-kom	0.407860542076	0.202727102858	0.0506232587351	0.338789096331
-sot	0.32195694866	0.499711763172	0.0114624969203	0.166868791247
-kon	0.321616871705	0.678383128295	0.0	0.0
-iân	0.287808282916	0.205477204288	0.0430584645185	0.463656048278
-tun	0.534526472782	0.323489932886	0.13571961223	0.00626398210292
-aen	0.340580892911	0.238877209737	0.0658451397469	0.354696757605
-kot	0.226401572073	0.528448503063	0.0439597734366	0.201190151428
-son	0.046511627907	0.860465116279	0.0930232558139	0.0
-oro	0.0255051575526	0.960647166879	0.00296735905044	0.0108803165183
-sok	0.33597359736	0.358415841584	0.155775577558	0.149834983498
-ora	0.015503875969	0.961240310078	0.0077519379845	0.015503875969
-aba	0.0376031340892	0.950822104826	0.00356146494925	0.00801329613581
-tne	0.218337516812	0.522915946398	0.060259624237	0.198486912553
-lit	0.496612114929	0.229283915877	0.0182353376777	0.255868631517
-tri	0.0	1.0	0.0	0.0
-rup	0.296693981351	0.703306018649	0.0	0.0
-pak	0.680061823802	0.171561051005	0.139103554869	0.00927357032458
-lip	0.365972598983	0.239838491394	0.100044118261	0.294144791362
-rut	0.304761904762	0.580952380952	0.114285714286	0.0
-woa	0.460267505901	0.506687647522	0.0188827694728	0.0141620771046
-lio	0.0353238015139	0.93944491169	0.0151387720774	0.0100925147183
-omo	0.0916241203256	0.704912377536	0.083965778943	0.119497723196
-lik	0.140620047195	0.215649543902	0.350209558694	0.29352085021
-lie	0.0	0.979166666667	0.0	0.0208333333333
-oma	0.0765033334066	0.673161125657	0.170080749851	0.0802547910846
-lia	0.00279069767442	0.995348837209	0.00186046511628	0.0
-ome	0.00980392156863	0.990196078431	0.0	0.0
-ioŋ	0.0271161597655	0.95685232686	0.0109930377428	0.0050384756321
-nân	0.219311104481	0.375508485575	0.0281991148226	0.376981295122
-âit	0.179173173338	0.58905235473	0.158625791074	0.073148680858
-leŋ	0.248408251793	0.328743107142	0.345786621708	0.0770620193575
-nâk	0.170563620198	0.117630572039	0.0861190208775	0.625686786886
-diâ	0.0195161984447	0.962528898986	0.0124903670046	0.00546453556452
-144	0.0953150242326	0.313408723748	0.0484652665589	0.542810985461
-muŋ	0.192616372392	0.740708729473	0.0666748981356	0.0
-noŋ	0.0	0.957446808511	0.0425531914894	0.0
-ode	0.0	0.967213114754	0.0327868852459	0.0
-rna	0.0	1.0	0.0	0.0
-âin	0.232992054852	0.116999837854	0.0800884853258	0.569919621968
-eak	0.183214530884	0.63463641712	0.0545786124189	0.127570439577
-âim	0.437429505162	0.328021517193	0.144315585505	0.0902333921393
-eam	0.0270918801765	0.933895812369	0.0390123074541	0.0
-âik	0.0	0.745635910225	0.254364089775	0.0
-pân	0.178217821782	0.821782178218	0.0	0.0
-met	0.187699860402	0.528390829553	0.0186418014625	0.265267508583
-ure	0.475426627347	0.330253428698	0.0753841021376	0.118935841818
-peŋ	0.592856165321	0.388668400164	0.00615847817161	0.0123169563432
-agu	0.187182095626	0.273448626653	0.0675483214649	0.471820956256
-tge	0.22221455969	0.582481156331	0.0318554560276	0.163448827951
-uru	0.172248803828	0.516746411483	0.0143540669856	0.296650717703
-mep	0.256765434071	0.343515693635	0.247833240156	0.151885632138
-dup	0.514505452978	0.118423489958	0.170987312206	0.196083744857
-pai	0.205615428247	0.480998298355	0.116279069767	0.19710720363
-apa	0.0853942552955	0.568038150161	0.0199622934457	0.326605301098
-pan	0.479386813514	0.262018157464	0.0896710820062	0.168923947016
-ape	0.0900900900901	0.873873873874	0.036036036036	0.0
-ŋen	0.564255434042	0.227471131616	0.0718935495112	0.13637988483
-yâk	0.0371952572749	0.0272091505431	0.00716086986627	0.928434722316
-lim	0.503916759104	0.261306185261	0.0858421735122	0.148934882122
-apo	0.0671427826721	0.840588020643	0.0068810926341	0.0853881040505
-yoŋ	0.128048780488	0.780487804878	0.0914634146341	0.0
-dua	0.185022026432	0.675610732879	0.079295154185	0.0600720865038
-ngâ	0.658163265306	0.204081632653	0.122448979592	0.015306122449
-ŋet	0.525982070843	0.228352702541	0.0448717995054	0.20079342711
-ŋep	0.368256342883	0.134726491113	0.0248706605553	0.472146505449
-eâp	0.404605477135	0.440122292331	0.0439081506538	0.11136407988
-wan	0.18740957654	0.328795962188	0.0103868600313	0.47340760124
-wam	0.502144621117	0.22858628309	0.0329275161388	0.236341579654
-duk	0.167435845394	0.63688636168	0.0581320592915	0.137545733635
-wak	0.292105647058	0.103431252202	0.0459528409637	0.558510259777
-wai	0.386882039811	0.235589525799	0.0722424923587	0.305285942031
-num	0.135483870968	0.167741935484	0.658064516129	0.0387096774194
-kea	0.020325203252	0.977642276423	0.0020325203252	0.0
-sen	0.0917926565875	0.0298776097912	0.0	0.878329733621
-ken	0.0990203636855	0.277805953815	0.223595433284	0.399578249216
-kem	0.303370786517	0.696629213483	0.0	0.0
-nue	0.567010309278	0.164948453608	0.0412371134021	0.226804123711
-kei	0.149761991944	0.677407543025	0.080556572684	0.0922738923471
-sop	0.0607780845993	0.617713840207	0.0196301280642	0.30187794713
-sum	0.0976366674624	0.806636428742	0.0398663165433	0.0558605872523
-suk	0.339413164156	0.473962463653	0.115252445149	0.0713719270421
-kok	0.147533425542	0.64499769479	0.207468879668	0.0
-kep	0.556831507015	0.359670049735	0.00505438518459	0.0784440580648
-kat	0.165685081629	0.50666332371	0.0685629579331	0.259088636728
-aga	0.080971659919	0.706477732794	0.188259109312	0.0242914979757
-sua	0.03125	0.96875	0.0	0.0
-eoŋ	0.013698630137	0.963470319635	0.013698630137	0.00913242009134
-tân	0.273773468434	0.161258162275	0.0417981842998	0.523170184991
-dia	0.00613496932516	0.961145194274	0.0327198364008	0.0
-wât	0.218414849176	0.486620826513	0.163740038298	0.131224286012
-aep	0.445789378776	0.259444594716	0.0308808944189	0.263885132089
-dio	0.0365853658536	0.951219512195	0.0121951219512	0.0
-âpu	0.509386491194	0.402103090123	0.0325140313528	0.0559963873298
-dik	0.371950083814	0.411994784876	0.141925870739	0.07412926057
-nŋe	0.188013622329	0.390987487591	0.0698338618377	0.351165028242
-tâk	0.358460401855	0.251553284	0.139946952172	0.250039361973
-wâe	0.208955223881	0.731343283582	0.0149253731343	0.044776119403
-wâk	0.221162901159	0.126749440343	0.0528913758317	0.599196282666
-wâi	0.353172759117	0.383975115344	0.119976968372	0.142875157167
-wân	0.310767035479	0.414189444986	0.0471673304795	0.227876189055
-aet	0.227224996469	0.410676339155	0.108463728167	0.253634936209
-ske	0.0	1.0	0.0	0.0
-kim	0.414546414689	0.328859089453	0.151930951495	0.104663544363
-aeŋ	0.0	0.955555555556	0.0444444444444	0.0
-tuŋ	0.177178899082	0.733371559633	0.0619266055046	0.0275229357798
-koŋ	0.0900000000001	0.895	0.0	0.015
-uit	0.47431018078	0.52568981922	0.0	0.0
-uka	0.077101002313	0.895913646877	0.0231303006939	0.00385505011564
-soŋ	0.0927166025422	0.180319485706	0.200226464715	0.526737447037
-uki	0.172565398989	0.62299406463	0.0989228401846	0.105517696197
-tgâ	0.595197255575	0.177815894797	0.0874785591766	0.139508290452
-nne	0.207161627532	0.450867516911	0.063532434058	0.278438421498
-ait	0.183105981112	0.665792235047	0.13536201469	0.01573976915
-tip	0.337144498707	0.365010054582	0.134444125251	0.163401321459
-ngu	0.570806100218	0.337690631808	0.0915032679738	0.0
-ede	0.0127024452207	0.980946332169	0.00635122261034	0.0
-tie	0.0	1.0	0.0	0.0
-woŋ	0.465441819773	0.510061242345	0.0	0.0244969378828
-aia	0.0136899607837	0.971057781167	0.00847347669397	0.00677878135518
-tia	0.0831212892281	0.878710771841	0.0178117048346	0.0203562340967
-aim	0.672959748092	0.244504246443	0.0152934363068	0.0672425691586
-tim	0.279954339187	0.192367315877	0.0965359790299	0.431142365907
-aio	0.022715800101	0.95454316002	0.00509843513377	0.0176426047451
-tio	0.0707547169811	0.926886792453	0.00235849056604	0.0
-ngo	0.214790581203	0.694737267256	0.0248394523204	0.0656326992205
-eme	0.241152932955	0.156950160343	0.0433491446174	0.558547762085
-uwe	0.652892561984	0.252892561983	0.0	0.094214876033
-ema	0.227328431373	0.533700980392	0.0275735294118	0.211397058823
-aŋi	0.311968252156	0.165605550163	0.0322153543082	0.490210843373
-emo	0.0171919770773	0.939828080229	0.0429799426934	0.0
-emi	0.101388290646	0.766309930088	0.028428481495	0.10387329777
-260	0.0	0.107843137255	0.0	0.892156862745
-tbe	0.373538788523	0.285334750266	0.0510095642933	0.290116896918
-tbi	0.460992907801	0.255319148936	0.0472813238771	0.236406619385
-eŋe	0.152557264466	0.424956796233	0.0998141509591	0.322671788342
-ana	0.0250652741514	0.962402088773	0.00313315926893	0.00939947780679
-âep	0.148939195256	0.0849028383117	0.00326511617843	0.762892850254
-âet	0.330475013928	0.406777608216	0.0983455659715	0.164401811884
-âen	0.468919972817	0.173638399406	0.0468682998267	0.31057332795
-kne	0.341152262192	0.377516316578	0.0321917237376	0.249139697493
-mŋe	0.205259157036	0.620212082403	0.068913934758	0.105614825803
-ane	0.0770470877459	0.734876134644	0.0307772314675	0.157299546142
-ŋak	0.143285093713	0.221159947286	0.031695382663	0.603859576337
-000	0.0636946605467	0.12335945547	0.0219293041006	0.791016579883
-âŋe	0.0991218584223	0.185648615232	0.104115072147	0.611114454198
-eta	0.0782484982612	0.895668668985	0.0118558330699	0.0142269996838
-ilâ	0.520993540449	0.277145493694	0.0938172869886	0.108043678868
-ete	0.0634093738767	0.88342823207	0.00645971275117	0.0467026813017
-eto	0.218550724638	0.670144927536	0.055652173913	0.055652173913
-ŋan	0.105304040188	0.871426972352	0.00474877295099	0.0185202145088
-uyi	0.423247706176	0.310160508349	0.060412784602	0.206179000873
-buk	0.157182008706	0.497541512171	0.243108173464	0.102168305659
-iŋe	0.193644125651	0.203696808447	0.0717601294976	0.530898936404
-âwo	0.278884462151	0.673306772908	0.0478087649402	0.0
-âwi	0.42858052972	0.254350040309	0.105212655092	0.211856774879
-ŋam	0.309090909091	0.414545454545	0.276363636364	0.0
-bum	0.269996784149	0.678818991368	0.0511842244832	0.0
-gâk	0.314554279091	0.180075242542	0.10541798736	0.399952491007
-aot	0.0488927236123	0.89933851021	0.0	0.0517687661777
-gân	0.362819843447	0.163821251022	0.0410024870955	0.432356418436
-ank	0.19375573921	0.286370195461	0.0545716909353	0.465302374393
-iŋi	0.512664592883	0.224775018469	0.071178196646	0.191382192002
-gâm	0.254172670325	0.0434276187324	0.00942944982003	0.692970261122
-300	0.0637450199203	0.338645418327	0.0239043824701	0.573705179283
-âno	0.43023255814	0.366279069767	0.0813953488372	0.122093023256
-wei	0.371885417775	0.291223324842	0.0869969610907	0.249894296293
-ate	0.059186189889	0.717632552404	0.223181257706	0.0
-wen	0.433876138949	0.335388167677	0.119980195247	0.110755498126
-gât	0.14275710329	0.272853061135	0.0396874921173	0.544702343457
-ata	0.0265078721977	0.94387710575	0.0165067336029	0.0131082884494
-âwu	0.0300247120284	0.0526438650578	0.183641764133	0.733689658781
-tmâ	0.26521306643	0.0807032881133	0.0240025208307	0.630081124626
-amâ	0.491672713159	0.0355005163774	0.00311217574766	0.469714594716
-but	0.0287883311298	0.821320424788	0.00978803258412	0.140103211498
-ati	0.712270803949	0.214386459802	0.00564174894217	0.0677009873061
-ose	0.0818076067166	0.907824195832	0.00151729718794	0.00885090026299
