jer-	0.00807240704501	0.980145140248	0.000489236790606	0.0112932159165
lob-	0.138286196707	0.595778809624	0.202110595188	0.0638243984804
ni'-	0.722772277228	0.0891089108911	0.0990099009901	0.0891089108911
ā'c-	0.104490508108	0.0971615842504	0.184539723045	0.613808184596
vas-	0.0434572670208	0.940608401738	0.0	0.0159343312409
jis-	0.629032258065	0.189516129032	0.108870967742	0.0725806451613
nūn-	0.071686037641	0.0427565532592	0.00702555812889	0.878531850971
maa-	0.0	1.0	0.0	0.0
xto-	0.622580214499	0.318232388412	0.0160206488363	0.0431667482533
ica-	0.506653901911	0.26152184791	0.0454088884866	0.186415361693
jac-	0.000604838709677	0.992439516129	0.00241935483871	0.00453629032258
māx-	0.551278593127	0.263826920838	0.0660337450125	0.118860741022
a'k-	0.142605415832	0.315932464985	0.0400642419223	0.501397877261
júp-	0.0	1.0	0.0	0.0
abí-	0.0	1.0	0.0	0.0
mah-	0.0	1.0	0.0	0.0
ī's-	0.126145754077	0.688059486446	0.0218993941334	0.163895365344
ixs-	0.3891997081	0.481715722047	0.0843266034217	0.0447579664315
eno-	0.0	0.987057808456	0.0	0.0129421915444
lis-	0.029314159292	0.911504424779	0.0547566371681	0.00442477876106
pūj-	0.0252702792333	0.943689062811	0.00238774291968	0.0286529150361
icx-	0.484027105518	0.259438528558	0.237173281704	0.0193610842207
māc-	0.514126234235	0.299751400708	0.0379441025425	0.148178262515
san-	0.0134744371	0.950984022954	0.0326985160163	0.00284302393003
puh-	0.494099737608	0.169412992223	0.0613080638108	0.275179206358
tīy-	0.277227722772	0.207920792079	0.0356435643564	0.479207920792
māq-	0.566974595843	0.264049268668	0.094688221709	0.0742879137798
pre-	0.0354330708661	0.802165354331	0.103346456693	0.0590551181103
kēx-	0.116038537829	0.24337631057	0.0795196939643	0.561065457637
līh-	0.212276038788	0.270568456105	0.0604795112546	0.456675993852
a'l-	0.807155367289	0.0237256379447	0.00152740158443	0.167591593182
lac-	0.339458806551	0.240367750992	0.17395208655	0.246221355906
icj-	0.401163688791	0.277328664847	0.208691622471	0.112816023892
seg-	0.0	0.931034482759	0.0689655172414	0.0
euf-	0.0	0.981818181818	0.0181818181818	0.0
caq-	0.554867089105	0.277576061463	0.0563065611318	0.1112502883
pró-	0.0	1.0	0.0	0.0
abi-	0.0	1.0	0.0	0.0
mil-	0.203152500014	0.296962164593	0.0348447231979	0.465040612195
tib-	0.0124869927159	0.984391259105	0.00312174817898	0.0
sod-	0.00452441297836	0.990951174043	0.00452441297836	0.0
ari-	0.00434153400868	0.995658465991	0.0	0.0
xap-	0.14218571354	0.230162477958	0.289440599378	0.338211209124
yāh-	0.744171885873	0.177974947808	0.00608907446068	0.0717640918581
mig-	0.0181818181818	0.981818181818	0.0	0.0
mā'-	0.467553200079	0.438623338134	0.0356884424352	0.0581350193515
mar-	0.0266789796257	0.813296372817	0.0035862304763	0.156438417081
cah-	0.372975173936	0.235484689512	0.0381803268047	0.353359809748
abr-	0.0471935741174	0.88749107905	0.0246288185164	0.0406865283161
tzu-	0.409334789103	0.224336856771	0.0618185112861	0.30450984284
zaq-	0.147967479675	0.813008130081	0.0	0.0390243902439
nor-	0.0441988950276	0.791896869245	0.103130755064	0.060773480663
has-	0.0866933496323	0.0659844765604	0.0352103419494	0.812111831858
zac-	0.0985352862849	0.816245006658	0.00665778961385	0.0785619174434
ixl-	0.148697751768	0.303098901533	0.0976231928473	0.450580153852
ate-	0.0	1.0	0.0	0.0
xne-	0.483673469388	0.312244897959	0.185714285714	0.0183673469388
har-	0.109037647825	0.864923510904	0.0260388412716	0.0
miy-	0.0476858345021	0.952314165498	0.0	0.0
cāk-	0.522983333622	0.071152281892	0.0112061058133	0.394658278673
sin-	0.120176405733	0.859977949283	0.013230429989	0.00661521499449
urí-	0.0	1.0	0.0	0.0
dor-	0.212550607287	0.65991902834	0.0	0.127530364372
chā-	0.0808673633212	0.155155437341	0.0225623145924	0.741414884745
pat-	0.163548617731	0.525083412774	0.0196615824595	0.291706387035
kō'-	0.298216088859	0.0525075732077	0.524065971054	0.12521036688
alt-	0.0235294117647	0.976470588235	0.0	0.0
xī'-	0.0431034482759	0.870689655172	0.0862068965517	0.0
jor-	0.00554357868803	0.994456421312	0.0	0.0
cer-	0.259168459499	0.484464902186	0.235352979437	0.0210136588783
ixe-	0.143559883546	0.782652344142	0.0331292038952	0.0406585684169
gen-	0.0	0.870786516854	0.10393258427	0.0252808988764
ā'm-	0.107270930942	0.258730383236	0.115444302194	0.518554383628
jam-	0.024	0.868	0.048	0.06
ū't-	0.362515131592	0.0345656812838	0.00742531774131	0.595493869383
por-	0.396494035496	0.438209194065	0.0103651440209	0.154931626418
lha-	0.347867300593	0.345059690929	0.272259498796	0.0348135096821
alf-	0.0216546470486	0.970224860308	0.00812049264324	0.0
pas-	0.0206884356949	0.967817988919	0.00884121183543	0.00265236355063
cos-	0.0	1.0	0.0	0.0
cen-	0.0284977608902	0.97150223911	0.0	0.0
hor-	0.0202183582693	0.907534708182	0.00970481196928	0.0625421215797
cāt-	0.516753809872	0.297101212476	0.0747786742915	0.111366303361
nīn-	0.132957172614	0.211813582988	0.537917458283	0.117311786115
och-	0.0	0.413407821229	0.0	0.586592178771
ixá-	0.029011467608	0.938780886149	0.00270445884481	0.0295031873979
līs-	0.340315661785	0.477619728523	0.109327315565	0.0727372941275
tór-	0.0	1.0	0.0	0.0
ics-	0.536594454162	0.199766077029	0.0611304896857	0.202508979123
ā'p-	0.0762711864406	0.0677966101695	0.271186440678	0.584745762712
che-	0.575480026484	0.401346281174	0.0231736923417	0.0
mān-	0.586223742062	0.222365323977	0.0413021272816	0.150108806679
áfr-	0.0	0.971563981043	0.0284360189573	0.0
oro-	0.00890269151138	0.916149068323	0.0699792960663	0.00496894409938
asi-	0.00671892497201	0.988241881299	0.001679731243	0.003359462486
dia-	0.0	1.0	0.0	0.0
tip-	0.513800946702	0.274482080285	0.1540542202	0.0576627528125
uva-	0.046297795412	0.922451192685	0.0	0.0312510119031
pok-	0.0174523784186	0.957646057252	0.00127700329892	0.0236245610301
tér-	0.222791293214	0.74647887324	0.0153649167734	0.0153649167734
tol-	0.0231213872832	0.976878612717	0.0	0.0
mel-	0.073372781065	0.894674556213	0.00236686390533	0.0295857988165
tit-	0.319388385541	0.527055023844	0.0805916367309	0.0729649538847
cue-	0.413201363667	0.193271170228	0.036442924345	0.357084541759
cāy-	0.143737166324	0.856262833676	0.0	0.0
mir-	0.0109289617486	0.972677595628	0.016393442623	0.0
isa-	0.0156088859158	0.961813975527	0.00641079242969	0.016166346127
tum-	0.186142268919	0.527509583984	0.03684509442	0.249503052676
lāk-	0.592592592593	0.259259259259	0.0	0.148148148148
eut-	0.0	1.0	0.0	0.0
pud-	0.0	1.0	0.0	0.0
dio-	0.118703766571	0.56901016976	0.00990900454306	0.302377059126
pāx-	0.385186535358	0.421477907188	0.0765981189552	0.116737438498
xam-	0.0899178265144	0.583785150961	0.116333216885	0.20996380564
bab-	0.0167041439126	0.360209872577	0.0439019166935	0.579184066817
huī-	0.586708219901	0.0913912916576	0.014517207147	0.307383281294
se'-	0.127931769723	0.202558635394	0.669509594883	0.0
siy-	0.0508511096746	0.929756517992	0.0161603102779	0.00323206205559
láz-	0.0291853752406	0.896728672226	0.00577293136626	0.0683130211674
cac-	0.423843887849	0.394009899445	0.0905258401412	0.091620372564
lau-	0.443396226415	0.27358490566	0.0566037735849	0.22641509434
moi-	0.0710714154084	0.820478641719	0.00847697089573	0.0999729719768
xlī-	0.222461596103	0.181247658299	0.0684713375796	0.527819408018
ora-	0.498507105831	0.402283487136	0.0288352544834	0.0703741525503
jud-	0.0347591908311	0.904177365817	0.00206676269806	0.0589966806539
mip-	0.461844197138	0.471383147854	0.066772655008	0.0
mi'-	0.139743001377	0.779027076641	0.0	0.0812299219826
uzí-	0.0	1.0	0.0	0.0
cis-	0.0	0.95652173913	0.0434782608695	0.0
laq-	0.513333333333	0.0266666666667	0.46	0.0
īxt-	0.222972972973	0.472972972973	0.0202702702703	0.283783783784
pek-	0.353693867697	0.406084017383	0.0724287783679	0.167793336552
sab-	0.0	1.0	0.0	0.0
nin-	0.0	1.0	0.0	0.0
su'-	0.0633802816902	0.239436619718	0.528169014084	0.169014084507
paj-	0.0985221674877	0.812807881773	0.088669950739	0.0
hui-	0.066337918742	0.0378544761293	0.0093730085878	0.886434596541
cie-	0.0506054678694	0.10962983144	0.0344487858506	0.80531591484
sir-	0.0189022682722	0.947493699244	0.0336040324839	0.0
pix-	0.342548076923	0.575034340659	0.0103021978022	0.0721153846154
xas-	0.121847955824	0.263042955905	0.515213211239	0.099895877033
ca'-	0.573271014622	0.161342618963	0.0471751062327	0.218211260182
sós-	0.0	1.0	0.0	0.0
lim-	0.163793103448	0.612068965517	0.224137931035	0.0
ta'-	0.429459380931	0.301385732305	0.101159214206	0.167995672559
esr-	0.0	1.0	0.0	0.0
egi-	0.0448912789338	0.891512742577	0.0568155249006	0.00678045358896
sma-	0.158844765343	0.540312876053	0.1853188929	0.115523465704
jue-	0.0844593126819	0.784159534257	0.0328452882652	0.0985358647956
and-	0.00541271989175	0.991880920162	0.0	0.00270635994587
ALL	0.237380744104	0.310335485775	0.057147463286	0.395136306834
ana-	0.0721689810287	0.74007432036	0.0246430666927	0.163113631919
xat-	0.140235211899	0.289268610582	0.397497434514	0.172998743005
cil-	0.0	1.0	0.0	0.0
per-	0.0163970266725	0.932444250109	0.045911674683	0.0052470485352
arm-	0.0	0.964285714286	0.0357142857143	0.0
cal-	0.341526215765	0.316471496502	0.0871481411525	0.25485414658
mor-	0.292682926829	0.707317073171	0.0	0.0
zor-	0.0	1.0	0.0	0.0
ānā-	0.964285714286	0.0	0.0	0.0357142857144
xcu-	0.848863636364	0.0630681818183	0.072159090909	0.0159090909091
lid-	0.0230769230769	0.858974358974	0.0	0.117948717949
ata-	0.0	1.0	0.0	0.0
tie-	0.122553191489	0.632340425532	0.0	0.245106382979
far-	0.0177019633087	0.96775024139	0.00386224654008	0.0106855487609
fra-	0.0	0.672727272727	0.327272727273	0.0
icq-	0.487920416864	0.224064424443	0.0833728090952	0.204642349597
tac-	0.200648044578	0.566692652299	0.0343971668075	0.198262136316
lev-	0.0244215938303	0.920051413882	0.0401028277635	0.0154241645244
sed-	0.0193548387097	0.893548387097	0.0870967741935	0.0
arc-	0.134859011034	0.865140988966	0.0	0.0
ā'n-	0.539717891611	0.22568671121	0.0267260579065	0.207869339272
adi-	0.0	1.0	0.0	0.0
saú-	0.479400749064	0.505617977528	0.0149812734082	0.0
ami-	0.0512893615201	0.787501247309	0.0349246625137	0.126284728657
sā'-	0.0	0.96790299572	0.0320970042796	0.0
gue-	0.0673967986521	0.466442010671	0.0154450996911	0.450716090986
ā'i-	0.0250347705146	0.532220676866	0.0222531293463	0.420491423273
pīk-	0.0736842105263	0.0956937799043	0.830622009569	0.0
cás-	0.0410209662717	0.922515952598	0.0364630811303	0.0
sec-	0.121725731895	0.818181818182	0.055469953775	0.00462249614792
eub-	0.0	1.0	0.0	0.0
tzā-	0.576237009462	0.305878703273	0.0907398790135	0.0271444082519
pu'-	0.217148461243	0.23795787613	0.0535225080527	0.491371154575
ī'l-	0.405478184037	0.419909959187	0.103084108217	0.0715277485589
jai-	0.0785824345146	0.852080123267	0.0277349768875	0.0416024653313
jāc-	0.03480475382	0.0444255800792	0.00169779286927	0.919071873232
tal-	0.474829501715	0.290319335697	0.0730255058138	0.161825656775
ixy-	0.431189839724	0.410223512494	0.0385339336405	0.120052714142
pāt-	0.43461045945	0.375832467654	0.0668269002752	0.122730172621
pa'-	0.124350029283	0.851174957645	0.0186591683812	0.00581584469025
kos-	0.215240641711	0.784759358289	0.0	0.0
snū-	0.129264861062	0.602972212452	0.0830988392542	0.184664087232
rod-	0.173047473201	0.808575803982	0.0	0.0183767228178
zaf-	0.1	0.9	0.0	0.0
pue-	0.0434782608696	0.95652173913	0.0	0.0
ixk-	0.281394841625	0.555680489722	0.0344181699731	0.12850649868
pon-	0.166494538854	0.778737520734	0.008762870466	0.0460050699465
lhm-	0.0	0.246835443038	0.753164556962	0.0
azu-	0.0276752767528	0.972324723247	0.0	0.0
hig-	0.0145204432557	0.9518532671	0.0320978219335	0.00152846771112
chi-	0.122099267267	0.648972106668	0.0304159861653	0.1985126399
cāh-	0.385972905307	0.0594127437638	0.0059823265704	0.548632024359
jāl-	0.256340709017	0.0848996748354	0.0765722896344	0.582187326513
ben-	0.0	1.0	0.0	0.0
dió-	0.534262485482	0.320557491289	0.0929152148663	0.0522648083624
tēt-	0.44921785926	0.30223012724	0.0155059971724	0.233046016327
sti-	0.135338345865	0.548872180451	0.270676691729	0.0451127819549
pin-	0.658309328785	0.173395986547	0.121658808194	0.0466358764745
pax-	0.363431932192	0.451478982875	0.0830306175403	0.102058467393
pās-	0.580103359173	0.385443583118	0.00861326442722	0.0258397932816
skā-	0.0814174224847	0.769211839977	0.0860577937144	0.0633129438234
der-	0.0103092783505	0.989690721649	0.0	0.0
lam-	0.134640814714	0.728142334576	0.0412165759329	0.0960002747771
til-	0.396231595046	0.357322035727	0.13925148604	0.107194883187
cua-	0.0217413118373	0.886276215005	0.0749239054086	0.0170585677493
dám-	0.0	1.0	0.0	0.0
lht-	0.367033545962	0.39949026085	0.0811061909101	0.152370002278
icn-	0.664150943396	0.154716981132	0.0566037735849	0.124528301887
sat-	0.358415841584	0.538613861386	0.10297029703	0.0
pur-	0.0505415162455	0.92320315064	0.0075484082704	0.0187069248441
sió-	0.0060410793395	0.986709625453	0.0	0.00724929520742
icp-	0.418178500251	0.22315464309	0.0951934140337	0.263473442626
xīp-	0.0	1.0	0.0	0.0
ani-	0.0332015464931	0.85796509469	0.0274131189795	0.0814202398375
evo-	0.0	1.0	0.0	0.0
sām-	0.814545454546	0.12	0.0545454545455	0.0109090909091
xka-	0.213874542921	0.638167274608	0.0715744171415	0.076383765329
neg-	0.0384615384615	0.923076923077	0.0384615384615	0.0
ele-	0.0	1.0	0.0	0.0
xtī-	0.829268292683	0.0780487804878	0.0780487804877	0.0146341463415
doc-	0.0149235169755	0.88434274344	0.059694067902	0.0410396716826
ban-	0.0253347810351	0.974665218965	0.0	0.0
adr-	0.200581395349	0.758720930233	0.0406976744186	0.0
azo-	0.0	1.0	0.0	0.0
ter-	0.0	1.0	0.0	0.0
icm-	0.48908447512	0.268635864159	0.0653124511709	0.17696720955
pīt-	0.0499242221628	0.737897833645	0.069537309441	0.142640634751
tra-	0.0	1.0	0.0	0.0
puy-	0.0330819751885	0.926781804914	0.0	0.0401362198978
nam-	0.505881955615	0.278377242527	0.0630083123457	0.152732489512
bal-	0.0571852165625	0.928518479297	0.00476543471355	0.00953086942708
arq-	0.0638888888889	0.936111111111	0.0	0.0
ale-	0.0201030927835	0.893298969072	0.0773195876289	0.00927835051546
cāq-	0.399694272098	0.528549590864	0.0302131103318	0.0415430267062
sid-	0.00363636363636	0.990909090909	0.0	0.00545454545455
oli-	0.00566839867736	0.990080302315	0.0	0.00425129900803
skō-	0.607541899441	0.329608938547	0.0	0.0628491620112
luc-	0.00823917137478	0.988229755179	0.0	0.00353107344633
taq-	0.314704842042	0.357279818307	0.188580896178	0.139434443472
tzo-	0.479126875853	0.276589358799	0.0197135061392	0.224570259209
tok-	0.954022988506	0.0	0.0	0.0459770114943
dec-	0.0102040816326	0.755102040816	0.0	0.234693877551
eli-	0.0333189362621	0.750107978034	0.0	0.216573085704
xua-	0.102189781022	0.85401459854	0.014598540146	0.029197080292
chū-	0.258271438217	0.296646410083	0.199189736664	0.245892415035
col-	0.135849056604	0.841509433962	0.0	0.022641509434
ove-	0.0	0.896265560166	0.103734439834	0.0
put-	0.619276577783	0.270154704447	0.0243159420822	0.0862527756877
ixr-	0.396659707724	0.56993736952	0.0334029227558	0.0
ene-	0.0	1.0	0.0	0.0
pan-	0.00574988021083	0.994250119789	0.0	0.0
diá-	0.037937575444	0.732022762545	0.161062252112	0.0689774098983
a'c-	0.135613356894	0.0307288059707	0.00540576421201	0.828252072924
tor-	0.0122837547344	0.901729962125	0.0859862831405	0.0
lec-	0.0301507537688	0.778894472362	0.1608040201	0.0301507537688
efr-	0.0	1.0	0.0	0.0
tū'-	0.108715619312	0.779061805915	0.08416693108	0.0280556436933
ema-	0.0243902439024	0.963414634146	0.0121951219512	0.0
cre-	0.0818042813455	0.863149847095	0.00917431192662	0.045871559633
lat-	0.270867625659	0.501586392805	0.102364083113	0.125181898423
icy-	0.70814479638	0.203619909502	0.0203619909502	0.0678733031674
ka'-	0.327612178314	0.266005984026	0.158714299339	0.247667538321
pūm-	0.0605169153183	0.918890523219	0.0180710233242	0.00252153813826
ick-	0.651047674685	0.155920100468	0.0386699804113	0.154362244435
fre-	0.0361445783133	0.855421686747	0.10843373494	0.0
e'ē-	0.108303249097	0.0595667870036	0.0	0.832129963899
xcā-	0.0652772459567	0.782014113013	0.0327297923163	0.119978848714
xtu-	0.113864463984	0.329005482483	0.143763776857	0.413366276676
isr-	0.038288549322	0.711780222051	0.0843618784568	0.16556935017
ber-	0.028873683083	0.800324247975	0.00737092261802	0.163431146324
jil-	0.090099528549	0.902042954426	0.00471451021477	0.00314300680984
tia-	0.0	1.0	0.0	0.0
nal-	0.429923488703	0.340198795502	0.101485002539	0.128392713256
car-	0.252670637958	0.622083929582	0.00798695464075	0.11725847782
sca-	0.413319531717	0.416104153606	0.0531410826494	0.117435232027
xmā-	0.127140257092	0.0479838672442	0.0449402431082	0.779935632556
līk-	0.642751916444	0.207937474087	0.0687890897222	0.0805215197466
mim-	0.180053669366	0.40000689583	0.0286643850976	0.391275049706
pól-	0.02722323049	0.94555353902	0.0	0.02722323049
po'-	0.102924634421	0.745219347582	0.0506186726659	0.101237345332
māy-	0.612083568605	0.360813099943	0.0	0.0271033314511
oné-	0.0121334681497	0.66026289181	0.0970677451971	0.230535894843
pun-	0.135746606335	0.511312217195	0.064479638009	0.288461538462
tah-	0.48007964506	0.124138030095	0.0256959484498	0.370086376396
cai-	0.00925925925926	0.973456790123	0.0098765432099	0.00740740740739
tūc-	0.112257281553	0.0195691747573	0.015625	0.852548543689
jot-	0.0	1.0	0.0	0.0
pe'-	0.0314960629921	0.0944881889764	0.574803149606	0.299212598425
sko-	0.462316789485	0.471068599222	0.0597823434679	0.0068322678249
can-	0.121874849463	0.711209595838	0.0590105496411	0.107905005058
zab-	0.0	1.0	0.0	0.0
paf-	0.0	1.0	0.0	0.0
tih-	0.41898764204	0.251208631442	0.0948081264108	0.234995600107
óni-	0.0	0.833333333333	0.166666666667	0.0
tāy-	0.657722255418	0.122280431147	0.0425295715237	0.177467741911
cāl-	0.564258518801	0.2529292619	0.0782959727074	0.104516246591
lī'-	0.237347621196	0.613501174696	0.10695509975	0.0421961043577
ixo-	0.398943733496	0.489742027219	0.0422506601666	0.0690635791184
met-	0.0211764705882	0.774117647059	0.0705882352941	0.134117647059
mna-	0.15	0.775	0.0	0.075
nef-	0.0	1.0	0.0	0.0
ces-	0.00446428571429	0.975446428571	0.0	0.0200892857143
ixd-	0.100350740452	0.758378799688	0.0350740452065	0.106196414653
ken-	0.129296777934	0.220326348049	0.107843949308	0.542532924708
inv-	0.474842767296	0.303234501348	0.18149146451	0.0404312668464
gól-	0.0	1.0	0.0	0.0
lhp-	0.622641509434	0.0	0.0377358490566	0.339622641509
cāc-	0.595369292642	0.29972382814	0.0491618270018	0.0557450522158
cob-	0.0	0.935681470138	0.0643185298622	0.0
jal-	0.19109947644	0.746073298429	0.0471204188482	0.0157068062827
mat-	0.0834842283355	0.867562395248	0.0137291338957	0.0352242425203
īxl-	0.451282051282	0.435897435897	0.0205128205128	0.0923076923077
stu-	0.72905027933	0.0921787709497	0.106145251397	0.072625698324
tró-	0.0147058823529	0.985294117647	0.0	0.0
nīm-	0.129559748428	0.625911949686	0.0337106918239	0.210817610063
cul-	0.0908677873694	0.900045433894	0.00908677873692	0.0
mad-	0.0520231213873	0.843930635838	0.104046242775	0.0
par-	0.00578368999422	0.990360516676	0.00385579332948	0.0
cāu-	0.0681818181818	0.0681818181818	0.0	0.863636363636
cop-	0.762853470437	0.108611825193	0.109254498715	0.0192802056555
chī-	0.0411031503606	0.0227142699001	0.00261018150544	0.933572398234
nah-	0.449320700686	0.159384965276	0.0253451353182	0.36594919872
paí-	0.258241758242	0.708791208791	0.0	0.032967032967
pom-	0.0434782608696	0.858695652174	0.0978260869565	0.0
rag-	0.0	1.0	0.0	0.0
feb-	0.021897810219	0.978102189781	0.0	0.0
ict-	0.4640253421	0.271894018802	0.0651961422735	0.198884496825
amé-	0.149124298589	0.130845094372	0.00561129059685	0.714419316443
quī-	0.478860513245	0.268727081695	0.105390943432	0.147021461628
tre-	0.0	0.811023622047	0.0	0.188976377953
her-	0.0405351833499	0.842765113974	0.039692765114	0.0770069375619
gay-	0.0125523012552	0.987447698745	0.0	0.0
pūq-	0.0365111561866	0.951318458418	0.0121703853955	0.0
gob-	0.0763569557824	0.837908918427	0.069276235572	0.0164578902188
kōl-	0.168617500205	0.240648276991	0.475321273635	0.115412949169
dan-	0.0411948691682	0.807757277215	0.151047853617	0.0
cā'-	0.0869676431986	0.792991874513	0.0351185967167	0.0849218855721
apó-	0.0322651099992	0.833065284727	0.0242236518148	0.110445953459
naq-	0.517156679883	0.251998669399	0.0736890207639	0.157155629954
ser-	0.0	1.0	0.0	0.0
cri-	0.0248137475033	0.78028405093	0.00418293154782	0.190719270019
mis-	0.0974219551168	0.617586034199	0.0414967446519	0.243495266032
elm-	0.0	1.0	0.0	0.0
xum-	0.0720202934029	0.898178205879	0.0298015007184	0.0
ran-	0.170142700329	0.65751920966	0.0373216245883	0.135016465423
xal-	0.0853723636354	0.174354443942	0.0789214350255	0.661351757397
puc-	0.192586931601	0.45433702713	0.337027130302	0.0160489109667
zel-	0.0	1.0	0.0	0.0
nac-	0.130363799915	0.0965386056012	0.0216367664257	0.751460828058
tza-	0.0979420664789	0.0311165234318	0.0211979875354	0.849743422554
agr-	0.00336134453781	0.993277310924	0.00336134453782	0.0
ixv-	0.123203285421	0.753593429158	0.0616016427105	0.0616016427105
kex-	0.607237507574	0.208357899923	0.053946718333	0.13045787417
gre-	0.0	1.0	0.0	0.0
sos-	0.0	0.966101694915	0.0	0.0338983050847
cad-	0.0488165680473	0.920118343195	0.0221893491124	0.00887573964496
fél-	0.0965658937481	0.850601702378	0.0	0.0528324038744
moj-	0.581234431221	0.314311844908	0.0286405371906	0.075813186681
tat-	0.49766199384	0.23442784749	0.0544318625312	0.213478296139
bit-	0.0	1.0	0.0	0.0
leg-	0.0	0.954081632653	0.0	0.0459183673469
lāc-	0.503930266947	0.338080784497	0.125301579889	0.0326873686668
cef-	0.0754716981132	0.830188679245	0.0	0.0943396226415
pot-	0.301075268817	0.698924731183	0.0	0.0
esa-	0.0516129032258	0.922580645161	0.0129032258065	0.0129032258065
már-	0.0	1.0	0.0	0.0
pān-	0.0410351131084	0.93811409856	0.0	0.0208507883312
ixq-	0.306731010673	0.42837073322	0.0706621420246	0.194236114083
aug-	0.0950495049504	0.90495049505	0.0	0.0
mos-	0.0660066006601	0.90465713238	0.0183351668501	0.01100110011
lū'-	0.297033990041	0.0982896730894	0.56148516995	0.0431911669193
ā'a-	0.21245257755	0.12787324258	0.11983932158	0.53983485829
sak-	0.86119873817	0.0520504731861	0.0	0.0867507886435
fri-	0.0	0.981176470588	0.0188235294118	0.0
reg-	0.159175222155	0.833060132862	0.00776464498317	0.0
pla-	0.00931445603578	0.936661698957	0.0465722801789	0.00745156482862
līg-	0.0	0.979020979021	0.020979020979	0.0
mac-	0.30604718967	0.388453675646	0.0798462599004	0.225652874784
ico-	0.36249769755	0.519985264321	0.0121569349788	0.10536010315
tuj-	0.0	1.0	0.0	0.0
bet-	0.00911940723853	0.980621259618	0.00341977771445	0.0068395554289
pūc-	0.085582222858	0.787374331144	0.0531955315753	0.0738479144222
nar-	0.0349854227405	0.848396501458	0.116618075802	0.0
pūh-	0.239977728285	0.363307349666	0.16425389755	0.232461024499
sal-	0.15021852911	0.708088274969	0.046241838882	0.0954513570388
nīc-	0.329211746522	0.10741885626	0.120556414219	0.442812982999
tēl-	0.696428571429	0.0892857142857	0.0714285714286	0.142857142857
neá-	0.0	1.0	0.0	0.0
cim-	0.0	0.901639344262	0.0491803278688	0.0491803278688
sac-	0.847246891652	0.126110124334	0.0	0.0266429840142
icā-	0.04	0.4	0.36	0.2
gab-	0.0	1.0	0.0	0.0
sek-	0.0	0.694480102696	0.290115532734	0.0154043645699
cam-	0.452910952983	0.340297274421	0.09074199082	0.116049781776
xak-	0.0912255363802	0.366345350995	0.301073888735	0.241355223889
stā-	0.550110093046	0.314700381182	0.0426166631153	0.092572862656
līl-	0.277407633685	0.326487286908	0.234595362761	0.161509716646
mix-	0.313037080466	0.329666097613	0.269582061584	0.0877147603364
līn-	0.231337390254	0.689947507781	0.0268035490314	0.0519115529335
min-	0.176308066531	0.47817534871	0.083891479551	0.261625105208
ū'n-	0.0517392852903	0.875198860264	0.0193992639202	0.0536625905259
tuc-	0.29766536965	0.267509727627	0.0904669260701	0.344357976654
est-	0.111304676633	0.654161433645	0.0166781455523	0.217855744169
mās-	0.374572010937	0.371784278712	0.0739348554416	0.179708854909
ren-	0.0	1.0	0.0	0.0
lla-	0.0	0.989247311828	0.010752688172	0.0
xāh-	0.793650793651	0.206349206349	0.0	0.0
joe-	0.0425531914894	0.957446808511	0.0	0.0
lāq-	0.241883465921	0.53880885831	0.15480541819	0.064502257579
tab-	0.0	1.0	0.0	0.0
ixc-	0.340725394753	0.458325283015	0.060329029948	0.140620292283
naz-	0.0176015268794	0.977308874987	0.00381719860035	0.00127239953345
bot-	0.157575757576	0.842424242424	0.0	0.0
jic-	0.281935079445	0.216468723867	0.369388149371	0.132208047317
nue-	0.0	0.0281103247569	0.0603214498313	0.911568225412
adá-	0.049243115083	0.843881086996	0.0361116177275	0.0707641801933
ixa-	0.246177069055	0.540094781286	0.0655113863782	0.148216763281
tej-	0.0725382109747	0.73966424455	0.0135304434979	0.174267100977
lu'-	0.0998460946518	0.82127741439	0.0213543670642	0.0575221238939
sno-	0.715372907154	0.211567732116	0.0273972602739	0.0456621004567
ā'j-	0.367193108399	0.218234027279	0.0	0.414572864322
kem-	0.132334689872	0.474413369123	0.119779490288	0.273472450717
ā'x-	0.126230779606	0.0531089830051	0.640426895063	0.180233342325
ixj-	0.331966266174	0.30990064695	0.0774029574861	0.28073012939
mun-	0.0764331210191	0.808917197452	0.114649681529	0.0
spu-	0.301193921852	0.330680173661	0.148335745297	0.21979015919
esl-	0.0	1.0	0.0	0.0
u'c-	0.642105263158	0.168421052632	0.0868421052631	0.102631578947
cax-	0.543181239139	0.357158339449	0.0737870427763	0.0258733786358
ged-	0.0	1.0	0.0	0.0
lāx-	0.889908256881	0.110091743119	0.0	0.0
one-	0.0	1.0	0.0	0.0
naí-	0.0	0.925925925926	0.0	0.0740740740741
gog-	0.139705882353	0.860294117647	0.0	0.0
saf-	0.0	1.0	0.0	0.0
tes-	0.0538984824699	0.908424908425	0.00313971742543	0.0345368916798
īxp-	0.0409165302782	0.738134206219	0.0981996726678	0.122749590835
ī'c-	0.161933053181	0.779379800029	0.0456455586147	0.0130415881756
sil-	0.0358336158055	0.81138927897	0.0174325698513	0.135344535374
sla-	0.178775199696	0.665271966527	0.140737923165	0.0152149106124
lal-	0.28039282086	0.457500846597	0.0274297324755	0.234676600068
jas-	0.0333068992863	0.952418715305	0.0142743854084	0.0
kēs-	0.150261324042	0.48649825784	0.352787456446	0.0104529616725
xa'-	0.414188785108	0.307814234429	0.113424712788	0.164572267675
him-	0.0248226950354	0.968085106383	0.0	0.00709219858156
tik-	0.648282569351	0.197570542506	0.0700626686676	0.0840842194756
mē'-	0.111111111111	0.648451730419	0.0874316939891	0.153005464481
rei-	0.00469593801361	0.995304061986	0.0	0.0
lhu-	0.0252600297177	0.917215028656	0.0258968371896	0.0316281044364
pim-	0.686524822695	0.243971631206	0.0212765957447	0.0482269503546
sau-	0.0315653298836	0.724450194049	0.00362225097024	0.240362225097
sín-	0.201680672269	0.798319327731	0.0	0.0
esm-	0.00995024875622	0.840796019901	0.149253731343	0.0
pri-	0.0294117647059	0.970588235294	0.0	0.0
tro-	0.112178294352	0.813102974435	0.0463771435115	0.0283415877015
māh-	0.53107606679	0.412685528757	0.0179730983302	0.0382653061224
tij-	0.225119594785	0.426883031611	0.259825532314	0.0881718412907
ela-	0.0	1.0	0.0	0.0
tāl-	0.019969837673	0.744414303704	0.0772684531871	0.158347405436
lon-	0.0293140512019	0.866132499511	0.104553449287	0.0
nag-	0.0	1.0	0.0	0.0
arp-	0.242456896552	0.738146551724	0.0193965517241	0.0
itu-	0.0	0.989323843416	0.0106761565836	0.0
fen-	0.0112676056338	0.954929577465	0.0225352112676	0.0112676056338
xuā-	0.0420841683367	0.829659318637	0.0561122244489	0.0721442885772
pux-	0.0721213097191	0.810897235761	0.0434798326536	0.0735016218667
tir-	0.0	1.0	0.0	0.0
las-	0.138011152416	0.861988847584	0.0	0.0
toj-	0.485627369721	0.207741821709	0.0407812362226	0.265849572348
rob-	0.0	1.0	0.0	0.0
ric-	0.0980736431773	0.171520754793	0.644055047395	0.0863505546342
ā's-	0.539325842697	0.123595505618	0.0	0.337078651685
xax-	0.259737495775	0.475664963419	0.163065206804	0.101532334003
ī'x-	0.209396558357	0.630010514708	0.0712606536216	0.089332273314
fle-	0.0503875968992	0.949612403101	0.0	0.0
ceb-	0.0207852193995	0.951501154734	0.0	0.0277136258661
tap-	0.380958935719	0.405661674229	0.0728180867508	0.140561303301
tūy-	0.206853820123	0.172584719508	0.0960869357991	0.52447452457
sol-	0.123100498021	0.838845613587	0.00817264717149	0.0298812412208
dom-	0.00813008130081	0.723577235772	0.0447154471545	0.223577235772
lūh-	0.0982976800241	0.851988550768	0.0384151852968	0.0112985839108
ced-	0.0	1.0	0.0	0.0
squ-	0.369537036356	0.538601461461	0.0251138884645	0.0667476137186
lām-	0.25195968645	0.641657334826	0.0516361826552	0.0547467960682
com-	0.047619047619	0.952380952381	0.0	0.0
mag-	0.0830364058869	0.776607281177	0.109682416731	0.0306738962045
tā'-	0.224228856925	0.58540050966	0.053158081877	0.137212551538
job-	0.0	0.833333333333	0.111111111111	0.0555555555556
ped-	0.0196161530544	0.825543379548	0.00402615487074	0.150814312527
ixu-	0.631745270124	0.0932793089732	0.0185102427281	0.256465178174
esp-	0.0251437253914	0.930511421329	0.0379164749111	0.00642837836851
aqu-	0.0	1.0	0.0	0.0
ā't-	0.199611621104	0.170911933824	0.116261474831	0.513214970241
lhū-	0.075961550503	0.0590285294123	0.58776278385	0.277247136235
dru-	0.0	1.0	0.0	0.0
pau-	0.0	1.0	0.0	0.0
xca-	0.0175087543772	0.0789839364126	0.87682730254	0.02668000667
leb-	0.0	0.864864864865	0.0540540540541	0.0810810810811
mon-	0.0856210926883	0.51073661321	0.0	0.403642294102
tze-	0.202343230009	0.223022130685	0.274415012436	0.30021962687
xla-	0.127430232535	0.0260785232289	0.00300689328093	0.843484350955
tic-	0.357981012749	0.281356970849	0.0917238374738	0.268938178928
ram-	0.145960034752	0.854039965248	0.0	0.0
kēh-	0.48830479865	0.417651314203	0.0651073064866	0.0289365806607
līx-	0.270448319833	0.568961221702	0.0422323316231	0.118358126842
sáb-	0.00646551724139	0.903017241379	0.0711206896552	0.0193965517241
kox-	0.144124678191	0.587279330636	0.1889481427	0.0796478484737
nā'-	0.078799249531	0.774859287054	0.12382739212	0.0225140712946
tzē-	0.173663925322	0.0695268353595	0.0870269149123	0.669782324406
pūl-	0.172259890865	0.329648094559	0.142483903789	0.355608110787
eti-	0.0	0.770034843206	0.229965156794	0.0
vin-	0.0333551340746	0.756703727927	0.202092871158	0.00784826684107
elí-	0.0074794315632	0.989404138619	0.000623285963599	0.0024931438544
sip-	0.030140275496	0.944458486036	0.000758245924427	0.0246429925439
a'n-	0.205412610897	0.104181609704	0.0211435313775	0.669262248021
arf-	0.0	1.0	0.0	0.0
cle-	0.0349417637271	0.945091514143	0.0199667221298	0.0
cum-	0.0	0.835051546392	0.0	0.164948453608
leó-	0.0147492625369	0.871189773845	0.0934119960669	0.0206489675516
tāq-	0.76911976912	0.085137085137	0.050505050505	0.0952380952381
līj-	0.17603722373	0.460255913145	0.198526560682	0.165180302443
tuy-	0.171875	0.828125	0.0	0.0
zeb-	0.00360576923077	0.996394230769	0.0	0.0
pis-	0.0324616771867	0.689810640216	0.21911632101	0.058611361587
amó-	0.0	1.0	0.0	0.0
līc-	0.295935436008	0.466138440241	0.0408621855417	0.197063938209
nai-	0.0435413642961	0.492017416546	0.391872278665	0.0725689404935
icc-	0.534995292294	0.166304797839	0.0570300393493	0.241669870518
his-	0.0	0.89721627409	0.10278372591	0.0
anf-	0.0384615384615	0.961538461538	0.0	0.0
apo-	0.0291359855909	0.958150129788	0.00317847115538	0.00953541346612
fan-	0.0	1.0	0.0	0.0
ixā-	0.307151367216	0.384680208061	0.0305117252201	0.277656699503
quí-	0.0	0.933333333333	0.0666666666667	0.0
lot-	0.0	0.872698742458	0.0530421906424	0.0742590668994
nín-	0.0	1.0	0.0	0.0
yuj-	0.551502495118	0.241022998481	0.0341722716425	0.173302234758
tu'-	0.196842090057	0.0792019993355	0.0180286898863	0.705927220721
caj-	0.132707386719	0.449139551964	0.393151766151	0.0250012951671
fir-	0.46875	0.296875	0.1171875	0.1171875
nay-	0.417419256084	0.359099954079	0.0528088167763	0.17067197306
sa'-	0.560934891486	0.130217028381	0.0667779632721	0.242070116861
rub-	0.0	1.0	0.0	0.0
līm-	0.199180032473	0.615258314152	0.0606267014402	0.124934951935
chu-	0.163215075424	0.0532569774858	0.0247254374247	0.758802509665
tis-	0.412250217202	0.316681146829	0.105994787142	0.165073848827
lep-	0.262748151031	0.591669910471	0.141689373297	0.00389256520047
reb-	0.145161290323	0.629032258065	0.177419354839	0.0483870967742
cām-	0.539442208697	0.253346307205	0.0725854841676	0.134625999931
lāt-	0.215937657114	0.647310206134	0.0780961957432	0.0586559410089
kōt-	0.043472043472	0.622193622194	0.077363077363	0.256971256971
dav-	0.00698244951877	0.971881487073	0.000754859407434	0.0203812040007
na'-	0.502992927126	0.226984035446	0.0602351097352	0.209787927692
ixn-	0.265849596821	0.426799696155	0.158934205913	0.14841650111
jop-	0.0	1.0	0.0	0.0
tan-	0.502252498684	0.180131288614	0.0492777356436	0.268338477058
cas-	0.434082601034	0.386556047724	0.061731978281	0.117629372961
bar-	0.0940326656658	0.829619221132	0.0155474464254	0.0608006667771
abo-	0.118443316413	0.881556683587	0.0	0.0
aga-	0.0	0.924199084668	0.0414759725401	0.0343249427917
epa-	0.0748925721301	0.833640270104	0.0656844689994	0.0257826887661
ama-	0.0	1.0	0.0	0.0
tīl-	0.410256410256	0.128205128205	0.410256410256	0.0512820512821
pob-	0.506172839506	0.197530864197	0.138888888889	0.157407407407
caí-	0.0	0.97385620915	0.0130718954248	0.0130718954248
scu-	0.18856356819	0.584652817323	0.0329470406828	0.193836573804
pō'-	0.134530401966	0.118158782968	0.0685441266731	0.678766688392
mu'-	0.207826220921	0.643044215067	0.0677861654598	0.0813433985519
lah-	0.562054208274	0.25820256776	0.156918687589	0.0228245363766
ī'n-	0.490566037736	0.501048218029	0.0	0.00838574423479
sur-	0.0359712230216	0.334532374101	0.383693045564	0.245803357314
nīl-	0.571004858093	0.286126310407	0.0412170800307	0.10165175147
bel-	0.0314381270903	0.900334448161	0.0	0.0682274247491
boa-	0.0277777777778	0.944444444444	0.0277777777777	0.0
ixi-	0.715942028986	0.24347826087	0.0	0.0405797101449
jef-	0.0	1.0	0.0	0.0
leo-	0.212389380531	0.787610619469	0.0	0.0
cat-	0.395440001097	0.283502010607	0.108754942292	0.212303046004
fig-	0.0	1.0	0.0	0.0
māl-	0.411793349887	0.396575964416	0.120443789492	0.0711868962045
nak-	0.395419250511	0.237171424825	0.0930548203975	0.274354504266
ven-	0.194293478261	0.422554347826	0.383152173913	0.0
nan-	0.493920444481	0.297101140575	0.0246410898581	0.184337325085
pol-	0.0954296673996	0.847499649156	0.00280675492352	0.0542639285213
lhc-	0.375945714063	0.454605724982	0.14565946494	0.0237890960144
icu-	0.440931547365	0.170895714576	0.0674091757532	0.320763562306
kēp-	0.200641319285	0.140174072378	0.194686211635	0.464498396702
sar-	0.0573888091822	0.919655667145	0.00573888091822	0.0172166427546
lao-	0.0	1.0	0.0	0.0
pūp-	0.278858832323	0.617110929711	0.0594458502659	0.0445843876994
bee-	0.0396341463415	0.960365853659	0.0	0.0
kēt-	0.458193979933	0.342251950948	0.0401337792642	0.159420289855
teu-	0.254237288136	0.667535853977	0.0	0.0782268578879
dam-	0.0204865556978	0.97695262484	0.0	0.00256081946223
qui-	0.181132439187	0.291388535482	0.0277817764561	0.499697248875
nap-	0.409932824952	0.389991139284	0.0770314052319	0.123044630532
jec-	0.04	0.96	0.0	0.0
art-	0.0253164556962	0.898734177215	0.0759493670885	0.0
xac-	0.224029870649	0.429923989865	0.258034404587	0.0880117348979
līt-	0.289766243359	0.470369454618	0.0977338890553	0.142130412968
īcp-	0.203125	0.515625	0.21875	0.0624999999999
efa-	0.019801980198	0.950495049505	0.0	0.029702970297
sad-	0.0438344940598	0.932814420319	0.0	0.0233510856207
pub-	0.102389078498	0.877133105802	0.0	0.0204778156997
top-	0.0	1.0	0.0	0.0
xok-	0.427886844953	0.323852218272	0.0530221054259	0.19523883135
tun-	0.0659551079749	0.0330329598241	0.00303623984965	0.897975692351
isc-	0.0	1.0	0.0	0.0
spū-	0.015962298571	0.965795074491	0.0136819702037	0.00456065673457
asó-	0.00680272108844	0.965986394558	0.0	0.0272108843537
sta-	0.163283947373	0.578741821555	0.244454962949	0.0135192681232
tas-	0.422746902864	0.343113306631	0.0544261694422	0.179713621063
amp-	0.0	1.0	0.0	0.0
set-	0.0	1.0	0.0	0.0
pū'-	0.1185648196	0.702940055811	0.0136057989705	0.164889325618
así-	0.0	1.0	0.0	0.0
cux-	0.438772105439	0.366866866867	0.135135135135	0.0592258925592
cés-	0.0774793388429	0.903925619835	0.0123966942149	0.00619834710743
eun-	0.0241240666284	0.93452039058	0.0413555427915	0.0
tzi-	0.110954063604	0.466572438163	0.189540636042	0.232932862191
rom-	0.100121506683	0.576184690158	0.255650060753	0.0680437424058
kep-	0.0	1.0	0.0	0.0
ti'-	0.111615182044	0.596723245233	0.0182390706004	0.273422502123
ixp-	0.102469719967	0.154252482529	0.0174222698497	0.725855527654
cāx-	0.49761202742	0.293250870674	0.100850718454	0.108286383451
heb-	0.0215930902111	0.932341650672	0.03886756238	0.00719769673706
ska-	0.116979520906	0.703608185645	0.0682371799673	0.111175113481
era-	0.0	1.0	0.0	0.0
sus-	0.0	1.0	0.0	0.0
pér-	0.0	1.0	0.0	0.0
ā'l-	0.0936271559469	0.0667685155003	0.0239677126233	0.815636615929
jes-	0.0121819430773	0.608151038532	0.00302105389883	0.376645964492
bro-	0.0142857142857	0.985714285714	0.0	0.0
bla-	0.253664036077	0.545659526494	0.153325817362	0.0473506200676
fam-	0.569167643611	0.128956623681	0.052754982415	0.249120750293
yāk-	0.44347826087	0.426086956522	0.0782608695652	0.0521739130435
xaq-	0.0695153785042	0.881114515946	0.0306435137896	0.0187265917603
tlī-	0.743539415307	0.256460584693	0.0	0.0
pāc-	0.0135922330097	0.284142394822	0.104207119741	0.598058252427
a'j-	0.693069306931	0.158415841584	0.0	0.148514851485
con-	0.75	0.121951219512	0.128048780488	0.0
jān-	0.238331886243	0.056131852732	0.0421712440403	0.663365016984
mak-	0.236012927712	0.254627144519	0.0898494565512	0.419510471218
cin-	0.184321453988	0.618328132698	0.0766409372091	0.120709476104
get-	0.0	1.0	0.0	0.0
sam-	0.0648368703677	0.892984305361	0.00453160921925	0.0376472150522
pūk-	0.666666666667	0.15	0.05	0.133333333333
jua-	0.0582741733419	0.825329334498	0.0104779621123	0.105918530048
i'x-	0.509259259259	0.310185185185	0.0972222222222	0.0833333333332
lit-	0.0	0.4	0.6	0.0
icl-	0.518375829329	0.226586394682	0.0776305137564	0.177407262232
xaj-	0.0144369586141	0.920115495669	0.0596727622714	0.00577478344562
noé-	0.0	1.0	0.0	0.0
inc-	0.6	0.292857142857	0.0857142857143	0.0214285714286
rut-	0.0	1.0	0.0	0.0
tāt-	0.0499950171079	0.911636713949	0.00348802444939	0.0348802444939
ruf-	0.0	1.0	0.0	0.0
cru-	0.179921546297	0.61371041726	0.00569422036633	0.200673816077
lib-	0.0305491004987	0.889553252043	0.0704979242278	0.00939972323037
may-	0.314240672622	0.651077246453	0.0252233315817	0.00945874934314
eje-	0.0548780487805	0.670731707317	0.164634146342	0.109756097561
lē'-	0.61202781582	0.127631001609	0.128442074752	0.13189910782
cap-	0.390332147265	0.493050013959	0.0464893464027	0.0701284923736
māk-	0.222910225029	0.62416006498	0.0817353776215	0.0711943323696
lāp-	0.363474122546	0.522308149911	0.0428316478287	0.0713860797144
ko'-	0.295345504393	0.608075269487	0.00186927534426	0.0947099507758
gam-	0.309677419355	0.612903225806	0.0	0.0774193548387
pūs-	0.0234833659491	0.739726027397	0.236790606654	0.0
gri-	0.0190114068441	0.456590621039	0.461660329531	0.0627376425855
ara-	0.0865438302624	0.910664433277	0.00279173646008	0.0
gad-	0.0236779794791	0.968429360695	0.0	0.00789265982635
sem-	0.0	0.970183486239	0.0	0.0298165137614
cla-	0.025006946374	0.974993053626	0.0	0.0
scā-	0.605307937205	0.210121857503	0.127552420683	0.0570177846086
līf-	0.42	0.33	0.0	0.25
cu'-	0.0978849851425	0.691662296801	0.137038979199	0.0734137388568
oes-	0.0	1.0	0.0	0.0
ose-	0.0571428571429	0.828571428571	0.0571428571429	0.0571428571429
cāj-	0.448484848485	0.221818181818	0.156363636364	0.173333333333
ā'k-	0.270383093009	0.245180532015	0.296435630617	0.188000744358
taj-	0.519119871431	0.225692474948	0.179677160144	0.075510493477
los-	0.206545454545	0.575272727273	0.0436363636364	0.174545454545
gni-	0.0	0.96449704142	0.0	0.0355029585799
fes-	0.0282051282051	0.941025641026	0.0025641025641	0.0282051282051
tax-	0.366428284075	0.307716643688	0.0821345852651	0.243720486972
ixm-	0.348503441447	0.481258296752	0.0612505329573	0.108987728844
clo-	0.0	1.0	0.0	0.0
cay-	0.22126460595	0.117427695368	0.0	0.661307698682
cuc-	0.293816463174	0.560456872785	0.0897991335171	0.0559275305238
ita-	0.0	0.891711229947	0.108288770053	0.0
nīp-	0.314285714286	0.0571428571429	0.628571428571	0.0
tam-	0.485476729892	0.313023182337	0.0836026568157	0.117897430955
kil-	0.0384831235469	0.836446724926	0.0432935139902	0.0817766375371
res-	0.0	1.0	0.0	0.0
den-	0.273913043478	0.530434782609	0.0547826086956	0.140869565217
sīt-	0.178845483083	0.310118978413	0.505948920668	0.00508661783514
sim-	0.0288275193798	0.951792635659	0.00193798449612	0.0174418604651
jus-	0.161480235492	0.688982338099	0.025063078217	0.124474348192
teó-	0.0	1.0	0.0	0.0
xū'-	0.461997019374	0.493293591654	0.0447093889717	0.0
jar-	0.0	1.0	0.0	0.0
lak-	0.398581016605	0.287695372872	0.140220710133	0.17350290039
vid-	0.0	0.911764705882	0.0882352941177	0.0
eze-	0.0	1.0	0.0	0.0
