-nyi	0.416247304098	0.534507548526	0.0116223340522	0.0376228133237
-imö	0.250931966449	0.588303821062	0.160764212488	0.0
-okö	0.145254463134	0.143247968458	0.0911689894492	0.620328578959
-eus	0.000635997456011	0.993004027984	0.00127199491202	0.00508797964808
-äko	0.622988568032	0.163805749212	0.0653131089721	0.147892573784
-hel	0.106761565836	0.893238434164	0.0	0.0
-hem	0.0	0.994505494505	0.00549450549452	0.0
-imä	0.384320780181	0.236063938788	0.0804766908357	0.299138590195
-deö	0.606951871658	0.18449197861	0.0481283422459	0.160427807487
-okä	0.0724932641973	0.0245352303215	0.0285118123104	0.874459693171
-u-o	0.212644769318	0.620024049111	0.0934750965129	0.0738560850579
-kho	0.0	1.0	0.0	0.0
-pöa	0.596467079606	0.11355815554	0.234916265198	0.0550584996559
-imï	0.411436833393	0.234991513526	0.117710537896	0.235861115186
-lem	0.0106406893968	0.981266391907	0.00269763956538	0.00539527913076
-aus	0.110251450677	0.878143133462	0.0	0.0116054158607
-oya	0.562346341632	0.200110807161	0.174521278438	0.0630215727691
-oyo	0.405405405405	0.208494208494	0.162162162162	0.223938223938
-idä	0.212430278884	0.340079681275	0.282390438247	0.165099601594
-aua	0.333600395251	0.344697978275	0.120581438109	0.201120188364
-zim	0.0	1.0	0.0	0.0
-nsi	0.138728323699	0.826589595376	0.0346820809249	0.0
-idö	0.315641790679	0.318539666591	0.0941350177365	0.271683524993
-aum	0.0045766590389	0.990846681922	0.0	0.0045766590389
-aul	0.0	0.907692307692	0.0923076923077	0.0
-aun	0.0	0.957122439257	0.0428775607432	0.0
-ëde	0.0754716981132	0.594339622642	0.198113207547	0.132075471698
-uae	0.434445707201	0.409546440748	0.104349622895	0.051658229156
-teö	0.178932627976	0.0694984699964	0.0544577563404	0.697111145688
-pus	0.002389724186	0.995220551628	0.001194862093	0.001194862093
-nta	0.0219399538107	0.978060046189	0.0	0.0
-nte	0.23206989481	0.704685734156	0.0408589063722	0.0223854646614
-kia	0.110798111742	0.117957827169	0.00814521216715	0.763098848922
-uao	0.801570710522	0.185665424661	0.0	0.0127638648172
-riö	0.836734693878	0.122448979592	0.0408163265306	0.0
-apa	0.111398819597	0.346467019644	0.0102636203052	0.531870540454
-pua	0.358596930786	0.228781709991	0.238803632947	0.173817726276
-juö	0.236220472441	0.574803149606	0.0	0.188976377953
-ntu	0.395084745763	0.416949152542	0.0913559322034	0.0966101694915
-adü	0.0382775119617	0.760765550239	0.200956937799	0.0
-öto	0.307506511108	0.15103797557	0.034618766843	0.506836746479
-aöa	0.259962862448	0.0994143693758	0.32138265962	0.319240108556
-luö	0.602209944751	0.265193370166	0.132596685083	0.0
-opo	0.493762993763	0.381496881497	0.0	0.12474012474
-sir	0.0153720024595	0.850379176061	0.13424882148	0.0
-jiö	0.378640776699	0.398058252427	0.223300970874	0.0
-ope	0.0152671755725	0.984732824427	0.0	0.0
-mbo	0.0899550224886	0.910044977511	0.0	0.0
-opa	0.387211367673	0.314387211368	0.0852575488455	0.213143872114
-hei	0.154691121637	0.552151567066	0.0377909906279	0.255366320669
-löa	0.101288316304	0.825855175478	0.0408707241226	0.0319857840959
-dea	0.00344761539935	0.989657153802	0.00229841026623	0.00459682053247
-rbe	0.0485829959515	0.854251012146	0.0971659919029	0.0
-oku	0.274120471044	0.550716080367	0.0342901084727	0.140873340116
-dei	0.280923994039	0.424739195231	0.204918032787	0.0894187779434
-dek	0.03895313451	0.944613511869	0.0	0.0164333536214
-deo	0.297792586422	0.379008746356	0.231570179092	0.09162848813
-ima	0.442804525957	0.132651423903	0.0694448280546	0.355099222085
-ios	0.0721153846154	0.927884615385	0.0	0.0
-oko	0.468226160511	0.254181674715	0.0924591449081	0.185133019866
-des	0.0265984395582	0.867704428007	0.0460406322829	0.059656500152
-oki	0.296258403975	0.519584916691	0.054808535516	0.129348143818
-kim	0.0	1.0	0.0	0.0
-öjö	0.533622559653	0.249457700651	0.0991633095754	0.117756430121
-imi	0.373538832667	0.482844649047	0.0330341420527	0.110582376233
-oka	0.33710685944	0.34627374379	0.0981368669684	0.218482529802
-imo	0.156928213689	0.555926544241	0.260434056761	0.0267111853088
-sik	0.0444261620732	0.923488276429	0.0320855614973	0.0
-obi	0.00992630470748	0.986464129944	0.0	0.00360956534817
-obo	0.477972660091	0.374226902217	0.0210916933617	0.126708744331
-idi	0.0171736997056	0.063011122015	0.00690014720313	0.912915031076
-eua	0.458750312878	0.233444825617	0.12930152349	0.178503338015
-sus	0.00846100092166	0.627787332642	0.00369247038286	0.360059196054
-oba	0.404237351283	0.50843247808	0.0356175951913	0.0517125754452
-ida	0.0742206828303	0.915883226126	0.00395843641762	0.00593765462644
-oyö	0.277210884354	0.181405895692	0.0878684807256	0.453514739229
-bia	0.0401069518717	0.818181818182	0.109625668449	0.0320855614973
-idu	0.564420485175	0.276696888018	0.0553785836805	0.103504043127
-eja	0.266278894093	0.626076446593	0.0804502190664	0.0271944402478
-ter	0.0507399577167	0.949260042283	0.0	0.0
-uta	0.0881057268722	0.715859030837	0.0198237885463	0.176211453744
-ria	0.216483879178	0.525520861114	0.0432817409278	0.214713518781
-rio	0.316251830161	0.387994143485	0.0761346998536	0.219619326501
-uti	0.28446190686	0.109997766165	0.0232798952812	0.582260431694
-tea	0.0140939597315	0.985906040268	0.0	0.0
-ris	0.0	1.0	0.0	0.0
-utu	0.149047532001	0.638802975047	0.0595774192017	0.152572073751
-aku	0.427745923221	0.423488170267	0.0451898971995	0.103576009313
-teo	0.15	0.711538461538	0.138461538462	0.0
-öeö	0.336585365854	0.546341463415	0.0731707317073	0.0439024390244
-eyö	0.030303030303	0.619696969697	0.35	0.0
-ara	0.351541790259	0.496565246475	0.0750040074515	0.0768889558153
-mes	0.0	1.0	0.0	0.0
-opö	0.195889811981	0.804110188019	0.0	0.0
-aro	0.168732246595	0.250059271044	0.185531627821	0.39567685454
-ari	0.282384547089	0.425298164855	0.211918344428	0.0803989436283
-dum	0.0620815268977	0.923552499936	0.00666991611298	0.00769605705343
-aru	0.373321982843	0.450199724969	0.104773754175	0.0717045380132
-mea	0.0	1.0	0.0	0.0
-bka	0.210332103321	0.678966789668	0.0221402214022	0.0885608856089
-lua	0.341641225661	0.212188198777	0.291431401178	0.154739174384
-men	0.0	1.0	0.0	0.0
-mei	0.0	1.0	0.0	0.0
-eko	0.339718106252	0.354535598121	0.0383086375135	0.267437658113
-aya	0.104234035404	0.104713489464	0.0556206402946	0.735431834838
-iwe	0.197623471617	0.792148936363	0.0102275920202	0.0
-kis	0.0	1.0	0.0	0.0
-ayo	0.0526968702493	0.804496710852	0.0124568962873	0.130349522611
-rai	0.26140734419	0.0801407578006	0.0485754702643	0.609876427745
-ote	0.578464762903	0.229138407591	0.0359494196781	0.156447409828
-ërë	0.0645161290323	0.204301075269	0.612903225806	0.118279569892
-ayu	0.0	1.0	0.0	0.0
-ilo	0.104924012109	0.841500729718	0.0134517964243	0.0401234617482
-aja	0.352917736513	0.407246554644	0.179476813046	0.0603588957976
-mar	0.0	1.0	0.0	0.0
-ëna	0.1463690308	0.13167561458	0.0990392766318	0.622916077988
-iwo	0.480907071782	0.318939145908	0.0624251598962	0.137728622414
-ubu	0.175296457244	0.64574075438	0.128894453856	0.05006833452
-ïhi	0.361538461539	0.334615384615	0.119230769231	0.184615384615
-nso	0.0262008733624	0.973799126638	0.0	0.0
-ubo	0.491769965454	0.4679943101	0.0134119081487	0.0268238162975
-uba	0.241368290006	0.684432835261	0.0308693021381	0.0433295725955
-ili	0.397704285867	0.383955961726	0.121569178565	0.0967705738426
-ube	0.0630862455383	0.859716111895	0.067236656429	0.00996098613762
-aud	0.0055879494655	0.977283770651	0.00109329446064	0.0160349854227
-umu	0.430242497175	0.300737574775	0.112796021147	0.156223906903
-ota	0.0465028721293	0.844756769699	0.0265115321529	0.0822288260186
-ija	0.272247836785	0.493023927914	0.206774889825	0.0279533454765
-oti	0.0427547038106	0.932774375734	0.0166180156741	0.00785290478155
-ijo	0.258925068654	0.44978422911	0.264319340918	0.0269713613182
-oam	0.0114351057747	0.817038307604	0.0	0.171526586621
-oto	0.113842638515	0.395760375244	0.0478098517195	0.442587134521
-uma	0.240458174992	0.62081595482	0.115604891823	0.0231209783646
-isö	0.725480592629	0.230439573895	0.011019958369	0.0330598751071
-umo	0.582579000008	0.187798441439	0.0878572617827	0.14176529677
-nua	0.295065265263	0.163501210032	0.136751408207	0.404682116498
-ako	0.174698607748	0.141890283332	0.0319749934749	0.651436115445
ALL	0.239050785504	0.301018409132	0.056064192975	0.403866612388
-nai	0.0287081339713	0.971291866029	0.0	0.0
-nan	0.0201680672269	0.568907563025	0.410924369748	0.0
-nao	0.47429906542	0.489875389408	0.0140186915888	0.0218068535826
-aki	0.290401927153	0.449682183589	0.0611962378331	0.198719651425
-nam	0.0	1.0	0.0	0.0
-sis	0.0	0.971360381862	0.0214797136038	0.0071599045346
-obö	0.358617643811	0.190018770012	0.200949541791	0.250414044386
-ake	0.175505759862	0.270307940544	0.477821822017	0.0763644775772
-aka	0.267740355903	0.366020439434	0.065113894124	0.301125310539
-maö	0.257790368272	0.504249291785	0.0169971671388	0.220963172805
-zur	0.259298290389	0.705212376341	0.0	0.0354893332702
-haö	0.276621664532	0.140995987161	0.0505231888034	0.531859159503
-nas	0.0184281842818	0.975067750677	0.00650406504067	0.0
-sia	0.168618008712	0.727236385024	0.0910498649071	0.0130957413568
-goi	0.0302537757899	0.37908574276	0.010025270801	0.580635210649
-ayä	0.258118234804	0.457951706911	0.10074937552	0.183180682764
-mou	0.365104166667	0.0908854166666	0.506510416667	0.0375
-ëre	0.540476190476	0.295238095238	0.1	0.0642857142857
-mos	0.0	0.979310344828	0.0206896551724	0.0
-mor	0.0	1.0	0.0	0.0
-gon	0.0	1.0	0.0	0.0
-ëro	0.583363341736	0.405833633417	0.0108030248469	0.0
-gog	0.0265486725664	0.955752212389	0.0176991150442	0.0
-ayö	0.648835202761	0.0793787748058	0.0	0.271786022433
-moa	0.0534052471856	0.232294636769	0.254761268608	0.459538847438
-mon	0.00810309224455	0.991374127611	0.0	0.000522780144809
-öni	0.622119815668	0.21198156682	0.0	0.165898617512
-moi	0.0763201900622	0.127527913734	0.034634831091	0.761517065113
-yat	0.288822947577	0.601384767557	0.0118694362018	0.0979228486648
-ber	0.0	1.0	0.0	0.0
-eor	0.0	1.0	0.0	0.0
-bet	0.00426742532007	0.98719772404	0.00853485064013	0.0
-ofo	0.0823478821759	0.881100838529	0.0184906471726	0.0180606321221
-ben	0.0	1.0	0.0	0.0
-bel	0.055950512418	0.912473455821	0.0	0.0315760317607
-ïdi	0.265658839133	0.292850157662	0.379084698386	0.0624063048199
-yao	0.666166666667	0.106	0.0095	0.218333333333
-bea	0.335185489893	0.602161833762	0.0208842254484	0.0417684508967
-bed	0.0	1.0	0.0	0.0
-iso	0.0320855614973	0.847593582888	0.0160427807487	0.104278074866
-umö	0.23	0.75	0.0	0.0200000000001
-amo	0.334509035481	0.279002005176	0.335457756474	0.0510312028693
-isi	0.0169746748802	0.962491444216	0.00219028062971	0.0183436002738
-rea	0.0	0.943157894737	0.0568421052632	0.0
-red	0.0	1.0	0.0	0.0
-ijö	0.309523809524	0.428571428571	0.154761904762	0.107142857143
-otö	0.262112387637	0.402045091461	0.079021769624	0.256820751278
-upa	0.16022134629	0.429549347614	0.13781289998	0.272416406116
-res	0.0691244239631	0.8133640553	0.0898617511521	0.0276497695852
-ret	0.00478011472276	0.987571701721	0.0038240917782	0.00382409177821
-akä	0.462333293284	0.252055405846	0.240984535109	0.0446267657609
-hab	0.105263157895	0.666666666667	0.175438596491	0.0526315789473
--da	0.164068908942	0.835931091058	0.0	0.0
-öaö	0.446280991736	0.256198347107	0.099173553719	0.198347107438
-hai	0.277641003566	0.285750810149	0.299006936086	0.137601250199
-mas	0.0272921108742	0.96631130064	0.0	0.00639658848614
-hak	0.00237116661397	0.994072083465	0.00355674992096	0.0
-mau	0.443737829128	0.182338756942	0.0536565873246	0.320266826605
-ham	0.034616891221	0.885673161889	0.0448197644229	0.0348901824675
-han	0.0	0.228571428571	0.0	0.771428571429
-hao	0.309228278467	0.0993965559535	0.0167786881225	0.574596477457
-mai	0.250564334086	0.126410835214	0.52144469526	0.10158013544
-äua	0.0932038834952	0.655663430421	0.239482200647	0.0116504854369
-har	0.0	0.777777777778	0.0	0.222222222222
-jua	0.430188679245	0.124528301887	0.294339622641	0.150943396226
-mam	0.0160094033231	0.9375309724	0.0323300664703	0.0141295578063
-hau	0.467889284338	0.367533380183	0.133294040306	0.0312832951737
-mao	0.245567710298	0.406450396077	0.157487740475	0.19049415315
-man	0.0	0.479976784678	0.520023215322	0.0
-akö	0.280531783326	0.520938031551	0.0665152282637	0.132014956859
-naö	0.129483131718	0.276881052893	0.0752775905495	0.51835822484
-uat	0.00934579439252	0.943925233645	0.0467289719626	0.0
-uno	0.0	0.832487309645	0.167512690355	0.0
-^lu	0.242287049979	0.376285774382	0.236819964446	0.144607211193
-uni	0.0526315789474	0.815789473684	0.0	0.131578947368
-une	0.0878697773712	0.591148215919	0.272186642269	0.0487953644404
-ung	0.0	1.0	0.0	0.0
-una	0.28574922542	0.218671850267	0.125805546556	0.369773377757
-^la	0.5457872292	0.203458825799	0.0405645241146	0.210189420886
-^le	0.245987402604	0.457799746555	0.184127468485	0.112085382356
-ekö	0.124481327801	0.641078838174	0.122406639004	0.112033195021
-baö	0.360655737705	0.639344262295	0.0	0.0
-unu	0.269748611027	0.224616897995	0.0960234079337	0.409611083045
-666	0.02	0.08	0.0	0.9
-him	0.381876052278	0.565857785586	0.0	0.0522661621365
-igo	0.500482472909	0.232973914484	0.0916051849886	0.174938427618
-ade	0.512873696971	0.146695647685	0.0277355382211	0.312695117123
-tra	0.0	0.964285714286	0.0357142857143	0.0
-ada	0.101418452182	0.778672244389	0.0223226055929	0.0975866978363
-gao	0.437778014406	0.435301432021	0.0776637000346	0.0492568535382
-ado	0.0654899986869	0.809274740666	0.102830787412	0.022404473235
-böa	0.818358796134	0.0642670120462	0.0170122630911	0.100361928729
-adi	0.606470389193	0.166378456668	0.0317991075979	0.195352046542
-osi	0.41052631579	0.357894736842	0.105263157895	0.126315789474
-asö	0.641225626741	0.267038068709	0.0389972144847	0.052739090065
-gat	0.254350736278	0.28781793842	0.230254350736	0.227576974565
-gas	0.526315789474	0.473684210526	0.0	0.0
-gar	0.017094017094	0.974358974359	0.00854700854701	0.0
-aat	0.0211636587788	0.913016677511	0.0145542960857	0.0512653676244
-lan	0.0807692307692	0.780769230769	0.0	0.138461538462
-ini	0.0539581289953	0.0457973794069	0.0587944965326	0.841449995065
-sem	0.0	1.0	0.0	0.0
-iwö	0.596878110898	0.291633068664	0.0557444102188	0.0557444102188
-ino	0.292026090122	0.275172843306	0.066285854005	0.366515212567
-raö	0.243111831442	0.643435980551	0.0486223662885	0.064829821718
-ina	0.334990753129	0.36892842417	0.113624303875	0.182456518827
-see	0.403669724771	0.284403669725	0.128440366972	0.183486238532
-sea	0.0	0.972667816354	0.0	0.0273321836462
-owä	0.121212121212	0.19696969697	0.292929292929	0.388888888889
-ohe	0.683691416353	0.195365037762	0.0800082767182	0.0409352691658
-ëlo	0.578082191781	0.109589041096	0.180821917808	0.131506849315
-oha	0.128080618149	0.745043654518	0.0859118541917	0.0409638731412
-oho	0.38465206445	0.458356290748	0.0797727879328	0.077218856869
-iwï	0.4137811671	0.205100003599	0.0544954513024	0.326623377998
-ëla	0.502487562189	0.119402985075	0.378109452736	0.0
-ooa	0.270491803279	0.495901639344	0.0	0.233606557377
-kut	0.0	1.0	0.0	0.0
-kus	0.0869475209605	0.896491046476	0.00310526860574	0.0134561639582
-kur	0.260995213583	0.651404316807	0.0553147295222	0.0322857400885
-ede	0.0398832142434	0.0944471389781	0.00498573594504	0.860683910833
-iao	0.778256100077	0.0922949574039	0.0299657318834	0.0994832106356
-ian	0.0	0.930434782609	0.0695652173913	0.0
-iai	0.510848589942	0.188015417018	0.0870243118019	0.214111681239
-nes	0.0	0.922295701464	0.038025507794	0.0396787907416
-sli	0.0	1.0	0.0	0.0
-äna	0.433510975765	0.355728968405	0.107219895952	0.103540159878
-neo	0.515151515152	0.0606060606061	0.363636363636	0.0606060606061
-nel	0.0	0.993442622951	0.00655737704919	0.0
-aan	0.00940438871474	0.818181818182	0.172413793103	0.0
-äne	0.434959349594	0.283197831978	0.157181571816	0.124661246612
-kub	0.0	0.989891651136	0.0	0.0101083488644
-kua	0.542254281791	0.226606802056	0.0886761533816	0.142462762771
-edu	0.454381711119	0.360374090752	0.121556402263	0.0636877958665
-aai	0.76166911863	0.158084793366	0.0280861308011	0.0521599572021
-kum	0.0338983050847	0.762711864407	0.0677966101695	0.135593220339
-bao	0.112223627458	0.800884062568	0.0179675624014	0.0689247475725
-eka	0.150928037827	0.51379207841	0.010279119774	0.325000763989
-omö	0.418279569893	0.256989247312	0.217204301075	0.10752688172
-eke	0.333158530749	0.295395935758	0.118010122565	0.253435410928
-jou	0.0640126176031	0.842324518561	0.00743267060238	0.0862301932335
-eki	0.112903225806	0.237903225806	0.596774193548	0.0524193548387
-ekh	0.0	1.0	0.0	0.0
-uua	0.42972994075	0.424383759698	0.0818999355567	0.0639863639948
-hor	0.0	1.0	0.0	0.0
-upu	0.278668640281	0.105834910478	0.0288576027794	0.586638846461
-hou	0.26474686484	0.463842161595	0.0981441466911	0.173266826875
-^lë	0.775883444958	0.110715981999	0.0167644007727	0.0966361722704
-bau	0.640235794474	0.333951400129	0.0234661867247	0.00234661867247
-bar	0.174479166667	0.763020833333	0.03125	0.03125
-bas	0.03772216177	0.935582154516	0.0155241204207	0.0111715632934
-nya	0.163245027263	0.807421209325	0.02629596267	0.00303780074166
-asa	0.570690718471	0.391381436941	0.0114091890225	0.0265186555658
-yer	0.0	1.0	0.0	0.0
-ias	0.0170648464164	0.964021615472	0.0149317406143	0.00398179749715
-asi	0.191199364677	0.635710329822	0.144453766837	0.0286365386639
-adö	0.47976011994	0.28035982009	0.23988005997	0.0
-gaö	0.13348731454	0.396528125809	0.102669452382	0.367315107269
-eli	0.625177747273	0.306589693233	0.0275886161129	0.0406439433806
-lta	0.0	1.0	0.0	0.0
-ümo	0.826015845574	0.107287222796	0.0297570925735	0.0369398390567
-ohö	0.357723577236	0.0162601626017	0.626016260163	0.0
-ogo	0.481776337884	0.339163149242	0.0750413201372	0.104019192737
-öra	0.773443825308	0.146544744487	0.0	0.0800114302043
-inï	0.39327899615	0.140969294038	0.0625980709308	0.403153638881
-öro	0.789473684211	0.18045112782	0.0300751879699	0.0
-dia	0.30492145603	0.441175074747	0.16824070998	0.0856627592426
-rat	0.0	0.966666666667	0.0333333333333	0.0
-inä	0.186250667299	0.627261403405	0.119817308263	0.0666706210333
-ras	0.0	0.940159574468	0.0438829787234	0.0159574468085
-ohä	0.548387096774	0.0645161290323	0.290322580645	0.0967741935484
-eri	0.0	1.0	0.0	0.0
-iwa	0.173077731805	0.180540180921	0.0341033568561	0.612278730418
-wöe	0.162514744818	0.438702023246	0.20418468366	0.194598548277
-ï-o	0.391076838337	0.352795373175	0.118424676398	0.13770311209
-rak	0.0	1.0	0.0	0.0
-rah	0.0538185545874	0.946181445413	0.0	0.0
-ero	0.223045805987	0.356470939338	0.100051286005	0.32043196867
-era	0.0978630253559	0.68165964046	0.0318222789544	0.18865505523
-iwi	0.31446701525	0.232831180091	0.0226629943999	0.430038810259
-ohï	0.661374284227	0.141853201458	0.0491931285788	0.147579385737
-rab	0.0	1.0	0.0	0.0
-ere	0.416731532366	0.4376972639	0.0566101291222	0.0889610746121
-inö	0.132365359013	0.626761841111	0.0242223248073	0.216650475068
-aho	0.158630379095	0.371761516194	0.0778901718504	0.391717932861
-kuö	0.370780221319	0.477938086567	0.0420226922538	0.10925899986
-ugu	0.276561499455	0.163219743514	0.531835724546	0.0283830324848
-neö	0.0360384771711	0.0400013548299	0.00853542880368	0.915424739195
-iaë	0.0664206642066	0.29889298893	0.0	0.634686346864
-iaö	0.29214559387	0.479406130268	0.170498084291	0.0579501915709
-uga	0.144389659553	0.0534600393441	0.0298749840276	0.772275317075
-ugo	0.318461538461	0.64	0.0323076923077	0.00923076923076
-poa	0.583260921949	0.343083921752	0.0486093363223	0.0250458199768
-aza	0.0	1.0	0.0	0.0
-ugi	0.399836929252	0.473156046161	0.0812217762168	0.0457852483693
-oua	0.519058692375	0.265891601445	0.0967826656775	0.118267040502
--oa	0.0661095253606	0.192025867197	0.646507624867	0.0953569825761
-ika	0.150493411678	0.371294967331	0.039620928401	0.43859069259
-iko	0.467683208693	0.437184414992	0.0492018160979	0.0459305602168
-lam	0.04	0.92	0.04	0.0
-nor	0.0	1.0	0.0	0.0
-nos	0.0416666666667	0.958333333333	0.0	0.0
-lah	0.0	1.0	0.0	0.0
-lai	0.391227602744	0.538166922001	0.0559515086925	0.0146539665623
-iki	0.715317916999	0.132773132828	0.0222325979095	0.129676352263
-lak	0.0732682060391	0.926731793961	0.0	0.0
-lau	0.58507269935	0.335695979098	0.0329839642587	0.0462473572939
-aao	0.729036067957	0.114926864723	0.0336149722904	0.12242209503
-fos	0.0333333333333	0.966666666667	0.0	0.0
-iks	0.0100823391027	0.964375735171	0.00453705259621	0.0210048731306
-las	0.0166354122558	0.947976528946	0.0045369306152	0.0308511281834
-nio	0.484915550751	0.146055289246	0.0612402791996	0.307788880803
-noa	0.460755791401	0.309547083741	0.174226908098	0.0554702167605
-aaf	0.724085365854	0.0701219512195	0.16006097561	0.0457317073171
-ipö	0.48698572628	0.324097397145	0.138539042821	0.0503778337532
-uki	0.00167317345231	0.992191857223	0.00613496932516	0.0
-ahi	0.276149426587	0.147813641031	0.0579972950169	0.518039637365
-boa	0.710891554928	0.129146083274	0.0611620795107	0.0988002822865
-ëhe	0.571929824561	0.40701754386	0.021052631579	0.0
-gel	0.132281013784	0.846376167185	0.016007114273	0.00533570475767
-aha	0.137722480835	0.198177123054	0.0177788031129	0.646321592997
-ahe	0.340251786322	0.538164908699	0.107973233526	0.0136100714529
-doa	0.155866147551	0.0367541456171	0.00705709669674	0.800322610135
-don	0.00201748486887	0.997982515131	0.0	0.0
-dom	0.00485984552633	0.995140154474	0.0	0.0
-awö	0.715447154472	0.0975609756098	0.0894308943089	0.0975609756096
-ahu	0.691202576279	0.158632361369	0.0208456895807	0.129319372771
-sar	0.0231772090777	0.957508450024	0.0135200386287	0.00579430226944
-a-o	0.176021755201	0.523418523603	0.1944239096	0.106135811596
-sau	0.154241645244	0.786632390746	0.0	0.0591259640103
-toa	0.0187144684822	0.12609059515	0.0284540723568	0.826740864011
-ibu	0.27681133429	0.320211621234	0.402977044476	0.0
-awü	0.578313253012	0.421686746988	0.0	0.0
-olu	0.339252410097	0.520081956448	0.111705061861	0.0289605715937
-mpa	0.0	0.826377295492	0.143572621035	0.0300500834725
-oli	0.334110731337	0.220318020286	0.129220872432	0.316350375945
-ibo	0.0631578947368	0.810526315789	0.126315789474	0.0
-tor	0.069204152249	0.806228373703	0.124567474048	0.0
-olo	0.581444872874	0.366559668043	0.0384314262786	0.0135640328042
-ola	0.0257454605729	0.0198969492231	0.0118614211244	0.94249616908
-sai	0.0	1.0	0.0	0.0
-400	0.0	0.572192513369	0.0	0.427807486631
-ole	0.167129160975	0.391999612369	0.390380991418	0.050490235237
-sam	0.0	1.0	0.0	0.0
-ïao	0.565832426551	0.230821545158	0.052366702938	0.150979325354
-rou	0.0947682706701	0.246914220733	0.441791036999	0.216526471598
-iel	0.0310564887786	0.951746107012	0.0111277321356	0.00606967207398
-ätö	0.251748251748	0.454545454545	0.230769230769	0.062937062937
-loi	0.133541275382	0.0706198227402	0.203417339896	0.592421561981
-der	0.0	1.0	0.0	0.0
-dok	0.339848523856	0.61363748831	0.0	0.046513987834
-roa	0.0278551532034	0.883008356546	0.0111420612814	0.0779944289693
-lot	0.0368724807622	0.889382557713	0.0737449615243	0.0
-lou	0.0575127187861	0.866117933318	0.0498129285661	0.0265564193302
-ëwa	0.147540983607	0.599531615925	0.231850117096	0.0210772833723
-los	0.0137684152554	0.982101060168	0.0	0.00413052457662
-okh	0.010425716768	0.989574283232	0.0	0.0
-ipä	0.561928512053	0.418121363259	0.0	0.0199501246883
-ipi	0.0150424411733	0.976899108198	0.00161169012571	0.00644676050284
-ipo	0.353293413174	0.179640718563	0.359281437126	0.107784431138
-omo	0.392697972916	0.417250754512	0.104506415486	0.0855448570852
-ipa	0.0435125690452	0.936196595649	0.00338180588434	0.0169090294217
-noö	0.355871886121	0.32384341637	0.0996441281138	0.220640569395
-oke	0.892255892256	0.080808080808	0.00673400673402	0.020202020202
-laö	0.670669391926	0.329330608074	0.0	0.0
-ouö	0.531317494601	0.358531317494	0.0259179265659	0.0842332613391
-ewa	0.306090914069	0.62171710108	0.0328779823594	0.0393140024911
-ewo	0.0955019804997	0.864164381475	0.0122352985984	0.0280983394272
-rdi	0.0	0.191082802548	0.808917197452	0.0
-ewi	0.0217270194986	0.932033426184	0.00779944289693	0.0384401114206
-ipu	0.582371361809	0.295605082945	0.0532580105412	0.0687655447044
-awi	0.0863703391616	0.765849270378	0.118288079527	0.0294923109332
-awo	0.203321683362	0.446657145231	0.089574352159	0.260446819248
-awa	0.0801299481648	0.43852813702	0.0150289682084	0.466312946607
-dëo	0.616788321168	0.262773722628	0.120437956204	0.0
-ahä	0.176714807849	0.235122955183	0.301266810972	0.286895425996
-äta	0.586942831152	0.225890420544	0.0975439087538	0.0896228395494
-ahö	0.416778074866	0.442847593583	0.0200534759358	0.120320855615
-geö	0.35123817465	0.274948958633	0.118881933502	0.254930933214
-tia	0.211863082856	0.47146463193	0.226145155853	0.0905271293609
-saö	0.250302785628	0.496568429552	0.0956802583771	0.157448526443
-ido	0.0402010050251	0.552763819095	0.13567839196	0.27135678392
-stu	0.0	0.769874476987	0.230125523013	0.0
-ibö	0.375985061873	0.460708295091	0.129126182865	0.0341804601702
-ato	0.699744921683	0.143498824248	0.0208978225346	0.135858431534
-uji	0.189042180294	0.743954590931	0.0329147016357	0.0340885271398
-olö	0.179457969425	0.619425340703	0.0587879555011	0.142328734371
-toö	0.408761528327	0.398550724638	0.0642292490119	0.128458498024
-olä	0.00531797030799	0.980389984489	0.00276977620208	0.0115222690007
-sta	0.0	0.987341772152	0.0126582278481	0.0
-ain	0.0	0.985365853659	0.00487804878049	0.00975609756097
-loë	0.037037037037	0.962962962963	0.0	0.0
-gku	0.336822940373	0.60855712335	0.0546199362767	0.0
-auö	0.0801781737193	0.839643652561	0.0267260579065	0.0534521158129
-isa	0.55708320693	0.283101561742	0.120769464583	0.0390457667449
-ide	0.836538461538	0.163461538462	0.0	0.0
-ois	0.0	1.0	0.0	0.0
-ion	0.0	1.0	0.0	0.0
-ubö	0.074074074074	0.833333333333	0.0555555555556	0.037037037037
-leo	0.0451888940508	0.940879918787	0.0115223363559	0.00240885080611
-itö	0.331715210356	0.42071197411	0.199029126214	0.0485436893204
-lea	0.00839346193491	0.974819614195	0.00971874539832	0.0070681784715
-ioa	0.475073313783	0.398826979472	0.0733137829912	0.0527859237537
-sad	0.0	1.0	0.0	0.0
-mui	0.136994051408	0.688868740151	0.146623758787	0.0275134496551
-leg	0.0	1.0	0.0	0.0
-ëmo	0.544504643963	0.189628482972	0.0975232198142	0.168343653251
-mus	0.0296547341665	0.942808726965	0.0	0.0275365388689
-mur	0.0526755852842	0.942307692308	0.00501672240805	0.0
-oio	0.62015503876	0.162790697675	0.217054263566	0.0
-ema	0.244990877562	0.212889758214	0.0807048110587	0.461414553165
-obe	0.539267015707	0.408376963351	0.0523560209424	0.0
-iot	0.0040899795501	0.99591002045	0.0	0.0
-fta	0.0	1.0	0.0	0.0
-eel	0.0	1.0	0.0	0.0
-udö	0.486956521739	0.460869565217	0.0	0.0521739130435
-faë	0.185714285714	0.3	0.514285714286	0.0
-alu	0.29422990435	0.314404214796	0.0958090479087	0.295556832945
-iba	0.032911392405	0.967088607595	0.0	0.0
-ndi	0.104914933837	0.861058601134	0.00567107750472	0.0283553875236
-alo	0.100263852243	0.203166226913	0.696569920844	0.0
-äao	0.87083380092	0.0796768039502	0.0124565144204	0.0370328807092
-dos	0.104895104895	0.895104895105	0.0	0.0
-ali	0.251905127842	0.284367868218	0.0963914246596	0.36733557928
-ale	0.0634872267396	0.0155367654524	0.0039824865877	0.91699352122
-gia	0.0163158567957	0.90409459786	0.0557126817413	0.0238768636034
-ala	0.162629924314	0.164661480239	0.0216668756515	0.651041719795
-lon	0.0471039776692	0.858688066992	0.0157013258897	0.0785066294487
-abö	0.322580645161	0.489973844813	0.12641673932	0.0610287707062
-ömu	0.499335096876	0.157746478873	0.0495460070065	0.293372417245
-eto	0.066527362507	0.154152105268	0.779320532225	0.0
-woö	0.530386740331	0.447513812155	0.0	0.0220994475138
-abä	0.0259403372244	0.797449200173	0.176610462603	0.0
-bui	0.0855801272342	0.888064222963	0.00954256285974	0.0168130869434
-däö	0.407725321888	0.437768240343	0.154506437768	0.0
-yol	0.181818181818	0.604278074866	0.128342245989	0.0855614973261
-huö	0.549065420561	0.316978193146	0.0404984423676	0.0934579439252
-öma	0.769624573379	0.10409556314	0.0273037542662	0.098976109215
-ösö	0.0417246175244	0.71488178025	0.122855818266	0.120537783959
-peo	0.0606060606061	0.878787878788	0.0	0.0606060606061
-orö	0.455362219948	0.150574320482	0.346298191743	0.0477652678267
-oje	0.0411993591211	0.938200961318	0.0123598077363	0.00823987182422
-elu	0.645792563601	0.354207436399	0.0	0.0
-pet	0.55063422749	0.44936577251	0.0	0.0
-koö	0.202898550725	0.797101449275	0.0	0.0
-elo	0.544818697045	0.334949458298	0.03833479105	0.0818970536069
-tuö	0.41361155931	0.167477292917	0.106418172918	0.312492974855
-oga	0.0166782487839	0.687977762335	0.281445448228	0.0138985406533
-ori	0.229270416473	0.211905509359	0.137923305658	0.420900768509
-ühu	0.118138502709	0.76946674499	0.0879185431761	0.0244762091247
-ela	0.22904727143	0.65476430348	0.0783838330454	0.0378045920441
-ele	0.242370215879	0.691024228612	0.0194266203567	0.0471789351521
-oiö	0.114289720937	0.236558687421	0.0139181040527	0.635233487589
-abu	0.0702900521136	0.0342884773962	0.00287477634089	0.892546694149
-itu	0.546391752577	0.438144329897	0.0	0.0154639175258
-sye	0.0	0.772151898734	0.0	0.227848101266
-ito	0.257437794018	0.488957185165	0.172235245747	0.0813697750699
-iti	0.323507761942	0.246370017719	0.105632642392	0.324489577946
-uho	0.213136449159	0.393201916959	0.255706597851	0.137955036031
-esa	0.0	1.0	0.0	0.0
-loa	0.188624468433	0.419242721622	0.32744520772	0.0646876022244
-ita	0.0782692121244	0.858527361431	0.0244189295973	0.0387844968471
-alü	0.300884955752	0.699115044248	0.0	0.0
-mäo	0.465324576666	0.213639816698	0.0983899821109	0.222645624525
-fae	0.0470852017937	0.695067264574	0.190582959641	0.0672645739911
-giö	0.262582056893	0.543763676149	0.062363238512	0.131291028446
-fan	0.0	1.0	0.0	0.0
-fas	0.0293356341674	0.962036238136	0.0	0.00862812769629
-uda	0.180201751821	0.648925213361	0.0692840392856	0.101588995533
-fat	0.0	1.0	0.0	0.0
-alä	0.0954308849046	0.798631193368	0.0840562945826	0.0218816271448
-udi	0.0658421623426	0.69907677762	0.064375295459	0.170705764578
-mäu	0.41935483871	0.217741935484	0.120967741935	0.241935483871
-hum	0.0	1.0	0.0	0.0
-rim	0.0	1.0	0.0	0.0
-hud	0.305990175233	0.652129921549	0.0	0.0418799032186
-omï	0.571075019335	0.308662026295	0.00928074245938	0.11098221191
-hua	0.549236652032	0.324684888826	0.0724656564226	0.0536128027192
-gad	0.0	1.0	0.0	0.0
-abo	0.355543603342	0.518637114124	0.110715715215	0.0151035673188
-ron	0.0	0.987679671458	0.0123203285421	0.0
-hus	0.00657894736841	0.993421052632	0.0	0.0
-tua	0.22982439319	0.23134276028	0.410465713668	0.128367132862
-koi	0.453067257945	0.15059127864	0.215262379897	0.181079083518
-ael	0.0338529365454	0.92422453157	0.00708549834672	0.034837033538
-tun	0.0437158469945	0.918529557874	0.0377545951317	0.0
-ogö	0.505217391304	0.181739130435	0.219130434783	0.0939130434782
-son	0.00282485875706	0.991525423729	0.0	0.00564971751412
-ome	0.0204081632653	0.979591836735	0.0	0.0
-oro	0.312565480326	0.451933013286	0.0896440087496	0.145857497639
-kos	0.0	1.0	0.0	0.0
-ora	0.240804442868	0.607759054549	0.0688416258705	0.0825948767125
-tna	0.0	0.584905660377	0.415094339623	0.0
-rus	0.0334073990818	0.882267161207	0.00414998746358	0.0801754522478
-uaö	0.188465687243	0.317375913462	0.0757736892481	0.418384710047
-omu	0.445108254855	0.226016091333	0.0423776752348	0.286497978577
-lis	0.147457627119	0.842372881356	0.0	0.0101694915254
-lim	0.114583333333	0.0833333333333	0.0	0.802083333333
-omi	0.0528001052792	0.0164780389349	0.00321192129794	0.927509934488
-lio	0.411391154048	0.28754346433	0.0248683051806	0.276197076441
-run	0.0	1.0	0.0	0.0
-gai	0.0215713465283	0.892666209093	0.0818403813739	0.00392206300515
-öho	0.43137254902	0.490196078431	0.0392156862745	0.0392156862745
-rua	0.478924913309	0.272041111004	0.11600481662	0.133029159068
-ïka	0.289424860853	0.324675324675	0.155844155844	0.230055658627
-lia	0.0946910654622	0.618224468774	0.261039414098	0.0260450516659
-rud	0.0	0.686274509804	0.313725490196	0.0
-eas	0.00290627270526	0.997093727295	0.0	0.0
-afo	0.112150605184	0.761425076246	0.00203910191243	0.124385216658
-abi	0.0388754383779	0.935823260285	0.0025368059388	0.0227644953981
-oda	0.141418764302	0.789931350114	0.0192219679634	0.0494279176201
-diö	0.418373572736	0.487492373398	0.0125512071821	0.0815828466836
-ode	0.376069031636	0.45430315195	0.0279677764793	0.141660039935
--ao	0.409604345411	0.406332942411	0.143447935313	0.0406147768657
-döa	0.561082457444	0.16637214639	0.0565838192731	0.215961576892
-odi	0.590062111801	0.0621118012422	0.173913043478	0.173913043478
-eam	0.0283018867925	0.971698113208	0.0	0.0
-rni	0.0	1.0	0.0	0.0
-odo	0.102916391917	0.369397195146	0.478157770346	0.0495286425909
-zer	0.0	1.0	0.0	0.0
-uri	0.101307846536	0.800073895774	0.0806876653825	0.0179305923072
-ukö	0.0389380530973	0.430088495575	0.477876106195	0.0530973451328
-ehi	0.129913721782	0.817113816334	0.0159555608085	0.0370169010756
-ura	0.239534883721	0.232558139535	0.372093023256	0.155813953488
-ehe	0.100278740895	0.627260576556	0.182267368451	0.0901933140981
-ihï	0.570460517218	0.203637117964	0.0705296639469	0.155372700871
-eha	0.770393790562	0.102293799926	0.012677362162	0.11463504735
-ihö	0.263120639094	0.485084437253	0.0743250075842	0.177469916068
-ukä	0.0388768898488	0.840172786177	0.107991360691	0.0129589632829
-ehu	0.0	1.0	0.0	0.0
-uru	0.240727498973	0.411129782285	0.126539601352	0.221603117389
-ihü	0.230263157895	0.453947368421	0.296052631579	0.0197368421053
-pah	0.0	0.843137254902	0.156862745098	0.0
-tiö	0.202764976959	0.677419354839	0.0921658986175	0.0276497695853
-dus	0.0554528650647	0.911275415896	0.011090573013	0.0221811460259
-ngö	0.205153815942	0.120561368019	0.0803737372401	0.593911078799
-ape	0.242864431095	0.373253081045	0.249579576655	0.134302911205
-api	0.018045112782	0.969065520945	0.00515574650912	0.00773361976368
-ngü	0.46875	0.390625	0.140625	0.0
-ögö	0.126159554731	0.320037105751	0.506493506494	0.0473098330241
-dua	0.0979192166462	0.304365565075	0.106079151367	0.491636066912
-ngä	0.246753246753	0.519480519481	0.0779220779221	0.155844155844
-apu	0.597409617949	0.20887430955	0.0691537450651	0.124562327435
-wao	0.753381893861	0.174817898023	0.0718002081165	0.0
-pas	0.0186625194401	0.9533437014	0.0279937791602	0.0
-älö	0.0891089108911	0.693069306931	0.188118811881	0.029702970297
-wai	0.141021187912	0.615838832928	0.218131295589	0.0250086835707
-ngï	0.125426107883	0.477466741866	0.0184167208258	0.378690429426
-lus	0.0383756819243	0.855491839687	0.00279033746	0.103342140929
-nuh	0.0	1.0	0.0	0.0
-ohu	0.273804971319	0.649330783939	0.0455066921607	0.0313575525813
-ïkö	0.386363636364	0.613636363636	0.0	0.0
-ruö	0.091743119266	0.0	0.192660550459	0.715596330275
-nöa	0.578174856414	0.292916400766	0.121250797703	0.00765794511806
-sop	0.0	0.931781701445	0.0682182985554	0.0
-ruë	0.297734627832	0.323624595469	0.352750809062	0.0258899676375
-sul	0.0511553839436	0.78311829522	0.0199484593454	0.145777861491
-kes	0.0	1.0	0.0	0.0
-ähi	0.125	0.522058823529	0.264705882353	0.0882352941177
-öua	0.814371257485	0.119760479042	0.0	0.065868263473
-suf	0.0644936305198	0.918613966651	0.00815729714085	0.00873510568832
-oru	0.518041237114	0.368556701031	0.103092783505	0.0103092783505
-nur	0.0350016453765	0.955126095671	0.000897478086577	0.00897478086578
-nus	0.00878766549443	0.887590038456	0.00283473080465	0.100787565245
-sua	0.179036458333	0.694661458333	0.0598958333333	0.0664062499999
-omä	0.485211504006	0.168382183431	0.017957314977	0.328448997585
-fes	0.0	0.958333333333	0.0416666666667	0.0
-odö	0.433098591549	0.545774647887	0.0211267605634	0.0
-eaö	0.156976744186	0.755813953488	0.0872093023256	0.0
-dim	0.0212765957447	0.978723404255	0.0	0.0
-usö	0.152529507761	0.553468189811	0.00956393031993	0.284438372108
-tus	0.0162677560954	0.945380028567	0.00760508685247	0.0307471284856
-odä	0.1861575179	0.704057279236	0.0811455847255	0.0286396181384
-hiö	0.259747094291	0.0622791585848	0.0133820500098	0.664591697115
-dis	0.0	1.0	0.0	0.0
-ane	0.241110460138	0.282978052188	0.356933615756	0.118977871918
-udu	0.443954290021	0.465268618171	0.0186209419093	0.0721561498986
-uks	0.0152091254753	0.984790874525	0.0	0.0
-iha	0.181646075881	0.681501776503	0.0970807943641	0.0397713532518
-uku	0.32536778439	0.469637420322	0.0694335378128	0.135561257475
-ihi	0.415235093569	0.257672756052	0.0297262882615	0.297365862118
-iho	0.194394213382	0.753164556962	0.0108499095841	0.0415913200723
-afi	0.331674958541	0.628524046435	0.0	0.0398009950249
-uka	0.44196557243	0.314287411064	0.152341885316	0.0914051311899
-urü	0.107600425864	0.756692501363	0.0222922710567	0.113414801717
-erö	0.65234375	0.23046875	0.05859375	0.05859375
-uke	0.142857142857	0.142857142857	0.142857142857	0.571428571429
-ihu	0.266444317656	0.568945802722	0.114851364265	0.0497585153567
-afa	0.145442359249	0.814343163539	0.0402144772118	0.0
-nna	0.0	0.995594713656	0.0044052863436	0.0
-ing	0.0	1.0	0.0	0.0
-urö	0.292	0.144	0.396	0.168
-waö	0.230086669418	0.419108543128	0.0371440363186	0.313660751135
-ngu	0.334075458698	0.244777505685	0.116672664272	0.304474371344
-ais	0.154639175258	0.845360824742	0.0	0.0
-tis	0.0530791312354	0.941233818989	0.00568704977523	0.0
-paä	0.785714285714	0.107142857143	0.0714285714285	0.0357142857143
-nga	0.176744837323	0.0929492342232	0.0204923100937	0.70981361836
-apö	0.4032	0.272	0.1904	0.1344
-nge	0.224127928223	0.504623248707	0.07777402652	0.19347479655
-ono	0.28213012199	0.249134856635	0.101461705653	0.367273315722
-aim	0.0	1.0	0.0	0.0
-ngi	0.214019497195	0.519425015183	0.203642620829	0.0629128667934
-tio	0.0	1.0	0.0	0.0
-äsö	0.710843373494	0.289156626506	0.0	0.0
-ngo	0.246963933476	0.421024333026	0.0632480192836	0.268763714214
-eme	0.132309058418	0.812160801432	0.0317315086571	0.0237986314928
-niö	0.101607910385	0.0819989755696	0.0310112910051	0.785381823041
-oni	0.330186601957	0.139888555604	0.0546706660825	0.475254176356
-emo	0.709795254812	0.156386170112	0.0167547609157	0.117063814161
-aiö	0.1303214596	0.742832319722	0.0312771503041	0.0955690703736
-emi	0.594202898551	0.0869565217391	0.0	0.31884057971
-uwu	0.41848272377	0.529720169288	0.0394795022424	0.0123176046996
-osö	0.294725858471	0.433978372225	0.131853538228	0.139442231076
-uli	0.623798627002	0.180778032037	0.0526315789474	0.142791762014
-awe	0.314176245211	0.394380587484	0.22962962963	0.0618135376756
-niä	0.396074274185	0.198016619362	0.1304927675	0.275416338953
-jam	0.00457229948561	0.971423128215	0.00685844922842	0.0171461230711
-ulö	0.33295764065	0.333896872359	0.103972950127	0.229172536865
-kaö	0.297822986041	0.358985744104	0.0989086255709	0.244282644284
-jai	0.109551500568	0.358131140967	0.145578504111	0.386738854355
-set	0.0	1.0	0.0	0.0
-ana	0.152478753228	0.290148546517	0.0652228934139	0.492149806842
-dan	0.00908471496706	0.962298432887	0.0109016579605	0.0177151941858
-ohi	0.105553408164	0.0405929123991	0.00858678908646	0.84526689035
-ica	0.0	1.0	0.0	0.0
-zar	0.286102556531	0.674739495444	0.0	0.0391579480256
-ajö	0.0434782608696	0.760869565217	0.195652173913	0.0
-üku	0.222873900293	0.290322580645	0.099706744868	0.387096774194
-ilö	0.258026090799	0.542258256643	0.125074449077	0.0746412034813
-ojö	0.284746846478	0.522032079126	0.0661019465038	0.127119127892
-ëja	0.0849056603774	0.900943396226	0.0	0.0141509433962
-000	0.0571428571429	0.0714285714286	0.0	0.871428571429
-ilä	0.113801452784	0.624697336562	0.101694915254	0.1598062954
-eta	0.251814177697	0.635330518337	0.0297207069817	0.0831345969839
-o-o	0.306787240081	0.488759520468	0.156131833069	0.048321406383
-ete	0.202891933321	0.138487852171	0.228616414767	0.430003799741
-ike	0.152229449565	0.713325603789	0.0580010611748	0.0764438854717
-eti	0.124616182159	0.753060573434	0.0584200661962	0.0639031782111
-ilë	0.0	0.837563451777	0.10152284264	0.0609137055838
--do	0.702367531003	0.0947012401353	0.169109357384	0.0338218714769
-awä	0.435897435897	0.0	0.0	0.564102564103
-atu	0.14896	0.83088	0.00671999999999	0.01344
-bul	0.00678733031676	0.993212669683	0.0	0.0
-keö	0.448971709955	0.483441150912	0.023172733417	0.0444144057159
-bua	0.468292682927	0.312195121951	0.219512195122	0.0
-ank	0.238414006179	0.480947476828	0.105561277034	0.175077239959
-amö	0.319799079113	0.451025533696	0.143714245849	0.0854611413423
-äwo	0.749216300941	0.188087774295	0.0626959247649	0.0
-iun	0.0	0.968253968254	0.0	0.031746031746
-ate	0.0	0.942307692308	0.0432692307693	0.0144230769231
-igö	0.209039548023	0.304314329738	0.414740626605	0.0719054956343
-ata	0.165209122034	0.316510082002	0.0569391029416	0.461341693023
-ïki	0.290151463392	0.476062722297	0.0259946743573	0.207791139954
-amä	0.504594902144	0.139870706611	0.0664173963437	0.289116994901
