-eus	0.00487210718636	0.965895249695	0.0146163215591	0.0146163215591
-lek	0.436480204187	0.47069368904	0.0414754945155	0.0513506122573
-ive	0.0848896434635	0.915110356537	0.0	0.0
-lel	0.00695713230998	0.931958947419	0.00344870721804	0.0576352130529
-lem	0.200705887908	0.536120685585	0.108244015298	0.154929411209
-aus	0.197969543147	0.634517766497	0.0	0.167512690355
-oyo	0.131673625625	0.0278978365381	0.00495341857301	0.835475119264
-nsu	0.27178256631	0.407255330459	0.234584165165	0.0863779380658
-nsi	0.221347331584	0.21052055993	0.347222222222	0.220909886264
-ufo	0.632918632919	0.175175175175	0.0297440297441	0.162162162162
-nsa	0.421704156435	0.300546781979	0.142186434324	0.135562627262
-nti	0.0672691075936	0.0294028761494	0.060862525918	0.842465490339
-pus	0.0463768115942	0.936231884058	0.00579710144927	0.0115942028986
-nta	0.188593335715	0.130053682564	0.0308511227052	0.650501859017
-nte	0.0483234469611	0.0110235421164	0.00359317587409	0.937059835048
-kia	0.0	0.985714285714	0.0	0.0142857142857
-i-i	0.141630901287	0.793991416309	0.0	0.0643776824034
-aki	0.124232812039	0.20970787843	0.349520507524	0.316538802006
-lam	0.0732286854223	0.89529551719	0.0080762329035	0.0233995644838
-iks	0.0931899641577	0.847670250896	0.00627240143369	0.0528673835125
-opa	0.00953591862685	0.990464081373	0.0	0.0
-hei	0.277227722772	0.623762376238	0.069306930693	0.029702970297
-msa	0.480628877933	0.309886873554	0.063668110755	0.145816137757
-gka	0.294117647059	0.676470588235	0.0294117647059	0.0
-das	0.0231346578366	0.9506401766	0.00211920529802	0.0241059602649
-gko	0.610876124606	0.245229467767	0.0231465535057	0.120747854122
-dek	0.119277282968	0.774248335323	0.0244768693585	0.0819975123508
-del	0.200332502078	0.329177057357	0.422277639235	0.04821280133
-dem	0.0276862228082	0.833882663151	0.138431114041	0.0
-400	0.266804550155	0.323681489142	0.0372285418821	0.372285418821
-gku	0.592164633908	0.140559561878	0.0123868290188	0.254888975196
-lep	0.202546389078	0.307707059252	0.0247899954163	0.464956556253
-des	0.0	0.958904109589	0.0410958904109	0.0
-aka	0.109090909091	0.890909090909	0.0	0.0
-msu	0.360793107518	0.451315944766	0.0604272394666	0.12746370825
-imi	0.0101775857272	0.00763407029596	0.00425719155469	0.977931152422
-sit	0.143294908204	0.574744420426	0.111355817929	0.170604853441
-imo	0.491670843335	0.335382099238	0.0535822627871	0.11936479464
-ido	0.0	1.0	0.0	0.0
-bit	0.148251765338	0.554010799717	0.012277958316	0.285459476629
-obi	0.479494059027	0.31314679954	0.101954771943	0.10540436949
-bip	0.428379834551	0.278131151762	0.0663920181729	0.227096995514
-oik	0.275862068966	0.551724137931	0.172413793103	0.0
-ide	0.352941176471	0.508021390374	0.0213903743315	0.117647058824
-obe	0.389925237559	0.240861174003	0.0657540300836	0.303459558354
-bia	0.0316622691293	0.936675461741	0.0158311345646	0.0158311345646
-bin	0.0854565086128	0.300601963429	0.366077626513	0.247863901445
-bil	0.0279891408946	0.966888879367	0.00214792698719	0.00297405275149
-bim	0.221648146837	0.641045603605	0.117724774105	0.0195814754524
-bik	0.0848687883863	0.915131211614	0.0	0.0
-bii	0.363603589841	0.22908975708	0.0606490459874	0.346657607092
-tep	0.0640435866464	0.167921667395	0.763408804708	0.00462594125055
-100	0.0467479667705	0.111521500122	0.150286056136	0.691444476971
-uta	0.214889509694	0.108053730567	0.0514592487795	0.625597510959
-tet	0.529977670939	0.36186746982	0.089637120913	0.0185177383277
-ria	0.0142207592299	0.887938996377	0.0165415492457	0.0812986951477
-rin	0.136438328027	0.729023313135	0.0333778371161	0.101160521721
-ril	0.0	0.692307692308	0.307692307692	0.0
-rim	0.0	1.0	0.0	0.0
-rik	0.0576659038902	0.603661327231	0.30709382151	0.0315789473684
-tea	0.0525240735337	0.947475926466	0.0	0.0
-rit	0.00685714285713	0.993142857143	0.0	0.0
-ris	0.0625367668018	0.702926331492	0.229663015381	0.00487388632593
-utu	0.359561055335	0.523698342283	0.0700443614288	0.0466962409525
-tem	0.144661907805	0.093033885364	0.0303085662443	0.731995640586
-ten	0.245942158759	0.630040054132	0.0356479049353	0.0883698821739
-dan	0.109537535023	0.877902483012	0.0125599819652	0.0
-met	0.278256004132	0.208917965051	0.0761814582078	0.436644572609
-duk	0.0304003021148	0.960158610272	0.00566465256796	0.00377643504531
-mep	0.278563581571	0.0774502295307	0.0245932891462	0.619392899752
-mes	0.122588786732	0.776455741843	0.046872183162	0.0540832882639
-lup	0.38618877707	0.289545535584	0.106797619919	0.217468067427
-dul	0.165512582334	0.557844958622	0.276642459044	0.0
-lus	0.149860502192	0.809485850937	0.0239139099243	0.016739736947
-lut	0.0106579217053	0.17462594794	0.814716130355	0.0
-luu	0.819935691318	0.180064308682	0.0	0.0
-luk	0.307834706658	0.516896316813	0.0900412734885	0.0852277030407
-lul	0.0766989919123	0.883341638238	0.0273103606884	0.012649009161
-lum	0.426844961612	0.327242244833	0.142343834738	0.103568958818
-lun	0.478783767115	0.521216232885	0.0	0.0
-mem	0.0294983696792	0.82271804526	0.112933992195	0.0348495928656
-mel	0.124344569288	0.758801498127	0.0898876404494	0.0269662921349
-dat	0.0381679389313	0.342239185751	0.619592875318	0.0
-men	0.338473538527	0.58463909271	0.0588040394558	0.0180833293068
-mek	0.396393430518	0.165695438407	0.0586490594367	0.379262071639
-alu	0.363782593901	0.33333731123	0.161801583651	0.141078511217
-aya	0.0389097186986	0.924433198484	0.00942910762549	0.0272279751917
-tyu	0.00426742532005	0.99573257468	0.0	0.0
-fos	0.0	1.0	0.0	0.0
-gip	0.0287769784173	0.791366906475	0.107913669065	0.0719424460432
-gin	0.333186609683	0.298431012006	0.106937115846	0.261445262465
-mop	0.0510012355339	0.864805085509	0.00257190253632	0.0816217764213
-ubu	0.333935876242	0.420542783225	0.106889304705	0.138632035828
-ubi	0.412515196819	0.274270904532	0.0805435274747	0.232670371174
-lap	0.365760503132	0.394468707947	0.053650949845	0.186119839076
-ubo	0.213403833443	0.12666226041	0.0039656311963	0.65596827495
-uba	0.325350930699	0.219447583011	0.0869571893726	0.368244296918
-ube	0.075872555697	0.0794133272465	0.0186955830956	0.826018533961
-umu	0.453847365003	0.302065223809	0.140529361211	0.103558049977
-ota	0.155541207722	0.12063254089	0.0183535169032	0.705472734485
-ija	0.00410284463895	0.995897155361	0.0	0.0
-ebi	0.498315650261	0.173181383449	0.0985732148312	0.229929751459
-oti	0.0192657604624	0.970566199294	0.00133790003211	0.00883014021192
-oam	0.0	0.961538461538	0.0	0.0384615384615
--em	0.596877771515	0.247165482402	0.0622123034296	0.0937444426533
-nem	0.511215489312	0.314002697298	0.0946379574942	0.0801438558961
-uma	0.459786821705	0.375290697674	0.109496124031	0.0554263565892
-otu	0.0302023646546	0.916104791537	0.0156027380212	0.0380901057872
-umo	0.295358649789	0.350210970464	0.168776371308	0.185654008439
-umi	0.0264636035437	0.0435092736964	0.0135171901241	0.916509932636
-nak	0.474696863921	0.316853322363	0.0656376876647	0.142812126051
ALL	0.223892514095	0.261461111325	0.0502343437591	0.464412030821
-nai	0.0221291866029	0.976076555024	0.0017942583732	0.0
-nan	0.387727298614	0.397081818385	0.069079724413	0.146111158588
-nal	0.330341363299	0.461911609139	0.116138268289	0.091608759272
-nam	0.0717189102392	0.0448649500805	0.0176908162154	0.865725323465
-sis	0.00818576678917	0.960741730705	0.00701637153358	0.0240561309722
-kii	0.0	0.915625	0.084375	0.0
-sip	0.322053271528	0.452600930456	0.113023886823	0.112321911193
-kim	0.13058419244	0.852920962199	0.0	0.0164948453608
-kil	0.0858683201797	0.0858474110487	0.0109133483994	0.817370920372
-kis	0.0252444301972	0.969947106908	0.0032056419298	0.0016028209649
-sii	0.510410895248	0.226073905921	0.0794535430269	0.184061655804
-sin	0.2933258553	0.500560852496	0.114834548514	0.0912787436904
-sim	0.879091799201	0.10868242081	0.0122257799889	0.0
-sil	0.336765336765	0.524882024882	0.0997425997427	0.03861003861
-nas	0.0989780317052	0.860786996057	0.029773879456	0.0104610927819
-sia	0.0117630512332	0.972510260705	0.00652082187928	0.00920586618251
-nat	0.0469357976654	0.951605058366	0.0	0.00145914396887
-gok	0.241970766752	0.528608980832	0.0309932961134	0.198426956302
-mos	0.0786163522012	0.90251572327	0.00943396226415	0.00943396226414
-gol	0.158118651277	0.0962463907246	0.0250314730916	0.720603484907
-gon	0.161340786784	0.663134621	0.152580201076	0.0229443911393
-god	0.09073484144	0.773330590596	0.00809106557236	0.127843502392
-lki	0.0	1.0	0.0	0.0
-gop	0.256362663751	0.597933287091	0.101844156809	0.0438598923485
-mon	0.0779024785607	0.838316999536	0.0386397822632	0.0451407396396
-mol	0.171026156942	0.828973843058	0.0	0.0
-mok	0.178479440241	0.520749525783	0.0585158204668	0.242255213509
-got	0.354838709677	0.322580645161	0.241935483871	0.0806451612903
-yap	0.379375460059	0.436452452908	0.047987750512	0.136184336521
-yas	0.054104477612	0.945895522388	0.0	0.0
-mfa	0.0	1.0	0.0	0.0
-bet	0.0666814355339	0.693176783341	0.154177127948	0.0859646531778
-eon	0.0828558836492	0.890700749229	0.0105773468488	0.0158660202733
-bei	0.228369342669	0.53560127715	0.1317955987	0.104233781481
-yaa	0.0	1.0	0.0	0.0
-beo	0.0	1.0	0.0	0.0
-bel	0.114629141014	0.860744649663	0.011140428027	0.0134857812958
-bem	0.0877850447139	0.293818084746	0.25457662967	0.36382024087
-yam	0.357669052917	0.164791525588	0.138069555964	0.339469865532
-bea	0.173913043478	0.630434782609	0.195652173913	0.0
-yak	0.132279818178	0.0899075383639	0.0204906197425	0.757322023716
--be	0.492877897899	0.230208996793	0.048157363776	0.228755741532
-iso	0.062257448575	0.0524932507762	0.0302184455273	0.855030855122
-isi	0.0	1.0	0.0	0.0
-ise	0.274920727673	0.183693531894	0.0825050914747	0.458880648959
-pso	0.146524300403	0.103992172931	0.0520969623605	0.697386564306
-isa	0.0724045793236	0.85362674603	0.042686768188	0.0312819064584
-ama	0.414808111777	0.263617537284	0.108577748875	0.212996602064
-eva	0.0	0.928571428571	0.0	0.0714285714285
-res	0.0337837837838	0.956831831832	0.00375375375375	0.00563063063063
-ret	0.0272570741335	0.932007921365	0.00598045508415	0.0347545494176
-reu	0.0	1.0	0.0	0.0
-jut	0.037037037037	0.888888888889	0.0740740740741	0.0
-map	0.40471024209	0.319978208097	0.0886193478992	0.186692201913
-mas	0.0301507537689	0.969849246231	0.0	0.0
-mat	0.170563592536	0.676141637521	0.0590450443456	0.0942497255975
-hap	0.0159090909091	0.984090909091	0.0	0.0
-mak	0.235560159533	0.620986776046	0.0524844681991	0.0909685962219
-has	0.0	1.0	0.0	0.0
-mam	0.384480123301	0.362915277618	0.133178355963	0.119426243119
-mal	0.141760783753	0.500523145989	0.0946523788912	0.263063691366
-man	0.194155459231	0.600560288174	0.0237282643045	0.18155598829
-maa	0.153015577434	0.107215400004	0.622241754192	0.11752726837
-uno	0.0584328428756	0.0421559143478	0.151450389012	0.747960853765
-uni	0.666427931961	0.218084153984	0.034914950761	0.0805729632945
-une	0.615418309242	0.115199299168	0.0832238282961	0.186158563294
-ung	0.261123776016	0.611870866355	0.0480922983757	0.0789130592542
-una	0.497964850549	0.056884132591	0.0284875444956	0.416663472364
-pta	0.377872497059	0.248898029219	0.073567151162	0.29966232256
-unu	0.311227214009	0.183384527056	0.0675183005598	0.437869958375
-666	0.24	0.1	0.04	0.62
-ade	0.874645222327	0.115894039735	0.0	0.00946073793755
-tra	0.00841868949069	0.991581310509	0.0	0.0
-500	0.100308641975	0.0956790123457	0.291666666667	0.512345679012
-gaa	0.287685542405	0.209034920005	0.061411506083	0.441868031506
-bek	0.0	0.677130044843	0.0	0.322869955157
-gan	0.289555428109	0.432899776161	0.0612500570113	0.216294738718
-gam	0.370804970117	0.217553573807	0.0315614918368	0.38007996424
-gal	0.172085402642	0.126714985586	0.0322452086907	0.668954403081
-gak	0.545382640672	0.249987280002	0.0660514813016	0.138578598025
-gai	0.0	1.0	0.0	0.0
-adi	0.0	1.0	0.0	0.0
-iko	0.109215413185	0.738161559889	0.0800835654596	0.0725394614671
-144	0.205438066465	0.0931520644512	0.0	0.701409869084
-gat	0.252445612498	0.437245190202	0.152127767108	0.158181430192
-gap	0.160728482583	0.173192368963	0.00934528970398	0.65673385875
-ben	0.0929336664517	0.0573466273304	0.00557616342538	0.844143542793
-sen	0.060664795459	0.570001465903	0.0114142820724	0.357919456565
-sel	0.0353311390614	0.720636677937	0.0327062128197	0.211325970181
-lbi	0.641950396505	0.157759119954	0.0400494139085	0.160241069633
-ino	0.0772066189294	0.041415188876	0.00976283835197	0.871615353843
-ina	0.435642584327	0.294695908926	0.049668217788	0.21999328896
-lba	0.376787040995	0.132207842649	0.0276836137602	0.463321502596
-ine	0.761194029851	0.194029850746	0.044776119403	0.0
-sea	0.0380589914367	0.708214398985	0.0380589914367	0.215667618141
-ing	0.17960140414	0.696322053227	0.088148845306	0.0359276973277
-iki	0.462068965517	0.48275862069	0.0551724137931	0.0
-lbu	0.311409765126	0.136922521682	0.0472647866001	0.504402926592
-ins	0.126567938521	0.460358437201	0.00159817612227	0.411475448155
-ses	0.0329650109819	0.910671490489	0.00241548396889	0.05394801456
-inu	0.226301930954	0.448753080213	0.0569540708263	0.267990918007
-sep	0.0516698782094	0.683664283429	0.0566583092158	0.208007529146
-lat	0.0310273512501	0.910736859922	0.0391941140067	0.0190416748211
-yan	0.535415724355	0.218351263448	0.0163053324476	0.22992767975
-kus	0.0636436758496	0.928513975467	0.0	0.00784234868291
-kup	0.13571378422	0.0270831107126	0.0509739081485	0.786229196919
-iam	0.0	0.987341772152	0.0126582278481	0.0
-fum	0.359439668895	0.490926456542	0.0191021967527	0.13053167781
-nes	0.00456482045039	0.956634205721	0.0319537431528	0.0068472306756
-fek	0.135187166277	0.480019615133	0.107375711006	0.277417507584
-fut	0.191554201132	0.72050500653	0.0618197649108	0.0261210274271
-fuu	0.448202596919	0.261513749272	0.0710980183301	0.219185635479
-fus	0.0	1.0	0.0	0.0
-ias	0.0229096542005	0.931800976019	0.0249071151539	0.0203822546268
-kun	0.114912130398	0.24412464532	0.00572374361417	0.635239480668
-kum	0.186729573504	0.439138128171	0.0666858814556	0.307446416869
-kul	0.368691393418	0.453622409365	0.0621155109598	0.115570686257
-kuk	0.0	0.197013276134	0.795836786428	0.00714993743806
-uum	0.161662892466	0.633923074934	0.11319252047	0.0912215121298
-uul	0.328435708873	0.544365701162	0.0860491976753	0.0411493922895
-bal	0.0691317627599	0.439778874795	0.379906966677	0.111182395768
-uun	0.123308437145	0.387041523684	0.134709936104	0.354940103067
-bak	0.134318342047	0.264846183508	0.0458343195586	0.555001154887
-uuk	0.369320395682	0.527697078747	0.0100481298259	0.0929343957447
-bai	0.50501002004	0.370741482966	0.0360721442886	0.0881763527054
-bae	0.152752389601	0.0739957371209	0.0246216675343	0.748630205743
-jop	0.0	1.0	0.0	0.0
-mku	0.481727574751	0.358065706903	0.149132521226	0.0110741971207
-baa	0.230652323578	0.381427748283	0.00600233091962	0.381917597219
-hos	0.0564344116601	0.930056878777	0.00284393885531	0.0106647707074
-jon	0.0408734113309	0.852433673995	0.00870157066843	0.0979913440053
-uut	0.352641882934	0.158239569524	0.032470313113	0.456648234428
-bat	0.631078691424	0.192086648983	0.026525198939	0.150309460654
-bas	0.0111069974084	0.978865852154	0.00354806861656	0.00647908182155
-bap	0.433497689906	0.360564131496	0.0551897865184	0.15074839208
-dru	0.0	1.0	0.0	0.0
-ase	0.0	1.0	0.0	0.0
-asa	0.212000064422	0.602927366346	0.0890333299404	0.0960392392913
-aso	0.156349712827	0.408955541374	0.0400978515209	0.394596894278
-yet	0.0504193033905	0.882955188558	0.0589082677368	0.00771724031487
-asi	0.229294937102	0.381237093339	0.0214097104246	0.368058259135
-yei	0.265709156194	0.249551166966	0.140035906643	0.344703770198
-mba	0.0200244743575	0.979975525642	0.0	0.0
-asu	0.220714474089	0.448849556232	0.163903763011	0.166532206668
-lto	0.39121756487	0.429141716567	0.0838323353293	0.0958083832336
-mbe	0.306569343066	0.607055961071	0.0	0.0863746958637
-yen	0.350649350649	0.532467532468	0.038961038961	0.0779220779221
-lta	0.546610477367	0.215674877086	0.00920341979704	0.22851122575
-dia	0.151571856287	0.8125	0.0	0.0359281437126
-430	0.403095062638	0.0	0.0	0.596904937362
-ras	0.170616113744	0.75355450237	0.00473933649288	0.0710900473933
-ran	0.0993377483444	0.900662251656	0.0	0.0
-eri	0.0	1.0	0.0	0.0
-ral	0.0	1.0	0.0	0.0
-ram	0.0	1.0	0.0	0.0
-rak	0.0	1.0	0.0	0.0
-ero	0.198979591837	0.785714285714	0.0	0.015306122449
-era	0.0	1.0	0.0	0.0
-ere	0.0714285714285	0.907142857143	0.0	0.0214285714286
-aho	0.0	1.0	0.0	0.0
-ugu	0.41617359343	0.44802682548	0.0945928847344	0.0412066963555
-uge	0.726775956284	0.273224043716	0.0	0.0
-uga	0.706510138741	0.154749199573	0.138740661686	0.0
-ugo	0.285760716169	0.524113412496	0.104494590241	0.0856312810936
-foa	0.023755859693	0.0213802737237	0.0	0.954863866583
-ike	0.0	1.0	0.0	0.0
-laa	0.386992920704	0.0560982725479	0.0168265874279	0.54008221932
-ika	0.164461247637	0.790170132325	0.00496219281663	0.0404064272212
-lal	0.302647285965	0.557086974418	0.0460458716058	0.0942198680106
-aat	0.108219807133	0.509719883668	0.293555793663	0.0885045155365
-lan	0.409299703615	0.293549382236	0.0686048415638	0.228546072586
-nos	0.0	1.0	0.0	0.0
-fol	0.0325885678111	0.851839337054	0.0125015742019	0.103070520933
-fom	0.578671328671	0.172202797203	0.044955044955	0.204170829171
-fon	0.573299535277	0.352767215885	0.0316856780735	0.0422475707647
-lak	0.318466382234	0.402400056582	0.0257876638735	0.25334589731
-aam	0.0562531068482	0.848785169261	0.0340618045874	0.0608999193029
-aal	0.234233795041	0.407120672322	0.0772085429892	0.281436989649
-aan	0.0927326244039	0.747222562659	0.0481801104526	0.111864702484
-fot	0.434852356149	0.119501764564	0.0213147777043	0.424331101583
-nom	0.294096272571	0.367290334134	0.0255071737775	0.313106219517
-aak	0.0958938741081	0.10809276446	0.041090085025	0.754923276406
-las	0.0195104479863	0.92959273118	0.0305380925003	0.0203587283335
-noa	0.0179176755448	0.982082324455	0.0	0.0
-gek	0.417102966841	0.551483420593	0.0104712041885	0.0209424083769
-dot	0.188824662813	0.780346820809	0.0231213872832	0.0077071290944
-myu	0.0	1.0	0.0	0.0
-gen	0.149431318804	0.553372399851	0.152701374875	0.14449490647
-gem	0.641337386018	0.285714285714	0.0364741641337	0.0364741641337
-gel	0.180956051105	0.521493693924	0.234237671626	0.0633125833449
-bol	0.0185371128446	0.935120105044	0.0463427821117	0.0
-bom	0.353409365162	0.351833244932	0.0838647133942	0.210892676513
-bon	0.160049689624	0.580958832552	0.0167970127159	0.242194465107
-bok	0.221346520543	0.655610612229	0.051659067966	0.0713837992623
-bot	0.0841024786271	0.895236507837	0.00425373808085	0.0164072754547
-don	0.00792213671345	0.974253055681	0.00679040289723	0.011034404708
-dol	0.110346045198	0.863170903955	0.010593220339	0.0158898305085
-dom	0.0107671601615	0.948855989233	0.0403768506056	0.0
-dok	0.270763555032	0.188524769082	0.0138584402833	0.526853235603
-get	0.26874804387	0.308900601609	0.00956912248861	0.412782232033
-sap	0.406539197593	0.393144807871	0.0910250985946	0.109290895942
-san	0.176448771831	0.636992402331	0.0455483606559	0.141010465182
-sat	0.500232514881	0.197265625	0.0792875744049	0.223214285714
-ton	0.0665094436196	0.564793086606	0.214783971049	0.153913498726
-gki	0.046869376721	0.915049254693	0.0	0.0380813685859
-tol	0.12131446092	0.475634954974	0.221928186704	0.181122397402
-tom	0.0994244818846	0.39465036529	0.380557626361	0.125367526465
-tok	0.345875142437	0.49681937361	0.0638227257138	0.0934827582392
-oli	0.477546693336	0.265912211421	0.0890340465104	0.167507048732
-ibo	0.0353603113971	0.0252461322745	0.00742792441661	0.931965631912
-ibi	0.380869565217	0.452173913043	0.0313043478261	0.135652173913
-top	0.218982659179	0.239131352569	0.059838590432	0.482047397821
-olo	0.342203942901	0.456200664993	0.105032893366	0.0965624987396
-sak	0.074411117753	0.693138921122	0.157967736012	0.0744822251133
-ola	0.614900899179	0.149624427314	0.0347144706583	0.200760202848
-ole	0.238823839018	0.0410277178537	0.00806084730542	0.712087595822
-sam	0.604939991216	0.351128103238	0.0296615076563	0.0142703978901
-sal	0.181325296643	0.334353064114	0.209675831623	0.274645807619
-rot	0.0303176290784	0.917353312512	0.0493388265001	0.0029902319091
-ima	0.69340974212	0.255014326648	0.0515759312321	0.0
-lol	0.0578725382296	0.882860404547	0.0425328293013	0.0167342279218
-gep	0.288325395804	0.420774874501	0.167331702922	0.123568026773
-iem	0.0	1.0	0.0	0.0
-iel	0.0294757187727	0.966175404687	0.00434887654023	0.0
-loi	0.0	0.963636363636	0.0181818181818	0.0181818181818
-loe	0.0697674418605	0.837209302326	0.046511627907	0.046511627907
-fup	0.31803987509	0.176555368724	0.130674993995	0.374729762191
-rom	0.102596899877	0.569130046956	0.221064678459	0.107208374708
-lot	0.156208523064	0.678149184244	0.15559594062	0.0100463520715
-los	0.00734753857458	0.988978692138	0.0	0.00367376928729
-lop	0.0924451505309	0.228626646513	0.0355883917007	0.643339811255
-kit	0.032967032967	0.791208791209	0.131868131868	0.043956043956
-win	0.298020298294	0.503856998167	0.0789066115582	0.11921609198
-ipa	0.0140597539543	0.985940246046	0.0	0.0
-ida	0.0339673913043	0.963315217391	0.00135869565217	0.00135869565217
-ham	0.0125174540488	0.953143884773	0.0299886239551	0.00435003722262
-awa	0.140350877193	0.859649122807	0.0	0.0
-276	0.0	0.170212765957	0.0	0.829787234043
-pke	0.44797180751	0.366223014939	0.122039904302	0.0637652732494
-olu	0.449190611321	0.366769683253	0.0484369435094	0.135602761917
-til	0.0829628558085	0.576836860949	0.18914144552	0.151058837722
-pku	0.803560466544	0.0813382443217	0.036832412523	0.0782688766114
-nap	0.253264577577	0.607410423886	0.0419425135709	0.0973824849665
-ank	0.179995383042	0.191801602744	0.0353197243017	0.592883289912
-eyo	0.334202169708	0.115432124981	0.00279717950691	0.547568525803
-200	0.0274641440342	0.286237412267	0.0732377174245	0.613060726274
-iok	0.0180436847103	0.955682177904	0.00189933523267	0.0243748021526
-oba	0.35705587314	0.353714785117	0.128063500889	0.161165840853
-ois	0.0857142857143	0.892857142857	0.0214285714286	0.0
-ion	0.0338983050847	0.66384180791	0.0677966101695	0.234463276836
-len	0.200276243094	0.725138121547	0.0331491712708	0.0414364640884
-mum	0.435953084065	0.312531582294	0.0893275927768	0.162187740864
-lea	0.0	1.0	0.0	0.0
-mun	0.140465427289	0.646173695851	0.171489965142	0.0418709117171
-muk	0.262429871091	0.609415008462	0.0460189697868	0.08213615066
-mup	0.377354425782	0.30276231746	0.0944183522003	0.225464904558
-mus	0.056559181081	0.824709375323	0.0096677942067	0.109063649389
-ibe	0.121090896195	0.4731567188	0.104904777104	0.300847607902
-ios	0.0	0.968253968254	0.031746031746	0.0
-les	0.0434782608696	0.95652173913	0.0	0.0
-let	0.13613334101	0.724653117623	0.106684322644	0.0325292187231
-iot	0.0	1.0	0.0	0.0
-k10	0.172552458759	0.585210435674	0.0132732660584	0.228963839508
-eee	0.163893510815	0.511647254576	0.0	0.324459234609
-ifi	0.509988249118	0.374853113984	0.0517038777909	0.0634547591069
-git	0.0144927536232	0.942028985507	0.0434782608696	0.0
-ifo	0.39967550027	0.419145484045	0.0903190914008	0.0908599242834
-alo	0.471668059971	0.228617006074	0.0679511947037	0.231763739251
-gim	0.0365238592792	0.89675293437	0.038681799965	0.0280414063854
-gil	0.158380010827	0.106524428224	0.0189914891878	0.716104071761
-gik	0.118221584491	0.178123202301	0.19740876108	0.506246452128
-gii	0.251231527094	0.600985221675	0.147783251231	0.0
-ali	0.477996007342	0.248134903075	0.0927395392308	0.181129550352
-nda	0.0	0.9896073903	0.0	0.0103926096998
-ale	0.355577633327	0.00955032138787	0.0034868225877	0.631385222697
-nde	0.0	0.900852878465	0.00639658848613	0.092750533049
-gia	0.0	0.950354609929	0.0496453900709	0.0
-ala	0.529504461659	0.158673075816	0.0432831178026	0.268539344723
-lon	0.316221376081	0.268850990305	0.0367623374823	0.378165296132
-120	0.03125	0.15625	0.0	0.8125
-yop	0.0116929334011	0.87671581088	0.0221148957804	0.089476359939
-yot	0.0744364100382	0.866014461931	0.0467886005955	0.0127605274351
-yok	0.345272233397	0.159533881806	0.0874078614257	0.407786023372
-lom	0.175723426607	0.748734600325	0.0181453538344	0.0573966192341
-yon	0.202670623145	0.678635014837	0.0617210682492	0.0569732937685
-yom	0.896816684962	0.103183315038	0.0	0.0
-yol	0.0498594088537	0.803828572965	0.0449183863546	0.101393631827
-lok	0.0652312396484	0.915021021786	0.00828130972098	0.0114664288444
-pel	0.0	0.510416666667	0.427083333333	0.0625
-pen	0.0878990331178	0.610218594256	0.293148163641	0.00873420898519
-elu	0.35066598616	0.211250843781	0.080225746798	0.357857423261
-153	0.046511627907	0.0	0.046511627907	0.906976744186
-eli	0.374187098667	0.174425228688	0.0368985220074	0.414489150638
-elo	0.231075697211	0.386454183267	0.382470119522	0.0
-ogo	0.284602246771	0.295778998297	0.15529351302	0.264325241912
-oga	0.557926200783	0.233663162235	0.0597814883529	0.148629148629
-ela	0.496502414357	0.107062632988	0.0217160245435	0.374718928111
-iya	0.0194286339755	0.954110113835	0.00547285464098	0.0209883975482
-ele	0.376590157791	0.128122405947	0.0354574373814	0.459829998881
-pne	0.398913779726	0.262105400242	0.0670327103044	0.271948109727
-esu	0.253777888343	0.226074982517	0.16882783674	0.3513192924
-ito	0.426874933134	0.26928426233	0.244998395207	0.0588424093292
-esi	0.188352020185	0.237936322608	0.0330410919763	0.540670565231
-esa	0.342144045617	0.27056679158	0.0945425735274	0.292746589275
-ita	0.230673181567	0.260370760179	0.0376293606487	0.471326697606
-spa	0.0428571428571	0.928571428571	0.0285714285714	0.0
-faa	0.705882352941	0.147058823529	0.031512605042	0.115546218487
-bru	0.0162030785849	0.949770456387	0.0275452335944	0.00648123143397
-fak	0.20572677818	0.147423823727	0.306613637488	0.340235760605
-fan	0.32228270368	0.497188418042	0.145869625169	0.0346592531085
-fal	0.470827679783	0.150384441429	0.286069651741	0.0927182270465
-kon	0.254384949998	0.490094766437	0.0385598843187	0.216960399247
-fas	0.0471894517696	0.936155447606	0.0	0.0166551006246
-fap	0.240137675404	0.116494572412	0.0	0.643367752184
-uda	0.0616684373703	0.677731584165	0.162167195666	0.098432782799
-fat	0.240697674419	0.445348837209	0.251162790698	0.0627906976745
-abu	0.467121379954	0.340934159204	0.0674911371748	0.124453323667
-tal	0.698587420568	0.0687727496065	0.0173546876402	0.215285142185
--se	0.411804764015	0.309359610311	0.0643590852505	0.214476540424
-uto	0.55737704918	0.0655737704918	0.0901639344262	0.286885245902
-abe	0.359766318514	0.118748722211	0.0396503133821	0.481834645893
-ait	0.0	1.0	0.0	0.0
-aba	0.479345686859	0.342626077858	0.1020214329	0.076006802383
-abo	0.0840221462661	0.0339407908431	0.00282476003206	0.879212302859
-ron	0.00852878464818	0.974413646055	0.0170575692964	0.0
-kem	0.263742749262	0.224170998668	0.0407257922806	0.471360459789
-gba	0.318689273087	0.115175812244	0.228013029316	0.338121885353
-dep	0.36471428852	0.108343849555	0.0107048824209	0.516236979504
-kom	0.251881380209	0.445566914991	0.0657819948313	0.236769709968
-kol	0.0	0.909090909091	0.0909090909091	0.0
-gbi	0.615815580323	0.123881117315	0.0517269382898	0.208576364072
-tul	0.331501367282	0.269910740781	0.196674437666	0.201913454271
-ael	0.0607228412202	0.855082837835	0.00954071447796	0.0746536064664
-kok	0.183654729109	0.470844811754	0.324839302112	0.0206611570248
-som	0.218013986999	0.185875596738	0.225092042912	0.371018373351
-sol	0.159530931703	0.752615228653	0.0451033973264	0.0427504423168
-son	0.170344271595	0.797258965095	0.00313517064286	0.0292615926667
-kop	0.280756821211	0.644332608543	0.0173598933857	0.0575506768605
-sok	0.167291970184	0.120765330418	0.0543113926269	0.657631306771
-gbu	0.406107800219	0.189084511844	0.111395984199	0.293411703738
-ora	0.0103626943005	0.962003454231	0.0103626943005	0.0172711571675
-val	0.305555555556	0.638888888889	0.0555555555556	0.0
-lit	0.126394052045	0.828996282528	0.0446096654275	0.0
-rus	0.0270889768702	0.950519994696	0.00738790278278	0.0150031256512
-liv	0.0156244255726	0.92481894048	0.0595566339473	0.0
-lip	0.392865163718	0.206659923709	0.0522825452261	0.348192367347
-omu	0.649020726374	0.207720098878	0.0733853077264	0.0698738670217
-lis	0.0287916641277	0.827250015234	0.0	0.143958320639
-lim	0.158154339924	0.697668713066	0.0613750237796	0.0828019232306
-lin	0.291662105823	0.443388738301	0.0822718112981	0.182677344578
-lio	0.0	1.0	0.0	0.0
-lii	0.282735954487	0.252152780621	0.195702815916	0.269408448975
-lik	0.157834793258	0.333143829032	0.284682591654	0.224338786056
-oma	0.363914794194	0.355051665462	0.146727046708	0.134306493636
-lia	0.0	1.0	0.0	0.0
-iik	0.63371847485	0.0826005764024	0.0601571262136	0.223523822534
-abi	0.494789005656	0.214373629184	0.104938462867	0.185898902293
-oda	0.040369088812	0.959630911188	0.0	0.0
-kek	0.178092740442	0.40469734274	0.0568196445907	0.360390272227
-eam	0.0089709762533	0.987598944591	0.0	0.00343007915567
-gta	0.348934796643	0.428340865074	0.0629438347321	0.159780503551
-ara	0.0794883508451	0.760073092736	0.0535404294199	0.106898126999
-pai	0.0118577075099	0.973320158103	0.0	0.0148221343873
-dus	0.0	0.959183673469	0.0408163265306	0.0
-duu	0.0718608169441	0.683055975794	0.226928895613	0.018154311649
-aiv	0.00772797527049	0.0463678516229	0.0	0.945904173107
-sop	0.229165152303	0.172846923801	0.129850176587	0.468137747308
-waa	0.287218122161	0.38202918942	0.1626652566	0.16808743182
-wan	0.347256689354	0.407970711811	0.0412786554953	0.20349394334
-pas	0.0358422939068	0.921146953405	0.0172043010753	0.0258064516129
-pat	0.109090909091	0.754545454546	0.136363636364	0.0
-dum	0.0458709133304	0.918845859705	0.00312601779734	0.0321572091674
-num	0.0339291538607	0.254793901507	0.00341000769733	0.707866936935
-nuk	0.491935741229	0.350289445299	0.0855251820601	0.072249631412
-ini	0.0987311657414	0.831879460745	0.0646312450436	0.00475812846947
-ken	0.48416225079	0.439797542951	0.0344557184611	0.0415844877979
-suu	0.387718696992	0.309703051505	0.143387442408	0.159190809095
-kel	0.152074860237	0.770853626447	0.0689927383354	0.00807877498073
-sus	0.0122761892348	0.757304011549	0.00375132657875	0.226668472637
-sup	0.435363673649	0.223607839642	0.0726923012265	0.268336185482
-ket	0.209109415821	0.579024415955	0.188308465875	0.0235577023483
-suk	0.338483984349	0.154934014192	0.0760163140792	0.43056568738
-sos	0.0545454545454	0.881818181818	0.0	0.0636363636363
-sek	0.0784621420165	0.780306002354	0.111808552373	0.0294233032562
-nuu	0.291666666667	0.4375	0.270833333333	0.0
-nim	0.0676950877507	0.080295482538	0.0208968194191	0.831112610292
-nus	0.0339622641509	0.932075471698	0.0226415094339	0.011320754717
-sua	0.147557328016	0.786640079761	0.011964107677	0.0538384845464
-tup	0.0083875026211	0.842734325854	0.148878171524	0.0
-fet	0.0971544715447	0.875582039911	0.0183019216556	0.00896156688839
-fes	0.114457831325	0.831325301205	0.0361445783133	0.0180722891566
-kot	0.194617604388	0.577858201935	0.0308499274588	0.196674266218
-dil	0.399559425155	0.37281023812	0.0377635581664	0.189866778559
-dim	0.0	0.914893617021	0.0	0.0851063829788
-dii	0.173006066272	0.0942661276838	0.00349785077202	0.729229955273
-tus	0.0182484863989	0.965037946619	0.00306983883346	0.0136437281487
-age	0.184074346925	0.0220263360294	0.002335553114	0.791563763931
-dis	0.079337401918	0.86181342633	0.0453356582389	0.0135135135135
-fen	0.258451367789	0.105277462646	0.0643955027857	0.571875666779
-mea	0.0	0.967741935484	0.0322580645161	0.0
-sli	0.0	1.0	0.0	0.0
-kos	0.0	1.0	0.0	0.0
-ven	0.133150220762	0.741066844645	0.0274925557038	0.0982903788891
-ova	0.00744468078352	0.977888186927	0.00800025397632	0.0066668783136
-uki	0.960264900662	0.0	0.0397350993378	0.0
-uko	0.678870127821	0.273788859082	0.0426069117879	0.00473410130977
-nba	0.538449636541	0.212362187531	0.193738796298	0.05544937963
-tit	0.820895522388	0.179104477612	0.0	0.0
-msi	0.613724157631	0.161278307545	0.0848005677946	0.140196967029
-vai	0.016647244881	0.970867321458	0.00749126019644	0.00499417346431
-tip	0.132407195833	0.0991428192047	0.424232002323	0.344217982639
-ais	0.0144875314421	0.954762928867	0.00514044982745	0.0256090898636
-tis	0.0389633345996	0.923547619137	0.0177441131892	0.0197449330741
-efo	0.189539528224	0.755294294973	0.0293918155099	0.0257743612932
-nga	0.349507047991	0.305996903772	0.19299003232	0.151506015916
-tia	0.0	1.0	0.0	0.0
-aim	0.0816326530612	0.918367346939	0.0	0.0
-tim	0.0607344002514	0.581688301862	0.176683655355	0.180893642531
-tin	0.269934278955	0.105020268087	0.186278997735	0.438766455223
-ain	0.0576119750339	0.79916369701	0.0499477969492	0.0932765310073
-tii	0.267593563367	0.169867863101	0.238260699778	0.324277873755
-ngo	0.507142857143	0.428571428571	0.0428571428571	0.0214285714286
-eme	0.0	0.916375436845	0.0449326010983	0.0386919620569
-ema	0.39858444167	0.282667950161	0.0586056494928	0.260141958676
-uwa	0.397526348961	0.602473651039	0.0	0.0
-emi	0.370548915072	0.197559338474	0.0370445313113	0.394847215143
-260	0.0477453580902	0.135278514589	0.0318302387268	0.785145888594
-emu	0.284647776683	0.25791799921	0.0879562276478	0.369477996459
-ems	0.000349589232652	0.997727669988	0.00104876769795	0.000873973081628
-oni	0.0697674418605	0.744186046512	0.0	0.186046511628
-450	0.310559006211	0.44099378882	0.0248447204969	0.223602484472
-pde	0.497532005049	0.173548503426	0.0875293003967	0.241390191129
-set	0.0	1.0	0.0	0.0
-dam	0.0825365947275	0.705234547716	0.0455798454211	0.166649012136
-obu	0.38719968748	0.354319942705	0.151702584804	0.106777785012
-mdu	0.109208364659	0.859786149862	0.00459443655501	0.0264110489238
-ges	0.0169491525424	0.915254237288	0.0677966101695	0.0
-ame	0.231884057971	0.347826086956	0.376811594203	0.0434782608696
-000	0.166760206371	0.349402009336	0.0179156840857	0.465922100208
-eta	0.300467923462	0.100737718633	0.0282137950323	0.570580562873
-rut	0.0	1.0	0.0	0.0
-buk	0.4654353562	0.512401055409	0.00633245382585	0.0158311345646
-edi	0.0105911167009	0.989408883299	0.0	0.0
-bul	0.195460246662	0.400113227967	0.105226940749	0.299199584622
-uyo	0.0660629942575	0.0185103727711	0.00191306241814	0.913513570553
-bum	0.383817427386	0.23132780083	0.263485477178	0.121369294606
-pmu	0.502403401738	0.208522832317	0.109696801627	0.179376964319
-wep	0.197898101007	0.118019682655	0.0127347078007	0.671347508538
-omi	0.0730343757888	0.177677545332	0.0291441020287	0.72014397685
-wek	0.196049759463	0.110843765565	0.063755450929	0.629351024043
-wei	0.345348120764	0.187153419593	0.225662353666	0.241836105977
-pmi	0.0323888996462	0.0414904630519	0.0153215395204	0.910799097782
-ata	0.384752687157	0.226572006998	0.0643804735519	0.324294832293
-bus	0.0772366641074	0.912489488501	0.00552082190779	0.00475302548353
-bup	0.310743481218	0.322693767325	0.0838170852559	0.282745666201
-pma	0.708805887832	0.124030959482	0.0231007751005	0.144062377586
-but	0.315200358182	0.625699574659	0.0591000671592	0.0
-ati	0.328804347826	0.274456521739	0.0978260869565	0.298913043478
-nis	0.297467085478	0.589921807124	0.0290717102185	0.0835393971797
-nip	0.52335994614	0.132819572436	0.0980736078772	0.245746873546
-ian	0.0656136087485	0.64277035237	0.291616038882	0.0
-kao	0.109733737245	0.859175701531	0.0298947704082	0.00119579081633
-ulo	0.0116209034386	0.937298339603	0.0224141961781	0.0286665607801
-kam	0.223168954733	0.172351743787	0.0116794916416	0.592799809838
-kal	0.145290705359	0.036642307729	0.00852815843534	0.809538828477
-kaa	0.267067673881	0.0834472432409	0.0230628702832	0.626422212595
-ula	0.395005533448	0.439905749651	0.0403990411854	0.124689675715
-osi	0.0303290306372	0.944087071528	0.0036169194086	0.0219669784265
-fuk	0.0878048780488	0.756097560976	0.156097560976	0.0
-osu	0.136973998687	0.578407957629	0.16650350069	0.118114542995
-nia	0.0243291926919	0.93824128009	0.0313472290453	0.00608229817297
-kas	0.169811320755	0.679245283019	0.0377358490566	0.11320754717
-nik	0.0129388869256	0.930047665808	0.0269925662618	0.0300208810044
-kap	0.14554905783	0.828460038986	0.0142949967511	0.0116959064328
-nin	0.265091436551	0.437772157233	0.100908780084	0.196227626133
-nil	0.0	1.0	0.0	0.0
-ulu	0.344376822105	0.345798118344	0.0659819928407	0.24384306671
-300	0.0	0.232843137255	0.272058823529	0.495098039216
-tta	0.309677419355	0.283870967742	0.251612903226	0.154838709677
-nbi	0.632514375327	0.193204391009	0.106743335076	0.0675378985886
-fis	0.29914998629	0.651494378942	0.0	0.0493556347683
-fip	0.320794347909	0.514034752721	0.139392782127	0.0257781172427
-fit	0.398584179748	0.601415820252	0.0	0.0
-fik	0.0523311343595	0.738544234913	0.152373336887	0.0567512938407
-fii	0.648275862069	0.268965517241	0.0413793103448	0.0413793103448
-fin	0.0257444883749	0.841848839375	0.0243440638961	0.108062608354
-fil	0.302338033196	0.68293771194	0.0	0.0147242548635
-nbu	0.266598630064	0.385973363982	0.0971434969021	0.250284509052
-fia	0.407582938389	0.57345971564	0.0189573459716	0.0
-nek	0.888111888112	0.0	0.0699300699301	0.0419580419581
-ilu	0.439247528796	0.379397778735	0.0714521743576	0.109902518112
-iyo	0.165999321348	0.00650719900071	0.000238883015661	0.827254596636
-ile	0.272978074633	0.150573544359	0.0827646290112	0.493683751997
-ila	0.251634716113	0.60422284329	0.0839538762343	0.0601885643619
-ilo	0.116840942848	0.172205550721	0.0173887124525	0.693564793978
-yus	0.078141499472	0.921858500528	0.0	0.0
-pka	0.104821802935	0.454926624738	0.429769392034	0.0104821802935
-vit	0.00471720364168	0.989150431624	0.000471720364167	0.00566064437002
-ili	0.304184017667	0.462725595031	0.0545153127378	0.178575074564
-lma	0.644468313641	0.145005370569	0.0966702470462	0.113856068743
-iga	0.453004622496	0.275808936826	0.0184899845917	0.252696456086
-mta	0.452964762381	0.232508559187	0.0729076801048	0.241618998327
-eba	0.391623898532	0.35367299794	0.108135636851	0.146567466677
-igi	0.266053058508	0.355579330812	0.283426970737	0.0949406399431
-amu	0.556208227107	0.257234892855	0.0521945841659	0.134362295873
-ebe	0.239743041757	0.039758462556	0.00891116084177	0.711587334845
-ami	0.0587724617863	0.0494608959407	0.0602347356678	0.831531906605
--ba	0.0844277673546	0.878048780488	0.0	0.0375234521576
-lmu	0.279187817259	0.365482233503	0.142131979695	0.213197969543
-amo	0.65373512906	0.138147027161	0.036900567695	0.171217276084
-tuk	0.195775518713	0.448491281499	0.0826479410365	0.273085258752
-kwe	0.117248881905	0.522543212861	0.338450380757	0.0217575244772
-kwa	0.148233431676	0.0784341944305	0.000719579765414	0.772612794128
-ebu	0.418036106788	0.258600447092	0.211898639502	0.111464806618
--bo	0.368519036653	0.433753739535	0.0982717431074	0.0994554807051
-lva	0.0202874049028	0.898562975486	0.0811496196111	0.0
-ban	0.149624680887	0.0953577117713	0.0634453482632	0.691572259078
-usi	0.105439330544	0.824825662483	0.0457461645746	0.0239888423989
-uso	0.227984740205	0.154439610208	0.0335260568317	0.584049592756
-ein	0.0215633423181	0.962264150943	0.0	0.0161725067385
-gus	0.0292207792208	0.951298701299	0.0194805194805	0.0
-usa	0.417265896421	0.311989981417	0.0979639654198	0.172780156742
-gup	0.0633947159364	0.10837592273	0.106844906679	0.721384454654
-ira	0.0102880658436	0.980452674897	0.00308641975309	0.00617283950616
-guu	0.554140127389	0.350318471338	0.0382165605096	0.0573248407643
-gut	0.444444444444	0.555555555556	0.0	0.0
-uli	0.466604065214	0.345576294492	0.0504337332815	0.137385907012
-gun	0.180405217874	0.119206217041	0.28684429642	0.413544268665
-gum	0.0480064185941	0.136885462018	0.0462817001764	0.768826419211
-gul	0.136832974228	0.572571844307	0.271987016258	0.018608165207
-osa	0.350418660191	0.433202955097	0.0655218847654	0.150856499946
-usu	0.414431984398	0.39541686982	0.0511945392491	0.138956606533
-kan	0.323764980001	0.359377713984	0.0730463870291	0.243810918985
-sta	0.0853485064012	0.814570209307	0.0787441576915	0.0213371266003
-tum	0.00945734121115	0.976291477862	0.00098535693986	0.0132658239866
-bam	0.50117228468	0.135356598561	0.15849593823	0.204975178529
-nup	0.321988527725	0.325685149777	0.117272147865	0.235054174634
-a-e	0.221485716574	0.270639124471	0.254498302811	0.253376856144
-e-e	0.210502892746	0.393858477971	0.0195816644415	0.376056964842
-pia	0.0	0.975550122249	0.0244498777506	0.0
-oas	0.00985221674876	0.990147783251	0.0	0.0
-ius	0.0721350590259	0.905780515211	0.0032183334027	0.0188660923606
-e-i	0.141176470588	0.6	0.211764705882	0.0470588235294
-iut	0.0	1.0	0.0	0.0
-ium	0.139941690962	0.711370262391	0.113702623907	0.0349854227405
-nok	0.105549243609	0.729187465568	0.128875043302	0.0363882475206
-ule	0.501390047262	0.154573255491	0.109813733667	0.234222963581
-aap	0.280187288231	0.311572344034	0.320726490687	0.0875138770476
