-rbs	0.00762115910902	0.719056361936	0.267086985139	0.00623549381646
-cab	0.0	0.857142857143	0.142857142857	0.0
-cad	0.0	1.0	0.0	0.0
-ivy	0.1875	0.5625	0.25	0.0
-cai	0.0	1.0	0.0	0.0
-cah	0.0	0.995485327314	0.00451467268623	0.0
-can	0.0	1.0	0.0	0.0
-eus	0.00370904595096	0.980218421595	0.00494539460128	0.0111271378529
-eur	0.0	1.0	0.0	0.0
-cas	0.0	1.0	0.0	0.0
-iva	0.0192307692308	0.942307692308	0.0384615384615	0.0
-rba	0.0	0.958620689655	0.0413793103448	0.0
-ive	0.727266479547	0.15497951527	0.102431458547	0.0153225466354
-rbe	0.0102040816326	0.989795918367	0.0	0.0
-cay	0.0955414012739	0.898089171974	0.0063694267516	0.0
-aus	0.0123456790123	0.962962962963	0.0	0.0246913580247
-euz	0.0	1.0	0.0	0.0
-log	0.65	0.3	0.0500000000001	0.0
-uff	0.025641025641	0.948717948718	0.025641025641	0.0
-aub	0.666666666667	0.333333333333	0.0	0.0
-oys	0.737373737374	0.181818181818	0.080808080808	0.0
-aud	0.739130434783	0.223602484472	0.0124223602484	0.0248447204969
-aum	0.0035799522673	0.99522673031	0.00119331742243	0.0
-aul	0.00258897750268	0.995625520771	0.000714200690393	0.00107130103559
-vam	0.0156352737966	0.0171543390977	0.00554271626145	0.961667670844
-mek	0.0	1.0	0.0	0.0
-cam	0.074074074074	0.851851851852	0.074074074074	0.0
-cal	0.0534521158129	0.654788418708	0.267260579064	0.0244988864142
-oy'	0.572984524179	0.352841829525	0.0624547616586	0.0117188846379
-car	0.0	0.9375	0.0625	0.0
-'iw	0.0225863596103	0.96545615589	0.00723354000591	0.00472394449365
-'iv	0.0205261677579	0.0429381523964	0.000769235649393	0.935766444196
-'ij	0.893091247766	0.0944315932801	0.00768370275509	0.00479345619834
-eck	0.0824142911339	0.891952917529	0.0236859970582	0.00194679427876
-tly	0.17593683419	0.108810627898	0.125529514977	0.589723022935
-ech	0.0571685053507	0.901254399849	0.0261038009969	0.0154732938036
-eco	0.0	1.0	0.0	0.0
-eca	0.0	1.0	0.0	0.0
-ide	0.189197086386	0.33817544299	0.111817252103	0.360810218521
-ece	0.0313067150635	0.870689655172	0.0231397459165	0.0748638838476
-ida	0.0	1.0	0.0	0.0
-ecy	0.0835411471321	0.845386533666	0.0623441396509	0.00872817955113
-tlh	0.127932113426	0.137728488973	0.0506994110074	0.683639986594
-rps	0.0193236714976	0.971014492754	0.00966183574879	0.0
-ids	0.208285385501	0.698504027618	0.0794016110472	0.0138089758343
-tle	0.0796783173523	0.727683266316	0.178905041757	0.0137333745747
-ect	0.337064232275	0.232986372449	0.377922604947	0.0520267903286
-ute	0.448777065814	0.304138043134	0.230915981555	0.0161689094969
-uth	0.00706713780919	0.83038869258	0.129564193168	0.0329799764429
-uts	0.832128367241	0.140453894135	0.0178215301056	0.00959620851843
-uty	0.0662460567823	0.815457413249	0.0993690851734	0.0189274447949
-iab	0.0	0.986842105263	0.0131578947368	0.0
-ziv	0.0	1.0	0.0	0.0
-pha	0.0096153846154	0.961538461538	0.0288461538462	0.0
-iam	0.0	1.0	0.0	0.0
-phi	0.142857142857	0.857142857143	0.0	0.0
-pho	0.0	1.0	0.0	0.0
-phs	0.235294117647	0.647058823529	0.0294117647059	0.0882352941176
-num	0.25	0.5	0.25	0.0
-phu	0.0	1.0	0.0	0.0
-phy	0.03125	0.65625	0.3125	0.0
-baz	0.275862068965	0.724137931035	0.0	0.0
-ken	0.582137048299	0.0972915635386	0.27364401386	0.0469273743017
-nue	0.838353413655	0.0602409638554	0.031124497992	0.070281124498
-ija	0.0	1.0	0.0	0.0
-zia	0.0	1.0	0.0	0.0
-yav	0.0172380769967	0.970312200728	0.00335184830492	0.0090978739705
-lps	0.724137931034	0.228675136116	0.0362976406534	0.010889292196
-yap	0.153804494991	0.142702409965	0.157595450853	0.545897644192
-oft	0.0387215734481	0.0706822372464	0.864781807007	0.0258143822987
-v's	0.0416666666667	0.916666666667	0.0416666666666	0.0
-ofs	0.0674846625767	0.699386503068	0.233128834356	0.0
-yab	0.0986681163359	0.855531394401	0.0248708888285	0.0209296004349
-off	0.473684210526	0.315789473684	0.210526315789	0.0
-yal	0.0237388724036	0.703264094956	0.26706231454	0.00593471810089
-yah	0.0	1.0	0.0	0.0
-g's	0.00457815565729	0.975147155003	0.0183126226292	0.00196206671027
-uar	0.0	1.0	0.0	0.0
-ade	0.528348947561	0.398649470739	0.0465385083344	0.0264630733666
-ada	0.00549450549452	0.994505494505	0.0	0.0
-oud	0.0353464828068	0.40425903299	0.542241228836	0.0181532553674
-mam	0.0	1.0	0.0	0.0
-adi	0.0	1.0	0.0	0.0
-ads	0.443972179289	0.505409582689	0.0251159196291	0.0255023183926
-ady	0.142604321908	0.139437406855	0.314083457526	0.403874813711
-sen	0.843222985634	0.0793254216116	0.0124921923798	0.0649594003747
-sel	0.0616719963454	0.902695294655	0.0274097761535	0.00822293284605
-sek	0.0	1.0	0.0	0.0
-seh	0.0	1.0	0.0	0.0
-see	0.017578125	0.970703125	0.01171875	0.0
-sed	0.761855590076	0.0952310461298	0.110842929792	0.0320704340024
-uit	0.19512195122	0.670731707317	0.0609756097561	0.0731707317073
-sea	0.016129032258	0.983870967742	0.0	0.0
-fly	0.192468619247	0.150627615063	0.154811715481	0.502092050209
-ohe	0.0	1.0	0.0	0.0
-uil	0.0365853658537	0.109756097561	0.853658536585	0.0
-sex	0.2	0.6	0.2	0.0
-sew	1.0	0.0	0.0	0.0
-ohn	0.00375203915171	0.991027732463	0.00456769983687	0.000652528548122
-lak	0.0132231404959	0.973553719008	0.0132231404959	0.0
-ses	0.207785456547	0.760628060166	0.0208118229862	0.0107746603014
-ser	0.111954459203	0.506641366224	0.335863377609	0.045540796964
-lat	0.0472440944882	0.700787401575	0.236220472441	0.0157480314961
-aal	0.0	0.987577639752	0.00621118012423	0.00621118012423
-ble	0.231717590865	0.256092512418	0.463892882194	0.0482970145237
-mth	0.0	0.666666666667	0.333333333333	0.0
-aan	0.0	0.987158908507	0.0128410914928	0.0
-bly	0.016899244655	0.935475611317	0.0163231340417	0.0313020099859
-lap	0.561403508772	0.438596491228	0.0	0.0
-los	0.149083240583	0.135785835628	0.00421767910492	0.710913244684
-las	0.00568990042675	0.955903271693	0.00142247510669	0.0369843527738
-ra'	0.00184508937152	0.990620795695	0.0046896021526	0.00284451278109
-er'	0.0	0.855172413793	0.0	0.144827586207
-zon	0.0	1.0	0.0	0.0
-que	0.0	0.0	0.5	0.5
-jil	0.010033444816	0.900621118012	0.0191113234592	0.0702341137124
-qul	0.0262621931611	0.963447314825	0.00996891413871	0.000321577875442
-qup	0.0209481808159	0.13414185961	0.834619625138	0.0102903344359
-quv	0.266688375122	0.681862585477	0.0413546076197	0.0100944317812
-zor	0.015873015873	0.97619047619	0.0	0.0079365079365
-ery	0.0545494755749	0.415724385057	0.162419363756	0.367306775611
-ray	0.574083694388	0.155949294987	0.0600849654416	0.209882045183
-raw	0.752226535739	0.166933089747	0.0541219456497	0.026718428865
-rat	0.0	1.0	0.0	0.0
-ers	0.118917321934	0.820745279513	0.0394878552499	0.0208495433031
-ert	0.253402722178	0.553242594075	0.152522017614	0.0408326661329
-ras	0.0	1.0	0.0	0.0
-rap	0.0452896002701	0.0814087597401	0.587864637543	0.285437002447
-raq	0.0025706940874	0.995501285347	0.0	0.00192802056555
-ran	0.726557773745	0.24500907441	0.0235934664247	0.00483968542045
-eri	0.0	1.0	0.0	0.0
-ral	0.0871942446043	0.280287769784	0.585899280576	0.0466187050359
-ram	0.00242257398486	0.973957329663	0.00578114246387	0.0178389538885
-rak	0.0	1.0	0.0	0.0
-rah	0.00476694915254	0.99011299435	0.00194209039548	0.00317796610169
-rai	0.0115606936416	0.988439306358	0.0	0.0
-era	0.0	1.0	0.0	0.0
-erb	0.00752823086575	0.984943538269	0.00752823086574	0.0
-erd	0.0434782608695	0.944664031621	0.00395256916996	0.00790513833993
-ere	0.930504171317	0.0159042435831	0.0079701084958	0.0456214766045
-oza	0.0	1.0	0.0	0.0
-azy	0.12962962963	0.203703703704	0.657407407407	0.00925925925926
-qu'	0.519778481013	0.129588607595	0.323259493671	0.0273734177215
-oze	0.333333333333	0.333333333333	0.333333333333	0.0
-uge	0.40625	0.125	0.46875	0.0
-azo	0.0	1.0	0.0	0.0
-azi	0.057142857143	0.942857142857	0.0	0.0
-aze	0.812834224599	0.155080213904	0.0320855614973	0.0
-aza	0.0	1.0	0.0	0.0
-ugh	0.022297716961	0.0182054222185	0.012334907255	0.947161953566
-ike	0.176470588235	0.161764705882	0.0514705882353	0.610294117647
-ika	0.0	1.0	0.0	0.0
-nor	0.11334867664	0.837744533947	0.0397008055236	0.00920598388952
-nos	0.0188679245283	0.981132075472	0.0	0.0
-not	0.26706231454	0.394658753709	0.320474777448	0.0178041543027
-now	0.636363636364	0.363636363636	0.0	0.0
-noh	0.547093023256	0.436710963455	0.00672757475083	0.00946843853821
-nom	0.0	0.981308411215	0.0186915887851	0.0
-non	0.0521327014218	0.940758293839	0.0039494470774	0.00315955766194
-vo'	0.00497800256503	0.00233231533051	0.000151606357554	0.992538075747
-nob	0.759372988223	0.210832756378	0.00325469855176	0.0265395568474
-bok	0.0	1.0	0.0	0.0
-nod	0.0	1.0	0.0	0.0
-doe	0.0	0.909090909091	0.090909090909	0.0
-mad	0.213333333333	0.386666666667	0.4	0.0
-qam	0.675762854009	0.286046061544	0.0116121540546	0.0265789303916
-vor	0.15823817292	0.777161500816	0.0508972267537	0.0137030995106
-toe	0.0	1.0	0.0	0.0
-tob	0.0	1.0	0.0	0.0
-gle	0.155388471178	0.80701754386	0.0250626566416	0.0125313283208
-vow	0.0389321468297	0.934371523916	0.020022246941	0.00667408231367
-ton	0.152777777778	0.583333333333	0.138888888889	0.125
-voy	0.0647149460708	0.898305084746	0.0	0.0369799691833
-tol	0.85	0.1	0.0	0.0499999999999
-tom	0.0781928757602	0.756298870547	0.0964378801043	0.0690703735882
-toh	0.0619143239625	0.7593708166	0.0281124497992	0.150602409638
-toi	0.0	1.0	0.0	0.0
-tow	0.706161137441	0.142180094787	0.123222748815	0.0284360189573
-voc	0.55223880597	0.358208955224	0.0895522388059	0.0
-tor	0.134910284661	0.818770517606	0.0267572064577	0.0195619912758
-tos	0.0	0.923076923077	0.0	0.076923076923
-top	0.115211810013	0.730744544288	0.140564826701	0.0134788189987
-toq	0.00510204081633	0.994897959184	0.0	0.0
-gly	0.123895077255	0.0799856270212	0.0918433345312	0.704275961193
-no'	0.5	0.5	0.0	0.0
-rot	0.176470588235	0.705882352941	0.117647058823	0.0
-cle	0.0284284739595	0.883556970662	0.0654992040028	0.0225153513759
-row	0.613718746234	0.292091186368	0.0727748060111	0.0214152613867
-rop	0.0474076008881	0.070393104349	0.830090113622	0.0521091811414
-iel	0.00762012057415	0.980949698565	0.00925300355432	0.0021771773069
-ror	0.0656530753283	0.597097442985	0.329647546648	0.00760193503801
-ien	0.102803738318	0.728971962617	0.168224299065	0.0
-ied	0.716171344897	0.0982325159321	0.138181368202	0.0474147709696
-roz	0.0	1.0	0.0	0.0
-ief	0.0930067447639	0.844160454384	0.0473908413206	0.0154419595314
-rod	0.0297997827099	0.942728542604	0.0270060530809	0.000465621604842
-roe	0.0	1.0	0.0	0.0
-rob	0.52296819788	0.418727915194	0.0371024734982	0.0212014134276
-ngy	0.0	0.166666666667	0.833333333334	0.0
-rol	0.114718614719	0.80303030303	0.073593073593	0.00865800865801
-rom	0.0	1.0	0.0	0.0
-ies	0.281837506778	0.664364589796	0.0365899020803	0.0172080013455
-ier	0.0645921298196	0.412052785536	0.490000132361	0.0333549522839
-iet	0.0412423625254	0.0885947046843	0.827393075356	0.0427698574338
-roj	0.0138473642801	0.953684762654	0.0188303173354	0.0136375557304
-oly	0.0656634746922	0.106703146375	0.782489740082	0.0451436388509
-dda	0.0	1.0	0.0	0.0
-mph	0.219512195122	0.658536585366	0.0853658536585	0.0365853658537
-ddi	0.0	1.0	0.0	0.0
-nge	0.298726527088	0.398230088496	0.285560112238	0.0174832721779
-ddo	0.0	1.0	0.0	0.0
-efs	0.0353697749196	0.938906752412	0.0257234726688	0.0
-tin	0.0625	0.854166666667	0.0833333333334	0.0
-hys	0.0	1.0	0.0	0.0
-leh	0.0	1.0	0.0	0.0
-mud	0.0244897959184	0.959183673469	0.0163265306122	0.0
-mug	0.0	0.666666666667	0.222222222222	0.111111111111
-oit	0.670391061453	0.301675977654	0.0279329608938	0.0
-mua	0.0	1.0	0.0	0.0
-lem	0.0	0.999402985075	5.97014925372e-05	0.000537313432836
-len	0.827394724665	0.0830633965756	0.0284590467376	0.0610828320222
-mum	0.0	1.0	0.0	0.0
-lea	0.0240963855422	0.903614457831	0.0722891566265	0.0
-leb	0.0	1.0	0.0	0.0
-yte	0.401337792642	0.571906354515	0.0267558528428	0.0
-led	0.797713719808	0.0749039229716	0.0965577325736	0.0308246246466
-lee	0.00280138201513	0.982351293305	0.011485666262	0.00336165841815
-leg	0.0	1.0	0.0	0.0
-ley	0.0	0.983098591549	0.00845070422534	0.00845070422535
-lez	0.0	1.0	0.0	0.0
-oid	0.439626783754	0.287047200878	0.139956092206	0.133369923161
-oic	0.0	0.140740740741	0.859259259259	0.0
-mup	0.925453324379	0.0554063129617	0.00402955003358	0.0151108126259
-mus	0.475544448411	0.521599428775	0.00285612281328	0.0
-mur	0.763440860215	0.193548387097	0.0215053763441	0.0215053763441
-oin	0.724908893923	0.251452772579	0.0118191667487	0.0118191667487
-ler	0.0322300731375	0.91756538986	0.0409074005206	0.00929713648197
-les	0.10061738664	0.824709297435	0.0550657293405	0.0196075865846
-let	0.0587044534413	0.933198380567	0.00809716599191	0.0
-ddy	0.0	0.391891891892	0.608108108108	0.0
-lev	0.0	1.0	0.0	0.0
-lew	0.900511654349	0.0699260943718	0.0193291642979	0.0102330869812
-pe'	0.918272937548	0.0514373829717	0.0181738076881	0.012115871792
-mps	0.0213055571995	0.960939811801	0.0177546309996	0.0
-ls'	0.0	0.727272727273	0.272727272727	0.0
-mu'	0.0457987432086	0.922574842293	0.00649058621905	0.025135828279
-le'	0.00986239199372	0.472347482035	0.511942513019	0.00584761295203
-ogy	0.0924855491329	0.845086705202	0.0485549132948	0.0138728323699
-oea	0.0	0.973684210526	0.0263157894737	0.0
-peg	0.666666666667	0.333333333333	0.0	0.0
-pel	0.922077922078	0.0519480519481	0.012987012987	0.012987012987
-pem	0.0904522613065	0.668341708543	0.140703517588	0.100502512563
-pen	0.790429887411	0.171699078813	0.0115148413511	0.0263561924258
-peh	0.0555555555557	0.944444444444	0.0	0.0
-pet	0.0336590662324	0.961997828447	0.0043431053203	0.0
-ogh	0.2644614175	0.704341233292	0.0105301583736	0.0206671908345
-pew	0.333333333333	0.666666666667	0.0	0.0
-ecu	0.0	1.0	0.0	0.0
-per	0.151402961808	0.640536003358	0.181305833683	0.0267552011511
-lse	0.06831915156	0.0990257738315	0.522752497225	0.309902577383
-pey	0.5	0.0	0.0	0.5
-esy	0.594210526316	0.379736842105	0.0157894736842	0.0102631578947
-cco	0.0	1.0	0.0	0.0
-ity	0.0796250165824	0.817564081777	0.0695871350029	0.0332237666377
-ess	0.135292316909	0.562874657423	0.163700470668	0.138132555
-its	0.120193232467	0.272843309133	0.0168171600983	0.590146298301
-est	0.148893979134	0.34207949166	0.295101209925	0.21392531928
-esh	0.175531914894	0.779497098646	0.0362669245648	0.00870406189555
-ith	0.0741626794258	0.811004784689	0.00956937799045	0.105263157895
-esa	0.0	1.0	0.0	0.0
-ite	0.430499245361	0.470580184073	0.0415495250215	0.0573710455447
-ese	0.0	1.0	0.0	0.0
-ita	0.0	1.0	0.0	0.0
-uds	0.00303490136571	0.983308042489	0.01062215478	0.0030349013657
-n's	0.0828724970477	0.690593737482	0.122201817681	0.10433194779
-n't	0.274962355336	0.062590783844	0.0323584780463	0.630088382774
-mma	0.638888888889	0.277777777778	0.0555555555556	0.0277777777778
-tew	0.105263157895	0.894736842105	0.0	0.0
-fan	0.208	0.76	0.032	0.0
-far	0.121896162528	0.591422121896	0.038374717833	0.248306997743
-sps	0.371428571428	0.628571428572	0.0	0.0
-ude	0.557620817844	0.436183395291	0.00619578686493	0.0
-spy	0.897727272727	0.0909090909092	0.0	0.0113636363636
-udi	0.0	1.0	0.0	0.0
-rim	0.0121765601218	0.966514459665	0.0182648401826	0.00304414003044
-es'	0.0793684659697	0.665457648816	0.207808832942	0.0473650522723
-lot	0.204338176929	0.778652540863	0.00952519803664	0.00748408417165
-aea	0.0	1.0	0.0	0.0
-ael	0.00180513218801	0.995990533422	0.00184052693679	0.000363807453578
-aen	0.0	0.951219512195	0.0	0.0487804878049
-ock	0.107802537304	0.835547348858	0.0501963034008	0.00645381043725
-eap	0.671260997067	0.319941348974	0.00703812316715	0.00175953079179
-eas	0.0784794604537	0.625383200491	0.0294297976701	0.266707541386
-ear	0.598511947346	0.251967377307	0.0987265703248	0.0507941050222
-rns	0.248888737088	0.682356902028	0.0473390681493	0.0214152927342
-eat	0.353460755208	0.603773584906	0.0327183060579	0.0100473538288
-ize	0.787163480296	0.188841201717	0.00819352321498	0.0158017947717
-rne	0.773964497041	0.094674556213	0.0816568047337	0.0497041420118
-eab	0.0	1.0	0.0	0.0
-eae	0.0178571428571	0.964285714286	0.0178571428571	0.0
-ead	0.525675373967	0.277294038848	0.00870730073677	0.188323286448
-rna	0.0	1.0	0.0	0.0
-eaf	0.0280112044818	0.165266106443	0.806722689076	0.0
-eah	0.0141592920354	0.982300884956	0.0	0.00353982300884
-eak	0.0311519966548	0.055822705415	0.901735312565	0.0112899853648
-eam	0.0916274605633	0.88357112154	0.0213567765223	0.00344464137457
-eal	0.630002265177	0.302891875566	0.0540810933253	0.0130247659317
-ean	0.401476695893	0.347946469774	0.232579603138	0.0179972311952
-uri	0.0	1.0	0.0	0.0
-urk	0.818181818182	0.090909090909	0.0	0.090909090909
-url	0.6	0.0	0.0	0.4
-urn	0.689958158996	0.229707112971	0.0728033472803	0.00753138075314
-ura	0.0	1.0	0.0	0.0
-urb	0.714285714286	0.214285714286	0.0714285714286	0.0
-ure	0.183187116997	0.521330190382	0.257524228902	0.0379584637188
-ury	0.375202156334	0.575741239892	0.0264150943396	0.022641509434
-urs	0.219776001965	0.480920249637	0.124665116029	0.174638632368
-urt	0.668346774194	0.277217741935	0.0544354838709	0.0
-ara	0.0	1.0	0.0	0.0
-zni	0.0	1.0	0.0	0.0
-ewe	0.0	0.757575757576	0.121212121212	0.121212121212
-t's	0.289248046134	0.374914636922	0.0217770695804	0.314060247363
-r's	0.055216171599	0.880655337842	0.0387987419367	0.0253297486218
-nny	0.096	0.904	0.0	0.0
-iha	0.0	1.0	0.0	0.0
-kly	0.0334052948529	0.0564708555846	0.038972843995	0.871151005568
-tpu	0.00383488681758	0.973404349756	0.00436750998669	0.0183932534399
-nni	0.0	1.0	0.0	0.0
-nno	0.0	1.0	0.0	0.0
-ihu	0.0140845070423	0.957746478873	0.0281690140845	0.0
-kle	0.262420382166	0.723566878981	0.00254777070064	0.0114649681529
-nna	0.00600991158435	0.947914099602	0.0227041104297	0.0233718783836
-cca	0.0566037735849	0.867924528302	0.0377358490566	0.0377358490566
-lry	0.0444444444444	0.711111111111	0.222222222222	0.0222222222222
-'ll	0.504854368932	0.0291262135922	0.0	0.466019417476
-cry	0.295774647887	0.549295774648	0.12676056338	0.0281690140845
-cre	0.307692307692	0.538461538462	0.153846153846	0.0
-mre	0.0	1.0	0.0	0.0
-mri	0.0176991150442	0.982300884956	0.0	0.0
-ldy	0.0	0.294117647059	0.705882352941	0.0
-lds	0.307048862593	0.668468836071	0.0146893808018	0.00979292053454
-usi	0.0	1.0	0.0	0.0
-ush	0.284680337756	0.650180940893	0.0506634499397	0.0144752714113
-wi'	0.0306011185236	0.92653386641	0.0324067017622	0.0104583133039
-usa	0.115384615385	0.884615384615	0.0	0.0
-use	0.109938553243	0.110247893993	0.00976099356801	0.770052559196
-usy	0.0283950617284	0.723456790123	0.243209876543	0.00493827160494
-ust	0.122342246535	0.221787204907	0.0775747157414	0.578295832817
-eru	0.0	1.0	0.0	0.0
-eph	0.00071149057275	0.994663820704	0.00213447171825	0.00249021700462
-ept	0.415730423838	0.0431019172708	0.024207185712	0.516960473179
-eps	0.602465331279	0.372110939908	0.0107858243451	0.0146379044684
-win	0.601659751037	0.356846473029	0.0165975103735	0.0248962655602
-wim	0.968	0.032	0.0	0.0
-wil	0.666666666667	0.333333333333	0.0	0.0
-wij	0.00390750974529	0.00790581899588	0.0108583684268	0.977328302832
-wig	0.0	1.0	0.0	0.0
-ius	0.0160205469872	0.945835293519	0.0297524444049	0.00839171508855
-xit	0.666666666667	0.333333333333	0.0	0.0
-ium	0.00738310090238	0.982772764561	0.00492206726826	0.00492206726826
-acy	0.100840336134	0.865546218487	0.0336134453782	0.0
-wiv	0.856435643564	0.0683168316832	0.0252475247525	0.05
-wit	0.4	0.3	0.2	0.1
-iud	0.0	1.0	0.0	0.0
-uet	0.106666666667	0.893333333333	0.0	0.0
-ues	0.130797624779	0.845129192746	0.0128390306532	0.0112341518215
-uer	0.0	1.0	0.0	0.0
-uel	0.00771373473325	0.919648596529	0.0700664238269	0.00257124491108
-ued	0.830508474576	0.0704727921499	0.0615521855486	0.0374665477252
-cue	0.441176470588	0.558823529412	0.0	0.0
-axe	0.0301204819277	0.94578313253	0.0240963855422	0.0
-iim	0.0	1.0	0.0	0.0
-iii	1.0	0.0	0.0	0.0
-oss	0.0741908713693	0.887468879668	0.0209128630705	0.0174273858921
-ks'	0.165540540541	0.432432432432	0.212837837838	0.189189189189
-ta'	0.930402609433	0.0252183428985	0.0100042867657	0.0343747609025
-osy	0.0183908045977	0.91724137931	0.055172413793	0.00919540229885
-ach	0.0439808512282	0.297124064057	0.0997064746197	0.559188610095
-tal	0.100812407681	0.402141802068	0.476366322009	0.0206794682423
-tam	0.0	1.0	0.0	0.0
-tan	0.0535714285714	0.936160714286	0.00714285714286	0.003125
-tah	0.8780209663	0.0401835004714	0.00558021630076	0.0762153169277
-tai	0.0600000000002	0.92	0.0	0.02
-qib	0.0237388724036	0.949554896142	0.0237388724036	0.00296735905045
-tad	0.0	0.833333333333	0.166666666667	0.0
-tag	0.0	0.714285714286	0.0	0.285714285714
-qih	0.250340444848	0.727190195188	0.0115751248298	0.0108942351339
-tab	0.666666666667	0.333333333333	0.0	0.0
-tax	0.0114101813926	0.966062024576	0.00965476887068	0.0128730251609
-tay	0.811953041622	0.141302027748	0.0288153681964	0.0179295624333
-gns	0.0575304609973	0.841602813717	0.0993593769627	0.00150734832307
-tar	0.0519480519481	0.922077922078	0.0	0.025974025974
-tas	0.598039215686	0.385620915033	0.00326797385621	0.0130718954248
-rms	0.168482816429	0.710393964795	0.0808885163453	0.0402347024308
-eny	0.924767540152	0.0143702451395	0.0278951817413	0.0329670329671
-ent	0.250235115438	0.379431371523	0.305454091408	0.0648794216313
-rmy	0.013701350278	0.938046068308	0.0446783161239	0.00357426528991
-ens	0.51474084561	0.443099697011	0.0222449398226	0.0199145175555
-eno	0.0	1.0	0.0	0.0
-eni	0.0	1.0	0.0	0.0
-end	0.514293737714	0.396630160067	0.0375175512496	0.0515585509688
-ene	0.00569395017794	0.980782918149	0.00925266903915	0.00427046263345
-rmi	0.0	1.0	0.0	0.0
-ena	0.0	1.0	0.0	0.0
-hey	1.0	0.0	0.0	0.0
-het	0.19696969697	0.80303030303	0.0	0.0
-hev	0.911128744297	0.0215943548616	0.0299260350837	0.0373508657579
-hew	0.0936329588015	0.906367041199	0.0	0.0
-her	0.236024755959	0.195681402187	0.0933528796011	0.474940962253
-hes	0.234018689998	0.72358723666	0.0306037537483	0.0117903195943
-hel	0.229370963884	0.730447261421	0.00502272183687	0.0351590528582
-hem	0.0214845103611	0.974357197311	0.00277219488529	0.00138609744265
-hen	0.759049322944	0.196435384994	0.0218760863851	0.0226392056776
-pu'	0.255366963548	0.677289558545	0.0541942665542	0.0131492113528
-hej	0.0173810952185	0.00470989807845	0.00184930985287	0.97605969685
-hek	0.0	1.0	0.0	0.0
-hed	0.839982041371	0.0636107795578	0.07634607593	0.0200611031417
-heg	0.0	1.0	0.0	0.0
-hea	0.0	0.973684210526	0.0263157894737	0.0
-heb	0.0	1.0	0.0	0.0
-nse	0.36527926005	0.527072216293	0.0670224119531	0.040626111704
-puv	0.722513089005	0.25	0.00785340314136	0.0196335078534
-puq	0.00610403397027	0.928697806086	0.0513977353149	0.0138004246284
-pur	0.0	1.0	0.0	0.0
-pus	0.0	1.0	0.0	0.0
-yre	0.0106723585913	0.989327641409	0.0	0.0
-pul	0.0	1.0	0.0	0.0
-pum	0.761319811456	0.208255963434	0.00685616340523	0.0235680617055
-pun	0.6	0.4	0.0	0.0
-he'	0.490007554426	0.483712199254	0.00360552159879	0.0226747247213
-puh	0.0125968590726	0.979889224989	0.00273484440393	0.00477907153414
-puj	0.528662420382	0.0594479830149	0.365180467091	0.0467091295117
-kid	0.0	0.864864864865	0.135135135135	0.0
-yra	0.0	1.0	0.0	0.0
-ns'	0.0737704918033	0.459016393443	0.467213114754	0.0
-dea	0.00998263888889	0.974971064815	0.0121527777778	0.00289351851852
-ded	0.723597659736	0.125111559184	0.0899414934057	0.0613492876739
-dee	0.00334448160535	0.996655518395	0.0	0.0
-dek	0.00148257968866	0.971830985915	0.0266864343958	0.0
-del	0.0	1.0	0.0	0.0
-dem	0.0	1.0	0.0	0.0
-den	0.352750576037	0.381696428571	0.253960253456	0.0115927419355
-der	0.231935362349	0.607056455681	0.141215900049	0.0197922819221
-des	0.0751879699248	0.756535690691	0.0271809230188	0.141095416365
-nad	0.380986014974	0.580873004662	0.0279700522672	0.0101709280972
-dev	0.217509368381	0.0685928420138	0.0108618910552	0.70303589855
-dew	0.0147058823529	0.966911764706	0.0183823529412	0.0
-oke	0.554320372808	0.426114332468	0.0119170431504	0.00764825157412
-e''	0.145124716553	0.378684807256	0.136054421769	0.340136054422
-zur	0.0	1.0	0.0	0.0
-bit	0.149820420729	0.763981528989	0.0554130323243	0.0307850179579
-bir	0.0	1.0	0.0	0.0
-biq	0.020625	0.976375	0.0009375	0.0020625
-ds'	0.077922077922	0.376623376623	0.545454545455	0.0
-big	0.112765957447	0.191489361702	0.670212765958	0.0255319148936
-bid	0.263995891115	0.47688751926	0.0285053929122	0.230611196713
-nay	0.2	0.4	0.0	0.4
-bib	0.0	0.9	0.0500000000001	0.05
-bia	0.0	0.957746478873	0.0140845070422	0.0281690140845
-bin	0.0416666666667	0.958333333333	0.0	0.0
-bil	0.0	1.0	0.0	0.0
-bim	0.0155945419103	0.972709551657	0.00389863547757	0.00779727095517
-ms'	0.0	0.4	0.6	0.0
-met	0.843373493976	0.141996557659	0.0	0.0146299483649
-luz	0.0	1.0	0.0	0.0
-mev	0.432965496547	0.0562411278878	0.0228204437165	0.487972931848
-meq	0.534078725686	0.287333435442	0.0151631183949	0.163424720478
-eek	0.00493479027141	0.549524145224	0.423686993303	0.021854071202
-mes	0.205462801509	0.742226117125	0.035084138908	0.0172269424578
-mer	0.0304529158983	0.719450138099	0.227368054511	0.0227288914917
-luq	0.0149812734082	0.838951310862	0.138576779026	0.00749063670412
-lus	0.00469483568075	0.967136150235	0.0234741784038	0.00469483568075
-mey	0.0235856943388	0.756928220641	0.00762460250143	0.211861482519
-med	0.754475647691	0.135933523308	0.0561223379957	0.0534684910052
-e's	0.110398453174	0.775460773205	0.094597544622	0.0195432289988
-lum	0.0125	0.9875	0.0	0.0
-lun	0.0	1.0	0.0	0.0
-mem	0.0	0.0	1.0	0.0
-mel	0.0	1.0	0.0	0.0
-lub	0.333333333333	0.666666666667	0.0	0.0
-men	0.0436470365461	0.428517326264	0.0167581897368	0.511077447453
-lud	0.0	1.0	0.0	0.0
-lue	0.0681750815136	0.296018180022	0.606165398676	0.0296413397885
-dst	0.0150042625746	0.776982097187	0.00977550440465	0.198238135834
-mej	0.795507559395	0.0995248380129	0.00388768898488	0.101079913607
-ays	0.13551228936	0.161488484194	0.00617240241392	0.696826824032
-uby	0.0	1.0	0.0	0.0
-ubs	0.099706744868	0.900293255132	0.0	0.0
-ubt	0.630769230769	0.25641025641	0.0307692307692	0.0820512820513
-ay'	0.0615205794093	0.262554386869	0.0120809579681	0.663844075753
-oan	0.646706586826	0.302395209581	0.0269461077844	0.0239520958084
-had	0.0	1.0	0.0	0.0
-eet	0.332966373098	0.51901521217	0.129403522818	0.0186148919135
-ake	0.376592253766	0.518878337394	0.0357977427535	0.0687316660866
-ron	0.00398219723589	0.991098617943	0.00445069102835	0.000468493792456
-gia	0.0	0.985915492958	0.0140845070422	0.0
-oaf	0.0230769230769	0.930769230769	0.0307692307692	0.0153846153846
-aks	0.772826244738	0.213238496153	0.00479024531862	0.0091450137901
-zza	0.0	1.0	0.0	0.0
-gon	0.00250626566416	0.997493734336	0.0	0.0
-zzi	0.0	1.0	0.0	0.0
-gob	0.0	1.0	0.0	0.0
-god	0.122706422018	0.798165137615	0.0344036697247	0.0447247706422
-gog	0.0	0.979797979798	0.020202020202	0.0
-gor	0.2	0.4	0.0	0.4
-got	0.913507109005	0.031990521327	0.00355450236966	0.0509478672986
-com	0.111111111111	0.888888888889	0.0	0.0
-col	0.0	1.0	0.0	0.0
-con	0.0	1.0	0.0	0.0
-rly	0.110241994622	0.087509166463	0.168540699096	0.633708139819
-coh	0.03125	0.9375	0.03125	0.0
-eor	0.0105263157895	0.978947368421	0.0105263157895	0.0
-rls	0.0254452926208	0.954198473282	0.0152671755725	0.00508905852417
-cob	0.000639181847236	0.995845317993	0.00255672738894	0.000958772770853
-eon	0.0211070428602	0.83222054706	0.0129226793022	0.133749730777
-eol	0.0341207349081	0.913385826772	0.0419947506562	0.010498687664
-cot	0.0451612903226	0.954838709677	0.0	0.0
-cow	0.0153846153846	0.707692307692	0.276923076923	0.0
-cos	0.0	1.0	0.0	0.0
-cor	0.0	1.0	0.0	0.0
-upt	0.153804110188	0.0335592479231	0.778202885877	0.0344337560122
-ups	0.0533151059467	0.913875598086	0.0205058099795	0.0123034859877
-roi	0.133333333333	0.6	0.0	0.266666666667
-mew	0.0	1.0	0.0	0.0
-uph	0.0	1.0	0.0	0.0
-amb	0.00613496932515	0.970858895706	0.010736196319	0.0122699386503
-oas	0.0	1.0	0.0	0.0
-zle	0.929824561404	0.0350877192982	0.0350877192982	0.0
-pts	0.257950530035	0.667844522968	0.0600706713781	0.0141342756184
-pty	0.0824684431978	0.140532959327	0.720336605891	0.0566619915848
-pth	0.0232558139535	0.604651162791	0.232558139535	0.139534883721
-gag	0.0833333333333	0.916666666667	0.0	0.0
-gad	0.0	0.988235294118	0.00784313725491	0.00392156862745
-tra	0.0	1.0	0.0	0.0
-gab	0.0	1.0	0.0	0.0
-gan	0.0	0.5	0.5	0.0
-gal	0.0	1.0	0.0	0.0
-gai	0.0	1.0	0.0	0.0
-gah	0.0	1.0	0.0	0.0
-gus	0.0	1.0	0.0	0.0
-gar	0.0350364963504	0.699270072993	0.25401459854	0.0116788321168
-gur	0.0	1.0	0.0	0.0
-nly	0.0723493583651	0.232084538129	0.175752281691	0.519813821815
-try	0.185949081534	0.787624879149	0.0225588140509	0.00386722526587
-gaz	0.0	1.0	0.0	0.0
-ink	0.806978798587	0.134496466431	0.0191033568905	0.0394213780919
-inn	0.080808080808	0.878787878788	0.040404040404	0.0
-ino	0.0	1.0	0.0	0.0
-ina	0.0300187617261	0.939962476548	0.0	0.0300187617261
-rza	0.0	1.0	0.0	0.0
-ind	0.133092750189	0.266562533664	0.443121835613	0.157222880534
-ine	0.176318996952	0.585588781589	0.206468222696	0.0316239987634
-ing	0.534967690601	0.219960654445	0.0528411840081	0.192230470946
-iny	0.0321199143469	0.425410421128	0.51391862955	0.0285510349751
-ins	0.398567268546	0.557226914823	0.0176942419668	0.0265115746641
-int	0.478202079545	0.408402107521	0.0721779269828	0.0412178859514
-inu	0.0	1.0	0.0	0.0
-fic	0.081081081081	0.837837837838	0.0810810810811	0.0
-cha	0.0	1.0	0.0	0.0
-iry	0.241758241758	0.230769230769	0.527472527473	0.0
-gub	0.0	1.0	0.0	0.0
-''s	0.146034099333	0.747220163084	0.0467012601928	0.0600444773907
-mbs	0.0727245742274	0.916626470261	0.00311676746688	0.00753218804497
-lts	0.543898809524	0.405505952381	0.0133928571429	0.0372023809524
-yep	0.256965944272	0.167182662539	0.269349845201	0.306501547988
-yer	0.10843373494	0.857228915663	0.0343373493976	0.0
-dry	0.146156932424	0.0370837393248	0.806442368315	0.0103169599358
-yet	0.0457950682991	0.0293904976463	0.0224302375343	0.90238419652
-lti	0.0	1.0	0.0	0.0
-lth	0.0635721493441	0.875882946519	0.0514631685166	0.00908173562058
-yem	0.0391268906802	0.915587356218	0.0429761796939	0.0023095734082
-lta	0.0	1.0	0.0	0.0
-yed	0.862862264715	0.0737376755304	0.0317299073797	0.0316701523753
-hdo	0.0	1.0	0.0	0.0
-ela	0.0	1.0	0.0	0.0
-ahi	0.0	1.0	0.0	0.0
-aha	0.0	1.0	0.0	0.0
-ahs	0.0689655172413	0.896551724138	0.0344827586207	0.0
-ahu	0.0	1.0	0.0	0.0
-sar	0.0758556891767	0.921369102683	0.00277520814061	0.0
-saq	0.550165380375	0.446527012128	0.000826901874311	0.00248070562293
-sap	0.333333333333	0.0	0.666666666667	0.0
-sau	0.00607902735561	0.990881458967	0.0030395136778	0.0
-say	0.11814159292	0.0146017699115	0.829646017699	0.0376106194689
-ols	0.00853758315249	0.906086585323	0.0731030557432	0.0122727757817
-olt	0.0242718446602	0.961165048544	0.0145631067961	0.0
-dds	0.770072992701	0.158759124088	0.0109489051095	0.0602189781022
-oli	0.0	1.0	0.0	0.0
-olk	0.166666666667	0.666666666667	0.166666666667	0.0
-oll	0.41989279333	0.565812983919	0.0107206670637	0.00357355568791
-sae	0.0	1.0	0.0	0.0
-sad	0.0146044624746	0.0200811359026	0.0460446247464	0.919269776876
-ola	0.0	1.0	0.0	0.0
-mpt	0.557919621749	0.326241134752	0.10401891253	0.0118203309693
-sah	0.0	0.963414634146	0.0365853658536	0.0
-old	0.412272103509	0.448564007057	0.12049108018	0.0186728092531
-ole	0.681347150259	0.246113989637	0.0336787564767	0.0388601036269
-olf	0.0	1.0	0.0	0.0
-ah'	0.229553581728	0.239127927096	0.00968969892721	0.521628792248
-mas	0.00553846153846	0.990769230769	0.00246153846154	0.00123076923077
-hak	0.0333333333333	0.9	0.0666666666667	0.0
-mat	0.0413943355119	0.958605664488	0.0	0.0
-maw	0.111111111111	0.888888888889	0.0	0.0
-mai	0.0714285714287	0.928571428571	0.0	0.0
-ss'	0.230158730159	0.460317460317	0.230158730159	0.0793650793651
-has	0.00606673407483	0.990899898888	0.00303336703741	0.0
-zki	0.0	1.0	0.0	0.0
-us'	0.0411220911699	0.865476569971	0.022951864839	0.0704494740198
-juh	0.251827782291	0.726238830219	0.017059301381	0.00487408610885
-ssa	0.0	1.0	0.0	0.0
-sse	0.00424628450106	0.995753715499	0.0	0.0
-uct	0.500970873786	0.429902912621	0.0256310679612	0.0434951456311
-uck	0.918160377358	0.0471698113208	0.0290094339623	0.00566037735849
-uch	0.353339973766	0.398573242331	0.155126577395	0.0929602065081
-ffs	0.325	0.6375	0.0	0.0375
-uce	0.597510373444	0.286307053942	0.0912863070539	0.0248962655602
-qo'	0.0347944106851	0.950954687066	0.0111045991548	0.00314630309386
-ion	0.163457718977	0.751773786589	0.0565656634656	0.0282028309686
-iob	0.0	1.0	0.0	0.0
-iod	0.174418604651	0.5	0.0697674418605	0.255813953488
-ios	0.0	1.0	0.0	0.0
-ior	0.195018226002	0.422843256379	0.263669501823	0.118469015796
-ryl	0.0	0.920792079208	0.0792079207921	0.0
-iot	0.012298682284	0.965153733529	0.0146412884334	0.00790629575403
-tch	0.41199179988	0.439308012639	0.088075366348	0.0606248211334
-qos	0.0243902439024	0.975609756098	0.0	0.0
-aam	0.0199600798403	0.98003992016	0.0	0.0
-qoy	0.961936451207	0.0311728255965	0.00089324189588	0.00599748130091
-chi	0.0	1.0	0.0	0.0
-ely	0.137438851359	0.159484127824	0.154380466318	0.548696554499
-cho	0.0	1.0	0.0	0.0
-els	0.0591623547789	0.919750073221	0.0164014448892	0.00468612711119
-rks	0.143459915612	0.827004219409	0.0295358649789	0.0
-che	0.0	1.0	0.0	0.0
-elt	0.501451679801	0.481128162588	0.0174201576109	0.0
-eli	0.00544959128065	0.986376021798	0.0	0.00817438692097
-ell	0.693310165074	0.290616854909	0.00912250217202	0.00695047784536
-elm	0.777777777778	0.222222222222	0.0	0.0
-iye	0.0	1.0	0.0	0.0
-rka	0.0	1.0	0.0	0.0
-chs	0.00212264150943	0.919339622642	0.0509433962264	0.0275943396227
-elf	0.0391223972141	0.0395809747639	0.0254797151087	0.895816912913
-eld	0.787709497207	0.112613937077	0.0705674801529	0.0291090855631
-hu'	0.468862997188	0.0709120128565	0.304439533949	0.155785456006
-tu'	0.95529998915	0.0170337419985	0.00455679722253	0.0231094716285
-hul	0.0	1.0	0.0	0.0
-hum	0.0616966580977	0.938303341902	0.0	0.0
-hun	0.399662731872	0.494097807757	0.0860033726812	0.0202360876897
-huh	0.904746835443	0.0325949367089	0.0463291139241	0.0163291139241
-hud	0.057150523209	0.930775422592	0.0083176817816	0.00375637241749
-hua	0.00881612090681	0.891057934509	0.0	0.100125944584
-hub	0.0	1.0	0.0	0.0
-mei	0.024	0.976	0.0	0.0
-c's	0.133333333333	0.866666666667	0.0	0.0
-hut	0.637527792632	0.0291294925558	0.0224592609271	0.310883453885
-huv	0.115646258503	0.828231292517	0.0459183673469	0.0102040816327
-hur	0.0231213872832	0.971098265896	0.0	0.00578034682082
-hus	0.0425555243375	0.121087941231	0.00925120094294	0.827105333489
-kod	0.0	1.0	0.0	0.0
-tub	0.0	1.0	0.0	0.0
-vav	0.00518743671032	0.990564707962	0.000473738512358	0.00377411681512
-tue	0.0263157894737	0.719298245614	0.254385964912	0.0
-vat	0.0	1.0	0.0	0.0
-tuh	0.0516661571385	0.422806481198	0.522775909508	0.0027514521553
-nce	0.138530641288	0.646044895368	0.0749922557177	0.140432207626
-kon	0.474576271186	0.237288135593	0.237288135593	0.0508474576271
-tul	0.269013328932	0.714892914621	0.00817067635043	0.00792308009739
-kok	0.0	1.0	0.0	0.0
-tuq	0.00317697626612	0.991465769638	0.000513922631284	0.00484333146452
-tur	0.0	1.0	0.0	0.0
-tus	0.0127914723518	0.981612258494	0.00239840106596	0.00319786808794
-ncy	0.140679953107	0.708089097304	0.0773739742087	0.073856975381
-vad	0.0246837991186	0.018018701783	0.00243898306831	0.95485851603
-kor	0.0	1.0	0.0	0.0
-vaj	0.0106678149345	0.0465149777828	0.0109101572782	0.931907050004
-vah	0.0173010380623	0.967128027682	0.0155709342561	0.0
-vai	0.0	1.0	0.0	0.0
-van	0.0	1.0	0.0	0.0
-val	0.0148299975886	0.0801784422474	0.897757414999	0.00723414516518
-koz	0.0	1.0	0.0	0.0
-lix	0.0	1.0	0.0	0.0
-lit	0.636859323882	0.284623773173	0.0348964013087	0.0436205016358
-omp	0.0933333333333	0.826666666667	0.08	0.0
-jen	0.00608856088561	0.10467404674	0.875768757688	0.0134686346864
-lis	0.0	0.877934272301	0.0	0.122065727699
-lim	0.0	1.0	0.0	0.0
-omi	0.0	0.951612903226	0.016129032258	0.0322580645161
-lio	0.0	1.0	0.0	0.0
-jew	0.0114739629303	0.938217122683	0.0503089143866	0.0
-lij	0.00989024818924	0.11547591666	0.0144643252368	0.860169509914
-lid	0.0811309157959	0.122311001844	0.79655808236	0.0
-omb	0.0376341325666	0.939569748935	0.00924166966166	0.0135544488371
-oma	0.0104712041885	0.973821989529	0.0157068062827	0.0
-lia	0.0	0.994350282486	0.0	0.00564971751412
-ome	0.276704338316	0.543930003646	0.151294203427	0.0280714546117
-lic	0.295597484277	0.251572327044	0.377358490566	0.0754716981132
-pa'	0.0227465656367	0.0483860192459	0.00515583243909	0.923711582678
-du'	0.0374781431416	0.94316812433	0.00517609227678	0.0141776402519
-je'	0.00625711035267	0.992036405006	0.00170648464164	0.0
-nch	0.0916055962691	0.871752165223	0.033311125916	0.0033311125916
-li'	0.295454545455	0.215909090909	0.443181818182	0.0454545454545
-pah	0.0	0.993957703928	0.0	0.00604229607249
-pai	0.0	1.0	0.0	0.0
-dus	0.0	0.981818181818	0.0	0.0181818181818
-pal	0.1875	0.3515625	0.4296875	0.03125
-pan	0.300771208226	0.637532133676	0.0154241645244	0.0462724935733
-bya	0.0363636363636	0.927272727273	0.0363636363636	0.0
-duy	0.00155945419103	0.991033138402	0.00701754385965	0.000389863547759
-pad	0.0	1.0	0.0	0.0
-pay	0.871028744327	0.0741301059001	0.0168305597579	0.0380105900151
-paz	0.0	0.826086956522	0.173913043478	0.0
-dud	0.78589047854	0.0365071534287	0.171682289097	0.00592007893438
-due	0.207081545064	0.377682403433	0.383047210301	0.0321888412017
-dug	0.885702235344	0.114297764656	0.0	0.0
-paq	0.00891795481569	0.990368608799	0.0	0.000713436385256
-duj	0.00152477763659	0.996188055909	0.0	0.00228716645489
-pas	0.0202874049028	0.959425190194	0.0202874049028	0.0
-pat	0.747619047619	0.233333333333	0.0190476190476	0.0
-pau	0.0	1.0	0.0	0.0
-dun	0.0153868311769	0.0384310713171	0.8959168487	0.0502652488057
-paw	0.0	1.0	0.0	0.0
-wls	0.729468599034	0.246376811594	0.0241545893719	0.0
-ohu	0.0	1.0	0.0	0.0
-wly	0.125984251969	0.121062992126	0.555118110236	0.197834645669
-'o'	0.051930758988	0.0749001331559	0.804260985353	0.0689081225033
-did	0.090909090909	0.909090909091	0.0	0.0
-few	0.0243359937197	0.0851759780191	0.836320816433	0.0541672118278
-dig	0.80431284197	0.19568715803	0.0	0.0
-fer	0.784359498103	0.181937554713	0.0137875693026	0.0199153778815
-dia	0.0	1.0	0.0	0.0
-dim	0.0863309352519	0.647482014388	0.251798561151	0.0143884892086
-din	0.0	1.0	0.0	0.0
-sly	0.170173500469	0.192849251911	0.202491714507	0.434485533113
-i'm	0.691724573594	0.192672141503	0.0246367656349	0.0909665192672
-dit	0.131578947368	0.760765550239	0.0358851674641	0.0717703349282
-sle	0.0923076923077	0.815384615385	0.0615384615384	0.0307692307692
-fed	0.534188034188	0.0918803418803	0.373931623932	0.0
-dip	0.920792079208	0.079207920792	0.0	0.0
-dis	0.000345701774602	0.976953215027	0.0223553814243	0.000345701774602
-sli	0.0	1.0	0.0	0.0
-'oh	0.487491606656	0.0202561879979	0.000690395173196	0.491561810173
-kos	0.0	1.0	0.0	0.0
-ggs	0.047619047619	0.952380952381	0.0	0.0
-nct	0.384615384615	0.153846153846	0.461538461538	0.0
-'op	0.0115184294872	0.0663561698718	0.0474509214743	0.874674479167
-ait	0.090909090909	0.363636363636	0.545454545455	0.0
-ais	0.0392156862745	0.960784313725	0.0	0.0
-air	0.12341356674	0.734792122538	0.114223194748	0.0275711159737
-aid	0.776352668779	0.176730441141	0.0239458932488	0.0229709968316
-aia	0.0201680672269	0.973109243697	0.0	0.00672268907563
-aic	0.0	1.0	0.0	0.0
-aim	0.312548113934	0.663587374904	0.0142417244034	0.00962278675904
-ail	0.418267610381	0.525109538254	0.0299966295922	0.0266262217728
-ain	0.262741044756	0.252307608646	0.0231323733517	0.461818973246
-rto	0.0	0.533333333333	0.133333333333	0.333333333334
-oha	0.0	1.0	0.0	0.0
-eme	0.578051430641	0.243752263673	0.0934444042014	0.0847519014849
-ema	0.0	1.0	0.0	0.0
-emn	0.774560229221	0.0746612179713	0.0591841048404	0.0915944479673
-ems	0.789591078067	0.143494423792	0.0312267657993	0.035687732342
-emy	0.134297520661	0.706611570248	0.101239669421	0.0578512396694
-'a'	0.00758665644692	0.964708065703	0.00289970763235	0.0248055702176
-set	0.323943661972	0.140845070423	0.450704225352	0.0845070422535
-xty	0.0	0.0436432637571	0.0189753320683	0.937381404175
-cil	0.0191066997519	0.937717121588	0.0260545905707	0.0171215880893
-cia	0.0043795620438	0.986861313869	0.00656934306569	0.00218978102189
-uid	0.5	0.0	0.5	0.0
-oms	0.027139874739	0.937369519833	0.0281837160752	0.00730688935283
-xth	0.0142180094787	0.168246445498	0.765402843602	0.0521327014218
-dge	0.210814510609	0.73415468857	0.0271047227926	0.0279260780288
-tha	0.001554001554	0.996891996892	0.0	0.001554001554
-lip	0.00121065375303	0.993341404358	0.000605326876512	0.0048426150121
-k's	0.253731343284	0.529850746269	0.10447761194	0.111940298507
-en'	0.0408163265306	0.244897959184	0.163265306122	0.551020408163
-lin	0.0	1.0	0.0	0.0
-'ar	0.0390238722565	0.0709464616365	0.389840519787	0.50018914632
-ful	0.154186559194	0.179234631504	0.629155310635	0.0374234986672
-hti	0.0	1.0	0.0	0.0
-hth	0.0	0.0752212389381	0.858407079646	0.0663716814159
-hta	0.0	1.0	0.0	0.0
