-heu	0.256637168142	0.654867256637	0.0884955752212	0.0
-cas	0.0418604651163	0.916279069767	0.0	0.0418604651163
-iva	0.0335008375209	0.966499162479	0.0	0.0
-ive	0.0754359610737	0.838351511985	0.0	0.0862125269414
-rbe	0.0	1.0	0.0	0.0
-caz	0.0	1.0	0.0	0.0
-hea	0.409421939008	0.315430131998	0.141784251252	0.133363677742
-ivo	0.0263860530863	0.966075074603	0.00188471807759	0.00565415423276
-oya	0.123092427296	0.481716095595	0.360639216815	0.0345522602937
-dío	0.0696126821834	0.742305509576	0.117761122368	0.0703206858718
-plo	0.0244680851064	0.938551165147	0.00425531914894	0.0327254305978
-nso	0.0741071428571	0.889285714286	0.0285714285714	0.0080357142857
-ufo	0.0	0.962264150943	0.0377358490566	0.0
-aum	0.0046565774156	0.987194412107	0.0011641443539	0.0069848661234
-uaa	0.594285714286	0.12	0.0	0.285714285714
-nto	0.0370694169777	0.882313245636	0.0641192970542	0.0164980403316
-uai	0.270267432184	0.161109864076	0.375960931452	0.192661772288
-nte	0.037037037037	0.962962962963	0.0	0.0
-uan	0.0385582666495	0.85551778698	0.0096660635471	0.0962578828231
-pue	0.675432538696	0.180814526302	0.0197047963684	0.124048138633
-pua	0.445160664954	0.410895167935	0.0	0.143944167111
-aju	0.0294375205877	0.0260349375749	0.00264710165808	0.941880440179
-pui	0.131386861314	0.693430656934	0.0656934306569	0.109489051095
-eña	0.754716981132	0.235849056604	0.0	0.00943396226415
-dhe	0.11521643406	0.306469121383	0.0134611475177	0.564853297039
-pre	0.0	0.997076023392	0.00292397660819	0.0
-dha	0.428883245294	0.323819161761	0.109065337237	0.138232255708
-car	0.0	0.980056980057	0.0	0.019943019943
-más	0.0165061898212	0.918156808803	0.0	0.0653370013755
-aré	0.0	1.0	0.0	0.0
-dhi	0.136222457293	0.47118003196	0.321115887556	0.071481623191
-dhu	0.209665705769	0.353546843901	0.416497220739	0.0202902295906
-opo	0.0	0.936395759717	0.0636042402827	0.0
-tín	0.023282887078	0.860302677532	0.081490104773	0.034924330617
-mán	0.063006717628	0.621959694232	0.31503358814	0.0
-ope	0.00568181818182	0.965909090909	0.00378787878788	0.0246212121212
-'ia	0.0840775822804	0.818185172212	0.0871392309348	0.0105980145731
-dea	0.0220628291266	0.966769566007	0.00871617940803	0.00245142545851
-dec	0.169741275915	0.813124678737	0.00685361813925	0.0102804272089
-imu	0.31990521327	0.225908372828	0.0829383886256	0.371248025276
-deo	0.0373757564141	0.934128742079	0.00168612434951	0.0268093771572
-des	0.0418979817397	0.90534159681	0.0403462046382	0.0124142168118
-ime	0.178870920332	0.108154704325	0.0400485955222	0.67292577982
-imi	0.335862733419	0.423257989733	0.115650822546	0.125228454302
-imo	0.0935823108135	0.827492848741	0.0372700635435	0.0416547769016
-ido	0.0436908353271	0.645618780124	0.0291272235514	0.281563160997
-biu	0.690721649485	0.278350515464	0.0309278350515	0.0
-obo	0.0130787339785	0.971749934606	0.00104629871828	0.0141250326968
-lle	0.0289855072464	0.826086956522	0.144927536232	0.0
-idi	0.154179148716	0.0926717185297	0.286425630594	0.466723502161
-rpa	0.0585533869116	0.913892078071	0.0275545350172	0.0
-eca	0.229316546763	0.662769784173	0.107913669065	0.0
-llo	0.104180420385	0.85610239155	0.0188470302617	0.0208701578039
-ida	0.153145956556	0.180405569714	0.234672527401	0.431775946329
-bia	0.181467004482	0.0801782707952	0.144139765105	0.594214959618
-eja	0.108430807884	0.566546130276	0.0280473275347	0.296975734305
-ter	0.00815217391306	0.970108695652	0.0217391304348	0.0
-uta	0.34722851671	0.218021534119	0.0640224234823	0.370727525688
-eje	0.112720385428	0.0799325973234	0.0136986921459	0.793648325103
-ute	0.531366383646	0.264840472285	0.0835470337178	0.120246110351
-eji	0.329702601289	0.330053787612	0.222160398325	0.118083212775
-uti	0.417296486268	0.429514431412	0.0489987374661	0.104190344853
-ejo	0.214797136038	0.599045346062	0.0572792362769	0.128878281623
-tea	0.0930232558139	0.880813953488	0.0261627906977	0.0
-eju	0.168770142818	0.0227806662337	0.00193296173245	0.806516229216
-utu	0.166631153496	0.807765807695	0.0187912211441	0.00681181766475
-tel	0.0501319261214	0.928759894459	0.0158311345646	0.00527704485488
-gro	0.0188679245283	0.962264150943	0.0188679245283	0.0
-teo	0.0910840030793	0.829310864857	0.0169210449235	0.0626840871401
-lux	0.593434343434	0.368686868687	0.0378787878788	0.0
-are	0.322375230512	0.367992221872	0.238156349301	0.0714761983145
-ara	0.068696325304	0.853070443058	0.0301237041422	0.0481095274957
-nza	0.418230563003	0.581769436997	0.0	0.0
-aro	0.0597715537475	0.857455797215	0.00876232201533	0.0740103270224
-ari	0.180026281209	0.357424441524	0.102496714849	0.360052562418
-rón	0.012987012987	0.954545454545	0.025974025974	0.00649350649352
-jia	0.334476038457	0.0971520822699	0.0183375245241	0.550034354749
-aru	0.339962874569	0.504110315566	0.0954653937948	0.0604614160701
-mea	0.114485250686	0.715147724772	0.057769593366	0.112597431176
-mec	0.0	1.0	0.0	0.0
-meo	0.0172910662824	0.959654178674	0.0230547550432	0.0
-mei	0.0	1.0	0.0	0.0
-aya	0.106537125448	0.648622540915	0.0770931247794	0.167747208857
-ayo	0.0161290322581	0.983870967742	0.0	0.0
-oje	0.611650485437	0.388349514563	0.0	0.0
-ayu	0.388910125086	0.344226414497	0.0931355623617	0.173727898055
-bás	0.027105517909	0.956921587609	0.00871248789933	0.00726040658277
-aua	0.647619047619	0.238095238095	0.0380952380952	0.0761904761905
-ubu	0.331453825053	0.395763486742	0.166869856751	0.105912831454
-rac	0.0	1.0	0.0	0.0
-ubi	0.612810162794	0.149544831933	0.0495169521316	0.188128053141
-dán	0.0433288990893	0.880947856213	0.0145306766851	0.0611925680121
-xad	0.0	1.0	0.0	0.0
-uba	0.375690319404	0.366783432827	0.21797181365	0.039554434119
-ube	0.44412191582	0.44557329463	0.00580551523946	0.104499274311
-umu	0.111060625029	0.808034865851	0.0147436409331	0.066160868187
-ije	0.555491007634	0.129805691088	0.0663822624457	0.248321038832
-tán	0.083367430442	0.853109656301	0.0444967266775	0.0190261865794
-ote	0.0229504599524	0.908408500455	0.0469058789455	0.0217351606474
-icó	0.0132860938884	0.970106288751	0.0166076173605	0.0
-iji	0.320907661989	0.400812582263	0.154237072993	0.124042682754
-oto	0.155555555555	0.731623931624	0.0205128205128	0.0923076923077
-ume	0.404223073617	0.210759291096	0.0632483209548	0.321769314332
-iju	0.17559262511	0.546385718467	0.251682762657	0.0263388937664
-uma	0.0596026490066	0.609271523179	0.152317880795	0.17880794702
-eví	0.100654664484	0.887070376432	0.0	0.0122749590835
-nua	0.0	1.0	0.0	0.0
-umi	0.0504731861199	0.86119873817	0.0883280757098	0.0
ALL	0.225585857588	0.283236873294	0.0527540499327	0.438423219185
-nai	0.179939461314	0.709504936138	0.0498447261259	0.0607108764214
-nan	0.0	1.0	0.0	0.0
-siu	0.614951294638	0.203087312087	0.0396692019676	0.142292191307
-aús	0.129032258065	0.677419354839	0.129032258065	0.0645161290323
-aúl	0.509652509653	0.451737451737	0.0	0.0386100386101
-sio	0.078125	0.828125	0.03125	0.0625
-nas	0.0235294117647	0.976470588235	0.0	0.0
-sia	0.384167451465	0.448049108439	0.0896658246166	0.078117615479
-nau	0.857142857143	0.102040816326	0.0408163265306	0.0
-mos	0.0607449856733	0.908309455587	0.0171919770773	0.0137535816619
-mor	0.113513513514	0.854054054054	0.0324324324324	0.0
-igo	0.155116381147	0.687294222631	0.0501402911696	0.107449105052
-gog	0.119047619048	0.857142857143	0.0238095238095	0.0
-aán	0.0202702702703	0.858108108108	0.0405405405406	0.0810810810811
-mon	0.169491525424	0.305084745763	0.35593220339	0.169491525424
-ítu	0.444444444444	0.361111111111	0.0	0.194444444444
-mol	0.0	1.0	0.0	0.0
-ber	0.0	1.0	0.0	0.0
-eor	0.0266666666666	0.973333333333	0.0	0.0
-bet	0.0445359639881	0.810362992051	0.00574657599848	0.139354467963
-cob	0.0	1.0	0.0	0.0
-beo	0.0	0.787485242031	0.0	0.212514757969
-bel	0.0465012901519	0.916592924013	0.0324770915346	0.00442869430017
-rla	0.00640683395621	0.987186332088	0.00640683395622	0.0
-cos	0.0421299005266	0.898186073727	0.0140433001755	0.0456407255705
-cor	0.0	1.0	0.0	0.0
-iso	0.0	0.965517241379	0.0344827586207	0.0
-upu	0.16371704811	0.257025844533	0.123502120054	0.455754987303
-reo	0.0675949709342	0.662025145329	0.233878599432	0.0365012843045
-isi	0.534792493202	0.149935363081	0.111888735345	0.203383408372
-rea	0.0415226086367	0.892832124376	0.0229362981041	0.0427089688834
-isa	0.32616303443	0.482514612705	0.0290276622799	0.162294690585
-eve	0.113873909047	0.280316894821	0.107041474504	0.498767721627
-upe	0.367429829076	0.370111891929	0.144196213331	0.118262065664
-eva	0.234939759036	0.734939759036	0.0180722891566	0.0120481927711
-upa	0.0495662949194	0.783710713079	0.166722992002	0.0
-res	0.0	0.915766738661	0.0144775917927	0.0697556695465
-isu	0.463247863248	0.254131054131	0.183475783476	0.0991452991453
-evi	0.21254536029	0.581130119233	0.166925868326	0.0393986521514
-ret	0.0299237519781	0.957991655877	0.0051791109193	0.00690548122572
-dia	0.506820152629	0.379891036931	0.0750088837391	0.0382799267015
-haa	0.560410540857	0.308783251715	0.0577472220086	0.07305898542
-hab	0.0528967254408	0.92443324937	0.0226700251889	0.0
-naí	0.256756756757	0.716216216216	0.0	0.027027027027
-ava	0.0	0.76370510397	0.23629489603	0.0
-mas	0.0396600566572	0.954674220963	0.0	0.0056657223796
-mar	0.0616524888402	0.869788595974	0.0104438642298	0.058115050956
-mau	0.207555178268	0.603989813243	0.124787775891	0.0636672325977
-ham	0.0828383614892	0.866993261224	0.0388028445944	0.0113655326929
-uno	0.218181818182	0.690909090909	0.0545454545455	0.0363636363636
-uni	0.813918305598	0.0635400907715	0.0953101361573	0.0272314674735
-une	0.633333333333	0.366666666667	0.0	0.0
-una	0.0621753487915	0.27112539173	0.0190842319335	0.647615027545
-ija	0.490129147039	0.261000500431	0.132799841613	0.116070510917
-pta	0.0	1.0	0.0	0.0
-pto	0.00747260046497	0.991973873575	0.0	0.000553525960365
-unu	0.182870743554	0.482727236888	0.101752791106	0.232649228452
-ade	0.40527973002	0.381223770316	0.070126587481	0.143369912183
-tra	0.0	1.0	0.0	0.0
-ada	0.146512863496	0.177228883535	0.173088316856	0.503169936112
-ado	0.169476291166	0.73383253474	0.0245397582882	0.072151415805
-tro	0.0818820653835	0.83409715857	0.0618698441796	0.0221509318668
-lac	0.16393442623	0.83606557377	0.0	0.0
-gai	0.0	1.0	0.0	0.0
-adi	0.0415189873418	0.800911392405	0.0210632911392	0.136506329114
-gau	0.0	1.0	0.0	0.0
-adu	0.696529080675	0.203212945591	0.015830206379	0.0844277673546
-gar	0.284742071594	0.436232475841	0.238192459507	0.0408329930584
-aat	0.0	1.0	0.0	0.0
-seo	0.0308484562712	0.927459387677	0.00972193773396	0.0319702183175
-ini	0.17739532935	0.548265261241	0.12791683705	0.146422572359
-sem	0.0	1.0	0.0	0.0
-oes	0.0384615384615	0.884615384615	0.0384615384615	0.0384615384616
-sei	0.0	1.0	0.0	0.0
-ino	0.158485618291	0.829877898877	0.00245841186593	0.00917807096616
-ina	0.609396114969	0.202916254057	0.0482376544798	0.139449976495
-uis	0.0	1.0	0.0	0.0
-ine	0.0433947457937	0.804853870826	0.0109154838659	0.140835899514
-sea	0.307460401014	0.384361391587	0.082787002919	0.225391204479
-món	0.0124757151388	0.976167082114	0.00619483786203	0.00516236488503
-uim	0.0	1.0	0.0	0.0
-set	0.0	1.0	0.0	0.0
-ser	0.0	1.0	0.0	0.0
-blo	0.0516862114934	0.812824054431	0.00884708091468	0.126642653161
-eda	0.113498210964	0.120634770993	0.0367975372044	0.729069480838
-dón	0.0113975576662	0.969063772049	0.0	0.0195386702849
-són	0.0426716141001	0.948051948052	0.00185528756957	0.0074211502783
-edi	0.573463268366	0.294602698651	0.0532233883058	0.0787106446776
-iai	0.105263157895	0.894736842105	0.0	0.0
-nes	0.0777058279371	0.742830712304	0.119333950046	0.0601295097132
-rso	0.00813008130081	0.991869918699	0.0	0.0
-neo	0.0	0.908675799087	0.0	0.0913242009132
-fos	0.00993377483444	0.990066225166	0.0	0.0
-bed	0.259459459459	0.740540540541	0.0	0.0
-ias	0.121134387915	0.84252529571	0.00427533133818	0.0320649850363
-nei	0.211586531392	0.143287751801	0.0530804293486	0.592045287458
-ooz	0.0384615384615	0.961538461538	0.0	0.0
-aah	0.223404255319	0.255319148936	0.308510638298	0.212765957447
-ban	0.093164277839	0.762587284087	0.0180080852628	0.126240352812
-bai	0.0589709606729	0.665329956566	0.148569029092	0.12713005367
-noo	0.380281690141	0.394366197183	0.225352112676	0.0
-pei	0.257653061225	0.349489795918	0.285714285714	0.107142857143
-uji	0.0595950851951	0.153822873062	0.0198368090427	0.766745232701
-hoz	0.036036036036	0.963963963964	0.0	0.0
-bas	0.0	1.0	0.0	0.0
-job	0.100840336134	0.823529411765	0.0756302521008	0.0
-ase	0.501813200097	0.238738012733	0.194576517044	0.0648722701264
-que	0.391884550653	0.307700751237	0.068191368793	0.232223329317
-asa	0.488433939008	0.344221718392	0.0820478356942	0.085296506905
-qui	0.107949284492	0.810374350514	0.0377886471985	0.043887717796
-asi	0.0744416873449	0.910669975186	0.00744416873449	0.00744416873448
-asu	0.0	1.0	0.0	0.0
-dro	0.0552239039584	0.911984848722	0.00325564651192	0.0295356008076
-zor	0.0	1.0	0.0	0.0
-mbo	0.0747198007472	0.783312577833	0.104607721046	0.0373599003736
-ras	0.17503805175	0.779299847793	0.0273972602739	0.0182648401826
-ran	0.1875	0.8125	0.0	0.0
-eri	0.434993290592	0.490084985836	0.0424929178471	0.0324288057254
-ram	0.0	1.0	0.0	0.0
-uía	0.054414955767	0.93490235353	0.00400600901352	0.0066766816892
-red	0.0	1.0	0.0	0.0
-ero	0.136020151134	0.707760124007	0.0293547762062	0.126864948653
-era	0.364745278736	0.362045489871	0.0799082227693	0.193301008624
-uío	0.0491803278689	0.950819672131	0.0	0.0
-ere	0.266523221825	0.629546930822	0.0734816498863	0.0304481974667
-oza	0.157342657343	0.832167832168	0.0104895104895	0.0
-pos	0.0	0.990610328638	0.00938967136152	0.0
-aza	0.0328018223234	0.90159453303	0.0519362186788	0.0136674259681
-uju	0.113322144585	0.159809951574	0.019860829923	0.707007073918
-sja	0.0	0.1	0.381818181818	0.518181818182
-lam	0.0	1.0	0.0	0.0
-nor	0.0	1.0	0.0	0.0
-lao	0.147835269271	0.820485744456	0.0	0.0316789862724
-aam	0.0268456375839	0.973154362416	0.0	0.0
-uja	0.749081927449	0.0403099782606	0.0132661505463	0.197341943744
-aan	0.0519480519481	0.220779220779	0.467532467532	0.25974025974
-aai	0.632530120482	0.295180722892	0.0722891566265	0.0
-eón	0.104661654135	0.841203007519	0.0162406015038	0.0378947368421
-las	0.0454969233638	0.900801790043	0.00671266082417	0.0469886257692
-noa	0.13867255348	0.839207073141	0.00235323121057	0.0197671421688
-noc	0.0123203285421	0.956878850103	0.0184804928131	0.0123203285421
-aac	0.0338737228865	0.917845747252	0.0167595964805	0.0315209333806
-ahi	0.0687022900763	0.908396946565	0.0229007633588	0.0
-dor	0.186251920123	0.683819764465	0.052483358935	0.0774449564772
-gel	0.0185381757525	0.945503828948	0.0186139965122	0.0173439987869
-fán	0.0	1.0	0.0	0.0
-fás	0.0224948875256	0.948875255624	0.0163599182004	0.0122699386503
-doc	0.0	1.0	0.0	0.0
-ahu	0.515589493725	0.279484922308	0.0384875222634	0.166438061703
-sas	0.135593220339	0.762711864407	0.0	0.101694915254
-ión	0.0203619909502	0.941176470588	0.024886877828	0.0135746606335
-sau	0.0152671755725	0.984732824427	0.0	0.0
-tol	0.0616423241331	0.870258518525	0.023702299123	0.0443968582194
-tor	0.536303630363	0.438943894389	0.0247524752475	0.0
-ibi	0.205188679245	0.0825471698113	0.627358490566	0.0849056603774
-olo	0.0677966101695	0.898305084746	0.0338983050847	0.0
-'ua	0.595364539868	0.181207799105	0.12214551248	0.101282148547
-iba	0.297992788066	0.48020213196	0.0969679582827	0.124837121691
-sam	0.0	1.0	0.0	0.0
-cla	0.0	1.0	0.0	0.0
-ien	0.00995421849511	0.123321706911	0.0416299637777	0.825094110816
-avo	0.10188010631	0.772779473045	0.0800603733963	0.0452800472488
-yba	0.0497482973053	0.651761918863	0.0	0.298489783832
-mín	0.0	0.984615384615	0.0153846153846	0.0
-hai	0.060960591133	0.143165024631	0.795874384236	0.0
-rom	0.0	1.0	0.0	0.0
-oco	0.0	0.890909090909	0.109090909091	0.0
-los	0.0456779416016	0.943914426135	0.00346921075454	0.00693842150912
-ipi	0.303475935829	0.652406417112	0.0120320855615	0.0320855614973
-ipo	0.00958466453676	0.980830670927	0.0	0.00958466453673
-mpo	0.102398892212	0.505194602	0.0265483400435	0.365858165744
-ipa	0.269222630475	0.618038589539	0.02545062809	0.0872881518958
-ipe	0.158972558657	0.670118775964	0.0126967409748	0.158211924405
-noé	0.0	1.0	0.0	0.0
-rdo	0.00974025974026	0.775974025974	0.214285714286	0.0
-saú	0.105740181269	0.803625377644	0.0129477772982	0.0776866637894
-sto	0.0397237556352	0.81725346739	0.00705193210891	0.135970844866
-sta	0.148994838745	0.819393140911	0.0093872206096	0.0222247997344
-saí	0.0	1.0	0.0	0.0
-spe	0.0158951425201	0.936419429919	0.0317902850403	0.0158951425202
-rpo	0.0	1.0	0.0	0.0
-loé	0.048231511254	0.893890675241	0.0	0.0578778135048
-cue	0.157639359061	0.281539155947	0.121868652674	0.438952832318
-ián	0.0	0.935483870968	0.0645161290322	0.0
-eyu	0.581801321832	0.224732762973	0.0547205064056	0.138745408789
-ucu	0.128660865874	0.814675297114	0.00981536502547	0.0468484719864
-iás	0.0	0.655412115194	0.0	0.344587884806
-uca	0.26781722376	0.244504470939	0.0522274856291	0.435450819672
-mue	0.211991321579	0.0678750995799	0.0188019699431	0.701331608898
-ion	0.0228136882129	0.965779467681	0.0	0.0114068441065
-lea	0.00576527798666	0.97077254725	0.0141374642803	0.00932471048278
-mui	0.316285329744	0.635262449529	0.0484522207268	0.0
-leg	0.0	1.0	0.0	0.0
-les	0.0384615384615	0.961538461538	0.0	0.0
-eel	0.0	1.0	0.0	0.0
-rra	0.0487842651386	0.903515564504	0.030354653864	0.0173455164937
-rre	0.102651839179	0.794696321642	0.0342172797263	0.0684345594525
-rro	0.0	1.0	0.0	0.0
-gio	0.0433839479392	0.943600867679	0.0130151843818	0.0
-alo	0.0816357423987	0.781389213269	0.0405475541715	0.0964274901604
-udá	0.00607902735562	0.990881458967	0.00303951367781	0.0
-ndo	0.0536538994151	0.872069195795	0.0258225683381	0.0484543364522
-nda	0.198771816419	0.68487394958	0.116354234001	0.0
-oam	0.0	1.0	0.0	0.0
-gia	0.0451127819548	0.834586466165	0.105263157895	0.0150375939849
-ala	0.0407055630936	0.531886024423	0.427408412483	0.0
-uva	0.142828396728	0.835979711002	0.00557681375512	0.0156150785143
-osé	0.0437754508435	0.938917975567	0.0087260034904	0.0085805700989
-abé	0.0488888888889	0.905128205128	0.00358974358975	0.0423931623932
-iel	0.0675481529016	0.883891884644	0.0410891990001	0.00747076345455
-chi	0.0755297334245	0.861585782638	0.0423786739576	0.0205058099795
-cho	0.0408958130477	0.0628042843233	0.169425511198	0.726874391431
-iyu	0.418196946933	0.283719470155	0.125718019147	0.172365563766
-cha	0.166199344093	0.305755231316	0.10049262021	0.42755280438
-che	0.450778144848	0.355950803733	0.144484184071	0.0487868673486
-oré	0.0693641618498	0.861271676301	0.0	0.0693641618497
-elo	0.0620304808003	0.7138864898	0.136603113874	0.0874799155262
-ogo	0.0	1.0	0.0	0.0
-aén	0.0275862068966	0.91724137931	0.0551724137931	0.0
-iya	0.112325445512	0.301322050551	0.0121151248856	0.574237379052
-chu	0.215303500115	0.32851127493	0.05175970947	0.404425515486
-ela	0.0	0.831460674157	0.168539325843	0.0
-abu	0.83185840708	0.110619469026	0.0243362831858	0.033185840708
-itu	0.179991185503	0.766605782385	0.0211669570522	0.0322360750598
-loc	0.0	0.952286282306	0.0477137176938	0.0
-ito	0.0845657107788	0.808543230797	0.0537837920553	0.0531072663691
-tes	0.0	0.989051094891	0.0109489051095	0.0
-eso	0.0365316901408	0.948503521127	0.00264084507041	0.012323943662
-iti	0.22014759656	0.183960526225	0.0338498712125	0.562042006002
-esa	0.0909142860771	0.0353366243333	0.00733796105218	0.866411128537
-ite	0.0091438819513	0.879300758243	0.111555359806	0.0
-ese	0.0344287949922	0.901408450704	0.0641627543036	0.0
-ita	0.27873158299	0.377048536959	0.114311993655	0.229907886395
-ezu	0.295336787565	0.139896373057	0.502590673575	0.0621761658031
-udu	0.210003472026	0.667106457077	0.0638098102247	0.0590802606722
-fté	0.0	1.0	0.0	0.0
-ria	0.181723422458	0.590066835148	0.161990828605	0.0662189137895
-spo	0.0	0.988805970149	0.0111940298508	0.0
-fas	0.0935672514619	0.87134502924	0.0350877192982	0.0
-bra	0.0188087774295	0.976489028213	0.00470219435736	0.0
-uda	0.134301274703	0.586339420223	0.184000548708	0.0953587563662
-fat	0.0	1.0	0.0	0.0
-ude	0.156490423885	0.538317915125	0.00751270410081	0.297678956889
-udo	0.343007915567	0.287598944591	0.263852242744	0.105540897098
-hum	0.0	1.0	0.0	0.0
-nju	0.194244604317	0.525179856115	0.258992805755	0.021582733813
-rim	0.0	1.0	0.0	0.0
-hui	0.205156107776	0.242926934152	0.0437312630921	0.508185694979
-d'i	0.164466351284	0.61399864398	0.102203379373	0.119331625363
-hue	0.235110021596	0.0833364431592	0.0221104537069	0.659443081538
-d'e	0.22685709891	0.601735666985	0.148110924016	0.0232963100886
-hua	0.116135145834	0.395200494735	0.0329037889413	0.455760570489
-d'a	0.662622811982	0.29034930924	0.0188111515112	0.0282167272668
-gad	0.0	1.0	0.0	0.0
-aba	0.623987869883	0.238169786834	0.0623800037859	0.0754623394979
-d'u	0.128822187403	0.762630225904	0.0577588037052	0.0507887829882
-lot	0.0111257206433	0.93324567614	0.0556286032163	0.0
-hus	0.125	0.78125	0.09375	0.0
-tua	0.0658086509171	0.900827531269	0.0107474483155	0.0226163694986
-nco	0.0325328152181	0.612317285317	0.200619027178	0.154530872286
-nce	0.106928046335	0.866339942081	0.0267320115839	0.0
-ael	0.012909632572	0.961271102284	0.0218470705064	0.00397219463754
-oro	0.013584010408	0.78621446155	0.196757694417	0.00344383362457
-jón	0.241935483871	0.629032258064	0.129032258065	0.0
-elí	0.0384615384616	0.961538461538	0.0	0.0
-ora	0.102759133956	0.480595251913	0.0159430284243	0.400702585707
-cia	0.132969690785	0.652487766311	0.137298739129	0.0772438037756
-zga	0.393873887973	0.587639202031	0.00616230333202	0.0123246066641
-jea	0.328410980412	0.386014254013	0.199902335903	0.0856724296726
-lix	0.0555441267229	0.912363711171	0.0	0.0320921621065
-icu	0.0	1.0	0.0	0.0
-jei	0.583050713734	0.198470577045	0.0253101776008	0.193168531619
-rut	0.0	1.0	0.0	0.0
-lis	0.0277777777778	0.972222222222	0.0	0.0
-ico	0.110953896946	0.82537436623	0.0565970993987	0.00707463742484
-lim	0.0	1.0	0.0	0.0
-lio	0.159937888199	0.79347826087	0.0116459627329	0.0349378881988
-sué	0.027950310559	0.841614906832	0.0186335403727	0.111801242236
-jeu	0.724770642202	0.128440366972	0.0183486238532	0.128440366972
-oma	0.0466561079932	0.916903337071	0.000457412823461	0.0359831421124
-lia	0.0394202091187	0.910695222302	0.00487445744986	0.0450101111297
-ica	0.333118240922	0.41710576501	0.0240808366931	0.225695157376
-eas	0.087782633479	0.728671860156	0.0598517955539	0.123693710811
-abo	0.037037037037	0.944444444445	0.0185185185185	0.0
-abi	0.148893360161	0.822937625755	0.00402414486921	0.0241448692153
-sna	0.684672518569	0.315327481431	0.0	0.0
-ode	0.244360902256	0.654135338346	0.0225563909774	0.078947368421
-rna	0.300699300699	0.699300699301	0.0	0.0
-zer	0.0	1.0	0.0	0.0
-uri	0.0294174193546	0.170692349432	0.78231854921	0.0175716820037
-ura	0.126549656201	0.798183614126	0.0555540147589	0.0197127149145
-ehe	0.138509229252	0.117373538115	0.00845427645484	0.735662956179
-sda	0.0	0.98064516129	0.0	0.0193548387097
-ehu	0.41095890411	0.219178082192	0.205479452055	0.164383561644
-uru	0.41609630405	0.418287646808	0.137951065763	0.027664983378
-pai	0.246873517183	0.37381073017	0.126695941001	0.252619811647
-apa	0.139556407591	0.147694819668	0.0456444980468	0.667104274694
-mes	0.0	1.0	0.0	0.0
-pan	0.0978704815988	0.882581631539	0.00524189144916	0.0143059954133
-ape	0.459477496167	0.36398809502	0.0533931616586	0.123141247155
-api	0.5525	0.3725	0.075	0.0
-dua	0.166666666667	0.62037037037	0.157407407407	0.0555555555556
-due	0.049254347047	0.688274700215	0.0336554070257	0.228815545712
-apu	0.392115811202	0.0798026007219	0.0174015892545	0.510679998822
-pas	0.110188419551	0.769160165571	0.043159855729	0.0774915591497
-sus	0.239908606245	0.130997715156	0.438690022849	0.19040365575
-nca	0.0763645728671	0.106883305434	0.0145305408695	0.802221580829
-omé	0.0	0.992804172573	0.0	0.0071958274265
-sui	0.0772439585731	0.830696202532	0.0737917146145	0.0182681242808
-sue	0.115044247788	0.778761061947	0.0	0.106194690266
-sua	0.456722888006	0.448781322375	0.0415813624862	0.0529144271329
-año	0.289544235925	0.646112600536	0.0643431635388	0.0
-tsa	0.188689455293	0.650035311058	0.0717777512818	0.0894974823674
-zín	0.0	0.800540944074	0.0332431759877	0.166215879938
-fes	0.534090909091	0.425	0.0409090909091	0.0
-med	0.535876233662	0.370765537477	0.093358228861	0.0
-dio	0.0424528301887	0.948113207547	0.00943396226414	0.0
-aña	0.0761904761904	0.866666666667	0.0190476190476	0.0380952380952
-dis	0.0433436532507	0.928792569659	0.0185758513932	0.0092879256966
-feo	0.0	1.0	0.0	0.0
-lem	0.0892857142856	0.910714285714	0.0	0.0
-sli	0.0	1.0	0.0	0.0
-sús	0.0122971745229	0.542652702667	0.00341381085387	0.441636311957
-lta	0.0388349514563	0.78640776699	0.0194174757282	0.155339805825
-éji	0.244382022472	0.438202247191	0.317415730337	0.0
-nno	0.0375	0.9375	0.0	0.025
-ihu	0.331210191083	0.480436760692	0.0573248407643	0.131028207461
-afa	0.0447048611111	0.852430555556	0.102864583333	0.0
-anu	0.39763291238	0.383608888984	0.100525975734	0.118232222903
-tiu	0.918899171943	0.00608865075499	0.0375060886508	0.0375060886508
-tie	0.328947368421	0.144736842105	0.394736842105	0.131578947368
-tia	0.249780250306	0.105331898823	0.0286753101282	0.616212540744
-cro	0.145712653994	0.815044464388	0.0166435506242	0.0225993309945
-tio	0.132231404959	0.743801652893	0.090909090909	0.0330578512396
-lón	0.149265660905	0.76621041063	0.0251773403937	0.0593465880708
-ngo	0.0440931780366	0.893510815308	0.0249584026622	0.0374376039933
-eme	0.108300969481	0.788350649285	0.0587797725249	0.0445686087092
-ema	0.110496643672	0.0459951533919	0.00288965424843	0.840618548688
-jas	0.467336683417	0.120603015075	0.381909547739	0.0301507537688
-emo	0.14636642784	0.85363357216	0.0	0.0
-emi	0.488100205639	0.247144008675	0.111771122475	0.15298466321
-rug	0.0	1.0	0.0	0.0
-emp	0.28201335664	0.610308816279	0.0230738200887	0.084604006992
-das	0.144323690262	0.771219159779	0.00753138400348	0.0769257659561
-jai	0.0636518138133	0.896393445627	0.021644823337	0.0183099172229
-cio	0.101594632401	0.637726267615	0.237639280541	0.023039819443
-ana	0.318926300218	0.0973609655437	0.0218290179597	0.561883716279
-jji	0.688888888889	0.118518518518	0.148148148148	0.0444444444444
-bín	0.35103510351	0.554455445545	0.0675067506751	0.02700270027
-cie	0.0	0.857142857143	0.142857142857	0.0
-cis	0.0	0.958904109589	0.041095890411	0.0
-iqu	0.213235294118	0.742647058824	0.0441176470588	0.0
-ame	0.251553263055	0.196393642039	0.0626429938982	0.489410101008
-etu	0.683798882682	0.162011173184	0.0134078212291	0.140782122905
-rca	0.214598399028	0.763168433505	0.0106332540059	0.011599913461
-eta	0.303568675673	0.4137416859	0.0763358279586	0.206353810468
-ete	0.132973337308	0.541194467576	0.0210086562278	0.304823538888
-eti	0.37235221435	0.428181201588	0.0731725714473	0.126294012615
-eto	0.0081466395112	0.983706720978	0.00814663951122	0.0
-rco	0.174231286559	0.73785542244	0.0200193937877	0.0678938972129
-atu	0.274265360641	0.682991985753	0.0106856634016	0.0320569902048
-uya	0.049508092669	0.945731513805	0.0	0.00476039352586
-ías	0.0369608353393	0.912111280984	0.0148819204996	0.0360459631773
-ede	0.0434056761269	0.18530884808	0.0	0.771285475793
-uye	0.0051282051282	0.989743589744	0.0	0.00512820512821
-bue	0.568302210533	0.0754295719926	0.0976664053078	0.258601812166
-'au	0.227586206896	0.739184952978	0.0313479623824	0.00188087774295
-ate	0.268754137713	0.259152309369	0.377605620406	0.0944879325122
-ata	0.28368883052	0.416637413277	0.0451106307524	0.254563125451
-amá	0.130434782609	0.869565217391	0.0	0.0
-ato	0.0491255471006	0.873635653706	0.0379565225287	0.0392822766649
-uyu	0.384805928802	0.302779378608	0.184415663199	0.127999029391
-ati	0.265987067748	0.544298083038	0.0745253140186	0.115189535195
-acu	0.689141505798	0.174654907258	0.0758848555831	0.0603187313608
-bua	0.237931034483	0.420689655172	0.320689655172	0.0206896551724
-osa	0.0	1.0	0.0	0.0
-ulo	0.065660000174	0.784856738992	0.00400001989132	0.145483240942
-niu	0.139534883721	0.476744186047	0.360465116279	0.0232558139535
-lén	0.0316841335608	0.928958937002	0.00604796851445	0.0333089609229
-nia	0.596186311315	0.229051081378	0.0547470364687	0.120015570839
-aca	0.232999436297	0.684337160752	0.0475421643915	0.0351212385594
-aco	0.0709723207949	0.832032174119	0.0615093446889	0.0354861603974
-ice	0.0397950482132	0.875002733176	0.0301013826228	0.0551008359875
-aji	0.270704193315	0.401379901987	0.105171467085	0.222744437613
-cía	0.067415730337	0.921348314607	0.0112359550562	0.0
-aje	0.124191968658	0.616454456415	0.0197845249755	0.239569049951
-aja	0.23052863607	0.132980768993	0.0303199061811	0.606170688755
-nós	0.0	1.0	0.0	0.0
-shi	0.0620978449597	0.145133285671	0.108058420999	0.684710448371
-nón	0.0379746835443	0.848101265823	0.113924050633	0.0
-ría	0.0209016978171	0.6675702668	0.00941646454559	0.302111570838
-fil	0.0	0.909090909091	0.0909090909091	0.0
-sha	0.0844140379489	0.388017845821	0.147894876261	0.379673239969
-fia	0.0	1.0	0.0	0.0
-ilu	0.214713404949	0.673491640417	0.0467901084996	0.0650048461352
-lda	0.042755344418	0.788598574822	0.16864608076	0.0
-edu	0.123718628491	0.755213856487	0.0813008130081	0.0397667020148
-vid	0.0117326882371	0.970305412761	0.000725733293015	0.0172361657091
-fre	0.0196506550218	0.937772925764	0.0196506550218	0.0229257641922
-ila	0.0493849331058	0.943880757834	0.00673430905989	0.0
-ilo	0.20668044858	0.705176418938	0.0364730203376	0.0516701121449
-oji	0.111764705882	0.857352941176	0.0	0.0308823529412
-fri	0.46720659312	0.44092080419	0.0193566008384	0.0725160018525
-iga	0.493319955642	0.351164387179	0.0633680097164	0.0921476474626
-eba	0.729223003842	0.147165081976	0.0263772387066	0.0972346754752
-amu	0.31512605042	0.558823529412	0.0756302521008	0.0504201680673
-ebe	0.0416666666667	0.958333333333	0.0	0.0
-lmo	0.0612244897959	0.897959183673	0.0	0.0408163265306
-ami	0.0231239667745	0.955841337133	0.0102840799602	0.010750616132
-amo	0.12213740458	0.87786259542	0.0	0.0
-ama	0.0901272565783	0.0447941243296	0.021798371412	0.84328024768
-íta	0.104567976633	0.843148035051	0.0522839883163	0.0
-oas	0.0	1.0	0.0	0.0
-ebu	0.180284830612	0.734841401136	0.0133064806157	0.0715672876358
-iro	0.0784986034935	0.907630157335	0.0018915326143	0.0119797065572
-iri	0.180712578908	0.769356967082	0.018902243304	0.0310282107065
-ire	0.789473684211	0.0921052631579	0.0	0.118421052632
-usa	0.123753170149	0.0834105491772	0.0304191010858	0.762417179588
-ira	0.0201082753287	0.803557617943	0.0	0.176334106728
-use	0.560735096369	0.231286418646	0.135813536531	0.0721649484536
-mós	0.0	1.0	0.0	0.0
-tat	0.0	1.0	0.0	0.0
-agé	0.116279069767	0.860465116279	0.0232558139535	0.0
-iru	0.310016009208	0.574129291268	0.073560754999	0.042293944525
-gua	0.0763358778626	0.87786259542	0.0	0.0458015267176
-usu	0.116825273336	0.674770142781	0.00730254690966	0.201102036973
-uza	0.0	0.978571428571	0.0214285714286	0.0
-eru	0.0836810108475	0.894623912266	0.0154964834903	0.00619859339611
-epe	0.579350919961	0.265706075422	0.0520244596674	0.102918544949
-zmo	0.030487804878	0.969512195122	0.0	0.0
-epa	0.129256428075	0.775004009194	0.0208478109798	0.0748917517507
-epo	0.193255512322	0.806744487678	0.0	0.0
-epi	0.148615530874	0.308097930482	0.325060787268	0.218225751376
-ceo	0.0503116651826	0.922974176313	0.0106856634016	0.0160284951024
-aná	0.150949036018	0.801225526827	0.0179345389329	0.0298908982215
-epu	0.470149568449	0.0448912866554	0.0090592350683	0.475899909827
-bén	0.0	1.0	0.0	0.0
-aní	0.0	1.0	0.0	0.0
-cea	0.0	1.0	0.0	0.0
-pia	0.116001577815	0.131788164308	0.108586610961	0.643623646916
-ris	0.0761904761905	0.885714285714	0.0	0.0380952380952
-pie	0.251607286365	0.42392177873	0.12255558532	0.201915349585
-ius	0.394936708861	0.308860759494	0.174683544304	0.121518987342
-pio	0.0510638297872	0.795744680851	0.0	0.153191489362
-rét	0.0	0.96	0.0	0.04
-rés	0.0172753011181	0.979845482029	0.0	0.00287921685302
-iud	0.0	1.0	0.0	0.0
-tés	0.0132450331126	0.986754966887	0.0	0.0
-ueu	0.677966101695	0.0677966101695	0.0254237288136	0.228813559322
-ace	0.0	0.954285714286	0.0457142857143	0.0
-rio	0.0655510141128	0.841906377728	0.070949332922	0.0215932752371
-uem	0.0	1.0	0.0	0.0
-uel	0.0825810630288	0.859126421892	0.0340039671295	0.0242885479497
-ueo	0.209123385546	0.75377851058	0.00824402308327	0.0288540807914
-uea	0.455205811138	0.392251815981	0.138014527845	0.0145278450363
-ota	0.0731707317073	0.90243902439	0.0243902439024	0.0
-uhu	0.400297230012	0.146743758441	0.0179205831783	0.435038428369
-lco	0.075	0.925	0.0	0.0
-tsu	0.126011049892	0.0482382783923	0.00506076320701	0.820689908509
-tsi	0.172336465509	0.704746086934	0.0990060618594	0.0239113856971
-ago	0.0504201680672	0.848739495798	0.0252100840336	0.0756302521008
-cua	0.140892891401	0.407454663077	0.131406531719	0.320245913803
-uje	0.334320694687	0.498070440852	0.0399774830879	0.127631381372
-lás	0.0	1.0	0.0	0.0
-tse	0.132127251973	0.207572842509	0.0273856067175	0.6329142988
-rte	0.22278695468	0.537060567556	0.22998729352	0.010165184244
-aín	0.111464968153	0.853503184713	0.00636942675159	0.0286624203822
-rta	0.0215909090909	0.725	0.0	0.253409090909
-alí	0.0258064516129	0.961290322581	0.0129032258064	0.0
-ona	0.490794501666	0.458502668076	0.0226828451155	0.0280199851427
-ego	0.112784284563	0.262130507529	0.593480820475	0.0316043874326
-rto	0.175398633257	0.660592255125	0.136674259681	0.0273348519362
-nio	0.0132890365449	0.97342192691	0.0132890365449	0.0
-dam	0.0	1.0	0.0	0.0
-dan	0.420731707317	0.329268292683	0.0914634146341	0.158536585366
-ane	0.0909416639546	0.526899903097	0.278969215352	0.103189217596
-rge	0.0	1.0	0.0	0.0
-ani	0.464514258028	0.274352307388	0.0587928998207	0.202340534763
-ank	0.171027225333	0.266026259896	0.0482718671558	0.514674647615
-dab	0.0	1.0	0.0	0.0
-ano	0.105874697055	0.671244850251	0.0389032894051	0.183977163289
-tal	0.0	0.797724399494	0.202275600506	0.0
-tam	0.0	1.0	0.0	0.0
-tan	0.6875	0.270833333333	0.0	0.0416666666667
-sco	0.0115483319076	0.975620188195	0.00256629597947	0.0102651839179
-nás	0.0434711015972	0.868104725836	0.0602667544871	0.02815741808
-sca	0.0	1.0	0.0	0.0
-aal	0.0254237288136	0.847457627119	0.0508474576271	0.0762711864407
-tar	0.0344756299251	0.939348428835	0.00989578266368	0.0162801585757
-tas	0.159420289855	0.840579710145	0.0	0.0
-mia	0.0	1.0	0.0	0.0
-nán	0.0134831460674	0.986516853933	0.0	0.0
-sés	0.0718276226153	0.887243894964	0.00469075424025	0.0362377281799
-enu	0.440043688811	0.248546781126	0.0215033113178	0.289906218745
-mil	0.00588475684512	0.194196975889	0.0328565590519	0.767061708214
-ena	0.0964601330036	0.756805560527	0.0808515902987	0.0658827161704
-eno	0.087548434391	0.684364854959	0.200439836632	0.0276468740182
-eni	0.216996222863	0.390814292487	0.159775657866	0.232413826784
-ene	0.178238196447	0.229888326397	0.218890530891	0.372982946265
-pía	0.0526315789474	0.5	0.447368421053	0.0
-oel	0.38282647585	0.574239713775	0.0214669051878	0.0214669051878
