jer-	0.0580899998852	0.902792928307	0.0114059563588	0.0277111154489
ucú-	0.106194690265	0.787610619469	0.106194690265	0.0
tut-	0.0788513979696	0.112034694615	0.0118277096954	0.79728619772
xlh-	0.419124218052	0.580875781948	0.0	0.0
csk-	0.16807351657	0.475154892095	0.0478190361345	0.3089525552
xpr-	0.389853564856	0.493638473234	0.0660958630072	0.0504120989037
fig-	0.0	1.0	0.0	0.0
del-	0.071856287425	0.928143712575	0.0	0.0
maa-	0.0	1.0	0.0	0.0
sék-	0.0869565217392	0.878260869565	0.0347826086956	0.0
jac-	0.00330851943755	0.978770333609	0.0113041080783	0.00661703887511
viu-	0.405940594059	0.50495049505	0.029702970297	0.0594059405941
lhú-	0.159953970081	0.260069044879	0.432681242808	0.147295742232
xa̠-	0.0504589866306	0.0681984977482	0.0322073667215	0.8491351489
mác-	0.467063057425	0.312314191832	0.0985761226725	0.122046628071
tít-	0.47166595654	0.222837665104	0.0	0.305496378355
júp-	0.0	0.963125548727	0.0368744512731	0.0
ma̠-	0.32388511213	0.256735595614	0.0700121135915	0.349367178665
ofi-	0.199652777778	0.789930555556	0.0104166666667	0.0
máj-	0.461538461538	0.347008547009	0.17094017094	0.0205128205128
xtz-	0.0728964899459	0.804475851235	0.0440464886991	0.0785811701204
mah-	0.0	1.0	0.0	0.0
tum-	0.163105067185	0.628040973111	0.0497593712747	0.159094588429
mú̠-	0.309090909091	0.654545454545	0.0363636363636	0.0
eno-	0.0125575554625	0.987442444537	0.0	0.0
ctz-	0.453060975292	0.296278196453	0.0574278950691	0.193232933186
pá̠-	0.473075167684	0.373290658779	0.0454553332602	0.108178840277
tzá-	0.633651551313	0.195533583362	0.106034776679	0.0647800886464
lis-	0.0135267152626	0.981062598632	0.000901781017509	0.00450890508754
cám-	0.490498475502	0.075515847692	0.00939516414947	0.424590512657
xák-	0.246575342466	0.616438356164	0.027397260274	0.109589041096
san-	0.00600488243989	0.924592605215	0.0626974924708	0.00670501987427
puh-	0.469597754911	0.21328344247	0.131898971001	0.185219831618
sue-	0.0872483221476	0.912751677852	0.0	0.0
spu-	0.095010682418	0.723941183863	0.158878974488	0.0221691592309
and-	0.00137425561154	0.995877233165	0.00274851122309	0.0
smu-	0.0277906438166	0.204724409449	0.767484946735	0.0
ele-	0.0	1.0	0.0	0.0
cxk-	0.265584276864	0.337833796197	0.0843409527879	0.312240974151
liú-	0.5625	0.276785714286	0.0535714285714	0.107142857143
lac-	0.248241817185	0.296736886037	0.13279895893	0.322222337847
taú-	0.869478677	0.0284588997586	0.00330326515056	0.0987591580909
seg-	0.0	0.961538461538	0.0384615384615	0.0
euf-	0.0	1.0	0.0	0.0
caq-	0.453315315755	0.297933334192	0.0824668725694	0.166284477484
cúl-	0.506152584085	0.493847415915	0.0	0.0
abi-	0.0612331081081	0.889358108108	0.034206081081	0.0152027027027
aya-	0.678143576657	0.0227341744291	0.0108392672597	0.288282981654
mil-	0.18720200469	0.294274399963	0.0440188799615	0.474504715385
dis-	0.108680885749	0.814019834262	0.00326042657248	0.0740388534166
tib-	0.0206540447504	0.956970740103	0.0	0.0223752151463
sod-	0.00489376452838	0.995106235472	0.0	0.0
ari-	0.00424929178472	0.995750708215	0.0	0.0
xap-	0.15771454397	0.359469878686	0.261593416122	0.221222161222
wa̠-	0.416711030405	0.417807199117	0.0363335550228	0.129148215455
mig-	0.0386988943173	0.869053741322	0.0269992285935	0.0652481357675
mam-	0.0342465753425	0.719178082192	0.0821917808219	0.164383561644
tai-	0.585567010309	0.340206185567	0.0123711340206	0.0618556701031
táj-	0.67468175389	0.224422442244	0.00565770862802	0.0952380952381
paf-	0.0	1.0	0.0	0.0
mar-	0.0195016592468	0.821815159282	0.00456528994314	0.154117891529
cah-	0.286940120651	0.185098390577	0.0251863481621	0.50277514061
abr-	0.0130755476084	0.94557443004	0.0288332588288	0.0125167635226
tzu-	0.22365263905	0.300893519905	0.121469220852	0.353984620193
tzó-	0.527819548872	0.390977443609	0.0	0.0812030075188
así-	0.0	1.0	0.0	0.0
has-	0.0915610258374	0.0301633102656	0.0198127439477	0.858462919949
a̠p-	0.0	0.243386243386	0.0	0.756613756614
zac-	0.0502318392581	0.817748583205	0.00515198351365	0.126867594024
her-	0.0305957771103	0.911305868113	0.0374770251491	0.0206213296275
ate-	0.00764136525727	0.992358634743	0.0	0.0
naw-	0.496949596337	0.146175976764	0.0163547116801	0.340519715219
xne-	0.375769355361	0.536119209589	0.00388726919338	0.0842241658568
cum-	0.116098260979	0.0231967676982	0.00161530282808	0.859089668495
kam-	0.253292583023	0.420095784233	0.121589262083	0.20502237066
sin-	0.0546048746836	0.116108438032	0.0320672095974	0.797219477687
cst-	0.406295422594	0.463959777921	0.0582600614768	0.0714847380085
urí-	0.0	1.0	0.0	0.0
dor-	0.0313725490196	0.326797385621	0.00261437908496	0.639215686275
zab-	0.0	1.0	0.0	0.0
pat-	0.0763967210409	0.841141033752	0.0111201276374	0.0713421175694
cya-	0.231292517007	0.462585034014	0.0	0.30612244898
má̠-	0.43514251561	0.411826963262	0.0422515720909	0.110778949037
xfr-	0.0454545454546	0.863636363636	0.0909090909091	0.0
alt-	0.00457491422036	0.99542508578	0.0	0.0
úcx-	0.919539230602	0.0089980439035	0.00478156922408	0.0666811562704
xbu-	0.284280936455	0.509476031215	0.20624303233	0.0
jor-	0.00158269585861	0.998417304141	0.0	0.0
cer-	0.195814648729	0.78624813154	0.0179372197309	0.0
naí-	0.0	0.903225806452	0.0	0.0967741935484
sil-	0.0286111111111	0.87125	0.00555555555556	0.0945833333333
pic-	0.321818374483	0.592349263537	0.0264914697467	0.0593408922327
pú̠-	0.0886123344091	0.728328311373	0.0234635477027	0.159595806515
naa-	0.43192744814	0.345146966477	0.0842542754434	0.138671309939
jam-	0.0357142857143	0.857142857143	0.107142857143	0.0
xlí-	0.322645706068	0.443289119917	0.0668757640042	0.16718941001
vel-	0.095652173913	0.8	0.0521739130435	0.0521739130435
por-	0.170964099877	0.0202709872332	0.00188447132878	0.806880441561
lha-	0.24655121808	0.462283533901	0.18550044027	0.105664807749
alf-	0.0	1.0	0.0	0.0
pas-	0.210390962734	0.724779905967	0.0515761572686	0.0132529740305
na̠-	0.0875304667126	0.0419750950751	0.0556900224251	0.814804415787
xuá-	0.302356317092	0.225669167478	0.041556081496	0.430418433934
ent-	0.188918764931	0.0636726207731	0.0225902861769	0.724818328119
och-	0.220588235294	0.404411764706	0.0294117647059	0.345588235294
u̠n-	0.123088077892	0.835583330456	0.0247557228188	0.0165728688327
xka-	0.269341698441	0.539099848001	0.0387696557953	0.152788797763
abí-	0.0	1.0	0.0	0.0
a̠q-	0.0	0.02	0.0	0.98
dru-	0.0	1.0	0.0	0.0
ped-	0.0118414820273	0.923898742171	0.0021051523604	0.0621546234409
mín-	0.149129099831	0.409480903326	0.0146345662716	0.426755430572
che-	0.491895823232	0.399413543903	0.0674770843435	0.0412135485212
epa-	0.132352941177	0.803475935829	0.00401069518716	0.0601604278075
cqu-	0.26806317912	0.383331466338	0.137746910123	0.21085844442
oro-	0.00128619201418	0.827343013119	0.170942064195	0.00042873067139
asi-	0.00565504241282	0.990574929312	0.0	0.00377002827521
dia-	0.0646629578787	0.926667148328	0.00866989379379	0.0
nan-	0.477527014974	0.268925199945	0.0237990810052	0.229748704076
pím-	0.256546355273	0.0594479830149	0.00424628450106	0.679759377212
pok-	0.0590572640593	0.911745886293	0.025215461059	0.00398138858826
bor-	0.0606760445098	0.924837287424	0.0031492756666	0.0113373923997
tér-	0.0	0.978260869565	0.0217391304348	0.0
xvi-	0.0443131462334	0.871491875923	0.03988183161	0.0443131462334
cel-	0.0697674418605	0.860465116279	0.0697674418605	0.0
xch-	0.204972732178	0.560053574139	0.0222636225876	0.212710071096
hor-	0.0259048970901	0.835876508162	0.0129524485451	0.125266146203
tol-	0.0615595075239	0.928180574555	0.0102599179206	0.0
mel-	0.0824271422357	0.891474554154	0.00521966072205	0.0208786428882
csq-	0.586631085655	0.236396771674	0.0669747461599	0.109997396511
cue-	0.323303404499	0.293263430707	0.112891238853	0.270541925941
huá-	0.321930646092	0.01949570484	0.00655342501898	0.652020224049
táp-	0.680794111086	0.184920811956	0.0437207227304	0.0905643542271
lán-	0.322056833559	0.423545331529	0.100135317997	0.154262516915
mir-	0.0230790301368	0.88364322306	0.0125011413241	0.0807766054787
isa-	0.00661795119261	0.969529849717	0.00358472356266	0.0202674755274
joe-	0.0	1.0	0.0	0.0
a̠m-	0.0259420716449	0.00495899591562	0.002334380241	0.966764552198
mus-	0.0511569805485	0.904229373624	0.0333115222176	0.0113021236095
pud-	0.0857142857143	0.914285714286	0.0	0.0
dio-	0.0398502950654	0.765085217998	0.0150274475986	0.180037039338
xam-	0.259880880018	0.225603268216	0.0566143873538	0.457901464412
bab-	0.0257425742574	0.945874587459	0.016501650165	0.0118811881188
ita-	0.00582128650431	0.906180265839	0.0329872901911	0.0550111574658
tuh-	0.239576542615	0.143101102576	0.435850741192	0.181471613616
luh-	0.206766917293	0.671052631579	0.122180451128	0.0
xko-	0.420114263199	0.278467297084	0.215721040189	0.0856973995272
tok-	0.936939385703	0.0212014134275	0.0	0.0418592008698
cmá-	0.567187194329	0.23594057469	0.134040667902	0.062831563079
láz-	0.032190074727	0.856102701667	0.00459858210385	0.107108641502
mi̠-	0.0493932969462	0.157427037755	0.0136827702347	0.779496895064
cac-	0.449802002986	0.31016966545	0.100059044093	0.139969287472
pún-	0.576329331046	0.300171526587	0.123499142367	0.0
moi-	0.0359306788067	0.925527001616	0.0081373228208	0.0304049967561
stá-	0.683927699072	0.0630190522716	0.150464093796	0.102589154861
kom-	0.295857988166	0.224852071006	0.230769230769	0.248520710059
tam-	0.391511109921	0.2306774056	0.0692992755713	0.308512208908
xim-	0.331023236853	0.668976763147	0.0	0.0
ali-	0.421309192201	0.209610027855	0.00348189415042	0.365598885794
jud-	0.0555364795348	0.744565110142	0.0742484771415	0.125649933181
xjí-	0.581632653061	0.357142857143	0.0612244897959	0.0
oks-	0.435237679895	0.222852158744	0.116005233319	0.225904928042
ne̠-	0.195873666924	0.0832308224825	0.0525068789297	0.668388631664
tau-	0.467935577083	0.307896879009	0.052804971083	0.171362572825
cis-	0.0	0.952830188679	0.0471698113207	0.0
tzú-	0.489753770932	0.00700059120542	0.00551259107759	0.497733046785
laq-	0.525462178301	0.225000651873	0.13910980157	0.110427368256
pek-	0.480124928679	0.324813375278	0.0658710523526	0.12919064369
sab-	0.0	1.0	0.0	0.0
chó-	0.878378378378	0.0	0.0	0.121621621622
nin-	0.0	1.0	0.0	0.0
ká̠-	0.109612141653	0.836424957841	0.0134907251265	0.0404721753794
tía-	0.763636363636	0.181818181818	0.0181818181818	0.0363636363636
hui-	0.0401513069504	0.0453191448846	0.0126267422211	0.901902805944
la̠-	0.123435475294	0.0403223075484	0.0133525395412	0.822889677616
me̠-	0.0672793641544	0.210761460761	0.0252120564621	0.696747118622
cie-	0.0148899795952	0.18998511002	0.0379602566223	0.757164653762
mu̠-	0.333747883546	0.545632988208	0.0891532687035	0.0314658595424
chá-	0.445914844649	0.219102416571	0.039585730725	0.295397008055
pix-	0.379310344828	0.541114058355	0.0159151193634	0.0636604774536
xas-	0.135662063942	0.320663624788	0.406066028177	0.137608283093
xqu-	0.344574406392	0.393080488152	0.0604314006483	0.201913704808
sós-	0.020202020202	0.979797979798	0.0	0.0
ní̠-	0.374818568073	0.325548254295	0.0133006096113	0.28633256802
lim-	0.319312059677	0.662038955657	0.0	0.0186489846664
snu-	0.179565465452	0.253041587639	0.0667684384204	0.500624508489
for-	0.0	0.897727272727	0.0	0.102272727273
esr-	0.0	1.0	0.0	0.0
xja-	0.187919463087	0.765100671141	0.0201342281879	0.0268456375838
egi-	0.0265765765766	0.907432432432	0.0585585585586	0.00743243243244
jue-	0.249146545293	0.0757248416634	0.0355365142443	0.639592098799
le̠-	0.56314700076	0.23011216047	0.0933362681351	0.113404570635
lúc-	0.246319365798	0.27463193658	0.479048697622	0.0
ALL	0.216637660922	0.25613053416	0.0479792915432	0.479252513375
ana-	0.0684207417551	0.779422666842	0.0630505091173	0.0891060822857
xat-	0.175071311636	0.395215340586	0.204326704643	0.225386643136
ast-	0.366702937976	0.326441784548	0.285092491839	0.0217627856365
akc-	0.219847473482	0.14802365588	0.0338507396426	0.598278130995
ucu-	0.522527628223	0.114763389062	0.0566732785492	0.306035704165
mát-	0.0798455627816	0.920154437218	0.0	0.0
mae-	0.0	0.91513437058	0.08486562942	0.0
cil-	0.0	1.0	0.0	0.0
per-	0.0435064598125	0.03110512038	0.00307283678965	0.922315583018
ger-	0.0	0.992779783394	0.0	0.00722021660648
arm-	0.0	1.0	0.0	0.0
cal-	0.392340804071	0.327842659124	0.103481007509	0.176335529296
xtá-	0.246148137601	0.434312316899	0.189971998222	0.129567547277
zor-	0.0	1.0	0.0	0.0
tac-	0.421732791493	0.32478632235	0.0550591967049	0.198421689452
lid-	0.0608187134503	0.753216374269	0.0	0.185964912281
aká-	0.419598246151	0.261751809932	0.0428265524625	0.275823391455
gas-	0.0257911327629	0.914029557457	0.0601793097802	0.0
ata-	0.28338762215	0.697068403909	0.0	0.0195439739414
far-	0.0337123880447	0.957859514944	0.00389956727382	0.00452852973735
ke̠-	0.098643649815	0.846191963308	0.0399529829333	0.0152114039434
rud-	0.0289855072464	0.971014492754	0.0	0.0
kás-	0.444444444444	0.345029239766	0.0701754385965	0.140350877193
xpa-	0.18964995207	0.17765890569	0.0162679912206	0.616423151019
xcu-	0.260742043022	0.481622759866	0.183459251004	0.0741759461085
mes-	0.234050469543	0.651460950247	0.00325559943725	0.111232980773
sed-	0.0	0.981120201385	0.0188797986155	0.0
xni-	0.332020737613	0.158781095423	0.338888122458	0.170310044506
arc-	0.0959677419355	0.892741935484	0.0	0.0112903225806
cyá-	0.420271940668	0.131025957973	0.0148331273177	0.433868974042
med-	0.153049482163	0.846950517837	0.0	0.0
xor-	0.273755656109	0.383645765999	0.21978021978	0.122818358112
adi-	0.0	1.0	0.0	0.0
a̠t-	0.11816466074	0.0767615460878	0.271106978781	0.533966814391
saú-	0.370051635112	0.578313253012	0.0	0.051635111876
ami-	0.104874270051	0.803658681921	0.0461804314146	0.045286616613
kax-	0.65778578776	0.195416174308	0.0512875007439	0.0955105371882
tán-	0.81655866403	0.10806789483	0.0105718592768	0.0648015818635
suj-	0.0612244897959	0.857142857143	0.0489795918367	0.0326530612245
gue-	0.162250116225	0.769874476987	0.00278940027894	0.0650860065086
ome-	0.0	1.0	0.0	0.0
níc-	0.13713027896	0.0716455153915	0.0579628596503	0.733261345998
sec-	0.362962962963	0.637037037037	0.0	0.0
eub-	0.183673469388	0.816326530612	0.0	0.0
cau-	0.605020920502	0.258577405858	0.0197489539749	0.116652719665
cxm-	0.131439710387	0.774714564188	0.0409356725146	0.0529100529101
jai-	0.090206185567	0.909793814433	0.0	0.0
tal-	0.37588208669	0.356367559281	0.0954616541371	0.172288699893
pác-	0.0456431535269	0.466804979253	0.387966804979	0.0995850622407
púl-	0.263833664679	0.694416832339	0.0347912524851	0.00695825049701
láh-	0.709677419355	0.174193548387	0.0774193548387	0.0387096774194
kos-	0.496621621622	0.380912162162	0.122466216216	0.0
lem-	0.1	0.833333333333	0.0666666666667	0.0
osu-	0.058125517461	0.0643700751164	0.0145541949889	0.862950212434
xuí-	0.614203142785	0.0459369964669	0.0831892027733	0.256670657974
zaf-	0.0	1.0	0.0	0.0
sli-	0.204192546584	0.294254658385	0.277950310559	0.223602484472
kál-	0.667217732494	0.0572588140969	0.00298001262958	0.272543440779
wan-	0.328834490234	0.19172451168	0.0	0.479440998086
pon-	0.0	0.991596638655	0.0	0.00840336134454
lhm-	0.554813539067	0.404590348318	0.0405961126146	0.0
azu-	0.0109190172884	0.989080982712	0.0	0.0
hig-	0.0625744934446	0.899433849821	0.0379916567342	0.0
chi-	0.498184619963	0.2916882641	0.0103262804536	0.199800835483
csu-	0.102564102564	0.837606837607	0.0598290598291	0.0
xmi-	0.457187853059	0.181108562429	0.175288438495	0.186415146017
cká-	0.745789403886	0.172236589086	0.026191897089	0.0557821099397
dió-	0.170212765958	0.829787234042	0.0	0.0
xti-	0.325292345265	0.490877434087	0.0673126613599	0.116517559287
sti-	0.415006150062	0.528167281673	0.010332103321	0.0464944649446
pin-	0.437143787657	0.220566682951	0.313792541931	0.0284969874613
pax-	0.149785278478	0.819460659139	0.00693049293131	0.0238235694514
már-	0.0	1.0	0.0	0.0
uún-	0.475935828877	0.421390374331	0.0385026737968	0.0641711229947
xú̠-	0.322274881517	0.244865718799	0.417061611374	0.0157977883096
der-	0.190630048465	0.659935379645	0.123586429725	0.0258481421648
lam-	0.502116614332	0.175143413843	0.0495639623366	0.273176009488
til-	0.451358048865	0.31556032612	0.102984501701	0.130097123314
u̠c-	0.302207686018	0.517890433361	0.0712346688471	0.108667211774
snú-	0.226119698771	0.316091954023	0.175386444709	0.282401902497
act-	0.191974082976	0.258996063678	0.13568119274	0.413348660605
cua-	0.369727319541	0.257044635312	0.047859235011	0.325368810137
huí-	0.526479432038	0.0887937974747	0.0078723472881	0.3768544232
lht-	0.349704911473	0.457003767797	0.0273415357941	0.165949784935
usu-	0.00446658187898	0.0403257414085	0.0	0.955207676712
nap-	0.465575068006	0.306521984142	0.0693042145839	0.158598733269
sió-	0.0	1.0	0.0	0.0
esl-	0.0	1.0	0.0	0.0
ani-	0.292049449926	0.402631280481	0.0728138822728	0.23250538732
pró-	0.0	1.0	0.0	0.0
xpí-	0.24794359577	0.502350176263	0.0734430082256	0.176263219742
xaa-	0.180840977578	0.579707475558	0.148164475551	0.0912870713134
neg-	0.310975609756	0.542682926829	0.0	0.146341463415
ucx-	0.675307232557	0.153939963736	0.0602296689275	0.110523134779
xdi-	0.0516927713109	0.791527001741	0.0125260797909	0.144254147157
caú-	0.450310559006	0.413043478261	0.00745341614908	0.129192546584
a̠a-	0.472239747634	0.258044164038	0.0425867507886	0.227129337539
fle-	0.0	1.0	0.0	0.0
ahu-	0.195474905249	0.190651200184	0.250947513495	0.362926381073
doc-	0.0181718061674	0.911618942731	0.0660792951541	0.00412995594715
ban-	0.3056675865	0.6943324135	0.0	0.0
u̠m-	0.216784942133	0.0492982818917	0.0139243231255	0.719992452849
cus-	0.0	1.0	0.0	0.0
miv-	0.0737981445038	0.890778746134	0.0295192578015	0.00590385156031
ter-	0.0	1.0	0.0	0.0
lia-	0.563913646231	0.230772793619	0.111894852296	0.0934187078541
ú̠n-	0.245126563864	0.658859470469	0.0960139656677	0.0
tra-	0.023372807408	0.874254296145	0.0953610542249	0.00701184222242
nít-	0.5067170445	0.268681780017	0.212006717044	0.0125944584383
xuc-	0.496899966406	0.241807322783	0.0840767256904	0.177215985121
nam-	0.489271626632	0.290082477532	0.0653413393894	0.155304556447
acm-	0.64347826087	0.147826086957	0.208695652174	0.0
arq-	0.185289163391	0.738910724312	0.0	0.0758001122965
ale-	0.00726392251816	0.861985472155	0.125907990315	0.0048426150121
sid-	0.00714285714285	0.975	0.0	0.0178571428571
akm-	0.64820042343	0.241002117149	0.0423429781228	0.0684544812985
oli-	0.0036755697133	0.993874050478	0.0	0.00245037980887
lí̠-	0.41028208783	0.476520407466	0.0601398024993	0.053057702205
luc-	0.00833912439194	0.97915218902	0.00833912439196	0.00416956219597
taq-	0.467652684196	0.352060408359	0.0854485801804	0.0948383272648
siq-	0.215768981181	0.707981829981	0.0324464633355	0.0438027255029
tzo-	0.538569424965	0.242877178922	0.0225205369665	0.196032859146
kox-	0.125132307644	0.376152195541	0.21322001294	0.285495483875
dec-	0.00592885375494	0.747035573122	0.0	0.247035573123
xtí-	0.718864950079	0.138127768186	0.0394114555964	0.103595826139
die-	0.426229508197	0.147540983607	0.0	0.426229508197
xli-	0.257260135781	0.231242272127	0.0665583172351	0.444939274857
eli-	0.073365649155	0.921131927158	0.0	0.00550242368663
a̠h-	0.172940054296	0.0891481399956	0.379778413677	0.358133392032
xua-	0.597179027452	0.0803441716559	0.0139106728889	0.308566128004
col-	0.109068719022	0.603775934643	0.194749557897	0.0924057884381
ove-	0.0	0.981566820277	0.0	0.0184331797235
ehe-	0.545454545455	0.454545454545	0.0	0.0
ene-	0.0	1.0	0.0	0.0
li̠-	0.29251863282	0.325984647927	0.100470922019	0.281025797234
pan-	0.013852672751	0.964146023468	0.022001303781	0.0
cmí-	0.164666143917	0.729477049279	0.0	0.105856806804
mák-	0.206594422116	0.172454077051	0.039580481766	0.581371019067
diá-	0.122362869198	0.632911392405	0.163713080169	0.0810126582278
tor-	0.180815414689	0.804035185702	0.0	0.0151493996091
lec-	0.030553390491	0.969446609509	0.0	0.0
roj-	0.184210526316	0.744736842105	0.0394736842105	0.0315789473684
nah-	0.329369165739	0.0881583034114	0.0127667498345	0.569705781015
csc-	0.456822083549	0.234160830586	0.235441589231	0.0735754966347
xah-	0.492209942884	0.333062962588	0.0669167596065	0.107810334922
nau-	0.612554983371	0.132845188284	0.0399635232271	0.214636305117
u̠t-	0.348465473146	0.290281329923	0.0127877237852	0.348465473146
uu̠-	0.6	0.121212121212	0.121212121212	0.157575757576
cre-	0.00602107375814	0.958855995986	0.00501756146511	0.0301053687908
lat-	0.162082036608	0.754278578347	0.0325226035782	0.0511167814668
pen-	0.0	1.0	0.0	0.0
rab-	0.0363636363637	0.781818181818	0.0	0.181818181818
ape-	0.0	1.0	0.0	0.0
tíh-	0.428245402067	0.282588266881	0.00805477245267	0.281111558599
vio-	0.156931124673	0.684394071491	0.158674803836	0.0
a̠í-	0.0101465614431	0.512965050733	0.0236753100338	0.45321307779
ta̠-	0.38193589854	0.32780713159	0.13988205732	0.15037491255
xtu-	0.166803790951	0.616779217553	0.110691444207	0.105725547289
xga-	0.0147058823529	0.727941176471	0.257352941176	0.0
lab-	0.046511627907	0.790697674419	0.0232558139535	0.139534883721
cáp-	0.303125655549	0.564715754143	0.00943989930775	0.122718691001
jil-	0.0213745478461	0.949852022361	0.0287734297929	0.0
tia-	0.220118613139	0.641499391727	0.0159671532847	0.122414841849
nal-	0.399322057517	0.317936201949	0.094113646761	0.188628093773
car-	0.241435270457	0.64618034468	0.0229388397168	0.0894455451459
sca-	0.679419525066	0.228232189974	0.0442894836035	0.048058801357
bas-	0.0235017626322	0.976498237368	0.0	0.0
mim-	0.204253831072	0.495446402789	0.0579452146521	0.242354551487
mañ-	0.191601049869	0.309711286089	0.46719160105	0.0314960629922
mid-	0.261829652997	0.526813880126	0.0977917981072	0.11356466877
cfi-	0.236842105263	0.734553775744	0.0286041189932	0.0
men-	0.0	1.0	0.0	0.0
ang-	0.0898203592814	0.910179640719	0.0	0.0
pun-	0.314084483395	0.290033914241	0.21665659313	0.179225009234
xaw-	0.5375	0.225	0.0	0.2375
lu̠-	0.12227259847	0.636582601303	0.148200623406	0.0929441768206
tah-	0.322585754249	0.225411666469	0.0358383694634	0.416164209819
anc-	0.284213980965	0.515589104037	0.0229734164752	0.177223498523
cai-	0.00341588385995	0.913464275548	0.0831198405921	0.0
púx-	0.39780521262	0.533607681756	0.0274348422496	0.0411522633745
anú-	0.283343452742	0.162720097146	0.0255009107468	0.528435539364
xco-	0.265375198784	0.385103429499	0.110221668526	0.239299703191
acx-	0.125853259526	0.0323364959571	0.00710045434423	0.834709790173
har-	0.022758757174	0.908964971304	0.0682762715219	0.0
kan-	0.232094237929	0.207002754427	0.0200509608744	0.54085204677
táx-	0.519119351101	0.206919384208	0.00695249130938	0.267008773382
a̠s-	0.0	1.0	0.0	0.0
xuv-	0.300973738566	0.69312481558	0.00590144585422	0.0
ctá-	0.488485694347	0.366713189114	0.0427424982554	0.102058618283
tih-	0.184052573468	0.472147635875	0.220431694392	0.123368096265
óni-	0.0	0.937282229965	0.0627177700348	0.0
cmu-	0.206008583691	0.742489270386	0.0	0.0515021459227
cja-	0.574850299401	0.293413173653	0.0359281437126	0.0958083832335
hoz-	0.0796019900498	0.890547263681	0.0298507462687	0.0
xme-	0.146717772063	0.789432827131	0.0	0.0638494008054
xva-	0.0820707070707	0.917929292929	0.0	0.0
lé̠-	0.785016515567	0.0514442336074	0.074284911097	0.0892543397287
tod-	0.783834586466	0.103383458647	0.0	0.112781954887
met-	0.0451535219747	0.819987959061	0.0361228175798	0.0987357013847
tao-	0.380872483221	0.535234899329	0.0	0.0838926174497
lák-	0.43433251201	0.257759736231	0.0171946182618	0.290713133498
súl-	0.536561264822	0.142292490119	0.255928853755	0.0652173913043
mna-	0.0	1.0	0.0	0.0
nef-	0.0	1.0	0.0	0.0
táa-	0.740985057467	0.0166947209665	0.00955362644906	0.232766595118
ces-	0.0377867746289	0.885964912281	0.0128205128205	0.0634278002699
xpe-	0.0940481641299	0.557558154772	0.324824984545	0.023568696553
ták-	0.758282208589	0.039263803681	0.143558282209	0.0588957055215
cwi-	0.576153741766	0.200577036282	0.0161122118934	0.207157010058
poc-	0.657108721625	0.115890083632	0.0597371565113	0.167264038232
lhp-	0.0770218228498	0.83055198973	0.0924261874198	0.0
xcá-	0.200856989823	0.284949116229	0.0642742367434	0.449919657204
cob-	0.0351906158357	0.932551319648	0.0322580645161	0.0
jal-	0.449795141093	0.374689826303	0.157337411276	0.0181776213284
mat-	0.345847291209	0.322860113203	0.00623772669516	0.325054868892
pul-	0.291967368702	0.545880328944	0.120725681092	0.0414266212627
nit-	0.337386018237	0.41641337386	0.16717325228	0.079027355623
stu-	0.47577092511	0.52422907489	0.0	0.0
cá̠-	0.38943106626	0.449557361694	0.0354714928846	0.125540079161
aka-	0.162394654502	0.613655529249	0.0722131336238	0.151736682626
lay-	0.231658203467	0.149667308702	0.188069077219	0.430605410611
cha-	0.0915402384651	0.139706699095	0.038149686631	0.730603375809
cul-	0.950227731605	0.0183124383716	0.00281729821102	0.028642531812
vas-	0.0867869332033	0.845928815212	0.0438810336421	0.0234032179425
par-	0.0943832061482	0.0385923360887	0.00306609767925	0.863958360084
xaq-	0.0805384571133	0.63671403095	0.165103837082	0.117643674855
jul-	0.119487908962	0.850640113798	0.0256045519203	0.00426742532006
cop-	0.54564656184	0.0492842055855	0.405069232574	0.0
xpá-	0.645958083832	0.262350299401	0.0261976047904	0.065494011976
cxc-	0.30460251046	0.519665271967	0.0	0.175732217573
rag-	0.0	1.0	0.0	0.0
feb-	0.0	1.0	0.0	0.0
cni-	0.711541789237	0.187229624502	0.0389340716387	0.0622945146218
amé-	0.00581395348837	0.104651162791	0.00387596899225	0.885658914728
xtr-	0.121603362858	0.855802432067	0.0143371866086	0.0082570184657
tre-	0.068191816982	0.459304883414	0.0131984161901	0.459304883414
gay-	0.013437849944	0.833146696529	0.106382978723	0.047032474804
boo-	0.0307692307692	0.969230769231	0.0	0.0
ben-	0.0	1.0	0.0	0.0
ucc-	0.288888888889	0.177777777778	0.0	0.533333333333
gob-	0.0946399629544	0.813324843714	0.023008798333	0.0690263949988
dan-	0.0481596147231	0.84520123839	0.106639146887	0.0
túm-	0.0430416068867	0.784791965567	0.0	0.172166427547
tín-	0.572605561277	0.0803295571575	0.303810504634	0.043254376931
lib-	0.146018795631	0.780781181494	0.0137250042891	0.059475018586
apó-	0.0493827160494	0.817802581882	0.00366424262924	0.12915045944
gre-	0.0882352941177	0.790441176471	0.0551470588235	0.0661764705883
ser-	0.0	1.0	0.0	0.0
lug-	0.0185873605948	0.836327963651	0.135790995456	0.00929368029739
acc-	0.410112100383	0.248235456936	0.145315311159	0.196337131522
cri-	0.0393795581876	0.651448447396	0.019520838292	0.289651156125
mis-	0.270321573525	0.154280362161	0.0656884171089	0.509709647206
ted-	0.503875968992	0.193798449612	0.0	0.302325581395
elm-	0.0	1.0	0.0	0.0
a̠l-	0.215219866918	0.331601766148	0.0773731314698	0.375805235465
sac-	0.127514577259	0.0714285714286	0.168002915452	0.63305393586
cch-	0.389501630536	0.146591926736	0.0625982123245	0.401308230404
xal-	0.111835679971	0.292504393994	0.0908621125055	0.50479781353
puc-	0.0177818515124	0.947754353804	0.0108157653529	0.0236480293309
nac-	0.15046508098	0.102102089478	0.0265415371519	0.72089129239
tza-	0.461634449211	0.303664010866	0.105900736005	0.128800803918
xle-	0.483398786148	0.343939664406	0.0515440913959	0.121117458051
cpu-	0.409403073725	0.429529536961	0.026938401762	0.134128987552
pál-	0.274493140707	0.119218161952	0.0541459269151	0.552142770426
miy-	0.233918128655	0.169590643275	0.491228070175	0.105263157895
naq-	0.422987378524	0.279396117827	0.0687039264211	0.228912577228
sos-	0.0	0.957142857143	0.0428571428571	0.0
luu-	0.306838651413	0.014679889867	0.0142990329705	0.664182425749
cka-	0.412695593042	0.195754257654	0.0506065841851	0.340943565119
cad-	0.294922468835	0.659470963819	0.0328367284889	0.0127698388568
tat-	0.481898079508	0.269409018455	0.0626680475594	0.186024854477
bit-	0.0	1.0	0.0	0.0
leg-	0.0	0.912087912088	0.0	0.0879120879121
alh-	0.785526249035	0.0258177984972	0.00479151282152	0.183864439647
ave-	0.302254098361	0.43793911007	0.0548887587822	0.204918032787
cúx-	0.0	0.808383233533	0.0	0.191616766467
jín-	0.106109324759	0.845659163987	0.048231511254	0.0
cef-	0.0964912280702	0.745614035088	0.0	0.157894736842
nia-	0.12919196271	0.0366738157198	0.0305194733592	0.80361474821
csp-	0.138776072142	0.670406828664	0.190817099195	0.0
lap-	0.258441129771	0.151396848341	0.0286824837665	0.561479538121
sei-	0.385604113111	0.398457583548	0.0771208226221	0.13881748072
cuá-	0.300279131381	0.156597435776	0.0208165775654	0.522306855277
ti̠-	0.209972911262	0.251352784963	0.0515027895549	0.48717151422
imp-	0.00500625782227	0.982478097622	0.0	0.0125156445557
ko̠-	0.201363902059	0.42778463337	0.219718126908	0.151133337663
pák-	0.0927129148341	0.787460015994	0.0078718512595	0.111955217913
esp-	0.0130547836585	0.963264445984	0.0192696464672	0.00441112389007
aug-	0.132258064516	0.790322580645	0.0387096774194	0.0387096774194
pai-	0.0392156862745	0.960784313725	0.0	0.0
ama-	0.120282006518	0.0481708938373	0.0105632700082	0.820983829637
toa-	0.109425287356	0.771494252874	0.096551724138	0.0225287356321
nai-	0.0429594272077	0.656324582339	0.128878281623	0.17183770883
sur-	0.0	0.876288659794	0.106038291605	0.0176730486008
ili-	0.0631578947369	0.873684210526	0.0	0.0631578947369
sak-	0.511340967861	0.343479867011	0.0653860362025	0.079793128925
fri-	0.0	0.979139504563	0.0208604954367	0.0
reg-	0.246268656716	0.686567164179	0.0671641791045	0.0
pla-	0.0152898704608	0.902229772776	0.0824803567636	0.0
mac-	0.355977579844	0.346502224075	0.0444299061836	0.253090289897
ico-	0.00611620795107	0.984709480122	0.0091743119266	0.0
láp-	0.217015540755	0.181771328893	0.151522359657	0.449690770695
bet-	0.00967351874244	0.977629987908	0.00544135429262	0.00725513905684
maj-	0.419820261567	0.432642903654	0.104355322161	0.0431815126183
pér-	0.0	1.0	0.0	0.0
xji-	0.0816326530612	0.883381924198	0.0349854227405	0.0
nqu-	0.382997370727	0.520595968449	0.0964066608238	0.0
aks-	0.173109039825	0.393687661387	0.232193922861	0.201009375927
gab-	0.0	1.0	0.0	0.0
sek-	0.0	0.0561122244489	0.911823647295	0.0320641282565
fie-	0.11214953271	0.88785046729	0.0	0.0
cam-	0.416068786799	0.310013949166	0.0651008375013	0.208816426533
pút-	0.858024691358	0.0308641975308	0.037037037037	0.0740740740741
tu̠-	0.255457809494	0.170180667698	0.0352318141229	0.539129708685
xak-	0.206209833921	0.630311863772	0.071171292561	0.0923070097458
tlá-	0.535260040691	0.113573309968	0.0293434281386	0.321823221202
liu-	0.224287201361	0.491608906492	0.215807246046	0.0682966461015
min-	0.228023537546	0.440352024292	0.0575122121333	0.274112226029
xlé-	0.426229508197	0.293032786885	0.198770491803	0.0819672131148
ctí-	0.476897294709	0.352166626766	0.012927938712	0.158008139813
est-	0.0560818491853	0.746873815839	0.0454717696097	0.151572565366
dám-	0.0	1.0	0.0	0.0
ren-	0.0	1.0	0.0	0.0
xay-	0.478471175958	0.199587661565	0.205376258822	0.116564903656
sul-	0.716814159292	0.230088495575	0.0	0.0530973451328
xve-	0.100189933523	0.669515669516	0.230294396961	0.0
cep-	0.0127628540173	0.646894372189	0.340342773794	0.0
tab-	0.0340734227303	0.952736865245	0.0	0.0131897120246
lok-	0.596273291925	0.254658385093	0.0745341614907	0.0745341614907
naz-	0.0172303765156	0.974601148692	0.00510529674537	0.00306317804722
gal-	0.00257518222688	0.985203613985	0.00724542796036	0.0049757758282
cli-	0.410504296866	0.288990439192	0.0948476626394	0.205657601303
cui-	0.402389298233	0.24744259246	0.157378925531	0.192789183776
sel-	0.282398452611	0.598646034816	0.107350096712	0.0116054158607
kay-	0.256910569106	0.447154471545	0.237398373984	0.0585365853659
jéj-	0.125874125874	0.0979020979021	0.0	0.776223776224
xe̠-	0.398058252427	0.121359223301	0.480582524272	0.0
tám-	0.605968837005	0.174229472964	0.0849899868119	0.134811703219
mia-	0.189094977837	0.652511081465	0.0487412316564	0.109652709042
tej-	0.494505494506	0.483516483516	0.021978021978	0.0
cát-	0.729982466394	0.0323072926814	0.0180206506916	0.219689590233
agr-	0.00353982300885	0.985840707965	0.0070796460177	0.00353982300885
nar-	0.0525547445256	0.880291970803	0.0671532846715	0.0
sno-	0.3515625	0.416015625	0.126953125	0.10546875
tak-	0.505161947325	0.249888725255	0.0485819335486	0.196367393872
mun-	0.118331192102	0.803908310231	0.0412468726756	0.0365136249915
tay-	0.543296556336	0.246740220662	0.0173854898027	0.1925777332
cax-	0.179664346952	0.788424710426	0.0185810551979	0.0133298874246
ged-	0.0245398773006	0.975460122699	0.0	0.0
ché-	0.0410958904109	0.938356164384	0.0205479452055	0.0
one-	0.0	1.0	0.0	0.0
sto-	0.690637720489	0.219810040705	0.089552238806	0.0
gog-	0.0	1.0	0.0	0.0
tím-	0.224299065421	0.663551401869	0.11214953271	0.0
túc-	0.162924407971	0.160773873198	0.013787105484	0.662514613347
evo-	0.0714285714286	0.928571428571	0.0	0.0
lal-	0.384615384615	0.345479082321	0.0607287449393	0.209176788124
xma-	0.231635756441	0.425095593905	0.0680992467642	0.27516940289
vie-	0.0366972477064	0.935779816514	0.0275229357798	0.0
más-	0.557522123894	0.106194690265	0.0176991150442	0.318584070796
cje-	0.339244410177	0.300693909021	0.0824980724749	0.277563608327
tíy-	0.255373248897	0.603339090386	0.0338226827864	0.107464977931
áma-	0.298538150369	0.0157316577767	0.00483532865334	0.680894863201
gen-	0.0285035629454	0.957244655582	0.0	0.0142517814727
tik-	0.217693376563	0.514590088004	0.140805928671	0.126910606762
acu-	0.0911411794741	0.712279805974	0.0153178452898	0.181261169262
cúc-	0.69146018	0.0451134637619	0.00759447756795	0.25583187867
rei-	0.0	0.982311320755	0.0176886792453	0.0
lhu-	0.0850122859816	0.0942744892781	0.453649104995	0.367064119746
pim-	0.184939774794	0.113766722815	0.0387001431085	0.662593359282
sau-	0.0512115120093	0.854301132155	0.0	0.0944873558354
sín-	0.0	1.0	0.0	0.0
cuí-	0.83734939759	0.0722891566265	0.0903614457831	0.0
pri-	0.0560832202624	0.924920850294	0.0162822252375	0.00271370420624
poz-	0.188202782542	0.512102153612	0.00762340384983	0.292071659996
tro-	0.198614444687	0.687486362645	0.0191468470434	0.0947523456251
cta-	0.458592238173	0.334391445899	0.0578813639992	0.149134951929
í̠y-	0.433333333333	0.266666666667	0.3	0.0
clí-	0.450787401575	0.360892388451	0.0958005249344	0.0925196850394
ela-	0.0540540540541	0.945945945946	0.0	0.0
xui-	0.426090360329	0.346834504213	0.0625270401121	0.164548095346
u̠l-	0.0934479054779	0.875402792696	0.031149301826	0.0
nag-	0.0	1.0	0.0	0.0
cmi-	0.769020564068	0.121787125583	0.0186606147973	0.0905316955513
arp-	0.0460358056266	0.946291560102	0.0	0.0076726342711
itu-	0.0	0.992366412214	0.00763358778626	0.0
acn-	0.899159663866	0.100840336134	0.0	0.0
cap-	0.354554597113	0.454017526199	0.109548360304	0.0818795163846
fen-	0.00884433962264	0.93366745283	0.0397995283019	0.0176886792453
pus-	0.167167481971	0.160695536628	0.00798874828234	0.664148233118
ras-	0.168170631665	0.235438884332	0.178014766202	0.418375717801
pux-	0.0405438266829	0.297910909694	0.0179507018901	0.643594561733
tir-	0.0	0.998378378378	0.00162162162162	0.0
las-	0.14963180594	0.739523890239	0.00933197732451	0.101512326497
sa̠-	0.392499846172	0.262126572471	0.147356690672	0.198016890685
rob-	0.0	1.0	0.0	0.0
ric-	0.0340123142799	0.119754220539	0.777323099271	0.0689103659107
sie-	0.0879073756432	0.8756432247	0.0364493996569	0.0
pór-	0.0	0.975609756098	0.0243902439025	0.0
fue-	0.600386100386	0.195302445302	0.0289575289575	0.175353925354
ceb-	0.0	1.0	0.0	0.0
tap-	0.313012661623	0.44823423234	0.0790026594714	0.159750446566
tún-	0.090344662899	0.250831807689	0.175626840723	0.483196688689
lup-	0.244157656087	0.755842343913	0.0	0.0
ca̠-	0.340288337736	0.378231095427	0.0762980839692	0.205182482868
caa-	0.667994567961	0.113851028524	0.0411793981383	0.176975005377
sol-	0.195584817971	0.57455460883	0.0536405886909	0.176219984508
dom-	0.00472069236821	0.898505114083	0.0141620771046	0.0826121164437
ámá-	0.587155963303	0.126146788991	0.160550458716	0.126146788991
yum-	0.0879282074365	0.105213239667	0.0	0.806858552896
tíj-	0.697813121272	0.302186878728	0.0	0.0
squ-	0.237600237148	0.672868929475	0.0489154994083	0.0406153339689
a̠k-	0.25703275789	0.270563629394	0.0939158153829	0.378487797333
akp-	0.117238384716	0.146041395281	0.364741641337	0.371978578666
com-	0.0432329761298	0.858110789817	0.0893009015139	0.00935533253955
mag-	0.00435877566835	0.985034870205	0.00469779155366	0.00590856257264
cpá-	0.512842105263	0.461894736842	0.0	0.0252631578947
sko-	0.202931228861	0.255918827508	0.54114994363	0.0
job-	0.0	0.94558880684	0.0544111931597	0.0
csi-	0.231699917913	0.644277097684	0.0606731146722	0.0633498697312
elí-	0.00267111853088	0.994657762938	0.00133555926544	0.00133555926544
aqu-	0.0720698546682	0.0336248199025	0.000891335737808	0.893413989691
chí-	0.129390133691	0.792467823865	0.017178784007	0.0609632584375
bot-	0.0502723083368	0.878508588186	0.0712191034771	0.0
cní-	0.776025236593	0.1261829653	0.018927444795	0.0788643533123
xca-	0.384718436992	0.417707389791	0.0712692372692	0.126304935949
mon-	0.147765053565	0.826376062061	0.0	0.0258588843739
tze-	0.311477897292	0.262821593553	0.144400984591	0.281299524564
xla-	0.157692790464	0.133450069614	0.0275366865563	0.681320453365
tic-	0.453884653812	0.352966992251	0.0627266358445	0.130421718093
ram-	0.0	1.0	0.0	0.0
pit-	0.287197793282	0.654389096219	0.0	0.0584131104982
xao-	0.0528541226216	0.896405919662	0.0126849894292	0.0380549682875
sáb-	0.0797656602073	0.897100796154	0.00360522757999	0.0195283160582
tíc-	0.0944854791874	0.24342253625	0.00438194765817	0.657710036905
cxu-	0.230158730159	0.388888888889	0.333333333333	0.0476190476191
bec-	0.0460829493087	0.953917050691	0.0	0.0
cos-	0.0	0.978723404255	0.0212765957447	0.0
aar-	0.029315960912	0.936482084691	0.0195439739413	0.014657980456
eti-	0.0	0.951338199513	0.0486618004866	0.0
vin-	0.0444330949948	0.868232890705	0.082737487232	0.00459652706844
xán-	0.0206856166519	0.941137252615	0.0199251160397	0.0182520146929
xpú-	0.454718578079	0.424672027084	0.0126957257723	0.107913669065
sip-	0.358226371062	0.559159859977	0.0406067677946	0.0420070011668
boz-	0.587519025875	0.412480974125	0.0	0.0
lác-	0.15400958643	0.0605960620919	0.0249876259902	0.760406725488
tíq-	0.00892857142856	0.991071428571	0.0	0.0
lio-	0.4	0.6	0.0	0.0
arf-	0.0	1.0	0.0	0.0
cle-	0.163990825688	0.774082568807	0.0481651376147	0.0137614678899
reb-	0.51376146789	0.376146788991	0.110091743119	0.0
leó-	0.0182232346242	0.85801063022	0.0690964312832	0.0546697038724
bar-	0.090688514119	0.868724549995	0.0111780413588	0.0294088945272
mó̠-	0.0909090909091	0.909090909091	0.0	0.0
adr-	0.0322580645161	0.89247311828	0.0752688172043	0.0
tás-	0.552450036456	0.213053151115	0.146104806596	0.088392005833
zeb-	0.00359066427289	0.996409335727	0.0	0.0
pis-	0.2625	0.7375	0.0	0.0
amó-	0.0530222693531	0.946977730647	0.0	0.0
okx-	0.0158784611615	0.648321489831	0.0382259250184	0.297574123989
mie-	0.0935732647815	0.663496143959	0.16735218509	0.0755784061696
mib-	0.228677379481	0.690976514215	0.0741656365884	0.00618046971569
his-	0.0	0.924369747899	0.0756302521009	0.0
anf-	0.0285714285714	0.971428571429	0.0	0.0
taá-	0.346070550591	0.414094509697	0.0692141101182	0.170620829594
tá̠-	0.523887132349	0.0397666156002	0.0247726457838	0.411573606267
cxú-	0.0942408376963	0.905759162304	0.0	0.0
quí-	0.241314332823	0.451890236721	0.0141326109999	0.292662819456
lot-	0.0225309800976	0.832895230943	0.14457378896	0.0
nín-	0.0	1.0	0.0	0.0
cáh-	0.355895865237	0.173353751914	0.0183767228178	0.452373660031
cwa-	0.584614382962	0.31512012327	0.100265493768	0.0
xká-	0.319016953808	0.129312844303	0.280021096885	0.271649105004
caj-	0.0806841446758	0.0246784931522	0.0108707860274	0.883766576145
fir-	0.171957671958	0.444444444444	0.185185185185	0.198412698413
nay-	0.272032374101	0.424460431655	0.0696942446043	0.23381294964
sua-	0.602979427761	0.120359423031	0.170253014897	0.106408134311
wat-	0.724505336985	0.199167455909	0.00436749686436	0.0719597102414
amá-	0.0917310768507	0.0372841480742	0.00791833676508	0.86306643831
bau-	0.0268200079467	0.932342942916	0.0119200035319	0.0289170456051
chu-	0.16944819213	0.0700734342645	0.016855014135	0.743623359471
tis-	0.388489208633	0.454136690647	0.0494604316546	0.107913669065
lep-	0.0495578893606	0.813020716953	0.130717911067	0.00670348261883
eso-	0.285892634207	0.085393258427	0.0564294631711	0.572284644195
kot-	0.513158706192	0.373486833336	0.113354460472	0.0
asá-	0.0	0.857142857143	0.0	0.142857142857
pát-	0.0	1.0	0.0	0.0
spi-	0.0175746924429	0.977152899824	0.00527240773286	0.0
jop-	0.0669527896996	0.862660944206	0.0137339055794	0.056652360515
káx-	0.757094394486	0.129422217436	0.0169619298907	0.0965214581875
tan-	0.243285304956	0.200529126378	0.0732598353018	0.482925733364
pa̠-	0.374491293117	0.432307836768	0.0754070898279	0.117793780287
suá-	0.724381625442	0.222614840989	0.0318021201413	0.0212014134276
cas-	0.475309315044	0.386306179447	0.0645227365834	0.0738617689253
