jer-	0.00642114514975	0.983423426706	0.000546480438276	0.00960894770637
vaj-	0.0194102765419	0.810259094478	0.142445881781	0.0278847471991
agu-	0.462427745665	0.279383429672	0.0963391136801	0.161849710983
tut-	0.642561130208	0.12426470135	0.0465269659159	0.186647202526
gin-	0.0984457202733	0.144648431531	0.0662642712131	0.690641576983
muw-	0.266610465974	0.557065480832	0.13171194335	0.0446121098443
fig-	0.418079096045	0.412429378531	0.169491525424	0.0
del-	0.843996683848	0.0805379243905	0.0123864168848	0.0630789748766
son-	0.657462600079	0.263653129719	0.0204396489594	0.0584446212431
dug-	0.382233681763	0.125093255766	0.0465926984511	0.446080364019
maa-	0.189466484268	0.632010943913	0.158002735978	0.0205198358413
uti-	0.258426966292	0.522471910112	0.168539325843	0.0505617977528
fal-	0.0	1.0	0.0	0.0
pro-	0.517014270033	0.431394072448	0.0296377607025	0.0219538968167
gyu-	0.456575682382	0.342431761787	0.0521091811414	0.14888337469
lol-	0.135747806029	0.369833231699	0.0286343028343	0.465784659437
udi-	0.53926624429	0.057020775011	0.0766170620303	0.327095918668
poy-	0.484620642515	0.376623376623	0.0738209159262	0.0649350649351
hiv-	0.285930408472	0.49621785174	0.154311649017	0.0635400907716
mah-	0.180258940334	0.514792739947	0.0996123995363	0.205335920183
bho-	0.217358490566	0.6	0.0558490566038	0.12679245283
tum-	0.406914976491	0.347549160425	0.152523935104	0.093011927981
nyu-	0.0619514630336	0.816558502558	0.0161038375445	0.105386196864
ruw-	0.0	1.0	0.0	0.0
lis-	0.135540715571	0.447562519758	0.195941839078	0.220954925593
vav-	0.072116488647	0.376662882842	0.0548432265896	0.496377401921
sip-	0.271334130707	0.43546198219	0.232095174445	0.0611087126587
san-	0.238156944847	0.513938190216	0.0433666473315	0.204538217605
mub-	0.194716981132	0.709433962264	0.0301886792453	0.0656603773585
abb-	0.0529567519859	0.906443071492	0.0	0.0406001765225
yal-	0.348755280535	0.221946618169	0.0375947607484	0.391703340548
bhi-	0.270436385986	0.69422249539	0.0138291333743	0.0215119852489
wev-	0.197920565147	0.139595707853	0.142903940775	0.519579786225
pid-	0.616229923922	0.211327134404	0.0304311073542	0.142011834319
los-	0.403759771659	0.48015466796	0.0275248698599	0.0885606905207
vil-	0.475504322767	0.325648414986	0.112391930836	0.0864553314121
nun-	0.0134404886126	0.914887062587	0.00777113600353	0.0639013127971
fiy-	0.72903376216	0.236250344404	0.0115719644787	0.0231439289575
hat-	0.558217377933	0.158293711274	0.0455912809604	0.237897629833
kat-	0.595889221553	0.213276959664	0.140622171207	0.0502116475751
neg-	0.51250135296	0.321896309124	0.0909189306202	0.0746834072952
hem-	0.429482071713	0.3879785207	0.0773601247186	0.105179282869
mil-	0.221930646084	0.676200682602	0.0370748662765	0.0647938050372
dis-	0.255681818182	0.306818181818	0.0681818181818	0.369318181818
tib-	0.0093896713615	0.990610328638	0.0	0.0
gan-	0.582158310346	0.0908851448652	0.0308703363464	0.296086208443
mbi-	0.135261346879	0.439128297559	0.238202523349	0.187407832214
hwi-	0.0925162205469	0.33941001865	0.0782789146024	0.4897948462
ari-	0.267534448208	0.243300998422	0.0294383656387	0.459726187732
swa-	0.4661085621	0.238932113446	0.163866291363	0.131093033091
bay-	0.674268045222	0.241086095275	0.033046671176	0.0515991883273
mig-	0.0699541523755	0.831588247981	0.0252544577945	0.0732031418493
gig-	0.101247531663	0.688652061245	0.122213958638	0.0878864484535
ked-	0.611987381703	0.283911671924	0.104100946372	0.0
paf-	0.00943396226415	0.990566037736	0.0	0.0
hum-	0.0588235294118	0.932773109244	0.0	0.00840336134454
abr-	0.0192788744961	0.945827955961	0.0325032264232	0.00238994311935
bik-	0.694214876033	0.253837072019	0.051948051948	0.0
muy-	0.376208713315	0.345173022624	0.0424592511091	0.236159012952
nen-	0.253770391629	0.126196370923	0.140871841729	0.479161395719
has-	0.11214953271	0.299065420561	0.495327102804	0.0934579439252
ful-	0.540834478855	0.311999676559	0.104855664268	0.0423101803186
olu-	0.120153454232	0.0373202737613	0.0176035780422	0.824922693964
dah-	0.177777777778	0.718518518519	0.103703703704	0.0
126-	0.164835164835	0.054945054945	0.0	0.78021978022
her-	0.0377227493636	0.895047442722	0.0488312890535	0.0183985188614
mul-	0.166214088806	0.532252187842	0.0686222613311	0.232911462021
gaw-	0.0728744939272	0.927125506073	0.0	0.0
ate-	0.139779798947	0.784585926281	0.0296792723791	0.0459550023935
naw-	0.440227030862	0.326356864136	0.114224902448	0.119191202554
dzu-	0.624524009181	0.214017127485	0.0757102281877	0.0857486351468
kam-	0.363704274342	0.141816653827	0.0515909143965	0.442888157434
kle-	0.020202020202	0.959595959596	0.020202020202	0.0
sin-	0.101047837078	0.402325798401	0.299272372392	0.197353992129
tag-	0.625203518034	0.151904494315	0.0714615532927	0.151430434358
pat-	0.38444462105	0.433086969191	0.0797372115818	0.102731198177
kov-	0.168269230769	0.774038461538	0.0576923076923	0.0
hud-	0.442225392297	0.44365192582	0.0570613409415	0.0570613409415
maw-	0.239185121036	0.561631407481	0.0951241975614	0.104059273922
jor-	0.00223713646533	0.995525727069	0.00223713646533	0.0
noy-	0.538691748611	0.461308251389	0.0	0.0
lom-	0.719771185528	0.150211824365	0.0361705337051	0.0938464564022
nye-	0.46731152557	0.272611918848	0.146863625033	0.113212930549
gen-	0.137782045127	0.436149783965	0.400144023044	0.0259241478637
saw-	0.0805789587384	0.50140419097	0.0184705119896	0.399546338302
ake-	0.0	1.0	0.0	0.0
jam-	0.0769230769231	0.824175824176	0.03663003663	0.062271062271
mar-	0.0963593947861	0.618579973637	0.0333242391369	0.25173639244
bej-	0.542510837831	0.390604264354	0.0315845350792	0.0353003627356
lal-	0.467060131725	0.185185185185	0.0564536823198	0.29130100077
vel-	0.522626096688	0.348734891729	0.0463726773968	0.082266334187
guv-	0.174066628764	0.380171088569	0.220107424759	0.225654857908
por-	0.135593220339	0.864406779661	0.0	0.0
euf-	0.0	1.0	0.0	0.0
alf-	0.0131948226029	0.973610354794	0.0131948226029	0.0
pas-	0.110104959868	0.839473142622	0.0135830417781	0.0368388557316
sig-	0.118788724138	0.664575073666	0.126042881277	0.0905933209182
nge-	0.0772058823529	0.867647058824	0.0551470588235	0.0
ngi-	0.0163380670068	0.941679305115	0.02688542672	0.0150972011581
miu-	0.205928459456	0.674077240986	0.0513039760582	0.0686903235001
ped-	0.0203622788784	0.951766851907	0.0111992533831	0.0166716158317
say-	0.275071287133	0.143710132917	0.0979610841751	0.483257495775
tso-	0.108742662959	0.80640510761	0.0395427865307	0.0453094428998
gug-	0.334578859534	0.389678893717	0.149317736068	0.126424510682
zor-	0.0	1.0	0.0	0.0
500-	0.510869565217	0.152173913043	0.0	0.336956521739
asi-	0.053108026554	0.917441158721	0.0108630054315	0.0185878092939
gun-	0.288208739513	0.468334379373	0.181957839823	0.0614990412907
nan-	0.245883994742	0.258275147497	0.126999438117	0.368841419644
uva-	0.392178046672	0.500864304235	0.106957649092	0.0
rer-	0.418892504279	0.173738428363	0.330130895565	0.0772381717926
ses-	0.0685715800356	0.0434436875447	0.0127229835396	0.87526174888
153-	0.14371257485	0.0	0.0359281437126	0.820359281437
phr-	0.842197035745	0.121185701831	0.0	0.0366172624237
hid-	0.540204608471	0.106905535902	0.0458934888613	0.306996366765
usi-	0.876288659794	0.0824742268041	0.0	0.0412371134021
wom-	0.436730363496	0.333715980067	0.0487056491089	0.180848007329
nog-	0.297583721916	0.321746502755	0.314963967783	0.0657058075455
aso-	0.0634920634921	0.84126984127	0.0	0.0952380952381
yis-	0.647040457902	0.171791837239	0.0554373176867	0.125730387172
mel-	0.108576852306	0.794024150333	0.0526875775804	0.0447114197804
kri-	0.00572927729587	0.967409712216	0.00335260314709	0.0235084073413
wha-	0.208657739022	0.254126440361	0.0981002802865	0.43911554033
hah-	0.737430167598	0.0335195530726	0.162011173184	0.0670391061452
mir-	0.0333665959835	0.205750280654	0.027753523762	0.733129599601
isa-	0.0252388678565	0.958454201288	0.00196666502778	0.0143402658276
joe-	0.0	1.0	0.0	0.0
mus-	0.0804916732752	0.879064234734	0.0392545598731	0.00118953211736
eut-	0.0	0.970149253731	0.0298507462687	0.0
pud-	0.0281690140845	0.971830985915	0.0	0.0
dio-	0.0909090909091	0.909090909091	0.0	0.0
yom-	0.21327757449	0.496602195504	0.0360690015682	0.254051228437
bab-	0.0087384421916	0.972447459027	0.0013964580742	0.0174176407073
div-	0.620376375918	0.233339938072	0.0675155473891	0.0787681386206
pfo-	0.313253012048	0.542168674699	0.0803212851405	0.0642570281124
eno-	0.0982110259219	0.41694048923	0.0912741876598	0.393574297189
oyu-	0.120793510467	0.256000357861	0.00649800880763	0.616708122864
war-	0.591799351839	0.0902259170542	0.0394532901226	0.278521440985
hur-	0.530612244898	0.428571428571	0.0408163265306	0.0
kom-	0.251340834998	0.210221895047	0.402776317173	0.135660952782
kod-	0.207037623452	0.136294561223	0.236300522049	0.420367293276
ali-	0.0	1.0	0.0	0.0
jud-	0.012729498164	0.975356997144	0.00269277845777	0.00922072623419
zam-	0.552441613588	0.257607926398	0.0820948336872	0.107855626327
non-	0.227845665352	0.597036466853	0.0923698643318	0.0827480034639
mip-	0.174331905224	0.698085071129	0.0603593154544	0.0672237081923
wor-	0.419278732727	0.460734748905	0.0384226491405	0.0815638692281
mal-	0.107124933103	0.644151903669	0.141126555032	0.107596608196
tod-	0.677211103938	0.165267914784	0.0606843124597	0.0968366688186
thi-	0.136336403804	0.754137646971	0.0932374747248	0.0162884745001
sab-	0.03033606334	0.935813766692	0.00172119508312	0.0321289748849
nyi-	0.0443876320885	0.0231502258639	0.00429643154808	0.928165710499
aki-	0.0	1.0	0.0	0.0
nin-	0.641867854282	0.12878429838	0.0435947004506	0.185753146888
ayo-	0.389544474052	0.265956096942	0.122763608679	0.221735820327
veg-	0.59071449902	0.199668915909	0.0705065208576	0.139110064213
roh-	0.0	1.0	0.0	0.0
dhu-	0.502995895804	0.343334441537	0.124750726143	0.0289189365161
riv-	0.0378548895899	0.18927444795	0.772870662461	0.0
yif-	0.446153846154	0.276923076923	0.0692307692308	0.207692307692
lov-	0.76961803098	0.11628463447	0.0225126644843	0.0915846700659
tuw-	0.124031007752	0.875968992248	0.0	0.0
sir-	0.079419760163	0.795894508039	0.031015362962	0.0936703688359
ghi-	0.369684499314	0.303840877915	0.172839506173	0.153635116598
lim-	0.168739657611	0.286188284141	0.183650750669	0.361421307579
jaf-	0.0	1.0	0.0	0.0
mab-	0.0511755793726	0.918859772179	0.0235677010269	0.00639694742158
esr-	0.0	1.0	0.0	0.0
red-	0.75	0.0520833333333	0.15625	0.0416666666666
fak-	0.448258916915	0.438804657215	0.0202115424634	0.0927248834067
and-	0.334575521137	0.582508442995	0.0174682659835	0.0654477698847
ALL	0.231165965699	0.312391301708	0.058772765908	0.397669966686
ana-	0.263978307002	0.455227460188	0.0572693322283	0.223524900581
kha-	0.273464024513	0.0744045804908	0.022904280478	0.629227114518
per-	0.0	1.0	0.0	0.0
ger-	0.213333333333	0.746666666667	0.0133333333333	0.0266666666667
hwe-	0.314034336178	0.103535769598	0.130490658055	0.451939236168
sok-	0.0376254180602	0.827201783724	0.135172798216	0.0
lum-	0.425108857159	0.282681749057	0.0783344418536	0.213874951931
rur-	0.477611940299	0.455223880597	0.0223880597015	0.044776119403
liv-	0.127784419944	0.150718746567	0.119488850701	0.602007982788
wis-	0.86302713305	0.0938215102975	0.0	0.0431513566525
tel-	0.681694884041	0.143760516634	0.0374830575524	0.137061541773
yev-	0.230179028133	0.57800511509	0.0109609061016	0.180854950676
lid-	0.120477852843	0.717109297914	0.0993308001871	0.0630820490556
guy-	0.202658899231	0.0914147795023	0.0236065169532	0.682319804313
yed-	0.459881292592	0.268190811167	0.133435919982	0.138491976258
gas-	0.0559610054878	0.046222090708	0.0041553885837	0.893661515221
ata-	0.657034269657	0.131792293365	0.0290909873925	0.182082449586
tsh-	0.312855079423	0.361623637916	0.122013776094	0.203507506567
far-	0.0241206030151	0.975879396985	0.0	0.0
khw-	0.30653292903	0.107435236269	0.088181201898	0.497850632803
rud-	0.373464373464	0.353808353808	0.199017199017	0.07371007371
muh-	0.0691088671076	0.707794295617	0.0430869165321	0.180009920743
gos-	0.884210526316	0.021052631579	0.0947368421053	0.0
giy-	0.168747230982	0.680722420578	0.0242370540252	0.126293294415
lev-	0.149882849861	0.503128086763	0.278463856334	0.0685252070424
sed-	0.307897748951	0.355589469668	0.219000381534	0.117512399847
num-	0.203060677476	0.662061152862	0.0562877400952	0.078590429567
kla-	0.0	1.0	0.0	0.0
haw-	0.753811060949	0.130964003655	0.0572015371152	0.0580233982807
ami-	0.0	1.0	0.0	0.0
riy-	0.407518796993	0.357894736842	0.117293233083	0.117293233083
ome-	0.0	0.974522292994	0.0254777070064	0.0
ram-	0.372545305298	0.542211277388	0.0587232430385	0.0265201742754
tsa-	0.472948657698	0.3191520428	0.139160586387	0.0687387131147
adi-	0.6107350567	0.124029876875	0.0361838906071	0.229051175818
bug-	0.44930130138	0.432911465278	0.0835909397915	0.0341962935511
hos-	0.396363625662	0.434708009971	0.0960007534087	0.0729276109586
tal-	0.455271205938	0.370088111901	0.0717379233121	0.102902758849
gid-	0.0829701281938	0.781565291611	0.0926132618968	0.0428513182983
mez-	0.401775804662	0.472807991121	0.112097669256	0.0133185349611
epi-	0.106060606061	0.242424242424	0.651515151515	0.0
kos-	0.0	1.0	0.0	0.0
lem-	0.346575417878	0.439248762086	0.154790706299	0.0593851137374
rod-	0.355056068028	0.420423183073	0.203635097839	0.0208856510605
paw-	0.00553084943384	0.967823909713	0.0028027953212	0.0238424455323
nem-	0.209677419355	0.370967741936	0.41935483871	0.0
kye-	0.241071428571	0.741071428571	0.0	0.0178571428571
wan-	0.0707888417966	0.0794734955237	0.0170575522401	0.83268011044
pon-	0.00802790653223	0.95383953744	0.0120418597984	0.0260906962298
esk-	0.0	0.888888888889	0.0	0.111111111111
hig-	0.857142857143	0.0	0.0285714285714	0.114285714286
enx-	0.0	1.0	0.0	0.0
pwe-	0.417767841181	0.443769559983	0.0900216896378	0.0484409091986
nga-	0.359942308805	0.0649769887681	0.00843609110512	0.566644611321
lun-	0.100303951368	0.210106382979	0.689589665654	0.0
seg-	0.715736335151	0.158543189819	0.0731112916328	0.0526091833972
pin-	0.344397042557	0.540367445104	0.0733316896699	0.0419038226685
tse-	0.635144161577	0.218056865837	0.078989663887	0.0678093086993
ili-	0.0229007633588	0.748091603053	0.0	0.229007633588
lam-	0.542184053949	0.352726235737	0.0473107622111	0.0577789481027
nar-	0.212447751001	0.0694485603943	0.0235269467396	0.694576741865
gat-	0.291066282421	0.215778097983	0.111671469741	0.381484149856
wun-	0.180453720324	0.420091879887	0.312989950004	0.0864644497855
sat-	0.0479671816224	0.394855637362	0.0177103998863	0.539466781129
pur-	0.291666666667	0.604166666667	0.104166666667	0.0
gur-	0.215271082237	0.372878520532	0.0527298066482	0.359120590583
ziv-	0.289855072464	0.594202898551	0.0869565217391	0.0289855072463
esl-	0.0	1.0	0.0	0.0
the-	0.555754644919	0.225189779823	0.05552787616	0.163527699098
rak-	0.158311345646	0.841688654354	0.0	0.0
gud-	0.313697199006	0.43700755518	0.161781631043	0.0875136147706
nad-	0.300715990453	0.305663891961	0.183363408813	0.210256708772
yad-	0.10509769756	0.502773739484	0.339907734456	0.0522208285005
kis-	0.148387096774	0.729032258065	0.0387096774194	0.0838709677419
sun-	0.0258620689655	0.974137931034	0.0	0.0
vhi-	0.484539471694	0.346888229587	0.118875942647	0.0496963560712
vby-	0.838174273859	0.112033195021	0.0497925311203	0.0
12.-	0.0	0.76	0.0	0.24
ghu-	0.497890295359	0.130801687764	0.101265822785	0.270042194093
wow-	0.200581139385	0.417715946113	0.113146077309	0.268556837193
fle-	0.0	1.0	0.0	0.0
mom-	0.112049266044	0.161780084434	0.0661528331849	0.660017816337
ban-	0.552170007069	0.0568178058568	0.0260876953288	0.364924491745
hal-	0.538516513648	0.178902864017	0.0574572343399	0.225123387996
miv-	0.0787416232315	0.213142218913	0.208860759494	0.499255398362
azo-	0.0148514851485	0.970297029703	0.0148514851485	0.0
ter-	0.0	0.955223880597	0.0298507462686	0.0149253731344
wen-	0.211376755879	0.640464247794	0.138273593771	0.00988540255556
guk-	0.154888315319	0.424661919752	0.0846452738807	0.335804491048
dze-	0.586744206785	0.13004440723	0.0326282764623	0.250583109523
bwe-	0.501000116609	0.144229418944	0.0531872785614	0.301583185886
wug-	0.420622127016	0.33904033079	0.0675831481764	0.172754394018
nam-	0.382981676846	0.417406996113	0.0882842865074	0.111327040533
dzo-	0.198279505731	0.604808433406	0.0697396882225	0.127172372641
ale-	0.0412682435833	0.908404630096	0.0503271263211	0.0
hol-	0.517196761569	0.240422071266	0.0583628336728	0.184018333493
sid-	0.135190198001	0.506291657516	0.226164788552	0.13235335593
vbu-	0.629606792739	0.186878886331	0.0723321849938	0.111182135936
oli-	0.0	1.0	0.0	0.0
owu-	0.338918142652	0.189564384873	0.0804212541886	0.391096218286
muf-	0.0721626988733	0.791847708579	0.0281494491862	0.107840143361
10.-	0.16835296069	0.539890529109	0.191574058716	0.100182451484
mod-	0.701911589008	0.166069295102	0.0908004778973	0.0412186379928
avb-	0.129379941587	0.0682796334179	0.0164986637967	0.785841761199
yit-	0.480437603592	0.346465524171	0.094319038742	0.0787778334948
net-	0.050916496945	0.057917515275	0.0409877800407	0.850178207739
gib-	0.0692733147144	0.883850829637	0.0159903619736	0.0308854936751
ivh-	0.0869293376917	0.706634052169	0.196016058618	0.0104205515214
kon-	0.559041057213	0.299383610116	0.0871232816436	0.0544520510273
wuh-	0.0860986788771	0.771147959928	0.0659887761816	0.0767645850129
eli-	0.0817861983887	0.778457637186	0.0125649187468	0.127191245678
fut-	0.545002073828	0.221070095396	0.19493985898	0.0389879717959
nay-	0.0752414319517	0.571664836695	0.0176541794718	0.335439551882
hwa-	0.127573592783	0.159730335357	0.128435447111	0.584260624749
mut-	0.130962097415	0.580458283159	0.0337028243518	0.254876795075
maf-	0.0502973217703	0.823025867461	0.0550768742473	0.0715999365216
vay-	0.146678346956	0.119155957373	0.0230062001922	0.71115949548
gio-	0.0818181818182	0.643181818182	0.138636363636	0.136363636364
had-	0.170358437374	0.101490132904	0.0277889649617	0.70036246476
7.0-	0.287671232877	0.369863013699	0.123287671233	0.219178082192
siv-	0.146659457726	0.451538032987	0.163249615055	0.238552894232
pan-	0.298038229376	0.578722334004	0.0815607933314	0.0416786432883
guh-	0.234635277882	0.433172913298	0.19204258121	0.14014922761
yim-	0.115426494113	0.112515355489	0.34097376169	0.431084388708
sen-	0.466035634744	0.388827023014	0.0727542687454	0.0723830734967
tul-	0.605814879801	0.203041182049	0.106852136722	0.0842918014276
tiv-	0.668746066274	0.126974926141	0.0505197685113	0.153759239074
hoh-	0.48988764045	0.321348314607	0.141573033708	0.0471910112359
yam-	0.389635316699	0.230326295585	0.166986564299	0.213051823416
fen-	0.510321364076	0.303904059703	0.0708377814804	0.11493679474
wuy-	0.521804510124	0.142600298842	0.0387139676509	0.296881223383
khe-	0.368234753573	0.0936084690179	0.0216254706674	0.516531306742
lir-	0.418483780393	0.353904056395	0.0412211004242	0.186391062787
pfh-	0.0568263210415	0.902424814084	0.0123211723053	0.0284276925688
lat-	0.114396415507	0.183813502457	0.319920344596	0.38186973744
pen-	0.466985616019	0.379341801074	0.0939939099336	0.0596786729736
gev-	0.329905890554	0.244823980481	0.03764377832	0.387626350645
pra-	0.00797872340426	0.898271276596	0.0857712765957	0.00797872340426
ape-	0.0	1.0	0.0	0.0
uwe-	0.0940198174037	0.0765390794068	0.0100016374362	0.819439465753
apw-	0.632835820896	0.192537313433	0.0805970149254	0.0940298507462
dun-	0.725160652496	0.145514087988	0.0259515570934	0.103373702422
vaw-	0.0817832574745	0.370407272581	0.081245209728	0.466564260216
vet-	0.685934276706	0.201157712449	0.0547464140581	0.0581615967877
isr-	0.0208705734577	0.948499927533	0.00830958017295	0.0223199188367
vap-	0.0739109055701	0.798505075011	0.0600365073095	0.0675475121097
lab-	0.246808510638	0.6	0.0382978723404	0.114893617021
zun-	0.561877138182	0.225122713074	0.0975011155734	0.11549903317
zon-	0.79869247812	0.170203326362	0.00948941558166	0.0216147799359
mbu-	0.503184189138	0.199384767333	0.22793444377	0.0694965997593
ino-	0.290950147646	0.346013548723	0.109431995831	0.253604307799
bas-	0.0529023434754	0.0667797823322	0.062533151837	0.817784722355
mim-	0.185437906398	0.541623183752	0.240427069118	0.0325118407321
dir-	0.674629515461	0.109105784519	0.0206854833102	0.19557921671
eng-	0.525784675169	0.105074232762	0.112582204065	0.256558888003
pfa-	0.360159706485	0.525326427107	0.0924571058595	0.0220567605482
lor-	0.517502365185	0.340586565752	0.113528855251	0.0283822138127
yes-	0.273913043478	0.634782608696	0.0391304347826	0.0521739130435
zom-	0.38737446198	0.432568149211	0.158536585366	0.0215208034433
teo-	0.111269614836	0.831669044223	0.0256776034237	0.0313837375178
ang-	0.542418169673	0.21910487642	0.0280561122244	0.210420841683
pun-	0.0943310657596	0.863038548753	0.0208616780045	0.021768707483
yar-	0.474537565654	0.276318794245	0.021466088148	0.227677551953
wur-	0.088787322519	0.124152399505	0.509496871839	0.277563406136
tur-	0.307692307692	0.692307692308	0.0	0.0
day-	0.403789056977	0.148876007352	0.423582638202	0.0237522974692
666-	0.0	0.0	0.0	1.0
tud-	0.634517766497	0.117258883249	0.147715736041	0.100507614213
sod-	0.250619103343	0.511044930795	0.169808988336	0.0685269775262
20.-	0.503597122302	0.0291556228702	0.0	0.467247254828
kun-	0.485081097084	0.333587092136	0.0673518154328	0.113979995348
ndr-	0.141900080459	0.595132340112	0.103265227732	0.159702351696
har-	0.0	1.0	0.0	0.0
kan-	0.313986246667	0.571291984472	0.063252002291	0.0514697665702
zab-	0.0	1.0	0.0	0.0
agi-	0.343735103223	0.166953907081	0.428367129918	0.0609438597778
lig-	0.25834818093	0.578615629251	0.107669023124	0.0553671666954
diy-	0.689879900499	0.0477809168983	0.00270139459496	0.259637788008
nav-	0.0600048768984	0.0443902900653	0.0379411677818	0.857663665254
fis-	0.725837422658	0.0744612758694	0.0153616385748	0.184339662897
sio-	0.0776119402985	0.913432835821	0.0089552238806	0.0
pwa-	0.498437107398	0.146523600819	0.0227901676705	0.332249124113
uya-	0.47086036905	0.258530223449	0.0318932515983	0.238716155902
mum-	0.0831936601956	0.163295526663	0.155826403919	0.597684409223
daw-	0.895424836601	0.0522875816993	0.0522875816993	0.0
vak-	0.141491213257	0.658134788042	0.112692276907	0.0876817217945
kum-	0.0322580645161	0.677419354839	0.161290322581	0.129032258065
kow-	0.051724137931	0.48275862069	0.336206896552	0.129310344828
100-	0.121212121212	0.80303030303	0.0	0.0757575757576
abh-	0.00746036680137	0.958035436742	0.0289089213553	0.00559527510103
vad-	0.284716956585	0.231969283009	0.410692638808	0.0726211215976
ken-	0.484136310223	0.256952604779	0.160203681943	0.0987074030553
rej-	0.0	1.0	0.0	0.0
eta-	0.104164083232	0.368071228392	0.454849830113	0.0729148582624
mat-	0.0878037673622	0.792992125424	0.0556868508669	0.0635172563465
phu-	0.209856405073	0.61351445399	0.0266067942147	0.150022346722
nya-	0.0195328497406	0.0456223644929	0.0149935441669	0.9198512416
aka-	0.00328587075574	0.993428258489	0.0	0.00328587075575
mad-	0.107581458722	0.746013914079	0.101468106801	0.0449365203974
tsu-	0.78021978022	0.0494505494506	0.00549450549451	0.164835164835
vas-	0.155202710463	0.647367060985	0.0921930630527	0.105237165499
par-	0.0721257237387	0.78064516129	0.0817204301076	0.0655086848635
yip-	0.0980367637864	0.702638489434	0.180567712892	0.0187570338877
ala-	0.621334335153	0.151466265939	0.0603301584495	0.166869240459
jul-	0.0124223602484	0.975155279503	0.0	0.0124223602484
sik-	0.179667349141	0.48177660339	0.301681838989	0.0368742084803
nah-	0.0290697674419	0.53488372093	0.436046511628	0.0
mba-	0.273060726109	0.185782218686	0.0417855638985	0.499371491306
wud-	0.54103562397	0.284939136493	0.0491700163427	0.124855223194
ane-	0.411735743551	0.315004659832	0.200636550669	0.0726230459477
eye-	0.369565217391	0.347826086957	0.0217391304348	0.260869565217
tha-	0.379757700575	0.273026288069	0.190518021992	0.156697989365
anu-	0.224872231687	0.284497444634	0.321976149915	0.168654173765
geh-	0.462392108508	0.380394574599	0.157213316893	0.0
fek-	0.401162790698	0.406976744186	0.0872093023256	0.104651162791
yen-	0.535294117647	0.216176470588	0.172058823529	0.0764705882353
gay-	0.110135231542	0.771041742632	0.0118902294022	0.106932796423
ahi-	0.112723456611	0.134508214518	0.0243178692914	0.728450459579
wid-	0.48320487328	0.192237865014	0.0262550624788	0.298302199227
kin-	0.119909034526	0.66301426504	0.0930328716146	0.124043828819
suz-	0.0	1.0	0.0	0.0
khy-	0.295752191046	0.316330981628	0.12311544697	0.264801380356
dan-	0.64202530262	0.191911905347	0.0723775172829	0.0936852747493
lug-	0.466665175124	0.320191298082	0.127753728793	0.0853897980014
wuk-	0.218022537439	0.412099046113	0.21474818366	0.155130232788
gre-	0.0	0.977272727273	0.0227272727273	0.0
ser-	0.0	0.883116883117	0.116883116883	0.0
hay-	0.0778200374077	0.0868414529411	0.00753662524443	0.827801884407
dza-	0.134547838109	0.248339354928	0.0879783256463	0.529134481316
bam-	0.189536484626	0.363010555301	0.0344194584672	0.413033501606
mis-	0.104382623789	0.822284364303	0.0535654018611	0.0197676100477
ted-	0.437355171095	0.271524668721	0.102139530698	0.188980629485
ran-	0.745959497115	0.117462434756	0.0210773652647	0.115500702864
hul-	0.576312826287	0.279762514075	0.0307093868359	0.113215272802
zel-	0.0	1.0	0.0	0.0
nap-	0.460796139927	0.407478890229	0.0564535585042	0.0752714113389
rin-	0.553660793525	0.109141907253	0.010377202101	0.326820097122
yin-	0.568951110377	0.226267167158	0.119473623132	0.085308099334
eni-	0.20010743532	0.0313154188176	0.00252783291994	0.766049312943
agr-	0.0132231404959	0.981818181818	0.0	0.00495867768595
was-	0.136363636364	0.420454545454	0.375	0.0681818181818
afe-	0.247418290216	0.22612583839	0.0399233471734	0.48653252422
pig-	0.888888888889	0.0740740740741	0.0185185185185	0.0185185185185
sos-	0.161313728121	0.218571951742	0.0194793935844	0.600634926553
mup-	0.0783673301049	0.783990312211	0.104897501382	0.0327448563017
don-	0.45134455579	0.21514732346	0.231458385142	0.102049735608
deg-	0.36817023163	0.177102959105	0.382245372936	0.0724814363294
dog-	0.442444329573	0.371950416071	0.0928026271779	0.0928026271779
leg-	0.617054974368	0.276163881132	0.0577668486642	0.0490142958363
ron-	0.455368693402	0.304010349288	0.120310478655	0.120310478655
rig-	0.684210526316	0.289473684211	0.0263157894737	0.0
nom-	0.277841139031	0.686398587248	0.00640153048085	0.0293587432398
kip-	0.00514138817481	0.98971722365	0.00514138817481	0.0
pam-	0.531346989448	0.364369956549	0.0744878957169	0.0297951582868
mam-	0.17523841415	0.363667013757	0.303436191245	0.157658380848
esa-	0.0	1.0	0.0	0.0
hiy-	0.449848024316	0.261398176292	0.096251266464	0.192502532928
joh-	0.0181267356728	0.94016662459	0.0131784902802	0.0285281494572
mag-	0.12520485072	0.556056950703	0.0288392524872	0.289898946091
sih-	0.26133652816	0.541164969794	0.131248344202	0.0662501578444
sis-	0.143406175415	0.328121130757	0.446665023722	0.0818076701057
wat-	0.049625137136	0.1182725372	0.0518076260877	0.780294699576
ekh-	0.77043322912	0.0888789638231	0.00669941938365	0.133988387673
aug-	0.127388535032	0.872611464968	0.0	0.0
mos-	0.0707078428375	0.885797278704	0.00458645467054	0.0389084237884
kok-	0.497645353085	0.372202803098	0.0482168747822	0.0819349690356
abu-	0.0960235807612	0.0415497548394	0.0565428109855	0.805883853414
tuv-	0.710843373494	0.180722891566	0.0	0.10843373494
sak-	0.376712328767	0.417808219178	0.0205479452055	0.184931506849
yaw-	0.0636134552274	0.0730192217534	0.0184013127051	0.844966010314
reg-	0.717472399111	0.207920419006	0.022382154565	0.0522250273183
kho-	0.261545125674	0.133752069181	0.0623505589444	0.542352246201
map-	0.165163252162	0.65814668234	0.0906162122401	0.0860738532579
hip-	0.677647058824	0.294117647059	0.0	0.0282352941176
law-	0.0911528150134	0.125201072386	0.0908847184987	0.692761394102
ths-	0.869565217391	0.108695652174	0.0	0.0217391304348
sal-	0.0672639916894	0.866770549279	0.0418127515907	0.0241527074406
siw-	0.136792336721	0.746133993778	0.0738455945422	0.043228074959
phi-	0.576999019874	0.184339168584	0.0365153142212	0.202146497321
gih-	0.120913645208	0.676536536521	0.116324581072	0.0862252371992
bha-	0.460934344068	0.502183240198	0.0230046254069	0.013877790327
gab-	0.0	1.0	0.0	0.0
sek-	0.49140625	0.36171875	0.07421875	0.07265625
den-	0.0708661417323	0.291338582677	0.362204724409	0.275590551181
mbe-	0.22711952599	0.367713553259	0.0304600690058	0.374706851746
mya-	0.0208874271537	0.934452714789	0.0222722289539	0.0223876291039
yan-	0.0253396342243	0.0527130838498	0.00929865518194	0.912648626744
wuv-	0.113093211684	0.275685980799	0.51841764826	0.0928031592565
pfe-	0.747091108672	0.177826564215	0.051372118551	0.023710208562
gua-	0.135951232581	0.44453443036	0.365348786687	0.0541655503722
eme-	0.506443680378	0.172679789306	0.0498711715793	0.271005358737
gho-	0.459692494397	0.349674509016	0.0917487828436	0.0988842137437
ufe-	0.442607897153	0.173553719008	0.0110192837465	0.372819100092
min-	0.0681833994295	0.602692548528	0.173937243443	0.155186808599
guz-	0.548267326733	0.310643564356	0.126237623762	0.0148514851485
est-	0.0483870967742	0.766129032258	0.185483870968	0.0
ren-	0.654839934322	0.2295075138	0.0586515795919	0.0570009722863
ant-	0.0171070631435	0.975289797682	0.00190078479372	0.00570235438116
kut-	0.692676923077	0.179323076923	0.0366769230769	0.0913230769231
age-	0.0934180826599	0.681483017449	0.173697812898	0.0514010869932
n'y-	0.00379746835443	0.960759493671	0.0354430379747	0.0
lul-	0.263249687394	0.250191919247	0.327632923361	0.158925469998
tab-	0.191761363636	0.774857954545	0.00142045454545	0.0319602272727
naz-	0.0159701889806	0.980835773223	0.00319403779611	0.0
bot-	0.539393939394	0.351515151515	0.0	0.109090909091
nul-	0.726638772664	0.122733612273	0.0418410041841	0.108786610879
mih-	0.111837946968	0.774176326561	0.0623469707104	0.0516387557606
kre-	0.00519480519481	0.979220779221	0.0	0.0155844155844
hav-	0.58492097947	0.365581612804	0.0223536680053	0.0271437397207
kar-	0.248399487836	0.736235595391	0.0	0.0153649167734
bhe-	0.0275531016788	0.937379314366	0.0133590796018	0.021708504353
ark-	0.0140515222482	0.957845433255	0.0	0.0281030444965
kay-	0.0	0.993617021277	0.0063829787234	0.0
suk-	0.233333333333	0.566666666667	0.0	0.2
wad-	0.0499396900477	0.451810130257	0.438735371119	0.0595148085757
lil-	0.464126353617	0.36865703615	0.0512634863489	0.115953123884
gak-	0.0380184331797	0.183179723502	0.580069124424	0.198732718894
ati-	0.703180212014	0.159010600707	0.0636042402827	0.0742049469965
gyo-	0.137381309345	0.233083458271	0.0705647176412	0.558970514743
van-	0.0792237172028	0.577618457539	0.190388400704	0.152769424553
luz-	0.782607517619	0.0978781089376	0.063544221854	0.0559701515892
gik-	0.109264310411	0.352832066307	0.105083473293	0.432820149989
hef-	0.235249263778	0.644325830879	0.0308293016407	0.0895956037021
ugo-	0.208322695941	0.186877712535	0.200153178453	0.404646413071
kem-	0.561303811719	0.261780946765	0.0812201790597	0.0956950624564
giw-	0.132422673525	0.718710480691	0.0812066832722	0.0676601625122
mun-	0.13589475175	0.301027520838	0.0337500787584	0.529327648654
era-	0.0	1.0	0.0	0.0
lel-	0.120561694893	0.154106453933	0.0637546589943	0.661577192179
gir-	0.536200937608	0.25094233404	0.0405128041833	0.172343924169
jek-	0.0	1.0	0.0	0.0
nel-	0.108527131783	0.891472868217	0.0	0.0
siz-	0.038961038961	0.961038961039	0.0	0.0
one-	0.00966183574879	0.980676328502	0.0	0.00966183574879
vae-	0.0412654745529	0.928473177442	0.0302613480055	0.0
fij-	0.0689655172414	0.931034482759	0.0	0.0
gog-	0.232883092687	0.168840242198	0.115742897066	0.482533768048
saf-	0.0694774346793	0.673990498812	0.219714964371	0.0368171021378
vha-	0.129690277908	0.862449705249	0.00786001684289	0.0
hif-	0.441449814126	0.210966542751	0.102230483271	0.245353159851
jup-	0.0	1.0	0.0	0.0
sil-	0.117430496731	0.641684371362	0.0487874808191	0.192097651088
430-	0.415094339623	0.0	0.0	0.584905660377
evo-	0.133333333333	0.866666666667	0.0	0.0
pri-	0.00662251655628	0.940397350993	0.0066225165563	0.0463576158941
jas-	0.0229738353542	0.91959157626	0.0574345883854	0.0
lib-	0.0608849391334	0.842924062354	0.0364733209341	0.0597176775785
nis-	0.254607903828	0.252151686403	0.0822732991194	0.41096711065
gye-	0.0487804878049	0.341463414634	0.341463414634	0.268292682927
ule-	0.339557517996	0.446197857554	0.0485082168566	0.165736407593
gus-	0.312142820552	0.504111880978	0.111829674476	0.0719156239945
may-	0.045632824113	0.850302158953	0.0435662418723	0.0604987750612
him-	0.667668612174	0.179431113421	0.0976896869297	0.0552105874753
tik-	0.00790513833992	0.99209486166	0.0	0.0
idh-	0.0	0.962264150943	0.0	0.0377358490566
nuw-	0.186886574225	0.23347752787	0.0669916489146	0.51264424899
bhu-	0.650116369279	0.232479958624	0.0693043703129	0.0480993017844
egi-	0.221190549881	0.352419271639	0.0599057739262	0.366484404553
pim-	0.588387662429	0.217783646408	0.0636034399672	0.130225251196
run-	0.480452392599	0.42090884146	0.0546879660228	0.0439507999189
lik-	0.0606710273968	0.316761829756	0.232019280552	0.390547862294
way-	0.0284095796316	0.03366879247	0.0497413401162	0.888180287782
umo-	0.114712627914	0.114689769203	0.0188965338575	0.751701069026
sag-	0.115066354931	0.222251498364	0.104260123338	0.558422023367
tro-	0.00999666777741	0.982005998001	0.00399866711096	0.00399866711096
bom-	0.57708607336	0.18588338448	0.102002045886	0.135028496274
nov-	0.0222469906375	0.964645563977	0.00187249219795	0.0112349531877
gol-	0.679786763903	0.13156609644	0.0591626536144	0.129484486043
iyo-	0.214774399744	0.0883064739607	0.0331919033925	0.663727222903
uri-	0.29498122226	0.357118470468	0.0204848071014	0.327415500171
giv-	0.0610028320481	0.829460688335	0.0645678249512	0.0449686546655
wot-	0.470756062767	0.315263908702	0.0	0.213980028531
vaf-	0.0558370856148	0.635701846593	0.201164122437	0.107296945355
nag-	0.302359006817	0.246212271055	0.0708097630445	0.380618959083
idz-	0.188093738373	0.129986576911	0.103329018487	0.578590666228
mud-	0.245202989295	0.519289032519	0.170470611998	0.0650373661886
liz-	0.118787116131	0.296585006013	0.0304290283787	0.554198849477
sew-	0.18567961165	0.679611650486	0.0837378640777	0.0509708737864
itu-	0.0	0.989690721649	0.0103092783505	0.0
adz-	0.246666666667	0.22	0.0	0.533333333333
bvu-	0.526315789474	0.210526315789	0.210526315789	0.0526315789474
klo-	0.161290322581	0.741935483871	0.0645161290322	0.0322580645161
eyi-	0.191843480293	0.221775203245	0.225264177086	0.361117139375
ras-	0.0	1.0	0.0	0.0
gul-	0.298110072664	0.410720512303	0.191154176954	0.100015238078
nal-	0.113745130773	0.644407345576	0.0416249304396	0.200222593211
man-	0.304628021173	0.24398580992	0.0586936664883	0.392692502419
men-	0.0	1.0	0.0	0.0
ava-	0.0973734234105	0.105286226508	0.0166424116765	0.780697938405
iko-	0.0	0.986754966887	0.0132450331126	0.0
mug-	0.194221508828	0.459470304976	0.32062600321	0.0256821829855
rwe-	0.676014021032	0.266900350526	0.0510766149224	0.00600901352027
tap-	0.333333333333	0.111111111111	0.0634920634921	0.492063492063
lup-	0.0650623291781	0.0729284714352	0.0393307112859	0.822678488101
hez-	0.0	1.0	0.0	0.0
sol-	0.291794347974	0.46101464079	0.170582226762	0.076608784474
ame-	0.00137535816619	0.0893982808023	0.02888252149	0.880343839542
hok-	0.28813559322	0.0254237288136	0.635593220339	0.0508474576271
pfi-	0.326462702423	0.564603978483	0.0431686218081	0.0657646972857
uye-	0.125297090382	0.131240963383	0.00569752778474	0.73776441845
iso-	0.176151635999	0.151268270452	0.0222043103432	0.650375783206
hut-	0.301684532925	0.186830015314	0.425727411945	0.0857580398162
bos-	0.0	1.0	0.0	0.0
nig-	0.31992676956	0.287308082158	0.126705989994	0.266059158288
laz-	0.00237906423474	0.973830293418	0.00237906423474	0.0214115781126
aza-	0.0	1.0	0.0	0.0
avo-	0.0721840402046	0.0942956301289	0.0181420213982	0.815378308268
job-	0.0	0.960784313725	0.0	0.0392156862745
rwa-	0.651324186343	0.195782812168	0.0539778770474	0.0989151244416
end-	0.555773445611	0.279501672626	0.0752105202446	0.089514361518
hek-	0.766666666667	0.1	0.1	0.0333333333333
buz-	0.0514680778423	0.858569477637	0.0145100716968	0.0754523728235
ket-	0.44766418787	0.431781305276	0.0495271700132	0.0710273368406
afa-	0.858998144712	0.0612244897959	0.0278293135436	0.051948051948
dru-	0.0	0.962962962963	0.037037037037	0.0
nil-	0.0514282049432	0.854838580373	0.0264556627144	0.0672775519693
lag-	0.0708771776075	0.103187427399	0.028439424941	0.797495970052
adr-	0.0845070422535	0.915492957747	0.0	0.0
nug-	0.132197577387	0.0859615069202	0.22838367639	0.553457239303
mon-	0.0884819625205	0.705046748974	0.0746044060406	0.131866882465
alo-	0.0333333333333	0.9	0.0333333333333	0.0333333333334
tho-	0.172115565755	0.735233169495	0.0449555582196	0.0476957065301
ano-	0.792452830189	0.0377358490566	0.0	0.169811320755
fag-	0.276150627615	0.698744769875	0.0	0.0251046025104
mye-	0.207910289438	0.767540536445	0.00818305803908	0.0163661160782
wuz-	0.165124272872	0.722765732417	0.0790586991011	0.0330512956108
lap-	0.45288912025	0.312857886517	0.101509630401	0.132743362832
aho-	0.0270545792514	0.0246756474165	0.00592040118701	0.942349372145
sef-	0.311111111111	0.644444444444	0.0444444444445	0.0
hit-	0.369016536118	0.305700609225	0.208877284595	0.116405570061
las-	0.0411437614013	0.869711422229	0.0737159058441	0.0154289105255
pem-	0.471062714257	0.25965222517	0.135263002777	0.134022057797
eti-	0.11684370258	0.47344461305	0.364188163885	0.0455235204856
vin-	0.385174418605	0.388081395349	0.0261627906977	0.200581395349
esp-	0.0	1.0	0.0	0.0
hor-	0.0695952615992	0.767522211254	0.162882527147	0.0
vba-	0.281924233389	0.249698608202	0.053724568695	0.414652589713
pad-	0.679593012094	0.201382223075	0.0706469571895	0.0483778076406
yey-	0.49839284109	0.191856179206	0.080492838311	0.229258141393
mib-	0.223595213319	0.616024973985	0.117065556712	0.0433142559834
enu-	0.0870007140698	0.019201399834	0.00737614749722	0.886421738599
dhi-	0.0943396226415	0.77358490566	0.0943396226415	0.0377358490566
dum-	0.436974789916	0.390756302521	0.0126050420168	0.159663865546
bar-	0.0	0.962264150943	0.0377358490566	0.0
zeb-	0.16622379687	0.819604369649	0.00177147918512	0.0124003542958
pis-	0.0235294117647	0.952941176471	0.0	0.0235294117647
lih-	0.149707630273	0.806904622586	0.0228880317487	0.0204997153923
ten-	0.211400220906	0.441450739674	0.126659061691	0.220489977728
pet-	0.450837581937	0.469045884923	0.0582665695557	0.0218499635834
anf-	0.0	1.0	0.0	0.0
apo-	0.0167832167832	0.983216783217	0.0	0.0
fan-	0.248911092132	0.180791197778	0.164015610361	0.406282099729
amb-	0.169731574777	0.0948336300624	0.0420099632021	0.693424831959
von-	0.162790697674	0.046511627907	0.395348837209	0.395348837209
gia-	0.1171875	0.8828125	0.0	0.0
kef-	0.101616628176	0.642032332563	0.103926096998	0.152424942263
aro-	0.200379666737	0.384412571187	0.053047880194	0.362159881882
uyo-	0.465491923642	0.14684287812	0.143906020558	0.24375917768
lot-	0.0	1.0	0.0	0.0
sez-	0.0587724148827	0.933644047713	0.00663559522869	0.000947942175526
kuy-	0.927272727273	0.0727272727273	0.0	0.0
gil-	0.127843106194	0.479614520418	0.0591310793473	0.333411294041
300-	0.267639902676	0.476885644769	0.07299270073	0.182481751825
lif-	0.15685113939	0.603432968334	0.0621485646641	0.177567327612
fes-	0.0235725510739	0.970141435306	0.00314300680984	0.00314300680985
guw-	0.24852715174	0.547853185414	0.126881286828	0.0767383760182
tis-	0.413897280967	0.175226586103	0.365558912387	0.0453172205438
dhe-	0.0132275132275	0.906084656085	0.0132275132275	0.0674603174603
kot-	0.0899934271545	0.230379536368	0.0215890698514	0.658037966627
ilo-	0.287355729065	0.17518797768	0.0381215640568	0.499334729199
fun-	0.317050788137	0.5560062464	0.0524329639956	0.0745100014674
wak-	0.247662616966	0.175936927588	0.0551257725059	0.52127468294
muj-	0.00653120464442	0.813134978229	0.169448476052	0.010885341074
gim-	0.304511074793	0.149574159433	0.059933127301	0.485981638473
jop-	0.0229007633588	0.969465648855	0.0	0.00763358778626
now-	0.0568948891031	0.943105110897	0.0	0.0
tan-	0.408086421665	0.369782444467	0.114247039562	0.107884094305
wab-	0.00842696629213	0.173220973783	0.00842696629213	0.809925093633
gya-	0.0715502194242	0.193208391177	0.0679529251818	0.667288464217
ley-	0.506963642417	0.288260754086	0.0832719206036	0.121503682893
ema-	0.624022647614	0.165273658668	0.0128066864384	0.19789700728
moy-	0.0306274041339	0.110845386762	0.0836609252996	0.774866283805
kav-	0.146226415094	0.770964360587	0.0293501048218	0.0534591194969
nea-	0.0	1.0	0.0	0.0
aga-	0.156910969011	0.44121987211	0.351696999508	0.0501721593704
