jer-	0.0272223362759	0.95967973722	0.00316156846643	0.00993635803737
yie-	0.51007318774	0.176043258175	0.0172531690991	0.296630384986
agu-	0.450243788345	0.421115129271	0.0514564329537	0.0771846494306
vas-	0.0505307257438	0.898130056901	0.0289709494264	0.0223682679292
fig-	0.0	1.0	0.0	0.0
del-	0.116388532306	0.564113535872	0.241905576951	0.0775923548709
cho-	0.0963719125437	0.20590623296	0.0490522234741	0.648669631022
maa-	0.510539547476	0.405530845098	0.0380970798685	0.0458325275575
ven-	0.237357821988	0.626029564912	0.1366126131	0.0
jac-	0.308548046289	0.138248770722	0.0352227342202	0.517980448769
aay-	0.289857763583	0.35540535522	0.177776952501	0.176959928696
ton-	0.115661438219	0.732939765276	0.113118007412	0.0382807890936
pro-	0.658969446405	0.244832106484	0.0564686901281	0.039729756983
cás-	0.113744075829	0.829383886256	0.0	0.0568720379147
júp-	0.0	1.0	0.0	0.0
coo-	0.430846853977	0.36387020182	0.138998812822	0.066284131381
nij-	0.444991002369	0.512703515011	0.0250699156265	0.0172355669932
abí-	0.0	1.0	0.0	0.0
mah-	0.0	1.0	0.0	0.0
joe-	0.0181346894927	0.0455634073505	0.00591348570415	0.930388417453
eno-	0.104906937394	0.754089114495	0.116187253243	0.0248166948675
x'e-	0.518095238095	0.220130325815	0.163609022556	0.0981654135338
bis-	0.419023838321	0.429596972416	0.103000273107	0.0483789161562
lis-	0.113950980016	0.635982765939	0.223557463863	0.0265087901814
ism-	0.582278481013	0.132911392405	0.227848101266	0.0569620253164
tea-	0.0689655172414	0.910344827586	0.0	0.0206896551724
sga-	0.446573009791	0.391230310771	0.0689655172413	0.0932311621967
jbe-	0.347948845707	0.390466699884	0.118751038034	0.142833416376
san-	0.0268260077697	0.89960882477	0.0625072896761	0.0110578777847
sue-	0.310242383512	0.534970593606	0.0946366253885	0.0601503974927
yal-	0.568180477734	0.120006650238	0.0280801664658	0.283732705563
spu-	0.34453324316	0.469430778886	0.0766294615544	0.109406516399
pre-	0.137833070281	0.833868721567	0.0122551295144	0.0160430786371
sme-	0.164560773632	0.459178743165	0.167520661727	0.208739821476
inp-	0.0517774732756	0.908136740963	0.0300643393214	0.0100214464404
cia-	0.0	1.0	0.0	0.0
jq'-	0.544982378037	0.253199777407	0.080782786125	0.121035058431
sni-	0.256638379791	0.614353720341	0.0759146219801	0.0530932778879
seg-	0.468207297047	0.224452538004	0.0758236011853	0.231516563764
jim-	0.49928057554	0.0517985611511	0.379856115108	0.0690647482014
caq-	0.323008849558	0.41592920354	0.0530973451327	0.20796460177
azo-	0.0	1.0	0.0	0.0
pró-	0.0	1.0	0.0	0.0
neg-	0.0	0.986013986014	0.013986013986	0.0
ayu-	0.28142382309	0.399860941528	0.157492199159	0.161223036223
yaq-	0.168384879725	0.601374570447	0.0412371134021	0.189003436426
mil-	0.275379651741	0.486880613514	0.0795821443252	0.15815759042
yoq-	0.151867039228	0.796784845956	0.0346554414486	0.0166926733679
gan-	0.492370663251	0.276466002116	0.0888697072636	0.142293627369
yer-	0.0646943099274	0.88133071025	0.0177814769976	0.0361935028249
otr-	0.0351202143538	0.0924991028196	0.27025927145	0.602121411376
yut-	0.35567443306	0.396793014811	0.129362091738	0.118170460392
jij-	0.256061923716	0.640168258891	0.0542418851662	0.049527932226
c'o-	0.571023493777	0.161812866579	0.0446210364184	0.222542603226
ari-	0.0463833927992	0.949724294518	0.00389231268245	0.0
yau-	0.567041389166	0.230916707922	0.0792597634905	0.122782139421
bay-	0.373281635205	0.155903518198	0.0261187750022	0.444696071596
lij-	0.15872249354	0.687879133259	0.132738966071	0.0206594071293
spe-	0.111413031314	0.220070651605	0.0678547489475	0.600661568134
mey-	0.26560449933	0.152315669924	0.0823009319676	0.499778898779
jya-	0.319928543879	0.438501045452	0.103733176346	0.137837234323
paf-	0.0	0.980952380952	0.0190476190476	0.0
mar-	0.0229362516199	0.842480406476	0.003702713266	0.130880628638
cah-	0.0367427168976	0.792517821813	0.101544137565	0.0691953237244
abr-	0.035173956555	0.94687849532	0.00871254488727	0.00923500323777
mud-	0.391079508727	0.149967679379	0.39301874596	0.0659340659341
tzu-	0.524476281687	0.362433520074	0.0934223376755	0.0196678605633
zaq-	0.0639269406393	0.86301369863	0.0	0.0730593607306
nor-	0.0309278350515	0.814432989691	0.139175257732	0.0154639175258
cul-	0.706183771456	0.172913835148	0.0220688732346	0.0988335201614
ya'-	0.477611940298	0.179104477612	0.34328358209	0.0
zac-	0.0732315842972	0.872711031711	0.0166330412284	0.0374243427639
svi-	0.197134597392	0.669175489029	0.0996871838228	0.0340027297556
her-	0.0444975532036	0.879697280073	0.0450779560715	0.0307272106521
mul-	0.203723796908	0.628467515272	0.0771293338507	0.0906793539695
ate-	0.319042805152	0.483035191432	0.0622296752784	0.135692328137
tii-	0.579429735234	0.260692464359	0.0366598778004	0.123217922607
cum-	0.56608484933	0.140157853249	0.0324875914933	0.261269705928
ibi-	0.272980501393	0.710306406685	0.0	0.016713091922
sin-	0.170462387854	0.668507016333	0.0630319760755	0.0979986197377
alx-	0.423529411765	0.317647058824	0.0403361344538	0.218487394958
boy-	0.758520244684	0.241479755316	0.0	0.0
tz'-	0.475451279812	0.416585282767	0.0528164712247	0.0551469661967
bec-	0.337230638907	0.533304455292	0.0961093187163	0.0333555870839
dor-	0.162100456621	0.74200913242	0.041095890411	0.0547945205479
mic-	0.168512277323	0.773712084738	0.0288878189697	0.0288878189697
pat-	0.23128522849	0.646899892859	0.0910700144408	0.0307448642102
jem-	0.666201279814	0.212286212914	0.040069808028	0.0814426992437
jeq-	0.657221838286	0.201796821009	0.0165860400829	0.124395300622
jtz-	0.509007199154	0.301717390914	0.0910858311349	0.0981895787972
alt-	0.33533111957	0.407224426986	0.0770767527875	0.180367700656
cot-	0.421555252387	0.327421555252	0.193724420191	0.0572987721692
ilj-	0.400929604542	0.314755275552	0.11603695339	0.168278166516
laj-	0.139605839597	0.149255107119	0.0523403428452	0.658798710439
buc-	0.561274509804	0.142156862745	0.28431372549	0.0122549019608
xbu-	0.379313764379	0.370785402618	0.169575565252	0.0803252677509
jor-	0.0530085959885	0.936962750716	0.0	0.0100286532951
spl-	0.244183882375	0.412742725976	0.0420311433711	0.301042248278
lom-	0.296310655845	0.164398325888	0.065014159951	0.474276858316
pic-	0.0406015037594	0.959398496241	0.0	0.0
gen-	0.131294964029	0.825539568345	0.0107913669065	0.0323741007194
raz-	0.390781158513	0.446990651941	0.0841930989926	0.0780350905531
ilx-	0.340048143925	0.42176612188	0.122893703281	0.115292030913
naa-	0.644821380307	0.0989905809129	0.0411016918645	0.215086346916
jam-	0.534498941816	0.20955613372	0.176375906951	0.0795690175127
uzi-	0.0	1.0	0.0	0.0
aji-	0.340770791075	0.511663286004	0.0167342799189	0.130831643002
bej-	0.386818260604	0.435926630408	0.0646874152772	0.112567693711
set-	0.0339847068819	0.393372982158	0.0373831775701	0.53525913339
jva-	0.425925925926	0.333333333333	0.166666666667	0.0740740740741
bac-	0.212285012285	0.610810810811	0.103194103194	0.0737100737101
por-	0.0908102175915	0.0556518463495	0.0106517833085	0.84288615275
alf-	0.0	1.0	0.0	0.0
pas-	0.276119987469	0.475211466165	0.181704260652	0.0669642857143
cos-	0.129168642327	0.527682653414	0.0602868950822	0.282861809178
noe-	0.0104639367893	0.986546366985	0.0	0.00298969622551
ent-	0.240044347709	0.102742590846	0.0287217397247	0.62849132172
jum-	0.114596497787	0.208633147682	0.00825490409112	0.66851545044
och-	0.428992332052	0.135014218903	0.0296630855521	0.406330363494
nai-	0.145053221124	0.745242354045	0.026977098789	0.0827273260417
elc-	0.34023937092	0.387277081381	0.0669725956416	0.205510952057
eso-	0.148184345488	0.136528498055	0.0538482919982	0.661438864459
sau-	0.124286594945	0.815658122378	0.00596575655736	0.0540895261201
che-	0.115503042795	0.809519848746	0.0629627495669	0.0120143588917
epa-	0.0337620578778	0.956591639871	0.00964630225079	0.0
yac-	0.418909786553	0.289371995744	0.164963316456	0.126754901247
oro-	0.0362448172657	0.742991295752	0.218292649441	0.00247123754085
sap-	0.530695556602	0.258648662794	0.157272203904	0.0533835766996
asi-	0.0032889819106	0.990432052624	0.00627896546569	0.0
dia-	0.100586349637	0.801404365746	0.0602512413911	0.0377580432265
nan-	0.0327442743606	0.672467388224	0.0108072235574	0.283981113858
arr-	0.0	1.0	0.0	0.0
seq-	0.429190751445	0.485549132948	0.0158959537572	0.0693641618497
ses-	0.0283471434802	0.102703881378	0.0425207152203	0.826428259921
pij-	0.0666666666667	0.5	0.366666666667	0.0666666666667
tér-	0.0242424242424	0.915151515152	0.060606060606	0.0
xch-	0.129996024708	0.228672075644	0.0427275586045	0.598604341043
amu-	0.44294988011	0.338031463828	0.116673489678	0.102345166384
tol-	0.230157735719	0.194142255186	0.0849367945595	0.490763214535
mel-	0.0386853278818	0.901871363422	0.0500078628716	0.00943544582482
cue-	0.223281536442	0.537091033504	0.114712325549	0.124915104504
jsa-	0.307569474236	0.440452357119	0.104151770818	0.147826397826
mir-	0.0	0.982844889207	0.00857755539671	0.00857755539671
isa-	0.0143633383743	0.957154521071	0.00914673839093	0.0193354021635
tee-	0.0855798031664	0.914420196834	0.0	0.0
mus-	0.592861008856	0.168801556928	0.175461493284	0.0628759409319
eut-	0.0	1.0	0.0	0.0
eco-	0.267857142857	0.660714285714	0.0	0.0714285714286
dio-	0.0436404670201	0.852361750213	0.0226865145589	0.0813112682079
yah-	0.482065997131	0.339807968215	0.123165213553	0.0549608211014
bab-	0.0210597253812	0.748883834555	0.0328531715946	0.197203268469
ita-	0.187874605286	0.22008896772	0.0723575610609	0.519678865932
abx-	0.340898156859	0.462412867773	0.120835827917	0.0758531474512
oja-	0.0831938283138	0.0244522666428	0.0081861090802	0.884167795963
láz-	0.0322916666667	0.917708333333	0.0135416666667	0.0364583333334
cac-	0.301470588235	0.423529411765	0.216176470588	0.0588235294117
sor-	0.0322580645161	0.338709677419	0.629032258065	0.0
moi-	0.0446927057248	0.918485470614	0.0278087946732	0.00901302898784
yia-	0.610446106074	0.120201777501	0.0192055101031	0.250146606322
t'i-	0.233584186557	0.186157274785	0.117154832506	0.463103706151
cor-	0.322488429934	0.466102068444	0.0899096432957	0.121499858326
ali-	0.213412616565	0.71126528347	0.0188305249911	0.0564915749732
jud-	0.0640915340565	0.793488743199	0.0935366484311	0.048883074313
lib-	0.325854323	0.424020413622	0.167539748243	0.0825855151346
teu-	0.227777777778	0.755555555556	0.0	0.0166666666667
jtr-	0.274745605921	0.506938020352	0.129509713228	0.0888066604995
últ-	0.0755334882738	0.0705155292626	0.716775829284	0.13717515318
uzí-	0.0	1.0	0.0	0.0
mal-	0.130445394429	0.30714882362	0.432349231721	0.13005655023
tod-	0.293392673742	0.321294077371	0.0694967476891	0.315816501198
jba-	0.153457614121	0.176736995713	0.0462371322699	0.623568257895
sab-	0.277561608301	0.512321660182	0.0311284046693	0.178988326848
rey-	0.0809964286811	0.824196618763	0.0280481773539	0.066758775202
xca-	0.415263792232	0.413669764006	0.0923758796315	0.0786905641305
boj-	0.710462624808	0.239015588539	0.0268396991594	0.0236820874936
leq-	0.133964541846	0.194967866968	0.581372576017	0.0896950151693
nin-	0.0597097666468	0.815789017792	0.0863885985528	0.0381126170086
lás-	0.460674157303	0.305617977528	0.155505617978	0.0782022471911
yox-	0.0254196255649	0.0351839896708	0.701904454487	0.237491930278
paj-	0.407932011331	0.450424929179	0.107648725212	0.0339943342776
hui-	0.169054467165	0.530443055398	0.0514942109229	0.249008266514
cie-	0.0275640861895	0.029362503362	0.0627939241595	0.880279486289
uni-	0.265611257696	0.458223394899	0.139841688654	0.136323658751
jpa-	0.427271406921	0.345003019665	0.11667036227	0.111055211144
toy-	0.429624443801	0.347189628232	0.118792657694	0.104393270273
sir-	0.0441446965052	0.920294297977	0.030042918455	0.00551808706315
tae-	0.714771300011	0.131085354502	0.0805927136301	0.0735506318567
sós-	0.127659574468	0.829787234043	0.0425531914894	0.0
lim-	0.442234457551	0.438147940275	0.0759786072444	0.0436389949301
snu-	0.493160128036	0.389874756096	0.0824989061769	0.0344662096917
esr-	0.0	1.0	0.0	0.0
sma-	0.328918697521	0.583276094846	0.0410423295781	0.0467628780548
uch-	0.614035087719	0.327945848874	0.0	0.0580190634066
and-	0.00274662394141	0.993820096132	0.0	0.00343327992676
apa-	0.415822611552	0.114700246373	0.0229947987955	0.446482343279
ALL	0.231999078113	0.310601451188	0.058533585655	0.398865885044
ana-	0.189969619071	0.707098225117	0.0467197512336	0.0562124045788
fro-	0.444444444444	0.504273504274	0.0512820512821	0.0
sbu-	0.579753906545	0.267758737827	0.143428700838	0.0090586547898
jnu-	0.47167813658	0.276760190577	0.0	0.251561672843
nii-	0.305904522613	0.425251256281	0.184673366834	0.0841708542713
ojo-	0.264099037139	0.207702888583	0.0495185694635	0.478679504814
mae-	0.0483306130558	0.891925274881	0.0166152264319	0.0431288856318
top-	0.0	0.78835978836	0.21164021164	0.0
per-	0.0782687696802	0.0560849298928	0.00826247507157	0.857383825355
nef-	0.0	1.0	0.0	0.0
arm-	0.0	1.0	0.0	0.0
cal-	0.300762048433	0.131868885368	0.0292979306183	0.538071135581
suq-	0.00653594771242	0.0130718954248	0.954248366013	0.0261437908497
mor-	0.149145666794	0.25353695831	0.595847959459	0.0014694154364
oxo-	0.0357965771506	0.89005337018	0.0741500526691	0.0
zor-	0.0	1.0	0.0	0.0
tel-	0.15744942395	0.145928415436	0.649021171978	0.0476009886359
sob-	0.647502272383	0.167281616575	0.0539160902307	0.131300020812
xue-	0.443021766965	0.499359795135	0.0576184379001	0.0
mii-	0.48465266559	0.159935379645	0.274636510501	0.0807754442649
div-	0.315555555556	0.586666666667	0.0977777777778	0.0
gas-	0.18320610687	0.229007633588	0.541984732824	0.0458015267176
ata-	0.41033397013	0.408603130306	0.0385108584533	0.14255204111
tie-	0.0835242188881	0.614204992564	0.0870153553655	0.215255433182
far-	0.0404955036027	0.934232819666	0.00539940048036	0.0198722762507
ces-	0.0244986189504	0.933709619311	0.0172931427885	0.0244986189504
ajm-	0.336	0.592	0.072	0.0
si'-	0.147651006711	0.771812080537	0.0805369127517	0.0
ajb-	0.100934579439	0.779439252336	0.0523364485981	0.0672897196262
rud-	0.043795620438	0.890510948905	0.065693430657	0.0
sve-	0.0483048573218	0.935593523571	0.00402540477681	0.0120762143304
lum-	0.118186905428	0.793172915501	0.00805819809739	0.0805819809737
tac-	0.241919621343	0.135932583791	0.0503782411968	0.57176955367
s'o-	0.136220506836	0.733744360339	0.0433325636977	0.0867025691268
sed-	0.0	0.688760806916	0.311239193084	0.0
num-	0.349376114082	0.17825311943	0.0320855614973	0.440285204991
lea-	0.474927419269	0.313089551578	0.0966471745004	0.115335854652
suc-	0.51741747467	0.43519174202	0.0295511493627	0.0178396339471
elu-	0.427515284848	0.133543100287	0.0469417512982	0.391999863566
ami-	0.280378476627	0.649956453415	0.0368631311888	0.0328019387697
x'u-	0.0781194614464	0.122376016114	0.00464076008593	0.794863762354
suj-	0.390998528871	0.51487219566	0.0651664214784	0.0289628539904
gue-	0.0620888157894	0.902138157895	0.0	0.0357730263158
atn-	0.561940839849	0.370355444507	0.0677037156444	0.0
nuj-	0.2351911055	0.524119815105	0.222362499745	0.0183265796494
eub-	0.0693641618497	0.93063583815	0.0	0.0
cau-	0.569312169312	0.267724867725	0.0243386243386	0.138624338624
adi-	0.0	1.0	0.0	0.0
coa-	0.314725697786	0.554860442733	0.0101058710298	0.12030798845
pel-	0.142838322091	0.662942664418	0.0770710370995	0.117147976391
sdi-	0.29116449943	0.584518073848	0.0916023144272	0.0327151122955
jli-	0.181435866627	0.672374086312	0.0690898167618	0.0771002302994
jai-	0.05351200183	0.913068823282	0.00770360313161	0.0257155717564
str-	0.290097314981	0.555675493115	0.122658596267	0.0315685956379
tal-	0.299056700432	0.581587102092	0.0680816539656	0.0512745435102
vay-	0.518503559348	0.251779673853	0.2297167668	0.0
xya-	0.346370760632	0.234816084297	0.288345648625	0.130467506446
lle-	0.0842105263158	0.61052631579	0.305263157895	0.0
paa-	0.163285502227	0.747649678377	0.0890648193964	0.0
axi-	0.329268292683	0.560975609756	0.109756097561	0.0
lem-	0.0818181818181	0.701136363636	0.101136363636	0.115909090909
alb-	0.390996757019	0.294158571522	0.190147570053	0.124697101405
zaf-	0.122448979592	0.816326530612	0.0	0.0612244897959
abc-	0.443037974684	0.167088607595	0.124050632911	0.26582278481
sli-	0.38010172101	0.517246881181	0.0365524265196	0.0660989712895
jti-	0.239596469105	0.516839418079	0.106880324793	0.136683788023
noc-	0.663663446838	0.179223160162	0.0463605056711	0.110752887329
taz-	0.905956112853	0.0940438871473	0.0	0.0
lac-	0.308	0.392	0.096	0.204
pon-	0.023102310231	0.976897689769	0.0	0.0
q'u-	0.334483030828	0.354591227747	0.0774309594513	0.233494781974
nec-	0.501532801962	0.279583077866	0.0950337216432	0.123850398528
hig-	0.00566572237961	0.965533522191	0.0288007554297	0.0
chi-	0.284645371247	0.336564027121	0.0623956503605	0.316394951272
juq-	0.00473209444471	0.00305614432888	0.00473209444472	0.987479666782
ajy-	0.479301261524	0.198059174148	0.0638381921528	0.258801372175
ben-	0.36277319957	0.579153230622	0.0180640152872	0.0400095545205
dió-	0.131147540984	0.786885245902	0.0327868852459	0.0491803278688
nun-	0.108333538978	0.0798743923204	0.172457616662	0.63933445204
xc'-	0.399930562541	0.491922217067	0.0920857520174	0.0160614683751
ajt-	0.245101531884	0.482721767011	0.106875667973	0.165301033132
pin-	0.237312030075	0.338189223058	0.410401002506	0.0140977443609
euf-	0.0357142857143	0.964285714286	0.0	0.0
pax-	0.241507022448	0.527254757633	0.062201414968	0.169036804951
spr-	0.333153055706	0.435911303407	0.183342347215	0.0475932936723
ili-	0.188175699444	0.110691587908	0.018233624915	0.682899087732
jap-	0.471710270542	0.418133615161	0.060767438876	0.0493886754211
lam-	0.129478349873	0.789833725359	0.0306406034651	0.0500473213026
nar-	0.0387334767906	0.81371042115	0.138333845681	0.00922225637871
vid-	0.152939932828	0.394074114597	0.115462199583	0.337523752992
nut-	0.582026901981	0.251626054421	0.084487776094	0.0818592675044
act-	0.567172940054	0.247682637513	0.0657910827403	0.119353339692
cua-	0.12236970764	0.0711078267534	0.0339690753627	0.772553390244
dám-	0.0	1.0	0.0	0.0
sat-	0.099356235674	0.665020918834	0.0686911467519	0.16693169874
pur-	0.213199860457	0.245973837582	0.16515987378	0.375666428181
peg-	0.128371369295	0.0707987551867	0.691649377593	0.109180497925
tia-	0.262048481364	0.617993676344	0.0172463351538	0.102711507138
ani-	0.167881530748	0.20224163723	0.0580960370934	0.571780794928
evo-	0.0	1.0	0.0	0.0
xaa-	0.25	0.608695652174	0.0130434782609	0.128260869565
sec-	0.629097178687	0.24334298478	0.027648180498	0.0999116560353
vec-	0.142857142857	0.714285714286	0.114285714286	0.0285714285714
bob-	0.179554817938	0.104835311383	0.155573590842	0.560036279837
ele-	0.386675579323	0.2938057041	0.0612745098039	0.258244206774
bet-	0.0224871308588	0.96803034408	0.0	0.00948252506096
luz-	0.17507756601	0.669544172172	0.143558679302	0.0118195825155
fle-	0.0	1.0	0.0	0.0
ahu-	0.319285939896	0.241783162405	0.0634211844992	0.3755097132
bix-	0.333927359131	0.314324507807	0.079344874406	0.272403258656
doc-	0.0657640232108	0.860735009671	0.0386847195358	0.0348162475822
ban-	0.05149651269	0.830316973852	0.101977138272	0.0162093751867
adr-	0.126582278481	0.738396624473	0.118143459916	0.0168776371308
rom-	0.0892811591246	0.68835773685	0.192719759196	0.0296413448293
tey-	0.276247242454	0.103044038037	0.0462478204467	0.574460899063
jma-	0.374097698068	0.419450905957	0.0997845271258	0.106666868849
ter-	0.0	1.0	0.0	0.0
yoj-	0.127016738921	0.145093144939	0.0235848029483	0.704305313193
tra-	0.117167293241	0.737045522631	0.118023822483	0.0277633616452
yej-	0.0461267195707	0.567821726545	0.386051553884	0.0
arq-	0.17679558011	0.82320441989	0.0	0.0
ale-	0.208175544896	0.532798956493	0.14247243962	0.116553058992
jom-	0.496087579059	0.268092794738	0.105416592622	0.130403033581
sid-	0.016111707841	0.948442534909	0.0	0.0354457572503
bon-	0.0624397764502	0.840431682405	0.0	0.0971285411446
oli-	0.0399527186761	0.943498817967	0.016548463357	0.0
soy-	0.530526870082	0.305356463739	0.0754761138578	0.0886405523213
luc-	0.289552194997	0.601028154752	0.0591650226114	0.0502546276399
taq-	0.136427955234	0.714407879318	0.109940329643	0.0392238358051
mod-	0.231513365895	0.176036691983	0.106007548349	0.486442393773
tzo-	0.417701086644	0.29594800112	0.0438635936041	0.242487318632
jec-	0.478987109896	0.396089091882	0.0297976247177	0.095126173504
dec-	0.0133555926544	0.746243739566	0.0300500834724	0.210350584307
xol-	0.409448818898	0.555118110236	0.011811023622	0.023622047244
yip-	0.117093711128	0.706965467505	0.0950207833159	0.0809200380509
jpe-	0.180485826452	0.357604041227	0.106849113903	0.355061018418
yib-	0.162505519207	0.332838277205	0.0386344478786	0.46602175571
xli-	0.309643510055	0.484689213894	0.140539305302	0.0651279707496
eli-	0.0538322675014	0.886510331573	0.0164710669221	0.043186334003
yul-	0.419404125286	0.484339190222	0.0435446906035	0.0527119938885
nal-	0.2368268674	0.525767226404	0.0220034742328	0.215402431963
mut-	0.256208492021	0.200461337158	0.38307621056	0.16025396026
ord-	0.631280659142	0.246940039053	0.0	0.121779301805
tzi-	0.353791503238	0.55528562966	0.0638113212746	0.0271115458265
col-	0.43413965709	0.417640291266	0.0563814706994	0.0918385809448
jab-	0.0107621563448	0.915859504941	0.0245572840231	0.0488210546913
but-	0.404150713039	0.335119152416	0.185265018075	0.0754651164704
bri-	0.969696969697	0.030303030303	0.0	0.0
icb-	0.384849098643	0.418675308892	0.141786510026	0.0546890824387
var-	0.358974358974	0.613053613054	0.027972027972	0.0
joc-	0.173913043478	0.68115942029	0.0869565217392	0.0579710144926
ene-	0.0450751252087	0.881469115192	0.0534223706177	0.0200333889816
pan-	0.0740120883784	0.910381528769	0.00662088969519	0.00898549315776
huu-	0.302585042059	0.49425365	0.0741569587124	0.129004349228
jlu-	0.273366988943	0.548685824078	0.0335043674948	0.144442819485
diá-	0.214511041009	0.699263932703	0.0862250262881	0.0
ilí-	0.0	1.0	0.0	0.0
xih-	0.261092968147	0.357167391609	0.336181235448	0.0455584047958
lec-	0.162111415535	0.0798199527217	0.123657409257	0.634411222486
sco-	0.360658222165	0.414722663223	0.0901617353432	0.134457379268
ijl-	0.1924054973	0.728312237492	0.0460013143233	0.0332809508843
tul-	0.419940852929	0.27854640404	0.236638521065	0.0648742219662
efr-	0.0	1.0	0.0	0.0
tup-	0.248588070456	0.222863124925	0.454676845017	0.0738719596018
juc-	0.0557269449968	0.174144946276	0.164440165565	0.605687943163
yam-	0.389741285001	0.479894645665	0.0405276899482	0.0898363793851
aye-	0.424616367593	0.158717510633	0.0520941624998	0.364571959274
ina-	0.228589115394	0.731315014394	0.0204744869172	0.0196213832956
baa-	0.347321216441	0.505523877405	0.0626633404609	0.0844915656926
lat-	0.465806182992	0.292495055688	0.0364317685022	0.205266992818
pen-	0.350564573779	0.318614621326	0.106575716159	0.224245088736
rab-	0.0677966101695	0.762711864407	0.0	0.169491525424
ape-	0.0551477235743	0.283820923589	0.0553285357828	0.605702817054
águ-	0.0185185185185	0.981481481481	0.0	0.0
rec-	0.581422952624	0.262108369707	0.0572547707813	0.0992139068881
coe-	0.112408372445	0.677399577985	0.0730520495109	0.13714000006
iq'-	0.128408913823	0.857565840736	0.00374006545115	0.0102851799907
tuu-	0.28755927757	0.487236403996	0.188881041267	0.0363232771668
uc'-	0.197080291971	0.67700729927	0.0766423357664	0.0492700729927
yor-	0.343816175818	0.193464241996	0.01928201801	0.443437564175
mig-	0.489161168709	0.503298774741	0.00754005655043	0.0
car-	0.278228381304	0.63525696179	0.0337237825493	0.0527908743565
sca-	0.189625488068	0.679615357805	0.0814060334362	0.0493531206914
ple-	0.236078842839	0.439931049989	0.0387281720752	0.285261935097
bas-	0.130329892811	0.243185967966	0.582775943463	0.0437081957597
dir-	0.340909090909	0.318181818182	0.0454545454545	0.295454545455
yex-	0.660720015401	0.00558300712315	0.160174549188	0.173522428287
mañ-	0.241801921166	0.653858893673	0.0364359059291	0.0679032792316
yes-	0.052941983267	0.917501028666	0.0101494993828	0.0194074886847
atj-	0.406183283785	0.421676410144	0.0794608830982	0.0926794229734
pól-	0.114942528736	0.885057471264	0.0	0.0
ang-	0.113368283093	0.762581913499	0.0163826998689	0.107667103539
pun-	0.262295081967	0.360655737705	0.229508196721	0.147540983607
yar-	0.255813953488	0.744186046512	0.0	0.0
oc'-	0.412167542532	0.484766553832	0.0408787976329	0.0621871060032
c'a-	0.172808078412	0.421977381055	0.0336985210134	0.37151601952
tai-	0.230769230769	0.487179487179	0.0769230769231	0.205128205128
nic-	0.0720714082816	0.851581760912	0.0492691548139	0.0270776759928
anc-	0.0515006867665	0.825411719908	0.101859029279	0.0212285640461
cai-	0.0215223788817	0.970571441121	0.00658848333114	0.00131769666623
xyu-	0.220107938539	0.126822623753	0.0115058767684	0.64156356094
jot-	0.529561091775	0.316868936873	0.0975666210558	0.0560033502965
har-	0.136848170556	0.858830308269	0.0	0.00432152117545
can-	0.410867911204	0.136431822553	0.0271823176809	0.425517948563
zab-	0.0361998892898	0.926911270253	0.0335951939879	0.00329364646941
env-	0.0954830494111	0.604211423153	0.272088900697	0.0282166267389
sle-	0.358125413541	0.408429288874	0.107800214546	0.125645083039
lig-	0.229707262039	0.0607149219167	0.0203372721335	0.689240543911
x'o-	0.433172302738	0.272141706924	0.122383252818	0.17230273752
tih-	0.125884152486	0.120234826936	0.0295020334268	0.724378987152
óni-	0.0	0.88643533123	0.11356466877	0.0
nup-	0.350810232012	0.427313498463	0.110914043962	0.110962225563
aco-	0.499140079173	0.40320207925	0.0325526138591	0.0651052277182
sio-	0.0380388841927	0.936601859679	0.0253592561285	0.0
juu-	0.315647762251	0.564179340551	0.0237639346286	0.0964089625697
poc-	0.237494793442	0.171040175698	0.56420159794	0.0272634329206
jte-	0.354697909488	0.428899609465	0.170457155984	0.0459453250632
loc-	0.542287935507	0.312398060881	0.0958620323423	0.0494519712695
suu-	0.615942421909	0.327990514508	0.0226654086823	0.0334016549002
jel-	0.27011951089	0.0554899511096	0.163851938298	0.510538599702
met-	0.402520126006	0.546727336367	0.0105005250262	0.0402520126006
tao-	0.886363636364	0.0227272727273	0.0	0.0909090909091
mna-	0.0833333333333	0.708333333333	0.166666666667	0.0416666666667
suo-	0.346801346801	0.46632996633	0.121025065469	0.0658436213992
xe'-	0.491935483871	0.157258064516	0.0604838709677	0.290322580645
nox-	0.767313019391	0.0747922437673	0.0332409972299	0.124653739612
sva-	0.309556059476	0.580866574338	0.0904013271037	0.0191760390826
lol-	0.431187600494	0.372148786598	0.125289795461	0.0713738174475
smo-	0.241672158576	0.364647853324	0.131304006077	0.262375982023
sne-	0.109437203373	0.821363259359	0.0145418417882	0.0546576954798
azu-	0.0390070921986	0.95390070922	0.00709219858156	0.0
así-	0.0	1.0	0.0	0.0
ipa-	0.636042402827	0.236749116608	0.0424028268551	0.0848056537103
juz-	0.0707395498392	0.890675241158	0.0192926045016	0.0192926045016
ilu-	0.24406779661	0.579661016949	0.0949152542373	0.0813559322034
jal-	0.256723716381	0.574572127139	0.0293398533007	0.139364303179
mat-	0.108972160993	0.304129783189	0.0134821501464	0.573415905672
jee-	0.358042890865	0.447487031226	0.0943103756485	0.100159702261
stu-	0.450201596878	0.285242674063	0.0630684491382	0.201487279921
tró-	0.010752688172	0.967741935484	0.0215053763441	0.0
syo-	0.417281730376	0.465235913291	0.0555725668959	0.0619097894366
aab-	0.235294117647	0.0980392156863	0.254901960784	0.411764705882
has-	0.169451861757	0.22198900592	0.0674794442869	0.541079688036
leh-	0.0230769230769	0.852307692308	0.0646153846154	0.06
par-	0.195633187773	0.389220868766	0.00965295334406	0.405492990117
xiu-	0.331749399449	0.299661587558	0.29896021462	0.0696287983728
ala-	0.323047237792	0.511081049881	0.0598946773038	0.105977035022
jul-	0.415999417766	0.262603609935	0.0335821227084	0.28781484959
cop-	0.0901639344262	0.762295081967	0.131147540984	0.016393442623
nah-	0.0	1.0	0.0	0.0
baj-	0.183949579831	0.235450043838	0.162472336615	0.418128039715
jml-	0.0168067226891	0.752100840336	0.214285714286	0.0168067226891
pom-	0.0380302291565	0.942467089225	0.0117016089712	0.00780107264749
mío-	0.476683937823	0.39896373057	0.0932642487048	0.0310880829016
ane-	0.595585337012	0.22270398108	0.0804099329917	0.101300748916
feb-	0.0754716981132	0.924528301887	0.0	0.0
pec-	0.336475326116	0.442904251904	0.146788455365	0.0738319666151
jbi-	0.0768547016978	0.613677032799	0.00444049387588	0.305027771627
anu-	0.50495049505	0.405940594059	0.0	0.0891089108911
amé-	0.101692307692	0.102923076923	0.00923076923077	0.786153846154
saq-	0.401184538653	0.382793017456	0.200592269327	0.0154301745636
tre-	0.00451594693762	0.0886254586509	0.0581428168219	0.84871577759
yen-	0.110463635699	0.109125919197	0.0280221003852	0.752388344719
puu-	0.678496868476	0.171189979123	0.137787056367	0.0125260960334
via-	0.47619047619	0.47619047619	0.047619047619	0.0
ibj-	0.475010771219	0.430202498923	0.0301594140457	0.0646273158122
aby-	0.531077888767	0.286867986779	0.0707410312167	0.111313093238
poj-	0.370602444429	0.468454110723	0.0657887631697	0.0951546816779
gob-	0.0925941744255	0.827880755104	0.0323737934569	0.0471512770138
sll-	0.0	0.980952380952	0.0190476190476	0.0
dan-	0.1004784689	0.813397129187	0.0861244019139	0.0
c'u-	0.400559238896	0.37067828567	0.0626014805587	0.166160994875
lug-	0.122246204701	0.691911063826	0.0231625029475	0.162680228526
xpo-	0.135593220339	0.830508474576	0.0338983050847	0.0
gre-	0.283464566929	0.669291338583	0.0	0.0472440944882
ser-	0.164330039071	0.752930360837	0.0689496667433	0.0137899333487
iij-	0.667565795634	0.214027745878	0.0465125471411	0.0718939113468
cri-	0.0345219558193	0.802187837473	0.0327287217056	0.130561485002
mis-	0.151255734366	0.0960110827101	0.262527694085	0.49020548884
iix-	0.877192982456	0.122807017544	0.0	0.0
elm-	0.0	1.0	0.0	0.0
sac-	0.447817905927	0.299846915976	0.181830072353	0.0705051057436
yai-	0.326530612245	0.0	0.0408163265306	0.632653061224
puc-	0.140728838682	0.714473055011	0.111205454302	0.0335926520048
zel-	0.0	1.0	0.0	0.0
nac-	0.322616338922	0.359442517393	0.108288472005	0.209652671681
tza-	0.226749183464	0.286714166205	0.259908891	0.226627759331
yin-	0.146129669831	0.777036149002	0.0517232068604	0.0251109743058
xle-	0.690476190476	0.214285714286	0.0809523809524	0.0142857142857
sti-	0.151800155962	0.381006557541	0.0460120414705	0.421181245026
squ-	0.453761697051	0.348814450285	0.0799220817955	0.117501770868
slo-	0.532411381291	0.314152745135	0.0768292133554	0.0766066602185
aq'-	0.0952135430094	0.503738076824	0.0219987969408	0.379049583226
luu-	0.0661045837784	0.851969183919	0.0220439515488	0.0598822807536
cad-	0.120243411418	0.162370347367	0.0299265873375	0.687459653877
ayo-	0.390984714181	0.126957836926	0.0232076664642	0.458849782428
moj-	0.196740456879	0.277868775024	0.0742667525447	0.451124015553
tat-	0.0931241481771	0.788448716129	0.0402031610257	0.078223974668
bit-	0.203453103126	0.681754549697	0.106392907139	0.00839944003734
uri-	0.0	1.0	0.0	0.0
yii-	0.450275915356	0.153106869952	0.0122745058706	0.384342708822
meb-	0.554734721289	0.328408327737	0.0241773002015	0.0926796507723
api-	0.189457404305	0.744812475835	0.0154659105555	0.0502642093053
cef-	0.207893274041	0.669816564758	0.0	0.122290161201
nia-	0.493019984636	0.0692564510296	0.0181465773975	0.419576986937
pot-	0.607117805589	0.335289991509	0.0575922029018	0.0
lap-	0.417232965989	0.463557615157	0.0767983756079	0.0424110432462
est-	0.138189125433	0.780994262749	0.0410635757346	0.0397530360835
esa-	0.0	0.979166666667	0.0208333333333	0.0
joh-	0.123375192774	0.30472938239	0.295586399354	0.276309025483
nea-	0.0	1.0	0.0	0.0
ijt-	0.410777507521	0.29668064736	0.249879492706	0.0426623524132
rep-	0.336223409618	0.106865611453	0.108545888362	0.448365090567
sea-	0.354167710247	0.338608055333	0.0544342572592	0.252789977162
esp-	0.00970758531952	0.94791602843	0.0351196311501	0.00725675510079
syu-	0.814338235294	0.152573529412	0.00367647058823	0.0294117647059
aug-	0.381697772426	0.618302227574	0.0	0.0
ama-	0.484244611691	0.0853367819881	0.029195528411	0.40122307791
yig-	0.0372680029696	0.951150705271	0.00668151447661	0.00489977728286
sur-	0.143613890524	0.704532077693	0.137728075338	0.014125956445
xbi-	0.0781758957655	0.491856677524	0.390879478827	0.0390879478827
ofi-	0.0374331550802	0.96256684492	0.0	0.0
fri-	0.0	0.980392156863	0.0196078431372	0.0
reg-	0.0446428571428	0.901785714286	0.0535714285714	0.0
pla-	0.0684289125683	0.832538543117	0.0873668035004	0.0116657408142
coi-	0.186721991701	0.417704011065	0.340248962656	0.0553250345782
mac-	0.292383736568	0.30190289742	0.0689178401858	0.336795525826
ico-	0.0	1.0	0.0	0.0
jaa-	0.270792495099	0.662559507141	0.00840100812099	0.0582469896387
stz-	0.391057169317	0.422877562035	0.0563434832695	0.129721785378
cup-	0.345765262253	0.371345657782	0.134673258813	0.148215821152
maj-	0.429319088554	0.39720870265	0.0709292665807	0.102542942216
pér-	0.0	1.0	0.0	0.0
sal-	0.0199806638737	0.943495541949	0.0189064346331	0.0176173595445
puj-	0.26399026764	0.327250608273	0.408759124088	0.0
sya-	0.369128450813	0.527906092719	0.0442607721027	0.058704684365
cim-	0.00551977920884	0.986200551978	0.0	0.00827966881325
tec-	0.682142412806	0.19362999212	0.0223945589516	0.101833036122
der-	0.0101522842639	0.989847715736	0.0	0.0
cam-	0.166979991832	0.700381777207	0.0249998759927	0.107638354968
yan-	0.0271130060961	0.911912329539	0.0247450579654	0.0362296063991
sim-	0.0221474355066	0.969073254401	0.00357675596363	0.00520255412892
mix-	0.409516918053	0.0684771585782	0.0431331735129	0.478872749856
gog-	0.0727272727273	0.890909090909	0.0363636363636	0.0
xeh-	0.469565217391	0.373913043478	0.0521739130435	0.104347826087
lic-	0.274616969806	0.577770809067	0.100349431055	0.0472627900725
spo-	0.267076211678	0.647650086256	0.0276029136493	0.0576707884163
ich-	0.655172413793	0.310344827586	0.0	0.0344827586207
jbu-	0.312903225806	0.561290322581	0.125806451613	0.0
ren-	0.181436811746	0.119559517567	0.699003670687	0.0
lla-	0.142164052804	0.765429312874	0.0710820264019	0.0213246079206
sul-	0.557177615572	0.114355231144	0.14598540146	0.182481751825
sla-	0.327490232372	0.285205633084	0.119536624618	0.267767509927
jta-	0.133449277704	0.748185141818	0.0261618713677	0.0922037091107
tab-	0.0585439369349	0.88233248319	0.0156503593786	0.0434732204962
naz-	0.00660368436672	0.983009779975	0.00821791832304	0.00216861733524
gal-	0.102849969215	0.871344896026	0.00862417036329	0.0171809643956
see-	0.549100439353	0.374012846894	0.0249151882543	0.0519715254992
jcu-	0.127644019357	0.701395906185	0.0947627235518	0.0761973509058
jdi-	0.0624920084483	0.634491460016	0.0226459392134	0.280370592322
ida-	0.317513385348	0.0820816445006	0.0372481613726	0.563156808779
elt-	0.361368176444	0.279261282563	0.0464756003099	0.312894940683
jsu-	0.602671419417	0.276273630247	0.100228292214	0.0208266581224
nue-	0.0322869955157	0.0484304932736	0.231390134529	0.687892376682
ibe-	0.201207243461	0.778672032193	0.0	0.0201207243461
neb-	0.274005898778	0.621411697108	0.0336482517584	0.0709341523555
t'u-	0.313382587055	0.178009834839	0.144001853905	0.364605724202
jpo-	0.273236805231	0.506071929005	0.209014479215	0.0116767865484
ixa-	0.0363809606306	0.925072545368	0.0229546537312	0.0155918402703
tej-	0.60054844607	0.206581352834	0.0658135283364	0.127056672761
ati-	0.257098452384	0.299398380729	0.34013024829	0.103372918598
huo-	0.340085581529	0.476849184839	0.0969259555842	0.0861392780476
agr-	0.00684931506849	0.989726027397	0.0	0.00342465753425
ecy-	0.260547255138	0.292947507012	0.0598202530197	0.38668498483
jah-	0.263033888101	0.0425630505658	0.0134329649725	0.68097009636
sno-	0.395942823356	0.500247870863	0.0717425568744	0.032066748906
jc'-	0.27467102561	0.327913478784	0.0689521537775	0.328463341829
lop-	0.0967853439336	0.162806774974	0.740407881092	0.0
lob-	0.0267022696929	0.973297730307	0.0	0.0
mun-	0.0210089977187	0.93204866168	0.0285960963834	0.0183462442177
xco-	0.402014941717	0.549606989025	0.00545105005719	0.0429270192003
j'o-	0.149797506243	0.568536001704	0.14861799832	0.133048493734
pav-	0.565770698015	0.125983262	0.0513394491097	0.256906590875
esl-	0.0	1.0	0.0	0.0
vue-	0.0983614585271	0.343349362898	0.0404199680714	0.517869210503
cax-	0.590424235036	0.345676378561	0.00457149823236	0.059327888171
ged-	0.0625	0.9375	0.0	0.0
cub-	0.672949002217	0.249445676275	0.0776053215078	0.0
one-	0.0	1.0	0.0	0.0
naí-	0.0357142857143	0.892857142857	0.0	0.0714285714286
sto-	0.419198336749	0.219988157133	0.270506629959	0.0903068761583
smu-	0.240681044969	0.467112976683	0.135918704156	0.156287274192
yuu-	0.245281881356	0.435851672882	0.233017787288	0.0858486584745
tes-	0.231452832783	0.681329070407	0.0402227722772	0.0469953245324
jup-	0.0	1.0	0.0	0.0
ilc-	0.219101123596	0.612359550562	0.11797752809	0.0505617977528
ajn-	0.667866645797	0.215917984035	0.0437470652684	0.072468304899
sil-	0.0716206466846	0.899062110579	0.00983800091822	0.0194792418181
baq-	0.605703661656	0.269095022806	0.0564837535795	0.0687175619584
maq-	0.133399701344	0.158287705326	0.294673967148	0.413638626182
sdo-	0.0949611334693	0.703470422846	0.142441700204	0.0591267434809
jlo-	0.431414016002	0.334815652722	0.128154178793	0.105616152484
jas-	0.121961504632	0.226607534952	0.0170913869857	0.634339573431
vie-	0.189165681913	0.295739781732	0.353716286668	0.161378249687
dru-	0.0	0.960784313725	0.0392156862745	0.0
ram-	0.0655737704918	0.934426229508	0.0	0.0
leu-	0.64197037661	0.341980363974	0.0	0.0160492594153
ilh-	0.528738448614	0.253360403248	0.143342201064	0.0745589470736
aah-	0.583384857719	0.189083454784	0.0517820076845	0.175749679813
gus-	0.29283177644	0.387993223899	0.215785319528	0.103389680133
lad-	0.225628774305	0.264146829347	0.0966790857295	0.413545310619
him-	0.0172413793103	0.862068965517	0.0	0.120689655172
jno-	0.417180240827	0.509813217029	0.0521475301033	0.0208590120414
nau-	0.463195554541	0.242597244424	0.237116541067	0.0570906599681
acu-	0.102180957185	0.797610445326	0.0316304688672	0.0685781286215
xpe-	0.550890585242	0.360050890585	0.0127226463104	0.0763358778626
rei-	0.0	1.0	0.0	0.0
egi-	0.0125279642058	0.924832214765	0.0626398210291	0.0
pim-	0.23748125937	0.665367316342	0.0755622188905	0.0215892053973
anz-	0.425474436258	0.552891270373	0.0216342933691	0.0
sín-	0.242424242424	0.757575757576	0.0	0.0
teó-	0.138271604938	0.83950617284	0.00740740740741	0.0148148148148
esm-	0.0103626943005	0.848013816926	0.141623488774	0.0
pri-	0.122638025482	0.339755031698	0.483443097187	0.0541638456331
tro-	0.0393386104326	0.950921431001	0.00649330571103	0.00324665285551
xmo-	0.69109947644	0.30890052356	0.0	0.0
sru-	0.292446866485	0.693950953678	0.00680108991825	0.00680108991826
pop-	0.497395833333	0.486979166667	0.0	0.015625
gol-	0.256811076373	0.743188923627	0.0	0.0
hac-	0.0480052755055	0.896378856531	0.0110395407086	0.0445763272551
yae-	0.408292658032	0.239282398976	0.0474265050072	0.304998437985
xil-	0.4499792445	0.523453715235	0.00664176006641	0.0199252801993
jna-	0.278789280788	0.455431189838	0.0597010632289	0.206078466145
nag-	0.0	1.0	0.0	0.0
toa-	0.162042720354	0.702430640805	0.0176773876749	0.117849251166
itu-	0.0	0.993975903614	0.00602409638554	0.0
vig-	0.0462719528867	0.743716479125	0.0410137764224	0.168997791566
des-	0.171145819562	0.193771364898	0.0712005892463	0.563882226293
fen-	0.0152284263959	0.946700507614	0.0152284263959	0.0228426395939
rui-	0.0881688018086	0.819140919367	0.051996985682	0.0406932931424
spa-	0.485617937856	0.361117342736	0.0609937875024	0.0922709319052
que-	0.106531928005	0.159628702484	0.0255129911894	0.708326378321
tir-	0.0291706846673	0.963114754098	0.00385728061717	0.00385728061716
man-	0.193618740359	0.635382291636	0.0406850862136	0.130313881791
toj-	0.342642860237	0.26038901367	0.256444398319	0.140523727775
men-	0.243150397617	0.472378638038	0.139917166548	0.144553797798
rob-	0.0	1.0	0.0	0.0
ric-	0.0604575420125	0.0764455420014	0.846017417761	0.017079498225
sie-	0.262913373878	0.570394667725	0.112762207151	0.0539297512461
fue-	0.305681325562	0.229396464525	0.157687490969	0.307234718944
jto-	0.340123164377	0.341070582662	0.214116532449	0.104689720512
ceb-	0.0	0.889908256881	0.110091743119	0.0
ixt-	0.43046935204	0.243175992039	0.252900420143	0.0734542357787
arf-	0.0	1.0	0.0	0.0
caa-	0.336138414911	0.129790380519	0.0362321023063	0.497839102264
sol-	0.07832268501	0.709044767481	0.147332724858	0.0652998226516
axu-	0.385714285714	0.2	0.3	0.114285714286
yic-	0.451296426069	0.320252277505	0.0925017519271	0.135949544499
lai-	0.921477378805	0.0248749655799	0.0252459555837	0.0284017000317
sra-	0.429819897654	0.524390243903	0.0155512726789	0.0302385857646
