-cac	0.11022480058	0.852066715011	0.00290065264685	0.0348078317621
-ua'	0.141025672994	0.340505832375	0.292719927473	0.225748567159
-can	0.321446429455	0.34795399515	0.0680837084447	0.26251586695
-cas	0.0925266903915	0.857651245552	0.00355871886121	0.0462633451957
-car	0.0	0.98773006135	0.0122699386503	0.0
-ive	0.0	1.0	0.0	0.0
-rbe	0.0102040816326	0.989795918367	0.0	0.0
-euj	0.302860347729	0.543466068424	0.146943353898	0.00673022994953
-caz	0.0	1.0	0.0	0.0
-cax	0.0534477070274	0.912900032992	0.0257340811613	0.00791817881886
-akē	0.248877485568	0.547145606158	0.13855035279	0.0654265554842
-xli	0.632077165568	0.300914105492	0.036062579491	0.0309461494488
-ivo	0.0319018404908	0.909202453988	0.0294478527608	0.0294478527607
-'mā	0.415298752462	0.187458962574	0.0623768877216	0.334865397242
-li'	0.191725950364	0.741676252218	0.0489133023665	0.0176844950515
-zis	0.0297545280962	0.110547501823	0.143315478123	0.716382491958
-zin	0.0759432496808	0.688736235286	0.170078359626	0.0652421554075
-nso	0.051724137931	0.948275862069	0.0	0.0
-pli	0.141342756184	0.858657243816	0.0	0.0
-'i'	0.21888006152	0.558696228248	0.0776641015916	0.14475960864
-auj	0.492250289057	0.327423960809	0.0564800833616	0.123845666772
-aum	0.0141106572596	0.976977348682	0.0	0.00891199405868
-nti	0.267527152896	0.363616997297	0.185591508026	0.183264341781
-ca'	0.198151282848	0.0543283154998	0.020190953831	0.727329447821
-nto	0.0400817771424	0.807993740434	0.0551360180524	0.0967884643717
-nta	0.460997376048	0.212413668228	0.0555042190761	0.271084736648
-uak	0.84140969163	0.105726872247	0.0	0.0528634361233
-uaj	0.36802413273	0.199095022624	0.0497737556561	0.383107088989
-tza	0.398134360448	0.314812519611	0.0776210289517	0.209432090989
-ual	0.0592592592592	0.148148148148	0.748148148148	0.0444444444444
-uan	0.0580571740564	0.0528177734633	0.0127615428642	0.876363509616
-chū	0.132045534259	0.0270022643058	0.00982312645993	0.831129074975
-uat	0.0991073055201	0.786117689925	0.0710511932956	0.0437238112589
-tzu	0.180536095434	0.188039336363	0.0328675998795	0.598556968324
-cxa	0.945945945946	0.0540540540541	0.0	0.0
-pun	0.0240263197412	0.907591077919	0.0166336059747	0.0517489963656
-ntu	0.24765729585	0.587014725569	0.0649263721553	0.100401606426
-dro	0.0184441140182	0.8953778987	0.00540985162453	0.0807681356576
-ctē	0.905462184874	0.0252100840336	0.0189075630252	0.0504201680672
-pra	0.124593716143	0.500541711809	0.342361863489	0.032502708559
-anū	0.460415951735	0.334042130497	0.0634255380161	0.142116379752
-ayā	0.471517824329	0.269753766997	0.098493201029	0.160235207644
-ksī	0.296647002502	0.425281021177	0.0622000504286	0.215871925892
-iva	0.0	1.0	0.0	0.0
-más	0.126632864798	0.127582423046	0.258709959412	0.487074752744
-aré	0.0	1.0	0.0	0.0
-opo	0.0	0.92277992278	0.0772200772201	0.0
-itu	0.0281446678571	0.93126690349	0.0340853046404	0.00650312401244
-tín	0.0	0.960396039604	0.039603960396	0.0
-mán	0.0269058295964	0.569506726457	0.403587443946	0.0
-smo	0.319407008086	0.0	0.518867924528	0.161725067385
-zi'	0.456770404158	0.408895467131	0.0712266122009	0.0631075165096
-opa	0.223865374809	0.658210096889	0.0740693523712	0.0438551759306
-dea	0.00877192982457	0.982456140351	0.000877192982455	0.0078947368421
-ātu	0.0962128966223	0.825997952917	0.0552712384852	0.0225179119754
-xla	0.500049072529	0.302679360094	0.0824418490528	0.114829718324
-oes	0.0365853658537	0.908536585366	0.0365853658537	0.0182926829268
-cat	0.220223643265	0.601545669049	0.0362479909722	0.141982696714
-'tu	0.790613718412	0.129963898917	0.014440433213	0.0649819494585
-den	0.071283095723	0.773930753564	0.134419551935	0.020366598778
-deo	0.00587293112654	0.973304858516	0.0	0.0208222103577
-'ti	0.601851851852	0.175925925926	0.222222222222	0.0
-oko	0.513943344145	0.276208526692	0.103924787776	0.105923341387
-des	0.0350310559006	0.858819875776	0.0373913043478	0.0687577639752
-zul	0.0	0.302575107296	0.697424892704	0.0
-'ta	0.196291017378	0.712289181381	0.0404165197584	0.0510032814824
-oka	0.460023020761	0.361187102733	0.0286878166236	0.150102059882
-imo	0.0034542314335	0.792170408751	0.0725388601036	0.131836499712
-āti	0.138528138528	0.788744588745	0.0727272727273	0.0
-ido	0.0992647058824	0.735294117647	0.0551470588235	0.110294117647
-lla	0.19944598338	0.518005540166	0.216066481994	0.0664819944598
-les	0.024030154039	0.917256316028	0.0198347615148	0.0388787684177
-obo	0.00504499179007	0.985782295864	0.0064208986419	0.00275181370367
-rpo	0.0	1.0	0.0	0.0
-rpa	0.0856065002902	0.890452698781	0.00652930934417	0.0174114915844
-eca	0.157894736842	0.691729323308	0.0977443609022	0.0526315789474
-llo	0.124482302007	0.856303002414	0.00061982888966	0.0185948666898
-ida	0.0165631469979	0.983436853002	0.0	0.0
-lāt	0.214285714286	0.510204081633	0.275510204082	0.0
-kpi	0.565335138795	0.211238997969	0.0406228842248	0.182802979012
-tli	0.719237482568	0.127201575309	0.0257224419096	0.127838500214
-ūta	0.142218246869	0.538461538462	0.273703041145	0.0456171735241
-upā	0.241359773371	0.210764872521	0.0770538243626	0.470821529745
-ūtl	0.065868263473	0.934131736527	0.0	0.0
-sio	0.0243902439024	0.878048780488	0.0	0.0975609756098
-tla	0.31954887218	0.578947368421	0.101503759399	0.0
-lu'	0.170688071176	0.627230308012	0.0349596247764	0.167121996035
-eja	0.0581395348837	0.767441860465	0.104651162791	0.0697674418605
-'ī'	0.307397207915	0.416575511808	0.0604904552846	0.215536824993
-tes	0.0661231884058	0.852053140097	0.0540458937198	0.0277777777778
-ntí	0.625	0.1171875	0.0	0.2578125
-ria	0.0347021399653	0.946211683054	0.00347021399653	0.0156159629844
-rio	0.0323304894477	0.907498877414	0.0507409070498	0.00942972608892
-opū	0.507924136139	0.417770849571	0.0478046245778	0.0265003897116
-hli	0.476348343924	0.363415906928	0.0865641403444	0.0736716088038
-a't	0.195070386134	0.657735446631	0.017588402606	0.129605764629
-a'j	0.169893244021	0.183637048855	0.106779596826	0.539690110299
-a'n	0.11979098437	0.26135066082	0.0339310015654	0.584927353244
-gre	0.048270313757	0.684633950121	0.247787610619	0.0193081255028
-a'c	0.167053364269	0.777262180975	0.0278422273782	0.0278422273782
-ūpā	0.244318181818	0.198863636364	0.0255681818182	0.53125
-tej	0.114908129891	0.620574941576	0.0391052252626	0.225411703271
-tel	0.0308641975309	0.932098765432	0.0216049382716	0.0154320987654
-gro	0.0	0.957446808511	0.0425531914894	0.0
-teo	0.0193394258845	0.919475939479	0.00875962231238	0.0524250123241
-lux	0.0594795539033	0.895910780669	0.0	0.0446096654275
-lā'	0.0227269278134	0.00556965759962	0.00291574410646	0.968787670481
-tī'	0.114881723137	0.468496880761	0.00692960462756	0.409691791474
-ara	0.0407282659951	0.0277772986457	0.0045622943084	0.926932141051
-nza	0.368421052632	0.631578947368	0.0	0.0
-eri	0.0	1.0	0.0	0.0
-aro	0.0561370123692	0.903266730098	0.00380589914367	0.0367903583888
-rón	0.0799261842482	0.863345385322	0.00848531408114	0.0482431163485
-ile	0.0	1.0	0.0	0.0
-mea	0.0	1.0	0.0	0.0
-bón	0.0194805194805	0.727272727273	0.175324675325	0.0779220779221
-rlī	0.418288184034	0.492117960584	0.0371639316316	0.0524299237497
-ixī	0.266240681576	0.554845580405	0.0	0.178913738019
-meo	0.161125319693	0.644501278772	0.0383631713555	0.156010230179
-alh	0.379791730029	0.113286970958	0.0441297999711	0.462791499042
-mei	0.0	1.0	0.0	0.0
-ni'	0.341804710269	0.436714760072	0.0686537554811	0.152826774178
-bán	0.0804387568556	0.597806215722	0.277879341865	0.0438756855576
-ntī	0.0435037644999	0.0595045726115	0.00105808362157	0.895933579267
-aya	0.168649107901	0.785896346644	0.0225148683093	0.0229396771453
-tzī	0.553453012118	0.22772323072	0.0875231631336	0.131300594029
-nmā	0.459854014599	0.277372262774	0.197080291971	0.0656934306569
-ayo	0.0161290322581	0.983870967742	0.0	0.0
-ū't	0.0740740740741	0.925925925926	0.0	0.0
-lēj	0.119284294235	0.612326043738	0.134194831014	0.134194831014
-lēk	0.0280373831776	0.551401869159	0.0654205607476	0.355140186916
-opā	0.547759358969	0.21270191207	0.0500275575529	0.189511171408
-āyu	0.11421319797	0.847715736041	0.0190355329949	0.0190355329949
-cti	0.530471948825	0.389373088997	0.0210031719076	0.0591517902703
-aón	0.0812182741116	0.918781725888	0.0	0.0
-huī	0.451972868373	0.292861465799	0.0871714284219	0.167994237407
-tzā	0.649350649351	0.324675324675	0.025974025974	0.0
-na'	0.254998052737	0.558098359033	0.0776897448376	0.109213843392
-ūla	0.257942575562	0.114900004534	0.0639496352006	0.563207784703
-dán	0.0318519315614	0.885290003228	0.0256106747014	0.057247390509
-dab	0.0	1.0	0.0	0.0
-xad	0.0	1.0	0.0	0.0
-ilh	0.53368409815	0.0550697870657	0.0111439952809	0.400102119504
-utī	0.496688741722	0.314569536424	0.0993377483444	0.0894039735099
-tio	0.043795620438	0.956204379562	0.0	0.0
-si'	0.166982922201	0.328815397127	0.452155055571	0.0520466251017
-xam	0.026107336755	0.0366392737414	0.00178004568784	0.935473343816
-tzē	0.206414536361	0.0415286526326	0.0868205263677	0.665236284639
-ota	0.122450224621	0.800295771004	0.0772540043748	0.0
-'ma	0.509705233194	0.396439695538	0.0649765878009	0.0288784834671
-ote	0.0173690588394	0.915174363808	0.037969570486	0.0294870068668
-pān	0.0656332531676	0.831645873609	0.0310067552365	0.0717141179874
-nka	0.395604395604	0.252747252747	0.21978021978	0.131868131868
-oto	0.0820668693009	0.917933130699	0.0	0.0
-ume	0.0581459133297	0.811300054855	0.127262753703	0.003291278113
-uma	0.344312918168	0.208492022645	0.392177045806	0.0550180133814
-eví	0.0449547218629	0.902652005175	0.0349288486416	0.0174644243209
-āna	0.627272727273	0.263636363636	0.0272727272727	0.0818181818181
-umi	0.0	0.853146853147	0.0	0.146853146853
ALL	0.20479567059	0.255026576753	0.0467486924796	0.493429060177
-ufo	0.0	1.0	0.0	0.0
-nan	0.302611910062	0.276803155878	0.0614658351681	0.359119098892
-nac	0.0128669073092	0.00294802437961	0.000620636711498	0.9835644316
-aka	0.0744547991968	0.551186874675	0.266352127768	0.10800619836
-aús	0.0612244897959	0.938775510204	0.0	0.0
-aúl	0.430303030303	0.533333333333	0.0181818181818	0.0181818181819
-jūt	0.163252654147	0.725673546354	0.0568284555576	0.0542453439413
-sin	0.138888888889	0.349206349206	0.40873015873	0.103174603175
-xa'	0.0262352073185	0.840350931079	0.0452567199002	0.0881571417019
-csa	0.233195353259	0.299787226987	0.367207533823	0.0998098859316
-nas	0.0289924116106	0.960798992752	0.00204171912751	0.00816687651002
-sia	0.00636942675161	0.988853503185	0.00079617834395	0.00398089171974
-nat	0.0908862081802	0.850394342432	0.00486143419797	0.0538580151899
-mos	0.0637441288303	0.920599418475	0.0	0.0156564526952
-mor	0.0	0.923566878981	0.0764331210191	0.0
-uīt	0.643564356436	0.267326732673	0.0	0.0891089108911
-jca	0.247329498768	0.453574363188	0.155299917831	0.143796220214
-hlī	0.423076923077	0.269230769231	0.230769230769	0.0769230769231
-gog	0.201408450704	0.77323943662	0.0253521126761	0.0
-sīn	0.056129970408	0.617088009995	0.0356632896425	0.291118729955
-a'ī	0.289752650177	0.556537102474	0.0424028268551	0.111307420495
-aán	0.0184615384615	0.972307692308	0.00923076923077	0.0
-tlō	0.639344262295	0.222482435597	0.0281030444965	0.110070257611
-tzi	0.206419592457	0.663176776048	0.0501025813406	0.0803010501548
-gos	0.0506208818003	0.848457739927	0.0171940125946	0.0837273656781
-mol	0.0	1.0	0.0	0.0
-uīn	0.124980933853	0.61530280337	0.0283541547806	0.231362107997
-yat	0.44982863671	0.440213252094	0.0799695354151	0.0299885757807
-con	0.0317237880004	0.0162548051029	0.0046419194672	0.94737948743
-jla	0.226757369614	0.0975056689342	0.648526077098	0.0272108843537
-ha'	0.370792589436	0.236152495585	0.162808413527	0.230246501451
-ber	0.0	1.0	0.0	0.0
-jli	0.60934657912	0.194345058967	0.0693909335477	0.126917428365
-eor	0.0	1.0	0.0	0.0
-bet	0.0	0.6775147929	0.0	0.3224852071
-cob	0.00167364016736	0.994142259414	0.000836820083682	0.00334728033473
-nte	0.0574523965857	0.908076165463	0.0344714379514	0.0
-ixa	0.395511921459	0.455820476858	0.131837307153	0.0168302945301
-ju'	0.164705882353	0.135294117647	0.35	0.35
-bel	0.0403587443946	0.916760089686	0.0327914798207	0.0100896860987
-zī'	0.646435909594	0.225541330804	0.0742848111269	0.0537379484748
-u'n	0.236741278466	0.318330710317	0.108194557861	0.336733453357
-yan	0.407857744733	0.270452206555	0.100374700549	0.221315348163
-rla	0.0	1.0	0.0	0.0
-u'j	0.232044198895	0.70349907919	0.0644567219152	0.0
-cos	0.0635068876956	0.687135185618	0.233247723558	0.0161102031286
-yaj	0.788430637386	0.0482056775576	0.0187466523835	0.144617032673
-iso	0.184210526316	0.753588516746	0.0430622009569	0.0191387559809
-upu	0.759493670886	0.215189873418	0.0	0.0253164556962
-reo	0.0	0.965136548518	0.0261475886113	0.00871586287042
-utū	0.64274260601	0.236102862573	0.0516688442808	0.0694856871362
-rea	0.00159193420005	0.964446802865	0.00212257893341	0.0318386840011
-isa	0.0735925426224	0.852814914755	0.0662332883601	0.00735925426223
-eve	0.0538906473651	0.202915106991	0.0447019194733	0.698492326171
-mā'	0.218838085905	0.132820281371	0.0220670705451	0.62627456218
-rey	0.0552187980898	0.821765181188	0.0364240092941	0.0865920114285
-uī'	0.639540018223	0.172921473979	0.0496289851827	0.137909522615
-eva	0.0352112676056	0.93661971831	0.0	0.0281690140845
-res	0.0350404947068	0.493330575052	0.455240280156	0.0163886500856
-imī	0.612890046275	0.278211542628	0.0489431061111	0.059955304986
-ātī	0.45991091314	0.427616926503	0.0723830734967	0.0400890868597
-ret	0.0106183635228	0.985633978763	0.00374765771393	0.0
-dia	0.0183019827148	0.844433146924	0.0	0.137264870361
-max	0.330049261084	0.669950738916	0.0	0.0
-hab	0.00664451827242	0.966777408638	0.0265780730897	0.0
-zīs	0.025974025974	0.103896103896	0.207792207792	0.662337662338
-zīt	0.337907375643	0.533447684391	0.118353344768	0.0102915951973
-ātē	0.655969739491	0.103166371789	0.22548959795	0.0153742907693
-naí	0.142637700241	0.829931972789	0.0208470484968	0.00658327847268
-haj	0.0	1.0	0.0	0.0
-mar	0.0313118482852	0.912169280911	0.00492324658573	0.0515956242185
-ham	0.0393534586562	0.911206811067	0.0220283038914	0.0274114263858
-han	0.375	0.5703125	0.015625	0.0390625
-tlī	0.340248962656	0.560165975104	0.0497925311203	0.0497925311203
-ya'	0.513257672049	0.276839976265	0.0663069292548	0.143595422431
-jua	0.18	0.79	0.03	0.0
-mal	0.0142901044868	0.907959434542	0.0156730178242	0.0620774431469
-tum	0.125786163522	0.0817610062893	0.792452830189	0.0
-man	0.142544266534	0.673305929557	0.10028710843	0.0838626954783
-jui	0.329851566795	0.267729521715	0.0923584387026	0.310060472787
-zīn	0.104418489071	0.267947322478	0.0991215948553	0.528512593596
-ūtī	0.23321424926	0.229070123507	0.497295090334	0.040420536899
-ītī	0.366336633663	0.534653465347	0.019801980198	0.0792079207921
-'nū	0.32967032967	0.489010989011	0.032967032967	0.148351648352
-xyā	0.560902255639	0.27040328093	0.00574162679426	0.162952836637
-unc	0.11897893844	0.277072202892	0.18670541109	0.417243447578
-ūnī	0.273291925466	0.670807453416	0.0	0.055900621118
-'tī	0.438530235038	0.446394455058	0.0311014351091	0.0839738747945
-pta	0.0860832137733	0.913916786227	0.0	0.0
-pto	0.0378338278932	0.951038575668	0.0066765578635	0.00445103857567
-unu	0.0886075949367	0.0506329113924	0.0379746835443	0.822784810127
-ujū	0.413043478261	0.491304347826	0.0260869565217	0.0695652173913
-ui'	0.248786971602	0.516254810073	0.0354972523871	0.199460965938
-tre	0.142551674982	0.486101211689	0.207412687099	0.163934426229
-xca	0.728298690596	0.242857796905	0.0288435124989	0.0
-gad	0.0	1.0	0.0	0.0
-tra	0.0233567983652	0.357997592886	0.0144643305539	0.604181278195
-kjū	0.489082969432	0.371179039301	0.0873362445415	0.0524017467249
-ada	0.0181818181819	0.95	0.0252525252525	0.00656565656565
-nli	0.578095181209	0.250567671798	0.102374678972	0.0689624680214
-ado	0.0916944826232	0.77302179462	0.0153151384253	0.119968584331
-tro	0.141162857969	0.696384148105	0.045125831646	0.117327162279
-'ni	0.395140261899	0.37018252672	0.182526719963	0.0521504914181
-gai	0.0	1.0	0.0	0.0
-mpā	0.475962008167	0.230825299604	0.0345386228341	0.258674069395
-gau	0.0	1.0	0.0	0.0
-sna	0.00879765395894	0.639296187683	0.351906158358	0.0
-gas	0.057315364312	0.770738542752	0.0461318785926	0.125814214343
-gar	0.121267380898	0.796671985411	0.0205151584227	0.0615454752678
-lam	0.157450076805	0.769585253456	0.0460829493087	0.0268817204301
-'ja	0.564010743062	0.356908385557	0.0790808713816	0.0
-nor	0.0	1.0	0.0	0.0
-beo	0.0	0.938144329897	0.0309278350516	0.0309278350516
-seo	0.0201207243461	0.949027498323	0.0228034875922	0.00804828973843
-uix	0.0576952429407	0.873060290003	0.0149580259476	0.0542864411091
-sem	0.0	1.0	0.0	0.0
-lao	0.317307692308	0.394230769231	0.0	0.288461538461
-'nī	0.29907151975	0.156278875257	0.152782404104	0.39186720089
-ino	0.120729896032	0.621048164651	0.248461701676	0.00976023764059
-ina	0.0358459647685	0.922163047931	0.0389184760344	0.00307251126587
-rza	0.0	1.0	0.0	0.0
-i't	0.553488372093	0.283720930233	0.125581395349	0.0372093023255
-uit	0.128725504049	0.0231222158105	0.00157030061407	0.846581979526
-sea	0.0384615384615	0.961538461538	0.0	0.0
-món	0.0110801318029	0.980012311258	0.000869029945321	0.00803852699424
-ūnū	0.380281690141	0.507042253521	0.0704225352113	0.0422535211268
-uez	0.0768489130664	0.828814119932	0.0295572742563	0.0647796927451
-uim	0.0	1.0	0.0	0.0
-uin	0.525291828794	0.105058365759	0.291828793774	0.0778210116732
-pre	0.0045402951192	0.927355278093	0.0	0.0681044267877
-set	0.0	1.0	0.0	0.0
-ses	0.0984455958549	0.761658031088	0.129533678756	0.0103626943005
-ser	0.0	1.0	0.0	0.0
-ñal	0.165584415584	0.775974025974	0.0194805194805	0.038961038961
-blo	0.0560008984852	0.783956423467	0.00269545563027	0.157347222417
-eda	0.0	0.801886792453	0.198113207547	0.0
-dón	0.0	1.0	0.0	0.0
-són	0.0212269514897	0.968159572765	0.0	0.0106134757448
-ena	0.0306929027918	0.946182307434	0.0193407332661	0.00378405650858
-'xa	0.3582395087	0.506653019447	0.0614124872057	0.0736949846469
-rso	0.0	1.0	0.0	0.0
-neo	0.0	1.0	0.0	0.0
-bed	0.293103448276	0.706896551724	0.0	0.0
-ias	0.0181975736568	0.976603119584	0.0	0.0051993067591
-ooz	0.0322580645161	0.967741935484	0.0	0.0
-kui	0.495733977367	0.29201953195	0.0498317847688	0.162414705913
-ban	0.0712530712531	0.70475020475	0.004914004914	0.219082719083
-eka	0.601740974205	0.200965646734	0.0844781228645	0.112815256197
-jot	0.336481700118	0.649350649351	0.0	0.0141676505313
-jor	0.138382421692	0.193548387097	0.0776063581112	0.5904628331
-jon	0.0362248609925	0.269380924123	0.0849320234837	0.609462191401
-stī	0.412249705536	0.417353749509	0.170396544955	0.0
-eyā	0.0858828292175	0.202706610375	0.556358799375	0.155051761032
-hyā	0.987205004265	0.012794995735	0.0	0.0
-bas	0.0	1.0	0.0	0.0
-job	0.0	0.894117647059	0.0705882352942	0.035294117647
-sús	0.00673028553952	0.584811264904	0.00283723727165	0.405621212285
-'nu	0.220277044649	0.707572657848	0.0459138256836	0.0262364718192
-que	0.0745456108201	0.00871295621817	0.00103873437706	0.915702698585
-kān	0.115888374674	0.347651792737	0.208861750121	0.327598082467
-asa	0.542683147335	0.226806882535	0.0845490116661	0.145960958463
-qui	0.247612770918	0.354097131168	0.387378040437	0.0109120574771
-yes	0.0347917764892	0.938323668951	0.00790722192936	0.0189773326304
-asi	0.122641509434	0.316037735849	0.297169811321	0.264150943396
-dre	0.688311688312	0.0779220779221	0.0	0.233766233766
-eyī	0.670995670996	0.264069264069	0.0281385281386	0.0367965367966
-lta	0.0181268882175	0.954682779456	0.0271903323263	0.0
-xi'	0.327467721783	0.518221574344	0.0350895460225	0.119221157851
-zor	0.0	1.0	0.0	0.0
-kāt	0.47619047619	0.460317460317	0.0634920634921	0.0
-ū'n	0.0920211512402	0.817117627997	0.0724956548636	0.0183655658988
-ogo	0.0	1.0	0.0	0.0
-ū'j	0.573979591837	0.395408163265	0.0	0.030612244898
-ras	0.176551724138	0.700229885057	0.0763218390804	0.0468965517242
-ū'c	0.0524017467249	0.947598253275	0.0	0.0
-sūn	0.0758017492712	0.897959183673	0.0262390670554	0.0
-īnī	0.423940814787	0.425326269106	0.0761922934681	0.0745406226389
-ral	0.115231329059	0.858083521053	0.0121296135852	0.0145555363022
-ram	0.0	1.0	0.0	0.0
-uía	0.0305711987128	0.937570394208	0.0173773129525	0.0144810941271
-red	0.0	1.0	0.0	0.0
-ero	0.0713514645184	0.114148273664	0.00649222560061	0.808008036217
-era	0.182960893855	0.775139664805	0.0	0.0418994413408
-uío	0.0	0.947598253275	0.0524017467249	0.0
-jo'	0.850460914132	0.121796777974	0.0	0.0277423078941
-rac	0.0	1.0	0.0	0.0
-uēn	0.049896049896	0.950103950104	0.0	0.0
-ela	0.0	0.993172507965	0.00682749203459	0.0
-por	0.0432725446561	0.128974076189	0.0122266643034	0.815526714851
-pos	0.00460122699386	0.995398773006	0.0	0.0
-ipā	0.175135320125	0.24443019694	0.0113978899732	0.569036592961
-kā'	0.542621204049	0.236531033564	0.150922349494	0.0699254128929
-ozo	0.460767946578	0.459098497496	0.0400667779633	0.0400667779633
-chu	0.21550134409	0.0895484381193	0.0396023731561	0.655347844635
-azo	0.0507614213198	0.94923857868	0.0	0.0
-hkā	0.0776836158193	0.360371267151	0.4398708636	0.12207425343
-'cu	0.0630674981176	0.916326289626	0.0174840588841	0.00312215337216
-īpa	0.0310880829016	0.906735751295	0.0	0.0621761658031
-aza	0.0940649496081	0.875326614408	0.0119447555058	0.0186636804778
-'cs	0.193047292831	0.611051018569	0.160146625804	0.0357550627967
-ēla	0.148148148148	0.638888888889	0.0833333333334	0.12962962963
-yuj	0.172272463254	0.0795752877659	0.0202642463456	0.727888002635
-aal	0.0	1.0	0.0	0.0
-lac	0.158156348848	0.841843651152	0.0	0.0
-aat	0.0	1.0	0.0	0.0
-lan	0.233393177738	0.678635547576	0.0394973070018	0.048473967684
-nos	0.116959064328	0.798538011696	0.0739766081871	0.0105263157895
-'nc	0.316030818169	0.252060397001	0.11463863012	0.31727015471
-laj	0.302310571834	0.199731508971	0.0313308377436	0.466627081451
-'na	0.430741888518	0.230938526059	0.0482234815884	0.290096103834
-kca	0.595822817858	0.213732486294	0.0531198329127	0.137324862936
-uja	0.321079335227	0.469048018153	0.0803156237863	0.129557022834
-fos	0.0	1.0	0.0	0.0
-sa'	0.38967717067	0.338137319073	0.182157613042	0.0900278972151
-eón	0.0708382526564	0.846989374262	0.076505312869	0.00566706021252
-las	0.0825045076485	0.846245565056	0.0165765136974	0.0546734135986
-noc	0.0	0.986984815618	0.0	0.0130151843818
-aac	0.0085645769099	0.978074683111	0.00513874614594	0.00822199383351
-dor	0.0629479812641	0.900295093619	0.0149543383554	0.0218025867611
-dos	0.225217231673	0.599528821442	0.063425529311	0.111828417574
-gel	0.00923888446711	0.920127346786	0.0101752578928	0.0604585108542
-fán	0.0	1.0	0.0	0.0
-fás	0.00449775112444	0.970764617691	0.02023988006	0.00449775112445
-doc	0.0	1.0	0.0	0.0
-bos	0.0	0.922151450814	0.0	0.0778485491862
-ges	0.0212765957447	0.957446808511	0.0212765957447	0.0
-xtū	0.490149733616	0.270102772844	0.122777589005	0.116969904534
-sas	0.332179930796	0.584775086505	0.0415224913495	0.0415224913494
-ión	0.260129229923	0.684290119214	0.0255317477463	0.0300489031169
-vor	0.464730290456	0.273858921162	0.0	0.261410788382
-la'	0.154795802385	0.0689916195223	0.0510539885075	0.725158589585
-mpi	0.188343994314	0.372423596304	0.337834636342	0.10139777304
-ibu	0.0237154150198	0.97628458498	0.0	0.0
-tol	0.0818432283507	0.810653125169	0.0159364702069	0.0915671762736
-tok	0.0624999999999	0.9375	0.0	0.0
-hām	0.388587432172	0.233327498687	0.0210047260633	0.357080343077
-olh	0.596291422226	0.147319090678	0.160362839734	0.0960266473623
-'uj	0.470888203611	0.23776972852	0.0740041365607	0.217337931308
-snā	0.136363636364	0.204545454545	0.659090909091	0.0
-tor	0.0910086795315	0.901407263841	0.00758405662762	0.0
-tos	0.0476008087303	0.882197887757	0.0300636686718	0.0401376348407
-olo	0.171802054155	0.754123871771	0.046685340803	0.0273887332711
-ēnū	0.646400878337	0.174500789131	0.129691895972	0.0494064365607
-āuj	0.396706064325	0.306641901582	0.0761431130815	0.220508921012
-san	0.130712008502	0.652497343252	0.0510095642933	0.165781083953
-sam	0.0	1.0	0.0	0.0
-sal	0.502645502646	0.497354497354	0.0	0.0
-ōsa	0.772277227723	0.227722772277	0.0	0.0
-iel	0.0897596003747	0.877458632532	0.0234155479238	0.00936621916951
-loi	0.0	0.981132075472	0.0188679245283	0.0
-cli	0.605738142906	0.211046488181	0.050856314061	0.132359054852
-atī	0.22366450606	0.304145474342	0.0397437874662	0.432446232132
-'jī	0.526578608248	0.332474226804	0.127416237113	0.0135309278351
-sué	0.104166666667	0.815476190476	0.0	0.0803571428571
-mín	0.0	1.0	0.0	0.0
-oca	0.401725728592	0.325403965195	0.109653437867	0.163216868346
-nkā	0.559707361126	0.286870316535	0.0617951020533	0.0916272202858
-rom	0.0	1.0	0.0	0.0
-cyā	0.636881742316	0.162222674537	0.141054345614	0.059841237533
-mas	0.0987525987526	0.866943866944	0.0	0.0343035343035
-'tē	0.801159000362	0.137993480623	0.0	0.0608475190149
-ipo	0.0102040816327	0.989795918367	0.0	0.0
-mpo	0.35183795949	0.112528132033	0.435858964741	0.0997749437359
-lha	0.540933061968	0.269830096814	0.0602138688676	0.12902297235
-iti	0.282485875706	0.512241054614	0.0583804143126	0.146892655367
-nā'	0.0530973451327	0.787610619469	0.116814159292	0.0424778761062
-mat	0.399478745394	0.235643030466	0.132111081154	0.232767142986
-noé	0.0054945054945	0.989010989011	0.0	0.00549450549453
-vos	0.00564040581621	0.992223076829	0.00213651735463	0.0
-īpā	0.559802208425	0.148157787114	0.0433133806744	0.248726623787
-rdo	0.0445434298441	0.596881959911	0.345211581292	0.0133630289532
-ānī	0.499427657473	0.330382763866	0.0960986624433	0.0740909162184
-jāt	0.0340528741208	0.519136551055	0.104050448702	0.342760126122
-jās	0.0585693710994	0.171387421988	0.270763322131	0.499279884782
-kē'	0.427288113527	0.422991797943	0.119776070824	0.029944017706
-xka	0.0189747003995	0.933089214381	0.00599201065246	0.0419440745672
-cu'	0.0487388735638	0.707680823295	0.0586884526244	0.184891850516
-nuc	0.302136161057	0.555248194252	0.0442600276625	0.0983556170278
-has	0.0142314990512	0.758064516129	0.22770398482	0.0
-jti	0.290968721281	0.239758492546	0.146953899637	0.322318886537
-jān	0.642857142857	0.214285714286	0.0	0.142857142857
-huā	0.165618509902	0.363064462049	0.0258327115503	0.445484316498
-īuj	0.45198935347	0.320472753089	0.118669600748	0.108868292693
-īta	0.0861855670103	0.84206185567	0.0	0.0717525773196
-nyā	0.280795715379	0.191277735271	0.52792654935	0.0
-nān	0.297371585638	0.520185535132	0.0340147740938	0.148428105137
-zēn	0.180251822399	0.24254473161	0.14844267727	0.428760768721
-ñía	0.0	0.145833333333	0.854166666667	0.0
-stu	0.0880861334852	0.0972690044206	0.091199522686	0.723445339408
-ālu	0.0820668693009	0.872340425532	0.0364741641338	0.00911854103343
-zēy	0.220338983051	0.169491525424	0.0677966101695	0.542372881356
-sto	0.0201491659167	0.855068687811	0.00517095781031	0.119611188462
-sti	0.174757281553	0.378640776699	0.0	0.446601941748
-ma'	0.182258834157	0.661311626352	0.0959256204421	0.060503919048
-āni	0.482244705434	0.355391499269	0.115108660845	0.0472551344521
-kxī	0.436550163685	0.341790400789	0.0837054488672	0.137953986659
-sta	0.0604170758328	0.0908236233504	0.0423064415904	0.806452859226
-saí	0.0	0.996974281392	0.0	0.00302571860816
-cun	0.0872727272727	0.847272727273	0.0654545454545	0.0
-ā'x	0.339928057554	0.645683453238	0.0107913669065	0.00359712230216
-lle	0.0	0.955056179775	0.0	0.0449438202247
-cui	0.628101103263	0.273831066488	0.0280193800712	0.070048450178
-cpā	0.310410094637	0.426498422713	0.0227129337539	0.240378548896
-hni	0.0470588235294	0.882352941177	0.070588235294	0.0
-quī	0.536749831423	0.305461901551	0.107215104518	0.0505731625084
-ián	0.0397350993378	0.920529801324	0.0397350993378	0.0
-asī	0.0652376514445	0.556383970177	0.36439888164	0.0139794967381
-cua	0.126297452276	0.743050010888	0.0740364375408	0.0566160992959
-ā't	0.378582020166	0.417849924931	0.0947689189866	0.108799135917
-ekē	0.562772470086	0.154786197941	0.233744550598	0.0486967813747
-uco	0.00794701986757	0.944370860927	0.0476821192053	0.0
-ā'n	0.156771592635	0.559844799739	0.129053491153	0.154330116473
-eya	0.447931526391	0.467902995721	0.037089871612	0.0470756062767
-lōt	0.304482567792	0.360154952961	0.0783619258439	0.257000553403
-uca	0.298903530363	0.515875558442	0.100164423395	0.0850564878
-cut	0.0886069049104	0.727836061651	0.052777602757	0.130779430682
-cus	0.367595480011	0.317703962214	0.108227707695	0.20647285008
-yāt	0.124168514412	0.682926829268	0.192904656319	0.0
-lej	0.241922739341	0.0460902082146	0.111771714578	0.600215337866
-apā	0.419043422651	0.27166466245	0.0929589273312	0.216332987568
-lem	0.0	1.0	0.0	0.0
-hnī	0.674376291362	0.158108983255	0.144200820304	0.0233139050791
-lea	0.00792725577058	0.958498484495	0.010025647004	0.0235486127302
-nno	0.0	1.0	0.0	0.0
-leg	0.0	1.0	0.0	0.0
-ūca	0.74713581617	0.1480889121	0.055488461664	0.0492868100662
-ley	0.0147190852668	0.929503328459	0.0126412380606	0.0431363482135
-zāt	0.077689007832	0.767116638461	0.0688732338935	0.0863211198132
-gón	0.0	0.994889267462	0.0	0.00511073253834
-yāc	0.110788423592	0.845222055275	0.0228093813279	0.0211801398044
-ola	0.0350877192982	0.964912280702	0.0	0.0
-ios	0.124749965079	0.61450269021	0.00710300035041	0.253644344361
-yān	0.0630470016208	0.543922204214	0.0583468395462	0.334683954619
-elo	0.0	1.0	0.0	0.0
-eel	0.0	1.0	0.0	0.0
-rra	0.0852727453008	0.830587702027	0.00764905024293	0.0764905024293
-āya	0.405201183929	0.352001124311	0.0765956117836	0.166202079976
-uā'	0.221592712652	0.0848827925857	0.0164484758707	0.677076018892
-eza	0.384492915141	0.33131666932	0.284190415539	0.0
-rro	0.0286579212916	0.931382441978	0.0133198789102	0.0266397578204
-'ya	0.528777709986	0.422412039862	0.0	0.0488102501525
-gio	0.0456273764258	0.954372623574	0.0	0.0
-alo	0.581395348837	0.255813953488	0.0232558139535	0.139534883721
-kyā	0.272727272727	0.227272727273	0.0227272727273	0.477272727273
-udá	0.0254474272931	0.971196868009	0.00335570469799	0.0
-bás	0.0193459235375	0.94472593275	0.0304007369876	0.005527406725
-ndo	0.0	0.933333333333	0.0666666666667	0.0
-'yu	0.443871248552	0.242176333055	0.0584035827678	0.255548835625
-xu'	0.103247487588	0.803779244632	0.0509500244624	0.0420232433169
-gia	0.0	0.971360381862	0.0286396181384	0.0
-ala	0.410438681937	0.223551890876	0.0720513302587	0.293958096928
-zā'	0.144330739595	0.0928632853259	0.0111050593329	0.751700915746
-ē'k	0.17166330758	0.520644384727	0.163111633636	0.144580674057
-uva	0.0935232372285	0.863882021064	0.0053243427135	0.0372703989945
-bia	0.14450867052	0.85549132948	0.0	0.0
-ōpā	0.683333333333	0.183333333333	0.0333333333334	0.1
-abé	0.0323831242873	0.814823261117	0.00425693652604	0.148536678069
-cla	0.530079130518	0.146534464677	0.0114405567737	0.311945848031
-chi	0.154483274089	0.0282853336716	0.0133320455302	0.803899346709
-xtu	0.481185358435	0.317988058537	0.0631163320166	0.137710251012
-zón	0.403669724771	0.428134556575	0.0152905198777	0.152905198777
-cho	0.402901785714	0.4140625	0.116071428571	0.0669642857143
-cha	0.125629240534	0.833369811045	0.0214488947253	0.0195520536952
-uāk	0.0939761210501	0.199627585864	0.0597916232786	0.646604669807
-ros	0.00486171132239	0.958837510804	0.0216076058773	0.0146931719965
-che	0.0582819630134	0.787046673605	0.154671363382	0.0
-pej	0.128661797145	0.797780390878	0.0153638837151	0.0581939282618
-uān	0.215205826901	0.345253196801	0.100996976724	0.338543999573
-elh	0.740049815517	0.147431193609	0.0149343199975	0.0975846708766
-oré	0.0	1.0	0.0	0.0
-uāt	0.604838709677	0.298387096774	0.0967741935484	0.0
-xuj	0.440065681445	0.261083743842	0.101806239737	0.197044334975
-aén	0.0	1.0	0.0	0.0
-xua	0.62109375	0.21484375	0.1171875	0.046875
-xuc	0.108351797538	0.765621998233	0.0438017904943	0.0822244137348
-'ke	0.43236403329	0.297099287299	0.0542974111722	0.216239268238
-ī'n	0.11947895243	0.575821519322	0.0984170656453	0.206282462602
-cca	0.693103448276	0.216379310345	0.0413793103448	0.0491379310345
-hu'	0.335099877701	0.461068079902	0.203832042397	0.0
-ter	0.0163710777626	0.959072305593	0.0245566166439	0.0
-hān	0.33145353016	0.361696245923	0.0906728589595	0.216177364958
-loc	0.0729927007299	0.92700729927	0.0	0.0
-ito	0.103764931628	0.808854073317	0.0380815823045	0.0492994127508
-nī'	0.202472042378	0.565234451638	0.211104571316	0.0211889346675
-eso	0.0385168151768	0.854268467951	0.00603621730382	0.101178499569
-lás	0.0392156862745	0.960784313725	0.0	0.0
-ī't	0.374313181886	0.423710621942	0.0701595374791	0.131816658693
-esa	0.382720906201	0.610786796832	0.000649229696692	0.00584306727024
-ite	0.0387569832402	0.887918994413	0.0712290502792	0.00209497206704
-ita	0.113630103201	0.652921468517	0.20152079076	0.0319276375214
-ko'	0.138828701001	0.158090809492	0.677061420708	0.0260190687991
-nko	0.444919786096	0.387165775401	0.090909090909	0.0770053475936
-spe	0.0443622920517	0.922365988909	0.0221811460259	0.0110905730129
-tu'	0.0712234926154	0.115249658439	0.132467430967	0.681059417979
-fté	0.0	1.0	0.0	0.0
-spo	0.0	1.0	0.0	0.0
-fas	0.0645161290322	0.89247311828	0.010752688172	0.0322580645161
-plo	0.258780036969	0.537892791128	0.203327171904	0.0
-alí	0.0	1.0	0.0	0.0
-bre	0.0340272217774	0.321724045903	0.621030157459	0.0232185748599
-kō'	0.38112006746	0.427641599028	0.0864907590088	0.104747574504
-áuj	0.435794095909	0.284227360698	0.0772455117117	0.202733031681
-bro	0.00593992193245	0.985574475307	0.00339424110426	0.00509136165638
-udo	0.526315789474	0.40350877193	0.0350877192982	0.0350877192982
-tpā	0.646000152305	0.17275652868	0.0398814274956	0.141361891519
-nīt	0.263717082796	0.688016999317	0.0100174546558	0.0382484632314
-hum	0.0	1.0	0.0	0.0
-rim	0.0	1.0	0.0	0.0
-'ka	0.607114591286	0.231220714821	0.0651365415998	0.0965281522934
-hui	0.512676056338	0.228169014085	0.0901408450703	0.169014084507
-hā'	0.783967878397	0.161826916183	0.0481824048182	0.00602280060227
-'ko	0.151536312849	0.136173184357	0.617318435754	0.0949720670391
-hua	0.447475271884	0.222755494419	0.0965598241695	0.233209409527
-tūj	0.427923143768	0.354253162113	0.0393936468089	0.178430047311
-tca	0.323949000689	0.51805651275	0.078394210889	0.0796002756719
-hut	0.363984674329	0.60153256705	0.0	0.0344827586207
-it'	0.698039215686	0.0901960784314	0.211764705882	0.0
-nīn	0.0932078932433	0.244501557613	0.0600702154704	0.602220333674
-ejo	0.0236220472441	0.976377952756	0.0	0.0
-lot	0.0100635324015	0.887623888183	0.0402541296061	0.0620584498093
-xcā	0.544303797468	0.177215189873	0.0506329113924	0.227848101266
-vas	0.0132283464567	0.986771653543	0.0	0.0
-nco	0.157035436832	0.842964563168	0.0	0.0
-tea	0.0130434782609	0.986956521739	0.0	0.0
-nce	0.0122699386503	0.98773006135	0.0	0.0
-kon	0.0465266558966	0.848788368336	0.104684975767	0.0
-nca	0.316402669601	0.191725559507	0.0843353491246	0.407536421767
-tun	0.417457101244	0.232053604389	0.129812429059	0.220676865308
-los	0.044411370582	0.898862835866	0.0328914265133	0.0238343670387
-jlī	0.73264781491	0.125964010283	0.141388174807	0.0
-tus	0.159818067754	0.453419071518	0.0988080301129	0.287954830615
-oro	0.00371015370637	0.7333989551	0.257893541304	0.00499734989021
-jón	0.017316017316	0.978354978355	0.0	0.004329004329
-elí	0.0498614958448	0.916897506925	0.0166204986149	0.0166204986149
-ncu	0.0541420213164	0.475480473048	0.386921019739	0.0834564858965
-ora	0.0174002047083	0.943705220061	0.00511770726715	0.0337768679631
-cia	0.140339836375	0.783162016642	0.0246136633802	0.0518844836026
-aba	0.0	1.0	0.0	0.0
-ruz	0.203054662379	0.667202572347	0.00755627009647	0.122186495177
-lix	0.100237247924	0.871886120996	0.0011862396204	0.0266903914591
-ō'j	0.735909822866	0.186795491143	0.048309178744	0.0289855072464
-chā	0.609408632899	0.123119157299	0.0125822787443	0.254889931057
-utu	0.855769230769	0.144230769231	0.0	0.0
-jen	0.069103333598	0.883704145896	0.0404507318623	0.00674178864371
-rut	0.0	1.0	0.0	0.0
-lis	0.00995850622407	0.860580912863	0.0	0.129460580913
-ico	0.0661013586955	0.388791950673	0.507465639152	0.0376410514794
-lim	0.0	1.0	0.0	0.0
-lin	0.0	1.0	0.0	0.0
-ipi	0.457598656591	0.395465994962	0.0787153652393	0.0682199832074
-omo	0.121421553789	0.0195598206938	0.00588781744373	0.853130808073
-pūm	0.0207715133531	0.976261127596	0.00296735905045	0.0
-oma	0.0146083307326	0.735224005471	0.214742461769	0.0354252020266
-xāk	0.0371937639198	0.930734966592	0.0160356347439	0.0160356347439
-lia	0.10306264162	0.81434105694	0.0193699290987	0.0632263723412
-ica	0.358357444711	0.221146210787	0.00657168152901	0.413924662973
-eas	0.0	0.972190034762	0.0	0.0278099652375
-abo	0.0	1.0	0.0	0.0
-tā'	0.442568956564	0.270799989963	0.105594055218	0.181036998255
-pa'	0.353199184333	0.501365857412	0.0969566388365	0.0484783194183
-ode	0.349753694581	0.546798029556	0.0	0.103448275862
-rna	0.0	1.0	0.0	0.0
-xuī	0.411290322581	0.5	0.016129032258	0.0725806451613
-rno	0.178571428571	0.770408163265	0.0306122448979	0.0204081632653
-zer	0.0	1.0	0.0	0.0
-ipa	0.00338983050847	0.996610169492	0.0	0.0
-āyā	0.152079660775	0.377007003669	0.400209633618	0.0707037019391
-chō	0.723111587593	0.124252721095	0.141188014464	0.0114476768484
-uro	0.0	0.458333333333	0.541666666667	0.0
-ura	0.043672523264	0.878388819834	0.0537507978634	0.0241878590385
-zey	0.161165330788	0.188379205707	0.45708104602	0.193374417485
-rga	0.0	1.0	0.0	0.0
-'yā	0.390492885131	0.21107444834	0.215456795216	0.182975871314
-lco	0.0274725274725	0.972527472527	0.0	0.0
-īca	0.532076366826	0.298673508634	0.0615498352441	0.107700289296
-tuc	0.263959390863	0.585025380711	0.0786802030457	0.0723350253807
-zej	0.193225806452	0.235806451613	0.106451612903	0.464516129032
-epe	0.0911821109382	0.908817889062	0.0	0.0
-ipe	0.00453857791225	0.995461422088	0.0	0.0
-knī	0.711458422812	0.2027125457	0.0283351121226	0.057493919365
-jpā	0.402555910543	0.290734824281	0.230031948882	0.0766773162939
-nio	0.0279547302792	0.94646245595	0.00474383301708	0.0208389807536
-tān	0.125341380357	0.0360430223541	0.0214437438889	0.8171718534
-apa	0.383071466551	0.4798969283	0.0759715559503	0.0610600491986
-mes	0.0	1.0	0.0	0.0
-ñor	0.0570962479608	0.752039151713	0.15660685155	0.0342577487765
-aís	0.214532871972	0.723183391004	0.0207612456747	0.0415224913495
-api	0.830607051981	0.119229371138	0.0392584514722	0.010905125409
-ave	0.0	1.0	0.0	0.0
-n'n	0.439834024896	0.261410788382	0.0497925311203	0.248962655602
-alī	0.171010138941	0.44382275629	0.301915133308	0.0832519714608
-tui	0.667761548676	0.243514888913	0.036023100528	0.0527004618835
-tāt	0.0477941176471	0.765931372549	0.0110294117647	0.175245098039
-par	0.0185185185185	0.981481481482	0.0	0.0
-pas	0.131032303925	0.79687228497	0.0356054024169	0.0364900086881
-fat	0.0	1.0	0.0	0.0
-nun	0.435296202233	0.436418404111	0.0910755419054	0.0372098517512
-kpā	0.531353135314	0.0635313531353	0.0272277227723	0.377887788779
-nui	0.221579164944	0.549400578752	0.200082678793	0.0289375775114
-ken	0.339613487507	0.567397105199	0.0226408991672	0.0703485081264
-icó	0.01246105919	0.98753894081	0.0	0.0
-sur	0.0291666666666	0.304166666667	0.4375	0.229166666667
-ael	0.0	0.989090909091	0.00872727272728	0.00218181818182
-sos	0.122807017544	0.725490196078	0.123839009288	0.0278637770897
-omé	0.0	1.0	0.0	0.0
-ket	0.0114285714286	0.925714285714	0.0571428571428	0.00571428571429
-suj	0.436123348018	0.52422907489	0.0132158590308	0.0264317180617
-sui	0.812682215743	0.0736151603499	0.0145772594752	0.0991253644315
-kat	0.0881936165581	0.43108053758	0.0466195089815	0.43410633688
-sés	0.0682293109092	0.842380221053	0.00207709156827	0.0873133764697
-sua	0.0125944584383	0.7040302267	0.132241813602	0.151133501259
-ēpā	0.605263157895	0.210526315789	0.0	0.184210526316
-zín	0.0181323662738	0.981867633726	0.0	0.0
-fes	0.386266094421	0.497854077253	0.0901287553648	0.0257510729614
-kot	0.0135135135135	0.97972972973	0.00225225225225	0.00450450450452
-i'j	0.218344922916	0.115618432374	0.626260631621	0.0397760130894
-dio	0.0	1.0	0.0	0.0
-aña	0.0	1.0	0.0	0.0
-i'n	0.371019514017	0.345380271478	0.0669450166561	0.216655197849
-lī'	0.454640414389	0.487026490761	0.0459796430377	0.012353451812
-ti'	0.060648391151	0.544415609401	0.215387317832	0.179548681616
-sla	0.249400479616	0.208633093525	0.470023980815	0.0719424460431
-dis	0.0	1.0	0.0	0.0
-feo	0.0	1.0	0.0	0.0
-i'x	0.0991220982258	0.0436290154309	0.0024786826292	0.854770203714
-uis	0.0	1.0	0.0	0.0
-jyā	0.303191489362	0.68085106383	0.0159574468085	0.0
-ke'	0.11388384755	0.25499092559	0.582123411978	0.049001814882
-spā	0.855065438682	0.0126030053321	0.132331555986	0.0
-mec	0.0	1.0	0.0	0.0
-nu'	0.0946848415317	0.650390559328	0.0792182451542	0.175706353987
-ēyā	0.0363636363637	0.781818181818	0.0909090909091	0.0909090909091
