-sa̱	0.406241156481	0.365762249955	0.0581519120712	0.169844681493
-tui	0.534934497817	0.361960213489	0.0655021834061	0.0376031052887
-xnu	0.51683395598	0.398096052572	0.0	0.085069991448
-caj	0.107174200449	0.020982631552	0.0104841933621	0.861358974637
-tap	0.293333333333	0.245	0.431666666667	0.03
-can	0.0996881517399	0.716076136843	0.0395237759097	0.144711935508
-cam	0.0158181868809	0.874928869922	0.00524773972353	0.104005203473
-cas	0.0412548345509	0.522990975505	0.00257842715944	0.433175762785
-car	0.0655737704918	0.912568306011	0.0	0.0218579234972
-ive	0.0826290116011	0.917370988399	0.0	0.0
-rbe	0.00551977920883	0.994480220791	0.0	0.0
-to̱	0.312354312354	0.645687645688	0.0	0.0419580419581
-sko	0.0905369072837	0.780857911031	0.109784911194	0.0188202704905
-caz	0.0	1.0	0.0	0.0
-cay	0.513802263646	0.342746389359	0.103780914027	0.0396704329677
-cax	0.154106212143	0.845893787857	0.0	0.0
-xli	0.307639809389	0.447600100118	0.150649762461	0.0941103280321
-ivo	0.0849616692605	0.894287855208	0.0138336503545	0.00691682517726
-pá̱	0.422277743619	0.214646061303	0.0572112008931	0.305864994185
-ro̱	0.251531784874	0.633442392451	0.0551604791391	0.0598653435362
-ziy	0.696565760035	0.163611612799	0.082742539828	0.0570800873386
-día	0.167202572347	0.440514469453	0.372990353698	0.0192926045016
-zit	0.231810879045	0.637365159513	0.0895111315125	0.0413128299289
-zis	0.0152148565905	0.203824559555	0.106545228807	0.674415355048
-plo	0.0453510873179	0.882615700683	0.0069902051881	0.0650430068112
-há̱	0.396442685901	0.270553466747	0.0654830587159	0.267520788637
-nso	0.14280925243	0.837076768354	0.0	0.0201139792156
-lea	0.00287963140718	0.984641965828	0.00767901708581	0.00479938567863
-tlá	0.113493064313	0.665825977301	0.169609079445	0.0510718789408
-ufo	0.0	0.973451327434	0.0265486725663	0.0
-aum	0.00326264274062	0.956498096792	0.0	0.0402392604676
-lo̱	0.0252181435687	0.923940729531	0.00934505119536	0.041496075705
-nti	0.393703738612	0.333098444326	0.120327463677	0.152870353385
-ako	0.448979591837	0.448979591837	0.0	0.102040816327
-utá	0.046357615894	0.278145695364	0.662251655629	0.0132450331126
-tzi	0.0923105740126	0.740570976213	0.0525461165451	0.114572333229
-nto	0.0167354242208	0.802220917669	0.0325258306541	0.148517827456
-pus	0.183173447985	0.0388488099969	0.00406124228754	0.773916499731
-nta	0.343484371863	0.327755839636	0.0252325814872	0.303527207014
-uaj	0.193780982425	0.549909869311	0.159418657053	0.0968904912122
-tza	0.180736267152	0.321461876638	0.255339935166	0.242461921044
-puy	0.503067484663	0.441717791411	0.0	0.0552147239264
-uan	0.241477781754	0.383279341268	0.119750327982	0.255492548997
-pak	0.604419101925	0.0748396293656	0.0898075552388	0.230933713471
-la̱	0.100256926194	0.0412251235011	0.00590133509844	0.852616615207
-uay	0.457881539861	0.180938874384	0.0721064355455	0.28907315021
-cxa	0.462925851703	0.394789579158	0.0778700257658	0.0644145433724
-pun	0.0967250018154	0.0642654854404	0.00406651659284	0.834942996151
-ntu	0.453194650817	0.112927191679	0.22882615156	0.205052005943
-lta	0.112473347548	0.823560767591	0.0213219616205	0.0426439232409
-pra	0.0177999288003	0.857600569598	0.124599501602	0.0
-yá̱	0.302101426528	0.201643826216	0.0855478213329	0.410706925923
-o̱y	0.427808990584	0.305149356933	0.0789470902383	0.188094562245
-más	0.0219646125686	0.965832824893	0.00366076876144	0.00854179377669
-o̱t	0.0430107526882	0.0250896057348	0.888888888889	0.0430107526882
-aré	0.0	1.0	0.0	0.0
-opo	0.0	0.920560747664	0.0794392523365	0.0
-zor	0.0	1.0	0.0	0.0
-tín	0.121435142594	0.600735970561	0.0791168353266	0.198712051518
-mán	0.185945329578	0.636300440808	0.0446777711703	0.133076458445
-ope	0.0773333333333	0.850666666667	0.0256	0.0464
-opa	0.314258464473	0.454458750596	0.128278493085	0.103004291846
-dea	0.00757755150367	0.980898255584	0.0053674323151	0.00615676059673
-dec	0.161389791311	0.836958317273	0.00165189141568	0.0
-̱sá	0.433623782675	0.266017426961	0.205535622758	0.0948231676065
-cat	0.101281211505	0.611610856114	0.231836765402	0.055271166979
-del	0.0	1.0	0.0	0.0
-oks	0.543093270366	0.350649350649	0.0354191263282	0.0708382526563
-deo	0.00702106318957	0.99147442327	0.0	0.00150451354062
-oko	0.135077674498	0.47848680533	0.354490753644	0.0319447665279
-des	0.0145227302733	0.940735524945	0.038140503748	0.00660124103332
-xlá	0.172350477751	0.096574176736	0.11201192082	0.619063424693
-aús	0.473684210526	0.526315789474	0.0	0.0
-oka	0.378281756228	0.46531113842	0.0485979220199	0.107809183331
-jún	0.0852545403218	0.51025689282	0.116448668486	0.288039898372
-imo	0.0	0.786277602524	0.0220820189274	0.191640378549
-ido	0.0	0.915662650602	0.0240963855422	0.0602409638554
-lla	0.0437956204379	0.802919708029	0.153284671533	0.0
-obo	0.0	0.992869875223	0.0	0.00713012477718
-rpo	0.0	0.908116385911	0.0	0.0918836140888
-aps	0.258522969662	0.567763246103	0.030800921468	0.142912862767
-rpa	0.0	0.991858887381	0.0	0.00814111261873
-lli	0.204605845881	0.20947741364	0.44641275465	0.139503985828
-llo	0.159245138058	0.835038044062	0.00571681788002	0.0
-uún	0.932203389831	0.0338983050847	0.0	0.0338983050847
-ida	0.011959581496	0.982914883577	0.00170851164229	0.00341702328457
-kpi	0.240310077519	0.0697674418605	0.015503875969	0.674418604651
-tli	0.518791858702	0.296000642628	0.0732161205999	0.11199137807
-álh	0.754395152241	0.0657589586295	0.0134659983541	0.166379890776
-bia	0.0447427293064	0.948545861298	0.0	0.00671140939598
-tla	0.245368620038	0.198109640832	0.353497164461	0.203024574669
-gre	0.252030243629	0.669560347242	0.0616073928871	0.0168020162419
-cu̱	0.161587303046	0.505621637021	0.0815170911697	0.251273968763
-tzí	0.0540017484501	0.840735327812	0.00467143152683	0.100591492211
-ter	0.0266114725015	0.955647545831	0.0177409816677	0.0
-uta	0.131516939844	0.319257360701	0.416765383704	0.132460315751
-ntí	0.744382022472	0.143258426966	0.0280898876404	0.0842696629214
-ria	0.0126907682796	0.965507142625	0.00618268198236	0.0156194071134
-ntá	0.269574831641	0.0830234194392	0.0269373806413	0.620464368278
-rio	0.0901894349519	0.813336152051	0.0455660908295	0.050908322168
-ayá	0.311277645769	0.431548163042	0.0460610491683	0.211113142022
-cú̱	0.125190339952	0.528592715418	0.0183081799615	0.327908764669
-uto	0.296827021495	0.559877175026	0.0204708290685	0.122824974411
-hli	0.718020195253	0.181948698316	0.0463725114854	0.0536585949464
-ejo	0.594477998275	0.336496980155	0.0	0.0690250215702
-hú̱	0.163138162241	0.0281113269213	0.008100133898	0.80065037694
-tea	0.023976023976	0.976023976024	0.0	0.0
-ris	0.0	1.0	0.0	0.0
-utu	0.0584135424522	0.121373759581	0.334520385685	0.485692312281
-tel	0.0576496674057	0.925720620843	0.0166297117516	0.0
-gro	0.0	1.0	0.0	0.0
-teo	0.0298013245033	0.92871055707	0.0	0.0414881184262
-ara	0.0208687167998	0.783525458028	0.181060961948	0.0145448632241
-mes	0.0	1.0	0.0	0.0
-lup	0.115546218487	0.884453781513	0.0	0.0
-dío	0.151705102409	0.583501006036	0.129494918227	0.135298973327
-lat	0.240882234069	0.371001655151	0.157792682692	0.230323428088
-cá̱	0.179273267178	0.0970540165461	0.144021993979	0.579650722297
-rón	0.0128571428571	0.952857142857	0.00857142857145	0.0257142857143
-mea	0.0	1.0	0.0	0.0
-lun	0.0331105710814	0.819258809235	0.105710814095	0.0419198055893
-uía	0.0249797242498	0.947769667478	0.000486618004866	0.0267639902676
-meo	0.411058787787	0.405134437187	0.0	0.183806775027
-alh	0.525529813974	0.226375915062	0.0668269300324	0.181267340932
-mei	0.0	1.0	0.0	0.0
-aya	0.610646584599	0.0708522937403	0.0198549517785	0.298646169882
-ui̱	0.388363882596	0.447093543412	0.0515327249828	0.11300984901
-ayo	0.0	0.842633928572	0.103794642857	0.0535714285714
-jcú	0.337450552999	0.272463066118	0.198756761121	0.191329619763
-uí̱	0.505435694852	0.110538807153	0.0381474527378	0.345878045258
-̱ti	0.0351814128941	0.563971831233	0.0477693604374	0.353077395435
-bás	0.00333425951653	0.971658794109	0.0183384273409	0.00666851903306
-̱an	0.121056782334	0.370268138801	0.357255520505	0.15141955836
-xat	0.0297228082746	0.876464578109	0.0241497817231	0.0696628318936
-cti	0.554309516181	0.12293068461	0.0183701804977	0.304389618712
-xay	0.203781274765	0.694328087852	0.0	0.101890637383
-cta	0.2156133829	0.515799256505	0.0	0.268587360595
-ojo	0.124768946396	0.832717190388	0.0425138632163	0.0
-dán	0.0266264757598	0.966591308716	0.0	0.00678221552374
-udá	0.00226013022655	0.997739869773	0.0	0.0
-xad	0.0	1.0	0.0	0.0
-ctu	0.166666666667	0.509803921569	0.323529411765	0.0
-nu̱	0.149132328891	0.292785688156	0.108069468241	0.450012514711
-xam	0.0188165017734	0.0456270300541	0.00282247526601	0.932733992906
-xan	0.114211830622	0.174981144273	0.254354774988	0.456452250117
-umu	0.147504093348	0.0591844229139	0.0192587520329	0.774052731706
-ota	0.0615114235501	0.861599297012	0.0768892794376	0.0
-tán	0.442682859259	0.32556783957	0.0652040952202	0.166545205951
-ija	0.240139961206	0.522382383144	0.22150382231	0.0159738333397
-iji	0.201635029957	0.448625342964	0.0374041099726	0.312335517106
-oto	0.0	1.0	0.0	0.0
-ume	0.0215182307232	0.924686192469	0.0484160191273	0.00537955768081
-uma	0.168863291558	0.331341630895	0.0573782868483	0.442416790699
-gog	0.0382165605096	0.96178343949	0.0	0.0
-tát	0.46565774156	0.511059371362	0.023282887078	0.0
-eví	0.0437782889367	0.956221711063	0.0	0.0
-ulu	0.380884450785	0.22967189729	0.389443651926	0.0
-naj	0.407703682929	0.0827192993639	0.0563147763344	0.453262241373
ALL	0.210465491011	0.251400054958	0.0474535961881	0.490680857843
-nan	0.31914893617	0.323877068558	0.321513002364	0.0354609929078
-nac	0.356854295718	0.221384325343	0.00201992997576	0.419741448963
-zun	0.00840831981119	0.991591680189	0.0	0.0
-aka	0.146562742714	0.515731535598	0.111744481898	0.22596123979
-̱hu	0.348221570799	0.280282837437	0.0940572114895	0.277438380274
-aúl	0.604584527221	0.361031518625	0.0	0.0343839541547
-sij	0.317097415507	0.598409542744	0.0546719681908	0.0298210735586
-sio	0.0	1.0	0.0	0.0
-sin	0.0	0.922580645161	0.0774193548387	0.0
-akx	0.489864864865	0.510135135135	0.0	0.0
-csa	0.425293948953	0.0424433610553	0.43819902495	0.0940636650416
-nas	0.0490231945562	0.891709958294	0.0373161630204	0.0219506841296
-sia	0.0270727580372	0.954314720812	0.00507614213198	0.0135363790186
-nat	0.169969466367	0.680369328109	0.105823144187	0.0438380613366
-put	0.475	0.475	0.05	0.0
-xni	0.160255750948	0.655873644318	0.0852099817407	0.0986606229936
-mos	0.139854212578	0.816070520427	0.0	0.0440752669944
-mor	0.0	0.952941176471	0.0470588235294	0.0
-igo	0.0793236010955	0.751564109651	0.05382044775	0.115291841504
-ver	0.272865201323	0.633184205407	0.0217856448162	0.0721649484537
-cán	0.213250051253	0.346144938739	0.0507057888481	0.38989922116
-cám	0.314723590586	0.630541871921	0.054734537493	0.0
-ra̱	0.204386839482	0.647201253383	0.134168921806	0.0142429853297
-yu̱	0.0533206900325	0.883675553448	0.0361975272621	0.0268062292571
-aán	0.525328504229	0.21622166766	0.0517730026575	0.206676825453
-gos	0.0873088366478	0.804047882313	0.0246783007227	0.0839649803161
-mol	0.0	1.0	0.0	0.0
-jcu	0.195440436691	0.164615219951	0.166220699989	0.473723643369
-yat	0.128292602576	0.55516405047	0.0255162572556	0.291027089698
-lún	0.0096463022508	0.931239178828	0.0145931239179	0.0445213950038
-jla	0.190390458611	0.654363197501	0.0300156183444	0.125230725543
-ní̱	0.119938473992	0.540521925317	0.0482147451764	0.291324855514
-ber	0.0	1.0	0.0	0.0
-eos	0.0188743994509	0.962022420499	0.0113103408831	0.00779283916724
-eor	0.0	1.0	0.0	0.0
-bet	0.00781758957655	0.923778501629	0.0	0.0684039087948
-cob	0.0	0.996209129679	0.0	0.00379087032065
-ixa	0.285714285714	0.297619047619	0.416666666667	0.0
-beo	0.0631578947368	0.842105263158	0.0315789473684	0.0631578947368
-bel	0.0397088021178	0.926255081781	0.0113453720336	0.0226907440673
-yan	0.211289649416	0.183535058431	0.0453881469115	0.559787145242
-rla	0.0	0.985611510791	0.0143884892086	0.0
-cos	0.0166769610871	0.922174181594	0.0611488573194	0.0
-yaj	0.139267005864	0.320315993442	0.113408236079	0.427008764615
-iso	0.228155339806	0.71359223301	0.0291262135922	0.0291262135922
-tún	0.501424656996	0.260261451397	0.0720548155452	0.166259076061
-ijá	0.518518518519	0.111111111111	0.037037037037	0.333333333333
-nte	0.0428734503172	0.863946481191	0.0801720247419	0.0130080437495
-rea	0.0145776078385	0.894491576055	0.0130242561835	0.0779065599235
-red	0.0	1.0	0.0	0.0
-uán	0.27022879704	0.173270289146	0.0598783791592	0.496622534654
-rey	0.0584870475006	0.762643441335	0.0162735634913	0.162595947673
-umá	0.172555771822	0.258347057943	0.0877376852822	0.481359484953
-eva	0.113626469308	0.835437527209	0.0248149760557	0.0261210274271
-res	0.0529472317952	0.784973668114	0.125527756643	0.0365513434484
-sán	0.147338266108	0.538285751703	0.223071634363	0.0913043478262
-ret	0.0181414206198	0.976361179192	0.00274870009392	0.00274870009391
-dia	0.100137174211	0.825788751715	0.0	0.0740740740741
-may	0.642632031325	0.258523541209	0.0988444274663	0.0
-hab	0.0893921334922	0.862932061979	0.0238379022646	0.0238379022646
-atí	0.419540229885	0.241379310345	0.0	0.33908045977
-si̱	0.29088588619	0.259607398254	0.152806758098	0.296699957458
-jut	0.288847711023	0.350863995443	0.0715382291765	0.288750064358
-avo	0.411798727588	0.537883169462	0.0416425679584	0.00867553499133
-haj	0.330882352941	0.343989769821	0.166879795396	0.158248081841
-mar	0.0854396582414	0.881808472766	0.0327518689925	0.0
-mat	0.468912074247	0.135664675017	0.0504230990871	0.345000151648
-han	0.208857503624	0.591287471356	0.0810223074405	0.118832717579
-atá	0.397145126804	0.274260997981	0.122824637717	0.205769237499
-maj	0.319989725857	0.405828659493	0.119149392944	0.155032221707
-hat	0.0	0.424242424242	0.575757575758	0.0
-man	0.0806222330531	0.802201372812	0.0174647658503	0.0997116282848
-csá	0.273615635179	0.372505613358	0.262800037949	0.0910787135132
-hay	0.609441520324	0.262536943343	0.050965243091	0.0770562932422
-jui	0.25	0.177083333333	0.510416666667	0.0625
-jun	0.0444678803735	0.137860701937	0.0680588216045	0.749612596085
-uat	0.138420326796	0.723455917566	0.0235399095377	0.1145838461
-unn	0.368105515587	0.113908872902	0.44964028777	0.068345323741
-xcu	0.122689914036	0.250101260263	0.46747476219	0.159734063511
-uni	0.0	0.833333333333	0.0	0.166666666667
-tat	0.113230796313	0.580408607899	0.0728359980336	0.233524597755
-jli	0.448637268848	0.294941678521	0.0977411095306	0.158679943101
-una	0.2919457666	0.15494891432	0.0778004938558	0.475304825224
-ó̱n	0.397278426744	0.414759815078	0.0597577720995	0.128203986079
-tzu	0.832369942197	0.0231213872832	0.14450867052	0.0
-nka	0.326358657492	0.335907878107	0.32088189861	0.0168515657913
-pta	0.0	1.0	0.0	0.0
-pto	0.0464797507788	0.925856697819	0.00448598130841	0.0231775700934
-unu	0.153720343698	0.202113266534	0.0275700096629	0.616596380105
-nko	0.127180232558	0.542151162791	0.237403100775	0.093265503876
-tá̱	0.129086879826	0.0698421985086	0.0218245113655	0.7792464103
-pu̱	0.258773055646	0.571627434738	0.0342421812764	0.13535732834
-ckó	0.372948781701	0.582297364495	0.0	0.0447538538041
-gad	0.0	1.0	0.0	0.0
-tra	0.128289348775	0.842471995443	0.0099677235618	0.0192709322195
-asá	0.0	0.852760736196	0.0	0.147239263804
-ada	0.182647023306	0.786861490158	0.0223402970656	0.00815118946987
-ado	0.0439549585144	0.895421770051	0.0164213749506	0.0442018964836
-tro	0.0106232294618	0.933250708215	0.00708215297449	0.0490439093484
-uez	0.241173382334	0.681388633679	0.0249376558603	0.052500328127
-gai	0.0	1.0	0.0	0.0
-adi	0.0	1.0	0.0	0.0
-gau	0.0	1.0	0.0	0.0
-zu̱	0.178777691661	0.19940198152	0.139868415305	0.481951911514
-gas	0.0	0.946900181657	0.0530998183428	0.0
-gar	0.145395395395	0.745995995996	0.0928428428429	0.0157657657657
-aat	0.0	1.0	0.0	0.0
-ana	0.254744668316	0.49421702444	0.0722942136741	0.178744093569
-na̱	0.240965450119	0.0786230851567	0.047951670024	0.6324597947
-nor	0.0	1.0	0.0	0.0
-ycú	0.206938675788	0.202540923528	0.194722697288	0.395797703396
-uiy	0.316949876014	0.469957158132	0.0990516543586	0.114041311495
-uix	0.0230492620349	0.120626238281	0.00380507992949	0.852519419754
-sem	0.0	1.0	0.0	0.0
-lao	0.0	1.0	0.0	0.0
-oes	0.0	0.889705882353	0.0882352941176	0.0220588235294
-̱lh	0.485611970831	0.150544511826	0.0445125859886	0.319330931354
-ino	0.0427110047573	0.833960969006	0.123328026237	0.0
-ina	0.219534498976	0.495086533209	0.0613367491715	0.224042218643
-uis	0.0	1.0	0.0	0.0
-inc	0.077519379845	0.910422049957	0.0120585701981	0.0
-uit	0.0900942628673	0.0374191996794	0.000944878200673	0.871541659253
-sea	0.0	1.0	0.0	0.0
-knu	0.0338954811232	0.609655265775	0.0262416628051	0.330207590297
-kni	0.328057798648	0.602014394804	0.0293381901167	0.0405896164311
-uim	0.0	1.0	0.0	0.0
-uio	0.0	0.863945578231	0.136054421769	0.0
-uin	0.0305911547461	0.0262091356316	0.00274114992121	0.940458559701
-pre	0.00999167360534	0.987510407993	0.00249791840133	0.0
-̱lu	0.095389507154	0.904610492846	0.0	0.0
-ses	0.241743725231	0.634081902246	0.0396301188904	0.0845442536328
-ser	0.0	1.0	0.0	0.0
-xa̱	0.439229084034	0.337420893523	0.12567860402	0.0976714184224
-blo	0.0361701353153	0.866491496874	0.000893498310628	0.0964448694996
-eda	0.0	0.823834196891	0.176165803109	0.0
-dón	0.0149176954733	0.981995884774	0.0	0.00308641975309
-són	0.0343466822567	0.938614440222	0.0226541946799	0.00438468284127
-ena	0.192675159236	0.79872611465	0.00859872611464	0.0
-nes	0.0598065083554	0.793315743184	0.023746701847	0.123131046614
-rso	0.0	0.988805970149	0.0	0.0111940298507
-neo	0.0	0.948275862069	0.0	0.0517241379311
-fos	0.0	1.0	0.0	0.0
-bed	0.244565217391	0.755434782609	0.0	0.0
-kua	0.135716554532	0.066472235858	0.0218590280385	0.775952181571
-ooz	0.03125	0.96875	0.0	0.0
-kui	0.535714285714	0.377790178571	0.0530133928572	0.0334821428571
-ban	0.0513577331759	0.79279811098	0.0247933884297	0.131050767414
-sni	0.181486293501	0.714305655474	0.0526677475814	0.0515403034435
-sá̱	0.357964869776	0.319200484555	0.0593579648698	0.2634766808
-kxu	0.106922887411	0.643015521064	0.20349839862	0.0465631929047
-eke	0.523619806488	0.374786568014	0.0825270347182	0.0190665907798
-nkó	0.512456064492	0.309014859941	0.0684302233486	0.110098852218
-uná	0.24413013829	0.109979275287	0.0395527887482	0.606337797675
-jor	0.225913621262	0.654485049834	0.0398671096346	0.0797342192691
-uá̱	0.292277824097	0.0769764420257	0.0288889542156	0.601856779662
-kxa	0.655396618986	0.204161248375	0.0312093628089	0.109232769831
-upu	0.717948717949	0.25641025641	0.025641025641	0.0
-unú	0.17614091273	0.624232719509	0.114758473445	0.0848678943155
-hoz	0.0392156862745	0.921568627451	0.0392156862745	0.0
-ko̱	0.161414717627	0.616132344552	0.119429549344	0.103023388477
-tú̱	0.226550280373	0.123628193316	0.0193528647326	0.630468661578
-bas	0.0	1.0	0.0	0.0
-job	0.119965724079	0.640102827764	0.0	0.239931448158
-reo	0.00368618295755	0.950236530073	0.0368618295755	0.00921545739388
-ju̱	0.215061682931	0.716197139876	0.0687411771926	0.0
-que	0.0810810810811	0.918918918919	0.0	0.0
-asa	0.116353066667	0.626666666667	0.0523114666667	0.2046688
-ma̱	0.177576347224	0.0799374404531	0.0202099763741	0.722276235948
-yes	0.00101409593347	0.977081431903	0.00456343170064	0.0173410404624
-asi	0.197145578607	0.190213158024	0.311320208841	0.301321054529
-ha̱	0.492032597978	0.320329759054	0.0679050096028	0.119732633366
-sná	0.124708377519	0.646659597031	0.228632025451	0.0
-dro	0.0130915337965	0.927705066199	0.00165584617189	0.0575475538322
-chá	0.443971429102	0.321496881252	0.081156011702	0.153375677944
-xán	0.180581323438	0.214594928881	0.0742115027829	0.530612244898
-sní	0.0685831071799	0.77160183603	0.0442255503066	0.115589506483
-lú̱	0.171673819742	0.470672389127	0.0858369098712	0.271816881259
-iní	0.0536092420957	0.711329871838	0.172904367625	0.062156518441
-iná	0.0735764604994	0.765854453527	0.0123044567278	0.148264629246
-sús	0.0199315559718	0.59805392398	0.00263275532545	0.379381764723
-ras	0.121853455187	0.715728715729	0.022126022126	0.140291806958
-̱lá	0.0601967781855	0.832133463422	0.0372063450815	0.0704634133107
-eri	0.0	1.0	0.0	0.0
-inú	0.439330543933	0.518828451883	0.0418410041841	0.0
-ram	0.0	1.0	0.0	0.0
-̱lú	0.203539823009	0.486725663717	0.0530973451327	0.256637168142
-isa	0.615567439097	0.384432560903	0.0	0.0
-ero	0.191957971307	0.506162861184	0.0575873913922	0.244291776116
-go̱	0.0335570469799	0.923024243254	0.0269826051226	0.0164361046432
-era	0.0	1.0	0.0	0.0
-uín	0.377843967444	0.205689126906	0.0275246432126	0.388942262437
-rac	0.0	1.0	0.0	0.0
-uíj	0.0	0.489247311828	0.168010752688	0.342741935484
-aén	0.0	1.0	0.0	0.0
-ya̱	0.391478327378	0.219274681935	0.100736346409	0.288510644278
-pos	0.0296697626419	0.923890608875	0.015479876161	0.030959752322
-ozo	0.269435569755	0.454739084132	0.0702875399362	0.205537806177
-pok	0.542635658915	0.198966408269	0.0	0.258397932816
-acu	0.0836263698747	0.543050766447	0.140828240757	0.232494622922
-ndo	0.0	0.965517241379	0.0344827586207	0.0
-̱nt	0.368421052632	0.526315789474	0.105263157895	0.0
-aza	0.0746363061353	0.839974699557	0.0474383301708	0.0379506641366
-kli	0.519172245892	0.302111029247	0.039305506615	0.139411218246
-kcu	0.340101522843	0.156514382403	0.334179357022	0.169204737733
-uju	0.493792325056	0.229683972912	0.129796839729	0.146726862302
-lac	0.257589696412	0.586370391338	0.126318024202	0.0297218880475
-ogo	0.0	1.0	0.0	0.0
-lam	0.275571600481	0.53670276775	0.0505415162455	0.137184115523
-lan	0.130148857093	0.654172042597	0.17827225635	0.03740684396
-nos	0.105742159366	0.710927781052	0.16172330256	0.0216067570222
-not	0.919191919192	0.0	0.020202020202	0.0606060606061
-laj	0.520536462699	0.321877619447	0.0385582564962	0.119027661358
-lak	0.1238426058	0.0747776882622	0.35052107939	0.450858626547
-ua̱	0.169980056181	0.132007416219	0.100833532307	0.597178995294
-uja	0.23121266974	0.578324955377	0.0615448656899	0.128917509193
-aan	0.236363636364	0.454545454545	0.2	0.109090909091
-eón	0.0785498489425	0.831822759315	0.0634441087614	0.0261832829809
-las	0.0411548689376	0.931777890338	0.00949727744712	0.0175699632772
-noc	0.0	1.0	0.0	0.0
-lay	0.43425202042	0.183930490725	0.109761935812	0.272055553043
-aac	0.0030349013657	0.990136570561	0.00455235204856	0.00227617602428
-dor	0.167580528571	0.715703732435	0.0220384703538	0.0946772686402
-dos	0.1904340124	0.749778565102	0.0	0.0597874224978
-gel	0.0142596216939	0.915953448868	0.008010385095	0.0617765443426
-má̱	0.374702589384	0.0850376660989	0.0214383714107	0.518821373106
-tí̱	0.173467776416	0.190131564974	0.0114642617374	0.624936396872
-e̱k	0.295976063595	0.303581633269	0.138405571533	0.262036731603
-fán	0.0338218714769	0.966178128523	0.0	0.0
-e̱n	0.205056179775	0.62420997191	0.066494030899	0.104239817416
-lí̱	0.0694306083733	0.407332010846	0.315144795087	0.208092585695
-doc	0.0	1.0	0.0	0.0
-ges	0.129963898917	0.870036101083	0.0	0.0
-yán	0.47338386121	0.346783673724	0.0707856479871	0.109046817079
-ahu	0.404392104677	0.392502809291	0.0903032935685	0.112801792463
-sas	0.145454545455	0.827272727273	0.0	0.0272727272727
-ión	0.540531187029	0.408215560578	0.00554971522732	0.0457035371662
-vos	0.0286893074073	0.961282805516	0.00200557741529	0.00802230966116
-mpi	0.389678842854	0.415297867124	0.104069624908	0.090953665114
-say	0.599192224246	0.218048088094	0.0461577891697	0.13660189849
-jas	0.0	1.0	0.0	0.0
-olh	0.47055612419	0.270487888093	0.118048447629	0.140907540089
-oli	0.224559408755	0.73450824332	0.0	0.040932347925
-zú̱	0.233978611052	0.210763895663	0.0697912805406	0.485466212745
-̱pa	0.56906077348	0.43093922652	0.0	0.0
-tor	0.0143884892086	0.834532374101	0.021582733813	0.129496402878
-tos	0.00764359030357	0.979799082769	0.00818956103953	0.00436776588774
-olo	0.21431596781	0.736552308344	0.0389665396019	0.010165184244
-saj	0.39550714772	0.471749489449	0.132743362832	0.0
-̱pi	0.222388059702	0.620895522388	0.105970149254	0.0507462686568
-stá	0.502127659575	0.302127659574	0.128510638298	0.0672340425532
-sam	0.0	1.0	0.0	0.0
-ucú	0.216346153846	0.242788461538	0.0649038461539	0.475961538462
-a̱n	0.200670039793	0.124131608727	0.12308580816	0.552112543321
-iel	0.0346751611638	0.940281666884	0.0192639784244	0.00577919352731
-mún	0.540983606557	0.459016393443	0.0	0.0
-ros	0.22933529556	0.478906058376	0.223080696591	0.0686779494727
-naí	0.0557142857143	0.908571428571	0.0185714285714	0.0171428571429
-clh	0.767605633803	0.183098591549	0.0281690140845	0.0211267605634
-cli	0.617023139736	0.248013310274	0.0334946036472	0.101468946343
-hán	0.522875816993	0.385026737968	0.0588235294118	0.0332739156268
-zi̱	0.211111290642	0.580819117867	0.0724433367399	0.135626254751
-mín	0.48497695876	0.176954226814	0.0286954123658	0.30937340206
-a̱y	0.3856601416	0.253488676317	0.125441094916	0.235410087166
-a̱x	0.279216890238	0.0575644984039	0.0368063914037	0.626412219955
-áma	0.274844720497	0.0	0.0	0.725155279503
-rom	0.0	1.0	0.0	0.0
-oco	0.516171856143	0.152667149409	0.0258266956312	0.305334298817
-lor	0.282384488449	0.277227722772	0.353754125413	0.0866336633664
-mas	0.138630600169	0.858199492815	0.0	0.00316990701606
-a̱s	0.186496498268	0.160172147101	0.132261028887	0.521070325744
-juy	0.590044061123	0.280209993438	0.0584981719321	0.071247773507
-̱sa	0.128902953587	0.352953586498	0.169198312236	0.348945147679
-mpo	0.104761904762	0.793650793651	0.0190476190476	0.0825396825397
-ipa	0.0229971724788	0.952120640905	0.0177191328935	0.0071630537229
-ham	0.0120425236664	0.957580011006	0.02064774422	0.00972972110793
-noé	0.0	1.0	0.0	0.0
-ikó	0.351687388988	0.306394316163	0.106571936057	0.235346358792
-rdo	0.0378548895899	0.728706624606	0.233438485804	0.0
-é̱n	0.386904571227	0.372987697794	0.138945714016	0.101162016963
-uxi	0.346064608246	0.50255815337	0.0826640490213	0.0687131893628
-lu̱	0.0750988017639	0.855050175287	0.0347835127538	0.0350675101956
-sat	0.679406919275	0.228336079077	0.0576606260297	0.0345963756178
-jua	0.227245499543	0.468394337779	0.224281976103	0.0800781865759
-tol	0.0742341337608	0.822256299446	0.0400794618897	0.0634301049036
-ji̱	0.198548724569	0.372334505632	0.0427592040244	0.386357565775
-jú̱	0.355838551808	0.31595011314	0.288428142925	0.0397831921276
-í̱n	0.146998145407	0.488975144071	0.112087147937	0.251939562585
-stu	0.203764690538	0.133450407352	0.203923066532	0.458861835578
-hax	0.168697282099	0.718837863168	0.112464854733	0.0
-sto	0.0121728223745	0.883008202124	0.00205724422824	0.102761731273
-sti	0.122943254181	0.275730113972	0.439694163023	0.161632468824
-í̱s	0.121212121212	0.606060606061	0.227272727273	0.0454545454546
-sta	0.0911400363884	0.107592442125	0.0207272564217	0.780540265065
-saí	0.0	1.0	0.0	0.0
-cun	0.101116855666	0.71909366163	0.139821188837	0.0399682938673
-cum	0.0	0.792307692308	0.0923076923077	0.115384615385
-á̱n	0.344939094978	0.295402196445	0.0841978471003	0.275460861477
-cuj	0.167569397427	0.418754231551	0.373053486797	0.0406228842247
-loé	0.0150715900527	0.856819894499	0.0	0.128108515448
-ucs	0.781483325037	0.0373320059731	0.0059731209557	0.175211548034
-akó	0.331125002337	0.490162228192	0.0785276685384	0.100185100933
-ián	0.0833333333333	0.805555555556	0.111111111111	0.0
-ca̱	0.38973155268	0.310592064153	0.113134111709	0.186542271459
-cua	0.163516298936	0.631891887824	0.073684483098	0.130907330143
-zán	0.383112267854	0.428721619328	0.0695818450255	0.118584267793
-ibo	0.0856531049251	0.82869379015	0.0428265524625	0.0428265524625
-cuy	0.344066684011	0.2033813812	0.0257006633114	0.426851271477
-pún	0.251142209591	0.495772925136	0.0183473036658	0.234737561607
-á̱t	0.455236597195	0.118364136846	0.167518678726	0.258880587233
-uca	0.435246291507	0.277809982461	0.0946817681857	0.192261957847
-cut	0.1481804115	0.555073325994	0.132458695382	0.164287567124
-eca	0.137651821862	0.813765182186	0.0485829959514	0.0
-ion	0.145454545455	0.745454545455	0.0	0.109090909091
-leo	0.239520958084	0.580838323353	0.0	0.179640718563
-̱ma	0.638804493747	0.233837348972	0.0457500176641	0.081608139617
-xi̱	0.23132183908	0.614279398762	0.138925729443	0.0154730327144
-mun	0.0576048509348	0.831227892875	0.11116725619	0.0
-leg	0.0	1.0	0.0	0.0
-pi̱	0.0760348988497	0.0169864674432	0.0032893849116	0.903689248795
-ití	0.103963612736	0.685510071475	0.171539961014	0.0389863547758
-ios	0.0354770951645	0.763143312693	0.0103525498747	0.191027042268
-íos	0.0695824377521	0.660907860137	0.0928541494121	0.176655552699
-les	0.0535024666912	0.907526600781	0.00554840395317	0.033422528575
-itá	0.12192513369	0.586554621849	0.0330022918258	0.258517952636
-eel	0.0	1.0	0.0	0.0
-rra	0.120325954018	0.743187850036	0.0396727771297	0.0968134188163
-rre	0.0500894454382	0.939177101968	0.0	0.0107334525939
-̱ta	0.272991046309	0.440384639961	0.0730784621492	0.213545851581
-rro	0.0272108843537	0.91156462585	0.0272108843538	0.0340136054422
-san	0.0692549842602	0.734522560336	0.151101783841	0.0451206715634
-gio	0.0657894736842	0.898325358852	0.0358851674641	0.0
-̱tu	0.137408935146	0.630598541461	0.0748786740282	0.157113849364
-nú̱	0.193358210251	0.076716969503	0.0888839425396	0.641040877706
-nda	0.0327011118378	0.944408109876	0.0	0.0228907782865
-̱cú	0.215536596318	0.516838796587	0.19353390211	0.0740907049843
-gia	0.0	0.972081218274	0.0279187817258	0.0
-ala	0.0908993094308	0.0776465445563	0.00993467408315	0.82151947193
-uva	0.0379069421733	0.962093057827	0.0	0.0
-osé	0.00866522791184	0.981034595514	0.00490484598784	0.00539533058662
-huá	0.470168855535	0.20066518847	0.087395531298	0.241770424697
-e̱t	0.284188034188	0.641025641026	0.0235042735043	0.051282051282
-hi̱	0.363894515114	0.25264426348	0.0624257047714	0.321035516634
-abé	0.0661449599403	0.882988634246	0.0011179429849	0.0497484628284
-cla	0.711397058824	0.174632352941	0.113970588235	0.0
-chi	0.372899365436	0.412862777979	0.109167825905	0.10507003068
-xtu	0.108915936826	0.79896153014	0.0595677849983	0.0325547480348
-xux	0.03125	0.84375	0.0	0.125
-cho	0.441361916772	0.225725094578	0.219419924338	0.113493064313
-cha	0.250051352445	0.581037848289	0.0186836800085	0.150227119257
-loi	0.0	0.971698113208	0.00943396226415	0.0188679245283
-che	0.184448462929	0.750452079566	0.0433996383363	0.0216998191682
-oré	0.0	0.831730769231	0.0	0.168269230769
-xui	0.430420711974	0.458622283865	0.046232085067	0.0647249190939
-ncú	0.353449896597	0.358902049257	0.0112803158488	0.276367738297
-oga	0.413265306122	0.122448979592	0.117346938776	0.34693877551
-ela	0.198255352894	0.754163362411	0.0317208564631	0.0158604282316
-iya	0.259081231432	0.18772973116	0.258012762877	0.295176274531
-chu	0.133327231959	0.801711435501	0.0153754633231	0.049585869217
-é̱s	0.0	1.0	0.0	0.0
-̱má	0.0	1.0	0.0	0.0
-lán	0.122015354914	0.608374305552	0.0793657317441	0.190244607789
-itu	0.0346385672683	0.842350830273	0.0423243043443	0.0806862981145
-pni	0.111111111111	0.888888888889	0.0	0.0
-loc	0.0	0.95983935743	0.0401606425703	0.0
-ito	0.0500994035785	0.93717693837	0.00437375745527	0.00834990059642
-tes	0.034188034188	0.965811965812	0.0	0.0
-eso	0.0362710785874	0.901845370665	0.0139993636653	0.0478841870824
-a̱c	0.0229042601924	0.977095739808	0.0	0.0
-iti	0.16184041184	0.716430716431	0.0777563277563	0.0439725439726
-ján	0.0694208126319	0.77008609542	0.0721006601783	0.0883924317702
-esa	0.184494006979	0.727507206797	0.0	0.0879987862236
-ite	0.0	0.83774954628	0.16225045372	0.0
-xna	0.297649361566	0.666271927941	0.00128852537475	0.0347901851182
-ta̱	0.264397726058	0.316309259144	0.050870637894	0.368422376903
-ita	0.195151036796	0.470285944698	0.119147913968	0.215415104537
-apu	0.131781199612	0.749893154842	0.0675552044326	0.0507704411136
-spe	0.0413080895009	0.917383820998	0.0413080895009	0.0
-̱ca	0.520725742835	0.371338417039	0.0287877991059	0.0791480410203
-̱tá	0.284482758621	0.396551724138	0.318965517241	0.0
-fté	0.0	1.0	0.0	0.0
-sé̱	0.0	1.0	0.0	0.0
-spo	0.0	1.0	0.0	0.0
-fas	0.04	0.938181818182	0.0218181818182	0.0
-̱cu	0.166677726901	0.131882230628	0.0806291061119	0.620810936359
-alí	0.0	1.0	0.0	0.0
-̱cs	0.728952772074	0.0246406570842	0.0	0.246406570842
-bre	0.0247456695078	0.939510585648	0.0357437448446	0.0
-ná̱	0.086189084222	0.0575572112705	0.0109535312429	0.845300173265
-bro	0.258506045788	0.649921230845	0.00343719950079	0.088135523866
-ril	0.0	0.778225806452	0.0	0.221774193548
-alá	0.267106347898	0.356416597966	0.0590821654301	0.317394888706
-hum	0.0	1.0	0.0	0.0
-hun	0.197583560942	0.62735063572	0.172462594366	0.00260320897157
-rim	0.0	1.0	0.0	0.0
-hui	0.0758330661777	0.707403308374	0.118351653064	0.0984119723847
-huj	0.387827349884	0.21163708982	0.0700086234285	0.330526936867
-hud	0.0	0.84962406015	0.15037593985	0.0
-qui	0.161087892861	0.151416122133	0.0142720067206	0.673223978285
-hua	0.2484065891	0.0870242014275	0.0714761914742	0.593093017999
-tcú	0.0374064837905	0.962593516209	0.0	0.0
-huy	0.652679953444	0.126240385885	0.131327917831	0.0897517428397
-ace	0.433420365535	0.477806788512	0.0574412532636	0.0313315926893
-a̱t	0.100496963342	0.639802309468	0.026490783127	0.233209944063
-hut	0.0848540725647	0.793526818573	0.0185479309837	0.103071177879
-abo	0.0380952380952	0.952380952381	0.00952380952381	0.0
-lot	0.0269966254218	0.836895388076	0.136107986502	0.0
-vas	0.0402673989502	0.955086362709	0.0046462383404	0.0
-nco	0.334499932696	0.665500067304	0.0	0.0
-chí	0.339449541284	0.495412844037	0.110091743119	0.0550458715596
-ñor	0.0211267605634	0.93661971831	0.0	0.0422535211267
-nce	0.0401337792642	0.946488294314	0.0133779264214	0.0
-tuj	0.789545454546	0.0440909090909	0.0218181818182	0.144545454545
-snu	0.106060606061	0.598484848485	0.164772727273	0.130681818182
-ael	0.0204620549636	0.962831247761	0.00556005254847	0.0111466447272
-tun	0.144587464844	0.653938535444	0.0484284863788	0.153045513334
-los	0.0451876890232	0.932129514321	0.0160113858744	0.006671410781
-kot	0.0216469396797	0.930501930502	0.0319007532122	0.0159503766061
-chú	0.381209087409	0.245283018868	0.0173276857913	0.356180207932
-jkó	0.642857142857	0.333333333333	0.0238095238095	0.0
-tut	0.240495179145	0.59928579931	0.0516605166052	0.10855850494
-oro	0.0131832092672	0.765689561399	0.213983618401	0.00714361093297
-sok	0.349695916594	0.332283521575	0.00380104257169	0.314219519259
-elí	0.00749063670412	0.962546816479	0.0149812734082	0.0149812734082
-tuy	0.347886049356	0.162619786173	0.08674961964	0.402744544831
-ora	0.016521773337	0.85287754219	0.0129813933362	0.117619291137
-iyá	0.220472440945	0.403937007874	0.172440944882	0.203149606299
-yún	0.314758838218	0.539361282692	0.0433696937837	0.102510185307
-hí̱	0.156180356345	0.0755844009274	0.0224642573823	0.745770985345
-tna	0.0710949223279	0.767775370397	0.0136241788627	0.147505528412
-lix	0.0412654745529	0.942228335626	0.0	0.0165061898211
-kán	0.413615170781	0.348351821572	0.131011010773	0.107021996874
-lit	0.515023190159	0.436579955636	0.0	0.0483968542045
-̱kó	0.454215711511	0.29822970538	0.0638850537055	0.183669529403
-icu	0.213714038503	0.60891196193	0.0605667315595	0.116807268008
-tzú	0.263959390863	0.441624365482	0.294416243655	0.0
-lip	0.327974276527	0.109324758842	0.350482315113	0.212218649517
-rut	0.0	1.0	0.0	0.0
-elo	0.0	1.0	0.0	0.0
-kó̱	0.495129445466	0.269095829199	0.0674611863476	0.168313538988
-lim	0.0	0.949152542373	0.0508474576271	0.0
-lin	0.0374472153613	0.637479085332	0.305951716995	0.0191219823122
-ipi	0.298611111111	0.534722222222	0.166666666667	0.0
-tnu	0.130080370023	0.792503377373	0.0116433494379	0.0657729031667
-lij	0.346736596737	0.490093240093	0.071595071595	0.0915750915751
-oma	0.0995036374879	0.842544502689	0.00904578522616	0.0489060745967
-rug	0.0	1.0	0.0	0.0
-ica	0.0650798162804	0.819975763379	0.0545772804117	0.0603671399291
-ipo	0.0255047821467	0.974495217853	0.0	0.0
-eas	0.134359209922	0.831189710611	0.00689021589341	0.0275608635737
-xcú	0.0842209095546	0.64625851265	0.0241270157084	0.245393562087
-ohu	0.342861557478	0.505098887515	0.0324474660074	0.119592088999
-̱xa	0.59462915601	0.40537084399	0.0	0.0
-sna	0.257789159198	0.594963721724	0.0334329207569	0.113814198321
-ode	0.0	1.0	0.0	0.0
-rna	0.0	1.0	0.0	0.0
-rno	0.118253675803	0.81453609371	0.0174383300723	0.0497719004146
-yay	0.443395977555	0.286777527325	0.0829603015191	0.1868661936
-hín	0.42222102345	0.341442248606	0.0453956966146	0.19094103133
-zer	0.0	1.0	0.0	0.0
-̱ná	0.0915931873182	0.832879796333	0.0342559435587	0.0412710727905
-kcú	0.144578313253	0.144578313253	0.0	0.710843373494
-hni	0.0406638691674	0.798016927241	0.0283612874075	0.132957916184
-ja̱	0.344716897013	0.455372269282	0.120775746768	0.0791350869371
-ura	0.0181268882175	0.970543806647	0.0113293051359	0.0
-hna	0.14552510308	0.67560029105	0.133398011157	0.0454765947126
-sda	0.0	1.0	0.0	0.0
-ú̱n	0.0852453892451	0.719168875753	0.0614022372816	0.134183497721
-jni	0.069298401759	0.795636193008	0.0403237361219	0.0947416691109
-̱nú	0.0798452824977	0.0902058295345	0.379057880923	0.450891007045
-ipe	0.00239952009598	0.986202759448	0.0	0.0113977204559
-uru	0.0753768844221	0.592964824121	0.0603015075377	0.27135678392
-paj	0.436130007559	0.0990173847317	0.0272108843537	0.437641723356
-apa	0.0540387033957	0.247149985801	0.688871759503	0.00993955130026
-nza	0.326848249027	0.673151750973	0.0	0.0
-pan	0.103910027111	0.315492696403	0.580597276485	0.0
-ujá	0.209119121509	0.533540224397	0.0	0.257340654094
-api	0.621307882088	0.167942832991	0.0196093849829	0.191139899938
-ave	0.123088946417	0.844673472378	0.0322375812045	0.0
-pay	0.477442329922	0.416583321147	0.0567459900456	0.0492283588857
-yú̱	0.238635487035	0.293080457997	0.0825408020453	0.385743252923
-za̱	0.31712443135	0.0885305271282	0.0442340945016	0.55011094702
-ci̱	0.682471264368	0.103448275862	0.21408045977	0.0
-pas	0.515397469563	0.470279302936	0.0	0.0143232275006
-pat	0.0709153614025	0.873760597787	0.040235666044	0.0150883747665
-fat	0.0	1.0	0.0	0.0
-tná	0.22	0.713333333333	0.04	0.0266666666666
-seo	0.10616143782	0.870750147132	0.0135814206166	0.00950699443161
-kon	0.478449980229	0.371293001186	0.150257018584	0.0
-nuj	0.130951705121	0.307286809132	0.192092778071	0.369668707676
-icú	0.0992366412213	0.402671755725	0.217557251908	0.280534351145
-ini	0.14669189889	0.753279743502	0.0290536579404	0.0709746996672
-icó	0.0314783586284	0.961776278808	0.00674536256323	0.0
-sur	0.0	0.819954988747	0.180045011253	0.0
-tum	0.112116531042	0.137935707088	0.0537992125557	0.696148549314
-sun	0.0988060930425	0.715932482503	0.111156854673	0.0741045697818
-omé	0.0	1.0	0.0	0.0
-sos	0.145441953078	0.842437884166	0.0121201627565	0.0
-sui	0.779774855737	0.101693311891	0.0655567117586	0.052975120613
-nuy	0.711741131067	0.236306961556	0.0103903814754	0.0415615259017
-aro	0.0481495468278	0.772998489426	0.00566465256798	0.173187311178
-nut	0.0234710300429	0.602699473274	0.323473468591	0.0503560280921
-koj	0.342298126973	0.241119757625	0.158327159125	0.258254956277
-sua	0.237592823727	0.539145348263	0.198748282705	0.0245135453052
-zín	0.0	1.0	0.0	0.0
-fes	0.136752136752	0.82905982906	0.0	0.034188034188
-sí̱	0.384981894416	0.485420240137	0.0438345721365	0.0857632933105
-ncs	0.359225185041	0.124111612033	0.0590444355062	0.45761876742
-dio	0.0	1.0	0.0	0.0
-aña	0.248908296943	0.675664946407	0.0317586343787	0.0436681222707
-da̱	0.0757727588068	0.880289832729	0.0346874277345	0.00924998072923
-sla	0.145683332212	0.761119709306	0.0608976515712	0.0322993069107
-dis	0.0	1.0	0.0	0.0
-feo	0.141266673669	0.818296397437	0.0278332107972	0.0126037180969
-ice	0.00611097531166	0.93314593009	0.0326326081643	0.0281104864336
-lem	0.0624651422197	0.920803123257	0.0	0.0167317345231
-rza	0.367302155703	0.205316837074	0.060749187381	0.366631819842
-̱ji	0.468571428571	0.531428571429	0.0	0.0
-̱na	0.152482236354	0.549739715812	0.146305858271	0.151472189562
-ni̱	0.15074406589	0.0737958382765	0.0136187324408	0.761841363393
-mec	0.0	1.0	0.0	0.0
-omo	0.526090675791	0.422583404619	0.0513259195894	0.0
-̱ni	0.447893538286	0.262183319101	0.224167378309	0.0657557643041
-hná	0.185365853659	0.814634146341	0.0	0.0
-nnu	0.38612565445	0.417539267016	0.196335078534	0.0
-li̱	0.523280118417	0.285339366012	0.0410825732025	0.150297942368
-nni	0.0	1.0	0.0	0.0
-̱án	0.34671850002	0.173767590452	0.174535714196	0.304978195332
-klh	0.408509755538	0.242212492767	0.0901855026259	0.259092249069
-̱nu	0.203087356117	0.613991255465	0.0223074863924	0.160613902025
-ihu	0.44261469491	0.338829761289	0.126233291376	0.0923222524248
-rta	0.150029398553	0.701009411189	0.0340511936543	0.114909996604
-ka̱	0.326535937545	0.450896406542	0.0846697464457	0.137897909468
