jer-	0.0409159492323	0.93600781042	0.00266264311707	0.0204135972309
voi-	0.173228346457	0.141732283464	0.653543307087	0.0314960629921
tut-	0.228575281505	0.394174364507	0.139572517025	0.237677836963
hem-	0.604395604396	0.32967032967	0.0659340659341	0.0
amg-	0.291095890411	0.426777560339	0.0	0.28212654925
jac-	0.0	1.0	0.0	0.0
viu-	0.722386587771	0.0887573964497	0.114644970414	0.0742110453648
ver-	0.496700797463	0.274930312458	0.0318153371519	0.196553552927
hiv-	0.100128369705	0.847240051348	0.0333761232349	0.0192554557125
mah-	0.440634438883	0.251922431529	0.142996804459	0.164446325128
wav-	0.209881058728	0.429489259118	0.0446703949405	0.315959287214
eno-	0.582935560859	0.192720763723	0.0328162291169	0.191527446301
bov-	0.5775	0.135625	0.07375	0.213125
ruw-	0.124350692156	0.124482531312	0.0566381015162	0.694528675016
ana-	0.0744309296793	0.0188473169574	0.0105417196541	0.896180033709
duy-	0.246475449684	0.753524550316	0.0	0.0
aub-	0.186246698024	0.0621168030162	0.0114997224205	0.740136776539
uwa-	0.429145851103	0.314975021323	0.165224808091	0.0906543194833
jim-	0.309090909091	0.472727272727	0.15	0.0681818181818
der-	0.177330895795	0.800731261426	0.0109689213894	0.0109689213894
abi-	0.107142857143	0.785714285714	0.107142857143	0.0
gan-	0.100548446069	0.703839122486	0.0	0.195612431444
gae-	0.203670972128	0.613868116927	0.0571040108769	0.125356900068
ari-	0.0878477306003	0.723279648609	0.0219619326501	0.166910688141
yau-	0.12389380531	0.858407079646	0.0176991150442	0.0
gig-	0.669642857143	0.258928571428	0.0267857142857	0.0446428571428
tai-	0.0499583680266	0.0774354704413	0.0249791840133	0.847626977519
mey-	0.12360699315	0.453634597689	0.0468254779675	0.375932931193
hum-	0.258097898211	0.574487248895	0.104634283059	0.0627805698352
abr-	0.0322580645161	0.967741935484	0.0	0.0
nen-	0.588855460928	0.137551937497	0.0290429069364	0.244549694639
wai-	0.166962661666	0.574906628008	0.199783159184	0.0583475511431
ira-	0.253666270313	0.381688466112	0.17439556084	0.190249702735
ate-	0.268656716418	0.594029850746	0.0776119402985	0.0597014925373
naw-	0.148546824543	0.806243272336	0.0	0.0452099031216
har-	0.63650615239	0.178034784666	0.0785317084714	0.106927354472
kam-	0.30770658398	0.544824932667	0.0362492361315	0.111219247222
sin-	0.374522292994	0.487898089172	0.0	0.137579617834
dor-	0.145894667975	0.144586195617	0.573765129212	0.135754007197
pat-	0.268126346016	0.542713567839	0.0559942569993	0.133165829146
kov-	0.576688798197	0.282603398916	0.108728756776	0.0319790461108
ror-	0.478813559322	0.311440677966	0.0635593220339	0.146186440678
vog-	0.378473873751	0.295712441394	0.196371543113	0.129442141741
jor-	0.135653954441	0.792679805477	0.0	0.0716662400819
him-	0.701992139856	0.0588155576636	0.00914758097303	0.230044721507
jam-	0.0	1.0	0.0	0.0
vig-	0.407695988589	0.26321404677	0.103660216566	0.225429748075
a'u-	0.0892354342647	0.100931340697	0.00519818063678	0.804635044401
por-	0.077027027027	0.760810810811	0.105405405405	0.0567567567567
big-	0.133997330321	0.376219324366	0.115514939932	0.37426840538
hor-	0.0235294117647	0.298039215686	0.0	0.678431372549
nai-	0.420788387931	0.148133419496	0.00298255207037	0.428095640503
gug-	0.0263736263736	0.512087912088	0.043956043956	0.417582417582
epa-	0.0	1.0	0.0	0.0
oro-	0.157511210762	0.567264573991	0.0134529147982	0.261771300448
nan-	0.115825217971	0.0727975231312	0.0794517975037	0.731925461394
dub-	0.518221156353	0.350398832178	0.104009175747	0.0273708357229
hah-	0.0	0.918699186992	0.0813008130081	0.0
mir-	0.47520854813	0.259490111538	0.165479426375	0.0998219139563
isa-	0.1375	0.84375	0.0	0.01875
tum-	0.533430991359	0.344392585262	0.00654516553815	0.115631257841
bab-	0.247344893476	0.194200299599	0.0469318859667	0.511522920959
ita-	0.247110502749	0.0394423814761	0.0132046997092	0.700242416066
tuh-	0.614053245548	0.0925086305331	0.0330531053226	0.260385018596
hei-	0.171385661911	0.240514156986	0.110870621494	0.47722955961
hur-	0.253012048193	0.698795180723	0.0481927710843	0.0
ne'-	0.700422483909	0.0383005546601	0.0215931373084	0.239683824123
moi-	0.244007301502	0.253300964577	0.062377806399	0.440313927522
doo-	0.5	0.0961538461538	0.403846153846	0.0
bo'-	0.463768115942	0.355877616747	0.0901771336554	0.0901771336553
vou-	0.101308569016	0.537674124103	0.290734487125	0.0702828197551
amr-	0.830989516748	0.0493479928407	0.0398874968039	0.0797749936078
vao-	0.330953926022	0.567813108371	0.0311486048021	0.0700843608047
jud-	0.087658780082	0.571080719127	0.040988596242	0.300271904549
non-	0.791100353752	0.0726121765034	0.0530627443679	0.083224725377
dod-	0.280397022333	0.501240694789	0.0893300248139	0.129032258065
tau-	0.155090151304	0.510834674446	0.0276406378211	0.30643453643
sab-	0.0377358490566	0.962264150943	0.0	0.0
pho-	0.0254777070064	0.292993630573	0.0382165605096	0.643312101911
aup-	0.15199920627	0.225915269372	0.0416708006747	0.580414723683
toy-	0.64262295082	0.334426229508	0.0229508196721	0.0
tuw-	0.145348837209	0.726744186047	0.0348837209302	0.0930232558139
hog-	0.330535152151	0.498866059642	0.106624242629	0.0639745455776
yav-	0.689351069303	0.135738957889	0.174909972808	0.0
emo-	0.17158353685	0.0795364307867	0.149191675531	0.599688356831
ghi-	0.458410351202	0.247689463956	0.0609981515712	0.232902033272
ta'-	0.176076849134	0.183473175764	0.0159847440621	0.62446523104
vip-	0.658296405712	0.195470211718	0.0280649926145	0.118168389956
and-	0.0	1.0	0.0	0.0
viy-	0.341823194544	0.390589764039	0.114061382762	0.153525658655
ALL	0.275073198855	0.299452276019	0.0533506284422	0.372123896684
san-	0.0926966292135	0.561797752809	0.0421348314607	0.303370786517
vo'-	0.783936651584	0.134615384615	0.0407239819004	0.0407239819004
mae-	0.285714285714	0.396825396825	0.222222222222	0.0952380952381
per-	0.0898605150214	0.655177038627	0.0160944206009	0.238868025751
ger-	0.309319899244	0.535012594459	0.0166246851385	0.139042821159
mor-	0.400796812749	0.364940239044	0.0669322709163	0.167330677291
vi'-	0.4313852799	0.33430877634	0.08414466468	0.15016127908
guy-	0.0960134755755	0.710836608647	0.014598540146	0.178551375632
ata-	0.181506398812	0.159070872559	0.0603022925871	0.599120436042
muh-	0.0976958525345	0.426728110599	0.381566820276	0.0940092165898
lev-	0.233576642336	0.664233576642	0.0	0.102189781022
num-	0.0666921703647	0.774037235399	0.0102014792145	0.149069115022
ami-	0.295615822385	0.309175858919	0.0158083327478	0.379399985948
kur-	0.887096774194	0.0645161290323	0.0483870967742	0.0
riy-	0.338192419825	0.287172011662	0.0830903790087	0.291545189504
jai-	0.0458015267175	0.946564885496	0.00763358778626	0.0
vik-	0.716247139588	0.105720823799	0.0192219679634	0.15881006865
tal-	0.0	1.0	0.0	0.0
gid-	0.133620689655	0.517241379311	0.336206896552	0.0129310344827
alp-	0.0	1.0	0.0	0.0
rod-	0.826923076923	0.0865384615384	0.0865384615385	0.0
paw-	0.8125	0.125	0.0	0.0625
nem-	0.386819484241	0.082071223905	0.0613999181335	0.469709373721
wan-	0.440535470397	0.192497781273	0.0926550850024	0.274311663328
pon-	0.396260423475	0.350288193	0.0598966070473	0.193554776477
hig-	0.354716981132	0.339622641509	0.0905660377359	0.215094339623
bui-	0.315789473684	0.684210526316	0.0	0.0
bog-	0.223315669947	0.763058289175	0.00908402725208	0.00454201362604
syr-	0.100628930818	0.364779874214	0.11320754717	0.421383647799
vib-	0.540030235964	0.223262831866	0.0612676118598	0.17543932031
lam-	0.0	0.961538461538	0.0384615384615	0.0
nar-	0.0502512562814	0.557788944724	0.361809045226	0.0301507537688
kaj-	0.139082508205	0.450062271642	0.0799554121282	0.330899808024
hih-	0.2109375	0.7890625	0.0	0.0
egh-	0.0905137620458	0.0558010461209	0.00973199034752	0.843953201486
pur-	0.250854012246	0.519046084434	0.0794070254592	0.15069287786
eya-	0.0368271954674	0.787535410765	0.0113314447592	0.164305949008
ani-	0.127103022389	0.270926166834	0.0282431729108	0.573727637866
ou'-	0.0261437908497	0.97385620915	0.0	0.0
gud-	0.0983907789966	0.548304471296	0.336600033409	0.0167047162983
aut-	0.187723210155	0.348878629189	0.0984437741715	0.364954386484
ghu-	0.285628832062	0.441453566622	0.11888739345	0.154030207866
ded-	0.208238312429	0.530216647663	0.0584378563284	0.20310718358
ahu-	0.0737410071943	0.375899280575	0.291366906475	0.258992805755
mom-	0.554650798622	0.300657688694	0.048230504228	0.096461008456
ban-	0.0796963946869	0.681214421252	0.239089184061	0.0
ter-	0.511880389351	0.18710650391	0.0493783116509	0.251634795088
wen-	0.505376344086	0.225806451613	0.0	0.268817204301
dab-	0.0808080808081	0.919191919192	0.0	0.0
puy-	0.0866666666666	0.726666666667	0.0866666666666	0.1
aen-	0.409266409266	0.260617760618	0.011583011583	0.318532818533
ale-	0.0	1.0	0.0	0.0
ker-	0.165027277236	0.409447842619	0.229128781617	0.196396098529
sid-	0.14950166113	0.485049833887	0.0132890365448	0.352159468439
i'a-	0.634615384615	0.326923076923	0.0384615384615	0.0
oli-	0.13	0.81	0.06	0.0
amv-	0.387587789637	0.330552176077	0.0602430459548	0.221616988331
dec-	0.068085106383	0.689361702128	0.0	0.242553191489
amd-	0.615012106538	0.101694915254	0.0435835351089	0.239709443099
voh-	0.41727791361	0.300190165716	0.0939961966857	0.188535723988
kon-	0.475	0.475	0.05	0.0
eli-	0.0	1.0	0.0	0.0
win-	0.183861082737	0.763023493361	0.00408580183861	0.0490296220633
mut-	0.2186285397	0.65019433648	0.04372570794	0.0874514158801
vit-	0.38795588202	0.427856696529	0.0670153210507	0.1171721004
heg-	0.685945160705	0.1787724714	0.0245142545851	0.11076811331
var-	0.148070184284	0.747787833716	0.0218569591852	0.0822850228149
pan-	0.597895486806	0.282410325268	0.0184144904502	0.101279697476
aum-	0.106529975485	0.287497214174	0.0	0.605972810341
nim-	0.165492858895	0.699339672199	0.0261795350251	0.10898793388
tor-	0.163950143816	0.501438159156	0.07861936721	0.255992329818
yam-	0.291511966846	0.240044316713	0.0274716502923	0.440972066149
ina-	0.476024383368	0.0757732166658	0.00641244713484	0.441789952832
ruv-	0.265306122449	0.428571428571	0.265306122449	0.0408163265306
rov-	0.283601565898	0.113092648978	0.529795563288	0.0735102218356
mai-	0.148643269817	0.371531555155	0.0157221875084	0.46410298752
ape-	0.217632781103	0.104859174183	0.0913227473838	0.58618529733
vur-	0.704225352113	0.267605633803	0.0	0.0281690140845
yor-	0.208810572687	0.401762114538	0.0845814977973	0.304845814978
aet-	0.364238410596	0.337748344371	0.188741721854	0.109271523179
'wa-	0.206268950586	0.374747243536	0.298660251369	0.120323554508
yes-	0.0170875532279	0.641562626702	0.0015881719007	0.33976164817
po'-	0.405797101449	0.510869565218	0.0579710144927	0.0253623188406
voo-	0.405904059041	0.243542435424	0.20295202952	0.147601476015
tur-	0.282050366683	0.13265878561	0.0294519639742	0.555838883732
tah-	0.502808988764	0.362359550562	0.0	0.134831460674
kun-	0.273876404494	0.683988764045	0.0	0.0421348314607
pe'-	0.783951816592	0.0929991580857	0.00777151738875	0.115277507933
wey-	0.74	0.26	0.0	0.0
nei-	0.8701215611	0.046065259117	0.0	0.0838131797825
aid-	0.0846432889964	0.802498992342	0.112857718662	0.0
jig-	0.0368098159509	0.963190184049	0.0	0.0
rip-	0.486775464266	0.1924592009	0.219471018571	0.101294316263
mum-	0.313008130081	0.467479674797	0.0853658536585	0.134146341463
gir-	0.409250645513	0.40315439182	0.025447664501	0.162147298166
we'-	0.227401129943	0.0515536723164	0.031779661017	0.689265536723
met-	0.346666666667	0.172	0.012	0.469333333333
100-	0.0602409638554	0.313253012048	0.0963855421687	0.530120481928
tuy-	0.21294695722	0.378428316705	0.0364439423431	0.372180783732
gin-	0.185104844541	0.552060737527	0.0354302241504	0.227404193782
mat-	0.109586251948	0.614270645691	0.137279743002	0.138863359359
ged-	0.601784105142	0.221040879131	0.166701615783	0.0104733999445
aka-	0.101694915254	0.186440677966	0.533898305085	0.177966101695
ru'-	0.26213592233	0.271844660194	0.466019417476	0.0
par-	0.552582451773	0.179371499689	0.0208462974487	0.247199751089
ala-	0.0833333333333	0.708333333333	0.208333333333	0.0
guh-	0.604203152364	0.283712784588	0.0210157618214	0.0910683012258
nah-	0.100590240253	0.111397456148	0.0216144317898	0.76639787181
aem-	0.0598823739084	0.845303867403	0.0449117804313	0.049901978257
pom-	0.170616113744	0.431279620853	0.0284360189573	0.369668246446
rag-	0.495819911072	0.295137989017	0.0815205960658	0.127521503846
tha-	0.00826446280992	0.99173553719	0.0	0.0
geh-	0.0148014712012	0.940794115195	0.0444044136035	0.0
her-	0.0235294117647	0.905322128852	0.0408963585434	0.0302521008403
puu-	0.633986928105	0.0326797385621	0.254901960784	0.078431372549
ipa-	0.707947718786	0.0186718623153	0.0007306380906	0.272649780809
ona-	0.265080604726	0.0772236483661	0.011208643433	0.646487103475
dan-	0.23046894866	0.706675883524	0.0448965484402	0.0179586193761
aru-	0.1821898016	0.328945977376	0.321651337351	0.167212883673
tev-	0.11856474259	0.621350568308	0.19255627368	0.0675284154224
hay-	0.315262718932	0.550458715596	0.04670558799	0.0875729774812
vom-	0.407592701589	0.16359468418	0.0576190328676	0.371193581364
vot-	0.524655877419	0.215017524468	0.0160003118791	0.244326286233
vav-	0.243158561621	0.316279958454	0.330747935968	0.109813543958
eni-	0.634431455898	0.0924548352816	0.0637619553666	0.209351753454
don-	0.276073619632	0.680981595092	0.0122699386503	0.0306748466258
hiw-	0.3973638052	0.289233388362	0.136968633925	0.176434172513
tat-	0.354019746121	0.304654442877	0.0465444287729	0.294781382228
kip-	0.110014104372	0.495063469676	0.0	0.394922425952
pot-	0.357142857143	0.514285714286	0.0857142857143	0.0428571428571
hiy-	0.480798459824	0.437126355254	0.0243185733103	0.0577566116121
joh-	0.0104662226451	0.921265461465	0.0171265461465	0.0511417697431
boi-	0.331482751345	0.149831205823	0.0116309737314	0.5070550691
sis-	0.09375	0.90625	0.0	0.0
wat-	0.164854686279	0.102560458561	0.060754636538	0.671830218622
aug-	0.165191740413	0.509587020649	0.0486725663717	0.276548672566
mos-	0.0311804008909	0.942093541203	0.0	0.0267260579064
kok-	0.141034251175	0.80702932617	0.0	0.051936422655
vok-	0.748438631427	0.125633598841	0.0475199131065	0.0784078566257
yaw-	0.365756715125	0.351633748468	0.0272613700714	0.255348166336
ote-	0.217159131363	0.233772398244	0.331078675685	0.217989794707
bet-	0.0269058295964	0.897757847534	0.067264573991	0.00807174887891
hip-	0.5213492241	0.0156031994547	0.0219403350694	0.441107241376
raa-	0.972508591065	0.0274914089346	0.0	0.0
phi-	0.00871586287044	0.956420685648	0.0	0.0348634514817
ogh-	0.212403495074	0.490969612336	0.143614682783	0.153012209807
aun-	0.220480668757	0.219958202717	0.0485893416928	0.510971786834
otu-	0.472955974843	0.211320754717	0.11320754717	0.20251572327
den-	0.529850746269	0.201492537313	0.089552238806	0.179104477612
rai-	0.491171586935	0.299917332255	0.0527302445054	0.156180836304
yan-	0.304504746053	0.00520072937576	0.00041148628028	0.689883038291
bad-	0.090470036052	0.83293653493	0.0129242908646	0.0636691381539
sim-	0.00198412698413	0.982142857143	0.0	0.015873015873
gho-	0.597343656469	0.144842738618	0.0527464726682	0.205067132244
rug-	0.214555527575	0.767313019391	0.0	0.0181314530345
vij-	0.559230426705	0.185391619451	0.141876641024	0.11350131282
ma'-	0.353278533589	0.246022253564	0.104568677339	0.296130535508
naz-	0.031862745098	0.876225490196	0.0367647058823	0.0551470588235
gal-	0.0200956937799	0.903827751196	0.0401913875598	0.0358851674641
hav-	0.158597662771	0.143572621035	0.0734557595993	0.624373956594
kar-	0.153932350412	0.763603890439	0.0347215827996	0.0477421763496
kay-	0.801603206413	0.0	0.0	0.198396793587
amn-	0.010152284264	0.989847715736	0.0	0.0
vob-	0.358974358974	0.641025641026	0.0	0.0
not-	0.412509897071	0.215360253365	0.131433095804	0.240696753761
tak-	0.0786516853933	0.921348314607	0.0	0.0
het-	0.176563321072	0.823436678928	0.0	0.0
tay-	0.0998114162182	0.542799319258	0.0932109838554	0.264178280668
gog-	0.341503946822	0.596177814707	0.0	0.0623182384711
unu-	0.149043303122	0.730614300101	0.0810674723062	0.0392749244713
ano-	0.432217546679	0.165662247221	0.0335511337605	0.368569072339
mep-	0.103892076291	0.171189331679	0.0273944280767	0.697524163953
gen-	0.347909658818	0.239308024988	0.374819798174	0.0379625180202
nuw-	0.384867060284	0.332643877001	0.0982161884347	0.184272874281
au'-	0.390946502058	0.331275720165	0.0	0.277777777778
dag-	0.125654450262	0.874345549738	0.0	0.0
pop-	0.270108043217	0.621848739496	0.0648259303722	0.0432172869147
gol-	0.0681818181818	0.897727272727	0.0	0.0340909090909
weh-	0.119984417608	0.126217374367	0.00233735878457	0.75146084924
aiw-	0.126308034014	0.0406314884608	0.00624702058486	0.82681345694
bai-	0.622035573123	0.227272727273	0.0177865612648	0.13290513834
had-	0.639344262295	0.311475409836	0.0	0.0491803278689
kad-	0.331460674157	0.5	0.0337078651685	0.134831460674
cap-	0.312075983718	0.63907734057	0.0	0.0488466757123
rui-	0.53678158848	0.240553643196	0.0249788238686	0.197685944455
upa-	0.202816901408	0.135211267606	0.0	0.661971830986
men-	0.197215025907	0.362370466321	0.0479274611399	0.392487046632
hop-	0.210353752353	0.20106749734	0.0303446476798	0.558234102627
ain-	0.557620817844	0.163568773234	0.0	0.278810408922
tap-	0.0973654066438	0.484536082474	0.135820651285	0.282277859597
aho-	0.154252247793	0.437158019192	0.312903846683	0.0956858863317
ame-	0.0	0.547619047619	0.0	0.452380952381
pam-	0.872340425532	0.127659574468	0.0	0.0
mag-	0.111803535873	0.333482036233	0.392760293109	0.161954134784
vow-	0.38503914178	0.308495216005	0.0260945201508	0.280371122064
bot-	0.0134228187919	0.624161073826	0.362416107383	0.0
dob-	0.146164620582	0.361786273379	0.0743182005437	0.417730905496
opa-	0.68137254902	0.0735294117647	0.0	0.245098039216
tou-	0.537142857143	0.242448979592	0.014693877551	0.205714285714
tho-	0.00749063670412	0.955056179775	0.0	0.0374531835206
ram-	0.136363636364	0.606060606061	0.0	0.257575757576
aur-	0.163863042581	0.138515836274	0.173259384883	0.524361736261
hit-	0.252784815217	0.0299191699843	0.00530823983592	0.711987774963
man-	0.238083034341	0.589185033316	0.0461301896463	0.126601742696
vin-	0.369495039593	0.358768698106	0.100362521965	0.171373740336
sip-	0.118141097424	0.814669652856	0.00839865621501	0.058790593505
gah-	0.272596843616	0.368723098996	0.157819225251	0.200860832138
dum-	0.267233912666	0.145449702687	0.0908902677423	0.496426116905
bar-	0.0160349854227	0.958454810496	0.00728862973761	0.018221574344
zeb-	0.0	1.0	0.0	0.0
pet-	0.000953288846519	0.995233555767	0.0	0.00381315538608
apo-	0.0808151492391	0.208115282092	0.0266726175031	0.684396951166
amb-	0.177396280401	0.70243204578	0.068669527897	0.0515021459227
von-	0.405855921148	0.336135671836	0.0173938251921	0.240614581823
gag-	0.126279863481	0.689419795222	0.0819112627987	0.102389078498
aro-	0.366759517177	0.503249767874	0.129990714949	0.0
awa-	0.100160697382	0.817784577454	0.0231140070883	0.0589407180752
kao-	0.272656045965	0.326194828937	0.244450248106	0.156698876991
neh-	0.698109994892	0.0870083432658	0.0756002043249	0.139281457517
rub-	0.779508196721	0.0418032786885	0.0172131147541	0.161475409836
rir-	0.593436496612	0.117583643955	0.023618407728	0.265361451705
tog-	0.0831622176591	0.698151950719	0.161190965092	0.0574948665298
dav-	0.12337287068	0.552369191278	0.0480728771959	0.276185060846
na'-	0.0949677160013	0.229706303545	0.113433660779	0.561892319674
wak-	0.187007874016	0.454724409449	0.26968503937	0.0885826771654
tan-	0.219354976295	0.388841729314	0.111257941348	0.280545353043
vag-	0.377358490566	0.622641509434	0.0	0.0
a'i-	0.190564292322	0.277520814061	0.0138760407031	0.518038852914
hub-	0.127033307514	0.350116189001	0.0557707203718	0.467079783114
aha-	0.253999523975	0.084845932734	0.0147448690016	0.646409674289
amk-	0.231714452896	0.447630193095	0.0889409011118	0.231714452896
voe-	0.561403508772	0.157894736842	0.175438596491	0.105263157895
ipi-	0.063578564941	0.845594913715	0.0272479564033	0.063578564941
ohe-	0.606413994169	0.160349854227	0.104956268222	0.128279883382
wam-	0.0608475190149	0.864179645056	0.00869250271641	0.0662803332126
oye-	0.477707006369	0.0	0.254777070064	0.267515923567
boa-	0.1	0.866666666667	0.0333333333333	0.0
vai-	0.421088186681	0.199392059018	0.039063065612	0.34045668869
ton-	0.12008262566	0.0624741794813	0.0	0.817443194859
te'-	0.594512195122	0.0396341463415	0.32012195122	0.0457317073171
rav-	0.0819416315161	0.394363965078	0.0154256513923	0.508268752013
000-	0.113484646195	0.045393858478	0.0	0.841121495327
aya-	0.515625	0.125	0.296875	0.0625
oyo-	0.18544600939	0.541079812207	0.0704225352112	0.203051643192
mar-	0.130561154359	0.326536720777	0.0130294557426	0.529872669121
bee-	0.249687890137	0.450686641698	0.0374531835206	0.262172284644
ret-	0.1640625	0.765625	0.0234375	0.046875
kah-	0.111769686706	0.288738357324	0.0914479254869	0.508044030483
dam-	0.24510593784	0.414114802858	0.131664713821	0.209114545481
viw-	0.364454402868	0.224485771902	0.0503338561506	0.360725969079
han-	0.635611027063	0.15111783493	0.0157589510842	0.197512186922
efa-	0.0656934306569	0.934306569343	0.0	0.0
ayo-	0.0375282259602	0.78794291596	0.0397889624638	0.134739895616
sad-	0.251046025105	0.698744769874	0.0	0.0502092050209
gub-	0.257851239669	0.499173553719	0.188429752066	0.0545454545455
ama-	0.149264572236	0.692218919233	0.0299145940225	0.128601914509
tun-	0.363636363636	0.0	0.0	0.636363636364
isc-	0.0	1.0	0.0	0.0
ivo-	0.745098039216	0.254901960784	0.0	0.0
cae-	0.125603864734	0.855072463768	0.0	0.0193236714976
dad-	0.647540983606	0.0450819672131	0.122950819672	0.184426229508
amp-	0.260372565622	0.632437841583	0.030790547302	0.076399045493
hag-	0.145585276559	0.709950855899	0.0296843563442	0.114779511198
boh-	0.777925531915	0.206117021277	0.0	0.0159574468085
pha-	0.00857142857145	0.991428571429	0.0	0.0
rom-	0.279569892473	0.566308243727	0.068100358423	0.0860215053764
tug-	0.627300005662	0.121610145502	0.0636924644737	0.187397384363
how-	0.22641509434	0.169811320755	0.0	0.603773584906
gim-	0.415670682348	0.356054473597	0.0534260273321	0.174848816723
mot-	0.252013382348	0.548001804562	0.121941959201	0.0780428538885
voj-	0.949612403101	0.0213178294574	0.0	0.0290697674419
vir-	0.315573333333	0.23136	0.250666666667	0.2024
bla-	0.300339366516	0.430995475113	0.0814479638009	0.18721719457
yat-	0.457046979866	0.180536912752	0.041610738255	0.320805369127
pah-	0.428571428571	0.107142857143	0.0	0.464285714286
sal-	0.0	1.0	0.0	0.0
kwa-	0.342606680832	0.388915881694	0.0804422431448	0.188035194329
mak-	0.117079860445	0.777661718763	0.0875416568964	0.0177167638957
pep-	0.369863013699	0.602739726027	0.0	0.027397260274
get-	0.0	1.0	0.0	0.0
hon-	0.611111111111	0.0416666666667	0.0	0.347222222222
tu'-	0.153153153153	0.108108108108	0.558558558559	0.18018018018
tyr-	0.0343124512607	0.887704704965	0.0	0.0779828437743
vim-	0.382804495577	0.372922516209	0.125568008509	0.118704979704
nih-	0.0777873811581	0.824978392394	0.0972342264477	0.0
bag-	0.480194188419	0.277597973686	0.113980159009	0.128227678885
gov-	0.391211780709	0.256904607014	0.122124312496	0.229759299781
ruf-	0.05	0.95	0.0	0.0
may-	0.354505169867	0.233382570162	0.0620384047267	0.350073855244
uta-	0.430575035063	0.300140252454	0.0378681626929	0.23141654979
apu-	0.040749796251	0.837000814996	0.122249388753	0.0
waw-	0.680489895579	0.200185723934	0.0163644864668	0.10295989402
hau-	0.342873541667	0.270169175594	0.0734729017859	0.313484380953
gam-	0.433422103862	0.352197070573	0.0119840213049	0.202396804261
jib-	0.383737517832	0.312410841655	0.124108416548	0.179743223966
igh-	0.108492089119	0.593154665806	0.0271230222796	0.271230222796
ara-	0.23720785409	0.609710991385	0.060009624185	0.0930715303398
amo-	0.380677398121	0.237717670995	0.248608700856	0.132996230028
aey-	0.207538496897	0.792461503103	0.0	0.0
zea-	0.0441176470588	0.919117647059	0.0	0.0367647058824
hun-	0.176219295123	0.599501601994	0.128159487362	0.0961196155215
gab-	0.539762504498	0.206549118388	0.0161928751349	0.237495501979
pag-	0.216617210682	0.462908011869	0.213649851632	0.106824925816
voa-	0.0680897054851	0.761686030802	0.13617941097	0.0340448527425
wah-	0.126315789474	0.0421052631579	0.0105263157895	0.821052631579
key-	0.12927756654	0.828897338403	0.0	0.041825095057
aee-	0.51922605927	0.147685525349	0.0391868723977	0.293901542983
poh-	0.0486618004866	0.76399026764	0.177615571776	0.00973236009731
pau-	0.224851201411	0.287971195532	0.112425600705	0.374752002351
gwa-	0.40594059406	0.59405940594	0.0	0.0
oya-	0.168062476757	0.763213090368	0.0	0.0687244328746
buk-	0.537657814541	0.360034828037	0.0174140182847	0.084893339138
vid-	0.26567295046	0.41867601929	0.0460324419114	0.269618588338
wag-	0.157035583443	0.587067471653	0.0731134128297	0.182783532074
jos-	0.0547550432276	0.940922190202	0.0	0.0043227665706
cyr-	0.121212121212	0.712121212121	0.121212121212	0.0454545454545
war-	0.0967741935484	0.387096774194	0.225806451613	0.290322580645
pup-	0.372928176796	0.325966850829	0.218232044199	0.0828729281768
nat-	0.0483429022701	0.797163666078	0.0206039779254	0.133889453727
gav-	0.105083061979	0.57657707379	0.148352558088	0.169987306143
pil-	0.137464542876	0.705324023565	0.0769146847043	0.0802967488545
hin-	0.406129255618	0.0714499969061	0.0121414291853	0.51027931829
ghe-	0.14725167119	0.250306313	0.125034752379	0.477407263432
gom-	0.0	1.0	0.0	0.0
kiu-	0.0	0.978765357197	0.0	0.021234642803
idu-	0.532722513089	0.310209424084	0.0392670157068	0.11780104712
hab-	0.200375342861	0.16341850729	0.260718925942	0.375487223907
ait-	0.204408817635	0.11623246493	0.0601202404809	0.619238476954
rau-	0.470212051632	0.317696762746	0.0486233356233	0.16346785
yab-	0.228013029316	0.503800217155	0.121606948969	0.14657980456
yoh-	0.242755956214	0.0547327752736	0.0128783000644	0.689632968448
puw-	0.36521308226	0.466551040634	0.116204162537	0.0520317145689
nao-	0.490832157969	0.294781382228	0.0705218617771	0.143864598025
oho-	0.191343963554	0.392938496583	0.0968109339408	0.318906605923
ruh-	0.9	0.1	0.0	0.0
rar-	0.440651516629	0.0931434702039	0.0273090802692	0.438895932898
gum-	0.287292817679	0.116022099447	0.430939226519	0.165745856354
amt-	0.418497900186	0.224045316925	0.173845102061	0.183611680828
tom-	0.62962962963	0.0740740740741	0.0	0.296296296296
kee-	0.0	0.0	0.991869918699	0.00813008130081
tep-	0.308288148722	0.39597211464	0.126258714175	0.169481022463
noh-	0.496529003412	0.294034592305	0.0141193081539	0.195317096129
e'a-	0.547169811321	0.452830188679	0.0	0.0
mur-	0.374902852629	0.13939695836	0.0356787436372	0.450021445374
peh-	0.239497702117	0.678943620946	0.0155349860832	0.0660236908538
she-	0.0560747663552	0.691588785047	0.0560747663552	0.196261682243
hai-	0.490099009901	0.108910891089	0.0445544554455	0.356435643564
bor-	0.208558824867	0.585201691755	0.0745827459184	0.13165673746
auh-	0.133644587102	0.147067405894	0.0271374379924	0.692150569011
vov-	0.623548536925	0.281467719461	0.0185787273572	0.0764050162563
noo-	0.338461538462	0.107692307692	0.276923076923	0.276923076923
tav-	0.45787088724	0.352728705589	0.0239049057595	0.165495501412
ota-	0.296128760783	0.0457605722702	0.0205133599832	0.637597306964
ume-	0.846153846154	0.153846153846	0.0	0.0
pa'-	0.225796608692	0.698225883789	0.0366156662743	0.039361841245
aus-	0.122820318423	0.626231993935	0.0576194086429	0.193328278999
tup-	0.511210372285	0.289860481378	0.0194292617954	0.179499884542
yoy-	0.089446284903	0.791292001893	0.119261713204	0.0
huj-	0.0970537261698	0.175043327556	0.0161756210283	0.711727325246
boy-	0.333333333333	0.526515151515	0.0757575757576	0.0643939393939
isr-	0.0	0.961538461538	0.0	0.0384615384615
api-	0.633928571429	0.178571428571	0.107142857143	0.0803571428572
gor-	0.665105386417	0.0632318501171	0.0	0.271662763466
pir-	0.368235853543	0.295355840862	0.199714693295	0.1366936123
yap-	0.212765957447	0.744680851064	0.0	0.0425531914894
wa'-	0.119558553035	0.450030656039	0.430410790926	0.0
iya-	0.217900804459	0.639133464243	0.0266041679863	0.116361563312
hir-	0.298111423309	0.215970448827	0.311497918303	0.174420209561
mad-	0.0438035587935	0.692038575434	0.0275164443513	0.236641421421
viv-	0.0893760539629	0.35539629005	0.160202360877	0.39502529511
ane-	0.0	0.904879590851	0.0	0.0951204091493
ahi-	0.0934788743546	0.0845186794472	0.134289582435	0.687712863764
ney-	0.542235710673	0.331310065756	0.111279716743	0.0151745068285
riw-	0.45635793704	0.0648718842268	0.0212991714388	0.457471007294
sei-	0.383761276891	0.519083969466	0.0	0.0971547536432
upu-	0.47730829421	0.306207616067	0.0704225352113	0.146061554512
gar-	0.264823775411	0.523301603597	0.0461477684761	0.165726852516
gha-	0.263984487131	0.349130000286	0.15508383667	0.231801675913
am'-	0.600272851296	0.290040927694	0.0163710777626	0.0933151432469
wad-	0.610246249646	0.081517124257	0.0	0.308236626097
dow-	0.0697297297298	0.743783783784	0.00108108108108	0.185405405405
kou-	0.0545454545455	0.8	0.0	0.145454545455
mer-	0.830508474576	0.135593220339	0.0	0.0338983050847
pay-	0.0692491188094	0.779791362552	0.0256346352405	0.125324883398
hap-	0.22344194013	0.671921834248	0.0762972478492	0.0283389777726
kap-	0.242798353909	0.757201646091	0.0	0.0
dau-	0.416666666667	0.0982142857142	0.297619047619	0.1875
vod-	0.793548387097	0.0645161290322	0.0594982078853	0.0824372759857
nov-	0.0543831168831	0.868506493506	0.0527597402598	0.0243506493506
tam-	0.324649057813	0.115145082804	0.0030037847688	0.557202074614
dew-	0.380968772554	0.234262575303	0.0425285462172	0.342240105926
amh-	0.698127627054	0.060756591517	0.0978219335117	0.143293847917
vih-	0.466226057938	0.326274530698	0.0847295371024	0.122769874262
cam-	0.178989985084	0.731515022374	0.0894949925421	0.0
row-	0.327635327635	0.575498575499	0.0854700854701	0.011396011396
bud-	0.037037037037	0.87037037037	0.0925925925926	0.0
kor-	0.124777183601	0.412358882947	0.00950683303623	0.453357100416
dal-	0.0	1.0	0.0	0.0
vah-	0.861141011841	0.0958019375673	0.043057050592	0.0
ra'-	0.233245689499	0.242375592202	0.181507554737	0.342871163563
hov-	0.592955023119	0.230970996217	0.129466162253	0.0466078184111
vun-	0.387319237657	0.326401325813	0.0	0.286279436529
duw-	0.133347444174	0.573288178643	0.293364377183	0.0
kai-	0.146676300578	0.736271676301	0.0736994219653	0.0433526011561
tet-	0.27972027972	0.710955710956	0.00582750582749	0.0034965034965
wet-	0.0691056910569	0.243902439024	0.0162601626016	0.670731707317
eig-	0.794520547945	0.041095890411	0.041095890411	0.123287671233
hew-	0.22825074309	0.485271283439	0.104032651613	0.182445321858
tim-	0.0597014925373	0.940298507463	0.0	0.0
yag-	0.346790589602	0.123148417078	0.0212024397328	0.508858553587
nae-	0.647175527494	0.0824865724729	0.0142094962331	0.2561284038
aeh-	0.28738317757	0.71261682243	0.0	0.0
uma-	0.521137586472	0.399436331027	0.0240840379196	0.0553420445811
rah-	0.34503271862	0.440809042237	0.0571088637715	0.157049375372
dee-	0.484197218711	0.34386852086	0.0429835651074	0.128950695322
vor-	0.80198019802	0.0	0.0792079207921	0.118811881188
ham-	0.879581151833	0.0741251033342	0.0	0.0462937448333
aiy-	0.12165286072	0.232748988634	0.00173376998652	0.643864380659
e'e-	0.196564885496	0.0890585241731	0.00954198473282	0.704834605598
tar-	0.450328897705	0.273240304242	0.0766517272689	0.199779070784
yog-	0.5	0.5	0.0	0.0
elo-	0.0	0.980769230769	0.0	0.0192307692308
200-	0.318181818182	0.436363636364	0.109090909091	0.136363636364
opi-	0.166486681066	0.507289416847	0.170986321094	0.155237580994
auw-	0.077383066091	0.0558998186998	0.0197499015182	0.846967213691
