-het	0.13474066307	0.719161497615	0.11302011614	0.0330777231746
-hep	0.0	1.0	0.0	0.0
-eus	0.0147058823529	0.887254901961	0.0196078431373	0.078431372549
-eur	0.0	1.0	0.0	0.0
-hel	0.218432853815	0.707305097408	0.0627386274147	0.0115234213619
-hem	0.0171285519786	0.97276999429	0.00527032368572	0.00483113004523
-rba	0.0	0.957746478873	0.0422535211269	0.0
-eun	0.0	1.0	0.0	0.0
-700	0.138472032742	0.245566166439	0.0286493860845	0.587312414734
-ive	0.132723766517	0.845670038933	0.0216061945493	0.0
-rbe	0.0539419087137	0.946058091286	0.0	0.0
-818	0.0	0.25	0.0	0.75
-ois	0.0966183574879	0.836220101331	0.0445387062566	0.022622834924
-lem	0.00756179790618	0.974966900072	0.000982760738709	0.0164885412828
-aus	0.0564230780475	0.868714584558	0.0326422767909	0.042220060604
-aut	0.505769019061	0.311070058995	0.0867449697244	0.0964159522197
-asu	0.0	1.0	0.0	0.0
-aua	0.0715605002241	0.895923524032	0.0216139331944	0.0109020425496
-ang	0.118800560416	0.827141798819	0.0406293096195	0.0134283311454
-ufa	0.0	1.0	0.0	0.0
-mul	0.0	1.0	0.0	0.0
-aul	0.30390178993	0.491350817702	0.169978967249	0.0347684251191
-pla	0.0	1.0	0.0	0.0
-aun	0.215796058259	0.630026497836	0.0211690084777	0.133008435427
-nti	0.0965084976455	0.112564230077	0.646507539717	0.14441973256
-pus	0.0200668896321	0.973244147157	0.0066889632107	0.0
-250	0.0	0.363425925926	0.0231481481482	0.613425925926
-kia	0.0181277056277	0.97619047619	0.00405844155844	0.00162337662338
-254	0.0	0.0	0.0	1.0
-dus	0.0655737704918	0.877049180328	0.0327868852459	0.0245901639344
-pua	0.0	1.0	0.0	0.0
-pul	0.503159103963	0.445146467547	0.0310166570936	0.0206777713957
-pal	0.0	1.0	0.0	0.0
-pun	0.156282153881	0.122784954842	0.705156053504	0.0157768377729
-sva	0.0	1.0	0.0	0.0
-ntu	0.12734082397	0.136877137274	0.020202328611	0.715579710145
-pam	0.0464396284829	0.953560371517	0.0	0.0
-pra	0.0952521597874	0.774422210736	0.125895296463	0.00443033301337
-eum	0.0	1.0	0.0	0.0
-928	0.0	1.0	0.0	0.0
-iva	0.136363636364	0.75	0.0681818181818	0.0454545454545
-pri	0.0	1.0	0.0	0.0
-hen	0.0	1.0	0.0	0.0
-628	0.0	0.2	0.0	0.8
-sma	0.0	1.0	0.0	0.0
-opa	0.0627855563743	0.914959469418	0.0169491525424	0.00530582166546
-815	0.0	0.25	0.0	0.75
-dea	0.0	1.0	0.0	0.0
-ims	0.0379746835443	0.506329113924	0.0607594936709	0.394936708861
-msi	0.0	1.0	0.0	0.0
-dek	0.110097042514	0.821742144177	0.050831792976	0.0173290203327
-del	0.0601926163724	0.920545746388	0.0048154093098	0.0144462279294
-dem	0.0	1.0	0.0	0.0
-den	0.0969808553958	0.829071662285	0.0524719314603	0.0214755508586
-400	0.171277001155	0.111434395737	0.0101622942589	0.707126308849
-ima	0.0	1.0	0.0	0.0
-lep	0.0185185185185	0.981481481481	0.0	0.0
-der	0.0266482431899	0.97335175681	0.0	0.0
-des	0.0684931506849	0.920547945206	0.0109589041096	0.0
-det	0.103448275862	0.728894173603	0.0963139120096	0.0713436385256
-aka	0.0774647887324	0.8779342723	0.0352112676056	0.0093896713615
-950	0.0	0.0	0.0	1.0
-840	0.0	1.0	0.0	0.0
-sik	0.178963832751	0.531769810263	0.263759904666	0.0255064523194
-bit	0.1875	0.8125	0.0	0.0
-oil	0.448275862069	0.48275862069	0.0689655172414	0.0
-bir	0.0	1.0	0.0	0.0
-bis	0.0883342475269	0.687578566263	0.190596042056	0.0334911441543
-bip	0.0	1.0	0.0	0.0
-rpa	0.0	1.0	0.0	0.0
-let	0.137702433943	0.83672696278	0.0221611895066	0.00340941377025
-oba	0.021052631579	0.936842105263	0.0421052631579	0.0
-ida	0.0748633628806	0.889741116674	0.0192133988579	0.0161821215879
-bia	0.0889700917504	0.777177582714	0.127100131072	0.0067521944632
-bin	0.776175010295	0.0168475988291	0.00751868108259	0.199458709793
-tla	0.0	1.0	0.0	0.0
-bim	0.622812997046	0.278345830493	0.0340831629175	0.0647580095433
-rat	0.0226628895184	0.960339943343	0.0	0.0169971671388
-tep	0.333333333333	0.666666666667	0.0	0.0
-ter	0.0431034482759	0.956896551724	0.0	0.0
-uta	0.0	1.0	0.0	0.0
-tet	0.117049399624	0.701245341912	0.175016721343	0.00668853712137
-ria	0.154561812729	0.76217260913	0.0280039986671	0.0552615794735
-rin	0.193099897013	0.743563336766	0.0324407826982	0.0308959835221
-ril	0.0388248997023	0.961175100298	0.0	0.0
-rim	0.772917051313	0.142910678333	0.0185133707192	0.0656588996352
-rik	0.202382371206	0.587758199986	0.143594633078	0.0662647957296
-eru	0.0	1.0	0.0	0.0
-tea	0.121265377856	0.843585237258	0.0	0.0351493848858
-rit	0.0548963169408	0.886029579353	0.0536903095269	0.00538379417924
-ris	0.0543367549629	0.773099482674	0.167809543919	0.00475421844371
-rip	0.255468066492	0.660250801983	0.0352872557597	0.0489938757655
-gre	0.0805299389531	0.455253929082	0.459150539031	0.00506559293414
-530	0.0	0.230769230769	0.769230769231	0.0
-tel	0.0708269525268	0.917687595712	0.00229709035222	0.00918836140888
-nap	0.314952625682	0.0780618435369	0.133425227714	0.473560303067
-ten	0.264084135554	0.693076252473	0.0317340741961	0.0111055377764
-133	0.0	0.0	0.0	1.0
-met	0.0	1.0	0.0	0.0
-duk	0.25	0.75	0.0	0.0
-ara	0.0611444141689	0.879090599455	0.0395759536785	0.0201890326975
-mes	0.041450777202	0.849740932643	0.108808290155	0.0
-mer	0.0138568129331	0.986143187067	0.0	0.0
-nil	0.10765905705	0.802112399898	0.0902285430519	0.0
-lus	0.645459150602	0.265616544246	0.0355483716872	0.0533759334642
-lut	0.0600083032752	0.89727934427	0.0346071370079	0.00810521544714
-ari	0.109439675447	0.756638052681	0.102231302916	0.0316909689558
-sif	0.0	1.0	0.0	0.0
-art	0.0	1.0	0.0	0.0
-034	0.0	0.0	0.0	1.0
-luk	0.723493740934	0.190761326654	0.0250380907107	0.0607068417011
-mea	0.0392156862745	0.882352941177	0.078431372549	0.0
-lum	0.0584415584416	0.931818181818	0.00730519480518	0.00243506493508
-lun	0.0	1.0	0.0	0.0
-mel	0.0638569927492	0.336329226636	0.0547259056776	0.545087874937
-men	0.185430970182	0.767080610626	0.0113067664745	0.0361816527184
-mei	0.0440210249671	0.955978975033	0.0	0.0
-oni	0.0	0.882352941176	0.117647058824	0.0
-mek	0.00465116279071	0.988372093023	0.00697674418604	0.0
-eko	0.1875	0.75	0.0625	0.0
-alu	0.144144144144	0.855855855856	0.0	0.0
-ior	0.0	1.0	0.0	0.0
-lga	0.0	1.0	0.0	0.0
-tyu	0.0147601476015	0.985239852398	0.0	0.0
-num	0.0	0.894736842105	0.105263157895	0.0
-623	0.0	0.2	0.0	0.8
-621	0.0	0.0769230769231	0.0	0.923076923077
-joa	0.0	1.0	0.0	0.0
-743	0.0	0.454545454545	0.0	0.545454545455
-745	0.0	0.666666666667	0.0	0.333333333333
-mor	0.00609446419503	0.98781107161	0.00609446419503	0.0
-sbi	0.0	0.875	0.125	0.0
-sro	0.0	0.818181818182	0.0	0.181818181818
-sri	0.178571428571	0.821428571429	0.0	0.0
-nui	0.0571428571428	0.942857142857	0.0	0.0
-sra	0.0637393767705	0.907932011331	0.0113314447592	0.0169971671388
-807	0.166666666667	0.5	0.0	0.333333333333
-ubi	0.0	1.0	0.0	0.0
-vit	0.00727202414584	0.982425941648	0.00439351458811	0.00590851961849
-fot	0.0	1.0	0.0	0.0
-uba	0.0	0.972972972973	0.027027027027	0.0
-umu	0.0934559079818	0.906544092018	0.0	0.0
-ota	0.0	1.0	0.0	0.0
-kel	0.0757165687184	0.806101144448	0.105487679142	0.0126946076915
-ija	0.0154083204931	0.972265023112	0.00616332819722	0.00616332819723
-lma	0.0	1.0	0.0	0.0
-oti	0.216375459165	0.474658775094	0.289915223418	0.0190505423232
-372	0.0	0.0	0.0	1.0
-oam	0.0522932377303	0.930646557053	0.00815922858204	0.00890097663495
-962	0.0	0.0	0.0	1.0
-uma	0.0	1.0	0.0	0.0
-otu	0.237452155184	0.690124248273	0.0579752174765	0.0144483790663
-969	0.0	0.0	0.0	1.0
-sup	0.281690140845	0.704225352113	0.00845070422535	0.0056338028169
-umi	0.0407600921181	0.0389034761522	0.0197570424584	0.900579389271
-ako	0.0	1.0	0.0	0.0
-nak	0.0	1.0	0.0	0.0
ALL	0.223801508184	0.320247241787	0.054407917771	0.401543332258
-nai	0.0424028268551	0.888531962737	0.0334082878253	0.0356569225827
-nan	0.0217989002357	0.907698350353	0.0610761979576	0.00942655145327
-aki	0.347826086957	0.347826086957	0.0869565217392	0.217391304348
-nam	0.0	1.0	0.0	0.0
-sis	0.177985042551	0.738846385283	0.0599587380727	0.0232098340927
-sir	0.0	1.0	0.0	0.0
-845	0.0	0.6	0.0	0.4
-sip	0.0487044728403	0.923444360444	0.0200132993226	0.00783786739264
-kin	0.267209045433	0.578090151919	0.0805955386057	0.0741052640422
-kim	0.724064924387	0.102839217509	0.0242221307	0.148873727404
-sit	0.0401232356524	0.941606362399	0.00859783621122	0.00967256573761
-kis	0.129800776003	0.824317967676	0.0266146638212	0.0192665925006
-kir	0.0129032258065	0.987096774194	0.0	0.0
-sio	0.0	1.0	0.0	0.0
-sin	0.162089826241	0.604129927919	0.07549981286	0.158280432981
-sim	0.63153857059	0.105151989278	0.032485651761	0.230823788371
-sil	0.0728624223081	0.863010246934	0.0522845624055	0.0118427683521
-nas	0.0317533364013	0.939254486884	0.00690289921767	0.0220892774966
-sia	0.032281584039	0.945046593172	0.0166431790018	0.00602864378702
-lup	0.0	1.0	0.0	0.0
-nat	0.0566230173151	0.930657319375	0.00738561095415	0.00533405235577
-nau	0.180941970713	0.206500903707	0.0383262323999	0.57423089318
-280	0.0	0.217391304348	0.0	0.782608695652
-gok	0.0438596491228	0.938596491228	0.00877192982456	0.00877192982457
-mot	0.00186046511628	0.995348837209	0.00279069767442	0.0
-mos	0.0584495488104	0.916940114848	0.0184577522559	0.00615258408532
-gol	0.0191085271318	0.821434108527	0.158372093023	0.00108527131783
-gon	0.015503875969	0.984496124031	0.0	0.0
-goa	0.0	1.0	0.0	0.0
-288	0.0	0.0	0.428571428571	0.571428571429
-360	0.0	0.2	0.0	0.8
-god	0.0290209178858	0.867431782144	0.027431372681	0.0761159272894
-365	0.0	0.0	0.0	1.0
-ale	0.0625000000001	0.9375	0.0	0.0
-lki	0.0	1.0	0.0	0.0
-moa	0.16452886786	0.0739860234917	0.233727324451	0.527757784197
-gop	0.0	1.0	0.0	0.0
-mon	0.0126560511339	0.975918198561	0.00680409849631	0.00462165180882
-lka	0.0	1.0	0.0	0.0
-mok	0.0652922901142	0.907800868213	0.00913351506325	0.0177733266095
-moi	0.882561575728	0.0731115345343	0.0125807570085	0.0317461327294
-wut	0.046021093001	0.925215723873	0.0115052732502	0.0172579098754
-yau	0.317871404595	0.643671508768	0.0189536431506	0.0195034434863
-650	0.201406649616	0.798593350384	0.0	0.0
-ber	0.0	1.0	0.0	0.0
-bes	0.0426229508197	0.918032786885	0.0295081967213	0.00983606557377
-652	0.0	0.428571428571	0.0	0.571428571429
-eor	0.056338028169	0.93427230047	0.0093896713615	0.0
-bet	0.0883322528587	0.883736327398	0.00393108870468	0.0240003310391
-600	0.0979023319644	0.120887265285	0.0481980711208	0.733012331629
-273	0.454545454546	0.0	0.0	0.545454545454
-eon	0.0393962974357	0.940082158562	0.00608045748204	0.0144410865198
-ben	0.0591009587846	0.885732793002	0.0522754404467	0.00289080776663
-603	0.632653061224	0.122448979592	0.244897959184	0.0
-bel	0.200983409505	0.607903568933	0.0888554097027	0.10225761186
-bea	0.0569176882662	0.910245183888	0.0218914185639	0.0109457092819
-212	0.25	0.5	0.0	0.25
-ofa	0.268753222107	0.708896875148	0.0169106128416	0.00543928990369
-iso	0.0668828536684	0.893392784759	0.0190514795298	0.020672882043
-rek	0.0	1.0	0.0	0.0
-rei	0.0	1.0	0.0	0.0
-ren	0.103822264375	0.721446597402	0.125808740868	0.048922397355
-328	0.0	0.2	0.0	0.8
-isi	0.049812812714	0.822302191908	0.102521647389	0.0253633479884
-rem	0.0	1.0	0.0	0.0
-067	0.0	0.25	0.0	0.75
-rea	0.55365692411	0.421087427091	0.0133662468944	0.0118894019044
-isa	0.032881186266	0.91366633531	0.0298191257949	0.0236333526287
-ual	0.05	0.7	0.25	0.0
-eva	0.0322580645161	0.967741935484	0.0	0.0
-upa	0.0	1.0	0.0	0.0
-res	0.0505269236322	0.904480053895	0.0276695057986	0.0173235166739
-rep	0.0473559589581	0.936858721389	0.0	0.0157853196527
-evi	0.215145231454	0.560000710402	0.18699259406	0.0378614640846
-ret	0.17192818725	0.504734762337	0.254047611468	0.0692894389449
-reu	0.0	1.0	0.0	0.0
-jut	0.0	0.957446808511	0.0425531914894	0.0
-map	0.772497086283	0.0584024383807	0.0305510321602	0.138549443176
-mas	0.380568122724	0.161859721742	0.0864955075947	0.371076647939
-mar	0.0218340611354	0.871179039301	0.00436681222707	0.102620087336
-mau	0.251895328931	0.396429444852	0.348740523355	0.00293470286135
-ham	0.0178249135051	0.94621846235	0.0290843683354	0.00687225580921
-han	0.142636141176	0.750646155695	0.0119678997515	0.0947498033775
-hap	0.0498064097376	0.538876384436	0.0328892143802	0.378427991446
-mak	0.131941779728	0.779214112732	0.0423361633678	0.0465079441718
-has	0.0518806744487	0.926329442283	0.00933852140079	0.0124513618677
-hat	0.0813654518223	0.71629638875	0.187360625728	0.0149775336995
-mal	0.0354886475814	0.944784468575	0.0112537018756	0.00847318196775
-man	0.0514543407064	0.598581095098	0.0674710166617	0.282493547534
-nir	0.0	0.857142857143	0.142857142857	0.0
-220	0.0	0.675675675676	0.0	0.324324324324
-ohi	0.0	1.0	0.0	0.0
-ptu	0.0	1.0	0.0	0.0
-uno	0.0	1.0	0.0	0.0
-uni	0.0	1.0	0.0	0.0
-kun	0.0	1.0	0.0	0.0
-hes	0.0	1.0	0.0	0.0
-une	0.0	1.0	0.0	0.0
-ung	0.408141563082	0.304702342742	0.0309328820329	0.256223212144
-una	0.0327914545019	0.922836971265	0.0210300413115	0.0233415329212
-782	0.0	0.25	0.0	0.75
-mfa	0.0	1.0	0.0	0.0
-nka	0.430184804928	0.517453798768	0.0215605749487	0.0308008213552
-pta	0.0203784570597	0.976710334789	0.00291120815138	0.0
-667	0.0	0.2	0.0	0.8
-nki	0.0934298865926	0.674625254898	0.195032018794	0.0369128397152
-iri	0.0	1.0	0.0	0.0
-tra	0.0907519446845	0.883318928263	0.0259291270527	0.0
-ika	0.0406489245352	0.882792562887	0.0678089682829	0.00874954429457
-bek	0.396283396377	0.300604001595	0.0300723405118	0.273040261516
-gan	0.0	1.0	0.0	0.0
-tro	0.0296296296296	0.955555555556	0.0148148148148	0.0
-gal	0.19860889969	0.56947121428	0.212645604626	0.0192742814045
-tri	0.0481210751804	0.868985483004	0.0237734048575	0.0591200369585
-gai	0.0498442367601	0.95015576324	0.0	0.0
-adi	0.0517241379311	0.948275862069	0.0	0.0
-tru	0.137688754024	0.18578303697	0.180286280991	0.496241928015
-147	0.0	0.0	0.0	1.0
-gau	0.0474262579526	0.919028340081	0.0225563909775	0.010989010989
-gat	0.319213316062	0.0782542205989	0.039510308994	0.563022154345
-gas	0.0	1.0	0.0	0.0
-gar	0.136504653568	0.764219234747	0.0248190279214	0.0744570837642
-140	0.0	0.25	0.0	0.75
-gur	0.0	0.578947368421	0.210526315789	0.210526315789
-hio	0.0	1.0	0.0	0.0
-puk	0.27345844504	0.501340482574	0.160857908847	0.064343163539
-nor	0.0	1.0	0.0	0.0
-148	0.0	0.0	0.0	1.0
-ini	0.0243971000073	0.944407747994	0.0164223441691	0.0147728078298
-sem	0.147006930067	0.0291799074851	0.0174879426255	0.806325219822
-sel	0.0246800985121	0.946065318324	0.0193780803629	0.00987650280053
-sek	0.197910069664	0.702343255225	0.0807473084231	0.0189993666878
-psa	0.0	1.0	0.0	0.0
-ina	0.0336124458943	0.852650218367	0.0453084796469	0.0684288560922
-apa	0.0584318471142	0.924549485734	0.00700255756976	0.0100161095823
-lba	0.0	1.0	0.0	0.0
-sea	0.0364741641337	0.939209726444	0.0121580547112	0.0121580547113
-ing	0.211717275775	0.523860296771	0.0494911890406	0.214931238413
-800	0.162790697675	0.139534883721	0.0232558139535	0.674418604651
-uim	0.651499922015	0.205639221531	0.0577266346637	0.0851342217909
-oha	0.0	1.0	0.0	0.0
-uia	0.0160642570281	0.983935742972	0.0	0.0
-set	0.052583862194	0.917497733454	0.0163191296464	0.0135992747053
-ses	0.0429237367145	0.938262166698	0.00389707253403	0.0149170240537
-ser	0.00813600540017	0.984353835769	0.00751015883091	0.0
-bap	0.0438356164385	0.912328767123	0.0438356164383	0.0
-sep	0.0226173223935	0.956896040857	0.00584524380322	0.0146413929458
-rsa	0.0	0.982608695652	0.0	0.0173913043478
-eda	0.0	1.0	0.0	0.0
-kus	0.0750721170759	0.895940336312	0.0167452332372	0.0122423133751
-kur	0.0	1.0	0.0	0.0
-oko	0.0526315789473	0.947368421053	0.0	0.0
-aot	0.0	1.0	0.0	0.0
-iam	0.079779917469	0.881017881706	0.0041265474553	0.0350756533701
-rsi	0.0	1.0	0.0	0.0
-net	0.0	1.0	0.0	0.0
-edi	0.252832347892	0.298531375167	0.420694259012	0.0279420179287
-ner	0.0135338345865	0.97969924812	0.00225563909774	0.0045112781955
-nes	0.0593325092707	0.888751545117	0.0321384425216	0.0197775030902
-182	0.0	0.0	0.0	1.0
-iau	0.107127240927	0.862264975951	0.030607783122	0.0
-iat	0.036995515695	0.891255605381	0.0448430493274	0.0269058295964
-nel	0.0	0.917293233083	0.0375939849624	0.045112781955
-nem	0.180874180872	0.271798654629	0.0339175749125	0.513409589587
-nek	0.148102396972	0.771367746005	0.0443474908887	0.036182366134
-ias	0.0556621880998	0.904888308082	0.0303834687794	0.00906603503901
-aok	0.0	1.0	0.0	0.0
-iks	0.0958832725377	0.82230328296	0.0312662845232	0.0505471599791
-kum	0.278481012658	0.611814345992	0.042194092827	0.0675105485232
-kul	0.515748031496	0.326279527559	0.109251968504	0.048720472441
-kuk	0.16	0.76	0.08	0.0
-aon	0.0	1.0	0.0	0.0
-nea	0.0258620689655	0.974137931035	0.0	0.0
-ban	0.0517241379311	0.845648604269	0.088669950739	0.0139573070608
-sni	0.0	1.0	0.0	0.0
-eka	0.0369794737124	0.770405702342	0.0755667506297	0.117048073316
-hoa	0.0	1.0	0.0	0.0
-bak	0.234072754599	0.420885635559	0.288207297726	0.0568343121156
-eke	0.0	0.833333333333	0.166666666667	0.0
-bai	0.105032663968	0.0213628341691	0.00251539540053	0.871089106462
-efa	0.0	1.0	0.0	0.0
-jop	0.260539629005	0.65964024733	0.0415964024733	0.0382237211917
-hol	0.0	1.0	0.0	0.0
-iap	0.343877034737	0.343999162552	0.0596681612785	0.252455641433
-hor	0.0205761316872	0.979423868313	0.0	0.0
-hos	0.043873947297	0.930182015757	0.0150774246129	0.0108666123336
-jon	0.0161151839376	0.95980010127	0.0129449838188	0.0111397309733
-kil	0.197368421053	0.703947368421	0.0986842105263	0.0
-eku	0.0	1.0	0.0	0.0
-bat	0.00809168062324	0.984145951337	0.00663329632487	0.00112907171487
-bar	0.0	1.0	0.0	0.0
-bas	0.025470062675	0.957727697026	0.0100013335111	0.00680090678756
-job	1.0	0.0	0.0	0.0
-dru	0.0	0.997005988024	0.0	0.00299401197605
-151	0.0	1.0	0.0	0.0
-ase	0.00620065008403	0.985531816471	0.00103344168067	0.00723409176471
-mbu	0.161055912543	0.383143058234	0.228887690465	0.226913338757
-asa	0.025466893039	0.938030560272	0.018675721562	0.0178268251273
-aso	0.0	1.0	0.0	0.0
-yes	0.157741679641	0.187189730635	0.0628176130188	0.592250976706
-yet	0.110347396254	0.0998678092624	0.192635443901	0.597149350583
-asi	0.157824933687	0.738726790451	0.0954907161803	0.00795755968171
-930	0.0	0.2	0.0	0.8
-mba	0.030199637061	0.183158146519	0.0961235430794	0.690518673341
-lti	0.0	1.0	0.0	0.0
-lsa	0.0	1.0	0.0	0.0
-lta	0.0264883379547	0.950569176748	0.00846610020834	0.0144763850891
-ake	0.0	1.0	0.0	0.0
-pka	0.0	1.0	0.0	0.0
-dia	0.0592424436593	0.826654217698	0.079166895508	0.0349364431345
-430	0.257961783439	0.0541401273885	0.00955414012739	0.678343949045
-156	0.0	0.2	0.0	0.8
-rar	0.0	1.0	0.0	0.0
-ras	0.0728237322217	0.891436870109	0.0297813710909	0.00595802657894
-rap	0.550785491099	0.236096714173	0.0676990442536	0.145418750475
-435	0.0	0.540983606557	0.0	0.459016393443
-ran	0.717672532433	0.208745435529	0.0285336807531	0.0450483512854
-eri	0.0292138533752	0.753680312541	0.0256880948118	0.191417739272
-ral	0.0555555555556	0.766666666667	0.177777777778	0.0
-ram	0.0679920086464	0.870304260964	0.0331444666426	0.0285592637474
-rak	0.0377836128089	0.944419469461	0.00963502033692	0.00816189739286
-rai	0.513004212034	0.368722233374	0.101167875208	0.017105679383
-era	0.0286709425307	0.95603788812	0.00637132056237	0.00891984878732
-ere	0.0910698691559	0.600275924825	0.0669264469542	0.241727759065
-boa	0.0	1.0	0.0	0.0
-obi	0.0	1.0	0.0	0.0
-por	0.0	1.0	0.0	0.0
-pos	0.0672985855135	0.0625786207505	0.00871716677431	0.861405626962
-vet	0.0	1.0	0.0	0.0
-pot	0.3675	0.6025	0.0	0.03
-pou	0.0	1.0	0.0	0.0
-245	0.0	0.0	0.166666666667	0.833333333333
-pok	0.141176470588	0.741176470588	0.117647058824	0.0
-247	0.0	0.25	0.0	0.75
-240	0.3	0.3	0.4	0.0
-pol	0.0289565463286	0.914647940428	0.00571841518208	0.0506770980614
-242	0.0	1.0	0.0	0.0
-324	0.0	1.0	0.0	0.0
-322	0.0	0.666666666667	0.0	0.333333333333
-323	0.0	0.6	0.0	0.4
-320	0.0	1.0	0.0	0.0
-ike	0.0	1.0	0.0	0.0
-119	0.0	0.0	0.0	1.0
-500	0.11224687185	0.134630068926	0.0320705348143	0.721052524409
-iko	0.0505140813589	0.949485918641	0.0	0.0
-lam	0.0300372640874	0.95537451522	0.00973274478809	0.00485547590413
-lan	0.176101063095	0.795940908463	0.0186386856275	0.00931934281377
-nos	0.0103448275862	0.989655172414	0.0	0.0
-not	0.0258252196628	0.5970968891	0.191819045357	0.18525884588
-lai	0.412709842927	0.466072580524	0.0979642048095	0.0232533717389
-fon	0.0	0.914285714286	0.0	0.0857142857143
-lak	0.0753801059203	0.780943595807	0.127328805422	0.0163474928502
-lat	0.0671849463315	0.866115994523	0.0434648173506	0.0232342417951
-lau	0.0	0.448275862069	0.0	0.551724137931
-fos	0.0	1.0	0.0	0.0
-lap	0.381813685661	0.443049422404	0.149460086433	0.0256768055016
-nom	0.0	0.977777777778	0.0222222222222	0.0
-non	0.0157884349714	0.969212551806	0.0149990132228	0.0
-las	0.200331945267	0.543276930972	0.226424199809	0.0299669239513
-noa	0.0221876216426	0.973141300117	0.00467107824056	0.0
-dot	0.0210526315789	0.936842105263	0.0105263157895	0.0315789473684
-ahi	0.0	1.0	0.0	0.0
-myu	0.0	0.96	0.0	0.04
-gen	0.223266426886	0.0619739930564	0.0431188102612	0.671640769796
-gem	0.0	1.0	0.0	0.0
-gel	0.365252367977	0.600103801739	0.0256909303231	0.00895289996107
-bol	0.130463632861	0.809495269489	0.0269703326341	0.0330707650156
-bom	0.105263157895	0.850292397661	0.0374269005848	0.00701754385965
-bon	0.0	1.0	0.0	0.0
-aha	0.0	1.0	0.0	0.0
-boi	0.0917825270645	0.870011042479	0.0250758050773	0.0131306253794
-bok	0.0	1.0	0.0	0.0
-bot	0.0407783972887	0.941510877883	0.0052476221712	0.0124631026566
-023	0.0	0.0	0.25	0.75
-bor	0.0350877192983	0.964912280702	0.0	0.0
-bos	0.229898074745	0.54926387316	0.175537938845	0.0453001132503
-don	0.0301850048685	0.961051606621	0.00486854917234	0.00389483933789
-ger	0.0	1.0	0.0	0.0
-180	0.0	0.0892857142857	0.107142857143	0.803571428572
-dom	0.0260878451567	0.958021716786	0.00978033523461	0.00611010282248
-186	0.849056603774	0.150943396226	0.0	0.0
-dok	0.0317721172282	0.931708207797	0.033415502602	0.00310417237287
-get	0.00710059171598	0.985798816568	0.00710059171598	0.0
-sas	0.00879713341256	0.719137933579	0.00330281421311	0.268762118795
-sar	0.0772786941385	0.901946235945	0.017350607842	0.00342446207408
-sap	0.0581831831832	0.353603603604	0.58033033033	0.00788288288288
-vot	0.521739130435	0.478260869565	0.0	0.0
-sat	0.0761003099464	0.103612285151	0.0177807833192	0.802506621584
-ton	0.0468353163832	0.922679150407	0.0218422884587	0.00864324475072
-403	0.25	0.375	0.0	0.375
-tol	0.0232558139535	0.915697674419	0.0610465116279	0.0
-tom	0.0	1.0	0.0	0.0
-tok	0.601796266005	0.257846712875	0.00636343607502	0.133993585045
-toi	0.135593220339	0.864406779661	0.0	0.0
-lfa	0.0847328244275	0.910687022901	0.00458015267175	0.0
-oli	0.0355228840717	0.747118251362	0.204577017224	0.0127818473421
-tot	0.0171919770773	0.982808022923	0.0	0.0
-tor	0.0	1.0	0.0	0.0
-ibi	0.381294964029	0.568345323741	0.0143884892086	0.0359712230215
-top	0.0	1.0	0.0	0.0
-olo	0.32426477632	0.63358559249	0.0247469425552	0.0174026886356
-sak	0.0204478683815	0.975896063198	0.0025592478945	0.00109682052621
-ola	0.0518518518518	0.785185185185	0.148148148148	0.0148148148148
-sai	0.0330318521431	0.932363350374	0.0141565080613	0.020448289422
-vol	0.0448717948718	0.916666666667	0.0384615384615	0.0
-san	0.0471410348844	0.868259294179	0.0366498437875	0.0479498271495
-sam	0.0299251870325	0.955112219451	0.0	0.0149625935162
-aip	0.210169081484	0.691243518517	0.0876440512244	0.010943348774
-lon	0.0326954443611	0.893757759083	0.0250730047125	0.0484737918438
-812	0.0	1.0	0.0	0.0
-lom	0.0340482573726	0.954691689008	0.00804289544236	0.00321715817695
-rop	0.207628897454	0.709079113079	0.0606800748006	0.0226119146663
-iel	0.0526514271135	0.923253852004	0.0156169487201	0.00847777216234
-ror	0.0	1.0	0.0	0.0
-ros	0.283250128142	0.548008011433	0.146468043767	0.0222738166576
-loe	0.0923076923077	0.876923076923	0.0307692307692	0.0
-720	0.0	1.0	0.0	0.0
-187	0.0	0.0	0.0	1.0
-roe	0.0	1.0	0.0	0.0
-roa	0.0	1.0	0.0	0.0
-ava	0.142180094787	0.857819905213	0.0	0.0
-rom	0.0448409869616	0.69542621933	0.255593625681	0.00413916802723
-lot	0.0281374134659	0.960118274827	0.0117443117075	0.0
-185	0.0	0.142857142857	0.0	0.857142857143
-los	0.108794902669	0.859798314269	0.0219747140277	0.00943206903471
-rok	0.0451612903225	0.941935483871	0.0129032258065	0.0
-ipo	0.23924776386	0.186530115255	0.11592239497	0.458299725915
-win	0.110805890682	0.833034275312	0.03605008515	0.0201097488565
-hal	0.0	1.0	0.0	0.0
-ipa	0.0236305048335	0.93447905478	0.0290010741139	0.0128893662728
-mso	0.0	1.0	0.0	0.0
-mat	0.0511607443257	0.661466394058	0.282403788918	0.00496907269857
-973	0.0	0.0	0.0	1.0
-ewe	0.684210526316	0.315789473684	0.0	0.0
-wil	0.0173913043478	0.973913043478	0.0086956521739	0.0
-rda	0.0	1.0	0.0	0.0
-ewa	0.308329274233	0.610813443741	0.0370189965903	0.043838285436
-mai	0.0	1.0	0.0	0.0
-284	0.0	0.0	0.0	1.0
-awa	0.0942068218733	0.707634001083	0.168922577152	0.0292365998917
-toa	0.0	1.0	0.0	0.0
-har	0.0	1.0	0.0	0.0
-awe	0.834041521149	0.106616220411	0.00475358944509	0.0545886689949
-440	0.0	1.0	0.0	0.0
-mam	0.0	1.0	0.0	0.0
-lal	0.0	1.0	0.0	0.0
-rma	0.0	0.97619047619	0.0238095238095	0.0
-ahu	0.0	1.0	0.0	0.0
-ido	0.0138888888889	0.979166666667	0.0	0.00694444444444
-put	0.0	1.0	0.0	0.0
-stu	0.131466031852	0.119162873937	0.0434481644151	0.705922929797
-276	0.0	0.230769230769	0.0	0.769230769231
-ato	0.0	0.25	0.75	0.0
-pim	0.57399555497	0.238952767901	0.0594427715544	0.127608905575
-til	0.497016197783	0.439045183291	0.0554134697357	0.00852514919012
-sto	0.0337078651685	0.898876404494	0.0224719101123	0.0449438202247
-sti	0.0	1.0	0.0	0.0
-tim	0.699177758497	0.202024165602	0.0337411012961	0.0650569746044
-sta	0.0656362628223	0.910798447463	0.018574993069	0.00499029664542
-tov	0.18	0.66	0.16	0.0
-209	0.0	0.4	0.0	0.6
-tal	0.0	0.333333333333	0.666666666667	0.0
-ihu	0.0987654320988	0.851851851852	0.0246913580247	0.0246913580247
-200	0.0351979886864	0.230561614966	0.067549081229	0.666691315118
-205	0.0	0.5	0.0	0.5
-207	0.0	1.0	0.0	0.0
-iok	0.0774598743894	0.897418004187	0.00907187718074	0.0160502442428
-lek	0.096369008564	0.775900886413	0.108968338715	0.0187617663077
-lel	0.0146818923328	0.94616639478	0.0391517128875	0.0
-ion	0.0673172078893	0.84522795793	0.0411958297853	0.0462590043957
-len	0.0	1.0	0.0	0.0
-mum	0.0526315789473	0.947368421053	0.0	0.0
-lea	0.0529891304349	0.930706521739	0.00815217391304	0.00815217391304
-mun	0.00311459773024	0.985448988729	0.00895446847442	0.00248194506628
-muk	0.0952644306364	0.673163299609	0.191644707592	0.0399275621632
-017	0.0	0.4	0.0	0.6
-mut	0.327731092437	0.569027611044	0.0672268907563	0.0360144057623
-mus	0.0704074338814	0.870264474625	0.0310936383131	0.0282344531809
-dor	0.0	1.0	0.0	0.0
-ios	0.0290935869644	0.941024550631	0.0177984296724	0.0120834327321
-oin	0.149068322981	0.726708074534	0.0372670807453	0.0869565217391
-oim	0.682595733433	0.213568826682	0.0473872158195	0.0564482240656
-les	0.0710935003541	0.636748943537	0.0513994376016	0.240758118508
-oik	0.194029850746	0.656716417911	0.149253731343	0.0
-tup	0.0301507537688	0.969849246231	0.0	0.0
-lev	0.0	1.0	0.0	0.0
-iot	0.0566106736232	0.884023697491	0.0432747397421	0.0160908891435
-ifa	0.0	1.0	0.0	0.0
-ifi	0.0	1.0	0.0	0.0
-git	0.0625000000001	0.9375	0.0	0.0
-ndu	0.023346303502	0.976653696498	0.0	0.0
-iba	0.0570342205323	0.899873257288	0.0177439797212	0.0253485424588
-gin	0.0	1.0	0.0	0.0
-gim	0.754634454293	0.159855740265	0.0438787719311	0.0416310335102
-kva	0.0	1.0	0.0	0.0
-fai	0.0	1.0	0.0	0.0
-ndo	0.0541339702036	0.925395200728	0.0204708290686	0.0
-ali	0.0465105658888	0.897896923404	0.0539412480128	0.00165126269427
-nda	0.157761221482	0.76044037942	0.0662480084273	0.0155503906707
-sal	0.0	0.952380952381	0.0476190476189	0.0
-nde	0.395604395604	0.505494505495	0.0	0.0989010989011
-gia	0.0601092896175	0.896174863388	0.0327868852459	0.0109289617486
-ala	0.0232644017725	0.909896602659	0.057976366322	0.00886262924668
-rot	0.11702976388	0.743336096666	0.0370020065908	0.102632132864
-655	0.0	0.2	0.0	0.8
-120	0.105	0.035	0.0	0.86
-uva	0.0	1.0	0.0	0.0
-122	0.0	1.0	0.0	0.0
-123	0.0	0.2	0.0	0.8
-yor	0.171401212895	0.643472709863	0.185126077242	0.0
-128	0.0	0.0769230769231	0.0	0.923076923077
-mla	0.078431372549	0.882352941177	0.0	0.0392156862744
-rel	0.0	1.0	0.0	0.0
-iem	0.0	1.0	0.0	0.0
-bil	0.0	1.0	0.0	0.0
-lok	0.0200604999204	0.791593695271	0.0254736506926	0.162872154116
-318	0.0	0.111111111111	0.222222222222	0.666666666667
-gwe	0.106096171183	0.31201204266	0.123828477148	0.45806330901
-rie	0.0	1.0	0.0	0.0
-pel	0.0528891404761	0.917212919822	0.00620501157264	0.023692928129
-pen	0.349067849658	0.599929238222	0.0377214707563	0.013281441363
-loi	0.0	0.977011494253	0.0	0.0229885057471
-pek	0.153474903475	0.817567567568	0.0173745173745	0.011583011583
-pet	0.709425543781	0.273842721695	0.0100390407139	0.00669269380924
-150	0.145454545455	0.163636363637	0.0	0.690909090909
-153	0.0472440944882	0.0393700787401	0.0944881889764	0.818897637795
-eli	0.0413005272408	0.932337434095	0.0158172231986	0.0105448154657
-elo	0.0723039215686	0.604983660131	0.249183006536	0.0735294117647
-157	0.0	1.0	0.0	0.0
-pes	0.111336420859	0.622422086894	0.0237321529093	0.242509339338
-oga	0.0	1.0	0.0	0.0
-rka	0.0	1.0	0.0	0.0
-ela	0.0386337887328	0.166927827388	0.0863482182783	0.708090165601
-iya	0.0400093044894	0.933472900675	0.0167480809491	0.00976971388694
-ele	0.342105263158	0.552631578948	0.0526315789473	0.0526315789472
-pne	0.0	0.75	0.0	0.25
-pna	0.0701754385965	0.883040935672	0.046783625731	0.0
-pni	0.0396039603961	0.950495049505	0.00990099009901	0.0
-100	0.0377059482499	0.175332659362	0.0844285362988	0.702532856089
-550	0.505882352941	0.352941176471	0.141176470588	0.0
-esi	0.0370656370657	0.951351351351	0.007722007722	0.00386100386101
-721	0.0	0.2	0.0	0.8
-725	0.0	0.2	0.0	0.8
-fek	0.0	1.0	0.0	0.0
-esa	0.0817610062893	0.817610062893	0.0125786163522	0.0880503144654
-loa	0.0	1.0	0.0	0.0
-832	0.0	0.428571428571	0.0	0.571428571429
-830	0.166666666667	0.5	0.0	0.333333333333
-ita	0.0295358757502	0.923007604786	0.0209074176659	0.026549101798
-spa	0.0210157618214	0.945709281961	0.0332749562171	0.0
-~no	0.526315789474	0.233409610984	0.0686498855836	0.171624713959
-spe	0.0	1.0	0.0	0.0
-bru	0.0151847095263	0.929289113848	0.0543929893481	0.00113318727808
-222	0.0	1.0	0.0	0.0
-tir	0.0	1.0	0.0	0.0
-105	0.285714285714	0.142857142857	0.0	0.571428571429
-fan	0.0197206244864	0.918652423993	0.0616269515201	0.0
-fam	0.0	0.964285714286	0.0357142857143	0.0
-fal	0.0	1.0	0.0	0.0
-666	0.125	0.025	0.025	0.825
-far	0.0967741935484	0.795698924731	0.10752688172	0.0
-fas	0.052688172043	0.931182795699	0.00322580645161	0.0129032258065
-uda	0.0174373154171	0.882231505927	0.0942285314868	0.0061026471692
-fat	0.0200393743974	0.961047058756	0.00810581436301	0.010807752484
-ude	0.439375436148	0.522330774599	0.00863572923936	0.029658060014
-bri	0.0	0.333333333333	0.666666666667	0.0
-udi	0.0	1.0	0.0	0.0
-108	0.0	0.571428571428	0.0	0.428571428572
-hul	0.108468967325	0.774436644523	0.0624585316306	0.0546358565215
-hum	0.0606060606061	0.939393939394	0.0	0.0
-lpa	0.0204081632653	0.979591836735	0.0	0.0
-125	0.0	0.111111111111	0.0	0.888888888889
-huk	0.51282051282	0.451566951567	0.0213675213675	0.014245014245
-wok	0.35380988816	0.440272295949	0.073532226783	0.132385589108
-aba	0.0623353819139	0.869183494293	0.0184372256365	0.0500438981563
-hut	0.0611719253058	0.938828074694	0.0	0.0
-ron	0.00889791575996	0.978915808308	0.00957493108952	0.0026113448426
-hur	0.0	1.0	0.0	0.0
-tua	0.229001390366	0.731741228429	0.0196286906028	0.0196286906028
-koa	0.0140845070423	0.985915492958	0.0	0.0
-vat	0.0	1.0	0.0	0.0
-kom	0.0230257952208	0.93741098275	0.0379806931476	0.00158252888115
-sot	0.406127344539	0.370570558864	0.20093978793	0.0223623086673
-900	0.0624999999999	0.0	0.0	0.9375
-ada	0.0179586950015	0.955103262496	0.0269380425022	0.0
-tul	0.0	1.0	0.0	0.0
-ael	0.0102552428756	0.972060198283	0.0096010144568	0.00808354438425
-sos	0.0491803278688	0.877049180328	0.0	0.0737704918032
-sor	0.019471488178	0.972183588317	0.0	0.00834492350485
-som	0.0	1.0	0.0	0.0
-sol	0.0595691260099	0.0719677134324	0.0297187466149	0.838744413943
-tur	0.0	1.0	0.0	0.0
-ori	0.229347500145	0.588050141326	0.10445523297	0.0781471255593
-kop	0.0111829280804	0.982045757669	0.00554016620498	0.00123114804555
-kos	0.0428571428571	0.95	0.00714285714286	0.0
-ado	0.0	1.0	0.0	0.0
-ora	0.0724490829872	0.819721687439	0.0901813760259	0.0176478535481
-van	0.0	1.0	0.0	0.0
-ore	0.0	0.906976744186	0.0	0.0930232558138
-tna	0.0769230769231	0.923076923077	0.0	0.0
-127	0.0	0.12	0.0	0.88
-lit	0.0	1.0	0.0	0.0
-rus	0.0464676695282	0.903126722848	0.0278806017169	0.0225250059069
-liv	0.0296581608088	0.854212806933	0.114973519499	0.00115551275879
-lip	0.42988327264	0.516420651835	0.0262170899465	0.0274789855782
-rut	0.0401691331924	0.524312896406	0.00317124735728	0.432346723044
-lis	0.257887517147	0.508573388203	0.037037037037	0.196502057613
-ruk	0.452572181721	0.476337575683	0.0414349849664	0.0296552576301
-lin	0.326455676354	0.106562303993	0.545159941459	0.0218220781936
-kru	0.597369551846	0.352692375745	0.025402950618	0.0245351217909
-rum	0.0622054808277	0.739400151961	0.146176248231	0.0522181189806
-oma	0.0	1.0	0.0	0.0
-rua	0.229035286716	0.594874548043	0.0267143858304	0.14937577941
-lia	0.460784762761	0.252248444826	0.142526419227	0.144440373186
-ome	0.0	0.945454545455	0.0545454545454	0.0
-sba	0.0	1.0	0.0	0.0
-eap	0.0	1.0	0.0	0.0
-kap	0.0438375570597	0.94333385802	0.008578624272	0.00424996064852
-eat	0.0	1.0	0.0	0.0
-lno	1.0	0.0	0.0	0.0
-lne	0.0	1.0	0.0	0.0
-144	0.032794053345	0.210319195453	0.026235242676	0.730651508526
-abi	0.0	1.0	0.0	0.0
-oda	0.189104007204	0.733228275552	0.0422107158938	0.0354570013507
-232	0.25	0.0	0.0	0.75
-sna	0.0	1.0	0.0	0.0
-998	0.0	0.2	0.2	0.6
-rna	0.0	1.0	0.0	0.0
-172	0.0	0.117647058824	0.0	0.882352941176
-kek	0.2	0.75	0.0499999999999	0.0
-odi	0.0557776135799	0.877120204544	0.0425847084902	0.0245174733863
-eam	0.0186640471513	0.96463654224	0.00294695481336	0.0137524557957
-eal	0.235294117647	0.705882352941	0.0	0.0588235294119
-rni	0.0	1.0	0.0	0.0
-ean	0.0	1.0	0.0	0.0
-168	0.0	1.0	0.0	0.0
-uri	0.0	1.0	0.0	0.0
-kyu	0.360725835429	0.563816025871	0.0674811354653	0.00797700323393
-ehi	0.027027027027	0.972972972973	0.0	0.0
-160	0.0	1.0	0.0	0.0
-ura	0.0529334251745	0.877624210117	0.0584364050193	0.0110059596897
-162	0.0	0.0	0.0	1.0
-gap	0.0	1.0	0.0	0.0
-rga	0.0	1.0	0.0	0.0
-eha	0.0	1.0	0.0	0.0
-tai	0.046511627907	0.941860465116	0.0	0.0116279069767
-ehu	0.0438282647585	0.949016100179	0.00536672629694	0.00178890876565
-pai	0.0046511627907	0.958139534884	0.00930232558139	0.0279069767442
-pak	0.108179104478	0.386865671642	0.476537313433	0.0284179104478
-was	0.457987610713	0.403294733418	0.0851290739802	0.0535885818881
-war	0.0333333333334	0.8	0.166666666667	0.0
-pan	0.309012875537	0.407725321888	0.283261802575	0.0
-307	0.25	0.375	0.375	0.0
-sno	0.303370786517	0.561797752809	0.134831460674	0.0
-425	0.0	0.4	0.3	0.3
-dua	0.0390468370953	0.950240646994	0.00901211655995	0.00170039935093
-nua	0.0	1.0	0.0	0.0
-kol	0.069504099961	0.627098789535	0.299882858259	0.00351425224522
-wan	0.060846335308	0.188683846789	0.312085281843	0.438384536059
-par	0.0	1.0	0.0	0.0
-pas	0.384270360756	0.275603162695	0.225513198129	0.11461327842
-pat	0.092879256966	0.777089783282	0.111455108359	0.0185758513932
-pau	0.0	1.0	0.0	0.0
-wai	0.0936315949254	0.850943650298	0.0287758577432	0.026648897033
-nun	0.0592466649229	0.855218414857	0.023737902171	0.0617970180488
-kri	0.00731261425961	0.99268738574	0.0	0.0
-kon	0.0797342192691	0.700996677741	0.159468438538	0.0598006644518
-760	0.0789473684211	0.526315789474	0.0789473684211	0.315789473684
-sen	0.0859913173283	0.821909366055	0.0344430901546	0.0576562264616
-ken	0.460736668425	0.0598262028273	0.00676962257973	0.472667506168
-kem	0.202076742111	0.780562991807	0.00730104648334	0.0100592195993
-sut	0.0234885620915	0.27073120915	0.691738153595	0.0140420751634
-sus	0.0142212189616	0.974943566591	0.00677200902934	0.00406320541761
-sur	0.017942583732	0.982057416268	0.0	0.0
-sop	0.0871369294605	0.850622406639	0.0580912863071	0.00414937759336
-sum	0.0	1.0	0.0	0.0
-ket	0.103526905114	0.846707129473	0.0359547685898	0.0138111968234
-kes	0.0	1.0	0.0	0.0
-kok	0.18589444185	0.755254553947	0.0196170014012	0.0392340028024
-tak	0.0689655172414	0.931034482759	0.0	0.0
-kep	0.0	0.857142857143	0.142857142857	0.0
-suf	0.16	0.72	0.0	0.12
-905	0.0	0.0	0.0	1.0
-601	0.0	0.444444444445	0.0	0.555555555555
-nus	0.0486140724947	0.842643923241	0.0933901918976	0.0153518123667
-sua	0.144504154267	0.578578601024	0.242434413599	0.0344828311098
-slu	0.0	1.0	0.0	0.0
-fet	0.085860129934	0.893284926571	0.0120107004422	0.0088442430529
-fer	0.0597014925373	0.880597014925	0.0597014925373	0.0
-fes	0.151515151515	0.757575757576	0.060606060606	0.030303030303
-kot	0.26405173098	0.702700709623	0.0182565614211	0.0149909979757
-dim	0.667693656298	0.16973367022	0.137193353357	0.0253793201243
-din	0.0	0.95	0.0499999999999	0.0
-lul	0.0	1.0	0.0	0.0
-psi	0.0	1.0	0.0	0.0
-dit	0.0833333333333	0.916666666667	0.0	0.0
-son	0.0637945318973	0.916321458161	0.0146368406517	0.00524716929026
-dis	0.24211298606	0.743423121266	0.0113195681794	0.00314432449429
-ane	0.0	1.0	0.0	0.0
-fel	0.0941176470586	0.894117647059	0.0117647058824	0.0
-sli	0.0	1.0	0.0	0.0
-ska	0.0	1.0	0.0	0.0
-iha	0.0	1.0	0.0	0.0
-ven	0.0191211444122	0.891863723315	0.0750025985921	0.0140125336807
-kor	0.0	1.0	0.0	0.0
-afu	0.0	1.0	0.0	0.0
-tpo	0.165479469918	0.101207843649	0.0264062983912	0.706906388042
-uka	0.0	1.0	0.0	0.0
-ans	0.126984126984	0.809523809524	0.063492063492	0.0
-kli	0.0	1.0	0.0	0.0
-lua	0.0594942984631	0.843331680714	0.0555280118988	0.0416460089241
-afa	0.0	1.0	0.0	0.0
-uki	0.0	0.888888888889	0.0	0.111111111111
-945	0.0	0.333333333333	0.0	0.666666666667
-kla	0.0	0.984126984127	0.0	0.015873015873
-tit	0.0294321877976	0.962889850168	0.00127966033903	0.00639830169513
-ait	0.21049825822	0.217470287727	0.0474155672765	0.524615886777
-vai	0.0269510676462	0.948371396908	0.0181654080362	0.0065121274092
-ngu	0.347326336832	0.385807096452	0.230884557721	0.0359820089955
-ais	0.105986340556	0.860528528416	0.0133530987397	0.0201320322885
-tis	0.0222672064777	0.973684210526	0.00404858299596	0.0
-soa	0.0	1.0	0.0	0.0
-efo	0.0	1.0	0.0	0.0
-efi	0.0	1.0	0.0	0.0
-nga	0.0589714285714	0.873828571429	0.0644571428571	0.00274285714285
-aia	0.0782311824826	0.867357432669	0.0436694907479	0.0107418941003
-tia	0.0517845357161	0.923338579479	0.0228461186983	0.00203076610652
-aim	0.0943266609593	0.214168080439	0.0449725753301	0.646532683272
-ngi	0.0745180480387	0.827794426801	0.0770228563761	0.0206646687838
-tin	0.157458563536	0.560773480663	0.0911602209945	0.190607734807
-ain	0.10267006137	0.48354829423	0.125644422661	0.288137221739
-aik	0.461149757562	0.0977368818414	0.0308888325552	0.410224528042
-tik	0.0708470281811	0.922136484846	0.00584707247712	0.00116941449542
-eme	0.0488554017481	0.934580290612	0.0143309178461	0.0022333897942
-ema	0.00539083557951	0.978436657682	0.0161725067385	0.0
-jas	0.192373384821	0.756107975642	0.0219998514778	0.0295187880588
-nop	0.0454545454545	0.954545454546	0.0	0.0
-260	0.0761904761904	0.166666666667	0.0285714285714	0.728571428572
-tba	0.0	1.0	0.0	0.0
-ems	0.00380771061399	0.992860542599	0.0028557829605	0.00047596382675
-jan	0.0	0.428571428571	0.571428571429	0.0
-056	0.0	0.25	0.0	0.75
-jam	0.0	1.0	0.0	0.0
-jak	0.235294117647	0.764705882353	0.0	0.0
-dal	0.129629629629	0.833333333333	0.0370370370372	0.0
-ins	0.0984915902821	0.770890807155	0.027453946783	0.10316365578
-pda	0.0	1.0	0.0	0.0
-ana	0.0411240695222	0.888342659903	0.0139114063072	0.0566218642679
-ker	0.0	1.0	0.0	0.0
-mda	0.0849557522123	0.874926253687	0.0330383480826	0.0070796460177
-pdi	0.0	1.0	0.0	0.0
-inu	0.0	1.0	0.0	0.0
-vil	0.0	0.844827586207	0.051724137931	0.103448275862
-tni	0.0	1.0	0.0	0.0
-345	0.0	0.0	0.0	1.0
-rup	0.0657750493312	0.888182416137	0.0394650295988	0.00657750493312
-kta	0.0361757105943	0.886304909561	0.0671834625323	0.0103359173127
-uar	0.0	1.0	0.0	0.0
-340	0.0	0.0	0.0	1.0
-000	0.05662798563	0.193604033634	0.0155901260028	0.734177854733
-410	0.0	0.428571428571	0.285714285714	0.285714285714
-005	0.0	1.0	0.0	0.0
-eta	0.0268123392896	0.116937326222	0.0666340318932	0.789616302595
-392	0.0	0.0	0.0	1.0
-390	0.12	0.8	0.0	0.08
-buk	0.301529553187	0.639131308171	0.0108889391973	0.0484501994445
-atu	0.15237020316	0.844405030635	0.00322476620445	0.0
-bun	0.184385217478	0.652333300307	0.13692658278	0.0263548994353
-bul	0.0533117932149	0.936995153473	0.00969305331179	0.0
-lim	0.731288967187	0.201356059777	0.0348602803298	0.032494692706
-bum	0.111111111111	0.777777777778	0.111111111111	0.0
-omi	0.0135849056603	0.635471698113	0.00452830188678	0.34641509434
-wet	0.60404632079	0.276008206014	0.0527722291205	0.0671732440749
