-tɔf	0.0	1.0	0.0	0.0
-tɔk	0.0333101631458	0.945870984888	0.0208188519661	0.0
-pfa	0.0	1.0	0.0	0.0
-tɔi	0.0	1.0	0.0	0.0
-tɔn	0.256106838857	0.67688709472	0.00875313244888	0.0582529339744
-tɔm	0.155555555555	0.755555555556	0.0444444444445	0.0444444444445
-iva	0.121495327103	0.841121495327	0.0373831775701	0.0
-rba	0.105769230769	0.730769230769	0.0865384615384	0.0769230769229
-ive	0.11897353452	0.87052880067	0.00349922160352	0.00699844320703
-tɔu	0.503867934448	0.314436783681	0.126177279077	0.0555180027939
-gta	0.0603621730383	0.915492957746	0.0241448692153	0.0
-rbi	0.326086956522	0.673913043478	0.0	0.0
-aus	0.333333333333	0.645833333333	0.0	0.0208333333333
-auu	0.422913045532	0.322187472865	0.0995541148028	0.1553453668
-aua	0.5	0.0	0.0	0.5
-euu	0.840255591054	0.038338658147	0.0543130990415	0.0670926517572
-ufa	0.0	1.0	0.0	0.0
-iad	0.00151898734177	0.998481012658	0.0	0.0
-aum	0.0537906137184	0.916967509025	0.0086642599278	0.0205776173285
-ufi	0.239436619718	0.535211267606	0.0845070422535	0.140845070423
-bɛm	0.46875	0.53125	0.0	0.0
-ɛŋɛ	0.230769230769	0.423076923077	0.0	0.346153846154
-nyu	0.459782796776	0.410819018514	0.0822618932572	0.0471362914532
-svi	0.0	0.913043478261	0.086956521739	0.0
-eus	0.0	0.538461538462	0.461538461538	0.0
-sva	0.0	1.0	0.0	0.0
-vad	0.0	1.0	0.0	0.0
-ɛsɔ	0.0	1.0	0.0	0.0
-dri	0.0	1.0	0.0	0.0
-ɛnɛ	0.0977235833456	0.620457698418	0.0798745552325	0.201944163004
-lbɔ	1.0	0.0	0.0	0.0
-yaŋ	0.0982142857144	0.741071428571	0.107142857143	0.0535714285714
-ido	0.0	1.0	0.0	0.0
-idi	0.164893852252	0.650274149963	0.0528091422244	0.132022855561
-rpe	0.0	0.333333333334	0.0	0.666666666667
-kpu	0.683759453698	0.271521894202	0.0113882388276	0.0333304132721
-ida	0.055900621118	0.934782608696	0.00232919254658	0.00698757763976
-kpa	0.667385971995	0.033945216778	0.0122307140298	0.286438097197
-tla	0.0	1.0	0.0	0.0
-uta	0.0648330058939	0.81257367387	0.102554027505	0.0200392927308
-ute	0.2	0.0	0.8	0.0
-azɔ	0.0	1.0	0.0	0.0
-uti	0.163774180071	0.476453069723	0.254949008197	0.104823742008
-ugɛ	0.134033228009	0.844562226073	0.00611558454796	0.0152889613699
-uto	0.185185185185	0.185185185185	0.0185185185185	0.611111111111
-utu	0.571428571429	0.285714285714	0.0	0.142857142857
-rŋa	0.189607517966	0.776119402985	0.016583747927	0.0176893311222
-hɔn	0.0549019607843	0.941176470588	0.0	0.00392156862746
-hɔl	0.0	1.0	0.0	0.0
-hɔk	0.413548406808	0.264847406849	0.141377644526	0.180226541817
-zɔŋ	0.279821811582	0.317659352142	0.124621899577	0.277896936699
-iwɛ	0.15215055414	0.370767199828	0.434531667332	0.0425505787001
-hɔf	0.0	1.0	0.0	0.0
-hɔd	0.0	1.0	0.0	0.0
-hɔv	0.0	1.0	0.0	0.0
-hɔu	0.620684047366	0.282915187643	0.0387674258094	0.0576333391823
-hɔr	0.046511627907	0.953488372093	0.0	0.0
-ŋɔu	0.629359694796	0.204467207975	0.0248504120496	0.14132268518
-ikɛ	0.214285714286	0.738095238095	0.0	0.0476190476191
-ija	0.0139104460128	0.978182563622	0.00175710897004	0.00614988139514
-ɔwi	0.148759256853	0.679095751591	0.0491100428738	0.123034948681
-zii	0.235669528893	0.118821072174	0.0162450684613	0.629264330471
-ɔwa	0.304555536598	0.439159984075	0.0621338793153	0.194150600011
-zif	0.0	1.0	0.0	0.0
-ɔwu	0.649038461538	0.246394230769	0.0649038461539	0.0396634615384
-nha	0.0476655193475	0.75086479062	0.103948836129	0.0975208539037
-ŋɛɛ	0.471428571429	0.442857142857	0.0714285714286	0.0142857142857
-ian	0.0226757369614	0.959183673469	0.0181405895692	0.0
-glɛ	0.308954922457	0.53670938211	0.05453257579	0.0998031196434
-yau	0.383371805742	0.253488322824	0.0661355806449	0.297004290789
-yas	0.0	1.0	0.0	0.0
-bsa	0.0	1.0	0.0	0.0
-mfa	0.161290322581	0.838709677419	0.0	0.0
-yag	0.629680998613	0.205270457698	0.0665742024966	0.0984743411927
-yaf	0.0	1.0	0.0	0.0
-yaa	0.298462114272	0.0938115880499	0.0418353438397	0.565890953839
-lpa	0.0	0.95652173913	0.0	0.0434782608695
-yam	0.0153846153846	0.964102564103	0.0	0.0205128205128
-yan	0.0103620535362	0.965142345587	0.0055807414092	0.0189148594676
-ofa	0.019801980198	0.920792079208	0.0	0.0594059405941
-zɔn	0.0	0.720930232558	0.279069767442	0.0
-zɔk	0.49263502455	0.445171849427	0.0163666121113	0.0458265139116
-zɔg	0.335689045936	0.515901060071	0.0318021201414	0.116607773852
-zɔu	0.5	0.5	0.0	0.0
-ŋgo	0.6	0.342857142857	0.0571428571428	0.0
-ɔya	0.0	0.939393939394	0.060606060606	0.0
-fof	0.0	0.75	0.25	0.0
-ada	0.037584719655	0.910659272951	0.0443622920518	0.00739371534196
-ado	0.0	1.0	0.0	0.0
-adi	0.487121079376	0.35657963904	0.051690905905	0.104608375679
-lal	0.0	1.0	0.0	0.0
-adu	1.0	0.0	0.0	0.0
-tɔɔ	0.258064516129	0.741935483871	0.0	0.0
-nŋa	0.0	1.0	0.0	0.0
-sen	0.0	1.0	0.0	0.0
-ɛni	0.249402277386	0.543704734447	0.0676320437732	0.139260944394
-ɛnn	0.1	0.6	0.0	0.3
-sef	0.0	1.0	0.0	0.0
-see	0.334461681374	0.41368223094	0.0354830401708	0.216373047516
-ɛna	0.140589117781	0.53262134384	0.122244704386	0.204544833992
-lba	0.142857142857	0.75	0.107142857143	0.0
-sea	0.193548387097	0.806451612903	0.0	0.0
-ɛne	0.396899224806	0.328682170543	0.0356589147287	0.238759689922
-oha	0.154929577465	0.783856988082	0.0514626218852	0.00975081256771
-nag	0.6	0.0	0.0	0.4
-ɛns	0.0221198156682	0.966820276498	0.0110599078341	0.0
-seu	0.437861271676	0.375	0.0628612716763	0.124277456647
-aar	0.0689655172413	0.873563218391	0.0574712643678	0.0
-ses	0.254545454545	0.545454545455	0.127272727273	0.0727272727273
-ɛnt	0.141732283465	0.834645669291	0.0	0.0236220472441
-ɛnu	0.45742951361	0.185397720415	0.0989573632033	0.258215402772
-aam	0.153526970954	0.821576763486	0.0	0.0248962655601
-aal	0.0759234701478	0.774668165773	0.0409356785237	0.108472685555
-bla	0.0	1.0	0.0	0.0
-toŋ	0.210526315789	0.430622009569	0.358851674641	0.0
-ɛŋi	0.178678533424	0.776821127987	0.0241849666247	0.0203153719648
-mti	0.309879175551	0.62828713575	0.0255863539446	0.0362473347548
-ɛŋa	0.283963585434	0.41456582633	0.248949579832	0.0525210084034
-mta	0.065483234714	0.843392504931	0.0757396449704	0.0153846153846
-uum	0.25	0.583333333333	0.166666666667	0.0
-uun	0.037213571532	0.28265753079	0.119417769584	0.560711128093
-uud	0.0192307692308	0.923076923077	0.0576923076923	0.0
-uug	0.0	0.9	0.0	0.0999999999999
-uuu	0.853146853147	0.0839160839161	0.062937062937	0.0
-uus	0.037037037037	0.962962962963	0.0	0.0
-uur	0.222222222222	0.555555555556	0.222222222222	0.0
-zom	0.296296296296	0.703703703704	0.0	0.0
-naz	0.0	1.0	0.0	0.0
-iwu	0.480976485957	0.181662312214	0.296211626388	0.041149575441
-rat	0.0	1.0	0.0	0.0
-rau	0.279471890722	0.500953576528	0.0787102775	0.14086425525
-eru	0.188786038559	0.20676846884	0.368964094098	0.235481398502
-ran	0.0522193211488	0.937336814621	0.0104438642298	0.0
-eri	0.0655294415763	0.588607487794	0.309250421758	0.0366126488716
-ral	0.0	0.783783783784	0.189189189189	0.027027027027
-gɔŋ	0.102941176471	0.867647058823	0.0294117647059	0.0
-rak	0.0315789473684	0.968421052632	0.0	0.0
-iwe	0.380250198134	0.579289352146	0.0210449417996	0.0194155079198
-ero	0.0	1.0	0.0	0.0
-raf	0.054441260745	0.919770773639	0.00859598853867	0.0171919770773
-era	0.176470588235	0.705882352941	0.117647058823	0.0
-iwi	0.272455728611	0.475037337316	0.175698741199	0.0768081928739
-hɔɔ	0.162198391421	0.520107238606	0.309651474531	0.00804289544235
-rab	0.0515463917526	0.927835051546	0.020618556701	0.0
-ere	0.0738391780649	0.410289003117	0.442023154056	0.0738486647618
-raa	0.387739536657	0.265063399752	0.113118505101	0.23407855849
-ugu	0.165121668598	0.669756662804	0.165121668598	0.0
-oza	0.0	1.0	0.0	0.0
-azu	0.125	0.833333333333	0.0416666666666	0.0
-iɔt	0.00339174674958	0.993216506501	0.0	0.00339174674958
-iɔs	0.0	0.989473684211	0.0	0.0105263157895
-opa	0.0	1.0	0.0	0.0
-iɔn	0.0416569699791	0.945077961368	0.00767977658832	0.00558529206423
-iɔk	0.0761019005257	0.878892033967	0.0167003639305	0.028305701577
-uga	0.119451725175	0.522880591243	0.0948165972013	0.262851086381
-iɔf	0.0	1.0	0.0	0.0
-utɛ	0.173333333333	0.106666666667	0.0533333333333	0.666666666667
-aza	0.00402684563758	0.945637583893	0.0442953020134	0.00604026845637
-ugi	0.36496525543	0.477476573323	0.0560800270539	0.101478144193
-ŋɔɔ	0.6	0.2	0.0	0.2
-ike	0.246420704846	0.596640969163	0.0702092511013	0.0867290748898
-ika	0.0645309485161	0.906434718692	0.0110256959971	0.0180086367952
-iko	0.0760880894593	0.789082624816	0.0976786432199	0.0371506425051
-nor	0.0	1.0	0.0	0.0
-nos	0.0	1.0	0.0	0.0
-iki	0.174497087936	0.669959656585	0.107016524358	0.0485267311207
-iku	0.4816	0.2944	0.0671999999999	0.1568
-iks	0.0662460567823	0.906714736368	0.00270392068499	0.024335286165
-tɛɛ	0.32087993587	0.224330204988	0.199337975864	0.255451883279
-noa	0.025641025641	0.974358974359	0.0	0.0
-nof	0.0	1.0	0.0	0.0
--ir	0.0	1.0	0.0	0.0
-tof	0.0	0.75	0.0	0.25
-gla	0.0356956942069	0.861679184948	0.0803153119654	0.0223098088793
-tob	0.0	1.0	0.0	0.0
-gle	0.27027027027	0.535135135135	0.14695945946	0.0476351351351
-toa	0.0	1.0	0.0	0.0
-ton	0.0	1.0	0.0	0.0
-too	0.0	1.0	0.0	0.0
-tol	0.164383561644	0.561643835616	0.246575342466	0.0273972602739
-ŋɛu	0.360668789809	0.388535031847	0.152866242038	0.0979299363057
-tok	0.444444444445	0.555555555555	0.0	0.0
-toi	0.0	0.75	0.0	0.25
-tou	0.545968882603	0.33946251768	0.0509193776521	0.0636492220651
-tor	0.14287648094	0.214838531214	0.2640825383	0.378202449546
-rou	0.504672897196	0.447263017356	0.0240320427236	0.0240320427236
-kbɔ	0.0	1.0	0.0	0.0
-iel	0.0	1.0	0.0	0.0
-ros	0.0	1.0	0.0	0.0
-tis	0.0185503263483	0.888010992786	0.0288560632085	0.0645826176572
-iee	0.268109445396	0.49952903526	0.196613593291	0.0357479260529
-ɔda	0.0	1.0	0.0	0.0
-ɔwɛ	0.183544303797	0.744725738397	0.042194092827	0.0295358649789
-rom	0.0	0.959183673469	0.0408163265306	0.0
-ron	0.0	1.0	0.0	0.0
-ahu	0.0	1.0	0.0	0.0
-roi	0.166666666667	0.833333333334	0.0	0.0
-yaɛ	0.0	0.823529411765	0.176470588235	0.0
-yɔɔ	0.585492227979	0.0880829015544	0.062176165803	0.264248704663
-asɛ	0.0261543429125	0.946722634808	0.00774943493703	0.0193735873426
-tia	0.0201562106324	0.951373141849	0.0236835474931	0.00478710002519
-gɔu	0.666666666667	0.333333333333	0.0	0.0
-gɔl	0.0	1.0	0.0	0.0
-gɔn	0.0160427807487	0.983957219251	0.0	0.0
-akɛ	0.0731707317072	0.926829268293	0.0	0.0
-gɔb	0.0	1.0	0.0	0.0
-gɔg	0.0402010050251	0.914572864322	0.0201005025126	0.0251256281407
-muf	0.0	1.0	0.0	0.0
-ois	0.203389830508	0.593220338983	0.203389830508	0.0
-lem	0.0	0.96	0.04	0.0
-lrɛ	0.242424242424	0.69696969697	0.0	0.0606060606062
-mɔr	0.0	0.955574912892	0.0209059233449	0.0235191637631
-mɔs	0.0737972909856	0.879962634283	0.0168145726296	0.0294255021018
-leb	0.00884955752212	0.982300884956	0.00884955752212	0.0
-mun	0.311884365775	0.29854969148	0.0700380990695	0.319527843675
-lee	0.299573777146	0.31479602192	0.202963263649	0.182666937284
-mɔu	0.4	0.4	0.0	0.2
-muu	0.106013321642	0.156908312587	0.0218488852553	0.715229480516
-mɔk	0.0	0.0	0.0	1.0
-mɔn	0.01312	0.98016	0.00438857142858	0.00233142857143
-fsa	0.090909090909	0.909090909091	0.0	0.0
-mus	0.0644158151933	0.825410928476	0.037316748112	0.0728565082186
-mur	0.613381799738	0.226805866689	0.0780252757936	0.0817870577793
-oim	0.0	1.0	0.0	0.0
-ɛon	0.0	0.785714285714	0.142857142857	0.0714285714286
-mɔf	0.0	0.994059405941	0.0059405940594	0.0
-fsi	0.0	1.0	0.0	0.0
-akɔ	0.0631578947369	0.852631578947	0.0842105263157	0.0
-san	0.00130293159609	0.945928338762	0.0488599348534	0.00390879478826
-pee	0.25	0.5	0.25	0.0
-pem	0.0	1.0	0.0	0.0
-pen	0.388888888889	0.611111111111	0.0	0.0
-mga	0.0	1.0	0.0	0.0
-ogi	0.16	0.56	0.04	0.24
-lsa	0.1281945452	0.770313183531	0.0592176092667	0.0422746620025
-lse	0.538461538462	0.276923076923	0.0307692307692	0.153846153846
-oga	0.0	0.923076923077	0.076923076923	0.0
-lsi	0.164250072854	0.758571379427	0.0601572970136	0.0170212507054
-oge	0.240566037736	0.551886792453	0.193396226415	0.0141509433962
-itu	0.274258820282	0.250174538488	0.249326200257	0.226240440973
-its	0.0	1.0	0.0	0.0
-esu	0.00830950896619	0.734029164309	0.00368840506606	0.253972921659
-esi	0.391278228417	0.563649248384	0.0128778637711	0.0321946594277
-iti	0.217476423538	0.218399374004	0.203731591067	0.360392611391
-esa	0.20019555121	0.72842825715	0.0586653629919	0.0127108286483
-ite	0.375	0.625	0.0	0.0
-ese	0.18320610687	0.618320610687	0.198473282443	0.0
-ita	0.0614536561584	0.864597504109	0.0485705373689	0.025378302364
-spa	0.0	1.0	0.0	0.0
-ɛya	0.0	1.0	0.0	0.0
-faa	0.232558139535	0.0768452982811	0.0273003033367	0.663296258847
-faf	0.0	1.0	0.0	0.0
-fak	0.125	0.875	0.0	0.0
-fai	0.0	1.0	0.0	0.0
-fan	0.0673232763995	0.917715995512	0.0149607280888	0.0
-fal	0.0	0.454545454545	0.545454545455	0.0
-fam	0.0	1.0	0.0	0.0
-far	0.680355160932	0.221420643729	0.034961154273	0.0632630410655
-fas	0.0601354042215	0.855037833532	0.0621266427718	0.0227001194743
-uda	0.0151474887058	0.977323057844	0.000221454513243	0.00730799893701
-fat	0.0234453500056	0.973205314279	0.0033493357151	0.0
-fau	0.166666666667	0.5	0.0833333333333	0.25
-faz	0.0454545454546	0.954545454545	0.0	0.0
-udi	0.0	1.0	0.0	0.0
-nɛe	0.181818181818	0.545454545455	0.181818181818	0.0909090909091
-haŋ	0.518644067797	0.461016949153	0.0203389830508	0.0
-nɛa	0.0	1.0	0.0	0.0
-nɛl	0.015873015873	0.936507936508	0.047619047619	0.0
-nɛm	0.0843749999999	0.7375	0.140625	0.0375
-nɛi	0.0	1.0	0.0	0.0
-nɛu	0.413197564414	0.310222330132	0.20030982964	0.0762702758147
-nɛr	0.0	1.0	0.0	0.0
-nɛs	0.0833333333332	0.833333333333	0.0833333333333	0.0
-rii	0.707317073171	0.0731707317073	0.0975609756098	0.121951219512
-nɔɔ	0.287103528717	0.51507188128	0.0546663106564	0.143158279346
-frɛ	0.142857142857	0.785714285714	0.0714285714287	0.0
-rit	0.032967032967	0.937062937063	0.0	0.02997002997
-ɛbɛ	0.00806451612903	0.983870967742	0.0	0.00806451612902
-gra	0.0	1.0	0.0	0.0
-mrɛ	0.0541516245487	0.815884476534	0.129963898917	0.0
-tee	0.172043010753	0.408602150538	0.129032258064	0.290322580645
-gma	0.278037383177	0.455607476636	0.035046728972	0.231308411215
-kre	0.344560588463	0.437862950058	0.154084397987	0.0634920634921
-gme	0.143258426966	0.823033707865	0.0	0.0337078651685
-kra	0.75	0.25	0.0	0.0
-tni	0.115384615385	0.807692307692	0.0769230769229	0.0
-gmi	0.273086737832	0.24413080464	0.02965410652	0.453128351008
-kri	0.0267750892502	0.961324871083	0.0119000396668	0.0
-ɛva	0.0	1.0	0.0	0.0
-gmu	0.25	0.0	0.0	0.75
-izu	0.0	1.0	0.0	0.0
-leŋ	0.5	0.5	0.0	0.0
-vɔu	0.480291307661	0.390821903757	0.0166314987398	0.112255289842
-ɛtɔ	0.0	1.0	0.0	0.0
-iza	0.122595067659	0.835549002354	0.0154581559609	0.0263977740256
-ɔgi	0.394314641695	0.214188899755	0.281541116168	0.109955342382
-vɔm	0.378553699019	0.14639852182	0.430512049865	0.0445357292964
-eal	0.0	1.0	0.0	0.0
-rni	0.166666666667	0.5	0.0	0.333333333333
-ɔga	0.0621131501792	0.898360299707	0.0280160712347	0.0115104788794
-uri	0.265177456391	0.607219111308	0.0937638480441	0.0338395842566
-uro	0.507042253521	0.492957746479	0.0	0.0
-ura	0.284953105886	0.378007339948	0.285061845861	0.051977708305
-ure	0.164808427146	0.753144087479	0.0473938890678	0.0346535963077
-peŋ	0.0	0.777777777778	0.0	0.222222222222
-wɛu	0.358766704902	0.276289058721	0.0468497353474	0.31809450103
-erɛ	0.140845070423	0.676056338028	0.12676056338	0.056338028169
-ɛzɛ	0.0	1.0	0.0	0.0
-iɛn	0.141996557659	0.713138267355	0.0760183591509	0.0688468158348
-iɛm	0.0	1.0	0.0	0.0
-iɛl	0.0369391271509	0.949607005452	0.00424858970425	0.00920527769256
-uru	0.541785993231	0.217651653215	0.0671700078105	0.173392345743
-zni	0.0	1.0	0.0	0.0
-ɛɔn	0.0	1.0	0.0	0.0
-zbi	0.0	0.75	0.25	0.0
-ɛɔr	0.0909090909091	0.909090909091	0.0	0.0
-ari	0.320635336178	0.191954556285	0.106539034179	0.380871073358
-ɔhɔ	0.0	1.0	0.0	0.0
-kmɛ	0.5	0.5	0.0	0.0
-ewi	0.206896551724	0.724137931035	0.0689655172414	0.0
-iha	0.0993907083014	0.833968012186	0.026656511805	0.0399847677075
-vɛɛ	0.284091745009	0.138691500787	0.0811375439526	0.496079210251
-nnu	0.212567453174	0.124536359214	0.0311259150878	0.631770272524
-nni	0.5	0.5	0.0	0.0
-kli	0.289971352653	0.674219463589	0.00830357884248	0.0275056049157
-ihu	0.017094017094	0.965811965812	0.017094017094	0.0
-ŋwe	0.0	1.0	0.0	0.0
-kle	0.2	0.4	0.4	0.0
-nna	0.168874172185	0.562913907285	0.0596026490067	0.208609271523
-ŋwa	0.293786106806	0.367197407355	0.248273918557	0.0907425672819
-kla	0.518394648829	0.436454849498	0.0401337792642	0.00501672240802
-nne	0.279251482609	0.461158305284	0.184324410963	0.0752658011434
-ɔik	0.14693877551	0.428571428571	0.424489795918	0.0
-gnɛ	0.253897550111	0.260579064588	0.472160356347	0.0133630289532
-ksɛ	0.0830375249782	0.843129978138	0.0452931954427	0.028539301441
-kai	0.0	1.0	0.0	0.0
-lsɛ	0.0	0.333333333333	0.333333333333	0.333333333333
-bul	0.0637289741767	0.892916370528	0.0319829424307	0.0113717128643
-ŋaa	0.271002710027	0.182926829268	0.147696476965	0.39837398374
-ska	0.0	1.0	0.0	0.0
-ŋau	0.283928026838	0.345532174443	0.0802073802989	0.29033241842
-ɛɛk	0.375	0.5	0.125	0.0
-ɛɛm	0.146292231505	0.613280312348	0.179354721612	0.061072734534
-ɛɛl	0.044061302682	0.933908045977	0.0162835249042	0.00574712643677
-ɛɛn	0.167937700221	0.128280444259	0.0653935188438	0.638388336677
-ɛɛg	0.142857142857	0.428571428571	0.0	0.428571428572
-ɛɛr	0.058293581517	0.843335999673	0.0528285582498	0.0455418605602
-ɛɛu	0.256097560976	0.422764227642	0.19512195122	0.126016260163
-itɛ	0.204180064309	0.338263665595	0.35498392283	0.102572347267
-mra	0.0	1.0	0.0	0.0
-yuk	0.238654854457	0.660097631531	0.0571325257639	0.044114988248
-ɛhu	0.0	1.0	0.0	0.0
-yun	0.0	1.0	0.0	0.0
-mri	0.0223214285714	0.959821428571	0.0	0.0178571428571
-lda	0.0	1.0	0.0	0.0
-yud	0.0	1.0	0.0	0.0
-yug	0.037422037422	0.64656964657	0.316008316008	0.0
-ɛha	0.0957079569553	0.626777171328	0.234577511646	0.0429373600711
-fre	0.0	1.0	0.0	0.0
-sga	0.0	1.0	0.0	0.0
-fra	0.0	0.972972972973	0.027027027027	0.0
-ɛhi	0.0	0.952380952381	0.047619047619	0.0
-yus	0.0373134328359	0.958955223881	0.0	0.00373134328358
-yuu	0.218604851578	0.437736866466	0.120280398685	0.223377883271
-nɔk	0.0542635658914	0.93023255814	0.015503875969	0.0
-nɔm	0.0243902439025	0.963414634146	0.0121951219512	0.0
-nɔn	0.138985153152	0.836989896808	0.0191218990109	0.00490305102842
-nɔb	0.0	1.0	0.0	0.0
-nɔd	0.0	1.0	0.0	0.0
-nɔf	0.0	0.76	0.24	0.0
-rɛɛ	0.391403876533	0.33371019252	0.0723154747025	0.202570456245
-nɔs	0.0138888888889	0.986111111111	0.0	0.0
-nɔr	0.0655737704918	0.431693989071	0.24043715847	0.262295081967
-nɔu	0.475549370693	0.298928296431	0.0594436713365	0.16607866154
-nɛɛ	0.216704589932	0.164990126271	0.0486550459444	0.569650237852
-usi	0.275672999501	0.407047067435	0.152041673103	0.165238259961
-ɛta	0.0836381550588	0.786846480695	0.093786563212	0.0357288010345
-usa	0.309320104941	0.433955088472	0.176614716808	0.0801100897791
-ɛti	0.0599783798863	0.86675733166	0.0521323708895	0.0211319175646
-use	0.28304899188	0.5874007846	0.0903202262568	0.039229997263
-ɛtu	0.0	1.0	0.0	0.0
-ezɔ	0.0	1.0	0.0	0.0
-usu	0.41628959276	0.262443438914	0.153846153846	0.16742081448
-gmɛ	0.53125	0.28125	0.0625000000001	0.125
-krɛ	0.36308545604	0.412592440427	0.133730484799	0.0905916187345
-wii	0.40834845735	0.504537205082	0.0598911070781	0.02722323049
-oɛg	0.0	0.904761904762	0.095238095238	0.0
-oɛf	0.0	1.0	0.0	0.0
-iuu	0.440889718377	0.309604724365	0.106465361152	0.143040196106
-ium	0.0146341463415	0.970731707317	0.0146341463415	0.0
-lmɛ	1.0	0.0	0.0	0.0
-wiu	0.565964787057	0.325660242684	0.049666904592	0.0587080656673
-wis	0.0	1.0	0.0	0.0
-ɛzi	0.0	1.0	0.0	0.0
-iɛɛ	0.571428571429	0.409523809524	0.0190476190476	0.0
-ɛza	0.00722891566265	0.981411359725	0.00826161790017	0.00309810671256
-uel	0.0384615384615	0.961538461538	0.0	0.0
-urɛ	0.322738712016	0.476214000175	0.101642645506	0.0994046423024
-wɛɛ	0.500954354584	0.233407863882	0.112668375416	0.152969406119
-iim	0.00705987488829	0.932746499851	0.0561215370867	0.00407208817396
-iil	0.019861125116	0.955726241929	0.00993056255802	0.0144820703971
-iin	0.253677600303	0.417263336232	0.0640072703717	0.265051793093
-iik	0.177570093458	0.672897196262	0.0747663551402	0.0747663551403
-iid	0.0	1.0	0.0	0.0
-jɛɛ	0.0	1.0	0.0	0.0
-tsu	0.0	1.0	0.0	0.0
-kmi	0.31136738056	0.202635914333	0.446457990115	0.0395387149917
-iiu	0.29789654273	0.264215443457	0.323506356871	0.114381656941
-kme	0.25550660793	0.625550660793	0.0660792951542	0.0528634361233
-iiv	0.135338345865	0.631578947368	0.157894736842	0.0751879699248
-kma	0.203389830508	0.610169491525	0.186440677966	0.0
-iir	0.0	1.0	0.0	0.0
-ɛɛŋ	0.0436281221965	0.909784849773	0.0062168500244	0.0403701780065
-ɔdɔ	0.15625	0.78125	0.0	0.0625
-tal	0.0	0.333333333333	0.666666666667	0.0
-tam	0.144675925926	0.552854938272	0.221450617284	0.0810185185185
-tan	0.0215443927883	0.948973806554	0.013040027214	0.0164417734437
-ɔwe	0.190476190476	0.714285714286	0.0476190476191	0.047619047619
-kse	0.104547503381	0.811630857582	0.0545650323033	0.0292566067344
-tai	0.0408163265306	0.945578231293	0.0	0.0136054421769
-tak	0.0888888888888	0.911111111111	0.0	0.0
-ksi	0.53532936631	0.294816552882	0.0565960057413	0.113258075067
-taf	0.0	1.0	0.0	0.0
-taa	0.0970447876407	0.194738180684	0.0417120370939	0.666504994581
-tab	0.142857142857	0.857142857143	0.0	0.0
-gna	0.0641924364474	0.591714218998	0.291926396339	0.0521669482152
-ksu	1.0	0.0	0.0	0.0
-ɔha	0.0569895870361	0.781225188255	0.0555371405436	0.106248084166
-tat	0.0	1.0	0.0	0.0
-tau	0.30517158031	0.281551930618	0.119437485437	0.293839003635
-gnu	0.1875	0.646634615384	0.122596153846	0.0432692307692
-aji	0.0813953488372	0.895348837209	0.0	0.0232558139535
-nnɛ	0.34006587093	0.329225372875	0.159665909231	0.171042846964
-tɛf	0.0	1.0	0.0	0.0
-klɛ	0.509090909091	0.472727272727	0.0	0.0181818181818
-vɛt	0.0	0.833333333333	0.166666666667	0.0
-enu	0.295605305346	0.256271458797	0.151899592976	0.296223642882
-tɛl	0.121193705072	0.406548180358	0.0710345216137	0.401223592956
-tɛm	0.0	1.0	0.0	0.0
-vɛm	0.0	1.0	0.0	0.0
-vɛn	0.0714285714287	0.928571428571	0.0	0.0
-rma	0.271551724138	0.67025862069	0.0452586206896	0.0129310344828
-tɛv	0.0	1.0	0.0	0.0
-eni	0.570390003786	0.365997728133	0.0508898144641	0.0127224536161
-ihɔ	0.0	1.0	0.0	0.0
-fis	0.0806451612903	0.838709677419	0.0483870967742	0.0322580645161
-ɔfa	0.0	1.0	0.0	0.0
-ihɛ	0.104166666667	0.875	0.0	0.0208333333333
-vɛf	0.0	1.0	0.0	0.0
-rmi	0.5	0.5	0.0	0.0
-ena	0.0442477876106	0.946902654867	0.00884955752213	0.0
-lɔs	0.0928324697756	0.842832469775	0.00777202072539	0.0565630397237
-heu	0.228571428572	0.742857142857	0.0285714285714	0.0
-lɔu	0.194805194805	0.649350649351	0.0779220779221	0.0779220779221
-lɔt	0.0816759152564	0.857318985731	0.0377957614753	0.0232093375371
-hel	0.553713470141	0.245287452352	0.071275651402	0.129723426105
-hem	0.450908017777	0.168129743253	0.0217589513419	0.359203287628
-hen	0.0430458847292	0.0575307904672	0.00922630162983	0.890197023174
-lɔn	0.0334077723961	0.931867302891	0.0129320409275	0.0217928837853
-lɔm	0.0166112956811	0.980066445183	0.00332225913621	0.0
-lɔl	0.0	1.0	0.0	0.0
-hee	0.467741935484	0.322580645161	0.0	0.209677419355
-lɔf	0.030303030303	0.878787878788	0.0606060606061	0.030303030303
-trɛ	0.147540983607	0.836065573771	0.0	0.016393442623
-lɔd	0.0	1.0	0.0	0.0
-nsi	0.126161021023	0.778343385314	0.0475542508367	0.0479413428256
-ŋbo	0.25	0.75	0.0	0.0
-nsa	0.122838590654	0.704075628118	0.0835363004288	0.0895494807989
-kɔŋ	0.0	0.307692307692	0.692307692308	0.0
-put	0.0	1.0	0.0	0.0
-puu	0.276923076923	0.538461538462	0.0923076923077	0.0923076923077
-ɛam	0.08	0.92	0.0	0.0
-pur	0.576529887141	0.303621733908	0.0717610664092	0.0480873125423
-pus	0.0123839009288	0.975232198142	0.00619195046439	0.0061919504644
-puf	0.0	1.0	0.0	0.0
-zua	0.0	1.0	0.0	0.0
-pua	0.0	1.0	0.0	0.0
-pul	0.0812923397602	0.643564356436	0.237623762376	0.0375195414278
-pum	0.0611888111888	0.84595959596	0.0922688422688	0.000582750582751
-pun	0.264487369985	0.35661218425	0.151560178306	0.227340267459
--dɔ	0.0	1.0	0.0	0.0
-puk	0.708542153915	0.125737832721	0.143668559973	0.0220514533913
-ɔkɛ	0.0941176470588	0.482352941176	0.329411764706	0.0941176470588
-knɔ	0.191550323748	0.155891733965	0.092795956229	0.559761986058
-ɛaf	0.0	1.0	0.0	0.0
-inɛ	0.191203581775	0.725046089018	0.0837503292073	0.0
-inɔ	0.0	1.0	0.0	0.0
-dea	0.0	1.0	0.0	0.0
-msa	0.180921148621	0.575619700025	0.163397081278	0.0800620700765
-bɛɛ	0.179023508137	0.576853526221	0.113924050633	0.130198915009
-mse	0.349397590361	0.361445783133	0.168674698795	0.120481927711
-oku	0.246310152206	0.43586327064	0.243068723415	0.0747578537385
-msi	0.371421439123	0.502281574802	0.0772072312557	0.049089754819
-dem	0.0	1.0	0.0	0.0
-drɛ	0.0967741935484	0.709677419355	0.0645161290322	0.129032258064
-ltɔ	0.0714285714286	0.892857142857	0.0	0.0357142857143
-oko	0.0872460872461	0.89676989677	0.011988011988	0.00399600399599
-des	0.0	1.0	0.0	0.0
-oki	0.287374966207	0.449310624493	0.240605569073	0.0227088402271
-nad	0.0	1.0	0.0	0.0
-msu	0.464157706093	0.188172043011	0.202508960574	0.145161290323
-lga	0.0	1.0	0.0	0.0
-oke	0.241610738255	0.426174496644	0.231543624161	0.10067114094
-zum	0.0	1.0	0.0	0.0
-oka	0.14451352243	0.597380216354	0.190548246536	0.0675580146809
-ɛin	0.114503816794	0.847328244275	0.0381679389313	0.0
-kis	0.0559284116331	0.89932885906	0.0447427293065	0.0
-biu	0.552794153627	0.241516759679	0.0459769780149	0.159712108679
-bir	0.25701320132	0.413778877888	0.111386138614	0.217821782178
-bis	0.0	1.0	0.0	0.0
-bif	0.0	1.0	0.0	0.0
-big	0.428571428571	0.571428571429	0.0	0.0
-bib	0.0	1.0	0.0	0.0
-bia	0.0622148486106	0.91538780589	0.0149315636666	0.00746578183326
-bin	0.189220389995	0.375465154422	0.260109777904	0.175204677679
-bil	0.0	1.0	0.0	0.0
-bim	0.0408163265306	0.959183673469	0.0	0.0
-bii	0.379410543794	0.527189705272	0.0498132004981	0.0435865504358
-nrɛ	0.153846153846	0.846153846154	0.0	0.0
-eel	0.0413793103449	0.937931034483	0.0206896551724	0.0
-meu	0.296296296296	0.555555555555	0.0740740740742	0.0740740740742
-jim	0.265391512253	0.662881052002	0.0573819485953	0.0143454871489
-lur	0.294246691671	0.565635836105	0.112093977779	0.0280234944448
-lus	0.220858895705	0.701840490798	0.0552147239264	0.0220858895705
-luu	0.334841628959	0.221719457014	0.239819004525	0.203619909502
-jia	0.0546448087432	0.857923497268	0.0765027322404	0.0109289617486
-mee	0.0	0.0	1.0	0.0
-luk	0.131414415477	0.809956352483	0.0220596909284	0.0365695411112
-lul	0.447232203664	0.483213112921	0.0328075266772	0.0367471567378
-lum	0.0387353558157	0.704642911906	0.247629596107	0.00899213617149
-mem	0.0	1.0	0.0	0.0
-jiu	0.25	0.6875	0.0625	0.0
-jir	0.0	1.0	0.0	0.0
-jis	0.0161290322581	0.951612903226	0.0322580645161	0.0
-mek	0.0	1.0	0.0	0.0
-lug	0.0919750824479	0.668523268596	0.0505679736167	0.188933675339
-kɔu	0.810344827586	0.0344827586207	0.155172413793	0.0
-kɛɛ	0.226796929518	0.524540590835	0.162828564782	0.0858339148639
-rɔf	0.0	0.984375	0.0	0.015625
-aya	0.0268962105596	0.956587079192	0.00665237719537	0.00986433305334
-kɔr	0.0691390969463	0.91011917397	0.0138278193893	0.00691390969464
-kɔs	0.0251572327044	0.963963963964	0.00781913989462	0.00305966343703
-rɔm	0.0	1.0	0.0	0.0
-rɔn	0.0126024590164	0.978790983607	0.00737704918034	0.00122950819672
-ayi	0.137418419144	0.201595358956	0.0348078317622	0.626178390138
-rɔk	0.0	1.0	0.0	0.0
-kɔd	0.0	1.0	0.0	0.0
-kɔf	0.073394495413	0.926605504587	0.0	0.0
-kɔb	0.00230794592813	0.972084844488	0.00527530497857	0.0203319046049
-kɔl	0.0	1.0	0.0	0.0
-kɔm	0.139534883721	0.790697674419	0.0697674418605	0.0
-kɔn	0.0400000000001	0.88	0.0800000000001	0.0
-ahɔ	0.0	1.0	0.0	0.0
-kɔk	0.219454329775	0.212336892052	0.0	0.568208778173
-sro	0.0	0.666666666667	0.0	0.333333333333
-sri	0.0	1.0	0.0	0.0
-sra	0.0	0.947368421053	0.0526315789475	0.0
-kva	0.0	1.0	0.0	0.0
-heŋ	0.104909777591	0.637431808644	0.0818296265212	0.175828787243
-uba	0.0626959247648	0.664576802508	0.153605015674	0.119122257053
-lma	0.03557615545	0.758291414443	0.181949945357	0.0241824847503
-nda	0.0377358490566	0.938679245283	0.0235849056604	0.0
-ako	0.0	0.5	0.0	0.5
-olɛ	0.0	1.0	0.0	0.0
-aki	0.257453416149	0.551863354037	0.092546583851	0.0981366459627
-mof	0.0	1.0	0.0	0.0
-aka	0.148813880981	0.47051647011	0.0493154398807	0.331354209028
-gia	0.0	1.0	0.0	0.0
-aku	0.205071452695	0.210476249904	0.0538444517299	0.530607845671
-puŋ	0.657053907914	0.0819269211863	0.165164673112	0.095854497788
-gor	0.439442658092	0.386923901393	0.0578778135048	0.11575562701
-gou	0.35294117647	0.529411764706	0.117647058824	0.0
-biŋ	0.027365129007	0.922126661454	0.0286161063331	0.0218921032056
-gov	0.0	1.0	0.0	0.0
-ɛdɔ	0.0	1.0	0.0	0.0
-jiŋ	0.622559652928	0.266811279826	0.0130151843818	0.0976138828633
-ssɛ	0.0	1.0	0.0	0.0
-luŋ	0.0753579502637	0.430293896006	0.431047475509	0.0633006782215
-ɛus	0.0298062593145	0.952309985097	0.0178837555887	0.0
-upa	0.0	1.0	0.0	0.0
-ŋbɔ	0.00953415079848	0.95749357769	0.00794512566541	0.025027145846
-ɔzɔ	0.0	1.0	0.0	0.0
-gag	0.111111111111	0.888888888889	0.0	0.0
-gaf	0.0141732283465	0.985826771654	0.0	0.0
-gad	0.00123190637512	0.998768093625	0.0	0.0
-gaa	0.260869565217	0.321739130435	0.169565217391	0.247826086957
-gan	0.0	1.0	0.0	0.0
-tro	0.0970873786408	0.854368932039	0.0291262135922	0.0194174757282
-gal	0.181424316274	0.617925805578	0.114541023558	0.0861088545897
-tri	0.0	1.0	0.0	0.0
-gai	0.0460358056265	0.953964194373	0.0	0.0
-gav	0.0	1.0	0.0	0.0
-gau	0.213001710733	0.282776432345	0.0470105395235	0.457211317399
-gas	0.0	1.0	0.0	0.0
-gar	0.079789086206	0.829378699697	0.0696413470626	0.0211908670348
-gur	0.473198332341	0.461584276355	0.0285884455033	0.036628945801
-ini	0.463669378566	0.239997071968	0.0584778807428	0.237855668723
-inn	0.437632135307	0.249471458774	0.196617336152	0.116279069767
-ɔku	0.402182140725	0.348992460544	0.200274101418	0.0485512973134
-ina	0.155400525388	0.582608259602	0.0641613512419	0.197829863768
-ine	0.106460714775	0.710509526908	0.0422171799968	0.14081257832
-guv	0.0	1.0	0.0	0.0
-ɔka	0.105223999575	0.690705213371	0.156241696338	0.0478290907158
-ɔki	0.421312374338	0.409065984281	0.110400292451	0.0592213489307
-int	0.0703182827535	0.891931902295	0.0177646188009	0.019985196151
-inu	0.419809276116	0.38729952319	0.0996965756393	0.0931946250542
-bee	0.0	1.0	0.0	0.0
-rku	0.8	0.2	0.0	0.0
-gub	0.727272727273	0.272727272727	0.0	0.0
-bɛr	0.0979720832238	0.361864629971	0.105873057677	0.434290229128
-bɛs	0.0	0.974842767296	0.0251572327044	0.0
-bɛt	0.0118890356671	0.966974900925	0.00396301188903	0.0171730515192
-bɛu	0.222972972973	0.75	0.0	0.027027027027
-mba	0.470588235294	0.529411764706	0.0	0.0
-lti	0.0	0.777777777778	0.222222222222	0.0
-bɛl	0.0615042409787	0.917994345362	0.00361789652816	0.0168835171314
-mbe	0.172332643139	0.601555521096	0.0826438993837	0.143467936381
-bɛn	0.00124494242141	0.988795518207	0.00622471210708	0.00373482726424
-msɛ	0.382503192848	0.408684546616	0.128352490421	0.0804597701149
-mbi	0.200667634461	0.584266392618	0.0928687440711	0.12219722885
-lta	0.0	1.0	0.0	0.0
-bɛd	0.20202020202	0.79797979798	0.0	0.0
-bɛf	0.0	1.0	0.0	0.0
-ell	0.565377532228	0.265193370166	0.147329650092	0.0220994475138
-ɛwɔ	0.0175953079179	0.982404692082	0.0	0.0
-bza	0.0	1.0	0.0	0.0
-nri	0.25	0.75	0.0	0.0
-gaŋ	0.166666666667	0.666666666667	0.166666666667	0.0
-srɛ	0.332304526749	0.479423868313	0.108024691358	0.0802469135802
-kɔɔ	0.275300171527	0.370497427101	0.0617495711836	0.292452830189
-ahi	0.0	1.0	0.0	0.0
-aho	0.0	1.0	0.0	0.0
-kɛs	0.0	1.0	0.0	0.0
-aha	0.083998022167	0.323657239749	0.0258766840494	0.566468054034
-kɛu	0.390476190476	0.514285714286	0.0571428571429	0.0380952380953
-hat	0.0	1.0	0.0	0.0
-kɛm	0.00439882697947	0.984604105572	0.0109970674487	0.0
-kɛl	0.236753100338	0.710259301015	0.0304396843292	0.0225479143179
-kɛn	0.0	1.0	0.0	0.0
-kɛd	0.0	1.0	0.0	0.0
-kɛf	0.0	0.888888888889	0.111111111111	0.0
-mpo	0.0708894878707	0.898382749326	0.0258760107817	0.00485175202157
-sau	0.31568717801	0.52561706328	0.0942029404237	0.0644928182862
-olu	0.271844660194	0.291262135922	0.252427184466	0.184466019418
-oli	0.2745056858	0.403248509131	0.074518206474	0.247727598595
-saa	0.39428420217	0.329011202258	0.0949986768987	0.181705918673
-sag	0.0754716981133	0.88679245283	0.0377358490567	0.0
-saf	0.015037593985	0.984962406015	0.0	0.0
-sad	0.0	1.0	0.0	0.0
-sak	0.13326286727	0.170631142051	0.107885972546	0.588220018133
-ola	0.170727308545	0.771005879399	0.0338433066693	0.0244235053869
-sai	0.0108108108108	0.972972972973	0.0	0.0162162162162
-mpu	0.428571428571	0.571428571429	0.0	0.0
-ole	0.206293483117	0.445522435693	0.0947852173358	0.253398863854
-sam	0.103852596315	0.896147403685	0.0	0.0
-sal	0.12005711775	0.580404217926	0.0856766256591	0.213862038664
-bha	0.0	1.0	0.0	0.0
-mar	0.182926829268	0.817073170732	0.0	0.0
-hal	0.21052631579	0.631578947368	0.127819548872	0.0300751879699
-mat	0.0	1.0	0.0	0.0
-har	0.598187311178	0.194864048338	0.0725075528701	0.134441087613
-zka	0.0	1.0	0.0	0.0
-zki	0.0	1.0	0.0	0.0
-ius	0.0526809808753	0.911416168016	0.0165434706089	0.0193593804998
-mal	0.177572787547	0.688671086768	0.0213317959066	0.112424329778
-tɛŋ	0.456140350877	0.140350877193	0.350877192982	0.0526315789474
-ɛdu	0.0	1.0	0.0	0.0
-mea	0.0	1.0	0.0	0.0
-ɛda	0.244323342416	0.603996366939	0.0917347865576	0.0599455040872
-ɛdi	0.016051364366	0.963081861958	0.0144462279294	0.00642054574639
-ɔɔŋ	0.0	0.75	0.25	0.0
-nnɔ	0.694444444444	0.138888888889	0.138888888889	0.0277777777778
-aɔf	0.0	1.0	0.0	0.0
-aɔn	0.12	0.88	0.0	0.0
-aɔl	0.0	1.0	0.0	0.0
-aɔk	0.0	1.0	0.0	0.0
-aŋɛ	0.4	0.508055009823	0.0400785854617	0.0518664047151
-liŋ	0.0	1.0	0.0	0.0
-emɛ	0.0	1.0	0.0	0.0
-duŋ	0.0714529845152	0.0956191936906	0.0733445409745	0.75958328082
-chi	0.131170514306	0.0391857453991	0.0463841288781	0.783259611417
-che	0.289389067524	0.565916398714	0.106109324759	0.0385852090033
-elu	0.596005833983	0.215818200606	0.049328680383	0.138847285028
-rki	0.371764705882	0.396705882353	0.192	0.0395294117647
-eli	0.325772560302	0.495625369262	0.0785532636338	0.100048806802
-ɛwɛ	0.0	1.0	0.0	0.0
-rka	0.497244296334	0.247052037939	0.225903614458	0.0298000512689
-ela	0.0818969533215	0.846268517656	0.0409018913631	0.0309326376596
-iya	0.311528935457	0.627428104766	0.0262497812518	0.0347931785253
-chu	0.255388813097	0.693533424284	0.0283765347885	0.0227012278309
-ele	0.142348754448	0.653618030842	0.161328588375	0.0427046263346
-diŋ	0.125780553078	0.494201605709	0.310437109723	0.0695807314898
-ŋsɛ	0.171956353555	0.65412207742	0.144443336986	0.0294782320381
-ŋlu	0.229815823932	0.220451877849	0.267428196735	0.282304101484
-eta	0.0849056603774	0.820754716981	0.0377358490566	0.056603773585
-ŋli	0.206383192068	0.237850877969	0.299046237149	0.256719692814
-ŋle	0.2	0.8	0.0	0.0
-sɛd	0.0	1.0	0.0	0.0
-hul	0.367073170732	0.462804878049	0.109756097561	0.0603658536585
-hum	0.064	0.936	0.0	0.0
-huk	0.600096015363	0.267402784445	0.089294287086	0.0432069131061
-hud	0.0853658536586	0.914634146341	0.0	0.0
-huf	0.0	1.0	0.0	0.0
-hug	0.0	1.0	0.0	0.0
-mei	0.0222222222222	0.977777777778	0.0	0.0
-huu	0.5	0.375	0.125	0.0
-hup	0.0	1.0	0.0	0.0
-hur	0.530891330891	0.37264957265	0.0131868131868	0.0832722832723
-hus	0.0	0.75	0.25	0.0
-eɔr	0.333333333333	0.666666666667	0.0	0.0
-tua	0.0	0.8	0.2	0.0
-tub	0.0	1.0	0.0	0.0
-ɔmɛ	0.0	1.0	0.0	0.0
-tug	0.64705882353	0.235294117647	0.117647058823	0.0
-kom	0.412116833522	0.39374548457	0.194137681907	0.0
-kol	0.0147558440241	0.954718320572	0.0253536838903	0.00517215151362
-koo	0.0790353338147	0.051143925417	0.0202618568079	0.84955888396
-tuk	0.767892072149	0.162981841109	0.0414756520451	0.0276504346968
-ilɛ	0.143197421886	0.636822194199	0.153565924058	0.0664144598572
-kok	0.373923948392	0.452504941867	0.0747337768614	0.0988373328798
-kou	0.244950140629	0.344668882639	0.0700588084889	0.340322168243
-tur	0.566350710901	0.234597156398	0.0462085308057	0.152843601896
-tus	0.0566229387738	0.916794536535	0.01685721078	0.00972531391152
-vaf	0.0	1.0	0.0	0.0
-tuu	0.15737704918	0.481967213115	0.0	0.360655737705
-kos	0.0	1.0	0.0	0.0
-kor	0.193906353742	0.722673130786	0.0578382240607	0.0255822914115
-vak	0.0	1.0	0.0	0.0
-vai	0.0125003396831	0.971466615941	0.00774477567326	0.00828826870295
-van	0.17472446921	0.0966352484804	0.0275044273046	0.701135855005
-val	0.485274967134	0.32027528532	0.0159713911873	0.178478356359
-ta-	0.0	1.0	0.0	0.0
-liu	0.400758163104	0.393002522891	0.124356613965	0.0818827000405
-ɛku	0.076923076923	0.923076923077	0.0	0.0
-omu	0.288321167883	0.388686131387	0.251824817518	0.0711678832117
-lis	0.0365019011407	0.817490494297	0.00456273764259	0.14144486692
-ɛki	0.516110782952	0.389841706947	0.0667296178282	0.0273178922731
-lim	0.136586423952	0.584799523167	0.0584797172705	0.220134335611
-omi	0.132119389493	0.0848903755538	0.014941046372	0.768049188582
-lio	0.203703703704	0.781481481481	0.0074074074074	0.00740740740741
-lii	0.50730994152	0.25365497076	0.131578947368	0.107456140351
-ɛko	0.16	0.8	0.04	0.0
-sbi	0.095238095238	0.904761904762	0.0	0.0
-ɛka	0.00164068908942	0.880229696473	0.00246103363413	0.115668580804
-oma	0.224014127462	0.559813474455	0.174802644665	0.0413697534177
-lia	0.00808625336927	0.951482479784	0.0377358490566	0.00269541778975
-ome	0.0151515151515	0.893939393939	0.0757575757575	0.0151515151516
-sba	0.0	1.0	0.0	0.0
-ɔɔg	0.0276550797004	0.904167466872	0.0169003264836	0.0512771269445
-ɔɔk	0.264317180617	0.660792951542	0.0748898678414	0.0
-ɔɔn	0.172782413397	0.525011776538	0.227602155151	0.0746036549144
-ɔɔm	0.666666666667	0.333333333333	0.0	0.0
-ɔɔl	0.0389461882851	0.919273727046	0.00793490987464	0.0338451747942
-ɔɔr	0.115856535555	0.753327714592	0.113896362648	0.0169193872049
-ɔɔu	0.506097560976	0.298780487805	0.103658536585	0.0914634146342
-iif	0.114285714286	0.885714285714	0.0	0.0
-ŋmɛ	0.523260899186	0.353760732803	0.0999366694297	0.0230416985816
-lwa	0.241054613936	0.425612052731	0.293785310734	0.0395480225989
-gba	0.498711340206	0.21675025541	0.0482376706603	0.236300733723
-iib	0.162790697674	0.837209302326	0.0	0.0
-pai	0.0302521008403	0.947058823529	0.0	0.0226890756302
-pak	0.583623523885	0.0583057991637	0.0226130460174	0.335457630934
-pal	0.355795392697	0.481456349817	0.100419137598	0.0623291198885
-duu	0.322788006796	0.443684283025	0.0850972649493	0.14843044523
-pan	0.230769230769	0.769230769231	0.0	0.0
-paa	0.154880612861	0.166538293399	0.0522513895539	0.626329704186
-pad	0.0	1.0	0.0	0.0
-par	0.304279228515	0.588595163731	0.0491032617446	0.0580223460089
-duk	0.0	1.0	0.0	0.0
-pat	0.0	1.0	0.0	0.0
-dum	0.0297176820208	0.868746904408	0.0856859831599	0.0158494304111
-dun	0.166666666667	0.666666666667	0.0833333333333	0.0833333333333
-anɔ	0.225352112676	0.718309859155	0.0281690140846	0.0281690140846
-kwa	0.0931049511737	0.221214949082	0.085531821174	0.600148278571
-ohu	0.0	1.0	0.0	0.0
-anɛ	0.444337696849	0.255052516812	0.0517654292274	0.248844357112
-tum	0.561909439991	0.281791605419	0.0413936548077	0.114905299782
-sel	0.0483436003355	0.861237632246	0.0387380155673	0.0516807518512
-tun	0.248366013072	0.712418300654	0.0261437908497	0.0130718954248
-onɛ	0.434782608696	0.260869565217	0.304347826087	0.0
-did	0.166666666667	0.833333333333	0.0	0.0
-slu	0.0	1.0	0.0	0.0
-dif	0.0	1.0	0.0	0.0
-feu	0.153846153846	0.538461538462	0.153846153846	0.153846153846
-dia	0.04689581668	0.941113775646	0.0083932853717	0.00359712230216
-dil	0.026607957226	0.361880798868	0.580908947948	0.0306022959585
-dim	0.0	0.914285714286	0.0	0.0857142857143
-din	0.138281125231	0.831831352239	0.0193014076795	0.0105861148502
-dii	0.58064516129	0.41935483871	0.0	0.0
-fef	0.0	1.0	0.0	0.0
-diu	0.314872268797	0.454815499373	0.200607300812	0.0297049310186
-fee	0.0	1.0	0.0	0.0
-dir	0.0	0.4	0.4	0.2
-dis	0.0116959064327	0.988304093567	0.0	0.0
-fem	0.0526315789474	0.947368421053	0.0	0.0
-sli	0.0	1.0	0.0	0.0
-tuv	0.0	1.0	0.0	0.0
-ege	0.296296296296	0.703703703704	0.0	0.0
-koŋ	0.25	0.45297029703	0.267326732673	0.029702970297
-zro	0.0	1.0	0.0	0.0
-mnɔ	0.0	1.0	0.0	0.0
-ais	0.176470588235	0.647058823529	0.176470588235	0.0
-mnɛ	0.230337745006	0.323849625245	0.178415946821	0.267396682928
-aim	0.0	0.928571428571	0.0714285714285	0.0
-ain	0.0	1.0	0.0	0.0
-uil	0.0140845070423	0.971830985915	0.0140845070423	0.0
-eme	0.152916447714	0.791382028376	0.0462427745665	0.00945874934312
-ema	0.197250448297	0.211669126706	0.293862912768	0.297217512229
-aŋi	0.463460757192	0.295269002341	0.0867655878199	0.154504652648
-emi	0.216388225935	0.640413683373	0.054892601432	0.0883054892602
-aŋa	0.263535929795	0.377114667457	0.15821417105	0.201135231698
-emu	0.441798941799	0.312169312169	0.150793650794	0.0952380952382
-tba	0.0	1.0	0.0	0.0
-ems	0.0159177661276	0.971411375263	0.00744412943282	0.00522672917624
