-cas	0.00900225056264	0.977494373593	0.0	0.013503375844
-ive	0.171226436461	0.828773563539	0.0	0.0
-rbe	0.0102564102564	0.989743589744	0.0	0.0
-ivo	0.010060362173	0.965794768612	0.0181086519115	0.00603621730384
-aus	0.0326086956522	0.967391304348	0.0	0.0
-oya	0.397467121286	0.210423770093	0.043838285436	0.348270823186
-jna	0.123757904246	0.545618789521	0.037037037037	0.293586269196
-lea	0.00528572853296	0.990126658023	0.00398922908148	0.000598384362221
-auk	0.254429804634	0.63107678328	0.114493412085	0.0
-ufo	0.0	1.0	0.0	0.0
-aum	0.0	1.0	0.0	0.0
-aul	0.656378560454	0.115111173903	0.0167344893242	0.211775776319
-aun	0.0882221906727	0.114037795907	0.0733009110186	0.724439102401
-nti	0.136629160401	0.641337063498	0.0320727170563	0.189961059045
-puu	0.383627608347	0.548956661316	0.0545746388444	0.0128410914928
-nto	0.0126477461826	0.80599123886	0.0791250666483	0.102235948309
-nta	0.462819113142	0.297496746687	0.053848024341	0.18583611583
-nte	0.0173403034553	0.830677036848	0.0808364146372	0.0711462450593
ALL	0.240221147967	0.317278739755	0.055587260475	0.386912851803
-uan	0.050806221795	0.906834702202	0.00931482844127	0.0330442475618
-svi	0.69592259848	0.0414651002073	0.138217000691	0.124395300622
-pul	0.167825605736	0.593248478141	0.182863742451	0.0560621736725
-pum	0.399506781751	0.482120838471	0.118372379778	0.0
-pun	0.0186625194402	0.950233281493	0.0311041990669	0.0
-ntu	0.184189043331	0.0392439201594	0.0140013249507	0.762565711559
-dro	0.025158488494	0.949699662224	0.00299505815405	0.022146791128
-puj	0.281081081081	0.459459459459	0.0	0.259459459459
-pre	0.0605326876514	0.905569007264	0.0217917675545	0.0121065375303
-nal	0.467225998655	0.266704399925	0.0783578959073	0.187711705512
-más	0.0	1.0	0.0	0.0
-ʼoy	0.281797174274	0.450301648599	0.0915336776316	0.176367499496
-aré	0.0	1.0	0.0	0.0
-opo	0.0570884871551	0.809705042816	0.0761179828734	0.0570884871551
-tín	0.219178082192	0.561643835616	0.123287671233	0.0958904109589
-mán	0.0	0.712	0.288	0.0
-ope	0.0	0.992351816444	0.0	0.00764818355641
-opa	0.144781144781	0.819304152638	0.026936026936	0.00897867564534
-dea	0.00957170668397	0.974367293965	0.00389357560026	0.0121674237508
-tʼi	0.251036856438	0.15840927893	0.0900989434453	0.500454921187
-tʼa	0.207190711992	0.661317129227	0.0417535388908	0.0897386198911
-dek	0.0459738088604	0.952911674561	0.0	0.00111451657843
-deo	0.0011641443539	0.984866123399	0.0	0.0139697322468
-oko	0.205479452055	0.58904109589	0.164383561644	0.041095890411
-des	0.0215601724814	0.916241996603	0.0394616490265	0.0227361818895
-aka	0.0398303499253	0.0134879928271	0.00380794877316	0.942873708474
-tʼu	0.37184620637	0.331013890999	0.20292818083	0.0942117218012
-ido	0.00842105263155	0.831578947368	0.0126315789473	0.147368421053
-neʼ	0.205840733373	0.182522917906	0.0114845880929	0.600151760628
-obo	0.00247933884298	0.995041322314	0.00123966942149	0.00123966942149
-rpo	0.0	0.835390946502	0.0	0.164609053498
-sij	0.351573187415	0.355677154583	0.172366621067	0.120383036936
-rpa	0.0100083402836	0.939949958299	0.0300250208507	0.0200166805672
-eca	0.136363636364	0.69696969697	0.126262626263	0.040404040404
-kuʼ	0.0540148631502	0.750045314483	0.131049483415	0.0648903389523
-llo	0.175093315236	0.678316932474	0.122158126909	0.0244316253818
-kpu	0.575	0.375	0.05	0.0
-ida	0.00305966343702	0.996940336563	0.0	0.0
-bia	0.0407701019252	0.938844847112	0.0203850509626	0.0
-ter	0.0158520475561	0.968295904888	0.0158520475561	0.0
-uta	0.427580688184	0.333422245932	0.0720192051214	0.166977860763
-ria	0.00999103368771	0.958754963494	0.0174202638658	0.0138337389522
-rio	0.0539568345324	0.912187896741	0.0338552687262	0.0
-uti	0.106693089279	0.771449780173	0.0240770789779	0.0977800515704
-lki	0.0	1.0	0.0	0.0
-ejo	0.0	0.815384615385	0.184615384615	0.0
-tea	0.0	1.0	0.0	0.0
-ris	0.0	1.0	0.0	0.0
-utu	0.0355641404386	0.208574783169	0.106957542703	0.648903533689
-sia	0.0170588047431	0.979108781247	0.000958103502552	0.00287431050765
-teo	0.0031146179402	0.986295681063	0.0	0.0105897009967
-jin	0.401575268658	0.367708879961	0.0529775469673	0.177738304414
-ara	0.0457236738974	0.0178965984096	0.00269559915141	0.933684128542
-nza	0.31914893617	0.68085106383	0.0	0.0
-qta	0.372661266579	0.431427807238	0.0731457383529	0.12276518783
-aro	0.0571860816944	0.826626323752	0.0689863842663	0.0472012102874
-rón	0.123900573614	0.848565965583	0.0183556405354	0.00917782026771
-sik	0.426829268293	0.20325203252	0.0	0.369918699187
-luj	0.414019266243	0.548678007789	0.00245952039352	0.0348432055749
-mea	0.0545454545455	0.890909090909	0.0	0.0545454545455
-lun	0.550588235294	0.407058823529	0.0423529411764	0.0
-jiy	0.469439213159	0.334719902949	0.0571894106563	0.138651473236
-meo	0.0	1.0	0.0	0.0
-jiu	0.581923653532	0.326329686066	0.0340281040925	0.0577185563089
-mei	0.0	1.0	0.0	0.0
-mek	0.0	1.0	0.0	0.0
-bán	0.0828402366864	0.544378698225	0.331360946746	0.0414201183432
-aya	0.0800623862751	0.913698986223	0.0	0.00623862750195
-ayl	0.586073370553	0.096129464693	0.0230114211	0.294785743654
-ayo	0.0149068322981	0.985093167702	0.0	0.0
-uʼu	0.244140625	0.580078125	0.1171875	0.05859375
-ayu	0.207313050318	0.380471465909	0.00076124743079	0.411454236342
-hoq	0.0219378427788	0.90676416819	0.0493601462523	0.0219378427788
-ays	0.240716659442	0.185551220922	0.347926600202	0.225805519434
-vis	0.0	1.0	0.0	0.0
-bás	0.00289435600579	0.982633863965	0.00868306801735	0.00578871201158
-xau	0.176194939082	0.699156513589	0.0477975632615	0.0768509840675
-xay	0.414067617272	0.470600090694	0.0377387010631	0.077593590971
-cta	0.12	0.88	0.0	0.0
-dán	0.00643579528042	0.97609561753	0.0156297885382	0.00183879865154
-xad	0.0	1.0	0.0	0.0
-xaj	0.160650949301	0.839349050699	0.0	0.0
-ʼiy	0.330458788861	0.320456819351	0.105461564803	0.243622826985
-xal	0.621839571877	0.26683964559	0.031998643688	0.079322138845
-kem	0.0	1.0	0.0	0.0
-xan	0.269472770666	0.217509221089	0.17039126347	0.342626744775
-exa	0.401740209475	0.323711462042	0.255934882484	0.0186134459988
-ota	0.377159390118	0.328635096861	0.126637974997	0.167567538025
-tán	0.0	1.0	0.0	0.0
-ote	0.0	1.0	0.0	0.0
-oti	0.00433839479391	0.989154013015	0.00650759219089	0.0
-oto	0.148760330579	0.801652892562	0.0495867768594	0.0
-ume	0.0655737704919	0.825136612022	0.0601092896175	0.0491803278689
-eví	0.0421393841167	0.908698001081	0.0275526742301	0.0216099405727
-saʼ	0.503855320342	0.360717790551	0.0580400953316	0.0773867937755
-umi	0.0519480519481	0.844155844156	0.0	0.103896103896
-naj	0.111894972306	0.347611816229	0.205018423513	0.335474787952
-siy	0.610899182561	0.189536784741	0.0965667574932	0.102997275204
-nan	0.177975502341	0.293029615697	0.0466911590966	0.482303722866
-aki	0.0522563697075	0.669044328367	0.0357183426797	0.242980959246
-sis	0.0	0.977528089888	0.0224719101123	0.0
-kin	0.0632688927945	0.904510837727	0.00468658465143	0.0275336848272
-zul	0.0	0.353135313531	0.646864686469	0.0
-kil	0.127690339803	0.819865413492	0.0260830877037	0.0263611590012
-kis	0.0326187428574	0.133850437911	0.0410782766358	0.792452542596
-aúm	0.00943396226414	0.985849056604	0.0	0.00471698113207
-nax	0.0176991150442	0.955752212389	0.0265486725664	0.0
-nay	0.173288508557	0.826711491443	0.0	0.0
-sio	0.0	0.929742388759	0.0702576112412	0.0
-sin	0.0635748154089	0.16406784459	0.0331438276993	0.739213512302
-hʼa	0.847682119205	0.152317880795	0.0	0.0
-sil	0.639553495333	0.164425135635	0.0126800673499	0.183341301682
-nas	0.024981984146	0.954600048042	0.0204179678117	0.0
-aku	0.0273987408468	0.941527736497	0.0245886135805	0.00648490907616
-naq	0.595238095238	0.357142857143	0.0	0.047619047619
-aks	0.336283185841	0.41592920354	0.0530973451327	0.194690265487
-hʼi	0.0272638753651	0.875365141188	0.0973709834469	0.0
-nau	0.464041736766	0.187576420444	0.0524330978343	0.295948744956
-qna	0.27972027972	0.72027972028	0.0	0.0
-mos	0.0316255534472	0.953194180898	0.0151802656546	0.0
-mor	0.082191780822	0.917808219178	0.0	0.0
-qni	0.388745412532	0.321462552671	0.166100312627	0.123691722169
-gog	0.0	0.94512195122	0.0548780487805	0.0
-lku	0.0490886561252	0.794696095148	0.146153927622	0.0100613211044
-aán	0.0	1.0	0.0	0.0
-ynl	0.408975175048	0.516231699555	0.0429662635264	0.0318268618714
-lko	0.0769230769231	0.923076923077	0.0	0.0
-mon	0.617283950617	0.234567901235	0.0	0.148148148148
-gos	0.0325898485767	0.89166077365	0.0448624221849	0.0308869555881
-mol	0.0502092050209	0.887029288703	0.0627615062762	0.0
-yau	0.452201907007	0.260703581722	0.0791929792394	0.207901532031
-jla	0.662337662338	0.246753246753	0.0909090909091	0.0
-ber	0.0	1.0	0.0	0.0
-eos	0.0152442152789	0.976085116207	0.00373249191935	0.00493817659432
-yax	0.473333333333	0.486666666667	0.0	0.04
-bet	0.0043321299639	0.967509025271	0.0	0.0281588447653
-cob	0.0	0.998160073597	0.0	0.00183992640295
-ixa	0.372992124273	0.359218658301	0.193668987603	0.0741202298234
-nʼe	0.0571237681643	0.791214297645	0.144646734592	0.00701519959914
-beo	0.0	0.911764705882	0.0294117647059	0.0588235294118
-lpa	0.154415776756	0.79320289968	0.0130953308909	0.0392859926728
-yal	0.499204757458	0.258043195452	0.0721664852055	0.170585561884
-yan	0.309904298638	0.452488553652	0.0718493394007	0.16575780831
-cos	0.0210915818686	0.947826086957	0.0	0.0310823311748
-yaj	0.289459844398	0.0684396496224	0.100746089944	0.541354416036
-iso	0.0408163265306	0.959183673469	0.0	0.0
-reo	0.0422064029253	0.830124090715	0.0895475940405	0.0381219123196
-rea	0.04383666079	0.903988183161	0.00643255348549	0.0457426025635
-kʼa	0.424965100756	0.405580098746	0.0688897054239	0.100565095074
-isa	0.234375	0.34375	0.3046875	0.1171875
-iʼi	0.0514862835006	0.522590718634	0.0559332753577	0.369989722508
-eve	0.0578777003729	0.0948912814018	0.0591091408065	0.788121877419
-rey	0.0813008130082	0.853658536585	0.0650406504065	0.0
-eva	0.038961038961	0.961038961039	0.0	0.0
-laʼ	0.5595938283	0.177185810365	0.0770143742581	0.186205987076
-yaq	0.0	0.00956937799042	0.984051036683	0.00637958532694
-ret	0.0192861615529	0.971696931747	0.00375704445836	0.0052598622417
-dia	0.0331491712707	0.966850828729	0.0	0.0
-may	0.449127350365	0.320617402127	0.110194411847	0.120060835661
-max	0.636065573771	0.363934426229	0.0	0.0
-hab	0.0189873417721	0.955696202532	0.0253164556962	0.0
-qxi	0.570637119114	0.221606648199	0.0831024930748	0.124653739612
-ʼix	0.0661160220194	0.370109565074	0.465277005833	0.0984974070727
-naí	0.00980392156862	0.990196078431	0.0	0.0
-mas	0.135044178112	0.0420906370128	0.0203386636588	0.802526521217
-juy	0.51007659377	0.259625202429	0.123645978587	0.106652225213
-mau	0.233827638083	0.57102944337	0.138405329895	0.0567375886525
-ham	0.0138326464791	0.957283640925	0.0184913098011	0.0103924027952
-han	0.0592833809995	0.816673895659	0.0242707754449	0.099771947897
-mal	0.597406190142	0.233352962523	0.0934689465539	0.0757719007811
-man	0.169000271115	0.135078758602	0.0757458434831	0.6201751268
-hay	0.539628726175	0.263571339976	0.0706991358995	0.126100797949
-jun	0.454283623868	0.213328416105	0.0339552816312	0.298432678396
-jul	0.476563676724	0.270753341844	0.0974951706746	0.155187810758
-qxu	0.271882717822	0.553981678249	0.0414608580782	0.13267474585
-nku	0.0344262295082	0.506557377049	0.0688524590164	0.390163934426
-tat	0.0	1.0	0.0	0.0
-yay	0.377822988519	0.348905707276	0.145928618877	0.127342685328
-nka	0.510080124063	0.316102352029	0.105324373223	0.0684931506849
-pta	0.0	1.0	0.0	0.0
-pto	0.0186602870814	0.928468899522	0.0291866028708	0.0236842105263
-unu	0.12993205388	0.319346763619	0.214566694481	0.33615448802
-666	0.0	0.0	0.0	1.0
-ʼuj	0.87969924812	0.12030075188	0.0	0.0
-gad	0.0	1.0	0.0	0.0
-ʼul	0.577223034595	0.246045823727	0.107906410996	0.0688247306828
-ʼun	0.214879501904	0.454469659578	0.0442768111796	0.286374027339
-ada	0.112345586956	0.837695424154	0.0134218179107	0.0365371709791
-ado	0.158720275587	0.44173048179	0.0109345715004	0.388614671122
-tro	0.0638528138528	0.578463203463	0.0470779220779	0.310606060606
-gai	0.0	1.0	0.0	0.0
-adi	0.0	1.0	0.0	0.0
-oqo	0.174757281553	0.341019417476	0.0582524271845	0.425970873786
-ʼuy	0.16399707776	0.194500885336	0.0624184364827	0.579083600422
-gau	0.0	1.0	0.0	0.0
-sna	0.179596174283	0.320935175345	0.413390010627	0.0860786397449
-gas	0.233463035019	0.322957198444	0.0	0.443579766537
-gar	0.0	0.980830670927	0.0191693290734	0.0
-aat	0.0	1.0	0.0	0.0
-ana	0.0755760752914	0.792996022804	0.0332091942026	0.0982187077023
-ʼus	0.155478355642	0.400361023126	0.359354245428	0.0848063758046
-ʼuu	0.596777658432	0.338775510204	0.0489795918367	0.0154672395274
-seo	0.0242130750605	0.96416464891	0.0087167070218	0.00290556900726
-ini	0.12866488975	0.671674339714	0.157499394233	0.0421613763024
-sem	0.0	1.0	0.0	0.0
-nos	0.0610211706102	0.670610211706	0.25902864259	0.0093399750934
-bel	0.0270676691729	0.916090225564	0.0406015037594	0.0162406015038
-ino	0.0746153846154	0.435384615385	0.49	0.0
-ina	0.155049091475	0.664578612999	0.147052290195	0.0333200053312
-apa	0.0903623941311	0.17036617235	0.729825887094	0.00944554642486
-ine	0.143096361699	0.0876015444443	0.0244952185887	0.744806875268
-sea	0.0	1.0	0.0	0.0
-món	0.00641417226634	0.986026267563	0.00435247403787	0.00320708613317
-kni	0.0545581679205	0.543480121354	0.0434654707169	0.358496240008
-uim	0.0	1.0	0.0	0.0
-laj	0.27320441989	0.242817679558	0.0878453038674	0.396132596685
-kna	0.148466669463	0.469530561732	0.046901875236	0.335100893569
-ses	0.0619322873658	0.848885218827	0.0619322873658	0.027250206441
-ser	0.0	1.0	0.0	0.0
-kuu	0.46902012309	0.13173362838	0.134568840329	0.264677408201
-eda	0.0	0.544169611307	0.455830388693	0.0
-dón	0.00597907324367	0.956651718984	0.0	0.0373692077728
-són	0.0218649517685	0.95691318328	0.011575562701	0.00964630225082
-ena	0.0278443665868	0.960354047575	0.00405679513185	0.00774479070626
-bla	0.223300970874	0.747572815534	0.0291262135922	0.0
-nes	0.0177049180328	0.67737704918	0.00590163934427	0.299016393443
-kuy	0.431187485719	0.34208328897	0.138675382129	0.0880538431815
-rso	0.00904977375565	0.990950226244	0.0	0.0
-neo	0.0	0.938775510204	0.0	0.0612244897959
-kim	0.0	1.0	0.0	0.0
-ias	0.13757441932	0.832238589038	0.00419263772815	0.0259943539145
-kun	0.0120294967219	0.0259252659403	0.00461529591506	0.957429941423
-ooz	0.030534351145	0.969465648855	0.0	0.0
-kuj	0.112014714577	0.738737436773	0.0510740327136	0.0981738159364
-aón	0.0896309314586	0.88927943761	0.0105448154657	0.0105448154657
-nea	0.15625	0.28125	0.5625	0.0
-ban	0.071123094087	0.819403123838	0.0	0.109473782075
-eka	0.418306244654	0.343455945252	0.024379811805	0.213857998289
-joy	0.35002524725	0.375899228343	0.17678320997	0.0972923144374
-puʼ	0.126286779159	0.414176330298	0.0225526884598	0.436984202083
-jou	0.540069686411	0.205574912892	0.11149825784	0.142857142857
-xvi	0.950819672131	0.0163934426229	0.0	0.0327868852459
-jon	0.479611650486	0.258252427184	0.0320388349515	0.230097087379
-joo	0.48168725784	0.41843702025	0.0217121134586	0.0781636084509
-joj	0.132947976879	0.450867052023	0.0	0.416184971098
-kxi	0.638743455497	0.361256544503	0.0	0.0
-bas	0.0	1.0	0.0	0.0
-job	0.0983606557377	0.715846994535	0.0546448087432	0.131147540984
-kʼi	0.140165986036	0.197734158872	0.628902647872	0.0331972072191
-asa	0.00681404060389	0.810532587998	0.134074360834	0.0485790105636
-aso	0.0703598959996	0.909455822652	0.0054737034165	0.0147105779319
-yes	0.0	0.754385964912	0.210526315789	0.0350877192982
-lti	0.0949074074074	0.351851851852	0.219907407407	0.333333333333
-eli	0.0	0.943820224719	0.0337078651685	0.0224719101124
-lta	0.0	1.0	0.0	0.0
-zor	0.0	1.0	0.0	0.0
-uza	0.0	1.0	0.0	0.0
-430	0.2	0.0	0.0	0.8
-ras	0.0227514635445	0.959153805216	0.00771687067589	0.0103778605641
-qaʼ	0.100728680431	0.699084513652	0.0160364637823	0.184150342134
-ran	0.390804597701	0.563218390805	0.0	0.0459770114943
-eri	0.0	1.0	0.0	0.0
-ral	0.263944010233	0.693900903241	0.0398764332006	0.00227865332575
-ram	0.0	1.0	0.0	0.0
-raj	0.00757767112907	0.864612275827	0.123516039404	0.00429401363981
-rak	0.0	1.0	0.0	0.0
-ero	0.0618819738477	0.0307366633467	0.00516357666078	0.902217786145
-era	0.0106453759149	0.960079840319	0.0292747837658	0.0
-uío	0.0	1.0	0.0	0.0
-aén	0.0	1.0	0.0	0.0
-por	0.048049990752	0.0551077064946	0.00491163916886	0.891930663585
-pos	0.0	1.0	0.0	0.0
-gel	0.467532467532	0.012987012987	0.0	0.519480519481
-chu	0.0759342190911	0.0221798839401	0.0476404159802	0.854245480989
-nás	0.0426796413534	0.947996498536	0.00472759104222	0.00459626906883
-ʼan	0.134665995453	0.42754370034	0.0408308800042	0.396959424203
-aza	0.352941176471	0.490196078431	0.0	0.156862745098
-ike	0.0	1.0	0.0	0.0
-ika	0.520626676723	0.283665734226	0.067107109783	0.128600479268
-lal	0.537460180966	0.215226757651	0.081031593991	0.166281467392
-lam	0.0	1.0	0.0	0.0
-lan	0.149689841536	0.559456802243	0.0188305009047	0.272022855317
-ikl	0.791708796764	0.0829120323559	0.0606673407483	0.0647118301314
-iki	0.134891184435	0.820579681075	0.0144418814562	0.0300872530338
-lak	0.0	1.0	0.0	0.0
-aam	0.05291005291	0.925925925926	0.021164021164	0.0
-lau	0.35601715852	0.339104954584	0.146041126366	0.158836760531
-fos	0.0	1.0	0.0	0.0
-lap	0.228571428572	0.673469387755	0.0979591836735	0.0
-eón	0.0428305400373	0.920546244569	0.0366232153942	0.0
-las	0.0222885572139	0.944278606965	0.00238805970149	0.0310447761194
-noc	0.0	0.986078886311	0.0139211136891	0.0
-lay	0.296535613256	0.0810187859765	0.14914498327	0.473300617498
-aac	0.00208405696422	0.991663772143	0.00416811392846	0.00208405696422
-dor	0.0432627309599	0.93510590356	0.01081568274	0.01081568274
-dos	0.155555555556	0.644444444444	0.133333333333	0.0666666666667
-oʼo	0.465392695059	0.288437146991	0.125894290414	0.120275867536
-oʼa	0.161950150618	0.761238354634	0.00705643491492	0.069755059833
-fán	0.230452674897	0.744855967078	0.0246913580247	0.0
-juʼ	0.133535560025	0.49098222823	0.142932506842	0.232549704903
-fás	0.00842105263158	0.976842105263	0.0105263157895	0.00421052631579
-doc	0.0	1.0	0.0	0.0
-ges	0.0645161290323	0.903225806452	0.0322580645161	0.0
-ger	0.0365853658537	0.963414634146	0.0	0.0
-haʼ	0.694280078895	0.0788954635108	0.0	0.226824457594
-sas	0.231566914346	0.373887482649	0.372499387605	0.0220462153997
-sar	0.102183000464	0.892243381328	0.00557361820717	0.0
-saq	0.342055314534	0.211361171367	0.312364425163	0.134219088937
-vos	0.0165251765926	0.979586546562	0.0	0.00388827684531
-sau	0.516838284943	0.35098750844	0.0683659689399	0.0638082376772
-say	0.610938783085	0.202850748254	0.0501520096603	0.136058459
-toj	0.0739905573955	0.555880487633	0.345113099852	0.0250158551195
-lfa	0.0	0.975640876928	0.0243591230716	0.0
-oli	0.0	1.0	0.0	0.0
-jʼa	0.593368237347	0.315008726003	0.0785340314136	0.0130890052356
-tos	0.0340395355022	0.791241911178	0.12445705168	0.0502615016399
-saj	0.0921658986175	0.248847926267	0.0860215053763	0.572964669739
-san	0.343139322398	0.284257768084	0.222031326257	0.150571583261
-sam	0.0	1.0	0.0	0.0
-sal	0.575608110188	0.184404837907	0.063015151169	0.176971900735
-iel	0.00250644015874	0.97284689828	0.014620900926	0.010025760635
-tes	0.0	0.995726495727	0.0042735042735	0.0
-loi	0.0	0.985239852399	0.0147601476015	0.0
-yaʼ	0.463323189763	0.281267557341	0.093644300335	0.161764952561
-juu	0.393854119766	0.229329540338	0.102912283574	0.273904056322
-jvi	0.596928982726	0.0460652591171	0.184261036468	0.172744721689
-rom	0.0	1.0	0.0	0.0
-lot	0.0289156626506	0.865060240964	0.106024096385	0.0
-lor	0.468965517241	0.144827586207	0.386206896552	0.0
-los	0.0640867636184	0.910278530934	0.0147892531427	0.0108454523047
-qka	0.89495700674	0.0725075528701	0.0278875203346	0.00464792005577
-mar	0.0258096953953	0.925964721163	0.00301671764361	0.045208865798
-ipo	0.0180722891566	0.981927710843	0.0	0.0
-ión	0.0125786163522	0.977358490566	0.0100628930818	0.0
-hal	0.470210757585	0.245916807352	0.0712910058594	0.212581429204
-iti	0.192359786663	0.654219970253	0.0816226634713	0.071797579612
-húm	0.0	1.0	0.0	0.0
-ipe	0.00216958958597	0.993129632978	0.0	0.00470077743628
-qvi	0.503034478234	0.334579929797	0.106091920087	0.0562936718827
-rdo	0.0	0.67701863354	0.32298136646	0.0
-xku	0.00167668017326	0.979041497834	0.0100600810395	0.00922174095291
-qya	0.428571428571	0.261904761905	0.166666666667	0.142857142857
-imo	0.00914634146344	0.986280487805	0.0	0.00457317073171
-naʼ	0.450430426791	0.284425812805	0.0687402167832	0.196403543621
-jta	0.128233970754	0.787401574803	0.0637955969789	0.0205688574642
-hau	0.756867329047	0.225599064874	0.0	0.0175336060783
-stu	0.428571428571	0.0	0.571428571429	0.0
-lla	0.018691588785	0.981308411215	0.0	0.0
-til	0.419898819561	0.473861720068	0.0961214165261	0.0101180438448
-sto	0.0217059047699	0.93687635103	0.00275543574155	0.0386623084589
-ste	0.238410596026	0.682119205298	0.0198675496689	0.0596026490066
-sta	0.113345714128	0.587177737162	0.102842978286	0.196633570424
-saí	0.0	1.0	0.0	0.0
-loé	0.0410236374292	0.876929087713	0.0117210392655	0.0703262355928
-lón	0.0220750551876	0.966887417219	0.0110375275938	0.0
-ián	0.0	0.951048951049	0.048951048951	0.0
-xaʼ	0.29725857915	0.401250244188	0.258514032689	0.0429771439734
-eyo	0.262686567164	0.737313432836	0.0	0.0
-red	0.0	1.0	0.0	0.0
-tor	0.0375234521576	0.920262664165	0.0281425891181	0.0140712945591
-kʼu	0.277106531797	0.279183009314	0.261466163131	0.182244295758
-lem	0.0101163378857	0.989883662114	0.0	0.0
-yti	0.224963275746	0.682128681787	0.0417118398995	0.0511962025681
-mul	0.662337662338	0.181818181818	0.103896103896	0.0519480519481
-mun	0.124366628817	0.0494487381415	0.0674700560419	0.758714577
-taʼ	0.212264150943	0.674528301887	0.0707547169811	0.0424528301887
-leg	0.0	1.0	0.0	0.0
-yuʼ	0.191330808374	0.37510534672	0.0494823113393	0.384081533567
-kay	0.496320554747	0.184257201921	0.0475490542385	0.271873189094
-ios	0.0884004709004	0.766839982532	0.0135447158533	0.131214830714
-bre	0.0	1.0	0.0	0.0
-les	0.0693040716142	0.883915680046	0.0259890268553	0.0207912214843
-muy	0.618971061093	0.294212218649	0.0675241157556	0.0192926045016
-eel	0.0	1.0	0.0	0.0
-rra	0.0284238950211	0.947889525795	0.0236865791842	0.0
-rre	0.021533161068	0.95262704565	0.0258397932817	0.0
-rro	0.117794486216	0.796992481203	0.0195488721805	0.065664160401
-gio	0.008	0.968	0.024	0.0
-udá	0.0	1.0	0.0	0.0
-ndo	0.0	1.0	0.0	0.0
-ali	0.00184540300054	0.00375231943444	0.000799674633568	0.993602602931
-nda	0.347368421053	0.605263157895	0.0	0.0473684210526
-kvi	0.562376344874	0.19654514348	0.0489937140982	0.192084797548
-gia	0.0	0.977941176471	0.0220588235294	0.0
-ala	0.0115384615385	0.965384615385	0.0115384615385	0.0115384615385
-uva	0.0599629032748	0.802900842278	0.0124669322225	0.124669322225
-yoq	0.537254901961	0.211764705882	0.0470588235294	0.203921568627
-qoo	0.460811924715	0.31089435362	0.110660805056	0.117632916609
-qon	0.378333333333	0.359166666667	0.125	0.1375
-niʼ	0.264044828885	0.552979257928	0.130826044285	0.0521498689015
-qol	0.564381482748	0.229561327732	0.0662338721808	0.139823317339
-yoj	0.182648401826	0.771689497717	0.0456621004566	0.0
-kaʼ	0.169523751578	0.308354392972	0.0629398893092	0.459181966141
-qoy	0.548084775809	0.282612463188	0.0915711080816	0.0777316529214
-jay	0.273012370056	0.368372147047	0.0930657994077	0.265549683489
-abé	0.0430705105939	0.874261896492	0.00625217089267	0.0764154220216
-lok	0.0574162679426	0.913875598086	0.0287081339713	0.0
-chi	0.160913436006	0.68507700478	0.142060541689	0.0119490175252
-cha	0.237237822869	0.0981909117353	0.032843055602	0.631728209793
-ien	0.0	0.155672823219	0.211081794195	0.633245382586
-che	0.169902912621	0.830097087379	0.0	0.0
-153	0.110159118727	0.0	0.0367197062424	0.853121175031
-lsa	0.117617700882	0.784561636999	0.0209615704542	0.0768590916653
-elo	0.0	1.0	0.0	0.0
-ogo	0.0	1.0	0.0	0.0
-ela	0.0	1.0	0.0	0.0
-iya	0.113549676888	0.0689189544661	0.0810192289144	0.736512139732
-rke	0.221955562437	0.0692885344894	0.0213671905241	0.687388712549
-xnu	0.516203703704	0.400462962963	0.0555555555556	0.0277777777778
-itu	0.0151877111983	0.912314795331	0.0383418534702	0.0341556400005
-aqa	0.106146966012	0.345923406892	0.0443075080469	0.503622119049
-ito	0.0162179695102	0.944858903665	0.0216239593469	0.0172991674776
-mín	0.0	1.0	0.0	0.0
-xni	0.15449944789	0.602364570316	0.0733370755896	0.169798906204
-lás	0.0851063829787	0.914893617021	0.0	0.0
-esa	0.24377622535	0.721327888585	0.00222739698289	0.0326684890824
-ite	0.00339366515837	0.850678733032	0.14592760181	0.0
-xna	0.145226150897	0.606395306128	0.0622871726576	0.186091370318
-ita	0.627078336026	0.159426562603	0.0473515906855	0.166143510686
-spa	0.314206628264	0.433904391412	0.0581282262288	0.193760754096
-spe	0.0387722132472	0.922455573506	0.0387722132472	0.0
-pʼi	0.414806348612	0.345449304407	0.139290199927	0.100454147054
-fté	0.0	1.0	0.0	0.0
-pʼa	0.533854166667	0.355811403509	0.0609923245614	0.0493421052631
-spo	0.0	1.0	0.0	0.0
-fas	0.0461285008237	0.917627677101	0.00658978583196	0.0296540362438
-alí	0.0	1.0	0.0	0.0
-fat	0.0	1.0	0.0	0.0
-pʼu	0.226047798514	0.733851433292	0.0268883763614	0.0132123918328
-bro	0.0679886685553	0.923512747875	0.00242816673412	0.00607041683529
-hul	0.211577556512	0.751499129378	0.00752399608275	0.029399318027
-hun	0.0912012141592	0.277244336026	0.0566998643282	0.574854585486
-rim	0.0	1.0	0.0	0.0
-huj	0.00242718446602	0.984627831715	0.0129449838188	0.0
-qaj	0.0663050731457	0.797779108564	0.0148994781418	0.121016340149
-jaʼ	0.0936747894103	0.755527978339	0.00733303249097	0.143464199759
-ʼiu	0.278416825849	0.548560958664	0.0344652458204	0.138556969667
-hux	0.124648973442	0.430271638837	0.0558522256198	0.389227162101
-huy	0.202931228861	0.627959413754	0.169109357384	0.0
-nja	0.103165298945	0.878663540446	0.0181711606096	0.0
-tra	0.0177030316441	0.946890905068	0.0309803053773	0.00442575791104
-abo	0.107142857143	0.892857142857	0.0	0.0
-ron	0.0743801652893	0.925619834711	0.0	0.0
-jya	0.751898734177	0.149367088608	0.0379746835443	0.060759493671
-vas	0.167894831499	0.412944212022	0.176677495401	0.242483461079
-vaq	0.377433121682	0.15041115853	0.349744977621	0.122410742167
-vau	0.26687811786	0.347096012504	0.351341348904	0.0346845207327
-nce	0.0443037974683	0.832278481013	0.123417721519	0.0
-tuj	0.30622927598	0.204400156425	0.434854090091	0.054516477504
-vay	0.288052914972	0.0887959456222	0.0255427851876	0.597608354218
-tul	0.534563611291	0.224302479784	0.0537626800971	0.187371228829
-ael	0.0104384133612	0.977035490605	0.00417536534447	0.00835073068894
-tun	0.526310748064	0.26416387768	0.086137078192	0.123388296064
-koj	0.120670391061	0.32625698324	0.544134078212	0.00893854748603
-tus	0.281164015397	0.0751562602439	0.0415621837966	0.602117540563
-tuu	0.48172558744	0.452991174119	0.0281688609013	0.0371143775389
-kos	0.098271155596	0.437670609645	0.336669699727	0.127388535032
-elí	0.021897810219	0.978102189781	0.0	0.0
-vaj	0.0692122968856	0.205817323968	0.636266503047	0.0887038761002
-tuy	0.444097580781	0.292873090618	0.155675695546	0.107353633056
-ora	0.068286093579	0.839019959475	0.0223583389618	0.0703356079838
-van	0.265509505548	0.645621340596	0.0519540919499	0.0369150619064
-xtu	0.120914899185	0.678672777058	0.136014182406	0.0643981413517
-val	0.349073871818	0.187135483869	0.0723730187124	0.3914176256
-eju	0.46875	0.5078125	0.0	0.0234375
-ʼau	0.464744733073	0.249077476133	0.075276786193	0.2109010046
-lix	0.0285087719298	0.941520467836	0.0102339181286	0.0197368421053
-sʼa	0.49408050513	0.182320441989	0.191002367798	0.132596685083
-ʼas	0.24616384456	0.161268531227	0.226888666098	0.365678958115
-rus	0.300085592011	0.609186875892	0.00239657631955	0.0883309557775
-gre	0.00803858520898	0.727491961415	0.245176848875	0.0192926045016
-ʼax	0.179245283019	0.707547169811	0.0	0.11320754717
-sʼi	0.152909607463	0.76520221915	0.0297225687102	0.0521656046771
-rut	0.0	1.0	0.0	0.0
-aʼa	0.365526380928	0.480343033045	0.0499911888709	0.104139397156
-ico	0.0	0.97628458498	0.0	0.0237154150198
-lim	0.0	1.0	0.0	0.0
-lin	0.498593069926	0.170273887844	0.034252807175	0.296880235055
-ipi	0.154017984993	0.394925253451	0.451056761556	0.0
-sué	0.0418994413408	0.95251396648	0.0	0.00558659217876
-huu	0.121775278151	0.192892653636	0.483107718323	0.20222434989
-ʼal	0.498675412409	0.303780910646	0.0398268671594	0.157716809786
-oma	0.0360148910284	0.886946633461	0.0512794806034	0.0257589949077
-rug	0.0	1.0	0.0	0.0
-ica	0.0	1.0	0.0	0.0
-eas	0.0	0.973509933775	0.0264900662252	0.0
-lna	0.0460050648769	0.930884409575	0.0114472696642	0.0116632558843
-oqx	0.190058479532	0.505847953216	0.0891812865497	0.214912280702
-144	0.0	0.220883534136	0.0602409638554	0.718875502008
-ʼiʼ	0.108055009823	0.85952848723	0.0	0.032416502947
-oql	0.52422907489	0.396475770925	0.0	0.079295154185
-ode	0.0175438596491	0.982456140351	0.0	0.0
-rna	0.0	1.0	0.0	0.0
-rno	0.105026256564	0.863465866467	0.0315078769692	0.0
-zer	0.0	1.0	0.0	0.0
-lux	0.017667844523	0.955830388693	0.0	0.0265017667845
-res	0.144199408534	0.818893113646	0.0156147021546	0.0212927756654
-ipa	0.00320512820513	0.990384615385	0.0	0.00641025641024
-uro	0.294003868472	0.694390715667	0.0116054158607	0.0
-ura	0.0239077601311	0.944667382581	0.0274684903634	0.00395636692477
-jnu	0.63149078727	0.201005025126	0.0	0.167504187605
-puy	0.584107300368	0.340398484927	0.0521454885073	0.0233487261973
-nco	0.0505739744722	0.542024564502	0.241631211367	0.165770249659
-jni	0.25	0.309895833333	0.440104166667	0.0
-qsi	0.01089522426	0.0762665698202	0.905211548938	0.00762665698202
-paj	0.232988802756	0.322423198392	0.131782945736	0.312805053115
-sni	0.258862559242	0.556113744076	0.0815165876777	0.103507109005
-pal	0.472565988279	0.252460482435	0.137377734695	0.137595794591
-mes	0.0	1.0	0.0	0.0
-pan	0.0512311904688	0.873271437564	0.0583737769692	0.0171235949977
-noé	0.0	1.0	0.0	0.0
-ʼon	0.0947434676449	0.773666820676	0.0202764262299	0.111313285449
-pay	0.177578398353	0.67078610267	0.0208800226761	0.130755476301
-ʼol	0.538878575466	0.282427037493	0.0680044642797	0.110689922761
-ʼoj	0.271796681963	0.501009168499	0.160290350901	0.0669037986369
-apu	0.261178861789	0.513211382114	0.0121951219512	0.213414634146
-par	0.0	1.0	0.0	0.0
-pas	0.0703448540008	0.864359660588	0.0198288257665	0.0454666596448
-pau	0.4816048153	0.323614786647	0.0691638649515	0.125616533101
-kau	0.262589063437	0.198037299075	0.0797885596611	0.459585077827
-nun	0.189597086665	0.636255683431	0.0948038163211	0.0793434135832
-nul	0.579942846174	0.24989392807	0.055409360718	0.114753865038
-suy	0.31146554861	0.442793429423	0.0548630011753	0.190878020792
-haj	0.435723377174	0.33941450997	0.0466694951209	0.178192617734
-icó	0.0	1.0	0.0	0.0
-sur	0.0356612184249	0.491827637444	0.258543833581	0.21396731055
-sun	0.323872124291	0.417089931282	0.230355542277	0.0286824021512
-omé	0.014201183432	0.976331360947	0.00710059171597	0.00236686390533
-sul	0.300837242759	0.567220160123	0.0353857921486	0.0965568049696
-sos	0.917355371901	0.0826446280992	0.0	0.0
-nuy	0.423963079707	0.350323235752	0.0965471058639	0.129166578678
-nuu	0.353180102501	0.445431043606	0.177048635083	0.02434021881
-pia	0.128479657388	0.871520342612	0.0	0.0
-zín	0.0	0.963746223565	0.0	0.0362537764351
-fes	0.047619047619	0.904761904762	0.047619047619	0.0
-dio	0.0	1.0	0.0	0.0
-aña	0.0	1.0	0.0	0.0
-sor	0.0	1.0	0.0	0.0
-vaa	0.0730994152047	0.809941520468	0.116959064327	0.0
-dis	0.0	1.0	0.0	0.0
-feo	0.0	1.0	0.0	0.0
-ice	0.00729927007301	0.963503649635	0.021897810219	0.00729927007301
-sli	0.0	1.0	0.0	0.0
-oro	0.00680365926539	0.784949202409	0.207419666253	0.000827472072817
-uks	0.536585365854	0.266550522648	0.175958188153	0.0209059233449
-sús	0.0159445786138	0.62546385082	0.00348344404567	0.35510812652
-uku	0.282305127136	0.481763234681	0.094414339308	0.141517298875
-qnu	0.113625971651	0.614997713763	0.160951074531	0.110425240055
-kor	0.0	1.0	0.0	0.0
-hʼu	0.111035189614	0.745473180731	0.1127434233	0.0307482063546
-uka	0.3466068424	0.427650028043	0.120863712844	0.104879416713
-200	0.0258620689655	0.612068965517	0.129310344828	0.23275862069
-vak	0.703703703704	0.0545000959509	0.137785453848	0.104010746498
-uki	0.043867120954	0.931431005111	0.00170357751278	0.0229982964224
-qal	0.274362706903	0.312753188249	0.169624730598	0.24325937425
-qan	0.130258479942	0.413772191518	0.0744246807932	0.381544647747
-ais	0.138266068759	0.861733931241	0.0	0.0
-tis	0.230974632844	0.116154873164	0.00667556742323	0.646194926569
-kka	0.365731462926	0.335671342685	0.0941883767535	0.204408817635
-eʼe	0.505358339894	0.279620430126	0.0653179492679	0.149703280712
-qay	0.318148763765	0.147615146086	0.0641442790555	0.470091811093
-tia	0.0	1.0	0.0	0.0
-qau	0.45055364643	0.363370243095	0.0944380806923	0.0916380297824
-tin	0.100513236513	0.655274434478	0.0930949629454	0.151117366064
-ore	0.0	0.978494623656	0.0	0.0215053763441
-qaq	0.0299896587384	0.107549120993	0.832471561531	0.0299896587384
-tij	0.00561272217025	0.99438727783	0.0	0.0
-tik	0.586768240833	0.241983560368	0.0664127263665	0.104835472433
-ʼex	0.0	0.97976618705	0.0	0.0202338129497
-ʼey	0.221782941623	0.684849553765	0.027158050489	0.0662094541231
-jau	0.412531683479	0.537870431918	0.0342583326638	0.015339551939
-ema	0.115384615385	0.846153846154	0.0384615384615	0.0
-aʼo	0.464343452488	0.428417460032	0.0533500987965	0.0538889886833
-emo	0.0	0.977941176471	0.0	0.0220588235294
-osé	0.0570502675409	0.935714824026	0.00271309066245	0.00452181777074
-ʼeu	0.485760343901	0.342289091886	0.0376141859216	0.134336378291
-260	0.0	0.109422492401	0.0	0.890577507599
-huʼ	0.0404014920674	0.0168606007623	0.00741571280794	0.935322194362
-ʼej	0.0132743362832	0.785398230089	0.201327433628	0.0
-ʼel	0.605021074978	0.243454450358	0.0559435539283	0.0955809207355
-ʼen	0.743130227001	0.0776583034648	0.0	0.179211469534
-jan	0.337770737503	0.557571511256	0.0545039144607	0.0501538367806
-ʼea	0.394736842105	0.342105263158	0.0263157894737	0.236842105263
-jal	0.550590032954	0.301963094559	0.0701258614235	0.0773210110643
-das	0.0425946239077	0.918286355177	0.00177477599615	0.0373442449191
-kía	0.0231465951023	0.972156994297	0.0	0.00469641060046
-liy	0.174772036474	0.758358662614	0.0303951367781	0.0364741641337
-lik	0.0	1.0	0.0	0.0
-set	0.0	1.0	0.0	0.0
-cio	0.0144752714113	0.985524728589	0.0	0.0
-dam	0.0	1.0	0.0	0.0
-cia	0.00364188163885	0.960546282246	0.0349013657056	0.000910470409711
-ʼil	0.78474813311	0.0959479611634	0.0229890510471	0.0963148546791
-mix	0.246403646204	0.363623415468	0.0481412904145	0.341831647913
-zar	0.0	1.0	0.0	0.0
-zas	0.0204081632653	0.744897959184	0.0	0.234693877551
-liu	0.348069546714	0.354817033905	0.214015734804	0.083097684576
-tuʼ	0.167741935484	0.72082111437	0.0246334310851	0.0868035190616
-xta	0.284028324154	0.480723839496	0.192761605035	0.0424862313139
-nor	0.0	1.0	0.0	0.0
-000	0.0	0.0555555555556	0.0	0.944444444444
-blo	0.0640552708193	0.845592490481	0.00721155986337	0.0831406788363
-ʼay	0.278232933972	0.305517535298	0.238983454811	0.177266075919
-eta	0.0142222222222	0.908148148148	0.0491851851851	0.0284444444444
-ete	0.0186219739292	0.223463687151	0.0279329608939	0.729981378026
-lis	0.0	0.907741251326	0.00636267232237	0.085896076352
-eto	0.00953895071542	0.990461049285	0.0	0.0
-rco	0.0929254733753	0.872350932641	0.00495245082823	0.0297711431555
-lil	0.327154116846	0.223941607729	0.080371671005	0.368532604421
-ías	0.00820836210603	0.963094943388	0.0103255983635	0.0183710961421
-oxi	0.134255844239	0.175272762268	0.552338620466	0.138132773027
-300	0.0336842105263	0.12	0.0631578947368	0.783157894737
-ebú	0.054573016675	0.945426983325	0.0	0.0
-lio	0.0119611263394	0.965611761774	0.00299028158485	0.0194368303015
-ata	0.387505916647	0.420673480545	0.0871143880414	0.104706214766
-amá	0.0628930817609	0.937106918239	0.0	0.0
-ato	0.0464991744389	0.872372707394	0.0385559373466	0.0425721808202
-ati	0.0995711166088	0.516705833014	0.0696927366684	0.314030313709
-liʼ	0.0288391634187	0.595816075228	0.314355594002	0.0609891673508
-eso	0.00321888412017	0.986051502146	0.00214592274678	0.00858369098713
-osa	0.470470470471	0.384384384384	0.13013013013	0.015015015015
-kan	0.205759190296	0.234669387642	0.0329286375275	0.526642784534
-kal	0.491836522475	0.269989421601	0.0544982789291	0.183675776995
-oso	0.0	0.842105263158	0.157894736842	0.0
-aʼy	0.592857142857	0.235714285714	0.171428571429	0.0
-kaz	0.0	1.0	0.0	0.0
-ace	0.0	0.926253687316	0.0737463126843	0.0
-kax	0.162424136576	0.709208400646	0.0366764179365	0.0916910448414
-nij	0.467920353982	0.179203539823	0.240044247788	0.112831858407
-kar	0.0	0.978991596639	0.0	0.0210084033613
-ave	0.118421052632	0.881578947368	0.0	0.0
-nin	0.234240637921	0.525331895198	0.136349478575	0.104077988306
-nio	0.019513101654	0.980486898346	0.0	0.0
-nil	0.544284892948	0.162483786002	0.0383819940141	0.254849327036
-aji	0.00197614510551	0.963441315548	0.0345825393464	0.0
-cía	0.0	1.0	0.0	0.0
-xiy	0.600748337029	0.16227827051	0.114329268293	0.122644124169
-aja	0.0740365111562	0.82860040568	0.0152129817444	0.0821501014198
-nós	0.0333333333333	0.966666666667	0.0	0.0
-nón	0.0	1.0	0.0	0.0
-ría	0.00632603406326	0.720519059205	0.0102189781022	0.262935928629
-fil	0.0	0.791666666667	0.208333333333	0.0
-saú	0.125954198473	0.858778625954	0.0	0.0152671755725
-fia	0.0	1.0	0.0	0.0
-vij	0.386363636364	0.0454545454545	0.568181818182	0.0
-vin	0.234756271751	0.448906191041	0.154163870118	0.16217366709
-yul	0.0300750206367	0.926314682032	0.0152651214735	0.0283451758574
-vil	0.56938672258	0.236265105287	0.0555555606503	0.138792611483
-yun	0.0533816425121	0.74806763285	0.0149758454107	0.183574879227
-lda	0.037037037037	0.685185185185	0.277777777778	0.0
-vid	0.00664415037927	0.963291069155	0.00099662255689	0.0290681579093
-qxa	0.655737704918	0.344262295082	0.0	0.0
-yux	0.0814467821582	0.882515478943	0.0108187828994	0.0252189559999
-fre	0.025706940874	0.974293059126	0.0	0.0
-lia	0.0243277848911	0.959026888604	0.00896286811779	0.00768245838668
-ila	0.0172848397551	0.977313647821	0.00108030248469	0.00432120993879
-ilo	0.0115157621995	0.902116021304	0.0863682164963	0.0
-yuu	0.0454545454545	0.833333333333	0.0909090909091	0.030303030303
-ili	0.247588424437	0.48231511254	0.0	0.270096463023
-oam	0.0	1.0	0.0	0.0
-kul	0.53702678564	0.217248894931	0.0597024013682	0.186021918061
-igo	0.0212669272017	0.950195401254	0.0110878851222	0.0174497864219
-ebe	0.0204081632653	0.979591836735	0.0	0.0
-lmo	0.350553505535	0.571955719557	0.0221402214022	0.0553505535055
-nís	0.173076923077	0.711538461538	0.115384615385	0.0
-amo	0.0	1.0	0.0	0.0
-tmo	0.0241935483871	0.975806451613	0.0	0.0
-ama	0.0262008733624	0.965065502183	0.00873362445413	0.0
-oas	0.0	1.0	0.0	0.0
-qen	0.239202657807	0.681063122924	0.0398671096347	0.0398671096345
-usi	0.213483146067	0.247191011236	0.460674157303	0.0786516853932
-iro	0.025281991443	0.960715674835	0.0116686114352	0.00233372228705
-hil	0.52956453222	0.245568093858	0.0691899612066	0.155677412715
-lhi	0.64926117396	0.200955759616	0.0501767754497	0.099606290974
-hin	0.138189931156	0.637095980154	0.118382158307	0.106331930384
-usa	0.240428790199	0.716692189893	0.0428790199081	0.0
-ira	0.00696864111498	0.98606271777	0.0	0.00696864111498
-iko	0.018485915493	0.928697183099	0.0528169014085	0.0
-mós	0.0	1.0	0.0	0.0
-hiy	0.255167001937	0.459073285339	0.0766135439353	0.209146168789
-agé	0.0488505747126	0.916666666667	0.0	0.0344827586207
-xpu	0.151315789474	0.351720647773	0.0738866396761	0.423076923077
-eis	0.231759656652	0.0600858369099	0.0	0.708154506438
-hiu	0.567664670659	0.150898203593	0.0239520958084	0.25748502994
-ulo	0.0555163905534	0.858477264716	0.0052872752908	0.0807190694396
-aql	0.243856332703	0.287334593573	0.164461247637	0.304347826087
-uda	0.0677966101695	0.93220338983	0.0	0.0
-tiʼ	0.184712827381	0.709768888275	0.0254025499346	0.080115734409
-niu	0.495504141128	0.252789891191	0.0645381279555	0.187167839725
-ces	0.15	0.784375	0.028125	0.0375
-aná	0.0247978436658	0.936388140162	0.00646900269542	0.0323450134771
-ros	0.0929466051417	0.853460777851	0.0197758734344	0.0338167435729
-aqx	0.964285714286	0.0357142857143	0.0	0.0
-bén	0.0	1.0	0.0	0.0
-aní	0.0	1.0	0.0	0.0
-cea	0.0	1.0	0.0	0.0
-oes	0.0324324324324	0.935135135135	0.0324324324324	0.0
-niy	0.31837571096	0.161448134643	0.0914228324915	0.428753321905
-ʼoo	0.324976787372	0.456824512535	0.103992571959	0.114206128134
-pij	0.0936170212766	0.387234042553	0.0170212765957	0.502127659574
-pil	0.52374301676	0.434357541899	0.0418994413408	0.0
-xiu	0.674397859055	0.14183764496	0.151650312221	0.0321141837645
