-biß	0.0512820512821	0.948717948718	0.0	0.0
-pös	0.459504083498	0.305156706077	0.0483533331368	0.186985877289
-pöm	0.0837532763816	0.430445167674	0.205947837718	0.279853718226
-pöl	0.0539464329456	0.865840398138	0.00379378536137	0.0764193835547
-hen	0.227919000431	0.111158983197	0.0930633347695	0.567858681603
-pön	0.168633782965	0.360396365474	0.418608403692	0.0523614478689
-heh	0.207840600253	0.198571779156	0.0399185315596	0.553669089031
-pöh	0.191385742087	0.211961210594	0.150547919353	0.446105127966
-pök	0.61081857348	0.274293920536	0.00718046912398	0.10770703686
-aro	0.248353597752	0.27099375453	0.0984832429349	0.382169404783
-pöe	0.2928	0.4576	0.2208	0.0288
-ivi	0.540336879433	0.246453900709	0.0438829787234	0.169326241135
-ßuh	0.316455696203	0.284810126582	0.107594936709	0.291139240506
-aus	0.396947828338	0.280089447107	0.0924833960513	0.230479328503
-nëß	0.0579710144928	0.942028985507	0.0	0.0
-uru	0.138553155287	0.221683724537	0.0488450374046	0.590918082772
-auh	0.232134516581	0.228865016347	0.481550677254	0.0574497898178
-aum	0.835830662844	0.101797942317	0.0386237139484	0.0237476808905
-apa	0.503947261333	0.322698787336	0.115569300887	0.0577846504436
-aun	0.126048147146	0.718690830403	0.104949959427	0.0503110630241
-pah	0.101774621166	0.182685258608	0.0862884763407	0.629251643884
-pus	0.220645930627	0.668966723453	0.0434640629242	0.066923282996
-meß	0.223731268172	0.196907790632	0.0434920638852	0.53586887731
-nah	0.319677603434	0.142519109956	0.102374160306	0.435429126304
-uan	0.0610455611536	0.842101265888	0.0830280390193	0.013825133939
-pue	0.375	0.625	0.0	0.0
-avë	0.422213769494	0.436287561811	0.0707493343477	0.0707493343477
-eus	0.137902559868	0.792733278283	0.0247729149463	0.0445912469034
-eöm	0.0691819780469	0.0775758503564	0.012908606498	0.840333565099
-pun	0.2628003314	0.481690140845	0.188898094449	0.0666114333058
-puh	0.160328849168	0.426340461401	0.318636290101	0.0946943993296
-pui	0.666978252287	0.2888347321	0.034861015389	0.00932600022362
-eök	0.646258503401	0.234693877551	0.0680272108843	0.0510204081633
-teß	0.213536515794	0.361595845829	0.0358270582974	0.38904058008
-arö	0.31746031746	0.650793650794	0.031746031746	0.0
-vëß	0.0206549563068	0.979345043693	0.0	0.0
-aöp	0.256044617028	0.308972097991	0.386859581572	0.0481237034097
-ope	0.0409974389009	0.956917945562	0.00119120887848	0.000893406658857
-aöt	0.36618705036	0.552517985612	0.0129496402878	0.068345323741
-opa	0.0769806479205	0.804340853202	0.0898107559072	0.0288677429702
-ëon	0.0538243626062	0.881255901794	0.0557129367327	0.00920679886686
-töß	0.264182895851	0.654530059272	0.0745131244708	0.00677392040644
-ivö	0.00139762403913	0.995807127883	0.00139762403913	0.00139762403913
-nës	0.0927348842139	0.843887446346	0.0436648826241	0.0197127868157
-auß	0.274555659495	0.652478952292	0.0701590271281	0.00280636108513
-400	0.200460829493	0.543778801843	0.0552995391705	0.200460829493
-oko	0.250302297461	0.561064087062	0.155985489722	0.0326481257557
-des	0.037037037037	0.962962962963	0.0	0.0
-kim	0.0	1.0	0.0	0.0
-vaë	0.107339747054	0.827730335459	0.0433106330847	0.0216192844017
-nën	0.0525501442586	0.804556724269	0.0189482001277	0.123944931345
-kis	0.209699509166	0.602285241534	0.0961517381805	0.0918635111196
-pöß	0.344785863072	0.173126360054	0.0510142348423	0.431073542032
-heß	0.641890669543	0.229446098079	0.0298049138643	0.0988583185133
-430	0.590361445783	0.0240963855422	0.0	0.385542168675
-reß	0.0406932065686	0.0205990631793	0.00475410185889	0.933953628393
-100	0.0256007186167	0.162362452279	0.111834718168	0.700202110936
-uta	0.619651347068	0.328050713154	0.0285261489699	0.0237717908082
-vëh	0.0885661915737	0.0579833354792	0.0117283094602	0.841722163487
-ötö	0.599450012664	0.185077975178	0.18218330499	0.033288707168
-rin	0.18921678869	0.418917169378	0.189520815665	0.202345226267
-ril	0.0	1.0	0.0	0.0
-rim	0.0	1.0	0.0	0.0
-rik	0.293442908584	0.478597978859	0.209228714136	0.0187303984203
-rih	0.127994397037	0.0961433015384	0.0230939943072	0.752768307117
-rit	0.0358685905274	0.954349066601	0.00978234287113	0.0
-riu	0.410917030568	0.306550218341	0.226200873363	0.0563318777293
-ris	0.23349623126	0.695684585439	0.0615422844364	0.00927689886524
-aöß	0.0498966637142	0.935931502805	0.0124003542958	0.00177147918512
-teh	0.218010945354	0.16907374113	0.0297835493068	0.583131764209
-tek	0.377375843041	0.37982832618	0.153280196199	0.08951563458
-ten	0.130505592067	0.352516430301	0.0347342326761	0.482243744956
-teo	0.753424657534	0.148727984344	0.0547945205479	0.0430528375734
-are	0.16246119274	0.0617749449452	0.0502243578813	0.725539504434
-ara	0.175131575033	0.622945857957	0.0755713010137	0.126351265996
-mes	0.0	1.0	0.0	0.0
-eöß	0.0202755793556	0.0318942916021	0.00475665971008	0.943073469332
-pau	0.282304526749	0.581069958848	0.0641975308642	0.0724279835391
-aru	0.618107556161	0.255275697754	0.0898570456092	0.0367597004765
-luk	0.178590640129	0.763313609468	0.0193652501345	0.038730500269
-lun	0.0107334525939	0.978533094812	0.0107334525939	0.0
-men	0.0430478381415	0.911372097944	0.0147881985145	0.0307918654
-meh	0.0447838086477	0.191354429735	0.280406772918	0.483454988699
-uaß	0.114093959731	0.885906040269	0.0	0.0
-eoß	0.135205537537	0.139963336023	0.0181842261678	0.706646900272
-vur	0.355223078301	0.260705966673	0.0107507615123	0.373320193514
-beß	0.0538116591928	0.946188340807	0.0	0.0
-mës	0.222222222222	0.766081871345	0.0	0.0116959064328
-söm	0.221518987342	0.480525803311	0.175267770204	0.122687439143
-eën	0.18316968078	0.0940049949419	0.0114270116944	0.711398312584
-mët	0.421704996853	0.342692117254	0.20196413589	0.0336387500033
-mëk	0.0	1.0	0.0	0.0
-mëh	0.0456694057567	0.0438296856713	0.0135775471343	0.896923361438
-vun	0.0716834773123	0.168486802243	0.0828863861214	0.676943334323
-vuk	0.656441717791	0.165644171779	0.0306748466258	0.147239263804
-vuh	0.069042736188	0.870072011747	0.0450296208746	0.0158556311907
-vui	0.40099009901	0.373267326733	0.219801980198	0.00594059405941
-toß	0.312358529528	0.573342034938	0.0900010497615	0.0242983857721
-gon	0.0	1.0	0.0	0.0
-nuh	0.115933962982	0.0356667827024	0.00993568871206	0.838463565603
-moß	0.0	0.964285714286	0.0357142857143	0.0
-mop	0.0778199566161	0.851952277657	0.0307754880694	0.0394522776573
-sru	0.664155681105	0.208725674827	0.0376647834275	0.0894538606403
-ëta	0.0467289719626	0.953271028037	0.0	0.0
-maß	0.632462060049	0.0357078428381	0.00612482328423	0.325705273828
-ßih	0.104357898872	0.0770537128511	0.018804361993	0.799784026283
-uma	0.845283018868	0.154716981132	0.0	0.0
-ëvë	0.010101010101	0.959595959596	0.030303030303	0.0
-oak	0.0940198273105	0.810681164055	0.0684362008315	0.026862807803
-keh	0.161804383274	0.0474262500821	0.00999256573345	0.78077680091
-röß	0.364011191275	0.412835557119	0.0387892211785	0.184364030427
ALL	0.222061192783	0.324372602822	0.0595879997899	0.393978204605
-nai	0.0952380952381	0.5	0.285714285714	0.119047619048
-nan	0.423869253876	0.475452208576	0.0504013912996	0.0502771462482
-aki	0.660451422964	0.208047105005	0.0857049394832	0.0457965325483
-nam	0.0810810810811	0.864864864865	0.0	0.0540540540541
-sis	0.326114452208	0.634827588483	0.021394783941	0.0176631753687
-sip	0.0331128395286	0.940021758265	0.0228575100353	0.00400789217058
-kin	0.0547455789375	0.810000058953	0.096942603198	0.0383117589118
-aka	0.355479626612	0.397139995729	0.146471612335	0.100908765324
-sik	0.0627498641821	0.853583650242	0.0156874660455	0.0679790195305
-maë	0.069920030083	0.3810217255	0.542762580044	0.00629566437309
-sih	0.499058104533	0.126567281222	0.0545298318689	0.319844782376
-sin	0.688298992844	0.22981218568	0.0441309801492	0.0377578413265
-kiu	0.245613913223	0.65422843615	0.0501433674014	0.0500142832262
-kit	0.237918215613	0.665427509294	0.0520446096654	0.0446096654275
-nas	0.0169332079022	0.953590467231	0.0163060520539	0.0131702728128
-nap	0.0877204903207	0.379634792769	0.154548731103	0.378095985808
-nat	0.56457130006	0.104703075038	0.033164120424	0.297561504478
-ker	0.0357142857143	0.964285714286	0.0	0.0
-gok	0.0645161290323	0.903225806452	0.0322580645161	0.0
-ëre	0.191147183049	0.642558802858	0.102933494062	0.0633605200315
-mos	0.0	0.989690721649	0.0103092783505	0.0
-gol	0.0277334576289	0.68560979545	0.285043294312	0.00161345260931
-ëra	0.191342385964	0.437781908156	0.0772472741479	0.293628431732
-ëro	0.232504309909	0.599594196189	0.0794374673454	0.0884640265559
-gog	0.0	0.96875	0.03125	0.0
-ëri	0.374083129584	0.330073349633	0.20293398533	0.0929095354523
-ako	0.289788408464	0.549218031279	0.0965961361546	0.064397424103
-moe	0.253505432259	0.260284148946	0.486210418795	0.0
-mon	0.0483899969376	0.917271886967	0.0238655806884	0.0104725354071
-mom	0.0	0.932075471698	0.0679245283019	0.0
-mol	0.0400534045394	0.959946595461	0.0	0.0
-rëh	0.356423993591	0.383399258963	0.171740436611	0.0884363108351
-iök	0.0373200866132	0.935422239205	0.00305693542224	0.0242007387594
-vuß	0.876764037232	0.0790867756187	0.00664865096728	0.0375005361815
-eot	0.431034068787	0.376437380488	0.0804596928402	0.112068857885
-eos	0.459878665941	0.270661178234	0.19940051531	0.0700596405145
-eor	0.0	1.0	0.0	0.0
-bet	0.178226514486	0.695346795435	0.0162423178227	0.110184372256
-eon	0.192985047293	0.734692593269	0.0428745641242	0.029447795313
-eom	0.422772723671	0.252935250457	0.0957327829802	0.228559242892
-ben	0.0	1.0	0.0	0.0
-nup	0.0149812734083	0.930711610487	0.0393258426966	0.0149812734082
-bel	0.0473812267896	0.933666282495	0.0	0.0189524907158
-eoh	0.109941387132	0.388153054359	0.339783226712	0.162122331796
-rek	0.688940092166	0.244239631336	0.0391705069124	0.0276497695853
-reh	0.342600663732	0.409661586054	0.0455218116017	0.202215938612
-upu	0.166419115973	0.765061743118	0.0358858158873	0.0326333250214
-ren	0.155817665839	0.801525363604	0.0212841433132	0.0213728272437
-pol	0.0	0.718045112782	0.206766917293	0.0751879699248
-isi	0.661458333334	0.171875	0.078125	0.0885416666666
-rem	0.380676919566	0.474243077391	0.0986471751699	0.046432827873
-hha	0.619047619048	0.380952380952	0.0	0.0
-rea	0.323720512603	0.399781294774	0.155338414473	0.12115977815
-rös	0.306358381503	0.508670520231	0.184971098266	0.0
-vaß	0.132434498031	0.559668685127	0.229314050181	0.0785827666621
-eve	0.218309464498	0.443829577284	0.302385711444	0.0354752467741
-röm	0.298316842603	0.248160155721	0.0491620632795	0.404360938396
-rök	0.00972857281836	0.850601550086	0.017997859714	0.121672017382
-naß	0.140096703423	0.494825233706	0.086336888403	0.278741174468
-upa	0.164524421594	0.739502999143	0.0818337617824	0.0141388174807
-res	0.0322580645161	0.967741935484	0.0	0.0
-rep	0.314865122643	0.304985298664	0.205292480941	0.174857097752
-evo	0.253827558421	0.695406929895	0.0	0.0507655116841
-kiß	0.171829921226	0.757036537515	0.0414401822933	0.0296933589661
-ret	0.508543531326	0.305126118796	0.148087876322	0.0382424735557
-ruß	0.113982649352	0.49811790305	0.0477014581571	0.34019798944
-avi	0.140045576963	0.35985083903	0.0820385332505	0.418065050756
-jut	0.0140845070422	0.950704225352	0.0352112676056	0.0
-sëp	0.0288317379772	0.96009687464	0.00484373198016	0.00622765540307
-hah	0.271586352387	0.0749682631076	0.0554945084855	0.597950876019
-ava	0.546472903421	0.310626702997	0.0563124432334	0.0865879503481
-mas	0.0153220762977	0.960522201376	0.00852095059411	0.0156347717323
-hak	0.776460393115	0.19580887856	0.0138653641627	0.0138653641628
-ham	0.0436629765858	0.920449645399	0.0271241810584	0.00876319695732
-han	0.327823036448	0.251604196469	0.367625090815	0.0529476762682
-hap	0.0266963292547	0.946607341491	0.0266963292547	0.0
-mah	0.229420783787	0.622480927339	0.062666672772	0.0854316161019
-mak	0.312618719977	0.372618213438	0.268338806764	0.0464242598205
-hat	0.134014045648	0.445947703055	0.286688670422	0.133349580875
-man	0.246895142569	0.417750615846	0.105116718065	0.230237523519
-akö	0.412880250121	0.387496044042	0.170410480592	0.0292132252444
-sët	0.0	1.0	0.0	0.0
-hih	0.371340523883	0.457627118644	0.101694915254	0.0693374422188
-ëen	0.164705882353	0.6	0.0	0.235294117647
-köß	0.0356398178722	0.0342185148806	0.0129393996983	0.917202267549
-oës	0.352941176471	0.529411764706	0.117647058824	0.0
-oto	0.463138212623	0.220522017858	0.180874608868	0.13546516065
-oën	0.696864111498	0.271777003484	0.0313588850174	0.0
-ekö	0.353896103896	0.217532467532	0.394480519481	0.0340909090909
-666	0.244444444444	0.111111111111	0.0	0.644444444444
-baß	0.0	1.0	0.0	0.0
-144	0.0827586206897	0.110344827586	0.0	0.806896551724
-gat	0.0	1.0	0.0	0.0
-lam	0.104008667389	0.858071505959	0.0260021668472	0.011917659805
-eok	0.576766363983	0.332095856765	0.0532858076979	0.0378519715545
-puk	0.281481636804	0.651204118221	0.0378324823602	0.0294817626152
-hoß	0.542969421207	0.262268897085	0.117718029079	0.0770436526293
-sen	0.262295081967	0.590163934426	0.147540983607	0.0
-sel	0.109356014581	0.890643985419	0.0	0.0
-poß	0.200046924855	0.107340826299	0.0198541211667	0.67275812768
-këh	0.344509448892	0.0645464884163	0.0237594663487	0.567184596343
-nök	0.14333612741	0.700754400671	0.115674769489	0.0402347024309
-uip	0.425531914894	0.505462909718	0.034502587694	0.0345025876941
-see	0.418719211823	0.40763546798	0.051724137931	0.121921182266
-nöh	0.0426390046434	0.92774437433	0.0254494582688	0.00416716275747
-nön	0.0534576476097	0.883504820846	0.0324885330746	0.03054899847
-nöm	0.0836712341773	0.197888261947	0.0187028165673	0.699737687308
-ing	0.0821917808219	0.835616438356	0.027397260274	0.0547945205479
-nös	0.481726946503	0.195497420152	0.0544164499625	0.268359183383
-kni	0.0531086248407	0.0971533777085	0.849737997451	0.0
-iki	0.443429822098	0.504157067351	0.0251930292593	0.027220081291
-nöt	0.26145645085	0.1069502175	0.189551105532	0.442042226118
-hik	0.255619343819	0.113761750706	0.058733955564	0.571884949911
-oho	0.42521322982	0.357970860364	0.115112198235	0.101703711581
-sep	0.229038854806	0.675528289025	0.0763462849352	0.0190865712338
-raß	0.149970632889	0.645391908206	0.159594097615	0.0450433612901
-aop	0.636363636364	0.295454545455	0.0	0.0681818181818
-kus	0.274679087357	0.669917241952	0.0246238536403	0.0307798170503
-ood	0.0	0.966015293118	0.0339847068819	0.0
-kup	0.691145253805	0.16102244686	0.0920538856018	0.0557784137334
-iam	0.0380487804878	0.909268292683	0.0263414634146	0.0263414634146
-ook	0.647851679107	0.29476620402	0.0272866010305	0.0300955158425
-ian	0.0662277485685	0.887592243007	0.0407195344556	0.00546047396914
-oom	0.0475061728395	0.699259259259	0.228148148148	0.0250864197531
-iah	0.479351032448	0.212389380531	0.0176991150443	0.290560471976
-nep	0.547266057436	0.398033384705	0.0384206299247	0.0162799279342
-oon	0.248008074843	0.239997909426	0.466015757702	0.0459782580291
-nen	0.159643034209	0.810609816559	0.0297471492315	0.0
-poë	0.0576290680197	0.0486675774297	0.0159453378919	0.877758016659
-aoa	0.782892944702	0.137837101607	0.0326886406974	0.0465813129937
-fos	0.0	1.0	0.0	0.0
-oot	0.66862170088	0.123167155425	0.00586510263928	0.202346041056
-aoe	0.238196453099	0.0445289885768	0.00630104318988	0.710973515134
-kun	0.343721090533	0.347185691741	0.235991946163	0.0731012715631
-kum	0.116688441682	0.756105600324	0.0519762863514	0.0752296716433
-nee	0.182089362155	0.0598321434905	0.0257379734784	0.732340520877
-kuk	0.196132272785	0.364081768466	0.193471470221	0.246314488528
-aon	0.0997344516588	0.838234103532	0.0242069981703	0.0378244466394
-kui	0.346620450607	0.3573079145	0.252744078567	0.0433275563258
-kuh	0.75782792033	0.14359411448	0.0242239368383	0.074354028351
-bal	0.0	1.0	0.0	0.0
-uun	0.0872173308093	0.836928782322	0.00808694711413	0.0677669397548
-aak	0.57753099225	0.306284327595	0.105136335074	0.0110483450802
-eke	0.540369196345	0.212940518367	0.15271303375	0.0939772515383
-unë	0.108833707267	0.275696847549	0.571548085333	0.043921359851
-hok	0.422588832487	0.333756345178	0.140862944162	0.102791878173
-las	0.0889764228264	0.882048894028	0.00941677202233	0.0195579111233
-hop	0.342060732454	0.495843076395	0.0379488813454	0.124147309805
-gaß	0.163708900812	0.817031228505	0.0192598706837	0.0
-siß	0.106213108657	0.563162143276	0.224663208053	0.105961540014
-arë	0.303579209462	0.282103952692	0.270401493931	0.143915343915
-bas	0.0456652641657	0.927250510191	0.0162505353858	0.0108336902572
-job	0.03125	0.9375	0.03125	0.0
-kös	0.0357142857143	0.952380952381	0.0119047619048	0.0
-oëß	0.499790356394	0.290566037736	0.131656184486	0.0779874213837
-piß	0.0588633288227	0.673883626522	0.25101488498	0.0162381596752
-bël	0.116577138472	0.875095923066	0.00832693846228	0.0
-köt	0.483333333333	0.183333333333	0.333333333333	0.0
-möm	0.0633049064212	0.0637386235529	0.0229400777866	0.850016392239
-ovi	0.372950819672	0.381147540984	0.225409836066	0.0204918032787
-mön	0.0721878299598	0.854332583695	0.019493329845	0.0539862565006
-asi	0.18141477421	0.602584181676	0.142913077525	0.0730879665883
-kök	0.5980946472	0.310820682685	0.0407289175314	0.0503557525844
-köh	0.426858513189	0.258992805755	0.134292565947	0.179856115108
-kön	0.0151426907397	0.0498100230191	0.313475885404	0.621571400838
-köm	0.168420307402	0.150774018463	0.0425389963308	0.638266677805
-neß	0.0834533393737	0.139282598551	0.0447079004286	0.732556161646
-ihi	0.546210286623	0.1322875628	0.0508909531211	0.270611197455
-öra	0.144927536232	0.855072463768	0.0	0.0
-kuß	0.473906873015	0.484409001825	0.022572143002	0.0191119821585
-rat	0.00350330868042	0.982483456598	0.0140132347217	0.0
-aeö	0.417634529669	0.327385008027	0.223506070847	0.0314743914573
-ras	0.118102872411	0.733066132264	0.130126920508	0.0187040748163
-rap	0.62196969697	0.262121212121	0.0386363636364	0.0772727272728
-ran	0.244304621393	0.661748752441	0.077023215448	0.0169234107182
-ral	0.0178571428571	0.732142857143	0.25	0.0
-ram	0.0420722807197	0.921094233704	0.0117489984899	0.0250844870862
-rak	0.163398402519	0.790020569375	0.0264630046958	0.0201180234105
-rah	0.135135135135	0.48048048048	0.348348348348	0.036036036036
-ero	0.293924302789	0.541235059761	0.0926294820717	0.0722111553785
-era	0.43507316975	0.440125606393	0.0549527969565	0.0698484269007
-iaß	0.0391857834081	0.865966187308	0.0239150697257	0.0709329595587
-ere	0.174736615424	0.68199298703	0.101150263378	0.0421201341682
-ëkë	0.391731616401	0.263978312436	0.128769908506	0.215520162657
-uiß	0.0725623582766	0.632653061225	0.294784580499	0.0
-rëp	0.662086996642	0.256273549842	0.046138466665	0.0355009868505
-pos	0.160599571734	0.226980728051	0.432548179872	0.179871520343
-pop	0.268162393162	0.357905982906	0.228632478632	0.145299145299
-rës	0.61642449053	0.20420396779	0.0720792658239	0.107292275856
-rët	0.0235414534289	0.971545547595	0.00368474923234	0.00122824974412
-seß	0.548481308411	0.178154205607	0.144859813084	0.128504672897
-pok	0.0134770889488	0.953943513419	0.0314074768546	0.00117192077815
-pon	0.257438779922	0.239200503125	0.0851479894658	0.418212727487
-rëm	0.315072007778	0.674597762459	0.0	0.0103302297632
-rën	0.332526369148	0.244704880763	0.0462232840905	0.376545465999
-pom	0.518447440388	0.295159046203	0.0808424890851	0.105551024325
-poa	0.0576428170404	0.295675003813	0.0627281843584	0.583953994788
-nöß	0.139631800411	0.0890032460216	0.0223664589745	0.748998494592
-poe	0.759336099585	0.157676348548	0.0829875518672	0.0
-ike	0.0434782608696	0.95652173913	0.0	0.0
-500	0.146341463415	0.128048780488	0.341463414634	0.384146341463
-aat	0.0215053763441	0.827956989247	0.150537634409	0.0
-nor	0.0	1.0	0.0	0.0
-not	0.278771205869	0.47638697845	0.188089051913	0.0567527637679
-oum	0.0365853658537	0.817073170732	0.0	0.146341463415
-lat	0.0721155996958	0.864939829106	0.0407551559075	0.022189415291
-lëk	0.0	1.0	0.0	0.0
-iku	0.257314974182	0.544750430293	0.182444061962	0.0154905335628
-aan	0.20457055147	0.251070877134	0.244540583878	0.299817987517
-iks	0.06852248394	0.865631691649	0.0256959314775	0.0401498929336
-nom	0.114348575949	0.129335269616	0.0200319459739	0.736284208461
-non	0.506597160177	0.0511123307602	0.00510571508758	0.437184793975
-lëm	0.0136823269594	0.976494893747	0.0007124029351	0.00911037635829
-noe	0.558590511582	0.220163613431	0.187826412343	0.0334194626434
-tvi	0.419225634179	0.279706275033	0.0240320427236	0.277036048064
-aho	0.553072625698	0.20782122905	0.169832402235	0.0692737430168
-aha	0.288372093023	0.167441860465	0.0186046511628	0.525581395349
-don	0.0182463253928	0.951343132286	0.0091231626964	0.021287379625
-dom	0.00465477114041	0.974398758728	0.0139643134212	0.00698215671062
-dok	0.0	1.0	0.0	0.0
-ahu	0.445913461538	0.382211538462	0.138822115385	0.0330528846154
-sas	0.0254777070064	0.96974522293	0.0	0.0047770700637
-vos	0.834020993392	0.0763302665276	0.0224872743368	0.0671614657435
-sat	0.0	1.0	0.0	0.0
-ton	0.776285739182	0.161199436318	0.0255656311595	0.0369491933404
-tom	0.291211831332	0.577308870103	0.0574974599033	0.0739818386621
-tok	0.524375827895	0.194086105426	0.0394520821778	0.242085984501
-toh	0.320159065087	0.433939295569	0.119298815127	0.126602824217
-tot	0.5858836504	0.339674662255	0.0479735318445	0.0264681555004
-voe	0.0776008875133	0.854881676665	0.0354440039853	0.032073431836
-top	0.303608392649	0.468196313817	0.143867531602	0.0843277619326
-ßah	0.314917127072	0.381215469613	0.0441988950276	0.259668508287
-sak	0.0283387069404	0.950958764636	0.012217885627	0.00848464279654
-mpu	0.718685831622	0.281314168378	0.0	0.0
-san	0.156036636136	0.708076602831	0.0939217318901	0.0419650291424
-von	0.111302023673	0.767680624496	0.092910780196	0.0281065716346
-rot	0.0395833447488	0.8932745574	0.0518035517614	0.0153385460902
-ieh	0.8	0.0222222222222	0.0	0.177777777778
-iel	0.100686498856	0.80701754386	0.0396643783372	0.0526315789474
-loi	0.0	0.9795221843	0.0	0.0204778156997
-voh	0.533803331937	0.0614741110084	0.0253724192374	0.379350137817
-roe	0.0736878271778	0.0713812027162	0.0650693951168	0.789861574989
-rom	0.244369414589	0.553565448296	0.162373770895	0.0396913662189
-ron	0.0402364369677	0.922688560398	0.0267284902714	0.0103465123631
-get	0.0	1.0	0.0	0.0
-roh	0.500644886104	0.301319223699	0.0556531629886	0.142382727208
-los	0.0603588907015	0.913539967374	0.0114192495922	0.0146818923328
-.00	0.203351722756	0.595600671504	0.0345081711344	0.166539434605
-mat	0.0	1.0	0.0	0.0
-toe	0.195668922651	0.227197354564	0.294550306839	0.282583415946
-noß	0.399300551666	0.119285729677	0.0078628850901	0.473550833568
-ëhë	0.327171903882	0.458410351202	0.0499075785582	0.164510166359
-dën	0.0445360824742	0.955463917526	0.0	0.0
-dëp	0.0	1.0	0.0	0.0
-ëaß	0.0366174507186	0.943022068641	0.00818738710438	0.0121730935365
-riß	0.379987333755	0.589613679544	0.0	0.0303989867005
-laß	0.0138959070237	0.975492673067	0.00151591712986	0.00909550277918
-övo	0.010898229198	0.678017500217	0.0115110040399	0.299573266545
-276	0.0	0.193548387097	0.0	0.806451612903
-roß	0.020127635312	0.958851694362	0.0118498876837	0.00917078264214
-euß	0.0	1.0	0.0	0.0
-iut	0.0	1.0	0.0	0.0
-sto	0.00458693677052	0.976403815512	0.00432306460146	0.0146861831163
-kvö	0.0197368421053	0.980263157895	0.0	0.0
-sta	0.121212121212	0.712121212121	0.166666666667	0.0
-aël	0.0516915981261	0.889401663586	0.0333536209711	0.0255531173165
-pip	0.613515432209	0.240952154641	0.0799851456367	0.0655472675126
-ëëm	0.13214148739	0.605973878384	0.0622546300218	0.199630004205
-tët	0.310860596505	0.35881487321	0.0477650768624	0.282559453423
-ëën	0.475550101415	0.476406428646	0.0218192025695	0.0262242673694
-saß	0.0435081400033	0.926633332543	0.0196213180407	0.0102372094125
-voß	0.683639063322	0.0549695301141	0.221177344016	0.0402140625483
-tëk	0.180678636902	0.685400769042	0.12220626485	0.0117143292057
-ëës	0.123666627721	0.808878848067	0.0674545242117	0.0
-lek	0.0	1.0	0.0	0.0
-ois	0.0185185185185	0.944444444444	0.037037037037	0.0
-ion	0.190371991247	0.459518599562	0.062363238512	0.287746170678
-mum	0.0677966101694	0.898305084746	0.0338983050847	0.0
-fan	0.256045519203	0.743954480797	0.0	0.0
-mun	0.30917604305	0.391076182187	0.241043462792	0.0587043119715
-mui	0.220338983051	0.677966101695	0.0677966101695	0.0338983050848
-mut	0.444976076555	0.545454545455	0.0	0.00956937799042
-mus	0.106840111117	0.793629137236	0.054484699104	0.0450460525433
-ios	0.0	0.943396226415	0.0566037735849	0.0
-les	0.0384615384615	0.961538461538	0.0	0.0
-oik	0.148936170213	0.436170212766	0.414893617021	0.0
-faß	0.0	1.0	0.0	0.0
-iot	0.0772637728247	0.897142602427	0.0111066673435	0.0144869574047
-een	0.376768356	0.40760976394	0.14790254964	0.0677193304205
-eeh	0.115384615385	0.589743589744	0.153846153846	0.141025641026
-höß	0.191172936269	0.151342102526	0.0565035386453	0.600981422561
-sam	0.0	1.0	0.0	0.0
-ëto	0.246913580247	0.722222222222	0.0308641975309	0.0
-ees	0.753846153846	0.107692307692	0.0923076923077	0.0461538461538
-soß	0.0728744939271	0.778340080972	0.0637651821863	0.085020242915
-120	0.0526315789473	0.236842105263	0.0	0.71052631579
-sëk	0.0	1.0	0.0	0.0
-uvi	0.206658334727	0.571183955441	0.211824793096	0.0103329167364
-sën	0.431811309344	0.324765648624	0.110069549441	0.133353492592
-uvu	0.575443466193	0.39228867589	0.0322678579173	0.0
-sës	0.0476381137372	0.900738893832	0.0422416544733	0.00938133795726
-490	0.0	0.0	0.0357142857143	0.964285714286
-yon	0.037037037037	0.962962962963	0.0	0.0
-koß	0.383648572164	0.548709668835	0.0501166319588	0.017525127042
-tös	0.582256565264	0.239205949473	0.0384079324844	0.140129552779
-aeß	0.0612244897959	0.142857142857	0.581632653061	0.214285714286
-tuß	0.181498222286	0.690697692958	0.113016374101	0.0147877106551
-pee	0.0270827045619	0.0268189232081	0.0120035655239	0.934094806706
-këk	0.0346536644532	0.0215785366156	0.00763261304091	0.93613518589
-këm	0.396410158488	0.373496276494	0.13700591942	0.0930876455987
-pea	0.0235179423989	0.0566757074166	0.0351271911442	0.88467915904
-kën	0.151233926854	0.472468126853	0.0423819478148	0.333915998478
-pen	0.145096838913	0.199590775301	0.0411567848221	0.614155600964
-peo	0.0510832424817	0.288684326582	0.613671995385	0.0465604355506
-peh	0.0953828143574	0.0360649772089	0.0242481972538	0.84430401118
-mös	0.0487804878049	0.926829268293	0.0	0.0243902439024
-pet	0.262882543868	0.124644284681	0.0708774584083	0.541595713043
-orë	0.142857142857	0.705882352941	0.117647058824	0.0336134453781
-153	0.105263157895	0.0526315789474	0.0263157894737	0.815789473684
-pep	0.350241326539	0.289332862452	0.147150328776	0.213275482233
-soë	0.384858044164	0.179810725552	0.179810725552	0.255520504732
-mök	0.0731603572948	0.764355593365	0.157379838367	0.00510421097405
-këp	0.958904109589	0.0	0.041095890411	0.0
-kës	0.494005352603	0.215828217779	0.0272437797053	0.262922649913
-möh	0.303940321347	0.238332058148	0.432478959449	0.0252486610558
-hös	0.0670761941491	0.905377114209	0.0151506804033	0.012396011239
-eße	0.291844294136	0.197969975713	0.0758048805905	0.434380849561
-iël	0.224871215545	0.736357885224	0.0387708992318	0.0
-vën	0.653934804083	0.166941060257	0.167270332565	0.0118538030952
-ito	0.240349599417	0.699563000728	0.0480699198835	0.0120174799709
-tet	0.641562483282	0.196761953882	0.0634392649431	0.0982362978926
-hön	0.376408535123	0.560297290818	0.0575401582354	0.00575401582354
-ßeß	0.411271955221	0.32240880139	0.100752750434	0.165566492955
-ita	0.0	1.0	0.0	0.0
-spa	0.1875	0.671875	0.125	0.015625
-tök	0.4059991798	0.463940476888	0.0984240435878	0.0316362997246
-oet	0.151239849061	0.386912600397	0.435372986772	0.0264745637702
-töm	0.0	1.0	0.0	0.0
-bru	0.0169293636894	0.941039112668	0.0245183887916	0.0175131348512
-tön	0.525555772532	0.353936914807	0.0669085377761	0.0535987748852
-aßo	0.431034482759	0.434482758621	0.0931034482758	0.0413793103448
-fas	0.0676883780332	0.915070242656	0.00383141762452	0.0134099616858
-taß	0.158716780576	0.783457002064	0.0116682521513	0.0461579652091
-ioß	0.0551504513635	0.819281576451	0.112927941113	0.0126400310724
-fat	0.0305697081982	0.969430291802	0.0	0.0
-muß	0.00930882010705	0.965091924599	0.00628345357227	0.0193158017221
-tör	0.034620505992	0.941411451398	0.0	0.0239680426098
-töt	0.395445613224	0.274534735869	0.295341579008	0.0346780718992
-hum	0.0327461139896	0.415751295337	0.551502590673	0.0
-hun	0.435471915334	0.348311607707	0.150709975351	0.0655065016087
-möß	0.143891867935	0.691412810311	0.126663269542	0.0380320522122
-huh	0.457236392207	0.471944399986	0.0434556979829	0.0273635098236
-huk	0.645287819358	0.11480971059	0.0698611258348	0.170041344217
-uto	0.0179910044977	0.798350824588	0.181409295352	0.00224887556222
-aba	0.194444444444	0.611111111111	0.0277777777778	0.166666666667
-peß	0.020328762395	0.0192801648111	0.0111064076182	0.949284665176
-koe	0.29205082217	0.130449753146	0.0483685381788	0.529130886505
-koa	0.232084930699	0.692716012976	0.061928634621	0.0132704217045
-vat	0.24446834665	0.575752919484	0.15442532268	0.0253534111862
-kom	0.528934952623	0.418355422897	0.0306451305112	0.0220644939681
-aeh	0.120135637267	0.157816772821	0.0866936643245	0.635353925588
-kon	0.629614596868	0.193079749466	0.0250737591392	0.152231894527
-sop	0.137254901961	0.735294117647	0.127450980392	0.0
-sos	0.1	0.783333333333	0.0	0.116666666667
-aen	0.299216412404	0.552596046862	0.133965231336	0.0142223093975
-aep	0.15037593985	0.563909774436	0.285714285714	0.0
-aes	0.248054474708	0.367704280156	0.18579766537	0.198443579767
-son	0.0429371499689	0.949595519602	0.00373366521469	0.00373366521469
-tut	0.113890756057	0.835549580618	0.0330245199754	0.0175351433498
-oro	0.273303473337	0.552628243049	0.136651736669	0.037416546945
-kos	0.0483870967742	0.577956989247	0.35752688172	0.0161290322581
-soe	0.667353450941	0.167989411718	0.0299912878581	0.134665849483
-vak	0.664285714286	0.278571428571	0.0142857142857	0.0428571428571
-vah	0.327308869267	0.14502109059	0.0226066761318	0.505063364011
-ora	0.127074883797	0.151288319269	0.0632688981882	0.658367898745
-van	0.0707150768824	0.886043519231	0.0388466815943	0.00439472229212
-ore	0.514956835977	0.271230676571	0.105400521984	0.108411965469
-hës	0.0	1.0	0.0	0.0
-rus	0.0723852631953	0.255214806953	0.126279860753	0.546120069098
-liv	0.0239700374532	0.899026217228	0.0689138576779	0.00808988764045
-pak	0.275423728814	0.488700564972	0.159604519774	0.0762711864407
-lip	0.0157677835513	0.981723705429	0.00107507615123	0.0014334348683
-rut	0.0	1.0	0.0	0.0
-lis	0.0438683948155	0.818544366899	0.0139581256231	0.123629112662
-ruk	0.350171428571	0.417371428571	0.0875428571429	0.144914285714
-ruh	0.279138827023	0.513734224202	0.127691165553	0.079435783222
-omo	0.0453623569847	0.899057144184	0.0397888250685	0.0157916737626
-rum	0.298507462687	0.328358208955	0.373134328358	0.0
-hën	0.243651599797	0.215845606907	0.220162519045	0.320340274251
-diß	0.0155869459328	0.978567949342	0.0	0.00584510472479
-hëk	0.109090909091	0.854545454545	0.0	0.0363636363636
-hëh	0.496730456876	0.420207290557	0.035871354072	0.047190898495
-suß	0.00772231339249	0.673591455207	0.00363536233229	0.315050869068
-eas	0.134071515985	0.722645052053	0.0375517594006	0.105731672562
-eat	0.295067314675	0.542539522932	0.111446287917	0.0509468744763
-nuß	0.647377938517	0.258589511754	0.0723327305605	0.0216998191682
-keß	0.0950033240944	0.0476706845682	0.0147020406802	0.842623950657
-eah	0.177402704726	0.340501189289	0.0436523513604	0.438443754625
-eak	0.505183207366	0.390780326683	0.0727617001133	0.0312747658382
-eam	0.0362020733915	0.872305413855	0.0	0.0914925127531
-ean	0.213181639277	0.576557152726	0.194789484981	0.0154717230162
-pën	0.0162216227429	0.0591891711936	0.00788854744796	0.916700658616
-uri	0.239855948299	0.56389827582	0.158865628094	0.0373801477868
-öön	0.136019139985	0.591859454985	0.027751164852	0.244370240178
-ßkë	0.828402366864	0.147928994083	0.0236686390533	0.0
-ura	0.0582941942614	0.722461222718	0.050124324111	0.16912025891
-aiß	0.144081776143	0.792081992482	0.0144081776143	0.0494280537603
-ehe	0.627979526265	0.269464992901	0.0711723828738	0.0313830979601
-ure	0.667830641641	0.209951986032	0.0	0.122217372327
-qaß	0.161616161616	0.838383838384	0.0	0.0
-iëm	0.0	1.0	0.0	0.0
-ovö	0.426573426573	0.242424242424	0.247086247086	0.083916083916
-öör	0.107438016529	0.876033057851	0.0165289256198	0.0
-pët	0.282103998706	0.247915174756	0.0411189909677	0.42886183557
-ööv	0.823529411765	0.137254901961	0.0392156862745	0.0
-pëp	0.254777070064	0.334394904459	0.353503184713	0.0573248407643
-ööt	0.432758109719	0.308780318592	0.182031351869	0.0764302198206
-isu	0.565555006957	0.32317428969	0.0177297006149	0.0935410027379
-dus	0.0	1.0	0.0	0.0
-pan	0.262878013851	0.304009438576	0.0138797384089	0.419232809165
-ape	0.822222222222	0.177777777778	0.0	0.0
-apo	0.0196485191931	0.969051474061	0.00826418403833	0.00303582270795
-apu	0.417321444337	0.47143992231	0.0900503222389	0.021188311115
-pap	0.168442494516	0.378277446986	0.213621644208	0.23965841429
-veß	0.12987618807	0.707049699703	0.0781356294583	0.0849384827694
-pas	0.0938620658417	0.851194285861	0.0228931867907	0.0320504615069
-pat	0.0	0.96511627907	0.0348837209302	0.0
-ihß	0.374064837905	0.299251870324	0.296758104738	0.0299251870324
-nun	0.448759724245	0.215646190112	0.0967227999629	0.23887128568
-kee	0.154587862769	0.0578323326292	0.0116968598565	0.775882944745
-lus	0.128400435256	0.854189336235	0.0174102285093	0.0
-kea	0.020346444001	0.939661654973	0.0174712092867	0.0225206917395
-ini	0.167832167832	0.692307692308	0.0839160839161	0.055944055944
-keo	0.764479455734	0.210455644078	0.012532450094	0.012532450094
-ken	0.522572782582	0.156738683615	0.0397813917804	0.280907142023
-kem	0.521916411825	0.372748895685	0.0815494393476	0.0237852531431
-kel	0.203980099502	0.776119402985	0.00995024875622	0.00995024875622
-sus	0.0277665453565	0.955115244642	0.00889607763849	0.00822213236285
-krë	0.090909090909	0.806818181818	0.0795454545454	0.0227272727273
-eaß	0.124708080336	0.770200840729	0.0686595049043	0.0364315740308
-sup	0.324083250743	0.241823587711	0.393954410307	0.0401387512389
-omë	0.147540983606	0.55737704918	0.245901639344	0.0491803278689
-sun	0.355580111922	0.485069271232	0.0449393654958	0.11441125135
-ket	0.680352227587	0.313522152117	0.00245024811856	0.00367537217784
-suk	0.109630868331	0.0539684806725	0.0242225606623	0.812178090335
-aeo	0.291525423729	0.66779661017	0.0406779661017	0.0
-sor	0.0	1.0	0.0	0.0
-nim	0.0101082308088	0.0486725108795	0.10653774283	0.834681515482
-nus	0.200855920114	0.713552068474	0.0650499286733	0.0205420827389
-lel	0.0	1.0	0.0	0.0
-liß	0.0229824558835	0.950883647794	0.0205996594541	0.00553423686826
-fes	0.255663430421	0.68932038835	0.042071197411	0.0129449838188
-sol	0.0396457027926	0.913320956138	0.0376730873366	0.0093602537325
-mhë	0.0438156309826	0.806715305701	0.0124673583511	0.137001704965
-kov	0.213309809502	0.176690852553	0.112231026157	0.497768311788
-dis	0.0281690140845	0.971830985915	0.0	0.0
-iuh	0.288888888889	0.571851851852	0.12	0.0192592592593
-kop	0.120342574607	0.827726343937	0.0455286193587	0.00640246209733
-uks	0.038961038961	0.863636363636	0.0779220779221	0.0194805194805
-vöh	0.191338885111	0.369542060458	0.168111989526	0.271007064905
-uku	0.746268656716	0.0671641791045	0.149253731343	0.0373134328358
-ßpë	0.373083475298	0.36797274276	0.120954003407	0.137989778535
-ven	0.234417996698	0.165692074849	0.0815217391304	0.518368189323
-veo	0.639038149483	0.317086133104	0.0204828855516	0.0233928318613
-ove	0.0499747602221	0.890206966179	0.0196870267542	0.040131246845
-uit	0.248940441668	0.578184251617	0.137407985724	0.0354673209904
-ves	0.636164383562	0.17698630137	0.0115068493151	0.175342465753
-paß	0.067944157469	0.887015701309	0.0367450194432	0.00829512177834
-vös	0.151551854253	0.771231772433	0.0637052523775	0.0135111209364
-hnö	0.515625	0.46875	0.0	0.015625
-anu	0.0769230769231	0.897435897436	0.025641025641	0.0
-aiu	0.825870006577	0.10380029167	0.0173000486117	0.0530296531412
-tiu	0.0351063829787	0.958510638298	0.00638297872342	0.0
-paë	0.00306748466258	0.990797546012	0.0	0.00613496932515
-önö	0.696741928151	0.129574903387	0.0254456658038	0.148237502658
-ais	0.0837014647756	0.627993489886	0.274354801209	0.0139502441293
-tis	0.0890792291221	0.890364025696	0.0154175588865	0.00513918629551
-pëß	0.445193929174	0.445193929174	0.079258010118	0.0303541315346
-apö	0.731935775339	0.064299189717	0.170662411938	0.0331026230053
-tin	0.0229007633588	0.971374045802	0.00572519083969	0.0
-ain	0.127944760357	0.768480909829	0.0670186839968	0.0365556458164
-eme	0.531978319783	0.347425474255	0.0623306233062	0.0582655826558
-uin	0.715286829283	0.14891936627	0.0781680528146	0.0576257516325
-260	0.0588235294117	0.185520361991	0.0135746606335	0.742081447964
-iro	0.160853878533	0.718580877931	0.100721587493	0.0198436560433
-oni	0.190476190476	0.738095238095	0.0714285714286	0.0
-vus	0.644402274162	0.115188151146	0.0358945074527	0.204515067239
-ana	0.139162561576	0.659482758621	0.166256157635	0.0350985221675
-niß	0.104947526237	0.827389589172	0.0497729242269	0.0178899603643
-kaß	0.531811517701	0.276548958094	0.124645026323	0.0669944978821
-rup	0.438848920863	0.503597122302	0.0575539568345	0.0
-kta	0.0930062692815	0.039359718051	0.0129139540996	0.854720058568
-000	0.0922400855251	0.115926050093	0.0212075542897	0.770626310093
-ërë	0.405757910388	0.515307763875	0.0682914953002	0.0106428304364
-oaß	0.0590656138365	0.896955959079	0.0192292553471	0.024749171737
-söë	0.485391140434	0.287464655985	0.148659069488	0.0784851340931
-ökö	0.805653710247	0.141342756184	0.0212014134275	0.0318021201413
-ank	0.307492982077	0.298207730512	0.109263657957	0.285035629454
-söß	0.290642839414	0.353189377017	0.175229585505	0.180938198064
-lim	0.0	1.0	0.0	0.0
-amö	0.449982692973	0.410522672205	0.119245413638	0.0202492211838
-300	0.0855614973262	0.326203208556	0.171122994652	0.417112299465
-viß	0.343029782738	0.372185168064	0.146107112197	0.138677937001
-ata	0.188363100718	0.791751058737	0.0143619959492	0.00552384459584
-bus	0.0862068965517	0.879310344828	0.0344827586207	0.0
-net	0.368421052632	0.46439628483	0.0928792569659	0.0743034055728
-kak	0.682455573506	0.105589660743	0.151211631664	0.0607431340872
-nis	0.252780421151	0.605040241434	0.100560475371	0.0416188620434
-k10	0.0	0.809523809524	0.0	0.190476190476
-kan	0.385434173669	0.428011204482	0.0792717086835	0.107282913165
-niu	0.500586166471	0.34876905041	0.0650644783119	0.0855803048065
-osi	0.450194049159	0.459249676585	0.0206985769728	0.0698576972833
-nes	0.0705592734025	0.813225452758	0.0581076369197	0.0581076369197
-kas	0.0670009750662	0.887310210336	0.0292519849561	0.016436829642
-kar	0.0	0.981859410431	0.0	0.0181405895692
-nih	0.0671048904567	0.0455994968377	0.0122989752914	0.874996637414
-kap	0.371787262593	0.549442609414	0.0477394715112	0.0310306564822
-nin	0.0986068545631	0.688111883325	0.100456032591	0.112825229521
-kau	0.0795145427914	0.920485457209	0.0	0.0
-kat	0.397227681804	0.283128167994	0.219302782663	0.100341367539
-hëm	0.0415396905234	0.952690908015	0.0	0.00576940146158
-neo	0.623640224963	0.179612783543	0.0467229876024	0.150024003892
-jaß	0.00629297284698	0.993240881016	0.000466146136812	0.0
-oos	0.196412852113	0.745818661972	0.0577684859154	0.0
-aët	0.0	1.0	0.0	0.0
-fik	0.00515257342417	0.957061888132	0.0377855384439	0.0
-nem	0.323184228562	0.102340433842	0.024047523825	0.550427813772
-fus	0.0	0.943396226415	0.0566037735848	0.0
-vih	0.178456932241	0.333471620841	0.321869096577	0.166202350342
-vin	0.221855295901	0.649652927199	0.0235279809905	0.10496379591
-ias	0.0706718627607	0.893780613455	0.0220056099614	0.0135419138224
-ëns	0.0185950413223	0.950413223141	0.0247933884297	0.00619834710743
-mru	0.658163265306	0.25	0.030612244898	0.0612244897959
-söl	0.0761579994316	0.865397366676	0.0126929999053	0.0457516339869
-ato	0.577072095587	0.299064949972	0.0450975997398	0.0787653547014
-vis	0.55599800896	0.345445495271	0.0657043305127	0.0328521652563
-vit	0.0151001607787	0.970125581193	0.00315039325598	0.0116238647721
-atö	0.109133971912	0.462508712091	0.402853248299	0.0255040676983
-oan	0.0750009318509	0.226837118383	0.0150637877144	0.683098162051
-oam	0.0660333642261	0.888785912882	0.00347544022243	0.0417052826691
-ëus	0.0161290322581	0.983870967742	0.0	0.0
-oah	0.0907171632428	0.0636546070918	0.121553003786	0.724075225879
-tuk	0.55	0.347619047619	0.0142857142857	0.0880952380952
-ama	0.0	0.969594594595	0.0202702702703	0.0101351351351
-nea	0.338160753077	0.301230992035	0.265025343954	0.0955829109341
-ame	0.183134582624	0.58262350937	0.15332197615	0.0809199318569
