jer-	0.0244182225037	0.960471680814	0.00348377399622	0.0116263226856
do̱-	0.0146186380233	0.0247368957996	0.0410784437203	0.919566022457
agu-	0.616566099835	0.198025233132	0.160175534833	0.0252331321997
ni'-	0.332435994965	0.335168955607	0.0664448348224	0.265950214606
atá-	0.334861071326	0.464623317101	0.0887997708392	0.111715840733
fig-	0.037037037037	0.962962962963	0.0	0.0
rne-	0.0280701754386	0.462378167641	0.0842105263158	0.425341130604
maa-	0.307425343018	0.574334140436	0.046811945117	0.0714285714285
jac-	0.00380000460607	0.986504226066	0.00865940443564	0.00103636489256
snu-	0.232251048625	0.423023147429	0.288177722542	0.0565480814044
neê-	0.0659185796884	0.928549791247	0.00276581453238	0.00276581453238
júp-	0.0140845070423	0.971830985916	0.0140845070422	0.0
yo̱-	0.553420919434	0.230914812614	0.103210756806	0.112453511146
nij-	0.0693582107959	0.0425130684953	0.00102989381923	0.88709882689
abí-	0.0126050420168	0.932773109244	0.046218487395	0.00840336134454
sto-	0.673322757091	0.213825884025	0.0210953148065	0.0917560440772
nas-	0.244573848597	0.404976177872	0.0995235574378	0.250926416093
mah-	0.0	1.0	0.0	0.0
tum-	0.243329448589	0.474863240801	0.126563674733	0.155243635877
réj-	0.0290726784209	0.964293903019	0.00154197631404	0.00509144224599
eno-	0.128787878788	0.719696969697	0.121212121212	0.030303030303
dín-	0.0736158229672	0.602430209096	0.279385352225	0.0445686157121
a̱t-	0.375690607735	0.0994475138121	0.0331491712707	0.491712707182
no'-	0.021513538854	0.0661410761992	0.00848567014253	0.903859714804
lis-	0.081672282826	0.890913244617	0.0137072362785	0.0137072362785
xcú-	0.258376770947	0.183927630315	0.17494522483	0.382750373908
yán-	0.330933207011	0.57953576504	0.0477498815727	0.0417811463762
rac-	0.216675875158	0.689913159301	0.0304445163675	0.0629664491739
rli-	0.0370696322373	0.906925887404	0.0472037763021	0.00880070405632
sue-	0.224489795918	0.734693877551	0.0408163265306	0.0
güé-	0.687515956089	0.161347970386	0.0283380137861	0.12279805974
cúú-	0.0428143343869	0.923440642831	0.0115835762079	0.0221614465744
elí-	0.00779247411053	0.98769609351	0.0	0.00451143237978
núj-	0.0149015229543	0.0170852296417	0.00638062565112	0.961632621753
une-	0.54415954416	0.317841880342	0.0801282051282	0.0578703703703
lac-	0.0944862540316	0.775630983464	0.100343009266	0.0295397532381
nun-	0.126446280992	0.828925619835	0.0446280991735	0.0
euf-	0.0	1.0	0.0	0.0
caq-	0.361313868613	0.540145985401	0.0766423357664	0.021897810219
yáá-	0.421894570918	0.264633040502	0.131548783244	0.181923605336
pró-	0.0	1.0	0.0	0.0
neg-	0.0	0.969230769231	0.0	0.0307692307692
ayu-	0.323062722518	0.4638257659	0.0469210144609	0.166190497121
mil-	0.0366792727935	0.881988426664	0.0287055178384	0.0526267827038
tib-	0.0247422680412	0.944329896907	0.0309278350515	0.0
gan-	0.0235294117647	0.964705882353	0.0117647058824	0.0
ari-	0.0610951008646	0.921613832853	0.0138328530259	0.00345821325648
mig-	0.322206095791	0.515239477504	0.0493468795355	0.11320754717
paf-	0.0178571428571	0.982142857143	0.0	0.0
mar-	0.0308344575063	0.786929080748	0.139839082675	0.0423973790711
suu-	0.339138983307	0.487916002522	0.0539559816084	0.118989032562
uxr-	0.155499754572	0.130570155524	0.287681791698	0.426248298206
zaq-	0.0545149566676	0.871400615041	0.0503214984624	0.0237629298295
así-	0.0	1.0	0.0	0.0
cul-	0.018018018018	0.981981981982	0.0	0.0
ya'-	0.119532844503	0.73360012272	0.100980610656	0.0458864221215
zac-	0.114991301396	0.808418551364	0.0511308185174	0.0254593287224
her-	0.0306354910353	0.900086740189	0.0547130424836	0.0145647262918
ate-	0.136842105263	0.748120300752	0.106015037594	0.00902255639097
cum-	0.374189818931	0.396357918418	0.102628862272	0.126823400379
sin-	0.191810344828	0.746767241379	0.0129310344827	0.0484913793103
sma-	0.24	0.54	0.1	0.12
urí-	0.0	1.0	0.0	0.0
dor-	0.221682847896	0.647249190939	0.0242718446602	0.106796116505
tag-	0.146775656681	0.804133977969	0.0313661964811	0.0177241688681
ná'-	0.711670480549	0.205949656751	0.0686498855835	0.0137299771167
pat-	0.0838195201745	0.904484732824	0.0	0.0116957470011
máq-	0.0970873786408	0.861303744799	0.0416088765603	0.0
alt-	0.00683210111509	0.981943732767	0.00829612278262	0.00292804333504
cot-	0.276850594235	0.496649679553	0.122604401339	0.103895324873
rój-	0.172344277232	0.162270454344	0.0279974555377	0.637387812886
yo'-	0.0520160979042	0.144797555618	0.0550584317993	0.748127914678
jor-	0.0296495956874	0.967654986523	0.00269541778976	0.0
naí-	0.0357142857143	0.892857142857	0.0	0.0714285714286
'yo-	0.11904340124	0.781753764393	0.0992028343667	0.0
gen-	0.220657276995	0.779342723005	0.0	0.0
guu-	0.48296080541	0.0699097926921	0.0268265005051	0.420302901393
a̱m-	0.167832167832	0.146853146853	0.0	0.685314685315
'na-	0.657832668012	0.178244466571	0.0348256615907	0.129097203826
nig-	0.13027832527	0.349474407215	0.038478767246	0.481768500269
por-	0.304347826087	0.695652173913	0.0	0.0
alf-	0.0	1.0	0.0	0.0
tih-	0.476439561384	0.32636478466	0.128246658925	0.0689489950311
cos-	0.0188679245283	0.981132075472	0.0	0.0
dam-	0.0557281955666	0.905324217941	0.0182307851668	0.0207168013259
sig-	0.163012840589	0.806060131538	0.0262292514876	0.00469777638584
qui-	0.532653539955	0.178263524133	0.0448107424272	0.244272193485
ped-	0.0356785306249	0.943229701206	0.00804496427258	0.0130468038961
say-	0.452437678753	0.384021069023	0.0518361687981	0.111705083426
che-	0.125061726153	0.0788898502796	0.0087740867657	0.787274336802
epa-	0.150912311051	0.74858931587	0.0543679723218	0.0461304007578
yac-	0.183327046692	0.768751597638	0.041234654879	0.00668670079118
oro-	0.222477943997	0.673954737246	0.0690448791714	0.0345224395857
ía̱-	0.181818181818	0.0363636363636	0.781818181818	0.0
asi-	0.182111953301	0.345887957666	0.130075461856	0.341924627177
gun-	0.289890981169	0.537661050545	0.151635282458	0.0208126858276
nan-	0.251917598442	0.358543973275	0.0397791688642	0.349759259419
oto-	0.525271818983	0.282079537663	0.0371485943775	0.155500048976
nux-	0.776457272213	0.146010186757	0.0203735144312	0.0571590265987
ses-	0.079052539017	0.0722551571089	0.0105299015264	0.838162402348
tér-	0.287506271952	0.678625188159	0.0225790265931	0.0112895132965
axe-	0.383499546691	0.393472348141	0.1523118767	0.0707162284678
tol-	0.191780821918	0.808219178082	0.0	0.0
mel-	0.122513126406	0.812122727435	0.0542915312355	0.011072614923
cue-	0.439658340805	0.350249690742	0.0683397101724	0.141752258281
mir-	0.0524961399897	0.938239835306	0.00617601646937	0.00308800823469
isa-	0.0338518578222	0.951304371188	0.00826146530184	0.00658230568765
joe-	0.366101694915	0.552542372881	0.0203389830508	0.0610169491525
eut-	0.25	0.666666666667	0.0833333333333	0.0
pud-	0.0	1.0	0.0	0.0
dio-	0.0909038025482	0.708100450828	0.0131396471776	0.187856099446
yah-	0.135111166505	0.848494290672	0.0130868719021	0.0033076709203
bab-	0.0522306855278	0.920021762786	0.0195865070729	0.00816104461371
ita-	0.0125786163522	0.836477987421	0.150943396227	0.0
se'-	0.024861878453	0.903314917127	0.0552486187845	0.0165745856353
chá-	0.577105539792	0.392587429276	0.00793960723324	0.0223674236982
rca-	0.120622568093	0.747081712062	0.0933852140078	0.0389105058366
láz-	0.028981894107	0.935180279847	0.019944529278	0.0158932967684
ne'-	0.679637698967	0.182316528556	0.0400977981976	0.0979479742795
cac-	0.396875276468	0.390985724109	0.0907126542046	0.121426345218
moi-	0.0300898311834	0.956206098334	0.00368468459053	0.0100193858923
xré-	0.282469105888	0.684213714563	0.0106009207657	0.0227162587836
veé-	0.198968763168	0.138115633178	0.0792254652401	0.583690138414
so'-	0.0130514729145	0.00434508877445	0.00206552495141	0.98053791336
non-	0.505494505495	0.296703296703	0.145054945055	0.0527472527472
uzí-	0.0	1.0	0.0	0.0
cis-	0.0	1.0	0.0	0.0
mal-	0.0229007633588	0.961832061069	0.0	0.0152671755725
yáj-	0.353741496599	0.367346938775	0.258503401361	0.0204081632653
sab-	0.05625	0.91875	0.025	0.0
joa-	0.0	1.0	0.0	0.0
nin-	0.371469651843	0.386566704324	0.20581287871	0.0361507651227
mán-	0.221794803227	0.12724438211	0.0380805578816	0.612880256781
cie-	0.019687982854	0.175621791357	0.0236754224194	0.781014803369
sir-	0.0733702189079	0.877555929757	0.0461871541977	0.00288669713735
yav-	0.0792783065177	0.681472220924	0.0262325688011	0.213016903758
anu-	0.119961189027	0.591867337038	0.0520419864162	0.236129487519
ca'-	0.598871120784	0.157488722748	0.0401540347057	0.203486121762
sós-	0.0196721311475	0.980327868852	0.0	0.0
ta'-	0.152351724919	0.629537171646	0.027562589231	0.190548514204
esr-	0.0	1.0	0.0	0.0
yu'-	0.212041621806	0.627869857883	0.0823811988889	0.0777073214224
and-	0.00545950864423	0.990445859873	0.00272975432211	0.00136487716105
ALL	0.205504586808	0.254772069786	0.048938394097	0.49078494931
ana-	0.0631659705055	0.900392123434	0.0236552723553	0.0127866337056
'ya-	0.573629346821	0.206036137266	0.0722669456953	0.148067570218
tíx-	0.807780320366	0.1647597254	0.0	0.0274599542334
nii-	0.441498197148	0.3047717759	0.0226264541408	0.231103572811
mae-	0.0363239245227	0.898213587655	0.0316453732603	0.0338171145625
cil-	0.00498545907769	0.990029081845	0.00498545907769	0.0
per-	0.00436205016357	0.986913849509	0.00436205016358	0.00436205016358
arm-	0.0	1.0	0.0	0.0
cal-	0.0167317345231	0.940323480201	0.0395984383714	0.00334634690463
xtá-	0.781868857269	0.174123514743	0.035206102391	0.00880152559777
chu-	0.134591177665	0.578143686013	0.0457076232889	0.241557513033
zor-	0.0	1.0	0.0	0.0
gaa-	0.496490124019	0.173699746538	0.112813220359	0.216996909084
tac-	0.187708548487	0.623261048706	0.132006392708	0.0570240100989
lid-	0.095513748191	0.857211770381	0.0414857694163	0.00578871201157
ata-	0.137780120716	0.364645103359	0.173868502316	0.323706273609
tie-	0.17662648984	0.626458842432	0.153951467496	0.0429632002314
far-	0.0214559704286	0.942050541406	0.012416896038	0.024076592127
jai-	0.15706158793	0.777516695523	0.0111303487509	0.0542913677961
si'-	0.233480786591	0.664305559605	0.0595176237915	0.0426960300123
rud-	0.0	0.972602739726	0.027397260274	0.0
xcu-	0.0829409587799	0.869059944532	0.027175624446	0.0208234722419
lev-	0.0728764478764	0.889157014157	0.0131917631917	0.0247747747748
xa̱-	0.242764328224	0.198612415093	0.0490341757603	0.509589080922
xni-	0.16005505271	0.726258518964	0.0763893244974	0.037297103829
rma-	0.220976923149	0.320847735015	0.3308691318	0.127306210036
u'y-	0.339449541284	0.256880733945	0.128440366972	0.275229357798
nej-	0.454147515868	0.3007222587	0.168089297439	0.077040927993
adi-	0.419276699203	0.339706460724	0.161866709571	0.0791501305017
saú-	0.58064516129	0.364055299539	0.0276497695853	0.0276497695853
ami-	0.0	1.0	0.0	0.0
gue-	0.160691000155	0.301467427748	0.340718633673	0.197122938424
cás-	0.16091954023	0.735632183908	0.0344827586207	0.0689655172414
chi-	0.131118084717	0.465286266229	0.180012185851	0.223583463203
xe̱-	0.120959880477	0.824751831124	0.0247378757935	0.0295504126058
sec-	0.421390374331	0.512299465241	0.027807486631	0.0385026737968
eub-	0.0	1.0	0.0	0.0
'ne-	0.0274756725816	0.763022323984	0.209502003434	0.0
tal-	0.387916005646	0.524646425855	0.0230098864469	0.0644276820513
rco-	0.138011242489	0.625508819539	0.159720876139	0.0767590618337
nuû-	0.503053871329	0.278336437917	0.0958240257668	0.122785664987
güi-	0.0510003140881	0.753822833441	0.00797346152826	0.187203390943
sca-	0.172516695846	0.389070648595	0.12904824664	0.309364408919
se‑-	0.0933646925471	0.756568695979	0.026103167667	0.123963443807
zaf-	0.135593220339	0.847457627119	0.0	0.0169491525424
noc-	0.167114679541	0.550941066815	0.122186842486	0.159757411159
taz-	0.075663349917	0.820688225539	0.0808457711443	0.0228026533997
sni-	0.186046511628	0.550387596899	0.263565891473	0.0
pon-	0.0	0.993006993007	0.0	0.00699300699301
azu-	0.163934426229	0.826278443846	0.00978712992414	0.0
hig-	0.0216678704372	0.926384799155	0.0475026390355	0.00444469137173
na̱-	0.528878587272	0.152083922795	0.0414114689415	0.277626020992
nga-	0.0731601987297	0.535882097662	0.371148744216	0.0198089593921
ben-	0.0154905335628	0.984509466437	0.0	0.0
dió-	0.276534812959	0.513603006981	0.188383747986	0.0214784320745
xti-	0.162944533723	0.782491471039	0.013454135812	0.0411098594256
ni̱-	0.453035834048	0.307089884207	0.0435400166381	0.196334265108
már-	0.0	0.932330827068	0.0676691729323	0.0
uún-	0.0665886782629	0.0511270734751	0.0947730219181	0.787511226344
der-	0.0631888317414	0.932402645114	0.00440852314474	0.0
lam-	0.0	0.995402298851	0.00459770114944	0.0
nar-	0.558783355227	0.326341287838	0.0620548337683	0.0528205231673
nda-	0.132940625486	0.102394929181	0.0453858512481	0.719278594085
nut-	0.454867486951	0.545132513049	0.0	0.0
snú-	0.16340522386	0.499736308879	0.298970216782	0.0378882504788
gaá-	0.569065343259	0.293631100083	0.10752688172	0.029776674938
cua-	0.187148233608	0.339933837892	0.0692537555977	0.403664172903
dám-	0.0	1.0	0.0	0.0
raa-	0.157869537996	0.358580227693	0.0692241674674	0.414326066844
chr-	0.228797445375	0.580337455699	0.0783442052666	0.11252089366
sat-	0.0396931824277	0.950061685351	0.0102451322212	0.0
ve'-	0.187627356118	0.585964809414	0.110012168198	0.11639566627
esl-	0.0	1.0	0.0	0.0
ani-	0.222639682832	0.193781117463	0.0058777429467	0.577701456758
evo-	0.2	0.8	0.0	0.0
lot-	0.020725388601	0.860103626943	0.119170984456	0.0
nuj-	0.0497347480106	0.828580901857	0.0288461538461	0.0928381962865
abi-	0.0	1.0	0.0	0.0
ele-	0.0	1.0	0.0	0.0
cag-	0.706829145146	0.187257356905	0.064279524846	0.0416339731037
doc-	0.0587711487088	0.690115761354	0.229741763134	0.0213713268032
cus-	0.611320754717	0.388679245283	0.0	0.0
azo-	0.0142857142857	0.971428571429	0.0142857142857	0.0
x'n-	0.274072789487	0.493402762041	0.0828998447233	0.149624603748
ter-	0.371900826446	0.479338842975	0.0	0.148760330578
raá-	0.262453743239	0.458582408198	0.108169655565	0.170794192997
noj-	0.348837209302	0.418604651163	0.0	0.232558139535
nam-	0.539941813352	0.274556219313	0.0508791831351	0.1346227842
arq-	0.147058823529	0.823529411765	0.0196078431373	0.00980392156863
ale-	0.0718171926007	0.769858541893	0.151795429815	0.00652883569097
sid-	0.00677200902934	0.993227990971	0.0	0.0
oli-	0.00879826104959	0.96946485871	0.0124210744229	0.0093158058172
'ná-	0.553411577482	0.290431668987	0.0626616272131	0.0934951263178
sa’-	0.45	0.55	0.0	0.0
num-	0.718481126168	0.170896497345	0.0798939385741	0.0307284379131
jec-	0.0325203252033	0.967479674797	0.0	0.0
doj-	0.0905305613367	0.118358333947	0.300431934083	0.490679170633
eli-	0.0480036327073	0.901397943628	0.0272453050501	0.0233531186144
xlú-	0.12470771629	0.782540919719	0.00935307872174	0.0833982852689
nay-	0.682543498224	0.223193778582	0.0520418345195	0.0422208886754
nu̱-	0.134583002637	0.181978118429	0.103863239928	0.579575639006
col-	0.0	1.0	0.0	0.0
vit-	0.137433925997	0.84142239308	0.0211436809226	0.0
var-	0.0825509873745	0.909355778569	0.00161864681127	0.00647458724506
uun-	0.125490866312	0.405709703341	0.0590186305389	0.409780799808
ene-	0.0	0.987804878049	0.0121951219512	0.0
díd-	0.035294117647	0.964705882353	0.0	0.0
pan-	0.00806451612905	0.991935483871	0.0	0.0
diá-	0.133187772926	0.575327510917	0.271834061135	0.0196506550218
nim-	0.0730055486855	0.698024112596	0.0561558275774	0.172814511142
uvá-	0.137295967554	0.826285695289	0.0259853949891	0.0104329421673
tor-	0.0	0.984635083227	0.0153649167733	0.0
avi-	0.210836409237	0.463406179414	0.210408822941	0.115348588408
efr-	0.0	1.0	0.0	0.0
ina-	0.217554461438	0.272847736429	0.175804590849	0.333793211284
ruv-	0.249704526603	0.399504156967	0.269191518574	0.0815997978563
cre-	0.0440528634361	0.925110132159	0.00660792951542	0.0242290748899
lat-	0.0	0.981818181818	0.0181818181818	0.0
agü-	0.281105990783	0.529953917051	0.188940092166	0.0
ese-	0.458005662158	0.312110726644	0.155898081158	0.0739855300409
rab-	0.363395225464	0.461538461538	0.0	0.175066312997
ape-	0.0350877192982	0.964912280702	0.0	0.0
'ni-	0.0188998723211	0.922101267606	0.00782032075498	0.0511785393178
ras-	0.114536035072	0.648457285662	0.0265198415116	0.210486837754
dem-	0.0408031088083	0.906735751295	0.0408031088083	0.0116580310881
a'm-	0.543805626623	0.230692216059	0.094526870689	0.130975286629
ber-	0.0504132113444	0.902599163586	0.0306447238835	0.0163429011861
ca̱-	0.550174692538	0.298207708803	0.0607300367084	0.0908875619506
tia-	0.00496712238043	0.990065755239	0.0	0.00496712238043
réé-	0.0908316809575	0.878154362044	0.00213889358613	0.0288750634127
car-	0.526772707083	0.308241590691	0.101971231422	0.0630144708043
ino-	0.256971226201	0.278886430795	0.228783389843	0.235358953161
a̱'-	0.23191183517	0.384283660757	0.139434595113	0.24436990896
xri-	0.270833333333	0.5	0.0416666666667	0.1875
mañ-	0.260416666667	0.302083333333	0.416666666667	0.0208333333333
xií-	0.123610937695	0.587963541016	0.239730303409	0.0486952178799
yuu-	0.0	0.927272727273	0.0727272727272	0.0
le'-	0.139489238023	0.518268810315	0.253642070469	0.0885998811932
se̱-	0.202424357104	0.0807582162823	0.0305295599547	0.686287866659
oné-	0.051724137931	0.931034482759	0.0	0.0172413793103
oxr-	0.512048192771	0.451807228916	0.0180722891566	0.0180722891566
cai-	0.0289371174179	0.920422927101	0.0506399554814	0.0
sod-	0.0142180094787	0.955766192733	0.0118483412322	0.0181674565561
rno-	0.162162162162	0.036036036036	0.027027027027	0.774774774775
har-	0.181338028169	0.802230046949	0.0164319248826	0.0
can-	0.588228556527	0.23006813712	0.0498668046498	0.131836501704
zab-	0.0	1.0	0.0	0.0
si̱-	0.13559338184	0.36566852912	0.0152948205947	0.483443268445
nav-	0.43689718606	0.290946801363	0.0944742137258	0.17768179885
óni-	0.0	0.829113924051	0.170886075949	0.0
sio-	0.0127659574468	0.942553191489	0.031914893617	0.0127659574468
fue-	0.667538864091	0.227797444975	0.0609512082499	0.0437124826843
vi̱-	0.0602908964144	0.0872789161716	0.13605215604	0.716378031374
abr-	0.0751424265814	0.907288565443	0.0158782666226	0.00169074135333
met-	0.0383141762452	0.70625798212	0.0595998297148	0.19582801192
sa̱-	0.14145604278	0.241132695503	0.418584884719	0.198826376997
daa-	0.0739219712525	0.852156057495	0.0287474332649	0.0451745379877
'yá-	0.536021192738	0.230804850208	0.0682733518555	0.164900605199
mna-	0.0333333333333	0.933333333333	0.0333333333333	0.0
nef-	0.0	0.972727272727	0.0272727272727	0.0
xe'-	0.124640545044	0.046482134167	0.112076211824	0.716801108965
ces-	0.0321147933037	0.944994875299	0.0167406901264	0.00614964127092
rej-	0.0466258953908	0.277269638075	0.00171056196101	0.674393904574
gól-	0.0091533180778	0.990846681922	0.0	0.0
gáá-	0.787804878049	0.193902439024	0.0146341463414	0.00365853658536
ruc-	0.119737837157	0.834887824553	0.035291152004	0.0100831862869
cob-	0.046332046332	0.861003861004	0.0926640926641	0.0
mat-	0.0267002150867	0.962493952183	0.00698313317653	0.00382269955402
a̱j-	0.653599263894	0.0644327839637	0.023372728704	0.258595223439
nit-	0.714285714286	0.25	0.0357142857143	0.0
stu-	0.0882352941177	0.867647058823	0.0	0.0441176470588
sih-	0.12122119126	0.230469919186	0.637533672553	0.0107752170009
tró-	0.0119760479042	0.964071856287	0.0119760479042	0.0119760479042
ru'-	0.140404316182	0.32101015779	0.475118556225	0.0634669698035
ve̱-	0.087431693989	0.781420765027	0.0819672131147	0.0491803278688
a'v-	0.404367667131	0.322763431817	0.18256517723	0.0903037238223
par-	0.0220588235294	0.977941176471	0.0	0.0
too-	0.117125110914	0.69653948536	0.186335403727	0.0
jul-	0.0733944954129	0.834862385321	0.0	0.0917431192661
cop-	0.350746268657	0.291044776119	0.0	0.358208955224
to̱-	0.0128617363344	0.942122186495	0.0450160771704	0.0
nah-	0.753863337624	0.129483957529	0.0298306192918	0.0868220855552
u̱u-	0.239900608342	0.21323226513	0.141071031442	0.405796095086
utz-	0.198597386038	0.655828286048	0.145574327914	0.0
ane-	0.309159924083	0.622715013485	0.0299670362601	0.0381580261712
feb-	0.228571428571	0.771428571429	0.0	0.0
le̱-	0.0277777777778	0.944444444444	0.0277777777778	0.0
amé-	0.0	0.19313304721	0.0257510729614	0.781115879828
tre-	0.0789473684211	0.710526315789	0.0	0.210526315789
gay-	0.031746031746	0.968253968254	0.0	0.0
xcá-	0.0914214151534	0.904821540388	0.0	0.00375704445836
'e̱-	0.345256690956	0.521416936421	0.0842058382187	0.049120534405
gob-	0.0584667788232	0.917855733483	0.0137080191912	0.0099694685027
uno-	0.717198628272	0.171650376303	0.0657761853325	0.0453748100921
dan-	0.105416244941	0.0619396762316	0.00535842870113	0.827285650126
su̱-	0.268907563025	0.27731092437	0.361344537815	0.0924369747899
apó-	0.121728122233	0.821555061212	0.027173873274	0.0295429432813
tio-	0.0239808153477	0.928057553957	0.0239808153477	0.0239808153477
ser-	0.0589427842018	0.93655203484	0.00450518095811	0.0
va̱-	0.232673873968	0.14373189486	0.046572108672	0.5770221225
mis-	0.0564074061065	0.931935063298	0.00940123435106	0.00225629624426
elm-	0.0	1.0	0.0	0.0
cu̱-	0.37472720981	0.405790393413	0.12078465089	0.0986977458872
ran-	0.226036410405	0.35095402226	0.322293258263	0.100716309072
nac-	0.449377231596	0.257977657628	0.247275773067	0.0453693377095
tza-	0.0510519852929	0.0233710246483	0.00919936934828	0.916377620711
agr-	0.0474327628362	0.923227383863	0.0220048899755	0.00733496332519
yoó-	0.2	0.8	0.0	0.0
gre-	0.221418234443	0.709117221418	0.0520984081042	0.0173661360347
sos-	0.0	1.0	0.0	0.0
don-	0.402204063273	0.374390883874	0.0539770597496	0.169427993103
níc-	0.14043932301	0.160244868563	0.607850198056	0.0914656103709
fél-	0.15034965035	0.788711288711	0.0344655344656	0.0264735264735
raj-	0.0868519940574	0.0503071605672	0.0127949626	0.850045882775
bit-	0.0181818181818	0.981818181818	0.0	0.0
uri-	0.629300118624	0.176241315031	0.0482968988307	0.146161667514
xrá-	0.295550001815	0.127766553501	0.039845980688	0.536837463996
náj-	0.392086330935	0.482014388489	0.104316546762	0.0215827338129
cef-	0.218905472637	0.691542288557	0.0	0.089552238806
mo̱-	0.0403768506056	0.326940331987	0.58221175415	0.0504710632571
efe-	0.0554357868802	0.872189713582	0.0101632275947	0.0622112719433
utu-	0.28349944629	0.399778516058	0.263565891473	0.0531561461794
esa-	0.112183353438	0.739445114596	0.137515078408	0.0108564535585
síí-	0.0055686464449	0.0716816881875	0.00107241996968	0.921677245398
xo'-	0.27907398196	0.439390723891	0.0597696829863	0.221765611162
mag-	0.0294685419375	0.95926407438	0.00260016546508	0.00866721821692
aug-	0.16	0.826666666667	0.0133333333333	0.0
cri-	0.218057684269	0.682736519437	0.0685523199108	0.0306534763829
ama-	0.361929372124	0.390725466413	0.0761899287233	0.171155232739
xtâ-	0.0440148087207	0.939942410531	0.00863842040312	0.00740436034554
riq-	0.0625	0.90625	0.03125	0.0
tuv-	0.120683577552	0.28569127739	0.0942622136544	0.499362931404
fri-	0.05	0.872222222222	0.0666666666667	0.0111111111111
reg-	0.0740740740741	0.925925925926	0.0	0.0
go̱-	0.659488023029	0.177378431171	0.0502107535725	0.112922792228
pla-	0.00676946220383	0.895449417074	0.088755171117	0.00902594960512
mac-	0.0428010466692	0.918538386488	0.0328687216226	0.00579184521983
ico-	0.0249397761088	0.27490435029	0.0093524160408	0.69080345756
bet-	0.0248743053718	0.957660756814	0.00158772161948	0.0158772161948
xcó-	0.554931160438	0.237496487777	0.095708064063	0.111864287721
pér-	0.129411764706	0.870588235294	0.0	0.0
cuú-	0.439698492462	0.454773869347	0.0703517587939	0.0351758793969
sal-	0.0721943731562	0.894706545463	0.0122322692059	0.0208668121747
asu-	0.306972751138	0.171428146075	0.0399477949314	0.481651307856
o̱n-	0.570175438597	0.324561403509	0.0263157894737	0.078947368421
nih-	0.210722781813	0.102802493305	0.0604458003311	0.626028924551
neá-	0.0377358490566	0.962264150943	0.0	0.0
sac-	0.0518326545723	0.89818585709	0.0499814883377	0.0
gab-	0.0	0.813953488372	0.186046511628	0.0
cam-	0.256589490913	0.651276980257	0.0555801820847	0.0365533467453
yan-	0.222548476088	0.531943363947	0.065394136925	0.18011402304
'u̱-	0.0376406805143	0.02572540538	0.00287176640438	0.933762147701
rác-	0.392857142857	0.0595238095238	0.0	0.547619047619
mix-	0.380200554726	0.338169404737	0.253467036484	0.0281630040537
rug-	0.482084690554	0.236389018148	0.105630525826	0.175895765472
min-	0.133276230785	0.826489435393	0.0100585834555	0.0301757503664
vij-	0.594059405941	0.29702970297	0.059405940594	0.0495049504951
est-	0.109487078874	0.663132597518	0.0166230599302	0.210757263678
ren-	0.348899624262	0.100069013113	0.467755540219	0.0832758224063
ro'-	0.194256939331	0.0540785485274	0.0355578240528	0.716106688089
ri̱-	0.549549908388	0.281367003903	0.1175017924	0.0515812953079
nee-	0.0339066149026	0.891266977639	0.0599838725586	0.0148425349002
tab-	0.0324675324675	0.954545454545	0.0	0.012987012987
rcu-	0.3829829706	0.514641010574	0.0160856652581	0.0862903535679
naz-	0.023482446871	0.959140542445	0.00352236703064	0.0138546436539
gal-	0.0165284540087	0.962744742382	0.0142458561678	0.00648094744115
caâ-	0.260112841022	0.554160065423	0.164372333517	0.0213547600383
cui-	0.641523251556	0.26400585866	0.0703039179787	0.0241669718052
rmi-	0.130375166295	0.609222715845	0.237991374989	0.0224107428708
cav-	0.390368256774	0.237800063099	0.125706835582	0.246124844546
vaa-	0.348081700379	0.0220577662608	0.00372257540821	0.626137957952
xre-	0.10285180017	0.858574521056	0.0289558753468	0.00961780342726
ro̱-	0.0754094889741	0.0636983222394	0.00507653882029	0.855815649966
yuv-	0.0510831671149	0.626739390821	0.0381260564464	0.284051385617
sno-	0.169931750594	0.676310966261	0.0918550003209	0.0619022828249
xi̱-	0.0764985756889	0.642215723278	0.252219829809	0.0290658712236
mer-	0.12962962963	0.792592592593	0.0592592592593	0.0185185185185
vaj-	0.406719703163	0.24653638136	0.0891453367713	0.257598578706
xco-	0.339270393009	0.326821014979	0.133245157919	0.200663434093
mei-	0.319106152875	0.298688630285	0.176011749249	0.20619346759
cu'-	0.338160387163	0.0462882486042	0.00433770797985	0.611213656253
xíj-	0.280373831776	0.700934579439	0.00934579439252	0.00934579439253
toc-	0.308578685223	0.499773601403	0.0242272521456	0.167420461229
cax-	0.56009610796	0.231008108148	0.113081032326	0.0958147515665
ged-	0.0754716981132	0.924528301887	0.0	0.0
ché-	0.55659410908	0.190947298638	0.0693014075332	0.183157184749
one-	0.059891107078	0.91833030853	0.010889292196	0.010889292196
daj-	0.162175003056	0.141054591291	0.0801828891134	0.61658751654
tió-	0.358783618082	0.430066214338	0.169950134881	0.0412000326984
aan-	0.248484993653	0.725358691226	0.0	0.0261563151213
gog-	0.111731843575	0.854748603352	0.0335195530726	0.0
saf-	0.0	1.0	0.0	0.0
unu-	0.259900177688	0.531299161357	0.0771302783028	0.131670382652
sil-	0.0352512706221	0.941646508847	0.01223058734	0.0108716331911
pri-	0.013816925734	0.986183074266	0.0	0.0
jas-	0.0430711610487	0.941947565543	0.0149812734082	0.0
ri'-	0.447168647628	0.416864389658	0.0615616375995	0.0744053251141
tom-	0.0412757973734	0.941838649156	0.0	0.0168855534709
him-	0.0	0.892857142857	0.0	0.107142857143
gra-	0.277467505453	0.682946508491	0.0342910452465	0.00529494081013
rei-	0.00990099009901	0.990099009901	0.0	0.0
egi-	0.0356855649377	0.882086851628	0.0731805388018	0.00904704463209
sau-	0.100145697635	0.854709461776	0.0182122043195	0.0269326362701
sín-	0.0	1.0	0.0	0.0
teó-	0.0859375	0.6875	0.1953125	0.03125
esm-	0.113636363636	0.715909090909	0.161157024793	0.00929752066116
sag-	0.170915812455	0.815159450061	0.0070313030856	0.00689343439765
tro-	0.0329972502291	0.961503208066	0.0	0.00549954170486
naq-	0.38090204357	0.408797767203	0.0803259600148	0.129974229212
ela-	0.0	1.0	0.0	0.0
re'-	0.283230306436	0.683448481042	0.016660606261	0.016660606261
jam-	0.165644171779	0.754601226994	0.0552147239264	0.0245398773006
nag-	0.63194490208	0.245375020129	0.0585702783386	0.0641097994525
xnu-	0.0586721564591	0.0746268656716	0.0802882141019	0.786412763767
fla-	0.0833333333333	0.75	0.166666666667	0.0
itu-	0.303396331895	0.570123377181	0.100617577789	0.0258627131356
nán-	0.394849785408	0.565910484365	0.0	0.0392397302269
tár-	0.0759493670886	0.924050632911	0.0	0.0
fen-	0.113333333333	0.813333333333	0.0	0.0733333333334
táá-	0.305293377234	0.131644763262	0.0750650382717	0.487996821233
que-	0.675487507231	0.0827049812391	0.174402536282	0.067404975248
tir-	0.414210956664	0.528634505315	0.0305805396566	0.0265739983647
man-	0.0339616882809	0.0338690382693	0.00213854394049	0.930030729509
rob-	0.0	1.0	0.0	0.0
fle-	0.0	1.0	0.0	0.0
ceb-	0.0377358490566	0.962264150943	0.0	0.0
rnu-	0.530660377359	0.382075471698	0.0424528301887	0.0448113207547
uru-	0.697819314642	0.1246105919	0.11214953271	0.0654205607477
caa-	0.256209210617	0.718884763508	0.0110693448331	0.0138366810414
xoo-	0.358219542472	0.620500088668	0.0	0.0212803688597
yum-	0.211267605634	0.746478873239	0.0	0.0422535211268
squ-	0.111061386699	0.839673195864	0.042839493423	0.00642592401346
güe-	0.431898734177	0.376202531646	0.0729113924051	0.118987341772
com-	0.0	1.0	0.0	0.0
laz-	0.238095238095	0.656084656085	0.0529100529101	0.0529100529101
job-	0.0294117647059	0.882352941176	0.0882352941176	0.0
rá'-	0.326880774307	0.477342718874	0.11878574571	0.0769907611087
ése-	0.27808500553	0.469637120135	0.0984884394586	0.153789434877
'an-	0.573922372326	0.30034808263	0.0416533050358	0.084076240008
aqu-	0.0	1.0	0.0	0.0
tuc-	0.242031787323	0.606656516409	0.086195850145	0.0651158461232
dru-	0.025974025974	0.909090909091	0.0649350649351	0.0
rsu-	0.197802197802	0.521978021978	0.181318681319	0.0989010989011
xca-	0.544585199205	0.226990012958	0.0729731170754	0.155451670762
leb-	0.0	0.920529801325	0.0397350993377	0.0397350993377
rij-	0.739130434783	0.260869565217	0.0	0.0
tic-	0.644002572139	0.311483853288	0.0211463456787	0.0233672288939
ano-	0.125254582485	0.5366598778	0.295315682281	0.0427698574338
yaj-	0.576978395251	0.244308097191	0.0748209804761	0.103892527082
pas-	0.010236955409	0.970674133622	0.00313130400747	0.0159576069611
sun-	0.29291779173	0.320439832135	0.06473860568	0.321903770454
las-	0.181818181818	0.818181818182	0.0	0.0
rin-	0.0	0.55	0.45	0.0
coj-	0.207508689459	0.713902021807	0.0275921146304	0.0509971741035
vin-	0.00303853238886	0.993163302125	0.00265871584025	0.00113944964582
esp-	0.131531274572	0.844995451812	0.00971307873761	0.0137601948783
hor-	0.243144424132	0.614259597806	0.142595978062	0.0
a'n-	0.395375093688	0.479196290209	0.0656980120141	0.059730604089
go'-	0.745294840591	0.14734800106	0.0571125623539	0.0502445959949
arf-	0.0	1.0	0.0	0.0
cle-	0.0437158469945	0.912568306011	0.0109289617486	0.0327868852459
reb-	0.16	0.792	0.0	0.048
tíq-	0.0533333333333	0.926666666667	0.0	0.02
bar-	0.0988602847468	0.831955722244	0.0291301023195	0.0400538906893
nuc-	0.202860339813	0.388565715955	0.257882163575	0.150691780657
rnú-	0.447632711621	0.460545193687	0.051649928264	0.0401721664276
zeb-	0.0109213105573	0.978997479698	0.0100812097452	0.0
pis-	0.0655737704918	0.934426229508	0.0	0.0
amó-	0.0	1.0	0.0	0.0
xra-	0.313840091406	0.44664364388	0.0940281070795	0.145488157634
his-	0.0168067226891	0.899159663866	0.0672268907563	0.0168067226891
anf-	0.0740740740741	0.925925925926	0.0	0.0
da̱-	0.139667393118	0.123315981652	0.0354714872011	0.701545138028
fan-	0.0	1.0	0.0	0.0
quí-	0.0	0.962025316456	0.0379746835443	0.0
heb-	0.0693160261993	0.881649745285	0.0347176654458	0.0143165630704
nín-	0.132565296299	0.867434703701	0.0	0.0
tu'-	0.215758303625	0.359265378866	0.0954679784978	0.329508339011
caj-	0.0	0.870967741935	0.129032258065	0.0
sed-	0.20207253886	0.279792746114	0.518134715026	0.0
yá'-	0.445063516826	0.220637396924	0.307555159349	0.0267439268999
sa'-	0.211955272607	0.684138788273	0.0588119622839	0.0450939768367
cun-	0.431102976178	0.21429002607	0.0590020230063	0.295604974746
rub-	0.0	1.0	0.0	0.0
unó-	0.464291577738	0.357850380343	0.0623871285503	0.115470913369
fes-	0.103132938188	0.866045723963	0.018966977138	0.0118543607113
xuu-	0.439393939394	0.439393939394	0.121212121212	0.0
di̱-	0.341545352744	0.161254199328	0.15117581187	0.346024636058
atú-	0.514654610073	0.301797242279	0.0621949299323	0.121353217716
cox-	0.715265082267	0.213436928702	0.0164533820841	0.054844606947
dav-	0.0108453093485	0.969796902097	0.00166134866802	0.017696439886
sev-	0.0180722891566	0.981927710843	0.0	0.0
pát-	0.0	1.0	0.0	0.0
jop-	0.01875	0.956875	0.013125	0.01125
acó-	0.132346662872	0.697808453109	0.132488971111	0.0373559129073
tan-	0.304205761391	0.455266822352	0.0417379090762	0.19878950718
'un-	0.30196801968	0.571955719557	0.0369003690037	0.0891758917588
ya̱-	0.192496402943	0.279819174712	0.146203550497	0.381480871847
cas-	0.0088137983403	0.941178065846	0.0488148831155	0.00119325269838
ema-	0.15455950541	0.768160741886	0.0463678516228	0.0309119010819
aga-	0.124684626228	0.700168486095	0.0884078862799	0.0867390013973
mos-	0.0230858022316	0.862639476722	0.114274721047	0.0
tzí-	0.490740740741	0.361111111111	0.148148148148	0.0
e̱'-	0.0997624703088	0.465558194774	0.434679334917	0.0
caí-	0.0586206896552	0.931034482759	0.0103448275862	0.0
tu̱-	0.462110843145	0.336121101345	0.0971670296085	0.104601025901
scu-	0.0947785628123	0.39232580849	0.47153771038	0.0413579183181
rot-	0.616822429907	0.364485981308	0.0	0.018691588785
yâj-	0.143599419988	0.787617117787	0.0351353361095	0.0336481261154
bue-	0.0416666666667	0.916666666667	0.0416666666666	0.0
sur-	0.0968967701076	0.5497150095	0.151994933502	0.20139328689
'nu-	0.659238625812	0.340761374188	0.0	0.0
bel-	0.0305449496702	0.950711558487	0.00416522040958	0.0145782714335
i'n-	0.351073197396	0.476637900095	0.163863223512	0.00842567899599
naá-	0.216437662836	0.427421115216	0.0959603620749	0.260180859872
act-	0.588235294118	0.411764705882	0.0	0.0
yiq-	0.255660456178	0.616509315732	0.127830228089	0.0
mej-	0.66282104497	0.131555230823	0.0146271983442	0.190996525863
ant-	0.0857940604112	0.880185039068	0.0199521070724	0.0140687934485
rey-	0.029205571238	0.929157489841	0.0255684461954	0.0160684927258
dia-	0.00844277673546	0.980300187617	0.0112570356473	0.0
yaa-	0.292903837913	0.465829927523	0.241266234564	0.0
luc-	0.00778210116731	0.968871595331	0.0155642023347	0.00778210116733
xto-	0.0769230769231	0.876923076923	0.0461538461539	0.0
nií-	0.002079002079	0.997920997921	0.0	0.0
aya-	0.631216526396	0.260137719969	0.0856924254017	0.0229533282326
sar-	0.118522699213	0.800610250802	0.0500017637307	0.0308652862535
lao-	0.0	0.986005597761	0.0111955217913	0.00279888044782
bee-	0.110539845758	0.884318766067	0.00514138817482	0.0
teu-	0.298969072165	0.618556701031	0.0	0.0824742268041
unô-	0.575950718185	0.240614802842	0.090116190418	0.0933182885547
co'-	0.573500864423	0.368150255941	0.0427600899038	0.015588789733
cen-	0.0392156862745	0.941176470588	0.0	0.0196078431373
put-	0.284246575342	0.623287671233	0.0	0.0924657534246
tin-	0.118981534562	0.685480550652	0.0635333798526	0.132004534934
gaz-	0.0	0.892857142857	0.0357142857143	0.0714285714286
art-	0.135593220339	0.864406779661	0.0	0.0
co̱-	0.417503586801	0.448676144515	0.016434068084	0.1173862006
axr-	0.417368844477	0.38213998391	0.111572172587	0.0889189990261
bal-	0.0419580419581	0.958041958042	0.0	0.0
apo-	0.134029441972	0.830023964396	0.00616227319411	0.0297843204382
efa-	0.0285714285714	0.971428571429	0.0	0.0
eva-	0.177777777778	0.792592592593	0.0296296296296	0.0
sad-	0.046008583691	0.857339055794	0.0103004291845	0.0863519313305
pub-	0.0970149253731	0.776119402985	0.0223880597015	0.10447761194
ruú-	0.456090651558	0.390934844193	0.0934844192634	0.0594900849858
top-	0.0	0.984042553191	0.0159574468085	0.0
nes-	0.67816091954	0.172413793103	0.0689655172414	0.0804597701149
rii-	0.477414399287	0.32572869721	0.0680811236108	0.128775779892
tun-	0.436224489796	0.288265306122	0.260204081633	0.015306122449
isc-	0.0123529411765	0.984117647059	0.0	0.00352941176471
eur-	0.0143540669856	0.861244019139	0.0956937799043	0.0287081339713
asó-	0.0983606557376	0.852459016393	0.0	0.0491803278689
sta-	0.183042789223	0.653182083577	0.1637751272	0.0
amp-	0.0	1.0	0.0	0.0
lu̱-	0.0924419630333	0.816439927004	0.0824129264744	0.00870518348849
set-	0.13535735167	0.756898545935	0.0541778941481	0.0535662082464
snó-	0.0431424321959	0.889497007168	0.0239989631516	0.0433615974844
esc-	0.0166666666667	0.983333333333	0.0	0.0
cux-	0.760280697237	0.202056944199	0.0164169255283	0.0212454330367
cés-	0.0825110224648	0.904052068024	0.0125971026664	0.000839806844426
cut-	0.611336959239	0.263155504968	0.0417671509785	0.083740384814
tzi-	0.181041936878	0.146454820579	0.477590430898	0.194912811644
rom-	0.0577032595222	0.700596294932	0.221449867676	0.0202505778701
tug-	0.320145116024	0.597029228558	0.0499691970703	0.0328564583476
ti'-	0.153185129834	0.700915374556	0.0730431533719	0.072856342238
cán-	0.2015625	0.034375	0.7453125	0.01875
gó'-	0.442786069652	0.517412935323	0.0398009950249	0.0
niq-	0.0784595677442	0.360337195295	0.506920895333	0.0542823416281
era-	0.0359281437125	0.952095808383	0.0	0.0119760479042
sus-	0.0487804878049	0.926829268293	0.0243902439024	0.0
jes-	0.00998321566745	0.684236351269	0.00360687649769	0.302173556565
bro-	0.193965517241	0.547413793103	0.258620689655	0.0
to'-	0.21702654428	0.660639504719	0.0672461774671	0.0550877735338
bla-	0.348321527564	0.413535571297	0.1212657838	0.116877117339
yat-	0.188422244492	0.733334200971	0.037377825787	0.0408657287505
con-	0.618961625282	0.208577878104	0.0325056433409	0.139954853273
daá-	0.165731819577	0.753936790427	0.0373734274317	0.0429579625652
va'-	0.0211976932755	0.0538157028168	0.271431190509	0.653555413398
get-	0.0	1.0	0.0	0.0
sam-	0.0954056680747	0.849937271592	0.0223131819338	0.0323438783995
yu̱-	0.295124968012	0.402755267423	0.170540817197	0.131578947368
jua-	0.0468652280128	0.909129818525	0.0128223292298	0.0311826242322
lit-	0.0350877192982	0.842105263158	0.078947368421	0.0438596491228
osó-	0.093023255814	0.720930232558	0.186046511628	0.0
yun-	0.187022900763	0.746819338422	0.030534351145	0.0356234096692
adr-	0.253012048193	0.670682730924	0.0522088353414	0.0240963855421
noé-	0.00999333777481	0.990006662225	0.0	0.0
inc-	0.0	1.0	0.0	0.0
rut-	0.314543404735	0.659526493799	0.0124013528749	0.0135287485908
uná-	0.537920400887	0.424496482606	0.00867302688638	0.0289100896213
ruf-	0.0	0.943925233645	0.0560747663551	0.0
u̱n-	0.199614271938	0.300867888139	0.459016393443	0.0405014464802
lib-	0.162140251317	0.777057154439	0.0291852452371	0.0316173490069
tig-	0.461260581226	0.467029708309	0.0339677575888	0.0377419528765
may-	0.0766075988549	0.760891433877	0.106786349919	0.0557146173489
uta-	0.564947663533	0.363071505486	0.0254649166206	0.0465159143603
yuc-	0.337209302326	0.476744186047	0.139534883721	0.046511627907
cap-	0.0885887035053	0.852384050207	0.0301354660952	0.0288917801929
ned-	0.615598885794	0.292479108635	0.016713091922	0.0752089136491
cuj-	0.313432835821	0.567164179105	0.119402985075	0.0
anó-	0.350650640707	0.277341809874	0.263236316678	0.108771232741
gam-	0.254448398576	0.708185053381	0.0213523131673	0.0160142348755
gri-	0.047689070304	0.383845042213	0.544481910605	0.023983976878
xno-	0.0686350285979	0.375483073118	0.541041892101	0.0148400061834
ara-	0.328559577348	0.483683906039	0.108061716806	0.0796947998078
gad-	0.0219619326501	0.952415812592	0.00732064421669	0.0183016105417
sem-	0.0677478720957	0.874166091557	0.0334713595583	0.0246146767886
cla-	0.051724137931	0.923645320197	0.0147783251232	0.00985221674876
te̱-	0.262648809524	0.435267857143	0.275297619048	0.0267857142857
ado-	0.338163597672	0.0540807901497	0.00376915670549	0.603986455473
xlá-	0.082373003511	0.891208654882	0.0204281362427	0.0059902053644
xná-	0.727108228103	0.0617168861854	0.00189680407331	0.209278081639
amá-	0.42550739828	0.532887571284	0.030260897215	0.0113441332215
ose-	0.0579710144928	0.826086956522	0.115942028986	0.0
ram-	0.355432462062	0.519120786622	0.125446751316	0.0
jot-	0.0	1.0	0.0	0.0
orá-	0.0591745905212	0.72732186227	0.0412332643589	0.17227028285
taj-	0.260114567826	0.0770419776022	0.00442193467935	0.658421519893
gni-	0.149253731343	0.731343283582	0.0298507462687	0.089552238806
luj-	0.0192926045016	0.894962486602	0.0825294748124	0.0032154340836
síj-	0.282369341944	0.193846197616	0.192850436712	0.330934023728
tax-	0.0278959810875	0.334278959811	0.14609929078	0.491725768322
den-	0.06783476341	0.740631786962	0.147070327393	0.0444631222351
ta̱-	0.464381131379	0.192510474796	0.0377275106676	0.305380883158
nuv-	0.134112341585	0.352255518678	0.114025344668	0.399606795069
eun-	0.135353954744	0.792678707356	0.0581274652273	0.0138398726732
cay-	0.507412532755	0.266532553573	0.0336778691058	0.192377044566
cuc-	0.605357138397	0.249974541316	0.0866125682453	0.0580557520414
aba-	0.0	1.0	0.0	0.0
