-cas	0.0367496937525	0.930583911801	0.0081665986117	0.024499795835
-iva	0.250681770505	0.566813509545	0.0566393958464	0.125865324103
-ive	0.0238138437811	0.976186156219	0.0	0.0
-rbe	0.0291576673866	0.95788336933	0.0	0.0129589632829
-caz	0.0	1.0	0.0	0.0
-ivo	0.214555100878	0.490742857379	0.0624664742385	0.232235567505
-ija	0.297684326798	0.296358487686	0.0437269629022	0.362230222614
-oyo	0.249089037145	0.468189301789	0.0737694537241	0.208952207342
-jru	0.0935643273133	0.102388375787	0.715659744691	0.0883875522089
-oyu	0.0190742624619	0.862580535775	0.114530349271	0.00381485249237
-nso	0.0	1.0	0.0	0.0
-jro	0.435015142728	0.396932792061	0.0651674291728	0.102884636037
-nsi	0.355486623353	0.291737905655	0.0621203979613	0.29065507303
-jra	0.157913431783	0.550400380699	0.207996326866	0.0836898606523
-ufo	0.0	1.0	0.0	0.0
-aum	0.0411830774991	0.934107076001	0.00786222388619	0.0168476226133
-jre	0.428889051369	0.406218667447	0.0158439007022	0.149048380482
-nti	0.0893071287478	0.786170067292	0.0339587600671	0.0905640438933
-nto	0.0125725662649	0.897338007964	0.0383377800421	0.0517516457291
-nta	0.0190142341752	0.0836185782626	0.0102921084068	0.887075079155
-nte	0.0241708070364	0.641197797771	0.0	0.334631395193
-uan	0.0920383572561	0.842863454059	0.0134700842855	0.0516281043996
-svo	0.263931185553	0.567238339478	0.0593043757012	0.109526099268
-yre	0.416214577907	0.310267986834	0.0838927025528	0.189624732706
-ntu	0.258823529412	0.432941176471	0.110588235294	0.197647058824
-lta	0.0	1.0	0.0	0.0
-pra	0.124418215769	0.6623630891	0.0279047406705	0.185313954461
-vcu	0.810955961332	0.0687432867884	0.0515574650913	0.0687432867884
-cre	0.200980876914	0.384798514221	0.233835481763	0.180385127101
-pre	0.00502512562816	0.994974874372	0.0	0.0
-car	0.0	1.0	0.0	0.0
-eñi	0.40738675206	0.100642847719	0.0377792969453	0.454191103275
-opu	0.0501311811816	0.100916546733	0.827019880319	0.0219323917669
-más	0.0648148148148	0.898148148148	0.0	0.037037037037
-aré	0.0	1.0	0.0	0.0
-'io	0.577801123278	0.342195644268	0.0266677441513	0.0533354883025
-opo	0.431531164501	0.118229253122	0.0303426447801	0.419896937596
-pru	0.371131528046	0.0955029013539	0.119680851064	0.413684719536
-opi	0.305492039666	0.381700456799	0.0894477783272	0.223359725207
-tín	0.0	0.803149606299	0.173228346457	0.0236220472441
-mán	0.0429777436685	0.656178050652	0.300844205679	0.0
-ope	0.151323762469	0.313795407228	0.29419533265	0.240685497654
-vco	0.443143484145	0.232090750985	0.0667586625804	0.25800710229
-opa	0.513103230509	0.263145913536	0.037909871804	0.185840984151
-dea	0.00826699326394	0.97718922229	0.00413349663197	0.0104102878138
-dec	0.0954308849046	0.894158473106	0.00694042799307	0.00347021399653
-mse	0.0573802163833	0.92986862442	0.0	0.0127511591963
-jgi	0.103287825331	0.817456665133	0.0700516439127	0.00920386562355
-deo	0.00181598062954	0.994552058111	0.0	0.00363196125909
-ima	0.0667357132119	0.778160132302	0.104989726542	0.0501144279438
-des	0.0468646651717	0.890702889316	0.035329988546	0.0271024569668
-ivi	0.253962396576	0.677813111635	0.0354291254689	0.0327953663204
-aús	0.229385307346	0.734632683658	0.0359820089955	0.0
-imo	0.118828870214	0.790850379658	0.0502607614776	0.0400599886508
-yma	0.22480620155	0.352713178295	0.267441860465	0.15503875969
-aúl	0.337078651685	0.641853932584	0.0210674157303	0.0
-eco	0.320417655584	0.383909549803	0.0333361274574	0.262336667156
-obo	0.0	0.980079681275	0.00191235059761	0.0180079681275
-rpo	0.0	0.9375	0.0	0.0625
-rpa	0.0622802611752	0.915955131425	0.0217646074	0.0
-eca	0.362877328195	0.560051380861	0.0770712909441	0.0
-llo	0.00983694518138	0.990163054819	0.0	0.0
-ida	0.0415171706817	0.948231676064	0.00256278831368	0.00768836494107
-bia	0.0	1.0	0.0	0.0
-ecu	0.112389093888	0.406245038202	0.0517932335364	0.429572634373
-ter	0.00478468899521	0.971291866029	0.0143540669856	0.00956937799043
-uta	0.0	1.0	0.0	0.0
-ria	0.0230261034238	0.90359164174	0.00968387527168	0.0636983795648
-rio	0.0861815951076	0.724125220009	0.0098359429199	0.179857241964
-uti	0.144123754813	0.0971605866322	0.0165671707453	0.742148487809
-uto	0.532496638279	0.334379202151	0.0887494397131	0.0443747198565
-a'u	0.171739357808	0.310671826517	0.451975037479	0.0656137781961
-ejo	0.09375	0.90625	0.0	0.0
-tea	0.0	1.0	0.0	0.0
-a'i	0.276816648169	0.418707448467	0.132789093043	0.171686810321
-gra	0.0381840450387	0.920750095203	0.0410658597585	0.0
-a'o	0.16087064772	0.56381979323	0.0873707982459	0.187938760804
-ris	0.0789473684212	0.921052631579	0.0	0.0
-utu	0.054858371117	0.22429308039	0.0290124848212	0.691836063671
-mja	0.485172981878	0.152388797364	0.183964854475	0.178473366282
-a'a	0.342564286999	0.51897140802	0.0845171731703	0.0539471318108
-a'e	0.339524385576	0.411473183406	0.117675278742	0.131327152276
-teo	0.0213805742211	0.944003257992	0.00549786194258	0.029118305844
-lux	0.0567375886524	0.914893617021	0.0283687943262	0.0
-are	0.251665600379	0.506420075935	0.0363507284035	0.205563595282
-e'e	0.11519671498	0.0412623998302	0.0105158531614	0.833025032028
-ara	0.129251949764	0.712936179561	0.0483321738493	0.109479696825
-e'a	0.495644142199	0.252798534557	0.0557092815885	0.195848041655
-e'o	0.489863177657	0.313871292608	0.075699358816	0.120566170919
-aro	0.128535424251	0.723046765612	0.0327639316718	0.115653878465
-ari	0.0847426521192	0.818640630592	0.0297310441653	0.0668856731237
-e'i	0.375869118991	0.228255664213	0.039415540383	0.356459676414
-g'a	0.0747918015742	0.901611715658	0.0114154075925	0.012181075175
-aru	0.242281358345	0.460600923013	0.134251877023	0.162865841618
-g'e	0.0557968380458	0.699100879507	0.028228367142	0.216873915305
-mec	0.0	1.0	0.0	0.0
-meo	0.0	1.0	0.0	0.0
-mei	0.0	1.0	0.0	0.0
-g'o	0.55	0.45	0.0	0.0
-mru	0.519552118099	0.323968288321	0.0615951521227	0.0948844414576
-aya	0.0468803273099	0.889191953631	0.0191783157177	0.0447494033413
-ayo	0.277218470397	0.483592736517	0.0632202755294	0.175968517557
-tyo	0.53488372093	0.205198358413	0.259917920657	0.0
-ayu	0.0122511485452	0.978560490046	0.0	0.0091883614089
-bás	0.0256288561936	0.940199335548	0.0284765068818	0.00569530137637
-p'a	0.33948807354	0.529043505825	0.0965211189477	0.0349473016879
-cti	0.218199441454	0.168566870648	0.0722512336891	0.540982454209
-p'e	0.907341132598	0.0673964692791	0.00842079937444	0.0168415987489
-ypo	0.373983739837	0.382113821138	0.146341463415	0.0975609756097
-aón	0.385135135135	0.594594594595	0.0202702702703	0.0
-p'o	0.525641025641	0.378205128205	0.0	0.0961538461538
-sra	0.199728775553	0.423214369101	0.0562838487358	0.32077300661
-dán	0.0212829736211	0.971522781775	0.0	0.00719424460431
-xad	0.0	1.0	0.0	0.0
-[1]	0.825	0.0	0.0	0.175
-tji	0.335190233244	0.172806049519	0.177849898092	0.314153819144
-umu	0.0198915009041	0.925858951175	0.0542495479204	0.0
-ota	0.0	1.0	0.0	0.0
-'ma	0.111745504902	0.0166287953723	0.0121330102138	0.859492689512
-ote	0.023550931748	0.944609580428	0.00114324911398	0.0306962387104
-oti	0.522873479552	0.353871902429	0.019320424739	0.10393419328
-iji	0.234051989712	0.306155187611	0.0733773363357	0.386415486341
-oto	0.178034451857	0.603903216171	0.182216469182	0.03584586279
-ume	0.202519379845	0.0881782945736	0.705426356589	0.00387596899224
-uma	0.226579639199	0.640794125646	0.0514005983138	0.0812256368415
-eví	0.0394345238095	0.942708333333	0.00446428571429	0.0133928571428
-umo	0.0452001915023	0.804204002699	0.103269863649	0.0473259421497
ALL	0.229114100926	0.310993069278	0.0567205315453	0.403172298251
-nae	0.0241049894672	0.0245648371166	0.00388066552933	0.947449507887
-csi	0.473874288429	0.38042853856	0.0548312638697	0.0908659091415
-vgi	0.11017838405	0.779643231899	0.0865687303253	0.0236096537251
-sio	0.0331491712707	0.966850828729	0.0	0.0
-nas	0.00630299392211	0.989194867562	0.0	0.00450213851579
-sia	0.0271565495208	0.96112886049	0.00292864749734	0.00878594249201
-mos	0.0224761191234	0.955047761753	0.0112380595617	0.0112380595617
-mor	0.0	0.958904109589	0.041095890411	0.0
-jco	0.336300612547	0.224800424582	0.0576225647376	0.381276398134
-gog	0.0	0.978062157221	0.0219378427788	0.0
-aán	0.0	1.0	0.0	0.0
-yno	0.438024383849	0.379315242091	0.0168239818214	0.165836392239
-yna	0.118695809752	0.026875575009	0.0942317878948	0.760196827344
-mol	0.0	0.925465838509	0.0745341614907	0.0
-jcu	0.69120837055	0.25519969376	0.0	0.0535919356897
-uva	0.108574953732	0.867365823566	0.0	0.024059222702
-pñu	0.237960339943	0.456090651558	0.195467422096	0.110481586402
-ber	0.0	1.0	0.0	0.0
-gvo	0.473943373	0.402954452195	0.049240869922	0.0738613048831
-eor	0.0	1.0	0.0	0.0
-bet	0.00829875518674	0.983402489627	0.00414937759336	0.00414937759337
-cob	0.0	0.998212689902	0.0	0.0017873100983
-v'i	0.319444444445	0.0555555555555	0.625	0.0
-u'e	0.176470588235	0.720055895661	0.0705350013309	0.0329385147724
-beo	0.0	0.875	0.025	0.1
-bel	0.0237011956407	0.976298804359	0.0	0.0
-v'o	0.381237269713	0.494177178192	0.0823872199337	0.0421983321612
-u'o	0.242036098068	0.544089392433	0.0766579741631	0.137216535336
-v'a	0.410290079981	0.275158171183	0.103258923242	0.211292825594
-rla	0.00924784217016	0.898273736128	0.0924784217017	0.0
-bed	0.274038461538	0.725961538462	0.0	0.0
-cor	0.0	1.0	0.0	0.0
-iso	0.0608154803041	0.686247408431	0.252937111265	0.0
-j'e	0.404508638652	0.449635563195	0.0303629774366	0.115492820717
-tca	0.315390437583	0.377236982207	0.240535721158	0.0668368590526
-reo	0.0472440944882	0.880577427821	0.0603674540682	0.0118110236221
-isi	0.145882352941	0.342745098039	0.492549019608	0.0188235294118
-j'o	0.346702317291	0.286096256684	0.210338680927	0.156862745098
-red	0.0	1.0	0.0	0.0
-j'u	0.0892857142857	0.89880952381	0.0119047619047	0.0
-upe	0.0792718087	0.782541643381	0.0100060172026	0.128180530716
-eva	0.0256702795208	0.974329720479	0.0	0.0
-upa	0.263778626626	0.459504655952	0.0105617067718	0.26615501065
-res	0.0302866414278	0.77663601947	0.0941049215792	0.098972417523
-utí	0.306569343066	0.570802919708	0.122627737226	0.0
-iti	0.093388056346	0.0777984003632	0.0104442764565	0.818369266834
-evi	0.515391206908	0.235778788478	0.12721639971	0.121613604904
-ret	0.0327680367922	0.957171601035	0.00344926703076	0.00661109514228
-fes	0.0472440944882	0.952755905512	0.0	0.0
-avi	0.336384776132	0.407001616535	0.101947680937	0.154665926396
-hab	0.00341463414635	0.996585365854	0.0	0.0
-pcu	0.0898734177215	0.734423347398	0.141596343179	0.0341068917018
-naí	0.00283553875236	0.997164461248	0.0	0.0
-mas	0.0400890868597	0.95991091314	0.0	0.0
-mar	0.0	1.0	0.0	0.0
-ham	0.0115810177626	0.966472004313	0.0116949294127	0.0102520485112
-nra	0.150943138572	0.458778784046	0.0538004223618	0.33647765502
-pca	0.369185506285	0.219454327345	0.0632179450897	0.34814222128
-pco	0.390136605696	0.494790460755	0.0722389442	0.0428339893494
-une	0.0445874276254	0.928497979699	0.000938682686854	0.0259759099889
-una	0.203728815211	0.292461612915	0.37324148588	0.130568085995
-v'u	0.293391154676	0.360407282807	0.336813045568	0.00938851694961
-cyo	0.244570021308	0.289106273239	0.0430721907017	0.423251514751
-vyo	0.45980340205	0.209736156724	0.0855747099592	0.244885731267
-pta	0.0	1.0	0.0	0.0
-pto	0.00790600636872	0.953222795652	0.0	0.0388711979796
-unu	0.38986054989	0.34083015785	0.0809672625873	0.188342029673
-tre	0.210768485631	0.625928317727	0.0582014853084	0.105101711333
-gad	0.0	1.0	0.0	0.0
-tra	0.196271172272	0.688569370308	0.088827039533	0.0263324178864
-ada	0.311111111111	0.688888888889	0.0	0.0
-tro	0.409090909091	0.5	0.0454545454545	0.0454545454545
-gai	0.0	1.0	0.0	0.0
-adi	0.0	1.0	0.0	0.0
-tru	0.0115495668912	0.0936798203401	0.0	0.894770612769
-cpa	0.536790180699	0.208255519922	0.0679176916571	0.187036607722
-gau	0.0	1.0	0.0	0.0
-sna	0.487639060569	0.222187886279	0.0472805933251	0.242892459827
-gar	0.201466615206	0.619451949055	0.117329216519	0.0617522192204
-sne	0.435357492654	0.303134182174	0.11263467189	0.148873653281
-cpi	0.0984693327586	0.867575724911	0.0271639538644	0.0067909884661
-sno	0.513449367089	0.260284810127	0.00474683544304	0.221518987342
-cpo	0.488992305851	0.12333687978	0.0260641367226	0.361606677646
-seo	0.0976531279517	0.780280462109	0.0406888033132	0.0813776066264
-ini	0.365522011847	0.37765232002	0.0775464911112	0.179279177022
-sem	0.0	1.0	0.0	0.0
-lao	0.546802594995	0.314179796107	0.0	0.139017608897
-u'a	0.478445162451	0.310579572107	0.061354511351	0.149620754091
-ino	0.298305084746	0.520338983051	0.120338983051	0.0610169491525
-ina	0.216881501309	0.28085233755	0.08813911816	0.414127042981
-uis	0.0	0.923076923077	0.0	0.0769230769231
-ine	0.211739781364	0.143179487156	0.0434511575106	0.601629573969
-sea	0.0	1.0	0.0	0.0
-ira	0.297067777544	0.448931083831	0.0921297922799	0.161871346345
-uim	0.0	1.0	0.0	0.0
-feo	0.0	1.0	0.0	0.0
-set	0.0	1.0	0.0	0.0
-inu	0.187262202855	0.701765796234	0.0228447855354	0.0881272153751
-blo	0.0819851110846	0.771929415943	0.00515318347372	0.140932289498
-eda	0.0526315789474	0.745614035088	0.201754385965	0.0
-dón	0.0031007751938	0.987596899225	0.0	0.00930232558142
-són	0.0312568626015	0.954102920723	0.0102481516726	0.00439206500256
-nes	0.0526292215354	0.740661112604	0.0360566156052	0.170653050255
-rso	0.0191693290735	0.980830670927	0.0	0.0
-neo	0.0	0.902240325866	0.0	0.0977596741344
-u'i	0.526284621232	0.280689424423	0.0297867689046	0.16323918544
-ias	0.0256081946222	0.947076397781	0.0153649167734	0.0119504908237
-ooz	0.0301507537688	0.969849246231	0.0	0.0
-nea	0.0547945205479	0.287671232877	0.657534246575	0.0
-ban	0.0697206494783	0.667680501614	0.0224603434561	0.240138505451
-i'o	0.271721476036	0.502633142726	0.132892691317	0.0927526899213
-bas	0.0	1.0	0.0	0.0
-job	0.144927536232	0.855072463768	0.0	0.0
-noc	0.0489795918367	0.938775510204	0.0122448979592	0.0
-que	0.263736263736	0.736263736264	0.0	0.0
-asa	0.0421001473202	0.804361891165	0.0588126300442	0.0947253314703
-qui	0.0	1.0	0.0	0.0
-nyo	0.381932300179	0.316261057023	0.202984998696	0.0988216441022
-asi	0.785714285714	0.178571428571	0.0357142857143	0.0
-dro	0.0414743280653	0.919529687864	0.00141619656809	0.0375797875031
-zor	0.0	1.0	0.0	0.0
-vca	0.549789244539	0.295585243543	0.0538473770992	0.100778134818
-rea	0.0585480093677	0.92037470726	0.00390320062451	0.0171740827479
-ras	0.0412844036697	0.917431192661	0.0137614678899	0.0275229357798
-eri	0.0280168576007	0.867572861637	0.0184602599869	0.0859500207752
-ram	0.0	1.0	0.0	0.0
-uía	0.0226176115802	0.97466827503	0.0	0.00271411338963
-isa	0.368794326241	0.624113475177	0.0	0.00709219858156
-ero	0.0951695214362	0.0686088280019	0.0216878852109	0.814533765351
-era	0.239849877062	0.325413901939	0.263076786075	0.171659434925
-uío	0.0	0.929988331389	0.0700116686114	0.0
-ere	0.249267396737	0.460871743286	0.14207712134	0.147783738637
-'co	0.375	0.583333333333	0.0416666666667	0.0
-aén	0.0	0.940711462451	0.0592885375494	0.0
-eve	0.0749878266515	0.514472758751	0.185197208245	0.225342206352
-pos	0.0	1.0	0.0	0.0
-acu	0.104360758304	0.670165301971	0.184960426674	0.0405135130515
-'cu	0.158965663417	0.526494277236	0.0500211954218	0.264518863925
-aza	0.384439359268	0.546910755149	0.0274599542334	0.0411899313501
-ugi	0.256208518179	0.640817473599	0.0390567069539	0.063917301269
-'no	0.049405476149	0.0577028497383	0.0152073593567	0.877684314756
-lac	0.0357142857143	0.964285714286	0.0	0.0
-aat	0.0	1.0	0.0	0.0
-nor	0.0	1.0	0.0	0.0
-nos	0.0	1.0	0.0	0.0
-tán	0.0	1.0	0.0	0.0
-sji	0.426268861454	0.573731138546	0.0	0.0
-aam	0.0271493212669	0.961990950226	0.0108597285068	0.0
-aal	0.0	0.859154929577	0.140845070423	0.0
-fos	0.0	1.0	0.0	0.0
-ppo	0.642292623614	0.124008184381	0.0239120019635	0.209787190042
-eón	0.0303190087002	0.913656736093	0.0421829686264	0.0138412865805
-las	0.0395418170407	0.883571316491	0.0065903028401	0.0702965636278
-uji	0.270526075193	0.132842889719	0.0828410292938	0.513790005794
-hvo	0.376912102828	0.240538037938	0.175919787276	0.206630071959
-'nu	0.735655737705	0.110655737705	0.030737704918	0.122950819672
-hvi	0.629619352723	0.239209948793	0.0287566531292	0.102414045355
-aac	0.0	0.989893100097	0.00466472303205	0.00544217687075
-ujo	0.376378911482	0.56201144527	0.0578594910507	0.00375015219773
-tvi	0.800959232614	0.0791366906474	0.0263788968825	0.0935251798561
-evo	0.211100397432	0.551870945219	0.115961703715	0.121066953635
-dos	0.103448275862	0.0517241379311	0.155172413793	0.689655172414
-fás	0.0	0.980119284294	0.0119284294235	0.00795228628231
-tve	0.127450980392	0.872549019608	0.0	0.0
-pya	0.535744913074	0.23777968348	0.189054338505	0.0374210649411
-doc	0.0	1.0	0.0	0.0
-ges	0.0166666666667	0.983333333333	0.0	0.0
-upi	0.158390913239	0.721717945375	0.11133563653	0.00855550485626
-myo	0.167525773196	0.566043814433	0.144007731959	0.122422680412
-pyo	0.488721804511	0.406552094522	0.0	0.104726100967
-sas	0.0	1.0	0.0	0.0
-ión	0.389657287861	0.547321602855	0.0337413903684	0.0292797189147
-mpa	0.249674902471	0.262678803641	0.253576072822	0.234070221066
-oli	0.0	1.0	0.0	0.0
-tor	0.0874316939891	0.825136612022	0.0218579234972	0.0655737704918
-tos	0.0270401817101	0.180303931642	0.0197393326483	0.772916553999
-nnu	0.274482502835	0.479927889365	0.0666141746646	0.178975433135
-ola	0.04	0.96	0.0	0.0
-sus	0.244736842105	0.718421052632	0.0	0.0368421052632
-sam	0.0	1.0	0.0	0.0
-ocu	0.128851540616	0.592684132477	0.0168067226891	0.261657604218
-iel	0.123900511516	0.851849847087	0.0151560258735	0.00909361552411
-ien	0.0546780072904	0.00759416767922	0.013327764277	0.924400060753
-avo	0.235604431275	0.512318036972	0.0995389276133	0.15253860414
-loc	0.0	1.0	0.0	0.0
-mín	0.0	1.0	0.0	0.0
-oca	0.358851358966	0.173553325039	0.0473814899958	0.420213825998
-jvi	0.690221270521	0.166309778729	0.122055674518	0.0214132762313
-rom	0.0	1.0	0.0	0.0
-oco	0.399988957975	0.309078376326	0.0910101989995	0.1999224667
-ype	0.0491161033413	0.907907306235	0.0245580516707	0.018418538753
-los	0.0209826892813	0.954537506557	0.00174855744011	0.0227312467214
-ipi	0.104946367736	0.780742852522	0.0351166541007	0.0791941256411
-vsa	0.187632022081	0.502408840781	0.0493829091078	0.260576228031
-mpo	0.629938952623	0.139605406197	0.0469709514404	0.183484689739
-'to	0.0188681440831	0.00606316157435	0.00979814451074	0.965270549832
-ipe	0.0212186100837	0.962429433522	0.0	0.0163519563948
-noé	0.0	1.0	0.0	0.0
-rdo	0.093896713615	0.539906103286	0.366197183099	0.0
-ipu	0.255648805681	0.47127178825	0.257585539057	0.015493867011
-nve	0.44863999517	0.334947411481	0.0769865313644	0.139426061984
-ido	0.152284263959	0.522842639594	0.0	0.324873096447
-saú	0.0438276113952	0.926953981008	0.0	0.0292184075967
-nvi	0.195995785037	0.561643835616	0.0948366701792	0.147523709167
-ato	0.0732158153374	0.836887426176	0.0437311212299	0.0461656372571
-sto	0.0254537322192	0.88455734047	0.00200939455008	0.0879795327611
-sta	0.058682370944	0.872781442367	0.0176209410974	0.0509152455918
-saí	0.0	1.0	0.0	0.0
-cum	0.0	0.834101382488	0.0	0.165898617512
-sso	0.493243243243	0.263513513513	0.243243243243	0.0
-loé	0.0265486725664	0.907079646018	0.0	0.0663716814159
-ián	0.125	0.803571428571	0.0714285714286	0.0
-ucu	0.0877777981349	0.872739598029	0.0172221102581	0.0222604935783
-fté	0.0	1.0	0.0	0.0
-uco	0.390858949587	0.413751300517	0.142498885271	0.0528908646245
-eyo	0.270234712872	0.432406331789	0.197343559742	0.100015395597
-hyo	0.209907625531	0.171945621348	0.0421482942458	0.575998458874
-eya	0.0593121258501	0.84609614376	0.0218446388578	0.0727470915326
-uca	0.300182168978	0.139583487298	0.0434650759639	0.51676926776
-mue	0.0931361804652	0.0220043388565	0.00374749661754	0.881111984061
-rac	0.0	1.0	0.0	0.0
-lem	0.0	1.0	0.0	0.0
-lea	0.00640016254381	0.986590135622	0.00365723573932	0.00335246609438
-leg	0.0	1.0	0.0	0.0
-'ra	0.893129770992	0.0610687022901	0.0	0.0458015267176
-hra	0.281697650565	0.476512643603	0.0743013710317	0.167488334801
-les	0.0	1.0	0.0	0.0
-hre	0.441497333097	0.378249029118	0.0832460479881	0.0970075897965
-'yo	0.565263822145	0.326489005388	0.0587350128635	0.0495121596039
-eel	0.0	1.0	0.0	0.0
-rra	0.0365111561866	0.963488843813	0.0	0.0
-gio	0.337513715313	0.246536911835	0.062713014182	0.35323635867
-tjo	0.463363569573	0.144365639211	0.0912609424295	0.301009848787
-udá	0.0	1.0	0.0	0.0
-o'í	0.153256704981	0.616858237548	0.0	0.229885057471
-ndo	0.0	1.0	0.0	0.0
-gie	0.0	0.938059187887	0.0330350997935	0.0289057123193
-gia	0.511523828131	0.266505650825	0.0837846063937	0.13818591465
-ala	0.0	1.0	0.0	0.0
-tco	0.295097596982	0.478327729025	0.0632637578939	0.163310916099
-uvo	0.150212296992	0.686513467148	0.105865903403	0.0574083324575
-uvi	0.452227589909	0.375469672571	0.0354267310789	0.136876006441
-abá	0.0	0.975155279503	0.0248447204969	0.0
-gpo	0.252584586466	0.486998746867	0.189927944862	0.0704887218045
-abé	0.0183684494868	0.884386817936	0.00432198811453	0.0929227444624
-chi	0.669279829923	0.233058729737	0.0	0.0976614403402
-mgi	0.205667276051	0.794332723949	0.0	0.0
-cho	0.263825897477	0.0825672061497	0.0170653623018	0.636541534071
-'po	0.29393860762	0.117783862413	0.0266343278346	0.561643202132
-cha	0.350604371484	0.296847607589	0.0881088198562	0.264439201071
-loi	0.0	0.980769230769	0.0192307692308	0.0
-che	0.0519265879748	0.800282701143	0.0068200334156	0.140970677467
-oje	0.0138624626257	0.953791791248	0.00326175591194	0.0290839902147
-ogi	0.130014987706	0.418612224786	0.127153022568	0.32421976494
-iyo	0.342959606803	0.316681377656	0.107924537362	0.232434478179
-oré	0.0	0.938775510204	0.0612244897958	0.0
-elo	0.0	1.0	0.0	0.0
-ogo	0.0	1.0	0.0	0.0
-oga	0.463786531131	0.336721728081	0.174078780178	0.0254129606099
-ela	0.0	1.0	0.0	0.0
-iya	0.186426514293	0.687505061697	0.00756971698821	0.118498707022
-chu	0.207091592664	0.0805380367809	0.0462105463559	0.6661598242
-pne	0.0392156862745	0.352941176471	0.0196078431373	0.588235294118
-loe	0.142857142857	0.742857142857	0.0	0.114285714286
-pna	0.501621120889	0.180176007411	0.143121815655	0.175081056044
-cco	0.248455564023	0.391075012254	0.155991463663	0.20447796006
-cca	0.331619695232	0.389050466983	0.0527199737833	0.226609864001
-pno	0.22794306185	0.200364045477	0.366730909021	0.204961983652
-itu	0.0133556123452	0.933406723019	0.0430745036368	0.0101631609986
-mué	0.761467889908	0.165137614679	0.0	0.0733944954129
-jpo	0.468457070562	0.302403818506	0.127781931106	0.101357179826
-pnu	0.373937677054	0.396600566572	0.118980169972	0.110481586402
-ito	0.0287318361955	0.82892998679	0.0217965653897	0.120541611625
-esi	0.0516803375113	0.531513844957	0.0817276493206	0.335078168211
-tes	0.0	1.0	0.0	0.0
-eso	0.0633289124668	0.928713527851	0.00596816976128	0.00198938992042
-lás	0.0	1.0	0.0	0.0
-esa	0.143783627346	0.789968033466	0.0112255591951	0.0550227799922
-ite	0.0	1.0	0.0	0.0
-ccu	0.0494296577947	0.927756653992	0.0	0.0228136882129
-ita	0.0505604579061	0.920820414977	0.0214643453375	0.00715478177915
-m'o	0.625731132821	0.14157102659	0.0292453128458	0.203452527743
-spe	0.048128342246	0.914438502674	0.0374331550802	0.0
-m'i	0.333468231373	0.391903097302	0.130199006705	0.144429664619
-ri'	0.338686131387	0.486131386861	0.0	0.175182481752
-m'e	0.393194706994	0.478260869565	0.0	0.12854442344
-o'u	0.15299652979	0.363966281147	0.0611429228934	0.421894266169
-m'a	0.42342233541	0.114998147206	0.025566837836	0.436012679548
-spo	0.615206997823	0.206803215959	0.0491490960424	0.128840690175
-o'i	0.370377653762	0.251564121807	0.0617661560059	0.316292068425
-fas	0.0762886597938	0.861855670103	0.0247422680412	0.0371134020618
-alí	0.0	1.0	0.0	0.0
-n'e	0.0363636363636	0.854545454545	0.0727272727273	0.0363636363636
-o'o	0.353430006001	0.16779721528	0.0996072831131	0.379165495606
-eji	0.29769207349	0.45355477212	0.118256528075	0.130496626314
-o'a	0.909470752089	0.0	0.041782729805	0.0487465181058
-o'e	0.286812427908	0.0872537658732	0.0329137967414	0.593020009478
-n'o	0.645530939649	0.1115355233	0.00458365164247	0.238349885409
-c'e	0.404829023165	0.264815605812	0.067599225731	0.262756145293
-hum	0.0	1.0	0.0	0.0
-rim	0.0	1.0	0.0	0.0
-c'a	0.489590229302	0.27601033714	0.0874031786149	0.146996254943
-c'o	0.0758515375228	0.608297919511	0.0675552756062	0.24829526736
-njo	0.216622458002	0.385499557913	0.212201591512	0.185676392573
-jye	0.0310062952175	0.787888753171	0.141642394062	0.0394625575496
-lot	0.13400814171	0.74716690505	0.0792166354935	0.0396083177467
-nco	0.337426473141	0.174804624275	0.0904419070961	0.397326995488
-mji	0.344097995546	0.261692650334	0.377505567929	0.0167037861915
-nce	0.0095238095238	0.688095238095	0.134523809524	0.167857142857
-ael	0.00292825768667	0.965836993655	0.00585651537338	0.0253782332845
-oru	0.301298745569	0.385877420235	0.202870193619	0.109953640578
-ori	0.168458306121	0.438085820964	0.141680337292	0.251775535623
-oro	0.121993169857	0.570732236687	0.198865927068	0.108408666388
-elí	0.0	0.960264900662	0.0132450331126	0.0264900662252
-ora	0.223718346656	0.617643371477	0.0581402402651	0.100498041603
-ore	0.382605042881	0.321134202022	0.0797160719348	0.216544683163
-tna	0.5	0.0	0.0	0.5
-tne	0.0282907645626	0.934989875215	0.0255789555242	0.0111404046982
-icu	0.0582147477362	0.850782887987	0.0695900432707	0.0214123210064
-íso	0.0195304793845	0.970704280923	0.00976523969223	0.0
-rut	0.0	1.0	0.0	0.0
-lis	0.0302049622438	0.969795037756	0.0	0.0
-ico	0.432883544445	0.289131957434	0.110066710779	0.167917787343
-lim	0.0	1.0	0.0	0.0
-omi	0.0491633603588	0.737450405382	0.192685872003	0.0207003622563
-lio	0.172021713615	0.745451877934	0.0418133802817	0.040713028169
-tnu	0.575541228194	0.0997474909314	0.043990412346	0.280720868529
-vne	0.321314142471	0.185268190647	0.0964523465644	0.396965320318
-oma	0.438763242387	0.488606950397	0.00940580755577	0.0632239996605
-vno	0.566678272981	0.137186629526	0.208391364902	0.0877437325905
-rug	0.0	1.0	0.0	0.0
-ica	0.0168	0.9832	0.0	0.0
-ipo	0.34717049387	0.210753055293	0.0797533334091	0.362323117428
-yco	0.30557421088	0.247817327065	0.294381016342	0.152227445713
-eas	0.0156698876991	0.885087490206	0.0679028466963	0.0313397753983
-abo	0.037037037037	0.87962962963	0.0185185185185	0.0648148148147
-yca	0.244513497766	0.0417556807147	0.57778209361	0.135948727908
-ode	0.0	1.0	0.0	0.0
-rna	0.0	1.0	0.0	0.0
-spu	0.641666666667	0.166666666667	0.191666666667	0.0
-zer	0.0	1.0	0.0	0.0
-uri	0.224701525652	0.14165908227	0.211894331626	0.421745060451
-hno	0.608799760551	0.216941035618	0.0598623166716	0.114396887159
-ipa	0.10181265217	0.855046393521	0.020362530434	0.0227784238753
-hne	0.115577889447	0.854271356784	0.0301507537688	0.0
-ura	0.1381967241	0.739764938003	0.0670998248091	0.0549385130883
-hna	0.397870758266	0.325887368119	0.0649374553647	0.21130441825
-ure	0.113859298404	0.786102500011	0.0403918528474	0.0596463487385
-sda	0.0	0.95	0.0333333333333	0.0166666666667
-jno	0.435348093137	0.331126624549	0.0539429745698	0.179582307745
-hnu	0.403465970291	0.336572877478	0.0871755531123	0.172785599119
-uru	0.200768902179	0.5621529261	0.134557881247	0.102520290474
-jna	0.545178562685	0.299776202587	0.0268153656942	0.128229869034
-nio	0.0262901655307	0.962025316456	0.0116845180136	0.0
-apa	0.0674956954276	0.932504304572	0.0	0.0
-mes	0.0	1.0	0.0	0.0
-ape	0.0607376998416	0.660833252232	0.0611358348006	0.217293213126
-api	0.336894467843	0.519989594393	0.0563185810708	0.0867973566933
-apo	0.318218446445	0.230004219245	0.0799088612762	0.371868473034
-mca	0.513360441475	0.362184141737	0.0503920999129	0.0740633168748
-apu	0.260545905707	0.68982630273	0.00992555831263	0.0397022332506
-gua	0.00777202072541	0.961139896373	0.0155440414508	0.0155440414508
-pas	0.106888361045	0.863420427553	0.0296912114014	0.0
-mco	0.498886414254	0.273942093541	0.200445434298	0.0267260579064
-fat	0.0	1.0	0.0	0.0
-pjo	0.0806885422269	0.236148466918	0.0	0.683162990855
-icó	0.00317124735729	0.987315010571	0.0	0.00951374207188
-nca	0.749725348755	0.143264307775	0.023941297183	0.0830690462865
-omé	0.0	1.0	0.0	0.0
-s'a	0.411913826615	0.268228763445	0.0739237623625	0.245933647577
-rón	0.00775694893342	0.961215255333	0.0310277957337	0.0
-s'o	0.255661911497	0.100403085923	0.0309853217439	0.612949680836
-t'e	0.598999181195	0.351920811407	0.0223090942717	0.026770913126
-s'i	0.0782268578878	0.464146023468	0.203389830509	0.254237288136
-i'a	0.382603402636	0.429325546433	0.0825288764809	0.10554217445
-cvi	0.528516391312	0.243281571297	0.0731522843839	0.155049753008
-zín	0.372294372294	0.523809523809	0.00865800865801	0.0952380952381
-dia	0.0286298568507	0.946830265849	0.0	0.0245398773006
-i'e	0.129272129272	0.3003003003	0.114972114972	0.455455455455
-añe	0.299212598425	0.299212598425	0.220472440945	0.181102362205
-i'i	0.460530569516	0.294512053668	0.0684952530173	0.176462123798
-dio	0.0	1.0	0.0	0.0
-aña	0.0	1.0	0.0	0.0
-psi	0.524039787276	0.285138861532	0.0911364979318	0.0996848532598
-i'u	0.0445382907397	0.94827811398	0.00326527058209	0.0039183246985
-dis	0.0	1.0	0.0	0.0
-añu	0.00686411592729	0.939875429007	0.00266937841617	0.0505910766493
-mea	0.0	1.0	0.0	0.0
-hca	0.490771486545	0.216727143471	0.078428294258	0.214073075727
-sli	0.0	1.0	0.0	0.0
-ovo	0.172916908578	0.587531056312	0.0927903970738	0.146761638036
-sús	0.0263410277335	0.576812386135	0.00479526935993	0.392051316772
-ovi	0.38569527611	0.347540681128	0.0764105136783	0.190353529084
-ove	0.404684292674	0.345166532659	0.0708932507213	0.179255923946
-esu	0.0483700092475	0.0949219346208	0.00404018638727	0.852667869744
-ova	0.398493778651	0.380484610347	0.137524557957	0.0834970530452
-tpo	0.495841301273	0.200217853172	0.0824910083366	0.221449837219
-one	0.271424307633	0.383115188983	0.0734601360419	0.272000367342
-h'o	0.253585789523	0.180278303591	0.0529860556465	0.513149851239
-nna	0.291338582677	0.330708661417	0.212598425197	0.165354330709
-h'a	0.589605734767	0.200358422939	0.0666666666667	0.143369175627
-nne	0.068093385214	0.929474708171	0.00243190661478	0.0
-h'e	0.581301754914	0.137660748993	0.0360028235579	0.245034672535
-'vo	0.132995659178	0.722024559666	0.0789534785404	0.0660263026156
-y'a	0.0	1.0	0.0	0.0
-tia	0.0	1.0	0.0	0.0
-y'e	0.198295097455	0.403535478856	0.118128010743	0.280041412946
-ngi	0.523269012486	0.27922814983	0.0408626560726	0.156640181612
-tio	0.134328358209	0.686567164179	0.134328358209	0.044776119403
-lón	0.0265026029342	0.88736393753	0.0132513014671	0.072882158069
-eme	0.0779220779221	0.571222428365	0.0111317254174	0.339723768295
-ema	0.186215748684	0.0236125963793	0.00106124915225	0.789110405785
-emo	0.22480231375	0.212119949687	0.0342928560556	0.528784880507
-hmo	0.0851063829787	0.863829787234	0.0	0.0510638297872
-osé	0.0396168136443	0.95143023412	0.0040288285062	0.0049241237298
-jvo	0.232111021353	0.362959882676	0.0925984402816	0.31233065569
-mmo	0.274910774573	0.460596122311	0.196778238642	0.0677148644738
-mmi	0.0852791878173	0.879187817259	0.0355329949238	0.0
-lix	0.0384341637011	0.925978647687	0.0	0.0355871886121
-das	0.0946422598595	0.843783257822	0.00273664365859	0.0588378386596
-cio	0.0611683848797	0.879037800687	0.0432989690722	0.0164948453608
-ana	0.602433593106	0.240439424818	0.0103958870049	0.146731095071
-cia	0.0202819186695	0.954492444985	0.0218030625697	0.00342257377548
-ser	0.0	1.0	0.0	0.0
-zar	0.0	1.0	0.0	0.0
-cis	0.116054158607	0.883945841393	0.0	0.0
-vre	0.235915479334	0.280430070688	0.304022901497	0.179631548481
-etu	0.663455421249	0.17113514496	0.101790420794	0.0636190129964
-vro	0.11535320539	0.863209473254	0.0204164965292	0.00102082482646
-cvo	0.36536146978	0.389636126655	0.114191035142	0.130811368423
-úpo	0.0731707317074	0.756097560975	0.134146341463	0.0365853658537
-vru	0.33598183882	0.650397275823	0.0	0.0136208853575
-eta	0.205475831814	0.70770897751	0.0486270778826	0.0381881127937
-rce	0.0	0.55	0.0	0.45
-ete	0.062514091291	0.384615384615	0.0325893131648	0.520281210929
-eti	0.0442240173867	0.106053598991	0.00719746165137	0.842524921971
-eto	0.307688572465	0.029907432277	0.0113758742443	0.651028121013
-rco	0.008	0.992	0.0	0.0
-hco	0.439599741822	0.175861751013	0.00915567874203	0.375382828423
-atu	0.0502032520325	0.86906504065	0.0392682926829	0.0414634146341
-uya	0.227491574386	0.294896485315	0.159845931632	0.317766008666
-ías	0.0173985367798	0.96738715833	0.00542292055475	0.00979138433497
-uye	0.0310880829015	0.906735751295	0.0	0.0621761658031
-mén	0.0775933609958	0.0921161825726	0.0124481327801	0.817842323651
-cña	0.593578458688	0.258306389191	0.0860744657608	0.06204068636
-ría	0.00407659048796	0.95923409512	0.0231006794317	0.0135886349598
-dab	0.0	1.0	0.0	0.0
-ata	0.0415015590065	0.736153316819	0.00799835486157	0.214346769313
-amá	0.0	1.0	0.0	0.0
-omo	0.19347796136	0.594002917996	0.119868631309	0.0926504893354
-ati	0.0378209411091	0.925861410709	0.0147943113487	0.0215233368331
-ose	0.00260388412716	0.0997070630357	0.0117174785722	0.885971574265
-gía	0.358056265985	0.275267594961	0.281803542673	0.0848725963815
-osa	0.0	1.0	0.0	0.0
-sué	0.204493814693	0.772784650341	0.0	0.022721534966
-mnu	0.390860047723	0.170038385725	0.0696821938652	0.369419372687
-oso	0.0545454545455	0.672727272727	0.272727272727	0.0
-osi	0.448607622411	0.309875010056	0.102371005658	0.139146361875
-lén	0.0226281352235	0.962670916869	0.00113245533093	0.0135684925761
-nia	0.0141753443063	0.9625797783	0.00443399395364	0.0188108834397
-aca	0.311532762364	0.24630817186	0.081852907385	0.360306158391
-aco	0.358457980032	0.429941780898	0.0515537829655	0.160046456104
-mtu	0.167210323153	0.195903464043	0.0521223722951	0.584763840508
-ice	0.0241109101868	0.924050632911	0.0518384569017	0.0
-tta	0.809087285771	0.176564368274	0.0	0.0143483459546
-ajo	0.154783436459	0.80285578296	0.00514040932889	0.0372203712518
-aji	0.21538517359	0.611797269419	0.111607559375	0.0612099976157
-aja	0.159428383378	0.0592857783938	0.0110194760513	0.770266362177
-lia	0.0	0.997983870968	0.00201612903226	0.0
-cro	0.217848970252	0.189855072464	0.0457665903891	0.546529366896
-nón	0.0	1.0	0.0	0.0
-fil	0.0159574468085	0.845744680851	0.13829787234	0.0
-aju	0.536218250235	0.285983066792	0.046566321731	0.131232361242
-fia	0.0	1.0	0.0	0.0
-mra	0.275978903959	0.633539182062	0.0438810083825	0.0466009055962
-mre	0.13875684412	0.366820892289	0.0504771294621	0.443945134129
-'su	0.267949104639	0.242925924685	0.0195493593396	0.469575611336
-mri	0.0929557577659	0.398435048635	0.362703953561	0.145905240038
-lda	0.0196721311475	0.695081967213	0.285245901639	0.0
-vid	0.00903509788023	0.960268736245	0.000695007529248	0.0300011583459
-mro	0.455696202532	0.461121157324	0.0614828209765	0.0216998191682
-upo	0.231554868303	0.326442119815	0.0712137460243	0.370789265857
-ila	0.0114656031904	0.9740777667	0.00398803589231	0.0104685942173
-ilo	0.061135371179	0.829694323144	0.0524017467248	0.056768558952
-oji	0.268178842988	0.419758908747	0.102429915382	0.209632332883
-ojo	0.0877192982456	0.912280701754	0.0	0.0
-oam	0.0	1.0	0.0	0.0
-igi	0.317401175991	0.560342318216	0.108866507539	0.0133899982535
-sri	0.0916334661354	0.262948207171	0.645418326693	0.0
-igo	0.00150429799427	0.953366762178	0.0	0.0451289398281
-ebe	0.0454545454545	0.954545454545	0.0	0.0
-lmo	0.0	0.899721448468	0.0	0.100278551532
-ami	0.667023450423	0.138623292687	0.128442152379	0.0659111045104
-amo	0.415476131626	0.358610575576	0.103234630151	0.122678662646
-ama	0.706049121412	0.198895746872	0.0155592306385	0.0794959010775
-oas	0.0	1.0	0.0	0.0
-usi	0.147072174308	0.413073082161	0.230140717204	0.209714026328
-iro	0.160813106524	0.691390576011	0.0637189694044	0.0840773480599
-iri	0.269277845777	0.712362301102	0.0183598531212	0.0
-ire	0.1413165584	0.0870420227525	0.033373596857	0.738267821991
-usa	0.0252100840336	0.974789915966	0.0	0.0
-món	0.0167354336174	0.976632090387	0.00185092353372	0.00478155246211
-mós	0.0	1.0	0.0	0.0
-tat	0.0	1.0	0.0	0.0
-agé	0.0497076023391	0.950292397661	0.0	0.0
-jmo	0.0235294117647	0.934117647059	0.0423529411764	0.0
-iru	0.37635646334	0.386370752674	0.067553278	0.169719505986
-eis	0.11581733951	0.228987425546	0.0198544010589	0.635340833885
-jma	0.167679979376	0.159344318646	0.613573377446	0.0594023245322
-cos	0.0529065969955	0.931417374265	0.0	0.0156760287394
-ulo	0.0576314664386	0.843693886276	0.0018811457888	0.0967935014963
-uza	0.0	1.0	0.0	0.0
-eru	0.184775765464	0.458027001629	0.100783516284	0.256413716623
-zmo	0.158878504673	0.803738317757	0.0373831775701	0.0
-epa	0.0212335692619	0.978766430738	0.0	0.0
-epo	0.279203463332	0.147185674944	0.0539482395413	0.519662622182
-epi	0.229286922045	0.624453384642	0.0599090432045	0.0863506501078
-aná	0.054890921886	0.929627023223	0.0	0.0154820548909
-ros	0.0913242009132	0.663926940639	0.0365296803653	0.208219178082
-'ñi	0.050505050505	0.279250841751	0.0	0.670244107744
-fán	0.0237812128418	0.976218787158	0.0	0.0
-bén	0.0	1.0	0.0	0.0
-aní	0.0	1.0	0.0	0.0
-cea	0.0	1.0	0.0	0.0
-pia	0.046511627907	0.953488372093	0.0	0.0
-pio	0.098730606488	0.816643159379	0.0	0.0846262341326
-rés	0.00295857988166	0.994082840237	0.0	0.00295857988166
-iud	0.0	1.0	0.0	0.0
-ace	0.671568627451	0.328431372549	0.0	0.0
-uem	0.0	1.0	0.0	0.0
-uel	0.0444515852613	0.942694944302	0.0064267352185	0.00642673521851
-ueo	0.0174418604651	0.982558139535	0.0	0.0
-iye	0.094537815126	0.867647058824	0.0126050420168	0.0252100840336
-uda	0.0	0.942693409742	0.0573065902579	0.0
-lco	0.0487804878049	0.951219512195	0.0	0.0
-tsu	0.33690484099	0.448852150971	0.0135710964117	0.200671911627
-agi	0.0943543838189	0.896409869617	0.00549152498417	0.00374422158012
-tsi	0.0280373831775	0.115654205607	0.856308411215	0.0
-ago	0.012972972973	0.938378378378	0.00972972972973	0.0389189189189
-gña	0.114754098361	0.0491803278689	0.83606557377	0.0
-gño	0.204	0.628	0.168	0.0
-tsa	0.0	1.0	0.0	0.0
-hpo	0.36775900357	0.0823803456702	0.00879582116617	0.541064829593
-tse	0.180918437898	0.0864254165784	0.0225798555095	0.710076290014
-rte	0.275862068966	0.655172413793	0.0172413793103	0.051724137931
-aín	0.0	0.970482125287	0.0	0.029517874713
-rta	0.0031512605042	0.981092436975	0.0	0.015756302521
-anu	0.389213739605	0.415678147126	0.0915130097186	0.103595103551
-ona	0.10282325411	0.0973643089203	0.152920179722	0.646892257248
-ego	0.0300075018754	0.205551387847	0.704426106527	0.0600150037509
-ono	0.162355018183	0.559866999633	0.112781200788	0.164996781396
-rto	0.0	1.0	0.0	0.0
-egi	0.0243883850316	0.903361024312	0.0658486395855	0.00640195107081
-oni	0.260740680507	0.0983082378214	0.0149653600504	0.625985721621
-dam	0.0	1.0	0.0	0.0
-onu	0.343560077762	0.366056274083	0.0544760931469	0.235907555008
-ane	0.144701977793	0.450500536668	0.0266352776314	0.378162207908
-rge	0.0	1.0	0.0	0.0
-ani	0.116979577227	0.244462180113	0.036783308909	0.601774933751
-ank	0.277058002791	0.406617500498	0.0980665736497	0.218257923062
-íyo	0.186440677966	0.762711864407	0.0508474576271	0.0
-ano	0.194540679409	0.424517330993	0.163863912536	0.217078077062
-iñu	0.158905704307	0.476717112922	0.319557625146	0.0448195576252
-tam	0.0	1.0	0.0	0.0
-gne	0.214125853647	0.458056432676	0.160438374991	0.167379338686
-scu	0.144927536232	0.0289855072464	0.376811594203	0.449275362319
-iña	0.452526751248	0.295112474695	0.0805995297313	0.171761244326
-mna	0.0	0.954476479514	0.0	0.0455235204856
-sco	0.300979902917	0.636642017874	0.0326634305675	0.0297146486413
-ene	0.0585550100431	0.0650191702917	0.0320054870324	0.844420332633
-sca	0.0	1.0	0.0	0.0
-iño	0.19214066826	0.673340248007	0.0749905236905	0.059528560043
-mno	0.534653465346	0.415841584159	0.0	0.049504950495
-tar	0.0	1.0	0.0	0.0
-tas	0.11320754717	0.88679245283	0.0	0.0
-mia	0.0	1.0	0.0	0.0
-rán	0.0	1.0	0.0	0.0
-cna	0.305042185617	0.509140216955	0.176777822419	0.00903977501005
-nán	0.0047313281514	0.995268671849	0.0	0.0
-sés	0.0725120287059	0.869573490635	0.011654932449	0.04625954821
-enu	0.0348421261353	0.791348303988	0.0197177106818	0.154091859195
-cni	0.0917151501812	0.149976182576	0.0411959303415	0.717112736901
-lam	0.123076923077	0.876923076923	0.0	0.0
-mil	0.0198859482381	0.0317297850563	0.000877321245797	0.94750694546
-ena	0.296090060544	0.32792348799	0.122616400725	0.253370050741
-eno	0.127331033524	0.276681128929	0.0183328958942	0.577654941653
-eni	0.255744818962	0.5531100266	0.0738228513173	0.117322303121
-cnu	0.618436988092	0.186783529309	0.0378900556949	0.156889426904
-nás	0.00600175051057	0.971991830951	0.00450131288293	0.0175051056558
-pía	0.629411764706	0.370588235294	0.0	0.0
-sar	0.0632805995004	0.860116569525	0.00999167360532	0.0666111573688
-oel	0.0	1.0	0.0	0.0
