jer-	0.00730649882259	0.976870089571	0.00895706331565	0.00686634829111
do̱-	0.13965780347	0.151644956385	0.327966501486	0.380730738659
agu-	0.631090604493	0.300715345177	0.0342941177957	0.0338999325337
ni'-	0.615268937834	0.207527638956	0.0438168577776	0.133386565432
atá-	0.500699521173	0.235571144259	0.0224634968177	0.24126583775
siu-	0.162965616046	0.793457497612	0.0334288443171	0.0101480420248
vas-	0.262122687439	0.658422590068	0.0397273612464	0.0397273612463
fig-	0.0	1.0	0.0	0.0
ngā-	0.0562409568377	0.0450271330166	0.014392418487	0.884339491659
nūn-	0.207082833133	0.665966386555	0.0657262905162	0.0612244897959
maa-	0.155678045497	0.131218562684	0.0644345603551	0.648668831464
uti-	0.525160418777	0.270178993583	0.164133738602	0.0405268490375
jac-	0.00384868587634	0.98997316048	0.00557046639996	0.000607687243631
ver-	0.104781704782	0.502286902287	0.261954261954	0.130977130977
júp-	0.00996677740863	0.990033222591	0.0	0.0
yo̱-	0.344218415418	0.238222698073	0.337259100642	0.0802997858673
nij-	0.338394793926	0.433839479393	0.195227765727	0.0325379609545
abí-	0.0	0.969696969697	0.030303030303	0.0
'i̱-	0.35085624997	0.461387469489	0.104361075929	0.083395204612
mah-	0.0	1.0	0.0	0.0
joe-	0.331958762887	0.618556701031	0.0	0.0494845360825
eno-	0.125	0.706896551724	0.133620689655	0.0344827586207
dín-	0.224456497773	0.262358336641	0.476914935838	0.0362702297482
no'-	0.708333333333	0.166666666667	0.0	0.125
lis-	0.118579339316	0.811533320603	0.0653045636815	0.0045827763987
yán-	0.0358291226458	0.911805236564	0.0468534680753	0.00551217271476
san-	0.0424903108865	0.155621082246	0.0116254795426	0.790263127325
sue-	0.126984126984	0.777777777778	0.0952380952381	0.0
güé-	0.755427558706	0.136021267169	0.0186087727071	0.0899424014179
xīj-	0.102941176471	0.632352941176	0.110294117647	0.154411764706
pre-	0.138888888889	0.810185185185	0.0138888888889	0.037037037037
pid-	0.0120288692863	0.858861267041	0.124298315958	0.00481154771451
une-	0.575788402849	0.350966429298	0.0732451678535	0.0
nun-	0.31180725601	0.061058967433	0.0194130421388	0.607720734419
euf-	0.0	1.0	0.0	0.0
der-	0.129507364144	0.840020314881	0.0304723209751	0.0
xān-	0.353042479908	0.354190585534	0.154994259472	0.137772675086
neg-	0.0289855072464	0.913043478261	0.0289855072464	0.0289855072464
ayu-	0.232910630213	0.408003675078	0.0319752503257	0.327110444383
yaq-	0.59011627907	0.279069767442	0.0174418604651	0.113372093023
mil-	0.122252010724	0.56890080429	0.0176943699732	0.291152815013
dis-	0.45035541871	0.314821150264	0.135705325579	0.0991181054472
tib-	0.0093023255814	0.976744186047	0.0	0.0139534883721
gan-	0.654246973101	0.148231217251	0.0421273917244	0.155394417924
xxi-	0.159914582062	0.136109416311	0.632519829164	0.0714561724629
aná-	0.205384615385	0.67	0.124615384615	0.0
jnu-	0.610196924737	0.205691934179	0.144658753709	0.0394523873753
nné-	0.410719168718	0.325950232431	0.0278917145201	0.235438884331
nug-	0.0812002830811	0.523274814484	0.031572589855	0.36395231258
lij-	0.083547168137	0.554917953989	0.306258273004	0.0552766048703
arú-	0.432262967889	0.461333840015	0.0	0.106403192096
táj-	0.260049533244	0.227471899409	0.0655362926271	0.446942274719
paf-	0.0434782608696	0.891304347826	0.0	0.0652173913043
sne-	0.290322580645	0.593548387097	0.0967741935484	0.0193548387097
abr-	0.0461281208557	0.932645736032	0.0167574814046	0.0044686617079
zaq-	0.00969305331179	0.873990306947	0.10662358643	0.00969305331179
así-	0.346690589038	0.255562882906	0.0279503315794	0.369796196477
ya'-	0.195337283211	0.460967750506	0.081617694268	0.262077272015
ané-	0.0842907471143	0.613909886508	0.196632707378	0.105166659
her-	0.0275578240213	0.911768562696	0.0492752453675	0.0113983679151
ate-	0.129239230064	0.857928505958	0.012832263978	0.0
xó'-	0.26013986014	0.68951048951	0.0335664335664	0.0167832167832
har-	0.0979284369114	0.902071563089	0.0	0.0
bee-	0.0123583934089	0.987641606591	0.0	0.0
sin-	0.0733632483778	0.339831283018	0.131582454149	0.455223014455
dre-	0.922077922078	0.051948051948	0.0	0.025974025974
urí-	0.184	0.385142857143	0.0548571428571	0.376
dor-	0.255952380952	0.654761904762	0.0238095238095	0.0654761904762
ná'-	0.187096774194	0.638709677419	0.0774193548387	0.0967741935484
pat-	0.0377358490566	0.962264150943	0.0	0.0
lla-	0.0138888888889	0.986111111111	0.0	0.0
yo'-	0.0364247574464	0.868753129149	0.0135783035633	0.0812438098417
gu'-	0.220834959032	0.573546625049	0.144752243465	0.0608661724541
jor-	0.00528169014085	0.942341549296	0.00264084507042	0.0497359154929
daq-	0.315916602317	0.489735907336	0.137945945946	0.0564015444016
naí-	0.0357142857143	0.892857142857	0.0	0.0714285714286
rán-	0.519458141138	0.312867822491	0.0562006256296	0.111473410742
dya-	0.549738219895	0.324607329843	0.0837696335079	0.0418848167539
naa-	0.0102389078499	0.953924914676	0.0358361774744	0.0
a̱m-	0.135130548894	0.0618806280827	0.0169917190823	0.785997103941
'na-	0.334234440277	0.109743617434	0.0151613665955	0.540860575693
jnā-	0.00604335991777	0.745417515275	0.022983801892	0.225555322915
niu-	0.146762589928	0.73237410072	0.0863309352518	0.0345323741007
mar-	0.0199461480145	0.677515488981	0.182364781847	0.120173581157
a'u-	0.494112494428	0.326068035632	0.091348791271	0.0884706786693
nig-	0.268418746133	0.2352804702	0.368117137554	0.128183646113
por-	0.333333333333	0.666666666667	0.0	0.0
goj-	0.183673469388	0.620408163265	0.0979591836734	0.0979591836735
alf-	0.00696594427246	0.993034055728	0.0	0.0
pas-	0.0332107998479	0.946254278109	0.00760552668272	0.0129293953606
cos-	0.0179640718563	0.982035928144	0.0	0.0
ató-	0.122171945701	0.841628959276	0.0	0.0361990950226
hor-	0.0405363318083	0.452252078098	0.0199755138862	0.487236076208
qui-	0.142729291829	0.468142866099	0.3166915418	0.0724363002721
ped-	0.0326842884046	0.922844363734	0.00763384449826	0.0368375033629
say-	0.350066022359	0.538892931821	0.0414755420913	0.0695655037292
che-	0.30447761194	0.64776119403	0.0179104477612	0.0298507462686
epa-	0.0851226993865	0.855828220859	0.0291411042945	0.0299079754601
yac-	0.369891990976	0.347255167543	0.244919579859	0.0379332616216
oro-	0.00690012590489	0.70575891677	0.281919429829	0.0054215274967
asi-	0.116956829288	0.211036755667	0.0503071187901	0.621699296255
gun-	0.659620196391	0.0865931360795	0.0188057974759	0.234980870054
nan-	0.216030902681	0.192183071818	0.0275189977472	0.564267027754
gax-	0.718659770801	0.163830090752	0.0374986591327	0.0800114793144
uva-	0.0165108284272	0.979083008034	0.0	0.00440616353862
tér-	0.252927400468	0.709601873536	0.0187353629977	0.0187353629977
cel-	0.0	1.0	0.0	0.0
tol-	0.171428571429	0.828571428571	0.0	0.0
mel-	0.0844409102957	0.889810291946	0.00908781097353	0.0166609867848
ita-	0.434127587573	0.476995898435	0.0854581865302	0.00341832746121
cue-	0.45014647078	0.38951727817	0.040809816506	0.119526434544
huá-	0.285616905249	0.567143830947	0.0654396728017	0.081799591002
yoo-	0.215075334438	0.183896273928	0.119246972369	0.481781419265
xun-	0.0305012660166	0.907230311256	0.0318182860001	0.0304501367268
eut-	0.0	1.0	0.0	0.0
pud-	0.0	1.0	0.0	0.0
dio-	0.156862745098	0.803921568627	0.0	0.0392156862745
yah-	0.0140424501654	0.677588572351	0.0130740053265	0.295294972157
bab-	0.0580791098612	0.933361863422	0.00366815430703	0.00489087240937
huī-	0.371773656004	0.464872419431	0.00950770324456	0.153846221321
se'-	0.0596026490066	0.913907284768	0.0264900662252	0.0
láz-	0.0395229982964	0.908347529813	0.0204429301533	0.0316865417376
ne'-	0.206896551724	0.297082228117	0.249336870027	0.246684350133
sí'-	0.127500407867	0.0174494855492	0.0027850950099	0.852265011574
moi-	0.0663413300225	0.901383925954	0.00566697010442	0.0266077739189
ura-	0.405893536122	0.540874524715	0.0532319391635	0.0
neq-	0.463768115942	0.159420289855	0.31884057971	0.0579710144927
rio-	0.129693648753	0.845008626427	0.007107917574	0.0181898072462
jud-	0.0362702477797	0.932165454311	0.00950515789323	0.0220591400164
nu'-	0.436261107314	0.222317156528	0.341421736159	0.0
yya-	0.230217734342	0.308740737832	0.0861603342421	0.374881193584
yéj-	0.434482758621	0.48275862069	0.0827586206897	0.0
uzí-	0.0	1.0	0.0	0.0
cis-	0.0	0.955555555556	0.0444444444444	0.0
laq-	0.486486486487	0.261261261261	0.234234234234	0.018018018018
adá-	0.0348583877996	0.874848704914	0.0639070442992	0.0263858629872
sab-	0.0382775119617	0.956937799043	0.00478468899522	0.0
rey-	0.0349871730576	0.920709243114	0.0241067754545	0.0201968083738
nin-	0.318221786755	0.346761631997	0.0870515526078	0.24796502864
mán-	0.0881053786328	0.112008247613	0.0264133140225	0.773473059731
hui-	0.484185424867	0.0282465947553	0.0163819018476	0.471186078531
cie-	0.00353393758056	0.0391089092249	0.0665221678856	0.890834985309
ru̱-	0.123345661404	0.246227581889	0.182629115821	0.447797640886
xic-	0.095499098378	0.701919350358	0.101058909087	0.101522642177
sir-	0.0366056572379	0.905158069884	0.0532445923461	0.00499168053245
duc-	0.192879728767	0.594148317169	0.0765371313719	0.136434822693
unú-	0.680009474183	0.229748934154	0.0476077688299	0.0426338228327
nún-	0.178994987162	0.599095243917	0.108203936912	0.113705832009
ca'-	0.033734939759	0.959036144578	0.00722891566264	0.0
xu'-	0.310639977512	0.296834735732	0.320183665054	0.0723416217021
ta'-	0.468468468468	0.108108108108	0.18018018018	0.243243243243
esr-	0.0	1.0	0.0	0.0
yu'-	0.141763470704	0.362763045015	0.0227842383232	0.472689245958
and-	0.0068306010929	0.989071038251	0.0	0.00409836065574
ALL	0.214136417285	0.257650336955	0.0486225754696	0.47959067029
ana-	0.404143878009	0.500111513262	0.0160912854689	0.0796533232604
xat-	0.0219975086675	0.85698746563	0.0720979390385	0.0489170866637
'ya-	0.555828372439	0.194156912791	0.060933886826	0.189080827944
run-	0.122623150681	0.852331133827	0.0169772970785	0.00806841841354
mae-	0.028650023356	0.947059739451	0.00498261275756	0.0193076244356
cil-	0.00513259195893	0.989734816082	0.00513259195893	0.0
per-	0.37462916815	0.575768363593	0.00901863059214	0.0405838376647
ger-	0.0357142857142	0.928571428571	0.0357142857143	0.0
nuc-	0.126635283383	0.340144342708	0.444154147322	0.0890662265868
cal-	0.178571428571	0.821428571429	0.0	0.0
fel-	0.0131831914309	0.976013915591	0.00695779547744	0.00384509750068
dag-	0.588515145723	0.320863781595	0.0506358884196	0.0399851842626
chu-	0.0967741935484	0.870967741936	0.0322580645161	0.0
zor-	0.0	1.0	0.0	0.0
raj-	0.554309740715	0.12193412754	0.0	0.323756131745
rīj-	0.887935923431	0.0950971480955	0.0	0.0169669284732
lid-	0.0136054421769	0.986394557823	0.0	0.0
guy-	0.200491400491	0.583292383292	0.0982800982801	0.117936117936
olí-	0.0	0.869565217391	0.130434782609	0.0
gas-	0.0865478340071	0.824807050063	0.0880858407504	0.000559275179369
ata-	0.672386267674	0.143774733563	0.0305083146056	0.153330684157
tie-	0.541666666667	0.416666666667	0.0	0.0416666666667
far-	0.0110338286437	0.976067024976	0.00923174201707	0.00366740436295
fra-	0.102508178844	0.890948745911	0.00654307524537	0.0
xa̱-	0.264390454679	0.40765435316	0.128853087575	0.199102104586
si'-	0.178680876677	0.651551500448	0.0775354800591	0.0922321428161
rud-	0.0	1.0	0.0	0.0
mmí-	0.100222717149	0.759465478842	0.140311804009	0.0
mes-	0.239992768579	0.698208716875	0.00421832863793	0.0575801859078
únj-	0.00734935034174	0.00686112125447	0.00127448510559	0.984515043298
num-	0.663021137304	0.224314242939	0.094394681418	0.018269938339
u'y-	0.299319727891	0.21768707483	0.149659863946	0.333333333333
med-	0.0	1.0	0.0	0.0
nej-	0.00745432870362	0.0151383618941	0.00651245256071	0.970894856842
adi-	0.204921621858	0.456169541991	0.165513617655	0.173395218495
saú-	0.60989010989	0.357142857143	0.0	0.0329670329671
ami-	0.0239520958084	0.97005988024	0.0059880239521	0.0
tán-	0.419968304279	0.532488114105	0.00950871632329	0.0380348652932
gue-	0.381634132383	0.186407672283	0.100830769662	0.331127425673
ome-	0.0206896551724	0.951724137931	0.0224137931035	0.0051724137931
arm-	0.0	1.0	0.0	0.0
ram-	0.0	1.0	0.0	0.0
xe̱-	0.110443386841	0.130071791562	0.115283267457	0.64420155414
mir-	0.0399239543726	0.925855513308	0.0228136882129	0.0114068441065
eub-	0.169811320755	0.830188679245	0.0	0.0
jai-	0.0870967741936	0.758064516129	0.0451612903226	0.109677419355
str-	0.1624491353	0.824477047304	0.00806682349948	0.00500699389624
tal-	0.0718879535991	0.768303574012	0.0310307713377	0.128777701051
güi-	0.0676158011454	0.792854272678	0.00497406941358	0.134555856763
re̱-	0.0634988158863	0.0139176143163	0.00532243185676	0.917261137941
axi-	0.305507101919	0.56192374782	0.0767505606778	0.0558185895838
sca-	0.0693425292769	0.106015376171	0.0253450742221	0.79929702033
zaf-	0.016348773842	0.697547683924	0.286103542234	0.0
pue-	0.0	1.0	0.0	0.0
pon-	0.0267558528428	0.973244147157	0.0	0.0
req-	0.570057581574	0.257197696737	0.172744721689	0.0
gól-	0.0	0.99746835443	0.00253164556962	0.0
hig-	0.0400296515938	0.906968124537	0.0507783543365	0.00222386953299
na̱-	0.516023543696	0.256298001189	0.124927148678	0.102751306436
nga-	0.0545735729945	0.0341942431608	0.00223025989934	0.909001923945
ben-	0.0	1.0	0.0	0.0
dió-	0.147058823529	0.823529411765	0.0294117647059	0.0
ni̱-	0.0693274639813	0.0434335477736	0.0300724284985	0.857166559747
sti-	0.301786080887	0.65715458838	0.0229932252104	0.0180661055225
nni-	0.0382371473203	0.923588678264	0.0170782515699	0.0210959228463
hac-	0.167763157895	0.832236842105	0.0	0.0
már-	0.0	0.920879120879	0.0791208791209	0.0
lam-	0.0	0.996648044693	0.00335195530726	0.0
nar-	0.509849405535	0.38570809621	0.0574044536724	0.0470380445826
gat-	0.699636317003	0.0659714063422	0.00525806164688	0.229134215008
nut-	0.186746987952	0.343373493976	0.144578313253	0.325301204819
cua-	0.161215446297	0.543785608778	0.165435745938	0.129563198987
huí-	0.418885523603	0.253272072928	0.0445806998309	0.283261703638
chr-	0.121404719691	0.464725569972	0.0374536803532	0.376416029985
uts-	0.2028453419	0.683340982102	0.0917852225791	0.022028453419
sat-	0.141755495954	0.815688971414	0.0115535382711	0.0310019943608
xi̱-	0.140047938575	0.303117886207	0.395095140012	0.161739035206
sió-	0.0635062611806	0.931127012522	0.0	0.00536672629696
esl-	0.0	1.0	0.0	0.0
ani-	0.396431611313	0.299601199156	0.0895642522873	0.214402937244
gud-	0.39293876586	0.54180786508	0.0283710300261	0.0368823390338
nad-	0.413567534827	0.389945487583	0.130345245306	0.0661417322835
abi-	0.0	1.0	0.0	0.0
xéj-	0.118852459016	0.860655737705	0.0204918032787	0.0
fle-	0.0	1.0	0.0	0.0
ahu-	0.328754120347	0.506372961077	0.0916511612531	0.0732217573222
doc-	0.666553710606	0.227041680786	0.00813283632666	0.0982717722806
ban-	0.119590338515	0.880409661485	0.0	0.0
ún'-	0.0279540771474	0.0743816020205	0.00268615895549	0.894978161877
xuj-	0.194408516154	0.324900373685	0.0269301305829	0.453760979578
cés-	0.0757007211146	0.897869285738	0.0225144386074	0.00391555454041
ter-	0.0	1.0	0.0	0.0
tra-	0.0	0.990566037736	0.00943396226414	0.0
yej-	0.0923064293498	0.847068438105	0.0503846495897	0.0102404829551
xuc-	0.117594113	0.811433789891	0.0222190322165	0.0487530648924
nam-	0.546912590217	0.323442929698	0.124298315958	0.00534616412724
nnā-	0.0566037735849	0.735849056604	0.169811320755	0.0377358490566
arq-	0.0857142857142	0.914285714286	0.0	0.0
roc-	0.478939157566	0.521060842434	0.0	0.0
sid-	0.0302182428651	0.953553441522	0.00615556799105	0.0100727476217
oli-	0.0788897005114	0.918918918919	0.00219138056976	0.0
síj-	0.289050692606	0.142106339701	0.155062158385	0.413780809309
luc-	0.00793650793651	0.984126984127	0.0	0.0079365079365
par-	0.020202020202	0.979797979798	0.0	0.0
jec-	0.0441176470588	0.941176470588	0.0147058823529	0.0
doj-	0.124165742115	0.0637002571034	0.357164212651	0.454969788131
dec-	0.0257510729614	0.708154506438	0.00858369098712	0.257510729614
xig-	0.146217058657	0.673552144302	0.121016992212	0.059213804829
eli-	0.0475820684787	0.914295799506	0.025414754677	0.0127073773385
ats-	0.272829229738	0.673998497866	0.030848035894	0.0223242365023
nu̱-	0.1983205018	0.104722147962	0.0481863352392	0.648771014999
nná-	0.117392558408	0.800980674935	0.0790308624171	0.00259590423998
di'-	0.0887660543001	0.482523166965	0.217037880019	0.211672898716
col-	0.0	1.0	0.0	0.0
xu̱-	0.148285962313	0.15020058421	0.0653878462609	0.636125607216
díd-	0.0338983050847	0.932203389831	0.0169491525424	0.0169491525424
pan-	0.0401069518716	0.947860962567	0.0	0.0120320855615
huu-	0.303538175047	0.469273743017	0.182495344506	0.0446927374302
diá-	0.112631578947	0.754736842105	0.12	0.0126315789474
nim-	0.154730274357	0.474113833387	0.0588164559247	0.312339436331
dig-	0.432918633435	0.431038850421	0.0737183418112	0.0623241743332
jez-	0.35	0.625	0.025	0.0
roj-	0.030303030303	0.939393939394	0.030303030303	0.0
ari-	0.0978260869565	0.86277173913	0.0244565217391	0.0149456521739
efr-	0.0	1.0	0.0	0.0
dux-	0.929824561404	0.0701754385965	0.0	0.0
cre-	0.0349344978166	0.947598253275	0.0174672489083	0.0
lir-	0.22977809592	0.77022190408	0.0	0.0
lat-	0.0247218788628	0.888751545117	0.0865265760198	0.0
pen-	0.0560224089636	0.834733893557	0.00840336134454	0.100840336134
rab-	0.038961038961	0.857142857143	0.0	0.103896103896
ape-	0.0689655172414	0.931034482759	0.0	0.0
'ni-	0.103261230583	0.76220288345	0.099237590709	0.0352982952577
jon-	0.00777655663773	0.980558608406	0.0103687421837	0.00129609277295
dun-	0.678490676015	0.172935446182	0.0592557499359	0.0893181278668
rec-	0.0883534136546	0.838018741633	0.0562248995984	0.0174029451138
mmi-	0.0357619428876	0.915799306112	0.0153456098212	0.0330931411796
a'm-	0.507749691196	0.235872357689	0.0731112202113	0.183266730903
isr-	0.0360260803947	0.834251694898	0.110312254862	0.0194099698453
ber-	0.0696303709044	0.86940892202	0.0430069937939	0.0179537132822
ca̱-	0.156888880857	0.799745027996	0.0245523575536	0.0188137335926
tia-	0.0	1.0	0.0	0.0
nnē-	0.405393573242	0.0882584712372	0.0246038000175	0.481744155503
mig-	0.39824120603	0.484924623116	0.0565326633165	0.0603015075377
car-	0.162655843522	0.650487701929	0.0392846272677	0.147571827281
yān-	0.281862745098	0.338235294118	0.313725490196	0.0661764705882
a̱'-	0.208599585357	0.189997443981	0.052540399307	0.548862571356
do'-	0.12849521859	0.817166829075	0.023452854807	0.0308850975275
le'-	0.113594498342	0.362581358222	0.440623848704	0.0832002947317
ang-	0.0389667902233	0.232686707682	0.334261311478	0.394085190616
pun-	0.103359173127	0.741602067183	0.129198966408	0.0258397932817
yyá-	0.473381730188	0.258620689655	0.105868118572	0.162129461585
dug-	0.227456653143	0.311992105574	0.0975877880863	0.362963453196
riu-	0.189977973568	0.573237885462	0.162444933921	0.0743392070484
day-	0.363837406908	0.340973753524	0.0480539971389	0.247134842428
si--	0.162273664688	0.713952525328	0.0524371669455	0.0713366430387
fia-	0.149253731343	0.820895522388	0.0298507462686	0.0
cai-	0.0593265633351	0.911811865313	0.0208444681988	0.00801710315339
sod-	0.00908746686861	0.987126088603	0.00151457781144	0.00227186671715
zap-	0.125040597597	0.684421348923	0.14290354011	0.0476345133701
ruj-	0.786458333333	0.177083333333	0.0364583333333	0.0
cum-	0.0	0.835616438356	0.0	0.164383561644
hué-	0.0941827509632	0.0682570761602	0.0492335625711	0.788326610305
zab-	0.0	0.993520154843	0.00647984515695	0.0
si̱-	0.260551311375	0.0840636500251	0.0319009514728	0.623484087127
diy-	0.2166344294	0.251450676983	0.299806576402	0.232108317215
óni-	0.0	0.849056603774	0.150943396226	0.0
ngü-	0.034590053461	0.498843052616	0.0153353835141	0.451231510409
xia-	0.00322330109009	0.0344279254527	0.0701605203943	0.892188253063
ne̱-	0.121158875751	0.296807013666	0.13600324161	0.446030868973
met-	0.0180995475113	0.886877828054	0.00452488687782	0.0904977375565
sa̱-	0.1100966701	0.211131826559	0.428193035396	0.250578467945
'yá-	0.493339575265	0.139166702132	0.111716389326	0.255777333277
mna-	0.0746268656716	0.835820895522	0.0597014925373	0.0298507462687
nef-	0.0128212243992	0.987178775601	0.0	0.0
ces-	0.0392826643894	0.915627668659	0.0122971818958	0.0327924850555
nne-	0.255252182593	0.424657421579	0.0802734360264	0.239816959801
nor-	0.0	0.614864864865	0.101351351351	0.283783783784
ruc-	0.294932326094	0.309726156752	0.0638967579477	0.331444759207
cob-	0.133809099019	0.866190900981	0.0	0.0
mat-	0.00551217271475	0.994487827285	0.0	0.0
nit-	0.146099800576	0.0893482339112	0.030786955732	0.733765009781
stu-	0.161117455855	0.638818120589	0.185305572638	0.014758850918
tró-	0.020942408377	0.947643979058	0.0314136125654	0.0
ru'-	0.55595026643	0.198934280639	0.159857904085	0.0852575488455
xi'-	0.0897399668207	0.164243208695	0.0285857333786	0.717431091106
xín-	0.55	0.3	0.05	0.1
chi-	0.0837273001834	0.401935894791	0.0427009230934	0.471635881932
ala-	0.0443213296399	0.800554016621	0.15512465374	0.0
jul-	0.120967741935	0.770161290323	0.0	0.108870967742
gob-	0.0545407183094	0.9074598678	0.0115593761193	0.0264400377715
to̱-	0.045	0.85	0.105	0.0
nah-	0.565706377641	0.218699035427	0.0545044411931	0.161090145739
zac-	0.0872733483248	0.849762318181	0.0358657595855	0.0270985739091
xit-	0.304023537306	0.417761375074	0.220920329316	0.0572947583038
líj-	0.0930232558139	0.720930232558	0.178294573643	0.00775193798449
rag-	0.0	1.0	0.0	0.0
feb-	0.0833333333333	0.916666666667	0.0	0.0
anu-	0.465805279362	0.35360621814	0.0929692626053	0.087619239893
amé-	0.0303389089968	0.135293895539	0.0130266628549	0.82134053261
quī-	0.275590551181	0.496062992126	0.0629921259842	0.165354330709
tre-	0.025	0.875	0.0	0.1
'ue-	0.32923317057	0.439523750325	0.180860688855	0.0503823902499
gay-	0.540963846874	0.378149235472	0.0538693682176	0.0270175494362
urī-	0.260974871329	0.117468967605	0.00999091734786	0.611565243718
dan-	0.177329114217	0.200981676817	0.0203972734388	0.601291935528
lug-	0.149048625793	0.803382663848	0.0285412262156	0.0190274841437
urr-	0.116591452084	0.861109636315	0.00414122644013	0.0181576851606
apó-	0.0227841792355	0.931410127093	0.0423643332662	0.00344136040537
gre-	0.0	1.0	0.0	0.0
ser-	0.0182926829268	0.981707317073	0.0	0.0
uyu-	0.69641734758	0.213073538655	0.0905091137649	0.0
cri-	0.0245159776239	0.912786204402	0.00693757668724	0.0557602412872
mis-	0.0545454545454	0.945454545455	0.0	0.0
su̱-	0.116666666667	0.275	0.0	0.608333333333
cu̱-	0.233193277311	0.728991596639	0.0	0.0378151260504
xum-	0.154186822999	0.486580862554	0.00582685454665	0.3534054599
ran-	0.333872432425	0.361375325842	0.169109616235	0.135642625498
din-	0.0792199058507	0.849293880296	0.0584398117014	0.013046402152
yai-	0.231741573034	0.395599250936	0.324906367041	0.0477528089888
zel-	0.0	0.959183673469	0.0408163265306	0.0
nac-	0.658614872711	0.199312456129	0.0308343946675	0.111238276493
rin-	0.238787878788	0.186666666667	0.263636363636	0.310909090909
agr-	0.0360810435748	0.952262003886	0.00666111573688	0.00499583680267
squ-	0.0985673034207	0.518130830742	0.320135495335	0.063166370502
naq-	0.545454545455	0.140495867769	0.165289256198	0.148760330579
sos-	0.0	1.0	0.0	0.0
cad-	0.135533294048	0.836181496759	0.0176782557454	0.0106069534473
fél-	0.0883534136547	0.858510966945	0.0296570898981	0.0234785295026
tat-	0.103953476002	0.733106724464	0.00317415193898	0.159765647595
bit-	0.0252365930599	0.97476340694	0.0	0.0
uri-	0.0264248572869	0.0590897038442	0.114209416368	0.800276022501
xil-	0.0291304915464	0.928356942359	0.0339447744631	0.0085677916313
yyó-	0.608108108108	0.364864864865	0.027027027027	0.0
rig-	0.0165354330709	0.80157480315	0.057874015748	0.124015748031
náj-	0.373801916933	0.396166134185	0.105431309904	0.124600638978
du'-	0.164669130267	0.494633377422	0.065857950469	0.274839541843
rá'-	0.176881498375	0.0799109307379	0.131395119148	0.611812451739
nia-	0.281003018885	0.268804374857	0.183720758575	0.266471847683
xán-	0.151788211545	0.78417423662	0.0249291646906	0.0391083871439
sia-	0.501259445844	0.438287153652	0.0302267002519	0.0302267002519
sis-	0.0824256289044	0.00538968950059	0.00183194117056	0.910352740424
esp-	0.0156556098654	0.944386430777	0.0357203506724	0.00423760868536
né'-	0.151506929824	0.0453894151185	0.0138968781801	0.789206776877
aug-	0.179551122194	0.783042394015	0.0299251870324	0.00748129675812
saj-	0.409426396596	0.468841275377	0.0584315174528	0.0633008105738
mos-	0.0968454797002	0.848530503139	0.0314022127638	0.0232218043968
sur-	0.118835947874	0.351803920686	0.270081699714	0.259278431726
riq-	0.465237122487	0.173067148465	0.038404695663	0.323291033385
xí'-	0.103661985146	0.680372799535	0.016148033292	0.199817182027
fri-	0.054054054054	0.854054054054	0.0810810810811	0.0108108108108
reg-	0.125	0.84375	0.03125	0.0
go̱-	0.14490123751	0.144158857651	0.0541282395148	0.656811665324
pla-	0.008685581934	0.91835552982	0.0667549011498	0.0062039870957
mac-	0.00425133917183	0.976192500638	0.0195561601905	0.0
ico-	0.0423110276051	0.386977886978	0.0238473767885	0.546863708628
bet-	0.0448062432723	0.936356297094	0.0021528525296	0.0166846071044
elm-	0.0	1.0	0.0	0.0
pér-	0.0	1.0	0.0	0.0
sal-	0.0881930805257	0.879286901345	0.0104245354283	0.0220954827013
ria-	0.00470247184547	0.0210500102653	0.0031003297098	0.971147188179
'yó-	0.263157894737	0.719298245614	0.0175438596491	0.0
neá-	0.037037037037	0.962962962963	0.0	0.0
gab-	0.0	1.0	0.0	0.0
huē-	0.35011539267	0.0965079071292	0.0157676036264	0.537609096575
cam-	0.0193576040817	0.980642395918	0.0	0.0
yan-	0.127595182672	0.714607197902	0.0176033976619	0.140194221764
gua-	0.0554624409569	0.92259637361	0.0109705927167	0.0109705927168
yun-	0.229509997963	0.436766162342	0.0781031784725	0.255620661222
rug-	0.391244817427	0.500680753521	0.0608062890856	0.047268139966
min-	0.0401738391451	0.94547836116	0.0057391198779	0.0086086798168
xur-	0.0693362332308	0.474517519795	0.431939102859	0.0242071441154
est-	0.112540744818	0.624440241964	0.0208579451623	0.242161068055
dám-	0.0	1.0	0.0	0.0
ren-	0.0740305522914	0.606345475911	0.179788484136	0.139835487662
alt-	0.00295857988166	0.997041420118	0.0	0.0
nna-	0.176623464951	0.784964019245	0.024332043773	0.0140804720311
pañ-	0.072998755703	0.881377021983	0.0364993778515	0.00912484446286
cúj-	0.08536845833	0.795133429698	0.0710381835979	0.0484599283739
das-	0.279714940188	0.565029269534	0.129804021379	0.025451768898
tab-	0.0454545454545	0.954545454545	0.0	0.0
naz-	0.0238648363252	0.965997888068	0.00633579725449	0.00380147835269
gal-	0.0128204317529	0.970359667649	0.0141641268195	0.00265577377866
huā-	0.436505336312	0.253124844875	0.178883097543	0.131486721271
xá'-	0.233576642336	0.671532846715	0.0948905109489	0.0
cui-	0.361739677887	0.335375136106	0.222258918481	0.080626267526
sel-	0.262679258482	0.700594613501	0.0272822665267	0.00944386149003
ta̱-	0.25716268725	0.324538480548	0.0454552624522	0.37284356975
tej-	0.0975609756098	0.829268292683	0.0731707317073	0.0
ati-	0.386666666667	0.186666666667	0.226666666667	0.2
yún-	0.120450909639	0.217136790152	0.0464441232173	0.615968176992
sno-	0.171480028573	0.608119107488	0.167472740138	0.0529281238021
gur-	0.543074044201	0.376796452624	0.0424621888074	0.0376673143673
ra̱-	0.430581613508	0.414634146341	0.140712945591	0.0140712945591
mun-	0.546368715084	0.150837988827	0.0905027932961	0.212290502793
cer-	0.121789767071	0.833416285089	0.0373282898666	0.00746565797332
xíj-	0.756637168142	0.203539823009	0.0398230088496	0.0
ged-	0.0	1.0	0.0	0.0
ché-	0.495524790728	0.306406954282	0.0389568576948	0.159111397296
one-	0.012987012987	0.961038961039	0.025974025974	0.0
daj-	0.0688756201583	0.0190729481596	0.00260943131779	0.909442000364
rot-	0.503164584065	0.380101232432	0.116734183503	0.0
sto-	0.693693693694	0.27027027027	0.0	0.0360360360361
gog-	0.030303030303	0.939393939394	0.030303030303	0.0
saf-	0.0	1.0	0.0	0.0
rún-	0.130311972099	0.0482424605966	0.047034560086	0.774411007218
unu-	0.40557006337	0.397936072001	0.0433078417003	0.153186022928
sil-	0.0438532378307	0.941529016226	0.00350825902646	0.0111094869171
evo-	0.133333333333	0.866666666667	0.0	0.0
jas-	0.0656804733728	0.881065088757	0.0426035502959	0.010650887574
ri'-	0.443534984768	0.299208833828	0.135622749326	0.121633432078
dré-	0.233576642336	0.284671532847	0.481751824818	0.0
gen-	0.0204081632653	0.881632653061	0.0816326530612	0.0163265306122
acu-	0.118981240624	0.236378397673	0.139488007391	0.505152354312
ga'-	0.617518670419	0.156239773118	0.0869773337396	0.139264222723
rei-	0.0278637770898	0.925696594427	0.0278637770898	0.0185758513932
egi-	0.0563882940757	0.862853064138	0.0715815234017	0.00917711838483
nnī-	0.0818181818182	0.785454545455	0.0	0.132727272727
sau-	0.0787181801011	0.860422656398	0.0107028184088	0.0501563450924
sín-	0.0	1.0	0.0	0.0
esm-	0.0279069767442	0.832558139535	0.139534883721	0.0
pri-	0.0	1.0	0.0	0.0
poz-	0.232452830189	0.496603773585	0.0279245283019	0.243018867925
tro-	0.194105691057	0.797510162602	0.00685975609756	0.0015243902439
ela-	0.0	1.0	0.0	0.0
re'-	0.357494431122	0.356247330861	0.0803531896188	0.205905048398
jam-	0.0754716981132	0.924528301887	0.0	0.0
jna-	0.379400523313	0.472019185941	0.0849140963869	0.0636661943586
nag-	0.665872701557	0.186699730746	0.077883340714	0.0695442269824
etí-	0.464615384615	0.406153846154	0.0738461538461	0.0553846153846
itu-	0.0285087719298	0.203947368421	0.235745614035	0.531798245614
nán-	0.226276977316	0.162904383228	0.038893443827	0.571925195629
fen-	0.0635838150289	0.774566473989	0.028901734104	0.132947976879
ras-	0.158594703223	0.680766628046	0.0355989377736	0.125039730957
que-	0.222222222222	0.587301587302	0.0634920634921	0.126984126984
dān-	0.129715521769	0.503370083536	0.0894301599826	0.277484234712
tir-	0.01261829653	0.977917981073	0.00630914826499	0.00315457413249
man-	0.0674319132432	0.0721070029594	0.0514625188934	0.808998564904
men-	0.0	1.0	0.0	0.0
rob-	0.0	1.0	0.0	0.0
fue-	0.301906309465	0.487635509745	0.136568912262	0.0738892685275
ceb-	0.0191082802548	0.980891719745	0.0	0.0
púb-	0.0676691729323	0.766917293233	0.0300751879699	0.135338345865
xo̱-	0.533923897725	0.349305415744	0.0442923293739	0.0724783571573
coj-	0.179307805395	0.674990042103	0.0194363956193	0.126265756883
sra-	0.26875	0.65625	0.0625	0.0125
acō-	0.570351758794	0.263819095477	0.150753768844	0.0150753768844
cin-	0.0	1.0	0.0	0.0
güe-	0.214913153957	0.380898404619	0.153653723705	0.250534717718
com-	0.0	1.0	0.0	0.0
mag-	0.0232889118903	0.960667615474	0.0025876568767	0.0134558157588
job-	0.0	0.966666666667	0.0333333333333	0.0
cef-	0.0663900414938	0.84785615491	0.0276625172891	0.058091286307
ará-	0.361016121153	0.518808011724	0.0498290180752	0.0703468490474
aqu-	0.443037974683	0.515741642324	0.0113599480688	0.0298604349237
mí'-	0.281172891263	0.176077426155	0.0171286203675	0.525621062214
yūn-	0.0215572280559	0.0415821653372	0.00540808508721	0.93145252152
dru-	0.0263157894737	0.921052631579	0.0526315789474	0.0
ro̱-	0.210186899146	0.637810752175	0.122444815987	0.0295575326924
adr-	0.197115384615	0.634615384616	0.149038461538	0.0192307692308
mon-	0.154750563469	0.818760601343	0.0209122383066	0.00557659688176
alo-	0.0263157894737	0.947368421053	0.0263157894737	0.0
ofr-	0.154373730794	0.740564772597	0.0767845511322	0.0282769454768
ano-	0.732217573222	0.0585774058577	0.142259414226	0.0669456066945
yaj-	0.101195559351	0.851930923238	0.0142328494165	0.0326406679951
sun-	0.240323130143	0.577455962608	0.0282612744414	0.153959632808
las-	0.0384615384615	0.961538461538	0.0	0.0
aar-	0.00775193798451	0.949612403101	0.0426356589148	0.0
eti-	0.198463508323	0.641485275288	0.121638924456	0.0384122919334
vin-	0.0213581873051	0.946429464628	0.0266102005769	0.00560214748987
elí-	0.0093577201191	0.984900042535	0.00127605274351	0.0044661846023
ním-	0.0596144043973	0.364079614681	0.563642418285	0.0126635626365
sig-	0.09900990099	0.821782178218	0.0792079207921	0.0
gaj-	0.513274336283	0.12389380531	0.0353982300885	0.327433628319
a'n-	0.252756927366	0.463142459172	0.227513268225	0.0565873452366
go'-	0.474582745897	0.457231639209	0.055146134755	0.0130394801391
gah-	0.66452745502	0.0744602348113	0.0567368742813	0.204275435887
nuh-	0.0241634974819	0.920074585252	0.0483269949637	0.00743492230211
de̱-	0.507936507937	0.349206349206	0.042328042328	0.100529100529
reb-	0.132698196665	0.806056481797	0.0408302143586	0.0204151071793
tíq-	0.0564516129032	0.927419354839	0.00806451612902	0.00806451612902
bar-	0.0416060517894	0.915624090777	0.0392784405004	0.00349141693337
gán-	0.459770114942	0.526436781609	0.0	0.0137931034483
zeb-	0.0	1.0	0.0	0.0
pis-	0.078431372549	0.882352941177	0.0392156862745	0.0
amó-	0.0	1.0	0.0	0.0
sná-	0.0358422939068	0.938556067588	0.0256016385049	0.0
his-	0.119402985075	0.850746268657	0.0	0.0298507462686
anf-	0.078431372549	0.921568627451	0.0	0.0
da̱-	0.253907726368	0.146496043094	0.0333922033717	0.566204027166
fan-	0.0	1.0	0.0	0.0
rit-	0.433962264151	0.301886792453	0.264150943396	0.0
quí-	0.26832460733	0.651178010471	0.0736256544502	0.00687172774869
heb-	0.0347642875955	0.919410060574	0.0395048722676	0.00632077956281
utā-	0.0	1.0	0.0	0.0
gag-	0.609931868906	0.261306237519	0.0879537178432	0.0408081757312
xug-	0.38250472218	0.415157429331	0.170461770938	0.031876077551
caj-	0.128375504997	0.854879863917	0.0167446310865	0.0
fir-	0.35	0.6	0.05	0.0
sed-	0.0612244897959	0.571428571429	0.367346938776	0.0
sa'-	0.501156871819	0.213789912078	0.0971772327626	0.187875983341
arf-	0.0	1.0	0.0	0.0
sūn-	0.170637902834	0.288566671087	0.0353653684629	0.505430057616
amá-	0.600614264589	0.399385735411	0.0	0.0
aer-	0.0	0.957983193277	0.0420168067227	0.0
fes-	0.0999728755764	0.862827914907	0.0162746541636	0.0209245553532
dix-	0.909090909091	0.0606060606061	0.030303030303	0.0
gaq-	0.346831513209	0.439877759621	0.137595385914	0.0756953412553
lep-	0.131474103586	0.613545816733	0.215139442231	0.0398406374502
di̱-	0.60444071263	0.278382574167	0.0502959789602	0.0668807342428
atú-	0.138287638288	0.751683501684	0.02886002886	0.0811688311688
uny-	0.337236533958	0.578454332553	0.0421545667447	0.0421545667447
dav-	0.0118206224563	0.965979122797	0.00292701127489	0.0192732434716
na'-	0.401912729814	0.144059945119	0.0913667694536	0.362660555614
pát-	0.0	1.0	0.0	0.0
'ní-	0.390342052314	0.319919517103	0.0482897384306	0.241448692153
jop-	0.00778210116731	0.986381322957	0.00389105058366	0.00194552529183
tan-	0.0579439252336	0.797757009346	0.120747663551	0.0235514018692
ya̱-	0.139667979915	0.577954548883	0.201218972102	0.0811584990999
ale-	0.0790094339623	0.794811320755	0.122641509434	0.00353773584906
cas-	0.395451107812	0.5530153217	0.0265762863785	0.0249572841097
ema-	0.0379746835443	0.943037974684	0.0189873417721	0.0
abo-	0.0892857142857	0.875	0.0	0.0357142857143
aga-	0.157549728752	0.78125	0.0228865280289	0.0383137432188
ama-	0.20829015544	0.533678756477	0.254922279793	0.00310880829015
caí-	0.0732739194277	0.899248360787	0.0213715598331	0.00610615995231
tu̱-	0.331594128131	0.515746646656	0.0769158615515	0.0757433636619
scu-	0.921568627451	0.078431372549	0.0	0.0
xiq-	0.310093722608	0.644241790844	0.0084957184276	0.0371687681208
bue-	0.140350877193	0.842105263158	0.0	0.0175438596491
urá-	0.275862068965	0.655172413793	0.0591133004926	0.00985221674877
xoc-	0.051724137931	0.948275862069	0.0	0.0
'yā-	0.510918900402	0.093003339899	0.0102766121435	0.385801147555
boa-	0.0365853658536	0.939024390244	0.0243902439024	0.0
aru-	0.228782287823	0.546125461255	0.157195571956	0.0678966789668
acá-	0.487972508591	0.347079037801	0.0	0.164948453608
jef-	0.0	1.0	0.0	0.0
leo-	0.041095890411	0.849315068493	0.109589041096	0.0
ant-	0.0709174546384	0.900971121901	0.00460005111168	0.0235113723486
gui-	0.564246486944	0.157921641264	0.0340076378591	0.243824233932
dia-	0.203481471713	0.441909534485	0.0122642753528	0.342344718449
yaa-	0.573347446801	0.272073584699	0.1208526481	0.0337263204
ven-	0.129032258065	0.401433691756	0.462365591398	0.00716845878136
pol-	0.0824161760942	0.855131814692	0.0389045303302	0.0235474788841
cle-	0.107142857143	0.857142857143	0.0357142857143	0.0
poe-	0.327364297706	0.628987129267	0.0436485730274	0.0
aya-	0.61263467189	0.286483839373	0.0450538687561	0.0558276199805
rum-	0.439716312057	0.54609929078	0.0	0.0141843971631
sar-	0.0649895178197	0.907756813417	0.0167714884696	0.0104821802935
lao-	0.0	0.988505747126	0.0114942528736	0.0
xar-	0.153782211139	0.827514546966	0.00623441396508	0.0124688279302
ret-	0.0983965014577	0.838192419825	0.0524781341108	0.0109329446064
sēj-	0.597591215019	0.267091746369	0.0403825717322	0.0949344668792
teu-	0.421686746988	0.506024096385	0.0	0.0722891566265
dam-	0.0362047440699	0.947565543071	0.0112359550562	0.00499375780275
put-	0.0	1.0	0.0	0.0
tin-	0.0	1.0	0.0	0.0
gaz-	0.0	0.912280701754	0.0	0.0877192982456
art-	0.126984126984	0.84126984127	0.0	0.031746031746
co̱-	0.131233257087	0.0776176787569	0.0	0.791149064156
xac-	0.339518094255	0.564171021016	0.0487481247316	0.0475627599965
bal-	0.108843537415	0.850340136054	0.0340136054422	0.00680272108844
apo-	0.0984896161108	0.804751415985	0.00471994965387	0.0920390182505
obi-	0.1	0.833333333333	0.0666666666667	0.0
efa-	0.0188679245283	0.981132075472	0.0	0.0
pró-	0.0	0.966666666667	0.0333333333333	0.0
sad-	0.0262768319763	0.90710584752	0.0166543301258	0.0499629903775
sós-	0.0545454545454	0.927272727273	0.0181818181818	0.0
'uē-	0.26224328594	0.630331753555	0.0821484992101	0.0252764612954
top-	0.0	0.771929824561	0.228070175439	0.0
tun-	0.0476713971617	0.933439936038	0.00779532280631	0.0110933439936
isc-	0.0129032258065	0.987096774194	0.0	0.0
lut-	0.2	0.735483870968	0.0516129032258	0.0129032258064
eur-	0.0566037735849	0.698113207547	0.150943396226	0.0943396226415
asó-	0.109375	0.796875	0.0	0.09375
yōj-	0.339622641509	0.169811320755	0.0	0.490566037736
beo-	0.0	1.0	0.0	0.0
tas-	0.00353356890459	0.957597173145	0.017667844523	0.0212014134275
amp-	0.0	1.0	0.0	0.0
set-	0.0	1.0	0.0	0.0
ele-	0.0	1.0	0.0	0.0
dri-	0.541760722348	0.295711060948	0.126410835214	0.0361173814898
cú'-	0.0689167697473	0.705778406079	0.148436119456	0.0768687047182
eun-	0.0321100917431	0.894495412844	0.0642201834862	0.00917431192661
mmá-	0.496894409938	0.428571428571	0.0372670807453	0.0372670807453
rom-	0.0413631633715	0.704994797086	0.238813735692	0.0148283038502
lot-	0.0628272251309	0.765706806283	0.171465968586	0.0
du̱-	0.451221145829	0.366844148241	0.0902242052993	0.0917105006308
era-	0.0387096774193	0.948387096774	0.0	0.0129032258064
sus-	0.0540540540541	0.945945945946	0.0	0.0
jes-	0.0123247166582	0.642451043132	0.00427094141622	0.340953298794
bro-	0.0961538461538	0.788461538461	0.115384615385	0.0
nín-	0.14480160849	0.760328372155	0.0499315891343	0.0449384302209
naj-	0.243376463339	0.285274183611	0.0739371534196	0.39741219963
bla-	0.315234749281	0.392526349409	0.204088150751	0.0881507505589
yat-	0.0893578515335	0.753902336554	0.119736289306	0.0370035226061
uda-	0.385511923973	0.512282589206	0.0591715976331	0.0430338891877
jná-	0.0349842050364	0.913558321794	0.0221245204067	0.0293329527628
suf-	0.068796068796	0.931203931204	0.0	0.0
riā-	0.014215455514	0.0206387354129	0.00161046554843	0.963535343525
atā-	0.315711595496	0.0594104653478	0.0419635381221	0.582914401034
cen-	0.0851700523681	0.867928871497	0.0132358865167	0.0336651896185
get-	0.0	1.0	0.0	0.0
sam-	0.0480848556276	0.925044195639	0.0141426045963	0.0127283441367
yu̱-	0.158145964627	0.390045097933	0.200227107716	0.251581829723
jua-	0.0328991751408	0.920593335734	0.0138649184453	0.03264257068
anē-	0.298372513562	0.316455696203	0.341772151899	0.0433996383364
gac-	0.565369551879	0.210980694059	0.0569840873373	0.166665666724
isl-	0.0	1.0	0.0	0.0
xaj-	0.251149954002	0.270469181233	0.0	0.478380864765
noé-	0.0266479663394	0.969144460028	0.0	0.00420757363254
rut-	0.233220338983	0.656949152542	0.0284745762712	0.0813559322034
uná-	0.468126541741	0.415025749773	0.0376509282901	0.0791967801965
duh-	0.184944841012	0.807268007787	0.00389357560026	0.00389357560026
ene-	0.0162601626016	0.975609756098	0.00813008130081	0.0
ruf-	0.0	0.962264150943	0.0377358490566	0.0
u̱n-	0.179725589877	0.0416474944756	0.0332947067524	0.745332208895
lib-	0.0908389353821	0.899386061188	0.00308684318836	0.00668816024146
nay-	0.354758265626	0.448153809026	0.118252755209	0.0788351701392
may-	0.036563071298	0.204753199269	0.758683729433	0.0
uta-	0.368516503446	0.485672832789	0.0587595212187	0.0870511425462
'ng-	0.0293953581066	0.106328291529	0.00780615582276	0.856470194541
isa-	0.0611764612741	0.90729338278	0.00939808622439	0.0221320697212
uya-	0.254222078776	0.261575476611	0.285230854245	0.198971590367
cap-	0.0179263565891	0.94355620155	0.0203488372093	0.0181686046512
gon-	0.312753492564	0.535826949076	0.121676430825	0.0297431275349
