jer-	0.00292274649603	0.996280140823	0.000332130283639	0.000464982397095
agu-	0.214586255259	0.776998597476	0.0	0.00841514726507
tut-	0.522727272727	0.0454545454545	0.431818181818	0.0
hem-	0.101391650099	0.815109343936	0.0834990059642	0.0
nni-	0.761609907121	0.179566563467	0.0247678018576	0.0340557275542
fig-	0.0	1.0	0.0	0.0
son-	0.137022935908	0.0967920154694	0.0261026571064	0.740082391516
mou-	0.253934942288	0.676810073452	0.0314795383001	0.0377754459601
ure-	0.0	1.0	0.0	0.0
maa-	0.0935620986007	0.581359560671	0.289634203096	0.0354441376315
ipu-	0.491691545701	0.286328504334	0.0675073193096	0.154472630655
fal-	0.674575795089	0.145584389306	0.0481808338176	0.131658981787
aot-	0.328571428571	0.357142857143	0.257142857143	0.0571428571429
lel-	0.506494954276	0.379235722156	0.0478886839493	0.0663806396189
etl-	0.602525468389	0.127465894524	0.193832749031	0.0761758880561
efo-	0.55900621118	0.366459627329	0.0745341614907	0.0
mah-	0.063926174999	0.764625919594	0.115276709015	0.0561711963926
rok-	0.736793921084	0.0837681955507	0.142817907168	0.036619976197
joe-	0.0204081632653	0.979591836735	0.0	0.0
eno-	0.0646043411383	0.403008032815	0.0960519569304	0.436335669116
baf-	0.00757013507496	0.98485972985	0.00345109099005	0.0041190440849
ite-	0.391011038433	0.188136797463	0.327500372343	0.0933517917616
mof-	0.0539575917186	0.908222977935	0.0245580716534	0.0132613586929
mel-	0.126663049207	0.783994786182	0.0342814390216	0.0550607255897
peo-	0.12893361905	0.859412996894	0.00520068379361	0.00645270026244
ana-	0.0920023726652	0.359493111486	0.0164922771741	0.532012238675
and-	0.0030627871363	0.996937212864	0.0	0.0
tsô-	0.661290322581	0.161290322581	0.0806451612903	0.0967741935484
bap-	0.201534835309	0.766225102164	0.014136027416	0.0181040351117
boš-	0.115304852758	0.339693073414	0.521775197014	0.0232268768146
fou-	0.378557729842	0.16405016887	0.378557729842	0.0788343714465
seg-	0.323762575372	0.310935147142	0.290967136382	0.0743351411045
tse-	0.29575701332	0.184861329353	0.0285114606614	0.490870196665
der-	0.0101781170483	0.989821882952	0.0	0.0
kat-	0.22754187413	0.716912649651	0.0274464265649	0.0280990496536
abi-	0.140727947291	0.81142455063	0.0184225676454	0.0294249344336
dud-	0.671578947369	0.218947368421	0.0526315789474	0.0568421052631
mil-	0.0190476190476	0.980952380952	0.0	0.0
dis-	0.269834808028	0.582728414196	0.108738302172	0.0386984756038
tib-	0.0	1.0	0.0	0.0
gan-	0.395631268737	0.193845302246	0.0736991412914	0.336824287725
gae-	0.0407520148912	0.70203868044	0.0245479496229	0.232661355046
bôp-	0.344696969697	0.541666666667	0.102272727273	0.0113636363636
sog-	0.876923076923	0.0923076923077	0.0307692307692	0.0
sen-	0.303783833154	0.228323414998	0.0553436927784	0.41254905907
swa-	0.72058024432	0.157478875833	0.109225329001	0.0127155508458
puo-	0.133809099019	0.746535831103	0.0652988403211	0.0543562295569
itl-	0.65396632423	0.20976482848	0.0776778983086	0.058590948981
kha-	0.0582524271845	0.621359223301	0.320388349515	0.0
bay-	0.798396026105	0.0371250048849	0.0155664494166	0.148912519594
mig-	0.0169491525424	0.983050847458	0.0	0.0
iit-	0.640650406504	0.151761517615	0.10243902439	0.105149051491
lor-	0.100019479255	0.85706122979	0.0111940783066	0.0317252126485
til-	0.580037664783	0.182674199623	0.038418079096	0.198870056497
paf-	0.0	1.0	0.0	0.0
hum-	0.162961306413	0.16059370032	0.620439198223	0.0560057950441
ntš-	0.12872276634	0.0948097807982	0.759677526817	0.0167899260444
dek-	0.00760456273763	0.802281368821	0.0	0.190114068441
kum-	0.522558849172	0.35614646905	0.0205972101134	0.100697471665
oko-	0.653781512605	0.0588235294117	0.206722689076	0.0806722689076
nen-	0.82669266677	0.0250941028858	0.00597328141741	0.142239948927
ful-	0.662081414319	0.276795476058	0.0374956890964	0.0236274205265
olu-	0.0	1.0	0.0	0.0
eod-	0.21875	0.78125	0.0	0.0
her-	0.00918799594296	0.95429866953	0.0354394129228	0.00107392160372
ubu-	0.486111111111	0.375	0.0972222222222	0.0416666666667
ate-	0.347396176664	0.466710613052	0.0870138431114	0.0988793671721
euo-	0.16393442623	0.83606557377	0.0	0.0
tii-	0.639840551605	0.1569704805	0.135100193924	0.0680887739711
kam-	0.104062912054	0.329757060057	0.0894542625952	0.476725765294
kle-	0.0506329113924	0.949367088608	0.0	0.0
sin-	0.0121951219512	0.983739837398	0.00406504065041	0.0
bod-	0.210566037736	0.570264150943	0.180981132075	0.0381886792453
hes-	0.0	1.0	0.0	0.0
dor-	0.0263157894737	0.973684210526	0.0	0.0
tag-	0.133726143205	0.170744203919	0.685538619188	0.00999103368772
mew-	0.024114874493	0.932039899156	0.0154554422887	0.0283897840623
pat-	0.472308540125	0.369427139564	0.0788300008681	0.0794343194438
kit-	0.139335684865	0.487168374929	0.0364832169727	0.337012723233
nwe-	0.72744215556	0.218430913813	0.0374724904336	0.0166544401927
hud-	0.636425763391	0.219916424773	0.0996220001677	0.0440358116684
ror-	0.764576110936	0.158840214308	0.0302552789159	0.0463283958399
maw-	0.153256704981	0.593869731801	0.114942528736	0.137931034483
kem-	0.139746208036	0.609674384451	0.231304068473	0.0192753390394
lom-	0.41499860513	0.462776796727	0.0585845397425	0.0636400584004
nye-	0.656808266215	0.129638864466	0.123814046635	0.0897388226843
inw-	0.242811501597	0.709265175719	0.0287539936102	0.0191693290735
mej-	0.0728171214709	0.907125467825	0.0113367973547	0.00872061334982
gen-	0.0479041916168	0.928143712575	0.0	0.0239520958084
430-	0.300561797753	0.0337078651685	0.0	0.665730337079
yol-	0.197068830149	0.341271918346	0.0298351216959	0.431824129809
jek-	0.0	1.0	0.0	0.0
ngw-	0.0474524225968	0.847088918787	0.0547724006942	0.0506862579225
kid-	0.0344827586207	0.637931034483	0.224137931034	0.103448275862
mar-	0.0279577334544	0.776303842422	0.0147103855093	0.181028038614
ane-	0.630434782609	0.0869565217391	0.0	0.282608695652
nig-	0.018691588785	0.943925233645	0.0373831775701	0.0
por-	0.373451327434	0.554867256637	0.0716814159292	0.0
euf-	0.0	1.0	0.0	0.0
pas-	0.131578947368	0.736842105263	0.0526315789473	0.078947368421
nnt-	0.352941176471	0.188235294118	0.344117647059	0.114705882353
sig-	0.0168674698795	0.792771084337	0.00722891566266	0.18313253012
nai-	0.0192307692308	0.961538461538	0.0	0.0192307692308
bak-	0.141321357934	0.783966204476	0.0456531328366	0.0290593047533
kab-	0.197050101451	0.65685968472	0.0694552832839	0.0766349305447
nkw-	0.547559134373	0.389531957725	0.0332159033719	0.0296930045295
276-	0.0	0.20979020979	0.0	0.79020979021
ped-	0.00466352581652	0.0128127586426	0.00477494110906	0.977748774432
rat-	0.634657569161	0.131342324948	0.0733321833846	0.160667922506
tso-	0.282942896099	0.192606888993	0.0270487051659	0.497401509743
dih-	0.141033822591	0.814294830887	0.044671346522	0.0
epa-	0.230189893788	0.744319279047	0.00811071773415	0.0173801094303
500-	0.0911602209945	0.0994475138121	0.0414364640884	0.767955801105
nth-	0.556263456529	0.106329765813	0.0314618765672	0.305944901091
sap-	0.853333333333	0.133333333333	0.0	0.0133333333333
asi-	0.00327064595258	0.991823385119	0.00367947669665	0.00122649223222
dia-	0.0461057589635	0.915277513679	0.0122023451205	0.0264143822365
nan-	0.587768533558	0.0480615624652	0.0237578105132	0.340412093463
oto-	0.662100456621	0.292237442922	0.0456621004566	0.0
itw-	0.667711598746	0.269592476489	0.0208986415883	0.0417972831766
rer-	0.757492919433	0.122247096866	0.0766784182841	0.0435815654173
mpe-	0.300341204926	0.522913499609	0.116677054479	0.0600682409853
153-	0.0673400673401	0.0	0.020202020202	0.912457912458
pok-	0.189328743546	0.691910499139	0.0757314974182	0.0430292598967
usi-	0.0	1.0	0.0	0.0
ruk-	0.160714285714	0.785714285714	0.0535714285714	0.0
nog-	0.0134428678118	0.975354742345	0.00672143390589	0.00448095593727
mog-	0.0489944417787	0.374441911777	0.477586639691	0.0989770067529
kgo-	0.235245304095	0.421664171379	0.147429660106	0.19566086442
tol-	0.060606060606	0.939393939394	0.0	0.0
lei-	0.113781304578	0.865723078736	0.00664283896563	0.0138527777207
fug-	0.0	1.0	0.0	0.0
mir-	0.0540540540541	0.927927927928	0.0	0.018018018018
isa-	0.555503958202	0.35050938326	0.0313663003744	0.0626203581639
tum-	0.106148222891	0.854708022401	0.0172775372541	0.0218662174548
mus-	0.0318725099602	0.945551128818	0.00398406374502	0.0185922974768
tsw-	0.323090237997	0.0470926643793	0.0131665356864	0.616650561938
mmu-	0.229980557614	0.658392233906	0.0457021212691	0.0659250872108
dio-	0.0512195121951	0.916768292683	0.0137195121951	0.0182926829268
bab-	0.052191180976	0.370155531306	0.064494036258	0.51315925146
ita-	0.627141415101	0.264556935596	0.0497811767242	0.0585204725782
šan-	0.538461538462	0.336538461538	0.105769230769	0.0192307692308
hur-	0.778601694915	0.199152542373	0.0222457627119	0.0
moh-	0.0233001529368	0.368306964825	0.598776946105	0.00961593613263
moi-	0.146962353294	0.492668485944	0.209726682494	0.150642478267
kom-	0.410015649452	0.461345852895	0.0826291079812	0.0460093896713
kod-	0.179640718563	0.658682634731	0.107784431138	0.0538922155689
fit-	0.775242999737	0.0695294787571	0.0319722944051	0.123255227101
tua-	0.077522559475	0.264561115669	0.0467596390484	0.611156685808
oni-	0.0384615384615	0.961538461538	0.0	0.0
daf-	0.0	0.99875089222	0.00124910778016	0.0
tau-	0.0209944751381	0.91270718232	0.0662983425414	0.0
mal-	0.0393684611824	0.883164508209	0.0299287507854	0.0475382798228
tli-	0.743991866781	0.151801263285	0.0502678125971	0.0539390573373
pek-	0.0135746606335	0.027149321267	0.9592760181	0.0
thi-	0.311474662778	0.58770051039	0.0596974115931	0.0411274152388
sab-	0.00101781170484	0.997794741306	0.0	0.00118744698897
rey-	0.827535377358	0.0451061320755	0.0150353773585	0.112323113208
aki-	0.0714285714285	0.917582417582	0.0	0.010989010989
ole-	0.529875717017	0.353489483748	0.04517208413	0.0714627151052
nin-	0.0438515451183	0.956148454882	0.0	0.0
lis-	0.13829787234	0.787234042553	0.0425531914893	0.031914893617
koj-	0.151991146961	0.821575610089	0.0264332429498	0.0
šag-	0.0685483870968	0.762096774194	0.145161290323	0.0241935483871
iki-	0.312634894977	0.276641470964	0.0745768315868	0.336146802472
sir-	0.350979290416	0.595641354953	0.0311045111575	0.0222748434741
omi-	0.117647058824	0.137254901961	0.705882352941	0.0392156862745
ntw-	0.142267895859	0.787276797518	0.0296134388606	0.0408418677619
mab-	0.0819857277907	0.661404521485	0.0460123982499	0.210597352474
šen-	0.649122807018	0.245614035088	0.0701754385965	0.0350877192982
gos-	0.097255685491	0.105776576365	0.0458365164248	0.751131221719
fak-	0.443740095087	0.301109350238	0.144215530903	0.110935023772
sak-	0.0584315137128	0.936787726074	0.00212478231683	0.00265597789604
apa-	0.521783945496	0.21465922518	0.210800211177	0.0527566181462
ALL	0.24655753341	0.372970914894	0.0693262956581	0.311145256038
san-	0.077943615257	0.812603648425	0.109452736318	0.0
swe-	0.74523192234	0.14779569746	0.0581400956699	0.0488322845302
ith-	0.577959683526	0.168046649857	0.055090443848	0.19890322277
ine-	0.37038442084	0.420649974709	0.0941451694486	0.114820435003
mae-	0.155822395979	0.708182072047	0.0770734431723	0.058922088802
top-	0.149758454106	0.676328502416	0.159420289855	0.0144927536232
per-	0.172646795329	0.798654660856	0.0214100247506	0.00728851906403
ger-	0.0	0.931034482759	0.0344827586207	0.0344827586207
lse-	0.261194029851	0.537313432836	0.089552238806	0.111940298507
sok-	0.673728463126	0.155739405754	0.0905229074126	0.0800092237077
sej-	0.112212222034	0.693030889581	0.160468829443	0.0342880589427
kui-	0.270229007634	0.688549618321	0.0320610687023	0.00916030534351
mor-	0.0426018772426	0.823612255247	0.0228369693262	0.110948898184
rur-	0.236545954931	0.106678656094	0.0781492683724	0.578626120603
bae-	0.0322974992076	0.925942136163	0.0237401711466	0.0180201934832
nke-	0.109198280403	0.0688358903985	0.0130075378682	0.80895829133
tel-	0.497448979592	0.239795918367	0.224489795918	0.0382653061224
sob-	0.844720496894	0.0931677018634	0.0372670807454	0.0248447204969
lid-	0.0408163265306	0.959183673469	0.0	0.0
lwa-	0.167112867472	0.110951174754	0.0763945841199	0.645541373653
gas-	0.287038953194	0.579606644579	0.0443566881607	0.0889977140661
ata-	0.360513480987	0.198593839073	0.0381732576062	0.402719422334
tsh-	0.343970308591	0.38939941275	0.113471929518	0.15315834914
tie-	0.541205412054	0.264452644526	0.115621156212	0.0787207872078
far-	0.215226939971	0.531234748658	0.165690580771	0.0878477306003
rud-	0.489282908765	0.18415441589	0.255863539446	0.0706991358994
oka-	0.476258381818	0.214961148927	0.102483172985	0.20629729627
loh-	0.307547854096	0.609191551616	0.0174266360138	0.0658339582744
mes-	0.138344781547	0.814222721923	0.0308311227447	0.0166013737856
sed-	0.179868266769	0.711348135413	0.0447078606357	0.064075737182
med-	0.0989339596309	0.835204143488	0.0489281797241	0.0169337171567
adi-	0.675087854892	0.278756626855	0.0339826343183	0.0121728839349
ami-	0.607641741989	0.377567789647	0.0	0.0147904683648
pel-	0.0711824341896	0.360428355613	0.114831129714	0.453558080483
kur-	0.293317509585	0.639583713712	0.0249224027752	0.0421763739274
ese-	0.0233965968586	0.951079842932	0.0186518324607	0.00687172774869
ome-	0.458353300995	0.225948476957	0.288686609466	0.0270116125817
tek-	0.142331486798	0.294003477417	0.504225466014	0.0594395697707
tsa-	0.294698593018	0.107738457453	0.0254300058616	0.572132943667
foo-	0.0512956700755	0.0572474680683	0.00468605875053	0.886770803106
jai-	0.0139534883721	0.911627906977	0.0651162790698	0.00930232558139
kir-	0.0268336314848	0.967799642218	0.00536672629698	0.0
tal-	0.0887279683819	0.846574554673	0.0406669855083	0.0240304914367
paa-	0.68	0.32	0.0	0.0
bin-	0.611528822055	0.383458646617	0.00501253132832	0.0
kos-	0.0	1.0	0.0	0.0
meh-	0.488721804511	0.364661654135	0.0902255639098	0.0563909774436
fud-	0.653587115666	0.188286969253	0.119472913616	0.0386530014641
450-	0.2	0.271428571429	0.0571428571429	0.471428571429
nem-	0.871698113208	0.0566037735848	0.0716981132075	0.0
yo--	0.0152542372881	0.291525423729	0.672881355932	0.0203389830508
wan-	0.120481927711	0.843373493976	0.0	0.0361445783133
pon-	0.151169871035	0.647425262797	0.0526414619651	0.148763404203
gof-	0.331350892099	0.0518266779949	0.275276125743	0.341546304163
suj-	0.509090909091	0.472727272727	0.0181818181818	0.0
rap-	0.789430653479	0.14565866559	0.0273687568712	0.0375419240594
eta-	0.419410085633	0.34462416746	0.0468125594672	0.189153187441
sik-	0.775729754847	0.169565033724	0.0231634679021	0.0315417435262
bui-	0.821198578804	0.0909898406706	0.0227335813024	0.0650779992228
nga-	0.588941069503	0.297889641882	0.0548427138474	0.058326574768
ben-	0.012402518087	0.955463685051	0.0238654514705	0.00826834539133
bog-	0.135953072142	0.353741983499	0.181411245481	0.328893698878
još-	0.0534759358289	0.946524064171	0.0	0.0
mat-	0.135278439411	0.728686964412	0.0566534735827	0.0793811225945
goa-	0.783296190173	0.0432983126393	0.00657964554813	0.16682585164
mpa-	0.556866282701	0.345638748178	0.0213378669072	0.0761571022136
pin-	0.0376766091052	0.92464678179	0.0188383045526	0.0188383045526
pog-	0.176781002638	0.777924362357	0.01890941073	0.0263852242744
nwa-	0.716986867704	0.270063229572	0.00711332684825	0.00583657587548
map-	0.0702015043179	0.709536632928	0.0609155910484	0.159346271706
nar-	0.0319457889642	0.838334946757	0.129719264279	0.0
gat-	0.619548901237	0.214881995846	0.0783973517267	0.08717175119
its-	0.788202118509	0.0748055068223	0.0934380774773	0.0435542971909
idi-	0.689040139322	0.0930582781568	0.0777378618723	0.140163720649
oma-	0.774734050005	0.160541333159	0.0235362243039	0.0411883925319
fet-	0.580488246778	0.101734354065	0.0692147653609	0.248562633796
ray-	0.961091938798	0.00588626273026	0.0037732614591	0.0292485370125
pur-	0.0	0.901639344262	0.0983606557377	0.0
fef-	0.467189434585	0.115146512588	0.298803136607	0.118860916219
peg-	0.671082802548	0.254777070064	0.0152866242038	0.0588535031847
the-	0.361615159473	0.513369844441	0.0552046418363	0.0698103542504
rak-	0.453603158934	0.159921026653	0.099210266535	0.287265547878
ntu-	0.6365968088	0.17103593122	0.0428364207791	0.149530839201
dik-	0.0939309374898	0.757090662033	0.0919937223821	0.0569846780952
nya-	0.505279845626	0.308708952623	0.100774133971	0.0852370677797
bei-	0.638463018795	0.221181602412	0.0560651741613	0.0842902046315
goo-	0.596330275229	0.376146788991	0.0	0.0275229357798
bob-	0.0472693846239	0.215915685613	0.570309041957	0.166505887806
hag-	0.0238095238095	0.957142857143	0.0190476190476	0.0
mom-	0.0970149253731	0.619402985075	0.238805970149	0.044776119403
ban-	0.0225148031009	0.476572141554	0.269039371945	0.2318736834
šwa-	0.677603423681	0.28245363766	0.0228245363766	0.0171184022824
hal-	0.0790697674419	0.915348837209	0.00558139534884	0.0
ise-	0.139702453207	0.363998690212	0.00955880650528	0.486740050076
pui-	0.242424242424	0.590909090909	0.136363636364	0.030303030303
ter-	0.00319713536672	0.993669671974	0.00313319265938	0.0
wen-	0.020325203252	0.0508721421379	0.00253431461996	0.92626833999
okw-	0.869621595394	0.0868973248365	0.0	0.0434810797697
did-	0.228996737357	0.230526101142	0.486949429037	0.0535277324633
ntl-	0.0850495015146	0.440885086806	0.107562350048	0.366503061631
nam-	0.125731155212	0.679191173825	0.152046534123	0.0430311368403
ebe-	0.0	1.0	0.0	0.0
ale-	0.0130292915697	0.937886222086	0.0458271634521	0.00325732289243
bup-	0.0411899313501	0.887871853547	0.0549199084668	0.0160183066361
ker-	0.00240966027396	0.993735484201	0.00239163289036	0.00146322263518
sid-	0.202898550725	0.376811594203	0.282608695652	0.13768115942
bon-	0.412059058919	0.117930757707	0.0435501667839	0.426460016591
led-	0.135473136642	0.755885299411	0.0983824332115	0.010259130736
mod-	0.0117171495583	0.975584496465	0.0080295306542	0.00466882332277
tok-	0.0521415270018	0.869646182495	0.0307262569832	0.0474860335196
kue-	0.818548387097	0.157258064516	0.0241935483871	0.0
jeg-	0.0	1.0	0.0	0.0
kon-	0.7060670197	0.25505962753	0.02935334801	0.00952000476
eli-	0.00124973963758	0.997083940846	0.000416579879192	0.00124973963758
fut-	0.0689655172414	0.862068965517	0.0	0.0689655172414
ats-	0.236484687084	0.566178428762	0.0990679094541	0.0982689747004
fif-	0.678192399863	0.153372132831	0.161246148579	0.00718931872646
ala-	0.668835696026	0.233557982803	0.0878456890542	0.00976063211714
maf-	0.0753026967057	0.655638587579	0.158647392902	0.110411322814
hel-	0.518181818182	0.41948051948	0.0	0.0623376623376
tuk-	0.35795751805	0.474207387255	0.12891074605	0.038924348645
ene-	0.0384503812205	0.115729083136	0.0035307818076	0.842289753836
mai-	0.126270055471	0.73238764033	0.07056455911	0.0707777450893
pan-	0.0129032258064	0.329032258065	0.541935483871	0.116129032258
bou-	0.0684257465326	0.798259372021	0.108558600117	0.0247562813298
nim-	0.037037037037	0.962962962963	0.0	0.0
tor-	0.00311041990669	0.98133748056	0.00933125972005	0.00622083981338
mef-	0.0728869502955	0.58818873083	0.199480074493	0.139444244381
roj-	0.632398753894	0.292834890966	0.0685358255452	0.00623052959502
ari-	0.00796812749004	0.99203187251	0.0	0.0
tul-	0.364285714286	0.217346938775	0.00918367346939	0.409183673469
ina-	0.590189959611	0.24101757963	0.104357164536	0.0644352962234
baa-	0.265502980573	0.570380548784	0.103975739078	0.0601407315656
nki-	0.516413055664	0.114157651582	0.03071000957	0.338719283185
lat-	0.693991907287	0.165828442636	0.0726928494233	0.0674868006539
pen-	0.196245888282	0.725171258714	0.0468962187283	0.0316866342758
rab-	0.0135135135135	0.89527027027	0.0	0.0912162162162
ape-	0.630570300142	0.200777018212	0.0807970994883	0.0878555821573
ba--	0.0	0.537037037037	0.444444444444	0.0185185185185
ipo-	0.666295676165	0.169390242142	0.0597571361115	0.104556945581
ofe-	0.182121278828	0.0664559826727	0.0160390898968	0.735383648602
got-	0.196625997885	0.26898297011	0.093180191769	0.441210840235
hul-	0.665039856841	0.271189197983	0.0208231657719	0.0429477794046
pae-	0.500805152979	0.330112721417	0.072463768116	0.0966183574878
jeh-	0.0660462323627	0.89278209032	0.00514645966463	0.0360252176524
tia-	0.267763019186	0.177735610373	0.503900484925	0.0506008855155
nal-	0.029274611399	0.968393782383	0.00233160621761	0.0
kau-	0.078431372549	0.921568627451	0.0	0.0
ino-	0.520547945206	0.260273972603	0.191780821918	0.0273972602739
nka-	0.289456821767	0.108179712145	0.0291428430599	0.573220623028
lwe-	0.360687867484	0.364291585004	0.0550041095024	0.22001643801
dir-	0.763377447003	0.121187499734	0.03367803097	0.0817570222936
hoa-	0.270220588235	0.454044117647	0.143382352941	0.132352941176
mid-	0.0210526315789	0.905263157895	0.0736842105263	0.0
lek-	0.349960467292	0.383104990816	0.156145079785	0.110789462107
thw-	0.6375	0.25	0.0	0.1125
rae-	0.881189882437	0.0728535803349	0.0320627003919	0.0138938368365
nes-	0.577623990773	0.333794694348	0.077508650519	0.0110726643599
ito-	0.4471570832	0.234821715387	0.135881786058	0.182139415355
tur-	0.0028180826973	0.988727669211	0.00845424809192	0.0
lou-	0.0720234546427	0.83487095644	0.0622998580183	0.0308057308986
666-	0.0	0.0	0.0175438596491	0.982456140351
seo-	0.384629414962	0.235268833125	0.051380097844	0.328721654068
mot-	0.0452746997199	0.802331322579	0.0427025876291	0.109691390072
amm-	0.137740155599	0.153669591668	0.160710131785	0.547880120948
jot-	0.06144992857	0.131156227154	0.150036553385	0.657357290891
har-	0.0203527815468	0.967435549525	0.0	0.0122116689281
kan-	0.29863474686	0.143183855856	0.0552214429885	0.502959954296
nei-	0.895883512533	0.0573447937781	0.020296953196	0.0264747404927
agi-	0.596529507975	0.347243891738	0.0215324462564	0.0346941540305
abo-	0.000525808430461	0.965559547805	0.0339146437648	0.0
kuk-	0.579481388505	0.221872861683	0.101673712182	0.0969720376302
gap-	0.0735001855456	0.0613898938104	0.0389822443905	0.826127676254
sey-	0.181583031557	0.139679255044	0.306777030523	0.371960682876
fis-	0.625831150514	0.241789240379	0.0936933306468	0.0386862784606
osi-	0.0761999010391	0.0659079663533	0.186937159822	0.670954972786
sio-	0.00691699604742	0.993083003953	0.0	0.0
taf-	0.0825537569603	0.909583980472	0.00589669692573	0.00196556564191
log-	0.20140743966	0.583416689222	0.189992586229	0.0251832848888
bot-	0.106227900815	0.349567028828	0.112463257094	0.431741813263
jel-	0.717689530686	0.184693140794	0.0430324909747	0.0545848375451
met-	0.0456077499367	0.822824422253	0.0136248844899	0.117942943321
tao-	0.0999888020257	0.744045919196	0.0217905078683	0.13417477091
100-	0.0723286377122	0.125856749935	0.105393157809	0.696421454544
udu-	0.767857142857	0.125	0.107142857143	0.0
oke-	0.619106377441	0.194381869243	0.0887068095039	0.097804943812
kol-	0.712019923974	0.230743849467	0.0285706537215	0.0286655728369
lol-	0.109161304521	0.713451575633	0.171328076319	0.0060590435271
ken-	0.27928684649	0.327747144812	0.20749732432	0.185468684378
nne-	0.60610089603	0.0491847976676	0.0497654180751	0.294948888227
šel-	0.0740740740741	0.648148148148	0.277777777778	0.0
moe-	0.0151637652533	0.925867694869	0.0337901225723	0.0251784173054
fep-	0.566405833564	0.303426366176	0.116095605637	0.0140721946227
ilu-	0.0	0.959731543624	0.0	0.0402684563758
jal-	0.0640824321269	0.139341921291	0.0783019637935	0.718273682789
lai-	0.726851111467	0.184871261794	0.0441388133696	0.0441388133696
ijo-	0.0299406923915	0.625011084316	0.256321537303	0.0887266859895
phu-	0.345004939712	0.498139011445	0.0251379601719	0.131718088671
ikw-	0.602239588305	0.298473707607	0.0711786274731	0.0281080766148
sug-	0.760925449871	0.146529562982	0.0616966580977	0.0308483290488
aka-	0.514458993953	0.31144941428	0.080979395198	0.0931121965691
mad-	0.0389605309481	0.93741280169	0.014186431617	0.00944023574511
gok-	0.539018435596	0.287248349626	0.122504189908	0.0512290248707
leh-	0.087698293924	0.621370847052	0.263094881772	0.0278359772524
par-	0.0137607464877	0.975230656322	0.0110085971902	0.0
too-	0.224137931034	0.620689655172	0.120689655172	0.0344827586207
rog-	0.134770889488	0.792452830189	0.0646900269542	0.00808625336927
jul-	0.0191897654584	0.980810234542	0.0	0.0
gob-	0.109714287908	0.156684787616	0.0495158788661	0.68408504561
nti-	0.535273238581	0.22751392401	0.0801519938903	0.157060843519
dig-	0.495614622389	0.363310485097	0.0749549428915	0.0661199496229
nah-	0.0245098039216	0.91339869281	0.0588235294117	0.00326797385622
baj-	0.00789896386543	0.835752072837	0.136761414246	0.0195875490514
mow-	0.0167982794206	0.939719316873	0.0314951787364	0.0119872249702
seb-	0.0809545694225	0.774364052952	0.0809171381108	0.0637642395151
feb-	0.192307692308	0.807692307692	0.0	0.0
fok-	0.570860866883	0.219092062754	0.185627107675	0.0244199626875
tha-	0.11444647997	0.495815057374	0.123295234537	0.26644322812
yen-	0.652182668427	0.245698431522	0.0306983196474	0.0714205804041
gay-	0.175496688742	0.817880794702	0.00331125827815	0.00331125827815
ipa-	0.398310181732	0.264880938061	0.245331588343	0.0914772918642
kin-	0.062630480167	0.837160751566	0.0	0.100208768267
reu-	0.0	1.0	0.0	0.0
fuf-	0.453358208955	0.180970149254	0.330223880597	0.035447761194
ona-	0.068575350026	0.167223235562	0.0456216384337	0.718579775978
dan-	0.0502077044918	0.874480738771	0.0753115567377	0.0
ser-	0.053834867906	0.794536037114	0.138684171363	0.0129449236165
kag-	0.0301108946692	0.940414804629	0.0154055740168	0.0140687266847
ney-	0.855672570608	0.109861177597	0.00143609382479	0.0330301579703
bam-	0.126865671642	0.873134328358	0.0	0.0
mis-	0.0566037735848	0.943396226415	0.0	0.0
wed-	0.799928800285	0.143752224991	0.0313990744037	0.0249199003204
jwa-	0.0716091444245	0.0593611196386	0.014241703681	0.854788032256
ran-	0.495078959764	0.435257951757	0.0495822693805	0.0200808190991
fee-	0.633358145743	0.229189660926	0.115891064966	0.0215611283657
din-	0.046315250323	0.722701592845	0.174462952779	0.0565202040527
yon-	0.112044689727	0.0840133731404	0.0644084370811	0.739533500052
kob-	0.166352793471	0.700313873195	0.0484620213434	0.08487131199
beg-	0.589170258621	0.279903017241	0.0581896551724	0.0727370689656
heh-	0.6875	0.125	0.15625	0.03125
jon-	0.124270966744	0.415768138571	0.0511518387393	0.408809055945
sos-	0.285873813512	0.434766424716	0.0569514237856	0.222408337986
kua-	0.742234653319	0.167672604151	0.00353304872663	0.0865596938025
ope-	0.060989751602	0.294029519476	0.0065419418713	0.638438787051
tat-	0.253767971159	0.555466272858	0.0817009077879	0.109064848195
bit-	0.855297644109	0.0910389222696	0.00785318540803	0.0458102482135
uri-	0.0	1.0	0.0	0.0
leg-	0.0228265604085	0.760077581321	0.203217134416	0.0138787238542
ron-	0.0116665582592	0.00654819255758	0.00576765905652	0.976017590127
rwa-	0.672432565688	0.229574542392	0.0643014154529	0.0336914764673
kip-	0.0	0.985148514851	0.0148514851485	0.0
pot-	0.233506934061	0.292043951207	0.350260401092	0.12418871364
lap-	0.351328237398	0.412064412023	0.179712669671	0.0568946809085
esa-	0.00313479623824	0.990595611285	0.0	0.00626959247648
joh-	0.00476552598225	0.986261089987	0.00783269961977	0.00114068441065
akg-	0.313101716199	0.19673503558	0.457513604018	0.0326496442026
sia-	0.341011105332	0.109065773036	0.425304737815	0.124618383817
rep-	0.6	0.127272727273	0.272727272727	0.0
boi-	0.12322524246	0.524662562715	0.322665448972	0.0294467458543
sis-	0.504395050669	0.206371423772	0.148144000896	0.141089524663
gil-	0.979797979798	0.020202020202	0.0	0.0
huh-	0.54117371442	0.372496193042	0.0309242122525	0.0554058802858
aug-	0.186666666667	0.813333333333	0.0	0.0
bif-	0.177225029149	0.165176836378	0.559657986786	0.0979401476875
kok-	0.368838390773	0.534807084992	0.074728820541	0.0216257036935
sur-	0.0	0.958333333333	0.0416666666667	0.0
dub-	0.472118959108	0.488847583643	0.0390334572491	0.0
gop-	0.472441640851	0.132995453538	0.0290600357603	0.36550286985
lam-	0.0132255694342	0.969140337987	0.00881704628949	0.0088170462895
fop-	0.507082152975	0.235127478754	0.189801699717	0.0679886685552
ler-	0.431372693965	0.510894108539	0.0301602363358	0.0275729611599
bet-	0.33658778988	0.608576340551	0.0380079307596	0.0168279388096
maj-	0.141687303017	0.783599729851	0.0654266096353	0.00928635749662
sal-	0.588832755839	0.336948184199	0.0161874785093	0.0580315814532
asu-	0.0	1.0	0.0	0.0
bop-	0.107736392927	0.739665809551	0.0889434840782	0.0636543134443
phi-	0.524171082931	0.389280494934	0.0684903866896	0.0180580354455
rre-	0.014773099611	0.601651038085	0.00145309176502	0.382122770539
utl-	0.859591733446	0.0838915176769	0.0283218762603	0.0281948726167
nng-	0.0466673362658	0.114784163238	0.0595943186112	0.778954181885
gab-	0.0892760621239	0.461875247739	0.220478541314	0.228370148823
sek-	0.319493980142	0.577482470281	0.03712525469	0.0658982948864
400-	0.257627118644	0.122033898305	0.0	0.620338983051
yan-	0.647679735383	0.193598599086	0.00525342932193	0.15346823621
bad-	0.10591627853	0.810753704042	0.0551636212313	0.0281663961971
eme-	0.711103275413	0.173993500015	0.027771172102	0.08713205247
min-	0.0666666666667	0.833333333333	0.1	0.0
ket-	0.139426506186	0.0648785167031	0.0175212117287	0.778173765383
naš-	0.0	1.0	0.0	0.0
kaj-	0.039037085231	0.549934938191	0.0652244632401	0.345803513338
ren-	0.502977909336	0.0786308157834	0.0121932154973	0.406198059384
mpi-	0.599193393509	0.209525638563	0.0241981947378	0.16708277319
nna-	0.47127010196	0.0276779594264	0.0112075767556	0.489844361858
pha-	0.438088348232	0.351213694575	0.100229437308	0.110468519884
sul-	0.337745176208	0.100887684048	0.534151916228	0.0272152235156
age-	0.396878968504	0.510107886096	0.0425595204046	0.0504536249957
fuk-	0.826825907212	0.1401010565	0.0	0.0330730362884
mmê-	0.0467511885895	0.817749603804	0.0	0.135499207607
tab-	0.700094161959	0.270715630885	0.0131826741996	0.0160075329567
lok-	0.0865479617405	0.841792939226	0.0472454904376	0.0244136085959
tid-	0.141006661732	0.296076980015	0.469652109548	0.0932642487046
gal-	0.212873017574	0.45311356791	0.0960313927135	0.237982021802
see-	0.103960777267	0.653720769053	0.213440459994	0.0288779936853
fiw-	0.430692230982	0.460778595217	0.0500498617043	0.0584793120966
kar-	0.120731070496	0.616083550914	0.171488250653	0.0916971279374
sel-	0.155116139928	0.343091141704	0.249360263733	0.252432454635
kay-	0.67891310328	0.177481635439	0.0528777088364	0.0907275524447
diš-	0.0234009360374	0.820592823713	0.15600624025	0.0
gor-	0.0338165094146	0.0304386995549	0.00141698444397	0.934327806587
him-	0.0	0.943396226415	0.0	0.0566037735849
gak-	0.680988384124	0.111380451665	0.156152727103	0.0514784371076
ati-	0.608957219251	0.196524064171	0.0260695187166	0.168449197861
imo-	0.548319327731	0.321428571429	0.117647058824	0.0126050420168
sat-	0.0684957606935	0.924073544822	0.00685910260074	0.000571591883395
ung-	0.519344851595	0.378662724094	0.0719820129435	0.0300104113665
jah-	0.376811594203	0.0434782608695	0.0869565217391	0.492753623188
lae-	0.764794303797	0.150553797468	0.0208860759494	0.0637658227848
oki-	0.782813419659	0.0918187168922	0.0406121247793	0.0847557386698
lop-	0.810715927407	0.122352787122	0.0120946661976	0.0548366192725
bag-	0.0459301886996	0.815086626506	0.095862116036	0.0431210687588
jor-	0.0	1.0	0.0	0.0
mer-	0.0725666631855	0.826117033848	0.0455113311122	0.0558049718538
lob-	0.0686493381362	0.697092709594	0.112787516015	0.121470436254
luk-	0.0133555926544	0.976627712855	0.0033388981636	0.00667779632721
mon-	0.0228442291337	0.391871012945	0.0716270202628	0.513657737658
mei-	0.0576923076923	0.826923076923	0.0532544378698	0.0621301775148
kop-	0.716754614266	0.201418795413	0.0285106484512	0.053315941869
kak-	0.370355449618	0.223755329506	0.264082392393	0.141806828482
abb-	0.0914634146342	0.792682926829	0.0	0.115853658537
afe-	0.333333333333	0.461538461538	0.153846153846	0.0512820512821
one-	0.0491718744515	0.158436611312	0.0555155706913	0.736875943545
gog-	0.720288509133	0.138342454418	0.0526515225341	0.0887175139149
saf-	0.00966183574878	0.990338164251	0.0	0.0
poi-	0.124728565303	0.723295666727	0.10334573519	0.0486300327796
leš-	0.0702580523639	0.0519871915615	0.856281785647	0.0214729704276
jup-	0.0045045045045	0.986486486486	0.009009009009	0.0
sil-	0.110240831564	0.877461386428	0.00351365200205	0.00878413000513
ake-	0.69209527097	0.222298929927	0.0400414221609	0.0455643769417
ija-	0.00989119683482	0.699307616222	0.207715133531	0.0830860534125
lal-	0.65870040495	0.277007280076	0.0440777067384	0.0202146082357
bua-	0.910670579356	0.0554455052725	0.00315745125434	0.0307264641175
jas-	0.0305291723202	0.928765264586	0.0407055630936	0.0
bef-	0.132780082988	0.360241418333	0.479818936251	0.0271595624292
ipe-	0.59257816353	0.239453762563	0.111428665368	0.0565394085385
ram-	0.00579318335425	0.994206816646	0.0	0.0
wel-	0.777722991414	0.0854373377035	0.0118804724222	0.12495919846
leu-	0.0695231890208	0.864959439508	0.0421946115184	0.0233227599532
gus-	0.0	1.0	0.0	0.0
gau-	0.0425302376077	0.107897753314	0.063560642076	0.786011367002
lme-	0.616	0.264	0.024	0.096
tik-	0.21660969743	0.281554627168	0.00557032535764	0.496265350044
rei-	0.585314060055	0.172714402802	0.0352060204158	0.206765516728
iny-	0.569230769231	0.201923076923	0.176923076923	0.0519230769231
gel-	0.518518518519	0.351851851852	0.0555555555556	0.0740740740741
sau-	0.00454170107349	0.987200660611	0.00165152766309	0.00660611065236
mao-	0.105163511188	0.772117039587	0.110499139415	0.0122203098107
sag-	0.0	0.996226415094	0.0	0.00377358490566
twe-	0.628171262852	0.196902066141	0.0165225143689	0.158404156638
dij-	0.232587237592	0.70781778581	0.0156633764308	0.0439316001668
bom-	0.104356658859	0.748791597404	0.0509640049994	0.095887738737
moa-	0.0637875821654	0.885908389623	0.0312455432965	0.0190584849153
pop-	0.16873092802	0.663076646922	0.0743134087237	0.0938790163345
gol-	0.605067891858	0.161135183078	0.160732623417	0.0730643016467
ela-	0.677872744092	0.201495712916	0.0296040681466	0.0910274748454
jwe-	0.815174663053	0.130630899514	0.0541944374329	0.0
fin-	0.0	0.958762886598	0.0	0.0412371134021
fat-	0.155142239456	0.4239044645	0.0236093476545	0.397343948389
jam-	0.0804953560371	0.919504643963	0.0	0.0
dup-	0.460431654676	0.489208633094	0.0215827338129	0.0287769784173
nag-	0.0476282547048	0.790474349059	0.116589327146	0.04530806909
bai-	0.0513086712248	0.755542774375	0.179317177159	0.0138313772411
meb-	0.0399866163611	0.893933805754	0.0315148756066	0.0345647022782
sew-	0.530726256983	0.268156424581	0.0335195530726	0.167597765363
itu-	0.493724468134	0.156319937202	0.303826814536	0.0461287801276
gad-	0.524966960121	0.402345306939	0.0242292443133	0.0484584886266
fen-	0.610316795725	0.23917926124	0.0941846906983	0.0563192523362
rui-	0.476694915254	0.245762711864	0.112288135593	0.165254237288
tam-	0.0	1.0	0.0	0.0
mmi-	0.594555518391	0.332549281946	0.0299090428459	0.0429861568175
abj-	0.0	1.0	0.0	0.0
tir-	0.154372563689	0.757771915318	0.0442046960927	0.0436508249006
man-	0.0732009562021	0.258327289436	0.137085709944	0.531386044418
men-	0.166462418499	0.454902799923	0.358020492846	0.0206142887323
rob-	0.623718862065	0.119841927774	0.0263101222775	0.230129087884
iko-	0.490707851482	0.269965757048	0.202273696127	0.0370526953418
bus-	0.498940312785	0.355952930863	0.025090044876	0.120016711477
ain-	0.0	1.0	0.0	0.0
eub-	0.106666666667	0.893333333333	0.0	0.0
rwe-	0.697717478414	0.216304573665	0.0628262335213	0.0231517144
tap-	0.374911410347	0.574060949681	0.0297661233168	0.0212615166548
bip-	0.680801850424	0.176946800308	0.109868928296	0.0323824209715
uru-	0.0	1.0	0.0	0.0
tsu-	0.4266495836	0.382447149263	0.156310057655	0.0345932094811
sol-	0.642256953133	0.306368899034	0.0222692511917	0.0291048966414
ame-	0.200293541214	0.108038986492	0.017840978002	0.673826494292
jet-	0.918918918919	0.0540540540541	0.027027027027	0.0
new-	0.858605933522	0.0699473328339	0.0149712035229	0.0564755301209
nkh-	0.557491289199	0.376306620209	0.0209059233449	0.0452961672474
hut-	0.391355096597	0.251789113901	0.303903364659	0.0529524248434
bos-	0.0480220900802	0.407460364888	0.322105438512	0.22241210652
pam-	0.00681431005112	0.986371379898	0.0	0.00681431005111
tlo-	0.495361523647	0.273192378959	0.0480582247914	0.183387872603
mag-	0.0478347363295	0.815317629555	0.115981947746	0.0208656863688
agw-	0.270967741935	0.322580645161	0.367741935484	0.0387096774194
job-	0.0	1.0	0.0	0.0
joa-	0.0	1.0	0.0	0.0
jok-	0.147027175925	0.797536347907	0.0500133426301	0.0054231335382
akw-	0.0	1.0	0.0	0.0
meg-	0.250416148721	0.665981329583	0.0558019232451	0.0278005984512
opa-	0.240807871569	0.629725530813	0.129466597618	0.0
šak-	0.192893401015	0.289340101523	0.48730964467	0.0304568527919
tho-	0.169919317735	0.59204270396	0.0538792787536	0.184158699551
ano-	0.442810457516	0.238562091503	0.18137254902	0.137254901961
nts-	0.391431092477	0.102889481632	0.0779341205555	0.427745305335
pit-	0.351107092223	0.525686237233	0.0896673497062	0.0335393208375
aeg-	0.552	0.4	0.0	0.048
mam-	0.0902341791793	0.798476999833	0.111288820988	0.0
sef-	0.0830340543122	0.68483633205	0.188279099064	0.0438505145737
las-	0.00250469630557	0.994990607389	0.00250469630557	0.0
tlh-	0.417043179384	0.285532837185	0.120333032394	0.177090951037
jad-	0.728732194676	0.188907514367	0.0823602909576	0.0
laa-	0.736526946108	0.167664670659	0.0419161676647	0.0538922155688
fos-	0.63829787234	0.240121580547	0.0364741641337	0.0851063829787
bes-	0.643856920684	0.192846034215	0.0933125972006	0.0699844479004
pad-	0.324396782842	0.209115281501	0.418230563003	0.0482573726542
huk-	0.503311258278	0.172185430464	0.284768211921	0.0397350993377
šap-	0.915966386555	0.0504201680672	0.0	0.0336134453781
di--	0.308303535956	0.549463647199	0.0659515295987	0.0762812872467
atl-	0.643971493966	0.258857762156	0.0585996665372	0.0385710773404
yos-	0.190652818991	0.137240356083	0.104599406528	0.567507418398
sea-	0.0375723450795	0.927611312869	0.0220829103392	0.0127334317122
gou-	0.0128552097429	0.70399188092	0.282138024357	0.0010148849797
mpu-	0.584688726865	0.12927650028	0.151430173864	0.13460459899
inn-	0.928571428571	0.0714285714286	0.0	0.0
dum-	0.700680877247	0.247820013735	0.0306158126666	0.0208832963515
bar-	0.0529296203546	0.82599834493	0.0395140825273	0.0815579521878
pis-	0.00961538461538	0.990384615385	0.0	0.0
rup-	0.543927738331	0.328283474586	0.10979649441	0.0179922926736
nkg-	0.482461835658	0.357183249208	0.0955713224433	0.0647835926903
ten-	0.108309681021	0.120964289005	0.0226974046838	0.748028625291
pet-	0.0280956350409	0.957809184601	0.0108555622916	0.00323961806608
sai-	0.559921414538	0.345776031434	0.0707269155207	0.0235756385069
apo-	0.213606730524	0.578113049496	0.0652838984594	0.142996321521
fan-	0.0850988094631	0.138481079878	0.0203311890992	0.75608892156
mop-	0.020861047285	0.938706816624	0.0227959850042	0.0176361510864
rit-	0.606837606838	0.145299145299	0.173789173789	0.0740740740741
lot-	0.0451670024618	0.330422681743	0.133741513708	0.490668802087
kef-	0.0147523709167	0.977168949772	0.00386371619248	0.00421496311907
gag-	0.0133192239246	0.0398496158301	0.0162837846631	0.930547375582
seh-	0.0573003675243	0.793852322085	0.110758436352	0.0380888740394
ere-	0.146328366224	0.832192240569	0.0214793932071	0.0
ima-	0.273010920437	0.410296411857	0.242979719189	0.0737129485179
nay-	0.8792704753	0.0508744314181	0.0141235116445	0.0557315816378
240-	0.0	0.364682670174	0.0	0.635317329826
kao-	0.81954887218	0.135338345865	0.0	0.0451127819549
wat-	0.765889830508	0.170550847458	0.0381355932204	0.0254237288136
rub-	0.0	1.0	0.0	0.0
bau-	0.197110423117	0.646026831785	0.0247678018576	0.13209494324
mik-	0.0166666666666	0.966666666667	0.0	0.0166666666667
fes-	0.00296515937731	0.997034840623	0.0	0.0
tis-	0.354006034194	0.336238685887	0.152866242038	0.156889037881
maš-	0.0476772616137	0.797677261614	0.138141809291	0.0165036674817
reb-	0.424794661191	0.375641683778	0.0423511293634	0.157212525667
kot-	0.17180937021	0.691318571704	0.0961803651416	0.0406916929445
jut-	0.00235391381231	0.992019658051	0.00378922711249	0.00183720102424
fun-	0.703315881326	0.157068062827	0.0759162303665	0.0636998254799
fol-	0.394459689511	0.0622544970551	0.0237423314205	0.519543482014
tae-	0.299065420561	0.601725377426	0.0625449317038	0.0366642703092
jop-	0.0	0.998015873016	0.0	0.00198412698413
tan-	0.446120689655	0.172413793103	0.381465517241	0.0
loo-	0.0419377549038	0.625570499126	0.135220431152	0.197271314818
ena-	0.479945921586	0.360522757999	0.0337990085624	0.125732311852
ley-	0.595498392283	0.0893890675241	0.187781350482	0.127331189711
ema-	0.836705184299	0.0638220959077	0.00955461650649	0.0899181032871
bil-	0.302085322123	0.0565329992202	0.0258874683306	0.615494210326
kup-	0.0	0.99012345679	0.00987654320986	0.0
