dle-	0.604797979798	0.275252525253	0.0	0.119949494949
ris-	0.244011680397	0.571330831735	0.161381333935	0.023276153933
gin-	0.363636363636	0.409090909091	0.181818181818	0.0454545454545
vas-	0.0404432132964	0.924653739612	0.0216066481994	0.013296398892
dla-	0.702202127211	0.235454498388	0.0238737785818	0.038469595819
fig-	0.0	1.0	0.0	0.0
del-	0.468085106383	0.106382978723	0.382978723404	0.0425531914894
son-	0.111214953271	0.793457943925	0.0196261682243	0.0757009345794
maa-	0.04	0.96	0.0	0.0
mur-	0.0768145012414	0.790893386968	0.0854323002224	0.0468598115681
huv-	0.197607443509	0.699158174568	0.0128489144883	0.0903854674346
vux-	0.10990761389	0.655622809812	0.222045237337	0.0124243389615
hle-	0.59739206192	0.145592421654	0.0247504911048	0.232265025321
nas-	0.106998817035	0.0607935806794	0.0160459429752	0.816161659311
mah-	0.10786937986	0.654333703289	0.155639043207	0.0821578736438
eda-	0.0395683453238	0.960431654676	0.0	0.0
eak-	0.348837209302	0.581395348837	0.0	0.0697674418604
hem-	0.508486562942	0.246463932107	0.185643564356	0.0594059405941
eno-	0.0467914438503	0.913770053476	0.00601604278075	0.033422459893
eka-	0.0107670504883	0.0378994492033	0.00535983710138	0.945973663207
emu-	0.0407509540124	0.877830701095	0.0239547644912	0.0574635804017
xex-	0.488650433347	0.149814279818	0.0445728435823	0.316962443252
lis-	0.0237050043898	0.971905179982	0.0017559262511	0.00263388937665
rib-	0.0837038656851	0.836309740749	0.0512670991569	0.0287192944092
ana-	0.576111883736	0.331581326536	0.0373397075492	0.0549670821791
nel-	0.0	0.92452468522	0.07547531478	0.0
yal-	0.288	0.328	0.168	0.216
hlw-	0.517357558212	0.22096882877	0.162844093938	0.0988295190795
vus-	0.0469052717447	0.861697427008	0.0342952312974	0.05710206995
vil-	0.47211214519	0.227323772767	0.153476784861	0.147087297182
nun-	0.0372513802967	0.857247389077	0.0482937537418	0.0572074768842
tse-	0.460538274027	0.332348979251	0.0856039460481	0.121508800673
der-	0.00819672131148	0.991803278689	0.0	0.0
hat-	0.141951169241	0.161285782831	0.0466965048541	0.650066543073
kat-	0.637459309213	0.170996804536	0.147238816065	0.044305070186
abi-	0.0	0.985145888594	0.0148541114058	0.0
xev-	0.402777777778	0.597222222222	0.0	0.0
mil-	0.141169042593	0.802165967934	0.0257326965302	0.0309322929424
xup-	0.522727272727	0.204545454545	0.181818181818	0.0909090909091
tib-	0.352471360644	0.46443981928	0.124202582195	0.0588862378801
gan-	0.29759331562	0.632353401852	0.0396016483125	0.0304516342159
yer-	0.0	0.999403697078	0.0	0.000596302921884
yut-	0.0694444444444	0.819444444444	0.0833333333333	0.0277777777778
sen-	0.0525164113785	0.842450765864	0.105032822757	0.0
swa-	0.13819319513	0.211433666639	0.043334501297	0.607038636934
mig-	0.129963898917	0.718411552347	0.086642599278	0.0649819494585
nka-	0.0371761959004	0.673838385556	0.115410553279	0.173574865265
lor-	0.357798165138	0.532110091743	0.0	0.110091743119
ked-	0.0	1.0	0.0	0.0
vek-	0.716363455329	0.116630869237	0.0304041079328	0.136601567501
hum-	0.408368369779	0.0848733209531	0.0212586409652	0.485499668303
rha-	0.448677688693	0.178438856172	0.141697776583	0.231185678552
dek-	0.0	0.754545454545	0.0	0.245454545455
abr-	0.00254431345942	0.967008735476	0.0294292256806	0.00101772538377
wol-	0.0415850973462	0.129945785897	0.15297207278	0.675497043977
nor-	0.152542372881	0.813559322034	0.0	0.0338983050847
nen-	0.0126582278481	0.987341772152	0.0	0.0
wex-	0.19754601227	0.121472392638	0.0441717791411	0.636809815951
ful-	0.610909618754	0.212491834894	0.0469439173847	0.129654628967
ong-	0.313086976294	0.0282737212567	0.0106767898452	0.647962512605
her-	0.167573233099	0.375499213908	0.224750167158	0.232177385836
mul-	0.11533674942	0.807853883413	0.0220857605273	0.0547236066397
ate-	0.0	1.0	0.0	0.0
nta-	0.103951519553	0.659343153499	0.134592251299	0.102113075649
naw-	0.0150508131435	0.970198058046	0.00389589632254	0.0108552324884
dzu-	0.39422402607	0.510478436677	0.0725999133395	0.0226976239132
kam-	0.037566738274	0.0207187517328	0.00470856451487	0.937005945478
kle-	0.0377358490566	0.962264150943	0.0	0.0
vum-	0.273368091762	0.389864442127	0.24204379562	0.0947236704901
sin-	0.255443658138	0.674537289058	0.04409363092	0.0259254218835
xiv-	0.0811383090014	0.538201871538	0.219299916956	0.161359902505
dor-	0.271428571428	0.685714285714	0.0142857142857	0.0285714285714
nhi-	0.88	0.04	0.0	0.08
ler-	0.257047691304	0.102853668848	0.0881015229529	0.551997116895
pat-	0.0459770114943	0.954022988506	0.0	0.0
kov-	0.664705882353	0.170588235294	0.141176470588	0.0235294117647
nwe-	0.746098544626	0.187620550587	0.0336664913204	0.0326144134666
hax-	0.710205134437	0.205861531494	0.0249032969218	0.059030037148
ror-	0.115226337449	0.522633744856	0.0	0.362139917695
maw-	0.439437910493	0.271880250496	0.0978310676645	0.190850771346
oma-	0.741273100616	0.0369609856263	0.209445585216	0.0123203285421
cer-	0.609109449354	0.0482664853841	0.266485384092	0.0761386811693
lom-	0.173104307583	0.189124243503	0.0249199003204	0.612851548594
nye-	0.239222526788	0.660353849988	0.0672813356591	0.0331422875654
dya-	0.696745500644	0.268132507586	0.010598944262	0.0245230475082
saw-	0.0342340139381	0.963932021029	0.0	0.0018339650324
etl-	0.448785256526	0.215093474299	0.0346379907552	0.301483278419
lak-	0.987179487179	0.0128205128205	0.0	0.0
yol-	0.217231879055	0.289140098873	0.073891848983	0.419736173089
uzi-	0.0	1.0	0.0	0.0
xo--	0.121718377088	0.541766109785	0.300715990453	0.035799522673
vel-	0.477676108369	0.434988156917	0.0316078493615	0.0557278853522
diy-	0.0135973987585	0.98344664499	0.00295595625185	0.0
por-	0.0344827586207	0.965517241379	0.0	0.0
tip-	0.315422233274	0.428582910736	0.0594273772835	0.196567478707
alf-	0.0	0.986980458288	0.0130195417121	0.0
nav-	0.504256384577	0.334114808577	0.0627987435699	0.0988300632768
vud-	0.0870387890255	0.887417218543	0.0198675496689	0.00567644276253
ent-	0.0898534769731	0.747424707085	0.0909543655474	0.0717674503945
nge-	0.407793429873	0.0666755369002	0.0094765200504	0.516054513176
zer-	0.0	1.0	0.0	0.0
tiw-	0.899901864573	0.0794896957801	0.00588812561335	0.0147203140334
bak-	0.470934256055	0.462629757785	0.0207612456747	0.0456747404845
nkw-	0.0909090909091	0.906698564593	0.00239234449761	0.0
276-	0.0	0.181818181818	0.0	0.818181818182
eso-	0.537313432836	0.462686567164	0.0	0.0
dyo-	0.480180356191	0.401924173522	0.0593183590679	0.0585771112195
che-	0.541635262635	0.330153892999	0.0539123218963	0.07429852247
gug-	0.60447761194	0.261194029851	0.089552238806	0.044776119403
epa-	0.0439521800281	0.934950773558	0.0179324894515	0.00316455696203
500-	0.137579617834	0.16050955414	0.0636942675159	0.63821656051
asi-	0.00677774639932	0.979949166902	0.00338887319966	0.00988421349901
nan-	0.136112826068	0.635685890016	0.167124134255	0.0610771496613
enk-	0.07687569299	0.515276580017	0.0232844647037	0.384563262289
rer-	0.0755036716249	0.205516851817	0.102240632649	0.616738843909
fay-	0.481395348837	0.427906976744	0.0837209302325	0.00697674418605
153-	0.025	0.075	0.0	0.9
bor-	0.448814343551	0.256217466744	0.281087333719	0.0138808559861
feh-	0.622489959839	0.377510040161	0.0	0.0
mue-	0.179737885388	0.574374362315	0.206355959324	0.0395317929739
cel-	0.825514468186	0.165024047938	0.00946148387605	0.0
nsu-	0.0224838196798	0.696147236899	0.270769428429	0.0105995149919
amu-	0.771825647003	0.0950089404411	0.0721807825691	0.0609846299868
yis-	0.659276581529	0.086919549306	0.0399064597443	0.213897409421
mel-	0.000814553353245	0.999185446647	0.0	0.0
kri-	0.00220482120905	0.992597145759	0.00224490886739	0.00295312416484
nha-	0.0	0.211734693878	0.788265306122	0.0
hwì-	0.435897435897	0.358974358974	0.205128205128	0.0
n'u-	0.891604675877	0.0828905419766	0.0	0.0255047821466
hah-	0.406276150628	0.537238493724	0.0276150627615	0.0288702928871
mir-	0.0694901960784	0.885669467787	0.0218711484594	0.0229691876751
isa-	0.0	0.996108949416	0.00389105058366	0.0
tum-	0.431214825563	0.470103049214	0.0581104591783	0.0405716660445
mus-	0.0234017296931	0.837035780905	0.112090893675	0.0274715957267
fik-	0.648216431024	0.07408906794	0.0309205933778	0.246773907658
pud-	0.047619047619	0.952380952381	0.0	0.0
rit-	0.0764965486025	0.862079891366	0.0110444721059	0.0503790879258
bab-	0.0238095238095	0.970899470899	0.0	0.00529100529101
ita-	0.0	0.984674329502	0.0153256704981	0.0
pfo-	0.962962962963	0.037037037037	0.0	0.0
ndh-	0.0501495688897	0.882163176726	0.046688955364	0.0209982990205
siy-	0.648087844114	0.259033125402	0.0126425634487	0.0802364670357
war-	0.0157894736842	0.984210526316	0.0	0.0
sor-	0.633798195242	0.240196882691	0.084659557014	0.0413453650534
kom-	0.697766819813	0.145302618801	0.0539537536369	0.102976807749
yiv-	0.77559347181	0.197700296736	0.0111275964392	0.0155786350148
xim-	0.138733370025	0.739481125809	0.0987834734585	0.0230020307073
ali-	0.0726872246696	0.920704845815	0.00330396475771	0.00330396475771
kev-	0.242152466368	0.67264573991	0.0313901345291	0.0538116591928
oni-	0.0	0.846153846154	0.153846153846	0.0
non-	0.18363189259	0.441062966686	0.303058587019	0.0722465537047
mal-	0.081102451287	0.870970829971	0.0261452372279	0.0217814815137
tli-	0.794871794872	0.134122287968	0.0710059171597	0.0
sab-	0.0	1.0	0.0	0.0
haw-	0.390221402214	0.25	0.0276752767528	0.332103321033
nyi-	0.728795751538	0.153596062511	0.0226940479764	0.0949141379753
aki-	0.495864551912	0.336090298725	0.0950666536927	0.07297849567
nin-	0.144437353754	0.60838119549	0.145075515848	0.102105934908
hla-	0.659993044583	0.171529498919	0.12308990071	0.0453875557874
tik-	0.269234423647	0.528449571601	0.139111089882	0.0632049148705
box-	0.393103448276	0.475862068966	0.0248275862069	0.106206896552
eef-	0.0645161290323	0.532258064516	0.370967741935	0.0322580645161
riv-	0.59971036249	0.268382913626	0.101721430016	0.0301852938681
xic-	0.267308643855	0.662581357287	0.0447607810299	0.0253492178282
lov-	0.710496193086	0.206788981327	0.0296807023666	0.0530341232209
sir-	0.101874932264	0.807738159749	0.0455185867563	0.0448683212312
emo-	0.131979695431	0.644911771815	0.0560792845057	0.167029248248
ntw-	0.0303410516711	0.95551499943	0.00593133340938	0.0082126154899
ase-	0.0	0.935943060498	0.0	0.0640569395018
eho-	0.062351543943	0.819675376089	0.0437450514648	0.0742280285036
mab-	0.0610458419719	0.938954158028	0.0	0.0
vam-	0.0998848682157	0.679563328817	0.0220162530088	0.198535549958
esr-	0.0	1.0	0.0	0.0
fak-	0.333083270818	0.150787696924	0.516129032258	0.0
and-	0.454580906288	0.445566461009	0.0584748510934	0.041377781609
ALL	0.217018367297	0.333554228858	0.0612506760789	0.388176727766
san-	0.307428722049	0.367350524975	0.147520098405	0.177700654571
swe-	0.0653866626207	0.0693788548718	0.0572708607252	0.807963621782
quv-	0.181425485961	0.818574514039	0.0	0.0
kha-	0.17801352318	0.249354696649	0.228887509968	0.343744270203
kix-	0.0	0.958333333333	0.0416666666667	0.0
mae-	0.278772378517	0.575447570333	0.107416879795	0.0383631713555
per-	0.132471008029	0.668153434434	0.042818911686	0.156556645852
eby-	0.0999041060065	0.873942986662	0.0109842210793	0.0151686862523
rhe-	0.308397474704	0.190824180576	0.0344201331834	0.466358211537
tlà-	0.342465753425	0.143835616438	0.513698630137	0.0
nke-	0.06	0.94	0.0	0.0
tel-	0.254615364357	0.130388981065	0.509125385162	0.105870269416
lid-	0.0334728033473	0.928870292887	0.0	0.0376569037657
lwa-	0.113413908649	0.644672012366	0.0223980393453	0.21951603964
enh-	0.160560316851	0.787929225766	0.0216830467421	0.0298274106404
lev-	0.0322077922078	0.855064935065	0.10025974026	0.0124675324675
tsh-	0.544870933165	0.209708658903	0.0746146855985	0.170805722334
tie-	0.596409780254	0.153925513257	0.0730424017332	0.176622304756
far-	0.00906344410876	0.990936555891	0.0	0.0
arm-	0.0	1.0	0.0	0.0
ego-	0.274193548387	0.693548387097	0.0	0.0322580645161
khw-	0.228682170543	0.38282647585	0.36076326774	0.0277280858676
lum-	0.378861097151	0.459671911444	0.101029625907	0.0604373654979
hez-	0.0	1.0	0.0	0.0
mes-	0.0115024429967	0.975977198697	0.000610749185667	0.0119096091205
kla-	0.0	1.0	0.0	0.0
adi-	0.0	1.0	0.0	0.0
ami-	0.0	1.0	0.0	0.0
kur-	0.44548333415	0.359448963472	0.139382285609	0.0556854167688
ome-	0.0870359099208	0.646378575776	0.23554473524	0.0310407790627
tek-	0.750646634258	0.117971158639	0.0490024008767	0.0823798062261
tsa-	0.48939226493	0.258961093476	0.174418762379	0.0772278792151
nsi-	0.0234189833545	0.969251411168	0.00411172990194	0.00321787557543
wo--	0.0614124872057	0.508700102354	0.42988741044	0.0
eat-	0.00975609756098	0.990243902439	0.0	0.0
vik-	0.534818941504	0.24791086351	0.050139275766	0.16713091922
tal-	0.146937243311	0.113990396031	0.631273454221	0.107798906437
ehe-	0.102701781301	0.0414036882029	0.0222045781803	0.833689952316
sop-	0.04	0.88	0.08	0.0
bin-	0.385319386959	0.551185247396	0.0321428821942	0.0313524834517
kos-	0.0	1.0	0.0	0.0
lem-	0.207418622256	0.754983598284	0.0194297249558	0.0181680545041
paw-	0.0142788822846	0.943294390927	0.00153720024595	0.0408895265423
tlu-	0.0843345179993	0.0614668892788	0.22520481301	0.628993779712
450-	0.0425531914894	0.127659574468	0.0425531914894	0.787234042553
nem-	0.591798695247	0.310344827586	0.0139794967381	0.0838769804286
mua-	0.0616599695164	0.87238464736	0.0206456976583	0.0453096854649
vak-	0.0581357815965	0.879392679986	0.0434186352049	0.0190529032123
pon-	0.635860931038	0.316402498229	0.0204351758272	0.0273013949051
chi-	0.297077876943	0.349904078739	0.227569716685	0.125448327634
sik-	0.0248976130767	0.603090551536	0.0058861204828	0.366125714904
nga-	0.312735496786	0.0536348513487	0.0137359526556	0.61989369921
ben-	0.0137195121951	0.967987804878	0.00914634146341	0.00914634146341
tol-	0.387711410833	0.390280453864	0.10832798116	0.113680154143
mpa-	0.212765957447	0.524822695036	0.255319148936	0.00709219858156
pin-	0.683544303797	0.316455696203	0.0	0.0
nwa-	0.703734671126	0.276337792642	0.0149108138239	0.00501672240803
ili-	0.0714285714286	0.928571428571	0.0	0.0
lam-	0.192931337119	0.276288179193	0.191488786957	0.339291696731
til-	0.335104058547	0.485458265723	0.13220824466	0.0472294310703
wun-	0.104599211564	0.174206870659	0.155734935236	0.565458982542
cuk-	0.752925515046	0.128107864223	0.0440448939348	0.0749217267962
sat-	0.0566612510154	0.925060926076	0.0127944760357	0.00548334687246
pyo-	0.148716119829	0.228601997147	0.569721825963	0.0529600570613
esl-	0.0	1.0	0.0	0.0
the-	0.238461538462	0.489230769231	0.189230769231	0.0830769230769
saf-	0.0	0.770833333333	0.229166666667	0.0
ntu-	0.102222943372	0.604772545509	0.27484307448	0.0181614366396
evo-	0.0493288047874	0.874332848132	0.00145560407569	0.074882743005
pak-	0.223300970874	0.728155339806	0.0	0.0485436893204
sun-	0.419766905906	0.204385329558	0.217642281776	0.158205482759
vhi-	0.0120375443588	0.961178919443	0.00340191471008	0.0233816214881
aka-	0.531341395937	0.413327009723	0.0259268042052	0.0294047901352
n'o-	0.749385749386	0.110565110565	0.125307125307	0.014742014742
dli-	0.227586206897	0.689655172414	0.0206896551724	0.0620689655173
erh-	0.0392380680602	0.956481415424	0.00428051651568	0.0
mom-	0.0705394190871	0.902489626556	0.00622406639004	0.0207468879668
ban-	0.0876057740169	0.890990542559	0.012444001991	0.00895968143355
ene-	0.194594594595	0.494594594595	0.0	0.310810810811
ndl-	0.10225835217	0.573505319259	0.140747806972	0.183488521598
hal-	0.361416938738	0.146691712915	0.0194864377987	0.472404910548
miv-	0.40625	0.53125	0.03125	0.03125
tey-	0.0	0.925650557621	0.0743494423792	0.0
vuv-	0.131871800579	0.578677943468	0.0901402181171	0.199310037837
ter-	0.110236220472	0.874015748032	0.0157480314961	0.0
wen-	0.00766398628157	0.0653489142138	0.00778459264652	0.919202506858
n'h-	0.0	0.933333333333	0.0410256410256	0.025641025641
tra-	0.0	1.0	0.0	0.0
ntl-	0.0570719355611	0.435012760188	0.0158505462956	0.492064757955
xok-	0.853893866299	0.0447966919366	0.0578911095796	0.0434183321847
tis-	0.708493753124	0.193583208396	0.0474642678661	0.0504587706147
dzo-	0.117124142233	0.680286961946	0.110417966313	0.0921709295072
ebe-	0.0393487109905	0.948439620081	0.0	0.0122116689281
ale-	0.430189981405	0.463527787896	0.0594674386059	0.046814792094
ker-	0.0170507388654	0.963728428232	0.00527022837657	0.0139506045262
sid-	0.0	0.991489361702	0.0	0.00851063829786
bon-	0.781818181818	0.127272727273	0.0909090909091	0.0
oli-	0.0	1.0	0.0	0.0
muf-	0.0698888879266	0.68045969048	0.229931843179	0.019719578415
xiq-	0.580727504786	0.189534141672	0.229738353542	0.0
xol-	0.492063492063	0.246031746032	0.0	0.261904761905
low-	0.0632703352735	0.127447368552	0.184460031991	0.624822264183
rir-	0.123600417749	0.846428484687	0.0142812037015	0.0156898938625
xig-	0.0666316894018	0.447534102833	0.48426023085	0.00157397691501
eli-	0.0181343932431	0.973667867346	0.00223574711216	0.00596199229909
fut-	0.0666666666666	0.216666666667	0.683333333333	0.0333333333334
yul-	0.0	1.0	0.0	0.0
ahl-	0.259197721339	0.401851412295	0.279136007595	0.0598148587705
mut-	0.0748517718575	0.849752994136	0.0309854538899	0.044409780117
hlo-	0.511031616714	0.232935094712	0.0525706824901	0.203462606083
tia-	0.312412046158	0.4292147481	0.175626231354	0.0827469743878
maf-	0.0563577872917	0.833708245652	0.0957840505044	0.0141499165518
vit-	0.448379254457	0.514355174809	0.0122945126186	0.0249710581153
vay-	0.0127045431446	0.819493851001	0.142392519565	0.0254090862892
var-	0.0773464972728	0.57555483165	0.175908988398	0.171189682679
siv-	0.670149436718	0.174147584084	0.0441362775682	0.111566701631
pan-	0.593886462882	0.231441048035	0.10480349345	0.0698689956332
nci-	0.118181818182	0.391443850267	0.0786096256685	0.411764705882
nim-	0.0450278777613	0.681981791234	0.0542028371798	0.218787493824
tor-	0.070345899728	0.291488534784	0.599300427516	0.0388651379713
nhl-	0.101731419203	0.800074477668	0.0488955588773	0.0492985442526
rik-	0.406427820666	0.191004313001	0.111449385669	0.291118480664
tul-	0.659574468085	0.127659574468	0.18085106383	0.031914893617
tiv-	0.818558141833	0.0923567830469	0.0410679230957	0.0480171520247
yam-	0.129032258064	0.822580645161	0.0483870967742	0.0
ina-	0.0228082679971	0.096222380613	0.0142551674982	0.866714183892
baa-	0.0	1.0	0.0	0.0
nki-	0.1640625	0.671875	0.1171875	0.046875
lat-	0.790783410138	0.155760368664	0.0184331797235	0.0350230414747
pen-	0.0	0.987654320988	0.0123456790123	0.0
rab-	0.0893854748603	0.698324022346	0.0	0.212290502793
ape-	0.0	1.0	0.0	0.0
epo-	0.0141843971631	0.723404255319	0.063829787234	0.198581560284
esw-	0.20376975512	0.725712301894	0.0269271294966	0.0435908134892
swo-	0.186296632894	0.110728245642	0.0497128841907	0.653262237273
hul-	0.510067114094	0.429530201342	0.0604026845637	0.0
vur-	0.724497348989	0.137526098231	0.0344663427572	0.103510210022
ehl-	0.795011369907	0.12944891752	0.0221326546393	0.053407057934
yur-	0.041095890411	0.924657534247	0.013698630137	0.0205479452055
yor-	0.0	1.0	0.0	0.0
tir-	0.497010878572	0.345209796363	0.0637347398652	0.0940445851993
rho-	0.243344648919	0.623726996605	0.0964802572807	0.0364480971949
bas-	0.3404491818	0.0903663680465	0.523736262118	0.0454481880351
mim-	0.0407741554584	0.834966144536	0.0459401118061	0.0783195881995
lwe-	0.391325301205	0.433734939759	0.13156626506	0.0433734939759
yex-	0.0696962372089	0.076947868826	0.187333816775	0.66602207719
pfa-	0.643935143223	0.218026002177	0.0584113830262	0.0796274715736
yes-	0.00682601729071	0.889096750869	0.0031540308804	0.10092320096
mid-	0.089552238806	0.820895522388	0.089552238806	0.0
thw-	0.869565217391	0.111801242236	0.0186335403727	0.0
eye-	0.00263557223865	0.995767111253	0.000159731650827	0.00143758485744
yar-	0.0	1.0	0.0	0.0
vuk-	0.0891827160766	0.704051812219	0.162050515815	0.0447149558893
omi-	0.732142857143	0.0416666666667	0.166666666667	0.0595238095238
day-	0.031914893617	0.946808510638	0.0	0.0212765957447
eha-	0.0720469639469	0.135247757461	0.0726938502674	0.720011428325
666-	0.0	0.0666666666667	0.0	0.933333333333
tud-	0.191176470588	0.779411764706	0.0	0.0294117647059
sod-	0.00699300699302	0.993006993007	0.0	0.0
kun-	0.201726979219	0.180911603589	0.0755580548577	0.541803362333
har-	0.0221052631579	0.948596491228	0.0282456140351	0.00105263157895
kan-	0.382886359888	0.308141184232	0.0731156193304	0.23585683655
zab-	0.0	0.954545454545	0.0	0.0454545454545
sus-	0.540590928493	0.127021459403	0.0505537439752	0.281833868129
xuv-	0.689054726368	0.221393034826	0.0783582089552	0.0111940298507
whí-	0.122448979592	0.816326530612	0.030612244898	0.0306122448979
tih-	0.234465464708	0.659820825141	0.0393965280128	0.0663171821384
tso-	0.434943380245	0.201792616519	0.282292855134	0.0809711481026
rox-	0.0230326295585	0.0902111324376	0.0	0.886756238004
vul-	0.72986522297	0.126817677506	0.0225678306472	0.120749268877
hoz-	0.0130718954248	0.90522875817	0.0196078431373	0.062091503268
bum-	0.350877192982	0.315789473684	0.19298245614	0.140350877193
mum-	0.105263157895	0.526315789474	0.368421052632	0.0
qha-	0.848484848485	0.020202020202	0.0	0.131313131313
taf-	0.00294117647059	0.961764705882	0.0294117647059	0.00588235294118
wan-	0.0168363241045	0.779557102317	0.0266486890963	0.176957884482
kum-	0.399290537425	0.0498807676494	0.0240661753722	0.526762519554
kow-	0.794676806084	0.182509505703	0.0	0.0228136882129
met-	0.0	1.0	0.0	0.0
100-	0.0910365157579	0.208993829747	0.103174717859	0.596794936636
lák-	0.608695652174	0.3	0.0913043478261	0.0
mna-	0.0	0.959183673469	0.0408163265306	0.0
nef-	0.0	1.0	0.0	0.0
kol-	0.308661834115	0.349665495288	0.256096807869	0.0855758627281
lol-	0.078947368421	0.131578947368	0.753036437247	0.0364372469635
ken-	0.558685446009	0.413145539906	0.0	0.0281690140845
yas-	0.0394736842105	0.940789473684	0.0197368421053	0.0
hil-	0.158512173804	0.0599818707809	0.0111316838382	0.770374271577
bub-	0.293577981651	0.330275229358	0.376146788991	0.0
eta-	0.104166666667	0.8875	0.0	0.00833333333333
mat-	0.0646295959202	0.758143458018	0.110168145304	0.0670588007586
phu-	0.575222080615	0.225380913431	0.0968689962146	0.102528009739
nya-	0.250838638184	0.584685894618	0.13357985582	0.0308956113778
eku-	0.0811185293477	0.0281833105396	0.0167977022181	0.873900457895
lay-	0.325703820278	0.212245874633	0.289304876814	0.172745428274
sol-	0.372658854769	0.447247312951	0.139398369496	0.0406954627841
yim-	0.602869333012	0.196877117212	0.0472906826011	0.152962867175
bye-	0.77999910268	0.0695022826079	0.0187083913316	0.131790223381
leh-	0.243784599899	0.252088575742	0.379557121288	0.12456970307
par-	0.0	1.0	0.0	0.0
ala-	0.629275653924	0.11745472837	0.132042253521	0.121227364185
ets-	0.227087114337	0.750680580762	0.00952813067151	0.0127041742287
nti-	0.102904921932	0.687831129699	0.156821021266	0.052442927103
xak-	0.0103448275862	0.172413793103	0.796551724138	0.0206896551724
nah-	0.0	1.0	0.0	0.0
nse-	0.161184210526	0.731907894737	0.0838815789473	0.0230263157895
baj-	0.0432692307692	0.913461538462	0.0288461538462	0.0144230769231
feb-	0.161290322581	0.838709677419	0.0	0.0
hik-	0.0494837216861	0.0696282928702	0.00541918781071	0.875468797633
fek-	0.178693256363	0.0220414589347	0.784570978746	0.0146943059564
yen-	0.0120453874829	0.0397812877449	0.0038388221714	0.944334502601
gay-	0.0162601626016	0.983739837398	0.0	0.0
kin-	0.179104477612	0.545605306799	0.16583747927	0.109452736318
nkh-	0.378149061265	0.498134735176	0.0567208000693	0.0669954034903
dan-	0.0431965442765	0.913606911447	0.0431965442765	0.0
un'-	0.0251815998948	0.271897263519	0.0556781611068	0.64724297548
wuk-	0.151515151515	0.474747474748	0.333333333333	0.040404040404
tio-	0.323660714286	0.0959821428571	0.580357142857	0.0
eba-	0.0383631713555	0.877237851662	0.0537084398976	0.0306905370844
mub-	0.0807864928403	0.865142124386	0.0483009189998	0.00577046377431
dza-	0.0127186009539	0.498145204028	0.0800211976683	0.40911499735
mis-	0.00932559731852	0.95588541399	0.0251340058213	0.0096549828706
elm-	0.0	1.0	0.0	0.0
xum-	0.0543022877077	0.896964889991	0.0261068690903	0.0226259532115
twa-	0.761386394944	0.146261629635	0.0336859850249	0.0586659903967
riw-	0.0588235294118	0.705882352941	0.235294117647	0.0
xal-	0.36	0.23	0.11	0.3
lav-	0.172671870654	0.119819762024	0.0834082663947	0.624100100928
yon-	0.0476407090677	0.0754114770374	0.0111325368268	0.865815277068
rin-	0.348492635379	0.189656711966	0.0847204225804	0.377130230074
yin-	0.268828092057	0.15374274476	0.0523877943031	0.52504136888
agr-	0.0	1.0	0.0	0.0
heh-	0.4990051731	0.293274970155	0.016713091922	0.191006764823
rhw-	0.722949305342	0.154695454682	0.0547762531284	0.0675789868477
eni-	0.0	1.0	0.0	0.0
sos-	0.0	0.986078886311	0.0139211136891	0.0
mup-	0.0239594561374	0.795446379607	0.171063330875	0.00953083338061
tat-	0.0448267828869	0.941252979588	0.00642900673441	0.00749123079081
bit-	0.0	1.0	0.0	0.0
uri-	0.0	1.0	0.0	0.0
xil-	0.125435152996	0.779220606721	0.044291118713	0.0510531215699
ron-	0.210489105984	0.104119802044	0.0256014739593	0.659789618013
ave-	0.573980875692	0.314796175138	0.0489431303473	0.0622798188223
wek-	0.782178217822	0.143564356436	0.019801980198	0.0544554455445
onh-	0.450620014569	0.290784038284	0.18711737509	0.0714785720578
fuy-	0.681334279631	0.0631653655074	0.0511000709723	0.204400283889
nom-	0.0992609230728	0.431334440716	0.00928049280762	0.460124143404
kip-	0.0	1.0	0.0	0.0
pam-	0.448016826923	0.476712740385	0.0608473557692	0.0144230769231
mam-	0.123323009809	0.130132341529	0.034501080125	0.712043568537
xwi-	0.82449725777	0.0329067641682	0.0219378427788	0.120658135283
esa-	0.0306155683422	0.953968081642	0.00716534578221	0.00825100423409
dyu-	0.2454617206	0.201262825572	0.522494080505	0.0307813733228
hay-	0.828716528163	0.147045244691	0.0138504155125	0.0103878116343
mag-	0.12328273733	0.79202469771	0.0309750450219	0.0537175199383
sis-	0.492307692308	0.0692307692307	0.0153846153846	0.423076923077
loy-	0.0450667896225	0.18511836269	0.0113297513817	0.758485096306
huh-	0.575533068305	0.287856884713	0.106252258764	0.0303577882183
ekh-	0.067869074251	0.882998166422	0.0105920260142	0.0385407333124
emp-	0.0301274623407	0.709154113557	0.132097334878	0.128621089224
xib-	0.0829355608593	0.630668257757	0.24522673031	0.041169451074
nxa-	0.231884057971	0.689855072464	0.0536231884058	0.0246376811594
vok-	0.028228948157	0.950194785736	0.0107881330536	0.0107881330536
tuv-	0.791519434629	0.189929328622	0.0185512367491	0.0
epu-	0.0	1.0	0.0	0.0
fri-	0.0454545454545	0.918181818182	0.0272727272727	0.00909090909091
kho-	0.579914268024	0.275899265554	0.0657771370417	0.0784093293794
mac-	0.121323529412	0.856617647059	0.0220588235294	0.0
map-	0.0999771219401	0.793182338138	0.0979180965454	0.0089224433768
bet-	0.00497512437811	0.995024875622	0.0	0.0
law-	0.0523948172951	0.167132527782	0.00727907992429	0.773193574999
sal-	0.369062619041	0.426202127348	0.0729627567615	0.13177249685
phi-	0.467374810319	0.342943854325	0.140111279717	0.0495700556398
isk-	0.00398406374502	0.996015936255	0.0	0.0
gab-	0.0	1.0	0.0	0.0
sek-	0.541846419327	0.303710094909	0.06988783434	0.0845556514236
byi-	0.467305195665	0.139780886522	0.0458363140185	0.347077603794
den-	0.0117978908929	0.920364236473	0.0678378726343	0.0
soh-	0.772357723577	0.130081300813	0.0162601626016	0.0813008130081
vap-	0.0433729883054	0.932190544768	0.0149333964551	0.00950307047141
yan-	0.452969275694	0.356326308216	0.0161080429125	0.174596373178
pfe-	0.870743034056	0.094427244582	0.0348297213622	0.0
mix-	0.1858828921	0.79324255852	0.0208745493802	0.0
eme-	0.010101010101	0.838383838384	0.141414141414	0.010101010101
mbe-	0.187587954406	0.742698030222	0.0383932258569	0.0313207895148
min-	0.0951704016946	0.224676919856	0.011066640404	0.669086038046
xur-	0.703933747412	0.0954681389463	0.106970324362	0.09362778928
jok-	0.0764640436937	0.898047941742	0.0254880145646	0.0
eyu-	0.00628930817609	0.991194968553	0.00251572327044	0.0
bvi-	0.62962962963	0.240740740741	0.12962962963	0.0
nhu-	0.330275229358	0.596330275229	0.0	0.0733944954128
kut-	0.0366809086557	0.0172108340143	0.00373958814596	0.942368669184
lul-	0.10641625239	0.330860838877	0.405492801565	0.157230107169
tab-	0.0	0.980198019802	0.0	0.019801980198
lok-	0.0414318239073	0.0227142567328	0.0254602890778	0.910393630282
naz-	0.00183486238532	0.992660550459	0.00550458715598	0.0
gal-	0.00251256281407	0.986432160804	0.0100502512563	0.00100502512563
kre-	0.0	1.0	0.0	0.0
hav-	0.121219912431	0.124305235218	0.107305711628	0.647169140722
kar-	0.30052046442	0.153838672021	0.0933299093491	0.45231095421
ark-	0.103225806452	0.883870967742	0.0	0.0129032258064
kay-	0.11015789298	0.760923991054	0.0650766098074	0.0638415061589
kus-	0.128276545044	0.08541453904	0.0365178101693	0.749791105747
rix-	0.0461888871233	0.881296678849	0.0232003813761	0.0493140526511
xik-	0.0268130558693	0.92774271547	0.0094677383042	0.0359764903565
mia-	0.134599838319	0.806386418755	0.0278900565885	0.0311236863379
mfu-	0.0315382437373	0.960996740773	0.00277768018237	0.00468733530774
lan-	0.679577299931	0.176906199694	0.0247475733571	0.118768927017
hlu-	0.468609934325	0.236554774476	0.182952526192	0.111882765007
nwi-	0.534540444794	0.361543003346	0.0838417634324	0.0200747884275
ete-	0.00284873231412	0.992593295983	0.00199411261988	0.00256385908271
jah-	0.0914811229428	0.198451113262	0.68683446273	0.0232333010649
max-	0.1646692607	0.763424124514	0.0448249027238	0.0270817120622
vav-	0.233145114308	0.625738631635	0.0970224262329	0.0440938278244
hef-	0.285429141717	0.585828343313	0.0928143712575	0.0359281437126
cop-	0.146341463415	0.780487804878	0.0243902439024	0.0487804878049
tak-	0.884592504462	0.0612730517549	0.0292980368828	0.0248364069007
het-	0.480569503938	0.13646642266	0.294059233066	0.0889048403362
luk-	0.348614609572	0.619647355164	0.0287153652393	0.00302267002519
lel-	0.233974358974	0.676282051282	0.0128205128205	0.0769230769231
mhi-	0.190049751244	0.25671641791	0.541293532338	0.0119402985075
kop-	0.0394736842105	0.928947368421	0.0315789473684	0.0
kak-	0.350268002797	0.0666511302727	0.0251689582848	0.557911908646
abb-	0.0740740740741	0.833333333333	0.0	0.0925925925926
one-	0.0711462450592	0.897233201581	0.0	0.0316205533597
vae-	0.0746452806909	0.774830351635	0.122455274522	0.0280690931524
gog-	0.0597014925373	0.910447761194	0.0298507462686	0.0
rak-	0.310344827586	0.120689655172	0.0	0.568965517241
sil-	0.0425781823521	0.900650907845	0.039641755983	0.0171291538198
430-	0.547619047619	0.0178571428571	0.0	0.434523809524
gud-	0.257142857143	0.257142857143	0.485714285714	0.0
lal-	0.235236220472	0.705708661417	0.0295275590551	0.0295275590551
jas-	0.148837209302	0.823255813954	0.0186046511628	0.0093023255814
nis-	0.149900879378	0.138108066894	0.0814314034464	0.630559650282
vuh-	0.0601992677729	0.822935829948	0.0801442596674	0.0367206426113
him-	0.228	0.64	0.096	0.036
yox-	0.0552034348804	0.745246370885	0.052136577387	0.147413616847
tur-	0.670967741935	0.0387096774194	0.290322580645	0.0
egi-	0.00238853503185	0.997611464968	0.0	0.0
pim-	0.431686225903	0.315194756426	0.165174667616	0.0879443500548
run-	0.511092602408	0.432441129704	0.0179828878625	0.0384833800257
xwe-	0.342105263158	0.157894736842	0.0	0.5
pri-	0.0	1.0	0.0	0.0
twe-	0.641957105147	0.187986333916	0.090748131613	0.0793084293238
tro-	0.0733727810651	0.919526627219	0.00710059171599	0.0
ser-	0.0240963855422	0.975903614458	0.0	0.0
bom-	0.0178571428571	0.821428571429	0.160714285714	0.0
tri-	0.0	1.0	0.0	0.0
gol-	0.015625	0.984375	0.0	0.0
yud-	0.00909171153677	0.980845617442	0.00335422367376	0.00670844734752
xid-	0.137686062246	0.699368516013	0.128664862427	0.0342805593144
luy-	0.243243243243	0.095634095634	0.031185031185	0.629937629938
hex-	0.205623901582	0.131810193322	0.240773286467	0.421792618629
nag-	0.0	1.0	0.0	0.0
itu-	0.0	0.96	0.04	0.0
bvu-	0.641509433962	0.0377358490566	0.264150943396	0.0566037735849
fen-	0.189348646948	0.467904342354	0.311752674638	0.0309943360604
yek-	0.343283582089	0.649253731343	0.00746268656716	0.0
tam-	0.586554941916	0.292325271377	0.0917920396115	0.0293277470958
nal-	0.0648178007094	0.875846501129	0.0328926152854	0.0264430828765
man-	0.0867306590273	0.413366213894	0.0950632638966	0.404839863182
xip-	0.0924751191181	0.596549099213	0.23936395162	0.0716118300488
men-	0.0	0.97351530302	0.0264846969799	0.0
voy-	0.19837587007	0.763341067285	0.0174013921114	0.0208816705336
iko-	0.0	1.0	0.0	0.0
n'w-	0.0171543187773	0.214208473618	0.00320025912686	0.765436948478
mug-	0.0588914549653	0.38856812933	0.47286374134	0.0796766743649
e-e-	0.104448165526	0.0662093891298	0.0100846504645	0.81925779488
tsu-	0.802044089351	0.125247143164	0.0237309708398	0.0489777966451
deb-	0.452054794521	0.164383561644	0.342465753425	0.041095890411
mba-	0.0352941176471	0.488235294118	0.441176470588	0.035294117647
ame-	0.00140416569155	0.0926749356424	0.000702082845776	0.90521881582
xif-	0.0459314655654	0.800926442683	0.110280165197	0.0428619265543
kuf-	0.444878048781	0.211707317073	0.308292682927	0.0351219512195
pfi-	0.550714285714	0.313214285714	0.0910714285714	0.045
fuw-	0.27007124968	0.404083209095	0.258060154912	0.0677853863133
nch-	0.0810969441317	0.563632112386	0.0530148307916	0.302256112691
azo-	0.00775193798449	0.992248062016	0.0	0.0
nig-	0.0	1.0	0.0	0.0
com-	0.0584795321637	0.896198830409	0.030701754386	0.0146198830409
laz-	0.00113421550094	0.97618147448	0.00453686200378	0.0181474480151
xew-	0.459053948594	0.458122498301	0.0345832389296	0.0482403141756
rim-	0.294229576986	0.691406082397	0.0100550384324	0.00430930218531
bob-	0.196239903282	0.75960611848	0.0147179927461	0.0294359854923
ham-	0.13721188889	0.106487798694	0.0444451898714	0.711855122545
end-	0.55152532323	0.182242811618	0.0411200668555	0.225111798297
ket-	0.34756097561	0.378048780488	0.164634146341	0.109756097561
dru-	0.0	0.961538461538	0.0384615384615	0.0
tim-	0.09896911807	0.652331723593	0.0391961748203	0.209502983517
nil-	0.136585365854	0.19756097561	0.10243902439	0.563414634147
adr-	0.151260504202	0.798319327731	0.0504201680672	0.0
leb-	0.116027254745	0.140285019543	0.258760727304	0.484926998408
mon-	0.168639053254	0.479289940828	0.329881656805	0.0221893491124
yop-	0.0171232876712	0.982876712329	0.0	0.0
tho-	0.594282284085	0.257147144894	0.108051324379	0.0405192466421
nts-	0.12677768494	0.516480365529	0.0767491483286	0.279992801202
pas-	0.007136485281	0.990187332739	0.00267618198037	0.0
ara-	0.0	1.0	0.0	0.0
hit-	0.28846964828	0.321045972991	0.279270473395	0.111213905334
las-	0.0	1.0	0.0	0.0
pem-	0.61801242236	0.121118012422	0.149068322981	0.111801242236
tlh-	0.360357185424	0.136606201728	0.116528074323	0.386508538525
vin-	0.0833484326871	0.709005254575	0.0250045298061	0.182641782932
thy-	0.27219976091	0.184072317963	0.504506440651	0.0392214804766
enc-	0.249406175772	0.62945368171	0.0	0.121140142518
hiy-	0.0	1.0	0.0	0.0
huk-	0.405853119823	0.594146880177	0.0	0.0
yus-	0.0135135135135	0.986486486486	0.0	0.0
evu-	0.171272194935	0.635827732236	0.137800479148	0.0550995936803
yos-	0.0145018915511	0.974621689786	0.00331021437579	0.00756620428752
mpu-	0.133828996282	0.397769516729	0.17843866171	0.289962825279
dum-	0.284023668639	0.183431952663	0.408284023669	0.12426035503
ema-	0.12968693349	0.531551124776	0.0335788510934	0.305183090641
nso-	0.193122141284	0.399457902761	0.307470777571	0.0999491783839
zeb-	0.00555041628122	0.994449583719	0.0	0.0
ing-	0.102283478661	0.19024727031	0.0115068913494	0.69596235968
emh-	0.15398683248	0.539868324799	0.101682516459	0.204462326262
mie-	0.14153459909	0.810450337361	0.0240075317747	0.0240075317747
amo-	0.0	1.0	0.0	0.0
ten-	0.139156497538	0.277296082209	0.546510383216	0.037037037037
yod-	0.0	1.0	0.0	0.0
pet-	0.0395510620536	0.94067340692	0.00619608570633	0.0135794453205
his-	0.304545547032	0.410493010764	0.196349726331	0.0886117158728
apo-	0.00334448160535	0.993311036789	0.0	0.00334448160535
fan-	0.153341187048	0.0750493372613	0.124646848004	0.646962627687
xav-	0.742864115428	0.212202155263	0.0220145116751	0.0229192176343
amb-	0.581165408843	0.236142881296	0.124297099403	0.0583946104579
von-	0.38914324146	0.0877061018394	0.023480306736	0.499670349964
lot-	0.00581475841063	0.585213900042	0.408971341548	0.0
kef-	0.163915765509	0.672168468981	0.0717131474104	0.0922026180991
obe-	0.279661016949	0.720338983051	0.0	0.0
jit-	0.634782608696	0.24347826087	0.0	0.121739130435
mbh-	0.164455166868	0.609770808203	0.160836349015	0.0649376759148
aro-	0.00826446280992	0.96694214876	0.0247933884298	0.0
awa-	0.070796460177	0.840707964602	0.00884955752212	0.0796460176991
ere-	0.0408163265306	0.959183673469	0.0	0.0
fir-	0.0491803278688	0.885245901639	0.0655737704918	0.0
nay-	0.0384615384615	0.961538461538	0.0	0.0
nus-	0.344827586207	0.310344827586	0.0	0.344827586207
rhu-	0.614202831464	0.31534705683	0.0443545926638	0.0260955190418
mbi-	0.0936735026927	0.623891639014	0.0471087417723	0.235326116521
kor-	0.266576010504	0.619478570759	0.0436087405045	0.0703366782332
300-	0.15867768595	0.143801652893	0.15867768595	0.538842975207
emf-	0.0251128659651	0.963526551813	0.00358755228072	0.00777302994157
mik-	0.120979959313	0.806518633944	0.0374410249751	0.0350603817686
gid-	0.0344827586207	0.965517241379	0.0	0.0
yef-	0.0	1.0	0.0	0.0
nam-	0.219418960245	0.556574923547	0.048589874278	0.17541624193
mhe-	0.0221955608878	0.95650869826	0.0149970005999	0.00629874025195
kot-	0.185986631452	0.109497291552	0.270360174433	0.434155902563
bul-	0.280701754386	0.122807017544	0.0	0.59649122807
vuo-	0.00642260757867	0.655534146864	0.320274031257	0.017769214301
fun-	0.635338107611	0.231256733633	0.0487990366943	0.084606122061
dav-	0.0	0.992779369628	0.00137535816619	0.0058452722063
wak-	0.0687615526802	0.815896487985	0.0	0.115341959335
now-	0.0	1.0	0.0	0.0
tan-	0.170164420151	0.0763393819268	0.103765932498	0.649730265424
vag-	0.0747938086092	0.822392949949	0.0817986668174	0.0210145746243
ari-	0.203333333333	0.744166666667	0.04	0.0125
mha-	0.143814462471	0.276946345617	0.0349201507381	0.544319041173
hub-	0.0970149253731	0.791044776119	0.089552238806	0.0223880597015
ley-	0.0745280681567	0.0578129505686	0.172372019892	0.695286961383
aha-	0.264	0.36	0.064	0.312
moy-	0.00867269293532	0.911476191349	0.0589119712499	0.0209391444654
kav-	0.0929320504462	0.0542971299298	0.00820611535464	0.844564704269
aga-	0.0	0.984168865435	0.00791556728231	0.00791556728232
wil-	0.682242990654	0.214953271028	0.018691588785	0.0841121495327
edz-	0.0977596741344	0.696537678208	0.107942973523	0.0977596741344
vut-	0.33018678243	0.57820572162	0.0385542642473	0.0530532317032
lah-	0.282438563643	0.13978007666	0.0226614583195	0.555119901378
kok-	0.626955144984	0.242520971922	0.0634903407857	0.0670335423078
ngu-	0.106069246436	0.805947046843	0.05816700611	0.029816700611
vuf-	0.562601626016	0.359349593496	0.0585365853658	0.019512195122
ead-	0.0641025641026	0.833333333333	0.0512820512821	0.0512820512821
bel-	0.321003293641	0.624018241703	0.0266024828984	0.0283759817583
pis-	0.0162454873646	0.962093862816	0.0108303249097	0.0108303249097
wal-	0.135355595208	0.1763956156	0.00994137139944	0.678307417792
wox-	0.370629370629	0.221445221445	0.118881118881	0.289044289044
eal-	0.349397590361	0.361445783133	0.289156626506	0.0
xit-	0.129270819656	0.771822491039	0.0624027531846	0.0365039361205
osw-	0.329223359921	0.559000082797	0.0813484944664	0.0304280628156
ant-	0.0731577231918	0.364692287179	0.298853299357	0.263296690272
twi-	0.792102524663	0.10749016767	0.0429253454805	0.0574819621863
swu-	0.733800518384	0.242008255736	0.0	0.0241912258807
wer-	0.343163538874	0.327077747989	0.257372654155	0.0723860589812
won-	0.127295754165	0.0629698034118	0.03002778665	0.779706655773
ven-	0.802922399444	0.0975221761025	0.0336592149343	0.0658962095194
000-	0.0143149284254	0.0481708702568	0.0	0.937514201318
xwa-	0.880290881969	0.0760768226739	0.0179004288644	0.0257318664926
esi-	0.0437295611833	0.903015438436	0.013118868355	0.0401361320253
sar-	0.0305810397553	0.94006116208	0.0275229357798	0.00183486238532
mar-	0.112019627414	0.774799658453	0.00648694101968	0.106693773113
ske-	0.0	1.0	0.0	0.0
nho-	0.0508592985888	0.700852312421	0.239765264776	0.00852312421405
muc-	0.0220110055028	0.933966983492	0.0	0.0440220110055
dam-	0.00656455142232	0.993435448578	0.0	0.0
—le-	0.783582089552	0.0820895522388	0.0	0.134328358209
tin-	0.0823483766397	0.756918378934	0.0972071121379	0.0635261322883
kox-	0.0824742268041	0.0515463917526	0.0515463917526	0.814432989691
art-	0.0062695924765	0.993730407523	0.0	0.0
ink-	0.0188679245283	0.981132075472	0.0	0.0
bal-	0.562876292173	0.375780983756	0.0136317164603	0.047711007611
