-ꞌon	0.0824480974125	0.805763774734	0.0135817351598	0.0982063926941
-ꞌoo	0.925301204819	0.0746987951807	0.0	0.0
-sa̱	0.302697944194	0.436705901166	0.0635683928615	0.197027761778
-ivu	0.183677747571	0.706755596038	0.0494073941203	0.0601592622708
-iva	0.241122145369	0.758877854631	0.0	0.0
-hen	0.724246243211	0.1951483204	0.0299391620873	0.0506662743016
-hei	0.688741721854	0.238410596026	0.0596026490066	0.0132450331126
-hee	0.089552238806	0.746268656716	0.0	0.164179104478
-ufu	0.0	0.838709677419	0.0	0.161290322581
-̱mo	0.467234042553	0.491914893617	0.0204255319149	0.0204255319149
-shi	0.220017401771	0.218943980315	0.0252921591103	0.535746458804
-nsu	0.103806228374	0.81660899654	0.0484429065744	0.0311418685121
-ꞌin	0.182865138377	0.685649989429	0.0755842571956	0.0559006149992
-oyi	0.465338102538	0.297053312894	0.143076136944	0.0945324476239
-iɗa	0.111563495758	0.686386742401	0.0208865914503	0.181163170391
-zim	0.34693877551	0.510204081633	0.0408163265306	0.102040816327
-ufa	0.0169021719666	0.900244043884	0.0520321764461	0.0308216077037
-nɗu	0.0535502253658	0.0434420747176	0.010990316523	0.892017383394
-iɗi	0.284482758621	0.663793103448	0.0344827586207	0.0172413793103
-ufo	0.0	0.944444444444	0.0555555555555	0.0
-iɗo	0.791283723688	0.197153868959	0.00711532760155	0.00444707975097
-nsa	0.708609341304	0.117433635157	0.0332965712961	0.140660452243
-nti	0.108108108108	0.833024805628	0.00666419844504	0.0522028878193
-nta	0.115387300184	0.586197268306	0.226795727948	0.0716197035624
-oꞌo	0.204999997968	0.543012327032	0.117888566822	0.134099108178
-la̱	0.0714304467892	0.797152436255	0.0573805949325	0.0740365220236
-ntu	0.0136054421769	0.982993197279	0.0	0.00340136054422
-ɓa̱	0.0957446808511	0.755319148936	0.0851063829787	0.063829787234
-hem	0.0	1.0	0.0	0.0
-opu	0.319469961113	0.55542786385	0.125102175037	0.0
-opo	0.405186385737	0.400324149109	0.194489465154	0.0
-opi	0.369959870055	0.582393783044	0.047646346901	0.0
-̱di	0.0	0.996581196581	0.0	0.0034188034188
-̱su	0.479694527319	0.447722313755	0.0360689317362	0.0365142271898
-imu	0.153128153712	0.367941769724	0.160799034758	0.318131041806
-den	0.467331374005	0.420825869924	0.0406688785406	0.0711738775313
-400	0.510869565217	0.260869565217	0.0	0.228260869565
-ima	0.0431544759112	0.779670841264	0.0695034975529	0.107671185272
-oko	0.478124533373	0.440346423772	0.0510676422279	0.0304614006272
-ime	0.260801335673	0.226554659819	0.0628235139138	0.449820490595
-imo	0.00578173933991	0.99421826066	0.0	0.0
-ido	0.0485436893204	0.943365695793	0.00161812297735	0.00647249190939
-eci	0.491913958235	0.286230177422	0.129376668237	0.0924791961061
-obo	0.0348442536576	0.810224474231	0.117539923888	0.0373913482233
-ꞌan	0.213584879646	0.596569051792	0.121174229713	0.0686718388487
-oba	0.0218181818182	0.956363636364	0.0218181818182	0.0
-ꞌai	0.0488537531352	0.0874654997345	0.432599824463	0.431080922667
-ece	0.761674842047	0.0587943735152	0.144635867986	0.0348949164516
-obe	0.0	1.0	0.0	0.0
-idu	0.0125543215838	0.943183647191	0.036214389184	0.00804764204088
-ecu	0.370786516854	0.494382022472	0.134831460674	0.0
-obu	0.20634624607	0.65745723877	0.0365002397826	0.099696275377
-uta	0.0	1.0	0.0	0.0
-bbi	0.510416666667	0.28125	0.0	0.208333333333
-uti	0.584225900682	0.0194741966894	0.0	0.396299902629
-tee	0.617647058824	0.161764705882	0.147058823529	0.0735294117647
-utu	0.0636922204664	0.826071244111	0.0842697070787	0.025966828344
-ten	0.134565261931	0.79290930469	0.0489328225204	0.0235926108581
-eꞌe	0.220724913336	0.546451663962	0.0435149531969	0.189308469505
-gyo	0.701241134752	0.181959219858	0.00709219858156	0.109707446808
-are	0.0	1.0	0.0	0.0
-ara	0.511190125204	0.261639946868	0.0990122984245	0.128157629503
-nza	0.112047528672	0.54157192877	0.0287188930855	0.317661649473
-ari	0.283660684881	0.370346364331	0.245415560118	0.100577390671
-mee	0.532139756833	0.24021861404	0.0936917316019	0.133949897525
-aru	0.0324459251246	0.0481760459716	0.0508923550678	0.868485673836
-nzu	0.044948630137	0.487585616438	0.269691780822	0.197773972603
-ile	0.0890052356021	0.65445026178	0.256544502618	0.0
-lun	0.0	0.935483870968	0.0645161290323	0.0
-̱to	0.69674699389	0.129775921261	0.0507916392883	0.122685445561
-mei	0.689636608345	0.228532974428	0.0258411843876	0.0559892328398
-aya	0.0293935733515	0.925057199091	0.0181932355353	0.0273559920226
-tyo	0.152845571399	0.0573668090433	0.0217590513988	0.768028568159
-ayi	0.443160691436	0.225901468542	0.163196463784	0.167741376238
-ayu	0.10888252149	0.87106017192	0.0	0.0200573065903
-oɓo	0.529898300721	0.17498069001	0.252639031926	0.0424819773429
-oɓi	0.303408146301	0.500332502078	0.147797173732	0.0484621778886
-ubu	0.00157927984839	0.995578016425	0.000631711939358	0.00221099178775
-oɓu	0.170103930895	0.201247067507	0.499239939195	0.129409062402
-ubi	0.00961538461538	0.908653846154	0.0769230769231	0.00480769230769
-uba	0.105590062112	0.894409937888	0.0	0.0
-umu	0.0457570344819	0.222388530412	0.0223798828908	0.709474552216
-ota	0.0	1.0	0.0	0.0
-ija	0.0	0.876923076923	0.123076923077	0.0
-aɓa	0.448683927597	0.378159052294	0.0938086117384	0.0793484083709
-oti	0.0138065390479	0.975097408098	0.00177875656446	0.00931729629002
-aɓi	0.171444348126	0.574818016649	0.233164313451	0.020573321775
-oto	0.444563882973	0.236077712077	0.0741047857538	0.245253619196
-ume	0.233097437128	0.573187797369	0.130142737196	0.0635720283075
-aɓu	0.421853233746	0.168844228183	0.375584251182	0.0337182868892
-uma	0.132438909348	0.61958924851	0.038344297587	0.209627544555
-otu	0.0517462593634	0.0759825657087	0.45896148984	0.413309685088
-umi	0.421025414497	0.536012808513	0.0315053031256	0.0114564738639
ALL	0.25179129073	0.325057511803	0.059521408231	0.363629789236
-nai	0.659782110191	0.284279387585	0.0354138030251	0.0205246991992
-nan	0.0710253109754	0.561064798538	0.327149660477	0.04076023001
-aki	0.0	1.0	0.0	0.0
-naa	0.84091117847	0.124919628915	0.0121245522182	0.0220446403968
-zun	0.111688925659	0.847358468266	0.0	0.0409526060749
-aka	0.139669818863	0.783307617831	0.0326381014443	0.0443844618613
-ga̱	0.294134757622	0.421908647933	0.225939491206	0.0580171032395
-ꞌwo	0.749722763496	0.0325035563098	0.0149123062905	0.202861373904
-aku	0.036938275696	0.503348093142	0.129283964936	0.330429666226
-mos	0.0	1.0	0.0	0.0
-wun	0.0610539280694	0.881030805405	0.03382972014	0.0240855463852
-gon	0.024	0.928	0.048	0.0
-̱wu	0.082859396405	0.613333886836	0.0224168707709	0.281389845988
-ra̱	0.428899380792	0.070866833699	0.0210461075648	0.479187677944
-̱wi	0.344262295082	0.545667447307	0.107728337237	0.00234192037471
-moo	0.176115265938	0.168008995345	0.071832017154	0.584043721563
-mon	0.2	0.8	0.0	0.0
-dyo	0.479868913858	0.416198501873	0.102528089888	0.00140449438202
-moi	0.0705009276438	0.86827458256	0.0556586270872	0.00556586270871
-ꞌei	0.837647058824	0.134117647059	0.0282352941176	0.0
-coo	0.122222222222	0.5	0.144444444444	0.233333333333
-coi	0.57587608539	0.296714919334	0.0440063963946	0.0834025988811
-ꞌen	0.191826976643	0.230826858285	0.234707997833	0.342638167239
-ofu	0.0187851040733	0.960400245434	0.0127436635673	0.00807098692595
-mfa	0.0	1.0	0.0	0.0
-bei	0.434027777778	0.0104166666667	0.555555555556	0.0
-ben	0.171675446242	0.393072346231	0.299958312806	0.135293894721
-216	0.0461538461539	0.369230769231	0.0923076923077	0.492307692308
-yan	0.409550691413	0.359331775824	0.056079785534	0.175037747228
-yai	0.244094488189	0.330708661417	0.0944881889764	0.330708661417
-ofa	0.0	0.962962962963	0.0	0.037037037037
-iso	0.503912756511	0.333085878464	0.085476325562	0.0775250394632
-evu	0.271428008288	0.570381032757	0.0870693092047	0.0711216497502
-rei	0.310344827586	0.64367816092	0.0459770114943	0.0
-igu	0.311787072243	0.460076045627	0.0570342205323	0.171102661597
-isi	0.0452127659574	0.912234042553	0.0265957446809	0.0159574468085
-lya	0.28941952464	0.651163969827	0.037790704374	0.0216258011583
-isa	0.342398930293	0.447256390024	0.0405905993479	0.169754080336
-eve	0.250205956604	0.0428157435253	0.00261148672442	0.704366813147
-upa	0.27083216146	0.193034999343	0.0266320570683	0.509500782129
-isu	0.0173027989822	0.970737913486	0.00814249363867	0.00381679389313
-evi	0.0558319513543	0.925925925926	0.0132669983416	0.0049751243781
-ba̱	0.486708929763	0.0715435999247	0.200222534122	0.241524936189
-ava	0.459132326941	0.42989256086	0.0913912688699	0.0195838433293
-mai	0.714130301916	0.171104276607	0.0225387480015	0.0922266734755
-man	0.03159003159	0.770972270972	0.197437697438	0.0
-maa	0.0795009473276	0.0438375517098	0.0120375278682	0.864623973094
-avu	0.174720647203	0.336989278689	0.404823835422	0.0834662386863
-nku	0.162526461312	0.769041344451	0.0	0.0684321942368
--re	0.105882352941	0.405882352941	0.0	0.488235294118
-una	0.380411302529	0.260129823798	0.0242595790864	0.335199294587
-unu	0.0945313280164	0.847161097816	0.0362052581867	0.0221023159812
-666	0.335025380711	0.304568527919	0.0	0.36040609137
-him	0.0320256831885	0.939628846606	0.0241954428001	0.00415002740584
-nla	0.741394527802	0.18799646955	0.0706090026478	0.0
-eɗu	0.319264069264	0.443722943723	0.100649350649	0.136363636364
-nle	0.164596385271	0.055167440393	0.0141614458917	0.766074728445
-500	0.15931372549	0.397058823529	0.0661764705882	0.377450980392
-oɗo	0.650274294671	0.105799373041	0.0476097178684	0.19631661442
-ada	0.0323375420734	0.953690651387	0.00747411760247	0.00649768893706
-gan	0.203794799719	0.381588193956	0.21363316936	0.200983836964
-gai	0.571319755927	0.246256361858	0.0502478614197	0.132176020795
-adi	0.0224382946896	0.919222139117	0.0	0.0583395661929
-eɗe	0.338719955556	0.310158330746	0.147628306727	0.203493406971
-adu	0.376945812808	0.479113300493	0.0932019704433	0.0507389162562
-nlu	0.085113627547	0.868383738837	0.0243629801684	0.022139653448
-yaa	0.218581228269	0.11361025291	0.0495012272353	0.618307291586
-na̱	0.125792280335	0.0424959463742	0.012330314857	0.819381458434
-oɗu	0.85393258427	0.0898876404494	0.0561797752809	0.0
-eɗi	0.0	0.932692307692	0.0673076923076	0.0
-sen	0.0	1.0	0.0	0.0
-aɗi	0.0435887495583	0.91630009138	0.0252295781098	0.0148815809523
-̱in	0.649875689419	0.240203877225	0.0422561863704	0.0676642469853
-̱li	0.0773446216149	0.60192419195	0.114005832963	0.206725353472
-ina	0.451594970847	0.457144516055	0.0361529561394	0.0551075569589
-aɗa	0.247247560195	0.290504114653	0.0171299946734	0.445118330479
-̱le	0.0064308681672	0.987138263666	0.0	0.0064308681672
-ine	0.08312022857	0.0797207872349	0.0116491510701	0.825509833125
-̱lu	0.223491027732	0.681426240969	0.0783034257749	0.0167793055232
-inu	0.0180680207841	0.977916863486	0.0040151157298	0.0
-aɗu	0.51902173913	0.299592391304	0.151947463768	0.0294384057971
-eda	0.0	1.0	0.0	0.0
-ede	0.378185069289	0.316495306214	0.129190880644	0.176128743853
-oon	0.0315584486193	0.0604726106275	0.0946506328989	0.813318307854
-rsu	0.0277777777778	0.958333333333	0.00694444444446	0.00694444444446
-nei	0.945820590201	0.0209628744455	0.00556984586717	0.0276466894862
-kun	0.103243229207	0.209096102412	0.648905507517	0.0387551608631
-nee	0.425742574257	0.336633663366	0.019801980198	0.217821782178
-̱a̱	0.387671388005	0.161901589366	0.0411031644855	0.409323858143
-eke	0.0846153846154	0.876923076923	0.0307692307692	0.0076923076923
-bai	0.611692096691	0.253557346134	0.101834390537	0.0329161666381
-hoi	0.782608695652	0.0372670807453	0.0	0.180124223602
-hon	0.471709717097	0.475707257073	0.0285977859779	0.0239852398524
-baa	0.42	0.31	0.05	0.22
-upu	0.33225325771	0.518326916835	0.0888686461877	0.0605511792669
-aꞌi	0.537275064267	0.439588688946	0.0231362467866	0.0
-aꞌa	0.160732161299	0.490923833483	0.123619464972	0.224724540246
-nya	0.0132033951588	0.986796604841	0.0	0.0
-mbu	0.398199884028	0.453496331084	0.135106520346	0.0131972645423
-asa	0.42889523922	0.4721923467	0.0390172152731	0.059895198807
-nye	0.0514365842964	0.0201858087147	0.00355733514233	0.924820271847
-ma̱	0.0702069038103	0.12785230541	0.0289343774364	0.773006413343
-nyi	0.416666666667	0.340909090909	0.0984848484848	0.143939393939
-153	0.0416666666667	0.0625	0.0416666666667	0.854166666667
-mba	0.528884340353	0.276454208304	0.0581657572159	0.136495694127
-asu	0.271741157232	0.499121199583	0.0651690172163	0.163968625969
-mbi	0.204652713221	0.417657112927	0.349094612537	0.0285955613153
-yee	0.349466542501	0.216238256479	0.102895614188	0.331399586832
-430	0.601156069364	0.0346820809248	0.0	0.364161849711
-eru	0.210071942446	0.58273381295	0.0474820143885	0.159712230216
-ran	0.227074235808	0.672489082969	0.100436681223	0.0
-eri	0.0113980294932	0.949964582394	0.00618198209801	0.0324554060146
-iwa	0.0240963855422	0.77108433735	0.204819277108	0.0
-ram	0.0	1.0	0.0	0.0
-rai	0.652462956571	0.141794193227	0.0829977371227	0.12274511308
-era	0.0	1.0	0.0	0.0
-iwi	0.073544879091	0.83715062487	0.0893044960391	0.0
-ere	0.103615435689	0.413105043524	0.100674970075	0.382604550711
-raa	0.653809614289	0.0931027930838	0.0273608208246	0.225726771803
-ugu	0.0753212228622	0.86350708191	0.0418768848171	0.0192948104106
-ꞌwe	0.651973347002	0.160174269605	0.0343413634034	0.15351101999
-ya̱	0.217067278924	0.123103343113	0.0636652255113	0.596164152451
-ꞌwa	0.0897511177187	0.857922558102	0.0178144940651	0.0345118301142
-azu	0.421359223301	0.301941747573	0.209708737864	0.0669902912621
-ozo	0.0862462051725	0.415821600366	0.0735295476704	0.424402646791
-ꞌwi	0.662337662338	0.279220779221	0.0	0.0584415584416
-̱bu	0.101851851852	0.898148148148	0.0	0.0
-poi	0.49065865394	0.389668503636	0.0718037054545	0.0478691369697
-pon	0.164635017819	0.770508763041	0.0548783392729	0.0099778798678
-poo	0.889570552147	0.0552147239264	0.0184049079755	0.0368098159509
-uga	0.425531914894	0.531914893617	0.0425531914894	0.0
-ozu	0.199500190605	0.416011902241	0.311104875259	0.0733830318947
-iꞌi	0.185149272754	0.678432130477	0.046701006268	0.0897175905006
-aza	0.0755969444129	0.258086693029	0.0221337604177	0.644182602141
-laa	0.609306200167	0.28283549526	0.079297076441	0.0285612281328
-ika	0.0316368638239	0.933287482806	0.0113480055021	0.023727647868
-iko	0.00304878048781	0.996951219512	0.0	0.0
-lam	0.029702970297	0.970297029703	0.0	0.0
-nos	0.0	1.0	0.0	0.0
-lai	0.399542607544	0.380514795504	0.0676952275289	0.152247369423
-iki	0.00858369098714	0.935622317597	0.0557939914163	0.0
-lak	0.0422973253162	0.957702674684	0.0	0.0
-noi	0.345467943994	0.219307295505	0.272807663965	0.162417096536
-iku	0.0405063291139	0.954430379747	0.0	0.00506329113924
-aan	0.329700861006	0.0844269742805	0.0401453619711	0.545726802743
-noo	0.620041753654	0.329853862213	0.0250521920668	0.0250521920668
-a̱—	0.8	0.2	0.0	0.0
-uki	0.0991515365117	0.823418703444	0.0576115003158	0.019818259728
-aho	0.0	1.0	0.0	0.0
-ɓau	0.141732283464	0.787401574803	0.0	0.0708661417322
-eɓu	0.203539823009	0.619469026549	0.141592920354	0.0353982300885
-ɓaa	0.557666214383	0.434192672999	0.00814111261872	0.0
-don	0.0	1.0	0.0	0.0
-ɓai	0.530804176297	0.36064397864	0.0942057862437	0.0143460588188
-dom	0.00481166913886	0.916196762498	0.078991568363	0.0
-eɓe	0.65111662531	0.184284532672	0.0843672456575	0.0802315963607
-sar	0.00908889381511	0.927732210153	0.0591886499668	0.00399024606517
-̱pu	0.223958333333	0.546875	0.21875	0.0104166666667
-ton	0.36155588885	0.256528231156	0.0679165758061	0.313999304188
-ibu	0.00366492146596	0.995287958115	0.00104712041885	0.0
-olu	0.131321207276	0.762942234659	0.0491704977014	0.0565660603638
-mpa	0.484972677596	0.273224043716	0.0887978142076	0.153005464481
-lfa	0.00302419354839	0.996975806452	0.0	0.0
-oli	0.210450966356	0.665712240515	0.0508231925555	0.0730136005727
-saa	0.57565155743	0.103718453387	0.0612379683552	0.259392020828
-ibi	0.00728385938984	0.987649107991	0.00126675815475	0.00380027446427
-olo	0.161912650503	0.298089866305	0.0511392437084	0.488858239483
-ola	0.0716097269879	0.910487841265	0.0	0.017902431747
-sai	0.477002924815	0.321586282044	0.147932557206	0.0534782359351
-mpu	0.219047619048	0.771428571429	0.0095238095238	0.0
-san	0.488423883932	0.244699199808	0.0423097740127	0.224567142247
-von	0.196158255255	0.422656734193	0.349305496482	0.0318795140703
-voo	0.405811044834	0.320954396767	0.0515682124303	0.221666345969
-lon	0.181964389269	0.115027703623	0.301006357031	0.402001550077
-loo	0.384669282511	0.419843049327	0.115610986547	0.0798766816144
-a̱n	0.391526385358	0.278520966604	0.106337732272	0.223614915765
-a̱i	0.61448187	0.15564707745	0.0566310938766	0.173239958674
-loi	0.43235226023	0.344156971696	0.0989031660589	0.124587602014
-ɗyo	0.169450111886	0.776704620245	0.0123403975253	0.0415048703435
-oki	0.21978021978	0.648351648352	0.131868131868	0.0
-ron	0.0911919113358	0.80614427377	0.0419988333658	0.0606649815283
-oci	0.082083067736	0.737009273623	0.038522570185	0.142385088456
-roi	0.513425356206	0.195457173781	0.291117470013	0.0
-rdu	0.0185950413223	0.960743801653	0.00413223140496	0.0165289256198
-ewu	0.191780821918	0.326999558109	0.391073795846	0.0901458241273
-ipi	0.706896551724	0.137931034483	0.0862068965517	0.0689655172414
-ipa	0.275138602022	0.683117730188	0.0286987716056	0.0130448961844
-ewe	0.637033370697	0.133634615852	0.192428011286	0.0369040021645
-ipu	0.0419567736037	0.876891016031	0.0378073652923	0.0433448450727
-awi	0.277250859107	0.701718213058	0.0103092783505	0.0107216494845
-awo	0.220174346202	0.663262764633	0.116562889166	0.0
-awa	0.352360049172	0.480544125086	0.0238541869775	0.143241638764
-too	0.483965014577	0.255102040816	0.0830903790087	0.177842565598
-awu	0.100439502014	0.803311035657	0.0384694223251	0.0577800400037
-276	0.0	0.406015037594	0.0	0.593984962406
-uji	0.781818181818	0.145454545455	0.0363636363637	0.0363636363636
-rꞌm	0.524390243902	0.0975609756097	0.30487804878	0.0731707317073
-sti	0.0394100244577	0.915305828198	0.0164475440826	0.0288366032618
-toi	0.599211411947	0.176398170589	0.0368822742617	0.187508143202
-sta	0.0424242424242	0.957575757576	0.0	0.0
-ꞌaa	0.126607602172	0.0800228636753	0.244498428122	0.54887110603
-eyu	0.0	1.0	0.0	0.0
-eyi	0.805497925311	0.119467496542	0.0390733056708	0.0359612724758
-uci	0.0905880810855	0.617724534898	0.0816695749663	0.21001780905
-ꞌa̱	0.203025475189	0.455312296555	0.0465796478253	0.29508258043
-200	0.0610734114744	0.601274933169	0.0801974090068	0.25745424635
-lei	0.594066170737	0.221717765593	0.0755653476254	0.108650716045
-lel	0.0	1.0	0.0	0.0
-lem	0.00787401574803	0.992125984252	0.0	0.0
-len	0.432773109244	0.453781512605	0.031512605042	0.0819327731092
-lee	0.725714285714	0.114285714286	0.0	0.16
-mur	0.0491803278688	0.934426229508	0.016393442623	0.0
-ryo	0.3125	0.375	0.0625	0.25
-ida	0.0148367952522	0.965689910979	0.0	0.0194732937685
-̱mu	0.300873960738	0.0852724651317	0.0320360706469	0.581817503483
-een	0.558139534884	0.418604651163	0.0232558139535	0.0
-uwa	0.598461494262	0.118654050941	0.0319118054238	0.250972649373
-ifi	0.15873015873	0.777777777778	0.0634920634921	0.0
-alu	0.43848978228	0.430144738725	0.0219645781616	0.109400900834
-ndu	0.0	0.977528089888	0.0224719101124	0.0
-̱ɗu	0.057314187138	0.17683434974	0.0339963810085	0.731855082113
-iba	0.169446297532	0.655770513676	0.0820547031354	0.0927284856571
-ndi	0.373563218391	0.445402298851	0.172413793103	0.00862068965515
-uwo	0.322305646801	0.490184576881	0.110472391678	0.0770373846395
-̱tu	0.00583657587548	0.955252918288	0.0	0.0389105058366
-ndo	0.101003228172	0.863766603918	0.0213195436711	0.0139106242393
-ali	0.119435453508	0.482873187566	0.066629802446	0.331061556479
-nda	0.0798931392138	0.0897021500732	0.0282435941564	0.802161116557
-ale	0.0871290871291	0.891324891325	0.013608013608	0.007938007938
-ala	0.359805042948	0.551072808995	0.0418371784306	0.0472849696268
-120	0.0287081339713	0.153110047847	0.0	0.818181818182
-uva	0.0173707344705	0.784124129495	0.0653805256941	0.133124610341
-abu	0.128760701537	0.137470011711	0.0740991916441	0.659670095108
-uvu	0.277223528029	0.62884185975	0.0317210736144	0.0622135386062
-yoi	0.578378378379	0.405405405405	0.0	0.0162162162162
-yoo	0.372137903964	0.339567251079	0.069589820751	0.218705024205
-yon	0.441082968506	0.329379073057	0.0115461749717	0.217991783466
-gwa	0.752384949154	0.131234028522	0.0309874776118	0.0853935447126
-wwa	0.815709653254	0.087671369225	0.0166588960076	0.0799600815133
-̱ꞌu	0.335078534031	0.519197207679	0.11780104712	0.0279232111693
-uɗa	0.542129406084	0.387614678899	0.0463544181555	0.0239014968614
-iyu	0.215166230855	0.729049931516	0.0239073589839	0.0318764786452
-pen	0.22813635267	0.378890842036	0.334787853721	0.0581849515734
-ogu	0.218793828892	0.747144860749	0.0204367862152	0.0136245241435
-rku	0.0387228260869	0.949048913044	0.0	0.0122282608696
-elu	0.0108173076923	0.989182692308	0.0	0.0
-uɗu	0.473233404711	0.267665952891	0.218415417559	0.0406852248394
-eli	0.0363913228633	0.832174058923	0.10917396859	0.0222606496238
-iyi	0.267014169613	0.0707430909782	0.0144824227728	0.647760316636
-ogo	0.106237298734	0.122466260226	0.070712834141	0.700583606899
-ela	0.0	1.0	0.0	0.0
-iya	0.1786854415	0.767077851176	0.0372075232881	0.0170291840364
-ele	0.114228584446	0.197130150086	0.0517498789337	0.636891386534
-cci	0.342294941867	0.546877399218	0.0291333237553	0.0816943351596
-hum	0.00216060496939	0.978393950306	0.0	0.0194454447245
-itu	0.0296756383713	0.949620427881	0.0165631469979	0.00414078674949
-esu	0.0348592986636	0.798000711942	0.00677421085016	0.160365778544
-ito	0.735380434783	0.160945652174	0.0452391304348	0.0584347826087
-iti	0.102401064999	0.271364573891	0.0465937107249	0.579640650385
-ta̱	0.424087557415	0.049550672706	0.010775133745	0.515586636134
-ese	0.0	1.0	0.0	0.0
-ita	0.0446659283868	0.929863418236	0.00996677740864	0.015503875969
-ezu	0.0289855072464	0.971014492754	0.0	0.0
-̱co	0.652825836217	0.274509803922	0.0588235294117	0.0138408304498
-̱ci	0.0449670590149	0.893926542184	0.0407724573859	0.020333941415
-ɗoi	0.641606591143	0.222451081359	0.0494335736355	0.086508753862
-uda	0.0218548254357	0.953333699104	0.0154843114663	0.00932716399349
-ɗoo	0.0684931506849	0.931506849315	0.0	0.0
-udi	0.0	1.0	0.0	0.0
-nna	0.438826815642	0.323463687151	0.103910614525	0.133798882682
-oɗi	0.175803402646	0.523629489603	0.23629489603	0.0642722117202
-woi	0.350493472314	0.198718703466	0.0584894552759	0.392298368944
-abe	0.0	1.0	0.0	0.0
-ɓoo	0.660832467319	0.127440791993	0.181480063447	0.0302466772412
-ɓoi	0.57024040371	0.306964465108	0.0754152746303	0.0473798565522
-aba	0.280623418747	0.559354202482	0.131282300056	0.0287400787152
-woo	0.268646559534	0.183325412493	0.129519828836	0.418508199137
-won	0.607142857143	0.392857142857	0.0	0.0
-abo	0.0	0.962732919255	0.0124223602484	0.0248447204969
-oco	0.637756163163	0.183318978269	0.0426143497599	0.136310508809
-nji	0.0144444444444	0.982222222222	0.00111111111111	0.00222222222222
-gba	0.10694562624	0.0368187010444	0.017781842528	0.838453830188
-wa̱	0.513678590321	0.125008050552	0.0775570771833	0.283756281944
-koo	0.338461538462	0.630769230769	0.0307692307692	0.0
-koi	0.54912	0.31072	0.12288	0.01728
-da̱	0.139394073396	0.236455263037	0.527009536379	0.0971411271875
-tun	0.00313152400835	0.98643006263	0.00835073068894	0.00208768267223
-oru	0.293083561341	0.237506181878	0.440816738602	0.0285935181796
-soo	0.289604207583	0.242169035651	0.136147265404	0.332079491362
-ori	0.0102040816327	0.887755102041	0.102040816327	0.0
-soi	0.294620574915	0.309894629818	0.129286440521	0.266198354746
-oro	0.0840125268932	0.850297938496	0.0217572139349	0.0439323206763
-ora	0.0689655172413	0.879310344828	0.0172413793104	0.0344827586207
-omi	0.0	0.910714285714	0.0535714285714	0.0357142857142
-omo	0.176470588235	0.792156862745	0.0235294117647	0.0078431372549
-ngu	0.713806227558	0.172715500894	0.088474841593	0.0250034299549
-ici	0.0178571428571	0.946428571429	0.0	0.0357142857143
-oma	0.0344548332474	0.739159243172	0.199219612751	0.0271663108297
-ica	0.450000796969	0.46265135777	0.071249063561	0.0160987816995
-izu	0.850267379679	0.0213903743315	0.128342245989	0.0
-144	0.0195694716243	0.0704500978473	0.0	0.909980430528
-abi	0.189254859611	0.77186825054	0.00809935205184	0.030777537797
-oda	0.0	1.0	0.0	0.0
-iza	0.0422035487893	0.637079612353	0.306328837397	0.0143880014614
-odo	0.0295424541971	0.940029622951	0.0246321280227	0.00579579482886
-uri	0.177869546569	0.298306370905	0.457064302918	0.0667597796082
-uro	0.483554036736	0.255446390431	0.162750961128	0.0982486117044
-ura	0.335244264194	0.117897935766	0.169669708553	0.377188091487
-ure	0.0999382057187	0.498118083254	0.0385371608337	0.363406550194
-ɗaa	0.671755725191	0.297709923664	0.030534351145	0.0
-uru	0.0967132577943	0.270783520874	0.0779650463297	0.554538175002
-ɗai	0.454491515367	0.358668565326	0.142340097306	0.0444998220007
-pai	0.406236043381	0.418836692388	0.125051308728	0.049875955504
-apa	0.315188923271	0.363883617806	0.0163958161501	0.304531642773
-pan	0.0628324946081	0.538030194105	0.373256649892	0.0258806613947
-paa	0.365027322404	0.448087431694	0.15737704918	0.0295081967213
-uɓa	0.175637939336	0.784496870486	0.0277323062109	0.0121328839673
-api	0.0938494125486	0.327671693653	0.209078720855	0.369400172943
-za̱	0.18777714744	0.472026049507	0.0778854690185	0.262311334034
-waa	0.365017129944	0.156097173956	0.0752334838693	0.403652212231
-apu	0.274591237906	0.214688885671	0.460956410203	0.0497634662198
-wan	0.431438919755	0.100041066881	0.0271022363901	0.441417776973
-wai	0.570200247526	0.143445464969	0.0764841567638	0.209870130742
-ini	0.11572892069	0.579418709941	0.265174085187	0.0396782841823
-kem	0.0	1.0	0.0	0.0
-sun	0.310046024358	0.592746571622	0.0617166707702	0.0354907332502
-ꞌun	0.18968811902	0.511038639142	0.138747235188	0.16052600665
-dim	0.0897435897436	0.833333333333	0.0769230769231	0.0
-ino	0.77	0.164375	0.01875	0.046875
-son	0.0828232537707	0.878840240152	0.0155806120955	0.0227558939815
-see	0.254801008358	0.244746737911	0.170185591531	0.3302666622
-ska	0.0125944584383	0.987405541562	0.0	0.0
-vee	0.475949367089	0.273417721519	0.116455696202	0.13417721519
-uku	0.0722891566265	0.927710843374	0.0	0.0
-ven	0.585729499468	0.257720979766	0.102236421725	0.0543130990415
-̱ni	0.0813615334811	0.081685006378	0.153226864241	0.6837265959
-afu	0.0838856368825	0.111895892797	0.00986889845678	0.794349571864
-nnu	0.393693412426	0.281610989697	0.0892912894162	0.235404308461
-vei	0.750605740458	0.126367265343	0.0382106774804	0.0848163167185
-afi	0.0194358962493	0.980564103751	0.0	0.0
-nni	0.318406729342	0.246660069273	0.0925284512617	0.342404750124
-nno	0.334963325183	0.20293398533	0.080684596577	0.38141809291
-̱nu	0.628780320953	0.179464888027	0.0703569630115	0.121397828008
-afo	0.0	1.0	0.0	0.0
-afa	0.0105485232067	0.984420642648	0.00243427458617	0.00259655955859
-ka̱	0.369439071567	0.350096711799	0.0212765957447	0.25918762089
-nne	0.327868852459	0.426229508197	0.0819672131147	0.16393442623
-vai	0.18932038835	0.81067961165	0.0	0.0
-efa	0.311320754717	0.603773584906	0.0	0.0849056603774
-nga	0.233463700544	0.520266470262	0.0772410283554	0.169028800839
-nge	0.203050524309	0.516682554814	0.160152526215	0.120114394662
-ngi	0.380391474218	0.385971529148	0.0462167807822	0.187420215852
-ain	0.244473877921	0.605225825517	0.077366656824	0.0729336397377
-eme	0.689267200449	0.156933001853	0.0224879171523	0.131311880546
-uwe	0.623468426013	0.294533459001	0.0254476908577	0.0565504241282
-ema	0.0	1.0	0.0	0.0
-ɗa̱	0.52364776126	0.198704310637	0.16336027257	0.114287655532
-mmu	0.258606885508	0.5548438751	0.080064051241	0.10648518815
-emi	0.510266698136	0.454330894501	0.0141609629455	0.0212414444182
-uwi	0.311786576218	0.608962233383	0.0489204879004	0.0303307024982
-emu	0.144100677194	0.69053788996	0.0921299411571	0.073231491689
-uwu	0.177081279027	0.349768593869	0.0917630631105	0.381387063994
-mmi	0.152727272727	0.847272727273	0.0	0.0
-mma	0.627050519861	0.0589934024313	0.00553079285816	0.30842528485
-cin	0.097073626218	0.789951451538	0.0852612348842	0.0277136873602
-cim	0.139216030937	0.234311829847	0.58006679557	0.0464053436456
-zan	0.134897360704	0.824046920821	0.0234604105572	0.0175953079179
-egu	0.172839506173	0.604938271605	0.197530864198	0.0246913580247
-zai	0.493288590604	0.332214765101	0.0302013422819	0.144295302013
-pa̱	0.213195595697	0.133153286374	0.147675473806	0.505975644123
-uꞌu	0.272593847037	0.570121699592	0.0834417005665	0.0738427528045
-000	0.17429765402	0.312309156357	0.0466299805536	0.46676320907
-ɗei	0.522012578616	0.276729559748	0.14465408805	0.0566037735849
-ete	0.0824607329843	0.0929319371728	0.742146596859	0.0824607329843
-eti	0.0	1.0	0.0	0.0
-eto	0.554501084599	0.400162689805	0.0355748373102	0.00976138828633
-uyi	0.686326594022	0.220516121282	0.0316572852398	0.0614999994562
-atu	0.0405053251756	0.893553138455	0.050305914344	0.0156356220258
-uya	0.116349853558	0.322903249625	0.526683676399	0.0340632204182
-300	0.0824742268041	0.721649484536	0.0996563573883	0.0962199312715
-wei	0.586879432624	0.205673758865	0.101063829787	0.106382978723
-wen	0.830188679245	0.0	0.132075471698	0.0377358490566
-ata	0.126576626856	0.784300743941	0.0433100344391	0.0458125947646
-ato	0.550452314251	0.219683781228	0.120945656004	0.108918248516
-wee	0.492270047826	0.283616950284	0.06006006006	0.164052941831
-ati	0.80524980484	0.117149687744	0.023175253708	0.0544252537081
-kai	0.182320441989	0.306629834254	0.0994475138121	0.411602209945
-uli	0.111478778538	0.244957164226	0.292764002841	0.350800054395
-kan	0.100469683588	0.673061427856	0.204352139016	0.0221167495408
-oso	0.508419092849	0.331546029435	0.0709800839116	0.0890547938039
-ula	0.371732278056	0.524934941895	0.0552597859406	0.0480729941079
-osi	0.0	1.0	0.0	0.0
-osu	0.332280914505	0.484773313682	0.109601001829	0.0733447699838
-kas	0.0392156862745	0.921568627451	0.0	0.0392156862745
-aci	0.155676077038	0.563779559281	0.103493909766	0.177050453915
-ulu	0.0694594119456	0.816221142024	0.0757670583081	0.038552387722
-tta	0.00671140939597	0.979865771812	0.013422818792	0.0
-aji	0.109090909091	0.753911205074	0.0862579281184	0.0507399577167
-̱ku	0.0204081632653	0.571428571429	0.0408163265306	0.367346938776
-shu	0.037037037037	0.925925925926	0.0370370370371	0.0
-oꞌi	0.264406779661	0.640677966102	0.0949152542373	0.0
-sho	0.301870748299	0.493480725624	0.128401360544	0.0762471655329
-sha	0.0088512981904	0.960169158143	0.0309795436664	0.0
-she	0.341366672261	0.167008427834	0.0507801014213	0.440844798483
-̱ru	0.445096026976	0.302301715291	0.205688315496	0.0469139422372
-ilu	0.108282118818	0.761486684226	0.102136376939	0.0280948200175
-iyo	0.118562874251	0.858083832335	0.0197604790419	0.00359281437126
-yun	0.101452705445	0.400740051694	0.198089232132	0.299718010729
-gaa	0.671850699845	0.213063763608	0.0839813374806	0.0311041990669
-oja	0.123091397323	0.804219996472	0.0392696838433	0.0334189223623
-ila	0.0286438912572	0.851798466496	0.0973713208466	0.0221863213997
-ilo	0.0715956948994	0.89845577913	0.00748713149275	0.0224613944782
-̱ri	0.0661224571829	0.894485440666	0.033764658987	0.0056274431645
-ili	0.0709604420846	0.438608914203	0.017825728329	0.472604915384
-iga	0.444840017051	0.118106976113	0.0246283985741	0.412424608262
-vaa	0.268500886467	0.121159817266	0.0334136937985	0.576925602469
-eba	0.0131230701367	0.96063078959	0.0	0.0262461402735
-igi	0.184102127464	0.731852124587	0.0409039131986	0.0431418347505
-amu	0.322457965207	0.440417465041	0.173468139753	0.0636564299983
-ebe	0.128648599873	0.697721432695	0.136455023354	0.0371749440787
-ami	0.504618937644	0.24215459856	0.0173889417199	0.235837522076
-amo	0.037037037037	0.888888888889	0.0740740740741	0.0
-ama	0.0891277268018	0.300883958845	0.0403738724632	0.56961444189
-ame	0.0	1.0	0.0	0.0
-uso	0.472219238327	0.409302590091	0.063946618475	0.0545315531067
-iri	0.265083023105	0.616675530343	0.0656502984104	0.0525911481415
-hin	0.62338281892	0.159845351986	0.0265862190502	0.190185610044
-ein	0.374756018217	0.299934938191	0.288223812622	0.0370852309694
-ire	0.019213503322	0.0644639971269	0.847010235231	0.0693122643203
-usa	0.440118123376	0.438458487465	0.0601919288962	0.0612314602633
-ira	0.0653469833083	0.654611242304	0.181001404041	0.0990403703464
-iru	0.208991494532	0.758201701094	0.0109356014581	0.0218712029162
-usu	0.525408753803	0.353153957741	0.069527755762	0.0519095326942
-ulo	0.185836815483	0.368594677809	0.403342863427	0.0422256432813
-uza	0.0339477726575	0.926113671275	0.00138248847926	0.0385560675883
-iɓa	0.585034013606	0.229024943311	0.0907029478457	0.0952380952381
-epu	0.208449496033	0.739888483809	0.0404031739223	0.0112588462363
-uzu	0.174735000537	0.207029323345	0.0479002309942	0.570335445124
-cei	0.474919093851	0.37216828479	0.0436893203883	0.109223300971
-cee	0.647887323944	0.183098591549	0.0845070422535	0.0845070422535
-win	0.471268800617	0.175472425762	0.312379483224	0.0408792903972
-pin	0.121387283237	0.774566473988	0.104046242775	0.0
-owi	0.306720334233	0.366383043766	0.307739338666	0.0191572833342
-owo	0.688391862454	0.210357135254	0.0487628346591	0.0524881676329
-uhu	0.00786995090498	0.94479445416	0.0439431930719	0.00339240186266
-agu	0.0277777777778	0.916666666667	0.0555555555556	0.0
-tsu	0.080698917734	0.10726830191	0.0268216096597	0.785211170697
-uka	0.0128205128205	0.935897435897	0.0	0.0512820512821
-agi	0.0733186328556	0.361080485116	0.231532524807	0.334068357222
-tsi	0.226480463654	0.30965161787	0.100515408798	0.363352509677
-tso	0.284718429165	0.20098316037	0.11641470482	0.397883705644
-aga	0.62916412942	0.0810213940648	0.117606462875	0.17220801364
-tsa	0.124944104041	0.409297453321	0.0399348384836	0.425823604154
-owu	0.270046000583	0.395271775526	0.222891460447	0.111790763444
-tse	0.247681833954	0.147884037856	0.0585673434715	0.545866784719
-ege	0.140874983169	0.304126424541	0.240455118554	0.314543473737
-va̱	0.0373954638997	0.134971508258	0.0334941885676	0.794138839275
-rta	0.0397035468502	0.94335627316	0.00317628374801	0.0137638962414
-anu	0.251645165877	0.687990915761	0.0373624446132	0.0230014737488
-ega	0.00636942675159	0.980891719745	0.0	0.0127388535032
-ona	0.0968503937008	0.843307086614	0.0503937007874	0.00944881889765
-ono	0.170628298975	0.619045352594	0.133904208738	0.0764221396932
-oni	0.28764611422	0.54522730649	0.0848958733163	0.0822307059733
-450	0.127659574468	0.255319148936	0.063829787234	0.553191489362
-ana	0.123636764276	0.347035380612	0.0217601569155	0.507567698196
-dan	0.0	1.0	0.0	0.0
-onu	0.153798350702	0.20481650351	0.390877737784	0.250507408004
-ane	0.062189865705	0.045596908044	0.0125054241884	0.879707802063
-ani	0.053012908638	0.543043076748	0.357086689855	0.0468573247595
-tan	0.152601039359	0.776404904923	0.0329643973325	0.0380296583861
-̱vu	0.0591604421357	0.0668510252111	0.000356335051814	0.873632197601
-yim	0.0	0.925925925926	0.0	0.0740740740741
-yin	0.280044895757	0.551006447488	0.0559757640415	0.112972892714
-mna	0.122933814519	0.821948607104	0.0129688419712	0.0421487364063
-zoi	0.204724409449	0.433070866142	0.346456692913	0.0157480314961
-enu	0.319783197832	0.585365853659	0.0650406504065	0.029810298103
-fa̱	0.621722846442	0.164794007491	0.0561797752809	0.157303370787
-eni	0.127082283395	0.637413678031	0.204993393901	0.0305106446736
-ene	0.911123167855	0.0374166751614	0.00848365676419	0.0429765002194
-̱yi	0.250865227203	0.0708905157481	0.0256481792778	0.652596077771
-ena	0.0136674259681	0.986332574032	0.0	0.0
